        TIME,    TIDE,      OB,   SURGE,    BIAS,     TWL,SURGE90p,  TWL90p,SURGE10p,   TWL10p
202608031800,   3.892,9999.000,   0.000,9999.000,   3.892,  -0.100,   3.792,   0.100,   3.992
202608031806,   3.826,9999.000,9999.000,9999.000,9999.000,9999.000,9999.000,9999.000,9999.000
202608031812,   3.757,9999.000,9999.000,9999.000,9999.000,9999.000,9999.000,9999.000,9999.000
202608031818,   3.684,9999.000,9999.000,9999.000,9999.000,9999.000,9999.000,9999.000,9999.000
202608031824,   3.608,9999.000,9999.000,9999.000,9999.000,9999.000,9999.000,9999.000,9999.000
202608031830,   3.529,9999.000,9999.000,9999.000,9999.000,9999.000,9999.000,9999.000,9999.000
202608031836,   3.446,9999.000,9999.000,9999.000,9999.000,9999.000,9999.000,9999.000,9999.000
202608031842,   3.361,9999.000,9999.000,9999.000,9999.000,9999.000,9999.000,9999.000,9999.000
202608031848,   3.273,9999.000,9999.000,9999.000,9999.000,9999.000,9999.000,9999.000,9999.000
202608031854,   3.184,9999.000,9999.000,9999.000,9999.000,9999.000,9999.000,9999.000,9999.000
202608031900,   3.092,   3.499,   0.000,   0.407,   3.499,  -0.100,   3.399,   0.100,   3.599
202608031906,   2.998,   3.440,9999.000,9999.000,9999.000,9999.000,9999.000,9999.000,9999.000
202608031912,   2.903,   3.398,9999.000,9999.000,9999.000,9999.000,9999.000,9999.000,9999.000
202608031918,   2.806,   3.309,9999.000,9999.000,9999.000,9999.000,9999.000,9999.000,9999.000
202608031924,   2.709,   3.158,9999.000,9999.000,9999.000,9999.000,9999.000,9999.000,9999.000
202608031930,   2.611,   3.060,9999.000,9999.000,9999.000,9999.000,9999.000,9999.000,9999.000
202608031936,   2.513,   2.938,9999.000,9999.000,9999.000,9999.000,9999.000,9999.000,9999.000
202608031942,   2.415,   2.830,9999.000,9999.000,9999.000,9999.000,9999.000,9999.000,9999.000
202608031948,   2.317,   2.699,9999.000,9999.000,9999.000,9999.000,9999.000,9999.000,9999.000
202608031954,   2.219,   2.568,9999.000,9999.000,9999.000,9999.000,9999.000,9999.000,9999.000
202608032000,   2.122,   2.420,   0.000,   0.298,   2.420,  -0.100,   2.320,   0.100,   2.520
202608032006,   2.026,   2.338,9999.000,9999.000,9999.000,9999.000,9999.000,9999.000,9999.000
202608032012,   1.932,   2.200,9999.000,9999.000,9999.000,9999.000,9999.000,9999.000,9999.000
202608032018,   1.838,   2.099,9999.000,9999.000,9999.000,9999.000,9999.000,9999.000,9999.000
202608032024,   1.746,   1.958,9999.000,9999.000,9999.000,9999.000,9999.000,9999.000,9999.000
202608032030,   1.656,   1.899,9999.000,9999.000,9999.000,9999.000,9999.000,9999.000,9999.000
202608032036,   1.568,   1.790,9999.000,9999.000,9999.000,9999.000,9999.000,9999.000,9999.000
202608032042,   1.483,   1.689,9999.000,9999.000,9999.000,9999.000,9999.000,9999.000,9999.000
202608032048,   1.400,   1.630,9999.000,9999.000,9999.000,9999.000,9999.000,9999.000,9999.000
202608032054,   1.319,   1.518,9999.000,9999.000,9999.000,9999.000,9999.000,9999.000,9999.000
202608032100,   1.242,   1.459,   0.000,   0.217,   1.459,  -0.100,   1.359,   0.100,   1.559
202608032106,   1.168,   1.400,9999.000,9999.000,9999.000,9999.000,9999.000,9999.000,9999.000
202608032112,   1.097,   1.348,9999.000,9999.000,9999.000,9999.000,9999.000,9999.000,9999.000
202608032118,   1.030,   1.400,9999.000,9999.000,9999.000,9999.000,9999.000,9999.000,9999.000
202608032124,   0.966,   1.371,9999.000,9999.000,9999.000,9999.000,9999.000,9999.000,9999.000
202608032130,   0.907,   1.400,9999.000,9999.000,9999.000,9999.000,9999.000,9999.000,9999.000
202608032136,   0.851,   1.098,9999.000,9999.000,9999.000,9999.000,9999.000,9999.000,9999.000
202608032142,   0.800,   0.970,9999.000,9999.000,9999.000,9999.000,9999.000,9999.000,9999.000
202608032148,   0.754,   1.118,9999.000,9999.000,9999.000,9999.000,9999.000,9999.000,9999.000
202608032154,   0.713,   1.098,9999.000,9999.000,9999.000,9999.000,9999.000,9999.000,9999.000
202608032200,   0.676,   0.961,   0.000,   0.285,   0.961,  -0.100,   0.861,   0.100,   1.061
202608032206,   0.645,   0.780,9999.000,9999.000,9999.000,9999.000,9999.000,9999.000,9999.000
202608032212,   0.618,   0.590,9999.000,9999.000,9999.000,9999.000,9999.000,9999.000,9999.000
202608032218,   0.598,   0.731,9999.000,9999.000,9999.000,9999.000,9999.000,9999.000,9999.000
202608032224,   0.582,   0.698,9999.000,9999.000,9999.000,9999.000,9999.000,9999.000,9999.000
202608032230,   0.572,   0.669,9999.000,9999.000,9999.000,9999.000,9999.000,9999.000,9999.000
202608032236,   0.568,   0.760,9999.000,9999.000,9999.000,9999.000,9999.000,9999.000,9999.000
202608032242,   0.569,   0.698,9999.000,9999.000,9999.000,9999.000,9999.000,9999.000,9999.000
202608032248,   0.575,   0.718,9999.000,9999.000,9999.000,9999.000,9999.000,9999.000,9999.000
202608032254,   0.587,   0.698,9999.000,9999.000,9999.000,9999.000,9999.000,9999.000,9999.000
202608032300,   0.605,   0.780,   0.000,   0.175,   0.780,  -0.100,   0.680,   0.100,   0.880
202608032306,   0.627,   0.829,9999.000,9999.000,9999.000,9999.000,9999.000,9999.000,9999.000
202608032312,   0.655,   0.879,9999.000,9999.000,9999.000,9999.000,9999.000,9999.000,9999.000
202608032318,   0.688,   0.908,9999.000,9999.000,9999.000,9999.000,9999.000,9999.000,9999.000
202608032324,   0.725,   0.888,9999.000,9999.000,9999.000,9999.000,9999.000,9999.000,9999.000
202608032330,   0.767,   0.898,9999.000,9999.000,9999.000,9999.000,9999.000,9999.000,9999.000
202608032336,   0.813,   0.928,9999.000,9999.000,9999.000,9999.000,9999.000,9999.000,9999.000
202608032342,   0.864,   0.970,9999.000,9999.000,9999.000,9999.000,9999.000,9999.000,9999.000
202608032348,   0.918,   1.059,9999.000,9999.000,9999.000,9999.000,9999.000,9999.000,9999.000
202608032354,   0.976,   1.108,9999.000,9999.000,9999.000,9999.000,9999.000,9999.000,9999.000
202608040000,   1.037,   1.108,   0.000,   0.071,   1.108,   0.000,   1.108,   0.100,   1.208
202608040006,   1.101,   1.151,9999.000,9999.000,9999.000,9999.000,9999.000,9999.000,9999.000
202608040012,   1.169,   1.239,9999.000,9999.000,9999.000,9999.000,9999.000,9999.000,9999.000
202608040018,   1.238,   1.289,9999.000,9999.000,9999.000,9999.000,9999.000,9999.000,9999.000
202608040024,   1.311,   1.328,9999.000,9999.000,9999.000,9999.000,9999.000,9999.000,9999.000
202608040030,   1.385,   1.380,9999.000,9999.000,9999.000,9999.000,9999.000,9999.000,9999.000
202608040036,   1.461,   1.420,9999.000,9999.000,9999.000,9999.000,9999.000,9999.000,9999.000
202608040042,   1.540,   1.508,9999.000,9999.000,9999.000,9999.000,9999.000,9999.000,9999.000
202608040048,   1.620,   1.639,9999.000,9999.000,9999.000,9999.000,9999.000,9999.000,9999.000
202608040054,   1.701,   1.699,9999.000,9999.000,9999.000,9999.000,9999.000,9999.000,9999.000
202608040100,   1.784,   1.781,   0.000,  -0.003,   1.781,   0.000,   1.781,   0.100,   1.881
202608040106,   1.867,   1.899,9999.000,9999.000,9999.000,9999.000,9999.000,9999.000,9999.000
202608040112,   1.952,   1.990,9999.000,9999.000,9999.000,9999.000,9999.000,9999.000,9999.000
202608040118,   2.038,   2.099,9999.000,9999.000,9999.000,9999.000,9999.000,9999.000,9999.000
202608040124,   2.125,   2.210,9999.000,9999.000,9999.000,9999.000,9999.000,9999.000,9999.000
202608040130,   2.212,   2.299,9999.000,9999.000,9999.000,9999.000,9999.000,9999.000,9999.000
202608040136,   2.300,   2.348,9999.000,9999.000,9999.000,9999.000,9999.000,9999.000,9999.000
202608040142,   2.388,   2.469,9999.000,9999.000,9999.000,9999.000,9999.000,9999.000,9999.000
202608040148,   2.476,   2.578,9999.000,9999.000,9999.000,9999.000,9999.000,9999.000,9999.000
202608040154,   2.564,   2.660,9999.000,9999.000,9999.000,9999.000,9999.000,9999.000,9999.000
202608040200,   2.653,   2.778,   0.000,   0.125,   2.778,   0.000,   2.778,   0.100,   2.878
202608040206,   2.741,   2.899,9999.000,9999.000,9999.000,9999.000,9999.000,9999.000,9999.000
202608040212,   2.828,   3.007,9999.000,9999.000,9999.000,9999.000,9999.000,9999.000,9999.000
202608040218,   2.915,   3.138,9999.000,9999.000,9999.000,9999.000,9999.000,9999.000,9999.000
202608040224,   3.001,   3.279,9999.000,9999.000,9999.000,9999.000,9999.000,9999.000,9999.000
202608040230,   3.086,   3.378,9999.000,9999.000,9999.000,9999.000,9999.000,9999.000,9999.000
202608040236,   3.170,   3.460,9999.000,9999.000,9999.000,9999.000,9999.000,9999.000,9999.000
202608040242,   3.252,   3.558,9999.000,9999.000,9999.000,9999.000,9999.000,9999.000,9999.000
202608040248,   3.332,   3.588,9999.000,9999.000,9999.000,9999.000,9999.000,9999.000,9999.000
202608040254,   3.410,   3.680,9999.000,9999.000,9999.000,9999.000,9999.000,9999.000,9999.000
202608040300,   3.486,   3.749,   0.000,   0.263,   3.749,   0.000,   3.749,   0.100,   3.849
202608040306,   3.559,   3.837,9999.000,9999.000,9999.000,9999.000,9999.000,9999.000,9999.000
202608040312,   3.630,   3.919,9999.000,9999.000,9999.000,9999.000,9999.000,9999.000,9999.000
202608040318,   3.697,   4.008,9999.000,9999.000,9999.000,9999.000,9999.000,9999.000,9999.000
202608040324,   3.762,   4.090,9999.000,9999.000,9999.000,9999.000,9999.000,9999.000,9999.000
202608040330,   3.823,   4.198,9999.000,9999.000,9999.000,9999.000,9999.000,9999.000,9999.000
202608040336,   3.880,   4.227,9999.000,9999.000,9999.000,9999.000,9999.000,9999.000,9999.000
202608040342,   3.934,   4.300,9999.000,9999.000,9999.000,9999.000,9999.000,9999.000,9999.000
202608040348,   3.983,   4.339,9999.000,9999.000,9999.000,9999.000,9999.000,9999.000,9999.000
202608040354,   4.029,   4.388,9999.000,9999.000,9999.000,9999.000,9999.000,9999.000,9999.000
202608040400,   4.070,   4.427,   0.100,   0.257,   4.427,   0.000,   4.327,   0.200,   4.527
202608040406,   4.107,   4.480,9999.000,9999.000,9999.000,9999.000,9999.000,9999.000,9999.000
202608040412,   4.139,   4.500,9999.000,9999.000,9999.000,9999.000,9999.000,9999.000,9999.000
202608040418,   4.167,   4.519,9999.000,9999.000,9999.000,9999.000,9999.000,9999.000,9999.000
202608040424,   4.191,   4.559,9999.000,9999.000,9999.000,9999.000,9999.000,9999.000,9999.000
202608040430,   4.209,   4.578,9999.000,9999.000,9999.000,9999.000,9999.000,9999.000,9999.000
202608040436,   4.223,   4.608,9999.000,9999.000,9999.000,9999.000,9999.000,9999.000,9999.000
202608040442,   4.233,   4.657,9999.000,9999.000,9999.000,9999.000,9999.000,9999.000,9999.000
202608040448,   4.237,   4.710,9999.000,9999.000,9999.000,9999.000,9999.000,9999.000,9999.000
202608040454,   4.237,   4.710,9999.000,9999.000,9999.000,9999.000,9999.000,9999.000,9999.000
202608040500,   4.232,   4.710,   0.100,   0.378,   4.710,   0.000,   4.610,   0.200,   4.810
202608040506,   4.223,   4.710,9999.000,9999.000,9999.000,9999.000,9999.000,9999.000,9999.000
202608040512,   4.208,   4.677,9999.000,9999.000,9999.000,9999.000,9999.000,9999.000,9999.000
202608040518,   4.189,   4.628,9999.000,9999.000,9999.000,9999.000,9999.000,9999.000,9999.000
202608040524,   4.165,   4.618,9999.000,9999.000,9999.000,9999.000,9999.000,9999.000,9999.000
202608040530,   4.137,   4.588,9999.000,9999.000,9999.000,9999.000,9999.000,9999.000,9999.000
202608040536,   4.104,   4.578,9999.000,9999.000,9999.000,9999.000,9999.000,9999.000,9999.000
202608040542,   4.066,   4.549,9999.000,9999.000,9999.000,9999.000,9999.000,9999.000,9999.000
202608040548,   4.024,   4.559,9999.000,9999.000,9999.000,9999.000,9999.000,9999.000,9999.000
202608040554,   3.977,   4.500,9999.000,9999.000,9999.000,9999.000,9999.000,9999.000,9999.000
202608040600,   3.926,   4.467,   0.100,   0.441,   4.467,   0.000,   4.367,   0.200,   4.567
202608040606,   3.870,   4.437,9999.000,9999.000,9999.000,9999.000,9999.000,9999.000,9999.000
202608040612,   3.811,   4.398,9999.000,9999.000,9999.000,9999.000,9999.000,9999.000,9999.000
202608040618,   3.747,   4.339,9999.000,9999.000,9999.000,9999.000,9999.000,9999.000,9999.000
202608040624,   3.679,   4.267,9999.000,9999.000,9999.000,9999.000,9999.000,9999.000,9999.000
202608040630,   3.608,   4.188,9999.000,9999.000,9999.000,9999.000,9999.000,9999.000,9999.000
202608040636,   3.533,   4.070,9999.000,9999.000,9999.000,9999.000,9999.000,9999.000,9999.000
202608040642,   3.454,   3.949,9999.000,9999.000,9999.000,9999.000,9999.000,9999.000,9999.000
202608040648,   3.373,   3.890,9999.000,9999.000,9999.000,9999.000,9999.000,9999.000,9999.000
202608040654,   3.288,   3.788,9999.000,9999.000,9999.000,9999.000,9999.000,9999.000,9999.000
202608040700,   3.200,   3.699,   0.200,   0.299,   3.699,   0.000,   3.499,   0.300,   3.799
202608040706,   3.110,   3.607,9999.000,9999.000,9999.000,9999.000,9999.000,9999.000,9999.000
202608040712,   3.017,   3.539,9999.000,9999.000,9999.000,9999.000,9999.000,9999.000,9999.000
202608040718,   2.923,   3.450,9999.000,9999.000,9999.000,9999.000,9999.000,9999.000,9999.000
202608040724,   2.826,   3.319,9999.000,9999.000,9999.000,9999.000,9999.000,9999.000,9999.000
202608040730,   2.728,   3.207,9999.000,9999.000,9999.000,9999.000,9999.000,9999.000,9999.000
202608040736,   2.629,   3.119,9999.000,9999.000,9999.000,9999.000,9999.000,9999.000,9999.000
202608040742,   2.529,   3.060,9999.000,9999.000,9999.000,9999.000,9999.000,9999.000,9999.000
202608040748,   2.428,   2.968,9999.000,9999.000,9999.000,9999.000,9999.000,9999.000,9999.000
202608040754,   2.327,   2.860,9999.000,9999.000,9999.000,9999.000,9999.000,9999.000,9999.000
202608040800,   2.226,   2.758,   0.200,   0.332,   2.758,   0.100,   2.658,   0.300,   2.858
202608040806,   2.124,   2.640,9999.000,9999.000,9999.000,9999.000,9999.000,9999.000,9999.000
202608040812,   2.023,   2.519,9999.000,9999.000,9999.000,9999.000,9999.000,9999.000,9999.000
202608040818,   1.923,   2.440,9999.000,9999.000,9999.000,9999.000,9999.000,9999.000,9999.000
202608040824,   1.824,   2.377,9999.000,9999.000,9999.000,9999.000,9999.000,9999.000,9999.000
202608040830,   1.725,   2.240,9999.000,9999.000,9999.000,9999.000,9999.000,9999.000,9999.000
202608040836,   1.628,   2.138,9999.000,9999.000,9999.000,9999.000,9999.000,9999.000,9999.000
202608040842,   1.533,   2.020,9999.000,9999.000,9999.000,9999.000,9999.000,9999.000,9999.000
202608040848,   1.439,   1.908,9999.000,9999.000,9999.000,9999.000,9999.000,9999.000,9999.000
202608040854,   1.348,   1.859,9999.000,9999.000,9999.000,9999.000,9999.000,9999.000,9999.000
202608040900,   1.258,   1.767,   0.300,   0.209,   1.767,   0.200,   1.667,   0.300,   1.767
202608040906,   1.171,   1.649,9999.000,9999.000,9999.000,9999.000,9999.000,9999.000,9999.000
202608040912,   1.087,   1.580,9999.000,9999.000,9999.000,9999.000,9999.000,9999.000,9999.000
202608040918,   1.006,   1.479,9999.000,9999.000,9999.000,9999.000,9999.000,9999.000,9999.000
202608040924,   0.928,   1.410,9999.000,9999.000,9999.000,9999.000,9999.000,9999.000,9999.000
202608040930,   0.853,   1.348,9999.000,9999.000,9999.000,9999.000,9999.000,9999.000,9999.000
202608040936,   0.781,   1.249,9999.000,9999.000,9999.000,9999.000,9999.000,9999.000,9999.000
202608040942,   0.714,   1.180,9999.000,9999.000,9999.000,9999.000,9999.000,9999.000,9999.000
202608040948,   0.650,   1.108,9999.000,9999.000,9999.000,9999.000,9999.000,9999.000,9999.000
202608040954,   0.591,   1.059,9999.000,9999.000,9999.000,9999.000,9999.000,9999.000,9999.000
202608041000,   0.536,   0.990,   0.300,   0.154,   0.990,   0.200,   0.890,   0.400,   1.090
202608041006,   0.486,   0.941,9999.000,9999.000,9999.000,9999.000,9999.000,9999.000,9999.000
202608041012,   0.441,   0.888,9999.000,9999.000,9999.000,9999.000,9999.000,9999.000,9999.000
202608041018,   0.400,   0.888,9999.000,9999.000,9999.000,9999.000,9999.000,9999.000,9999.000
202608041024,   0.365,   0.829,9999.000,9999.000,9999.000,9999.000,9999.000,9999.000,9999.000
202608041030,   0.336,   0.810,9999.000,9999.000,9999.000,9999.000,9999.000,9999.000,9999.000
202608041036,   0.312,   0.810,9999.000,9999.000,9999.000,9999.000,9999.000,9999.000,9999.000
202608041042,   0.293,   0.810,9999.000,9999.000,9999.000,9999.000,9999.000,9999.000,9999.000
202608041048,   0.281,   0.770,9999.000,9999.000,9999.000,9999.000,9999.000,9999.000,9999.000
202608041054,   0.274,   0.819,9999.000,9999.000,9999.000,9999.000,9999.000,9999.000,9999.000
202608041100,   0.273,   0.819,   0.300,   0.246,   0.819,   0.200,   0.719,   0.500,   1.019
202608041106,   0.278,   0.810,9999.000,9999.000,9999.000,9999.000,9999.000,9999.000,9999.000
202608041112,   0.289,   0.829,9999.000,9999.000,9999.000,9999.000,9999.000,9999.000,9999.000
202608041118,   0.306,   0.849,9999.000,9999.000,9999.000,9999.000,9999.000,9999.000,9999.000
202608041124,   0.329,   0.898,9999.000,9999.000,9999.000,9999.000,9999.000,9999.000,9999.000
202608041130,   0.357,   0.928,9999.000,9999.000,9999.000,9999.000,9999.000,9999.000,9999.000
202608041136,   0.391,   0.941,9999.000,9999.000,9999.000,9999.000,9999.000,9999.000,9999.000
202608041142,   0.430,   0.970,9999.000,9999.000,9999.000,9999.000,9999.000,9999.000,9999.000
202608041148,   0.474,   1.059,9999.000,9999.000,9999.000,9999.000,9999.000,9999.000,9999.000
202608041154,   0.524,   1.118,9999.000,9999.000,9999.000,9999.000,9999.000,9999.000,9999.000
202608041200,   0.578,   1.180,   0.300,   0.302,   1.180,   0.200,   1.080,   0.400,   1.280
202608041206,   0.636,   1.180,9999.000,9999.000,9999.000,9999.000,9999.000,9999.000,9999.000
202608041212,   0.699,   1.259,9999.000,9999.000,9999.000,9999.000,9999.000,9999.000,9999.000
202608041218,   0.765,   1.269,9999.000,9999.000,9999.000,9999.000,9999.000,9999.000,9999.000
202608041224,   0.836,   1.361,9999.000,9999.000,9999.000,9999.000,9999.000,9999.000,9999.000
202608041230,   0.909,   1.390,9999.000,9999.000,9999.000,9999.000,9999.000,9999.000,9999.000
202608041236,   0.986,   1.469,9999.000,9999.000,9999.000,9999.000,9999.000,9999.000,9999.000
202608041242,   1.066,   1.538,9999.000,9999.000,9999.000,9999.000,9999.000,9999.000,9999.000
202608041248,   1.148,   1.639,9999.000,9999.000,9999.000,9999.000,9999.000,9999.000,9999.000
202608041254,   1.233,   1.767,9999.000,9999.000,9999.000,9999.000,9999.000,9999.000,9999.000
202608041300,   1.320,   1.889,   0.300,   0.269,   1.889,   0.300,   1.889,   0.400,   1.989
202608041306,   1.409,   1.967,9999.000,9999.000,9999.000,9999.000,9999.000,9999.000,9999.000
202608041312,   1.499,   2.069,9999.000,9999.000,9999.000,9999.000,9999.000,9999.000,9999.000
202608041318,   1.591,   2.128,9999.000,9999.000,9999.000,9999.000,9999.000,9999.000,9999.000
202608041324,   1.685,   2.269,9999.000,9999.000,9999.000,9999.000,9999.000,9999.000,9999.000
202608041330,   1.780,   2.387,9999.000,9999.000,9999.000,9999.000,9999.000,9999.000,9999.000
202608041336,   1.875,   2.469,9999.000,9999.000,9999.000,9999.000,9999.000,9999.000,9999.000
202608041342,   1.972,   2.568,9999.000,9999.000,9999.000,9999.000,9999.000,9999.000,9999.000
202608041348,   2.069,   2.630,9999.000,9999.000,9999.000,9999.000,9999.000,9999.000,9999.000
202608041354,   2.167,   2.728,9999.000,9999.000,9999.000,9999.000,9999.000,9999.000,9999.000
202608041400,   2.266,   2.787,   0.400,   0.121,   2.787,   0.300,   2.687,   0.500,   2.887
202608041406,   2.364,   2.889,9999.000,9999.000,9999.000,9999.000,9999.000,9999.000,9999.000
202608041412,   2.463,   3.007,9999.000,9999.000,9999.000,9999.000,9999.000,9999.000,9999.000
202608041418,   2.562,   3.109,9999.000,9999.000,9999.000,9999.000,9999.000,9999.000,9999.000
202608041424,   2.661,   3.329,9999.000,9999.000,9999.000,9999.000,9999.000,9999.000,9999.000
202608041430,   2.759,   3.440,9999.000,9999.000,9999.000,9999.000,9999.000,9999.000,9999.000
202608041436,   2.856,   3.558,9999.000,9999.000,9999.000,9999.000,9999.000,9999.000,9999.000
202608041442,   2.953,   3.670,9999.000,9999.000,9999.000,9999.000,9999.000,9999.000,9999.000
202608041448,   3.049,   3.758,9999.000,9999.000,9999.000,9999.000,9999.000,9999.000,9999.000
202608041454,   3.144,   3.837,9999.000,9999.000,9999.000,9999.000,9999.000,9999.000,9999.000
202608041500,   3.237,   3.939,   0.400,   0.302,   3.939,   0.300,   3.839,   0.500,   4.039
202608041506,   3.328,   4.027,9999.000,9999.000,9999.000,9999.000,9999.000,9999.000,9999.000
202608041512,   3.418,   4.109,9999.000,9999.000,9999.000,9999.000,9999.000,9999.000,9999.000
202608041518,   3.505,   4.188,9999.000,9999.000,9999.000,9999.000,9999.000,9999.000,9999.000
202608041524,   3.590,   4.267,9999.000,9999.000,9999.000,9999.000,9999.000,9999.000,9999.000
202608041530,   3.672,   4.349,9999.000,9999.000,9999.000,9999.000,9999.000,9999.000,9999.000
202608041536,   3.751,   4.418,9999.000,9999.000,9999.000,9999.000,9999.000,9999.000,9999.000
202608041542,   3.827,   4.490,9999.000,9999.000,9999.000,9999.000,9999.000,9999.000,9999.000
202608041548,   3.900,   4.559,9999.000,9999.000,9999.000,9999.000,9999.000,9999.000,9999.000
202608041554,   3.969,   4.608,9999.000,9999.000,9999.000,9999.000,9999.000,9999.000,9999.000
202608041600,   4.034,   4.690,   0.400,   0.256,   4.690,   0.300,   4.590,   0.500,   4.790
202608041606,   4.096,   4.700,9999.000,9999.000,9999.000,9999.000,9999.000,9999.000,9999.000
202608041612,   4.153,   4.719,9999.000,9999.000,9999.000,9999.000,9999.000,9999.000,9999.000
202608041618,   4.206,   4.769,9999.000,9999.000,9999.000,9999.000,9999.000,9999.000,9999.000
202608041624,   4.254,   4.828,9999.000,9999.000,9999.000,9999.000,9999.000,9999.000,9999.000
202608041630,   4.298,   4.887,9999.000,9999.000,9999.000,9999.000,9999.000,9999.000,9999.000
202608041636,   4.337,   4.969,9999.000,9999.000,9999.000,9999.000,9999.000,9999.000,9999.000
202608041642,   4.372,   4.988,9999.000,9999.000,9999.000,9999.000,9999.000,9999.000,9999.000
202608041648,   4.402,   4.979,9999.000,9999.000,9999.000,9999.000,9999.000,9999.000,9999.000
202608041654,   4.427,   5.008,9999.000,9999.000,9999.000,9999.000,9999.000,9999.000,9999.000
202608041700,   4.447,   5.057,   0.400,   0.210,   5.057,   0.300,   4.957,   0.500,   5.157
202608041706,   4.463,   5.057,9999.000,9999.000,9999.000,9999.000,9999.000,9999.000,9999.000
202608041712,   4.473,   5.047,9999.000,9999.000,9999.000,9999.000,9999.000,9999.000,9999.000
202608041718,   4.479,   5.087,9999.000,9999.000,9999.000,9999.000,9999.000,9999.000,9999.000
202608041724,   4.480,   5.097,9999.000,9999.000,9999.000,9999.000,9999.000,9999.000,9999.000
202608041730,   4.476,   5.038,9999.000,9999.000,9999.000,9999.000,9999.000,9999.000,9999.000
202608041736,   4.467,   5.038,9999.000,9999.000,9999.000,9999.000,9999.000,9999.000,9999.000
202608041742,   4.454,   5.028,9999.000,9999.000,9999.000,9999.000,9999.000,9999.000,9999.000
202608041748,   4.436,   4.969,9999.000,9999.000,9999.000,9999.000,9999.000,9999.000,9999.000
202608041754,   4.413,   5.038,9999.000,9999.000,9999.000,9999.000,9999.000,9999.000,9999.000
202608041800,   4.385,   4.998,   0.400,   0.213,   4.998,   0.300,   4.898,   0.500,   5.098
202608041806,   4.353,   4.969,9999.000,9999.000,9999.000,9999.000,9999.000,9999.000,9999.000
202608041812,   4.316,   4.887,9999.000,9999.000,9999.000,9999.000,9999.000,9999.000,9999.000
202608041818,   4.275,   4.847,9999.000,9999.000,9999.000,9999.000,9999.000,9999.000,9999.000
202608041824,   4.230,   4.778,9999.000,9999.000,9999.000,9999.000,9999.000,9999.000,9999.000
202608041830,   4.180,   4.710,9999.000,9999.000,9999.000,9999.000,9999.000,9999.000,9999.000
202608041836,   4.127,   4.618,9999.000,9999.000,9999.000,9999.000,9999.000,9999.000,9999.000
202608041842,   4.069,   4.569,9999.000,9999.000,9999.000,9999.000,9999.000,9999.000,9999.000
202608041848,   4.007,   4.539,9999.000,9999.000,9999.000,9999.000,9999.000,9999.000,9999.000
202608041854,   3.942,   4.509,9999.000,9999.000,9999.000,9999.000,9999.000,9999.000,9999.000
202608041900,   3.873,   4.427,   0.400,   0.154,   4.427,   0.400,   4.427,   0.500,   4.527
202608041906,   3.801,   4.388,9999.000,9999.000,9999.000,9999.000,9999.000,9999.000,9999.000
202608041912,   3.725,   4.290,9999.000,9999.000,9999.000,9999.000,9999.000,9999.000,9999.000
202608041918,   3.647,   4.218,9999.000,9999.000,9999.000,9999.000,9999.000,9999.000,9999.000
202608041924,   3.566,   4.139,9999.000,9999.000,9999.000,9999.000,9999.000,9999.000,9999.000
202608041930,   3.482,   4.070,9999.000,9999.000,9999.000,9999.000,9999.000,9999.000,9999.000
202608041936,   3.396,   3.998,9999.000,9999.000,9999.000,9999.000,9999.000,9999.000,9999.000
202608041942,   3.308,   3.929,9999.000,9999.000,9999.000,9999.000,9999.000,9999.000,9999.000
202608041948,   3.218,   3.798,9999.000,9999.000,9999.000,9999.000,9999.000,9999.000,9999.000
202608041954,   3.126,   3.670,9999.000,9999.000,9999.000,9999.000,9999.000,9999.000,9999.000
202608042000,   3.033,   3.509,   0.400,   0.076,   3.509,   0.400,   3.509,   0.500,   3.609
202608042006,   2.939,   3.417,9999.000,9999.000,9999.000,9999.000,9999.000,9999.000,9999.000
202608042012,   2.845,   3.339,9999.000,9999.000,9999.000,9999.000,9999.000,9999.000,9999.000
202608042018,   2.749,   3.250,9999.000,9999.000,9999.000,9999.000,9999.000,9999.000,9999.000
202608042024,   2.653,   3.178,9999.000,9999.000,9999.000,9999.000,9999.000,9999.000,9999.000
202608042030,   2.558,   3.040,9999.000,9999.000,9999.000,9999.000,9999.000,9999.000,9999.000
202608042036,   2.462,   2.948,9999.000,9999.000,9999.000,9999.000,9999.000,9999.000,9999.000
202608042042,   2.366,   2.797,9999.000,9999.000,9999.000,9999.000,9999.000,9999.000,9999.000
202608042048,   2.271,   2.699,9999.000,9999.000,9999.000,9999.000,9999.000,9999.000,9999.000
202608042054,   2.177,   2.587,9999.000,9999.000,9999.000,9999.000,9999.000,9999.000,9999.000
202608042100,   2.084,   2.499,   0.400,   0.015,   2.499,   0.400,   2.499,   0.500,   2.599
202608042106,   1.992,   2.377,9999.000,9999.000,9999.000,9999.000,9999.000,9999.000,9999.000
202608042112,   1.901,   2.299,9999.000,9999.000,9999.000,9999.000,9999.000,9999.000,9999.000
202608042118,   1.812,   2.220,9999.000,9999.000,9999.000,9999.000,9999.000,9999.000,9999.000
202608042124,   1.725,   2.158,9999.000,9999.000,9999.000,9999.000,9999.000,9999.000,9999.000
202608042130,   1.639,   2.059,9999.000,9999.000,9999.000,9999.000,9999.000,9999.000,9999.000
202608042136,   1.556,   1.990,9999.000,9999.000,9999.000,9999.000,9999.000,9999.000,9999.000
202608042142,   1.475,   1.908,9999.000,9999.000,9999.000,9999.000,9999.000,9999.000,9999.000
202608042148,   1.397,   1.840,9999.000,9999.000,9999.000,9999.000,9999.000,9999.000,9999.000
202608042154,   1.321,   1.738,9999.000,9999.000,9999.000,9999.000,9999.000,9999.000,9999.000
202608042200,   1.249,   1.649,   0.500,  -0.100,   1.649,   0.400,   1.549,   0.500,   1.649
202608042206,   1.179,   1.590,9999.000,9999.000,9999.000,9999.000,9999.000,9999.000,9999.000
202608042212,   1.113,   1.518,9999.000,9999.000,9999.000,9999.000,9999.000,9999.000,9999.000
202608042218,   1.051,   1.518,9999.000,9999.000,9999.000,9999.000,9999.000,9999.000,9999.000
202608042224,   0.992,   1.439,9999.000,9999.000,9999.000,9999.000,9999.000,9999.000,9999.000
202608042230,   0.937,   1.371,9999.000,9999.000,9999.000,9999.000,9999.000,9999.000,9999.000
202608042236,   0.887,   1.328,9999.000,9999.000,9999.000,9999.000,9999.000,9999.000,9999.000
202608042242,   0.841,   1.289,9999.000,9999.000,9999.000,9999.000,9999.000,9999.000,9999.000
202608042248,   0.800,   1.229,9999.000,9999.000,9999.000,9999.000,9999.000,9999.000,9999.000
202608042254,   0.764,   1.180,9999.000,9999.000,9999.000,9999.000,9999.000,9999.000,9999.000
202608042300,   0.732,   1.180,   0.500,  -0.052,   1.180,   0.400,   1.080,   0.500,   1.180
202608042306,   0.706,   1.138,9999.000,9999.000,9999.000,9999.000,9999.000,9999.000,9999.000
202608042312,   0.685,   1.151,9999.000,9999.000,9999.000,9999.000,9999.000,9999.000,9999.000
202608042318,   0.670,   1.138,9999.000,9999.000,9999.000,9999.000,9999.000,9999.000,9999.000
202608042324,   0.659,   1.088,9999.000,9999.000,9999.000,9999.000,9999.000,9999.000,9999.000
202608042330,   0.654,   1.010,9999.000,9999.000,9999.000,9999.000,9999.000,9999.000,9999.000
202608042336,   0.655,   1.020,9999.000,9999.000,9999.000,9999.000,9999.000,9999.000,9999.000
202608042342,   0.661,   1.039,9999.000,9999.000,9999.000,9999.000,9999.000,9999.000,9999.000
202608042348,   0.672,   1.118,9999.000,9999.000,9999.000,9999.000,9999.000,9999.000,9999.000
202608042354,   0.689,   1.138,9999.000,9999.000,9999.000,9999.000,9999.000,9999.000,9999.000
202608050000,   0.710,   1.170,   0.400,   0.060,   1.170,   0.400,   1.170,   0.500,   1.270
202608050006,   0.737,   1.210,9999.000,9999.000,9999.000,9999.000,9999.000,9999.000,9999.000
202608050012,   0.768,   1.259,9999.000,9999.000,9999.000,9999.000,9999.000,9999.000,9999.000
202608050018,   0.804,   1.259,9999.000,9999.000,9999.000,9999.000,9999.000,9999.000,9999.000
202608050024,   0.844,   1.269,9999.000,9999.000,9999.000,9999.000,9999.000,9999.000,9999.000
202608050030,   0.888,   1.318,9999.000,9999.000,9999.000,9999.000,9999.000,9999.000,9999.000
202608050036,   0.937,   1.338,9999.000,9999.000,9999.000,9999.000,9999.000,9999.000,9999.000
202608050042,   0.988,   1.390,9999.000,9999.000,9999.000,9999.000,9999.000,9999.000,9999.000
202608050048,   1.044,   1.439,9999.000,9999.000,9999.000,9999.000,9999.000,9999.000,9999.000
202608050054,   1.102,   1.479,9999.000,9999.000,9999.000,9999.000,9999.000,9999.000,9999.000
202608050100,   1.163,   1.580,   0.400,   0.017,   1.580,   0.400,   1.580,   0.500,   1.680
202608050106,   1.227,   1.649,9999.000,9999.000,9999.000,9999.000,9999.000,9999.000,9999.000
202608050112,   1.293,   1.699,9999.000,9999.000,9999.000,9999.000,9999.000,9999.000,9999.000
202608050118,   1.362,   1.767,9999.000,9999.000,9999.000,9999.000,9999.000,9999.000,9999.000
202608050124,   1.432,   1.810,9999.000,9999.000,9999.000,9999.000,9999.000,9999.000,9999.000
202608050130,   1.504,   1.869,9999.000,9999.000,9999.000,9999.000,9999.000,9999.000,9999.000
202608050136,   1.578,   1.899,9999.000,9999.000,9999.000,9999.000,9999.000,9999.000,9999.000
202608050142,   1.653,   2.000,9999.000,9999.000,9999.000,9999.000,9999.000,9999.000,9999.000
202608050148,   1.729,   2.069,9999.000,9999.000,9999.000,9999.000,9999.000,9999.000,9999.000
202608050154,   1.807,   2.148,9999.000,9999.000,9999.000,9999.000,9999.000,9999.000,9999.000
202608050200,   1.885,   2.269,   0.400,  -0.016,   2.269,   0.400,   2.269,   0.400,   2.269
202608050206,   1.964,   2.348,9999.000,9999.000,9999.000,9999.000,9999.000,9999.000,9999.000
202608050212,   2.044,   2.430,9999.000,9999.000,9999.000,9999.000,9999.000,9999.000,9999.000
202608050218,   2.125,   2.528,9999.000,9999.000,9999.000,9999.000,9999.000,9999.000,9999.000
202608050224,   2.206,   2.610,9999.000,9999.000,9999.000,9999.000,9999.000,9999.000,9999.000
202608050230,   2.288,   2.738,9999.000,9999.000,9999.000,9999.000,9999.000,9999.000,9999.000
202608050236,   2.369,   2.850,9999.000,9999.000,9999.000,9999.000,9999.000,9999.000,9999.000
202608050242,   2.451,   2.948,9999.000,9999.000,9999.000,9999.000,9999.000,9999.000,9999.000
202608050248,   2.533,   3.040,9999.000,9999.000,9999.000,9999.000,9999.000,9999.000,9999.000
202608050254,   2.614,   3.089,9999.000,9999.000,9999.000,9999.000,9999.000,9999.000,9999.000
202608050300,   2.696,   3.178,   0.400,   0.082,   3.178,   0.400,   3.178,   0.400,   3.178
202608050306,   2.776,   3.270,9999.000,9999.000,9999.000,9999.000,9999.000,9999.000,9999.000
202608050312,   2.856,   3.358,9999.000,9999.000,9999.000,9999.000,9999.000,9999.000,9999.000
202608050318,   2.935,   3.440,9999.000,9999.000,9999.000,9999.000,9999.000,9999.000,9999.000
202608050324,   3.013,   3.548,9999.000,9999.000,9999.000,9999.000,9999.000,9999.000,9999.000
202608050330,   3.089,   3.650,9999.000,9999.000,9999.000,9999.000,9999.000,9999.000,9999.000
202608050336,   3.163,   3.709,9999.000,9999.000,9999.000,9999.000,9999.000,9999.000,9999.000
202608050342,   3.236,   3.798,9999.000,9999.000,9999.000,9999.000,9999.000,9999.000,9999.000
202608050348,   3.307,   3.880,9999.000,9999.000,9999.000,9999.000,9999.000,9999.000,9999.000
202608050354,   3.375,   3.939,9999.000,9999.000,9999.000,9999.000,9999.000,9999.000,9999.000
202608050400,   3.441,   3.988,   0.400,   0.147,   3.988,   0.400,   3.988,   0.400,   3.988
202608050406,   3.504,   4.070,9999.000,9999.000,9999.000,9999.000,9999.000,9999.000,9999.000
202608050412,   3.564,   4.109,9999.000,9999.000,9999.000,9999.000,9999.000,9999.000,9999.000
202608050418,   3.621,   4.178,9999.000,9999.000,9999.000,9999.000,9999.000,9999.000,9999.000
202608050424,   3.674,   4.532,9999.000,9999.000,9999.000,9999.000,9999.000,9999.000,9999.000
202608050430,   3.724,9999.000,9999.000,9999.000,9999.000,9999.000,9999.000,9999.000,9999.000
202608050436,   3.770,9999.000,9999.000,9999.000,9999.000,9999.000,9999.000,9999.000,9999.000
202608050442,   3.812,9999.000,9999.000,9999.000,9999.000,9999.000,9999.000,9999.000,9999.000
202608050448,   3.850,9999.000,9999.000,9999.000,9999.000,9999.000,9999.000,9999.000,9999.000
202608050454,   3.884,   4.490,9999.000,9999.000,9999.000,9999.000,9999.000,9999.000,9999.000
202608050500,   3.914,   4.529,   0.400,   0.215,   4.529,   0.300,   4.429,   0.400,   4.529
202608050506,   3.939,   4.539,9999.000,9999.000,9999.000,9999.000,9999.000,9999.000,9999.000
202608050512,   3.960,   4.529,9999.000,9999.000,9999.000,9999.000,9999.000,9999.000,9999.000
202608050518,   3.977,   4.549,9999.000,9999.000,9999.000,9999.000,9999.000,9999.000,9999.000
202608050524,   3.989,   4.539,9999.000,9999.000,9999.000,9999.000,9999.000,9999.000,9999.000
202608050530,   3.996,   4.578,9999.000,9999.000,9999.000,9999.000,9999.000,9999.000,9999.000
202608050536,   4.000,   4.588,9999.000,9999.000,9999.000,9999.000,9999.000,9999.000,9999.000
202608050542,   3.998,   4.578,9999.000,9999.000,9999.000,9999.000,9999.000,9999.000,9999.000
202608050548,   3.992,   4.559,9999.000,9999.000,9999.000,9999.000,9999.000,9999.000,9999.000
202608050554,   3.982,   4.549,9999.000,9999.000,9999.000,9999.000,9999.000,9999.000,9999.000
202608050600,   3.967,   4.519,   0.400,   0.152,   4.519,   0.300,   4.419,   0.400,   4.519
202608050606,   3.948,   4.509,9999.000,9999.000,9999.000,9999.000,9999.000,9999.000,9999.000
202608050612,   3.925,9999.000,9999.000,9999.000,9999.000,9999.000,9999.000,9999.000,9999.000
202608050618,   3.897,9999.000,9999.000,9999.000,9999.000,9999.000,9999.000,9999.000,9999.000
202608050624,   3.865,   4.165,9999.000,9999.000,9999.000,9999.000,9999.000,9999.000,9999.000
202608050630,   3.829,9999.000,9999.000,9999.000,9999.000,9999.000,9999.000,9999.000,9999.000
202608050636,   3.789,9999.000,9999.000,9999.000,9999.000,9999.000,9999.000,9999.000,9999.000
202608050642,   3.744,9999.000,9999.000,9999.000,9999.000,9999.000,9999.000,9999.000,9999.000
202608050648,   3.696,9999.000,9999.000,9999.000,9999.000,9999.000,9999.000,9999.000,9999.000
202608050654,   3.644,   4.198,9999.000,9999.000,9999.000,9999.000,9999.000,9999.000,9999.000
202608050700,   3.588,   4.168,   0.300,   0.280,   4.168,   0.300,   4.168,   0.400,   4.268
202608050706,   3.528,   4.080,9999.000,9999.000,9999.000,9999.000,9999.000,9999.000,9999.000
202608050712,   3.465,   4.017,9999.000,9999.000,9999.000,9999.000,9999.000,9999.000,9999.000
202608050718,   3.399,   3.949,9999.000,9999.000,9999.000,9999.000,9999.000,9999.000,9999.000
202608050724,   3.329,   3.919,9999.000,9999.000,9999.000,9999.000,9999.000,9999.000,9999.000
202608050730,   3.257,   3.870,9999.000,9999.000,9999.000,9999.000,9999.000,9999.000,9999.000
202608050736,   3.181,   3.788,9999.000,9999.000,9999.000,9999.000,9999.000,9999.000,9999.000
202608050742,   3.103,   3.729,9999.000,9999.000,9999.000,9999.000,9999.000,9999.000,9999.000
202608050748,   3.022,   3.637,9999.000,9999.000,9999.000,9999.000,9999.000,9999.000,9999.000
202608050754,   2.939,   3.548,9999.000,9999.000,9999.000,9999.000,9999.000,9999.000,9999.000
202608050800,   2.854,   3.470,   0.300,   0.316,   3.470,   0.300,   3.470,   0.400,   3.570
202608050806,   2.767,   3.407,9999.000,9999.000,9999.000,9999.000,9999.000,9999.000,9999.000
202608050812,   2.679,   3.319,9999.000,9999.000,9999.000,9999.000,9999.000,9999.000,9999.000
202608050818,   2.589,   3.207,9999.000,9999.000,9999.000,9999.000,9999.000,9999.000,9999.000
202608050824,   2.497,   3.129,9999.000,9999.000,9999.000,9999.000,9999.000,9999.000,9999.000
202608050830,   2.405,   3.007,9999.000,9999.000,9999.000,9999.000,9999.000,9999.000,9999.000
202608050836,   2.313,   2.899,9999.000,9999.000,9999.000,9999.000,9999.000,9999.000,9999.000
202608050842,   2.220,   2.807,9999.000,9999.000,9999.000,9999.000,9999.000,9999.000,9999.000
202608050848,   2.126,   2.699,9999.000,9999.000,9999.000,9999.000,9999.000,9999.000,9999.000
202608050854,   2.033,   2.597,9999.000,9999.000,9999.000,9999.000,9999.000,9999.000,9999.000
202608050900,   1.940,   2.469,   0.300,   0.229,   2.469,   0.300,   2.469,   0.400,   2.569
202608050906,   1.847,   2.387,9999.000,9999.000,9999.000,9999.000,9999.000,9999.000,9999.000
202608050912,   1.755,   2.269,9999.000,9999.000,9999.000,9999.000,9999.000,9999.000,9999.000
202608050918,   1.664,   2.191,9999.000,9999.000,9999.000,9999.000,9999.000,9999.000,9999.000
202608050924,   1.574,   2.089,9999.000,9999.000,9999.000,9999.000,9999.000,9999.000,9999.000
202608050930,   1.485,   1.981,9999.000,9999.000,9999.000,9999.000,9999.000,9999.000,9999.000
202608050936,   1.398,   1.879,9999.000,9999.000,9999.000,9999.000,9999.000,9999.000,9999.000
202608050942,   1.313,   1.800,9999.000,9999.000,9999.000,9999.000,9999.000,9999.000,9999.000
202608050948,   1.229,   1.718,9999.000,9999.000,9999.000,9999.000,9999.000,9999.000,9999.000
202608050954,   1.148,   1.649,9999.000,9999.000,9999.000,9999.000,9999.000,9999.000,9999.000
202608051000,   1.068,   1.580,   0.300,   0.212,   1.580,   0.300,   1.580,   0.400,   1.680
202608051006,   0.992,   1.498,9999.000,9999.000,9999.000,9999.000,9999.000,9999.000,9999.000
202608051012,   0.918,   1.410,9999.000,9999.000,9999.000,9999.000,9999.000,9999.000,9999.000
202608051018,   0.847,   1.328,9999.000,9999.000,9999.000,9999.000,9999.000,9999.000,9999.000
202608051024,   0.780,   1.279,9999.000,9999.000,9999.000,9999.000,9999.000,9999.000,9999.000
202608051030,   0.715,   1.200,9999.000,9999.000,9999.000,9999.000,9999.000,9999.000,9999.000
202608051036,   0.655,   1.151,9999.000,9999.000,9999.000,9999.000,9999.000,9999.000,9999.000
202608051042,   0.598,   1.079,9999.000,9999.000,9999.000,9999.000,9999.000,9999.000,9999.000
202608051048,   0.546,   1.049,9999.000,9999.000,9999.000,9999.000,9999.000,9999.000,9999.000
202608051054,   0.498,   1.010,9999.000,9999.000,9999.000,9999.000,9999.000,9999.000,9999.000
202608051100,   0.455,   0.951,   0.300,   0.196,   0.951,   0.300,   0.951,   0.400,   1.051
202608051106,   0.416,   0.898,9999.000,9999.000,9999.000,9999.000,9999.000,9999.000,9999.000
202608051112,   0.383,   0.829,9999.000,9999.000,9999.000,9999.000,9999.000,9999.000,9999.000
202608051118,   0.355,   0.800,9999.000,9999.000,9999.000,9999.000,9999.000,9999.000,9999.000
202608051124,   0.332,   0.800,9999.000,9999.000,9999.000,9999.000,9999.000,9999.000,9999.000
202608051130,   0.315,   0.810,9999.000,9999.000,9999.000,9999.000,9999.000,9999.000,9999.000
202608051136,   0.304,   0.780,9999.000,9999.000,9999.000,9999.000,9999.000,9999.000,9999.000
202608051142,   0.298,   0.790,9999.000,9999.000,9999.000,9999.000,9999.000,9999.000,9999.000
202608051148,   0.298,   0.800,9999.000,9999.000,9999.000,9999.000,9999.000,9999.000,9999.000
202608051154,   0.304,   0.800,9999.000,9999.000,9999.000,9999.000,9999.000,9999.000,9999.000
202608051200,   0.316,   0.780,   0.300,   0.164,   0.780,   0.200,   0.680,   0.300,   0.780
202608051206,   0.334,   0.800,9999.000,9999.000,9999.000,9999.000,9999.000,9999.000,9999.000
202608051212,   0.358,   0.829,9999.000,9999.000,9999.000,9999.000,9999.000,9999.000,9999.000
202608051218,   0.387,   0.879,9999.000,9999.000,9999.000,9999.000,9999.000,9999.000,9999.000
202608051224,   0.422,   0.888,9999.000,9999.000,9999.000,9999.000,9999.000,9999.000,9999.000
202608051230,   0.462,   0.918,9999.000,9999.000,9999.000,9999.000,9999.000,9999.000,9999.000
202608051236,   0.508,   0.941,9999.000,9999.000,9999.000,9999.000,9999.000,9999.000,9999.000
202608051242,   0.558,   0.980,9999.000,9999.000,9999.000,9999.000,9999.000,9999.000,9999.000
202608051248,   0.613,   1.059,9999.000,9999.000,9999.000,9999.000,9999.000,9999.000,9999.000
202608051254,   0.673,   1.098,9999.000,9999.000,9999.000,9999.000,9999.000,9999.000,9999.000
202608051300,   0.737,   1.118,   0.300,   0.081,   1.118,   0.200,   1.018,   0.300,   1.118
202608051306,   0.805,   1.190,9999.000,9999.000,9999.000,9999.000,9999.000,9999.000,9999.000
202608051312,   0.877,   1.259,9999.000,9999.000,9999.000,9999.000,9999.000,9999.000,9999.000
202608051318,   0.952,   1.361,9999.000,9999.000,9999.000,9999.000,9999.000,9999.000,9999.000
202608051324,   1.030,   1.449,9999.000,9999.000,9999.000,9999.000,9999.000,9999.000,9999.000
202608051330,   1.111,   1.538,9999.000,9999.000,9999.000,9999.000,9999.000,9999.000,9999.000
202608051336,   1.195,   1.571,9999.000,9999.000,9999.000,9999.000,9999.000,9999.000,9999.000
202608051342,   1.281,   1.649,9999.000,9999.000,9999.000,9999.000,9999.000,9999.000,9999.000
202608051348,   1.370,   1.800,9999.000,9999.000,9999.000,9999.000,9999.000,9999.000,9999.000
202608051354,   1.460,   1.849,9999.000,9999.000,9999.000,9999.000,9999.000,9999.000,9999.000
202608051400,   1.552,   1.889,   0.300,   0.037,   1.889,   0.200,   1.789,   0.300,   1.889
202608051406,   1.645,   1.967,9999.000,9999.000,9999.000,9999.000,9999.000,9999.000,9999.000
202608051412,   1.740,   2.069,9999.000,9999.000,9999.000,9999.000,9999.000,9999.000,9999.000
202608051418,   1.836,   2.191,9999.000,9999.000,9999.000,9999.000,9999.000,9999.000,9999.000
202608051424,   1.933,   2.269,9999.000,9999.000,9999.000,9999.000,9999.000,9999.000,9999.000
202608051430,   2.031,   2.328,9999.000,9999.000,9999.000,9999.000,9999.000,9999.000,9999.000
202608051436,   2.129,   2.430,9999.000,9999.000,9999.000,9999.000,9999.000,9999.000,9999.000
202608051442,   2.230,   2.548,9999.000,9999.000,9999.000,9999.000,9999.000,9999.000,9999.000
202608051448,   2.328,   2.660,9999.000,9999.000,9999.000,9999.000,9999.000,9999.000,9999.000
202608051454,   2.428,   2.787,9999.000,9999.000,9999.000,9999.000,9999.000,9999.000,9999.000
202608051500,   2.528,   2.909,   0.300,   0.081,   2.909,   0.200,   2.809,   0.300,   2.909
202608051506,   2.628,   3.017,9999.000,9999.000,9999.000,9999.000,9999.000,9999.000,9999.000
202608051512,   2.728,   3.099,9999.000,9999.000,9999.000,9999.000,9999.000,9999.000,9999.000
202608051518,   2.827,   3.197,9999.000,9999.000,9999.000,9999.000,9999.000,9999.000,9999.000
202608051524,   2.926,   3.319,9999.000,9999.000,9999.000,9999.000,9999.000,9999.000,9999.000
202608051530,   3.024,   3.388,9999.000,9999.000,9999.000,9999.000,9999.000,9999.000,9999.000
202608051536,   3.121,   3.460,9999.000,9999.000,9999.000,9999.000,9999.000,9999.000,9999.000
202608051542,   3.217,   3.539,9999.000,9999.000,9999.000,9999.000,9999.000,9999.000,9999.000
202608051548,   3.311,   3.660,9999.000,9999.000,9999.000,9999.000,9999.000,9999.000,9999.000
202608051554,   3.404,   3.758,9999.000,9999.000,9999.000,9999.000,9999.000,9999.000,9999.000
202608051600,   3.495,   3.847,   0.300,   0.052,   3.847,   0.200,   3.747,   0.300,   3.847
202608051606,   3.583,   3.837,9999.000,9999.000,9999.000,9999.000,9999.000,9999.000,9999.000
202608051612,   3.670,   3.929,9999.000,9999.000,9999.000,9999.000,9999.000,9999.000,9999.000
202608051618,   3.753,   4.027,9999.000,9999.000,9999.000,9999.000,9999.000,9999.000,9999.000
202608051624,   3.834,   4.129,9999.000,9999.000,9999.000,9999.000,9999.000,9999.000,9999.000
202608051630,   3.912,   4.309,9999.000,9999.000,9999.000,9999.000,9999.000,9999.000,9999.000
202608051636,   3.986,   4.408,9999.000,9999.000,9999.000,9999.000,9999.000,9999.000,9999.000
202608051642,   4.057,   4.437,9999.000,9999.000,9999.000,9999.000,9999.000,9999.000,9999.000
202608051648,   4.124,   4.480,9999.000,9999.000,9999.000,9999.000,9999.000,9999.000,9999.000
202608051654,   4.187,   4.549,9999.000,9999.000,9999.000,9999.000,9999.000,9999.000,9999.000
202608051700,   4.245,   4.578,   0.300,   0.033,   4.578,   0.200,   4.478,   0.300,   4.578
202608051706,   4.300,   4.647,9999.000,9999.000,9999.000,9999.000,9999.000,9999.000,9999.000
202608051712,   4.350,   4.690,9999.000,9999.000,9999.000,9999.000,9999.000,9999.000,9999.000
202608051718,   4.396,   4.749,9999.000,9999.000,9999.000,9999.000,9999.000,9999.000,9999.000
202608051724,   4.436,   4.769,9999.000,9999.000,9999.000,9999.000,9999.000,9999.000,9999.000
202608051730,   4.473,   4.778,9999.000,9999.000,9999.000,9999.000,9999.000,9999.000,9999.000
202608051736,   4.504,   4.719,9999.000,9999.000,9999.000,9999.000,9999.000,9999.000,9999.000
202608051742,   4.531,   4.759,9999.000,9999.000,9999.000,9999.000,9999.000,9999.000,9999.000
202608051748,   4.553,   4.798,9999.000,9999.000,9999.000,9999.000,9999.000,9999.000,9999.000
202608051754,   4.570,   4.828,9999.000,9999.000,9999.000,9999.000,9999.000,9999.000,9999.000
202608051800,   4.583,   4.939,   0.300,   0.056,   4.939,   0.200,   4.839,   0.300,   4.939
202608051806,   4.590,   4.919,9999.000,9999.000,9999.000,9999.000,9999.000,9999.000,9999.000
202608051812,   4.593,   4.939,9999.000,9999.000,9999.000,9999.000,9999.000,9999.000,9999.000
202608051818,   4.591,   4.929,9999.000,9999.000,9999.000,9999.000,9999.000,9999.000,9999.000
202608051824,   4.585,   4.929,9999.000,9999.000,9999.000,9999.000,9999.000,9999.000,9999.000
202608051830,   4.574,   4.929,9999.000,9999.000,9999.000,9999.000,9999.000,9999.000,9999.000
202608051836,   4.558,   4.759,9999.000,9999.000,9999.000,9999.000,9999.000,9999.000,9999.000
202608051842,   4.538,   4.729,9999.000,9999.000,9999.000,9999.000,9999.000,9999.000,9999.000
202608051848,   4.514,   4.788,9999.000,9999.000,9999.000,9999.000,9999.000,9999.000,9999.000
202608051854,   4.485,   4.798,9999.000,9999.000,9999.000,9999.000,9999.000,9999.000,9999.000
202608051900,   4.452,   4.759,   0.200,   0.107,   4.759,   0.200,   4.759,   0.300,   4.859
202608051906,   4.414,   4.700,9999.000,9999.000,9999.000,9999.000,9999.000,9999.000,9999.000
202608051912,   4.373,   4.667,9999.000,9999.000,9999.000,9999.000,9999.000,9999.000,9999.000
202608051918,   4.327,   4.618,9999.000,9999.000,9999.000,9999.000,9999.000,9999.000,9999.000
202608051924,   4.278,   4.569,9999.000,9999.000,9999.000,9999.000,9999.000,9999.000,9999.000
202608051930,   4.225,   4.509,9999.000,9999.000,9999.000,9999.000,9999.000,9999.000,9999.000
202608051936,   4.168,   4.457,9999.000,9999.000,9999.000,9999.000,9999.000,9999.000,9999.000
202608051942,   4.107,   4.398,9999.000,9999.000,9999.000,9999.000,9999.000,9999.000,9999.000
202608051948,   4.043,   4.329,9999.000,9999.000,9999.000,9999.000,9999.000,9999.000,9999.000
202608051954,   3.976,   4.290,9999.000,9999.000,9999.000,9999.000,9999.000,9999.000,9999.000
202608052000,   3.906,   4.208,   0.300,   0.002,   4.208,   0.200,   4.108,   0.300,   4.208
202608052006,   3.833,   4.047,9999.000,9999.000,9999.000,9999.000,9999.000,9999.000,9999.000
202608052012,   3.757,   4.008,9999.000,9999.000,9999.000,9999.000,9999.000,9999.000,9999.000
202608052018,   3.678,   3.949,9999.000,9999.000,9999.000,9999.000,9999.000,9999.000,9999.000
202608052024,   3.597,   3.919,9999.000,9999.000,9999.000,9999.000,9999.000,9999.000,9999.000
202608052030,   3.514,   3.817,9999.000,9999.000,9999.000,9999.000,9999.000,9999.000,9999.000
202608052036,   3.428,   3.719,9999.000,9999.000,9999.000,9999.000,9999.000,9999.000,9999.000
202608052042,   3.341,   3.627,9999.000,9999.000,9999.000,9999.000,9999.000,9999.000,9999.000
202608052048,   3.253,   3.529,9999.000,9999.000,9999.000,9999.000,9999.000,9999.000,9999.000
202608052054,   3.163,   3.440,9999.000,9999.000,9999.000,9999.000,9999.000,9999.000,9999.000
202608052100,   3.071,   3.339,   0.300,  -0.032,   3.339,   0.200,   3.239,   0.300,   3.339
202608052106,   2.979,   3.217,9999.000,9999.000,9999.000,9999.000,9999.000,9999.000,9999.000
202608052112,   2.886,   3.079,9999.000,9999.000,9999.000,9999.000,9999.000,9999.000,9999.000
202608052118,   2.793,   2.988,9999.000,9999.000,9999.000,9999.000,9999.000,9999.000,9999.000
202608052124,   2.699,   2.899,9999.000,9999.000,9999.000,9999.000,9999.000,9999.000,9999.000
202608052130,   2.605,   2.807,9999.000,9999.000,9999.000,9999.000,9999.000,9999.000,9999.000
202608052136,   2.511,   2.728,9999.000,9999.000,9999.000,9999.000,9999.000,9999.000,9999.000
202608052142,   2.417,   2.650,9999.000,9999.000,9999.000,9999.000,9999.000,9999.000,9999.000
202608052148,   2.324,   2.578,9999.000,9999.000,9999.000,9999.000,9999.000,9999.000,9999.000
202608052154,   2.231,   2.479,9999.000,9999.000,9999.000,9999.000,9999.000,9999.000,9999.000
202608052200,   2.139,   2.289,   0.300,  -0.150,   2.289,   0.200,   2.189,   0.300,   2.289
202608052206,   2.048,   2.210,9999.000,9999.000,9999.000,9999.000,9999.000,9999.000,9999.000
202608052212,   1.958,   2.118,9999.000,9999.000,9999.000,9999.000,9999.000,9999.000,9999.000
202608052218,   1.870,   2.020,9999.000,9999.000,9999.000,9999.000,9999.000,9999.000,9999.000
202608052224,   1.784,   2.000,9999.000,9999.000,9999.000,9999.000,9999.000,9999.000,9999.000
202608052230,   1.699,   1.889,9999.000,9999.000,9999.000,9999.000,9999.000,9999.000,9999.000
202608052236,   1.616,   1.790,9999.000,9999.000,9999.000,9999.000,9999.000,9999.000,9999.000
202608052242,   1.535,   1.708,9999.000,9999.000,9999.000,9999.000,9999.000,9999.000,9999.000
202608052248,   1.457,   1.630,9999.000,9999.000,9999.000,9999.000,9999.000,9999.000,9999.000
202608052254,   1.382,   1.518,9999.000,9999.000,9999.000,9999.000,9999.000,9999.000,9999.000
202608052300,   1.310,   1.479,   0.300,  -0.131,   1.479,   0.200,   1.379,   0.300,   1.479
202608052306,   1.241,   1.380,9999.000,9999.000,9999.000,9999.000,9999.000,9999.000,9999.000
202608052312,   1.175,   1.338,9999.000,9999.000,9999.000,9999.000,9999.000,9999.000,9999.000
202608052318,   1.113,   1.279,9999.000,9999.000,9999.000,9999.000,9999.000,9999.000,9999.000
202608052324,   1.055,   1.220,9999.000,9999.000,9999.000,9999.000,9999.000,9999.000,9999.000
202608052330,   1.001,   1.151,9999.000,9999.000,9999.000,9999.000,9999.000,9999.000,9999.000
202608052336,   0.952,   1.118,9999.000,9999.000,9999.000,9999.000,9999.000,9999.000,9999.000
202608052342,   0.907,   1.029,9999.000,9999.000,9999.000,9999.000,9999.000,9999.000,9999.000
202608052348,   0.867,   1.020,9999.000,9999.000,9999.000,9999.000,9999.000,9999.000,9999.000
202608052354,   0.831,   0.990,9999.000,9999.000,9999.000,9999.000,9999.000,9999.000,9999.000
202608060000,   0.801,   1.010,   0.200,   0.009,   1.010,   0.200,   1.010,   0.300,   1.110
202608060006,   0.776,   0.961,9999.000,9999.000,9999.000,9999.000,9999.000,9999.000,9999.000
202608060012,   0.756,   0.941,9999.000,9999.000,9999.000,9999.000,9999.000,9999.000,9999.000
202608060018,   0.742,   0.951,9999.000,9999.000,9999.000,9999.000,9999.000,9999.000,9999.000
202608060024,   0.733,   0.941,9999.000,9999.000,9999.000,9999.000,9999.000,9999.000,9999.000
202608060030,   0.729,   0.951,9999.000,9999.000,9999.000,9999.000,9999.000,9999.000,9999.000
202608060036,   0.730,   0.918,9999.000,9999.000,9999.000,9999.000,9999.000,9999.000,9999.000
202608060042,   0.737,   0.898,9999.000,9999.000,9999.000,9999.000,9999.000,9999.000,9999.000
202608060048,   0.749,   0.918,9999.000,9999.000,9999.000,9999.000,9999.000,9999.000,9999.000
202608060054,   0.765,   0.918,9999.000,9999.000,9999.000,9999.000,9999.000,9999.000,9999.000
202608060100,   0.786,   0.928,   0.200,  -0.058,   0.928,   0.200,   0.928,   0.300,   1.028
202608060106,   0.812,   0.941,9999.000,9999.000,9999.000,9999.000,9999.000,9999.000,9999.000
202608060112,   0.843,   0.961,9999.000,9999.000,9999.000,9999.000,9999.000,9999.000,9999.000
202608060118,   0.877,   1.010,9999.000,9999.000,9999.000,9999.000,9999.000,9999.000,9999.000
202608060124,   0.916,   1.010,9999.000,9999.000,9999.000,9999.000,9999.000,9999.000,9999.000
202608060130,   0.958,   1.059,9999.000,9999.000,9999.000,9999.000,9999.000,9999.000,9999.000
202608060136,   1.003,   1.079,9999.000,9999.000,9999.000,9999.000,9999.000,9999.000,9999.000
202608060142,   1.052,   1.118,9999.000,9999.000,9999.000,9999.000,9999.000,9999.000,9999.000
202608060148,   1.104,   1.170,9999.000,9999.000,9999.000,9999.000,9999.000,9999.000,9999.000
202608060154,   1.158,   1.200,9999.000,9999.000,9999.000,9999.000,9999.000,9999.000,9999.000
202608060200,   1.215,   1.249,   0.200,  -0.166,   1.249,   0.200,   1.249,   0.300,   1.349
202608060206,   1.275,   1.289,9999.000,9999.000,9999.000,9999.000,9999.000,9999.000,9999.000
202608060212,   1.336,   1.390,9999.000,9999.000,9999.000,9999.000,9999.000,9999.000,9999.000
202608060218,   1.399,   1.439,9999.000,9999.000,9999.000,9999.000,9999.000,9999.000,9999.000
202608060224,   1.464,   1.498,9999.000,9999.000,9999.000,9999.000,9999.000,9999.000,9999.000
202608060230,   1.531,   1.580,9999.000,9999.000,9999.000,9999.000,9999.000,9999.000,9999.000
202608060236,   1.599,   1.679,9999.000,9999.000,9999.000,9999.000,9999.000,9999.000,9999.000
202608060242,   1.668,   1.748,9999.000,9999.000,9999.000,9999.000,9999.000,9999.000,9999.000
202608060248,   1.739,   1.830,9999.000,9999.000,9999.000,9999.000,9999.000,9999.000,9999.000
202608060254,   1.810,   1.889,9999.000,9999.000,9999.000,9999.000,9999.000,9999.000,9999.000
202608060300,   1.882,   1.967,   0.200,  -0.115,   1.967,   0.200,   1.967,   0.300,   2.067
202608060306,   1.956,   2.069,9999.000,9999.000,9999.000,9999.000,9999.000,9999.000,9999.000
202608060312,   2.030,   2.148,9999.000,9999.000,9999.000,9999.000,9999.000,9999.000,9999.000
202608060318,   2.104,   2.250,9999.000,9999.000,9999.000,9999.000,9999.000,9999.000,9999.000
202608060324,   2.180,   2.309,9999.000,9999.000,9999.000,9999.000,9999.000,9999.000,9999.000
202608060330,   2.255,   2.420,9999.000,9999.000,9999.000,9999.000,9999.000,9999.000,9999.000
202608060336,   2.331,   2.509,9999.000,9999.000,9999.000,9999.000,9999.000,9999.000,9999.000
202608060342,   2.407,   2.610,9999.000,9999.000,9999.000,9999.000,9999.000,9999.000,9999.000
202608060348,   2.482,   2.709,9999.000,9999.000,9999.000,9999.000,9999.000,9999.000,9999.000
202608060354,   2.558,   2.787,9999.000,9999.000,9999.000,9999.000,9999.000,9999.000,9999.000
202608060400,   2.633,   2.869,   0.200,   0.036,   2.869,   0.100,   2.769,   0.200,   2.869
202608060406,   2.707,   2.968,9999.000,9999.000,9999.000,9999.000,9999.000,9999.000,9999.000
202608060412,   2.781,   3.050,9999.000,9999.000,9999.000,9999.000,9999.000,9999.000,9999.000
202608060418,   2.853,   3.109,9999.000,9999.000,9999.000,9999.000,9999.000,9999.000,9999.000
202608060424,   2.924,   3.188,9999.000,9999.000,9999.000,9999.000,9999.000,9999.000,9999.000
202608060430,   2.994,   3.250,9999.000,9999.000,9999.000,9999.000,9999.000,9999.000,9999.000
202608060436,   3.062,   3.329,9999.000,9999.000,9999.000,9999.000,9999.000,9999.000,9999.000
202608060442,   3.128,   3.388,9999.000,9999.000,9999.000,9999.000,9999.000,9999.000,9999.000
202608060448,   3.191,   3.460,9999.000,9999.000,9999.000,9999.000,9999.000,9999.000,9999.000
202608060454,   3.252,   3.519,9999.000,9999.000,9999.000,9999.000,9999.000,9999.000,9999.000
202608060500,   3.311,   3.588,   0.200,   0.077,   3.588,   0.100,   3.488,   0.200,   3.588
202608060506,   3.366,   3.637,9999.000,9999.000,9999.000,9999.000,9999.000,9999.000,9999.000
202608060512,   3.419,   3.689,9999.000,9999.000,9999.000,9999.000,9999.000,9999.000,9999.000
202608060518,   3.468,   3.719,9999.000,9999.000,9999.000,9999.000,9999.000,9999.000,9999.000
202608060524,   3.513,   3.778,9999.000,9999.000,9999.000,9999.000,9999.000,9999.000,9999.000
202608060530,   3.555,   3.808,9999.000,9999.000,9999.000,9999.000,9999.000,9999.000,9999.000
202608060536,   3.594,   3.837,9999.000,9999.000,9999.000,9999.000,9999.000,9999.000,9999.000
202608060542,   3.628,   3.847,9999.000,9999.000,9999.000,9999.000,9999.000,9999.000,9999.000
202608060548,   3.659,   3.909,9999.000,9999.000,9999.000,9999.000,9999.000,9999.000,9999.000
202608060554,   3.685,   3.909,9999.000,9999.000,9999.000,9999.000,9999.000,9999.000,9999.000
202608060600,   3.708,   3.939,   0.100,   0.131,   3.939,   0.100,   3.939,   0.200,   4.039
202608060606,   3.726,   3.968,9999.000,9999.000,9999.000,9999.000,9999.000,9999.000,9999.000
202608060612,   3.741,   4.008,9999.000,9999.000,9999.000,9999.000,9999.000,9999.000,9999.000
202608060618,   3.751,   3.998,9999.000,9999.000,9999.000,9999.000,9999.000,9999.000,9999.000
202608060624,   3.757,   4.027,9999.000,9999.000,9999.000,9999.000,9999.000,9999.000,9999.000
202608060630,   3.759,   4.017,9999.000,9999.000,9999.000,9999.000,9999.000,9999.000,9999.000
202608060636,   3.757,   4.017,9999.000,9999.000,9999.000,9999.000,9999.000,9999.000,9999.000
202608060642,   3.751,   4.047,9999.000,9999.000,9999.000,9999.000,9999.000,9999.000,9999.000
202608060648,   3.741,   4.047,9999.000,9999.000,9999.000,9999.000,9999.000,9999.000,9999.000
202608060654,   3.728,   3.998,9999.000,9999.000,9999.000,9999.000,9999.000,9999.000,9999.000
202608060700,   3.710,   3.978,   0.100,   0.168,   3.978,   0.100,   3.978,   0.200,   4.078
202608060706,   3.688,   3.968,9999.000,9999.000,9999.000,9999.000,9999.000,9999.000,9999.000
202608060712,   3.663,   3.939,9999.000,9999.000,9999.000,9999.000,9999.000,9999.000,9999.000
202608060718,   3.633,   3.939,9999.000,9999.000,9999.000,9999.000,9999.000,9999.000,9999.000
202608060724,   3.601,   3.899,9999.000,9999.000,9999.000,9999.000,9999.000,9999.000,9999.000
202608060730,   3.564,   3.860,9999.000,9999.000,9999.000,9999.000,9999.000,9999.000,9999.000
202608060736,   3.524,   3.817,9999.000,9999.000,9999.000,9999.000,9999.000,9999.000,9999.000
202608060742,   3.480,   3.808,9999.000,9999.000,9999.000,9999.000,9999.000,9999.000,9999.000
202608060748,   3.433,   3.719,9999.000,9999.000,9999.000,9999.000,9999.000,9999.000,9999.000
202608060754,   3.383,   3.680,9999.000,9999.000,9999.000,9999.000,9999.000,9999.000,9999.000
202608060800,   3.329,   3.650,   0.100,   0.221,   3.650,   0.100,   3.650,   0.200,   3.750
202608060806,   3.273,   3.578,9999.000,9999.000,9999.000,9999.000,9999.000,9999.000,9999.000
202608060812,   3.213,   3.509,9999.000,9999.000,9999.000,9999.000,9999.000,9999.000,9999.000
202608060818,   3.150,   3.440,9999.000,9999.000,9999.000,9999.000,9999.000,9999.000,9999.000
202608060824,   3.085,   3.407,9999.000,9999.000,9999.000,9999.000,9999.000,9999.000,9999.000
202608060830,   3.016,   3.339,9999.000,9999.000,9999.000,9999.000,9999.000,9999.000,9999.000
202608060836,   2.946,   3.289,9999.000,9999.000,9999.000,9999.000,9999.000,9999.000,9999.000
202608060842,   2.873,   3.207,9999.000,9999.000,9999.000,9999.000,9999.000,9999.000,9999.000
202608060848,   2.797,   3.138,9999.000,9999.000,9999.000,9999.000,9999.000,9999.000,9999.000
202608060854,   2.720,   3.060,9999.000,9999.000,9999.000,9999.000,9999.000,9999.000,9999.000
202608060900,   2.641,   2.958,   0.100,   0.217,   2.958,   0.100,   2.958,   0.100,   2.958
202608060906,   2.560,   2.869,9999.000,9999.000,9999.000,9999.000,9999.000,9999.000,9999.000
202608060912,   2.478,   2.787,9999.000,9999.000,9999.000,9999.000,9999.000,9999.000,9999.000
202608060918,   2.395,   2.679,9999.000,9999.000,9999.000,9999.000,9999.000,9999.000,9999.000
202608060924,   2.310,   2.597,9999.000,9999.000,9999.000,9999.000,9999.000,9999.000,9999.000
202608060930,   2.225,   2.499,9999.000,9999.000,9999.000,9999.000,9999.000,9999.000,9999.000
202608060936,   2.139,   2.387,9999.000,9999.000,9999.000,9999.000,9999.000,9999.000,9999.000
202608060942,   2.052,   2.289,9999.000,9999.000,9999.000,9999.000,9999.000,9999.000,9999.000
202608060948,   1.966,   2.177,9999.000,9999.000,9999.000,9999.000,9999.000,9999.000,9999.000
202608060954,   1.879,   2.079,9999.000,9999.000,9999.000,9999.000,9999.000,9999.000,9999.000
202608061000,   1.793,   1.990,   0.100,   0.097,   1.990,   0.000,   1.890,   0.100,   1.990
202608061006,   1.706,   1.899,9999.000,9999.000,9999.000,9999.000,9999.000,9999.000,9999.000
202608061012,   1.621,   1.810,9999.000,9999.000,9999.000,9999.000,9999.000,9999.000,9999.000
202608061018,   1.536,   1.708,9999.000,9999.000,9999.000,9999.000,9999.000,9999.000,9999.000
202608061024,   1.452,   1.620,9999.000,9999.000,9999.000,9999.000,9999.000,9999.000,9999.000
202608061030,   1.370,   1.548,9999.000,9999.000,9999.000,9999.000,9999.000,9999.000,9999.000
202608061036,   1.289,   1.459,9999.000,9999.000,9999.000,9999.000,9999.000,9999.000,9999.000
202608061042,   1.209,   1.400,9999.000,9999.000,9999.000,9999.000,9999.000,9999.000,9999.000
202608061048,   1.132,   1.328,9999.000,9999.000,9999.000,9999.000,9999.000,9999.000,9999.000
202608061054,   1.056,   1.279,9999.000,9999.000,9999.000,9999.000,9999.000,9999.000,9999.000
202608061100,   0.983,   1.190,   0.100,   0.107,   1.190,   0.000,   1.090,   0.100,   1.190
202608061106,   0.913,   1.118,9999.000,9999.000,9999.000,9999.000,9999.000,9999.000,9999.000
202608061112,   0.845,   1.029,9999.000,9999.000,9999.000,9999.000,9999.000,9999.000,9999.000
202608061118,   0.781,   0.990,9999.000,9999.000,9999.000,9999.000,9999.000,9999.000,9999.000
202608061124,   0.719,   0.879,9999.000,9999.000,9999.000,9999.000,9999.000,9999.000,9999.000
202608061130,   0.662,   0.839,9999.000,9999.000,9999.000,9999.000,9999.000,9999.000,9999.000
202608061136,   0.608,   0.800,9999.000,9999.000,9999.000,9999.000,9999.000,9999.000,9999.000
202608061142,   0.558,   0.760,9999.000,9999.000,9999.000,9999.000,9999.000,9999.000,9999.000
202608061148,   0.513,   0.718,9999.000,9999.000,9999.000,9999.000,9999.000,9999.000,9999.000
202608061154,   0.472,   0.649,9999.000,9999.000,9999.000,9999.000,9999.000,9999.000,9999.000
202608061200,   0.436,   0.619,   0.100,   0.083,   0.619,   0.100,   0.619,   0.100,   0.619
202608061206,   0.406,   0.590,9999.000,9999.000,9999.000,9999.000,9999.000,9999.000,9999.000
202608061212,   0.380,   0.600,9999.000,9999.000,9999.000,9999.000,9999.000,9999.000,9999.000
202608061218,   0.360,   0.580,9999.000,9999.000,9999.000,9999.000,9999.000,9999.000,9999.000
202608061224,   0.345,   0.580,9999.000,9999.000,9999.000,9999.000,9999.000,9999.000,9999.000
202608061230,   0.336,   0.590,9999.000,9999.000,9999.000,9999.000,9999.000,9999.000,9999.000
202608061236,   0.332,   0.570,9999.000,9999.000,9999.000,9999.000,9999.000,9999.000,9999.000
202608061242,   0.335,   0.610,9999.000,9999.000,9999.000,9999.000,9999.000,9999.000,9999.000
202608061248,   0.343,   0.580,9999.000,9999.000,9999.000,9999.000,9999.000,9999.000,9999.000
202608061254,   0.357,   0.619,9999.000,9999.000,9999.000,9999.000,9999.000,9999.000,9999.000
202608061300,   0.377,   0.629,   0.100,   0.152,   0.629,   0.100,   0.629,   0.100,   0.629
202608061306,   0.402,   0.678,9999.000,9999.000,9999.000,9999.000,9999.000,9999.000,9999.000
202608061312,   0.433,   0.688,9999.000,9999.000,9999.000,9999.000,9999.000,9999.000,9999.000
202608061318,   0.470,   0.718,9999.000,9999.000,9999.000,9999.000,9999.000,9999.000,9999.000
202608061324,   0.512,   0.760,9999.000,9999.000,9999.000,9999.000,9999.000,9999.000,9999.000
202608061330,   0.558,   0.790,9999.000,9999.000,9999.000,9999.000,9999.000,9999.000,9999.000
202608061336,   0.610,   0.849,9999.000,9999.000,9999.000,9999.000,9999.000,9999.000,9999.000
202608061342,   0.666,   0.829,9999.000,9999.000,9999.000,9999.000,9999.000,9999.000,9999.000
202608061348,   0.726,   0.970,9999.000,9999.000,9999.000,9999.000,9999.000,9999.000,9999.000
202608061354,   0.791,   1.020,9999.000,9999.000,9999.000,9999.000,9999.000,9999.000,9999.000
202608061400,   0.860,   1.138,   0.100,   0.178,   1.138,   0.100,   1.138,   0.100,   1.138
202608061406,   0.932,   1.170,9999.000,9999.000,9999.000,9999.000,9999.000,9999.000,9999.000
202608061412,   1.007,   1.239,9999.000,9999.000,9999.000,9999.000,9999.000,9999.000,9999.000
202608061418,   1.085,   1.289,9999.000,9999.000,9999.000,9999.000,9999.000,9999.000,9999.000
202608061424,   1.167,   1.380,9999.000,9999.000,9999.000,9999.000,9999.000,9999.000,9999.000
202608061430,   1.250,   1.439,9999.000,9999.000,9999.000,9999.000,9999.000,9999.000,9999.000
202608061436,   1.336,   1.489,9999.000,9999.000,9999.000,9999.000,9999.000,9999.000,9999.000
202608061442,   1.425,   1.590,9999.000,9999.000,9999.000,9999.000,9999.000,9999.000,9999.000
202608061448,   1.515,   1.649,9999.000,9999.000,9999.000,9999.000,9999.000,9999.000,9999.000
202608061454,   1.607,   1.689,9999.000,9999.000,9999.000,9999.000,9999.000,9999.000,9999.000
202608061500,   1.700,   1.840,   0.100,   0.040,   1.840,   0.100,   1.840,   0.100,   1.840
202608061506,   1.795,   1.938,9999.000,9999.000,9999.000,9999.000,9999.000,9999.000,9999.000
202608061512,   1.892,   2.010,9999.000,9999.000,9999.000,9999.000,9999.000,9999.000,9999.000
202608061518,   1.989,   2.128,9999.000,9999.000,9999.000,9999.000,9999.000,9999.000,9999.000
202608061524,   2.087,   2.220,9999.000,9999.000,9999.000,9999.000,9999.000,9999.000,9999.000
202608061530,   2.186,   2.338,9999.000,9999.000,9999.000,9999.000,9999.000,9999.000,9999.000
202608061536,   2.286,   2.479,9999.000,9999.000,9999.000,9999.000,9999.000,9999.000,9999.000
202608061542,   2.386,   2.597,9999.000,9999.000,9999.000,9999.000,9999.000,9999.000,9999.000
202608061548,   2.487,   2.719,9999.000,9999.000,9999.000,9999.000,9999.000,9999.000,9999.000
202608061554,   2.587,   2.807,9999.000,9999.000,9999.000,9999.000,9999.000,9999.000,9999.000
202608061600,   2.688,   2.909,   0.100,   0.121,   2.909,   0.100,   2.909,   0.100,   2.909
202608061606,   2.789,   3.040,9999.000,9999.000,9999.000,9999.000,9999.000,9999.000,9999.000
202608061612,   2.889,   3.109,9999.000,9999.000,9999.000,9999.000,9999.000,9999.000,9999.000
202608061618,   2.989,   3.217,9999.000,9999.000,9999.000,9999.000,9999.000,9999.000,9999.000
202608061624,   3.088,   3.319,9999.000,9999.000,9999.000,9999.000,9999.000,9999.000,9999.000
202608061630,   3.187,   3.417,9999.000,9999.000,9999.000,9999.000,9999.000,9999.000,9999.000
202608061636,   3.284,   3.509,9999.000,9999.000,9999.000,9999.000,9999.000,9999.000,9999.000
202608061642,   3.379,   3.598,9999.000,9999.000,9999.000,9999.000,9999.000,9999.000,9999.000
202608061648,   3.473,   3.699,9999.000,9999.000,9999.000,9999.000,9999.000,9999.000,9999.000
202608061654,   3.565,   3.768,9999.000,9999.000,9999.000,9999.000,9999.000,9999.000,9999.000
202608061700,   3.654,   3.880,   0.100,   0.126,   3.880,   0.000,   3.780,   0.100,   3.880
202608061706,   3.742,   3.978,9999.000,9999.000,9999.000,9999.000,9999.000,9999.000,9999.000
202608061712,   3.826,   4.070,9999.000,9999.000,9999.000,9999.000,9999.000,9999.000,9999.000
202608061718,   3.907,   4.139,9999.000,9999.000,9999.000,9999.000,9999.000,9999.000,9999.000
202608061724,   3.986,   4.188,9999.000,9999.000,9999.000,9999.000,9999.000,9999.000,9999.000
202608061730,   4.061,   4.247,9999.000,9999.000,9999.000,9999.000,9999.000,9999.000,9999.000
202608061736,   4.132,   4.309,9999.000,9999.000,9999.000,9999.000,9999.000,9999.000,9999.000
202608061742,   4.199,   4.359,9999.000,9999.000,9999.000,9999.000,9999.000,9999.000,9999.000
202608061748,   4.263,   4.427,9999.000,9999.000,9999.000,9999.000,9999.000,9999.000,9999.000
202608061754,   4.322,   4.500,9999.000,9999.000,9999.000,9999.000,9999.000,9999.000,9999.000
202608061800,   4.378,   4.519,   0.100,   0.041,   4.519,   0.000,   4.419,   0.100,   4.519
202608061806,   4.428,   4.588,9999.000,9999.000,9999.000,9999.000,9999.000,9999.000,9999.000
202608061812,   4.475,   4.637,9999.000,9999.000,9999.000,9999.000,9999.000,9999.000,9999.000
202608061818,   4.517,   4.677,9999.000,9999.000,9999.000,9999.000,9999.000,9999.000,9999.000
202608061824,   4.554,   4.729,9999.000,9999.000,9999.000,9999.000,9999.000,9999.000,9999.000
202608061830,   4.587,   4.769,9999.000,9999.000,9999.000,9999.000,9999.000,9999.000,9999.000
202608061836,   4.616,   4.818,9999.000,9999.000,9999.000,9999.000,9999.000,9999.000,9999.000
202608061842,   4.639,   4.857,9999.000,9999.000,9999.000,9999.000,9999.000,9999.000,9999.000
202608061848,   4.659,   4.887,9999.000,9999.000,9999.000,9999.000,9999.000,9999.000,9999.000
202608061854,   4.673,   4.910,9999.000,9999.000,9999.000,9999.000,9999.000,9999.000,9999.000
202608061900,   4.684,   4.910,   0.100,   0.126,   4.910,   0.000,   4.810,   0.100,   4.910
202608061906,   4.689,   4.919,9999.000,9999.000,9999.000,9999.000,9999.000,9999.000,9999.000
202608061912,   4.691,   4.919,9999.000,9999.000,9999.000,9999.000,9999.000,9999.000,9999.000
202608061918,   4.688,   4.910,9999.000,9999.000,9999.000,9999.000,9999.000,9999.000,9999.000
202608061924,   4.680,   4.877,9999.000,9999.000,9999.000,9999.000,9999.000,9999.000,9999.000
202608061930,   4.669,   4.857,9999.000,9999.000,9999.000,9999.000,9999.000,9999.000,9999.000
202608061936,   4.653,   4.847,9999.000,9999.000,9999.000,9999.000,9999.000,9999.000,9999.000
202608061942,   4.633,   4.788,9999.000,9999.000,9999.000,9999.000,9999.000,9999.000,9999.000
202608061948,   4.609,   4.778,9999.000,9999.000,9999.000,9999.000,9999.000,9999.000,9999.000
202608061954,   4.580,   4.739,9999.000,9999.000,9999.000,9999.000,9999.000,9999.000,9999.000
202608062000,   4.548,   4.719,   0.100,   0.071,   4.719,   0.000,   4.619,   0.100,   4.719
202608062006,   4.512,   4.657,9999.000,9999.000,9999.000,9999.000,9999.000,9999.000,9999.000
202608062012,   4.472,   4.628,9999.000,9999.000,9999.000,9999.000,9999.000,9999.000,9999.000
202608062018,   4.428,   4.569,9999.000,9999.000,9999.000,9999.000,9999.000,9999.000,9999.000
202608062024,   4.380,   4.519,9999.000,9999.000,9999.000,9999.000,9999.000,9999.000,9999.000
202608062030,   4.329,   4.457,9999.000,9999.000,9999.000,9999.000,9999.000,9999.000,9999.000
202608062036,   4.274,   4.447,9999.000,9999.000,9999.000,9999.000,9999.000,9999.000,9999.000
202608062042,   4.215,   4.378,9999.000,9999.000,9999.000,9999.000,9999.000,9999.000,9999.000
202608062048,   4.153,   4.309,9999.000,9999.000,9999.000,9999.000,9999.000,9999.000,9999.000
202608062054,   4.088,   4.267,9999.000,9999.000,9999.000,9999.000,9999.000,9999.000,9999.000
202608062100,   4.020,   4.227,   0.100,   0.107,   4.227,   0.000,   4.127,   0.100,   4.227
202608062106,   3.948,   4.149,9999.000,9999.000,9999.000,9999.000,9999.000,9999.000,9999.000
202608062112,   3.874,   4.070,9999.000,9999.000,9999.000,9999.000,9999.000,9999.000,9999.000
202608062118,   3.797,   3.988,9999.000,9999.000,9999.000,9999.000,9999.000,9999.000,9999.000
202608062124,   3.718,   3.919,9999.000,9999.000,9999.000,9999.000,9999.000,9999.000,9999.000
202608062130,   3.636,   3.808,9999.000,9999.000,9999.000,9999.000,9999.000,9999.000,9999.000
202608062136,   3.552,   3.709,9999.000,9999.000,9999.000,9999.000,9999.000,9999.000,9999.000
202608062142,   3.466,   3.617,9999.000,9999.000,9999.000,9999.000,9999.000,9999.000,9999.000
202608062148,   3.378,   3.529,9999.000,9999.000,9999.000,9999.000,9999.000,9999.000,9999.000
202608062154,   3.289,   3.427,9999.000,9999.000,9999.000,9999.000,9999.000,9999.000,9999.000
202608062200,   3.198,   3.309,   0.100,   0.011,   3.309,   0.000,   3.209,   0.100,   3.309
202608062206,   3.106,   3.230,9999.000,9999.000,9999.000,9999.000,9999.000,9999.000,9999.000
202608062212,   3.012,   3.119,9999.000,9999.000,9999.000,9999.000,9999.000,9999.000,9999.000
202608062218,   2.918,   2.997,9999.000,9999.000,9999.000,9999.000,9999.000,9999.000,9999.000
202608062224,   2.824,   2.879,9999.000,9999.000,9999.000,9999.000,9999.000,9999.000,9999.000
202608062230,   2.729,   2.768,9999.000,9999.000,9999.000,9999.000,9999.000,9999.000,9999.000
202608062236,   2.634,   2.689,9999.000,9999.000,9999.000,9999.000,9999.000,9999.000,9999.000
202608062242,   2.538,   2.597,9999.000,9999.000,9999.000,9999.000,9999.000,9999.000,9999.000
202608062248,   2.443,   2.489,9999.000,9999.000,9999.000,9999.000,9999.000,9999.000,9999.000
202608062254,   2.348,   2.368,9999.000,9999.000,9999.000,9999.000,9999.000,9999.000,9999.000
202608062300,   2.254,   2.279,   0.100,  -0.075,   2.279,   0.000,   2.179,   0.100,   2.279
202608062306,   2.161,   2.191,9999.000,9999.000,9999.000,9999.000,9999.000,9999.000,9999.000
202608062312,   2.068,   2.089,9999.000,9999.000,9999.000,9999.000,9999.000,9999.000,9999.000
202608062318,   1.977,   1.990,9999.000,9999.000,9999.000,9999.000,9999.000,9999.000,9999.000
202608062324,   1.888,   1.938,9999.000,9999.000,9999.000,9999.000,9999.000,9999.000,9999.000
202608062330,   1.800,   1.889,9999.000,9999.000,9999.000,9999.000,9999.000,9999.000,9999.000
202608062336,   1.714,   1.748,9999.000,9999.000,9999.000,9999.000,9999.000,9999.000,9999.000
202608062342,   1.631,   1.679,9999.000,9999.000,9999.000,9999.000,9999.000,9999.000,9999.000
202608062348,   1.549,   1.620,9999.000,9999.000,9999.000,9999.000,9999.000,9999.000,9999.000
202608062354,   1.471,   1.538,9999.000,9999.000,9999.000,9999.000,9999.000,9999.000,9999.000
202608070000,   1.396,   1.410,   0.000,   0.014,   1.410,   0.000,   1.410,   0.000,   1.410
202608070006,   1.324,   1.348,9999.000,9999.000,9999.000,9999.000,9999.000,9999.000,9999.000
202608070012,   1.255,   1.279,9999.000,9999.000,9999.000,9999.000,9999.000,9999.000,9999.000
202608070018,   1.190,   1.229,9999.000,9999.000,9999.000,9999.000,9999.000,9999.000,9999.000
202608070024,   1.129,   1.170,9999.000,9999.000,9999.000,9999.000,9999.000,9999.000,9999.000
202608070030,   1.073,   1.098,9999.000,9999.000,9999.000,9999.000,9999.000,9999.000,9999.000
202608070036,   1.021,   1.010,9999.000,9999.000,9999.000,9999.000,9999.000,9999.000,9999.000
202608070042,   0.973,   0.970,9999.000,9999.000,9999.000,9999.000,9999.000,9999.000,9999.000
202608070048,   0.930,   0.918,9999.000,9999.000,9999.000,9999.000,9999.000,9999.000,9999.000
202608070054,   0.892,   0.888,9999.000,9999.000,9999.000,9999.000,9999.000,9999.000,9999.000
202608070100,   0.859,   0.849,   0.000,  -0.010,   0.849,   0.000,   0.849,   0.000,   0.849
202608070106,   0.832,   0.829,9999.000,9999.000,9999.000,9999.000,9999.000,9999.000,9999.000
202608070112,   0.809,   0.800,9999.000,9999.000,9999.000,9999.000,9999.000,9999.000,9999.000
202608070118,   0.791,   0.770,9999.000,9999.000,9999.000,9999.000,9999.000,9999.000,9999.000
202608070124,   0.779,   0.770,9999.000,9999.000,9999.000,9999.000,9999.000,9999.000,9999.000
202608070130,   0.772,   0.790,9999.000,9999.000,9999.000,9999.000,9999.000,9999.000,9999.000
202608070136,   0.769,   0.780,9999.000,9999.000,9999.000,9999.000,9999.000,9999.000,9999.000
202608070142,   0.772,   0.790,9999.000,9999.000,9999.000,9999.000,9999.000,9999.000,9999.000
202608070148,   0.780,   0.780,9999.000,9999.000,9999.000,9999.000,9999.000,9999.000,9999.000
202608070154,   0.792,   0.839,9999.000,9999.000,9999.000,9999.000,9999.000,9999.000,9999.000
202608070200,   0.808,   0.829,   0.000,   0.021,   0.829,   0.000,   0.829,   0.000,   0.829
202608070206,   0.829,   0.849,9999.000,9999.000,9999.000,9999.000,9999.000,9999.000,9999.000
202608070212,   0.854,   0.839,9999.000,9999.000,9999.000,9999.000,9999.000,9999.000,9999.000
202608070218,   0.883,   0.829,9999.000,9999.000,9999.000,9999.000,9999.000,9999.000,9999.000
202608070224,   0.916,   0.859,9999.000,9999.000,9999.000,9999.000,9999.000,9999.000,9999.000
202608070230,   0.952,   0.888,9999.000,9999.000,9999.000,9999.000,9999.000,9999.000,9999.000
202608070236,   0.991,   0.941,9999.000,9999.000,9999.000,9999.000,9999.000,9999.000,9999.000
202608070242,   1.033,   0.990,9999.000,9999.000,9999.000,9999.000,9999.000,9999.000,9999.000
202608070248,   1.079,   1.010,9999.000,9999.000,9999.000,9999.000,9999.000,9999.000,9999.000
202608070254,   1.126,   1.059,9999.000,9999.000,9999.000,9999.000,9999.000,9999.000,9999.000
202608070300,   1.177,   1.118,   0.000,  -0.059,   1.118,   0.000,   1.118,   0.000,   1.118
202608070306,   1.229,   1.138,9999.000,9999.000,9999.000,9999.000,9999.000,9999.000,9999.000
202608070312,   1.284,   1.210,9999.000,9999.000,9999.000,9999.000,9999.000,9999.000,9999.000
202608070318,   1.341,   1.259,9999.000,9999.000,9999.000,9999.000,9999.000,9999.000,9999.000
202608070324,   1.399,   1.308,9999.000,9999.000,9999.000,9999.000,9999.000,9999.000,9999.000
202608070330,   1.459,   1.371,9999.000,9999.000,9999.000,9999.000,9999.000,9999.000,9999.000
202608070336,   1.521,   1.430,9999.000,9999.000,9999.000,9999.000,9999.000,9999.000,9999.000
202608070342,   1.585,   1.548,9999.000,9999.000,9999.000,9999.000,9999.000,9999.000,9999.000
202608070348,   1.650,   1.580,9999.000,9999.000,9999.000,9999.000,9999.000,9999.000,9999.000
202608070354,   1.716,   1.649,9999.000,9999.000,9999.000,9999.000,9999.000,9999.000,9999.000
202608070400,   1.783,   1.718,   0.000,  -0.065,   1.718,   0.000,   1.718,   0.000,   1.718
202608070406,   1.851,   1.790,9999.000,9999.000,9999.000,9999.000,9999.000,9999.000,9999.000
202608070412,   1.921,   1.869,9999.000,9999.000,9999.000,9999.000,9999.000,9999.000,9999.000
202608070418,   1.991,   1.981,9999.000,9999.000,9999.000,9999.000,9999.000,9999.000,9999.000
202608070424,   2.062,   2.069,9999.000,9999.000,9999.000,9999.000,9999.000,9999.000,9999.000
202608070430,   2.133,   2.138,9999.000,9999.000,9999.000,9999.000,9999.000,9999.000,9999.000
202608070436,   2.205,   2.230,9999.000,9999.000,9999.000,9999.000,9999.000,9999.000,9999.000
202608070442,   2.277,   2.318,9999.000,9999.000,9999.000,9999.000,9999.000,9999.000,9999.000
202608070448,   2.348,   2.440,9999.000,9999.000,9999.000,9999.000,9999.000,9999.000,9999.000
202608070454,   2.420,   2.489,9999.000,9999.000,9999.000,9999.000,9999.000,9999.000,9999.000
202608070500,   2.492,   2.568,   0.000,   0.076,   2.568,  -0.100,   2.468,   0.000,   2.568
202608070506,   2.562,   2.630,9999.000,9999.000,9999.000,9999.000,9999.000,9999.000,9999.000
202608070512,   2.632,   2.709,9999.000,9999.000,9999.000,9999.000,9999.000,9999.000,9999.000
202608070518,   2.701,   2.787,9999.000,9999.000,9999.000,9999.000,9999.000,9999.000,9999.000
202608070524,   2.769,   2.830,9999.000,9999.000,9999.000,9999.000,9999.000,9999.000,9999.000
202608070530,   2.834,   2.909,9999.000,9999.000,9999.000,9999.000,9999.000,9999.000,9999.000
202608070536,   2.899,   2.978,9999.000,9999.000,9999.000,9999.000,9999.000,9999.000,9999.000
202608070542,   2.961,   3.060,9999.000,9999.000,9999.000,9999.000,9999.000,9999.000,9999.000
202608070548,   3.021,   3.138,9999.000,9999.000,9999.000,9999.000,9999.000,9999.000,9999.000
202608070554,   3.078,   3.178,9999.000,9999.000,9999.000,9999.000,9999.000,9999.000,9999.000
202608070600,   3.133,   3.230,  -0.100,   0.197,   3.230,  -0.100,   3.230,   0.000,   3.330
202608070606,   3.185,   3.309,9999.000,9999.000,9999.000,9999.000,9999.000,9999.000,9999.000
202608070612,   3.234,   3.358,9999.000,9999.000,9999.000,9999.000,9999.000,9999.000,9999.000
202608070618,   3.280,   3.417,9999.000,9999.000,9999.000,9999.000,9999.000,9999.000,9999.000
202608070624,   3.323,   3.460,9999.000,9999.000,9999.000,9999.000,9999.000,9999.000,9999.000
202608070630,   3.362,   3.539,9999.000,9999.000,9999.000,9999.000,9999.000,9999.000,9999.000
202608070636,   3.398,   3.548,9999.000,9999.000,9999.000,9999.000,9999.000,9999.000,9999.000
202608070642,   3.431,   3.568,9999.000,9999.000,9999.000,9999.000,9999.000,9999.000,9999.000
202608070648,   3.460,   3.607,9999.000,9999.000,9999.000,9999.000,9999.000,9999.000,9999.000
202608070654,   3.486,   3.627,9999.000,9999.000,9999.000,9999.000,9999.000,9999.000,9999.000
202608070700,   3.507,   3.670,   0.000,   0.163,   3.670,  -0.100,   3.570,   0.000,   3.670
202608070706,   3.526,   3.680,9999.000,9999.000,9999.000,9999.000,9999.000,9999.000,9999.000
202608070712,   3.540,   3.680,9999.000,9999.000,9999.000,9999.000,9999.000,9999.000,9999.000
202608070718,   3.551,   3.680,9999.000,9999.000,9999.000,9999.000,9999.000,9999.000,9999.000
202608070724,   3.559,   3.699,9999.000,9999.000,9999.000,9999.000,9999.000,9999.000,9999.000
202608070730,   3.563,   3.680,9999.000,9999.000,9999.000,9999.000,9999.000,9999.000,9999.000
202608070736,   3.563,   3.670,9999.000,9999.000,9999.000,9999.000,9999.000,9999.000,9999.000
202608070742,   3.560,   3.699,9999.000,9999.000,9999.000,9999.000,9999.000,9999.000,9999.000
202608070748,   3.553,   3.689,9999.000,9999.000,9999.000,9999.000,9999.000,9999.000,9999.000
202608070754,   3.543,   3.709,9999.000,9999.000,9999.000,9999.000,9999.000,9999.000,9999.000
202608070800,   3.529,   3.709,  -0.100,   0.280,   3.709,  -0.100,   3.709,   0.000,   3.809
202608070806,   3.512,   3.739,9999.000,9999.000,9999.000,9999.000,9999.000,9999.000,9999.000
202608070812,   3.491,   3.749,9999.000,9999.000,9999.000,9999.000,9999.000,9999.000,9999.000
202608070818,   3.467,   3.689,9999.000,9999.000,9999.000,9999.000,9999.000,9999.000,9999.000
202608070824,   3.439,   3.680,9999.000,9999.000,9999.000,9999.000,9999.000,9999.000,9999.000
202608070830,   3.408,   3.627,9999.000,9999.000,9999.000,9999.000,9999.000,9999.000,9999.000
202608070836,   3.374,   3.617,9999.000,9999.000,9999.000,9999.000,9999.000,9999.000,9999.000
202608070842,   3.336,   3.548,9999.000,9999.000,9999.000,9999.000,9999.000,9999.000,9999.000
202608070848,   3.295,   3.480,9999.000,9999.000,9999.000,9999.000,9999.000,9999.000,9999.000
202608070854,   3.250,   3.460,9999.000,9999.000,9999.000,9999.000,9999.000,9999.000,9999.000
202608070900,   3.203,   3.407,  -0.100,   0.304,   3.407,  -0.100,   3.407,   0.000,   3.507
202608070906,   3.152,   3.398,9999.000,9999.000,9999.000,9999.000,9999.000,9999.000,9999.000
202608070912,   3.098,   3.358,9999.000,9999.000,9999.000,9999.000,9999.000,9999.000,9999.000
202608070918,   3.041,   3.260,9999.000,9999.000,9999.000,9999.000,9999.000,9999.000,9999.000
202608070924,   2.981,   3.207,9999.000,9999.000,9999.000,9999.000,9999.000,9999.000,9999.000
202608070930,   2.919,   3.158,9999.000,9999.000,9999.000,9999.000,9999.000,9999.000,9999.000
202608070936,   2.853,   3.079,9999.000,9999.000,9999.000,9999.000,9999.000,9999.000,9999.000
202608070942,   2.786,   2.988,9999.000,9999.000,9999.000,9999.000,9999.000,9999.000,9999.000
202608070948,   2.716,   2.889,9999.000,9999.000,9999.000,9999.000,9999.000,9999.000,9999.000
202608070954,   2.643,   2.807,9999.000,9999.000,9999.000,9999.000,9999.000,9999.000,9999.000
202608071000,   2.569,   2.699,   0.000,   0.130,   2.699,  -0.100,   2.599,   0.000,   2.699
202608071006,   2.493,   2.610,9999.000,9999.000,9999.000,9999.000,9999.000,9999.000,9999.000
202608071012,   2.415,   2.509,9999.000,9999.000,9999.000,9999.000,9999.000,9999.000,9999.000
202608071018,   2.336,   2.450,9999.000,9999.000,9999.000,9999.000,9999.000,9999.000,9999.000
202608071024,   2.256,   2.377,9999.000,9999.000,9999.000,9999.000,9999.000,9999.000,9999.000
202608071030,   2.174,   2.289,9999.000,9999.000,9999.000,9999.000,9999.000,9999.000,9999.000
202608071036,   2.092,   2.240,9999.000,9999.000,9999.000,9999.000,9999.000,9999.000,9999.000
202608071042,   2.009,   2.099,9999.000,9999.000,9999.000,9999.000,9999.000,9999.000,9999.000
202608071048,   1.926,   2.020,9999.000,9999.000,9999.000,9999.000,9999.000,9999.000,9999.000
202608071054,   1.842,   1.899,9999.000,9999.000,9999.000,9999.000,9999.000,9999.000,9999.000
202608071100,   1.758,   1.859,   0.000,   0.101,   1.859,  -0.100,   1.759,   0.000,   1.859
202608071106,   1.675,   1.748,9999.000,9999.000,9999.000,9999.000,9999.000,9999.000,9999.000
202608071112,   1.592,   1.649,9999.000,9999.000,9999.000,9999.000,9999.000,9999.000,9999.000
202608071118,   1.510,   1.590,9999.000,9999.000,9999.000,9999.000,9999.000,9999.000,9999.000
202608071124,   1.428,   1.518,9999.000,9999.000,9999.000,9999.000,9999.000,9999.000,9999.000
202608071130,   1.348,   1.420,9999.000,9999.000,9999.000,9999.000,9999.000,9999.000,9999.000
202608071136,   1.269,   1.328,9999.000,9999.000,9999.000,9999.000,9999.000,9999.000,9999.000
202608071142,   1.192,   1.259,9999.000,9999.000,9999.000,9999.000,9999.000,9999.000,9999.000
202608071148,   1.116,   1.200,9999.000,9999.000,9999.000,9999.000,9999.000,9999.000,9999.000
202608071154,   1.043,   1.138,9999.000,9999.000,9999.000,9999.000,9999.000,9999.000,9999.000
202608071200,   0.972,   1.069,   0.000,   0.097,   1.069,   0.000,   1.069,   0.000,   1.069
202608071206,   0.903,   0.980,9999.000,9999.000,9999.000,9999.000,9999.000,9999.000,9999.000
202608071212,   0.837,   0.888,9999.000,9999.000,9999.000,9999.000,9999.000,9999.000,9999.000
202608071218,   0.775,   0.819,9999.000,9999.000,9999.000,9999.000,9999.000,9999.000,9999.000
202608071224,   0.716,   0.780,9999.000,9999.000,9999.000,9999.000,9999.000,9999.000,9999.000
202608071230,   0.661,   0.698,9999.000,9999.000,9999.000,9999.000,9999.000,9999.000,9999.000
202608071236,   0.609,   0.649,9999.000,9999.000,9999.000,9999.000,9999.000,9999.000,9999.000
202608071242,   0.562,   0.590,9999.000,9999.000,9999.000,9999.000,9999.000,9999.000,9999.000
202608071248,   0.519,   0.560,9999.000,9999.000,9999.000,9999.000,9999.000,9999.000,9999.000
202608071254,   0.481,   0.508,9999.000,9999.000,9999.000,9999.000,9999.000,9999.000,9999.000
202608071300,   0.448,   0.498,   0.000,   0.050,   0.498,   0.000,   0.498,   0.000,   0.498
202608071306,   0.419,   0.469,9999.000,9999.000,9999.000,9999.000,9999.000,9999.000,9999.000
202608071312,   0.396,   0.469,9999.000,9999.000,9999.000,9999.000,9999.000,9999.000,9999.000
202608071318,   0.379,   0.469,9999.000,9999.000,9999.000,9999.000,9999.000,9999.000,9999.000
202608071324,   0.367,   0.488,9999.000,9999.000,9999.000,9999.000,9999.000,9999.000,9999.000
202608071330,   0.360,   0.498,9999.000,9999.000,9999.000,9999.000,9999.000,9999.000,9999.000
202608071336,   0.360,   0.508,9999.000,9999.000,9999.000,9999.000,9999.000,9999.000,9999.000
202608071342,   0.364,   0.531,9999.000,9999.000,9999.000,9999.000,9999.000,9999.000,9999.000
202608071348,   0.375,   0.478,9999.000,9999.000,9999.000,9999.000,9999.000,9999.000,9999.000
202608071354,   0.391,   0.531,9999.000,9999.000,9999.000,9999.000,9999.000,9999.000,9999.000
202608071400,   0.413,   0.600,   0.000,   0.187,   0.600,   0.000,   0.600,   0.000,   0.600
202608071406,   0.440,   0.610,9999.000,9999.000,9999.000,9999.000,9999.000,9999.000,9999.000
202608071412,   0.473,   0.619,9999.000,9999.000,9999.000,9999.000,9999.000,9999.000,9999.000
202608071418,   0.510,   0.629,9999.000,9999.000,9999.000,9999.000,9999.000,9999.000,9999.000
202608071424,   0.553,   0.708,9999.000,9999.000,9999.000,9999.000,9999.000,9999.000,9999.000
202608071430,   0.601,   0.741,9999.000,9999.000,9999.000,9999.000,9999.000,9999.000,9999.000
202608071436,   0.653,   0.839,9999.000,9999.000,9999.000,9999.000,9999.000,9999.000,9999.000
202608071442,   0.710,   0.869,9999.000,9999.000,9999.000,9999.000,9999.000,9999.000,9999.000
202608071448,   0.770,   0.928,9999.000,9999.000,9999.000,9999.000,9999.000,9999.000,9999.000
202608071454,   0.835,   0.990,9999.000,9999.000,9999.000,9999.000,9999.000,9999.000,9999.000
202608071500,   0.904,   1.069,   0.000,   0.165,   1.069,   0.000,   1.069,   0.000,   1.069
202608071506,   0.976,   1.170,9999.000,9999.000,9999.000,9999.000,9999.000,9999.000,9999.000
202608071512,   1.051,   1.210,9999.000,9999.000,9999.000,9999.000,9999.000,9999.000,9999.000
202608071518,   1.129,   1.318,9999.000,9999.000,9999.000,9999.000,9999.000,9999.000,9999.000
202608071524,   1.210,   1.400,9999.000,9999.000,9999.000,9999.000,9999.000,9999.000,9999.000
202608071530,   1.293,   1.459,9999.000,9999.000,9999.000,9999.000,9999.000,9999.000,9999.000
202608071536,   1.379,   1.548,9999.000,9999.000,9999.000,9999.000,9999.000,9999.000,9999.000
202608071542,   1.467,   1.620,9999.000,9999.000,9999.000,9999.000,9999.000,9999.000,9999.000
202608071548,   1.558,   1.689,9999.000,9999.000,9999.000,9999.000,9999.000,9999.000,9999.000
202608071554,   1.650,   1.781,9999.000,9999.000,9999.000,9999.000,9999.000,9999.000,9999.000
202608071600,   1.744,   1.899,   0.000,   0.155,   1.899,   0.000,   1.899,   0.000,   1.899
202608071606,   1.839,   2.000,9999.000,9999.000,9999.000,9999.000,9999.000,9999.000,9999.000
202608071612,   1.936,   2.069,9999.000,9999.000,9999.000,9999.000,9999.000,9999.000,9999.000
202608071618,   2.034,   2.168,9999.000,9999.000,9999.000,9999.000,9999.000,9999.000,9999.000
202608071624,   2.133,   2.269,9999.000,9999.000,9999.000,9999.000,9999.000,9999.000,9999.000
202608071630,   2.233,   2.377,9999.000,9999.000,9999.000,9999.000,9999.000,9999.000,9999.000
202608071636,   2.334,   2.489,9999.000,9999.000,9999.000,9999.000,9999.000,9999.000,9999.000
202608071642,   2.435,   2.610,9999.000,9999.000,9999.000,9999.000,9999.000,9999.000,9999.000
202608071648,   2.538,   2.728,9999.000,9999.000,9999.000,9999.000,9999.000,9999.000,9999.000
202608071654,   2.640,   2.850,9999.000,9999.000,9999.000,9999.000,9999.000,9999.000,9999.000
202608071700,   2.742,   2.978,   0.000,   0.236,   2.978,   0.000,   2.978,   0.000,   2.978
202608071706,   2.844,   3.070,9999.000,9999.000,9999.000,9999.000,9999.000,9999.000,9999.000
202608071712,   2.946,   3.178,9999.000,9999.000,9999.000,9999.000,9999.000,9999.000,9999.000
202608071718,   3.048,   3.250,9999.000,9999.000,9999.000,9999.000,9999.000,9999.000,9999.000
202608071724,   3.148,   3.378,9999.000,9999.000,9999.000,9999.000,9999.000,9999.000,9999.000
202608071730,   3.248,   3.460,9999.000,9999.000,9999.000,9999.000,9999.000,9999.000,9999.000
202608071736,   3.346,   3.568,9999.000,9999.000,9999.000,9999.000,9999.000,9999.000,9999.000
202608071742,   3.443,   3.650,9999.000,9999.000,9999.000,9999.000,9999.000,9999.000,9999.000
202608071748,   3.538,   3.758,9999.000,9999.000,9999.000,9999.000,9999.000,9999.000,9999.000
202608071754,   3.630,   3.890,9999.000,9999.000,9999.000,9999.000,9999.000,9999.000,9999.000
202608071800,   3.721,   3.998,   0.000,   0.277,   3.998,   0.000,   3.998,   0.000,   3.998
202608071806,   3.809,   4.037,9999.000,9999.000,9999.000,9999.000,9999.000,9999.000,9999.000
202608071812,   3.894,   4.139,9999.000,9999.000,9999.000,9999.000,9999.000,9999.000,9999.000
202608071818,   3.976,   4.208,9999.000,9999.000,9999.000,9999.000,9999.000,9999.000,9999.000
202608071824,   4.055,   4.309,9999.000,9999.000,9999.000,9999.000,9999.000,9999.000,9999.000
202608071830,   4.131,   4.378,9999.000,9999.000,9999.000,9999.000,9999.000,9999.000,9999.000
202608071836,   4.203,   4.447,9999.000,9999.000,9999.000,9999.000,9999.000,9999.000,9999.000
202608071842,   4.272,   4.519,9999.000,9999.000,9999.000,9999.000,9999.000,9999.000,9999.000
202608071848,   4.336,   4.578,9999.000,9999.000,9999.000,9999.000,9999.000,9999.000,9999.000
202608071854,   4.397,   4.647,9999.000,9999.000,9999.000,9999.000,9999.000,9999.000,9999.000
202608071900,   4.454,   4.710,   0.000,   0.256,   4.710,   0.000,   4.710,   0.000,   4.710
202608071906,   4.506,   4.759,9999.000,9999.000,9999.000,9999.000,9999.000,9999.000,9999.000
202608071912,   4.555,   4.818,9999.000,9999.000,9999.000,9999.000,9999.000,9999.000,9999.000
202608071918,   4.599,   4.867,9999.000,9999.000,9999.000,9999.000,9999.000,9999.000,9999.000
202608071924,   4.639,   4.910,9999.000,9999.000,9999.000,9999.000,9999.000,9999.000,9999.000
202608071930,   4.675,   4.929,9999.000,9999.000,9999.000,9999.000,9999.000,9999.000,9999.000
202608071936,   4.706,   4.988,9999.000,9999.000,9999.000,9999.000,9999.000,9999.000,9999.000
202608071942,   4.733,   5.018,9999.000,9999.000,9999.000,9999.000,9999.000,9999.000,9999.000
202608071948,   4.756,   5.038,9999.000,9999.000,9999.000,9999.000,9999.000,9999.000,9999.000
202608071954,   4.775,   5.057,9999.000,9999.000,9999.000,9999.000,9999.000,9999.000,9999.000
202608072000,   4.790,   5.047,   0.000,   0.257,   5.047,   0.000,   5.047,   0.000,   5.047
202608072006,   4.800,   5.008,9999.000,9999.000,9999.000,9999.000,9999.000,9999.000,9999.000
202608072012,   4.806,   5.008,9999.000,9999.000,9999.000,9999.000,9999.000,9999.000,9999.000
202608072018,   4.808,   5.028,9999.000,9999.000,9999.000,9999.000,9999.000,9999.000,9999.000
202608072024,   4.805,   5.087,9999.000,9999.000,9999.000,9999.000,9999.000,9999.000,9999.000
202608072030,   4.799,   5.057,9999.000,9999.000,9999.000,9999.000,9999.000,9999.000,9999.000
202608072036,   4.788,   5.018,9999.000,9999.000,9999.000,9999.000,9999.000,9999.000,9999.000
202608072042,   4.773,   5.038,9999.000,9999.000,9999.000,9999.000,9999.000,9999.000,9999.000
202608072048,   4.753,   4.988,9999.000,9999.000,9999.000,9999.000,9999.000,9999.000,9999.000
202608072054,   4.730,   4.969,9999.000,9999.000,9999.000,9999.000,9999.000,9999.000,9999.000
202608072100,   4.702,   4.929,   0.000,   0.227,   4.929,   0.000,   4.929,   0.000,   4.929
202608072106,   4.670,   4.919,9999.000,9999.000,9999.000,9999.000,9999.000,9999.000,9999.000
202608072112,   4.634,   4.867,9999.000,9999.000,9999.000,9999.000,9999.000,9999.000,9999.000
202608072118,   4.594,   4.818,9999.000,9999.000,9999.000,9999.000,9999.000,9999.000,9999.000
202608072124,   4.550,   4.778,9999.000,9999.000,9999.000,9999.000,9999.000,9999.000,9999.000
202608072130,   4.502,   4.710,9999.000,9999.000,9999.000,9999.000,9999.000,9999.000,9999.000
202608072136,   4.450,   4.667,9999.000,9999.000,9999.000,9999.000,9999.000,9999.000,9999.000
202608072142,   4.394,   4.647,9999.000,9999.000,9999.000,9999.000,9999.000,9999.000,9999.000
202608072148,   4.334,   4.588,9999.000,9999.000,9999.000,9999.000,9999.000,9999.000,9999.000
202608072154,   4.271,   4.539,9999.000,9999.000,9999.000,9999.000,9999.000,9999.000,9999.000
202608072200,   4.204,   4.457,   0.000,   0.253,   4.457,   0.000,   4.457,   0.100,   4.557
202608072206,   4.133,   4.437,9999.000,9999.000,9999.000,9999.000,9999.000,9999.000,9999.000
202608072212,   4.060,   4.368,9999.000,9999.000,9999.000,9999.000,9999.000,9999.000,9999.000
202608072218,   3.983,   4.267,9999.000,9999.000,9999.000,9999.000,9999.000,9999.000,9999.000
202608072224,   3.904,   4.168,9999.000,9999.000,9999.000,9999.000,9999.000,9999.000,9999.000
202608072230,   3.822,   4.037,9999.000,9999.000,9999.000,9999.000,9999.000,9999.000,9999.000
202608072236,   3.737,   3.939,9999.000,9999.000,9999.000,9999.000,9999.000,9999.000,9999.000
202608072242,   3.650,   3.847,9999.000,9999.000,9999.000,9999.000,9999.000,9999.000,9999.000
202608072248,   3.560,   3.758,9999.000,9999.000,9999.000,9999.000,9999.000,9999.000,9999.000
202608072254,   3.469,   3.627,9999.000,9999.000,9999.000,9999.000,9999.000,9999.000,9999.000
202608072300,   3.376,   3.519,   0.000,   0.143,   3.519,   0.000,   3.519,   0.100,   3.619
202608072306,   3.281,   3.417,9999.000,9999.000,9999.000,9999.000,9999.000,9999.000,9999.000
202608072312,   3.185,   3.358,9999.000,9999.000,9999.000,9999.000,9999.000,9999.000,9999.000
202608072318,   3.088,   3.230,9999.000,9999.000,9999.000,9999.000,9999.000,9999.000,9999.000
202608072324,   2.990,   3.119,9999.000,9999.000,9999.000,9999.000,9999.000,9999.000,9999.000
202608072330,   2.891,   2.997,9999.000,9999.000,9999.000,9999.000,9999.000,9999.000,9999.000
202608072336,   2.792,   2.869,9999.000,9999.000,9999.000,9999.000,9999.000,9999.000,9999.000
202608072342,   2.692,   2.748,9999.000,9999.000,9999.000,9999.000,9999.000,9999.000,9999.000
202608072348,   2.593,   2.660,9999.000,9999.000,9999.000,9999.000,9999.000,9999.000,9999.000
202608072354,   2.493,   2.568,9999.000,9999.000,9999.000,9999.000,9999.000,9999.000,9999.000
202608080000,   2.394,   2.479,   0.000,   0.085,   2.479,   0.000,   2.479,   0.000,   2.479
202608080006,   2.295,   2.420,9999.000,9999.000,9999.000,9999.000,9999.000,9999.000,9999.000
202608080012,   2.198,   2.377,9999.000,9999.000,9999.000,9999.000,9999.000,9999.000,9999.000
202608080018,   2.101,   2.259,9999.000,9999.000,9999.000,9999.000,9999.000,9999.000,9999.000
202608080024,   2.006,   2.191,9999.000,9999.000,9999.000,9999.000,9999.000,9999.000,9999.000
202608080030,   1.912,   2.089,9999.000,9999.000,9999.000,9999.000,9999.000,9999.000,9999.000
202608080036,   1.820,   2.030,9999.000,9999.000,9999.000,9999.000,9999.000,9999.000,9999.000
202608080042,   1.730,   1.899,9999.000,9999.000,9999.000,9999.000,9999.000,9999.000,9999.000
202608080048,   1.643,   1.840,9999.000,9999.000,9999.000,9999.000,9999.000,9999.000,9999.000
202608080054,   1.559,   1.738,9999.000,9999.000,9999.000,9999.000,9999.000,9999.000,9999.000
202608080100,   1.477,   1.610,   0.000,   0.133,   1.610,   0.000,   1.610,   0.000,   1.610
202608080106,   1.399,   1.548,9999.000,9999.000,9999.000,9999.000,9999.000,9999.000,9999.000
202608080112,   1.324,   1.430,9999.000,9999.000,9999.000,9999.000,9999.000,9999.000,9999.000
202608080118,   1.252,   1.371,9999.000,9999.000,9999.000,9999.000,9999.000,9999.000,9999.000
202608080124,   1.185,   1.249,9999.000,9999.000,9999.000,9999.000,9999.000,9999.000,9999.000
202608080130,   1.122,   1.108,9999.000,9999.000,9999.000,9999.000,9999.000,9999.000,9999.000
202608080136,   1.063,   1.029,9999.000,9999.000,9999.000,9999.000,9999.000,9999.000,9999.000
202608080142,   1.009,   0.970,9999.000,9999.000,9999.000,9999.000,9999.000,9999.000,9999.000
202608080148,   0.960,   0.908,9999.000,9999.000,9999.000,9999.000,9999.000,9999.000,9999.000
202608080154,   0.915,   0.918,9999.000,9999.000,9999.000,9999.000,9999.000,9999.000,9999.000
202608080200,   0.876,   0.869,   0.000,  -0.007,   0.869,   0.000,   0.869,   0.000,   0.869
202608080206,   0.841,   0.829,9999.000,9999.000,9999.000,9999.000,9999.000,9999.000,9999.000
202608080212,   0.812,   0.800,9999.000,9999.000,9999.000,9999.000,9999.000,9999.000,9999.000
202608080218,   0.787,   0.770,9999.000,9999.000,9999.000,9999.000,9999.000,9999.000,9999.000
202608080224,   0.768,   0.770,9999.000,9999.000,9999.000,9999.000,9999.000,9999.000,9999.000
202608080230,   0.753,   0.708,9999.000,9999.000,9999.000,9999.000,9999.000,9999.000,9999.000
202608080236,   0.744,   0.698,9999.000,9999.000,9999.000,9999.000,9999.000,9999.000,9999.000
202608080242,   0.740,   0.770,9999.000,9999.000,9999.000,9999.000,9999.000,9999.000,9999.000
202608080248,   0.740,   0.839,9999.000,9999.000,9999.000,9999.000,9999.000,9999.000,9999.000
202608080254,   0.745,   0.849,9999.000,9999.000,9999.000,9999.000,9999.000,9999.000,9999.000
202608080300,   0.754,   0.888,   0.000,   0.134,   0.888,   0.000,   0.888,   0.000,   0.888
202608080306,   0.767,   0.888,9999.000,9999.000,9999.000,9999.000,9999.000,9999.000,9999.000
202608080312,   0.785,   0.908,9999.000,9999.000,9999.000,9999.000,9999.000,9999.000,9999.000
202608080318,   0.806,   0.961,9999.000,9999.000,9999.000,9999.000,9999.000,9999.000,9999.000
202608080324,   0.832,   0.970,9999.000,9999.000,9999.000,9999.000,9999.000,9999.000,9999.000
202608080330,   0.861,   0.941,9999.000,9999.000,9999.000,9999.000,9999.000,9999.000,9999.000
202608080336,   0.893,   0.941,9999.000,9999.000,9999.000,9999.000,9999.000,9999.000,9999.000
202608080342,   0.928,   0.941,9999.000,9999.000,9999.000,9999.000,9999.000,9999.000,9999.000
202608080348,   0.967,   0.928,9999.000,9999.000,9999.000,9999.000,9999.000,9999.000,9999.000
202608080354,   1.008,   1.010,9999.000,9999.000,9999.000,9999.000,9999.000,9999.000,9999.000
202608080400,   1.052,   1.020,   0.000,  -0.032,   1.020,   0.000,   1.020,   0.000,   1.020
202608080406,   1.099,   1.088,9999.000,9999.000,9999.000,9999.000,9999.000,9999.000,9999.000
202608080412,   1.148,   1.069,9999.000,9999.000,9999.000,9999.000,9999.000,9999.000,9999.000
202608080418,   1.199,   1.161,9999.000,9999.000,9999.000,9999.000,9999.000,9999.000,9999.000
202608080424,   1.253,   1.200,9999.000,9999.000,9999.000,9999.000,9999.000,9999.000,9999.000
202608080430,   1.308,   1.298,9999.000,9999.000,9999.000,9999.000,9999.000,9999.000,9999.000
202608080436,   1.366,   1.371,9999.000,9999.000,9999.000,9999.000,9999.000,9999.000,9999.000
202608080442,   1.426,   1.430,9999.000,9999.000,9999.000,9999.000,9999.000,9999.000,9999.000
202608080448,   1.487,   1.508,9999.000,9999.000,9999.000,9999.000,9999.000,9999.000,9999.000
202608080454,   1.550,   1.620,9999.000,9999.000,9999.000,9999.000,9999.000,9999.000,9999.000
202608080500,   1.614,   1.699,   0.000,   0.085,   1.699,  -0.100,   1.599,   0.000,   1.699
202608080506,   1.680,   1.758,9999.000,9999.000,9999.000,9999.000,9999.000,9999.000,9999.000
202608080512,   1.747,   1.830,9999.000,9999.000,9999.000,9999.000,9999.000,9999.000,9999.000
202608080518,   1.816,   1.889,9999.000,9999.000,9999.000,9999.000,9999.000,9999.000,9999.000
202608080524,   1.885,   2.010,9999.000,9999.000,9999.000,9999.000,9999.000,9999.000,9999.000
202608080530,   1.955,   2.079,9999.000,9999.000,9999.000,9999.000,9999.000,9999.000,9999.000
202608080536,   2.026,   2.191,9999.000,9999.000,9999.000,9999.000,9999.000,9999.000,9999.000
202608080542,   2.097,   2.230,9999.000,9999.000,9999.000,9999.000,9999.000,9999.000,9999.000
202608080548,   2.169,   2.328,9999.000,9999.000,9999.000,9999.000,9999.000,9999.000,9999.000
202608080554,   2.240,   2.400,9999.000,9999.000,9999.000,9999.000,9999.000,9999.000,9999.000
202608080600,   2.311,   2.479,   0.000,   0.168,   2.479,  -0.100,   2.379,   0.000,   2.479
202608080606,   2.382,   2.538,9999.000,9999.000,9999.000,9999.000,9999.000,9999.000,9999.000
202608080612,   2.452,   2.610,9999.000,9999.000,9999.000,9999.000,9999.000,9999.000,9999.000
202608080618,   2.522,   2.679,9999.000,9999.000,9999.000,9999.000,9999.000,9999.000,9999.000
202608080624,   2.590,   2.768,9999.000,9999.000,9999.000,9999.000,9999.000,9999.000,9999.000
202608080630,   2.657,   2.807,9999.000,9999.000,9999.000,9999.000,9999.000,9999.000,9999.000
202608080636,   2.722,   2.909,9999.000,9999.000,9999.000,9999.000,9999.000,9999.000,9999.000
202608080642,   2.786,   2.968,9999.000,9999.000,9999.000,9999.000,9999.000,9999.000,9999.000
202608080648,   2.847,   3.017,9999.000,9999.000,9999.000,9999.000,9999.000,9999.000,9999.000
202608080654,   2.907,   3.070,9999.000,9999.000,9999.000,9999.000,9999.000,9999.000,9999.000
202608080700,   2.964,   3.138,   0.000,   0.174,   3.138,  -0.100,   3.038,   0.000,   3.138
202608080706,   3.018,   3.168,9999.000,9999.000,9999.000,9999.000,9999.000,9999.000,9999.000
202608080712,   3.070,   3.207,9999.000,9999.000,9999.000,9999.000,9999.000,9999.000,9999.000
202608080718,   3.120,   3.260,9999.000,9999.000,9999.000,9999.000,9999.000,9999.000,9999.000
202608080724,   3.166,   3.319,9999.000,9999.000,9999.000,9999.000,9999.000,9999.000,9999.000
202608080730,   3.210,   3.378,9999.000,9999.000,9999.000,9999.000,9999.000,9999.000,9999.000
202608080736,   3.251,   3.427,9999.000,9999.000,9999.000,9999.000,9999.000,9999.000,9999.000
202608080742,   3.288,   3.489,9999.000,9999.000,9999.000,9999.000,9999.000,9999.000,9999.000
202608080748,   3.323,   3.548,9999.000,9999.000,9999.000,9999.000,9999.000,9999.000,9999.000
202608080754,   3.354,   3.578,9999.000,9999.000,9999.000,9999.000,9999.000,9999.000,9999.000
202608080800,   3.382,   3.617,   0.000,   0.235,   3.617,  -0.100,   3.517,   0.000,   3.617
202608080806,   3.407,   3.627,9999.000,9999.000,9999.000,9999.000,9999.000,9999.000,9999.000
202608080812,   3.428,   3.689,9999.000,9999.000,9999.000,9999.000,9999.000,9999.000,9999.000
202608080818,   3.446,   3.709,9999.000,9999.000,9999.000,9999.000,9999.000,9999.000,9999.000
202608080824,   3.461,   3.739,9999.000,9999.000,9999.000,9999.000,9999.000,9999.000,9999.000
202608080830,   3.472,   3.768,9999.000,9999.000,9999.000,9999.000,9999.000,9999.000,9999.000
202608080836,   3.480,   3.768,9999.000,9999.000,9999.000,9999.000,9999.000,9999.000,9999.000
202608080842,   3.485,   3.827,9999.000,9999.000,9999.000,9999.000,9999.000,9999.000,9999.000
202608080848,   3.486,   3.847,9999.000,9999.000,9999.000,9999.000,9999.000,9999.000,9999.000
202608080854,   3.483,   3.860,9999.000,9999.000,9999.000,9999.000,9999.000,9999.000,9999.000
202608080900,   3.477,   3.827,   0.000,   0.350,   3.827,   0.000,   3.827,   0.000,   3.827
202608080906,   3.467,   3.827,9999.000,9999.000,9999.000,9999.000,9999.000,9999.000,9999.000
202608080912,   3.454,   3.808,9999.000,9999.000,9999.000,9999.000,9999.000,9999.000,9999.000
202608080918,   3.437,   3.808,9999.000,9999.000,9999.000,9999.000,9999.000,9999.000,9999.000
202608080924,   3.416,   3.729,9999.000,9999.000,9999.000,9999.000,9999.000,9999.000,9999.000
202608080930,   3.392,   3.709,9999.000,9999.000,9999.000,9999.000,9999.000,9999.000,9999.000
202608080936,   3.364,   3.617,9999.000,9999.000,9999.000,9999.000,9999.000,9999.000,9999.000
202608080942,   3.332,   3.588,9999.000,9999.000,9999.000,9999.000,9999.000,9999.000,9999.000
202608080948,   3.297,   3.548,9999.000,9999.000,9999.000,9999.000,9999.000,9999.000,9999.000
202608080954,   3.257,   3.499,9999.000,9999.000,9999.000,9999.000,9999.000,9999.000,9999.000
202608081000,   3.215,   3.470,   0.000,   0.255,   3.470,   0.000,   3.470,   0.000,   3.470
202608081006,   3.169,   3.417,9999.000,9999.000,9999.000,9999.000,9999.000,9999.000,9999.000
202608081012,   3.119,   3.388,9999.000,9999.000,9999.000,9999.000,9999.000,9999.000,9999.000
202608081018,   3.066,   3.348,9999.000,9999.000,9999.000,9999.000,9999.000,9999.000,9999.000
202608081024,   3.010,   3.279,9999.000,9999.000,9999.000,9999.000,9999.000,9999.000,9999.000
202608081030,   2.951,   3.230,9999.000,9999.000,9999.000,9999.000,9999.000,9999.000,9999.000
202608081036,   2.888,   3.148,9999.000,9999.000,9999.000,9999.000,9999.000,9999.000,9999.000
202608081042,   2.823,   3.099,9999.000,9999.000,9999.000,9999.000,9999.000,9999.000,9999.000
202608081048,   2.756,   3.017,9999.000,9999.000,9999.000,9999.000,9999.000,9999.000,9999.000
202608081054,   2.685,   2.968,9999.000,9999.000,9999.000,9999.000,9999.000,9999.000,9999.000
202608081100,   2.613,   2.899,   0.000,   0.286,   2.899,   0.000,   2.899,   0.000,   2.899
202608081106,   2.538,   2.787,9999.000,9999.000,9999.000,9999.000,9999.000,9999.000,9999.000
202608081112,   2.462,   2.699,9999.000,9999.000,9999.000,9999.000,9999.000,9999.000,9999.000
202608081118,   2.383,   2.640,9999.000,9999.000,9999.000,9999.000,9999.000,9999.000,9999.000
202608081124,   2.304,   2.548,9999.000,9999.000,9999.000,9999.000,9999.000,9999.000,9999.000
202608081130,   2.223,   2.489,9999.000,9999.000,9999.000,9999.000,9999.000,9999.000,9999.000
202608081136,   2.140,   2.410,9999.000,9999.000,9999.000,9999.000,9999.000,9999.000,9999.000
202608081142,   2.057,   2.338,9999.000,9999.000,9999.000,9999.000,9999.000,9999.000,9999.000
202608081148,   1.974,   2.191,9999.000,9999.000,9999.000,9999.000,9999.000,9999.000,9999.000
202608081154,   1.890,   2.099,9999.000,9999.000,9999.000,9999.000,9999.000,9999.000,9999.000
202608081200,   1.805,   1.990,   0.000,   0.185,   1.990,   0.000,   1.990,   0.000,   1.990
202608081206,   1.721,   1.899,9999.000,9999.000,9999.000,9999.000,9999.000,9999.000,9999.000
202608081212,   1.637,   1.810,9999.000,9999.000,9999.000,9999.000,9999.000,9999.000,9999.000
202608081218,   1.553,   1.699,9999.000,9999.000,9999.000,9999.000,9999.000,9999.000,9999.000
202608081224,   1.470,   1.600,9999.000,9999.000,9999.000,9999.000,9999.000,9999.000,9999.000
202608081230,   1.388,   1.518,9999.000,9999.000,9999.000,9999.000,9999.000,9999.000,9999.000
202608081236,   1.307,   1.449,9999.000,9999.000,9999.000,9999.000,9999.000,9999.000,9999.000
202608081242,   1.227,   1.361,9999.000,9999.000,9999.000,9999.000,9999.000,9999.000,9999.000
202608081248,   1.149,   1.279,9999.000,9999.000,9999.000,9999.000,9999.000,9999.000,9999.000
202608081254,   1.073,   1.229,9999.000,9999.000,9999.000,9999.000,9999.000,9999.000,9999.000
202608081300,   1.000,   1.138,   0.000,   0.138,   1.138,   0.000,   1.138,   0.000,   1.138
202608081306,   0.929,   1.088,9999.000,9999.000,9999.000,9999.000,9999.000,9999.000,9999.000
202608081312,   0.860,   1.020,9999.000,9999.000,9999.000,9999.000,9999.000,9999.000,9999.000
202608081318,   0.795,   0.970,9999.000,9999.000,9999.000,9999.000,9999.000,9999.000,9999.000
202608081324,   0.733,   0.908,9999.000,9999.000,9999.000,9999.000,9999.000,9999.000,9999.000
202608081330,   0.675,   0.839,9999.000,9999.000,9999.000,9999.000,9999.000,9999.000,9999.000
202608081336,   0.620,   0.800,9999.000,9999.000,9999.000,9999.000,9999.000,9999.000,9999.000
202608081342,   0.570,   0.839,9999.000,9999.000,9999.000,9999.000,9999.000,9999.000,9999.000
202608081348,   0.525,   0.708,9999.000,9999.000,9999.000,9999.000,9999.000,9999.000,9999.000
202608081354,   0.484,   0.678,9999.000,9999.000,9999.000,9999.000,9999.000,9999.000,9999.000
202608081400,   0.448,   0.639,   0.000,   0.191,   0.639,   0.000,   0.639,   0.000,   0.639
202608081406,   0.417,   0.629,9999.000,9999.000,9999.000,9999.000,9999.000,9999.000,9999.000
202608081412,   0.391,   0.629,9999.000,9999.000,9999.000,9999.000,9999.000,9999.000,9999.000
202608081418,   0.371,   0.619,9999.000,9999.000,9999.000,9999.000,9999.000,9999.000,9999.000
202608081424,   0.356,   0.600,9999.000,9999.000,9999.000,9999.000,9999.000,9999.000,9999.000
202608081430,   0.347,   0.570,9999.000,9999.000,9999.000,9999.000,9999.000,9999.000,9999.000
202608081436,   0.343,   0.551,9999.000,9999.000,9999.000,9999.000,9999.000,9999.000,9999.000
202608081442,   0.346,   0.488,9999.000,9999.000,9999.000,9999.000,9999.000,9999.000,9999.000
202608081448,   0.354,   0.560,9999.000,9999.000,9999.000,9999.000,9999.000,9999.000,9999.000
202608081454,   0.367,   0.610,9999.000,9999.000,9999.000,9999.000,9999.000,9999.000,9999.000
202608081500,   0.386,   0.610,   0.000,   0.224,   0.610,   0.000,   0.610,   0.000,   0.610
202608081506,   0.411,   0.678,9999.000,9999.000,9999.000,9999.000,9999.000,9999.000,9999.000
202608081512,   0.441,   0.760,9999.000,9999.000,9999.000,9999.000,9999.000,9999.000,9999.000
202608081518,   0.477,   0.810,9999.000,9999.000,9999.000,9999.000,9999.000,9999.000,9999.000
202608081524,   0.517,   0.859,9999.000,9999.000,9999.000,9999.000,9999.000,9999.000,9999.000
202608081530,   0.562,   0.888,9999.000,9999.000,9999.000,9999.000,9999.000,9999.000,9999.000
202608081536,   0.612,   0.898,9999.000,9999.000,9999.000,9999.000,9999.000,9999.000,9999.000
202608081542,   0.667,   0.990,9999.000,9999.000,9999.000,9999.000,9999.000,9999.000,9999.000
202608081548,   0.725,   1.098,9999.000,9999.000,9999.000,9999.000,9999.000,9999.000,9999.000
202608081554,   0.788,   1.161,9999.000,9999.000,9999.000,9999.000,9999.000,9999.000,9999.000
202608081600,   0.854,   1.180,   0.000,   0.326,   1.180,   0.000,   1.180,   0.000,   1.180
202608081606,   0.925,   1.249,9999.000,9999.000,9999.000,9999.000,9999.000,9999.000,9999.000
202608081612,   0.998,   1.328,9999.000,9999.000,9999.000,9999.000,9999.000,9999.000,9999.000
202608081618,   1.075,   1.400,9999.000,9999.000,9999.000,9999.000,9999.000,9999.000,9999.000
202608081624,   1.155,   1.449,9999.000,9999.000,9999.000,9999.000,9999.000,9999.000,9999.000
202608081630,   1.237,   1.518,9999.000,9999.000,9999.000,9999.000,9999.000,9999.000,9999.000
202608081636,   1.322,   1.610,9999.000,9999.000,9999.000,9999.000,9999.000,9999.000,9999.000
202608081642,   1.410,   1.728,9999.000,9999.000,9999.000,9999.000,9999.000,9999.000,9999.000
202608081648,   1.500,   1.820,9999.000,9999.000,9999.000,9999.000,9999.000,9999.000,9999.000
202608081654,   1.593,   1.908,9999.000,9999.000,9999.000,9999.000,9999.000,9999.000,9999.000
202608081700,   1.687,   1.981,   0.000,   0.294,   1.981,   0.000,   1.981,   0.000,   1.981
202608081706,   1.783,   2.079,9999.000,9999.000,9999.000,9999.000,9999.000,9999.000,9999.000
202608081712,   1.881,   2.210,9999.000,9999.000,9999.000,9999.000,9999.000,9999.000,9999.000
202608081718,   1.980,   2.289,9999.000,9999.000,9999.000,9999.000,9999.000,9999.000,9999.000
202608081724,   2.081,   2.377,9999.000,9999.000,9999.000,9999.000,9999.000,9999.000,9999.000
202608081730,   2.183,   2.479,9999.000,9999.000,9999.000,9999.000,9999.000,9999.000,9999.000
202608081736,   2.286,   2.597,9999.000,9999.000,9999.000,9999.000,9999.000,9999.000,9999.000
202608081742,   2.390,   2.679,9999.000,9999.000,9999.000,9999.000,9999.000,9999.000,9999.000
202608081748,   2.495,   2.830,9999.000,9999.000,9999.000,9999.000,9999.000,9999.000,9999.000
202608081754,   2.600,   2.938,9999.000,9999.000,9999.000,9999.000,9999.000,9999.000,9999.000
202608081800,   2.706,   3.060,   0.000,   0.354,   3.060,   0.000,   3.060,   0.100,   3.160
202608081806,   2.811,   3.148,9999.000,9999.000,9999.000,9999.000,9999.000,9999.000,9999.000
202608081812,   2.917,   3.279,9999.000,9999.000,9999.000,9999.000,9999.000,9999.000,9999.000
202608081818,   3.022,   3.378,9999.000,9999.000,9999.000,9999.000,9999.000,9999.000,9999.000
202608081824,   3.126,   3.499,9999.000,9999.000,9999.000,9999.000,9999.000,9999.000,9999.000
202608081830,   3.230,   3.607,9999.000,9999.000,9999.000,9999.000,9999.000,9999.000,9999.000
202608081836,   3.332,   3.719,9999.000,9999.000,9999.000,9999.000,9999.000,9999.000,9999.000
202608081842,   3.433,   3.798,9999.000,9999.000,9999.000,9999.000,9999.000,9999.000,9999.000
202608081848,   3.533,   3.909,9999.000,9999.000,9999.000,9999.000,9999.000,9999.000,9999.000
202608081854,   3.630,   4.008,9999.000,9999.000,9999.000,9999.000,9999.000,9999.000,9999.000
202608081900,   3.726,   4.119,   0.000,   0.393,   4.119,   0.000,   4.119,   0.100,   4.219
202608081906,   3.819,   4.198,9999.000,9999.000,9999.000,9999.000,9999.000,9999.000,9999.000
202608081912,   3.909,   4.300,9999.000,9999.000,9999.000,9999.000,9999.000,9999.000,9999.000
202608081918,   3.997,   4.368,9999.000,9999.000,9999.000,9999.000,9999.000,9999.000,9999.000
202608081924,   4.082,   4.467,9999.000,9999.000,9999.000,9999.000,9999.000,9999.000,9999.000
202608081930,   4.163,   4.700,9999.000,9999.000,9999.000,9999.000,9999.000,9999.000,9999.000
202608081936,   4.241,   4.778,9999.000,9999.000,9999.000,9999.000,9999.000,9999.000,9999.000
202608081942,   4.316,   4.877,9999.000,9999.000,9999.000,9999.000,9999.000,9999.000,9999.000
202608081948,   4.387,   4.969,9999.000,9999.000,9999.000,9999.000,9999.000,9999.000,9999.000
202608081954,   4.455,   4.998,9999.000,9999.000,9999.000,9999.000,9999.000,9999.000,9999.000
202608082000,   4.519,   5.038,   0.000,   0.519,   5.038,   0.000,   5.038,   0.100,   5.138
202608082006,   4.578,   5.067,9999.000,9999.000,9999.000,9999.000,9999.000,9999.000,9999.000
202608082012,   4.634,   5.047,9999.000,9999.000,9999.000,9999.000,9999.000,9999.000,9999.000
202608082018,   4.686,   5.097,9999.000,9999.000,9999.000,9999.000,9999.000,9999.000,9999.000
202608082024,   4.734,   5.149,9999.000,9999.000,9999.000,9999.000,9999.000,9999.000,9999.000
202608082030,   4.777,   5.159,9999.000,9999.000,9999.000,9999.000,9999.000,9999.000,9999.000
202608082036,   4.816,   5.149,9999.000,9999.000,9999.000,9999.000,9999.000,9999.000,9999.000
202608082042,   4.852,   5.149,9999.000,9999.000,9999.000,9999.000,9999.000,9999.000,9999.000
202608082048,   4.882,   5.208,9999.000,9999.000,9999.000,9999.000,9999.000,9999.000,9999.000
202608082054,   4.909,   5.077,9999.000,9999.000,9999.000,9999.000,9999.000,9999.000,9999.000
202608082100,   4.931,   5.129,   0.000,   0.198,   5.129,   0.000,   5.129,   0.000,   5.129
202608082106,   4.948,   5.097,9999.000,9999.000,9999.000,9999.000,9999.000,9999.000,9999.000
202608082112,   4.962,   5.159,9999.000,9999.000,9999.000,9999.000,9999.000,9999.000,9999.000
202608082118,   4.970,   5.169,9999.000,9999.000,9999.000,9999.000,9999.000,9999.000,9999.000
202608082124,   4.974,   5.188,9999.000,9999.000,9999.000,9999.000,9999.000,9999.000,9999.000
202608082130,   4.974,   5.159,9999.000,9999.000,9999.000,9999.000,9999.000,9999.000,9999.000
202608082136,   4.969,   5.139,9999.000,9999.000,9999.000,9999.000,9999.000,9999.000,9999.000
202608082142,   4.959,   5.129,9999.000,9999.000,9999.000,9999.000,9999.000,9999.000,9999.000
202608082148,   4.945,   5.077,9999.000,9999.000,9999.000,9999.000,9999.000,9999.000,9999.000
202608082154,   4.926,   5.087,9999.000,9999.000,9999.000,9999.000,9999.000,9999.000,9999.000
202608082200,   4.902,   5.038,   0.000,   0.136,   5.038,   0.000,   5.038,   0.100,   5.138
202608082206,   4.874,   5.018,9999.000,9999.000,9999.000,9999.000,9999.000,9999.000,9999.000
202608082212,   4.841,   5.028,9999.000,9999.000,9999.000,9999.000,9999.000,9999.000,9999.000
202608082218,   4.803,   5.087,9999.000,9999.000,9999.000,9999.000,9999.000,9999.000,9999.000
202608082224,   4.761,   5.077,9999.000,9999.000,9999.000,9999.000,9999.000,9999.000,9999.000
202608082230,   4.715,   4.969,9999.000,9999.000,9999.000,9999.000,9999.000,9999.000,9999.000
202608082236,   4.664,   4.867,9999.000,9999.000,9999.000,9999.000,9999.000,9999.000,9999.000
202608082242,   4.608,   4.837,9999.000,9999.000,9999.000,9999.000,9999.000,9999.000,9999.000
202608082248,   4.549,   4.788,9999.000,9999.000,9999.000,9999.000,9999.000,9999.000,9999.000
202608082254,   4.485,   4.729,9999.000,9999.000,9999.000,9999.000,9999.000,9999.000,9999.000
202608082300,   4.418,   4.667,   0.000,   0.249,   4.667,   0.000,   4.667,   0.100,   4.767
202608082306,   4.347,   4.618,9999.000,9999.000,9999.000,9999.000,9999.000,9999.000,9999.000
202608082312,   4.272,   4.569,9999.000,9999.000,9999.000,9999.000,9999.000,9999.000,9999.000
202608082318,   4.193,   4.457,9999.000,9999.000,9999.000,9999.000,9999.000,9999.000,9999.000
202608082324,   4.112,   4.398,9999.000,9999.000,9999.000,9999.000,9999.000,9999.000,9999.000
202608082330,   4.027,   4.198,9999.000,9999.000,9999.000,9999.000,9999.000,9999.000,9999.000
202608082336,   3.939,   4.119,9999.000,9999.000,9999.000,9999.000,9999.000,9999.000,9999.000
202608082342,   3.849,   4.037,9999.000,9999.000,9999.000,9999.000,9999.000,9999.000,9999.000
202608082348,   3.756,   3.958,9999.000,9999.000,9999.000,9999.000,9999.000,9999.000,9999.000
202608082354,   3.661,   3.939,9999.000,9999.000,9999.000,9999.000,9999.000,9999.000,9999.000
202608090000,   3.564,   3.939,   0.000,   0.375,   3.939,   0.000,   3.939,   0.100,   4.039
202608090006,   3.464,9999.000,9999.000,9999.000,9999.000,9999.000,9999.000,9999.000,9999.000
202608090012,   3.363,9999.000,9999.000,9999.000,9999.000,9999.000,9999.000,9999.000,9999.000
202608090018,   3.261,9999.000,9999.000,9999.000,9999.000,9999.000,9999.000,9999.000,9999.000
202608090024,   3.157,9999.000,9999.000,9999.000,9999.000,9999.000,9999.000,9999.000,9999.000
202608090030,   3.052,9999.000,9999.000,9999.000,9999.000,9999.000,9999.000,9999.000,9999.000
202608090036,   2.946,9999.000,9999.000,9999.000,9999.000,9999.000,9999.000,9999.000,9999.000
202608090042,   2.840,9999.000,9999.000,9999.000,9999.000,9999.000,9999.000,9999.000,9999.000
202608090048,   2.733,9999.000,9999.000,9999.000,9999.000,9999.000,9999.000,9999.000,9999.000
202608090054,   2.626,9999.000,9999.000,9999.000,9999.000,9999.000,9999.000,9999.000,9999.000
202608090100,   2.519,9999.000,   0.000,   0.356,   2.875,   0.000,   2.875,   0.000,   2.875
202608090106,   2.413,9999.000,9999.000,9999.000,9999.000,9999.000,9999.000,9999.000,9999.000
202608090112,   2.306,9999.000,9999.000,9999.000,9999.000,9999.000,9999.000,9999.000,9999.000
202608090118,   2.201,9999.000,9999.000,9999.000,9999.000,9999.000,9999.000,9999.000,9999.000
202608090124,   2.097,9999.000,9999.000,9999.000,9999.000,9999.000,9999.000,9999.000,9999.000
202608090130,   1.994,9999.000,9999.000,9999.000,9999.000,9999.000,9999.000,9999.000,9999.000
202608090136,   1.893,9999.000,9999.000,9999.000,9999.000,9999.000,9999.000,9999.000,9999.000
202608090142,   1.794,9999.000,9999.000,9999.000,9999.000,9999.000,9999.000,9999.000,9999.000
202608090148,   1.697,9999.000,9999.000,9999.000,9999.000,9999.000,9999.000,9999.000,9999.000
202608090154,   1.603,9999.000,9999.000,9999.000,9999.000,9999.000,9999.000,9999.000,9999.000
202608090200,   1.512,9999.000,   0.000,   0.337,   1.849,   0.000,   1.849,   0.000,   1.849
202608090206,   1.424,9999.000,9999.000,9999.000,9999.000,9999.000,9999.000,9999.000,9999.000
202608090212,   1.340,9999.000,9999.000,9999.000,9999.000,9999.000,9999.000,9999.000,9999.000
202608090218,   1.259,9999.000,9999.000,9999.000,9999.000,9999.000,9999.000,9999.000,9999.000
202608090224,   1.183,9999.000,9999.000,9999.000,9999.000,9999.000,9999.000,9999.000,9999.000
202608090230,   1.110,9999.000,9999.000,9999.000,9999.000,9999.000,9999.000,9999.000,9999.000
202608090236,   1.042,9999.000,9999.000,9999.000,9999.000,9999.000,9999.000,9999.000,9999.000
202608090242,   0.979,9999.000,9999.000,9999.000,9999.000,9999.000,9999.000,9999.000,9999.000
202608090248,   0.921,9999.000,9999.000,9999.000,9999.000,9999.000,9999.000,9999.000,9999.000
202608090254,   0.868,9999.000,9999.000,9999.000,9999.000,9999.000,9999.000,9999.000,9999.000
202608090300,   0.820,9999.000,   0.000,   0.318,   1.138,  -0.100,   1.038,   0.000,   1.138
202608090306,   0.777,9999.000,9999.000,9999.000,9999.000,9999.000,9999.000,9999.000,9999.000
202608090312,   0.739,9999.000,9999.000,9999.000,9999.000,9999.000,9999.000,9999.000,9999.000
202608090318,   0.707,9999.000,9999.000,9999.000,9999.000,9999.000,9999.000,9999.000,9999.000
202608090324,   0.679,9999.000,9999.000,9999.000,9999.000,9999.000,9999.000,9999.000,9999.000
202608090330,   0.657,9999.000,9999.000,9999.000,9999.000,9999.000,9999.000,9999.000,9999.000
202608090336,   0.640,9999.000,9999.000,9999.000,9999.000,9999.000,9999.000,9999.000,9999.000
202608090342,   0.629,9999.000,9999.000,9999.000,9999.000,9999.000,9999.000,9999.000,9999.000
202608090348,   0.622,9999.000,9999.000,9999.000,9999.000,9999.000,9999.000,9999.000,9999.000
202608090354,   0.619,9999.000,9999.000,9999.000,9999.000,9999.000,9999.000,9999.000,9999.000
202608090400,   0.622,9999.000,  -0.100,   0.299,   0.821,  -0.100,   0.821,   0.000,   0.921
202608090406,   0.629,9999.000,9999.000,9999.000,9999.000,9999.000,9999.000,9999.000,9999.000
202608090412,   0.640,9999.000,9999.000,9999.000,9999.000,9999.000,9999.000,9999.000,9999.000
202608090418,   0.655,9999.000,9999.000,9999.000,9999.000,9999.000,9999.000,9999.000,9999.000
202608090424,   0.675,9999.000,9999.000,9999.000,9999.000,9999.000,9999.000,9999.000,9999.000
202608090430,   0.698,9999.000,9999.000,9999.000,9999.000,9999.000,9999.000,9999.000,9999.000
202608090436,   0.725,9999.000,9999.000,9999.000,9999.000,9999.000,9999.000,9999.000,9999.000
202608090442,   0.756,9999.000,9999.000,9999.000,9999.000,9999.000,9999.000,9999.000,9999.000
202608090448,   0.789,9999.000,9999.000,9999.000,9999.000,9999.000,9999.000,9999.000,9999.000
202608090454,   0.827,9999.000,9999.000,9999.000,9999.000,9999.000,9999.000,9999.000,9999.000
202608090500,   0.867,9999.000,  -0.100,   0.280,   1.047,  -0.200,   0.947,   0.000,   1.147
202608090506,   0.910,9999.000,9999.000,9999.000,9999.000,9999.000,9999.000,9999.000,9999.000
202608090512,   0.956,9999.000,9999.000,9999.000,9999.000,9999.000,9999.000,9999.000,9999.000
202608090518,   1.005,9999.000,9999.000,9999.000,9999.000,9999.000,9999.000,9999.000,9999.000
202608090524,   1.057,9999.000,9999.000,9999.000,9999.000,9999.000,9999.000,9999.000,9999.000
202608090530,   1.111,9999.000,9999.000,9999.000,9999.000,9999.000,9999.000,9999.000,9999.000
202608090536,   1.167,9999.000,9999.000,9999.000,9999.000,9999.000,9999.000,9999.000,9999.000
202608090542,   1.227,9999.000,9999.000,9999.000,9999.000,9999.000,9999.000,9999.000,9999.000
202608090548,   1.288,9999.000,9999.000,9999.000,9999.000,9999.000,9999.000,9999.000,9999.000
202608090554,   1.351,9999.000,9999.000,9999.000,9999.000,9999.000,9999.000,9999.000,9999.000
202608090600,   1.417,9999.000,  -0.100,   0.261,   1.578,  -0.200,   1.478,  -0.100,   1.578
202608090606,   1.484,9999.000,9999.000,9999.000,9999.000,9999.000,9999.000,9999.000,9999.000
202608090612,   1.553,9999.000,9999.000,9999.000,9999.000,9999.000,9999.000,9999.000,9999.000
202608090618,   1.624,9999.000,9999.000,9999.000,9999.000,9999.000,9999.000,9999.000,9999.000
202608090624,   1.696,9999.000,9999.000,9999.000,9999.000,9999.000,9999.000,9999.000,9999.000
202608090630,   1.770,9999.000,9999.000,9999.000,9999.000,9999.000,9999.000,9999.000,9999.000
202608090636,   1.844,9999.000,9999.000,9999.000,9999.000,9999.000,9999.000,9999.000,9999.000
202608090642,   1.920,9999.000,9999.000,9999.000,9999.000,9999.000,9999.000,9999.000,9999.000
202608090648,   1.996,9999.000,9999.000,9999.000,9999.000,9999.000,9999.000,9999.000,9999.000
202608090654,   2.072,9999.000,9999.000,9999.000,9999.000,9999.000,9999.000,9999.000,9999.000
202608090700,   2.149,9999.000,  -0.100,   0.242,   2.291,  -0.200,   2.191,   0.000,   2.391
202608090706,   2.225,9999.000,9999.000,9999.000,9999.000,9999.000,9999.000,9999.000,9999.000
202608090712,   2.301,9999.000,9999.000,9999.000,9999.000,9999.000,9999.000,9999.000,9999.000
202608090718,   2.377,9999.000,9999.000,9999.000,9999.000,9999.000,9999.000,9999.000,9999.000
202608090724,   2.452,9999.000,9999.000,9999.000,9999.000,9999.000,9999.000,9999.000,9999.000
202608090730,   2.525,9999.000,9999.000,9999.000,9999.000,9999.000,9999.000,9999.000,9999.000
202608090736,   2.598,9999.000,9999.000,9999.000,9999.000,9999.000,9999.000,9999.000,9999.000
202608090742,   2.669,9999.000,9999.000,9999.000,9999.000,9999.000,9999.000,9999.000,9999.000
202608090748,   2.738,9999.000,9999.000,9999.000,9999.000,9999.000,9999.000,9999.000,9999.000
202608090754,   2.806,9999.000,9999.000,9999.000,9999.000,9999.000,9999.000,9999.000,9999.000
202608090800,   2.871,9999.000,  -0.100,   0.223,   2.994,  -0.200,   2.894,   0.000,   3.094
202608090806,   2.935,9999.000,9999.000,9999.000,9999.000,9999.000,9999.000,9999.000,9999.000
202608090812,   2.995,9999.000,9999.000,9999.000,9999.000,9999.000,9999.000,9999.000,9999.000
202608090818,   3.054,9999.000,9999.000,9999.000,9999.000,9999.000,9999.000,9999.000,9999.000
202608090824,   3.109,9999.000,9999.000,9999.000,9999.000,9999.000,9999.000,9999.000,9999.000
202608090830,   3.162,9999.000,9999.000,9999.000,9999.000,9999.000,9999.000,9999.000,9999.000
202608090836,   3.212,9999.000,9999.000,9999.000,9999.000,9999.000,9999.000,9999.000,9999.000
202608090842,   3.259,9999.000,9999.000,9999.000,9999.000,9999.000,9999.000,9999.000,9999.000
202608090848,   3.303,9999.000,9999.000,9999.000,9999.000,9999.000,9999.000,9999.000,9999.000
202608090854,   3.344,9999.000,9999.000,9999.000,9999.000,9999.000,9999.000,9999.000,9999.000
202608090900,   3.381,9999.000,  -0.100,   0.204,   3.485,  -0.200,   3.385,   0.000,   3.585
202608090906,   3.415,9999.000,9999.000,9999.000,9999.000,9999.000,9999.000,9999.000,9999.000
202608090912,   3.446,9999.000,9999.000,9999.000,9999.000,9999.000,9999.000,9999.000,9999.000
202608090918,   3.473,9999.000,9999.000,9999.000,9999.000,9999.000,9999.000,9999.000,9999.000
202608090924,   3.497,9999.000,9999.000,9999.000,9999.000,9999.000,9999.000,9999.000,9999.000
202608090930,   3.516,9999.000,9999.000,9999.000,9999.000,9999.000,9999.000,9999.000,9999.000
202608090936,   3.533,9999.000,9999.000,9999.000,9999.000,9999.000,9999.000,9999.000,9999.000
202608090942,   3.545,9999.000,9999.000,9999.000,9999.000,9999.000,9999.000,9999.000,9999.000
202608090948,   3.553,9999.000,9999.000,9999.000,9999.000,9999.000,9999.000,9999.000,9999.000
202608090954,   3.558,9999.000,9999.000,9999.000,9999.000,9999.000,9999.000,9999.000,9999.000
202608091000,   3.558,9999.000,  -0.100,   0.185,   3.643,  -0.200,   3.543,   0.000,   3.743
202608091006,   3.555,9999.000,9999.000,9999.000,9999.000,9999.000,9999.000,9999.000,9999.000
202608091012,   3.547,9999.000,9999.000,9999.000,9999.000,9999.000,9999.000,9999.000,9999.000
202608091018,   3.536,9999.000,9999.000,9999.000,9999.000,9999.000,9999.000,9999.000,9999.000
202608091024,   3.520,9999.000,9999.000,9999.000,9999.000,9999.000,9999.000,9999.000,9999.000
202608091030,   3.500,9999.000,9999.000,9999.000,9999.000,9999.000,9999.000,9999.000,9999.000
202608091036,   3.475,9999.000,9999.000,9999.000,9999.000,9999.000,9999.000,9999.000,9999.000
202608091042,   3.447,9999.000,9999.000,9999.000,9999.000,9999.000,9999.000,9999.000,9999.000
202608091048,   3.415,9999.000,9999.000,9999.000,9999.000,9999.000,9999.000,9999.000,9999.000
202608091054,   3.378,9999.000,9999.000,9999.000,9999.000,9999.000,9999.000,9999.000,9999.000
202608091100,   3.338,9999.000,  -0.100,   0.166,   3.404,  -0.200,   3.304,   0.000,   3.504
202608091106,   3.293,9999.000,9999.000,9999.000,9999.000,9999.000,9999.000,9999.000,9999.000
202608091112,   3.245,9999.000,9999.000,9999.000,9999.000,9999.000,9999.000,9999.000,9999.000
202608091118,   3.193,9999.000,9999.000,9999.000,9999.000,9999.000,9999.000,9999.000,9999.000
202608091124,   3.138,9999.000,9999.000,9999.000,9999.000,9999.000,9999.000,9999.000,9999.000
202608091130,   3.079,9999.000,9999.000,9999.000,9999.000,9999.000,9999.000,9999.000,9999.000
202608091136,   3.016,9999.000,9999.000,9999.000,9999.000,9999.000,9999.000,9999.000,9999.000
202608091142,   2.951,9999.000,9999.000,9999.000,9999.000,9999.000,9999.000,9999.000,9999.000
202608091148,   2.882,9999.000,9999.000,9999.000,9999.000,9999.000,9999.000,9999.000,9999.000
202608091154,   2.811,9999.000,9999.000,9999.000,9999.000,9999.000,9999.000,9999.000,9999.000
202608091200,   2.737,9999.000,  -0.100,   0.147,   2.784,  -0.100,   2.784,   0.000,   2.884
202608091206,   2.661,9999.000,9999.000,9999.000,9999.000,9999.000,9999.000,9999.000,9999.000
202608091212,   2.582,9999.000,9999.000,9999.000,9999.000,9999.000,9999.000,9999.000,9999.000
202608091218,   2.502,9999.000,9999.000,9999.000,9999.000,9999.000,9999.000,9999.000,9999.000
202608091224,   2.419,9999.000,9999.000,9999.000,9999.000,9999.000,9999.000,9999.000,9999.000
202608091230,   2.335,9999.000,9999.000,9999.000,9999.000,9999.000,9999.000,9999.000,9999.000
202608091236,   2.250,9999.000,9999.000,9999.000,9999.000,9999.000,9999.000,9999.000,9999.000
202608091242,   2.163,9999.000,9999.000,9999.000,9999.000,9999.000,9999.000,9999.000,9999.000
202608091248,   2.075,9999.000,9999.000,9999.000,9999.000,9999.000,9999.000,9999.000,9999.000
202608091254,   1.986,9999.000,9999.000,9999.000,9999.000,9999.000,9999.000,9999.000,9999.000
202608091300,   1.897,9999.000,   0.000,   0.147,   2.044,  -0.100,   1.944,   0.000,   2.044
202608091306,   1.807,9999.000,9999.000,9999.000,9999.000,9999.000,9999.000,9999.000,9999.000
202608091312,   1.717,9999.000,9999.000,9999.000,9999.000,9999.000,9999.000,9999.000,9999.000
202608091318,   1.627,9999.000,9999.000,9999.000,9999.000,9999.000,9999.000,9999.000,9999.000
202608091324,   1.538,9999.000,9999.000,9999.000,9999.000,9999.000,9999.000,9999.000,9999.000
202608091330,   1.449,9999.000,9999.000,9999.000,9999.000,9999.000,9999.000,9999.000,9999.000
202608091336,   1.361,9999.000,9999.000,9999.000,9999.000,9999.000,9999.000,9999.000,9999.000
202608091342,   1.275,9999.000,9999.000,9999.000,9999.000,9999.000,9999.000,9999.000,9999.000
202608091348,   1.189,9999.000,9999.000,9999.000,9999.000,9999.000,9999.000,9999.000,9999.000
202608091354,   1.106,9999.000,9999.000,9999.000,9999.000,9999.000,9999.000,9999.000,9999.000
202608091400,   1.025,9999.000,   0.000,   0.147,   1.172,  -0.100,   1.072,   0.000,   1.172
202608091406,   0.946,9999.000,9999.000,9999.000,9999.000,9999.000,9999.000,9999.000,9999.000
202608091412,   0.870,9999.000,9999.000,9999.000,9999.000,9999.000,9999.000,9999.000,9999.000
202608091418,   0.797,9999.000,9999.000,9999.000,9999.000,9999.000,9999.000,9999.000,9999.000
202608091424,   0.728,9999.000,9999.000,9999.000,9999.000,9999.000,9999.000,9999.000,9999.000
202608091430,   0.662,9999.000,9999.000,9999.000,9999.000,9999.000,9999.000,9999.000,9999.000
202608091436,   0.601,9999.000,9999.000,9999.000,9999.000,9999.000,9999.000,9999.000,9999.000
202608091442,   0.543,9999.000,9999.000,9999.000,9999.000,9999.000,9999.000,9999.000,9999.000
202608091448,   0.491,9999.000,9999.000,9999.000,9999.000,9999.000,9999.000,9999.000,9999.000
202608091454,   0.443,9999.000,9999.000,9999.000,9999.000,9999.000,9999.000,9999.000,9999.000
202608091500,   0.401,9999.000,   0.000,   0.147,   0.548,   0.000,   0.548,   0.000,   0.548
202608091506,   0.363,9999.000,9999.000,9999.000,9999.000,9999.000,9999.000,9999.000,9999.000
202608091512,   0.332,9999.000,9999.000,9999.000,9999.000,9999.000,9999.000,9999.000,9999.000
202608091518,   0.306,9999.000,9999.000,9999.000,9999.000,9999.000,9999.000,9999.000,9999.000
202608091524,   0.286,9999.000,9999.000,9999.000,9999.000,9999.000,9999.000,9999.000,9999.000
202608091530,   0.271,9999.000,9999.000,9999.000,9999.000,9999.000,9999.000,9999.000,9999.000
202608091536,   0.263,9999.000,9999.000,9999.000,9999.000,9999.000,9999.000,9999.000,9999.000
202608091542,   0.261,9999.000,9999.000,9999.000,9999.000,9999.000,9999.000,9999.000,9999.000
202608091548,   0.264,9999.000,9999.000,9999.000,9999.000,9999.000,9999.000,9999.000,9999.000
202608091554,   0.274,9999.000,9999.000,9999.000,9999.000,9999.000,9999.000,9999.000,9999.000
202608091600,   0.289,9999.000,   0.000,   0.147,   0.436,   0.000,   0.436,   0.000,   0.436
202608091606,   0.310,9999.000,9999.000,9999.000,9999.000,9999.000,9999.000,9999.000,9999.000
202608091612,   0.336,9999.000,9999.000,9999.000,9999.000,9999.000,9999.000,9999.000,9999.000
202608091618,   0.368,9999.000,9999.000,9999.000,9999.000,9999.000,9999.000,9999.000,9999.000
202608091624,   0.405,9999.000,9999.000,9999.000,9999.000,9999.000,9999.000,9999.000,9999.000
202608091630,   0.448,9999.000,9999.000,9999.000,9999.000,9999.000,9999.000,9999.000,9999.000
202608091636,   0.495,9999.000,9999.000,9999.000,9999.000,9999.000,9999.000,9999.000,9999.000
202608091642,   0.546,9999.000,9999.000,9999.000,9999.000,9999.000,9999.000,9999.000,9999.000
202608091648,   0.603,9999.000,9999.000,9999.000,9999.000,9999.000,9999.000,9999.000,9999.000
202608091654,   0.663,9999.000,9999.000,9999.000,9999.000,9999.000,9999.000,9999.000,9999.000
202608091700,   0.728,9999.000,   0.000,   0.147,   0.875,   0.000,   0.875,   0.000,   0.875
202608091706,   0.796,9999.000,9999.000,9999.000,9999.000,9999.000,9999.000,9999.000,9999.000
202608091712,   0.868,9999.000,9999.000,9999.000,9999.000,9999.000,9999.000,9999.000,9999.000
202608091718,   0.944,9999.000,9999.000,9999.000,9999.000,9999.000,9999.000,9999.000,9999.000
202608091724,   1.023,9999.000,9999.000,9999.000,9999.000,9999.000,9999.000,9999.000,9999.000
202608091730,   1.105,9999.000,9999.000,9999.000,9999.000,9999.000,9999.000,9999.000,9999.000
202608091736,   1.191,9999.000,9999.000,9999.000,9999.000,9999.000,9999.000,9999.000,9999.000
202608091742,   1.279,9999.000,9999.000,9999.000,9999.000,9999.000,9999.000,9999.000,9999.000
202608091748,   1.370,9999.000,9999.000,9999.000,9999.000,9999.000,9999.000,9999.000,9999.000
202608091754,   1.464,9999.000,9999.000,9999.000,9999.000,9999.000,9999.000,9999.000,9999.000
202608091800,   1.560,9999.000,   0.000,   0.147,   1.707,   0.000,   1.707,   0.100,   1.807
202608091806,   1.658,9999.000,9999.000,9999.000,9999.000,9999.000,9999.000,9999.000,9999.000
202608091812,   1.759,9999.000,9999.000,9999.000,9999.000,9999.000,9999.000,9999.000,9999.000
202608091818,   1.862,9999.000,9999.000,9999.000,9999.000,9999.000,9999.000,9999.000,9999.000
202608091824,   1.966,9999.000,9999.000,9999.000,9999.000,9999.000,9999.000,9999.000,9999.000
202608091830,   2.073,9999.000,9999.000,9999.000,9999.000,9999.000,9999.000,9999.000,9999.000
202608091836,   2.181,9999.000,9999.000,9999.000,9999.000,9999.000,9999.000,9999.000,9999.000
202608091842,   2.290,9999.000,9999.000,9999.000,9999.000,9999.000,9999.000,9999.000,9999.000
202608091848,   2.400,9999.000,9999.000,9999.000,9999.000,9999.000,9999.000,9999.000,9999.000
202608091854,   2.511,9999.000,9999.000,9999.000,9999.000,9999.000,9999.000,9999.000,9999.000
202608091900,   2.623,9999.000,   0.000,   0.147,   2.770,   0.000,   2.770,   0.100,   2.870
202608091906,   2.736,9999.000,9999.000,9999.000,9999.000,9999.000,9999.000,9999.000,9999.000
202608091912,   2.849,9999.000,9999.000,9999.000,9999.000,9999.000,9999.000,9999.000,9999.000
202608091918,   2.961,9999.000,9999.000,9999.000,9999.000,9999.000,9999.000,9999.000,9999.000
202608091924,   3.073,9999.000,9999.000,9999.000,9999.000,9999.000,9999.000,9999.000,9999.000
202608091930,   3.185,9999.000,9999.000,9999.000,9999.000,9999.000,9999.000,9999.000,9999.000
202608091936,   3.296,9999.000,9999.000,9999.000,9999.000,9999.000,9999.000,9999.000,9999.000
202608091942,   3.405,9999.000,9999.000,9999.000,9999.000,9999.000,9999.000,9999.000,9999.000
202608091948,   3.513,9999.000,9999.000,9999.000,9999.000,9999.000,9999.000,9999.000,9999.000
202608091954,   3.620,9999.000,9999.000,9999.000,9999.000,9999.000,9999.000,9999.000,9999.000
202608092000,   3.724,9999.000,   0.100,   0.147,   3.971,   0.000,   3.871,   0.100,   3.971
202608092006,   3.826,9999.000,9999.000,9999.000,9999.000,9999.000,9999.000,9999.000,9999.000
202608092012,   3.926,9999.000,9999.000,9999.000,9999.000,9999.000,9999.000,9999.000,9999.000
202608092018,   4.023,9999.000,9999.000,9999.000,9999.000,9999.000,9999.000,9999.000,9999.000
202608092024,   4.117,9999.000,9999.000,9999.000,9999.000,9999.000,9999.000,9999.000,9999.000
202608092030,   4.208,9999.000,9999.000,9999.000,9999.000,9999.000,9999.000,9999.000,9999.000
202608092036,   4.295,9999.000,9999.000,9999.000,9999.000,9999.000,9999.000,9999.000,9999.000
202608092042,   4.380,9999.000,9999.000,9999.000,9999.000,9999.000,9999.000,9999.000,9999.000
202608092048,   4.460,9999.000,9999.000,9999.000,9999.000,9999.000,9999.000,9999.000,9999.000
202608092054,   4.537,9999.000,9999.000,9999.000,9999.000,9999.000,9999.000,9999.000,9999.000
202608092100,   4.609,9999.000,   0.100,   0.147,   4.856,   0.000,   4.756,   0.100,   4.856
202608092106,   4.678,9999.000,9999.000,9999.000,9999.000,9999.000,9999.000,9999.000,9999.000
202608092112,   4.743,9999.000,9999.000,9999.000,9999.000,9999.000,9999.000,9999.000,9999.000
202608092118,   4.803,9999.000,9999.000,9999.000,9999.000,9999.000,9999.000,9999.000,9999.000
202608092124,   4.859,9999.000,9999.000,9999.000,9999.000,9999.000,9999.000,9999.000,9999.000
202608092130,   4.911,9999.000,9999.000,9999.000,9999.000,9999.000,9999.000,9999.000,9999.000
202608092136,   4.958,9999.000,9999.000,9999.000,9999.000,9999.000,9999.000,9999.000,9999.000
202608092142,   5.000,9999.000,9999.000,9999.000,9999.000,9999.000,9999.000,9999.000,9999.000
202608092148,   5.038,9999.000,9999.000,9999.000,9999.000,9999.000,9999.000,9999.000,9999.000
202608092154,   5.071,9999.000,9999.000,9999.000,9999.000,9999.000,9999.000,9999.000,9999.000
202608092200,   5.099,9999.000,   0.100,   0.147,   5.346,   0.000,   5.246,   0.100,   5.346
202608092206,   5.123,9999.000,9999.000,9999.000,9999.000,9999.000,9999.000,9999.000,9999.000
202608092212,   5.141,9999.000,9999.000,9999.000,9999.000,9999.000,9999.000,9999.000,9999.000
202608092218,   5.155,9999.000,9999.000,9999.000,9999.000,9999.000,9999.000,9999.000,9999.000
202608092224,   5.163,9999.000,9999.000,9999.000,9999.000,9999.000,9999.000,9999.000,9999.000
202608092230,   5.167,9999.000,9999.000,9999.000,9999.000,9999.000,9999.000,9999.000,9999.000
202608092236,   5.165,9999.000,9999.000,9999.000,9999.000,9999.000,9999.000,9999.000,9999.000
202608092242,   5.159,9999.000,9999.000,9999.000,9999.000,9999.000,9999.000,9999.000,9999.000
202608092248,   5.147,9999.000,9999.000,9999.000,9999.000,9999.000,9999.000,9999.000,9999.000
202608092254,   5.130,9999.000,9999.000,9999.000,9999.000,9999.000,9999.000,9999.000,9999.000
202608092300,   5.108,9999.000,   0.100,   0.147,   5.355,   0.000,   5.255,   0.200,   5.455
202608092306,   5.080,9999.000,9999.000,9999.000,9999.000,9999.000,9999.000,9999.000,9999.000
202608092312,   5.048,9999.000,9999.000,9999.000,9999.000,9999.000,9999.000,9999.000,9999.000
202608092318,   5.011,9999.000,9999.000,9999.000,9999.000,9999.000,9999.000,9999.000,9999.000
202608092324,   4.968,9999.000,9999.000,9999.000,9999.000,9999.000,9999.000,9999.000,9999.000
202608092330,   4.921,9999.000,9999.000,9999.000,9999.000,9999.000,9999.000,9999.000,9999.000
202608092336,   4.869,9999.000,9999.000,9999.000,9999.000,9999.000,9999.000,9999.000,9999.000
202608092342,   4.812,9999.000,9999.000,9999.000,9999.000,9999.000,9999.000,9999.000,9999.000
202608092348,   4.751,9999.000,9999.000,9999.000,9999.000,9999.000,9999.000,9999.000,9999.000
202608092354,   4.685,9999.000,9999.000,9999.000,9999.000,9999.000,9999.000,9999.000,9999.000
202608100000,   4.615,9999.000,   0.100,   0.147,   4.862,   0.000,   4.762,   0.200,   4.962
202608100006,   4.541,9999.000,9999.000,9999.000,9999.000,9999.000,9999.000,9999.000,9999.000
202608100012,   4.463,9999.000,9999.000,9999.000,9999.000,9999.000,9999.000,9999.000,9999.000
202608100018,   4.381,9999.000,9999.000,9999.000,9999.000,9999.000,9999.000,9999.000,9999.000
202608100024,   4.295,9999.000,9999.000,9999.000,9999.000,9999.000,9999.000,9999.000,9999.000
202608100030,   4.206,9999.000,9999.000,9999.000,9999.000,9999.000,9999.000,9999.000,9999.000
202608100036,   4.113,9999.000,9999.000,9999.000,9999.000,9999.000,9999.000,9999.000,9999.000
202608100042,   4.017,9999.000,9999.000,9999.000,9999.000,9999.000,9999.000,9999.000,9999.000
202608100048,   3.919,9999.000,9999.000,9999.000,9999.000,9999.000,9999.000,9999.000,9999.000
202608100054,   3.817,9999.000,9999.000,9999.000,9999.000,9999.000,9999.000,9999.000,9999.000
202608100100,   3.713,9999.000,   0.100,   0.147,   3.960,   0.000,   3.860,   0.100,   3.960
202608100106,   3.607,9999.000,9999.000,9999.000,9999.000,9999.000,9999.000,9999.000,9999.000
202608100112,   3.498,9999.000,9999.000,9999.000,9999.000,9999.000,9999.000,9999.000,9999.000
202608100118,   3.387,9999.000,9999.000,9999.000,9999.000,9999.000,9999.000,9999.000,9999.000
202608100124,   3.275,9999.000,9999.000,9999.000,9999.000,9999.000,9999.000,9999.000,9999.000
202608100130,   3.161,9999.000,9999.000,9999.000,9999.000,9999.000,9999.000,9999.000,9999.000
202608100136,   3.046,9999.000,9999.000,9999.000,9999.000,9999.000,9999.000,9999.000,9999.000
202608100142,   2.930,9999.000,9999.000,9999.000,9999.000,9999.000,9999.000,9999.000,9999.000
202608100148,   2.813,9999.000,9999.000,9999.000,9999.000,9999.000,9999.000,9999.000,9999.000
202608100154,   2.695,9999.000,9999.000,9999.000,9999.000,9999.000,9999.000,9999.000,9999.000
202608100200,   2.578,9999.000,   0.000,   0.147,   2.725,   0.000,   2.725,   0.100,   2.825
202608100206,   2.460,9999.000,9999.000,9999.000,9999.000,9999.000,9999.000,9999.000,9999.000
202608100212,   2.343,9999.000,9999.000,9999.000,9999.000,9999.000,9999.000,9999.000,9999.000
202608100218,   2.226,9999.000,9999.000,9999.000,9999.000,9999.000,9999.000,9999.000,9999.000
202608100224,   2.111,9999.000,9999.000,9999.000,9999.000,9999.000,9999.000,9999.000,9999.000
202608100230,   1.997,9999.000,9999.000,9999.000,9999.000,9999.000,9999.000,9999.000,9999.000
202608100236,   1.885,9999.000,9999.000,9999.000,9999.000,9999.000,9999.000,9999.000,9999.000
202608100242,   1.775,9999.000,9999.000,9999.000,9999.000,9999.000,9999.000,9999.000,9999.000
202608100248,   1.667,9999.000,9999.000,9999.000,9999.000,9999.000,9999.000,9999.000,9999.000
202608100254,   1.562,9999.000,9999.000,9999.000,9999.000,9999.000,9999.000,9999.000,9999.000
202608100300,   1.461,9999.000,   0.000,   0.147,   1.608,   0.000,   1.608,   0.100,   1.708
202608100306,   1.363,9999.000,9999.000,9999.000,9999.000,9999.000,9999.000,9999.000,9999.000
202608100312,   1.268,9999.000,9999.000,9999.000,9999.000,9999.000,9999.000,9999.000,9999.000
202608100318,   1.178,9999.000,9999.000,9999.000,9999.000,9999.000,9999.000,9999.000,9999.000
202608100324,   1.092,9999.000,9999.000,9999.000,9999.000,9999.000,9999.000,9999.000,9999.000
202608100330,   1.011,9999.000,9999.000,9999.000,9999.000,9999.000,9999.000,9999.000,9999.000
202608100336,   0.935,9999.000,9999.000,9999.000,9999.000,9999.000,9999.000,9999.000,9999.000
202608100342,   0.864,9999.000,9999.000,9999.000,9999.000,9999.000,9999.000,9999.000,9999.000
202608100348,   0.798,9999.000,9999.000,9999.000,9999.000,9999.000,9999.000,9999.000,9999.000
202608100354,   0.738,9999.000,9999.000,9999.000,9999.000,9999.000,9999.000,9999.000,9999.000
202608100400,   0.683,9999.000,   0.000,   0.147,   0.830,   0.000,   0.830,   0.100,   0.930
202608100406,   0.633,9999.000,9999.000,9999.000,9999.000,9999.000,9999.000,9999.000,9999.000
202608100412,   0.589,9999.000,9999.000,9999.000,9999.000,9999.000,9999.000,9999.000,9999.000
202608100418,   0.551,9999.000,9999.000,9999.000,9999.000,9999.000,9999.000,9999.000,9999.000
202608100424,   0.518,9999.000,9999.000,9999.000,9999.000,9999.000,9999.000,9999.000,9999.000
202608100430,   0.491,9999.000,9999.000,9999.000,9999.000,9999.000,9999.000,9999.000,9999.000
202608100436,   0.469,9999.000,9999.000,9999.000,9999.000,9999.000,9999.000,9999.000,9999.000
202608100442,   0.452,9999.000,9999.000,9999.000,9999.000,9999.000,9999.000,9999.000,9999.000
202608100448,   0.441,9999.000,9999.000,9999.000,9999.000,9999.000,9999.000,9999.000,9999.000
202608100454,   0.434,9999.000,9999.000,9999.000,9999.000,9999.000,9999.000,9999.000,9999.000
202608100500,   0.433,9999.000,   0.000,   0.147,   0.580,   0.000,   0.580,   0.100,   0.680
202608100506,   0.436,9999.000,9999.000,9999.000,9999.000,9999.000,9999.000,9999.000,9999.000
202608100512,   0.444,9999.000,9999.000,9999.000,9999.000,9999.000,9999.000,9999.000,9999.000
202608100518,   0.457,9999.000,9999.000,9999.000,9999.000,9999.000,9999.000,9999.000,9999.000
202608100524,   0.474,9999.000,9999.000,9999.000,9999.000,9999.000,9999.000,9999.000,9999.000
202608100530,   0.495,9999.000,9999.000,9999.000,9999.000,9999.000,9999.000,9999.000,9999.000
202608100536,   0.520,9999.000,9999.000,9999.000,9999.000,9999.000,9999.000,9999.000,9999.000
202608100542,   0.549,9999.000,9999.000,9999.000,9999.000,9999.000,9999.000,9999.000,9999.000
202608100548,   0.583,9999.000,9999.000,9999.000,9999.000,9999.000,9999.000,9999.000,9999.000
202608100554,   0.619,9999.000,9999.000,9999.000,9999.000,9999.000,9999.000,9999.000,9999.000
202608100600,   0.660,9999.000,   0.000,   0.147,   0.807,   0.000,   0.807,   0.000,   0.807
202608100606,   0.704,9999.000,9999.000,9999.000,9999.000,9999.000,9999.000,9999.000,9999.000
202608100612,   0.752,9999.000,9999.000,9999.000,9999.000,9999.000,9999.000,9999.000,9999.000
202608100618,   0.803,9999.000,9999.000,9999.000,9999.000,9999.000,9999.000,9999.000,9999.000
202608100624,   0.857,9999.000,9999.000,9999.000,9999.000,9999.000,9999.000,9999.000,9999.000
202608100630,   0.915,9999.000,9999.000,9999.000,9999.000,9999.000,9999.000,9999.000,9999.000
202608100636,   0.975,9999.000,9999.000,9999.000,9999.000,9999.000,9999.000,9999.000,9999.000
202608100642,   1.039,9999.000,9999.000,9999.000,9999.000,9999.000,9999.000,9999.000,9999.000
202608100648,   1.106,9999.000,9999.000,9999.000,9999.000,9999.000,9999.000,9999.000,9999.000
202608100654,   1.175,9999.000,9999.000,9999.000,9999.000,9999.000,9999.000,9999.000,9999.000
202608100700,   1.248,9999.000,   0.000,   0.147,   1.395,   0.000,   1.395,   0.100,   1.495
202608100706,   1.322,9999.000,9999.000,9999.000,9999.000,9999.000,9999.000,9999.000,9999.000
202608100712,   1.399,9999.000,9999.000,9999.000,9999.000,9999.000,9999.000,9999.000,9999.000
202608100718,   1.478,9999.000,9999.000,9999.000,9999.000,9999.000,9999.000,9999.000,9999.000
202608100724,   1.559,9999.000,9999.000,9999.000,9999.000,9999.000,9999.000,9999.000,9999.000
202608100730,   1.642,9999.000,9999.000,9999.000,9999.000,9999.000,9999.000,9999.000,9999.000
202608100736,   1.726,9999.000,9999.000,9999.000,9999.000,9999.000,9999.000,9999.000,9999.000
202608100742,   1.811,9999.000,9999.000,9999.000,9999.000,9999.000,9999.000,9999.000,9999.000
202608100748,   1.897,9999.000,9999.000,9999.000,9999.000,9999.000,9999.000,9999.000,9999.000
202608100754,   1.984,9999.000,9999.000,9999.000,9999.000,9999.000,9999.000,9999.000,9999.000
202608100800,   2.072,9999.000,   0.000,   0.147,   2.219,   0.000,   2.219,   0.100,   2.319
202608100806,   2.159,9999.000,9999.000,9999.000,9999.000,9999.000,9999.000,9999.000,9999.000
202608100812,   2.246,9999.000,9999.000,9999.000,9999.000,9999.000,9999.000,9999.000,9999.000
202608100818,   2.333,9999.000,9999.000,9999.000,9999.000,9999.000,9999.000,9999.000,9999.000
202608100824,   2.419,9999.000,9999.000,9999.000,9999.000,9999.000,9999.000,9999.000,9999.000
202608100830,   2.504,9999.000,9999.000,9999.000,9999.000,9999.000,9999.000,9999.000,9999.000
202608100836,   2.588,9999.000,9999.000,9999.000,9999.000,9999.000,9999.000,9999.000,9999.000
202608100842,   2.670,9999.000,9999.000,9999.000,9999.000,9999.000,9999.000,9999.000,9999.000
202608100848,   2.750,9999.000,9999.000,9999.000,9999.000,9999.000,9999.000,9999.000,9999.000
202608100854,   2.829,9999.000,9999.000,9999.000,9999.000,9999.000,9999.000,9999.000,9999.000
202608100900,   2.905,9999.000,   0.100,   0.147,   3.152,   0.000,   3.052,   0.100,   3.152
202608100906,   2.979,9999.000,9999.000,9999.000,9999.000,9999.000,9999.000,9999.000,9999.000
202608100912,   3.050,9999.000,9999.000,9999.000,9999.000,9999.000,9999.000,9999.000,9999.000
202608100918,   3.119,9999.000,9999.000,9999.000,9999.000,9999.000,9999.000,9999.000,9999.000
202608100924,   3.184,9999.000,9999.000,9999.000,9999.000,9999.000,9999.000,9999.000,9999.000
202608100930,   3.247,9999.000,9999.000,9999.000,9999.000,9999.000,9999.000,9999.000,9999.000
202608100936,   3.306,9999.000,9999.000,9999.000,9999.000,9999.000,9999.000,9999.000,9999.000
202608100942,   3.362,9999.000,9999.000,9999.000,9999.000,9999.000,9999.000,9999.000,9999.000
202608100948,   3.415,9999.000,9999.000,9999.000,9999.000,9999.000,9999.000,9999.000,9999.000
202608100954,   3.464,9999.000,9999.000,9999.000,9999.000,9999.000,9999.000,9999.000,9999.000
202608101000,   3.509,9999.000,   0.100,   0.147,   3.756,   0.000,   3.656,   0.100,   3.756
202608101006,   3.551,9999.000,9999.000,9999.000,9999.000,9999.000,9999.000,9999.000,9999.000
202608101012,   3.589,9999.000,9999.000,9999.000,9999.000,9999.000,9999.000,9999.000,9999.000
202608101018,   3.623,9999.000,9999.000,9999.000,9999.000,9999.000,9999.000,9999.000,9999.000
202608101024,   3.652,9999.000,9999.000,9999.000,9999.000,9999.000,9999.000,9999.000,9999.000
202608101030,   3.678,9999.000,9999.000,9999.000,9999.000,9999.000,9999.000,9999.000,9999.000
202608101036,   3.700,9999.000,9999.000,9999.000,9999.000,9999.000,9999.000,9999.000,9999.000
202608101042,   3.717,9999.000,9999.000,9999.000,9999.000,9999.000,9999.000,9999.000,9999.000
202608101048,   3.730,9999.000,9999.000,9999.000,9999.000,9999.000,9999.000,9999.000,9999.000
202608101054,   3.738,9999.000,9999.000,9999.000,9999.000,9999.000,9999.000,9999.000,9999.000
202608101100,   3.742,9999.000,   0.100,   0.147,   3.989,   0.000,   3.889,   0.200,   4.089
202608101106,   3.742,9999.000,9999.000,9999.000,9999.000,9999.000,9999.000,9999.000,9999.000
202608101112,   3.737,9999.000,9999.000,9999.000,9999.000,9999.000,9999.000,9999.000,9999.000
202608101118,   3.728,9999.000,9999.000,9999.000,9999.000,9999.000,9999.000,9999.000,9999.000
202608101124,   3.713,9999.000,9999.000,9999.000,9999.000,9999.000,9999.000,9999.000,9999.000
202608101130,   3.695,9999.000,9999.000,9999.000,9999.000,9999.000,9999.000,9999.000,9999.000
202608101136,   3.671,9999.000,9999.000,9999.000,9999.000,9999.000,9999.000,9999.000,9999.000
202608101142,   3.643,9999.000,9999.000,9999.000,9999.000,9999.000,9999.000,9999.000,9999.000
202608101148,   3.611,9999.000,9999.000,9999.000,9999.000,9999.000,9999.000,9999.000,9999.000
202608101154,   3.574,9999.000,9999.000,9999.000,9999.000,9999.000,9999.000,9999.000,9999.000
202608101200,   3.533,9999.000,   0.100,   0.147,   3.780,   0.000,   3.680,   0.200,   3.880
202608101206,   3.487,9999.000,9999.000,9999.000,9999.000,9999.000,9999.000,9999.000,9999.000
202608101212,   3.437,9999.000,9999.000,9999.000,9999.000,9999.000,9999.000,9999.000,9999.000
202608101218,   3.383,9999.000,9999.000,9999.000,9999.000,9999.000,9999.000,9999.000,9999.000
202608101224,   3.325,9999.000,9999.000,9999.000,9999.000,9999.000,9999.000,9999.000,9999.000
202608101230,   3.263,9999.000,9999.000,9999.000,9999.000,9999.000,9999.000,9999.000,9999.000
202608101236,   3.198,9999.000,9999.000,9999.000,9999.000,9999.000,9999.000,9999.000,9999.000
202608101242,   3.129,9999.000,9999.000,9999.000,9999.000,9999.000,9999.000,9999.000,9999.000
202608101248,   3.056,9999.000,9999.000,9999.000,9999.000,9999.000,9999.000,9999.000,9999.000
202608101254,   2.980,9999.000,9999.000,9999.000,9999.000,9999.000,9999.000,9999.000,9999.000
202608101300,   2.901,9999.000,   0.100,   0.147,   3.148,   0.000,   3.048,   0.200,   3.248
202608101306,   2.819,9999.000,9999.000,9999.000,9999.000,9999.000,9999.000,9999.000,9999.000
202608101312,   2.735,9999.000,9999.000,9999.000,9999.000,9999.000,9999.000,9999.000,9999.000
202608101318,   2.648,9999.000,9999.000,9999.000,9999.000,9999.000,9999.000,9999.000,9999.000
202608101324,   2.558,9999.000,9999.000,9999.000,9999.000,9999.000,9999.000,9999.000,9999.000
202608101330,   2.467,9999.000,9999.000,9999.000,9999.000,9999.000,9999.000,9999.000,9999.000
202608101336,   2.373,9999.000,9999.000,9999.000,9999.000,9999.000,9999.000,9999.000,9999.000
202608101342,   2.278,9999.000,9999.000,9999.000,9999.000,9999.000,9999.000,9999.000,9999.000
202608101348,   2.181,9999.000,9999.000,9999.000,9999.000,9999.000,9999.000,9999.000,9999.000
202608101354,   2.083,9999.000,9999.000,9999.000,9999.000,9999.000,9999.000,9999.000,9999.000
202608101400,   1.984,9999.000,   0.100,   0.147,   2.231,   0.000,   2.131,   0.200,   2.331
202608101406,   1.885,9999.000,9999.000,9999.000,9999.000,9999.000,9999.000,9999.000,9999.000
202608101412,   1.785,9999.000,9999.000,9999.000,9999.000,9999.000,9999.000,9999.000,9999.000
202608101418,   1.685,9999.000,9999.000,9999.000,9999.000,9999.000,9999.000,9999.000,9999.000
202608101424,   1.585,9999.000,9999.000,9999.000,9999.000,9999.000,9999.000,9999.000,9999.000
202608101430,   1.486,9999.000,9999.000,9999.000,9999.000,9999.000,9999.000,9999.000,9999.000
202608101436,   1.387,9999.000,9999.000,9999.000,9999.000,9999.000,9999.000,9999.000,9999.000
202608101442,   1.290,9999.000,9999.000,9999.000,9999.000,9999.000,9999.000,9999.000,9999.000
202608101448,   1.194,9999.000,9999.000,9999.000,9999.000,9999.000,9999.000,9999.000,9999.000
202608101454,   1.100,9999.000,9999.000,9999.000,9999.000,9999.000,9999.000,9999.000,9999.000
202608101500,   1.009,9999.000,   0.100,   0.147,   1.256,   0.000,   1.156,   0.200,   1.356
202608101506,   0.920,9999.000,9999.000,9999.000,9999.000,9999.000,9999.000,9999.000,9999.000
202608101512,   0.834,9999.000,9999.000,9999.000,9999.000,9999.000,9999.000,9999.000,9999.000
202608101518,   0.752,9999.000,9999.000,9999.000,9999.000,9999.000,9999.000,9999.000,9999.000
202608101524,   0.673,9999.000,9999.000,9999.000,9999.000,9999.000,9999.000,9999.000,9999.000
202608101530,   0.599,9999.000,9999.000,9999.000,9999.000,9999.000,9999.000,9999.000,9999.000
202608101536,   0.529,9999.000,9999.000,9999.000,9999.000,9999.000,9999.000,9999.000,9999.000
202608101542,   0.464,9999.000,9999.000,9999.000,9999.000,9999.000,9999.000,9999.000,9999.000
202608101548,   0.404,9999.000,9999.000,9999.000,9999.000,9999.000,9999.000,9999.000,9999.000
202608101554,   0.349,9999.000,9999.000,9999.000,9999.000,9999.000,9999.000,9999.000,9999.000
202608101600,   0.300,9999.000,   0.100,   0.147,   0.547,   0.100,   0.547,   0.200,   0.647
202608101606,   0.256,9999.000,9999.000,9999.000,9999.000,9999.000,9999.000,9999.000,9999.000
202608101612,   0.219,9999.000,9999.000,9999.000,9999.000,9999.000,9999.000,9999.000,9999.000
202608101618,   0.188,9999.000,9999.000,9999.000,9999.000,9999.000,9999.000,9999.000,9999.000
202608101624,   0.162,9999.000,9999.000,9999.000,9999.000,9999.000,9999.000,9999.000,9999.000
202608101630,   0.144,9999.000,9999.000,9999.000,9999.000,9999.000,9999.000,9999.000,9999.000
202608101636,   0.131,9999.000,9999.000,9999.000,9999.000,9999.000,9999.000,9999.000,9999.000
202608101642,   0.124,9999.000,9999.000,9999.000,9999.000,9999.000,9999.000,9999.000,9999.000
202608101648,   0.124,9999.000,9999.000,9999.000,9999.000,9999.000,9999.000,9999.000,9999.000
202608101654,   0.130,9999.000,9999.000,9999.000,9999.000,9999.000,9999.000,9999.000,9999.000
202608101700,   0.142,9999.000,   0.200,   0.147,   0.489,   0.100,   0.389,   0.200,   0.489
202608101706,   0.160,9999.000,9999.000,9999.000,9999.000,9999.000,9999.000,9999.000,9999.000
202608101712,   0.184,9999.000,9999.000,9999.000,9999.000,9999.000,9999.000,9999.000,9999.000
202608101718,   0.213,9999.000,9999.000,9999.000,9999.000,9999.000,9999.000,9999.000,9999.000
202608101724,   0.248,9999.000,9999.000,9999.000,9999.000,9999.000,9999.000,9999.000,9999.000
202608101730,   0.288,9999.000,9999.000,9999.000,9999.000,9999.000,9999.000,9999.000,9999.000
202608101736,   0.333,9999.000,9999.000,9999.000,9999.000,9999.000,9999.000,9999.000,9999.000
202608101742,   0.383,9999.000,9999.000,9999.000,9999.000,9999.000,9999.000,9999.000,9999.000
202608101748,   0.438,9999.000,9999.000,9999.000,9999.000,9999.000,9999.000,9999.000,9999.000
202608101754,   0.498,9999.000,9999.000,9999.000,9999.000,9999.000,9999.000,9999.000,9999.000
202608101800,   0.562,9999.000,   0.200,   0.147,   0.909,   0.100,   0.809,   0.200,   0.909
202608101806,   0.631,9999.000,9999.000,9999.000,9999.000,9999.000,9999.000,9999.000,9999.000
202608101812,   0.703,9999.000,9999.000,9999.000,9999.000,9999.000,9999.000,9999.000,9999.000
202608101818,   0.780,9999.000,9999.000,9999.000,9999.000,9999.000,9999.000,9999.000,9999.000
202608101824,   0.861,9999.000,9999.000,9999.000,9999.000,9999.000,9999.000,9999.000,9999.000
202608101830,   0.945,9999.000,9999.000,9999.000,9999.000,9999.000,9999.000,9999.000,9999.000
202608101836,   1.033,9999.000,9999.000,9999.000,9999.000,9999.000,9999.000,9999.000,9999.000
202608101842,   1.125,9999.000,9999.000,9999.000,9999.000,9999.000,9999.000,9999.000,9999.000
202608101848,   1.220,9999.000,9999.000,9999.000,9999.000,9999.000,9999.000,9999.000,9999.000
202608101854,   1.318,9999.000,9999.000,9999.000,9999.000,9999.000,9999.000,9999.000,9999.000
202608101900,   1.419,9999.000,   0.200,   0.147,   1.766,   0.100,   1.666,   0.300,   1.866
202608101906,   1.523,9999.000,9999.000,9999.000,9999.000,9999.000,9999.000,9999.000,9999.000
202608101912,   1.630,9999.000,9999.000,9999.000,9999.000,9999.000,9999.000,9999.000,9999.000
202608101918,   1.740,9999.000,9999.000,9999.000,9999.000,9999.000,9999.000,9999.000,9999.000
202608101924,   1.852,9999.000,9999.000,9999.000,9999.000,9999.000,9999.000,9999.000,9999.000
202608101930,   1.966,9999.000,9999.000,9999.000,9999.000,9999.000,9999.000,9999.000,9999.000
202608101936,   2.082,9999.000,9999.000,9999.000,9999.000,9999.000,9999.000,9999.000,9999.000
202608101942,   2.200,9999.000,9999.000,9999.000,9999.000,9999.000,9999.000,9999.000,9999.000
202608101948,   2.319,9999.000,9999.000,9999.000,9999.000,9999.000,9999.000,9999.000,9999.000
202608101954,   2.440,9999.000,9999.000,9999.000,9999.000,9999.000,9999.000,9999.000,9999.000
202608102000,   2.562,9999.000,   0.200,   0.147,   2.909,   0.100,   2.809,   0.300,   3.009
202608102006,   2.684,9999.000,9999.000,9999.000,9999.000,9999.000,9999.000,9999.000,9999.000
202608102012,   2.807,9999.000,9999.000,9999.000,9999.000,9999.000,9999.000,9999.000,9999.000
202608102018,   2.929,9999.000,9999.000,9999.000,9999.000,9999.000,9999.000,9999.000,9999.000
202608102024,   3.052,9999.000,9999.000,9999.000,9999.000,9999.000,9999.000,9999.000,9999.000
202608102030,   3.174,9999.000,9999.000,9999.000,9999.000,9999.000,9999.000,9999.000,9999.000
202608102036,   3.294,9999.000,9999.000,9999.000,9999.000,9999.000,9999.000,9999.000,9999.000
202608102042,   3.414,9999.000,9999.000,9999.000,9999.000,9999.000,9999.000,9999.000,9999.000
202608102048,   3.532,9999.000,9999.000,9999.000,9999.000,9999.000,9999.000,9999.000,9999.000
202608102054,   3.648,9999.000,9999.000,9999.000,9999.000,9999.000,9999.000,9999.000,9999.000
202608102100,   3.761,9999.000,   0.200,   0.147,   4.108,   0.100,   4.008,   0.300,   4.208
202608102106,   3.873,9999.000,9999.000,9999.000,9999.000,9999.000,9999.000,9999.000,9999.000
202608102112,   3.981,9999.000,9999.000,9999.000,9999.000,9999.000,9999.000,9999.000,9999.000
202608102118,   4.087,9999.000,9999.000,9999.000,9999.000,9999.000,9999.000,9999.000,9999.000
202608102124,   4.189,9999.000,9999.000,9999.000,9999.000,9999.000,9999.000,9999.000,9999.000
202608102130,   4.288,9999.000,9999.000,9999.000,9999.000,9999.000,9999.000,9999.000,9999.000
202608102136,   4.384,9999.000,9999.000,9999.000,9999.000,9999.000,9999.000,9999.000,9999.000
202608102142,   4.475,9999.000,9999.000,9999.000,9999.000,9999.000,9999.000,9999.000,9999.000
202608102148,   4.562,9999.000,9999.000,9999.000,9999.000,9999.000,9999.000,9999.000,9999.000
202608102154,   4.646,9999.000,9999.000,9999.000,9999.000,9999.000,9999.000,9999.000,9999.000
202608102200,   4.725,9999.000,   0.200,   0.147,   5.072,   0.100,   4.972,   0.300,   5.172
202608102206,   4.800,9999.000,9999.000,9999.000,9999.000,9999.000,9999.000,9999.000,9999.000
202608102212,   4.870,9999.000,9999.000,9999.000,9999.000,9999.000,9999.000,9999.000,9999.000
202608102218,   4.936,9999.000,9999.000,9999.000,9999.000,9999.000,9999.000,9999.000,9999.000
202608102224,   4.996,9999.000,9999.000,9999.000,9999.000,9999.000,9999.000,9999.000,9999.000
202608102230,   5.053,9999.000,9999.000,9999.000,9999.000,9999.000,9999.000,9999.000,9999.000
202608102236,   5.104,9999.000,9999.000,9999.000,9999.000,9999.000,9999.000,9999.000,9999.000
202608102242,   5.150,9999.000,9999.000,9999.000,9999.000,9999.000,9999.000,9999.000,9999.000
202608102248,   5.191,9999.000,9999.000,9999.000,9999.000,9999.000,9999.000,9999.000,9999.000
202608102254,   5.228,9999.000,9999.000,9999.000,9999.000,9999.000,9999.000,9999.000,9999.000
202608102300,   5.259,9999.000,   0.200,   0.147,   5.606,   0.100,   5.506,   0.300,   5.706
202608102306,   5.284,9999.000,9999.000,9999.000,9999.000,9999.000,9999.000,9999.000,9999.000
202608102312,   5.305,9999.000,9999.000,9999.000,9999.000,9999.000,9999.000,9999.000,9999.000
202608102318,   5.320,9999.000,9999.000,9999.000,9999.000,9999.000,9999.000,9999.000,9999.000
202608102324,   5.330,9999.000,9999.000,9999.000,9999.000,9999.000,9999.000,9999.000,9999.000
202608102330,   5.334,9999.000,9999.000,9999.000,9999.000,9999.000,9999.000,9999.000,9999.000
202608102336,   5.333,9999.000,9999.000,9999.000,9999.000,9999.000,9999.000,9999.000,9999.000
202608102342,   5.326,9999.000,9999.000,9999.000,9999.000,9999.000,9999.000,9999.000,9999.000
202608102348,   5.314,9999.000,9999.000,9999.000,9999.000,9999.000,9999.000,9999.000,9999.000
202608102354,   5.296,9999.000,9999.000,9999.000,9999.000,9999.000,9999.000,9999.000,9999.000
202608110000,   5.273,9999.000,   0.200,   0.147,   5.620,   0.000,   5.420,   0.300,   5.720
202608110006,   5.244,9999.000,9999.000,9999.000,9999.000,9999.000,9999.000,9999.000,9999.000
202608110012,   5.210,9999.000,9999.000,9999.000,9999.000,9999.000,9999.000,9999.000,9999.000
202608110018,   5.170,9999.000,9999.000,9999.000,9999.000,9999.000,9999.000,9999.000,9999.000
202608110024,   5.125,9999.000,9999.000,9999.000,9999.000,9999.000,9999.000,9999.000,9999.000
202608110030,   5.075,9999.000,9999.000,9999.000,9999.000,9999.000,9999.000,9999.000,9999.000
202608110036,   5.019,9999.000,9999.000,9999.000,9999.000,9999.000,9999.000,9999.000,9999.000
202608110042,   4.958,9999.000,9999.000,9999.000,9999.000,9999.000,9999.000,9999.000,9999.000
202608110048,   4.893,9999.000,9999.000,9999.000,9999.000,9999.000,9999.000,9999.000,9999.000
202608110054,   4.822,9999.000,9999.000,9999.000,9999.000,9999.000,9999.000,9999.000,9999.000
202608110100,   4.747,9999.000,   0.100,   0.147,   4.994,   0.000,   4.894,   0.300,   5.194
202608110106,   4.667,9999.000,9999.000,9999.000,9999.000,9999.000,9999.000,9999.000,9999.000
202608110112,   4.582,9999.000,9999.000,9999.000,9999.000,9999.000,9999.000,9999.000,9999.000
202608110118,   4.494,9999.000,9999.000,9999.000,9999.000,9999.000,9999.000,9999.000,9999.000
202608110124,   4.401,9999.000,9999.000,9999.000,9999.000,9999.000,9999.000,9999.000,9999.000
202608110130,   4.304,9999.000,9999.000,9999.000,9999.000,9999.000,9999.000,9999.000,9999.000
202608110136,   4.203,9999.000,9999.000,9999.000,9999.000,9999.000,9999.000,9999.000,9999.000
202608110142,   4.099,9999.000,9999.000,9999.000,9999.000,9999.000,9999.000,9999.000,9999.000
202608110148,   3.992,9999.000,9999.000,9999.000,9999.000,9999.000,9999.000,9999.000,9999.000
202608110154,   3.881,9999.000,9999.000,9999.000,9999.000,9999.000,9999.000,9999.000,9999.000
202608110200,   3.767,9999.000,   0.100,   0.147,   4.014,   0.000,   3.914,   0.200,   4.114
202608110206,   3.651,9999.000,9999.000,9999.000,9999.000,9999.000,9999.000,9999.000,9999.000
202608110212,   3.532,9999.000,9999.000,9999.000,9999.000,9999.000,9999.000,9999.000,9999.000
202608110218,   3.410,9999.000,9999.000,9999.000,9999.000,9999.000,9999.000,9999.000,9999.000
202608110224,   3.287,9999.000,9999.000,9999.000,9999.000,9999.000,9999.000,9999.000,9999.000
202608110230,   3.162,9999.000,9999.000,9999.000,9999.000,9999.000,9999.000,9999.000,9999.000
202608110236,   3.036,9999.000,9999.000,9999.000,9999.000,9999.000,9999.000,9999.000,9999.000
202608110242,   2.908,9999.000,9999.000,9999.000,9999.000,9999.000,9999.000,9999.000,9999.000
202608110248,   2.780,9999.000,9999.000,9999.000,9999.000,9999.000,9999.000,9999.000,9999.000
202608110254,   2.651,9999.000,9999.000,9999.000,9999.000,9999.000,9999.000,9999.000,9999.000
202608110300,   2.522,9999.000,   0.100,   0.147,   2.769,   0.000,   2.669,   0.200,   2.869
202608110306,   2.393,9999.000,9999.000,9999.000,9999.000,9999.000,9999.000,9999.000,9999.000
202608110312,   2.265,9999.000,9999.000,9999.000,9999.000,9999.000,9999.000,9999.000,9999.000
202608110318,   2.138,9999.000,9999.000,9999.000,9999.000,9999.000,9999.000,9999.000,9999.000
202608110324,   2.012,9999.000,9999.000,9999.000,9999.000,9999.000,9999.000,9999.000,9999.000
202608110330,   1.888,9999.000,9999.000,9999.000,9999.000,9999.000,9999.000,9999.000,9999.000
202608110336,   1.766,9999.000,9999.000,9999.000,9999.000,9999.000,9999.000,9999.000,9999.000
202608110342,   1.647,9999.000,9999.000,9999.000,9999.000,9999.000,9999.000,9999.000,9999.000
202608110348,   1.530,9999.000,9999.000,9999.000,9999.000,9999.000,9999.000,9999.000,9999.000
202608110354,   1.417,9999.000,9999.000,9999.000,9999.000,9999.000,9999.000,9999.000,9999.000
202608110400,   1.308,9999.000,   0.100,   0.147,   1.555,   0.000,   1.455,   0.200,   1.655
202608110406,   1.203,9999.000,9999.000,9999.000,9999.000,9999.000,9999.000,9999.000,9999.000
202608110412,   1.102,9999.000,9999.000,9999.000,9999.000,9999.000,9999.000,9999.000,9999.000
202608110418,   1.006,9999.000,9999.000,9999.000,9999.000,9999.000,9999.000,9999.000,9999.000
202608110424,   0.915,9999.000,9999.000,9999.000,9999.000,9999.000,9999.000,9999.000,9999.000
202608110430,   0.828,9999.000,9999.000,9999.000,9999.000,9999.000,9999.000,9999.000,9999.000
202608110436,   0.748,9999.000,9999.000,9999.000,9999.000,9999.000,9999.000,9999.000,9999.000
202608110442,   0.673,9999.000,9999.000,9999.000,9999.000,9999.000,9999.000,9999.000,9999.000
202608110448,   0.603,9999.000,9999.000,9999.000,9999.000,9999.000,9999.000,9999.000,9999.000
202608110454,   0.540,9999.000,9999.000,9999.000,9999.000,9999.000,9999.000,9999.000,9999.000
202608110500,   0.482,9999.000,   0.000,   0.147,   0.629,   0.000,   0.629,   0.100,   0.729
202608110506,   0.430,9999.000,9999.000,9999.000,9999.000,9999.000,9999.000,9999.000,9999.000
202608110512,   0.384,9999.000,9999.000,9999.000,9999.000,9999.000,9999.000,9999.000,9999.000
202608110518,   0.344,9999.000,9999.000,9999.000,9999.000,9999.000,9999.000,9999.000,9999.000
202608110524,   0.310,9999.000,9999.000,9999.000,9999.000,9999.000,9999.000,9999.000,9999.000
202608110530,   0.282,9999.000,9999.000,9999.000,9999.000,9999.000,9999.000,9999.000,9999.000
202608110536,   0.259,9999.000,9999.000,9999.000,9999.000,9999.000,9999.000,9999.000,9999.000
202608110542,   0.242,9999.000,9999.000,9999.000,9999.000,9999.000,9999.000,9999.000,9999.000
202608110548,   0.231,9999.000,9999.000,9999.000,9999.000,9999.000,9999.000,9999.000,9999.000
202608110554,   0.225,9999.000,9999.000,9999.000,9999.000,9999.000,9999.000,9999.000,9999.000
202608110600,   0.224,9999.000,   0.000,   0.147,   0.371,  -0.100,   0.271,   0.200,   0.571
202608110606,   0.229,9999.000,9999.000,9999.000,9999.000,9999.000,9999.000,9999.000,9999.000
202608110612,   0.239,9999.000,9999.000,9999.000,9999.000,9999.000,9999.000,9999.000,9999.000
202608110618,   0.254,9999.000,9999.000,9999.000,9999.000,9999.000,9999.000,9999.000,9999.000
202608110624,   0.273,9999.000,9999.000,9999.000,9999.000,9999.000,9999.000,9999.000,9999.000
202608110630,   0.298,9999.000,9999.000,9999.000,9999.000,9999.000,9999.000,9999.000,9999.000
202608110636,   0.327,9999.000,9999.000,9999.000,9999.000,9999.000,9999.000,9999.000,9999.000
202608110642,   0.360,9999.000,9999.000,9999.000,9999.000,9999.000,9999.000,9999.000,9999.000
202608110648,   0.399,9999.000,9999.000,9999.000,9999.000,9999.000,9999.000,9999.000,9999.000
202608110654,   0.441,9999.000,9999.000,9999.000,9999.000,9999.000,9999.000,9999.000,9999.000
202608110700,   0.488,9999.000,   0.000,   0.147,   0.635,   0.000,   0.635,   0.200,   0.835
202608110706,   0.539,9999.000,9999.000,9999.000,9999.000,9999.000,9999.000,9999.000,9999.000
202608110712,   0.595,9999.000,9999.000,9999.000,9999.000,9999.000,9999.000,9999.000,9999.000
202608110718,   0.654,9999.000,9999.000,9999.000,9999.000,9999.000,9999.000,9999.000,9999.000
202608110724,   0.718,9999.000,9999.000,9999.000,9999.000,9999.000,9999.000,9999.000,9999.000
202608110730,   0.785,9999.000,9999.000,9999.000,9999.000,9999.000,9999.000,9999.000,9999.000
202608110736,   0.856,9999.000,9999.000,9999.000,9999.000,9999.000,9999.000,9999.000,9999.000
202608110742,   0.931,9999.000,9999.000,9999.000,9999.000,9999.000,9999.000,9999.000,9999.000
202608110748,   1.009,9999.000,9999.000,9999.000,9999.000,9999.000,9999.000,9999.000,9999.000
202608110754,   1.090,9999.000,9999.000,9999.000,9999.000,9999.000,9999.000,9999.000,9999.000
202608110800,   1.175,9999.000,   0.100,   0.147,   1.422,   0.000,   1.322,   0.200,   1.522
202608110806,   1.262,9999.000,9999.000,9999.000,9999.000,9999.000,9999.000,9999.000,9999.000
202608110812,   1.351,9999.000,9999.000,9999.000,9999.000,9999.000,9999.000,9999.000,9999.000
202608110818,   1.443,9999.000,9999.000,9999.000,9999.000,9999.000,9999.000,9999.000,9999.000
202608110824,   1.538,9999.000,9999.000,9999.000,9999.000,9999.000,9999.000,9999.000,9999.000
202608110830,   1.633,9999.000,9999.000,9999.000,9999.000,9999.000,9999.000,9999.000,9999.000
202608110836,   1.731,9999.000,9999.000,9999.000,9999.000,9999.000,9999.000,9999.000,9999.000
202608110842,   1.829,9999.000,9999.000,9999.000,9999.000,9999.000,9999.000,9999.000,9999.000
202608110848,   1.928,9999.000,9999.000,9999.000,9999.000,9999.000,9999.000,9999.000,9999.000
202608110854,   2.028,9999.000,9999.000,9999.000,9999.000,9999.000,9999.000,9999.000,9999.000
202608110900,   2.128,9999.000,   0.100,   0.147,   2.375,   0.000,   2.275,   0.200,   2.475
202608110906,   2.227,9999.000,9999.000,9999.000,9999.000,9999.000,9999.000,9999.000,9999.000
202608110912,   2.326,9999.000,9999.000,9999.000,9999.000,9999.000,9999.000,9999.000,9999.000
202608110918,   2.425,9999.000,9999.000,9999.000,9999.000,9999.000,9999.000,9999.000,9999.000
202608110924,   2.522,9999.000,9999.000,9999.000,9999.000,9999.000,9999.000,9999.000,9999.000
202608110930,   2.618,9999.000,9999.000,9999.000,9999.000,9999.000,9999.000,9999.000,9999.000
202608110936,   2.712,9999.000,9999.000,9999.000,9999.000,9999.000,9999.000,9999.000,9999.000
202608110942,   2.804,9999.000,9999.000,9999.000,9999.000,9999.000,9999.000,9999.000,9999.000
202608110948,   2.893,9999.000,9999.000,9999.000,9999.000,9999.000,9999.000,9999.000,9999.000
202608110954,   2.981,9999.000,9999.000,9999.000,9999.000,9999.000,9999.000,9999.000,9999.000
202608111000,   3.066,9999.000,   0.100,   0.147,   3.313,   0.000,   3.213,   0.200,   3.413
202608111006,   3.148,9999.000,9999.000,9999.000,9999.000,9999.000,9999.000,9999.000,9999.000
202608111012,   3.226,9999.000,9999.000,9999.000,9999.000,9999.000,9999.000,9999.000,9999.000
202608111018,   3.302,9999.000,9999.000,9999.000,9999.000,9999.000,9999.000,9999.000,9999.000
202608111024,   3.375,9999.000,9999.000,9999.000,9999.000,9999.000,9999.000,9999.000,9999.000
202608111030,   3.444,9999.000,9999.000,9999.000,9999.000,9999.000,9999.000,9999.000,9999.000
202608111036,   3.509,9999.000,9999.000,9999.000,9999.000,9999.000,9999.000,9999.000,9999.000
202608111042,   3.571,9999.000,9999.000,9999.000,9999.000,9999.000,9999.000,9999.000,9999.000
202608111048,   3.628,9999.000,9999.000,9999.000,9999.000,9999.000,9999.000,9999.000,9999.000
202608111054,   3.682,9999.000,9999.000,9999.000,9999.000,9999.000,9999.000,9999.000,9999.000
202608111100,   3.732,9999.000,   0.100,   0.147,   3.979,   0.000,   3.879,   0.200,   4.079
202608111106,   3.778,9999.000,9999.000,9999.000,9999.000,9999.000,9999.000,9999.000,9999.000
202608111112,   3.819,9999.000,9999.000,9999.000,9999.000,9999.000,9999.000,9999.000,9999.000
202608111118,   3.856,9999.000,9999.000,9999.000,9999.000,9999.000,9999.000,9999.000,9999.000
202608111124,   3.889,9999.000,9999.000,9999.000,9999.000,9999.000,9999.000,9999.000,9999.000
202608111130,   3.917,9999.000,9999.000,9999.000,9999.000,9999.000,9999.000,9999.000,9999.000
202608111136,   3.941,9999.000,9999.000,9999.000,9999.000,9999.000,9999.000,9999.000,9999.000
202608111142,   3.960,9999.000,9999.000,9999.000,9999.000,9999.000,9999.000,9999.000,9999.000
202608111148,   3.974,9999.000,9999.000,9999.000,9999.000,9999.000,9999.000,9999.000,9999.000
202608111154,   3.983,9999.000,9999.000,9999.000,9999.000,9999.000,9999.000,9999.000,9999.000
202608111200,   3.987,9999.000,   0.100,   0.147,   4.234,   0.000,   4.134,   0.200,   4.334
202608111206,   3.987,9999.000,9999.000,9999.000,9999.000,9999.000,9999.000,9999.000,9999.000
202608111212,   3.981,9999.000,9999.000,9999.000,9999.000,9999.000,9999.000,9999.000,9999.000
202608111218,   3.970,9999.000,9999.000,9999.000,9999.000,9999.000,9999.000,9999.000,9999.000
202608111224,   3.955,9999.000,9999.000,9999.000,9999.000,9999.000,9999.000,9999.000,9999.000
202608111230,   3.934,9999.000,9999.000,9999.000,9999.000,9999.000,9999.000,9999.000,9999.000
202608111236,   3.908,9999.000,9999.000,9999.000,9999.000,9999.000,9999.000,9999.000,9999.000
202608111242,   3.877,9999.000,9999.000,9999.000,9999.000,9999.000,9999.000,9999.000,9999.000
202608111248,   3.841,9999.000,9999.000,9999.000,9999.000,9999.000,9999.000,9999.000,9999.000
202608111254,   3.800,9999.000,9999.000,9999.000,9999.000,9999.000,9999.000,9999.000,9999.000
202608111300,   3.754,9999.000,   0.200,   0.147,   4.101,   0.000,   3.901,   0.300,   4.201
202608111306,   3.704,9999.000,9999.000,9999.000,9999.000,9999.000,9999.000,9999.000,9999.000
202608111312,   3.648,9999.000,9999.000,9999.000,9999.000,9999.000,9999.000,9999.000,9999.000
202608111318,   3.588,9999.000,9999.000,9999.000,9999.000,9999.000,9999.000,9999.000,9999.000
202608111324,   3.524,9999.000,9999.000,9999.000,9999.000,9999.000,9999.000,9999.000,9999.000
202608111330,   3.455,9999.000,9999.000,9999.000,9999.000,9999.000,9999.000,9999.000,9999.000
202608111336,   3.382,9999.000,9999.000,9999.000,9999.000,9999.000,9999.000,9999.000,9999.000
202608111342,   3.305,9999.000,9999.000,9999.000,9999.000,9999.000,9999.000,9999.000,9999.000
202608111348,   3.224,9999.000,9999.000,9999.000,9999.000,9999.000,9999.000,9999.000,9999.000
202608111354,   3.139,9999.000,9999.000,9999.000,9999.000,9999.000,9999.000,9999.000,9999.000
202608111400,   3.051,9999.000,   0.200,   0.147,   3.398,   0.000,   3.198,   0.300,   3.498
202608111406,   2.959,9999.000,9999.000,9999.000,9999.000,9999.000,9999.000,9999.000,9999.000
202608111412,   2.865,9999.000,9999.000,9999.000,9999.000,9999.000,9999.000,9999.000,9999.000
202608111418,   2.767,9999.000,9999.000,9999.000,9999.000,9999.000,9999.000,9999.000,9999.000
202608111424,   2.667,9999.000,9999.000,9999.000,9999.000,9999.000,9999.000,9999.000,9999.000
202608111430,   2.564,9999.000,9999.000,9999.000,9999.000,9999.000,9999.000,9999.000,9999.000
202608111436,   2.460,9999.000,9999.000,9999.000,9999.000,9999.000,9999.000,9999.000,9999.000
202608111442,   2.353,9999.000,9999.000,9999.000,9999.000,9999.000,9999.000,9999.000,9999.000
202608111448,   2.245,9999.000,9999.000,9999.000,9999.000,9999.000,9999.000,9999.000,9999.000
202608111454,   2.135,9999.000,9999.000,9999.000,9999.000,9999.000,9999.000,9999.000,9999.000
202608111500,   2.025,9999.000,   0.200,   0.147,   2.372,   0.000,   2.172,   0.300,   2.472
202608111506,   1.913,9999.000,9999.000,9999.000,9999.000,9999.000,9999.000,9999.000,9999.000
202608111512,   1.802,9999.000,9999.000,9999.000,9999.000,9999.000,9999.000,9999.000,9999.000
202608111518,   1.690,9999.000,9999.000,9999.000,9999.000,9999.000,9999.000,9999.000,9999.000
202608111524,   1.579,9999.000,9999.000,9999.000,9999.000,9999.000,9999.000,9999.000,9999.000
202608111530,   1.468,9999.000,9999.000,9999.000,9999.000,9999.000,9999.000,9999.000,9999.000
202608111536,   1.359,9999.000,9999.000,9999.000,9999.000,9999.000,9999.000,9999.000,9999.000
202608111542,   1.251,9999.000,9999.000,9999.000,9999.000,9999.000,9999.000,9999.000,9999.000
202608111548,   1.145,9999.000,9999.000,9999.000,9999.000,9999.000,9999.000,9999.000,9999.000
202608111554,   1.041,9999.000,9999.000,9999.000,9999.000,9999.000,9999.000,9999.000,9999.000
202608111600,   0.941,9999.000,   0.200,   0.147,   1.288,   0.000,   1.088,   0.300,   1.388
202608111606,   0.843,9999.000,9999.000,9999.000,9999.000,9999.000,9999.000,9999.000,9999.000
202608111612,   0.749,9999.000,9999.000,9999.000,9999.000,9999.000,9999.000,9999.000,9999.000
202608111618,   0.659,9999.000,9999.000,9999.000,9999.000,9999.000,9999.000,9999.000,9999.000
202608111624,   0.573,9999.000,9999.000,9999.000,9999.000,9999.000,9999.000,9999.000,9999.000
202608111630,   0.492,9999.000,9999.000,9999.000,9999.000,9999.000,9999.000,9999.000,9999.000
202608111636,   0.416,9999.000,9999.000,9999.000,9999.000,9999.000,9999.000,9999.000,9999.000
202608111642,   0.345,9999.000,9999.000,9999.000,9999.000,9999.000,9999.000,9999.000,9999.000
202608111648,   0.280,9999.000,9999.000,9999.000,9999.000,9999.000,9999.000,9999.000,9999.000
202608111654,   0.220,9999.000,9999.000,9999.000,9999.000,9999.000,9999.000,9999.000,9999.000
202608111700,   0.167,9999.000,   0.200,   0.147,   0.514,   0.100,   0.414,   0.300,   0.614
202608111706,   0.120,9999.000,9999.000,9999.000,9999.000,9999.000,9999.000,9999.000,9999.000
202608111712,   0.079,9999.000,9999.000,9999.000,9999.000,9999.000,9999.000,9999.000,9999.000
202608111718,   0.045,9999.000,9999.000,9999.000,9999.000,9999.000,9999.000,9999.000,9999.000
202608111724,   0.017,9999.000,9999.000,9999.000,9999.000,9999.000,9999.000,9999.000,9999.000
202608111730,  -0.003,9999.000,9999.000,9999.000,9999.000,9999.000,9999.000,9999.000,9999.000
202608111736,  -0.018,9999.000,9999.000,9999.000,9999.000,9999.000,9999.000,9999.000,9999.000
202608111742,  -0.026,9999.000,9999.000,9999.000,9999.000,9999.000,9999.000,9999.000,9999.000
202608111748,  -0.028,9999.000,9999.000,9999.000,9999.000,9999.000,9999.000,9999.000,9999.000
202608111754,  -0.023,9999.000,9999.000,9999.000,9999.000,9999.000,9999.000,9999.000,9999.000
202608111800,  -0.012,9999.000,   0.200,   0.147,   0.335,   0.100,   0.235,   0.300,   0.435
202608111806,   0.005,9999.000,9999.000,9999.000,9999.000,9999.000,9999.000,9999.000,9999.000
202608111812,   0.028,9999.000,9999.000,9999.000,9999.000,9999.000,9999.000,9999.000,9999.000
202608111818,   0.058,9999.000,9999.000,9999.000,9999.000,9999.000,9999.000,9999.000,9999.000
202608111824,   0.093,9999.000,9999.000,9999.000,9999.000,9999.000,9999.000,9999.000,9999.000
202608111830,   0.134,9999.000,9999.000,9999.000,9999.000,9999.000,9999.000,9999.000,9999.000
202608111836,   0.180,9999.000,9999.000,9999.000,9999.000,9999.000,9999.000,9999.000,9999.000
202608111842,   0.232,9999.000,9999.000,9999.000,9999.000,9999.000,9999.000,9999.000,9999.000
202608111848,   0.290,9999.000,9999.000,9999.000,9999.000,9999.000,9999.000,9999.000,9999.000
202608111854,   0.352,9999.000,9999.000,9999.000,9999.000,9999.000,9999.000,9999.000,9999.000
202608111900,   0.419,9999.000,   0.300,   0.147,   0.866,   0.200,   0.766,   0.300,   0.866
202608111906,   0.491,9999.000,9999.000,9999.000,9999.000,9999.000,9999.000,9999.000,9999.000
202608111912,   0.568,9999.000,9999.000,9999.000,9999.000,9999.000,9999.000,9999.000,9999.000
202608111918,   0.650,9999.000,9999.000,9999.000,9999.000,9999.000,9999.000,9999.000,9999.000
202608111924,   0.736,9999.000,9999.000,9999.000,9999.000,9999.000,9999.000,9999.000,9999.000
202608111930,   0.826,9999.000,9999.000,9999.000,9999.000,9999.000,9999.000,9999.000,9999.000
202608111936,   0.920,9999.000,9999.000,9999.000,9999.000,9999.000,9999.000,9999.000,9999.000
202608111942,   1.019,9999.000,9999.000,9999.000,9999.000,9999.000,9999.000,9999.000,9999.000
202608111948,   1.121,9999.000,9999.000,9999.000,9999.000,9999.000,9999.000,9999.000,9999.000
202608111954,   1.227,9999.000,9999.000,9999.000,9999.000,9999.000,9999.000,9999.000,9999.000
202608112000,   1.336,9999.000,   0.300,   0.147,   1.783,   0.100,   1.583,   0.400,   1.883
202608112006,   1.449,9999.000,9999.000,9999.000,9999.000,9999.000,9999.000,9999.000,9999.000
202608112012,   1.565,9999.000,9999.000,9999.000,9999.000,9999.000,9999.000,9999.000,9999.000
202608112018,   1.684,9999.000,9999.000,9999.000,9999.000,9999.000,9999.000,9999.000,9999.000
202608112024,   1.805,9999.000,9999.000,9999.000,9999.000,9999.000,9999.000,9999.000,9999.000
202608112030,   1.929,9999.000,9999.000,9999.000,9999.000,9999.000,9999.000,9999.000,9999.000
202608112036,   2.055,9999.000,9999.000,9999.000,9999.000,9999.000,9999.000,9999.000,9999.000
202608112042,   2.182,9999.000,9999.000,9999.000,9999.000,9999.000,9999.000,9999.000,9999.000
202608112048,   2.311,9999.000,9999.000,9999.000,9999.000,9999.000,9999.000,9999.000,9999.000
202608112054,   2.441,9999.000,9999.000,9999.000,9999.000,9999.000,9999.000,9999.000,9999.000
202608112100,   2.572,9999.000,   0.300,   0.147,   3.019,   0.100,   2.819,   0.400,   3.119
202608112106,   2.703,9999.000,9999.000,9999.000,9999.000,9999.000,9999.000,9999.000,9999.000
202608112112,   2.834,9999.000,9999.000,9999.000,9999.000,9999.000,9999.000,9999.000,9999.000
202608112118,   2.965,9999.000,9999.000,9999.000,9999.000,9999.000,9999.000,9999.000,9999.000
202608112124,   3.095,9999.000,9999.000,9999.000,9999.000,9999.000,9999.000,9999.000,9999.000
202608112130,   3.224,9999.000,9999.000,9999.000,9999.000,9999.000,9999.000,9999.000,9999.000
202608112136,   3.352,9999.000,9999.000,9999.000,9999.000,9999.000,9999.000,9999.000,9999.000
202608112142,   3.478,9999.000,9999.000,9999.000,9999.000,9999.000,9999.000,9999.000,9999.000
202608112148,   3.601,9999.000,9999.000,9999.000,9999.000,9999.000,9999.000,9999.000,9999.000
202608112154,   3.723,9999.000,9999.000,9999.000,9999.000,9999.000,9999.000,9999.000,9999.000
202608112200,   3.842,9999.000,   0.300,   0.147,   4.289,   0.200,   4.189,   0.400,   4.389
202608112206,   3.958,9999.000,9999.000,9999.000,9999.000,9999.000,9999.000,9999.000,9999.000
202608112212,   4.071,9999.000,9999.000,9999.000,9999.000,9999.000,9999.000,9999.000,9999.000
202608112218,   4.180,9999.000,9999.000,9999.000,9999.000,9999.000,9999.000,9999.000,9999.000
202608112224,   4.286,9999.000,9999.000,9999.000,9999.000,9999.000,9999.000,9999.000,9999.000
202608112230,   4.388,9999.000,9999.000,9999.000,9999.000,9999.000,9999.000,9999.000,9999.000
202608112236,   4.486,9999.000,9999.000,9999.000,9999.000,9999.000,9999.000,9999.000,9999.000
202608112242,   4.579,9999.000,9999.000,9999.000,9999.000,9999.000,9999.000,9999.000,9999.000
202608112248,   4.669,9999.000,9999.000,9999.000,9999.000,9999.000,9999.000,9999.000,9999.000
202608112254,   4.754,9999.000,9999.000,9999.000,9999.000,9999.000,9999.000,9999.000,9999.000
202608112300,   4.835,9999.000,   0.300,   0.147,   5.282,   0.200,   5.182,   0.400,   5.382
202608112306,   4.911,9999.000,9999.000,9999.000,9999.000,9999.000,9999.000,9999.000,9999.000
202608112312,   4.982,9999.000,9999.000,9999.000,9999.000,9999.000,9999.000,9999.000,9999.000
202608112318,   5.048,9999.000,9999.000,9999.000,9999.000,9999.000,9999.000,9999.000,9999.000
202608112324,   5.110,9999.000,9999.000,9999.000,9999.000,9999.000,9999.000,9999.000,9999.000
202608112330,   5.166,9999.000,9999.000,9999.000,9999.000,9999.000,9999.000,9999.000,9999.000
202608112336,   5.217,9999.000,9999.000,9999.000,9999.000,9999.000,9999.000,9999.000,9999.000
202608112342,   5.263,9999.000,9999.000,9999.000,9999.000,9999.000,9999.000,9999.000,9999.000
202608112348,   5.304,9999.000,9999.000,9999.000,9999.000,9999.000,9999.000,9999.000,9999.000
202608112354,   5.340,9999.000,9999.000,9999.000,9999.000,9999.000,9999.000,9999.000,9999.000
202608120000,   5.369,9999.000,   0.300,   0.147,   5.816,   0.200,   5.716,   0.400,   5.916
202608120006,   5.394,9999.000,9999.000,9999.000,9999.000,9999.000,9999.000,9999.000,9999.000
202608120012,   5.413,9999.000,9999.000,9999.000,9999.000,9999.000,9999.000,9999.000,9999.000
202608120018,   5.426,9999.000,9999.000,9999.000,9999.000,9999.000,9999.000,9999.000,9999.000
202608120024,   5.433,9999.000,9999.000,9999.000,9999.000,9999.000,9999.000,9999.000,9999.000
202608120030,   5.435,9999.000,9999.000,9999.000,9999.000,9999.000,9999.000,9999.000,9999.000
202608120036,   5.430,9999.000,9999.000,9999.000,9999.000,9999.000,9999.000,9999.000,9999.000
202608120042,   5.420,9999.000,9999.000,9999.000,9999.000,9999.000,9999.000,9999.000,9999.000
202608120048,   5.404,9999.000,9999.000,9999.000,9999.000,9999.000,9999.000,9999.000,9999.000
202608120054,   5.382,9999.000,9999.000,9999.000,9999.000,9999.000,9999.000,9999.000,9999.000
202608120100,   5.353,9999.000,   0.300,   0.147,   5.800,   0.100,   5.600,   0.400,   5.900
202608120106,   5.320,9999.000,9999.000,9999.000,9999.000,9999.000,9999.000,9999.000,9999.000
202608120112,   5.280,9999.000,9999.000,9999.000,9999.000,9999.000,9999.000,9999.000,9999.000
202608120118,   5.234,9999.000,9999.000,9999.000,9999.000,9999.000,9999.000,9999.000,9999.000
202608120124,   5.182,9999.000,9999.000,9999.000,9999.000,9999.000,9999.000,9999.000,9999.000
202608120130,   5.125,9999.000,9999.000,9999.000,9999.000,9999.000,9999.000,9999.000,9999.000
202608120136,   5.062,9999.000,9999.000,9999.000,9999.000,9999.000,9999.000,9999.000,9999.000
202608120142,   4.994,9999.000,9999.000,9999.000,9999.000,9999.000,9999.000,9999.000,9999.000
202608120148,   4.921,9999.000,9999.000,9999.000,9999.000,9999.000,9999.000,9999.000,9999.000
202608120154,   4.842,9999.000,9999.000,9999.000,9999.000,9999.000,9999.000,9999.000,9999.000
202608120200,   4.758,9999.000,   0.200,   0.147,   5.105,   0.100,   5.005,   0.300,   5.205
202608120206,   4.669,9999.000,9999.000,9999.000,9999.000,9999.000,9999.000,9999.000,9999.000
202608120212,   4.575,9999.000,9999.000,9999.000,9999.000,9999.000,9999.000,9999.000,9999.000
202608120218,   4.477,9999.000,9999.000,9999.000,9999.000,9999.000,9999.000,9999.000,9999.000
202608120224,   4.374,9999.000,9999.000,9999.000,9999.000,9999.000,9999.000,9999.000,9999.000
202608120230,   4.267,9999.000,9999.000,9999.000,9999.000,9999.000,9999.000,9999.000,9999.000
202608120236,   4.157,9999.000,9999.000,9999.000,9999.000,9999.000,9999.000,9999.000,9999.000
202608120242,   4.042,9999.000,9999.000,9999.000,9999.000,9999.000,9999.000,9999.000,9999.000
202608120248,   3.924,9999.000,9999.000,9999.000,9999.000,9999.000,9999.000,9999.000,9999.000
202608120254,   3.803,9999.000,9999.000,9999.000,9999.000,9999.000,9999.000,9999.000,9999.000
202608120300,   3.678,9999.000,   0.200,   0.147,   4.025,   0.100,   3.925,   0.300,   4.125
202608120306,   3.551,9999.000,9999.000,9999.000,9999.000,9999.000,9999.000,9999.000,9999.000
202608120312,   3.422,9999.000,9999.000,9999.000,9999.000,9999.000,9999.000,9999.000,9999.000
202608120318,   3.290,9999.000,9999.000,9999.000,9999.000,9999.000,9999.000,9999.000,9999.000
202608120324,   3.157,9999.000,9999.000,9999.000,9999.000,9999.000,9999.000,9999.000,9999.000
202608120330,   3.022,9999.000,9999.000,9999.000,9999.000,9999.000,9999.000,9999.000,9999.000
202608120336,   2.885,9999.000,9999.000,9999.000,9999.000,9999.000,9999.000,9999.000,9999.000
202608120342,   2.748,9999.000,9999.000,9999.000,9999.000,9999.000,9999.000,9999.000,9999.000
202608120348,   2.611,9999.000,9999.000,9999.000,9999.000,9999.000,9999.000,9999.000,9999.000
202608120354,   2.473,9999.000,9999.000,9999.000,9999.000,9999.000,9999.000,9999.000,9999.000
202608120400,   2.336,9999.000,   0.200,   0.147,   2.683,   0.100,   2.583,   0.300,   2.783
202608120406,   2.200,9999.000,9999.000,9999.000,9999.000,9999.000,9999.000,9999.000,9999.000
202608120412,   2.064,9999.000,9999.000,9999.000,9999.000,9999.000,9999.000,9999.000,9999.000
202608120418,   1.930,9999.000,9999.000,9999.000,9999.000,9999.000,9999.000,9999.000,9999.000
202608120424,   1.798,9999.000,9999.000,9999.000,9999.000,9999.000,9999.000,9999.000,9999.000
202608120430,   1.669,9999.000,9999.000,9999.000,9999.000,9999.000,9999.000,9999.000,9999.000
202608120436,   1.542,9999.000,9999.000,9999.000,9999.000,9999.000,9999.000,9999.000,9999.000
202608120442,   1.419,9999.000,9999.000,9999.000,9999.000,9999.000,9999.000,9999.000,9999.000
202608120448,   1.299,9999.000,9999.000,9999.000,9999.000,9999.000,9999.000,9999.000,9999.000
202608120454,   1.183,9999.000,9999.000,9999.000,9999.000,9999.000,9999.000,9999.000,9999.000
202608120500,   1.071,9999.000,   0.100,   0.147,   1.318,   0.000,   1.218,   0.300,   1.518
202608120506,   0.964,9999.000,9999.000,9999.000,9999.000,9999.000,9999.000,9999.000,9999.000
202608120512,   0.863,9999.000,9999.000,9999.000,9999.000,9999.000,9999.000,9999.000,9999.000
202608120518,   0.766,9999.000,9999.000,9999.000,9999.000,9999.000,9999.000,9999.000,9999.000
202608120524,   0.675,9999.000,9999.000,9999.000,9999.000,9999.000,9999.000,9999.000,9999.000
202608120530,   0.589,9999.000,9999.000,9999.000,9999.000,9999.000,9999.000,9999.000,9999.000
202608120536,   0.510,9999.000,9999.000,9999.000,9999.000,9999.000,9999.000,9999.000,9999.000
202608120542,   0.437,9999.000,9999.000,9999.000,9999.000,9999.000,9999.000,9999.000,9999.000
202608120548,   0.369,9999.000,9999.000,9999.000,9999.000,9999.000,9999.000,9999.000,9999.000
202608120554,   0.308,9999.000,9999.000,9999.000,9999.000,9999.000,9999.000,9999.000,9999.000
202608120600,   0.254,9999.000,   0.100,   0.147,   0.501,   0.000,   0.401,   0.300,   0.701
202608120606,   0.205,9999.000,9999.000,9999.000,9999.000,9999.000,9999.000,9999.000,9999.000
202608120612,   0.164,9999.000,9999.000,9999.000,9999.000,9999.000,9999.000,9999.000,9999.000
202608120618,   0.128,9999.000,9999.000,9999.000,9999.000,9999.000,9999.000,9999.000,9999.000
202608120624,   0.099,9999.000,9999.000,9999.000,9999.000,9999.000,9999.000,9999.000,9999.000
202608120630,   0.076,9999.000,9999.000,9999.000,9999.000,9999.000,9999.000,9999.000,9999.000
202608120636,   0.059,9999.000,9999.000,9999.000,9999.000,9999.000,9999.000,9999.000,9999.000
202608120642,   0.048,9999.000,9999.000,9999.000,9999.000,9999.000,9999.000,9999.000,9999.000
202608120648,   0.044,9999.000,9999.000,9999.000,9999.000,9999.000,9999.000,9999.000,9999.000
202608120654,   0.045,9999.000,9999.000,9999.000,9999.000,9999.000,9999.000,9999.000,9999.000
202608120700,   0.052,9999.000,   0.200,   0.147,   0.399,   0.000,   0.199,   0.300,   0.499
202608120706,   0.064,9999.000,9999.000,9999.000,9999.000,9999.000,9999.000,9999.000,9999.000
202608120712,   0.083,9999.000,9999.000,9999.000,9999.000,9999.000,9999.000,9999.000,9999.000
202608120718,   0.106,9999.000,9999.000,9999.000,9999.000,9999.000,9999.000,9999.000,9999.000
202608120724,   0.136,9999.000,9999.000,9999.000,9999.000,9999.000,9999.000,9999.000,9999.000
202608120730,   0.170,9999.000,9999.000,9999.000,9999.000,9999.000,9999.000,9999.000,9999.000
202608120736,   0.210,9999.000,9999.000,9999.000,9999.000,9999.000,9999.000,9999.000,9999.000
202608120742,   0.255,9999.000,9999.000,9999.000,9999.000,9999.000,9999.000,9999.000,9999.000
202608120748,   0.304,9999.000,9999.000,9999.000,9999.000,9999.000,9999.000,9999.000,9999.000
202608120754,   0.359,9999.000,9999.000,9999.000,9999.000,9999.000,9999.000,9999.000,9999.000
202608120800,   0.418,9999.000,   0.200,   0.147,   0.765,   0.000,   0.565,   0.400,   0.965
202608120806,   0.483,9999.000,9999.000,9999.000,9999.000,9999.000,9999.000,9999.000,9999.000
202608120812,   0.551,9999.000,9999.000,9999.000,9999.000,9999.000,9999.000,9999.000,9999.000
202608120818,   0.624,9999.000,9999.000,9999.000,9999.000,9999.000,9999.000,9999.000,9999.000
202608120824,   0.702,9999.000,9999.000,9999.000,9999.000,9999.000,9999.000,9999.000,9999.000
202608120830,   0.783,9999.000,9999.000,9999.000,9999.000,9999.000,9999.000,9999.000,9999.000
202608120836,   0.868,9999.000,9999.000,9999.000,9999.000,9999.000,9999.000,9999.000,9999.000
202608120842,   0.957,9999.000,9999.000,9999.000,9999.000,9999.000,9999.000,9999.000,9999.000
202608120848,   1.049,9999.000,9999.000,9999.000,9999.000,9999.000,9999.000,9999.000,9999.000
202608120854,   1.145,9999.000,9999.000,9999.000,9999.000,9999.000,9999.000,9999.000,9999.000
202608120900,   1.243,9999.000,   0.300,   0.147,   1.690,   0.000,   1.390,   0.400,   1.790
202608120906,   1.344,9999.000,9999.000,9999.000,9999.000,9999.000,9999.000,9999.000,9999.000
202608120912,   1.447,9999.000,9999.000,9999.000,9999.000,9999.000,9999.000,9999.000,9999.000
202608120918,   1.552,9999.000,9999.000,9999.000,9999.000,9999.000,9999.000,9999.000,9999.000
202608120924,   1.659,9999.000,9999.000,9999.000,9999.000,9999.000,9999.000,9999.000,9999.000
202608120930,   1.767,9999.000,9999.000,9999.000,9999.000,9999.000,9999.000,9999.000,9999.000
202608120936,   1.876,9999.000,9999.000,9999.000,9999.000,9999.000,9999.000,9999.000,9999.000
202608120942,   1.986,9999.000,9999.000,9999.000,9999.000,9999.000,9999.000,9999.000,9999.000
202608120948,   2.095,9999.000,9999.000,9999.000,9999.000,9999.000,9999.000,9999.000,9999.000
202608120954,   2.205,9999.000,9999.000,9999.000,9999.000,9999.000,9999.000,9999.000,9999.000
202608121000,   2.314,9999.000,   0.300,   0.147,   2.761,   0.000,   2.461,   0.400,   2.861
202608121006,   2.423,9999.000,9999.000,9999.000,9999.000,9999.000,9999.000,9999.000,9999.000
202608121012,   2.530,9999.000,9999.000,9999.000,9999.000,9999.000,9999.000,9999.000,9999.000
202608121018,   2.636,9999.000,9999.000,9999.000,9999.000,9999.000,9999.000,9999.000,9999.000
202608121024,   2.740,9999.000,9999.000,9999.000,9999.000,9999.000,9999.000,9999.000,9999.000
202608121030,   2.843,9999.000,9999.000,9999.000,9999.000,9999.000,9999.000,9999.000,9999.000
202608121036,   2.943,9999.000,9999.000,9999.000,9999.000,9999.000,9999.000,9999.000,9999.000
202608121042,   3.040,9999.000,9999.000,9999.000,9999.000,9999.000,9999.000,9999.000,9999.000
202608121048,   3.135,9999.000,9999.000,9999.000,9999.000,9999.000,9999.000,9999.000,9999.000
202608121054,   3.227,9999.000,9999.000,9999.000,9999.000,9999.000,9999.000,9999.000,9999.000
202608121100,   3.316,9999.000,   0.300,   0.147,   3.763,   0.100,   3.563,   0.400,   3.863
202608121106,   3.402,9999.000,9999.000,9999.000,9999.000,9999.000,9999.000,9999.000,9999.000
202608121112,   3.485,9999.000,9999.000,9999.000,9999.000,9999.000,9999.000,9999.000,9999.000
202608121118,   3.563,9999.000,9999.000,9999.000,9999.000,9999.000,9999.000,9999.000,9999.000
202608121124,   3.639,9999.000,9999.000,9999.000,9999.000,9999.000,9999.000,9999.000,9999.000
202608121130,   3.710,9999.000,9999.000,9999.000,9999.000,9999.000,9999.000,9999.000,9999.000
202608121136,   3.778,9999.000,9999.000,9999.000,9999.000,9999.000,9999.000,9999.000,9999.000
202608121142,   3.841,9999.000,9999.000,9999.000,9999.000,9999.000,9999.000,9999.000,9999.000
202608121148,   3.900,9999.000,9999.000,9999.000,9999.000,9999.000,9999.000,9999.000,9999.000
202608121154,   3.955,9999.000,9999.000,9999.000,9999.000,9999.000,9999.000,9999.000,9999.000
202608121200,   4.006,9999.000,   0.300,   0.147,   4.453,   0.100,   4.253,   0.500,   4.653
202608121206,   4.052,9999.000,9999.000,9999.000,9999.000,9999.000,9999.000,9999.000,9999.000
202608121212,   4.093,9999.000,9999.000,9999.000,9999.000,9999.000,9999.000,9999.000,9999.000
202608121218,   4.130,9999.000,9999.000,9999.000,9999.000,9999.000,9999.000,9999.000,9999.000
202608121224,   4.162,9999.000,9999.000,9999.000,9999.000,9999.000,9999.000,9999.000,9999.000
202608121230,   4.188,9999.000,9999.000,9999.000,9999.000,9999.000,9999.000,9999.000,9999.000
202608121236,   4.210,9999.000,9999.000,9999.000,9999.000,9999.000,9999.000,9999.000,9999.000
202608121242,   4.227,9999.000,9999.000,9999.000,9999.000,9999.000,9999.000,9999.000,9999.000
202608121248,   4.238,9999.000,9999.000,9999.000,9999.000,9999.000,9999.000,9999.000,9999.000
202608121254,   4.244,9999.000,9999.000,9999.000,9999.000,9999.000,9999.000,9999.000,9999.000
202608121300,   4.245,9999.000,   0.300,   0.147,   4.692,   0.100,   4.492,   0.400,   4.792
202608121306,   4.240,9999.000,9999.000,9999.000,9999.000,9999.000,9999.000,9999.000,9999.000
202608121312,   4.229,9999.000,9999.000,9999.000,9999.000,9999.000,9999.000,9999.000,9999.000
202608121318,   4.213,9999.000,9999.000,9999.000,9999.000,9999.000,9999.000,9999.000,9999.000
202608121324,   4.191,9999.000,9999.000,9999.000,9999.000,9999.000,9999.000,9999.000,9999.000
202608121330,   4.164,9999.000,9999.000,9999.000,9999.000,9999.000,9999.000,9999.000,9999.000
202608121336,   4.131,9999.000,9999.000,9999.000,9999.000,9999.000,9999.000,9999.000,9999.000
202608121342,   4.093,9999.000,9999.000,9999.000,9999.000,9999.000,9999.000,9999.000,9999.000
202608121348,   4.049,9999.000,9999.000,9999.000,9999.000,9999.000,9999.000,9999.000,9999.000
202608121354,   4.000,9999.000,9999.000,9999.000,9999.000,9999.000,9999.000,9999.000,9999.000
202608121400,   3.945,9999.000,   0.300,   0.147,   4.392,   0.100,   4.192,   0.400,   4.492
202608121406,   3.886,9999.000,9999.000,9999.000,9999.000,9999.000,9999.000,9999.000,9999.000
202608121412,   3.821,9999.000,9999.000,9999.000,9999.000,9999.000,9999.000,9999.000,9999.000
202608121418,   3.751,9999.000,9999.000,9999.000,9999.000,9999.000,9999.000,9999.000,9999.000
202608121424,   3.676,9999.000,9999.000,9999.000,9999.000,9999.000,9999.000,9999.000,9999.000
202608121430,   3.597,9999.000,9999.000,9999.000,9999.000,9999.000,9999.000,9999.000,9999.000
202608121436,   3.513,9999.000,9999.000,9999.000,9999.000,9999.000,9999.000,9999.000,9999.000
202608121442,   3.425,9999.000,9999.000,9999.000,9999.000,9999.000,9999.000,9999.000,9999.000
202608121448,   3.333,9999.000,9999.000,9999.000,9999.000,9999.000,9999.000,9999.000,9999.000
202608121454,   3.237,9999.000,9999.000,9999.000,9999.000,9999.000,9999.000,9999.000,9999.000
202608121500,   3.138,9999.000,   0.300,   0.147,   3.585,   0.100,   3.385,   0.500,   3.785
202608121506,   3.035,9999.000,9999.000,9999.000,9999.000,9999.000,9999.000,9999.000,9999.000
202608121512,   2.929,9999.000,9999.000,9999.000,9999.000,9999.000,9999.000,9999.000,9999.000
202608121518,   2.820,9999.000,9999.000,9999.000,9999.000,9999.000,9999.000,9999.000,9999.000
202608121524,   2.708,9999.000,9999.000,9999.000,9999.000,9999.000,9999.000,9999.000,9999.000
202608121530,   2.594,9999.000,9999.000,9999.000,9999.000,9999.000,9999.000,9999.000,9999.000
202608121536,   2.478,9999.000,9999.000,9999.000,9999.000,9999.000,9999.000,9999.000,9999.000
202608121542,   2.360,9999.000,9999.000,9999.000,9999.000,9999.000,9999.000,9999.000,9999.000
202608121548,   2.241,9999.000,9999.000,9999.000,9999.000,9999.000,9999.000,9999.000,9999.000
202608121554,   2.121,9999.000,9999.000,9999.000,9999.000,9999.000,9999.000,9999.000,9999.000
202608121600,   2.000,9999.000,   0.400,   0.147,   2.547,   0.200,   2.347,   0.500,   2.647
202608121606,   1.879,9999.000,9999.000,9999.000,9999.000,9999.000,9999.000,9999.000,9999.000
202608121612,   1.758,9999.000,9999.000,9999.000,9999.000,9999.000,9999.000,9999.000,9999.000
202608121618,   1.637,9999.000,9999.000,9999.000,9999.000,9999.000,9999.000,9999.000,9999.000
202608121624,   1.517,9999.000,9999.000,9999.000,9999.000,9999.000,9999.000,9999.000,9999.000
202608121630,   1.398,9999.000,9999.000,9999.000,9999.000,9999.000,9999.000,9999.000,9999.000
202608121636,   1.281,9999.000,9999.000,9999.000,9999.000,9999.000,9999.000,9999.000,9999.000
202608121642,   1.166,9999.000,9999.000,9999.000,9999.000,9999.000,9999.000,9999.000,9999.000
202608121648,   1.053,9999.000,9999.000,9999.000,9999.000,9999.000,9999.000,9999.000,9999.000
202608121654,   0.944,9999.000,9999.000,9999.000,9999.000,9999.000,9999.000,9999.000,9999.000
202608121700,   0.837,9999.000,   0.400,   0.147,   1.384,   0.200,   1.184,   0.500,   1.484
202608121706,   0.735,9999.000,9999.000,9999.000,9999.000,9999.000,9999.000,9999.000,9999.000
202608121712,   0.636,9999.000,9999.000,9999.000,9999.000,9999.000,9999.000,9999.000,9999.000
202608121718,   0.542,9999.000,9999.000,9999.000,9999.000,9999.000,9999.000,9999.000,9999.000
202608121724,   0.453,9999.000,9999.000,9999.000,9999.000,9999.000,9999.000,9999.000,9999.000
202608121730,   0.370,9999.000,9999.000,9999.000,9999.000,9999.000,9999.000,9999.000,9999.000
202608121736,   0.291,9999.000,9999.000,9999.000,9999.000,9999.000,9999.000,9999.000,9999.000
202608121742,   0.219,9999.000,9999.000,9999.000,9999.000,9999.000,9999.000,9999.000,9999.000
202608121748,   0.153,9999.000,9999.000,9999.000,9999.000,9999.000,9999.000,9999.000,9999.000
202608121754,   0.093,9999.000,9999.000,9999.000,9999.000,9999.000,9999.000,9999.000,9999.000
202608121800,   0.040,9999.000,   0.400,   0.147,   0.587,   0.200,   0.387,   0.500,   0.687
202608121806,  -0.006,9999.000,9999.000,9999.000,9999.000,9999.000,9999.000,9999.000,9999.000
202608121812,  -0.046,9999.000,9999.000,9999.000,9999.000,9999.000,9999.000,9999.000,9999.000
202608121818,  -0.079,9999.000,9999.000,9999.000,9999.000,9999.000,9999.000,9999.000,9999.000
202608121824,  -0.105,9999.000,9999.000,9999.000,9999.000,9999.000,9999.000,9999.000,9999.000
202608121830,  -0.124,9999.000,9999.000,9999.000,9999.000,9999.000,9999.000,9999.000,9999.000
202608121836,  -0.137,9999.000,9999.000,9999.000,9999.000,9999.000,9999.000,9999.000,9999.000
202608121842,  -0.142,9999.000,9999.000,9999.000,9999.000,9999.000,9999.000,9999.000,9999.000
202608121848,  -0.141,9999.000,9999.000,9999.000,9999.000,9999.000,9999.000,9999.000,9999.000
202608121854,  -0.132,9999.000,9999.000,9999.000,9999.000,9999.000,9999.000,9999.000,9999.000
202608121900,  -0.117,9999.000,   0.400,   0.147,   0.430,   0.300,   0.330,   0.600,   0.630
202608121906,  -0.096,9999.000,9999.000,9999.000,9999.000,9999.000,9999.000,9999.000,9999.000
202608121912,  -0.068,9999.000,9999.000,9999.000,9999.000,9999.000,9999.000,9999.000,9999.000
202608121918,  -0.034,9999.000,9999.000,9999.000,9999.000,9999.000,9999.000,9999.000,9999.000
202608121924,   0.005,9999.000,9999.000,9999.000,9999.000,9999.000,9999.000,9999.000,9999.000
202608121930,   0.052,9999.000,9999.000,9999.000,9999.000,9999.000,9999.000,9999.000,9999.000
202608121936,   0.104,9999.000,9999.000,9999.000,9999.000,9999.000,9999.000,9999.000,9999.000
202608121942,   0.162,9999.000,9999.000,9999.000,9999.000,9999.000,9999.000,9999.000,9999.000
202608121948,   0.225,9999.000,9999.000,9999.000,9999.000,9999.000,9999.000,9999.000,9999.000
202608121954,   0.294,9999.000,9999.000,9999.000,9999.000,9999.000,9999.000,9999.000,9999.000
202608122000,   0.368,9999.000,   0.400,   0.147,   0.915,   0.300,   0.815,   0.600,   1.115
202608122006,   0.447,9999.000,9999.000,9999.000,9999.000,9999.000,9999.000,9999.000,9999.000
202608122012,   0.531,9999.000,9999.000,9999.000,9999.000,9999.000,9999.000,9999.000,9999.000
202608122018,   0.620,9999.000,9999.000,9999.000,9999.000,9999.000,9999.000,9999.000,9999.000
202608122024,   0.714,9999.000,9999.000,9999.000,9999.000,9999.000,9999.000,9999.000,9999.000
202608122030,   0.812,9999.000,9999.000,9999.000,9999.000,9999.000,9999.000,9999.000,9999.000
202608122036,   0.914,9999.000,9999.000,9999.000,9999.000,9999.000,9999.000,9999.000,9999.000
202608122042,   1.020,9999.000,9999.000,9999.000,9999.000,9999.000,9999.000,9999.000,9999.000
202608122048,   1.131,9999.000,9999.000,9999.000,9999.000,9999.000,9999.000,9999.000,9999.000
202608122054,   1.244,9999.000,9999.000,9999.000,9999.000,9999.000,9999.000,9999.000,9999.000
202608122100,   1.362,9999.000,   0.500,   0.147,   2.009,   0.300,   1.809,   0.600,   2.109
202608122106,   1.482,9999.000,9999.000,9999.000,9999.000,9999.000,9999.000,9999.000,9999.000
202608122112,   1.605,9999.000,9999.000,9999.000,9999.000,9999.000,9999.000,9999.000,9999.000
202608122118,   1.731,9999.000,9999.000,9999.000,9999.000,9999.000,9999.000,9999.000,9999.000
202608122124,   1.859,9999.000,9999.000,9999.000,9999.000,9999.000,9999.000,9999.000,9999.000
202608122130,   1.989,9999.000,9999.000,9999.000,9999.000,9999.000,9999.000,9999.000,9999.000
202608122136,   2.121,9999.000,9999.000,9999.000,9999.000,9999.000,9999.000,9999.000,9999.000
202608122142,   2.254,9999.000,9999.000,9999.000,9999.000,9999.000,9999.000,9999.000,9999.000
202608122148,   2.388,9999.000,9999.000,9999.000,9999.000,9999.000,9999.000,9999.000,9999.000
202608122154,   2.522,9999.000,9999.000,9999.000,9999.000,9999.000,9999.000,9999.000,9999.000
202608122200,   2.657,9999.000,   0.500,   0.147,   3.304,   0.300,   3.104,   0.600,   3.404
202608122206,   2.791,9999.000,9999.000,9999.000,9999.000,9999.000,9999.000,9999.000,9999.000
202608122212,   2.925,9999.000,9999.000,9999.000,9999.000,9999.000,9999.000,9999.000,9999.000
202608122218,   3.058,9999.000,9999.000,9999.000,9999.000,9999.000,9999.000,9999.000,9999.000
202608122224,   3.190,9999.000,9999.000,9999.000,9999.000,9999.000,9999.000,9999.000,9999.000
202608122230,   3.320,9999.000,9999.000,9999.000,9999.000,9999.000,9999.000,9999.000,9999.000
202608122236,   3.449,9999.000,9999.000,9999.000,9999.000,9999.000,9999.000,9999.000,9999.000
202608122242,   3.575,9999.000,9999.000,9999.000,9999.000,9999.000,9999.000,9999.000,9999.000
202608122248,   3.699,9999.000,9999.000,9999.000,9999.000,9999.000,9999.000,9999.000,9999.000
202608122254,   3.819,9999.000,9999.000,9999.000,9999.000,9999.000,9999.000,9999.000,9999.000
202608122300,   3.937,9999.000,   0.500,   0.147,   4.584,   0.300,   4.384,   0.600,   4.684
202608122306,   4.052,9999.000,9999.000,9999.000,9999.000,9999.000,9999.000,9999.000,9999.000
202608122312,   4.163,9999.000,9999.000,9999.000,9999.000,9999.000,9999.000,9999.000,9999.000
202608122318,   4.270,9999.000,9999.000,9999.000,9999.000,9999.000,9999.000,9999.000,9999.000
202608122324,   4.374,9999.000,9999.000,9999.000,9999.000,9999.000,9999.000,9999.000,9999.000
202608122330,   4.474,9999.000,9999.000,9999.000,9999.000,9999.000,9999.000,9999.000,9999.000
202608122336,   4.569,9999.000,9999.000,9999.000,9999.000,9999.000,9999.000,9999.000,9999.000
202608122342,   4.660,9999.000,9999.000,9999.000,9999.000,9999.000,9999.000,9999.000,9999.000
202608122348,   4.747,9999.000,9999.000,9999.000,9999.000,9999.000,9999.000,9999.000,9999.000
202608122354,   4.829,9999.000,9999.000,9999.000,9999.000,9999.000,9999.000,9999.000,9999.000
202608130000,   4.906,9999.000,   0.500,   0.147,   5.553,   0.300,   5.353,   0.600,   5.653
