        TIME,    TIDE,      OB,   SURGE,    BIAS,     TWL,SURGE90p,  TWL90p,SURGE10p,   TWL10p
202604111200,  14.061,  14.307,   0.400,  -0.154,  14.307,   0.300,  14.207,   0.500,  14.407
202604111206,  13.812,9999.000,9999.000,9999.000,9999.000,9999.000,9999.000,9999.000,9999.000
202604111212,  13.556,  13.805,9999.000,9999.000,9999.000,9999.000,9999.000,9999.000,9999.000
202604111218,  13.292,9999.000,9999.000,9999.000,9999.000,9999.000,9999.000,9999.000,9999.000
202604111224,  13.021,  13.297,9999.000,9999.000,9999.000,9999.000,9999.000,9999.000,9999.000
202604111230,  12.745,9999.000,9999.000,9999.000,9999.000,9999.000,9999.000,9999.000,9999.000
202604111236,  12.464,  12.746,9999.000,9999.000,9999.000,9999.000,9999.000,9999.000,9999.000
202604111242,  12.178,9999.000,9999.000,9999.000,9999.000,9999.000,9999.000,9999.000,9999.000
202604111248,  11.889,  12.165,9999.000,9999.000,9999.000,9999.000,9999.000,9999.000,9999.000
202604111254,  11.596,9999.000,9999.000,9999.000,9999.000,9999.000,9999.000,9999.000,9999.000
202604111300,  11.300,  11.578,   0.400,  -0.122,  11.578,   0.300,  11.478,   0.400,  11.578
202604111306,  11.002,  11.315,9999.000,9999.000,9999.000,9999.000,9999.000,9999.000,9999.000
202604111312,  10.701,  11.027,9999.000,9999.000,9999.000,9999.000,9999.000,9999.000,9999.000
202604111318,  10.400,  10.728,9999.000,9999.000,9999.000,9999.000,9999.000,9999.000,9999.000
202604111324,  10.097,  10.417,9999.000,9999.000,9999.000,9999.000,9999.000,9999.000,9999.000
202604111330,   9.794,  10.076,9999.000,9999.000,9999.000,9999.000,9999.000,9999.000,9999.000
202604111336,   9.491,   9.767,9999.000,9999.000,9999.000,9999.000,9999.000,9999.000,9999.000
202604111342,   9.187,   9.416,9999.000,9999.000,9999.000,9999.000,9999.000,9999.000,9999.000
202604111348,   8.884,   9.098,9999.000,9999.000,9999.000,9999.000,9999.000,9999.000,9999.000
202604111354,   8.582,   8.777,9999.000,9999.000,9999.000,9999.000,9999.000,9999.000,9999.000
202604111400,   8.281,   8.498,   0.400,  -0.183,   8.498,   0.300,   8.398,   0.400,   8.498
202604111406,   7.981,   8.186,9999.000,9999.000,9999.000,9999.000,9999.000,9999.000,9999.000
202604111412,   7.684,   7.908,9999.000,9999.000,9999.000,9999.000,9999.000,9999.000,9999.000
202604111418,   7.388,   7.596,9999.000,9999.000,9999.000,9999.000,9999.000,9999.000,9999.000
202604111424,   7.096,   7.297,9999.000,9999.000,9999.000,9999.000,9999.000,9999.000,9999.000
202604111430,   6.807,   6.966,9999.000,9999.000,9999.000,9999.000,9999.000,9999.000,9999.000
202604111436,   6.521,   6.638,9999.000,9999.000,9999.000,9999.000,9999.000,9999.000,9999.000
202604111442,   6.240,   6.317,9999.000,9999.000,9999.000,9999.000,9999.000,9999.000,9999.000
202604111448,   5.965,   6.058,9999.000,9999.000,9999.000,9999.000,9999.000,9999.000,9999.000
202604111454,   5.694,   5.808,9999.000,9999.000,9999.000,9999.000,9999.000,9999.000,9999.000
202604111500,   5.431,   5.569,   0.300,  -0.162,   5.569,   0.300,   5.569,   0.400,   5.669
202604111506,   5.174,   5.329,9999.000,9999.000,9999.000,9999.000,9999.000,9999.000,9999.000
202604111512,   4.926,   5.077,9999.000,9999.000,9999.000,9999.000,9999.000,9999.000,9999.000
202604111518,   4.686,   4.808,9999.000,9999.000,9999.000,9999.000,9999.000,9999.000,9999.000
202604111524,   4.457,   4.549,9999.000,9999.000,9999.000,9999.000,9999.000,9999.000,9999.000
202604111530,   4.238,   4.280,9999.000,9999.000,9999.000,9999.000,9999.000,9999.000,9999.000
202604111536,   4.031,   4.057,9999.000,9999.000,9999.000,9999.000,9999.000,9999.000,9999.000
202604111542,   3.836,   3.880,9999.000,9999.000,9999.000,9999.000,9999.000,9999.000,9999.000
202604111548,   3.655,   3.729,9999.000,9999.000,9999.000,9999.000,9999.000,9999.000,9999.000
202604111554,   3.489,   3.578,9999.000,9999.000,9999.000,9999.000,9999.000,9999.000,9999.000
202604111600,   3.338,   3.450,   0.300,  -0.188,   3.450,   0.300,   3.450,   0.300,   3.450
202604111606,   3.204,   3.309,9999.000,9999.000,9999.000,9999.000,9999.000,9999.000,9999.000
202604111612,   3.087,   3.168,9999.000,9999.000,9999.000,9999.000,9999.000,9999.000,9999.000
202604111618,   2.988,   3.040,9999.000,9999.000,9999.000,9999.000,9999.000,9999.000,9999.000
202604111624,   2.907,   2.938,9999.000,9999.000,9999.000,9999.000,9999.000,9999.000,9999.000
202604111630,   2.845,   2.840,9999.000,9999.000,9999.000,9999.000,9999.000,9999.000,9999.000
202604111636,   2.803,   2.820,9999.000,9999.000,9999.000,9999.000,9999.000,9999.000,9999.000
202604111642,   2.781,   2.830,9999.000,9999.000,9999.000,9999.000,9999.000,9999.000,9999.000
202604111648,   2.780,   2.869,9999.000,9999.000,9999.000,9999.000,9999.000,9999.000,9999.000
202604111654,   2.798,   2.889,9999.000,9999.000,9999.000,9999.000,9999.000,9999.000,9999.000
202604111700,   2.836,   2.938,   0.300,  -0.198,   2.938,   0.300,   2.938,   0.300,   2.938
202604111706,   2.895,   2.978,9999.000,9999.000,9999.000,9999.000,9999.000,9999.000,9999.000
202604111712,   2.973,   3.007,9999.000,9999.000,9999.000,9999.000,9999.000,9999.000,9999.000
202604111718,   3.070,   3.099,9999.000,9999.000,9999.000,9999.000,9999.000,9999.000,9999.000
202604111724,   3.186,   3.197,9999.000,9999.000,9999.000,9999.000,9999.000,9999.000,9999.000
202604111730,   3.320,   3.358,9999.000,9999.000,9999.000,9999.000,9999.000,9999.000,9999.000
202604111736,   3.471,   3.539,9999.000,9999.000,9999.000,9999.000,9999.000,9999.000,9999.000
202604111742,   3.638,   3.719,9999.000,9999.000,9999.000,9999.000,9999.000,9999.000,9999.000
202604111748,   3.820,   3.919,9999.000,9999.000,9999.000,9999.000,9999.000,9999.000,9999.000
202604111754,   4.017,   4.119,9999.000,9999.000,9999.000,9999.000,9999.000,9999.000,9999.000
202604111800,   4.227,   4.309,   0.200,  -0.118,   4.309,   0.100,   4.209,   0.200,   4.309
202604111806,   4.449,   4.549,9999.000,9999.000,9999.000,9999.000,9999.000,9999.000,9999.000
202604111812,   4.682,   4.749,9999.000,9999.000,9999.000,9999.000,9999.000,9999.000,9999.000
202604111818,   4.925,   4.949,9999.000,9999.000,9999.000,9999.000,9999.000,9999.000,9999.000
202604111824,   5.177,   5.159,9999.000,9999.000,9999.000,9999.000,9999.000,9999.000,9999.000
202604111830,   5.437,   5.398,9999.000,9999.000,9999.000,9999.000,9999.000,9999.000,9999.000
202604111836,   5.703,   5.687,9999.000,9999.000,9999.000,9999.000,9999.000,9999.000,9999.000
202604111842,   5.976,   5.979,9999.000,9999.000,9999.000,9999.000,9999.000,9999.000,9999.000
202604111848,   6.254,   6.277,9999.000,9999.000,9999.000,9999.000,9999.000,9999.000,9999.000
202604111854,   6.536,   6.569,9999.000,9999.000,9999.000,9999.000,9999.000,9999.000,9999.000
202604111900,   6.822,   6.848,   0.200,  -0.174,   6.848,   0.100,   6.748,   0.200,   6.848
202604111906,   7.111,   7.117,9999.000,9999.000,9999.000,9999.000,9999.000,9999.000,9999.000
202604111912,   7.403,   7.409,9999.000,9999.000,9999.000,9999.000,9999.000,9999.000,9999.000
202604111918,   7.697,   7.698,9999.000,9999.000,9999.000,9999.000,9999.000,9999.000,9999.000
202604111924,   7.992,   8.016,9999.000,9999.000,9999.000,9999.000,9999.000,9999.000,9999.000
202604111930,   8.289,   8.337,9999.000,9999.000,9999.000,9999.000,9999.000,9999.000,9999.000
202604111936,   8.587,   8.659,9999.000,9999.000,9999.000,9999.000,9999.000,9999.000,9999.000
202604111942,   8.885,   8.967,9999.000,9999.000,9999.000,9999.000,9999.000,9999.000,9999.000
202604111948,   9.184,   9.265,9999.000,9999.000,9999.000,9999.000,9999.000,9999.000,9999.000
202604111954,   9.483,   9.577,9999.000,9999.000,9999.000,9999.000,9999.000,9999.000,9999.000
202604112000,   9.782,   9.876,   0.200,  -0.106,   9.876,   0.100,   9.776,   0.200,   9.876
202604112006,  10.081,  10.207,9999.000,9999.000,9999.000,9999.000,9999.000,9999.000,9999.000
202604112012,  10.379,  10.515,9999.000,9999.000,9999.000,9999.000,9999.000,9999.000,9999.000
202604112018,  10.676,  10.827,9999.000,9999.000,9999.000,9999.000,9999.000,9999.000,9999.000
202604112024,  10.971,  11.135,9999.000,9999.000,9999.000,9999.000,9999.000,9999.000,9999.000
202604112030,  11.265,  11.437,9999.000,9999.000,9999.000,9999.000,9999.000,9999.000,9999.000
202604112036,  11.556,  11.735,9999.000,9999.000,9999.000,9999.000,9999.000,9999.000,9999.000
202604112042,  11.844,  12.017,9999.000,9999.000,9999.000,9999.000,9999.000,9999.000,9999.000
202604112048,  12.128,  12.316,9999.000,9999.000,9999.000,9999.000,9999.000,9999.000,9999.000
202604112054,  12.408,  12.595,9999.000,9999.000,9999.000,9999.000,9999.000,9999.000,9999.000
202604112100,  12.682,  12.887,   0.100,   0.105,  12.887,   0.100,  12.887,   0.200,  12.987
202604112106,  12.950,  13.165,9999.000,9999.000,9999.000,9999.000,9999.000,9999.000,9999.000
202604112112,  13.212,  13.438,9999.000,9999.000,9999.000,9999.000,9999.000,9999.000,9999.000
202604112118,  13.465,  13.687,9999.000,9999.000,9999.000,9999.000,9999.000,9999.000,9999.000
202604112124,  13.709,  13.956,9999.000,9999.000,9999.000,9999.000,9999.000,9999.000,9999.000
202604112130,  13.943,  14.195,9999.000,9999.000,9999.000,9999.000,9999.000,9999.000,9999.000
202604112136,  14.166,  14.405,9999.000,9999.000,9999.000,9999.000,9999.000,9999.000,9999.000
202604112142,  14.377,  14.595,9999.000,9999.000,9999.000,9999.000,9999.000,9999.000,9999.000
202604112148,  14.575,  14.805,9999.000,9999.000,9999.000,9999.000,9999.000,9999.000,9999.000
202604112154,  14.760,  14.986,9999.000,9999.000,9999.000,9999.000,9999.000,9999.000,9999.000
202604112200,  14.929,  15.137,   0.100,   0.108,  15.137,   0.000,  15.037,   0.200,  15.237
202604112206,  15.084,  15.304,9999.000,9999.000,9999.000,9999.000,9999.000,9999.000,9999.000
202604112212,  15.222,  15.445,9999.000,9999.000,9999.000,9999.000,9999.000,9999.000,9999.000
202604112218,  15.343,  15.566,9999.000,9999.000,9999.000,9999.000,9999.000,9999.000,9999.000
202604112224,  15.447,  15.675,9999.000,9999.000,9999.000,9999.000,9999.000,9999.000,9999.000
202604112230,  15.533,  15.766,9999.000,9999.000,9999.000,9999.000,9999.000,9999.000,9999.000
202604112236,  15.602,  15.825,9999.000,9999.000,9999.000,9999.000,9999.000,9999.000,9999.000
202604112242,  15.652,  15.885,9999.000,9999.000,9999.000,9999.000,9999.000,9999.000,9999.000
202604112248,  15.683,  15.894,9999.000,9999.000,9999.000,9999.000,9999.000,9999.000,9999.000
202604112254,  15.696,  15.894,9999.000,9999.000,9999.000,9999.000,9999.000,9999.000,9999.000
202604112300,  15.691,  15.875,   0.100,   0.084,  15.875,   0.000,  15.775,   0.200,  15.975
202604112306,  15.668,  15.835,9999.000,9999.000,9999.000,9999.000,9999.000,9999.000,9999.000
202604112312,  15.627,  15.786,9999.000,9999.000,9999.000,9999.000,9999.000,9999.000,9999.000
202604112318,  15.568,  15.737,9999.000,9999.000,9999.000,9999.000,9999.000,9999.000,9999.000
202604112324,  15.493,  15.675,9999.000,9999.000,9999.000,9999.000,9999.000,9999.000,9999.000
202604112330,  15.401,  15.586,9999.000,9999.000,9999.000,9999.000,9999.000,9999.000,9999.000
202604112336,  15.294,  15.484,9999.000,9999.000,9999.000,9999.000,9999.000,9999.000,9999.000
202604112342,  15.171,  15.366,9999.000,9999.000,9999.000,9999.000,9999.000,9999.000,9999.000
202604112348,  15.034,  15.225,9999.000,9999.000,9999.000,9999.000,9999.000,9999.000,9999.000
202604112354,  14.883,  15.094,9999.000,9999.000,9999.000,9999.000,9999.000,9999.000,9999.000
202604120000,  14.720,  14.927,   0.000,   0.207,  14.927,   0.000,  14.927,   0.000,  14.927
202604120006,  14.544,  14.766,9999.000,9999.000,9999.000,9999.000,9999.000,9999.000,9999.000
202604120012,  14.357,  14.605,9999.000,9999.000,9999.000,9999.000,9999.000,9999.000,9999.000
202604120018,  14.159,  14.435,9999.000,9999.000,9999.000,9999.000,9999.000,9999.000,9999.000
202604120024,  13.952,  14.245,9999.000,9999.000,9999.000,9999.000,9999.000,9999.000,9999.000
202604120030,  13.735,  14.035,9999.000,9999.000,9999.000,9999.000,9999.000,9999.000,9999.000
202604120036,  13.511,  13.825,9999.000,9999.000,9999.000,9999.000,9999.000,9999.000,9999.000
202604120042,  13.279,  13.595,9999.000,9999.000,9999.000,9999.000,9999.000,9999.000,9999.000
202604120048,  13.040,  13.365,9999.000,9999.000,9999.000,9999.000,9999.000,9999.000,9999.000
202604120054,  12.795,  13.136,9999.000,9999.000,9999.000,9999.000,9999.000,9999.000,9999.000
202604120100,  12.544,  12.896,   0.000,   0.352,  12.896,   0.000,  12.896,   0.000,  12.896
202604120106,  12.289,  12.647,9999.000,9999.000,9999.000,9999.000,9999.000,9999.000,9999.000
202604120112,  12.030,  12.385,9999.000,9999.000,9999.000,9999.000,9999.000,9999.000,9999.000
202604120118,  11.766,  12.116,9999.000,9999.000,9999.000,9999.000,9999.000,9999.000,9999.000
202604120124,  11.499,  11.837,9999.000,9999.000,9999.000,9999.000,9999.000,9999.000,9999.000
202604120130,  11.230,  11.568,9999.000,9999.000,9999.000,9999.000,9999.000,9999.000,9999.000
202604120136,  10.958,  11.296,9999.000,9999.000,9999.000,9999.000,9999.000,9999.000,9999.000
202604120142,  10.684,  11.027,9999.000,9999.000,9999.000,9999.000,9999.000,9999.000,9999.000
202604120148,  10.409,  10.768,9999.000,9999.000,9999.000,9999.000,9999.000,9999.000,9999.000
202604120154,  10.132,  10.505,9999.000,9999.000,9999.000,9999.000,9999.000,9999.000,9999.000
202604120200,   9.855,  10.236,   0.000,   0.381,  10.236,   0.000,  10.236,   0.000,  10.236
202604120206,   9.577,   9.958,9999.000,9999.000,9999.000,9999.000,9999.000,9999.000,9999.000
202604120212,   9.299,   9.675,9999.000,9999.000,9999.000,9999.000,9999.000,9999.000,9999.000
202604120218,   9.021,   9.387,9999.000,9999.000,9999.000,9999.000,9999.000,9999.000,9999.000
202604120224,   8.743,   9.118,9999.000,9999.000,9999.000,9999.000,9999.000,9999.000,9999.000
202604120230,   8.466,   8.816,9999.000,9999.000,9999.000,9999.000,9999.000,9999.000,9999.000
202604120236,   8.190,   8.527,9999.000,9999.000,9999.000,9999.000,9999.000,9999.000,9999.000
202604120242,   7.916,   8.249,9999.000,9999.000,9999.000,9999.000,9999.000,9999.000,9999.000
202604120248,   7.643,   7.986,9999.000,9999.000,9999.000,9999.000,9999.000,9999.000,9999.000
202604120254,   7.373,   7.707,9999.000,9999.000,9999.000,9999.000,9999.000,9999.000,9999.000
202604120300,   7.106,   7.439,   0.000,   0.333,   7.439,   0.000,   7.439,   0.000,   7.439
202604120306,   6.843,   7.156,9999.000,9999.000,9999.000,9999.000,9999.000,9999.000,9999.000
202604120312,   6.583,   6.868,9999.000,9999.000,9999.000,9999.000,9999.000,9999.000,9999.000
202604120318,   6.329,   6.589,9999.000,9999.000,9999.000,9999.000,9999.000,9999.000,9999.000
202604120324,   6.080,   6.327,9999.000,9999.000,9999.000,9999.000,9999.000,9999.000,9999.000
202604120330,   5.837,   6.077,9999.000,9999.000,9999.000,9999.000,9999.000,9999.000,9999.000
202604120336,   5.601,   5.838,9999.000,9999.000,9999.000,9999.000,9999.000,9999.000,9999.000
202604120342,   5.373,   5.608,9999.000,9999.000,9999.000,9999.000,9999.000,9999.000,9999.000
202604120348,   5.154,   5.379,9999.000,9999.000,9999.000,9999.000,9999.000,9999.000,9999.000
202604120354,   4.944,   5.159,9999.000,9999.000,9999.000,9999.000,9999.000,9999.000,9999.000
202604120400,   4.746,   4.939,   0.000,   0.193,   4.939,   0.000,   4.939,   0.000,   4.939
202604120406,   4.559,   4.739,9999.000,9999.000,9999.000,9999.000,9999.000,9999.000,9999.000
202604120412,   4.385,   4.559,9999.000,9999.000,9999.000,9999.000,9999.000,9999.000,9999.000
202604120418,   4.225,   4.388,9999.000,9999.000,9999.000,9999.000,9999.000,9999.000,9999.000
202604120424,   4.079,   4.257,9999.000,9999.000,9999.000,9999.000,9999.000,9999.000,9999.000
202604120430,   3.949,   4.139,9999.000,9999.000,9999.000,9999.000,9999.000,9999.000,9999.000
202604120436,   3.835,   4.037,9999.000,9999.000,9999.000,9999.000,9999.000,9999.000,9999.000
202604120442,   3.738,   3.929,9999.000,9999.000,9999.000,9999.000,9999.000,9999.000,9999.000
202604120448,   3.659,   3.827,9999.000,9999.000,9999.000,9999.000,9999.000,9999.000,9999.000
202604120454,   3.599,   3.758,9999.000,9999.000,9999.000,9999.000,9999.000,9999.000,9999.000
202604120500,   3.558,   3.699,   0.000,   0.141,   3.699,  -0.100,   3.599,   0.000,   3.699
202604120506,   3.536,   3.650,9999.000,9999.000,9999.000,9999.000,9999.000,9999.000,9999.000
202604120512,   3.534,   3.650,9999.000,9999.000,9999.000,9999.000,9999.000,9999.000,9999.000
202604120518,   3.552,   3.670,9999.000,9999.000,9999.000,9999.000,9999.000,9999.000,9999.000
202604120524,   3.590,   3.709,9999.000,9999.000,9999.000,9999.000,9999.000,9999.000,9999.000
202604120530,   3.647,   3.758,9999.000,9999.000,9999.000,9999.000,9999.000,9999.000,9999.000
202604120536,   3.724,   3.827,9999.000,9999.000,9999.000,9999.000,9999.000,9999.000,9999.000
202604120542,   3.820,   3.909,9999.000,9999.000,9999.000,9999.000,9999.000,9999.000,9999.000
202604120548,   3.934,   4.008,9999.000,9999.000,9999.000,9999.000,9999.000,9999.000,9999.000
202604120554,   4.067,   4.129,9999.000,9999.000,9999.000,9999.000,9999.000,9999.000,9999.000
202604120600,   4.216,   4.257,   0.000,   0.041,   4.257,   0.000,   4.257,   0.000,   4.257
202604120606,   4.382,   4.408,9999.000,9999.000,9999.000,9999.000,9999.000,9999.000,9999.000
202604120612,   4.563,   4.578,9999.000,9999.000,9999.000,9999.000,9999.000,9999.000,9999.000
202604120618,   4.759,   4.749,9999.000,9999.000,9999.000,9999.000,9999.000,9999.000,9999.000
202604120624,   4.968,   4.929,9999.000,9999.000,9999.000,9999.000,9999.000,9999.000,9999.000
202604120630,   5.189,   5.120,9999.000,9999.000,9999.000,9999.000,9999.000,9999.000,9999.000
202604120636,   5.422,   5.329,9999.000,9999.000,9999.000,9999.000,9999.000,9999.000,9999.000
202604120642,   5.666,   5.549,9999.000,9999.000,9999.000,9999.000,9999.000,9999.000,9999.000
202604120648,   5.918,   5.779,9999.000,9999.000,9999.000,9999.000,9999.000,9999.000,9999.000
202604120654,   6.179,   6.028,9999.000,9999.000,9999.000,9999.000,9999.000,9999.000,9999.000
202604120700,   6.447,   6.277,   0.000,  -0.170,   6.277,  -0.100,   6.177,   0.000,   6.277
202604120706,   6.721,   6.556,9999.000,9999.000,9999.000,9999.000,9999.000,9999.000,9999.000
202604120712,   7.001,   6.828,9999.000,9999.000,9999.000,9999.000,9999.000,9999.000,9999.000
202604120718,   7.286,   7.127,9999.000,9999.000,9999.000,9999.000,9999.000,9999.000,9999.000
202604120724,   7.575,   7.409,9999.000,9999.000,9999.000,9999.000,9999.000,9999.000,9999.000
202604120730,   7.867,   7.688,9999.000,9999.000,9999.000,9999.000,9999.000,9999.000,9999.000
202604120736,   8.162,   7.986,9999.000,9999.000,9999.000,9999.000,9999.000,9999.000,9999.000
202604120742,   8.460,   8.288,9999.000,9999.000,9999.000,9999.000,9999.000,9999.000,9999.000
202604120748,   8.760,   8.596,9999.000,9999.000,9999.000,9999.000,9999.000,9999.000,9999.000
202604120754,   9.061,   8.918,9999.000,9999.000,9999.000,9999.000,9999.000,9999.000,9999.000
202604120800,   9.364,   9.246,   0.000,  -0.118,   9.246,  -0.100,   9.146,   0.000,   9.246
202604120806,   9.668,   9.587,9999.000,9999.000,9999.000,9999.000,9999.000,9999.000,9999.000
202604120812,   9.973,   9.918,9999.000,9999.000,9999.000,9999.000,9999.000,9999.000,9999.000
202604120818,  10.279,  10.246,9999.000,9999.000,9999.000,9999.000,9999.000,9999.000,9999.000
202604120824,  10.584,  10.568,9999.000,9999.000,9999.000,9999.000,9999.000,9999.000,9999.000
202604120830,  10.890,  10.886,9999.000,9999.000,9999.000,9999.000,9999.000,9999.000,9999.000
202604120836,  11.195,  11.207,9999.000,9999.000,9999.000,9999.000,9999.000,9999.000,9999.000
202604120842,  11.499,  11.525,9999.000,9999.000,9999.000,9999.000,9999.000,9999.000,9999.000
202604120848,  11.802,  11.857,9999.000,9999.000,9999.000,9999.000,9999.000,9999.000,9999.000
202604120854,  12.104,  12.175,9999.000,9999.000,9999.000,9999.000,9999.000,9999.000,9999.000
202604120900,  12.403,  12.477,   0.000,   0.074,  12.477,  -0.100,  12.377,   0.000,  12.477
202604120906,  12.699,  12.785,9999.000,9999.000,9999.000,9999.000,9999.000,9999.000,9999.000
202604120912,  12.992,  13.097,9999.000,9999.000,9999.000,9999.000,9999.000,9999.000,9999.000
202604120918,  13.280,  13.365,9999.000,9999.000,9999.000,9999.000,9999.000,9999.000,9999.000
202604120924,  13.562,  13.667,9999.000,9999.000,9999.000,9999.000,9999.000,9999.000,9999.000
202604120930,  13.839,  13.966,9999.000,9999.000,9999.000,9999.000,9999.000,9999.000,9999.000
202604120936,  14.108,  14.245,9999.000,9999.000,9999.000,9999.000,9999.000,9999.000,9999.000
202604120942,  14.369,  14.527,9999.000,9999.000,9999.000,9999.000,9999.000,9999.000,9999.000
202604120948,  14.621,  14.776,9999.000,9999.000,9999.000,9999.000,9999.000,9999.000,9999.000
202604120954,  14.863,  15.015,9999.000,9999.000,9999.000,9999.000,9999.000,9999.000,9999.000
202604121000,  15.093,  15.235,   0.000,   0.142,  15.235,  -0.100,  15.135,   0.000,  15.235
202604121006,  15.311,  15.445,9999.000,9999.000,9999.000,9999.000,9999.000,9999.000,9999.000
202604121012,  15.516,  15.655,9999.000,9999.000,9999.000,9999.000,9999.000,9999.000,9999.000
202604121018,  15.706,  15.845,9999.000,9999.000,9999.000,9999.000,9999.000,9999.000,9999.000
202604121024,  15.881,  16.016,9999.000,9999.000,9999.000,9999.000,9999.000,9999.000,9999.000
202604121030,  16.040,  16.167,9999.000,9999.000,9999.000,9999.000,9999.000,9999.000,9999.000
202604121036,  16.182,  16.304,9999.000,9999.000,9999.000,9999.000,9999.000,9999.000,9999.000
202604121042,  16.306,  16.416,9999.000,9999.000,9999.000,9999.000,9999.000,9999.000,9999.000
202604121048,  16.413,  16.504,9999.000,9999.000,9999.000,9999.000,9999.000,9999.000,9999.000
202604121054,  16.500,  16.596,9999.000,9999.000,9999.000,9999.000,9999.000,9999.000,9999.000
202604121100,  16.568,  16.655,  -0.100,   0.187,  16.655,  -0.100,  16.655,   0.000,  16.755
202604121106,  16.617,  16.695,9999.000,9999.000,9999.000,9999.000,9999.000,9999.000,9999.000
202604121112,  16.646,  16.714,9999.000,9999.000,9999.000,9999.000,9999.000,9999.000,9999.000
202604121118,  16.655,  16.714,9999.000,9999.000,9999.000,9999.000,9999.000,9999.000,9999.000
202604121124,  16.645,  16.695,9999.000,9999.000,9999.000,9999.000,9999.000,9999.000,9999.000
202604121130,  16.616,  16.655,9999.000,9999.000,9999.000,9999.000,9999.000,9999.000,9999.000
202604121136,  16.567,  16.606,9999.000,9999.000,9999.000,9999.000,9999.000,9999.000,9999.000
202604121142,  16.500,  16.534,9999.000,9999.000,9999.000,9999.000,9999.000,9999.000,9999.000
202604121148,  16.414,  16.445,9999.000,9999.000,9999.000,9999.000,9999.000,9999.000,9999.000
202604121154,  16.310,  16.344,9999.000,9999.000,9999.000,9999.000,9999.000,9999.000,9999.000
202604121200,  16.189,  16.226,   0.000,   0.037,  16.226,   0.000,  16.226,   0.000,  16.226
202604121206,  16.052,  16.085,9999.000,9999.000,9999.000,9999.000,9999.000,9999.000,9999.000
202604121212,  15.899,  15.947,9999.000,9999.000,9999.000,9999.000,9999.000,9999.000,9999.000
202604121218,  15.730,  15.796,9999.000,9999.000,9999.000,9999.000,9999.000,9999.000,9999.000
202604121224,  15.547,  15.625,9999.000,9999.000,9999.000,9999.000,9999.000,9999.000,9999.000
202604121230,  15.350,  15.455,9999.000,9999.000,9999.000,9999.000,9999.000,9999.000,9999.000
202604121236,  15.141,  15.265,9999.000,9999.000,9999.000,9999.000,9999.000,9999.000,9999.000
202604121242,  14.919,  15.045,9999.000,9999.000,9999.000,9999.000,9999.000,9999.000,9999.000
202604121248,  14.687,  14.825,9999.000,9999.000,9999.000,9999.000,9999.000,9999.000,9999.000
202604121254,  14.444,  14.586,9999.000,9999.000,9999.000,9999.000,9999.000,9999.000,9999.000
202604121300,  14.191,  14.346,   0.000,   0.155,  14.346,  -0.100,  14.246,   0.000,  14.346
202604121306,  13.929,  14.097,9999.000,9999.000,9999.000,9999.000,9999.000,9999.000,9999.000
202604121312,  13.660,  13.844,9999.000,9999.000,9999.000,9999.000,9999.000,9999.000,9999.000
202604121318,  13.383,  13.585,9999.000,9999.000,9999.000,9999.000,9999.000,9999.000,9999.000
202604121324,  13.099,  13.306,9999.000,9999.000,9999.000,9999.000,9999.000,9999.000,9999.000
202604121330,  12.809,  13.015,9999.000,9999.000,9999.000,9999.000,9999.000,9999.000,9999.000
202604121336,  12.514,  12.736,9999.000,9999.000,9999.000,9999.000,9999.000,9999.000,9999.000
202604121342,  12.214,  12.437,9999.000,9999.000,9999.000,9999.000,9999.000,9999.000,9999.000
202604121348,  11.909,  12.155,9999.000,9999.000,9999.000,9999.000,9999.000,9999.000,9999.000
202604121354,  11.601,  11.857,9999.000,9999.000,9999.000,9999.000,9999.000,9999.000,9999.000
202604121400,  11.290,  11.568,   0.000,   0.278,  11.568,  -0.100,  11.468,   0.000,  11.568
202604121406,  10.975,  11.266,9999.000,9999.000,9999.000,9999.000,9999.000,9999.000,9999.000
202604121412,  10.659,  10.958,9999.000,9999.000,9999.000,9999.000,9999.000,9999.000,9999.000
202604121418,  10.340,  10.637,9999.000,9999.000,9999.000,9999.000,9999.000,9999.000,9999.000
202604121424,  10.020,  10.318,9999.000,9999.000,9999.000,9999.000,9999.000,9999.000,9999.000
202604121430,   9.698,   9.987,9999.000,9999.000,9999.000,9999.000,9999.000,9999.000,9999.000
202604121436,   9.376,   9.666,9999.000,9999.000,9999.000,9999.000,9999.000,9999.000,9999.000
202604121442,   9.053,   9.338,9999.000,9999.000,9999.000,9999.000,9999.000,9999.000,9999.000
202604121448,   8.730,   9.016,9999.000,9999.000,9999.000,9999.000,9999.000,9999.000,9999.000
202604121454,   8.408,   8.688,9999.000,9999.000,9999.000,9999.000,9999.000,9999.000,9999.000
202604121500,   8.086,   8.367,   0.000,   0.281,   8.367,  -0.100,   8.267,   0.000,   8.367
202604121506,   7.766,   8.039,9999.000,9999.000,9999.000,9999.000,9999.000,9999.000,9999.000
202604121512,   7.447,   7.698,9999.000,9999.000,9999.000,9999.000,9999.000,9999.000,9999.000
202604121518,   7.131,   7.357,9999.000,9999.000,9999.000,9999.000,9999.000,9999.000,9999.000
202604121524,   6.818,   7.029,9999.000,9999.000,9999.000,9999.000,9999.000,9999.000,9999.000
202604121530,   6.508,   6.697,9999.000,9999.000,9999.000,9999.000,9999.000,9999.000,9999.000
202604121536,   6.203,   6.359,9999.000,9999.000,9999.000,9999.000,9999.000,9999.000,9999.000
202604121542,   5.902,   6.058,9999.000,9999.000,9999.000,9999.000,9999.000,9999.000,9999.000
202604121548,   5.607,   5.749,9999.000,9999.000,9999.000,9999.000,9999.000,9999.000,9999.000
202604121554,   5.319,   5.467,9999.000,9999.000,9999.000,9999.000,9999.000,9999.000,9999.000
202604121600,   5.038,   5.188,   0.000,   0.150,   5.188,  -0.100,   5.088,   0.000,   5.188
202604121606,   4.766,   4.919,9999.000,9999.000,9999.000,9999.000,9999.000,9999.000,9999.000
202604121612,   4.503,   4.647,9999.000,9999.000,9999.000,9999.000,9999.000,9999.000,9999.000
202604121618,   4.250,   4.388,9999.000,9999.000,9999.000,9999.000,9999.000,9999.000,9999.000
202604121624,   4.009,   4.139,9999.000,9999.000,9999.000,9999.000,9999.000,9999.000,9999.000
202604121630,   3.780,   3.909,9999.000,9999.000,9999.000,9999.000,9999.000,9999.000,9999.000
202604121636,   3.565,   3.680,9999.000,9999.000,9999.000,9999.000,9999.000,9999.000,9999.000
202604121642,   3.365,   3.470,9999.000,9999.000,9999.000,9999.000,9999.000,9999.000,9999.000
202604121648,   3.180,   3.279,9999.000,9999.000,9999.000,9999.000,9999.000,9999.000,9999.000
202604121654,   3.012,   3.109,9999.000,9999.000,9999.000,9999.000,9999.000,9999.000,9999.000
202604121700,   2.862,   2.948,   0.000,   0.086,   2.948,  -0.100,   2.848,   0.000,   2.948
202604121706,   2.729,   2.820,9999.000,9999.000,9999.000,9999.000,9999.000,9999.000,9999.000
202604121712,   2.616,   2.709,9999.000,9999.000,9999.000,9999.000,9999.000,9999.000,9999.000
202604121718,   2.523,   2.597,9999.000,9999.000,9999.000,9999.000,9999.000,9999.000,9999.000
202604121724,   2.450,   2.509,9999.000,9999.000,9999.000,9999.000,9999.000,9999.000,9999.000
202604121730,   2.399,   2.440,9999.000,9999.000,9999.000,9999.000,9999.000,9999.000,9999.000
202604121736,   2.368,   2.400,9999.000,9999.000,9999.000,9999.000,9999.000,9999.000,9999.000
202604121742,   2.359,   2.368,9999.000,9999.000,9999.000,9999.000,9999.000,9999.000,9999.000
202604121748,   2.371,   2.358,9999.000,9999.000,9999.000,9999.000,9999.000,9999.000,9999.000
202604121754,   2.405,   2.387,9999.000,9999.000,9999.000,9999.000,9999.000,9999.000,9999.000
202604121800,   2.460,   2.430,   0.000,  -0.030,   2.430,  -0.100,   2.330,   0.000,   2.430
202604121806,   2.536,   2.519,9999.000,9999.000,9999.000,9999.000,9999.000,9999.000,9999.000
202604121812,   2.632,   2.597,9999.000,9999.000,9999.000,9999.000,9999.000,9999.000,9999.000
202604121818,   2.748,   2.709,9999.000,9999.000,9999.000,9999.000,9999.000,9999.000,9999.000
202604121824,   2.883,   2.840,9999.000,9999.000,9999.000,9999.000,9999.000,9999.000,9999.000
202604121830,   3.036,   3.007,9999.000,9999.000,9999.000,9999.000,9999.000,9999.000,9999.000
202604121836,   3.207,   3.158,9999.000,9999.000,9999.000,9999.000,9999.000,9999.000,9999.000
202604121842,   3.394,   3.339,9999.000,9999.000,9999.000,9999.000,9999.000,9999.000,9999.000
202604121848,   3.596,   3.539,9999.000,9999.000,9999.000,9999.000,9999.000,9999.000,9999.000
202604121854,   3.813,   3.729,9999.000,9999.000,9999.000,9999.000,9999.000,9999.000,9999.000
202604121900,   4.043,   3.929,   0.000,  -0.114,   3.929,  -0.100,   3.829,   0.000,   3.929
202604121906,   4.285,   4.168,9999.000,9999.000,9999.000,9999.000,9999.000,9999.000,9999.000
202604121912,   4.538,   4.398,9999.000,9999.000,9999.000,9999.000,9999.000,9999.000,9999.000
202604121918,   4.801,   4.618,9999.000,9999.000,9999.000,9999.000,9999.000,9999.000,9999.000
202604121924,   5.073,   4.847,9999.000,9999.000,9999.000,9999.000,9999.000,9999.000,9999.000
202604121930,   5.353,   5.097,9999.000,9999.000,9999.000,9999.000,9999.000,9999.000,9999.000
202604121936,   5.641,   5.349,9999.000,9999.000,9999.000,9999.000,9999.000,9999.000,9999.000
202604121942,   5.935,   5.608,9999.000,9999.000,9999.000,9999.000,9999.000,9999.000,9999.000
202604121948,   6.234,   5.907,9999.000,9999.000,9999.000,9999.000,9999.000,9999.000,9999.000
202604121954,   6.539,   6.199,9999.000,9999.000,9999.000,9999.000,9999.000,9999.000,9999.000
202604122000,   6.848,   6.537,   0.000,  -0.311,   6.537,   0.000,   6.537,   0.000,   6.537
202604122006,   7.161,   6.868,9999.000,9999.000,9999.000,9999.000,9999.000,9999.000,9999.000
202604122012,   7.477,   7.209,9999.000,9999.000,9999.000,9999.000,9999.000,9999.000,9999.000
202604122018,   7.796,   7.547,9999.000,9999.000,9999.000,9999.000,9999.000,9999.000,9999.000
202604122024,   8.118,   7.878,9999.000,9999.000,9999.000,9999.000,9999.000,9999.000,9999.000
202604122030,   8.442,   8.206,9999.000,9999.000,9999.000,9999.000,9999.000,9999.000,9999.000
202604122036,   8.768,   8.527,9999.000,9999.000,9999.000,9999.000,9999.000,9999.000,9999.000
202604122042,   9.096,   8.836,9999.000,9999.000,9999.000,9999.000,9999.000,9999.000,9999.000
202604122048,   9.424,   9.167,9999.000,9999.000,9999.000,9999.000,9999.000,9999.000,9999.000
202604122054,   9.754,   9.498,9999.000,9999.000,9999.000,9999.000,9999.000,9999.000,9999.000
202604122100,  10.084,   9.836,   0.000,  -0.248,   9.836,   0.000,   9.836,   0.000,   9.836
202604122106,  10.414,  10.187,9999.000,9999.000,9999.000,9999.000,9999.000,9999.000,9999.000
202604122112,  10.743,  10.528,9999.000,9999.000,9999.000,9999.000,9999.000,9999.000,9999.000
202604122118,  11.071,  10.856,9999.000,9999.000,9999.000,9999.000,9999.000,9999.000,9999.000
202604122124,  11.398,  11.168,9999.000,9999.000,9999.000,9999.000,9999.000,9999.000,9999.000
202604122130,  11.722,  11.496,9999.000,9999.000,9999.000,9999.000,9999.000,9999.000,9999.000
202604122136,  12.044,  11.817,9999.000,9999.000,9999.000,9999.000,9999.000,9999.000,9999.000
202604122142,  12.361,  12.126,9999.000,9999.000,9999.000,9999.000,9999.000,9999.000,9999.000
202604122148,  12.673,  12.457,9999.000,9999.000,9999.000,9999.000,9999.000,9999.000,9999.000
202604122154,  12.979,  12.785,9999.000,9999.000,9999.000,9999.000,9999.000,9999.000,9999.000
202604122200,  13.279,  13.106,   0.000,  -0.173,  13.106,   0.000,  13.106,   0.100,  13.206
202604122206,  13.570,  13.405,9999.000,9999.000,9999.000,9999.000,9999.000,9999.000,9999.000
202604122212,  13.853,  13.707,9999.000,9999.000,9999.000,9999.000,9999.000,9999.000,9999.000
202604122218,  14.125,  13.985,9999.000,9999.000,9999.000,9999.000,9999.000,9999.000,9999.000
202604122224,  14.387,  14.235,9999.000,9999.000,9999.000,9999.000,9999.000,9999.000,9999.000
202604122230,  14.635,  14.487,9999.000,9999.000,9999.000,9999.000,9999.000,9999.000,9999.000
202604122236,  14.871,  14.746,9999.000,9999.000,9999.000,9999.000,9999.000,9999.000,9999.000
202604122242,  15.092,  14.966,9999.000,9999.000,9999.000,9999.000,9999.000,9999.000,9999.000
202604122248,  15.298,  15.176,9999.000,9999.000,9999.000,9999.000,9999.000,9999.000,9999.000
202604122254,  15.487,  15.386,9999.000,9999.000,9999.000,9999.000,9999.000,9999.000,9999.000
202604122300,  15.659,  15.566,   0.100,  -0.193,  15.566,   0.000,  15.466,   0.100,  15.566
202604122306,  15.814,  15.727,9999.000,9999.000,9999.000,9999.000,9999.000,9999.000,9999.000
202604122312,  15.950,  15.865,9999.000,9999.000,9999.000,9999.000,9999.000,9999.000,9999.000
202604122318,  16.067,  15.996,9999.000,9999.000,9999.000,9999.000,9999.000,9999.000,9999.000
202604122324,  16.164,  16.104,9999.000,9999.000,9999.000,9999.000,9999.000,9999.000,9999.000
202604122330,  16.242,  16.196,9999.000,9999.000,9999.000,9999.000,9999.000,9999.000,9999.000
202604122336,  16.299,  16.255,9999.000,9999.000,9999.000,9999.000,9999.000,9999.000,9999.000
202604122342,  16.337,  16.295,9999.000,9999.000,9999.000,9999.000,9999.000,9999.000,9999.000
202604122348,  16.354,  16.314,9999.000,9999.000,9999.000,9999.000,9999.000,9999.000,9999.000
202604122354,  16.352,  16.324,9999.000,9999.000,9999.000,9999.000,9999.000,9999.000,9999.000
202604130000,  16.330,  16.324,   0.000,  -0.006,  16.324,   0.000,  16.324,   0.000,  16.324
202604130006,  16.289,  16.285,9999.000,9999.000,9999.000,9999.000,9999.000,9999.000,9999.000
202604130012,  16.228,  16.216,9999.000,9999.000,9999.000,9999.000,9999.000,9999.000,9999.000
202604130018,  16.150,  16.124,9999.000,9999.000,9999.000,9999.000,9999.000,9999.000,9999.000
202604130024,  16.054,  16.016,9999.000,9999.000,9999.000,9999.000,9999.000,9999.000,9999.000
202604130030,  15.940,  15.904,9999.000,9999.000,9999.000,9999.000,9999.000,9999.000,9999.000
202604130036,  15.810,  15.776,9999.000,9999.000,9999.000,9999.000,9999.000,9999.000,9999.000
202604130042,  15.665,  15.645,9999.000,9999.000,9999.000,9999.000,9999.000,9999.000,9999.000
202604130048,  15.504,  15.494,9999.000,9999.000,9999.000,9999.000,9999.000,9999.000,9999.000
202604130054,  15.330,  15.337,9999.000,9999.000,9999.000,9999.000,9999.000,9999.000,9999.000
202604130100,  15.142,  15.156,   0.000,   0.014,  15.156,   0.000,  15.156,   0.100,  15.256
202604130106,  14.941,  14.966,9999.000,9999.000,9999.000,9999.000,9999.000,9999.000,9999.000
202604130112,  14.729,  14.776,9999.000,9999.000,9999.000,9999.000,9999.000,9999.000,9999.000
202604130118,  14.506,  14.586,9999.000,9999.000,9999.000,9999.000,9999.000,9999.000,9999.000
202604130124,  14.273,  14.376,9999.000,9999.000,9999.000,9999.000,9999.000,9999.000,9999.000
202604130130,  14.031,  14.166,9999.000,9999.000,9999.000,9999.000,9999.000,9999.000,9999.000
202604130136,  13.780,  13.936,9999.000,9999.000,9999.000,9999.000,9999.000,9999.000,9999.000
202604130142,  13.521,  13.677,9999.000,9999.000,9999.000,9999.000,9999.000,9999.000,9999.000
202604130148,  13.255,  13.425,9999.000,9999.000,9999.000,9999.000,9999.000,9999.000,9999.000
202604130154,  12.982,  13.165,9999.000,9999.000,9999.000,9999.000,9999.000,9999.000,9999.000
202604130200,  12.703,  12.896,   0.100,   0.093,  12.896,   0.000,  12.796,   0.100,  12.896
202604130206,  12.420,  12.627,9999.000,9999.000,9999.000,9999.000,9999.000,9999.000,9999.000
202604130212,  12.131,  12.345,9999.000,9999.000,9999.000,9999.000,9999.000,9999.000,9999.000
202604130218,  11.838,  12.047,9999.000,9999.000,9999.000,9999.000,9999.000,9999.000,9999.000
202604130224,  11.541,  11.745,9999.000,9999.000,9999.000,9999.000,9999.000,9999.000,9999.000
202604130230,  11.241,  11.457,9999.000,9999.000,9999.000,9999.000,9999.000,9999.000,9999.000
202604130236,  10.937,  11.178,9999.000,9999.000,9999.000,9999.000,9999.000,9999.000,9999.000
202604130242,  10.632,  10.886,9999.000,9999.000,9999.000,9999.000,9999.000,9999.000,9999.000
202604130248,  10.324,  10.577,9999.000,9999.000,9999.000,9999.000,9999.000,9999.000,9999.000
202604130254,  10.015,  10.286,9999.000,9999.000,9999.000,9999.000,9999.000,9999.000,9999.000
202604130300,   9.704,   9.977,   0.100,   0.173,   9.977,   0.000,   9.877,   0.200,  10.077
202604130306,   9.392,   9.666,9999.000,9999.000,9999.000,9999.000,9999.000,9999.000,9999.000
202604130312,   9.080,   9.347,9999.000,9999.000,9999.000,9999.000,9999.000,9999.000,9999.000
202604130318,   8.767,   9.026,9999.000,9999.000,9999.000,9999.000,9999.000,9999.000,9999.000
202604130324,   8.455,   8.718,9999.000,9999.000,9999.000,9999.000,9999.000,9999.000,9999.000
202604130330,   8.143,   8.406,9999.000,9999.000,9999.000,9999.000,9999.000,9999.000,9999.000
202604130336,   7.833,   8.088,9999.000,9999.000,9999.000,9999.000,9999.000,9999.000,9999.000
202604130342,   7.525,   7.767,9999.000,9999.000,9999.000,9999.000,9999.000,9999.000,9999.000
202604130348,   7.218,   7.448,9999.000,9999.000,9999.000,9999.000,9999.000,9999.000,9999.000
202604130354,   6.915,   7.147,9999.000,9999.000,9999.000,9999.000,9999.000,9999.000,9999.000
202604130400,   6.616,   6.828,   0.100,   0.112,   6.828,   0.000,   6.728,   0.200,   6.928
202604130406,   6.320,   6.546,9999.000,9999.000,9999.000,9999.000,9999.000,9999.000,9999.000
202604130412,   6.030,   6.258,9999.000,9999.000,9999.000,9999.000,9999.000,9999.000,9999.000
202604130418,   5.747,   5.969,9999.000,9999.000,9999.000,9999.000,9999.000,9999.000,9999.000
202604130424,   5.470,   5.687,9999.000,9999.000,9999.000,9999.000,9999.000,9999.000,9999.000
202604130430,   5.200,   5.418,9999.000,9999.000,9999.000,9999.000,9999.000,9999.000,9999.000
202604130436,   4.940,   5.179,9999.000,9999.000,9999.000,9999.000,9999.000,9999.000,9999.000
202604130442,   4.690,   4.929,9999.000,9999.000,9999.000,9999.000,9999.000,9999.000,9999.000
202604130448,   4.451,   4.677,9999.000,9999.000,9999.000,9999.000,9999.000,9999.000,9999.000
202604130454,   4.223,   4.427,9999.000,9999.000,9999.000,9999.000,9999.000,9999.000,9999.000
202604130500,   4.009,   4.198,   0.100,   0.089,   4.198,   0.000,   4.098,   0.200,   4.298
202604130506,   3.809,   3.978,9999.000,9999.000,9999.000,9999.000,9999.000,9999.000,9999.000
202604130512,   3.624,   3.778,9999.000,9999.000,9999.000,9999.000,9999.000,9999.000,9999.000
202604130518,   3.456,   3.598,9999.000,9999.000,9999.000,9999.000,9999.000,9999.000,9999.000
202604130524,   3.305,   3.460,9999.000,9999.000,9999.000,9999.000,9999.000,9999.000,9999.000
202604130530,   3.172,   3.319,9999.000,9999.000,9999.000,9999.000,9999.000,9999.000,9999.000
202604130536,   3.058,   3.178,9999.000,9999.000,9999.000,9999.000,9999.000,9999.000,9999.000
202604130542,   2.964,   3.070,9999.000,9999.000,9999.000,9999.000,9999.000,9999.000,9999.000
202604130548,   2.890,   2.958,9999.000,9999.000,9999.000,9999.000,9999.000,9999.000,9999.000
202604130554,   2.836,   2.879,9999.000,9999.000,9999.000,9999.000,9999.000,9999.000,9999.000
202604130600,   2.805,   2.830,   0.000,   0.025,   2.830,   0.000,   2.830,   0.000,   2.830
202604130606,   2.794,   2.807,9999.000,9999.000,9999.000,9999.000,9999.000,9999.000,9999.000
202604130612,   2.805,   2.787,9999.000,9999.000,9999.000,9999.000,9999.000,9999.000,9999.000
202604130618,   2.838,   2.797,9999.000,9999.000,9999.000,9999.000,9999.000,9999.000,9999.000
202604130624,   2.893,   2.840,9999.000,9999.000,9999.000,9999.000,9999.000,9999.000,9999.000
202604130630,   2.968,   2.899,9999.000,9999.000,9999.000,9999.000,9999.000,9999.000,9999.000
202604130636,   3.064,   2.988,9999.000,9999.000,9999.000,9999.000,9999.000,9999.000,9999.000
202604130642,   3.180,   3.099,9999.000,9999.000,9999.000,9999.000,9999.000,9999.000,9999.000
202604130648,   3.316,   3.217,9999.000,9999.000,9999.000,9999.000,9999.000,9999.000,9999.000
202604130654,   3.471,   3.358,9999.000,9999.000,9999.000,9999.000,9999.000,9999.000,9999.000
202604130700,   3.643,   3.519,   0.000,  -0.124,   3.519,   0.000,   3.519,   0.000,   3.519
202604130706,   3.833,   3.680,9999.000,9999.000,9999.000,9999.000,9999.000,9999.000,9999.000
202604130712,   4.038,   3.880,9999.000,9999.000,9999.000,9999.000,9999.000,9999.000,9999.000
202604130718,   4.259,   4.080,9999.000,9999.000,9999.000,9999.000,9999.000,9999.000,9999.000
202604130724,   4.493,   4.300,9999.000,9999.000,9999.000,9999.000,9999.000,9999.000,9999.000
202604130730,   4.740,   4.539,9999.000,9999.000,9999.000,9999.000,9999.000,9999.000,9999.000
202604130736,   4.999,   4.778,9999.000,9999.000,9999.000,9999.000,9999.000,9999.000,9999.000
202604130742,   5.269,   5.028,9999.000,9999.000,9999.000,9999.000,9999.000,9999.000,9999.000
202604130748,   5.548,   5.287,9999.000,9999.000,9999.000,9999.000,9999.000,9999.000,9999.000
202604130754,   5.837,   5.516,9999.000,9999.000,9999.000,9999.000,9999.000,9999.000,9999.000
202604130800,   6.133,   5.808,   0.000,  -0.325,   5.808,   0.000,   5.808,   0.100,   5.908
202604130806,   6.437,   6.087,9999.000,9999.000,9999.000,9999.000,9999.000,9999.000,9999.000
202604130812,   6.746,   6.409,9999.000,9999.000,9999.000,9999.000,9999.000,9999.000,9999.000
202604130818,   7.062,   6.737,9999.000,9999.000,9999.000,9999.000,9999.000,9999.000,9999.000
202604130824,   7.382,   7.078,9999.000,9999.000,9999.000,9999.000,9999.000,9999.000,9999.000
202604130830,   7.707,   7.399,9999.000,9999.000,9999.000,9999.000,9999.000,9999.000,9999.000
202604130836,   8.036,   7.727,9999.000,9999.000,9999.000,9999.000,9999.000,9999.000,9999.000
202604130842,   8.368,   8.058,9999.000,9999.000,9999.000,9999.000,9999.000,9999.000,9999.000
202604130848,   8.703,   8.386,9999.000,9999.000,9999.000,9999.000,9999.000,9999.000,9999.000
202604130854,   9.041,   8.728,9999.000,9999.000,9999.000,9999.000,9999.000,9999.000,9999.000
202604130900,   9.382,   9.088,   0.000,  -0.294,   9.088,   0.000,   9.088,   0.100,   9.188
202604130906,   9.724,   9.479,9999.000,9999.000,9999.000,9999.000,9999.000,9999.000,9999.000
202604130912,  10.067,   9.846,9999.000,9999.000,9999.000,9999.000,9999.000,9999.000,9999.000
202604130918,  10.412,  10.207,9999.000,9999.000,9999.000,9999.000,9999.000,9999.000,9999.000
202604130924,  10.757,  10.558,9999.000,9999.000,9999.000,9999.000,9999.000,9999.000,9999.000
202604130930,  11.102,  10.905,9999.000,9999.000,9999.000,9999.000,9999.000,9999.000,9999.000
202604130936,  11.447,  11.227,9999.000,9999.000,9999.000,9999.000,9999.000,9999.000,9999.000
202604130942,  11.791,  11.578,9999.000,9999.000,9999.000,9999.000,9999.000,9999.000,9999.000
202604130948,  12.133,  11.906,9999.000,9999.000,9999.000,9999.000,9999.000,9999.000,9999.000
202604130954,  12.473,  12.247,9999.000,9999.000,9999.000,9999.000,9999.000,9999.000,9999.000
202604131000,  12.809,  12.618,   0.100,  -0.291,  12.618,   0.000,  12.518,   0.100,  12.618
202604131006,  13.141,  12.985,9999.000,9999.000,9999.000,9999.000,9999.000,9999.000,9999.000
202604131012,  13.468,  13.346,9999.000,9999.000,9999.000,9999.000,9999.000,9999.000,9999.000
202604131018,  13.788,  13.697,9999.000,9999.000,9999.000,9999.000,9999.000,9999.000,9999.000
202604131024,  14.102,  14.035,9999.000,9999.000,9999.000,9999.000,9999.000,9999.000,9999.000
202604131030,  14.407,  14.356,9999.000,9999.000,9999.000,9999.000,9999.000,9999.000,9999.000
202604131036,  14.702,  14.635,9999.000,9999.000,9999.000,9999.000,9999.000,9999.000,9999.000
202604131042,  14.987,  14.917,9999.000,9999.000,9999.000,9999.000,9999.000,9999.000,9999.000
202604131048,  15.259,  15.206,9999.000,9999.000,9999.000,9999.000,9999.000,9999.000,9999.000
202604131054,  15.519,  15.494,9999.000,9999.000,9999.000,9999.000,9999.000,9999.000,9999.000
202604131100,  15.764,  15.766,   0.100,  -0.098,  15.766,   0.000,  15.666,   0.100,  15.766
202604131106,  15.995,  16.016,9999.000,9999.000,9999.000,9999.000,9999.000,9999.000,9999.000
202604131112,  16.208,  16.245,9999.000,9999.000,9999.000,9999.000,9999.000,9999.000,9999.000
202604131118,  16.405,  16.445,9999.000,9999.000,9999.000,9999.000,9999.000,9999.000,9999.000
202604131124,  16.583,  16.626,9999.000,9999.000,9999.000,9999.000,9999.000,9999.000,9999.000
202604131130,  16.742,  16.806,9999.000,9999.000,9999.000,9999.000,9999.000,9999.000,9999.000
202604131136,  16.882,  16.964,9999.000,9999.000,9999.000,9999.000,9999.000,9999.000,9999.000
202604131142,  17.001,  17.115,9999.000,9999.000,9999.000,9999.000,9999.000,9999.000,9999.000
202604131148,  17.100,  17.246,9999.000,9999.000,9999.000,9999.000,9999.000,9999.000,9999.000
202604131154,  17.177,  17.344,9999.000,9999.000,9999.000,9999.000,9999.000,9999.000,9999.000
202604131200,  17.233,  17.416,   0.100,   0.083,  17.416,   0.000,  17.316,   0.200,  17.516
202604131206,  17.268,  17.456,9999.000,9999.000,9999.000,9999.000,9999.000,9999.000,9999.000
202604131212,  17.281,  17.475,9999.000,9999.000,9999.000,9999.000,9999.000,9999.000,9999.000
202604131218,  17.272,  17.485,9999.000,9999.000,9999.000,9999.000,9999.000,9999.000,9999.000
202604131224,  17.243,  17.475,9999.000,9999.000,9999.000,9999.000,9999.000,9999.000,9999.000
202604131230,  17.192,  17.436,9999.000,9999.000,9999.000,9999.000,9999.000,9999.000,9999.000
202604131236,  17.122,  17.397,9999.000,9999.000,9999.000,9999.000,9999.000,9999.000,9999.000
202604131242,  17.031,  17.344,9999.000,9999.000,9999.000,9999.000,9999.000,9999.000,9999.000
202604131248,  16.921,  17.236,9999.000,9999.000,9999.000,9999.000,9999.000,9999.000,9999.000
202604131254,  16.792,  17.134,9999.000,9999.000,9999.000,9999.000,9999.000,9999.000,9999.000
202604131300,  16.645,  16.996,   0.100,   0.251,  16.996,   0.100,  16.996,   0.200,  17.096
202604131306,  16.481,  16.855,9999.000,9999.000,9999.000,9999.000,9999.000,9999.000,9999.000
202604131312,  16.300,  16.705,9999.000,9999.000,9999.000,9999.000,9999.000,9999.000,9999.000
202604131318,  16.104,  16.554,9999.000,9999.000,9999.000,9999.000,9999.000,9999.000,9999.000
202604131324,  15.893,  16.406,9999.000,9999.000,9999.000,9999.000,9999.000,9999.000,9999.000
202604131330,  15.667,  16.235,9999.000,9999.000,9999.000,9999.000,9999.000,9999.000,9999.000
202604131336,  15.429,  16.045,9999.000,9999.000,9999.000,9999.000,9999.000,9999.000,9999.000
202604131342,  15.178,  15.816,9999.000,9999.000,9999.000,9999.000,9999.000,9999.000,9999.000
202604131348,  14.916,  15.547,9999.000,9999.000,9999.000,9999.000,9999.000,9999.000,9999.000
202604131354,  14.643,  15.265,9999.000,9999.000,9999.000,9999.000,9999.000,9999.000,9999.000
202604131400,  14.360,  15.005,   0.200,   0.445,  15.005,   0.100,  14.905,   0.300,  15.105
202604131406,  14.068,  14.737,9999.000,9999.000,9999.000,9999.000,9999.000,9999.000,9999.000
202604131412,  13.768,  14.464,9999.000,9999.000,9999.000,9999.000,9999.000,9999.000,9999.000
202604131418,  13.459,  14.205,9999.000,9999.000,9999.000,9999.000,9999.000,9999.000,9999.000
202604131424,  13.144,  13.936,9999.000,9999.000,9999.000,9999.000,9999.000,9999.000,9999.000
202604131430,  12.823,  13.625,9999.000,9999.000,9999.000,9999.000,9999.000,9999.000,9999.000
202604131436,  12.495,  13.306,9999.000,9999.000,9999.000,9999.000,9999.000,9999.000,9999.000
202604131442,  12.162,  12.965,9999.000,9999.000,9999.000,9999.000,9999.000,9999.000,9999.000
202604131448,  11.825,  12.618,9999.000,9999.000,9999.000,9999.000,9999.000,9999.000,9999.000
202604131454,  11.484,  12.277,9999.000,9999.000,9999.000,9999.000,9999.000,9999.000,9999.000
202604131500,  11.138,  11.955,   0.200,   0.617,  11.955,   0.200,  11.955,   0.300,  12.055
202604131506,  10.790,  11.637,9999.000,9999.000,9999.000,9999.000,9999.000,9999.000,9999.000
202604131512,  10.439,  11.325,9999.000,9999.000,9999.000,9999.000,9999.000,9999.000,9999.000
202604131518,  10.086,  10.987,9999.000,9999.000,9999.000,9999.000,9999.000,9999.000,9999.000
202604131524,   9.731,  10.646,9999.000,9999.000,9999.000,9999.000,9999.000,9999.000,9999.000
202604131530,   9.375,  10.286,9999.000,9999.000,9999.000,9999.000,9999.000,9999.000,9999.000
202604131536,   9.018,   9.928,9999.000,9999.000,9999.000,9999.000,9999.000,9999.000,9999.000
202604131542,   8.661,   9.577,9999.000,9999.000,9999.000,9999.000,9999.000,9999.000,9999.000
202604131548,   8.304,   9.216,9999.000,9999.000,9999.000,9999.000,9999.000,9999.000,9999.000
202604131554,   7.948,   8.869,9999.000,9999.000,9999.000,9999.000,9999.000,9999.000,9999.000
202604131600,   7.593,   8.547,   0.300,   0.654,   8.547,   0.200,   8.447,   0.300,   8.547
202604131606,   7.240,   8.196,9999.000,9999.000,9999.000,9999.000,9999.000,9999.000,9999.000
202604131612,   6.889,   7.839,9999.000,9999.000,9999.000,9999.000,9999.000,9999.000,9999.000
202604131618,   6.542,   7.478,9999.000,9999.000,9999.000,9999.000,9999.000,9999.000,9999.000
202604131624,   6.199,   7.147,9999.000,9999.000,9999.000,9999.000,9999.000,9999.000,9999.000
202604131630,   5.861,   6.819,9999.000,9999.000,9999.000,9999.000,9999.000,9999.000,9999.000
202604131636,   5.528,   6.477,9999.000,9999.000,9999.000,9999.000,9999.000,9999.000,9999.000
202604131642,   5.203,   6.159,9999.000,9999.000,9999.000,9999.000,9999.000,9999.000,9999.000
202604131648,   4.885,   5.858,9999.000,9999.000,9999.000,9999.000,9999.000,9999.000,9999.000
202604131654,   4.575,   5.549,9999.000,9999.000,9999.000,9999.000,9999.000,9999.000,9999.000
202604131700,   4.276,   5.247,   0.300,   0.671,   5.247,   0.200,   5.147,   0.400,   5.347
202604131706,   3.987,   4.959,9999.000,9999.000,9999.000,9999.000,9999.000,9999.000,9999.000
202604131712,   3.710,   4.677,9999.000,9999.000,9999.000,9999.000,9999.000,9999.000,9999.000
202604131718,   3.446,   4.398,9999.000,9999.000,9999.000,9999.000,9999.000,9999.000,9999.000
202604131724,   3.196,   4.129,9999.000,9999.000,9999.000,9999.000,9999.000,9999.000,9999.000
202604131730,   2.962,   3.880,9999.000,9999.000,9999.000,9999.000,9999.000,9999.000,9999.000
202604131736,   2.745,   3.660,9999.000,9999.000,9999.000,9999.000,9999.000,9999.000,9999.000
202604131742,   2.545,   3.440,9999.000,9999.000,9999.000,9999.000,9999.000,9999.000,9999.000
202604131748,   2.363,   3.250,9999.000,9999.000,9999.000,9999.000,9999.000,9999.000,9999.000
202604131754,   2.201,   3.070,9999.000,9999.000,9999.000,9999.000,9999.000,9999.000,9999.000
202604131800,   2.060,   2.899,   0.400,   0.439,   2.899,   0.300,   2.799,   0.400,   2.899
202604131806,   1.940,   2.728,9999.000,9999.000,9999.000,9999.000,9999.000,9999.000,9999.000
202604131812,   1.842,   2.587,9999.000,9999.000,9999.000,9999.000,9999.000,9999.000,9999.000
202604131818,   1.766,   2.469,9999.000,9999.000,9999.000,9999.000,9999.000,9999.000,9999.000
202604131824,   1.714,   2.377,9999.000,9999.000,9999.000,9999.000,9999.000,9999.000,9999.000
202604131830,   1.685,   2.318,9999.000,9999.000,9999.000,9999.000,9999.000,9999.000,9999.000
202604131836,   1.679,   2.279,9999.000,9999.000,9999.000,9999.000,9999.000,9999.000,9999.000
202604131842,   1.697,   2.289,9999.000,9999.000,9999.000,9999.000,9999.000,9999.000,9999.000
202604131848,   1.738,   2.309,9999.000,9999.000,9999.000,9999.000,9999.000,9999.000,9999.000
202604131854,   1.802,   2.309,9999.000,9999.000,9999.000,9999.000,9999.000,9999.000,9999.000
202604131900,   1.889,   2.387,   0.300,   0.198,   2.387,   0.300,   2.387,   0.400,   2.487
202604131906,   1.998,   2.459,9999.000,9999.000,9999.000,9999.000,9999.000,9999.000,9999.000
202604131912,   2.128,   2.538,9999.000,9999.000,9999.000,9999.000,9999.000,9999.000,9999.000
202604131918,   2.280,   2.689,9999.000,9999.000,9999.000,9999.000,9999.000,9999.000,9999.000
202604131924,   2.451,   2.830,9999.000,9999.000,9999.000,9999.000,9999.000,9999.000,9999.000
202604131930,   2.642,   2.997,9999.000,9999.000,9999.000,9999.000,9999.000,9999.000,9999.000
202604131936,   2.850,   3.240,9999.000,9999.000,9999.000,9999.000,9999.000,9999.000,9999.000
202604131942,   3.076,   3.460,9999.000,9999.000,9999.000,9999.000,9999.000,9999.000,9999.000
202604131948,   3.317,   3.627,9999.000,9999.000,9999.000,9999.000,9999.000,9999.000,9999.000
202604131954,   3.573,   3.847,9999.000,9999.000,9999.000,9999.000,9999.000,9999.000,9999.000
202604132000,   3.843,   4.070,   0.300,  -0.073,   4.070,   0.300,   4.070,   0.400,   4.170
202604132006,   4.125,   4.349,9999.000,9999.000,9999.000,9999.000,9999.000,9999.000,9999.000
202604132012,   4.419,   4.569,9999.000,9999.000,9999.000,9999.000,9999.000,9999.000,9999.000
202604132018,   4.724,   4.919,9999.000,9999.000,9999.000,9999.000,9999.000,9999.000,9999.000
202604132024,   5.038,   5.238,9999.000,9999.000,9999.000,9999.000,9999.000,9999.000,9999.000
202604132030,   5.361,   5.457,9999.000,9999.000,9999.000,9999.000,9999.000,9999.000,9999.000
202604132036,   5.692,   5.769,9999.000,9999.000,9999.000,9999.000,9999.000,9999.000,9999.000
202604132042,   6.029,   6.097,9999.000,9999.000,9999.000,9999.000,9999.000,9999.000,9999.000
202604132048,   6.373,   6.409,9999.000,9999.000,9999.000,9999.000,9999.000,9999.000,9999.000
202604132054,   6.723,   6.727,9999.000,9999.000,9999.000,9999.000,9999.000,9999.000,9999.000
202604132100,   7.078,   7.127,   0.300,  -0.251,   7.127,   0.200,   7.027,   0.300,   7.127
202604132106,   7.437,   7.507,9999.000,9999.000,9999.000,9999.000,9999.000,9999.000,9999.000
202604132112,   7.800,   7.878,9999.000,9999.000,9999.000,9999.000,9999.000,9999.000,9999.000
202604132118,   8.167,   8.259,9999.000,9999.000,9999.000,9999.000,9999.000,9999.000,9999.000
202604132124,   8.536,   8.659,9999.000,9999.000,9999.000,9999.000,9999.000,9999.000,9999.000
202604132130,   8.909,   9.026,9999.000,9999.000,9999.000,9999.000,9999.000,9999.000,9999.000
202604132136,   9.283,   9.407,9999.000,9999.000,9999.000,9999.000,9999.000,9999.000,9999.000
202604132142,   9.658,   9.718,9999.000,9999.000,9999.000,9999.000,9999.000,9999.000,9999.000
202604132148,  10.035,  10.167,9999.000,9999.000,9999.000,9999.000,9999.000,9999.000,9999.000
202604132154,  10.412,  10.495,9999.000,9999.000,9999.000,9999.000,9999.000,9999.000,9999.000
202604132200,  10.788,  10.886,   0.200,  -0.102,  10.886,   0.200,  10.886,   0.300,  10.986
202604132206,  11.164,  11.266,9999.000,9999.000,9999.000,9999.000,9999.000,9999.000,9999.000
202604132212,  11.537,  11.637,9999.000,9999.000,9999.000,9999.000,9999.000,9999.000,9999.000
202604132218,  11.909,  11.978,9999.000,9999.000,9999.000,9999.000,9999.000,9999.000,9999.000
202604132224,  12.277,  12.365,9999.000,9999.000,9999.000,9999.000,9999.000,9999.000,9999.000
202604132230,  12.640,  12.687,9999.000,9999.000,9999.000,9999.000,9999.000,9999.000,9999.000
202604132236,  12.998,  13.097,9999.000,9999.000,9999.000,9999.000,9999.000,9999.000,9999.000
202604132242,  13.349,  13.438,9999.000,9999.000,9999.000,9999.000,9999.000,9999.000,9999.000
202604132248,  13.693,  13.825,9999.000,9999.000,9999.000,9999.000,9999.000,9999.000,9999.000
202604132254,  14.028,  14.146,9999.000,9999.000,9999.000,9999.000,9999.000,9999.000,9999.000
202604132300,  14.352,  14.556,   0.200,   0.004,  14.556,   0.100,  14.456,   0.200,  14.556
202604132306,  14.666,  14.855,9999.000,9999.000,9999.000,9999.000,9999.000,9999.000,9999.000
202604132312,  14.967,  15.117,9999.000,9999.000,9999.000,9999.000,9999.000,9999.000,9999.000
202604132318,  15.254,  15.415,9999.000,9999.000,9999.000,9999.000,9999.000,9999.000,9999.000
202604132324,  15.527,  15.675,9999.000,9999.000,9999.000,9999.000,9999.000,9999.000,9999.000
202604132330,  15.783,  15.885,9999.000,9999.000,9999.000,9999.000,9999.000,9999.000,9999.000
202604132336,  16.023,  16.206,9999.000,9999.000,9999.000,9999.000,9999.000,9999.000,9999.000
202604132342,  16.244,  16.455,9999.000,9999.000,9999.000,9999.000,9999.000,9999.000,9999.000
202604132348,  16.446,  16.665,9999.000,9999.000,9999.000,9999.000,9999.000,9999.000,9999.000
202604132354,  16.629,  16.987,9999.000,9999.000,9999.000,9999.000,9999.000,9999.000,9999.000
202604140000,  16.791,  17.187,   0.300,   0.096,  17.187,   0.300,  17.187,   0.400,  17.287
202604140006,  16.932,  17.295,9999.000,9999.000,9999.000,9999.000,9999.000,9999.000,9999.000
202604140012,  17.051,  17.364,9999.000,9999.000,9999.000,9999.000,9999.000,9999.000,9999.000
202604140018,  17.148,  17.475,9999.000,9999.000,9999.000,9999.000,9999.000,9999.000,9999.000
202604140024,  17.223,  17.505,9999.000,9999.000,9999.000,9999.000,9999.000,9999.000,9999.000
202604140030,  17.276,  17.584,9999.000,9999.000,9999.000,9999.000,9999.000,9999.000,9999.000
202604140036,  17.306,  17.715,9999.000,9999.000,9999.000,9999.000,9999.000,9999.000,9999.000
202604140042,  17.314,  17.774,9999.000,9999.000,9999.000,9999.000,9999.000,9999.000,9999.000
202604140048,  17.300,  17.803,9999.000,9999.000,9999.000,9999.000,9999.000,9999.000,9999.000
202604140054,  17.264,  17.725,9999.000,9999.000,9999.000,9999.000,9999.000,9999.000,9999.000
202604140100,  17.207,  17.616,   0.200,   0.209,  17.616,   0.200,  17.616,   0.300,  17.716
202604140106,  17.129,  17.456,9999.000,9999.000,9999.000,9999.000,9999.000,9999.000,9999.000
202604140112,  17.031,  17.383,9999.000,9999.000,9999.000,9999.000,9999.000,9999.000,9999.000
202604140118,  16.913,  17.275,9999.000,9999.000,9999.000,9999.000,9999.000,9999.000,9999.000
202604140124,  16.776,  17.197,9999.000,9999.000,9999.000,9999.000,9999.000,9999.000,9999.000
202604140130,  16.622,  17.065,9999.000,9999.000,9999.000,9999.000,9999.000,9999.000,9999.000
202604140136,  16.450,  16.934,9999.000,9999.000,9999.000,9999.000,9999.000,9999.000,9999.000
202604140142,  16.261,  16.724,9999.000,9999.000,9999.000,9999.000,9999.000,9999.000,9999.000
202604140148,  16.057,  16.485,9999.000,9999.000,9999.000,9999.000,9999.000,9999.000,9999.000
202604140154,  15.839,  16.255,9999.000,9999.000,9999.000,9999.000,9999.000,9999.000,9999.000
202604140200,  15.606,  16.055,   0.200,   0.249,  16.055,   0.100,  15.955,   0.300,  16.155
202604140206,  15.361,  15.825,9999.000,9999.000,9999.000,9999.000,9999.000,9999.000,9999.000
202604140212,  15.103,  15.625,9999.000,9999.000,9999.000,9999.000,9999.000,9999.000,9999.000
202604140218,  14.834,  15.376,9999.000,9999.000,9999.000,9999.000,9999.000,9999.000,9999.000
202604140224,  14.554,  15.127,9999.000,9999.000,9999.000,9999.000,9999.000,9999.000,9999.000
202604140230,  14.265,  14.864,9999.000,9999.000,9999.000,9999.000,9999.000,9999.000,9999.000
202604140236,  13.967,  14.566,9999.000,9999.000,9999.000,9999.000,9999.000,9999.000,9999.000
202604140242,  13.660,  14.264,9999.000,9999.000,9999.000,9999.000,9999.000,9999.000,9999.000
202604140248,  13.346,  13.966,9999.000,9999.000,9999.000,9999.000,9999.000,9999.000,9999.000
202604140254,  13.026,  13.625,9999.000,9999.000,9999.000,9999.000,9999.000,9999.000,9999.000
202604140300,  12.699,  13.297,   0.100,   0.498,  13.297,   0.100,  13.297,   0.200,  13.397
202604140306,  12.366,  12.985,9999.000,9999.000,9999.000,9999.000,9999.000,9999.000,9999.000
202604140312,  12.028,  12.687,9999.000,9999.000,9999.000,9999.000,9999.000,9999.000,9999.000
202604140318,  11.686,  12.375,9999.000,9999.000,9999.000,9999.000,9999.000,9999.000,9999.000
202604140324,  11.340,  12.047,9999.000,9999.000,9999.000,9999.000,9999.000,9999.000,9999.000
202604140330,  10.990,  11.696,9999.000,9999.000,9999.000,9999.000,9999.000,9999.000,9999.000
202604140336,  10.638,  11.315,9999.000,9999.000,9999.000,9999.000,9999.000,9999.000,9999.000
202604140342,  10.283,  10.938,9999.000,9999.000,9999.000,9999.000,9999.000,9999.000,9999.000
202604140348,   9.926,  10.587,9999.000,9999.000,9999.000,9999.000,9999.000,9999.000,9999.000
202604140354,   9.567,  10.246,9999.000,9999.000,9999.000,9999.000,9999.000,9999.000,9999.000
202604140400,   9.208,   9.948,   0.100,   0.640,   9.948,   0.000,   9.848,   0.200,  10.048
202604140406,   8.848,   9.646,9999.000,9999.000,9999.000,9999.000,9999.000,9999.000,9999.000
202604140412,   8.488,   9.279,9999.000,9999.000,9999.000,9999.000,9999.000,9999.000,9999.000
202604140418,   8.129,   8.937,9999.000,9999.000,9999.000,9999.000,9999.000,9999.000,9999.000
202604140424,   7.771,   8.537,9999.000,9999.000,9999.000,9999.000,9999.000,9999.000,9999.000
202604140430,   7.414,   8.127,9999.000,9999.000,9999.000,9999.000,9999.000,9999.000,9999.000
202604140436,   7.060,   7.757,9999.000,9999.000,9999.000,9999.000,9999.000,9999.000,9999.000
202604140442,   6.710,   7.419,9999.000,9999.000,9999.000,9999.000,9999.000,9999.000,9999.000
202604140448,   6.363,   7.088,9999.000,9999.000,9999.000,9999.000,9999.000,9999.000,9999.000
202604140454,   6.021,   6.756,9999.000,9999.000,9999.000,9999.000,9999.000,9999.000,9999.000
202604140500,   5.685,   6.438,   0.000,   0.753,   6.438,   0.000,   6.438,   0.100,   6.538
202604140506,   5.355,   6.107,9999.000,9999.000,9999.000,9999.000,9999.000,9999.000,9999.000
202604140512,   5.033,   5.789,9999.000,9999.000,9999.000,9999.000,9999.000,9999.000,9999.000
202604140518,   4.719,   5.428,9999.000,9999.000,9999.000,9999.000,9999.000,9999.000,9999.000
202604140524,   4.415,   5.120,9999.000,9999.000,9999.000,9999.000,9999.000,9999.000,9999.000
202604140530,   4.122,   4.847,9999.000,9999.000,9999.000,9999.000,9999.000,9999.000,9999.000
202604140536,   3.841,   4.569,9999.000,9999.000,9999.000,9999.000,9999.000,9999.000,9999.000
202604140542,   3.573,   4.257,9999.000,9999.000,9999.000,9999.000,9999.000,9999.000,9999.000
202604140548,   3.319,   3.998,9999.000,9999.000,9999.000,9999.000,9999.000,9999.000,9999.000
202604140554,   3.081,   3.758,9999.000,9999.000,9999.000,9999.000,9999.000,9999.000,9999.000
202604140600,   2.859,   3.539,   0.200,   0.480,   3.539,   0.100,   3.439,   0.200,   3.539
202604140606,   2.655,   3.279,9999.000,9999.000,9999.000,9999.000,9999.000,9999.000,9999.000
202604140612,   2.469,   3.099,9999.000,9999.000,9999.000,9999.000,9999.000,9999.000,9999.000
202604140618,   2.304,   2.909,9999.000,9999.000,9999.000,9999.000,9999.000,9999.000,9999.000
202604140624,   2.159,   2.748,9999.000,9999.000,9999.000,9999.000,9999.000,9999.000,9999.000
202604140630,   2.035,   2.568,9999.000,9999.000,9999.000,9999.000,9999.000,9999.000,9999.000
202604140636,   1.934,   2.450,9999.000,9999.000,9999.000,9999.000,9999.000,9999.000,9999.000
202604140642,   1.856,   2.338,9999.000,9999.000,9999.000,9999.000,9999.000,9999.000,9999.000
202604140648,   1.801,   2.259,9999.000,9999.000,9999.000,9999.000,9999.000,9999.000,9999.000
202604140654,   1.770,   2.200,9999.000,9999.000,9999.000,9999.000,9999.000,9999.000,9999.000
202604140700,   1.763,   2.168,   0.100,   0.305,   2.168,   0.000,   2.068,   0.200,   2.268
202604140706,   1.779,   2.158,9999.000,9999.000,9999.000,9999.000,9999.000,9999.000,9999.000
202604140712,   1.820,   2.177,9999.000,9999.000,9999.000,9999.000,9999.000,9999.000,9999.000
202604140718,   1.885,   2.210,9999.000,9999.000,9999.000,9999.000,9999.000,9999.000,9999.000
202604140724,   1.973,   2.269,9999.000,9999.000,9999.000,9999.000,9999.000,9999.000,9999.000
202604140730,   2.085,   2.358,9999.000,9999.000,9999.000,9999.000,9999.000,9999.000,9999.000
202604140736,   2.218,   2.479,9999.000,9999.000,9999.000,9999.000,9999.000,9999.000,9999.000
202604140742,   2.373,   2.620,9999.000,9999.000,9999.000,9999.000,9999.000,9999.000,9999.000
202604140748,   2.550,   2.797,9999.000,9999.000,9999.000,9999.000,9999.000,9999.000,9999.000
202604140754,   2.746,   3.017,9999.000,9999.000,9999.000,9999.000,9999.000,9999.000,9999.000
202604140800,   2.961,   3.230,   0.100,   0.169,   3.230,   0.000,   3.130,   0.100,   3.230
202604140806,   3.194,   3.450,9999.000,9999.000,9999.000,9999.000,9999.000,9999.000,9999.000
202604140812,   3.444,   3.689,9999.000,9999.000,9999.000,9999.000,9999.000,9999.000,9999.000
202604140818,   3.710,   3.929,9999.000,9999.000,9999.000,9999.000,9999.000,9999.000,9999.000
202604140824,   3.990,   4.198,9999.000,9999.000,9999.000,9999.000,9999.000,9999.000,9999.000
202604140830,   4.284,   4.480,9999.000,9999.000,9999.000,9999.000,9999.000,9999.000,9999.000
202604140836,   4.591,   4.778,9999.000,9999.000,9999.000,9999.000,9999.000,9999.000,9999.000
202604140842,   4.909,   5.097,9999.000,9999.000,9999.000,9999.000,9999.000,9999.000,9999.000
202604140848,   5.237,   5.418,9999.000,9999.000,9999.000,9999.000,9999.000,9999.000,9999.000
202604140854,   5.575,   5.739,9999.000,9999.000,9999.000,9999.000,9999.000,9999.000,9999.000
202604140900,   5.922,   6.067,   0.000,   0.145,   6.067,  -0.100,   5.967,   0.100,   6.167
202604140906,   6.276,   6.409,9999.000,9999.000,9999.000,9999.000,9999.000,9999.000,9999.000
202604140912,   6.638,   6.766,9999.000,9999.000,9999.000,9999.000,9999.000,9999.000,9999.000
202604140918,   7.005,   7.117,9999.000,9999.000,9999.000,9999.000,9999.000,9999.000,9999.000
202604140924,   7.379,   7.507,9999.000,9999.000,9999.000,9999.000,9999.000,9999.000,9999.000
202604140930,   7.757,   7.917,9999.000,9999.000,9999.000,9999.000,9999.000,9999.000,9999.000
202604140936,   8.140,   8.308,9999.000,9999.000,9999.000,9999.000,9999.000,9999.000,9999.000
202604140942,   8.526,   8.698,9999.000,9999.000,9999.000,9999.000,9999.000,9999.000,9999.000
202604140948,   8.916,   9.108,9999.000,9999.000,9999.000,9999.000,9999.000,9999.000,9999.000
202604140954,   9.308,   9.508,9999.000,9999.000,9999.000,9999.000,9999.000,9999.000,9999.000
202604141000,   9.702,   9.899,   0.000,   0.197,   9.899,  -0.100,   9.799,   0.100,   9.999
202604141006,  10.098,  10.266,9999.000,9999.000,9999.000,9999.000,9999.000,9999.000,9999.000
202604141012,  10.495,  10.656,9999.000,9999.000,9999.000,9999.000,9999.000,9999.000,9999.000
202604141018,  10.892,  11.037,9999.000,9999.000,9999.000,9999.000,9999.000,9999.000,9999.000
202604141024,  11.288,  11.407,9999.000,9999.000,9999.000,9999.000,9999.000,9999.000,9999.000
202604141030,  11.684,  11.788,9999.000,9999.000,9999.000,9999.000,9999.000,9999.000,9999.000
202604141036,  12.077,  12.145,9999.000,9999.000,9999.000,9999.000,9999.000,9999.000,9999.000
202604141042,  12.467,  12.555,9999.000,9999.000,9999.000,9999.000,9999.000,9999.000,9999.000
202604141048,  12.854,  12.936,9999.000,9999.000,9999.000,9999.000,9999.000,9999.000,9999.000
202604141054,  13.235,  13.336,9999.000,9999.000,9999.000,9999.000,9999.000,9999.000,9999.000
202604141100,  13.611,  13.687,   0.000,   0.076,  13.687,  -0.200,  13.487,   0.100,  13.787
202604141106,  13.979,  14.087,9999.000,9999.000,9999.000,9999.000,9999.000,9999.000,9999.000
202604141112,  14.339,  14.454,9999.000,9999.000,9999.000,9999.000,9999.000,9999.000,9999.000
202604141118,  14.690,  14.805,9999.000,9999.000,9999.000,9999.000,9999.000,9999.000,9999.000
202604141124,  15.030,  15.147,9999.000,9999.000,9999.000,9999.000,9999.000,9999.000,9999.000
202604141130,  15.357,  15.484,9999.000,9999.000,9999.000,9999.000,9999.000,9999.000,9999.000
202604141136,  15.671,  15.825,9999.000,9999.000,9999.000,9999.000,9999.000,9999.000,9999.000
202604141142,  15.971,  16.147,9999.000,9999.000,9999.000,9999.000,9999.000,9999.000,9999.000
202604141148,  16.255,  16.436,9999.000,9999.000,9999.000,9999.000,9999.000,9999.000,9999.000
202604141154,  16.522,  16.714,9999.000,9999.000,9999.000,9999.000,9999.000,9999.000,9999.000
202604141200,  16.770,  16.954,   0.000,   0.184,  16.954,   0.000,  16.954,   0.100,  17.054
202604141206,  17.000,  17.197,9999.000,9999.000,9999.000,9999.000,9999.000,9999.000,9999.000
202604141212,  17.209,  17.426,9999.000,9999.000,9999.000,9999.000,9999.000,9999.000,9999.000
202604141218,  17.397,  17.656,9999.000,9999.000,9999.000,9999.000,9999.000,9999.000,9999.000
202604141224,  17.564,  17.846,9999.000,9999.000,9999.000,9999.000,9999.000,9999.000,9999.000
202604141230,  17.708,  18.036,9999.000,9999.000,9999.000,9999.000,9999.000,9999.000,9999.000
202604141236,  17.829,  18.164,9999.000,9999.000,9999.000,9999.000,9999.000,9999.000,9999.000
202604141242,  17.927,  18.246,9999.000,9999.000,9999.000,9999.000,9999.000,9999.000,9999.000
202604141248,  18.001,  18.305,9999.000,9999.000,9999.000,9999.000,9999.000,9999.000,9999.000
202604141254,  18.051,  18.345,9999.000,9999.000,9999.000,9999.000,9999.000,9999.000,9999.000
202604141300,  18.078,  18.394,   0.100,   0.216,  18.394,   0.000,  18.294,   0.100,  18.394
202604141306,  18.080,  18.446,9999.000,9999.000,9999.000,9999.000,9999.000,9999.000,9999.000
202604141312,  18.060,  18.486,9999.000,9999.000,9999.000,9999.000,9999.000,9999.000,9999.000
202604141318,  18.015,  18.466,9999.000,9999.000,9999.000,9999.000,9999.000,9999.000,9999.000
202604141324,  17.948,  18.384,9999.000,9999.000,9999.000,9999.000,9999.000,9999.000,9999.000
202604141330,  17.859,  18.295,9999.000,9999.000,9999.000,9999.000,9999.000,9999.000,9999.000
202604141336,  17.748,  18.144,9999.000,9999.000,9999.000,9999.000,9999.000,9999.000,9999.000
202604141342,  17.616,  17.994,9999.000,9999.000,9999.000,9999.000,9999.000,9999.000,9999.000
202604141348,  17.464,  17.836,9999.000,9999.000,9999.000,9999.000,9999.000,9999.000,9999.000
202604141354,  17.292,  17.675,9999.000,9999.000,9999.000,9999.000,9999.000,9999.000,9999.000
202604141400,  17.101,  17.515,   0.100,   0.314,  17.515,   0.000,  17.415,   0.200,  17.615
202604141406,  16.892,  17.315,9999.000,9999.000,9999.000,9999.000,9999.000,9999.000,9999.000
202604141412,  16.667,  17.134,9999.000,9999.000,9999.000,9999.000,9999.000,9999.000,9999.000
202604141418,  16.425,  16.895,9999.000,9999.000,9999.000,9999.000,9999.000,9999.000,9999.000
202604141424,  16.168,  16.626,9999.000,9999.000,9999.000,9999.000,9999.000,9999.000,9999.000
202604141430,  15.897,  16.344,9999.000,9999.000,9999.000,9999.000,9999.000,9999.000,9999.000
202604141436,  15.612,  16.075,9999.000,9999.000,9999.000,9999.000,9999.000,9999.000,9999.000
202604141442,  15.315,  15.786,9999.000,9999.000,9999.000,9999.000,9999.000,9999.000,9999.000
202604141448,  15.006,  15.484,9999.000,9999.000,9999.000,9999.000,9999.000,9999.000,9999.000
202604141454,  14.686,  15.206,9999.000,9999.000,9999.000,9999.000,9999.000,9999.000,9999.000
202604141500,  14.357,  14.897,   0.100,   0.440,  14.897,   0.100,  14.897,   0.200,  14.997
202604141506,  14.018,  14.566,9999.000,9999.000,9999.000,9999.000,9999.000,9999.000,9999.000
202604141512,  13.671,  14.195,9999.000,9999.000,9999.000,9999.000,9999.000,9999.000,9999.000
202604141518,  13.316,  13.825,9999.000,9999.000,9999.000,9999.000,9999.000,9999.000,9999.000
202604141524,  12.954,  13.438,9999.000,9999.000,9999.000,9999.000,9999.000,9999.000,9999.000
202604141530,  12.586,  13.057,9999.000,9999.000,9999.000,9999.000,9999.000,9999.000,9999.000
202604141536,  12.212,  12.687,9999.000,9999.000,9999.000,9999.000,9999.000,9999.000,9999.000
202604141542,  11.833,  12.326,9999.000,9999.000,9999.000,9999.000,9999.000,9999.000,9999.000
202604141548,  11.450,  11.965,9999.000,9999.000,9999.000,9999.000,9999.000,9999.000,9999.000
202604141554,  11.063,  11.598,9999.000,9999.000,9999.000,9999.000,9999.000,9999.000,9999.000
202604141600,  10.673,  11.207,   0.200,   0.334,  11.207,   0.100,  11.107,   0.300,  11.307
202604141606,  10.281,  10.807,9999.000,9999.000,9999.000,9999.000,9999.000,9999.000,9999.000
202604141612,   9.886,  10.387,9999.000,9999.000,9999.000,9999.000,9999.000,9999.000,9999.000
202604141618,   9.490,   9.977,9999.000,9999.000,9999.000,9999.000,9999.000,9999.000,9999.000
202604141624,   9.092,   9.577,9999.000,9999.000,9999.000,9999.000,9999.000,9999.000,9999.000
202604141630,   8.695,   9.167,9999.000,9999.000,9999.000,9999.000,9999.000,9999.000,9999.000
202604141636,   8.298,   8.787,9999.000,9999.000,9999.000,9999.000,9999.000,9999.000,9999.000
202604141642,   7.901,   8.396,9999.000,9999.000,9999.000,9999.000,9999.000,9999.000,9999.000
202604141648,   7.506,   8.049,9999.000,9999.000,9999.000,9999.000,9999.000,9999.000,9999.000
202604141654,   7.114,   7.668,9999.000,9999.000,9999.000,9999.000,9999.000,9999.000,9999.000
202604141700,   6.724,   7.317,   0.200,   0.393,   7.317,   0.100,   7.217,   0.300,   7.417
202604141706,   6.338,   6.956,9999.000,9999.000,9999.000,9999.000,9999.000,9999.000,9999.000
202604141712,   5.957,   6.569,9999.000,9999.000,9999.000,9999.000,9999.000,9999.000,9999.000
202604141718,   5.581,   6.189,9999.000,9999.000,9999.000,9999.000,9999.000,9999.000,9999.000
202604141724,   5.212,   5.818,9999.000,9999.000,9999.000,9999.000,9999.000,9999.000,9999.000
202604141730,   4.850,   5.448,9999.000,9999.000,9999.000,9999.000,9999.000,9999.000,9999.000
202604141736,   4.497,   5.097,9999.000,9999.000,9999.000,9999.000,9999.000,9999.000,9999.000
202604141742,   4.153,   4.778,9999.000,9999.000,9999.000,9999.000,9999.000,9999.000,9999.000
202604141748,   3.819,   4.480,9999.000,9999.000,9999.000,9999.000,9999.000,9999.000,9999.000
202604141754,   3.498,   4.139,9999.000,9999.000,9999.000,9999.000,9999.000,9999.000,9999.000
202604141800,   3.190,   3.808,   0.300,   0.318,   3.808,   0.200,   3.708,   0.400,   3.908
202604141806,   2.896,   3.460,9999.000,9999.000,9999.000,9999.000,9999.000,9999.000,9999.000
202604141812,   2.617,   3.158,9999.000,9999.000,9999.000,9999.000,9999.000,9999.000,9999.000
202604141818,   2.355,   2.860,9999.000,9999.000,9999.000,9999.000,9999.000,9999.000,9999.000
202604141824,   2.111,   2.587,9999.000,9999.000,9999.000,9999.000,9999.000,9999.000,9999.000
202604141830,   1.886,   2.348,9999.000,9999.000,9999.000,9999.000,9999.000,9999.000,9999.000
202604141836,   1.681,   2.148,9999.000,9999.000,9999.000,9999.000,9999.000,9999.000,9999.000
202604141842,   1.497,   1.948,9999.000,9999.000,9999.000,9999.000,9999.000,9999.000,9999.000
202604141848,   1.336,   1.748,9999.000,9999.000,9999.000,9999.000,9999.000,9999.000,9999.000
202604141854,   1.198,   1.557,9999.000,9999.000,9999.000,9999.000,9999.000,9999.000,9999.000
202604141900,   1.084,   1.410,   0.300,   0.026,   1.410,   0.200,   1.310,   0.400,   1.510
202604141906,   0.994,   1.279,9999.000,9999.000,9999.000,9999.000,9999.000,9999.000,9999.000
202604141912,   0.929,   1.180,9999.000,9999.000,9999.000,9999.000,9999.000,9999.000,9999.000
202604141918,   0.890,   1.098,9999.000,9999.000,9999.000,9999.000,9999.000,9999.000,9999.000
202604141924,   0.877,   1.069,9999.000,9999.000,9999.000,9999.000,9999.000,9999.000,9999.000
202604141930,   0.890,   1.029,9999.000,9999.000,9999.000,9999.000,9999.000,9999.000,9999.000
202604141936,   0.929,   1.039,9999.000,9999.000,9999.000,9999.000,9999.000,9999.000,9999.000
202604141942,   0.993,   1.098,9999.000,9999.000,9999.000,9999.000,9999.000,9999.000,9999.000
202604141948,   1.083,   1.180,9999.000,9999.000,9999.000,9999.000,9999.000,9999.000,9999.000
202604141954,   1.198,   1.298,9999.000,9999.000,9999.000,9999.000,9999.000,9999.000,9999.000
202604142000,   1.337,   1.430,   0.400,  -0.307,   1.430,   0.300,   1.330,   0.400,   1.430
202604142006,   1.500,   1.610,9999.000,9999.000,9999.000,9999.000,9999.000,9999.000,9999.000
202604142012,   1.686,   1.800,9999.000,9999.000,9999.000,9999.000,9999.000,9999.000,9999.000
202604142018,   1.894,   2.030,9999.000,9999.000,9999.000,9999.000,9999.000,9999.000,9999.000
202604142024,   2.123,   2.250,9999.000,9999.000,9999.000,9999.000,9999.000,9999.000,9999.000
202604142030,   2.371,   2.499,9999.000,9999.000,9999.000,9999.000,9999.000,9999.000,9999.000
202604142036,   2.639,   2.778,9999.000,9999.000,9999.000,9999.000,9999.000,9999.000,9999.000
202604142042,   2.923,   3.050,9999.000,9999.000,9999.000,9999.000,9999.000,9999.000,9999.000
202604142048,   3.225,   3.358,9999.000,9999.000,9999.000,9999.000,9999.000,9999.000,9999.000
202604142054,   3.541,   3.670,9999.000,9999.000,9999.000,9999.000,9999.000,9999.000,9999.000
202604142100,   3.872,   3.988,   0.400,  -0.284,   3.988,   0.400,   3.988,   0.500,   4.088
202604142106,   4.215,   4.329,9999.000,9999.000,9999.000,9999.000,9999.000,9999.000,9999.000
202604142112,   4.570,   4.657,9999.000,9999.000,9999.000,9999.000,9999.000,9999.000,9999.000
202604142118,   4.936,   4.998,9999.000,9999.000,9999.000,9999.000,9999.000,9999.000,9999.000
202604142124,   5.312,   5.359,9999.000,9999.000,9999.000,9999.000,9999.000,9999.000,9999.000
202604142130,   5.697,   5.739,9999.000,9999.000,9999.000,9999.000,9999.000,9999.000,9999.000
202604142136,   6.089,   6.107,9999.000,9999.000,9999.000,9999.000,9999.000,9999.000,9999.000
202604142142,   6.489,   6.537,9999.000,9999.000,9999.000,9999.000,9999.000,9999.000,9999.000
202604142148,   6.894,   6.979,9999.000,9999.000,9999.000,9999.000,9999.000,9999.000,9999.000
202604142154,   7.306,   7.419,9999.000,9999.000,9999.000,9999.000,9999.000,9999.000,9999.000
202604142200,   7.721,   7.849,   0.500,  -0.372,   7.849,   0.400,   7.749,   0.500,   7.849
202604142206,   8.141,   8.288,9999.000,9999.000,9999.000,9999.000,9999.000,9999.000,9999.000
202604142212,   8.565,   8.718,9999.000,9999.000,9999.000,9999.000,9999.000,9999.000,9999.000
202604142218,   8.991,   9.118,9999.000,9999.000,9999.000,9999.000,9999.000,9999.000,9999.000
202604142224,   9.419,   9.518,9999.000,9999.000,9999.000,9999.000,9999.000,9999.000,9999.000
202604142230,   9.848,   9.938,9999.000,9999.000,9999.000,9999.000,9999.000,9999.000,9999.000
202604142236,  10.278,  10.328,9999.000,9999.000,9999.000,9999.000,9999.000,9999.000,9999.000
202604142242,  10.707,  10.758,9999.000,9999.000,9999.000,9999.000,9999.000,9999.000,9999.000
202604142248,  11.136,  11.207,9999.000,9999.000,9999.000,9999.000,9999.000,9999.000,9999.000
202604142254,  11.563,  11.637,9999.000,9999.000,9999.000,9999.000,9999.000,9999.000,9999.000
202604142300,  11.988,  12.106,   0.500,  -0.382,  12.106,   0.500,  12.106,   0.600,  12.206
202604142306,  12.408,  12.545,9999.000,9999.000,9999.000,9999.000,9999.000,9999.000,9999.000
202604142312,  12.824,  12.955,9999.000,9999.000,9999.000,9999.000,9999.000,9999.000,9999.000
202604142318,  13.234,  13.365,9999.000,9999.000,9999.000,9999.000,9999.000,9999.000,9999.000
202604142324,  13.638,  13.785,9999.000,9999.000,9999.000,9999.000,9999.000,9999.000,9999.000
202604142330,  14.033,  14.205,9999.000,9999.000,9999.000,9999.000,9999.000,9999.000,9999.000
202604142336,  14.419,  14.605,9999.000,9999.000,9999.000,9999.000,9999.000,9999.000,9999.000
202604142342,  14.794,  15.005,9999.000,9999.000,9999.000,9999.000,9999.000,9999.000,9999.000
202604142348,  15.158,  15.406,9999.000,9999.000,9999.000,9999.000,9999.000,9999.000,9999.000
202604142354,  15.508,  15.776,9999.000,9999.000,9999.000,9999.000,9999.000,9999.000,9999.000
202604150000,  15.844,  16.114,   0.600,  -0.330,  16.114,   0.600,  16.114,   0.600,  16.114
202604150006,  16.163,  16.455,9999.000,9999.000,9999.000,9999.000,9999.000,9999.000,9999.000
202604150012,  16.466,  16.796,9999.000,9999.000,9999.000,9999.000,9999.000,9999.000,9999.000
202604150018,  16.751,  17.115,9999.000,9999.000,9999.000,9999.000,9999.000,9999.000,9999.000
202604150024,  17.017,  17.426,9999.000,9999.000,9999.000,9999.000,9999.000,9999.000,9999.000
202604150030,  17.261,  17.715,9999.000,9999.000,9999.000,9999.000,9999.000,9999.000,9999.000
202604150036,  17.485,  17.954,9999.000,9999.000,9999.000,9999.000,9999.000,9999.000,9999.000
202604150042,  17.686,  18.164,9999.000,9999.000,9999.000,9999.000,9999.000,9999.000,9999.000
202604150048,  17.865,  18.354,9999.000,9999.000,9999.000,9999.000,9999.000,9999.000,9999.000
202604150054,  18.019,  18.535,9999.000,9999.000,9999.000,9999.000,9999.000,9999.000,9999.000
202604150100,  18.149,  18.686,   0.600,  -0.063,  18.686,   0.600,  18.686,   0.700,  18.786
202604150106,  18.255,  18.794,9999.000,9999.000,9999.000,9999.000,9999.000,9999.000,9999.000
202604150112,  18.336,  18.896,9999.000,9999.000,9999.000,9999.000,9999.000,9999.000,9999.000
202604150118,  18.392,  18.964,9999.000,9999.000,9999.000,9999.000,9999.000,9999.000,9999.000
202604150124,  18.422,  19.004,9999.000,9999.000,9999.000,9999.000,9999.000,9999.000,9999.000
202604150130,  18.428,  19.043,9999.000,9999.000,9999.000,9999.000,9999.000,9999.000,9999.000
202604150136,  18.409,  19.043,9999.000,9999.000,9999.000,9999.000,9999.000,9999.000,9999.000
202604150142,  18.365,  19.004,9999.000,9999.000,9999.000,9999.000,9999.000,9999.000,9999.000
202604150148,  18.298,  18.974,9999.000,9999.000,9999.000,9999.000,9999.000,9999.000,9999.000
202604150154,  18.207,  18.896,9999.000,9999.000,9999.000,9999.000,9999.000,9999.000,9999.000
202604150200,  18.093,  18.755,   0.700,  -0.038,  18.755,   0.600,  18.655,   0.700,  18.755
202604150206,  17.957,  18.623,9999.000,9999.000,9999.000,9999.000,9999.000,9999.000,9999.000
202604150212,  17.800,  18.476,9999.000,9999.000,9999.000,9999.000,9999.000,9999.000,9999.000
202604150218,  17.622,  18.285,9999.000,9999.000,9999.000,9999.000,9999.000,9999.000,9999.000
202604150224,  17.424,  18.076,9999.000,9999.000,9999.000,9999.000,9999.000,9999.000,9999.000
202604150230,  17.208,  17.875,9999.000,9999.000,9999.000,9999.000,9999.000,9999.000,9999.000
202604150236,  16.973,  17.636,9999.000,9999.000,9999.000,9999.000,9999.000,9999.000,9999.000
202604150242,  16.722,  17.406,9999.000,9999.000,9999.000,9999.000,9999.000,9999.000,9999.000
202604150248,  16.455,  17.187,9999.000,9999.000,9999.000,9999.000,9999.000,9999.000,9999.000
202604150254,  16.173,  16.944,9999.000,9999.000,9999.000,9999.000,9999.000,9999.000,9999.000
202604150300,  15.877,  16.685,   0.700,   0.108,  16.685,   0.600,  16.585,   0.800,  16.785
202604150306,  15.567,  16.406,9999.000,9999.000,9999.000,9999.000,9999.000,9999.000,9999.000
202604150312,  15.246,  16.085,9999.000,9999.000,9999.000,9999.000,9999.000,9999.000,9999.000
202604150318,  14.913,  15.747,9999.000,9999.000,9999.000,9999.000,9999.000,9999.000,9999.000
202604150324,  14.570,  15.425,9999.000,9999.000,9999.000,9999.000,9999.000,9999.000,9999.000
202604150330,  14.217,  15.084,9999.000,9999.000,9999.000,9999.000,9999.000,9999.000,9999.000
202604150336,  13.856,  14.727,9999.000,9999.000,9999.000,9999.000,9999.000,9999.000,9999.000
202604150342,  13.486,  14.386,9999.000,9999.000,9999.000,9999.000,9999.000,9999.000,9999.000
202604150348,  13.110,  14.044,9999.000,9999.000,9999.000,9999.000,9999.000,9999.000,9999.000
202604150354,  12.727,  13.648,9999.000,9999.000,9999.000,9999.000,9999.000,9999.000,9999.000
202604150400,  12.338,  13.247,   0.700,   0.209,  13.247,   0.700,  13.247,   0.800,  13.347
202604150406,  11.944,  12.847,9999.000,9999.000,9999.000,9999.000,9999.000,9999.000,9999.000
202604150412,  11.546,  12.467,9999.000,9999.000,9999.000,9999.000,9999.000,9999.000,9999.000
202604150418,  11.144,  12.096,9999.000,9999.000,9999.000,9999.000,9999.000,9999.000,9999.000
202604150424,  10.739,  11.735,9999.000,9999.000,9999.000,9999.000,9999.000,9999.000,9999.000
202604150430,  10.332,  11.335,9999.000,9999.000,9999.000,9999.000,9999.000,9999.000,9999.000
202604150436,   9.922,  10.938,9999.000,9999.000,9999.000,9999.000,9999.000,9999.000,9999.000
202604150442,   9.511,  10.515,9999.000,9999.000,9999.000,9999.000,9999.000,9999.000,9999.000
202604150448,   9.099,  10.158,9999.000,9999.000,9999.000,9999.000,9999.000,9999.000,9999.000
202604150454,   8.687,   9.748,9999.000,9999.000,9999.000,9999.000,9999.000,9999.000,9999.000
202604150500,   8.276,   9.357,   0.800,   0.281,   9.357,   0.700,   9.257,   0.800,   9.357
202604150506,   7.866,   8.967,9999.000,9999.000,9999.000,9999.000,9999.000,9999.000,9999.000
202604150512,   7.457,   8.567,9999.000,9999.000,9999.000,9999.000,9999.000,9999.000,9999.000
202604150518,   7.051,   8.177,9999.000,9999.000,9999.000,9999.000,9999.000,9999.000,9999.000
202604150524,   6.648,   7.786,9999.000,9999.000,9999.000,9999.000,9999.000,9999.000,9999.000
202604150530,   6.250,   7.409,9999.000,9999.000,9999.000,9999.000,9999.000,9999.000,9999.000
202604150536,   5.856,   7.038,9999.000,9999.000,9999.000,9999.000,9999.000,9999.000,9999.000
202604150542,   5.468,   6.678,9999.000,9999.000,9999.000,9999.000,9999.000,9999.000,9999.000
202604150548,   5.086,   6.297,9999.000,9999.000,9999.000,9999.000,9999.000,9999.000,9999.000
202604150554,   4.712,   5.907,9999.000,9999.000,9999.000,9999.000,9999.000,9999.000,9999.000
202604150600,   4.347,   5.477,   0.600,   0.530,   5.477,   0.600,   5.477,   0.700,   5.577
202604150606,   3.992,   5.077,9999.000,9999.000,9999.000,9999.000,9999.000,9999.000,9999.000
202604150612,   3.648,   4.739,9999.000,9999.000,9999.000,9999.000,9999.000,9999.000,9999.000
202604150618,   3.316,   4.427,9999.000,9999.000,9999.000,9999.000,9999.000,9999.000,9999.000
202604150624,   2.997,   4.119,9999.000,9999.000,9999.000,9999.000,9999.000,9999.000,9999.000
202604150630,   2.693,   3.817,9999.000,9999.000,9999.000,9999.000,9999.000,9999.000,9999.000
202604150636,   2.405,   3.499,9999.000,9999.000,9999.000,9999.000,9999.000,9999.000,9999.000
202604150642,   2.134,   3.178,9999.000,9999.000,9999.000,9999.000,9999.000,9999.000,9999.000
202604150648,   1.881,   2.840,9999.000,9999.000,9999.000,9999.000,9999.000,9999.000,9999.000
202604150654,   1.648,   2.568,9999.000,9999.000,9999.000,9999.000,9999.000,9999.000,9999.000
202604150700,   1.435,   2.328,   0.600,   0.293,   2.328,   0.600,   2.328,   0.700,   2.428
202604150706,   1.244,   2.118,9999.000,9999.000,9999.000,9999.000,9999.000,9999.000,9999.000
202604150712,   1.076,   1.981,9999.000,9999.000,9999.000,9999.000,9999.000,9999.000,9999.000
202604150718,   0.931,   1.820,9999.000,9999.000,9999.000,9999.000,9999.000,9999.000,9999.000
202604150724,   0.812,   1.679,9999.000,9999.000,9999.000,9999.000,9999.000,9999.000,9999.000
202604150730,   0.717,   1.538,9999.000,9999.000,9999.000,9999.000,9999.000,9999.000,9999.000
202604150736,   0.649,   1.420,9999.000,9999.000,9999.000,9999.000,9999.000,9999.000,9999.000
202604150742,   0.606,   1.371,9999.000,9999.000,9999.000,9999.000,9999.000,9999.000,9999.000
202604150748,   0.591,   1.361,9999.000,9999.000,9999.000,9999.000,9999.000,9999.000,9999.000
202604150754,   0.602,   1.380,9999.000,9999.000,9999.000,9999.000,9999.000,9999.000,9999.000
202604150800,   0.640,   1.410,   0.600,   0.170,   1.410,   0.600,   1.410,   0.700,   1.510
202604150806,   0.706,   1.459,9999.000,9999.000,9999.000,9999.000,9999.000,9999.000,9999.000
202604150812,   0.797,   1.538,9999.000,9999.000,9999.000,9999.000,9999.000,9999.000,9999.000
202604150818,   0.915,   1.639,9999.000,9999.000,9999.000,9999.000,9999.000,9999.000,9999.000
202604150824,   1.058,   1.800,9999.000,9999.000,9999.000,9999.000,9999.000,9999.000,9999.000
202604150830,   1.226,   2.020,9999.000,9999.000,9999.000,9999.000,9999.000,9999.000,9999.000
202604150836,   1.418,   2.259,9999.000,9999.000,9999.000,9999.000,9999.000,9999.000,9999.000
202604150842,   1.633,   2.459,9999.000,9999.000,9999.000,9999.000,9999.000,9999.000,9999.000
202604150848,   1.870,   2.709,9999.000,9999.000,9999.000,9999.000,9999.000,9999.000,9999.000
202604150854,   2.128,   2.948,9999.000,9999.000,9999.000,9999.000,9999.000,9999.000,9999.000
202604150900,   2.406,   3.217,   0.600,   0.211,   3.217,   0.600,   3.217,   0.700,   3.317
202604150906,   2.703,   3.499,9999.000,9999.000,9999.000,9999.000,9999.000,9999.000,9999.000
202604150912,   3.017,   3.798,9999.000,9999.000,9999.000,9999.000,9999.000,9999.000,9999.000
202604150918,   3.347,   4.119,9999.000,9999.000,9999.000,9999.000,9999.000,9999.000,9999.000
202604150924,   3.693,   4.457,9999.000,9999.000,9999.000,9999.000,9999.000,9999.000,9999.000
202604150930,   4.053,   4.798,9999.000,9999.000,9999.000,9999.000,9999.000,9999.000,9999.000
202604150936,   4.425,   5.139,9999.000,9999.000,9999.000,9999.000,9999.000,9999.000,9999.000
202604150942,   4.809,   5.507,9999.000,9999.000,9999.000,9999.000,9999.000,9999.000,9999.000
202604150948,   5.203,   5.867,9999.000,9999.000,9999.000,9999.000,9999.000,9999.000,9999.000
202604150954,   5.607,   6.268,9999.000,9999.000,9999.000,9999.000,9999.000,9999.000,9999.000
202604151000,   6.019,   6.658,   0.600,   0.039,   6.658,   0.500,   6.558,   0.600,   6.658
202604151006,   6.439,   7.068,9999.000,9999.000,9999.000,9999.000,9999.000,9999.000,9999.000
202604151012,   6.865,   7.507,9999.000,9999.000,9999.000,9999.000,9999.000,9999.000,9999.000
202604151018,   7.297,   7.937,9999.000,9999.000,9999.000,9999.000,9999.000,9999.000,9999.000
202604151024,   7.735,   8.386,9999.000,9999.000,9999.000,9999.000,9999.000,9999.000,9999.000
202604151030,   8.176,   8.806,9999.000,9999.000,9999.000,9999.000,9999.000,9999.000,9999.000
202604151036,   8.621,   9.246,9999.000,9999.000,9999.000,9999.000,9999.000,9999.000,9999.000
202604151042,   9.069,   9.689,9999.000,9999.000,9999.000,9999.000,9999.000,9999.000,9999.000
202604151048,   9.519,  10.108,9999.000,9999.000,9999.000,9999.000,9999.000,9999.000,9999.000
202604151054,   9.970,  10.538,9999.000,9999.000,9999.000,9999.000,9999.000,9999.000,9999.000
202604151100,  10.421,  10.938,   0.500,   0.017,  10.938,   0.500,  10.938,   0.600,  11.038
202604151106,  10.872,  11.368,9999.000,9999.000,9999.000,9999.000,9999.000,9999.000,9999.000
202604151112,  11.322,  11.798,9999.000,9999.000,9999.000,9999.000,9999.000,9999.000,9999.000
202604151118,  11.769,  12.237,9999.000,9999.000,9999.000,9999.000,9999.000,9999.000,9999.000
202604151124,  12.214,  12.687,9999.000,9999.000,9999.000,9999.000,9999.000,9999.000,9999.000
202604151130,  12.654,  13.116,9999.000,9999.000,9999.000,9999.000,9999.000,9999.000,9999.000
202604151136,  13.089,  13.575,9999.000,9999.000,9999.000,9999.000,9999.000,9999.000,9999.000
202604151142,  13.518,  13.976,9999.000,9999.000,9999.000,9999.000,9999.000,9999.000,9999.000
202604151148,  13.940,  14.405,9999.000,9999.000,9999.000,9999.000,9999.000,9999.000,9999.000
202604151154,  14.352,  14.815,9999.000,9999.000,9999.000,9999.000,9999.000,9999.000,9999.000
202604151200,  14.755,  15.225,   0.500,  -0.030,  15.225,   0.400,  15.125,   0.500,  15.225
202604151206,  15.146,  15.616,9999.000,9999.000,9999.000,9999.000,9999.000,9999.000,9999.000
202604151212,  15.525,  16.006,9999.000,9999.000,9999.000,9999.000,9999.000,9999.000,9999.000
202604151218,  15.890,  16.367,9999.000,9999.000,9999.000,9999.000,9999.000,9999.000,9999.000
202604151224,  16.239,  16.734,9999.000,9999.000,9999.000,9999.000,9999.000,9999.000,9999.000
202604151230,  16.572,  17.095,9999.000,9999.000,9999.000,9999.000,9999.000,9999.000,9999.000
202604151236,  16.887,  17.416,9999.000,9999.000,9999.000,9999.000,9999.000,9999.000,9999.000
202604151242,  17.183,  17.725,9999.000,9999.000,9999.000,9999.000,9999.000,9999.000,9999.000
202604151248,  17.458,  18.003,9999.000,9999.000,9999.000,9999.000,9999.000,9999.000,9999.000
202604151254,  17.712,  18.246,9999.000,9999.000,9999.000,9999.000,9999.000,9999.000,9999.000
202604151300,  17.944,  18.515,   0.400,   0.171,  18.515,   0.400,  18.515,   0.500,  18.615
202604151306,  18.152,  18.725,9999.000,9999.000,9999.000,9999.000,9999.000,9999.000,9999.000
202604151312,  18.337,  18.935,9999.000,9999.000,9999.000,9999.000,9999.000,9999.000,9999.000
202604151318,  18.496,  19.125,9999.000,9999.000,9999.000,9999.000,9999.000,9999.000,9999.000
202604151324,  18.630,  19.286,9999.000,9999.000,9999.000,9999.000,9999.000,9999.000,9999.000
202604151330,  18.738,  19.374,9999.000,9999.000,9999.000,9999.000,9999.000,9999.000,9999.000
202604151336,  18.820,  19.476,9999.000,9999.000,9999.000,9999.000,9999.000,9999.000,9999.000
202604151342,  18.876,  19.506,9999.000,9999.000,9999.000,9999.000,9999.000,9999.000,9999.000
202604151348,  18.905,  19.535,9999.000,9999.000,9999.000,9999.000,9999.000,9999.000,9999.000
202604151354,  18.908,  19.545,9999.000,9999.000,9999.000,9999.000,9999.000,9999.000,9999.000
202604151400,  18.885,  19.525,   0.400,   0.240,  19.525,   0.400,  19.525,   0.400,  19.525
202604151406,  18.837,  19.476,9999.000,9999.000,9999.000,9999.000,9999.000,9999.000,9999.000
202604151412,  18.763,  19.404,9999.000,9999.000,9999.000,9999.000,9999.000,9999.000,9999.000
202604151418,  18.665,  19.286,9999.000,9999.000,9999.000,9999.000,9999.000,9999.000,9999.000
202604151424,  18.542,  19.135,9999.000,9999.000,9999.000,9999.000,9999.000,9999.000,9999.000
202604151430,  18.396,  18.945,9999.000,9999.000,9999.000,9999.000,9999.000,9999.000,9999.000
202604151436,  18.227,  18.735,9999.000,9999.000,9999.000,9999.000,9999.000,9999.000,9999.000
202604151442,  18.037,  18.554,9999.000,9999.000,9999.000,9999.000,9999.000,9999.000,9999.000
202604151448,  17.826,  18.325,9999.000,9999.000,9999.000,9999.000,9999.000,9999.000,9999.000
202604151454,  17.594,  18.115,9999.000,9999.000,9999.000,9999.000,9999.000,9999.000,9999.000
202604151500,  17.344,  17.875,   0.400,   0.131,  17.875,   0.400,  17.875,   0.400,  17.875
202604151506,  17.076,  17.626,9999.000,9999.000,9999.000,9999.000,9999.000,9999.000,9999.000
202604151512,  16.791,  17.354,9999.000,9999.000,9999.000,9999.000,9999.000,9999.000,9999.000
202604151518,  16.490,  17.036,9999.000,9999.000,9999.000,9999.000,9999.000,9999.000,9999.000
202604151524,  16.174,  16.724,9999.000,9999.000,9999.000,9999.000,9999.000,9999.000,9999.000
202604151530,  15.844,  16.406,9999.000,9999.000,9999.000,9999.000,9999.000,9999.000,9999.000
202604151536,  15.502,  16.085,9999.000,9999.000,9999.000,9999.000,9999.000,9999.000,9999.000
202604151542,  15.147,  15.747,9999.000,9999.000,9999.000,9999.000,9999.000,9999.000,9999.000
202604151548,  14.781,  15.415,9999.000,9999.000,9999.000,9999.000,9999.000,9999.000,9999.000
202604151554,  14.405,  15.045,9999.000,9999.000,9999.000,9999.000,9999.000,9999.000,9999.000
202604151600,  14.020,  14.635,   0.400,   0.215,  14.635,   0.400,  14.635,   0.400,  14.635
202604151606,  13.626,  14.245,9999.000,9999.000,9999.000,9999.000,9999.000,9999.000,9999.000
202604151612,  13.225,  13.825,9999.000,9999.000,9999.000,9999.000,9999.000,9999.000,9999.000
202604151618,  12.817,  13.438,9999.000,9999.000,9999.000,9999.000,9999.000,9999.000,9999.000
202604151624,  12.404,  13.005,9999.000,9999.000,9999.000,9999.000,9999.000,9999.000,9999.000
202604151630,  11.985,  12.595,9999.000,9999.000,9999.000,9999.000,9999.000,9999.000,9999.000
202604151636,  11.561,  12.155,9999.000,9999.000,9999.000,9999.000,9999.000,9999.000,9999.000
202604151642,  11.134,  11.716,9999.000,9999.000,9999.000,9999.000,9999.000,9999.000,9999.000
202604151648,  10.704,  11.296,9999.000,9999.000,9999.000,9999.000,9999.000,9999.000,9999.000
202604151654,  10.271,  10.846,9999.000,9999.000,9999.000,9999.000,9999.000,9999.000,9999.000
202604151700,   9.836,  10.436,   0.400,   0.200,  10.436,   0.400,  10.436,   0.500,  10.536
202604151706,   9.401,  10.017,9999.000,9999.000,9999.000,9999.000,9999.000,9999.000,9999.000
202604151712,   8.965,   9.636,9999.000,9999.000,9999.000,9999.000,9999.000,9999.000,9999.000
202604151718,   8.529,   9.226,9999.000,9999.000,9999.000,9999.000,9999.000,9999.000,9999.000
202604151724,   8.094,   8.816,9999.000,9999.000,9999.000,9999.000,9999.000,9999.000,9999.000
202604151730,   7.661,   8.377,9999.000,9999.000,9999.000,9999.000,9999.000,9999.000,9999.000
202604151736,   7.230,   7.947,9999.000,9999.000,9999.000,9999.000,9999.000,9999.000,9999.000
202604151742,   6.802,   7.507,9999.000,9999.000,9999.000,9999.000,9999.000,9999.000,9999.000
202604151748,   6.377,   7.097,9999.000,9999.000,9999.000,9999.000,9999.000,9999.000,9999.000
202604151754,   5.958,   6.697,9999.000,9999.000,9999.000,9999.000,9999.000,9999.000,9999.000
202604151800,   5.544,   6.287,   0.500,   0.243,   6.287,   0.400,   6.187,   0.600,   6.387
202604151806,   5.137,   5.877,9999.000,9999.000,9999.000,9999.000,9999.000,9999.000,9999.000
202604151812,   4.737,   5.507,9999.000,9999.000,9999.000,9999.000,9999.000,9999.000,9999.000
202604151818,   4.345,   5.097,9999.000,9999.000,9999.000,9999.000,9999.000,9999.000,9999.000
202604151824,   3.964,   4.690,9999.000,9999.000,9999.000,9999.000,9999.000,9999.000,9999.000
202604151830,   3.593,   4.267,9999.000,9999.000,9999.000,9999.000,9999.000,9999.000,9999.000
202604151836,   3.234,   3.880,9999.000,9999.000,9999.000,9999.000,9999.000,9999.000,9999.000
202604151842,   2.888,   3.529,9999.000,9999.000,9999.000,9999.000,9999.000,9999.000,9999.000
202604151848,   2.556,   3.217,9999.000,9999.000,9999.000,9999.000,9999.000,9999.000,9999.000
202604151854,   2.240,   2.889,9999.000,9999.000,9999.000,9999.000,9999.000,9999.000,9999.000
202604151900,   1.941,   2.597,   0.500,   0.156,   2.597,   0.400,   2.497,   0.600,   2.697
202604151906,   1.661,   2.289,9999.000,9999.000,9999.000,9999.000,9999.000,9999.000,9999.000
202604151912,   1.399,   1.967,9999.000,9999.000,9999.000,9999.000,9999.000,9999.000,9999.000
202604151918,   1.159,   1.679,9999.000,9999.000,9999.000,9999.000,9999.000,9999.000,9999.000
202604151924,   0.941,   1.380,9999.000,9999.000,9999.000,9999.000,9999.000,9999.000,9999.000
202604151930,   0.745,   1.161,9999.000,9999.000,9999.000,9999.000,9999.000,9999.000,9999.000
202604151936,   0.574,   0.990,9999.000,9999.000,9999.000,9999.000,9999.000,9999.000,9999.000
202604151942,   0.428,   0.859,9999.000,9999.000,9999.000,9999.000,9999.000,9999.000,9999.000
202604151948,   0.309,   0.760,9999.000,9999.000,9999.000,9999.000,9999.000,9999.000,9999.000
202604151954,   0.216,   0.649,9999.000,9999.000,9999.000,9999.000,9999.000,9999.000,9999.000
202604152000,   0.150,   0.570,   0.500,  -0.080,   0.570,   0.500,   0.570,   0.600,   0.670
202604152006,   0.113,   0.498,9999.000,9999.000,9999.000,9999.000,9999.000,9999.000,9999.000
202604152012,   0.103,   0.449,9999.000,9999.000,9999.000,9999.000,9999.000,9999.000,9999.000
202604152018,   0.123,   0.439,9999.000,9999.000,9999.000,9999.000,9999.000,9999.000,9999.000
202604152024,   0.171,   0.469,9999.000,9999.000,9999.000,9999.000,9999.000,9999.000,9999.000
202604152030,   0.247,   0.551,9999.000,9999.000,9999.000,9999.000,9999.000,9999.000,9999.000
202604152036,   0.351,   0.688,9999.000,9999.000,9999.000,9999.000,9999.000,9999.000,9999.000
202604152042,   0.484,   0.859,9999.000,9999.000,9999.000,9999.000,9999.000,9999.000,9999.000
202604152048,   0.643,   1.020,9999.000,9999.000,9999.000,9999.000,9999.000,9999.000,9999.000
202604152054,   0.829,   1.249,9999.000,9999.000,9999.000,9999.000,9999.000,9999.000,9999.000
202604152100,   1.041,   1.469,   0.500,  -0.072,   1.469,   0.500,   1.469,   0.600,   1.569
202604152106,   1.277,   1.718,9999.000,9999.000,9999.000,9999.000,9999.000,9999.000,9999.000
202604152112,   1.537,   1.990,9999.000,9999.000,9999.000,9999.000,9999.000,9999.000,9999.000
202604152118,   1.819,   2.279,9999.000,9999.000,9999.000,9999.000,9999.000,9999.000,9999.000
202604152124,   2.122,   2.620,9999.000,9999.000,9999.000,9999.000,9999.000,9999.000,9999.000
202604152130,   2.446,   2.948,9999.000,9999.000,9999.000,9999.000,9999.000,9999.000,9999.000
202604152136,   2.788,   3.289,9999.000,9999.000,9999.000,9999.000,9999.000,9999.000,9999.000
202604152142,   3.148,   3.627,9999.000,9999.000,9999.000,9999.000,9999.000,9999.000,9999.000
202604152148,   3.524,   3.968,9999.000,9999.000,9999.000,9999.000,9999.000,9999.000,9999.000
202604152154,   3.914,   4.339,9999.000,9999.000,9999.000,9999.000,9999.000,9999.000,9999.000
202604152200,   4.318,   4.719,   0.600,  -0.199,   4.719,   0.500,   4.619,   0.600,   4.719
202604152206,   4.735,   5.129,9999.000,9999.000,9999.000,9999.000,9999.000,9999.000,9999.000
202604152212,   5.162,   5.559,9999.000,9999.000,9999.000,9999.000,9999.000,9999.000,9999.000
202604152218,   5.599,   6.008,9999.000,9999.000,9999.000,9999.000,9999.000,9999.000,9999.000
202604152224,   6.045,   6.468,9999.000,9999.000,9999.000,9999.000,9999.000,9999.000,9999.000
202604152230,   6.499,   6.947,9999.000,9999.000,9999.000,9999.000,9999.000,9999.000,9999.000
202604152236,   6.959,   7.399,9999.000,9999.000,9999.000,9999.000,9999.000,9999.000,9999.000
202604152242,   7.425,   7.888,9999.000,9999.000,9999.000,9999.000,9999.000,9999.000,9999.000
202604152248,   7.896,   8.347,9999.000,9999.000,9999.000,9999.000,9999.000,9999.000,9999.000
202604152254,   8.371,   8.826,9999.000,9999.000,9999.000,9999.000,9999.000,9999.000,9999.000
202604152300,   8.848,   9.288,   0.600,  -0.160,   9.288,   0.600,   9.288,   0.600,   9.288
202604152306,   9.328,   9.777,9999.000,9999.000,9999.000,9999.000,9999.000,9999.000,9999.000
202604152312,   9.809,  10.266,9999.000,9999.000,9999.000,9999.000,9999.000,9999.000,9999.000
202604152318,  10.291,  10.705,9999.000,9999.000,9999.000,9999.000,9999.000,9999.000,9999.000
202604152324,  10.772,  11.188,9999.000,9999.000,9999.000,9999.000,9999.000,9999.000,9999.000
202604152330,  11.252,  11.676,9999.000,9999.000,9999.000,9999.000,9999.000,9999.000,9999.000
202604152336,  11.729,  12.145,9999.000,9999.000,9999.000,9999.000,9999.000,9999.000,9999.000
202604152342,  12.204,  12.618,9999.000,9999.000,9999.000,9999.000,9999.000,9999.000,9999.000
202604152348,  12.674,  13.146,9999.000,9999.000,9999.000,9999.000,9999.000,9999.000,9999.000
202604152354,  13.138,  13.605,9999.000,9999.000,9999.000,9999.000,9999.000,9999.000,9999.000
202604160000,  13.596,  14.054,   0.600,  -0.142,  14.054,   0.500,  13.954,   0.600,  14.054
202604160006,  14.047,  14.497,9999.000,9999.000,9999.000,9999.000,9999.000,9999.000,9999.000
202604160012,  14.488,  14.937,9999.000,9999.000,9999.000,9999.000,9999.000,9999.000,9999.000
202604160018,  14.920,  15.396,9999.000,9999.000,9999.000,9999.000,9999.000,9999.000,9999.000
202604160024,  15.340,  15.835,9999.000,9999.000,9999.000,9999.000,9999.000,9999.000,9999.000
202604160030,  15.747,  16.265,9999.000,9999.000,9999.000,9999.000,9999.000,9999.000,9999.000
202604160036,  16.141,  16.655,9999.000,9999.000,9999.000,9999.000,9999.000,9999.000,9999.000
202604160042,  16.518,  17.065,9999.000,9999.000,9999.000,9999.000,9999.000,9999.000,9999.000
202604160048,  16.879,  17.416,9999.000,9999.000,9999.000,9999.000,9999.000,9999.000,9999.000
202604160054,  17.222,  17.774,9999.000,9999.000,9999.000,9999.000,9999.000,9999.000,9999.000
202604160100,  17.545,  18.164,   0.600,   0.019,  18.164,   0.600,  18.164,   0.600,  18.164
202604160106,  17.848,  18.486,9999.000,9999.000,9999.000,9999.000,9999.000,9999.000,9999.000
202604160112,  18.129,  18.804,9999.000,9999.000,9999.000,9999.000,9999.000,9999.000,9999.000
202604160118,  18.386,  19.053,9999.000,9999.000,9999.000,9999.000,9999.000,9999.000,9999.000
202604160124,  18.620,  19.345,9999.000,9999.000,9999.000,9999.000,9999.000,9999.000,9999.000
202604160130,  18.829,  19.565,9999.000,9999.000,9999.000,9999.000,9999.000,9999.000,9999.000
202604160136,  19.012,  19.745,9999.000,9999.000,9999.000,9999.000,9999.000,9999.000,9999.000
202604160142,  19.169,  19.883,9999.000,9999.000,9999.000,9999.000,9999.000,9999.000,9999.000
202604160148,  19.299,  20.024,9999.000,9999.000,9999.000,9999.000,9999.000,9999.000,9999.000
202604160154,  19.401,  20.155,9999.000,9999.000,9999.000,9999.000,9999.000,9999.000,9999.000
202604160200,  19.476,  20.204,   0.600,   0.128,  20.204,   0.600,  20.204,   0.700,  20.304
202604160206,  19.524,  20.293,9999.000,9999.000,9999.000,9999.000,9999.000,9999.000,9999.000
202604160212,  19.543,  20.326,9999.000,9999.000,9999.000,9999.000,9999.000,9999.000,9999.000
202604160218,  19.535,  20.335,9999.000,9999.000,9999.000,9999.000,9999.000,9999.000,9999.000
202604160224,  19.499,  20.293,9999.000,9999.000,9999.000,9999.000,9999.000,9999.000,9999.000
202604160230,  19.436,  20.204,9999.000,9999.000,9999.000,9999.000,9999.000,9999.000,9999.000
202604160236,  19.347,  20.106,9999.000,9999.000,9999.000,9999.000,9999.000,9999.000,9999.000
202604160242,  19.232,  19.965,9999.000,9999.000,9999.000,9999.000,9999.000,9999.000,9999.000
202604160248,  19.091,  19.814,9999.000,9999.000,9999.000,9999.000,9999.000,9999.000,9999.000
202604160254,  18.926,  19.643,9999.000,9999.000,9999.000,9999.000,9999.000,9999.000,9999.000
202604160300,  18.738,  19.453,   0.600,   0.115,  19.453,   0.600,  19.453,   0.700,  19.553
202604160306,  18.526,  19.224,9999.000,9999.000,9999.000,9999.000,9999.000,9999.000,9999.000
202604160312,  18.293,  18.955,9999.000,9999.000,9999.000,9999.000,9999.000,9999.000,9999.000
202604160318,  18.039,  18.695,9999.000,9999.000,9999.000,9999.000,9999.000,9999.000,9999.000
202604160324,  17.765,  18.436,9999.000,9999.000,9999.000,9999.000,9999.000,9999.000,9999.000
202604160330,  17.473,  18.184,9999.000,9999.000,9999.000,9999.000,9999.000,9999.000,9999.000
202604160336,  17.162,  17.935,9999.000,9999.000,9999.000,9999.000,9999.000,9999.000,9999.000
202604160342,  16.836,  17.646,9999.000,9999.000,9999.000,9999.000,9999.000,9999.000,9999.000
202604160348,  16.494,  17.315,9999.000,9999.000,9999.000,9999.000,9999.000,9999.000,9999.000
202604160354,  16.137,  16.944,9999.000,9999.000,9999.000,9999.000,9999.000,9999.000,9999.000
202604160400,  15.767,  16.554,   0.600,   0.187,  16.554,   0.600,  16.554,   0.700,  16.654
202604160406,  15.385,  16.186,9999.000,9999.000,9999.000,9999.000,9999.000,9999.000,9999.000
202604160412,  14.992,  15.796,9999.000,9999.000,9999.000,9999.000,9999.000,9999.000,9999.000
202604160418,  14.588,  15.406,9999.000,9999.000,9999.000,9999.000,9999.000,9999.000,9999.000
202604160424,  14.175,  14.986,9999.000,9999.000,9999.000,9999.000,9999.000,9999.000,9999.000
202604160430,  13.754,  14.586,9999.000,9999.000,9999.000,9999.000,9999.000,9999.000,9999.000
202604160436,  13.325,  14.107,9999.000,9999.000,9999.000,9999.000,9999.000,9999.000,9999.000
202604160442,  12.890,  13.687,9999.000,9999.000,9999.000,9999.000,9999.000,9999.000,9999.000
202604160448,  12.448,  13.267,9999.000,9999.000,9999.000,9999.000,9999.000,9999.000,9999.000
202604160454,  12.002,  12.837,9999.000,9999.000,9999.000,9999.000,9999.000,9999.000,9999.000
202604160500,  11.552,  12.418,   0.600,   0.266,  12.418,   0.600,  12.418,   0.700,  12.518
202604160506,  11.098,  11.965,9999.000,9999.000,9999.000,9999.000,9999.000,9999.000,9999.000
202604160512,  10.641,  11.516,9999.000,9999.000,9999.000,9999.000,9999.000,9999.000,9999.000
202604160518,  10.182,  11.066,9999.000,9999.000,9999.000,9999.000,9999.000,9999.000,9999.000
202604160524,   9.722,  10.607,9999.000,9999.000,9999.000,9999.000,9999.000,9999.000,9999.000
202604160530,   9.261,  10.138,9999.000,9999.000,9999.000,9999.000,9999.000,9999.000,9999.000
202604160536,   8.800,   9.718,9999.000,9999.000,9999.000,9999.000,9999.000,9999.000,9999.000
202604160542,   8.339,   9.265,9999.000,9999.000,9999.000,9999.000,9999.000,9999.000,9999.000
202604160548,   7.880,   8.846,9999.000,9999.000,9999.000,9999.000,9999.000,9999.000,9999.000
202604160554,   7.423,   8.396,9999.000,9999.000,9999.000,9999.000,9999.000,9999.000,9999.000
202604160600,   6.969,   7.976,   0.600,   0.407,   7.976,   0.500,   7.876,   0.600,   7.976
202604160606,   6.518,   7.557,9999.000,9999.000,9999.000,9999.000,9999.000,9999.000,9999.000
202604160612,   6.072,   7.117,9999.000,9999.000,9999.000,9999.000,9999.000,9999.000,9999.000
202604160618,   5.631,   6.668,9999.000,9999.000,9999.000,9999.000,9999.000,9999.000,9999.000
202604160624,   5.196,   6.238,9999.000,9999.000,9999.000,9999.000,9999.000,9999.000,9999.000
202604160630,   4.768,   5.828,9999.000,9999.000,9999.000,9999.000,9999.000,9999.000,9999.000
202604160636,   4.348,   5.398,9999.000,9999.000,9999.000,9999.000,9999.000,9999.000,9999.000
202604160642,   3.937,   4.979,9999.000,9999.000,9999.000,9999.000,9999.000,9999.000,9999.000
202604160648,   3.537,   4.569,9999.000,9999.000,9999.000,9999.000,9999.000,9999.000,9999.000
202604160654,   3.147,   4.119,9999.000,9999.000,9999.000,9999.000,9999.000,9999.000,9999.000
202604160700,   2.770,   3.680,   0.600,   0.310,   3.680,   0.500,   3.580,   0.600,   3.680
202604160706,   2.407,   3.279,9999.000,9999.000,9999.000,9999.000,9999.000,9999.000,9999.000
202604160712,   2.059,   2.948,9999.000,9999.000,9999.000,9999.000,9999.000,9999.000,9999.000
202604160718,   1.727,   2.558,9999.000,9999.000,9999.000,9999.000,9999.000,9999.000,9999.000
202604160724,   1.413,   2.210,9999.000,9999.000,9999.000,9999.000,9999.000,9999.000,9999.000
202604160730,   1.118,   1.938,9999.000,9999.000,9999.000,9999.000,9999.000,9999.000,9999.000
202604160736,   0.843,   1.649,9999.000,9999.000,9999.000,9999.000,9999.000,9999.000,9999.000
202604160742,   0.589,   1.348,9999.000,9999.000,9999.000,9999.000,9999.000,9999.000,9999.000
202604160748,   0.358,   1.088,9999.000,9999.000,9999.000,9999.000,9999.000,9999.000,9999.000
202604160754,   0.151,   0.869,9999.000,9999.000,9999.000,9999.000,9999.000,9999.000,9999.000
202604160800,  -0.030,   0.659,   0.600,   0.089,   0.659,   0.500,   0.559,   0.600,   0.659
202604160806,  -0.185,   0.488,9999.000,9999.000,9999.000,9999.000,9999.000,9999.000,9999.000
202604160812,  -0.314,   0.360,9999.000,9999.000,9999.000,9999.000,9999.000,9999.000,9999.000
202604160818,  -0.415,   0.268,9999.000,9999.000,9999.000,9999.000,9999.000,9999.000,9999.000
202604160824,  -0.488,   0.190,9999.000,9999.000,9999.000,9999.000,9999.000,9999.000,9999.000
202604160830,  -0.531,   0.160,9999.000,9999.000,9999.000,9999.000,9999.000,9999.000,9999.000
202604160836,  -0.545,   0.111,9999.000,9999.000,9999.000,9999.000,9999.000,9999.000,9999.000
202604160842,  -0.530,   0.141,9999.000,9999.000,9999.000,9999.000,9999.000,9999.000,9999.000
202604160848,  -0.485,   0.170,9999.000,9999.000,9999.000,9999.000,9999.000,9999.000,9999.000
202604160854,  -0.410,   0.259,9999.000,9999.000,9999.000,9999.000,9999.000,9999.000,9999.000
202604160900,  -0.306,   0.390,   0.600,   0.096,   0.390,   0.500,   0.290,   0.600,   0.390
202604160906,  -0.173,   0.560,9999.000,9999.000,9999.000,9999.000,9999.000,9999.000,9999.000
202604160912,  -0.011,   0.780,9999.000,9999.000,9999.000,9999.000,9999.000,9999.000,9999.000
202604160918,   0.177,   1.020,9999.000,9999.000,9999.000,9999.000,9999.000,9999.000,9999.000
202604160924,   0.393,   1.249,9999.000,9999.000,9999.000,9999.000,9999.000,9999.000,9999.000
202604160930,   0.635,   1.479,9999.000,9999.000,9999.000,9999.000,9999.000,9999.000,9999.000
202604160936,   0.902,   1.738,9999.000,9999.000,9999.000,9999.000,9999.000,9999.000,9999.000
202604160942,   1.192,   2.020,9999.000,9999.000,9999.000,9999.000,9999.000,9999.000,9999.000
202604160948,   1.505,   2.348,9999.000,9999.000,9999.000,9999.000,9999.000,9999.000,9999.000
202604160954,   1.839,   2.719,9999.000,9999.000,9999.000,9999.000,9999.000,9999.000,9999.000
202604161000,   2.193,   3.089,   0.600,   0.296,   3.089,   0.500,   2.989,   0.600,   3.089
202604161006,   2.565,   3.460,9999.000,9999.000,9999.000,9999.000,9999.000,9999.000,9999.000
202604161012,   2.954,   3.847,9999.000,9999.000,9999.000,9999.000,9999.000,9999.000,9999.000
202604161018,   3.359,   4.188,9999.000,9999.000,9999.000,9999.000,9999.000,9999.000,9999.000
202604161024,   3.779,   4.539,9999.000,9999.000,9999.000,9999.000,9999.000,9999.000,9999.000
202604161030,   4.211,   4.910,9999.000,9999.000,9999.000,9999.000,9999.000,9999.000,9999.000
202604161036,   4.655,   5.287,9999.000,9999.000,9999.000,9999.000,9999.000,9999.000,9999.000
202604161042,   5.109,   5.749,9999.000,9999.000,9999.000,9999.000,9999.000,9999.000,9999.000
202604161048,   5.573,   6.238,9999.000,9999.000,9999.000,9999.000,9999.000,9999.000,9999.000
202604161054,   6.045,   6.717,9999.000,9999.000,9999.000,9999.000,9999.000,9999.000,9999.000
202604161100,   6.524,   7.238,   0.600,   0.114,   7.238,   0.600,   7.238,   0.600,   7.238
202604161106,   7.009,   7.737,9999.000,9999.000,9999.000,9999.000,9999.000,9999.000,9999.000
202604161112,   7.499,   8.196,9999.000,9999.000,9999.000,9999.000,9999.000,9999.000,9999.000
202604161118,   7.993,   8.649,9999.000,9999.000,9999.000,9999.000,9999.000,9999.000,9999.000
202604161124,   8.490,   9.098,9999.000,9999.000,9999.000,9999.000,9999.000,9999.000,9999.000
202604161130,   8.989,   9.567,9999.000,9999.000,9999.000,9999.000,9999.000,9999.000,9999.000
202604161136,   9.490,  10.056,9999.000,9999.000,9999.000,9999.000,9999.000,9999.000,9999.000
202604161142,   9.990,  10.538,9999.000,9999.000,9999.000,9999.000,9999.000,9999.000,9999.000
202604161148,  10.491,  11.027,9999.000,9999.000,9999.000,9999.000,9999.000,9999.000,9999.000
202604161154,  10.990,  11.486,9999.000,9999.000,9999.000,9999.000,9999.000,9999.000,9999.000
202604161200,  11.486,  11.955,   0.700,  -0.231,  11.955,   0.600,  11.855,   0.700,  11.955
202604161206,  11.979,  12.437,9999.000,9999.000,9999.000,9999.000,9999.000,9999.000,9999.000
202604161212,  12.467,  12.955,9999.000,9999.000,9999.000,9999.000,9999.000,9999.000,9999.000
202604161218,  12.950,  13.438,9999.000,9999.000,9999.000,9999.000,9999.000,9999.000,9999.000
202604161224,  13.426,  13.917,9999.000,9999.000,9999.000,9999.000,9999.000,9999.000,9999.000
202604161230,  13.894,  14.336,9999.000,9999.000,9999.000,9999.000,9999.000,9999.000,9999.000
202604161236,  14.352,  14.756,9999.000,9999.000,9999.000,9999.000,9999.000,9999.000,9999.000
202604161242,  14.800,  15.147,9999.000,9999.000,9999.000,9999.000,9999.000,9999.000,9999.000
202604161248,  15.236,  15.596,9999.000,9999.000,9999.000,9999.000,9999.000,9999.000,9999.000
202604161254,  15.659,  16.035,9999.000,9999.000,9999.000,9999.000,9999.000,9999.000,9999.000
202604161300,  16.067,  16.475,   0.700,  -0.292,  16.475,   0.600,  16.375,   0.700,  16.475
202604161306,  16.460,  16.895,9999.000,9999.000,9999.000,9999.000,9999.000,9999.000,9999.000
202604161312,  16.835,  17.226,9999.000,9999.000,9999.000,9999.000,9999.000,9999.000,9999.000
202604161318,  17.191,  17.544,9999.000,9999.000,9999.000,9999.000,9999.000,9999.000,9999.000
202604161324,  17.527,  17.836,9999.000,9999.000,9999.000,9999.000,9999.000,9999.000,9999.000
202604161330,  17.842,  18.194,9999.000,9999.000,9999.000,9999.000,9999.000,9999.000,9999.000
202604161336,  18.134,  18.525,9999.000,9999.000,9999.000,9999.000,9999.000,9999.000,9999.000
202604161342,  18.402,  18.866,9999.000,9999.000,9999.000,9999.000,9999.000,9999.000,9999.000
202604161348,  18.646,  19.135,9999.000,9999.000,9999.000,9999.000,9999.000,9999.000,9999.000
202604161354,  18.865,  19.365,9999.000,9999.000,9999.000,9999.000,9999.000,9999.000,9999.000
202604161400,  19.057,  19.565,   0.700,  -0.192,  19.565,   0.600,  19.465,   0.700,  19.565
202604161406,  19.221,  19.725,9999.000,9999.000,9999.000,9999.000,9999.000,9999.000,9999.000
202604161412,  19.358,  19.814,9999.000,9999.000,9999.000,9999.000,9999.000,9999.000,9999.000
202604161418,  19.467,  19.955,9999.000,9999.000,9999.000,9999.000,9999.000,9999.000,9999.000
202604161424,  19.548,  20.073,9999.000,9999.000,9999.000,9999.000,9999.000,9999.000,9999.000
202604161430,  19.600,  20.145,9999.000,9999.000,9999.000,9999.000,9999.000,9999.000,9999.000
202604161436,  19.623,  20.175,9999.000,9999.000,9999.000,9999.000,9999.000,9999.000,9999.000
202604161442,  19.618,  20.116,9999.000,9999.000,9999.000,9999.000,9999.000,9999.000,9999.000
202604161448,  19.585,  20.063,9999.000,9999.000,9999.000,9999.000,9999.000,9999.000,9999.000
202604161454,  19.524,  19.945,9999.000,9999.000,9999.000,9999.000,9999.000,9999.000,9999.000
202604161500,  19.435,  19.843,   0.700,  -0.292,  19.843,   0.600,  19.743,   0.700,  19.843
202604161506,  19.320,  19.706,9999.000,9999.000,9999.000,9999.000,9999.000,9999.000,9999.000
202604161512,  19.178,  19.555,9999.000,9999.000,9999.000,9999.000,9999.000,9999.000,9999.000
202604161518,  19.012,  19.394,9999.000,9999.000,9999.000,9999.000,9999.000,9999.000,9999.000
202604161524,  18.821,  19.184,9999.000,9999.000,9999.000,9999.000,9999.000,9999.000,9999.000
202604161530,  18.606,  18.955,9999.000,9999.000,9999.000,9999.000,9999.000,9999.000,9999.000
202604161536,  18.369,  18.705,9999.000,9999.000,9999.000,9999.000,9999.000,9999.000,9999.000
202604161542,  18.111,  18.436,9999.000,9999.000,9999.000,9999.000,9999.000,9999.000,9999.000
202604161548,  17.832,  18.144,9999.000,9999.000,9999.000,9999.000,9999.000,9999.000,9999.000
202604161554,  17.534,  17.866,9999.000,9999.000,9999.000,9999.000,9999.000,9999.000,9999.000
202604161600,  17.218,  17.544,   0.700,  -0.374,  17.544,   0.600,  17.444,   0.700,  17.544
202604161606,  16.885,  17.226,9999.000,9999.000,9999.000,9999.000,9999.000,9999.000,9999.000
202604161612,  16.536,  16.895,9999.000,9999.000,9999.000,9999.000,9999.000,9999.000,9999.000
202604161618,  16.172,  16.567,9999.000,9999.000,9999.000,9999.000,9999.000,9999.000,9999.000
202604161624,  15.795,  16.206,9999.000,9999.000,9999.000,9999.000,9999.000,9999.000,9999.000
202604161630,  15.405,  15.816,9999.000,9999.000,9999.000,9999.000,9999.000,9999.000,9999.000
202604161636,  15.004,  15.406,9999.000,9999.000,9999.000,9999.000,9999.000,9999.000,9999.000
202604161642,  14.593,  15.005,9999.000,9999.000,9999.000,9999.000,9999.000,9999.000,9999.000
202604161648,  14.172,  14.605,9999.000,9999.000,9999.000,9999.000,9999.000,9999.000,9999.000
202604161654,  13.742,  14.176,9999.000,9999.000,9999.000,9999.000,9999.000,9999.000,9999.000
202604161700,  13.305,  13.716,   0.700,  -0.289,  13.716,   0.700,  13.716,   0.700,  13.716
202604161706,  12.862,  13.306,9999.000,9999.000,9999.000,9999.000,9999.000,9999.000,9999.000
202604161712,  12.412,  12.887,9999.000,9999.000,9999.000,9999.000,9999.000,9999.000,9999.000
202604161718,  11.958,  12.447,9999.000,9999.000,9999.000,9999.000,9999.000,9999.000,9999.000
202604161724,  11.500,  11.988,9999.000,9999.000,9999.000,9999.000,9999.000,9999.000,9999.000
202604161730,  11.038,  11.555,9999.000,9999.000,9999.000,9999.000,9999.000,9999.000,9999.000
202604161736,  10.574,  11.106,9999.000,9999.000,9999.000,9999.000,9999.000,9999.000,9999.000
202604161742,  10.108,  10.656,9999.000,9999.000,9999.000,9999.000,9999.000,9999.000,9999.000
202604161748,   9.641,  10.236,9999.000,9999.000,9999.000,9999.000,9999.000,9999.000,9999.000
202604161754,   9.174,9999.000,9999.000,9999.000,9999.000,9999.000,9999.000,9999.000,9999.000
202604161800,   8.707,9999.000,   0.700,  -0.258,   9.149,   0.700,   9.149,   0.700,   9.149
202604161806,   8.241,9999.000,9999.000,9999.000,9999.000,9999.000,9999.000,9999.000,9999.000
202604161812,   7.776,9999.000,9999.000,9999.000,9999.000,9999.000,9999.000,9999.000,9999.000
202604161818,   7.315,9999.000,9999.000,9999.000,9999.000,9999.000,9999.000,9999.000,9999.000
202604161824,   6.856,9999.000,9999.000,9999.000,9999.000,9999.000,9999.000,9999.000,9999.000
202604161830,   6.402,9999.000,9999.000,9999.000,9999.000,9999.000,9999.000,9999.000,9999.000
202604161836,   5.953,9999.000,9999.000,9999.000,9999.000,9999.000,9999.000,9999.000,9999.000
202604161842,   5.509,9999.000,9999.000,9999.000,9999.000,9999.000,9999.000,9999.000,9999.000
202604161848,   5.072,9999.000,9999.000,9999.000,9999.000,9999.000,9999.000,9999.000,9999.000
202604161854,   4.643,9999.000,9999.000,9999.000,9999.000,9999.000,9999.000,9999.000,9999.000
202604161900,   4.222,9999.000,   0.700,  -0.228,   4.694,   0.700,   4.694,   0.700,   4.694
202604161906,   3.811,9999.000,9999.000,9999.000,9999.000,9999.000,9999.000,9999.000,9999.000
202604161912,   3.411,9999.000,9999.000,9999.000,9999.000,9999.000,9999.000,9999.000,9999.000
202604161918,   3.023,9999.000,9999.000,9999.000,9999.000,9999.000,9999.000,9999.000,9999.000
202604161924,   2.648,9999.000,9999.000,9999.000,9999.000,9999.000,9999.000,9999.000,9999.000
202604161930,   2.288,9999.000,9999.000,9999.000,9999.000,9999.000,9999.000,9999.000,9999.000
202604161936,   1.943,9999.000,9999.000,9999.000,9999.000,9999.000,9999.000,9999.000,9999.000
202604161942,   1.616,9999.000,9999.000,9999.000,9999.000,9999.000,9999.000,9999.000,9999.000
202604161948,   1.307,9999.000,9999.000,9999.000,9999.000,9999.000,9999.000,9999.000,9999.000
202604161954,   1.018,9999.000,9999.000,9999.000,9999.000,9999.000,9999.000,9999.000,9999.000
202604162000,   0.750,9999.000,   0.700,  -0.197,   1.253,   0.700,   1.253,   0.700,   1.253
202604162006,   0.504,9999.000,9999.000,9999.000,9999.000,9999.000,9999.000,9999.000,9999.000
202604162012,   0.283,9999.000,9999.000,9999.000,9999.000,9999.000,9999.000,9999.000,9999.000
202604162018,   0.086,9999.000,9999.000,9999.000,9999.000,9999.000,9999.000,9999.000,9999.000
202604162024,  -0.084,9999.000,9999.000,9999.000,9999.000,9999.000,9999.000,9999.000,9999.000
202604162030,  -0.228,9999.000,9999.000,9999.000,9999.000,9999.000,9999.000,9999.000,9999.000
202604162036,  -0.343,9999.000,9999.000,9999.000,9999.000,9999.000,9999.000,9999.000,9999.000
202604162042,  -0.430,9999.000,9999.000,9999.000,9999.000,9999.000,9999.000,9999.000,9999.000
202604162048,  -0.487,9999.000,9999.000,9999.000,9999.000,9999.000,9999.000,9999.000,9999.000
202604162054,  -0.514,9999.000,9999.000,9999.000,9999.000,9999.000,9999.000,9999.000,9999.000
202604162100,  -0.511,9999.000,   0.700,  -0.166,   0.023,   0.700,   0.023,   0.700,   0.023
202604162106,  -0.476,9999.000,9999.000,9999.000,9999.000,9999.000,9999.000,9999.000,9999.000
202604162112,  -0.411,9999.000,9999.000,9999.000,9999.000,9999.000,9999.000,9999.000,9999.000
202604162118,  -0.315,9999.000,9999.000,9999.000,9999.000,9999.000,9999.000,9999.000,9999.000
202604162124,  -0.189,9999.000,9999.000,9999.000,9999.000,9999.000,9999.000,9999.000,9999.000
202604162130,  -0.033,9999.000,9999.000,9999.000,9999.000,9999.000,9999.000,9999.000,9999.000
202604162136,   0.152,9999.000,9999.000,9999.000,9999.000,9999.000,9999.000,9999.000,9999.000
202604162142,   0.367,9999.000,9999.000,9999.000,9999.000,9999.000,9999.000,9999.000,9999.000
202604162148,   0.609,9999.000,9999.000,9999.000,9999.000,9999.000,9999.000,9999.000,9999.000
202604162154,   0.878,9999.000,9999.000,9999.000,9999.000,9999.000,9999.000,9999.000,9999.000
202604162200,   1.173,9999.000,   0.700,  -0.135,   1.738,   0.700,   1.738,   0.700,   1.738
202604162206,   1.492,9999.000,9999.000,9999.000,9999.000,9999.000,9999.000,9999.000,9999.000
202604162212,   1.834,9999.000,9999.000,9999.000,9999.000,9999.000,9999.000,9999.000,9999.000
202604162218,   2.198,9999.000,9999.000,9999.000,9999.000,9999.000,9999.000,9999.000,9999.000
202604162224,   2.582,9999.000,9999.000,9999.000,9999.000,9999.000,9999.000,9999.000,9999.000
202604162230,   2.986,9999.000,9999.000,9999.000,9999.000,9999.000,9999.000,9999.000,9999.000
202604162236,   3.406,9999.000,9999.000,9999.000,9999.000,9999.000,9999.000,9999.000,9999.000
202604162242,   3.843,9999.000,9999.000,9999.000,9999.000,9999.000,9999.000,9999.000,9999.000
202604162248,   4.293,9999.000,9999.000,9999.000,9999.000,9999.000,9999.000,9999.000,9999.000
202604162254,   4.757,9999.000,9999.000,9999.000,9999.000,9999.000,9999.000,9999.000,9999.000
202604162300,   5.233,9999.000,   0.700,  -0.105,   5.828,   0.700,   5.828,   0.700,   5.828
202604162306,   5.719,9999.000,9999.000,9999.000,9999.000,9999.000,9999.000,9999.000,9999.000
202604162312,   6.213,9999.000,9999.000,9999.000,9999.000,9999.000,9999.000,9999.000,9999.000
202604162318,   6.716,9999.000,9999.000,9999.000,9999.000,9999.000,9999.000,9999.000,9999.000
202604162324,   7.225,9999.000,9999.000,9999.000,9999.000,9999.000,9999.000,9999.000,9999.000
202604162330,   7.739,9999.000,9999.000,9999.000,9999.000,9999.000,9999.000,9999.000,9999.000
202604162336,   8.258,9999.000,9999.000,9999.000,9999.000,9999.000,9999.000,9999.000,9999.000
202604162342,   8.779,9999.000,9999.000,9999.000,9999.000,9999.000,9999.000,9999.000,9999.000
202604162348,   9.303,9999.000,9999.000,9999.000,9999.000,9999.000,9999.000,9999.000,9999.000
202604162354,   9.828,9999.000,9999.000,9999.000,9999.000,9999.000,9999.000,9999.000,9999.000
202604170000,  10.353,9999.000,   0.700,  -0.074,  10.979,   0.700,  10.979,   0.800,  11.079
202604170006,  10.878,9999.000,9999.000,9999.000,9999.000,9999.000,9999.000,9999.000,9999.000
202604170012,  11.400,9999.000,9999.000,9999.000,9999.000,9999.000,9999.000,9999.000,9999.000
202604170018,  11.920,9999.000,9999.000,9999.000,9999.000,9999.000,9999.000,9999.000,9999.000
202604170024,  12.435,9999.000,9999.000,9999.000,9999.000,9999.000,9999.000,9999.000,9999.000
202604170030,  12.946,9999.000,9999.000,9999.000,9999.000,9999.000,9999.000,9999.000,9999.000
202604170036,  13.451,9999.000,9999.000,9999.000,9999.000,9999.000,9999.000,9999.000,9999.000
202604170042,  13.948,9999.000,9999.000,9999.000,9999.000,9999.000,9999.000,9999.000,9999.000
202604170048,  14.437,9999.000,9999.000,9999.000,9999.000,9999.000,9999.000,9999.000,9999.000
202604170054,  14.917,9999.000,9999.000,9999.000,9999.000,9999.000,9999.000,9999.000,9999.000
202604170100,  15.385,9999.000,   0.800,  -0.043,  16.142,   0.700,  16.042,   0.800,  16.142
202604170106,  15.841,9999.000,9999.000,9999.000,9999.000,9999.000,9999.000,9999.000,9999.000
202604170112,  16.284,9999.000,9999.000,9999.000,9999.000,9999.000,9999.000,9999.000,9999.000
202604170118,  16.712,9999.000,9999.000,9999.000,9999.000,9999.000,9999.000,9999.000,9999.000
202604170124,  17.123,9999.000,9999.000,9999.000,9999.000,9999.000,9999.000,9999.000,9999.000
202604170130,  17.517,9999.000,9999.000,9999.000,9999.000,9999.000,9999.000,9999.000,9999.000
202604170136,  17.891,9999.000,9999.000,9999.000,9999.000,9999.000,9999.000,9999.000,9999.000
202604170142,  18.246,9999.000,9999.000,9999.000,9999.000,9999.000,9999.000,9999.000,9999.000
202604170148,  18.578,9999.000,9999.000,9999.000,9999.000,9999.000,9999.000,9999.000,9999.000
202604170154,  18.887,9999.000,9999.000,9999.000,9999.000,9999.000,9999.000,9999.000,9999.000
202604170200,  19.172,9999.000,   0.800,  -0.013,  19.959,   0.700,  19.859,   0.800,  19.959
202604170206,  19.432,9999.000,9999.000,9999.000,9999.000,9999.000,9999.000,9999.000,9999.000
202604170212,  19.666,9999.000,9999.000,9999.000,9999.000,9999.000,9999.000,9999.000,9999.000
202604170218,  19.872,9999.000,9999.000,9999.000,9999.000,9999.000,9999.000,9999.000,9999.000
202604170224,  20.050,9999.000,9999.000,9999.000,9999.000,9999.000,9999.000,9999.000,9999.000
202604170230,  20.199,9999.000,9999.000,9999.000,9999.000,9999.000,9999.000,9999.000,9999.000
202604170236,  20.320,9999.000,9999.000,9999.000,9999.000,9999.000,9999.000,9999.000,9999.000
202604170242,  20.410,9999.000,9999.000,9999.000,9999.000,9999.000,9999.000,9999.000,9999.000
202604170248,  20.470,9999.000,9999.000,9999.000,9999.000,9999.000,9999.000,9999.000,9999.000
202604170254,  20.501,9999.000,9999.000,9999.000,9999.000,9999.000,9999.000,9999.000,9999.000
202604170300,  20.501,9999.000,   0.800,   0.018,  21.319,   0.800,  21.319,   0.900,  21.419
202604170306,  20.472,9999.000,9999.000,9999.000,9999.000,9999.000,9999.000,9999.000,9999.000
202604170312,  20.413,9999.000,9999.000,9999.000,9999.000,9999.000,9999.000,9999.000,9999.000
202604170318,  20.325,9999.000,9999.000,9999.000,9999.000,9999.000,9999.000,9999.000,9999.000
202604170324,  20.208,9999.000,9999.000,9999.000,9999.000,9999.000,9999.000,9999.000,9999.000
202604170330,  20.063,9999.000,9999.000,9999.000,9999.000,9999.000,9999.000,9999.000,9999.000
202604170336,  19.891,9999.000,9999.000,9999.000,9999.000,9999.000,9999.000,9999.000,9999.000
202604170342,  19.693,9999.000,9999.000,9999.000,9999.000,9999.000,9999.000,9999.000,9999.000
202604170348,  19.470,9999.000,9999.000,9999.000,9999.000,9999.000,9999.000,9999.000,9999.000
202604170354,  19.222,9999.000,9999.000,9999.000,9999.000,9999.000,9999.000,9999.000,9999.000
202604170400,  18.951,9999.000,   0.800,   0.049,  19.800,   0.800,  19.800,   0.900,  19.900
202604170406,  18.658,9999.000,9999.000,9999.000,9999.000,9999.000,9999.000,9999.000,9999.000
202604170412,  18.344,9999.000,9999.000,9999.000,9999.000,9999.000,9999.000,9999.000,9999.000
202604170418,  18.010,9999.000,9999.000,9999.000,9999.000,9999.000,9999.000,9999.000,9999.000
202604170424,  17.657,9999.000,9999.000,9999.000,9999.000,9999.000,9999.000,9999.000,9999.000
202604170430,  17.287,9999.000,9999.000,9999.000,9999.000,9999.000,9999.000,9999.000,9999.000
202604170436,  16.901,9999.000,9999.000,9999.000,9999.000,9999.000,9999.000,9999.000,9999.000
202604170442,  16.500,9999.000,9999.000,9999.000,9999.000,9999.000,9999.000,9999.000,9999.000
202604170448,  16.085,9999.000,9999.000,9999.000,9999.000,9999.000,9999.000,9999.000,9999.000
202604170454,  15.658,9999.000,9999.000,9999.000,9999.000,9999.000,9999.000,9999.000,9999.000
202604170500,  15.219,9999.000,   0.900,   0.080,  16.199,   0.800,  16.099,   0.900,  16.199
202604170506,  14.769,9999.000,9999.000,9999.000,9999.000,9999.000,9999.000,9999.000,9999.000
202604170512,  14.310,9999.000,9999.000,9999.000,9999.000,9999.000,9999.000,9999.000,9999.000
202604170518,  13.843,9999.000,9999.000,9999.000,9999.000,9999.000,9999.000,9999.000,9999.000
202604170524,  13.369,9999.000,9999.000,9999.000,9999.000,9999.000,9999.000,9999.000,9999.000
202604170530,  12.888,9999.000,9999.000,9999.000,9999.000,9999.000,9999.000,9999.000,9999.000
202604170536,  12.402,9999.000,9999.000,9999.000,9999.000,9999.000,9999.000,9999.000,9999.000
202604170542,  11.911,9999.000,9999.000,9999.000,9999.000,9999.000,9999.000,9999.000,9999.000
202604170548,  11.416,9999.000,9999.000,9999.000,9999.000,9999.000,9999.000,9999.000,9999.000
202604170554,  10.919,9999.000,9999.000,9999.000,9999.000,9999.000,9999.000,9999.000,9999.000
202604170600,  10.419,9999.000,   0.900,   0.080,  11.399,   0.800,  11.299,   0.900,  11.399
202604170606,   9.918,9999.000,9999.000,9999.000,9999.000,9999.000,9999.000,9999.000,9999.000
202604170612,   9.417,9999.000,9999.000,9999.000,9999.000,9999.000,9999.000,9999.000,9999.000
202604170618,   8.915,9999.000,9999.000,9999.000,9999.000,9999.000,9999.000,9999.000,9999.000
202604170624,   8.415,9999.000,9999.000,9999.000,9999.000,9999.000,9999.000,9999.000,9999.000
202604170630,   7.916,9999.000,9999.000,9999.000,9999.000,9999.000,9999.000,9999.000,9999.000
202604170636,   7.419,9999.000,9999.000,9999.000,9999.000,9999.000,9999.000,9999.000,9999.000
202604170642,   6.926,9999.000,9999.000,9999.000,9999.000,9999.000,9999.000,9999.000,9999.000
202604170648,   6.436,9999.000,9999.000,9999.000,9999.000,9999.000,9999.000,9999.000,9999.000
202604170654,   5.951,9999.000,9999.000,9999.000,9999.000,9999.000,9999.000,9999.000,9999.000
202604170700,   5.472,9999.000,   0.900,   0.080,   6.452,   0.800,   6.352,   0.900,   6.452
202604170706,   4.999,9999.000,9999.000,9999.000,9999.000,9999.000,9999.000,9999.000,9999.000
202604170712,   4.533,9999.000,9999.000,9999.000,9999.000,9999.000,9999.000,9999.000,9999.000
202604170718,   4.076,9999.000,9999.000,9999.000,9999.000,9999.000,9999.000,9999.000,9999.000
202604170724,   3.628,9999.000,9999.000,9999.000,9999.000,9999.000,9999.000,9999.000,9999.000
202604170730,   3.190,9999.000,9999.000,9999.000,9999.000,9999.000,9999.000,9999.000,9999.000
202604170736,   2.764,9999.000,9999.000,9999.000,9999.000,9999.000,9999.000,9999.000,9999.000
202604170742,   2.351,9999.000,9999.000,9999.000,9999.000,9999.000,9999.000,9999.000,9999.000
202604170748,   1.952,9999.000,9999.000,9999.000,9999.000,9999.000,9999.000,9999.000,9999.000
202604170754,   1.568,9999.000,9999.000,9999.000,9999.000,9999.000,9999.000,9999.000,9999.000
202604170800,   1.201,9999.000,   0.900,   0.080,   2.181,   0.800,   2.081,   0.900,   2.181
202604170806,   0.851,9999.000,9999.000,9999.000,9999.000,9999.000,9999.000,9999.000,9999.000
202604170812,   0.521,9999.000,9999.000,9999.000,9999.000,9999.000,9999.000,9999.000,9999.000
202604170818,   0.212,9999.000,9999.000,9999.000,9999.000,9999.000,9999.000,9999.000,9999.000
202604170824,  -0.075,9999.000,9999.000,9999.000,9999.000,9999.000,9999.000,9999.000,9999.000
202604170830,  -0.339,9999.000,9999.000,9999.000,9999.000,9999.000,9999.000,9999.000,9999.000
202604170836,  -0.578,9999.000,9999.000,9999.000,9999.000,9999.000,9999.000,9999.000,9999.000
202604170842,  -0.792,9999.000,9999.000,9999.000,9999.000,9999.000,9999.000,9999.000,9999.000
202604170848,  -0.979,9999.000,9999.000,9999.000,9999.000,9999.000,9999.000,9999.000,9999.000
202604170854,  -1.137,9999.000,9999.000,9999.000,9999.000,9999.000,9999.000,9999.000,9999.000
202604170900,  -1.267,9999.000,   0.800,   0.080,  -0.387,   0.800,  -0.387,   0.900,  -0.287
202604170906,  -1.367,9999.000,9999.000,9999.000,9999.000,9999.000,9999.000,9999.000,9999.000
202604170912,  -1.436,9999.000,9999.000,9999.000,9999.000,9999.000,9999.000,9999.000,9999.000
202604170918,  -1.474,9999.000,9999.000,9999.000,9999.000,9999.000,9999.000,9999.000,9999.000
202604170924,  -1.480,9999.000,9999.000,9999.000,9999.000,9999.000,9999.000,9999.000,9999.000
202604170930,  -1.455,9999.000,9999.000,9999.000,9999.000,9999.000,9999.000,9999.000,9999.000
202604170936,  -1.397,9999.000,9999.000,9999.000,9999.000,9999.000,9999.000,9999.000,9999.000
202604170942,  -1.308,9999.000,9999.000,9999.000,9999.000,9999.000,9999.000,9999.000,9999.000
202604170948,  -1.187,9999.000,9999.000,9999.000,9999.000,9999.000,9999.000,9999.000,9999.000
202604170954,  -1.035,9999.000,9999.000,9999.000,9999.000,9999.000,9999.000,9999.000,9999.000
202604171000,  -0.852,9999.000,   0.800,   0.080,   0.028,   0.800,   0.028,   0.900,   0.128
202604171006,  -0.640,9999.000,9999.000,9999.000,9999.000,9999.000,9999.000,9999.000,9999.000
202604171012,  -0.398,9999.000,9999.000,9999.000,9999.000,9999.000,9999.000,9999.000,9999.000
202604171018,  -0.129,9999.000,9999.000,9999.000,9999.000,9999.000,9999.000,9999.000,9999.000
202604171024,   0.166,9999.000,9999.000,9999.000,9999.000,9999.000,9999.000,9999.000,9999.000
202604171030,   0.488,9999.000,9999.000,9999.000,9999.000,9999.000,9999.000,9999.000,9999.000
202604171036,   0.833,9999.000,9999.000,9999.000,9999.000,9999.000,9999.000,9999.000,9999.000
202604171042,   1.202,9999.000,9999.000,9999.000,9999.000,9999.000,9999.000,9999.000,9999.000
202604171048,   1.591,9999.000,9999.000,9999.000,9999.000,9999.000,9999.000,9999.000,9999.000
202604171054,   2.001,9999.000,9999.000,9999.000,9999.000,9999.000,9999.000,9999.000,9999.000
202604171100,   2.429,9999.000,   0.800,   0.080,   3.309,   0.700,   3.209,   0.800,   3.309
202604171106,   2.873,9999.000,9999.000,9999.000,9999.000,9999.000,9999.000,9999.000,9999.000
202604171112,   3.333,9999.000,9999.000,9999.000,9999.000,9999.000,9999.000,9999.000,9999.000
202604171118,   3.807,9999.000,9999.000,9999.000,9999.000,9999.000,9999.000,9999.000,9999.000
202604171124,   4.292,9999.000,9999.000,9999.000,9999.000,9999.000,9999.000,9999.000,9999.000
202604171130,   4.789,9999.000,9999.000,9999.000,9999.000,9999.000,9999.000,9999.000,9999.000
202604171136,   5.295,9999.000,9999.000,9999.000,9999.000,9999.000,9999.000,9999.000,9999.000
202604171142,   5.810,9999.000,9999.000,9999.000,9999.000,9999.000,9999.000,9999.000,9999.000
202604171148,   6.331,9999.000,9999.000,9999.000,9999.000,9999.000,9999.000,9999.000,9999.000
202604171154,   6.858,9999.000,9999.000,9999.000,9999.000,9999.000,9999.000,9999.000,9999.000
202604171200,   7.390,9999.000,   0.700,   0.080,   8.170,   0.700,   8.170,   0.800,   8.270
202604171206,   7.926,9999.000,9999.000,9999.000,9999.000,9999.000,9999.000,9999.000,9999.000
202604171212,   8.463,9999.000,9999.000,9999.000,9999.000,9999.000,9999.000,9999.000,9999.000
202604171218,   9.002,9999.000,9999.000,9999.000,9999.000,9999.000,9999.000,9999.000,9999.000
202604171224,   9.542,9999.000,9999.000,9999.000,9999.000,9999.000,9999.000,9999.000,9999.000
202604171230,  10.081,9999.000,9999.000,9999.000,9999.000,9999.000,9999.000,9999.000,9999.000
202604171236,  10.618,9999.000,9999.000,9999.000,9999.000,9999.000,9999.000,9999.000,9999.000
202604171242,  11.152,9999.000,9999.000,9999.000,9999.000,9999.000,9999.000,9999.000,9999.000
202604171248,  11.682,9999.000,9999.000,9999.000,9999.000,9999.000,9999.000,9999.000,9999.000
202604171254,  12.208,9999.000,9999.000,9999.000,9999.000,9999.000,9999.000,9999.000,9999.000
202604171300,  12.727,9999.000,   0.700,   0.080,  13.507,   0.600,  13.407,   0.800,  13.607
202604171306,  13.239,9999.000,9999.000,9999.000,9999.000,9999.000,9999.000,9999.000,9999.000
202604171312,  13.743,9999.000,9999.000,9999.000,9999.000,9999.000,9999.000,9999.000,9999.000
202604171318,  14.237,9999.000,9999.000,9999.000,9999.000,9999.000,9999.000,9999.000,9999.000
202604171324,  14.721,9999.000,9999.000,9999.000,9999.000,9999.000,9999.000,9999.000,9999.000
202604171330,  15.192,9999.000,9999.000,9999.000,9999.000,9999.000,9999.000,9999.000,9999.000
202604171336,  15.649,9999.000,9999.000,9999.000,9999.000,9999.000,9999.000,9999.000,9999.000
202604171342,  16.091,9999.000,9999.000,9999.000,9999.000,9999.000,9999.000,9999.000,9999.000
202604171348,  16.517,9999.000,9999.000,9999.000,9999.000,9999.000,9999.000,9999.000,9999.000
202604171354,  16.925,9999.000,9999.000,9999.000,9999.000,9999.000,9999.000,9999.000,9999.000
202604171400,  17.314,9999.000,   0.700,   0.080,  18.094,   0.600,  17.994,   0.800,  18.194
202604171406,  17.682,9999.000,9999.000,9999.000,9999.000,9999.000,9999.000,9999.000,9999.000
202604171412,  18.029,9999.000,9999.000,9999.000,9999.000,9999.000,9999.000,9999.000,9999.000
202604171418,  18.352,9999.000,9999.000,9999.000,9999.000,9999.000,9999.000,9999.000,9999.000
202604171424,  18.651,9999.000,9999.000,9999.000,9999.000,9999.000,9999.000,9999.000,9999.000
202604171430,  18.925,9999.000,9999.000,9999.000,9999.000,9999.000,9999.000,9999.000,9999.000
202604171436,  19.171,9999.000,9999.000,9999.000,9999.000,9999.000,9999.000,9999.000,9999.000
202604171442,  19.391,9999.000,9999.000,9999.000,9999.000,9999.000,9999.000,9999.000,9999.000
202604171448,  19.582,9999.000,9999.000,9999.000,9999.000,9999.000,9999.000,9999.000,9999.000
202604171454,  19.745,9999.000,9999.000,9999.000,9999.000,9999.000,9999.000,9999.000,9999.000
202604171500,  19.878,9999.000,   0.700,   0.080,  20.658,   0.600,  20.558,   0.700,  20.658
202604171506,  19.981,9999.000,9999.000,9999.000,9999.000,9999.000,9999.000,9999.000,9999.000
202604171512,  20.054,9999.000,9999.000,9999.000,9999.000,9999.000,9999.000,9999.000,9999.000
202604171518,  20.096,9999.000,9999.000,9999.000,9999.000,9999.000,9999.000,9999.000,9999.000
202604171524,  20.109,9999.000,9999.000,9999.000,9999.000,9999.000,9999.000,9999.000,9999.000
202604171530,  20.091,9999.000,9999.000,9999.000,9999.000,9999.000,9999.000,9999.000,9999.000
202604171536,  20.044,9999.000,9999.000,9999.000,9999.000,9999.000,9999.000,9999.000,9999.000
202604171542,  19.967,9999.000,9999.000,9999.000,9999.000,9999.000,9999.000,9999.000,9999.000
202604171548,  19.862,9999.000,9999.000,9999.000,9999.000,9999.000,9999.000,9999.000,9999.000
202604171554,  19.728,9999.000,9999.000,9999.000,9999.000,9999.000,9999.000,9999.000,9999.000
202604171600,  19.568,9999.000,   0.600,   0.080,  20.248,   0.600,  20.248,   0.700,  20.348
202604171606,  19.381,9999.000,9999.000,9999.000,9999.000,9999.000,9999.000,9999.000,9999.000
202604171612,  19.168,9999.000,9999.000,9999.000,9999.000,9999.000,9999.000,9999.000,9999.000
202604171618,  18.931,9999.000,9999.000,9999.000,9999.000,9999.000,9999.000,9999.000,9999.000
202604171624,  18.671,9999.000,9999.000,9999.000,9999.000,9999.000,9999.000,9999.000,9999.000
202604171630,  18.388,9999.000,9999.000,9999.000,9999.000,9999.000,9999.000,9999.000,9999.000
202604171636,  18.085,9999.000,9999.000,9999.000,9999.000,9999.000,9999.000,9999.000,9999.000
202604171642,  17.762,9999.000,9999.000,9999.000,9999.000,9999.000,9999.000,9999.000,9999.000
202604171648,  17.420,9999.000,9999.000,9999.000,9999.000,9999.000,9999.000,9999.000,9999.000
202604171654,  17.061,9999.000,9999.000,9999.000,9999.000,9999.000,9999.000,9999.000,9999.000
202604171700,  16.686,9999.000,   0.600,   0.080,  17.366,   0.600,  17.366,   0.700,  17.466
202604171706,  16.295,9999.000,9999.000,9999.000,9999.000,9999.000,9999.000,9999.000,9999.000
202604171712,  15.892,9999.000,9999.000,9999.000,9999.000,9999.000,9999.000,9999.000,9999.000
202604171718,  15.475,9999.000,9999.000,9999.000,9999.000,9999.000,9999.000,9999.000,9999.000
202604171724,  15.048,9999.000,9999.000,9999.000,9999.000,9999.000,9999.000,9999.000,9999.000
202604171730,  14.609,9999.000,9999.000,9999.000,9999.000,9999.000,9999.000,9999.000,9999.000
202604171736,  14.162,9999.000,9999.000,9999.000,9999.000,9999.000,9999.000,9999.000,9999.000
202604171742,  13.707,9999.000,9999.000,9999.000,9999.000,9999.000,9999.000,9999.000,9999.000
202604171748,  13.245,9999.000,9999.000,9999.000,9999.000,9999.000,9999.000,9999.000,9999.000
202604171754,  12.776,9999.000,9999.000,9999.000,9999.000,9999.000,9999.000,9999.000,9999.000
202604171800,  12.302,9999.000,   0.600,   0.080,  12.982,   0.600,  12.982,   0.700,  13.082
202604171806,  11.824,9999.000,9999.000,9999.000,9999.000,9999.000,9999.000,9999.000,9999.000
202604171812,  11.342,9999.000,9999.000,9999.000,9999.000,9999.000,9999.000,9999.000,9999.000
202604171818,  10.858,9999.000,9999.000,9999.000,9999.000,9999.000,9999.000,9999.000,9999.000
202604171824,  10.372,9999.000,9999.000,9999.000,9999.000,9999.000,9999.000,9999.000,9999.000
202604171830,   9.884,9999.000,9999.000,9999.000,9999.000,9999.000,9999.000,9999.000,9999.000
202604171836,   9.397,9999.000,9999.000,9999.000,9999.000,9999.000,9999.000,9999.000,9999.000
202604171842,   8.909,9999.000,9999.000,9999.000,9999.000,9999.000,9999.000,9999.000,9999.000
202604171848,   8.423,9999.000,9999.000,9999.000,9999.000,9999.000,9999.000,9999.000,9999.000
202604171854,   7.939,9999.000,9999.000,9999.000,9999.000,9999.000,9999.000,9999.000,9999.000
202604171900,   7.458,9999.000,   0.600,   0.080,   8.138,   0.600,   8.138,   0.700,   8.238
202604171906,   6.980,9999.000,9999.000,9999.000,9999.000,9999.000,9999.000,9999.000,9999.000
202604171912,   6.506,9999.000,9999.000,9999.000,9999.000,9999.000,9999.000,9999.000,9999.000
202604171918,   6.037,9999.000,9999.000,9999.000,9999.000,9999.000,9999.000,9999.000,9999.000
202604171924,   5.574,9999.000,9999.000,9999.000,9999.000,9999.000,9999.000,9999.000,9999.000
202604171930,   5.118,9999.000,9999.000,9999.000,9999.000,9999.000,9999.000,9999.000,9999.000
202604171936,   4.670,9999.000,9999.000,9999.000,9999.000,9999.000,9999.000,9999.000,9999.000
202604171942,   4.230,9999.000,9999.000,9999.000,9999.000,9999.000,9999.000,9999.000,9999.000
202604171948,   3.800,9999.000,9999.000,9999.000,9999.000,9999.000,9999.000,9999.000,9999.000
202604171954,   3.381,9999.000,9999.000,9999.000,9999.000,9999.000,9999.000,9999.000,9999.000
202604172000,   2.973,9999.000,   0.600,   0.080,   3.653,   0.500,   3.553,   0.700,   3.753
202604172006,   2.579,9999.000,9999.000,9999.000,9999.000,9999.000,9999.000,9999.000,9999.000
202604172012,   2.199,9999.000,9999.000,9999.000,9999.000,9999.000,9999.000,9999.000,9999.000
202604172018,   1.835,9999.000,9999.000,9999.000,9999.000,9999.000,9999.000,9999.000,9999.000
202604172024,   1.488,9999.000,9999.000,9999.000,9999.000,9999.000,9999.000,9999.000,9999.000
202604172030,   1.159,9999.000,9999.000,9999.000,9999.000,9999.000,9999.000,9999.000,9999.000
202604172036,   0.850,9999.000,9999.000,9999.000,9999.000,9999.000,9999.000,9999.000,9999.000
202604172042,   0.562,9999.000,9999.000,9999.000,9999.000,9999.000,9999.000,9999.000,9999.000
202604172048,   0.297,9999.000,9999.000,9999.000,9999.000,9999.000,9999.000,9999.000,9999.000
202604172054,   0.055,9999.000,9999.000,9999.000,9999.000,9999.000,9999.000,9999.000,9999.000
202604172100,  -0.161,9999.000,   0.600,   0.080,   0.519,   0.500,   0.419,   0.700,   0.619
202604172106,  -0.352,9999.000,9999.000,9999.000,9999.000,9999.000,9999.000,9999.000,9999.000
202604172112,  -0.515,9999.000,9999.000,9999.000,9999.000,9999.000,9999.000,9999.000,9999.000
202604172118,  -0.650,9999.000,9999.000,9999.000,9999.000,9999.000,9999.000,9999.000,9999.000
202604172124,  -0.756,9999.000,9999.000,9999.000,9999.000,9999.000,9999.000,9999.000,9999.000
202604172130,  -0.831,9999.000,9999.000,9999.000,9999.000,9999.000,9999.000,9999.000,9999.000
202604172136,  -0.875,9999.000,9999.000,9999.000,9999.000,9999.000,9999.000,9999.000,9999.000
202604172142,  -0.887,9999.000,9999.000,9999.000,9999.000,9999.000,9999.000,9999.000,9999.000
202604172148,  -0.868,9999.000,9999.000,9999.000,9999.000,9999.000,9999.000,9999.000,9999.000
202604172154,  -0.816,9999.000,9999.000,9999.000,9999.000,9999.000,9999.000,9999.000,9999.000
202604172200,  -0.732,9999.000,   0.600,   0.080,  -0.052,   0.500,  -0.152,   0.700,   0.048
202604172206,  -0.616,9999.000,9999.000,9999.000,9999.000,9999.000,9999.000,9999.000,9999.000
202604172212,  -0.468,9999.000,9999.000,9999.000,9999.000,9999.000,9999.000,9999.000,9999.000
202604172218,  -0.289,9999.000,9999.000,9999.000,9999.000,9999.000,9999.000,9999.000,9999.000
202604172224,  -0.079,9999.000,9999.000,9999.000,9999.000,9999.000,9999.000,9999.000,9999.000
202604172230,   0.161,9999.000,9999.000,9999.000,9999.000,9999.000,9999.000,9999.000,9999.000
202604172236,   0.430,9999.000,9999.000,9999.000,9999.000,9999.000,9999.000,9999.000,9999.000
202604172242,   0.727,9999.000,9999.000,9999.000,9999.000,9999.000,9999.000,9999.000,9999.000
202604172248,   1.052,9999.000,9999.000,9999.000,9999.000,9999.000,9999.000,9999.000,9999.000
202604172254,   1.401,9999.000,9999.000,9999.000,9999.000,9999.000,9999.000,9999.000,9999.000
202604172300,   1.775,9999.000,   0.600,   0.080,   2.455,   0.500,   2.355,   0.600,   2.455
202604172306,   2.172,9999.000,9999.000,9999.000,9999.000,9999.000,9999.000,9999.000,9999.000
202604172312,   2.589,9999.000,9999.000,9999.000,9999.000,9999.000,9999.000,9999.000,9999.000
202604172318,   3.027,9999.000,9999.000,9999.000,9999.000,9999.000,9999.000,9999.000,9999.000
202604172324,   3.482,9999.000,9999.000,9999.000,9999.000,9999.000,9999.000,9999.000,9999.000
202604172330,   3.953,9999.000,9999.000,9999.000,9999.000,9999.000,9999.000,9999.000,9999.000
202604172336,   4.440,9999.000,9999.000,9999.000,9999.000,9999.000,9999.000,9999.000,9999.000
202604172342,   4.939,9999.000,9999.000,9999.000,9999.000,9999.000,9999.000,9999.000,9999.000
202604172348,   5.450,9999.000,9999.000,9999.000,9999.000,9999.000,9999.000,9999.000,9999.000
202604172354,   5.972,9999.000,9999.000,9999.000,9999.000,9999.000,9999.000,9999.000,9999.000
202604180000,   6.502,9999.000,   0.600,   0.080,   7.182,   0.500,   7.082,   0.700,   7.282
202604180006,   7.039,9999.000,9999.000,9999.000,9999.000,9999.000,9999.000,9999.000,9999.000
202604180012,   7.583,9999.000,9999.000,9999.000,9999.000,9999.000,9999.000,9999.000,9999.000
202604180018,   8.131,9999.000,9999.000,9999.000,9999.000,9999.000,9999.000,9999.000,9999.000
202604180024,   8.682,9999.000,9999.000,9999.000,9999.000,9999.000,9999.000,9999.000,9999.000
202604180030,   9.236,9999.000,9999.000,9999.000,9999.000,9999.000,9999.000,9999.000,9999.000
202604180036,   9.791,9999.000,9999.000,9999.000,9999.000,9999.000,9999.000,9999.000,9999.000
202604180042,  10.346,9999.000,9999.000,9999.000,9999.000,9999.000,9999.000,9999.000,9999.000
202604180048,  10.900,9999.000,9999.000,9999.000,9999.000,9999.000,9999.000,9999.000,9999.000
202604180054,  11.452,9999.000,9999.000,9999.000,9999.000,9999.000,9999.000,9999.000,9999.000
202604180100,  12.001,9999.000,   0.600,   0.080,  12.681,   0.500,  12.581,   0.700,  12.781
202604180106,  12.545,9999.000,9999.000,9999.000,9999.000,9999.000,9999.000,9999.000,9999.000
202604180112,  13.084,9999.000,9999.000,9999.000,9999.000,9999.000,9999.000,9999.000,9999.000
202604180118,  13.617,9999.000,9999.000,9999.000,9999.000,9999.000,9999.000,9999.000,9999.000
202604180124,  14.141,9999.000,9999.000,9999.000,9999.000,9999.000,9999.000,9999.000,9999.000
202604180130,  14.657,9999.000,9999.000,9999.000,9999.000,9999.000,9999.000,9999.000,9999.000
202604180136,  15.163,9999.000,9999.000,9999.000,9999.000,9999.000,9999.000,9999.000,9999.000
202604180142,  15.658,9999.000,9999.000,9999.000,9999.000,9999.000,9999.000,9999.000,9999.000
202604180148,  16.139,9999.000,9999.000,9999.000,9999.000,9999.000,9999.000,9999.000,9999.000
202604180154,  16.607,9999.000,9999.000,9999.000,9999.000,9999.000,9999.000,9999.000,9999.000
202604180200,  17.059,9999.000,   0.600,   0.080,  17.739,   0.600,  17.739,   0.700,  17.839
202604180206,  17.495,9999.000,9999.000,9999.000,9999.000,9999.000,9999.000,9999.000,9999.000
202604180212,  17.913,9999.000,9999.000,9999.000,9999.000,9999.000,9999.000,9999.000,9999.000
202604180218,  18.311,9999.000,9999.000,9999.000,9999.000,9999.000,9999.000,9999.000,9999.000
202604180224,  18.688,9999.000,9999.000,9999.000,9999.000,9999.000,9999.000,9999.000,9999.000
202604180230,  19.043,9999.000,9999.000,9999.000,9999.000,9999.000,9999.000,9999.000,9999.000
202604180236,  19.375,9999.000,9999.000,9999.000,9999.000,9999.000,9999.000,9999.000,9999.000
202604180242,  19.681,9999.000,9999.000,9999.000,9999.000,9999.000,9999.000,9999.000,9999.000
202604180248,  19.962,9999.000,9999.000,9999.000,9999.000,9999.000,9999.000,9999.000,9999.000
202604180254,  20.216,9999.000,9999.000,9999.000,9999.000,9999.000,9999.000,9999.000,9999.000
202604180300,  20.441,9999.000,   0.600,   0.080,  21.121,   0.600,  21.121,   0.700,  21.221
202604180306,  20.638,9999.000,9999.000,9999.000,9999.000,9999.000,9999.000,9999.000,9999.000
202604180312,  20.805,9999.000,9999.000,9999.000,9999.000,9999.000,9999.000,9999.000,9999.000
202604180318,  20.942,9999.000,9999.000,9999.000,9999.000,9999.000,9999.000,9999.000,9999.000
202604180324,  21.048,9999.000,9999.000,9999.000,9999.000,9999.000,9999.000,9999.000,9999.000
202604180330,  21.122,9999.000,9999.000,9999.000,9999.000,9999.000,9999.000,9999.000,9999.000
202604180336,  21.166,9999.000,9999.000,9999.000,9999.000,9999.000,9999.000,9999.000,9999.000
202604180342,  21.177,9999.000,9999.000,9999.000,9999.000,9999.000,9999.000,9999.000,9999.000
202604180348,  21.158,9999.000,9999.000,9999.000,9999.000,9999.000,9999.000,9999.000,9999.000
202604180354,  21.107,9999.000,9999.000,9999.000,9999.000,9999.000,9999.000,9999.000,9999.000
202604180400,  21.025,9999.000,   0.600,   0.080,  21.705,   0.600,  21.705,   0.700,  21.805
202604180406,  20.913,9999.000,9999.000,9999.000,9999.000,9999.000,9999.000,9999.000,9999.000
202604180412,  20.772,9999.000,9999.000,9999.000,9999.000,9999.000,9999.000,9999.000,9999.000
202604180418,  20.601,9999.000,9999.000,9999.000,9999.000,9999.000,9999.000,9999.000,9999.000
202604180424,  20.402,9999.000,9999.000,9999.000,9999.000,9999.000,9999.000,9999.000,9999.000
202604180430,  20.176,9999.000,9999.000,9999.000,9999.000,9999.000,9999.000,9999.000,9999.000
202604180436,  19.924,9999.000,9999.000,9999.000,9999.000,9999.000,9999.000,9999.000,9999.000
202604180442,  19.646,9999.000,9999.000,9999.000,9999.000,9999.000,9999.000,9999.000,9999.000
202604180448,  19.345,9999.000,9999.000,9999.000,9999.000,9999.000,9999.000,9999.000,9999.000
202604180454,  19.021,9999.000,9999.000,9999.000,9999.000,9999.000,9999.000,9999.000,9999.000
202604180500,  18.676,9999.000,   0.600,   0.080,  19.356,   0.600,  19.356,   0.700,  19.456
202604180506,  18.310,9999.000,9999.000,9999.000,9999.000,9999.000,9999.000,9999.000,9999.000
202604180512,  17.926,9999.000,9999.000,9999.000,9999.000,9999.000,9999.000,9999.000,9999.000
202604180518,  17.524,9999.000,9999.000,9999.000,9999.000,9999.000,9999.000,9999.000,9999.000
202604180524,  17.105,9999.000,9999.000,9999.000,9999.000,9999.000,9999.000,9999.000,9999.000
202604180530,  16.671,9999.000,9999.000,9999.000,9999.000,9999.000,9999.000,9999.000,9999.000
202604180536,  16.224,9999.000,9999.000,9999.000,9999.000,9999.000,9999.000,9999.000,9999.000
202604180542,  15.764,9999.000,9999.000,9999.000,9999.000,9999.000,9999.000,9999.000,9999.000
202604180548,  15.293,9999.000,9999.000,9999.000,9999.000,9999.000,9999.000,9999.000,9999.000
202604180554,  14.811,9999.000,9999.000,9999.000,9999.000,9999.000,9999.000,9999.000,9999.000
202604180600,  14.320,9999.000,   0.600,   0.080,  15.000,   0.500,  14.900,   0.600,  15.000
202604180606,  13.821,9999.000,9999.000,9999.000,9999.000,9999.000,9999.000,9999.000,9999.000
202604180612,  13.316,9999.000,9999.000,9999.000,9999.000,9999.000,9999.000,9999.000,9999.000
202604180618,  12.804,9999.000,9999.000,9999.000,9999.000,9999.000,9999.000,9999.000,9999.000
202604180624,  12.287,9999.000,9999.000,9999.000,9999.000,9999.000,9999.000,9999.000,9999.000
202604180630,  11.767,9999.000,9999.000,9999.000,9999.000,9999.000,9999.000,9999.000,9999.000
202604180636,  11.243,9999.000,9999.000,9999.000,9999.000,9999.000,9999.000,9999.000,9999.000
202604180642,  10.716,9999.000,9999.000,9999.000,9999.000,9999.000,9999.000,9999.000,9999.000
202604180648,  10.189,9999.000,9999.000,9999.000,9999.000,9999.000,9999.000,9999.000,9999.000
202604180654,   9.660,9999.000,9999.000,9999.000,9999.000,9999.000,9999.000,9999.000,9999.000
202604180700,   9.132,9999.000,   0.600,   0.080,   9.812,   0.500,   9.712,   0.600,   9.812
202604180706,   8.605,9999.000,9999.000,9999.000,9999.000,9999.000,9999.000,9999.000,9999.000
202604180712,   8.080,9999.000,9999.000,9999.000,9999.000,9999.000,9999.000,9999.000,9999.000
202604180718,   7.556,9999.000,9999.000,9999.000,9999.000,9999.000,9999.000,9999.000,9999.000
202604180724,   7.037,9999.000,9999.000,9999.000,9999.000,9999.000,9999.000,9999.000,9999.000
202604180730,   6.521,9999.000,9999.000,9999.000,9999.000,9999.000,9999.000,9999.000,9999.000
202604180736,   6.010,9999.000,9999.000,9999.000,9999.000,9999.000,9999.000,9999.000,9999.000
202604180742,   5.504,9999.000,9999.000,9999.000,9999.000,9999.000,9999.000,9999.000,9999.000
202604180748,   5.006,9999.000,9999.000,9999.000,9999.000,9999.000,9999.000,9999.000,9999.000
202604180754,   4.514,9999.000,9999.000,9999.000,9999.000,9999.000,9999.000,9999.000,9999.000
202604180800,   4.031,9999.000,   0.600,   0.080,   4.711,   0.500,   4.611,   0.600,   4.711
202604180806,   3.558,9999.000,9999.000,9999.000,9999.000,9999.000,9999.000,9999.000,9999.000
202604180812,   3.094,9999.000,9999.000,9999.000,9999.000,9999.000,9999.000,9999.000,9999.000
202604180818,   2.643,9999.000,9999.000,9999.000,9999.000,9999.000,9999.000,9999.000,9999.000
202604180824,   2.204,9999.000,9999.000,9999.000,9999.000,9999.000,9999.000,9999.000,9999.000
202604180830,   1.779,9999.000,9999.000,9999.000,9999.000,9999.000,9999.000,9999.000,9999.000
202604180836,   1.369,9999.000,9999.000,9999.000,9999.000,9999.000,9999.000,9999.000,9999.000
202604180842,   0.975,9999.000,9999.000,9999.000,9999.000,9999.000,9999.000,9999.000,9999.000
202604180848,   0.600,9999.000,9999.000,9999.000,9999.000,9999.000,9999.000,9999.000,9999.000
202604180854,   0.243,9999.000,9999.000,9999.000,9999.000,9999.000,9999.000,9999.000,9999.000
202604180900,  -0.093,9999.000,   0.600,   0.080,   0.587,   0.500,   0.487,   0.600,   0.587
202604180906,  -0.407,9999.000,9999.000,9999.000,9999.000,9999.000,9999.000,9999.000,9999.000
202604180912,  -0.698,9999.000,9999.000,9999.000,9999.000,9999.000,9999.000,9999.000,9999.000
202604180918,  -0.965,9999.000,9999.000,9999.000,9999.000,9999.000,9999.000,9999.000,9999.000
202604180924,  -1.206,9999.000,9999.000,9999.000,9999.000,9999.000,9999.000,9999.000,9999.000
202604180930,  -1.420,9999.000,9999.000,9999.000,9999.000,9999.000,9999.000,9999.000,9999.000
202604180936,  -1.606,9999.000,9999.000,9999.000,9999.000,9999.000,9999.000,9999.000,9999.000
202604180942,  -1.763,9999.000,9999.000,9999.000,9999.000,9999.000,9999.000,9999.000,9999.000
202604180948,  -1.889,9999.000,9999.000,9999.000,9999.000,9999.000,9999.000,9999.000,9999.000
202604180954,  -1.984,9999.000,9999.000,9999.000,9999.000,9999.000,9999.000,9999.000,9999.000
202604181000,  -2.048,9999.000,   0.600,   0.080,  -1.368,   0.600,  -1.368,   0.700,  -1.268
202604181006,  -2.079,9999.000,9999.000,9999.000,9999.000,9999.000,9999.000,9999.000,9999.000
202604181012,  -2.077,9999.000,9999.000,9999.000,9999.000,9999.000,9999.000,9999.000,9999.000
202604181018,  -2.042,9999.000,9999.000,9999.000,9999.000,9999.000,9999.000,9999.000,9999.000
202604181024,  -1.974,9999.000,9999.000,9999.000,9999.000,9999.000,9999.000,9999.000,9999.000
202604181030,  -1.872,9999.000,9999.000,9999.000,9999.000,9999.000,9999.000,9999.000,9999.000
202604181036,  -1.738,9999.000,9999.000,9999.000,9999.000,9999.000,9999.000,9999.000,9999.000
202604181042,  -1.572,9999.000,9999.000,9999.000,9999.000,9999.000,9999.000,9999.000,9999.000
202604181048,  -1.374,9999.000,9999.000,9999.000,9999.000,9999.000,9999.000,9999.000,9999.000
202604181054,  -1.144,9999.000,9999.000,9999.000,9999.000,9999.000,9999.000,9999.000,9999.000
202604181100,  -0.885,9999.000,   0.600,   0.080,  -0.205,   0.600,  -0.205,   0.700,  -0.105
202604181106,  -0.597,9999.000,9999.000,9999.000,9999.000,9999.000,9999.000,9999.000,9999.000
202604181112,  -0.281,9999.000,9999.000,9999.000,9999.000,9999.000,9999.000,9999.000,9999.000
202604181118,   0.061,9999.000,9999.000,9999.000,9999.000,9999.000,9999.000,9999.000,9999.000
202604181124,   0.428,9999.000,9999.000,9999.000,9999.000,9999.000,9999.000,9999.000,9999.000
202604181130,   0.820,9999.000,9999.000,9999.000,9999.000,9999.000,9999.000,9999.000,9999.000
202604181136,   1.233,9999.000,9999.000,9999.000,9999.000,9999.000,9999.000,9999.000,9999.000
202604181142,   1.667,9999.000,9999.000,9999.000,9999.000,9999.000,9999.000,9999.000,9999.000
202604181148,   2.119,9999.000,9999.000,9999.000,9999.000,9999.000,9999.000,9999.000,9999.000
202604181154,   2.589,9999.000,9999.000,9999.000,9999.000,9999.000,9999.000,9999.000,9999.000
202604181200,   3.074,9999.000,   0.700,   0.080,   3.854,   0.600,   3.754,   0.700,   3.854
202604181206,   3.574,9999.000,9999.000,9999.000,9999.000,9999.000,9999.000,9999.000,9999.000
202604181212,   4.086,9999.000,9999.000,9999.000,9999.000,9999.000,9999.000,9999.000,9999.000
202604181218,   4.609,9999.000,9999.000,9999.000,9999.000,9999.000,9999.000,9999.000,9999.000
202604181224,   5.141,9999.000,9999.000,9999.000,9999.000,9999.000,9999.000,9999.000,9999.000
202604181230,   5.681,9999.000,9999.000,9999.000,9999.000,9999.000,9999.000,9999.000,9999.000
202604181236,   6.228,9999.000,9999.000,9999.000,9999.000,9999.000,9999.000,9999.000,9999.000
202604181242,   6.781,9999.000,9999.000,9999.000,9999.000,9999.000,9999.000,9999.000,9999.000
202604181248,   7.337,9999.000,9999.000,9999.000,9999.000,9999.000,9999.000,9999.000,9999.000
202604181254,   7.897,9999.000,9999.000,9999.000,9999.000,9999.000,9999.000,9999.000,9999.000
202604181300,   8.458,9999.000,   0.700,   0.080,   9.238,   0.600,   9.138,   0.800,   9.338
202604181306,   9.020,9999.000,9999.000,9999.000,9999.000,9999.000,9999.000,9999.000,9999.000
202604181312,   9.581,9999.000,9999.000,9999.000,9999.000,9999.000,9999.000,9999.000,9999.000
202604181318,  10.140,9999.000,9999.000,9999.000,9999.000,9999.000,9999.000,9999.000,9999.000
202604181324,  10.697,9999.000,9999.000,9999.000,9999.000,9999.000,9999.000,9999.000,9999.000
202604181330,  11.250,9999.000,9999.000,9999.000,9999.000,9999.000,9999.000,9999.000,9999.000
202604181336,  11.798,9999.000,9999.000,9999.000,9999.000,9999.000,9999.000,9999.000,9999.000
202604181342,  12.340,9999.000,9999.000,9999.000,9999.000,9999.000,9999.000,9999.000,9999.000
202604181348,  12.874,9999.000,9999.000,9999.000,9999.000,9999.000,9999.000,9999.000,9999.000
202604181354,  13.400,9999.000,9999.000,9999.000,9999.000,9999.000,9999.000,9999.000,9999.000
202604181400,  13.917,9999.000,   0.700,   0.080,  14.697,   0.700,  14.697,   0.800,  14.797
202604181406,  14.423,9999.000,9999.000,9999.000,9999.000,9999.000,9999.000,9999.000,9999.000
202604181412,  14.916,9999.000,9999.000,9999.000,9999.000,9999.000,9999.000,9999.000,9999.000
202604181418,  15.396,9999.000,9999.000,9999.000,9999.000,9999.000,9999.000,9999.000,9999.000
202604181424,  15.861,9999.000,9999.000,9999.000,9999.000,9999.000,9999.000,9999.000,9999.000
202604181430,  16.310,9999.000,9999.000,9999.000,9999.000,9999.000,9999.000,9999.000,9999.000
202604181436,  16.741,9999.000,9999.000,9999.000,9999.000,9999.000,9999.000,9999.000,9999.000
202604181442,  17.154,9999.000,9999.000,9999.000,9999.000,9999.000,9999.000,9999.000,9999.000
202604181448,  17.546,9999.000,9999.000,9999.000,9999.000,9999.000,9999.000,9999.000,9999.000
202604181454,  17.916,9999.000,9999.000,9999.000,9999.000,9999.000,9999.000,9999.000,9999.000
202604181500,  18.263,9999.000,   0.800,   0.080,  19.143,   0.700,  19.043,   0.900,  19.243
202604181506,  18.586,9999.000,9999.000,9999.000,9999.000,9999.000,9999.000,9999.000,9999.000
202604181512,  18.884,9999.000,9999.000,9999.000,9999.000,9999.000,9999.000,9999.000,9999.000
202604181518,  19.155,9999.000,9999.000,9999.000,9999.000,9999.000,9999.000,9999.000,9999.000
202604181524,  19.399,9999.000,9999.000,9999.000,9999.000,9999.000,9999.000,9999.000,9999.000
202604181530,  19.615,9999.000,9999.000,9999.000,9999.000,9999.000,9999.000,9999.000,9999.000
202604181536,  19.801,9999.000,9999.000,9999.000,9999.000,9999.000,9999.000,9999.000,9999.000
202604181542,  19.957,9999.000,9999.000,9999.000,9999.000,9999.000,9999.000,9999.000,9999.000
202604181548,  20.084,9999.000,9999.000,9999.000,9999.000,9999.000,9999.000,9999.000,9999.000
202604181554,  20.179,9999.000,9999.000,9999.000,9999.000,9999.000,9999.000,9999.000,9999.000
202604181600,  20.244,9999.000,   0.800,   0.080,  21.124,   0.700,  21.024,   0.900,  21.224
202604181606,  20.278,9999.000,9999.000,9999.000,9999.000,9999.000,9999.000,9999.000,9999.000
202604181612,  20.281,9999.000,9999.000,9999.000,9999.000,9999.000,9999.000,9999.000,9999.000
202604181618,  20.253,9999.000,9999.000,9999.000,9999.000,9999.000,9999.000,9999.000,9999.000
202604181624,  20.195,9999.000,9999.000,9999.000,9999.000,9999.000,9999.000,9999.000,9999.000
202604181630,  20.108,9999.000,9999.000,9999.000,9999.000,9999.000,9999.000,9999.000,9999.000
202604181636,  19.991,9999.000,9999.000,9999.000,9999.000,9999.000,9999.000,9999.000,9999.000
202604181642,  19.845,9999.000,9999.000,9999.000,9999.000,9999.000,9999.000,9999.000,9999.000
202604181648,  19.672,9999.000,9999.000,9999.000,9999.000,9999.000,9999.000,9999.000,9999.000
202604181654,  19.473,9999.000,9999.000,9999.000,9999.000,9999.000,9999.000,9999.000,9999.000
202604181700,  19.247,9999.000,   0.800,   0.080,  20.127,   0.700,  20.027,   0.900,  20.227
202604181706,  18.997,9999.000,9999.000,9999.000,9999.000,9999.000,9999.000,9999.000,9999.000
202604181712,  18.724,9999.000,9999.000,9999.000,9999.000,9999.000,9999.000,9999.000,9999.000
202604181718,  18.428,9999.000,9999.000,9999.000,9999.000,9999.000,9999.000,9999.000,9999.000
202604181724,  18.111,9999.000,9999.000,9999.000,9999.000,9999.000,9999.000,9999.000,9999.000
202604181730,  17.775,9999.000,9999.000,9999.000,9999.000,9999.000,9999.000,9999.000,9999.000
202604181736,  17.420,9999.000,9999.000,9999.000,9999.000,9999.000,9999.000,9999.000,9999.000
202604181742,  17.048,9999.000,9999.000,9999.000,9999.000,9999.000,9999.000,9999.000,9999.000
202604181748,  16.659,9999.000,9999.000,9999.000,9999.000,9999.000,9999.000,9999.000,9999.000
202604181754,  16.256,9999.000,9999.000,9999.000,9999.000,9999.000,9999.000,9999.000,9999.000
202604181800,  15.840,9999.000,   0.800,   0.080,  16.720,   0.700,  16.620,   0.900,  16.820
202604181806,  15.411,9999.000,9999.000,9999.000,9999.000,9999.000,9999.000,9999.000,9999.000
202604181812,  14.972,9999.000,9999.000,9999.000,9999.000,9999.000,9999.000,9999.000,9999.000
202604181818,  14.522,9999.000,9999.000,9999.000,9999.000,9999.000,9999.000,9999.000,9999.000
202604181824,  14.064,9999.000,9999.000,9999.000,9999.000,9999.000,9999.000,9999.000,9999.000
202604181830,  13.597,9999.000,9999.000,9999.000,9999.000,9999.000,9999.000,9999.000,9999.000
202604181836,  13.124,9999.000,9999.000,9999.000,9999.000,9999.000,9999.000,9999.000,9999.000
202604181842,  12.646,9999.000,9999.000,9999.000,9999.000,9999.000,9999.000,9999.000,9999.000
202604181848,  12.162,9999.000,9999.000,9999.000,9999.000,9999.000,9999.000,9999.000,9999.000
202604181854,  11.675,9999.000,9999.000,9999.000,9999.000,9999.000,9999.000,9999.000,9999.000
202604181900,  11.185,9999.000,   0.800,   0.080,  12.065,   0.700,  11.965,   1.000,  12.265
202604181906,  10.693,9999.000,9999.000,9999.000,9999.000,9999.000,9999.000,9999.000,9999.000
202604181912,  10.199,9999.000,9999.000,9999.000,9999.000,9999.000,9999.000,9999.000,9999.000
202604181918,   9.705,9999.000,9999.000,9999.000,9999.000,9999.000,9999.000,9999.000,9999.000
202604181924,   9.212,9999.000,9999.000,9999.000,9999.000,9999.000,9999.000,9999.000,9999.000
202604181930,   8.719,9999.000,9999.000,9999.000,9999.000,9999.000,9999.000,9999.000,9999.000
202604181936,   8.228,9999.000,9999.000,9999.000,9999.000,9999.000,9999.000,9999.000,9999.000
202604181942,   7.740,9999.000,9999.000,9999.000,9999.000,9999.000,9999.000,9999.000,9999.000
202604181948,   7.255,9999.000,9999.000,9999.000,9999.000,9999.000,9999.000,9999.000,9999.000
202604181954,   6.774,9999.000,9999.000,9999.000,9999.000,9999.000,9999.000,9999.000,9999.000
202604182000,   6.299,9999.000,   0.900,   0.080,   7.279,   0.700,   7.079,   1.000,   7.379
202604182006,   5.828,9999.000,9999.000,9999.000,9999.000,9999.000,9999.000,9999.000,9999.000
202604182012,   5.365,9999.000,9999.000,9999.000,9999.000,9999.000,9999.000,9999.000,9999.000
202604182018,   4.909,9999.000,9999.000,9999.000,9999.000,9999.000,9999.000,9999.000,9999.000
202604182024,   4.461,9999.000,9999.000,9999.000,9999.000,9999.000,9999.000,9999.000,9999.000
202604182030,   4.023,9999.000,9999.000,9999.000,9999.000,9999.000,9999.000,9999.000,9999.000
202604182036,   3.595,9999.000,9999.000,9999.000,9999.000,9999.000,9999.000,9999.000,9999.000
202604182042,   3.178,9999.000,9999.000,9999.000,9999.000,9999.000,9999.000,9999.000,9999.000
202604182048,   2.774,9999.000,9999.000,9999.000,9999.000,9999.000,9999.000,9999.000,9999.000
202604182054,   2.384,9999.000,9999.000,9999.000,9999.000,9999.000,9999.000,9999.000,9999.000
202604182100,   2.009,9999.000,   0.900,   0.080,   2.989,   0.800,   2.889,   1.000,   3.089
202604182106,   1.650,9999.000,9999.000,9999.000,9999.000,9999.000,9999.000,9999.000,9999.000
202604182112,   1.309,9999.000,9999.000,9999.000,9999.000,9999.000,9999.000,9999.000,9999.000
202604182118,   0.986,9999.000,9999.000,9999.000,9999.000,9999.000,9999.000,9999.000,9999.000
202604182124,   0.684,9999.000,9999.000,9999.000,9999.000,9999.000,9999.000,9999.000,9999.000
202604182130,   0.403,9999.000,9999.000,9999.000,9999.000,9999.000,9999.000,9999.000,9999.000
202604182136,   0.145,9999.000,9999.000,9999.000,9999.000,9999.000,9999.000,9999.000,9999.000
202604182142,  -0.088,9999.000,9999.000,9999.000,9999.000,9999.000,9999.000,9999.000,9999.000
202604182148,  -0.296,9999.000,9999.000,9999.000,9999.000,9999.000,9999.000,9999.000,9999.000
202604182154,  -0.478,9999.000,9999.000,9999.000,9999.000,9999.000,9999.000,9999.000,9999.000
202604182200,  -0.632,9999.000,   0.900,   0.080,   0.348,   0.800,   0.248,   1.000,   0.448
202604182206,  -0.757,9999.000,9999.000,9999.000,9999.000,9999.000,9999.000,9999.000,9999.000
202604182212,  -0.852,9999.000,9999.000,9999.000,9999.000,9999.000,9999.000,9999.000,9999.000
202604182218,  -0.917,9999.000,9999.000,9999.000,9999.000,9999.000,9999.000,9999.000,9999.000
202604182224,  -0.950,9999.000,9999.000,9999.000,9999.000,9999.000,9999.000,9999.000,9999.000
202604182230,  -0.952,9999.000,9999.000,9999.000,9999.000,9999.000,9999.000,9999.000,9999.000
202604182236,  -0.921,9999.000,9999.000,9999.000,9999.000,9999.000,9999.000,9999.000,9999.000
202604182242,  -0.857,9999.000,9999.000,9999.000,9999.000,9999.000,9999.000,9999.000,9999.000
202604182248,  -0.761,9999.000,9999.000,9999.000,9999.000,9999.000,9999.000,9999.000,9999.000
202604182254,  -0.632,9999.000,9999.000,9999.000,9999.000,9999.000,9999.000,9999.000,9999.000
202604182300,  -0.470,9999.000,   0.900,   0.080,   0.510,   0.800,   0.410,   1.000,   0.610
202604182306,  -0.277,9999.000,9999.000,9999.000,9999.000,9999.000,9999.000,9999.000,9999.000
202604182312,  -0.053,9999.000,9999.000,9999.000,9999.000,9999.000,9999.000,9999.000,9999.000
202604182318,   0.201,9999.000,9999.000,9999.000,9999.000,9999.000,9999.000,9999.000,9999.000
202604182324,   0.485,9999.000,9999.000,9999.000,9999.000,9999.000,9999.000,9999.000,9999.000
202604182330,   0.798,9999.000,9999.000,9999.000,9999.000,9999.000,9999.000,9999.000,9999.000
202604182336,   1.138,9999.000,9999.000,9999.000,9999.000,9999.000,9999.000,9999.000,9999.000
202604182342,   1.503,9999.000,9999.000,9999.000,9999.000,9999.000,9999.000,9999.000,9999.000
202604182348,   1.894,9999.000,9999.000,9999.000,9999.000,9999.000,9999.000,9999.000,9999.000
202604182354,   2.307,9999.000,9999.000,9999.000,9999.000,9999.000,9999.000,9999.000,9999.000
202604190000,   2.741,9999.000,   0.900,   0.080,   3.721,   0.800,   3.621,   1.000,   3.821
202604190006,   3.195,9999.000,9999.000,9999.000,9999.000,9999.000,9999.000,9999.000,9999.000
202604190012,   3.668,9999.000,9999.000,9999.000,9999.000,9999.000,9999.000,9999.000,9999.000
202604190018,   4.156,9999.000,9999.000,9999.000,9999.000,9999.000,9999.000,9999.000,9999.000
202604190024,   4.660,9999.000,9999.000,9999.000,9999.000,9999.000,9999.000,9999.000,9999.000
202604190030,   5.176,9999.000,9999.000,9999.000,9999.000,9999.000,9999.000,9999.000,9999.000
202604190036,   5.704,9999.000,9999.000,9999.000,9999.000,9999.000,9999.000,9999.000,9999.000
202604190042,   6.242,9999.000,9999.000,9999.000,9999.000,9999.000,9999.000,9999.000,9999.000
202604190048,   6.788,9999.000,9999.000,9999.000,9999.000,9999.000,9999.000,9999.000,9999.000
202604190054,   7.341,9999.000,9999.000,9999.000,9999.000,9999.000,9999.000,9999.000,9999.000
202604190100,   7.900,9999.000,   0.900,   0.080,   8.880,   0.800,   8.780,   1.100,   9.080
202604190106,   8.462,9999.000,9999.000,9999.000,9999.000,9999.000,9999.000,9999.000,9999.000
202604190112,   9.028,9999.000,9999.000,9999.000,9999.000,9999.000,9999.000,9999.000,9999.000
202604190118,   9.595,9999.000,9999.000,9999.000,9999.000,9999.000,9999.000,9999.000,9999.000
202604190124,  10.162,9999.000,9999.000,9999.000,9999.000,9999.000,9999.000,9999.000,9999.000
202604190130,  10.729,9999.000,9999.000,9999.000,9999.000,9999.000,9999.000,9999.000,9999.000
202604190136,  11.293,9999.000,9999.000,9999.000,9999.000,9999.000,9999.000,9999.000,9999.000
202604190142,  11.854,9999.000,9999.000,9999.000,9999.000,9999.000,9999.000,9999.000,9999.000
202604190148,  12.412,9999.000,9999.000,9999.000,9999.000,9999.000,9999.000,9999.000,9999.000
202604190154,  12.963,9999.000,9999.000,9999.000,9999.000,9999.000,9999.000,9999.000,9999.000
202604190200,  13.508,9999.000,   1.000,   0.080,  14.588,   0.800,  14.388,   1.100,  14.688
202604190206,  14.046,9999.000,9999.000,9999.000,9999.000,9999.000,9999.000,9999.000,9999.000
202604190212,  14.575,9999.000,9999.000,9999.000,9999.000,9999.000,9999.000,9999.000,9999.000
202604190218,  15.094,9999.000,9999.000,9999.000,9999.000,9999.000,9999.000,9999.000,9999.000
202604190224,  15.601,9999.000,9999.000,9999.000,9999.000,9999.000,9999.000,9999.000,9999.000
202604190230,  16.097,9999.000,9999.000,9999.000,9999.000,9999.000,9999.000,9999.000,9999.000
202604190236,  16.578,9999.000,9999.000,9999.000,9999.000,9999.000,9999.000,9999.000,9999.000
202604190242,  17.045,9999.000,9999.000,9999.000,9999.000,9999.000,9999.000,9999.000,9999.000
202604190248,  17.495,9999.000,9999.000,9999.000,9999.000,9999.000,9999.000,9999.000,9999.000
202604190254,  17.927,9999.000,9999.000,9999.000,9999.000,9999.000,9999.000,9999.000,9999.000
202604190300,  18.341,9999.000,   1.000,   0.080,  19.421,   0.900,  19.321,   1.100,  19.521
202604190306,  18.734,9999.000,9999.000,9999.000,9999.000,9999.000,9999.000,9999.000,9999.000
202604190312,  19.105,9999.000,9999.000,9999.000,9999.000,9999.000,9999.000,9999.000,9999.000
202604190318,  19.454,9999.000,9999.000,9999.000,9999.000,9999.000,9999.000,9999.000,9999.000
202604190324,  19.778,9999.000,9999.000,9999.000,9999.000,9999.000,9999.000,9999.000,9999.000
202604190330,  20.076,9999.000,9999.000,9999.000,9999.000,9999.000,9999.000,9999.000,9999.000
202604190336,  20.348,9999.000,9999.000,9999.000,9999.000,9999.000,9999.000,9999.000,9999.000
202604190342,  20.593,9999.000,9999.000,9999.000,9999.000,9999.000,9999.000,9999.000,9999.000
202604190348,  20.809,9999.000,9999.000,9999.000,9999.000,9999.000,9999.000,9999.000,9999.000
202604190354,  20.995,9999.000,9999.000,9999.000,9999.000,9999.000,9999.000,9999.000,9999.000
202604190400,  21.151,9999.000,   1.000,   0.080,  22.231,   0.800,  22.031,   1.100,  22.331
202604190406,  21.277,9999.000,9999.000,9999.000,9999.000,9999.000,9999.000,9999.000,9999.000
202604190412,  21.371,9999.000,9999.000,9999.000,9999.000,9999.000,9999.000,9999.000,9999.000
202604190418,  21.434,9999.000,9999.000,9999.000,9999.000,9999.000,9999.000,9999.000,9999.000
202604190424,  21.464,9999.000,9999.000,9999.000,9999.000,9999.000,9999.000,9999.000,9999.000
202604190430,  21.463,9999.000,9999.000,9999.000,9999.000,9999.000,9999.000,9999.000,9999.000
202604190436,  21.431,9999.000,9999.000,9999.000,9999.000,9999.000,9999.000,9999.000,9999.000
202604190442,  21.367,9999.000,9999.000,9999.000,9999.000,9999.000,9999.000,9999.000,9999.000
202604190448,  21.271,9999.000,9999.000,9999.000,9999.000,9999.000,9999.000,9999.000,9999.000
202604190454,  21.146,9999.000,9999.000,9999.000,9999.000,9999.000,9999.000,9999.000,9999.000
202604190500,  20.990,9999.000,   1.000,   0.080,  22.070,   0.800,  21.870,   1.100,  22.170
202604190506,  20.805,9999.000,9999.000,9999.000,9999.000,9999.000,9999.000,9999.000,9999.000
202604190512,  20.593,9999.000,9999.000,9999.000,9999.000,9999.000,9999.000,9999.000,9999.000
202604190518,  20.352,9999.000,9999.000,9999.000,9999.000,9999.000,9999.000,9999.000,9999.000
202604190524,  20.086,9999.000,9999.000,9999.000,9999.000,9999.000,9999.000,9999.000,9999.000
202604190530,  19.794,9999.000,9999.000,9999.000,9999.000,9999.000,9999.000,9999.000,9999.000
202604190536,  19.479,9999.000,9999.000,9999.000,9999.000,9999.000,9999.000,9999.000,9999.000
202604190542,  19.140,9999.000,9999.000,9999.000,9999.000,9999.000,9999.000,9999.000,9999.000
202604190548,  18.781,9999.000,9999.000,9999.000,9999.000,9999.000,9999.000,9999.000,9999.000
202604190554,  18.401,9999.000,9999.000,9999.000,9999.000,9999.000,9999.000,9999.000,9999.000
202604190600,  18.002,9999.000,   0.900,   0.080,  18.982,   0.800,  18.882,   1.100,  19.182
202604190606,  17.586,9999.000,9999.000,9999.000,9999.000,9999.000,9999.000,9999.000,9999.000
202604190612,  17.153,9999.000,9999.000,9999.000,9999.000,9999.000,9999.000,9999.000,9999.000
202604190618,  16.706,9999.000,9999.000,9999.000,9999.000,9999.000,9999.000,9999.000,9999.000
202604190624,  16.245,9999.000,9999.000,9999.000,9999.000,9999.000,9999.000,9999.000,9999.000
202604190630,  15.771,9999.000,9999.000,9999.000,9999.000,9999.000,9999.000,9999.000,9999.000
202604190636,  15.287,9999.000,9999.000,9999.000,9999.000,9999.000,9999.000,9999.000,9999.000
202604190642,  14.792,9999.000,9999.000,9999.000,9999.000,9999.000,9999.000,9999.000,9999.000
202604190648,  14.289,9999.000,9999.000,9999.000,9999.000,9999.000,9999.000,9999.000,9999.000
202604190654,  13.778,9999.000,9999.000,9999.000,9999.000,9999.000,9999.000,9999.000,9999.000
202604190700,  13.260,9999.000,   0.900,   0.080,  14.240,   0.800,  14.140,   1.000,  14.340
202604190706,  12.736,9999.000,9999.000,9999.000,9999.000,9999.000,9999.000,9999.000,9999.000
202604190712,  12.208,9999.000,9999.000,9999.000,9999.000,9999.000,9999.000,9999.000,9999.000
202604190718,  11.677,9999.000,9999.000,9999.000,9999.000,9999.000,9999.000,9999.000,9999.000
202604190724,  11.142,9999.000,9999.000,9999.000,9999.000,9999.000,9999.000,9999.000,9999.000
202604190730,  10.606,9999.000,9999.000,9999.000,9999.000,9999.000,9999.000,9999.000,9999.000
202604190736,  10.069,9999.000,9999.000,9999.000,9999.000,9999.000,9999.000,9999.000,9999.000
202604190742,   9.532,9999.000,9999.000,9999.000,9999.000,9999.000,9999.000,9999.000,9999.000
202604190748,   8.995,9999.000,9999.000,9999.000,9999.000,9999.000,9999.000,9999.000,9999.000
202604190754,   8.459,9999.000,9999.000,9999.000,9999.000,9999.000,9999.000,9999.000,9999.000
202604190800,   7.926,9999.000,   0.900,   0.080,   8.906,   0.700,   8.706,   1.000,   9.006
202604190806,   7.396,9999.000,9999.000,9999.000,9999.000,9999.000,9999.000,9999.000,9999.000
202604190812,   6.870,9999.000,9999.000,9999.000,9999.000,9999.000,9999.000,9999.000,9999.000
202604190818,   6.348,9999.000,9999.000,9999.000,9999.000,9999.000,9999.000,9999.000,9999.000
202604190824,   5.832,9999.000,9999.000,9999.000,9999.000,9999.000,9999.000,9999.000,9999.000
202604190830,   5.322,9999.000,9999.000,9999.000,9999.000,9999.000,9999.000,9999.000,9999.000
202604190836,   4.819,9999.000,9999.000,9999.000,9999.000,9999.000,9999.000,9999.000,9999.000
202604190842,   4.324,9999.000,9999.000,9999.000,9999.000,9999.000,9999.000,9999.000,9999.000
202604190848,   3.838,9999.000,9999.000,9999.000,9999.000,9999.000,9999.000,9999.000,9999.000
202604190854,   3.362,9999.000,9999.000,9999.000,9999.000,9999.000,9999.000,9999.000,9999.000
202604190900,   2.897,9999.000,   0.800,   0.080,   3.777,   0.700,   3.677,   0.900,   3.877
202604190906,   2.443,9999.000,9999.000,9999.000,9999.000,9999.000,9999.000,9999.000,9999.000
202604190912,   2.003,9999.000,9999.000,9999.000,9999.000,9999.000,9999.000,9999.000,9999.000
202604190918,   1.577,9999.000,9999.000,9999.000,9999.000,9999.000,9999.000,9999.000,9999.000
202604190924,   1.167,9999.000,9999.000,9999.000,9999.000,9999.000,9999.000,9999.000,9999.000
202604190930,   0.773,9999.000,9999.000,9999.000,9999.000,9999.000,9999.000,9999.000,9999.000
202604190936,   0.398,9999.000,9999.000,9999.000,9999.000,9999.000,9999.000,9999.000,9999.000
202604190942,   0.041,9999.000,9999.000,9999.000,9999.000,9999.000,9999.000,9999.000,9999.000
202604190948,  -0.294,9999.000,9999.000,9999.000,9999.000,9999.000,9999.000,9999.000,9999.000
202604190954,  -0.607,9999.000,9999.000,9999.000,9999.000,9999.000,9999.000,9999.000,9999.000
202604191000,  -0.898,9999.000,   0.800,   0.080,  -0.018,   0.700,  -0.118,   0.900,   0.082
202604191006,  -1.163,9999.000,9999.000,9999.000,9999.000,9999.000,9999.000,9999.000,9999.000
202604191012,  -1.403,9999.000,9999.000,9999.000,9999.000,9999.000,9999.000,9999.000,9999.000
202604191018,  -1.616,9999.000,9999.000,9999.000,9999.000,9999.000,9999.000,9999.000,9999.000
202604191024,  -1.801,9999.000,9999.000,9999.000,9999.000,9999.000,9999.000,9999.000,9999.000
202604191030,  -1.956,9999.000,9999.000,9999.000,9999.000,9999.000,9999.000,9999.000,9999.000
202604191036,  -2.081,9999.000,9999.000,9999.000,9999.000,9999.000,9999.000,9999.000,9999.000
202604191042,  -2.174,9999.000,9999.000,9999.000,9999.000,9999.000,9999.000,9999.000,9999.000
202604191048,  -2.236,9999.000,9999.000,9999.000,9999.000,9999.000,9999.000,9999.000,9999.000
202604191054,  -2.265,9999.000,9999.000,9999.000,9999.000,9999.000,9999.000,9999.000,9999.000
202604191100,  -2.262,9999.000,   0.700,   0.080,  -1.482,   0.700,  -1.482,   0.800,  -1.382
202604191106,  -2.225,9999.000,9999.000,9999.000,9999.000,9999.000,9999.000,9999.000,9999.000
202604191112,  -2.155,9999.000,9999.000,9999.000,9999.000,9999.000,9999.000,9999.000,9999.000
202604191118,  -2.051,9999.000,9999.000,9999.000,9999.000,9999.000,9999.000,9999.000,9999.000
202604191124,  -1.915,9999.000,9999.000,9999.000,9999.000,9999.000,9999.000,9999.000,9999.000
202604191130,  -1.746,9999.000,9999.000,9999.000,9999.000,9999.000,9999.000,9999.000,9999.000
202604191136,  -1.545,9999.000,9999.000,9999.000,9999.000,9999.000,9999.000,9999.000,9999.000
202604191142,  -1.313,9999.000,9999.000,9999.000,9999.000,9999.000,9999.000,9999.000,9999.000
202604191148,  -1.050,9999.000,9999.000,9999.000,9999.000,9999.000,9999.000,9999.000,9999.000
202604191154,  -0.758,9999.000,9999.000,9999.000,9999.000,9999.000,9999.000,9999.000,9999.000
202604191200,  -0.438,9999.000,   0.700,   0.080,   0.342,   0.600,   0.242,   0.800,   0.442
202604191206,  -0.092,9999.000,9999.000,9999.000,9999.000,9999.000,9999.000,9999.000,9999.000
202604191212,   0.279,9999.000,9999.000,9999.000,9999.000,9999.000,9999.000,9999.000,9999.000
202604191218,   0.675,9999.000,9999.000,9999.000,9999.000,9999.000,9999.000,9999.000,9999.000
202604191224,   1.093,9999.000,9999.000,9999.000,9999.000,9999.000,9999.000,9999.000,9999.000
202604191230,   1.532,9999.000,9999.000,9999.000,9999.000,9999.000,9999.000,9999.000,9999.000
202604191236,   1.990,9999.000,9999.000,9999.000,9999.000,9999.000,9999.000,9999.000,9999.000
202604191242,   2.465,9999.000,9999.000,9999.000,9999.000,9999.000,9999.000,9999.000,9999.000
202604191248,   2.956,9999.000,9999.000,9999.000,9999.000,9999.000,9999.000,9999.000,9999.000
202604191254,   3.461,9999.000,9999.000,9999.000,9999.000,9999.000,9999.000,9999.000,9999.000
202604191300,   3.978,9999.000,   0.700,   0.080,   4.758,   0.600,   4.658,   0.800,   4.858
202604191306,   4.506,9999.000,9999.000,9999.000,9999.000,9999.000,9999.000,9999.000,9999.000
202604191312,   5.043,9999.000,9999.000,9999.000,9999.000,9999.000,9999.000,9999.000,9999.000
202604191318,   5.589,9999.000,9999.000,9999.000,9999.000,9999.000,9999.000,9999.000,9999.000
202604191324,   6.140,9999.000,9999.000,9999.000,9999.000,9999.000,9999.000,9999.000,9999.000
202604191330,   6.697,9999.000,9999.000,9999.000,9999.000,9999.000,9999.000,9999.000,9999.000
202604191336,   7.257,9999.000,9999.000,9999.000,9999.000,9999.000,9999.000,9999.000,9999.000
202604191342,   7.820,9999.000,9999.000,9999.000,9999.000,9999.000,9999.000,9999.000,9999.000
202604191348,   8.384,9999.000,9999.000,9999.000,9999.000,9999.000,9999.000,9999.000,9999.000
202604191354,   8.948,9999.000,9999.000,9999.000,9999.000,9999.000,9999.000,9999.000,9999.000
202604191400,   9.511,9999.000,   0.700,   0.080,  10.291,   0.700,  10.291,   0.800,  10.391
202604191406,  10.072,9999.000,9999.000,9999.000,9999.000,9999.000,9999.000,9999.000,9999.000
202604191412,  10.629,9999.000,9999.000,9999.000,9999.000,9999.000,9999.000,9999.000,9999.000
202604191418,  11.182,9999.000,9999.000,9999.000,9999.000,9999.000,9999.000,9999.000,9999.000
202604191424,  11.729,9999.000,9999.000,9999.000,9999.000,9999.000,9999.000,9999.000,9999.000
202604191430,  12.270,9999.000,9999.000,9999.000,9999.000,9999.000,9999.000,9999.000,9999.000
202604191436,  12.803,9999.000,9999.000,9999.000,9999.000,9999.000,9999.000,9999.000,9999.000
202604191442,  13.327,9999.000,9999.000,9999.000,9999.000,9999.000,9999.000,9999.000,9999.000
202604191448,  13.840,9999.000,9999.000,9999.000,9999.000,9999.000,9999.000,9999.000,9999.000
202604191454,  14.343,9999.000,9999.000,9999.000,9999.000,9999.000,9999.000,9999.000,9999.000
202604191500,  14.832,9999.000,   0.800,   0.080,  15.712,   0.700,  15.612,   0.800,  15.712
202604191506,  15.308,9999.000,9999.000,9999.000,9999.000,9999.000,9999.000,9999.000,9999.000
202604191512,  15.769,9999.000,9999.000,9999.000,9999.000,9999.000,9999.000,9999.000,9999.000
202604191518,  16.213,9999.000,9999.000,9999.000,9999.000,9999.000,9999.000,9999.000,9999.000
202604191524,  16.640,9999.000,9999.000,9999.000,9999.000,9999.000,9999.000,9999.000,9999.000
202604191530,  17.047,9999.000,9999.000,9999.000,9999.000,9999.000,9999.000,9999.000,9999.000
202604191536,  17.434,9999.000,9999.000,9999.000,9999.000,9999.000,9999.000,9999.000,9999.000
202604191542,  17.799,9999.000,9999.000,9999.000,9999.000,9999.000,9999.000,9999.000,9999.000
202604191548,  18.141,9999.000,9999.000,9999.000,9999.000,9999.000,9999.000,9999.000,9999.000
202604191554,  18.459,9999.000,9999.000,9999.000,9999.000,9999.000,9999.000,9999.000,9999.000
202604191600,  18.752,9999.000,   0.800,   0.080,  19.632,   0.700,  19.532,   0.900,  19.732
202604191606,  19.019,9999.000,9999.000,9999.000,9999.000,9999.000,9999.000,9999.000,9999.000
202604191612,  19.258,9999.000,9999.000,9999.000,9999.000,9999.000,9999.000,9999.000,9999.000
202604191618,  19.470,9999.000,9999.000,9999.000,9999.000,9999.000,9999.000,9999.000,9999.000
202604191624,  19.652,9999.000,9999.000,9999.000,9999.000,9999.000,9999.000,9999.000,9999.000
202604191630,  19.805,9999.000,9999.000,9999.000,9999.000,9999.000,9999.000,9999.000,9999.000
202604191636,  19.928,9999.000,9999.000,9999.000,9999.000,9999.000,9999.000,9999.000,9999.000
202604191642,  20.021,9999.000,9999.000,9999.000,9999.000,9999.000,9999.000,9999.000,9999.000
202604191648,  20.083,9999.000,9999.000,9999.000,9999.000,9999.000,9999.000,9999.000,9999.000
202604191654,  20.115,9999.000,9999.000,9999.000,9999.000,9999.000,9999.000,9999.000,9999.000
202604191700,  20.117,9999.000,   0.800,   0.080,  20.997,   0.700,  20.897,   0.900,  21.097
202604191706,  20.088,9999.000,9999.000,9999.000,9999.000,9999.000,9999.000,9999.000,9999.000
202604191712,  20.029,9999.000,9999.000,9999.000,9999.000,9999.000,9999.000,9999.000,9999.000
202604191718,  19.941,9999.000,9999.000,9999.000,9999.000,9999.000,9999.000,9999.000,9999.000
202604191724,  19.824,9999.000,9999.000,9999.000,9999.000,9999.000,9999.000,9999.000,9999.000
202604191730,  19.679,9999.000,9999.000,9999.000,9999.000,9999.000,9999.000,9999.000,9999.000
202604191736,  19.507,9999.000,9999.000,9999.000,9999.000,9999.000,9999.000,9999.000,9999.000
202604191742,  19.308,9999.000,9999.000,9999.000,9999.000,9999.000,9999.000,9999.000,9999.000
202604191748,  19.085,9999.000,9999.000,9999.000,9999.000,9999.000,9999.000,9999.000,9999.000
202604191754,  18.837,9999.000,9999.000,9999.000,9999.000,9999.000,9999.000,9999.000,9999.000
202604191800,  18.565,9999.000,   0.800,   0.080,  19.445,   0.700,  19.345,   0.900,  19.545
202604191806,  18.272,9999.000,9999.000,9999.000,9999.000,9999.000,9999.000,9999.000,9999.000
202604191812,  17.958,9999.000,9999.000,9999.000,9999.000,9999.000,9999.000,9999.000,9999.000
202604191818,  17.625,9999.000,9999.000,9999.000,9999.000,9999.000,9999.000,9999.000,9999.000
202604191824,  17.274,9999.000,9999.000,9999.000,9999.000,9999.000,9999.000,9999.000,9999.000
202604191830,  16.905,9999.000,9999.000,9999.000,9999.000,9999.000,9999.000,9999.000,9999.000
202604191836,  16.521,9999.000,9999.000,9999.000,9999.000,9999.000,9999.000,9999.000,9999.000
202604191842,  16.123,9999.000,9999.000,9999.000,9999.000,9999.000,9999.000,9999.000,9999.000
202604191848,  15.712,9999.000,9999.000,9999.000,9999.000,9999.000,9999.000,9999.000,9999.000
202604191854,  15.288,9999.000,9999.000,9999.000,9999.000,9999.000,9999.000,9999.000,9999.000
202604191900,  14.854,9999.000,   0.800,   0.080,  15.734,   0.700,  15.634,   0.900,  15.834
202604191906,  14.410,9999.000,9999.000,9999.000,9999.000,9999.000,9999.000,9999.000,9999.000
202604191912,  13.958,9999.000,9999.000,9999.000,9999.000,9999.000,9999.000,9999.000,9999.000
202604191918,  13.498,9999.000,9999.000,9999.000,9999.000,9999.000,9999.000,9999.000,9999.000
202604191924,  13.032,9999.000,9999.000,9999.000,9999.000,9999.000,9999.000,9999.000,9999.000
202604191930,  12.560,9999.000,9999.000,9999.000,9999.000,9999.000,9999.000,9999.000,9999.000
202604191936,  12.084,9999.000,9999.000,9999.000,9999.000,9999.000,9999.000,9999.000,9999.000
202604191942,  11.605,9999.000,9999.000,9999.000,9999.000,9999.000,9999.000,9999.000,9999.000
202604191948,  11.123,9999.000,9999.000,9999.000,9999.000,9999.000,9999.000,9999.000,9999.000
202604191954,  10.639,9999.000,9999.000,9999.000,9999.000,9999.000,9999.000,9999.000,9999.000
202604192000,  10.155,9999.000,   0.800,   0.080,  11.035,   0.700,  10.935,   1.000,  11.235
202604192006,   9.670,9999.000,9999.000,9999.000,9999.000,9999.000,9999.000,9999.000,9999.000
202604192012,   9.186,9999.000,9999.000,9999.000,9999.000,9999.000,9999.000,9999.000,9999.000
202604192018,   8.703,9999.000,9999.000,9999.000,9999.000,9999.000,9999.000,9999.000,9999.000
202604192024,   8.222,9999.000,9999.000,9999.000,9999.000,9999.000,9999.000,9999.000,9999.000
202604192030,   7.744,9999.000,9999.000,9999.000,9999.000,9999.000,9999.000,9999.000,9999.000
202604192036,   7.270,9999.000,9999.000,9999.000,9999.000,9999.000,9999.000,9999.000,9999.000
202604192042,   6.800,9999.000,9999.000,9999.000,9999.000,9999.000,9999.000,9999.000,9999.000
202604192048,   6.336,9999.000,9999.000,9999.000,9999.000,9999.000,9999.000,9999.000,9999.000
202604192054,   5.877,9999.000,9999.000,9999.000,9999.000,9999.000,9999.000,9999.000,9999.000
202604192100,   5.425,9999.000,   0.800,   0.080,   6.305,   0.700,   6.205,   1.000,   6.505
202604192106,   4.980,9999.000,9999.000,9999.000,9999.000,9999.000,9999.000,9999.000,9999.000
202604192112,   4.544,9999.000,9999.000,9999.000,9999.000,9999.000,9999.000,9999.000,9999.000
202604192118,   4.118,9999.000,9999.000,9999.000,9999.000,9999.000,9999.000,9999.000,9999.000
202604192124,   3.701,9999.000,9999.000,9999.000,9999.000,9999.000,9999.000,9999.000,9999.000
202604192130,   3.296,9999.000,9999.000,9999.000,9999.000,9999.000,9999.000,9999.000,9999.000
202604192136,   2.904,9999.000,9999.000,9999.000,9999.000,9999.000,9999.000,9999.000,9999.000
202604192142,   2.525,9999.000,9999.000,9999.000,9999.000,9999.000,9999.000,9999.000,9999.000
202604192148,   2.160,9999.000,9999.000,9999.000,9999.000,9999.000,9999.000,9999.000,9999.000
202604192154,   1.812,9999.000,9999.000,9999.000,9999.000,9999.000,9999.000,9999.000,9999.000
202604192200,   1.480,9999.000,   0.800,   0.080,   2.360,   0.700,   2.260,   1.000,   2.560
202604192206,   1.167,9999.000,9999.000,9999.000,9999.000,9999.000,9999.000,9999.000,9999.000
202604192212,   0.874,9999.000,9999.000,9999.000,9999.000,9999.000,9999.000,9999.000,9999.000
202604192218,   0.601,9999.000,9999.000,9999.000,9999.000,9999.000,9999.000,9999.000,9999.000
202604192224,   0.351,9999.000,9999.000,9999.000,9999.000,9999.000,9999.000,9999.000,9999.000
202604192230,   0.124,9999.000,9999.000,9999.000,9999.000,9999.000,9999.000,9999.000,9999.000
202604192236,  -0.077,9999.000,9999.000,9999.000,9999.000,9999.000,9999.000,9999.000,9999.000
202604192242,  -0.253,9999.000,9999.000,9999.000,9999.000,9999.000,9999.000,9999.000,9999.000
202604192248,  -0.402,9999.000,9999.000,9999.000,9999.000,9999.000,9999.000,9999.000,9999.000
202604192254,  -0.523,9999.000,9999.000,9999.000,9999.000,9999.000,9999.000,9999.000,9999.000
202604192300,  -0.614,9999.000,   0.800,   0.080,   0.266,   0.700,   0.166,   1.000,   0.466
202604192306,  -0.676,9999.000,9999.000,9999.000,9999.000,9999.000,9999.000,9999.000,9999.000
202604192312,  -0.707,9999.000,9999.000,9999.000,9999.000,9999.000,9999.000,9999.000,9999.000
202604192318,  -0.707,9999.000,9999.000,9999.000,9999.000,9999.000,9999.000,9999.000,9999.000
202604192324,  -0.676,9999.000,9999.000,9999.000,9999.000,9999.000,9999.000,9999.000,9999.000
202604192330,  -0.612,9999.000,9999.000,9999.000,9999.000,9999.000,9999.000,9999.000,9999.000
202604192336,  -0.516,9999.000,9999.000,9999.000,9999.000,9999.000,9999.000,9999.000,9999.000
202604192342,  -0.388,9999.000,9999.000,9999.000,9999.000,9999.000,9999.000,9999.000,9999.000
202604192348,  -0.228,9999.000,9999.000,9999.000,9999.000,9999.000,9999.000,9999.000,9999.000
202604192354,  -0.037,9999.000,9999.000,9999.000,9999.000,9999.000,9999.000,9999.000,9999.000
202604200000,   0.184,9999.000,   0.800,   0.080,   1.064,   0.600,   0.864,   1.000,   1.264
202604200006,   0.436,9999.000,9999.000,9999.000,9999.000,9999.000,9999.000,9999.000,9999.000
202604200012,   0.717,9999.000,9999.000,9999.000,9999.000,9999.000,9999.000,9999.000,9999.000
202604200018,   1.026,9999.000,9999.000,9999.000,9999.000,9999.000,9999.000,9999.000,9999.000
202604200024,   1.363,9999.000,9999.000,9999.000,9999.000,9999.000,9999.000,9999.000,9999.000
202604200030,   1.725,9999.000,9999.000,9999.000,9999.000,9999.000,9999.000,9999.000,9999.000
202604200036,   2.111,9999.000,9999.000,9999.000,9999.000,9999.000,9999.000,9999.000,9999.000
202604200042,   2.520,9999.000,9999.000,9999.000,9999.000,9999.000,9999.000,9999.000,9999.000
202604200048,   2.950,9999.000,9999.000,9999.000,9999.000,9999.000,9999.000,9999.000,9999.000
202604200054,   3.400,9999.000,9999.000,9999.000,9999.000,9999.000,9999.000,9999.000,9999.000
202604200100,   3.868,9999.000,   0.800,   0.080,   4.748,   0.600,   4.548,   0.900,   4.848
202604200106,   4.352,9999.000,9999.000,9999.000,9999.000,9999.000,9999.000,9999.000,9999.000
202604200112,   4.850,9999.000,9999.000,9999.000,9999.000,9999.000,9999.000,9999.000,9999.000
202604200118,   5.361,9999.000,9999.000,9999.000,9999.000,9999.000,9999.000,9999.000,9999.000
202604200124,   5.884,9999.000,9999.000,9999.000,9999.000,9999.000,9999.000,9999.000,9999.000
202604200130,   6.416,9999.000,9999.000,9999.000,9999.000,9999.000,9999.000,9999.000,9999.000
202604200136,   6.956,9999.000,9999.000,9999.000,9999.000,9999.000,9999.000,9999.000,9999.000
202604200142,   7.503,9999.000,9999.000,9999.000,9999.000,9999.000,9999.000,9999.000,9999.000
202604200148,   8.055,9999.000,9999.000,9999.000,9999.000,9999.000,9999.000,9999.000,9999.000
202604200154,   8.611,9999.000,9999.000,9999.000,9999.000,9999.000,9999.000,9999.000,9999.000
202604200200,   9.169,9999.000,   0.700,   0.080,   9.949,   0.600,   9.849,   0.900,  10.149
202604200206,   9.728,9999.000,9999.000,9999.000,9999.000,9999.000,9999.000,9999.000,9999.000
202604200212,  10.287,9999.000,9999.000,9999.000,9999.000,9999.000,9999.000,9999.000,9999.000
202604200218,  10.845,9999.000,9999.000,9999.000,9999.000,9999.000,9999.000,9999.000,9999.000
202604200224,  11.400,9999.000,9999.000,9999.000,9999.000,9999.000,9999.000,9999.000,9999.000
202604200230,  11.952,9999.000,9999.000,9999.000,9999.000,9999.000,9999.000,9999.000,9999.000
202604200236,  12.499,9999.000,9999.000,9999.000,9999.000,9999.000,9999.000,9999.000,9999.000
202604200242,  13.041,9999.000,9999.000,9999.000,9999.000,9999.000,9999.000,9999.000,9999.000
202604200248,  13.575,9999.000,9999.000,9999.000,9999.000,9999.000,9999.000,9999.000,9999.000
202604200254,  14.102,9999.000,9999.000,9999.000,9999.000,9999.000,9999.000,9999.000,9999.000
202604200300,  14.619,9999.000,   0.700,   0.080,  15.399,   0.500,  15.199,   0.900,  15.599
202604200306,  15.127,9999.000,9999.000,9999.000,9999.000,9999.000,9999.000,9999.000,9999.000
202604200312,  15.623,9999.000,9999.000,9999.000,9999.000,9999.000,9999.000,9999.000,9999.000
202604200318,  16.107,9999.000,9999.000,9999.000,9999.000,9999.000,9999.000,9999.000,9999.000
202604200324,  16.577,9999.000,9999.000,9999.000,9999.000,9999.000,9999.000,9999.000,9999.000
202604200330,  17.032,9999.000,9999.000,9999.000,9999.000,9999.000,9999.000,9999.000,9999.000
202604200336,  17.471,9999.000,9999.000,9999.000,9999.000,9999.000,9999.000,9999.000,9999.000
202604200342,  17.893,9999.000,9999.000,9999.000,9999.000,9999.000,9999.000,9999.000,9999.000
202604200348,  18.296,9999.000,9999.000,9999.000,9999.000,9999.000,9999.000,9999.000,9999.000
202604200354,  18.679,9999.000,9999.000,9999.000,9999.000,9999.000,9999.000,9999.000,9999.000
202604200400,  19.040,9999.000,   0.600,   0.080,  19.720,   0.400,  19.520,   0.900,  20.020
202604200406,  19.380,9999.000,9999.000,9999.000,9999.000,9999.000,9999.000,9999.000,9999.000
202604200412,  19.695,9999.000,9999.000,9999.000,9999.000,9999.000,9999.000,9999.000,9999.000
202604200418,  19.986,9999.000,9999.000,9999.000,9999.000,9999.000,9999.000,9999.000,9999.000
202604200424,  20.251,9999.000,9999.000,9999.000,9999.000,9999.000,9999.000,9999.000,9999.000
202604200430,  20.489,9999.000,9999.000,9999.000,9999.000,9999.000,9999.000,9999.000,9999.000
202604200436,  20.699,9999.000,9999.000,9999.000,9999.000,9999.000,9999.000,9999.000,9999.000
202604200442,  20.881,9999.000,9999.000,9999.000,9999.000,9999.000,9999.000,9999.000,9999.000
202604200448,  21.033,9999.000,9999.000,9999.000,9999.000,9999.000,9999.000,9999.000,9999.000
202604200454,  21.155,9999.000,9999.000,9999.000,9999.000,9999.000,9999.000,9999.000,9999.000
202604200500,  21.247,9999.000,   0.600,   0.080,  21.927,   0.300,  21.627,   0.800,  22.127
202604200506,  21.308,9999.000,9999.000,9999.000,9999.000,9999.000,9999.000,9999.000,9999.000
202604200512,  21.338,9999.000,9999.000,9999.000,9999.000,9999.000,9999.000,9999.000,9999.000
202604200518,  21.337,9999.000,9999.000,9999.000,9999.000,9999.000,9999.000,9999.000,9999.000
202604200524,  21.305,9999.000,9999.000,9999.000,9999.000,9999.000,9999.000,9999.000,9999.000
202604200530,  21.242,9999.000,9999.000,9999.000,9999.000,9999.000,9999.000,9999.000,9999.000
202604200536,  21.149,9999.000,9999.000,9999.000,9999.000,9999.000,9999.000,9999.000,9999.000
202604200542,  21.026,9999.000,9999.000,9999.000,9999.000,9999.000,9999.000,9999.000,9999.000
202604200548,  20.874,9999.000,9999.000,9999.000,9999.000,9999.000,9999.000,9999.000,9999.000
202604200554,  20.693,9999.000,9999.000,9999.000,9999.000,9999.000,9999.000,9999.000,9999.000
202604200600,  20.484,9999.000,   0.500,   0.080,  21.064,   0.200,  20.764,   0.800,  21.364
202604200606,  20.249,9999.000,9999.000,9999.000,9999.000,9999.000,9999.000,9999.000,9999.000
202604200612,  19.988,9999.000,9999.000,9999.000,9999.000,9999.000,9999.000,9999.000,9999.000
202604200618,  19.702,9999.000,9999.000,9999.000,9999.000,9999.000,9999.000,9999.000,9999.000
202604200624,  19.392,9999.000,9999.000,9999.000,9999.000,9999.000,9999.000,9999.000,9999.000
202604200630,  19.061,9999.000,9999.000,9999.000,9999.000,9999.000,9999.000,9999.000,9999.000
202604200636,  18.708,9999.000,9999.000,9999.000,9999.000,9999.000,9999.000,9999.000,9999.000
202604200642,  18.335,9999.000,9999.000,9999.000,9999.000,9999.000,9999.000,9999.000,9999.000
202604200648,  17.944,9999.000,9999.000,9999.000,9999.000,9999.000,9999.000,9999.000,9999.000
202604200654,  17.535,9999.000,9999.000,9999.000,9999.000,9999.000,9999.000,9999.000,9999.000
202604200700,  17.111,9999.000,   0.400,   0.080,  17.591,   0.100,  17.291,   0.800,  17.991
202604200706,  16.672,9999.000,9999.000,9999.000,9999.000,9999.000,9999.000,9999.000,9999.000
202604200712,  16.219,9999.000,9999.000,9999.000,9999.000,9999.000,9999.000,9999.000,9999.000
202604200718,  15.754,9999.000,9999.000,9999.000,9999.000,9999.000,9999.000,9999.000,9999.000
202604200724,  15.278,9999.000,9999.000,9999.000,9999.000,9999.000,9999.000,9999.000,9999.000
202604200730,  14.793,9999.000,9999.000,9999.000,9999.000,9999.000,9999.000,9999.000,9999.000
202604200736,  14.298,9999.000,9999.000,9999.000,9999.000,9999.000,9999.000,9999.000,9999.000
202604200742,  13.796,9999.000,9999.000,9999.000,9999.000,9999.000,9999.000,9999.000,9999.000
202604200748,  13.288,9999.000,9999.000,9999.000,9999.000,9999.000,9999.000,9999.000,9999.000
202604200754,  12.774,9999.000,9999.000,9999.000,9999.000,9999.000,9999.000,9999.000,9999.000
202604200800,  12.256,9999.000,   0.400,   0.080,  12.736,   0.100,  12.436,   0.700,  13.036
202604200806,  11.735,9999.000,9999.000,9999.000,9999.000,9999.000,9999.000,9999.000,9999.000
202604200812,  11.210,9999.000,9999.000,9999.000,9999.000,9999.000,9999.000,9999.000,9999.000
202604200818,  10.684,9999.000,9999.000,9999.000,9999.000,9999.000,9999.000,9999.000,9999.000
202604200824,  10.157,9999.000,9999.000,9999.000,9999.000,9999.000,9999.000,9999.000,9999.000
202604200830,   9.631,9999.000,9999.000,9999.000,9999.000,9999.000,9999.000,9999.000,9999.000
202604200836,   9.104,9999.000,9999.000,9999.000,9999.000,9999.000,9999.000,9999.000,9999.000
202604200842,   8.580,9999.000,9999.000,9999.000,9999.000,9999.000,9999.000,9999.000,9999.000
202604200848,   8.057,9999.000,9999.000,9999.000,9999.000,9999.000,9999.000,9999.000,9999.000
202604200854,   7.538,9999.000,9999.000,9999.000,9999.000,9999.000,9999.000,9999.000,9999.000
202604200900,   7.023,9999.000,   0.300,   0.080,   7.403,   0.100,   7.203,   0.600,   7.703
202604200906,   6.512,9999.000,9999.000,9999.000,9999.000,9999.000,9999.000,9999.000,9999.000
202604200912,   6.006,9999.000,9999.000,9999.000,9999.000,9999.000,9999.000,9999.000,9999.000
202604200918,   5.506,9999.000,9999.000,9999.000,9999.000,9999.000,9999.000,9999.000,9999.000
202604200924,   5.014,9999.000,9999.000,9999.000,9999.000,9999.000,9999.000,9999.000,9999.000
202604200930,   4.529,9999.000,9999.000,9999.000,9999.000,9999.000,9999.000,9999.000,9999.000
202604200936,   4.052,9999.000,9999.000,9999.000,9999.000,9999.000,9999.000,9999.000,9999.000
202604200942,   3.585,9999.000,9999.000,9999.000,9999.000,9999.000,9999.000,9999.000,9999.000
202604200948,   3.129,9999.000,9999.000,9999.000,9999.000,9999.000,9999.000,9999.000,9999.000
202604200954,   2.684,9999.000,9999.000,9999.000,9999.000,9999.000,9999.000,9999.000,9999.000
202604201000,   2.251,9999.000,   0.300,   0.080,   2.631,   0.100,   2.431,   0.500,   2.831
202604201006,   1.833,9999.000,9999.000,9999.000,9999.000,9999.000,9999.000,9999.000,9999.000
202604201012,   1.429,9999.000,9999.000,9999.000,9999.000,9999.000,9999.000,9999.000,9999.000
202604201018,   1.040,9999.000,9999.000,9999.000,9999.000,9999.000,9999.000,9999.000,9999.000
202604201024,   0.669,9999.000,9999.000,9999.000,9999.000,9999.000,9999.000,9999.000,9999.000
202604201030,   0.317,9999.000,9999.000,9999.000,9999.000,9999.000,9999.000,9999.000,9999.000
202604201036,  -0.015,9999.000,9999.000,9999.000,9999.000,9999.000,9999.000,9999.000,9999.000
202604201042,  -0.327,9999.000,9999.000,9999.000,9999.000,9999.000,9999.000,9999.000,9999.000
202604201048,  -0.616,9999.000,9999.000,9999.000,9999.000,9999.000,9999.000,9999.000,9999.000
202604201054,  -0.882,9999.000,9999.000,9999.000,9999.000,9999.000,9999.000,9999.000,9999.000
202604201100,  -1.124,9999.000,   0.200,   0.080,  -0.844,   0.000,  -1.044,   0.500,  -0.544
202604201106,  -1.339,9999.000,9999.000,9999.000,9999.000,9999.000,9999.000,9999.000,9999.000
202604201112,  -1.527,9999.000,9999.000,9999.000,9999.000,9999.000,9999.000,9999.000,9999.000
202604201118,  -1.687,9999.000,9999.000,9999.000,9999.000,9999.000,9999.000,9999.000,9999.000
202604201124,  -1.818,9999.000,9999.000,9999.000,9999.000,9999.000,9999.000,9999.000,9999.000
202604201130,  -1.918,9999.000,9999.000,9999.000,9999.000,9999.000,9999.000,9999.000,9999.000
202604201136,  -1.988,9999.000,9999.000,9999.000,9999.000,9999.000,9999.000,9999.000,9999.000
202604201142,  -2.026,9999.000,9999.000,9999.000,9999.000,9999.000,9999.000,9999.000,9999.000
202604201148,  -2.032,9999.000,9999.000,9999.000,9999.000,9999.000,9999.000,9999.000,9999.000
202604201154,  -2.006,9999.000,9999.000,9999.000,9999.000,9999.000,9999.000,9999.000,9999.000
202604201200,  -1.947,9999.000,   0.200,   0.080,  -1.667,   0.000,  -1.867,   0.500,  -1.367
202604201206,  -1.856,9999.000,9999.000,9999.000,9999.000,9999.000,9999.000,9999.000,9999.000
202604201212,  -1.733,9999.000,9999.000,9999.000,9999.000,9999.000,9999.000,9999.000,9999.000
202604201218,  -1.578,9999.000,9999.000,9999.000,9999.000,9999.000,9999.000,9999.000,9999.000
202604201224,  -1.391,9999.000,9999.000,9999.000,9999.000,9999.000,9999.000,9999.000,9999.000
202604201230,  -1.173,9999.000,9999.000,9999.000,9999.000,9999.000,9999.000,9999.000,9999.000
202604201236,  -0.926,9999.000,9999.000,9999.000,9999.000,9999.000,9999.000,9999.000,9999.000
202604201242,  -0.650,9999.000,9999.000,9999.000,9999.000,9999.000,9999.000,9999.000,9999.000
202604201248,  -0.346,9999.000,9999.000,9999.000,9999.000,9999.000,9999.000,9999.000,9999.000
202604201254,  -0.015,9999.000,9999.000,9999.000,9999.000,9999.000,9999.000,9999.000,9999.000
202604201300,   0.339,9999.000,   0.200,   0.080,   0.619,   0.000,   0.419,   0.500,   0.919
202604201306,   0.718,9999.000,9999.000,9999.000,9999.000,9999.000,9999.000,9999.000,9999.000
202604201312,   1.120,9999.000,9999.000,9999.000,9999.000,9999.000,9999.000,9999.000,9999.000
202604201318,   1.542,9999.000,9999.000,9999.000,9999.000,9999.000,9999.000,9999.000,9999.000
202604201324,   1.982,9999.000,9999.000,9999.000,9999.000,9999.000,9999.000,9999.000,9999.000
202604201330,   2.440,9999.000,9999.000,9999.000,9999.000,9999.000,9999.000,9999.000,9999.000
202604201336,   2.914,9999.000,9999.000,9999.000,9999.000,9999.000,9999.000,9999.000,9999.000
202604201342,   3.401,9999.000,9999.000,9999.000,9999.000,9999.000,9999.000,9999.000,9999.000
202604201348,   3.901,9999.000,9999.000,9999.000,9999.000,9999.000,9999.000,9999.000,9999.000
202604201354,   4.412,9999.000,9999.000,9999.000,9999.000,9999.000,9999.000,9999.000,9999.000
202604201400,   4.932,9999.000,   0.200,   0.080,   5.212,   0.000,   5.012,   0.500,   5.512
202604201406,   5.459,9999.000,9999.000,9999.000,9999.000,9999.000,9999.000,9999.000,9999.000
202604201412,   5.993,9999.000,9999.000,9999.000,9999.000,9999.000,9999.000,9999.000,9999.000
202604201418,   6.532,9999.000,9999.000,9999.000,9999.000,9999.000,9999.000,9999.000,9999.000
202604201424,   7.074,9999.000,9999.000,9999.000,9999.000,9999.000,9999.000,9999.000,9999.000
202604201430,   7.618,9999.000,9999.000,9999.000,9999.000,9999.000,9999.000,9999.000,9999.000
202604201436,   8.164,9999.000,9999.000,9999.000,9999.000,9999.000,9999.000,9999.000,9999.000
202604201442,   8.710,9999.000,9999.000,9999.000,9999.000,9999.000,9999.000,9999.000,9999.000
202604201448,   9.254,9999.000,9999.000,9999.000,9999.000,9999.000,9999.000,9999.000,9999.000
202604201454,   9.797,9999.000,9999.000,9999.000,9999.000,9999.000,9999.000,9999.000,9999.000
202604201500,  10.336,9999.000,   0.200,   0.080,  10.616,   0.000,  10.416,   0.500,  10.916
202604201506,  10.871,9999.000,9999.000,9999.000,9999.000,9999.000,9999.000,9999.000,9999.000
202604201512,  11.400,9999.000,9999.000,9999.000,9999.000,9999.000,9999.000,9999.000,9999.000
202604201518,  11.924,9999.000,9999.000,9999.000,9999.000,9999.000,9999.000,9999.000,9999.000
202604201524,  12.439,9999.000,9999.000,9999.000,9999.000,9999.000,9999.000,9999.000,9999.000
202604201530,  12.947,9999.000,9999.000,9999.000,9999.000,9999.000,9999.000,9999.000,9999.000
202604201536,  13.444,9999.000,9999.000,9999.000,9999.000,9999.000,9999.000,9999.000,9999.000
202604201542,  13.931,9999.000,9999.000,9999.000,9999.000,9999.000,9999.000,9999.000,9999.000
202604201548,  14.406,9999.000,9999.000,9999.000,9999.000,9999.000,9999.000,9999.000,9999.000
202604201554,  14.868,9999.000,9999.000,9999.000,9999.000,9999.000,9999.000,9999.000,9999.000
202604201600,  15.315,9999.000,   0.200,   0.080,  15.595,   0.000,  15.395,   0.400,  15.795
202604201606,  15.747,9999.000,9999.000,9999.000,9999.000,9999.000,9999.000,9999.000,9999.000
202604201612,  16.163,9999.000,9999.000,9999.000,9999.000,9999.000,9999.000,9999.000,9999.000
202604201618,  16.560,9999.000,9999.000,9999.000,9999.000,9999.000,9999.000,9999.000,9999.000
202604201624,  16.938,9999.000,9999.000,9999.000,9999.000,9999.000,9999.000,9999.000,9999.000
202604201630,  17.296,9999.000,9999.000,9999.000,9999.000,9999.000,9999.000,9999.000,9999.000
202604201636,  17.633,9999.000,9999.000,9999.000,9999.000,9999.000,9999.000,9999.000,9999.000
202604201642,  17.946,9999.000,9999.000,9999.000,9999.000,9999.000,9999.000,9999.000,9999.000
202604201648,  18.236,9999.000,9999.000,9999.000,9999.000,9999.000,9999.000,9999.000,9999.000
202604201654,  18.501,9999.000,9999.000,9999.000,9999.000,9999.000,9999.000,9999.000,9999.000
202604201700,  18.740,9999.000,   0.200,   0.080,  19.020,   0.000,  18.820,   0.400,  19.220
202604201706,  18.952,9999.000,9999.000,9999.000,9999.000,9999.000,9999.000,9999.000,9999.000
202604201712,  19.137,9999.000,9999.000,9999.000,9999.000,9999.000,9999.000,9999.000,9999.000
202604201718,  19.294,9999.000,9999.000,9999.000,9999.000,9999.000,9999.000,9999.000,9999.000
202604201724,  19.423,9999.000,9999.000,9999.000,9999.000,9999.000,9999.000,9999.000,9999.000
202604201730,  19.523,9999.000,9999.000,9999.000,9999.000,9999.000,9999.000,9999.000,9999.000
202604201736,  19.593,9999.000,9999.000,9999.000,9999.000,9999.000,9999.000,9999.000,9999.000
202604201742,  19.635,9999.000,9999.000,9999.000,9999.000,9999.000,9999.000,9999.000,9999.000
202604201748,  19.647,9999.000,9999.000,9999.000,9999.000,9999.000,9999.000,9999.000,9999.000
202604201754,  19.630,9999.000,9999.000,9999.000,9999.000,9999.000,9999.000,9999.000,9999.000
202604201800,  19.584,9999.000,   0.200,   0.080,  19.864,   0.000,  19.664,   0.400,  20.064
