        TIME,    TIDE,      OB,   SURGE,    BIAS,     TWL,SURGE90p,  TWL90p,SURGE10p,   TWL10p
202604230000,   5.290,   5.418,   0.300,  -0.172,   5.418,   0.300,   5.418,   0.400,   5.518
202604230006,   5.335,9999.000,9999.000,9999.000,9999.000,9999.000,9999.000,9999.000,9999.000
202604230012,   5.375,   5.559,9999.000,9999.000,9999.000,9999.000,9999.000,9999.000,9999.000
202604230018,   5.410,9999.000,9999.000,9999.000,9999.000,9999.000,9999.000,9999.000,9999.000
202604230024,   5.439,   5.579,9999.000,9999.000,9999.000,9999.000,9999.000,9999.000,9999.000
202604230030,   5.463,9999.000,9999.000,9999.000,9999.000,9999.000,9999.000,9999.000,9999.000
202604230036,   5.482,   5.608,9999.000,9999.000,9999.000,9999.000,9999.000,9999.000,9999.000
202604230042,   5.495,9999.000,9999.000,9999.000,9999.000,9999.000,9999.000,9999.000,9999.000
202604230048,   5.504,   5.628,9999.000,9999.000,9999.000,9999.000,9999.000,9999.000,9999.000
202604230054,   5.508,9999.000,9999.000,9999.000,9999.000,9999.000,9999.000,9999.000,9999.000
202604230100,   5.507,   5.579,   0.300,  -0.228,   5.579,   0.300,   5.579,   0.400,   5.679
202604230106,   5.501,   5.579,9999.000,9999.000,9999.000,9999.000,9999.000,9999.000,9999.000
202604230112,   5.490,   5.618,9999.000,9999.000,9999.000,9999.000,9999.000,9999.000,9999.000
202604230118,   5.475,   5.628,9999.000,9999.000,9999.000,9999.000,9999.000,9999.000,9999.000
202604230124,   5.456,   5.549,9999.000,9999.000,9999.000,9999.000,9999.000,9999.000,9999.000
202604230130,   5.433,   5.579,9999.000,9999.000,9999.000,9999.000,9999.000,9999.000,9999.000
202604230136,   5.405,   5.487,9999.000,9999.000,9999.000,9999.000,9999.000,9999.000,9999.000
202604230142,   5.374,   5.448,9999.000,9999.000,9999.000,9999.000,9999.000,9999.000,9999.000
202604230148,   5.340,   5.438,9999.000,9999.000,9999.000,9999.000,9999.000,9999.000,9999.000
202604230154,   5.302,   5.408,9999.000,9999.000,9999.000,9999.000,9999.000,9999.000,9999.000
202604230200,   5.261,   5.398,   0.300,  -0.163,   5.398,   0.300,   5.398,   0.400,   5.498
202604230206,   5.218,   5.329,9999.000,9999.000,9999.000,9999.000,9999.000,9999.000,9999.000
202604230212,   5.171,   5.277,9999.000,9999.000,9999.000,9999.000,9999.000,9999.000,9999.000
202604230218,   5.122,   5.218,9999.000,9999.000,9999.000,9999.000,9999.000,9999.000,9999.000
202604230224,   5.072,   5.179,9999.000,9999.000,9999.000,9999.000,9999.000,9999.000,9999.000
202604230230,   5.019,   5.067,9999.000,9999.000,9999.000,9999.000,9999.000,9999.000,9999.000
202604230236,   4.965,   5.018,9999.000,9999.000,9999.000,9999.000,9999.000,9999.000,9999.000
202604230242,   4.909,   5.047,9999.000,9999.000,9999.000,9999.000,9999.000,9999.000,9999.000
202604230248,   4.852,   4.959,9999.000,9999.000,9999.000,9999.000,9999.000,9999.000,9999.000
202604230254,   4.795,   4.900,9999.000,9999.000,9999.000,9999.000,9999.000,9999.000,9999.000
202604230300,   4.737,   4.877,   0.300,  -0.160,   4.877,   0.300,   4.877,   0.400,   4.977
202604230306,   4.678,   4.808,9999.000,9999.000,9999.000,9999.000,9999.000,9999.000,9999.000
202604230312,   4.620,   4.729,9999.000,9999.000,9999.000,9999.000,9999.000,9999.000,9999.000
202604230318,   4.561,   4.657,9999.000,9999.000,9999.000,9999.000,9999.000,9999.000,9999.000
202604230324,   4.503,   4.569,9999.000,9999.000,9999.000,9999.000,9999.000,9999.000,9999.000
202604230330,   4.446,   4.509,9999.000,9999.000,9999.000,9999.000,9999.000,9999.000,9999.000
202604230336,   4.390,   4.467,9999.000,9999.000,9999.000,9999.000,9999.000,9999.000,9999.000
202604230342,   4.335,   4.457,9999.000,9999.000,9999.000,9999.000,9999.000,9999.000,9999.000
202604230348,   4.281,   4.378,9999.000,9999.000,9999.000,9999.000,9999.000,9999.000,9999.000
202604230354,   4.228,   4.329,9999.000,9999.000,9999.000,9999.000,9999.000,9999.000,9999.000
202604230400,   4.178,   4.319,   0.300,  -0.159,   4.319,   0.300,   4.319,   0.300,   4.319
202604230406,   4.130,   4.227,9999.000,9999.000,9999.000,9999.000,9999.000,9999.000,9999.000
202604230412,   4.083,   4.188,9999.000,9999.000,9999.000,9999.000,9999.000,9999.000,9999.000
202604230418,   4.040,   4.178,9999.000,9999.000,9999.000,9999.000,9999.000,9999.000,9999.000
202604230424,   3.998,   4.099,9999.000,9999.000,9999.000,9999.000,9999.000,9999.000,9999.000
202604230430,   3.960,   4.047,9999.000,9999.000,9999.000,9999.000,9999.000,9999.000,9999.000
202604230436,   3.924,   4.008,9999.000,9999.000,9999.000,9999.000,9999.000,9999.000,9999.000
202604230442,   3.892,   3.978,9999.000,9999.000,9999.000,9999.000,9999.000,9999.000,9999.000
202604230448,   3.863,   3.949,9999.000,9999.000,9999.000,9999.000,9999.000,9999.000,9999.000
202604230454,   3.837,   3.919,9999.000,9999.000,9999.000,9999.000,9999.000,9999.000,9999.000
202604230500,   3.815,   3.909,   0.300,  -0.206,   3.909,   0.300,   3.909,   0.300,   3.909
202604230506,   3.796,   3.837,9999.000,9999.000,9999.000,9999.000,9999.000,9999.000,9999.000
202604230512,   3.781,   3.847,9999.000,9999.000,9999.000,9999.000,9999.000,9999.000,9999.000
202604230518,   3.770,   3.837,9999.000,9999.000,9999.000,9999.000,9999.000,9999.000,9999.000
202604230524,   3.762,   3.847,9999.000,9999.000,9999.000,9999.000,9999.000,9999.000,9999.000
202604230530,   3.759,   3.847,9999.000,9999.000,9999.000,9999.000,9999.000,9999.000,9999.000
202604230536,   3.760,   3.899,9999.000,9999.000,9999.000,9999.000,9999.000,9999.000,9999.000
202604230542,   3.764,   3.837,9999.000,9999.000,9999.000,9999.000,9999.000,9999.000,9999.000
202604230548,   3.773,   3.847,9999.000,9999.000,9999.000,9999.000,9999.000,9999.000,9999.000
202604230554,   3.786,   3.880,9999.000,9999.000,9999.000,9999.000,9999.000,9999.000,9999.000
202604230600,   3.803,   3.870,   0.200,  -0.133,   3.870,   0.200,   3.870,   0.200,   3.870
202604230606,   3.825,   3.939,9999.000,9999.000,9999.000,9999.000,9999.000,9999.000,9999.000
202604230612,   3.850,   3.929,9999.000,9999.000,9999.000,9999.000,9999.000,9999.000,9999.000
202604230618,   3.880,   3.929,9999.000,9999.000,9999.000,9999.000,9999.000,9999.000,9999.000
202604230624,   3.913,   3.958,9999.000,9999.000,9999.000,9999.000,9999.000,9999.000,9999.000
202604230630,   3.951,   4.047,9999.000,9999.000,9999.000,9999.000,9999.000,9999.000,9999.000
202604230636,   3.992,   4.070,9999.000,9999.000,9999.000,9999.000,9999.000,9999.000,9999.000
202604230642,   4.037,   4.129,9999.000,9999.000,9999.000,9999.000,9999.000,9999.000,9999.000
202604230648,   4.086,   4.188,9999.000,9999.000,9999.000,9999.000,9999.000,9999.000,9999.000
202604230654,   4.139,   4.168,9999.000,9999.000,9999.000,9999.000,9999.000,9999.000,9999.000
202604230700,   4.195,   4.218,   0.200,  -0.177,   4.218,   0.200,   4.218,   0.200,   4.218
202604230706,   4.255,   4.300,9999.000,9999.000,9999.000,9999.000,9999.000,9999.000,9999.000
202604230712,   4.318,   4.388,9999.000,9999.000,9999.000,9999.000,9999.000,9999.000,9999.000
202604230718,   4.384,   4.408,9999.000,9999.000,9999.000,9999.000,9999.000,9999.000,9999.000
202604230724,   4.453,   4.500,9999.000,9999.000,9999.000,9999.000,9999.000,9999.000,9999.000
202604230730,   4.525,   4.549,9999.000,9999.000,9999.000,9999.000,9999.000,9999.000,9999.000
202604230736,   4.599,   4.667,9999.000,9999.000,9999.000,9999.000,9999.000,9999.000,9999.000
202604230742,   4.676,   4.778,9999.000,9999.000,9999.000,9999.000,9999.000,9999.000,9999.000
202604230748,   4.755,   4.847,9999.000,9999.000,9999.000,9999.000,9999.000,9999.000,9999.000
202604230754,   4.835,   4.808,9999.000,9999.000,9999.000,9999.000,9999.000,9999.000,9999.000
202604230800,   4.918,   4.969,   0.200,  -0.149,   4.969,   0.200,   4.969,   0.200,   4.969
202604230806,   5.002,   5.028,9999.000,9999.000,9999.000,9999.000,9999.000,9999.000,9999.000
202604230812,   5.087,   5.097,9999.000,9999.000,9999.000,9999.000,9999.000,9999.000,9999.000
202604230818,   5.174,   5.218,9999.000,9999.000,9999.000,9999.000,9999.000,9999.000,9999.000
202604230824,   5.261,   5.287,9999.000,9999.000,9999.000,9999.000,9999.000,9999.000,9999.000
202604230830,   5.349,   5.428,9999.000,9999.000,9999.000,9999.000,9999.000,9999.000,9999.000
202604230836,   5.437,   5.516,9999.000,9999.000,9999.000,9999.000,9999.000,9999.000,9999.000
202604230842,   5.525,   5.648,9999.000,9999.000,9999.000,9999.000,9999.000,9999.000,9999.000
202604230848,   5.613,   5.677,9999.000,9999.000,9999.000,9999.000,9999.000,9999.000,9999.000
202604230854,   5.700,   5.789,9999.000,9999.000,9999.000,9999.000,9999.000,9999.000,9999.000
202604230900,   5.787,   5.887,   0.200,  -0.100,   5.887,   0.200,   5.887,   0.200,   5.887
202604230906,   5.873,   5.917,9999.000,9999.000,9999.000,9999.000,9999.000,9999.000,9999.000
202604230912,   5.957,   6.018,9999.000,9999.000,9999.000,9999.000,9999.000,9999.000,9999.000
202604230918,   6.040,   6.087,9999.000,9999.000,9999.000,9999.000,9999.000,9999.000,9999.000
202604230924,   6.122,   6.199,9999.000,9999.000,9999.000,9999.000,9999.000,9999.000,9999.000
202604230930,   6.201,   6.287,9999.000,9999.000,9999.000,9999.000,9999.000,9999.000,9999.000
202604230936,   6.278,   6.409,9999.000,9999.000,9999.000,9999.000,9999.000,9999.000,9999.000
202604230942,   6.353,   6.448,9999.000,9999.000,9999.000,9999.000,9999.000,9999.000,9999.000
202604230948,   6.425,   6.507,9999.000,9999.000,9999.000,9999.000,9999.000,9999.000,9999.000
202604230954,   6.494,   6.599,9999.000,9999.000,9999.000,9999.000,9999.000,9999.000,9999.000
202604231000,   6.560,   6.697,   0.200,  -0.063,   6.697,   0.200,   6.697,   0.200,   6.697
202604231006,   6.623,   6.756,9999.000,9999.000,9999.000,9999.000,9999.000,9999.000,9999.000
202604231012,   6.682,   6.819,9999.000,9999.000,9999.000,9999.000,9999.000,9999.000,9999.000
202604231018,   6.738,   6.858,9999.000,9999.000,9999.000,9999.000,9999.000,9999.000,9999.000
202604231024,   6.789,   6.907,9999.000,9999.000,9999.000,9999.000,9999.000,9999.000,9999.000
202604231030,   6.837,   7.019,9999.000,9999.000,9999.000,9999.000,9999.000,9999.000,9999.000
202604231036,   6.880,   6.999,9999.000,9999.000,9999.000,9999.000,9999.000,9999.000,9999.000
202604231042,   6.919,   7.009,9999.000,9999.000,9999.000,9999.000,9999.000,9999.000,9999.000
202604231048,   6.953,   7.127,9999.000,9999.000,9999.000,9999.000,9999.000,9999.000,9999.000
202604231054,   6.982,   7.176,9999.000,9999.000,9999.000,9999.000,9999.000,9999.000,9999.000
202604231100,   7.006,   7.166,   0.200,  -0.040,   7.166,   0.200,   7.166,   0.200,   7.166
202604231106,   7.025,   7.189,9999.000,9999.000,9999.000,9999.000,9999.000,9999.000,9999.000
202604231112,   7.039,   7.209,9999.000,9999.000,9999.000,9999.000,9999.000,9999.000,9999.000
202604231118,   7.048,   7.219,9999.000,9999.000,9999.000,9999.000,9999.000,9999.000,9999.000
202604231124,   7.051,   7.199,9999.000,9999.000,9999.000,9999.000,9999.000,9999.000,9999.000
202604231130,   7.049,   7.189,9999.000,9999.000,9999.000,9999.000,9999.000,9999.000,9999.000
202604231136,   7.041,   7.176,9999.000,9999.000,9999.000,9999.000,9999.000,9999.000,9999.000
202604231142,   7.027,   7.127,9999.000,9999.000,9999.000,9999.000,9999.000,9999.000,9999.000
202604231148,   7.008,   7.209,9999.000,9999.000,9999.000,9999.000,9999.000,9999.000,9999.000
202604231154,   6.983,   7.189,9999.000,9999.000,9999.000,9999.000,9999.000,9999.000,9999.000
202604231200,   6.952,   7.176,   0.200,   0.024,   7.176,   0.200,   7.176,   0.200,   7.176
202604231206,   6.915,   7.078,9999.000,9999.000,9999.000,9999.000,9999.000,9999.000,9999.000
202604231212,   6.872,   7.019,9999.000,9999.000,9999.000,9999.000,9999.000,9999.000,9999.000
202604231218,   6.823,   6.937,9999.000,9999.000,9999.000,9999.000,9999.000,9999.000,9999.000
202604231224,   6.768,   6.878,9999.000,9999.000,9999.000,9999.000,9999.000,9999.000,9999.000
202604231230,   6.708,   6.766,9999.000,9999.000,9999.000,9999.000,9999.000,9999.000,9999.000
202604231236,   6.641,   6.789,9999.000,9999.000,9999.000,9999.000,9999.000,9999.000,9999.000
202604231242,   6.569,   6.717,9999.000,9999.000,9999.000,9999.000,9999.000,9999.000,9999.000
202604231248,   6.491,   6.648,9999.000,9999.000,9999.000,9999.000,9999.000,9999.000,9999.000
202604231254,   6.407,   6.579,9999.000,9999.000,9999.000,9999.000,9999.000,9999.000,9999.000
202604231300,   6.318,   6.458,   0.200,  -0.060,   6.458,   0.200,   6.458,   0.200,   6.458
202604231306,   6.224,   6.389,9999.000,9999.000,9999.000,9999.000,9999.000,9999.000,9999.000
202604231312,   6.124,   6.258,9999.000,9999.000,9999.000,9999.000,9999.000,9999.000,9999.000
202604231318,   6.019,   6.149,9999.000,9999.000,9999.000,9999.000,9999.000,9999.000,9999.000
202604231324,   5.908,   5.979,9999.000,9999.000,9999.000,9999.000,9999.000,9999.000,9999.000
202604231330,   5.793,   5.897,9999.000,9999.000,9999.000,9999.000,9999.000,9999.000,9999.000
202604231336,   5.674,   5.808,9999.000,9999.000,9999.000,9999.000,9999.000,9999.000,9999.000
202604231342,   5.550,   5.677,9999.000,9999.000,9999.000,9999.000,9999.000,9999.000,9999.000
202604231348,   5.421,   5.549,9999.000,9999.000,9999.000,9999.000,9999.000,9999.000,9999.000
202604231354,   5.289,   5.398,9999.000,9999.000,9999.000,9999.000,9999.000,9999.000,9999.000
202604231400,   5.152,   5.277,   0.200,  -0.075,   5.277,   0.200,   5.277,   0.200,   5.277
202604231406,   5.012,   5.129,9999.000,9999.000,9999.000,9999.000,9999.000,9999.000,9999.000
202604231412,   4.869,   4.979,9999.000,9999.000,9999.000,9999.000,9999.000,9999.000,9999.000
202604231418,   4.723,   4.828,9999.000,9999.000,9999.000,9999.000,9999.000,9999.000,9999.000
202604231424,   4.573,   4.719,9999.000,9999.000,9999.000,9999.000,9999.000,9999.000,9999.000
202604231430,   4.422,   4.569,9999.000,9999.000,9999.000,9999.000,9999.000,9999.000,9999.000
202604231436,   4.268,   4.359,9999.000,9999.000,9999.000,9999.000,9999.000,9999.000,9999.000
202604231442,   4.112,   4.178,9999.000,9999.000,9999.000,9999.000,9999.000,9999.000,9999.000
202604231448,   3.954,   3.998,9999.000,9999.000,9999.000,9999.000,9999.000,9999.000,9999.000
202604231454,   3.795,   3.929,9999.000,9999.000,9999.000,9999.000,9999.000,9999.000,9999.000
202604231500,   3.634,   3.768,   0.200,  -0.066,   3.768,   0.200,   3.768,   0.200,   3.768
202604231506,   3.473,   3.548,9999.000,9999.000,9999.000,9999.000,9999.000,9999.000,9999.000
202604231512,   3.312,   3.407,9999.000,9999.000,9999.000,9999.000,9999.000,9999.000,9999.000
202604231518,   3.150,   3.230,9999.000,9999.000,9999.000,9999.000,9999.000,9999.000,9999.000
202604231524,   2.989,   3.079,9999.000,9999.000,9999.000,9999.000,9999.000,9999.000,9999.000
202604231530,   2.827,   2.919,9999.000,9999.000,9999.000,9999.000,9999.000,9999.000,9999.000
202604231536,   2.667,   2.738,9999.000,9999.000,9999.000,9999.000,9999.000,9999.000,9999.000
202604231542,   2.508,   2.610,9999.000,9999.000,9999.000,9999.000,9999.000,9999.000,9999.000
202604231548,   2.350,   2.410,9999.000,9999.000,9999.000,9999.000,9999.000,9999.000,9999.000
202604231554,   2.193,   2.289,9999.000,9999.000,9999.000,9999.000,9999.000,9999.000,9999.000
202604231600,   2.039,   2.128,   0.200,  -0.111,   2.128,   0.200,   2.128,   0.200,   2.128
202604231606,   1.886,   2.000,9999.000,9999.000,9999.000,9999.000,9999.000,9999.000,9999.000
202604231612,   1.737,   1.859,9999.000,9999.000,9999.000,9999.000,9999.000,9999.000,9999.000
202604231618,   1.590,   1.708,9999.000,9999.000,9999.000,9999.000,9999.000,9999.000,9999.000
202604231624,   1.446,   1.548,9999.000,9999.000,9999.000,9999.000,9999.000,9999.000,9999.000
202604231630,   1.305,   1.400,9999.000,9999.000,9999.000,9999.000,9999.000,9999.000,9999.000
202604231636,   1.168,   1.210,9999.000,9999.000,9999.000,9999.000,9999.000,9999.000,9999.000
202604231642,   1.035,   1.088,9999.000,9999.000,9999.000,9999.000,9999.000,9999.000,9999.000
202604231648,   0.905,   0.951,9999.000,9999.000,9999.000,9999.000,9999.000,9999.000,9999.000
202604231654,   0.781,   0.859,9999.000,9999.000,9999.000,9999.000,9999.000,9999.000,9999.000
202604231700,   0.660,   0.760,   0.200,  -0.100,   0.760,   0.200,   0.760,   0.200,   0.760
202604231706,   0.545,   0.678,9999.000,9999.000,9999.000,9999.000,9999.000,9999.000,9999.000
202604231712,   0.434,   0.518,9999.000,9999.000,9999.000,9999.000,9999.000,9999.000,9999.000
202604231718,   0.328,   0.400,9999.000,9999.000,9999.000,9999.000,9999.000,9999.000,9999.000
202604231724,   0.228,   0.308,9999.000,9999.000,9999.000,9999.000,9999.000,9999.000,9999.000
202604231730,   0.133,   0.229,9999.000,9999.000,9999.000,9999.000,9999.000,9999.000,9999.000
202604231736,   0.044,   0.098,9999.000,9999.000,9999.000,9999.000,9999.000,9999.000,9999.000
202604231742,  -0.038,   0.068,9999.000,9999.000,9999.000,9999.000,9999.000,9999.000,9999.000
202604231748,  -0.115,   0.000,9999.000,9999.000,9999.000,9999.000,9999.000,9999.000,9999.000
202604231754,  -0.186,  -0.088,9999.000,9999.000,9999.000,9999.000,9999.000,9999.000,9999.000
202604231800,  -0.251,  -0.121,   0.300,  -0.170,  -0.121,   0.300,  -0.121,   0.300,  -0.121
202604231806,  -0.310,  -0.200,9999.000,9999.000,9999.000,9999.000,9999.000,9999.000,9999.000
202604231812,  -0.362,  -0.229,9999.000,9999.000,9999.000,9999.000,9999.000,9999.000,9999.000
202604231818,  -0.407,  -0.321,9999.000,9999.000,9999.000,9999.000,9999.000,9999.000,9999.000
202604231824,  -0.446,  -0.350,9999.000,9999.000,9999.000,9999.000,9999.000,9999.000,9999.000
202604231830,  -0.478,  -0.409,9999.000,9999.000,9999.000,9999.000,9999.000,9999.000,9999.000
202604231836,  -0.504,  -0.400,9999.000,9999.000,9999.000,9999.000,9999.000,9999.000,9999.000
202604231842,  -0.523,  -0.419,9999.000,9999.000,9999.000,9999.000,9999.000,9999.000,9999.000
202604231848,  -0.535,  -0.400,9999.000,9999.000,9999.000,9999.000,9999.000,9999.000,9999.000
202604231854,  -0.540,  -0.439,9999.000,9999.000,9999.000,9999.000,9999.000,9999.000,9999.000
202604231900,  -0.539,  -0.488,   0.300,  -0.249,  -0.488,   0.300,  -0.488,   0.300,  -0.488
202604231906,  -0.531,  -0.459,9999.000,9999.000,9999.000,9999.000,9999.000,9999.000,9999.000
202604231912,  -0.516,  -0.429,9999.000,9999.000,9999.000,9999.000,9999.000,9999.000,9999.000
202604231918,  -0.495,  -0.390,9999.000,9999.000,9999.000,9999.000,9999.000,9999.000,9999.000
202604231924,  -0.467,  -0.370,9999.000,9999.000,9999.000,9999.000,9999.000,9999.000,9999.000
202604231930,  -0.432,  -0.350,9999.000,9999.000,9999.000,9999.000,9999.000,9999.000,9999.000
202604231936,  -0.392,  -0.249,9999.000,9999.000,9999.000,9999.000,9999.000,9999.000,9999.000
202604231942,  -0.345,  -0.219,9999.000,9999.000,9999.000,9999.000,9999.000,9999.000,9999.000
202604231948,  -0.292,  -0.200,9999.000,9999.000,9999.000,9999.000,9999.000,9999.000,9999.000
202604231954,  -0.233,  -0.141,9999.000,9999.000,9999.000,9999.000,9999.000,9999.000,9999.000
202604232000,  -0.168,  -0.078,   0.300,  -0.210,  -0.078,   0.300,  -0.078,   0.300,  -0.078
202604232006,  -0.098,  -0.009,9999.000,9999.000,9999.000,9999.000,9999.000,9999.000,9999.000
202604232012,  -0.022,   0.088,9999.000,9999.000,9999.000,9999.000,9999.000,9999.000,9999.000
202604232018,   0.058,   0.180,9999.000,9999.000,9999.000,9999.000,9999.000,9999.000,9999.000
202604232024,   0.144,   0.268,9999.000,9999.000,9999.000,9999.000,9999.000,9999.000,9999.000
202604232030,   0.235,   0.380,9999.000,9999.000,9999.000,9999.000,9999.000,9999.000,9999.000
202604232036,   0.331,   0.518,9999.000,9999.000,9999.000,9999.000,9999.000,9999.000,9999.000
202604232042,   0.431,   0.610,9999.000,9999.000,9999.000,9999.000,9999.000,9999.000,9999.000
202604232048,   0.535,   0.708,9999.000,9999.000,9999.000,9999.000,9999.000,9999.000,9999.000
202604232054,   0.643,   0.770,9999.000,9999.000,9999.000,9999.000,9999.000,9999.000,9999.000
202604232100,   0.755,   0.888,   0.300,  -0.167,   0.888,   0.300,   0.888,   0.300,   0.888
202604232106,   0.870,   1.000,9999.000,9999.000,9999.000,9999.000,9999.000,9999.000,9999.000
202604232112,   0.989,   1.128,9999.000,9999.000,9999.000,9999.000,9999.000,9999.000,9999.000
202604232118,   1.110,   1.298,9999.000,9999.000,9999.000,9999.000,9999.000,9999.000,9999.000
202604232124,   1.234,   1.361,9999.000,9999.000,9999.000,9999.000,9999.000,9999.000,9999.000
202604232130,   1.360,   1.557,9999.000,9999.000,9999.000,9999.000,9999.000,9999.000,9999.000
202604232136,   1.488,   1.689,9999.000,9999.000,9999.000,9999.000,9999.000,9999.000,9999.000
202604232142,   1.618,   1.840,9999.000,9999.000,9999.000,9999.000,9999.000,9999.000,9999.000
202604232148,   1.750,   1.918,9999.000,9999.000,9999.000,9999.000,9999.000,9999.000,9999.000
202604232154,   1.883,   2.010,9999.000,9999.000,9999.000,9999.000,9999.000,9999.000,9999.000
202604232200,   2.017,   2.118,   0.300,  -0.199,   2.118,   0.300,   2.118,   0.400,   2.218
202604232206,   2.151,   2.309,9999.000,9999.000,9999.000,9999.000,9999.000,9999.000,9999.000
202604232212,   2.286,   2.430,9999.000,9999.000,9999.000,9999.000,9999.000,9999.000,9999.000
202604232218,   2.422,   2.597,9999.000,9999.000,9999.000,9999.000,9999.000,9999.000,9999.000
202604232224,   2.557,   2.768,9999.000,9999.000,9999.000,9999.000,9999.000,9999.000,9999.000
202604232230,   2.692,   2.807,9999.000,9999.000,9999.000,9999.000,9999.000,9999.000,9999.000
202604232236,   2.826,   2.958,9999.000,9999.000,9999.000,9999.000,9999.000,9999.000,9999.000
202604232242,   2.959,   3.089,9999.000,9999.000,9999.000,9999.000,9999.000,9999.000,9999.000
202604232248,   3.091,   3.217,9999.000,9999.000,9999.000,9999.000,9999.000,9999.000,9999.000
202604232254,   3.222,   3.407,9999.000,9999.000,9999.000,9999.000,9999.000,9999.000,9999.000
202604232300,   3.351,   3.480,   0.300,  -0.171,   3.480,   0.300,   3.480,   0.300,   3.480
202604232306,   3.479,   3.607,9999.000,9999.000,9999.000,9999.000,9999.000,9999.000,9999.000
202604232312,   3.604,   3.808,9999.000,9999.000,9999.000,9999.000,9999.000,9999.000,9999.000
202604232318,   3.727,   3.890,9999.000,9999.000,9999.000,9999.000,9999.000,9999.000,9999.000
202604232324,   3.848,   4.008,9999.000,9999.000,9999.000,9999.000,9999.000,9999.000,9999.000
202604232330,   3.965,   4.080,9999.000,9999.000,9999.000,9999.000,9999.000,9999.000,9999.000
202604232336,   4.080,   4.237,9999.000,9999.000,9999.000,9999.000,9999.000,9999.000,9999.000
202604232342,   4.192,   4.319,9999.000,9999.000,9999.000,9999.000,9999.000,9999.000,9999.000
202604232348,   4.300,   4.480,9999.000,9999.000,9999.000,9999.000,9999.000,9999.000,9999.000
202604232354,   4.405,   4.569,9999.000,9999.000,9999.000,9999.000,9999.000,9999.000,9999.000
202604240000,   4.506,   4.647,   0.300,  -0.159,   4.647,   0.300,   4.647,   0.300,   4.647
202604240006,   4.603,   4.759,9999.000,9999.000,9999.000,9999.000,9999.000,9999.000,9999.000
202604240012,   4.697,   4.857,9999.000,9999.000,9999.000,9999.000,9999.000,9999.000,9999.000
202604240018,   4.786,   4.988,9999.000,9999.000,9999.000,9999.000,9999.000,9999.000,9999.000
202604240024,   4.871,   5.057,9999.000,9999.000,9999.000,9999.000,9999.000,9999.000,9999.000
202604240030,   4.951,   5.120,9999.000,9999.000,9999.000,9999.000,9999.000,9999.000,9999.000
202604240036,   5.027,   5.208,9999.000,9999.000,9999.000,9999.000,9999.000,9999.000,9999.000
202604240042,   5.098,   5.307,9999.000,9999.000,9999.000,9999.000,9999.000,9999.000,9999.000
202604240048,   5.165,   5.297,9999.000,9999.000,9999.000,9999.000,9999.000,9999.000,9999.000
202604240054,   5.227,   5.339,9999.000,9999.000,9999.000,9999.000,9999.000,9999.000,9999.000
202604240100,   5.284,   5.438,   0.300,  -0.146,   5.438,   0.300,   5.438,   0.300,   5.438
202604240106,   5.336,   5.457,9999.000,9999.000,9999.000,9999.000,9999.000,9999.000,9999.000
202604240112,   5.383,   5.516,9999.000,9999.000,9999.000,9999.000,9999.000,9999.000,9999.000
202604240118,   5.425,   5.589,9999.000,9999.000,9999.000,9999.000,9999.000,9999.000,9999.000
202604240124,   5.462,   5.598,9999.000,9999.000,9999.000,9999.000,9999.000,9999.000,9999.000
202604240130,   5.495,   5.608,9999.000,9999.000,9999.000,9999.000,9999.000,9999.000,9999.000
202604240136,   5.522,   5.598,9999.000,9999.000,9999.000,9999.000,9999.000,9999.000,9999.000
202604240142,   5.544,   5.618,9999.000,9999.000,9999.000,9999.000,9999.000,9999.000,9999.000
202604240148,   5.562,   5.687,9999.000,9999.000,9999.000,9999.000,9999.000,9999.000,9999.000
202604240154,   5.575,   5.677,9999.000,9999.000,9999.000,9999.000,9999.000,9999.000,9999.000
202604240200,   5.583,   5.717,   0.300,  -0.166,   5.717,   0.300,   5.717,   0.300,   5.717
202604240206,   5.586,   5.759,9999.000,9999.000,9999.000,9999.000,9999.000,9999.000,9999.000
202604240212,   5.585,   5.687,9999.000,9999.000,9999.000,9999.000,9999.000,9999.000,9999.000
202604240218,   5.579,   5.687,9999.000,9999.000,9999.000,9999.000,9999.000,9999.000,9999.000
202604240224,   5.569,   5.687,9999.000,9999.000,9999.000,9999.000,9999.000,9999.000,9999.000
202604240230,   5.555,   5.697,9999.000,9999.000,9999.000,9999.000,9999.000,9999.000,9999.000
202604240236,   5.537,   5.677,9999.000,9999.000,9999.000,9999.000,9999.000,9999.000,9999.000
202604240242,   5.515,   5.608,9999.000,9999.000,9999.000,9999.000,9999.000,9999.000,9999.000
202604240248,   5.489,   5.569,9999.000,9999.000,9999.000,9999.000,9999.000,9999.000,9999.000
202604240254,   5.459,   5.569,9999.000,9999.000,9999.000,9999.000,9999.000,9999.000,9999.000
202604240300,   5.427,   5.559,   0.300,  -0.168,   5.559,   0.300,   5.559,   0.300,   5.559
202604240306,   5.391,   5.539,9999.000,9999.000,9999.000,9999.000,9999.000,9999.000,9999.000
202604240312,   5.352,   5.428,9999.000,9999.000,9999.000,9999.000,9999.000,9999.000,9999.000
202604240318,   5.311,   5.379,9999.000,9999.000,9999.000,9999.000,9999.000,9999.000,9999.000
202604240324,   5.266,   5.389,9999.000,9999.000,9999.000,9999.000,9999.000,9999.000,9999.000
202604240330,   5.220,   5.320,9999.000,9999.000,9999.000,9999.000,9999.000,9999.000,9999.000
202604240336,   5.171,   5.267,9999.000,9999.000,9999.000,9999.000,9999.000,9999.000,9999.000
202604240342,   5.121,   5.208,9999.000,9999.000,9999.000,9999.000,9999.000,9999.000,9999.000
202604240348,   5.068,   5.159,9999.000,9999.000,9999.000,9999.000,9999.000,9999.000,9999.000
202604240354,   5.015,   5.120,9999.000,9999.000,9999.000,9999.000,9999.000,9999.000,9999.000
202604240400,   4.960,   5.018,   0.300,  -0.242,   5.018,   0.300,   5.018,   0.300,   5.018
202604240406,   4.904,   5.038,9999.000,9999.000,9999.000,9999.000,9999.000,9999.000,9999.000
202604240412,   4.847,   4.959,9999.000,9999.000,9999.000,9999.000,9999.000,9999.000,9999.000
202604240418,   4.790,   4.900,9999.000,9999.000,9999.000,9999.000,9999.000,9999.000,9999.000
202604240424,   4.732,   4.788,9999.000,9999.000,9999.000,9999.000,9999.000,9999.000,9999.000
202604240430,   4.674,   4.739,9999.000,9999.000,9999.000,9999.000,9999.000,9999.000,9999.000
202604240436,   4.616,   4.719,9999.000,9999.000,9999.000,9999.000,9999.000,9999.000,9999.000
202604240442,   4.559,   4.657,9999.000,9999.000,9999.000,9999.000,9999.000,9999.000,9999.000
202604240448,   4.502,   4.647,9999.000,9999.000,9999.000,9999.000,9999.000,9999.000,9999.000
202604240454,   4.446,   4.529,9999.000,9999.000,9999.000,9999.000,9999.000,9999.000,9999.000
202604240500,   4.391,   4.457,   0.300,  -0.234,   4.457,   0.300,   4.457,   0.300,   4.457
202604240506,   4.336,   4.359,9999.000,9999.000,9999.000,9999.000,9999.000,9999.000,9999.000
202604240512,   4.284,   4.349,9999.000,9999.000,9999.000,9999.000,9999.000,9999.000,9999.000
202604240518,   4.232,   4.309,9999.000,9999.000,9999.000,9999.000,9999.000,9999.000,9999.000
202604240524,   4.183,   4.290,9999.000,9999.000,9999.000,9999.000,9999.000,9999.000,9999.000
202604240530,   4.135,   4.257,9999.000,9999.000,9999.000,9999.000,9999.000,9999.000,9999.000
202604240536,   4.089,   4.178,9999.000,9999.000,9999.000,9999.000,9999.000,9999.000,9999.000
202604240542,   4.046,   4.109,9999.000,9999.000,9999.000,9999.000,9999.000,9999.000,9999.000
202604240548,   4.005,   4.047,9999.000,9999.000,9999.000,9999.000,9999.000,9999.000,9999.000
202604240554,   3.966,   3.998,9999.000,9999.000,9999.000,9999.000,9999.000,9999.000,9999.000
202604240600,   3.931,   3.929,   0.300,  -0.302,   3.929,   0.300,   3.929,   0.300,   3.929
202604240606,   3.898,   3.978,9999.000,9999.000,9999.000,9999.000,9999.000,9999.000,9999.000
202604240612,   3.868,   3.919,9999.000,9999.000,9999.000,9999.000,9999.000,9999.000,9999.000
202604240618,   3.841,   3.880,9999.000,9999.000,9999.000,9999.000,9999.000,9999.000,9999.000
202604240624,   3.817,   3.860,9999.000,9999.000,9999.000,9999.000,9999.000,9999.000,9999.000
202604240630,   3.797,   3.909,9999.000,9999.000,9999.000,9999.000,9999.000,9999.000,9999.000
202604240636,   3.780,   3.837,9999.000,9999.000,9999.000,9999.000,9999.000,9999.000,9999.000
202604240642,   3.766,   3.827,9999.000,9999.000,9999.000,9999.000,9999.000,9999.000,9999.000
202604240648,   3.757,   3.808,9999.000,9999.000,9999.000,9999.000,9999.000,9999.000,9999.000
202604240654,   3.750,   3.798,9999.000,9999.000,9999.000,9999.000,9999.000,9999.000,9999.000
202604240700,   3.748,   3.808,   0.300,  -0.240,   3.808,   0.300,   3.808,   0.300,   3.808
202604240706,   3.749,   3.837,9999.000,9999.000,9999.000,9999.000,9999.000,9999.000,9999.000
202604240712,   3.754,   3.827,9999.000,9999.000,9999.000,9999.000,9999.000,9999.000,9999.000
202604240718,   3.762,   3.847,9999.000,9999.000,9999.000,9999.000,9999.000,9999.000,9999.000
202604240724,   3.775,   3.899,9999.000,9999.000,9999.000,9999.000,9999.000,9999.000,9999.000
202604240730,   3.791,   3.827,9999.000,9999.000,9999.000,9999.000,9999.000,9999.000,9999.000
202604240736,   3.811,   3.909,9999.000,9999.000,9999.000,9999.000,9999.000,9999.000,9999.000
202604240742,   3.835,   3.837,9999.000,9999.000,9999.000,9999.000,9999.000,9999.000,9999.000
202604240748,   3.862,   3.890,9999.000,9999.000,9999.000,9999.000,9999.000,9999.000,9999.000
202604240754,   3.893,   3.919,9999.000,9999.000,9999.000,9999.000,9999.000,9999.000,9999.000
202604240800,   3.927,   3.958,   0.300,  -0.269,   3.958,   0.200,   3.858,   0.300,   3.958
202604240806,   3.965,   3.998,9999.000,9999.000,9999.000,9999.000,9999.000,9999.000,9999.000
202604240812,   4.007,   4.109,9999.000,9999.000,9999.000,9999.000,9999.000,9999.000,9999.000
202604240818,   4.051,   4.119,9999.000,9999.000,9999.000,9999.000,9999.000,9999.000,9999.000
202604240824,   4.099,   4.168,9999.000,9999.000,9999.000,9999.000,9999.000,9999.000,9999.000
202604240830,   4.150,   4.168,9999.000,9999.000,9999.000,9999.000,9999.000,9999.000,9999.000
202604240836,   4.204,   4.218,9999.000,9999.000,9999.000,9999.000,9999.000,9999.000,9999.000
202604240842,   4.260,   4.280,9999.000,9999.000,9999.000,9999.000,9999.000,9999.000,9999.000
202604240848,   4.319,   4.349,9999.000,9999.000,9999.000,9999.000,9999.000,9999.000,9999.000
202604240854,   4.380,   4.447,9999.000,9999.000,9999.000,9999.000,9999.000,9999.000,9999.000
202604240900,   4.444,   4.490,   0.300,  -0.254,   4.490,   0.300,   4.490,   0.300,   4.490
202604240906,   4.510,   4.549,9999.000,9999.000,9999.000,9999.000,9999.000,9999.000,9999.000
202604240912,   4.577,   4.667,9999.000,9999.000,9999.000,9999.000,9999.000,9999.000,9999.000
202604240918,   4.647,   4.700,9999.000,9999.000,9999.000,9999.000,9999.000,9999.000,9999.000
202604240924,   4.717,   4.739,9999.000,9999.000,9999.000,9999.000,9999.000,9999.000,9999.000
202604240930,   4.789,   4.857,9999.000,9999.000,9999.000,9999.000,9999.000,9999.000,9999.000
202604240936,   4.862,   4.910,9999.000,9999.000,9999.000,9999.000,9999.000,9999.000,9999.000
202604240942,   4.936,   4.959,9999.000,9999.000,9999.000,9999.000,9999.000,9999.000,9999.000
202604240948,   5.011,   5.067,9999.000,9999.000,9999.000,9999.000,9999.000,9999.000,9999.000
202604240954,   5.086,   5.139,9999.000,9999.000,9999.000,9999.000,9999.000,9999.000,9999.000
202604241000,   5.161,   5.198,   0.300,  -0.263,   5.198,   0.300,   5.198,   0.300,   5.198
202604241006,   5.236,   5.297,9999.000,9999.000,9999.000,9999.000,9999.000,9999.000,9999.000
202604241012,   5.310,   5.398,9999.000,9999.000,9999.000,9999.000,9999.000,9999.000,9999.000
202604241018,   5.385,   5.507,9999.000,9999.000,9999.000,9999.000,9999.000,9999.000,9999.000
202604241024,   5.458,   5.530,9999.000,9999.000,9999.000,9999.000,9999.000,9999.000,9999.000
202604241030,   5.531,   5.648,9999.000,9999.000,9999.000,9999.000,9999.000,9999.000,9999.000
202604241036,   5.602,   5.667,9999.000,9999.000,9999.000,9999.000,9999.000,9999.000,9999.000
202604241042,   5.672,   5.769,9999.000,9999.000,9999.000,9999.000,9999.000,9999.000,9999.000
202604241048,   5.740,   5.828,9999.000,9999.000,9999.000,9999.000,9999.000,9999.000,9999.000
202604241054,   5.807,   5.907,9999.000,9999.000,9999.000,9999.000,9999.000,9999.000,9999.000
202604241100,   5.871,   5.979,   0.300,  -0.192,   5.979,   0.300,   5.979,   0.300,   5.979
202604241106,   5.934,   6.107,9999.000,9999.000,9999.000,9999.000,9999.000,9999.000,9999.000
202604241112,   5.993,   6.136,9999.000,9999.000,9999.000,9999.000,9999.000,9999.000,9999.000
202604241118,   6.051,   6.179,9999.000,9999.000,9999.000,9999.000,9999.000,9999.000,9999.000
202604241124,   6.105,   6.218,9999.000,9999.000,9999.000,9999.000,9999.000,9999.000,9999.000
202604241130,   6.156,   6.297,9999.000,9999.000,9999.000,9999.000,9999.000,9999.000,9999.000
202604241136,   6.204,   6.346,9999.000,9999.000,9999.000,9999.000,9999.000,9999.000,9999.000
202604241142,   6.249,   6.409,9999.000,9999.000,9999.000,9999.000,9999.000,9999.000,9999.000
202604241148,   6.290,   6.418,9999.000,9999.000,9999.000,9999.000,9999.000,9999.000,9999.000
202604241154,   6.328,   6.458,9999.000,9999.000,9999.000,9999.000,9999.000,9999.000,9999.000
202604241200,   6.361,   6.556,   0.400,  -0.205,   6.556,   0.400,   6.556,   0.500,   6.656
202604241206,   6.390,   6.507,9999.000,9999.000,9999.000,9999.000,9999.000,9999.000,9999.000
202604241212,   6.416,   6.546,9999.000,9999.000,9999.000,9999.000,9999.000,9999.000,9999.000
202604241218,   6.436,   6.628,9999.000,9999.000,9999.000,9999.000,9999.000,9999.000,9999.000
202604241224,   6.453,   6.579,9999.000,9999.000,9999.000,9999.000,9999.000,9999.000,9999.000
202604241230,   6.464,   6.599,9999.000,9999.000,9999.000,9999.000,9999.000,9999.000,9999.000
202604241236,   6.471,   6.638,9999.000,9999.000,9999.000,9999.000,9999.000,9999.000,9999.000
202604241242,   6.473,   6.648,9999.000,9999.000,9999.000,9999.000,9999.000,9999.000,9999.000
202604241248,   6.471,   6.609,9999.000,9999.000,9999.000,9999.000,9999.000,9999.000,9999.000
202604241254,   6.463,   6.648,9999.000,9999.000,9999.000,9999.000,9999.000,9999.000,9999.000
202604241300,   6.450,   6.619,   0.400,  -0.231,   6.619,   0.400,   6.619,   0.500,   6.719
202604241306,   6.432,   6.569,9999.000,9999.000,9999.000,9999.000,9999.000,9999.000,9999.000
202604241312,   6.409,   6.589,9999.000,9999.000,9999.000,9999.000,9999.000,9999.000,9999.000
202604241318,   6.380,   6.556,9999.000,9999.000,9999.000,9999.000,9999.000,9999.000,9999.000
202604241324,   6.346,   6.517,9999.000,9999.000,9999.000,9999.000,9999.000,9999.000,9999.000
202604241330,   6.307,   6.468,9999.000,9999.000,9999.000,9999.000,9999.000,9999.000,9999.000
202604241336,   6.263,   6.409,9999.000,9999.000,9999.000,9999.000,9999.000,9999.000,9999.000
202604241342,   6.213,   6.359,9999.000,9999.000,9999.000,9999.000,9999.000,9999.000,9999.000
202604241348,   6.158,   6.287,9999.000,9999.000,9999.000,9999.000,9999.000,9999.000,9999.000
202604241354,   6.098,   6.287,9999.000,9999.000,9999.000,9999.000,9999.000,9999.000,9999.000
202604241400,   6.033,   6.199,   0.400,  -0.234,   6.199,   0.400,   6.199,   0.500,   6.299
202604241406,   5.962,   6.159,9999.000,9999.000,9999.000,9999.000,9999.000,9999.000,9999.000
202604241412,   5.887,   6.028,9999.000,9999.000,9999.000,9999.000,9999.000,9999.000,9999.000
202604241418,   5.807,   5.940,9999.000,9999.000,9999.000,9999.000,9999.000,9999.000,9999.000
202604241424,   5.721,   5.887,9999.000,9999.000,9999.000,9999.000,9999.000,9999.000,9999.000
202604241430,   5.631,   5.799,9999.000,9999.000,9999.000,9999.000,9999.000,9999.000,9999.000
202604241436,   5.537,   5.657,9999.000,9999.000,9999.000,9999.000,9999.000,9999.000,9999.000
202604241442,   5.438,   5.589,9999.000,9999.000,9999.000,9999.000,9999.000,9999.000,9999.000
202604241448,   5.335,   5.487,9999.000,9999.000,9999.000,9999.000,9999.000,9999.000,9999.000
202604241454,   5.227,   5.339,9999.000,9999.000,9999.000,9999.000,9999.000,9999.000,9999.000
202604241500,   5.116,   5.277,   0.400,  -0.239,   5.277,   0.400,   5.277,   0.500,   5.377
202604241506,   5.001,   5.198,9999.000,9999.000,9999.000,9999.000,9999.000,9999.000,9999.000
202604241512,   4.883,   5.077,9999.000,9999.000,9999.000,9999.000,9999.000,9999.000,9999.000
202604241518,   4.761,   4.919,9999.000,9999.000,9999.000,9999.000,9999.000,9999.000,9999.000
202604241524,   4.636,   4.778,9999.000,9999.000,9999.000,9999.000,9999.000,9999.000,9999.000
202604241530,   4.508,   4.608,9999.000,9999.000,9999.000,9999.000,9999.000,9999.000,9999.000
202604241536,   4.378,   4.519,9999.000,9999.000,9999.000,9999.000,9999.000,9999.000,9999.000
202604241542,   4.245,   4.398,9999.000,9999.000,9999.000,9999.000,9999.000,9999.000,9999.000
202604241548,   4.110,   4.247,9999.000,9999.000,9999.000,9999.000,9999.000,9999.000,9999.000
202604241554,   3.973,   4.149,9999.000,9999.000,9999.000,9999.000,9999.000,9999.000,9999.000
202604241600,   3.835,   4.037,   0.400,  -0.198,   4.037,   0.400,   4.037,   0.500,   4.137
202604241606,   3.695,   3.870,9999.000,9999.000,9999.000,9999.000,9999.000,9999.000,9999.000
202604241612,   3.554,   3.749,9999.000,9999.000,9999.000,9999.000,9999.000,9999.000,9999.000
202604241618,   3.412,   3.598,9999.000,9999.000,9999.000,9999.000,9999.000,9999.000,9999.000
202604241624,   3.270,   3.450,9999.000,9999.000,9999.000,9999.000,9999.000,9999.000,9999.000
202604241630,   3.127,   3.260,9999.000,9999.000,9999.000,9999.000,9999.000,9999.000,9999.000
202604241636,   2.984,   3.148,9999.000,9999.000,9999.000,9999.000,9999.000,9999.000,9999.000
202604241642,   2.842,   3.030,9999.000,9999.000,9999.000,9999.000,9999.000,9999.000,9999.000
202604241648,   2.700,   2.929,9999.000,9999.000,9999.000,9999.000,9999.000,9999.000,9999.000
202604241654,   2.559,   2.758,9999.000,9999.000,9999.000,9999.000,9999.000,9999.000,9999.000
202604241700,   2.419,   2.640,   0.500,  -0.279,   2.640,   0.500,   2.640,   0.500,   2.640
202604241706,   2.280,   2.469,9999.000,9999.000,9999.000,9999.000,9999.000,9999.000,9999.000
202604241712,   2.143,   2.348,9999.000,9999.000,9999.000,9999.000,9999.000,9999.000,9999.000
202604241718,   2.008,9999.000,9999.000,9999.000,9999.000,9999.000,9999.000,9999.000,9999.000
202604241724,   1.875,   2.079,9999.000,9999.000,9999.000,9999.000,9999.000,9999.000,9999.000
202604241730,   1.744,   1.990,9999.000,9999.000,9999.000,9999.000,9999.000,9999.000,9999.000
202604241736,   1.616,   1.840,9999.000,9999.000,9999.000,9999.000,9999.000,9999.000,9999.000
202604241742,   1.491,   1.699,9999.000,9999.000,9999.000,9999.000,9999.000,9999.000,9999.000
202604241748,   1.368,   1.571,9999.000,9999.000,9999.000,9999.000,9999.000,9999.000,9999.000
202604241754,   1.250,   1.469,9999.000,9999.000,9999.000,9999.000,9999.000,9999.000,9999.000
202604241800,   1.135,   1.328,   0.500,  -0.307,   1.328,   0.500,   1.328,   0.600,   1.428
202604241806,   1.023,   1.279,9999.000,9999.000,9999.000,9999.000,9999.000,9999.000,9999.000
202604241812,   0.916,   1.098,9999.000,9999.000,9999.000,9999.000,9999.000,9999.000,9999.000
202604241818,   0.813,   0.990,9999.000,9999.000,9999.000,9999.000,9999.000,9999.000,9999.000
202604241824,   0.715,   0.888,9999.000,9999.000,9999.000,9999.000,9999.000,9999.000,9999.000
202604241830,   0.621,   0.819,9999.000,9999.000,9999.000,9999.000,9999.000,9999.000,9999.000
202604241836,   0.532,   0.760,9999.000,9999.000,9999.000,9999.000,9999.000,9999.000,9999.000
202604241842,   0.448,   0.649,9999.000,9999.000,9999.000,9999.000,9999.000,9999.000,9999.000
202604241848,   0.369,   0.610,9999.000,9999.000,9999.000,9999.000,9999.000,9999.000,9999.000
202604241854,   0.296,   0.498,9999.000,9999.000,9999.000,9999.000,9999.000,9999.000,9999.000
202604241900,   0.228,   0.449,   0.500,  -0.279,   0.449,   0.500,   0.449,   0.600,   0.549
202604241906,   0.166,   0.350,9999.000,9999.000,9999.000,9999.000,9999.000,9999.000,9999.000
202604241912,   0.109,   0.341,9999.000,9999.000,9999.000,9999.000,9999.000,9999.000,9999.000
202604241918,   0.059,   0.288,9999.000,9999.000,9999.000,9999.000,9999.000,9999.000,9999.000
202604241924,   0.014,   0.219,9999.000,9999.000,9999.000,9999.000,9999.000,9999.000,9999.000
202604241930,  -0.023,   0.219,9999.000,9999.000,9999.000,9999.000,9999.000,9999.000,9999.000
202604241936,  -0.055,   0.200,9999.000,9999.000,9999.000,9999.000,9999.000,9999.000,9999.000
202604241942,  -0.081,   0.141,9999.000,9999.000,9999.000,9999.000,9999.000,9999.000,9999.000
202604241948,  -0.101,   0.111,9999.000,9999.000,9999.000,9999.000,9999.000,9999.000,9999.000
202604241954,  -0.114,   0.098,9999.000,9999.000,9999.000,9999.000,9999.000,9999.000,9999.000
202604242000,  -0.121,   0.098,   0.500,  -0.281,   0.098,   0.500,   0.098,   0.600,   0.198
202604242006,  -0.121,   0.098,9999.000,9999.000,9999.000,9999.000,9999.000,9999.000,9999.000
202604242012,  -0.116,   0.098,9999.000,9999.000,9999.000,9999.000,9999.000,9999.000,9999.000
202604242018,  -0.103,   0.121,9999.000,9999.000,9999.000,9999.000,9999.000,9999.000,9999.000
202604242024,  -0.085,   0.150,9999.000,9999.000,9999.000,9999.000,9999.000,9999.000,9999.000
202604242030,  -0.060,   0.190,9999.000,9999.000,9999.000,9999.000,9999.000,9999.000,9999.000
202604242036,  -0.029,   0.180,9999.000,9999.000,9999.000,9999.000,9999.000,9999.000,9999.000
202604242042,   0.007,   0.229,9999.000,9999.000,9999.000,9999.000,9999.000,9999.000,9999.000
202604242048,   0.050,   0.308,9999.000,9999.000,9999.000,9999.000,9999.000,9999.000,9999.000
202604242054,   0.099,   0.308,9999.000,9999.000,9999.000,9999.000,9999.000,9999.000,9999.000
202604242100,   0.153,   0.390,   0.600,  -0.363,   0.390,   0.500,   0.290,   0.600,   0.390
202604242106,   0.214,   0.439,9999.000,9999.000,9999.000,9999.000,9999.000,9999.000,9999.000
202604242112,   0.279,   0.518,9999.000,9999.000,9999.000,9999.000,9999.000,9999.000,9999.000
202604242118,   0.351,   0.649,9999.000,9999.000,9999.000,9999.000,9999.000,9999.000,9999.000
202604242124,   0.427,   0.698,9999.000,9999.000,9999.000,9999.000,9999.000,9999.000,9999.000
202604242130,   0.508,   0.760,9999.000,9999.000,9999.000,9999.000,9999.000,9999.000,9999.000
202604242136,   0.595,   0.829,9999.000,9999.000,9999.000,9999.000,9999.000,9999.000,9999.000
202604242142,   0.685,   0.970,9999.000,9999.000,9999.000,9999.000,9999.000,9999.000,9999.000
202604242148,   0.781,   1.039,9999.000,9999.000,9999.000,9999.000,9999.000,9999.000,9999.000
202604242154,   0.880,   1.161,9999.000,9999.000,9999.000,9999.000,9999.000,9999.000,9999.000
202604242200,   0.983,   1.269,   0.600,  -0.314,   1.269,   0.600,   1.269,   0.600,   1.269
202604242206,   1.090,   1.348,9999.000,9999.000,9999.000,9999.000,9999.000,9999.000,9999.000
202604242212,   1.201,   1.469,9999.000,9999.000,9999.000,9999.000,9999.000,9999.000,9999.000
202604242218,   1.315,   1.580,9999.000,9999.000,9999.000,9999.000,9999.000,9999.000,9999.000
202604242224,   1.431,   1.699,9999.000,9999.000,9999.000,9999.000,9999.000,9999.000,9999.000
202604242230,   1.551,   1.790,9999.000,9999.000,9999.000,9999.000,9999.000,9999.000,9999.000
202604242236,   1.673,   1.918,9999.000,9999.000,9999.000,9999.000,9999.000,9999.000,9999.000
202604242242,   1.797,   2.049,9999.000,9999.000,9999.000,9999.000,9999.000,9999.000,9999.000
202604242248,   1.923,   2.148,9999.000,9999.000,9999.000,9999.000,9999.000,9999.000,9999.000
202604242254,   2.051,   2.299,9999.000,9999.000,9999.000,9999.000,9999.000,9999.000,9999.000
202604242300,   2.181,   2.430,   0.600,  -0.351,   2.430,   0.500,   2.330,   0.600,   2.430
202604242306,   2.311,   2.587,9999.000,9999.000,9999.000,9999.000,9999.000,9999.000,9999.000
202604242312,   2.443,   2.699,9999.000,9999.000,9999.000,9999.000,9999.000,9999.000,9999.000
202604242318,   2.575,   2.860,9999.000,9999.000,9999.000,9999.000,9999.000,9999.000,9999.000
202604242324,   2.707,   2.968,9999.000,9999.000,9999.000,9999.000,9999.000,9999.000,9999.000
202604242330,   2.840,   3.089,9999.000,9999.000,9999.000,9999.000,9999.000,9999.000,9999.000
202604242336,   2.973,   3.270,9999.000,9999.000,9999.000,9999.000,9999.000,9999.000,9999.000
202604242342,   3.105,   3.368,9999.000,9999.000,9999.000,9999.000,9999.000,9999.000,9999.000
202604242348,   3.236,   3.499,9999.000,9999.000,9999.000,9999.000,9999.000,9999.000,9999.000
202604242354,   3.367,   3.627,9999.000,9999.000,9999.000,9999.000,9999.000,9999.000,9999.000
202604250000,   3.497,   3.739,   0.500,  -0.258,   3.739,   0.400,   3.639,   0.500,   3.739
202604250006,   3.625,   3.860,9999.000,9999.000,9999.000,9999.000,9999.000,9999.000,9999.000
202604250012,   3.751,   4.008,9999.000,9999.000,9999.000,9999.000,9999.000,9999.000,9999.000
202604250018,   3.876,   4.099,9999.000,9999.000,9999.000,9999.000,9999.000,9999.000,9999.000
202604250024,   3.998,   4.227,9999.000,9999.000,9999.000,9999.000,9999.000,9999.000,9999.000
202604250030,   4.118,   4.398,9999.000,9999.000,9999.000,9999.000,9999.000,9999.000,9999.000
202604250036,   4.236,   4.480,9999.000,9999.000,9999.000,9999.000,9999.000,9999.000,9999.000
202604250042,   4.350,   4.598,9999.000,9999.000,9999.000,9999.000,9999.000,9999.000,9999.000
202604250048,   4.462,   4.739,9999.000,9999.000,9999.000,9999.000,9999.000,9999.000,9999.000
202604250054,   4.570,   4.847,9999.000,9999.000,9999.000,9999.000,9999.000,9999.000,9999.000
202604250100,   4.675,   4.969,   0.500,  -0.206,   4.969,   0.500,   4.969,   0.500,   4.969
202604250106,   4.777,   5.077,9999.000,9999.000,9999.000,9999.000,9999.000,9999.000,9999.000
202604250112,   4.875,   5.110,9999.000,9999.000,9999.000,9999.000,9999.000,9999.000,9999.000
202604250118,   4.968,   5.238,9999.000,9999.000,9999.000,9999.000,9999.000,9999.000,9999.000
202604250124,   5.058,   5.320,9999.000,9999.000,9999.000,9999.000,9999.000,9999.000,9999.000
202604250130,   5.143,   5.389,9999.000,9999.000,9999.000,9999.000,9999.000,9999.000,9999.000
202604250136,   5.224,   5.448,9999.000,9999.000,9999.000,9999.000,9999.000,9999.000,9999.000
202604250142,   5.300,   5.549,9999.000,9999.000,9999.000,9999.000,9999.000,9999.000,9999.000
202604250148,   5.372,   5.638,9999.000,9999.000,9999.000,9999.000,9999.000,9999.000,9999.000
202604250154,   5.439,   5.707,9999.000,9999.000,9999.000,9999.000,9999.000,9999.000,9999.000
202604250200,   5.501,   5.789,   0.500,  -0.212,   5.789,   0.500,   5.789,   0.500,   5.789
202604250206,   5.558,   5.848,9999.000,9999.000,9999.000,9999.000,9999.000,9999.000,9999.000
202604250212,   5.610,   5.887,9999.000,9999.000,9999.000,9999.000,9999.000,9999.000,9999.000
202604250218,   5.657,   5.917,9999.000,9999.000,9999.000,9999.000,9999.000,9999.000,9999.000
202604250224,   5.699,   5.989,9999.000,9999.000,9999.000,9999.000,9999.000,9999.000,9999.000
202604250230,   5.736,   5.999,9999.000,9999.000,9999.000,9999.000,9999.000,9999.000,9999.000
202604250236,   5.767,   6.008,9999.000,9999.000,9999.000,9999.000,9999.000,9999.000,9999.000
202604250242,   5.794,   6.048,9999.000,9999.000,9999.000,9999.000,9999.000,9999.000,9999.000
202604250248,   5.815,   6.087,9999.000,9999.000,9999.000,9999.000,9999.000,9999.000,9999.000
202604250254,   5.831,   6.087,9999.000,9999.000,9999.000,9999.000,9999.000,9999.000,9999.000
202604250300,   5.842,   6.107,   0.500,  -0.235,   6.107,   0.500,   6.107,   0.500,   6.107
202604250306,   5.849,   6.127,9999.000,9999.000,9999.000,9999.000,9999.000,9999.000,9999.000
202604250312,   5.850,   6.159,9999.000,9999.000,9999.000,9999.000,9999.000,9999.000,9999.000
202604250318,   5.846,   6.149,9999.000,9999.000,9999.000,9999.000,9999.000,9999.000,9999.000
202604250324,   5.838,   6.159,9999.000,9999.000,9999.000,9999.000,9999.000,9999.000,9999.000
202604250330,   5.825,   6.159,9999.000,9999.000,9999.000,9999.000,9999.000,9999.000,9999.000
202604250336,   5.807,   6.097,9999.000,9999.000,9999.000,9999.000,9999.000,9999.000,9999.000
202604250342,   5.785,   6.038,9999.000,9999.000,9999.000,9999.000,9999.000,9999.000,9999.000
202604250348,   5.759,   6.028,9999.000,9999.000,9999.000,9999.000,9999.000,9999.000,9999.000
202604250354,   5.728,   6.018,9999.000,9999.000,9999.000,9999.000,9999.000,9999.000,9999.000
202604250400,   5.694,   6.008,   0.500,  -0.186,   6.008,   0.500,   6.008,   0.500,   6.008
202604250406,   5.656,   5.989,9999.000,9999.000,9999.000,9999.000,9999.000,9999.000,9999.000
202604250412,   5.614,   5.989,9999.000,9999.000,9999.000,9999.000,9999.000,9999.000,9999.000
202604250418,   5.568,   5.877,9999.000,9999.000,9999.000,9999.000,9999.000,9999.000,9999.000
202604250424,   5.520,   5.818,9999.000,9999.000,9999.000,9999.000,9999.000,9999.000,9999.000
202604250430,   5.468,   5.749,9999.000,9999.000,9999.000,9999.000,9999.000,9999.000,9999.000
202604250436,   5.414,   5.730,9999.000,9999.000,9999.000,9999.000,9999.000,9999.000,9999.000
202604250442,   5.357,   5.628,9999.000,9999.000,9999.000,9999.000,9999.000,9999.000,9999.000
202604250448,   5.297,   5.559,9999.000,9999.000,9999.000,9999.000,9999.000,9999.000,9999.000
202604250454,   5.235,   5.497,9999.000,9999.000,9999.000,9999.000,9999.000,9999.000,9999.000
202604250500,   5.172,   5.448,   0.500,  -0.224,   5.448,   0.500,   5.448,   0.500,   5.448
202604250506,   5.106,   5.379,9999.000,9999.000,9999.000,9999.000,9999.000,9999.000,9999.000
202604250512,   5.039,   5.320,9999.000,9999.000,9999.000,9999.000,9999.000,9999.000,9999.000
202604250518,   4.970,   5.238,9999.000,9999.000,9999.000,9999.000,9999.000,9999.000,9999.000
202604250524,   4.901,   5.218,9999.000,9999.000,9999.000,9999.000,9999.000,9999.000,9999.000
202604250530,   4.830,   5.077,9999.000,9999.000,9999.000,9999.000,9999.000,9999.000,9999.000
202604250536,   4.759,   5.008,9999.000,9999.000,9999.000,9999.000,9999.000,9999.000,9999.000
202604250542,   4.688,   4.919,9999.000,9999.000,9999.000,9999.000,9999.000,9999.000,9999.000
202604250548,   4.616,   4.837,9999.000,9999.000,9999.000,9999.000,9999.000,9999.000,9999.000
202604250554,   4.544,   4.788,9999.000,9999.000,9999.000,9999.000,9999.000,9999.000,9999.000
202604250600,   4.473,   4.719,   0.400,  -0.154,   4.719,   0.400,   4.719,   0.400,   4.719
202604250606,   4.402,   4.657,9999.000,9999.000,9999.000,9999.000,9999.000,9999.000,9999.000
202604250612,   4.332,   4.588,9999.000,9999.000,9999.000,9999.000,9999.000,9999.000,9999.000
202604250618,   4.262,   4.529,9999.000,9999.000,9999.000,9999.000,9999.000,9999.000,9999.000
202604250624,   4.194,   4.467,9999.000,9999.000,9999.000,9999.000,9999.000,9999.000,9999.000
202604250630,   4.127,   4.418,9999.000,9999.000,9999.000,9999.000,9999.000,9999.000,9999.000
202604250636,   4.062,   4.329,9999.000,9999.000,9999.000,9999.000,9999.000,9999.000,9999.000
202604250642,   3.998,   4.290,9999.000,9999.000,9999.000,9999.000,9999.000,9999.000,9999.000
202604250648,   3.937,   4.139,9999.000,9999.000,9999.000,9999.000,9999.000,9999.000,9999.000
202604250654,   3.877,   4.159,9999.000,9999.000,9999.000,9999.000,9999.000,9999.000,9999.000
202604250700,   3.820,   4.090,   0.400,  -0.130,   4.090,   0.400,   4.090,   0.400,   4.090
202604250706,   3.765,   4.047,9999.000,9999.000,9999.000,9999.000,9999.000,9999.000,9999.000
202604250712,   3.714,   4.027,9999.000,9999.000,9999.000,9999.000,9999.000,9999.000,9999.000
202604250718,   3.665,   3.958,9999.000,9999.000,9999.000,9999.000,9999.000,9999.000,9999.000
202604250724,   3.619,   3.847,9999.000,9999.000,9999.000,9999.000,9999.000,9999.000,9999.000
202604250730,   3.576,   3.837,9999.000,9999.000,9999.000,9999.000,9999.000,9999.000,9999.000
202604250736,   3.536,   3.817,9999.000,9999.000,9999.000,9999.000,9999.000,9999.000,9999.000
202604250742,   3.500,   3.788,9999.000,9999.000,9999.000,9999.000,9999.000,9999.000,9999.000
202604250748,   3.468,   3.778,9999.000,9999.000,9999.000,9999.000,9999.000,9999.000,9999.000
202604250754,   3.439,   3.670,9999.000,9999.000,9999.000,9999.000,9999.000,9999.000,9999.000
202604250800,   3.414,   3.680,   0.400,  -0.134,   3.680,   0.400,   3.680,   0.400,   3.680
202604250806,   3.393,   3.670,9999.000,9999.000,9999.000,9999.000,9999.000,9999.000,9999.000
202604250812,   3.376,   3.637,9999.000,9999.000,9999.000,9999.000,9999.000,9999.000,9999.000
202604250818,   3.363,   3.670,9999.000,9999.000,9999.000,9999.000,9999.000,9999.000,9999.000
202604250824,   3.354,   3.627,9999.000,9999.000,9999.000,9999.000,9999.000,9999.000,9999.000
202604250830,   3.349,   3.607,9999.000,9999.000,9999.000,9999.000,9999.000,9999.000,9999.000
202604250836,   3.348,   3.568,9999.000,9999.000,9999.000,9999.000,9999.000,9999.000,9999.000
202604250842,   3.351,   3.588,9999.000,9999.000,9999.000,9999.000,9999.000,9999.000,9999.000
202604250848,   3.358,   3.607,9999.000,9999.000,9999.000,9999.000,9999.000,9999.000,9999.000
202604250854,   3.370,   3.670,9999.000,9999.000,9999.000,9999.000,9999.000,9999.000,9999.000
202604250900,   3.385,   3.680,   0.400,  -0.105,   3.680,   0.400,   3.680,   0.400,   3.680
202604250906,   3.405,   3.758,9999.000,9999.000,9999.000,9999.000,9999.000,9999.000,9999.000
202604250912,   3.429,   3.758,9999.000,9999.000,9999.000,9999.000,9999.000,9999.000,9999.000
202604250918,   3.456,   3.778,9999.000,9999.000,9999.000,9999.000,9999.000,9999.000,9999.000
202604250924,   3.488,   3.798,9999.000,9999.000,9999.000,9999.000,9999.000,9999.000,9999.000
202604250930,   3.523,   3.778,9999.000,9999.000,9999.000,9999.000,9999.000,9999.000,9999.000
202604250936,   3.561,   3.798,9999.000,9999.000,9999.000,9999.000,9999.000,9999.000,9999.000
202604250942,   3.603,   3.860,9999.000,9999.000,9999.000,9999.000,9999.000,9999.000,9999.000
202604250948,   3.649,   3.968,9999.000,9999.000,9999.000,9999.000,9999.000,9999.000,9999.000
202604250954,   3.698,   4.047,9999.000,9999.000,9999.000,9999.000,9999.000,9999.000,9999.000
202604251000,   3.750,   4.109,   0.400,  -0.041,   4.109,   0.400,   4.109,   0.400,   4.109
202604251006,   3.805,   4.159,9999.000,9999.000,9999.000,9999.000,9999.000,9999.000,9999.000
202604251012,   3.862,   4.188,9999.000,9999.000,9999.000,9999.000,9999.000,9999.000,9999.000
202604251018,   3.922,   4.188,9999.000,9999.000,9999.000,9999.000,9999.000,9999.000,9999.000
202604251024,   3.985,   4.257,9999.000,9999.000,9999.000,9999.000,9999.000,9999.000,9999.000
202604251030,   4.050,   4.339,9999.000,9999.000,9999.000,9999.000,9999.000,9999.000,9999.000
202604251036,   4.117,   4.457,9999.000,9999.000,9999.000,9999.000,9999.000,9999.000,9999.000
202604251042,   4.185,   4.529,9999.000,9999.000,9999.000,9999.000,9999.000,9999.000,9999.000
202604251048,   4.255,   4.637,9999.000,9999.000,9999.000,9999.000,9999.000,9999.000,9999.000
202604251054,   4.327,   4.690,9999.000,9999.000,9999.000,9999.000,9999.000,9999.000,9999.000
202604251100,   4.400,   4.739,   0.400,  -0.061,   4.739,   0.400,   4.739,   0.400,   4.739
202604251106,   4.474,   4.808,9999.000,9999.000,9999.000,9999.000,9999.000,9999.000,9999.000
202604251112,   4.548,   4.877,9999.000,9999.000,9999.000,9999.000,9999.000,9999.000,9999.000
202604251118,   4.623,   4.959,9999.000,9999.000,9999.000,9999.000,9999.000,9999.000,9999.000
202604251124,   4.698,   5.047,9999.000,9999.000,9999.000,9999.000,9999.000,9999.000,9999.000
202604251130,   4.774,   5.110,9999.000,9999.000,9999.000,9999.000,9999.000,9999.000,9999.000
202604251136,   4.849,   5.188,9999.000,9999.000,9999.000,9999.000,9999.000,9999.000,9999.000
202604251142,   4.924,   5.297,9999.000,9999.000,9999.000,9999.000,9999.000,9999.000,9999.000
202604251148,   4.998,   5.379,9999.000,9999.000,9999.000,9999.000,9999.000,9999.000,9999.000
202604251154,   5.072,   5.398,9999.000,9999.000,9999.000,9999.000,9999.000,9999.000,9999.000
202604251200,   5.144,   5.487,   0.500,  -0.157,   5.487,   0.500,   5.487,   0.500,   5.487
202604251206,   5.215,   5.579,9999.000,9999.000,9999.000,9999.000,9999.000,9999.000,9999.000
202604251212,   5.285,   5.608,9999.000,9999.000,9999.000,9999.000,9999.000,9999.000,9999.000
202604251218,   5.353,   5.697,9999.000,9999.000,9999.000,9999.000,9999.000,9999.000,9999.000
202604251224,   5.419,   5.769,9999.000,9999.000,9999.000,9999.000,9999.000,9999.000,9999.000
202604251230,   5.482,   5.808,9999.000,9999.000,9999.000,9999.000,9999.000,9999.000,9999.000
202604251236,   5.544,   5.867,9999.000,9999.000,9999.000,9999.000,9999.000,9999.000,9999.000
202604251242,   5.603,   5.979,9999.000,9999.000,9999.000,9999.000,9999.000,9999.000,9999.000
202604251248,   5.659,   5.989,9999.000,9999.000,9999.000,9999.000,9999.000,9999.000,9999.000
202604251254,   5.712,   6.038,9999.000,9999.000,9999.000,9999.000,9999.000,9999.000,9999.000
202604251300,   5.762,   6.077,   0.500,  -0.185,   6.077,   0.500,   6.077,   0.500,   6.077
202604251306,   5.808,   6.097,9999.000,9999.000,9999.000,9999.000,9999.000,9999.000,9999.000
202604251312,   5.851,   6.149,9999.000,9999.000,9999.000,9999.000,9999.000,9999.000,9999.000
202604251318,   5.891,   6.209,9999.000,9999.000,9999.000,9999.000,9999.000,9999.000,9999.000
202604251324,   5.926,   6.248,9999.000,9999.000,9999.000,9999.000,9999.000,9999.000,9999.000
202604251330,   5.958,   6.307,9999.000,9999.000,9999.000,9999.000,9999.000,9999.000,9999.000
202604251336,   5.985,   6.346,9999.000,9999.000,9999.000,9999.000,9999.000,9999.000,9999.000
202604251342,   6.008,   6.359,9999.000,9999.000,9999.000,9999.000,9999.000,9999.000,9999.000
202604251348,   6.026,   6.346,9999.000,9999.000,9999.000,9999.000,9999.000,9999.000,9999.000
202604251354,   6.040,   6.346,9999.000,9999.000,9999.000,9999.000,9999.000,9999.000,9999.000
202604251400,   6.049,   6.359,   0.500,  -0.190,   6.359,   0.500,   6.359,   0.500,   6.359
202604251406,   6.053,   6.346,9999.000,9999.000,9999.000,9999.000,9999.000,9999.000,9999.000
202604251412,   6.052,   6.369,9999.000,9999.000,9999.000,9999.000,9999.000,9999.000,9999.000
202604251418,   6.047,   6.359,9999.000,9999.000,9999.000,9999.000,9999.000,9999.000,9999.000
202604251424,   6.036,   6.346,9999.000,9999.000,9999.000,9999.000,9999.000,9999.000,9999.000
202604251430,   6.020,   6.327,9999.000,9999.000,9999.000,9999.000,9999.000,9999.000,9999.000
202604251436,   5.999,   6.307,9999.000,9999.000,9999.000,9999.000,9999.000,9999.000,9999.000
202604251442,   5.973,   6.258,9999.000,9999.000,9999.000,9999.000,9999.000,9999.000,9999.000
202604251448,   5.941,   6.277,9999.000,9999.000,9999.000,9999.000,9999.000,9999.000,9999.000
202604251454,   5.904,   6.238,9999.000,9999.000,9999.000,9999.000,9999.000,9999.000,9999.000
202604251500,   5.862,   6.159,   0.500,  -0.203,   6.159,   0.500,   6.159,   0.500,   6.159
202604251506,   5.815,   6.169,9999.000,9999.000,9999.000,9999.000,9999.000,9999.000,9999.000
202604251512,   5.763,   6.107,9999.000,9999.000,9999.000,9999.000,9999.000,9999.000,9999.000
202604251518,   5.706,   6.058,9999.000,9999.000,9999.000,9999.000,9999.000,9999.000,9999.000
202604251524,   5.644,   5.999,9999.000,9999.000,9999.000,9999.000,9999.000,9999.000,9999.000
202604251530,   5.576,   5.897,9999.000,9999.000,9999.000,9999.000,9999.000,9999.000,9999.000
202604251536,   5.504,   5.818,9999.000,9999.000,9999.000,9999.000,9999.000,9999.000,9999.000
202604251542,   5.427,   5.779,9999.000,9999.000,9999.000,9999.000,9999.000,9999.000,9999.000
202604251548,   5.346,   5.697,9999.000,9999.000,9999.000,9999.000,9999.000,9999.000,9999.000
202604251554,   5.260,   5.589,9999.000,9999.000,9999.000,9999.000,9999.000,9999.000,9999.000
202604251600,   5.170,   5.516,   0.500,  -0.154,   5.516,   0.500,   5.516,   0.500,   5.516
202604251606,   5.076,   5.379,9999.000,9999.000,9999.000,9999.000,9999.000,9999.000,9999.000
202604251612,   4.977,   5.320,9999.000,9999.000,9999.000,9999.000,9999.000,9999.000,9999.000
202604251618,   4.875,   5.277,9999.000,9999.000,9999.000,9999.000,9999.000,9999.000,9999.000
202604251624,   4.769,   5.169,9999.000,9999.000,9999.000,9999.000,9999.000,9999.000,9999.000
202604251630,   4.660,   5.028,9999.000,9999.000,9999.000,9999.000,9999.000,9999.000,9999.000
202604251636,   4.548,   4.900,9999.000,9999.000,9999.000,9999.000,9999.000,9999.000,9999.000
202604251642,   4.432,   4.778,9999.000,9999.000,9999.000,9999.000,9999.000,9999.000,9999.000
202604251648,   4.314,   4.657,9999.000,9999.000,9999.000,9999.000,9999.000,9999.000,9999.000
202604251654,   4.194,   4.559,9999.000,9999.000,9999.000,9999.000,9999.000,9999.000,9999.000
202604251700,   4.071,   4.437,   0.500,  -0.134,   4.437,   0.500,   4.437,   0.500,   4.437
202604251706,   3.946,   4.257,9999.000,9999.000,9999.000,9999.000,9999.000,9999.000,9999.000
202604251712,   3.819,   4.129,9999.000,9999.000,9999.000,9999.000,9999.000,9999.000,9999.000
202604251718,   3.691,   4.047,9999.000,9999.000,9999.000,9999.000,9999.000,9999.000,9999.000
202604251724,   3.561,   3.929,9999.000,9999.000,9999.000,9999.000,9999.000,9999.000,9999.000
202604251730,   3.431,   3.817,9999.000,9999.000,9999.000,9999.000,9999.000,9999.000,9999.000
202604251736,   3.299,   3.699,9999.000,9999.000,9999.000,9999.000,9999.000,9999.000,9999.000
202604251742,   3.168,   3.480,9999.000,9999.000,9999.000,9999.000,9999.000,9999.000,9999.000
202604251748,   3.036,   3.348,9999.000,9999.000,9999.000,9999.000,9999.000,9999.000,9999.000
202604251754,   2.904,   3.207,9999.000,9999.000,9999.000,9999.000,9999.000,9999.000,9999.000
202604251800,   2.772,   3.089,   0.600,  -0.283,   3.089,   0.600,   3.089,   0.600,   3.089
202604251806,   2.642,   2.978,9999.000,9999.000,9999.000,9999.000,9999.000,9999.000,9999.000
202604251812,   2.512,   2.807,9999.000,9999.000,9999.000,9999.000,9999.000,9999.000,9999.000
202604251818,   2.383,   2.669,9999.000,9999.000,9999.000,9999.000,9999.000,9999.000,9999.000
202604251824,   2.255,   2.568,9999.000,9999.000,9999.000,9999.000,9999.000,9999.000,9999.000
202604251830,   2.130,   2.469,9999.000,9999.000,9999.000,9999.000,9999.000,9999.000,9999.000
202604251836,   2.006,   2.400,9999.000,9999.000,9999.000,9999.000,9999.000,9999.000,9999.000
202604251842,   1.885,   2.230,9999.000,9999.000,9999.000,9999.000,9999.000,9999.000,9999.000
202604251848,   1.766,   2.079,9999.000,9999.000,9999.000,9999.000,9999.000,9999.000,9999.000
202604251854,   1.650,   1.967,9999.000,9999.000,9999.000,9999.000,9999.000,9999.000,9999.000
202604251900,   1.537,   1.859,   0.600,  -0.278,   1.859,   0.600,   1.859,   0.600,   1.859
202604251906,   1.427,   1.728,9999.000,9999.000,9999.000,9999.000,9999.000,9999.000,9999.000
202604251912,   1.321,   1.659,9999.000,9999.000,9999.000,9999.000,9999.000,9999.000,9999.000
202604251918,   1.218,   1.557,9999.000,9999.000,9999.000,9999.000,9999.000,9999.000,9999.000
202604251924,   1.120,   1.439,9999.000,9999.000,9999.000,9999.000,9999.000,9999.000,9999.000
202604251930,   1.026,   1.348,9999.000,9999.000,9999.000,9999.000,9999.000,9999.000,9999.000
202604251936,   0.936,   1.298,9999.000,9999.000,9999.000,9999.000,9999.000,9999.000,9999.000
202604251942,   0.851,   1.138,9999.000,9999.000,9999.000,9999.000,9999.000,9999.000,9999.000
202604251948,   0.771,   1.088,9999.000,9999.000,9999.000,9999.000,9999.000,9999.000,9999.000
202604251954,   0.696,   1.029,9999.000,9999.000,9999.000,9999.000,9999.000,9999.000,9999.000
202604252000,   0.626,   0.941,   0.600,  -0.285,   0.941,   0.600,   0.941,   0.600,   0.941
202604252006,   0.561,   0.918,9999.000,9999.000,9999.000,9999.000,9999.000,9999.000,9999.000
202604252012,   0.503,   0.839,9999.000,9999.000,9999.000,9999.000,9999.000,9999.000,9999.000
202604252018,   0.449,   0.800,9999.000,9999.000,9999.000,9999.000,9999.000,9999.000,9999.000
202604252024,   0.402,   0.741,9999.000,9999.000,9999.000,9999.000,9999.000,9999.000,9999.000
202604252030,   0.361,   0.731,9999.000,9999.000,9999.000,9999.000,9999.000,9999.000,9999.000
202604252036,   0.326,   0.659,9999.000,9999.000,9999.000,9999.000,9999.000,9999.000,9999.000
202604252042,   0.296,   0.639,9999.000,9999.000,9999.000,9999.000,9999.000,9999.000,9999.000
202604252048,   0.274,   0.610,9999.000,9999.000,9999.000,9999.000,9999.000,9999.000,9999.000
202604252054,   0.257,   0.580,9999.000,9999.000,9999.000,9999.000,9999.000,9999.000,9999.000
202604252100,   0.247,   0.619,   0.600,  -0.228,   0.619,   0.600,   0.619,   0.700,   0.719
202604252106,   0.243,   0.590,9999.000,9999.000,9999.000,9999.000,9999.000,9999.000,9999.000
202604252112,   0.246,   0.639,9999.000,9999.000,9999.000,9999.000,9999.000,9999.000,9999.000
202604252118,   0.255,   0.629,9999.000,9999.000,9999.000,9999.000,9999.000,9999.000,9999.000
202604252124,   0.270,   0.619,9999.000,9999.000,9999.000,9999.000,9999.000,9999.000,9999.000
202604252130,   0.292,   0.619,9999.000,9999.000,9999.000,9999.000,9999.000,9999.000,9999.000
202604252136,   0.320,   0.629,9999.000,9999.000,9999.000,9999.000,9999.000,9999.000,9999.000
202604252142,   0.355,   0.649,9999.000,9999.000,9999.000,9999.000,9999.000,9999.000,9999.000
202604252148,   0.395,   0.751,9999.000,9999.000,9999.000,9999.000,9999.000,9999.000,9999.000
202604252154,   0.442,   0.741,9999.000,9999.000,9999.000,9999.000,9999.000,9999.000,9999.000
202604252200,   0.494,   0.839,   0.700,  -0.355,   0.839,   0.600,   0.739,   0.700,   0.839
202604252206,   0.552,   0.961,9999.000,9999.000,9999.000,9999.000,9999.000,9999.000,9999.000
202604252212,   0.616,   0.941,9999.000,9999.000,9999.000,9999.000,9999.000,9999.000,9999.000
202604252218,   0.686,   1.010,9999.000,9999.000,9999.000,9999.000,9999.000,9999.000,9999.000
202604252224,   0.761,   1.118,9999.000,9999.000,9999.000,9999.000,9999.000,9999.000,9999.000
202604252230,   0.841,   1.190,9999.000,9999.000,9999.000,9999.000,9999.000,9999.000,9999.000
202604252236,   0.927,   1.259,9999.000,9999.000,9999.000,9999.000,9999.000,9999.000,9999.000
202604252242,   1.017,   1.371,9999.000,9999.000,9999.000,9999.000,9999.000,9999.000,9999.000
202604252248,   1.111,   1.439,9999.000,9999.000,9999.000,9999.000,9999.000,9999.000,9999.000
202604252254,   1.211,   1.590,9999.000,9999.000,9999.000,9999.000,9999.000,9999.000,9999.000
202604252300,   1.314,   1.699,   0.700,  -0.315,   1.699,   0.600,   1.599,   0.700,   1.699
202604252306,   1.421,   1.781,9999.000,9999.000,9999.000,9999.000,9999.000,9999.000,9999.000
202604252312,   1.533,   1.908,9999.000,9999.000,9999.000,9999.000,9999.000,9999.000,9999.000
202604252318,   1.647,   1.990,9999.000,9999.000,9999.000,9999.000,9999.000,9999.000,9999.000
202604252324,   1.765,   2.168,9999.000,9999.000,9999.000,9999.000,9999.000,9999.000,9999.000
202604252330,   1.886,   2.240,9999.000,9999.000,9999.000,9999.000,9999.000,9999.000,9999.000
202604252336,   2.010,   2.387,9999.000,9999.000,9999.000,9999.000,9999.000,9999.000,9999.000
202604252342,   2.136,   2.519,9999.000,9999.000,9999.000,9999.000,9999.000,9999.000,9999.000
202604252348,   2.264,   2.610,9999.000,9999.000,9999.000,9999.000,9999.000,9999.000,9999.000
202604252354,   2.394,   2.719,9999.000,9999.000,9999.000,9999.000,9999.000,9999.000,9999.000
202604260000,   2.526,   2.879,   0.500,  -0.147,   2.879,   0.500,   2.879,   0.600,   2.979
202604260006,   2.659,   2.978,9999.000,9999.000,9999.000,9999.000,9999.000,9999.000,9999.000
202604260012,   2.793,   3.148,9999.000,9999.000,9999.000,9999.000,9999.000,9999.000,9999.000
202604260018,   2.929,   3.309,9999.000,9999.000,9999.000,9999.000,9999.000,9999.000,9999.000
202604260024,   3.064,   3.358,9999.000,9999.000,9999.000,9999.000,9999.000,9999.000,9999.000
202604260030,   3.200,   3.548,9999.000,9999.000,9999.000,9999.000,9999.000,9999.000,9999.000
202604260036,   3.336,   3.689,9999.000,9999.000,9999.000,9999.000,9999.000,9999.000,9999.000
202604260042,   3.472,   3.798,9999.000,9999.000,9999.000,9999.000,9999.000,9999.000,9999.000
202604260048,   3.607,   3.949,9999.000,9999.000,9999.000,9999.000,9999.000,9999.000,9999.000
202604260054,   3.741,   4.057,9999.000,9999.000,9999.000,9999.000,9999.000,9999.000,9999.000
202604260100,   3.875,   4.198,   0.600,  -0.277,   4.198,   0.500,   4.098,   0.600,   4.198
202604260106,   4.006,   4.319,9999.000,9999.000,9999.000,9999.000,9999.000,9999.000,9999.000
202604260112,   4.136,   4.447,9999.000,9999.000,9999.000,9999.000,9999.000,9999.000,9999.000
202604260118,   4.265,   4.598,9999.000,9999.000,9999.000,9999.000,9999.000,9999.000,9999.000
202604260124,   4.390,   4.749,9999.000,9999.000,9999.000,9999.000,9999.000,9999.000,9999.000
202604260130,   4.514,   4.887,9999.000,9999.000,9999.000,9999.000,9999.000,9999.000,9999.000
202604260136,   4.635,   4.969,9999.000,9999.000,9999.000,9999.000,9999.000,9999.000,9999.000
202604260142,   4.753,   5.067,9999.000,9999.000,9999.000,9999.000,9999.000,9999.000,9999.000
202604260148,   4.867,   5.179,9999.000,9999.000,9999.000,9999.000,9999.000,9999.000,9999.000
202604260154,   4.979,   5.320,9999.000,9999.000,9999.000,9999.000,9999.000,9999.000,9999.000
202604260200,   5.086,   5.408,   0.600,  -0.278,   5.408,   0.500,   5.308,   0.600,   5.408
202604260206,   5.190,   5.569,9999.000,9999.000,9999.000,9999.000,9999.000,9999.000,9999.000
202604260212,   5.289,   5.628,9999.000,9999.000,9999.000,9999.000,9999.000,9999.000,9999.000
202604260218,   5.385,   5.759,9999.000,9999.000,9999.000,9999.000,9999.000,9999.000,9999.000
202604260224,   5.476,   5.799,9999.000,9999.000,9999.000,9999.000,9999.000,9999.000,9999.000
202604260230,   5.562,   5.867,9999.000,9999.000,9999.000,9999.000,9999.000,9999.000,9999.000
202604260236,   5.643,   5.940,9999.000,9999.000,9999.000,9999.000,9999.000,9999.000,9999.000
202604260242,   5.720,   6.048,9999.000,9999.000,9999.000,9999.000,9999.000,9999.000,9999.000
202604260248,   5.791,   6.097,9999.000,9999.000,9999.000,9999.000,9999.000,9999.000,9999.000
202604260254,   5.857,   6.179,9999.000,9999.000,9999.000,9999.000,9999.000,9999.000,9999.000
202604260300,   5.918,   6.238,   0.500,  -0.180,   6.238,   0.500,   6.238,   0.600,   6.338
202604260306,   5.973,   6.277,9999.000,9999.000,9999.000,9999.000,9999.000,9999.000,9999.000
202604260312,   6.023,   6.346,9999.000,9999.000,9999.000,9999.000,9999.000,9999.000,9999.000
202604260318,   6.067,   6.327,9999.000,9999.000,9999.000,9999.000,9999.000,9999.000,9999.000
202604260324,   6.105,   6.389,9999.000,9999.000,9999.000,9999.000,9999.000,9999.000,9999.000
202604260330,   6.138,   6.409,9999.000,9999.000,9999.000,9999.000,9999.000,9999.000,9999.000
202604260336,   6.165,   6.468,9999.000,9999.000,9999.000,9999.000,9999.000,9999.000,9999.000
202604260342,   6.186,   6.458,9999.000,9999.000,9999.000,9999.000,9999.000,9999.000,9999.000
202604260348,   6.201,   6.527,9999.000,9999.000,9999.000,9999.000,9999.000,9999.000,9999.000
202604260354,   6.211,   6.487,9999.000,9999.000,9999.000,9999.000,9999.000,9999.000,9999.000
202604260400,   6.215,   6.487,   0.500,  -0.228,   6.487,   0.500,   6.487,   0.500,   6.487
202604260406,   6.213,   6.477,9999.000,9999.000,9999.000,9999.000,9999.000,9999.000,9999.000
202604260412,   6.206,   6.468,9999.000,9999.000,9999.000,9999.000,9999.000,9999.000,9999.000
202604260418,   6.193,   6.477,9999.000,9999.000,9999.000,9999.000,9999.000,9999.000,9999.000
202604260424,   6.174,   6.458,9999.000,9999.000,9999.000,9999.000,9999.000,9999.000,9999.000
202604260430,   6.150,   6.438,9999.000,9999.000,9999.000,9999.000,9999.000,9999.000,9999.000
202604260436,   6.122,   6.428,9999.000,9999.000,9999.000,9999.000,9999.000,9999.000,9999.000
202604260442,   6.087,   6.369,9999.000,9999.000,9999.000,9999.000,9999.000,9999.000,9999.000
202604260448,   6.048,   6.336,9999.000,9999.000,9999.000,9999.000,9999.000,9999.000,9999.000
202604260454,   6.005,   6.317,9999.000,9999.000,9999.000,9999.000,9999.000,9999.000,9999.000
202604260500,   5.956,   6.228,   0.500,  -0.228,   6.228,   0.500,   6.228,   0.600,   6.328
202604260506,   5.903,   6.238,9999.000,9999.000,9999.000,9999.000,9999.000,9999.000,9999.000
202604260512,   5.846,   6.136,9999.000,9999.000,9999.000,9999.000,9999.000,9999.000,9999.000
202604260518,   5.784,   6.058,9999.000,9999.000,9999.000,9999.000,9999.000,9999.000,9999.000
202604260524,   5.719,   6.018,9999.000,9999.000,9999.000,9999.000,9999.000,9999.000,9999.000
202604260530,   5.650,   5.887,9999.000,9999.000,9999.000,9999.000,9999.000,9999.000,9999.000
202604260536,   5.578,   5.779,9999.000,9999.000,9999.000,9999.000,9999.000,9999.000,9999.000
202604260542,   5.502,   5.730,9999.000,9999.000,9999.000,9999.000,9999.000,9999.000,9999.000
202604260548,   5.423,   5.667,9999.000,9999.000,9999.000,9999.000,9999.000,9999.000,9999.000
202604260554,   5.342,   5.589,9999.000,9999.000,9999.000,9999.000,9999.000,9999.000,9999.000
202604260600,   5.258,   5.507,   0.400,  -0.151,   5.507,   0.400,   5.507,   0.400,   5.507
202604260606,   5.172,   5.398,9999.000,9999.000,9999.000,9999.000,9999.000,9999.000,9999.000
202604260612,   5.083,   5.297,9999.000,9999.000,9999.000,9999.000,9999.000,9999.000,9999.000
202604260618,   4.993,   5.238,9999.000,9999.000,9999.000,9999.000,9999.000,9999.000,9999.000
202604260624,   4.902,   5.159,9999.000,9999.000,9999.000,9999.000,9999.000,9999.000,9999.000
202604260630,   4.809,   5.047,9999.000,9999.000,9999.000,9999.000,9999.000,9999.000,9999.000
202604260636,   4.715,   4.949,9999.000,9999.000,9999.000,9999.000,9999.000,9999.000,9999.000
202604260642,   4.620,   4.837,9999.000,9999.000,9999.000,9999.000,9999.000,9999.000,9999.000
202604260648,   4.525,   4.719,9999.000,9999.000,9999.000,9999.000,9999.000,9999.000,9999.000
202604260654,   4.429,   4.618,9999.000,9999.000,9999.000,9999.000,9999.000,9999.000,9999.000
202604260700,   4.334,   4.539,   0.400,  -0.195,   4.539,   0.300,   4.439,   0.400,   4.539
202604260706,   4.239,   4.480,9999.000,9999.000,9999.000,9999.000,9999.000,9999.000,9999.000
202604260712,   4.145,   4.359,9999.000,9999.000,9999.000,9999.000,9999.000,9999.000,9999.000
202604260718,   4.051,   4.247,9999.000,9999.000,9999.000,9999.000,9999.000,9999.000,9999.000
202604260724,   3.958,   4.159,9999.000,9999.000,9999.000,9999.000,9999.000,9999.000,9999.000
202604260730,   3.867,   4.047,9999.000,9999.000,9999.000,9999.000,9999.000,9999.000,9999.000
202604260736,   3.778,   3.988,9999.000,9999.000,9999.000,9999.000,9999.000,9999.000,9999.000
202604260742,   3.690,   3.890,9999.000,9999.000,9999.000,9999.000,9999.000,9999.000,9999.000
202604260748,   3.605,   3.798,9999.000,9999.000,9999.000,9999.000,9999.000,9999.000,9999.000
202604260754,   3.521,   3.729,9999.000,9999.000,9999.000,9999.000,9999.000,9999.000,9999.000
202604260800,   3.441,   3.650,   0.400,  -0.191,   3.650,   0.300,   3.550,   0.400,   3.650
202604260806,   3.363,   3.519,9999.000,9999.000,9999.000,9999.000,9999.000,9999.000,9999.000
202604260812,   3.288,   3.499,9999.000,9999.000,9999.000,9999.000,9999.000,9999.000,9999.000
202604260818,   3.217,   3.407,9999.000,9999.000,9999.000,9999.000,9999.000,9999.000,9999.000
202604260824,   3.148,   3.279,9999.000,9999.000,9999.000,9999.000,9999.000,9999.000,9999.000
202604260830,   3.084,   3.230,9999.000,9999.000,9999.000,9999.000,9999.000,9999.000,9999.000
202604260836,   3.023,   3.207,9999.000,9999.000,9999.000,9999.000,9999.000,9999.000,9999.000
202604260842,   2.967,   3.148,9999.000,9999.000,9999.000,9999.000,9999.000,9999.000,9999.000
202604260848,   2.914,   3.129,9999.000,9999.000,9999.000,9999.000,9999.000,9999.000,9999.000
202604260854,   2.866,   3.050,9999.000,9999.000,9999.000,9999.000,9999.000,9999.000,9999.000
202604260900,   2.822,   2.978,   0.400,  -0.244,   2.978,   0.300,   2.878,   0.400,   2.978
202604260906,   2.783,   2.958,9999.000,9999.000,9999.000,9999.000,9999.000,9999.000,9999.000
202604260912,   2.748,   2.919,9999.000,9999.000,9999.000,9999.000,9999.000,9999.000,9999.000
202604260918,   2.718,   2.869,9999.000,9999.000,9999.000,9999.000,9999.000,9999.000,9999.000
202604260924,   2.693,   2.840,9999.000,9999.000,9999.000,9999.000,9999.000,9999.000,9999.000
202604260930,   2.673,   2.840,9999.000,9999.000,9999.000,9999.000,9999.000,9999.000,9999.000
202604260936,   2.658,   2.840,9999.000,9999.000,9999.000,9999.000,9999.000,9999.000,9999.000
202604260942,   2.647,   2.860,9999.000,9999.000,9999.000,9999.000,9999.000,9999.000,9999.000
202604260948,   2.642,   2.879,9999.000,9999.000,9999.000,9999.000,9999.000,9999.000,9999.000
202604260954,   2.641,   2.850,9999.000,9999.000,9999.000,9999.000,9999.000,9999.000,9999.000
202604261000,   2.646,   2.820,   0.400,  -0.226,   2.820,   0.300,   2.720,   0.400,   2.820
202604261006,   2.656,   2.840,9999.000,9999.000,9999.000,9999.000,9999.000,9999.000,9999.000
202604261012,   2.670,   2.830,9999.000,9999.000,9999.000,9999.000,9999.000,9999.000,9999.000
202604261018,   2.689,   2.860,9999.000,9999.000,9999.000,9999.000,9999.000,9999.000,9999.000
202604261024,   2.713,   2.860,9999.000,9999.000,9999.000,9999.000,9999.000,9999.000,9999.000
202604261030,   2.742,   2.938,9999.000,9999.000,9999.000,9999.000,9999.000,9999.000,9999.000
202604261036,   2.775,   2.958,9999.000,9999.000,9999.000,9999.000,9999.000,9999.000,9999.000
202604261042,   2.813,   3.030,9999.000,9999.000,9999.000,9999.000,9999.000,9999.000,9999.000
202604261048,   2.854,   3.079,9999.000,9999.000,9999.000,9999.000,9999.000,9999.000,9999.000
202604261054,   2.901,   3.070,9999.000,9999.000,9999.000,9999.000,9999.000,9999.000,9999.000
202604261100,   2.951,   3.178,   0.400,  -0.173,   3.178,   0.300,   3.078,   0.400,   3.178
202604261106,   3.005,   3.217,9999.000,9999.000,9999.000,9999.000,9999.000,9999.000,9999.000
202604261112,   3.063,   3.230,9999.000,9999.000,9999.000,9999.000,9999.000,9999.000,9999.000
202604261118,   3.124,   3.339,9999.000,9999.000,9999.000,9999.000,9999.000,9999.000,9999.000
202604261124,   3.189,   3.440,9999.000,9999.000,9999.000,9999.000,9999.000,9999.000,9999.000
202604261130,   3.256,   3.509,9999.000,9999.000,9999.000,9999.000,9999.000,9999.000,9999.000
202604261136,   3.327,   3.598,9999.000,9999.000,9999.000,9999.000,9999.000,9999.000,9999.000
202604261142,   3.400,   3.660,9999.000,9999.000,9999.000,9999.000,9999.000,9999.000,9999.000
202604261148,   3.476,   3.729,9999.000,9999.000,9999.000,9999.000,9999.000,9999.000,9999.000
202604261154,   3.555,   3.788,9999.000,9999.000,9999.000,9999.000,9999.000,9999.000,9999.000
202604261200,   3.635,   3.847,   0.400,  -0.188,   3.847,   0.400,   3.847,   0.400,   3.847
202604261206,   3.717,   3.939,9999.000,9999.000,9999.000,9999.000,9999.000,9999.000,9999.000
202604261212,   3.801,   4.017,9999.000,9999.000,9999.000,9999.000,9999.000,9999.000,9999.000
202604261218,   3.886,   4.149,9999.000,9999.000,9999.000,9999.000,9999.000,9999.000,9999.000
202604261224,   3.972,   4.198,9999.000,9999.000,9999.000,9999.000,9999.000,9999.000,9999.000
202604261230,   4.059,   4.257,9999.000,9999.000,9999.000,9999.000,9999.000,9999.000,9999.000
202604261236,   4.146,   4.408,9999.000,9999.000,9999.000,9999.000,9999.000,9999.000,9999.000
202604261242,   4.234,   4.467,9999.000,9999.000,9999.000,9999.000,9999.000,9999.000,9999.000
202604261248,   4.322,   4.569,9999.000,9999.000,9999.000,9999.000,9999.000,9999.000,9999.000
202604261254,   4.410,   4.647,9999.000,9999.000,9999.000,9999.000,9999.000,9999.000,9999.000
202604261300,   4.497,   4.749,   0.400,  -0.148,   4.749,   0.400,   4.749,   0.400,   4.749
202604261306,   4.584,   4.837,9999.000,9999.000,9999.000,9999.000,9999.000,9999.000,9999.000
202604261312,   4.670,   4.959,9999.000,9999.000,9999.000,9999.000,9999.000,9999.000,9999.000
202604261318,   4.754,   5.038,9999.000,9999.000,9999.000,9999.000,9999.000,9999.000,9999.000
202604261324,   4.838,   5.077,9999.000,9999.000,9999.000,9999.000,9999.000,9999.000,9999.000
202604261330,   4.919,   5.188,9999.000,9999.000,9999.000,9999.000,9999.000,9999.000,9999.000
202604261336,   4.999,   5.297,9999.000,9999.000,9999.000,9999.000,9999.000,9999.000,9999.000
202604261342,   5.076,   5.329,9999.000,9999.000,9999.000,9999.000,9999.000,9999.000,9999.000
202604261348,   5.151,   5.418,9999.000,9999.000,9999.000,9999.000,9999.000,9999.000,9999.000
202604261354,   5.224,   5.516,9999.000,9999.000,9999.000,9999.000,9999.000,9999.000,9999.000
202604261400,   5.293,   5.539,   0.400,  -0.154,   5.539,   0.400,   5.539,   0.400,   5.539
202604261406,   5.359,   5.618,9999.000,9999.000,9999.000,9999.000,9999.000,9999.000,9999.000
202604261412,   5.422,   5.648,9999.000,9999.000,9999.000,9999.000,9999.000,9999.000,9999.000
202604261418,   5.482,   5.697,9999.000,9999.000,9999.000,9999.000,9999.000,9999.000,9999.000
202604261424,   5.538,   5.808,9999.000,9999.000,9999.000,9999.000,9999.000,9999.000,9999.000
202604261430,   5.589,   5.858,9999.000,9999.000,9999.000,9999.000,9999.000,9999.000,9999.000
202604261436,   5.637,   5.907,9999.000,9999.000,9999.000,9999.000,9999.000,9999.000,9999.000
202604261442,   5.680,   5.949,9999.000,9999.000,9999.000,9999.000,9999.000,9999.000,9999.000
202604261448,   5.719,   5.940,9999.000,9999.000,9999.000,9999.000,9999.000,9999.000,9999.000
202604261454,   5.753,   5.989,9999.000,9999.000,9999.000,9999.000,9999.000,9999.000,9999.000
202604261500,   5.783,   5.999,   0.400,  -0.184,   5.999,   0.400,   5.999,   0.400,   5.999
202604261506,   5.807,   6.018,9999.000,9999.000,9999.000,9999.000,9999.000,9999.000,9999.000
202604261512,   5.826,   6.048,9999.000,9999.000,9999.000,9999.000,9999.000,9999.000,9999.000
202604261518,   5.841,   6.067,9999.000,9999.000,9999.000,9999.000,9999.000,9999.000,9999.000
202604261524,   5.850,   6.077,9999.000,9999.000,9999.000,9999.000,9999.000,9999.000,9999.000
202604261530,   5.853,   6.087,9999.000,9999.000,9999.000,9999.000,9999.000,9999.000,9999.000
202604261536,   5.851,   6.018,9999.000,9999.000,9999.000,9999.000,9999.000,9999.000,9999.000
202604261542,   5.844,   6.067,9999.000,9999.000,9999.000,9999.000,9999.000,9999.000,9999.000
202604261548,   5.831,   6.008,9999.000,9999.000,9999.000,9999.000,9999.000,9999.000,9999.000
202604261554,   5.813,   6.018,9999.000,9999.000,9999.000,9999.000,9999.000,9999.000,9999.000
202604261600,   5.789,   5.959,   0.400,  -0.230,   5.959,   0.300,   5.859,   0.400,   5.959
202604261606,   5.759,   5.959,9999.000,9999.000,9999.000,9999.000,9999.000,9999.000,9999.000
202604261612,   5.724,   5.877,9999.000,9999.000,9999.000,9999.000,9999.000,9999.000,9999.000
202604261618,   5.683,   5.877,9999.000,9999.000,9999.000,9999.000,9999.000,9999.000,9999.000
202604261624,   5.637,   5.828,9999.000,9999.000,9999.000,9999.000,9999.000,9999.000,9999.000
202604261630,   5.586,   5.759,9999.000,9999.000,9999.000,9999.000,9999.000,9999.000,9999.000
202604261636,   5.529,   5.730,9999.000,9999.000,9999.000,9999.000,9999.000,9999.000,9999.000
202604261642,   5.468,   5.608,9999.000,9999.000,9999.000,9999.000,9999.000,9999.000,9999.000
202604261648,   5.401,   5.579,9999.000,9999.000,9999.000,9999.000,9999.000,9999.000,9999.000
202604261654,   5.329,   5.516,9999.000,9999.000,9999.000,9999.000,9999.000,9999.000,9999.000
202604261700,   5.252,   5.438,   0.400,  -0.214,   5.438,   0.400,   5.438,   0.400,   5.438
202604261706,   5.171,   5.320,9999.000,9999.000,9999.000,9999.000,9999.000,9999.000,9999.000
202604261712,   5.085,   5.287,9999.000,9999.000,9999.000,9999.000,9999.000,9999.000,9999.000
202604261718,   4.995,   5.198,9999.000,9999.000,9999.000,9999.000,9999.000,9999.000,9999.000
202604261724,   4.901,   5.047,9999.000,9999.000,9999.000,9999.000,9999.000,9999.000,9999.000
202604261730,   4.803,   4.998,9999.000,9999.000,9999.000,9999.000,9999.000,9999.000,9999.000
202604261736,   4.701,   4.910,9999.000,9999.000,9999.000,9999.000,9999.000,9999.000,9999.000
202604261742,   4.596,   4.778,9999.000,9999.000,9999.000,9999.000,9999.000,9999.000,9999.000
202604261748,   4.487,   4.690,9999.000,9999.000,9999.000,9999.000,9999.000,9999.000,9999.000
202604261754,   4.375,   4.559,9999.000,9999.000,9999.000,9999.000,9999.000,9999.000,9999.000
202604261800,   4.261,   4.398,   0.500,  -0.363,   4.398,   0.400,   4.298,   0.500,   4.398
202604261806,   4.144,   4.339,9999.000,9999.000,9999.000,9999.000,9999.000,9999.000,9999.000
202604261812,   4.025,   4.188,9999.000,9999.000,9999.000,9999.000,9999.000,9999.000,9999.000
202604261818,   3.904,   4.057,9999.000,9999.000,9999.000,9999.000,9999.000,9999.000,9999.000
202604261824,   3.782,   3.968,9999.000,9999.000,9999.000,9999.000,9999.000,9999.000,9999.000
202604261830,   3.657,   3.827,9999.000,9999.000,9999.000,9999.000,9999.000,9999.000,9999.000
202604261836,   3.532,   3.709,9999.000,9999.000,9999.000,9999.000,9999.000,9999.000,9999.000
202604261842,   3.406,   3.588,9999.000,9999.000,9999.000,9999.000,9999.000,9999.000,9999.000
202604261848,   3.279,   3.470,9999.000,9999.000,9999.000,9999.000,9999.000,9999.000,9999.000
202604261854,   3.153,   3.299,9999.000,9999.000,9999.000,9999.000,9999.000,9999.000,9999.000
202604261900,   3.026,   3.158,   0.400,  -0.268,   3.158,   0.400,   3.158,   0.500,   3.258
202604261906,   2.899,   3.030,9999.000,9999.000,9999.000,9999.000,9999.000,9999.000,9999.000
202604261912,   2.773,   2.938,9999.000,9999.000,9999.000,9999.000,9999.000,9999.000,9999.000
202604261918,   2.648,   2.807,9999.000,9999.000,9999.000,9999.000,9999.000,9999.000,9999.000
202604261924,   2.524,   2.679,9999.000,9999.000,9999.000,9999.000,9999.000,9999.000,9999.000
202604261930,   2.402,   2.548,9999.000,9999.000,9999.000,9999.000,9999.000,9999.000,9999.000
202604261936,   2.282,   2.450,9999.000,9999.000,9999.000,9999.000,9999.000,9999.000,9999.000
202604261942,   2.163,   2.338,9999.000,9999.000,9999.000,9999.000,9999.000,9999.000,9999.000
202604261948,   2.047,   2.191,9999.000,9999.000,9999.000,9999.000,9999.000,9999.000,9999.000
202604261954,   1.934,   2.069,9999.000,9999.000,9999.000,9999.000,9999.000,9999.000,9999.000
202604262000,   1.824,   1.948,   0.400,  -0.276,   1.948,   0.400,   1.948,   0.400,   1.948
202604262006,   1.716,   1.849,9999.000,9999.000,9999.000,9999.000,9999.000,9999.000,9999.000
202604262012,   1.613,   1.708,9999.000,9999.000,9999.000,9999.000,9999.000,9999.000,9999.000
202604262018,   1.513,   1.669,9999.000,9999.000,9999.000,9999.000,9999.000,9999.000,9999.000
202604262024,   1.417,   1.571,9999.000,9999.000,9999.000,9999.000,9999.000,9999.000,9999.000
202604262030,   1.326,   1.479,9999.000,9999.000,9999.000,9999.000,9999.000,9999.000,9999.000
202604262036,   1.239,   1.410,9999.000,9999.000,9999.000,9999.000,9999.000,9999.000,9999.000
202604262042,   1.157,   1.249,9999.000,9999.000,9999.000,9999.000,9999.000,9999.000,9999.000
202604262048,   1.079,   1.180,9999.000,9999.000,9999.000,9999.000,9999.000,9999.000,9999.000
202604262054,   1.007,   1.088,9999.000,9999.000,9999.000,9999.000,9999.000,9999.000,9999.000
202604262100,   0.941,   1.059,   0.400,  -0.282,   1.059,   0.400,   1.059,   0.500,   1.159
202604262106,   0.880,   0.990,9999.000,9999.000,9999.000,9999.000,9999.000,9999.000,9999.000
202604262112,   0.824,   0.941,9999.000,9999.000,9999.000,9999.000,9999.000,9999.000,9999.000
202604262118,   0.775,   0.918,9999.000,9999.000,9999.000,9999.000,9999.000,9999.000,9999.000
202604262124,   0.731,   0.819,9999.000,9999.000,9999.000,9999.000,9999.000,9999.000,9999.000
202604262130,   0.694,   0.819,9999.000,9999.000,9999.000,9999.000,9999.000,9999.000,9999.000
202604262136,   0.663,   0.800,9999.000,9999.000,9999.000,9999.000,9999.000,9999.000,9999.000
202604262142,   0.639,   0.770,9999.000,9999.000,9999.000,9999.000,9999.000,9999.000,9999.000
202604262148,   0.620,   0.708,9999.000,9999.000,9999.000,9999.000,9999.000,9999.000,9999.000
202604262154,   0.609,   0.698,9999.000,9999.000,9999.000,9999.000,9999.000,9999.000,9999.000
202604262200,   0.604,   0.751,   0.400,  -0.253,   0.751,   0.400,   0.751,   0.500,   0.851
202604262206,   0.605,   0.731,9999.000,9999.000,9999.000,9999.000,9999.000,9999.000,9999.000
202604262212,   0.614,   0.760,9999.000,9999.000,9999.000,9999.000,9999.000,9999.000,9999.000
202604262218,   0.628,   0.780,9999.000,9999.000,9999.000,9999.000,9999.000,9999.000,9999.000
202604262224,   0.650,   0.790,9999.000,9999.000,9999.000,9999.000,9999.000,9999.000,9999.000
202604262230,   0.678,   0.780,9999.000,9999.000,9999.000,9999.000,9999.000,9999.000,9999.000
202604262236,   0.712,   0.800,9999.000,9999.000,9999.000,9999.000,9999.000,9999.000,9999.000
202604262242,   0.753,   0.849,9999.000,9999.000,9999.000,9999.000,9999.000,9999.000,9999.000
202604262248,   0.800,   0.908,9999.000,9999.000,9999.000,9999.000,9999.000,9999.000,9999.000
202604262254,   0.854,   0.951,9999.000,9999.000,9999.000,9999.000,9999.000,9999.000,9999.000
202604262300,   0.913,   1.029,   0.400,  -0.284,   1.029,   0.400,   1.029,   0.400,   1.029
202604262306,   0.979,   1.161,9999.000,9999.000,9999.000,9999.000,9999.000,9999.000,9999.000
202604262312,   1.050,   1.151,9999.000,9999.000,9999.000,9999.000,9999.000,9999.000,9999.000
202604262318,   1.127,   1.170,9999.000,9999.000,9999.000,9999.000,9999.000,9999.000,9999.000
202604262324,   1.209,   1.289,9999.000,9999.000,9999.000,9999.000,9999.000,9999.000,9999.000
202604262330,   1.297,   1.400,9999.000,9999.000,9999.000,9999.000,9999.000,9999.000,9999.000
202604262336,   1.390,   1.489,9999.000,9999.000,9999.000,9999.000,9999.000,9999.000,9999.000
202604262342,   1.488,   1.590,9999.000,9999.000,9999.000,9999.000,9999.000,9999.000,9999.000
202604262348,   1.590,   1.679,9999.000,9999.000,9999.000,9999.000,9999.000,9999.000,9999.000
202604262354,   1.697,   1.767,9999.000,9999.000,9999.000,9999.000,9999.000,9999.000,9999.000
202604270000,   1.808,   1.889,   0.400,  -0.319,   1.889,   0.300,   1.789,   0.400,   1.889
202604270006,   1.923,   2.020,9999.000,9999.000,9999.000,9999.000,9999.000,9999.000,9999.000
202604270012,   2.042,   2.177,9999.000,9999.000,9999.000,9999.000,9999.000,9999.000,9999.000
202604270018,   2.164,   2.220,9999.000,9999.000,9999.000,9999.000,9999.000,9999.000,9999.000
202604270024,   2.289,   2.387,9999.000,9999.000,9999.000,9999.000,9999.000,9999.000,9999.000
202604270030,   2.418,   2.558,9999.000,9999.000,9999.000,9999.000,9999.000,9999.000,9999.000
202604270036,   2.548,   2.669,9999.000,9999.000,9999.000,9999.000,9999.000,9999.000,9999.000
202604270042,   2.682,   2.797,9999.000,9999.000,9999.000,9999.000,9999.000,9999.000,9999.000
202604270048,   2.817,   2.909,9999.000,9999.000,9999.000,9999.000,9999.000,9999.000,9999.000
202604270054,   2.953,   3.040,9999.000,9999.000,9999.000,9999.000,9999.000,9999.000,9999.000
202604270100,   3.092,   3.168,   0.400,  -0.324,   3.168,   0.300,   3.068,   0.400,   3.168
202604270106,   3.231,   3.358,9999.000,9999.000,9999.000,9999.000,9999.000,9999.000,9999.000
202604270112,   3.371,   3.519,9999.000,9999.000,9999.000,9999.000,9999.000,9999.000,9999.000
202604270118,   3.512,   3.627,9999.000,9999.000,9999.000,9999.000,9999.000,9999.000,9999.000
202604270124,   3.653,   3.758,9999.000,9999.000,9999.000,9999.000,9999.000,9999.000,9999.000
202604270130,   3.794,   3.909,9999.000,9999.000,9999.000,9999.000,9999.000,9999.000,9999.000
202604270136,   3.934,   4.008,9999.000,9999.000,9999.000,9999.000,9999.000,9999.000,9999.000
202604270142,   4.074,   4.178,9999.000,9999.000,9999.000,9999.000,9999.000,9999.000,9999.000
202604270148,   4.212,   4.359,9999.000,9999.000,9999.000,9999.000,9999.000,9999.000,9999.000
202604270154,   4.350,   4.480,9999.000,9999.000,9999.000,9999.000,9999.000,9999.000,9999.000
202604270200,   4.485,   4.569,   0.400,  -0.316,   4.569,   0.300,   4.469,   0.400,   4.569
202604270206,   4.619,   4.710,9999.000,9999.000,9999.000,9999.000,9999.000,9999.000,9999.000
202604270212,   4.751,   4.867,9999.000,9999.000,9999.000,9999.000,9999.000,9999.000,9999.000
202604270218,   4.880,   4.959,9999.000,9999.000,9999.000,9999.000,9999.000,9999.000,9999.000
202604270224,   5.006,   5.120,9999.000,9999.000,9999.000,9999.000,9999.000,9999.000,9999.000
202604270230,   5.129,   5.208,9999.000,9999.000,9999.000,9999.000,9999.000,9999.000,9999.000
202604270236,   5.249,   5.369,9999.000,9999.000,9999.000,9999.000,9999.000,9999.000,9999.000
202604270242,   5.365,   5.467,9999.000,9999.000,9999.000,9999.000,9999.000,9999.000,9999.000
202604270248,   5.477,   5.569,9999.000,9999.000,9999.000,9999.000,9999.000,9999.000,9999.000
202604270254,   5.585,   5.697,9999.000,9999.000,9999.000,9999.000,9999.000,9999.000,9999.000
202604270300,   5.689,   5.749,   0.300,  -0.240,   5.749,   0.300,   5.749,   0.300,   5.749
202604270306,   5.788,   5.877,9999.000,9999.000,9999.000,9999.000,9999.000,9999.000,9999.000
202604270312,   5.882,   5.969,9999.000,9999.000,9999.000,9999.000,9999.000,9999.000,9999.000
202604270318,   5.971,   6.077,9999.000,9999.000,9999.000,9999.000,9999.000,9999.000,9999.000
202604270324,   6.055,   6.159,9999.000,9999.000,9999.000,9999.000,9999.000,9999.000,9999.000
202604270330,   6.133,   6.268,9999.000,9999.000,9999.000,9999.000,9999.000,9999.000,9999.000
202604270336,   6.206,   6.327,9999.000,9999.000,9999.000,9999.000,9999.000,9999.000,9999.000
202604270342,   6.273,   6.409,9999.000,9999.000,9999.000,9999.000,9999.000,9999.000,9999.000
202604270348,   6.334,   6.428,9999.000,9999.000,9999.000,9999.000,9999.000,9999.000,9999.000
202604270354,   6.389,   6.527,9999.000,9999.000,9999.000,9999.000,9999.000,9999.000,9999.000
202604270400,   6.437,   6.556,   0.300,  -0.181,   6.556,   0.300,   6.556,   0.300,   6.556
202604270406,   6.480,   6.609,9999.000,9999.000,9999.000,9999.000,9999.000,9999.000,9999.000
202604270412,   6.516,   6.668,9999.000,9999.000,9999.000,9999.000,9999.000,9999.000,9999.000
202604270418,   6.546,   6.678,9999.000,9999.000,9999.000,9999.000,9999.000,9999.000,9999.000
202604270424,   6.569,   6.648,9999.000,9999.000,9999.000,9999.000,9999.000,9999.000,9999.000
202604270430,   6.585,   6.697,9999.000,9999.000,9999.000,9999.000,9999.000,9999.000,9999.000
202604270436,   6.595,   6.707,9999.000,9999.000,9999.000,9999.000,9999.000,9999.000,9999.000
202604270442,   6.599,   6.697,9999.000,9999.000,9999.000,9999.000,9999.000,9999.000,9999.000
202604270448,   6.596,   6.717,9999.000,9999.000,9999.000,9999.000,9999.000,9999.000,9999.000
202604270454,   6.586,   6.717,9999.000,9999.000,9999.000,9999.000,9999.000,9999.000,9999.000
202604270500,   6.570,   6.717,   0.300,  -0.153,   6.717,   0.300,   6.717,   0.300,   6.717
202604270506,   6.548,   6.687,9999.000,9999.000,9999.000,9999.000,9999.000,9999.000,9999.000
202604270512,   6.520,   6.628,9999.000,9999.000,9999.000,9999.000,9999.000,9999.000,9999.000
202604270518,   6.485,   6.556,9999.000,9999.000,9999.000,9999.000,9999.000,9999.000,9999.000
202604270524,   6.444,   6.537,9999.000,9999.000,9999.000,9999.000,9999.000,9999.000,9999.000
202604270530,   6.397,   6.458,9999.000,9999.000,9999.000,9999.000,9999.000,9999.000,9999.000
202604270536,   6.345,   6.418,9999.000,9999.000,9999.000,9999.000,9999.000,9999.000,9999.000
202604270542,   6.286,   6.379,9999.000,9999.000,9999.000,9999.000,9999.000,9999.000,9999.000
202604270548,   6.223,   6.327,9999.000,9999.000,9999.000,9999.000,9999.000,9999.000,9999.000
202604270554,   6.154,   6.258,9999.000,9999.000,9999.000,9999.000,9999.000,9999.000,9999.000
202604270600,   6.080,   6.228,   0.200,  -0.052,   6.228,   0.200,   6.228,   0.200,   6.228
202604270606,   6.001,   6.048,9999.000,9999.000,9999.000,9999.000,9999.000,9999.000,9999.000
202604270612,   5.917,   5.940,9999.000,9999.000,9999.000,9999.000,9999.000,9999.000,9999.000
202604270618,   5.829,   5.877,9999.000,9999.000,9999.000,9999.000,9999.000,9999.000,9999.000
202604270624,   5.737,   5.808,9999.000,9999.000,9999.000,9999.000,9999.000,9999.000,9999.000
202604270630,   5.641,   5.697,9999.000,9999.000,9999.000,9999.000,9999.000,9999.000,9999.000
202604270636,   5.542,   5.589,9999.000,9999.000,9999.000,9999.000,9999.000,9999.000,9999.000
202604270642,   5.438,   5.497,9999.000,9999.000,9999.000,9999.000,9999.000,9999.000,9999.000
202604270648,   5.332,   5.389,9999.000,9999.000,9999.000,9999.000,9999.000,9999.000,9999.000
202604270654,   5.223,   5.228,9999.000,9999.000,9999.000,9999.000,9999.000,9999.000,9999.000
202604270700,   5.111,   5.129,   0.200,  -0.182,   5.129,   0.100,   5.029,   0.200,   5.129
202604270706,   4.997,   4.979,9999.000,9999.000,9999.000,9999.000,9999.000,9999.000,9999.000
202604270712,   4.881,   4.887,9999.000,9999.000,9999.000,9999.000,9999.000,9999.000,9999.000
202604270718,   4.764,   4.769,9999.000,9999.000,9999.000,9999.000,9999.000,9999.000,9999.000
202604270724,   4.644,   4.628,9999.000,9999.000,9999.000,9999.000,9999.000,9999.000,9999.000
202604270730,   4.524,   4.500,9999.000,9999.000,9999.000,9999.000,9999.000,9999.000,9999.000
202604270736,   4.403,   4.398,9999.000,9999.000,9999.000,9999.000,9999.000,9999.000,9999.000
202604270742,   4.282,   4.290,9999.000,9999.000,9999.000,9999.000,9999.000,9999.000,9999.000
202604270748,   4.161,   4.139,9999.000,9999.000,9999.000,9999.000,9999.000,9999.000,9999.000
202604270754,   4.039,   3.968,9999.000,9999.000,9999.000,9999.000,9999.000,9999.000,9999.000
202604270800,   3.918,   3.870,   0.100,  -0.148,   3.870,   0.100,   3.870,   0.200,   3.970
202604270806,   3.798,   3.729,9999.000,9999.000,9999.000,9999.000,9999.000,9999.000,9999.000
202604270812,   3.679,   3.607,9999.000,9999.000,9999.000,9999.000,9999.000,9999.000,9999.000
202604270818,   3.561,   3.558,9999.000,9999.000,9999.000,9999.000,9999.000,9999.000,9999.000
202604270824,   3.445,   3.348,9999.000,9999.000,9999.000,9999.000,9999.000,9999.000,9999.000
202604270830,   3.331,   3.279,9999.000,9999.000,9999.000,9999.000,9999.000,9999.000,9999.000
202604270836,   3.220,   3.197,9999.000,9999.000,9999.000,9999.000,9999.000,9999.000,9999.000
202604270842,   3.111,   3.050,9999.000,9999.000,9999.000,9999.000,9999.000,9999.000,9999.000
202604270848,   3.004,   2.948,9999.000,9999.000,9999.000,9999.000,9999.000,9999.000,9999.000
202604270854,   2.901,   2.850,9999.000,9999.000,9999.000,9999.000,9999.000,9999.000,9999.000
202604270900,   2.801,   2.778,   0.100,  -0.123,   2.778,   0.100,   2.778,   0.200,   2.878
202604270906,   2.705,   2.660,9999.000,9999.000,9999.000,9999.000,9999.000,9999.000,9999.000
202604270912,   2.613,   2.509,9999.000,9999.000,9999.000,9999.000,9999.000,9999.000,9999.000
202604270918,   2.525,   2.469,9999.000,9999.000,9999.000,9999.000,9999.000,9999.000,9999.000
202604270924,   2.441,   2.387,9999.000,9999.000,9999.000,9999.000,9999.000,9999.000,9999.000
202604270930,   2.362,   2.328,9999.000,9999.000,9999.000,9999.000,9999.000,9999.000,9999.000
202604270936,   2.288,   2.230,9999.000,9999.000,9999.000,9999.000,9999.000,9999.000,9999.000
202604270942,   2.218,   2.148,9999.000,9999.000,9999.000,9999.000,9999.000,9999.000,9999.000
202604270948,   2.154,   2.079,9999.000,9999.000,9999.000,9999.000,9999.000,9999.000,9999.000
202604270954,   2.095,   2.059,9999.000,9999.000,9999.000,9999.000,9999.000,9999.000,9999.000
202604271000,   2.041,   2.020,   0.100,  -0.121,   2.020,   0.100,   2.020,   0.200,   2.120
202604271006,   1.993,   1.990,9999.000,9999.000,9999.000,9999.000,9999.000,9999.000,9999.000
202604271012,   1.951,   1.981,9999.000,9999.000,9999.000,9999.000,9999.000,9999.000,9999.000
202604271018,   1.914,   1.918,9999.000,9999.000,9999.000,9999.000,9999.000,9999.000,9999.000
202604271024,   1.883,   1.908,9999.000,9999.000,9999.000,9999.000,9999.000,9999.000,9999.000
202604271030,   1.858,   1.869,9999.000,9999.000,9999.000,9999.000,9999.000,9999.000,9999.000
202604271036,   1.839,   1.889,9999.000,9999.000,9999.000,9999.000,9999.000,9999.000,9999.000
202604271042,   1.826,   1.879,9999.000,9999.000,9999.000,9999.000,9999.000,9999.000,9999.000
202604271048,   1.819,   1.840,9999.000,9999.000,9999.000,9999.000,9999.000,9999.000,9999.000
202604271054,   1.818,   1.849,9999.000,9999.000,9999.000,9999.000,9999.000,9999.000,9999.000
202604271100,   1.823,   1.849,   0.100,  -0.074,   1.849,   0.100,   1.849,   0.200,   1.949
202604271106,   1.834,   1.781,9999.000,9999.000,9999.000,9999.000,9999.000,9999.000,9999.000
202604271112,   1.850,   1.840,9999.000,9999.000,9999.000,9999.000,9999.000,9999.000,9999.000
202604271118,   1.873,   1.849,9999.000,9999.000,9999.000,9999.000,9999.000,9999.000,9999.000
202604271124,   1.901,   1.908,9999.000,9999.000,9999.000,9999.000,9999.000,9999.000,9999.000
202604271130,   1.934,   1.928,9999.000,9999.000,9999.000,9999.000,9999.000,9999.000,9999.000
202604271136,   1.973,   1.958,9999.000,9999.000,9999.000,9999.000,9999.000,9999.000,9999.000
202604271142,   2.017,   2.020,9999.000,9999.000,9999.000,9999.000,9999.000,9999.000,9999.000
202604271148,   2.067,   2.079,9999.000,9999.000,9999.000,9999.000,9999.000,9999.000,9999.000
202604271154,   2.121,   2.118,9999.000,9999.000,9999.000,9999.000,9999.000,9999.000,9999.000
202604271200,   2.181,   2.177,   0.200,  -0.204,   2.177,   0.200,   2.177,   0.200,   2.177
202604271206,   2.245,   2.240,9999.000,9999.000,9999.000,9999.000,9999.000,9999.000,9999.000
202604271212,   2.313,   2.338,9999.000,9999.000,9999.000,9999.000,9999.000,9999.000,9999.000
202604271218,   2.386,   2.400,9999.000,9999.000,9999.000,9999.000,9999.000,9999.000,9999.000
202604271224,   2.462,   2.509,9999.000,9999.000,9999.000,9999.000,9999.000,9999.000,9999.000
202604271230,   2.543,   2.578,9999.000,9999.000,9999.000,9999.000,9999.000,9999.000,9999.000
202604271236,   2.627,   2.660,9999.000,9999.000,9999.000,9999.000,9999.000,9999.000,9999.000
202604271242,   2.714,   2.719,9999.000,9999.000,9999.000,9999.000,9999.000,9999.000,9999.000
202604271248,   2.804,   2.850,9999.000,9999.000,9999.000,9999.000,9999.000,9999.000,9999.000
202604271254,   2.898,   2.938,9999.000,9999.000,9999.000,9999.000,9999.000,9999.000,9999.000
202604271300,   2.993,   3.070,   0.200,  -0.123,   3.070,   0.200,   3.070,   0.200,   3.070
202604271306,   3.091,   3.197,9999.000,9999.000,9999.000,9999.000,9999.000,9999.000,9999.000
202604271312,   3.191,   3.250,9999.000,9999.000,9999.000,9999.000,9999.000,9999.000,9999.000
202604271318,   3.293,   3.339,9999.000,9999.000,9999.000,9999.000,9999.000,9999.000,9999.000
202604271324,   3.396,   3.460,9999.000,9999.000,9999.000,9999.000,9999.000,9999.000,9999.000
202604271330,   3.501,   3.578,9999.000,9999.000,9999.000,9999.000,9999.000,9999.000,9999.000
202604271336,   3.606,   3.650,9999.000,9999.000,9999.000,9999.000,9999.000,9999.000,9999.000
202604271342,   3.712,   3.827,9999.000,9999.000,9999.000,9999.000,9999.000,9999.000,9999.000
202604271348,   3.818,   3.880,9999.000,9999.000,9999.000,9999.000,9999.000,9999.000,9999.000
202604271354,   3.924,   3.958,9999.000,9999.000,9999.000,9999.000,9999.000,9999.000,9999.000
202604271400,   4.030,   4.099,   0.200,  -0.131,   4.099,   0.200,   4.099,   0.200,   4.099
202604271406,   4.135,   4.227,9999.000,9999.000,9999.000,9999.000,9999.000,9999.000,9999.000
202604271412,   4.239,   4.339,9999.000,9999.000,9999.000,9999.000,9999.000,9999.000,9999.000
202604271418,   4.343,   4.457,9999.000,9999.000,9999.000,9999.000,9999.000,9999.000,9999.000
202604271424,   4.444,   4.549,9999.000,9999.000,9999.000,9999.000,9999.000,9999.000,9999.000
202604271430,   4.544,   4.618,9999.000,9999.000,9999.000,9999.000,9999.000,9999.000,9999.000
202604271436,   4.642,   4.700,9999.000,9999.000,9999.000,9999.000,9999.000,9999.000,9999.000
202604271442,   4.738,   4.798,9999.000,9999.000,9999.000,9999.000,9999.000,9999.000,9999.000
202604271448,   4.831,   4.949,9999.000,9999.000,9999.000,9999.000,9999.000,9999.000,9999.000
202604271454,   4.922,   4.988,9999.000,9999.000,9999.000,9999.000,9999.000,9999.000,9999.000
202604271500,   5.009,   5.087,   0.200,  -0.122,   5.087,   0.100,   4.987,   0.200,   5.087
202604271506,   5.093,   5.169,9999.000,9999.000,9999.000,9999.000,9999.000,9999.000,9999.000
202604271512,   5.173,   5.277,9999.000,9999.000,9999.000,9999.000,9999.000,9999.000,9999.000
202604271518,   5.249,   5.320,9999.000,9999.000,9999.000,9999.000,9999.000,9999.000,9999.000
202604271524,   5.321,   5.418,9999.000,9999.000,9999.000,9999.000,9999.000,9999.000,9999.000
202604271530,   5.389,   5.507,9999.000,9999.000,9999.000,9999.000,9999.000,9999.000,9999.000
202604271536,   5.453,   5.579,9999.000,9999.000,9999.000,9999.000,9999.000,9999.000,9999.000
202604271542,   5.511,   5.569,9999.000,9999.000,9999.000,9999.000,9999.000,9999.000,9999.000
202604271548,   5.565,   5.648,9999.000,9999.000,9999.000,9999.000,9999.000,9999.000,9999.000
202604271554,   5.614,   5.717,9999.000,9999.000,9999.000,9999.000,9999.000,9999.000,9999.000
202604271600,   5.657,   5.759,   0.100,   0.002,   5.759,   0.100,   5.759,   0.100,   5.759
202604271606,   5.695,   5.769,9999.000,9999.000,9999.000,9999.000,9999.000,9999.000,9999.000
202604271612,   5.728,   5.808,9999.000,9999.000,9999.000,9999.000,9999.000,9999.000,9999.000
202604271618,   5.754,   5.848,9999.000,9999.000,9999.000,9999.000,9999.000,9999.000,9999.000
202604271624,   5.776,   5.848,9999.000,9999.000,9999.000,9999.000,9999.000,9999.000,9999.000
202604271630,   5.791,   5.887,9999.000,9999.000,9999.000,9999.000,9999.000,9999.000,9999.000
202604271636,   5.800,   5.877,9999.000,9999.000,9999.000,9999.000,9999.000,9999.000,9999.000
202604271642,   5.803,   5.897,9999.000,9999.000,9999.000,9999.000,9999.000,9999.000,9999.000
202604271648,   5.801,   5.887,9999.000,9999.000,9999.000,9999.000,9999.000,9999.000,9999.000
202604271654,   5.792,   5.940,9999.000,9999.000,9999.000,9999.000,9999.000,9999.000,9999.000
202604271700,   5.777,   5.897,   0.100,   0.020,   5.897,   0.100,   5.897,   0.200,   5.997
202604271706,   5.756,   5.848,9999.000,9999.000,9999.000,9999.000,9999.000,9999.000,9999.000
202604271712,   5.729,   5.828,9999.000,9999.000,9999.000,9999.000,9999.000,9999.000,9999.000
202604271718,   5.697,   5.789,9999.000,9999.000,9999.000,9999.000,9999.000,9999.000,9999.000
202604271724,   5.658,   5.739,9999.000,9999.000,9999.000,9999.000,9999.000,9999.000,9999.000
202604271730,   5.614,   5.687,9999.000,9999.000,9999.000,9999.000,9999.000,9999.000,9999.000
202604271736,   5.564,   5.608,9999.000,9999.000,9999.000,9999.000,9999.000,9999.000,9999.000
202604271742,   5.508,   5.579,9999.000,9999.000,9999.000,9999.000,9999.000,9999.000,9999.000
202604271748,   5.447,   5.497,9999.000,9999.000,9999.000,9999.000,9999.000,9999.000,9999.000
202604271754,   5.381,   5.477,9999.000,9999.000,9999.000,9999.000,9999.000,9999.000,9999.000
202604271800,   5.309,   5.389,   0.300,  -0.220,   5.389,   0.300,   5.389,   0.300,   5.389
202604271806,   5.233,   5.307,9999.000,9999.000,9999.000,9999.000,9999.000,9999.000,9999.000
202604271812,   5.152,   5.238,9999.000,9999.000,9999.000,9999.000,9999.000,9999.000,9999.000
202604271818,   5.066,   5.129,9999.000,9999.000,9999.000,9999.000,9999.000,9999.000,9999.000
202604271824,   4.976,   5.018,9999.000,9999.000,9999.000,9999.000,9999.000,9999.000,9999.000
202604271830,   4.882,   4.919,9999.000,9999.000,9999.000,9999.000,9999.000,9999.000,9999.000
202604271836,   4.784,   4.837,9999.000,9999.000,9999.000,9999.000,9999.000,9999.000,9999.000
202604271842,   4.682,   4.769,9999.000,9999.000,9999.000,9999.000,9999.000,9999.000,9999.000
202604271848,   4.577,   4.647,9999.000,9999.000,9999.000,9999.000,9999.000,9999.000,9999.000
202604271854,   4.469,   4.539,9999.000,9999.000,9999.000,9999.000,9999.000,9999.000,9999.000
202604271900,   4.358,   4.437,   0.300,  -0.221,   4.437,   0.200,   4.337,   0.300,   4.437
202604271906,   4.244,   4.300,9999.000,9999.000,9999.000,9999.000,9999.000,9999.000,9999.000
202604271912,   4.128,   4.178,9999.000,9999.000,9999.000,9999.000,9999.000,9999.000,9999.000
202604271918,   4.010,   4.070,9999.000,9999.000,9999.000,9999.000,9999.000,9999.000,9999.000
202604271924,   3.891,   3.939,9999.000,9999.000,9999.000,9999.000,9999.000,9999.000,9999.000
202604271930,   3.770,   3.768,9999.000,9999.000,9999.000,9999.000,9999.000,9999.000,9999.000
202604271936,   3.648,   3.637,9999.000,9999.000,9999.000,9999.000,9999.000,9999.000,9999.000
202604271942,   3.525,   3.588,9999.000,9999.000,9999.000,9999.000,9999.000,9999.000,9999.000
202604271948,   3.402,   3.440,9999.000,9999.000,9999.000,9999.000,9999.000,9999.000,9999.000
202604271954,   3.279,   3.329,9999.000,9999.000,9999.000,9999.000,9999.000,9999.000,9999.000
202604272000,   3.156,   3.240,   0.200,  -0.116,   3.240,   0.200,   3.240,   0.300,   3.340
202604272006,   3.034,   3.119,9999.000,9999.000,9999.000,9999.000,9999.000,9999.000,9999.000
202604272012,   2.912,   2.978,9999.000,9999.000,9999.000,9999.000,9999.000,9999.000,9999.000
202604272018,   2.792,   2.807,9999.000,9999.000,9999.000,9999.000,9999.000,9999.000,9999.000
202604272024,   2.673,   2.679,9999.000,9999.000,9999.000,9999.000,9999.000,9999.000,9999.000
202604272030,   2.556,   2.568,9999.000,9999.000,9999.000,9999.000,9999.000,9999.000,9999.000
202604272036,   2.441,   2.459,9999.000,9999.000,9999.000,9999.000,9999.000,9999.000,9999.000
202604272042,   2.328,   2.348,9999.000,9999.000,9999.000,9999.000,9999.000,9999.000,9999.000
202604272048,   2.218,   2.250,9999.000,9999.000,9999.000,9999.000,9999.000,9999.000,9999.000
202604272054,   2.111,   2.148,9999.000,9999.000,9999.000,9999.000,9999.000,9999.000,9999.000
202604272100,   2.008,   2.069,   0.200,  -0.139,   2.069,   0.200,   2.069,   0.300,   2.169
202604272106,   1.908,   1.948,9999.000,9999.000,9999.000,9999.000,9999.000,9999.000,9999.000
202604272112,   1.812,   1.800,9999.000,9999.000,9999.000,9999.000,9999.000,9999.000,9999.000
202604272118,   1.720,   1.708,9999.000,9999.000,9999.000,9999.000,9999.000,9999.000,9999.000
202604272124,   1.633,   1.659,9999.000,9999.000,9999.000,9999.000,9999.000,9999.000,9999.000
202604272130,   1.550,   1.557,9999.000,9999.000,9999.000,9999.000,9999.000,9999.000,9999.000
202604272136,   1.472,   1.538,9999.000,9999.000,9999.000,9999.000,9999.000,9999.000,9999.000
202604272142,   1.400,   1.430,9999.000,9999.000,9999.000,9999.000,9999.000,9999.000,9999.000
202604272148,   1.333,   1.338,9999.000,9999.000,9999.000,9999.000,9999.000,9999.000,9999.000
202604272154,   1.271,   1.308,9999.000,9999.000,9999.000,9999.000,9999.000,9999.000,9999.000
202604272200,   1.215,   1.289,   0.200,  -0.126,   1.289,   0.200,   1.289,   0.300,   1.389
202604272206,   1.165,   1.220,9999.000,9999.000,9999.000,9999.000,9999.000,9999.000,9999.000
202604272212,   1.121,   1.180,9999.000,9999.000,9999.000,9999.000,9999.000,9999.000,9999.000
202604272218,   1.084,   1.118,9999.000,9999.000,9999.000,9999.000,9999.000,9999.000,9999.000
202604272224,   1.053,   1.049,9999.000,9999.000,9999.000,9999.000,9999.000,9999.000,9999.000
202604272230,   1.028,   1.010,9999.000,9999.000,9999.000,9999.000,9999.000,9999.000,9999.000
202604272236,   1.010,   0.970,9999.000,9999.000,9999.000,9999.000,9999.000,9999.000,9999.000
202604272242,   0.999,   1.020,9999.000,9999.000,9999.000,9999.000,9999.000,9999.000,9999.000
202604272248,   0.994,   1.059,9999.000,9999.000,9999.000,9999.000,9999.000,9999.000,9999.000
202604272254,   0.996,   1.039,9999.000,9999.000,9999.000,9999.000,9999.000,9999.000,9999.000
202604272300,   1.005,   1.029,   0.200,  -0.176,   1.029,   0.200,   1.029,   0.200,   1.029
202604272306,   1.021,   1.049,9999.000,9999.000,9999.000,9999.000,9999.000,9999.000,9999.000
202604272312,   1.044,   1.010,9999.000,9999.000,9999.000,9999.000,9999.000,9999.000,9999.000
202604272318,   1.073,   1.029,9999.000,9999.000,9999.000,9999.000,9999.000,9999.000,9999.000
202604272324,   1.109,   1.088,9999.000,9999.000,9999.000,9999.000,9999.000,9999.000,9999.000
202604272330,   1.152,   1.128,9999.000,9999.000,9999.000,9999.000,9999.000,9999.000,9999.000
202604272336,   1.201,   1.170,9999.000,9999.000,9999.000,9999.000,9999.000,9999.000,9999.000
202604272342,   1.256,   1.220,9999.000,9999.000,9999.000,9999.000,9999.000,9999.000,9999.000
202604272348,   1.318,   1.338,9999.000,9999.000,9999.000,9999.000,9999.000,9999.000,9999.000
202604272354,   1.386,   1.390,9999.000,9999.000,9999.000,9999.000,9999.000,9999.000,9999.000
202604280000,   1.461,   1.420,   0.300,  -0.341,   1.420,   0.200,   1.320,   0.300,   1.420
202604280006,   1.541,   1.489,9999.000,9999.000,9999.000,9999.000,9999.000,9999.000,9999.000
202604280012,   1.626,   1.600,9999.000,9999.000,9999.000,9999.000,9999.000,9999.000,9999.000
202604280018,   1.717,   1.708,9999.000,9999.000,9999.000,9999.000,9999.000,9999.000,9999.000
202604280024,   1.814,   1.758,9999.000,9999.000,9999.000,9999.000,9999.000,9999.000,9999.000
202604280030,   1.915,   1.869,9999.000,9999.000,9999.000,9999.000,9999.000,9999.000,9999.000
202604280036,   2.021,   1.967,9999.000,9999.000,9999.000,9999.000,9999.000,9999.000,9999.000
202604280042,   2.132,   2.079,9999.000,9999.000,9999.000,9999.000,9999.000,9999.000,9999.000
202604280048,   2.247,   2.230,9999.000,9999.000,9999.000,9999.000,9999.000,9999.000,9999.000
202604280054,   2.366,   2.400,9999.000,9999.000,9999.000,9999.000,9999.000,9999.000,9999.000
202604280100,   2.489,   2.499,   0.300,  -0.290,   2.499,   0.200,   2.399,   0.300,   2.499
202604280106,   2.615,   2.620,9999.000,9999.000,9999.000,9999.000,9999.000,9999.000,9999.000
202604280112,   2.745,   2.738,9999.000,9999.000,9999.000,9999.000,9999.000,9999.000,9999.000
202604280118,   2.877,   2.889,9999.000,9999.000,9999.000,9999.000,9999.000,9999.000,9999.000
202604280124,   3.012,   2.958,9999.000,9999.000,9999.000,9999.000,9999.000,9999.000,9999.000
202604280130,   3.150,   3.138,9999.000,9999.000,9999.000,9999.000,9999.000,9999.000,9999.000
202604280136,   3.289,   3.329,9999.000,9999.000,9999.000,9999.000,9999.000,9999.000,9999.000
202604280142,   3.430,   3.450,9999.000,9999.000,9999.000,9999.000,9999.000,9999.000,9999.000
202604280148,   3.572,9999.000,9999.000,9999.000,9999.000,9999.000,9999.000,9999.000,9999.000
202604280154,   3.715,   3.689,9999.000,9999.000,9999.000,9999.000,9999.000,9999.000,9999.000
202604280200,   3.858,   3.890,   0.300,  -0.268,   3.890,   0.200,   3.790,   0.300,   3.890
202604280206,   4.003,   4.017,9999.000,9999.000,9999.000,9999.000,9999.000,9999.000,9999.000
202604280212,   4.147,   4.168,9999.000,9999.000,9999.000,9999.000,9999.000,9999.000,9999.000
202604280218,   4.290,   4.290,9999.000,9999.000,9999.000,9999.000,9999.000,9999.000,9999.000
202604280224,   4.433,   4.437,9999.000,9999.000,9999.000,9999.000,9999.000,9999.000,9999.000
202604280230,   4.575,   4.539,9999.000,9999.000,9999.000,9999.000,9999.000,9999.000,9999.000
202604280236,   4.716,   4.729,9999.000,9999.000,9999.000,9999.000,9999.000,9999.000,9999.000
202604280242,   4.855,   4.847,9999.000,9999.000,9999.000,9999.000,9999.000,9999.000,9999.000
202604280248,   4.992,   5.077,9999.000,9999.000,9999.000,9999.000,9999.000,9999.000,9999.000
202604280254,   5.127,   5.198,9999.000,9999.000,9999.000,9999.000,9999.000,9999.000,9999.000
202604280300,   5.259,   5.267,   0.200,  -0.192,   5.267,   0.200,   5.267,   0.300,   5.367
202604280306,   5.388,   5.398,9999.000,9999.000,9999.000,9999.000,9999.000,9999.000,9999.000
202604280312,   5.513,   5.549,9999.000,9999.000,9999.000,9999.000,9999.000,9999.000,9999.000
202604280318,   5.635,   5.667,9999.000,9999.000,9999.000,9999.000,9999.000,9999.000,9999.000
202604280324,   5.754,   5.759,9999.000,9999.000,9999.000,9999.000,9999.000,9999.000,9999.000
202604280330,   5.868,   5.877,9999.000,9999.000,9999.000,9999.000,9999.000,9999.000,9999.000
202604280336,   5.978,   6.018,9999.000,9999.000,9999.000,9999.000,9999.000,9999.000,9999.000
202604280342,   6.082,   6.117,9999.000,9999.000,9999.000,9999.000,9999.000,9999.000,9999.000
202604280348,   6.182,   6.238,9999.000,9999.000,9999.000,9999.000,9999.000,9999.000,9999.000
202604280354,   6.277,   6.258,9999.000,9999.000,9999.000,9999.000,9999.000,9999.000,9999.000
202604280400,   6.366,   6.346,   0.200,  -0.220,   6.346,   0.200,   6.346,   0.200,   6.346
202604280406,   6.450,   6.468,9999.000,9999.000,9999.000,9999.000,9999.000,9999.000,9999.000
202604280412,   6.527,   6.507,9999.000,9999.000,9999.000,9999.000,9999.000,9999.000,9999.000
202604280418,   6.599,   6.546,9999.000,9999.000,9999.000,9999.000,9999.000,9999.000,9999.000
202604280424,   6.664,   6.668,9999.000,9999.000,9999.000,9999.000,9999.000,9999.000,9999.000
202604280430,   6.722,   6.727,9999.000,9999.000,9999.000,9999.000,9999.000,9999.000,9999.000
202604280436,   6.774,   6.779,9999.000,9999.000,9999.000,9999.000,9999.000,9999.000,9999.000
202604280442,   6.820,   6.809,9999.000,9999.000,9999.000,9999.000,9999.000,9999.000,9999.000
202604280448,   6.858,   6.819,9999.000,9999.000,9999.000,9999.000,9999.000,9999.000,9999.000
202604280454,   6.889,   6.897,9999.000,9999.000,9999.000,9999.000,9999.000,9999.000,9999.000
202604280500,   6.914,   6.897,   0.200,  -0.217,   6.897,   0.200,   6.897,   0.200,   6.897
202604280506,   6.931,   6.937,9999.000,9999.000,9999.000,9999.000,9999.000,9999.000,9999.000
202604280512,   6.941,   6.917,9999.000,9999.000,9999.000,9999.000,9999.000,9999.000,9999.000
202604280518,   6.944,   6.917,9999.000,9999.000,9999.000,9999.000,9999.000,9999.000,9999.000
202604280524,   6.939,   6.907,9999.000,9999.000,9999.000,9999.000,9999.000,9999.000,9999.000
202604280530,   6.927,   6.917,9999.000,9999.000,9999.000,9999.000,9999.000,9999.000,9999.000
202604280536,   6.908,   6.858,9999.000,9999.000,9999.000,9999.000,9999.000,9999.000,9999.000
202604280542,   6.882,   6.828,9999.000,9999.000,9999.000,9999.000,9999.000,9999.000,9999.000
202604280548,   6.849,   6.828,9999.000,9999.000,9999.000,9999.000,9999.000,9999.000,9999.000
202604280554,   6.809,   6.838,9999.000,9999.000,9999.000,9999.000,9999.000,9999.000,9999.000
202604280600,   6.762,   6.838,   0.200,  -0.124,   6.838,   0.200,   6.838,   0.200,   6.838
202604280606,   6.708,9999.000,9999.000,9999.000,9999.000,9999.000,9999.000,9999.000,9999.000
202604280612,   6.648,9999.000,9999.000,9999.000,9999.000,9999.000,9999.000,9999.000,9999.000
202604280618,   6.581,9999.000,9999.000,9999.000,9999.000,9999.000,9999.000,9999.000,9999.000
202604280624,   6.508,9999.000,9999.000,9999.000,9999.000,9999.000,9999.000,9999.000,9999.000
202604280630,   6.429,9999.000,9999.000,9999.000,9999.000,9999.000,9999.000,9999.000,9999.000
202604280636,   6.343,9999.000,9999.000,9999.000,9999.000,9999.000,9999.000,9999.000,9999.000
202604280642,   6.252,9999.000,9999.000,9999.000,9999.000,9999.000,9999.000,9999.000,9999.000
202604280648,   6.156,9999.000,9999.000,9999.000,9999.000,9999.000,9999.000,9999.000,9999.000
202604280654,   6.054,9999.000,9999.000,9999.000,9999.000,9999.000,9999.000,9999.000,9999.000
202604280700,   5.948,9999.000,   0.200,  -0.130,   6.018,   0.100,   5.918,   0.200,   6.018
202604280706,   5.836,9999.000,9999.000,9999.000,9999.000,9999.000,9999.000,9999.000,9999.000
202604280712,   5.720,9999.000,9999.000,9999.000,9999.000,9999.000,9999.000,9999.000,9999.000
202604280718,   5.600,9999.000,9999.000,9999.000,9999.000,9999.000,9999.000,9999.000,9999.000
202604280724,   5.476,9999.000,9999.000,9999.000,9999.000,9999.000,9999.000,9999.000,9999.000
202604280730,   5.349,9999.000,9999.000,9999.000,9999.000,9999.000,9999.000,9999.000,9999.000
202604280736,   5.218,9999.000,9999.000,9999.000,9999.000,9999.000,9999.000,9999.000,9999.000
202604280742,   5.084,9999.000,9999.000,9999.000,9999.000,9999.000,9999.000,9999.000,9999.000
202604280748,   4.948,9999.000,9999.000,9999.000,9999.000,9999.000,9999.000,9999.000,9999.000
202604280754,   4.809,9999.000,9999.000,9999.000,9999.000,9999.000,9999.000,9999.000,9999.000
202604280800,   4.669,9999.000,   0.100,  -0.136,   4.633,   0.100,   4.633,   0.200,   4.733
202604280806,   4.527,9999.000,9999.000,9999.000,9999.000,9999.000,9999.000,9999.000,9999.000
202604280812,   4.383,9999.000,9999.000,9999.000,9999.000,9999.000,9999.000,9999.000,9999.000
202604280818,   4.239,9999.000,9999.000,9999.000,9999.000,9999.000,9999.000,9999.000,9999.000
202604280824,   4.094,9999.000,9999.000,9999.000,9999.000,9999.000,9999.000,9999.000,9999.000
202604280830,   3.948,9999.000,9999.000,9999.000,9999.000,9999.000,9999.000,9999.000,9999.000
202604280836,   3.803,9999.000,9999.000,9999.000,9999.000,9999.000,9999.000,9999.000,9999.000
202604280842,   3.658,9999.000,9999.000,9999.000,9999.000,9999.000,9999.000,9999.000,9999.000
202604280848,   3.514,9999.000,9999.000,9999.000,9999.000,9999.000,9999.000,9999.000,9999.000
202604280854,   3.372,9999.000,9999.000,9999.000,9999.000,9999.000,9999.000,9999.000,9999.000
202604280900,   3.230,9999.000,   0.200,  -0.142,   3.288,   0.100,   3.188,   0.200,   3.288
202604280906,   3.091,9999.000,9999.000,9999.000,9999.000,9999.000,9999.000,9999.000,9999.000
202604280912,   2.953,9999.000,9999.000,9999.000,9999.000,9999.000,9999.000,9999.000,9999.000
202604280918,   2.818,9999.000,9999.000,9999.000,9999.000,9999.000,9999.000,9999.000,9999.000
202604280924,   2.686,9999.000,9999.000,9999.000,9999.000,9999.000,9999.000,9999.000,9999.000
202604280930,   2.557,9999.000,9999.000,9999.000,9999.000,9999.000,9999.000,9999.000,9999.000
202604280936,   2.432,9999.000,9999.000,9999.000,9999.000,9999.000,9999.000,9999.000,9999.000
202604280942,   2.310,9999.000,9999.000,9999.000,9999.000,9999.000,9999.000,9999.000,9999.000
202604280948,   2.192,9999.000,9999.000,9999.000,9999.000,9999.000,9999.000,9999.000,9999.000
202604280954,   2.079,9999.000,9999.000,9999.000,9999.000,9999.000,9999.000,9999.000,9999.000
202604281000,   1.970,9999.000,   0.200,  -0.148,   2.022,   0.100,   1.922,   0.200,   2.022
202604281006,   1.866,9999.000,9999.000,9999.000,9999.000,9999.000,9999.000,9999.000,9999.000
202604281012,   1.767,9999.000,9999.000,9999.000,9999.000,9999.000,9999.000,9999.000,9999.000
202604281018,   1.673,9999.000,9999.000,9999.000,9999.000,9999.000,9999.000,9999.000,9999.000
202604281024,   1.585,9999.000,9999.000,9999.000,9999.000,9999.000,9999.000,9999.000,9999.000
202604281030,   1.503,9999.000,9999.000,9999.000,9999.000,9999.000,9999.000,9999.000,9999.000
202604281036,   1.427,9999.000,9999.000,9999.000,9999.000,9999.000,9999.000,9999.000,9999.000
202604281042,   1.357,9999.000,9999.000,9999.000,9999.000,9999.000,9999.000,9999.000,9999.000
202604281048,   1.293,9999.000,9999.000,9999.000,9999.000,9999.000,9999.000,9999.000,9999.000
202604281054,   1.235,9999.000,9999.000,9999.000,9999.000,9999.000,9999.000,9999.000,9999.000
202604281100,   1.185,9999.000,   0.100,  -0.153,   1.132,   0.100,   1.132,   0.200,   1.232
202604281106,   1.140,9999.000,9999.000,9999.000,9999.000,9999.000,9999.000,9999.000,9999.000
202604281112,   1.103,9999.000,9999.000,9999.000,9999.000,9999.000,9999.000,9999.000,9999.000
202604281118,   1.072,9999.000,9999.000,9999.000,9999.000,9999.000,9999.000,9999.000,9999.000
202604281124,   1.049,9999.000,9999.000,9999.000,9999.000,9999.000,9999.000,9999.000,9999.000
202604281130,   1.032,9999.000,9999.000,9999.000,9999.000,9999.000,9999.000,9999.000,9999.000
202604281136,   1.022,9999.000,9999.000,9999.000,9999.000,9999.000,9999.000,9999.000,9999.000
202604281142,   1.019,9999.000,9999.000,9999.000,9999.000,9999.000,9999.000,9999.000,9999.000
202604281148,   1.022,9999.000,9999.000,9999.000,9999.000,9999.000,9999.000,9999.000,9999.000
202604281154,   1.033,9999.000,9999.000,9999.000,9999.000,9999.000,9999.000,9999.000,9999.000
202604281200,   1.050,9999.000,   0.100,  -0.159,   0.991,   0.100,   0.991,   0.100,   0.991
202604281206,   1.075,9999.000,9999.000,9999.000,9999.000,9999.000,9999.000,9999.000,9999.000
202604281212,   1.105,9999.000,9999.000,9999.000,9999.000,9999.000,9999.000,9999.000,9999.000
202604281218,   1.142,9999.000,9999.000,9999.000,9999.000,9999.000,9999.000,9999.000,9999.000
202604281224,   1.186,9999.000,9999.000,9999.000,9999.000,9999.000,9999.000,9999.000,9999.000
202604281230,   1.235,9999.000,9999.000,9999.000,9999.000,9999.000,9999.000,9999.000,9999.000
202604281236,   1.291,9999.000,9999.000,9999.000,9999.000,9999.000,9999.000,9999.000,9999.000
202604281242,   1.352,9999.000,9999.000,9999.000,9999.000,9999.000,9999.000,9999.000,9999.000
202604281248,   1.419,9999.000,9999.000,9999.000,9999.000,9999.000,9999.000,9999.000,9999.000
202604281254,   1.492,9999.000,9999.000,9999.000,9999.000,9999.000,9999.000,9999.000,9999.000
202604281300,   1.570,9999.000,   0.100,  -0.165,   1.505,   0.100,   1.505,   0.200,   1.605
202604281306,   1.653,9999.000,9999.000,9999.000,9999.000,9999.000,9999.000,9999.000,9999.000
202604281312,   1.740,9999.000,9999.000,9999.000,9999.000,9999.000,9999.000,9999.000,9999.000
202604281318,   1.832,9999.000,9999.000,9999.000,9999.000,9999.000,9999.000,9999.000,9999.000
202604281324,   1.928,9999.000,9999.000,9999.000,9999.000,9999.000,9999.000,9999.000,9999.000
202604281330,   2.028,9999.000,9999.000,9999.000,9999.000,9999.000,9999.000,9999.000,9999.000
202604281336,   2.132,9999.000,9999.000,9999.000,9999.000,9999.000,9999.000,9999.000,9999.000
202604281342,   2.240,9999.000,9999.000,9999.000,9999.000,9999.000,9999.000,9999.000,9999.000
202604281348,   2.350,9999.000,9999.000,9999.000,9999.000,9999.000,9999.000,9999.000,9999.000
202604281354,   2.463,9999.000,9999.000,9999.000,9999.000,9999.000,9999.000,9999.000,9999.000
202604281400,   2.579,9999.000,   0.200,  -0.171,   2.608,   0.100,   2.508,   0.200,   2.608
202604281406,   2.697,9999.000,9999.000,9999.000,9999.000,9999.000,9999.000,9999.000,9999.000
202604281412,   2.816,9999.000,9999.000,9999.000,9999.000,9999.000,9999.000,9999.000,9999.000
202604281418,   2.938,9999.000,9999.000,9999.000,9999.000,9999.000,9999.000,9999.000,9999.000
202604281424,   3.060,9999.000,9999.000,9999.000,9999.000,9999.000,9999.000,9999.000,9999.000
202604281430,   3.183,9999.000,9999.000,9999.000,9999.000,9999.000,9999.000,9999.000,9999.000
202604281436,   3.307,9999.000,9999.000,9999.000,9999.000,9999.000,9999.000,9999.000,9999.000
202604281442,   3.432,9999.000,9999.000,9999.000,9999.000,9999.000,9999.000,9999.000,9999.000
202604281448,   3.556,9999.000,9999.000,9999.000,9999.000,9999.000,9999.000,9999.000,9999.000
202604281454,   3.679,9999.000,9999.000,9999.000,9999.000,9999.000,9999.000,9999.000,9999.000
202604281500,   3.803,9999.000,   0.100,  -0.177,   3.726,   0.100,   3.726,   0.200,   3.826
202604281506,   3.925,9999.000,9999.000,9999.000,9999.000,9999.000,9999.000,9999.000,9999.000
202604281512,   4.045,9999.000,9999.000,9999.000,9999.000,9999.000,9999.000,9999.000,9999.000
202604281518,   4.164,9999.000,9999.000,9999.000,9999.000,9999.000,9999.000,9999.000,9999.000
202604281524,   4.281,9999.000,9999.000,9999.000,9999.000,9999.000,9999.000,9999.000,9999.000
202604281530,   4.396,9999.000,9999.000,9999.000,9999.000,9999.000,9999.000,9999.000,9999.000
202604281536,   4.508,9999.000,9999.000,9999.000,9999.000,9999.000,9999.000,9999.000,9999.000
202604281542,   4.617,9999.000,9999.000,9999.000,9999.000,9999.000,9999.000,9999.000,9999.000
202604281548,   4.723,9999.000,9999.000,9999.000,9999.000,9999.000,9999.000,9999.000,9999.000
202604281554,   4.825,9999.000,9999.000,9999.000,9999.000,9999.000,9999.000,9999.000,9999.000
202604281600,   4.923,9999.000,   0.100,  -0.183,   4.840,   0.100,   4.840,   0.100,   4.840
202604281606,   5.018,9999.000,9999.000,9999.000,9999.000,9999.000,9999.000,9999.000,9999.000
202604281612,   5.108,9999.000,9999.000,9999.000,9999.000,9999.000,9999.000,9999.000,9999.000
202604281618,   5.194,9999.000,9999.000,9999.000,9999.000,9999.000,9999.000,9999.000,9999.000
202604281624,   5.275,9999.000,9999.000,9999.000,9999.000,9999.000,9999.000,9999.000,9999.000
202604281630,   5.351,9999.000,9999.000,9999.000,9999.000,9999.000,9999.000,9999.000,9999.000
202604281636,   5.422,9999.000,9999.000,9999.000,9999.000,9999.000,9999.000,9999.000,9999.000
202604281642,   5.487,9999.000,9999.000,9999.000,9999.000,9999.000,9999.000,9999.000,9999.000
202604281648,   5.547,9999.000,9999.000,9999.000,9999.000,9999.000,9999.000,9999.000,9999.000
202604281654,   5.601,9999.000,9999.000,9999.000,9999.000,9999.000,9999.000,9999.000,9999.000
202604281700,   5.649,9999.000,   0.100,  -0.189,   5.560,   0.100,   5.560,   0.100,   5.560
202604281706,   5.691,9999.000,9999.000,9999.000,9999.000,9999.000,9999.000,9999.000,9999.000
202604281712,   5.727,9999.000,9999.000,9999.000,9999.000,9999.000,9999.000,9999.000,9999.000
202604281718,   5.757,9999.000,9999.000,9999.000,9999.000,9999.000,9999.000,9999.000,9999.000
202604281724,   5.780,9999.000,9999.000,9999.000,9999.000,9999.000,9999.000,9999.000,9999.000
202604281730,   5.797,9999.000,9999.000,9999.000,9999.000,9999.000,9999.000,9999.000,9999.000
202604281736,   5.808,9999.000,9999.000,9999.000,9999.000,9999.000,9999.000,9999.000,9999.000
202604281742,   5.812,9999.000,9999.000,9999.000,9999.000,9999.000,9999.000,9999.000,9999.000
202604281748,   5.810,9999.000,9999.000,9999.000,9999.000,9999.000,9999.000,9999.000,9999.000
202604281754,   5.801,9999.000,9999.000,9999.000,9999.000,9999.000,9999.000,9999.000,9999.000
202604281800,   5.786,9999.000,   0.100,  -0.195,   5.691,   0.100,   5.691,   0.200,   5.791
202604281806,   5.765,9999.000,9999.000,9999.000,9999.000,9999.000,9999.000,9999.000,9999.000
202604281812,   5.737,9999.000,9999.000,9999.000,9999.000,9999.000,9999.000,9999.000,9999.000
202604281818,   5.704,9999.000,9999.000,9999.000,9999.000,9999.000,9999.000,9999.000,9999.000
202604281824,   5.664,9999.000,9999.000,9999.000,9999.000,9999.000,9999.000,9999.000,9999.000
202604281830,   5.618,9999.000,9999.000,9999.000,9999.000,9999.000,9999.000,9999.000,9999.000
202604281836,   5.566,9999.000,9999.000,9999.000,9999.000,9999.000,9999.000,9999.000,9999.000
202604281842,   5.509,9999.000,9999.000,9999.000,9999.000,9999.000,9999.000,9999.000,9999.000
202604281848,   5.447,9999.000,9999.000,9999.000,9999.000,9999.000,9999.000,9999.000,9999.000
202604281854,   5.379,9999.000,9999.000,9999.000,9999.000,9999.000,9999.000,9999.000,9999.000
202604281900,   5.306,9999.000,   0.100,  -0.195,   5.211,   0.100,   5.211,   0.100,   5.211
202604281906,   5.228,9999.000,9999.000,9999.000,9999.000,9999.000,9999.000,9999.000,9999.000
202604281912,   5.145,9999.000,9999.000,9999.000,9999.000,9999.000,9999.000,9999.000,9999.000
202604281918,   5.058,9999.000,9999.000,9999.000,9999.000,9999.000,9999.000,9999.000,9999.000
202604281924,   4.967,9999.000,9999.000,9999.000,9999.000,9999.000,9999.000,9999.000,9999.000
202604281930,   4.872,9999.000,9999.000,9999.000,9999.000,9999.000,9999.000,9999.000,9999.000
202604281936,   4.774,9999.000,9999.000,9999.000,9999.000,9999.000,9999.000,9999.000,9999.000
202604281942,   4.672,9999.000,9999.000,9999.000,9999.000,9999.000,9999.000,9999.000,9999.000
202604281948,   4.567,9999.000,9999.000,9999.000,9999.000,9999.000,9999.000,9999.000,9999.000
202604281954,   4.459,9999.000,9999.000,9999.000,9999.000,9999.000,9999.000,9999.000,9999.000
202604282000,   4.349,9999.000,   0.100,  -0.195,   4.254,   0.100,   4.254,   0.100,   4.254
202604282006,   4.237,9999.000,9999.000,9999.000,9999.000,9999.000,9999.000,9999.000,9999.000
202604282012,   4.123,9999.000,9999.000,9999.000,9999.000,9999.000,9999.000,9999.000,9999.000
202604282018,   4.007,9999.000,9999.000,9999.000,9999.000,9999.000,9999.000,9999.000,9999.000
202604282024,   3.891,9999.000,9999.000,9999.000,9999.000,9999.000,9999.000,9999.000,9999.000
202604282030,   3.773,9999.000,9999.000,9999.000,9999.000,9999.000,9999.000,9999.000,9999.000
202604282036,   3.655,9999.000,9999.000,9999.000,9999.000,9999.000,9999.000,9999.000,9999.000
202604282042,   3.537,9999.000,9999.000,9999.000,9999.000,9999.000,9999.000,9999.000,9999.000
202604282048,   3.419,9999.000,9999.000,9999.000,9999.000,9999.000,9999.000,9999.000,9999.000
202604282054,   3.302,9999.000,9999.000,9999.000,9999.000,9999.000,9999.000,9999.000,9999.000
202604282100,   3.185,9999.000,   0.100,  -0.195,   3.090,   0.100,   3.090,   0.100,   3.090
202604282106,   3.069,9999.000,9999.000,9999.000,9999.000,9999.000,9999.000,9999.000,9999.000
202604282112,   2.956,9999.000,9999.000,9999.000,9999.000,9999.000,9999.000,9999.000,9999.000
202604282118,   2.843,9999.000,9999.000,9999.000,9999.000,9999.000,9999.000,9999.000,9999.000
202604282124,   2.733,9999.000,9999.000,9999.000,9999.000,9999.000,9999.000,9999.000,9999.000
202604282130,   2.626,9999.000,9999.000,9999.000,9999.000,9999.000,9999.000,9999.000,9999.000
202604282136,   2.521,9999.000,9999.000,9999.000,9999.000,9999.000,9999.000,9999.000,9999.000
202604282142,   2.420,9999.000,9999.000,9999.000,9999.000,9999.000,9999.000,9999.000,9999.000
202604282148,   2.321,9999.000,9999.000,9999.000,9999.000,9999.000,9999.000,9999.000,9999.000
202604282154,   2.227,9999.000,9999.000,9999.000,9999.000,9999.000,9999.000,9999.000,9999.000
202604282200,   2.136,9999.000,   0.100,  -0.195,   2.041,   0.100,   2.041,   0.100,   2.041
202604282206,   2.050,9999.000,9999.000,9999.000,9999.000,9999.000,9999.000,9999.000,9999.000
202604282212,   1.968,9999.000,9999.000,9999.000,9999.000,9999.000,9999.000,9999.000,9999.000
202604282218,   1.891,9999.000,9999.000,9999.000,9999.000,9999.000,9999.000,9999.000,9999.000
202604282224,   1.820,9999.000,9999.000,9999.000,9999.000,9999.000,9999.000,9999.000,9999.000
202604282230,   1.753,9999.000,9999.000,9999.000,9999.000,9999.000,9999.000,9999.000,9999.000
202604282236,   1.692,9999.000,9999.000,9999.000,9999.000,9999.000,9999.000,9999.000,9999.000
202604282242,   1.636,9999.000,9999.000,9999.000,9999.000,9999.000,9999.000,9999.000,9999.000
202604282248,   1.587,9999.000,9999.000,9999.000,9999.000,9999.000,9999.000,9999.000,9999.000
202604282254,   1.543,9999.000,9999.000,9999.000,9999.000,9999.000,9999.000,9999.000,9999.000
202604282300,   1.506,9999.000,   0.100,  -0.195,   1.411,   0.100,   1.411,   0.100,   1.411
202604282306,   1.475,9999.000,9999.000,9999.000,9999.000,9999.000,9999.000,9999.000,9999.000
202604282312,   1.451,9999.000,9999.000,9999.000,9999.000,9999.000,9999.000,9999.000,9999.000
202604282318,   1.433,9999.000,9999.000,9999.000,9999.000,9999.000,9999.000,9999.000,9999.000
202604282324,   1.422,9999.000,9999.000,9999.000,9999.000,9999.000,9999.000,9999.000,9999.000
202604282330,   1.418,9999.000,9999.000,9999.000,9999.000,9999.000,9999.000,9999.000,9999.000
202604282336,   1.420,9999.000,9999.000,9999.000,9999.000,9999.000,9999.000,9999.000,9999.000
202604282342,   1.430,9999.000,9999.000,9999.000,9999.000,9999.000,9999.000,9999.000,9999.000
202604282348,   1.446,9999.000,9999.000,9999.000,9999.000,9999.000,9999.000,9999.000,9999.000
202604282354,   1.469,9999.000,9999.000,9999.000,9999.000,9999.000,9999.000,9999.000,9999.000
202604290000,   1.499,9999.000,   0.100,  -0.195,   1.404,   0.100,   1.404,   0.100,   1.404
202604290006,   1.535,9999.000,9999.000,9999.000,9999.000,9999.000,9999.000,9999.000,9999.000
202604290012,   1.579,9999.000,9999.000,9999.000,9999.000,9999.000,9999.000,9999.000,9999.000
202604290018,   1.629,9999.000,9999.000,9999.000,9999.000,9999.000,9999.000,9999.000,9999.000
202604290024,   1.685,9999.000,9999.000,9999.000,9999.000,9999.000,9999.000,9999.000,9999.000
202604290030,   1.748,9999.000,9999.000,9999.000,9999.000,9999.000,9999.000,9999.000,9999.000
202604290036,   1.817,9999.000,9999.000,9999.000,9999.000,9999.000,9999.000,9999.000,9999.000
202604290042,   1.892,9999.000,9999.000,9999.000,9999.000,9999.000,9999.000,9999.000,9999.000
202604290048,   1.974,9999.000,9999.000,9999.000,9999.000,9999.000,9999.000,9999.000,9999.000
202604290054,   2.060,9999.000,9999.000,9999.000,9999.000,9999.000,9999.000,9999.000,9999.000
202604290100,   2.153,9999.000,   0.100,  -0.195,   2.058,   0.100,   2.058,   0.100,   2.058
202604290106,   2.251,9999.000,9999.000,9999.000,9999.000,9999.000,9999.000,9999.000,9999.000
202604290112,   2.354,9999.000,9999.000,9999.000,9999.000,9999.000,9999.000,9999.000,9999.000
202604290118,   2.461,9999.000,9999.000,9999.000,9999.000,9999.000,9999.000,9999.000,9999.000
202604290124,   2.574,9999.000,9999.000,9999.000,9999.000,9999.000,9999.000,9999.000,9999.000
202604290130,   2.690,9999.000,9999.000,9999.000,9999.000,9999.000,9999.000,9999.000,9999.000
202604290136,   2.811,9999.000,9999.000,9999.000,9999.000,9999.000,9999.000,9999.000,9999.000
202604290142,   2.935,9999.000,9999.000,9999.000,9999.000,9999.000,9999.000,9999.000,9999.000
202604290148,   3.063,9999.000,9999.000,9999.000,9999.000,9999.000,9999.000,9999.000,9999.000
202604290154,   3.194,9999.000,9999.000,9999.000,9999.000,9999.000,9999.000,9999.000,9999.000
202604290200,   3.328,9999.000,   0.100,  -0.195,   3.233,   0.100,   3.233,   0.100,   3.233
202604290206,   3.464,9999.000,9999.000,9999.000,9999.000,9999.000,9999.000,9999.000,9999.000
202604290212,   3.602,9999.000,9999.000,9999.000,9999.000,9999.000,9999.000,9999.000,9999.000
202604290218,   3.743,9999.000,9999.000,9999.000,9999.000,9999.000,9999.000,9999.000,9999.000
202604290224,   3.884,9999.000,9999.000,9999.000,9999.000,9999.000,9999.000,9999.000,9999.000
202604290230,   4.027,9999.000,9999.000,9999.000,9999.000,9999.000,9999.000,9999.000,9999.000
202604290236,   4.171,9999.000,9999.000,9999.000,9999.000,9999.000,9999.000,9999.000,9999.000
202604290242,   4.315,9999.000,9999.000,9999.000,9999.000,9999.000,9999.000,9999.000,9999.000
202604290248,   4.459,9999.000,9999.000,9999.000,9999.000,9999.000,9999.000,9999.000,9999.000
202604290254,   4.603,9999.000,9999.000,9999.000,9999.000,9999.000,9999.000,9999.000,9999.000
202604290300,   4.746,9999.000,   0.100,  -0.195,   4.651,   0.100,   4.651,   0.100,   4.651
202604290306,   4.889,9999.000,9999.000,9999.000,9999.000,9999.000,9999.000,9999.000,9999.000
202604290312,   5.030,9999.000,9999.000,9999.000,9999.000,9999.000,9999.000,9999.000,9999.000
202604290318,   5.169,9999.000,9999.000,9999.000,9999.000,9999.000,9999.000,9999.000,9999.000
202604290324,   5.306,9999.000,9999.000,9999.000,9999.000,9999.000,9999.000,9999.000,9999.000
202604290330,   5.441,9999.000,9999.000,9999.000,9999.000,9999.000,9999.000,9999.000,9999.000
202604290336,   5.574,9999.000,9999.000,9999.000,9999.000,9999.000,9999.000,9999.000,9999.000
202604290342,   5.703,9999.000,9999.000,9999.000,9999.000,9999.000,9999.000,9999.000,9999.000
202604290348,   5.829,9999.000,9999.000,9999.000,9999.000,9999.000,9999.000,9999.000,9999.000
202604290354,   5.951,9999.000,9999.000,9999.000,9999.000,9999.000,9999.000,9999.000,9999.000
202604290400,   6.069,9999.000,   0.100,  -0.195,   5.974,   0.100,   5.974,   0.100,   5.974
202604290406,   6.183,9999.000,9999.000,9999.000,9999.000,9999.000,9999.000,9999.000,9999.000
202604290412,   6.292,9999.000,9999.000,9999.000,9999.000,9999.000,9999.000,9999.000,9999.000
202604290418,   6.396,9999.000,9999.000,9999.000,9999.000,9999.000,9999.000,9999.000,9999.000
202604290424,   6.496,9999.000,9999.000,9999.000,9999.000,9999.000,9999.000,9999.000,9999.000
202604290430,   6.589,9999.000,9999.000,9999.000,9999.000,9999.000,9999.000,9999.000,9999.000
202604290436,   6.677,9999.000,9999.000,9999.000,9999.000,9999.000,9999.000,9999.000,9999.000
202604290442,   6.759,9999.000,9999.000,9999.000,9999.000,9999.000,9999.000,9999.000,9999.000
202604290448,   6.835,9999.000,9999.000,9999.000,9999.000,9999.000,9999.000,9999.000,9999.000
202604290454,   6.904,9999.000,9999.000,9999.000,9999.000,9999.000,9999.000,9999.000,9999.000
202604290500,   6.967,9999.000,   0.100,  -0.195,   6.872,   0.000,   6.772,   0.100,   6.872
202604290506,   7.023,9999.000,9999.000,9999.000,9999.000,9999.000,9999.000,9999.000,9999.000
202604290512,   7.072,9999.000,9999.000,9999.000,9999.000,9999.000,9999.000,9999.000,9999.000
202604290518,   7.113,9999.000,9999.000,9999.000,9999.000,9999.000,9999.000,9999.000,9999.000
202604290524,   7.148,9999.000,9999.000,9999.000,9999.000,9999.000,9999.000,9999.000,9999.000
202604290530,   7.175,9999.000,9999.000,9999.000,9999.000,9999.000,9999.000,9999.000,9999.000
202604290536,   7.195,9999.000,9999.000,9999.000,9999.000,9999.000,9999.000,9999.000,9999.000
202604290542,   7.207,9999.000,9999.000,9999.000,9999.000,9999.000,9999.000,9999.000,9999.000
202604290548,   7.211,9999.000,9999.000,9999.000,9999.000,9999.000,9999.000,9999.000,9999.000
202604290554,   7.208,9999.000,9999.000,9999.000,9999.000,9999.000,9999.000,9999.000,9999.000
202604290600,   7.197,9999.000,   0.000,  -0.195,   7.002,   0.000,   7.002,   0.100,   7.102
202604290606,   7.178,9999.000,9999.000,9999.000,9999.000,9999.000,9999.000,9999.000,9999.000
202604290612,   7.152,9999.000,9999.000,9999.000,9999.000,9999.000,9999.000,9999.000,9999.000
202604290618,   7.118,9999.000,9999.000,9999.000,9999.000,9999.000,9999.000,9999.000,9999.000
202604290624,   7.076,9999.000,9999.000,9999.000,9999.000,9999.000,9999.000,9999.000,9999.000
202604290630,   7.027,9999.000,9999.000,9999.000,9999.000,9999.000,9999.000,9999.000,9999.000
202604290636,   6.971,9999.000,9999.000,9999.000,9999.000,9999.000,9999.000,9999.000,9999.000
202604290642,   6.907,9999.000,9999.000,9999.000,9999.000,9999.000,9999.000,9999.000,9999.000
202604290648,   6.836,9999.000,9999.000,9999.000,9999.000,9999.000,9999.000,9999.000,9999.000
202604290654,   6.758,9999.000,9999.000,9999.000,9999.000,9999.000,9999.000,9999.000,9999.000
202604290700,   6.674,9999.000,   0.000,  -0.195,   6.479,   0.000,   6.479,   0.100,   6.579
202604290706,   6.582,9999.000,9999.000,9999.000,9999.000,9999.000,9999.000,9999.000,9999.000
202604290712,   6.485,9999.000,9999.000,9999.000,9999.000,9999.000,9999.000,9999.000,9999.000
202604290718,   6.381,9999.000,9999.000,9999.000,9999.000,9999.000,9999.000,9999.000,9999.000
202604290724,   6.271,9999.000,9999.000,9999.000,9999.000,9999.000,9999.000,9999.000,9999.000
202604290730,   6.155,9999.000,9999.000,9999.000,9999.000,9999.000,9999.000,9999.000,9999.000
202604290736,   6.034,9999.000,9999.000,9999.000,9999.000,9999.000,9999.000,9999.000,9999.000
202604290742,   5.908,9999.000,9999.000,9999.000,9999.000,9999.000,9999.000,9999.000,9999.000
202604290748,   5.777,9999.000,9999.000,9999.000,9999.000,9999.000,9999.000,9999.000,9999.000
202604290754,   5.641,9999.000,9999.000,9999.000,9999.000,9999.000,9999.000,9999.000,9999.000
202604290800,   5.501,9999.000,   0.000,  -0.195,   5.306,   0.000,   5.306,   0.100,   5.406
202604290806,   5.357,9999.000,9999.000,9999.000,9999.000,9999.000,9999.000,9999.000,9999.000
202604290812,   5.210,9999.000,9999.000,9999.000,9999.000,9999.000,9999.000,9999.000,9999.000
202604290818,   5.059,9999.000,9999.000,9999.000,9999.000,9999.000,9999.000,9999.000,9999.000
202604290824,   4.905,9999.000,9999.000,9999.000,9999.000,9999.000,9999.000,9999.000,9999.000
202604290830,   4.749,9999.000,9999.000,9999.000,9999.000,9999.000,9999.000,9999.000,9999.000
202604290836,   4.591,9999.000,9999.000,9999.000,9999.000,9999.000,9999.000,9999.000,9999.000
202604290842,   4.430,9999.000,9999.000,9999.000,9999.000,9999.000,9999.000,9999.000,9999.000
202604290848,   4.268,9999.000,9999.000,9999.000,9999.000,9999.000,9999.000,9999.000,9999.000
202604290854,   4.105,9999.000,9999.000,9999.000,9999.000,9999.000,9999.000,9999.000,9999.000
202604290900,   3.941,9999.000,   0.100,  -0.195,   3.846,   0.000,   3.746,   0.100,   3.846
202604290906,   3.777,9999.000,9999.000,9999.000,9999.000,9999.000,9999.000,9999.000,9999.000
202604290912,   3.613,9999.000,9999.000,9999.000,9999.000,9999.000,9999.000,9999.000,9999.000
202604290918,   3.449,9999.000,9999.000,9999.000,9999.000,9999.000,9999.000,9999.000,9999.000
202604290924,   3.286,9999.000,9999.000,9999.000,9999.000,9999.000,9999.000,9999.000,9999.000
202604290930,   3.124,9999.000,9999.000,9999.000,9999.000,9999.000,9999.000,9999.000,9999.000
202604290936,   2.963,9999.000,9999.000,9999.000,9999.000,9999.000,9999.000,9999.000,9999.000
202604290942,   2.805,9999.000,9999.000,9999.000,9999.000,9999.000,9999.000,9999.000,9999.000
202604290948,   2.648,9999.000,9999.000,9999.000,9999.000,9999.000,9999.000,9999.000,9999.000
202604290954,   2.494,9999.000,9999.000,9999.000,9999.000,9999.000,9999.000,9999.000,9999.000
202604291000,   2.343,9999.000,   0.100,  -0.195,   2.248,   0.000,   2.148,   0.100,   2.248
202604291006,   2.195,9999.000,9999.000,9999.000,9999.000,9999.000,9999.000,9999.000,9999.000
202604291012,   2.051,9999.000,9999.000,9999.000,9999.000,9999.000,9999.000,9999.000,9999.000
202604291018,   1.911,9999.000,9999.000,9999.000,9999.000,9999.000,9999.000,9999.000,9999.000
202604291024,   1.775,9999.000,9999.000,9999.000,9999.000,9999.000,9999.000,9999.000,9999.000
202604291030,   1.643,9999.000,9999.000,9999.000,9999.000,9999.000,9999.000,9999.000,9999.000
202604291036,   1.516,9999.000,9999.000,9999.000,9999.000,9999.000,9999.000,9999.000,9999.000
202604291042,   1.395,9999.000,9999.000,9999.000,9999.000,9999.000,9999.000,9999.000,9999.000
202604291048,   1.279,9999.000,9999.000,9999.000,9999.000,9999.000,9999.000,9999.000,9999.000
202604291054,   1.168,9999.000,9999.000,9999.000,9999.000,9999.000,9999.000,9999.000,9999.000
202604291100,   1.064,9999.000,   0.000,  -0.195,   0.869,   0.000,   0.869,   0.100,   0.969
202604291106,   0.966,9999.000,9999.000,9999.000,9999.000,9999.000,9999.000,9999.000,9999.000
202604291112,   0.874,9999.000,9999.000,9999.000,9999.000,9999.000,9999.000,9999.000,9999.000
202604291118,   0.789,9999.000,9999.000,9999.000,9999.000,9999.000,9999.000,9999.000,9999.000
202604291124,   0.710,9999.000,9999.000,9999.000,9999.000,9999.000,9999.000,9999.000,9999.000
202604291130,   0.639,9999.000,9999.000,9999.000,9999.000,9999.000,9999.000,9999.000,9999.000
202604291136,   0.574,9999.000,9999.000,9999.000,9999.000,9999.000,9999.000,9999.000,9999.000
202604291142,   0.517,9999.000,9999.000,9999.000,9999.000,9999.000,9999.000,9999.000,9999.000
202604291148,   0.468,9999.000,9999.000,9999.000,9999.000,9999.000,9999.000,9999.000,9999.000
202604291154,   0.425,9999.000,9999.000,9999.000,9999.000,9999.000,9999.000,9999.000,9999.000
202604291200,   0.391,9999.000,   0.000,  -0.195,   0.196,   0.000,   0.196,   0.100,   0.296
202604291206,   0.363,9999.000,9999.000,9999.000,9999.000,9999.000,9999.000,9999.000,9999.000
202604291212,   0.344,9999.000,9999.000,9999.000,9999.000,9999.000,9999.000,9999.000,9999.000
202604291218,   0.332,9999.000,9999.000,9999.000,9999.000,9999.000,9999.000,9999.000,9999.000
202604291224,   0.328,9999.000,9999.000,9999.000,9999.000,9999.000,9999.000,9999.000,9999.000
202604291230,   0.331,9999.000,9999.000,9999.000,9999.000,9999.000,9999.000,9999.000,9999.000
202604291236,   0.342,9999.000,9999.000,9999.000,9999.000,9999.000,9999.000,9999.000,9999.000
202604291242,   0.361,9999.000,9999.000,9999.000,9999.000,9999.000,9999.000,9999.000,9999.000
202604291248,   0.387,9999.000,9999.000,9999.000,9999.000,9999.000,9999.000,9999.000,9999.000
202604291254,   0.420,9999.000,9999.000,9999.000,9999.000,9999.000,9999.000,9999.000,9999.000
202604291300,   0.460,9999.000,   0.100,  -0.195,   0.365,   0.000,   0.265,   0.100,   0.365
202604291306,   0.508,9999.000,9999.000,9999.000,9999.000,9999.000,9999.000,9999.000,9999.000
202604291312,   0.562,9999.000,9999.000,9999.000,9999.000,9999.000,9999.000,9999.000,9999.000
202604291318,   0.623,9999.000,9999.000,9999.000,9999.000,9999.000,9999.000,9999.000,9999.000
202604291324,   0.691,9999.000,9999.000,9999.000,9999.000,9999.000,9999.000,9999.000,9999.000
202604291330,   0.764,9999.000,9999.000,9999.000,9999.000,9999.000,9999.000,9999.000,9999.000
202604291336,   0.844,9999.000,9999.000,9999.000,9999.000,9999.000,9999.000,9999.000,9999.000
202604291342,   0.930,9999.000,9999.000,9999.000,9999.000,9999.000,9999.000,9999.000,9999.000
202604291348,   1.021,9999.000,9999.000,9999.000,9999.000,9999.000,9999.000,9999.000,9999.000
202604291354,   1.118,9999.000,9999.000,9999.000,9999.000,9999.000,9999.000,9999.000,9999.000
202604291400,   1.220,9999.000,   0.100,  -0.195,   1.125,   0.100,   1.125,   0.100,   1.125
202604291406,   1.326,9999.000,9999.000,9999.000,9999.000,9999.000,9999.000,9999.000,9999.000
202604291412,   1.437,9999.000,9999.000,9999.000,9999.000,9999.000,9999.000,9999.000,9999.000
202604291418,   1.552,9999.000,9999.000,9999.000,9999.000,9999.000,9999.000,9999.000,9999.000
202604291424,   1.671,9999.000,9999.000,9999.000,9999.000,9999.000,9999.000,9999.000,9999.000
202604291430,   1.794,9999.000,9999.000,9999.000,9999.000,9999.000,9999.000,9999.000,9999.000
202604291436,   1.920,9999.000,9999.000,9999.000,9999.000,9999.000,9999.000,9999.000,9999.000
202604291442,   2.048,9999.000,9999.000,9999.000,9999.000,9999.000,9999.000,9999.000,9999.000
202604291448,   2.179,9999.000,9999.000,9999.000,9999.000,9999.000,9999.000,9999.000,9999.000
202604291454,   2.313,9999.000,9999.000,9999.000,9999.000,9999.000,9999.000,9999.000,9999.000
202604291500,   2.448,9999.000,   0.100,  -0.195,   2.353,   0.000,   2.253,   0.100,   2.353
202604291506,   2.585,9999.000,9999.000,9999.000,9999.000,9999.000,9999.000,9999.000,9999.000
202604291512,   2.722,9999.000,9999.000,9999.000,9999.000,9999.000,9999.000,9999.000,9999.000
202604291518,   2.861,9999.000,9999.000,9999.000,9999.000,9999.000,9999.000,9999.000,9999.000
202604291524,   3.000,9999.000,9999.000,9999.000,9999.000,9999.000,9999.000,9999.000,9999.000
202604291530,   3.139,9999.000,9999.000,9999.000,9999.000,9999.000,9999.000,9999.000,9999.000
202604291536,   3.278,9999.000,9999.000,9999.000,9999.000,9999.000,9999.000,9999.000,9999.000
202604291542,   3.416,9999.000,9999.000,9999.000,9999.000,9999.000,9999.000,9999.000,9999.000
202604291548,   3.554,9999.000,9999.000,9999.000,9999.000,9999.000,9999.000,9999.000,9999.000
202604291554,   3.690,9999.000,9999.000,9999.000,9999.000,9999.000,9999.000,9999.000,9999.000
202604291600,   3.824,9999.000,   0.000,  -0.195,   3.629,   0.000,   3.629,   0.100,   3.729
202604291606,   3.956,9999.000,9999.000,9999.000,9999.000,9999.000,9999.000,9999.000,9999.000
202604291612,   4.087,9999.000,9999.000,9999.000,9999.000,9999.000,9999.000,9999.000,9999.000
202604291618,   4.214,9999.000,9999.000,9999.000,9999.000,9999.000,9999.000,9999.000,9999.000
202604291624,   4.339,9999.000,9999.000,9999.000,9999.000,9999.000,9999.000,9999.000,9999.000
202604291630,   4.460,9999.000,9999.000,9999.000,9999.000,9999.000,9999.000,9999.000,9999.000
202604291636,   4.577,9999.000,9999.000,9999.000,9999.000,9999.000,9999.000,9999.000,9999.000
202604291642,   4.691,9999.000,9999.000,9999.000,9999.000,9999.000,9999.000,9999.000,9999.000
202604291648,   4.801,9999.000,9999.000,9999.000,9999.000,9999.000,9999.000,9999.000,9999.000
202604291654,   4.906,9999.000,9999.000,9999.000,9999.000,9999.000,9999.000,9999.000,9999.000
202604291700,   5.007,9999.000,   0.100,  -0.195,   4.912,   0.100,   4.912,   0.100,   4.912
202604291706,   5.103,9999.000,9999.000,9999.000,9999.000,9999.000,9999.000,9999.000,9999.000
202604291712,   5.193,9999.000,9999.000,9999.000,9999.000,9999.000,9999.000,9999.000,9999.000
202604291718,   5.279,9999.000,9999.000,9999.000,9999.000,9999.000,9999.000,9999.000,9999.000
202604291724,   5.358,9999.000,9999.000,9999.000,9999.000,9999.000,9999.000,9999.000,9999.000
202604291730,   5.432,9999.000,9999.000,9999.000,9999.000,9999.000,9999.000,9999.000,9999.000
202604291736,   5.500,9999.000,9999.000,9999.000,9999.000,9999.000,9999.000,9999.000,9999.000
202604291742,   5.562,9999.000,9999.000,9999.000,9999.000,9999.000,9999.000,9999.000,9999.000
202604291748,   5.618,9999.000,9999.000,9999.000,9999.000,9999.000,9999.000,9999.000,9999.000
202604291754,   5.667,9999.000,9999.000,9999.000,9999.000,9999.000,9999.000,9999.000,9999.000
202604291800,   5.710,9999.000,   0.100,  -0.195,   5.615,   0.100,   5.615,   0.100,   5.615
202604291806,   5.746,9999.000,9999.000,9999.000,9999.000,9999.000,9999.000,9999.000,9999.000
202604291812,   5.776,9999.000,9999.000,9999.000,9999.000,9999.000,9999.000,9999.000,9999.000
202604291818,   5.799,9999.000,9999.000,9999.000,9999.000,9999.000,9999.000,9999.000,9999.000
202604291824,   5.815,9999.000,9999.000,9999.000,9999.000,9999.000,9999.000,9999.000,9999.000
202604291830,   5.825,9999.000,9999.000,9999.000,9999.000,9999.000,9999.000,9999.000,9999.000
202604291836,   5.828,9999.000,9999.000,9999.000,9999.000,9999.000,9999.000,9999.000,9999.000
202604291842,   5.825,9999.000,9999.000,9999.000,9999.000,9999.000,9999.000,9999.000,9999.000
202604291848,   5.815,9999.000,9999.000,9999.000,9999.000,9999.000,9999.000,9999.000,9999.000
202604291854,   5.798,9999.000,9999.000,9999.000,9999.000,9999.000,9999.000,9999.000,9999.000
202604291900,   5.775,9999.000,   0.100,  -0.195,   5.680,   0.100,   5.680,   0.200,   5.780
202604291906,   5.746,9999.000,9999.000,9999.000,9999.000,9999.000,9999.000,9999.000,9999.000
202604291912,   5.710,9999.000,9999.000,9999.000,9999.000,9999.000,9999.000,9999.000,9999.000
202604291918,   5.669,9999.000,9999.000,9999.000,9999.000,9999.000,9999.000,9999.000,9999.000
202604291924,   5.622,9999.000,9999.000,9999.000,9999.000,9999.000,9999.000,9999.000,9999.000
202604291930,   5.569,9999.000,9999.000,9999.000,9999.000,9999.000,9999.000,9999.000,9999.000
202604291936,   5.510,9999.000,9999.000,9999.000,9999.000,9999.000,9999.000,9999.000,9999.000
202604291942,   5.446,9999.000,9999.000,9999.000,9999.000,9999.000,9999.000,9999.000,9999.000
202604291948,   5.378,9999.000,9999.000,9999.000,9999.000,9999.000,9999.000,9999.000,9999.000
202604291954,   5.304,9999.000,9999.000,9999.000,9999.000,9999.000,9999.000,9999.000,9999.000
202604292000,   5.226,9999.000,   0.100,  -0.195,   5.131,   0.000,   5.031,   0.100,   5.131
202604292006,   5.143,9999.000,9999.000,9999.000,9999.000,9999.000,9999.000,9999.000,9999.000
202604292012,   5.056,9999.000,9999.000,9999.000,9999.000,9999.000,9999.000,9999.000,9999.000
202604292018,   4.966,9999.000,9999.000,9999.000,9999.000,9999.000,9999.000,9999.000,9999.000
202604292024,   4.872,9999.000,9999.000,9999.000,9999.000,9999.000,9999.000,9999.000,9999.000
202604292030,   4.775,9999.000,9999.000,9999.000,9999.000,9999.000,9999.000,9999.000,9999.000
202604292036,   4.675,9999.000,9999.000,9999.000,9999.000,9999.000,9999.000,9999.000,9999.000
202604292042,   4.573,9999.000,9999.000,9999.000,9999.000,9999.000,9999.000,9999.000,9999.000
202604292048,   4.468,9999.000,9999.000,9999.000,9999.000,9999.000,9999.000,9999.000,9999.000
202604292054,   4.361,9999.000,9999.000,9999.000,9999.000,9999.000,9999.000,9999.000,9999.000
202604292100,   4.253,9999.000,   0.100,  -0.195,   4.158,   0.100,   4.158,   0.100,   4.158
202604292106,   4.143,9999.000,9999.000,9999.000,9999.000,9999.000,9999.000,9999.000,9999.000
202604292112,   4.033,9999.000,9999.000,9999.000,9999.000,9999.000,9999.000,9999.000,9999.000
202604292118,   3.922,9999.000,9999.000,9999.000,9999.000,9999.000,9999.000,9999.000,9999.000
202604292124,   3.811,9999.000,9999.000,9999.000,9999.000,9999.000,9999.000,9999.000,9999.000
202604292130,   3.699,9999.000,9999.000,9999.000,9999.000,9999.000,9999.000,9999.000,9999.000
202604292136,   3.589,9999.000,9999.000,9999.000,9999.000,9999.000,9999.000,9999.000,9999.000
202604292142,   3.479,9999.000,9999.000,9999.000,9999.000,9999.000,9999.000,9999.000,9999.000
202604292148,   3.370,9999.000,9999.000,9999.000,9999.000,9999.000,9999.000,9999.000,9999.000
202604292154,   3.262,9999.000,9999.000,9999.000,9999.000,9999.000,9999.000,9999.000,9999.000
202604292200,   3.156,9999.000,   0.100,  -0.195,   3.061,   0.100,   3.061,   0.100,   3.061
202604292206,   3.053,9999.000,9999.000,9999.000,9999.000,9999.000,9999.000,9999.000,9999.000
202604292212,   2.951,9999.000,9999.000,9999.000,9999.000,9999.000,9999.000,9999.000,9999.000
202604292218,   2.853,9999.000,9999.000,9999.000,9999.000,9999.000,9999.000,9999.000,9999.000
202604292224,   2.757,9999.000,9999.000,9999.000,9999.000,9999.000,9999.000,9999.000,9999.000
202604292230,   2.665,9999.000,9999.000,9999.000,9999.000,9999.000,9999.000,9999.000,9999.000
202604292236,   2.577,9999.000,9999.000,9999.000,9999.000,9999.000,9999.000,9999.000,9999.000
202604292242,   2.492,9999.000,9999.000,9999.000,9999.000,9999.000,9999.000,9999.000,9999.000
202604292248,   2.412,9999.000,9999.000,9999.000,9999.000,9999.000,9999.000,9999.000,9999.000
202604292254,   2.336,9999.000,9999.000,9999.000,9999.000,9999.000,9999.000,9999.000,9999.000
202604292300,   2.264,9999.000,   0.100,  -0.195,   2.169,   0.100,   2.169,   0.200,   2.269
202604292306,   2.198,9999.000,9999.000,9999.000,9999.000,9999.000,9999.000,9999.000,9999.000
202604292312,   2.137,9999.000,9999.000,9999.000,9999.000,9999.000,9999.000,9999.000,9999.000
202604292318,   2.082,9999.000,9999.000,9999.000,9999.000,9999.000,9999.000,9999.000,9999.000
202604292324,   2.032,9999.000,9999.000,9999.000,9999.000,9999.000,9999.000,9999.000,9999.000
202604292330,   1.987,9999.000,9999.000,9999.000,9999.000,9999.000,9999.000,9999.000,9999.000
202604292336,   1.949,9999.000,9999.000,9999.000,9999.000,9999.000,9999.000,9999.000,9999.000
202604292342,   1.917,9999.000,9999.000,9999.000,9999.000,9999.000,9999.000,9999.000,9999.000
202604292348,   1.891,9999.000,9999.000,9999.000,9999.000,9999.000,9999.000,9999.000,9999.000
202604292354,   1.872,9999.000,9999.000,9999.000,9999.000,9999.000,9999.000,9999.000,9999.000
202604300000,   1.859,9999.000,   0.100,  -0.195,   1.764,   0.100,   1.764,   0.100,   1.764
202604300006,   1.853,9999.000,9999.000,9999.000,9999.000,9999.000,9999.000,9999.000,9999.000
202604300012,   1.854,9999.000,9999.000,9999.000,9999.000,9999.000,9999.000,9999.000,9999.000
202604300018,   1.861,9999.000,9999.000,9999.000,9999.000,9999.000,9999.000,9999.000,9999.000
202604300024,   1.875,9999.000,9999.000,9999.000,9999.000,9999.000,9999.000,9999.000,9999.000
202604300030,   1.896,9999.000,9999.000,9999.000,9999.000,9999.000,9999.000,9999.000,9999.000
202604300036,   1.923,9999.000,9999.000,9999.000,9999.000,9999.000,9999.000,9999.000,9999.000
202604300042,   1.957,9999.000,9999.000,9999.000,9999.000,9999.000,9999.000,9999.000,9999.000
202604300048,   1.998,9999.000,9999.000,9999.000,9999.000,9999.000,9999.000,9999.000,9999.000
202604300054,   2.045,9999.000,9999.000,9999.000,9999.000,9999.000,9999.000,9999.000,9999.000
202604300100,   2.099,9999.000,   0.100,  -0.195,   2.004,   0.100,   2.004,   0.100,   2.004
202604300106,   2.160,9999.000,9999.000,9999.000,9999.000,9999.000,9999.000,9999.000,9999.000
202604300112,   2.226,9999.000,9999.000,9999.000,9999.000,9999.000,9999.000,9999.000,9999.000
202604300118,   2.299,9999.000,9999.000,9999.000,9999.000,9999.000,9999.000,9999.000,9999.000
202604300124,   2.377,9999.000,9999.000,9999.000,9999.000,9999.000,9999.000,9999.000,9999.000
202604300130,   2.462,9999.000,9999.000,9999.000,9999.000,9999.000,9999.000,9999.000,9999.000
202604300136,   2.552,9999.000,9999.000,9999.000,9999.000,9999.000,9999.000,9999.000,9999.000
202604300142,   2.647,9999.000,9999.000,9999.000,9999.000,9999.000,9999.000,9999.000,9999.000
202604300148,   2.747,9999.000,9999.000,9999.000,9999.000,9999.000,9999.000,9999.000,9999.000
202604300154,   2.852,9999.000,9999.000,9999.000,9999.000,9999.000,9999.000,9999.000,9999.000
202604300200,   2.962,9999.000,   0.100,  -0.195,   2.867,   0.100,   2.867,   0.100,   2.867
202604300206,   3.076,9999.000,9999.000,9999.000,9999.000,9999.000,9999.000,9999.000,9999.000
202604300212,   3.194,9999.000,9999.000,9999.000,9999.000,9999.000,9999.000,9999.000,9999.000
202604300218,   3.316,9999.000,9999.000,9999.000,9999.000,9999.000,9999.000,9999.000,9999.000
202604300224,   3.442,9999.000,9999.000,9999.000,9999.000,9999.000,9999.000,9999.000,9999.000
202604300230,   3.570,9999.000,9999.000,9999.000,9999.000,9999.000,9999.000,9999.000,9999.000
202604300236,   3.701,9999.000,9999.000,9999.000,9999.000,9999.000,9999.000,9999.000,9999.000
202604300242,   3.835,9999.000,9999.000,9999.000,9999.000,9999.000,9999.000,9999.000,9999.000
202604300248,   3.970,9999.000,9999.000,9999.000,9999.000,9999.000,9999.000,9999.000,9999.000
202604300254,   4.108,9999.000,9999.000,9999.000,9999.000,9999.000,9999.000,9999.000,9999.000
202604300300,   4.247,9999.000,   0.100,  -0.195,   4.152,   0.100,   4.152,   0.100,   4.152
202604300306,   4.387,9999.000,9999.000,9999.000,9999.000,9999.000,9999.000,9999.000,9999.000
202604300312,   4.527,9999.000,9999.000,9999.000,9999.000,9999.000,9999.000,9999.000,9999.000
202604300318,   4.668,9999.000,9999.000,9999.000,9999.000,9999.000,9999.000,9999.000,9999.000
202604300324,   4.809,9999.000,9999.000,9999.000,9999.000,9999.000,9999.000,9999.000,9999.000
202604300330,   4.950,9999.000,9999.000,9999.000,9999.000,9999.000,9999.000,9999.000,9999.000
202604300336,   5.090,9999.000,9999.000,9999.000,9999.000,9999.000,9999.000,9999.000,9999.000
202604300342,   5.228,9999.000,9999.000,9999.000,9999.000,9999.000,9999.000,9999.000,9999.000
202604300348,   5.366,9999.000,9999.000,9999.000,9999.000,9999.000,9999.000,9999.000,9999.000
202604300354,   5.501,9999.000,9999.000,9999.000,9999.000,9999.000,9999.000,9999.000,9999.000
202604300400,   5.634,9999.000,   0.100,  -0.195,   5.539,   0.100,   5.539,   0.100,   5.539
202604300406,   5.765,9999.000,9999.000,9999.000,9999.000,9999.000,9999.000,9999.000,9999.000
202604300412,   5.892,9999.000,9999.000,9999.000,9999.000,9999.000,9999.000,9999.000,9999.000
202604300418,   6.017,9999.000,9999.000,9999.000,9999.000,9999.000,9999.000,9999.000,9999.000
202604300424,   6.138,9999.000,9999.000,9999.000,9999.000,9999.000,9999.000,9999.000,9999.000
202604300430,   6.255,9999.000,9999.000,9999.000,9999.000,9999.000,9999.000,9999.000,9999.000
202604300436,   6.368,9999.000,9999.000,9999.000,9999.000,9999.000,9999.000,9999.000,9999.000
202604300442,   6.476,9999.000,9999.000,9999.000,9999.000,9999.000,9999.000,9999.000,9999.000
202604300448,   6.580,9999.000,9999.000,9999.000,9999.000,9999.000,9999.000,9999.000,9999.000
202604300454,   6.678,9999.000,9999.000,9999.000,9999.000,9999.000,9999.000,9999.000,9999.000
202604300500,   6.771,9999.000,   0.100,  -0.195,   6.676,   0.100,   6.676,   0.100,   6.676
202604300506,   6.858,9999.000,9999.000,9999.000,9999.000,9999.000,9999.000,9999.000,9999.000
202604300512,   6.940,9999.000,9999.000,9999.000,9999.000,9999.000,9999.000,9999.000,9999.000
202604300518,   7.015,9999.000,9999.000,9999.000,9999.000,9999.000,9999.000,9999.000,9999.000
202604300524,   7.084,9999.000,9999.000,9999.000,9999.000,9999.000,9999.000,9999.000,9999.000
202604300530,   7.146,9999.000,9999.000,9999.000,9999.000,9999.000,9999.000,9999.000,9999.000
202604300536,   7.201,9999.000,9999.000,9999.000,9999.000,9999.000,9999.000,9999.000,9999.000
202604300542,   7.249,9999.000,9999.000,9999.000,9999.000,9999.000,9999.000,9999.000,9999.000
202604300548,   7.290,9999.000,9999.000,9999.000,9999.000,9999.000,9999.000,9999.000,9999.000
202604300554,   7.324,9999.000,9999.000,9999.000,9999.000,9999.000,9999.000,9999.000,9999.000
202604300600,   7.350,9999.000,   0.100,  -0.195,   7.255,   0.000,   7.155,   0.100,   7.255
202604300606,   7.368,9999.000,9999.000,9999.000,9999.000,9999.000,9999.000,9999.000,9999.000
202604300612,   7.379,9999.000,9999.000,9999.000,9999.000,9999.000,9999.000,9999.000,9999.000
202604300618,   7.382,9999.000,9999.000,9999.000,9999.000,9999.000,9999.000,9999.000,9999.000
202604300624,   7.377,9999.000,9999.000,9999.000,9999.000,9999.000,9999.000,9999.000,9999.000
202604300630,   7.364,9999.000,9999.000,9999.000,9999.000,9999.000,9999.000,9999.000,9999.000
202604300636,   7.344,9999.000,9999.000,9999.000,9999.000,9999.000,9999.000,9999.000,9999.000
202604300642,   7.315,9999.000,9999.000,9999.000,9999.000,9999.000,9999.000,9999.000,9999.000
202604300648,   7.279,9999.000,9999.000,9999.000,9999.000,9999.000,9999.000,9999.000,9999.000
202604300654,   7.234,9999.000,9999.000,9999.000,9999.000,9999.000,9999.000,9999.000,9999.000
202604300700,   7.182,9999.000,   0.100,  -0.195,   7.087,   0.000,   6.987,   0.100,   7.087
202604300706,   7.122,9999.000,9999.000,9999.000,9999.000,9999.000,9999.000,9999.000,9999.000
202604300712,   7.055,9999.000,9999.000,9999.000,9999.000,9999.000,9999.000,9999.000,9999.000
202604300718,   6.980,9999.000,9999.000,9999.000,9999.000,9999.000,9999.000,9999.000,9999.000
202604300724,   6.898,9999.000,9999.000,9999.000,9999.000,9999.000,9999.000,9999.000,9999.000
202604300730,   6.808,9999.000,9999.000,9999.000,9999.000,9999.000,9999.000,9999.000,9999.000
202604300736,   6.712,9999.000,9999.000,9999.000,9999.000,9999.000,9999.000,9999.000,9999.000
202604300742,   6.609,9999.000,9999.000,9999.000,9999.000,9999.000,9999.000,9999.000,9999.000
202604300748,   6.499,9999.000,9999.000,9999.000,9999.000,9999.000,9999.000,9999.000,9999.000
202604300754,   6.383,9999.000,9999.000,9999.000,9999.000,9999.000,9999.000,9999.000,9999.000
202604300800,   6.260,9999.000,   0.100,  -0.195,   6.165,   0.000,   6.065,   0.100,   6.165
202604300806,   6.132,9999.000,9999.000,9999.000,9999.000,9999.000,9999.000,9999.000,9999.000
202604300812,   5.998,9999.000,9999.000,9999.000,9999.000,9999.000,9999.000,9999.000,9999.000
202604300818,   5.859,9999.000,9999.000,9999.000,9999.000,9999.000,9999.000,9999.000,9999.000
202604300824,   5.715,9999.000,9999.000,9999.000,9999.000,9999.000,9999.000,9999.000,9999.000
202604300830,   5.567,9999.000,9999.000,9999.000,9999.000,9999.000,9999.000,9999.000,9999.000
202604300836,   5.414,9999.000,9999.000,9999.000,9999.000,9999.000,9999.000,9999.000,9999.000
202604300842,   5.257,9999.000,9999.000,9999.000,9999.000,9999.000,9999.000,9999.000,9999.000
202604300848,   5.096,9999.000,9999.000,9999.000,9999.000,9999.000,9999.000,9999.000,9999.000
202604300854,   4.932,9999.000,9999.000,9999.000,9999.000,9999.000,9999.000,9999.000,9999.000
202604300900,   4.765,9999.000,   0.100,  -0.195,   4.670,   0.100,   4.670,   0.200,   4.770
202604300906,   4.595,9999.000,9999.000,9999.000,9999.000,9999.000,9999.000,9999.000,9999.000
202604300912,   4.424,9999.000,9999.000,9999.000,9999.000,9999.000,9999.000,9999.000,9999.000
202604300918,   4.250,9999.000,9999.000,9999.000,9999.000,9999.000,9999.000,9999.000,9999.000
202604300924,   4.075,9999.000,9999.000,9999.000,9999.000,9999.000,9999.000,9999.000,9999.000
202604300930,   3.899,9999.000,9999.000,9999.000,9999.000,9999.000,9999.000,9999.000,9999.000
202604300936,   3.722,9999.000,9999.000,9999.000,9999.000,9999.000,9999.000,9999.000,9999.000
202604300942,   3.545,9999.000,9999.000,9999.000,9999.000,9999.000,9999.000,9999.000,9999.000
202604300948,   3.367,9999.000,9999.000,9999.000,9999.000,9999.000,9999.000,9999.000,9999.000
202604300954,   3.191,9999.000,9999.000,9999.000,9999.000,9999.000,9999.000,9999.000,9999.000
202604301000,   3.015,9999.000,   0.100,  -0.195,   2.920,   0.100,   2.920,   0.200,   3.020
202604301006,   2.840,9999.000,9999.000,9999.000,9999.000,9999.000,9999.000,9999.000,9999.000
202604301012,   2.667,9999.000,9999.000,9999.000,9999.000,9999.000,9999.000,9999.000,9999.000
202604301018,   2.496,9999.000,9999.000,9999.000,9999.000,9999.000,9999.000,9999.000,9999.000
202604301024,   2.328,9999.000,9999.000,9999.000,9999.000,9999.000,9999.000,9999.000,9999.000
202604301030,   2.162,9999.000,9999.000,9999.000,9999.000,9999.000,9999.000,9999.000,9999.000
202604301036,   1.999,9999.000,9999.000,9999.000,9999.000,9999.000,9999.000,9999.000,9999.000
202604301042,   1.840,9999.000,9999.000,9999.000,9999.000,9999.000,9999.000,9999.000,9999.000
202604301048,   1.684,9999.000,9999.000,9999.000,9999.000,9999.000,9999.000,9999.000,9999.000
202604301054,   1.533,9999.000,9999.000,9999.000,9999.000,9999.000,9999.000,9999.000,9999.000
202604301100,   1.386,9999.000,   0.100,  -0.195,   1.291,   0.000,   1.191,   0.200,   1.391
202604301106,   1.244,9999.000,9999.000,9999.000,9999.000,9999.000,9999.000,9999.000,9999.000
202604301112,   1.107,9999.000,9999.000,9999.000,9999.000,9999.000,9999.000,9999.000,9999.000
202604301118,   0.975,9999.000,9999.000,9999.000,9999.000,9999.000,9999.000,9999.000,9999.000
202604301124,   0.849,9999.000,9999.000,9999.000,9999.000,9999.000,9999.000,9999.000,9999.000
202604301130,   0.729,9999.000,9999.000,9999.000,9999.000,9999.000,9999.000,9999.000,9999.000
202604301136,   0.616,9999.000,9999.000,9999.000,9999.000,9999.000,9999.000,9999.000,9999.000
202604301142,   0.509,9999.000,9999.000,9999.000,9999.000,9999.000,9999.000,9999.000,9999.000
202604301148,   0.408,9999.000,9999.000,9999.000,9999.000,9999.000,9999.000,9999.000,9999.000
202604301154,   0.315,9999.000,9999.000,9999.000,9999.000,9999.000,9999.000,9999.000,9999.000
202604301200,   0.229,9999.000,   0.100,  -0.195,   0.134,   0.100,   0.134,   0.200,   0.234
202604301206,   0.150,9999.000,9999.000,9999.000,9999.000,9999.000,9999.000,9999.000,9999.000
202604301212,   0.079,9999.000,9999.000,9999.000,9999.000,9999.000,9999.000,9999.000,9999.000
202604301218,   0.015,9999.000,9999.000,9999.000,9999.000,9999.000,9999.000,9999.000,9999.000
202604301224,  -0.040,9999.000,9999.000,9999.000,9999.000,9999.000,9999.000,9999.000,9999.000
202604301230,  -0.088,9999.000,9999.000,9999.000,9999.000,9999.000,9999.000,9999.000,9999.000
202604301236,  -0.128,9999.000,9999.000,9999.000,9999.000,9999.000,9999.000,9999.000,9999.000
202604301242,  -0.160,9999.000,9999.000,9999.000,9999.000,9999.000,9999.000,9999.000,9999.000
202604301248,  -0.183,9999.000,9999.000,9999.000,9999.000,9999.000,9999.000,9999.000,9999.000
202604301254,  -0.199,9999.000,9999.000,9999.000,9999.000,9999.000,9999.000,9999.000,9999.000
202604301300,  -0.207,9999.000,   0.200,  -0.195,  -0.202,   0.100,  -0.302,   0.200,  -0.202
202604301306,  -0.206,9999.000,9999.000,9999.000,9999.000,9999.000,9999.000,9999.000,9999.000
202604301312,  -0.197,9999.000,9999.000,9999.000,9999.000,9999.000,9999.000,9999.000,9999.000
202604301318,  -0.181,9999.000,9999.000,9999.000,9999.000,9999.000,9999.000,9999.000,9999.000
202604301324,  -0.156,9999.000,9999.000,9999.000,9999.000,9999.000,9999.000,9999.000,9999.000
202604301330,  -0.123,9999.000,9999.000,9999.000,9999.000,9999.000,9999.000,9999.000,9999.000
202604301336,  -0.083,9999.000,9999.000,9999.000,9999.000,9999.000,9999.000,9999.000,9999.000
202604301342,  -0.035,9999.000,9999.000,9999.000,9999.000,9999.000,9999.000,9999.000,9999.000
202604301348,   0.019,9999.000,9999.000,9999.000,9999.000,9999.000,9999.000,9999.000,9999.000
202604301354,   0.081,9999.000,9999.000,9999.000,9999.000,9999.000,9999.000,9999.000,9999.000
202604301400,   0.151,9999.000,   0.200,  -0.195,   0.156,   0.100,   0.056,   0.200,   0.156
202604301406,   0.227,9999.000,9999.000,9999.000,9999.000,9999.000,9999.000,9999.000,9999.000
202604301412,   0.310,9999.000,9999.000,9999.000,9999.000,9999.000,9999.000,9999.000,9999.000
202604301418,   0.399,9999.000,9999.000,9999.000,9999.000,9999.000,9999.000,9999.000,9999.000
202604301424,   0.495,9999.000,9999.000,9999.000,9999.000,9999.000,9999.000,9999.000,9999.000
202604301430,   0.596,9999.000,9999.000,9999.000,9999.000,9999.000,9999.000,9999.000,9999.000
202604301436,   0.703,9999.000,9999.000,9999.000,9999.000,9999.000,9999.000,9999.000,9999.000
202604301442,   0.815,9999.000,9999.000,9999.000,9999.000,9999.000,9999.000,9999.000,9999.000
202604301448,   0.931,9999.000,9999.000,9999.000,9999.000,9999.000,9999.000,9999.000,9999.000
202604301454,   1.053,9999.000,9999.000,9999.000,9999.000,9999.000,9999.000,9999.000,9999.000
202604301500,   1.179,9999.000,   0.100,  -0.195,   1.084,   0.100,   1.084,   0.200,   1.184
202604301506,   1.308,9999.000,9999.000,9999.000,9999.000,9999.000,9999.000,9999.000,9999.000
202604301512,   1.442,9999.000,9999.000,9999.000,9999.000,9999.000,9999.000,9999.000,9999.000
202604301518,   1.578,9999.000,9999.000,9999.000,9999.000,9999.000,9999.000,9999.000,9999.000
202604301524,   1.718,9999.000,9999.000,9999.000,9999.000,9999.000,9999.000,9999.000,9999.000
202604301530,   1.860,9999.000,9999.000,9999.000,9999.000,9999.000,9999.000,9999.000,9999.000
202604301536,   2.004,9999.000,9999.000,9999.000,9999.000,9999.000,9999.000,9999.000,9999.000
202604301542,   2.150,9999.000,9999.000,9999.000,9999.000,9999.000,9999.000,9999.000,9999.000
202604301548,   2.297,9999.000,9999.000,9999.000,9999.000,9999.000,9999.000,9999.000,9999.000
202604301554,   2.446,9999.000,9999.000,9999.000,9999.000,9999.000,9999.000,9999.000,9999.000
202604301600,   2.595,9999.000,   0.100,  -0.195,   2.500,   0.100,   2.500,   0.200,   2.600
202604301606,   2.744,9999.000,9999.000,9999.000,9999.000,9999.000,9999.000,9999.000,9999.000
202604301612,   2.894,9999.000,9999.000,9999.000,9999.000,9999.000,9999.000,9999.000,9999.000
202604301618,   3.043,9999.000,9999.000,9999.000,9999.000,9999.000,9999.000,9999.000,9999.000
202604301624,   3.191,9999.000,9999.000,9999.000,9999.000,9999.000,9999.000,9999.000,9999.000
202604301630,   3.338,9999.000,9999.000,9999.000,9999.000,9999.000,9999.000,9999.000,9999.000
202604301636,   3.484,9999.000,9999.000,9999.000,9999.000,9999.000,9999.000,9999.000,9999.000
202604301642,   3.628,9999.000,9999.000,9999.000,9999.000,9999.000,9999.000,9999.000,9999.000
202604301648,   3.770,9999.000,9999.000,9999.000,9999.000,9999.000,9999.000,9999.000,9999.000
202604301654,   3.909,9999.000,9999.000,9999.000,9999.000,9999.000,9999.000,9999.000,9999.000
202604301700,   4.046,9999.000,   0.200,  -0.195,   4.051,   0.100,   3.951,   0.200,   4.051
202604301706,   4.179,9999.000,9999.000,9999.000,9999.000,9999.000,9999.000,9999.000,9999.000
202604301712,   4.309,9999.000,9999.000,9999.000,9999.000,9999.000,9999.000,9999.000,9999.000
202604301718,   4.435,9999.000,9999.000,9999.000,9999.000,9999.000,9999.000,9999.000,9999.000
202604301724,   4.557,9999.000,9999.000,9999.000,9999.000,9999.000,9999.000,9999.000,9999.000
202604301730,   4.675,9999.000,9999.000,9999.000,9999.000,9999.000,9999.000,9999.000,9999.000
202604301736,   4.788,9999.000,9999.000,9999.000,9999.000,9999.000,9999.000,9999.000,9999.000
202604301742,   4.897,9999.000,9999.000,9999.000,9999.000,9999.000,9999.000,9999.000,9999.000
202604301748,   5.000,9999.000,9999.000,9999.000,9999.000,9999.000,9999.000,9999.000,9999.000
202604301754,   5.098,9999.000,9999.000,9999.000,9999.000,9999.000,9999.000,9999.000,9999.000
202604301800,   5.191,9999.000,   0.200,  -0.195,   5.196,   0.100,   5.096,   0.300,   5.296
202604301806,   5.278,9999.000,9999.000,9999.000,9999.000,9999.000,9999.000,9999.000,9999.000
202604301812,   5.358,9999.000,9999.000,9999.000,9999.000,9999.000,9999.000,9999.000,9999.000
202604301818,   5.433,9999.000,9999.000,9999.000,9999.000,9999.000,9999.000,9999.000,9999.000
202604301824,   5.502,9999.000,9999.000,9999.000,9999.000,9999.000,9999.000,9999.000,9999.000
202604301830,   5.564,9999.000,9999.000,9999.000,9999.000,9999.000,9999.000,9999.000,9999.000
202604301836,   5.620,9999.000,9999.000,9999.000,9999.000,9999.000,9999.000,9999.000,9999.000
202604301842,   5.669,9999.000,9999.000,9999.000,9999.000,9999.000,9999.000,9999.000,9999.000
202604301848,   5.712,9999.000,9999.000,9999.000,9999.000,9999.000,9999.000,9999.000,9999.000
202604301854,   5.748,9999.000,9999.000,9999.000,9999.000,9999.000,9999.000,9999.000,9999.000
202604301900,   5.778,9999.000,   0.200,  -0.195,   5.783,   0.100,   5.683,   0.200,   5.783
202604301906,   5.800,9999.000,9999.000,9999.000,9999.000,9999.000,9999.000,9999.000,9999.000
202604301912,   5.816,9999.000,9999.000,9999.000,9999.000,9999.000,9999.000,9999.000,9999.000
202604301918,   5.825,9999.000,9999.000,9999.000,9999.000,9999.000,9999.000,9999.000,9999.000
202604301924,   5.828,9999.000,9999.000,9999.000,9999.000,9999.000,9999.000,9999.000,9999.000
202604301930,   5.824,9999.000,9999.000,9999.000,9999.000,9999.000,9999.000,9999.000,9999.000
202604301936,   5.814,9999.000,9999.000,9999.000,9999.000,9999.000,9999.000,9999.000,9999.000
202604301942,   5.797,9999.000,9999.000,9999.000,9999.000,9999.000,9999.000,9999.000,9999.000
202604301948,   5.774,9999.000,9999.000,9999.000,9999.000,9999.000,9999.000,9999.000,9999.000
202604301954,   5.744,9999.000,9999.000,9999.000,9999.000,9999.000,9999.000,9999.000,9999.000
202604302000,   5.709,9999.000,   0.100,  -0.195,   5.614,   0.100,   5.614,   0.200,   5.714
202604302006,   5.668,9999.000,9999.000,9999.000,9999.000,9999.000,9999.000,9999.000,9999.000
202604302012,   5.621,9999.000,9999.000,9999.000,9999.000,9999.000,9999.000,9999.000,9999.000
202604302018,   5.569,9999.000,9999.000,9999.000,9999.000,9999.000,9999.000,9999.000,9999.000
202604302024,   5.511,9999.000,9999.000,9999.000,9999.000,9999.000,9999.000,9999.000,9999.000
202604302030,   5.449,9999.000,9999.000,9999.000,9999.000,9999.000,9999.000,9999.000,9999.000
202604302036,   5.382,9999.000,9999.000,9999.000,9999.000,9999.000,9999.000,9999.000,9999.000
202604302042,   5.310,9999.000,9999.000,9999.000,9999.000,9999.000,9999.000,9999.000,9999.000
202604302048,   5.234,9999.000,9999.000,9999.000,9999.000,9999.000,9999.000,9999.000,9999.000
202604302054,   5.155,9999.000,9999.000,9999.000,9999.000,9999.000,9999.000,9999.000,9999.000
202604302100,   5.071,9999.000,   0.200,  -0.195,   5.076,   0.100,   4.976,   0.200,   5.076
202604302106,   4.984,9999.000,9999.000,9999.000,9999.000,9999.000,9999.000,9999.000,9999.000
202604302112,   4.894,9999.000,9999.000,9999.000,9999.000,9999.000,9999.000,9999.000,9999.000
202604302118,   4.801,9999.000,9999.000,9999.000,9999.000,9999.000,9999.000,9999.000,9999.000
202604302124,   4.706,9999.000,9999.000,9999.000,9999.000,9999.000,9999.000,9999.000,9999.000
202604302130,   4.609,9999.000,9999.000,9999.000,9999.000,9999.000,9999.000,9999.000,9999.000
202604302136,   4.510,9999.000,9999.000,9999.000,9999.000,9999.000,9999.000,9999.000,9999.000
202604302142,   4.409,9999.000,9999.000,9999.000,9999.000,9999.000,9999.000,9999.000,9999.000
202604302148,   4.308,9999.000,9999.000,9999.000,9999.000,9999.000,9999.000,9999.000,9999.000
202604302154,   4.205,9999.000,9999.000,9999.000,9999.000,9999.000,9999.000,9999.000,9999.000
202604302200,   4.102,9999.000,   0.200,  -0.195,   4.107,   0.100,   4.007,   0.300,   4.207
202604302206,   3.999,9999.000,9999.000,9999.000,9999.000,9999.000,9999.000,9999.000,9999.000
202604302212,   3.896,9999.000,9999.000,9999.000,9999.000,9999.000,9999.000,9999.000,9999.000
202604302218,   3.793,9999.000,9999.000,9999.000,9999.000,9999.000,9999.000,9999.000,9999.000
202604302224,   3.692,9999.000,9999.000,9999.000,9999.000,9999.000,9999.000,9999.000,9999.000
202604302230,   3.591,9999.000,9999.000,9999.000,9999.000,9999.000,9999.000,9999.000,9999.000
202604302236,   3.493,9999.000,9999.000,9999.000,9999.000,9999.000,9999.000,9999.000,9999.000
202604302242,   3.395,9999.000,9999.000,9999.000,9999.000,9999.000,9999.000,9999.000,9999.000
202604302248,   3.301,9999.000,9999.000,9999.000,9999.000,9999.000,9999.000,9999.000,9999.000
202604302254,   3.208,9999.000,9999.000,9999.000,9999.000,9999.000,9999.000,9999.000,9999.000
202604302300,   3.118,9999.000,   0.200,  -0.195,   3.123,   0.100,   3.023,   0.300,   3.223
202604302306,   3.032,9999.000,9999.000,9999.000,9999.000,9999.000,9999.000,9999.000,9999.000
202604302312,   2.949,9999.000,9999.000,9999.000,9999.000,9999.000,9999.000,9999.000,9999.000
202604302318,   2.869,9999.000,9999.000,9999.000,9999.000,9999.000,9999.000,9999.000,9999.000
202604302324,   2.793,9999.000,9999.000,9999.000,9999.000,9999.000,9999.000,9999.000,9999.000
202604302330,   2.722,9999.000,9999.000,9999.000,9999.000,9999.000,9999.000,9999.000,9999.000
202604302336,   2.655,9999.000,9999.000,9999.000,9999.000,9999.000,9999.000,9999.000,9999.000
202604302342,   2.592,9999.000,9999.000,9999.000,9999.000,9999.000,9999.000,9999.000,9999.000
202604302348,   2.535,9999.000,9999.000,9999.000,9999.000,9999.000,9999.000,9999.000,9999.000
202604302354,   2.483,9999.000,9999.000,9999.000,9999.000,9999.000,9999.000,9999.000,9999.000
202605010000,   2.436,9999.000,   0.200,  -0.195,   2.441,   0.100,   2.341,   0.300,   2.541
202605010006,   2.394,9999.000,9999.000,9999.000,9999.000,9999.000,9999.000,9999.000,9999.000
202605010012,   2.359,9999.000,9999.000,9999.000,9999.000,9999.000,9999.000,9999.000,9999.000
202605010018,   2.329,9999.000,9999.000,9999.000,9999.000,9999.000,9999.000,9999.000,9999.000
202605010024,   2.305,9999.000,9999.000,9999.000,9999.000,9999.000,9999.000,9999.000,9999.000
202605010030,   2.287,9999.000,9999.000,9999.000,9999.000,9999.000,9999.000,9999.000,9999.000
202605010036,   2.276,9999.000,9999.000,9999.000,9999.000,9999.000,9999.000,9999.000,9999.000
202605010042,   2.271,9999.000,9999.000,9999.000,9999.000,9999.000,9999.000,9999.000,9999.000
202605010048,   2.272,9999.000,9999.000,9999.000,9999.000,9999.000,9999.000,9999.000,9999.000
202605010054,   2.280,9999.000,9999.000,9999.000,9999.000,9999.000,9999.000,9999.000,9999.000
202605010100,   2.294,9999.000,   0.200,  -0.195,   2.299,   0.100,   2.199,   0.300,   2.399
202605010106,   2.315,9999.000,9999.000,9999.000,9999.000,9999.000,9999.000,9999.000,9999.000
202605010112,   2.343,9999.000,9999.000,9999.000,9999.000,9999.000,9999.000,9999.000,9999.000
202605010118,   2.376,9999.000,9999.000,9999.000,9999.000,9999.000,9999.000,9999.000,9999.000
202605010124,   2.417,9999.000,9999.000,9999.000,9999.000,9999.000,9999.000,9999.000,9999.000
202605010130,   2.463,9999.000,9999.000,9999.000,9999.000,9999.000,9999.000,9999.000,9999.000
202605010136,   2.516,9999.000,9999.000,9999.000,9999.000,9999.000,9999.000,9999.000,9999.000
202605010142,   2.575,9999.000,9999.000,9999.000,9999.000,9999.000,9999.000,9999.000,9999.000
202605010148,   2.640,9999.000,9999.000,9999.000,9999.000,9999.000,9999.000,9999.000,9999.000
202605010154,   2.711,9999.000,9999.000,9999.000,9999.000,9999.000,9999.000,9999.000,9999.000
202605010200,   2.788,9999.000,   0.200,  -0.195,   2.793,   0.100,   2.693,   0.300,   2.893
202605010206,   2.870,9999.000,9999.000,9999.000,9999.000,9999.000,9999.000,9999.000,9999.000
202605010212,   2.958,9999.000,9999.000,9999.000,9999.000,9999.000,9999.000,9999.000,9999.000
202605010218,   3.051,9999.000,9999.000,9999.000,9999.000,9999.000,9999.000,9999.000,9999.000
202605010224,   3.148,9999.000,9999.000,9999.000,9999.000,9999.000,9999.000,9999.000,9999.000
202605010230,   3.251,9999.000,9999.000,9999.000,9999.000,9999.000,9999.000,9999.000,9999.000
202605010236,   3.358,9999.000,9999.000,9999.000,9999.000,9999.000,9999.000,9999.000,9999.000
202605010242,   3.468,9999.000,9999.000,9999.000,9999.000,9999.000,9999.000,9999.000,9999.000
202605010248,   3.583,9999.000,9999.000,9999.000,9999.000,9999.000,9999.000,9999.000,9999.000
202605010254,   3.701,9999.000,9999.000,9999.000,9999.000,9999.000,9999.000,9999.000,9999.000
202605010300,   3.823,9999.000,   0.100,  -0.195,   3.728,   0.100,   3.728,   0.200,   3.828
202605010306,   3.947,9999.000,9999.000,9999.000,9999.000,9999.000,9999.000,9999.000,9999.000
202605010312,   4.074,9999.000,9999.000,9999.000,9999.000,9999.000,9999.000,9999.000,9999.000
202605010318,   4.203,9999.000,9999.000,9999.000,9999.000,9999.000,9999.000,9999.000,9999.000
202605010324,   4.334,9999.000,9999.000,9999.000,9999.000,9999.000,9999.000,9999.000,9999.000
202605010330,   4.467,9999.000,9999.000,9999.000,9999.000,9999.000,9999.000,9999.000,9999.000
202605010336,   4.600,9999.000,9999.000,9999.000,9999.000,9999.000,9999.000,9999.000,9999.000
202605010342,   4.735,9999.000,9999.000,9999.000,9999.000,9999.000,9999.000,9999.000,9999.000
202605010348,   4.870,9999.000,9999.000,9999.000,9999.000,9999.000,9999.000,9999.000,9999.000
202605010354,   5.005,9999.000,9999.000,9999.000,9999.000,9999.000,9999.000,9999.000,9999.000
202605010400,   5.139,9999.000,   0.100,  -0.195,   5.044,   0.100,   5.044,   0.200,   5.144
202605010406,   5.274,9999.000,9999.000,9999.000,9999.000,9999.000,9999.000,9999.000,9999.000
202605010412,   5.407,9999.000,9999.000,9999.000,9999.000,9999.000,9999.000,9999.000,9999.000
202605010418,   5.538,9999.000,9999.000,9999.000,9999.000,9999.000,9999.000,9999.000,9999.000
202605010424,   5.668,9999.000,9999.000,9999.000,9999.000,9999.000,9999.000,9999.000,9999.000
202605010430,   5.796,9999.000,9999.000,9999.000,9999.000,9999.000,9999.000,9999.000,9999.000
202605010436,   5.922,9999.000,9999.000,9999.000,9999.000,9999.000,9999.000,9999.000,9999.000
202605010442,   6.045,9999.000,9999.000,9999.000,9999.000,9999.000,9999.000,9999.000,9999.000
202605010448,   6.164,9999.000,9999.000,9999.000,9999.000,9999.000,9999.000,9999.000,9999.000
202605010454,   6.280,9999.000,9999.000,9999.000,9999.000,9999.000,9999.000,9999.000,9999.000
202605010500,   6.393,9999.000,   0.100,  -0.195,   6.298,   0.100,   6.298,   0.200,   6.398
202605010506,   6.501,9999.000,9999.000,9999.000,9999.000,9999.000,9999.000,9999.000,9999.000
202605010512,   6.605,9999.000,9999.000,9999.000,9999.000,9999.000,9999.000,9999.000,9999.000
202605010518,   6.704,9999.000,9999.000,9999.000,9999.000,9999.000,9999.000,9999.000,9999.000
202605010524,   6.798,9999.000,9999.000,9999.000,9999.000,9999.000,9999.000,9999.000,9999.000
202605010530,   6.887,9999.000,9999.000,9999.000,9999.000,9999.000,9999.000,9999.000,9999.000
202605010536,   6.970,9999.000,9999.000,9999.000,9999.000,9999.000,9999.000,9999.000,9999.000
202605010542,   7.047,9999.000,9999.000,9999.000,9999.000,9999.000,9999.000,9999.000,9999.000
202605010548,   7.118,9999.000,9999.000,9999.000,9999.000,9999.000,9999.000,9999.000,9999.000
202605010554,   7.183,9999.000,9999.000,9999.000,9999.000,9999.000,9999.000,9999.000,9999.000
202605010600,   7.242,9999.000,   0.100,  -0.195,   7.147,   0.100,   7.147,   0.200,   7.247
202605010606,   7.293,9999.000,9999.000,9999.000,9999.000,9999.000,9999.000,9999.000,9999.000
202605010612,   7.338,9999.000,9999.000,9999.000,9999.000,9999.000,9999.000,9999.000,9999.000
202605010618,   7.376,9999.000,9999.000,9999.000,9999.000,9999.000,9999.000,9999.000,9999.000
202605010624,   7.406,9999.000,9999.000,9999.000,9999.000,9999.000,9999.000,9999.000,9999.000
202605010630,   7.429,9999.000,9999.000,9999.000,9999.000,9999.000,9999.000,9999.000,9999.000
202605010636,   7.445,9999.000,9999.000,9999.000,9999.000,9999.000,9999.000,9999.000,9999.000
202605010642,   7.452,9999.000,9999.000,9999.000,9999.000,9999.000,9999.000,9999.000,9999.000
202605010648,   7.452,9999.000,9999.000,9999.000,9999.000,9999.000,9999.000,9999.000,9999.000
202605010654,   7.444,9999.000,9999.000,9999.000,9999.000,9999.000,9999.000,9999.000,9999.000
202605010700,   7.429,9999.000,   0.100,  -0.195,   7.334,   0.000,   7.234,   0.200,   7.434
202605010706,   7.405,9999.000,9999.000,9999.000,9999.000,9999.000,9999.000,9999.000,9999.000
202605010712,   7.374,9999.000,9999.000,9999.000,9999.000,9999.000,9999.000,9999.000,9999.000
202605010718,   7.335,9999.000,9999.000,9999.000,9999.000,9999.000,9999.000,9999.000,9999.000
202605010724,   7.287,9999.000,9999.000,9999.000,9999.000,9999.000,9999.000,9999.000,9999.000
202605010730,   7.232,9999.000,9999.000,9999.000,9999.000,9999.000,9999.000,9999.000,9999.000
202605010736,   7.170,9999.000,9999.000,9999.000,9999.000,9999.000,9999.000,9999.000,9999.000
202605010742,   7.099,9999.000,9999.000,9999.000,9999.000,9999.000,9999.000,9999.000,9999.000
202605010748,   7.021,9999.000,9999.000,9999.000,9999.000,9999.000,9999.000,9999.000,9999.000
202605010754,   6.936,9999.000,9999.000,9999.000,9999.000,9999.000,9999.000,9999.000,9999.000
202605010800,   6.843,9999.000,   0.100,  -0.195,   6.748,   0.000,   6.648,   0.200,   6.848
202605010806,   6.744,9999.000,9999.000,9999.000,9999.000,9999.000,9999.000,9999.000,9999.000
202605010812,   6.637,9999.000,9999.000,9999.000,9999.000,9999.000,9999.000,9999.000,9999.000
202605010818,   6.524,9999.000,9999.000,9999.000,9999.000,9999.000,9999.000,9999.000,9999.000
202605010824,   6.404,9999.000,9999.000,9999.000,9999.000,9999.000,9999.000,9999.000,9999.000
202605010830,   6.278,9999.000,9999.000,9999.000,9999.000,9999.000,9999.000,9999.000,9999.000
202605010836,   6.146,9999.000,9999.000,9999.000,9999.000,9999.000,9999.000,9999.000,9999.000
202605010842,   6.008,9999.000,9999.000,9999.000,9999.000,9999.000,9999.000,9999.000,9999.000
202605010848,   5.865,9999.000,9999.000,9999.000,9999.000,9999.000,9999.000,9999.000,9999.000
202605010854,   5.716,9999.000,9999.000,9999.000,9999.000,9999.000,9999.000,9999.000,9999.000
202605010900,   5.563,9999.000,   0.100,  -0.195,   5.468,   0.100,   5.468,   0.200,   5.568
202605010906,   5.405,9999.000,9999.000,9999.000,9999.000,9999.000,9999.000,9999.000,9999.000
202605010912,   5.243,9999.000,9999.000,9999.000,9999.000,9999.000,9999.000,9999.000,9999.000
202605010918,   5.078,9999.000,9999.000,9999.000,9999.000,9999.000,9999.000,9999.000,9999.000
202605010924,   4.908,9999.000,9999.000,9999.000,9999.000,9999.000,9999.000,9999.000,9999.000
202605010930,   4.736,9999.000,9999.000,9999.000,9999.000,9999.000,9999.000,9999.000,9999.000
202605010936,   4.561,9999.000,9999.000,9999.000,9999.000,9999.000,9999.000,9999.000,9999.000
202605010942,   4.383,9999.000,9999.000,9999.000,9999.000,9999.000,9999.000,9999.000,9999.000
202605010948,   4.203,9999.000,9999.000,9999.000,9999.000,9999.000,9999.000,9999.000,9999.000
202605010954,   4.022,9999.000,9999.000,9999.000,9999.000,9999.000,9999.000,9999.000,9999.000
202605011000,   3.839,9999.000,   0.100,  -0.195,   3.744,   0.100,   3.744,   0.200,   3.844
202605011006,   3.656,9999.000,9999.000,9999.000,9999.000,9999.000,9999.000,9999.000,9999.000
202605011012,   3.472,9999.000,9999.000,9999.000,9999.000,9999.000,9999.000,9999.000,9999.000
202605011018,   3.288,9999.000,9999.000,9999.000,9999.000,9999.000,9999.000,9999.000,9999.000
202605011024,   3.104,9999.000,9999.000,9999.000,9999.000,9999.000,9999.000,9999.000,9999.000
202605011030,   2.921,9999.000,9999.000,9999.000,9999.000,9999.000,9999.000,9999.000,9999.000
202605011036,   2.739,9999.000,9999.000,9999.000,9999.000,9999.000,9999.000,9999.000,9999.000
202605011042,   2.558,9999.000,9999.000,9999.000,9999.000,9999.000,9999.000,9999.000,9999.000
202605011048,   2.379,9999.000,9999.000,9999.000,9999.000,9999.000,9999.000,9999.000,9999.000
202605011054,   2.203,9999.000,9999.000,9999.000,9999.000,9999.000,9999.000,9999.000,9999.000
202605011100,   2.029,9999.000,   0.100,  -0.195,   1.934,   0.100,   1.934,   0.200,   2.034
202605011106,   1.858,9999.000,9999.000,9999.000,9999.000,9999.000,9999.000,9999.000,9999.000
202605011112,   1.690,9999.000,9999.000,9999.000,9999.000,9999.000,9999.000,9999.000,9999.000
202605011118,   1.526,9999.000,9999.000,9999.000,9999.000,9999.000,9999.000,9999.000,9999.000
202605011124,   1.366,9999.000,9999.000,9999.000,9999.000,9999.000,9999.000,9999.000,9999.000
202605011130,   1.211,9999.000,9999.000,9999.000,9999.000,9999.000,9999.000,9999.000,9999.000
202605011136,   1.060,9999.000,9999.000,9999.000,9999.000,9999.000,9999.000,9999.000,9999.000
202605011142,   0.914,9999.000,9999.000,9999.000,9999.000,9999.000,9999.000,9999.000,9999.000
202605011148,   0.773,9999.000,9999.000,9999.000,9999.000,9999.000,9999.000,9999.000,9999.000
202605011154,   0.638,9999.000,9999.000,9999.000,9999.000,9999.000,9999.000,9999.000,9999.000
202605011200,   0.509,9999.000,   0.100,  -0.195,   0.414,   0.000,   0.314,   0.200,   0.514
202605011206,   0.386,9999.000,9999.000,9999.000,9999.000,9999.000,9999.000,9999.000,9999.000
202605011212,   0.270,9999.000,9999.000,9999.000,9999.000,9999.000,9999.000,9999.000,9999.000
202605011218,   0.161,9999.000,9999.000,9999.000,9999.000,9999.000,9999.000,9999.000,9999.000
202605011224,   0.058,9999.000,9999.000,9999.000,9999.000,9999.000,9999.000,9999.000,9999.000
202605011230,  -0.036,9999.000,9999.000,9999.000,9999.000,9999.000,9999.000,9999.000,9999.000
202605011236,  -0.125,9999.000,9999.000,9999.000,9999.000,9999.000,9999.000,9999.000,9999.000
202605011242,  -0.205,9999.000,9999.000,9999.000,9999.000,9999.000,9999.000,9999.000,9999.000
202605011248,  -0.278,9999.000,9999.000,9999.000,9999.000,9999.000,9999.000,9999.000,9999.000
202605011254,  -0.343,9999.000,9999.000,9999.000,9999.000,9999.000,9999.000,9999.000,9999.000
202605011300,  -0.400,9999.000,   0.100,  -0.195,  -0.495,   0.000,  -0.595,   0.200,  -0.395
202605011306,  -0.448,9999.000,9999.000,9999.000,9999.000,9999.000,9999.000,9999.000,9999.000
202605011312,  -0.489,9999.000,9999.000,9999.000,9999.000,9999.000,9999.000,9999.000,9999.000
202605011318,  -0.521,9999.000,9999.000,9999.000,9999.000,9999.000,9999.000,9999.000,9999.000
202605011324,  -0.545,9999.000,9999.000,9999.000,9999.000,9999.000,9999.000,9999.000,9999.000
202605011330,  -0.561,9999.000,9999.000,9999.000,9999.000,9999.000,9999.000,9999.000,9999.000
202605011336,  -0.568,9999.000,9999.000,9999.000,9999.000,9999.000,9999.000,9999.000,9999.000
202605011342,  -0.567,9999.000,9999.000,9999.000,9999.000,9999.000,9999.000,9999.000,9999.000
202605011348,  -0.558,9999.000,9999.000,9999.000,9999.000,9999.000,9999.000,9999.000,9999.000
202605011354,  -0.540,9999.000,9999.000,9999.000,9999.000,9999.000,9999.000,9999.000,9999.000
202605011400,  -0.514,9999.000,   0.200,  -0.195,  -0.509,   0.100,  -0.609,   0.300,  -0.409
202605011406,  -0.480,9999.000,9999.000,9999.000,9999.000,9999.000,9999.000,9999.000,9999.000
202605011412,  -0.439,9999.000,9999.000,9999.000,9999.000,9999.000,9999.000,9999.000,9999.000
202605011418,  -0.389,9999.000,9999.000,9999.000,9999.000,9999.000,9999.000,9999.000,9999.000
202605011424,  -0.332,9999.000,9999.000,9999.000,9999.000,9999.000,9999.000,9999.000,9999.000
202605011430,  -0.267,9999.000,9999.000,9999.000,9999.000,9999.000,9999.000,9999.000,9999.000
202605011436,  -0.195,9999.000,9999.000,9999.000,9999.000,9999.000,9999.000,9999.000,9999.000
202605011442,  -0.116,9999.000,9999.000,9999.000,9999.000,9999.000,9999.000,9999.000,9999.000
202605011448,  -0.030,9999.000,9999.000,9999.000,9999.000,9999.000,9999.000,9999.000,9999.000
202605011454,   0.061,9999.000,9999.000,9999.000,9999.000,9999.000,9999.000,9999.000,9999.000
202605011500,   0.160,9999.000,   0.100,  -0.195,   0.065,   0.100,   0.065,   0.200,   0.165
202605011506,   0.264,9999.000,9999.000,9999.000,9999.000,9999.000,9999.000,9999.000,9999.000
202605011512,   0.375,9999.000,9999.000,9999.000,9999.000,9999.000,9999.000,9999.000,9999.000
202605011518,   0.490,9999.000,9999.000,9999.000,9999.000,9999.000,9999.000,9999.000,9999.000
202605011524,   0.611,9999.000,9999.000,9999.000,9999.000,9999.000,9999.000,9999.000,9999.000
202605011530,   0.737,9999.000,9999.000,9999.000,9999.000,9999.000,9999.000,9999.000,9999.000
202605011536,   0.867,9999.000,9999.000,9999.000,9999.000,9999.000,9999.000,9999.000,9999.000
202605011542,   1.001,9999.000,9999.000,9999.000,9999.000,9999.000,9999.000,9999.000,9999.000
202605011548,   1.139,9999.000,9999.000,9999.000,9999.000,9999.000,9999.000,9999.000,9999.000
202605011554,   1.280,9999.000,9999.000,9999.000,9999.000,9999.000,9999.000,9999.000,9999.000
202605011600,   1.424,9999.000,   0.100,  -0.195,   1.329,   0.000,   1.229,   0.200,   1.429
202605011606,   1.571,9999.000,9999.000,9999.000,9999.000,9999.000,9999.000,9999.000,9999.000
202605011612,   1.720,9999.000,9999.000,9999.000,9999.000,9999.000,9999.000,9999.000,9999.000
202605011618,   1.871,9999.000,9999.000,9999.000,9999.000,9999.000,9999.000,9999.000,9999.000
202605011624,   2.024,9999.000,9999.000,9999.000,9999.000,9999.000,9999.000,9999.000,9999.000
202605011630,   2.177,9999.000,9999.000,9999.000,9999.000,9999.000,9999.000,9999.000,9999.000
202605011636,   2.332,9999.000,9999.000,9999.000,9999.000,9999.000,9999.000,9999.000,9999.000
202605011642,   2.487,9999.000,9999.000,9999.000,9999.000,9999.000,9999.000,9999.000,9999.000
202605011648,   2.641,9999.000,9999.000,9999.000,9999.000,9999.000,9999.000,9999.000,9999.000
202605011654,   2.796,9999.000,9999.000,9999.000,9999.000,9999.000,9999.000,9999.000,9999.000
202605011700,   2.950,9999.000,   0.100,  -0.195,   2.855,   0.000,   2.755,   0.200,   2.955
202605011706,   3.103,9999.000,9999.000,9999.000,9999.000,9999.000,9999.000,9999.000,9999.000
202605011712,   3.254,9999.000,9999.000,9999.000,9999.000,9999.000,9999.000,9999.000,9999.000
202605011718,   3.404,9999.000,9999.000,9999.000,9999.000,9999.000,9999.000,9999.000,9999.000
202605011724,   3.551,9999.000,9999.000,9999.000,9999.000,9999.000,9999.000,9999.000,9999.000
202605011730,   3.696,9999.000,9999.000,9999.000,9999.000,9999.000,9999.000,9999.000,9999.000
202605011736,   3.839,9999.000,9999.000,9999.000,9999.000,9999.000,9999.000,9999.000,9999.000
202605011742,   3.978,9999.000,9999.000,9999.000,9999.000,9999.000,9999.000,9999.000,9999.000
202605011748,   4.114,9999.000,9999.000,9999.000,9999.000,9999.000,9999.000,9999.000,9999.000
202605011754,   4.246,9999.000,9999.000,9999.000,9999.000,9999.000,9999.000,9999.000,9999.000
202605011800,   4.374,9999.000,   0.100,  -0.195,   4.279,   0.100,   4.279,   0.200,   4.379
202605011806,   4.498,9999.000,9999.000,9999.000,9999.000,9999.000,9999.000,9999.000,9999.000
202605011812,   4.618,9999.000,9999.000,9999.000,9999.000,9999.000,9999.000,9999.000,9999.000
202605011818,   4.733,9999.000,9999.000,9999.000,9999.000,9999.000,9999.000,9999.000,9999.000
202605011824,   4.843,9999.000,9999.000,9999.000,9999.000,9999.000,9999.000,9999.000,9999.000
202605011830,   4.947,9999.000,9999.000,9999.000,9999.000,9999.000,9999.000,9999.000,9999.000
202605011836,   5.047,9999.000,9999.000,9999.000,9999.000,9999.000,9999.000,9999.000,9999.000
202605011842,   5.141,9999.000,9999.000,9999.000,9999.000,9999.000,9999.000,9999.000,9999.000
202605011848,   5.229,9999.000,9999.000,9999.000,9999.000,9999.000,9999.000,9999.000,9999.000
202605011854,   5.311,9999.000,9999.000,9999.000,9999.000,9999.000,9999.000,9999.000,9999.000
202605011900,   5.387,9999.000,   0.100,  -0.195,   5.292,   0.100,   5.292,   0.200,   5.392
202605011906,   5.456,9999.000,9999.000,9999.000,9999.000,9999.000,9999.000,9999.000,9999.000
202605011912,   5.520,9999.000,9999.000,9999.000,9999.000,9999.000,9999.000,9999.000,9999.000
202605011918,   5.577,9999.000,9999.000,9999.000,9999.000,9999.000,9999.000,9999.000,9999.000
202605011924,   5.627,9999.000,9999.000,9999.000,9999.000,9999.000,9999.000,9999.000,9999.000
202605011930,   5.671,9999.000,9999.000,9999.000,9999.000,9999.000,9999.000,9999.000,9999.000
202605011936,   5.709,9999.000,9999.000,9999.000,9999.000,9999.000,9999.000,9999.000,9999.000
202605011942,   5.740,9999.000,9999.000,9999.000,9999.000,9999.000,9999.000,9999.000,9999.000
202605011948,   5.764,9999.000,9999.000,9999.000,9999.000,9999.000,9999.000,9999.000,9999.000
202605011954,   5.782,9999.000,9999.000,9999.000,9999.000,9999.000,9999.000,9999.000,9999.000
202605012000,   5.793,9999.000,   0.100,  -0.195,   5.698,   0.000,   5.598,   0.200,   5.798
202605012006,   5.798,9999.000,9999.000,9999.000,9999.000,9999.000,9999.000,9999.000,9999.000
202605012012,   5.796,9999.000,9999.000,9999.000,9999.000,9999.000,9999.000,9999.000,9999.000
202605012018,   5.788,9999.000,9999.000,9999.000,9999.000,9999.000,9999.000,9999.000,9999.000
202605012024,   5.774,9999.000,9999.000,9999.000,9999.000,9999.000,9999.000,9999.000,9999.000
202605012030,   5.754,9999.000,9999.000,9999.000,9999.000,9999.000,9999.000,9999.000,9999.000
202605012036,   5.728,9999.000,9999.000,9999.000,9999.000,9999.000,9999.000,9999.000,9999.000
202605012042,   5.696,9999.000,9999.000,9999.000,9999.000,9999.000,9999.000,9999.000,9999.000
202605012048,   5.658,9999.000,9999.000,9999.000,9999.000,9999.000,9999.000,9999.000,9999.000
202605012054,   5.616,9999.000,9999.000,9999.000,9999.000,9999.000,9999.000,9999.000,9999.000
202605012100,   5.568,9999.000,   0.100,  -0.195,   5.473,   0.100,   5.473,   0.200,   5.573
202605012106,   5.515,9999.000,9999.000,9999.000,9999.000,9999.000,9999.000,9999.000,9999.000
202605012112,   5.457,9999.000,9999.000,9999.000,9999.000,9999.000,9999.000,9999.000,9999.000
202605012118,   5.395,9999.000,9999.000,9999.000,9999.000,9999.000,9999.000,9999.000,9999.000
202605012124,   5.328,9999.000,9999.000,9999.000,9999.000,9999.000,9999.000,9999.000,9999.000
202605012130,   5.258,9999.000,9999.000,9999.000,9999.000,9999.000,9999.000,9999.000,9999.000
202605012136,   5.184,9999.000,9999.000,9999.000,9999.000,9999.000,9999.000,9999.000,9999.000
202605012142,   5.107,9999.000,9999.000,9999.000,9999.000,9999.000,9999.000,9999.000,9999.000
202605012148,   5.026,9999.000,9999.000,9999.000,9999.000,9999.000,9999.000,9999.000,9999.000
202605012154,   4.943,9999.000,9999.000,9999.000,9999.000,9999.000,9999.000,9999.000,9999.000
202605012200,   4.857,9999.000,   0.100,  -0.195,   4.762,   0.100,   4.762,   0.200,   4.862
202605012206,   4.769,9999.000,9999.000,9999.000,9999.000,9999.000,9999.000,9999.000,9999.000
202605012212,   4.680,9999.000,9999.000,9999.000,9999.000,9999.000,9999.000,9999.000,9999.000
202605012218,   4.588,9999.000,9999.000,9999.000,9999.000,9999.000,9999.000,9999.000,9999.000
202605012224,   4.496,9999.000,9999.000,9999.000,9999.000,9999.000,9999.000,9999.000,9999.000
202605012230,   4.402,9999.000,9999.000,9999.000,9999.000,9999.000,9999.000,9999.000,9999.000
202605012236,   4.309,9999.000,9999.000,9999.000,9999.000,9999.000,9999.000,9999.000,9999.000
202605012242,   4.214,9999.000,9999.000,9999.000,9999.000,9999.000,9999.000,9999.000,9999.000
202605012248,   4.120,9999.000,9999.000,9999.000,9999.000,9999.000,9999.000,9999.000,9999.000
202605012254,   4.027,9999.000,9999.000,9999.000,9999.000,9999.000,9999.000,9999.000,9999.000
202605012300,   3.934,9999.000,   0.100,  -0.195,   3.839,   0.100,   3.839,   0.200,   3.939
202605012306,   3.842,9999.000,9999.000,9999.000,9999.000,9999.000,9999.000,9999.000,9999.000
202605012312,   3.751,9999.000,9999.000,9999.000,9999.000,9999.000,9999.000,9999.000,9999.000
202605012318,   3.662,9999.000,9999.000,9999.000,9999.000,9999.000,9999.000,9999.000,9999.000
202605012324,   3.575,9999.000,9999.000,9999.000,9999.000,9999.000,9999.000,9999.000,9999.000
202605012330,   3.491,9999.000,9999.000,9999.000,9999.000,9999.000,9999.000,9999.000,9999.000
202605012336,   3.409,9999.000,9999.000,9999.000,9999.000,9999.000,9999.000,9999.000,9999.000
202605012342,   3.330,9999.000,9999.000,9999.000,9999.000,9999.000,9999.000,9999.000,9999.000
202605012348,   3.254,9999.000,9999.000,9999.000,9999.000,9999.000,9999.000,9999.000,9999.000
202605012354,   3.181,9999.000,9999.000,9999.000,9999.000,9999.000,9999.000,9999.000,9999.000
202605020000,   3.112,9999.000,   0.100,  -0.195,   3.017,   0.100,   3.017,   0.200,   3.117
202605020006,   3.047,9999.000,9999.000,9999.000,9999.000,9999.000,9999.000,9999.000,9999.000
202605020012,   2.986,9999.000,9999.000,9999.000,9999.000,9999.000,9999.000,9999.000,9999.000
202605020018,   2.930,9999.000,9999.000,9999.000,9999.000,9999.000,9999.000,9999.000,9999.000
202605020024,   2.878,9999.000,9999.000,9999.000,9999.000,9999.000,9999.000,9999.000,9999.000
202605020030,   2.831,9999.000,9999.000,9999.000,9999.000,9999.000,9999.000,9999.000,9999.000
202605020036,   2.789,9999.000,9999.000,9999.000,9999.000,9999.000,9999.000,9999.000,9999.000
202605020042,   2.752,9999.000,9999.000,9999.000,9999.000,9999.000,9999.000,9999.000,9999.000
202605020048,   2.721,9999.000,9999.000,9999.000,9999.000,9999.000,9999.000,9999.000,9999.000
202605020054,   2.695,9999.000,9999.000,9999.000,9999.000,9999.000,9999.000,9999.000,9999.000
202605020100,   2.675,9999.000,   0.100,  -0.195,   2.580,   0.100,   2.580,   0.200,   2.680
202605020106,   2.661,9999.000,9999.000,9999.000,9999.000,9999.000,9999.000,9999.000,9999.000
202605020112,   2.652,9999.000,9999.000,9999.000,9999.000,9999.000,9999.000,9999.000,9999.000
202605020118,   2.650,9999.000,9999.000,9999.000,9999.000,9999.000,9999.000,9999.000,9999.000
202605020124,   2.653,9999.000,9999.000,9999.000,9999.000,9999.000,9999.000,9999.000,9999.000
202605020130,   2.663,9999.000,9999.000,9999.000,9999.000,9999.000,9999.000,9999.000,9999.000
202605020136,   2.679,9999.000,9999.000,9999.000,9999.000,9999.000,9999.000,9999.000,9999.000
202605020142,   2.701,9999.000,9999.000,9999.000,9999.000,9999.000,9999.000,9999.000,9999.000
202605020148,   2.729,9999.000,9999.000,9999.000,9999.000,9999.000,9999.000,9999.000,9999.000
202605020154,   2.763,9999.000,9999.000,9999.000,9999.000,9999.000,9999.000,9999.000,9999.000
202605020200,   2.804,9999.000,   0.100,  -0.195,   2.709,   0.100,   2.709,   0.200,   2.809
202605020206,   2.850,9999.000,9999.000,9999.000,9999.000,9999.000,9999.000,9999.000,9999.000
202605020212,   2.902,9999.000,9999.000,9999.000,9999.000,9999.000,9999.000,9999.000,9999.000
202605020218,   2.960,9999.000,9999.000,9999.000,9999.000,9999.000,9999.000,9999.000,9999.000
202605020224,   3.024,9999.000,9999.000,9999.000,9999.000,9999.000,9999.000,9999.000,9999.000
202605020230,   3.093,9999.000,9999.000,9999.000,9999.000,9999.000,9999.000,9999.000,9999.000
202605020236,   3.168,9999.000,9999.000,9999.000,9999.000,9999.000,9999.000,9999.000,9999.000
202605020242,   3.248,9999.000,9999.000,9999.000,9999.000,9999.000,9999.000,9999.000,9999.000
202605020248,   3.333,9999.000,9999.000,9999.000,9999.000,9999.000,9999.000,9999.000,9999.000
202605020254,   3.422,9999.000,9999.000,9999.000,9999.000,9999.000,9999.000,9999.000,9999.000
202605020300,   3.517,9999.000,   0.100,  -0.195,   3.422,   0.100,   3.422,   0.200,   3.522
202605020306,   3.615,9999.000,9999.000,9999.000,9999.000,9999.000,9999.000,9999.000,9999.000
202605020312,   3.718,9999.000,9999.000,9999.000,9999.000,9999.000,9999.000,9999.000,9999.000
202605020318,   3.824,9999.000,9999.000,9999.000,9999.000,9999.000,9999.000,9999.000,9999.000
202605020324,   3.934,9999.000,9999.000,9999.000,9999.000,9999.000,9999.000,9999.000,9999.000
202605020330,   4.047,9999.000,9999.000,9999.000,9999.000,9999.000,9999.000,9999.000,9999.000
202605020336,   4.163,9999.000,9999.000,9999.000,9999.000,9999.000,9999.000,9999.000,9999.000
202605020342,   4.281,9999.000,9999.000,9999.000,9999.000,9999.000,9999.000,9999.000,9999.000
202605020348,   4.402,9999.000,9999.000,9999.000,9999.000,9999.000,9999.000,9999.000,9999.000
202605020354,   4.525,9999.000,9999.000,9999.000,9999.000,9999.000,9999.000,9999.000,9999.000
202605020400,   4.649,9999.000,   0.100,  -0.195,   4.554,   0.100,   4.554,   0.200,   4.654
202605020406,   4.774,9999.000,9999.000,9999.000,9999.000,9999.000,9999.000,9999.000,9999.000
202605020412,   4.901,9999.000,9999.000,9999.000,9999.000,9999.000,9999.000,9999.000,9999.000
202605020418,   5.028,9999.000,9999.000,9999.000,9999.000,9999.000,9999.000,9999.000,9999.000
202605020424,   5.154,9999.000,9999.000,9999.000,9999.000,9999.000,9999.000,9999.000,9999.000
202605020430,   5.281,9999.000,9999.000,9999.000,9999.000,9999.000,9999.000,9999.000,9999.000
202605020436,   5.407,9999.000,9999.000,9999.000,9999.000,9999.000,9999.000,9999.000,9999.000
202605020442,   5.533,9999.000,9999.000,9999.000,9999.000,9999.000,9999.000,9999.000,9999.000
202605020448,   5.657,9999.000,9999.000,9999.000,9999.000,9999.000,9999.000,9999.000,9999.000
202605020454,   5.779,9999.000,9999.000,9999.000,9999.000,9999.000,9999.000,9999.000,9999.000
202605020500,   5.899,9999.000,   0.100,  -0.195,   5.804,   0.100,   5.804,   0.200,   5.904
202605020506,   6.017,9999.000,9999.000,9999.000,9999.000,9999.000,9999.000,9999.000,9999.000
202605020512,   6.133,9999.000,9999.000,9999.000,9999.000,9999.000,9999.000,9999.000,9999.000
202605020518,   6.245,9999.000,9999.000,9999.000,9999.000,9999.000,9999.000,9999.000,9999.000
202605020524,   6.354,9999.000,9999.000,9999.000,9999.000,9999.000,9999.000,9999.000,9999.000
202605020530,   6.460,9999.000,9999.000,9999.000,9999.000,9999.000,9999.000,9999.000,9999.000
202605020536,   6.561,9999.000,9999.000,9999.000,9999.000,9999.000,9999.000,9999.000,9999.000
202605020542,   6.658,9999.000,9999.000,9999.000,9999.000,9999.000,9999.000,9999.000,9999.000
202605020548,   6.751,9999.000,9999.000,9999.000,9999.000,9999.000,9999.000,9999.000,9999.000
202605020554,   6.839,9999.000,9999.000,9999.000,9999.000,9999.000,9999.000,9999.000,9999.000
202605020600,   6.922,9999.000,   0.100,  -0.195,   6.827,   0.000,   6.727,   0.200,   6.927
