        TIME,    TIDE,      OB,   SURGE,    BIAS,     TWL,SURGE90p,  TWL90p,SURGE10p,   TWL10p
202607040000,   0.207,9999.000,   0.100,9999.000,   0.307,   0.100,   0.307,   0.200,   0.407
202607040006,   0.243,9999.000,9999.000,9999.000,9999.000,9999.000,9999.000,9999.000,9999.000
202607040012,   0.284,9999.000,9999.000,9999.000,9999.000,9999.000,9999.000,9999.000,9999.000
202607040018,   0.328,9999.000,9999.000,9999.000,9999.000,9999.000,9999.000,9999.000,9999.000
202607040024,   0.375,9999.000,9999.000,9999.000,9999.000,9999.000,9999.000,9999.000,9999.000
202607040030,   0.426,9999.000,9999.000,9999.000,9999.000,9999.000,9999.000,9999.000,9999.000
202607040036,   0.480,9999.000,9999.000,9999.000,9999.000,9999.000,9999.000,9999.000,9999.000
202607040042,   0.537,9999.000,9999.000,9999.000,9999.000,9999.000,9999.000,9999.000,9999.000
202607040048,   0.597,9999.000,9999.000,9999.000,9999.000,9999.000,9999.000,9999.000,9999.000
202607040054,   0.660,9999.000,9999.000,9999.000,9999.000,9999.000,9999.000,9999.000,9999.000
202607040100,   0.724,   2.059,   0.100,   1.235,   2.059,   0.100,   2.059,   0.200,   2.159
202607040106,   0.790,   2.128,9999.000,9999.000,9999.000,9999.000,9999.000,9999.000,9999.000
202607040112,   0.858,   2.191,9999.000,9999.000,9999.000,9999.000,9999.000,9999.000,9999.000
202607040118,   0.926,   2.240,9999.000,9999.000,9999.000,9999.000,9999.000,9999.000,9999.000
202607040124,   0.996,   2.309,9999.000,9999.000,9999.000,9999.000,9999.000,9999.000,9999.000
202607040130,   1.065,   2.368,9999.000,9999.000,9999.000,9999.000,9999.000,9999.000,9999.000
202607040136,   1.135,   2.430,9999.000,9999.000,9999.000,9999.000,9999.000,9999.000,9999.000
202607040142,   1.204,   2.489,9999.000,9999.000,9999.000,9999.000,9999.000,9999.000,9999.000
202607040148,   1.273,   2.558,9999.000,9999.000,9999.000,9999.000,9999.000,9999.000,9999.000
202607040154,   1.340,   2.620,9999.000,9999.000,9999.000,9999.000,9999.000,9999.000,9999.000
202607040200,   1.406,   2.689,   0.100,   1.183,   2.689,   0.100,   2.689,   0.200,   2.789
202607040206,   1.471,   2.758,9999.000,9999.000,9999.000,9999.000,9999.000,9999.000,9999.000
202607040212,   1.533,   2.830,9999.000,9999.000,9999.000,9999.000,9999.000,9999.000,9999.000
202607040218,   1.594,   2.889,9999.000,9999.000,9999.000,9999.000,9999.000,9999.000,9999.000
202607040224,   1.652,   2.948,9999.000,9999.000,9999.000,9999.000,9999.000,9999.000,9999.000
202607040230,   1.708,   3.017,9999.000,9999.000,9999.000,9999.000,9999.000,9999.000,9999.000
202607040236,   1.762,   3.070,9999.000,9999.000,9999.000,9999.000,9999.000,9999.000,9999.000
202607040242,   1.813,   3.129,9999.000,9999.000,9999.000,9999.000,9999.000,9999.000,9999.000
202607040248,   1.862,   3.178,9999.000,9999.000,9999.000,9999.000,9999.000,9999.000,9999.000
202607040254,   1.908,   3.230,9999.000,9999.000,9999.000,9999.000,9999.000,9999.000,9999.000
202607040300,   1.951,   3.279,   0.100,   1.228,   3.279,   0.100,   3.279,   0.200,   3.379
202607040306,   1.992,   3.339,9999.000,9999.000,9999.000,9999.000,9999.000,9999.000,9999.000
202607040312,   2.031,   3.388,9999.000,9999.000,9999.000,9999.000,9999.000,9999.000,9999.000
202607040318,   2.067,   3.440,9999.000,9999.000,9999.000,9999.000,9999.000,9999.000,9999.000
202607040324,   2.101,   3.499,9999.000,9999.000,9999.000,9999.000,9999.000,9999.000,9999.000
202607040330,   2.132,   3.519,9999.000,9999.000,9999.000,9999.000,9999.000,9999.000,9999.000
202607040336,   2.161,   3.558,9999.000,9999.000,9999.000,9999.000,9999.000,9999.000,9999.000
202607040342,   2.187,   3.598,9999.000,9999.000,9999.000,9999.000,9999.000,9999.000,9999.000
202607040348,   2.211,   3.627,9999.000,9999.000,9999.000,9999.000,9999.000,9999.000,9999.000
202607040354,   2.233,   3.660,9999.000,9999.000,9999.000,9999.000,9999.000,9999.000,9999.000
202607040400,   2.252,   3.699,   0.100,   1.347,   3.699,   0.100,   3.699,   0.200,   3.799
202607040406,   2.269,   3.709,9999.000,9999.000,9999.000,9999.000,9999.000,9999.000,9999.000
202607040412,   2.283,   3.729,9999.000,9999.000,9999.000,9999.000,9999.000,9999.000,9999.000
202607040418,   2.294,   3.749,9999.000,9999.000,9999.000,9999.000,9999.000,9999.000,9999.000
202607040424,   2.303,   3.758,9999.000,9999.000,9999.000,9999.000,9999.000,9999.000,9999.000
202607040430,   2.309,   3.778,9999.000,9999.000,9999.000,9999.000,9999.000,9999.000,9999.000
202607040436,   2.313,   3.798,9999.000,9999.000,9999.000,9999.000,9999.000,9999.000,9999.000
202607040442,   2.313,   3.860,9999.000,9999.000,9999.000,9999.000,9999.000,9999.000,9999.000
202607040448,   2.310,   3.860,9999.000,9999.000,9999.000,9999.000,9999.000,9999.000,9999.000
202607040454,   2.304,   3.880,9999.000,9999.000,9999.000,9999.000,9999.000,9999.000,9999.000
202607040500,   2.295,   3.890,   0.100,   1.495,   3.890,   0.100,   3.890,   0.200,   3.990
202607040506,   2.282,   3.890,9999.000,9999.000,9999.000,9999.000,9999.000,9999.000,9999.000
202607040512,   2.267,   3.870,9999.000,9999.000,9999.000,9999.000,9999.000,9999.000,9999.000
202607040518,   2.248,   3.847,9999.000,9999.000,9999.000,9999.000,9999.000,9999.000,9999.000
202607040524,   2.225,   3.798,9999.000,9999.000,9999.000,9999.000,9999.000,9999.000,9999.000
202607040530,   2.200,   3.758,9999.000,9999.000,9999.000,9999.000,9999.000,9999.000,9999.000
202607040536,   2.172,   3.689,9999.000,9999.000,9999.000,9999.000,9999.000,9999.000,9999.000
202607040542,   2.140,   3.529,9999.000,9999.000,9999.000,9999.000,9999.000,9999.000,9999.000
202607040548,   2.106,   3.450,9999.000,9999.000,9999.000,9999.000,9999.000,9999.000,9999.000
202607040554,   2.069,   3.319,9999.000,9999.000,9999.000,9999.000,9999.000,9999.000,9999.000
202607040600,   2.030,   3.230,   0.200,   1.000,   3.230,   0.100,   3.130,   0.200,   3.230
202607040606,   1.988,   3.158,9999.000,9999.000,9999.000,9999.000,9999.000,9999.000,9999.000
202607040612,   1.945,   3.099,9999.000,9999.000,9999.000,9999.000,9999.000,9999.000,9999.000
202607040618,   1.900,   3.070,9999.000,9999.000,9999.000,9999.000,9999.000,9999.000,9999.000
202607040624,   1.853,   3.070,9999.000,9999.000,9999.000,9999.000,9999.000,9999.000,9999.000
202607040630,   1.806,   3.050,9999.000,9999.000,9999.000,9999.000,9999.000,9999.000,9999.000
202607040636,   1.757,   3.017,9999.000,9999.000,9999.000,9999.000,9999.000,9999.000,9999.000
202607040642,   1.708,   2.978,9999.000,9999.000,9999.000,9999.000,9999.000,9999.000,9999.000
202607040648,   1.659,   2.938,9999.000,9999.000,9999.000,9999.000,9999.000,9999.000,9999.000
202607040654,   1.610,   2.899,9999.000,9999.000,9999.000,9999.000,9999.000,9999.000,9999.000
202607040700,   1.561,   2.850,   0.200,   1.089,   2.850,   0.100,   2.750,   0.200,   2.850
202607040706,   1.512,   2.807,9999.000,9999.000,9999.000,9999.000,9999.000,9999.000,9999.000
202607040712,   1.464,   2.758,9999.000,9999.000,9999.000,9999.000,9999.000,9999.000,9999.000
202607040718,   1.416,   2.728,9999.000,9999.000,9999.000,9999.000,9999.000,9999.000,9999.000
202607040724,   1.370,   2.689,9999.000,9999.000,9999.000,9999.000,9999.000,9999.000,9999.000
202607040730,   1.324,   2.660,9999.000,9999.000,9999.000,9999.000,9999.000,9999.000,9999.000
202607040736,   1.279,   2.620,9999.000,9999.000,9999.000,9999.000,9999.000,9999.000,9999.000
202607040742,   1.236,   2.578,9999.000,9999.000,9999.000,9999.000,9999.000,9999.000,9999.000
202607040748,   1.193,   2.548,9999.000,9999.000,9999.000,9999.000,9999.000,9999.000,9999.000
202607040754,   1.151,   2.489,9999.000,9999.000,9999.000,9999.000,9999.000,9999.000,9999.000
202607040800,   1.110,   2.459,   0.200,   1.149,   2.459,   0.100,   2.359,   0.200,   2.459
202607040806,   1.070,   2.420,9999.000,9999.000,9999.000,9999.000,9999.000,9999.000,9999.000
202607040812,   1.031,   2.358,9999.000,9999.000,9999.000,9999.000,9999.000,9999.000,9999.000
202607040818,   0.993,   2.318,9999.000,9999.000,9999.000,9999.000,9999.000,9999.000,9999.000
202607040824,   0.955,   2.269,9999.000,9999.000,9999.000,9999.000,9999.000,9999.000,9999.000
202607040830,   0.918,   2.230,9999.000,9999.000,9999.000,9999.000,9999.000,9999.000,9999.000
202607040836,   0.881,   2.168,9999.000,9999.000,9999.000,9999.000,9999.000,9999.000,9999.000
202607040842,   0.844,   2.128,9999.000,9999.000,9999.000,9999.000,9999.000,9999.000,9999.000
202607040848,   0.808,   2.089,9999.000,9999.000,9999.000,9999.000,9999.000,9999.000,9999.000
202607040854,   0.773,   2.040,9999.000,9999.000,9999.000,9999.000,9999.000,9999.000,9999.000
202607040900,   0.737,   2.000,   0.200,   1.063,   2.000,   0.100,   1.900,   0.200,   2.000
202607040906,   0.702,   1.948,9999.000,9999.000,9999.000,9999.000,9999.000,9999.000,9999.000
202607040912,   0.667,   1.899,9999.000,9999.000,9999.000,9999.000,9999.000,9999.000,9999.000
202607040918,   0.632,   1.849,9999.000,9999.000,9999.000,9999.000,9999.000,9999.000,9999.000
202607040924,   0.597,   1.790,9999.000,9999.000,9999.000,9999.000,9999.000,9999.000,9999.000
202607040930,   0.562,   1.728,9999.000,9999.000,9999.000,9999.000,9999.000,9999.000,9999.000
202607040936,   0.527,   1.669,9999.000,9999.000,9999.000,9999.000,9999.000,9999.000,9999.000
202607040942,   0.493,   1.630,9999.000,9999.000,9999.000,9999.000,9999.000,9999.000,9999.000
202607040948,   0.459,   1.571,9999.000,9999.000,9999.000,9999.000,9999.000,9999.000,9999.000
202607040954,   0.426,   1.538,9999.000,9999.000,9999.000,9999.000,9999.000,9999.000,9999.000
202607041000,   0.392,   1.479,   0.200,   0.887,   1.479,   0.100,   1.379,   0.200,   1.479
202607041006,   0.360,   1.439,9999.000,9999.000,9999.000,9999.000,9999.000,9999.000,9999.000
202607041012,   0.328,   1.400,9999.000,9999.000,9999.000,9999.000,9999.000,9999.000,9999.000
202607041018,   0.298,   1.361,9999.000,9999.000,9999.000,9999.000,9999.000,9999.000,9999.000
202607041024,   0.268,   1.338,9999.000,9999.000,9999.000,9999.000,9999.000,9999.000,9999.000
202607041030,   0.239,   1.308,9999.000,9999.000,9999.000,9999.000,9999.000,9999.000,9999.000
202607041036,   0.212,   1.279,9999.000,9999.000,9999.000,9999.000,9999.000,9999.000,9999.000
202607041042,   0.186,   1.259,9999.000,9999.000,9999.000,9999.000,9999.000,9999.000,9999.000
202607041048,   0.162,   1.229,9999.000,9999.000,9999.000,9999.000,9999.000,9999.000,9999.000
202607041054,   0.139,   1.210,9999.000,9999.000,9999.000,9999.000,9999.000,9999.000,9999.000
202607041100,   0.119,   1.200,   0.200,   0.881,   1.200,   0.100,   1.100,   0.200,   1.200
202607041106,   0.100,   1.190,9999.000,9999.000,9999.000,9999.000,9999.000,9999.000,9999.000
202607041112,   0.084,   1.170,9999.000,9999.000,9999.000,9999.000,9999.000,9999.000,9999.000
202607041118,   0.071,   1.161,9999.000,9999.000,9999.000,9999.000,9999.000,9999.000,9999.000
202607041124,   0.060,   1.138,9999.000,9999.000,9999.000,9999.000,9999.000,9999.000,9999.000
202607041130,   0.052,   1.151,9999.000,9999.000,9999.000,9999.000,9999.000,9999.000,9999.000
202607041136,   0.047,   1.161,9999.000,9999.000,9999.000,9999.000,9999.000,9999.000,9999.000
202607041142,   0.046,   1.161,9999.000,9999.000,9999.000,9999.000,9999.000,9999.000,9999.000
202607041148,   0.048,   1.170,9999.000,9999.000,9999.000,9999.000,9999.000,9999.000,9999.000
202607041154,   0.053,   1.161,9999.000,9999.000,9999.000,9999.000,9999.000,9999.000,9999.000
202607041200,   0.062,   1.161,   0.300,   0.799,   1.161,   0.300,   1.161,   0.300,   1.161
202607041206,   0.075,   1.161,9999.000,9999.000,9999.000,9999.000,9999.000,9999.000,9999.000
202607041212,   0.092,   1.161,9999.000,9999.000,9999.000,9999.000,9999.000,9999.000,9999.000
202607041218,   0.112,   1.170,9999.000,9999.000,9999.000,9999.000,9999.000,9999.000,9999.000
202607041224,   0.137,   1.200,9999.000,9999.000,9999.000,9999.000,9999.000,9999.000,9999.000
202607041230,   0.166,   1.229,9999.000,9999.000,9999.000,9999.000,9999.000,9999.000,9999.000
202607041236,   0.198,   1.289,9999.000,9999.000,9999.000,9999.000,9999.000,9999.000,9999.000
202607041242,   0.234,   1.361,9999.000,9999.000,9999.000,9999.000,9999.000,9999.000,9999.000
202607041248,   0.274,   1.439,9999.000,9999.000,9999.000,9999.000,9999.000,9999.000,9999.000
202607041254,   0.318,   1.538,9999.000,9999.000,9999.000,9999.000,9999.000,9999.000,9999.000
202607041300,   0.365,   1.620,   0.300,   0.955,   1.620,   0.300,   1.620,   0.300,   1.620
202607041306,   0.415,   1.699,9999.000,9999.000,9999.000,9999.000,9999.000,9999.000,9999.000
202607041312,   0.468,   1.781,9999.000,9999.000,9999.000,9999.000,9999.000,9999.000,9999.000
202607041318,   0.523,   1.849,9999.000,9999.000,9999.000,9999.000,9999.000,9999.000,9999.000
202607041324,   0.581,   1.918,9999.000,9999.000,9999.000,9999.000,9999.000,9999.000,9999.000
202607041330,   0.641,   2.000,9999.000,9999.000,9999.000,9999.000,9999.000,9999.000,9999.000
202607041336,   0.703,   2.059,9999.000,9999.000,9999.000,9999.000,9999.000,9999.000,9999.000
202607041342,   0.766,   2.138,9999.000,9999.000,9999.000,9999.000,9999.000,9999.000,9999.000
202607041348,   0.829,   2.191,9999.000,9999.000,9999.000,9999.000,9999.000,9999.000,9999.000
202607041354,   0.894,   2.240,9999.000,9999.000,9999.000,9999.000,9999.000,9999.000,9999.000
202607041400,   0.958,   2.279,   0.300,   1.021,   2.279,   0.300,   2.279,   0.300,   2.279
202607041406,   1.022,   2.338,9999.000,9999.000,9999.000,9999.000,9999.000,9999.000,9999.000
202607041412,   1.086,   2.400,9999.000,9999.000,9999.000,9999.000,9999.000,9999.000,9999.000
202607041418,   1.149,   2.450,9999.000,9999.000,9999.000,9999.000,9999.000,9999.000,9999.000
202607041424,   1.210,   2.499,9999.000,9999.000,9999.000,9999.000,9999.000,9999.000,9999.000
202607041430,   1.270,   2.538,9999.000,9999.000,9999.000,9999.000,9999.000,9999.000,9999.000
202607041436,   1.329,   2.597,9999.000,9999.000,9999.000,9999.000,9999.000,9999.000,9999.000
202607041442,   1.386,   2.650,9999.000,9999.000,9999.000,9999.000,9999.000,9999.000,9999.000
202607041448,   1.440,   2.689,9999.000,9999.000,9999.000,9999.000,9999.000,9999.000,9999.000
202607041454,   1.493,   2.719,9999.000,9999.000,9999.000,9999.000,9999.000,9999.000,9999.000
202607041500,   1.543,   2.797,   0.300,   0.954,   2.797,   0.300,   2.797,   0.300,   2.797
202607041506,   1.591,   2.840,9999.000,9999.000,9999.000,9999.000,9999.000,9999.000,9999.000
202607041512,   1.637,   2.899,9999.000,9999.000,9999.000,9999.000,9999.000,9999.000,9999.000
202607041518,   1.680,   2.948,9999.000,9999.000,9999.000,9999.000,9999.000,9999.000,9999.000
202607041524,   1.721,   3.017,9999.000,9999.000,9999.000,9999.000,9999.000,9999.000,9999.000
202607041530,   1.759,   3.070,9999.000,9999.000,9999.000,9999.000,9999.000,9999.000,9999.000
202607041536,   1.795,   3.119,9999.000,9999.000,9999.000,9999.000,9999.000,9999.000,9999.000
202607041542,   1.829,   3.158,9999.000,9999.000,9999.000,9999.000,9999.000,9999.000,9999.000
202607041548,   1.860,   3.207,9999.000,9999.000,9999.000,9999.000,9999.000,9999.000,9999.000
202607041554,   1.889,   3.217,9999.000,9999.000,9999.000,9999.000,9999.000,9999.000,9999.000
202607041600,   1.916,   3.240,   0.300,   1.024,   3.240,   0.300,   3.240,   0.300,   3.240
202607041606,   1.941,   3.289,9999.000,9999.000,9999.000,9999.000,9999.000,9999.000,9999.000
202607041612,   1.964,   3.289,9999.000,9999.000,9999.000,9999.000,9999.000,9999.000,9999.000
202607041618,   1.984,   3.299,9999.000,9999.000,9999.000,9999.000,9999.000,9999.000,9999.000
202607041624,   2.002,   3.319,9999.000,9999.000,9999.000,9999.000,9999.000,9999.000,9999.000
202607041630,   2.018,   3.319,9999.000,9999.000,9999.000,9999.000,9999.000,9999.000,9999.000
202607041636,   2.031,   3.319,9999.000,9999.000,9999.000,9999.000,9999.000,9999.000,9999.000
202607041642,   2.042,   3.329,9999.000,9999.000,9999.000,9999.000,9999.000,9999.000,9999.000
202607041648,   2.051,   3.339,9999.000,9999.000,9999.000,9999.000,9999.000,9999.000,9999.000
202607041654,   2.056,   3.339,9999.000,9999.000,9999.000,9999.000,9999.000,9999.000,9999.000
202607041700,   2.060,   3.329,   0.300,   0.969,   3.329,   0.300,   3.329,   0.300,   3.329
202607041706,   2.060,   3.368,9999.000,9999.000,9999.000,9999.000,9999.000,9999.000,9999.000
202607041712,   2.057,   3.388,9999.000,9999.000,9999.000,9999.000,9999.000,9999.000,9999.000
202607041718,   2.052,   3.398,9999.000,9999.000,9999.000,9999.000,9999.000,9999.000,9999.000
202607041724,   2.044,   3.417,9999.000,9999.000,9999.000,9999.000,9999.000,9999.000,9999.000
202607041730,   2.032,   3.388,9999.000,9999.000,9999.000,9999.000,9999.000,9999.000,9999.000
202607041736,   2.017,   3.358,9999.000,9999.000,9999.000,9999.000,9999.000,9999.000,9999.000
202607041742,   2.000,   3.309,9999.000,9999.000,9999.000,9999.000,9999.000,9999.000,9999.000
202607041748,   1.979,   3.299,9999.000,9999.000,9999.000,9999.000,9999.000,9999.000,9999.000
202607041754,   1.955,   3.260,9999.000,9999.000,9999.000,9999.000,9999.000,9999.000,9999.000
202607041800,   1.928,   3.240,   0.400,   0.912,   3.240,   0.300,   3.140,   0.400,   3.240
202607041806,   1.898,   3.217,9999.000,9999.000,9999.000,9999.000,9999.000,9999.000,9999.000
202607041812,   1.866,   3.188,9999.000,9999.000,9999.000,9999.000,9999.000,9999.000,9999.000
202607041818,   1.831,   3.148,9999.000,9999.000,9999.000,9999.000,9999.000,9999.000,9999.000
202607041824,   1.794,   3.119,9999.000,9999.000,9999.000,9999.000,9999.000,9999.000,9999.000
202607041830,   1.755,   3.079,9999.000,9999.000,9999.000,9999.000,9999.000,9999.000,9999.000
202607041836,   1.714,   2.988,9999.000,9999.000,9999.000,9999.000,9999.000,9999.000,9999.000
202607041842,   1.671,   2.938,9999.000,9999.000,9999.000,9999.000,9999.000,9999.000,9999.000
202607041848,   1.627,   2.850,9999.000,9999.000,9999.000,9999.000,9999.000,9999.000,9999.000
202607041854,   1.582,   2.787,9999.000,9999.000,9999.000,9999.000,9999.000,9999.000,9999.000
202607041900,   1.536,   2.719,   0.400,   0.783,   2.719,   0.300,   2.619,   0.400,   2.719
202607041906,   1.490,   2.669,9999.000,9999.000,9999.000,9999.000,9999.000,9999.000,9999.000
202607041912,   1.444,   2.630,9999.000,9999.000,9999.000,9999.000,9999.000,9999.000,9999.000
202607041918,   1.397,   2.597,9999.000,9999.000,9999.000,9999.000,9999.000,9999.000,9999.000
202607041924,   1.351,   2.568,9999.000,9999.000,9999.000,9999.000,9999.000,9999.000,9999.000
202607041930,   1.305,   2.528,9999.000,9999.000,9999.000,9999.000,9999.000,9999.000,9999.000
202607041936,   1.260,   2.469,9999.000,9999.000,9999.000,9999.000,9999.000,9999.000,9999.000
202607041942,   1.216,   2.430,9999.000,9999.000,9999.000,9999.000,9999.000,9999.000,9999.000
202607041948,   1.172,   2.400,9999.000,9999.000,9999.000,9999.000,9999.000,9999.000,9999.000
202607041954,   1.130,   2.348,9999.000,9999.000,9999.000,9999.000,9999.000,9999.000,9999.000
202607042000,   1.088,   2.318,   0.400,   0.830,   2.318,   0.300,   2.218,   0.400,   2.318
202607042006,   1.048,   2.259,9999.000,9999.000,9999.000,9999.000,9999.000,9999.000,9999.000
202607042012,   1.009,   2.230,9999.000,9999.000,9999.000,9999.000,9999.000,9999.000,9999.000
202607042018,   0.971,   2.168,9999.000,9999.000,9999.000,9999.000,9999.000,9999.000,9999.000
202607042024,   0.933,   2.109,9999.000,9999.000,9999.000,9999.000,9999.000,9999.000,9999.000
202607042030,   0.897,   2.069,9999.000,9999.000,9999.000,9999.000,9999.000,9999.000,9999.000
202607042036,   0.862,   2.020,9999.000,9999.000,9999.000,9999.000,9999.000,9999.000,9999.000
202607042042,   0.828,   1.948,9999.000,9999.000,9999.000,9999.000,9999.000,9999.000,9999.000
202607042048,   0.794,   1.918,9999.000,9999.000,9999.000,9999.000,9999.000,9999.000,9999.000
202607042054,   0.761,   1.879,9999.000,9999.000,9999.000,9999.000,9999.000,9999.000,9999.000
202607042100,   0.728,   1.840,   0.400,   0.712,   1.840,   0.300,   1.740,   0.400,   1.840
202607042106,   0.696,   1.790,9999.000,9999.000,9999.000,9999.000,9999.000,9999.000,9999.000
202607042112,   0.665,   1.738,9999.000,9999.000,9999.000,9999.000,9999.000,9999.000,9999.000
202607042118,   0.633,   1.708,9999.000,9999.000,9999.000,9999.000,9999.000,9999.000,9999.000
202607042124,   0.603,   1.659,9999.000,9999.000,9999.000,9999.000,9999.000,9999.000,9999.000
202607042130,   0.572,   1.630,9999.000,9999.000,9999.000,9999.000,9999.000,9999.000,9999.000
202607042136,   0.541,   1.590,9999.000,9999.000,9999.000,9999.000,9999.000,9999.000,9999.000
202607042142,   0.511,   1.538,9999.000,9999.000,9999.000,9999.000,9999.000,9999.000,9999.000
202607042148,   0.481,   1.508,9999.000,9999.000,9999.000,9999.000,9999.000,9999.000,9999.000
202607042154,   0.451,   1.459,9999.000,9999.000,9999.000,9999.000,9999.000,9999.000,9999.000
202607042200,   0.421,   1.420,   0.400,   0.599,   1.420,   0.400,   1.420,   0.400,   1.420
202607042206,   0.392,   1.390,9999.000,9999.000,9999.000,9999.000,9999.000,9999.000,9999.000
202607042212,   0.363,   1.338,9999.000,9999.000,9999.000,9999.000,9999.000,9999.000,9999.000
202607042218,   0.335,   1.328,9999.000,9999.000,9999.000,9999.000,9999.000,9999.000,9999.000
202607042224,   0.307,   1.308,9999.000,9999.000,9999.000,9999.000,9999.000,9999.000,9999.000
202607042230,   0.280,   1.289,9999.000,9999.000,9999.000,9999.000,9999.000,9999.000,9999.000
202607042236,   0.253,   1.269,9999.000,9999.000,9999.000,9999.000,9999.000,9999.000,9999.000
202607042242,   0.227,   1.229,9999.000,9999.000,9999.000,9999.000,9999.000,9999.000,9999.000
202607042248,   0.203,   1.220,9999.000,9999.000,9999.000,9999.000,9999.000,9999.000,9999.000
202607042254,   0.179,   1.200,9999.000,9999.000,9999.000,9999.000,9999.000,9999.000,9999.000
202607042300,   0.157,   1.180,   0.400,   0.623,   1.180,   0.400,   1.180,   0.400,   1.180
202607042306,   0.137,   1.151,9999.000,9999.000,9999.000,9999.000,9999.000,9999.000,9999.000
202607042312,   0.118,   1.128,9999.000,9999.000,9999.000,9999.000,9999.000,9999.000,9999.000
202607042318,   0.101,   1.161,9999.000,9999.000,9999.000,9999.000,9999.000,9999.000,9999.000
202607042324,   0.085,   1.161,9999.000,9999.000,9999.000,9999.000,9999.000,9999.000,9999.000
202607042330,   0.072,   1.190,9999.000,9999.000,9999.000,9999.000,9999.000,9999.000,9999.000
202607042336,   0.062,   1.200,9999.000,9999.000,9999.000,9999.000,9999.000,9999.000,9999.000
202607042342,   0.054,   1.220,9999.000,9999.000,9999.000,9999.000,9999.000,9999.000,9999.000
202607042348,   0.048,   1.259,9999.000,9999.000,9999.000,9999.000,9999.000,9999.000,9999.000
202607042354,   0.046,   1.269,9999.000,9999.000,9999.000,9999.000,9999.000,9999.000,9999.000
202607050000,   0.046,   1.308,   0.500,   0.762,   1.308,   0.400,   1.208,   0.500,   1.308
202607050006,   0.050,   1.338,9999.000,9999.000,9999.000,9999.000,9999.000,9999.000,9999.000
202607050012,   0.057,   1.380,9999.000,9999.000,9999.000,9999.000,9999.000,9999.000,9999.000
202607050018,   0.067,   1.439,9999.000,9999.000,9999.000,9999.000,9999.000,9999.000,9999.000
202607050024,   0.081,   1.508,9999.000,9999.000,9999.000,9999.000,9999.000,9999.000,9999.000
202607050030,   0.099,   1.580,9999.000,9999.000,9999.000,9999.000,9999.000,9999.000,9999.000
202607050036,   0.121,   1.659,9999.000,9999.000,9999.000,9999.000,9999.000,9999.000,9999.000
202607050042,   0.147,   1.728,9999.000,9999.000,9999.000,9999.000,9999.000,9999.000,9999.000
202607050048,   0.176,   1.790,9999.000,9999.000,9999.000,9999.000,9999.000,9999.000,9999.000
202607050054,   0.210,   1.859,9999.000,9999.000,9999.000,9999.000,9999.000,9999.000,9999.000
202607050100,   0.247,   1.928,   0.500,   1.181,   1.928,   0.400,   1.828,   0.500,   1.928
202607050106,   0.288,   1.981,9999.000,9999.000,9999.000,9999.000,9999.000,9999.000,9999.000
202607050112,   0.333,   2.040,9999.000,9999.000,9999.000,9999.000,9999.000,9999.000,9999.000
202607050118,   0.381,   2.089,9999.000,9999.000,9999.000,9999.000,9999.000,9999.000,9999.000
202607050124,   0.433,   2.118,9999.000,9999.000,9999.000,9999.000,9999.000,9999.000,9999.000
202607050130,   0.488,   2.128,9999.000,9999.000,9999.000,9999.000,9999.000,9999.000,9999.000
202607050136,   0.545,   2.200,9999.000,9999.000,9999.000,9999.000,9999.000,9999.000,9999.000
202607050142,   0.606,   2.230,9999.000,9999.000,9999.000,9999.000,9999.000,9999.000,9999.000
202607050148,   0.668,   2.279,9999.000,9999.000,9999.000,9999.000,9999.000,9999.000,9999.000
202607050154,   0.733,   2.348,9999.000,9999.000,9999.000,9999.000,9999.000,9999.000,9999.000
202607050200,   0.799,   2.420,   0.500,   1.121,   2.420,   0.400,   2.320,   0.500,   2.420
202607050206,   0.866,   4.719,9999.000,9999.000,9999.000,9999.000,9999.000,9999.000,9999.000
202607050212,   0.934,   4.500,9999.000,9999.000,9999.000,9999.000,9999.000,9999.000,9999.000
202607050218,   1.003,   5.077,9999.000,9999.000,9999.000,9999.000,9999.000,9999.000,9999.000
202607050224,   1.071,   2.669,9999.000,9999.000,9999.000,9999.000,9999.000,9999.000,9999.000
202607050230,   1.140,   4.949,9999.000,9999.000,9999.000,9999.000,9999.000,9999.000,9999.000
202607050236,   1.207,   5.218,9999.000,9999.000,9999.000,9999.000,9999.000,9999.000,9999.000
202607050242,   1.274,   5.198,9999.000,9999.000,9999.000,9999.000,9999.000,9999.000,9999.000
202607050248,   1.340,   5.307,9999.000,9999.000,9999.000,9999.000,9999.000,9999.000,9999.000
202607050254,   1.404,   5.238,9999.000,9999.000,9999.000,9999.000,9999.000,9999.000,9999.000
202607050300,   1.466,   5.169,   0.500,   3.203,   5.169,   0.400,   5.069,   0.500,   5.169
202607050306,   1.527,   5.448,9999.000,9999.000,9999.000,9999.000,9999.000,9999.000,9999.000
202607050312,   1.585,   5.448,9999.000,9999.000,9999.000,9999.000,9999.000,9999.000,9999.000
202607050318,   1.641,   5.549,9999.000,9999.000,9999.000,9999.000,9999.000,9999.000,9999.000
202607050324,   1.695,   3.207,9999.000,9999.000,9999.000,9999.000,9999.000,9999.000,9999.000
202607050330,   1.746,   5.687,9999.000,9999.000,9999.000,9999.000,9999.000,9999.000,9999.000
202607050336,   1.794,   5.769,9999.000,9999.000,9999.000,9999.000,9999.000,9999.000,9999.000
202607050342,   1.840,   5.628,9999.000,9999.000,9999.000,9999.000,9999.000,9999.000,9999.000
202607050348,   1.884,   5.717,9999.000,9999.000,9999.000,9999.000,9999.000,9999.000,9999.000
202607050354,   1.925,   5.759,9999.000,9999.000,9999.000,9999.000,9999.000,9999.000,9999.000
202607050400,   1.963,   5.769,   0.500,   3.306,   5.769,   0.400,   5.669,   0.500,   5.769
202607050406,   1.999,   5.799,9999.000,9999.000,9999.000,9999.000,9999.000,9999.000,9999.000
202607050412,   2.033,   5.139,9999.000,9999.000,9999.000,9999.000,9999.000,9999.000,9999.000
202607050418,   2.064,   4.539,9999.000,9999.000,9999.000,9999.000,9999.000,9999.000,9999.000
202607050424,   2.092,   3.758,9999.000,9999.000,9999.000,9999.000,9999.000,9999.000,9999.000
202607050430,   2.119,   5.769,9999.000,9999.000,9999.000,9999.000,9999.000,9999.000,9999.000
202607050436,   2.143,   3.788,9999.000,9999.000,9999.000,9999.000,9999.000,9999.000,9999.000
202607050442,   2.164,   3.817,9999.000,9999.000,9999.000,9999.000,9999.000,9999.000,9999.000
202607050448,   2.184,   6.048,9999.000,9999.000,9999.000,9999.000,9999.000,9999.000,9999.000
202607050454,   2.200,   6.258,9999.000,9999.000,9999.000,9999.000,9999.000,9999.000,9999.000
202607050500,   2.215,   3.880,   0.500,   1.165,   3.880,   0.400,   3.780,   0.500,   3.880
202607050506,   2.227,   3.880,9999.000,9999.000,9999.000,9999.000,9999.000,9999.000,9999.000
202607050512,   2.236,   3.870,9999.000,9999.000,9999.000,9999.000,9999.000,9999.000,9999.000
202607050518,   2.242,   3.860,9999.000,9999.000,9999.000,9999.000,9999.000,9999.000,9999.000
202607050524,   2.246,   3.870,9999.000,9999.000,9999.000,9999.000,9999.000,9999.000,9999.000
202607050530,   2.247,   3.860,9999.000,9999.000,9999.000,9999.000,9999.000,9999.000,9999.000
202607050536,   2.244,   3.847,9999.000,9999.000,9999.000,9999.000,9999.000,9999.000,9999.000
202607050542,   2.239,   3.817,9999.000,9999.000,9999.000,9999.000,9999.000,9999.000,9999.000
202607050548,   2.231,   3.798,9999.000,9999.000,9999.000,9999.000,9999.000,9999.000,9999.000
202607050554,   2.219,   3.778,9999.000,9999.000,9999.000,9999.000,9999.000,9999.000,9999.000
202607050600,   2.204,   3.729,   0.500,   1.025,   3.729,   0.400,   3.629,   0.500,   3.729
202607050606,   2.186,   3.719,9999.000,9999.000,9999.000,9999.000,9999.000,9999.000,9999.000
202607050612,   2.164,   3.689,9999.000,9999.000,9999.000,9999.000,9999.000,9999.000,9999.000
202607050618,   2.140,   3.650,9999.000,9999.000,9999.000,9999.000,9999.000,9999.000,9999.000
202607050624,   2.112,   3.607,9999.000,9999.000,9999.000,9999.000,9999.000,9999.000,9999.000
202607050630,   2.082,   3.558,9999.000,9999.000,9999.000,9999.000,9999.000,9999.000,9999.000
202607050636,   2.048,   3.519,9999.000,9999.000,9999.000,9999.000,9999.000,9999.000,9999.000
202607050642,   2.012,   3.480,9999.000,9999.000,9999.000,9999.000,9999.000,9999.000,9999.000
202607050648,   1.973,   3.440,9999.000,9999.000,9999.000,9999.000,9999.000,9999.000,9999.000
202607050654,   1.932,   3.407,9999.000,9999.000,9999.000,9999.000,9999.000,9999.000,9999.000
202607050700,   1.889,   3.348,   0.500,   0.959,   3.348,   0.400,   3.248,   0.500,   3.348
202607050706,   1.845,   3.309,9999.000,9999.000,9999.000,9999.000,9999.000,9999.000,9999.000
202607050712,   1.799,   3.230,9999.000,9999.000,9999.000,9999.000,9999.000,9999.000,9999.000
202607050718,   1.751,   3.168,9999.000,9999.000,9999.000,9999.000,9999.000,9999.000,9999.000
202607050724,   1.703,   3.109,9999.000,9999.000,9999.000,9999.000,9999.000,9999.000,9999.000
202607050730,   1.654,   3.040,9999.000,9999.000,9999.000,9999.000,9999.000,9999.000,9999.000
202607050736,   1.604,   2.988,9999.000,9999.000,9999.000,9999.000,9999.000,9999.000,9999.000
202607050742,   1.555,   2.938,9999.000,9999.000,9999.000,9999.000,9999.000,9999.000,9999.000
202607050748,   1.505,   2.899,9999.000,9999.000,9999.000,9999.000,9999.000,9999.000,9999.000
202607050754,   1.456,   2.869,9999.000,9999.000,9999.000,9999.000,9999.000,9999.000,9999.000
202607050800,   1.407,   2.830,   0.500,   0.923,   2.830,   0.400,   2.730,   0.500,   2.830
202607050806,   1.359,   2.807,9999.000,9999.000,9999.000,9999.000,9999.000,9999.000,9999.000
202607050812,   1.312,   2.778,9999.000,9999.000,9999.000,9999.000,9999.000,9999.000,9999.000
202607050818,   1.265,   2.748,9999.000,9999.000,9999.000,9999.000,9999.000,9999.000,9999.000
202607050824,   1.220,   2.709,9999.000,9999.000,9999.000,9999.000,9999.000,9999.000,9999.000
202607050830,   1.175,   2.689,9999.000,9999.000,9999.000,9999.000,9999.000,9999.000,9999.000
202607050836,   1.131,   2.630,9999.000,9999.000,9999.000,9999.000,9999.000,9999.000,9999.000
202607050842,   1.089,   2.568,9999.000,9999.000,9999.000,9999.000,9999.000,9999.000,9999.000
202607050848,   1.047,   2.538,9999.000,9999.000,9999.000,9999.000,9999.000,9999.000,9999.000
202607050854,   1.006,   2.479,9999.000,9999.000,9999.000,9999.000,9999.000,9999.000,9999.000
202607050900,   0.966,   2.440,   0.500,   0.974,   2.440,   0.400,   2.340,   0.500,   2.440
202607050906,   0.927,   2.400,9999.000,9999.000,9999.000,9999.000,9999.000,9999.000,9999.000
202607050912,   0.888,   2.348,9999.000,9999.000,9999.000,9999.000,9999.000,9999.000,9999.000
202607050918,   0.850,   2.289,9999.000,9999.000,9999.000,9999.000,9999.000,9999.000,9999.000
202607050924,   0.812,   2.230,9999.000,9999.000,9999.000,9999.000,9999.000,9999.000,9999.000
202607050930,   0.775,   2.177,9999.000,9999.000,9999.000,9999.000,9999.000,9999.000,9999.000
202607050936,   0.739,   2.118,9999.000,9999.000,9999.000,9999.000,9999.000,9999.000,9999.000
202607050942,   0.702,   2.049,9999.000,9999.000,9999.000,9999.000,9999.000,9999.000,9999.000
202607050948,   0.666,   1.990,9999.000,9999.000,9999.000,9999.000,9999.000,9999.000,9999.000
202607050954,   0.630,   1.938,9999.000,9999.000,9999.000,9999.000,9999.000,9999.000,9999.000
202607051000,   0.595,   1.889,   0.500,   0.794,   1.889,   0.400,   1.789,   0.600,   1.989
202607051006,   0.559,   1.840,9999.000,9999.000,9999.000,9999.000,9999.000,9999.000,9999.000
202607051012,   0.524,   1.820,9999.000,9999.000,9999.000,9999.000,9999.000,9999.000,9999.000
202607051018,   0.489,   1.781,9999.000,9999.000,9999.000,9999.000,9999.000,9999.000,9999.000
202607051024,   0.454,   1.738,9999.000,9999.000,9999.000,9999.000,9999.000,9999.000,9999.000
202607051030,   0.420,   1.689,9999.000,9999.000,9999.000,9999.000,9999.000,9999.000,9999.000
202607051036,   0.385,   1.649,9999.000,9999.000,9999.000,9999.000,9999.000,9999.000,9999.000
202607051042,   0.352,   1.610,9999.000,9999.000,9999.000,9999.000,9999.000,9999.000,9999.000
202607051048,   0.319,   1.580,9999.000,9999.000,9999.000,9999.000,9999.000,9999.000,9999.000
202607051054,   0.286,   1.538,9999.000,9999.000,9999.000,9999.000,9999.000,9999.000,9999.000
202607051100,   0.255,   1.508,   0.500,   0.753,   1.508,   0.400,   1.408,   0.600,   1.608
202607051106,   0.224,   1.469,9999.000,9999.000,9999.000,9999.000,9999.000,9999.000,9999.000
202607051112,   0.194,   1.459,9999.000,9999.000,9999.000,9999.000,9999.000,9999.000,9999.000
202607051118,   0.166,   1.420,9999.000,9999.000,9999.000,9999.000,9999.000,9999.000,9999.000
202607051124,   0.139,   1.390,9999.000,9999.000,9999.000,9999.000,9999.000,9999.000,9999.000
202607051130,   0.113,   1.361,9999.000,9999.000,9999.000,9999.000,9999.000,9999.000,9999.000
202607051136,   0.089,   1.348,9999.000,9999.000,9999.000,9999.000,9999.000,9999.000,9999.000
202607051142,   0.067,   1.348,9999.000,9999.000,9999.000,9999.000,9999.000,9999.000,9999.000
202607051148,   0.047,   1.371,9999.000,9999.000,9999.000,9999.000,9999.000,9999.000,9999.000
202607051154,   0.030,   1.361,9999.000,9999.000,9999.000,9999.000,9999.000,9999.000,9999.000
202607051200,   0.014,   1.361,   0.500,   0.847,   1.361,   0.500,   1.361,   0.600,   1.461
202607051206,   0.002,   1.348,9999.000,9999.000,9999.000,9999.000,9999.000,9999.000,9999.000
202607051212,  -0.007,   1.328,9999.000,9999.000,9999.000,9999.000,9999.000,9999.000,9999.000
202607051218,  -0.014,   1.308,9999.000,9999.000,9999.000,9999.000,9999.000,9999.000,9999.000
202607051224,  -0.018,   1.298,9999.000,9999.000,9999.000,9999.000,9999.000,9999.000,9999.000
202607051230,  -0.019,   1.298,9999.000,9999.000,9999.000,9999.000,9999.000,9999.000,9999.000
202607051236,  -0.016,   1.298,9999.000,9999.000,9999.000,9999.000,9999.000,9999.000,9999.000
202607051242,  -0.010,   1.338,9999.000,9999.000,9999.000,9999.000,9999.000,9999.000,9999.000
202607051248,   0.000,   1.361,9999.000,9999.000,9999.000,9999.000,9999.000,9999.000,9999.000
202607051254,   0.014,   1.420,9999.000,9999.000,9999.000,9999.000,9999.000,9999.000,9999.000
202607051300,   0.032,   1.498,   0.500,   0.966,   1.498,   0.500,   1.498,   0.600,   1.598
202607051306,   0.054,   3.148,9999.000,9999.000,9999.000,9999.000,9999.000,9999.000,9999.000
202607051312,   0.080,   1.590,9999.000,9999.000,9999.000,9999.000,9999.000,9999.000,9999.000
202607051318,   0.110,   1.659,9999.000,9999.000,9999.000,9999.000,9999.000,9999.000,9999.000
202607051324,   0.144,   4.139,9999.000,9999.000,9999.000,9999.000,9999.000,9999.000,9999.000
202607051330,   0.182,   1.810,9999.000,9999.000,9999.000,9999.000,9999.000,9999.000,9999.000
202607051336,   0.224,   1.869,9999.000,9999.000,9999.000,9999.000,9999.000,9999.000,9999.000
202607051342,   0.269,   1.928,9999.000,9999.000,9999.000,9999.000,9999.000,9999.000,9999.000
202607051348,   0.318,   2.000,9999.000,9999.000,9999.000,9999.000,9999.000,9999.000,9999.000
202607051354,   0.371,   2.069,9999.000,9999.000,9999.000,9999.000,9999.000,9999.000,9999.000
202607051400,   0.426,   2.128,   0.500,   1.202,   2.128,   0.500,   2.128,   0.600,   2.228
202607051406,   0.484,   2.220,9999.000,9999.000,9999.000,9999.000,9999.000,9999.000,9999.000
202607051412,   0.545,   2.269,9999.000,9999.000,9999.000,9999.000,9999.000,9999.000,9999.000
202607051418,   0.608,   2.309,9999.000,9999.000,9999.000,9999.000,9999.000,9999.000,9999.000
202607051424,   0.673,   2.358,9999.000,9999.000,9999.000,9999.000,9999.000,9999.000,9999.000
202607051430,   0.739,   2.410,9999.000,9999.000,9999.000,9999.000,9999.000,9999.000,9999.000
202607051436,   0.806,   2.450,9999.000,9999.000,9999.000,9999.000,9999.000,9999.000,9999.000
202607051442,   0.873,   2.489,9999.000,9999.000,9999.000,9999.000,9999.000,9999.000,9999.000
202607051448,   0.941,   2.519,9999.000,9999.000,9999.000,9999.000,9999.000,9999.000,9999.000
202607051454,   1.009,   2.548,9999.000,9999.000,9999.000,9999.000,9999.000,9999.000,9999.000
202607051500,   1.077,   2.568,   0.600,   0.891,   2.568,   0.500,   2.468,   0.600,   2.568
202607051506,   1.144,   2.630,9999.000,9999.000,9999.000,9999.000,9999.000,9999.000,9999.000
202607051512,   1.210,   2.669,9999.000,9999.000,9999.000,9999.000,9999.000,9999.000,9999.000
202607051518,   1.274,   2.699,9999.000,9999.000,9999.000,9999.000,9999.000,9999.000,9999.000
202607051524,   1.337,   2.778,9999.000,9999.000,9999.000,9999.000,9999.000,9999.000,9999.000
202607051530,   1.398,   2.860,9999.000,9999.000,9999.000,9999.000,9999.000,9999.000,9999.000
202607051536,   1.457,   2.909,9999.000,9999.000,9999.000,9999.000,9999.000,9999.000,9999.000
202607051542,   1.514,   2.948,9999.000,9999.000,9999.000,9999.000,9999.000,9999.000,9999.000
202607051548,   1.568,   2.988,9999.000,9999.000,9999.000,9999.000,9999.000,9999.000,9999.000
202607051554,   1.620,   2.997,9999.000,9999.000,9999.000,9999.000,9999.000,9999.000,9999.000
202607051600,   1.670,   3.070,   0.600,   0.800,   3.070,   0.500,   2.970,   0.600,   3.070
202607051606,   1.718,   3.079,9999.000,9999.000,9999.000,9999.000,9999.000,9999.000,9999.000
202607051612,   1.763,   3.109,9999.000,9999.000,9999.000,9999.000,9999.000,9999.000,9999.000
202607051618,   1.805,   3.158,9999.000,9999.000,9999.000,9999.000,9999.000,9999.000,9999.000
202607051624,   1.845,   3.197,9999.000,9999.000,9999.000,9999.000,9999.000,9999.000,9999.000
202607051630,   1.883,   4.119,9999.000,9999.000,9999.000,9999.000,9999.000,9999.000,9999.000
202607051636,   1.918,   3.309,9999.000,9999.000,9999.000,9999.000,9999.000,9999.000,9999.000
202607051642,   1.951,   3.348,9999.000,9999.000,9999.000,9999.000,9999.000,9999.000,9999.000
202607051648,   1.982,   3.388,9999.000,9999.000,9999.000,9999.000,9999.000,9999.000,9999.000
202607051654,   2.010,   3.460,9999.000,9999.000,9999.000,9999.000,9999.000,9999.000,9999.000
202607051700,   2.036,   3.489,   0.600,   0.853,   3.489,   0.500,   3.389,   0.600,   3.489
202607051706,   2.060,   3.499,9999.000,9999.000,9999.000,9999.000,9999.000,9999.000,9999.000
202607051712,   2.081,   3.529,9999.000,9999.000,9999.000,9999.000,9999.000,9999.000,9999.000
202607051718,   2.101,   3.529,9999.000,9999.000,9999.000,9999.000,9999.000,9999.000,9999.000
202607051724,   2.117,   3.689,9999.000,9999.000,9999.000,9999.000,9999.000,9999.000,9999.000
202607051730,   2.132,   3.578,9999.000,9999.000,9999.000,9999.000,9999.000,9999.000,9999.000
202607051736,   2.143,   3.588,9999.000,9999.000,9999.000,9999.000,9999.000,9999.000,9999.000
202607051742,   2.153,   3.598,9999.000,9999.000,9999.000,9999.000,9999.000,9999.000,9999.000
202607051748,   2.159,   3.607,9999.000,9999.000,9999.000,9999.000,9999.000,9999.000,9999.000
202607051754,   2.162,   3.607,9999.000,9999.000,9999.000,9999.000,9999.000,9999.000,9999.000
202607051800,   2.163,   3.578,   0.600,   0.815,   3.578,   0.500,   3.478,   0.600,   3.578
202607051806,   2.161,   3.598,9999.000,9999.000,9999.000,9999.000,9999.000,9999.000,9999.000
202607051812,   2.155,   4.598,9999.000,9999.000,9999.000,9999.000,9999.000,9999.000,9999.000
202607051818,   2.146,   5.028,9999.000,9999.000,9999.000,9999.000,9999.000,9999.000,9999.000
202607051824,   2.135,   3.539,9999.000,9999.000,9999.000,9999.000,9999.000,9999.000,9999.000
202607051830,   2.120,   3.509,9999.000,9999.000,9999.000,9999.000,9999.000,9999.000,9999.000
202607051836,   2.101,   3.499,9999.000,9999.000,9999.000,9999.000,9999.000,9999.000,9999.000
202607051842,   2.080,   3.440,9999.000,9999.000,9999.000,9999.000,9999.000,9999.000,9999.000
202607051848,   2.055,   3.378,9999.000,9999.000,9999.000,9999.000,9999.000,9999.000,9999.000
202607051854,   2.028,   3.388,9999.000,9999.000,9999.000,9999.000,9999.000,9999.000,9999.000
202607051900,   1.997,   3.309,   0.600,   0.712,   3.309,   0.500,   3.209,   0.600,   3.309
202607051906,   1.964,   3.250,9999.000,9999.000,9999.000,9999.000,9999.000,9999.000,9999.000
202607051912,   1.929,   3.188,9999.000,9999.000,9999.000,9999.000,9999.000,9999.000,9999.000
202607051918,   1.891,   3.158,9999.000,9999.000,9999.000,9999.000,9999.000,9999.000,9999.000
202607051924,   1.851,   3.109,9999.000,9999.000,9999.000,9999.000,9999.000,9999.000,9999.000
202607051930,   1.809,   3.089,9999.000,9999.000,9999.000,9999.000,9999.000,9999.000,9999.000
202607051936,   1.765,   2.988,9999.000,9999.000,9999.000,9999.000,9999.000,9999.000,9999.000
202607051942,   1.721,   2.938,9999.000,9999.000,9999.000,9999.000,9999.000,9999.000,9999.000
202607051948,   1.675,   2.909,9999.000,9999.000,9999.000,9999.000,9999.000,9999.000,9999.000
202607051954,   1.629,   2.860,9999.000,9999.000,9999.000,9999.000,9999.000,9999.000,9999.000
202607052000,   1.582,   2.787,   0.600,   0.605,   2.787,   0.500,   2.687,   0.600,   2.787
202607052006,   1.535,   2.758,9999.000,9999.000,9999.000,9999.000,9999.000,9999.000,9999.000
202607052012,   1.488,   2.719,9999.000,9999.000,9999.000,9999.000,9999.000,9999.000,9999.000
202607052018,   1.441,   2.679,9999.000,9999.000,9999.000,9999.000,9999.000,9999.000,9999.000
202607052024,   1.395,   2.650,9999.000,9999.000,9999.000,9999.000,9999.000,9999.000,9999.000
202607052030,   1.349,   2.630,9999.000,9999.000,9999.000,9999.000,9999.000,9999.000,9999.000
202607052036,   1.304,   2.568,9999.000,9999.000,9999.000,9999.000,9999.000,9999.000,9999.000
202607052042,   1.260,   2.519,9999.000,9999.000,9999.000,9999.000,9999.000,9999.000,9999.000
202607052048,   1.216,   2.489,9999.000,9999.000,9999.000,9999.000,9999.000,9999.000,9999.000
202607052054,   1.174,   2.440,9999.000,9999.000,9999.000,9999.000,9999.000,9999.000,9999.000
202607052100,   1.133,   2.400,   0.600,   0.667,   2.400,   0.500,   2.300,   0.600,   2.400
202607052106,   1.092,   2.338,9999.000,9999.000,9999.000,9999.000,9999.000,9999.000,9999.000
202607052112,   1.053,   2.289,9999.000,9999.000,9999.000,9999.000,9999.000,9999.000,9999.000
202607052118,   1.014,   2.250,9999.000,9999.000,9999.000,9999.000,9999.000,9999.000,9999.000
202607052124,   0.976,   2.230,9999.000,9999.000,9999.000,9999.000,9999.000,9999.000,9999.000
202607052130,   0.939,   2.177,9999.000,9999.000,9999.000,9999.000,9999.000,9999.000,9999.000
202607052136,   0.903,   2.138,9999.000,9999.000,9999.000,9999.000,9999.000,9999.000,9999.000
202607052142,   0.867,   2.099,9999.000,9999.000,9999.000,9999.000,9999.000,9999.000,9999.000
202607052148,   0.832,   2.040,9999.000,9999.000,9999.000,9999.000,9999.000,9999.000,9999.000
202607052154,   0.798,   1.990,9999.000,9999.000,9999.000,9999.000,9999.000,9999.000,9999.000
202607052200,   0.763,   1.958,   0.600,   0.595,   1.958,   0.500,   1.858,   0.600,   1.958
202607052206,   0.729,   1.899,9999.000,9999.000,9999.000,9999.000,9999.000,9999.000,9999.000
202607052212,   0.695,   1.840,9999.000,9999.000,9999.000,9999.000,9999.000,9999.000,9999.000
202607052218,   0.662,   1.781,9999.000,9999.000,9999.000,9999.000,9999.000,9999.000,9999.000
202607052224,   0.628,   1.738,9999.000,9999.000,9999.000,9999.000,9999.000,9999.000,9999.000
202607052230,   0.595,   1.708,9999.000,9999.000,9999.000,9999.000,9999.000,9999.000,9999.000
202607052236,   0.562,   1.659,9999.000,9999.000,9999.000,9999.000,9999.000,9999.000,9999.000
202607052242,   0.529,   1.630,9999.000,9999.000,9999.000,9999.000,9999.000,9999.000,9999.000
202607052248,   0.496,   1.580,9999.000,9999.000,9999.000,9999.000,9999.000,9999.000,9999.000
202607052254,   0.464,   1.538,9999.000,9999.000,9999.000,9999.000,9999.000,9999.000,9999.000
202607052300,   0.432,   1.508,   0.600,   0.476,   1.508,   0.500,   1.408,   0.600,   1.508
202607052306,   0.400,   1.508,9999.000,9999.000,9999.000,9999.000,9999.000,9999.000,9999.000
202607052312,   0.369,   1.469,9999.000,9999.000,9999.000,9999.000,9999.000,9999.000,9999.000
202607052318,   0.338,   1.449,9999.000,9999.000,9999.000,9999.000,9999.000,9999.000,9999.000
202607052324,   0.308,   1.439,9999.000,9999.000,9999.000,9999.000,9999.000,9999.000,9999.000
202607052330,   0.279,   1.410,9999.000,9999.000,9999.000,9999.000,9999.000,9999.000,9999.000
202607052336,   0.251,   1.390,9999.000,9999.000,9999.000,9999.000,9999.000,9999.000,9999.000
202607052342,   0.224,   1.390,9999.000,9999.000,9999.000,9999.000,9999.000,9999.000,9999.000
202607052348,   0.198,   1.390,9999.000,9999.000,9999.000,9999.000,9999.000,9999.000,9999.000
202607052354,   0.174,   1.380,9999.000,9999.000,9999.000,9999.000,9999.000,9999.000,9999.000
202607060000,   0.151,   1.361,   0.600,   0.610,   1.361,   0.600,   1.361,   0.700,   1.461
202607060006,   0.130,   1.361,9999.000,9999.000,9999.000,9999.000,9999.000,9999.000,9999.000
202607060012,   0.110,   1.338,9999.000,9999.000,9999.000,9999.000,9999.000,9999.000,9999.000
202607060018,   0.093,   1.361,9999.000,9999.000,9999.000,9999.000,9999.000,9999.000,9999.000
202607060024,   0.078,   1.380,9999.000,9999.000,9999.000,9999.000,9999.000,9999.000,9999.000
202607060030,   0.066,   1.420,9999.000,9999.000,9999.000,9999.000,9999.000,9999.000,9999.000
202607060036,   0.056,   1.449,9999.000,9999.000,9999.000,9999.000,9999.000,9999.000,9999.000
202607060042,   0.049,   1.489,9999.000,9999.000,9999.000,9999.000,9999.000,9999.000,9999.000
202607060048,   0.045,   1.508,9999.000,9999.000,9999.000,9999.000,9999.000,9999.000,9999.000
202607060054,   0.044,   1.557,9999.000,9999.000,9999.000,9999.000,9999.000,9999.000,9999.000
202607060100,   0.046,   1.600,   0.600,   0.954,   1.600,   0.600,   1.600,   0.700,   1.700
202607060106,   0.052,   1.630,9999.000,9999.000,9999.000,9999.000,9999.000,9999.000,9999.000
202607060112,   0.062,   1.679,9999.000,9999.000,9999.000,9999.000,9999.000,9999.000,9999.000
202607060118,   0.075,   1.758,9999.000,9999.000,9999.000,9999.000,9999.000,9999.000,9999.000
202607060124,   0.092,   1.840,9999.000,9999.000,9999.000,9999.000,9999.000,9999.000,9999.000
202607060130,   0.112,   1.908,9999.000,9999.000,9999.000,9999.000,9999.000,9999.000,9999.000
202607060136,   0.137,   1.981,9999.000,9999.000,9999.000,9999.000,9999.000,9999.000,9999.000
202607060142,   0.166,   2.049,9999.000,9999.000,9999.000,9999.000,9999.000,9999.000,9999.000
202607060148,   0.198,   2.138,9999.000,9999.000,9999.000,9999.000,9999.000,9999.000,9999.000
202607060154,   0.235,   2.177,9999.000,9999.000,9999.000,9999.000,9999.000,9999.000,9999.000
202607060200,   0.275,   2.240,   0.600,   1.365,   2.240,   0.600,   2.240,   0.700,   2.340
202607060206,   0.319,   2.279,9999.000,9999.000,9999.000,9999.000,9999.000,9999.000,9999.000
202607060212,   0.366,   2.318,9999.000,9999.000,9999.000,9999.000,9999.000,9999.000,9999.000
202607060218,   0.416,   2.368,9999.000,9999.000,9999.000,9999.000,9999.000,9999.000,9999.000
202607060224,   0.470,   2.420,9999.000,9999.000,9999.000,9999.000,9999.000,9999.000,9999.000
202607060230,   0.526,   2.469,9999.000,9999.000,9999.000,9999.000,9999.000,9999.000,9999.000
202607060236,   0.585,   2.528,9999.000,9999.000,9999.000,9999.000,9999.000,9999.000,9999.000
202607060242,   0.646,   2.597,9999.000,9999.000,9999.000,9999.000,9999.000,9999.000,9999.000
202607060248,   0.709,   2.640,9999.000,9999.000,9999.000,9999.000,9999.000,9999.000,9999.000
202607060254,   0.773,   2.699,9999.000,9999.000,9999.000,9999.000,9999.000,9999.000,9999.000
202607060300,   0.838,   2.758,   0.600,   1.320,   2.758,   0.600,   2.758,   0.700,   2.858
202607060306,   0.904,   2.797,9999.000,9999.000,9999.000,9999.000,9999.000,9999.000,9999.000
202607060312,   0.970,   2.860,9999.000,9999.000,9999.000,9999.000,9999.000,9999.000,9999.000
202607060318,   1.036,   2.919,9999.000,9999.000,9999.000,9999.000,9999.000,9999.000,9999.000
202607060324,   1.102,   2.978,9999.000,9999.000,9999.000,9999.000,9999.000,9999.000,9999.000
202607060330,   1.168,   3.040,9999.000,9999.000,9999.000,9999.000,9999.000,9999.000,9999.000
202607060336,   1.232,   3.099,9999.000,9999.000,9999.000,9999.000,9999.000,9999.000,9999.000
202607060342,   1.295,   3.158,9999.000,9999.000,9999.000,9999.000,9999.000,9999.000,9999.000
202607060348,   1.356,   3.217,9999.000,9999.000,9999.000,9999.000,9999.000,9999.000,9999.000
202607060354,   1.416,   3.270,9999.000,9999.000,9999.000,9999.000,9999.000,9999.000,9999.000
202607060400,   1.474,   3.319,   0.600,   1.245,   3.319,   0.600,   3.319,   0.700,   3.419
202607060406,   1.530,   3.388,9999.000,9999.000,9999.000,9999.000,9999.000,9999.000,9999.000
202607060412,   1.583,   3.440,9999.000,9999.000,9999.000,9999.000,9999.000,9999.000,9999.000
202607060418,   1.634,   3.489,9999.000,9999.000,9999.000,9999.000,9999.000,9999.000,9999.000
202607060424,   1.683,   3.529,9999.000,9999.000,9999.000,9999.000,9999.000,9999.000,9999.000
202607060430,   1.730,   3.568,9999.000,9999.000,9999.000,9999.000,9999.000,9999.000,9999.000
202607060436,   1.774,   3.617,9999.000,9999.000,9999.000,9999.000,9999.000,9999.000,9999.000
202607060442,   1.815,   3.680,9999.000,9999.000,9999.000,9999.000,9999.000,9999.000,9999.000
202607060448,   1.855,   4.339,9999.000,9999.000,9999.000,9999.000,9999.000,9999.000,9999.000
202607060454,   1.892,   3.749,9999.000,9999.000,9999.000,9999.000,9999.000,9999.000,9999.000
202607060500,   1.926,   3.768,   0.600,   1.242,   3.768,   0.600,   3.768,   0.700,   3.868
202607060506,   1.959,   3.778,9999.000,9999.000,9999.000,9999.000,9999.000,9999.000,9999.000
202607060512,   1.989,   3.817,9999.000,9999.000,9999.000,9999.000,9999.000,9999.000,9999.000
202607060518,   2.017,   3.860,9999.000,9999.000,9999.000,9999.000,9999.000,9999.000,9999.000
202607060524,   2.042,   5.516,9999.000,9999.000,9999.000,9999.000,9999.000,9999.000,9999.000
202607060530,   2.066,   3.899,9999.000,9999.000,9999.000,9999.000,9999.000,9999.000,9999.000
202607060536,   2.087,   3.929,9999.000,9999.000,9999.000,9999.000,9999.000,9999.000,9999.000
202607060542,   2.106,   5.697,9999.000,9999.000,9999.000,9999.000,9999.000,9999.000,9999.000
202607060548,   2.122,   3.958,9999.000,9999.000,9999.000,9999.000,9999.000,9999.000,9999.000
202607060554,   2.136,   3.978,9999.000,9999.000,9999.000,9999.000,9999.000,9999.000,9999.000
202607060600,   2.148,   3.988,   0.700,   1.140,   3.988,   0.600,   3.888,   0.700,   3.988
202607060606,   2.157,   3.998,9999.000,9999.000,9999.000,9999.000,9999.000,9999.000,9999.000
202607060612,   2.163,   4.017,9999.000,9999.000,9999.000,9999.000,9999.000,9999.000,9999.000
202607060618,   2.167,   4.017,9999.000,9999.000,9999.000,9999.000,9999.000,9999.000,9999.000
202607060624,   2.167,   4.017,9999.000,9999.000,9999.000,9999.000,9999.000,9999.000,9999.000
202607060630,   2.165,   6.359,9999.000,9999.000,9999.000,9999.000,9999.000,9999.000,9999.000
202607060636,   2.159,   4.008,9999.000,9999.000,9999.000,9999.000,9999.000,9999.000,9999.000
202607060642,   2.150,   3.968,9999.000,9999.000,9999.000,9999.000,9999.000,9999.000,9999.000
202607060648,   2.139,   3.949,9999.000,9999.000,9999.000,9999.000,9999.000,9999.000,9999.000
202607060654,   2.123,   3.939,9999.000,9999.000,9999.000,9999.000,9999.000,9999.000,9999.000
202607060700,   2.105,   3.909,   0.700,   1.104,   3.909,   0.600,   3.809,   0.700,   3.909
202607060706,   2.083,   3.880,9999.000,9999.000,9999.000,9999.000,9999.000,9999.000,9999.000
202607060712,   2.058,   3.847,9999.000,9999.000,9999.000,9999.000,9999.000,9999.000,9999.000
202607060718,   2.030,   3.808,9999.000,9999.000,9999.000,9999.000,9999.000,9999.000,9999.000
202607060724,   1.999,   3.749,9999.000,9999.000,9999.000,9999.000,9999.000,9999.000,9999.000
202607060730,   1.965,   3.699,9999.000,9999.000,9999.000,9999.000,9999.000,9999.000,9999.000
202607060736,   1.929,   3.617,9999.000,9999.000,9999.000,9999.000,9999.000,9999.000,9999.000
202607060742,   1.890,   3.568,9999.000,9999.000,9999.000,9999.000,9999.000,9999.000,9999.000
202607060748,   1.849,   3.499,9999.000,9999.000,9999.000,9999.000,9999.000,9999.000,9999.000
202607060754,   1.806,   3.440,9999.000,9999.000,9999.000,9999.000,9999.000,9999.000,9999.000
202607060800,   1.761,   3.368,   0.700,   0.907,   3.368,   0.600,   3.268,   0.700,   3.368
202607060806,   1.715,   3.319,9999.000,9999.000,9999.000,9999.000,9999.000,9999.000,9999.000
202607060812,   1.667,   3.279,9999.000,9999.000,9999.000,9999.000,9999.000,9999.000,9999.000
202607060818,   1.619,   3.240,9999.000,9999.000,9999.000,9999.000,9999.000,9999.000,9999.000
202607060824,   1.570,   3.197,9999.000,9999.000,9999.000,9999.000,9999.000,9999.000,9999.000
202607060830,   1.521,   3.158,9999.000,9999.000,9999.000,9999.000,9999.000,9999.000,9999.000
202607060836,   1.471,   3.138,9999.000,9999.000,9999.000,9999.000,9999.000,9999.000,9999.000
202607060842,   1.422,   3.099,9999.000,9999.000,9999.000,9999.000,9999.000,9999.000,9999.000
202607060848,   1.373,   3.060,9999.000,9999.000,9999.000,9999.000,9999.000,9999.000,9999.000
202607060854,   1.325,   3.007,9999.000,9999.000,9999.000,9999.000,9999.000,9999.000,9999.000
202607060900,   1.277,   2.968,   0.700,   0.991,   2.968,   0.600,   2.868,   0.700,   2.968
202607060906,   1.229,   2.919,9999.000,9999.000,9999.000,9999.000,9999.000,9999.000,9999.000
202607060912,   1.183,   2.879,9999.000,9999.000,9999.000,9999.000,9999.000,9999.000,9999.000
202607060918,   1.137,   2.820,9999.000,9999.000,9999.000,9999.000,9999.000,9999.000,9999.000
202607060924,   1.093,   2.787,9999.000,9999.000,9999.000,9999.000,9999.000,9999.000,9999.000
202607060930,   1.049,   2.738,9999.000,9999.000,9999.000,9999.000,9999.000,9999.000,9999.000
202607060936,   1.006,   2.689,9999.000,9999.000,9999.000,9999.000,9999.000,9999.000,9999.000
202607060942,   0.965,   2.650,9999.000,9999.000,9999.000,9999.000,9999.000,9999.000,9999.000
202607060948,   0.924,   2.587,9999.000,9999.000,9999.000,9999.000,9999.000,9999.000,9999.000
202607060954,   0.883,   2.548,9999.000,9999.000,9999.000,9999.000,9999.000,9999.000,9999.000
202607061000,   0.844,   2.479,   0.700,   0.935,   2.479,   0.600,   2.379,   0.700,   2.479
202607061006,   0.805,   2.440,9999.000,9999.000,9999.000,9999.000,9999.000,9999.000,9999.000
202607061012,   0.766,   2.387,9999.000,9999.000,9999.000,9999.000,9999.000,9999.000,9999.000
202607061018,   0.728,   2.338,9999.000,9999.000,9999.000,9999.000,9999.000,9999.000,9999.000
202607061024,   0.691,   2.289,9999.000,9999.000,9999.000,9999.000,9999.000,9999.000,9999.000
202607061030,   0.654,   2.240,9999.000,9999.000,9999.000,9999.000,9999.000,9999.000,9999.000
202607061036,   0.617,   2.210,9999.000,9999.000,9999.000,9999.000,9999.000,9999.000,9999.000
202607061042,   0.580,   2.148,9999.000,9999.000,9999.000,9999.000,9999.000,9999.000,9999.000
202607061048,   0.544,   2.089,9999.000,9999.000,9999.000,9999.000,9999.000,9999.000,9999.000
202607061054,   0.508,   2.059,9999.000,9999.000,9999.000,9999.000,9999.000,9999.000,9999.000
202607061100,   0.472,   2.030,   0.700,   0.858,   2.030,   0.600,   1.930,   0.700,   2.030
202607061106,   0.437,   1.981,9999.000,9999.000,9999.000,9999.000,9999.000,9999.000,9999.000
202607061112,   0.402,   1.928,9999.000,9999.000,9999.000,9999.000,9999.000,9999.000,9999.000
202607061118,   0.367,   1.879,9999.000,9999.000,9999.000,9999.000,9999.000,9999.000,9999.000
202607061124,   0.333,   1.840,9999.000,9999.000,9999.000,9999.000,9999.000,9999.000,9999.000
202607061130,   0.299,   1.790,9999.000,9999.000,9999.000,9999.000,9999.000,9999.000,9999.000
202607061136,   0.265,   1.748,9999.000,9999.000,9999.000,9999.000,9999.000,9999.000,9999.000
202607061142,   0.233,   1.718,9999.000,9999.000,9999.000,9999.000,9999.000,9999.000,9999.000
202607061148,   0.201,   1.679,9999.000,9999.000,9999.000,9999.000,9999.000,9999.000,9999.000
202607061154,   0.170,   1.659,9999.000,9999.000,9999.000,9999.000,9999.000,9999.000,9999.000
202607061200,   0.141,   1.610,   0.700,   0.769,   1.610,   0.700,   1.610,   0.700,   1.610
202607061206,   0.112,   1.600,9999.000,9999.000,9999.000,9999.000,9999.000,9999.000,9999.000
202607061212,   0.085,   1.557,9999.000,9999.000,9999.000,9999.000,9999.000,9999.000,9999.000
202607061218,   0.060,   1.528,9999.000,9999.000,9999.000,9999.000,9999.000,9999.000,9999.000
202607061224,   0.036,   1.508,9999.000,9999.000,9999.000,9999.000,9999.000,9999.000,9999.000
202607061230,   0.014,   1.479,9999.000,9999.000,9999.000,9999.000,9999.000,9999.000,9999.000
202607061236,  -0.005,   1.459,9999.000,9999.000,9999.000,9999.000,9999.000,9999.000,9999.000
202607061242,  -0.023,   1.479,9999.000,9999.000,9999.000,9999.000,9999.000,9999.000,9999.000
202607061248,  -0.038,   1.459,9999.000,9999.000,9999.000,9999.000,9999.000,9999.000,9999.000
202607061254,  -0.051,   1.449,9999.000,9999.000,9999.000,9999.000,9999.000,9999.000,9999.000
202607061300,  -0.061,   1.479,   0.700,   0.840,   1.479,   0.700,   1.479,   0.700,   1.479
202607061306,  -0.068,   1.459,9999.000,9999.000,9999.000,9999.000,9999.000,9999.000,9999.000
202607061312,  -0.072,   1.479,9999.000,9999.000,9999.000,9999.000,9999.000,9999.000,9999.000
202607061318,  -0.073,   1.498,9999.000,9999.000,9999.000,9999.000,9999.000,9999.000,9999.000
202607061324,  -0.070,   1.548,9999.000,9999.000,9999.000,9999.000,9999.000,9999.000,9999.000
202607061330,  -0.064,   1.580,9999.000,9999.000,9999.000,9999.000,9999.000,9999.000,9999.000
202607061336,  -0.054,   1.610,9999.000,9999.000,9999.000,9999.000,9999.000,9999.000,9999.000
202607061342,  -0.040,   1.649,9999.000,9999.000,9999.000,9999.000,9999.000,9999.000,9999.000
202607061348,  -0.022,   1.689,9999.000,9999.000,9999.000,9999.000,9999.000,9999.000,9999.000
202607061354,   0.000,   1.748,9999.000,9999.000,9999.000,9999.000,9999.000,9999.000,9999.000
202607061400,   0.025,   1.810,   0.700,   1.085,   1.810,   0.700,   1.810,   0.700,   1.810
202607061406,   0.055,   1.879,9999.000,9999.000,9999.000,9999.000,9999.000,9999.000,9999.000
202607061412,   0.089,   1.981,9999.000,9999.000,9999.000,9999.000,9999.000,9999.000,9999.000
202607061418,   0.127,   2.059,9999.000,9999.000,9999.000,9999.000,9999.000,9999.000,9999.000
202607061424,   0.169,   2.128,9999.000,9999.000,9999.000,9999.000,9999.000,9999.000,9999.000
202607061430,   0.215,   2.200,9999.000,9999.000,9999.000,9999.000,9999.000,9999.000,9999.000
202607061436,   0.264,   2.279,9999.000,9999.000,9999.000,9999.000,9999.000,9999.000,9999.000
202607061442,   0.317,   2.328,9999.000,9999.000,9999.000,9999.000,9999.000,9999.000,9999.000
202607061448,   0.373,   2.387,9999.000,9999.000,9999.000,9999.000,9999.000,9999.000,9999.000
202607061454,   0.432,   2.440,9999.000,9999.000,9999.000,9999.000,9999.000,9999.000,9999.000
202607061500,   0.494,   2.489,   0.700,   1.295,   2.489,   0.700,   2.489,   0.700,   2.489
202607061506,   0.558,   2.528,9999.000,9999.000,9999.000,9999.000,9999.000,9999.000,9999.000
202607061512,   0.624,   2.587,9999.000,9999.000,9999.000,9999.000,9999.000,9999.000,9999.000
202607061518,   0.692,   2.660,9999.000,9999.000,9999.000,9999.000,9999.000,9999.000,9999.000
202607061524,   0.761,   2.719,9999.000,9999.000,9999.000,9999.000,9999.000,9999.000,9999.000
202607061530,   0.831,   2.787,9999.000,9999.000,9999.000,9999.000,9999.000,9999.000,9999.000
202607061536,   0.901,   2.830,9999.000,9999.000,9999.000,9999.000,9999.000,9999.000,9999.000
202607061542,   0.972,   2.869,9999.000,9999.000,9999.000,9999.000,9999.000,9999.000,9999.000
202607061548,   1.042,   2.909,9999.000,9999.000,9999.000,9999.000,9999.000,9999.000,9999.000
202607061554,   1.112,   2.968,9999.000,9999.000,9999.000,9999.000,9999.000,9999.000,9999.000
202607061600,   1.181,   3.017,   0.700,   1.136,   3.017,   0.700,   3.017,   0.700,   3.017
202607061606,   1.249,   3.060,9999.000,9999.000,9999.000,9999.000,9999.000,9999.000,9999.000
202607061612,   1.315,   3.129,9999.000,9999.000,9999.000,9999.000,9999.000,9999.000,9999.000
202607061618,   1.380,   3.178,9999.000,9999.000,9999.000,9999.000,9999.000,9999.000,9999.000
202607061624,   1.443,   3.230,9999.000,9999.000,9999.000,9999.000,9999.000,9999.000,9999.000
202607061630,   1.504,   3.279,9999.000,9999.000,9999.000,9999.000,9999.000,9999.000,9999.000
202607061636,   1.563,   3.329,9999.000,9999.000,9999.000,9999.000,9999.000,9999.000,9999.000
202607061642,   1.620,   3.368,9999.000,9999.000,9999.000,9999.000,9999.000,9999.000,9999.000
202607061648,   1.675,   3.440,9999.000,9999.000,9999.000,9999.000,9999.000,9999.000,9999.000
202607061654,   1.727,   3.480,9999.000,9999.000,9999.000,9999.000,9999.000,9999.000,9999.000
202607061700,   1.777,   3.499,   0.700,   1.022,   3.499,   0.700,   3.499,   0.800,   3.599
202607061706,   1.824,   3.539,9999.000,9999.000,9999.000,9999.000,9999.000,9999.000,9999.000
202607061712,   1.869,   3.578,9999.000,9999.000,9999.000,9999.000,9999.000,9999.000,9999.000
202607061718,   1.912,   3.607,9999.000,9999.000,9999.000,9999.000,9999.000,9999.000,9999.000
202607061724,   1.952,   3.660,9999.000,9999.000,9999.000,9999.000,9999.000,9999.000,9999.000
202607061730,   1.990,   3.660,9999.000,9999.000,9999.000,9999.000,9999.000,9999.000,9999.000
202607061736,   2.026,   3.680,9999.000,9999.000,9999.000,9999.000,9999.000,9999.000,9999.000
202607061742,   2.060,   3.699,9999.000,9999.000,9999.000,9999.000,9999.000,9999.000,9999.000
202607061748,   2.091,   3.739,9999.000,9999.000,9999.000,9999.000,9999.000,9999.000,9999.000
202607061754,   2.120,   3.729,9999.000,9999.000,9999.000,9999.000,9999.000,9999.000,9999.000
202607061800,   2.147,   3.749,   0.700,   0.902,   3.749,   0.700,   3.749,   0.800,   3.849
202607061806,   2.172,   3.768,9999.000,9999.000,9999.000,9999.000,9999.000,9999.000,9999.000
202607061812,   2.194,   3.798,9999.000,9999.000,9999.000,9999.000,9999.000,9999.000,9999.000
202607061818,   2.213,   3.808,9999.000,9999.000,9999.000,9999.000,9999.000,9999.000,9999.000
202607061824,   2.231,   3.827,9999.000,9999.000,9999.000,9999.000,9999.000,9999.000,9999.000
202607061830,   2.245,   3.827,9999.000,9999.000,9999.000,9999.000,9999.000,9999.000,9999.000
202607061836,   2.257,   3.827,9999.000,9999.000,9999.000,9999.000,9999.000,9999.000,9999.000
202607061842,   2.265,   3.837,9999.000,9999.000,9999.000,9999.000,9999.000,9999.000,9999.000
202607061848,   2.271,   3.837,9999.000,9999.000,9999.000,9999.000,9999.000,9999.000,9999.000
202607061854,   2.274,   3.837,9999.000,9999.000,9999.000,9999.000,9999.000,9999.000,9999.000
202607061900,   2.273,   3.827,   0.700,   0.854,   3.827,   0.700,   3.827,   0.800,   3.927
202607061906,   2.269,   3.817,9999.000,9999.000,9999.000,9999.000,9999.000,9999.000,9999.000
202607061912,   2.262,   3.808,9999.000,9999.000,9999.000,9999.000,9999.000,9999.000,9999.000
202607061918,   2.252,   3.778,9999.000,9999.000,9999.000,9999.000,9999.000,9999.000,9999.000
202607061924,   2.238,   3.778,9999.000,9999.000,9999.000,9999.000,9999.000,9999.000,9999.000
202607061930,   2.221,   3.749,9999.000,9999.000,9999.000,9999.000,9999.000,9999.000,9999.000
202607061936,   2.200,   3.749,9999.000,9999.000,9999.000,9999.000,9999.000,9999.000,9999.000
202607061942,   2.176,   3.729,9999.000,9999.000,9999.000,9999.000,9999.000,9999.000,9999.000
202607061948,   2.149,   3.709,9999.000,9999.000,9999.000,9999.000,9999.000,9999.000,9999.000
202607061954,   2.119,   3.699,9999.000,9999.000,9999.000,9999.000,9999.000,9999.000,9999.000
202607062000,   2.086,   3.650,   0.700,   0.864,   3.650,   0.700,   3.650,   0.800,   3.750
202607062006,   2.051,   3.607,9999.000,9999.000,9999.000,9999.000,9999.000,9999.000,9999.000
202607062012,   2.013,   3.539,9999.000,9999.000,9999.000,9999.000,9999.000,9999.000,9999.000
202607062018,   1.973,   3.470,9999.000,9999.000,9999.000,9999.000,9999.000,9999.000,9999.000
202607062024,   1.931,   3.417,9999.000,9999.000,9999.000,9999.000,9999.000,9999.000,9999.000
202607062030,   1.888,   3.368,9999.000,9999.000,9999.000,9999.000,9999.000,9999.000,9999.000
202607062036,   1.843,   3.289,9999.000,9999.000,9999.000,9999.000,9999.000,9999.000,9999.000
202607062042,   1.797,   3.250,9999.000,9999.000,9999.000,9999.000,9999.000,9999.000,9999.000
202607062048,   1.750,   3.188,9999.000,9999.000,9999.000,9999.000,9999.000,9999.000,9999.000
202607062054,   1.703,   3.129,9999.000,9999.000,9999.000,9999.000,9999.000,9999.000,9999.000
202607062100,   1.656,   3.089,   0.800,   0.633,   3.089,   0.700,   2.989,   0.800,   3.089
202607062106,   1.608,   3.040,9999.000,9999.000,9999.000,9999.000,9999.000,9999.000,9999.000
202607062112,   1.561,   3.007,9999.000,9999.000,9999.000,9999.000,9999.000,9999.000,9999.000
202607062118,   1.513,   2.988,9999.000,9999.000,9999.000,9999.000,9999.000,9999.000,9999.000
202607062124,   1.467,   2.948,9999.000,9999.000,9999.000,9999.000,9999.000,9999.000,9999.000
202607062130,   1.421,   2.919,9999.000,9999.000,9999.000,9999.000,9999.000,9999.000,9999.000
202607062136,   1.375,   2.889,9999.000,9999.000,9999.000,9999.000,9999.000,9999.000,9999.000
202607062142,   1.331,   2.860,9999.000,9999.000,9999.000,9999.000,9999.000,9999.000,9999.000
202607062148,   1.287,   2.830,9999.000,9999.000,9999.000,9999.000,9999.000,9999.000,9999.000
202607062154,   1.244,   2.797,9999.000,9999.000,9999.000,9999.000,9999.000,9999.000,9999.000
202607062200,   1.202,   2.768,   0.800,   0.766,   2.768,   0.700,   2.668,   0.800,   2.768
202607062206,   1.161,   2.738,9999.000,9999.000,9999.000,9999.000,9999.000,9999.000,9999.000
202607062212,   1.120,   2.709,9999.000,9999.000,9999.000,9999.000,9999.000,9999.000,9999.000
202607062218,   1.080,   2.669,9999.000,9999.000,9999.000,9999.000,9999.000,9999.000,9999.000
202607062224,   1.041,   2.650,9999.000,9999.000,9999.000,9999.000,9999.000,9999.000,9999.000
202607062230,   1.002,   2.620,9999.000,9999.000,9999.000,9999.000,9999.000,9999.000,9999.000
202607062236,   0.964,   2.587,9999.000,9999.000,9999.000,9999.000,9999.000,9999.000,9999.000
202607062242,   0.926,   2.538,9999.000,9999.000,9999.000,9999.000,9999.000,9999.000,9999.000
202607062248,   0.889,   2.499,9999.000,9999.000,9999.000,9999.000,9999.000,9999.000,9999.000
202607062254,   0.852,   2.459,9999.000,9999.000,9999.000,9999.000,9999.000,9999.000,9999.000
202607062300,   0.815,   2.420,   0.800,   0.805,   2.420,   0.700,   2.320,   0.800,   2.420
202607062306,   0.778,   2.377,9999.000,9999.000,9999.000,9999.000,9999.000,9999.000,9999.000
202607062312,   0.741,   2.338,9999.000,9999.000,9999.000,9999.000,9999.000,9999.000,9999.000
202607062318,   0.705,   2.299,9999.000,9999.000,9999.000,9999.000,9999.000,9999.000,9999.000
202607062324,   0.668,   2.250,9999.000,9999.000,9999.000,9999.000,9999.000,9999.000,9999.000
202607062330,   0.632,   2.200,9999.000,9999.000,9999.000,9999.000,9999.000,9999.000,9999.000
202607062336,   0.596,   2.168,9999.000,9999.000,9999.000,9999.000,9999.000,9999.000,9999.000
202607062342,   0.560,   2.118,9999.000,9999.000,9999.000,9999.000,9999.000,9999.000,9999.000
202607062348,   0.524,   2.069,9999.000,9999.000,9999.000,9999.000,9999.000,9999.000,9999.000
202607062354,   0.489,   2.040,9999.000,9999.000,9999.000,9999.000,9999.000,9999.000,9999.000
202607070000,   0.454,   2.030,   0.800,   0.776,   2.030,   0.800,   2.030,   0.800,   2.030
202607070006,   0.420,   2.010,9999.000,9999.000,9999.000,9999.000,9999.000,9999.000,9999.000
202607070012,   0.386,   2.000,9999.000,9999.000,9999.000,9999.000,9999.000,9999.000,9999.000
202607070018,   0.353,   1.967,9999.000,9999.000,9999.000,9999.000,9999.000,9999.000,9999.000
202607070024,   0.321,   1.967,9999.000,9999.000,9999.000,9999.000,9999.000,9999.000,9999.000
202607070030,   0.290,   1.967,9999.000,9999.000,9999.000,9999.000,9999.000,9999.000,9999.000
202607070036,   0.260,   1.958,9999.000,9999.000,9999.000,9999.000,9999.000,9999.000,9999.000
202607070042,   0.231,   1.948,9999.000,9999.000,9999.000,9999.000,9999.000,9999.000,9999.000
202607070048,   0.203,   1.958,9999.000,9999.000,9999.000,9999.000,9999.000,9999.000,9999.000
202607070054,   0.178,   1.990,9999.000,9999.000,9999.000,9999.000,9999.000,9999.000,9999.000
202607070100,   0.154,   1.948,   0.800,   0.994,   1.948,   0.800,   1.948,   0.800,   1.948
202607070106,   0.132,   1.958,9999.000,9999.000,9999.000,9999.000,9999.000,9999.000,9999.000
202607070112,   0.112,   1.958,9999.000,9999.000,9999.000,9999.000,9999.000,9999.000,9999.000
202607070118,   0.094,   1.918,9999.000,9999.000,9999.000,9999.000,9999.000,9999.000,9999.000
202607070124,   0.079,   1.908,9999.000,9999.000,9999.000,9999.000,9999.000,9999.000,9999.000
202607070130,   0.066,   1.938,9999.000,9999.000,9999.000,9999.000,9999.000,9999.000,9999.000
202607070136,   0.056,   1.948,9999.000,9999.000,9999.000,9999.000,9999.000,9999.000,9999.000
202607070142,   0.050,   1.967,9999.000,9999.000,9999.000,9999.000,9999.000,9999.000,9999.000
202607070148,   0.046,   2.030,9999.000,9999.000,9999.000,9999.000,9999.000,9999.000,9999.000
202607070154,   0.046,   2.059,9999.000,9999.000,9999.000,9999.000,9999.000,9999.000,9999.000
202607070200,   0.049,   2.089,   0.800,   1.240,   2.089,   0.800,   2.089,   0.800,   2.089
202607070206,   0.056,   2.148,9999.000,9999.000,9999.000,9999.000,9999.000,9999.000,9999.000
202607070212,   0.066,   2.210,9999.000,9999.000,9999.000,9999.000,9999.000,9999.000,9999.000
202607070218,   0.080,   2.299,9999.000,9999.000,9999.000,9999.000,9999.000,9999.000,9999.000
202607070224,   0.099,   2.368,9999.000,9999.000,9999.000,9999.000,9999.000,9999.000,9999.000
202607070230,   0.121,   2.440,9999.000,9999.000,9999.000,9999.000,9999.000,9999.000,9999.000
202607070236,   0.147,   2.528,9999.000,9999.000,9999.000,9999.000,9999.000,9999.000,9999.000
202607070242,   0.176,   2.587,9999.000,9999.000,9999.000,9999.000,9999.000,9999.000,9999.000
202607070248,   0.210,   2.650,9999.000,9999.000,9999.000,9999.000,9999.000,9999.000,9999.000
202607070254,   0.247,   2.709,9999.000,9999.000,9999.000,9999.000,9999.000,9999.000,9999.000
202607070300,   0.288,   2.758,   0.800,   1.670,   2.758,   0.800,   2.758,   0.800,   2.758
202607070306,   0.332,   2.807,9999.000,9999.000,9999.000,9999.000,9999.000,9999.000,9999.000
202607070312,   0.380,   2.860,9999.000,9999.000,9999.000,9999.000,9999.000,9999.000,9999.000
202607070318,   0.430,   2.909,9999.000,9999.000,9999.000,9999.000,9999.000,9999.000,9999.000
202607070324,   0.483,   2.958,9999.000,9999.000,9999.000,9999.000,9999.000,9999.000,9999.000
202607070330,   0.539,   2.997,9999.000,9999.000,9999.000,9999.000,9999.000,9999.000,9999.000
202607070336,   0.596,   3.060,9999.000,9999.000,9999.000,9999.000,9999.000,9999.000,9999.000
202607070342,   0.656,   3.099,9999.000,9999.000,9999.000,9999.000,9999.000,9999.000,9999.000
202607070348,   0.716,   3.158,9999.000,9999.000,9999.000,9999.000,9999.000,9999.000,9999.000
202607070354,   0.778,   3.207,9999.000,9999.000,9999.000,9999.000,9999.000,9999.000,9999.000
202607070400,   0.840,   3.279,   0.800,   1.639,   3.279,   0.800,   3.279,   0.900,   3.379
202607070406,   0.903,   3.329,9999.000,9999.000,9999.000,9999.000,9999.000,9999.000,9999.000
202607070412,   0.966,   3.378,9999.000,9999.000,9999.000,9999.000,9999.000,9999.000,9999.000
202607070418,   1.029,   3.440,9999.000,9999.000,9999.000,9999.000,9999.000,9999.000,9999.000
202607070424,   1.090,   3.480,9999.000,9999.000,9999.000,9999.000,9999.000,9999.000,9999.000
202607070430,   1.151,   3.539,9999.000,9999.000,9999.000,9999.000,9999.000,9999.000,9999.000
202607070436,   1.211,   3.568,9999.000,9999.000,9999.000,9999.000,9999.000,9999.000,9999.000
202607070442,   1.270,   3.627,9999.000,9999.000,9999.000,9999.000,9999.000,9999.000,9999.000
202607070448,   1.327,   3.680,9999.000,9999.000,9999.000,9999.000,9999.000,9999.000,9999.000
202607070454,   1.382,   3.719,9999.000,9999.000,9999.000,9999.000,9999.000,9999.000,9999.000
202607070500,   1.435,   3.739,   0.800,   1.504,   3.739,   0.800,   3.739,   0.900,   3.839
202607070506,   1.486,   3.798,9999.000,9999.000,9999.000,9999.000,9999.000,9999.000,9999.000
202607070512,   1.536,   3.837,9999.000,9999.000,9999.000,9999.000,9999.000,9999.000,9999.000
202607070518,   1.583,   3.880,9999.000,9999.000,9999.000,9999.000,9999.000,9999.000,9999.000
202607070524,   1.628,   3.919,9999.000,9999.000,9999.000,9999.000,9999.000,9999.000,9999.000
202607070530,   1.671,   3.958,9999.000,9999.000,9999.000,9999.000,9999.000,9999.000,9999.000
202607070536,   1.712,   3.978,9999.000,9999.000,9999.000,9999.000,9999.000,9999.000,9999.000
202607070542,   1.751,   4.027,9999.000,9999.000,9999.000,9999.000,9999.000,9999.000,9999.000
202607070548,   1.788,   4.047,9999.000,9999.000,9999.000,9999.000,9999.000,9999.000,9999.000
202607070554,   1.823,   4.099,9999.000,9999.000,9999.000,9999.000,9999.000,9999.000,9999.000
202607070600,   1.855,   4.119,   0.800,   1.464,   4.119,   0.800,   4.119,   0.900,   4.219
202607070606,   1.886,   4.149,9999.000,9999.000,9999.000,9999.000,9999.000,9999.000,9999.000
202607070612,   1.915,   4.159,9999.000,9999.000,9999.000,9999.000,9999.000,9999.000,9999.000
202607070618,   1.942,   4.188,9999.000,9999.000,9999.000,9999.000,9999.000,9999.000,9999.000
202607070624,   1.966,   4.208,9999.000,9999.000,9999.000,9999.000,9999.000,9999.000,9999.000
202607070630,   1.989,   4.227,9999.000,9999.000,9999.000,9999.000,9999.000,9999.000,9999.000
202607070636,   2.010,   4.227,9999.000,9999.000,9999.000,9999.000,9999.000,9999.000,9999.000
202607070642,   2.028,   4.237,9999.000,9999.000,9999.000,9999.000,9999.000,9999.000,9999.000
202607070648,   2.044,   4.247,9999.000,9999.000,9999.000,9999.000,9999.000,9999.000,9999.000
202607070654,   2.057,   4.237,9999.000,9999.000,9999.000,9999.000,9999.000,9999.000,9999.000
202607070700,   2.068,   4.237,   0.800,   1.369,   4.237,   0.800,   4.237,   0.900,   4.337
202607070706,   2.076,   4.247,9999.000,9999.000,9999.000,9999.000,9999.000,9999.000,9999.000
202607070712,   2.081,   4.247,9999.000,9999.000,9999.000,9999.000,9999.000,9999.000,9999.000
202607070718,   2.083,   4.247,9999.000,9999.000,9999.000,9999.000,9999.000,9999.000,9999.000
202607070724,   2.082,   4.218,9999.000,9999.000,9999.000,9999.000,9999.000,9999.000,9999.000
202607070730,   2.078,   4.218,9999.000,9999.000,9999.000,9999.000,9999.000,9999.000,9999.000
202607070736,   2.071,   4.218,9999.000,9999.000,9999.000,9999.000,9999.000,9999.000,9999.000
202607070742,   2.060,   4.208,9999.000,9999.000,9999.000,9999.000,9999.000,9999.000,9999.000
202607070748,   2.046,   4.178,9999.000,9999.000,9999.000,9999.000,9999.000,9999.000,9999.000
202607070754,   2.029,   4.149,9999.000,9999.000,9999.000,9999.000,9999.000,9999.000,9999.000
202607070800,   2.008,   4.109,   0.900,   1.201,   4.109,   0.800,   4.009,   0.900,   4.109
202607070806,   1.984,   4.080,9999.000,9999.000,9999.000,9999.000,9999.000,9999.000,9999.000
202607070812,   1.957,   4.027,9999.000,9999.000,9999.000,9999.000,9999.000,9999.000,9999.000
202607070818,   1.927,   3.978,9999.000,9999.000,9999.000,9999.000,9999.000,9999.000,9999.000
202607070824,   1.894,   3.929,9999.000,9999.000,9999.000,9999.000,9999.000,9999.000,9999.000
202607070830,   1.858,   3.870,9999.000,9999.000,9999.000,9999.000,9999.000,9999.000,9999.000
202607070836,   1.820,   3.817,9999.000,9999.000,9999.000,9999.000,9999.000,9999.000,9999.000
202607070842,   1.780,   3.739,9999.000,9999.000,9999.000,9999.000,9999.000,9999.000,9999.000
202607070848,   1.737,   3.709,9999.000,9999.000,9999.000,9999.000,9999.000,9999.000,9999.000
202607070854,   1.693,   3.660,9999.000,9999.000,9999.000,9999.000,9999.000,9999.000,9999.000
202607070900,   1.647,   3.588,   0.900,   1.041,   3.588,   0.800,   3.488,   0.900,   3.588
202607070906,   1.600,   3.539,9999.000,9999.000,9999.000,9999.000,9999.000,9999.000,9999.000
202607070912,   1.553,   3.529,9999.000,9999.000,9999.000,9999.000,9999.000,9999.000,9999.000
202607070918,   1.504,   3.489,9999.000,9999.000,9999.000,9999.000,9999.000,9999.000,9999.000
202607070924,   1.455,   3.460,9999.000,9999.000,9999.000,9999.000,9999.000,9999.000,9999.000
202607070930,   1.407,   3.417,9999.000,9999.000,9999.000,9999.000,9999.000,9999.000,9999.000
202607070936,   1.358,   3.388,9999.000,9999.000,9999.000,9999.000,9999.000,9999.000,9999.000
202607070942,   1.309,   3.339,9999.000,9999.000,9999.000,9999.000,9999.000,9999.000,9999.000
202607070948,   1.261,   3.309,9999.000,9999.000,9999.000,9999.000,9999.000,9999.000,9999.000
202607070954,   1.213,   3.260,9999.000,9999.000,9999.000,9999.000,9999.000,9999.000,9999.000
202607071000,   1.166,   3.188,   0.900,   1.122,   3.188,   0.800,   3.088,   0.900,   3.188
202607071006,   1.120,   3.168,9999.000,9999.000,9999.000,9999.000,9999.000,9999.000,9999.000
202607071012,   1.074,   3.129,9999.000,9999.000,9999.000,9999.000,9999.000,9999.000,9999.000
202607071018,   1.030,   3.089,9999.000,9999.000,9999.000,9999.000,9999.000,9999.000,9999.000
202607071024,   0.986,   3.060,9999.000,9999.000,9999.000,9999.000,9999.000,9999.000,9999.000
202607071030,   0.943,   3.007,9999.000,9999.000,9999.000,9999.000,9999.000,9999.000,9999.000
202607071036,   0.901,   2.958,9999.000,9999.000,9999.000,9999.000,9999.000,9999.000,9999.000
202607071042,   0.860,   2.919,9999.000,9999.000,9999.000,9999.000,9999.000,9999.000,9999.000
202607071048,   0.819,   2.850,9999.000,9999.000,9999.000,9999.000,9999.000,9999.000,9999.000
202607071054,   0.780,   2.807,9999.000,9999.000,9999.000,9999.000,9999.000,9999.000,9999.000
202607071100,   0.740,   2.758,   0.900,   1.118,   2.758,   0.800,   2.658,   0.900,   2.758
202607071106,   0.702,   2.719,9999.000,9999.000,9999.000,9999.000,9999.000,9999.000,9999.000
202607071112,   0.663,   2.679,9999.000,9999.000,9999.000,9999.000,9999.000,9999.000,9999.000
202607071118,   0.626,   2.630,9999.000,9999.000,9999.000,9999.000,9999.000,9999.000,9999.000
202607071124,   0.588,   2.587,9999.000,9999.000,9999.000,9999.000,9999.000,9999.000,9999.000
202607071130,   0.551,   2.548,9999.000,9999.000,9999.000,9999.000,9999.000,9999.000,9999.000
202607071136,   0.514,   2.499,9999.000,9999.000,9999.000,9999.000,9999.000,9999.000,9999.000
202607071142,   0.478,   2.450,9999.000,9999.000,9999.000,9999.000,9999.000,9999.000,9999.000
202607071148,   0.442,   2.400,9999.000,9999.000,9999.000,9999.000,9999.000,9999.000,9999.000
202607071154,   0.406,   2.368,9999.000,9999.000,9999.000,9999.000,9999.000,9999.000,9999.000
202607071200,   0.370,   2.328,   0.900,   1.058,   2.328,   0.800,   2.228,   0.900,   2.328
202607071206,   0.335,   2.299,9999.000,9999.000,9999.000,9999.000,9999.000,9999.000,9999.000
202607071212,   0.301,   2.259,9999.000,9999.000,9999.000,9999.000,9999.000,9999.000,9999.000
202607071218,   0.267,   2.210,9999.000,9999.000,9999.000,9999.000,9999.000,9999.000,9999.000
202607071224,   0.233,   2.191,9999.000,9999.000,9999.000,9999.000,9999.000,9999.000,9999.000
202607071230,   0.200,   2.138,9999.000,9999.000,9999.000,9999.000,9999.000,9999.000,9999.000
202607071236,   0.169,   2.128,9999.000,9999.000,9999.000,9999.000,9999.000,9999.000,9999.000
202607071242,   0.138,   2.089,9999.000,9999.000,9999.000,9999.000,9999.000,9999.000,9999.000
202607071248,   0.108,   2.079,9999.000,9999.000,9999.000,9999.000,9999.000,9999.000,9999.000
202607071254,   0.079,   2.059,9999.000,9999.000,9999.000,9999.000,9999.000,9999.000,9999.000
202607071300,   0.052,   2.020,   0.900,   1.068,   2.020,   0.800,   1.920,   0.900,   2.020
202607071306,   0.026,   2.010,9999.000,9999.000,9999.000,9999.000,9999.000,9999.000,9999.000
202607071312,   0.002,   1.990,9999.000,9999.000,9999.000,9999.000,9999.000,9999.000,9999.000
202607071318,  -0.019,   1.990,9999.000,9999.000,9999.000,9999.000,9999.000,9999.000,9999.000
202607071324,  -0.040,   1.981,9999.000,9999.000,9999.000,9999.000,9999.000,9999.000,9999.000
202607071330,  -0.058,   2.010,9999.000,9999.000,9999.000,9999.000,9999.000,9999.000,9999.000
202607071336,  -0.074,   1.990,9999.000,9999.000,9999.000,9999.000,9999.000,9999.000,9999.000
202607071342,  -0.088,   1.990,9999.000,9999.000,9999.000,9999.000,9999.000,9999.000,9999.000
202607071348,  -0.099,   2.000,9999.000,9999.000,9999.000,9999.000,9999.000,9999.000,9999.000
202607071354,  -0.107,   2.010,9999.000,9999.000,9999.000,9999.000,9999.000,9999.000,9999.000
202607071400,  -0.112,   2.000,   0.900,   1.212,   2.000,   0.800,   1.900,   0.900,   2.000
202607071406,  -0.114,   2.059,9999.000,9999.000,9999.000,9999.000,9999.000,9999.000,9999.000
202607071412,  -0.112,   2.059,9999.000,9999.000,9999.000,9999.000,9999.000,9999.000,9999.000
202607071418,  -0.107,   2.109,9999.000,9999.000,9999.000,9999.000,9999.000,9999.000,9999.000
202607071424,  -0.098,   2.118,9999.000,9999.000,9999.000,9999.000,9999.000,9999.000,9999.000
202607071430,  -0.086,   2.168,9999.000,9999.000,9999.000,9999.000,9999.000,9999.000,9999.000
202607071436,  -0.070,   2.240,9999.000,9999.000,9999.000,9999.000,9999.000,9999.000,9999.000
202607071442,  -0.050,   2.289,9999.000,9999.000,9999.000,9999.000,9999.000,9999.000,9999.000
202607071448,  -0.025,   2.318,9999.000,9999.000,9999.000,9999.000,9999.000,9999.000,9999.000
202607071454,   0.002,   2.410,9999.000,9999.000,9999.000,9999.000,9999.000,9999.000,9999.000
202607071500,   0.034,   2.479,   0.900,   1.545,   2.479,   0.800,   2.379,   0.900,   2.479
202607071506,   0.071,   2.538,9999.000,9999.000,9999.000,9999.000,9999.000,9999.000,9999.000
202607071512,   0.111,   2.587,9999.000,9999.000,9999.000,9999.000,9999.000,9999.000,9999.000
202607071518,   0.155,   2.650,9999.000,9999.000,9999.000,9999.000,9999.000,9999.000,9999.000
202607071524,   0.203,   2.719,9999.000,9999.000,9999.000,9999.000,9999.000,9999.000,9999.000
202607071530,   0.255,   2.787,9999.000,9999.000,9999.000,9999.000,9999.000,9999.000,9999.000
202607071536,   0.310,   2.860,9999.000,9999.000,9999.000,9999.000,9999.000,9999.000,9999.000
202607071542,   0.368,   2.909,9999.000,9999.000,9999.000,9999.000,9999.000,9999.000,9999.000
202607071548,   0.429,   2.948,9999.000,9999.000,9999.000,9999.000,9999.000,9999.000,9999.000
202607071554,   0.493,   2.997,9999.000,9999.000,9999.000,9999.000,9999.000,9999.000,9999.000
202607071600,   0.559,   3.050,   0.900,   1.591,   3.050,   0.800,   2.950,   1.000,   3.150
202607071606,   0.626,   3.099,9999.000,9999.000,9999.000,9999.000,9999.000,9999.000,9999.000
202607071612,   0.696,   3.129,9999.000,9999.000,9999.000,9999.000,9999.000,9999.000,9999.000
202607071618,   0.766,   3.207,9999.000,9999.000,9999.000,9999.000,9999.000,9999.000,9999.000
202607071624,   0.838,   3.279,9999.000,9999.000,9999.000,9999.000,9999.000,9999.000,9999.000
202607071630,   0.910,   3.299,9999.000,9999.000,9999.000,9999.000,9999.000,9999.000,9999.000
202607071636,   0.982,   3.339,9999.000,9999.000,9999.000,9999.000,9999.000,9999.000,9999.000
202607071642,   1.054,   3.388,9999.000,9999.000,9999.000,9999.000,9999.000,9999.000,9999.000
202607071648,   1.125,   3.460,9999.000,9999.000,9999.000,9999.000,9999.000,9999.000,9999.000
202607071654,   1.196,   3.480,9999.000,9999.000,9999.000,9999.000,9999.000,9999.000,9999.000
202607071700,   1.265,   3.539,   0.900,   1.374,   3.539,   0.800,   3.439,   1.000,   3.639
202607071706,   1.334,   3.607,9999.000,9999.000,9999.000,9999.000,9999.000,9999.000,9999.000
202607071712,   1.400,   3.660,9999.000,9999.000,9999.000,9999.000,9999.000,9999.000,9999.000
202607071718,   1.466,   3.709,9999.000,9999.000,9999.000,9999.000,9999.000,9999.000,9999.000
202607071724,   1.529,   3.749,9999.000,9999.000,9999.000,9999.000,9999.000,9999.000,9999.000
202607071730,   1.590,   3.778,9999.000,9999.000,9999.000,9999.000,9999.000,9999.000,9999.000
202607071736,   1.650,   3.837,9999.000,9999.000,9999.000,9999.000,9999.000,9999.000,9999.000
202607071742,   1.707,   3.880,9999.000,9999.000,9999.000,9999.000,9999.000,9999.000,9999.000
202607071748,   1.762,   3.939,9999.000,9999.000,9999.000,9999.000,9999.000,9999.000,9999.000
202607071754,   1.815,   3.978,9999.000,9999.000,9999.000,9999.000,9999.000,9999.000,9999.000
202607071800,   1.866,   3.998,   0.900,   1.232,   3.998,   0.800,   3.898,   0.900,   3.998
202607071806,   1.915,   4.037,9999.000,9999.000,9999.000,9999.000,9999.000,9999.000,9999.000
202607071812,   1.961,   4.090,9999.000,9999.000,9999.000,9999.000,9999.000,9999.000,9999.000
202607071818,   2.006,   4.099,9999.000,9999.000,9999.000,9999.000,9999.000,9999.000,9999.000
202607071824,   2.048,   4.119,9999.000,9999.000,9999.000,9999.000,9999.000,9999.000,9999.000
202607071830,   2.088,   4.149,9999.000,9999.000,9999.000,9999.000,9999.000,9999.000,9999.000
202607071836,   2.127,   4.168,9999.000,9999.000,9999.000,9999.000,9999.000,9999.000,9999.000
202607071842,   2.163,   4.198,9999.000,9999.000,9999.000,9999.000,9999.000,9999.000,9999.000
202607071848,   2.196,   4.218,9999.000,9999.000,9999.000,9999.000,9999.000,9999.000,9999.000
202607071854,   2.228,   4.227,9999.000,9999.000,9999.000,9999.000,9999.000,9999.000,9999.000
202607071900,   2.257,   4.247,   0.900,   1.090,   4.247,   0.800,   4.147,   0.900,   4.247
202607071906,   2.284,   4.257,9999.000,9999.000,9999.000,9999.000,9999.000,9999.000,9999.000
202607071912,   2.308,   4.267,9999.000,9999.000,9999.000,9999.000,9999.000,9999.000,9999.000
202607071918,   2.329,   4.280,9999.000,9999.000,9999.000,9999.000,9999.000,9999.000,9999.000
202607071924,   2.348,   4.280,9999.000,9999.000,9999.000,9999.000,9999.000,9999.000,9999.000
202607071930,   2.364,   4.309,9999.000,9999.000,9999.000,9999.000,9999.000,9999.000,9999.000
202607071936,   2.376,   4.280,9999.000,9999.000,9999.000,9999.000,9999.000,9999.000,9999.000
202607071942,   2.386,   4.267,9999.000,9999.000,9999.000,9999.000,9999.000,9999.000,9999.000
202607071948,   2.392,   4.257,9999.000,9999.000,9999.000,9999.000,9999.000,9999.000,9999.000
202607071954,   2.395,   4.280,9999.000,9999.000,9999.000,9999.000,9999.000,9999.000,9999.000
202607072000,   2.394,   4.257,   0.900,   0.963,   4.257,   0.800,   4.157,   1.000,   4.357
202607072006,   2.390,   4.257,9999.000,9999.000,9999.000,9999.000,9999.000,9999.000,9999.000
202607072012,   2.382,   4.208,9999.000,9999.000,9999.000,9999.000,9999.000,9999.000,9999.000
202607072018,   2.370,   4.208,9999.000,9999.000,9999.000,9999.000,9999.000,9999.000,9999.000
202607072024,   2.355,   4.178,9999.000,9999.000,9999.000,9999.000,9999.000,9999.000,9999.000
202607072030,   2.337,   4.178,9999.000,9999.000,9999.000,9999.000,9999.000,9999.000,9999.000
202607072036,   2.314,   4.119,9999.000,9999.000,9999.000,9999.000,9999.000,9999.000,9999.000
202607072042,   2.289,   4.129,9999.000,9999.000,9999.000,9999.000,9999.000,9999.000,9999.000
202607072048,   2.260,   4.070,9999.000,9999.000,9999.000,9999.000,9999.000,9999.000,9999.000
202607072054,   2.228,   4.008,9999.000,9999.000,9999.000,9999.000,9999.000,9999.000,9999.000
202607072100,   2.194,   3.968,   0.900,   0.874,   3.968,   0.800,   3.868,   1.000,   4.068
202607072106,   2.156,   3.939,9999.000,9999.000,9999.000,9999.000,9999.000,9999.000,9999.000
202607072112,   2.117,   3.860,9999.000,9999.000,9999.000,9999.000,9999.000,9999.000,9999.000
202607072118,   2.075,   3.798,9999.000,9999.000,9999.000,9999.000,9999.000,9999.000,9999.000
202607072124,   2.032,   3.749,9999.000,9999.000,9999.000,9999.000,9999.000,9999.000,9999.000
202607072130,   1.987,   3.709,9999.000,9999.000,9999.000,9999.000,9999.000,9999.000,9999.000
202607072136,   1.941,   3.660,9999.000,9999.000,9999.000,9999.000,9999.000,9999.000,9999.000
202607072142,   1.895,   3.607,9999.000,9999.000,9999.000,9999.000,9999.000,9999.000,9999.000
202607072148,   1.847,   3.607,9999.000,9999.000,9999.000,9999.000,9999.000,9999.000,9999.000
202607072154,   1.799,   3.548,9999.000,9999.000,9999.000,9999.000,9999.000,9999.000,9999.000
202607072200,   1.751,   3.529,   0.900,   0.878,   3.529,   0.800,   3.429,   0.900,   3.529
202607072206,   1.703,   3.509,9999.000,9999.000,9999.000,9999.000,9999.000,9999.000,9999.000
202607072212,   1.655,   3.450,9999.000,9999.000,9999.000,9999.000,9999.000,9999.000,9999.000
202607072218,   1.607,   3.440,9999.000,9999.000,9999.000,9999.000,9999.000,9999.000,9999.000
202607072224,   1.560,   3.388,9999.000,9999.000,9999.000,9999.000,9999.000,9999.000,9999.000
202607072230,   1.513,   3.348,9999.000,9999.000,9999.000,9999.000,9999.000,9999.000,9999.000
202607072236,   1.467,   3.289,9999.000,9999.000,9999.000,9999.000,9999.000,9999.000,9999.000
202607072242,   1.422,   3.260,9999.000,9999.000,9999.000,9999.000,9999.000,9999.000,9999.000
202607072248,   1.377,   3.217,9999.000,9999.000,9999.000,9999.000,9999.000,9999.000,9999.000
202607072254,   1.333,   3.178,9999.000,9999.000,9999.000,9999.000,9999.000,9999.000,9999.000
202607072300,   1.290,   3.129,   0.900,   0.939,   3.129,   0.800,   3.029,   0.900,   3.129
202607072306,   1.247,   3.089,9999.000,9999.000,9999.000,9999.000,9999.000,9999.000,9999.000
202607072312,   1.205,   3.040,9999.000,9999.000,9999.000,9999.000,9999.000,9999.000,9999.000
202607072318,   1.163,   2.988,9999.000,9999.000,9999.000,9999.000,9999.000,9999.000,9999.000
202607072324,   1.122,   2.948,9999.000,9999.000,9999.000,9999.000,9999.000,9999.000,9999.000
202607072330,   1.081,   2.909,9999.000,9999.000,9999.000,9999.000,9999.000,9999.000,9999.000
202607072336,   1.041,   2.869,9999.000,9999.000,9999.000,9999.000,9999.000,9999.000,9999.000
202607072342,   1.001,   2.807,9999.000,9999.000,9999.000,9999.000,9999.000,9999.000,9999.000
202607072348,   0.961,   2.778,9999.000,9999.000,9999.000,9999.000,9999.000,9999.000,9999.000
202607072354,   0.921,   2.748,9999.000,9999.000,9999.000,9999.000,9999.000,9999.000,9999.000
202607080000,   0.881,   2.699,   0.900,   0.918,   2.699,   0.800,   2.599,   0.900,   2.699
202607080006,   0.841,   2.640,9999.000,9999.000,9999.000,9999.000,9999.000,9999.000,9999.000
202607080012,   0.802,   2.620,9999.000,9999.000,9999.000,9999.000,9999.000,9999.000,9999.000
202607080018,   0.762,   2.578,9999.000,9999.000,9999.000,9999.000,9999.000,9999.000,9999.000
202607080024,   0.723,   2.538,9999.000,9999.000,9999.000,9999.000,9999.000,9999.000,9999.000
202607080030,   0.683,   2.509,9999.000,9999.000,9999.000,9999.000,9999.000,9999.000,9999.000
202607080036,   0.644,   2.469,9999.000,9999.000,9999.000,9999.000,9999.000,9999.000,9999.000
202607080042,   0.606,   2.440,9999.000,9999.000,9999.000,9999.000,9999.000,9999.000,9999.000
202607080048,   0.567,   2.387,9999.000,9999.000,9999.000,9999.000,9999.000,9999.000,9999.000
202607080054,   0.529,   2.358,9999.000,9999.000,9999.000,9999.000,9999.000,9999.000,9999.000
202607080100,   0.491,   2.309,   0.900,   0.918,   2.309,   0.800,   2.209,   0.900,   2.309
202607080106,   0.454,   2.279,9999.000,9999.000,9999.000,9999.000,9999.000,9999.000,9999.000
202607080112,   0.418,   2.269,9999.000,9999.000,9999.000,9999.000,9999.000,9999.000,9999.000
202607080118,   0.382,   2.230,9999.000,9999.000,9999.000,9999.000,9999.000,9999.000,9999.000
202607080124,   0.348,   2.210,9999.000,9999.000,9999.000,9999.000,9999.000,9999.000,9999.000
202607080130,   0.314,   2.177,9999.000,9999.000,9999.000,9999.000,9999.000,9999.000,9999.000
202607080136,   0.282,   2.148,9999.000,9999.000,9999.000,9999.000,9999.000,9999.000,9999.000
202607080142,   0.251,   2.118,9999.000,9999.000,9999.000,9999.000,9999.000,9999.000,9999.000
202607080148,   0.222,   2.089,9999.000,9999.000,9999.000,9999.000,9999.000,9999.000,9999.000
202607080154,   0.194,   2.079,9999.000,9999.000,9999.000,9999.000,9999.000,9999.000,9999.000
202607080200,   0.169,   2.089,   0.900,   1.020,   2.089,   0.800,   1.989,   0.900,   2.089
202607080206,   0.145,   2.059,9999.000,9999.000,9999.000,9999.000,9999.000,9999.000,9999.000
202607080212,   0.124,   2.049,9999.000,9999.000,9999.000,9999.000,9999.000,9999.000,9999.000
202607080218,   0.105,   2.040,9999.000,9999.000,9999.000,9999.000,9999.000,9999.000,9999.000
202607080224,   0.088,   2.069,9999.000,9999.000,9999.000,9999.000,9999.000,9999.000,9999.000
202607080230,   0.075,   2.089,9999.000,9999.000,9999.000,9999.000,9999.000,9999.000,9999.000
202607080236,   0.064,   2.089,9999.000,9999.000,9999.000,9999.000,9999.000,9999.000,9999.000
202607080242,   0.056,   2.079,9999.000,9999.000,9999.000,9999.000,9999.000,9999.000,9999.000
202607080248,   0.052,   2.079,9999.000,9999.000,9999.000,9999.000,9999.000,9999.000,9999.000
202607080254,   0.051,   2.128,9999.000,9999.000,9999.000,9999.000,9999.000,9999.000,9999.000
202607080300,   0.054,   2.128,   0.900,   1.174,   2.128,   0.800,   2.028,   0.900,   2.128
202607080306,   0.060,   2.168,9999.000,9999.000,9999.000,9999.000,9999.000,9999.000,9999.000
202607080312,   0.070,   2.220,9999.000,9999.000,9999.000,9999.000,9999.000,9999.000,9999.000
202607080318,   0.084,   2.240,9999.000,9999.000,9999.000,9999.000,9999.000,9999.000,9999.000
202607080324,   0.102,   2.279,9999.000,9999.000,9999.000,9999.000,9999.000,9999.000,9999.000
202607080330,   0.123,   2.338,9999.000,9999.000,9999.000,9999.000,9999.000,9999.000,9999.000
202607080336,   0.149,   2.430,9999.000,9999.000,9999.000,9999.000,9999.000,9999.000,9999.000
202607080342,   0.178,   2.469,9999.000,9999.000,9999.000,9999.000,9999.000,9999.000,9999.000
202607080348,   0.211,   2.558,9999.000,9999.000,9999.000,9999.000,9999.000,9999.000,9999.000
202607080354,   0.247,   2.610,9999.000,9999.000,9999.000,9999.000,9999.000,9999.000,9999.000
202607080400,   0.286,   2.689,   0.900,   1.503,   2.689,   0.800,   2.589,   0.900,   2.689
202607080406,   0.329,   2.738,9999.000,9999.000,9999.000,9999.000,9999.000,9999.000,9999.000
202607080412,   0.375,   2.797,9999.000,9999.000,9999.000,9999.000,9999.000,9999.000,9999.000
202607080418,   0.424,   2.860,9999.000,9999.000,9999.000,9999.000,9999.000,9999.000,9999.000
202607080424,   0.474,   2.909,9999.000,9999.000,9999.000,9999.000,9999.000,9999.000,9999.000
202607080430,   0.527,   2.968,9999.000,9999.000,9999.000,9999.000,9999.000,9999.000,9999.000
202607080436,   0.582,   2.997,9999.000,9999.000,9999.000,9999.000,9999.000,9999.000,9999.000
202607080442,   0.638,   3.060,9999.000,9999.000,9999.000,9999.000,9999.000,9999.000,9999.000
202607080448,   0.695,   3.099,9999.000,9999.000,9999.000,9999.000,9999.000,9999.000,9999.000
202607080454,   0.753,   3.129,9999.000,9999.000,9999.000,9999.000,9999.000,9999.000,9999.000
202607080500,   0.812,   3.168,   0.900,   1.456,   3.168,   0.800,   3.068,   0.900,   3.168
202607080506,   0.871,   3.230,9999.000,9999.000,9999.000,9999.000,9999.000,9999.000,9999.000
202607080512,   0.929,   3.270,9999.000,9999.000,9999.000,9999.000,9999.000,9999.000,9999.000
202607080518,   0.987,   3.299,9999.000,9999.000,9999.000,9999.000,9999.000,9999.000,9999.000
202607080524,   1.045,   3.339,9999.000,9999.000,9999.000,9999.000,9999.000,9999.000,9999.000
202607080530,   1.101,   3.378,9999.000,9999.000,9999.000,9999.000,9999.000,9999.000,9999.000
202607080536,   1.157,   3.427,9999.000,9999.000,9999.000,9999.000,9999.000,9999.000,9999.000
202607080542,   1.211,   3.480,9999.000,9999.000,9999.000,9999.000,9999.000,9999.000,9999.000
202607080548,   1.264,   3.519,9999.000,9999.000,9999.000,9999.000,9999.000,9999.000,9999.000
202607080554,   1.315,   3.568,9999.000,9999.000,9999.000,9999.000,9999.000,9999.000,9999.000
202607080600,   1.365,   3.578,   0.900,   1.313,   3.578,   0.800,   3.478,   0.900,   3.578
202607080606,   1.413,   3.607,9999.000,9999.000,9999.000,9999.000,9999.000,9999.000,9999.000
202607080612,   1.460,   3.650,9999.000,9999.000,9999.000,9999.000,9999.000,9999.000,9999.000
202607080618,   1.505,   3.680,9999.000,9999.000,9999.000,9999.000,9999.000,9999.000,9999.000
202607080624,   1.548,   3.709,9999.000,9999.000,9999.000,9999.000,9999.000,9999.000,9999.000
202607080630,   1.589,   3.729,9999.000,9999.000,9999.000,9999.000,9999.000,9999.000,9999.000
202607080636,   1.629,   3.768,9999.000,9999.000,9999.000,9999.000,9999.000,9999.000,9999.000
202607080642,   1.667,   3.788,9999.000,9999.000,9999.000,9999.000,9999.000,9999.000,9999.000
202607080648,   1.703,   3.817,9999.000,9999.000,9999.000,9999.000,9999.000,9999.000,9999.000
202607080654,   1.738,   3.837,9999.000,9999.000,9999.000,9999.000,9999.000,9999.000,9999.000
202607080700,   1.771,   3.860,   0.900,   1.189,   3.860,   0.800,   3.760,   0.900,   3.860
202607080706,   1.802,   3.870,9999.000,9999.000,9999.000,9999.000,9999.000,9999.000,9999.000
202607080712,   1.831,   3.890,9999.000,9999.000,9999.000,9999.000,9999.000,9999.000,9999.000
202607080718,   1.859,   3.890,9999.000,9999.000,9999.000,9999.000,9999.000,9999.000,9999.000
202607080724,   1.885,   3.909,9999.000,9999.000,9999.000,9999.000,9999.000,9999.000,9999.000
202607080730,   1.908,   3.909,9999.000,9999.000,9999.000,9999.000,9999.000,9999.000,9999.000
202607080736,   1.929,   3.909,9999.000,9999.000,9999.000,9999.000,9999.000,9999.000,9999.000
202607080742,   1.948,   3.909,9999.000,9999.000,9999.000,9999.000,9999.000,9999.000,9999.000
202607080748,   1.965,   3.929,9999.000,9999.000,9999.000,9999.000,9999.000,9999.000,9999.000
202607080754,   1.979,   3.909,9999.000,9999.000,9999.000,9999.000,9999.000,9999.000,9999.000
202607080800,   1.990,   3.929,   0.900,   1.039,   3.929,   0.800,   3.829,   0.900,   3.929
202607080806,   1.998,   3.919,9999.000,9999.000,9999.000,9999.000,9999.000,9999.000,9999.000
202607080812,   2.003,   3.890,9999.000,9999.000,9999.000,9999.000,9999.000,9999.000,9999.000
202607080818,   2.005,   3.880,9999.000,9999.000,9999.000,9999.000,9999.000,9999.000,9999.000
202607080824,   2.004,   3.847,9999.000,9999.000,9999.000,9999.000,9999.000,9999.000,9999.000
202607080830,   1.999,   3.837,9999.000,9999.000,9999.000,9999.000,9999.000,9999.000,9999.000
202607080836,   1.991,   3.817,9999.000,9999.000,9999.000,9999.000,9999.000,9999.000,9999.000
202607080842,   1.979,   3.808,9999.000,9999.000,9999.000,9999.000,9999.000,9999.000,9999.000
202607080848,   1.964,   3.788,9999.000,9999.000,9999.000,9999.000,9999.000,9999.000,9999.000
202607080854,   1.945,   3.739,9999.000,9999.000,9999.000,9999.000,9999.000,9999.000,9999.000
202607080900,   1.923,   3.689,   0.900,   0.866,   3.689,   0.800,   3.589,   0.900,   3.689
202607080906,   1.897,   3.637,9999.000,9999.000,9999.000,9999.000,9999.000,9999.000,9999.000
202607080912,   1.868,   3.568,9999.000,9999.000,9999.000,9999.000,9999.000,9999.000,9999.000
202607080918,   1.837,   3.509,9999.000,9999.000,9999.000,9999.000,9999.000,9999.000,9999.000
202607080924,   1.802,   3.460,9999.000,9999.000,9999.000,9999.000,9999.000,9999.000,9999.000
202607080930,   1.765,   3.388,9999.000,9999.000,9999.000,9999.000,9999.000,9999.000,9999.000
202607080936,   1.726,   3.348,9999.000,9999.000,9999.000,9999.000,9999.000,9999.000,9999.000
202607080942,   1.684,   3.289,9999.000,9999.000,9999.000,9999.000,9999.000,9999.000,9999.000
202607080948,   1.641,   3.250,9999.000,9999.000,9999.000,9999.000,9999.000,9999.000,9999.000
202607080954,   1.596,   3.207,9999.000,9999.000,9999.000,9999.000,9999.000,9999.000,9999.000
202607081000,   1.550,   3.178,   0.900,   0.728,   3.178,   0.800,   3.078,   0.900,   3.178
202607081006,   1.502,   3.148,9999.000,9999.000,9999.000,9999.000,9999.000,9999.000,9999.000
202607081012,   1.455,   3.109,9999.000,9999.000,9999.000,9999.000,9999.000,9999.000,9999.000
202607081018,   1.406,   3.079,9999.000,9999.000,9999.000,9999.000,9999.000,9999.000,9999.000
202607081024,   1.358,   3.050,9999.000,9999.000,9999.000,9999.000,9999.000,9999.000,9999.000
202607081030,   1.309,   3.007,9999.000,9999.000,9999.000,9999.000,9999.000,9999.000,9999.000
202607081036,   1.261,   2.958,9999.000,9999.000,9999.000,9999.000,9999.000,9999.000,9999.000
202607081042,   1.213,   2.919,9999.000,9999.000,9999.000,9999.000,9999.000,9999.000,9999.000
202607081048,   1.166,   2.879,9999.000,9999.000,9999.000,9999.000,9999.000,9999.000,9999.000
202607081054,   1.119,   2.830,9999.000,9999.000,9999.000,9999.000,9999.000,9999.000,9999.000
202607081100,   1.073,   2.787,   0.900,   0.814,   2.787,   0.800,   2.687,   0.900,   2.787
202607081106,   1.028,   2.748,9999.000,9999.000,9999.000,9999.000,9999.000,9999.000,9999.000
202607081112,   0.983,   2.709,9999.000,9999.000,9999.000,9999.000,9999.000,9999.000,9999.000
202607081118,   0.939,   2.660,9999.000,9999.000,9999.000,9999.000,9999.000,9999.000,9999.000
202607081124,   0.897,   2.620,9999.000,9999.000,9999.000,9999.000,9999.000,9999.000,9999.000
202607081130,   0.855,   2.548,9999.000,9999.000,9999.000,9999.000,9999.000,9999.000,9999.000
202607081136,   0.813,   2.519,9999.000,9999.000,9999.000,9999.000,9999.000,9999.000,9999.000
202607081142,   0.773,   2.459,9999.000,9999.000,9999.000,9999.000,9999.000,9999.000,9999.000
202607081148,   0.733,   2.410,9999.000,9999.000,9999.000,9999.000,9999.000,9999.000,9999.000
202607081154,   0.693,   2.348,9999.000,9999.000,9999.000,9999.000,9999.000,9999.000,9999.000
202607081200,   0.654,   2.299,   0.800,   0.845,   2.299,   0.800,   2.299,   0.900,   2.399
202607081206,   0.616,   2.259,9999.000,9999.000,9999.000,9999.000,9999.000,9999.000,9999.000
202607081212,   0.578,   2.210,9999.000,9999.000,9999.000,9999.000,9999.000,9999.000,9999.000
202607081218,   0.540,   2.168,9999.000,9999.000,9999.000,9999.000,9999.000,9999.000,9999.000
202607081224,   0.503,   2.128,9999.000,9999.000,9999.000,9999.000,9999.000,9999.000,9999.000
202607081230,   0.467,   2.089,9999.000,9999.000,9999.000,9999.000,9999.000,9999.000,9999.000
202607081236,   0.430,   2.059,9999.000,9999.000,9999.000,9999.000,9999.000,9999.000,9999.000
202607081242,   0.394,   2.030,9999.000,9999.000,9999.000,9999.000,9999.000,9999.000,9999.000
202607081248,   0.359,   1.967,9999.000,9999.000,9999.000,9999.000,9999.000,9999.000,9999.000
202607081254,   0.324,   1.958,9999.000,9999.000,9999.000,9999.000,9999.000,9999.000,9999.000
202607081300,   0.289,   1.899,   0.800,   0.810,   1.899,   0.800,   1.899,   0.900,   1.999
202607081306,   0.255,   1.869,9999.000,9999.000,9999.000,9999.000,9999.000,9999.000,9999.000
202607081312,   0.221,   1.849,9999.000,9999.000,9999.000,9999.000,9999.000,9999.000,9999.000
202607081318,   0.188,   1.781,9999.000,9999.000,9999.000,9999.000,9999.000,9999.000,9999.000
202607081324,   0.156,   1.767,9999.000,9999.000,9999.000,9999.000,9999.000,9999.000,9999.000
202607081330,   0.125,   1.728,9999.000,9999.000,9999.000,9999.000,9999.000,9999.000,9999.000
202607081336,   0.095,   1.718,9999.000,9999.000,9999.000,9999.000,9999.000,9999.000,9999.000
202607081342,   0.066,   1.689,9999.000,9999.000,9999.000,9999.000,9999.000,9999.000,9999.000
202607081348,   0.038,   1.679,9999.000,9999.000,9999.000,9999.000,9999.000,9999.000,9999.000
202607081354,   0.012,   1.659,9999.000,9999.000,9999.000,9999.000,9999.000,9999.000,9999.000
202607081400,  -0.012,   1.630,   0.800,   0.842,   1.630,   0.800,   1.630,   0.900,   1.730
202607081406,  -0.035,   1.610,9999.000,9999.000,9999.000,9999.000,9999.000,9999.000,9999.000
202607081412,  -0.057,   1.610,9999.000,9999.000,9999.000,9999.000,9999.000,9999.000,9999.000
202607081418,  -0.076,   1.610,9999.000,9999.000,9999.000,9999.000,9999.000,9999.000,9999.000
202607081424,  -0.093,   1.610,9999.000,9999.000,9999.000,9999.000,9999.000,9999.000,9999.000
202607081430,  -0.108,   1.620,9999.000,9999.000,9999.000,9999.000,9999.000,9999.000,9999.000
202607081436,  -0.121,   1.620,9999.000,9999.000,9999.000,9999.000,9999.000,9999.000,9999.000
202607081442,  -0.131,   1.630,9999.000,9999.000,9999.000,9999.000,9999.000,9999.000,9999.000
202607081448,  -0.138,   1.639,9999.000,9999.000,9999.000,9999.000,9999.000,9999.000,9999.000
202607081454,  -0.142,   1.669,9999.000,9999.000,9999.000,9999.000,9999.000,9999.000,9999.000
202607081500,  -0.143,   1.699,   0.800,   1.042,   1.699,   0.800,   1.699,   0.900,   1.799
202607081506,  -0.140,   1.758,9999.000,9999.000,9999.000,9999.000,9999.000,9999.000,9999.000
202607081512,  -0.135,   1.800,9999.000,9999.000,9999.000,9999.000,9999.000,9999.000,9999.000
202607081518,  -0.125,   1.869,9999.000,9999.000,9999.000,9999.000,9999.000,9999.000,9999.000
202607081524,  -0.112,   1.928,9999.000,9999.000,9999.000,9999.000,9999.000,9999.000,9999.000
202607081530,  -0.095,   2.000,9999.000,9999.000,9999.000,9999.000,9999.000,9999.000,9999.000
202607081536,  -0.074,   2.069,9999.000,9999.000,9999.000,9999.000,9999.000,9999.000,9999.000
202607081542,  -0.049,   2.109,9999.000,9999.000,9999.000,9999.000,9999.000,9999.000,9999.000
202607081548,  -0.020,   2.210,9999.000,9999.000,9999.000,9999.000,9999.000,9999.000,9999.000
202607081554,   0.013,   2.279,9999.000,9999.000,9999.000,9999.000,9999.000,9999.000,9999.000
202607081600,   0.050,   2.328,   0.800,   1.478,   2.328,   0.800,   2.328,   0.900,   2.428
202607081606,   0.091,   2.410,9999.000,9999.000,9999.000,9999.000,9999.000,9999.000,9999.000
202607081612,   0.136,   2.469,9999.000,9999.000,9999.000,9999.000,9999.000,9999.000,9999.000
202607081618,   0.184,   2.489,9999.000,9999.000,9999.000,9999.000,9999.000,9999.000,9999.000
202607081624,   0.237,   2.587,9999.000,9999.000,9999.000,9999.000,9999.000,9999.000,9999.000
202607081630,   0.292,   2.650,9999.000,9999.000,9999.000,9999.000,9999.000,9999.000,9999.000
202607081636,   0.351,   2.709,9999.000,9999.000,9999.000,9999.000,9999.000,9999.000,9999.000
202607081642,   0.412,   2.758,9999.000,9999.000,9999.000,9999.000,9999.000,9999.000,9999.000
202607081648,   0.476,   2.820,9999.000,9999.000,9999.000,9999.000,9999.000,9999.000,9999.000
202607081654,   0.543,   2.850,9999.000,9999.000,9999.000,9999.000,9999.000,9999.000,9999.000
202607081700,   0.611,   2.919,   0.800,   1.508,   2.919,   0.800,   2.919,   0.900,   3.019
202607081706,   0.681,   2.958,9999.000,9999.000,9999.000,9999.000,9999.000,9999.000,9999.000
202607081712,   0.752,   3.017,9999.000,9999.000,9999.000,9999.000,9999.000,9999.000,9999.000
202607081718,   0.824,   3.070,9999.000,9999.000,9999.000,9999.000,9999.000,9999.000,9999.000
202607081724,   0.897,   3.129,9999.000,9999.000,9999.000,9999.000,9999.000,9999.000,9999.000
202607081730,   0.970,   3.188,9999.000,9999.000,9999.000,9999.000,9999.000,9999.000,9999.000
202607081736,   1.043,   3.299,9999.000,9999.000,9999.000,9999.000,9999.000,9999.000,9999.000
202607081742,   1.115,   3.309,9999.000,9999.000,9999.000,9999.000,9999.000,9999.000,9999.000
202607081748,   1.187,   3.378,9999.000,9999.000,9999.000,9999.000,9999.000,9999.000,9999.000
202607081754,   1.259,   3.407,9999.000,9999.000,9999.000,9999.000,9999.000,9999.000,9999.000
202607081800,   1.329,   3.499,   0.800,   1.370,   3.499,   0.800,   3.499,   0.900,   3.599
202607081806,   1.398,   3.509,9999.000,9999.000,9999.000,9999.000,9999.000,9999.000,9999.000
202607081812,   1.465,   3.568,9999.000,9999.000,9999.000,9999.000,9999.000,9999.000,9999.000
202607081818,   1.531,   3.607,9999.000,9999.000,9999.000,9999.000,9999.000,9999.000,9999.000
202607081824,   1.595,   3.637,9999.000,9999.000,9999.000,9999.000,9999.000,9999.000,9999.000
202607081830,   1.658,   3.709,9999.000,9999.000,9999.000,9999.000,9999.000,9999.000,9999.000
202607081836,   1.719,   3.739,9999.000,9999.000,9999.000,9999.000,9999.000,9999.000,9999.000
202607081842,   1.778,   3.778,9999.000,9999.000,9999.000,9999.000,9999.000,9999.000,9999.000
202607081848,   1.835,   3.827,9999.000,9999.000,9999.000,9999.000,9999.000,9999.000,9999.000
202607081854,   1.890,   3.870,9999.000,9999.000,9999.000,9999.000,9999.000,9999.000,9999.000
202607081900,   1.944,   3.890,   0.800,   1.146,   3.890,   0.800,   3.890,   0.900,   3.990
202607081906,   1.995,   3.909,9999.000,9999.000,9999.000,9999.000,9999.000,9999.000,9999.000
202607081912,   2.045,   3.958,9999.000,9999.000,9999.000,9999.000,9999.000,9999.000,9999.000
202607081918,   2.093,   3.988,9999.000,9999.000,9999.000,9999.000,9999.000,9999.000,9999.000
202607081924,   2.139,   4.017,9999.000,9999.000,9999.000,9999.000,9999.000,9999.000,9999.000
202607081930,   2.182,   4.027,9999.000,9999.000,9999.000,9999.000,9999.000,9999.000,9999.000
202607081936,   2.224,   4.070,9999.000,9999.000,9999.000,9999.000,9999.000,9999.000,9999.000
202607081942,   2.264,   4.047,9999.000,9999.000,9999.000,9999.000,9999.000,9999.000,9999.000
202607081948,   2.301,   4.099,9999.000,9999.000,9999.000,9999.000,9999.000,9999.000,9999.000
202607081954,   2.336,   4.139,9999.000,9999.000,9999.000,9999.000,9999.000,9999.000,9999.000
202607082000,   2.369,   4.159,   0.800,   0.990,   4.159,   0.800,   4.159,   0.900,   4.259
202607082006,   2.399,   4.159,9999.000,9999.000,9999.000,9999.000,9999.000,9999.000,9999.000
202607082012,   2.426,   4.198,9999.000,9999.000,9999.000,9999.000,9999.000,9999.000,9999.000
202607082018,   2.450,   4.188,9999.000,9999.000,9999.000,9999.000,9999.000,9999.000,9999.000
202607082024,   2.471,   4.198,9999.000,9999.000,9999.000,9999.000,9999.000,9999.000,9999.000
202607082030,   2.488,   4.218,9999.000,9999.000,9999.000,9999.000,9999.000,9999.000,9999.000
202607082036,   2.503,   4.227,9999.000,9999.000,9999.000,9999.000,9999.000,9999.000,9999.000
202607082042,   2.513,   4.227,9999.000,9999.000,9999.000,9999.000,9999.000,9999.000,9999.000
202607082048,   2.520,   4.208,9999.000,9999.000,9999.000,9999.000,9999.000,9999.000,9999.000
202607082054,   2.523,   4.188,9999.000,9999.000,9999.000,9999.000,9999.000,9999.000,9999.000
202607082100,   2.523,   4.178,   0.800,   0.855,   4.178,   0.800,   4.178,   0.900,   4.278
202607082106,   2.518,   4.188,9999.000,9999.000,9999.000,9999.000,9999.000,9999.000,9999.000
202607082112,   2.509,   4.149,9999.000,9999.000,9999.000,9999.000,9999.000,9999.000,9999.000
202607082118,   2.497,   4.119,9999.000,9999.000,9999.000,9999.000,9999.000,9999.000,9999.000
202607082124,   2.480,   4.080,9999.000,9999.000,9999.000,9999.000,9999.000,9999.000,9999.000
202607082130,   2.460,   4.037,9999.000,9999.000,9999.000,9999.000,9999.000,9999.000,9999.000
202607082136,   2.437,   4.008,9999.000,9999.000,9999.000,9999.000,9999.000,9999.000,9999.000
202607082142,   2.409,   3.978,9999.000,9999.000,9999.000,9999.000,9999.000,9999.000,9999.000
202607082148,   2.379,   3.909,9999.000,9999.000,9999.000,9999.000,9999.000,9999.000,9999.000
202607082154,   2.346,   3.890,9999.000,9999.000,9999.000,9999.000,9999.000,9999.000,9999.000
202607082200,   2.309,   3.837,   0.800,   0.728,   3.837,   0.800,   3.837,   0.900,   3.937
202607082206,   2.271,   3.758,9999.000,9999.000,9999.000,9999.000,9999.000,9999.000,9999.000
202607082212,   2.230,   3.709,9999.000,9999.000,9999.000,9999.000,9999.000,9999.000,9999.000
202607082218,   2.187,   3.660,9999.000,9999.000,9999.000,9999.000,9999.000,9999.000,9999.000
202607082224,   2.142,   3.598,9999.000,9999.000,9999.000,9999.000,9999.000,9999.000,9999.000
202607082230,   2.096,   3.568,9999.000,9999.000,9999.000,9999.000,9999.000,9999.000,9999.000
202607082236,   2.049,   3.499,9999.000,9999.000,9999.000,9999.000,9999.000,9999.000,9999.000
202607082242,   2.002,   3.460,9999.000,9999.000,9999.000,9999.000,9999.000,9999.000,9999.000
202607082248,   1.953,   3.417,9999.000,9999.000,9999.000,9999.000,9999.000,9999.000,9999.000
202607082254,   1.905,   3.368,9999.000,9999.000,9999.000,9999.000,9999.000,9999.000,9999.000
202607082300,   1.856,   3.329,   0.800,   0.673,   3.329,   0.800,   3.329,   0.900,   3.429
202607082306,   1.807,   3.299,9999.000,9999.000,9999.000,9999.000,9999.000,9999.000,9999.000
202607082312,   1.758,   3.279,9999.000,9999.000,9999.000,9999.000,9999.000,9999.000,9999.000
202607082318,   1.710,   3.250,9999.000,9999.000,9999.000,9999.000,9999.000,9999.000,9999.000
202607082324,   1.662,   3.197,9999.000,9999.000,9999.000,9999.000,9999.000,9999.000,9999.000
202607082330,   1.615,   3.148,9999.000,9999.000,9999.000,9999.000,9999.000,9999.000,9999.000
202607082336,   1.569,   3.099,9999.000,9999.000,9999.000,9999.000,9999.000,9999.000,9999.000
202607082342,   1.522,   3.050,9999.000,9999.000,9999.000,9999.000,9999.000,9999.000,9999.000
202607082348,   1.477,   3.007,9999.000,9999.000,9999.000,9999.000,9999.000,9999.000,9999.000
202607082354,   1.432,   2.958,9999.000,9999.000,9999.000,9999.000,9999.000,9999.000,9999.000
202607090000,   1.387,   2.929,   0.800,   0.742,   2.929,   0.800,   2.929,   0.900,   3.029
202607090006,   1.343,   2.879,9999.000,9999.000,9999.000,9999.000,9999.000,9999.000,9999.000
202607090012,   1.299,   2.830,9999.000,9999.000,9999.000,9999.000,9999.000,9999.000,9999.000
202607090018,   1.256,   2.778,9999.000,9999.000,9999.000,9999.000,9999.000,9999.000,9999.000
202607090024,   1.213,   2.728,9999.000,9999.000,9999.000,9999.000,9999.000,9999.000,9999.000
202607090030,   1.170,   2.689,9999.000,9999.000,9999.000,9999.000,9999.000,9999.000,9999.000
202607090036,   1.127,   2.630,9999.000,9999.000,9999.000,9999.000,9999.000,9999.000,9999.000
202607090042,   1.085,   2.578,9999.000,9999.000,9999.000,9999.000,9999.000,9999.000,9999.000
202607090048,   1.043,   2.528,9999.000,9999.000,9999.000,9999.000,9999.000,9999.000,9999.000
202607090054,   1.000,   2.479,9999.000,9999.000,9999.000,9999.000,9999.000,9999.000,9999.000
202607090100,   0.958,   2.420,   0.800,   0.662,   2.420,   0.800,   2.420,   0.800,   2.420
202607090106,   0.916,   2.387,9999.000,9999.000,9999.000,9999.000,9999.000,9999.000,9999.000
202607090112,   0.873,   2.338,9999.000,9999.000,9999.000,9999.000,9999.000,9999.000,9999.000
202607090118,   0.831,   2.299,9999.000,9999.000,9999.000,9999.000,9999.000,9999.000,9999.000
202607090124,   0.789,   2.250,9999.000,9999.000,9999.000,9999.000,9999.000,9999.000,9999.000
202607090130,   0.747,   2.210,9999.000,9999.000,9999.000,9999.000,9999.000,9999.000,9999.000
202607090136,   0.705,   2.158,9999.000,9999.000,9999.000,9999.000,9999.000,9999.000,9999.000
202607090142,   0.664,   2.118,9999.000,9999.000,9999.000,9999.000,9999.000,9999.000,9999.000
202607090148,   0.622,   2.069,9999.000,9999.000,9999.000,9999.000,9999.000,9999.000,9999.000
202607090154,   0.582,   2.030,9999.000,9999.000,9999.000,9999.000,9999.000,9999.000,9999.000
202607090200,   0.541,   1.990,   0.800,   0.649,   1.990,   0.800,   1.990,   0.800,   1.990
202607090206,   0.502,   1.948,9999.000,9999.000,9999.000,9999.000,9999.000,9999.000,9999.000
202607090212,   0.463,   1.918,9999.000,9999.000,9999.000,9999.000,9999.000,9999.000,9999.000
202607090218,   0.425,   1.889,9999.000,9999.000,9999.000,9999.000,9999.000,9999.000,9999.000
202607090224,   0.387,   1.869,9999.000,9999.000,9999.000,9999.000,9999.000,9999.000,9999.000
202607090230,   0.351,   1.840,9999.000,9999.000,9999.000,9999.000,9999.000,9999.000,9999.000
202607090236,   0.317,   1.820,9999.000,9999.000,9999.000,9999.000,9999.000,9999.000,9999.000
202607090242,   0.283,   1.790,9999.000,9999.000,9999.000,9999.000,9999.000,9999.000,9999.000
202607090248,   0.252,   1.781,9999.000,9999.000,9999.000,9999.000,9999.000,9999.000,9999.000
202607090254,   0.222,   1.758,9999.000,9999.000,9999.000,9999.000,9999.000,9999.000,9999.000
202607090300,   0.194,   1.738,   0.800,   0.744,   1.738,   0.800,   1.738,   0.800,   1.738
202607090306,   0.168,   1.728,9999.000,9999.000,9999.000,9999.000,9999.000,9999.000,9999.000
202607090312,   0.144,   1.728,9999.000,9999.000,9999.000,9999.000,9999.000,9999.000,9999.000
202607090318,   0.123,   1.718,9999.000,9999.000,9999.000,9999.000,9999.000,9999.000,9999.000
202607090324,   0.104,   1.718,9999.000,9999.000,9999.000,9999.000,9999.000,9999.000,9999.000
202607090330,   0.089,   1.718,9999.000,9999.000,9999.000,9999.000,9999.000,9999.000,9999.000
202607090336,   0.076,   1.728,9999.000,9999.000,9999.000,9999.000,9999.000,9999.000,9999.000
202607090342,   0.067,   1.748,9999.000,9999.000,9999.000,9999.000,9999.000,9999.000,9999.000
202607090348,   0.061,   1.758,9999.000,9999.000,9999.000,9999.000,9999.000,9999.000,9999.000
202607090354,   0.058,   1.767,9999.000,9999.000,9999.000,9999.000,9999.000,9999.000,9999.000
202607090400,   0.059,   1.790,   0.800,   0.931,   1.790,   0.800,   1.790,   0.800,   1.790
202607090406,   0.064,   1.820,9999.000,9999.000,9999.000,9999.000,9999.000,9999.000,9999.000
202607090412,   0.072,   1.849,9999.000,9999.000,9999.000,9999.000,9999.000,9999.000,9999.000
202607090418,   0.084,   1.889,9999.000,9999.000,9999.000,9999.000,9999.000,9999.000,9999.000
202607090424,   0.100,   1.958,9999.000,9999.000,9999.000,9999.000,9999.000,9999.000,9999.000
202607090430,   0.120,   2.010,9999.000,9999.000,9999.000,9999.000,9999.000,9999.000,9999.000
202607090436,   0.144,   2.069,9999.000,9999.000,9999.000,9999.000,9999.000,9999.000,9999.000
202607090442,   0.171,   2.138,9999.000,9999.000,9999.000,9999.000,9999.000,9999.000,9999.000
202607090448,   0.201,   2.220,9999.000,9999.000,9999.000,9999.000,9999.000,9999.000,9999.000
202607090454,   0.236,   2.279,9999.000,9999.000,9999.000,9999.000,9999.000,9999.000,9999.000
202607090500,   0.273,   2.348,   0.800,   1.275,   2.348,   0.800,   2.348,   0.800,   2.348
202607090506,   0.313,   2.420,9999.000,9999.000,9999.000,9999.000,9999.000,9999.000,9999.000
202607090512,   0.356,   2.479,9999.000,9999.000,9999.000,9999.000,9999.000,9999.000,9999.000
202607090518,   0.401,   2.528,9999.000,9999.000,9999.000,9999.000,9999.000,9999.000,9999.000
202607090524,   0.449,   2.578,9999.000,9999.000,9999.000,9999.000,9999.000,9999.000,9999.000
202607090530,   0.499,   2.630,9999.000,9999.000,9999.000,9999.000,9999.000,9999.000,9999.000
202607090536,   0.550,   2.669,9999.000,9999.000,9999.000,9999.000,9999.000,9999.000,9999.000
202607090542,   0.602,9999.000,9999.000,9999.000,9999.000,9999.000,9999.000,9999.000,9999.000
202607090548,   0.656,   2.748,9999.000,9999.000,9999.000,9999.000,9999.000,9999.000,9999.000
202607090554,   0.710,9999.000,9999.000,9999.000,9999.000,9999.000,9999.000,9999.000,9999.000
202607090600,   0.764,9999.000,   0.800,   1.255,   2.819,   0.700,   2.719,   0.800,   2.819
202607090606,   0.819,9999.000,9999.000,9999.000,9999.000,9999.000,9999.000,9999.000,9999.000
202607090612,   0.873,9999.000,9999.000,9999.000,9999.000,9999.000,9999.000,9999.000,9999.000
202607090618,   0.928,9999.000,9999.000,9999.000,9999.000,9999.000,9999.000,9999.000,9999.000
202607090624,   0.982,9999.000,9999.000,9999.000,9999.000,9999.000,9999.000,9999.000,9999.000
202607090630,   1.035,9999.000,9999.000,9999.000,9999.000,9999.000,9999.000,9999.000,9999.000
202607090636,   1.087,9999.000,9999.000,9999.000,9999.000,9999.000,9999.000,9999.000,9999.000
202607090642,   1.138,9999.000,9999.000,9999.000,9999.000,9999.000,9999.000,9999.000,9999.000
202607090648,   1.188,9999.000,9999.000,9999.000,9999.000,9999.000,9999.000,9999.000,9999.000
202607090654,   1.237,9999.000,9999.000,9999.000,9999.000,9999.000,9999.000,9999.000,9999.000
202607090700,   1.285,9999.000,   0.800,   1.236,   3.321,   0.700,   3.221,   0.800,   3.321
202607090706,   1.332,9999.000,9999.000,9999.000,9999.000,9999.000,9999.000,9999.000,9999.000
202607090712,   1.378,9999.000,9999.000,9999.000,9999.000,9999.000,9999.000,9999.000,9999.000
202607090718,   1.422,9999.000,9999.000,9999.000,9999.000,9999.000,9999.000,9999.000,9999.000
202607090724,   1.465,9999.000,9999.000,9999.000,9999.000,9999.000,9999.000,9999.000,9999.000
202607090730,   1.506,9999.000,9999.000,9999.000,9999.000,9999.000,9999.000,9999.000,9999.000
202607090736,   1.547,9999.000,9999.000,9999.000,9999.000,9999.000,9999.000,9999.000,9999.000
202607090742,   1.586,9999.000,9999.000,9999.000,9999.000,9999.000,9999.000,9999.000,9999.000
202607090748,   1.624,9999.000,9999.000,9999.000,9999.000,9999.000,9999.000,9999.000,9999.000
202607090754,   1.660,9999.000,9999.000,9999.000,9999.000,9999.000,9999.000,9999.000,9999.000
202607090800,   1.695,9999.000,   0.800,   1.216,   3.711,   0.700,   3.611,   0.800,   3.711
202607090806,   1.728,9999.000,9999.000,9999.000,9999.000,9999.000,9999.000,9999.000,9999.000
202607090812,   1.759,9999.000,9999.000,9999.000,9999.000,9999.000,9999.000,9999.000,9999.000
202607090818,   1.789,9999.000,9999.000,9999.000,9999.000,9999.000,9999.000,9999.000,9999.000
202607090824,   1.816,9999.000,9999.000,9999.000,9999.000,9999.000,9999.000,9999.000,9999.000
202607090830,   1.842,9999.000,9999.000,9999.000,9999.000,9999.000,9999.000,9999.000,9999.000
202607090836,   1.865,9999.000,9999.000,9999.000,9999.000,9999.000,9999.000,9999.000,9999.000
202607090842,   1.885,9999.000,9999.000,9999.000,9999.000,9999.000,9999.000,9999.000,9999.000
202607090848,   1.903,9999.000,9999.000,9999.000,9999.000,9999.000,9999.000,9999.000,9999.000
202607090854,   1.918,9999.000,9999.000,9999.000,9999.000,9999.000,9999.000,9999.000,9999.000
202607090900,   1.930,9999.000,   0.700,   1.197,   3.827,   0.700,   3.827,   0.800,   3.927
202607090906,   1.938,9999.000,9999.000,9999.000,9999.000,9999.000,9999.000,9999.000,9999.000
202607090912,   1.943,9999.000,9999.000,9999.000,9999.000,9999.000,9999.000,9999.000,9999.000
202607090918,   1.945,9999.000,9999.000,9999.000,9999.000,9999.000,9999.000,9999.000,9999.000
202607090924,   1.943,9999.000,9999.000,9999.000,9999.000,9999.000,9999.000,9999.000,9999.000
202607090930,   1.937,9999.000,9999.000,9999.000,9999.000,9999.000,9999.000,9999.000,9999.000
202607090936,   1.928,9999.000,9999.000,9999.000,9999.000,9999.000,9999.000,9999.000,9999.000
202607090942,   1.915,9999.000,9999.000,9999.000,9999.000,9999.000,9999.000,9999.000,9999.000
202607090948,   1.898,9999.000,9999.000,9999.000,9999.000,9999.000,9999.000,9999.000,9999.000
202607090954,   1.877,9999.000,9999.000,9999.000,9999.000,9999.000,9999.000,9999.000,9999.000
202607091000,   1.853,9999.000,   0.700,   1.177,   3.730,   0.700,   3.730,   0.800,   3.830
202607091006,   1.826,9999.000,9999.000,9999.000,9999.000,9999.000,9999.000,9999.000,9999.000
202607091012,   1.796,9999.000,9999.000,9999.000,9999.000,9999.000,9999.000,9999.000,9999.000
202607091018,   1.762,9999.000,9999.000,9999.000,9999.000,9999.000,9999.000,9999.000,9999.000
202607091024,   1.726,9999.000,9999.000,9999.000,9999.000,9999.000,9999.000,9999.000,9999.000
202607091030,   1.688,9999.000,9999.000,9999.000,9999.000,9999.000,9999.000,9999.000,9999.000
202607091036,   1.647,9999.000,9999.000,9999.000,9999.000,9999.000,9999.000,9999.000,9999.000
202607091042,   1.604,9999.000,9999.000,9999.000,9999.000,9999.000,9999.000,9999.000,9999.000
202607091048,   1.560,9999.000,9999.000,9999.000,9999.000,9999.000,9999.000,9999.000,9999.000
202607091054,   1.514,9999.000,9999.000,9999.000,9999.000,9999.000,9999.000,9999.000,9999.000
202607091100,   1.468,9999.000,   0.700,   1.158,   3.326,   0.700,   3.326,   0.800,   3.426
202607091106,   1.421,9999.000,9999.000,9999.000,9999.000,9999.000,9999.000,9999.000,9999.000
202607091112,   1.373,9999.000,9999.000,9999.000,9999.000,9999.000,9999.000,9999.000,9999.000
202607091118,   1.325,9999.000,9999.000,9999.000,9999.000,9999.000,9999.000,9999.000,9999.000
202607091124,   1.277,9999.000,9999.000,9999.000,9999.000,9999.000,9999.000,9999.000,9999.000
202607091130,   1.229,9999.000,9999.000,9999.000,9999.000,9999.000,9999.000,9999.000,9999.000
202607091136,   1.181,9999.000,9999.000,9999.000,9999.000,9999.000,9999.000,9999.000,9999.000
202607091142,   1.134,9999.000,9999.000,9999.000,9999.000,9999.000,9999.000,9999.000,9999.000
202607091148,   1.087,9999.000,9999.000,9999.000,9999.000,9999.000,9999.000,9999.000,9999.000
202607091154,   1.042,9999.000,9999.000,9999.000,9999.000,9999.000,9999.000,9999.000,9999.000
202607091200,   0.997,9999.000,   0.700,   1.138,   2.835,   0.700,   2.835,   0.800,   2.935
202607091206,   0.952,9999.000,9999.000,9999.000,9999.000,9999.000,9999.000,9999.000,9999.000
202607091212,   0.909,9999.000,9999.000,9999.000,9999.000,9999.000,9999.000,9999.000,9999.000
202607091218,   0.866,9999.000,9999.000,9999.000,9999.000,9999.000,9999.000,9999.000,9999.000
202607091224,   0.824,9999.000,9999.000,9999.000,9999.000,9999.000,9999.000,9999.000,9999.000
202607091230,   0.783,9999.000,9999.000,9999.000,9999.000,9999.000,9999.000,9999.000,9999.000
202607091236,   0.742,9999.000,9999.000,9999.000,9999.000,9999.000,9999.000,9999.000,9999.000
202607091242,   0.702,9999.000,9999.000,9999.000,9999.000,9999.000,9999.000,9999.000,9999.000
202607091248,   0.663,9999.000,9999.000,9999.000,9999.000,9999.000,9999.000,9999.000,9999.000
202607091254,   0.625,9999.000,9999.000,9999.000,9999.000,9999.000,9999.000,9999.000,9999.000
202607091300,   0.586,9999.000,   0.700,   1.119,   2.405,   0.700,   2.405,   0.700,   2.405
202607091306,   0.549,9999.000,9999.000,9999.000,9999.000,9999.000,9999.000,9999.000,9999.000
202607091312,   0.512,9999.000,9999.000,9999.000,9999.000,9999.000,9999.000,9999.000,9999.000
202607091318,   0.475,9999.000,9999.000,9999.000,9999.000,9999.000,9999.000,9999.000,9999.000
202607091324,   0.438,9999.000,9999.000,9999.000,9999.000,9999.000,9999.000,9999.000,9999.000
202607091330,   0.402,9999.000,9999.000,9999.000,9999.000,9999.000,9999.000,9999.000,9999.000
202607091336,   0.367,9999.000,9999.000,9999.000,9999.000,9999.000,9999.000,9999.000,9999.000
202607091342,   0.332,9999.000,9999.000,9999.000,9999.000,9999.000,9999.000,9999.000,9999.000
202607091348,   0.297,9999.000,9999.000,9999.000,9999.000,9999.000,9999.000,9999.000,9999.000
202607091354,   0.263,9999.000,9999.000,9999.000,9999.000,9999.000,9999.000,9999.000,9999.000
202607091400,   0.229,9999.000,   0.700,   1.099,   2.028,   0.700,   2.028,   0.700,   2.028
202607091406,   0.196,9999.000,9999.000,9999.000,9999.000,9999.000,9999.000,9999.000,9999.000
202607091412,   0.164,9999.000,9999.000,9999.000,9999.000,9999.000,9999.000,9999.000,9999.000
202607091418,   0.133,9999.000,9999.000,9999.000,9999.000,9999.000,9999.000,9999.000,9999.000
202607091424,   0.102,9999.000,9999.000,9999.000,9999.000,9999.000,9999.000,9999.000,9999.000
202607091430,   0.072,9999.000,9999.000,9999.000,9999.000,9999.000,9999.000,9999.000,9999.000
202607091436,   0.044,9999.000,9999.000,9999.000,9999.000,9999.000,9999.000,9999.000,9999.000
202607091442,   0.016,9999.000,9999.000,9999.000,9999.000,9999.000,9999.000,9999.000,9999.000
202607091448,  -0.009,9999.000,9999.000,9999.000,9999.000,9999.000,9999.000,9999.000,9999.000
202607091454,  -0.033,9999.000,9999.000,9999.000,9999.000,9999.000,9999.000,9999.000,9999.000
202607091500,  -0.056,9999.000,   0.700,   1.080,   1.724,   0.700,   1.724,   0.700,   1.724
202607091506,  -0.077,9999.000,9999.000,9999.000,9999.000,9999.000,9999.000,9999.000,9999.000
202607091512,  -0.097,9999.000,9999.000,9999.000,9999.000,9999.000,9999.000,9999.000,9999.000
202607091518,  -0.114,9999.000,9999.000,9999.000,9999.000,9999.000,9999.000,9999.000,9999.000
202607091524,  -0.129,9999.000,9999.000,9999.000,9999.000,9999.000,9999.000,9999.000,9999.000
202607091530,  -0.141,9999.000,9999.000,9999.000,9999.000,9999.000,9999.000,9999.000,9999.000
202607091536,  -0.151,9999.000,9999.000,9999.000,9999.000,9999.000,9999.000,9999.000,9999.000
202607091542,  -0.159,9999.000,9999.000,9999.000,9999.000,9999.000,9999.000,9999.000,9999.000
202607091548,  -0.163,9999.000,9999.000,9999.000,9999.000,9999.000,9999.000,9999.000,9999.000
202607091554,  -0.164,9999.000,9999.000,9999.000,9999.000,9999.000,9999.000,9999.000,9999.000
202607091600,  -0.162,9999.000,   0.700,   1.060,   1.598,   0.700,   1.598,   0.700,   1.598
202607091606,  -0.157,9999.000,9999.000,9999.000,9999.000,9999.000,9999.000,9999.000,9999.000
202607091612,  -0.148,9999.000,9999.000,9999.000,9999.000,9999.000,9999.000,9999.000,9999.000
202607091618,  -0.135,9999.000,9999.000,9999.000,9999.000,9999.000,9999.000,9999.000,9999.000
202607091624,  -0.119,9999.000,9999.000,9999.000,9999.000,9999.000,9999.000,9999.000,9999.000
202607091630,  -0.098,9999.000,9999.000,9999.000,9999.000,9999.000,9999.000,9999.000,9999.000
202607091636,  -0.074,9999.000,9999.000,9999.000,9999.000,9999.000,9999.000,9999.000,9999.000
202607091642,  -0.045,9999.000,9999.000,9999.000,9999.000,9999.000,9999.000,9999.000,9999.000
202607091648,  -0.013,9999.000,9999.000,9999.000,9999.000,9999.000,9999.000,9999.000,9999.000
202607091654,   0.022,9999.000,9999.000,9999.000,9999.000,9999.000,9999.000,9999.000,9999.000
202607091700,   0.063,9999.000,   0.700,   1.041,   1.804,   0.700,   1.804,   0.700,   1.804
202607091706,   0.107,9999.000,9999.000,9999.000,9999.000,9999.000,9999.000,9999.000,9999.000
202607091712,   0.155,9999.000,9999.000,9999.000,9999.000,9999.000,9999.000,9999.000,9999.000
202607091718,   0.206,9999.000,9999.000,9999.000,9999.000,9999.000,9999.000,9999.000,9999.000
202607091724,   0.261,9999.000,9999.000,9999.000,9999.000,9999.000,9999.000,9999.000,9999.000
202607091730,   0.319,9999.000,9999.000,9999.000,9999.000,9999.000,9999.000,9999.000,9999.000
202607091736,   0.380,9999.000,9999.000,9999.000,9999.000,9999.000,9999.000,9999.000,9999.000
202607091742,   0.444,9999.000,9999.000,9999.000,9999.000,9999.000,9999.000,9999.000,9999.000
202607091748,   0.510,9999.000,9999.000,9999.000,9999.000,9999.000,9999.000,9999.000,9999.000
202607091754,   0.578,9999.000,9999.000,9999.000,9999.000,9999.000,9999.000,9999.000,9999.000
202607091800,   0.648,9999.000,   0.700,   1.041,   2.389,   0.700,   2.389,   0.700,   2.389
202607091806,   0.719,9999.000,9999.000,9999.000,9999.000,9999.000,9999.000,9999.000,9999.000
202607091812,   0.791,9999.000,9999.000,9999.000,9999.000,9999.000,9999.000,9999.000,9999.000
202607091818,   0.864,9999.000,9999.000,9999.000,9999.000,9999.000,9999.000,9999.000,9999.000
202607091824,   0.938,9999.000,9999.000,9999.000,9999.000,9999.000,9999.000,9999.000,9999.000
202607091830,   1.011,9999.000,9999.000,9999.000,9999.000,9999.000,9999.000,9999.000,9999.000
202607091836,   1.085,9999.000,9999.000,9999.000,9999.000,9999.000,9999.000,9999.000,9999.000
202607091842,   1.158,9999.000,9999.000,9999.000,9999.000,9999.000,9999.000,9999.000,9999.000
202607091848,   1.231,9999.000,9999.000,9999.000,9999.000,9999.000,9999.000,9999.000,9999.000
202607091854,   1.303,9999.000,9999.000,9999.000,9999.000,9999.000,9999.000,9999.000,9999.000
202607091900,   1.374,9999.000,   0.700,   1.041,   3.115,   0.700,   3.115,   0.700,   3.115
202607091906,   1.444,9999.000,9999.000,9999.000,9999.000,9999.000,9999.000,9999.000,9999.000
202607091912,   1.513,9999.000,9999.000,9999.000,9999.000,9999.000,9999.000,9999.000,9999.000
202607091918,   1.581,9999.000,9999.000,9999.000,9999.000,9999.000,9999.000,9999.000,9999.000
202607091924,   1.647,9999.000,9999.000,9999.000,9999.000,9999.000,9999.000,9999.000,9999.000
202607091930,   1.712,9999.000,9999.000,9999.000,9999.000,9999.000,9999.000,9999.000,9999.000
202607091936,   1.776,9999.000,9999.000,9999.000,9999.000,9999.000,9999.000,9999.000,9999.000
202607091942,   1.838,9999.000,9999.000,9999.000,9999.000,9999.000,9999.000,9999.000,9999.000
202607091948,   1.898,9999.000,9999.000,9999.000,9999.000,9999.000,9999.000,9999.000,9999.000
202607091954,   1.957,9999.000,9999.000,9999.000,9999.000,9999.000,9999.000,9999.000,9999.000
202607092000,   2.014,9999.000,   0.700,   1.041,   3.755,   0.700,   3.755,   0.700,   3.755
202607092006,   2.070,9999.000,9999.000,9999.000,9999.000,9999.000,9999.000,9999.000,9999.000
202607092012,   2.124,9999.000,9999.000,9999.000,9999.000,9999.000,9999.000,9999.000,9999.000
202607092018,   2.176,9999.000,9999.000,9999.000,9999.000,9999.000,9999.000,9999.000,9999.000
202607092024,   2.226,9999.000,9999.000,9999.000,9999.000,9999.000,9999.000,9999.000,9999.000
202607092030,   2.274,9999.000,9999.000,9999.000,9999.000,9999.000,9999.000,9999.000,9999.000
202607092036,   2.321,9999.000,9999.000,9999.000,9999.000,9999.000,9999.000,9999.000,9999.000
202607092042,   2.364,9999.000,9999.000,9999.000,9999.000,9999.000,9999.000,9999.000,9999.000
202607092048,   2.406,9999.000,9999.000,9999.000,9999.000,9999.000,9999.000,9999.000,9999.000
202607092054,   2.445,9999.000,9999.000,9999.000,9999.000,9999.000,9999.000,9999.000,9999.000
202607092100,   2.481,9999.000,   0.700,   1.041,   4.222,   0.600,   4.122,   0.700,   4.222
202607092106,   2.514,9999.000,9999.000,9999.000,9999.000,9999.000,9999.000,9999.000,9999.000
202607092112,   2.543,9999.000,9999.000,9999.000,9999.000,9999.000,9999.000,9999.000,9999.000
202607092118,   2.570,9999.000,9999.000,9999.000,9999.000,9999.000,9999.000,9999.000,9999.000
202607092124,   2.593,9999.000,9999.000,9999.000,9999.000,9999.000,9999.000,9999.000,9999.000
202607092130,   2.612,9999.000,9999.000,9999.000,9999.000,9999.000,9999.000,9999.000,9999.000
202607092136,   2.627,9999.000,9999.000,9999.000,9999.000,9999.000,9999.000,9999.000,9999.000
202607092142,   2.639,9999.000,9999.000,9999.000,9999.000,9999.000,9999.000,9999.000,9999.000
202607092148,   2.646,9999.000,9999.000,9999.000,9999.000,9999.000,9999.000,9999.000,9999.000
202607092154,   2.649,9999.000,9999.000,9999.000,9999.000,9999.000,9999.000,9999.000,9999.000
202607092200,   2.647,9999.000,   0.700,   1.041,   4.388,   0.600,   4.288,   0.700,   4.388
202607092206,   2.642,9999.000,9999.000,9999.000,9999.000,9999.000,9999.000,9999.000,9999.000
202607092212,   2.632,9999.000,9999.000,9999.000,9999.000,9999.000,9999.000,9999.000,9999.000
202607092218,   2.618,9999.000,9999.000,9999.000,9999.000,9999.000,9999.000,9999.000,9999.000
202607092224,   2.600,9999.000,9999.000,9999.000,9999.000,9999.000,9999.000,9999.000,9999.000
202607092230,   2.578,9999.000,9999.000,9999.000,9999.000,9999.000,9999.000,9999.000,9999.000
202607092236,   2.553,9999.000,9999.000,9999.000,9999.000,9999.000,9999.000,9999.000,9999.000
202607092242,   2.524,9999.000,9999.000,9999.000,9999.000,9999.000,9999.000,9999.000,9999.000
202607092248,   2.491,9999.000,9999.000,9999.000,9999.000,9999.000,9999.000,9999.000,9999.000
202607092254,   2.456,9999.000,9999.000,9999.000,9999.000,9999.000,9999.000,9999.000,9999.000
202607092300,   2.418,9999.000,   0.700,   1.041,   4.159,   0.600,   4.059,   0.700,   4.159
202607092306,   2.378,9999.000,9999.000,9999.000,9999.000,9999.000,9999.000,9999.000,9999.000
202607092312,   2.335,9999.000,9999.000,9999.000,9999.000,9999.000,9999.000,9999.000,9999.000
202607092318,   2.291,9999.000,9999.000,9999.000,9999.000,9999.000,9999.000,9999.000,9999.000
202607092324,   2.246,9999.000,9999.000,9999.000,9999.000,9999.000,9999.000,9999.000,9999.000
202607092330,   2.199,9999.000,9999.000,9999.000,9999.000,9999.000,9999.000,9999.000,9999.000
202607092336,   2.151,9999.000,9999.000,9999.000,9999.000,9999.000,9999.000,9999.000,9999.000
202607092342,   2.102,9999.000,9999.000,9999.000,9999.000,9999.000,9999.000,9999.000,9999.000
202607092348,   2.054,9999.000,9999.000,9999.000,9999.000,9999.000,9999.000,9999.000,9999.000
202607092354,   2.004,9999.000,9999.000,9999.000,9999.000,9999.000,9999.000,9999.000,9999.000
202607100000,   1.955,9999.000,   0.700,   1.041,   3.696,   0.600,   3.596,   0.700,   3.696
202607100006,   1.906,9999.000,9999.000,9999.000,9999.000,9999.000,9999.000,9999.000,9999.000
202607100012,   1.857,9999.000,9999.000,9999.000,9999.000,9999.000,9999.000,9999.000,9999.000
202607100018,   1.809,9999.000,9999.000,9999.000,9999.000,9999.000,9999.000,9999.000,9999.000
202607100024,   1.761,9999.000,9999.000,9999.000,9999.000,9999.000,9999.000,9999.000,9999.000
202607100030,   1.713,9999.000,9999.000,9999.000,9999.000,9999.000,9999.000,9999.000,9999.000
202607100036,   1.666,9999.000,9999.000,9999.000,9999.000,9999.000,9999.000,9999.000,9999.000
202607100042,   1.620,9999.000,9999.000,9999.000,9999.000,9999.000,9999.000,9999.000,9999.000
202607100048,   1.573,9999.000,9999.000,9999.000,9999.000,9999.000,9999.000,9999.000,9999.000
202607100054,   1.528,9999.000,9999.000,9999.000,9999.000,9999.000,9999.000,9999.000,9999.000
202607100100,   1.482,9999.000,   0.700,   1.041,   3.223,   0.600,   3.123,   0.700,   3.223
202607100106,   1.437,9999.000,9999.000,9999.000,9999.000,9999.000,9999.000,9999.000,9999.000
202607100112,   1.392,9999.000,9999.000,9999.000,9999.000,9999.000,9999.000,9999.000,9999.000
202607100118,   1.348,9999.000,9999.000,9999.000,9999.000,9999.000,9999.000,9999.000,9999.000
202607100124,   1.303,9999.000,9999.000,9999.000,9999.000,9999.000,9999.000,9999.000,9999.000
202607100130,   1.259,9999.000,9999.000,9999.000,9999.000,9999.000,9999.000,9999.000,9999.000
202607100136,   1.215,9999.000,9999.000,9999.000,9999.000,9999.000,9999.000,9999.000,9999.000
202607100142,   1.170,9999.000,9999.000,9999.000,9999.000,9999.000,9999.000,9999.000,9999.000
202607100148,   1.126,9999.000,9999.000,9999.000,9999.000,9999.000,9999.000,9999.000,9999.000
202607100154,   1.082,9999.000,9999.000,9999.000,9999.000,9999.000,9999.000,9999.000,9999.000
202607100200,   1.037,9999.000,   0.700,   1.041,   2.778,   0.600,   2.678,   0.700,   2.778
202607100206,   0.993,9999.000,9999.000,9999.000,9999.000,9999.000,9999.000,9999.000,9999.000
202607100212,   0.948,9999.000,9999.000,9999.000,9999.000,9999.000,9999.000,9999.000,9999.000
202607100218,   0.904,9999.000,9999.000,9999.000,9999.000,9999.000,9999.000,9999.000,9999.000
202607100224,   0.859,9999.000,9999.000,9999.000,9999.000,9999.000,9999.000,9999.000,9999.000
202607100230,   0.815,9999.000,9999.000,9999.000,9999.000,9999.000,9999.000,9999.000,9999.000
202607100236,   0.771,9999.000,9999.000,9999.000,9999.000,9999.000,9999.000,9999.000,9999.000
202607100242,   0.727,9999.000,9999.000,9999.000,9999.000,9999.000,9999.000,9999.000,9999.000
202607100248,   0.683,9999.000,9999.000,9999.000,9999.000,9999.000,9999.000,9999.000,9999.000
202607100254,   0.640,9999.000,9999.000,9999.000,9999.000,9999.000,9999.000,9999.000,9999.000
202607100300,   0.597,9999.000,   0.700,   1.041,   2.338,   0.600,   2.238,   0.700,   2.338
202607100306,   0.554,9999.000,9999.000,9999.000,9999.000,9999.000,9999.000,9999.000,9999.000
202607100312,   0.513,9999.000,9999.000,9999.000,9999.000,9999.000,9999.000,9999.000,9999.000
202607100318,   0.472,9999.000,9999.000,9999.000,9999.000,9999.000,9999.000,9999.000,9999.000
202607100324,   0.432,9999.000,9999.000,9999.000,9999.000,9999.000,9999.000,9999.000,9999.000
202607100330,   0.393,9999.000,9999.000,9999.000,9999.000,9999.000,9999.000,9999.000,9999.000
202607100336,   0.355,9999.000,9999.000,9999.000,9999.000,9999.000,9999.000,9999.000,9999.000
202607100342,   0.319,9999.000,9999.000,9999.000,9999.000,9999.000,9999.000,9999.000,9999.000
202607100348,   0.285,9999.000,9999.000,9999.000,9999.000,9999.000,9999.000,9999.000,9999.000
202607100354,   0.252,9999.000,9999.000,9999.000,9999.000,9999.000,9999.000,9999.000,9999.000
202607100400,   0.221,9999.000,   0.700,   1.041,   1.962,   0.600,   1.862,   0.700,   1.962
202607100406,   0.192,9999.000,9999.000,9999.000,9999.000,9999.000,9999.000,9999.000,9999.000
202607100412,   0.166,9999.000,9999.000,9999.000,9999.000,9999.000,9999.000,9999.000,9999.000
202607100418,   0.142,9999.000,9999.000,9999.000,9999.000,9999.000,9999.000,9999.000,9999.000
202607100424,   0.121,9999.000,9999.000,9999.000,9999.000,9999.000,9999.000,9999.000,9999.000
202607100430,   0.103,9999.000,9999.000,9999.000,9999.000,9999.000,9999.000,9999.000,9999.000
202607100436,   0.088,9999.000,9999.000,9999.000,9999.000,9999.000,9999.000,9999.000,9999.000
202607100442,   0.076,9999.000,9999.000,9999.000,9999.000,9999.000,9999.000,9999.000,9999.000
202607100448,   0.067,9999.000,9999.000,9999.000,9999.000,9999.000,9999.000,9999.000,9999.000
202607100454,   0.063,9999.000,9999.000,9999.000,9999.000,9999.000,9999.000,9999.000,9999.000
202607100500,   0.061,9999.000,   0.700,   1.041,   1.802,   0.600,   1.702,   0.700,   1.802
202607100506,   0.064,9999.000,9999.000,9999.000,9999.000,9999.000,9999.000,9999.000,9999.000
202607100512,   0.070,9999.000,9999.000,9999.000,9999.000,9999.000,9999.000,9999.000,9999.000
202607100518,   0.080,9999.000,9999.000,9999.000,9999.000,9999.000,9999.000,9999.000,9999.000
202607100524,   0.094,9999.000,9999.000,9999.000,9999.000,9999.000,9999.000,9999.000,9999.000
202607100530,   0.111,9999.000,9999.000,9999.000,9999.000,9999.000,9999.000,9999.000,9999.000
202607100536,   0.133,9999.000,9999.000,9999.000,9999.000,9999.000,9999.000,9999.000,9999.000
202607100542,   0.158,9999.000,9999.000,9999.000,9999.000,9999.000,9999.000,9999.000,9999.000
202607100548,   0.186,9999.000,9999.000,9999.000,9999.000,9999.000,9999.000,9999.000,9999.000
202607100554,   0.217,9999.000,9999.000,9999.000,9999.000,9999.000,9999.000,9999.000,9999.000
202607100600,   0.252,9999.000,   0.700,   1.041,   1.993,   0.600,   1.893,   0.700,   1.993
202607100606,   0.290,9999.000,9999.000,9999.000,9999.000,9999.000,9999.000,9999.000,9999.000
202607100612,   0.330,9999.000,9999.000,9999.000,9999.000,9999.000,9999.000,9999.000,9999.000
202607100618,   0.372,9999.000,9999.000,9999.000,9999.000,9999.000,9999.000,9999.000,9999.000
202607100624,   0.417,9999.000,9999.000,9999.000,9999.000,9999.000,9999.000,9999.000,9999.000
202607100630,   0.463,9999.000,9999.000,9999.000,9999.000,9999.000,9999.000,9999.000,9999.000
202607100636,   0.511,9999.000,9999.000,9999.000,9999.000,9999.000,9999.000,9999.000,9999.000
202607100642,   0.561,9999.000,9999.000,9999.000,9999.000,9999.000,9999.000,9999.000,9999.000
202607100648,   0.611,9999.000,9999.000,9999.000,9999.000,9999.000,9999.000,9999.000,9999.000
202607100654,   0.662,9999.000,9999.000,9999.000,9999.000,9999.000,9999.000,9999.000,9999.000
202607100700,   0.713,9999.000,   0.600,   1.041,   2.354,   0.600,   2.354,   0.700,   2.454
202607100706,   0.765,9999.000,9999.000,9999.000,9999.000,9999.000,9999.000,9999.000,9999.000
202607100712,   0.817,9999.000,9999.000,9999.000,9999.000,9999.000,9999.000,9999.000,9999.000
202607100718,   0.869,9999.000,9999.000,9999.000,9999.000,9999.000,9999.000,9999.000,9999.000
202607100724,   0.920,9999.000,9999.000,9999.000,9999.000,9999.000,9999.000,9999.000,9999.000
202607100730,   0.971,9999.000,9999.000,9999.000,9999.000,9999.000,9999.000,9999.000,9999.000
202607100736,   1.022,9999.000,9999.000,9999.000,9999.000,9999.000,9999.000,9999.000,9999.000
202607100742,   1.072,9999.000,9999.000,9999.000,9999.000,9999.000,9999.000,9999.000,9999.000
202607100748,   1.121,9999.000,9999.000,9999.000,9999.000,9999.000,9999.000,9999.000,9999.000
202607100754,   1.170,9999.000,9999.000,9999.000,9999.000,9999.000,9999.000,9999.000,9999.000
202607100800,   1.218,9999.000,   0.600,   1.041,   2.859,   0.600,   2.859,   0.700,   2.959
202607100806,   1.265,9999.000,9999.000,9999.000,9999.000,9999.000,9999.000,9999.000,9999.000
202607100812,   1.311,9999.000,9999.000,9999.000,9999.000,9999.000,9999.000,9999.000,9999.000
202607100818,   1.357,9999.000,9999.000,9999.000,9999.000,9999.000,9999.000,9999.000,9999.000
202607100824,   1.401,9999.000,9999.000,9999.000,9999.000,9999.000,9999.000,9999.000,9999.000
202607100830,   1.445,9999.000,9999.000,9999.000,9999.000,9999.000,9999.000,9999.000,9999.000
202607100836,   1.488,9999.000,9999.000,9999.000,9999.000,9999.000,9999.000,9999.000,9999.000
202607100842,   1.529,9999.000,9999.000,9999.000,9999.000,9999.000,9999.000,9999.000,9999.000
202607100848,   1.569,9999.000,9999.000,9999.000,9999.000,9999.000,9999.000,9999.000,9999.000
202607100854,   1.608,9999.000,9999.000,9999.000,9999.000,9999.000,9999.000,9999.000,9999.000
202607100900,   1.645,9999.000,   0.600,   1.041,   3.286,   0.600,   3.286,   0.700,   3.386
202607100906,   1.681,9999.000,9999.000,9999.000,9999.000,9999.000,9999.000,9999.000,9999.000
202607100912,   1.715,9999.000,9999.000,9999.000,9999.000,9999.000,9999.000,9999.000,9999.000
202607100918,   1.747,9999.000,9999.000,9999.000,9999.000,9999.000,9999.000,9999.000,9999.000
202607100924,   1.776,9999.000,9999.000,9999.000,9999.000,9999.000,9999.000,9999.000,9999.000
202607100930,   1.803,9999.000,9999.000,9999.000,9999.000,9999.000,9999.000,9999.000,9999.000
202607100936,   1.828,9999.000,9999.000,9999.000,9999.000,9999.000,9999.000,9999.000,9999.000
202607100942,   1.850,9999.000,9999.000,9999.000,9999.000,9999.000,9999.000,9999.000,9999.000
202607100948,   1.868,9999.000,9999.000,9999.000,9999.000,9999.000,9999.000,9999.000,9999.000
202607100954,   1.883,9999.000,9999.000,9999.000,9999.000,9999.000,9999.000,9999.000,9999.000
202607101000,   1.895,9999.000,   0.600,   1.041,   3.536,   0.500,   3.436,   0.700,   3.636
202607101006,   1.903,9999.000,9999.000,9999.000,9999.000,9999.000,9999.000,9999.000,9999.000
202607101012,   1.908,9999.000,9999.000,9999.000,9999.000,9999.000,9999.000,9999.000,9999.000
202607101018,   1.908,9999.000,9999.000,9999.000,9999.000,9999.000,9999.000,9999.000,9999.000
202607101024,   1.905,9999.000,9999.000,9999.000,9999.000,9999.000,9999.000,9999.000,9999.000
202607101030,   1.898,9999.000,9999.000,9999.000,9999.000,9999.000,9999.000,9999.000,9999.000
202607101036,   1.886,9999.000,9999.000,9999.000,9999.000,9999.000,9999.000,9999.000,9999.000
202607101042,   1.871,9999.000,9999.000,9999.000,9999.000,9999.000,9999.000,9999.000,9999.000
202607101048,   1.852,9999.000,9999.000,9999.000,9999.000,9999.000,9999.000,9999.000,9999.000
202607101054,   1.829,9999.000,9999.000,9999.000,9999.000,9999.000,9999.000,9999.000,9999.000
202607101100,   1.803,9999.000,   0.600,   1.041,   3.444,   0.500,   3.344,   0.600,   3.444
202607101106,   1.774,9999.000,9999.000,9999.000,9999.000,9999.000,9999.000,9999.000,9999.000
202607101112,   1.741,9999.000,9999.000,9999.000,9999.000,9999.000,9999.000,9999.000,9999.000
202607101118,   1.706,9999.000,9999.000,9999.000,9999.000,9999.000,9999.000,9999.000,9999.000
202607101124,   1.668,9999.000,9999.000,9999.000,9999.000,9999.000,9999.000,9999.000,9999.000
202607101130,   1.627,9999.000,9999.000,9999.000,9999.000,9999.000,9999.000,9999.000,9999.000
202607101136,   1.585,9999.000,9999.000,9999.000,9999.000,9999.000,9999.000,9999.000,9999.000
202607101142,   1.541,9999.000,9999.000,9999.000,9999.000,9999.000,9999.000,9999.000,9999.000
202607101148,   1.496,9999.000,9999.000,9999.000,9999.000,9999.000,9999.000,9999.000,9999.000
202607101154,   1.450,9999.000,9999.000,9999.000,9999.000,9999.000,9999.000,9999.000,9999.000
202607101200,   1.403,9999.000,   0.600,   1.041,   3.044,   0.500,   2.944,   0.600,   3.044
202607101206,   1.356,9999.000,9999.000,9999.000,9999.000,9999.000,9999.000,9999.000,9999.000
202607101212,   1.308,9999.000,9999.000,9999.000,9999.000,9999.000,9999.000,9999.000,9999.000
202607101218,   1.260,9999.000,9999.000,9999.000,9999.000,9999.000,9999.000,9999.000,9999.000
202607101224,   1.213,9999.000,9999.000,9999.000,9999.000,9999.000,9999.000,9999.000,9999.000
202607101230,   1.166,9999.000,9999.000,9999.000,9999.000,9999.000,9999.000,9999.000,9999.000
202607101236,   1.119,9999.000,9999.000,9999.000,9999.000,9999.000,9999.000,9999.000,9999.000
202607101242,   1.073,9999.000,9999.000,9999.000,9999.000,9999.000,9999.000,9999.000,9999.000
202607101248,   1.027,9999.000,9999.000,9999.000,9999.000,9999.000,9999.000,9999.000,9999.000
202607101254,   0.983,9999.000,9999.000,9999.000,9999.000,9999.000,9999.000,9999.000,9999.000
202607101300,   0.939,9999.000,   0.600,   1.041,   2.580,   0.500,   2.480,   0.600,   2.580
202607101306,   0.896,9999.000,9999.000,9999.000,9999.000,9999.000,9999.000,9999.000,9999.000
202607101312,   0.853,9999.000,9999.000,9999.000,9999.000,9999.000,9999.000,9999.000,9999.000
202607101318,   0.812,9999.000,9999.000,9999.000,9999.000,9999.000,9999.000,9999.000,9999.000
202607101324,   0.771,9999.000,9999.000,9999.000,9999.000,9999.000,9999.000,9999.000,9999.000
202607101330,   0.731,9999.000,9999.000,9999.000,9999.000,9999.000,9999.000,9999.000,9999.000
202607101336,   0.692,9999.000,9999.000,9999.000,9999.000,9999.000,9999.000,9999.000,9999.000
202607101342,   0.653,9999.000,9999.000,9999.000,9999.000,9999.000,9999.000,9999.000,9999.000
202607101348,   0.615,9999.000,9999.000,9999.000,9999.000,9999.000,9999.000,9999.000,9999.000
202607101354,   0.577,9999.000,9999.000,9999.000,9999.000,9999.000,9999.000,9999.000,9999.000
202607101400,   0.540,9999.000,   0.600,   1.041,   2.181,   0.500,   2.081,   0.600,   2.181
202607101406,   0.503,9999.000,9999.000,9999.000,9999.000,9999.000,9999.000,9999.000,9999.000
202607101412,   0.467,9999.000,9999.000,9999.000,9999.000,9999.000,9999.000,9999.000,9999.000
202607101418,   0.431,9999.000,9999.000,9999.000,9999.000,9999.000,9999.000,9999.000,9999.000
202607101424,   0.395,9999.000,9999.000,9999.000,9999.000,9999.000,9999.000,9999.000,9999.000
202607101430,   0.360,9999.000,9999.000,9999.000,9999.000,9999.000,9999.000,9999.000,9999.000
202607101436,   0.326,9999.000,9999.000,9999.000,9999.000,9999.000,9999.000,9999.000,9999.000
202607101442,   0.291,9999.000,9999.000,9999.000,9999.000,9999.000,9999.000,9999.000,9999.000
202607101448,   0.258,9999.000,9999.000,9999.000,9999.000,9999.000,9999.000,9999.000,9999.000
202607101454,   0.224,9999.000,9999.000,9999.000,9999.000,9999.000,9999.000,9999.000,9999.000
202607101500,   0.192,9999.000,   0.600,   1.041,   1.833,   0.500,   1.733,   0.600,   1.833
202607101506,   0.160,9999.000,9999.000,9999.000,9999.000,9999.000,9999.000,9999.000,9999.000
202607101512,   0.128,9999.000,9999.000,9999.000,9999.000,9999.000,9999.000,9999.000,9999.000
202607101518,   0.098,9999.000,9999.000,9999.000,9999.000,9999.000,9999.000,9999.000,9999.000
202607101524,   0.068,9999.000,9999.000,9999.000,9999.000,9999.000,9999.000,9999.000,9999.000
202607101530,   0.039,9999.000,9999.000,9999.000,9999.000,9999.000,9999.000,9999.000,9999.000
202607101536,   0.012,9999.000,9999.000,9999.000,9999.000,9999.000,9999.000,9999.000,9999.000
202607101542,  -0.013,9999.000,9999.000,9999.000,9999.000,9999.000,9999.000,9999.000,9999.000
202607101548,  -0.038,9999.000,9999.000,9999.000,9999.000,9999.000,9999.000,9999.000,9999.000
202607101554,  -0.062,9999.000,9999.000,9999.000,9999.000,9999.000,9999.000,9999.000,9999.000
202607101600,  -0.084,9999.000,   0.600,   1.041,   1.557,   0.500,   1.457,   0.600,   1.557
202607101606,  -0.104,9999.000,9999.000,9999.000,9999.000,9999.000,9999.000,9999.000,9999.000
202607101612,  -0.122,9999.000,9999.000,9999.000,9999.000,9999.000,9999.000,9999.000,9999.000
202607101618,  -0.138,9999.000,9999.000,9999.000,9999.000,9999.000,9999.000,9999.000,9999.000
202607101624,  -0.152,9999.000,9999.000,9999.000,9999.000,9999.000,9999.000,9999.000,9999.000
202607101630,  -0.163,9999.000,9999.000,9999.000,9999.000,9999.000,9999.000,9999.000,9999.000
202607101636,  -0.172,9999.000,9999.000,9999.000,9999.000,9999.000,9999.000,9999.000,9999.000
202607101642,  -0.178,9999.000,9999.000,9999.000,9999.000,9999.000,9999.000,9999.000,9999.000
202607101648,  -0.181,9999.000,9999.000,9999.000,9999.000,9999.000,9999.000,9999.000,9999.000
202607101654,  -0.180,9999.000,9999.000,9999.000,9999.000,9999.000,9999.000,9999.000,9999.000
202607101700,  -0.177,9999.000,   0.600,   1.041,   1.464,   0.500,   1.364,   0.600,   1.464
202607101706,  -0.169,9999.000,9999.000,9999.000,9999.000,9999.000,9999.000,9999.000,9999.000
202607101712,  -0.158,9999.000,9999.000,9999.000,9999.000,9999.000,9999.000,9999.000,9999.000
202607101718,  -0.144,9999.000,9999.000,9999.000,9999.000,9999.000,9999.000,9999.000,9999.000
202607101724,  -0.125,9999.000,9999.000,9999.000,9999.000,9999.000,9999.000,9999.000,9999.000
202607101730,  -0.103,9999.000,9999.000,9999.000,9999.000,9999.000,9999.000,9999.000,9999.000
202607101736,  -0.076,9999.000,9999.000,9999.000,9999.000,9999.000,9999.000,9999.000,9999.000
202607101742,  -0.045,9999.000,9999.000,9999.000,9999.000,9999.000,9999.000,9999.000,9999.000
202607101748,  -0.011,9999.000,9999.000,9999.000,9999.000,9999.000,9999.000,9999.000,9999.000
202607101754,   0.027,9999.000,9999.000,9999.000,9999.000,9999.000,9999.000,9999.000,9999.000
202607101800,   0.070,9999.000,   0.600,   1.041,   1.711,   0.500,   1.611,   0.600,   1.711
202607101806,   0.116,9999.000,9999.000,9999.000,9999.000,9999.000,9999.000,9999.000,9999.000
202607101812,   0.166,9999.000,9999.000,9999.000,9999.000,9999.000,9999.000,9999.000,9999.000
202607101818,   0.219,9999.000,9999.000,9999.000,9999.000,9999.000,9999.000,9999.000,9999.000
202607101824,   0.276,9999.000,9999.000,9999.000,9999.000,9999.000,9999.000,9999.000,9999.000
202607101830,   0.336,9999.000,9999.000,9999.000,9999.000,9999.000,9999.000,9999.000,9999.000
202607101836,   0.398,9999.000,9999.000,9999.000,9999.000,9999.000,9999.000,9999.000,9999.000
202607101842,   0.463,9999.000,9999.000,9999.000,9999.000,9999.000,9999.000,9999.000,9999.000
202607101848,   0.530,9999.000,9999.000,9999.000,9999.000,9999.000,9999.000,9999.000,9999.000
202607101854,   0.600,9999.000,9999.000,9999.000,9999.000,9999.000,9999.000,9999.000,9999.000
202607101900,   0.670,9999.000,   0.600,   1.041,   2.311,   0.500,   2.211,   0.600,   2.311
202607101906,   0.743,9999.000,9999.000,9999.000,9999.000,9999.000,9999.000,9999.000,9999.000
202607101912,   0.816,9999.000,9999.000,9999.000,9999.000,9999.000,9999.000,9999.000,9999.000
202607101918,   0.890,9999.000,9999.000,9999.000,9999.000,9999.000,9999.000,9999.000,9999.000
202607101924,   0.964,9999.000,9999.000,9999.000,9999.000,9999.000,9999.000,9999.000,9999.000
202607101930,   1.039,9999.000,9999.000,9999.000,9999.000,9999.000,9999.000,9999.000,9999.000
202607101936,   1.113,9999.000,9999.000,9999.000,9999.000,9999.000,9999.000,9999.000,9999.000
202607101942,   1.188,9999.000,9999.000,9999.000,9999.000,9999.000,9999.000,9999.000,9999.000
202607101948,   1.262,9999.000,9999.000,9999.000,9999.000,9999.000,9999.000,9999.000,9999.000
202607101954,   1.335,9999.000,9999.000,9999.000,9999.000,9999.000,9999.000,9999.000,9999.000
202607102000,   1.408,9999.000,   0.600,   1.041,   3.049,   0.500,   2.949,   0.600,   3.049
202607102006,   1.480,9999.000,9999.000,9999.000,9999.000,9999.000,9999.000,9999.000,9999.000
202607102012,   1.552,9999.000,9999.000,9999.000,9999.000,9999.000,9999.000,9999.000,9999.000
202607102018,   1.622,9999.000,9999.000,9999.000,9999.000,9999.000,9999.000,9999.000,9999.000
202607102024,   1.691,9999.000,9999.000,9999.000,9999.000,9999.000,9999.000,9999.000,9999.000
202607102030,   1.759,9999.000,9999.000,9999.000,9999.000,9999.000,9999.000,9999.000,9999.000
202607102036,   1.826,9999.000,9999.000,9999.000,9999.000,9999.000,9999.000,9999.000,9999.000
202607102042,   1.892,9999.000,9999.000,9999.000,9999.000,9999.000,9999.000,9999.000,9999.000
202607102048,   1.956,9999.000,9999.000,9999.000,9999.000,9999.000,9999.000,9999.000,9999.000
202607102054,   2.019,9999.000,9999.000,9999.000,9999.000,9999.000,9999.000,9999.000,9999.000
202607102100,   2.081,9999.000,   0.600,   1.041,   3.722,   0.500,   3.622,   0.600,   3.722
202607102106,   2.141,9999.000,9999.000,9999.000,9999.000,9999.000,9999.000,9999.000,9999.000
202607102112,   2.199,9999.000,9999.000,9999.000,9999.000,9999.000,9999.000,9999.000,9999.000
202607102118,   2.256,9999.000,9999.000,9999.000,9999.000,9999.000,9999.000,9999.000,9999.000
202607102124,   2.310,9999.000,9999.000,9999.000,9999.000,9999.000,9999.000,9999.000,9999.000
202607102130,   2.363,9999.000,9999.000,9999.000,9999.000,9999.000,9999.000,9999.000,9999.000
202607102136,   2.413,9999.000,9999.000,9999.000,9999.000,9999.000,9999.000,9999.000,9999.000
202607102142,   2.460,9999.000,9999.000,9999.000,9999.000,9999.000,9999.000,9999.000,9999.000
202607102148,   2.505,9999.000,9999.000,9999.000,9999.000,9999.000,9999.000,9999.000,9999.000
202607102154,   2.547,9999.000,9999.000,9999.000,9999.000,9999.000,9999.000,9999.000,9999.000
202607102200,   2.585,9999.000,   0.600,   1.041,   4.226,   0.500,   4.126,   0.600,   4.226
202607102206,   2.621,9999.000,9999.000,9999.000,9999.000,9999.000,9999.000,9999.000,9999.000
202607102212,   2.652,9999.000,9999.000,9999.000,9999.000,9999.000,9999.000,9999.000,9999.000
202607102218,   2.680,9999.000,9999.000,9999.000,9999.000,9999.000,9999.000,9999.000,9999.000
202607102224,   2.703,9999.000,9999.000,9999.000,9999.000,9999.000,9999.000,9999.000,9999.000
202607102230,   2.723,9999.000,9999.000,9999.000,9999.000,9999.000,9999.000,9999.000,9999.000
202607102236,   2.738,9999.000,9999.000,9999.000,9999.000,9999.000,9999.000,9999.000,9999.000
202607102242,   2.748,9999.000,9999.000,9999.000,9999.000,9999.000,9999.000,9999.000,9999.000
202607102248,   2.754,9999.000,9999.000,9999.000,9999.000,9999.000,9999.000,9999.000,9999.000
202607102254,   2.756,9999.000,9999.000,9999.000,9999.000,9999.000,9999.000,9999.000,9999.000
202607102300,   2.753,9999.000,   0.600,   1.041,   4.394,   0.500,   4.294,   0.600,   4.394
202607102306,   2.745,9999.000,9999.000,9999.000,9999.000,9999.000,9999.000,9999.000,9999.000
202607102312,   2.733,9999.000,9999.000,9999.000,9999.000,9999.000,9999.000,9999.000,9999.000
202607102318,   2.717,9999.000,9999.000,9999.000,9999.000,9999.000,9999.000,9999.000,9999.000
202607102324,   2.697,9999.000,9999.000,9999.000,9999.000,9999.000,9999.000,9999.000,9999.000
202607102330,   2.673,9999.000,9999.000,9999.000,9999.000,9999.000,9999.000,9999.000,9999.000
202607102336,   2.645,9999.000,9999.000,9999.000,9999.000,9999.000,9999.000,9999.000,9999.000
202607102342,   2.614,9999.000,9999.000,9999.000,9999.000,9999.000,9999.000,9999.000,9999.000
202607102348,   2.579,9999.000,9999.000,9999.000,9999.000,9999.000,9999.000,9999.000,9999.000
202607102354,   2.542,9999.000,9999.000,9999.000,9999.000,9999.000,9999.000,9999.000,9999.000
202607110000,   2.502,9999.000,   0.600,   1.041,   4.143,   0.500,   4.043,   0.600,   4.143
202607110006,   2.460,9999.000,9999.000,9999.000,9999.000,9999.000,9999.000,9999.000,9999.000
202607110012,   2.417,9999.000,9999.000,9999.000,9999.000,9999.000,9999.000,9999.000,9999.000
202607110018,   2.371,9999.000,9999.000,9999.000,9999.000,9999.000,9999.000,9999.000,9999.000
202607110024,   2.325,9999.000,9999.000,9999.000,9999.000,9999.000,9999.000,9999.000,9999.000
202607110030,   2.277,9999.000,9999.000,9999.000,9999.000,9999.000,9999.000,9999.000,9999.000
202607110036,   2.229,9999.000,9999.000,9999.000,9999.000,9999.000,9999.000,9999.000,9999.000
202607110042,   2.180,9999.000,9999.000,9999.000,9999.000,9999.000,9999.000,9999.000,9999.000
202607110048,   2.131,9999.000,9999.000,9999.000,9999.000,9999.000,9999.000,9999.000,9999.000
202607110054,   2.082,9999.000,9999.000,9999.000,9999.000,9999.000,9999.000,9999.000,9999.000
202607110100,   2.033,9999.000,   0.600,   1.041,   3.674,   0.500,   3.574,   0.600,   3.674
202607110106,   1.985,9999.000,9999.000,9999.000,9999.000,9999.000,9999.000,9999.000,9999.000
202607110112,   1.936,9999.000,9999.000,9999.000,9999.000,9999.000,9999.000,9999.000,9999.000
202607110118,   1.888,9999.000,9999.000,9999.000,9999.000,9999.000,9999.000,9999.000,9999.000
202607110124,   1.840,9999.000,9999.000,9999.000,9999.000,9999.000,9999.000,9999.000,9999.000
202607110130,   1.793,9999.000,9999.000,9999.000,9999.000,9999.000,9999.000,9999.000,9999.000
202607110136,   1.746,9999.000,9999.000,9999.000,9999.000,9999.000,9999.000,9999.000,9999.000
202607110142,   1.699,9999.000,9999.000,9999.000,9999.000,9999.000,9999.000,9999.000,9999.000
202607110148,   1.653,9999.000,9999.000,9999.000,9999.000,9999.000,9999.000,9999.000,9999.000
202607110154,   1.607,9999.000,9999.000,9999.000,9999.000,9999.000,9999.000,9999.000,9999.000
202607110200,   1.562,9999.000,   0.600,   1.041,   3.203,   0.500,   3.103,   0.600,   3.203
202607110206,   1.516,9999.000,9999.000,9999.000,9999.000,9999.000,9999.000,9999.000,9999.000
202607110212,   1.471,9999.000,9999.000,9999.000,9999.000,9999.000,9999.000,9999.000,9999.000
202607110218,   1.426,9999.000,9999.000,9999.000,9999.000,9999.000,9999.000,9999.000,9999.000
202607110224,   1.380,9999.000,9999.000,9999.000,9999.000,9999.000,9999.000,9999.000,9999.000
202607110230,   1.335,9999.000,9999.000,9999.000,9999.000,9999.000,9999.000,9999.000,9999.000
202607110236,   1.290,9999.000,9999.000,9999.000,9999.000,9999.000,9999.000,9999.000,9999.000
202607110242,   1.244,9999.000,9999.000,9999.000,9999.000,9999.000,9999.000,9999.000,9999.000
202607110248,   1.199,9999.000,9999.000,9999.000,9999.000,9999.000,9999.000,9999.000,9999.000
202607110254,   1.153,9999.000,9999.000,9999.000,9999.000,9999.000,9999.000,9999.000,9999.000
202607110300,   1.107,9999.000,   0.600,   1.041,   2.748,   0.500,   2.648,   0.600,   2.748
202607110306,   1.061,9999.000,9999.000,9999.000,9999.000,9999.000,9999.000,9999.000,9999.000
202607110312,   1.014,9999.000,9999.000,9999.000,9999.000,9999.000,9999.000,9999.000,9999.000
202607110318,   0.968,9999.000,9999.000,9999.000,9999.000,9999.000,9999.000,9999.000,9999.000
202607110324,   0.921,9999.000,9999.000,9999.000,9999.000,9999.000,9999.000,9999.000,9999.000
202607110330,   0.875,9999.000,9999.000,9999.000,9999.000,9999.000,9999.000,9999.000,9999.000
202607110336,   0.828,9999.000,9999.000,9999.000,9999.000,9999.000,9999.000,9999.000,9999.000
202607110342,   0.782,9999.000,9999.000,9999.000,9999.000,9999.000,9999.000,9999.000,9999.000
202607110348,   0.736,9999.000,9999.000,9999.000,9999.000,9999.000,9999.000,9999.000,9999.000
202607110354,   0.690,9999.000,9999.000,9999.000,9999.000,9999.000,9999.000,9999.000,9999.000
202607110400,   0.644,9999.000,   0.600,   1.041,   2.285,   0.500,   2.185,   0.600,   2.285
202607110406,   0.599,9999.000,9999.000,9999.000,9999.000,9999.000,9999.000,9999.000,9999.000
202607110412,   0.555,9999.000,9999.000,9999.000,9999.000,9999.000,9999.000,9999.000,9999.000
202607110418,   0.511,9999.000,9999.000,9999.000,9999.000,9999.000,9999.000,9999.000,9999.000
202607110424,   0.468,9999.000,9999.000,9999.000,9999.000,9999.000,9999.000,9999.000,9999.000
202607110430,   0.427,9999.000,9999.000,9999.000,9999.000,9999.000,9999.000,9999.000,9999.000
202607110436,   0.386,9999.000,9999.000,9999.000,9999.000,9999.000,9999.000,9999.000,9999.000
202607110442,   0.347,9999.000,9999.000,9999.000,9999.000,9999.000,9999.000,9999.000,9999.000
202607110448,   0.310,9999.000,9999.000,9999.000,9999.000,9999.000,9999.000,9999.000,9999.000
202607110454,   0.274,9999.000,9999.000,9999.000,9999.000,9999.000,9999.000,9999.000,9999.000
202607110500,   0.240,9999.000,   0.500,   1.041,   1.781,   0.500,   1.781,   0.600,   1.881
202607110506,   0.209,9999.000,9999.000,9999.000,9999.000,9999.000,9999.000,9999.000,9999.000
202607110512,   0.180,9999.000,9999.000,9999.000,9999.000,9999.000,9999.000,9999.000,9999.000
202607110518,   0.153,9999.000,9999.000,9999.000,9999.000,9999.000,9999.000,9999.000,9999.000
202607110524,   0.129,9999.000,9999.000,9999.000,9999.000,9999.000,9999.000,9999.000,9999.000
202607110530,   0.109,9999.000,9999.000,9999.000,9999.000,9999.000,9999.000,9999.000,9999.000
202607110536,   0.091,9999.000,9999.000,9999.000,9999.000,9999.000,9999.000,9999.000,9999.000
202607110542,   0.077,9999.000,9999.000,9999.000,9999.000,9999.000,9999.000,9999.000,9999.000
202607110548,   0.067,9999.000,9999.000,9999.000,9999.000,9999.000,9999.000,9999.000,9999.000
202607110554,   0.060,9999.000,9999.000,9999.000,9999.000,9999.000,9999.000,9999.000,9999.000
202607110600,   0.057,9999.000,   0.500,   1.041,   1.598,   0.500,   1.598,   0.600,   1.698
202607110606,   0.058,9999.000,9999.000,9999.000,9999.000,9999.000,9999.000,9999.000,9999.000
202607110612,   0.062,9999.000,9999.000,9999.000,9999.000,9999.000,9999.000,9999.000,9999.000
202607110618,   0.071,9999.000,9999.000,9999.000,9999.000,9999.000,9999.000,9999.000,9999.000
202607110624,   0.083,9999.000,9999.000,9999.000,9999.000,9999.000,9999.000,9999.000,9999.000
202607110630,   0.099,9999.000,9999.000,9999.000,9999.000,9999.000,9999.000,9999.000,9999.000
202607110636,   0.119,9999.000,9999.000,9999.000,9999.000,9999.000,9999.000,9999.000,9999.000
202607110642,   0.142,9999.000,9999.000,9999.000,9999.000,9999.000,9999.000,9999.000,9999.000
202607110648,   0.169,9999.000,9999.000,9999.000,9999.000,9999.000,9999.000,9999.000,9999.000
202607110654,   0.199,9999.000,9999.000,9999.000,9999.000,9999.000,9999.000,9999.000,9999.000
202607110700,   0.232,9999.000,   0.500,   1.041,   1.773,   0.500,   1.773,   0.600,   1.873
202607110706,   0.268,9999.000,9999.000,9999.000,9999.000,9999.000,9999.000,9999.000,9999.000
202607110712,   0.306,9999.000,9999.000,9999.000,9999.000,9999.000,9999.000,9999.000,9999.000
202607110718,   0.347,9999.000,9999.000,9999.000,9999.000,9999.000,9999.000,9999.000,9999.000
202607110724,   0.390,9999.000,9999.000,9999.000,9999.000,9999.000,9999.000,9999.000,9999.000
202607110730,   0.434,9999.000,9999.000,9999.000,9999.000,9999.000,9999.000,9999.000,9999.000
202607110736,   0.480,9999.000,9999.000,9999.000,9999.000,9999.000,9999.000,9999.000,9999.000
202607110742,   0.528,9999.000,9999.000,9999.000,9999.000,9999.000,9999.000,9999.000,9999.000
202607110748,   0.576,9999.000,9999.000,9999.000,9999.000,9999.000,9999.000,9999.000,9999.000
202607110754,   0.626,9999.000,9999.000,9999.000,9999.000,9999.000,9999.000,9999.000,9999.000
202607110800,   0.676,9999.000,   0.500,   1.041,   2.217,   0.400,   2.117,   0.600,   2.317
202607110806,   0.726,9999.000,9999.000,9999.000,9999.000,9999.000,9999.000,9999.000,9999.000
202607110812,   0.777,9999.000,9999.000,9999.000,9999.000,9999.000,9999.000,9999.000,9999.000
202607110818,   0.828,9999.000,9999.000,9999.000,9999.000,9999.000,9999.000,9999.000,9999.000
202607110824,   0.879,9999.000,9999.000,9999.000,9999.000,9999.000,9999.000,9999.000,9999.000
202607110830,   0.930,9999.000,9999.000,9999.000,9999.000,9999.000,9999.000,9999.000,9999.000
202607110836,   0.981,9999.000,9999.000,9999.000,9999.000,9999.000,9999.000,9999.000,9999.000
202607110842,   1.032,9999.000,9999.000,9999.000,9999.000,9999.000,9999.000,9999.000,9999.000
202607110848,   1.082,9999.000,9999.000,9999.000,9999.000,9999.000,9999.000,9999.000,9999.000
202607110854,   1.132,9999.000,9999.000,9999.000,9999.000,9999.000,9999.000,9999.000,9999.000
202607110900,   1.182,9999.000,   0.500,   1.041,   2.723,   0.400,   2.623,   0.600,   2.823
202607110906,   1.231,9999.000,9999.000,9999.000,9999.000,9999.000,9999.000,9999.000,9999.000
202607110912,   1.279,9999.000,9999.000,9999.000,9999.000,9999.000,9999.000,9999.000,9999.000
202607110918,   1.327,9999.000,9999.000,9999.000,9999.000,9999.000,9999.000,9999.000,9999.000
202607110924,   1.374,9999.000,9999.000,9999.000,9999.000,9999.000,9999.000,9999.000,9999.000
202607110930,   1.420,9999.000,9999.000,9999.000,9999.000,9999.000,9999.000,9999.000,9999.000
202607110936,   1.466,9999.000,9999.000,9999.000,9999.000,9999.000,9999.000,9999.000,9999.000
202607110942,   1.510,9999.000,9999.000,9999.000,9999.000,9999.000,9999.000,9999.000,9999.000
202607110948,   1.553,9999.000,9999.000,9999.000,9999.000,9999.000,9999.000,9999.000,9999.000
202607110954,   1.594,9999.000,9999.000,9999.000,9999.000,9999.000,9999.000,9999.000,9999.000
202607111000,   1.634,9999.000,   0.500,   1.041,   3.175,   0.400,   3.075,   0.600,   3.275
202607111006,   1.672,9999.000,9999.000,9999.000,9999.000,9999.000,9999.000,9999.000,9999.000
202607111012,   1.708,9999.000,9999.000,9999.000,9999.000,9999.000,9999.000,9999.000,9999.000
202607111018,   1.742,9999.000,9999.000,9999.000,9999.000,9999.000,9999.000,9999.000,9999.000
202607111024,   1.773,9999.000,9999.000,9999.000,9999.000,9999.000,9999.000,9999.000,9999.000
202607111030,   1.801,9999.000,9999.000,9999.000,9999.000,9999.000,9999.000,9999.000,9999.000
202607111036,   1.826,9999.000,9999.000,9999.000,9999.000,9999.000,9999.000,9999.000,9999.000
202607111042,   1.847,9999.000,9999.000,9999.000,9999.000,9999.000,9999.000,9999.000,9999.000
202607111048,   1.865,9999.000,9999.000,9999.000,9999.000,9999.000,9999.000,9999.000,9999.000
202607111054,   1.880,9999.000,9999.000,9999.000,9999.000,9999.000,9999.000,9999.000,9999.000
202607111100,   1.890,9999.000,   0.500,   1.041,   3.431,   0.500,   3.431,   0.600,   3.531
202607111106,   1.897,9999.000,9999.000,9999.000,9999.000,9999.000,9999.000,9999.000,9999.000
202607111112,   1.899,9999.000,9999.000,9999.000,9999.000,9999.000,9999.000,9999.000,9999.000
202607111118,   1.897,9999.000,9999.000,9999.000,9999.000,9999.000,9999.000,9999.000,9999.000
202607111124,   1.891,9999.000,9999.000,9999.000,9999.000,9999.000,9999.000,9999.000,9999.000
202607111130,   1.881,9999.000,9999.000,9999.000,9999.000,9999.000,9999.000,9999.000,9999.000
202607111136,   1.867,9999.000,9999.000,9999.000,9999.000,9999.000,9999.000,9999.000,9999.000
202607111142,   1.848,9999.000,9999.000,9999.000,9999.000,9999.000,9999.000,9999.000,9999.000
202607111148,   1.826,9999.000,9999.000,9999.000,9999.000,9999.000,9999.000,9999.000,9999.000
202607111154,   1.801,9999.000,9999.000,9999.000,9999.000,9999.000,9999.000,9999.000,9999.000
202607111200,   1.772,9999.000,   0.500,   1.041,   3.313,   0.500,   3.313,   0.600,   3.413
202607111206,   1.739,9999.000,9999.000,9999.000,9999.000,9999.000,9999.000,9999.000,9999.000
202607111212,   1.704,9999.000,9999.000,9999.000,9999.000,9999.000,9999.000,9999.000,9999.000
202607111218,   1.667,9999.000,9999.000,9999.000,9999.000,9999.000,9999.000,9999.000,9999.000
202607111224,   1.627,9999.000,9999.000,9999.000,9999.000,9999.000,9999.000,9999.000,9999.000
202607111230,   1.585,9999.000,9999.000,9999.000,9999.000,9999.000,9999.000,9999.000,9999.000
202607111236,   1.541,9999.000,9999.000,9999.000,9999.000,9999.000,9999.000,9999.000,9999.000
202607111242,   1.496,9999.000,9999.000,9999.000,9999.000,9999.000,9999.000,9999.000,9999.000
202607111248,   1.451,9999.000,9999.000,9999.000,9999.000,9999.000,9999.000,9999.000,9999.000
202607111254,   1.404,9999.000,9999.000,9999.000,9999.000,9999.000,9999.000,9999.000,9999.000
202607111300,   1.357,9999.000,   0.600,   1.041,   2.998,   0.500,   2.898,   0.600,   2.998
202607111306,   1.310,9999.000,9999.000,9999.000,9999.000,9999.000,9999.000,9999.000,9999.000
202607111312,   1.262,9999.000,9999.000,9999.000,9999.000,9999.000,9999.000,9999.000,9999.000
202607111318,   1.215,9999.000,9999.000,9999.000,9999.000,9999.000,9999.000,9999.000,9999.000
202607111324,   1.169,9999.000,9999.000,9999.000,9999.000,9999.000,9999.000,9999.000,9999.000
202607111330,   1.123,9999.000,9999.000,9999.000,9999.000,9999.000,9999.000,9999.000,9999.000
202607111336,   1.077,9999.000,9999.000,9999.000,9999.000,9999.000,9999.000,9999.000,9999.000
202607111342,   1.032,9999.000,9999.000,9999.000,9999.000,9999.000,9999.000,9999.000,9999.000
202607111348,   0.988,9999.000,9999.000,9999.000,9999.000,9999.000,9999.000,9999.000,9999.000
202607111354,   0.945,9999.000,9999.000,9999.000,9999.000,9999.000,9999.000,9999.000,9999.000
202607111400,   0.903,9999.000,   0.600,   1.041,   2.544,   0.500,   2.444,   0.600,   2.544
202607111406,   0.861,9999.000,9999.000,9999.000,9999.000,9999.000,9999.000,9999.000,9999.000
202607111412,   0.821,9999.000,9999.000,9999.000,9999.000,9999.000,9999.000,9999.000,9999.000
202607111418,   0.780,9999.000,9999.000,9999.000,9999.000,9999.000,9999.000,9999.000,9999.000
202607111424,   0.741,9999.000,9999.000,9999.000,9999.000,9999.000,9999.000,9999.000,9999.000
202607111430,   0.702,9999.000,9999.000,9999.000,9999.000,9999.000,9999.000,9999.000,9999.000
202607111436,   0.664,9999.000,9999.000,9999.000,9999.000,9999.000,9999.000,9999.000,9999.000
202607111442,   0.627,9999.000,9999.000,9999.000,9999.000,9999.000,9999.000,9999.000,9999.000
202607111448,   0.590,9999.000,9999.000,9999.000,9999.000,9999.000,9999.000,9999.000,9999.000
202607111454,   0.553,9999.000,9999.000,9999.000,9999.000,9999.000,9999.000,9999.000,9999.000
202607111500,   0.517,9999.000,   0.600,   1.041,   2.158,   0.500,   2.058,   0.600,   2.158
202607111506,   0.481,9999.000,9999.000,9999.000,9999.000,9999.000,9999.000,9999.000,9999.000
202607111512,   0.446,9999.000,9999.000,9999.000,9999.000,9999.000,9999.000,9999.000,9999.000
202607111518,   0.410,9999.000,9999.000,9999.000,9999.000,9999.000,9999.000,9999.000,9999.000
202607111524,   0.376,9999.000,9999.000,9999.000,9999.000,9999.000,9999.000,9999.000,9999.000
202607111530,   0.341,9999.000,9999.000,9999.000,9999.000,9999.000,9999.000,9999.000,9999.000
202607111536,   0.307,9999.000,9999.000,9999.000,9999.000,9999.000,9999.000,9999.000,9999.000
202607111542,   0.273,9999.000,9999.000,9999.000,9999.000,9999.000,9999.000,9999.000,9999.000
202607111548,   0.240,9999.000,9999.000,9999.000,9999.000,9999.000,9999.000,9999.000,9999.000
202607111554,   0.207,9999.000,9999.000,9999.000,9999.000,9999.000,9999.000,9999.000,9999.000
202607111600,   0.175,9999.000,   0.600,   1.041,   1.816,   0.500,   1.716,   0.600,   1.816
202607111606,   0.143,9999.000,9999.000,9999.000,9999.000,9999.000,9999.000,9999.000,9999.000
202607111612,   0.112,9999.000,9999.000,9999.000,9999.000,9999.000,9999.000,9999.000,9999.000
202607111618,   0.081,9999.000,9999.000,9999.000,9999.000,9999.000,9999.000,9999.000,9999.000
202607111624,   0.052,9999.000,9999.000,9999.000,9999.000,9999.000,9999.000,9999.000,9999.000
202607111630,   0.023,9999.000,9999.000,9999.000,9999.000,9999.000,9999.000,9999.000,9999.000
202607111636,  -0.003,9999.000,9999.000,9999.000,9999.000,9999.000,9999.000,9999.000,9999.000
202607111642,  -0.030,9999.000,9999.000,9999.000,9999.000,9999.000,9999.000,9999.000,9999.000
202607111648,  -0.055,9999.000,9999.000,9999.000,9999.000,9999.000,9999.000,9999.000,9999.000
202607111654,  -0.078,9999.000,9999.000,9999.000,9999.000,9999.000,9999.000,9999.000,9999.000
202607111700,  -0.100,9999.000,   0.600,   1.041,   1.541,   0.500,   1.441,   0.600,   1.541
202607111706,  -0.120,9999.000,9999.000,9999.000,9999.000,9999.000,9999.000,9999.000,9999.000
202607111712,  -0.138,9999.000,9999.000,9999.000,9999.000,9999.000,9999.000,9999.000,9999.000
202607111718,  -0.154,9999.000,9999.000,9999.000,9999.000,9999.000,9999.000,9999.000,9999.000
202607111724,  -0.168,9999.000,9999.000,9999.000,9999.000,9999.000,9999.000,9999.000,9999.000
202607111730,  -0.179,9999.000,9999.000,9999.000,9999.000,9999.000,9999.000,9999.000,9999.000
202607111736,  -0.187,9999.000,9999.000,9999.000,9999.000,9999.000,9999.000,9999.000,9999.000
202607111742,  -0.193,9999.000,9999.000,9999.000,9999.000,9999.000,9999.000,9999.000,9999.000
202607111748,  -0.195,9999.000,9999.000,9999.000,9999.000,9999.000,9999.000,9999.000,9999.000
202607111754,  -0.194,9999.000,9999.000,9999.000,9999.000,9999.000,9999.000,9999.000,9999.000
202607111800,  -0.189,9999.000,   0.600,   1.041,   1.452,   0.500,   1.352,   0.700,   1.552
202607111806,  -0.181,9999.000,9999.000,9999.000,9999.000,9999.000,9999.000,9999.000,9999.000
202607111812,  -0.168,9999.000,9999.000,9999.000,9999.000,9999.000,9999.000,9999.000,9999.000
202607111818,  -0.152,9999.000,9999.000,9999.000,9999.000,9999.000,9999.000,9999.000,9999.000
202607111824,  -0.132,9999.000,9999.000,9999.000,9999.000,9999.000,9999.000,9999.000,9999.000
202607111830,  -0.108,9999.000,9999.000,9999.000,9999.000,9999.000,9999.000,9999.000,9999.000
202607111836,  -0.080,9999.000,9999.000,9999.000,9999.000,9999.000,9999.000,9999.000,9999.000
202607111842,  -0.048,9999.000,9999.000,9999.000,9999.000,9999.000,9999.000,9999.000,9999.000
202607111848,  -0.011,9999.000,9999.000,9999.000,9999.000,9999.000,9999.000,9999.000,9999.000
202607111854,   0.028,9999.000,9999.000,9999.000,9999.000,9999.000,9999.000,9999.000,9999.000
202607111900,   0.073,9999.000,   0.600,   1.041,   1.714,   0.500,   1.614,   0.700,   1.814
202607111906,   0.121,9999.000,9999.000,9999.000,9999.000,9999.000,9999.000,9999.000,9999.000
202607111912,   0.172,9999.000,9999.000,9999.000,9999.000,9999.000,9999.000,9999.000,9999.000
202607111918,   0.227,9999.000,9999.000,9999.000,9999.000,9999.000,9999.000,9999.000,9999.000
202607111924,   0.286,9999.000,9999.000,9999.000,9999.000,9999.000,9999.000,9999.000,9999.000
202607111930,   0.347,9999.000,9999.000,9999.000,9999.000,9999.000,9999.000,9999.000,9999.000
202607111936,   0.411,9999.000,9999.000,9999.000,9999.000,9999.000,9999.000,9999.000,9999.000
202607111942,   0.477,9999.000,9999.000,9999.000,9999.000,9999.000,9999.000,9999.000,9999.000
202607111948,   0.545,9999.000,9999.000,9999.000,9999.000,9999.000,9999.000,9999.000,9999.000
202607111954,   0.615,9999.000,9999.000,9999.000,9999.000,9999.000,9999.000,9999.000,9999.000
202607112000,   0.687,9999.000,   0.600,   1.041,   2.328,   0.500,   2.228,   0.700,   2.428
202607112006,   0.760,9999.000,9999.000,9999.000,9999.000,9999.000,9999.000,9999.000,9999.000
202607112012,   0.835,9999.000,9999.000,9999.000,9999.000,9999.000,9999.000,9999.000,9999.000
202607112018,   0.910,9999.000,9999.000,9999.000,9999.000,9999.000,9999.000,9999.000,9999.000
202607112024,   0.985,9999.000,9999.000,9999.000,9999.000,9999.000,9999.000,9999.000,9999.000
202607112030,   1.061,9999.000,9999.000,9999.000,9999.000,9999.000,9999.000,9999.000,9999.000
202607112036,   1.137,9999.000,9999.000,9999.000,9999.000,9999.000,9999.000,9999.000,9999.000
202607112042,   1.213,9999.000,9999.000,9999.000,9999.000,9999.000,9999.000,9999.000,9999.000
202607112048,   1.289,9999.000,9999.000,9999.000,9999.000,9999.000,9999.000,9999.000,9999.000
202607112054,   1.364,9999.000,9999.000,9999.000,9999.000,9999.000,9999.000,9999.000,9999.000
202607112100,   1.439,9999.000,   0.600,   1.041,   3.080,   0.600,   3.080,   0.700,   3.180
202607112106,   1.513,9999.000,9999.000,9999.000,9999.000,9999.000,9999.000,9999.000,9999.000
202607112112,   1.587,9999.000,9999.000,9999.000,9999.000,9999.000,9999.000,9999.000,9999.000
202607112118,   1.660,9999.000,9999.000,9999.000,9999.000,9999.000,9999.000,9999.000,9999.000
202607112124,   1.733,9999.000,9999.000,9999.000,9999.000,9999.000,9999.000,9999.000,9999.000
202607112130,   1.804,9999.000,9999.000,9999.000,9999.000,9999.000,9999.000,9999.000,9999.000
202607112136,   1.874,9999.000,9999.000,9999.000,9999.000,9999.000,9999.000,9999.000,9999.000
202607112142,   1.944,9999.000,9999.000,9999.000,9999.000,9999.000,9999.000,9999.000,9999.000
202607112148,   2.012,9999.000,9999.000,9999.000,9999.000,9999.000,9999.000,9999.000,9999.000
202607112154,   2.078,9999.000,9999.000,9999.000,9999.000,9999.000,9999.000,9999.000,9999.000
202607112200,   2.144,9999.000,   0.700,   1.041,   3.885,   0.600,   3.785,   0.700,   3.885
202607112206,   2.207,9999.000,9999.000,9999.000,9999.000,9999.000,9999.000,9999.000,9999.000
202607112212,   2.269,9999.000,9999.000,9999.000,9999.000,9999.000,9999.000,9999.000,9999.000
202607112218,   2.329,9999.000,9999.000,9999.000,9999.000,9999.000,9999.000,9999.000,9999.000
202607112224,   2.387,9999.000,9999.000,9999.000,9999.000,9999.000,9999.000,9999.000,9999.000
202607112230,   2.442,9999.000,9999.000,9999.000,9999.000,9999.000,9999.000,9999.000,9999.000
202607112236,   2.494,9999.000,9999.000,9999.000,9999.000,9999.000,9999.000,9999.000,9999.000
202607112242,   2.544,9999.000,9999.000,9999.000,9999.000,9999.000,9999.000,9999.000,9999.000
202607112248,   2.590,9999.000,9999.000,9999.000,9999.000,9999.000,9999.000,9999.000,9999.000
202607112254,   2.633,9999.000,9999.000,9999.000,9999.000,9999.000,9999.000,9999.000,9999.000
202607112300,   2.672,9999.000,   0.700,   1.041,   4.413,   0.600,   4.313,   0.700,   4.413
202607112306,   2.708,9999.000,9999.000,9999.000,9999.000,9999.000,9999.000,9999.000,9999.000
202607112312,   2.739,9999.000,9999.000,9999.000,9999.000,9999.000,9999.000,9999.000,9999.000
202607112318,   2.766,9999.000,9999.000,9999.000,9999.000,9999.000,9999.000,9999.000,9999.000
202607112324,   2.788,9999.000,9999.000,9999.000,9999.000,9999.000,9999.000,9999.000,9999.000
202607112330,   2.806,9999.000,9999.000,9999.000,9999.000,9999.000,9999.000,9999.000,9999.000
202607112336,   2.819,9999.000,9999.000,9999.000,9999.000,9999.000,9999.000,9999.000,9999.000
202607112342,   2.827,9999.000,9999.000,9999.000,9999.000,9999.000,9999.000,9999.000,9999.000
202607112348,   2.830,9999.000,9999.000,9999.000,9999.000,9999.000,9999.000,9999.000,9999.000
202607112354,   2.829,9999.000,9999.000,9999.000,9999.000,9999.000,9999.000,9999.000,9999.000
202607120000,   2.823,9999.000,   0.700,   1.041,   4.564,   0.600,   4.464,   0.800,   4.664
202607120006,   2.812,9999.000,9999.000,9999.000,9999.000,9999.000,9999.000,9999.000,9999.000
202607120012,   2.797,9999.000,9999.000,9999.000,9999.000,9999.000,9999.000,9999.000,9999.000
202607120018,   2.778,9999.000,9999.000,9999.000,9999.000,9999.000,9999.000,9999.000,9999.000
202607120024,   2.754,9999.000,9999.000,9999.000,9999.000,9999.000,9999.000,9999.000,9999.000
202607120030,   2.727,9999.000,9999.000,9999.000,9999.000,9999.000,9999.000,9999.000,9999.000
202607120036,   2.696,9999.000,9999.000,9999.000,9999.000,9999.000,9999.000,9999.000,9999.000
202607120042,   2.663,9999.000,9999.000,9999.000,9999.000,9999.000,9999.000,9999.000,9999.000
202607120048,   2.626,9999.000,9999.000,9999.000,9999.000,9999.000,9999.000,9999.000,9999.000
202607120054,   2.587,9999.000,9999.000,9999.000,9999.000,9999.000,9999.000,9999.000,9999.000
202607120100,   2.546,9999.000,   0.700,   1.041,   4.287,   0.600,   4.187,   0.800,   4.387
202607120106,   2.503,9999.000,9999.000,9999.000,9999.000,9999.000,9999.000,9999.000,9999.000
202607120112,   2.458,9999.000,9999.000,9999.000,9999.000,9999.000,9999.000,9999.000,9999.000
202607120118,   2.412,9999.000,9999.000,9999.000,9999.000,9999.000,9999.000,9999.000,9999.000
202607120124,   2.365,9999.000,9999.000,9999.000,9999.000,9999.000,9999.000,9999.000,9999.000
202607120130,   2.318,9999.000,9999.000,9999.000,9999.000,9999.000,9999.000,9999.000,9999.000
202607120136,   2.270,9999.000,9999.000,9999.000,9999.000,9999.000,9999.000,9999.000,9999.000
202607120142,   2.221,9999.000,9999.000,9999.000,9999.000,9999.000,9999.000,9999.000,9999.000
202607120148,   2.173,9999.000,9999.000,9999.000,9999.000,9999.000,9999.000,9999.000,9999.000
202607120154,   2.125,9999.000,9999.000,9999.000,9999.000,9999.000,9999.000,9999.000,9999.000
202607120200,   2.076,9999.000,   0.700,   1.041,   3.817,   0.600,   3.717,   0.800,   3.917
202607120206,   2.029,9999.000,9999.000,9999.000,9999.000,9999.000,9999.000,9999.000,9999.000
202607120212,   1.981,9999.000,9999.000,9999.000,9999.000,9999.000,9999.000,9999.000,9999.000
202607120218,   1.934,9999.000,9999.000,9999.000,9999.000,9999.000,9999.000,9999.000,9999.000
202607120224,   1.887,9999.000,9999.000,9999.000,9999.000,9999.000,9999.000,9999.000,9999.000
202607120230,   1.841,9999.000,9999.000,9999.000,9999.000,9999.000,9999.000,9999.000,9999.000
202607120236,   1.795,9999.000,9999.000,9999.000,9999.000,9999.000,9999.000,9999.000,9999.000
202607120242,   1.749,9999.000,9999.000,9999.000,9999.000,9999.000,9999.000,9999.000,9999.000
202607120248,   1.703,9999.000,9999.000,9999.000,9999.000,9999.000,9999.000,9999.000,9999.000
202607120254,   1.658,9999.000,9999.000,9999.000,9999.000,9999.000,9999.000,9999.000,9999.000
202607120300,   1.612,9999.000,   0.700,   1.041,   3.353,   0.600,   3.253,   0.800,   3.453
202607120306,   1.567,9999.000,9999.000,9999.000,9999.000,9999.000,9999.000,9999.000,9999.000
202607120312,   1.522,9999.000,9999.000,9999.000,9999.000,9999.000,9999.000,9999.000,9999.000
202607120318,   1.476,9999.000,9999.000,9999.000,9999.000,9999.000,9999.000,9999.000,9999.000
202607120324,   1.430,9999.000,9999.000,9999.000,9999.000,9999.000,9999.000,9999.000,9999.000
202607120330,   1.385,9999.000,9999.000,9999.000,9999.000,9999.000,9999.000,9999.000,9999.000
202607120336,   1.339,9999.000,9999.000,9999.000,9999.000,9999.000,9999.000,9999.000,9999.000
202607120342,   1.292,9999.000,9999.000,9999.000,9999.000,9999.000,9999.000,9999.000,9999.000
202607120348,   1.246,9999.000,9999.000,9999.000,9999.000,9999.000,9999.000,9999.000,9999.000
202607120354,   1.199,9999.000,9999.000,9999.000,9999.000,9999.000,9999.000,9999.000,9999.000
202607120400,   1.151,9999.000,   0.700,   1.041,   2.892,   0.600,   2.792,   0.800,   2.992
202607120406,   1.104,9999.000,9999.000,9999.000,9999.000,9999.000,9999.000,9999.000,9999.000
202607120412,   1.056,9999.000,9999.000,9999.000,9999.000,9999.000,9999.000,9999.000,9999.000
202607120418,   1.008,9999.000,9999.000,9999.000,9999.000,9999.000,9999.000,9999.000,9999.000
202607120424,   0.960,9999.000,9999.000,9999.000,9999.000,9999.000,9999.000,9999.000,9999.000
202607120430,   0.911,9999.000,9999.000,9999.000,9999.000,9999.000,9999.000,9999.000,9999.000
202607120436,   0.863,9999.000,9999.000,9999.000,9999.000,9999.000,9999.000,9999.000,9999.000
202607120442,   0.814,9999.000,9999.000,9999.000,9999.000,9999.000,9999.000,9999.000,9999.000
202607120448,   0.765,9999.000,9999.000,9999.000,9999.000,9999.000,9999.000,9999.000,9999.000
202607120454,   0.717,9999.000,9999.000,9999.000,9999.000,9999.000,9999.000,9999.000,9999.000
202607120500,   0.669,9999.000,   0.700,   1.041,   2.410,   0.600,   2.310,   0.800,   2.510
202607120506,   0.621,9999.000,9999.000,9999.000,9999.000,9999.000,9999.000,9999.000,9999.000
202607120512,   0.574,9999.000,9999.000,9999.000,9999.000,9999.000,9999.000,9999.000,9999.000
202607120518,   0.528,9999.000,9999.000,9999.000,9999.000,9999.000,9999.000,9999.000,9999.000
202607120524,   0.483,9999.000,9999.000,9999.000,9999.000,9999.000,9999.000,9999.000,9999.000
202607120530,   0.438,9999.000,9999.000,9999.000,9999.000,9999.000,9999.000,9999.000,9999.000
202607120536,   0.395,9999.000,9999.000,9999.000,9999.000,9999.000,9999.000,9999.000,9999.000
202607120542,   0.354,9999.000,9999.000,9999.000,9999.000,9999.000,9999.000,9999.000,9999.000
202607120548,   0.314,9999.000,9999.000,9999.000,9999.000,9999.000,9999.000,9999.000,9999.000
202607120554,   0.276,9999.000,9999.000,9999.000,9999.000,9999.000,9999.000,9999.000,9999.000
202607120600,   0.240,9999.000,   0.700,   1.041,   1.981,   0.600,   1.881,   0.900,   2.181
202607120606,   0.206,9999.000,9999.000,9999.000,9999.000,9999.000,9999.000,9999.000,9999.000
202607120612,   0.175,9999.000,9999.000,9999.000,9999.000,9999.000,9999.000,9999.000,9999.000
202607120618,   0.147,9999.000,9999.000,9999.000,9999.000,9999.000,9999.000,9999.000,9999.000
202607120624,   0.122,9999.000,9999.000,9999.000,9999.000,9999.000,9999.000,9999.000,9999.000
202607120630,   0.101,9999.000,9999.000,9999.000,9999.000,9999.000,9999.000,9999.000,9999.000
202607120636,   0.082,9999.000,9999.000,9999.000,9999.000,9999.000,9999.000,9999.000,9999.000
202607120642,   0.067,9999.000,9999.000,9999.000,9999.000,9999.000,9999.000,9999.000,9999.000
202607120648,   0.056,9999.000,9999.000,9999.000,9999.000,9999.000,9999.000,9999.000,9999.000
202607120654,   0.049,9999.000,9999.000,9999.000,9999.000,9999.000,9999.000,9999.000,9999.000
202607120700,   0.045,9999.000,   0.700,   1.041,   1.786,   0.600,   1.686,   0.900,   1.986
202607120706,   0.046,9999.000,9999.000,9999.000,9999.000,9999.000,9999.000,9999.000,9999.000
202607120712,   0.050,9999.000,9999.000,9999.000,9999.000,9999.000,9999.000,9999.000,9999.000
202607120718,   0.059,9999.000,9999.000,9999.000,9999.000,9999.000,9999.000,9999.000,9999.000
202607120724,   0.071,9999.000,9999.000,9999.000,9999.000,9999.000,9999.000,9999.000,9999.000
202607120730,   0.087,9999.000,9999.000,9999.000,9999.000,9999.000,9999.000,9999.000,9999.000
202607120736,   0.107,9999.000,9999.000,9999.000,9999.000,9999.000,9999.000,9999.000,9999.000
202607120742,   0.131,9999.000,9999.000,9999.000,9999.000,9999.000,9999.000,9999.000,9999.000
202607120748,   0.158,9999.000,9999.000,9999.000,9999.000,9999.000,9999.000,9999.000,9999.000
202607120754,   0.188,9999.000,9999.000,9999.000,9999.000,9999.000,9999.000,9999.000,9999.000
202607120800,   0.221,9999.000,   0.800,   1.041,   2.062,   0.600,   1.862,   0.900,   2.162
202607120806,   0.257,9999.000,9999.000,9999.000,9999.000,9999.000,9999.000,9999.000,9999.000
202607120812,   0.295,9999.000,9999.000,9999.000,9999.000,9999.000,9999.000,9999.000,9999.000
202607120818,   0.336,9999.000,9999.000,9999.000,9999.000,9999.000,9999.000,9999.000,9999.000
202607120824,   0.379,9999.000,9999.000,9999.000,9999.000,9999.000,9999.000,9999.000,9999.000
202607120830,   0.423,9999.000,9999.000,9999.000,9999.000,9999.000,9999.000,9999.000,9999.000
202607120836,   0.469,9999.000,9999.000,9999.000,9999.000,9999.000,9999.000,9999.000,9999.000
202607120842,   0.517,9999.000,9999.000,9999.000,9999.000,9999.000,9999.000,9999.000,9999.000
202607120848,   0.566,9999.000,9999.000,9999.000,9999.000,9999.000,9999.000,9999.000,9999.000
202607120854,   0.615,9999.000,9999.000,9999.000,9999.000,9999.000,9999.000,9999.000,9999.000
202607120900,   0.666,9999.000,   0.800,   1.041,   2.507,   0.700,   2.407,   0.900,   2.607
202607120906,   0.717,9999.000,9999.000,9999.000,9999.000,9999.000,9999.000,9999.000,9999.000
202607120912,   0.769,9999.000,9999.000,9999.000,9999.000,9999.000,9999.000,9999.000,9999.000
202607120918,   0.821,9999.000,9999.000,9999.000,9999.000,9999.000,9999.000,9999.000,9999.000
202607120924,   0.873,9999.000,9999.000,9999.000,9999.000,9999.000,9999.000,9999.000,9999.000
202607120930,   0.926,9999.000,9999.000,9999.000,9999.000,9999.000,9999.000,9999.000,9999.000
202607120936,   0.978,9999.000,9999.000,9999.000,9999.000,9999.000,9999.000,9999.000,9999.000
202607120942,   1.031,9999.000,9999.000,9999.000,9999.000,9999.000,9999.000,9999.000,9999.000
202607120948,   1.083,9999.000,9999.000,9999.000,9999.000,9999.000,9999.000,9999.000,9999.000
202607120954,   1.135,9999.000,9999.000,9999.000,9999.000,9999.000,9999.000,9999.000,9999.000
202607121000,   1.187,9999.000,   0.800,   1.041,   3.028,   0.700,   2.928,   0.900,   3.128
202607121006,   1.239,9999.000,9999.000,9999.000,9999.000,9999.000,9999.000,9999.000,9999.000
202607121012,   1.290,9999.000,9999.000,9999.000,9999.000,9999.000,9999.000,9999.000,9999.000
202607121018,   1.341,9999.000,9999.000,9999.000,9999.000,9999.000,9999.000,9999.000,9999.000
202607121024,   1.391,9999.000,9999.000,9999.000,9999.000,9999.000,9999.000,9999.000,9999.000
202607121030,   1.440,9999.000,9999.000,9999.000,9999.000,9999.000,9999.000,9999.000,9999.000
202607121036,   1.488,9999.000,9999.000,9999.000,9999.000,9999.000,9999.000,9999.000,9999.000
202607121042,   1.534,9999.000,9999.000,9999.000,9999.000,9999.000,9999.000,9999.000,9999.000
202607121048,   1.579,9999.000,9999.000,9999.000,9999.000,9999.000,9999.000,9999.000,9999.000
202607121054,   1.623,9999.000,9999.000,9999.000,9999.000,9999.000,9999.000,9999.000,9999.000
202607121100,   1.664,9999.000,   0.800,   1.041,   3.505,   0.700,   3.405,   0.900,   3.605
202607121106,   1.703,9999.000,9999.000,9999.000,9999.000,9999.000,9999.000,9999.000,9999.000
202607121112,   1.740,9999.000,9999.000,9999.000,9999.000,9999.000,9999.000,9999.000,9999.000
202607121118,   1.773,9999.000,9999.000,9999.000,9999.000,9999.000,9999.000,9999.000,9999.000
202607121124,   1.804,9999.000,9999.000,9999.000,9999.000,9999.000,9999.000,9999.000,9999.000
202607121130,   1.831,9999.000,9999.000,9999.000,9999.000,9999.000,9999.000,9999.000,9999.000
202607121136,   1.855,9999.000,9999.000,9999.000,9999.000,9999.000,9999.000,9999.000,9999.000
202607121142,   1.875,9999.000,9999.000,9999.000,9999.000,9999.000,9999.000,9999.000,9999.000
202607121148,   1.891,9999.000,9999.000,9999.000,9999.000,9999.000,9999.000,9999.000,9999.000
202607121154,   1.903,9999.000,9999.000,9999.000,9999.000,9999.000,9999.000,9999.000,9999.000
202607121200,   1.911,9999.000,   0.800,   1.041,   3.752,   0.700,   3.652,   0.900,   3.852
202607121206,   1.914,9999.000,9999.000,9999.000,9999.000,9999.000,9999.000,9999.000,9999.000
202607121212,   1.913,9999.000,9999.000,9999.000,9999.000,9999.000,9999.000,9999.000,9999.000
202607121218,   1.907,9999.000,9999.000,9999.000,9999.000,9999.000,9999.000,9999.000,9999.000
202607121224,   1.898,9999.000,9999.000,9999.000,9999.000,9999.000,9999.000,9999.000,9999.000
202607121230,   1.884,9999.000,9999.000,9999.000,9999.000,9999.000,9999.000,9999.000,9999.000
202607121236,   1.866,9999.000,9999.000,9999.000,9999.000,9999.000,9999.000,9999.000,9999.000
202607121242,   1.844,9999.000,9999.000,9999.000,9999.000,9999.000,9999.000,9999.000,9999.000
202607121248,   1.818,9999.000,9999.000,9999.000,9999.000,9999.000,9999.000,9999.000,9999.000
202607121254,   1.789,9999.000,9999.000,9999.000,9999.000,9999.000,9999.000,9999.000,9999.000
202607121300,   1.757,9999.000,   0.800,   1.041,   3.598,   0.700,   3.498,   1.000,   3.798
202607121306,   1.722,9999.000,9999.000,9999.000,9999.000,9999.000,9999.000,9999.000,9999.000
202607121312,   1.684,9999.000,9999.000,9999.000,9999.000,9999.000,9999.000,9999.000,9999.000
202607121318,   1.644,9999.000,9999.000,9999.000,9999.000,9999.000,9999.000,9999.000,9999.000
202607121324,   1.603,9999.000,9999.000,9999.000,9999.000,9999.000,9999.000,9999.000,9999.000
202607121330,   1.559,9999.000,9999.000,9999.000,9999.000,9999.000,9999.000,9999.000,9999.000
202607121336,   1.515,9999.000,9999.000,9999.000,9999.000,9999.000,9999.000,9999.000,9999.000
202607121342,   1.470,9999.000,9999.000,9999.000,9999.000,9999.000,9999.000,9999.000,9999.000
202607121348,   1.423,9999.000,9999.000,9999.000,9999.000,9999.000,9999.000,9999.000,9999.000
202607121354,   1.377,9999.000,9999.000,9999.000,9999.000,9999.000,9999.000,9999.000,9999.000
202607121400,   1.330,9999.000,   0.800,   1.041,   3.171,   0.700,   3.071,   1.000,   3.371
202607121406,   1.284,9999.000,9999.000,9999.000,9999.000,9999.000,9999.000,9999.000,9999.000
202607121412,   1.238,9999.000,9999.000,9999.000,9999.000,9999.000,9999.000,9999.000,9999.000
202607121418,   1.192,9999.000,9999.000,9999.000,9999.000,9999.000,9999.000,9999.000,9999.000
202607121424,   1.147,9999.000,9999.000,9999.000,9999.000,9999.000,9999.000,9999.000,9999.000
202607121430,   1.102,9999.000,9999.000,9999.000,9999.000,9999.000,9999.000,9999.000,9999.000
202607121436,   1.058,9999.000,9999.000,9999.000,9999.000,9999.000,9999.000,9999.000,9999.000
202607121442,   1.015,9999.000,9999.000,9999.000,9999.000,9999.000,9999.000,9999.000,9999.000
202607121448,   0.973,9999.000,9999.000,9999.000,9999.000,9999.000,9999.000,9999.000,9999.000
202607121454,   0.932,9999.000,9999.000,9999.000,9999.000,9999.000,9999.000,9999.000,9999.000
202607121500,   0.891,9999.000,   0.900,   1.041,   2.832,   0.700,   2.632,   1.100,   3.032
202607121506,   0.851,9999.000,9999.000,9999.000,9999.000,9999.000,9999.000,9999.000,9999.000
202607121512,   0.812,9999.000,9999.000,9999.000,9999.000,9999.000,9999.000,9999.000,9999.000
202607121518,   0.774,9999.000,9999.000,9999.000,9999.000,9999.000,9999.000,9999.000,9999.000
202607121524,   0.736,9999.000,9999.000,9999.000,9999.000,9999.000,9999.000,9999.000,9999.000
202607121530,   0.698,9999.000,9999.000,9999.000,9999.000,9999.000,9999.000,9999.000,9999.000
202607121536,   0.661,9999.000,9999.000,9999.000,9999.000,9999.000,9999.000,9999.000,9999.000
202607121542,   0.625,9999.000,9999.000,9999.000,9999.000,9999.000,9999.000,9999.000,9999.000
202607121548,   0.589,9999.000,9999.000,9999.000,9999.000,9999.000,9999.000,9999.000,9999.000
202607121554,   0.553,9999.000,9999.000,9999.000,9999.000,9999.000,9999.000,9999.000,9999.000
202607121600,   0.517,9999.000,   0.900,   1.041,   2.458,   0.700,   2.258,   1.100,   2.658
202607121606,   0.482,9999.000,9999.000,9999.000,9999.000,9999.000,9999.000,9999.000,9999.000
202607121612,   0.447,9999.000,9999.000,9999.000,9999.000,9999.000,9999.000,9999.000,9999.000
202607121618,   0.412,9999.000,9999.000,9999.000,9999.000,9999.000,9999.000,9999.000,9999.000
202607121624,   0.377,9999.000,9999.000,9999.000,9999.000,9999.000,9999.000,9999.000,9999.000
202607121630,   0.343,9999.000,9999.000,9999.000,9999.000,9999.000,9999.000,9999.000,9999.000
202607121636,   0.308,9999.000,9999.000,9999.000,9999.000,9999.000,9999.000,9999.000,9999.000
202607121642,   0.275,9999.000,9999.000,9999.000,9999.000,9999.000,9999.000,9999.000,9999.000
202607121648,   0.241,9999.000,9999.000,9999.000,9999.000,9999.000,9999.000,9999.000,9999.000
202607121654,   0.208,9999.000,9999.000,9999.000,9999.000,9999.000,9999.000,9999.000,9999.000
202607121700,   0.175,9999.000,   0.900,   1.041,   2.116,   0.700,   1.916,   1.200,   2.416
202607121706,   0.142,9999.000,9999.000,9999.000,9999.000,9999.000,9999.000,9999.000,9999.000
202607121712,   0.110,9999.000,9999.000,9999.000,9999.000,9999.000,9999.000,9999.000,9999.000
202607121718,   0.079,9999.000,9999.000,9999.000,9999.000,9999.000,9999.000,9999.000,9999.000
202607121724,   0.049,9999.000,9999.000,9999.000,9999.000,9999.000,9999.000,9999.000,9999.000
202607121730,   0.019,9999.000,9999.000,9999.000,9999.000,9999.000,9999.000,9999.000,9999.000
202607121736,  -0.008,9999.000,9999.000,9999.000,9999.000,9999.000,9999.000,9999.000,9999.000
202607121742,  -0.035,9999.000,9999.000,9999.000,9999.000,9999.000,9999.000,9999.000,9999.000
202607121748,  -0.061,9999.000,9999.000,9999.000,9999.000,9999.000,9999.000,9999.000,9999.000
202607121754,  -0.086,9999.000,9999.000,9999.000,9999.000,9999.000,9999.000,9999.000,9999.000
202607121800,  -0.108,9999.000,   0.900,   1.041,   1.833,   0.700,   1.633,   1.200,   2.133
202607121806,  -0.129,9999.000,9999.000,9999.000,9999.000,9999.000,9999.000,9999.000,9999.000
202607121812,  -0.148,9999.000,9999.000,9999.000,9999.000,9999.000,9999.000,9999.000,9999.000
202607121818,  -0.164,9999.000,9999.000,9999.000,9999.000,9999.000,9999.000,9999.000,9999.000
202607121824,  -0.178,9999.000,9999.000,9999.000,9999.000,9999.000,9999.000,9999.000,9999.000
202607121830,  -0.190,9999.000,9999.000,9999.000,9999.000,9999.000,9999.000,9999.000,9999.000
202607121836,  -0.198,9999.000,9999.000,9999.000,9999.000,9999.000,9999.000,9999.000,9999.000
202607121842,  -0.203,9999.000,9999.000,9999.000,9999.000,9999.000,9999.000,9999.000,9999.000
202607121848,  -0.205,9999.000,9999.000,9999.000,9999.000,9999.000,9999.000,9999.000,9999.000
202607121854,  -0.203,9999.000,9999.000,9999.000,9999.000,9999.000,9999.000,9999.000,9999.000
202607121900,  -0.197,9999.000,   0.900,   1.041,   1.744,   0.700,   1.544,   1.200,   2.044
202607121906,  -0.188,9999.000,9999.000,9999.000,9999.000,9999.000,9999.000,9999.000,9999.000
202607121912,  -0.175,9999.000,9999.000,9999.000,9999.000,9999.000,9999.000,9999.000,9999.000
202607121918,  -0.157,9999.000,9999.000,9999.000,9999.000,9999.000,9999.000,9999.000,9999.000
202607121924,  -0.136,9999.000,9999.000,9999.000,9999.000,9999.000,9999.000,9999.000,9999.000
202607121930,  -0.110,9999.000,9999.000,9999.000,9999.000,9999.000,9999.000,9999.000,9999.000
202607121936,  -0.080,9999.000,9999.000,9999.000,9999.000,9999.000,9999.000,9999.000,9999.000
202607121942,  -0.046,9999.000,9999.000,9999.000,9999.000,9999.000,9999.000,9999.000,9999.000
202607121948,  -0.007,9999.000,9999.000,9999.000,9999.000,9999.000,9999.000,9999.000,9999.000
202607121954,   0.034,9999.000,9999.000,9999.000,9999.000,9999.000,9999.000,9999.000,9999.000
202607122000,   0.080,9999.000,   0.900,   1.041,   2.021,   0.700,   1.821,   1.300,   2.421
202607122006,   0.130,9999.000,9999.000,9999.000,9999.000,9999.000,9999.000,9999.000,9999.000
202607122012,   0.183,9999.000,9999.000,9999.000,9999.000,9999.000,9999.000,9999.000,9999.000
202607122018,   0.240,9999.000,9999.000,9999.000,9999.000,9999.000,9999.000,9999.000,9999.000
202607122024,   0.300,9999.000,9999.000,9999.000,9999.000,9999.000,9999.000,9999.000,9999.000
202607122030,   0.362,9999.000,9999.000,9999.000,9999.000,9999.000,9999.000,9999.000,9999.000
202607122036,   0.428,9999.000,9999.000,9999.000,9999.000,9999.000,9999.000,9999.000,9999.000
202607122042,   0.495,9999.000,9999.000,9999.000,9999.000,9999.000,9999.000,9999.000,9999.000
202607122048,   0.565,9999.000,9999.000,9999.000,9999.000,9999.000,9999.000,9999.000,9999.000
202607122054,   0.636,9999.000,9999.000,9999.000,9999.000,9999.000,9999.000,9999.000,9999.000
202607122100,   0.709,9999.000,   0.900,   1.041,   2.650,   0.700,   2.450,   1.300,   3.050
202607122106,   0.783,9999.000,9999.000,9999.000,9999.000,9999.000,9999.000,9999.000,9999.000
202607122112,   0.858,9999.000,9999.000,9999.000,9999.000,9999.000,9999.000,9999.000,9999.000
202607122118,   0.934,9999.000,9999.000,9999.000,9999.000,9999.000,9999.000,9999.000,9999.000
202607122124,   1.011,9999.000,9999.000,9999.000,9999.000,9999.000,9999.000,9999.000,9999.000
202607122130,   1.088,9999.000,9999.000,9999.000,9999.000,9999.000,9999.000,9999.000,9999.000
202607122136,   1.165,9999.000,9999.000,9999.000,9999.000,9999.000,9999.000,9999.000,9999.000
202607122142,   1.243,9999.000,9999.000,9999.000,9999.000,9999.000,9999.000,9999.000,9999.000
202607122148,   1.320,9999.000,9999.000,9999.000,9999.000,9999.000,9999.000,9999.000,9999.000
202607122154,   1.397,9999.000,9999.000,9999.000,9999.000,9999.000,9999.000,9999.000,9999.000
202607122200,   1.474,9999.000,   0.900,   1.041,   3.415,   0.700,   3.215,   1.300,   3.815
202607122206,   1.550,9999.000,9999.000,9999.000,9999.000,9999.000,9999.000,9999.000,9999.000
202607122212,   1.626,9999.000,9999.000,9999.000,9999.000,9999.000,9999.000,9999.000,9999.000
202607122218,   1.701,9999.000,9999.000,9999.000,9999.000,9999.000,9999.000,9999.000,9999.000
202607122224,   1.776,9999.000,9999.000,9999.000,9999.000,9999.000,9999.000,9999.000,9999.000
202607122230,   1.849,9999.000,9999.000,9999.000,9999.000,9999.000,9999.000,9999.000,9999.000
202607122236,   1.922,9999.000,9999.000,9999.000,9999.000,9999.000,9999.000,9999.000,9999.000
202607122242,   1.994,9999.000,9999.000,9999.000,9999.000,9999.000,9999.000,9999.000,9999.000
202607122248,   2.064,9999.000,9999.000,9999.000,9999.000,9999.000,9999.000,9999.000,9999.000
202607122254,   2.133,9999.000,9999.000,9999.000,9999.000,9999.000,9999.000,9999.000,9999.000
202607122300,   2.200,9999.000,   0.900,   1.041,   4.141,   0.700,   3.941,   1.300,   4.541
202607122306,   2.265,9999.000,9999.000,9999.000,9999.000,9999.000,9999.000,9999.000,9999.000
202607122312,   2.329,9999.000,9999.000,9999.000,9999.000,9999.000,9999.000,9999.000,9999.000
202607122318,   2.390,9999.000,9999.000,9999.000,9999.000,9999.000,9999.000,9999.000,9999.000
202607122324,   2.448,9999.000,9999.000,9999.000,9999.000,9999.000,9999.000,9999.000,9999.000
202607122330,   2.504,9999.000,9999.000,9999.000,9999.000,9999.000,9999.000,9999.000,9999.000
202607122336,   2.556,9999.000,9999.000,9999.000,9999.000,9999.000,9999.000,9999.000,9999.000
202607122342,   2.605,9999.000,9999.000,9999.000,9999.000,9999.000,9999.000,9999.000,9999.000
202607122348,   2.651,9999.000,9999.000,9999.000,9999.000,9999.000,9999.000,9999.000,9999.000
202607122354,   2.692,9999.000,9999.000,9999.000,9999.000,9999.000,9999.000,9999.000,9999.000
202607130000,   2.730,9999.000,   0.900,   1.041,   4.671,   0.700,   4.471,   1.300,   5.071
202607130006,   2.763,9999.000,9999.000,9999.000,9999.000,9999.000,9999.000,9999.000,9999.000
202607130012,   2.791,9999.000,9999.000,9999.000,9999.000,9999.000,9999.000,9999.000,9999.000
202607130018,   2.815,9999.000,9999.000,9999.000,9999.000,9999.000,9999.000,9999.000,9999.000
202607130024,   2.834,9999.000,9999.000,9999.000,9999.000,9999.000,9999.000,9999.000,9999.000
202607130030,   2.848,9999.000,9999.000,9999.000,9999.000,9999.000,9999.000,9999.000,9999.000
202607130036,   2.857,9999.000,9999.000,9999.000,9999.000,9999.000,9999.000,9999.000,9999.000
202607130042,   2.861,9999.000,9999.000,9999.000,9999.000,9999.000,9999.000,9999.000,9999.000
202607130048,   2.860,9999.000,9999.000,9999.000,9999.000,9999.000,9999.000,9999.000,9999.000
202607130054,   2.854,9999.000,9999.000,9999.000,9999.000,9999.000,9999.000,9999.000,9999.000
202607130100,   2.844,9999.000,   0.900,   1.041,   4.785,   0.700,   4.585,   1.300,   5.185
202607130106,   2.829,9999.000,9999.000,9999.000,9999.000,9999.000,9999.000,9999.000,9999.000
202607130112,   2.810,9999.000,9999.000,9999.000,9999.000,9999.000,9999.000,9999.000,9999.000
202607130118,   2.786,9999.000,9999.000,9999.000,9999.000,9999.000,9999.000,9999.000,9999.000
202607130124,   2.760,9999.000,9999.000,9999.000,9999.000,9999.000,9999.000,9999.000,9999.000
202607130130,   2.729,9999.000,9999.000,9999.000,9999.000,9999.000,9999.000,9999.000,9999.000
202607130136,   2.696,9999.000,9999.000,9999.000,9999.000,9999.000,9999.000,9999.000,9999.000
202607130142,   2.660,9999.000,9999.000,9999.000,9999.000,9999.000,9999.000,9999.000,9999.000
202607130148,   2.621,9999.000,9999.000,9999.000,9999.000,9999.000,9999.000,9999.000,9999.000
202607130154,   2.580,9999.000,9999.000,9999.000,9999.000,9999.000,9999.000,9999.000,9999.000
202607130200,   2.538,9999.000,   0.900,   1.041,   4.479,   0.700,   4.279,   1.200,   4.779
202607130206,   2.494,9999.000,9999.000,9999.000,9999.000,9999.000,9999.000,9999.000,9999.000
202607130212,   2.449,9999.000,9999.000,9999.000,9999.000,9999.000,9999.000,9999.000,9999.000
202607130218,   2.403,9999.000,9999.000,9999.000,9999.000,9999.000,9999.000,9999.000,9999.000
202607130224,   2.356,9999.000,9999.000,9999.000,9999.000,9999.000,9999.000,9999.000,9999.000
202607130230,   2.309,9999.000,9999.000,9999.000,9999.000,9999.000,9999.000,9999.000,9999.000
202607130236,   2.262,9999.000,9999.000,9999.000,9999.000,9999.000,9999.000,9999.000,9999.000
202607130242,   2.215,9999.000,9999.000,9999.000,9999.000,9999.000,9999.000,9999.000,9999.000
202607130248,   2.168,9999.000,9999.000,9999.000,9999.000,9999.000,9999.000,9999.000,9999.000
202607130254,   2.121,9999.000,9999.000,9999.000,9999.000,9999.000,9999.000,9999.000,9999.000
202607130300,   2.074,9999.000,   0.900,   1.041,   4.015,   0.700,   3.815,   1.200,   4.315
202607130306,   2.028,9999.000,9999.000,9999.000,9999.000,9999.000,9999.000,9999.000,9999.000
202607130312,   1.982,9999.000,9999.000,9999.000,9999.000,9999.000,9999.000,9999.000,9999.000
202607130318,   1.936,9999.000,9999.000,9999.000,9999.000,9999.000,9999.000,9999.000,9999.000
202607130324,   1.891,9999.000,9999.000,9999.000,9999.000,9999.000,9999.000,9999.000,9999.000
202607130330,   1.846,9999.000,9999.000,9999.000,9999.000,9999.000,9999.000,9999.000,9999.000
202607130336,   1.801,9999.000,9999.000,9999.000,9999.000,9999.000,9999.000,9999.000,9999.000
202607130342,   1.756,9999.000,9999.000,9999.000,9999.000,9999.000,9999.000,9999.000,9999.000
202607130348,   1.711,9999.000,9999.000,9999.000,9999.000,9999.000,9999.000,9999.000,9999.000
202607130354,   1.666,9999.000,9999.000,9999.000,9999.000,9999.000,9999.000,9999.000,9999.000
202607130400,   1.622,9999.000,   0.900,   1.041,   3.563,   0.700,   3.363,   1.200,   3.863
202607130406,   1.577,9999.000,9999.000,9999.000,9999.000,9999.000,9999.000,9999.000,9999.000
202607130412,   1.532,9999.000,9999.000,9999.000,9999.000,9999.000,9999.000,9999.000,9999.000
202607130418,   1.486,9999.000,9999.000,9999.000,9999.000,9999.000,9999.000,9999.000,9999.000
202607130424,   1.440,9999.000,9999.000,9999.000,9999.000,9999.000,9999.000,9999.000,9999.000
202607130430,   1.394,9999.000,9999.000,9999.000,9999.000,9999.000,9999.000,9999.000,9999.000
202607130436,   1.348,9999.000,9999.000,9999.000,9999.000,9999.000,9999.000,9999.000,9999.000
202607130442,   1.301,9999.000,9999.000,9999.000,9999.000,9999.000,9999.000,9999.000,9999.000
202607130448,   1.253,9999.000,9999.000,9999.000,9999.000,9999.000,9999.000,9999.000,9999.000
202607130454,   1.205,9999.000,9999.000,9999.000,9999.000,9999.000,9999.000,9999.000,9999.000
202607130500,   1.157,9999.000,   0.900,   1.041,   3.098,   0.700,   2.898,   1.200,   3.398
202607130506,   1.108,9999.000,9999.000,9999.000,9999.000,9999.000,9999.000,9999.000,9999.000
202607130512,   1.058,9999.000,9999.000,9999.000,9999.000,9999.000,9999.000,9999.000,9999.000
202607130518,   1.009,9999.000,9999.000,9999.000,9999.000,9999.000,9999.000,9999.000,9999.000
202607130524,   0.959,9999.000,9999.000,9999.000,9999.000,9999.000,9999.000,9999.000,9999.000
202607130530,   0.908,9999.000,9999.000,9999.000,9999.000,9999.000,9999.000,9999.000,9999.000
202607130536,   0.858,9999.000,9999.000,9999.000,9999.000,9999.000,9999.000,9999.000,9999.000
202607130542,   0.808,9999.000,9999.000,9999.000,9999.000,9999.000,9999.000,9999.000,9999.000
202607130548,   0.757,9999.000,9999.000,9999.000,9999.000,9999.000,9999.000,9999.000,9999.000
202607130554,   0.707,9999.000,9999.000,9999.000,9999.000,9999.000,9999.000,9999.000,9999.000
202607130600,   0.657,9999.000,   0.900,   1.041,   2.598,   0.700,   2.398,   1.200,   2.898
