        TIME,    TIDE,      OB,   SURGE,    BIAS,     TWL,SURGE90p,  TWL90p,SURGE10p,   TWL10p
202602130000,   1.457,   2.059,   0.400,   0.202,   2.059,   0.400,   2.059,   0.400,   2.059
202602130006,   1.471,9999.000,9999.000,9999.000,9999.000,9999.000,9999.000,9999.000,9999.000
202602130012,   1.484,   2.069,9999.000,9999.000,9999.000,9999.000,9999.000,9999.000,9999.000
202602130018,   1.497,9999.000,9999.000,9999.000,9999.000,9999.000,9999.000,9999.000,9999.000
202602130024,   1.510,   2.099,9999.000,9999.000,9999.000,9999.000,9999.000,9999.000,9999.000
202602130030,   1.522,9999.000,9999.000,9999.000,9999.000,9999.000,9999.000,9999.000,9999.000
202602130036,   1.533,   2.128,9999.000,9999.000,9999.000,9999.000,9999.000,9999.000,9999.000
202602130042,   1.543,9999.000,9999.000,9999.000,9999.000,9999.000,9999.000,9999.000,9999.000
202602130048,   1.553,   2.158,9999.000,9999.000,9999.000,9999.000,9999.000,9999.000,9999.000
202602130054,   1.562,9999.000,9999.000,9999.000,9999.000,9999.000,9999.000,9999.000,9999.000
202602130100,   1.571,   2.177,   0.400,   0.206,   2.177,   0.400,   2.177,   0.500,   2.277
202602130106,   1.578,   2.191,9999.000,9999.000,9999.000,9999.000,9999.000,9999.000,9999.000
202602130112,   1.585,   2.210,9999.000,9999.000,9999.000,9999.000,9999.000,9999.000,9999.000
202602130118,   1.591,   2.220,9999.000,9999.000,9999.000,9999.000,9999.000,9999.000,9999.000
202602130124,   1.597,   2.230,9999.000,9999.000,9999.000,9999.000,9999.000,9999.000,9999.000
202602130130,   1.601,   2.240,9999.000,9999.000,9999.000,9999.000,9999.000,9999.000,9999.000
202602130136,   1.605,   2.240,9999.000,9999.000,9999.000,9999.000,9999.000,9999.000,9999.000
202602130142,   1.608,   2.250,9999.000,9999.000,9999.000,9999.000,9999.000,9999.000,9999.000
202602130148,   1.610,   2.259,9999.000,9999.000,9999.000,9999.000,9999.000,9999.000,9999.000
202602130154,   1.612,   2.259,9999.000,9999.000,9999.000,9999.000,9999.000,9999.000,9999.000
202602130200,   1.612,   2.269,   0.400,   0.257,   2.269,   0.400,   2.269,   0.500,   2.369
202602130206,   1.612,   2.279,9999.000,9999.000,9999.000,9999.000,9999.000,9999.000,9999.000
202602130212,   1.611,   2.279,9999.000,9999.000,9999.000,9999.000,9999.000,9999.000,9999.000
202602130218,   1.609,   2.279,9999.000,9999.000,9999.000,9999.000,9999.000,9999.000,9999.000
202602130224,   1.607,   2.289,9999.000,9999.000,9999.000,9999.000,9999.000,9999.000,9999.000
202602130230,   1.604,   2.289,9999.000,9999.000,9999.000,9999.000,9999.000,9999.000,9999.000
202602130236,   1.599,   2.299,9999.000,9999.000,9999.000,9999.000,9999.000,9999.000,9999.000
202602130242,   1.595,   2.289,9999.000,9999.000,9999.000,9999.000,9999.000,9999.000,9999.000
202602130248,   1.589,   2.289,9999.000,9999.000,9999.000,9999.000,9999.000,9999.000,9999.000
202602130254,   1.583,   2.279,9999.000,9999.000,9999.000,9999.000,9999.000,9999.000,9999.000
202602130300,   1.576,   2.279,   0.400,   0.303,   2.279,   0.400,   2.279,   0.500,   2.379
202602130306,   1.568,   2.279,9999.000,9999.000,9999.000,9999.000,9999.000,9999.000,9999.000
202602130312,   1.560,   2.279,9999.000,9999.000,9999.000,9999.000,9999.000,9999.000,9999.000
202602130318,   1.551,   2.269,9999.000,9999.000,9999.000,9999.000,9999.000,9999.000,9999.000
202602130324,   1.541,   2.250,9999.000,9999.000,9999.000,9999.000,9999.000,9999.000,9999.000
202602130330,   1.531,   2.240,9999.000,9999.000,9999.000,9999.000,9999.000,9999.000,9999.000
202602130336,   1.520,   2.240,9999.000,9999.000,9999.000,9999.000,9999.000,9999.000,9999.000
202602130342,   1.508,   2.230,9999.000,9999.000,9999.000,9999.000,9999.000,9999.000,9999.000
202602130348,   1.496,   2.220,9999.000,9999.000,9999.000,9999.000,9999.000,9999.000,9999.000
202602130354,   1.484,   2.210,9999.000,9999.000,9999.000,9999.000,9999.000,9999.000,9999.000
202602130400,   1.471,   2.191,   0.400,   0.320,   2.191,   0.400,   2.191,   0.500,   2.291
202602130406,   1.457,   2.177,9999.000,9999.000,9999.000,9999.000,9999.000,9999.000,9999.000
202602130412,   1.443,   2.158,9999.000,9999.000,9999.000,9999.000,9999.000,9999.000,9999.000
202602130418,   1.428,   2.148,9999.000,9999.000,9999.000,9999.000,9999.000,9999.000,9999.000
202602130424,   1.413,   2.128,9999.000,9999.000,9999.000,9999.000,9999.000,9999.000,9999.000
202602130430,   1.398,   2.109,9999.000,9999.000,9999.000,9999.000,9999.000,9999.000,9999.000
202602130436,   1.382,   2.099,9999.000,9999.000,9999.000,9999.000,9999.000,9999.000,9999.000
202602130442,   1.365,   2.069,9999.000,9999.000,9999.000,9999.000,9999.000,9999.000,9999.000
202602130448,   1.348,   2.049,9999.000,9999.000,9999.000,9999.000,9999.000,9999.000,9999.000
202602130454,   1.331,   2.030,9999.000,9999.000,9999.000,9999.000,9999.000,9999.000,9999.000
202602130500,   1.313,   2.010,   0.400,   0.297,   2.010,   0.400,   2.010,   0.500,   2.110
202602130506,   1.295,   1.981,9999.000,9999.000,9999.000,9999.000,9999.000,9999.000,9999.000
202602130512,   1.277,   1.958,9999.000,9999.000,9999.000,9999.000,9999.000,9999.000,9999.000
202602130518,   1.258,   1.928,9999.000,9999.000,9999.000,9999.000,9999.000,9999.000,9999.000
202602130524,   1.239,   1.899,9999.000,9999.000,9999.000,9999.000,9999.000,9999.000,9999.000
202602130530,   1.220,   1.889,9999.000,9999.000,9999.000,9999.000,9999.000,9999.000,9999.000
202602130536,   1.200,   1.849,9999.000,9999.000,9999.000,9999.000,9999.000,9999.000,9999.000
202602130542,   1.180,   1.830,9999.000,9999.000,9999.000,9999.000,9999.000,9999.000,9999.000
202602130548,   1.159,   1.800,9999.000,9999.000,9999.000,9999.000,9999.000,9999.000,9999.000
202602130554,   1.138,   1.767,9999.000,9999.000,9999.000,9999.000,9999.000,9999.000,9999.000
202602130600,   1.117,   1.738,   0.400,   0.221,   1.738,   0.400,   1.738,   0.500,   1.838
202602130606,   1.096,   1.699,9999.000,9999.000,9999.000,9999.000,9999.000,9999.000,9999.000
202602130612,   1.074,   1.659,9999.000,9999.000,9999.000,9999.000,9999.000,9999.000,9999.000
202602130618,   1.052,   1.630,9999.000,9999.000,9999.000,9999.000,9999.000,9999.000,9999.000
202602130624,   1.030,   1.600,9999.000,9999.000,9999.000,9999.000,9999.000,9999.000,9999.000
202602130630,   1.007,   1.557,9999.000,9999.000,9999.000,9999.000,9999.000,9999.000,9999.000
202602130636,   0.984,   1.518,9999.000,9999.000,9999.000,9999.000,9999.000,9999.000,9999.000
202602130642,   0.961,   1.479,9999.000,9999.000,9999.000,9999.000,9999.000,9999.000,9999.000
202602130648,   0.938,   1.439,9999.000,9999.000,9999.000,9999.000,9999.000,9999.000,9999.000
202602130654,   0.914,   1.400,9999.000,9999.000,9999.000,9999.000,9999.000,9999.000,9999.000
202602130700,   0.890,   1.371,   0.500,  -0.019,   1.371,   0.400,   1.271,   0.500,   1.371
202602130706,   0.866,   1.328,9999.000,9999.000,9999.000,9999.000,9999.000,9999.000,9999.000
202602130712,   0.841,   1.289,9999.000,9999.000,9999.000,9999.000,9999.000,9999.000,9999.000
202602130718,   0.816,   1.249,9999.000,9999.000,9999.000,9999.000,9999.000,9999.000,9999.000
202602130724,   0.791,   1.210,9999.000,9999.000,9999.000,9999.000,9999.000,9999.000,9999.000
202602130730,   0.766,   1.180,9999.000,9999.000,9999.000,9999.000,9999.000,9999.000,9999.000
202602130736,   0.741,   1.151,9999.000,9999.000,9999.000,9999.000,9999.000,9999.000,9999.000
202602130742,   0.715,   1.108,9999.000,9999.000,9999.000,9999.000,9999.000,9999.000,9999.000
202602130748,   0.689,   1.069,9999.000,9999.000,9999.000,9999.000,9999.000,9999.000,9999.000
202602130754,   0.663,   1.049,9999.000,9999.000,9999.000,9999.000,9999.000,9999.000,9999.000
202602130800,   0.637,   1.020,   0.500,  -0.117,   1.020,   0.400,   0.920,   0.500,   1.020
202602130806,   0.611,   0.990,9999.000,9999.000,9999.000,9999.000,9999.000,9999.000,9999.000
202602130812,   0.584,   0.961,9999.000,9999.000,9999.000,9999.000,9999.000,9999.000,9999.000
202602130818,   0.558,   0.928,9999.000,9999.000,9999.000,9999.000,9999.000,9999.000,9999.000
202602130824,   0.531,   0.898,9999.000,9999.000,9999.000,9999.000,9999.000,9999.000,9999.000
202602130830,   0.504,   0.869,9999.000,9999.000,9999.000,9999.000,9999.000,9999.000,9999.000
202602130836,   0.477,   0.839,9999.000,9999.000,9999.000,9999.000,9999.000,9999.000,9999.000
202602130842,   0.451,   0.819,9999.000,9999.000,9999.000,9999.000,9999.000,9999.000,9999.000
202602130848,   0.424,   0.790,9999.000,9999.000,9999.000,9999.000,9999.000,9999.000,9999.000
202602130854,   0.397,   0.760,9999.000,9999.000,9999.000,9999.000,9999.000,9999.000,9999.000
202602130900,   0.370,   0.731,   0.500,  -0.139,   0.731,   0.400,   0.631,   0.500,   0.731
202602130906,   0.343,   0.698,9999.000,9999.000,9999.000,9999.000,9999.000,9999.000,9999.000
202602130912,   0.316,   0.669,9999.000,9999.000,9999.000,9999.000,9999.000,9999.000,9999.000
202602130918,   0.289,   0.639,9999.000,9999.000,9999.000,9999.000,9999.000,9999.000,9999.000
202602130924,   0.262,   0.610,9999.000,9999.000,9999.000,9999.000,9999.000,9999.000,9999.000
202602130930,   0.235,   0.580,9999.000,9999.000,9999.000,9999.000,9999.000,9999.000,9999.000
202602130936,   0.208,   0.551,9999.000,9999.000,9999.000,9999.000,9999.000,9999.000,9999.000
202602130942,   0.181,   0.531,9999.000,9999.000,9999.000,9999.000,9999.000,9999.000,9999.000
202602130948,   0.155,   0.498,9999.000,9999.000,9999.000,9999.000,9999.000,9999.000,9999.000
202602130954,   0.129,   0.478,9999.000,9999.000,9999.000,9999.000,9999.000,9999.000,9999.000
202602131000,   0.102,   0.449,   0.500,  -0.153,   0.449,   0.500,   0.449,   0.500,   0.449
202602131006,   0.076,   0.429,9999.000,9999.000,9999.000,9999.000,9999.000,9999.000,9999.000
202602131012,   0.050,   0.400,9999.000,9999.000,9999.000,9999.000,9999.000,9999.000,9999.000
202602131018,   0.025,   0.390,9999.000,9999.000,9999.000,9999.000,9999.000,9999.000,9999.000
202602131024,   0.000,   0.360,9999.000,9999.000,9999.000,9999.000,9999.000,9999.000,9999.000
202602131030,  -0.025,   0.341,9999.000,9999.000,9999.000,9999.000,9999.000,9999.000,9999.000
202602131036,  -0.049,   0.321,9999.000,9999.000,9999.000,9999.000,9999.000,9999.000,9999.000
202602131042,  -0.074,   0.298,9999.000,9999.000,9999.000,9999.000,9999.000,9999.000,9999.000
202602131048,  -0.098,   0.288,9999.000,9999.000,9999.000,9999.000,9999.000,9999.000,9999.000
202602131054,  -0.122,   0.268,9999.000,9999.000,9999.000,9999.000,9999.000,9999.000,9999.000
202602131100,  -0.145,   0.259,   0.500,  -0.096,   0.259,   0.500,   0.259,   0.500,   0.259
202602131106,  -0.168,   0.239,9999.000,9999.000,9999.000,9999.000,9999.000,9999.000,9999.000
202602131112,  -0.191,   0.219,9999.000,9999.000,9999.000,9999.000,9999.000,9999.000,9999.000
202602131118,  -0.213,   0.200,9999.000,9999.000,9999.000,9999.000,9999.000,9999.000,9999.000
202602131124,  -0.235,   0.180,9999.000,9999.000,9999.000,9999.000,9999.000,9999.000,9999.000
202602131130,  -0.257,   0.160,9999.000,9999.000,9999.000,9999.000,9999.000,9999.000,9999.000
202602131136,  -0.277,   0.141,9999.000,9999.000,9999.000,9999.000,9999.000,9999.000,9999.000
202602131142,  -0.298,   0.121,9999.000,9999.000,9999.000,9999.000,9999.000,9999.000,9999.000
202602131148,  -0.318,   0.111,9999.000,9999.000,9999.000,9999.000,9999.000,9999.000,9999.000
202602131154,  -0.337,   0.088,9999.000,9999.000,9999.000,9999.000,9999.000,9999.000,9999.000
202602131200,  -0.356,   0.078,   0.500,  -0.066,   0.078,   0.400,  -0.022,   0.500,   0.078
202602131206,  -0.374,   0.059,9999.000,9999.000,9999.000,9999.000,9999.000,9999.000,9999.000
202602131212,  -0.391,   0.039,9999.000,9999.000,9999.000,9999.000,9999.000,9999.000,9999.000
202602131218,  -0.408,   0.029,9999.000,9999.000,9999.000,9999.000,9999.000,9999.000,9999.000
202602131224,  -0.424,   0.009,9999.000,9999.000,9999.000,9999.000,9999.000,9999.000,9999.000
202602131230,  -0.440,  -0.019,9999.000,9999.000,9999.000,9999.000,9999.000,9999.000,9999.000
202602131236,  -0.455,  -0.039,9999.000,9999.000,9999.000,9999.000,9999.000,9999.000,9999.000
202602131242,  -0.469,  -0.049,9999.000,9999.000,9999.000,9999.000,9999.000,9999.000,9999.000
202602131248,  -0.482,  -0.059,9999.000,9999.000,9999.000,9999.000,9999.000,9999.000,9999.000
202602131254,  -0.495,  -0.068,9999.000,9999.000,9999.000,9999.000,9999.000,9999.000,9999.000
202602131300,  -0.506,  -0.078,   0.500,  -0.072,  -0.078,   0.500,  -0.078,   0.500,  -0.078
202602131306,  -0.517,  -0.088,9999.000,9999.000,9999.000,9999.000,9999.000,9999.000,9999.000
202602131312,  -0.527,  -0.098,9999.000,9999.000,9999.000,9999.000,9999.000,9999.000,9999.000
202602131318,  -0.537,  -0.111,9999.000,9999.000,9999.000,9999.000,9999.000,9999.000,9999.000
202602131324,  -0.545,  -0.121,9999.000,9999.000,9999.000,9999.000,9999.000,9999.000,9999.000
202602131330,  -0.552,  -0.131,9999.000,9999.000,9999.000,9999.000,9999.000,9999.000,9999.000
202602131336,  -0.559,  -0.141,9999.000,9999.000,9999.000,9999.000,9999.000,9999.000,9999.000
202602131342,  -0.565,  -0.150,9999.000,9999.000,9999.000,9999.000,9999.000,9999.000,9999.000
202602131348,  -0.569,  -0.150,9999.000,9999.000,9999.000,9999.000,9999.000,9999.000,9999.000
202602131354,  -0.573,  -0.150,9999.000,9999.000,9999.000,9999.000,9999.000,9999.000,9999.000
202602131400,  -0.575,  -0.160,   0.500,  -0.085,  -0.160,   0.500,  -0.160,   0.500,  -0.160
202602131406,  -0.577,  -0.180,9999.000,9999.000,9999.000,9999.000,9999.000,9999.000,9999.000
202602131412,  -0.578,  -0.180,9999.000,9999.000,9999.000,9999.000,9999.000,9999.000,9999.000
202602131418,  -0.577,  -0.190,9999.000,9999.000,9999.000,9999.000,9999.000,9999.000,9999.000
202602131424,  -0.576,  -0.180,9999.000,9999.000,9999.000,9999.000,9999.000,9999.000,9999.000
202602131430,  -0.573,  -0.190,9999.000,9999.000,9999.000,9999.000,9999.000,9999.000,9999.000
202602131436,  -0.570,  -0.190,9999.000,9999.000,9999.000,9999.000,9999.000,9999.000,9999.000
202602131442,  -0.565,  -0.190,9999.000,9999.000,9999.000,9999.000,9999.000,9999.000,9999.000
202602131448,  -0.559,  -0.190,9999.000,9999.000,9999.000,9999.000,9999.000,9999.000,9999.000
202602131454,  -0.553,  -0.200,9999.000,9999.000,9999.000,9999.000,9999.000,9999.000,9999.000
202602131500,  -0.545,  -0.200,   0.500,  -0.155,  -0.200,   0.500,  -0.200,   0.500,  -0.200
202602131506,  -0.536,  -0.200,9999.000,9999.000,9999.000,9999.000,9999.000,9999.000,9999.000
202602131512,  -0.526,  -0.200,9999.000,9999.000,9999.000,9999.000,9999.000,9999.000,9999.000
202602131518,  -0.515,  -0.190,9999.000,9999.000,9999.000,9999.000,9999.000,9999.000,9999.000
202602131524,  -0.504,  -0.190,9999.000,9999.000,9999.000,9999.000,9999.000,9999.000,9999.000
202602131530,  -0.491,  -0.170,9999.000,9999.000,9999.000,9999.000,9999.000,9999.000,9999.000
202602131536,  -0.477,  -0.160,9999.000,9999.000,9999.000,9999.000,9999.000,9999.000,9999.000
202602131542,  -0.462,  -0.150,9999.000,9999.000,9999.000,9999.000,9999.000,9999.000,9999.000
202602131548,  -0.446,  -0.150,9999.000,9999.000,9999.000,9999.000,9999.000,9999.000,9999.000
202602131554,  -0.430,  -0.131,9999.000,9999.000,9999.000,9999.000,9999.000,9999.000,9999.000
202602131600,  -0.412,  -0.131,   0.500,  -0.219,  -0.131,   0.400,  -0.231,   0.500,  -0.131
202602131606,  -0.394,  -0.121,9999.000,9999.000,9999.000,9999.000,9999.000,9999.000,9999.000
202602131612,  -0.374,  -0.111,9999.000,9999.000,9999.000,9999.000,9999.000,9999.000,9999.000
202602131618,  -0.354,  -0.088,9999.000,9999.000,9999.000,9999.000,9999.000,9999.000,9999.000
202602131624,  -0.334,  -0.068,9999.000,9999.000,9999.000,9999.000,9999.000,9999.000,9999.000
202602131630,  -0.312,  -0.039,9999.000,9999.000,9999.000,9999.000,9999.000,9999.000,9999.000
202602131636,  -0.290,  -0.019,9999.000,9999.000,9999.000,9999.000,9999.000,9999.000,9999.000
202602131642,  -0.267,   0.009,9999.000,9999.000,9999.000,9999.000,9999.000,9999.000,9999.000
202602131648,  -0.244,   0.029,9999.000,9999.000,9999.000,9999.000,9999.000,9999.000,9999.000
202602131654,  -0.220,   0.059,9999.000,9999.000,9999.000,9999.000,9999.000,9999.000,9999.000
202602131700,  -0.195,   0.078,   0.500,  -0.227,   0.078,   0.400,  -0.022,   0.500,   0.078
202602131706,  -0.171,   0.098,9999.000,9999.000,9999.000,9999.000,9999.000,9999.000,9999.000
202602131712,  -0.145,   0.131,9999.000,9999.000,9999.000,9999.000,9999.000,9999.000,9999.000
202602131718,  -0.119,   0.160,9999.000,9999.000,9999.000,9999.000,9999.000,9999.000,9999.000
202602131724,  -0.093,   0.200,9999.000,9999.000,9999.000,9999.000,9999.000,9999.000,9999.000
202602131730,  -0.067,   0.229,9999.000,9999.000,9999.000,9999.000,9999.000,9999.000,9999.000
202602131736,  -0.040,   0.268,9999.000,9999.000,9999.000,9999.000,9999.000,9999.000,9999.000
202602131742,  -0.014,   0.308,9999.000,9999.000,9999.000,9999.000,9999.000,9999.000,9999.000
202602131748,   0.012,   0.341,9999.000,9999.000,9999.000,9999.000,9999.000,9999.000,9999.000
202602131754,   0.039,   0.380,9999.000,9999.000,9999.000,9999.000,9999.000,9999.000,9999.000
202602131800,   0.067,   0.409,   0.500,  -0.158,   0.409,   0.400,   0.309,   0.500,   0.409
202602131806,   0.094,   0.449,9999.000,9999.000,9999.000,9999.000,9999.000,9999.000,9999.000
202602131812,   0.121,   0.488,9999.000,9999.000,9999.000,9999.000,9999.000,9999.000,9999.000
202602131818,   0.148,   0.518,9999.000,9999.000,9999.000,9999.000,9999.000,9999.000,9999.000
202602131824,   0.175,   0.560,9999.000,9999.000,9999.000,9999.000,9999.000,9999.000,9999.000
202602131830,   0.202,   0.600,9999.000,9999.000,9999.000,9999.000,9999.000,9999.000,9999.000
202602131836,   0.229,   0.639,9999.000,9999.000,9999.000,9999.000,9999.000,9999.000,9999.000
202602131842,   0.255,   0.678,9999.000,9999.000,9999.000,9999.000,9999.000,9999.000,9999.000
202602131848,   0.282,   0.718,9999.000,9999.000,9999.000,9999.000,9999.000,9999.000,9999.000
202602131854,   0.308,   0.741,9999.000,9999.000,9999.000,9999.000,9999.000,9999.000,9999.000
202602131900,   0.334,   0.770,   0.500,  -0.064,   0.770,   0.400,   0.670,   0.500,   0.770
202602131906,   0.360,   0.810,9999.000,9999.000,9999.000,9999.000,9999.000,9999.000,9999.000
202602131912,   0.385,   0.839,9999.000,9999.000,9999.000,9999.000,9999.000,9999.000,9999.000
202602131918,   0.410,   0.869,9999.000,9999.000,9999.000,9999.000,9999.000,9999.000,9999.000
202602131924,   0.435,   0.898,9999.000,9999.000,9999.000,9999.000,9999.000,9999.000,9999.000
202602131930,   0.459,   0.928,9999.000,9999.000,9999.000,9999.000,9999.000,9999.000,9999.000
202602131936,   0.484,   0.951,9999.000,9999.000,9999.000,9999.000,9999.000,9999.000,9999.000
202602131942,   0.507,   0.970,9999.000,9999.000,9999.000,9999.000,9999.000,9999.000,9999.000
202602131948,   0.531,   0.990,9999.000,9999.000,9999.000,9999.000,9999.000,9999.000,9999.000
202602131954,   0.554,   1.010,9999.000,9999.000,9999.000,9999.000,9999.000,9999.000,9999.000
202602132000,   0.577,   1.029,   0.400,   0.052,   1.029,   0.400,   1.029,   0.500,   1.129
202602132006,   0.599,   1.049,9999.000,9999.000,9999.000,9999.000,9999.000,9999.000,9999.000
202602132012,   0.621,   1.069,9999.000,9999.000,9999.000,9999.000,9999.000,9999.000,9999.000
202602132018,   0.643,   1.088,9999.000,9999.000,9999.000,9999.000,9999.000,9999.000,9999.000
202602132024,   0.665,   1.118,9999.000,9999.000,9999.000,9999.000,9999.000,9999.000,9999.000
202602132030,   0.686,   1.138,9999.000,9999.000,9999.000,9999.000,9999.000,9999.000,9999.000
202602132036,   0.707,   1.151,9999.000,9999.000,9999.000,9999.000,9999.000,9999.000,9999.000
202602132042,   0.728,   1.180,9999.000,9999.000,9999.000,9999.000,9999.000,9999.000,9999.000
202602132048,   0.748,   1.210,9999.000,9999.000,9999.000,9999.000,9999.000,9999.000,9999.000
202602132054,   0.768,   1.229,9999.000,9999.000,9999.000,9999.000,9999.000,9999.000,9999.000
202602132100,   0.788,   1.249,   0.400,   0.061,   1.249,   0.400,   1.249,   0.500,   1.349
202602132106,   0.808,   1.279,9999.000,9999.000,9999.000,9999.000,9999.000,9999.000,9999.000
202602132112,   0.828,   1.298,9999.000,9999.000,9999.000,9999.000,9999.000,9999.000,9999.000
202602132118,   0.847,   1.318,9999.000,9999.000,9999.000,9999.000,9999.000,9999.000,9999.000
202602132124,   0.866,   1.338,9999.000,9999.000,9999.000,9999.000,9999.000,9999.000,9999.000
202602132130,   0.885,   1.361,9999.000,9999.000,9999.000,9999.000,9999.000,9999.000,9999.000
202602132136,   0.904,   1.380,9999.000,9999.000,9999.000,9999.000,9999.000,9999.000,9999.000
202602132142,   0.923,   1.410,9999.000,9999.000,9999.000,9999.000,9999.000,9999.000,9999.000
202602132148,   0.942,   1.439,9999.000,9999.000,9999.000,9999.000,9999.000,9999.000,9999.000
202602132154,   0.960,   1.459,9999.000,9999.000,9999.000,9999.000,9999.000,9999.000,9999.000
202602132200,   0.979,   1.479,   0.400,   0.100,   1.479,   0.400,   1.479,   0.500,   1.579
202602132206,   0.997,   1.508,9999.000,9999.000,9999.000,9999.000,9999.000,9999.000,9999.000
202602132212,   1.016,   1.528,9999.000,9999.000,9999.000,9999.000,9999.000,9999.000,9999.000
202602132218,   1.034,   1.557,9999.000,9999.000,9999.000,9999.000,9999.000,9999.000,9999.000
202602132224,   1.052,   1.580,9999.000,9999.000,9999.000,9999.000,9999.000,9999.000,9999.000
202602132230,   1.070,   1.600,9999.000,9999.000,9999.000,9999.000,9999.000,9999.000,9999.000
202602132236,   1.089,   1.620,9999.000,9999.000,9999.000,9999.000,9999.000,9999.000,9999.000
202602132242,   1.107,   1.639,9999.000,9999.000,9999.000,9999.000,9999.000,9999.000,9999.000
202602132248,   1.125,   1.669,9999.000,9999.000,9999.000,9999.000,9999.000,9999.000,9999.000
202602132254,   1.143,   1.689,9999.000,9999.000,9999.000,9999.000,9999.000,9999.000,9999.000
202602132300,   1.161,   1.699,   0.500,   0.038,   1.699,   0.400,   1.599,   0.500,   1.699
202602132306,   1.179,   1.718,9999.000,9999.000,9999.000,9999.000,9999.000,9999.000,9999.000
202602132312,   1.197,   1.738,9999.000,9999.000,9999.000,9999.000,9999.000,9999.000,9999.000
202602132318,   1.214,   1.781,9999.000,9999.000,9999.000,9999.000,9999.000,9999.000,9999.000
202602132324,   1.232,   1.820,9999.000,9999.000,9999.000,9999.000,9999.000,9999.000,9999.000
202602132330,   1.249,   1.849,9999.000,9999.000,9999.000,9999.000,9999.000,9999.000,9999.000
202602132336,   1.267,   1.869,9999.000,9999.000,9999.000,9999.000,9999.000,9999.000,9999.000
202602132342,   1.284,   1.899,9999.000,9999.000,9999.000,9999.000,9999.000,9999.000,9999.000
202602132348,   1.301,   1.889,9999.000,9999.000,9999.000,9999.000,9999.000,9999.000,9999.000
202602132354,   1.318,   2.036,9999.000,9999.000,9999.000,9999.000,9999.000,9999.000,9999.000
202602140000,   1.335,   2.036,   0.500,   0.201,   2.036,   0.400,   1.936,   0.500,   2.036
202602140006,   1.352,   1.938,9999.000,9999.000,9999.000,9999.000,9999.000,9999.000,9999.000
202602140012,   1.368,   1.981,9999.000,9999.000,9999.000,9999.000,9999.000,9999.000,9999.000
202602140018,   1.384,   2.010,9999.000,9999.000,9999.000,9999.000,9999.000,9999.000,9999.000
202602140024,   1.400,   2.020,9999.000,9999.000,9999.000,9999.000,9999.000,9999.000,9999.000
202602140030,   1.415,   2.040,9999.000,9999.000,9999.000,9999.000,9999.000,9999.000,9999.000
202602140036,   1.431,   2.049,9999.000,9999.000,9999.000,9999.000,9999.000,9999.000,9999.000
202602140042,   1.445,   2.059,9999.000,9999.000,9999.000,9999.000,9999.000,9999.000,9999.000
202602140048,   1.460,   2.069,9999.000,9999.000,9999.000,9999.000,9999.000,9999.000,9999.000
202602140054,   1.474,   2.079,9999.000,9999.000,9999.000,9999.000,9999.000,9999.000,9999.000
202602140100,   1.487,   2.089,   0.500,   0.102,   2.089,   0.400,   1.989,   0.500,   2.089
202602140106,   1.501,   2.099,9999.000,9999.000,9999.000,9999.000,9999.000,9999.000,9999.000
202602140112,   1.513,   2.109,9999.000,9999.000,9999.000,9999.000,9999.000,9999.000,9999.000
202602140118,   1.525,   2.109,9999.000,9999.000,9999.000,9999.000,9999.000,9999.000,9999.000
202602140124,   1.537,   2.118,9999.000,9999.000,9999.000,9999.000,9999.000,9999.000,9999.000
202602140130,   1.548,   2.128,9999.000,9999.000,9999.000,9999.000,9999.000,9999.000,9999.000
202602140136,   1.559,   2.138,9999.000,9999.000,9999.000,9999.000,9999.000,9999.000,9999.000
202602140142,   1.569,   2.138,9999.000,9999.000,9999.000,9999.000,9999.000,9999.000,9999.000
202602140148,   1.578,   2.138,9999.000,9999.000,9999.000,9999.000,9999.000,9999.000,9999.000
202602140154,   1.587,   2.148,9999.000,9999.000,9999.000,9999.000,9999.000,9999.000,9999.000
202602140200,   1.595,   2.148,   0.500,   0.053,   2.148,   0.400,   2.048,   0.500,   2.148
202602140206,   1.603,   2.148,9999.000,9999.000,9999.000,9999.000,9999.000,9999.000,9999.000
202602140212,   1.610,   2.158,9999.000,9999.000,9999.000,9999.000,9999.000,9999.000,9999.000
202602140218,   1.616,   2.158,9999.000,9999.000,9999.000,9999.000,9999.000,9999.000,9999.000
202602140224,   1.621,   2.158,9999.000,9999.000,9999.000,9999.000,9999.000,9999.000,9999.000
202602140230,   1.626,   2.158,9999.000,9999.000,9999.000,9999.000,9999.000,9999.000,9999.000
202602140236,   1.630,   2.168,9999.000,9999.000,9999.000,9999.000,9999.000,9999.000,9999.000
202602140242,   1.634,   2.168,9999.000,9999.000,9999.000,9999.000,9999.000,9999.000,9999.000
202602140248,   1.636,   2.168,9999.000,9999.000,9999.000,9999.000,9999.000,9999.000,9999.000
202602140254,   1.638,   2.168,9999.000,9999.000,9999.000,9999.000,9999.000,9999.000,9999.000
202602140300,   1.639,   2.168,   0.500,   0.029,   2.168,   0.500,   2.168,   0.500,   2.168
202602140306,   1.640,   2.158,9999.000,9999.000,9999.000,9999.000,9999.000,9999.000,9999.000
202602140312,   1.640,   2.168,9999.000,9999.000,9999.000,9999.000,9999.000,9999.000,9999.000
202602140318,   1.639,   2.168,9999.000,9999.000,9999.000,9999.000,9999.000,9999.000,9999.000
202602140324,   1.637,   2.158,9999.000,9999.000,9999.000,9999.000,9999.000,9999.000,9999.000
202602140330,   1.634,   2.158,9999.000,9999.000,9999.000,9999.000,9999.000,9999.000,9999.000
202602140336,   1.631,   2.158,9999.000,9999.000,9999.000,9999.000,9999.000,9999.000,9999.000
202602140342,   1.627,   2.148,9999.000,9999.000,9999.000,9999.000,9999.000,9999.000,9999.000
202602140348,   1.622,   2.138,9999.000,9999.000,9999.000,9999.000,9999.000,9999.000,9999.000
202602140354,   1.617,   2.138,9999.000,9999.000,9999.000,9999.000,9999.000,9999.000,9999.000
202602140400,   1.611,   2.138,   0.500,   0.027,   2.138,   0.500,   2.138,   0.500,   2.138
202602140406,   1.604,   2.128,9999.000,9999.000,9999.000,9999.000,9999.000,9999.000,9999.000
202602140412,   1.596,   2.128,9999.000,9999.000,9999.000,9999.000,9999.000,9999.000,9999.000
202602140418,   1.588,   2.128,9999.000,9999.000,9999.000,9999.000,9999.000,9999.000,9999.000
202602140424,   1.579,   2.109,9999.000,9999.000,9999.000,9999.000,9999.000,9999.000,9999.000
202602140430,   1.569,   2.079,9999.000,9999.000,9999.000,9999.000,9999.000,9999.000,9999.000
202602140436,   1.558,   2.069,9999.000,9999.000,9999.000,9999.000,9999.000,9999.000,9999.000
202602140442,   1.547,   2.049,9999.000,9999.000,9999.000,9999.000,9999.000,9999.000,9999.000
202602140448,   1.535,   2.040,9999.000,9999.000,9999.000,9999.000,9999.000,9999.000,9999.000
202602140454,   1.523,   2.030,9999.000,9999.000,9999.000,9999.000,9999.000,9999.000,9999.000
202602140500,   1.510,   2.020,   0.500,   0.010,   2.020,   0.500,   2.020,   0.500,   2.020
202602140506,   1.496,   1.990,9999.000,9999.000,9999.000,9999.000,9999.000,9999.000,9999.000
202602140512,   1.481,   1.967,9999.000,9999.000,9999.000,9999.000,9999.000,9999.000,9999.000
202602140518,   1.466,   1.958,9999.000,9999.000,9999.000,9999.000,9999.000,9999.000,9999.000
202602140524,   1.451,   1.948,9999.000,9999.000,9999.000,9999.000,9999.000,9999.000,9999.000
202602140530,   1.434,   1.918,9999.000,9999.000,9999.000,9999.000,9999.000,9999.000,9999.000
202602140536,   1.417,   1.889,9999.000,9999.000,9999.000,9999.000,9999.000,9999.000,9999.000
202602140542,   1.400,   1.859,9999.000,9999.000,9999.000,9999.000,9999.000,9999.000,9999.000
202602140548,   1.382,   1.820,9999.000,9999.000,9999.000,9999.000,9999.000,9999.000,9999.000
202602140554,   1.363,   1.790,9999.000,9999.000,9999.000,9999.000,9999.000,9999.000,9999.000
202602140600,   1.344,   1.748,   0.500,  -0.096,   1.748,   0.500,   1.748,   0.500,   1.748
202602140606,   1.324,   1.728,9999.000,9999.000,9999.000,9999.000,9999.000,9999.000,9999.000
202602140612,   1.304,   1.689,9999.000,9999.000,9999.000,9999.000,9999.000,9999.000,9999.000
202602140618,   1.283,   1.659,9999.000,9999.000,9999.000,9999.000,9999.000,9999.000,9999.000
202602140624,   1.261,   1.630,9999.000,9999.000,9999.000,9999.000,9999.000,9999.000,9999.000
202602140630,   1.239,   1.590,9999.000,9999.000,9999.000,9999.000,9999.000,9999.000,9999.000
202602140636,   1.217,   1.548,9999.000,9999.000,9999.000,9999.000,9999.000,9999.000,9999.000
202602140642,   1.194,   1.518,9999.000,9999.000,9999.000,9999.000,9999.000,9999.000,9999.000
202602140648,   1.171,   1.479,9999.000,9999.000,9999.000,9999.000,9999.000,9999.000,9999.000
202602140654,   1.147,   1.449,9999.000,9999.000,9999.000,9999.000,9999.000,9999.000,9999.000
202602140700,   1.123,   1.410,   0.500,  -0.213,   1.410,   0.500,   1.410,   0.500,   1.410
202602140706,   1.098,   1.371,9999.000,9999.000,9999.000,9999.000,9999.000,9999.000,9999.000
202602140712,   1.073,   1.338,9999.000,9999.000,9999.000,9999.000,9999.000,9999.000,9999.000
202602140718,   1.047,   1.298,9999.000,9999.000,9999.000,9999.000,9999.000,9999.000,9999.000
202602140724,   1.021,   1.269,9999.000,9999.000,9999.000,9999.000,9999.000,9999.000,9999.000
202602140730,   0.995,   1.229,9999.000,9999.000,9999.000,9999.000,9999.000,9999.000,9999.000
202602140736,   0.968,   1.200,9999.000,9999.000,9999.000,9999.000,9999.000,9999.000,9999.000
202602140742,   0.941,   1.161,9999.000,9999.000,9999.000,9999.000,9999.000,9999.000,9999.000
202602140748,   0.914,   1.128,9999.000,9999.000,9999.000,9999.000,9999.000,9999.000,9999.000
202602140754,   0.886,   1.098,9999.000,9999.000,9999.000,9999.000,9999.000,9999.000,9999.000
202602140800,   0.858,   1.059,   0.500,  -0.299,   1.059,   0.500,   1.059,   0.500,   1.059
202602140806,   0.830,   1.029,9999.000,9999.000,9999.000,9999.000,9999.000,9999.000,9999.000
202602140812,   0.801,   1.000,9999.000,9999.000,9999.000,9999.000,9999.000,9999.000,9999.000
202602140818,   0.773,   0.970,9999.000,9999.000,9999.000,9999.000,9999.000,9999.000,9999.000
202602140824,   0.744,   0.941,9999.000,9999.000,9999.000,9999.000,9999.000,9999.000,9999.000
202602140830,   0.714,   0.908,9999.000,9999.000,9999.000,9999.000,9999.000,9999.000,9999.000
202602140836,   0.685,   0.879,9999.000,9999.000,9999.000,9999.000,9999.000,9999.000,9999.000
202602140842,   0.655,   0.859,9999.000,9999.000,9999.000,9999.000,9999.000,9999.000,9999.000
202602140848,   0.626,   0.829,9999.000,9999.000,9999.000,9999.000,9999.000,9999.000,9999.000
202602140854,   0.596,   0.800,9999.000,9999.000,9999.000,9999.000,9999.000,9999.000,9999.000
202602140900,   0.566,   0.770,   0.500,  -0.296,   0.770,   0.500,   0.770,   0.500,   0.770
202602140906,   0.536,   0.741,9999.000,9999.000,9999.000,9999.000,9999.000,9999.000,9999.000
202602140912,   0.506,   0.708,9999.000,9999.000,9999.000,9999.000,9999.000,9999.000,9999.000
202602140918,   0.475,   0.678,9999.000,9999.000,9999.000,9999.000,9999.000,9999.000,9999.000
202602140924,   0.445,   0.649,9999.000,9999.000,9999.000,9999.000,9999.000,9999.000,9999.000
202602140930,   0.415,   0.629,9999.000,9999.000,9999.000,9999.000,9999.000,9999.000,9999.000
202602140936,   0.385,   0.610,9999.000,9999.000,9999.000,9999.000,9999.000,9999.000,9999.000
202602140942,   0.354,   0.580,9999.000,9999.000,9999.000,9999.000,9999.000,9999.000,9999.000
202602140948,   0.324,   0.560,9999.000,9999.000,9999.000,9999.000,9999.000,9999.000,9999.000
202602140954,   0.294,   0.531,9999.000,9999.000,9999.000,9999.000,9999.000,9999.000,9999.000
202602141000,   0.264,   0.508,   0.500,  -0.256,   0.508,   0.500,   0.508,   0.500,   0.508
202602141006,   0.234,   0.478,9999.000,9999.000,9999.000,9999.000,9999.000,9999.000,9999.000
202602141012,   0.204,   0.449,9999.000,9999.000,9999.000,9999.000,9999.000,9999.000,9999.000
202602141018,   0.175,   0.429,9999.000,9999.000,9999.000,9999.000,9999.000,9999.000,9999.000
202602141024,   0.145,   0.409,9999.000,9999.000,9999.000,9999.000,9999.000,9999.000,9999.000
202602141030,   0.116,   0.390,9999.000,9999.000,9999.000,9999.000,9999.000,9999.000,9999.000
202602141036,   0.087,   0.360,9999.000,9999.000,9999.000,9999.000,9999.000,9999.000,9999.000
202602141042,   0.058,   0.341,9999.000,9999.000,9999.000,9999.000,9999.000,9999.000,9999.000
202602141048,   0.030,   0.308,9999.000,9999.000,9999.000,9999.000,9999.000,9999.000,9999.000
202602141054,   0.002,   0.288,9999.000,9999.000,9999.000,9999.000,9999.000,9999.000,9999.000
202602141100,  -0.025,   0.268,   0.500,  -0.207,   0.268,   0.500,   0.268,   0.500,   0.268
202602141106,  -0.053,   0.249,9999.000,9999.000,9999.000,9999.000,9999.000,9999.000,9999.000
202602141112,  -0.080,   0.249,9999.000,9999.000,9999.000,9999.000,9999.000,9999.000,9999.000
202602141118,  -0.107,   0.239,9999.000,9999.000,9999.000,9999.000,9999.000,9999.000,9999.000
202602141124,  -0.133,   0.219,9999.000,9999.000,9999.000,9999.000,9999.000,9999.000,9999.000
202602141130,  -0.159,   0.209,9999.000,9999.000,9999.000,9999.000,9999.000,9999.000,9999.000
202602141136,  -0.185,   0.200,9999.000,9999.000,9999.000,9999.000,9999.000,9999.000,9999.000
202602141142,  -0.210,   0.190,9999.000,9999.000,9999.000,9999.000,9999.000,9999.000,9999.000
202602141148,  -0.234,   0.180,9999.000,9999.000,9999.000,9999.000,9999.000,9999.000,9999.000
202602141154,  -0.258,   0.150,9999.000,9999.000,9999.000,9999.000,9999.000,9999.000,9999.000
202602141200,  -0.282,   0.131,   0.500,  -0.087,   0.131,   0.500,   0.131,   0.500,   0.131
202602141206,  -0.305,   0.111,9999.000,9999.000,9999.000,9999.000,9999.000,9999.000,9999.000
202602141212,  -0.327,   0.098,9999.000,9999.000,9999.000,9999.000,9999.000,9999.000,9999.000
202602141218,  -0.348,   0.088,9999.000,9999.000,9999.000,9999.000,9999.000,9999.000,9999.000
202602141224,  -0.369,   0.068,9999.000,9999.000,9999.000,9999.000,9999.000,9999.000,9999.000
202602141230,  -0.390,   0.049,9999.000,9999.000,9999.000,9999.000,9999.000,9999.000,9999.000
202602141236,  -0.409,   0.039,9999.000,9999.000,9999.000,9999.000,9999.000,9999.000,9999.000
202602141242,  -0.428,   0.029,9999.000,9999.000,9999.000,9999.000,9999.000,9999.000,9999.000
202602141248,  -0.446,   0.009,9999.000,9999.000,9999.000,9999.000,9999.000,9999.000,9999.000
202602141254,  -0.463,  -0.009,9999.000,9999.000,9999.000,9999.000,9999.000,9999.000,9999.000
202602141300,  -0.480,  -0.039,   0.500,  -0.059,  -0.039,   0.500,  -0.039,   0.500,  -0.039
202602141306,  -0.496,  -0.049,9999.000,9999.000,9999.000,9999.000,9999.000,9999.000,9999.000
202602141312,  -0.510,  -0.049,9999.000,9999.000,9999.000,9999.000,9999.000,9999.000,9999.000
202602141318,  -0.524,  -0.059,9999.000,9999.000,9999.000,9999.000,9999.000,9999.000,9999.000
202602141324,  -0.537,  -0.068,9999.000,9999.000,9999.000,9999.000,9999.000,9999.000,9999.000
202602141330,  -0.549,  -0.078,9999.000,9999.000,9999.000,9999.000,9999.000,9999.000,9999.000
202602141336,  -0.560,  -0.068,9999.000,9999.000,9999.000,9999.000,9999.000,9999.000,9999.000
202602141342,  -0.571,  -0.068,9999.000,9999.000,9999.000,9999.000,9999.000,9999.000,9999.000
202602141348,  -0.580,  -0.078,9999.000,9999.000,9999.000,9999.000,9999.000,9999.000,9999.000
202602141354,  -0.588,  -0.088,9999.000,9999.000,9999.000,9999.000,9999.000,9999.000,9999.000
202602141400,  -0.595,  -0.098,   0.500,  -0.003,  -0.098,   0.500,  -0.098,   0.500,  -0.098
202602141406,  -0.601,  -0.098,9999.000,9999.000,9999.000,9999.000,9999.000,9999.000,9999.000
202602141412,  -0.606,  -0.098,9999.000,9999.000,9999.000,9999.000,9999.000,9999.000,9999.000
202602141418,  -0.610,  -0.098,9999.000,9999.000,9999.000,9999.000,9999.000,9999.000,9999.000
202602141424,  -0.613,  -0.098,9999.000,9999.000,9999.000,9999.000,9999.000,9999.000,9999.000
202602141430,  -0.615,  -0.111,9999.000,9999.000,9999.000,9999.000,9999.000,9999.000,9999.000
202602141436,  -0.616,  -0.098,9999.000,9999.000,9999.000,9999.000,9999.000,9999.000,9999.000
202602141442,  -0.615,  -0.098,9999.000,9999.000,9999.000,9999.000,9999.000,9999.000,9999.000
202602141448,  -0.614,  -0.088,9999.000,9999.000,9999.000,9999.000,9999.000,9999.000,9999.000
202602141454,  -0.611,  -0.098,9999.000,9999.000,9999.000,9999.000,9999.000,9999.000,9999.000
202602141500,  -0.608,  -0.088,   0.500,   0.020,  -0.088,   0.500,  -0.088,   0.500,  -0.088
202602141506,  -0.603,  -0.078,9999.000,9999.000,9999.000,9999.000,9999.000,9999.000,9999.000
202602141512,  -0.597,  -0.078,9999.000,9999.000,9999.000,9999.000,9999.000,9999.000,9999.000
202602141518,  -0.590,  -0.059,9999.000,9999.000,9999.000,9999.000,9999.000,9999.000,9999.000
202602141524,  -0.582,  -0.049,9999.000,9999.000,9999.000,9999.000,9999.000,9999.000,9999.000
202602141530,  -0.573,  -0.029,9999.000,9999.000,9999.000,9999.000,9999.000,9999.000,9999.000
202602141536,  -0.562,  -0.009,9999.000,9999.000,9999.000,9999.000,9999.000,9999.000,9999.000
202602141542,  -0.551,   0.000,9999.000,9999.000,9999.000,9999.000,9999.000,9999.000,9999.000
202602141548,  -0.539,   0.009,9999.000,9999.000,9999.000,9999.000,9999.000,9999.000,9999.000
202602141554,  -0.525,   0.029,9999.000,9999.000,9999.000,9999.000,9999.000,9999.000,9999.000
202602141600,  -0.511,   0.049,   0.500,   0.060,   0.049,   0.500,   0.049,   0.500,   0.049
202602141606,  -0.496,   0.049,9999.000,9999.000,9999.000,9999.000,9999.000,9999.000,9999.000
202602141612,  -0.479,   0.049,9999.000,9999.000,9999.000,9999.000,9999.000,9999.000,9999.000
202602141618,  -0.462,   0.049,9999.000,9999.000,9999.000,9999.000,9999.000,9999.000,9999.000
202602141624,  -0.444,   0.078,9999.000,9999.000,9999.000,9999.000,9999.000,9999.000,9999.000
202602141630,  -0.425,   0.078,9999.000,9999.000,9999.000,9999.000,9999.000,9999.000,9999.000
202602141636,  -0.405,   0.111,9999.000,9999.000,9999.000,9999.000,9999.000,9999.000,9999.000
202602141642,  -0.384,   0.121,9999.000,9999.000,9999.000,9999.000,9999.000,9999.000,9999.000
202602141648,  -0.363,   0.141,9999.000,9999.000,9999.000,9999.000,9999.000,9999.000,9999.000
202602141654,  -0.341,   0.170,9999.000,9999.000,9999.000,9999.000,9999.000,9999.000,9999.000
202602141700,  -0.318,   0.200,   0.500,   0.018,   0.200,   0.500,   0.200,   0.500,   0.200
202602141706,  -0.295,   0.239,9999.000,9999.000,9999.000,9999.000,9999.000,9999.000,9999.000
202602141712,  -0.271,   0.259,9999.000,9999.000,9999.000,9999.000,9999.000,9999.000,9999.000
202602141718,  -0.246,   0.278,9999.000,9999.000,9999.000,9999.000,9999.000,9999.000,9999.000
202602141724,  -0.221,   0.308,9999.000,9999.000,9999.000,9999.000,9999.000,9999.000,9999.000
202602141730,  -0.196,   0.350,9999.000,9999.000,9999.000,9999.000,9999.000,9999.000,9999.000
202602141736,  -0.170,   0.380,9999.000,9999.000,9999.000,9999.000,9999.000,9999.000,9999.000
202602141742,  -0.144,   0.380,9999.000,9999.000,9999.000,9999.000,9999.000,9999.000,9999.000
202602141748,  -0.117,   0.409,9999.000,9999.000,9999.000,9999.000,9999.000,9999.000,9999.000
202602141754,  -0.090,   0.449,9999.000,9999.000,9999.000,9999.000,9999.000,9999.000,9999.000
202602141800,  -0.063,   0.508,   0.500,   0.071,   0.508,   0.500,   0.508,   0.500,   0.508
202602141806,  -0.036,   0.541,9999.000,9999.000,9999.000,9999.000,9999.000,9999.000,9999.000
202602141812,  -0.009,   0.580,9999.000,9999.000,9999.000,9999.000,9999.000,9999.000,9999.000
202602141818,   0.018,   0.619,9999.000,9999.000,9999.000,9999.000,9999.000,9999.000,9999.000
202602141824,   0.046,   0.669,9999.000,9999.000,9999.000,9999.000,9999.000,9999.000,9999.000
202602141830,   0.073,   0.698,9999.000,9999.000,9999.000,9999.000,9999.000,9999.000,9999.000
202602141836,   0.101,   0.741,9999.000,9999.000,9999.000,9999.000,9999.000,9999.000,9999.000
202602141842,   0.128,   0.770,9999.000,9999.000,9999.000,9999.000,9999.000,9999.000,9999.000
202602141848,   0.156,   0.780,9999.000,9999.000,9999.000,9999.000,9999.000,9999.000,9999.000
202602141854,   0.183,   0.819,9999.000,9999.000,9999.000,9999.000,9999.000,9999.000,9999.000
202602141900,   0.210,   0.869,   0.500,   0.159,   0.869,   0.500,   0.869,   0.500,   0.869
202602141906,   0.237,   0.888,9999.000,9999.000,9999.000,9999.000,9999.000,9999.000,9999.000
202602141912,   0.263,   0.928,9999.000,9999.000,9999.000,9999.000,9999.000,9999.000,9999.000
202602141918,   0.290,   0.970,9999.000,9999.000,9999.000,9999.000,9999.000,9999.000,9999.000
202602141924,   0.316,   1.000,9999.000,9999.000,9999.000,9999.000,9999.000,9999.000,9999.000
202602141930,   0.342,   1.049,9999.000,9999.000,9999.000,9999.000,9999.000,9999.000,9999.000
202602141936,   0.367,   1.079,9999.000,9999.000,9999.000,9999.000,9999.000,9999.000,9999.000
202602141942,   0.392,   1.128,9999.000,9999.000,9999.000,9999.000,9999.000,9999.000,9999.000
202602141948,   0.417,   1.161,9999.000,9999.000,9999.000,9999.000,9999.000,9999.000,9999.000
202602141954,   0.441,   1.190,9999.000,9999.000,9999.000,9999.000,9999.000,9999.000,9999.000
202602142000,   0.465,   1.210,   0.500,   0.245,   1.210,   0.500,   1.210,   0.600,   1.310
202602142006,   0.489,   1.249,9999.000,9999.000,9999.000,9999.000,9999.000,9999.000,9999.000
202602142012,   0.512,   1.289,9999.000,9999.000,9999.000,9999.000,9999.000,9999.000,9999.000
202602142018,   0.535,   1.279,9999.000,9999.000,9999.000,9999.000,9999.000,9999.000,9999.000
202602142024,   0.557,   1.318,9999.000,9999.000,9999.000,9999.000,9999.000,9999.000,9999.000
202602142030,   0.579,   1.328,9999.000,9999.000,9999.000,9999.000,9999.000,9999.000,9999.000
202602142036,   0.601,   1.361,9999.000,9999.000,9999.000,9999.000,9999.000,9999.000,9999.000
202602142042,   0.622,   1.371,9999.000,9999.000,9999.000,9999.000,9999.000,9999.000,9999.000
202602142048,   0.643,   1.390,9999.000,9999.000,9999.000,9999.000,9999.000,9999.000,9999.000
202602142054,   0.664,   1.371,9999.000,9999.000,9999.000,9999.000,9999.000,9999.000,9999.000
202602142100,   0.684,   1.380,   0.600,   0.096,   1.380,   0.500,   1.280,   0.600,   1.380
202602142106,   0.703,   1.410,9999.000,9999.000,9999.000,9999.000,9999.000,9999.000,9999.000
202602142112,   0.723,   1.420,9999.000,9999.000,9999.000,9999.000,9999.000,9999.000,9999.000
202602142118,   0.742,   1.410,9999.000,9999.000,9999.000,9999.000,9999.000,9999.000,9999.000
202602142124,   0.760,   1.430,9999.000,9999.000,9999.000,9999.000,9999.000,9999.000,9999.000
202602142130,   0.779,   1.439,9999.000,9999.000,9999.000,9999.000,9999.000,9999.000,9999.000
202602142136,   0.797,   1.449,9999.000,9999.000,9999.000,9999.000,9999.000,9999.000,9999.000
202602142142,   0.815,   1.449,9999.000,9999.000,9999.000,9999.000,9999.000,9999.000,9999.000
202602142148,   0.833,   1.469,9999.000,9999.000,9999.000,9999.000,9999.000,9999.000,9999.000
202602142154,   0.850,   1.508,9999.000,9999.000,9999.000,9999.000,9999.000,9999.000,9999.000
202602142200,   0.867,   1.508,   0.600,   0.041,   1.508,   0.600,   1.508,   0.600,   1.508
202602142206,   0.884,   1.528,9999.000,9999.000,9999.000,9999.000,9999.000,9999.000,9999.000
202602142212,   0.901,   1.538,9999.000,9999.000,9999.000,9999.000,9999.000,9999.000,9999.000
202602142218,   0.918,   1.571,9999.000,9999.000,9999.000,9999.000,9999.000,9999.000,9999.000
202602142224,   0.934,   1.610,9999.000,9999.000,9999.000,9999.000,9999.000,9999.000,9999.000
202602142230,   0.951,   1.610,9999.000,9999.000,9999.000,9999.000,9999.000,9999.000,9999.000
202602142236,   0.967,   1.649,9999.000,9999.000,9999.000,9999.000,9999.000,9999.000,9999.000
202602142242,   0.983,   1.669,9999.000,9999.000,9999.000,9999.000,9999.000,9999.000,9999.000
202602142248,   0.999,   1.699,9999.000,9999.000,9999.000,9999.000,9999.000,9999.000,9999.000
202602142254,   1.015,   1.728,9999.000,9999.000,9999.000,9999.000,9999.000,9999.000,9999.000
202602142300,   1.031,   1.748,   0.600,   0.117,   1.748,   0.600,   1.748,   0.600,   1.748
202602142306,   1.048,   1.738,9999.000,9999.000,9999.000,9999.000,9999.000,9999.000,9999.000
202602142312,   1.064,   1.767,9999.000,9999.000,9999.000,9999.000,9999.000,9999.000,9999.000
202602142318,   1.079,   1.767,9999.000,9999.000,9999.000,9999.000,9999.000,9999.000,9999.000
202602142324,   1.095,   1.790,9999.000,9999.000,9999.000,9999.000,9999.000,9999.000,9999.000
202602142330,   1.111,   1.820,9999.000,9999.000,9999.000,9999.000,9999.000,9999.000,9999.000
202602142336,   1.127,   1.830,9999.000,9999.000,9999.000,9999.000,9999.000,9999.000,9999.000
202602142342,   1.143,   1.830,9999.000,9999.000,9999.000,9999.000,9999.000,9999.000,9999.000
202602142348,   1.159,   1.840,9999.000,9999.000,9999.000,9999.000,9999.000,9999.000,9999.000
202602142354,   1.175,   1.879,9999.000,9999.000,9999.000,9999.000,9999.000,9999.000,9999.000
202602150000,   1.191,   1.879,   0.600,   0.088,   1.879,   0.600,   1.879,   0.600,   1.879
202602150006,   1.207,   1.928,9999.000,9999.000,9999.000,9999.000,9999.000,9999.000,9999.000
202602150012,   1.223,   1.938,9999.000,9999.000,9999.000,9999.000,9999.000,9999.000,9999.000
202602150018,   1.239,   1.938,9999.000,9999.000,9999.000,9999.000,9999.000,9999.000,9999.000
202602150024,   1.255,   1.948,9999.000,9999.000,9999.000,9999.000,9999.000,9999.000,9999.000
202602150030,   1.270,   1.981,9999.000,9999.000,9999.000,9999.000,9999.000,9999.000,9999.000
202602150036,   1.286,   2.030,9999.000,9999.000,9999.000,9999.000,9999.000,9999.000,9999.000
202602150042,   1.302,   2.059,9999.000,9999.000,9999.000,9999.000,9999.000,9999.000,9999.000
202602150048,   1.317,   2.099,9999.000,9999.000,9999.000,9999.000,9999.000,9999.000,9999.000
202602150054,   1.333,   2.118,9999.000,9999.000,9999.000,9999.000,9999.000,9999.000,9999.000
202602150100,   1.348,   2.138,   0.600,   0.190,   2.138,   0.600,   2.138,   0.600,   2.138
202602150106,   1.363,   2.148,9999.000,9999.000,9999.000,9999.000,9999.000,9999.000,9999.000
202602150112,   1.378,   2.158,9999.000,9999.000,9999.000,9999.000,9999.000,9999.000,9999.000
202602150118,   1.393,   2.168,9999.000,9999.000,9999.000,9999.000,9999.000,9999.000,9999.000
202602150124,   1.408,   2.177,9999.000,9999.000,9999.000,9999.000,9999.000,9999.000,9999.000
202602150130,   1.422,   2.177,9999.000,9999.000,9999.000,9999.000,9999.000,9999.000,9999.000
202602150136,   1.436,   2.191,9999.000,9999.000,9999.000,9999.000,9999.000,9999.000,9999.000
202602150142,   1.450,   2.177,9999.000,9999.000,9999.000,9999.000,9999.000,9999.000,9999.000
202602150148,   1.464,   2.168,9999.000,9999.000,9999.000,9999.000,9999.000,9999.000,9999.000
202602150154,   1.477,   2.168,9999.000,9999.000,9999.000,9999.000,9999.000,9999.000,9999.000
202602150200,   1.490,   2.168,   0.600,   0.078,   2.168,   0.600,   2.168,   0.700,   2.268
202602150206,   1.502,   2.191,9999.000,9999.000,9999.000,9999.000,9999.000,9999.000,9999.000
202602150212,   1.514,   2.220,9999.000,9999.000,9999.000,9999.000,9999.000,9999.000,9999.000
202602150218,   1.526,   2.230,9999.000,9999.000,9999.000,9999.000,9999.000,9999.000,9999.000
202602150224,   1.537,   2.220,9999.000,9999.000,9999.000,9999.000,9999.000,9999.000,9999.000
202602150230,   1.548,   2.220,9999.000,9999.000,9999.000,9999.000,9999.000,9999.000,9999.000
202602150236,   1.558,   2.220,9999.000,9999.000,9999.000,9999.000,9999.000,9999.000,9999.000
202602150242,   1.568,   2.250,9999.000,9999.000,9999.000,9999.000,9999.000,9999.000,9999.000
202602150248,   1.577,   2.250,9999.000,9999.000,9999.000,9999.000,9999.000,9999.000,9999.000
202602150254,   1.586,   2.269,9999.000,9999.000,9999.000,9999.000,9999.000,9999.000,9999.000
202602150300,   1.594,   2.289,   0.700,  -0.005,   2.289,   0.600,   2.189,   0.700,   2.289
202602150306,   1.601,   2.299,9999.000,9999.000,9999.000,9999.000,9999.000,9999.000,9999.000
202602150312,   1.608,   2.309,9999.000,9999.000,9999.000,9999.000,9999.000,9999.000,9999.000
202602150318,   1.614,   2.328,9999.000,9999.000,9999.000,9999.000,9999.000,9999.000,9999.000
202602150324,   1.620,   2.338,9999.000,9999.000,9999.000,9999.000,9999.000,9999.000,9999.000
202602150330,   1.624,   2.348,9999.000,9999.000,9999.000,9999.000,9999.000,9999.000,9999.000
202602150336,   1.629,   2.358,9999.000,9999.000,9999.000,9999.000,9999.000,9999.000,9999.000
202602150342,   1.632,   2.328,9999.000,9999.000,9999.000,9999.000,9999.000,9999.000,9999.000
202602150348,   1.635,   2.338,9999.000,9999.000,9999.000,9999.000,9999.000,9999.000,9999.000
202602150354,   1.637,   2.387,9999.000,9999.000,9999.000,9999.000,9999.000,9999.000,9999.000
202602150400,   1.638,   2.410,   0.700,   0.072,   2.410,   0.600,   2.310,   0.700,   2.410
202602150406,   1.638,   2.430,9999.000,9999.000,9999.000,9999.000,9999.000,9999.000,9999.000
202602150412,   1.638,   2.440,9999.000,9999.000,9999.000,9999.000,9999.000,9999.000,9999.000
202602150418,   1.637,   2.459,9999.000,9999.000,9999.000,9999.000,9999.000,9999.000,9999.000
202602150424,   1.635,   2.479,9999.000,9999.000,9999.000,9999.000,9999.000,9999.000,9999.000
202602150430,   1.632,   2.489,9999.000,9999.000,9999.000,9999.000,9999.000,9999.000,9999.000
202602150436,   1.629,   2.509,9999.000,9999.000,9999.000,9999.000,9999.000,9999.000,9999.000
202602150442,   1.625,   2.519,9999.000,9999.000,9999.000,9999.000,9999.000,9999.000,9999.000
202602150448,   1.620,   2.519,9999.000,9999.000,9999.000,9999.000,9999.000,9999.000,9999.000
202602150454,   1.614,   2.519,9999.000,9999.000,9999.000,9999.000,9999.000,9999.000,9999.000
202602150500,   1.607,   2.519,   0.700,   0.212,   2.519,   0.700,   2.519,   0.800,   2.619
202602150506,   1.600,   2.499,9999.000,9999.000,9999.000,9999.000,9999.000,9999.000,9999.000
202602150512,   1.591,   2.519,9999.000,9999.000,9999.000,9999.000,9999.000,9999.000,9999.000
202602150518,   1.582,   2.519,9999.000,9999.000,9999.000,9999.000,9999.000,9999.000,9999.000
202602150524,   1.572,   2.509,9999.000,9999.000,9999.000,9999.000,9999.000,9999.000,9999.000
202602150530,   1.562,   2.499,9999.000,9999.000,9999.000,9999.000,9999.000,9999.000,9999.000
202602150536,   1.550,   2.489,9999.000,9999.000,9999.000,9999.000,9999.000,9999.000,9999.000
202602150542,   1.538,   2.469,9999.000,9999.000,9999.000,9999.000,9999.000,9999.000,9999.000
202602150548,   1.525,   2.450,9999.000,9999.000,9999.000,9999.000,9999.000,9999.000,9999.000
202602150554,   1.511,   2.440,9999.000,9999.000,9999.000,9999.000,9999.000,9999.000,9999.000
202602150600,   1.496,   2.430,   0.700,   0.234,   2.430,   0.700,   2.430,   0.800,   2.530
202602150606,   1.481,   2.410,9999.000,9999.000,9999.000,9999.000,9999.000,9999.000,9999.000
202602150612,   1.464,   2.387,9999.000,9999.000,9999.000,9999.000,9999.000,9999.000,9999.000
202602150618,   1.447,   2.368,9999.000,9999.000,9999.000,9999.000,9999.000,9999.000,9999.000
202602150624,   1.430,   2.338,9999.000,9999.000,9999.000,9999.000,9999.000,9999.000,9999.000
202602150630,   1.411,   2.309,9999.000,9999.000,9999.000,9999.000,9999.000,9999.000,9999.000
202602150636,   1.392,   2.299,9999.000,9999.000,9999.000,9999.000,9999.000,9999.000,9999.000
202602150642,   1.373,   2.299,9999.000,9999.000,9999.000,9999.000,9999.000,9999.000,9999.000
202602150648,   1.352,   2.309,9999.000,9999.000,9999.000,9999.000,9999.000,9999.000,9999.000
202602150654,   1.331,   2.309,9999.000,9999.000,9999.000,9999.000,9999.000,9999.000,9999.000
202602150700,   1.309,   2.299,   0.700,   0.290,   2.299,   0.700,   2.299,   0.800,   2.399
202602150706,   1.287,   2.289,9999.000,9999.000,9999.000,9999.000,9999.000,9999.000,9999.000
202602150712,   1.264,   2.269,9999.000,9999.000,9999.000,9999.000,9999.000,9999.000,9999.000
202602150718,   1.240,   2.259,9999.000,9999.000,9999.000,9999.000,9999.000,9999.000,9999.000
202602150724,   1.216,   2.250,9999.000,9999.000,9999.000,9999.000,9999.000,9999.000,9999.000
202602150730,   1.191,   2.230,9999.000,9999.000,9999.000,9999.000,9999.000,9999.000,9999.000
202602150736,   1.165,   2.210,9999.000,9999.000,9999.000,9999.000,9999.000,9999.000,9999.000
202602150742,   1.139,   2.191,9999.000,9999.000,9999.000,9999.000,9999.000,9999.000,9999.000
202602150748,   1.113,   2.168,9999.000,9999.000,9999.000,9999.000,9999.000,9999.000,9999.000
202602150754,   1.086,   2.148,9999.000,9999.000,9999.000,9999.000,9999.000,9999.000,9999.000
202602150800,   1.059,   2.128,   0.800,   0.269,   2.128,   0.700,   2.028,   0.800,   2.128
202602150806,   1.031,   2.109,9999.000,9999.000,9999.000,9999.000,9999.000,9999.000,9999.000
202602150812,   1.002,   2.079,9999.000,9999.000,9999.000,9999.000,9999.000,9999.000,9999.000
202602150818,   0.974,   2.040,9999.000,9999.000,9999.000,9999.000,9999.000,9999.000,9999.000
202602150824,   0.944,   2.000,9999.000,9999.000,9999.000,9999.000,9999.000,9999.000,9999.000
202602150830,   0.915,   1.981,9999.000,9999.000,9999.000,9999.000,9999.000,9999.000,9999.000
202602150836,   0.885,   1.938,9999.000,9999.000,9999.000,9999.000,9999.000,9999.000,9999.000
202602150842,   0.855,   1.908,9999.000,9999.000,9999.000,9999.000,9999.000,9999.000,9999.000
202602150848,   0.824,   1.879,9999.000,9999.000,9999.000,9999.000,9999.000,9999.000,9999.000
202602150854,   0.793,   1.840,9999.000,9999.000,9999.000,9999.000,9999.000,9999.000,9999.000
202602150900,   0.762,   1.820,   0.800,   0.258,   1.820,   0.700,   1.720,   0.900,   1.920
202602150906,   0.731,   1.790,9999.000,9999.000,9999.000,9999.000,9999.000,9999.000,9999.000
202602150912,   0.700,   1.767,9999.000,9999.000,9999.000,9999.000,9999.000,9999.000,9999.000
202602150918,   0.668,   1.748,9999.000,9999.000,9999.000,9999.000,9999.000,9999.000,9999.000
202602150924,   0.636,   1.728,9999.000,9999.000,9999.000,9999.000,9999.000,9999.000,9999.000
202602150930,   0.604,   1.708,9999.000,9999.000,9999.000,9999.000,9999.000,9999.000,9999.000
202602150936,   0.572,   1.679,9999.000,9999.000,9999.000,9999.000,9999.000,9999.000,9999.000
202602150942,   0.540,   1.659,9999.000,9999.000,9999.000,9999.000,9999.000,9999.000,9999.000
202602150948,   0.508,   1.630,9999.000,9999.000,9999.000,9999.000,9999.000,9999.000,9999.000
202602150954,   0.475,   1.610,9999.000,9999.000,9999.000,9999.000,9999.000,9999.000,9999.000
202602151000,   0.443,   1.580,   0.800,   0.337,   1.580,   0.800,   1.580,   0.900,   1.680
202602151006,   0.411,   1.557,9999.000,9999.000,9999.000,9999.000,9999.000,9999.000,9999.000
202602151012,   0.379,   1.508,9999.000,9999.000,9999.000,9999.000,9999.000,9999.000,9999.000
202602151018,   0.346,   1.479,9999.000,9999.000,9999.000,9999.000,9999.000,9999.000,9999.000
202602151024,   0.314,   1.420,9999.000,9999.000,9999.000,9999.000,9999.000,9999.000,9999.000
202602151030,   0.283,   1.400,9999.000,9999.000,9999.000,9999.000,9999.000,9999.000,9999.000
202602151036,   0.251,   1.380,9999.000,9999.000,9999.000,9999.000,9999.000,9999.000,9999.000
202602151042,   0.219,   1.338,9999.000,9999.000,9999.000,9999.000,9999.000,9999.000,9999.000
202602151048,   0.188,   1.318,9999.000,9999.000,9999.000,9999.000,9999.000,9999.000,9999.000
202602151054,   0.157,   1.308,9999.000,9999.000,9999.000,9999.000,9999.000,9999.000,9999.000
202602151100,   0.126,   1.298,   0.900,   0.272,   1.298,   0.800,   1.198,   1.000,   1.398
202602151106,   0.096,   1.279,9999.000,9999.000,9999.000,9999.000,9999.000,9999.000,9999.000
202602151112,   0.065,   1.259,9999.000,9999.000,9999.000,9999.000,9999.000,9999.000,9999.000
202602151118,   0.035,   1.229,9999.000,9999.000,9999.000,9999.000,9999.000,9999.000,9999.000
202602151124,   0.006,   1.180,9999.000,9999.000,9999.000,9999.000,9999.000,9999.000,9999.000
202602151130,  -0.022,   1.151,9999.000,9999.000,9999.000,9999.000,9999.000,9999.000,9999.000
202602151136,  -0.051,   1.079,9999.000,9999.000,9999.000,9999.000,9999.000,9999.000,9999.000
202602151142,  -0.079,   1.069,9999.000,9999.000,9999.000,9999.000,9999.000,9999.000,9999.000
202602151148,  -0.107,   1.039,9999.000,9999.000,9999.000,9999.000,9999.000,9999.000,9999.000
202602151154,  -0.134,   1.020,9999.000,9999.000,9999.000,9999.000,9999.000,9999.000,9999.000
202602151200,  -0.160,   1.010,   0.800,   0.370,   1.010,   0.800,   1.010,   0.900,   1.110
202602151206,  -0.186,   1.010,9999.000,9999.000,9999.000,9999.000,9999.000,9999.000,9999.000
202602151212,  -0.212,   1.020,9999.000,9999.000,9999.000,9999.000,9999.000,9999.000,9999.000
202602151218,  -0.237,   1.039,9999.000,9999.000,9999.000,9999.000,9999.000,9999.000,9999.000
202602151224,  -0.261,   1.069,9999.000,9999.000,9999.000,9999.000,9999.000,9999.000,9999.000
202602151230,  -0.284,   1.118,9999.000,9999.000,9999.000,9999.000,9999.000,9999.000,9999.000
202602151236,  -0.307,   1.190,9999.000,9999.000,9999.000,9999.000,9999.000,9999.000,9999.000
202602151242,  -0.329,   1.220,9999.000,9999.000,9999.000,9999.000,9999.000,9999.000,9999.000
202602151248,  -0.350,   1.229,9999.000,9999.000,9999.000,9999.000,9999.000,9999.000,9999.000
202602151254,  -0.371,   1.229,9999.000,9999.000,9999.000,9999.000,9999.000,9999.000,9999.000
202602151300,  -0.390,   1.220,   0.900,   0.710,   1.220,   0.800,   1.120,   0.900,   1.220
202602151306,  -0.409,   1.220,9999.000,9999.000,9999.000,9999.000,9999.000,9999.000,9999.000
202602151312,  -0.427,   1.210,9999.000,9999.000,9999.000,9999.000,9999.000,9999.000,9999.000
202602151318,  -0.444,   1.190,9999.000,9999.000,9999.000,9999.000,9999.000,9999.000,9999.000
202602151324,  -0.461,   1.151,9999.000,9999.000,9999.000,9999.000,9999.000,9999.000,9999.000
202602151330,  -0.476,   1.108,9999.000,9999.000,9999.000,9999.000,9999.000,9999.000,9999.000
202602151336,  -0.490,   1.059,9999.000,9999.000,9999.000,9999.000,9999.000,9999.000,9999.000
202602151342,  -0.504,   1.000,9999.000,9999.000,9999.000,9999.000,9999.000,9999.000,9999.000
202602151348,  -0.516,   0.961,9999.000,9999.000,9999.000,9999.000,9999.000,9999.000,9999.000
202602151354,  -0.528,   0.961,9999.000,9999.000,9999.000,9999.000,9999.000,9999.000,9999.000
202602151400,  -0.538,   0.970,   0.900,   0.608,   0.970,   0.800,   0.870,   1.000,   1.070
202602151406,  -0.548,   1.010,9999.000,9999.000,9999.000,9999.000,9999.000,9999.000,9999.000
202602151412,  -0.556,   1.069,9999.000,9999.000,9999.000,9999.000,9999.000,9999.000,9999.000
202602151418,  -0.564,   1.108,9999.000,9999.000,9999.000,9999.000,9999.000,9999.000,9999.000
202602151424,  -0.570,   1.161,9999.000,9999.000,9999.000,9999.000,9999.000,9999.000,9999.000
202602151430,  -0.575,   1.220,9999.000,9999.000,9999.000,9999.000,9999.000,9999.000,9999.000
202602151436,  -0.579,   1.259,9999.000,9999.000,9999.000,9999.000,9999.000,9999.000,9999.000
202602151442,  -0.583,   1.308,9999.000,9999.000,9999.000,9999.000,9999.000,9999.000,9999.000
202602151448,  -0.585,   1.328,9999.000,9999.000,9999.000,9999.000,9999.000,9999.000,9999.000
202602151454,  -0.586,   1.348,9999.000,9999.000,9999.000,9999.000,9999.000,9999.000,9999.000
202602151500,  -0.585,   1.348,   0.900,   1.033,   1.348,   0.800,   1.248,   1.000,   1.448
202602151506,  -0.584,   1.338,9999.000,9999.000,9999.000,9999.000,9999.000,9999.000,9999.000
202602151512,  -0.582,   1.338,9999.000,9999.000,9999.000,9999.000,9999.000,9999.000,9999.000
202602151518,  -0.578,   1.338,9999.000,9999.000,9999.000,9999.000,9999.000,9999.000,9999.000
202602151524,  -0.574,   1.318,9999.000,9999.000,9999.000,9999.000,9999.000,9999.000,9999.000
202602151530,  -0.568,   1.279,9999.000,9999.000,9999.000,9999.000,9999.000,9999.000,9999.000
202602151536,  -0.562,   1.269,9999.000,9999.000,9999.000,9999.000,9999.000,9999.000,9999.000
202602151542,  -0.554,   1.249,9999.000,9999.000,9999.000,9999.000,9999.000,9999.000,9999.000
202602151548,  -0.545,   1.210,9999.000,9999.000,9999.000,9999.000,9999.000,9999.000,9999.000
202602151554,  -0.536,   1.161,9999.000,9999.000,9999.000,9999.000,9999.000,9999.000,9999.000
202602151600,  -0.525,   1.108,   0.900,   0.733,   1.108,   0.800,   1.008,   1.100,   1.308
202602151606,  -0.513,   1.049,9999.000,9999.000,9999.000,9999.000,9999.000,9999.000,9999.000
202602151612,  -0.500,   1.010,9999.000,9999.000,9999.000,9999.000,9999.000,9999.000,9999.000
202602151618,  -0.486,   0.961,9999.000,9999.000,9999.000,9999.000,9999.000,9999.000,9999.000
202602151624,  -0.472,   0.908,9999.000,9999.000,9999.000,9999.000,9999.000,9999.000,9999.000
202602151630,  -0.456,   0.839,9999.000,9999.000,9999.000,9999.000,9999.000,9999.000,9999.000
202602151636,  -0.440,   0.780,9999.000,9999.000,9999.000,9999.000,9999.000,9999.000,9999.000
202602151642,  -0.422,   0.731,9999.000,9999.000,9999.000,9999.000,9999.000,9999.000,9999.000
202602151648,  -0.404,   0.698,9999.000,9999.000,9999.000,9999.000,9999.000,9999.000,9999.000
202602151654,  -0.385,   0.688,9999.000,9999.000,9999.000,9999.000,9999.000,9999.000,9999.000
202602151700,  -0.365,   0.678,   1.000,   0.043,   0.678,   0.800,   0.478,   1.100,   0.778
202602151706,  -0.345,   0.678,9999.000,9999.000,9999.000,9999.000,9999.000,9999.000,9999.000
202602151712,  -0.324,   0.708,9999.000,9999.000,9999.000,9999.000,9999.000,9999.000,9999.000
202602151718,  -0.302,   0.751,9999.000,9999.000,9999.000,9999.000,9999.000,9999.000,9999.000
202602151724,  -0.279,   0.819,9999.000,9999.000,9999.000,9999.000,9999.000,9999.000,9999.000
202602151730,  -0.256,   0.888,9999.000,9999.000,9999.000,9999.000,9999.000,9999.000,9999.000
202602151736,  -0.233,   0.928,9999.000,9999.000,9999.000,9999.000,9999.000,9999.000,9999.000
202602151742,  -0.209,   0.980,9999.000,9999.000,9999.000,9999.000,9999.000,9999.000,9999.000
202602151748,  -0.184,   1.020,9999.000,9999.000,9999.000,9999.000,9999.000,9999.000,9999.000
202602151754,  -0.159,   1.059,9999.000,9999.000,9999.000,9999.000,9999.000,9999.000,9999.000
202602151800,  -0.134,   1.098,   1.000,   0.232,   1.098,   0.800,   0.898,   1.100,   1.198
202602151806,  -0.108,   1.138,9999.000,9999.000,9999.000,9999.000,9999.000,9999.000,9999.000
202602151812,  -0.082,   1.170,9999.000,9999.000,9999.000,9999.000,9999.000,9999.000,9999.000
202602151818,  -0.056,   1.190,9999.000,9999.000,9999.000,9999.000,9999.000,9999.000,9999.000
202602151824,  -0.029,   1.229,9999.000,9999.000,9999.000,9999.000,9999.000,9999.000,9999.000
202602151830,  -0.003,   1.269,9999.000,9999.000,9999.000,9999.000,9999.000,9999.000,9999.000
202602151836,   0.023,   1.318,9999.000,9999.000,9999.000,9999.000,9999.000,9999.000,9999.000
202602151842,   0.050,   1.361,9999.000,9999.000,9999.000,9999.000,9999.000,9999.000,9999.000
202602151848,   0.076,   1.400,9999.000,9999.000,9999.000,9999.000,9999.000,9999.000,9999.000
202602151854,   0.103,   1.430,9999.000,9999.000,9999.000,9999.000,9999.000,9999.000,9999.000
202602151900,   0.130,   1.469,   1.000,   0.339,   1.469,   0.900,   1.369,   1.100,   1.569
202602151906,   0.157,   1.508,9999.000,9999.000,9999.000,9999.000,9999.000,9999.000,9999.000
202602151912,   0.183,   1.538,9999.000,9999.000,9999.000,9999.000,9999.000,9999.000,9999.000
202602151918,   0.209,   1.571,9999.000,9999.000,9999.000,9999.000,9999.000,9999.000,9999.000
202602151924,   0.235,   1.600,9999.000,9999.000,9999.000,9999.000,9999.000,9999.000,9999.000
202602151930,   0.261,   1.600,9999.000,9999.000,9999.000,9999.000,9999.000,9999.000,9999.000
202602151936,   0.287,   1.630,9999.000,9999.000,9999.000,9999.000,9999.000,9999.000,9999.000
202602151942,   0.312,   1.639,9999.000,9999.000,9999.000,9999.000,9999.000,9999.000,9999.000
202602151948,   0.337,   1.639,9999.000,9999.000,9999.000,9999.000,9999.000,9999.000,9999.000
202602151954,   0.362,   1.639,9999.000,9999.000,9999.000,9999.000,9999.000,9999.000,9999.000
202602152000,   0.386,   1.649,   1.000,   0.263,   1.649,   0.800,   1.449,   1.100,   1.749
202602152006,   0.410,   1.649,9999.000,9999.000,9999.000,9999.000,9999.000,9999.000,9999.000
202602152012,   0.434,   1.639,9999.000,9999.000,9999.000,9999.000,9999.000,9999.000,9999.000
202602152018,   0.457,   1.620,9999.000,9999.000,9999.000,9999.000,9999.000,9999.000,9999.000
202602152024,   0.479,   1.630,9999.000,9999.000,9999.000,9999.000,9999.000,9999.000,9999.000
202602152030,   0.501,   1.620,9999.000,9999.000,9999.000,9999.000,9999.000,9999.000,9999.000
202602152036,   0.523,   1.610,9999.000,9999.000,9999.000,9999.000,9999.000,9999.000,9999.000
202602152042,   0.544,   1.610,9999.000,9999.000,9999.000,9999.000,9999.000,9999.000,9999.000
202602152048,   0.565,   1.610,9999.000,9999.000,9999.000,9999.000,9999.000,9999.000,9999.000
202602152054,   0.585,   1.610,9999.000,9999.000,9999.000,9999.000,9999.000,9999.000,9999.000
202602152100,   0.605,   1.610,   1.000,   0.005,   1.610,   0.800,   1.410,   1.100,   1.710
202602152106,   0.624,   1.610,9999.000,9999.000,9999.000,9999.000,9999.000,9999.000,9999.000
202602152112,   0.643,   1.610,9999.000,9999.000,9999.000,9999.000,9999.000,9999.000,9999.000
202602152118,   0.661,   1.620,9999.000,9999.000,9999.000,9999.000,9999.000,9999.000,9999.000
202602152124,   0.679,   1.630,9999.000,9999.000,9999.000,9999.000,9999.000,9999.000,9999.000
202602152130,   0.696,   1.639,9999.000,9999.000,9999.000,9999.000,9999.000,9999.000,9999.000
202602152136,   0.713,   1.659,9999.000,9999.000,9999.000,9999.000,9999.000,9999.000,9999.000
202602152142,   0.729,   1.659,9999.000,9999.000,9999.000,9999.000,9999.000,9999.000,9999.000
202602152148,   0.746,   1.620,9999.000,9999.000,9999.000,9999.000,9999.000,9999.000,9999.000
202602152154,   0.761,   1.600,9999.000,9999.000,9999.000,9999.000,9999.000,9999.000,9999.000
202602152200,   0.776,   1.580,   0.900,  -0.096,   1.580,   0.800,   1.480,   1.100,   1.780
202602152206,   0.791,   1.571,9999.000,9999.000,9999.000,9999.000,9999.000,9999.000,9999.000
202602152212,   0.806,   1.557,9999.000,9999.000,9999.000,9999.000,9999.000,9999.000,9999.000
202602152218,   0.820,   1.528,9999.000,9999.000,9999.000,9999.000,9999.000,9999.000,9999.000
202602152224,   0.834,   1.498,9999.000,9999.000,9999.000,9999.000,9999.000,9999.000,9999.000
202602152230,   0.848,   1.449,9999.000,9999.000,9999.000,9999.000,9999.000,9999.000,9999.000
202602152236,   0.861,   1.420,9999.000,9999.000,9999.000,9999.000,9999.000,9999.000,9999.000
202602152242,   0.875,   1.400,9999.000,9999.000,9999.000,9999.000,9999.000,9999.000,9999.000
202602152248,   0.888,   1.420,9999.000,9999.000,9999.000,9999.000,9999.000,9999.000,9999.000
202602152254,   0.901,   1.420,9999.000,9999.000,9999.000,9999.000,9999.000,9999.000,9999.000
202602152300,   0.913,   1.439,   0.900,  -0.374,   1.439,   0.800,   1.339,   1.000,   1.539
202602152306,   0.926,   1.459,9999.000,9999.000,9999.000,9999.000,9999.000,9999.000,9999.000
202602152312,   0.939,   1.459,9999.000,9999.000,9999.000,9999.000,9999.000,9999.000,9999.000
202602152318,   0.951,   1.479,9999.000,9999.000,9999.000,9999.000,9999.000,9999.000,9999.000
202602152324,   0.964,   1.508,9999.000,9999.000,9999.000,9999.000,9999.000,9999.000,9999.000
202602152330,   0.976,   1.548,9999.000,9999.000,9999.000,9999.000,9999.000,9999.000,9999.000
202602152336,   0.989,   1.590,9999.000,9999.000,9999.000,9999.000,9999.000,9999.000,9999.000
202602152342,   1.001,   1.639,9999.000,9999.000,9999.000,9999.000,9999.000,9999.000,9999.000
202602152348,   1.013,   1.659,9999.000,9999.000,9999.000,9999.000,9999.000,9999.000,9999.000
202602152354,   1.026,   1.744,9999.000,9999.000,9999.000,9999.000,9999.000,9999.000,9999.000
202602160000,   1.039,   1.744,   0.900,  -0.195,   1.744,   0.800,   1.644,   1.000,   1.844
202602160006,   1.051,   1.718,9999.000,9999.000,9999.000,9999.000,9999.000,9999.000,9999.000
202602160012,   1.064,   1.738,9999.000,9999.000,9999.000,9999.000,9999.000,9999.000,9999.000
202602160018,   1.077,   1.758,9999.000,9999.000,9999.000,9999.000,9999.000,9999.000,9999.000
202602160024,   1.090,   1.758,9999.000,9999.000,9999.000,9999.000,9999.000,9999.000,9999.000
202602160030,   1.103,   1.748,9999.000,9999.000,9999.000,9999.000,9999.000,9999.000,9999.000
202602160036,   1.116,   1.738,9999.000,9999.000,9999.000,9999.000,9999.000,9999.000,9999.000
202602160042,   1.129,   1.728,9999.000,9999.000,9999.000,9999.000,9999.000,9999.000,9999.000
202602160048,   1.143,   1.738,9999.000,9999.000,9999.000,9999.000,9999.000,9999.000,9999.000
202602160054,   1.157,   1.728,9999.000,9999.000,9999.000,9999.000,9999.000,9999.000,9999.000
202602160100,   1.170,   1.708,   0.900,  -0.362,   1.708,   0.800,   1.608,   1.000,   1.808
202602160106,   1.184,   1.708,9999.000,9999.000,9999.000,9999.000,9999.000,9999.000,9999.000
202602160112,   1.198,   1.669,9999.000,9999.000,9999.000,9999.000,9999.000,9999.000,9999.000
202602160118,   1.212,   1.630,9999.000,9999.000,9999.000,9999.000,9999.000,9999.000,9999.000
202602160124,   1.226,   1.620,9999.000,9999.000,9999.000,9999.000,9999.000,9999.000,9999.000
202602160130,   1.240,   1.610,9999.000,9999.000,9999.000,9999.000,9999.000,9999.000,9999.000
202602160136,   1.254,   1.590,9999.000,9999.000,9999.000,9999.000,9999.000,9999.000,9999.000
202602160142,   1.268,   1.580,9999.000,9999.000,9999.000,9999.000,9999.000,9999.000,9999.000
202602160148,   1.283,   1.571,9999.000,9999.000,9999.000,9999.000,9999.000,9999.000,9999.000
202602160154,   1.297,   1.580,9999.000,9999.000,9999.000,9999.000,9999.000,9999.000,9999.000
202602160200,   1.311,   1.571,   0.800,  -0.540,   1.571,   0.700,   1.471,   0.900,   1.671
202602160206,   1.325,   1.557,9999.000,9999.000,9999.000,9999.000,9999.000,9999.000,9999.000
202602160212,   1.339,   1.571,9999.000,9999.000,9999.000,9999.000,9999.000,9999.000,9999.000
202602160218,   1.353,   1.571,9999.000,9999.000,9999.000,9999.000,9999.000,9999.000,9999.000
202602160224,   1.367,   1.580,9999.000,9999.000,9999.000,9999.000,9999.000,9999.000,9999.000
202602160230,   1.380,   1.580,9999.000,9999.000,9999.000,9999.000,9999.000,9999.000,9999.000
202602160236,   1.394,   1.590,9999.000,9999.000,9999.000,9999.000,9999.000,9999.000,9999.000
202602160242,   1.407,   1.610,9999.000,9999.000,9999.000,9999.000,9999.000,9999.000,9999.000
202602160248,   1.420,   1.639,9999.000,9999.000,9999.000,9999.000,9999.000,9999.000,9999.000
202602160254,   1.432,   1.649,9999.000,9999.000,9999.000,9999.000,9999.000,9999.000,9999.000
202602160300,   1.444,   1.679,   0.800,  -0.565,   1.679,   0.700,   1.579,   0.900,   1.779
202602160306,   1.456,   1.699,9999.000,9999.000,9999.000,9999.000,9999.000,9999.000,9999.000
202602160312,   1.468,   1.728,9999.000,9999.000,9999.000,9999.000,9999.000,9999.000,9999.000
202602160318,   1.479,   1.728,9999.000,9999.000,9999.000,9999.000,9999.000,9999.000,9999.000
202602160324,   1.490,   1.718,9999.000,9999.000,9999.000,9999.000,9999.000,9999.000,9999.000
202602160330,   1.500,   1.728,9999.000,9999.000,9999.000,9999.000,9999.000,9999.000,9999.000
202602160336,   1.510,   1.718,9999.000,9999.000,9999.000,9999.000,9999.000,9999.000,9999.000
202602160342,   1.519,   1.728,9999.000,9999.000,9999.000,9999.000,9999.000,9999.000,9999.000
202602160348,   1.528,   1.718,9999.000,9999.000,9999.000,9999.000,9999.000,9999.000,9999.000
202602160354,   1.536,   1.708,9999.000,9999.000,9999.000,9999.000,9999.000,9999.000,9999.000
202602160400,   1.543,   1.679,   0.700,  -0.564,   1.679,   0.700,   1.679,   0.800,   1.779
202602160406,   1.550,   1.639,9999.000,9999.000,9999.000,9999.000,9999.000,9999.000,9999.000
202602160412,   1.556,   1.610,9999.000,9999.000,9999.000,9999.000,9999.000,9999.000,9999.000
202602160418,   1.562,   1.580,9999.000,9999.000,9999.000,9999.000,9999.000,9999.000,9999.000
202602160424,   1.567,   1.557,9999.000,9999.000,9999.000,9999.000,9999.000,9999.000,9999.000
202602160430,   1.571,   1.518,9999.000,9999.000,9999.000,9999.000,9999.000,9999.000,9999.000
202602160436,   1.574,   1.459,9999.000,9999.000,9999.000,9999.000,9999.000,9999.000,9999.000
202602160442,   1.577,   1.400,9999.000,9999.000,9999.000,9999.000,9999.000,9999.000,9999.000
202602160448,   1.579,   1.348,9999.000,9999.000,9999.000,9999.000,9999.000,9999.000,9999.000
202602160454,   1.580,   1.298,9999.000,9999.000,9999.000,9999.000,9999.000,9999.000,9999.000
202602160500,   1.580,   1.279,   0.700,  -1.001,   1.279,   0.600,   1.179,   0.800,   1.379
202602160506,   1.580,   1.259,9999.000,9999.000,9999.000,9999.000,9999.000,9999.000,9999.000
202602160512,   1.579,   1.220,9999.000,9999.000,9999.000,9999.000,9999.000,9999.000,9999.000
202602160518,   1.577,   1.200,9999.000,9999.000,9999.000,9999.000,9999.000,9999.000,9999.000
202602160524,   1.574,   1.190,9999.000,9999.000,9999.000,9999.000,9999.000,9999.000,9999.000
202602160530,   1.570,   1.180,9999.000,9999.000,9999.000,9999.000,9999.000,9999.000,9999.000
202602160536,   1.565,   1.180,9999.000,9999.000,9999.000,9999.000,9999.000,9999.000,9999.000
202602160542,   1.560,   1.180,9999.000,9999.000,9999.000,9999.000,9999.000,9999.000,9999.000
202602160548,   1.554,   1.200,9999.000,9999.000,9999.000,9999.000,9999.000,9999.000,9999.000
202602160554,   1.546,   1.220,9999.000,9999.000,9999.000,9999.000,9999.000,9999.000,9999.000
202602160600,   1.538,   1.229,   0.700,  -1.009,   1.229,   0.600,   1.129,   0.800,   1.329
202602160606,   1.530,   1.239,9999.000,9999.000,9999.000,9999.000,9999.000,9999.000,9999.000
202602160612,   1.520,   1.249,9999.000,9999.000,9999.000,9999.000,9999.000,9999.000,9999.000
202602160618,   1.509,   1.249,9999.000,9999.000,9999.000,9999.000,9999.000,9999.000,9999.000
202602160624,   1.498,   1.269,9999.000,9999.000,9999.000,9999.000,9999.000,9999.000,9999.000
202602160630,   1.486,   1.279,9999.000,9999.000,9999.000,9999.000,9999.000,9999.000,9999.000
202602160636,   1.473,   1.269,9999.000,9999.000,9999.000,9999.000,9999.000,9999.000,9999.000
202602160642,   1.459,   1.259,9999.000,9999.000,9999.000,9999.000,9999.000,9999.000,9999.000
202602160648,   1.444,   1.239,9999.000,9999.000,9999.000,9999.000,9999.000,9999.000,9999.000
202602160654,   1.429,   1.239,9999.000,9999.000,9999.000,9999.000,9999.000,9999.000,9999.000
202602160700,   1.413,   1.220,   0.700,  -0.893,   1.220,   0.600,   1.120,   0.700,   1.220
202602160706,   1.396,   1.210,9999.000,9999.000,9999.000,9999.000,9999.000,9999.000,9999.000
202602160712,   1.378,   1.180,9999.000,9999.000,9999.000,9999.000,9999.000,9999.000,9999.000
202602160718,   1.359,   1.161,9999.000,9999.000,9999.000,9999.000,9999.000,9999.000,9999.000
202602160724,   1.340,   1.138,9999.000,9999.000,9999.000,9999.000,9999.000,9999.000,9999.000
202602160730,   1.320,   1.128,9999.000,9999.000,9999.000,9999.000,9999.000,9999.000,9999.000
202602160736,   1.299,   1.088,9999.000,9999.000,9999.000,9999.000,9999.000,9999.000,9999.000
202602160742,   1.278,   1.049,9999.000,9999.000,9999.000,9999.000,9999.000,9999.000,9999.000
202602160748,   1.256,   1.010,9999.000,9999.000,9999.000,9999.000,9999.000,9999.000,9999.000
202602160754,   1.233,   0.980,9999.000,9999.000,9999.000,9999.000,9999.000,9999.000,9999.000
202602160800,   1.209,   0.970,   0.600,  -0.839,   0.970,   0.600,   0.970,   0.700,   1.070
202602160806,   1.185,   0.928,9999.000,9999.000,9999.000,9999.000,9999.000,9999.000,9999.000
202602160812,   1.161,   0.908,9999.000,9999.000,9999.000,9999.000,9999.000,9999.000,9999.000
202602160818,   1.135,   0.879,9999.000,9999.000,9999.000,9999.000,9999.000,9999.000,9999.000
202602160824,   1.109,   0.839,9999.000,9999.000,9999.000,9999.000,9999.000,9999.000,9999.000
202602160830,   1.083,   0.819,9999.000,9999.000,9999.000,9999.000,9999.000,9999.000,9999.000
202602160836,   1.056,   0.810,9999.000,9999.000,9999.000,9999.000,9999.000,9999.000,9999.000
202602160842,   1.028,   0.800,9999.000,9999.000,9999.000,9999.000,9999.000,9999.000,9999.000
202602160848,   1.000,   0.800,9999.000,9999.000,9999.000,9999.000,9999.000,9999.000,9999.000
202602160854,   0.972,   0.780,9999.000,9999.000,9999.000,9999.000,9999.000,9999.000,9999.000
202602160900,   0.943,   0.770,   0.600,  -0.773,   0.770,   0.500,   0.670,   0.700,   0.870
202602160906,   0.913,   0.760,9999.000,9999.000,9999.000,9999.000,9999.000,9999.000,9999.000
202602160912,   0.883,   0.751,9999.000,9999.000,9999.000,9999.000,9999.000,9999.000,9999.000
202602160918,   0.853,   0.751,9999.000,9999.000,9999.000,9999.000,9999.000,9999.000,9999.000
202602160924,   0.822,   0.731,9999.000,9999.000,9999.000,9999.000,9999.000,9999.000,9999.000
202602160930,   0.792,   0.708,9999.000,9999.000,9999.000,9999.000,9999.000,9999.000,9999.000
202602160936,   0.760,   0.688,9999.000,9999.000,9999.000,9999.000,9999.000,9999.000,9999.000
202602160942,   0.729,   0.678,9999.000,9999.000,9999.000,9999.000,9999.000,9999.000,9999.000
202602160948,   0.697,   0.659,9999.000,9999.000,9999.000,9999.000,9999.000,9999.000,9999.000
202602160954,   0.665,   0.639,9999.000,9999.000,9999.000,9999.000,9999.000,9999.000,9999.000
202602161000,   0.633,   0.629,   0.600,  -0.604,   0.629,   0.500,   0.529,   0.600,   0.629
202602161006,   0.601,   0.600,9999.000,9999.000,9999.000,9999.000,9999.000,9999.000,9999.000
202602161012,   0.568,   0.570,9999.000,9999.000,9999.000,9999.000,9999.000,9999.000,9999.000
202602161018,   0.536,   0.560,9999.000,9999.000,9999.000,9999.000,9999.000,9999.000,9999.000
202602161024,   0.503,   0.551,9999.000,9999.000,9999.000,9999.000,9999.000,9999.000,9999.000
202602161030,   0.471,   0.518,9999.000,9999.000,9999.000,9999.000,9999.000,9999.000,9999.000
202602161036,   0.438,   0.488,9999.000,9999.000,9999.000,9999.000,9999.000,9999.000,9999.000
202602161042,   0.406,   0.469,9999.000,9999.000,9999.000,9999.000,9999.000,9999.000,9999.000
202602161048,   0.374,   0.419,9999.000,9999.000,9999.000,9999.000,9999.000,9999.000,9999.000
202602161054,   0.341,   0.390,9999.000,9999.000,9999.000,9999.000,9999.000,9999.000,9999.000
202602161100,   0.309,   0.360,   0.500,  -0.449,   0.360,   0.500,   0.360,   0.600,   0.460
202602161106,   0.278,   0.331,9999.000,9999.000,9999.000,9999.000,9999.000,9999.000,9999.000
202602161112,   0.246,   0.298,9999.000,9999.000,9999.000,9999.000,9999.000,9999.000,9999.000
202602161118,   0.215,   0.268,9999.000,9999.000,9999.000,9999.000,9999.000,9999.000,9999.000
202602161124,   0.183,   0.239,9999.000,9999.000,9999.000,9999.000,9999.000,9999.000,9999.000
202602161130,   0.153,   0.219,9999.000,9999.000,9999.000,9999.000,9999.000,9999.000,9999.000
202602161136,   0.122,   0.190,9999.000,9999.000,9999.000,9999.000,9999.000,9999.000,9999.000
202602161142,   0.093,   0.170,9999.000,9999.000,9999.000,9999.000,9999.000,9999.000,9999.000
202602161148,   0.063,   0.150,9999.000,9999.000,9999.000,9999.000,9999.000,9999.000,9999.000
202602161154,   0.034,   0.150,9999.000,9999.000,9999.000,9999.000,9999.000,9999.000,9999.000
202602161200,   0.006,   0.111,   0.400,  -0.295,   0.111,   0.300,   0.011,   0.500,   0.211
202602161206,  -0.021,   0.121,9999.000,9999.000,9999.000,9999.000,9999.000,9999.000,9999.000
202602161212,  -0.049,   0.121,9999.000,9999.000,9999.000,9999.000,9999.000,9999.000,9999.000
202602161218,  -0.075,   0.111,9999.000,9999.000,9999.000,9999.000,9999.000,9999.000,9999.000
202602161224,  -0.101,   0.098,9999.000,9999.000,9999.000,9999.000,9999.000,9999.000,9999.000
202602161230,  -0.127,   0.111,9999.000,9999.000,9999.000,9999.000,9999.000,9999.000,9999.000
202602161236,  -0.151,   0.098,9999.000,9999.000,9999.000,9999.000,9999.000,9999.000,9999.000
202602161242,  -0.175,   0.068,9999.000,9999.000,9999.000,9999.000,9999.000,9999.000,9999.000
202602161248,  -0.198,   0.059,9999.000,9999.000,9999.000,9999.000,9999.000,9999.000,9999.000
202602161254,  -0.221,   0.049,9999.000,9999.000,9999.000,9999.000,9999.000,9999.000,9999.000
202602161300,  -0.242,   0.039,   0.400,  -0.119,   0.039,   0.300,  -0.061,   0.500,   0.139
202602161306,  -0.263,   0.029,9999.000,9999.000,9999.000,9999.000,9999.000,9999.000,9999.000
202602161312,  -0.283,   0.000,9999.000,9999.000,9999.000,9999.000,9999.000,9999.000,9999.000
202602161318,  -0.302,  -0.009,9999.000,9999.000,9999.000,9999.000,9999.000,9999.000,9999.000
202602161324,  -0.320,  -0.039,9999.000,9999.000,9999.000,9999.000,9999.000,9999.000,9999.000
202602161330,  -0.337,  -0.039,9999.000,9999.000,9999.000,9999.000,9999.000,9999.000,9999.000
202602161336,  -0.354,  -0.049,9999.000,9999.000,9999.000,9999.000,9999.000,9999.000,9999.000
202602161342,  -0.369,  -0.068,9999.000,9999.000,9999.000,9999.000,9999.000,9999.000,9999.000
202602161348,  -0.383,  -0.088,9999.000,9999.000,9999.000,9999.000,9999.000,9999.000,9999.000
202602161354,  -0.397,  -0.098,9999.000,9999.000,9999.000,9999.000,9999.000,9999.000,9999.000
202602161400,  -0.409,  -0.121,   0.300,  -0.012,  -0.121,   0.300,  -0.121,   0.400,  -0.021
202602161406,  -0.420,  -0.131,9999.000,9999.000,9999.000,9999.000,9999.000,9999.000,9999.000
202602161412,  -0.431,  -0.141,9999.000,9999.000,9999.000,9999.000,9999.000,9999.000,9999.000
202602161418,  -0.440,  -0.160,9999.000,9999.000,9999.000,9999.000,9999.000,9999.000,9999.000
202602161424,  -0.448,  -0.150,9999.000,9999.000,9999.000,9999.000,9999.000,9999.000,9999.000
202602161430,  -0.456,  -0.150,9999.000,9999.000,9999.000,9999.000,9999.000,9999.000,9999.000
202602161436,  -0.462,  -0.160,9999.000,9999.000,9999.000,9999.000,9999.000,9999.000,9999.000
202602161442,  -0.467,  -0.160,9999.000,9999.000,9999.000,9999.000,9999.000,9999.000,9999.000
202602161448,  -0.471,  -0.170,9999.000,9999.000,9999.000,9999.000,9999.000,9999.000,9999.000
202602161454,  -0.475,  -0.180,9999.000,9999.000,9999.000,9999.000,9999.000,9999.000,9999.000
202602161500,  -0.477,  -0.180,   0.300,  -0.003,  -0.180,   0.300,  -0.180,   0.400,  -0.080
202602161506,  -0.478,  -0.180,9999.000,9999.000,9999.000,9999.000,9999.000,9999.000,9999.000
202602161512,  -0.478,  -0.170,9999.000,9999.000,9999.000,9999.000,9999.000,9999.000,9999.000
202602161518,  -0.477,  -0.180,9999.000,9999.000,9999.000,9999.000,9999.000,9999.000,9999.000
202602161524,  -0.475,  -0.170,9999.000,9999.000,9999.000,9999.000,9999.000,9999.000,9999.000
202602161530,  -0.472,  -0.150,9999.000,9999.000,9999.000,9999.000,9999.000,9999.000,9999.000
202602161536,  -0.468,  -0.141,9999.000,9999.000,9999.000,9999.000,9999.000,9999.000,9999.000
202602161542,  -0.464,  -0.150,9999.000,9999.000,9999.000,9999.000,9999.000,9999.000,9999.000
202602161548,  -0.458,  -0.160,9999.000,9999.000,9999.000,9999.000,9999.000,9999.000,9999.000
202602161554,  -0.451,  -0.160,9999.000,9999.000,9999.000,9999.000,9999.000,9999.000,9999.000
202602161600,  -0.443,  -0.170,   0.300,  -0.027,  -0.170,   0.300,  -0.170,   0.400,  -0.070
202602161606,  -0.435,  -0.180,9999.000,9999.000,9999.000,9999.000,9999.000,9999.000,9999.000
202602161612,  -0.425,  -0.190,9999.000,9999.000,9999.000,9999.000,9999.000,9999.000,9999.000
202602161618,  -0.415,  -0.200,9999.000,9999.000,9999.000,9999.000,9999.000,9999.000,9999.000
202602161624,  -0.403,  -0.180,9999.000,9999.000,9999.000,9999.000,9999.000,9999.000,9999.000
202602161630,  -0.391,  -0.180,9999.000,9999.000,9999.000,9999.000,9999.000,9999.000,9999.000
202602161636,  -0.378,  -0.180,9999.000,9999.000,9999.000,9999.000,9999.000,9999.000,9999.000
202602161642,  -0.365,  -0.160,9999.000,9999.000,9999.000,9999.000,9999.000,9999.000,9999.000
202602161648,  -0.350,  -0.131,9999.000,9999.000,9999.000,9999.000,9999.000,9999.000,9999.000
202602161654,  -0.335,  -0.121,9999.000,9999.000,9999.000,9999.000,9999.000,9999.000,9999.000
202602161700,  -0.318,  -0.121,   0.300,  -0.103,  -0.121,   0.200,  -0.221,   0.400,  -0.021
202602161706,  -0.302,  -0.098,9999.000,9999.000,9999.000,9999.000,9999.000,9999.000,9999.000
202602161712,  -0.284,  -0.088,9999.000,9999.000,9999.000,9999.000,9999.000,9999.000,9999.000
202602161718,  -0.266,  -0.068,9999.000,9999.000,9999.000,9999.000,9999.000,9999.000,9999.000
202602161724,  -0.247,  -0.029,9999.000,9999.000,9999.000,9999.000,9999.000,9999.000,9999.000
202602161730,  -0.228,   0.000,9999.000,9999.000,9999.000,9999.000,9999.000,9999.000,9999.000
202602161736,  -0.208,   0.019,9999.000,9999.000,9999.000,9999.000,9999.000,9999.000,9999.000
202602161742,  -0.187,   0.029,9999.000,9999.000,9999.000,9999.000,9999.000,9999.000,9999.000
202602161748,  -0.166,   0.059,9999.000,9999.000,9999.000,9999.000,9999.000,9999.000,9999.000
202602161754,  -0.145,   0.088,9999.000,9999.000,9999.000,9999.000,9999.000,9999.000,9999.000
202602161800,  -0.123,   0.121,   0.300,  -0.056,   0.121,   0.200,   0.021,   0.300,   0.121
202602161806,  -0.100,   0.150,9999.000,9999.000,9999.000,9999.000,9999.000,9999.000,9999.000
202602161812,  -0.078,   0.180,9999.000,9999.000,9999.000,9999.000,9999.000,9999.000,9999.000
202602161818,  -0.055,   0.209,9999.000,9999.000,9999.000,9999.000,9999.000,9999.000,9999.000
202602161824,  -0.031,   0.229,9999.000,9999.000,9999.000,9999.000,9999.000,9999.000,9999.000
202602161830,  -0.008,   0.259,9999.000,9999.000,9999.000,9999.000,9999.000,9999.000,9999.000
202602161836,   0.015,   0.268,9999.000,9999.000,9999.000,9999.000,9999.000,9999.000,9999.000
202602161842,   0.039,   0.288,9999.000,9999.000,9999.000,9999.000,9999.000,9999.000,9999.000
202602161848,   0.064,   0.321,9999.000,9999.000,9999.000,9999.000,9999.000,9999.000,9999.000
202602161854,   0.088,   0.341,9999.000,9999.000,9999.000,9999.000,9999.000,9999.000,9999.000
202602161900,   0.112,   0.360,   0.300,  -0.052,   0.360,   0.200,   0.260,   0.300,   0.360
202602161906,   0.137,   0.350,9999.000,9999.000,9999.000,9999.000,9999.000,9999.000,9999.000
202602161912,   0.161,   0.400,9999.000,9999.000,9999.000,9999.000,9999.000,9999.000,9999.000
202602161918,   0.186,   0.419,9999.000,9999.000,9999.000,9999.000,9999.000,9999.000,9999.000
202602161924,   0.210,   0.478,9999.000,9999.000,9999.000,9999.000,9999.000,9999.000,9999.000
202602161930,   0.234,   0.498,9999.000,9999.000,9999.000,9999.000,9999.000,9999.000,9999.000
202602161936,   0.258,   0.531,9999.000,9999.000,9999.000,9999.000,9999.000,9999.000,9999.000
202602161942,   0.282,   0.541,9999.000,9999.000,9999.000,9999.000,9999.000,9999.000,9999.000
202602161948,   0.305,   0.551,9999.000,9999.000,9999.000,9999.000,9999.000,9999.000,9999.000
202602161954,   0.329,   0.610,9999.000,9999.000,9999.000,9999.000,9999.000,9999.000,9999.000
202602162000,   0.352,   0.629,   0.300,  -0.023,   0.629,   0.200,   0.529,   0.300,   0.629
202602162006,   0.374,   0.669,9999.000,9999.000,9999.000,9999.000,9999.000,9999.000,9999.000
202602162012,   0.397,   0.708,9999.000,9999.000,9999.000,9999.000,9999.000,9999.000,9999.000
202602162018,   0.418,   0.718,9999.000,9999.000,9999.000,9999.000,9999.000,9999.000,9999.000
202602162024,   0.440,   0.760,9999.000,9999.000,9999.000,9999.000,9999.000,9999.000,9999.000
202602162030,   0.461,   0.800,9999.000,9999.000,9999.000,9999.000,9999.000,9999.000,9999.000
202602162036,   0.482,   0.819,9999.000,9999.000,9999.000,9999.000,9999.000,9999.000,9999.000
202602162042,   0.502,   0.839,9999.000,9999.000,9999.000,9999.000,9999.000,9999.000,9999.000
202602162048,   0.521,   0.839,9999.000,9999.000,9999.000,9999.000,9999.000,9999.000,9999.000
202602162054,   0.540,   0.859,9999.000,9999.000,9999.000,9999.000,9999.000,9999.000,9999.000
202602162100,   0.559,   0.879,   0.300,   0.020,   0.879,   0.200,   0.779,   0.300,   0.879
202602162106,   0.576,   0.898,9999.000,9999.000,9999.000,9999.000,9999.000,9999.000,9999.000
202602162112,   0.594,   0.928,9999.000,9999.000,9999.000,9999.000,9999.000,9999.000,9999.000
202602162118,   0.611,   0.941,9999.000,9999.000,9999.000,9999.000,9999.000,9999.000,9999.000
202602162124,   0.627,   0.941,9999.000,9999.000,9999.000,9999.000,9999.000,9999.000,9999.000
202602162130,   0.642,   0.951,9999.000,9999.000,9999.000,9999.000,9999.000,9999.000,9999.000
202602162136,   0.657,   0.970,9999.000,9999.000,9999.000,9999.000,9999.000,9999.000,9999.000
202602162142,   0.672,   0.970,9999.000,9999.000,9999.000,9999.000,9999.000,9999.000,9999.000
202602162148,   0.686,   0.980,9999.000,9999.000,9999.000,9999.000,9999.000,9999.000,9999.000
202602162154,   0.699,   0.961,9999.000,9999.000,9999.000,9999.000,9999.000,9999.000,9999.000
202602162200,   0.712,   1.000,   0.300,  -0.012,   1.000,   0.200,   0.900,   0.300,   1.000
202602162206,   0.724,   1.039,9999.000,9999.000,9999.000,9999.000,9999.000,9999.000,9999.000
202602162212,   0.736,   1.059,9999.000,9999.000,9999.000,9999.000,9999.000,9999.000,9999.000
202602162218,   0.747,   1.079,9999.000,9999.000,9999.000,9999.000,9999.000,9999.000,9999.000
202602162224,   0.758,   1.079,9999.000,9999.000,9999.000,9999.000,9999.000,9999.000,9999.000
202602162230,   0.768,   1.108,9999.000,9999.000,9999.000,9999.000,9999.000,9999.000,9999.000
202602162236,   0.778,   1.128,9999.000,9999.000,9999.000,9999.000,9999.000,9999.000,9999.000
202602162242,   0.788,   1.151,9999.000,9999.000,9999.000,9999.000,9999.000,9999.000,9999.000
202602162248,   0.797,   1.161,9999.000,9999.000,9999.000,9999.000,9999.000,9999.000,9999.000
202602162254,   0.805,   1.180,9999.000,9999.000,9999.000,9999.000,9999.000,9999.000,9999.000
202602162300,   0.814,   1.200,   0.300,   0.086,   1.200,   0.200,   1.100,   0.300,   1.200
202602162306,   0.822,   1.229,9999.000,9999.000,9999.000,9999.000,9999.000,9999.000,9999.000
202602162312,   0.830,   1.249,9999.000,9999.000,9999.000,9999.000,9999.000,9999.000,9999.000
202602162318,   0.838,   1.259,9999.000,9999.000,9999.000,9999.000,9999.000,9999.000,9999.000
202602162324,   0.845,   1.279,9999.000,9999.000,9999.000,9999.000,9999.000,9999.000,9999.000
202602162330,   0.853,   1.308,9999.000,9999.000,9999.000,9999.000,9999.000,9999.000,9999.000
202602162336,   0.860,   1.318,9999.000,9999.000,9999.000,9999.000,9999.000,9999.000,9999.000
202602162342,   0.868,   1.338,9999.000,9999.000,9999.000,9999.000,9999.000,9999.000,9999.000
202602162348,   0.875,   1.348,9999.000,9999.000,9999.000,9999.000,9999.000,9999.000,9999.000
202602162354,   0.882,   1.361,9999.000,9999.000,9999.000,9999.000,9999.000,9999.000,9999.000
202602170000,   0.889,   1.361,   0.500,  -0.028,   1.361,   0.400,   1.261,   0.500,   1.361
202602170006,   0.897,   1.380,9999.000,9999.000,9999.000,9999.000,9999.000,9999.000,9999.000
202602170012,   0.904,   1.400,9999.000,9999.000,9999.000,9999.000,9999.000,9999.000,9999.000
202602170018,   0.912,   1.410,9999.000,9999.000,9999.000,9999.000,9999.000,9999.000,9999.000
202602170024,   0.920,   1.410,9999.000,9999.000,9999.000,9999.000,9999.000,9999.000,9999.000
202602170030,   0.928,   1.420,9999.000,9999.000,9999.000,9999.000,9999.000,9999.000,9999.000
202602170036,   0.936,   1.439,9999.000,9999.000,9999.000,9999.000,9999.000,9999.000,9999.000
202602170042,   0.944,   1.449,9999.000,9999.000,9999.000,9999.000,9999.000,9999.000,9999.000
202602170048,   0.953,   1.459,9999.000,9999.000,9999.000,9999.000,9999.000,9999.000,9999.000
202602170054,   0.962,   1.479,9999.000,9999.000,9999.000,9999.000,9999.000,9999.000,9999.000
202602170100,   0.971,   1.498,   0.500,   0.027,   1.498,   0.400,   1.398,   0.500,   1.498
202602170106,   0.980,   1.498,9999.000,9999.000,9999.000,9999.000,9999.000,9999.000,9999.000
202602170112,   0.990,   1.518,9999.000,9999.000,9999.000,9999.000,9999.000,9999.000,9999.000
202602170118,   1.000,   1.548,9999.000,9999.000,9999.000,9999.000,9999.000,9999.000,9999.000
202602170124,   1.010,   1.571,9999.000,9999.000,9999.000,9999.000,9999.000,9999.000,9999.000
202602170130,   1.021,   1.590,9999.000,9999.000,9999.000,9999.000,9999.000,9999.000,9999.000
202602170136,   1.032,   1.620,9999.000,9999.000,9999.000,9999.000,9999.000,9999.000,9999.000
202602170142,   1.043,   1.639,9999.000,9999.000,9999.000,9999.000,9999.000,9999.000,9999.000
202602170148,   1.055,   1.659,9999.000,9999.000,9999.000,9999.000,9999.000,9999.000,9999.000
202602170154,   1.066,   1.689,9999.000,9999.000,9999.000,9999.000,9999.000,9999.000,9999.000
202602170200,   1.079,   1.718,   0.500,   0.139,   1.718,   0.400,   1.618,   0.500,   1.718
202602170206,   1.091,   1.748,9999.000,9999.000,9999.000,9999.000,9999.000,9999.000,9999.000
202602170212,   1.103,   1.767,9999.000,9999.000,9999.000,9999.000,9999.000,9999.000,9999.000
202602170218,   1.116,   1.800,9999.000,9999.000,9999.000,9999.000,9999.000,9999.000,9999.000
202602170224,   1.129,   1.820,9999.000,9999.000,9999.000,9999.000,9999.000,9999.000,9999.000
202602170230,   1.142,   1.840,9999.000,9999.000,9999.000,9999.000,9999.000,9999.000,9999.000
202602170236,   1.155,   1.869,9999.000,9999.000,9999.000,9999.000,9999.000,9999.000,9999.000
202602170242,   1.169,   1.889,9999.000,9999.000,9999.000,9999.000,9999.000,9999.000,9999.000
202602170248,   1.182,   1.908,9999.000,9999.000,9999.000,9999.000,9999.000,9999.000,9999.000
202602170254,   1.196,   1.928,9999.000,9999.000,9999.000,9999.000,9999.000,9999.000,9999.000
202602170300,   1.209,   1.938,   0.500,   0.229,   1.938,   0.400,   1.838,   0.500,   1.938
202602170306,   1.222,   1.958,9999.000,9999.000,9999.000,9999.000,9999.000,9999.000,9999.000
202602170312,   1.236,   1.981,9999.000,9999.000,9999.000,9999.000,9999.000,9999.000,9999.000
202602170318,   1.249,   1.990,9999.000,9999.000,9999.000,9999.000,9999.000,9999.000,9999.000
202602170324,   1.262,   2.000,9999.000,9999.000,9999.000,9999.000,9999.000,9999.000,9999.000
202602170330,   1.275,   2.010,9999.000,9999.000,9999.000,9999.000,9999.000,9999.000,9999.000
202602170336,   1.288,   2.020,9999.000,9999.000,9999.000,9999.000,9999.000,9999.000,9999.000
202602170342,   1.300,   2.030,9999.000,9999.000,9999.000,9999.000,9999.000,9999.000,9999.000
202602170348,   1.313,   2.040,9999.000,9999.000,9999.000,9999.000,9999.000,9999.000,9999.000
202602170354,   1.325,   2.059,9999.000,9999.000,9999.000,9999.000,9999.000,9999.000,9999.000
202602170400,   1.336,   2.069,   0.500,   0.233,   2.069,   0.400,   1.969,   0.500,   2.069
202602170406,   1.347,   2.079,9999.000,9999.000,9999.000,9999.000,9999.000,9999.000,9999.000
202602170412,   1.358,   2.089,9999.000,9999.000,9999.000,9999.000,9999.000,9999.000,9999.000
202602170418,   1.368,   2.099,9999.000,9999.000,9999.000,9999.000,9999.000,9999.000,9999.000
202602170424,   1.378,   2.109,9999.000,9999.000,9999.000,9999.000,9999.000,9999.000,9999.000
202602170430,   1.388,   2.109,9999.000,9999.000,9999.000,9999.000,9999.000,9999.000,9999.000
202602170436,   1.396,   2.118,9999.000,9999.000,9999.000,9999.000,9999.000,9999.000,9999.000
202602170442,   1.405,   2.128,9999.000,9999.000,9999.000,9999.000,9999.000,9999.000,9999.000
202602170448,   1.412,   2.138,9999.000,9999.000,9999.000,9999.000,9999.000,9999.000,9999.000
202602170454,   1.419,   2.148,9999.000,9999.000,9999.000,9999.000,9999.000,9999.000,9999.000
202602170500,   1.426,   2.168,   0.500,   0.242,   2.168,   0.500,   2.168,   0.500,   2.168
202602170506,   1.432,   2.177,9999.000,9999.000,9999.000,9999.000,9999.000,9999.000,9999.000
202602170512,   1.437,   2.191,9999.000,9999.000,9999.000,9999.000,9999.000,9999.000,9999.000
202602170518,   1.441,   2.191,9999.000,9999.000,9999.000,9999.000,9999.000,9999.000,9999.000
202602170524,   1.445,   2.200,9999.000,9999.000,9999.000,9999.000,9999.000,9999.000,9999.000
202602170530,   1.448,   2.210,9999.000,9999.000,9999.000,9999.000,9999.000,9999.000,9999.000
202602170536,   1.450,   2.210,9999.000,9999.000,9999.000,9999.000,9999.000,9999.000,9999.000
202602170542,   1.452,   2.210,9999.000,9999.000,9999.000,9999.000,9999.000,9999.000,9999.000
202602170548,   1.452,   2.220,9999.000,9999.000,9999.000,9999.000,9999.000,9999.000,9999.000
202602170554,   1.452,   2.220,9999.000,9999.000,9999.000,9999.000,9999.000,9999.000,9999.000
202602170600,   1.452,   2.220,   0.500,   0.268,   2.220,   0.400,   2.120,   0.500,   2.220
202602170606,   1.450,   2.220,9999.000,9999.000,9999.000,9999.000,9999.000,9999.000,9999.000
202602170612,   1.448,   2.210,9999.000,9999.000,9999.000,9999.000,9999.000,9999.000,9999.000
202602170618,   1.445,   2.210,9999.000,9999.000,9999.000,9999.000,9999.000,9999.000,9999.000
202602170624,   1.441,   2.200,9999.000,9999.000,9999.000,9999.000,9999.000,9999.000,9999.000
202602170630,   1.436,   2.200,9999.000,9999.000,9999.000,9999.000,9999.000,9999.000,9999.000
202602170636,   1.431,   2.191,9999.000,9999.000,9999.000,9999.000,9999.000,9999.000,9999.000
202602170642,   1.424,   2.177,9999.000,9999.000,9999.000,9999.000,9999.000,9999.000,9999.000
202602170648,   1.417,   2.168,9999.000,9999.000,9999.000,9999.000,9999.000,9999.000,9999.000
202602170654,   1.410,   2.158,9999.000,9999.000,9999.000,9999.000,9999.000,9999.000,9999.000
202602170700,   1.401,   2.148,   0.500,   0.247,   2.148,   0.400,   2.048,   0.600,   2.248
202602170706,   1.392,   2.128,9999.000,9999.000,9999.000,9999.000,9999.000,9999.000,9999.000
202602170712,   1.382,   2.118,9999.000,9999.000,9999.000,9999.000,9999.000,9999.000,9999.000
202602170718,   1.371,   2.109,9999.000,9999.000,9999.000,9999.000,9999.000,9999.000,9999.000
202602170724,   1.359,   2.089,9999.000,9999.000,9999.000,9999.000,9999.000,9999.000,9999.000
202602170730,   1.346,   2.069,9999.000,9999.000,9999.000,9999.000,9999.000,9999.000,9999.000
202602170736,   1.333,   2.049,9999.000,9999.000,9999.000,9999.000,9999.000,9999.000,9999.000
202602170742,   1.319,   2.030,9999.000,9999.000,9999.000,9999.000,9999.000,9999.000,9999.000
202602170748,   1.305,   2.010,9999.000,9999.000,9999.000,9999.000,9999.000,9999.000,9999.000
202602170754,   1.289,   1.981,9999.000,9999.000,9999.000,9999.000,9999.000,9999.000,9999.000
202602170800,   1.273,   1.958,   0.500,   0.185,   1.958,   0.500,   1.958,   0.600,   2.058
202602170806,   1.256,   1.928,9999.000,9999.000,9999.000,9999.000,9999.000,9999.000,9999.000
202602170812,   1.239,   1.899,9999.000,9999.000,9999.000,9999.000,9999.000,9999.000,9999.000
202602170818,   1.220,   1.879,9999.000,9999.000,9999.000,9999.000,9999.000,9999.000,9999.000
202602170824,   1.201,   1.849,9999.000,9999.000,9999.000,9999.000,9999.000,9999.000,9999.000
202602170830,   1.182,   1.830,9999.000,9999.000,9999.000,9999.000,9999.000,9999.000,9999.000
202602170836,   1.161,   1.800,9999.000,9999.000,9999.000,9999.000,9999.000,9999.000,9999.000
202602170842,   1.140,   1.758,9999.000,9999.000,9999.000,9999.000,9999.000,9999.000,9999.000
202602170848,   1.118,   1.728,9999.000,9999.000,9999.000,9999.000,9999.000,9999.000,9999.000
202602170854,   1.096,   1.689,9999.000,9999.000,9999.000,9999.000,9999.000,9999.000,9999.000
202602170900,   1.073,   1.659,   0.500,   0.086,   1.659,   0.500,   1.659,   0.600,   1.759
202602170906,   1.049,   1.630,9999.000,9999.000,9999.000,9999.000,9999.000,9999.000,9999.000
202602170912,   1.025,   1.600,9999.000,9999.000,9999.000,9999.000,9999.000,9999.000,9999.000
202602170918,   1.000,   1.557,9999.000,9999.000,9999.000,9999.000,9999.000,9999.000,9999.000
202602170924,   0.975,   1.518,9999.000,9999.000,9999.000,9999.000,9999.000,9999.000,9999.000
202602170930,   0.949,   1.489,9999.000,9999.000,9999.000,9999.000,9999.000,9999.000,9999.000
202602170936,   0.923,   1.459,9999.000,9999.000,9999.000,9999.000,9999.000,9999.000,9999.000
202602170942,   0.896,   1.410,9999.000,9999.000,9999.000,9999.000,9999.000,9999.000,9999.000
202602170948,   0.868,   1.371,9999.000,9999.000,9999.000,9999.000,9999.000,9999.000,9999.000
202602170954,   0.841,   1.338,9999.000,9999.000,9999.000,9999.000,9999.000,9999.000,9999.000
202602171000,   0.812,   1.298,   0.500,  -0.014,   1.298,   0.500,   1.298,   0.500,   1.298
202602171006,   0.784,   1.259,9999.000,9999.000,9999.000,9999.000,9999.000,9999.000,9999.000
202602171012,   0.755,   1.229,9999.000,9999.000,9999.000,9999.000,9999.000,9999.000,9999.000
202602171018,   0.725,   1.190,9999.000,9999.000,9999.000,9999.000,9999.000,9999.000,9999.000
202602171024,   0.696,   1.151,9999.000,9999.000,9999.000,9999.000,9999.000,9999.000,9999.000
202602171030,   0.666,   1.108,9999.000,9999.000,9999.000,9999.000,9999.000,9999.000,9999.000
202602171036,   0.636,   1.079,9999.000,9999.000,9999.000,9999.000,9999.000,9999.000,9999.000
202602171042,   0.606,   1.039,9999.000,9999.000,9999.000,9999.000,9999.000,9999.000,9999.000
202602171048,   0.575,   1.000,9999.000,9999.000,9999.000,9999.000,9999.000,9999.000,9999.000
202602171054,   0.545,   0.970,9999.000,9999.000,9999.000,9999.000,9999.000,9999.000,9999.000
202602171100,   0.514,   0.951,   0.500,  -0.063,   0.951,   0.500,   0.951,   0.500,   0.951
202602171106,   0.483,   0.918,9999.000,9999.000,9999.000,9999.000,9999.000,9999.000,9999.000
202602171112,   0.453,   0.888,9999.000,9999.000,9999.000,9999.000,9999.000,9999.000,9999.000
202602171118,   0.422,   0.849,9999.000,9999.000,9999.000,9999.000,9999.000,9999.000,9999.000
202602171124,   0.392,   0.819,9999.000,9999.000,9999.000,9999.000,9999.000,9999.000,9999.000
202602171130,   0.362,   0.800,9999.000,9999.000,9999.000,9999.000,9999.000,9999.000,9999.000
202602171136,   0.332,   0.780,9999.000,9999.000,9999.000,9999.000,9999.000,9999.000,9999.000
202602171142,   0.302,   0.751,9999.000,9999.000,9999.000,9999.000,9999.000,9999.000,9999.000
202602171148,   0.272,   0.731,9999.000,9999.000,9999.000,9999.000,9999.000,9999.000,9999.000
202602171154,   0.243,   0.718,9999.000,9999.000,9999.000,9999.000,9999.000,9999.000,9999.000
202602171200,   0.215,   0.688,   0.500,  -0.027,   0.688,   0.500,   0.688,   0.500,   0.688
202602171206,   0.186,   0.659,9999.000,9999.000,9999.000,9999.000,9999.000,9999.000,9999.000
202602171212,   0.159,   0.639,9999.000,9999.000,9999.000,9999.000,9999.000,9999.000,9999.000
202602171218,   0.131,   0.610,9999.000,9999.000,9999.000,9999.000,9999.000,9999.000,9999.000
202602171224,   0.105,   0.600,9999.000,9999.000,9999.000,9999.000,9999.000,9999.000,9999.000
202602171230,   0.078,   0.570,9999.000,9999.000,9999.000,9999.000,9999.000,9999.000,9999.000
202602171236,   0.053,   0.551,9999.000,9999.000,9999.000,9999.000,9999.000,9999.000,9999.000
202602171242,   0.028,   0.518,9999.000,9999.000,9999.000,9999.000,9999.000,9999.000,9999.000
202602171248,   0.004,   0.488,9999.000,9999.000,9999.000,9999.000,9999.000,9999.000,9999.000
202602171254,  -0.018,   0.469,9999.000,9999.000,9999.000,9999.000,9999.000,9999.000,9999.000
202602171300,  -0.041,   0.449,   0.500,  -0.010,   0.449,   0.500,   0.449,   0.500,   0.449
202602171306,  -0.062,   0.439,9999.000,9999.000,9999.000,9999.000,9999.000,9999.000,9999.000
202602171312,  -0.083,   0.419,9999.000,9999.000,9999.000,9999.000,9999.000,9999.000,9999.000
202602171318,  -0.103,   0.400,9999.000,9999.000,9999.000,9999.000,9999.000,9999.000,9999.000
202602171324,  -0.122,   0.380,9999.000,9999.000,9999.000,9999.000,9999.000,9999.000,9999.000
202602171330,  -0.140,   0.360,9999.000,9999.000,9999.000,9999.000,9999.000,9999.000,9999.000
202602171336,  -0.157,   0.341,9999.000,9999.000,9999.000,9999.000,9999.000,9999.000,9999.000
202602171342,  -0.173,   0.321,9999.000,9999.000,9999.000,9999.000,9999.000,9999.000,9999.000
202602171348,  -0.189,   0.298,9999.000,9999.000,9999.000,9999.000,9999.000,9999.000,9999.000
202602171354,  -0.203,   0.278,9999.000,9999.000,9999.000,9999.000,9999.000,9999.000,9999.000
202602171400,  -0.216,   0.249,   0.500,  -0.035,   0.249,   0.400,   0.149,   0.500,   0.249
202602171406,  -0.228,   0.229,9999.000,9999.000,9999.000,9999.000,9999.000,9999.000,9999.000
202602171412,  -0.239,   0.209,9999.000,9999.000,9999.000,9999.000,9999.000,9999.000,9999.000
202602171418,  -0.250,   0.190,9999.000,9999.000,9999.000,9999.000,9999.000,9999.000,9999.000
202602171424,  -0.259,   0.180,9999.000,9999.000,9999.000,9999.000,9999.000,9999.000,9999.000
202602171430,  -0.267,   0.170,9999.000,9999.000,9999.000,9999.000,9999.000,9999.000,9999.000
202602171436,  -0.274,   0.150,9999.000,9999.000,9999.000,9999.000,9999.000,9999.000,9999.000
202602171442,  -0.280,   0.141,9999.000,9999.000,9999.000,9999.000,9999.000,9999.000,9999.000
202602171448,  -0.285,   0.131,9999.000,9999.000,9999.000,9999.000,9999.000,9999.000,9999.000
202602171454,  -0.289,   0.121,9999.000,9999.000,9999.000,9999.000,9999.000,9999.000,9999.000
202602171500,  -0.292,   0.098,   0.500,  -0.110,   0.098,   0.400,  -0.002,   0.500,   0.098
202602171506,  -0.294,   0.088,9999.000,9999.000,9999.000,9999.000,9999.000,9999.000,9999.000
202602171512,  -0.296,   0.088,9999.000,9999.000,9999.000,9999.000,9999.000,9999.000,9999.000
202602171518,  -0.296,   0.078,9999.000,9999.000,9999.000,9999.000,9999.000,9999.000,9999.000
202602171524,  -0.295,   0.068,9999.000,9999.000,9999.000,9999.000,9999.000,9999.000,9999.000
202602171530,  -0.293,   0.068,9999.000,9999.000,9999.000,9999.000,9999.000,9999.000,9999.000
202602171536,  -0.291,   0.049,9999.000,9999.000,9999.000,9999.000,9999.000,9999.000,9999.000
202602171542,  -0.288,   0.049,9999.000,9999.000,9999.000,9999.000,9999.000,9999.000,9999.000
202602171548,  -0.283,   0.029,9999.000,9999.000,9999.000,9999.000,9999.000,9999.000,9999.000
202602171554,  -0.278,   0.029,9999.000,9999.000,9999.000,9999.000,9999.000,9999.000,9999.000
202602171600,  -0.272,   0.019,   0.500,  -0.209,   0.019,   0.400,  -0.081,   0.500,   0.019
202602171606,  -0.266,   0.009,9999.000,9999.000,9999.000,9999.000,9999.000,9999.000,9999.000
202602171612,  -0.258,   0.019,9999.000,9999.000,9999.000,9999.000,9999.000,9999.000,9999.000
202602171618,  -0.250,   0.029,9999.000,9999.000,9999.000,9999.000,9999.000,9999.000,9999.000
202602171624,  -0.241,   0.039,9999.000,9999.000,9999.000,9999.000,9999.000,9999.000,9999.000
202602171630,  -0.231,   0.029,9999.000,9999.000,9999.000,9999.000,9999.000,9999.000,9999.000
202602171636,  -0.221,   0.009,9999.000,9999.000,9999.000,9999.000,9999.000,9999.000,9999.000
202602171642,  -0.210,  -0.009,9999.000,9999.000,9999.000,9999.000,9999.000,9999.000,9999.000
202602171648,  -0.198,  -0.009,9999.000,9999.000,9999.000,9999.000,9999.000,9999.000,9999.000
202602171654,  -0.186,  -0.009,9999.000,9999.000,9999.000,9999.000,9999.000,9999.000,9999.000
202602171700,  -0.173,  -0.009,   0.500,  -0.336,  -0.009,   0.500,  -0.009,   0.500,  -0.009
202602171706,  -0.160,   0.000,9999.000,9999.000,9999.000,9999.000,9999.000,9999.000,9999.000
202602171712,  -0.146,   0.009,9999.000,9999.000,9999.000,9999.000,9999.000,9999.000,9999.000
202602171718,  -0.131,   0.009,9999.000,9999.000,9999.000,9999.000,9999.000,9999.000,9999.000
202602171724,  -0.116,   0.029,9999.000,9999.000,9999.000,9999.000,9999.000,9999.000,9999.000
202602171730,  -0.101,   0.049,9999.000,9999.000,9999.000,9999.000,9999.000,9999.000,9999.000
202602171736,  -0.085,   0.068,9999.000,9999.000,9999.000,9999.000,9999.000,9999.000,9999.000
202602171742,  -0.068,   0.088,9999.000,9999.000,9999.000,9999.000,9999.000,9999.000,9999.000
202602171748,  -0.051,   0.121,9999.000,9999.000,9999.000,9999.000,9999.000,9999.000,9999.000
202602171754,  -0.034,   0.141,9999.000,9999.000,9999.000,9999.000,9999.000,9999.000,9999.000
202602171800,  -0.016,   0.150,   0.500,  -0.334,   0.150,   0.500,   0.150,   0.500,   0.150
202602171806,   0.001,   0.160,9999.000,9999.000,9999.000,9999.000,9999.000,9999.000,9999.000
202602171812,   0.019,   0.180,9999.000,9999.000,9999.000,9999.000,9999.000,9999.000,9999.000
202602171818,   0.038,   0.190,9999.000,9999.000,9999.000,9999.000,9999.000,9999.000,9999.000
202602171824,   0.057,   0.219,9999.000,9999.000,9999.000,9999.000,9999.000,9999.000,9999.000
202602171830,   0.077,   0.239,9999.000,9999.000,9999.000,9999.000,9999.000,9999.000,9999.000
202602171836,   0.096,   0.229,9999.000,9999.000,9999.000,9999.000,9999.000,9999.000,9999.000
202602171842,   0.116,   0.259,9999.000,9999.000,9999.000,9999.000,9999.000,9999.000,9999.000
202602171848,   0.136,   0.288,9999.000,9999.000,9999.000,9999.000,9999.000,9999.000,9999.000
202602171854,   0.156,   0.298,9999.000,9999.000,9999.000,9999.000,9999.000,9999.000,9999.000
202602171900,   0.176,   0.321,   0.500,  -0.355,   0.321,   0.500,   0.321,   0.500,   0.321
202602171906,   0.197,   0.341,9999.000,9999.000,9999.000,9999.000,9999.000,9999.000,9999.000
202602171912,   0.217,   0.350,9999.000,9999.000,9999.000,9999.000,9999.000,9999.000,9999.000
202602171918,   0.237,   0.370,9999.000,9999.000,9999.000,9999.000,9999.000,9999.000,9999.000
202602171924,   0.258,   0.370,9999.000,9999.000,9999.000,9999.000,9999.000,9999.000,9999.000
202602171930,   0.278,   0.390,9999.000,9999.000,9999.000,9999.000,9999.000,9999.000,9999.000
202602171936,   0.299,   0.409,9999.000,9999.000,9999.000,9999.000,9999.000,9999.000,9999.000
202602171942,   0.319,   0.409,9999.000,9999.000,9999.000,9999.000,9999.000,9999.000,9999.000
202602171948,   0.339,   0.419,9999.000,9999.000,9999.000,9999.000,9999.000,9999.000,9999.000
202602171954,   0.359,   0.449,9999.000,9999.000,9999.000,9999.000,9999.000,9999.000,9999.000
202602172000,   0.379,   0.478,   0.500,  -0.401,   0.478,   0.500,   0.478,   0.500,   0.478
202602172006,   0.398,   0.508,9999.000,9999.000,9999.000,9999.000,9999.000,9999.000,9999.000
202602172012,   0.417,   0.560,9999.000,9999.000,9999.000,9999.000,9999.000,9999.000,9999.000
202602172018,   0.436,   0.590,9999.000,9999.000,9999.000,9999.000,9999.000,9999.000,9999.000
202602172024,   0.455,   0.649,9999.000,9999.000,9999.000,9999.000,9999.000,9999.000,9999.000
202602172030,   0.473,   0.688,9999.000,9999.000,9999.000,9999.000,9999.000,9999.000,9999.000
202602172036,   0.491,   0.741,9999.000,9999.000,9999.000,9999.000,9999.000,9999.000,9999.000
202602172042,   0.508,   0.770,9999.000,9999.000,9999.000,9999.000,9999.000,9999.000,9999.000
202602172048,   0.525,   0.819,9999.000,9999.000,9999.000,9999.000,9999.000,9999.000,9999.000
202602172054,   0.542,   0.839,9999.000,9999.000,9999.000,9999.000,9999.000,9999.000,9999.000
202602172100,   0.557,   0.879,   0.500,  -0.178,   0.879,   0.500,   0.879,   0.500,   0.879
202602172106,   0.573,   0.898,9999.000,9999.000,9999.000,9999.000,9999.000,9999.000,9999.000
202602172112,   0.588,   0.898,9999.000,9999.000,9999.000,9999.000,9999.000,9999.000,9999.000
202602172118,   0.602,   0.908,9999.000,9999.000,9999.000,9999.000,9999.000,9999.000,9999.000
202602172124,   0.615,   0.928,9999.000,9999.000,9999.000,9999.000,9999.000,9999.000,9999.000
202602172130,   0.628,   0.918,9999.000,9999.000,9999.000,9999.000,9999.000,9999.000,9999.000
202602172136,   0.641,   0.918,9999.000,9999.000,9999.000,9999.000,9999.000,9999.000,9999.000
202602172142,   0.652,   0.918,9999.000,9999.000,9999.000,9999.000,9999.000,9999.000,9999.000
202602172148,   0.663,   0.941,9999.000,9999.000,9999.000,9999.000,9999.000,9999.000,9999.000
202602172154,   0.674,   0.951,9999.000,9999.000,9999.000,9999.000,9999.000,9999.000,9999.000
202602172200,   0.683,   0.980,   0.500,  -0.203,   0.980,   0.500,   0.980,   0.500,   0.980
202602172206,   0.692,   1.000,9999.000,9999.000,9999.000,9999.000,9999.000,9999.000,9999.000
202602172212,   0.701,   1.029,9999.000,9999.000,9999.000,9999.000,9999.000,9999.000,9999.000
202602172218,   0.708,   1.059,9999.000,9999.000,9999.000,9999.000,9999.000,9999.000,9999.000
202602172224,   0.715,   1.108,9999.000,9999.000,9999.000,9999.000,9999.000,9999.000,9999.000
202602172230,   0.722,   1.151,9999.000,9999.000,9999.000,9999.000,9999.000,9999.000,9999.000
202602172236,   0.728,   1.190,9999.000,9999.000,9999.000,9999.000,9999.000,9999.000,9999.000
202602172242,   0.733,   1.229,9999.000,9999.000,9999.000,9999.000,9999.000,9999.000,9999.000
202602172248,   0.737,   1.269,9999.000,9999.000,9999.000,9999.000,9999.000,9999.000,9999.000
202602172254,   0.742,   1.298,9999.000,9999.000,9999.000,9999.000,9999.000,9999.000,9999.000
202602172300,   0.745,   1.338,   0.500,   0.093,   1.338,   0.500,   1.338,   0.600,   1.438
202602172306,   0.748,   1.371,9999.000,9999.000,9999.000,9999.000,9999.000,9999.000,9999.000
202602172312,   0.751,   1.380,9999.000,9999.000,9999.000,9999.000,9999.000,9999.000,9999.000
202602172318,   0.754,   1.410,9999.000,9999.000,9999.000,9999.000,9999.000,9999.000,9999.000
202602172324,   0.755,   1.430,9999.000,9999.000,9999.000,9999.000,9999.000,9999.000,9999.000
202602172330,   0.757,   1.449,9999.000,9999.000,9999.000,9999.000,9999.000,9999.000,9999.000
202602172336,   0.759,   1.439,9999.000,9999.000,9999.000,9999.000,9999.000,9999.000,9999.000
202602172342,   0.760,   1.449,9999.000,9999.000,9999.000,9999.000,9999.000,9999.000,9999.000
202602172348,   0.761,   1.449,9999.000,9999.000,9999.000,9999.000,9999.000,9999.000,9999.000
202602172354,   0.761,   1.380,9999.000,9999.000,9999.000,9999.000,9999.000,9999.000,9999.000
202602180000,   0.762,   1.380,   0.500,   0.118,   1.380,   0.500,   1.380,   0.500,   1.380
202602180006,   0.763,   1.420,9999.000,9999.000,9999.000,9999.000,9999.000,9999.000,9999.000
202602180012,   0.763,   1.410,9999.000,9999.000,9999.000,9999.000,9999.000,9999.000,9999.000
202602180018,   0.764,   1.400,9999.000,9999.000,9999.000,9999.000,9999.000,9999.000,9999.000
202602180024,   0.765,   1.390,9999.000,9999.000,9999.000,9999.000,9999.000,9999.000,9999.000
202602180030,   0.766,   1.380,9999.000,9999.000,9999.000,9999.000,9999.000,9999.000,9999.000
202602180036,   0.767,   1.371,9999.000,9999.000,9999.000,9999.000,9999.000,9999.000,9999.000
202602180042,   0.768,   1.371,9999.000,9999.000,9999.000,9999.000,9999.000,9999.000,9999.000
202602180048,   0.770,   1.371,9999.000,9999.000,9999.000,9999.000,9999.000,9999.000,9999.000
202602180054,   0.772,   1.371,9999.000,9999.000,9999.000,9999.000,9999.000,9999.000,9999.000
202602180100,   0.774,   1.380,   0.500,   0.106,   1.380,   0.500,   1.380,   0.500,   1.380
202602180106,   0.777,   1.380,9999.000,9999.000,9999.000,9999.000,9999.000,9999.000,9999.000
202602180112,   0.780,   1.390,9999.000,9999.000,9999.000,9999.000,9999.000,9999.000,9999.000
202602180118,   0.783,   1.400,9999.000,9999.000,9999.000,9999.000,9999.000,9999.000,9999.000
202602180124,   0.787,   1.410,9999.000,9999.000,9999.000,9999.000,9999.000,9999.000,9999.000
202602180130,   0.791,   1.430,9999.000,9999.000,9999.000,9999.000,9999.000,9999.000,9999.000
202602180136,   0.796,   1.449,9999.000,9999.000,9999.000,9999.000,9999.000,9999.000,9999.000
202602180142,   0.802,   1.469,9999.000,9999.000,9999.000,9999.000,9999.000,9999.000,9999.000
202602180148,   0.807,   1.489,9999.000,9999.000,9999.000,9999.000,9999.000,9999.000,9999.000
202602180154,   0.814,   1.498,9999.000,9999.000,9999.000,9999.000,9999.000,9999.000,9999.000
202602180200,   0.821,   1.518,   0.500,   0.197,   1.518,   0.500,   1.518,   0.500,   1.518
202602180206,   0.828,   1.538,9999.000,9999.000,9999.000,9999.000,9999.000,9999.000,9999.000
202602180212,   0.836,   1.548,9999.000,9999.000,9999.000,9999.000,9999.000,9999.000,9999.000
202602180218,   0.844,   1.571,9999.000,9999.000,9999.000,9999.000,9999.000,9999.000,9999.000
202602180224,   0.853,   1.590,9999.000,9999.000,9999.000,9999.000,9999.000,9999.000,9999.000
202602180230,   0.862,   1.610,9999.000,9999.000,9999.000,9999.000,9999.000,9999.000,9999.000
202602180236,   0.872,   1.610,9999.000,9999.000,9999.000,9999.000,9999.000,9999.000,9999.000
202602180242,   0.883,   1.630,9999.000,9999.000,9999.000,9999.000,9999.000,9999.000,9999.000
202602180248,   0.893,   1.639,9999.000,9999.000,9999.000,9999.000,9999.000,9999.000,9999.000
202602180254,   0.904,   1.659,9999.000,9999.000,9999.000,9999.000,9999.000,9999.000,9999.000
202602180300,   0.916,   1.669,   0.500,   0.253,   1.669,   0.500,   1.669,   0.500,   1.669
202602180306,   0.927,   1.679,9999.000,9999.000,9999.000,9999.000,9999.000,9999.000,9999.000
202602180312,   0.939,   1.689,9999.000,9999.000,9999.000,9999.000,9999.000,9999.000,9999.000
202602180318,   0.952,   1.689,9999.000,9999.000,9999.000,9999.000,9999.000,9999.000,9999.000
202602180324,   0.964,   1.699,9999.000,9999.000,9999.000,9999.000,9999.000,9999.000,9999.000
202602180330,   0.977,   1.708,9999.000,9999.000,9999.000,9999.000,9999.000,9999.000,9999.000
202602180336,   0.990,   1.728,9999.000,9999.000,9999.000,9999.000,9999.000,9999.000,9999.000
202602180342,   1.002,   1.728,9999.000,9999.000,9999.000,9999.000,9999.000,9999.000,9999.000
202602180348,   1.015,   1.748,9999.000,9999.000,9999.000,9999.000,9999.000,9999.000,9999.000
202602180354,   1.028,   1.758,9999.000,9999.000,9999.000,9999.000,9999.000,9999.000,9999.000
202602180400,   1.041,   1.781,   0.500,   0.240,   1.781,   0.500,   1.781,   0.600,   1.881
202602180406,   1.054,   1.810,9999.000,9999.000,9999.000,9999.000,9999.000,9999.000,9999.000
202602180412,   1.067,   1.840,9999.000,9999.000,9999.000,9999.000,9999.000,9999.000,9999.000
202602180418,   1.080,   1.869,9999.000,9999.000,9999.000,9999.000,9999.000,9999.000,9999.000
202602180424,   1.092,   1.899,9999.000,9999.000,9999.000,9999.000,9999.000,9999.000,9999.000
202602180430,   1.104,   1.938,9999.000,9999.000,9999.000,9999.000,9999.000,9999.000,9999.000
202602180436,   1.116,   1.967,9999.000,9999.000,9999.000,9999.000,9999.000,9999.000,9999.000
202602180442,   1.128,   2.000,9999.000,9999.000,9999.000,9999.000,9999.000,9999.000,9999.000
202602180448,   1.139,   2.030,9999.000,9999.000,9999.000,9999.000,9999.000,9999.000,9999.000
202602180454,   1.150,   2.049,9999.000,9999.000,9999.000,9999.000,9999.000,9999.000,9999.000
202602180500,   1.161,   2.069,   0.600,   0.308,   2.069,   0.500,   1.969,   0.600,   2.069
202602180506,   1.171,   2.099,9999.000,9999.000,9999.000,9999.000,9999.000,9999.000,9999.000
202602180512,   1.180,   2.109,9999.000,9999.000,9999.000,9999.000,9999.000,9999.000,9999.000
202602180518,   1.190,   2.128,9999.000,9999.000,9999.000,9999.000,9999.000,9999.000,9999.000
202602180524,   1.198,   2.148,9999.000,9999.000,9999.000,9999.000,9999.000,9999.000,9999.000
202602180530,   1.206,   2.158,9999.000,9999.000,9999.000,9999.000,9999.000,9999.000,9999.000
202602180536,   1.214,   2.168,9999.000,9999.000,9999.000,9999.000,9999.000,9999.000,9999.000
202602180542,   1.221,   2.177,9999.000,9999.000,9999.000,9999.000,9999.000,9999.000,9999.000
202602180548,   1.228,   2.191,9999.000,9999.000,9999.000,9999.000,9999.000,9999.000,9999.000
202602180554,   1.234,9999.000,9999.000,9999.000,9999.000,9999.000,9999.000,9999.000,9999.000
202602180600,   1.239,9999.000,   0.600,   0.281,   2.120,   0.600,   2.120,   0.600,   2.120
202602180606,   1.244,9999.000,9999.000,9999.000,9999.000,9999.000,9999.000,9999.000,9999.000
202602180612,   1.248,9999.000,9999.000,9999.000,9999.000,9999.000,9999.000,9999.000,9999.000
202602180618,   1.252,9999.000,9999.000,9999.000,9999.000,9999.000,9999.000,9999.000,9999.000
202602180624,   1.255,9999.000,9999.000,9999.000,9999.000,9999.000,9999.000,9999.000,9999.000
202602180630,   1.257,9999.000,9999.000,9999.000,9999.000,9999.000,9999.000,9999.000,9999.000
202602180636,   1.259,9999.000,9999.000,9999.000,9999.000,9999.000,9999.000,9999.000,9999.000
202602180642,   1.260,9999.000,9999.000,9999.000,9999.000,9999.000,9999.000,9999.000,9999.000
202602180648,   1.260,9999.000,9999.000,9999.000,9999.000,9999.000,9999.000,9999.000,9999.000
202602180654,   1.260,9999.000,9999.000,9999.000,9999.000,9999.000,9999.000,9999.000,9999.000
202602180700,   1.259,9999.000,   0.600,   0.255,   2.114,   0.600,   2.114,   0.600,   2.114
202602180706,   1.258,9999.000,9999.000,9999.000,9999.000,9999.000,9999.000,9999.000,9999.000
202602180712,   1.256,9999.000,9999.000,9999.000,9999.000,9999.000,9999.000,9999.000,9999.000
202602180718,   1.253,9999.000,9999.000,9999.000,9999.000,9999.000,9999.000,9999.000,9999.000
202602180724,   1.250,9999.000,9999.000,9999.000,9999.000,9999.000,9999.000,9999.000,9999.000
202602180730,   1.246,9999.000,9999.000,9999.000,9999.000,9999.000,9999.000,9999.000,9999.000
202602180736,   1.241,9999.000,9999.000,9999.000,9999.000,9999.000,9999.000,9999.000,9999.000
202602180742,   1.236,9999.000,9999.000,9999.000,9999.000,9999.000,9999.000,9999.000,9999.000
202602180748,   1.230,9999.000,9999.000,9999.000,9999.000,9999.000,9999.000,9999.000,9999.000
202602180754,   1.223,9999.000,9999.000,9999.000,9999.000,9999.000,9999.000,9999.000,9999.000
202602180800,   1.216,9999.000,   0.600,   0.228,   2.044,   0.600,   2.044,   0.700,   2.144
202602180806,   1.208,9999.000,9999.000,9999.000,9999.000,9999.000,9999.000,9999.000,9999.000
202602180812,   1.200,9999.000,9999.000,9999.000,9999.000,9999.000,9999.000,9999.000,9999.000
202602180818,   1.191,9999.000,9999.000,9999.000,9999.000,9999.000,9999.000,9999.000,9999.000
202602180824,   1.181,9999.000,9999.000,9999.000,9999.000,9999.000,9999.000,9999.000,9999.000
202602180830,   1.171,9999.000,9999.000,9999.000,9999.000,9999.000,9999.000,9999.000,9999.000
202602180836,   1.160,9999.000,9999.000,9999.000,9999.000,9999.000,9999.000,9999.000,9999.000
202602180842,   1.148,9999.000,9999.000,9999.000,9999.000,9999.000,9999.000,9999.000,9999.000
202602180848,   1.136,9999.000,9999.000,9999.000,9999.000,9999.000,9999.000,9999.000,9999.000
202602180854,   1.123,9999.000,9999.000,9999.000,9999.000,9999.000,9999.000,9999.000,9999.000
202602180900,   1.109,9999.000,   0.600,   0.202,   1.911,   0.600,   1.911,   0.700,   2.011
202602180906,   1.095,9999.000,9999.000,9999.000,9999.000,9999.000,9999.000,9999.000,9999.000
202602180912,   1.080,9999.000,9999.000,9999.000,9999.000,9999.000,9999.000,9999.000,9999.000
202602180918,   1.064,9999.000,9999.000,9999.000,9999.000,9999.000,9999.000,9999.000,9999.000
202602180924,   1.048,9999.000,9999.000,9999.000,9999.000,9999.000,9999.000,9999.000,9999.000
202602180930,   1.031,9999.000,9999.000,9999.000,9999.000,9999.000,9999.000,9999.000,9999.000
202602180936,   1.013,9999.000,9999.000,9999.000,9999.000,9999.000,9999.000,9999.000,9999.000
202602180942,   0.995,9999.000,9999.000,9999.000,9999.000,9999.000,9999.000,9999.000,9999.000
202602180948,   0.976,9999.000,9999.000,9999.000,9999.000,9999.000,9999.000,9999.000,9999.000
202602180954,   0.956,9999.000,9999.000,9999.000,9999.000,9999.000,9999.000,9999.000,9999.000
202602181000,   0.936,9999.000,   0.700,   0.175,   1.811,   0.600,   1.711,   0.700,   1.811
202602181006,   0.915,9999.000,9999.000,9999.000,9999.000,9999.000,9999.000,9999.000,9999.000
202602181012,   0.894,9999.000,9999.000,9999.000,9999.000,9999.000,9999.000,9999.000,9999.000
202602181018,   0.872,9999.000,9999.000,9999.000,9999.000,9999.000,9999.000,9999.000,9999.000
202602181024,   0.850,9999.000,9999.000,9999.000,9999.000,9999.000,9999.000,9999.000,9999.000
202602181030,   0.827,9999.000,9999.000,9999.000,9999.000,9999.000,9999.000,9999.000,9999.000
202602181036,   0.803,9999.000,9999.000,9999.000,9999.000,9999.000,9999.000,9999.000,9999.000
202602181042,   0.779,9999.000,9999.000,9999.000,9999.000,9999.000,9999.000,9999.000,9999.000
202602181048,   0.755,9999.000,9999.000,9999.000,9999.000,9999.000,9999.000,9999.000,9999.000
202602181054,   0.730,9999.000,9999.000,9999.000,9999.000,9999.000,9999.000,9999.000,9999.000
202602181100,   0.705,9999.000,   0.700,   0.149,   1.554,   0.600,   1.454,   0.700,   1.554
202602181106,   0.680,9999.000,9999.000,9999.000,9999.000,9999.000,9999.000,9999.000,9999.000
202602181112,   0.654,9999.000,9999.000,9999.000,9999.000,9999.000,9999.000,9999.000,9999.000
202602181118,   0.628,9999.000,9999.000,9999.000,9999.000,9999.000,9999.000,9999.000,9999.000
202602181124,   0.602,9999.000,9999.000,9999.000,9999.000,9999.000,9999.000,9999.000,9999.000
202602181130,   0.576,9999.000,9999.000,9999.000,9999.000,9999.000,9999.000,9999.000,9999.000
202602181136,   0.549,9999.000,9999.000,9999.000,9999.000,9999.000,9999.000,9999.000,9999.000
202602181142,   0.523,9999.000,9999.000,9999.000,9999.000,9999.000,9999.000,9999.000,9999.000
202602181148,   0.497,9999.000,9999.000,9999.000,9999.000,9999.000,9999.000,9999.000,9999.000
202602181154,   0.470,9999.000,9999.000,9999.000,9999.000,9999.000,9999.000,9999.000,9999.000
202602181200,   0.444,9999.000,   0.700,   0.122,   1.266,   0.700,   1.266,   0.700,   1.266
202602181206,   0.418,9999.000,9999.000,9999.000,9999.000,9999.000,9999.000,9999.000,9999.000
202602181212,   0.392,9999.000,9999.000,9999.000,9999.000,9999.000,9999.000,9999.000,9999.000
202602181218,   0.367,9999.000,9999.000,9999.000,9999.000,9999.000,9999.000,9999.000,9999.000
202602181224,   0.341,9999.000,9999.000,9999.000,9999.000,9999.000,9999.000,9999.000,9999.000
202602181230,   0.316,9999.000,9999.000,9999.000,9999.000,9999.000,9999.000,9999.000,9999.000
202602181236,   0.292,9999.000,9999.000,9999.000,9999.000,9999.000,9999.000,9999.000,9999.000
202602181242,   0.268,9999.000,9999.000,9999.000,9999.000,9999.000,9999.000,9999.000,9999.000
202602181248,   0.245,9999.000,9999.000,9999.000,9999.000,9999.000,9999.000,9999.000,9999.000
202602181254,   0.222,9999.000,9999.000,9999.000,9999.000,9999.000,9999.000,9999.000,9999.000
202602181300,   0.200,9999.000,   0.700,   0.096,   0.996,   0.700,   0.996,   0.800,   1.096
202602181306,   0.179,9999.000,9999.000,9999.000,9999.000,9999.000,9999.000,9999.000,9999.000
202602181312,   0.158,9999.000,9999.000,9999.000,9999.000,9999.000,9999.000,9999.000,9999.000
202602181318,   0.138,9999.000,9999.000,9999.000,9999.000,9999.000,9999.000,9999.000,9999.000
202602181324,   0.119,9999.000,9999.000,9999.000,9999.000,9999.000,9999.000,9999.000,9999.000
202602181330,   0.101,9999.000,9999.000,9999.000,9999.000,9999.000,9999.000,9999.000,9999.000
202602181336,   0.084,9999.000,9999.000,9999.000,9999.000,9999.000,9999.000,9999.000,9999.000
202602181342,   0.067,9999.000,9999.000,9999.000,9999.000,9999.000,9999.000,9999.000,9999.000
202602181348,   0.052,9999.000,9999.000,9999.000,9999.000,9999.000,9999.000,9999.000,9999.000
202602181354,   0.037,9999.000,9999.000,9999.000,9999.000,9999.000,9999.000,9999.000,9999.000
202602181400,   0.024,9999.000,   0.700,   0.069,   0.793,   0.700,   0.793,   0.800,   0.893
202602181406,   0.012,9999.000,9999.000,9999.000,9999.000,9999.000,9999.000,9999.000,9999.000
202602181412,   0.000,9999.000,9999.000,9999.000,9999.000,9999.000,9999.000,9999.000,9999.000
202602181418,  -0.009,9999.000,9999.000,9999.000,9999.000,9999.000,9999.000,9999.000,9999.000
202602181424,  -0.019,9999.000,9999.000,9999.000,9999.000,9999.000,9999.000,9999.000,9999.000
202602181430,  -0.027,9999.000,9999.000,9999.000,9999.000,9999.000,9999.000,9999.000,9999.000
202602181436,  -0.034,9999.000,9999.000,9999.000,9999.000,9999.000,9999.000,9999.000,9999.000
202602181442,  -0.040,9999.000,9999.000,9999.000,9999.000,9999.000,9999.000,9999.000,9999.000
202602181448,  -0.046,9999.000,9999.000,9999.000,9999.000,9999.000,9999.000,9999.000,9999.000
202602181454,  -0.050,9999.000,9999.000,9999.000,9999.000,9999.000,9999.000,9999.000,9999.000
202602181500,  -0.053,9999.000,   0.700,   0.042,   0.689,   0.700,   0.689,   0.800,   0.789
202602181506,  -0.055,9999.000,9999.000,9999.000,9999.000,9999.000,9999.000,9999.000,9999.000
202602181512,  -0.057,9999.000,9999.000,9999.000,9999.000,9999.000,9999.000,9999.000,9999.000
202602181518,  -0.057,9999.000,9999.000,9999.000,9999.000,9999.000,9999.000,9999.000,9999.000
202602181524,  -0.056,9999.000,9999.000,9999.000,9999.000,9999.000,9999.000,9999.000,9999.000
202602181530,  -0.055,9999.000,9999.000,9999.000,9999.000,9999.000,9999.000,9999.000,9999.000
202602181536,  -0.053,9999.000,9999.000,9999.000,9999.000,9999.000,9999.000,9999.000,9999.000
202602181542,  -0.049,9999.000,9999.000,9999.000,9999.000,9999.000,9999.000,9999.000,9999.000
202602181548,  -0.045,9999.000,9999.000,9999.000,9999.000,9999.000,9999.000,9999.000,9999.000
202602181554,  -0.041,9999.000,9999.000,9999.000,9999.000,9999.000,9999.000,9999.000,9999.000
202602181600,  -0.035,9999.000,   0.700,   0.016,   0.681,   0.700,   0.681,   0.800,   0.781
202602181606,  -0.029,9999.000,9999.000,9999.000,9999.000,9999.000,9999.000,9999.000,9999.000
202602181612,  -0.022,9999.000,9999.000,9999.000,9999.000,9999.000,9999.000,9999.000,9999.000
202602181618,  -0.014,9999.000,9999.000,9999.000,9999.000,9999.000,9999.000,9999.000,9999.000
202602181624,  -0.006,9999.000,9999.000,9999.000,9999.000,9999.000,9999.000,9999.000,9999.000
202602181630,   0.002,9999.000,9999.000,9999.000,9999.000,9999.000,9999.000,9999.000,9999.000
202602181636,   0.011,9999.000,9999.000,9999.000,9999.000,9999.000,9999.000,9999.000,9999.000
202602181642,   0.021,9999.000,9999.000,9999.000,9999.000,9999.000,9999.000,9999.000,9999.000
202602181648,   0.031,9999.000,9999.000,9999.000,9999.000,9999.000,9999.000,9999.000,9999.000
202602181654,   0.042,9999.000,9999.000,9999.000,9999.000,9999.000,9999.000,9999.000,9999.000
202602181700,   0.053,9999.000,   0.700,  -0.011,   0.742,   0.700,   0.742,   0.800,   0.842
202602181706,   0.064,9999.000,9999.000,9999.000,9999.000,9999.000,9999.000,9999.000,9999.000
202602181712,   0.076,9999.000,9999.000,9999.000,9999.000,9999.000,9999.000,9999.000,9999.000
202602181718,   0.089,9999.000,9999.000,9999.000,9999.000,9999.000,9999.000,9999.000,9999.000
202602181724,   0.101,9999.000,9999.000,9999.000,9999.000,9999.000,9999.000,9999.000,9999.000
202602181730,   0.114,9999.000,9999.000,9999.000,9999.000,9999.000,9999.000,9999.000,9999.000
202602181736,   0.128,9999.000,9999.000,9999.000,9999.000,9999.000,9999.000,9999.000,9999.000
202602181742,   0.141,9999.000,9999.000,9999.000,9999.000,9999.000,9999.000,9999.000,9999.000
202602181748,   0.155,9999.000,9999.000,9999.000,9999.000,9999.000,9999.000,9999.000,9999.000
202602181754,   0.169,9999.000,9999.000,9999.000,9999.000,9999.000,9999.000,9999.000,9999.000
202602181800,   0.183,9999.000,   0.800,  -0.011,   0.972,   0.700,   0.872,   0.800,   0.972
202602181806,   0.197,9999.000,9999.000,9999.000,9999.000,9999.000,9999.000,9999.000,9999.000
202602181812,   0.212,9999.000,9999.000,9999.000,9999.000,9999.000,9999.000,9999.000,9999.000
202602181818,   0.227,9999.000,9999.000,9999.000,9999.000,9999.000,9999.000,9999.000,9999.000
202602181824,   0.241,9999.000,9999.000,9999.000,9999.000,9999.000,9999.000,9999.000,9999.000
202602181830,   0.256,9999.000,9999.000,9999.000,9999.000,9999.000,9999.000,9999.000,9999.000
202602181836,   0.271,9999.000,9999.000,9999.000,9999.000,9999.000,9999.000,9999.000,9999.000
202602181842,   0.287,9999.000,9999.000,9999.000,9999.000,9999.000,9999.000,9999.000,9999.000
202602181848,   0.302,9999.000,9999.000,9999.000,9999.000,9999.000,9999.000,9999.000,9999.000
202602181854,   0.317,9999.000,9999.000,9999.000,9999.000,9999.000,9999.000,9999.000,9999.000
202602181900,   0.333,9999.000,   0.800,  -0.011,   1.122,   0.700,   1.022,   0.800,   1.122
202602181906,   0.348,9999.000,9999.000,9999.000,9999.000,9999.000,9999.000,9999.000,9999.000
202602181912,   0.363,9999.000,9999.000,9999.000,9999.000,9999.000,9999.000,9999.000,9999.000
202602181918,   0.379,9999.000,9999.000,9999.000,9999.000,9999.000,9999.000,9999.000,9999.000
202602181924,   0.394,9999.000,9999.000,9999.000,9999.000,9999.000,9999.000,9999.000,9999.000
202602181930,   0.410,9999.000,9999.000,9999.000,9999.000,9999.000,9999.000,9999.000,9999.000
202602181936,   0.425,9999.000,9999.000,9999.000,9999.000,9999.000,9999.000,9999.000,9999.000
202602181942,   0.440,9999.000,9999.000,9999.000,9999.000,9999.000,9999.000,9999.000,9999.000
202602181948,   0.455,9999.000,9999.000,9999.000,9999.000,9999.000,9999.000,9999.000,9999.000
202602181954,   0.470,9999.000,9999.000,9999.000,9999.000,9999.000,9999.000,9999.000,9999.000
202602182000,   0.485,9999.000,   0.800,  -0.011,   1.274,   0.700,   1.174,   0.800,   1.274
202602182006,   0.500,9999.000,9999.000,9999.000,9999.000,9999.000,9999.000,9999.000,9999.000
202602182012,   0.515,9999.000,9999.000,9999.000,9999.000,9999.000,9999.000,9999.000,9999.000
202602182018,   0.529,9999.000,9999.000,9999.000,9999.000,9999.000,9999.000,9999.000,9999.000
202602182024,   0.543,9999.000,9999.000,9999.000,9999.000,9999.000,9999.000,9999.000,9999.000
202602182030,   0.557,9999.000,9999.000,9999.000,9999.000,9999.000,9999.000,9999.000,9999.000
202602182036,   0.570,9999.000,9999.000,9999.000,9999.000,9999.000,9999.000,9999.000,9999.000
202602182042,   0.583,9999.000,9999.000,9999.000,9999.000,9999.000,9999.000,9999.000,9999.000
202602182048,   0.596,9999.000,9999.000,9999.000,9999.000,9999.000,9999.000,9999.000,9999.000
202602182054,   0.608,9999.000,9999.000,9999.000,9999.000,9999.000,9999.000,9999.000,9999.000
202602182100,   0.620,9999.000,   0.800,  -0.011,   1.409,   0.700,   1.309,   0.800,   1.409
202602182106,   0.631,9999.000,9999.000,9999.000,9999.000,9999.000,9999.000,9999.000,9999.000
202602182112,   0.642,9999.000,9999.000,9999.000,9999.000,9999.000,9999.000,9999.000,9999.000
202602182118,   0.652,9999.000,9999.000,9999.000,9999.000,9999.000,9999.000,9999.000,9999.000
202602182124,   0.662,9999.000,9999.000,9999.000,9999.000,9999.000,9999.000,9999.000,9999.000
202602182130,   0.671,9999.000,9999.000,9999.000,9999.000,9999.000,9999.000,9999.000,9999.000
202602182136,   0.680,9999.000,9999.000,9999.000,9999.000,9999.000,9999.000,9999.000,9999.000
202602182142,   0.688,9999.000,9999.000,9999.000,9999.000,9999.000,9999.000,9999.000,9999.000
202602182148,   0.695,9999.000,9999.000,9999.000,9999.000,9999.000,9999.000,9999.000,9999.000
202602182154,   0.701,9999.000,9999.000,9999.000,9999.000,9999.000,9999.000,9999.000,9999.000
202602182200,   0.707,9999.000,   0.800,  -0.011,   1.496,   0.700,   1.396,   0.900,   1.596
202602182206,   0.712,9999.000,9999.000,9999.000,9999.000,9999.000,9999.000,9999.000,9999.000
202602182212,   0.717,9999.000,9999.000,9999.000,9999.000,9999.000,9999.000,9999.000,9999.000
202602182218,   0.721,9999.000,9999.000,9999.000,9999.000,9999.000,9999.000,9999.000,9999.000
202602182224,   0.724,9999.000,9999.000,9999.000,9999.000,9999.000,9999.000,9999.000,9999.000
202602182230,   0.726,9999.000,9999.000,9999.000,9999.000,9999.000,9999.000,9999.000,9999.000
202602182236,   0.727,9999.000,9999.000,9999.000,9999.000,9999.000,9999.000,9999.000,9999.000
202602182242,   0.728,9999.000,9999.000,9999.000,9999.000,9999.000,9999.000,9999.000,9999.000
202602182248,   0.728,9999.000,9999.000,9999.000,9999.000,9999.000,9999.000,9999.000,9999.000
202602182254,   0.728,9999.000,9999.000,9999.000,9999.000,9999.000,9999.000,9999.000,9999.000
202602182300,   0.727,9999.000,   0.800,  -0.011,   1.516,   0.700,   1.416,   0.900,   1.616
202602182306,   0.725,9999.000,9999.000,9999.000,9999.000,9999.000,9999.000,9999.000,9999.000
202602182312,   0.722,9999.000,9999.000,9999.000,9999.000,9999.000,9999.000,9999.000,9999.000
202602182318,   0.719,9999.000,9999.000,9999.000,9999.000,9999.000,9999.000,9999.000,9999.000
202602182324,   0.716,9999.000,9999.000,9999.000,9999.000,9999.000,9999.000,9999.000,9999.000
202602182330,   0.711,9999.000,9999.000,9999.000,9999.000,9999.000,9999.000,9999.000,9999.000
202602182336,   0.707,9999.000,9999.000,9999.000,9999.000,9999.000,9999.000,9999.000,9999.000
202602182342,   0.702,9999.000,9999.000,9999.000,9999.000,9999.000,9999.000,9999.000,9999.000
202602182348,   0.696,9999.000,9999.000,9999.000,9999.000,9999.000,9999.000,9999.000,9999.000
202602182354,   0.690,9999.000,9999.000,9999.000,9999.000,9999.000,9999.000,9999.000,9999.000
202602190000,   0.684,9999.000,   0.800,  -0.011,   1.473,   0.800,   1.473,   0.900,   1.573
202602190006,   0.678,9999.000,9999.000,9999.000,9999.000,9999.000,9999.000,9999.000,9999.000
202602190012,   0.671,9999.000,9999.000,9999.000,9999.000,9999.000,9999.000,9999.000,9999.000
202602190018,   0.664,9999.000,9999.000,9999.000,9999.000,9999.000,9999.000,9999.000,9999.000
202602190024,   0.657,9999.000,9999.000,9999.000,9999.000,9999.000,9999.000,9999.000,9999.000
202602190030,   0.651,9999.000,9999.000,9999.000,9999.000,9999.000,9999.000,9999.000,9999.000
202602190036,   0.644,9999.000,9999.000,9999.000,9999.000,9999.000,9999.000,9999.000,9999.000
202602190042,   0.637,9999.000,9999.000,9999.000,9999.000,9999.000,9999.000,9999.000,9999.000
202602190048,   0.630,9999.000,9999.000,9999.000,9999.000,9999.000,9999.000,9999.000,9999.000
202602190054,   0.624,9999.000,9999.000,9999.000,9999.000,9999.000,9999.000,9999.000,9999.000
202602190100,   0.618,9999.000,   0.800,  -0.011,   1.407,   0.800,   1.407,   0.900,   1.507
202602190106,   0.612,9999.000,9999.000,9999.000,9999.000,9999.000,9999.000,9999.000,9999.000
202602190112,   0.607,9999.000,9999.000,9999.000,9999.000,9999.000,9999.000,9999.000,9999.000
202602190118,   0.602,9999.000,9999.000,9999.000,9999.000,9999.000,9999.000,9999.000,9999.000
202602190124,   0.597,9999.000,9999.000,9999.000,9999.000,9999.000,9999.000,9999.000,9999.000
202602190130,   0.593,9999.000,9999.000,9999.000,9999.000,9999.000,9999.000,9999.000,9999.000
202602190136,   0.589,9999.000,9999.000,9999.000,9999.000,9999.000,9999.000,9999.000,9999.000
202602190142,   0.586,9999.000,9999.000,9999.000,9999.000,9999.000,9999.000,9999.000,9999.000
202602190148,   0.584,9999.000,9999.000,9999.000,9999.000,9999.000,9999.000,9999.000,9999.000
202602190154,   0.582,9999.000,9999.000,9999.000,9999.000,9999.000,9999.000,9999.000,9999.000
202602190200,   0.581,9999.000,   0.800,  -0.011,   1.370,   0.800,   1.370,   0.900,   1.470
202602190206,   0.581,9999.000,9999.000,9999.000,9999.000,9999.000,9999.000,9999.000,9999.000
202602190212,   0.581,9999.000,9999.000,9999.000,9999.000,9999.000,9999.000,9999.000,9999.000
202602190218,   0.582,9999.000,9999.000,9999.000,9999.000,9999.000,9999.000,9999.000,9999.000
202602190224,   0.584,9999.000,9999.000,9999.000,9999.000,9999.000,9999.000,9999.000,9999.000
202602190230,   0.587,9999.000,9999.000,9999.000,9999.000,9999.000,9999.000,9999.000,9999.000
202602190236,   0.590,9999.000,9999.000,9999.000,9999.000,9999.000,9999.000,9999.000,9999.000
202602190242,   0.594,9999.000,9999.000,9999.000,9999.000,9999.000,9999.000,9999.000,9999.000
202602190248,   0.598,9999.000,9999.000,9999.000,9999.000,9999.000,9999.000,9999.000,9999.000
202602190254,   0.604,9999.000,9999.000,9999.000,9999.000,9999.000,9999.000,9999.000,9999.000
202602190300,   0.610,9999.000,   0.800,  -0.011,   1.399,   0.800,   1.399,   0.900,   1.499
202602190306,   0.616,9999.000,9999.000,9999.000,9999.000,9999.000,9999.000,9999.000,9999.000
202602190312,   0.624,9999.000,9999.000,9999.000,9999.000,9999.000,9999.000,9999.000,9999.000
202602190318,   0.632,9999.000,9999.000,9999.000,9999.000,9999.000,9999.000,9999.000,9999.000
202602190324,   0.640,9999.000,9999.000,9999.000,9999.000,9999.000,9999.000,9999.000,9999.000
202602190330,   0.649,9999.000,9999.000,9999.000,9999.000,9999.000,9999.000,9999.000,9999.000
202602190336,   0.659,9999.000,9999.000,9999.000,9999.000,9999.000,9999.000,9999.000,9999.000
202602190342,   0.669,9999.000,9999.000,9999.000,9999.000,9999.000,9999.000,9999.000,9999.000
202602190348,   0.679,9999.000,9999.000,9999.000,9999.000,9999.000,9999.000,9999.000,9999.000
202602190354,   0.690,9999.000,9999.000,9999.000,9999.000,9999.000,9999.000,9999.000,9999.000
202602190400,   0.701,9999.000,   0.800,  -0.011,   1.490,   0.800,   1.490,   0.900,   1.590
202602190406,   0.712,9999.000,9999.000,9999.000,9999.000,9999.000,9999.000,9999.000,9999.000
202602190412,   0.724,9999.000,9999.000,9999.000,9999.000,9999.000,9999.000,9999.000,9999.000
202602190418,   0.736,9999.000,9999.000,9999.000,9999.000,9999.000,9999.000,9999.000,9999.000
202602190424,   0.748,9999.000,9999.000,9999.000,9999.000,9999.000,9999.000,9999.000,9999.000
202602190430,   0.760,9999.000,9999.000,9999.000,9999.000,9999.000,9999.000,9999.000,9999.000
202602190436,   0.772,9999.000,9999.000,9999.000,9999.000,9999.000,9999.000,9999.000,9999.000
202602190442,   0.785,9999.000,9999.000,9999.000,9999.000,9999.000,9999.000,9999.000,9999.000
202602190448,   0.797,9999.000,9999.000,9999.000,9999.000,9999.000,9999.000,9999.000,9999.000
202602190454,   0.809,9999.000,9999.000,9999.000,9999.000,9999.000,9999.000,9999.000,9999.000
202602190500,   0.821,9999.000,   0.800,  -0.011,   1.610,   0.800,   1.610,   0.900,   1.710
202602190506,   0.833,9999.000,9999.000,9999.000,9999.000,9999.000,9999.000,9999.000,9999.000
202602190512,   0.845,9999.000,9999.000,9999.000,9999.000,9999.000,9999.000,9999.000,9999.000
202602190518,   0.857,9999.000,9999.000,9999.000,9999.000,9999.000,9999.000,9999.000,9999.000
202602190524,   0.868,9999.000,9999.000,9999.000,9999.000,9999.000,9999.000,9999.000,9999.000
202602190530,   0.879,9999.000,9999.000,9999.000,9999.000,9999.000,9999.000,9999.000,9999.000
202602190536,   0.890,9999.000,9999.000,9999.000,9999.000,9999.000,9999.000,9999.000,9999.000
202602190542,   0.900,9999.000,9999.000,9999.000,9999.000,9999.000,9999.000,9999.000,9999.000
202602190548,   0.910,9999.000,9999.000,9999.000,9999.000,9999.000,9999.000,9999.000,9999.000
202602190554,   0.920,9999.000,9999.000,9999.000,9999.000,9999.000,9999.000,9999.000,9999.000
202602190600,   0.929,9999.000,   0.800,  -0.011,   1.718,   0.800,   1.718,   0.900,   1.818
202602190606,   0.938,9999.000,9999.000,9999.000,9999.000,9999.000,9999.000,9999.000,9999.000
202602190612,   0.947,9999.000,9999.000,9999.000,9999.000,9999.000,9999.000,9999.000,9999.000
202602190618,   0.955,9999.000,9999.000,9999.000,9999.000,9999.000,9999.000,9999.000,9999.000
202602190624,   0.963,9999.000,9999.000,9999.000,9999.000,9999.000,9999.000,9999.000,9999.000
202602190630,   0.970,9999.000,9999.000,9999.000,9999.000,9999.000,9999.000,9999.000,9999.000
202602190636,   0.977,9999.000,9999.000,9999.000,9999.000,9999.000,9999.000,9999.000,9999.000
202602190642,   0.984,9999.000,9999.000,9999.000,9999.000,9999.000,9999.000,9999.000,9999.000
202602190648,   0.990,9999.000,9999.000,9999.000,9999.000,9999.000,9999.000,9999.000,9999.000
202602190654,   0.996,9999.000,9999.000,9999.000,9999.000,9999.000,9999.000,9999.000,9999.000
202602190700,   1.001,9999.000,   0.800,  -0.011,   1.790,   0.800,   1.790,   0.900,   1.890
202602190706,   1.006,9999.000,9999.000,9999.000,9999.000,9999.000,9999.000,9999.000,9999.000
202602190712,   1.010,9999.000,9999.000,9999.000,9999.000,9999.000,9999.000,9999.000,9999.000
202602190718,   1.014,9999.000,9999.000,9999.000,9999.000,9999.000,9999.000,9999.000,9999.000
202602190724,   1.018,9999.000,9999.000,9999.000,9999.000,9999.000,9999.000,9999.000,9999.000
202602190730,   1.021,9999.000,9999.000,9999.000,9999.000,9999.000,9999.000,9999.000,9999.000
202602190736,   1.023,9999.000,9999.000,9999.000,9999.000,9999.000,9999.000,9999.000,9999.000
202602190742,   1.026,9999.000,9999.000,9999.000,9999.000,9999.000,9999.000,9999.000,9999.000
202602190748,   1.027,9999.000,9999.000,9999.000,9999.000,9999.000,9999.000,9999.000,9999.000
202602190754,   1.029,9999.000,9999.000,9999.000,9999.000,9999.000,9999.000,9999.000,9999.000
202602190800,   1.030,9999.000,   0.900,  -0.011,   1.919,   0.800,   1.819,   0.900,   1.919
202602190806,   1.030,9999.000,9999.000,9999.000,9999.000,9999.000,9999.000,9999.000,9999.000
202602190812,   1.031,9999.000,9999.000,9999.000,9999.000,9999.000,9999.000,9999.000,9999.000
202602190818,   1.030,9999.000,9999.000,9999.000,9999.000,9999.000,9999.000,9999.000,9999.000
202602190824,   1.029,9999.000,9999.000,9999.000,9999.000,9999.000,9999.000,9999.000,9999.000
202602190830,   1.028,9999.000,9999.000,9999.000,9999.000,9999.000,9999.000,9999.000,9999.000
202602190836,   1.027,9999.000,9999.000,9999.000,9999.000,9999.000,9999.000,9999.000,9999.000
202602190842,   1.025,9999.000,9999.000,9999.000,9999.000,9999.000,9999.000,9999.000,9999.000
202602190848,   1.022,9999.000,9999.000,9999.000,9999.000,9999.000,9999.000,9999.000,9999.000
202602190854,   1.019,9999.000,9999.000,9999.000,9999.000,9999.000,9999.000,9999.000,9999.000
202602190900,   1.015,9999.000,   0.900,  -0.011,   1.904,   0.800,   1.804,   0.900,   1.904
202602190906,   1.011,9999.000,9999.000,9999.000,9999.000,9999.000,9999.000,9999.000,9999.000
202602190912,   1.007,9999.000,9999.000,9999.000,9999.000,9999.000,9999.000,9999.000,9999.000
202602190918,   1.002,9999.000,9999.000,9999.000,9999.000,9999.000,9999.000,9999.000,9999.000
202602190924,   0.996,9999.000,9999.000,9999.000,9999.000,9999.000,9999.000,9999.000,9999.000
202602190930,   0.990,9999.000,9999.000,9999.000,9999.000,9999.000,9999.000,9999.000,9999.000
202602190936,   0.983,9999.000,9999.000,9999.000,9999.000,9999.000,9999.000,9999.000,9999.000
202602190942,   0.975,9999.000,9999.000,9999.000,9999.000,9999.000,9999.000,9999.000,9999.000
202602190948,   0.967,9999.000,9999.000,9999.000,9999.000,9999.000,9999.000,9999.000,9999.000
202602190954,   0.959,9999.000,9999.000,9999.000,9999.000,9999.000,9999.000,9999.000,9999.000
202602191000,   0.949,9999.000,   0.900,  -0.011,   1.838,   0.800,   1.738,   0.900,   1.838
202602191006,   0.940,9999.000,9999.000,9999.000,9999.000,9999.000,9999.000,9999.000,9999.000
202602191012,   0.929,9999.000,9999.000,9999.000,9999.000,9999.000,9999.000,9999.000,9999.000
202602191018,   0.918,9999.000,9999.000,9999.000,9999.000,9999.000,9999.000,9999.000,9999.000
202602191024,   0.906,9999.000,9999.000,9999.000,9999.000,9999.000,9999.000,9999.000,9999.000
202602191030,   0.894,9999.000,9999.000,9999.000,9999.000,9999.000,9999.000,9999.000,9999.000
202602191036,   0.881,9999.000,9999.000,9999.000,9999.000,9999.000,9999.000,9999.000,9999.000
202602191042,   0.867,9999.000,9999.000,9999.000,9999.000,9999.000,9999.000,9999.000,9999.000
202602191048,   0.853,9999.000,9999.000,9999.000,9999.000,9999.000,9999.000,9999.000,9999.000
202602191054,   0.838,9999.000,9999.000,9999.000,9999.000,9999.000,9999.000,9999.000,9999.000
202602191100,   0.823,9999.000,   0.900,  -0.011,   1.712,   0.800,   1.612,   1.000,   1.812
202602191106,   0.807,9999.000,9999.000,9999.000,9999.000,9999.000,9999.000,9999.000,9999.000
202602191112,   0.790,9999.000,9999.000,9999.000,9999.000,9999.000,9999.000,9999.000,9999.000
202602191118,   0.773,9999.000,9999.000,9999.000,9999.000,9999.000,9999.000,9999.000,9999.000
202602191124,   0.755,9999.000,9999.000,9999.000,9999.000,9999.000,9999.000,9999.000,9999.000
202602191130,   0.737,9999.000,9999.000,9999.000,9999.000,9999.000,9999.000,9999.000,9999.000
202602191136,   0.719,9999.000,9999.000,9999.000,9999.000,9999.000,9999.000,9999.000,9999.000
202602191142,   0.700,9999.000,9999.000,9999.000,9999.000,9999.000,9999.000,9999.000,9999.000
202602191148,   0.681,9999.000,9999.000,9999.000,9999.000,9999.000,9999.000,9999.000,9999.000
202602191154,   0.661,9999.000,9999.000,9999.000,9999.000,9999.000,9999.000,9999.000,9999.000
202602191200,   0.642,9999.000,   0.900,  -0.011,   1.531,   0.800,   1.431,   1.000,   1.631
202602191206,   0.622,9999.000,9999.000,9999.000,9999.000,9999.000,9999.000,9999.000,9999.000
202602191212,   0.602,9999.000,9999.000,9999.000,9999.000,9999.000,9999.000,9999.000,9999.000
202602191218,   0.582,9999.000,9999.000,9999.000,9999.000,9999.000,9999.000,9999.000,9999.000
202602191224,   0.562,9999.000,9999.000,9999.000,9999.000,9999.000,9999.000,9999.000,9999.000
202602191230,   0.541,9999.000,9999.000,9999.000,9999.000,9999.000,9999.000,9999.000,9999.000
202602191236,   0.521,9999.000,9999.000,9999.000,9999.000,9999.000,9999.000,9999.000,9999.000
202602191242,   0.502,9999.000,9999.000,9999.000,9999.000,9999.000,9999.000,9999.000,9999.000
202602191248,   0.482,9999.000,9999.000,9999.000,9999.000,9999.000,9999.000,9999.000,9999.000
202602191254,   0.463,9999.000,9999.000,9999.000,9999.000,9999.000,9999.000,9999.000,9999.000
202602191300,   0.444,9999.000,   0.900,  -0.011,   1.333,   0.800,   1.233,   1.000,   1.433
202602191306,   0.425,9999.000,9999.000,9999.000,9999.000,9999.000,9999.000,9999.000,9999.000
202602191312,   0.407,9999.000,9999.000,9999.000,9999.000,9999.000,9999.000,9999.000,9999.000
202602191318,   0.389,9999.000,9999.000,9999.000,9999.000,9999.000,9999.000,9999.000,9999.000
202602191324,   0.372,9999.000,9999.000,9999.000,9999.000,9999.000,9999.000,9999.000,9999.000
202602191330,   0.355,9999.000,9999.000,9999.000,9999.000,9999.000,9999.000,9999.000,9999.000
202602191336,   0.340,9999.000,9999.000,9999.000,9999.000,9999.000,9999.000,9999.000,9999.000
202602191342,   0.325,9999.000,9999.000,9999.000,9999.000,9999.000,9999.000,9999.000,9999.000
202602191348,   0.310,9999.000,9999.000,9999.000,9999.000,9999.000,9999.000,9999.000,9999.000
202602191354,   0.297,9999.000,9999.000,9999.000,9999.000,9999.000,9999.000,9999.000,9999.000
202602191400,   0.284,9999.000,   0.900,  -0.011,   1.173,   0.800,   1.073,   1.000,   1.273
202602191406,   0.272,9999.000,9999.000,9999.000,9999.000,9999.000,9999.000,9999.000,9999.000
202602191412,   0.261,9999.000,9999.000,9999.000,9999.000,9999.000,9999.000,9999.000,9999.000
202602191418,   0.251,9999.000,9999.000,9999.000,9999.000,9999.000,9999.000,9999.000,9999.000
202602191424,   0.242,9999.000,9999.000,9999.000,9999.000,9999.000,9999.000,9999.000,9999.000
202602191430,   0.234,9999.000,9999.000,9999.000,9999.000,9999.000,9999.000,9999.000,9999.000
202602191436,   0.227,9999.000,9999.000,9999.000,9999.000,9999.000,9999.000,9999.000,9999.000
202602191442,   0.221,9999.000,9999.000,9999.000,9999.000,9999.000,9999.000,9999.000,9999.000
202602191448,   0.216,9999.000,9999.000,9999.000,9999.000,9999.000,9999.000,9999.000,9999.000
202602191454,   0.212,9999.000,9999.000,9999.000,9999.000,9999.000,9999.000,9999.000,9999.000
202602191500,   0.209,9999.000,   0.900,  -0.011,   1.098,   0.800,   0.998,   1.000,   1.198
202602191506,   0.207,9999.000,9999.000,9999.000,9999.000,9999.000,9999.000,9999.000,9999.000
202602191512,   0.206,9999.000,9999.000,9999.000,9999.000,9999.000,9999.000,9999.000,9999.000
202602191518,   0.206,9999.000,9999.000,9999.000,9999.000,9999.000,9999.000,9999.000,9999.000
202602191524,   0.207,9999.000,9999.000,9999.000,9999.000,9999.000,9999.000,9999.000,9999.000
202602191530,   0.209,9999.000,9999.000,9999.000,9999.000,9999.000,9999.000,9999.000,9999.000
202602191536,   0.212,9999.000,9999.000,9999.000,9999.000,9999.000,9999.000,9999.000,9999.000
202602191542,   0.215,9999.000,9999.000,9999.000,9999.000,9999.000,9999.000,9999.000,9999.000
202602191548,   0.220,9999.000,9999.000,9999.000,9999.000,9999.000,9999.000,9999.000,9999.000
202602191554,   0.225,9999.000,9999.000,9999.000,9999.000,9999.000,9999.000,9999.000,9999.000
202602191600,   0.231,9999.000,   0.900,  -0.011,   1.120,   0.900,   1.120,   1.000,   1.220
202602191606,   0.238,9999.000,9999.000,9999.000,9999.000,9999.000,9999.000,9999.000,9999.000
202602191612,   0.245,9999.000,9999.000,9999.000,9999.000,9999.000,9999.000,9999.000,9999.000
202602191618,   0.253,9999.000,9999.000,9999.000,9999.000,9999.000,9999.000,9999.000,9999.000
202602191624,   0.262,9999.000,9999.000,9999.000,9999.000,9999.000,9999.000,9999.000,9999.000
202602191630,   0.271,9999.000,9999.000,9999.000,9999.000,9999.000,9999.000,9999.000,9999.000
202602191636,   0.281,9999.000,9999.000,9999.000,9999.000,9999.000,9999.000,9999.000,9999.000
202602191642,   0.291,9999.000,9999.000,9999.000,9999.000,9999.000,9999.000,9999.000,9999.000
202602191648,   0.301,9999.000,9999.000,9999.000,9999.000,9999.000,9999.000,9999.000,9999.000
202602191654,   0.312,9999.000,9999.000,9999.000,9999.000,9999.000,9999.000,9999.000,9999.000
202602191700,   0.324,9999.000,   0.900,  -0.011,   1.213,   0.900,   1.213,   1.000,   1.313
202602191706,   0.335,9999.000,9999.000,9999.000,9999.000,9999.000,9999.000,9999.000,9999.000
202602191712,   0.347,9999.000,9999.000,9999.000,9999.000,9999.000,9999.000,9999.000,9999.000
202602191718,   0.359,9999.000,9999.000,9999.000,9999.000,9999.000,9999.000,9999.000,9999.000
202602191724,   0.371,9999.000,9999.000,9999.000,9999.000,9999.000,9999.000,9999.000,9999.000
202602191730,   0.384,9999.000,9999.000,9999.000,9999.000,9999.000,9999.000,9999.000,9999.000
202602191736,   0.396,9999.000,9999.000,9999.000,9999.000,9999.000,9999.000,9999.000,9999.000
202602191742,   0.409,9999.000,9999.000,9999.000,9999.000,9999.000,9999.000,9999.000,9999.000
202602191748,   0.422,9999.000,9999.000,9999.000,9999.000,9999.000,9999.000,9999.000,9999.000
202602191754,   0.434,9999.000,9999.000,9999.000,9999.000,9999.000,9999.000,9999.000,9999.000
202602191800,   0.447,9999.000,   0.900,  -0.011,   1.336,   0.900,   1.336,   1.000,   1.436
202602191806,   0.460,9999.000,9999.000,9999.000,9999.000,9999.000,9999.000,9999.000,9999.000
202602191812,   0.472,9999.000,9999.000,9999.000,9999.000,9999.000,9999.000,9999.000,9999.000
202602191818,   0.485,9999.000,9999.000,9999.000,9999.000,9999.000,9999.000,9999.000,9999.000
202602191824,   0.497,9999.000,9999.000,9999.000,9999.000,9999.000,9999.000,9999.000,9999.000
202602191830,   0.510,9999.000,9999.000,9999.000,9999.000,9999.000,9999.000,9999.000,9999.000
202602191836,   0.522,9999.000,9999.000,9999.000,9999.000,9999.000,9999.000,9999.000,9999.000
202602191842,   0.534,9999.000,9999.000,9999.000,9999.000,9999.000,9999.000,9999.000,9999.000
202602191848,   0.546,9999.000,9999.000,9999.000,9999.000,9999.000,9999.000,9999.000,9999.000
202602191854,   0.558,9999.000,9999.000,9999.000,9999.000,9999.000,9999.000,9999.000,9999.000
202602191900,   0.570,9999.000,   1.000,  -0.011,   1.559,   0.900,   1.459,   1.000,   1.559
202602191906,   0.581,9999.000,9999.000,9999.000,9999.000,9999.000,9999.000,9999.000,9999.000
202602191912,   0.593,9999.000,9999.000,9999.000,9999.000,9999.000,9999.000,9999.000,9999.000
202602191918,   0.604,9999.000,9999.000,9999.000,9999.000,9999.000,9999.000,9999.000,9999.000
202602191924,   0.615,9999.000,9999.000,9999.000,9999.000,9999.000,9999.000,9999.000,9999.000
202602191930,   0.626,9999.000,9999.000,9999.000,9999.000,9999.000,9999.000,9999.000,9999.000
202602191936,   0.637,9999.000,9999.000,9999.000,9999.000,9999.000,9999.000,9999.000,9999.000
202602191942,   0.648,9999.000,9999.000,9999.000,9999.000,9999.000,9999.000,9999.000,9999.000
202602191948,   0.658,9999.000,9999.000,9999.000,9999.000,9999.000,9999.000,9999.000,9999.000
202602191954,   0.668,9999.000,9999.000,9999.000,9999.000,9999.000,9999.000,9999.000,9999.000
202602192000,   0.678,9999.000,   1.000,  -0.011,   1.667,   0.900,   1.567,   1.100,   1.767
202602192006,   0.688,9999.000,9999.000,9999.000,9999.000,9999.000,9999.000,9999.000,9999.000
202602192012,   0.697,9999.000,9999.000,9999.000,9999.000,9999.000,9999.000,9999.000,9999.000
202602192018,   0.706,9999.000,9999.000,9999.000,9999.000,9999.000,9999.000,9999.000,9999.000
202602192024,   0.715,9999.000,9999.000,9999.000,9999.000,9999.000,9999.000,9999.000,9999.000
202602192030,   0.724,9999.000,9999.000,9999.000,9999.000,9999.000,9999.000,9999.000,9999.000
202602192036,   0.732,9999.000,9999.000,9999.000,9999.000,9999.000,9999.000,9999.000,9999.000
202602192042,   0.740,9999.000,9999.000,9999.000,9999.000,9999.000,9999.000,9999.000,9999.000
202602192048,   0.748,9999.000,9999.000,9999.000,9999.000,9999.000,9999.000,9999.000,9999.000
202602192054,   0.755,9999.000,9999.000,9999.000,9999.000,9999.000,9999.000,9999.000,9999.000
202602192100,   0.762,9999.000,   1.000,  -0.011,   1.751,   0.900,   1.651,   1.100,   1.851
202602192106,   0.768,9999.000,9999.000,9999.000,9999.000,9999.000,9999.000,9999.000,9999.000
202602192112,   0.774,9999.000,9999.000,9999.000,9999.000,9999.000,9999.000,9999.000,9999.000
202602192118,   0.780,9999.000,9999.000,9999.000,9999.000,9999.000,9999.000,9999.000,9999.000
202602192124,   0.785,9999.000,9999.000,9999.000,9999.000,9999.000,9999.000,9999.000,9999.000
202602192130,   0.789,9999.000,9999.000,9999.000,9999.000,9999.000,9999.000,9999.000,9999.000
202602192136,   0.793,9999.000,9999.000,9999.000,9999.000,9999.000,9999.000,9999.000,9999.000
202602192142,   0.797,9999.000,9999.000,9999.000,9999.000,9999.000,9999.000,9999.000,9999.000
202602192148,   0.800,9999.000,9999.000,9999.000,9999.000,9999.000,9999.000,9999.000,9999.000
202602192154,   0.802,9999.000,9999.000,9999.000,9999.000,9999.000,9999.000,9999.000,9999.000
202602192200,   0.803,9999.000,   1.000,  -0.011,   1.792,   1.000,   1.792,   1.100,   1.892
202602192206,   0.804,9999.000,9999.000,9999.000,9999.000,9999.000,9999.000,9999.000,9999.000
202602192212,   0.804,9999.000,9999.000,9999.000,9999.000,9999.000,9999.000,9999.000,9999.000
202602192218,   0.804,9999.000,9999.000,9999.000,9999.000,9999.000,9999.000,9999.000,9999.000
202602192224,   0.803,9999.000,9999.000,9999.000,9999.000,9999.000,9999.000,9999.000,9999.000
202602192230,   0.801,9999.000,9999.000,9999.000,9999.000,9999.000,9999.000,9999.000,9999.000
202602192236,   0.798,9999.000,9999.000,9999.000,9999.000,9999.000,9999.000,9999.000,9999.000
202602192242,   0.795,9999.000,9999.000,9999.000,9999.000,9999.000,9999.000,9999.000,9999.000
202602192248,   0.790,9999.000,9999.000,9999.000,9999.000,9999.000,9999.000,9999.000,9999.000
202602192254,   0.785,9999.000,9999.000,9999.000,9999.000,9999.000,9999.000,9999.000,9999.000
202602192300,   0.780,9999.000,   1.000,  -0.011,   1.769,   1.000,   1.769,   1.100,   1.869
202602192306,   0.773,9999.000,9999.000,9999.000,9999.000,9999.000,9999.000,9999.000,9999.000
202602192312,   0.766,9999.000,9999.000,9999.000,9999.000,9999.000,9999.000,9999.000,9999.000
202602192318,   0.758,9999.000,9999.000,9999.000,9999.000,9999.000,9999.000,9999.000,9999.000
202602192324,   0.750,9999.000,9999.000,9999.000,9999.000,9999.000,9999.000,9999.000,9999.000
202602192330,   0.740,9999.000,9999.000,9999.000,9999.000,9999.000,9999.000,9999.000,9999.000
202602192336,   0.730,9999.000,9999.000,9999.000,9999.000,9999.000,9999.000,9999.000,9999.000
202602192342,   0.720,9999.000,9999.000,9999.000,9999.000,9999.000,9999.000,9999.000,9999.000
202602192348,   0.709,9999.000,9999.000,9999.000,9999.000,9999.000,9999.000,9999.000,9999.000
202602192354,   0.697,9999.000,9999.000,9999.000,9999.000,9999.000,9999.000,9999.000,9999.000
202602200000,   0.685,9999.000,   1.100,  -0.011,   1.774,   1.000,   1.674,   1.100,   1.774
202602200006,   0.672,9999.000,9999.000,9999.000,9999.000,9999.000,9999.000,9999.000,9999.000
202602200012,   0.659,9999.000,9999.000,9999.000,9999.000,9999.000,9999.000,9999.000,9999.000
202602200018,   0.645,9999.000,9999.000,9999.000,9999.000,9999.000,9999.000,9999.000,9999.000
202602200024,   0.632,9999.000,9999.000,9999.000,9999.000,9999.000,9999.000,9999.000,9999.000
202602200030,   0.618,9999.000,9999.000,9999.000,9999.000,9999.000,9999.000,9999.000,9999.000
202602200036,   0.603,9999.000,9999.000,9999.000,9999.000,9999.000,9999.000,9999.000,9999.000
202602200042,   0.589,9999.000,9999.000,9999.000,9999.000,9999.000,9999.000,9999.000,9999.000
202602200048,   0.574,9999.000,9999.000,9999.000,9999.000,9999.000,9999.000,9999.000,9999.000
202602200054,   0.560,9999.000,9999.000,9999.000,9999.000,9999.000,9999.000,9999.000,9999.000
202602200100,   0.546,9999.000,   1.100,  -0.011,   1.635,   1.000,   1.535,   1.100,   1.635
202602200106,   0.531,9999.000,9999.000,9999.000,9999.000,9999.000,9999.000,9999.000,9999.000
202602200112,   0.517,9999.000,9999.000,9999.000,9999.000,9999.000,9999.000,9999.000,9999.000
202602200118,   0.503,9999.000,9999.000,9999.000,9999.000,9999.000,9999.000,9999.000,9999.000
202602200124,   0.490,9999.000,9999.000,9999.000,9999.000,9999.000,9999.000,9999.000,9999.000
202602200130,   0.477,9999.000,9999.000,9999.000,9999.000,9999.000,9999.000,9999.000,9999.000
202602200136,   0.464,9999.000,9999.000,9999.000,9999.000,9999.000,9999.000,9999.000,9999.000
202602200142,   0.451,9999.000,9999.000,9999.000,9999.000,9999.000,9999.000,9999.000,9999.000
202602200148,   0.440,9999.000,9999.000,9999.000,9999.000,9999.000,9999.000,9999.000,9999.000
202602200154,   0.429,9999.000,9999.000,9999.000,9999.000,9999.000,9999.000,9999.000,9999.000
202602200200,   0.418,9999.000,   1.100,  -0.011,   1.507,   1.000,   1.407,   1.200,   1.607
202602200206,   0.408,9999.000,9999.000,9999.000,9999.000,9999.000,9999.000,9999.000,9999.000
202602200212,   0.399,9999.000,9999.000,9999.000,9999.000,9999.000,9999.000,9999.000,9999.000
202602200218,   0.391,9999.000,9999.000,9999.000,9999.000,9999.000,9999.000,9999.000,9999.000
202602200224,   0.383,9999.000,9999.000,9999.000,9999.000,9999.000,9999.000,9999.000,9999.000
202602200230,   0.376,9999.000,9999.000,9999.000,9999.000,9999.000,9999.000,9999.000,9999.000
202602200236,   0.371,9999.000,9999.000,9999.000,9999.000,9999.000,9999.000,9999.000,9999.000
202602200242,   0.366,9999.000,9999.000,9999.000,9999.000,9999.000,9999.000,9999.000,9999.000
202602200248,   0.361,9999.000,9999.000,9999.000,9999.000,9999.000,9999.000,9999.000,9999.000
202602200254,   0.358,9999.000,9999.000,9999.000,9999.000,9999.000,9999.000,9999.000,9999.000
202602200300,   0.356,9999.000,   1.100,  -0.011,   1.445,   1.000,   1.345,   1.200,   1.545
202602200306,   0.354,9999.000,9999.000,9999.000,9999.000,9999.000,9999.000,9999.000,9999.000
202602200312,   0.354,9999.000,9999.000,9999.000,9999.000,9999.000,9999.000,9999.000,9999.000
202602200318,   0.354,9999.000,9999.000,9999.000,9999.000,9999.000,9999.000,9999.000,9999.000
202602200324,   0.355,9999.000,9999.000,9999.000,9999.000,9999.000,9999.000,9999.000,9999.000
202602200330,   0.357,9999.000,9999.000,9999.000,9999.000,9999.000,9999.000,9999.000,9999.000
202602200336,   0.360,9999.000,9999.000,9999.000,9999.000,9999.000,9999.000,9999.000,9999.000
202602200342,   0.363,9999.000,9999.000,9999.000,9999.000,9999.000,9999.000,9999.000,9999.000
202602200348,   0.368,9999.000,9999.000,9999.000,9999.000,9999.000,9999.000,9999.000,9999.000
202602200354,   0.373,9999.000,9999.000,9999.000,9999.000,9999.000,9999.000,9999.000,9999.000
202602200400,   0.379,9999.000,   1.100,  -0.011,   1.468,   1.000,   1.368,   1.200,   1.568
202602200406,   0.385,9999.000,9999.000,9999.000,9999.000,9999.000,9999.000,9999.000,9999.000
202602200412,   0.392,9999.000,9999.000,9999.000,9999.000,9999.000,9999.000,9999.000,9999.000
202602200418,   0.400,9999.000,9999.000,9999.000,9999.000,9999.000,9999.000,9999.000,9999.000
202602200424,   0.408,9999.000,9999.000,9999.000,9999.000,9999.000,9999.000,9999.000,9999.000
202602200430,   0.417,9999.000,9999.000,9999.000,9999.000,9999.000,9999.000,9999.000,9999.000
202602200436,   0.426,9999.000,9999.000,9999.000,9999.000,9999.000,9999.000,9999.000,9999.000
202602200442,   0.435,9999.000,9999.000,9999.000,9999.000,9999.000,9999.000,9999.000,9999.000
202602200448,   0.445,9999.000,9999.000,9999.000,9999.000,9999.000,9999.000,9999.000,9999.000
202602200454,   0.455,9999.000,9999.000,9999.000,9999.000,9999.000,9999.000,9999.000,9999.000
202602200500,   0.465,9999.000,   1.100,  -0.011,   1.554,   1.000,   1.454,   1.200,   1.654
202602200506,   0.476,9999.000,9999.000,9999.000,9999.000,9999.000,9999.000,9999.000,9999.000
202602200512,   0.487,9999.000,9999.000,9999.000,9999.000,9999.000,9999.000,9999.000,9999.000
202602200518,   0.497,9999.000,9999.000,9999.000,9999.000,9999.000,9999.000,9999.000,9999.000
202602200524,   0.508,9999.000,9999.000,9999.000,9999.000,9999.000,9999.000,9999.000,9999.000
202602200530,   0.519,9999.000,9999.000,9999.000,9999.000,9999.000,9999.000,9999.000,9999.000
202602200536,   0.530,9999.000,9999.000,9999.000,9999.000,9999.000,9999.000,9999.000,9999.000
202602200542,   0.541,9999.000,9999.000,9999.000,9999.000,9999.000,9999.000,9999.000,9999.000
202602200548,   0.552,9999.000,9999.000,9999.000,9999.000,9999.000,9999.000,9999.000,9999.000
202602200554,   0.562,9999.000,9999.000,9999.000,9999.000,9999.000,9999.000,9999.000,9999.000
202602200600,   0.573,9999.000,   1.100,  -0.011,   1.662,   1.000,   1.562,   1.200,   1.762
202602200606,   0.583,9999.000,9999.000,9999.000,9999.000,9999.000,9999.000,9999.000,9999.000
202602200612,   0.593,9999.000,9999.000,9999.000,9999.000,9999.000,9999.000,9999.000,9999.000
202602200618,   0.603,9999.000,9999.000,9999.000,9999.000,9999.000,9999.000,9999.000,9999.000
202602200624,   0.613,9999.000,9999.000,9999.000,9999.000,9999.000,9999.000,9999.000,9999.000
202602200630,   0.623,9999.000,9999.000,9999.000,9999.000,9999.000,9999.000,9999.000,9999.000
202602200636,   0.632,9999.000,9999.000,9999.000,9999.000,9999.000,9999.000,9999.000,9999.000
202602200642,   0.641,9999.000,9999.000,9999.000,9999.000,9999.000,9999.000,9999.000,9999.000
202602200648,   0.650,9999.000,9999.000,9999.000,9999.000,9999.000,9999.000,9999.000,9999.000
202602200654,   0.659,9999.000,9999.000,9999.000,9999.000,9999.000,9999.000,9999.000,9999.000
202602200700,   0.667,9999.000,   1.100,  -0.011,   1.756,   1.000,   1.656,   1.300,   1.956
202602200706,   0.675,9999.000,9999.000,9999.000,9999.000,9999.000,9999.000,9999.000,9999.000
202602200712,   0.683,9999.000,9999.000,9999.000,9999.000,9999.000,9999.000,9999.000,9999.000
202602200718,   0.691,9999.000,9999.000,9999.000,9999.000,9999.000,9999.000,9999.000,9999.000
202602200724,   0.698,9999.000,9999.000,9999.000,9999.000,9999.000,9999.000,9999.000,9999.000
202602200730,   0.706,9999.000,9999.000,9999.000,9999.000,9999.000,9999.000,9999.000,9999.000
202602200736,   0.713,9999.000,9999.000,9999.000,9999.000,9999.000,9999.000,9999.000,9999.000
202602200742,   0.719,9999.000,9999.000,9999.000,9999.000,9999.000,9999.000,9999.000,9999.000
202602200748,   0.726,9999.000,9999.000,9999.000,9999.000,9999.000,9999.000,9999.000,9999.000
202602200754,   0.733,9999.000,9999.000,9999.000,9999.000,9999.000,9999.000,9999.000,9999.000
202602200800,   0.739,9999.000,   1.100,  -0.011,   1.828,   1.000,   1.728,   1.300,   2.028
202602200806,   0.745,9999.000,9999.000,9999.000,9999.000,9999.000,9999.000,9999.000,9999.000
202602200812,   0.751,9999.000,9999.000,9999.000,9999.000,9999.000,9999.000,9999.000,9999.000
202602200818,   0.756,9999.000,9999.000,9999.000,9999.000,9999.000,9999.000,9999.000,9999.000
202602200824,   0.762,9999.000,9999.000,9999.000,9999.000,9999.000,9999.000,9999.000,9999.000
202602200830,   0.767,9999.000,9999.000,9999.000,9999.000,9999.000,9999.000,9999.000,9999.000
202602200836,   0.772,9999.000,9999.000,9999.000,9999.000,9999.000,9999.000,9999.000,9999.000
202602200842,   0.777,9999.000,9999.000,9999.000,9999.000,9999.000,9999.000,9999.000,9999.000
202602200848,   0.782,9999.000,9999.000,9999.000,9999.000,9999.000,9999.000,9999.000,9999.000
202602200854,   0.786,9999.000,9999.000,9999.000,9999.000,9999.000,9999.000,9999.000,9999.000
202602200900,   0.791,9999.000,   1.200,  -0.011,   1.980,   1.100,   1.880,   1.300,   2.080
202602200906,   0.795,9999.000,9999.000,9999.000,9999.000,9999.000,9999.000,9999.000,9999.000
202602200912,   0.798,9999.000,9999.000,9999.000,9999.000,9999.000,9999.000,9999.000,9999.000
202602200918,   0.802,9999.000,9999.000,9999.000,9999.000,9999.000,9999.000,9999.000,9999.000
202602200924,   0.805,9999.000,9999.000,9999.000,9999.000,9999.000,9999.000,9999.000,9999.000
202602200930,   0.808,9999.000,9999.000,9999.000,9999.000,9999.000,9999.000,9999.000,9999.000
202602200936,   0.811,9999.000,9999.000,9999.000,9999.000,9999.000,9999.000,9999.000,9999.000
202602200942,   0.813,9999.000,9999.000,9999.000,9999.000,9999.000,9999.000,9999.000,9999.000
202602200948,   0.815,9999.000,9999.000,9999.000,9999.000,9999.000,9999.000,9999.000,9999.000
202602200954,   0.817,9999.000,9999.000,9999.000,9999.000,9999.000,9999.000,9999.000,9999.000
202602201000,   0.818,9999.000,   1.100,  -0.011,   1.907,   1.100,   1.907,   1.300,   2.107
202602201006,   0.819,9999.000,9999.000,9999.000,9999.000,9999.000,9999.000,9999.000,9999.000
202602201012,   0.820,9999.000,9999.000,9999.000,9999.000,9999.000,9999.000,9999.000,9999.000
202602201018,   0.820,9999.000,9999.000,9999.000,9999.000,9999.000,9999.000,9999.000,9999.000
202602201024,   0.819,9999.000,9999.000,9999.000,9999.000,9999.000,9999.000,9999.000,9999.000
202602201030,   0.818,9999.000,9999.000,9999.000,9999.000,9999.000,9999.000,9999.000,9999.000
202602201036,   0.816,9999.000,9999.000,9999.000,9999.000,9999.000,9999.000,9999.000,9999.000
202602201042,   0.814,9999.000,9999.000,9999.000,9999.000,9999.000,9999.000,9999.000,9999.000
202602201048,   0.812,9999.000,9999.000,9999.000,9999.000,9999.000,9999.000,9999.000,9999.000
202602201054,   0.808,9999.000,9999.000,9999.000,9999.000,9999.000,9999.000,9999.000,9999.000
202602201100,   0.805,9999.000,   1.100,  -0.011,   1.894,   1.100,   1.894,   1.300,   2.094
202602201106,   0.800,9999.000,9999.000,9999.000,9999.000,9999.000,9999.000,9999.000,9999.000
202602201112,   0.795,9999.000,9999.000,9999.000,9999.000,9999.000,9999.000,9999.000,9999.000
202602201118,   0.790,9999.000,9999.000,9999.000,9999.000,9999.000,9999.000,9999.000,9999.000
202602201124,   0.784,9999.000,9999.000,9999.000,9999.000,9999.000,9999.000,9999.000,9999.000
202602201130,   0.777,9999.000,9999.000,9999.000,9999.000,9999.000,9999.000,9999.000,9999.000
202602201136,   0.770,9999.000,9999.000,9999.000,9999.000,9999.000,9999.000,9999.000,9999.000
202602201142,   0.762,9999.000,9999.000,9999.000,9999.000,9999.000,9999.000,9999.000,9999.000
202602201148,   0.753,9999.000,9999.000,9999.000,9999.000,9999.000,9999.000,9999.000,9999.000
202602201154,   0.745,9999.000,9999.000,9999.000,9999.000,9999.000,9999.000,9999.000,9999.000
202602201200,   0.735,9999.000,   1.100,  -0.011,   1.824,   1.000,   1.724,   1.200,   1.924
202602201206,   0.725,9999.000,9999.000,9999.000,9999.000,9999.000,9999.000,9999.000,9999.000
202602201212,   0.715,9999.000,9999.000,9999.000,9999.000,9999.000,9999.000,9999.000,9999.000
202602201218,   0.704,9999.000,9999.000,9999.000,9999.000,9999.000,9999.000,9999.000,9999.000
202602201224,   0.693,9999.000,9999.000,9999.000,9999.000,9999.000,9999.000,9999.000,9999.000
202602201230,   0.682,9999.000,9999.000,9999.000,9999.000,9999.000,9999.000,9999.000,9999.000
202602201236,   0.670,9999.000,9999.000,9999.000,9999.000,9999.000,9999.000,9999.000,9999.000
202602201242,   0.659,9999.000,9999.000,9999.000,9999.000,9999.000,9999.000,9999.000,9999.000
202602201248,   0.647,9999.000,9999.000,9999.000,9999.000,9999.000,9999.000,9999.000,9999.000
202602201254,   0.635,9999.000,9999.000,9999.000,9999.000,9999.000,9999.000,9999.000,9999.000
202602201300,   0.622,9999.000,   1.100,  -0.011,   1.711,   1.000,   1.611,   1.200,   1.811
202602201306,   0.610,9999.000,9999.000,9999.000,9999.000,9999.000,9999.000,9999.000,9999.000
202602201312,   0.598,9999.000,9999.000,9999.000,9999.000,9999.000,9999.000,9999.000,9999.000
202602201318,   0.586,9999.000,9999.000,9999.000,9999.000,9999.000,9999.000,9999.000,9999.000
202602201324,   0.575,9999.000,9999.000,9999.000,9999.000,9999.000,9999.000,9999.000,9999.000
202602201330,   0.563,9999.000,9999.000,9999.000,9999.000,9999.000,9999.000,9999.000,9999.000
202602201336,   0.552,9999.000,9999.000,9999.000,9999.000,9999.000,9999.000,9999.000,9999.000
202602201342,   0.541,9999.000,9999.000,9999.000,9999.000,9999.000,9999.000,9999.000,9999.000
202602201348,   0.530,9999.000,9999.000,9999.000,9999.000,9999.000,9999.000,9999.000,9999.000
202602201354,   0.520,9999.000,9999.000,9999.000,9999.000,9999.000,9999.000,9999.000,9999.000
202602201400,   0.511,9999.000,   1.100,  -0.011,   1.600,   1.000,   1.500,   1.200,   1.700
202602201406,   0.502,9999.000,9999.000,9999.000,9999.000,9999.000,9999.000,9999.000,9999.000
202602201412,   0.494,9999.000,9999.000,9999.000,9999.000,9999.000,9999.000,9999.000,9999.000
202602201418,   0.486,9999.000,9999.000,9999.000,9999.000,9999.000,9999.000,9999.000,9999.000
202602201424,   0.479,9999.000,9999.000,9999.000,9999.000,9999.000,9999.000,9999.000,9999.000
202602201430,   0.473,9999.000,9999.000,9999.000,9999.000,9999.000,9999.000,9999.000,9999.000
202602201436,   0.467,9999.000,9999.000,9999.000,9999.000,9999.000,9999.000,9999.000,9999.000
202602201442,   0.463,9999.000,9999.000,9999.000,9999.000,9999.000,9999.000,9999.000,9999.000
202602201448,   0.459,9999.000,9999.000,9999.000,9999.000,9999.000,9999.000,9999.000,9999.000
202602201454,   0.456,9999.000,9999.000,9999.000,9999.000,9999.000,9999.000,9999.000,9999.000
202602201500,   0.454,9999.000,   1.100,  -0.011,   1.543,   1.000,   1.443,   1.200,   1.643
202602201506,   0.453,9999.000,9999.000,9999.000,9999.000,9999.000,9999.000,9999.000,9999.000
202602201512,   0.453,9999.000,9999.000,9999.000,9999.000,9999.000,9999.000,9999.000,9999.000
202602201518,   0.454,9999.000,9999.000,9999.000,9999.000,9999.000,9999.000,9999.000,9999.000
202602201524,   0.455,9999.000,9999.000,9999.000,9999.000,9999.000,9999.000,9999.000,9999.000
202602201530,   0.458,9999.000,9999.000,9999.000,9999.000,9999.000,9999.000,9999.000,9999.000
202602201536,   0.461,9999.000,9999.000,9999.000,9999.000,9999.000,9999.000,9999.000,9999.000
202602201542,   0.465,9999.000,9999.000,9999.000,9999.000,9999.000,9999.000,9999.000,9999.000
202602201548,   0.470,9999.000,9999.000,9999.000,9999.000,9999.000,9999.000,9999.000,9999.000
202602201554,   0.476,9999.000,9999.000,9999.000,9999.000,9999.000,9999.000,9999.000,9999.000
202602201600,   0.483,9999.000,   1.100,  -0.011,   1.572,   1.000,   1.472,   1.100,   1.572
202602201606,   0.491,9999.000,9999.000,9999.000,9999.000,9999.000,9999.000,9999.000,9999.000
202602201612,   0.499,9999.000,9999.000,9999.000,9999.000,9999.000,9999.000,9999.000,9999.000
202602201618,   0.508,9999.000,9999.000,9999.000,9999.000,9999.000,9999.000,9999.000,9999.000
202602201624,   0.517,9999.000,9999.000,9999.000,9999.000,9999.000,9999.000,9999.000,9999.000
202602201630,   0.527,9999.000,9999.000,9999.000,9999.000,9999.000,9999.000,9999.000,9999.000
202602201636,   0.538,9999.000,9999.000,9999.000,9999.000,9999.000,9999.000,9999.000,9999.000
202602201642,   0.549,9999.000,9999.000,9999.000,9999.000,9999.000,9999.000,9999.000,9999.000
202602201648,   0.561,9999.000,9999.000,9999.000,9999.000,9999.000,9999.000,9999.000,9999.000
202602201654,   0.573,9999.000,9999.000,9999.000,9999.000,9999.000,9999.000,9999.000,9999.000
202602201700,   0.586,9999.000,   1.100,  -0.011,   1.675,   1.000,   1.575,   1.100,   1.675
202602201706,   0.599,9999.000,9999.000,9999.000,9999.000,9999.000,9999.000,9999.000,9999.000
202602201712,   0.612,9999.000,9999.000,9999.000,9999.000,9999.000,9999.000,9999.000,9999.000
202602201718,   0.625,9999.000,9999.000,9999.000,9999.000,9999.000,9999.000,9999.000,9999.000
202602201724,   0.639,9999.000,9999.000,9999.000,9999.000,9999.000,9999.000,9999.000,9999.000
202602201730,   0.652,9999.000,9999.000,9999.000,9999.000,9999.000,9999.000,9999.000,9999.000
202602201736,   0.666,9999.000,9999.000,9999.000,9999.000,9999.000,9999.000,9999.000,9999.000
202602201742,   0.680,9999.000,9999.000,9999.000,9999.000,9999.000,9999.000,9999.000,9999.000
202602201748,   0.694,9999.000,9999.000,9999.000,9999.000,9999.000,9999.000,9999.000,9999.000
202602201754,   0.707,9999.000,9999.000,9999.000,9999.000,9999.000,9999.000,9999.000,9999.000
202602201800,   0.721,9999.000,   1.000,  -0.011,   1.710,   1.000,   1.710,   1.100,   1.810
202602201806,   0.734,9999.000,9999.000,9999.000,9999.000,9999.000,9999.000,9999.000,9999.000
202602201812,   0.748,9999.000,9999.000,9999.000,9999.000,9999.000,9999.000,9999.000,9999.000
202602201818,   0.761,9999.000,9999.000,9999.000,9999.000,9999.000,9999.000,9999.000,9999.000
202602201824,   0.774,9999.000,9999.000,9999.000,9999.000,9999.000,9999.000,9999.000,9999.000
202602201830,   0.786,9999.000,9999.000,9999.000,9999.000,9999.000,9999.000,9999.000,9999.000
202602201836,   0.799,9999.000,9999.000,9999.000,9999.000,9999.000,9999.000,9999.000,9999.000
202602201842,   0.811,9999.000,9999.000,9999.000,9999.000,9999.000,9999.000,9999.000,9999.000
202602201848,   0.823,9999.000,9999.000,9999.000,9999.000,9999.000,9999.000,9999.000,9999.000
202602201854,   0.834,9999.000,9999.000,9999.000,9999.000,9999.000,9999.000,9999.000,9999.000
202602201900,   0.845,9999.000,   1.000,  -0.011,   1.834,   0.900,   1.734,   1.100,   1.934
202602201906,   0.856,9999.000,9999.000,9999.000,9999.000,9999.000,9999.000,9999.000,9999.000
202602201912,   0.866,9999.000,9999.000,9999.000,9999.000,9999.000,9999.000,9999.000,9999.000
202602201918,   0.876,9999.000,9999.000,9999.000,9999.000,9999.000,9999.000,9999.000,9999.000
202602201924,   0.886,9999.000,9999.000,9999.000,9999.000,9999.000,9999.000,9999.000,9999.000
202602201930,   0.895,9999.000,9999.000,9999.000,9999.000,9999.000,9999.000,9999.000,9999.000
202602201936,   0.904,9999.000,9999.000,9999.000,9999.000,9999.000,9999.000,9999.000,9999.000
202602201942,   0.912,9999.000,9999.000,9999.000,9999.000,9999.000,9999.000,9999.000,9999.000
202602201948,   0.920,9999.000,9999.000,9999.000,9999.000,9999.000,9999.000,9999.000,9999.000
202602201954,   0.927,9999.000,9999.000,9999.000,9999.000,9999.000,9999.000,9999.000,9999.000
202602202000,   0.934,9999.000,   1.000,  -0.011,   1.923,   0.900,   1.823,   1.100,   2.023
202602202006,   0.941,9999.000,9999.000,9999.000,9999.000,9999.000,9999.000,9999.000,9999.000
202602202012,   0.947,9999.000,9999.000,9999.000,9999.000,9999.000,9999.000,9999.000,9999.000
202602202018,   0.953,9999.000,9999.000,9999.000,9999.000,9999.000,9999.000,9999.000,9999.000
202602202024,   0.959,9999.000,9999.000,9999.000,9999.000,9999.000,9999.000,9999.000,9999.000
202602202030,   0.964,9999.000,9999.000,9999.000,9999.000,9999.000,9999.000,9999.000,9999.000
202602202036,   0.968,9999.000,9999.000,9999.000,9999.000,9999.000,9999.000,9999.000,9999.000
202602202042,   0.972,9999.000,9999.000,9999.000,9999.000,9999.000,9999.000,9999.000,9999.000
202602202048,   0.976,9999.000,9999.000,9999.000,9999.000,9999.000,9999.000,9999.000,9999.000
202602202054,   0.979,9999.000,9999.000,9999.000,9999.000,9999.000,9999.000,9999.000,9999.000
202602202100,   0.982,9999.000,   1.000,  -0.011,   1.971,   0.900,   1.871,   1.100,   2.071
202602202106,   0.984,9999.000,9999.000,9999.000,9999.000,9999.000,9999.000,9999.000,9999.000
202602202112,   0.986,9999.000,9999.000,9999.000,9999.000,9999.000,9999.000,9999.000,9999.000
202602202118,   0.987,9999.000,9999.000,9999.000,9999.000,9999.000,9999.000,9999.000,9999.000
202602202124,   0.988,9999.000,9999.000,9999.000,9999.000,9999.000,9999.000,9999.000,9999.000
202602202130,   0.989,9999.000,9999.000,9999.000,9999.000,9999.000,9999.000,9999.000,9999.000
202602202136,   0.988,9999.000,9999.000,9999.000,9999.000,9999.000,9999.000,9999.000,9999.000
202602202142,   0.988,9999.000,9999.000,9999.000,9999.000,9999.000,9999.000,9999.000,9999.000
202602202148,   0.986,9999.000,9999.000,9999.000,9999.000,9999.000,9999.000,9999.000,9999.000
202602202154,   0.984,9999.000,9999.000,9999.000,9999.000,9999.000,9999.000,9999.000,9999.000
202602202200,   0.982,9999.000,   1.000,  -0.011,   1.971,   0.900,   1.871,   1.100,   2.071
202602202206,   0.979,9999.000,9999.000,9999.000,9999.000,9999.000,9999.000,9999.000,9999.000
202602202212,   0.975,9999.000,9999.000,9999.000,9999.000,9999.000,9999.000,9999.000,9999.000
202602202218,   0.970,9999.000,9999.000,9999.000,9999.000,9999.000,9999.000,9999.000,9999.000
202602202224,   0.965,9999.000,9999.000,9999.000,9999.000,9999.000,9999.000,9999.000,9999.000
202602202230,   0.959,9999.000,9999.000,9999.000,9999.000,9999.000,9999.000,9999.000,9999.000
202602202236,   0.953,9999.000,9999.000,9999.000,9999.000,9999.000,9999.000,9999.000,9999.000
202602202242,   0.946,9999.000,9999.000,9999.000,9999.000,9999.000,9999.000,9999.000,9999.000
202602202248,   0.938,9999.000,9999.000,9999.000,9999.000,9999.000,9999.000,9999.000,9999.000
202602202254,   0.929,9999.000,9999.000,9999.000,9999.000,9999.000,9999.000,9999.000,9999.000
202602202300,   0.920,9999.000,   1.000,  -0.011,   1.909,   0.900,   1.809,   1.200,   2.109
202602202306,   0.909,9999.000,9999.000,9999.000,9999.000,9999.000,9999.000,9999.000,9999.000
202602202312,   0.899,9999.000,9999.000,9999.000,9999.000,9999.000,9999.000,9999.000,9999.000
202602202318,   0.887,9999.000,9999.000,9999.000,9999.000,9999.000,9999.000,9999.000,9999.000
202602202324,   0.874,9999.000,9999.000,9999.000,9999.000,9999.000,9999.000,9999.000,9999.000
202602202330,   0.861,9999.000,9999.000,9999.000,9999.000,9999.000,9999.000,9999.000,9999.000
202602202336,   0.847,9999.000,9999.000,9999.000,9999.000,9999.000,9999.000,9999.000,9999.000
202602202342,   0.833,9999.000,9999.000,9999.000,9999.000,9999.000,9999.000,9999.000,9999.000
202602202348,   0.817,9999.000,9999.000,9999.000,9999.000,9999.000,9999.000,9999.000,9999.000
202602202354,   0.801,9999.000,9999.000,9999.000,9999.000,9999.000,9999.000,9999.000,9999.000
202602210000,   0.785,9999.000,   1.000,  -0.011,   1.774,   0.900,   1.674,   1.200,   1.974
202602210006,   0.768,9999.000,9999.000,9999.000,9999.000,9999.000,9999.000,9999.000,9999.000
202602210012,   0.750,9999.000,9999.000,9999.000,9999.000,9999.000,9999.000,9999.000,9999.000
202602210018,   0.731,9999.000,9999.000,9999.000,9999.000,9999.000,9999.000,9999.000,9999.000
202602210024,   0.712,9999.000,9999.000,9999.000,9999.000,9999.000,9999.000,9999.000,9999.000
202602210030,   0.693,9999.000,9999.000,9999.000,9999.000,9999.000,9999.000,9999.000,9999.000
202602210036,   0.673,9999.000,9999.000,9999.000,9999.000,9999.000,9999.000,9999.000,9999.000
202602210042,   0.653,9999.000,9999.000,9999.000,9999.000,9999.000,9999.000,9999.000,9999.000
202602210048,   0.633,9999.000,9999.000,9999.000,9999.000,9999.000,9999.000,9999.000,9999.000
202602210054,   0.612,9999.000,9999.000,9999.000,9999.000,9999.000,9999.000,9999.000,9999.000
202602210100,   0.591,9999.000,   1.000,  -0.011,   1.580,   0.900,   1.480,   1.200,   1.780
202602210106,   0.570,9999.000,9999.000,9999.000,9999.000,9999.000,9999.000,9999.000,9999.000
202602210112,   0.549,9999.000,9999.000,9999.000,9999.000,9999.000,9999.000,9999.000,9999.000
202602210118,   0.527,9999.000,9999.000,9999.000,9999.000,9999.000,9999.000,9999.000,9999.000
202602210124,   0.506,9999.000,9999.000,9999.000,9999.000,9999.000,9999.000,9999.000,9999.000
202602210130,   0.485,9999.000,9999.000,9999.000,9999.000,9999.000,9999.000,9999.000,9999.000
202602210136,   0.464,9999.000,9999.000,9999.000,9999.000,9999.000,9999.000,9999.000,9999.000
202602210142,   0.444,9999.000,9999.000,9999.000,9999.000,9999.000,9999.000,9999.000,9999.000
202602210148,   0.424,9999.000,9999.000,9999.000,9999.000,9999.000,9999.000,9999.000,9999.000
202602210154,   0.404,9999.000,9999.000,9999.000,9999.000,9999.000,9999.000,9999.000,9999.000
202602210200,   0.384,9999.000,   1.000,  -0.011,   1.373,   0.800,   1.173,   1.200,   1.573
202602210206,   0.365,9999.000,9999.000,9999.000,9999.000,9999.000,9999.000,9999.000,9999.000
202602210212,   0.347,9999.000,9999.000,9999.000,9999.000,9999.000,9999.000,9999.000,9999.000
202602210218,   0.329,9999.000,9999.000,9999.000,9999.000,9999.000,9999.000,9999.000,9999.000
202602210224,   0.312,9999.000,9999.000,9999.000,9999.000,9999.000,9999.000,9999.000,9999.000
202602210230,   0.295,9999.000,9999.000,9999.000,9999.000,9999.000,9999.000,9999.000,9999.000
202602210236,   0.279,9999.000,9999.000,9999.000,9999.000,9999.000,9999.000,9999.000,9999.000
202602210242,   0.264,9999.000,9999.000,9999.000,9999.000,9999.000,9999.000,9999.000,9999.000
202602210248,   0.250,9999.000,9999.000,9999.000,9999.000,9999.000,9999.000,9999.000,9999.000
202602210254,   0.237,9999.000,9999.000,9999.000,9999.000,9999.000,9999.000,9999.000,9999.000
202602210300,   0.225,9999.000,   1.000,  -0.011,   1.214,   0.800,   1.014,   1.200,   1.414
202602210306,   0.213,9999.000,9999.000,9999.000,9999.000,9999.000,9999.000,9999.000,9999.000
202602210312,   0.203,9999.000,9999.000,9999.000,9999.000,9999.000,9999.000,9999.000,9999.000
202602210318,   0.193,9999.000,9999.000,9999.000,9999.000,9999.000,9999.000,9999.000,9999.000
202602210324,   0.185,9999.000,9999.000,9999.000,9999.000,9999.000,9999.000,9999.000,9999.000
202602210330,   0.177,9999.000,9999.000,9999.000,9999.000,9999.000,9999.000,9999.000,9999.000
202602210336,   0.170,9999.000,9999.000,9999.000,9999.000,9999.000,9999.000,9999.000,9999.000
202602210342,   0.165,9999.000,9999.000,9999.000,9999.000,9999.000,9999.000,9999.000,9999.000
202602210348,   0.160,9999.000,9999.000,9999.000,9999.000,9999.000,9999.000,9999.000,9999.000
202602210354,   0.156,9999.000,9999.000,9999.000,9999.000,9999.000,9999.000,9999.000,9999.000
202602210400,   0.153,9999.000,   1.000,  -0.011,   1.142,   0.800,   0.942,   1.200,   1.342
202602210406,   0.151,9999.000,9999.000,9999.000,9999.000,9999.000,9999.000,9999.000,9999.000
202602210412,   0.150,9999.000,9999.000,9999.000,9999.000,9999.000,9999.000,9999.000,9999.000
202602210418,   0.150,9999.000,9999.000,9999.000,9999.000,9999.000,9999.000,9999.000,9999.000
202602210424,   0.151,9999.000,9999.000,9999.000,9999.000,9999.000,9999.000,9999.000,9999.000
202602210430,   0.152,9999.000,9999.000,9999.000,9999.000,9999.000,9999.000,9999.000,9999.000
202602210436,   0.154,9999.000,9999.000,9999.000,9999.000,9999.000,9999.000,9999.000,9999.000
202602210442,   0.157,9999.000,9999.000,9999.000,9999.000,9999.000,9999.000,9999.000,9999.000
202602210448,   0.161,9999.000,9999.000,9999.000,9999.000,9999.000,9999.000,9999.000,9999.000
202602210454,   0.165,9999.000,9999.000,9999.000,9999.000,9999.000,9999.000,9999.000,9999.000
202602210500,   0.170,9999.000,   1.000,  -0.011,   1.159,   0.800,   0.959,   1.200,   1.359
202602210506,   0.175,9999.000,9999.000,9999.000,9999.000,9999.000,9999.000,9999.000,9999.000
202602210512,   0.181,9999.000,9999.000,9999.000,9999.000,9999.000,9999.000,9999.000,9999.000
202602210518,   0.187,9999.000,9999.000,9999.000,9999.000,9999.000,9999.000,9999.000,9999.000
202602210524,   0.193,9999.000,9999.000,9999.000,9999.000,9999.000,9999.000,9999.000,9999.000
202602210530,   0.200,9999.000,9999.000,9999.000,9999.000,9999.000,9999.000,9999.000,9999.000
202602210536,   0.207,9999.000,9999.000,9999.000,9999.000,9999.000,9999.000,9999.000,9999.000
202602210542,   0.215,9999.000,9999.000,9999.000,9999.000,9999.000,9999.000,9999.000,9999.000
202602210548,   0.223,9999.000,9999.000,9999.000,9999.000,9999.000,9999.000,9999.000,9999.000
202602210554,   0.231,9999.000,9999.000,9999.000,9999.000,9999.000,9999.000,9999.000,9999.000
202602210600,   0.239,9999.000,   1.000,  -0.011,   1.228,   0.900,   1.128,   1.200,   1.428
202602210606,   0.247,9999.000,9999.000,9999.000,9999.000,9999.000,9999.000,9999.000,9999.000
202602210612,   0.255,9999.000,9999.000,9999.000,9999.000,9999.000,9999.000,9999.000,9999.000
202602210618,   0.263,9999.000,9999.000,9999.000,9999.000,9999.000,9999.000,9999.000,9999.000
202602210624,   0.272,9999.000,9999.000,9999.000,9999.000,9999.000,9999.000,9999.000,9999.000
202602210630,   0.280,9999.000,9999.000,9999.000,9999.000,9999.000,9999.000,9999.000,9999.000
202602210636,   0.289,9999.000,9999.000,9999.000,9999.000,9999.000,9999.000,9999.000,9999.000
202602210642,   0.297,9999.000,9999.000,9999.000,9999.000,9999.000,9999.000,9999.000,9999.000
202602210648,   0.305,9999.000,9999.000,9999.000,9999.000,9999.000,9999.000,9999.000,9999.000
202602210654,   0.313,9999.000,9999.000,9999.000,9999.000,9999.000,9999.000,9999.000,9999.000
202602210700,   0.322,9999.000,   1.000,  -0.011,   1.311,   0.900,   1.211,   1.200,   1.511
202602210706,   0.330,9999.000,9999.000,9999.000,9999.000,9999.000,9999.000,9999.000,9999.000
202602210712,   0.338,9999.000,9999.000,9999.000,9999.000,9999.000,9999.000,9999.000,9999.000
202602210718,   0.346,9999.000,9999.000,9999.000,9999.000,9999.000,9999.000,9999.000,9999.000
202602210724,   0.353,9999.000,9999.000,9999.000,9999.000,9999.000,9999.000,9999.000,9999.000
202602210730,   0.361,9999.000,9999.000,9999.000,9999.000,9999.000,9999.000,9999.000,9999.000
202602210736,   0.369,9999.000,9999.000,9999.000,9999.000,9999.000,9999.000,9999.000,9999.000
202602210742,   0.377,9999.000,9999.000,9999.000,9999.000,9999.000,9999.000,9999.000,9999.000
202602210748,   0.384,9999.000,9999.000,9999.000,9999.000,9999.000,9999.000,9999.000,9999.000
202602210754,   0.392,9999.000,9999.000,9999.000,9999.000,9999.000,9999.000,9999.000,9999.000
202602210800,   0.399,9999.000,   1.000,  -0.011,   1.388,   0.900,   1.288,   1.200,   1.588
202602210806,   0.407,9999.000,9999.000,9999.000,9999.000,9999.000,9999.000,9999.000,9999.000
202602210812,   0.415,9999.000,9999.000,9999.000,9999.000,9999.000,9999.000,9999.000,9999.000
202602210818,   0.422,9999.000,9999.000,9999.000,9999.000,9999.000,9999.000,9999.000,9999.000
202602210824,   0.430,9999.000,9999.000,9999.000,9999.000,9999.000,9999.000,9999.000,9999.000
202602210830,   0.437,9999.000,9999.000,9999.000,9999.000,9999.000,9999.000,9999.000,9999.000
202602210836,   0.445,9999.000,9999.000,9999.000,9999.000,9999.000,9999.000,9999.000,9999.000
202602210842,   0.452,9999.000,9999.000,9999.000,9999.000,9999.000,9999.000,9999.000,9999.000
202602210848,   0.460,9999.000,9999.000,9999.000,9999.000,9999.000,9999.000,9999.000,9999.000
202602210854,   0.468,9999.000,9999.000,9999.000,9999.000,9999.000,9999.000,9999.000,9999.000
202602210900,   0.475,9999.000,   1.000,  -0.011,   1.464,   0.900,   1.364,   1.200,   1.664
202602210906,   0.483,9999.000,9999.000,9999.000,9999.000,9999.000,9999.000,9999.000,9999.000
202602210912,   0.491,9999.000,9999.000,9999.000,9999.000,9999.000,9999.000,9999.000,9999.000
202602210918,   0.499,9999.000,9999.000,9999.000,9999.000,9999.000,9999.000,9999.000,9999.000
202602210924,   0.507,9999.000,9999.000,9999.000,9999.000,9999.000,9999.000,9999.000,9999.000
202602210930,   0.515,9999.000,9999.000,9999.000,9999.000,9999.000,9999.000,9999.000,9999.000
202602210936,   0.523,9999.000,9999.000,9999.000,9999.000,9999.000,9999.000,9999.000,9999.000
202602210942,   0.531,9999.000,9999.000,9999.000,9999.000,9999.000,9999.000,9999.000,9999.000
202602210948,   0.539,9999.000,9999.000,9999.000,9999.000,9999.000,9999.000,9999.000,9999.000
202602210954,   0.547,9999.000,9999.000,9999.000,9999.000,9999.000,9999.000,9999.000,9999.000
202602211000,   0.554,9999.000,   1.000,  -0.011,   1.543,   0.900,   1.443,   1.200,   1.743
202602211006,   0.562,9999.000,9999.000,9999.000,9999.000,9999.000,9999.000,9999.000,9999.000
202602211012,   0.570,9999.000,9999.000,9999.000,9999.000,9999.000,9999.000,9999.000,9999.000
202602211018,   0.577,9999.000,9999.000,9999.000,9999.000,9999.000,9999.000,9999.000,9999.000
202602211024,   0.585,9999.000,9999.000,9999.000,9999.000,9999.000,9999.000,9999.000,9999.000
202602211030,   0.592,9999.000,9999.000,9999.000,9999.000,9999.000,9999.000,9999.000,9999.000
202602211036,   0.599,9999.000,9999.000,9999.000,9999.000,9999.000,9999.000,9999.000,9999.000
202602211042,   0.606,9999.000,9999.000,9999.000,9999.000,9999.000,9999.000,9999.000,9999.000
202602211048,   0.613,9999.000,9999.000,9999.000,9999.000,9999.000,9999.000,9999.000,9999.000
202602211054,   0.619,9999.000,9999.000,9999.000,9999.000,9999.000,9999.000,9999.000,9999.000
202602211100,   0.625,9999.000,   1.000,  -0.011,   1.614,   0.900,   1.514,   1.100,   1.714
202602211106,   0.631,9999.000,9999.000,9999.000,9999.000,9999.000,9999.000,9999.000,9999.000
202602211112,   0.637,9999.000,9999.000,9999.000,9999.000,9999.000,9999.000,9999.000,9999.000
202602211118,   0.642,9999.000,9999.000,9999.000,9999.000,9999.000,9999.000,9999.000,9999.000
202602211124,   0.646,9999.000,9999.000,9999.000,9999.000,9999.000,9999.000,9999.000,9999.000
202602211130,   0.651,9999.000,9999.000,9999.000,9999.000,9999.000,9999.000,9999.000,9999.000
202602211136,   0.654,9999.000,9999.000,9999.000,9999.000,9999.000,9999.000,9999.000,9999.000
202602211142,   0.658,9999.000,9999.000,9999.000,9999.000,9999.000,9999.000,9999.000,9999.000
202602211148,   0.661,9999.000,9999.000,9999.000,9999.000,9999.000,9999.000,9999.000,9999.000
202602211154,   0.663,9999.000,9999.000,9999.000,9999.000,9999.000,9999.000,9999.000,9999.000
202602211200,   0.665,9999.000,   1.000,  -0.011,   1.654,   0.900,   1.554,   1.100,   1.754
202602211206,   0.667,9999.000,9999.000,9999.000,9999.000,9999.000,9999.000,9999.000,9999.000
202602211212,   0.668,9999.000,9999.000,9999.000,9999.000,9999.000,9999.000,9999.000,9999.000
202602211218,   0.669,9999.000,9999.000,9999.000,9999.000,9999.000,9999.000,9999.000,9999.000
202602211224,   0.669,9999.000,9999.000,9999.000,9999.000,9999.000,9999.000,9999.000,9999.000
202602211230,   0.669,9999.000,9999.000,9999.000,9999.000,9999.000,9999.000,9999.000,9999.000
202602211236,   0.669,9999.000,9999.000,9999.000,9999.000,9999.000,9999.000,9999.000,9999.000
202602211242,   0.668,9999.000,9999.000,9999.000,9999.000,9999.000,9999.000,9999.000,9999.000
202602211248,   0.666,9999.000,9999.000,9999.000,9999.000,9999.000,9999.000,9999.000,9999.000
202602211254,   0.665,9999.000,9999.000,9999.000,9999.000,9999.000,9999.000,9999.000,9999.000
202602211300,   0.663,9999.000,   1.000,  -0.011,   1.652,   0.900,   1.552,   1.100,   1.752
202602211306,   0.660,9999.000,9999.000,9999.000,9999.000,9999.000,9999.000,9999.000,9999.000
202602211312,   0.658,9999.000,9999.000,9999.000,9999.000,9999.000,9999.000,9999.000,9999.000
202602211318,   0.655,9999.000,9999.000,9999.000,9999.000,9999.000,9999.000,9999.000,9999.000
202602211324,   0.652,9999.000,9999.000,9999.000,9999.000,9999.000,9999.000,9999.000,9999.000
202602211330,   0.649,9999.000,9999.000,9999.000,9999.000,9999.000,9999.000,9999.000,9999.000
202602211336,   0.646,9999.000,9999.000,9999.000,9999.000,9999.000,9999.000,9999.000,9999.000
202602211342,   0.643,9999.000,9999.000,9999.000,9999.000,9999.000,9999.000,9999.000,9999.000
202602211348,   0.640,9999.000,9999.000,9999.000,9999.000,9999.000,9999.000,9999.000,9999.000
202602211354,   0.637,9999.000,9999.000,9999.000,9999.000,9999.000,9999.000,9999.000,9999.000
202602211400,   0.635,9999.000,   1.000,  -0.011,   1.624,   0.900,   1.524,   1.100,   1.724
202602211406,   0.632,9999.000,9999.000,9999.000,9999.000,9999.000,9999.000,9999.000,9999.000
202602211412,   0.630,9999.000,9999.000,9999.000,9999.000,9999.000,9999.000,9999.000,9999.000
202602211418,   0.628,9999.000,9999.000,9999.000,9999.000,9999.000,9999.000,9999.000,9999.000
202602211424,   0.626,9999.000,9999.000,9999.000,9999.000,9999.000,9999.000,9999.000,9999.000
202602211430,   0.624,9999.000,9999.000,9999.000,9999.000,9999.000,9999.000,9999.000,9999.000
202602211436,   0.623,9999.000,9999.000,9999.000,9999.000,9999.000,9999.000,9999.000,9999.000
202602211442,   0.623,9999.000,9999.000,9999.000,9999.000,9999.000,9999.000,9999.000,9999.000
202602211448,   0.623,9999.000,9999.000,9999.000,9999.000,9999.000,9999.000,9999.000,9999.000
202602211454,   0.623,9999.000,9999.000,9999.000,9999.000,9999.000,9999.000,9999.000,9999.000
202602211500,   0.624,9999.000,   1.000,  -0.011,   1.613,   0.900,   1.513,   1.100,   1.713
202602211506,   0.626,9999.000,9999.000,9999.000,9999.000,9999.000,9999.000,9999.000,9999.000
202602211512,   0.628,9999.000,9999.000,9999.000,9999.000,9999.000,9999.000,9999.000,9999.000
202602211518,   0.631,9999.000,9999.000,9999.000,9999.000,9999.000,9999.000,9999.000,9999.000
202602211524,   0.635,9999.000,9999.000,9999.000,9999.000,9999.000,9999.000,9999.000,9999.000
202602211530,   0.640,9999.000,9999.000,9999.000,9999.000,9999.000,9999.000,9999.000,9999.000
202602211536,   0.645,9999.000,9999.000,9999.000,9999.000,9999.000,9999.000,9999.000,9999.000
202602211542,   0.650,9999.000,9999.000,9999.000,9999.000,9999.000,9999.000,9999.000,9999.000
202602211548,   0.657,9999.000,9999.000,9999.000,9999.000,9999.000,9999.000,9999.000,9999.000
202602211554,   0.664,9999.000,9999.000,9999.000,9999.000,9999.000,9999.000,9999.000,9999.000
202602211600,   0.672,9999.000,   1.000,  -0.011,   1.661,   0.900,   1.561,   1.000,   1.661
202602211606,   0.681,9999.000,9999.000,9999.000,9999.000,9999.000,9999.000,9999.000,9999.000
202602211612,   0.690,9999.000,9999.000,9999.000,9999.000,9999.000,9999.000,9999.000,9999.000
202602211618,   0.700,9999.000,9999.000,9999.000,9999.000,9999.000,9999.000,9999.000,9999.000
202602211624,   0.711,9999.000,9999.000,9999.000,9999.000,9999.000,9999.000,9999.000,9999.000
202602211630,   0.723,9999.000,9999.000,9999.000,9999.000,9999.000,9999.000,9999.000,9999.000
202602211636,   0.734,9999.000,9999.000,9999.000,9999.000,9999.000,9999.000,9999.000,9999.000
202602211642,   0.747,9999.000,9999.000,9999.000,9999.000,9999.000,9999.000,9999.000,9999.000
202602211648,   0.760,9999.000,9999.000,9999.000,9999.000,9999.000,9999.000,9999.000,9999.000
202602211654,   0.774,9999.000,9999.000,9999.000,9999.000,9999.000,9999.000,9999.000,9999.000
202602211700,   0.788,9999.000,   0.900,  -0.011,   1.677,   0.800,   1.577,   1.000,   1.777
202602211706,   0.802,9999.000,9999.000,9999.000,9999.000,9999.000,9999.000,9999.000,9999.000
202602211712,   0.817,9999.000,9999.000,9999.000,9999.000,9999.000,9999.000,9999.000,9999.000
202602211718,   0.832,9999.000,9999.000,9999.000,9999.000,9999.000,9999.000,9999.000,9999.000
202602211724,   0.847,9999.000,9999.000,9999.000,9999.000,9999.000,9999.000,9999.000,9999.000
202602211730,   0.863,9999.000,9999.000,9999.000,9999.000,9999.000,9999.000,9999.000,9999.000
202602211736,   0.879,9999.000,9999.000,9999.000,9999.000,9999.000,9999.000,9999.000,9999.000
202602211742,   0.895,9999.000,9999.000,9999.000,9999.000,9999.000,9999.000,9999.000,9999.000
202602211748,   0.911,9999.000,9999.000,9999.000,9999.000,9999.000,9999.000,9999.000,9999.000
202602211754,   0.927,9999.000,9999.000,9999.000,9999.000,9999.000,9999.000,9999.000,9999.000
202602211800,   0.943,9999.000,   0.900,  -0.011,   1.832,   0.800,   1.732,   1.000,   1.932
202602211806,   0.959,9999.000,9999.000,9999.000,9999.000,9999.000,9999.000,9999.000,9999.000
202602211812,   0.975,9999.000,9999.000,9999.000,9999.000,9999.000,9999.000,9999.000,9999.000
202602211818,   0.990,9999.000,9999.000,9999.000,9999.000,9999.000,9999.000,9999.000,9999.000
202602211824,   1.006,9999.000,9999.000,9999.000,9999.000,9999.000,9999.000,9999.000,9999.000
202602211830,   1.021,9999.000,9999.000,9999.000,9999.000,9999.000,9999.000,9999.000,9999.000
202602211836,   1.036,9999.000,9999.000,9999.000,9999.000,9999.000,9999.000,9999.000,9999.000
202602211842,   1.050,9999.000,9999.000,9999.000,9999.000,9999.000,9999.000,9999.000,9999.000
202602211848,   1.065,9999.000,9999.000,9999.000,9999.000,9999.000,9999.000,9999.000,9999.000
202602211854,   1.079,9999.000,9999.000,9999.000,9999.000,9999.000,9999.000,9999.000,9999.000
202602211900,   1.092,9999.000,   0.900,  -0.011,   1.981,   0.800,   1.881,   1.000,   2.081
202602211906,   1.105,9999.000,9999.000,9999.000,9999.000,9999.000,9999.000,9999.000,9999.000
202602211912,   1.117,9999.000,9999.000,9999.000,9999.000,9999.000,9999.000,9999.000,9999.000
202602211918,   1.129,9999.000,9999.000,9999.000,9999.000,9999.000,9999.000,9999.000,9999.000
202602211924,   1.141,9999.000,9999.000,9999.000,9999.000,9999.000,9999.000,9999.000,9999.000
202602211930,   1.152,9999.000,9999.000,9999.000,9999.000,9999.000,9999.000,9999.000,9999.000
202602211936,   1.162,9999.000,9999.000,9999.000,9999.000,9999.000,9999.000,9999.000,9999.000
202602211942,   1.172,9999.000,9999.000,9999.000,9999.000,9999.000,9999.000,9999.000,9999.000
202602211948,   1.181,9999.000,9999.000,9999.000,9999.000,9999.000,9999.000,9999.000,9999.000
202602211954,   1.190,9999.000,9999.000,9999.000,9999.000,9999.000,9999.000,9999.000,9999.000
202602212000,   1.198,9999.000,   0.900,  -0.011,   2.087,   0.800,   1.987,   1.000,   2.187
202602212006,   1.205,9999.000,9999.000,9999.000,9999.000,9999.000,9999.000,9999.000,9999.000
202602212012,   1.212,9999.000,9999.000,9999.000,9999.000,9999.000,9999.000,9999.000,9999.000
202602212018,   1.218,9999.000,9999.000,9999.000,9999.000,9999.000,9999.000,9999.000,9999.000
202602212024,   1.224,9999.000,9999.000,9999.000,9999.000,9999.000,9999.000,9999.000,9999.000
202602212030,   1.229,9999.000,9999.000,9999.000,9999.000,9999.000,9999.000,9999.000,9999.000
202602212036,   1.233,9999.000,9999.000,9999.000,9999.000,9999.000,9999.000,9999.000,9999.000
202602212042,   1.237,9999.000,9999.000,9999.000,9999.000,9999.000,9999.000,9999.000,9999.000
202602212048,   1.240,9999.000,9999.000,9999.000,9999.000,9999.000,9999.000,9999.000,9999.000
202602212054,   1.242,9999.000,9999.000,9999.000,9999.000,9999.000,9999.000,9999.000,9999.000
202602212100,   1.244,9999.000,   0.900,  -0.011,   2.133,   0.800,   2.033,   1.000,   2.233
202602212106,   1.245,9999.000,9999.000,9999.000,9999.000,9999.000,9999.000,9999.000,9999.000
202602212112,   1.245,9999.000,9999.000,9999.000,9999.000,9999.000,9999.000,9999.000,9999.000
202602212118,   1.245,9999.000,9999.000,9999.000,9999.000,9999.000,9999.000,9999.000,9999.000
202602212124,   1.245,9999.000,9999.000,9999.000,9999.000,9999.000,9999.000,9999.000,9999.000
202602212130,   1.243,9999.000,9999.000,9999.000,9999.000,9999.000,9999.000,9999.000,9999.000
202602212136,   1.241,9999.000,9999.000,9999.000,9999.000,9999.000,9999.000,9999.000,9999.000
202602212142,   1.238,9999.000,9999.000,9999.000,9999.000,9999.000,9999.000,9999.000,9999.000
202602212148,   1.235,9999.000,9999.000,9999.000,9999.000,9999.000,9999.000,9999.000,9999.000
202602212154,   1.231,9999.000,9999.000,9999.000,9999.000,9999.000,9999.000,9999.000,9999.000
202602212200,   1.226,9999.000,   0.900,  -0.011,   2.115,   0.800,   2.015,   1.000,   2.215
202602212206,   1.221,9999.000,9999.000,9999.000,9999.000,9999.000,9999.000,9999.000,9999.000
202602212212,   1.215,9999.000,9999.000,9999.000,9999.000,9999.000,9999.000,9999.000,9999.000
202602212218,   1.209,9999.000,9999.000,9999.000,9999.000,9999.000,9999.000,9999.000,9999.000
202602212224,   1.201,9999.000,9999.000,9999.000,9999.000,9999.000,9999.000,9999.000,9999.000
202602212230,   1.193,9999.000,9999.000,9999.000,9999.000,9999.000,9999.000,9999.000,9999.000
202602212236,   1.184,9999.000,9999.000,9999.000,9999.000,9999.000,9999.000,9999.000,9999.000
202602212242,   1.175,9999.000,9999.000,9999.000,9999.000,9999.000,9999.000,9999.000,9999.000
202602212248,   1.165,9999.000,9999.000,9999.000,9999.000,9999.000,9999.000,9999.000,9999.000
202602212254,   1.154,9999.000,9999.000,9999.000,9999.000,9999.000,9999.000,9999.000,9999.000
202602212300,   1.142,9999.000,   0.900,  -0.011,   2.031,   0.800,   1.931,   1.000,   2.131
202602212306,   1.130,9999.000,9999.000,9999.000,9999.000,9999.000,9999.000,9999.000,9999.000
202602212312,   1.117,9999.000,9999.000,9999.000,9999.000,9999.000,9999.000,9999.000,9999.000
202602212318,   1.103,9999.000,9999.000,9999.000,9999.000,9999.000,9999.000,9999.000,9999.000
202602212324,   1.088,9999.000,9999.000,9999.000,9999.000,9999.000,9999.000,9999.000,9999.000
202602212330,   1.073,9999.000,9999.000,9999.000,9999.000,9999.000,9999.000,9999.000,9999.000
202602212336,   1.057,9999.000,9999.000,9999.000,9999.000,9999.000,9999.000,9999.000,9999.000
202602212342,   1.040,9999.000,9999.000,9999.000,9999.000,9999.000,9999.000,9999.000,9999.000
202602212348,   1.023,9999.000,9999.000,9999.000,9999.000,9999.000,9999.000,9999.000,9999.000
202602212354,   1.005,9999.000,9999.000,9999.000,9999.000,9999.000,9999.000,9999.000,9999.000
202602220000,   0.986,9999.000,   0.900,  -0.011,   1.875,   0.800,   1.775,   1.000,   1.975
202602220006,   0.966,9999.000,9999.000,9999.000,9999.000,9999.000,9999.000,9999.000,9999.000
202602220012,   0.946,9999.000,9999.000,9999.000,9999.000,9999.000,9999.000,9999.000,9999.000
202602220018,   0.925,9999.000,9999.000,9999.000,9999.000,9999.000,9999.000,9999.000,9999.000
202602220024,   0.903,9999.000,9999.000,9999.000,9999.000,9999.000,9999.000,9999.000,9999.000
202602220030,   0.881,9999.000,9999.000,9999.000,9999.000,9999.000,9999.000,9999.000,9999.000
202602220036,   0.860,9999.000,9999.000,9999.000,9999.000,9999.000,9999.000,9999.000,9999.000
202602220042,   0.835,9999.000,9999.000,9999.000,9999.000,9999.000,9999.000,9999.000,9999.000
202602220048,   0.812,9999.000,9999.000,9999.000,9999.000,9999.000,9999.000,9999.000,9999.000
202602220054,   0.787,9999.000,9999.000,9999.000,9999.000,9999.000,9999.000,9999.000,9999.000
202602220100,   0.763,9999.000,   0.900,  -0.011,   1.652,   0.700,   1.452,   1.000,   1.752
202602220106,   0.738,9999.000,9999.000,9999.000,9999.000,9999.000,9999.000,9999.000,9999.000
202602220112,   0.713,9999.000,9999.000,9999.000,9999.000,9999.000,9999.000,9999.000,9999.000
202602220118,   0.687,9999.000,9999.000,9999.000,9999.000,9999.000,9999.000,9999.000,9999.000
202602220124,   0.662,9999.000,9999.000,9999.000,9999.000,9999.000,9999.000,9999.000,9999.000
202602220130,   0.636,9999.000,9999.000,9999.000,9999.000,9999.000,9999.000,9999.000,9999.000
202602220136,   0.610,9999.000,9999.000,9999.000,9999.000,9999.000,9999.000,9999.000,9999.000
202602220142,   0.584,9999.000,9999.000,9999.000,9999.000,9999.000,9999.000,9999.000,9999.000
202602220148,   0.558,9999.000,9999.000,9999.000,9999.000,9999.000,9999.000,9999.000,9999.000
202602220154,   0.532,9999.000,9999.000,9999.000,9999.000,9999.000,9999.000,9999.000,9999.000
202602220200,   0.506,9999.000,   0.800,  -0.011,   1.295,   0.700,   1.195,   1.000,   1.495
202602220206,   0.480,9999.000,9999.000,9999.000,9999.000,9999.000,9999.000,9999.000,9999.000
202602220212,   0.455,9999.000,9999.000,9999.000,9999.000,9999.000,9999.000,9999.000,9999.000
202602220218,   0.430,9999.000,9999.000,9999.000,9999.000,9999.000,9999.000,9999.000,9999.000
202602220224,   0.405,9999.000,9999.000,9999.000,9999.000,9999.000,9999.000,9999.000,9999.000
202602220230,   0.381,9999.000,9999.000,9999.000,9999.000,9999.000,9999.000,9999.000,9999.000
202602220236,   0.357,9999.000,9999.000,9999.000,9999.000,9999.000,9999.000,9999.000,9999.000
202602220242,   0.333,9999.000,9999.000,9999.000,9999.000,9999.000,9999.000,9999.000,9999.000
202602220248,   0.311,9999.000,9999.000,9999.000,9999.000,9999.000,9999.000,9999.000,9999.000
202602220254,   0.288,9999.000,9999.000,9999.000,9999.000,9999.000,9999.000,9999.000,9999.000
202602220300,   0.267,9999.000,   0.800,  -0.011,   1.056,   0.700,   0.956,   1.000,   1.256
202602220306,   0.246,9999.000,9999.000,9999.000,9999.000,9999.000,9999.000,9999.000,9999.000
202602220312,   0.226,9999.000,9999.000,9999.000,9999.000,9999.000,9999.000,9999.000,9999.000
202602220318,   0.207,9999.000,9999.000,9999.000,9999.000,9999.000,9999.000,9999.000,9999.000
202602220324,   0.188,9999.000,9999.000,9999.000,9999.000,9999.000,9999.000,9999.000,9999.000
202602220330,   0.171,9999.000,9999.000,9999.000,9999.000,9999.000,9999.000,9999.000,9999.000
202602220336,   0.154,9999.000,9999.000,9999.000,9999.000,9999.000,9999.000,9999.000,9999.000
202602220342,   0.138,9999.000,9999.000,9999.000,9999.000,9999.000,9999.000,9999.000,9999.000
202602220348,   0.124,9999.000,9999.000,9999.000,9999.000,9999.000,9999.000,9999.000,9999.000
202602220354,   0.110,9999.000,9999.000,9999.000,9999.000,9999.000,9999.000,9999.000,9999.000
202602220400,   0.096,9999.000,   0.800,  -0.011,   0.885,   0.700,   0.785,   1.000,   1.085
202602220406,   0.084,9999.000,9999.000,9999.000,9999.000,9999.000,9999.000,9999.000,9999.000
202602220412,   0.073,9999.000,9999.000,9999.000,9999.000,9999.000,9999.000,9999.000,9999.000
202602220418,   0.063,9999.000,9999.000,9999.000,9999.000,9999.000,9999.000,9999.000,9999.000
202602220424,   0.053,9999.000,9999.000,9999.000,9999.000,9999.000,9999.000,9999.000,9999.000
202602220430,   0.045,9999.000,9999.000,9999.000,9999.000,9999.000,9999.000,9999.000,9999.000
202602220436,   0.037,9999.000,9999.000,9999.000,9999.000,9999.000,9999.000,9999.000,9999.000
202602220442,   0.031,9999.000,9999.000,9999.000,9999.000,9999.000,9999.000,9999.000,9999.000
202602220448,   0.025,9999.000,9999.000,9999.000,9999.000,9999.000,9999.000,9999.000,9999.000
202602220454,   0.020,9999.000,9999.000,9999.000,9999.000,9999.000,9999.000,9999.000,9999.000
202602220500,   0.015,9999.000,   0.800,  -0.011,   0.804,   0.700,   0.704,   0.900,   0.904
202602220506,   0.012,9999.000,9999.000,9999.000,9999.000,9999.000,9999.000,9999.000,9999.000
202602220512,   0.009,9999.000,9999.000,9999.000,9999.000,9999.000,9999.000,9999.000,9999.000
202602220518,   0.007,9999.000,9999.000,9999.000,9999.000,9999.000,9999.000,9999.000,9999.000
202602220524,   0.005,9999.000,9999.000,9999.000,9999.000,9999.000,9999.000,9999.000,9999.000
202602220530,   0.004,9999.000,9999.000,9999.000,9999.000,9999.000,9999.000,9999.000,9999.000
202602220536,   0.004,9999.000,9999.000,9999.000,9999.000,9999.000,9999.000,9999.000,9999.000
202602220542,   0.004,9999.000,9999.000,9999.000,9999.000,9999.000,9999.000,9999.000,9999.000
202602220548,   0.005,9999.000,9999.000,9999.000,9999.000,9999.000,9999.000,9999.000,9999.000
202602220554,   0.006,9999.000,9999.000,9999.000,9999.000,9999.000,9999.000,9999.000,9999.000
202602220600,   0.008,9999.000,   0.800,  -0.011,   0.797,   0.700,   0.697,   0.900,   0.897
