        TIME,    TIDE,      OB,   SURGE,    BIAS,     TWL,SURGE90p,  TWL90p,SURGE10p,   TWL10p
202607081200,   1.389,9999.000,   0.700,9999.000,   2.089,   0.500,   1.889,   0.700,   2.089
202607081206,   1.345,9999.000,9999.000,9999.000,9999.000,9999.000,9999.000,9999.000,9999.000
202607081212,   1.300,9999.000,9999.000,9999.000,9999.000,9999.000,9999.000,9999.000,9999.000
202607081218,   1.255,9999.000,9999.000,9999.000,9999.000,9999.000,9999.000,9999.000,9999.000
202607081224,   1.209,9999.000,9999.000,9999.000,9999.000,9999.000,9999.000,9999.000,9999.000
202607081230,   1.163,9999.000,9999.000,9999.000,9999.000,9999.000,9999.000,9999.000,9999.000
202607081236,   1.117,9999.000,9999.000,9999.000,9999.000,9999.000,9999.000,9999.000,9999.000
202607081242,   1.072,9999.000,9999.000,9999.000,9999.000,9999.000,9999.000,9999.000,9999.000
202607081248,   1.027,9999.000,9999.000,9999.000,9999.000,9999.000,9999.000,9999.000,9999.000
202607081254,   0.983,9999.000,9999.000,9999.000,9999.000,9999.000,9999.000,9999.000,9999.000
202607081300,   0.939,   1.361,   0.700,  -0.278,   1.361,   0.600,   1.261,   0.700,   1.361
202607081306,   0.897,   1.308,9999.000,9999.000,9999.000,9999.000,9999.000,9999.000,9999.000
202607081312,   0.856,   1.259,9999.000,9999.000,9999.000,9999.000,9999.000,9999.000,9999.000
202607081318,   0.816,   1.229,9999.000,9999.000,9999.000,9999.000,9999.000,9999.000,9999.000
202607081324,   0.777,   1.180,9999.000,9999.000,9999.000,9999.000,9999.000,9999.000,9999.000
202607081330,   0.740,   1.118,9999.000,9999.000,9999.000,9999.000,9999.000,9999.000,9999.000
202607081336,   0.705,   1.079,9999.000,9999.000,9999.000,9999.000,9999.000,9999.000,9999.000
202607081342,   0.672,   1.039,9999.000,9999.000,9999.000,9999.000,9999.000,9999.000,9999.000
202607081348,   0.641,   1.020,9999.000,9999.000,9999.000,9999.000,9999.000,9999.000,9999.000
202607081354,   0.612,   1.000,9999.000,9999.000,9999.000,9999.000,9999.000,9999.000,9999.000
202607081400,   0.585,   0.980,   0.700,  -0.305,   0.980,   0.600,   0.880,   0.800,   1.080
202607081406,   0.560,   0.970,9999.000,9999.000,9999.000,9999.000,9999.000,9999.000,9999.000
202607081412,   0.538,   0.980,9999.000,9999.000,9999.000,9999.000,9999.000,9999.000,9999.000
202607081418,   0.517,   0.961,9999.000,9999.000,9999.000,9999.000,9999.000,9999.000,9999.000
202607081424,   0.500,   0.928,9999.000,9999.000,9999.000,9999.000,9999.000,9999.000,9999.000
202607081430,   0.484,   0.928,9999.000,9999.000,9999.000,9999.000,9999.000,9999.000,9999.000
202607081436,   0.472,   0.928,9999.000,9999.000,9999.000,9999.000,9999.000,9999.000,9999.000
202607081442,   0.462,   0.951,9999.000,9999.000,9999.000,9999.000,9999.000,9999.000,9999.000
202607081448,   0.454,   0.951,9999.000,9999.000,9999.000,9999.000,9999.000,9999.000,9999.000
202607081454,   0.449,   0.951,9999.000,9999.000,9999.000,9999.000,9999.000,9999.000,9999.000
202607081500,   0.447,   0.961,   0.700,  -0.186,   0.961,   0.600,   0.861,   0.800,   1.061
202607081506,   0.448,   0.951,9999.000,9999.000,9999.000,9999.000,9999.000,9999.000,9999.000
202607081512,   0.452,   0.990,9999.000,9999.000,9999.000,9999.000,9999.000,9999.000,9999.000
202607081518,   0.458,   0.980,9999.000,9999.000,9999.000,9999.000,9999.000,9999.000,9999.000
202607081524,   0.468,   1.039,9999.000,9999.000,9999.000,9999.000,9999.000,9999.000,9999.000
202607081530,   0.481,   1.059,9999.000,9999.000,9999.000,9999.000,9999.000,9999.000,9999.000
202607081536,   0.497,   1.088,9999.000,9999.000,9999.000,9999.000,9999.000,9999.000,9999.000
202607081542,   0.516,   1.118,9999.000,9999.000,9999.000,9999.000,9999.000,9999.000,9999.000
202607081548,   0.539,   1.180,9999.000,9999.000,9999.000,9999.000,9999.000,9999.000,9999.000
202607081554,   0.565,   1.229,9999.000,9999.000,9999.000,9999.000,9999.000,9999.000,9999.000
202607081600,   0.594,   1.269,   0.800,  -0.125,   1.269,   0.700,   1.169,   0.800,   1.269
202607081606,   0.627,   1.318,9999.000,9999.000,9999.000,9999.000,9999.000,9999.000,9999.000
202607081612,   0.663,   1.328,9999.000,9999.000,9999.000,9999.000,9999.000,9999.000,9999.000
202607081618,   0.702,   1.380,9999.000,9999.000,9999.000,9999.000,9999.000,9999.000,9999.000
202607081624,   0.744,   1.430,9999.000,9999.000,9999.000,9999.000,9999.000,9999.000,9999.000
202607081630,   0.790,   1.489,9999.000,9999.000,9999.000,9999.000,9999.000,9999.000,9999.000
202607081636,   0.838,   1.498,9999.000,9999.000,9999.000,9999.000,9999.000,9999.000,9999.000
202607081642,   0.890,   1.548,9999.000,9999.000,9999.000,9999.000,9999.000,9999.000,9999.000
202607081648,   0.944,   1.610,9999.000,9999.000,9999.000,9999.000,9999.000,9999.000,9999.000
202607081654,   1.000,   1.649,9999.000,9999.000,9999.000,9999.000,9999.000,9999.000,9999.000
202607081700,   1.059,   1.728,   0.800,  -0.131,   1.728,   0.800,   1.728,   0.900,   1.828
202607081706,   1.119,   1.790,9999.000,9999.000,9999.000,9999.000,9999.000,9999.000,9999.000
202607081712,   1.182,   1.849,9999.000,9999.000,9999.000,9999.000,9999.000,9999.000,9999.000
202607081718,   1.246,   1.899,9999.000,9999.000,9999.000,9999.000,9999.000,9999.000,9999.000
202607081724,   1.311,   1.967,9999.000,9999.000,9999.000,9999.000,9999.000,9999.000,9999.000
202607081730,   1.377,   2.010,9999.000,9999.000,9999.000,9999.000,9999.000,9999.000,9999.000
202607081736,   1.444,   2.089,9999.000,9999.000,9999.000,9999.000,9999.000,9999.000,9999.000
202607081742,   1.511,   2.138,9999.000,9999.000,9999.000,9999.000,9999.000,9999.000,9999.000
202607081748,   1.579,   2.210,9999.000,9999.000,9999.000,9999.000,9999.000,9999.000,9999.000
202607081754,   1.646,   2.299,9999.000,9999.000,9999.000,9999.000,9999.000,9999.000,9999.000
202607081800,   1.714,   2.368,   0.800,  -0.146,   2.368,   0.800,   2.368,   0.900,   2.468
202607081806,   1.780,   2.420,9999.000,9999.000,9999.000,9999.000,9999.000,9999.000,9999.000
202607081812,   1.847,   2.489,9999.000,9999.000,9999.000,9999.000,9999.000,9999.000,9999.000
202607081818,   1.912,   2.558,9999.000,9999.000,9999.000,9999.000,9999.000,9999.000,9999.000
202607081824,   1.977,   2.630,9999.000,9999.000,9999.000,9999.000,9999.000,9999.000,9999.000
202607081830,   2.041,   2.709,9999.000,9999.000,9999.000,9999.000,9999.000,9999.000,9999.000
202607081836,   2.103,   2.768,9999.000,9999.000,9999.000,9999.000,9999.000,9999.000,9999.000
202607081842,   2.165,   2.830,9999.000,9999.000,9999.000,9999.000,9999.000,9999.000,9999.000
202607081848,   2.225,   2.899,9999.000,9999.000,9999.000,9999.000,9999.000,9999.000,9999.000
202607081854,   2.284,   2.948,9999.000,9999.000,9999.000,9999.000,9999.000,9999.000,9999.000
202607081900,   2.341,   3.007,   0.900,  -0.234,   3.007,   0.800,   2.907,   0.900,   3.007
202607081906,   2.397,   3.060,9999.000,9999.000,9999.000,9999.000,9999.000,9999.000,9999.000
202607081912,   2.452,   3.119,9999.000,9999.000,9999.000,9999.000,9999.000,9999.000,9999.000
202607081918,   2.505,   3.178,9999.000,9999.000,9999.000,9999.000,9999.000,9999.000,9999.000
202607081924,   2.556,   3.240,9999.000,9999.000,9999.000,9999.000,9999.000,9999.000,9999.000
202607081930,   2.606,   3.309,9999.000,9999.000,9999.000,9999.000,9999.000,9999.000,9999.000
202607081936,   2.654,   3.368,9999.000,9999.000,9999.000,9999.000,9999.000,9999.000,9999.000
202607081942,   2.701,   3.407,9999.000,9999.000,9999.000,9999.000,9999.000,9999.000,9999.000
202607081948,   2.746,   3.450,9999.000,9999.000,9999.000,9999.000,9999.000,9999.000,9999.000
202607081954,   2.788,   3.499,9999.000,9999.000,9999.000,9999.000,9999.000,9999.000,9999.000
202607082000,   2.829,   3.539,   0.900,  -0.190,   3.539,   0.800,   3.439,   1.000,   3.639
202607082006,   2.867,   3.568,9999.000,9999.000,9999.000,9999.000,9999.000,9999.000,9999.000
202607082012,   2.903,   3.588,9999.000,9999.000,9999.000,9999.000,9999.000,9999.000,9999.000
202607082018,   2.937,   3.617,9999.000,9999.000,9999.000,9999.000,9999.000,9999.000,9999.000
202607082024,   2.969,   3.650,9999.000,9999.000,9999.000,9999.000,9999.000,9999.000,9999.000
202607082030,   2.997,   3.689,9999.000,9999.000,9999.000,9999.000,9999.000,9999.000,9999.000
202607082036,   3.023,   3.709,9999.000,9999.000,9999.000,9999.000,9999.000,9999.000,9999.000
202607082042,   3.047,   3.719,9999.000,9999.000,9999.000,9999.000,9999.000,9999.000,9999.000
202607082048,   3.067,   3.749,9999.000,9999.000,9999.000,9999.000,9999.000,9999.000,9999.000
202607082054,   3.084,   3.768,9999.000,9999.000,9999.000,9999.000,9999.000,9999.000,9999.000
202607082100,   3.099,   3.798,   0.900,  -0.201,   3.798,   0.800,   3.698,   1.000,   3.898
202607082106,   3.110,   3.817,9999.000,9999.000,9999.000,9999.000,9999.000,9999.000,9999.000
202607082112,   3.118,   3.817,9999.000,9999.000,9999.000,9999.000,9999.000,9999.000,9999.000
202607082118,   3.123,   3.837,9999.000,9999.000,9999.000,9999.000,9999.000,9999.000,9999.000
202607082124,   3.125,   3.860,9999.000,9999.000,9999.000,9999.000,9999.000,9999.000,9999.000
202607082130,   3.124,   3.860,9999.000,9999.000,9999.000,9999.000,9999.000,9999.000,9999.000
202607082136,   3.120,   3.837,9999.000,9999.000,9999.000,9999.000,9999.000,9999.000,9999.000
202607082142,   3.113,   3.817,9999.000,9999.000,9999.000,9999.000,9999.000,9999.000,9999.000
202607082148,   3.103,   3.817,9999.000,9999.000,9999.000,9999.000,9999.000,9999.000,9999.000
202607082154,   3.091,   3.847,9999.000,9999.000,9999.000,9999.000,9999.000,9999.000,9999.000
202607082200,   3.076,   3.827,   0.900,  -0.149,   3.827,   0.900,   3.827,   1.000,   3.927
202607082206,   3.058,   3.808,9999.000,9999.000,9999.000,9999.000,9999.000,9999.000,9999.000
202607082212,   3.039,   3.788,9999.000,9999.000,9999.000,9999.000,9999.000,9999.000,9999.000
202607082218,   3.017,   3.798,9999.000,9999.000,9999.000,9999.000,9999.000,9999.000,9999.000
202607082224,   2.992,   3.778,9999.000,9999.000,9999.000,9999.000,9999.000,9999.000,9999.000
202607082230,   2.966,   3.778,9999.000,9999.000,9999.000,9999.000,9999.000,9999.000,9999.000
202607082236,   2.938,   3.739,9999.000,9999.000,9999.000,9999.000,9999.000,9999.000,9999.000
202607082242,   2.908,   3.719,9999.000,9999.000,9999.000,9999.000,9999.000,9999.000,9999.000
202607082248,   2.877,   3.699,9999.000,9999.000,9999.000,9999.000,9999.000,9999.000,9999.000
202607082254,   2.844,   3.689,9999.000,9999.000,9999.000,9999.000,9999.000,9999.000,9999.000
202607082300,   2.809,   3.689,   1.000,  -0.120,   3.689,   0.900,   3.589,   1.100,   3.789
202607082306,   2.772,9999.000,9999.000,9999.000,9999.000,9999.000,9999.000,9999.000,9999.000
202607082312,   2.734,9999.000,9999.000,9999.000,9999.000,9999.000,9999.000,9999.000,9999.000
202607082318,   2.695,9999.000,9999.000,9999.000,9999.000,9999.000,9999.000,9999.000,9999.000
202607082324,   2.653,9999.000,9999.000,9999.000,9999.000,9999.000,9999.000,9999.000,9999.000
202607082330,   2.611,9999.000,9999.000,9999.000,9999.000,9999.000,9999.000,9999.000,9999.000
202607082336,   2.567,9999.000,9999.000,9999.000,9999.000,9999.000,9999.000,9999.000,9999.000
202607082342,   2.521,9999.000,9999.000,9999.000,9999.000,9999.000,9999.000,9999.000,9999.000
202607082348,   2.473,9999.000,9999.000,9999.000,9999.000,9999.000,9999.000,9999.000,9999.000
202607082354,   2.425,9999.000,9999.000,9999.000,9999.000,9999.000,9999.000,9999.000,9999.000
202607090000,   2.374,   3.119,   0.900,  -0.155,   3.119,   0.800,   3.019,   1.000,   3.219
202607090006,   2.322,   3.070,9999.000,9999.000,9999.000,9999.000,9999.000,9999.000,9999.000
202607090012,   2.269,   2.997,9999.000,9999.000,9999.000,9999.000,9999.000,9999.000,9999.000
202607090018,   2.214,   2.938,9999.000,9999.000,9999.000,9999.000,9999.000,9999.000,9999.000
202607090024,   2.158,   2.869,9999.000,9999.000,9999.000,9999.000,9999.000,9999.000,9999.000
202607090030,   2.101,   2.787,9999.000,9999.000,9999.000,9999.000,9999.000,9999.000,9999.000
202607090036,   2.043,   2.738,9999.000,9999.000,9999.000,9999.000,9999.000,9999.000,9999.000
202607090042,   1.984,   2.689,9999.000,9999.000,9999.000,9999.000,9999.000,9999.000,9999.000
202607090048,   1.923,   2.620,9999.000,9999.000,9999.000,9999.000,9999.000,9999.000,9999.000
202607090054,   1.863,   2.528,9999.000,9999.000,9999.000,9999.000,9999.000,9999.000,9999.000
202607090100,   1.801,   2.479,   0.900,  -0.222,   2.479,   0.800,   2.379,   1.000,   2.579
202607090106,   1.740,   2.377,9999.000,9999.000,9999.000,9999.000,9999.000,9999.000,9999.000
202607090112,   1.678,   2.309,9999.000,9999.000,9999.000,9999.000,9999.000,9999.000,9999.000
202607090118,   1.616,   2.240,9999.000,9999.000,9999.000,9999.000,9999.000,9999.000,9999.000
202607090124,   1.554,   2.158,9999.000,9999.000,9999.000,9999.000,9999.000,9999.000,9999.000
202607090130,   1.493,   2.079,9999.000,9999.000,9999.000,9999.000,9999.000,9999.000,9999.000
202607090136,   1.432,   2.020,9999.000,9999.000,9999.000,9999.000,9999.000,9999.000,9999.000
202607090142,   1.373,   1.938,9999.000,9999.000,9999.000,9999.000,9999.000,9999.000,9999.000
202607090148,   1.314,   1.869,9999.000,9999.000,9999.000,9999.000,9999.000,9999.000,9999.000
202607090154,   1.256,   1.810,9999.000,9999.000,9999.000,9999.000,9999.000,9999.000,9999.000
202607090200,   1.200,   1.738,   0.900,  -0.362,   1.738,   0.800,   1.638,   0.900,   1.738
202607090206,   1.145,   1.679,9999.000,9999.000,9999.000,9999.000,9999.000,9999.000,9999.000
202607090212,   1.091,   1.620,9999.000,9999.000,9999.000,9999.000,9999.000,9999.000,9999.000
202607090218,   1.039,   1.557,9999.000,9999.000,9999.000,9999.000,9999.000,9999.000,9999.000
202607090224,   0.990,   1.508,9999.000,9999.000,9999.000,9999.000,9999.000,9999.000,9999.000
202607090230,   0.941,   1.459,9999.000,9999.000,9999.000,9999.000,9999.000,9999.000,9999.000
202607090236,   0.895,   1.420,9999.000,9999.000,9999.000,9999.000,9999.000,9999.000,9999.000
202607090242,   0.852,   1.371,9999.000,9999.000,9999.000,9999.000,9999.000,9999.000,9999.000
202607090248,   0.810,   1.308,9999.000,9999.000,9999.000,9999.000,9999.000,9999.000,9999.000
202607090254,   0.770,   1.279,9999.000,9999.000,9999.000,9999.000,9999.000,9999.000,9999.000
202607090300,   0.733,   1.249,   0.800,  -0.284,   1.249,   0.800,   1.249,   0.900,   1.349
202607090306,   0.699,   1.220,9999.000,9999.000,9999.000,9999.000,9999.000,9999.000,9999.000
202607090312,   0.667,   1.190,9999.000,9999.000,9999.000,9999.000,9999.000,9999.000,9999.000
202607090318,   0.637,   1.161,9999.000,9999.000,9999.000,9999.000,9999.000,9999.000,9999.000
202607090324,   0.610,   1.118,9999.000,9999.000,9999.000,9999.000,9999.000,9999.000,9999.000
202607090330,   0.586,   1.108,9999.000,9999.000,9999.000,9999.000,9999.000,9999.000,9999.000
202607090336,   0.565,   1.088,9999.000,9999.000,9999.000,9999.000,9999.000,9999.000,9999.000
202607090342,   0.547,   1.069,9999.000,9999.000,9999.000,9999.000,9999.000,9999.000,9999.000
202607090348,   0.532,   1.069,9999.000,9999.000,9999.000,9999.000,9999.000,9999.000,9999.000
202607090354,   0.520,   1.069,9999.000,9999.000,9999.000,9999.000,9999.000,9999.000,9999.000
202607090400,   0.512,   1.059,   0.800,  -0.253,   1.059,   0.700,   0.959,   0.900,   1.159
202607090406,   0.507,   1.039,9999.000,9999.000,9999.000,9999.000,9999.000,9999.000,9999.000
202607090412,   0.505,   1.049,9999.000,9999.000,9999.000,9999.000,9999.000,9999.000,9999.000
202607090418,   0.506,   1.039,9999.000,9999.000,9999.000,9999.000,9999.000,9999.000,9999.000
202607090424,   0.511,   1.039,9999.000,9999.000,9999.000,9999.000,9999.000,9999.000,9999.000
202607090430,   0.519,   1.079,9999.000,9999.000,9999.000,9999.000,9999.000,9999.000,9999.000
202607090436,   0.531,   1.108,9999.000,9999.000,9999.000,9999.000,9999.000,9999.000,9999.000
202607090442,   0.546,   1.151,9999.000,9999.000,9999.000,9999.000,9999.000,9999.000,9999.000
202607090448,   0.564,   1.190,9999.000,9999.000,9999.000,9999.000,9999.000,9999.000,9999.000
202607090454,   0.586,   1.200,9999.000,9999.000,9999.000,9999.000,9999.000,9999.000,9999.000
202607090500,   0.611,   1.210,   0.800,  -0.201,   1.210,   0.700,   1.110,   0.800,   1.210
202607090506,   0.638,   1.269,9999.000,9999.000,9999.000,9999.000,9999.000,9999.000,9999.000
202607090512,   0.668,   1.289,9999.000,9999.000,9999.000,9999.000,9999.000,9999.000,9999.000
202607090518,   0.701,   1.298,9999.000,9999.000,9999.000,9999.000,9999.000,9999.000,9999.000
202607090524,   0.737,   1.338,9999.000,9999.000,9999.000,9999.000,9999.000,9999.000,9999.000
202607090530,   0.774,   1.371,9999.000,9999.000,9999.000,9999.000,9999.000,9999.000,9999.000
202607090536,   0.814,   1.410,9999.000,9999.000,9999.000,9999.000,9999.000,9999.000,9999.000
202607090542,   0.855,   1.489,9999.000,9999.000,9999.000,9999.000,9999.000,9999.000,9999.000
202607090548,   0.898,   1.538,9999.000,9999.000,9999.000,9999.000,9999.000,9999.000,9999.000
202607090554,   0.942,   1.571,9999.000,9999.000,9999.000,9999.000,9999.000,9999.000,9999.000
202607090600,   0.987,   1.639,   0.700,  -0.048,   1.639,   0.700,   1.639,   0.800,   1.739
202607090606,   1.033,   1.718,9999.000,9999.000,9999.000,9999.000,9999.000,9999.000,9999.000
202607090612,   1.079,   1.767,9999.000,9999.000,9999.000,9999.000,9999.000,9999.000,9999.000
202607090618,   1.126,   1.820,9999.000,9999.000,9999.000,9999.000,9999.000,9999.000,9999.000
202607090624,   1.173,   1.859,9999.000,9999.000,9999.000,9999.000,9999.000,9999.000,9999.000
202607090630,   1.221,   1.889,9999.000,9999.000,9999.000,9999.000,9999.000,9999.000,9999.000
202607090636,   1.268,   1.928,9999.000,9999.000,9999.000,9999.000,9999.000,9999.000,9999.000
202607090642,   1.314,   2.010,9999.000,9999.000,9999.000,9999.000,9999.000,9999.000,9999.000
202607090648,   1.361,   2.059,9999.000,9999.000,9999.000,9999.000,9999.000,9999.000,9999.000
202607090654,   1.407,   2.099,9999.000,9999.000,9999.000,9999.000,9999.000,9999.000,9999.000
202607090700,   1.452,   2.118,   0.700,  -0.034,   2.118,   0.600,   2.018,   0.800,   2.218
202607090706,   1.497,   2.148,9999.000,9999.000,9999.000,9999.000,9999.000,9999.000,9999.000
202607090712,   1.542,   2.191,9999.000,9999.000,9999.000,9999.000,9999.000,9999.000,9999.000
202607090718,   1.585,   2.259,9999.000,9999.000,9999.000,9999.000,9999.000,9999.000,9999.000
202607090724,   1.628,   2.279,9999.000,9999.000,9999.000,9999.000,9999.000,9999.000,9999.000
202607090730,   1.670,   2.309,9999.000,9999.000,9999.000,9999.000,9999.000,9999.000,9999.000
202607090736,   1.711,   2.348,9999.000,9999.000,9999.000,9999.000,9999.000,9999.000,9999.000
202607090742,   1.752,   2.400,9999.000,9999.000,9999.000,9999.000,9999.000,9999.000,9999.000
202607090748,   1.791,   2.450,9999.000,9999.000,9999.000,9999.000,9999.000,9999.000,9999.000
202607090754,   1.830,   2.489,9999.000,9999.000,9999.000,9999.000,9999.000,9999.000,9999.000
202607090800,   1.867,   2.519,   0.700,  -0.048,   2.519,   0.600,   2.419,   0.700,   2.519
202607090806,   1.904,   2.578,9999.000,9999.000,9999.000,9999.000,9999.000,9999.000,9999.000
202607090812,   1.939,   2.630,9999.000,9999.000,9999.000,9999.000,9999.000,9999.000,9999.000
202607090818,   1.972,   2.679,9999.000,9999.000,9999.000,9999.000,9999.000,9999.000,9999.000
202607090824,   2.005,   2.699,9999.000,9999.000,9999.000,9999.000,9999.000,9999.000,9999.000
202607090830,   2.036,   2.709,9999.000,9999.000,9999.000,9999.000,9999.000,9999.000,9999.000
202607090836,   2.065,   2.748,9999.000,9999.000,9999.000,9999.000,9999.000,9999.000,9999.000
202607090842,   2.092,   2.778,9999.000,9999.000,9999.000,9999.000,9999.000,9999.000,9999.000
202607090848,   2.117,   2.830,9999.000,9999.000,9999.000,9999.000,9999.000,9999.000,9999.000
202607090854,   2.140,   2.840,9999.000,9999.000,9999.000,9999.000,9999.000,9999.000,9999.000
202607090900,   2.161,   2.850,   0.700,  -0.011,   2.850,   0.600,   2.750,   0.700,   2.850
202607090906,   2.179,   2.850,9999.000,9999.000,9999.000,9999.000,9999.000,9999.000,9999.000
202607090912,   2.195,   2.860,9999.000,9999.000,9999.000,9999.000,9999.000,9999.000,9999.000
202607090918,   2.209,   2.889,9999.000,9999.000,9999.000,9999.000,9999.000,9999.000,9999.000
202607090924,   2.220,   2.899,9999.000,9999.000,9999.000,9999.000,9999.000,9999.000,9999.000
202607090930,   2.228,   2.909,9999.000,9999.000,9999.000,9999.000,9999.000,9999.000,9999.000
202607090936,   2.233,   2.909,9999.000,9999.000,9999.000,9999.000,9999.000,9999.000,9999.000
202607090942,   2.236,   2.899,9999.000,9999.000,9999.000,9999.000,9999.000,9999.000,9999.000
202607090948,   2.236,   2.879,9999.000,9999.000,9999.000,9999.000,9999.000,9999.000,9999.000
202607090954,   2.234,   2.869,9999.000,9999.000,9999.000,9999.000,9999.000,9999.000,9999.000
202607091000,   2.228,   2.889,   0.700,  -0.039,   2.889,   0.600,   2.789,   0.700,   2.889
202607091006,   2.221,   2.869,9999.000,9999.000,9999.000,9999.000,9999.000,9999.000,9999.000
202607091012,   2.211,   2.869,9999.000,9999.000,9999.000,9999.000,9999.000,9999.000,9999.000
202607091018,   2.199,   2.869,9999.000,9999.000,9999.000,9999.000,9999.000,9999.000,9999.000
202607091024,   2.184,   2.850,9999.000,9999.000,9999.000,9999.000,9999.000,9999.000,9999.000
202607091030,   2.168,   2.850,9999.000,9999.000,9999.000,9999.000,9999.000,9999.000,9999.000
202607091036,   2.149,   2.830,9999.000,9999.000,9999.000,9999.000,9999.000,9999.000,9999.000
202607091042,   2.129,   2.797,9999.000,9999.000,9999.000,9999.000,9999.000,9999.000,9999.000
202607091048,   2.107,   2.778,9999.000,9999.000,9999.000,9999.000,9999.000,9999.000,9999.000
202607091054,   2.084,   2.787,9999.000,9999.000,9999.000,9999.000,9999.000,9999.000,9999.000
202607091100,   2.059,   2.787,   0.600,   0.128,   2.787,   0.600,   2.787,   0.700,   2.887
202607091106,   2.034,   2.748,9999.000,9999.000,9999.000,9999.000,9999.000,9999.000,9999.000
202607091112,   2.006,   2.699,9999.000,9999.000,9999.000,9999.000,9999.000,9999.000,9999.000
202607091118,   1.978,   2.660,9999.000,9999.000,9999.000,9999.000,9999.000,9999.000,9999.000
202607091124,   1.949,   2.660,9999.000,9999.000,9999.000,9999.000,9999.000,9999.000,9999.000
202607091130,   1.918,   2.630,9999.000,9999.000,9999.000,9999.000,9999.000,9999.000,9999.000
202607091136,   1.887,   2.620,9999.000,9999.000,9999.000,9999.000,9999.000,9999.000,9999.000
202607091142,   1.855,   2.587,9999.000,9999.000,9999.000,9999.000,9999.000,9999.000,9999.000
202607091148,   1.821,   2.528,9999.000,9999.000,9999.000,9999.000,9999.000,9999.000,9999.000
202607091154,   1.787,   2.489,9999.000,9999.000,9999.000,9999.000,9999.000,9999.000,9999.000
202607091200,   1.752,   2.450,   0.700,  -0.002,   2.450,   0.700,   2.450,   0.700,   2.450
202607091206,   1.715,   2.410,9999.000,9999.000,9999.000,9999.000,9999.000,9999.000,9999.000
202607091212,   1.678,   2.358,9999.000,9999.000,9999.000,9999.000,9999.000,9999.000,9999.000
202607091218,   1.640,   2.318,9999.000,9999.000,9999.000,9999.000,9999.000,9999.000,9999.000
202607091224,   1.600,   2.250,9999.000,9999.000,9999.000,9999.000,9999.000,9999.000,9999.000
202607091230,   1.560,   2.210,9999.000,9999.000,9999.000,9999.000,9999.000,9999.000,9999.000
202607091236,   1.518,   2.148,9999.000,9999.000,9999.000,9999.000,9999.000,9999.000,9999.000
202607091242,   1.475,   2.079,9999.000,9999.000,9999.000,9999.000,9999.000,9999.000,9999.000
202607091248,   1.432,   2.030,9999.000,9999.000,9999.000,9999.000,9999.000,9999.000,9999.000
202607091254,   1.388,   1.990,9999.000,9999.000,9999.000,9999.000,9999.000,9999.000,9999.000
202607091300,   1.342,   1.938,   0.700,  -0.104,   1.938,   0.600,   1.838,   0.700,   1.938
202607091306,   1.297,   1.899,9999.000,9999.000,9999.000,9999.000,9999.000,9999.000,9999.000
202607091312,   1.250,   1.849,9999.000,9999.000,9999.000,9999.000,9999.000,9999.000,9999.000
202607091318,   1.203,   1.810,9999.000,9999.000,9999.000,9999.000,9999.000,9999.000,9999.000
202607091324,   1.156,   1.748,9999.000,9999.000,9999.000,9999.000,9999.000,9999.000,9999.000
202607091330,   1.109,   1.669,9999.000,9999.000,9999.000,9999.000,9999.000,9999.000,9999.000
202607091336,   1.062,   1.610,9999.000,9999.000,9999.000,9999.000,9999.000,9999.000,9999.000
202607091342,   1.015,   1.557,9999.000,9999.000,9999.000,9999.000,9999.000,9999.000,9999.000
202607091348,   0.969,   1.508,9999.000,9999.000,9999.000,9999.000,9999.000,9999.000,9999.000
202607091354,   0.923,   1.449,9999.000,9999.000,9999.000,9999.000,9999.000,9999.000,9999.000
202607091400,   0.879,   1.380,   0.700,  -0.199,   1.380,   0.600,   1.280,   0.700,   1.380
202607091406,   0.835,   1.328,9999.000,9999.000,9999.000,9999.000,9999.000,9999.000,9999.000
202607091412,   0.792,   1.289,9999.000,9999.000,9999.000,9999.000,9999.000,9999.000,9999.000
202607091418,   0.751,   1.259,9999.000,9999.000,9999.000,9999.000,9999.000,9999.000,9999.000
202607091424,   0.712,   1.229,9999.000,9999.000,9999.000,9999.000,9999.000,9999.000,9999.000
202607091430,   0.674,   1.210,9999.000,9999.000,9999.000,9999.000,9999.000,9999.000,9999.000
202607091436,   0.638,   1.190,9999.000,9999.000,9999.000,9999.000,9999.000,9999.000,9999.000
202607091442,   0.604,   1.161,9999.000,9999.000,9999.000,9999.000,9999.000,9999.000,9999.000
202607091448,   0.572,   1.138,9999.000,9999.000,9999.000,9999.000,9999.000,9999.000,9999.000
202607091454,   0.542,   1.108,9999.000,9999.000,9999.000,9999.000,9999.000,9999.000,9999.000
202607091500,   0.515,   1.098,   0.600,  -0.017,   1.098,   0.600,   1.098,   0.700,   1.198
202607091506,   0.490,   1.079,9999.000,9999.000,9999.000,9999.000,9999.000,9999.000,9999.000
202607091512,   0.467,   1.039,9999.000,9999.000,9999.000,9999.000,9999.000,9999.000,9999.000
202607091518,   0.448,   1.029,9999.000,9999.000,9999.000,9999.000,9999.000,9999.000,9999.000
202607091524,   0.431,   1.000,9999.000,9999.000,9999.000,9999.000,9999.000,9999.000,9999.000
202607091530,   0.416,   0.990,9999.000,9999.000,9999.000,9999.000,9999.000,9999.000,9999.000
202607091536,   0.405,   0.980,9999.000,9999.000,9999.000,9999.000,9999.000,9999.000,9999.000
202607091542,   0.396,   0.970,9999.000,9999.000,9999.000,9999.000,9999.000,9999.000,9999.000
202607091548,   0.391,   0.990,9999.000,9999.000,9999.000,9999.000,9999.000,9999.000,9999.000
202607091554,   0.388,   0.990,9999.000,9999.000,9999.000,9999.000,9999.000,9999.000,9999.000
202607091600,   0.389,   0.990,   0.600,   0.001,   0.990,   0.600,   0.990,   0.700,   1.090
202607091606,   0.393,   1.000,9999.000,9999.000,9999.000,9999.000,9999.000,9999.000,9999.000
202607091612,   0.400,   1.010,9999.000,9999.000,9999.000,9999.000,9999.000,9999.000,9999.000
202607091618,   0.411,   1.029,9999.000,9999.000,9999.000,9999.000,9999.000,9999.000,9999.000
202607091624,   0.425,   1.049,9999.000,9999.000,9999.000,9999.000,9999.000,9999.000,9999.000
202607091630,   0.442,   1.059,9999.000,9999.000,9999.000,9999.000,9999.000,9999.000,9999.000
202607091636,   0.463,   1.088,9999.000,9999.000,9999.000,9999.000,9999.000,9999.000,9999.000
202607091642,   0.487,   1.118,9999.000,9999.000,9999.000,9999.000,9999.000,9999.000,9999.000
202607091648,   0.515,   1.128,9999.000,9999.000,9999.000,9999.000,9999.000,9999.000,9999.000
202607091654,   0.546,   1.161,9999.000,9999.000,9999.000,9999.000,9999.000,9999.000,9999.000
202607091700,   0.581,   1.200,   0.600,   0.019,   1.200,   0.600,   1.200,   0.600,   1.200
202607091706,   0.618,   1.279,9999.000,9999.000,9999.000,9999.000,9999.000,9999.000,9999.000
202607091712,   0.660,   1.328,9999.000,9999.000,9999.000,9999.000,9999.000,9999.000,9999.000
202607091718,   0.704,   1.371,9999.000,9999.000,9999.000,9999.000,9999.000,9999.000,9999.000
202607091724,   0.752,   1.430,9999.000,9999.000,9999.000,9999.000,9999.000,9999.000,9999.000
202607091730,   0.802,   1.489,9999.000,9999.000,9999.000,9999.000,9999.000,9999.000,9999.000
202607091736,   0.855,   1.518,9999.000,9999.000,9999.000,9999.000,9999.000,9999.000,9999.000
202607091742,   0.911,   1.538,9999.000,9999.000,9999.000,9999.000,9999.000,9999.000,9999.000
202607091748,   0.969,   1.630,9999.000,9999.000,9999.000,9999.000,9999.000,9999.000,9999.000
202607091754,   1.029,   1.689,9999.000,9999.000,9999.000,9999.000,9999.000,9999.000,9999.000
202607091800,   1.091,   1.767,   0.600,   0.076,   1.767,   0.600,   1.767,   0.700,   1.867
202607091806,   1.154,   1.820,9999.000,9999.000,9999.000,9999.000,9999.000,9999.000,9999.000
202607091812,   1.220,   1.899,9999.000,9999.000,9999.000,9999.000,9999.000,9999.000,9999.000
202607091818,   1.286,   1.958,9999.000,9999.000,9999.000,9999.000,9999.000,9999.000,9999.000
202607091824,   1.353,   2.020,9999.000,9999.000,9999.000,9999.000,9999.000,9999.000,9999.000
202607091830,   1.421,   2.089,9999.000,9999.000,9999.000,9999.000,9999.000,9999.000,9999.000
202607091836,   1.490,   2.148,9999.000,9999.000,9999.000,9999.000,9999.000,9999.000,9999.000
202607091842,   1.559,   2.200,9999.000,9999.000,9999.000,9999.000,9999.000,9999.000,9999.000
202607091848,   1.628,   2.250,9999.000,9999.000,9999.000,9999.000,9999.000,9999.000,9999.000
202607091854,   1.698,   2.309,9999.000,9999.000,9999.000,9999.000,9999.000,9999.000,9999.000
202607091900,   1.767,   2.348,   0.600,  -0.019,   2.348,   0.600,   2.348,   0.700,   2.448
202607091906,   1.835,   2.410,9999.000,9999.000,9999.000,9999.000,9999.000,9999.000,9999.000
202607091912,   1.904,   2.440,9999.000,9999.000,9999.000,9999.000,9999.000,9999.000,9999.000
202607091918,   1.971,   2.519,9999.000,9999.000,9999.000,9999.000,9999.000,9999.000,9999.000
202607091924,   2.039,   2.568,9999.000,9999.000,9999.000,9999.000,9999.000,9999.000,9999.000
202607091930,   2.105,   2.630,9999.000,9999.000,9999.000,9999.000,9999.000,9999.000,9999.000
202607091936,   2.171,   2.709,9999.000,9999.000,9999.000,9999.000,9999.000,9999.000,9999.000
202607091942,   2.236,   2.768,9999.000,9999.000,9999.000,9999.000,9999.000,9999.000,9999.000
202607091948,   2.300,   2.830,9999.000,9999.000,9999.000,9999.000,9999.000,9999.000,9999.000
202607091954,   2.362,   2.860,9999.000,9999.000,9999.000,9999.000,9999.000,9999.000,9999.000
202607092000,   2.424,   2.938,   0.600,  -0.086,   2.938,   0.600,   2.938,   0.600,   2.938
202607092006,   2.485,   3.017,9999.000,9999.000,9999.000,9999.000,9999.000,9999.000,9999.000
202607092012,   2.544,   3.060,9999.000,9999.000,9999.000,9999.000,9999.000,9999.000,9999.000
202607092018,   2.603,   3.109,9999.000,9999.000,9999.000,9999.000,9999.000,9999.000,9999.000
202607092024,   2.659,   3.158,9999.000,9999.000,9999.000,9999.000,9999.000,9999.000,9999.000
202607092030,   2.714,   3.260,9999.000,9999.000,9999.000,9999.000,9999.000,9999.000,9999.000
202607092036,   2.768,   3.309,9999.000,9999.000,9999.000,9999.000,9999.000,9999.000,9999.000
202607092042,   2.820,   3.348,9999.000,9999.000,9999.000,9999.000,9999.000,9999.000,9999.000
202607092048,   2.869,   3.427,9999.000,9999.000,9999.000,9999.000,9999.000,9999.000,9999.000
202607092054,   2.917,   3.499,9999.000,9999.000,9999.000,9999.000,9999.000,9999.000,9999.000
202607092100,   2.962,   3.548,   0.600,  -0.014,   3.548,   0.600,   3.548,   0.600,   3.548
202607092106,   3.005,   3.588,9999.000,9999.000,9999.000,9999.000,9999.000,9999.000,9999.000
202607092112,   3.045,   3.617,9999.000,9999.000,9999.000,9999.000,9999.000,9999.000,9999.000
202607092118,   3.082,   3.637,9999.000,9999.000,9999.000,9999.000,9999.000,9999.000,9999.000
202607092124,   3.116,   3.680,9999.000,9999.000,9999.000,9999.000,9999.000,9999.000,9999.000
202607092130,   3.147,   3.709,9999.000,9999.000,9999.000,9999.000,9999.000,9999.000,9999.000
202607092136,   3.175,   3.729,9999.000,9999.000,9999.000,9999.000,9999.000,9999.000,9999.000
202607092142,   3.200,   3.749,9999.000,9999.000,9999.000,9999.000,9999.000,9999.000,9999.000
202607092148,   3.221,   3.749,9999.000,9999.000,9999.000,9999.000,9999.000,9999.000,9999.000
202607092154,   3.239,   3.768,9999.000,9999.000,9999.000,9999.000,9999.000,9999.000,9999.000
202607092200,   3.254,   3.778,   0.600,  -0.076,   3.778,   0.500,   3.678,   0.600,   3.778
202607092206,   3.264,   3.788,9999.000,9999.000,9999.000,9999.000,9999.000,9999.000,9999.000
202607092212,   3.272,   3.778,9999.000,9999.000,9999.000,9999.000,9999.000,9999.000,9999.000
202607092218,   3.276,   3.788,9999.000,9999.000,9999.000,9999.000,9999.000,9999.000,9999.000
202607092224,   3.276,   3.817,9999.000,9999.000,9999.000,9999.000,9999.000,9999.000,9999.000
202607092230,   3.273,   3.788,9999.000,9999.000,9999.000,9999.000,9999.000,9999.000,9999.000
202607092236,   3.267,   3.788,9999.000,9999.000,9999.000,9999.000,9999.000,9999.000,9999.000
202607092242,   3.258,   3.798,9999.000,9999.000,9999.000,9999.000,9999.000,9999.000,9999.000
202607092248,   3.246,   3.778,9999.000,9999.000,9999.000,9999.000,9999.000,9999.000,9999.000
202607092254,   3.232,   3.758,9999.000,9999.000,9999.000,9999.000,9999.000,9999.000,9999.000
202607092300,   3.214,   3.729,   0.600,  -0.085,   3.729,   0.500,   3.629,   0.600,   3.729
202607092306,   3.194,   3.699,9999.000,9999.000,9999.000,9999.000,9999.000,9999.000,9999.000
202607092312,   3.172,   3.709,9999.000,9999.000,9999.000,9999.000,9999.000,9999.000,9999.000
202607092318,   3.148,   3.699,9999.000,9999.000,9999.000,9999.000,9999.000,9999.000,9999.000
202607092324,   3.121,   3.637,9999.000,9999.000,9999.000,9999.000,9999.000,9999.000,9999.000
202607092330,   3.092,   3.607,9999.000,9999.000,9999.000,9999.000,9999.000,9999.000,9999.000
202607092336,   3.062,   3.539,9999.000,9999.000,9999.000,9999.000,9999.000,9999.000,9999.000
202607092342,   3.030,   3.539,9999.000,9999.000,9999.000,9999.000,9999.000,9999.000,9999.000
202607092348,   2.995,   3.509,9999.000,9999.000,9999.000,9999.000,9999.000,9999.000,9999.000
202607092354,   2.960,   3.450,9999.000,9999.000,9999.000,9999.000,9999.000,9999.000,9999.000
202607100000,   2.922,   3.358,   0.600,  -0.164,   3.358,   0.600,   3.358,   0.600,   3.358
202607100006,   2.883,   3.348,9999.000,9999.000,9999.000,9999.000,9999.000,9999.000,9999.000
202607100012,   2.842,   3.279,9999.000,9999.000,9999.000,9999.000,9999.000,9999.000,9999.000
202607100018,   2.799,   3.240,9999.000,9999.000,9999.000,9999.000,9999.000,9999.000,9999.000
202607100024,   2.755,   3.207,9999.000,9999.000,9999.000,9999.000,9999.000,9999.000,9999.000
202607100030,   2.709,   3.138,9999.000,9999.000,9999.000,9999.000,9999.000,9999.000,9999.000
202607100036,   2.661,   3.050,9999.000,9999.000,9999.000,9999.000,9999.000,9999.000,9999.000
202607100042,   2.611,   2.997,9999.000,9999.000,9999.000,9999.000,9999.000,9999.000,9999.000
202607100048,   2.560,   2.958,9999.000,9999.000,9999.000,9999.000,9999.000,9999.000,9999.000
202607100054,   2.506,   2.850,9999.000,9999.000,9999.000,9999.000,9999.000,9999.000,9999.000
202607100100,   2.451,   2.768,   0.600,  -0.283,   2.768,   0.600,   2.768,   0.600,   2.768
202607100106,   2.394,   2.679,9999.000,9999.000,9999.000,9999.000,9999.000,9999.000,9999.000
202607100112,   2.335,   2.640,9999.000,9999.000,9999.000,9999.000,9999.000,9999.000,9999.000
202607100118,   2.275,   2.578,9999.000,9999.000,9999.000,9999.000,9999.000,9999.000,9999.000
202607100124,   2.213,   2.519,9999.000,9999.000,9999.000,9999.000,9999.000,9999.000,9999.000
202607100130,   2.150,   2.459,9999.000,9999.000,9999.000,9999.000,9999.000,9999.000,9999.000
202607100136,   2.085,   2.400,9999.000,9999.000,9999.000,9999.000,9999.000,9999.000,9999.000
202607100142,   2.020,   2.338,9999.000,9999.000,9999.000,9999.000,9999.000,9999.000,9999.000
202607100148,   1.953,   2.230,9999.000,9999.000,9999.000,9999.000,9999.000,9999.000,9999.000
202607100154,   1.885,   2.158,9999.000,9999.000,9999.000,9999.000,9999.000,9999.000,9999.000
202607100200,   1.817,   2.099,   0.600,  -0.318,   2.099,   0.600,   2.099,   0.600,   2.099
202607100206,   1.748,   2.020,9999.000,9999.000,9999.000,9999.000,9999.000,9999.000,9999.000
202607100212,   1.680,   1.948,9999.000,9999.000,9999.000,9999.000,9999.000,9999.000,9999.000
202607100218,   1.611,   1.869,9999.000,9999.000,9999.000,9999.000,9999.000,9999.000,9999.000
202607100224,   1.543,   1.820,9999.000,9999.000,9999.000,9999.000,9999.000,9999.000,9999.000
202607100230,   1.475,   1.738,9999.000,9999.000,9999.000,9999.000,9999.000,9999.000,9999.000
202607100236,   1.408,   1.669,9999.000,9999.000,9999.000,9999.000,9999.000,9999.000,9999.000
202607100242,   1.341,   1.590,9999.000,9999.000,9999.000,9999.000,9999.000,9999.000,9999.000
202607100248,   1.276,   1.518,9999.000,9999.000,9999.000,9999.000,9999.000,9999.000,9999.000
202607100254,   1.212,   1.459,9999.000,9999.000,9999.000,9999.000,9999.000,9999.000,9999.000
202607100300,   1.150,   1.380,   0.600,  -0.370,   1.380,   0.600,   1.380,   0.600,   1.380
202607100306,   1.090,   1.338,9999.000,9999.000,9999.000,9999.000,9999.000,9999.000,9999.000
202607100312,   1.031,   1.269,9999.000,9999.000,9999.000,9999.000,9999.000,9999.000,9999.000
202607100318,   0.974,   1.220,9999.000,9999.000,9999.000,9999.000,9999.000,9999.000,9999.000
202607100324,   0.919,   1.161,9999.000,9999.000,9999.000,9999.000,9999.000,9999.000,9999.000
202607100330,   0.867,   1.108,9999.000,9999.000,9999.000,9999.000,9999.000,9999.000,9999.000
202607100336,   0.817,   1.059,9999.000,9999.000,9999.000,9999.000,9999.000,9999.000,9999.000
202607100342,   0.769,   1.000,9999.000,9999.000,9999.000,9999.000,9999.000,9999.000,9999.000
202607100348,   0.724,   0.961,9999.000,9999.000,9999.000,9999.000,9999.000,9999.000,9999.000
202607100354,   0.682,   0.928,9999.000,9999.000,9999.000,9999.000,9999.000,9999.000,9999.000
202607100400,   0.642,   0.879,   0.600,  -0.363,   0.879,   0.600,   0.879,   0.600,   0.879
202607100406,   0.605,   0.849,9999.000,9999.000,9999.000,9999.000,9999.000,9999.000,9999.000
202607100412,   0.571,   0.849,9999.000,9999.000,9999.000,9999.000,9999.000,9999.000,9999.000
202607100418,   0.540,   0.839,9999.000,9999.000,9999.000,9999.000,9999.000,9999.000,9999.000
202607100424,   0.512,   0.810,9999.000,9999.000,9999.000,9999.000,9999.000,9999.000,9999.000
202607100430,   0.487,   0.780,9999.000,9999.000,9999.000,9999.000,9999.000,9999.000,9999.000
202607100436,   0.466,   0.751,9999.000,9999.000,9999.000,9999.000,9999.000,9999.000,9999.000
202607100442,   0.447,   0.741,9999.000,9999.000,9999.000,9999.000,9999.000,9999.000,9999.000
202607100448,   0.432,   0.741,9999.000,9999.000,9999.000,9999.000,9999.000,9999.000,9999.000
202607100454,   0.421,   0.731,9999.000,9999.000,9999.000,9999.000,9999.000,9999.000,9999.000
202607100500,   0.413,   0.708,   0.600,  -0.305,   0.708,   0.600,   0.708,   0.600,   0.708
202607100506,   0.408,   0.669,9999.000,9999.000,9999.000,9999.000,9999.000,9999.000,9999.000
202607100512,   0.407,   0.741,9999.000,9999.000,9999.000,9999.000,9999.000,9999.000,9999.000
202607100518,   0.409,   0.760,9999.000,9999.000,9999.000,9999.000,9999.000,9999.000,9999.000
202607100524,   0.415,   0.780,9999.000,9999.000,9999.000,9999.000,9999.000,9999.000,9999.000
202607100530,   0.424,   0.770,9999.000,9999.000,9999.000,9999.000,9999.000,9999.000,9999.000
202607100536,   0.436,   0.760,9999.000,9999.000,9999.000,9999.000,9999.000,9999.000,9999.000
202607100542,   0.452,   0.810,9999.000,9999.000,9999.000,9999.000,9999.000,9999.000,9999.000
202607100548,   0.472,   0.829,9999.000,9999.000,9999.000,9999.000,9999.000,9999.000,9999.000
202607100554,   0.494,   0.869,9999.000,9999.000,9999.000,9999.000,9999.000,9999.000,9999.000
202607100600,   0.519,   0.898,   0.600,  -0.221,   0.898,   0.500,   0.798,   0.700,   0.998
202607100606,   0.547,   0.918,9999.000,9999.000,9999.000,9999.000,9999.000,9999.000,9999.000
202607100612,   0.578,   1.010,9999.000,9999.000,9999.000,9999.000,9999.000,9999.000,9999.000
202607100618,   0.611,   1.059,9999.000,9999.000,9999.000,9999.000,9999.000,9999.000,9999.000
202607100624,   0.647,   1.108,9999.000,9999.000,9999.000,9999.000,9999.000,9999.000,9999.000
202607100630,   0.685,   1.161,9999.000,9999.000,9999.000,9999.000,9999.000,9999.000,9999.000
202607100636,   0.724,   1.180,9999.000,9999.000,9999.000,9999.000,9999.000,9999.000,9999.000
202607100642,   0.766,   1.279,9999.000,9999.000,9999.000,9999.000,9999.000,9999.000,9999.000
202607100648,   0.809,   1.328,9999.000,9999.000,9999.000,9999.000,9999.000,9999.000,9999.000
202607100654,   0.853,   1.400,9999.000,9999.000,9999.000,9999.000,9999.000,9999.000,9999.000
202607100700,   0.898,   1.469,   0.600,  -0.029,   1.469,   0.600,   1.469,   0.700,   1.569
202607100706,   0.945,   1.489,9999.000,9999.000,9999.000,9999.000,9999.000,9999.000,9999.000
202607100712,   0.992,   1.580,9999.000,9999.000,9999.000,9999.000,9999.000,9999.000,9999.000
202607100718,   1.040,   1.639,9999.000,9999.000,9999.000,9999.000,9999.000,9999.000,9999.000
202607100724,   1.088,   1.679,9999.000,9999.000,9999.000,9999.000,9999.000,9999.000,9999.000
202607100730,   1.137,   1.748,9999.000,9999.000,9999.000,9999.000,9999.000,9999.000,9999.000
202607100736,   1.186,   1.758,9999.000,9999.000,9999.000,9999.000,9999.000,9999.000,9999.000
202607100742,   1.235,   1.840,9999.000,9999.000,9999.000,9999.000,9999.000,9999.000,9999.000
202607100748,   1.285,   1.889,9999.000,9999.000,9999.000,9999.000,9999.000,9999.000,9999.000
202607100754,   1.334,   1.958,9999.000,9999.000,9999.000,9999.000,9999.000,9999.000,9999.000
202607100800,   1.383,   2.030,   0.600,   0.047,   2.030,   0.600,   2.030,   0.700,   2.130
202607100806,   1.432,   2.030,9999.000,9999.000,9999.000,9999.000,9999.000,9999.000,9999.000
202607100812,   1.481,   2.089,9999.000,9999.000,9999.000,9999.000,9999.000,9999.000,9999.000
202607100818,   1.530,   2.128,9999.000,9999.000,9999.000,9999.000,9999.000,9999.000,9999.000
202607100824,   1.578,   2.210,9999.000,9999.000,9999.000,9999.000,9999.000,9999.000,9999.000
202607100830,   1.625,   2.230,9999.000,9999.000,9999.000,9999.000,9999.000,9999.000,9999.000
202607100836,   1.672,   2.269,9999.000,9999.000,9999.000,9999.000,9999.000,9999.000,9999.000
202607100842,   1.718,   2.318,9999.000,9999.000,9999.000,9999.000,9999.000,9999.000,9999.000
202607100848,   1.763,   2.338,9999.000,9999.000,9999.000,9999.000,9999.000,9999.000,9999.000
202607100854,   1.808,   2.440,9999.000,9999.000,9999.000,9999.000,9999.000,9999.000,9999.000
202607100900,   1.851,   2.450,   0.600,  -0.001,   2.450,   0.600,   2.450,   0.700,   2.550
202607100906,   1.893,   2.479,9999.000,9999.000,9999.000,9999.000,9999.000,9999.000,9999.000
202607100912,   1.933,   2.509,9999.000,9999.000,9999.000,9999.000,9999.000,9999.000,9999.000
202607100918,   1.972,   2.578,9999.000,9999.000,9999.000,9999.000,9999.000,9999.000,9999.000
202607100924,   2.009,   2.620,9999.000,9999.000,9999.000,9999.000,9999.000,9999.000,9999.000
202607100930,   2.044,   2.640,9999.000,9999.000,9999.000,9999.000,9999.000,9999.000,9999.000
202607100936,   2.077,   2.660,9999.000,9999.000,9999.000,9999.000,9999.000,9999.000,9999.000
202607100942,   2.107,   2.699,9999.000,9999.000,9999.000,9999.000,9999.000,9999.000,9999.000
202607100948,   2.135,   2.797,9999.000,9999.000,9999.000,9999.000,9999.000,9999.000,9999.000
202607100954,   2.161,   2.797,9999.000,9999.000,9999.000,9999.000,9999.000,9999.000,9999.000
202607101000,   2.184,   2.807,   0.700,  -0.077,   2.807,   0.600,   2.707,   0.700,   2.807
202607101006,   2.204,   2.807,9999.000,9999.000,9999.000,9999.000,9999.000,9999.000,9999.000
202607101012,   2.221,   2.840,9999.000,9999.000,9999.000,9999.000,9999.000,9999.000,9999.000
202607101018,   2.235,   2.879,9999.000,9999.000,9999.000,9999.000,9999.000,9999.000,9999.000
202607101024,   2.246,   2.899,9999.000,9999.000,9999.000,9999.000,9999.000,9999.000,9999.000
202607101030,   2.254,   2.889,9999.000,9999.000,9999.000,9999.000,9999.000,9999.000,9999.000
202607101036,   2.260,   2.879,9999.000,9999.000,9999.000,9999.000,9999.000,9999.000,9999.000
202607101042,   2.262,   2.929,9999.000,9999.000,9999.000,9999.000,9999.000,9999.000,9999.000
202607101048,   2.262,   2.909,9999.000,9999.000,9999.000,9999.000,9999.000,9999.000,9999.000
202607101054,   2.259,   2.889,9999.000,9999.000,9999.000,9999.000,9999.000,9999.000,9999.000
202607101100,   2.253,   2.869,   0.700,  -0.084,   2.869,   0.600,   2.769,   0.700,   2.869
202607101106,   2.245,   2.850,9999.000,9999.000,9999.000,9999.000,9999.000,9999.000,9999.000
202607101112,   2.234,   2.909,9999.000,9999.000,9999.000,9999.000,9999.000,9999.000,9999.000
202607101118,   2.222,   2.899,9999.000,9999.000,9999.000,9999.000,9999.000,9999.000,9999.000
202607101124,   2.207,   2.860,9999.000,9999.000,9999.000,9999.000,9999.000,9999.000,9999.000
202607101130,   2.191,   2.869,9999.000,9999.000,9999.000,9999.000,9999.000,9999.000,9999.000
202607101136,   2.172,   2.909,9999.000,9999.000,9999.000,9999.000,9999.000,9999.000,9999.000
202607101142,   2.152,   2.929,9999.000,9999.000,9999.000,9999.000,9999.000,9999.000,9999.000
202607101148,   2.131,   2.889,9999.000,9999.000,9999.000,9999.000,9999.000,9999.000,9999.000
202607101154,   2.108,   2.879,9999.000,9999.000,9999.000,9999.000,9999.000,9999.000,9999.000
202607101200,   2.084,   2.869,   0.700,   0.085,   2.869,   0.600,   2.769,   0.700,   2.869
202607101206,   2.059,   2.850,9999.000,9999.000,9999.000,9999.000,9999.000,9999.000,9999.000
202607101212,   2.032,   2.850,9999.000,9999.000,9999.000,9999.000,9999.000,9999.000,9999.000
202607101218,   2.004,   2.820,9999.000,9999.000,9999.000,9999.000,9999.000,9999.000,9999.000
202607101224,   1.975,   2.758,9999.000,9999.000,9999.000,9999.000,9999.000,9999.000,9999.000
202607101230,   1.945,   2.689,9999.000,9999.000,9999.000,9999.000,9999.000,9999.000,9999.000
202607101236,   1.914,   2.669,9999.000,9999.000,9999.000,9999.000,9999.000,9999.000,9999.000
202607101242,   1.881,   2.679,9999.000,9999.000,9999.000,9999.000,9999.000,9999.000,9999.000
202607101248,   1.847,   2.630,9999.000,9999.000,9999.000,9999.000,9999.000,9999.000,9999.000
202607101254,   1.812,   2.548,9999.000,9999.000,9999.000,9999.000,9999.000,9999.000,9999.000
202607101300,   1.776,   2.519,   0.700,   0.043,   2.519,   0.600,   2.419,   0.700,   2.519
202607101306,   1.738,   2.479,9999.000,9999.000,9999.000,9999.000,9999.000,9999.000,9999.000
202607101312,   1.698,   2.430,9999.000,9999.000,9999.000,9999.000,9999.000,9999.000,9999.000
202607101318,   1.657,   2.348,9999.000,9999.000,9999.000,9999.000,9999.000,9999.000,9999.000
202607101324,   1.615,   2.279,9999.000,9999.000,9999.000,9999.000,9999.000,9999.000,9999.000
202607101330,   1.571,   2.240,9999.000,9999.000,9999.000,9999.000,9999.000,9999.000,9999.000
202607101336,   1.526,   2.177,9999.000,9999.000,9999.000,9999.000,9999.000,9999.000,9999.000
202607101342,   1.480,   2.099,9999.000,9999.000,9999.000,9999.000,9999.000,9999.000,9999.000
202607101348,   1.432,   2.020,9999.000,9999.000,9999.000,9999.000,9999.000,9999.000,9999.000
202607101354,   1.384,   1.990,9999.000,9999.000,9999.000,9999.000,9999.000,9999.000,9999.000
202607101400,   1.334,   1.938,   0.700,  -0.096,   1.938,   0.600,   1.838,   0.700,   1.938
202607101406,   1.283,   1.918,9999.000,9999.000,9999.000,9999.000,9999.000,9999.000,9999.000
202607101412,   1.232,   1.879,9999.000,9999.000,9999.000,9999.000,9999.000,9999.000,9999.000
202607101418,   1.180,   1.830,9999.000,9999.000,9999.000,9999.000,9999.000,9999.000,9999.000
202607101424,   1.128,   1.790,9999.000,9999.000,9999.000,9999.000,9999.000,9999.000,9999.000
202607101430,   1.076,   1.738,9999.000,9999.000,9999.000,9999.000,9999.000,9999.000,9999.000
202607101436,   1.024,   1.689,9999.000,9999.000,9999.000,9999.000,9999.000,9999.000,9999.000
202607101442,   0.973,   1.630,9999.000,9999.000,9999.000,9999.000,9999.000,9999.000,9999.000
202607101448,   0.922,   1.557,9999.000,9999.000,9999.000,9999.000,9999.000,9999.000,9999.000
202607101454,   0.872,   1.498,9999.000,9999.000,9999.000,9999.000,9999.000,9999.000,9999.000
202607101500,   0.823,   1.459,   0.700,  -0.064,   1.459,   0.700,   1.459,   0.700,   1.459
202607101506,   0.775,   1.420,9999.000,9999.000,9999.000,9999.000,9999.000,9999.000,9999.000
202607101512,   0.729,   1.348,9999.000,9999.000,9999.000,9999.000,9999.000,9999.000,9999.000
202607101518,   0.685,   1.269,9999.000,9999.000,9999.000,9999.000,9999.000,9999.000,9999.000
202607101524,   0.642,   1.239,9999.000,9999.000,9999.000,9999.000,9999.000,9999.000,9999.000
202607101530,   0.602,   1.239,9999.000,9999.000,9999.000,9999.000,9999.000,9999.000,9999.000
202607101536,   0.564,   1.220,9999.000,9999.000,9999.000,9999.000,9999.000,9999.000,9999.000
202607101542,   0.528,   1.180,9999.000,9999.000,9999.000,9999.000,9999.000,9999.000,9999.000
202607101548,   0.494,   1.138,9999.000,9999.000,9999.000,9999.000,9999.000,9999.000,9999.000
202607101554,   0.464,   1.108,9999.000,9999.000,9999.000,9999.000,9999.000,9999.000,9999.000
202607101600,   0.436,   1.088,   0.700,  -0.048,   1.088,   0.700,   1.088,   0.700,   1.088
202607101606,   0.410,   1.059,9999.000,9999.000,9999.000,9999.000,9999.000,9999.000,9999.000
202607101612,   0.388,   1.049,9999.000,9999.000,9999.000,9999.000,9999.000,9999.000,9999.000
202607101618,   0.368,   1.049,9999.000,9999.000,9999.000,9999.000,9999.000,9999.000,9999.000
202607101624,   0.351,   1.029,9999.000,9999.000,9999.000,9999.000,9999.000,9999.000,9999.000
202607101630,   0.338,   1.000,9999.000,9999.000,9999.000,9999.000,9999.000,9999.000,9999.000
202607101636,   0.327,   1.010,9999.000,9999.000,9999.000,9999.000,9999.000,9999.000,9999.000
202607101642,   0.320,   1.000,9999.000,9999.000,9999.000,9999.000,9999.000,9999.000,9999.000
202607101648,   0.315,   0.990,9999.000,9999.000,9999.000,9999.000,9999.000,9999.000,9999.000
202607101654,   0.314,   0.970,9999.000,9999.000,9999.000,9999.000,9999.000,9999.000,9999.000
202607101700,   0.317,   0.990,   0.700,  -0.027,   0.990,   0.600,   0.890,   0.700,   0.990
202607101706,   0.322,   0.980,9999.000,9999.000,9999.000,9999.000,9999.000,9999.000,9999.000
202607101712,   0.332,   1.020,9999.000,9999.000,9999.000,9999.000,9999.000,9999.000,9999.000
202607101718,   0.344,   1.020,9999.000,9999.000,9999.000,9999.000,9999.000,9999.000,9999.000
202607101724,   0.360,   1.000,9999.000,9999.000,9999.000,9999.000,9999.000,9999.000,9999.000
202607101730,   0.380,   1.029,9999.000,9999.000,9999.000,9999.000,9999.000,9999.000,9999.000
202607101736,   0.403,   1.059,9999.000,9999.000,9999.000,9999.000,9999.000,9999.000,9999.000
202607101742,   0.429,   1.118,9999.000,9999.000,9999.000,9999.000,9999.000,9999.000,9999.000
202607101748,   0.459,   1.161,9999.000,9999.000,9999.000,9999.000,9999.000,9999.000,9999.000
202607101754,   0.493,   1.180,9999.000,9999.000,9999.000,9999.000,9999.000,9999.000,9999.000
202607101800,   0.530,   1.210,   0.700,  -0.020,   1.210,   0.600,   1.110,   0.700,   1.210
202607101806,   0.570,   1.289,9999.000,9999.000,9999.000,9999.000,9999.000,9999.000,9999.000
202607101812,   0.614,   1.318,9999.000,9999.000,9999.000,9999.000,9999.000,9999.000,9999.000
202607101818,   0.660,   1.338,9999.000,9999.000,9999.000,9999.000,9999.000,9999.000,9999.000
202607101824,   0.710,   1.420,9999.000,9999.000,9999.000,9999.000,9999.000,9999.000,9999.000
202607101830,   0.763,   1.538,9999.000,9999.000,9999.000,9999.000,9999.000,9999.000,9999.000
202607101836,   0.818,   1.630,9999.000,9999.000,9999.000,9999.000,9999.000,9999.000,9999.000
202607101842,   0.877,   1.689,9999.000,9999.000,9999.000,9999.000,9999.000,9999.000,9999.000
202607101848,   0.937,   1.738,9999.000,9999.000,9999.000,9999.000,9999.000,9999.000,9999.000
202607101854,   1.000,   1.767,9999.000,9999.000,9999.000,9999.000,9999.000,9999.000,9999.000
202607101900,   1.064,   1.840,   0.700,   0.076,   1.840,   0.600,   1.740,   0.700,   1.840
202607101906,   1.131,   1.918,9999.000,9999.000,9999.000,9999.000,9999.000,9999.000,9999.000
202607101912,   1.199,   1.990,9999.000,9999.000,9999.000,9999.000,9999.000,9999.000,9999.000
202607101918,   1.269,   2.030,9999.000,9999.000,9999.000,9999.000,9999.000,9999.000,9999.000
202607101924,   1.339,   2.099,9999.000,9999.000,9999.000,9999.000,9999.000,9999.000,9999.000
202607101930,   1.411,   2.168,9999.000,9999.000,9999.000,9999.000,9999.000,9999.000,9999.000
202607101936,   1.484,   2.269,9999.000,9999.000,9999.000,9999.000,9999.000,9999.000,9999.000
202607101942,   1.557,   2.318,9999.000,9999.000,9999.000,9999.000,9999.000,9999.000,9999.000
202607101948,   1.631,   2.358,9999.000,9999.000,9999.000,9999.000,9999.000,9999.000,9999.000
202607101954,   1.705,   2.450,9999.000,9999.000,9999.000,9999.000,9999.000,9999.000,9999.000
202607102000,   1.779,   2.528,   0.700,   0.049,   2.528,   0.600,   2.428,   0.700,   2.528
202607102006,   1.853,   2.578,9999.000,9999.000,9999.000,9999.000,9999.000,9999.000,9999.000
202607102012,   1.927,   2.620,9999.000,9999.000,9999.000,9999.000,9999.000,9999.000,9999.000
202607102018,   2.001,   2.660,9999.000,9999.000,9999.000,9999.000,9999.000,9999.000,9999.000
202607102024,   2.074,   2.709,9999.000,9999.000,9999.000,9999.000,9999.000,9999.000,9999.000
202607102030,   2.147,   2.787,9999.000,9999.000,9999.000,9999.000,9999.000,9999.000,9999.000
202607102036,   2.220,   2.840,9999.000,9999.000,9999.000,9999.000,9999.000,9999.000,9999.000
202607102042,   2.291,   2.909,9999.000,9999.000,9999.000,9999.000,9999.000,9999.000,9999.000
202607102048,   2.362,   2.948,9999.000,9999.000,9999.000,9999.000,9999.000,9999.000,9999.000
202607102054,   2.432,   3.040,9999.000,9999.000,9999.000,9999.000,9999.000,9999.000,9999.000
202607102100,   2.500,   3.129,   0.600,   0.029,   3.129,   0.600,   3.129,   0.700,   3.229
202607102106,   2.568,   3.188,9999.000,9999.000,9999.000,9999.000,9999.000,9999.000,9999.000
202607102112,   2.634,   3.230,9999.000,9999.000,9999.000,9999.000,9999.000,9999.000,9999.000
202607102118,   2.698,   3.319,9999.000,9999.000,9999.000,9999.000,9999.000,9999.000,9999.000
202607102124,   2.761,   3.417,9999.000,9999.000,9999.000,9999.000,9999.000,9999.000,9999.000
202607102130,   2.821,   3.509,9999.000,9999.000,9999.000,9999.000,9999.000,9999.000,9999.000
202607102136,   2.880,   3.548,9999.000,9999.000,9999.000,9999.000,9999.000,9999.000,9999.000
202607102142,   2.936,   3.578,9999.000,9999.000,9999.000,9999.000,9999.000,9999.000,9999.000
202607102148,   2.990,   3.627,9999.000,9999.000,9999.000,9999.000,9999.000,9999.000,9999.000
202607102154,   3.041,   3.680,9999.000,9999.000,9999.000,9999.000,9999.000,9999.000,9999.000
202607102200,   3.089,   3.739,   0.600,   0.050,   3.739,   0.600,   3.739,   0.700,   3.839
202607102206,   3.134,   3.788,9999.000,9999.000,9999.000,9999.000,9999.000,9999.000,9999.000
202607102212,   3.176,   3.817,9999.000,9999.000,9999.000,9999.000,9999.000,9999.000,9999.000
202607102218,   3.215,   3.808,9999.000,9999.000,9999.000,9999.000,9999.000,9999.000,9999.000
202607102224,   3.250,   3.847,9999.000,9999.000,9999.000,9999.000,9999.000,9999.000,9999.000
202607102230,   3.281,   3.899,9999.000,9999.000,9999.000,9999.000,9999.000,9999.000,9999.000
202607102236,   3.309,   3.899,9999.000,9999.000,9999.000,9999.000,9999.000,9999.000,9999.000
202607102242,   3.334,   3.899,9999.000,9999.000,9999.000,9999.000,9999.000,9999.000,9999.000
202607102248,   3.354,   3.909,9999.000,9999.000,9999.000,9999.000,9999.000,9999.000,9999.000
202607102254,   3.371,   3.899,9999.000,9999.000,9999.000,9999.000,9999.000,9999.000,9999.000
202607102300,   3.385,   3.890,   0.600,  -0.095,   3.890,   0.600,   3.890,   0.700,   3.990
202607102306,   3.394,   3.890,9999.000,9999.000,9999.000,9999.000,9999.000,9999.000,9999.000
202607102312,   3.401,   3.880,9999.000,9999.000,9999.000,9999.000,9999.000,9999.000,9999.000
202607102318,   3.403,   3.909,9999.000,9999.000,9999.000,9999.000,9999.000,9999.000,9999.000
202607102324,   3.403,   3.890,9999.000,9999.000,9999.000,9999.000,9999.000,9999.000,9999.000
202607102330,   3.399,   3.919,9999.000,9999.000,9999.000,9999.000,9999.000,9999.000,9999.000
202607102336,   3.392,   3.880,9999.000,9999.000,9999.000,9999.000,9999.000,9999.000,9999.000
202607102342,   3.382,   3.860,9999.000,9999.000,9999.000,9999.000,9999.000,9999.000,9999.000
202607102348,   3.369,   3.870,9999.000,9999.000,9999.000,9999.000,9999.000,9999.000,9999.000
202607102354,   3.354,   3.899,9999.000,9999.000,9999.000,9999.000,9999.000,9999.000,9999.000
202607110000,   3.336,   3.847,   0.700,  -0.189,   3.847,   0.600,   3.747,   0.700,   3.847
202607110006,   3.315,   3.817,9999.000,9999.000,9999.000,9999.000,9999.000,9999.000,9999.000
202607110012,   3.292,   3.778,9999.000,9999.000,9999.000,9999.000,9999.000,9999.000,9999.000
202607110018,   3.267,   3.768,9999.000,9999.000,9999.000,9999.000,9999.000,9999.000,9999.000
202607110024,   3.240,   3.749,9999.000,9999.000,9999.000,9999.000,9999.000,9999.000,9999.000
202607110030,   3.211,   3.729,9999.000,9999.000,9999.000,9999.000,9999.000,9999.000,9999.000
202607110036,   3.180,   3.729,9999.000,9999.000,9999.000,9999.000,9999.000,9999.000,9999.000
202607110042,   3.146,   3.699,9999.000,9999.000,9999.000,9999.000,9999.000,9999.000,9999.000
202607110048,   3.111,   3.660,9999.000,9999.000,9999.000,9999.000,9999.000,9999.000,9999.000
202607110054,   3.073,   3.588,9999.000,9999.000,9999.000,9999.000,9999.000,9999.000,9999.000
202607110100,   3.034,   3.548,   0.700,  -0.186,   3.548,   0.600,   3.448,   0.700,   3.548
202607110106,   2.992,   3.470,9999.000,9999.000,9999.000,9999.000,9999.000,9999.000,9999.000
202607110112,   2.948,   3.388,9999.000,9999.000,9999.000,9999.000,9999.000,9999.000,9999.000
202607110118,   2.902,   3.368,9999.000,9999.000,9999.000,9999.000,9999.000,9999.000,9999.000
202607110124,   2.854,   3.329,9999.000,9999.000,9999.000,9999.000,9999.000,9999.000,9999.000
202607110130,   2.803,   3.270,9999.000,9999.000,9999.000,9999.000,9999.000,9999.000,9999.000
202607110136,   2.750,   3.188,9999.000,9999.000,9999.000,9999.000,9999.000,9999.000,9999.000
202607110142,   2.694,   3.119,9999.000,9999.000,9999.000,9999.000,9999.000,9999.000,9999.000
202607110148,   2.637,   3.079,9999.000,9999.000,9999.000,9999.000,9999.000,9999.000,9999.000
202607110154,   2.577,   3.007,9999.000,9999.000,9999.000,9999.000,9999.000,9999.000,9999.000
202607110200,   2.515,   2.938,   0.700,  -0.277,   2.938,   0.600,   2.838,   0.700,   2.938
202607110206,   2.450,   2.869,9999.000,9999.000,9999.000,9999.000,9999.000,9999.000,9999.000
202607110212,   2.384,   2.807,9999.000,9999.000,9999.000,9999.000,9999.000,9999.000,9999.000
202607110218,   2.316,   2.719,9999.000,9999.000,9999.000,9999.000,9999.000,9999.000,9999.000
202607110224,   2.246,   2.640,9999.000,9999.000,9999.000,9999.000,9999.000,9999.000,9999.000
202607110230,   2.174,   2.558,9999.000,9999.000,9999.000,9999.000,9999.000,9999.000,9999.000
202607110236,   2.101,   2.499,9999.000,9999.000,9999.000,9999.000,9999.000,9999.000,9999.000
202607110242,   2.027,   2.400,9999.000,9999.000,9999.000,9999.000,9999.000,9999.000,9999.000
202607110248,   1.952,   2.328,9999.000,9999.000,9999.000,9999.000,9999.000,9999.000,9999.000
202607110254,   1.876,   2.259,9999.000,9999.000,9999.000,9999.000,9999.000,9999.000,9999.000
202607110300,   1.800,   2.177,   0.700,  -0.323,   2.177,   0.600,   2.077,   0.700,   2.177
202607110306,   1.724,   2.099,9999.000,9999.000,9999.000,9999.000,9999.000,9999.000,9999.000
202607110312,   1.648,   1.990,9999.000,9999.000,9999.000,9999.000,9999.000,9999.000,9999.000
202607110318,   1.572,   1.918,9999.000,9999.000,9999.000,9999.000,9999.000,9999.000,9999.000
202607110324,   1.497,   1.849,9999.000,9999.000,9999.000,9999.000,9999.000,9999.000,9999.000
202607110330,   1.423,   1.758,9999.000,9999.000,9999.000,9999.000,9999.000,9999.000,9999.000
202607110336,   1.350,   1.679,9999.000,9999.000,9999.000,9999.000,9999.000,9999.000,9999.000
202607110342,   1.278,   1.590,9999.000,9999.000,9999.000,9999.000,9999.000,9999.000,9999.000
202607110348,   1.208,   1.518,9999.000,9999.000,9999.000,9999.000,9999.000,9999.000,9999.000
202607110354,   1.140,   1.430,9999.000,9999.000,9999.000,9999.000,9999.000,9999.000,9999.000
202607110400,   1.073,   1.348,   0.700,  -0.425,   1.348,   0.600,   1.248,   0.700,   1.348
202607110406,   1.008,   1.279,9999.000,9999.000,9999.000,9999.000,9999.000,9999.000,9999.000
202607110412,   0.946,   1.220,9999.000,9999.000,9999.000,9999.000,9999.000,9999.000,9999.000
202607110418,   0.886,   1.161,9999.000,9999.000,9999.000,9999.000,9999.000,9999.000,9999.000
202607110424,   0.828,   1.088,9999.000,9999.000,9999.000,9999.000,9999.000,9999.000,9999.000
202607110430,   0.772,   1.020,9999.000,9999.000,9999.000,9999.000,9999.000,9999.000,9999.000
202607110436,   0.720,   0.951,9999.000,9999.000,9999.000,9999.000,9999.000,9999.000,9999.000
202607110442,   0.670,   0.888,9999.000,9999.000,9999.000,9999.000,9999.000,9999.000,9999.000
202607110448,   0.622,   0.819,9999.000,9999.000,9999.000,9999.000,9999.000,9999.000,9999.000
202607110454,   0.578,   0.780,9999.000,9999.000,9999.000,9999.000,9999.000,9999.000,9999.000
202607110500,   0.536,   0.731,   0.700,  -0.505,   0.731,   0.600,   0.631,   0.700,   0.731
202607110506,   0.497,   0.698,9999.000,9999.000,9999.000,9999.000,9999.000,9999.000,9999.000
202607110512,   0.461,   0.678,9999.000,9999.000,9999.000,9999.000,9999.000,9999.000,9999.000
202607110518,   0.429,   0.629,9999.000,9999.000,9999.000,9999.000,9999.000,9999.000,9999.000
202607110524,   0.399,   0.639,9999.000,9999.000,9999.000,9999.000,9999.000,9999.000,9999.000
202607110530,   0.373,   0.600,9999.000,9999.000,9999.000,9999.000,9999.000,9999.000,9999.000
202607110536,   0.350,   0.610,9999.000,9999.000,9999.000,9999.000,9999.000,9999.000,9999.000
202607110542,   0.331,   0.619,9999.000,9999.000,9999.000,9999.000,9999.000,9999.000,9999.000
202607110548,   0.315,   0.580,9999.000,9999.000,9999.000,9999.000,9999.000,9999.000,9999.000
202607110554,   0.303,   0.570,9999.000,9999.000,9999.000,9999.000,9999.000,9999.000,9999.000
202607110600,   0.294,   0.560,   0.700,  -0.434,   0.560,   0.600,   0.460,   0.700,   0.560
202607110606,   0.289,   0.541,9999.000,9999.000,9999.000,9999.000,9999.000,9999.000,9999.000
202607110612,   0.287,   0.580,9999.000,9999.000,9999.000,9999.000,9999.000,9999.000,9999.000
202607110618,   0.289,   0.590,9999.000,9999.000,9999.000,9999.000,9999.000,9999.000,9999.000
202607110624,   0.295,   0.600,9999.000,9999.000,9999.000,9999.000,9999.000,9999.000,9999.000
202607110630,   0.305,   0.629,9999.000,9999.000,9999.000,9999.000,9999.000,9999.000,9999.000
202607110636,   0.318,   0.649,9999.000,9999.000,9999.000,9999.000,9999.000,9999.000,9999.000
202607110642,   0.334,   0.708,9999.000,9999.000,9999.000,9999.000,9999.000,9999.000,9999.000
202607110648,   0.354,   0.731,9999.000,9999.000,9999.000,9999.000,9999.000,9999.000,9999.000
202607110654,   0.378,   0.810,9999.000,9999.000,9999.000,9999.000,9999.000,9999.000,9999.000
202607110700,   0.405,   0.829,   0.700,  -0.276,   0.829,   0.700,   0.829,   0.700,   0.829
202607110706,   0.435,   0.879,9999.000,9999.000,9999.000,9999.000,9999.000,9999.000,9999.000
202607110712,   0.468,   0.918,9999.000,9999.000,9999.000,9999.000,9999.000,9999.000,9999.000
202607110718,   0.503,   0.961,9999.000,9999.000,9999.000,9999.000,9999.000,9999.000,9999.000
202607110724,   0.542,   1.039,9999.000,9999.000,9999.000,9999.000,9999.000,9999.000,9999.000
202607110730,   0.583,   1.079,9999.000,9999.000,9999.000,9999.000,9999.000,9999.000,9999.000
202607110736,   0.626,   1.151,9999.000,9999.000,9999.000,9999.000,9999.000,9999.000,9999.000
202607110742,   0.671,   1.249,9999.000,9999.000,9999.000,9999.000,9999.000,9999.000,9999.000
202607110748,   0.718,   1.308,9999.000,9999.000,9999.000,9999.000,9999.000,9999.000,9999.000
202607110754,   0.767,   1.400,9999.000,9999.000,9999.000,9999.000,9999.000,9999.000,9999.000
202607110800,   0.817,   1.479,   0.700,  -0.038,   1.479,   0.700,   1.479,   0.700,   1.479
202607110806,   0.868,   1.518,9999.000,9999.000,9999.000,9999.000,9999.000,9999.000,9999.000
202607110812,   0.921,   1.580,9999.000,9999.000,9999.000,9999.000,9999.000,9999.000,9999.000
202607110818,   0.975,   1.639,9999.000,9999.000,9999.000,9999.000,9999.000,9999.000,9999.000
202607110824,   1.029,   1.679,9999.000,9999.000,9999.000,9999.000,9999.000,9999.000,9999.000
202607110830,   1.084,   1.728,9999.000,9999.000,9999.000,9999.000,9999.000,9999.000,9999.000
202607110836,   1.140,   1.748,9999.000,9999.000,9999.000,9999.000,9999.000,9999.000,9999.000
202607110842,   1.196,   1.810,9999.000,9999.000,9999.000,9999.000,9999.000,9999.000,9999.000
202607110848,   1.252,   1.849,9999.000,9999.000,9999.000,9999.000,9999.000,9999.000,9999.000
202607110854,   1.308,   1.899,9999.000,9999.000,9999.000,9999.000,9999.000,9999.000,9999.000
202607110900,   1.364,   1.938,   0.700,  -0.126,   1.938,   0.700,   1.938,   0.700,   1.938
202607110906,   1.420,   1.981,9999.000,9999.000,9999.000,9999.000,9999.000,9999.000,9999.000
202607110912,   1.476,   2.000,9999.000,9999.000,9999.000,9999.000,9999.000,9999.000,9999.000
202607110918,   1.531,   2.049,9999.000,9999.000,9999.000,9999.000,9999.000,9999.000,9999.000
202607110924,   1.585,   2.128,9999.000,9999.000,9999.000,9999.000,9999.000,9999.000,9999.000
202607110930,   1.639,   2.168,9999.000,9999.000,9999.000,9999.000,9999.000,9999.000,9999.000
202607110936,   1.692,   2.230,9999.000,9999.000,9999.000,9999.000,9999.000,9999.000,9999.000
202607110942,   1.744,   2.289,9999.000,9999.000,9999.000,9999.000,9999.000,9999.000,9999.000
202607110948,   1.795,   2.358,9999.000,9999.000,9999.000,9999.000,9999.000,9999.000,9999.000
202607110954,   1.844,   2.430,9999.000,9999.000,9999.000,9999.000,9999.000,9999.000,9999.000
202607111000,   1.892,   2.489,   0.700,  -0.103,   2.489,   0.700,   2.489,   0.700,   2.489
202607111006,   1.938,   2.519,9999.000,9999.000,9999.000,9999.000,9999.000,9999.000,9999.000
202607111012,   1.982,   2.568,9999.000,9999.000,9999.000,9999.000,9999.000,9999.000,9999.000
202607111018,   2.024,   2.597,9999.000,9999.000,9999.000,9999.000,9999.000,9999.000,9999.000
202607111024,   2.064,   2.640,9999.000,9999.000,9999.000,9999.000,9999.000,9999.000,9999.000
202607111030,   2.101,   2.699,9999.000,9999.000,9999.000,9999.000,9999.000,9999.000,9999.000
202607111036,   2.136,   2.758,9999.000,9999.000,9999.000,9999.000,9999.000,9999.000,9999.000
202607111042,   2.168,   2.768,9999.000,9999.000,9999.000,9999.000,9999.000,9999.000,9999.000
202607111048,   2.198,   2.778,9999.000,9999.000,9999.000,9999.000,9999.000,9999.000,9999.000
202607111054,   2.224,   2.797,9999.000,9999.000,9999.000,9999.000,9999.000,9999.000,9999.000
202607111100,   2.248,   2.840,   0.700,  -0.108,   2.840,   0.700,   2.840,   0.700,   2.840
202607111106,   2.268,   2.869,9999.000,9999.000,9999.000,9999.000,9999.000,9999.000,9999.000
202607111112,   2.286,   2.919,9999.000,9999.000,9999.000,9999.000,9999.000,9999.000,9999.000
202607111118,   2.301,   2.938,9999.000,9999.000,9999.000,9999.000,9999.000,9999.000,9999.000
202607111124,   2.312,   2.909,9999.000,9999.000,9999.000,9999.000,9999.000,9999.000,9999.000
202607111130,   2.321,   2.938,9999.000,9999.000,9999.000,9999.000,9999.000,9999.000,9999.000
202607111136,   2.327,   2.948,9999.000,9999.000,9999.000,9999.000,9999.000,9999.000,9999.000
202607111142,   2.330,   2.938,9999.000,9999.000,9999.000,9999.000,9999.000,9999.000,9999.000
202607111148,   2.331,   2.938,9999.000,9999.000,9999.000,9999.000,9999.000,9999.000,9999.000
202607111154,   2.329,   2.938,9999.000,9999.000,9999.000,9999.000,9999.000,9999.000,9999.000
202607111200,   2.324,   2.938,   0.700,  -0.086,   2.938,   0.700,   2.938,   0.700,   2.938
202607111206,   2.317,   2.938,9999.000,9999.000,9999.000,9999.000,9999.000,9999.000,9999.000
202607111212,   2.308,   2.929,9999.000,9999.000,9999.000,9999.000,9999.000,9999.000,9999.000
202607111218,   2.297,   2.899,9999.000,9999.000,9999.000,9999.000,9999.000,9999.000,9999.000
202607111224,   2.284,   2.869,9999.000,9999.000,9999.000,9999.000,9999.000,9999.000,9999.000
202607111230,   2.269,   2.889,9999.000,9999.000,9999.000,9999.000,9999.000,9999.000,9999.000
202607111236,   2.252,   2.909,9999.000,9999.000,9999.000,9999.000,9999.000,9999.000,9999.000
202607111242,   2.233,   2.889,9999.000,9999.000,9999.000,9999.000,9999.000,9999.000,9999.000
202607111248,   2.213,   2.860,9999.000,9999.000,9999.000,9999.000,9999.000,9999.000,9999.000
202607111254,   2.191,   2.840,9999.000,9999.000,9999.000,9999.000,9999.000,9999.000,9999.000
202607111300,   2.168,   2.820,   0.700,  -0.048,   2.820,   0.700,   2.820,   0.700,   2.820
202607111306,   2.143,   2.850,9999.000,9999.000,9999.000,9999.000,9999.000,9999.000,9999.000
202607111312,   2.116,   2.850,9999.000,9999.000,9999.000,9999.000,9999.000,9999.000,9999.000
202607111318,   2.088,   2.807,9999.000,9999.000,9999.000,9999.000,9999.000,9999.000,9999.000
202607111324,   2.058,   2.787,9999.000,9999.000,9999.000,9999.000,9999.000,9999.000,9999.000
202607111330,   2.027,   2.768,9999.000,9999.000,9999.000,9999.000,9999.000,9999.000,9999.000
202607111336,   1.993,   2.728,9999.000,9999.000,9999.000,9999.000,9999.000,9999.000,9999.000
202607111342,   1.958,   2.699,9999.000,9999.000,9999.000,9999.000,9999.000,9999.000,9999.000
202607111348,   1.921,   2.660,9999.000,9999.000,9999.000,9999.000,9999.000,9999.000,9999.000
202607111354,   1.882,   2.620,9999.000,9999.000,9999.000,9999.000,9999.000,9999.000,9999.000
202607111400,   1.841,   2.578,   0.700,   0.037,   2.578,   0.700,   2.578,   0.700,   2.578
202607111406,   1.798,   2.519,9999.000,9999.000,9999.000,9999.000,9999.000,9999.000,9999.000
202607111412,   1.753,   2.440,9999.000,9999.000,9999.000,9999.000,9999.000,9999.000,9999.000
202607111418,   1.707,   2.400,9999.000,9999.000,9999.000,9999.000,9999.000,9999.000,9999.000
202607111424,   1.658,   2.338,9999.000,9999.000,9999.000,9999.000,9999.000,9999.000,9999.000
202607111430,   1.608,   2.259,9999.000,9999.000,9999.000,9999.000,9999.000,9999.000,9999.000
202607111436,   1.556,   2.200,9999.000,9999.000,9999.000,9999.000,9999.000,9999.000,9999.000
202607111442,   1.503,   2.138,9999.000,9999.000,9999.000,9999.000,9999.000,9999.000,9999.000
202607111448,   1.448,   2.099,9999.000,9999.000,9999.000,9999.000,9999.000,9999.000,9999.000
202607111454,   1.393,   2.049,9999.000,9999.000,9999.000,9999.000,9999.000,9999.000,9999.000
202607111500,   1.336,   2.000,   0.700,  -0.036,   2.000,   0.700,   2.000,   0.700,   2.000
202607111506,   1.279,   1.938,9999.000,9999.000,9999.000,9999.000,9999.000,9999.000,9999.000
202607111512,   1.221,   1.889,9999.000,9999.000,9999.000,9999.000,9999.000,9999.000,9999.000
202607111518,   1.163,   1.830,9999.000,9999.000,9999.000,9999.000,9999.000,9999.000,9999.000
202607111524,   1.105,   1.748,9999.000,9999.000,9999.000,9999.000,9999.000,9999.000,9999.000
202607111530,   1.047,   1.699,9999.000,9999.000,9999.000,9999.000,9999.000,9999.000,9999.000
202607111536,   0.990,   1.639,9999.000,9999.000,9999.000,9999.000,9999.000,9999.000,9999.000
202607111542,   0.933,   1.557,9999.000,9999.000,9999.000,9999.000,9999.000,9999.000,9999.000
202607111548,   0.878,   1.479,9999.000,9999.000,9999.000,9999.000,9999.000,9999.000,9999.000
202607111554,   0.824,   1.430,9999.000,9999.000,9999.000,9999.000,9999.000,9999.000,9999.000
202607111600,   0.771,   1.380,   0.700,  -0.091,   1.380,   0.700,   1.380,   0.700,   1.380
202607111606,   0.720,   1.308,9999.000,9999.000,9999.000,9999.000,9999.000,9999.000,9999.000
202607111612,   0.671,   1.259,9999.000,9999.000,9999.000,9999.000,9999.000,9999.000,9999.000
202607111618,   0.623,   1.220,9999.000,9999.000,9999.000,9999.000,9999.000,9999.000,9999.000
202607111624,   0.578,   1.180,9999.000,9999.000,9999.000,9999.000,9999.000,9999.000,9999.000
202607111630,   0.536,   1.151,9999.000,9999.000,9999.000,9999.000,9999.000,9999.000,9999.000
202607111636,   0.495,   1.108,9999.000,9999.000,9999.000,9999.000,9999.000,9999.000,9999.000
202607111642,   0.457,   1.098,9999.000,9999.000,9999.000,9999.000,9999.000,9999.000,9999.000
202607111648,   0.422,   1.079,9999.000,9999.000,9999.000,9999.000,9999.000,9999.000,9999.000
202607111654,   0.389,   1.059,9999.000,9999.000,9999.000,9999.000,9999.000,9999.000,9999.000
202607111700,   0.360,   1.039,   0.700,  -0.021,   1.039,   0.700,   1.039,   0.800,   1.139
202607111706,   0.333,   1.029,9999.000,9999.000,9999.000,9999.000,9999.000,9999.000,9999.000
202607111712,   0.308,   1.039,9999.000,9999.000,9999.000,9999.000,9999.000,9999.000,9999.000
202607111718,   0.287,   1.000,9999.000,9999.000,9999.000,9999.000,9999.000,9999.000,9999.000
202607111724,   0.269,   1.000,9999.000,9999.000,9999.000,9999.000,9999.000,9999.000,9999.000
202607111730,   0.254,   0.980,9999.000,9999.000,9999.000,9999.000,9999.000,9999.000,9999.000
202607111736,   0.242,   0.980,9999.000,9999.000,9999.000,9999.000,9999.000,9999.000,9999.000
202607111742,   0.233,   0.970,9999.000,9999.000,9999.000,9999.000,9999.000,9999.000,9999.000
202607111748,   0.228,   0.970,9999.000,9999.000,9999.000,9999.000,9999.000,9999.000,9999.000
202607111754,   0.225,   0.970,9999.000,9999.000,9999.000,9999.000,9999.000,9999.000,9999.000
202607111800,   0.227,   0.980,   0.700,   0.053,   0.980,   0.700,   0.980,   0.700,   0.980
202607111806,   0.231,   1.000,9999.000,9999.000,9999.000,9999.000,9999.000,9999.000,9999.000
202607111812,   0.240,   1.000,9999.000,9999.000,9999.000,9999.000,9999.000,9999.000,9999.000
202607111818,   0.252,   1.010,9999.000,9999.000,9999.000,9999.000,9999.000,9999.000,9999.000
202607111824,   0.268,   1.010,9999.000,9999.000,9999.000,9999.000,9999.000,9999.000,9999.000
202607111830,   0.287,   1.059,9999.000,9999.000,9999.000,9999.000,9999.000,9999.000,9999.000
202607111836,   0.311,   1.079,9999.000,9999.000,9999.000,9999.000,9999.000,9999.000,9999.000
202607111842,   0.338,   1.118,9999.000,9999.000,9999.000,9999.000,9999.000,9999.000,9999.000
202607111848,   0.369,   1.161,9999.000,9999.000,9999.000,9999.000,9999.000,9999.000,9999.000
202607111854,   0.404,   1.210,9999.000,9999.000,9999.000,9999.000,9999.000,9999.000,9999.000
202607111900,   0.442,   1.269,   0.700,   0.127,   1.269,   0.700,   1.269,   0.800,   1.369
202607111906,   0.485,   1.298,9999.000,9999.000,9999.000,9999.000,9999.000,9999.000,9999.000
202607111912,   0.531,   1.371,9999.000,9999.000,9999.000,9999.000,9999.000,9999.000,9999.000
202607111918,   0.581,   1.430,9999.000,9999.000,9999.000,9999.000,9999.000,9999.000,9999.000
202607111924,   0.634,   1.498,9999.000,9999.000,9999.000,9999.000,9999.000,9999.000,9999.000
202607111930,   0.690,   1.571,9999.000,9999.000,9999.000,9999.000,9999.000,9999.000,9999.000
202607111936,   0.750,   1.649,9999.000,9999.000,9999.000,9999.000,9999.000,9999.000,9999.000
202607111942,   0.812,   1.699,9999.000,9999.000,9999.000,9999.000,9999.000,9999.000,9999.000
202607111948,   0.877,   1.781,9999.000,9999.000,9999.000,9999.000,9999.000,9999.000,9999.000
202607111954,   0.945,   1.830,9999.000,9999.000,9999.000,9999.000,9999.000,9999.000,9999.000
202607112000,   1.015,   1.918,   0.700,   0.203,   1.918,   0.700,   1.918,   0.800,   2.018
202607112006,   1.087,   2.000,9999.000,9999.000,9999.000,9999.000,9999.000,9999.000,9999.000
202607112012,   1.161,   2.059,9999.000,9999.000,9999.000,9999.000,9999.000,9999.000,9999.000
202607112018,   1.237,   2.148,9999.000,9999.000,9999.000,9999.000,9999.000,9999.000,9999.000
202607112024,   1.314,   2.230,9999.000,9999.000,9999.000,9999.000,9999.000,9999.000,9999.000
202607112030,   1.392,   2.299,9999.000,9999.000,9999.000,9999.000,9999.000,9999.000,9999.000
202607112036,   1.471,   2.377,9999.000,9999.000,9999.000,9999.000,9999.000,9999.000,9999.000
202607112042,   1.551,   2.469,9999.000,9999.000,9999.000,9999.000,9999.000,9999.000,9999.000
202607112048,   1.631,   2.538,9999.000,9999.000,9999.000,9999.000,9999.000,9999.000,9999.000
202607112054,   1.712,   2.620,9999.000,9999.000,9999.000,9999.000,9999.000,9999.000,9999.000
202607112100,   1.793,   2.669,   0.700,   0.176,   2.669,   0.700,   2.669,   0.800,   2.769
202607112106,   1.874,   2.719,9999.000,9999.000,9999.000,9999.000,9999.000,9999.000,9999.000
202607112112,   1.954,   2.820,9999.000,9999.000,9999.000,9999.000,9999.000,9999.000,9999.000
202607112118,   2.035,   2.860,9999.000,9999.000,9999.000,9999.000,9999.000,9999.000,9999.000
202607112124,   2.114,   2.919,9999.000,9999.000,9999.000,9999.000,9999.000,9999.000,9999.000
202607112130,   2.193,   2.968,9999.000,9999.000,9999.000,9999.000,9999.000,9999.000,9999.000
202607112136,   2.271,   3.050,9999.000,9999.000,9999.000,9999.000,9999.000,9999.000,9999.000
202607112142,   2.349,   3.119,9999.000,9999.000,9999.000,9999.000,9999.000,9999.000,9999.000
202607112148,   2.425,   3.197,9999.000,9999.000,9999.000,9999.000,9999.000,9999.000,9999.000
202607112154,   2.499,   3.279,9999.000,9999.000,9999.000,9999.000,9999.000,9999.000,9999.000
202607112200,   2.573,   3.329,   0.800,  -0.044,   3.329,   0.700,   3.229,   0.800,   3.329
202607112206,   2.644,   3.407,9999.000,9999.000,9999.000,9999.000,9999.000,9999.000,9999.000
202607112212,   2.714,   3.460,9999.000,9999.000,9999.000,9999.000,9999.000,9999.000,9999.000
202607112218,   2.782,   3.529,9999.000,9999.000,9999.000,9999.000,9999.000,9999.000,9999.000
202607112224,   2.847,   3.607,9999.000,9999.000,9999.000,9999.000,9999.000,9999.000,9999.000
202607112230,   2.910,   3.660,9999.000,9999.000,9999.000,9999.000,9999.000,9999.000,9999.000
202607112236,   2.971,   3.739,9999.000,9999.000,9999.000,9999.000,9999.000,9999.000,9999.000
202607112242,   3.029,   3.778,9999.000,9999.000,9999.000,9999.000,9999.000,9999.000,9999.000
202607112248,   3.085,   3.798,9999.000,9999.000,9999.000,9999.000,9999.000,9999.000,9999.000
202607112254,   3.137,   3.827,9999.000,9999.000,9999.000,9999.000,9999.000,9999.000,9999.000
202607112300,   3.186,   3.890,   0.800,  -0.096,   3.890,   0.700,   3.790,   0.800,   3.890
202607112306,   3.232,   3.939,9999.000,9999.000,9999.000,9999.000,9999.000,9999.000,9999.000
202607112312,   3.274,   3.978,9999.000,9999.000,9999.000,9999.000,9999.000,9999.000,9999.000
202607112318,   3.313,   3.998,9999.000,9999.000,9999.000,9999.000,9999.000,9999.000,9999.000
202607112324,   3.349,   4.037,9999.000,9999.000,9999.000,9999.000,9999.000,9999.000,9999.000
202607112330,   3.380,   4.099,9999.000,9999.000,9999.000,9999.000,9999.000,9999.000,9999.000
202607112336,   3.409,   4.090,9999.000,9999.000,9999.000,9999.000,9999.000,9999.000,9999.000
202607112342,   3.433,   4.109,9999.000,9999.000,9999.000,9999.000,9999.000,9999.000,9999.000
202607112348,   3.454,   4.139,9999.000,9999.000,9999.000,9999.000,9999.000,9999.000,9999.000
202607112354,   3.471,   4.149,9999.000,9999.000,9999.000,9999.000,9999.000,9999.000,9999.000
202607120000,   3.484,   4.178,   0.700,  -0.006,   4.178,   0.700,   4.178,   0.800,   4.278
202607120006,   3.494,   4.188,9999.000,9999.000,9999.000,9999.000,9999.000,9999.000,9999.000
202607120012,   3.501,   4.149,9999.000,9999.000,9999.000,9999.000,9999.000,9999.000,9999.000
202607120018,   3.504,   4.159,9999.000,9999.000,9999.000,9999.000,9999.000,9999.000,9999.000
202607120024,   3.504,   4.139,9999.000,9999.000,9999.000,9999.000,9999.000,9999.000,9999.000
202607120030,   3.500,   4.129,9999.000,9999.000,9999.000,9999.000,9999.000,9999.000,9999.000
202607120036,   3.494,   4.119,9999.000,9999.000,9999.000,9999.000,9999.000,9999.000,9999.000
202607120042,   3.485,   4.070,9999.000,9999.000,9999.000,9999.000,9999.000,9999.000,9999.000
202607120048,   3.472,   4.070,9999.000,9999.000,9999.000,9999.000,9999.000,9999.000,9999.000
202607120054,   3.457,   4.057,9999.000,9999.000,9999.000,9999.000,9999.000,9999.000,9999.000
202607120100,   3.439,   3.998,   0.700,  -0.141,   3.998,   0.700,   3.998,   0.800,   4.098
202607120106,   3.419,   3.978,9999.000,9999.000,9999.000,9999.000,9999.000,9999.000,9999.000
202607120112,   3.396,   3.949,9999.000,9999.000,9999.000,9999.000,9999.000,9999.000,9999.000
202607120118,   3.370,   3.949,9999.000,9999.000,9999.000,9999.000,9999.000,9999.000,9999.000
202607120124,   3.342,   3.899,9999.000,9999.000,9999.000,9999.000,9999.000,9999.000,9999.000
202607120130,   3.311,   3.880,9999.000,9999.000,9999.000,9999.000,9999.000,9999.000,9999.000
202607120136,   3.277,   3.817,9999.000,9999.000,9999.000,9999.000,9999.000,9999.000,9999.000
202607120142,   3.241,   3.788,9999.000,9999.000,9999.000,9999.000,9999.000,9999.000,9999.000
202607120148,   3.203,   3.739,9999.000,9999.000,9999.000,9999.000,9999.000,9999.000,9999.000
202607120154,   3.162,   3.680,9999.000,9999.000,9999.000,9999.000,9999.000,9999.000,9999.000
202607120200,   3.118,   3.607,   0.700,  -0.211,   3.607,   0.700,   3.607,   0.800,   3.707
202607120206,   3.071,   3.558,9999.000,9999.000,9999.000,9999.000,9999.000,9999.000,9999.000
202607120212,   3.022,   3.509,9999.000,9999.000,9999.000,9999.000,9999.000,9999.000,9999.000
202607120218,   2.969,   3.427,9999.000,9999.000,9999.000,9999.000,9999.000,9999.000,9999.000
202607120224,   2.915,   3.348,9999.000,9999.000,9999.000,9999.000,9999.000,9999.000,9999.000
202607120230,   2.857,   3.279,9999.000,9999.000,9999.000,9999.000,9999.000,9999.000,9999.000
202607120236,   2.797,   3.230,9999.000,9999.000,9999.000,9999.000,9999.000,9999.000,9999.000
202607120242,   2.734,   3.168,9999.000,9999.000,9999.000,9999.000,9999.000,9999.000,9999.000
202607120248,   2.668,   3.089,9999.000,9999.000,9999.000,9999.000,9999.000,9999.000,9999.000
202607120254,   2.600,   2.997,9999.000,9999.000,9999.000,9999.000,9999.000,9999.000,9999.000
202607120300,   2.530,   2.938,   0.700,  -0.292,   2.938,   0.700,   2.938,   0.800,   3.038
202607120306,   2.457,   2.860,9999.000,9999.000,9999.000,9999.000,9999.000,9999.000,9999.000
202607120312,   2.383,   2.797,9999.000,9999.000,9999.000,9999.000,9999.000,9999.000,9999.000
202607120318,   2.307,   2.689,9999.000,9999.000,9999.000,9999.000,9999.000,9999.000,9999.000
202607120324,   2.229,   2.620,9999.000,9999.000,9999.000,9999.000,9999.000,9999.000,9999.000
202607120330,   2.150,   2.519,9999.000,9999.000,9999.000,9999.000,9999.000,9999.000,9999.000
202607120336,   2.069,   2.430,9999.000,9999.000,9999.000,9999.000,9999.000,9999.000,9999.000
202607120342,   1.988,   2.358,9999.000,9999.000,9999.000,9999.000,9999.000,9999.000,9999.000
202607120348,   1.907,   2.269,9999.000,9999.000,9999.000,9999.000,9999.000,9999.000,9999.000
202607120354,   1.825,   2.168,9999.000,9999.000,9999.000,9999.000,9999.000,9999.000,9999.000
202607120400,   1.743,   2.089,   0.700,  -0.354,   2.089,   0.700,   2.089,   0.700,   2.089
202607120406,   1.661,   2.020,9999.000,9999.000,9999.000,9999.000,9999.000,9999.000,9999.000
202607120412,   1.580,   1.938,9999.000,9999.000,9999.000,9999.000,9999.000,9999.000,9999.000
202607120418,   1.500,   1.849,9999.000,9999.000,9999.000,9999.000,9999.000,9999.000,9999.000
202607120424,   1.420,   1.748,9999.000,9999.000,9999.000,9999.000,9999.000,9999.000,9999.000
202607120430,   1.342,   1.679,9999.000,9999.000,9999.000,9999.000,9999.000,9999.000,9999.000
202607120436,   1.265,   1.590,9999.000,9999.000,9999.000,9999.000,9999.000,9999.000,9999.000
202607120442,   1.189,   1.518,9999.000,9999.000,9999.000,9999.000,9999.000,9999.000,9999.000
202607120448,   1.116,   1.449,9999.000,9999.000,9999.000,9999.000,9999.000,9999.000,9999.000
202607120454,   1.044,   1.380,9999.000,9999.000,9999.000,9999.000,9999.000,9999.000,9999.000
202607120500,   0.974,   1.289,   0.700,  -0.385,   1.289,   0.700,   1.289,   0.700,   1.289
202607120506,   0.906,   1.210,9999.000,9999.000,9999.000,9999.000,9999.000,9999.000,9999.000
202607120512,   0.840,   1.098,9999.000,9999.000,9999.000,9999.000,9999.000,9999.000,9999.000
202607120518,   0.777,   1.049,9999.000,9999.000,9999.000,9999.000,9999.000,9999.000,9999.000
202607120524,   0.716,   0.970,9999.000,9999.000,9999.000,9999.000,9999.000,9999.000,9999.000
202607120530,   0.658,   0.879,9999.000,9999.000,9999.000,9999.000,9999.000,9999.000,9999.000
202607120536,   0.602,   0.810,9999.000,9999.000,9999.000,9999.000,9999.000,9999.000,9999.000
202607120542,   0.549,   0.718,9999.000,9999.000,9999.000,9999.000,9999.000,9999.000,9999.000
202607120548,   0.499,   0.688,9999.000,9999.000,9999.000,9999.000,9999.000,9999.000,9999.000
202607120554,   0.451,   0.639,9999.000,9999.000,9999.000,9999.000,9999.000,9999.000,9999.000
202607120600,   0.407,   0.600,   0.700,  -0.507,   0.600,   0.700,   0.600,   0.700,   0.600
202607120606,   0.365,   0.560,9999.000,9999.000,9999.000,9999.000,9999.000,9999.000,9999.000
202607120612,   0.327,   0.508,9999.000,9999.000,9999.000,9999.000,9999.000,9999.000,9999.000
202607120618,   0.292,   0.469,9999.000,9999.000,9999.000,9999.000,9999.000,9999.000,9999.000
202607120624,   0.261,   0.429,9999.000,9999.000,9999.000,9999.000,9999.000,9999.000,9999.000
202607120630,   0.233,   0.409,9999.000,9999.000,9999.000,9999.000,9999.000,9999.000,9999.000
202607120636,   0.210,   0.380,9999.000,9999.000,9999.000,9999.000,9999.000,9999.000,9999.000
202607120642,   0.189,   0.370,9999.000,9999.000,9999.000,9999.000,9999.000,9999.000,9999.000
202607120648,   0.173,   0.360,9999.000,9999.000,9999.000,9999.000,9999.000,9999.000,9999.000
202607120654,   0.161,   0.380,9999.000,9999.000,9999.000,9999.000,9999.000,9999.000,9999.000
202607120700,   0.153,   0.400,   0.600,  -0.353,   0.400,   0.600,   0.400,   0.700,   0.500
202607120706,   0.149,   0.390,9999.000,9999.000,9999.000,9999.000,9999.000,9999.000,9999.000
202607120712,   0.149,   0.380,9999.000,9999.000,9999.000,9999.000,9999.000,9999.000,9999.000
202607120718,   0.154,   0.390,9999.000,9999.000,9999.000,9999.000,9999.000,9999.000,9999.000
202607120724,   0.163,   0.449,9999.000,9999.000,9999.000,9999.000,9999.000,9999.000,9999.000
202607120730,   0.176,   0.508,9999.000,9999.000,9999.000,9999.000,9999.000,9999.000,9999.000
202607120736,   0.193,   0.551,9999.000,9999.000,9999.000,9999.000,9999.000,9999.000,9999.000
202607120742,   0.214,   0.560,9999.000,9999.000,9999.000,9999.000,9999.000,9999.000,9999.000
202607120748,   0.240,   0.600,9999.000,9999.000,9999.000,9999.000,9999.000,9999.000,9999.000
202607120754,   0.269,   0.619,9999.000,9999.000,9999.000,9999.000,9999.000,9999.000,9999.000
202607120800,   0.301,   0.678,   0.600,  -0.223,   0.678,   0.600,   0.678,   0.700,   0.778
202607120806,   0.338,   0.741,9999.000,9999.000,9999.000,9999.000,9999.000,9999.000,9999.000
202607120812,   0.377,   0.770,9999.000,9999.000,9999.000,9999.000,9999.000,9999.000,9999.000
202607120818,   0.420,   0.800,9999.000,9999.000,9999.000,9999.000,9999.000,9999.000,9999.000
202607120824,   0.465,   0.879,9999.000,9999.000,9999.000,9999.000,9999.000,9999.000,9999.000
202607120830,   0.513,   0.951,9999.000,9999.000,9999.000,9999.000,9999.000,9999.000,9999.000
202607120836,   0.564,   1.020,9999.000,9999.000,9999.000,9999.000,9999.000,9999.000,9999.000
202607120842,   0.617,   1.079,9999.000,9999.000,9999.000,9999.000,9999.000,9999.000,9999.000
202607120848,   0.671,   1.151,9999.000,9999.000,9999.000,9999.000,9999.000,9999.000,9999.000
202607120854,   0.728,   1.229,9999.000,9999.000,9999.000,9999.000,9999.000,9999.000,9999.000
202607120900,   0.785,   1.308,   0.600,  -0.077,   1.308,   0.600,   1.308,   0.600,   1.308
202607120906,   0.844,   1.390,9999.000,9999.000,9999.000,9999.000,9999.000,9999.000,9999.000
202607120912,   0.904,   1.430,9999.000,9999.000,9999.000,9999.000,9999.000,9999.000,9999.000
202607120918,   0.965,   1.498,9999.000,9999.000,9999.000,9999.000,9999.000,9999.000,9999.000
202607120924,   1.026,   1.580,9999.000,9999.000,9999.000,9999.000,9999.000,9999.000,9999.000
202607120930,   1.088,   1.639,9999.000,9999.000,9999.000,9999.000,9999.000,9999.000,9999.000
202607120936,   1.151,   1.708,9999.000,9999.000,9999.000,9999.000,9999.000,9999.000,9999.000
202607120942,   1.213,   1.767,9999.000,9999.000,9999.000,9999.000,9999.000,9999.000,9999.000
202607120948,   1.275,   1.820,9999.000,9999.000,9999.000,9999.000,9999.000,9999.000,9999.000
202607120954,   1.337,   1.879,9999.000,9999.000,9999.000,9999.000,9999.000,9999.000,9999.000
202607121000,   1.399,   1.948,   0.600,  -0.051,   1.948,   0.600,   1.948,   0.600,   1.948
202607121006,   1.461,   1.967,9999.000,9999.000,9999.000,9999.000,9999.000,9999.000,9999.000
202607121012,   1.521,   2.030,9999.000,9999.000,9999.000,9999.000,9999.000,9999.000,9999.000
202607121018,   1.581,   2.079,9999.000,9999.000,9999.000,9999.000,9999.000,9999.000,9999.000
202607121024,   1.641,   2.109,9999.000,9999.000,9999.000,9999.000,9999.000,9999.000,9999.000
202607121030,   1.699,   2.148,9999.000,9999.000,9999.000,9999.000,9999.000,9999.000,9999.000
202607121036,   1.756,   2.191,9999.000,9999.000,9999.000,9999.000,9999.000,9999.000,9999.000
202607121042,   1.811,   2.240,9999.000,9999.000,9999.000,9999.000,9999.000,9999.000,9999.000
202607121048,   1.866,   2.289,9999.000,9999.000,9999.000,9999.000,9999.000,9999.000,9999.000
202607121054,   1.918,   2.338,9999.000,9999.000,9999.000,9999.000,9999.000,9999.000,9999.000
202607121100,   1.969,   2.368,   0.600,  -0.201,   2.368,   0.600,   2.368,   0.600,   2.368
202607121106,   2.018,   2.430,9999.000,9999.000,9999.000,9999.000,9999.000,9999.000,9999.000
202607121112,   2.065,   2.489,9999.000,9999.000,9999.000,9999.000,9999.000,9999.000,9999.000
202607121118,   2.110,   2.519,9999.000,9999.000,9999.000,9999.000,9999.000,9999.000,9999.000
202607121124,   2.152,   2.538,9999.000,9999.000,9999.000,9999.000,9999.000,9999.000,9999.000
202607121130,   2.192,   2.578,9999.000,9999.000,9999.000,9999.000,9999.000,9999.000,9999.000
202607121136,   2.229,   2.630,9999.000,9999.000,9999.000,9999.000,9999.000,9999.000,9999.000
202607121142,   2.263,   2.689,9999.000,9999.000,9999.000,9999.000,9999.000,9999.000,9999.000
202607121148,   2.295,   2.748,9999.000,9999.000,9999.000,9999.000,9999.000,9999.000,9999.000
202607121154,   2.323,   2.778,9999.000,9999.000,9999.000,9999.000,9999.000,9999.000,9999.000
202607121200,   2.349,   2.807,   0.500,  -0.042,   2.807,   0.500,   2.807,   0.600,   2.907
202607121206,   2.372,   2.840,9999.000,9999.000,9999.000,9999.000,9999.000,9999.000,9999.000
202607121212,   2.391,   2.850,9999.000,9999.000,9999.000,9999.000,9999.000,9999.000,9999.000
202607121218,   2.408,   2.869,9999.000,9999.000,9999.000,9999.000,9999.000,9999.000,9999.000
202607121224,   2.422,   2.879,9999.000,9999.000,9999.000,9999.000,9999.000,9999.000,9999.000
202607121230,   2.433,   2.879,9999.000,9999.000,9999.000,9999.000,9999.000,9999.000,9999.000
202607121236,   2.441,   2.879,9999.000,9999.000,9999.000,9999.000,9999.000,9999.000,9999.000
202607121242,   2.446,   2.899,9999.000,9999.000,9999.000,9999.000,9999.000,9999.000,9999.000
202607121248,   2.448,   2.899,9999.000,9999.000,9999.000,9999.000,9999.000,9999.000,9999.000
202607121254,   2.448,   2.889,9999.000,9999.000,9999.000,9999.000,9999.000,9999.000,9999.000
202607121300,   2.445,   2.899,   0.500,  -0.046,   2.899,   0.500,   2.899,   0.500,   2.899
202607121306,   2.440,   2.899,9999.000,9999.000,9999.000,9999.000,9999.000,9999.000,9999.000
202607121312,   2.432,   2.889,9999.000,9999.000,9999.000,9999.000,9999.000,9999.000,9999.000
202607121318,   2.422,   2.899,9999.000,9999.000,9999.000,9999.000,9999.000,9999.000,9999.000
202607121324,   2.409,   2.889,9999.000,9999.000,9999.000,9999.000,9999.000,9999.000,9999.000
202607121330,   2.395,   2.869,9999.000,9999.000,9999.000,9999.000,9999.000,9999.000,9999.000
202607121336,   2.378,   2.840,9999.000,9999.000,9999.000,9999.000,9999.000,9999.000,9999.000
202607121342,   2.359,   2.797,9999.000,9999.000,9999.000,9999.000,9999.000,9999.000,9999.000
202607121348,   2.338,   2.787,9999.000,9999.000,9999.000,9999.000,9999.000,9999.000,9999.000
202607121354,   2.315,   2.797,9999.000,9999.000,9999.000,9999.000,9999.000,9999.000,9999.000
202607121400,   2.290,   2.787,   0.500,  -0.003,   2.787,   0.500,   2.787,   0.500,   2.787
202607121406,   2.262,   2.748,9999.000,9999.000,9999.000,9999.000,9999.000,9999.000,9999.000
202607121412,   2.233,   2.719,9999.000,9999.000,9999.000,9999.000,9999.000,9999.000,9999.000
202607121418,   2.201,   2.689,9999.000,9999.000,9999.000,9999.000,9999.000,9999.000,9999.000
202607121424,   2.167,   2.660,9999.000,9999.000,9999.000,9999.000,9999.000,9999.000,9999.000
202607121430,   2.131,   2.620,9999.000,9999.000,9999.000,9999.000,9999.000,9999.000,9999.000
202607121436,   2.092,   2.597,9999.000,9999.000,9999.000,9999.000,9999.000,9999.000,9999.000
202607121442,   2.052,   2.558,9999.000,9999.000,9999.000,9999.000,9999.000,9999.000,9999.000
202607121448,   2.009,   2.519,9999.000,9999.000,9999.000,9999.000,9999.000,9999.000,9999.000
202607121454,   1.964,   2.479,9999.000,9999.000,9999.000,9999.000,9999.000,9999.000,9999.000
202607121500,   1.916,   2.430,   0.500,   0.014,   2.430,   0.500,   2.430,   0.500,   2.430
202607121506,   1.867,   2.368,9999.000,9999.000,9999.000,9999.000,9999.000,9999.000,9999.000
202607121512,   1.815,   2.299,9999.000,9999.000,9999.000,9999.000,9999.000,9999.000,9999.000
202607121518,   1.762,   2.259,9999.000,9999.000,9999.000,9999.000,9999.000,9999.000,9999.000
202607121524,   1.706,   2.191,9999.000,9999.000,9999.000,9999.000,9999.000,9999.000,9999.000
202607121530,   1.649,   2.128,9999.000,9999.000,9999.000,9999.000,9999.000,9999.000,9999.000
202607121536,   1.591,   2.049,9999.000,9999.000,9999.000,9999.000,9999.000,9999.000,9999.000
202607121542,   1.531,   1.967,9999.000,9999.000,9999.000,9999.000,9999.000,9999.000,9999.000
202607121548,   1.470,   1.908,9999.000,9999.000,9999.000,9999.000,9999.000,9999.000,9999.000
202607121554,   1.408,   1.840,9999.000,9999.000,9999.000,9999.000,9999.000,9999.000,9999.000
202607121600,   1.345,   1.767,   0.500,  -0.078,   1.767,   0.500,   1.767,   0.500,   1.767
202607121606,   1.282,   1.689,9999.000,9999.000,9999.000,9999.000,9999.000,9999.000,9999.000
202607121612,   1.219,   1.630,9999.000,9999.000,9999.000,9999.000,9999.000,9999.000,9999.000
202607121618,   1.156,   1.557,9999.000,9999.000,9999.000,9999.000,9999.000,9999.000,9999.000
202607121624,   1.093,   1.469,9999.000,9999.000,9999.000,9999.000,9999.000,9999.000,9999.000
202607121630,   1.030,   1.380,9999.000,9999.000,9999.000,9999.000,9999.000,9999.000,9999.000
202607121636,   0.968,   1.298,9999.000,9999.000,9999.000,9999.000,9999.000,9999.000,9999.000
202607121642,   0.908,   1.229,9999.000,9999.000,9999.000,9999.000,9999.000,9999.000,9999.000
202607121648,   0.848,   1.161,9999.000,9999.000,9999.000,9999.000,9999.000,9999.000,9999.000
202607121654,   0.790,   1.088,9999.000,9999.000,9999.000,9999.000,9999.000,9999.000,9999.000
202607121700,   0.733,   1.020,   0.500,  -0.213,   1.020,   0.500,   1.020,   0.500,   1.020
202607121706,   0.679,   0.961,9999.000,9999.000,9999.000,9999.000,9999.000,9999.000,9999.000
202607121712,   0.626,   0.908,9999.000,9999.000,9999.000,9999.000,9999.000,9999.000,9999.000
202607121718,   0.575,   0.849,9999.000,9999.000,9999.000,9999.000,9999.000,9999.000,9999.000
202607121724,   0.526,   0.819,9999.000,9999.000,9999.000,9999.000,9999.000,9999.000,9999.000
202607121730,   0.479,   0.780,9999.000,9999.000,9999.000,9999.000,9999.000,9999.000,9999.000
202607121736,   0.435,   0.741,9999.000,9999.000,9999.000,9999.000,9999.000,9999.000,9999.000
202607121742,   0.393,   0.718,9999.000,9999.000,9999.000,9999.000,9999.000,9999.000,9999.000
202607121748,   0.354,   0.698,9999.000,9999.000,9999.000,9999.000,9999.000,9999.000,9999.000
202607121754,   0.317,   0.669,9999.000,9999.000,9999.000,9999.000,9999.000,9999.000,9999.000
202607121800,   0.283,   0.659,   0.500,  -0.124,   0.659,   0.500,   0.659,   0.500,   0.659
202607121806,   0.252,   0.659,9999.000,9999.000,9999.000,9999.000,9999.000,9999.000,9999.000
202607121812,   0.224,   0.639,9999.000,9999.000,9999.000,9999.000,9999.000,9999.000,9999.000
202607121818,   0.199,   0.619,9999.000,9999.000,9999.000,9999.000,9999.000,9999.000,9999.000
202607121824,   0.178,   0.610,9999.000,9999.000,9999.000,9999.000,9999.000,9999.000,9999.000
202607121830,   0.159,   0.590,9999.000,9999.000,9999.000,9999.000,9999.000,9999.000,9999.000
202607121836,   0.144,   0.619,9999.000,9999.000,9999.000,9999.000,9999.000,9999.000,9999.000
202607121842,   0.133,   0.639,9999.000,9999.000,9999.000,9999.000,9999.000,9999.000,9999.000
202607121848,   0.125,   0.629,9999.000,9999.000,9999.000,9999.000,9999.000,9999.000,9999.000
202607121854,   0.121,   0.629,9999.000,9999.000,9999.000,9999.000,9999.000,9999.000,9999.000
202607121900,   0.121,   0.629,   0.500,   0.008,   0.629,   0.500,   0.629,   0.500,   0.629
202607121906,   0.125,   0.629,9999.000,9999.000,9999.000,9999.000,9999.000,9999.000,9999.000
202607121912,   0.134,   0.639,9999.000,9999.000,9999.000,9999.000,9999.000,9999.000,9999.000
202607121918,   0.146,   0.659,9999.000,9999.000,9999.000,9999.000,9999.000,9999.000,9999.000
202607121924,   0.163,   0.669,9999.000,9999.000,9999.000,9999.000,9999.000,9999.000,9999.000
202607121930,   0.184,   0.678,9999.000,9999.000,9999.000,9999.000,9999.000,9999.000,9999.000
202607121936,   0.210,   0.698,9999.000,9999.000,9999.000,9999.000,9999.000,9999.000,9999.000
202607121942,   0.240,   0.741,9999.000,9999.000,9999.000,9999.000,9999.000,9999.000,9999.000
202607121948,   0.275,   0.790,9999.000,9999.000,9999.000,9999.000,9999.000,9999.000,9999.000
202607121954,   0.314,   0.849,9999.000,9999.000,9999.000,9999.000,9999.000,9999.000,9999.000
202607122000,   0.357,   0.928,   0.500,   0.071,   0.928,   0.500,   0.928,   0.600,   1.028
202607122006,   0.405,   0.980,9999.000,9999.000,9999.000,9999.000,9999.000,9999.000,9999.000
202607122012,   0.456,   1.039,9999.000,9999.000,9999.000,9999.000,9999.000,9999.000,9999.000
202607122018,   0.512,   1.118,9999.000,9999.000,9999.000,9999.000,9999.000,9999.000,9999.000
202607122024,   0.571,   1.180,9999.000,9999.000,9999.000,9999.000,9999.000,9999.000,9999.000
202607122030,   0.633,   1.239,9999.000,9999.000,9999.000,9999.000,9999.000,9999.000,9999.000
202607122036,   0.699,   1.298,9999.000,9999.000,9999.000,9999.000,9999.000,9999.000,9999.000
202607122042,   0.768,   1.371,9999.000,9999.000,9999.000,9999.000,9999.000,9999.000,9999.000
202607122048,   0.839,   1.439,9999.000,9999.000,9999.000,9999.000,9999.000,9999.000,9999.000
202607122054,   0.913,   1.538,9999.000,9999.000,9999.000,9999.000,9999.000,9999.000,9999.000
202607122100,   0.990,   1.620,   0.500,   0.130,   1.620,   0.500,   1.620,   0.600,   1.720
202607122106,   1.068,   1.659,9999.000,9999.000,9999.000,9999.000,9999.000,9999.000,9999.000
202607122112,   1.148,   1.728,9999.000,9999.000,9999.000,9999.000,9999.000,9999.000,9999.000
202607122118,   1.229,   1.810,9999.000,9999.000,9999.000,9999.000,9999.000,9999.000,9999.000
202607122124,   1.312,   1.879,9999.000,9999.000,9999.000,9999.000,9999.000,9999.000,9999.000
202607122130,   1.395,   1.948,9999.000,9999.000,9999.000,9999.000,9999.000,9999.000,9999.000
202607122136,   1.479,   2.040,9999.000,9999.000,9999.000,9999.000,9999.000,9999.000,9999.000
202607122142,   1.563,   2.128,9999.000,9999.000,9999.000,9999.000,9999.000,9999.000,9999.000
202607122148,   1.648,   2.210,9999.000,9999.000,9999.000,9999.000,9999.000,9999.000,9999.000
202607122154,   1.733,   2.289,9999.000,9999.000,9999.000,9999.000,9999.000,9999.000,9999.000
202607122200,   1.817,   2.377,   0.500,   0.060,   2.377,   0.500,   2.377,   0.600,   2.477
202607122206,   1.902,   2.450,9999.000,9999.000,9999.000,9999.000,9999.000,9999.000,9999.000
202607122212,   1.986,   2.509,9999.000,9999.000,9999.000,9999.000,9999.000,9999.000,9999.000
202607122218,   2.069,   2.578,9999.000,9999.000,9999.000,9999.000,9999.000,9999.000,9999.000
202607122224,   2.151,   2.650,9999.000,9999.000,9999.000,9999.000,9999.000,9999.000,9999.000
202607122230,   2.233,   2.728,9999.000,9999.000,9999.000,9999.000,9999.000,9999.000,9999.000
202607122236,   2.314,   2.797,9999.000,9999.000,9999.000,9999.000,9999.000,9999.000,9999.000
202607122242,   2.393,   2.869,9999.000,9999.000,9999.000,9999.000,9999.000,9999.000,9999.000
202607122248,   2.471,   2.948,9999.000,9999.000,9999.000,9999.000,9999.000,9999.000,9999.000
202607122254,   2.548,   3.017,9999.000,9999.000,9999.000,9999.000,9999.000,9999.000,9999.000
202607122300,   2.623,   3.079,   0.600,  -0.144,   3.079,   0.500,   2.979,   0.600,   3.079
202607122306,   2.696,   3.148,9999.000,9999.000,9999.000,9999.000,9999.000,9999.000,9999.000
202607122312,   2.767,   3.217,9999.000,9999.000,9999.000,9999.000,9999.000,9999.000,9999.000
202607122318,   2.837,   3.279,9999.000,9999.000,9999.000,9999.000,9999.000,9999.000,9999.000
202607122324,   2.904,   3.358,9999.000,9999.000,9999.000,9999.000,9999.000,9999.000,9999.000
202607122330,   2.968,   3.427,9999.000,9999.000,9999.000,9999.000,9999.000,9999.000,9999.000
202607122336,   3.030,   3.480,9999.000,9999.000,9999.000,9999.000,9999.000,9999.000,9999.000
202607122342,   3.090,   3.548,9999.000,9999.000,9999.000,9999.000,9999.000,9999.000,9999.000
202607122348,   3.146,   3.607,9999.000,9999.000,9999.000,9999.000,9999.000,9999.000,9999.000
202607122354,   3.199,   3.670,9999.000,9999.000,9999.000,9999.000,9999.000,9999.000,9999.000
202607130000,   3.250,   3.719,   0.500,  -0.031,   3.719,   0.500,   3.719,   0.600,   3.819
202607130006,   3.296,   3.768,9999.000,9999.000,9999.000,9999.000,9999.000,9999.000,9999.000
202607130012,   3.340,   3.827,9999.000,9999.000,9999.000,9999.000,9999.000,9999.000,9999.000
202607130018,   3.380,   3.860,9999.000,9999.000,9999.000,9999.000,9999.000,9999.000,9999.000
202607130024,   3.416,   3.847,9999.000,9999.000,9999.000,9999.000,9999.000,9999.000,9999.000
202607130030,   3.448,   3.870,9999.000,9999.000,9999.000,9999.000,9999.000,9999.000,9999.000
202607130036,   3.477,   3.870,9999.000,9999.000,9999.000,9999.000,9999.000,9999.000,9999.000
202607130042,   3.502,   3.880,9999.000,9999.000,9999.000,9999.000,9999.000,9999.000,9999.000
202607130048,   3.524,   3.870,9999.000,9999.000,9999.000,9999.000,9999.000,9999.000,9999.000
202607130054,   3.541,   3.870,9999.000,9999.000,9999.000,9999.000,9999.000,9999.000,9999.000
202607130100,   3.555,   3.880,   0.500,  -0.175,   3.880,   0.500,   3.880,   0.500,   3.880
202607130106,   3.565,   3.880,9999.000,9999.000,9999.000,9999.000,9999.000,9999.000,9999.000
202607130112,   3.571,   3.880,9999.000,9999.000,9999.000,9999.000,9999.000,9999.000,9999.000
202607130118,   3.574,   3.880,9999.000,9999.000,9999.000,9999.000,9999.000,9999.000,9999.000
202607130124,   3.574,   3.860,9999.000,9999.000,9999.000,9999.000,9999.000,9999.000,9999.000
202607130130,   3.570,   3.837,9999.000,9999.000,9999.000,9999.000,9999.000,9999.000,9999.000
202607130136,   3.562,   3.847,9999.000,9999.000,9999.000,9999.000,9999.000,9999.000,9999.000
202607130142,   3.552,   3.837,9999.000,9999.000,9999.000,9999.000,9999.000,9999.000,9999.000
202607130148,   3.538,   3.827,9999.000,9999.000,9999.000,9999.000,9999.000,9999.000,9999.000
202607130154,   3.521,   3.798,9999.000,9999.000,9999.000,9999.000,9999.000,9999.000,9999.000
202607130200,   3.501,   3.788,   0.500,  -0.213,   3.788,   0.500,   3.788,   0.500,   3.788
202607130206,   3.478,   3.749,9999.000,9999.000,9999.000,9999.000,9999.000,9999.000,9999.000
202607130212,   3.452,   3.719,9999.000,9999.000,9999.000,9999.000,9999.000,9999.000,9999.000
202607130218,   3.423,   3.680,9999.000,9999.000,9999.000,9999.000,9999.000,9999.000,9999.000
202607130224,   3.391,   3.627,9999.000,9999.000,9999.000,9999.000,9999.000,9999.000,9999.000
202607130230,   3.356,   3.607,9999.000,9999.000,9999.000,9999.000,9999.000,9999.000,9999.000
202607130236,   3.318,   3.578,9999.000,9999.000,9999.000,9999.000,9999.000,9999.000,9999.000
202607130242,   3.277,   3.529,9999.000,9999.000,9999.000,9999.000,9999.000,9999.000,9999.000
202607130248,   3.234,   3.480,9999.000,9999.000,9999.000,9999.000,9999.000,9999.000,9999.000
202607130254,   3.187,   3.427,9999.000,9999.000,9999.000,9999.000,9999.000,9999.000,9999.000
202607130300,   3.137,   3.358,   0.500,  -0.279,   3.358,   0.500,   3.358,   0.500,   3.358
202607130306,   3.084,   3.299,9999.000,9999.000,9999.000,9999.000,9999.000,9999.000,9999.000
202607130312,   3.029,   3.250,9999.000,9999.000,9999.000,9999.000,9999.000,9999.000,9999.000
202607130318,   2.970,   3.178,9999.000,9999.000,9999.000,9999.000,9999.000,9999.000,9999.000
202607130324,   2.909,   3.089,9999.000,9999.000,9999.000,9999.000,9999.000,9999.000,9999.000
202607130330,   2.845,   3.040,9999.000,9999.000,9999.000,9999.000,9999.000,9999.000,9999.000
202607130336,   2.778,   2.968,9999.000,9999.000,9999.000,9999.000,9999.000,9999.000,9999.000
202607130342,   2.708,   2.919,9999.000,9999.000,9999.000,9999.000,9999.000,9999.000,9999.000
202607130348,   2.636,   2.840,9999.000,9999.000,9999.000,9999.000,9999.000,9999.000,9999.000
202607130354,   2.562,   2.768,9999.000,9999.000,9999.000,9999.000,9999.000,9999.000,9999.000
202607130400,   2.486,   2.689,   0.500,  -0.297,   2.689,   0.500,   2.689,   0.500,   2.689
202607130406,   2.407,   2.640,9999.000,9999.000,9999.000,9999.000,9999.000,9999.000,9999.000
202607130412,   2.327,   2.548,9999.000,9999.000,9999.000,9999.000,9999.000,9999.000,9999.000
202607130418,   2.245,   2.459,9999.000,9999.000,9999.000,9999.000,9999.000,9999.000,9999.000
202607130424,   2.162,   2.387,9999.000,9999.000,9999.000,9999.000,9999.000,9999.000,9999.000
202607130430,   2.078,   2.328,9999.000,9999.000,9999.000,9999.000,9999.000,9999.000,9999.000
202607130436,   1.992,   2.230,9999.000,9999.000,9999.000,9999.000,9999.000,9999.000,9999.000
202607130442,   1.907,   2.138,9999.000,9999.000,9999.000,9999.000,9999.000,9999.000,9999.000
202607130448,   1.821,   2.059,9999.000,9999.000,9999.000,9999.000,9999.000,9999.000,9999.000
202607130454,   1.735,   1.948,9999.000,9999.000,9999.000,9999.000,9999.000,9999.000,9999.000
202607130500,   1.648,   1.869,   0.500,  -0.279,   1.869,   0.500,   1.869,   0.500,   1.869
202607130506,   1.563,   1.781,9999.000,9999.000,9999.000,9999.000,9999.000,9999.000,9999.000
202607130512,   1.478,   1.679,9999.000,9999.000,9999.000,9999.000,9999.000,9999.000,9999.000
202607130518,   1.394,   1.600,9999.000,9999.000,9999.000,9999.000,9999.000,9999.000,9999.000
202607130524,   1.310,   1.498,9999.000,9999.000,9999.000,9999.000,9999.000,9999.000,9999.000
202607130530,   1.228,   1.410,9999.000,9999.000,9999.000,9999.000,9999.000,9999.000,9999.000
202607130536,   1.148,   1.318,9999.000,9999.000,9999.000,9999.000,9999.000,9999.000,9999.000
202607130542,   1.069,   1.229,9999.000,9999.000,9999.000,9999.000,9999.000,9999.000,9999.000
202607130548,   0.991,   1.138,9999.000,9999.000,9999.000,9999.000,9999.000,9999.000,9999.000
202607130554,   0.916,   1.069,9999.000,9999.000,9999.000,9999.000,9999.000,9999.000,9999.000
202607130600,   0.842,   1.000,   0.400,  -0.242,   1.000,   0.400,   1.000,   0.500,   1.100
202607130606,   0.771,   0.908,9999.000,9999.000,9999.000,9999.000,9999.000,9999.000,9999.000
202607130612,   0.702,   0.810,9999.000,9999.000,9999.000,9999.000,9999.000,9999.000,9999.000
202607130618,   0.635,   0.698,9999.000,9999.000,9999.000,9999.000,9999.000,9999.000,9999.000
202607130624,   0.571,   0.629,9999.000,9999.000,9999.000,9999.000,9999.000,9999.000,9999.000
202607130630,   0.510,   0.570,9999.000,9999.000,9999.000,9999.000,9999.000,9999.000,9999.000
202607130636,   0.452,   0.478,9999.000,9999.000,9999.000,9999.000,9999.000,9999.000,9999.000
202607130642,   0.396,   0.409,9999.000,9999.000,9999.000,9999.000,9999.000,9999.000,9999.000
202607130648,   0.344,   0.390,9999.000,9999.000,9999.000,9999.000,9999.000,9999.000,9999.000
202607130654,   0.295,   0.350,9999.000,9999.000,9999.000,9999.000,9999.000,9999.000,9999.000
202607130700,   0.250,   0.308,   0.400,  -0.342,   0.308,   0.400,   0.308,   0.400,   0.308
202607130706,   0.209,   0.249,9999.000,9999.000,9999.000,9999.000,9999.000,9999.000,9999.000
202607130712,   0.171,   0.180,9999.000,9999.000,9999.000,9999.000,9999.000,9999.000,9999.000
202607130718,   0.137,   0.160,9999.000,9999.000,9999.000,9999.000,9999.000,9999.000,9999.000
202607130724,   0.107,   0.141,9999.000,9999.000,9999.000,9999.000,9999.000,9999.000,9999.000
202607130730,   0.082,   0.121,9999.000,9999.000,9999.000,9999.000,9999.000,9999.000,9999.000
202607130736,   0.061,   0.078,9999.000,9999.000,9999.000,9999.000,9999.000,9999.000,9999.000
202607130742,   0.045,   0.059,9999.000,9999.000,9999.000,9999.000,9999.000,9999.000,9999.000
202607130748,   0.033,   0.049,9999.000,9999.000,9999.000,9999.000,9999.000,9999.000,9999.000
202607130754,   0.026,   0.039,9999.000,9999.000,9999.000,9999.000,9999.000,9999.000,9999.000
202607130800,   0.024,   0.049,   0.400,  -0.375,   0.049,   0.400,   0.049,   0.400,   0.049
202607130806,   0.027,   0.039,9999.000,9999.000,9999.000,9999.000,9999.000,9999.000,9999.000
202607130812,   0.034,   0.049,9999.000,9999.000,9999.000,9999.000,9999.000,9999.000,9999.000
202607130818,   0.046,   0.088,9999.000,9999.000,9999.000,9999.000,9999.000,9999.000,9999.000
202607130824,   0.063,   0.141,9999.000,9999.000,9999.000,9999.000,9999.000,9999.000,9999.000
202607130830,   0.084,   0.190,9999.000,9999.000,9999.000,9999.000,9999.000,9999.000,9999.000
202607130836,   0.110,   0.249,9999.000,9999.000,9999.000,9999.000,9999.000,9999.000,9999.000
202607130842,   0.140,   0.288,9999.000,9999.000,9999.000,9999.000,9999.000,9999.000,9999.000
202607130848,   0.173,   0.350,9999.000,9999.000,9999.000,9999.000,9999.000,9999.000,9999.000
202607130854,   0.211,   0.390,9999.000,9999.000,9999.000,9999.000,9999.000,9999.000,9999.000
202607130900,   0.253,   0.469,   0.400,  -0.184,   0.469,   0.400,   0.469,   0.400,   0.469
202607130906,   0.297,   0.560,9999.000,9999.000,9999.000,9999.000,9999.000,9999.000,9999.000
202607130912,   0.345,   0.639,9999.000,9999.000,9999.000,9999.000,9999.000,9999.000,9999.000
202607130918,   0.396,   0.718,9999.000,9999.000,9999.000,9999.000,9999.000,9999.000,9999.000
202607130924,   0.450,   0.770,9999.000,9999.000,9999.000,9999.000,9999.000,9999.000,9999.000
202607130930,   0.505,   0.819,9999.000,9999.000,9999.000,9999.000,9999.000,9999.000,9999.000
202607130936,   0.563,   0.908,9999.000,9999.000,9999.000,9999.000,9999.000,9999.000,9999.000
202607130942,   0.623,   0.961,9999.000,9999.000,9999.000,9999.000,9999.000,9999.000,9999.000
202607130948,   0.684,   1.029,9999.000,9999.000,9999.000,9999.000,9999.000,9999.000,9999.000
202607130954,   0.746,   1.118,9999.000,9999.000,9999.000,9999.000,9999.000,9999.000,9999.000
202607131000,   0.810,   1.210,   0.400,   0.000,   1.210,   0.400,   1.210,   0.400,   1.210
202607131006,   0.874,   1.289,9999.000,9999.000,9999.000,9999.000,9999.000,9999.000,9999.000
202607131012,   0.940,   1.348,9999.000,9999.000,9999.000,9999.000,9999.000,9999.000,9999.000
202607131018,   1.005,   1.430,9999.000,9999.000,9999.000,9999.000,9999.000,9999.000,9999.000
202607131024,   1.072,   1.489,9999.000,9999.000,9999.000,9999.000,9999.000,9999.000,9999.000
202607131030,   1.138,   1.557,9999.000,9999.000,9999.000,9999.000,9999.000,9999.000,9999.000
202607131036,   1.205,   1.610,9999.000,9999.000,9999.000,9999.000,9999.000,9999.000,9999.000
202607131042,   1.271,   1.679,9999.000,9999.000,9999.000,9999.000,9999.000,9999.000,9999.000
202607131048,   1.338,   1.748,9999.000,9999.000,9999.000,9999.000,9999.000,9999.000,9999.000
202607131054,   1.404,   1.810,9999.000,9999.000,9999.000,9999.000,9999.000,9999.000,9999.000
202607131100,   1.470,   1.859,   0.400,  -0.011,   1.859,   0.300,   1.759,   0.400,   1.859
202607131106,   1.535,   1.908,9999.000,9999.000,9999.000,9999.000,9999.000,9999.000,9999.000
202607131112,   1.600,   1.958,9999.000,9999.000,9999.000,9999.000,9999.000,9999.000,9999.000
202607131118,   1.664,   2.000,9999.000,9999.000,9999.000,9999.000,9999.000,9999.000,9999.000
202607131124,   1.727,   2.049,9999.000,9999.000,9999.000,9999.000,9999.000,9999.000,9999.000
202607131130,   1.790,   2.099,9999.000,9999.000,9999.000,9999.000,9999.000,9999.000,9999.000
202607131136,   1.851,   2.168,9999.000,9999.000,9999.000,9999.000,9999.000,9999.000,9999.000
202607131142,   1.910,   2.230,9999.000,9999.000,9999.000,9999.000,9999.000,9999.000,9999.000
202607131148,   1.968,   2.299,9999.000,9999.000,9999.000,9999.000,9999.000,9999.000,9999.000
202607131154,   2.025,   2.348,9999.000,9999.000,9999.000,9999.000,9999.000,9999.000,9999.000
202607131200,   2.080,   2.410,   0.300,   0.030,   2.410,   0.300,   2.410,   0.300,   2.410
202607131206,   2.132,   2.479,9999.000,9999.000,9999.000,9999.000,9999.000,9999.000,9999.000
202607131212,   2.183,   2.519,9999.000,9999.000,9999.000,9999.000,9999.000,9999.000,9999.000
202607131218,   2.231,   2.587,9999.000,9999.000,9999.000,9999.000,9999.000,9999.000,9999.000
202607131224,   2.276,   2.660,9999.000,9999.000,9999.000,9999.000,9999.000,9999.000,9999.000
202607131230,   2.319,   2.728,9999.000,9999.000,9999.000,9999.000,9999.000,9999.000,9999.000
202607131236,   2.359,   2.758,9999.000,9999.000,9999.000,9999.000,9999.000,9999.000,9999.000
202607131242,   2.397,   2.797,9999.000,9999.000,9999.000,9999.000,9999.000,9999.000,9999.000
202607131248,   2.431,   2.850,9999.000,9999.000,9999.000,9999.000,9999.000,9999.000,9999.000
202607131254,   2.462,   2.899,9999.000,9999.000,9999.000,9999.000,9999.000,9999.000,9999.000
202607131300,   2.490,   2.958,   0.300,   0.168,   2.958,   0.300,   2.958,   0.300,   2.958
202607131306,   2.514,   2.968,9999.000,9999.000,9999.000,9999.000,9999.000,9999.000,9999.000
202607131312,   2.536,   2.978,9999.000,9999.000,9999.000,9999.000,9999.000,9999.000,9999.000
202607131318,   2.554,   2.988,9999.000,9999.000,9999.000,9999.000,9999.000,9999.000,9999.000
202607131324,   2.569,   2.978,9999.000,9999.000,9999.000,9999.000,9999.000,9999.000,9999.000
202607131330,   2.580,   2.948,9999.000,9999.000,9999.000,9999.000,9999.000,9999.000,9999.000
202607131336,   2.589,   2.929,9999.000,9999.000,9999.000,9999.000,9999.000,9999.000,9999.000
202607131342,   2.594,   2.899,9999.000,9999.000,9999.000,9999.000,9999.000,9999.000,9999.000
202607131348,   2.596,   2.869,9999.000,9999.000,9999.000,9999.000,9999.000,9999.000,9999.000
202607131354,   2.596,   2.869,9999.000,9999.000,9999.000,9999.000,9999.000,9999.000,9999.000
202607131400,   2.592,   2.820,   0.300,  -0.072,   2.820,   0.300,   2.820,   0.300,   2.820
202607131406,   2.586,   2.787,9999.000,9999.000,9999.000,9999.000,9999.000,9999.000,9999.000
202607131412,   2.577,   2.758,9999.000,9999.000,9999.000,9999.000,9999.000,9999.000,9999.000
202607131418,   2.565,   2.719,9999.000,9999.000,9999.000,9999.000,9999.000,9999.000,9999.000
202607131424,   2.551,   2.699,9999.000,9999.000,9999.000,9999.000,9999.000,9999.000,9999.000
202607131430,   2.534,   2.699,9999.000,9999.000,9999.000,9999.000,9999.000,9999.000,9999.000
202607131436,   2.515,   2.679,9999.000,9999.000,9999.000,9999.000,9999.000,9999.000,9999.000
202607131442,   2.493,   2.660,9999.000,9999.000,9999.000,9999.000,9999.000,9999.000,9999.000
202607131448,   2.469,   2.640,9999.000,9999.000,9999.000,9999.000,9999.000,9999.000,9999.000
202607131454,   2.443,   2.620,9999.000,9999.000,9999.000,9999.000,9999.000,9999.000,9999.000
202607131500,   2.414,   2.610,   0.300,  -0.104,   2.610,   0.300,   2.610,   0.300,   2.610
202607131506,   2.382,   2.610,9999.000,9999.000,9999.000,9999.000,9999.000,9999.000,9999.000
202607131512,   2.349,   2.587,9999.000,9999.000,9999.000,9999.000,9999.000,9999.000,9999.000
202607131518,   2.312,   2.548,9999.000,9999.000,9999.000,9999.000,9999.000,9999.000,9999.000
202607131524,   2.274,   2.519,9999.000,9999.000,9999.000,9999.000,9999.000,9999.000,9999.000
202607131530,   2.233,   2.479,9999.000,9999.000,9999.000,9999.000,9999.000,9999.000,9999.000
202607131536,   2.189,   2.450,9999.000,9999.000,9999.000,9999.000,9999.000,9999.000,9999.000
202607131542,   2.143,   2.410,9999.000,9999.000,9999.000,9999.000,9999.000,9999.000,9999.000
202607131548,   2.095,   2.377,9999.000,9999.000,9999.000,9999.000,9999.000,9999.000,9999.000
202607131554,   2.045,   2.328,9999.000,9999.000,9999.000,9999.000,9999.000,9999.000,9999.000
202607131600,   1.992,   2.279,   0.300,  -0.013,   2.279,   0.300,   2.279,   0.300,   2.279
202607131606,   1.937,   2.210,9999.000,9999.000,9999.000,9999.000,9999.000,9999.000,9999.000
202607131612,   1.880,   2.148,9999.000,9999.000,9999.000,9999.000,9999.000,9999.000,9999.000
202607131618,   1.821,   2.089,9999.000,9999.000,9999.000,9999.000,9999.000,9999.000,9999.000
202607131624,   1.760,   2.020,9999.000,9999.000,9999.000,9999.000,9999.000,9999.000,9999.000
202607131630,   1.697,   1.948,9999.000,9999.000,9999.000,9999.000,9999.000,9999.000,9999.000
202607131636,   1.633,   1.869,9999.000,9999.000,9999.000,9999.000,9999.000,9999.000,9999.000
202607131642,   1.568,   1.781,9999.000,9999.000,9999.000,9999.000,9999.000,9999.000,9999.000
202607131648,   1.501,   1.699,9999.000,9999.000,9999.000,9999.000,9999.000,9999.000,9999.000
202607131654,   1.434,   1.630,9999.000,9999.000,9999.000,9999.000,9999.000,9999.000,9999.000
202607131700,   1.366,   1.580,   0.300,  -0.086,   1.580,   0.300,   1.580,   0.300,   1.580
202607131706,   1.298,   1.498,9999.000,9999.000,9999.000,9999.000,9999.000,9999.000,9999.000
202607131712,   1.229,   1.410,9999.000,9999.000,9999.000,9999.000,9999.000,9999.000,9999.000
202607131718,   1.161,   1.338,9999.000,9999.000,9999.000,9999.000,9999.000,9999.000,9999.000
202607131724,   1.092,   1.269,9999.000,9999.000,9999.000,9999.000,9999.000,9999.000,9999.000
202607131730,   1.025,   1.180,9999.000,9999.000,9999.000,9999.000,9999.000,9999.000,9999.000
202607131736,   0.958,   1.088,9999.000,9999.000,9999.000,9999.000,9999.000,9999.000,9999.000
202607131742,   0.892,   1.039,9999.000,9999.000,9999.000,9999.000,9999.000,9999.000,9999.000
202607131748,   0.827,   0.961,9999.000,9999.000,9999.000,9999.000,9999.000,9999.000,9999.000
202607131754,   0.764,   0.888,9999.000,9999.000,9999.000,9999.000,9999.000,9999.000,9999.000
202607131800,   0.702,   0.888,   0.300,  -0.114,   0.888,   0.300,   0.888,   0.300,   0.888
202607131806,   0.641,9999.000,9999.000,9999.000,9999.000,9999.000,9999.000,9999.000,9999.000
202607131812,   0.583,9999.000,9999.000,9999.000,9999.000,9999.000,9999.000,9999.000,9999.000
202607131818,   0.527,9999.000,9999.000,9999.000,9999.000,9999.000,9999.000,9999.000,9999.000
202607131824,   0.473,9999.000,9999.000,9999.000,9999.000,9999.000,9999.000,9999.000,9999.000
202607131830,   0.421,9999.000,9999.000,9999.000,9999.000,9999.000,9999.000,9999.000,9999.000
202607131836,   0.372,9999.000,9999.000,9999.000,9999.000,9999.000,9999.000,9999.000,9999.000
202607131842,   0.326,9999.000,9999.000,9999.000,9999.000,9999.000,9999.000,9999.000,9999.000
202607131848,   0.283,9999.000,9999.000,9999.000,9999.000,9999.000,9999.000,9999.000,9999.000
202607131854,   0.242,9999.000,9999.000,9999.000,9999.000,9999.000,9999.000,9999.000,9999.000
202607131900,   0.205,9999.000,   0.300,  -0.114,   0.391,   0.300,   0.391,   0.300,   0.391
202607131906,   0.171,9999.000,9999.000,9999.000,9999.000,9999.000,9999.000,9999.000,9999.000
202607131912,   0.140,9999.000,9999.000,9999.000,9999.000,9999.000,9999.000,9999.000,9999.000
202607131918,   0.113,9999.000,9999.000,9999.000,9999.000,9999.000,9999.000,9999.000,9999.000
202607131924,   0.090,9999.000,9999.000,9999.000,9999.000,9999.000,9999.000,9999.000,9999.000
202607131930,   0.070,9999.000,9999.000,9999.000,9999.000,9999.000,9999.000,9999.000,9999.000
202607131936,   0.055,9999.000,9999.000,9999.000,9999.000,9999.000,9999.000,9999.000,9999.000
202607131942,   0.044,9999.000,9999.000,9999.000,9999.000,9999.000,9999.000,9999.000,9999.000
202607131948,   0.037,9999.000,9999.000,9999.000,9999.000,9999.000,9999.000,9999.000,9999.000
202607131954,   0.035,9999.000,9999.000,9999.000,9999.000,9999.000,9999.000,9999.000,9999.000
202607132000,   0.037,9999.000,   0.300,  -0.115,   0.222,   0.300,   0.222,   0.300,   0.222
202607132006,   0.045,9999.000,9999.000,9999.000,9999.000,9999.000,9999.000,9999.000,9999.000
202607132012,   0.056,9999.000,9999.000,9999.000,9999.000,9999.000,9999.000,9999.000,9999.000
202607132018,   0.073,9999.000,9999.000,9999.000,9999.000,9999.000,9999.000,9999.000,9999.000
202607132024,   0.094,9999.000,9999.000,9999.000,9999.000,9999.000,9999.000,9999.000,9999.000
202607132030,   0.121,9999.000,9999.000,9999.000,9999.000,9999.000,9999.000,9999.000,9999.000
202607132036,   0.152,9999.000,9999.000,9999.000,9999.000,9999.000,9999.000,9999.000,9999.000
202607132042,   0.187,9999.000,9999.000,9999.000,9999.000,9999.000,9999.000,9999.000,9999.000
202607132048,   0.228,9999.000,9999.000,9999.000,9999.000,9999.000,9999.000,9999.000,9999.000
202607132054,   0.272,9999.000,9999.000,9999.000,9999.000,9999.000,9999.000,9999.000,9999.000
202607132100,   0.322,9999.000,   0.300,  -0.115,   0.507,   0.300,   0.507,   0.300,   0.507
202607132106,   0.375,9999.000,9999.000,9999.000,9999.000,9999.000,9999.000,9999.000,9999.000
202607132112,   0.432,9999.000,9999.000,9999.000,9999.000,9999.000,9999.000,9999.000,9999.000
202607132118,   0.493,9999.000,9999.000,9999.000,9999.000,9999.000,9999.000,9999.000,9999.000
202607132124,   0.557,9999.000,9999.000,9999.000,9999.000,9999.000,9999.000,9999.000,9999.000
202607132130,   0.624,9999.000,9999.000,9999.000,9999.000,9999.000,9999.000,9999.000,9999.000
202607132136,   0.694,9999.000,9999.000,9999.000,9999.000,9999.000,9999.000,9999.000,9999.000
202607132142,   0.767,9999.000,9999.000,9999.000,9999.000,9999.000,9999.000,9999.000,9999.000
202607132148,   0.842,9999.000,9999.000,9999.000,9999.000,9999.000,9999.000,9999.000,9999.000
202607132154,   0.920,9999.000,9999.000,9999.000,9999.000,9999.000,9999.000,9999.000,9999.000
202607132200,   0.999,9999.000,   0.300,  -0.115,   1.184,   0.200,   1.084,   0.300,   1.184
202607132206,   1.079,9999.000,9999.000,9999.000,9999.000,9999.000,9999.000,9999.000,9999.000
202607132212,   1.161,9999.000,9999.000,9999.000,9999.000,9999.000,9999.000,9999.000,9999.000
202607132218,   1.244,9999.000,9999.000,9999.000,9999.000,9999.000,9999.000,9999.000,9999.000
202607132224,   1.328,9999.000,9999.000,9999.000,9999.000,9999.000,9999.000,9999.000,9999.000
202607132230,   1.412,9999.000,9999.000,9999.000,9999.000,9999.000,9999.000,9999.000,9999.000
202607132236,   1.497,9999.000,9999.000,9999.000,9999.000,9999.000,9999.000,9999.000,9999.000
202607132242,   1.582,9999.000,9999.000,9999.000,9999.000,9999.000,9999.000,9999.000,9999.000
202607132248,   1.668,9999.000,9999.000,9999.000,9999.000,9999.000,9999.000,9999.000,9999.000
202607132254,   1.753,9999.000,9999.000,9999.000,9999.000,9999.000,9999.000,9999.000,9999.000
202607132300,   1.838,9999.000,   0.300,  -0.115,   2.023,   0.200,   1.923,   0.300,   2.023
202607132306,   1.923,9999.000,9999.000,9999.000,9999.000,9999.000,9999.000,9999.000,9999.000
202607132312,   2.007,9999.000,9999.000,9999.000,9999.000,9999.000,9999.000,9999.000,9999.000
202607132318,   2.091,9999.000,9999.000,9999.000,9999.000,9999.000,9999.000,9999.000,9999.000
202607132324,   2.174,9999.000,9999.000,9999.000,9999.000,9999.000,9999.000,9999.000,9999.000
202607132330,   2.256,9999.000,9999.000,9999.000,9999.000,9999.000,9999.000,9999.000,9999.000
202607132336,   2.338,9999.000,9999.000,9999.000,9999.000,9999.000,9999.000,9999.000,9999.000
202607132342,   2.418,9999.000,9999.000,9999.000,9999.000,9999.000,9999.000,9999.000,9999.000
202607132348,   2.497,9999.000,9999.000,9999.000,9999.000,9999.000,9999.000,9999.000,9999.000
202607132354,   2.575,9999.000,9999.000,9999.000,9999.000,9999.000,9999.000,9999.000,9999.000
202607140000,   2.651,9999.000,   0.300,  -0.116,   2.835,   0.200,   2.735,   0.300,   2.835
202607140006,   2.726,9999.000,9999.000,9999.000,9999.000,9999.000,9999.000,9999.000,9999.000
202607140012,   2.798,9999.000,9999.000,9999.000,9999.000,9999.000,9999.000,9999.000,9999.000
202607140018,   2.869,9999.000,9999.000,9999.000,9999.000,9999.000,9999.000,9999.000,9999.000
202607140024,   2.937,9999.000,9999.000,9999.000,9999.000,9999.000,9999.000,9999.000,9999.000
202607140030,   3.003,9999.000,9999.000,9999.000,9999.000,9999.000,9999.000,9999.000,9999.000
202607140036,   3.065,9999.000,9999.000,9999.000,9999.000,9999.000,9999.000,9999.000,9999.000
202607140042,   3.125,9999.000,9999.000,9999.000,9999.000,9999.000,9999.000,9999.000,9999.000
202607140048,   3.182,9999.000,9999.000,9999.000,9999.000,9999.000,9999.000,9999.000,9999.000
202607140054,   3.236,9999.000,9999.000,9999.000,9999.000,9999.000,9999.000,9999.000,9999.000
202607140100,   3.286,9999.000,   0.200,  -0.116,   3.370,   0.200,   3.370,   0.300,   3.470
202607140106,   3.332,9999.000,9999.000,9999.000,9999.000,9999.000,9999.000,9999.000,9999.000
202607140112,   3.375,9999.000,9999.000,9999.000,9999.000,9999.000,9999.000,9999.000,9999.000
202607140118,   3.414,9999.000,9999.000,9999.000,9999.000,9999.000,9999.000,9999.000,9999.000
202607140124,   3.449,9999.000,9999.000,9999.000,9999.000,9999.000,9999.000,9999.000,9999.000
202607140130,   3.480,9999.000,9999.000,9999.000,9999.000,9999.000,9999.000,9999.000,9999.000
202607140136,   3.507,9999.000,9999.000,9999.000,9999.000,9999.000,9999.000,9999.000,9999.000
202607140142,   3.530,9999.000,9999.000,9999.000,9999.000,9999.000,9999.000,9999.000,9999.000
202607140148,   3.549,9999.000,9999.000,9999.000,9999.000,9999.000,9999.000,9999.000,9999.000
202607140154,   3.564,9999.000,9999.000,9999.000,9999.000,9999.000,9999.000,9999.000,9999.000
202607140200,   3.576,9999.000,   0.200,  -0.116,   3.660,   0.200,   3.660,   0.200,   3.660
202607140206,   3.583,9999.000,9999.000,9999.000,9999.000,9999.000,9999.000,9999.000,9999.000
202607140212,   3.586,9999.000,9999.000,9999.000,9999.000,9999.000,9999.000,9999.000,9999.000
202607140218,   3.586,9999.000,9999.000,9999.000,9999.000,9999.000,9999.000,9999.000,9999.000
202607140224,   3.582,9999.000,9999.000,9999.000,9999.000,9999.000,9999.000,9999.000,9999.000
202607140230,   3.575,9999.000,9999.000,9999.000,9999.000,9999.000,9999.000,9999.000,9999.000
202607140236,   3.564,9999.000,9999.000,9999.000,9999.000,9999.000,9999.000,9999.000,9999.000
202607140242,   3.550,9999.000,9999.000,9999.000,9999.000,9999.000,9999.000,9999.000,9999.000
202607140248,   3.532,9999.000,9999.000,9999.000,9999.000,9999.000,9999.000,9999.000,9999.000
202607140254,   3.512,9999.000,9999.000,9999.000,9999.000,9999.000,9999.000,9999.000,9999.000
202607140300,   3.488,9999.000,   0.200,  -0.116,   3.572,   0.100,   3.472,   0.200,   3.572
202607140306,   3.461,9999.000,9999.000,9999.000,9999.000,9999.000,9999.000,9999.000,9999.000
202607140312,   3.431,9999.000,9999.000,9999.000,9999.000,9999.000,9999.000,9999.000,9999.000
202607140318,   3.398,9999.000,9999.000,9999.000,9999.000,9999.000,9999.000,9999.000,9999.000
202607140324,   3.362,9999.000,9999.000,9999.000,9999.000,9999.000,9999.000,9999.000,9999.000
202607140330,   3.323,9999.000,9999.000,9999.000,9999.000,9999.000,9999.000,9999.000,9999.000
202607140336,   3.281,9999.000,9999.000,9999.000,9999.000,9999.000,9999.000,9999.000,9999.000
202607140342,   3.236,9999.000,9999.000,9999.000,9999.000,9999.000,9999.000,9999.000,9999.000
202607140348,   3.188,9999.000,9999.000,9999.000,9999.000,9999.000,9999.000,9999.000,9999.000
202607140354,   3.137,9999.000,9999.000,9999.000,9999.000,9999.000,9999.000,9999.000,9999.000
202607140400,   3.083,9999.000,   0.100,  -0.117,   3.066,   0.100,   3.066,   0.200,   3.166
202607140406,   3.026,9999.000,9999.000,9999.000,9999.000,9999.000,9999.000,9999.000,9999.000
202607140412,   2.966,9999.000,9999.000,9999.000,9999.000,9999.000,9999.000,9999.000,9999.000
202607140418,   2.903,9999.000,9999.000,9999.000,9999.000,9999.000,9999.000,9999.000,9999.000
202607140424,   2.837,9999.000,9999.000,9999.000,9999.000,9999.000,9999.000,9999.000,9999.000
202607140430,   2.768,9999.000,9999.000,9999.000,9999.000,9999.000,9999.000,9999.000,9999.000
202607140436,   2.697,9999.000,9999.000,9999.000,9999.000,9999.000,9999.000,9999.000,9999.000
202607140442,   2.623,9999.000,9999.000,9999.000,9999.000,9999.000,9999.000,9999.000,9999.000
202607140448,   2.546,9999.000,9999.000,9999.000,9999.000,9999.000,9999.000,9999.000,9999.000
202607140454,   2.468,9999.000,9999.000,9999.000,9999.000,9999.000,9999.000,9999.000,9999.000
202607140500,   2.387,9999.000,   0.100,  -0.117,   2.370,   0.100,   2.370,   0.200,   2.470
202607140506,   2.304,9999.000,9999.000,9999.000,9999.000,9999.000,9999.000,9999.000,9999.000
202607140512,   2.219,9999.000,9999.000,9999.000,9999.000,9999.000,9999.000,9999.000,9999.000
202607140518,   2.133,9999.000,9999.000,9999.000,9999.000,9999.000,9999.000,9999.000,9999.000
202607140524,   2.045,9999.000,9999.000,9999.000,9999.000,9999.000,9999.000,9999.000,9999.000
202607140530,   1.956,9999.000,9999.000,9999.000,9999.000,9999.000,9999.000,9999.000,9999.000
202607140536,   1.867,9999.000,9999.000,9999.000,9999.000,9999.000,9999.000,9999.000,9999.000
202607140542,   1.777,9999.000,9999.000,9999.000,9999.000,9999.000,9999.000,9999.000,9999.000
202607140548,   1.687,9999.000,9999.000,9999.000,9999.000,9999.000,9999.000,9999.000,9999.000
202607140554,   1.597,9999.000,9999.000,9999.000,9999.000,9999.000,9999.000,9999.000,9999.000
202607140600,   1.507,9999.000,   0.100,  -0.117,   1.490,   0.000,   1.390,   0.100,   1.490
202607140606,   1.418,9999.000,9999.000,9999.000,9999.000,9999.000,9999.000,9999.000,9999.000
202607140612,   1.329,9999.000,9999.000,9999.000,9999.000,9999.000,9999.000,9999.000,9999.000
202607140618,   1.242,9999.000,9999.000,9999.000,9999.000,9999.000,9999.000,9999.000,9999.000
202607140624,   1.155,9999.000,9999.000,9999.000,9999.000,9999.000,9999.000,9999.000,9999.000
202607140630,   1.070,9999.000,9999.000,9999.000,9999.000,9999.000,9999.000,9999.000,9999.000
202607140636,   0.987,9999.000,9999.000,9999.000,9999.000,9999.000,9999.000,9999.000,9999.000
202607140642,   0.906,9999.000,9999.000,9999.000,9999.000,9999.000,9999.000,9999.000,9999.000
202607140648,   0.826,9999.000,9999.000,9999.000,9999.000,9999.000,9999.000,9999.000,9999.000
202607140654,   0.749,9999.000,9999.000,9999.000,9999.000,9999.000,9999.000,9999.000,9999.000
202607140700,   0.674,9999.000,   0.000,  -0.117,   0.557,   0.000,   0.557,   0.100,   0.657
202607140706,   0.602,9999.000,9999.000,9999.000,9999.000,9999.000,9999.000,9999.000,9999.000
202607140712,   0.533,9999.000,9999.000,9999.000,9999.000,9999.000,9999.000,9999.000,9999.000
202607140718,   0.467,9999.000,9999.000,9999.000,9999.000,9999.000,9999.000,9999.000,9999.000
202607140724,   0.404,9999.000,9999.000,9999.000,9999.000,9999.000,9999.000,9999.000,9999.000
202607140730,   0.344,9999.000,9999.000,9999.000,9999.000,9999.000,9999.000,9999.000,9999.000
202607140736,   0.288,9999.000,9999.000,9999.000,9999.000,9999.000,9999.000,9999.000,9999.000
202607140742,   0.235,9999.000,9999.000,9999.000,9999.000,9999.000,9999.000,9999.000,9999.000
202607140748,   0.187,9999.000,9999.000,9999.000,9999.000,9999.000,9999.000,9999.000,9999.000
202607140754,   0.142,9999.000,9999.000,9999.000,9999.000,9999.000,9999.000,9999.000,9999.000
202607140800,   0.102,9999.000,   0.000,  -0.117,  -0.015,   0.000,  -0.015,   0.100,   0.085
202607140806,   0.065,9999.000,9999.000,9999.000,9999.000,9999.000,9999.000,9999.000,9999.000
202607140812,   0.034,9999.000,9999.000,9999.000,9999.000,9999.000,9999.000,9999.000,9999.000
202607140818,   0.007,9999.000,9999.000,9999.000,9999.000,9999.000,9999.000,9999.000,9999.000
202607140824,  -0.015,9999.000,9999.000,9999.000,9999.000,9999.000,9999.000,9999.000,9999.000
202607140830,  -0.032,9999.000,9999.000,9999.000,9999.000,9999.000,9999.000,9999.000,9999.000
202607140836,  -0.045,9999.000,9999.000,9999.000,9999.000,9999.000,9999.000,9999.000,9999.000
202607140842,  -0.052,9999.000,9999.000,9999.000,9999.000,9999.000,9999.000,9999.000,9999.000
202607140848,  -0.055,9999.000,9999.000,9999.000,9999.000,9999.000,9999.000,9999.000,9999.000
202607140854,  -0.053,9999.000,9999.000,9999.000,9999.000,9999.000,9999.000,9999.000,9999.000
202607140900,  -0.046,9999.000,   0.000,  -0.117,  -0.163,   0.000,  -0.163,   0.100,  -0.063
202607140906,  -0.034,9999.000,9999.000,9999.000,9999.000,9999.000,9999.000,9999.000,9999.000
202607140912,  -0.017,9999.000,9999.000,9999.000,9999.000,9999.000,9999.000,9999.000,9999.000
202607140918,   0.003,9999.000,9999.000,9999.000,9999.000,9999.000,9999.000,9999.000,9999.000
202607140924,   0.029,9999.000,9999.000,9999.000,9999.000,9999.000,9999.000,9999.000,9999.000
202607140930,   0.059,9999.000,9999.000,9999.000,9999.000,9999.000,9999.000,9999.000,9999.000
202607140936,   0.093,9999.000,9999.000,9999.000,9999.000,9999.000,9999.000,9999.000,9999.000
202607140942,   0.131,9999.000,9999.000,9999.000,9999.000,9999.000,9999.000,9999.000,9999.000
202607140948,   0.173,9999.000,9999.000,9999.000,9999.000,9999.000,9999.000,9999.000,9999.000
202607140954,   0.218,9999.000,9999.000,9999.000,9999.000,9999.000,9999.000,9999.000,9999.000
202607141000,   0.267,9999.000,   0.000,  -0.117,   0.150,  -0.100,   0.050,   0.100,   0.250
202607141006,   0.318,9999.000,9999.000,9999.000,9999.000,9999.000,9999.000,9999.000,9999.000
202607141012,   0.372,9999.000,9999.000,9999.000,9999.000,9999.000,9999.000,9999.000,9999.000
202607141018,   0.429,9999.000,9999.000,9999.000,9999.000,9999.000,9999.000,9999.000,9999.000
202607141024,   0.487,9999.000,9999.000,9999.000,9999.000,9999.000,9999.000,9999.000,9999.000
202607141030,   0.548,9999.000,9999.000,9999.000,9999.000,9999.000,9999.000,9999.000,9999.000
202607141036,   0.611,9999.000,9999.000,9999.000,9999.000,9999.000,9999.000,9999.000,9999.000
202607141042,   0.675,9999.000,9999.000,9999.000,9999.000,9999.000,9999.000,9999.000,9999.000
202607141048,   0.740,9999.000,9999.000,9999.000,9999.000,9999.000,9999.000,9999.000,9999.000
202607141054,   0.807,9999.000,9999.000,9999.000,9999.000,9999.000,9999.000,9999.000,9999.000
202607141100,   0.874,9999.000,   0.000,  -0.117,   0.757,  -0.100,   0.657,   0.000,   0.757
202607141106,   0.943,9999.000,9999.000,9999.000,9999.000,9999.000,9999.000,9999.000,9999.000
202607141112,   1.012,9999.000,9999.000,9999.000,9999.000,9999.000,9999.000,9999.000,9999.000
202607141118,   1.081,9999.000,9999.000,9999.000,9999.000,9999.000,9999.000,9999.000,9999.000
202607141124,   1.152,9999.000,9999.000,9999.000,9999.000,9999.000,9999.000,9999.000,9999.000
202607141130,   1.222,9999.000,9999.000,9999.000,9999.000,9999.000,9999.000,9999.000,9999.000
202607141136,   1.293,9999.000,9999.000,9999.000,9999.000,9999.000,9999.000,9999.000,9999.000
202607141142,   1.364,9999.000,9999.000,9999.000,9999.000,9999.000,9999.000,9999.000,9999.000
202607141148,   1.435,9999.000,9999.000,9999.000,9999.000,9999.000,9999.000,9999.000,9999.000
202607141154,   1.505,9999.000,9999.000,9999.000,9999.000,9999.000,9999.000,9999.000,9999.000
202607141200,   1.576,9999.000,   0.000,  -0.117,   1.459,  -0.100,   1.359,   0.000,   1.459
202607141206,   1.646,9999.000,9999.000,9999.000,9999.000,9999.000,9999.000,9999.000,9999.000
202607141212,   1.715,9999.000,9999.000,9999.000,9999.000,9999.000,9999.000,9999.000,9999.000
202607141218,   1.784,9999.000,9999.000,9999.000,9999.000,9999.000,9999.000,9999.000,9999.000
202607141224,   1.852,9999.000,9999.000,9999.000,9999.000,9999.000,9999.000,9999.000,9999.000
202607141230,   1.918,9999.000,9999.000,9999.000,9999.000,9999.000,9999.000,9999.000,9999.000
202607141236,   1.983,9999.000,9999.000,9999.000,9999.000,9999.000,9999.000,9999.000,9999.000
202607141242,   2.047,9999.000,9999.000,9999.000,9999.000,9999.000,9999.000,9999.000,9999.000
202607141248,   2.109,9999.000,9999.000,9999.000,9999.000,9999.000,9999.000,9999.000,9999.000
202607141254,   2.169,9999.000,9999.000,9999.000,9999.000,9999.000,9999.000,9999.000,9999.000
202607141300,   2.227,9999.000,   0.000,  -0.117,   2.110,  -0.100,   2.010,   0.000,   2.110
202607141306,   2.283,9999.000,9999.000,9999.000,9999.000,9999.000,9999.000,9999.000,9999.000
202607141312,   2.336,9999.000,9999.000,9999.000,9999.000,9999.000,9999.000,9999.000,9999.000
202607141318,   2.386,9999.000,9999.000,9999.000,9999.000,9999.000,9999.000,9999.000,9999.000
202607141324,   2.433,9999.000,9999.000,9999.000,9999.000,9999.000,9999.000,9999.000,9999.000
202607141330,   2.477,9999.000,9999.000,9999.000,9999.000,9999.000,9999.000,9999.000,9999.000
202607141336,   2.518,9999.000,9999.000,9999.000,9999.000,9999.000,9999.000,9999.000,9999.000
202607141342,   2.556,9999.000,9999.000,9999.000,9999.000,9999.000,9999.000,9999.000,9999.000
202607141348,   2.590,9999.000,9999.000,9999.000,9999.000,9999.000,9999.000,9999.000,9999.000
202607141354,   2.620,9999.000,9999.000,9999.000,9999.000,9999.000,9999.000,9999.000,9999.000
202607141400,   2.647,9999.000,   0.000,  -0.117,   2.530,  -0.100,   2.430,   0.000,   2.530
202607141406,   2.671,9999.000,9999.000,9999.000,9999.000,9999.000,9999.000,9999.000,9999.000
202607141412,   2.691,9999.000,9999.000,9999.000,9999.000,9999.000,9999.000,9999.000,9999.000
202607141418,   2.707,9999.000,9999.000,9999.000,9999.000,9999.000,9999.000,9999.000,9999.000
202607141424,   2.720,9999.000,9999.000,9999.000,9999.000,9999.000,9999.000,9999.000,9999.000
202607141430,   2.730,9999.000,9999.000,9999.000,9999.000,9999.000,9999.000,9999.000,9999.000
202607141436,   2.736,9999.000,9999.000,9999.000,9999.000,9999.000,9999.000,9999.000,9999.000
202607141442,   2.739,9999.000,9999.000,9999.000,9999.000,9999.000,9999.000,9999.000,9999.000
202607141448,   2.739,9999.000,9999.000,9999.000,9999.000,9999.000,9999.000,9999.000,9999.000
202607141454,   2.736,9999.000,9999.000,9999.000,9999.000,9999.000,9999.000,9999.000,9999.000
202607141500,   2.730,9999.000,  -0.100,  -0.117,   2.513,  -0.100,   2.513,   0.000,   2.613
202607141506,   2.722,9999.000,9999.000,9999.000,9999.000,9999.000,9999.000,9999.000,9999.000
202607141512,   2.710,9999.000,9999.000,9999.000,9999.000,9999.000,9999.000,9999.000,9999.000
202607141518,   2.696,9999.000,9999.000,9999.000,9999.000,9999.000,9999.000,9999.000,9999.000
202607141524,   2.680,9999.000,9999.000,9999.000,9999.000,9999.000,9999.000,9999.000,9999.000
202607141530,   2.661,9999.000,9999.000,9999.000,9999.000,9999.000,9999.000,9999.000,9999.000
202607141536,   2.639,9999.000,9999.000,9999.000,9999.000,9999.000,9999.000,9999.000,9999.000
202607141542,   2.615,9999.000,9999.000,9999.000,9999.000,9999.000,9999.000,9999.000,9999.000
202607141548,   2.588,9999.000,9999.000,9999.000,9999.000,9999.000,9999.000,9999.000,9999.000
202607141554,   2.559,9999.000,9999.000,9999.000,9999.000,9999.000,9999.000,9999.000,9999.000
202607141600,   2.527,9999.000,  -0.100,  -0.117,   2.310,  -0.100,   2.310,   0.000,   2.410
202607141606,   2.493,9999.000,9999.000,9999.000,9999.000,9999.000,9999.000,9999.000,9999.000
202607141612,   2.456,9999.000,9999.000,9999.000,9999.000,9999.000,9999.000,9999.000,9999.000
202607141618,   2.416,9999.000,9999.000,9999.000,9999.000,9999.000,9999.000,9999.000,9999.000
202607141624,   2.374,9999.000,9999.000,9999.000,9999.000,9999.000,9999.000,9999.000,9999.000
202607141630,   2.329,9999.000,9999.000,9999.000,9999.000,9999.000,9999.000,9999.000,9999.000
202607141636,   2.282,9999.000,9999.000,9999.000,9999.000,9999.000,9999.000,9999.000,9999.000
202607141642,   2.232,9999.000,9999.000,9999.000,9999.000,9999.000,9999.000,9999.000,9999.000
202607141648,   2.179,9999.000,9999.000,9999.000,9999.000,9999.000,9999.000,9999.000,9999.000
202607141654,   2.124,9999.000,9999.000,9999.000,9999.000,9999.000,9999.000,9999.000,9999.000
202607141700,   2.066,9999.000,  -0.100,  -0.117,   1.849,  -0.100,   1.849,   0.000,   1.949
202607141706,   2.006,9999.000,9999.000,9999.000,9999.000,9999.000,9999.000,9999.000,9999.000
202607141712,   1.944,9999.000,9999.000,9999.000,9999.000,9999.000,9999.000,9999.000,9999.000
202607141718,   1.879,9999.000,9999.000,9999.000,9999.000,9999.000,9999.000,9999.000,9999.000
202607141724,   1.813,9999.000,9999.000,9999.000,9999.000,9999.000,9999.000,9999.000,9999.000
202607141730,   1.744,9999.000,9999.000,9999.000,9999.000,9999.000,9999.000,9999.000,9999.000
202607141736,   1.674,9999.000,9999.000,9999.000,9999.000,9999.000,9999.000,9999.000,9999.000
202607141742,   1.603,9999.000,9999.000,9999.000,9999.000,9999.000,9999.000,9999.000,9999.000
202607141748,   1.531,9999.000,9999.000,9999.000,9999.000,9999.000,9999.000,9999.000,9999.000
202607141754,   1.457,9999.000,9999.000,9999.000,9999.000,9999.000,9999.000,9999.000,9999.000
202607141800,   1.383,9999.000,  -0.100,  -0.117,   1.166,  -0.200,   1.066,   0.000,   1.266
202607141806,   1.309,9999.000,9999.000,9999.000,9999.000,9999.000,9999.000,9999.000,9999.000
202607141812,   1.234,9999.000,9999.000,9999.000,9999.000,9999.000,9999.000,9999.000,9999.000
202607141818,   1.160,9999.000,9999.000,9999.000,9999.000,9999.000,9999.000,9999.000,9999.000
202607141824,   1.086,9999.000,9999.000,9999.000,9999.000,9999.000,9999.000,9999.000,9999.000
202607141830,   1.013,9999.000,9999.000,9999.000,9999.000,9999.000,9999.000,9999.000,9999.000
202607141836,   0.941,9999.000,9999.000,9999.000,9999.000,9999.000,9999.000,9999.000,9999.000
202607141842,   0.870,9999.000,9999.000,9999.000,9999.000,9999.000,9999.000,9999.000,9999.000
202607141848,   0.800,9999.000,9999.000,9999.000,9999.000,9999.000,9999.000,9999.000,9999.000
202607141854,   0.732,9999.000,9999.000,9999.000,9999.000,9999.000,9999.000,9999.000,9999.000
202607141900,   0.666,9999.000,  -0.100,  -0.117,   0.449,  -0.200,   0.349,   0.000,   0.549
202607141906,   0.602,9999.000,9999.000,9999.000,9999.000,9999.000,9999.000,9999.000,9999.000
202607141912,   0.541,9999.000,9999.000,9999.000,9999.000,9999.000,9999.000,9999.000,9999.000
202607141918,   0.482,9999.000,9999.000,9999.000,9999.000,9999.000,9999.000,9999.000,9999.000
202607141924,   0.425,9999.000,9999.000,9999.000,9999.000,9999.000,9999.000,9999.000,9999.000
202607141930,   0.372,9999.000,9999.000,9999.000,9999.000,9999.000,9999.000,9999.000,9999.000
202607141936,   0.322,9999.000,9999.000,9999.000,9999.000,9999.000,9999.000,9999.000,9999.000
202607141942,   0.274,9999.000,9999.000,9999.000,9999.000,9999.000,9999.000,9999.000,9999.000
202607141948,   0.230,9999.000,9999.000,9999.000,9999.000,9999.000,9999.000,9999.000,9999.000
202607141954,   0.190,9999.000,9999.000,9999.000,9999.000,9999.000,9999.000,9999.000,9999.000
202607142000,   0.153,9999.000,  -0.100,  -0.117,  -0.064,  -0.200,  -0.164,   0.000,   0.036
202607142006,   0.121,9999.000,9999.000,9999.000,9999.000,9999.000,9999.000,9999.000,9999.000
202607142012,   0.092,9999.000,9999.000,9999.000,9999.000,9999.000,9999.000,9999.000,9999.000
202607142018,   0.067,9999.000,9999.000,9999.000,9999.000,9999.000,9999.000,9999.000,9999.000
202607142024,   0.046,9999.000,9999.000,9999.000,9999.000,9999.000,9999.000,9999.000,9999.000
202607142030,   0.030,9999.000,9999.000,9999.000,9999.000,9999.000,9999.000,9999.000,9999.000
202607142036,   0.018,9999.000,9999.000,9999.000,9999.000,9999.000,9999.000,9999.000,9999.000
202607142042,   0.011,9999.000,9999.000,9999.000,9999.000,9999.000,9999.000,9999.000,9999.000
202607142048,   0.009,9999.000,9999.000,9999.000,9999.000,9999.000,9999.000,9999.000,9999.000
202607142054,   0.011,9999.000,9999.000,9999.000,9999.000,9999.000,9999.000,9999.000,9999.000
202607142100,   0.018,9999.000,  -0.100,  -0.117,  -0.199,  -0.200,  -0.299,   0.000,  -0.099
202607142106,   0.029,9999.000,9999.000,9999.000,9999.000,9999.000,9999.000,9999.000,9999.000
202607142112,   0.046,9999.000,9999.000,9999.000,9999.000,9999.000,9999.000,9999.000,9999.000
202607142118,   0.067,9999.000,9999.000,9999.000,9999.000,9999.000,9999.000,9999.000,9999.000
202607142124,   0.093,9999.000,9999.000,9999.000,9999.000,9999.000,9999.000,9999.000,9999.000
202607142130,   0.124,9999.000,9999.000,9999.000,9999.000,9999.000,9999.000,9999.000,9999.000
202607142136,   0.159,9999.000,9999.000,9999.000,9999.000,9999.000,9999.000,9999.000,9999.000
202607142142,   0.198,9999.000,9999.000,9999.000,9999.000,9999.000,9999.000,9999.000,9999.000
202607142148,   0.242,9999.000,9999.000,9999.000,9999.000,9999.000,9999.000,9999.000,9999.000
202607142154,   0.290,9999.000,9999.000,9999.000,9999.000,9999.000,9999.000,9999.000,9999.000
202607142200,   0.342,9999.000,  -0.100,  -0.117,   0.125,  -0.200,   0.025,   0.000,   0.225
202607142206,   0.398,9999.000,9999.000,9999.000,9999.000,9999.000,9999.000,9999.000,9999.000
202607142212,   0.457,9999.000,9999.000,9999.000,9999.000,9999.000,9999.000,9999.000,9999.000
202607142218,   0.519,9999.000,9999.000,9999.000,9999.000,9999.000,9999.000,9999.000,9999.000
202607142224,   0.584,9999.000,9999.000,9999.000,9999.000,9999.000,9999.000,9999.000,9999.000
202607142230,   0.652,9999.000,9999.000,9999.000,9999.000,9999.000,9999.000,9999.000,9999.000
202607142236,   0.723,9999.000,9999.000,9999.000,9999.000,9999.000,9999.000,9999.000,9999.000
202607142242,   0.796,9999.000,9999.000,9999.000,9999.000,9999.000,9999.000,9999.000,9999.000
202607142248,   0.870,9999.000,9999.000,9999.000,9999.000,9999.000,9999.000,9999.000,9999.000
202607142254,   0.947,9999.000,9999.000,9999.000,9999.000,9999.000,9999.000,9999.000,9999.000
202607142300,   1.025,9999.000,  -0.200,  -0.117,   0.708,  -0.300,   0.608,   0.000,   0.908
202607142306,   1.105,9999.000,9999.000,9999.000,9999.000,9999.000,9999.000,9999.000,9999.000
202607142312,   1.186,9999.000,9999.000,9999.000,9999.000,9999.000,9999.000,9999.000,9999.000
202607142318,   1.268,9999.000,9999.000,9999.000,9999.000,9999.000,9999.000,9999.000,9999.000
202607142324,   1.351,9999.000,9999.000,9999.000,9999.000,9999.000,9999.000,9999.000,9999.000
202607142330,   1.434,9999.000,9999.000,9999.000,9999.000,9999.000,9999.000,9999.000,9999.000
202607142336,   1.518,9999.000,9999.000,9999.000,9999.000,9999.000,9999.000,9999.000,9999.000
202607142342,   1.602,9999.000,9999.000,9999.000,9999.000,9999.000,9999.000,9999.000,9999.000
202607142348,   1.687,9999.000,9999.000,9999.000,9999.000,9999.000,9999.000,9999.000,9999.000
202607142354,   1.772,9999.000,9999.000,9999.000,9999.000,9999.000,9999.000,9999.000,9999.000
202607150000,   1.856,9999.000,  -0.200,  -0.117,   1.539,  -0.300,   1.439,   0.000,   1.739
202607150006,   1.941,9999.000,9999.000,9999.000,9999.000,9999.000,9999.000,9999.000,9999.000
202607150012,   2.025,9999.000,9999.000,9999.000,9999.000,9999.000,9999.000,9999.000,9999.000
202607150018,   2.109,9999.000,9999.000,9999.000,9999.000,9999.000,9999.000,9999.000,9999.000
202607150024,   2.192,9999.000,9999.000,9999.000,9999.000,9999.000,9999.000,9999.000,9999.000
202607150030,   2.274,9999.000,9999.000,9999.000,9999.000,9999.000,9999.000,9999.000,9999.000
202607150036,   2.356,9999.000,9999.000,9999.000,9999.000,9999.000,9999.000,9999.000,9999.000
202607150042,   2.436,9999.000,9999.000,9999.000,9999.000,9999.000,9999.000,9999.000,9999.000
202607150048,   2.515,9999.000,9999.000,9999.000,9999.000,9999.000,9999.000,9999.000,9999.000
202607150054,   2.593,9999.000,9999.000,9999.000,9999.000,9999.000,9999.000,9999.000,9999.000
202607150100,   2.668,9999.000,  -0.200,  -0.117,   2.351,  -0.400,   2.151,   0.000,   2.551
202607150106,   2.742,9999.000,9999.000,9999.000,9999.000,9999.000,9999.000,9999.000,9999.000
202607150112,   2.813,9999.000,9999.000,9999.000,9999.000,9999.000,9999.000,9999.000,9999.000
202607150118,   2.882,9999.000,9999.000,9999.000,9999.000,9999.000,9999.000,9999.000,9999.000
202607150124,   2.949,9999.000,9999.000,9999.000,9999.000,9999.000,9999.000,9999.000,9999.000
202607150130,   3.012,9999.000,9999.000,9999.000,9999.000,9999.000,9999.000,9999.000,9999.000
202607150136,   3.073,9999.000,9999.000,9999.000,9999.000,9999.000,9999.000,9999.000,9999.000
202607150142,   3.129,9999.000,9999.000,9999.000,9999.000,9999.000,9999.000,9999.000,9999.000
202607150148,   3.183,9999.000,9999.000,9999.000,9999.000,9999.000,9999.000,9999.000,9999.000
202607150154,   3.233,9999.000,9999.000,9999.000,9999.000,9999.000,9999.000,9999.000,9999.000
202607150200,   3.279,9999.000,  -0.200,  -0.117,   2.962,  -0.400,   2.762,  -0.100,   3.062
202607150206,   3.321,9999.000,9999.000,9999.000,9999.000,9999.000,9999.000,9999.000,9999.000
202607150212,   3.359,9999.000,9999.000,9999.000,9999.000,9999.000,9999.000,9999.000,9999.000
202607150218,   3.393,9999.000,9999.000,9999.000,9999.000,9999.000,9999.000,9999.000,9999.000
202607150224,   3.423,9999.000,9999.000,9999.000,9999.000,9999.000,9999.000,9999.000,9999.000
202607150230,   3.449,9999.000,9999.000,9999.000,9999.000,9999.000,9999.000,9999.000,9999.000
202607150236,   3.471,9999.000,9999.000,9999.000,9999.000,9999.000,9999.000,9999.000,9999.000
202607150242,   3.489,9999.000,9999.000,9999.000,9999.000,9999.000,9999.000,9999.000,9999.000
202607150248,   3.503,9999.000,9999.000,9999.000,9999.000,9999.000,9999.000,9999.000,9999.000
202607150254,   3.513,9999.000,9999.000,9999.000,9999.000,9999.000,9999.000,9999.000,9999.000
202607150300,   3.519,9999.000,  -0.300,  -0.117,   3.102,  -0.400,   3.002,  -0.100,   3.302
202607150306,   3.522,9999.000,9999.000,9999.000,9999.000,9999.000,9999.000,9999.000,9999.000
202607150312,   3.521,9999.000,9999.000,9999.000,9999.000,9999.000,9999.000,9999.000,9999.000
202607150318,   3.517,9999.000,9999.000,9999.000,9999.000,9999.000,9999.000,9999.000,9999.000
202607150324,   3.509,9999.000,9999.000,9999.000,9999.000,9999.000,9999.000,9999.000,9999.000
202607150330,   3.498,9999.000,9999.000,9999.000,9999.000,9999.000,9999.000,9999.000,9999.000
202607150336,   3.484,9999.000,9999.000,9999.000,9999.000,9999.000,9999.000,9999.000,9999.000
202607150342,   3.466,9999.000,9999.000,9999.000,9999.000,9999.000,9999.000,9999.000,9999.000
202607150348,   3.446,9999.000,9999.000,9999.000,9999.000,9999.000,9999.000,9999.000,9999.000
202607150354,   3.422,9999.000,9999.000,9999.000,9999.000,9999.000,9999.000,9999.000,9999.000
202607150400,   3.396,9999.000,  -0.300,  -0.117,   2.979,  -0.500,   2.779,  -0.100,   3.179
202607150406,   3.366,9999.000,9999.000,9999.000,9999.000,9999.000,9999.000,9999.000,9999.000
202607150412,   3.334,9999.000,9999.000,9999.000,9999.000,9999.000,9999.000,9999.000,9999.000
202607150418,   3.298,9999.000,9999.000,9999.000,9999.000,9999.000,9999.000,9999.000,9999.000
202607150424,   3.260,9999.000,9999.000,9999.000,9999.000,9999.000,9999.000,9999.000,9999.000
202607150430,   3.218,9999.000,9999.000,9999.000,9999.000,9999.000,9999.000,9999.000,9999.000
202607150436,   3.174,9999.000,9999.000,9999.000,9999.000,9999.000,9999.000,9999.000,9999.000
202607150442,   3.126,9999.000,9999.000,9999.000,9999.000,9999.000,9999.000,9999.000,9999.000
202607150448,   3.075,9999.000,9999.000,9999.000,9999.000,9999.000,9999.000,9999.000,9999.000
202607150454,   3.021,9999.000,9999.000,9999.000,9999.000,9999.000,9999.000,9999.000,9999.000
202607150500,   2.964,9999.000,  -0.300,  -0.117,   2.547,  -0.500,   2.347,  -0.200,   2.647
202607150506,   2.903,9999.000,9999.000,9999.000,9999.000,9999.000,9999.000,9999.000,9999.000
202607150512,   2.839,9999.000,9999.000,9999.000,9999.000,9999.000,9999.000,9999.000,9999.000
202607150518,   2.772,9999.000,9999.000,9999.000,9999.000,9999.000,9999.000,9999.000,9999.000
202607150524,   2.702,9999.000,9999.000,9999.000,9999.000,9999.000,9999.000,9999.000,9999.000
202607150530,   2.630,9999.000,9999.000,9999.000,9999.000,9999.000,9999.000,9999.000,9999.000
202607150536,   2.554,9999.000,9999.000,9999.000,9999.000,9999.000,9999.000,9999.000,9999.000
202607150542,   2.475,9999.000,9999.000,9999.000,9999.000,9999.000,9999.000,9999.000,9999.000
202607150548,   2.394,9999.000,9999.000,9999.000,9999.000,9999.000,9999.000,9999.000,9999.000
202607150554,   2.311,9999.000,9999.000,9999.000,9999.000,9999.000,9999.000,9999.000,9999.000
202607150600,   2.226,9999.000,  -0.400,  -0.117,   1.709,  -0.500,   1.609,  -0.200,   1.909
202607150606,   2.139,9999.000,9999.000,9999.000,9999.000,9999.000,9999.000,9999.000,9999.000
202607150612,   2.050,9999.000,9999.000,9999.000,9999.000,9999.000,9999.000,9999.000,9999.000
202607150618,   1.960,9999.000,9999.000,9999.000,9999.000,9999.000,9999.000,9999.000,9999.000
202607150624,   1.869,9999.000,9999.000,9999.000,9999.000,9999.000,9999.000,9999.000,9999.000
202607150630,   1.777,9999.000,9999.000,9999.000,9999.000,9999.000,9999.000,9999.000,9999.000
202607150636,   1.685,9999.000,9999.000,9999.000,9999.000,9999.000,9999.000,9999.000,9999.000
202607150642,   1.592,9999.000,9999.000,9999.000,9999.000,9999.000,9999.000,9999.000,9999.000
202607150648,   1.500,9999.000,9999.000,9999.000,9999.000,9999.000,9999.000,9999.000,9999.000
202607150654,   1.409,9999.000,9999.000,9999.000,9999.000,9999.000,9999.000,9999.000,9999.000
202607150700,   1.318,9999.000,  -0.400,  -0.117,   0.801,  -0.600,   0.601,  -0.200,   1.001
202607150706,   1.228,9999.000,9999.000,9999.000,9999.000,9999.000,9999.000,9999.000,9999.000
202607150712,   1.140,9999.000,9999.000,9999.000,9999.000,9999.000,9999.000,9999.000,9999.000
202607150718,   1.053,9999.000,9999.000,9999.000,9999.000,9999.000,9999.000,9999.000,9999.000
202607150724,   0.968,9999.000,9999.000,9999.000,9999.000,9999.000,9999.000,9999.000,9999.000
202607150730,   0.885,9999.000,9999.000,9999.000,9999.000,9999.000,9999.000,9999.000,9999.000
202607150736,   0.804,9999.000,9999.000,9999.000,9999.000,9999.000,9999.000,9999.000,9999.000
202607150742,   0.725,9999.000,9999.000,9999.000,9999.000,9999.000,9999.000,9999.000,9999.000
202607150748,   0.650,9999.000,9999.000,9999.000,9999.000,9999.000,9999.000,9999.000,9999.000
202607150754,   0.577,9999.000,9999.000,9999.000,9999.000,9999.000,9999.000,9999.000,9999.000
202607150800,   0.507,9999.000,  -0.400,  -0.117,  -0.010,  -0.600,  -0.210,  -0.200,   0.190
202607150806,   0.441,9999.000,9999.000,9999.000,9999.000,9999.000,9999.000,9999.000,9999.000
202607150812,   0.377,9999.000,9999.000,9999.000,9999.000,9999.000,9999.000,9999.000,9999.000
202607150818,   0.317,9999.000,9999.000,9999.000,9999.000,9999.000,9999.000,9999.000,9999.000
202607150824,   0.261,9999.000,9999.000,9999.000,9999.000,9999.000,9999.000,9999.000,9999.000
202607150830,   0.209,9999.000,9999.000,9999.000,9999.000,9999.000,9999.000,9999.000,9999.000
202607150836,   0.160,9999.000,9999.000,9999.000,9999.000,9999.000,9999.000,9999.000,9999.000
202607150842,   0.116,9999.000,9999.000,9999.000,9999.000,9999.000,9999.000,9999.000,9999.000
202607150848,   0.076,9999.000,9999.000,9999.000,9999.000,9999.000,9999.000,9999.000,9999.000
202607150854,   0.040,9999.000,9999.000,9999.000,9999.000,9999.000,9999.000,9999.000,9999.000
202607150900,   0.008,9999.000,  -0.400,  -0.117,  -0.509,  -0.600,  -0.709,  -0.200,  -0.309
202607150906,  -0.018,9999.000,9999.000,9999.000,9999.000,9999.000,9999.000,9999.000,9999.000
202607150912,  -0.040,9999.000,9999.000,9999.000,9999.000,9999.000,9999.000,9999.000,9999.000
202607150918,  -0.058,9999.000,9999.000,9999.000,9999.000,9999.000,9999.000,9999.000,9999.000
202607150924,  -0.071,9999.000,9999.000,9999.000,9999.000,9999.000,9999.000,9999.000,9999.000
202607150930,  -0.079,9999.000,9999.000,9999.000,9999.000,9999.000,9999.000,9999.000,9999.000
202607150936,  -0.082,9999.000,9999.000,9999.000,9999.000,9999.000,9999.000,9999.000,9999.000
202607150942,  -0.081,9999.000,9999.000,9999.000,9999.000,9999.000,9999.000,9999.000,9999.000
202607150948,  -0.075,9999.000,9999.000,9999.000,9999.000,9999.000,9999.000,9999.000,9999.000
202607150954,  -0.064,9999.000,9999.000,9999.000,9999.000,9999.000,9999.000,9999.000,9999.000
202607151000,  -0.049,9999.000,  -0.400,  -0.117,  -0.566,  -0.600,  -0.766,  -0.200,  -0.366
202607151006,  -0.029,9999.000,9999.000,9999.000,9999.000,9999.000,9999.000,9999.000,9999.000
202607151012,  -0.004,9999.000,9999.000,9999.000,9999.000,9999.000,9999.000,9999.000,9999.000
202607151018,   0.023,9999.000,9999.000,9999.000,9999.000,9999.000,9999.000,9999.000,9999.000
202607151024,   0.056,9999.000,9999.000,9999.000,9999.000,9999.000,9999.000,9999.000,9999.000
202607151030,   0.093,9999.000,9999.000,9999.000,9999.000,9999.000,9999.000,9999.000,9999.000
202607151036,   0.133,9999.000,9999.000,9999.000,9999.000,9999.000,9999.000,9999.000,9999.000
202607151042,   0.177,9999.000,9999.000,9999.000,9999.000,9999.000,9999.000,9999.000,9999.000
202607151048,   0.225,9999.000,9999.000,9999.000,9999.000,9999.000,9999.000,9999.000,9999.000
202607151054,   0.275,9999.000,9999.000,9999.000,9999.000,9999.000,9999.000,9999.000,9999.000
202607151100,   0.329,9999.000,  -0.400,  -0.117,  -0.188,  -0.600,  -0.388,  -0.200,   0.012
202607151106,   0.385,9999.000,9999.000,9999.000,9999.000,9999.000,9999.000,9999.000,9999.000
202607151112,   0.444,9999.000,9999.000,9999.000,9999.000,9999.000,9999.000,9999.000,9999.000
202607151118,   0.505,9999.000,9999.000,9999.000,9999.000,9999.000,9999.000,9999.000,9999.000
202607151124,   0.568,9999.000,9999.000,9999.000,9999.000,9999.000,9999.000,9999.000,9999.000
202607151130,   0.633,9999.000,9999.000,9999.000,9999.000,9999.000,9999.000,9999.000,9999.000
202607151136,   0.700,9999.000,9999.000,9999.000,9999.000,9999.000,9999.000,9999.000,9999.000
202607151142,   0.768,9999.000,9999.000,9999.000,9999.000,9999.000,9999.000,9999.000,9999.000
202607151148,   0.837,9999.000,9999.000,9999.000,9999.000,9999.000,9999.000,9999.000,9999.000
202607151154,   0.908,9999.000,9999.000,9999.000,9999.000,9999.000,9999.000,9999.000,9999.000
202607151200,   0.980,9999.000,  -0.400,  -0.117,   0.463,  -0.600,   0.263,  -0.100,   0.763
202607151206,   1.053,9999.000,9999.000,9999.000,9999.000,9999.000,9999.000,9999.000,9999.000
202607151212,   1.126,9999.000,9999.000,9999.000,9999.000,9999.000,9999.000,9999.000,9999.000
202607151218,   1.200,9999.000,9999.000,9999.000,9999.000,9999.000,9999.000,9999.000,9999.000
202607151224,   1.275,9999.000,9999.000,9999.000,9999.000,9999.000,9999.000,9999.000,9999.000
202607151230,   1.350,9999.000,9999.000,9999.000,9999.000,9999.000,9999.000,9999.000,9999.000
202607151236,   1.425,9999.000,9999.000,9999.000,9999.000,9999.000,9999.000,9999.000,9999.000
202607151242,   1.500,9999.000,9999.000,9999.000,9999.000,9999.000,9999.000,9999.000,9999.000
202607151248,   1.575,9999.000,9999.000,9999.000,9999.000,9999.000,9999.000,9999.000,9999.000
202607151254,   1.649,9999.000,9999.000,9999.000,9999.000,9999.000,9999.000,9999.000,9999.000
202607151300,   1.724,9999.000,  -0.300,  -0.117,   1.307,  -0.500,   1.107,  -0.100,   1.507
202607151306,   1.797,9999.000,9999.000,9999.000,9999.000,9999.000,9999.000,9999.000,9999.000
202607151312,   1.870,9999.000,9999.000,9999.000,9999.000,9999.000,9999.000,9999.000,9999.000
202607151318,   1.941,9999.000,9999.000,9999.000,9999.000,9999.000,9999.000,9999.000,9999.000
202607151324,   2.011,9999.000,9999.000,9999.000,9999.000,9999.000,9999.000,9999.000,9999.000
202607151330,   2.080,9999.000,9999.000,9999.000,9999.000,9999.000,9999.000,9999.000,9999.000
202607151336,   2.146,9999.000,9999.000,9999.000,9999.000,9999.000,9999.000,9999.000,9999.000
202607151342,   2.211,9999.000,9999.000,9999.000,9999.000,9999.000,9999.000,9999.000,9999.000
202607151348,   2.274,9999.000,9999.000,9999.000,9999.000,9999.000,9999.000,9999.000,9999.000
202607151354,   2.333,9999.000,9999.000,9999.000,9999.000,9999.000,9999.000,9999.000,9999.000
202607151400,   2.391,9999.000,  -0.300,  -0.117,   1.974,  -0.400,   1.874,   0.000,   2.274
202607151406,   2.445,9999.000,9999.000,9999.000,9999.000,9999.000,9999.000,9999.000,9999.000
202607151412,   2.497,9999.000,9999.000,9999.000,9999.000,9999.000,9999.000,9999.000,9999.000
202607151418,   2.545,9999.000,9999.000,9999.000,9999.000,9999.000,9999.000,9999.000,9999.000
202607151424,   2.590,9999.000,9999.000,9999.000,9999.000,9999.000,9999.000,9999.000,9999.000
202607151430,   2.631,9999.000,9999.000,9999.000,9999.000,9999.000,9999.000,9999.000,9999.000
202607151436,   2.670,9999.000,9999.000,9999.000,9999.000,9999.000,9999.000,9999.000,9999.000
202607151442,   2.704,9999.000,9999.000,9999.000,9999.000,9999.000,9999.000,9999.000,9999.000
202607151448,   2.735,9999.000,9999.000,9999.000,9999.000,9999.000,9999.000,9999.000,9999.000
202607151454,   2.762,9999.000,9999.000,9999.000,9999.000,9999.000,9999.000,9999.000,9999.000
202607151500,   2.786,9999.000,  -0.200,  -0.117,   2.469,  -0.400,   2.269,   0.000,   2.669
202607151506,   2.807,9999.000,9999.000,9999.000,9999.000,9999.000,9999.000,9999.000,9999.000
202607151512,   2.823,9999.000,9999.000,9999.000,9999.000,9999.000,9999.000,9999.000,9999.000
202607151518,   2.837,9999.000,9999.000,9999.000,9999.000,9999.000,9999.000,9999.000,9999.000
202607151524,   2.847,9999.000,9999.000,9999.000,9999.000,9999.000,9999.000,9999.000,9999.000
202607151530,   2.854,9999.000,9999.000,9999.000,9999.000,9999.000,9999.000,9999.000,9999.000
202607151536,   2.858,9999.000,9999.000,9999.000,9999.000,9999.000,9999.000,9999.000,9999.000
202607151542,   2.860,9999.000,9999.000,9999.000,9999.000,9999.000,9999.000,9999.000,9999.000
202607151548,   2.858,9999.000,9999.000,9999.000,9999.000,9999.000,9999.000,9999.000,9999.000
202607151554,   2.853,9999.000,9999.000,9999.000,9999.000,9999.000,9999.000,9999.000,9999.000
202607151600,   2.846,9999.000,  -0.200,  -0.117,   2.529,  -0.300,   2.429,   0.000,   2.729
202607151606,   2.836,9999.000,9999.000,9999.000,9999.000,9999.000,9999.000,9999.000,9999.000
202607151612,   2.823,9999.000,9999.000,9999.000,9999.000,9999.000,9999.000,9999.000,9999.000
202607151618,   2.807,9999.000,9999.000,9999.000,9999.000,9999.000,9999.000,9999.000,9999.000
202607151624,   2.789,9999.000,9999.000,9999.000,9999.000,9999.000,9999.000,9999.000,9999.000
202607151630,   2.769,9999.000,9999.000,9999.000,9999.000,9999.000,9999.000,9999.000,9999.000
202607151636,   2.746,9999.000,9999.000,9999.000,9999.000,9999.000,9999.000,9999.000,9999.000
202607151642,   2.720,9999.000,9999.000,9999.000,9999.000,9999.000,9999.000,9999.000,9999.000
202607151648,   2.691,9999.000,9999.000,9999.000,9999.000,9999.000,9999.000,9999.000,9999.000
202607151654,   2.659,9999.000,9999.000,9999.000,9999.000,9999.000,9999.000,9999.000,9999.000
202607151700,   2.625,9999.000,  -0.100,  -0.117,   2.408,  -0.200,   2.308,   0.000,   2.508
202607151706,   2.588,9999.000,9999.000,9999.000,9999.000,9999.000,9999.000,9999.000,9999.000
202607151712,   2.548,9999.000,9999.000,9999.000,9999.000,9999.000,9999.000,9999.000,9999.000
202607151718,   2.504,9999.000,9999.000,9999.000,9999.000,9999.000,9999.000,9999.000,9999.000
202607151724,   2.458,9999.000,9999.000,9999.000,9999.000,9999.000,9999.000,9999.000,9999.000
202607151730,   2.409,9999.000,9999.000,9999.000,9999.000,9999.000,9999.000,9999.000,9999.000
202607151736,   2.357,9999.000,9999.000,9999.000,9999.000,9999.000,9999.000,9999.000,9999.000
202607151742,   2.302,9999.000,9999.000,9999.000,9999.000,9999.000,9999.000,9999.000,9999.000
202607151748,   2.243,9999.000,9999.000,9999.000,9999.000,9999.000,9999.000,9999.000,9999.000
202607151754,   2.183,9999.000,9999.000,9999.000,9999.000,9999.000,9999.000,9999.000,9999.000
202607151800,   2.119,9999.000,   0.000,  -0.117,   2.002,  -0.200,   1.802,   0.100,   2.102
202607151806,   2.053,9999.000,9999.000,9999.000,9999.000,9999.000,9999.000,9999.000,9999.000
202607151812,   1.984,9999.000,9999.000,9999.000,9999.000,9999.000,9999.000,9999.000,9999.000
202607151818,   1.914,9999.000,9999.000,9999.000,9999.000,9999.000,9999.000,9999.000,9999.000
202607151824,   1.841,9999.000,9999.000,9999.000,9999.000,9999.000,9999.000,9999.000,9999.000
202607151830,   1.767,9999.000,9999.000,9999.000,9999.000,9999.000,9999.000,9999.000,9999.000
202607151836,   1.691,9999.000,9999.000,9999.000,9999.000,9999.000,9999.000,9999.000,9999.000
202607151842,   1.614,9999.000,9999.000,9999.000,9999.000,9999.000,9999.000,9999.000,9999.000
202607151848,   1.537,9999.000,9999.000,9999.000,9999.000,9999.000,9999.000,9999.000,9999.000
202607151854,   1.459,9999.000,9999.000,9999.000,9999.000,9999.000,9999.000,9999.000,9999.000
202607151900,   1.380,9999.000,   0.000,  -0.117,   1.263,  -0.100,   1.163,   0.200,   1.463
202607151906,   1.302,9999.000,9999.000,9999.000,9999.000,9999.000,9999.000,9999.000,9999.000
202607151912,   1.224,9999.000,9999.000,9999.000,9999.000,9999.000,9999.000,9999.000,9999.000
202607151918,   1.147,9999.000,9999.000,9999.000,9999.000,9999.000,9999.000,9999.000,9999.000
202607151924,   1.071,9999.000,9999.000,9999.000,9999.000,9999.000,9999.000,9999.000,9999.000
202607151930,   0.996,9999.000,9999.000,9999.000,9999.000,9999.000,9999.000,9999.000,9999.000
202607151936,   0.923,9999.000,9999.000,9999.000,9999.000,9999.000,9999.000,9999.000,9999.000
202607151942,   0.851,9999.000,9999.000,9999.000,9999.000,9999.000,9999.000,9999.000,9999.000
202607151948,   0.782,9999.000,9999.000,9999.000,9999.000,9999.000,9999.000,9999.000,9999.000
202607151954,   0.714,9999.000,9999.000,9999.000,9999.000,9999.000,9999.000,9999.000,9999.000
202607152000,   0.649,9999.000,   0.100,  -0.117,   0.632,   0.000,   0.532,   0.200,   0.732
202607152006,   0.587,9999.000,9999.000,9999.000,9999.000,9999.000,9999.000,9999.000,9999.000
202607152012,   0.527,9999.000,9999.000,9999.000,9999.000,9999.000,9999.000,9999.000,9999.000
202607152018,   0.470,9999.000,9999.000,9999.000,9999.000,9999.000,9999.000,9999.000,9999.000
202607152024,   0.416,9999.000,9999.000,9999.000,9999.000,9999.000,9999.000,9999.000,9999.000
202607152030,   0.365,9999.000,9999.000,9999.000,9999.000,9999.000,9999.000,9999.000,9999.000
202607152036,   0.318,9999.000,9999.000,9999.000,9999.000,9999.000,9999.000,9999.000,9999.000
202607152042,   0.274,9999.000,9999.000,9999.000,9999.000,9999.000,9999.000,9999.000,9999.000
202607152048,   0.233,9999.000,9999.000,9999.000,9999.000,9999.000,9999.000,9999.000,9999.000
202607152054,   0.197,9999.000,9999.000,9999.000,9999.000,9999.000,9999.000,9999.000,9999.000
202607152100,   0.164,9999.000,   0.100,  -0.117,   0.147,   0.000,   0.047,   0.300,   0.347
202607152106,   0.134,9999.000,9999.000,9999.000,9999.000,9999.000,9999.000,9999.000,9999.000
202607152112,   0.109,9999.000,9999.000,9999.000,9999.000,9999.000,9999.000,9999.000,9999.000
202607152118,   0.088,9999.000,9999.000,9999.000,9999.000,9999.000,9999.000,9999.000,9999.000
202607152124,   0.071,9999.000,9999.000,9999.000,9999.000,9999.000,9999.000,9999.000,9999.000
202607152130,   0.058,9999.000,9999.000,9999.000,9999.000,9999.000,9999.000,9999.000,9999.000
202607152136,   0.050,9999.000,9999.000,9999.000,9999.000,9999.000,9999.000,9999.000,9999.000
202607152142,   0.046,9999.000,9999.000,9999.000,9999.000,9999.000,9999.000,9999.000,9999.000
202607152148,   0.047,9999.000,9999.000,9999.000,9999.000,9999.000,9999.000,9999.000,9999.000
202607152154,   0.052,9999.000,9999.000,9999.000,9999.000,9999.000,9999.000,9999.000,9999.000
202607152200,   0.061,9999.000,   0.200,  -0.117,   0.144,   0.000,  -0.056,   0.300,   0.244
202607152206,   0.076,9999.000,9999.000,9999.000,9999.000,9999.000,9999.000,9999.000,9999.000
202607152212,   0.094,9999.000,9999.000,9999.000,9999.000,9999.000,9999.000,9999.000,9999.000
202607152218,   0.117,9999.000,9999.000,9999.000,9999.000,9999.000,9999.000,9999.000,9999.000
202607152224,   0.145,9999.000,9999.000,9999.000,9999.000,9999.000,9999.000,9999.000,9999.000
202607152230,   0.177,9999.000,9999.000,9999.000,9999.000,9999.000,9999.000,9999.000,9999.000
202607152236,   0.213,9999.000,9999.000,9999.000,9999.000,9999.000,9999.000,9999.000,9999.000
202607152242,   0.253,9999.000,9999.000,9999.000,9999.000,9999.000,9999.000,9999.000,9999.000
202607152248,   0.297,9999.000,9999.000,9999.000,9999.000,9999.000,9999.000,9999.000,9999.000
202607152254,   0.345,9999.000,9999.000,9999.000,9999.000,9999.000,9999.000,9999.000,9999.000
202607152300,   0.397,9999.000,   0.200,  -0.117,   0.480,   0.100,   0.380,   0.400,   0.680
202607152306,   0.452,9999.000,9999.000,9999.000,9999.000,9999.000,9999.000,9999.000,9999.000
202607152312,   0.511,9999.000,9999.000,9999.000,9999.000,9999.000,9999.000,9999.000,9999.000
202607152318,   0.572,9999.000,9999.000,9999.000,9999.000,9999.000,9999.000,9999.000,9999.000
202607152324,   0.636,9999.000,9999.000,9999.000,9999.000,9999.000,9999.000,9999.000,9999.000
202607152330,   0.703,9999.000,9999.000,9999.000,9999.000,9999.000,9999.000,9999.000,9999.000
202607152336,   0.772,9999.000,9999.000,9999.000,9999.000,9999.000,9999.000,9999.000,9999.000
202607152342,   0.844,9999.000,9999.000,9999.000,9999.000,9999.000,9999.000,9999.000,9999.000
202607152348,   0.917,9999.000,9999.000,9999.000,9999.000,9999.000,9999.000,9999.000,9999.000
202607152354,   0.992,9999.000,9999.000,9999.000,9999.000,9999.000,9999.000,9999.000,9999.000
202607160000,   1.069,9999.000,   0.300,  -0.117,   1.252,   0.100,   1.052,   0.400,   1.352
202607160006,   1.147,9999.000,9999.000,9999.000,9999.000,9999.000,9999.000,9999.000,9999.000
202607160012,   1.226,9999.000,9999.000,9999.000,9999.000,9999.000,9999.000,9999.000,9999.000
202607160018,   1.306,9999.000,9999.000,9999.000,9999.000,9999.000,9999.000,9999.000,9999.000
202607160024,   1.387,9999.000,9999.000,9999.000,9999.000,9999.000,9999.000,9999.000,9999.000
202607160030,   1.469,9999.000,9999.000,9999.000,9999.000,9999.000,9999.000,9999.000,9999.000
202607160036,   1.551,9999.000,9999.000,9999.000,9999.000,9999.000,9999.000,9999.000,9999.000
202607160042,   1.634,9999.000,9999.000,9999.000,9999.000,9999.000,9999.000,9999.000,9999.000
202607160048,   1.717,9999.000,9999.000,9999.000,9999.000,9999.000,9999.000,9999.000,9999.000
202607160054,   1.800,9999.000,9999.000,9999.000,9999.000,9999.000,9999.000,9999.000,9999.000
202607160100,   1.882,9999.000,   0.300,  -0.117,   2.065,   0.100,   1.865,   0.500,   2.265
202607160106,   1.965,9999.000,9999.000,9999.000,9999.000,9999.000,9999.000,9999.000,9999.000
202607160112,   2.046,9999.000,9999.000,9999.000,9999.000,9999.000,9999.000,9999.000,9999.000
202607160118,   2.128,9999.000,9999.000,9999.000,9999.000,9999.000,9999.000,9999.000,9999.000
202607160124,   2.208,9999.000,9999.000,9999.000,9999.000,9999.000,9999.000,9999.000,9999.000
202607160130,   2.287,9999.000,9999.000,9999.000,9999.000,9999.000,9999.000,9999.000,9999.000
202607160136,   2.365,9999.000,9999.000,9999.000,9999.000,9999.000,9999.000,9999.000,9999.000
202607160142,   2.441,9999.000,9999.000,9999.000,9999.000,9999.000,9999.000,9999.000,9999.000
202607160148,   2.516,9999.000,9999.000,9999.000,9999.000,9999.000,9999.000,9999.000,9999.000
202607160154,   2.589,9999.000,9999.000,9999.000,9999.000,9999.000,9999.000,9999.000,9999.000
202607160200,   2.660,9999.000,   0.300,  -0.117,   2.843,   0.100,   2.643,   0.500,   3.043
202607160206,   2.728,9999.000,9999.000,9999.000,9999.000,9999.000,9999.000,9999.000,9999.000
202607160212,   2.794,9999.000,9999.000,9999.000,9999.000,9999.000,9999.000,9999.000,9999.000
202607160218,   2.857,9999.000,9999.000,9999.000,9999.000,9999.000,9999.000,9999.000,9999.000
202607160224,   2.917,9999.000,9999.000,9999.000,9999.000,9999.000,9999.000,9999.000,9999.000
202607160230,   2.973,9999.000,9999.000,9999.000,9999.000,9999.000,9999.000,9999.000,9999.000
202607160236,   3.027,9999.000,9999.000,9999.000,9999.000,9999.000,9999.000,9999.000,9999.000
202607160242,   3.077,9999.000,9999.000,9999.000,9999.000,9999.000,9999.000,9999.000,9999.000
202607160248,   3.123,9999.000,9999.000,9999.000,9999.000,9999.000,9999.000,9999.000,9999.000
202607160254,   3.166,9999.000,9999.000,9999.000,9999.000,9999.000,9999.000,9999.000,9999.000
202607160300,   3.205,9999.000,   0.400,  -0.117,   3.488,   0.200,   3.288,   0.500,   3.588
202607160306,   3.240,9999.000,9999.000,9999.000,9999.000,9999.000,9999.000,9999.000,9999.000
202607160312,   3.272,9999.000,9999.000,9999.000,9999.000,9999.000,9999.000,9999.000,9999.000
202607160318,   3.299,9999.000,9999.000,9999.000,9999.000,9999.000,9999.000,9999.000,9999.000
202607160324,   3.323,9999.000,9999.000,9999.000,9999.000,9999.000,9999.000,9999.000,9999.000
202607160330,   3.343,9999.000,9999.000,9999.000,9999.000,9999.000,9999.000,9999.000,9999.000
202607160336,   3.359,9999.000,9999.000,9999.000,9999.000,9999.000,9999.000,9999.000,9999.000
202607160342,   3.372,9999.000,9999.000,9999.000,9999.000,9999.000,9999.000,9999.000,9999.000
202607160348,   3.381,9999.000,9999.000,9999.000,9999.000,9999.000,9999.000,9999.000,9999.000
202607160354,   3.386,9999.000,9999.000,9999.000,9999.000,9999.000,9999.000,9999.000,9999.000
202607160400,   3.389,9999.000,   0.400,  -0.117,   3.672,   0.200,   3.472,   0.500,   3.772
202607160406,   3.388,9999.000,9999.000,9999.000,9999.000,9999.000,9999.000,9999.000,9999.000
202607160412,   3.383,9999.000,9999.000,9999.000,9999.000,9999.000,9999.000,9999.000,9999.000
202607160418,   3.376,9999.000,9999.000,9999.000,9999.000,9999.000,9999.000,9999.000,9999.000
202607160424,   3.366,9999.000,9999.000,9999.000,9999.000,9999.000,9999.000,9999.000,9999.000
202607160430,   3.352,9999.000,9999.000,9999.000,9999.000,9999.000,9999.000,9999.000,9999.000
202607160436,   3.336,9999.000,9999.000,9999.000,9999.000,9999.000,9999.000,9999.000,9999.000
202607160442,   3.316,9999.000,9999.000,9999.000,9999.000,9999.000,9999.000,9999.000,9999.000
202607160448,   3.294,9999.000,9999.000,9999.000,9999.000,9999.000,9999.000,9999.000,9999.000
202607160454,   3.268,9999.000,9999.000,9999.000,9999.000,9999.000,9999.000,9999.000,9999.000
202607160500,   3.240,9999.000,   0.400,  -0.117,   3.523,   0.200,   3.323,   0.500,   3.623
202607160506,   3.208,9999.000,9999.000,9999.000,9999.000,9999.000,9999.000,9999.000,9999.000
202607160512,   3.173,9999.000,9999.000,9999.000,9999.000,9999.000,9999.000,9999.000,9999.000
202607160518,   3.135,9999.000,9999.000,9999.000,9999.000,9999.000,9999.000,9999.000,9999.000
202607160524,   3.094,9999.000,9999.000,9999.000,9999.000,9999.000,9999.000,9999.000,9999.000
202607160530,   3.050,9999.000,9999.000,9999.000,9999.000,9999.000,9999.000,9999.000,9999.000
202607160536,   3.002,9999.000,9999.000,9999.000,9999.000,9999.000,9999.000,9999.000,9999.000
202607160542,   2.951,9999.000,9999.000,9999.000,9999.000,9999.000,9999.000,9999.000,9999.000
202607160548,   2.896,9999.000,9999.000,9999.000,9999.000,9999.000,9999.000,9999.000,9999.000
202607160554,   2.838,9999.000,9999.000,9999.000,9999.000,9999.000,9999.000,9999.000,9999.000
202607160600,   2.777,9999.000,   0.400,  -0.117,   3.060,   0.200,   2.860,   0.500,   3.160
202607160606,   2.712,9999.000,9999.000,9999.000,9999.000,9999.000,9999.000,9999.000,9999.000
202607160612,   2.645,9999.000,9999.000,9999.000,9999.000,9999.000,9999.000,9999.000,9999.000
202607160618,   2.574,9999.000,9999.000,9999.000,9999.000,9999.000,9999.000,9999.000,9999.000
202607160624,   2.500,9999.000,9999.000,9999.000,9999.000,9999.000,9999.000,9999.000,9999.000
202607160630,   2.424,9999.000,9999.000,9999.000,9999.000,9999.000,9999.000,9999.000,9999.000
202607160636,   2.344,9999.000,9999.000,9999.000,9999.000,9999.000,9999.000,9999.000,9999.000
202607160642,   2.263,9999.000,9999.000,9999.000,9999.000,9999.000,9999.000,9999.000,9999.000
202607160648,   2.179,9999.000,9999.000,9999.000,9999.000,9999.000,9999.000,9999.000,9999.000
202607160654,   2.094,9999.000,9999.000,9999.000,9999.000,9999.000,9999.000,9999.000,9999.000
202607160700,   2.007,9999.000,   0.400,  -0.117,   2.290,   0.300,   2.190,   0.500,   2.390
202607160706,   1.919,9999.000,9999.000,9999.000,9999.000,9999.000,9999.000,9999.000,9999.000
202607160712,   1.830,9999.000,9999.000,9999.000,9999.000,9999.000,9999.000,9999.000,9999.000
202607160718,   1.740,9999.000,9999.000,9999.000,9999.000,9999.000,9999.000,9999.000,9999.000
202607160724,   1.650,9999.000,9999.000,9999.000,9999.000,9999.000,9999.000,9999.000,9999.000
202607160730,   1.560,9999.000,9999.000,9999.000,9999.000,9999.000,9999.000,9999.000,9999.000
202607160736,   1.470,9999.000,9999.000,9999.000,9999.000,9999.000,9999.000,9999.000,9999.000
202607160742,   1.381,9999.000,9999.000,9999.000,9999.000,9999.000,9999.000,9999.000,9999.000
202607160748,   1.293,9999.000,9999.000,9999.000,9999.000,9999.000,9999.000,9999.000,9999.000
202607160754,   1.206,9999.000,9999.000,9999.000,9999.000,9999.000,9999.000,9999.000,9999.000
202607160800,   1.121,9999.000,   0.400,  -0.117,   1.404,   0.300,   1.304,   0.600,   1.604
202607160806,   1.037,9999.000,9999.000,9999.000,9999.000,9999.000,9999.000,9999.000,9999.000
202607160812,   0.955,9999.000,9999.000,9999.000,9999.000,9999.000,9999.000,9999.000,9999.000
202607160818,   0.876,9999.000,9999.000,9999.000,9999.000,9999.000,9999.000,9999.000,9999.000
202607160824,   0.798,9999.000,9999.000,9999.000,9999.000,9999.000,9999.000,9999.000,9999.000
202607160830,   0.723,9999.000,9999.000,9999.000,9999.000,9999.000,9999.000,9999.000,9999.000
202607160836,   0.651,9999.000,9999.000,9999.000,9999.000,9999.000,9999.000,9999.000,9999.000
202607160842,   0.581,9999.000,9999.000,9999.000,9999.000,9999.000,9999.000,9999.000,9999.000
202607160848,   0.514,9999.000,9999.000,9999.000,9999.000,9999.000,9999.000,9999.000,9999.000
202607160854,   0.451,9999.000,9999.000,9999.000,9999.000,9999.000,9999.000,9999.000,9999.000
202607160900,   0.390,9999.000,   0.500,  -0.117,   0.773,   0.300,   0.573,   0.600,   0.873
202607160906,   0.333,9999.000,9999.000,9999.000,9999.000,9999.000,9999.000,9999.000,9999.000
202607160912,   0.279,9999.000,9999.000,9999.000,9999.000,9999.000,9999.000,9999.000,9999.000
202607160918,   0.228,9999.000,9999.000,9999.000,9999.000,9999.000,9999.000,9999.000,9999.000
202607160924,   0.182,9999.000,9999.000,9999.000,9999.000,9999.000,9999.000,9999.000,9999.000
202607160930,   0.139,9999.000,9999.000,9999.000,9999.000,9999.000,9999.000,9999.000,9999.000
202607160936,   0.099,9999.000,9999.000,9999.000,9999.000,9999.000,9999.000,9999.000,9999.000
202607160942,   0.064,9999.000,9999.000,9999.000,9999.000,9999.000,9999.000,9999.000,9999.000
202607160948,   0.033,9999.000,9999.000,9999.000,9999.000,9999.000,9999.000,9999.000,9999.000
202607160954,   0.006,9999.000,9999.000,9999.000,9999.000,9999.000,9999.000,9999.000,9999.000
202607161000,  -0.016,9999.000,   0.500,  -0.117,   0.367,   0.300,   0.167,   0.600,   0.467
202607161006,  -0.034,9999.000,9999.000,9999.000,9999.000,9999.000,9999.000,9999.000,9999.000
202607161012,  -0.048,9999.000,9999.000,9999.000,9999.000,9999.000,9999.000,9999.000,9999.000
202607161018,  -0.058,9999.000,9999.000,9999.000,9999.000,9999.000,9999.000,9999.000,9999.000
202607161024,  -0.063,9999.000,9999.000,9999.000,9999.000,9999.000,9999.000,9999.000,9999.000
202607161030,  -0.063,9999.000,9999.000,9999.000,9999.000,9999.000,9999.000,9999.000,9999.000
202607161036,  -0.059,9999.000,9999.000,9999.000,9999.000,9999.000,9999.000,9999.000,9999.000
202607161042,  -0.050,9999.000,9999.000,9999.000,9999.000,9999.000,9999.000,9999.000,9999.000
202607161048,  -0.037,9999.000,9999.000,9999.000,9999.000,9999.000,9999.000,9999.000,9999.000
202607161054,  -0.019,9999.000,9999.000,9999.000,9999.000,9999.000,9999.000,9999.000,9999.000
202607161100,   0.003,9999.000,   0.500,  -0.117,   0.386,   0.400,   0.286,   0.600,   0.486
202607161106,   0.030,9999.000,9999.000,9999.000,9999.000,9999.000,9999.000,9999.000,9999.000
202607161112,   0.061,9999.000,9999.000,9999.000,9999.000,9999.000,9999.000,9999.000,9999.000
202607161118,   0.096,9999.000,9999.000,9999.000,9999.000,9999.000,9999.000,9999.000,9999.000
202607161124,   0.135,9999.000,9999.000,9999.000,9999.000,9999.000,9999.000,9999.000,9999.000
202607161130,   0.178,9999.000,9999.000,9999.000,9999.000,9999.000,9999.000,9999.000,9999.000
202607161136,   0.224,9999.000,9999.000,9999.000,9999.000,9999.000,9999.000,9999.000,9999.000
202607161142,   0.274,9999.000,9999.000,9999.000,9999.000,9999.000,9999.000,9999.000,9999.000
202607161148,   0.327,9999.000,9999.000,9999.000,9999.000,9999.000,9999.000,9999.000,9999.000
202607161154,   0.383,9999.000,9999.000,9999.000,9999.000,9999.000,9999.000,9999.000,9999.000
202607161200,   0.442,9999.000,   0.500,  -0.117,   0.825,   0.400,   0.725,   0.600,   0.925
202607161206,   0.503,9999.000,9999.000,9999.000,9999.000,9999.000,9999.000,9999.000,9999.000
202607161212,   0.567,9999.000,9999.000,9999.000,9999.000,9999.000,9999.000,9999.000,9999.000
202607161218,   0.633,9999.000,9999.000,9999.000,9999.000,9999.000,9999.000,9999.000,9999.000
202607161224,   0.700,9999.000,9999.000,9999.000,9999.000,9999.000,9999.000,9999.000,9999.000
202607161230,   0.770,9999.000,9999.000,9999.000,9999.000,9999.000,9999.000,9999.000,9999.000
202607161236,   0.841,9999.000,9999.000,9999.000,9999.000,9999.000,9999.000,9999.000,9999.000
202607161242,   0.913,9999.000,9999.000,9999.000,9999.000,9999.000,9999.000,9999.000,9999.000
202607161248,   0.986,9999.000,9999.000,9999.000,9999.000,9999.000,9999.000,9999.000,9999.000
202607161254,   1.061,9999.000,9999.000,9999.000,9999.000,9999.000,9999.000,9999.000,9999.000
202607161300,   1.136,9999.000,   0.500,  -0.117,   1.519,   0.400,   1.419,   0.600,   1.619
202607161306,   1.211,9999.000,9999.000,9999.000,9999.000,9999.000,9999.000,9999.000,9999.000
202607161312,   1.288,9999.000,9999.000,9999.000,9999.000,9999.000,9999.000,9999.000,9999.000
202607161318,   1.364,9999.000,9999.000,9999.000,9999.000,9999.000,9999.000,9999.000,9999.000
202607161324,   1.441,9999.000,9999.000,9999.000,9999.000,9999.000,9999.000,9999.000,9999.000
202607161330,   1.517,9999.000,9999.000,9999.000,9999.000,9999.000,9999.000,9999.000,9999.000
202607161336,   1.594,9999.000,9999.000,9999.000,9999.000,9999.000,9999.000,9999.000,9999.000
202607161342,   1.670,9999.000,9999.000,9999.000,9999.000,9999.000,9999.000,9999.000,9999.000
202607161348,   1.745,9999.000,9999.000,9999.000,9999.000,9999.000,9999.000,9999.000,9999.000
202607161354,   1.820,9999.000,9999.000,9999.000,9999.000,9999.000,9999.000,9999.000,9999.000
202607161400,   1.894,9999.000,   0.500,  -0.117,   2.277,   0.400,   2.177,   0.600,   2.377
202607161406,   1.967,9999.000,9999.000,9999.000,9999.000,9999.000,9999.000,9999.000,9999.000
202607161412,   2.038,9999.000,9999.000,9999.000,9999.000,9999.000,9999.000,9999.000,9999.000
202607161418,   2.108,9999.000,9999.000,9999.000,9999.000,9999.000,9999.000,9999.000,9999.000
202607161424,   2.176,9999.000,9999.000,9999.000,9999.000,9999.000,9999.000,9999.000,9999.000
202607161430,   2.242,9999.000,9999.000,9999.000,9999.000,9999.000,9999.000,9999.000,9999.000
202607161436,   2.306,9999.000,9999.000,9999.000,9999.000,9999.000,9999.000,9999.000,9999.000
202607161442,   2.368,9999.000,9999.000,9999.000,9999.000,9999.000,9999.000,9999.000,9999.000
202607161448,   2.427,9999.000,9999.000,9999.000,9999.000,9999.000,9999.000,9999.000,9999.000
202607161454,   2.483,9999.000,9999.000,9999.000,9999.000,9999.000,9999.000,9999.000,9999.000
202607161500,   2.536,9999.000,   0.500,  -0.117,   2.919,   0.400,   2.819,   0.600,   3.019
202607161506,   2.587,9999.000,9999.000,9999.000,9999.000,9999.000,9999.000,9999.000,9999.000
202607161512,   2.634,9999.000,9999.000,9999.000,9999.000,9999.000,9999.000,9999.000,9999.000
202607161518,   2.679,9999.000,9999.000,9999.000,9999.000,9999.000,9999.000,9999.000,9999.000
202607161524,   2.719,9999.000,9999.000,9999.000,9999.000,9999.000,9999.000,9999.000,9999.000
202607161530,   2.757,9999.000,9999.000,9999.000,9999.000,9999.000,9999.000,9999.000,9999.000
202607161536,   2.791,9999.000,9999.000,9999.000,9999.000,9999.000,9999.000,9999.000,9999.000
202607161542,   2.822,9999.000,9999.000,9999.000,9999.000,9999.000,9999.000,9999.000,9999.000
202607161548,   2.850,9999.000,9999.000,9999.000,9999.000,9999.000,9999.000,9999.000,9999.000
202607161554,   2.874,9999.000,9999.000,9999.000,9999.000,9999.000,9999.000,9999.000,9999.000
202607161600,   2.895,9999.000,   0.500,  -0.117,   3.278,   0.400,   3.178,   0.600,   3.378
202607161606,   2.912,9999.000,9999.000,9999.000,9999.000,9999.000,9999.000,9999.000,9999.000
202607161612,   2.927,9999.000,9999.000,9999.000,9999.000,9999.000,9999.000,9999.000,9999.000
202607161618,   2.938,9999.000,9999.000,9999.000,9999.000,9999.000,9999.000,9999.000,9999.000
202607161624,   2.946,9999.000,9999.000,9999.000,9999.000,9999.000,9999.000,9999.000,9999.000
202607161630,   2.951,9999.000,9999.000,9999.000,9999.000,9999.000,9999.000,9999.000,9999.000
202607161636,   2.954,9999.000,9999.000,9999.000,9999.000,9999.000,9999.000,9999.000,9999.000
202607161642,   2.953,9999.000,9999.000,9999.000,9999.000,9999.000,9999.000,9999.000,9999.000
202607161648,   2.950,9999.000,9999.000,9999.000,9999.000,9999.000,9999.000,9999.000,9999.000
202607161654,   2.943,9999.000,9999.000,9999.000,9999.000,9999.000,9999.000,9999.000,9999.000
202607161700,   2.934,9999.000,   0.500,  -0.117,   3.317,   0.400,   3.217,   0.600,   3.417
202607161706,   2.922,9999.000,9999.000,9999.000,9999.000,9999.000,9999.000,9999.000,9999.000
202607161712,   2.908,9999.000,9999.000,9999.000,9999.000,9999.000,9999.000,9999.000,9999.000
202607161718,   2.890,9999.000,9999.000,9999.000,9999.000,9999.000,9999.000,9999.000,9999.000
202607161724,   2.870,9999.000,9999.000,9999.000,9999.000,9999.000,9999.000,9999.000,9999.000
202607161730,   2.847,9999.000,9999.000,9999.000,9999.000,9999.000,9999.000,9999.000,9999.000
202607161736,   2.821,9999.000,9999.000,9999.000,9999.000,9999.000,9999.000,9999.000,9999.000
202607161742,   2.791,9999.000,9999.000,9999.000,9999.000,9999.000,9999.000,9999.000,9999.000
202607161748,   2.759,9999.000,9999.000,9999.000,9999.000,9999.000,9999.000,9999.000,9999.000
202607161754,   2.724,9999.000,9999.000,9999.000,9999.000,9999.000,9999.000,9999.000,9999.000
202607161800,   2.685,9999.000,   0.500,  -0.117,   3.068,   0.400,   2.968,   0.600,   3.168
202607161806,   2.643,9999.000,9999.000,9999.000,9999.000,9999.000,9999.000,9999.000,9999.000
202607161812,   2.598,9999.000,9999.000,9999.000,9999.000,9999.000,9999.000,9999.000,9999.000
202607161818,   2.550,9999.000,9999.000,9999.000,9999.000,9999.000,9999.000,9999.000,9999.000
202607161824,   2.499,9999.000,9999.000,9999.000,9999.000,9999.000,9999.000,9999.000,9999.000
202607161830,   2.444,9999.000,9999.000,9999.000,9999.000,9999.000,9999.000,9999.000,9999.000
202607161836,   2.387,9999.000,9999.000,9999.000,9999.000,9999.000,9999.000,9999.000,9999.000
202607161842,   2.326,9999.000,9999.000,9999.000,9999.000,9999.000,9999.000,9999.000,9999.000
202607161848,   2.263,9999.000,9999.000,9999.000,9999.000,9999.000,9999.000,9999.000,9999.000
202607161854,   2.198,9999.000,9999.000,9999.000,9999.000,9999.000,9999.000,9999.000,9999.000
202607161900,   2.130,9999.000,   0.500,  -0.117,   2.513,   0.400,   2.413,   0.600,   2.613
202607161906,   2.059,9999.000,9999.000,9999.000,9999.000,9999.000,9999.000,9999.000,9999.000
202607161912,   1.987,9999.000,9999.000,9999.000,9999.000,9999.000,9999.000,9999.000,9999.000
202607161918,   1.913,9999.000,9999.000,9999.000,9999.000,9999.000,9999.000,9999.000,9999.000
202607161924,   1.838,9999.000,9999.000,9999.000,9999.000,9999.000,9999.000,9999.000,9999.000
202607161930,   1.762,9999.000,9999.000,9999.000,9999.000,9999.000,9999.000,9999.000,9999.000
202607161936,   1.685,9999.000,9999.000,9999.000,9999.000,9999.000,9999.000,9999.000,9999.000
202607161942,   1.607,9999.000,9999.000,9999.000,9999.000,9999.000,9999.000,9999.000,9999.000
202607161948,   1.530,9999.000,9999.000,9999.000,9999.000,9999.000,9999.000,9999.000,9999.000
202607161954,   1.452,9999.000,9999.000,9999.000,9999.000,9999.000,9999.000,9999.000,9999.000
202607162000,   1.375,9999.000,   0.500,  -0.117,   1.758,   0.400,   1.658,   0.600,   1.858
202607162006,   1.299,9999.000,9999.000,9999.000,9999.000,9999.000,9999.000,9999.000,9999.000
202607162012,   1.223,9999.000,9999.000,9999.000,9999.000,9999.000,9999.000,9999.000,9999.000
202607162018,   1.149,9999.000,9999.000,9999.000,9999.000,9999.000,9999.000,9999.000,9999.000
202607162024,   1.076,9999.000,9999.000,9999.000,9999.000,9999.000,9999.000,9999.000,9999.000
202607162030,   1.004,9999.000,9999.000,9999.000,9999.000,9999.000,9999.000,9999.000,9999.000
202607162036,   0.935,9999.000,9999.000,9999.000,9999.000,9999.000,9999.000,9999.000,9999.000
202607162042,   0.867,9999.000,9999.000,9999.000,9999.000,9999.000,9999.000,9999.000,9999.000
202607162048,   0.802,9999.000,9999.000,9999.000,9999.000,9999.000,9999.000,9999.000,9999.000
202607162054,   0.738,9999.000,9999.000,9999.000,9999.000,9999.000,9999.000,9999.000,9999.000
202607162100,   0.678,9999.000,   0.500,  -0.117,   1.061,   0.400,   0.961,   0.600,   1.161
202607162106,   0.619,9999.000,9999.000,9999.000,9999.000,9999.000,9999.000,9999.000,9999.000
202607162112,   0.564,9999.000,9999.000,9999.000,9999.000,9999.000,9999.000,9999.000,9999.000
202607162118,   0.511,9999.000,9999.000,9999.000,9999.000,9999.000,9999.000,9999.000,9999.000
202607162124,   0.461,9999.000,9999.000,9999.000,9999.000,9999.000,9999.000,9999.000,9999.000
202607162130,   0.414,9999.000,9999.000,9999.000,9999.000,9999.000,9999.000,9999.000,9999.000
202607162136,   0.370,9999.000,9999.000,9999.000,9999.000,9999.000,9999.000,9999.000,9999.000
202607162142,   0.330,9999.000,9999.000,9999.000,9999.000,9999.000,9999.000,9999.000,9999.000
202607162148,   0.292,9999.000,9999.000,9999.000,9999.000,9999.000,9999.000,9999.000,9999.000
202607162154,   0.258,9999.000,9999.000,9999.000,9999.000,9999.000,9999.000,9999.000,9999.000
202607162200,   0.228,9999.000,   0.500,  -0.117,   0.611,   0.300,   0.411,   0.600,   0.711
202607162206,   0.201,9999.000,9999.000,9999.000,9999.000,9999.000,9999.000,9999.000,9999.000
202607162212,   0.178,9999.000,9999.000,9999.000,9999.000,9999.000,9999.000,9999.000,9999.000
202607162218,   0.159,9999.000,9999.000,9999.000,9999.000,9999.000,9999.000,9999.000,9999.000
202607162224,   0.144,9999.000,9999.000,9999.000,9999.000,9999.000,9999.000,9999.000,9999.000
202607162230,   0.133,9999.000,9999.000,9999.000,9999.000,9999.000,9999.000,9999.000,9999.000
202607162236,   0.126,9999.000,9999.000,9999.000,9999.000,9999.000,9999.000,9999.000,9999.000
202607162242,   0.123,9999.000,9999.000,9999.000,9999.000,9999.000,9999.000,9999.000,9999.000
202607162248,   0.125,9999.000,9999.000,9999.000,9999.000,9999.000,9999.000,9999.000,9999.000
202607162254,   0.131,9999.000,9999.000,9999.000,9999.000,9999.000,9999.000,9999.000,9999.000
202607162300,   0.141,9999.000,   0.400,  -0.117,   0.424,   0.300,   0.324,   0.600,   0.624
202607162306,   0.156,9999.000,9999.000,9999.000,9999.000,9999.000,9999.000,9999.000,9999.000
202607162312,   0.175,9999.000,9999.000,9999.000,9999.000,9999.000,9999.000,9999.000,9999.000
202607162318,   0.199,9999.000,9999.000,9999.000,9999.000,9999.000,9999.000,9999.000,9999.000
202607162324,   0.227,9999.000,9999.000,9999.000,9999.000,9999.000,9999.000,9999.000,9999.000
202607162330,   0.260,9999.000,9999.000,9999.000,9999.000,9999.000,9999.000,9999.000,9999.000
202607162336,   0.296,9999.000,9999.000,9999.000,9999.000,9999.000,9999.000,9999.000,9999.000
202607162342,   0.336,9999.000,9999.000,9999.000,9999.000,9999.000,9999.000,9999.000,9999.000
202607162348,   0.381,9999.000,9999.000,9999.000,9999.000,9999.000,9999.000,9999.000,9999.000
202607162354,   0.428,9999.000,9999.000,9999.000,9999.000,9999.000,9999.000,9999.000,9999.000
202607170000,   0.480,9999.000,   0.400,  -0.117,   0.763,   0.300,   0.663,   0.600,   0.963
202607170006,   0.534,9999.000,9999.000,9999.000,9999.000,9999.000,9999.000,9999.000,9999.000
202607170012,   0.592,9999.000,9999.000,9999.000,9999.000,9999.000,9999.000,9999.000,9999.000
202607170018,   0.652,9999.000,9999.000,9999.000,9999.000,9999.000,9999.000,9999.000,9999.000
202607170024,   0.715,9999.000,9999.000,9999.000,9999.000,9999.000,9999.000,9999.000,9999.000
202607170030,   0.781,9999.000,9999.000,9999.000,9999.000,9999.000,9999.000,9999.000,9999.000
202607170036,   0.848,9999.000,9999.000,9999.000,9999.000,9999.000,9999.000,9999.000,9999.000
202607170042,   0.918,9999.000,9999.000,9999.000,9999.000,9999.000,9999.000,9999.000,9999.000
202607170048,   0.989,9999.000,9999.000,9999.000,9999.000,9999.000,9999.000,9999.000,9999.000
202607170054,   1.061,9999.000,9999.000,9999.000,9999.000,9999.000,9999.000,9999.000,9999.000
202607170100,   1.135,9999.000,   0.400,  -0.117,   1.418,   0.300,   1.318,   0.500,   1.518
202607170106,   1.210,9999.000,9999.000,9999.000,9999.000,9999.000,9999.000,9999.000,9999.000
202607170112,   1.286,9999.000,9999.000,9999.000,9999.000,9999.000,9999.000,9999.000,9999.000
202607170118,   1.362,9999.000,9999.000,9999.000,9999.000,9999.000,9999.000,9999.000,9999.000
202607170124,   1.439,9999.000,9999.000,9999.000,9999.000,9999.000,9999.000,9999.000,9999.000
202607170130,   1.516,9999.000,9999.000,9999.000,9999.000,9999.000,9999.000,9999.000,9999.000
202607170136,   1.593,9999.000,9999.000,9999.000,9999.000,9999.000,9999.000,9999.000,9999.000
202607170142,   1.671,9999.000,9999.000,9999.000,9999.000,9999.000,9999.000,9999.000,9999.000
202607170148,   1.748,9999.000,9999.000,9999.000,9999.000,9999.000,9999.000,9999.000,9999.000
202607170154,   1.825,9999.000,9999.000,9999.000,9999.000,9999.000,9999.000,9999.000,9999.000
202607170200,   1.901,9999.000,   0.400,  -0.117,   2.184,   0.300,   2.084,   0.500,   2.284
202607170206,   1.977,9999.000,9999.000,9999.000,9999.000,9999.000,9999.000,9999.000,9999.000
202607170212,   2.052,9999.000,9999.000,9999.000,9999.000,9999.000,9999.000,9999.000,9999.000
202607170218,   2.126,9999.000,9999.000,9999.000,9999.000,9999.000,9999.000,9999.000,9999.000
202607170224,   2.200,9999.000,9999.000,9999.000,9999.000,9999.000,9999.000,9999.000,9999.000
202607170230,   2.271,9999.000,9999.000,9999.000,9999.000,9999.000,9999.000,9999.000,9999.000
202607170236,   2.341,9999.000,9999.000,9999.000,9999.000,9999.000,9999.000,9999.000,9999.000
202607170242,   2.410,9999.000,9999.000,9999.000,9999.000,9999.000,9999.000,9999.000,9999.000
202607170248,   2.477,9999.000,9999.000,9999.000,9999.000,9999.000,9999.000,9999.000,9999.000
202607170254,   2.541,9999.000,9999.000,9999.000,9999.000,9999.000,9999.000,9999.000,9999.000
202607170300,   2.604,9999.000,   0.400,  -0.117,   2.887,   0.200,   2.687,   0.500,   2.987
202607170306,   2.664,9999.000,9999.000,9999.000,9999.000,9999.000,9999.000,9999.000,9999.000
202607170312,   2.721,9999.000,9999.000,9999.000,9999.000,9999.000,9999.000,9999.000,9999.000
202607170318,   2.776,9999.000,9999.000,9999.000,9999.000,9999.000,9999.000,9999.000,9999.000
202607170324,   2.827,9999.000,9999.000,9999.000,9999.000,9999.000,9999.000,9999.000,9999.000
202607170330,   2.876,9999.000,9999.000,9999.000,9999.000,9999.000,9999.000,9999.000,9999.000
202607170336,   2.922,9999.000,9999.000,9999.000,9999.000,9999.000,9999.000,9999.000,9999.000
202607170342,   2.964,9999.000,9999.000,9999.000,9999.000,9999.000,9999.000,9999.000,9999.000
202607170348,   3.003,9999.000,9999.000,9999.000,9999.000,9999.000,9999.000,9999.000,9999.000
202607170354,   3.038,9999.000,9999.000,9999.000,9999.000,9999.000,9999.000,9999.000,9999.000
202607170400,   3.070,9999.000,   0.300,  -0.117,   3.253,   0.200,   3.153,   0.500,   3.453
202607170406,   3.099,9999.000,9999.000,9999.000,9999.000,9999.000,9999.000,9999.000,9999.000
202607170412,   3.124,9999.000,9999.000,9999.000,9999.000,9999.000,9999.000,9999.000,9999.000
202607170418,   3.146,9999.000,9999.000,9999.000,9999.000,9999.000,9999.000,9999.000,9999.000
202607170424,   3.164,9999.000,9999.000,9999.000,9999.000,9999.000,9999.000,9999.000,9999.000
202607170430,   3.179,9999.000,9999.000,9999.000,9999.000,9999.000,9999.000,9999.000,9999.000
202607170436,   3.190,9999.000,9999.000,9999.000,9999.000,9999.000,9999.000,9999.000,9999.000
202607170442,   3.199,9999.000,9999.000,9999.000,9999.000,9999.000,9999.000,9999.000,9999.000
202607170448,   3.203,9999.000,9999.000,9999.000,9999.000,9999.000,9999.000,9999.000,9999.000
202607170454,   3.205,9999.000,9999.000,9999.000,9999.000,9999.000,9999.000,9999.000,9999.000
202607170500,   3.204,9999.000,   0.300,  -0.117,   3.387,   0.200,   3.287,   0.400,   3.487
202607170506,   3.199,9999.000,9999.000,9999.000,9999.000,9999.000,9999.000,9999.000,9999.000
202607170512,   3.192,9999.000,9999.000,9999.000,9999.000,9999.000,9999.000,9999.000,9999.000
202607170518,   3.181,9999.000,9999.000,9999.000,9999.000,9999.000,9999.000,9999.000,9999.000
202607170524,   3.168,9999.000,9999.000,9999.000,9999.000,9999.000,9999.000,9999.000,9999.000
202607170530,   3.151,9999.000,9999.000,9999.000,9999.000,9999.000,9999.000,9999.000,9999.000
202607170536,   3.132,9999.000,9999.000,9999.000,9999.000,9999.000,9999.000,9999.000,9999.000
202607170542,   3.109,9999.000,9999.000,9999.000,9999.000,9999.000,9999.000,9999.000,9999.000
202607170548,   3.084,9999.000,9999.000,9999.000,9999.000,9999.000,9999.000,9999.000,9999.000
202607170554,   3.055,9999.000,9999.000,9999.000,9999.000,9999.000,9999.000,9999.000,9999.000
202607170600,   3.023,9999.000,   0.300,  -0.117,   3.206,   0.200,   3.106,   0.400,   3.306
202607170606,   2.988,9999.000,9999.000,9999.000,9999.000,9999.000,9999.000,9999.000,9999.000
202607170612,   2.950,9999.000,9999.000,9999.000,9999.000,9999.000,9999.000,9999.000,9999.000
202607170618,   2.909,9999.000,9999.000,9999.000,9999.000,9999.000,9999.000,9999.000,9999.000
202607170624,   2.865,9999.000,9999.000,9999.000,9999.000,9999.000,9999.000,9999.000,9999.000
202607170630,   2.817,9999.000,9999.000,9999.000,9999.000,9999.000,9999.000,9999.000,9999.000
202607170636,   2.766,9999.000,9999.000,9999.000,9999.000,9999.000,9999.000,9999.000,9999.000
202607170642,   2.712,9999.000,9999.000,9999.000,9999.000,9999.000,9999.000,9999.000,9999.000
202607170648,   2.655,9999.000,9999.000,9999.000,9999.000,9999.000,9999.000,9999.000,9999.000
202607170654,   2.595,9999.000,9999.000,9999.000,9999.000,9999.000,9999.000,9999.000,9999.000
202607170700,   2.531,9999.000,   0.300,  -0.117,   2.714,   0.200,   2.614,   0.400,   2.814
202607170706,   2.465,9999.000,9999.000,9999.000,9999.000,9999.000,9999.000,9999.000,9999.000
202607170712,   2.396,9999.000,9999.000,9999.000,9999.000,9999.000,9999.000,9999.000,9999.000
202607170718,   2.325,9999.000,9999.000,9999.000,9999.000,9999.000,9999.000,9999.000,9999.000
202607170724,   2.252,9999.000,9999.000,9999.000,9999.000,9999.000,9999.000,9999.000,9999.000
202607170730,   2.176,9999.000,9999.000,9999.000,9999.000,9999.000,9999.000,9999.000,9999.000
202607170736,   2.098,9999.000,9999.000,9999.000,9999.000,9999.000,9999.000,9999.000,9999.000
202607170742,   2.019,9999.000,9999.000,9999.000,9999.000,9999.000,9999.000,9999.000,9999.000
202607170748,   1.939,9999.000,9999.000,9999.000,9999.000,9999.000,9999.000,9999.000,9999.000
202607170754,   1.857,9999.000,9999.000,9999.000,9999.000,9999.000,9999.000,9999.000,9999.000
202607170800,   1.775,9999.000,   0.300,  -0.117,   1.958,   0.200,   1.858,   0.400,   2.058
202607170806,   1.692,9999.000,9999.000,9999.000,9999.000,9999.000,9999.000,9999.000,9999.000
202607170812,   1.609,9999.000,9999.000,9999.000,9999.000,9999.000,9999.000,9999.000,9999.000
202607170818,   1.526,9999.000,9999.000,9999.000,9999.000,9999.000,9999.000,9999.000,9999.000
202607170824,   1.443,9999.000,9999.000,9999.000,9999.000,9999.000,9999.000,9999.000,9999.000
202607170830,   1.361,9999.000,9999.000,9999.000,9999.000,9999.000,9999.000,9999.000,9999.000
202607170836,   1.280,9999.000,9999.000,9999.000,9999.000,9999.000,9999.000,9999.000,9999.000
202607170842,   1.200,9999.000,9999.000,9999.000,9999.000,9999.000,9999.000,9999.000,9999.000
202607170848,   1.122,9999.000,9999.000,9999.000,9999.000,9999.000,9999.000,9999.000,9999.000
202607170854,   1.044,9999.000,9999.000,9999.000,9999.000,9999.000,9999.000,9999.000,9999.000
202607170900,   0.969,9999.000,   0.300,  -0.117,   1.152,   0.100,   0.952,   0.400,   1.252
202607170906,   0.895,9999.000,9999.000,9999.000,9999.000,9999.000,9999.000,9999.000,9999.000
202607170912,   0.823,9999.000,9999.000,9999.000,9999.000,9999.000,9999.000,9999.000,9999.000
202607170918,   0.754,9999.000,9999.000,9999.000,9999.000,9999.000,9999.000,9999.000,9999.000
202607170924,   0.686,9999.000,9999.000,9999.000,9999.000,9999.000,9999.000,9999.000,9999.000
202607170930,   0.621,9999.000,9999.000,9999.000,9999.000,9999.000,9999.000,9999.000,9999.000
202607170936,   0.559,9999.000,9999.000,9999.000,9999.000,9999.000,9999.000,9999.000,9999.000
202607170942,   0.499,9999.000,9999.000,9999.000,9999.000,9999.000,9999.000,9999.000,9999.000
202607170948,   0.442,9999.000,9999.000,9999.000,9999.000,9999.000,9999.000,9999.000,9999.000
202607170954,   0.387,9999.000,9999.000,9999.000,9999.000,9999.000,9999.000,9999.000,9999.000
202607171000,   0.336,9999.000,   0.300,  -0.117,   0.519,   0.100,   0.319,   0.400,   0.619
202607171006,   0.288,9999.000,9999.000,9999.000,9999.000,9999.000,9999.000,9999.000,9999.000
202607171012,   0.242,9999.000,9999.000,9999.000,9999.000,9999.000,9999.000,9999.000,9999.000
202607171018,   0.201,9999.000,9999.000,9999.000,9999.000,9999.000,9999.000,9999.000,9999.000
202607171024,   0.162,9999.000,9999.000,9999.000,9999.000,9999.000,9999.000,9999.000,9999.000
202607171030,   0.127,9999.000,9999.000,9999.000,9999.000,9999.000,9999.000,9999.000,9999.000
202607171036,   0.096,9999.000,9999.000,9999.000,9999.000,9999.000,9999.000,9999.000,9999.000
202607171042,   0.069,9999.000,9999.000,9999.000,9999.000,9999.000,9999.000,9999.000,9999.000
202607171048,   0.046,9999.000,9999.000,9999.000,9999.000,9999.000,9999.000,9999.000,9999.000
202607171054,   0.027,9999.000,9999.000,9999.000,9999.000,9999.000,9999.000,9999.000,9999.000
202607171100,   0.012,9999.000,   0.300,  -0.117,   0.195,   0.100,  -0.005,   0.500,   0.395
202607171106,   0.002,9999.000,9999.000,9999.000,9999.000,9999.000,9999.000,9999.000,9999.000
202607171112,  -0.003,9999.000,9999.000,9999.000,9999.000,9999.000,9999.000,9999.000,9999.000
202607171118,  -0.005,9999.000,9999.000,9999.000,9999.000,9999.000,9999.000,9999.000,9999.000
202607171124,  -0.002,9999.000,9999.000,9999.000,9999.000,9999.000,9999.000,9999.000,9999.000
202607171130,   0.005,9999.000,9999.000,9999.000,9999.000,9999.000,9999.000,9999.000,9999.000
202607171136,   0.017,9999.000,9999.000,9999.000,9999.000,9999.000,9999.000,9999.000,9999.000
202607171142,   0.034,9999.000,9999.000,9999.000,9999.000,9999.000,9999.000,9999.000,9999.000
202607171148,   0.056,9999.000,9999.000,9999.000,9999.000,9999.000,9999.000,9999.000,9999.000
202607171154,   0.081,9999.000,9999.000,9999.000,9999.000,9999.000,9999.000,9999.000,9999.000
202607171200,   0.112,9999.000,   0.300,  -0.117,   0.295,   0.100,   0.095,   0.500,   0.495
202607171206,   0.146,9999.000,9999.000,9999.000,9999.000,9999.000,9999.000,9999.000,9999.000
202607171212,   0.184,9999.000,9999.000,9999.000,9999.000,9999.000,9999.000,9999.000,9999.000
202607171218,   0.227,9999.000,9999.000,9999.000,9999.000,9999.000,9999.000,9999.000,9999.000
202607171224,   0.273,9999.000,9999.000,9999.000,9999.000,9999.000,9999.000,9999.000,9999.000
202607171230,   0.322,9999.000,9999.000,9999.000,9999.000,9999.000,9999.000,9999.000,9999.000
202607171236,   0.375,9999.000,9999.000,9999.000,9999.000,9999.000,9999.000,9999.000,9999.000
202607171242,   0.430,9999.000,9999.000,9999.000,9999.000,9999.000,9999.000,9999.000,9999.000
202607171248,   0.488,9999.000,9999.000,9999.000,9999.000,9999.000,9999.000,9999.000,9999.000
202607171254,   0.549,9999.000,9999.000,9999.000,9999.000,9999.000,9999.000,9999.000,9999.000
202607171300,   0.612,9999.000,   0.300,  -0.117,   0.795,   0.200,   0.695,   0.500,   0.995
202607171306,   0.678,9999.000,9999.000,9999.000,9999.000,9999.000,9999.000,9999.000,9999.000
202607171312,   0.744,9999.000,9999.000,9999.000,9999.000,9999.000,9999.000,9999.000,9999.000
202607171318,   0.813,9999.000,9999.000,9999.000,9999.000,9999.000,9999.000,9999.000,9999.000
202607171324,   0.883,9999.000,9999.000,9999.000,9999.000,9999.000,9999.000,9999.000,9999.000
202607171330,   0.954,9999.000,9999.000,9999.000,9999.000,9999.000,9999.000,9999.000,9999.000
202607171336,   1.026,9999.000,9999.000,9999.000,9999.000,9999.000,9999.000,9999.000,9999.000
202607171342,   1.099,9999.000,9999.000,9999.000,9999.000,9999.000,9999.000,9999.000,9999.000
202607171348,   1.173,9999.000,9999.000,9999.000,9999.000,9999.000,9999.000,9999.000,9999.000
202607171354,   1.247,9999.000,9999.000,9999.000,9999.000,9999.000,9999.000,9999.000,9999.000
202607171400,   1.321,9999.000,   0.300,  -0.117,   1.504,   0.200,   1.404,   0.500,   1.704
202607171406,   1.396,9999.000,9999.000,9999.000,9999.000,9999.000,9999.000,9999.000,9999.000
202607171412,   1.471,9999.000,9999.000,9999.000,9999.000,9999.000,9999.000,9999.000,9999.000
202607171418,   1.545,9999.000,9999.000,9999.000,9999.000,9999.000,9999.000,9999.000,9999.000
202607171424,   1.620,9999.000,9999.000,9999.000,9999.000,9999.000,9999.000,9999.000,9999.000
202607171430,   1.694,9999.000,9999.000,9999.000,9999.000,9999.000,9999.000,9999.000,9999.000
202607171436,   1.767,9999.000,9999.000,9999.000,9999.000,9999.000,9999.000,9999.000,9999.000
202607171442,   1.840,9999.000,9999.000,9999.000,9999.000,9999.000,9999.000,9999.000,9999.000
202607171448,   1.913,9999.000,9999.000,9999.000,9999.000,9999.000,9999.000,9999.000,9999.000
202607171454,   1.984,9999.000,9999.000,9999.000,9999.000,9999.000,9999.000,9999.000,9999.000
202607171500,   2.054,9999.000,   0.300,  -0.117,   2.237,   0.200,   2.137,   0.500,   2.437
202607171506,   2.122,9999.000,9999.000,9999.000,9999.000,9999.000,9999.000,9999.000,9999.000
202607171512,   2.190,9999.000,9999.000,9999.000,9999.000,9999.000,9999.000,9999.000,9999.000
202607171518,   2.255,9999.000,9999.000,9999.000,9999.000,9999.000,9999.000,9999.000,9999.000
202607171524,   2.319,9999.000,9999.000,9999.000,9999.000,9999.000,9999.000,9999.000,9999.000
202607171530,   2.381,9999.000,9999.000,9999.000,9999.000,9999.000,9999.000,9999.000,9999.000
202607171536,   2.440,9999.000,9999.000,9999.000,9999.000,9999.000,9999.000,9999.000,9999.000
202607171542,   2.497,9999.000,9999.000,9999.000,9999.000,9999.000,9999.000,9999.000,9999.000
202607171548,   2.552,9999.000,9999.000,9999.000,9999.000,9999.000,9999.000,9999.000,9999.000
202607171554,   2.603,9999.000,9999.000,9999.000,9999.000,9999.000,9999.000,9999.000,9999.000
202607171600,   2.653,9999.000,   0.400,  -0.117,   2.936,   0.300,   2.836,   0.500,   3.036
202607171606,   2.699,9999.000,9999.000,9999.000,9999.000,9999.000,9999.000,9999.000,9999.000
202607171612,   2.742,9999.000,9999.000,9999.000,9999.000,9999.000,9999.000,9999.000,9999.000
202607171618,   2.782,9999.000,9999.000,9999.000,9999.000,9999.000,9999.000,9999.000,9999.000
202607171624,   2.818,9999.000,9999.000,9999.000,9999.000,9999.000,9999.000,9999.000,9999.000
202607171630,   2.852,9999.000,9999.000,9999.000,9999.000,9999.000,9999.000,9999.000,9999.000
202607171636,   2.882,9999.000,9999.000,9999.000,9999.000,9999.000,9999.000,9999.000,9999.000
202607171642,   2.909,9999.000,9999.000,9999.000,9999.000,9999.000,9999.000,9999.000,9999.000
202607171648,   2.933,9999.000,9999.000,9999.000,9999.000,9999.000,9999.000,9999.000,9999.000
202607171654,   2.954,9999.000,9999.000,9999.000,9999.000,9999.000,9999.000,9999.000,9999.000
202607171700,   2.971,9999.000,   0.400,  -0.117,   3.254,   0.300,   3.154,   0.500,   3.354
202607171706,   2.985,9999.000,9999.000,9999.000,9999.000,9999.000,9999.000,9999.000,9999.000
202607171712,   2.996,9999.000,9999.000,9999.000,9999.000,9999.000,9999.000,9999.000,9999.000
202607171718,   3.004,9999.000,9999.000,9999.000,9999.000,9999.000,9999.000,9999.000,9999.000
202607171724,   3.009,9999.000,9999.000,9999.000,9999.000,9999.000,9999.000,9999.000,9999.000
202607171730,   3.011,9999.000,9999.000,9999.000,9999.000,9999.000,9999.000,9999.000,9999.000
202607171736,   3.010,9999.000,9999.000,9999.000,9999.000,9999.000,9999.000,9999.000,9999.000
202607171742,   3.006,9999.000,9999.000,9999.000,9999.000,9999.000,9999.000,9999.000,9999.000
202607171748,   2.999,9999.000,9999.000,9999.000,9999.000,9999.000,9999.000,9999.000,9999.000
202607171754,   2.989,9999.000,9999.000,9999.000,9999.000,9999.000,9999.000,9999.000,9999.000
202607171800,   2.976,9999.000,   0.400,  -0.117,   3.259,   0.300,   3.159,   0.500,   3.359
