        TIME,    TIDE,      OB,   SURGE,    BIAS,     TWL,SURGE90p,  TWL90p,SURGE10p,   TWL10p
202602150000,   2.032,   2.168,   0.300,  -0.164,   2.168,   0.300,   2.168,   0.400,   2.268
202602150006,   2.156,9999.000,9999.000,9999.000,9999.000,9999.000,9999.000,9999.000,9999.000
202602150012,   2.276,   2.387,9999.000,9999.000,9999.000,9999.000,9999.000,9999.000,9999.000
202602150018,   2.395,9999.000,9999.000,9999.000,9999.000,9999.000,9999.000,9999.000,9999.000
202602150024,   2.510,   2.558,9999.000,9999.000,9999.000,9999.000,9999.000,9999.000,9999.000
202602150030,   2.623,9999.000,9999.000,9999.000,9999.000,9999.000,9999.000,9999.000,9999.000
202602150036,   2.732,   2.830,9999.000,9999.000,9999.000,9999.000,9999.000,9999.000,9999.000
202602150042,   2.840,9999.000,9999.000,9999.000,9999.000,9999.000,9999.000,9999.000,9999.000
202602150048,   2.944,   3.007,9999.000,9999.000,9999.000,9999.000,9999.000,9999.000,9999.000
202602150054,   3.046,9999.000,9999.000,9999.000,9999.000,9999.000,9999.000,9999.000,9999.000
202602150100,   3.145,   3.207,   0.300,  -0.238,   3.207,   0.300,   3.207,   0.400,   3.307
202602150106,   3.242,   3.329,9999.000,9999.000,9999.000,9999.000,9999.000,9999.000,9999.000
202602150112,   3.336,   3.407,9999.000,9999.000,9999.000,9999.000,9999.000,9999.000,9999.000
202602150118,   3.428,   3.499,9999.000,9999.000,9999.000,9999.000,9999.000,9999.000,9999.000
202602150124,   3.516,   3.588,9999.000,9999.000,9999.000,9999.000,9999.000,9999.000,9999.000
202602150130,   3.602,   3.709,9999.000,9999.000,9999.000,9999.000,9999.000,9999.000,9999.000
202602150136,   3.685,   3.798,9999.000,9999.000,9999.000,9999.000,9999.000,9999.000,9999.000
202602150142,   3.765,   3.909,9999.000,9999.000,9999.000,9999.000,9999.000,9999.000,9999.000
202602150148,   3.840,   3.988,9999.000,9999.000,9999.000,9999.000,9999.000,9999.000,9999.000
202602150154,   3.912,   4.099,9999.000,9999.000,9999.000,9999.000,9999.000,9999.000,9999.000
202602150200,   3.980,   4.218,   0.300,  -0.062,   4.218,   0.300,   4.218,   0.400,   4.318
202602150206,   4.044,   4.290,9999.000,9999.000,9999.000,9999.000,9999.000,9999.000,9999.000
202602150212,   4.102,   4.359,9999.000,9999.000,9999.000,9999.000,9999.000,9999.000,9999.000
202602150218,   4.156,   4.280,9999.000,9999.000,9999.000,9999.000,9999.000,9999.000,9999.000
202602150224,   4.204,   4.529,9999.000,9999.000,9999.000,9999.000,9999.000,9999.000,9999.000
202602150230,   4.246,   4.598,9999.000,9999.000,9999.000,9999.000,9999.000,9999.000,9999.000
202602150236,   4.283,   4.657,9999.000,9999.000,9999.000,9999.000,9999.000,9999.000,9999.000
202602150242,   4.314,   4.729,9999.000,9999.000,9999.000,9999.000,9999.000,9999.000,9999.000
202602150248,   4.338,   4.778,9999.000,9999.000,9999.000,9999.000,9999.000,9999.000,9999.000
202602150254,   4.356,   4.818,9999.000,9999.000,9999.000,9999.000,9999.000,9999.000,9999.000
202602150300,   4.368,   4.900,   0.300,   0.232,   4.900,   0.300,   4.900,   0.400,   5.000
202602150306,   4.374,   4.887,9999.000,9999.000,9999.000,9999.000,9999.000,9999.000,9999.000
202602150312,   4.372,   4.900,9999.000,9999.000,9999.000,9999.000,9999.000,9999.000,9999.000
202602150318,   4.365,   4.910,9999.000,9999.000,9999.000,9999.000,9999.000,9999.000,9999.000
202602150324,   4.351,   4.919,9999.000,9999.000,9999.000,9999.000,9999.000,9999.000,9999.000
202602150330,   4.331,   4.919,9999.000,9999.000,9999.000,9999.000,9999.000,9999.000,9999.000
202602150336,   4.305,   4.887,9999.000,9999.000,9999.000,9999.000,9999.000,9999.000,9999.000
202602150342,   4.273,   4.887,9999.000,9999.000,9999.000,9999.000,9999.000,9999.000,9999.000
202602150348,   4.235,   4.867,9999.000,9999.000,9999.000,9999.000,9999.000,9999.000,9999.000
202602150354,   4.191,   4.818,9999.000,9999.000,9999.000,9999.000,9999.000,9999.000,9999.000
202602150400,   4.142,   4.778,   0.300,   0.336,   4.778,   0.300,   4.778,   0.400,   4.878
202602150406,   4.087,   4.719,9999.000,9999.000,9999.000,9999.000,9999.000,9999.000,9999.000
202602150412,   4.028,   4.628,9999.000,9999.000,9999.000,9999.000,9999.000,9999.000,9999.000
202602150418,   3.964,   4.549,9999.000,9999.000,9999.000,9999.000,9999.000,9999.000,9999.000
202602150424,   3.895,   4.457,9999.000,9999.000,9999.000,9999.000,9999.000,9999.000,9999.000
202602150430,   3.822,   4.378,9999.000,9999.000,9999.000,9999.000,9999.000,9999.000,9999.000
202602150436,   3.745,   4.267,9999.000,9999.000,9999.000,9999.000,9999.000,9999.000,9999.000
202602150442,   3.664,   4.168,9999.000,9999.000,9999.000,9999.000,9999.000,9999.000,9999.000
202602150448,   3.580,   4.037,9999.000,9999.000,9999.000,9999.000,9999.000,9999.000,9999.000
202602150454,   3.492,   3.929,9999.000,9999.000,9999.000,9999.000,9999.000,9999.000,9999.000
202602150500,   3.402,   3.827,   0.300,   0.125,   3.827,   0.300,   3.827,   0.400,   3.927
202602150506,   3.308,   3.709,9999.000,9999.000,9999.000,9999.000,9999.000,9999.000,9999.000
202602150512,   3.213,   3.598,9999.000,9999.000,9999.000,9999.000,9999.000,9999.000,9999.000
202602150518,   3.115,   3.489,9999.000,9999.000,9999.000,9999.000,9999.000,9999.000,9999.000
202602150524,   3.015,   3.378,9999.000,9999.000,9999.000,9999.000,9999.000,9999.000,9999.000
202602150530,   2.914,   3.270,9999.000,9999.000,9999.000,9999.000,9999.000,9999.000,9999.000
202602150536,   2.812,   3.178,9999.000,9999.000,9999.000,9999.000,9999.000,9999.000,9999.000
202602150542,   2.708,   3.079,9999.000,9999.000,9999.000,9999.000,9999.000,9999.000,9999.000
202602150548,   2.604,   2.978,9999.000,9999.000,9999.000,9999.000,9999.000,9999.000,9999.000
202602150554,   2.500,   2.889,9999.000,9999.000,9999.000,9999.000,9999.000,9999.000,9999.000
202602150600,   2.396,   2.807,   0.300,   0.111,   2.807,   0.300,   2.807,   0.400,   2.907
202602150606,   2.291,   2.728,9999.000,9999.000,9999.000,9999.000,9999.000,9999.000,9999.000
202602150612,   2.188,   2.630,9999.000,9999.000,9999.000,9999.000,9999.000,9999.000,9999.000
202602150618,   2.085,   2.640,9999.000,9999.000,9999.000,9999.000,9999.000,9999.000,9999.000
202602150624,   1.983,   2.420,9999.000,9999.000,9999.000,9999.000,9999.000,9999.000,9999.000
202602150630,   1.882,   2.368,9999.000,9999.000,9999.000,9999.000,9999.000,9999.000,9999.000
202602150636,   1.783,   2.338,9999.000,9999.000,9999.000,9999.000,9999.000,9999.000,9999.000
202602150642,   1.685,   2.250,9999.000,9999.000,9999.000,9999.000,9999.000,9999.000,9999.000
202602150648,   1.589,   2.079,9999.000,9999.000,9999.000,9999.000,9999.000,9999.000,9999.000
202602150654,   1.495,   2.049,9999.000,9999.000,9999.000,9999.000,9999.000,9999.000,9999.000
202602150700,   1.403,   1.938,   0.300,   0.235,   1.938,   0.300,   1.938,   0.400,   2.038
202602150706,   1.313,   1.879,9999.000,9999.000,9999.000,9999.000,9999.000,9999.000,9999.000
202602150712,   1.225,   1.820,9999.000,9999.000,9999.000,9999.000,9999.000,9999.000,9999.000
202602150718,   1.139,   1.659,9999.000,9999.000,9999.000,9999.000,9999.000,9999.000,9999.000
202602150724,   1.056,   1.610,9999.000,9999.000,9999.000,9999.000,9999.000,9999.000,9999.000
202602150730,   0.974,   1.528,9999.000,9999.000,9999.000,9999.000,9999.000,9999.000,9999.000
202602150736,   0.895,   1.449,9999.000,9999.000,9999.000,9999.000,9999.000,9999.000,9999.000
202602150742,   0.818,   1.420,9999.000,9999.000,9999.000,9999.000,9999.000,9999.000,9999.000
202602150748,   0.743,   1.279,9999.000,9999.000,9999.000,9999.000,9999.000,9999.000,9999.000
202602150754,   0.669,   1.200,9999.000,9999.000,9999.000,9999.000,9999.000,9999.000,9999.000
202602150800,   0.598,   1.151,   0.400,   0.153,   1.151,   0.300,   1.051,   0.400,   1.151
202602150806,   0.529,   1.049,9999.000,9999.000,9999.000,9999.000,9999.000,9999.000,9999.000
202602150812,   0.462,   1.000,9999.000,9999.000,9999.000,9999.000,9999.000,9999.000,9999.000
202602150818,   0.396,   0.908,9999.000,9999.000,9999.000,9999.000,9999.000,9999.000,9999.000
202602150824,   0.333,   0.829,9999.000,9999.000,9999.000,9999.000,9999.000,9999.000,9999.000
202602150830,   0.273,   0.770,9999.000,9999.000,9999.000,9999.000,9999.000,9999.000,9999.000
202602150836,   0.214,   0.708,9999.000,9999.000,9999.000,9999.000,9999.000,9999.000,9999.000
202602150842,   0.159,   0.629,9999.000,9999.000,9999.000,9999.000,9999.000,9999.000,9999.000
202602150848,   0.106,   0.580,9999.000,9999.000,9999.000,9999.000,9999.000,9999.000,9999.000
202602150854,   0.057,   0.498,9999.000,9999.000,9999.000,9999.000,9999.000,9999.000,9999.000
202602150900,   0.012,   0.449,   0.400,   0.037,   0.449,   0.300,   0.349,   0.400,   0.449
202602150906,  -0.028,   0.419,9999.000,9999.000,9999.000,9999.000,9999.000,9999.000,9999.000
202602150912,  -0.064,   0.341,9999.000,9999.000,9999.000,9999.000,9999.000,9999.000,9999.000
202602150918,  -0.094,   0.288,9999.000,9999.000,9999.000,9999.000,9999.000,9999.000,9999.000
202602150924,  -0.118,   0.259,9999.000,9999.000,9999.000,9999.000,9999.000,9999.000,9999.000
202602150930,  -0.136,   0.229,9999.000,9999.000,9999.000,9999.000,9999.000,9999.000,9999.000
202602150936,  -0.147,   0.200,9999.000,9999.000,9999.000,9999.000,9999.000,9999.000,9999.000
202602150942,  -0.149,   0.160,9999.000,9999.000,9999.000,9999.000,9999.000,9999.000,9999.000
202602150948,  -0.143,   0.150,9999.000,9999.000,9999.000,9999.000,9999.000,9999.000,9999.000
202602150954,  -0.127,   0.200,9999.000,9999.000,9999.000,9999.000,9999.000,9999.000,9999.000
202602151000,  -0.102,   0.160,   0.400,  -0.138,   0.160,   0.300,   0.060,   0.400,   0.160
202602151006,  -0.067,   0.141,9999.000,9999.000,9999.000,9999.000,9999.000,9999.000,9999.000
202602151012,  -0.021,   0.360,9999.000,9999.000,9999.000,9999.000,9999.000,9999.000,9999.000
202602151018,   0.035,   0.590,9999.000,9999.000,9999.000,9999.000,9999.000,9999.000,9999.000
202602151024,   0.102,   0.541,9999.000,9999.000,9999.000,9999.000,9999.000,9999.000,9999.000
202602151030,   0.181,   0.619,9999.000,9999.000,9999.000,9999.000,9999.000,9999.000,9999.000
202602151036,   0.271,   0.790,9999.000,9999.000,9999.000,9999.000,9999.000,9999.000,9999.000
202602151042,   0.371,   0.941,9999.000,9999.000,9999.000,9999.000,9999.000,9999.000,9999.000
202602151048,   0.481,   1.180,9999.000,9999.000,9999.000,9999.000,9999.000,9999.000,9999.000
202602151054,   0.601,   1.298,9999.000,9999.000,9999.000,9999.000,9999.000,9999.000,9999.000
202602151100,   0.729,   1.459,   0.400,   0.330,   1.459,   0.300,   1.359,   0.400,   1.459
202602151106,   0.866,   1.620,9999.000,9999.000,9999.000,9999.000,9999.000,9999.000,9999.000
202602151112,   1.009,   1.767,9999.000,9999.000,9999.000,9999.000,9999.000,9999.000,9999.000
202602151118,   1.158,   1.908,9999.000,9999.000,9999.000,9999.000,9999.000,9999.000,9999.000
202602151124,   1.312,   2.020,9999.000,9999.000,9999.000,9999.000,9999.000,9999.000,9999.000
202602151130,   1.470,   2.200,9999.000,9999.000,9999.000,9999.000,9999.000,9999.000,9999.000
202602151136,   1.629,   2.309,9999.000,9999.000,9999.000,9999.000,9999.000,9999.000,9999.000
202602151142,   1.790,   2.499,9999.000,9999.000,9999.000,9999.000,9999.000,9999.000,9999.000
202602151148,   1.951,   2.630,9999.000,9999.000,9999.000,9999.000,9999.000,9999.000,9999.000
202602151154,   2.112,   2.738,9999.000,9999.000,9999.000,9999.000,9999.000,9999.000,9999.000
202602151200,   2.270,   2.909,   0.400,   0.239,   2.909,   0.300,   2.809,   0.400,   2.909
202602151206,   2.426,   3.030,9999.000,9999.000,9999.000,9999.000,9999.000,9999.000,9999.000
202602151212,   2.578,   3.158,9999.000,9999.000,9999.000,9999.000,9999.000,9999.000,9999.000
202602151218,   2.727,   3.319,9999.000,9999.000,9999.000,9999.000,9999.000,9999.000,9999.000
202602151224,   2.871,   3.407,9999.000,9999.000,9999.000,9999.000,9999.000,9999.000,9999.000
202602151230,   3.011,   3.588,9999.000,9999.000,9999.000,9999.000,9999.000,9999.000,9999.000
202602151236,   3.147,   3.709,9999.000,9999.000,9999.000,9999.000,9999.000,9999.000,9999.000
202602151242,   3.277,   3.837,9999.000,9999.000,9999.000,9999.000,9999.000,9999.000,9999.000
202602151248,   3.403,   3.968,9999.000,9999.000,9999.000,9999.000,9999.000,9999.000,9999.000
202602151254,   3.524,   4.090,9999.000,9999.000,9999.000,9999.000,9999.000,9999.000,9999.000
202602151300,   3.640,   4.280,   0.400,   0.240,   4.280,   0.400,   4.280,   0.400,   4.280
202602151306,   3.752,   4.208,9999.000,9999.000,9999.000,9999.000,9999.000,9999.000,9999.000
202602151312,   3.860,   4.509,9999.000,9999.000,9999.000,9999.000,9999.000,9999.000,9999.000
202602151318,   3.963,   4.457,9999.000,9999.000,9999.000,9999.000,9999.000,9999.000,9999.000
202602151324,   4.062,   4.700,9999.000,9999.000,9999.000,9999.000,9999.000,9999.000,9999.000
202602151330,   4.157,   4.759,9999.000,9999.000,9999.000,9999.000,9999.000,9999.000,9999.000
202602151336,   4.248,   4.877,9999.000,9999.000,9999.000,9999.000,9999.000,9999.000,9999.000
202602151342,   4.335,   5.018,9999.000,9999.000,9999.000,9999.000,9999.000,9999.000,9999.000
202602151348,   4.418,   5.110,9999.000,9999.000,9999.000,9999.000,9999.000,9999.000,9999.000
202602151354,   4.498,   5.208,9999.000,9999.000,9999.000,9999.000,9999.000,9999.000,9999.000
202602151400,   4.573,   5.297,   0.400,   0.324,   5.297,   0.400,   5.297,   0.400,   5.297
202602151406,   4.645,   5.359,9999.000,9999.000,9999.000,9999.000,9999.000,9999.000,9999.000
202602151412,   4.712,   5.487,9999.000,9999.000,9999.000,9999.000,9999.000,9999.000,9999.000
202602151418,   4.775,   5.539,9999.000,9999.000,9999.000,9999.000,9999.000,9999.000,9999.000
202602151424,   4.833,   5.648,9999.000,9999.000,9999.000,9999.000,9999.000,9999.000,9999.000
202602151430,   4.887,   5.697,9999.000,9999.000,9999.000,9999.000,9999.000,9999.000,9999.000
202602151436,   4.935,   5.779,9999.000,9999.000,9999.000,9999.000,9999.000,9999.000,9999.000
202602151442,   4.979,   5.848,9999.000,9999.000,9999.000,9999.000,9999.000,9999.000,9999.000
202602151448,   5.017,   5.867,9999.000,9999.000,9999.000,9999.000,9999.000,9999.000,9999.000
202602151454,   5.050,   5.940,9999.000,9999.000,9999.000,9999.000,9999.000,9999.000,9999.000
202602151500,   5.077,   5.979,   0.400,   0.502,   5.979,   0.400,   5.979,   0.400,   5.979
202602151506,   5.098,   6.048,9999.000,9999.000,9999.000,9999.000,9999.000,9999.000,9999.000
202602151512,   5.114,   6.087,9999.000,9999.000,9999.000,9999.000,9999.000,9999.000,9999.000
202602151518,   5.123,   6.117,9999.000,9999.000,9999.000,9999.000,9999.000,9999.000,9999.000
202602151524,   5.127,   6.149,9999.000,9999.000,9999.000,9999.000,9999.000,9999.000,9999.000
202602151530,   5.124,   6.159,9999.000,9999.000,9999.000,9999.000,9999.000,9999.000,9999.000
202602151536,   5.116,   6.189,9999.000,9999.000,9999.000,9999.000,9999.000,9999.000,9999.000
202602151542,   5.102,   6.179,9999.000,9999.000,9999.000,9999.000,9999.000,9999.000,9999.000
202602151548,   5.082,   6.189,9999.000,9999.000,9999.000,9999.000,9999.000,9999.000,9999.000
202602151554,   5.056,   6.179,9999.000,9999.000,9999.000,9999.000,9999.000,9999.000,9999.000
202602151600,   5.024,   6.169,   0.400,   0.745,   6.169,   0.400,   6.169,   0.400,   6.169
202602151606,   4.987,   6.149,9999.000,9999.000,9999.000,9999.000,9999.000,9999.000,9999.000
202602151612,   4.945,   6.117,9999.000,9999.000,9999.000,9999.000,9999.000,9999.000,9999.000
202602151618,   4.898,   6.077,9999.000,9999.000,9999.000,9999.000,9999.000,9999.000,9999.000
202602151624,   4.846,   6.028,9999.000,9999.000,9999.000,9999.000,9999.000,9999.000,9999.000
202602151630,   4.789,   5.969,9999.000,9999.000,9999.000,9999.000,9999.000,9999.000,9999.000
202602151636,   4.727,   5.907,9999.000,9999.000,9999.000,9999.000,9999.000,9999.000,9999.000
202602151642,   4.661,   5.818,9999.000,9999.000,9999.000,9999.000,9999.000,9999.000,9999.000
202602151648,   4.592,   5.749,9999.000,9999.000,9999.000,9999.000,9999.000,9999.000,9999.000
202602151654,   4.518,   5.657,9999.000,9999.000,9999.000,9999.000,9999.000,9999.000,9999.000
202602151700,   4.441,   5.549,   0.400,   0.708,   5.549,   0.400,   5.549,   0.400,   5.549
202602151706,   4.360,   5.448,9999.000,9999.000,9999.000,9999.000,9999.000,9999.000,9999.000
202602151712,   4.276,   5.339,9999.000,9999.000,9999.000,9999.000,9999.000,9999.000,9999.000
202602151718,   4.190,   5.218,9999.000,9999.000,9999.000,9999.000,9999.000,9999.000,9999.000
202602151724,   4.101,   5.097,9999.000,9999.000,9999.000,9999.000,9999.000,9999.000,9999.000
202602151730,   4.009,   4.979,9999.000,9999.000,9999.000,9999.000,9999.000,9999.000,9999.000
202602151736,   3.915,   4.867,9999.000,9999.000,9999.000,9999.000,9999.000,9999.000,9999.000
202602151742,   3.820,   4.749,9999.000,9999.000,9999.000,9999.000,9999.000,9999.000,9999.000
202602151748,   3.722,   4.628,9999.000,9999.000,9999.000,9999.000,9999.000,9999.000,9999.000
202602151754,   3.624,   4.519,9999.000,9999.000,9999.000,9999.000,9999.000,9999.000,9999.000
202602151800,   3.524,   4.398,   0.400,   0.474,   4.398,   0.400,   4.398,   0.400,   4.398
202602151806,   3.423,   4.290,9999.000,9999.000,9999.000,9999.000,9999.000,9999.000,9999.000
202602151812,   3.321,   4.168,9999.000,9999.000,9999.000,9999.000,9999.000,9999.000,9999.000
202602151818,   3.219,   4.070,9999.000,9999.000,9999.000,9999.000,9999.000,9999.000,9999.000
202602151824,   3.117,   3.958,9999.000,9999.000,9999.000,9999.000,9999.000,9999.000,9999.000
202602151830,   3.014,   3.860,9999.000,9999.000,9999.000,9999.000,9999.000,9999.000,9999.000
202602151836,   2.912,   3.749,9999.000,9999.000,9999.000,9999.000,9999.000,9999.000,9999.000
202602151842,   2.810,   3.637,9999.000,9999.000,9999.000,9999.000,9999.000,9999.000,9999.000
202602151848,   2.709,   3.558,9999.000,9999.000,9999.000,9999.000,9999.000,9999.000,9999.000
202602151854,   2.608,   3.460,9999.000,9999.000,9999.000,9999.000,9999.000,9999.000,9999.000
202602151900,   2.508,   3.358,   0.400,   0.450,   3.358,   0.400,   3.358,   0.400,   3.358
202602151906,   2.409,   3.260,9999.000,9999.000,9999.000,9999.000,9999.000,9999.000,9999.000
202602151912,   2.311,   3.138,9999.000,9999.000,9999.000,9999.000,9999.000,9999.000,9999.000
202602151918,   2.213,   3.030,9999.000,9999.000,9999.000,9999.000,9999.000,9999.000,9999.000
202602151924,   2.117,   2.938,9999.000,9999.000,9999.000,9999.000,9999.000,9999.000,9999.000
202602151930,   2.022,   2.899,9999.000,9999.000,9999.000,9999.000,9999.000,9999.000,9999.000
202602151936,   1.927,   2.748,9999.000,9999.000,9999.000,9999.000,9999.000,9999.000,9999.000
202602151942,   1.834,   2.660,9999.000,9999.000,9999.000,9999.000,9999.000,9999.000,9999.000
202602151948,   1.742,   2.578,9999.000,9999.000,9999.000,9999.000,9999.000,9999.000,9999.000
202602151954,   1.650,   2.479,9999.000,9999.000,9999.000,9999.000,9999.000,9999.000,9999.000
202602152000,   1.559,   2.420,   0.400,   0.461,   2.420,   0.400,   2.420,   0.400,   2.420
202602152006,   1.469,   2.348,9999.000,9999.000,9999.000,9999.000,9999.000,9999.000,9999.000
202602152012,   1.379,   2.191,9999.000,9999.000,9999.000,9999.000,9999.000,9999.000,9999.000
202602152018,   1.290,   2.138,9999.000,9999.000,9999.000,9999.000,9999.000,9999.000,9999.000
202602152024,   1.202,   2.049,9999.000,9999.000,9999.000,9999.000,9999.000,9999.000,9999.000
202602152030,   1.114,   1.958,9999.000,9999.000,9999.000,9999.000,9999.000,9999.000,9999.000
202602152036,   1.026,   1.869,9999.000,9999.000,9999.000,9999.000,9999.000,9999.000,9999.000
202602152042,   0.939,   1.790,9999.000,9999.000,9999.000,9999.000,9999.000,9999.000,9999.000
202602152048,   0.853,   1.718,9999.000,9999.000,9999.000,9999.000,9999.000,9999.000,9999.000
202602152054,   0.767,   1.639,9999.000,9999.000,9999.000,9999.000,9999.000,9999.000,9999.000
202602152100,   0.683,   1.548,   0.400,   0.465,   1.548,   0.400,   1.548,   0.400,   1.548
202602152106,   0.600,   1.459,9999.000,9999.000,9999.000,9999.000,9999.000,9999.000,9999.000
202602152112,   0.519,   1.390,9999.000,9999.000,9999.000,9999.000,9999.000,9999.000,9999.000
202602152118,   0.439,   1.298,9999.000,9999.000,9999.000,9999.000,9999.000,9999.000,9999.000
202602152124,   0.363,   1.220,9999.000,9999.000,9999.000,9999.000,9999.000,9999.000,9999.000
202602152130,   0.289,   1.138,9999.000,9999.000,9999.000,9999.000,9999.000,9999.000,9999.000
202602152136,   0.219,   1.069,9999.000,9999.000,9999.000,9999.000,9999.000,9999.000,9999.000
202602152142,   0.154,   1.000,9999.000,9999.000,9999.000,9999.000,9999.000,9999.000,9999.000
202602152148,   0.093,   0.918,9999.000,9999.000,9999.000,9999.000,9999.000,9999.000,9999.000
202602152154,   0.038,   0.869,9999.000,9999.000,9999.000,9999.000,9999.000,9999.000,9999.000
202602152200,  -0.010,   0.819,   0.400,   0.429,   0.819,   0.400,   0.819,   0.500,   0.919
202602152206,  -0.052,   0.770,9999.000,9999.000,9999.000,9999.000,9999.000,9999.000,9999.000
202602152212,  -0.086,   0.731,9999.000,9999.000,9999.000,9999.000,9999.000,9999.000,9999.000
202602152218,  -0.111,   0.669,9999.000,9999.000,9999.000,9999.000,9999.000,9999.000,9999.000
202602152224,  -0.127,   0.619,9999.000,9999.000,9999.000,9999.000,9999.000,9999.000,9999.000
202602152230,  -0.134,   0.600,9999.000,9999.000,9999.000,9999.000,9999.000,9999.000,9999.000
202602152236,  -0.131,   0.560,9999.000,9999.000,9999.000,9999.000,9999.000,9999.000,9999.000
202602152242,  -0.116,   0.541,9999.000,9999.000,9999.000,9999.000,9999.000,9999.000,9999.000
202602152248,  -0.091,   0.541,9999.000,9999.000,9999.000,9999.000,9999.000,9999.000,9999.000
202602152254,  -0.055,   0.560,9999.000,9999.000,9999.000,9999.000,9999.000,9999.000,9999.000
202602152300,  -0.007,   0.590,   0.500,   0.097,   0.590,   0.400,   0.490,   0.500,   0.590
202602152306,   0.052,   0.619,9999.000,9999.000,9999.000,9999.000,9999.000,9999.000,9999.000
202602152312,   0.122,   0.688,9999.000,9999.000,9999.000,9999.000,9999.000,9999.000,9999.000
202602152318,   0.204,   0.790,9999.000,9999.000,9999.000,9999.000,9999.000,9999.000,9999.000
202602152324,   0.295,   0.898,9999.000,9999.000,9999.000,9999.000,9999.000,9999.000,9999.000
202602152330,   0.397,   1.079,9999.000,9999.000,9999.000,9999.000,9999.000,9999.000,9999.000
202602152336,   0.507,   1.098,9999.000,9999.000,9999.000,9999.000,9999.000,9999.000,9999.000
202602152342,   0.625,   1.289,9999.000,9999.000,9999.000,9999.000,9999.000,9999.000,9999.000
202602152348,   0.750,   1.439,9999.000,9999.000,9999.000,9999.000,9999.000,9999.000,9999.000
202602152354,   0.881,   1.557,9999.000,9999.000,9999.000,9999.000,9999.000,9999.000,9999.000
202602160000,   1.017,   1.781,   0.500,   0.264,   1.781,   0.400,   1.681,   0.500,   1.781
202602160006,   1.156,   1.899,9999.000,9999.000,9999.000,9999.000,9999.000,9999.000,9999.000
202602160012,   1.298,   2.079,9999.000,9999.000,9999.000,9999.000,9999.000,9999.000,9999.000
202602160018,   1.441,   2.230,9999.000,9999.000,9999.000,9999.000,9999.000,9999.000,9999.000
202602160024,   1.584,   2.387,9999.000,9999.000,9999.000,9999.000,9999.000,9999.000,9999.000
202602160030,   1.728,   2.538,9999.000,9999.000,9999.000,9999.000,9999.000,9999.000,9999.000
202602160036,   1.870,   2.650,9999.000,9999.000,9999.000,9999.000,9999.000,9999.000,9999.000
202602160042,   2.010,   2.748,9999.000,9999.000,9999.000,9999.000,9999.000,9999.000,9999.000
202602160048,   2.148,   2.919,9999.000,9999.000,9999.000,9999.000,9999.000,9999.000,9999.000
202602160054,   2.282,   3.060,9999.000,9999.000,9999.000,9999.000,9999.000,9999.000,9999.000
202602160100,   2.414,   3.158,   0.500,   0.244,   3.158,   0.500,   3.158,   0.500,   3.158
202602160106,   2.542,   3.289,9999.000,9999.000,9999.000,9999.000,9999.000,9999.000,9999.000
202602160112,   2.667,   3.378,9999.000,9999.000,9999.000,9999.000,9999.000,9999.000,9999.000
202602160118,   2.788,   3.499,9999.000,9999.000,9999.000,9999.000,9999.000,9999.000,9999.000
202602160124,   2.905,   3.637,9999.000,9999.000,9999.000,9999.000,9999.000,9999.000,9999.000
202602160130,   3.019,   3.739,9999.000,9999.000,9999.000,9999.000,9999.000,9999.000,9999.000
202602160136,   3.129,   3.870,9999.000,9999.000,9999.000,9999.000,9999.000,9999.000,9999.000
202602160142,   3.235,   3.929,9999.000,9999.000,9999.000,9999.000,9999.000,9999.000,9999.000
202602160148,   3.338,   4.070,9999.000,9999.000,9999.000,9999.000,9999.000,9999.000,9999.000
202602160154,   3.438,   4.178,9999.000,9999.000,9999.000,9999.000,9999.000,9999.000,9999.000
202602160200,   3.534,   4.280,   0.500,   0.246,   4.280,   0.500,   4.280,   0.500,   4.280
202602160206,   3.626,   4.388,9999.000,9999.000,9999.000,9999.000,9999.000,9999.000,9999.000
202602160212,   3.715,   4.509,9999.000,9999.000,9999.000,9999.000,9999.000,9999.000,9999.000
202602160218,   3.800,   4.588,9999.000,9999.000,9999.000,9999.000,9999.000,9999.000,9999.000
202602160224,   3.881,   4.657,9999.000,9999.000,9999.000,9999.000,9999.000,9999.000,9999.000
202602160230,   3.959,   4.778,9999.000,9999.000,9999.000,9999.000,9999.000,9999.000,9999.000
202602160236,   4.032,   4.857,9999.000,9999.000,9999.000,9999.000,9999.000,9999.000,9999.000
202602160242,   4.100,   4.949,9999.000,9999.000,9999.000,9999.000,9999.000,9999.000,9999.000
202602160248,   4.164,   5.047,9999.000,9999.000,9999.000,9999.000,9999.000,9999.000,9999.000
202602160254,   4.223,   5.120,9999.000,9999.000,9999.000,9999.000,9999.000,9999.000,9999.000
202602160300,   4.277,   5.218,   0.500,   0.441,   5.218,   0.500,   5.218,   0.500,   5.218
202602160306,   4.325,   5.247,9999.000,9999.000,9999.000,9999.000,9999.000,9999.000,9999.000
202602160312,   4.368,   5.329,9999.000,9999.000,9999.000,9999.000,9999.000,9999.000,9999.000
202602160318,   4.405,   5.398,9999.000,9999.000,9999.000,9999.000,9999.000,9999.000,9999.000
202602160324,   4.436,   5.418,9999.000,9999.000,9999.000,9999.000,9999.000,9999.000,9999.000
202602160330,   4.461,   5.477,9999.000,9999.000,9999.000,9999.000,9999.000,9999.000,9999.000
202602160336,   4.479,   5.487,9999.000,9999.000,9999.000,9999.000,9999.000,9999.000,9999.000
202602160342,   4.491,   5.530,9999.000,9999.000,9999.000,9999.000,9999.000,9999.000,9999.000
202602160348,   4.497,   5.549,9999.000,9999.000,9999.000,9999.000,9999.000,9999.000,9999.000
202602160354,   4.496,   5.559,9999.000,9999.000,9999.000,9999.000,9999.000,9999.000,9999.000
202602160400,   4.489,   5.579,   0.500,   0.590,   5.579,   0.500,   5.579,   0.600,   5.679
202602160406,   4.475,   5.569,9999.000,9999.000,9999.000,9999.000,9999.000,9999.000,9999.000
202602160412,   4.455,   5.569,9999.000,9999.000,9999.000,9999.000,9999.000,9999.000,9999.000
202602160418,   4.429,   5.398,9999.000,9999.000,9999.000,9999.000,9999.000,9999.000,9999.000
202602160424,   4.397,   5.569,9999.000,9999.000,9999.000,9999.000,9999.000,9999.000,9999.000
202602160430,   4.359,   5.579,9999.000,9999.000,9999.000,9999.000,9999.000,9999.000,9999.000
202602160436,   4.315,   5.539,9999.000,9999.000,9999.000,9999.000,9999.000,9999.000,9999.000
202602160442,   4.265,   5.428,9999.000,9999.000,9999.000,9999.000,9999.000,9999.000,9999.000
202602160448,   4.211,   5.369,9999.000,9999.000,9999.000,9999.000,9999.000,9999.000,9999.000
202602160454,   4.151,   5.277,9999.000,9999.000,9999.000,9999.000,9999.000,9999.000,9999.000
202602160500,   4.086,   5.129,   0.600,   0.443,   5.129,   0.500,   5.029,   0.600,   5.129
202602160506,   4.016,   5.110,9999.000,9999.000,9999.000,9999.000,9999.000,9999.000,9999.000
202602160512,   3.942,   4.647,9999.000,9999.000,9999.000,9999.000,9999.000,9999.000,9999.000
202602160518,   3.864,   4.929,9999.000,9999.000,9999.000,9999.000,9999.000,9999.000,9999.000
202602160524,   3.782,   4.667,9999.000,9999.000,9999.000,9999.000,9999.000,9999.000,9999.000
202602160530,   3.696,   4.637,9999.000,9999.000,9999.000,9999.000,9999.000,9999.000,9999.000
202602160536,   3.607,   4.437,9999.000,9999.000,9999.000,9999.000,9999.000,9999.000,9999.000
202602160542,   3.515,   4.319,9999.000,9999.000,9999.000,9999.000,9999.000,9999.000,9999.000
202602160548,   3.420,   4.237,9999.000,9999.000,9999.000,9999.000,9999.000,9999.000,9999.000
202602160554,   3.322,   4.168,9999.000,9999.000,9999.000,9999.000,9999.000,9999.000,9999.000
202602160600,   3.222,   3.949,   0.600,   0.127,   3.949,   0.500,   3.849,   0.600,   3.949
202602160606,   3.120,   3.860,9999.000,9999.000,9999.000,9999.000,9999.000,9999.000,9999.000
202602160612,   3.017,   3.808,9999.000,9999.000,9999.000,9999.000,9999.000,9999.000,9999.000
202602160618,   2.912,   3.617,9999.000,9999.000,9999.000,9999.000,9999.000,9999.000,9999.000
202602160624,   2.805,   3.607,9999.000,9999.000,9999.000,9999.000,9999.000,9999.000,9999.000
202602160630,   2.698,   3.499,9999.000,9999.000,9999.000,9999.000,9999.000,9999.000,9999.000
202602160636,   2.590,   3.358,9999.000,9999.000,9999.000,9999.000,9999.000,9999.000,9999.000
202602160642,   2.482,   3.348,9999.000,9999.000,9999.000,9999.000,9999.000,9999.000,9999.000
202602160648,   2.374,   3.217,9999.000,9999.000,9999.000,9999.000,9999.000,9999.000,9999.000
202602160654,   2.266,   3.070,9999.000,9999.000,9999.000,9999.000,9999.000,9999.000,9999.000
202602160700,   2.159,   3.017,   0.600,   0.258,   3.017,   0.500,   2.917,   0.600,   3.017
202602160706,   2.052,   2.929,9999.000,9999.000,9999.000,9999.000,9999.000,9999.000,9999.000
202602160712,   1.947,   2.850,9999.000,9999.000,9999.000,9999.000,9999.000,9999.000,9999.000
202602160718,   1.842,   2.758,9999.000,9999.000,9999.000,9999.000,9999.000,9999.000,9999.000
202602160724,   1.739,   2.650,9999.000,9999.000,9999.000,9999.000,9999.000,9999.000,9999.000
202602160730,   1.638,   2.578,9999.000,9999.000,9999.000,9999.000,9999.000,9999.000,9999.000
202602160736,   1.539,   2.499,9999.000,9999.000,9999.000,9999.000,9999.000,9999.000,9999.000
202602160742,   1.441,   2.420,9999.000,9999.000,9999.000,9999.000,9999.000,9999.000,9999.000
202602160748,   1.345,   2.328,9999.000,9999.000,9999.000,9999.000,9999.000,9999.000,9999.000
202602160754,   1.251,   2.250,9999.000,9999.000,9999.000,9999.000,9999.000,9999.000,9999.000
202602160800,   1.160,   2.158,   0.600,   0.398,   2.158,   0.500,   2.058,   0.600,   2.158
202602160806,   1.070,   2.089,9999.000,9999.000,9999.000,9999.000,9999.000,9999.000,9999.000
202602160812,   0.983,   1.990,9999.000,9999.000,9999.000,9999.000,9999.000,9999.000,9999.000
202602160818,   0.898,   1.908,9999.000,9999.000,9999.000,9999.000,9999.000,9999.000,9999.000
202602160824,   0.815,   1.849,9999.000,9999.000,9999.000,9999.000,9999.000,9999.000,9999.000
202602160830,   0.734,   1.767,9999.000,9999.000,9999.000,9999.000,9999.000,9999.000,9999.000
202602160836,   0.655,   1.689,9999.000,9999.000,9999.000,9999.000,9999.000,9999.000,9999.000
202602160842,   0.578,   1.610,9999.000,9999.000,9999.000,9999.000,9999.000,9999.000,9999.000
202602160848,   0.503,   1.528,9999.000,9999.000,9999.000,9999.000,9999.000,9999.000,9999.000
202602160854,   0.430,   1.459,9999.000,9999.000,9999.000,9999.000,9999.000,9999.000,9999.000
202602160900,   0.360,   1.390,   0.600,   0.430,   1.390,   0.500,   1.290,   0.600,   1.390
202602160906,   0.291,   1.298,9999.000,9999.000,9999.000,9999.000,9999.000,9999.000,9999.000
202602160912,   0.224,   1.220,9999.000,9999.000,9999.000,9999.000,9999.000,9999.000,9999.000
202602160918,   0.160,   1.161,9999.000,9999.000,9999.000,9999.000,9999.000,9999.000,9999.000
202602160924,   0.099,   1.079,9999.000,9999.000,9999.000,9999.000,9999.000,9999.000,9999.000
202602160930,   0.040,   1.000,9999.000,9999.000,9999.000,9999.000,9999.000,9999.000,9999.000
202602160936,  -0.014,   0.918,9999.000,9999.000,9999.000,9999.000,9999.000,9999.000,9999.000
202602160942,  -0.066,   0.859,9999.000,9999.000,9999.000,9999.000,9999.000,9999.000,9999.000
202602160948,  -0.114,   0.800,9999.000,9999.000,9999.000,9999.000,9999.000,9999.000,9999.000
202602160954,  -0.157,   0.718,9999.000,9999.000,9999.000,9999.000,9999.000,9999.000,9999.000
202602161000,  -0.195,   0.718,   0.600,   0.313,   0.718,   0.600,   0.718,   0.700,   0.818
202602161006,  -0.228,   0.590,9999.000,9999.000,9999.000,9999.000,9999.000,9999.000,9999.000
202602161012,  -0.254,   0.580,9999.000,9999.000,9999.000,9999.000,9999.000,9999.000,9999.000
202602161018,  -0.274,   0.531,9999.000,9999.000,9999.000,9999.000,9999.000,9999.000,9999.000
202602161024,  -0.285,   0.449,9999.000,9999.000,9999.000,9999.000,9999.000,9999.000,9999.000
202602161030,  -0.289,   0.469,9999.000,9999.000,9999.000,9999.000,9999.000,9999.000,9999.000
202602161036,  -0.283,   0.429,9999.000,9999.000,9999.000,9999.000,9999.000,9999.000,9999.000
202602161042,  -0.268,   0.439,9999.000,9999.000,9999.000,9999.000,9999.000,9999.000,9999.000
202602161048,  -0.242,   0.459,9999.000,9999.000,9999.000,9999.000,9999.000,9999.000,9999.000
202602161054,  -0.206,   0.508,9999.000,9999.000,9999.000,9999.000,9999.000,9999.000,9999.000
202602161100,  -0.158,   0.619,   0.700,   0.077,   0.619,   0.600,   0.519,   0.700,   0.619
202602161106,  -0.099,   0.760,9999.000,9999.000,9999.000,9999.000,9999.000,9999.000,9999.000
202602161112,  -0.029,   0.941,9999.000,9999.000,9999.000,9999.000,9999.000,9999.000,9999.000
202602161118,   0.053,   1.138,9999.000,9999.000,9999.000,9999.000,9999.000,9999.000,9999.000
202602161124,   0.147,   1.308,9999.000,9999.000,9999.000,9999.000,9999.000,9999.000,9999.000
202602161130,   0.252,   1.508,9999.000,9999.000,9999.000,9999.000,9999.000,9999.000,9999.000
202602161136,   0.369,   1.669,9999.000,9999.000,9999.000,9999.000,9999.000,9999.000,9999.000
202602161142,   0.496,   1.830,9999.000,9999.000,9999.000,9999.000,9999.000,9999.000,9999.000
202602161148,   0.633,   1.967,9999.000,9999.000,9999.000,9999.000,9999.000,9999.000,9999.000
202602161154,   0.778,   2.118,9999.000,9999.000,9999.000,9999.000,9999.000,9999.000,9999.000
202602161200,   0.931,   2.289,   0.700,   0.658,   2.289,   0.600,   2.189,   0.700,   2.289
202602161206,   1.091,   2.430,9999.000,9999.000,9999.000,9999.000,9999.000,9999.000,9999.000
202602161212,   1.256,   2.587,9999.000,9999.000,9999.000,9999.000,9999.000,9999.000,9999.000
202602161218,   1.425,   2.728,9999.000,9999.000,9999.000,9999.000,9999.000,9999.000,9999.000
202602161224,   1.597,   2.889,9999.000,9999.000,9999.000,9999.000,9999.000,9999.000,9999.000
202602161230,   1.771,   3.050,9999.000,9999.000,9999.000,9999.000,9999.000,9999.000,9999.000
202602161236,   1.945,   3.197,9999.000,9999.000,9999.000,9999.000,9999.000,9999.000,9999.000
202602161242,   2.119,   3.348,9999.000,9999.000,9999.000,9999.000,9999.000,9999.000,9999.000
202602161248,   2.290,   3.480,9999.000,9999.000,9999.000,9999.000,9999.000,9999.000,9999.000
202602161254,   2.459,   3.607,9999.000,9999.000,9999.000,9999.000,9999.000,9999.000,9999.000
202602161300,   2.625,   3.749,   0.700,   0.424,   3.749,   0.600,   3.649,   0.800,   3.849
202602161306,   2.786,   3.880,9999.000,9999.000,9999.000,9999.000,9999.000,9999.000,9999.000
202602161312,   2.943,   3.998,9999.000,9999.000,9999.000,9999.000,9999.000,9999.000,9999.000
202602161318,   3.094,   4.129,9999.000,9999.000,9999.000,9999.000,9999.000,9999.000,9999.000
202602161324,   3.240,   4.247,9999.000,9999.000,9999.000,9999.000,9999.000,9999.000,9999.000
202602161330,   3.381,   4.359,9999.000,9999.000,9999.000,9999.000,9999.000,9999.000,9999.000
202602161336,   3.516,   4.480,9999.000,9999.000,9999.000,9999.000,9999.000,9999.000,9999.000
202602161342,   3.646,   4.549,9999.000,9999.000,9999.000,9999.000,9999.000,9999.000,9999.000
202602161348,   3.770,   4.667,9999.000,9999.000,9999.000,9999.000,9999.000,9999.000,9999.000
202602161354,   3.888,   4.847,9999.000,9999.000,9999.000,9999.000,9999.000,9999.000,9999.000
202602161400,   4.001,   4.959,   0.700,   0.258,   4.959,   0.600,   4.859,   0.800,   5.059
202602161406,   4.109,   5.077,9999.000,9999.000,9999.000,9999.000,9999.000,9999.000,9999.000
202602161412,   4.212,   5.179,9999.000,9999.000,9999.000,9999.000,9999.000,9999.000,9999.000
202602161418,   4.310,   5.307,9999.000,9999.000,9999.000,9999.000,9999.000,9999.000,9999.000
202602161424,   4.403,   5.428,9999.000,9999.000,9999.000,9999.000,9999.000,9999.000,9999.000
202602161430,   4.491,   5.539,9999.000,9999.000,9999.000,9999.000,9999.000,9999.000,9999.000
202602161436,   4.574,   5.638,9999.000,9999.000,9999.000,9999.000,9999.000,9999.000,9999.000
202602161442,   4.653,   5.707,9999.000,9999.000,9999.000,9999.000,9999.000,9999.000,9999.000
202602161448,   4.727,   5.799,9999.000,9999.000,9999.000,9999.000,9999.000,9999.000,9999.000
202602161454,   4.797,   5.887,9999.000,9999.000,9999.000,9999.000,9999.000,9999.000,9999.000
202602161500,   4.861,   5.969,   0.700,   0.408,   5.969,   0.700,   5.969,   0.800,   6.069
202602161506,   4.921,   6.048,9999.000,9999.000,9999.000,9999.000,9999.000,9999.000,9999.000
202602161512,   4.975,   6.107,9999.000,9999.000,9999.000,9999.000,9999.000,9999.000,9999.000
202602161518,   5.024,   6.169,9999.000,9999.000,9999.000,9999.000,9999.000,9999.000,9999.000
202602161524,   5.068,   6.228,9999.000,9999.000,9999.000,9999.000,9999.000,9999.000,9999.000
202602161530,   5.106,   6.287,9999.000,9999.000,9999.000,9999.000,9999.000,9999.000,9999.000
202602161536,   5.139,   6.336,9999.000,9999.000,9999.000,9999.000,9999.000,9999.000,9999.000
202602161542,   5.166,   6.389,9999.000,9999.000,9999.000,9999.000,9999.000,9999.000,9999.000
202602161548,   5.187,   6.438,9999.000,9999.000,9999.000,9999.000,9999.000,9999.000,9999.000
202602161554,   5.202,   6.487,9999.000,9999.000,9999.000,9999.000,9999.000,9999.000,9999.000
202602161600,   5.211,   6.517,   0.800,   0.506,   6.517,   0.700,   6.417,   0.800,   6.517
202602161606,   5.214,   6.569,9999.000,9999.000,9999.000,9999.000,9999.000,9999.000,9999.000
202602161612,   5.211,   6.609,9999.000,9999.000,9999.000,9999.000,9999.000,9999.000,9999.000
202602161618,   5.202,   6.638,9999.000,9999.000,9999.000,9999.000,9999.000,9999.000,9999.000
202602161624,   5.187,   6.546,9999.000,9999.000,9999.000,9999.000,9999.000,9999.000,9999.000
202602161630,   5.165,   6.628,9999.000,9999.000,9999.000,9999.000,9999.000,9999.000,9999.000
202602161636,   5.138,   6.569,9999.000,9999.000,9999.000,9999.000,9999.000,9999.000,9999.000
202602161642,   5.106,   6.609,9999.000,9999.000,9999.000,9999.000,9999.000,9999.000,9999.000
202602161648,   5.067,   6.507,9999.000,9999.000,9999.000,9999.000,9999.000,9999.000,9999.000
202602161654,   5.024,   6.589,9999.000,9999.000,9999.000,9999.000,9999.000,9999.000,9999.000
202602161700,   4.975,   6.556,   0.800,   0.781,   6.556,   0.700,   6.456,   0.900,   6.656
202602161706,   4.921,   6.487,9999.000,9999.000,9999.000,9999.000,9999.000,9999.000,9999.000
202602161712,   4.862,   6.468,9999.000,9999.000,9999.000,9999.000,9999.000,9999.000,9999.000
202602161718,   4.798,   6.409,9999.000,9999.000,9999.000,9999.000,9999.000,9999.000,9999.000
202602161724,   4.730,   6.327,9999.000,9999.000,9999.000,9999.000,9999.000,9999.000,9999.000
202602161730,   4.658,   6.248,9999.000,9999.000,9999.000,9999.000,9999.000,9999.000,9999.000
202602161736,   4.582,   6.149,9999.000,9999.000,9999.000,9999.000,9999.000,9999.000,9999.000
202602161742,   4.502,   6.058,9999.000,9999.000,9999.000,9999.000,9999.000,9999.000,9999.000
202602161748,   4.419,   5.926,9999.000,9999.000,9999.000,9999.000,9999.000,9999.000,9999.000
202602161754,   4.333,   5.858,9999.000,9999.000,9999.000,9999.000,9999.000,9999.000,9999.000
202602161800,   4.243,   5.749,   0.900,   0.606,   5.749,   0.800,   5.649,   1.000,   5.849
202602161806,   4.151,   5.657,9999.000,9999.000,9999.000,9999.000,9999.000,9999.000,9999.000
202602161812,   4.056,   5.530,9999.000,9999.000,9999.000,9999.000,9999.000,9999.000,9999.000
202602161818,   3.959,   5.418,9999.000,9999.000,9999.000,9999.000,9999.000,9999.000,9999.000
202602161824,   3.860,   5.329,9999.000,9999.000,9999.000,9999.000,9999.000,9999.000,9999.000
202602161830,   3.760,   5.188,9999.000,9999.000,9999.000,9999.000,9999.000,9999.000,9999.000
202602161836,   3.657,   5.097,9999.000,9999.000,9999.000,9999.000,9999.000,9999.000,9999.000
202602161842,   3.554,   4.979,9999.000,9999.000,9999.000,9999.000,9999.000,9999.000,9999.000
202602161848,   3.449,   4.857,9999.000,9999.000,9999.000,9999.000,9999.000,9999.000,9999.000
202602161854,   3.344,   4.778,9999.000,9999.000,9999.000,9999.000,9999.000,9999.000,9999.000
202602161900,   3.238,   4.637,   1.000,   0.399,   4.637,   0.900,   4.537,   1.100,   4.737
202602161906,   3.131,   4.559,9999.000,9999.000,9999.000,9999.000,9999.000,9999.000,9999.000
202602161912,   3.024,   4.457,9999.000,9999.000,9999.000,9999.000,9999.000,9999.000,9999.000
202602161918,   2.918,   4.359,9999.000,9999.000,9999.000,9999.000,9999.000,9999.000,9999.000
202602161924,   2.812,   4.267,9999.000,9999.000,9999.000,9999.000,9999.000,9999.000,9999.000
202602161930,   2.706,   4.168,9999.000,9999.000,9999.000,9999.000,9999.000,9999.000,9999.000
202602161936,   2.600,   4.080,9999.000,9999.000,9999.000,9999.000,9999.000,9999.000,9999.000
202602161942,   2.496,   3.998,9999.000,9999.000,9999.000,9999.000,9999.000,9999.000,9999.000
202602161948,   2.392,   3.899,9999.000,9999.000,9999.000,9999.000,9999.000,9999.000,9999.000
202602161954,   2.289,   3.798,9999.000,9999.000,9999.000,9999.000,9999.000,9999.000,9999.000
202602162000,   2.188,   3.699,   1.100,   0.411,   3.699,   1.000,   3.599,   1.200,   3.799
202602162006,   2.087,   3.588,9999.000,9999.000,9999.000,9999.000,9999.000,9999.000,9999.000
202602162012,   1.988,   3.509,9999.000,9999.000,9999.000,9999.000,9999.000,9999.000,9999.000
202602162018,   1.890,   3.417,9999.000,9999.000,9999.000,9999.000,9999.000,9999.000,9999.000
202602162024,   1.793,   3.319,9999.000,9999.000,9999.000,9999.000,9999.000,9999.000,9999.000
202602162030,   1.697,   3.217,9999.000,9999.000,9999.000,9999.000,9999.000,9999.000,9999.000
202602162036,   1.602,   3.119,9999.000,9999.000,9999.000,9999.000,9999.000,9999.000,9999.000
202602162042,   1.509,   3.040,9999.000,9999.000,9999.000,9999.000,9999.000,9999.000,9999.000
202602162048,   1.416,   2.948,9999.000,9999.000,9999.000,9999.000,9999.000,9999.000,9999.000
202602162054,   1.325,   2.860,9999.000,9999.000,9999.000,9999.000,9999.000,9999.000,9999.000
202602162100,   1.234,   2.778,   1.100,   0.444,   2.778,   1.100,   2.778,   1.300,   2.978
202602162106,   1.144,   2.689,9999.000,9999.000,9999.000,9999.000,9999.000,9999.000,9999.000
202602162112,   1.055,   2.610,9999.000,9999.000,9999.000,9999.000,9999.000,9999.000,9999.000
202602162118,   0.966,   2.509,9999.000,9999.000,9999.000,9999.000,9999.000,9999.000,9999.000
202602162124,   0.879,   2.489,9999.000,9999.000,9999.000,9999.000,9999.000,9999.000,9999.000
202602162130,   0.792,   2.358,9999.000,9999.000,9999.000,9999.000,9999.000,9999.000,9999.000
202602162136,   0.706,   2.299,9999.000,9999.000,9999.000,9999.000,9999.000,9999.000,9999.000
202602162142,   0.622,   2.200,9999.000,9999.000,9999.000,9999.000,9999.000,9999.000,9999.000
202602162148,   0.539,   2.128,9999.000,9999.000,9999.000,9999.000,9999.000,9999.000,9999.000
202602162154,   0.458,   2.069,9999.000,9999.000,9999.000,9999.000,9999.000,9999.000,9999.000
202602162200,   0.379,   1.990,   1.200,   0.411,   1.990,   1.100,   1.890,   1.300,   2.090
202602162206,   0.302,   1.908,9999.000,9999.000,9999.000,9999.000,9999.000,9999.000,9999.000
202602162212,   0.228,   1.849,9999.000,9999.000,9999.000,9999.000,9999.000,9999.000,9999.000
202602162218,   0.158,   1.767,9999.000,9999.000,9999.000,9999.000,9999.000,9999.000,9999.000
202602162224,   0.092,   1.699,9999.000,9999.000,9999.000,9999.000,9999.000,9999.000,9999.000
202602162230,   0.030,   1.630,9999.000,9999.000,9999.000,9999.000,9999.000,9999.000,9999.000
202602162236,  -0.025,   1.538,9999.000,9999.000,9999.000,9999.000,9999.000,9999.000,9999.000
202602162242,  -0.075,   1.498,9999.000,9999.000,9999.000,9999.000,9999.000,9999.000,9999.000
202602162248,  -0.119,   1.439,9999.000,9999.000,9999.000,9999.000,9999.000,9999.000,9999.000
202602162254,  -0.155,   1.390,9999.000,9999.000,9999.000,9999.000,9999.000,9999.000,9999.000
202602162300,  -0.182,   1.338,   1.300,   0.220,   1.338,   1.200,   1.238,   1.400,   1.438
202602162306,  -0.201,   1.289,9999.000,9999.000,9999.000,9999.000,9999.000,9999.000,9999.000
202602162312,  -0.209,   1.279,9999.000,9999.000,9999.000,9999.000,9999.000,9999.000,9999.000
202602162318,  -0.208,   1.259,9999.000,9999.000,9999.000,9999.000,9999.000,9999.000,9999.000
202602162324,  -0.196,   1.239,9999.000,9999.000,9999.000,9999.000,9999.000,9999.000,9999.000
202602162330,  -0.172,   1.229,9999.000,9999.000,9999.000,9999.000,9999.000,9999.000,9999.000
202602162336,  -0.136,   1.289,9999.000,9999.000,9999.000,9999.000,9999.000,9999.000,9999.000
202602162342,  -0.089,   1.479,9999.000,9999.000,9999.000,9999.000,9999.000,9999.000,9999.000
202602162348,  -0.029,   1.338,9999.000,9999.000,9999.000,9999.000,9999.000,9999.000,9999.000
202602162354,   0.041,   1.371,9999.000,9999.000,9999.000,9999.000,9999.000,9999.000,9999.000
202602170000,   0.125,   1.557,   1.300,   0.132,   1.557,   1.200,   1.457,   1.400,   1.657
202602170006,   0.220,   1.580,9999.000,9999.000,9999.000,9999.000,9999.000,9999.000,9999.000
202602170012,   0.326,   1.728,9999.000,9999.000,9999.000,9999.000,9999.000,9999.000,9999.000
202602170018,   0.442,   1.849,9999.000,9999.000,9999.000,9999.000,9999.000,9999.000,9999.000
202602170024,   0.567,   2.020,9999.000,9999.000,9999.000,9999.000,9999.000,9999.000,9999.000
202602170030,   0.701,   2.191,9999.000,9999.000,9999.000,9999.000,9999.000,9999.000,9999.000
202602170036,   0.842,   2.387,9999.000,9999.000,9999.000,9999.000,9999.000,9999.000,9999.000
202602170042,   0.989,   2.538,9999.000,9999.000,9999.000,9999.000,9999.000,9999.000,9999.000
202602170048,   1.141,   2.738,9999.000,9999.000,9999.000,9999.000,9999.000,9999.000,9999.000
202602170054,   1.296,   2.850,9999.000,9999.000,9999.000,9999.000,9999.000,9999.000,9999.000
202602170100,   1.453,   2.988,   1.300,   0.235,   2.988,   1.200,   2.888,   1.400,   3.088
202602170106,   1.612,   3.119,9999.000,9999.000,9999.000,9999.000,9999.000,9999.000,9999.000
202602170112,   1.770,   3.270,9999.000,9999.000,9999.000,9999.000,9999.000,9999.000,9999.000
202602170118,   1.927,   3.407,9999.000,9999.000,9999.000,9999.000,9999.000,9999.000,9999.000
202602170124,   2.083,   3.529,9999.000,9999.000,9999.000,9999.000,9999.000,9999.000,9999.000
202602170130,   2.235,   3.670,9999.000,9999.000,9999.000,9999.000,9999.000,9999.000,9999.000
202602170136,   2.385,   3.808,9999.000,9999.000,9999.000,9999.000,9999.000,9999.000,9999.000
202602170142,   2.530,   3.929,9999.000,9999.000,9999.000,9999.000,9999.000,9999.000,9999.000
202602170148,   2.671,   4.057,9999.000,9999.000,9999.000,9999.000,9999.000,9999.000,9999.000
202602170154,   2.807,   4.159,9999.000,9999.000,9999.000,9999.000,9999.000,9999.000,9999.000
202602170200,   2.939,   4.290,   1.300,   0.051,   4.290,   1.200,   4.190,   1.400,   4.390
202602170206,   3.066,   4.398,9999.000,9999.000,9999.000,9999.000,9999.000,9999.000,9999.000
202602170212,   3.187,   4.519,9999.000,9999.000,9999.000,9999.000,9999.000,9999.000,9999.000
202602170218,   3.304,   4.628,9999.000,9999.000,9999.000,9999.000,9999.000,9999.000,9999.000
202602170224,   3.416,   4.739,9999.000,9999.000,9999.000,9999.000,9999.000,9999.000,9999.000
202602170230,   3.524,   4.847,9999.000,9999.000,9999.000,9999.000,9999.000,9999.000,9999.000
202602170236,   3.626,   4.959,9999.000,9999.000,9999.000,9999.000,9999.000,9999.000,9999.000
202602170242,   3.724,   5.057,9999.000,9999.000,9999.000,9999.000,9999.000,9999.000,9999.000
202602170248,   3.818,   5.159,9999.000,9999.000,9999.000,9999.000,9999.000,9999.000,9999.000
202602170254,   3.906,   5.257,9999.000,9999.000,9999.000,9999.000,9999.000,9999.000,9999.000
202602170300,   3.991,   5.369,   1.200,   0.178,   5.369,   1.100,   5.269,   1.300,   5.469
202602170306,   4.070,   5.448,9999.000,9999.000,9999.000,9999.000,9999.000,9999.000,9999.000
202602170312,   4.145,   5.539,9999.000,9999.000,9999.000,9999.000,9999.000,9999.000,9999.000
202602170318,   4.215,   5.628,9999.000,9999.000,9999.000,9999.000,9999.000,9999.000,9999.000
202602170324,   4.281,   5.707,9999.000,9999.000,9999.000,9999.000,9999.000,9999.000,9999.000
202602170330,   4.341,   5.779,9999.000,9999.000,9999.000,9999.000,9999.000,9999.000,9999.000
202602170336,   4.396,   5.838,9999.000,9999.000,9999.000,9999.000,9999.000,9999.000,9999.000
202602170342,   4.446,   5.907,9999.000,9999.000,9999.000,9999.000,9999.000,9999.000,9999.000
202602170348,   4.491,   5.969,9999.000,9999.000,9999.000,9999.000,9999.000,9999.000,9999.000
202602170354,   4.529,   6.018,9999.000,9999.000,9999.000,9999.000,9999.000,9999.000,9999.000
202602170400,   4.562,   6.067,   1.200,   0.305,   6.067,   1.100,   5.967,   1.300,   6.167
202602170406,   4.589,   6.107,9999.000,9999.000,9999.000,9999.000,9999.000,9999.000,9999.000
202602170412,   4.610,   6.136,9999.000,9999.000,9999.000,9999.000,9999.000,9999.000,9999.000
202602170418,   4.625,   6.169,9999.000,9999.000,9999.000,9999.000,9999.000,9999.000,9999.000
202602170424,   4.634,   6.189,9999.000,9999.000,9999.000,9999.000,9999.000,9999.000,9999.000
202602170430,   4.636,   6.199,9999.000,9999.000,9999.000,9999.000,9999.000,9999.000,9999.000
202602170436,   4.632,   6.189,9999.000,9999.000,9999.000,9999.000,9999.000,9999.000,9999.000
202602170442,   4.621,   6.189,9999.000,9999.000,9999.000,9999.000,9999.000,9999.000,9999.000
202602170448,   4.604,   6.189,9999.000,9999.000,9999.000,9999.000,9999.000,9999.000,9999.000
202602170454,   4.581,   6.189,9999.000,9999.000,9999.000,9999.000,9999.000,9999.000,9999.000
202602170500,   4.552,   6.149,   1.200,   0.397,   6.149,   1.100,   6.049,   1.300,   6.249
202602170506,   4.517,   6.117,9999.000,9999.000,9999.000,9999.000,9999.000,9999.000,9999.000
202602170512,   4.476,   6.087,9999.000,9999.000,9999.000,9999.000,9999.000,9999.000,9999.000
202602170518,   4.429,   6.008,9999.000,9999.000,9999.000,9999.000,9999.000,9999.000,9999.000
202602170524,   4.377,   5.949,9999.000,9999.000,9999.000,9999.000,9999.000,9999.000,9999.000
202602170530,   4.319,   5.907,9999.000,9999.000,9999.000,9999.000,9999.000,9999.000,9999.000
202602170536,   4.257,   5.717,9999.000,9999.000,9999.000,9999.000,9999.000,9999.000,9999.000
202602170542,   4.189,   5.739,9999.000,9999.000,9999.000,9999.000,9999.000,9999.000,9999.000
202602170548,   4.117,   5.589,9999.000,9999.000,9999.000,9999.000,9999.000,9999.000,9999.000
202602170554,   4.040,   5.507,9999.000,9999.000,9999.000,9999.000,9999.000,9999.000,9999.000
202602170600,   3.960,   5.339,   1.100,   0.279,   5.339,   1.000,   5.239,   1.300,   5.539
202602170606,   3.875,   5.238,9999.000,9999.000,9999.000,9999.000,9999.000,9999.000,9999.000
202602170612,   3.786,   5.129,9999.000,9999.000,9999.000,9999.000,9999.000,9999.000,9999.000
202602170618,   3.695,   4.988,9999.000,9999.000,9999.000,9999.000,9999.000,9999.000,9999.000
202602170624,   3.600,   4.857,9999.000,9999.000,9999.000,9999.000,9999.000,9999.000,9999.000
202602170630,   3.502,   4.759,9999.000,9999.000,9999.000,9999.000,9999.000,9999.000,9999.000
202602170636,   3.401,   4.637,9999.000,9999.000,9999.000,9999.000,9999.000,9999.000,9999.000
202602170642,   3.298,   4.529,9999.000,9999.000,9999.000,9999.000,9999.000,9999.000,9999.000
202602170648,   3.194,   4.408,9999.000,9999.000,9999.000,9999.000,9999.000,9999.000,9999.000
202602170654,   3.087,   4.300,9999.000,9999.000,9999.000,9999.000,9999.000,9999.000,9999.000
202602170700,   2.979,   4.198,   1.100,   0.119,   4.198,   1.000,   4.098,   1.200,   4.298
202602170706,   2.869,   4.090,9999.000,9999.000,9999.000,9999.000,9999.000,9999.000,9999.000
202602170712,   2.759,   3.978,9999.000,9999.000,9999.000,9999.000,9999.000,9999.000,9999.000
202602170718,   2.647,   3.860,9999.000,9999.000,9999.000,9999.000,9999.000,9999.000,9999.000
202602170724,   2.536,   3.778,9999.000,9999.000,9999.000,9999.000,9999.000,9999.000,9999.000
202602170730,   2.424,   3.670,9999.000,9999.000,9999.000,9999.000,9999.000,9999.000,9999.000
202602170736,   2.312,   3.588,9999.000,9999.000,9999.000,9999.000,9999.000,9999.000,9999.000
202602170742,   2.201,   3.499,9999.000,9999.000,9999.000,9999.000,9999.000,9999.000,9999.000
202602170748,   2.090,   3.407,9999.000,9999.000,9999.000,9999.000,9999.000,9999.000,9999.000
202602170754,   1.981,   3.309,9999.000,9999.000,9999.000,9999.000,9999.000,9999.000,9999.000
202602170800,   1.872,   3.217,   1.100,   0.245,   3.217,   1.000,   3.117,   1.200,   3.317
202602170806,   1.765,   3.148,9999.000,9999.000,9999.000,9999.000,9999.000,9999.000,9999.000
202602170812,   1.659,   3.060,9999.000,9999.000,9999.000,9999.000,9999.000,9999.000,9999.000
202602170818,   1.554,   2.978,9999.000,9999.000,9999.000,9999.000,9999.000,9999.000,9999.000
202602170824,   1.452,   2.889,9999.000,9999.000,9999.000,9999.000,9999.000,9999.000,9999.000
202602170830,   1.352,   2.807,9999.000,9999.000,9999.000,9999.000,9999.000,9999.000,9999.000
202602170836,   1.253,   2.709,9999.000,9999.000,9999.000,9999.000,9999.000,9999.000,9999.000
202602170842,   1.157,   2.630,9999.000,9999.000,9999.000,9999.000,9999.000,9999.000,9999.000
202602170848,   1.063,   2.538,9999.000,9999.000,9999.000,9999.000,9999.000,9999.000,9999.000
202602170854,   0.971,   2.459,9999.000,9999.000,9999.000,9999.000,9999.000,9999.000,9999.000
202602170900,   0.882,   2.368,   1.000,   0.486,   2.368,   1.000,   2.368,   1.100,   2.468
202602170906,   0.794,   2.289,9999.000,9999.000,9999.000,9999.000,9999.000,9999.000,9999.000
202602170912,   0.709,   2.200,9999.000,9999.000,9999.000,9999.000,9999.000,9999.000,9999.000
202602170918,   0.626,   2.118,9999.000,9999.000,9999.000,9999.000,9999.000,9999.000,9999.000
202602170924,   0.546,   2.040,9999.000,9999.000,9999.000,9999.000,9999.000,9999.000,9999.000
202602170930,   0.467,   1.967,9999.000,9999.000,9999.000,9999.000,9999.000,9999.000,9999.000
202602170936,   0.391,   1.889,9999.000,9999.000,9999.000,9999.000,9999.000,9999.000,9999.000
202602170942,   0.317,   1.830,9999.000,9999.000,9999.000,9999.000,9999.000,9999.000,9999.000
202602170948,   0.245,   1.669,9999.000,9999.000,9999.000,9999.000,9999.000,9999.000,9999.000
202602170954,   0.176,   1.659,9999.000,9999.000,9999.000,9999.000,9999.000,9999.000,9999.000
202602171000,   0.108,   1.600,   1.000,   0.492,   1.600,   1.000,   1.600,   1.100,   1.700
202602171006,   0.044,   1.498,9999.000,9999.000,9999.000,9999.000,9999.000,9999.000,9999.000
202602171012,  -0.017,   1.459,9999.000,9999.000,9999.000,9999.000,9999.000,9999.000,9999.000
202602171018,  -0.076,   1.348,9999.000,9999.000,9999.000,9999.000,9999.000,9999.000,9999.000
202602171024,  -0.131,   1.308,9999.000,9999.000,9999.000,9999.000,9999.000,9999.000,9999.000
202602171030,  -0.182,   1.229,9999.000,9999.000,9999.000,9999.000,9999.000,9999.000,9999.000
202602171036,  -0.230,   1.151,9999.000,9999.000,9999.000,9999.000,9999.000,9999.000,9999.000
202602171042,  -0.272,   1.098,9999.000,9999.000,9999.000,9999.000,9999.000,9999.000,9999.000
202602171048,  -0.309,   1.039,9999.000,9999.000,9999.000,9999.000,9999.000,9999.000,9999.000
202602171054,  -0.340,   0.980,9999.000,9999.000,9999.000,9999.000,9999.000,9999.000,9999.000
202602171100,  -0.365,   0.908,   1.000,   0.273,   0.908,   0.900,   0.808,   1.100,   1.008
202602171106,  -0.382,   0.869,9999.000,9999.000,9999.000,9999.000,9999.000,9999.000,9999.000
202602171112,  -0.391,   0.819,9999.000,9999.000,9999.000,9999.000,9999.000,9999.000,9999.000
202602171118,  -0.392,   0.780,9999.000,9999.000,9999.000,9999.000,9999.000,9999.000,9999.000
202602171124,  -0.383,   0.760,9999.000,9999.000,9999.000,9999.000,9999.000,9999.000,9999.000
202602171130,  -0.364,   0.718,9999.000,9999.000,9999.000,9999.000,9999.000,9999.000,9999.000
202602171136,  -0.335,   0.698,9999.000,9999.000,9999.000,9999.000,9999.000,9999.000,9999.000
202602171142,  -0.294,   0.698,9999.000,9999.000,9999.000,9999.000,9999.000,9999.000,9999.000
202602171148,  -0.241,   0.698,9999.000,9999.000,9999.000,9999.000,9999.000,9999.000,9999.000
202602171154,  -0.177,   0.698,9999.000,9999.000,9999.000,9999.000,9999.000,9999.000,9999.000
202602171200,  -0.100,   0.819,   1.000,  -0.081,   0.819,   0.900,   0.719,   1.000,   0.819
202602171206,  -0.010,   0.941,9999.000,9999.000,9999.000,9999.000,9999.000,9999.000,9999.000
202602171212,   0.090,   1.079,9999.000,9999.000,9999.000,9999.000,9999.000,9999.000,9999.000
202602171218,   0.204,   1.279,9999.000,9999.000,9999.000,9999.000,9999.000,9999.000,9999.000
202602171224,   0.329,   1.479,9999.000,9999.000,9999.000,9999.000,9999.000,9999.000,9999.000
202602171230,   0.466,   1.699,9999.000,9999.000,9999.000,9999.000,9999.000,9999.000,9999.000
202602171236,   0.612,   1.889,9999.000,9999.000,9999.000,9999.000,9999.000,9999.000,9999.000
202602171242,   0.768,   2.099,9999.000,9999.000,9999.000,9999.000,9999.000,9999.000,9999.000
202602171248,   0.932,   2.309,9999.000,9999.000,9999.000,9999.000,9999.000,9999.000,9999.000
202602171254,   1.104,   2.509,9999.000,9999.000,9999.000,9999.000,9999.000,9999.000,9999.000
202602171300,   1.281,   2.660,   1.000,   0.379,   2.660,   0.900,   2.560,   1.000,   2.660
202602171306,   1.462,   2.719,9999.000,9999.000,9999.000,9999.000,9999.000,9999.000,9999.000
202602171312,   1.647,   2.830,9999.000,9999.000,9999.000,9999.000,9999.000,9999.000,9999.000
202602171318,   1.833,   3.089,9999.000,9999.000,9999.000,9999.000,9999.000,9999.000,9999.000
202602171324,   2.019,   3.197,9999.000,9999.000,9999.000,9999.000,9999.000,9999.000,9999.000
202602171330,   2.205,   3.388,9999.000,9999.000,9999.000,9999.000,9999.000,9999.000,9999.000
202602171336,   2.388,   3.548,9999.000,9999.000,9999.000,9999.000,9999.000,9999.000,9999.000
202602171342,   2.569,   3.689,9999.000,9999.000,9999.000,9999.000,9999.000,9999.000,9999.000
202602171348,   2.745,   3.827,9999.000,9999.000,9999.000,9999.000,9999.000,9999.000,9999.000
202602171354,   2.916,   3.958,9999.000,9999.000,9999.000,9999.000,9999.000,9999.000,9999.000
202602171400,   3.082,   4.090,   0.900,   0.108,   4.090,   0.900,   4.090,   1.000,   4.190
202602171406,   3.242,   4.267,9999.000,9999.000,9999.000,9999.000,9999.000,9999.000,9999.000
202602171412,   3.396,   4.378,9999.000,9999.000,9999.000,9999.000,9999.000,9999.000,9999.000
202602171418,   3.544,   4.519,9999.000,9999.000,9999.000,9999.000,9999.000,9999.000,9999.000
202602171424,   3.684,   4.618,9999.000,9999.000,9999.000,9999.000,9999.000,9999.000,9999.000
202602171430,   3.819,   4.749,9999.000,9999.000,9999.000,9999.000,9999.000,9999.000,9999.000
202602171436,   3.946,   4.887,9999.000,9999.000,9999.000,9999.000,9999.000,9999.000,9999.000
202602171442,   4.067,   4.988,9999.000,9999.000,9999.000,9999.000,9999.000,9999.000,9999.000
202602171448,   4.182,   5.129,9999.000,9999.000,9999.000,9999.000,9999.000,9999.000,9999.000
202602171454,   4.290,   5.198,9999.000,9999.000,9999.000,9999.000,9999.000,9999.000,9999.000
202602171500,   4.393,   5.307,   0.900,   0.014,   5.307,   0.900,   5.307,   1.000,   5.407
202602171506,   4.489,   5.448,9999.000,9999.000,9999.000,9999.000,9999.000,9999.000,9999.000
202602171512,   4.580,   5.530,9999.000,9999.000,9999.000,9999.000,9999.000,9999.000,9999.000
202602171518,   4.665,   5.648,9999.000,9999.000,9999.000,9999.000,9999.000,9999.000,9999.000
202602171524,   4.744,   5.707,9999.000,9999.000,9999.000,9999.000,9999.000,9999.000,9999.000
202602171530,   4.818,   5.877,9999.000,9999.000,9999.000,9999.000,9999.000,9999.000,9999.000
202602171536,   4.887,   5.949,9999.000,9999.000,9999.000,9999.000,9999.000,9999.000,9999.000
202602171542,   4.950,   6.028,9999.000,9999.000,9999.000,9999.000,9999.000,9999.000,9999.000
202602171548,   5.008,   6.107,9999.000,9999.000,9999.000,9999.000,9999.000,9999.000,9999.000
202602171554,   5.060,   6.149,9999.000,9999.000,9999.000,9999.000,9999.000,9999.000,9999.000
202602171600,   5.107,   6.199,   0.900,   0.192,   6.199,   0.900,   6.199,   0.900,   6.199
202602171606,   5.148,   6.268,9999.000,9999.000,9999.000,9999.000,9999.000,9999.000,9999.000
202602171612,   5.183,   6.369,9999.000,9999.000,9999.000,9999.000,9999.000,9999.000,9999.000
202602171618,   5.213,   6.399,9999.000,9999.000,9999.000,9999.000,9999.000,9999.000,9999.000
202602171624,   5.236,   6.389,9999.000,9999.000,9999.000,9999.000,9999.000,9999.000,9999.000
202602171630,   5.254,   6.448,9999.000,9999.000,9999.000,9999.000,9999.000,9999.000,9999.000
202602171636,   5.266,   6.527,9999.000,9999.000,9999.000,9999.000,9999.000,9999.000,9999.000
202602171642,   5.272,   6.527,9999.000,9999.000,9999.000,9999.000,9999.000,9999.000,9999.000
202602171648,   5.271,   6.569,9999.000,9999.000,9999.000,9999.000,9999.000,9999.000,9999.000
202602171654,   5.265,   6.569,9999.000,9999.000,9999.000,9999.000,9999.000,9999.000,9999.000
202602171700,   5.252,   6.599,   0.900,   0.447,   6.599,   0.800,   6.499,   0.900,   6.599
202602171706,   5.233,   6.537,9999.000,9999.000,9999.000,9999.000,9999.000,9999.000,9999.000
202602171712,   5.209,   6.569,9999.000,9999.000,9999.000,9999.000,9999.000,9999.000,9999.000
202602171718,   5.179,   6.569,9999.000,9999.000,9999.000,9999.000,9999.000,9999.000,9999.000
202602171724,   5.143,   6.599,9999.000,9999.000,9999.000,9999.000,9999.000,9999.000,9999.000
202602171730,   5.101,   6.599,9999.000,9999.000,9999.000,9999.000,9999.000,9999.000,9999.000
202602171736,   5.054,   6.546,9999.000,9999.000,9999.000,9999.000,9999.000,9999.000,9999.000
202602171742,   5.001,   6.497,9999.000,9999.000,9999.000,9999.000,9999.000,9999.000,9999.000
202602171748,   4.944,   6.458,9999.000,9999.000,9999.000,9999.000,9999.000,9999.000,9999.000
202602171754,   4.881,   6.418,9999.000,9999.000,9999.000,9999.000,9999.000,9999.000,9999.000
202602171800,   4.814,   6.307,   0.900,   0.593,   6.307,   0.800,   6.207,   0.900,   6.307
202602171806,   4.743,   6.228,9999.000,9999.000,9999.000,9999.000,9999.000,9999.000,9999.000
202602171812,   4.667,   6.117,9999.000,9999.000,9999.000,9999.000,9999.000,9999.000,9999.000
202602171818,   4.587,   6.028,9999.000,9999.000,9999.000,9999.000,9999.000,9999.000,9999.000
202602171824,   4.503,   5.907,9999.000,9999.000,9999.000,9999.000,9999.000,9999.000,9999.000
202602171830,   4.416,   5.808,9999.000,9999.000,9999.000,9999.000,9999.000,9999.000,9999.000
202602171836,   4.326,   5.657,9999.000,9999.000,9999.000,9999.000,9999.000,9999.000,9999.000
202602171842,   4.233,   5.507,9999.000,9999.000,9999.000,9999.000,9999.000,9999.000,9999.000
202602171848,   4.136,   5.379,9999.000,9999.000,9999.000,9999.000,9999.000,9999.000,9999.000
202602171854,   4.038,   5.247,9999.000,9999.000,9999.000,9999.000,9999.000,9999.000,9999.000
202602171900,   3.937,   5.139,   0.800,   0.402,   5.139,   0.800,   5.139,   0.900,   5.239
202602171906,   3.833,   5.008,9999.000,9999.000,9999.000,9999.000,9999.000,9999.000,9999.000
202602171912,   3.728,   4.877,9999.000,9999.000,9999.000,9999.000,9999.000,9999.000,9999.000
202602171918,   3.622,   4.769,9999.000,9999.000,9999.000,9999.000,9999.000,9999.000,9999.000
202602171924,   3.514,   4.647,9999.000,9999.000,9999.000,9999.000,9999.000,9999.000,9999.000
202602171930,   3.405,   4.519,9999.000,9999.000,9999.000,9999.000,9999.000,9999.000,9999.000
202602171936,   3.295,   4.398,9999.000,9999.000,9999.000,9999.000,9999.000,9999.000,9999.000
202602171942,   3.185,   4.280,9999.000,9999.000,9999.000,9999.000,9999.000,9999.000,9999.000
202602171948,   3.074,   4.168,9999.000,9999.000,9999.000,9999.000,9999.000,9999.000,9999.000
202602171954,   2.963,   4.080,9999.000,9999.000,9999.000,9999.000,9999.000,9999.000,9999.000
202602172000,   2.852,   3.988,   0.800,   0.336,   3.988,   0.800,   3.988,   0.900,   4.088
202602172006,   2.741,   3.890,9999.000,9999.000,9999.000,9999.000,9999.000,9999.000,9999.000
202602172012,   2.631,   3.788,9999.000,9999.000,9999.000,9999.000,9999.000,9999.000,9999.000
202602172018,   2.521,   3.699,9999.000,9999.000,9999.000,9999.000,9999.000,9999.000,9999.000
202602172024,   2.412,   3.607,9999.000,9999.000,9999.000,9999.000,9999.000,9999.000,9999.000
202602172030,   2.304,   3.499,9999.000,9999.000,9999.000,9999.000,9999.000,9999.000,9999.000
202602172036,   2.198,   3.398,9999.000,9999.000,9999.000,9999.000,9999.000,9999.000,9999.000
202602172042,   2.092,   3.299,9999.000,9999.000,9999.000,9999.000,9999.000,9999.000,9999.000
202602172048,   1.988,   3.188,9999.000,9999.000,9999.000,9999.000,9999.000,9999.000,9999.000
202602172054,   1.885,   3.089,9999.000,9999.000,9999.000,9999.000,9999.000,9999.000,9999.000
202602172100,   1.784,   2.997,   0.800,   0.413,   2.997,   0.800,   2.997,   0.800,   2.997
202602172106,   1.684,   2.909,9999.000,9999.000,9999.000,9999.000,9999.000,9999.000,9999.000
202602172112,   1.586,   2.840,9999.000,9999.000,9999.000,9999.000,9999.000,9999.000,9999.000
202602172118,   1.490,   2.748,9999.000,9999.000,9999.000,9999.000,9999.000,9999.000,9999.000
202602172124,   1.395,   2.650,9999.000,9999.000,9999.000,9999.000,9999.000,9999.000,9999.000
202602172130,   1.301,   2.568,9999.000,9999.000,9999.000,9999.000,9999.000,9999.000,9999.000
202602172136,   1.209,   2.479,9999.000,9999.000,9999.000,9999.000,9999.000,9999.000,9999.000
202602172142,   1.118,   2.400,9999.000,9999.000,9999.000,9999.000,9999.000,9999.000,9999.000
202602172148,   1.029,   2.348,9999.000,9999.000,9999.000,9999.000,9999.000,9999.000,9999.000
202602172154,   0.941,   2.177,9999.000,9999.000,9999.000,9999.000,9999.000,9999.000,9999.000
202602172200,   0.854,   2.118,   0.800,   0.464,   2.118,   0.700,   2.018,   0.800,   2.118
202602172206,   0.768,   2.059,9999.000,9999.000,9999.000,9999.000,9999.000,9999.000,9999.000
202602172212,   0.684,   1.958,9999.000,9999.000,9999.000,9999.000,9999.000,9999.000,9999.000
202602172218,   0.602,   1.889,9999.000,9999.000,9999.000,9999.000,9999.000,9999.000,9999.000
202602172224,   0.521,   1.790,9999.000,9999.000,9999.000,9999.000,9999.000,9999.000,9999.000
202602172230,   0.441,   1.708,9999.000,9999.000,9999.000,9999.000,9999.000,9999.000,9999.000
202602172236,   0.364,   1.639,9999.000,9999.000,9999.000,9999.000,9999.000,9999.000,9999.000
202602172242,   0.289,   1.571,9999.000,9999.000,9999.000,9999.000,9999.000,9999.000,9999.000
202602172248,   0.216,   1.489,9999.000,9999.000,9999.000,9999.000,9999.000,9999.000,9999.000
202602172254,   0.147,   1.420,9999.000,9999.000,9999.000,9999.000,9999.000,9999.000,9999.000
202602172300,   0.080,   1.348,   0.800,   0.468,   1.348,   0.700,   1.248,   0.800,   1.348
202602172306,   0.018,   1.269,9999.000,9999.000,9999.000,9999.000,9999.000,9999.000,9999.000
202602172312,  -0.038,   1.220,9999.000,9999.000,9999.000,9999.000,9999.000,9999.000,9999.000
202602172318,  -0.091,   1.151,9999.000,9999.000,9999.000,9999.000,9999.000,9999.000,9999.000
202602172324,  -0.137,   1.088,9999.000,9999.000,9999.000,9999.000,9999.000,9999.000,9999.000
202602172330,  -0.177,   1.029,9999.000,9999.000,9999.000,9999.000,9999.000,9999.000,9999.000
202602172336,  -0.210,   0.961,9999.000,9999.000,9999.000,9999.000,9999.000,9999.000,9999.000
202602172342,  -0.234,   0.908,9999.000,9999.000,9999.000,9999.000,9999.000,9999.000,9999.000
202602172348,  -0.250,   0.859,9999.000,9999.000,9999.000,9999.000,9999.000,9999.000,9999.000
202602172354,  -0.256,   0.819,9999.000,9999.000,9999.000,9999.000,9999.000,9999.000,9999.000
202602180000,  -0.251,   0.780,   0.700,   0.331,   0.780,   0.700,   0.780,   0.800,   0.880
202602180006,  -0.236,   0.741,9999.000,9999.000,9999.000,9999.000,9999.000,9999.000,9999.000
202602180012,  -0.210,   0.698,9999.000,9999.000,9999.000,9999.000,9999.000,9999.000,9999.000
202602180018,  -0.171,   0.678,9999.000,9999.000,9999.000,9999.000,9999.000,9999.000,9999.000
202602180024,  -0.120,   0.669,9999.000,9999.000,9999.000,9999.000,9999.000,9999.000,9999.000
202602180030,  -0.057,   0.669,9999.000,9999.000,9999.000,9999.000,9999.000,9999.000,9999.000
202602180036,   0.018,   0.698,9999.000,9999.000,9999.000,9999.000,9999.000,9999.000,9999.000
202602180042,   0.106,   0.760,9999.000,9999.000,9999.000,9999.000,9999.000,9999.000,9999.000
202602180048,   0.207,   0.839,9999.000,9999.000,9999.000,9999.000,9999.000,9999.000,9999.000
202602180054,   0.320,   0.970,9999.000,9999.000,9999.000,9999.000,9999.000,9999.000,9999.000
202602180100,   0.443,   1.128,   0.700,  -0.015,   1.128,   0.700,   1.128,   0.800,   1.228
202602180106,   0.577,   1.308,9999.000,9999.000,9999.000,9999.000,9999.000,9999.000,9999.000
202602180112,   0.721,   1.498,9999.000,9999.000,9999.000,9999.000,9999.000,9999.000,9999.000
202602180118,   0.872,   1.689,9999.000,9999.000,9999.000,9999.000,9999.000,9999.000,9999.000
202602180124,   1.031,   1.879,9999.000,9999.000,9999.000,9999.000,9999.000,9999.000,9999.000
202602180130,   1.195,   2.069,9999.000,9999.000,9999.000,9999.000,9999.000,9999.000,9999.000
202602180136,   1.364,   2.250,9999.000,9999.000,9999.000,9999.000,9999.000,9999.000,9999.000
202602180142,   1.535,   2.410,9999.000,9999.000,9999.000,9999.000,9999.000,9999.000,9999.000
202602180148,   1.708,   2.548,9999.000,9999.000,9999.000,9999.000,9999.000,9999.000,9999.000
202602180154,   1.882,   2.709,9999.000,9999.000,9999.000,9999.000,9999.000,9999.000,9999.000
202602180200,   2.054,   2.860,   0.700,   0.106,   2.860,   0.700,   2.860,   0.800,   2.960
202602180206,   2.224,   3.017,9999.000,9999.000,9999.000,9999.000,9999.000,9999.000,9999.000
202602180212,   2.391,   3.188,9999.000,9999.000,9999.000,9999.000,9999.000,9999.000,9999.000
202602180218,   2.554,   3.329,9999.000,9999.000,9999.000,9999.000,9999.000,9999.000,9999.000
202602180224,   2.712,   3.480,9999.000,9999.000,9999.000,9999.000,9999.000,9999.000,9999.000
202602180230,   2.866,   3.617,9999.000,9999.000,9999.000,9999.000,9999.000,9999.000,9999.000
202602180236,   3.013,   3.729,9999.000,9999.000,9999.000,9999.000,9999.000,9999.000,9999.000
202602180242,   3.154,   3.860,9999.000,9999.000,9999.000,9999.000,9999.000,9999.000,9999.000
202602180248,   3.290,   3.968,9999.000,9999.000,9999.000,9999.000,9999.000,9999.000,9999.000
202602180254,   3.419,   4.090,9999.000,9999.000,9999.000,9999.000,9999.000,9999.000,9999.000
202602180300,   3.542,   4.208,   0.700,  -0.034,   4.208,   0.600,   4.108,   0.700,   4.208
202602180306,   3.658,   4.319,9999.000,9999.000,9999.000,9999.000,9999.000,9999.000,9999.000
202602180312,   3.769,   4.427,9999.000,9999.000,9999.000,9999.000,9999.000,9999.000,9999.000
202602180318,   3.873,   4.519,9999.000,9999.000,9999.000,9999.000,9999.000,9999.000,9999.000
202602180324,   3.972,   4.628,9999.000,9999.000,9999.000,9999.000,9999.000,9999.000,9999.000
202602180330,   4.064,   4.719,9999.000,9999.000,9999.000,9999.000,9999.000,9999.000,9999.000
202602180336,   4.151,   4.837,9999.000,9999.000,9999.000,9999.000,9999.000,9999.000,9999.000
202602180342,   4.233,   4.929,9999.000,9999.000,9999.000,9999.000,9999.000,9999.000,9999.000
202602180348,   4.309,   5.028,9999.000,9999.000,9999.000,9999.000,9999.000,9999.000,9999.000
202602180354,   4.380,   5.139,9999.000,9999.000,9999.000,9999.000,9999.000,9999.000,9999.000
202602180400,   4.445,   5.228,   0.700,   0.083,   5.228,   0.600,   5.128,   0.700,   5.228
202602180406,   4.505,   5.329,9999.000,9999.000,9999.000,9999.000,9999.000,9999.000,9999.000
202602180412,   4.560,   5.408,9999.000,9999.000,9999.000,9999.000,9999.000,9999.000,9999.000
202602180418,   4.609,   5.467,9999.000,9999.000,9999.000,9999.000,9999.000,9999.000,9999.000
202602180424,   4.653,   5.530,9999.000,9999.000,9999.000,9999.000,9999.000,9999.000,9999.000
202602180430,   4.691,   5.589,9999.000,9999.000,9999.000,9999.000,9999.000,9999.000,9999.000
202602180436,   4.723,   5.648,9999.000,9999.000,9999.000,9999.000,9999.000,9999.000,9999.000
202602180442,   4.750,   5.687,9999.000,9999.000,9999.000,9999.000,9999.000,9999.000,9999.000
202602180448,   4.770,   5.739,9999.000,9999.000,9999.000,9999.000,9999.000,9999.000,9999.000
202602180454,   4.785,   5.789,9999.000,9999.000,9999.000,9999.000,9999.000,9999.000,9999.000
202602180500,   4.794,   5.818,   0.700,   0.324,   5.818,   0.600,   5.718,   0.700,   5.818
202602180506,   4.796,   5.818,9999.000,9999.000,9999.000,9999.000,9999.000,9999.000,9999.000
202602180512,   4.793,   5.818,9999.000,9999.000,9999.000,9999.000,9999.000,9999.000,9999.000
202602180518,   4.783,   5.818,9999.000,9999.000,9999.000,9999.000,9999.000,9999.000,9999.000
202602180524,   4.767,   5.818,9999.000,9999.000,9999.000,9999.000,9999.000,9999.000,9999.000
202602180530,   4.745,   5.799,9999.000,9999.000,9999.000,9999.000,9999.000,9999.000,9999.000
202602180536,   4.717,   5.717,9999.000,9999.000,9999.000,9999.000,9999.000,9999.000,9999.000
202602180542,   4.683,   5.739,9999.000,9999.000,9999.000,9999.000,9999.000,9999.000,9999.000
202602180548,   4.644,   5.657,9999.000,9999.000,9999.000,9999.000,9999.000,9999.000,9999.000
202602180554,   4.598,   5.687,9999.000,9999.000,9999.000,9999.000,9999.000,9999.000,9999.000
202602180600,   4.547,   5.559,   0.600,   0.412,   5.559,   0.600,   5.559,   0.700,   5.659
202602180606,   4.491,   5.477,9999.000,9999.000,9999.000,9999.000,9999.000,9999.000,9999.000
202602180612,   4.429,   5.379,9999.000,9999.000,9999.000,9999.000,9999.000,9999.000,9999.000
202602180618,   4.362,   5.320,9999.000,9999.000,9999.000,9999.000,9999.000,9999.000,9999.000
202602180624,   4.291,   5.218,9999.000,9999.000,9999.000,9999.000,9999.000,9999.000,9999.000
202602180630,   4.214,   5.077,9999.000,9999.000,9999.000,9999.000,9999.000,9999.000,9999.000
202602180636,   4.134,   4.988,9999.000,9999.000,9999.000,9999.000,9999.000,9999.000,9999.000
202602180642,   4.050,   4.837,9999.000,9999.000,9999.000,9999.000,9999.000,9999.000,9999.000
202602180648,   3.961,   4.719,9999.000,9999.000,9999.000,9999.000,9999.000,9999.000,9999.000
202602180654,   3.869,   4.598,9999.000,9999.000,9999.000,9999.000,9999.000,9999.000,9999.000
202602180700,   3.774,   4.467,   0.600,   0.093,   4.467,   0.600,   4.467,   0.700,   4.567
202602180706,   3.675,   4.349,9999.000,9999.000,9999.000,9999.000,9999.000,9999.000,9999.000
202602180712,   3.574,   4.208,9999.000,9999.000,9999.000,9999.000,9999.000,9999.000,9999.000
202602180718,   3.470,   4.070,9999.000,9999.000,9999.000,9999.000,9999.000,9999.000,9999.000
202602180724,   3.364,   3.968,9999.000,9999.000,9999.000,9999.000,9999.000,9999.000,9999.000
202602180730,   3.256,   3.837,9999.000,9999.000,9999.000,9999.000,9999.000,9999.000,9999.000
202602180736,   3.146,   3.739,9999.000,9999.000,9999.000,9999.000,9999.000,9999.000,9999.000
202602180742,   3.034,   3.660,9999.000,9999.000,9999.000,9999.000,9999.000,9999.000,9999.000
202602180748,   2.921,   3.539,9999.000,9999.000,9999.000,9999.000,9999.000,9999.000,9999.000
202602180754,   2.807,   3.460,9999.000,9999.000,9999.000,9999.000,9999.000,9999.000,9999.000
202602180800,   2.693,   3.348,   0.600,   0.055,   3.348,   0.600,   3.348,   0.700,   3.448
202602180806,   2.578,   3.260,9999.000,9999.000,9999.000,9999.000,9999.000,9999.000,9999.000
202602180812,   2.463,   3.158,9999.000,9999.000,9999.000,9999.000,9999.000,9999.000,9999.000
202602180818,   2.347,   3.099,9999.000,9999.000,9999.000,9999.000,9999.000,9999.000,9999.000
202602180824,   2.232,   3.030,9999.000,9999.000,9999.000,9999.000,9999.000,9999.000,9999.000
202602180830,   2.118,   2.938,9999.000,9999.000,9999.000,9999.000,9999.000,9999.000,9999.000
202602180836,   2.005,   2.860,9999.000,9999.000,9999.000,9999.000,9999.000,9999.000,9999.000
202602180842,   1.892,   2.778,9999.000,9999.000,9999.000,9999.000,9999.000,9999.000,9999.000
202602180848,   1.781,   2.660,9999.000,9999.000,9999.000,9999.000,9999.000,9999.000,9999.000
202602180854,   1.671,   2.587,9999.000,9999.000,9999.000,9999.000,9999.000,9999.000,9999.000
202602180900,   1.563,   2.519,   0.600,   0.356,   2.519,   0.600,   2.519,   0.700,   2.619
202602180906,   1.457,   2.430,9999.000,9999.000,9999.000,9999.000,9999.000,9999.000,9999.000
202602180912,   1.353,   2.338,9999.000,9999.000,9999.000,9999.000,9999.000,9999.000,9999.000
202602180918,   1.251,   2.250,9999.000,9999.000,9999.000,9999.000,9999.000,9999.000,9999.000
202602180924,   1.151,   2.168,9999.000,9999.000,9999.000,9999.000,9999.000,9999.000,9999.000
202602180930,   1.054,   2.099,9999.000,9999.000,9999.000,9999.000,9999.000,9999.000,9999.000
202602180936,   0.959,   2.000,9999.000,9999.000,9999.000,9999.000,9999.000,9999.000,9999.000
202602180942,   0.866,   1.908,9999.000,9999.000,9999.000,9999.000,9999.000,9999.000,9999.000
202602180948,   0.776,   1.830,9999.000,9999.000,9999.000,9999.000,9999.000,9999.000,9999.000
202602180954,   0.689,   1.758,9999.000,9999.000,9999.000,9999.000,9999.000,9999.000,9999.000
202602181000,   0.604,   1.689,   0.700,   0.385,   1.689,   0.600,   1.589,   0.700,   1.689
202602181006,   0.521,   1.610,9999.000,9999.000,9999.000,9999.000,9999.000,9999.000,9999.000
202602181012,   0.441,   1.518,9999.000,9999.000,9999.000,9999.000,9999.000,9999.000,9999.000
202602181018,   0.363,   1.459,9999.000,9999.000,9999.000,9999.000,9999.000,9999.000,9999.000
202602181024,   0.288,   1.380,9999.000,9999.000,9999.000,9999.000,9999.000,9999.000,9999.000
202602181030,   0.215,   1.279,9999.000,9999.000,9999.000,9999.000,9999.000,9999.000,9999.000
202602181036,   0.144,   1.229,9999.000,9999.000,9999.000,9999.000,9999.000,9999.000,9999.000
202602181042,   0.077,   1.151,9999.000,9999.000,9999.000,9999.000,9999.000,9999.000,9999.000
202602181048,   0.012,   1.000,9999.000,9999.000,9999.000,9999.000,9999.000,9999.000,9999.000
202602181054,  -0.050,   0.990,9999.000,9999.000,9999.000,9999.000,9999.000,9999.000,9999.000
202602181100,  -0.109,   0.928,   0.700,   0.337,   0.928,   0.700,   0.928,   0.700,   0.928
202602181106,  -0.165,   0.859,9999.000,9999.000,9999.000,9999.000,9999.000,9999.000,9999.000
202602181112,  -0.217,   0.800,9999.000,9999.000,9999.000,9999.000,9999.000,9999.000,9999.000
202602181118,  -0.265,   0.731,9999.000,9999.000,9999.000,9999.000,9999.000,9999.000,9999.000
202602181124,  -0.308,   0.669,9999.000,9999.000,9999.000,9999.000,9999.000,9999.000,9999.000
202602181130,  -0.347,   0.600,9999.000,9999.000,9999.000,9999.000,9999.000,9999.000,9999.000
202602181136,  -0.380,   0.570,9999.000,9999.000,9999.000,9999.000,9999.000,9999.000,9999.000
202602181142,  -0.407,   0.459,9999.000,9999.000,9999.000,9999.000,9999.000,9999.000,9999.000
202602181148,  -0.427,   0.419,9999.000,9999.000,9999.000,9999.000,9999.000,9999.000,9999.000
202602181154,  -0.439,   0.409,9999.000,9999.000,9999.000,9999.000,9999.000,9999.000,9999.000
202602181200,  -0.444,   0.360,   0.600,   0.204,   0.360,   0.600,   0.360,   0.700,   0.460
202602181206,  -0.439,   0.321,9999.000,9999.000,9999.000,9999.000,9999.000,9999.000,9999.000
202602181212,  -0.424,   0.360,9999.000,9999.000,9999.000,9999.000,9999.000,9999.000,9999.000
202602181218,  -0.399,   0.331,9999.000,9999.000,9999.000,9999.000,9999.000,9999.000,9999.000
202602181224,  -0.364,   0.331,9999.000,9999.000,9999.000,9999.000,9999.000,9999.000,9999.000
202602181230,  -0.316,   0.390,9999.000,9999.000,9999.000,9999.000,9999.000,9999.000,9999.000
202602181236,  -0.257,   0.459,9999.000,9999.000,9999.000,9999.000,9999.000,9999.000,9999.000
202602181242,  -0.185,   0.649,9999.000,9999.000,9999.000,9999.000,9999.000,9999.000,9999.000
202602181248,  -0.101,   0.698,9999.000,9999.000,9999.000,9999.000,9999.000,9999.000,9999.000
202602181254,  -0.004,   0.970,9999.000,9999.000,9999.000,9999.000,9999.000,9999.000,9999.000
202602181300,   0.105,   1.200,   0.700,   0.395,   1.200,   0.600,   1.100,   0.700,   1.200
202602181306,   0.227,   1.371,9999.000,9999.000,9999.000,9999.000,9999.000,9999.000,9999.000
202602181312,   0.361,   1.557,9999.000,9999.000,9999.000,9999.000,9999.000,9999.000,9999.000
202602181318,   0.506,   1.728,9999.000,9999.000,9999.000,9999.000,9999.000,9999.000,9999.000
202602181324,   0.662,   1.918,9999.000,9999.000,9999.000,9999.000,9999.000,9999.000,9999.000
202602181330,   0.828,   2.099,9999.000,9999.000,9999.000,9999.000,9999.000,9999.000,9999.000
202602181336,   1.002,   2.269,9999.000,9999.000,9999.000,9999.000,9999.000,9999.000,9999.000
202602181342,   1.183,   2.430,9999.000,9999.000,9999.000,9999.000,9999.000,9999.000,9999.000
202602181348,   1.370,   2.578,9999.000,9999.000,9999.000,9999.000,9999.000,9999.000,9999.000
202602181354,   1.561,   2.738,9999.000,9999.000,9999.000,9999.000,9999.000,9999.000,9999.000
202602181400,   1.755,   2.909,   0.700,   0.454,   2.909,   0.700,   2.909,   0.700,   2.909
202602181406,   1.951,   3.079,9999.000,9999.000,9999.000,9999.000,9999.000,9999.000,9999.000
202602181412,   2.146,   3.207,9999.000,9999.000,9999.000,9999.000,9999.000,9999.000,9999.000
202602181418,   2.341,   3.378,9999.000,9999.000,9999.000,9999.000,9999.000,9999.000,9999.000
202602181424,   2.532,   3.480,9999.000,9999.000,9999.000,9999.000,9999.000,9999.000,9999.000
202602181430,   2.720,   3.607,9999.000,9999.000,9999.000,9999.000,9999.000,9999.000,9999.000
202602181436,   2.903,   3.768,9999.000,9999.000,9999.000,9999.000,9999.000,9999.000,9999.000
202602181442,   3.080,   3.909,9999.000,9999.000,9999.000,9999.000,9999.000,9999.000,9999.000
202602181448,   3.251,   4.047,9999.000,9999.000,9999.000,9999.000,9999.000,9999.000,9999.000
202602181454,   3.416,   4.178,9999.000,9999.000,9999.000,9999.000,9999.000,9999.000,9999.000
202602181500,   3.573,   4.300,   0.700,   0.027,   4.300,   0.700,   4.300,   0.700,   4.300
202602181506,   3.722,   4.437,9999.000,9999.000,9999.000,9999.000,9999.000,9999.000,9999.000
202602181512,   3.864,   4.539,9999.000,9999.000,9999.000,9999.000,9999.000,9999.000,9999.000
202602181518,   3.999,   4.677,9999.000,9999.000,9999.000,9999.000,9999.000,9999.000,9999.000
202602181524,   4.126,   4.778,9999.000,9999.000,9999.000,9999.000,9999.000,9999.000,9999.000
202602181530,   4.246,   4.887,9999.000,9999.000,9999.000,9999.000,9999.000,9999.000,9999.000
202602181536,   4.358,   4.998,9999.000,9999.000,9999.000,9999.000,9999.000,9999.000,9999.000
202602181542,   4.463,   5.120,9999.000,9999.000,9999.000,9999.000,9999.000,9999.000,9999.000
202602181548,   4.561,   5.198,9999.000,9999.000,9999.000,9999.000,9999.000,9999.000,9999.000
202602181554,   4.652,   5.379,9999.000,9999.000,9999.000,9999.000,9999.000,9999.000,9999.000
202602181600,   4.737,   5.438,   0.700,   0.001,   5.438,   0.700,   5.438,   0.800,   5.538
202602181606,   4.816,   5.569,9999.000,9999.000,9999.000,9999.000,9999.000,9999.000,9999.000
202602181612,   4.888,   5.628,9999.000,9999.000,9999.000,9999.000,9999.000,9999.000,9999.000
202602181618,   4.955,   5.697,9999.000,9999.000,9999.000,9999.000,9999.000,9999.000,9999.000
202602181624,   5.015,   5.828,9999.000,9999.000,9999.000,9999.000,9999.000,9999.000,9999.000
202602181630,   5.069,   5.897,9999.000,9999.000,9999.000,9999.000,9999.000,9999.000,9999.000
202602181636,   5.118,   5.959,9999.000,9999.000,9999.000,9999.000,9999.000,9999.000,9999.000
202602181642,   5.161,   6.048,9999.000,9999.000,9999.000,9999.000,9999.000,9999.000,9999.000
202602181648,   5.197,   6.136,9999.000,9999.000,9999.000,9999.000,9999.000,9999.000,9999.000
202602181654,   5.229,   6.127,9999.000,9999.000,9999.000,9999.000,9999.000,9999.000,9999.000
202602181700,   5.254,   6.199,   0.800,   0.145,   6.199,   0.700,   6.099,   0.800,   6.199
202602181706,   5.273,   6.248,9999.000,9999.000,9999.000,9999.000,9999.000,9999.000,9999.000
202602181712,   5.286,   6.287,9999.000,9999.000,9999.000,9999.000,9999.000,9999.000,9999.000
202602181718,   5.294,   6.336,9999.000,9999.000,9999.000,9999.000,9999.000,9999.000,9999.000
202602181724,   5.295,   6.336,9999.000,9999.000,9999.000,9999.000,9999.000,9999.000,9999.000
202602181730,   5.290,   6.336,9999.000,9999.000,9999.000,9999.000,9999.000,9999.000,9999.000
202602181736,   5.279,   6.399,9999.000,9999.000,9999.000,9999.000,9999.000,9999.000,9999.000
202602181742,   5.263,   6.428,9999.000,9999.000,9999.000,9999.000,9999.000,9999.000,9999.000
202602181748,   5.240,   6.409,9999.000,9999.000,9999.000,9999.000,9999.000,9999.000,9999.000
202602181754,   5.212,   6.438,9999.000,9999.000,9999.000,9999.000,9999.000,9999.000,9999.000
202602181800,   5.177,   6.438,   0.800,   0.461,   6.438,   0.700,   6.338,   0.800,   6.438
202602181806,   5.137,   6.409,9999.000,9999.000,9999.000,9999.000,9999.000,9999.000,9999.000
202602181812,   5.091,   6.389,9999.000,9999.000,9999.000,9999.000,9999.000,9999.000,9999.000
202602181818,   5.040,   6.317,9999.000,9999.000,9999.000,9999.000,9999.000,9999.000,9999.000
202602181824,   4.984,   6.317,9999.000,9999.000,9999.000,9999.000,9999.000,9999.000,9999.000
202602181830,   4.922,   6.248,9999.000,9999.000,9999.000,9999.000,9999.000,9999.000,9999.000
202602181836,   4.856,   6.169,9999.000,9999.000,9999.000,9999.000,9999.000,9999.000,9999.000
202602181842,   4.785,   6.087,9999.000,9999.000,9999.000,9999.000,9999.000,9999.000,9999.000
202602181848,   4.709,   5.999,9999.000,9999.000,9999.000,9999.000,9999.000,9999.000,9999.000
202602181854,   4.630,   5.907,9999.000,9999.000,9999.000,9999.000,9999.000,9999.000,9999.000
202602181900,   4.546,   5.808,   0.800,   0.462,   5.808,   0.800,   5.808,   0.800,   5.808
202602181906,   4.458,   5.677,9999.000,9999.000,9999.000,9999.000,9999.000,9999.000,9999.000
202602181912,   4.367,   5.539,9999.000,9999.000,9999.000,9999.000,9999.000,9999.000,9999.000
202602181918,   4.272,   5.418,9999.000,9999.000,9999.000,9999.000,9999.000,9999.000,9999.000
202602181924,   4.175,   5.339,9999.000,9999.000,9999.000,9999.000,9999.000,9999.000,9999.000
202602181930,   4.074,   5.159,9999.000,9999.000,9999.000,9999.000,9999.000,9999.000,9999.000
202602181936,   3.971,   5.008,9999.000,9999.000,9999.000,9999.000,9999.000,9999.000,9999.000
202602181942,   3.866,   4.828,9999.000,9999.000,9999.000,9999.000,9999.000,9999.000,9999.000
202602181948,   3.758,   4.778,9999.000,9999.000,9999.000,9999.000,9999.000,9999.000,9999.000
202602181954,   3.649,   4.657,9999.000,9999.000,9999.000,9999.000,9999.000,9999.000,9999.000
202602182000,   3.538,   4.519,   0.800,   0.181,   4.519,   0.800,   4.519,   0.800,   4.519
202602182006,   3.426,   4.418,9999.000,9999.000,9999.000,9999.000,9999.000,9999.000,9999.000
202602182012,   3.312,   4.329,9999.000,9999.000,9999.000,9999.000,9999.000,9999.000,9999.000
202602182018,   3.198,   4.218,9999.000,9999.000,9999.000,9999.000,9999.000,9999.000,9999.000
202602182024,   3.083,   4.109,9999.000,9999.000,9999.000,9999.000,9999.000,9999.000,9999.000
202602182030,   2.968,   3.978,9999.000,9999.000,9999.000,9999.000,9999.000,9999.000,9999.000
202602182036,   2.853,   3.860,9999.000,9999.000,9999.000,9999.000,9999.000,9999.000,9999.000
202602182042,   2.737,   3.788,9999.000,9999.000,9999.000,9999.000,9999.000,9999.000,9999.000
202602182048,   2.622,   3.689,9999.000,9999.000,9999.000,9999.000,9999.000,9999.000,9999.000
202602182054,   2.508,   3.607,9999.000,9999.000,9999.000,9999.000,9999.000,9999.000,9999.000
202602182100,   2.394,   3.499,   0.800,   0.305,   3.499,   0.800,   3.499,   0.800,   3.499
202602182106,   2.281,   3.407,9999.000,9999.000,9999.000,9999.000,9999.000,9999.000,9999.000
202602182112,   2.169,   3.339,9999.000,9999.000,9999.000,9999.000,9999.000,9999.000,9999.000
202602182118,   2.059,   3.197,9999.000,9999.000,9999.000,9999.000,9999.000,9999.000,9999.000
202602182124,   1.950,   3.070,9999.000,9999.000,9999.000,9999.000,9999.000,9999.000,9999.000
202602182130,   1.843,   2.988,9999.000,9999.000,9999.000,9999.000,9999.000,9999.000,9999.000
202602182136,   1.738,   2.909,9999.000,9999.000,9999.000,9999.000,9999.000,9999.000,9999.000
202602182142,   1.634,   2.820,9999.000,9999.000,9999.000,9999.000,9999.000,9999.000,9999.000
202602182148,   1.532,   2.738,9999.000,9999.000,9999.000,9999.000,9999.000,9999.000,9999.000
202602182154,   1.433,   2.630,9999.000,9999.000,9999.000,9999.000,9999.000,9999.000,9999.000
202602182200,   1.335,   2.538,   0.800,   0.403,   2.538,   0.800,   2.538,   0.800,   2.538
202602182206,   1.240,   2.459,9999.000,9999.000,9999.000,9999.000,9999.000,9999.000,9999.000
202602182212,   1.146,   2.377,9999.000,9999.000,9999.000,9999.000,9999.000,9999.000,9999.000
202602182218,   1.055,   2.299,9999.000,9999.000,9999.000,9999.000,9999.000,9999.000,9999.000
202602182224,   0.966,   2.200,9999.000,9999.000,9999.000,9999.000,9999.000,9999.000,9999.000
202602182230,   0.878,   2.099,9999.000,9999.000,9999.000,9999.000,9999.000,9999.000,9999.000
202602182236,   0.793,   2.030,9999.000,9999.000,9999.000,9999.000,9999.000,9999.000,9999.000
202602182242,   0.710,   1.958,9999.000,9999.000,9999.000,9999.000,9999.000,9999.000,9999.000
202602182248,   0.629,   1.869,9999.000,9999.000,9999.000,9999.000,9999.000,9999.000,9999.000
202602182254,   0.549,   1.781,9999.000,9999.000,9999.000,9999.000,9999.000,9999.000,9999.000
202602182300,   0.472,   1.689,   0.800,   0.417,   1.689,   0.800,   1.689,   0.800,   1.689
202602182306,   0.397,   1.590,9999.000,9999.000,9999.000,9999.000,9999.000,9999.000,9999.000
202602182312,   0.324,   1.538,9999.000,9999.000,9999.000,9999.000,9999.000,9999.000,9999.000
202602182318,   0.253,   1.439,9999.000,9999.000,9999.000,9999.000,9999.000,9999.000,9999.000
202602182324,   0.185,   1.371,9999.000,9999.000,9999.000,9999.000,9999.000,9999.000,9999.000
202602182330,   0.120,   1.298,9999.000,9999.000,9999.000,9999.000,9999.000,9999.000,9999.000
202602182336,   0.058,   1.200,9999.000,9999.000,9999.000,9999.000,9999.000,9999.000,9999.000
202602182342,   0.000,   1.138,9999.000,9999.000,9999.000,9999.000,9999.000,9999.000,9999.000
202602182348,  -0.053,   1.069,9999.000,9999.000,9999.000,9999.000,9999.000,9999.000,9999.000
202602182354,  -0.103,   1.010,9999.000,9999.000,9999.000,9999.000,9999.000,9999.000,9999.000
202602190000,  -0.148,   0.951,   0.800,   0.299,   0.951,   0.800,   0.951,   0.800,   0.951
202602190006,  -0.187,   0.888,9999.000,9999.000,9999.000,9999.000,9999.000,9999.000,9999.000
202602190012,  -0.220,   0.819,9999.000,9999.000,9999.000,9999.000,9999.000,9999.000,9999.000
202602190018,  -0.245,   0.770,9999.000,9999.000,9999.000,9999.000,9999.000,9999.000,9999.000
202602190024,  -0.263,   0.718,9999.000,9999.000,9999.000,9999.000,9999.000,9999.000,9999.000
202602190030,  -0.272,   0.688,9999.000,9999.000,9999.000,9999.000,9999.000,9999.000,9999.000
202602190036,  -0.272,   0.639,9999.000,9999.000,9999.000,9999.000,9999.000,9999.000,9999.000
202602190042,  -0.262,   0.600,9999.000,9999.000,9999.000,9999.000,9999.000,9999.000,9999.000
202602190048,  -0.242,   0.590,9999.000,9999.000,9999.000,9999.000,9999.000,9999.000,9999.000
202602190054,  -0.210,   0.590,9999.000,9999.000,9999.000,9999.000,9999.000,9999.000,9999.000
202602190100,  -0.166,   0.590,   0.800,  -0.044,   0.590,   0.800,   0.590,   0.800,   0.590
202602190106,  -0.110,   0.619,9999.000,9999.000,9999.000,9999.000,9999.000,9999.000,9999.000
202602190112,  -0.041,   0.669,9999.000,9999.000,9999.000,9999.000,9999.000,9999.000,9999.000
202602190118,   0.039,   0.760,9999.000,9999.000,9999.000,9999.000,9999.000,9999.000,9999.000
202602190124,   0.133,   0.888,9999.000,9999.000,9999.000,9999.000,9999.000,9999.000,9999.000
202602190130,   0.240,   1.098,9999.000,9999.000,9999.000,9999.000,9999.000,9999.000,9999.000
202602190136,   0.359,   1.269,9999.000,9999.000,9999.000,9999.000,9999.000,9999.000,9999.000
202602190142,   0.489,   1.459,9999.000,9999.000,9999.000,9999.000,9999.000,9999.000,9999.000
202602190148,   0.631,   1.659,9999.000,9999.000,9999.000,9999.000,9999.000,9999.000,9999.000
202602190154,   0.783,   1.849,9999.000,9999.000,9999.000,9999.000,9999.000,9999.000,9999.000
202602190200,   0.944,   2.059,   0.800,   0.315,   2.059,   0.800,   2.059,   0.800,   2.059
202602190206,   1.113,   2.200,9999.000,9999.000,9999.000,9999.000,9999.000,9999.000,9999.000
202602190212,   1.288,   2.358,9999.000,9999.000,9999.000,9999.000,9999.000,9999.000,9999.000
202602190218,   1.468,   2.538,9999.000,9999.000,9999.000,9999.000,9999.000,9999.000,9999.000
202602190224,   1.651,   2.679,9999.000,9999.000,9999.000,9999.000,9999.000,9999.000,9999.000
202602190230,   1.837,   2.830,9999.000,9999.000,9999.000,9999.000,9999.000,9999.000,9999.000
202602190236,   2.023,   2.988,9999.000,9999.000,9999.000,9999.000,9999.000,9999.000,9999.000
202602190242,   2.208,   3.168,9999.000,9999.000,9999.000,9999.000,9999.000,9999.000,9999.000
202602190248,   2.392,   3.329,9999.000,9999.000,9999.000,9999.000,9999.000,9999.000,9999.000
202602190254,   2.571,   3.480,9999.000,9999.000,9999.000,9999.000,9999.000,9999.000,9999.000
202602190300,   2.747,   3.598,   0.800,   0.051,   3.598,   0.800,   3.598,   0.900,   3.698
202602190306,   2.917,   3.719,9999.000,9999.000,9999.000,9999.000,9999.000,9999.000,9999.000
202602190312,   3.081,   3.890,9999.000,9999.000,9999.000,9999.000,9999.000,9999.000,9999.000
202602190318,   3.238,   3.998,9999.000,9999.000,9999.000,9999.000,9999.000,9999.000,9999.000
202602190324,   3.389,   4.149,9999.000,9999.000,9999.000,9999.000,9999.000,9999.000,9999.000
202602190330,   3.532,   4.257,9999.000,9999.000,9999.000,9999.000,9999.000,9999.000,9999.000
202602190336,   3.668,   4.359,9999.000,9999.000,9999.000,9999.000,9999.000,9999.000,9999.000
202602190342,   3.796,   4.519,9999.000,9999.000,9999.000,9999.000,9999.000,9999.000,9999.000
202602190348,   3.917,   4.618,9999.000,9999.000,9999.000,9999.000,9999.000,9999.000,9999.000
202602190354,   4.030,   4.729,9999.000,9999.000,9999.000,9999.000,9999.000,9999.000,9999.000
202602190400,   4.136,   4.837,   0.800,  -0.099,   4.837,   0.800,   4.837,   0.900,   4.937
202602190406,   4.235,   4.939,9999.000,9999.000,9999.000,9999.000,9999.000,9999.000,9999.000
202602190412,   4.328,   5.008,9999.000,9999.000,9999.000,9999.000,9999.000,9999.000,9999.000
202602190418,   4.413,   5.169,9999.000,9999.000,9999.000,9999.000,9999.000,9999.000,9999.000
202602190424,   4.492,   5.169,9999.000,9999.000,9999.000,9999.000,9999.000,9999.000,9999.000
202602190430,   4.565,   5.349,9999.000,9999.000,9999.000,9999.000,9999.000,9999.000,9999.000
202602190436,   4.631,   5.389,9999.000,9999.000,9999.000,9999.000,9999.000,9999.000,9999.000
202602190442,   4.692,   5.497,9999.000,9999.000,9999.000,9999.000,9999.000,9999.000,9999.000
202602190448,   4.746,   5.598,9999.000,9999.000,9999.000,9999.000,9999.000,9999.000,9999.000
202602190454,   4.795,   5.657,9999.000,9999.000,9999.000,9999.000,9999.000,9999.000,9999.000
202602190500,   4.838,   5.717,   0.800,   0.079,   5.717,   0.800,   5.717,   0.900,   5.817
202602190506,   4.875,   5.749,9999.000,9999.000,9999.000,9999.000,9999.000,9999.000,9999.000
202602190512,   4.907,   5.828,9999.000,9999.000,9999.000,9999.000,9999.000,9999.000,9999.000
202602190518,   4.933,   5.867,9999.000,9999.000,9999.000,9999.000,9999.000,9999.000,9999.000
202602190524,   4.953,   5.917,9999.000,9999.000,9999.000,9999.000,9999.000,9999.000,9999.000
202602190530,   4.967,   5.949,9999.000,9999.000,9999.000,9999.000,9999.000,9999.000,9999.000
202602190536,   4.975,   5.979,9999.000,9999.000,9999.000,9999.000,9999.000,9999.000,9999.000
202602190542,   4.977,   5.989,9999.000,9999.000,9999.000,9999.000,9999.000,9999.000,9999.000
202602190548,   4.974,   5.989,9999.000,9999.000,9999.000,9999.000,9999.000,9999.000,9999.000
202602190554,   4.964,   6.008,9999.000,9999.000,9999.000,9999.000,9999.000,9999.000,9999.000
202602190600,   4.949,   5.999,   0.800,   0.250,   5.999,   0.800,   5.999,   0.900,   6.099
202602190606,   4.927,   5.989,9999.000,9999.000,9999.000,9999.000,9999.000,9999.000,9999.000
202602190612,   4.900,   5.979,9999.000,9999.000,9999.000,9999.000,9999.000,9999.000,9999.000
202602190618,   4.867,   5.917,9999.000,9999.000,9999.000,9999.000,9999.000,9999.000,9999.000
202602190624,   4.828,   5.897,9999.000,9999.000,9999.000,9999.000,9999.000,9999.000,9999.000
202602190630,   4.783,   5.887,9999.000,9999.000,9999.000,9999.000,9999.000,9999.000,9999.000
202602190636,   4.733,   5.799,9999.000,9999.000,9999.000,9999.000,9999.000,9999.000,9999.000
202602190642,   4.678,   5.730,9999.000,9999.000,9999.000,9999.000,9999.000,9999.000,9999.000
202602190648,   4.617,   5.657,9999.000,9999.000,9999.000,9999.000,9999.000,9999.000,9999.000
202602190654,   4.551,   5.608,9999.000,9999.000,9999.000,9999.000,9999.000,9999.000,9999.000
202602190700,   4.480,   5.487,   0.800,   0.207,   5.487,   0.800,   5.487,   0.900,   5.587
202602190706,   4.404,   5.379,9999.000,9999.000,9999.000,9999.000,9999.000,9999.000,9999.000
202602190712,   4.324,   5.257,9999.000,9999.000,9999.000,9999.000,9999.000,9999.000,9999.000
202602190718,   4.240,   5.139,9999.000,9999.000,9999.000,9999.000,9999.000,9999.000,9999.000
202602190724,   4.152,   5.038,9999.000,9999.000,9999.000,9999.000,9999.000,9999.000,9999.000
202602190730,   4.060,   4.900,9999.000,9999.000,9999.000,9999.000,9999.000,9999.000,9999.000
202602190736,   3.964,   4.769,9999.000,9999.000,9999.000,9999.000,9999.000,9999.000,9999.000
202602190742,   3.865,   4.657,9999.000,9999.000,9999.000,9999.000,9999.000,9999.000,9999.000
202602190748,   3.763,   4.539,9999.000,9999.000,9999.000,9999.000,9999.000,9999.000,9999.000
202602190754,   3.659,   4.447,9999.000,9999.000,9999.000,9999.000,9999.000,9999.000,9999.000
202602190800,   3.551,   4.349,   0.900,  -0.102,   4.349,   0.800,   4.249,   0.900,   4.349
202602190806,   3.442,   4.047,9999.000,9999.000,9999.000,9999.000,9999.000,9999.000,9999.000
202602190812,   3.330,   4.168,9999.000,9999.000,9999.000,9999.000,9999.000,9999.000,9999.000
202602190818,   3.217,   3.870,9999.000,9999.000,9999.000,9999.000,9999.000,9999.000,9999.000
202602190824,   3.103,   3.847,9999.000,9999.000,9999.000,9999.000,9999.000,9999.000,9999.000
202602190830,   2.987,   3.709,9999.000,9999.000,9999.000,9999.000,9999.000,9999.000,9999.000
202602190836,   2.870,   3.588,9999.000,9999.000,9999.000,9999.000,9999.000,9999.000,9999.000
202602190842,   2.752,   3.539,9999.000,9999.000,9999.000,9999.000,9999.000,9999.000,9999.000
202602190848,   2.634,   3.450,9999.000,9999.000,9999.000,9999.000,9999.000,9999.000,9999.000
202602190854,   2.516,   3.368,9999.000,9999.000,9999.000,9999.000,9999.000,9999.000,9999.000
202602190900,   2.397,   3.260,   0.900,  -0.037,   3.260,   0.900,   3.260,   0.900,   3.260
202602190906,   2.279,   3.168,9999.000,9999.000,9999.000,9999.000,9999.000,9999.000,9999.000
202602190912,   2.162,   3.079,9999.000,9999.000,9999.000,9999.000,9999.000,9999.000,9999.000
202602190918,   2.046,   3.007,9999.000,9999.000,9999.000,9999.000,9999.000,9999.000,9999.000
202602190924,   1.930,   2.929,9999.000,9999.000,9999.000,9999.000,9999.000,9999.000,9999.000
202602190930,   1.816,   2.840,9999.000,9999.000,9999.000,9999.000,9999.000,9999.000,9999.000
202602190936,   1.703,   2.768,9999.000,9999.000,9999.000,9999.000,9999.000,9999.000,9999.000
202602190942,   1.593,   2.669,9999.000,9999.000,9999.000,9999.000,9999.000,9999.000,9999.000
202602190948,   1.484,   2.610,9999.000,9999.000,9999.000,9999.000,9999.000,9999.000,9999.000
202602190954,   1.377,   2.499,9999.000,9999.000,9999.000,9999.000,9999.000,9999.000,9999.000
202602191000,   1.272,   2.410,   0.900,   0.238,   2.410,   0.900,   2.410,   0.900,   2.410
202602191006,   1.170,   2.328,9999.000,9999.000,9999.000,9999.000,9999.000,9999.000,9999.000
202602191012,   1.070,   2.250,9999.000,9999.000,9999.000,9999.000,9999.000,9999.000,9999.000
202602191018,   0.973,   2.148,9999.000,9999.000,9999.000,9999.000,9999.000,9999.000,9999.000
202602191024,   0.879,   2.059,9999.000,9999.000,9999.000,9999.000,9999.000,9999.000,9999.000
202602191030,   0.787,   2.000,9999.000,9999.000,9999.000,9999.000,9999.000,9999.000,9999.000
202602191036,   0.699,   1.938,9999.000,9999.000,9999.000,9999.000,9999.000,9999.000,9999.000
202602191042,   0.612,   1.849,9999.000,9999.000,9999.000,9999.000,9999.000,9999.000,9999.000
202602191048,   0.529,   1.728,9999.000,9999.000,9999.000,9999.000,9999.000,9999.000,9999.000
202602191054,   0.449,   1.649,9999.000,9999.000,9999.000,9999.000,9999.000,9999.000,9999.000
202602191100,   0.371,   1.571,   0.900,   0.300,   1.571,   0.900,   1.571,   0.900,   1.571
202602191106,   0.296,   1.498,9999.000,9999.000,9999.000,9999.000,9999.000,9999.000,9999.000
202602191112,   0.224,   1.430,9999.000,9999.000,9999.000,9999.000,9999.000,9999.000,9999.000
202602191118,   0.155,   1.328,9999.000,9999.000,9999.000,9999.000,9999.000,9999.000,9999.000
202602191124,   0.088,   1.239,9999.000,9999.000,9999.000,9999.000,9999.000,9999.000,9999.000
202602191130,   0.024,   1.200,9999.000,9999.000,9999.000,9999.000,9999.000,9999.000,9999.000
202602191136,  -0.036,   1.118,9999.000,9999.000,9999.000,9999.000,9999.000,9999.000,9999.000
202602191142,  -0.093,   1.049,9999.000,9999.000,9999.000,9999.000,9999.000,9999.000,9999.000
202602191148,  -0.148,   0.961,9999.000,9999.000,9999.000,9999.000,9999.000,9999.000,9999.000
202602191154,  -0.199,   0.898,9999.000,9999.000,9999.000,9999.000,9999.000,9999.000,9999.000
202602191200,  -0.246,   0.859,   0.900,   0.205,   0.859,   0.900,   0.859,   0.900,   0.859
202602191206,  -0.289,   0.780,9999.000,9999.000,9999.000,9999.000,9999.000,9999.000,9999.000
202602191212,  -0.327,   0.708,9999.000,9999.000,9999.000,9999.000,9999.000,9999.000,9999.000
202602191218,  -0.360,   0.659,9999.000,9999.000,9999.000,9999.000,9999.000,9999.000,9999.000
202602191224,  -0.387,   0.629,9999.000,9999.000,9999.000,9999.000,9999.000,9999.000,9999.000
202602191230,  -0.409,   0.560,9999.000,9999.000,9999.000,9999.000,9999.000,9999.000,9999.000
202602191236,  -0.423,   0.518,9999.000,9999.000,9999.000,9999.000,9999.000,9999.000,9999.000
202602191242,  -0.430,   0.498,9999.000,9999.000,9999.000,9999.000,9999.000,9999.000,9999.000
202602191248,  -0.428,   0.478,9999.000,9999.000,9999.000,9999.000,9999.000,9999.000,9999.000
202602191254,  -0.417,   0.459,9999.000,9999.000,9999.000,9999.000,9999.000,9999.000,9999.000
202602191300,  -0.397,   0.459,   0.900,  -0.044,   0.459,   0.900,   0.459,   0.900,   0.459
202602191306,  -0.367,   0.498,9999.000,9999.000,9999.000,9999.000,9999.000,9999.000,9999.000
202602191312,  -0.325,   0.551,9999.000,9999.000,9999.000,9999.000,9999.000,9999.000,9999.000
202602191318,  -0.272,   0.629,9999.000,9999.000,9999.000,9999.000,9999.000,9999.000,9999.000
202602191324,  -0.207,   0.760,9999.000,9999.000,9999.000,9999.000,9999.000,9999.000,9999.000
202602191330,  -0.130,   0.941,9999.000,9999.000,9999.000,9999.000,9999.000,9999.000,9999.000
202602191336,  -0.040,   1.118,9999.000,9999.000,9999.000,9999.000,9999.000,9999.000,9999.000
202602191342,   0.062,   1.308,9999.000,9999.000,9999.000,9999.000,9999.000,9999.000,9999.000
202602191348,   0.177,   1.508,9999.000,9999.000,9999.000,9999.000,9999.000,9999.000,9999.000
202602191354,   0.305,   1.708,9999.000,9999.000,9999.000,9999.000,9999.000,9999.000,9999.000
202602191400,   0.445,   1.889,   0.900,   0.544,   1.889,   0.900,   1.889,   0.900,   1.889
202602191406,   0.596,   2.069,9999.000,9999.000,9999.000,9999.000,9999.000,9999.000,9999.000
202602191412,   0.758,   2.240,9999.000,9999.000,9999.000,9999.000,9999.000,9999.000,9999.000
202602191418,   0.929,   2.400,9999.000,9999.000,9999.000,9999.000,9999.000,9999.000,9999.000
202602191424,   1.108,   2.548,9999.000,9999.000,9999.000,9999.000,9999.000,9999.000,9999.000
202602191430,   1.295,   2.679,9999.000,9999.000,9999.000,9999.000,9999.000,9999.000,9999.000
202602191436,   1.487,   2.830,9999.000,9999.000,9999.000,9999.000,9999.000,9999.000,9999.000
202602191442,   1.683,   3.040,9999.000,9999.000,9999.000,9999.000,9999.000,9999.000,9999.000
202602191448,   1.882,   3.197,9999.000,9999.000,9999.000,9999.000,9999.000,9999.000,9999.000
202602191454,   2.082,   3.329,9999.000,9999.000,9999.000,9999.000,9999.000,9999.000,9999.000
202602191500,   2.281,   3.470,   0.900,   0.289,   3.470,   0.900,   3.470,   1.000,   3.570
202602191506,   2.479,   3.598,9999.000,9999.000,9999.000,9999.000,9999.000,9999.000,9999.000
202602191512,   2.673,   3.739,9999.000,9999.000,9999.000,9999.000,9999.000,9999.000,9999.000
202602191518,   2.863,   3.870,9999.000,9999.000,9999.000,9999.000,9999.000,9999.000,9999.000
202602191524,   3.048,   4.008,9999.000,9999.000,9999.000,9999.000,9999.000,9999.000,9999.000
202602191530,   3.227,   4.129,9999.000,9999.000,9999.000,9999.000,9999.000,9999.000,9999.000
202602191536,   3.398,   4.257,9999.000,9999.000,9999.000,9999.000,9999.000,9999.000,9999.000
202602191542,   3.562,   4.398,9999.000,9999.000,9999.000,9999.000,9999.000,9999.000,9999.000
202602191548,   3.718,   4.539,9999.000,9999.000,9999.000,9999.000,9999.000,9999.000,9999.000
202602191554,   3.866,   4.657,9999.000,9999.000,9999.000,9999.000,9999.000,9999.000,9999.000
202602191600,   4.006,   4.759,   1.000,  -0.247,   4.759,   0.900,   4.659,   1.000,   4.759
202602191606,   4.137,   4.877,9999.000,9999.000,9999.000,9999.000,9999.000,9999.000,9999.000
202602191612,   4.260,   4.998,9999.000,9999.000,9999.000,9999.000,9999.000,9999.000,9999.000
202602191618,   4.375,   5.097,9999.000,9999.000,9999.000,9999.000,9999.000,9999.000,9999.000
202602191624,   4.482,   5.218,9999.000,9999.000,9999.000,9999.000,9999.000,9999.000,9999.000
202602191630,   4.582,   5.329,9999.000,9999.000,9999.000,9999.000,9999.000,9999.000,9999.000
202602191636,   4.673,   5.448,9999.000,9999.000,9999.000,9999.000,9999.000,9999.000,9999.000
202602191642,   4.758,   5.549,9999.000,9999.000,9999.000,9999.000,9999.000,9999.000,9999.000
202602191648,   4.835,   5.648,9999.000,9999.000,9999.000,9999.000,9999.000,9999.000,9999.000
202602191654,   4.906,   5.759,9999.000,9999.000,9999.000,9999.000,9999.000,9999.000,9999.000
202602191700,   4.970,   5.808,   1.000,  -0.162,   5.808,   0.900,   5.708,   1.000,   5.808
202602191706,   5.028,   5.907,9999.000,9999.000,9999.000,9999.000,9999.000,9999.000,9999.000
202602191712,   5.079,   5.979,9999.000,9999.000,9999.000,9999.000,9999.000,9999.000,9999.000
202602191718,   5.125,   6.067,9999.000,9999.000,9999.000,9999.000,9999.000,9999.000,9999.000
202602191724,   5.164,   6.117,9999.000,9999.000,9999.000,9999.000,9999.000,9999.000,9999.000
202602191730,   5.197,   6.159,9999.000,9999.000,9999.000,9999.000,9999.000,9999.000,9999.000
202602191736,   5.224,   6.238,9999.000,9999.000,9999.000,9999.000,9999.000,9999.000,9999.000
202602191742,   5.246,   6.277,9999.000,9999.000,9999.000,9999.000,9999.000,9999.000,9999.000
202602191748,   5.261,   6.307,9999.000,9999.000,9999.000,9999.000,9999.000,9999.000,9999.000
202602191754,   5.271,   6.336,9999.000,9999.000,9999.000,9999.000,9999.000,9999.000,9999.000
202602191800,   5.274,   6.379,   1.000,   0.105,   6.379,   0.900,   6.279,   1.000,   6.379
202602191806,   5.272,   6.399,9999.000,9999.000,9999.000,9999.000,9999.000,9999.000,9999.000
202602191812,   5.264,   6.418,9999.000,9999.000,9999.000,9999.000,9999.000,9999.000,9999.000
202602191818,   5.250,   6.458,9999.000,9999.000,9999.000,9999.000,9999.000,9999.000,9999.000
202602191824,   5.230,   6.477,9999.000,9999.000,9999.000,9999.000,9999.000,9999.000,9999.000
202602191830,   5.204,   6.458,9999.000,9999.000,9999.000,9999.000,9999.000,9999.000,9999.000
202602191836,   5.173,   6.458,9999.000,9999.000,9999.000,9999.000,9999.000,9999.000,9999.000
202602191842,   5.135,   6.477,9999.000,9999.000,9999.000,9999.000,9999.000,9999.000,9999.000
202602191848,   5.093,   6.458,9999.000,9999.000,9999.000,9999.000,9999.000,9999.000,9999.000
202602191854,   5.044,   6.359,9999.000,9999.000,9999.000,9999.000,9999.000,9999.000,9999.000
202602191900,   4.990,   6.346,   1.000,   0.356,   6.346,   0.900,   6.246,   1.100,   6.446
202602191906,   4.931,   6.258,9999.000,9999.000,9999.000,9999.000,9999.000,9999.000,9999.000
202602191912,   4.867,   6.238,9999.000,9999.000,9999.000,9999.000,9999.000,9999.000,9999.000
202602191918,   4.798,   6.087,9999.000,9999.000,9999.000,9999.000,9999.000,9999.000,9999.000
202602191924,   4.724,   5.907,9999.000,9999.000,9999.000,9999.000,9999.000,9999.000,9999.000
202602191930,   4.646,   5.926,9999.000,9999.000,9999.000,9999.000,9999.000,9999.000,9999.000
202602191936,   4.563,   5.828,9999.000,9999.000,9999.000,9999.000,9999.000,9999.000,9999.000
202602191942,   4.476,   5.697,9999.000,9999.000,9999.000,9999.000,9999.000,9999.000,9999.000
202602191948,   4.385,   5.569,9999.000,9999.000,9999.000,9999.000,9999.000,9999.000,9999.000
202602191954,   4.291,   5.418,9999.000,9999.000,9999.000,9999.000,9999.000,9999.000,9999.000
202602192000,   4.193,   5.329,   1.000,   0.136,   5.329,   1.000,   5.329,   1.100,   5.429
202602192006,   4.092,   5.149,9999.000,9999.000,9999.000,9999.000,9999.000,9999.000,9999.000
202602192012,   3.988,   5.087,9999.000,9999.000,9999.000,9999.000,9999.000,9999.000,9999.000
202602192018,   3.882,   4.919,9999.000,9999.000,9999.000,9999.000,9999.000,9999.000,9999.000
202602192024,   3.773,   4.769,9999.000,9999.000,9999.000,9999.000,9999.000,9999.000,9999.000
202602192030,   3.662,   4.677,9999.000,9999.000,9999.000,9999.000,9999.000,9999.000,9999.000
202602192036,   3.549,   4.559,9999.000,9999.000,9999.000,9999.000,9999.000,9999.000,9999.000
202602192042,   3.435,   4.447,9999.000,9999.000,9999.000,9999.000,9999.000,9999.000,9999.000
202602192048,   3.319,   4.368,9999.000,9999.000,9999.000,9999.000,9999.000,9999.000,9999.000
202602192054,   3.202,   4.280,9999.000,9999.000,9999.000,9999.000,9999.000,9999.000,9999.000
202602192100,   3.084,   4.129,   1.000,   0.045,   4.129,   1.000,   4.129,   1.100,   4.229
202602192106,   2.966,   4.027,9999.000,9999.000,9999.000,9999.000,9999.000,9999.000,9999.000
202602192112,   2.847,   3.978,9999.000,9999.000,9999.000,9999.000,9999.000,9999.000,9999.000
202602192118,   2.728,   3.880,9999.000,9999.000,9999.000,9999.000,9999.000,9999.000,9999.000
202602192124,   2.609,   3.788,9999.000,9999.000,9999.000,9999.000,9999.000,9999.000,9999.000
202602192130,   2.491,   3.670,9999.000,9999.000,9999.000,9999.000,9999.000,9999.000,9999.000
202602192136,   2.373,   3.588,9999.000,9999.000,9999.000,9999.000,9999.000,9999.000,9999.000
202602192142,   2.256,   3.499,9999.000,9999.000,9999.000,9999.000,9999.000,9999.000,9999.000
202602192148,   2.140,   3.398,9999.000,9999.000,9999.000,9999.000,9999.000,9999.000,9999.000
202602192154,   2.025,   3.329,9999.000,9999.000,9999.000,9999.000,9999.000,9999.000,9999.000
202602192200,   1.912,   3.089,   1.000,   0.177,   3.089,   1.000,   3.089,   1.100,   3.189
202602192206,   1.801,   3.040,9999.000,9999.000,9999.000,9999.000,9999.000,9999.000,9999.000
202602192212,   1.691,   3.040,9999.000,9999.000,9999.000,9999.000,9999.000,9999.000,9999.000
202602192218,   1.584,   2.919,9999.000,9999.000,9999.000,9999.000,9999.000,9999.000,9999.000
202602192224,   1.479,   2.830,9999.000,9999.000,9999.000,9999.000,9999.000,9999.000,9999.000
202602192230,   1.376,   2.748,9999.000,9999.000,9999.000,9999.000,9999.000,9999.000,9999.000
202602192236,   1.276,   2.650,9999.000,9999.000,9999.000,9999.000,9999.000,9999.000,9999.000
202602192242,   1.178,   2.558,9999.000,9999.000,9999.000,9999.000,9999.000,9999.000,9999.000
202602192248,   1.083,   2.479,9999.000,9999.000,9999.000,9999.000,9999.000,9999.000,9999.000
202602192254,   0.991,   2.400,9999.000,9999.000,9999.000,9999.000,9999.000,9999.000,9999.000
202602192300,   0.901,   2.309,   1.000,   0.408,   2.309,   1.000,   2.309,   1.100,   2.409
202602192306,   0.814,   2.220,9999.000,9999.000,9999.000,9999.000,9999.000,9999.000,9999.000
202602192312,   0.730,   2.118,9999.000,9999.000,9999.000,9999.000,9999.000,9999.000,9999.000
202602192318,   0.649,   2.059,9999.000,9999.000,9999.000,9999.000,9999.000,9999.000,9999.000
202602192324,   0.570,   1.967,9999.000,9999.000,9999.000,9999.000,9999.000,9999.000,9999.000
202602192330,   0.494,   1.889,9999.000,9999.000,9999.000,9999.000,9999.000,9999.000,9999.000
202602192336,   0.421,   1.820,9999.000,9999.000,9999.000,9999.000,9999.000,9999.000,9999.000
202602192342,   0.350,   1.699,9999.000,9999.000,9999.000,9999.000,9999.000,9999.000,9999.000
202602192348,   0.283,   1.620,9999.000,9999.000,9999.000,9999.000,9999.000,9999.000,9999.000
202602192354,   0.217,   1.557,9999.000,9999.000,9999.000,9999.000,9999.000,9999.000,9999.000
202602200000,   0.155,   1.489,   1.000,   0.334,   1.489,   0.900,   1.389,   1.100,   1.589
202602200006,   0.096,   1.410,9999.000,9999.000,9999.000,9999.000,9999.000,9999.000,9999.000
202602200012,   0.040,   1.328,9999.000,9999.000,9999.000,9999.000,9999.000,9999.000,9999.000
202602200018,  -0.012,   1.259,9999.000,9999.000,9999.000,9999.000,9999.000,9999.000,9999.000
202602200024,  -0.061,   1.170,9999.000,9999.000,9999.000,9999.000,9999.000,9999.000,9999.000
202602200030,  -0.106,   1.088,9999.000,9999.000,9999.000,9999.000,9999.000,9999.000,9999.000
202602200036,  -0.146,   1.039,9999.000,9999.000,9999.000,9999.000,9999.000,9999.000,9999.000
202602200042,  -0.181,   0.970,9999.000,9999.000,9999.000,9999.000,9999.000,9999.000,9999.000
202602200048,  -0.211,   0.908,9999.000,9999.000,9999.000,9999.000,9999.000,9999.000,9999.000
202602200054,  -0.235,   0.849,9999.000,9999.000,9999.000,9999.000,9999.000,9999.000,9999.000
202602200100,  -0.252,   0.810,   1.000,   0.062,   0.810,   0.900,   0.710,   1.100,   0.910
202602200106,  -0.262,   0.770,9999.000,9999.000,9999.000,9999.000,9999.000,9999.000,9999.000
202602200112,  -0.264,   0.731,9999.000,9999.000,9999.000,9999.000,9999.000,9999.000,9999.000
202602200118,  -0.257,   0.708,9999.000,9999.000,9999.000,9999.000,9999.000,9999.000,9999.000
202602200124,  -0.241,   0.698,9999.000,9999.000,9999.000,9999.000,9999.000,9999.000,9999.000
202602200130,  -0.214,   0.688,9999.000,9999.000,9999.000,9999.000,9999.000,9999.000,9999.000
202602200136,  -0.177,   0.708,9999.000,9999.000,9999.000,9999.000,9999.000,9999.000,9999.000
202602200142,  -0.129,   0.751,9999.000,9999.000,9999.000,9999.000,9999.000,9999.000,9999.000
202602200148,  -0.068,   0.839,9999.000,9999.000,9999.000,9999.000,9999.000,9999.000,9999.000
202602200154,   0.003,   0.980,9999.000,9999.000,9999.000,9999.000,9999.000,9999.000,9999.000
202602200200,   0.089,   1.151,   1.000,   0.062,   1.151,   0.900,   1.051,   1.100,   1.251
202602200206,   0.186,   1.380,9999.000,9999.000,9999.000,9999.000,9999.000,9999.000,9999.000
202602200212,   0.297,   1.610,9999.000,9999.000,9999.000,9999.000,9999.000,9999.000,9999.000
202602200218,   0.419,   1.840,9999.000,9999.000,9999.000,9999.000,9999.000,9999.000,9999.000
202602200224,   0.554,   2.059,9999.000,9999.000,9999.000,9999.000,9999.000,9999.000,9999.000
202602200230,   0.700,   2.259,9999.000,9999.000,9999.000,9999.000,9999.000,9999.000,9999.000
202602200236,   0.856,   2.450,9999.000,9999.000,9999.000,9999.000,9999.000,9999.000,9999.000
202602200242,   1.022,   2.610,9999.000,9999.000,9999.000,9999.000,9999.000,9999.000,9999.000
202602200248,   1.197,   2.778,9999.000,9999.000,9999.000,9999.000,9999.000,9999.000,9999.000
202602200254,   1.379,   2.938,9999.000,9999.000,9999.000,9999.000,9999.000,9999.000,9999.000
202602200300,   1.566,   3.099,   1.000,   0.533,   3.099,   0.900,   2.999,   1.100,   3.199
202602200306,   1.758,   3.250,9999.000,9999.000,9999.000,9999.000,9999.000,9999.000,9999.000
202602200312,   1.952,   3.417,9999.000,9999.000,9999.000,9999.000,9999.000,9999.000,9999.000
202602200318,   2.147,   3.588,9999.000,9999.000,9999.000,9999.000,9999.000,9999.000,9999.000
202602200324,   2.342,   3.739,9999.000,9999.000,9999.000,9999.000,9999.000,9999.000,9999.000
202602200330,   2.535,   3.890,9999.000,9999.000,9999.000,9999.000,9999.000,9999.000,9999.000
202602200336,   2.724,   4.017,9999.000,9999.000,9999.000,9999.000,9999.000,9999.000,9999.000
202602200342,   2.910,   4.129,9999.000,9999.000,9999.000,9999.000,9999.000,9999.000,9999.000
202602200348,   3.089,   4.290,9999.000,9999.000,9999.000,9999.000,9999.000,9999.000,9999.000
202602200354,   3.263,   4.359,9999.000,9999.000,9999.000,9999.000,9999.000,9999.000,9999.000
202602200400,   3.429,   4.437,   1.000,   0.008,   4.437,   1.000,   4.437,   1.100,   4.537
202602200406,   3.588,   4.637,9999.000,9999.000,9999.000,9999.000,9999.000,9999.000,9999.000
202602200412,   3.739,   4.749,9999.000,9999.000,9999.000,9999.000,9999.000,9999.000,9999.000
202602200418,   3.881,   4.769,9999.000,9999.000,9999.000,9999.000,9999.000,9999.000,9999.000
202602200424,   4.015,   4.949,9999.000,9999.000,9999.000,9999.000,9999.000,9999.000,9999.000
202602200430,   4.141,   5.047,9999.000,9999.000,9999.000,9999.000,9999.000,9999.000,9999.000
202602200436,   4.258,   5.159,9999.000,9999.000,9999.000,9999.000,9999.000,9999.000,9999.000
202602200442,   4.366,   5.257,9999.000,9999.000,9999.000,9999.000,9999.000,9999.000,9999.000
202602200448,   4.467,   5.379,9999.000,9999.000,9999.000,9999.000,9999.000,9999.000,9999.000
202602200454,   4.560,   5.477,9999.000,9999.000,9999.000,9999.000,9999.000,9999.000,9999.000
202602200500,   4.645,   5.549,   1.000,  -0.096,   5.549,   1.000,   5.549,   1.100,   5.649
202602200506,   4.723,   5.628,9999.000,9999.000,9999.000,9999.000,9999.000,9999.000,9999.000
202602200512,   4.794,   5.730,9999.000,9999.000,9999.000,9999.000,9999.000,9999.000,9999.000
202602200518,   4.858,   5.808,9999.000,9999.000,9999.000,9999.000,9999.000,9999.000,9999.000
202602200524,   4.916,   5.848,9999.000,9999.000,9999.000,9999.000,9999.000,9999.000,9999.000
202602200530,   4.967,   5.917,9999.000,9999.000,9999.000,9999.000,9999.000,9999.000,9999.000
202602200536,   5.012,   5.999,9999.000,9999.000,9999.000,9999.000,9999.000,9999.000,9999.000
202602200542,   5.050,9999.000,9999.000,9999.000,9999.000,9999.000,9999.000,9999.000,9999.000
202602200548,   5.083,9999.000,9999.000,9999.000,9999.000,9999.000,9999.000,9999.000,9999.000
202602200554,   5.110,9999.000,9999.000,9999.000,9999.000,9999.000,9999.000,9999.000,9999.000
202602200600,   5.131,9999.000,   1.100,  -0.067,   6.164,   1.000,   6.064,   1.200,   6.264
202602200606,   5.146,9999.000,9999.000,9999.000,9999.000,9999.000,9999.000,9999.000,9999.000
202602200612,   5.155,9999.000,9999.000,9999.000,9999.000,9999.000,9999.000,9999.000,9999.000
202602200618,   5.158,9999.000,9999.000,9999.000,9999.000,9999.000,9999.000,9999.000,9999.000
202602200624,   5.156,9999.000,9999.000,9999.000,9999.000,9999.000,9999.000,9999.000,9999.000
202602200630,   5.148,9999.000,9999.000,9999.000,9999.000,9999.000,9999.000,9999.000,9999.000
202602200636,   5.134,9999.000,9999.000,9999.000,9999.000,9999.000,9999.000,9999.000,9999.000
202602200642,   5.115,9999.000,9999.000,9999.000,9999.000,9999.000,9999.000,9999.000,9999.000
202602200648,   5.089,9999.000,9999.000,9999.000,9999.000,9999.000,9999.000,9999.000,9999.000
202602200654,   5.058,9999.000,9999.000,9999.000,9999.000,9999.000,9999.000,9999.000,9999.000
202602200700,   5.022,9999.000,   1.100,  -0.037,   6.085,   1.000,   5.985,   1.200,   6.185
202602200706,   4.979,9999.000,9999.000,9999.000,9999.000,9999.000,9999.000,9999.000,9999.000
202602200712,   4.932,9999.000,9999.000,9999.000,9999.000,9999.000,9999.000,9999.000,9999.000
202602200718,   4.878,9999.000,9999.000,9999.000,9999.000,9999.000,9999.000,9999.000,9999.000
202602200724,   4.820,9999.000,9999.000,9999.000,9999.000,9999.000,9999.000,9999.000,9999.000
202602200730,   4.756,9999.000,9999.000,9999.000,9999.000,9999.000,9999.000,9999.000,9999.000
202602200736,   4.688,9999.000,9999.000,9999.000,9999.000,9999.000,9999.000,9999.000,9999.000
202602200742,   4.614,9999.000,9999.000,9999.000,9999.000,9999.000,9999.000,9999.000,9999.000
202602200748,   4.536,9999.000,9999.000,9999.000,9999.000,9999.000,9999.000,9999.000,9999.000
202602200754,   4.454,9999.000,9999.000,9999.000,9999.000,9999.000,9999.000,9999.000,9999.000
202602200800,   4.367,9999.000,   1.100,  -0.008,   5.459,   1.100,   5.459,   1.200,   5.559
202602200806,   4.276,9999.000,9999.000,9999.000,9999.000,9999.000,9999.000,9999.000,9999.000
202602200812,   4.182,9999.000,9999.000,9999.000,9999.000,9999.000,9999.000,9999.000,9999.000
202602200818,   4.084,9999.000,9999.000,9999.000,9999.000,9999.000,9999.000,9999.000,9999.000
202602200824,   3.983,9999.000,9999.000,9999.000,9999.000,9999.000,9999.000,9999.000,9999.000
202602200830,   3.879,9999.000,9999.000,9999.000,9999.000,9999.000,9999.000,9999.000,9999.000
202602200836,   3.772,9999.000,9999.000,9999.000,9999.000,9999.000,9999.000,9999.000,9999.000
202602200842,   3.663,9999.000,9999.000,9999.000,9999.000,9999.000,9999.000,9999.000,9999.000
202602200848,   3.551,9999.000,9999.000,9999.000,9999.000,9999.000,9999.000,9999.000,9999.000
202602200854,   3.438,9999.000,9999.000,9999.000,9999.000,9999.000,9999.000,9999.000,9999.000
202602200900,   3.322,9999.000,   1.200,   0.022,   4.544,   1.100,   4.444,   1.300,   4.644
202602200906,   3.205,9999.000,9999.000,9999.000,9999.000,9999.000,9999.000,9999.000,9999.000
202602200912,   3.088,9999.000,9999.000,9999.000,9999.000,9999.000,9999.000,9999.000,9999.000
202602200918,   2.969,9999.000,9999.000,9999.000,9999.000,9999.000,9999.000,9999.000,9999.000
202602200924,   2.849,9999.000,9999.000,9999.000,9999.000,9999.000,9999.000,9999.000,9999.000
202602200930,   2.729,9999.000,9999.000,9999.000,9999.000,9999.000,9999.000,9999.000,9999.000
202602200936,   2.609,9999.000,9999.000,9999.000,9999.000,9999.000,9999.000,9999.000,9999.000
202602200942,   2.489,9999.000,9999.000,9999.000,9999.000,9999.000,9999.000,9999.000,9999.000
202602200948,   2.369,9999.000,9999.000,9999.000,9999.000,9999.000,9999.000,9999.000,9999.000
202602200954,   2.250,9999.000,9999.000,9999.000,9999.000,9999.000,9999.000,9999.000,9999.000
202602201000,   2.132,9999.000,   1.200,   0.051,   3.383,   1.100,   3.283,   1.300,   3.483
202602201006,   2.014,9999.000,9999.000,9999.000,9999.000,9999.000,9999.000,9999.000,9999.000
202602201012,   1.899,9999.000,9999.000,9999.000,9999.000,9999.000,9999.000,9999.000,9999.000
202602201018,   1.784,9999.000,9999.000,9999.000,9999.000,9999.000,9999.000,9999.000,9999.000
202602201024,   1.672,9999.000,9999.000,9999.000,9999.000,9999.000,9999.000,9999.000,9999.000
202602201030,   1.561,9999.000,9999.000,9999.000,9999.000,9999.000,9999.000,9999.000,9999.000
202602201036,   1.453,9999.000,9999.000,9999.000,9999.000,9999.000,9999.000,9999.000,9999.000
202602201042,   1.347,9999.000,9999.000,9999.000,9999.000,9999.000,9999.000,9999.000,9999.000
202602201048,   1.244,9999.000,9999.000,9999.000,9999.000,9999.000,9999.000,9999.000,9999.000
202602201054,   1.143,9999.000,9999.000,9999.000,9999.000,9999.000,9999.000,9999.000,9999.000
202602201100,   1.045,9999.000,   1.200,   0.081,   2.326,   1.200,   2.326,   1.300,   2.426
202602201106,   0.950,9999.000,9999.000,9999.000,9999.000,9999.000,9999.000,9999.000,9999.000
202602201112,   0.858,9999.000,9999.000,9999.000,9999.000,9999.000,9999.000,9999.000,9999.000
202602201118,   0.769,9999.000,9999.000,9999.000,9999.000,9999.000,9999.000,9999.000,9999.000
202602201124,   0.683,9999.000,9999.000,9999.000,9999.000,9999.000,9999.000,9999.000,9999.000
202602201130,   0.601,9999.000,9999.000,9999.000,9999.000,9999.000,9999.000,9999.000,9999.000
202602201136,   0.521,9999.000,9999.000,9999.000,9999.000,9999.000,9999.000,9999.000,9999.000
202602201142,   0.444,9999.000,9999.000,9999.000,9999.000,9999.000,9999.000,9999.000,9999.000
202602201148,   0.370,9999.000,9999.000,9999.000,9999.000,9999.000,9999.000,9999.000,9999.000
202602201154,   0.300,9999.000,9999.000,9999.000,9999.000,9999.000,9999.000,9999.000,9999.000
202602201200,   0.232,9999.000,   1.200,   0.110,   1.542,   1.200,   1.542,   1.400,   1.742
202602201206,   0.167,9999.000,9999.000,9999.000,9999.000,9999.000,9999.000,9999.000,9999.000
202602201212,   0.106,9999.000,9999.000,9999.000,9999.000,9999.000,9999.000,9999.000,9999.000
202602201218,   0.047,9999.000,9999.000,9999.000,9999.000,9999.000,9999.000,9999.000,9999.000
202602201224,  -0.008,9999.000,9999.000,9999.000,9999.000,9999.000,9999.000,9999.000,9999.000
202602201230,  -0.060,9999.000,9999.000,9999.000,9999.000,9999.000,9999.000,9999.000,9999.000
202602201236,  -0.109,9999.000,9999.000,9999.000,9999.000,9999.000,9999.000,9999.000,9999.000
202602201242,  -0.155,9999.000,9999.000,9999.000,9999.000,9999.000,9999.000,9999.000,9999.000
202602201248,  -0.197,9999.000,9999.000,9999.000,9999.000,9999.000,9999.000,9999.000,9999.000
202602201254,  -0.234,9999.000,9999.000,9999.000,9999.000,9999.000,9999.000,9999.000,9999.000
202602201300,  -0.267,9999.000,   1.200,   0.140,   1.073,   1.100,   0.973,   1.400,   1.273
202602201306,  -0.295,9999.000,9999.000,9999.000,9999.000,9999.000,9999.000,9999.000,9999.000
202602201312,  -0.318,9999.000,9999.000,9999.000,9999.000,9999.000,9999.000,9999.000,9999.000
202602201318,  -0.334,9999.000,9999.000,9999.000,9999.000,9999.000,9999.000,9999.000,9999.000
202602201324,  -0.344,9999.000,9999.000,9999.000,9999.000,9999.000,9999.000,9999.000,9999.000
202602201330,  -0.347,9999.000,9999.000,9999.000,9999.000,9999.000,9999.000,9999.000,9999.000
202602201336,  -0.341,9999.000,9999.000,9999.000,9999.000,9999.000,9999.000,9999.000,9999.000
202602201342,  -0.327,9999.000,9999.000,9999.000,9999.000,9999.000,9999.000,9999.000,9999.000
202602201348,  -0.304,9999.000,9999.000,9999.000,9999.000,9999.000,9999.000,9999.000,9999.000
202602201354,  -0.271,9999.000,9999.000,9999.000,9999.000,9999.000,9999.000,9999.000,9999.000
202602201400,  -0.227,9999.000,   1.300,   0.169,   1.242,   1.200,   1.142,   1.400,   1.342
202602201406,  -0.172,9999.000,9999.000,9999.000,9999.000,9999.000,9999.000,9999.000,9999.000
202602201412,  -0.105,9999.000,9999.000,9999.000,9999.000,9999.000,9999.000,9999.000,9999.000
202602201418,  -0.027,9999.000,9999.000,9999.000,9999.000,9999.000,9999.000,9999.000,9999.000
202602201424,   0.063,9999.000,9999.000,9999.000,9999.000,9999.000,9999.000,9999.000,9999.000
202602201430,   0.167,9999.000,9999.000,9999.000,9999.000,9999.000,9999.000,9999.000,9999.000
202602201436,   0.282,9999.000,9999.000,9999.000,9999.000,9999.000,9999.000,9999.000,9999.000
202602201442,   0.410,9999.000,9999.000,9999.000,9999.000,9999.000,9999.000,9999.000,9999.000
202602201448,   0.550,9999.000,9999.000,9999.000,9999.000,9999.000,9999.000,9999.000,9999.000
202602201454,   0.700,9999.000,9999.000,9999.000,9999.000,9999.000,9999.000,9999.000,9999.000
202602201500,   0.861,9999.000,   1.300,   0.199,   2.360,   1.200,   2.260,   1.400,   2.460
202602201506,   1.032,9999.000,9999.000,9999.000,9999.000,9999.000,9999.000,9999.000,9999.000
202602201512,   1.210,9999.000,9999.000,9999.000,9999.000,9999.000,9999.000,9999.000,9999.000
202602201518,   1.396,9999.000,9999.000,9999.000,9999.000,9999.000,9999.000,9999.000,9999.000
202602201524,   1.587,9999.000,9999.000,9999.000,9999.000,9999.000,9999.000,9999.000,9999.000
202602201530,   1.781,9999.000,9999.000,9999.000,9999.000,9999.000,9999.000,9999.000,9999.000
202602201536,   1.979,9999.000,9999.000,9999.000,9999.000,9999.000,9999.000,9999.000,9999.000
202602201542,   2.177,9999.000,9999.000,9999.000,9999.000,9999.000,9999.000,9999.000,9999.000
202602201548,   2.374,9999.000,9999.000,9999.000,9999.000,9999.000,9999.000,9999.000,9999.000
202602201554,   2.570,9999.000,9999.000,9999.000,9999.000,9999.000,9999.000,9999.000,9999.000
202602201600,   2.762,9999.000,   1.300,   0.228,   4.290,   1.200,   4.190,   1.400,   4.390
202602201606,   2.949,9999.000,9999.000,9999.000,9999.000,9999.000,9999.000,9999.000,9999.000
202602201612,   3.131,9999.000,9999.000,9999.000,9999.000,9999.000,9999.000,9999.000,9999.000
202602201618,   3.306,9999.000,9999.000,9999.000,9999.000,9999.000,9999.000,9999.000,9999.000
202602201624,   3.474,9999.000,9999.000,9999.000,9999.000,9999.000,9999.000,9999.000,9999.000
202602201630,   3.634,9999.000,9999.000,9999.000,9999.000,9999.000,9999.000,9999.000,9999.000
202602201636,   3.786,9999.000,9999.000,9999.000,9999.000,9999.000,9999.000,9999.000,9999.000
202602201642,   3.929,9999.000,9999.000,9999.000,9999.000,9999.000,9999.000,9999.000,9999.000
202602201648,   4.064,9999.000,9999.000,9999.000,9999.000,9999.000,9999.000,9999.000,9999.000
202602201654,   4.190,9999.000,9999.000,9999.000,9999.000,9999.000,9999.000,9999.000,9999.000
202602201700,   4.307,9999.000,   1.300,   0.257,   5.864,   1.200,   5.764,   1.500,   6.064
202602201706,   4.416,9999.000,9999.000,9999.000,9999.000,9999.000,9999.000,9999.000,9999.000
202602201712,   4.517,9999.000,9999.000,9999.000,9999.000,9999.000,9999.000,9999.000,9999.000
202602201718,   4.610,9999.000,9999.000,9999.000,9999.000,9999.000,9999.000,9999.000,9999.000
202602201724,   4.695,9999.000,9999.000,9999.000,9999.000,9999.000,9999.000,9999.000,9999.000
202602201730,   4.772,9999.000,9999.000,9999.000,9999.000,9999.000,9999.000,9999.000,9999.000
202602201736,   4.843,9999.000,9999.000,9999.000,9999.000,9999.000,9999.000,9999.000,9999.000
202602201742,   4.906,9999.000,9999.000,9999.000,9999.000,9999.000,9999.000,9999.000,9999.000
202602201748,   4.963,9999.000,9999.000,9999.000,9999.000,9999.000,9999.000,9999.000,9999.000
202602201754,   5.013,9999.000,9999.000,9999.000,9999.000,9999.000,9999.000,9999.000,9999.000
202602201800,   5.057,9999.000,   1.400,   0.257,   6.714,   1.200,   6.514,   1.500,   6.814
202602201806,   5.095,9999.000,9999.000,9999.000,9999.000,9999.000,9999.000,9999.000,9999.000
202602201812,   5.126,9999.000,9999.000,9999.000,9999.000,9999.000,9999.000,9999.000,9999.000
202602201818,   5.152,9999.000,9999.000,9999.000,9999.000,9999.000,9999.000,9999.000,9999.000
202602201824,   5.172,9999.000,9999.000,9999.000,9999.000,9999.000,9999.000,9999.000,9999.000
202602201830,   5.186,9999.000,9999.000,9999.000,9999.000,9999.000,9999.000,9999.000,9999.000
202602201836,   5.194,9999.000,9999.000,9999.000,9999.000,9999.000,9999.000,9999.000,9999.000
202602201842,   5.197,9999.000,9999.000,9999.000,9999.000,9999.000,9999.000,9999.000,9999.000
202602201848,   5.194,9999.000,9999.000,9999.000,9999.000,9999.000,9999.000,9999.000,9999.000
202602201854,   5.185,9999.000,9999.000,9999.000,9999.000,9999.000,9999.000,9999.000,9999.000
202602201900,   5.170,9999.000,   1.400,   0.257,   6.827,   1.300,   6.727,   1.500,   6.927
202602201906,   5.150,9999.000,9999.000,9999.000,9999.000,9999.000,9999.000,9999.000,9999.000
202602201912,   5.124,9999.000,9999.000,9999.000,9999.000,9999.000,9999.000,9999.000,9999.000
202602201918,   5.092,9999.000,9999.000,9999.000,9999.000,9999.000,9999.000,9999.000,9999.000
202602201924,   5.055,9999.000,9999.000,9999.000,9999.000,9999.000,9999.000,9999.000,9999.000
202602201930,   5.012,9999.000,9999.000,9999.000,9999.000,9999.000,9999.000,9999.000,9999.000
202602201936,   4.964,9999.000,9999.000,9999.000,9999.000,9999.000,9999.000,9999.000,9999.000
202602201942,   4.910,9999.000,9999.000,9999.000,9999.000,9999.000,9999.000,9999.000,9999.000
202602201948,   4.851,9999.000,9999.000,9999.000,9999.000,9999.000,9999.000,9999.000,9999.000
202602201954,   4.787,9999.000,9999.000,9999.000,9999.000,9999.000,9999.000,9999.000,9999.000
202602202000,   4.718,9999.000,   1.400,   0.257,   6.375,   1.300,   6.275,   1.500,   6.475
202602202006,   4.644,9999.000,9999.000,9999.000,9999.000,9999.000,9999.000,9999.000,9999.000
202602202012,   4.566,9999.000,9999.000,9999.000,9999.000,9999.000,9999.000,9999.000,9999.000
202602202018,   4.483,9999.000,9999.000,9999.000,9999.000,9999.000,9999.000,9999.000,9999.000
202602202024,   4.396,9999.000,9999.000,9999.000,9999.000,9999.000,9999.000,9999.000,9999.000
202602202030,   4.305,9999.000,9999.000,9999.000,9999.000,9999.000,9999.000,9999.000,9999.000
202602202036,   4.210,9999.000,9999.000,9999.000,9999.000,9999.000,9999.000,9999.000,9999.000
202602202042,   4.112,9999.000,9999.000,9999.000,9999.000,9999.000,9999.000,9999.000,9999.000
202602202048,   4.010,9999.000,9999.000,9999.000,9999.000,9999.000,9999.000,9999.000,9999.000
202602202054,   3.906,9999.000,9999.000,9999.000,9999.000,9999.000,9999.000,9999.000,9999.000
202602202100,   3.799,9999.000,   1.400,   0.257,   5.456,   1.300,   5.356,   1.500,   5.556
202602202106,   3.689,9999.000,9999.000,9999.000,9999.000,9999.000,9999.000,9999.000,9999.000
202602202112,   3.577,9999.000,9999.000,9999.000,9999.000,9999.000,9999.000,9999.000,9999.000
202602202118,   3.463,9999.000,9999.000,9999.000,9999.000,9999.000,9999.000,9999.000,9999.000
202602202124,   3.347,9999.000,9999.000,9999.000,9999.000,9999.000,9999.000,9999.000,9999.000
202602202130,   3.230,9999.000,9999.000,9999.000,9999.000,9999.000,9999.000,9999.000,9999.000
202602202136,   3.111,9999.000,9999.000,9999.000,9999.000,9999.000,9999.000,9999.000,9999.000
202602202142,   2.992,9999.000,9999.000,9999.000,9999.000,9999.000,9999.000,9999.000,9999.000
202602202148,   2.872,9999.000,9999.000,9999.000,9999.000,9999.000,9999.000,9999.000,9999.000
202602202154,   2.751,9999.000,9999.000,9999.000,9999.000,9999.000,9999.000,9999.000,9999.000
202602202200,   2.631,9999.000,   1.400,   0.257,   4.288,   1.300,   4.188,   1.500,   4.388
202602202206,   2.510,9999.000,9999.000,9999.000,9999.000,9999.000,9999.000,9999.000,9999.000
202602202212,   2.390,9999.000,9999.000,9999.000,9999.000,9999.000,9999.000,9999.000,9999.000
202602202218,   2.271,9999.000,9999.000,9999.000,9999.000,9999.000,9999.000,9999.000,9999.000
202602202224,   2.152,9999.000,9999.000,9999.000,9999.000,9999.000,9999.000,9999.000,9999.000
202602202230,   2.035,9999.000,9999.000,9999.000,9999.000,9999.000,9999.000,9999.000,9999.000
202602202236,   1.919,9999.000,9999.000,9999.000,9999.000,9999.000,9999.000,9999.000,9999.000
202602202242,   1.804,9999.000,9999.000,9999.000,9999.000,9999.000,9999.000,9999.000,9999.000
202602202248,   1.692,9999.000,9999.000,9999.000,9999.000,9999.000,9999.000,9999.000,9999.000
202602202254,   1.581,9999.000,9999.000,9999.000,9999.000,9999.000,9999.000,9999.000,9999.000
202602202300,   1.473,9999.000,   1.300,   0.257,   3.030,   1.200,   2.930,   1.400,   3.130
202602202306,   1.368,9999.000,9999.000,9999.000,9999.000,9999.000,9999.000,9999.000,9999.000
202602202312,   1.265,9999.000,9999.000,9999.000,9999.000,9999.000,9999.000,9999.000,9999.000
202602202318,   1.165,9999.000,9999.000,9999.000,9999.000,9999.000,9999.000,9999.000,9999.000
202602202324,   1.068,9999.000,9999.000,9999.000,9999.000,9999.000,9999.000,9999.000,9999.000
202602202330,   0.974,9999.000,9999.000,9999.000,9999.000,9999.000,9999.000,9999.000,9999.000
202602202336,   0.883,9999.000,9999.000,9999.000,9999.000,9999.000,9999.000,9999.000,9999.000
202602202342,   0.796,9999.000,9999.000,9999.000,9999.000,9999.000,9999.000,9999.000,9999.000
202602202348,   0.712,9999.000,9999.000,9999.000,9999.000,9999.000,9999.000,9999.000,9999.000
202602202354,   0.631,9999.000,9999.000,9999.000,9999.000,9999.000,9999.000,9999.000,9999.000
202602210000,   0.554,9999.000,   1.300,   0.257,   2.111,   1.200,   2.011,   1.300,   2.111
202602210006,   0.480,9999.000,9999.000,9999.000,9999.000,9999.000,9999.000,9999.000,9999.000
202602210012,   0.409,9999.000,9999.000,9999.000,9999.000,9999.000,9999.000,9999.000,9999.000
202602210018,   0.341,9999.000,9999.000,9999.000,9999.000,9999.000,9999.000,9999.000,9999.000
202602210024,   0.277,9999.000,9999.000,9999.000,9999.000,9999.000,9999.000,9999.000,9999.000
202602210030,   0.217,9999.000,9999.000,9999.000,9999.000,9999.000,9999.000,9999.000,9999.000
202602210036,   0.159,9999.000,9999.000,9999.000,9999.000,9999.000,9999.000,9999.000,9999.000
202602210042,   0.105,9999.000,9999.000,9999.000,9999.000,9999.000,9999.000,9999.000,9999.000
202602210048,   0.054,9999.000,9999.000,9999.000,9999.000,9999.000,9999.000,9999.000,9999.000
202602210054,   0.006,9999.000,9999.000,9999.000,9999.000,9999.000,9999.000,9999.000,9999.000
202602210100,  -0.037,9999.000,   1.200,   0.257,   1.420,   1.200,   1.420,   1.300,   1.520
202602210106,  -0.077,9999.000,9999.000,9999.000,9999.000,9999.000,9999.000,9999.000,9999.000
202602210112,  -0.113,9999.000,9999.000,9999.000,9999.000,9999.000,9999.000,9999.000,9999.000
202602210118,  -0.144,9999.000,9999.000,9999.000,9999.000,9999.000,9999.000,9999.000,9999.000
202602210124,  -0.171,9999.000,9999.000,9999.000,9999.000,9999.000,9999.000,9999.000,9999.000
202602210130,  -0.193,9999.000,9999.000,9999.000,9999.000,9999.000,9999.000,9999.000,9999.000
202602210136,  -0.210,9999.000,9999.000,9999.000,9999.000,9999.000,9999.000,9999.000,9999.000
202602210142,  -0.220,9999.000,9999.000,9999.000,9999.000,9999.000,9999.000,9999.000,9999.000
202602210148,  -0.223,9999.000,9999.000,9999.000,9999.000,9999.000,9999.000,9999.000,9999.000
202602210154,  -0.219,9999.000,9999.000,9999.000,9999.000,9999.000,9999.000,9999.000,9999.000
202602210200,  -0.207,9999.000,   1.200,   0.257,   1.250,   1.100,   1.150,   1.300,   1.350
202602210206,  -0.187,9999.000,9999.000,9999.000,9999.000,9999.000,9999.000,9999.000,9999.000
202602210212,  -0.157,9999.000,9999.000,9999.000,9999.000,9999.000,9999.000,9999.000,9999.000
202602210218,  -0.118,9999.000,9999.000,9999.000,9999.000,9999.000,9999.000,9999.000,9999.000
202602210224,  -0.068,9999.000,9999.000,9999.000,9999.000,9999.000,9999.000,9999.000,9999.000
202602210230,  -0.006,9999.000,9999.000,9999.000,9999.000,9999.000,9999.000,9999.000,9999.000
202602210236,   0.065,9999.000,9999.000,9999.000,9999.000,9999.000,9999.000,9999.000,9999.000
202602210242,   0.150,9999.000,9999.000,9999.000,9999.000,9999.000,9999.000,9999.000,9999.000
202602210248,   0.246,9999.000,9999.000,9999.000,9999.000,9999.000,9999.000,9999.000,9999.000
202602210254,   0.355,9999.000,9999.000,9999.000,9999.000,9999.000,9999.000,9999.000,9999.000
202602210300,   0.476,9999.000,   1.200,   0.257,   1.933,   1.100,   1.833,   1.300,   2.033
202602210306,   0.609,9999.000,9999.000,9999.000,9999.000,9999.000,9999.000,9999.000,9999.000
202602210312,   0.753,9999.000,9999.000,9999.000,9999.000,9999.000,9999.000,9999.000,9999.000
202602210318,   0.908,9999.000,9999.000,9999.000,9999.000,9999.000,9999.000,9999.000,9999.000
202602210324,   1.073,9999.000,9999.000,9999.000,9999.000,9999.000,9999.000,9999.000,9999.000
202602210330,   1.247,9999.000,9999.000,9999.000,9999.000,9999.000,9999.000,9999.000,9999.000
202602210336,   1.429,9999.000,9999.000,9999.000,9999.000,9999.000,9999.000,9999.000,9999.000
202602210342,   1.617,9999.000,9999.000,9999.000,9999.000,9999.000,9999.000,9999.000,9999.000
202602210348,   1.810,9999.000,9999.000,9999.000,9999.000,9999.000,9999.000,9999.000,9999.000
202602210354,   2.007,9999.000,9999.000,9999.000,9999.000,9999.000,9999.000,9999.000,9999.000
202602210400,   2.206,9999.000,   1.100,   0.257,   3.563,   1.000,   3.463,   1.200,   3.663
202602210406,   2.405,9999.000,9999.000,9999.000,9999.000,9999.000,9999.000,9999.000,9999.000
202602210412,   2.604,9999.000,9999.000,9999.000,9999.000,9999.000,9999.000,9999.000,9999.000
202602210418,   2.799,9999.000,9999.000,9999.000,9999.000,9999.000,9999.000,9999.000,9999.000
202602210424,   2.991,9999.000,9999.000,9999.000,9999.000,9999.000,9999.000,9999.000,9999.000
202602210430,   3.178,9999.000,9999.000,9999.000,9999.000,9999.000,9999.000,9999.000,9999.000
202602210436,   3.358,9999.000,9999.000,9999.000,9999.000,9999.000,9999.000,9999.000,9999.000
202602210442,   3.532,9999.000,9999.000,9999.000,9999.000,9999.000,9999.000,9999.000,9999.000
202602210448,   3.698,9999.000,9999.000,9999.000,9999.000,9999.000,9999.000,9999.000,9999.000
202602210454,   3.855,9999.000,9999.000,9999.000,9999.000,9999.000,9999.000,9999.000,9999.000
202602210500,   4.004,9999.000,   1.100,   0.257,   5.361,   0.900,   5.161,   1.200,   5.461
202602210506,   4.144,9999.000,9999.000,9999.000,9999.000,9999.000,9999.000,9999.000,9999.000
202602210512,   4.275,9999.000,9999.000,9999.000,9999.000,9999.000,9999.000,9999.000,9999.000
202602210518,   4.397,9999.000,9999.000,9999.000,9999.000,9999.000,9999.000,9999.000,9999.000
202602210524,   4.511,9999.000,9999.000,9999.000,9999.000,9999.000,9999.000,9999.000,9999.000
202602210530,   4.615,9999.000,9999.000,9999.000,9999.000,9999.000,9999.000,9999.000,9999.000
202602210536,   4.711,9999.000,9999.000,9999.000,9999.000,9999.000,9999.000,9999.000,9999.000
202602210542,   4.798,9999.000,9999.000,9999.000,9999.000,9999.000,9999.000,9999.000,9999.000
202602210548,   4.878,9999.000,9999.000,9999.000,9999.000,9999.000,9999.000,9999.000,9999.000
202602210554,   4.950,9999.000,9999.000,9999.000,9999.000,9999.000,9999.000,9999.000,9999.000
202602210600,   5.014,9999.000,   1.000,   0.257,   6.271,   0.800,   6.071,   1.100,   6.371
202602210606,   5.072,9999.000,9999.000,9999.000,9999.000,9999.000,9999.000,9999.000,9999.000
202602210612,   5.122,9999.000,9999.000,9999.000,9999.000,9999.000,9999.000,9999.000,9999.000
202602210618,   5.166,9999.000,9999.000,9999.000,9999.000,9999.000,9999.000,9999.000,9999.000
202602210624,   5.204,9999.000,9999.000,9999.000,9999.000,9999.000,9999.000,9999.000,9999.000
202602210630,   5.235,9999.000,9999.000,9999.000,9999.000,9999.000,9999.000,9999.000,9999.000
202602210636,   5.261,9999.000,9999.000,9999.000,9999.000,9999.000,9999.000,9999.000,9999.000
202602210642,   5.280,9999.000,9999.000,9999.000,9999.000,9999.000,9999.000,9999.000,9999.000
202602210648,   5.294,9999.000,9999.000,9999.000,9999.000,9999.000,9999.000,9999.000,9999.000
202602210654,   5.301,9999.000,9999.000,9999.000,9999.000,9999.000,9999.000,9999.000,9999.000
202602210700,   5.304,9999.000,   0.900,   0.257,   6.461,   0.700,   6.261,   1.100,   6.661
202602210706,   5.300,9999.000,9999.000,9999.000,9999.000,9999.000,9999.000,9999.000,9999.000
202602210712,   5.291,9999.000,9999.000,9999.000,9999.000,9999.000,9999.000,9999.000,9999.000
202602210718,   5.276,9999.000,9999.000,9999.000,9999.000,9999.000,9999.000,9999.000,9999.000
202602210724,   5.256,9999.000,9999.000,9999.000,9999.000,9999.000,9999.000,9999.000,9999.000
202602210730,   5.230,9999.000,9999.000,9999.000,9999.000,9999.000,9999.000,9999.000,9999.000
202602210736,   5.198,9999.000,9999.000,9999.000,9999.000,9999.000,9999.000,9999.000,9999.000
202602210742,   5.162,9999.000,9999.000,9999.000,9999.000,9999.000,9999.000,9999.000,9999.000
202602210748,   5.119,9999.000,9999.000,9999.000,9999.000,9999.000,9999.000,9999.000,9999.000
202602210754,   5.072,9999.000,9999.000,9999.000,9999.000,9999.000,9999.000,9999.000,9999.000
202602210800,   5.019,9999.000,   0.900,   0.257,   6.176,   0.700,   5.976,   1.000,   6.276
202602210806,   4.960,9999.000,9999.000,9999.000,9999.000,9999.000,9999.000,9999.000,9999.000
202602210812,   4.897,9999.000,9999.000,9999.000,9999.000,9999.000,9999.000,9999.000,9999.000
202602210818,   4.829,9999.000,9999.000,9999.000,9999.000,9999.000,9999.000,9999.000,9999.000
202602210824,   4.757,9999.000,9999.000,9999.000,9999.000,9999.000,9999.000,9999.000,9999.000
202602210830,   4.679,9999.000,9999.000,9999.000,9999.000,9999.000,9999.000,9999.000,9999.000
202602210836,   4.597,9999.000,9999.000,9999.000,9999.000,9999.000,9999.000,9999.000,9999.000
202602210842,   4.512,9999.000,9999.000,9999.000,9999.000,9999.000,9999.000,9999.000,9999.000
202602210848,   4.422,9999.000,9999.000,9999.000,9999.000,9999.000,9999.000,9999.000,9999.000
202602210854,   4.328,9999.000,9999.000,9999.000,9999.000,9999.000,9999.000,9999.000,9999.000
202602210900,   4.231,9999.000,   0.800,   0.257,   5.288,   0.600,   5.088,   1.000,   5.488
202602210906,   4.130,9999.000,9999.000,9999.000,9999.000,9999.000,9999.000,9999.000,9999.000
202602210912,   4.027,9999.000,9999.000,9999.000,9999.000,9999.000,9999.000,9999.000,9999.000
202602210918,   3.921,9999.000,9999.000,9999.000,9999.000,9999.000,9999.000,9999.000,9999.000
202602210924,   3.812,9999.000,9999.000,9999.000,9999.000,9999.000,9999.000,9999.000,9999.000
202602210930,   3.701,9999.000,9999.000,9999.000,9999.000,9999.000,9999.000,9999.000,9999.000
202602210936,   3.588,9999.000,9999.000,9999.000,9999.000,9999.000,9999.000,9999.000,9999.000
202602210942,   3.473,9999.000,9999.000,9999.000,9999.000,9999.000,9999.000,9999.000,9999.000
202602210948,   3.357,9999.000,9999.000,9999.000,9999.000,9999.000,9999.000,9999.000,9999.000
202602210954,   3.240,9999.000,9999.000,9999.000,9999.000,9999.000,9999.000,9999.000,9999.000
202602211000,   3.121,9999.000,   0.700,   0.257,   4.078,   0.600,   3.978,   0.900,   4.278
202602211006,   3.002,9999.000,9999.000,9999.000,9999.000,9999.000,9999.000,9999.000,9999.000
202602211012,   2.883,9999.000,9999.000,9999.000,9999.000,9999.000,9999.000,9999.000,9999.000
202602211018,   2.763,9999.000,9999.000,9999.000,9999.000,9999.000,9999.000,9999.000,9999.000
202602211024,   2.643,9999.000,9999.000,9999.000,9999.000,9999.000,9999.000,9999.000,9999.000
202602211030,   2.524,9999.000,9999.000,9999.000,9999.000,9999.000,9999.000,9999.000,9999.000
202602211036,   2.405,9999.000,9999.000,9999.000,9999.000,9999.000,9999.000,9999.000,9999.000
202602211042,   2.287,9999.000,9999.000,9999.000,9999.000,9999.000,9999.000,9999.000,9999.000
202602211048,   2.170,9999.000,9999.000,9999.000,9999.000,9999.000,9999.000,9999.000,9999.000
202602211054,   2.055,9999.000,9999.000,9999.000,9999.000,9999.000,9999.000,9999.000,9999.000
202602211100,   1.941,9999.000,   0.700,   0.257,   2.898,   0.500,   2.698,   0.900,   3.098
202602211106,   1.829,9999.000,9999.000,9999.000,9999.000,9999.000,9999.000,9999.000,9999.000
202602211112,   1.718,9999.000,9999.000,9999.000,9999.000,9999.000,9999.000,9999.000,9999.000
202602211118,   1.610,9999.000,9999.000,9999.000,9999.000,9999.000,9999.000,9999.000,9999.000
202602211124,   1.505,9999.000,9999.000,9999.000,9999.000,9999.000,9999.000,9999.000,9999.000
202602211130,   1.402,9999.000,9999.000,9999.000,9999.000,9999.000,9999.000,9999.000,9999.000
202602211136,   1.301,9999.000,9999.000,9999.000,9999.000,9999.000,9999.000,9999.000,9999.000
202602211142,   1.204,9999.000,9999.000,9999.000,9999.000,9999.000,9999.000,9999.000,9999.000
202602211148,   1.109,9999.000,9999.000,9999.000,9999.000,9999.000,9999.000,9999.000,9999.000
202602211154,   1.018,9999.000,9999.000,9999.000,9999.000,9999.000,9999.000,9999.000,9999.000
202602211200,   0.930,9999.000,   0.700,   0.257,   1.887,   0.500,   1.687,   0.900,   2.087
202602211206,   0.845,9999.000,9999.000,9999.000,9999.000,9999.000,9999.000,9999.000,9999.000
202602211212,   0.763,9999.000,9999.000,9999.000,9999.000,9999.000,9999.000,9999.000,9999.000
202602211218,   0.684,9999.000,9999.000,9999.000,9999.000,9999.000,9999.000,9999.000,9999.000
202602211224,   0.609,9999.000,9999.000,9999.000,9999.000,9999.000,9999.000,9999.000,9999.000
202602211230,   0.537,9999.000,9999.000,9999.000,9999.000,9999.000,9999.000,9999.000,9999.000
202602211236,   0.468,9999.000,9999.000,9999.000,9999.000,9999.000,9999.000,9999.000,9999.000
202602211242,   0.402,9999.000,9999.000,9999.000,9999.000,9999.000,9999.000,9999.000,9999.000
202602211248,   0.339,9999.000,9999.000,9999.000,9999.000,9999.000,9999.000,9999.000,9999.000
202602211254,   0.279,9999.000,9999.000,9999.000,9999.000,9999.000,9999.000,9999.000,9999.000
202602211300,   0.221,9999.000,   0.700,   0.257,   1.178,   0.500,   0.978,   0.900,   1.378
202602211306,   0.167,9999.000,9999.000,9999.000,9999.000,9999.000,9999.000,9999.000,9999.000
202602211312,   0.116,9999.000,9999.000,9999.000,9999.000,9999.000,9999.000,9999.000,9999.000
202602211318,   0.068,9999.000,9999.000,9999.000,9999.000,9999.000,9999.000,9999.000,9999.000
202602211324,   0.023,9999.000,9999.000,9999.000,9999.000,9999.000,9999.000,9999.000,9999.000
202602211330,  -0.018,9999.000,9999.000,9999.000,9999.000,9999.000,9999.000,9999.000,9999.000
202602211336,  -0.056,9999.000,9999.000,9999.000,9999.000,9999.000,9999.000,9999.000,9999.000
202602211342,  -0.091,9999.000,9999.000,9999.000,9999.000,9999.000,9999.000,9999.000,9999.000
202602211348,  -0.121,9999.000,9999.000,9999.000,9999.000,9999.000,9999.000,9999.000,9999.000
202602211354,  -0.147,9999.000,9999.000,9999.000,9999.000,9999.000,9999.000,9999.000,9999.000
202602211400,  -0.168,9999.000,   0.700,   0.257,   0.789,   0.500,   0.589,   0.800,   0.889
202602211406,  -0.183,9999.000,9999.000,9999.000,9999.000,9999.000,9999.000,9999.000,9999.000
202602211412,  -0.192,9999.000,9999.000,9999.000,9999.000,9999.000,9999.000,9999.000,9999.000
202602211418,  -0.195,9999.000,9999.000,9999.000,9999.000,9999.000,9999.000,9999.000,9999.000
202602211424,  -0.190,9999.000,9999.000,9999.000,9999.000,9999.000,9999.000,9999.000,9999.000
202602211430,  -0.178,9999.000,9999.000,9999.000,9999.000,9999.000,9999.000,9999.000,9999.000
202602211436,  -0.156,9999.000,9999.000,9999.000,9999.000,9999.000,9999.000,9999.000,9999.000
202602211442,  -0.126,9999.000,9999.000,9999.000,9999.000,9999.000,9999.000,9999.000,9999.000
202602211448,  -0.085,9999.000,9999.000,9999.000,9999.000,9999.000,9999.000,9999.000,9999.000
202602211454,  -0.035,9999.000,9999.000,9999.000,9999.000,9999.000,9999.000,9999.000,9999.000
202602211500,   0.026,9999.000,   0.700,   0.257,   0.983,   0.500,   0.783,   0.800,   1.083
202602211506,   0.099,9999.000,9999.000,9999.000,9999.000,9999.000,9999.000,9999.000,9999.000
202602211512,   0.184,9999.000,9999.000,9999.000,9999.000,9999.000,9999.000,9999.000,9999.000
202602211518,   0.281,9999.000,9999.000,9999.000,9999.000,9999.000,9999.000,9999.000,9999.000
202602211524,   0.390,9999.000,9999.000,9999.000,9999.000,9999.000,9999.000,9999.000,9999.000
202602211530,   0.510,9999.000,9999.000,9999.000,9999.000,9999.000,9999.000,9999.000,9999.000
202602211536,   0.642,9999.000,9999.000,9999.000,9999.000,9999.000,9999.000,9999.000,9999.000
202602211542,   0.784,9999.000,9999.000,9999.000,9999.000,9999.000,9999.000,9999.000,9999.000
202602211548,   0.937,9999.000,9999.000,9999.000,9999.000,9999.000,9999.000,9999.000,9999.000
202602211554,   1.099,9999.000,9999.000,9999.000,9999.000,9999.000,9999.000,9999.000,9999.000
202602211600,   1.269,9999.000,   0.700,   0.257,   2.226,   0.400,   1.926,   0.800,   2.326
202602211606,   1.446,9999.000,9999.000,9999.000,9999.000,9999.000,9999.000,9999.000,9999.000
202602211612,   1.628,9999.000,9999.000,9999.000,9999.000,9999.000,9999.000,9999.000,9999.000
202602211618,   1.815,9999.000,9999.000,9999.000,9999.000,9999.000,9999.000,9999.000,9999.000
202602211624,   2.004,9999.000,9999.000,9999.000,9999.000,9999.000,9999.000,9999.000,9999.000
202602211630,   2.194,9999.000,9999.000,9999.000,9999.000,9999.000,9999.000,9999.000,9999.000
202602211636,   2.384,9999.000,9999.000,9999.000,9999.000,9999.000,9999.000,9999.000,9999.000
202602211642,   2.572,9999.000,9999.000,9999.000,9999.000,9999.000,9999.000,9999.000,9999.000
202602211648,   2.757,9999.000,9999.000,9999.000,9999.000,9999.000,9999.000,9999.000,9999.000
202602211654,   2.937,9999.000,9999.000,9999.000,9999.000,9999.000,9999.000,9999.000,9999.000
202602211700,   3.112,9999.000,   0.600,   0.257,   3.969,   0.400,   3.769,   0.800,   4.169
202602211706,   3.281,9999.000,9999.000,9999.000,9999.000,9999.000,9999.000,9999.000,9999.000
202602211712,   3.442,9999.000,9999.000,9999.000,9999.000,9999.000,9999.000,9999.000,9999.000
202602211718,   3.596,9999.000,9999.000,9999.000,9999.000,9999.000,9999.000,9999.000,9999.000
202602211724,   3.742,9999.000,9999.000,9999.000,9999.000,9999.000,9999.000,9999.000,9999.000
202602211730,   3.879,9999.000,9999.000,9999.000,9999.000,9999.000,9999.000,9999.000,9999.000
202602211736,   4.007,9999.000,9999.000,9999.000,9999.000,9999.000,9999.000,9999.000,9999.000
202602211742,   4.128,9999.000,9999.000,9999.000,9999.000,9999.000,9999.000,9999.000,9999.000
202602211748,   4.239,9999.000,9999.000,9999.000,9999.000,9999.000,9999.000,9999.000,9999.000
202602211754,   4.343,9999.000,9999.000,9999.000,9999.000,9999.000,9999.000,9999.000,9999.000
202602211800,   4.438,9999.000,   0.600,   0.257,   5.295,   0.300,   4.995,   0.800,   5.495
202602211806,   4.525,9999.000,9999.000,9999.000,9999.000,9999.000,9999.000,9999.000,9999.000
202602211812,   4.605,9999.000,9999.000,9999.000,9999.000,9999.000,9999.000,9999.000,9999.000
202602211818,   4.677,9999.000,9999.000,9999.000,9999.000,9999.000,9999.000,9999.000,9999.000
202602211824,   4.742,9999.000,9999.000,9999.000,9999.000,9999.000,9999.000,9999.000,9999.000
202602211830,   4.801,9999.000,9999.000,9999.000,9999.000,9999.000,9999.000,9999.000,9999.000
202602211836,   4.852,9999.000,9999.000,9999.000,9999.000,9999.000,9999.000,9999.000,9999.000
202602211842,   4.898,9999.000,9999.000,9999.000,9999.000,9999.000,9999.000,9999.000,9999.000
202602211848,   4.937,9999.000,9999.000,9999.000,9999.000,9999.000,9999.000,9999.000,9999.000
202602211854,   4.971,9999.000,9999.000,9999.000,9999.000,9999.000,9999.000,9999.000,9999.000
202602211900,   4.998,9999.000,   0.500,   0.257,   5.755,   0.300,   5.555,   0.800,   6.055
202602211906,   5.020,9999.000,9999.000,9999.000,9999.000,9999.000,9999.000,9999.000,9999.000
202602211912,   5.037,9999.000,9999.000,9999.000,9999.000,9999.000,9999.000,9999.000,9999.000
202602211918,   5.047,9999.000,9999.000,9999.000,9999.000,9999.000,9999.000,9999.000,9999.000
202602211924,   5.053,9999.000,9999.000,9999.000,9999.000,9999.000,9999.000,9999.000,9999.000
202602211930,   5.052,9999.000,9999.000,9999.000,9999.000,9999.000,9999.000,9999.000,9999.000
202602211936,   5.047,9999.000,9999.000,9999.000,9999.000,9999.000,9999.000,9999.000,9999.000
202602211942,   5.035,9999.000,9999.000,9999.000,9999.000,9999.000,9999.000,9999.000,9999.000
202602211948,   5.019,9999.000,9999.000,9999.000,9999.000,9999.000,9999.000,9999.000,9999.000
202602211954,   4.996,9999.000,9999.000,9999.000,9999.000,9999.000,9999.000,9999.000,9999.000
202602212000,   4.969,9999.000,   0.500,   0.257,   5.726,   0.200,   5.426,   0.700,   5.926
202602212006,   4.936,9999.000,9999.000,9999.000,9999.000,9999.000,9999.000,9999.000,9999.000
202602212012,   4.897,9999.000,9999.000,9999.000,9999.000,9999.000,9999.000,9999.000,9999.000
202602212018,   4.853,9999.000,9999.000,9999.000,9999.000,9999.000,9999.000,9999.000,9999.000
202602212024,   4.804,9999.000,9999.000,9999.000,9999.000,9999.000,9999.000,9999.000,9999.000
202602212030,   4.750,9999.000,9999.000,9999.000,9999.000,9999.000,9999.000,9999.000,9999.000
202602212036,   4.690,9999.000,9999.000,9999.000,9999.000,9999.000,9999.000,9999.000,9999.000
202602212042,   4.626,9999.000,9999.000,9999.000,9999.000,9999.000,9999.000,9999.000,9999.000
202602212048,   4.556,9999.000,9999.000,9999.000,9999.000,9999.000,9999.000,9999.000,9999.000
202602212054,   4.482,9999.000,9999.000,9999.000,9999.000,9999.000,9999.000,9999.000,9999.000
202602212100,   4.404,9999.000,   0.500,   0.257,   5.161,   0.300,   4.961,   0.700,   5.361
202602212106,   4.321,9999.000,9999.000,9999.000,9999.000,9999.000,9999.000,9999.000,9999.000
202602212112,   4.234,9999.000,9999.000,9999.000,9999.000,9999.000,9999.000,9999.000,9999.000
202602212118,   4.143,9999.000,9999.000,9999.000,9999.000,9999.000,9999.000,9999.000,9999.000
202602212124,   4.049,9999.000,9999.000,9999.000,9999.000,9999.000,9999.000,9999.000,9999.000
202602212130,   3.951,9999.000,9999.000,9999.000,9999.000,9999.000,9999.000,9999.000,9999.000
202602212136,   3.850,9999.000,9999.000,9999.000,9999.000,9999.000,9999.000,9999.000,9999.000
202602212142,   3.746,9999.000,9999.000,9999.000,9999.000,9999.000,9999.000,9999.000,9999.000
202602212148,   3.639,9999.000,9999.000,9999.000,9999.000,9999.000,9999.000,9999.000,9999.000
202602212154,   3.530,9999.000,9999.000,9999.000,9999.000,9999.000,9999.000,9999.000,9999.000
202602212200,   3.419,9999.000,   0.500,   0.257,   4.176,   0.300,   3.976,   0.700,   4.376
202602212206,   3.305,9999.000,9999.000,9999.000,9999.000,9999.000,9999.000,9999.000,9999.000
202602212212,   3.190,9999.000,9999.000,9999.000,9999.000,9999.000,9999.000,9999.000,9999.000
202602212218,   3.074,9999.000,9999.000,9999.000,9999.000,9999.000,9999.000,9999.000,9999.000
202602212224,   2.957,9999.000,9999.000,9999.000,9999.000,9999.000,9999.000,9999.000,9999.000
202602212230,   2.838,9999.000,9999.000,9999.000,9999.000,9999.000,9999.000,9999.000,9999.000
202602212236,   2.720,9999.000,9999.000,9999.000,9999.000,9999.000,9999.000,9999.000,9999.000
202602212242,   2.600,9999.000,9999.000,9999.000,9999.000,9999.000,9999.000,9999.000,9999.000
202602212248,   2.481,9999.000,9999.000,9999.000,9999.000,9999.000,9999.000,9999.000,9999.000
202602212254,   2.362,9999.000,9999.000,9999.000,9999.000,9999.000,9999.000,9999.000,9999.000
202602212300,   2.244,9999.000,   0.500,   0.257,   3.001,   0.300,   2.801,   0.700,   3.201
202602212306,   2.126,9999.000,9999.000,9999.000,9999.000,9999.000,9999.000,9999.000,9999.000
202602212312,   2.010,9999.000,9999.000,9999.000,9999.000,9999.000,9999.000,9999.000,9999.000
202602212318,   1.895,9999.000,9999.000,9999.000,9999.000,9999.000,9999.000,9999.000,9999.000
202602212324,   1.781,9999.000,9999.000,9999.000,9999.000,9999.000,9999.000,9999.000,9999.000
202602212330,   1.669,9999.000,9999.000,9999.000,9999.000,9999.000,9999.000,9999.000,9999.000
202602212336,   1.560,9999.000,9999.000,9999.000,9999.000,9999.000,9999.000,9999.000,9999.000
202602212342,   1.453,9999.000,9999.000,9999.000,9999.000,9999.000,9999.000,9999.000,9999.000
202602212348,   1.348,9999.000,9999.000,9999.000,9999.000,9999.000,9999.000,9999.000,9999.000
202602212354,   1.246,9999.000,9999.000,9999.000,9999.000,9999.000,9999.000,9999.000,9999.000
202602220000,   1.147,9999.000,   0.500,   0.257,   1.904,   0.300,   1.704,   0.700,   2.104
202602220006,   1.052,9999.000,9999.000,9999.000,9999.000,9999.000,9999.000,9999.000,9999.000
202602220012,   0.960,9999.000,9999.000,9999.000,9999.000,9999.000,9999.000,9999.000,9999.000
202602220018,   0.871,9999.000,9999.000,9999.000,9999.000,9999.000,9999.000,9999.000,9999.000
202602220024,   0.785,9999.000,9999.000,9999.000,9999.000,9999.000,9999.000,9999.000,9999.000
202602220030,   0.704,9999.000,9999.000,9999.000,9999.000,9999.000,9999.000,9999.000,9999.000
202602220036,   0.626,9999.000,9999.000,9999.000,9999.000,9999.000,9999.000,9999.000,9999.000
202602220042,   0.552,9999.000,9999.000,9999.000,9999.000,9999.000,9999.000,9999.000,9999.000
202602220048,   0.481,9999.000,9999.000,9999.000,9999.000,9999.000,9999.000,9999.000,9999.000
202602220054,   0.415,9999.000,9999.000,9999.000,9999.000,9999.000,9999.000,9999.000,9999.000
202602220100,   0.352,9999.000,   0.600,   0.257,   1.209,   0.300,   0.909,   0.800,   1.409
202602220106,   0.292,9999.000,9999.000,9999.000,9999.000,9999.000,9999.000,9999.000,9999.000
202602220112,   0.237,9999.000,9999.000,9999.000,9999.000,9999.000,9999.000,9999.000,9999.000
202602220118,   0.184,9999.000,9999.000,9999.000,9999.000,9999.000,9999.000,9999.000,9999.000
202602220124,   0.136,9999.000,9999.000,9999.000,9999.000,9999.000,9999.000,9999.000,9999.000
202602220130,   0.091,9999.000,9999.000,9999.000,9999.000,9999.000,9999.000,9999.000,9999.000
202602220136,   0.049,9999.000,9999.000,9999.000,9999.000,9999.000,9999.000,9999.000,9999.000
202602220142,   0.011,9999.000,9999.000,9999.000,9999.000,9999.000,9999.000,9999.000,9999.000
202602220148,  -0.022,9999.000,9999.000,9999.000,9999.000,9999.000,9999.000,9999.000,9999.000
202602220154,  -0.052,9999.000,9999.000,9999.000,9999.000,9999.000,9999.000,9999.000,9999.000
202602220200,  -0.078,9999.000,   0.600,   0.257,   0.779,   0.400,   0.579,   0.800,   0.979
202602220206,  -0.100,9999.000,9999.000,9999.000,9999.000,9999.000,9999.000,9999.000,9999.000
202602220212,  -0.118,9999.000,9999.000,9999.000,9999.000,9999.000,9999.000,9999.000,9999.000
202602220218,  -0.130,9999.000,9999.000,9999.000,9999.000,9999.000,9999.000,9999.000,9999.000
202602220224,  -0.137,9999.000,9999.000,9999.000,9999.000,9999.000,9999.000,9999.000,9999.000
202602220230,  -0.138,9999.000,9999.000,9999.000,9999.000,9999.000,9999.000,9999.000,9999.000
202602220236,  -0.133,9999.000,9999.000,9999.000,9999.000,9999.000,9999.000,9999.000,9999.000
202602220242,  -0.121,9999.000,9999.000,9999.000,9999.000,9999.000,9999.000,9999.000,9999.000
202602220248,  -0.101,9999.000,9999.000,9999.000,9999.000,9999.000,9999.000,9999.000,9999.000
202602220254,  -0.073,9999.000,9999.000,9999.000,9999.000,9999.000,9999.000,9999.000,9999.000
202602220300,  -0.037,9999.000,   0.600,   0.257,   0.820,   0.400,   0.620,   0.800,   1.020
202602220306,   0.008,9999.000,9999.000,9999.000,9999.000,9999.000,9999.000,9999.000,9999.000
202602220312,   0.064,9999.000,9999.000,9999.000,9999.000,9999.000,9999.000,9999.000,9999.000
202602220318,   0.131,9999.000,9999.000,9999.000,9999.000,9999.000,9999.000,9999.000,9999.000
202602220324,   0.208,9999.000,9999.000,9999.000,9999.000,9999.000,9999.000,9999.000,9999.000
202602220330,   0.296,9999.000,9999.000,9999.000,9999.000,9999.000,9999.000,9999.000,9999.000
202602220336,   0.396,9999.000,9999.000,9999.000,9999.000,9999.000,9999.000,9999.000,9999.000
202602220342,   0.508,9999.000,9999.000,9999.000,9999.000,9999.000,9999.000,9999.000,9999.000
202602220348,   0.631,9999.000,9999.000,9999.000,9999.000,9999.000,9999.000,9999.000,9999.000
202602220354,   0.766,9999.000,9999.000,9999.000,9999.000,9999.000,9999.000,9999.000,9999.000
202602220400,   0.911,9999.000,   0.700,   0.257,   1.868,   0.500,   1.668,   0.800,   1.968
202602220406,   1.067,9999.000,9999.000,9999.000,9999.000,9999.000,9999.000,9999.000,9999.000
202602220412,   1.232,9999.000,9999.000,9999.000,9999.000,9999.000,9999.000,9999.000,9999.000
202602220418,   1.406,9999.000,9999.000,9999.000,9999.000,9999.000,9999.000,9999.000,9999.000
202602220424,   1.587,9999.000,9999.000,9999.000,9999.000,9999.000,9999.000,9999.000,9999.000
202602220430,   1.775,9999.000,9999.000,9999.000,9999.000,9999.000,9999.000,9999.000,9999.000
202602220436,   1.967,9999.000,9999.000,9999.000,9999.000,9999.000,9999.000,9999.000,9999.000
202602220442,   2.163,9999.000,9999.000,9999.000,9999.000,9999.000,9999.000,9999.000,9999.000
202602220448,   2.360,9999.000,9999.000,9999.000,9999.000,9999.000,9999.000,9999.000,9999.000
202602220454,   2.558,9999.000,9999.000,9999.000,9999.000,9999.000,9999.000,9999.000,9999.000
202602220500,   2.755,9999.000,   0.700,   0.257,   3.712,   0.500,   3.512,   0.900,   3.912
202602220506,   2.948,9999.000,9999.000,9999.000,9999.000,9999.000,9999.000,9999.000,9999.000
202602220512,   3.138,9999.000,9999.000,9999.000,9999.000,9999.000,9999.000,9999.000,9999.000
202602220518,   3.323,9999.000,9999.000,9999.000,9999.000,9999.000,9999.000,9999.000,9999.000
202602220524,   3.501,9999.000,9999.000,9999.000,9999.000,9999.000,9999.000,9999.000,9999.000
202602220530,   3.672,9999.000,9999.000,9999.000,9999.000,9999.000,9999.000,9999.000,9999.000
202602220536,   3.836,9999.000,9999.000,9999.000,9999.000,9999.000,9999.000,9999.000,9999.000
202602220542,   3.991,9999.000,9999.000,9999.000,9999.000,9999.000,9999.000,9999.000,9999.000
202602220548,   4.137,9999.000,9999.000,9999.000,9999.000,9999.000,9999.000,9999.000,9999.000
202602220554,   4.274,9999.000,9999.000,9999.000,9999.000,9999.000,9999.000,9999.000,9999.000
202602220600,   4.403,9999.000,   0.700,   0.257,   5.360,   0.500,   5.160,   0.800,   5.460
202602220606,   4.522,9999.000,9999.000,9999.000,9999.000,9999.000,9999.000,9999.000,9999.000
202602220612,   4.632,9999.000,9999.000,9999.000,9999.000,9999.000,9999.000,9999.000,9999.000
202602220618,   4.733,9999.000,9999.000,9999.000,9999.000,9999.000,9999.000,9999.000,9999.000
202602220624,   4.825,9999.000,9999.000,9999.000,9999.000,9999.000,9999.000,9999.000,9999.000
202602220630,   4.910,9999.000,9999.000,9999.000,9999.000,9999.000,9999.000,9999.000,9999.000
202602220636,   4.986,9999.000,9999.000,9999.000,9999.000,9999.000,9999.000,9999.000,9999.000
202602220642,   5.054,9999.000,9999.000,9999.000,9999.000,9999.000,9999.000,9999.000,9999.000
202602220648,   5.115,9999.000,9999.000,9999.000,9999.000,9999.000,9999.000,9999.000,9999.000
202602220654,   5.169,9999.000,9999.000,9999.000,9999.000,9999.000,9999.000,9999.000,9999.000
202602220700,   5.217,9999.000,   0.700,   0.257,   6.174,   0.500,   5.974,   0.900,   6.374
202602220706,   5.257,9999.000,9999.000,9999.000,9999.000,9999.000,9999.000,9999.000,9999.000
202602220712,   5.291,9999.000,9999.000,9999.000,9999.000,9999.000,9999.000,9999.000,9999.000
202602220718,   5.320,9999.000,9999.000,9999.000,9999.000,9999.000,9999.000,9999.000,9999.000
202602220724,   5.342,9999.000,9999.000,9999.000,9999.000,9999.000,9999.000,9999.000,9999.000
202602220730,   5.358,9999.000,9999.000,9999.000,9999.000,9999.000,9999.000,9999.000,9999.000
202602220736,   5.369,9999.000,9999.000,9999.000,9999.000,9999.000,9999.000,9999.000,9999.000
202602220742,   5.374,9999.000,9999.000,9999.000,9999.000,9999.000,9999.000,9999.000,9999.000
202602220748,   5.374,9999.000,9999.000,9999.000,9999.000,9999.000,9999.000,9999.000,9999.000
202602220754,   5.368,9999.000,9999.000,9999.000,9999.000,9999.000,9999.000,9999.000,9999.000
202602220800,   5.357,9999.000,   0.700,   0.257,   6.314,   0.600,   6.214,   0.900,   6.514
202602220806,   5.340,9999.000,9999.000,9999.000,9999.000,9999.000,9999.000,9999.000,9999.000
202602220812,   5.319,9999.000,9999.000,9999.000,9999.000,9999.000,9999.000,9999.000,9999.000
202602220818,   5.292,9999.000,9999.000,9999.000,9999.000,9999.000,9999.000,9999.000,9999.000
202602220824,   5.259,9999.000,9999.000,9999.000,9999.000,9999.000,9999.000,9999.000,9999.000
202602220830,   5.221,9999.000,9999.000,9999.000,9999.000,9999.000,9999.000,9999.000,9999.000
202602220836,   5.179,9999.000,9999.000,9999.000,9999.000,9999.000,9999.000,9999.000,9999.000
202602220842,   5.131,9999.000,9999.000,9999.000,9999.000,9999.000,9999.000,9999.000,9999.000
202602220848,   5.078,9999.000,9999.000,9999.000,9999.000,9999.000,9999.000,9999.000,9999.000
202602220854,   5.020,9999.000,9999.000,9999.000,9999.000,9999.000,9999.000,9999.000,9999.000
202602220900,   4.957,9999.000,   0.700,   0.257,   5.914,   0.600,   5.814,   0.900,   6.114
202602220906,   4.890,9999.000,9999.000,9999.000,9999.000,9999.000,9999.000,9999.000,9999.000
202602220912,   4.818,9999.000,9999.000,9999.000,9999.000,9999.000,9999.000,9999.000,9999.000
202602220918,   4.742,9999.000,9999.000,9999.000,9999.000,9999.000,9999.000,9999.000,9999.000
202602220924,   4.661,9999.000,9999.000,9999.000,9999.000,9999.000,9999.000,9999.000,9999.000
202602220930,   4.577,9999.000,9999.000,9999.000,9999.000,9999.000,9999.000,9999.000,9999.000
202602220936,   4.488,9999.000,9999.000,9999.000,9999.000,9999.000,9999.000,9999.000,9999.000
202602220942,   4.397,9999.000,9999.000,9999.000,9999.000,9999.000,9999.000,9999.000,9999.000
202602220948,   4.301,9999.000,9999.000,9999.000,9999.000,9999.000,9999.000,9999.000,9999.000
202602220954,   4.203,9999.000,9999.000,9999.000,9999.000,9999.000,9999.000,9999.000,9999.000
202602221000,   4.102,9999.000,   0.800,   0.257,   5.159,   0.600,   4.959,   0.900,   5.259
202602221006,   3.998,9999.000,9999.000,9999.000,9999.000,9999.000,9999.000,9999.000,9999.000
202602221012,   3.892,9999.000,9999.000,9999.000,9999.000,9999.000,9999.000,9999.000,9999.000
202602221018,   3.784,9999.000,9999.000,9999.000,9999.000,9999.000,9999.000,9999.000,9999.000
202602221024,   3.674,9999.000,9999.000,9999.000,9999.000,9999.000,9999.000,9999.000,9999.000
202602221030,   3.562,9999.000,9999.000,9999.000,9999.000,9999.000,9999.000,9999.000,9999.000
202602221036,   3.449,9999.000,9999.000,9999.000,9999.000,9999.000,9999.000,9999.000,9999.000
202602221042,   3.335,9999.000,9999.000,9999.000,9999.000,9999.000,9999.000,9999.000,9999.000
202602221048,   3.220,9999.000,9999.000,9999.000,9999.000,9999.000,9999.000,9999.000,9999.000
202602221054,   3.104,9999.000,9999.000,9999.000,9999.000,9999.000,9999.000,9999.000,9999.000
202602221100,   2.989,9999.000,   0.800,   0.257,   4.046,   0.700,   3.946,   1.000,   4.246
202602221106,   2.873,9999.000,9999.000,9999.000,9999.000,9999.000,9999.000,9999.000,9999.000
202602221112,   2.757,9999.000,9999.000,9999.000,9999.000,9999.000,9999.000,9999.000,9999.000
202602221118,   2.642,9999.000,9999.000,9999.000,9999.000,9999.000,9999.000,9999.000,9999.000
202602221124,   2.527,9999.000,9999.000,9999.000,9999.000,9999.000,9999.000,9999.000,9999.000
202602221130,   2.413,9999.000,9999.000,9999.000,9999.000,9999.000,9999.000,9999.000,9999.000
202602221136,   2.301,9999.000,9999.000,9999.000,9999.000,9999.000,9999.000,9999.000,9999.000
202602221142,   2.190,9999.000,9999.000,9999.000,9999.000,9999.000,9999.000,9999.000,9999.000
202602221148,   2.080,9999.000,9999.000,9999.000,9999.000,9999.000,9999.000,9999.000,9999.000
202602221154,   1.973,9999.000,9999.000,9999.000,9999.000,9999.000,9999.000,9999.000,9999.000
202602221200,   1.867,9999.000,   0.800,   0.257,   2.924,   0.700,   2.824,   1.000,   3.124
202602221206,   1.764,9999.000,9999.000,9999.000,9999.000,9999.000,9999.000,9999.000,9999.000
202602221212,   1.663,9999.000,9999.000,9999.000,9999.000,9999.000,9999.000,9999.000,9999.000
202602221218,   1.564,9999.000,9999.000,9999.000,9999.000,9999.000,9999.000,9999.000,9999.000
202602221224,   1.469,9999.000,9999.000,9999.000,9999.000,9999.000,9999.000,9999.000,9999.000
202602221230,   1.376,9999.000,9999.000,9999.000,9999.000,9999.000,9999.000,9999.000,9999.000
202602221236,   1.286,9999.000,9999.000,9999.000,9999.000,9999.000,9999.000,9999.000,9999.000
202602221242,   1.200,9999.000,9999.000,9999.000,9999.000,9999.000,9999.000,9999.000,9999.000
202602221248,   1.116,9999.000,9999.000,9999.000,9999.000,9999.000,9999.000,9999.000,9999.000
202602221254,   1.035,9999.000,9999.000,9999.000,9999.000,9999.000,9999.000,9999.000,9999.000
202602221300,   0.958,9999.000,   0.900,   0.257,   2.115,   0.800,   2.015,   1.000,   2.215
202602221306,   0.884,9999.000,9999.000,9999.000,9999.000,9999.000,9999.000,9999.000,9999.000
202602221312,   0.813,9999.000,9999.000,9999.000,9999.000,9999.000,9999.000,9999.000,9999.000
202602221318,   0.744,9999.000,9999.000,9999.000,9999.000,9999.000,9999.000,9999.000,9999.000
202602221324,   0.679,9999.000,9999.000,9999.000,9999.000,9999.000,9999.000,9999.000,9999.000
202602221330,   0.617,9999.000,9999.000,9999.000,9999.000,9999.000,9999.000,9999.000,9999.000
202602221336,   0.557,9999.000,9999.000,9999.000,9999.000,9999.000,9999.000,9999.000,9999.000
202602221342,   0.500,9999.000,9999.000,9999.000,9999.000,9999.000,9999.000,9999.000,9999.000
202602221348,   0.446,9999.000,9999.000,9999.000,9999.000,9999.000,9999.000,9999.000,9999.000
202602221354,   0.394,9999.000,9999.000,9999.000,9999.000,9999.000,9999.000,9999.000,9999.000
202602221400,   0.344,9999.000,   0.900,   0.257,   1.501,   0.800,   1.401,   1.000,   1.601
202602221406,   0.298,9999.000,9999.000,9999.000,9999.000,9999.000,9999.000,9999.000,9999.000
202602221412,   0.253,9999.000,9999.000,9999.000,9999.000,9999.000,9999.000,9999.000,9999.000
202602221418,   0.212,9999.000,9999.000,9999.000,9999.000,9999.000,9999.000,9999.000,9999.000
202602221424,   0.173,9999.000,9999.000,9999.000,9999.000,9999.000,9999.000,9999.000,9999.000
202602221430,   0.138,9999.000,9999.000,9999.000,9999.000,9999.000,9999.000,9999.000,9999.000
202602221436,   0.106,9999.000,9999.000,9999.000,9999.000,9999.000,9999.000,9999.000,9999.000
202602221442,   0.078,9999.000,9999.000,9999.000,9999.000,9999.000,9999.000,9999.000,9999.000
202602221448,   0.054,9999.000,9999.000,9999.000,9999.000,9999.000,9999.000,9999.000,9999.000
202602221454,   0.035,9999.000,9999.000,9999.000,9999.000,9999.000,9999.000,9999.000,9999.000
202602221500,   0.021,9999.000,   0.900,   0.257,   1.178,   0.800,   1.078,   1.100,   1.378
202602221506,   0.012,9999.000,9999.000,9999.000,9999.000,9999.000,9999.000,9999.000,9999.000
202602221512,   0.010,9999.000,9999.000,9999.000,9999.000,9999.000,9999.000,9999.000,9999.000
202602221518,   0.015,9999.000,9999.000,9999.000,9999.000,9999.000,9999.000,9999.000,9999.000
202602221524,   0.028,9999.000,9999.000,9999.000,9999.000,9999.000,9999.000,9999.000,9999.000
202602221530,   0.048,9999.000,9999.000,9999.000,9999.000,9999.000,9999.000,9999.000,9999.000
202602221536,   0.078,9999.000,9999.000,9999.000,9999.000,9999.000,9999.000,9999.000,9999.000
202602221542,   0.117,9999.000,9999.000,9999.000,9999.000,9999.000,9999.000,9999.000,9999.000
202602221548,   0.167,9999.000,9999.000,9999.000,9999.000,9999.000,9999.000,9999.000,9999.000
202602221554,   0.227,9999.000,9999.000,9999.000,9999.000,9999.000,9999.000,9999.000,9999.000
202602221600,   0.298,9999.000,   1.000,   0.257,   1.555,   0.800,   1.355,   1.200,   1.755
202602221606,   0.380,9999.000,9999.000,9999.000,9999.000,9999.000,9999.000,9999.000,9999.000
202602221612,   0.473,9999.000,9999.000,9999.000,9999.000,9999.000,9999.000,9999.000,9999.000
202602221618,   0.578,9999.000,9999.000,9999.000,9999.000,9999.000,9999.000,9999.000,9999.000
202602221624,   0.693,9999.000,9999.000,9999.000,9999.000,9999.000,9999.000,9999.000,9999.000
202602221630,   0.820,9999.000,9999.000,9999.000,9999.000,9999.000,9999.000,9999.000,9999.000
202602221636,   0.956,9999.000,9999.000,9999.000,9999.000,9999.000,9999.000,9999.000,9999.000
202602221642,   1.102,9999.000,9999.000,9999.000,9999.000,9999.000,9999.000,9999.000,9999.000
202602221648,   1.256,9999.000,9999.000,9999.000,9999.000,9999.000,9999.000,9999.000,9999.000
202602221654,   1.417,9999.000,9999.000,9999.000,9999.000,9999.000,9999.000,9999.000,9999.000
202602221700,   1.585,9999.000,   1.000,   0.257,   2.842,   0.900,   2.742,   1.200,   3.042
202602221706,   1.757,9999.000,9999.000,9999.000,9999.000,9999.000,9999.000,9999.000,9999.000
202602221712,   1.932,9999.000,9999.000,9999.000,9999.000,9999.000,9999.000,9999.000,9999.000
202602221718,   2.109,9999.000,9999.000,9999.000,9999.000,9999.000,9999.000,9999.000,9999.000
202602221724,   2.287,9999.000,9999.000,9999.000,9999.000,9999.000,9999.000,9999.000,9999.000
202602221730,   2.463,9999.000,9999.000,9999.000,9999.000,9999.000,9999.000,9999.000,9999.000
202602221736,   2.637,9999.000,9999.000,9999.000,9999.000,9999.000,9999.000,9999.000,9999.000
202602221742,   2.807,9999.000,9999.000,9999.000,9999.000,9999.000,9999.000,9999.000,9999.000
202602221748,   2.973,9999.000,9999.000,9999.000,9999.000,9999.000,9999.000,9999.000,9999.000
202602221754,   3.133,9999.000,9999.000,9999.000,9999.000,9999.000,9999.000,9999.000,9999.000
202602221800,   3.286,9999.000,   1.100,   0.257,   4.643,   0.900,   4.443,   1.300,   4.843
202602221806,   3.433,9999.000,9999.000,9999.000,9999.000,9999.000,9999.000,9999.000,9999.000
202602221812,   3.571,9999.000,9999.000,9999.000,9999.000,9999.000,9999.000,9999.000,9999.000
202602221818,   3.702,9999.000,9999.000,9999.000,9999.000,9999.000,9999.000,9999.000,9999.000
202602221824,   3.826,9999.000,9999.000,9999.000,9999.000,9999.000,9999.000,9999.000,9999.000
202602221830,   3.941,9999.000,9999.000,9999.000,9999.000,9999.000,9999.000,9999.000,9999.000
202602221836,   4.048,9999.000,9999.000,9999.000,9999.000,9999.000,9999.000,9999.000,9999.000
202602221842,   4.147,9999.000,9999.000,9999.000,9999.000,9999.000,9999.000,9999.000,9999.000
202602221848,   4.238,9999.000,9999.000,9999.000,9999.000,9999.000,9999.000,9999.000,9999.000
202602221854,   4.322,9999.000,9999.000,9999.000,9999.000,9999.000,9999.000,9999.000,9999.000
202602221900,   4.399,9999.000,   1.200,   0.257,   5.856,   0.900,   5.556,   1.500,   6.156
202602221906,   4.469,9999.000,9999.000,9999.000,9999.000,9999.000,9999.000,9999.000,9999.000
202602221912,   4.533,9999.000,9999.000,9999.000,9999.000,9999.000,9999.000,9999.000,9999.000
202602221918,   4.589,9999.000,9999.000,9999.000,9999.000,9999.000,9999.000,9999.000,9999.000
202602221924,   4.640,9999.000,9999.000,9999.000,9999.000,9999.000,9999.000,9999.000,9999.000
202602221930,   4.685,9999.000,9999.000,9999.000,9999.000,9999.000,9999.000,9999.000,9999.000
202602221936,   4.724,9999.000,9999.000,9999.000,9999.000,9999.000,9999.000,9999.000,9999.000
202602221942,   4.758,9999.000,9999.000,9999.000,9999.000,9999.000,9999.000,9999.000,9999.000
202602221948,   4.786,9999.000,9999.000,9999.000,9999.000,9999.000,9999.000,9999.000,9999.000
202602221954,   4.809,9999.000,9999.000,9999.000,9999.000,9999.000,9999.000,9999.000,9999.000
202602222000,   4.826,9999.000,   1.200,   0.257,   6.283,   1.000,   6.083,   1.600,   6.683
202602222006,   4.839,9999.000,9999.000,9999.000,9999.000,9999.000,9999.000,9999.000,9999.000
202602222012,   4.846,9999.000,9999.000,9999.000,9999.000,9999.000,9999.000,9999.000,9999.000
202602222018,   4.848,9999.000,9999.000,9999.000,9999.000,9999.000,9999.000,9999.000,9999.000
202602222024,   4.845,9999.000,9999.000,9999.000,9999.000,9999.000,9999.000,9999.000,9999.000
202602222030,   4.837,9999.000,9999.000,9999.000,9999.000,9999.000,9999.000,9999.000,9999.000
202602222036,   4.823,9999.000,9999.000,9999.000,9999.000,9999.000,9999.000,9999.000,9999.000
202602222042,   4.805,9999.000,9999.000,9999.000,9999.000,9999.000,9999.000,9999.000,9999.000
202602222048,   4.781,9999.000,9999.000,9999.000,9999.000,9999.000,9999.000,9999.000,9999.000
202602222054,   4.752,9999.000,9999.000,9999.000,9999.000,9999.000,9999.000,9999.000,9999.000
202602222100,   4.718,9999.000,   1.300,   0.257,   6.275,   1.000,   5.975,   1.700,   6.675
202602222106,   4.678,9999.000,9999.000,9999.000,9999.000,9999.000,9999.000,9999.000,9999.000
202602222112,   4.634,9999.000,9999.000,9999.000,9999.000,9999.000,9999.000,9999.000,9999.000
202602222118,   4.584,9999.000,9999.000,9999.000,9999.000,9999.000,9999.000,9999.000,9999.000
202602222124,   4.530,9999.000,9999.000,9999.000,9999.000,9999.000,9999.000,9999.000,9999.000
202602222130,   4.470,9999.000,9999.000,9999.000,9999.000,9999.000,9999.000,9999.000,9999.000
202602222136,   4.406,9999.000,9999.000,9999.000,9999.000,9999.000,9999.000,9999.000,9999.000
202602222142,   4.338,9999.000,9999.000,9999.000,9999.000,9999.000,9999.000,9999.000,9999.000
202602222148,   4.264,9999.000,9999.000,9999.000,9999.000,9999.000,9999.000,9999.000,9999.000
202602222154,   4.187,9999.000,9999.000,9999.000,9999.000,9999.000,9999.000,9999.000,9999.000
202602222200,   4.106,9999.000,   1.300,   0.257,   5.663,   1.000,   5.363,   1.900,   6.263
202602222206,   4.020,9999.000,9999.000,9999.000,9999.000,9999.000,9999.000,9999.000,9999.000
202602222212,   3.931,9999.000,9999.000,9999.000,9999.000,9999.000,9999.000,9999.000,9999.000
202602222218,   3.839,9999.000,9999.000,9999.000,9999.000,9999.000,9999.000,9999.000,9999.000
202602222224,   3.743,9999.000,9999.000,9999.000,9999.000,9999.000,9999.000,9999.000,9999.000
202602222230,   3.645,9999.000,9999.000,9999.000,9999.000,9999.000,9999.000,9999.000,9999.000
202602222236,   3.543,9999.000,9999.000,9999.000,9999.000,9999.000,9999.000,9999.000,9999.000
202602222242,   3.439,9999.000,9999.000,9999.000,9999.000,9999.000,9999.000,9999.000,9999.000
202602222248,   3.333,9999.000,9999.000,9999.000,9999.000,9999.000,9999.000,9999.000,9999.000
202602222254,   3.226,9999.000,9999.000,9999.000,9999.000,9999.000,9999.000,9999.000,9999.000
202602222300,   3.116,9999.000,   1.400,   0.257,   4.773,   1.000,   4.373,   1.900,   5.273
202602222306,   3.005,9999.000,9999.000,9999.000,9999.000,9999.000,9999.000,9999.000,9999.000
202602222312,   2.893,9999.000,9999.000,9999.000,9999.000,9999.000,9999.000,9999.000,9999.000
202602222318,   2.780,9999.000,9999.000,9999.000,9999.000,9999.000,9999.000,9999.000,9999.000
202602222324,   2.666,9999.000,9999.000,9999.000,9999.000,9999.000,9999.000,9999.000,9999.000
202602222330,   2.552,9999.000,9999.000,9999.000,9999.000,9999.000,9999.000,9999.000,9999.000
202602222336,   2.438,9999.000,9999.000,9999.000,9999.000,9999.000,9999.000,9999.000,9999.000
202602222342,   2.324,9999.000,9999.000,9999.000,9999.000,9999.000,9999.000,9999.000,9999.000
202602222348,   2.211,9999.000,9999.000,9999.000,9999.000,9999.000,9999.000,9999.000,9999.000
202602222354,   2.098,9999.000,9999.000,9999.000,9999.000,9999.000,9999.000,9999.000,9999.000
202602230000,   1.987,9999.000,   1.500,   0.257,   3.744,   1.100,   3.344,   2.000,   4.244
202602230006,   1.877,9999.000,9999.000,9999.000,9999.000,9999.000,9999.000,9999.000,9999.000
202602230012,   1.768,9999.000,9999.000,9999.000,9999.000,9999.000,9999.000,9999.000,9999.000
202602230018,   1.662,9999.000,9999.000,9999.000,9999.000,9999.000,9999.000,9999.000,9999.000
202602230024,   1.557,9999.000,9999.000,9999.000,9999.000,9999.000,9999.000,9999.000,9999.000
202602230030,   1.455,9999.000,9999.000,9999.000,9999.000,9999.000,9999.000,9999.000,9999.000
202602230036,   1.355,9999.000,9999.000,9999.000,9999.000,9999.000,9999.000,9999.000,9999.000
202602230042,   1.259,9999.000,9999.000,9999.000,9999.000,9999.000,9999.000,9999.000,9999.000
202602230048,   1.165,9999.000,9999.000,9999.000,9999.000,9999.000,9999.000,9999.000,9999.000
202602230054,   1.075,9999.000,9999.000,9999.000,9999.000,9999.000,9999.000,9999.000,9999.000
202602230100,   0.987,9999.000,   1.600,   0.257,   2.844,   1.100,   2.344,   2.100,   3.344
202602230106,   0.904,9999.000,9999.000,9999.000,9999.000,9999.000,9999.000,9999.000,9999.000
202602230112,   0.824,9999.000,9999.000,9999.000,9999.000,9999.000,9999.000,9999.000,9999.000
202602230118,   0.748,9999.000,9999.000,9999.000,9999.000,9999.000,9999.000,9999.000,9999.000
202602230124,   0.675,9999.000,9999.000,9999.000,9999.000,9999.000,9999.000,9999.000,9999.000
202602230130,   0.606,9999.000,9999.000,9999.000,9999.000,9999.000,9999.000,9999.000,9999.000
202602230136,   0.541,9999.000,9999.000,9999.000,9999.000,9999.000,9999.000,9999.000,9999.000
202602230142,   0.480,9999.000,9999.000,9999.000,9999.000,9999.000,9999.000,9999.000,9999.000
202602230148,   0.423,9999.000,9999.000,9999.000,9999.000,9999.000,9999.000,9999.000,9999.000
202602230154,   0.369,9999.000,9999.000,9999.000,9999.000,9999.000,9999.000,9999.000,9999.000
202602230200,   0.318,9999.000,   1.600,   0.257,   2.175,   1.100,   1.675,   2.200,   2.775
202602230206,   0.272,9999.000,9999.000,9999.000,9999.000,9999.000,9999.000,9999.000,9999.000
202602230212,   0.229,9999.000,9999.000,9999.000,9999.000,9999.000,9999.000,9999.000,9999.000
202602230218,   0.189,9999.000,9999.000,9999.000,9999.000,9999.000,9999.000,9999.000,9999.000
202602230224,   0.153,9999.000,9999.000,9999.000,9999.000,9999.000,9999.000,9999.000,9999.000
202602230230,   0.120,9999.000,9999.000,9999.000,9999.000,9999.000,9999.000,9999.000,9999.000
202602230236,   0.090,9999.000,9999.000,9999.000,9999.000,9999.000,9999.000,9999.000,9999.000
202602230242,   0.064,9999.000,9999.000,9999.000,9999.000,9999.000,9999.000,9999.000,9999.000
202602230248,   0.042,9999.000,9999.000,9999.000,9999.000,9999.000,9999.000,9999.000,9999.000
202602230254,   0.024,9999.000,9999.000,9999.000,9999.000,9999.000,9999.000,9999.000,9999.000
202602230300,   0.010,9999.000,   1.700,   0.257,   1.967,   1.100,   1.367,   2.200,   2.467
202602230306,   0.000,9999.000,9999.000,9999.000,9999.000,9999.000,9999.000,9999.000,9999.000
202602230312,  -0.004,9999.000,9999.000,9999.000,9999.000,9999.000,9999.000,9999.000,9999.000
202602230318,  -0.003,9999.000,9999.000,9999.000,9999.000,9999.000,9999.000,9999.000,9999.000
202602230324,   0.002,9999.000,9999.000,9999.000,9999.000,9999.000,9999.000,9999.000,9999.000
202602230330,   0.015,9999.000,9999.000,9999.000,9999.000,9999.000,9999.000,9999.000,9999.000
202602230336,   0.034,9999.000,9999.000,9999.000,9999.000,9999.000,9999.000,9999.000,9999.000
202602230342,   0.061,9999.000,9999.000,9999.000,9999.000,9999.000,9999.000,9999.000,9999.000
202602230348,   0.096,9999.000,9999.000,9999.000,9999.000,9999.000,9999.000,9999.000,9999.000
202602230354,   0.139,9999.000,9999.000,9999.000,9999.000,9999.000,9999.000,9999.000,9999.000
202602230400,   0.192,9999.000,   1.800,   0.257,   2.249,   1.100,   1.549,   2.400,   2.849
202602230406,   0.254,9999.000,9999.000,9999.000,9999.000,9999.000,9999.000,9999.000,9999.000
202602230412,   0.327,9999.000,9999.000,9999.000,9999.000,9999.000,9999.000,9999.000,9999.000
202602230418,   0.410,9999.000,9999.000,9999.000,9999.000,9999.000,9999.000,9999.000,9999.000
202602230424,   0.504,9999.000,9999.000,9999.000,9999.000,9999.000,9999.000,9999.000,9999.000
202602230430,   0.609,9999.000,9999.000,9999.000,9999.000,9999.000,9999.000,9999.000,9999.000
202602230436,   0.725,9999.000,9999.000,9999.000,9999.000,9999.000,9999.000,9999.000,9999.000
202602230442,   0.852,9999.000,9999.000,9999.000,9999.000,9999.000,9999.000,9999.000,9999.000
202602230448,   0.990,9999.000,9999.000,9999.000,9999.000,9999.000,9999.000,9999.000,9999.000
202602230454,   1.137,9999.000,9999.000,9999.000,9999.000,9999.000,9999.000,9999.000,9999.000
202602230500,   1.294,9999.000,   1.800,   0.257,   3.351,   1.100,   2.651,   2.400,   3.951
202602230506,   1.460,9999.000,9999.000,9999.000,9999.000,9999.000,9999.000,9999.000,9999.000
202602230512,   1.633,9999.000,9999.000,9999.000,9999.000,9999.000,9999.000,9999.000,9999.000
202602230518,   1.812,9999.000,9999.000,9999.000,9999.000,9999.000,9999.000,9999.000,9999.000
202602230524,   1.997,9999.000,9999.000,9999.000,9999.000,9999.000,9999.000,9999.000,9999.000
202602230530,   2.185,9999.000,9999.000,9999.000,9999.000,9999.000,9999.000,9999.000,9999.000
202602230536,   2.375,9999.000,9999.000,9999.000,9999.000,9999.000,9999.000,9999.000,9999.000
202602230542,   2.566,9999.000,9999.000,9999.000,9999.000,9999.000,9999.000,9999.000,9999.000
202602230548,   2.756,9999.000,9999.000,9999.000,9999.000,9999.000,9999.000,9999.000,9999.000
202602230554,   2.944,9999.000,9999.000,9999.000,9999.000,9999.000,9999.000,9999.000,9999.000
202602230600,   3.128,9999.000,   1.800,   0.257,   5.185,   1.200,   4.585,   2.400,   5.785
202602230606,   3.308,9999.000,9999.000,9999.000,9999.000,9999.000,9999.000,9999.000,9999.000
202602230612,   3.482,9999.000,9999.000,9999.000,9999.000,9999.000,9999.000,9999.000,9999.000
202602230618,   3.649,9999.000,9999.000,9999.000,9999.000,9999.000,9999.000,9999.000,9999.000
202602230624,   3.809,9999.000,9999.000,9999.000,9999.000,9999.000,9999.000,9999.000,9999.000
202602230630,   3.961,9999.000,9999.000,9999.000,9999.000,9999.000,9999.000,9999.000,9999.000
202602230636,   4.105,9999.000,9999.000,9999.000,9999.000,9999.000,9999.000,9999.000,9999.000
202602230642,   4.240,9999.000,9999.000,9999.000,9999.000,9999.000,9999.000,9999.000,9999.000
202602230648,   4.366,9999.000,9999.000,9999.000,9999.000,9999.000,9999.000,9999.000,9999.000
202602230654,   4.484,9999.000,9999.000,9999.000,9999.000,9999.000,9999.000,9999.000,9999.000
202602230700,   4.593,9999.000,   1.900,   0.257,   6.750,   1.200,   6.050,   2.500,   7.350
202602230706,   4.693,9999.000,9999.000,9999.000,9999.000,9999.000,9999.000,9999.000,9999.000
202602230712,   4.785,9999.000,9999.000,9999.000,9999.000,9999.000,9999.000,9999.000,9999.000
202602230718,   4.868,9999.000,9999.000,9999.000,9999.000,9999.000,9999.000,9999.000,9999.000
202602230724,   4.944,9999.000,9999.000,9999.000,9999.000,9999.000,9999.000,9999.000,9999.000
202602230730,   5.013,9999.000,9999.000,9999.000,9999.000,9999.000,9999.000,9999.000,9999.000
202602230736,   5.074,9999.000,9999.000,9999.000,9999.000,9999.000,9999.000,9999.000,9999.000
202602230742,   5.129,9999.000,9999.000,9999.000,9999.000,9999.000,9999.000,9999.000,9999.000
202602230748,   5.177,9999.000,9999.000,9999.000,9999.000,9999.000,9999.000,9999.000,9999.000
202602230754,   5.218,9999.000,9999.000,9999.000,9999.000,9999.000,9999.000,9999.000,9999.000
202602230800,   5.254,9999.000,   1.900,   0.257,   7.411,   1.300,   6.811,   2.500,   8.011
202602230806,   5.284,9999.000,9999.000,9999.000,9999.000,9999.000,9999.000,9999.000,9999.000
202602230812,   5.308,9999.000,9999.000,9999.000,9999.000,9999.000,9999.000,9999.000,9999.000
202602230818,   5.327,9999.000,9999.000,9999.000,9999.000,9999.000,9999.000,9999.000,9999.000
202602230824,   5.340,9999.000,9999.000,9999.000,9999.000,9999.000,9999.000,9999.000,9999.000
202602230830,   5.348,9999.000,9999.000,9999.000,9999.000,9999.000,9999.000,9999.000,9999.000
202602230836,   5.351,9999.000,9999.000,9999.000,9999.000,9999.000,9999.000,9999.000,9999.000
202602230842,   5.349,9999.000,9999.000,9999.000,9999.000,9999.000,9999.000,9999.000,9999.000
202602230848,   5.342,9999.000,9999.000,9999.000,9999.000,9999.000,9999.000,9999.000,9999.000
202602230854,   5.329,9999.000,9999.000,9999.000,9999.000,9999.000,9999.000,9999.000,9999.000
202602230900,   5.312,9999.000,   1.900,   0.257,   7.469,   1.300,   6.869,   2.600,   8.169
202602230906,   5.289,9999.000,9999.000,9999.000,9999.000,9999.000,9999.000,9999.000,9999.000
202602230912,   5.262,9999.000,9999.000,9999.000,9999.000,9999.000,9999.000,9999.000,9999.000
202602230918,   5.229,9999.000,9999.000,9999.000,9999.000,9999.000,9999.000,9999.000,9999.000
202602230924,   5.192,9999.000,9999.000,9999.000,9999.000,9999.000,9999.000,9999.000,9999.000
202602230930,   5.150,9999.000,9999.000,9999.000,9999.000,9999.000,9999.000,9999.000,9999.000
202602230936,   5.103,9999.000,9999.000,9999.000,9999.000,9999.000,9999.000,9999.000,9999.000
202602230942,   5.051,9999.000,9999.000,9999.000,9999.000,9999.000,9999.000,9999.000,9999.000
202602230948,   4.995,9999.000,9999.000,9999.000,9999.000,9999.000,9999.000,9999.000,9999.000
202602230954,   4.934,9999.000,9999.000,9999.000,9999.000,9999.000,9999.000,9999.000,9999.000
202602231000,   4.869,9999.000,   1.900,   0.257,   7.026,   1.300,   6.426,   2.600,   7.726
202602231006,   4.799,9999.000,9999.000,9999.000,9999.000,9999.000,9999.000,9999.000,9999.000
202602231012,   4.726,9999.000,9999.000,9999.000,9999.000,9999.000,9999.000,9999.000,9999.000
202602231018,   4.649,9999.000,9999.000,9999.000,9999.000,9999.000,9999.000,9999.000,9999.000
202602231024,   4.567,9999.000,9999.000,9999.000,9999.000,9999.000,9999.000,9999.000,9999.000
202602231030,   4.483,9999.000,9999.000,9999.000,9999.000,9999.000,9999.000,9999.000,9999.000
202602231036,   4.395,9999.000,9999.000,9999.000,9999.000,9999.000,9999.000,9999.000,9999.000
202602231042,   4.304,9999.000,9999.000,9999.000,9999.000,9999.000,9999.000,9999.000,9999.000
202602231048,   4.211,9999.000,9999.000,9999.000,9999.000,9999.000,9999.000,9999.000,9999.000
202602231054,   4.115,9999.000,9999.000,9999.000,9999.000,9999.000,9999.000,9999.000,9999.000
202602231100,   4.016,9999.000,   2.000,   0.257,   6.273,   1.300,   5.573,   2.600,   6.873
202602231106,   3.915,9999.000,9999.000,9999.000,9999.000,9999.000,9999.000,9999.000,9999.000
202602231112,   3.813,9999.000,9999.000,9999.000,9999.000,9999.000,9999.000,9999.000,9999.000
202602231118,   3.709,9999.000,9999.000,9999.000,9999.000,9999.000,9999.000,9999.000,9999.000
202602231124,   3.604,9999.000,9999.000,9999.000,9999.000,9999.000,9999.000,9999.000,9999.000
202602231130,   3.497,9999.000,9999.000,9999.000,9999.000,9999.000,9999.000,9999.000,9999.000
202602231136,   3.390,9999.000,9999.000,9999.000,9999.000,9999.000,9999.000,9999.000,9999.000
202602231142,   3.282,9999.000,9999.000,9999.000,9999.000,9999.000,9999.000,9999.000,9999.000
202602231148,   3.174,9999.000,9999.000,9999.000,9999.000,9999.000,9999.000,9999.000,9999.000
202602231154,   3.066,9999.000,9999.000,9999.000,9999.000,9999.000,9999.000,9999.000,9999.000
202602231200,   2.958,9999.000,   2.000,   0.257,   5.215,   1.300,   4.515,   2.600,   5.815
202602231206,   2.850,9999.000,9999.000,9999.000,9999.000,9999.000,9999.000,9999.000,9999.000
202602231212,   2.743,9999.000,9999.000,9999.000,9999.000,9999.000,9999.000,9999.000,9999.000
202602231218,   2.637,9999.000,9999.000,9999.000,9999.000,9999.000,9999.000,9999.000,9999.000
202602231224,   2.531,9999.000,9999.000,9999.000,9999.000,9999.000,9999.000,9999.000,9999.000
202602231230,   2.427,9999.000,9999.000,9999.000,9999.000,9999.000,9999.000,9999.000,9999.000
202602231236,   2.325,9999.000,9999.000,9999.000,9999.000,9999.000,9999.000,9999.000,9999.000
202602231242,   2.224,9999.000,9999.000,9999.000,9999.000,9999.000,9999.000,9999.000,9999.000
202602231248,   2.125,9999.000,9999.000,9999.000,9999.000,9999.000,9999.000,9999.000,9999.000
202602231254,   2.028,9999.000,9999.000,9999.000,9999.000,9999.000,9999.000,9999.000,9999.000
202602231300,   1.933,9999.000,   2.000,   0.257,   4.190,   1.200,   3.390,   2.600,   4.790
202602231306,   1.841,9999.000,9999.000,9999.000,9999.000,9999.000,9999.000,9999.000,9999.000
202602231312,   1.751,9999.000,9999.000,9999.000,9999.000,9999.000,9999.000,9999.000,9999.000
202602231318,   1.664,9999.000,9999.000,9999.000,9999.000,9999.000,9999.000,9999.000,9999.000
202602231324,   1.579,9999.000,9999.000,9999.000,9999.000,9999.000,9999.000,9999.000,9999.000
202602231330,   1.497,9999.000,9999.000,9999.000,9999.000,9999.000,9999.000,9999.000,9999.000
202602231336,   1.418,9999.000,9999.000,9999.000,9999.000,9999.000,9999.000,9999.000,9999.000
202602231342,   1.342,9999.000,9999.000,9999.000,9999.000,9999.000,9999.000,9999.000,9999.000
202602231348,   1.268,9999.000,9999.000,9999.000,9999.000,9999.000,9999.000,9999.000,9999.000
202602231354,   1.197,9999.000,9999.000,9999.000,9999.000,9999.000,9999.000,9999.000,9999.000
202602231400,   1.129,9999.000,   2.000,   0.257,   3.386,   1.300,   2.686,   2.700,   4.086
202602231406,   1.063,9999.000,9999.000,9999.000,9999.000,9999.000,9999.000,9999.000,9999.000
202602231412,   0.999,9999.000,9999.000,9999.000,9999.000,9999.000,9999.000,9999.000,9999.000
202602231418,   0.938,9999.000,9999.000,9999.000,9999.000,9999.000,9999.000,9999.000,9999.000
202602231424,   0.879,9999.000,9999.000,9999.000,9999.000,9999.000,9999.000,9999.000,9999.000
202602231430,   0.823,9999.000,9999.000,9999.000,9999.000,9999.000,9999.000,9999.000,9999.000
202602231436,   0.768,9999.000,9999.000,9999.000,9999.000,9999.000,9999.000,9999.000,9999.000
202602231442,   0.715,9999.000,9999.000,9999.000,9999.000,9999.000,9999.000,9999.000,9999.000
202602231448,   0.664,9999.000,9999.000,9999.000,9999.000,9999.000,9999.000,9999.000,9999.000
202602231454,   0.615,9999.000,9999.000,9999.000,9999.000,9999.000,9999.000,9999.000,9999.000
202602231500,   0.567,9999.000,   2.000,   0.257,   2.824,   1.300,   2.124,   2.700,   3.524
202602231506,   0.522,9999.000,9999.000,9999.000,9999.000,9999.000,9999.000,9999.000,9999.000
202602231512,   0.478,9999.000,9999.000,9999.000,9999.000,9999.000,9999.000,9999.000,9999.000
202602231518,   0.437,9999.000,9999.000,9999.000,9999.000,9999.000,9999.000,9999.000,9999.000
202602231524,   0.399,9999.000,9999.000,9999.000,9999.000,9999.000,9999.000,9999.000,9999.000
202602231530,   0.363,9999.000,9999.000,9999.000,9999.000,9999.000,9999.000,9999.000,9999.000
202602231536,   0.330,9999.000,9999.000,9999.000,9999.000,9999.000,9999.000,9999.000,9999.000
202602231542,   0.301,9999.000,9999.000,9999.000,9999.000,9999.000,9999.000,9999.000,9999.000
202602231548,   0.276,9999.000,9999.000,9999.000,9999.000,9999.000,9999.000,9999.000,9999.000
202602231554,   0.256,9999.000,9999.000,9999.000,9999.000,9999.000,9999.000,9999.000,9999.000
202602231600,   0.241,9999.000,   2.100,   0.257,   2.598,   1.300,   1.798,   2.800,   3.298
202602231606,   0.232,9999.000,9999.000,9999.000,9999.000,9999.000,9999.000,9999.000,9999.000
202602231612,   0.229,9999.000,9999.000,9999.000,9999.000,9999.000,9999.000,9999.000,9999.000
202602231618,   0.233,9999.000,9999.000,9999.000,9999.000,9999.000,9999.000,9999.000,9999.000
202602231624,   0.246,9999.000,9999.000,9999.000,9999.000,9999.000,9999.000,9999.000,9999.000
202602231630,   0.266,9999.000,9999.000,9999.000,9999.000,9999.000,9999.000,9999.000,9999.000
202602231636,   0.296,9999.000,9999.000,9999.000,9999.000,9999.000,9999.000,9999.000,9999.000
202602231642,   0.335,9999.000,9999.000,9999.000,9999.000,9999.000,9999.000,9999.000,9999.000
202602231648,   0.385,9999.000,9999.000,9999.000,9999.000,9999.000,9999.000,9999.000,9999.000
202602231654,   0.445,9999.000,9999.000,9999.000,9999.000,9999.000,9999.000,9999.000,9999.000
202602231700,   0.516,9999.000,   2.100,   0.257,   2.873,   1.400,   2.173,   2.800,   3.573
202602231706,   0.597,9999.000,9999.000,9999.000,9999.000,9999.000,9999.000,9999.000,9999.000
202602231712,   0.690,9999.000,9999.000,9999.000,9999.000,9999.000,9999.000,9999.000,9999.000
202602231718,   0.793,9999.000,9999.000,9999.000,9999.000,9999.000,9999.000,9999.000,9999.000
202602231724,   0.906,9999.000,9999.000,9999.000,9999.000,9999.000,9999.000,9999.000,9999.000
202602231730,   1.029,9999.000,9999.000,9999.000,9999.000,9999.000,9999.000,9999.000,9999.000
202602231736,   1.160,9999.000,9999.000,9999.000,9999.000,9999.000,9999.000,9999.000,9999.000
202602231742,   1.300,9999.000,9999.000,9999.000,9999.000,9999.000,9999.000,9999.000,9999.000
202602231748,   1.447,9999.000,9999.000,9999.000,9999.000,9999.000,9999.000,9999.000,9999.000
202602231754,   1.599,9999.000,9999.000,9999.000,9999.000,9999.000,9999.000,9999.000,9999.000
202602231800,   1.755,9999.000,   2.200,   0.257,   4.212,   1.400,   3.412,   2.800,   4.812
202602231806,   1.915,9999.000,9999.000,9999.000,9999.000,9999.000,9999.000,9999.000,9999.000
202602231812,   2.076,9999.000,9999.000,9999.000,9999.000,9999.000,9999.000,9999.000,9999.000
202602231818,   2.238,9999.000,9999.000,9999.000,9999.000,9999.000,9999.000,9999.000,9999.000
202602231824,   2.398,9999.000,9999.000,9999.000,9999.000,9999.000,9999.000,9999.000,9999.000
202602231830,   2.557,9999.000,9999.000,9999.000,9999.000,9999.000,9999.000,9999.000,9999.000
202602231836,   2.712,9999.000,9999.000,9999.000,9999.000,9999.000,9999.000,9999.000,9999.000
202602231842,   2.862,9999.000,9999.000,9999.000,9999.000,9999.000,9999.000,9999.000,9999.000
202602231848,   3.007,9999.000,9999.000,9999.000,9999.000,9999.000,9999.000,9999.000,9999.000
202602231854,   3.147,9999.000,9999.000,9999.000,9999.000,9999.000,9999.000,9999.000,9999.000
202602231900,   3.279,9999.000,   2.300,   0.257,   5.836,   1.400,   4.936,   2.900,   6.436
202602231906,   3.406,9999.000,9999.000,9999.000,9999.000,9999.000,9999.000,9999.000,9999.000
202602231912,   3.525,9999.000,9999.000,9999.000,9999.000,9999.000,9999.000,9999.000,9999.000
202602231918,   3.637,9999.000,9999.000,9999.000,9999.000,9999.000,9999.000,9999.000,9999.000
202602231924,   3.742,9999.000,9999.000,9999.000,9999.000,9999.000,9999.000,9999.000,9999.000
202602231930,   3.840,9999.000,9999.000,9999.000,9999.000,9999.000,9999.000,9999.000,9999.000
202602231936,   3.931,9999.000,9999.000,9999.000,9999.000,9999.000,9999.000,9999.000,9999.000
202602231942,   4.015,9999.000,9999.000,9999.000,9999.000,9999.000,9999.000,9999.000,9999.000
202602231948,   4.092,9999.000,9999.000,9999.000,9999.000,9999.000,9999.000,9999.000,9999.000
202602231954,   4.164,9999.000,9999.000,9999.000,9999.000,9999.000,9999.000,9999.000,9999.000
202602232000,   4.229,9999.000,   2.400,   0.257,   6.886,   1.500,   5.986,   3.000,   7.486
202602232006,   4.289,9999.000,9999.000,9999.000,9999.000,9999.000,9999.000,9999.000,9999.000
202602232012,   4.343,9999.000,9999.000,9999.000,9999.000,9999.000,9999.000,9999.000,9999.000
202602232018,   4.392,9999.000,9999.000,9999.000,9999.000,9999.000,9999.000,9999.000,9999.000
202602232024,   4.435,9999.000,9999.000,9999.000,9999.000,9999.000,9999.000,9999.000,9999.000
202602232030,   4.474,9999.000,9999.000,9999.000,9999.000,9999.000,9999.000,9999.000,9999.000
202602232036,   4.508,9999.000,9999.000,9999.000,9999.000,9999.000,9999.000,9999.000,9999.000
202602232042,   4.537,9999.000,9999.000,9999.000,9999.000,9999.000,9999.000,9999.000,9999.000
202602232048,   4.561,9999.000,9999.000,9999.000,9999.000,9999.000,9999.000,9999.000,9999.000
202602232054,   4.581,9999.000,9999.000,9999.000,9999.000,9999.000,9999.000,9999.000,9999.000
202602232100,   4.595,9999.000,   2.400,   0.257,   7.252,   1.500,   6.352,   3.100,   7.952
202602232106,   4.605,9999.000,9999.000,9999.000,9999.000,9999.000,9999.000,9999.000,9999.000
202602232112,   4.611,9999.000,9999.000,9999.000,9999.000,9999.000,9999.000,9999.000,9999.000
202602232118,   4.611,9999.000,9999.000,9999.000,9999.000,9999.000,9999.000,9999.000,9999.000
202602232124,   4.607,9999.000,9999.000,9999.000,9999.000,9999.000,9999.000,9999.000,9999.000
202602232130,   4.598,9999.000,9999.000,9999.000,9999.000,9999.000,9999.000,9999.000,9999.000
202602232136,   4.584,9999.000,9999.000,9999.000,9999.000,9999.000,9999.000,9999.000,9999.000
202602232142,   4.564,9999.000,9999.000,9999.000,9999.000,9999.000,9999.000,9999.000,9999.000
202602232148,   4.540,9999.000,9999.000,9999.000,9999.000,9999.000,9999.000,9999.000,9999.000
202602232154,   4.511,9999.000,9999.000,9999.000,9999.000,9999.000,9999.000,9999.000,9999.000
202602232200,   4.477,9999.000,   2.500,   0.257,   7.234,   1.500,   6.234,   3.300,   8.034
202602232206,   4.438,9999.000,9999.000,9999.000,9999.000,9999.000,9999.000,9999.000,9999.000
202602232212,   4.394,9999.000,9999.000,9999.000,9999.000,9999.000,9999.000,9999.000,9999.000
202602232218,   4.346,9999.000,9999.000,9999.000,9999.000,9999.000,9999.000,9999.000,9999.000
202602232224,   4.292,9999.000,9999.000,9999.000,9999.000,9999.000,9999.000,9999.000,9999.000
202602232230,   4.235,9999.000,9999.000,9999.000,9999.000,9999.000,9999.000,9999.000,9999.000
202602232236,   4.172,9999.000,9999.000,9999.000,9999.000,9999.000,9999.000,9999.000,9999.000
202602232242,   4.106,9999.000,9999.000,9999.000,9999.000,9999.000,9999.000,9999.000,9999.000
202602232248,   4.035,9999.000,9999.000,9999.000,9999.000,9999.000,9999.000,9999.000,9999.000
202602232254,   3.960,9999.000,9999.000,9999.000,9999.000,9999.000,9999.000,9999.000,9999.000
202602232300,   3.882,9999.000,   2.600,   0.257,   6.739,   1.600,   5.739,   3.300,   7.439
202602232306,   3.800,9999.000,9999.000,9999.000,9999.000,9999.000,9999.000,9999.000,9999.000
202602232312,   3.715,9999.000,9999.000,9999.000,9999.000,9999.000,9999.000,9999.000,9999.000
202602232318,   3.626,9999.000,9999.000,9999.000,9999.000,9999.000,9999.000,9999.000,9999.000
202602232324,   3.535,9999.000,9999.000,9999.000,9999.000,9999.000,9999.000,9999.000,9999.000
202602232330,   3.441,9999.000,9999.000,9999.000,9999.000,9999.000,9999.000,9999.000,9999.000
202602232336,   3.345,9999.000,9999.000,9999.000,9999.000,9999.000,9999.000,9999.000,9999.000
202602232342,   3.247,9999.000,9999.000,9999.000,9999.000,9999.000,9999.000,9999.000,9999.000
202602232348,   3.147,9999.000,9999.000,9999.000,9999.000,9999.000,9999.000,9999.000,9999.000
202602232354,   3.045,9999.000,9999.000,9999.000,9999.000,9999.000,9999.000,9999.000,9999.000
202602240000,   2.942,9999.000,   2.700,   0.257,   5.899,   1.700,   4.899,   3.300,   6.499
202602240006,   2.838,9999.000,9999.000,9999.000,9999.000,9999.000,9999.000,9999.000,9999.000
202602240012,   2.733,9999.000,9999.000,9999.000,9999.000,9999.000,9999.000,9999.000,9999.000
202602240018,   2.628,9999.000,9999.000,9999.000,9999.000,9999.000,9999.000,9999.000,9999.000
202602240024,   2.522,9999.000,9999.000,9999.000,9999.000,9999.000,9999.000,9999.000,9999.000
202602240030,   2.416,9999.000,9999.000,9999.000,9999.000,9999.000,9999.000,9999.000,9999.000
202602240036,   2.311,9999.000,9999.000,9999.000,9999.000,9999.000,9999.000,9999.000,9999.000
202602240042,   2.206,9999.000,9999.000,9999.000,9999.000,9999.000,9999.000,9999.000,9999.000
202602240048,   2.102,9999.000,9999.000,9999.000,9999.000,9999.000,9999.000,9999.000,9999.000
202602240054,   1.999,9999.000,9999.000,9999.000,9999.000,9999.000,9999.000,9999.000,9999.000
202602240100,   1.897,9999.000,   2.700,   0.257,   4.854,   1.700,   3.854,   3.300,   5.454
202602240106,   1.796,9999.000,9999.000,9999.000,9999.000,9999.000,9999.000,9999.000,9999.000
202602240112,   1.698,9999.000,9999.000,9999.000,9999.000,9999.000,9999.000,9999.000,9999.000
202602240118,   1.602,9999.000,9999.000,9999.000,9999.000,9999.000,9999.000,9999.000,9999.000
202602240124,   1.508,9999.000,9999.000,9999.000,9999.000,9999.000,9999.000,9999.000,9999.000
202602240130,   1.416,9999.000,9999.000,9999.000,9999.000,9999.000,9999.000,9999.000,9999.000
202602240136,   1.328,9999.000,9999.000,9999.000,9999.000,9999.000,9999.000,9999.000,9999.000
202602240142,   1.242,9999.000,9999.000,9999.000,9999.000,9999.000,9999.000,9999.000,9999.000
202602240148,   1.159,9999.000,9999.000,9999.000,9999.000,9999.000,9999.000,9999.000,9999.000
202602240154,   1.080,9999.000,9999.000,9999.000,9999.000,9999.000,9999.000,9999.000,9999.000
202602240200,   1.003,9999.000,   2.700,   0.257,   3.960,   1.800,   3.060,   3.300,   4.560
202602240206,   0.931,9999.000,9999.000,9999.000,9999.000,9999.000,9999.000,9999.000,9999.000
202602240212,   0.861,9999.000,9999.000,9999.000,9999.000,9999.000,9999.000,9999.000,9999.000
202602240218,   0.795,9999.000,9999.000,9999.000,9999.000,9999.000,9999.000,9999.000,9999.000
202602240224,   0.733,9999.000,9999.000,9999.000,9999.000,9999.000,9999.000,9999.000,9999.000
202602240230,   0.674,9999.000,9999.000,9999.000,9999.000,9999.000,9999.000,9999.000,9999.000
202602240236,   0.618,9999.000,9999.000,9999.000,9999.000,9999.000,9999.000,9999.000,9999.000
202602240242,   0.566,9999.000,9999.000,9999.000,9999.000,9999.000,9999.000,9999.000,9999.000
202602240248,   0.517,9999.000,9999.000,9999.000,9999.000,9999.000,9999.000,9999.000,9999.000
202602240254,   0.471,9999.000,9999.000,9999.000,9999.000,9999.000,9999.000,9999.000,9999.000
202602240300,   0.428,9999.000,   2.700,   0.257,   3.385,   1.800,   2.485,   3.300,   3.985
202602240306,   0.388,9999.000,9999.000,9999.000,9999.000,9999.000,9999.000,9999.000,9999.000
202602240312,   0.351,9999.000,9999.000,9999.000,9999.000,9999.000,9999.000,9999.000,9999.000
202602240318,   0.317,9999.000,9999.000,9999.000,9999.000,9999.000,9999.000,9999.000,9999.000
202602240324,   0.286,9999.000,9999.000,9999.000,9999.000,9999.000,9999.000,9999.000,9999.000
202602240330,   0.258,9999.000,9999.000,9999.000,9999.000,9999.000,9999.000,9999.000,9999.000
202602240336,   0.233,9999.000,9999.000,9999.000,9999.000,9999.000,9999.000,9999.000,9999.000
202602240342,   0.211,9999.000,9999.000,9999.000,9999.000,9999.000,9999.000,9999.000,9999.000
202602240348,   0.193,9999.000,9999.000,9999.000,9999.000,9999.000,9999.000,9999.000,9999.000
202602240354,   0.178,9999.000,9999.000,9999.000,9999.000,9999.000,9999.000,9999.000,9999.000
202602240400,   0.168,9999.000,   2.700,   0.257,   3.125,   1.800,   2.225,   3.400,   3.825
202602240406,   0.162,9999.000,9999.000,9999.000,9999.000,9999.000,9999.000,9999.000,9999.000
202602240412,   0.161,9999.000,9999.000,9999.000,9999.000,9999.000,9999.000,9999.000,9999.000
202602240418,   0.165,9999.000,9999.000,9999.000,9999.000,9999.000,9999.000,9999.000,9999.000
202602240424,   0.176,9999.000,9999.000,9999.000,9999.000,9999.000,9999.000,9999.000,9999.000
202602240430,   0.193,9999.000,9999.000,9999.000,9999.000,9999.000,9999.000,9999.000,9999.000
202602240436,   0.217,9999.000,9999.000,9999.000,9999.000,9999.000,9999.000,9999.000,9999.000
202602240442,   0.249,9999.000,9999.000,9999.000,9999.000,9999.000,9999.000,9999.000,9999.000
202602240448,   0.289,9999.000,9999.000,9999.000,9999.000,9999.000,9999.000,9999.000,9999.000
202602240454,   0.338,9999.000,9999.000,9999.000,9999.000,9999.000,9999.000,9999.000,9999.000
202602240500,   0.397,9999.000,   2.600,   0.257,   3.254,   1.700,   2.354,   3.300,   3.954
202602240506,   0.466,9999.000,9999.000,9999.000,9999.000,9999.000,9999.000,9999.000,9999.000
202602240512,   0.544,9999.000,9999.000,9999.000,9999.000,9999.000,9999.000,9999.000,9999.000
202602240518,   0.634,9999.000,9999.000,9999.000,9999.000,9999.000,9999.000,9999.000,9999.000
202602240524,   0.734,9999.000,9999.000,9999.000,9999.000,9999.000,9999.000,9999.000,9999.000
202602240530,   0.844,9999.000,9999.000,9999.000,9999.000,9999.000,9999.000,9999.000,9999.000
202602240536,   0.965,9999.000,9999.000,9999.000,9999.000,9999.000,9999.000,9999.000,9999.000
202602240542,   1.096,9999.000,9999.000,9999.000,9999.000,9999.000,9999.000,9999.000,9999.000
202602240548,   1.237,9999.000,9999.000,9999.000,9999.000,9999.000,9999.000,9999.000,9999.000
202602240554,   1.386,9999.000,9999.000,9999.000,9999.000,9999.000,9999.000,9999.000,9999.000
202602240600,   1.544,9999.000,   2.500,   0.257,   4.301,   1.600,   3.401,   3.300,   5.101
