        TIME,    TIDE,      OB,   SURGE,    BIAS,     TWL,SURGE90p,  TWL90p,SURGE10p,   TWL10p
202606190000,   0.173,   0.600,   0.300,   0.127,   0.600,   0.200,   0.500,   0.400,   0.700
202606190006,   0.212,9999.000,9999.000,9999.000,9999.000,9999.000,9999.000,9999.000,9999.000
202606190012,   0.254,   0.760,9999.000,9999.000,9999.000,9999.000,9999.000,9999.000,9999.000
202606190018,   0.298,9999.000,9999.000,9999.000,9999.000,9999.000,9999.000,9999.000,9999.000
202606190024,   0.345,   0.941,9999.000,9999.000,9999.000,9999.000,9999.000,9999.000,9999.000
202606190030,   0.395,9999.000,9999.000,9999.000,9999.000,9999.000,9999.000,9999.000,9999.000
202606190036,   0.447,   1.088,9999.000,9999.000,9999.000,9999.000,9999.000,9999.000,9999.000
202606190042,   0.502,9999.000,9999.000,9999.000,9999.000,9999.000,9999.000,9999.000,9999.000
202606190048,   0.558,   1.239,9999.000,9999.000,9999.000,9999.000,9999.000,9999.000,9999.000
202606190054,   0.617,9999.000,9999.000,9999.000,9999.000,9999.000,9999.000,9999.000,9999.000
202606190100,   0.678,   1.390,   0.300,   0.412,   1.390,   0.200,   1.290,   0.400,   1.490
202606190106,   0.742,   1.449,9999.000,9999.000,9999.000,9999.000,9999.000,9999.000,9999.000
202606190112,   0.807,   1.518,9999.000,9999.000,9999.000,9999.000,9999.000,9999.000,9999.000
202606190118,   0.874,   1.590,9999.000,9999.000,9999.000,9999.000,9999.000,9999.000,9999.000
202606190124,   0.944,   1.649,9999.000,9999.000,9999.000,9999.000,9999.000,9999.000,9999.000
202606190130,   1.015,   1.699,9999.000,9999.000,9999.000,9999.000,9999.000,9999.000,9999.000
202606190136,   1.087,   1.767,9999.000,9999.000,9999.000,9999.000,9999.000,9999.000,9999.000
202606190142,   1.162,   1.840,9999.000,9999.000,9999.000,9999.000,9999.000,9999.000,9999.000
202606190148,   1.237,   1.908,9999.000,9999.000,9999.000,9999.000,9999.000,9999.000,9999.000
202606190154,   1.314,   1.967,9999.000,9999.000,9999.000,9999.000,9999.000,9999.000,9999.000
202606190200,   1.392,   2.049,   0.300,   0.357,   2.049,   0.300,   2.049,   0.400,   2.149
202606190206,   1.472,   2.128,9999.000,9999.000,9999.000,9999.000,9999.000,9999.000,9999.000
202606190212,   1.551,   2.210,9999.000,9999.000,9999.000,9999.000,9999.000,9999.000,9999.000
202606190218,   1.632,   2.299,9999.000,9999.000,9999.000,9999.000,9999.000,9999.000,9999.000
202606190224,   1.713,   2.400,9999.000,9999.000,9999.000,9999.000,9999.000,9999.000,9999.000
202606190230,   1.794,   2.489,9999.000,9999.000,9999.000,9999.000,9999.000,9999.000,9999.000
202606190236,   1.875,   2.578,9999.000,9999.000,9999.000,9999.000,9999.000,9999.000,9999.000
202606190242,   1.955,   2.669,9999.000,9999.000,9999.000,9999.000,9999.000,9999.000,9999.000
202606190248,   2.035,   2.758,9999.000,9999.000,9999.000,9999.000,9999.000,9999.000,9999.000
202606190254,   2.114,   2.830,9999.000,9999.000,9999.000,9999.000,9999.000,9999.000,9999.000
202606190300,   2.192,   2.919,   0.300,   0.427,   2.919,   0.300,   2.919,   0.400,   3.019
202606190306,   2.269,   2.997,9999.000,9999.000,9999.000,9999.000,9999.000,9999.000,9999.000
202606190312,   2.344,   3.070,9999.000,9999.000,9999.000,9999.000,9999.000,9999.000,9999.000
202606190318,   2.417,   3.148,9999.000,9999.000,9999.000,9999.000,9999.000,9999.000,9999.000
202606190324,   2.489,   3.230,9999.000,9999.000,9999.000,9999.000,9999.000,9999.000,9999.000
202606190330,   2.558,   3.299,9999.000,9999.000,9999.000,9999.000,9999.000,9999.000,9999.000
202606190336,   2.624,   3.368,9999.000,9999.000,9999.000,9999.000,9999.000,9999.000,9999.000
202606190342,   2.687,   3.460,9999.000,9999.000,9999.000,9999.000,9999.000,9999.000,9999.000
202606190348,   2.748,   3.529,9999.000,9999.000,9999.000,9999.000,9999.000,9999.000,9999.000
202606190354,   2.806,   3.598,9999.000,9999.000,9999.000,9999.000,9999.000,9999.000,9999.000
202606190400,   2.860,   3.660,   0.300,   0.500,   3.660,   0.200,   3.560,   0.400,   3.760
202606190406,   2.911,   3.709,9999.000,9999.000,9999.000,9999.000,9999.000,9999.000,9999.000
202606190412,   2.958,   3.749,9999.000,9999.000,9999.000,9999.000,9999.000,9999.000,9999.000
202606190418,   3.001,   3.788,9999.000,9999.000,9999.000,9999.000,9999.000,9999.000,9999.000
202606190424,   3.041,   3.817,9999.000,9999.000,9999.000,9999.000,9999.000,9999.000,9999.000
202606190430,   3.077,   3.870,9999.000,9999.000,9999.000,9999.000,9999.000,9999.000,9999.000
202606190436,   3.109,   3.890,9999.000,9999.000,9999.000,9999.000,9999.000,9999.000,9999.000
202606190442,   3.136,   3.899,9999.000,9999.000,9999.000,9999.000,9999.000,9999.000,9999.000
202606190448,   3.160,   3.929,9999.000,9999.000,9999.000,9999.000,9999.000,9999.000,9999.000
202606190454,   3.180,   3.949,9999.000,9999.000,9999.000,9999.000,9999.000,9999.000,9999.000
202606190500,   3.195,   3.958,   0.300,   0.463,   3.958,   0.200,   3.858,   0.300,   3.958
202606190506,   3.206,   3.978,9999.000,9999.000,9999.000,9999.000,9999.000,9999.000,9999.000
202606190512,   3.214,   3.998,9999.000,9999.000,9999.000,9999.000,9999.000,9999.000,9999.000
202606190518,   3.217,   3.998,9999.000,9999.000,9999.000,9999.000,9999.000,9999.000,9999.000
202606190524,   3.216,   3.978,9999.000,9999.000,9999.000,9999.000,9999.000,9999.000,9999.000
202606190530,   3.211,   3.949,9999.000,9999.000,9999.000,9999.000,9999.000,9999.000,9999.000
202606190536,   3.202,   3.919,9999.000,9999.000,9999.000,9999.000,9999.000,9999.000,9999.000
202606190542,   3.189,   3.890,9999.000,9999.000,9999.000,9999.000,9999.000,9999.000,9999.000
202606190548,   3.172,   3.837,9999.000,9999.000,9999.000,9999.000,9999.000,9999.000,9999.000
202606190554,   3.152,   3.778,9999.000,9999.000,9999.000,9999.000,9999.000,9999.000,9999.000
202606190600,   3.127,   3.719,   0.300,   0.292,   3.719,   0.200,   3.619,   0.300,   3.719
202606190606,   3.100,   3.660,9999.000,9999.000,9999.000,9999.000,9999.000,9999.000,9999.000
202606190612,   3.068,   3.598,9999.000,9999.000,9999.000,9999.000,9999.000,9999.000,9999.000
202606190618,   3.034,   3.519,9999.000,9999.000,9999.000,9999.000,9999.000,9999.000,9999.000
202606190624,   2.996,   3.450,9999.000,9999.000,9999.000,9999.000,9999.000,9999.000,9999.000
202606190630,   2.955,   3.388,9999.000,9999.000,9999.000,9999.000,9999.000,9999.000,9999.000
202606190636,   2.911,   3.319,9999.000,9999.000,9999.000,9999.000,9999.000,9999.000,9999.000
202606190642,   2.864,   3.250,9999.000,9999.000,9999.000,9999.000,9999.000,9999.000,9999.000
202606190648,   2.815,   3.168,9999.000,9999.000,9999.000,9999.000,9999.000,9999.000,9999.000
202606190654,   2.762,   3.079,9999.000,9999.000,9999.000,9999.000,9999.000,9999.000,9999.000
202606190700,   2.707,   3.007,   0.300,   0.000,   3.007,   0.100,   2.807,   0.300,   3.007
202606190706,   2.650,   2.938,9999.000,9999.000,9999.000,9999.000,9999.000,9999.000,9999.000
202606190712,   2.590,   2.850,9999.000,9999.000,9999.000,9999.000,9999.000,9999.000,9999.000
202606190718,   2.528,   2.787,9999.000,9999.000,9999.000,9999.000,9999.000,9999.000,9999.000
202606190724,   2.464,   2.728,9999.000,9999.000,9999.000,9999.000,9999.000,9999.000,9999.000
202606190730,   2.398,   2.679,9999.000,9999.000,9999.000,9999.000,9999.000,9999.000,9999.000
202606190736,   2.331,   2.610,9999.000,9999.000,9999.000,9999.000,9999.000,9999.000,9999.000
202606190742,   2.261,   2.548,9999.000,9999.000,9999.000,9999.000,9999.000,9999.000,9999.000
202606190748,   2.190,   2.489,9999.000,9999.000,9999.000,9999.000,9999.000,9999.000,9999.000
202606190754,   2.118,   2.440,9999.000,9999.000,9999.000,9999.000,9999.000,9999.000,9999.000
202606190800,   2.044,   2.368,   0.300,   0.024,   2.368,   0.100,   2.168,   0.300,   2.368
202606190806,   1.969,   2.289,9999.000,9999.000,9999.000,9999.000,9999.000,9999.000,9999.000
202606190812,   1.893,   2.220,9999.000,9999.000,9999.000,9999.000,9999.000,9999.000,9999.000
202606190818,   1.816,   2.158,9999.000,9999.000,9999.000,9999.000,9999.000,9999.000,9999.000
202606190824,   1.739,   2.059,9999.000,9999.000,9999.000,9999.000,9999.000,9999.000,9999.000
202606190830,   1.661,   1.967,9999.000,9999.000,9999.000,9999.000,9999.000,9999.000,9999.000
202606190836,   1.582,   1.908,9999.000,9999.000,9999.000,9999.000,9999.000,9999.000,9999.000
202606190842,   1.503,   1.830,9999.000,9999.000,9999.000,9999.000,9999.000,9999.000,9999.000
202606190848,   1.424,   1.748,9999.000,9999.000,9999.000,9999.000,9999.000,9999.000,9999.000
202606190854,   1.346,   1.659,9999.000,9999.000,9999.000,9999.000,9999.000,9999.000,9999.000
202606190900,   1.268,   1.590,   0.300,   0.022,   1.590,   0.200,   1.490,   0.300,   1.590
202606190906,   1.190,   1.528,9999.000,9999.000,9999.000,9999.000,9999.000,9999.000,9999.000
202606190912,   1.113,   1.459,9999.000,9999.000,9999.000,9999.000,9999.000,9999.000,9999.000
202606190918,   1.037,   1.390,9999.000,9999.000,9999.000,9999.000,9999.000,9999.000,9999.000
202606190924,   0.963,   1.318,9999.000,9999.000,9999.000,9999.000,9999.000,9999.000,9999.000
202606190930,   0.890,   1.259,9999.000,9999.000,9999.000,9999.000,9999.000,9999.000,9999.000
202606190936,   0.818,   1.200,9999.000,9999.000,9999.000,9999.000,9999.000,9999.000,9999.000
202606190942,   0.749,   1.118,9999.000,9999.000,9999.000,9999.000,9999.000,9999.000,9999.000
202606190948,   0.682,   1.059,9999.000,9999.000,9999.000,9999.000,9999.000,9999.000,9999.000
202606190954,   0.617,   1.000,9999.000,9999.000,9999.000,9999.000,9999.000,9999.000,9999.000
202606191000,   0.554,   0.951,   0.300,   0.097,   0.951,   0.200,   0.851,   0.300,   0.951
202606191006,   0.495,   0.888,9999.000,9999.000,9999.000,9999.000,9999.000,9999.000,9999.000
202606191012,   0.438,   0.839,9999.000,9999.000,9999.000,9999.000,9999.000,9999.000,9999.000
202606191018,   0.385,   0.780,9999.000,9999.000,9999.000,9999.000,9999.000,9999.000,9999.000
202606191024,   0.335,   0.731,9999.000,9999.000,9999.000,9999.000,9999.000,9999.000,9999.000
202606191030,   0.288,   0.688,9999.000,9999.000,9999.000,9999.000,9999.000,9999.000,9999.000
202606191036,   0.245,   0.649,9999.000,9999.000,9999.000,9999.000,9999.000,9999.000,9999.000
202606191042,   0.205,   0.619,9999.000,9999.000,9999.000,9999.000,9999.000,9999.000,9999.000
202606191048,   0.170,   0.590,9999.000,9999.000,9999.000,9999.000,9999.000,9999.000,9999.000
202606191054,   0.138,   0.560,9999.000,9999.000,9999.000,9999.000,9999.000,9999.000,9999.000
202606191100,   0.109,   0.541,   0.200,   0.232,   0.541,   0.100,   0.441,   0.300,   0.641
202606191106,   0.085,   0.518,9999.000,9999.000,9999.000,9999.000,9999.000,9999.000,9999.000
202606191112,   0.065,   0.518,9999.000,9999.000,9999.000,9999.000,9999.000,9999.000,9999.000
202606191118,   0.048,   0.498,9999.000,9999.000,9999.000,9999.000,9999.000,9999.000,9999.000
202606191124,   0.035,   0.488,9999.000,9999.000,9999.000,9999.000,9999.000,9999.000,9999.000
202606191130,   0.026,   0.488,9999.000,9999.000,9999.000,9999.000,9999.000,9999.000,9999.000
202606191136,   0.020,   0.469,9999.000,9999.000,9999.000,9999.000,9999.000,9999.000,9999.000
202606191142,   0.019,   0.459,9999.000,9999.000,9999.000,9999.000,9999.000,9999.000,9999.000
202606191148,   0.020,   0.469,9999.000,9999.000,9999.000,9999.000,9999.000,9999.000,9999.000
202606191154,   0.026,   0.478,9999.000,9999.000,9999.000,9999.000,9999.000,9999.000,9999.000
202606191200,   0.035,   0.488,   0.200,   0.253,   0.488,   0.100,   0.388,   0.300,   0.588
202606191206,   0.047,   0.488,9999.000,9999.000,9999.000,9999.000,9999.000,9999.000,9999.000
202606191212,   0.062,   0.498,9999.000,9999.000,9999.000,9999.000,9999.000,9999.000,9999.000
202606191218,   0.081,   0.518,9999.000,9999.000,9999.000,9999.000,9999.000,9999.000,9999.000
202606191224,   0.102,   0.541,9999.000,9999.000,9999.000,9999.000,9999.000,9999.000,9999.000
202606191230,   0.127,   0.570,9999.000,9999.000,9999.000,9999.000,9999.000,9999.000,9999.000
202606191236,   0.155,   0.600,9999.000,9999.000,9999.000,9999.000,9999.000,9999.000,9999.000
202606191242,   0.186,   0.629,9999.000,9999.000,9999.000,9999.000,9999.000,9999.000,9999.000
202606191248,   0.220,   0.659,9999.000,9999.000,9999.000,9999.000,9999.000,9999.000,9999.000
202606191254,   0.257,   0.698,9999.000,9999.000,9999.000,9999.000,9999.000,9999.000,9999.000
202606191300,   0.296,   0.741,   0.200,   0.245,   0.741,   0.100,   0.641,   0.300,   0.841
202606191306,   0.339,   0.780,9999.000,9999.000,9999.000,9999.000,9999.000,9999.000,9999.000
202606191312,   0.384,   0.819,9999.000,9999.000,9999.000,9999.000,9999.000,9999.000,9999.000
202606191318,   0.432,   0.849,9999.000,9999.000,9999.000,9999.000,9999.000,9999.000,9999.000
202606191324,   0.482,   0.879,9999.000,9999.000,9999.000,9999.000,9999.000,9999.000,9999.000
202606191330,   0.536,   0.918,9999.000,9999.000,9999.000,9999.000,9999.000,9999.000,9999.000
202606191336,   0.592,   0.951,9999.000,9999.000,9999.000,9999.000,9999.000,9999.000,9999.000
202606191342,   0.650,   1.000,9999.000,9999.000,9999.000,9999.000,9999.000,9999.000,9999.000
202606191348,   0.711,   1.049,9999.000,9999.000,9999.000,9999.000,9999.000,9999.000,9999.000
202606191354,   0.774,   1.098,9999.000,9999.000,9999.000,9999.000,9999.000,9999.000,9999.000
202606191400,   0.840,   1.170,   0.200,   0.130,   1.170,   0.000,   0.970,   0.300,   1.270
202606191406,   0.907,   1.220,9999.000,9999.000,9999.000,9999.000,9999.000,9999.000,9999.000
202606191412,   0.977,   1.279,9999.000,9999.000,9999.000,9999.000,9999.000,9999.000,9999.000
202606191418,   1.048,   1.348,9999.000,9999.000,9999.000,9999.000,9999.000,9999.000,9999.000
202606191424,   1.121,   1.430,9999.000,9999.000,9999.000,9999.000,9999.000,9999.000,9999.000
202606191430,   1.196,   1.498,9999.000,9999.000,9999.000,9999.000,9999.000,9999.000,9999.000
202606191436,   1.272,   1.571,9999.000,9999.000,9999.000,9999.000,9999.000,9999.000,9999.000
202606191442,   1.349,   1.659,9999.000,9999.000,9999.000,9999.000,9999.000,9999.000,9999.000
202606191448,   1.426,   1.748,9999.000,9999.000,9999.000,9999.000,9999.000,9999.000,9999.000
202606191454,   1.505,   1.820,9999.000,9999.000,9999.000,9999.000,9999.000,9999.000,9999.000
202606191500,   1.583,   1.908,   0.200,   0.125,   1.908,   0.000,   1.708,   0.300,   2.008
202606191506,   1.662,   2.000,9999.000,9999.000,9999.000,9999.000,9999.000,9999.000,9999.000
202606191512,   1.741,   2.099,9999.000,9999.000,9999.000,9999.000,9999.000,9999.000,9999.000
202606191518,   1.819,   2.191,9999.000,9999.000,9999.000,9999.000,9999.000,9999.000,9999.000
202606191524,   1.896,   2.289,9999.000,9999.000,9999.000,9999.000,9999.000,9999.000,9999.000
202606191530,   1.972,   2.377,9999.000,9999.000,9999.000,9999.000,9999.000,9999.000,9999.000
202606191536,   2.047,   2.479,9999.000,9999.000,9999.000,9999.000,9999.000,9999.000,9999.000
202606191542,   2.121,   2.568,9999.000,9999.000,9999.000,9999.000,9999.000,9999.000,9999.000
202606191548,   2.193,   2.640,9999.000,9999.000,9999.000,9999.000,9999.000,9999.000,9999.000
202606191554,   2.263,   2.709,9999.000,9999.000,9999.000,9999.000,9999.000,9999.000,9999.000
202606191600,   2.330,   2.778,   0.200,   0.248,   2.778,   0.100,   2.678,   0.300,   2.878
202606191606,   2.396,   2.830,9999.000,9999.000,9999.000,9999.000,9999.000,9999.000,9999.000
202606191612,   2.458,   2.879,9999.000,9999.000,9999.000,9999.000,9999.000,9999.000,9999.000
202606191618,   2.518,   2.948,9999.000,9999.000,9999.000,9999.000,9999.000,9999.000,9999.000
202606191624,   2.574,   2.997,9999.000,9999.000,9999.000,9999.000,9999.000,9999.000,9999.000
202606191630,   2.628,   3.060,9999.000,9999.000,9999.000,9999.000,9999.000,9999.000,9999.000
202606191636,   2.678,   3.109,9999.000,9999.000,9999.000,9999.000,9999.000,9999.000,9999.000
202606191642,   2.725,   3.168,9999.000,9999.000,9999.000,9999.000,9999.000,9999.000,9999.000
202606191648,   2.768,   3.207,9999.000,9999.000,9999.000,9999.000,9999.000,9999.000,9999.000
202606191654,   2.807,   3.240,9999.000,9999.000,9999.000,9999.000,9999.000,9999.000,9999.000
202606191700,   2.843,   3.279,   0.200,   0.236,   3.279,   0.100,   3.179,   0.300,   3.379
202606191706,   2.875,   3.309,9999.000,9999.000,9999.000,9999.000,9999.000,9999.000,9999.000
202606191712,   2.903,   3.339,9999.000,9999.000,9999.000,9999.000,9999.000,9999.000,9999.000
202606191718,   2.927,   3.368,9999.000,9999.000,9999.000,9999.000,9999.000,9999.000,9999.000
202606191724,   2.947,   3.407,9999.000,9999.000,9999.000,9999.000,9999.000,9999.000,9999.000
202606191730,   2.963,   3.440,9999.000,9999.000,9999.000,9999.000,9999.000,9999.000,9999.000
202606191736,   2.975,   3.440,9999.000,9999.000,9999.000,9999.000,9999.000,9999.000,9999.000
202606191742,   2.983,   3.470,9999.000,9999.000,9999.000,9999.000,9999.000,9999.000,9999.000
202606191748,   2.987,   3.480,9999.000,9999.000,9999.000,9999.000,9999.000,9999.000,9999.000
202606191754,   2.987,   3.480,9999.000,9999.000,9999.000,9999.000,9999.000,9999.000,9999.000
202606191800,   2.983,   3.489,   0.300,   0.206,   3.489,   0.200,   3.389,   0.400,   3.589
202606191806,   2.975,   3.489,9999.000,9999.000,9999.000,9999.000,9999.000,9999.000,9999.000
202606191812,   2.964,   3.489,9999.000,9999.000,9999.000,9999.000,9999.000,9999.000,9999.000
202606191818,   2.948,   3.489,9999.000,9999.000,9999.000,9999.000,9999.000,9999.000,9999.000
202606191824,   2.929,   3.489,9999.000,9999.000,9999.000,9999.000,9999.000,9999.000,9999.000
202606191830,   2.906,   3.470,9999.000,9999.000,9999.000,9999.000,9999.000,9999.000,9999.000
202606191836,   2.880,   3.450,9999.000,9999.000,9999.000,9999.000,9999.000,9999.000,9999.000
202606191842,   2.850,   3.427,9999.000,9999.000,9999.000,9999.000,9999.000,9999.000,9999.000
202606191848,   2.817,   3.417,9999.000,9999.000,9999.000,9999.000,9999.000,9999.000,9999.000
202606191854,   2.780,   3.417,9999.000,9999.000,9999.000,9999.000,9999.000,9999.000,9999.000
202606191900,   2.741,   3.417,   0.400,   0.276,   3.417,   0.200,   3.217,   0.500,   3.517
202606191906,   2.698,   3.440,9999.000,9999.000,9999.000,9999.000,9999.000,9999.000,9999.000
202606191912,   2.653,   3.450,9999.000,9999.000,9999.000,9999.000,9999.000,9999.000,9999.000
202606191918,   2.605,   3.440,9999.000,9999.000,9999.000,9999.000,9999.000,9999.000,9999.000
202606191924,   2.554,   3.407,9999.000,9999.000,9999.000,9999.000,9999.000,9999.000,9999.000
202606191930,   2.501,   3.378,9999.000,9999.000,9999.000,9999.000,9999.000,9999.000,9999.000
202606191936,   2.445,   3.329,9999.000,9999.000,9999.000,9999.000,9999.000,9999.000,9999.000
202606191942,   2.387,   3.270,9999.000,9999.000,9999.000,9999.000,9999.000,9999.000,9999.000
202606191948,   2.327,   3.207,9999.000,9999.000,9999.000,9999.000,9999.000,9999.000,9999.000
202606191954,   2.265,   3.148,9999.000,9999.000,9999.000,9999.000,9999.000,9999.000,9999.000
202606192000,   2.202,   3.099,   0.400,   0.497,   3.099,   0.300,   2.999,   0.500,   3.199
202606192006,   2.137,   3.030,9999.000,9999.000,9999.000,9999.000,9999.000,9999.000,9999.000
202606192012,   2.070,   2.968,9999.000,9999.000,9999.000,9999.000,9999.000,9999.000,9999.000
202606192018,   2.002,   2.909,9999.000,9999.000,9999.000,9999.000,9999.000,9999.000,9999.000
202606192024,   1.933,   2.860,9999.000,9999.000,9999.000,9999.000,9999.000,9999.000,9999.000
202606192030,   1.863,   2.778,9999.000,9999.000,9999.000,9999.000,9999.000,9999.000,9999.000
202606192036,   1.791,   2.709,9999.000,9999.000,9999.000,9999.000,9999.000,9999.000,9999.000
202606192042,   1.720,   2.630,9999.000,9999.000,9999.000,9999.000,9999.000,9999.000,9999.000
202606192048,   1.647,   2.538,9999.000,9999.000,9999.000,9999.000,9999.000,9999.000,9999.000
202606192054,   1.575,   2.420,9999.000,9999.000,9999.000,9999.000,9999.000,9999.000,9999.000
202606192100,   1.502,   2.299,   0.500,   0.297,   2.299,   0.400,   2.199,   0.600,   2.399
202606192106,   1.429,   2.191,9999.000,9999.000,9999.000,9999.000,9999.000,9999.000,9999.000
202606192112,   1.356,   2.099,9999.000,9999.000,9999.000,9999.000,9999.000,9999.000,9999.000
202606192118,   1.284,   1.990,9999.000,9999.000,9999.000,9999.000,9999.000,9999.000,9999.000
202606192124,   1.212,   1.879,9999.000,9999.000,9999.000,9999.000,9999.000,9999.000,9999.000
202606192130,   1.141,   1.781,9999.000,9999.000,9999.000,9999.000,9999.000,9999.000,9999.000
202606192136,   1.070,   1.689,9999.000,9999.000,9999.000,9999.000,9999.000,9999.000,9999.000
202606192142,   1.001,   1.590,9999.000,9999.000,9999.000,9999.000,9999.000,9999.000,9999.000
202606192148,   0.934,   1.518,9999.000,9999.000,9999.000,9999.000,9999.000,9999.000,9999.000
202606192154,   0.867,   1.430,9999.000,9999.000,9999.000,9999.000,9999.000,9999.000,9999.000
202606192200,   0.803,   1.338,   0.500,   0.035,   1.338,   0.400,   1.238,   0.600,   1.438
202606192206,   0.741,   1.259,9999.000,9999.000,9999.000,9999.000,9999.000,9999.000,9999.000
202606192212,   0.680,   1.200,9999.000,9999.000,9999.000,9999.000,9999.000,9999.000,9999.000
202606192218,   0.622,   1.138,9999.000,9999.000,9999.000,9999.000,9999.000,9999.000,9999.000
202606192224,   0.567,   1.079,9999.000,9999.000,9999.000,9999.000,9999.000,9999.000,9999.000
202606192230,   0.514,   1.010,9999.000,9999.000,9999.000,9999.000,9999.000,9999.000,9999.000
202606192236,   0.464,   0.941,9999.000,9999.000,9999.000,9999.000,9999.000,9999.000,9999.000
202606192242,   0.417,   0.888,9999.000,9999.000,9999.000,9999.000,9999.000,9999.000,9999.000
202606192248,   0.373,   0.849,9999.000,9999.000,9999.000,9999.000,9999.000,9999.000,9999.000
202606192254,   0.333,   0.800,9999.000,9999.000,9999.000,9999.000,9999.000,9999.000,9999.000
202606192300,   0.295,   0.760,   0.500,  -0.035,   0.760,   0.400,   0.660,   0.600,   0.860
202606192306,   0.261,   0.708,9999.000,9999.000,9999.000,9999.000,9999.000,9999.000,9999.000
202606192312,   0.231,   0.688,9999.000,9999.000,9999.000,9999.000,9999.000,9999.000,9999.000
202606192318,   0.204,   0.659,9999.000,9999.000,9999.000,9999.000,9999.000,9999.000,9999.000
202606192324,   0.181,   0.629,9999.000,9999.000,9999.000,9999.000,9999.000,9999.000,9999.000
202606192330,   0.162,   0.600,9999.000,9999.000,9999.000,9999.000,9999.000,9999.000,9999.000
202606192336,   0.146,   0.570,9999.000,9999.000,9999.000,9999.000,9999.000,9999.000,9999.000
202606192342,   0.133,   0.551,9999.000,9999.000,9999.000,9999.000,9999.000,9999.000,9999.000
202606192348,   0.124,   0.551,9999.000,9999.000,9999.000,9999.000,9999.000,9999.000,9999.000
202606192354,   0.119,   0.551,9999.000,9999.000,9999.000,9999.000,9999.000,9999.000,9999.000
202606200000,   0.117,   0.560,   0.500,  -0.057,   0.560,   0.400,   0.460,   0.500,   0.560
202606200006,   0.119,   0.580,9999.000,9999.000,9999.000,9999.000,9999.000,9999.000,9999.000
202606200012,   0.124,   0.610,9999.000,9999.000,9999.000,9999.000,9999.000,9999.000,9999.000
202606200018,   0.133,   0.639,9999.000,9999.000,9999.000,9999.000,9999.000,9999.000,9999.000
202606200024,   0.144,   0.669,9999.000,9999.000,9999.000,9999.000,9999.000,9999.000,9999.000
202606200030,   0.159,   0.698,9999.000,9999.000,9999.000,9999.000,9999.000,9999.000,9999.000
202606200036,   0.177,   0.741,9999.000,9999.000,9999.000,9999.000,9999.000,9999.000,9999.000
202606200042,   0.199,   0.800,9999.000,9999.000,9999.000,9999.000,9999.000,9999.000,9999.000
202606200048,   0.223,   0.849,9999.000,9999.000,9999.000,9999.000,9999.000,9999.000,9999.000
202606200054,   0.250,   0.888,9999.000,9999.000,9999.000,9999.000,9999.000,9999.000,9999.000
202606200100,   0.280,   0.941,   0.500,   0.161,   0.941,   0.400,   0.841,   0.500,   0.941
202606200106,   0.313,   1.000,9999.000,9999.000,9999.000,9999.000,9999.000,9999.000,9999.000
202606200112,   0.349,   1.059,9999.000,9999.000,9999.000,9999.000,9999.000,9999.000,9999.000
202606200118,   0.387,   1.098,9999.000,9999.000,9999.000,9999.000,9999.000,9999.000,9999.000
202606200124,   0.428,   1.161,9999.000,9999.000,9999.000,9999.000,9999.000,9999.000,9999.000
202606200130,   0.472,   1.210,9999.000,9999.000,9999.000,9999.000,9999.000,9999.000,9999.000
202606200136,   0.519,   1.259,9999.000,9999.000,9999.000,9999.000,9999.000,9999.000,9999.000
202606200142,   0.568,   1.308,9999.000,9999.000,9999.000,9999.000,9999.000,9999.000,9999.000
202606200148,   0.619,   1.390,9999.000,9999.000,9999.000,9999.000,9999.000,9999.000,9999.000
202606200154,   0.674,   1.489,9999.000,9999.000,9999.000,9999.000,9999.000,9999.000,9999.000
202606200200,   0.730,   1.557,   0.500,   0.327,   1.557,   0.500,   1.557,   0.600,   1.657
202606200206,   0.789,   1.639,9999.000,9999.000,9999.000,9999.000,9999.000,9999.000,9999.000
202606200212,   0.850,   1.728,9999.000,9999.000,9999.000,9999.000,9999.000,9999.000,9999.000
202606200218,   0.913,   1.800,9999.000,9999.000,9999.000,9999.000,9999.000,9999.000,9999.000
202606200224,   0.978,   1.859,9999.000,9999.000,9999.000,9999.000,9999.000,9999.000,9999.000
202606200230,   1.044,   1.938,9999.000,9999.000,9999.000,9999.000,9999.000,9999.000,9999.000
202606200236,   1.113,   2.010,9999.000,9999.000,9999.000,9999.000,9999.000,9999.000,9999.000
202606200242,   1.183,   2.089,9999.000,9999.000,9999.000,9999.000,9999.000,9999.000,9999.000
202606200248,   1.254,   2.138,9999.000,9999.000,9999.000,9999.000,9999.000,9999.000,9999.000
202606200254,   1.327,   2.177,9999.000,9999.000,9999.000,9999.000,9999.000,9999.000,9999.000
202606200300,   1.401,   2.230,   0.500,   0.329,   2.230,   0.500,   2.230,   0.600,   2.330
202606200306,   1.475,   2.299,9999.000,9999.000,9999.000,9999.000,9999.000,9999.000,9999.000
202606200312,   1.550,   2.368,9999.000,9999.000,9999.000,9999.000,9999.000,9999.000,9999.000
202606200318,   1.625,   2.459,9999.000,9999.000,9999.000,9999.000,9999.000,9999.000,9999.000
202606200324,   1.700,   2.548,9999.000,9999.000,9999.000,9999.000,9999.000,9999.000,9999.000
202606200330,   1.775,   2.620,9999.000,9999.000,9999.000,9999.000,9999.000,9999.000,9999.000
202606200336,   1.850,   2.699,9999.000,9999.000,9999.000,9999.000,9999.000,9999.000,9999.000
202606200342,   1.924,   2.787,9999.000,9999.000,9999.000,9999.000,9999.000,9999.000,9999.000
202606200348,   1.997,   2.860,9999.000,9999.000,9999.000,9999.000,9999.000,9999.000,9999.000
202606200354,   2.069,   2.919,9999.000,9999.000,9999.000,9999.000,9999.000,9999.000,9999.000
202606200400,   2.140,   2.988,   0.500,   0.348,   2.988,   0.500,   2.988,   0.600,   3.088
202606200406,   2.209,   3.050,9999.000,9999.000,9999.000,9999.000,9999.000,9999.000,9999.000
202606200412,   2.276,   3.109,9999.000,9999.000,9999.000,9999.000,9999.000,9999.000,9999.000
202606200418,   2.341,   3.158,9999.000,9999.000,9999.000,9999.000,9999.000,9999.000,9999.000
202606200424,   2.404,   3.230,9999.000,9999.000,9999.000,9999.000,9999.000,9999.000,9999.000
202606200430,   2.465,   3.289,9999.000,9999.000,9999.000,9999.000,9999.000,9999.000,9999.000
202606200436,   2.523,   3.358,9999.000,9999.000,9999.000,9999.000,9999.000,9999.000,9999.000
202606200442,   2.578,   3.417,9999.000,9999.000,9999.000,9999.000,9999.000,9999.000,9999.000
202606200448,   2.630,   3.470,9999.000,9999.000,9999.000,9999.000,9999.000,9999.000,9999.000
202606200454,   2.680,   3.509,9999.000,9999.000,9999.000,9999.000,9999.000,9999.000,9999.000
202606200500,   2.726,   3.548,   0.500,   0.322,   3.548,   0.500,   3.548,   0.600,   3.648
202606200506,   2.769,   3.578,9999.000,9999.000,9999.000,9999.000,9999.000,9999.000,9999.000
202606200512,   2.808,   3.607,9999.000,9999.000,9999.000,9999.000,9999.000,9999.000,9999.000
202606200518,   2.844,   3.627,9999.000,9999.000,9999.000,9999.000,9999.000,9999.000,9999.000
202606200524,   2.877,   3.650,9999.000,9999.000,9999.000,9999.000,9999.000,9999.000,9999.000
202606200530,   2.906,   3.670,9999.000,9999.000,9999.000,9999.000,9999.000,9999.000,9999.000
202606200536,   2.931,   3.670,9999.000,9999.000,9999.000,9999.000,9999.000,9999.000,9999.000
202606200542,   2.952,   3.680,9999.000,9999.000,9999.000,9999.000,9999.000,9999.000,9999.000
202606200548,   2.970,   3.699,9999.000,9999.000,9999.000,9999.000,9999.000,9999.000,9999.000
202606200554,   2.984,   3.699,9999.000,9999.000,9999.000,9999.000,9999.000,9999.000,9999.000
202606200600,   2.994,   3.699,   0.500,   0.205,   3.699,   0.500,   3.699,   0.600,   3.799
202606200606,   3.001,   3.689,9999.000,9999.000,9999.000,9999.000,9999.000,9999.000,9999.000
202606200612,   3.003,   3.689,9999.000,9999.000,9999.000,9999.000,9999.000,9999.000,9999.000
202606200618,   3.002,   3.680,9999.000,9999.000,9999.000,9999.000,9999.000,9999.000,9999.000
202606200624,   2.997,   3.660,9999.000,9999.000,9999.000,9999.000,9999.000,9999.000,9999.000
202606200630,   2.989,   3.650,9999.000,9999.000,9999.000,9999.000,9999.000,9999.000,9999.000
202606200636,   2.976,   3.627,9999.000,9999.000,9999.000,9999.000,9999.000,9999.000,9999.000
202606200642,   2.961,   3.598,9999.000,9999.000,9999.000,9999.000,9999.000,9999.000,9999.000
202606200648,   2.941,   3.568,9999.000,9999.000,9999.000,9999.000,9999.000,9999.000,9999.000
202606200654,   2.918,   3.539,9999.000,9999.000,9999.000,9999.000,9999.000,9999.000,9999.000
202606200700,   2.892,   3.499,   0.500,   0.107,   3.499,   0.500,   3.499,   0.600,   3.599
202606200706,   2.863,   3.460,9999.000,9999.000,9999.000,9999.000,9999.000,9999.000,9999.000
202606200712,   2.830,   3.417,9999.000,9999.000,9999.000,9999.000,9999.000,9999.000,9999.000
202606200718,   2.794,   3.368,9999.000,9999.000,9999.000,9999.000,9999.000,9999.000,9999.000
202606200724,   2.755,   3.329,9999.000,9999.000,9999.000,9999.000,9999.000,9999.000,9999.000
202606200730,   2.713,   3.270,9999.000,9999.000,9999.000,9999.000,9999.000,9999.000,9999.000
202606200736,   2.669,   3.217,9999.000,9999.000,9999.000,9999.000,9999.000,9999.000,9999.000
202606200742,   2.622,   3.158,9999.000,9999.000,9999.000,9999.000,9999.000,9999.000,9999.000
202606200748,   2.572,   3.099,9999.000,9999.000,9999.000,9999.000,9999.000,9999.000,9999.000
202606200754,   2.521,   3.040,9999.000,9999.000,9999.000,9999.000,9999.000,9999.000,9999.000
202606200800,   2.467,   2.968,   0.500,   0.001,   2.968,   0.400,   2.868,   0.500,   2.968
202606200806,   2.410,   2.909,9999.000,9999.000,9999.000,9999.000,9999.000,9999.000,9999.000
202606200812,   2.352,   2.840,9999.000,9999.000,9999.000,9999.000,9999.000,9999.000,9999.000
202606200818,   2.293,   2.778,9999.000,9999.000,9999.000,9999.000,9999.000,9999.000,9999.000
202606200824,   2.231,   2.709,9999.000,9999.000,9999.000,9999.000,9999.000,9999.000,9999.000
202606200830,   2.168,   2.660,9999.000,9999.000,9999.000,9999.000,9999.000,9999.000,9999.000
202606200836,   2.104,   2.597,9999.000,9999.000,9999.000,9999.000,9999.000,9999.000,9999.000
202606200842,   2.039,   2.538,9999.000,9999.000,9999.000,9999.000,9999.000,9999.000,9999.000
202606200848,   1.972,   2.469,9999.000,9999.000,9999.000,9999.000,9999.000,9999.000,9999.000
202606200854,   1.905,   2.400,9999.000,9999.000,9999.000,9999.000,9999.000,9999.000,9999.000
202606200900,   1.836,   2.328,   0.500,  -0.008,   2.328,   0.400,   2.228,   0.500,   2.328
202606200906,   1.767,   2.250,9999.000,9999.000,9999.000,9999.000,9999.000,9999.000,9999.000
202606200912,   1.698,   2.158,9999.000,9999.000,9999.000,9999.000,9999.000,9999.000,9999.000
202606200918,   1.628,   2.079,9999.000,9999.000,9999.000,9999.000,9999.000,9999.000,9999.000
202606200924,   1.558,   2.000,9999.000,9999.000,9999.000,9999.000,9999.000,9999.000,9999.000
202606200930,   1.488,   1.918,9999.000,9999.000,9999.000,9999.000,9999.000,9999.000,9999.000
202606200936,   1.417,   1.840,9999.000,9999.000,9999.000,9999.000,9999.000,9999.000,9999.000
202606200942,   1.347,   1.781,9999.000,9999.000,9999.000,9999.000,9999.000,9999.000,9999.000
202606200948,   1.278,   1.699,9999.000,9999.000,9999.000,9999.000,9999.000,9999.000,9999.000
202606200954,   1.209,   1.630,9999.000,9999.000,9999.000,9999.000,9999.000,9999.000,9999.000
202606201000,   1.140,   1.580,   0.500,  -0.060,   1.580,   0.400,   1.480,   0.500,   1.580
202606201006,   1.073,   1.489,9999.000,9999.000,9999.000,9999.000,9999.000,9999.000,9999.000
202606201012,   1.006,   1.390,9999.000,9999.000,9999.000,9999.000,9999.000,9999.000,9999.000
202606201018,   0.941,   1.328,9999.000,9999.000,9999.000,9999.000,9999.000,9999.000,9999.000
202606201024,   0.876,   1.259,9999.000,9999.000,9999.000,9999.000,9999.000,9999.000,9999.000
202606201030,   0.814,   1.180,9999.000,9999.000,9999.000,9999.000,9999.000,9999.000,9999.000
202606201036,   0.753,   1.108,9999.000,9999.000,9999.000,9999.000,9999.000,9999.000,9999.000
202606201042,   0.694,   1.049,9999.000,9999.000,9999.000,9999.000,9999.000,9999.000,9999.000
202606201048,   0.637,   1.000,9999.000,9999.000,9999.000,9999.000,9999.000,9999.000,9999.000
202606201054,   0.582,   0.941,9999.000,9999.000,9999.000,9999.000,9999.000,9999.000,9999.000
202606201100,   0.530,   0.879,   0.500,  -0.151,   0.879,   0.400,   0.779,   0.500,   0.879
202606201106,   0.480,   0.819,9999.000,9999.000,9999.000,9999.000,9999.000,9999.000,9999.000
202606201112,   0.433,   0.790,9999.000,9999.000,9999.000,9999.000,9999.000,9999.000,9999.000
202606201118,   0.388,   0.751,9999.000,9999.000,9999.000,9999.000,9999.000,9999.000,9999.000
202606201124,   0.347,   0.698,9999.000,9999.000,9999.000,9999.000,9999.000,9999.000,9999.000
202606201130,   0.308,   0.669,9999.000,9999.000,9999.000,9999.000,9999.000,9999.000,9999.000
202606201136,   0.272,   0.629,9999.000,9999.000,9999.000,9999.000,9999.000,9999.000,9999.000
202606201142,   0.240,   0.580,9999.000,9999.000,9999.000,9999.000,9999.000,9999.000,9999.000
202606201148,   0.211,   0.551,9999.000,9999.000,9999.000,9999.000,9999.000,9999.000,9999.000
202606201154,   0.185,   0.518,9999.000,9999.000,9999.000,9999.000,9999.000,9999.000,9999.000
202606201200,   0.162,   0.488,   0.500,  -0.174,   0.488,   0.500,   0.488,   0.500,   0.488
202606201206,   0.143,   0.469,9999.000,9999.000,9999.000,9999.000,9999.000,9999.000,9999.000
202606201212,   0.127,   0.449,9999.000,9999.000,9999.000,9999.000,9999.000,9999.000,9999.000
202606201218,   0.115,   0.439,9999.000,9999.000,9999.000,9999.000,9999.000,9999.000,9999.000
202606201224,   0.106,   0.439,9999.000,9999.000,9999.000,9999.000,9999.000,9999.000,9999.000
202606201230,   0.100,   0.429,9999.000,9999.000,9999.000,9999.000,9999.000,9999.000,9999.000
202606201236,   0.098,   0.429,9999.000,9999.000,9999.000,9999.000,9999.000,9999.000,9999.000
202606201242,   0.099,   0.439,9999.000,9999.000,9999.000,9999.000,9999.000,9999.000,9999.000
202606201248,   0.104,   0.449,9999.000,9999.000,9999.000,9999.000,9999.000,9999.000,9999.000
202606201254,   0.112,   0.459,9999.000,9999.000,9999.000,9999.000,9999.000,9999.000,9999.000
202606201300,   0.123,   0.478,   0.500,  -0.145,   0.478,   0.500,   0.478,   0.500,   0.478
202606201306,   0.137,   0.488,9999.000,9999.000,9999.000,9999.000,9999.000,9999.000,9999.000
202606201312,   0.155,   0.508,9999.000,9999.000,9999.000,9999.000,9999.000,9999.000,9999.000
202606201318,   0.175,   0.541,9999.000,9999.000,9999.000,9999.000,9999.000,9999.000,9999.000
202606201324,   0.199,   0.580,9999.000,9999.000,9999.000,9999.000,9999.000,9999.000,9999.000
202606201330,   0.226,   0.610,9999.000,9999.000,9999.000,9999.000,9999.000,9999.000,9999.000
202606201336,   0.256,   0.639,9999.000,9999.000,9999.000,9999.000,9999.000,9999.000,9999.000
202606201342,   0.289,   0.678,9999.000,9999.000,9999.000,9999.000,9999.000,9999.000,9999.000
202606201348,   0.325,   0.731,9999.000,9999.000,9999.000,9999.000,9999.000,9999.000,9999.000
202606201354,   0.364,   0.770,9999.000,9999.000,9999.000,9999.000,9999.000,9999.000,9999.000
202606201400,   0.406,   0.819,   0.500,  -0.087,   0.819,   0.400,   0.719,   0.500,   0.819
202606201406,   0.451,   0.879,9999.000,9999.000,9999.000,9999.000,9999.000,9999.000,9999.000
202606201412,   0.499,   0.918,9999.000,9999.000,9999.000,9999.000,9999.000,9999.000,9999.000
202606201418,   0.549,   0.961,9999.000,9999.000,9999.000,9999.000,9999.000,9999.000,9999.000
202606201424,   0.602,   1.020,9999.000,9999.000,9999.000,9999.000,9999.000,9999.000,9999.000
202606201430,   0.658,   1.069,9999.000,9999.000,9999.000,9999.000,9999.000,9999.000,9999.000
202606201436,   0.716,   1.108,9999.000,9999.000,9999.000,9999.000,9999.000,9999.000,9999.000
202606201442,   0.776,   1.161,9999.000,9999.000,9999.000,9999.000,9999.000,9999.000,9999.000
202606201448,   0.839,   1.210,9999.000,9999.000,9999.000,9999.000,9999.000,9999.000,9999.000
202606201454,   0.904,   1.269,9999.000,9999.000,9999.000,9999.000,9999.000,9999.000,9999.000
202606201500,   0.970,   1.338,   0.500,  -0.132,   1.338,   0.400,   1.238,   0.500,   1.338
202606201506,   1.039,   1.420,9999.000,9999.000,9999.000,9999.000,9999.000,9999.000,9999.000
202606201512,   1.109,   1.489,9999.000,9999.000,9999.000,9999.000,9999.000,9999.000,9999.000
202606201518,   1.181,   1.557,9999.000,9999.000,9999.000,9999.000,9999.000,9999.000,9999.000
202606201524,   1.254,   1.639,9999.000,9999.000,9999.000,9999.000,9999.000,9999.000,9999.000
202606201530,   1.328,   1.708,9999.000,9999.000,9999.000,9999.000,9999.000,9999.000,9999.000
202606201536,   1.403,   1.781,9999.000,9999.000,9999.000,9999.000,9999.000,9999.000,9999.000
202606201542,   1.478,   1.840,9999.000,9999.000,9999.000,9999.000,9999.000,9999.000,9999.000
202606201548,   1.554,   1.899,9999.000,9999.000,9999.000,9999.000,9999.000,9999.000,9999.000
202606201554,   1.630,   1.967,9999.000,9999.000,9999.000,9999.000,9999.000,9999.000,9999.000
202606201600,   1.706,   2.049,   0.400,  -0.057,   2.049,   0.400,   2.049,   0.500,   2.149
202606201606,   1.781,   2.128,9999.000,9999.000,9999.000,9999.000,9999.000,9999.000,9999.000
202606201612,   1.856,   2.191,9999.000,9999.000,9999.000,9999.000,9999.000,9999.000,9999.000
202606201618,   1.931,   2.279,9999.000,9999.000,9999.000,9999.000,9999.000,9999.000,9999.000
202606201624,   2.004,   2.358,9999.000,9999.000,9999.000,9999.000,9999.000,9999.000,9999.000
202606201630,   2.075,   2.450,9999.000,9999.000,9999.000,9999.000,9999.000,9999.000,9999.000
202606201636,   2.146,   2.519,9999.000,9999.000,9999.000,9999.000,9999.000,9999.000,9999.000
202606201642,   2.215,   2.578,9999.000,9999.000,9999.000,9999.000,9999.000,9999.000,9999.000
202606201648,   2.281,   2.650,9999.000,9999.000,9999.000,9999.000,9999.000,9999.000,9999.000
202606201654,   2.346,   2.709,9999.000,9999.000,9999.000,9999.000,9999.000,9999.000,9999.000
202606201700,   2.408,   2.787,   0.400,  -0.021,   2.787,   0.400,   2.787,   0.500,   2.887
202606201706,   2.468,   2.850,9999.000,9999.000,9999.000,9999.000,9999.000,9999.000,9999.000
202606201712,   2.526,   2.919,9999.000,9999.000,9999.000,9999.000,9999.000,9999.000,9999.000
202606201718,   2.580,   2.988,9999.000,9999.000,9999.000,9999.000,9999.000,9999.000,9999.000
202606201724,   2.632,   3.040,9999.000,9999.000,9999.000,9999.000,9999.000,9999.000,9999.000
202606201730,   2.680,   3.079,9999.000,9999.000,9999.000,9999.000,9999.000,9999.000,9999.000
202606201736,   2.726,   3.138,9999.000,9999.000,9999.000,9999.000,9999.000,9999.000,9999.000
202606201742,   2.768,   3.178,9999.000,9999.000,9999.000,9999.000,9999.000,9999.000,9999.000
202606201748,   2.806,   3.207,9999.000,9999.000,9999.000,9999.000,9999.000,9999.000,9999.000
202606201754,   2.842,   3.260,9999.000,9999.000,9999.000,9999.000,9999.000,9999.000,9999.000
202606201800,   2.873,   3.289,   0.500,  -0.084,   3.289,   0.400,   3.189,   0.500,   3.289
202606201806,   2.901,   3.319,9999.000,9999.000,9999.000,9999.000,9999.000,9999.000,9999.000
202606201812,   2.925,   3.339,9999.000,9999.000,9999.000,9999.000,9999.000,9999.000,9999.000
202606201818,   2.946,   3.358,9999.000,9999.000,9999.000,9999.000,9999.000,9999.000,9999.000
202606201824,   2.962,   3.378,9999.000,9999.000,9999.000,9999.000,9999.000,9999.000,9999.000
202606201830,   2.975,   3.368,9999.000,9999.000,9999.000,9999.000,9999.000,9999.000,9999.000
202606201836,   2.984,   3.388,9999.000,9999.000,9999.000,9999.000,9999.000,9999.000,9999.000
202606201842,   2.989,   3.378,9999.000,9999.000,9999.000,9999.000,9999.000,9999.000,9999.000
202606201848,   2.991,   3.368,9999.000,9999.000,9999.000,9999.000,9999.000,9999.000,9999.000
202606201854,   2.988,   3.348,9999.000,9999.000,9999.000,9999.000,9999.000,9999.000,9999.000
202606201900,   2.982,   3.339,   0.500,  -0.143,   3.339,   0.400,   3.239,   0.500,   3.339
202606201906,   2.972,   3.329,9999.000,9999.000,9999.000,9999.000,9999.000,9999.000,9999.000
202606201912,   2.958,   3.299,9999.000,9999.000,9999.000,9999.000,9999.000,9999.000,9999.000
202606201918,   2.940,   3.279,9999.000,9999.000,9999.000,9999.000,9999.000,9999.000,9999.000
202606201924,   2.919,   3.279,9999.000,9999.000,9999.000,9999.000,9999.000,9999.000,9999.000
202606201930,   2.895,   3.230,9999.000,9999.000,9999.000,9999.000,9999.000,9999.000,9999.000
202606201936,   2.867,   3.188,9999.000,9999.000,9999.000,9999.000,9999.000,9999.000,9999.000
202606201942,   2.836,   3.158,9999.000,9999.000,9999.000,9999.000,9999.000,9999.000,9999.000
202606201948,   2.802,   3.109,9999.000,9999.000,9999.000,9999.000,9999.000,9999.000,9999.000
202606201954,   2.765,   3.060,9999.000,9999.000,9999.000,9999.000,9999.000,9999.000,9999.000
202606202000,   2.726,   3.007,   0.500,  -0.219,   3.007,   0.400,   2.907,   0.500,   3.007
202606202006,   2.683,   2.948,9999.000,9999.000,9999.000,9999.000,9999.000,9999.000,9999.000
202606202012,   2.638,   2.899,9999.000,9999.000,9999.000,9999.000,9999.000,9999.000,9999.000
202606202018,   2.591,   2.830,9999.000,9999.000,9999.000,9999.000,9999.000,9999.000,9999.000
202606202024,   2.541,   2.758,9999.000,9999.000,9999.000,9999.000,9999.000,9999.000,9999.000
202606202030,   2.489,   2.699,9999.000,9999.000,9999.000,9999.000,9999.000,9999.000,9999.000
202606202036,   2.435,   2.640,9999.000,9999.000,9999.000,9999.000,9999.000,9999.000,9999.000
202606202042,   2.380,   2.587,9999.000,9999.000,9999.000,9999.000,9999.000,9999.000,9999.000
202606202048,   2.323,   2.538,9999.000,9999.000,9999.000,9999.000,9999.000,9999.000,9999.000
202606202054,   2.264,   2.489,9999.000,9999.000,9999.000,9999.000,9999.000,9999.000,9999.000
202606202100,   2.204,   2.459,   0.500,  -0.245,   2.459,   0.400,   2.359,   0.500,   2.459
202606202106,   2.143,   2.400,9999.000,9999.000,9999.000,9999.000,9999.000,9999.000,9999.000
202606202112,   2.081,   2.338,9999.000,9999.000,9999.000,9999.000,9999.000,9999.000,9999.000
202606202118,   2.018,   2.279,9999.000,9999.000,9999.000,9999.000,9999.000,9999.000,9999.000
202606202124,   1.954,   2.210,9999.000,9999.000,9999.000,9999.000,9999.000,9999.000,9999.000
202606202130,   1.889,   2.168,9999.000,9999.000,9999.000,9999.000,9999.000,9999.000,9999.000
202606202136,   1.824,   2.109,9999.000,9999.000,9999.000,9999.000,9999.000,9999.000,9999.000
202606202142,   1.758,   2.049,9999.000,9999.000,9999.000,9999.000,9999.000,9999.000,9999.000
202606202148,   1.692,   1.981,9999.000,9999.000,9999.000,9999.000,9999.000,9999.000,9999.000
202606202154,   1.626,   1.928,9999.000,9999.000,9999.000,9999.000,9999.000,9999.000,9999.000
202606202200,   1.560,   1.879,   0.400,  -0.081,   1.879,   0.400,   1.879,   0.500,   1.979
202606202206,   1.494,   1.820,9999.000,9999.000,9999.000,9999.000,9999.000,9999.000,9999.000
202606202212,   1.428,   1.758,9999.000,9999.000,9999.000,9999.000,9999.000,9999.000,9999.000
202606202218,   1.362,   1.708,9999.000,9999.000,9999.000,9999.000,9999.000,9999.000,9999.000
202606202224,   1.296,   1.669,9999.000,9999.000,9999.000,9999.000,9999.000,9999.000,9999.000
202606202230,   1.232,   1.620,9999.000,9999.000,9999.000,9999.000,9999.000,9999.000,9999.000
202606202236,   1.168,   1.548,9999.000,9999.000,9999.000,9999.000,9999.000,9999.000,9999.000
202606202242,   1.105,   1.498,9999.000,9999.000,9999.000,9999.000,9999.000,9999.000,9999.000
202606202248,   1.043,   1.449,9999.000,9999.000,9999.000,9999.000,9999.000,9999.000,9999.000
202606202254,   0.982,   1.380,9999.000,9999.000,9999.000,9999.000,9999.000,9999.000,9999.000
202606202300,   0.923,   1.318,   0.400,  -0.005,   1.318,   0.400,   1.318,   0.500,   1.418
202606202306,   0.865,   1.259,9999.000,9999.000,9999.000,9999.000,9999.000,9999.000,9999.000
202606202312,   0.809,   1.190,9999.000,9999.000,9999.000,9999.000,9999.000,9999.000,9999.000
202606202318,   0.755,   1.128,9999.000,9999.000,9999.000,9999.000,9999.000,9999.000,9999.000
202606202324,   0.703,   1.079,9999.000,9999.000,9999.000,9999.000,9999.000,9999.000,9999.000
202606202330,   0.653,   1.020,9999.000,9999.000,9999.000,9999.000,9999.000,9999.000,9999.000
202606202336,   0.605,   0.951,9999.000,9999.000,9999.000,9999.000,9999.000,9999.000,9999.000
202606202342,   0.560,   0.898,9999.000,9999.000,9999.000,9999.000,9999.000,9999.000,9999.000
202606202348,   0.517,   0.849,9999.000,9999.000,9999.000,9999.000,9999.000,9999.000,9999.000
202606202354,   0.477,   0.810,9999.000,9999.000,9999.000,9999.000,9999.000,9999.000,9999.000
202606210000,   0.441,   0.760,   0.400,  -0.081,   0.760,   0.400,   0.760,   0.500,   0.860
202606210006,   0.407,   0.708,9999.000,9999.000,9999.000,9999.000,9999.000,9999.000,9999.000
202606210012,   0.376,   0.669,9999.000,9999.000,9999.000,9999.000,9999.000,9999.000,9999.000
202606210018,   0.348,   0.639,9999.000,9999.000,9999.000,9999.000,9999.000,9999.000,9999.000
202606210024,   0.323,   0.610,9999.000,9999.000,9999.000,9999.000,9999.000,9999.000,9999.000
202606210030,   0.302,   0.580,9999.000,9999.000,9999.000,9999.000,9999.000,9999.000,9999.000
202606210036,   0.284,   0.570,9999.000,9999.000,9999.000,9999.000,9999.000,9999.000,9999.000
202606210042,   0.269,   0.560,9999.000,9999.000,9999.000,9999.000,9999.000,9999.000,9999.000
202606210048,   0.258,   0.541,9999.000,9999.000,9999.000,9999.000,9999.000,9999.000,9999.000
202606210054,   0.250,   0.541,9999.000,9999.000,9999.000,9999.000,9999.000,9999.000,9999.000
202606210100,   0.245,   0.541,   0.400,  -0.104,   0.541,   0.400,   0.541,   0.500,   0.641
202606210106,   0.243,   0.551,9999.000,9999.000,9999.000,9999.000,9999.000,9999.000,9999.000
202606210112,   0.245,   0.551,9999.000,9999.000,9999.000,9999.000,9999.000,9999.000,9999.000
202606210118,   0.250,   0.570,9999.000,9999.000,9999.000,9999.000,9999.000,9999.000,9999.000
202606210124,   0.259,   0.590,9999.000,9999.000,9999.000,9999.000,9999.000,9999.000,9999.000
202606210130,   0.270,   0.610,9999.000,9999.000,9999.000,9999.000,9999.000,9999.000,9999.000
202606210136,   0.285,   0.639,9999.000,9999.000,9999.000,9999.000,9999.000,9999.000,9999.000
202606210142,   0.302,   0.678,9999.000,9999.000,9999.000,9999.000,9999.000,9999.000,9999.000
202606210148,   0.323,   0.718,9999.000,9999.000,9999.000,9999.000,9999.000,9999.000,9999.000
202606210154,   0.347,   0.760,9999.000,9999.000,9999.000,9999.000,9999.000,9999.000,9999.000
202606210200,   0.374,   0.800,   0.400,   0.026,   0.800,   0.400,   0.800,   0.500,   0.900
202606210206,   0.403,   0.849,9999.000,9999.000,9999.000,9999.000,9999.000,9999.000,9999.000
202606210212,   0.436,   0.898,9999.000,9999.000,9999.000,9999.000,9999.000,9999.000,9999.000
202606210218,   0.471,   0.941,9999.000,9999.000,9999.000,9999.000,9999.000,9999.000,9999.000
202606210224,   0.509,   0.980,9999.000,9999.000,9999.000,9999.000,9999.000,9999.000,9999.000
202606210230,   0.549,   1.029,9999.000,9999.000,9999.000,9999.000,9999.000,9999.000,9999.000
202606210236,   0.592,   1.079,9999.000,9999.000,9999.000,9999.000,9999.000,9999.000,9999.000
202606210242,   0.638,   1.128,9999.000,9999.000,9999.000,9999.000,9999.000,9999.000,9999.000
202606210248,   0.686,   1.180,9999.000,9999.000,9999.000,9999.000,9999.000,9999.000,9999.000
202606210254,   0.737,   1.220,9999.000,9999.000,9999.000,9999.000,9999.000,9999.000,9999.000
202606210300,   0.789,   1.269,   0.400,   0.080,   1.269,   0.400,   1.269,   0.400,   1.269
202606210306,   0.844,   1.318,9999.000,9999.000,9999.000,9999.000,9999.000,9999.000,9999.000
202606210312,   0.900,   1.380,9999.000,9999.000,9999.000,9999.000,9999.000,9999.000,9999.000
202606210318,   0.959,   1.439,9999.000,9999.000,9999.000,9999.000,9999.000,9999.000,9999.000
202606210324,   1.019,   1.508,9999.000,9999.000,9999.000,9999.000,9999.000,9999.000,9999.000
202606210330,   1.081,   1.571,9999.000,9999.000,9999.000,9999.000,9999.000,9999.000,9999.000
202606210336,   1.144,   1.630,9999.000,9999.000,9999.000,9999.000,9999.000,9999.000,9999.000
202606210342,   1.209,   1.699,9999.000,9999.000,9999.000,9999.000,9999.000,9999.000,9999.000
202606210348,   1.274,   1.758,9999.000,9999.000,9999.000,9999.000,9999.000,9999.000,9999.000
202606210354,   1.341,   1.820,9999.000,9999.000,9999.000,9999.000,9999.000,9999.000,9999.000
202606210400,   1.408,   1.889,   0.400,   0.081,   1.889,   0.400,   1.889,   0.400,   1.889
202606210406,   1.475,   1.948,9999.000,9999.000,9999.000,9999.000,9999.000,9999.000,9999.000
202606210412,   1.543,   2.000,9999.000,9999.000,9999.000,9999.000,9999.000,9999.000,9999.000
202606210418,   1.611,   2.059,9999.000,9999.000,9999.000,9999.000,9999.000,9999.000,9999.000
202606210424,   1.679,   2.128,9999.000,9999.000,9999.000,9999.000,9999.000,9999.000,9999.000
202606210430,   1.746,   2.191,9999.000,9999.000,9999.000,9999.000,9999.000,9999.000,9999.000
202606210436,   1.813,   2.259,9999.000,9999.000,9999.000,9999.000,9999.000,9999.000,9999.000
202606210442,   1.879,   2.328,9999.000,9999.000,9999.000,9999.000,9999.000,9999.000,9999.000
202606210448,   1.945,   2.400,9999.000,9999.000,9999.000,9999.000,9999.000,9999.000,9999.000
202606210454,   2.009,   2.469,9999.000,9999.000,9999.000,9999.000,9999.000,9999.000,9999.000
202606210500,   2.071,   2.538,   0.400,   0.067,   2.538,   0.300,   2.438,   0.400,   2.538
202606210506,   2.132,   2.597,9999.000,9999.000,9999.000,9999.000,9999.000,9999.000,9999.000
202606210512,   2.191,   2.650,9999.000,9999.000,9999.000,9999.000,9999.000,9999.000,9999.000
202606210518,   2.249,   2.719,9999.000,9999.000,9999.000,9999.000,9999.000,9999.000,9999.000
202606210524,   2.304,   2.768,9999.000,9999.000,9999.000,9999.000,9999.000,9999.000,9999.000
202606210530,   2.357,   2.807,9999.000,9999.000,9999.000,9999.000,9999.000,9999.000,9999.000
202606210536,   2.407,   2.860,9999.000,9999.000,9999.000,9999.000,9999.000,9999.000,9999.000
202606210542,   2.455,   2.909,9999.000,9999.000,9999.000,9999.000,9999.000,9999.000,9999.000
202606210548,   2.500,   2.948,9999.000,9999.000,9999.000,9999.000,9999.000,9999.000,9999.000
202606210554,   2.543,   2.988,9999.000,9999.000,9999.000,9999.000,9999.000,9999.000,9999.000
202606210600,   2.582,   3.017,   0.400,   0.035,   3.017,   0.300,   2.917,   0.400,   3.017
202606210606,   2.618,   3.040,9999.000,9999.000,9999.000,9999.000,9999.000,9999.000,9999.000
202606210612,   2.651,   3.060,9999.000,9999.000,9999.000,9999.000,9999.000,9999.000,9999.000
202606210618,   2.681,   3.079,9999.000,9999.000,9999.000,9999.000,9999.000,9999.000,9999.000
202606210624,   2.707,   3.099,9999.000,9999.000,9999.000,9999.000,9999.000,9999.000,9999.000
202606210630,   2.730,   3.099,9999.000,9999.000,9999.000,9999.000,9999.000,9999.000,9999.000
202606210636,   2.750,   3.109,9999.000,9999.000,9999.000,9999.000,9999.000,9999.000,9999.000
202606210642,   2.766,   3.109,9999.000,9999.000,9999.000,9999.000,9999.000,9999.000,9999.000
202606210648,   2.778,   3.099,9999.000,9999.000,9999.000,9999.000,9999.000,9999.000,9999.000
202606210654,   2.786,   3.089,9999.000,9999.000,9999.000,9999.000,9999.000,9999.000,9999.000
202606210700,   2.791,   3.079,   0.300,  -0.012,   3.079,   0.300,   3.079,   0.400,   3.179
202606210706,   2.793,   3.070,9999.000,9999.000,9999.000,9999.000,9999.000,9999.000,9999.000
202606210712,   2.791,   3.050,9999.000,9999.000,9999.000,9999.000,9999.000,9999.000,9999.000
202606210718,   2.785,   3.030,9999.000,9999.000,9999.000,9999.000,9999.000,9999.000,9999.000
202606210724,   2.776,   3.007,9999.000,9999.000,9999.000,9999.000,9999.000,9999.000,9999.000
202606210730,   2.763,   2.988,9999.000,9999.000,9999.000,9999.000,9999.000,9999.000,9999.000
202606210736,   2.747,   2.968,9999.000,9999.000,9999.000,9999.000,9999.000,9999.000,9999.000
202606210742,   2.727,   2.938,9999.000,9999.000,9999.000,9999.000,9999.000,9999.000,9999.000
202606210748,   2.705,   2.909,9999.000,9999.000,9999.000,9999.000,9999.000,9999.000,9999.000
202606210754,   2.679,   2.879,9999.000,9999.000,9999.000,9999.000,9999.000,9999.000,9999.000
202606210800,   2.650,   2.850,   0.300,  -0.100,   2.850,   0.200,   2.750,   0.400,   2.950
202606210806,   2.618,   2.797,9999.000,9999.000,9999.000,9999.000,9999.000,9999.000,9999.000
202606210812,   2.584,   2.738,9999.000,9999.000,9999.000,9999.000,9999.000,9999.000,9999.000
202606210818,   2.547,   2.699,9999.000,9999.000,9999.000,9999.000,9999.000,9999.000,9999.000
202606210824,   2.508,   2.660,9999.000,9999.000,9999.000,9999.000,9999.000,9999.000,9999.000
202606210830,   2.466,   2.597,9999.000,9999.000,9999.000,9999.000,9999.000,9999.000,9999.000
202606210836,   2.422,   2.538,9999.000,9999.000,9999.000,9999.000,9999.000,9999.000,9999.000
202606210842,   2.376,   2.499,9999.000,9999.000,9999.000,9999.000,9999.000,9999.000,9999.000
202606210848,   2.329,   2.459,9999.000,9999.000,9999.000,9999.000,9999.000,9999.000,9999.000
202606210854,   2.279,   2.400,9999.000,9999.000,9999.000,9999.000,9999.000,9999.000,9999.000
202606210900,   2.228,   2.368,   0.300,  -0.160,   2.368,   0.200,   2.268,   0.300,   2.368
202606210906,   2.176,   2.338,9999.000,9999.000,9999.000,9999.000,9999.000,9999.000,9999.000
202606210912,   2.122,   2.299,9999.000,9999.000,9999.000,9999.000,9999.000,9999.000,9999.000
202606210918,   2.068,   2.250,9999.000,9999.000,9999.000,9999.000,9999.000,9999.000,9999.000
202606210924,   2.012,   2.200,9999.000,9999.000,9999.000,9999.000,9999.000,9999.000,9999.000
202606210930,   1.955,   2.158,9999.000,9999.000,9999.000,9999.000,9999.000,9999.000,9999.000
202606210936,   1.897,   2.118,9999.000,9999.000,9999.000,9999.000,9999.000,9999.000,9999.000
202606210942,   1.839,   2.059,9999.000,9999.000,9999.000,9999.000,9999.000,9999.000,9999.000
202606210948,   1.780,   2.000,9999.000,9999.000,9999.000,9999.000,9999.000,9999.000,9999.000
202606210954,   1.720,   1.938,9999.000,9999.000,9999.000,9999.000,9999.000,9999.000,9999.000
202606211000,   1.660,   1.889,   0.300,  -0.071,   1.889,   0.200,   1.789,   0.300,   1.889
202606211006,   1.600,   1.830,9999.000,9999.000,9999.000,9999.000,9999.000,9999.000,9999.000
202606211012,   1.539,   1.758,9999.000,9999.000,9999.000,9999.000,9999.000,9999.000,9999.000
202606211018,   1.478,   1.708,9999.000,9999.000,9999.000,9999.000,9999.000,9999.000,9999.000
202606211024,   1.417,   1.649,9999.000,9999.000,9999.000,9999.000,9999.000,9999.000,9999.000
202606211030,   1.356,   1.600,9999.000,9999.000,9999.000,9999.000,9999.000,9999.000,9999.000
202606211036,   1.295,   1.528,9999.000,9999.000,9999.000,9999.000,9999.000,9999.000,9999.000
202606211042,   1.233,   1.469,9999.000,9999.000,9999.000,9999.000,9999.000,9999.000,9999.000
202606211048,   1.173,   1.410,9999.000,9999.000,9999.000,9999.000,9999.000,9999.000,9999.000
202606211054,   1.112,   1.338,9999.000,9999.000,9999.000,9999.000,9999.000,9999.000,9999.000
202606211100,   1.052,   1.279,   0.300,  -0.073,   1.279,   0.200,   1.179,   0.300,   1.279
202606211106,   0.993,   1.210,9999.000,9999.000,9999.000,9999.000,9999.000,9999.000,9999.000
202606211112,   0.935,   1.138,9999.000,9999.000,9999.000,9999.000,9999.000,9999.000,9999.000
202606211118,   0.877,   1.069,9999.000,9999.000,9999.000,9999.000,9999.000,9999.000,9999.000
202606211124,   0.821,   0.990,9999.000,9999.000,9999.000,9999.000,9999.000,9999.000,9999.000
202606211130,   0.766,   0.928,9999.000,9999.000,9999.000,9999.000,9999.000,9999.000,9999.000
202606211136,   0.712,   0.879,9999.000,9999.000,9999.000,9999.000,9999.000,9999.000,9999.000
202606211142,   0.660,   0.810,9999.000,9999.000,9999.000,9999.000,9999.000,9999.000,9999.000
202606211148,   0.610,   0.751,9999.000,9999.000,9999.000,9999.000,9999.000,9999.000,9999.000
202606211154,   0.561,   0.698,9999.000,9999.000,9999.000,9999.000,9999.000,9999.000,9999.000
202606211200,   0.515,   0.659,   0.400,  -0.256,   0.659,   0.300,   0.559,   0.400,   0.659
202606211206,   0.471,   0.619,9999.000,9999.000,9999.000,9999.000,9999.000,9999.000,9999.000
202606211212,   0.430,   0.560,9999.000,9999.000,9999.000,9999.000,9999.000,9999.000,9999.000
202606211218,   0.391,   0.531,9999.000,9999.000,9999.000,9999.000,9999.000,9999.000,9999.000
202606211224,   0.354,   0.488,9999.000,9999.000,9999.000,9999.000,9999.000,9999.000,9999.000
202606211230,   0.321,   0.449,9999.000,9999.000,9999.000,9999.000,9999.000,9999.000,9999.000
202606211236,   0.291,   0.419,9999.000,9999.000,9999.000,9999.000,9999.000,9999.000,9999.000
202606211242,   0.263,   0.400,9999.000,9999.000,9999.000,9999.000,9999.000,9999.000,9999.000
202606211248,   0.239,   0.380,9999.000,9999.000,9999.000,9999.000,9999.000,9999.000,9999.000
202606211254,   0.218,   0.360,9999.000,9999.000,9999.000,9999.000,9999.000,9999.000,9999.000
202606211300,   0.201,   0.350,   0.400,  -0.251,   0.350,   0.300,   0.250,   0.400,   0.350
202606211306,   0.186,   0.341,9999.000,9999.000,9999.000,9999.000,9999.000,9999.000,9999.000
202606211312,   0.176,   0.341,9999.000,9999.000,9999.000,9999.000,9999.000,9999.000,9999.000
202606211318,   0.168,   0.341,9999.000,9999.000,9999.000,9999.000,9999.000,9999.000,9999.000
202606211324,   0.164,   0.360,9999.000,9999.000,9999.000,9999.000,9999.000,9999.000,9999.000
202606211330,   0.163,   0.380,9999.000,9999.000,9999.000,9999.000,9999.000,9999.000,9999.000
202606211336,   0.166,   0.390,9999.000,9999.000,9999.000,9999.000,9999.000,9999.000,9999.000
202606211342,   0.172,   0.400,9999.000,9999.000,9999.000,9999.000,9999.000,9999.000,9999.000
202606211348,   0.181,   0.429,9999.000,9999.000,9999.000,9999.000,9999.000,9999.000,9999.000
202606211354,   0.194,   0.469,9999.000,9999.000,9999.000,9999.000,9999.000,9999.000,9999.000
202606211400,   0.210,   0.488,   0.400,  -0.122,   0.488,   0.300,   0.388,   0.400,   0.488
202606211406,   0.229,   0.518,9999.000,9999.000,9999.000,9999.000,9999.000,9999.000,9999.000
202606211412,   0.251,   0.570,9999.000,9999.000,9999.000,9999.000,9999.000,9999.000,9999.000
202606211418,   0.276,   0.590,9999.000,9999.000,9999.000,9999.000,9999.000,9999.000,9999.000
202606211424,   0.304,   0.629,9999.000,9999.000,9999.000,9999.000,9999.000,9999.000,9999.000
202606211430,   0.336,   0.688,9999.000,9999.000,9999.000,9999.000,9999.000,9999.000,9999.000
202606211436,   0.370,   0.731,9999.000,9999.000,9999.000,9999.000,9999.000,9999.000,9999.000
202606211442,   0.407,   0.760,9999.000,9999.000,9999.000,9999.000,9999.000,9999.000,9999.000
202606211448,   0.446,   0.810,9999.000,9999.000,9999.000,9999.000,9999.000,9999.000,9999.000
202606211454,   0.489,   0.869,9999.000,9999.000,9999.000,9999.000,9999.000,9999.000,9999.000
202606211500,   0.534,   0.918,   0.400,  -0.016,   0.918,   0.300,   0.818,   0.400,   0.918
202606211506,   0.581,   0.951,9999.000,9999.000,9999.000,9999.000,9999.000,9999.000,9999.000
202606211512,   0.631,   1.000,9999.000,9999.000,9999.000,9999.000,9999.000,9999.000,9999.000
202606211518,   0.684,   1.059,9999.000,9999.000,9999.000,9999.000,9999.000,9999.000,9999.000
202606211524,   0.739,   1.128,9999.000,9999.000,9999.000,9999.000,9999.000,9999.000,9999.000
202606211530,   0.795,   1.170,9999.000,9999.000,9999.000,9999.000,9999.000,9999.000,9999.000
202606211536,   0.854,   1.229,9999.000,9999.000,9999.000,9999.000,9999.000,9999.000,9999.000
202606211542,   0.915,   1.308,9999.000,9999.000,9999.000,9999.000,9999.000,9999.000,9999.000
202606211548,   0.978,   1.390,9999.000,9999.000,9999.000,9999.000,9999.000,9999.000,9999.000
202606211554,   1.043,   1.459,9999.000,9999.000,9999.000,9999.000,9999.000,9999.000,9999.000
202606211600,   1.109,   1.538,   0.400,   0.029,   1.538,   0.300,   1.438,   0.400,   1.538
202606211606,   1.177,   1.630,9999.000,9999.000,9999.000,9999.000,9999.000,9999.000,9999.000
202606211612,   1.245,   1.708,9999.000,9999.000,9999.000,9999.000,9999.000,9999.000,9999.000
202606211618,   1.315,   1.767,9999.000,9999.000,9999.000,9999.000,9999.000,9999.000,9999.000
202606211624,   1.386,   1.840,9999.000,9999.000,9999.000,9999.000,9999.000,9999.000,9999.000
202606211630,   1.458,   1.918,9999.000,9999.000,9999.000,9999.000,9999.000,9999.000,9999.000
202606211636,   1.530,   1.981,9999.000,9999.000,9999.000,9999.000,9999.000,9999.000,9999.000
202606211642,   1.602,   2.040,9999.000,9999.000,9999.000,9999.000,9999.000,9999.000,9999.000
202606211648,   1.675,   2.109,9999.000,9999.000,9999.000,9999.000,9999.000,9999.000,9999.000
202606211654,   1.747,   2.191,9999.000,9999.000,9999.000,9999.000,9999.000,9999.000,9999.000
202606211700,   1.819,   2.259,   0.400,   0.040,   2.259,   0.300,   2.159,   0.400,   2.259
202606211706,   1.891,   2.348,9999.000,9999.000,9999.000,9999.000,9999.000,9999.000,9999.000
202606211712,   1.962,   2.430,9999.000,9999.000,9999.000,9999.000,9999.000,9999.000,9999.000
202606211718,   2.032,   2.499,9999.000,9999.000,9999.000,9999.000,9999.000,9999.000,9999.000
202606211724,   2.101,   2.578,9999.000,9999.000,9999.000,9999.000,9999.000,9999.000,9999.000
202606211730,   2.169,   2.650,9999.000,9999.000,9999.000,9999.000,9999.000,9999.000,9999.000
202606211736,   2.235,   2.709,9999.000,9999.000,9999.000,9999.000,9999.000,9999.000,9999.000
202606211742,   2.299,   2.768,9999.000,9999.000,9999.000,9999.000,9999.000,9999.000,9999.000
202606211748,   2.362,   2.830,9999.000,9999.000,9999.000,9999.000,9999.000,9999.000,9999.000
202606211754,   2.422,   2.879,9999.000,9999.000,9999.000,9999.000,9999.000,9999.000,9999.000
202606211800,   2.480,   2.929,   0.400,   0.049,   2.929,   0.400,   2.929,   0.400,   2.929
202606211806,   2.536,   2.978,9999.000,9999.000,9999.000,9999.000,9999.000,9999.000,9999.000
202606211812,   2.589,   3.030,9999.000,9999.000,9999.000,9999.000,9999.000,9999.000,9999.000
202606211818,   2.639,   3.079,9999.000,9999.000,9999.000,9999.000,9999.000,9999.000,9999.000
202606211824,   2.686,   3.138,9999.000,9999.000,9999.000,9999.000,9999.000,9999.000,9999.000
202606211830,   2.730,   3.197,9999.000,9999.000,9999.000,9999.000,9999.000,9999.000,9999.000
202606211836,   2.771,   3.230,9999.000,9999.000,9999.000,9999.000,9999.000,9999.000,9999.000
202606211842,   2.808,   3.270,9999.000,9999.000,9999.000,9999.000,9999.000,9999.000,9999.000
202606211848,   2.842,   3.299,9999.000,9999.000,9999.000,9999.000,9999.000,9999.000,9999.000
202606211854,   2.873,   3.329,9999.000,9999.000,9999.000,9999.000,9999.000,9999.000,9999.000
202606211900,   2.900,   3.378,   0.400,   0.078,   3.378,   0.400,   3.378,   0.500,   3.478
202606211906,   2.923,   3.407,9999.000,9999.000,9999.000,9999.000,9999.000,9999.000,9999.000
202606211912,   2.943,   3.417,9999.000,9999.000,9999.000,9999.000,9999.000,9999.000,9999.000
202606211918,   2.959,   3.427,9999.000,9999.000,9999.000,9999.000,9999.000,9999.000,9999.000
202606211924,   2.971,   3.440,9999.000,9999.000,9999.000,9999.000,9999.000,9999.000,9999.000
202606211930,   2.980,   3.440,9999.000,9999.000,9999.000,9999.000,9999.000,9999.000,9999.000
202606211936,   2.984,   3.460,9999.000,9999.000,9999.000,9999.000,9999.000,9999.000,9999.000
202606211942,   2.986,   3.460,9999.000,9999.000,9999.000,9999.000,9999.000,9999.000,9999.000
202606211948,   2.983,   3.460,9999.000,9999.000,9999.000,9999.000,9999.000,9999.000,9999.000
202606211954,   2.977,   3.460,9999.000,9999.000,9999.000,9999.000,9999.000,9999.000,9999.000
202606212000,   2.967,   3.470,   0.400,   0.103,   3.470,   0.400,   3.470,   0.500,   3.570
202606212006,   2.954,   3.470,9999.000,9999.000,9999.000,9999.000,9999.000,9999.000,9999.000
202606212012,   2.938,   3.460,9999.000,9999.000,9999.000,9999.000,9999.000,9999.000,9999.000
202606212018,   2.918,   3.450,9999.000,9999.000,9999.000,9999.000,9999.000,9999.000,9999.000
202606212024,   2.895,   3.417,9999.000,9999.000,9999.000,9999.000,9999.000,9999.000,9999.000
202606212030,   2.870,   3.398,9999.000,9999.000,9999.000,9999.000,9999.000,9999.000,9999.000
202606212036,   2.841,   3.368,9999.000,9999.000,9999.000,9999.000,9999.000,9999.000,9999.000
202606212042,   2.810,   3.329,9999.000,9999.000,9999.000,9999.000,9999.000,9999.000,9999.000
202606212048,   2.776,   3.299,9999.000,9999.000,9999.000,9999.000,9999.000,9999.000,9999.000
202606212054,   2.740,   3.279,9999.000,9999.000,9999.000,9999.000,9999.000,9999.000,9999.000
202606212100,   2.702,   3.250,   0.500,   0.048,   3.250,   0.400,   3.150,   0.500,   3.250
202606212106,   2.661,   3.207,9999.000,9999.000,9999.000,9999.000,9999.000,9999.000,9999.000
202606212112,   2.619,   3.178,9999.000,9999.000,9999.000,9999.000,9999.000,9999.000,9999.000
202606212118,   2.574,   3.148,9999.000,9999.000,9999.000,9999.000,9999.000,9999.000,9999.000
202606212124,   2.528,   3.099,9999.000,9999.000,9999.000,9999.000,9999.000,9999.000,9999.000
202606212130,   2.481,   3.060,9999.000,9999.000,9999.000,9999.000,9999.000,9999.000,9999.000
202606212136,   2.431,   3.007,9999.000,9999.000,9999.000,9999.000,9999.000,9999.000,9999.000
202606212142,   2.381,   2.958,9999.000,9999.000,9999.000,9999.000,9999.000,9999.000,9999.000
202606212148,   2.329,   2.909,9999.000,9999.000,9999.000,9999.000,9999.000,9999.000,9999.000
202606212154,   2.276,   2.850,9999.000,9999.000,9999.000,9999.000,9999.000,9999.000,9999.000
202606212200,   2.222,   2.787,   0.500,   0.065,   2.787,   0.400,   2.687,   0.500,   2.787
202606212206,   2.167,   2.728,9999.000,9999.000,9999.000,9999.000,9999.000,9999.000,9999.000
202606212212,   2.111,   2.679,9999.000,9999.000,9999.000,9999.000,9999.000,9999.000,9999.000
202606212218,   2.054,   2.620,9999.000,9999.000,9999.000,9999.000,9999.000,9999.000,9999.000
202606212224,   1.996,   2.558,9999.000,9999.000,9999.000,9999.000,9999.000,9999.000,9999.000
202606212230,   1.937,   2.499,9999.000,9999.000,9999.000,9999.000,9999.000,9999.000,9999.000
202606212236,   1.877,   2.440,9999.000,9999.000,9999.000,9999.000,9999.000,9999.000,9999.000
202606212242,   1.817,   2.377,9999.000,9999.000,9999.000,9999.000,9999.000,9999.000,9999.000
202606212248,   1.757,   2.309,9999.000,9999.000,9999.000,9999.000,9999.000,9999.000,9999.000
202606212254,   1.695,   2.250,9999.000,9999.000,9999.000,9999.000,9999.000,9999.000,9999.000
202606212300,   1.634,   2.168,   0.500,   0.034,   2.168,   0.400,   2.068,   0.500,   2.168
202606212306,   1.572,   2.099,9999.000,9999.000,9999.000,9999.000,9999.000,9999.000,9999.000
202606212312,   1.509,   2.040,9999.000,9999.000,9999.000,9999.000,9999.000,9999.000,9999.000
202606212318,   1.447,   1.981,9999.000,9999.000,9999.000,9999.000,9999.000,9999.000,9999.000
202606212324,   1.385,   1.918,9999.000,9999.000,9999.000,9999.000,9999.000,9999.000,9999.000
202606212330,   1.323,   1.849,9999.000,9999.000,9999.000,9999.000,9999.000,9999.000,9999.000
202606212336,   1.261,   1.781,9999.000,9999.000,9999.000,9999.000,9999.000,9999.000,9999.000
202606212342,   1.200,   1.718,9999.000,9999.000,9999.000,9999.000,9999.000,9999.000,9999.000
202606212348,   1.139,   1.659,9999.000,9999.000,9999.000,9999.000,9999.000,9999.000,9999.000
202606212354,   1.080,   1.590,9999.000,9999.000,9999.000,9999.000,9999.000,9999.000,9999.000
202606220000,   1.021,   1.528,   0.500,   0.007,   1.528,   0.500,   1.528,   0.600,   1.628
202606220006,   0.964,   1.479,9999.000,9999.000,9999.000,9999.000,9999.000,9999.000,9999.000
202606220012,   0.908,   1.420,9999.000,9999.000,9999.000,9999.000,9999.000,9999.000,9999.000
202606220018,   0.854,   1.361,9999.000,9999.000,9999.000,9999.000,9999.000,9999.000,9999.000
202606220024,   0.802,   1.298,9999.000,9999.000,9999.000,9999.000,9999.000,9999.000,9999.000
202606220030,   0.751,   1.239,9999.000,9999.000,9999.000,9999.000,9999.000,9999.000,9999.000
202606220036,   0.703,   1.190,9999.000,9999.000,9999.000,9999.000,9999.000,9999.000,9999.000
202606220042,   0.658,   1.138,9999.000,9999.000,9999.000,9999.000,9999.000,9999.000,9999.000
202606220048,   0.615,   1.088,9999.000,9999.000,9999.000,9999.000,9999.000,9999.000,9999.000
202606220054,   0.575,   1.039,9999.000,9999.000,9999.000,9999.000,9999.000,9999.000,9999.000
202606220100,   0.537,   0.990,   0.500,  -0.047,   0.990,   0.500,   0.990,   0.600,   1.090
202606220106,   0.503,   0.970,9999.000,9999.000,9999.000,9999.000,9999.000,9999.000,9999.000
202606220112,   0.471,   0.908,9999.000,9999.000,9999.000,9999.000,9999.000,9999.000,9999.000
202606220118,   0.443,   0.898,9999.000,9999.000,9999.000,9999.000,9999.000,9999.000,9999.000
202606220124,   0.418,   0.888,9999.000,9999.000,9999.000,9999.000,9999.000,9999.000,9999.000
202606220130,   0.397,   0.859,9999.000,9999.000,9999.000,9999.000,9999.000,9999.000,9999.000
202606220136,   0.378,   0.829,9999.000,9999.000,9999.000,9999.000,9999.000,9999.000,9999.000
202606220142,   0.363,   0.819,9999.000,9999.000,9999.000,9999.000,9999.000,9999.000,9999.000
202606220148,   0.352,   0.819,9999.000,9999.000,9999.000,9999.000,9999.000,9999.000,9999.000
202606220154,   0.343,   0.810,9999.000,9999.000,9999.000,9999.000,9999.000,9999.000,9999.000
202606220200,   0.338,   0.810,   0.500,  -0.028,   0.810,   0.500,   0.810,   0.600,   0.910
202606220206,   0.336,   0.810,9999.000,9999.000,9999.000,9999.000,9999.000,9999.000,9999.000
202606220212,   0.338,   0.810,9999.000,9999.000,9999.000,9999.000,9999.000,9999.000,9999.000
202606220218,   0.342,   0.819,9999.000,9999.000,9999.000,9999.000,9999.000,9999.000,9999.000
202606220224,   0.350,   0.839,9999.000,9999.000,9999.000,9999.000,9999.000,9999.000,9999.000
202606220230,   0.361,   0.869,9999.000,9999.000,9999.000,9999.000,9999.000,9999.000,9999.000
202606220236,   0.374,   0.908,9999.000,9999.000,9999.000,9999.000,9999.000,9999.000,9999.000
202606220242,   0.391,   0.941,9999.000,9999.000,9999.000,9999.000,9999.000,9999.000,9999.000
202606220248,   0.410,   0.980,9999.000,9999.000,9999.000,9999.000,9999.000,9999.000,9999.000
202606220254,   0.433,   1.020,9999.000,9999.000,9999.000,9999.000,9999.000,9999.000,9999.000
202606220300,   0.457,   1.069,   0.500,   0.112,   1.069,   0.500,   1.069,   0.600,   1.169
202606220306,   0.485,   1.118,9999.000,9999.000,9999.000,9999.000,9999.000,9999.000,9999.000
202606220312,   0.515,   1.170,9999.000,9999.000,9999.000,9999.000,9999.000,9999.000,9999.000
202606220318,   0.548,   1.220,9999.000,9999.000,9999.000,9999.000,9999.000,9999.000,9999.000
202606220324,   0.583,   1.259,9999.000,9999.000,9999.000,9999.000,9999.000,9999.000,9999.000
202606220330,   0.620,   1.308,9999.000,9999.000,9999.000,9999.000,9999.000,9999.000,9999.000
202606220336,   0.660,   1.348,9999.000,9999.000,9999.000,9999.000,9999.000,9999.000,9999.000
202606220342,   0.701,   1.400,9999.000,9999.000,9999.000,9999.000,9999.000,9999.000,9999.000
202606220348,   0.745,   1.439,9999.000,9999.000,9999.000,9999.000,9999.000,9999.000,9999.000
202606220354,   0.792,   1.498,9999.000,9999.000,9999.000,9999.000,9999.000,9999.000,9999.000
202606220400,   0.840,   1.548,   0.500,   0.208,   1.548,   0.500,   1.548,   0.600,   1.648
202606220406,   0.889,   1.610,9999.000,9999.000,9999.000,9999.000,9999.000,9999.000,9999.000
202606220412,   0.941,   1.659,9999.000,9999.000,9999.000,9999.000,9999.000,9999.000,9999.000
202606220418,   0.994,   1.718,9999.000,9999.000,9999.000,9999.000,9999.000,9999.000,9999.000
202606220424,   1.049,   1.790,9999.000,9999.000,9999.000,9999.000,9999.000,9999.000,9999.000
202606220430,   1.106,   1.840,9999.000,9999.000,9999.000,9999.000,9999.000,9999.000,9999.000
202606220436,   1.163,   1.889,9999.000,9999.000,9999.000,9999.000,9999.000,9999.000,9999.000
202606220442,   1.222,   1.948,9999.000,9999.000,9999.000,9999.000,9999.000,9999.000,9999.000
202606220448,   1.282,   2.000,9999.000,9999.000,9999.000,9999.000,9999.000,9999.000,9999.000
202606220454,   1.342,   2.049,9999.000,9999.000,9999.000,9999.000,9999.000,9999.000,9999.000
202606220500,   1.403,   2.089,   0.600,   0.086,   2.089,   0.500,   1.989,   0.600,   2.089
202606220506,   1.465,   2.138,9999.000,9999.000,9999.000,9999.000,9999.000,9999.000,9999.000
202606220512,   1.526,   2.191,9999.000,9999.000,9999.000,9999.000,9999.000,9999.000,9999.000
202606220518,   1.588,   2.250,9999.000,9999.000,9999.000,9999.000,9999.000,9999.000,9999.000
202606220524,   1.650,   2.309,9999.000,9999.000,9999.000,9999.000,9999.000,9999.000,9999.000
202606220530,   1.711,   2.368,9999.000,9999.000,9999.000,9999.000,9999.000,9999.000,9999.000
202606220536,   1.772,   2.420,9999.000,9999.000,9999.000,9999.000,9999.000,9999.000,9999.000
202606220542,   1.832,   2.489,9999.000,9999.000,9999.000,9999.000,9999.000,9999.000,9999.000
202606220548,   1.891,   2.548,9999.000,9999.000,9999.000,9999.000,9999.000,9999.000,9999.000
202606220554,   1.949,   2.597,9999.000,9999.000,9999.000,9999.000,9999.000,9999.000,9999.000
202606220600,   2.005,   2.650,   0.500,   0.145,   2.650,   0.500,   2.650,   0.600,   2.750
202606220606,   2.060,   2.699,9999.000,9999.000,9999.000,9999.000,9999.000,9999.000,9999.000
202606220612,   2.113,   2.738,9999.000,9999.000,9999.000,9999.000,9999.000,9999.000,9999.000
202606220618,   2.164,   2.787,9999.000,9999.000,9999.000,9999.000,9999.000,9999.000,9999.000
202606220624,   2.213,   2.840,9999.000,9999.000,9999.000,9999.000,9999.000,9999.000,9999.000
202606220630,   2.259,   2.879,9999.000,9999.000,9999.000,9999.000,9999.000,9999.000,9999.000
202606220636,   2.303,   2.919,9999.000,9999.000,9999.000,9999.000,9999.000,9999.000,9999.000
202606220642,   2.345,   2.958,9999.000,9999.000,9999.000,9999.000,9999.000,9999.000,9999.000
202606220648,   2.384,   2.997,9999.000,9999.000,9999.000,9999.000,9999.000,9999.000,9999.000
202606220654,   2.419,   3.040,9999.000,9999.000,9999.000,9999.000,9999.000,9999.000,9999.000
202606220700,   2.452,   3.079,   0.500,   0.127,   3.079,   0.500,   3.079,   0.500,   3.079
202606220706,   2.482,   3.109,9999.000,9999.000,9999.000,9999.000,9999.000,9999.000,9999.000
202606220712,   2.508,   3.138,9999.000,9999.000,9999.000,9999.000,9999.000,9999.000,9999.000
202606220718,   2.531,   3.168,9999.000,9999.000,9999.000,9999.000,9999.000,9999.000,9999.000
202606220724,   2.551,   3.178,9999.000,9999.000,9999.000,9999.000,9999.000,9999.000,9999.000
202606220730,   2.567,   3.197,9999.000,9999.000,9999.000,9999.000,9999.000,9999.000,9999.000
202606220736,   2.580,   3.207,9999.000,9999.000,9999.000,9999.000,9999.000,9999.000,9999.000
202606220742,   2.590,   3.217,9999.000,9999.000,9999.000,9999.000,9999.000,9999.000,9999.000
202606220748,   2.596,   3.230,9999.000,9999.000,9999.000,9999.000,9999.000,9999.000,9999.000
202606220754,   2.599,   3.230,9999.000,9999.000,9999.000,9999.000,9999.000,9999.000,9999.000
202606220800,   2.598,   3.230,   0.500,   0.132,   3.230,   0.400,   3.130,   0.500,   3.230
202606220806,   2.595,   3.217,9999.000,9999.000,9999.000,9999.000,9999.000,9999.000,9999.000
202606220812,   2.588,   3.217,9999.000,9999.000,9999.000,9999.000,9999.000,9999.000,9999.000
202606220818,   2.577,   3.207,9999.000,9999.000,9999.000,9999.000,9999.000,9999.000,9999.000
202606220824,   2.564,   3.197,9999.000,9999.000,9999.000,9999.000,9999.000,9999.000,9999.000
202606220830,   2.548,   3.188,9999.000,9999.000,9999.000,9999.000,9999.000,9999.000,9999.000
202606220836,   2.529,   3.168,9999.000,9999.000,9999.000,9999.000,9999.000,9999.000,9999.000
202606220842,   2.507,   3.148,9999.000,9999.000,9999.000,9999.000,9999.000,9999.000,9999.000
202606220848,   2.483,   3.119,9999.000,9999.000,9999.000,9999.000,9999.000,9999.000,9999.000
202606220854,   2.456,   3.079,9999.000,9999.000,9999.000,9999.000,9999.000,9999.000,9999.000
202606220900,   2.427,   3.040,   0.500,   0.113,   3.040,   0.400,   2.940,   0.500,   3.040
202606220906,   2.396,   2.997,9999.000,9999.000,9999.000,9999.000,9999.000,9999.000,9999.000
202606220912,   2.362,   2.958,9999.000,9999.000,9999.000,9999.000,9999.000,9999.000,9999.000
202606220918,   2.327,   2.909,9999.000,9999.000,9999.000,9999.000,9999.000,9999.000,9999.000
202606220924,   2.290,   2.869,9999.000,9999.000,9999.000,9999.000,9999.000,9999.000,9999.000
202606220930,   2.252,   2.820,9999.000,9999.000,9999.000,9999.000,9999.000,9999.000,9999.000
202606220936,   2.212,   2.768,9999.000,9999.000,9999.000,9999.000,9999.000,9999.000,9999.000
202606220942,   2.170,   2.728,9999.000,9999.000,9999.000,9999.000,9999.000,9999.000,9999.000
202606220948,   2.127,   2.679,9999.000,9999.000,9999.000,9999.000,9999.000,9999.000,9999.000
202606220954,   2.083,   2.620,9999.000,9999.000,9999.000,9999.000,9999.000,9999.000,9999.000
202606221000,   2.038,   2.568,   0.500,   0.030,   2.568,   0.400,   2.468,   0.500,   2.568
202606221006,   1.992,   2.519,9999.000,9999.000,9999.000,9999.000,9999.000,9999.000,9999.000
202606221012,   1.944,   2.479,9999.000,9999.000,9999.000,9999.000,9999.000,9999.000,9999.000
202606221018,   1.896,   2.420,9999.000,9999.000,9999.000,9999.000,9999.000,9999.000,9999.000
202606221024,   1.847,   2.358,9999.000,9999.000,9999.000,9999.000,9999.000,9999.000,9999.000
202606221030,   1.797,   2.299,9999.000,9999.000,9999.000,9999.000,9999.000,9999.000,9999.000
202606221036,   1.746,   2.240,9999.000,9999.000,9999.000,9999.000,9999.000,9999.000,9999.000
202606221042,   1.695,   2.177,9999.000,9999.000,9999.000,9999.000,9999.000,9999.000,9999.000
202606221048,   1.643,   2.118,9999.000,9999.000,9999.000,9999.000,9999.000,9999.000,9999.000
202606221054,   1.590,   2.049,9999.000,9999.000,9999.000,9999.000,9999.000,9999.000,9999.000
202606221100,   1.536,   1.981,   0.500,  -0.055,   1.981,   0.400,   1.881,   0.500,   1.981
202606221106,   1.482,   1.918,9999.000,9999.000,9999.000,9999.000,9999.000,9999.000,9999.000
202606221112,   1.427,   1.849,9999.000,9999.000,9999.000,9999.000,9999.000,9999.000,9999.000
202606221118,   1.372,   1.790,9999.000,9999.000,9999.000,9999.000,9999.000,9999.000,9999.000
202606221124,   1.316,   1.728,9999.000,9999.000,9999.000,9999.000,9999.000,9999.000,9999.000
202606221130,   1.260,   1.669,9999.000,9999.000,9999.000,9999.000,9999.000,9999.000,9999.000
202606221136,   1.204,   1.600,9999.000,9999.000,9999.000,9999.000,9999.000,9999.000,9999.000
202606221142,   1.148,   1.548,9999.000,9999.000,9999.000,9999.000,9999.000,9999.000,9999.000
202606221148,   1.092,   1.489,9999.000,9999.000,9999.000,9999.000,9999.000,9999.000,9999.000
202606221154,   1.036,   1.430,9999.000,9999.000,9999.000,9999.000,9999.000,9999.000,9999.000
202606221200,   0.980,   1.371,   0.500,  -0.109,   1.371,   0.400,   1.271,   0.500,   1.371
202606221206,   0.925,   1.308,9999.000,9999.000,9999.000,9999.000,9999.000,9999.000,9999.000
202606221212,   0.871,   1.249,9999.000,9999.000,9999.000,9999.000,9999.000,9999.000,9999.000
202606221218,   0.817,   1.200,9999.000,9999.000,9999.000,9999.000,9999.000,9999.000,9999.000
202606221224,   0.765,   1.138,9999.000,9999.000,9999.000,9999.000,9999.000,9999.000,9999.000
202606221230,   0.714,   1.088,9999.000,9999.000,9999.000,9999.000,9999.000,9999.000,9999.000
202606221236,   0.665,   1.029,9999.000,9999.000,9999.000,9999.000,9999.000,9999.000,9999.000
202606221242,   0.617,   0.980,9999.000,9999.000,9999.000,9999.000,9999.000,9999.000,9999.000
202606221248,   0.572,   0.928,9999.000,9999.000,9999.000,9999.000,9999.000,9999.000,9999.000
202606221254,   0.528,   0.879,9999.000,9999.000,9999.000,9999.000,9999.000,9999.000,9999.000
202606221300,   0.487,   0.839,   0.400,  -0.048,   0.839,   0.400,   0.839,   0.500,   0.939
202606221306,   0.449,   0.790,9999.000,9999.000,9999.000,9999.000,9999.000,9999.000,9999.000
202606221312,   0.413,   0.760,9999.000,9999.000,9999.000,9999.000,9999.000,9999.000,9999.000
202606221318,   0.380,   0.731,9999.000,9999.000,9999.000,9999.000,9999.000,9999.000,9999.000
202606221324,   0.350,   0.688,9999.000,9999.000,9999.000,9999.000,9999.000,9999.000,9999.000
202606221330,   0.323,   0.659,9999.000,9999.000,9999.000,9999.000,9999.000,9999.000,9999.000
202606221336,   0.299,   0.629,9999.000,9999.000,9999.000,9999.000,9999.000,9999.000,9999.000
202606221342,   0.278,   0.600,9999.000,9999.000,9999.000,9999.000,9999.000,9999.000,9999.000
202606221348,   0.261,   0.580,9999.000,9999.000,9999.000,9999.000,9999.000,9999.000,9999.000
202606221354,   0.247,   0.551,9999.000,9999.000,9999.000,9999.000,9999.000,9999.000,9999.000
202606221400,   0.237,   0.541,   0.400,  -0.096,   0.541,   0.400,   0.541,   0.400,   0.541
202606221406,   0.230,   0.531,9999.000,9999.000,9999.000,9999.000,9999.000,9999.000,9999.000
202606221412,   0.226,   0.508,9999.000,9999.000,9999.000,9999.000,9999.000,9999.000,9999.000
202606221418,   0.226,   0.508,9999.000,9999.000,9999.000,9999.000,9999.000,9999.000,9999.000
202606221424,   0.229,   0.498,9999.000,9999.000,9999.000,9999.000,9999.000,9999.000,9999.000
202606221430,   0.235,   0.508,9999.000,9999.000,9999.000,9999.000,9999.000,9999.000,9999.000
202606221436,   0.244,   0.531,9999.000,9999.000,9999.000,9999.000,9999.000,9999.000,9999.000
202606221442,   0.257,   0.551,9999.000,9999.000,9999.000,9999.000,9999.000,9999.000,9999.000
202606221448,   0.272,   0.580,9999.000,9999.000,9999.000,9999.000,9999.000,9999.000,9999.000
202606221454,   0.290,   0.600,9999.000,9999.000,9999.000,9999.000,9999.000,9999.000,9999.000
202606221500,   0.312,   0.639,   0.400,  -0.073,   0.639,   0.300,   0.539,   0.400,   0.639
202606221506,   0.336,   0.678,9999.000,9999.000,9999.000,9999.000,9999.000,9999.000,9999.000
202606221512,   0.363,   0.718,9999.000,9999.000,9999.000,9999.000,9999.000,9999.000,9999.000
202606221518,   0.392,   0.770,9999.000,9999.000,9999.000,9999.000,9999.000,9999.000,9999.000
202606221524,   0.424,   0.829,9999.000,9999.000,9999.000,9999.000,9999.000,9999.000,9999.000
202606221530,   0.459,   0.879,9999.000,9999.000,9999.000,9999.000,9999.000,9999.000,9999.000
202606221536,   0.496,   0.928,9999.000,9999.000,9999.000,9999.000,9999.000,9999.000,9999.000
202606221542,   0.536,   0.980,9999.000,9999.000,9999.000,9999.000,9999.000,9999.000,9999.000
202606221548,   0.578,   1.029,9999.000,9999.000,9999.000,9999.000,9999.000,9999.000,9999.000
202606221554,   0.622,   1.079,9999.000,9999.000,9999.000,9999.000,9999.000,9999.000,9999.000
202606221600,   0.669,   1.118,   0.400,   0.049,   1.118,   0.300,   1.018,   0.400,   1.118
202606221606,   0.717,   1.180,9999.000,9999.000,9999.000,9999.000,9999.000,9999.000,9999.000
202606221612,   0.768,   1.249,9999.000,9999.000,9999.000,9999.000,9999.000,9999.000,9999.000
202606221618,   0.821,   1.308,9999.000,9999.000,9999.000,9999.000,9999.000,9999.000,9999.000
202606221624,   0.876,   1.371,9999.000,9999.000,9999.000,9999.000,9999.000,9999.000,9999.000
202606221630,   0.933,   1.439,9999.000,9999.000,9999.000,9999.000,9999.000,9999.000,9999.000
202606221636,   0.992,   1.508,9999.000,9999.000,9999.000,9999.000,9999.000,9999.000,9999.000
202606221642,   1.052,9999.000,9999.000,9999.000,9999.000,9999.000,9999.000,9999.000,9999.000
202606221648,   1.115,   1.630,9999.000,9999.000,9999.000,9999.000,9999.000,9999.000,9999.000
202606221654,   1.178,   1.689,9999.000,9999.000,9999.000,9999.000,9999.000,9999.000,9999.000
202606221700,   1.243,   1.748,   0.300,   0.205,   1.748,   0.300,   1.748,   0.400,   1.848
202606221706,   1.310,   1.800,9999.000,9999.000,9999.000,9999.000,9999.000,9999.000,9999.000
202606221712,   1.377,   1.859,9999.000,9999.000,9999.000,9999.000,9999.000,9999.000,9999.000
202606221718,   1.446,   1.908,9999.000,9999.000,9999.000,9999.000,9999.000,9999.000,9999.000
202606221724,   1.515,   1.958,9999.000,9999.000,9999.000,9999.000,9999.000,9999.000,9999.000
202606221730,   1.584,   2.010,9999.000,9999.000,9999.000,9999.000,9999.000,9999.000,9999.000
202606221736,   1.654,   2.079,9999.000,9999.000,9999.000,9999.000,9999.000,9999.000,9999.000
202606221742,   1.725,   2.158,9999.000,9999.000,9999.000,9999.000,9999.000,9999.000,9999.000
202606221748,   1.795,   2.230,9999.000,9999.000,9999.000,9999.000,9999.000,9999.000,9999.000
202606221754,   1.865,   2.299,9999.000,9999.000,9999.000,9999.000,9999.000,9999.000,9999.000
202606221800,   1.934,   2.377,   0.400,   0.043,   2.377,   0.300,   2.277,   0.400,   2.377
202606221806,   2.003,   2.440,9999.000,9999.000,9999.000,9999.000,9999.000,9999.000,9999.000
202606221812,   2.071,   2.509,9999.000,9999.000,9999.000,9999.000,9999.000,9999.000,9999.000
202606221818,   2.138,   2.578,9999.000,9999.000,9999.000,9999.000,9999.000,9999.000,9999.000
202606221824,   2.203,   2.630,9999.000,9999.000,9999.000,9999.000,9999.000,9999.000,9999.000
202606221830,   2.267,   2.709,9999.000,9999.000,9999.000,9999.000,9999.000,9999.000,9999.000
202606221836,   2.329,   2.758,9999.000,9999.000,9999.000,9999.000,9999.000,9999.000,9999.000
202606221842,   2.389,   2.807,9999.000,9999.000,9999.000,9999.000,9999.000,9999.000,9999.000
202606221848,   2.447,   2.869,9999.000,9999.000,9999.000,9999.000,9999.000,9999.000,9999.000
202606221854,   2.502,   2.948,9999.000,9999.000,9999.000,9999.000,9999.000,9999.000,9999.000
202606221900,   2.555,   3.017,   0.400,   0.062,   3.017,   0.300,   2.917,   0.400,   3.017
202606221906,   2.606,   3.070,9999.000,9999.000,9999.000,9999.000,9999.000,9999.000,9999.000
202606221912,   2.653,   3.129,9999.000,9999.000,9999.000,9999.000,9999.000,9999.000,9999.000
202606221918,   2.697,   3.178,9999.000,9999.000,9999.000,9999.000,9999.000,9999.000,9999.000
202606221924,   2.739,   3.217,9999.000,9999.000,9999.000,9999.000,9999.000,9999.000,9999.000
202606221930,   2.777,   3.270,9999.000,9999.000,9999.000,9999.000,9999.000,9999.000,9999.000
202606221936,   2.812,   3.299,9999.000,9999.000,9999.000,9999.000,9999.000,9999.000,9999.000
202606221942,   2.843,   3.329,9999.000,9999.000,9999.000,9999.000,9999.000,9999.000,9999.000
202606221948,   2.871,   3.358,9999.000,9999.000,9999.000,9999.000,9999.000,9999.000,9999.000
202606221954,   2.896,   3.388,9999.000,9999.000,9999.000,9999.000,9999.000,9999.000,9999.000
202606222000,   2.917,   3.417,   0.300,   0.200,   3.417,   0.300,   3.417,   0.400,   3.517
202606222006,   2.935,   3.440,9999.000,9999.000,9999.000,9999.000,9999.000,9999.000,9999.000
202606222012,   2.949,   3.450,9999.000,9999.000,9999.000,9999.000,9999.000,9999.000,9999.000
202606222018,   2.960,   3.460,9999.000,9999.000,9999.000,9999.000,9999.000,9999.000,9999.000
202606222024,   2.967,   3.460,9999.000,9999.000,9999.000,9999.000,9999.000,9999.000,9999.000
202606222030,   2.971,   3.450,9999.000,9999.000,9999.000,9999.000,9999.000,9999.000,9999.000
202606222036,   2.972,   3.450,9999.000,9999.000,9999.000,9999.000,9999.000,9999.000,9999.000
202606222042,   2.970,   3.440,9999.000,9999.000,9999.000,9999.000,9999.000,9999.000,9999.000
202606222048,   2.964,   3.440,9999.000,9999.000,9999.000,9999.000,9999.000,9999.000,9999.000
202606222054,   2.956,   3.417,9999.000,9999.000,9999.000,9999.000,9999.000,9999.000,9999.000
202606222100,   2.944,   3.407,   0.300,   0.163,   3.407,   0.300,   3.407,   0.400,   3.507
202606222106,   2.930,   3.378,9999.000,9999.000,9999.000,9999.000,9999.000,9999.000,9999.000
202606222112,   2.912,   3.348,9999.000,9999.000,9999.000,9999.000,9999.000,9999.000,9999.000
202606222118,   2.893,   3.329,9999.000,9999.000,9999.000,9999.000,9999.000,9999.000,9999.000
202606222124,   2.870,   3.289,9999.000,9999.000,9999.000,9999.000,9999.000,9999.000,9999.000
202606222130,   2.846,   3.260,9999.000,9999.000,9999.000,9999.000,9999.000,9999.000,9999.000
202606222136,   2.819,   3.230,9999.000,9999.000,9999.000,9999.000,9999.000,9999.000,9999.000
202606222142,   2.790,   3.188,9999.000,9999.000,9999.000,9999.000,9999.000,9999.000,9999.000
202606222148,   2.759,   3.158,9999.000,9999.000,9999.000,9999.000,9999.000,9999.000,9999.000
202606222154,   2.726,   3.119,9999.000,9999.000,9999.000,9999.000,9999.000,9999.000,9999.000
202606222200,   2.691,   3.079,   0.300,   0.088,   3.079,   0.300,   3.079,   0.400,   3.179
202606222206,   2.654,   3.030,9999.000,9999.000,9999.000,9999.000,9999.000,9999.000,9999.000
202606222212,   2.615,   2.978,9999.000,9999.000,9999.000,9999.000,9999.000,9999.000,9999.000
202606222218,   2.575,   2.938,9999.000,9999.000,9999.000,9999.000,9999.000,9999.000,9999.000
202606222224,   2.533,   2.889,9999.000,9999.000,9999.000,9999.000,9999.000,9999.000,9999.000
202606222230,   2.490,   2.840,9999.000,9999.000,9999.000,9999.000,9999.000,9999.000,9999.000
202606222236,   2.445,   2.787,9999.000,9999.000,9999.000,9999.000,9999.000,9999.000,9999.000
202606222242,   2.398,   2.758,9999.000,9999.000,9999.000,9999.000,9999.000,9999.000,9999.000
202606222248,   2.350,   2.728,9999.000,9999.000,9999.000,9999.000,9999.000,9999.000,9999.000
202606222254,   2.301,   2.689,9999.000,9999.000,9999.000,9999.000,9999.000,9999.000,9999.000
202606222300,   2.250,   2.650,   0.300,   0.100,   2.650,   0.200,   2.550,   0.400,   2.750
202606222306,   2.198,   2.597,9999.000,9999.000,9999.000,9999.000,9999.000,9999.000,9999.000
202606222312,   2.144,   2.558,9999.000,9999.000,9999.000,9999.000,9999.000,9999.000,9999.000
202606222318,   2.090,   2.509,9999.000,9999.000,9999.000,9999.000,9999.000,9999.000,9999.000
202606222324,   2.033,   2.459,9999.000,9999.000,9999.000,9999.000,9999.000,9999.000,9999.000
202606222330,   1.976,   2.420,9999.000,9999.000,9999.000,9999.000,9999.000,9999.000,9999.000
202606222336,   1.918,   2.358,9999.000,9999.000,9999.000,9999.000,9999.000,9999.000,9999.000
202606222342,   1.858,   2.299,9999.000,9999.000,9999.000,9999.000,9999.000,9999.000,9999.000
202606222348,   1.798,   2.230,9999.000,9999.000,9999.000,9999.000,9999.000,9999.000,9999.000
202606222354,   1.736,   2.177,9999.000,9999.000,9999.000,9999.000,9999.000,9999.000,9999.000
202606230000,   1.674,   2.118,   0.300,   0.144,   2.118,   0.300,   2.118,   0.400,   2.218
202606230006,   1.612,   2.049,9999.000,9999.000,9999.000,9999.000,9999.000,9999.000,9999.000
202606230012,   1.549,   2.000,9999.000,9999.000,9999.000,9999.000,9999.000,9999.000,9999.000
202606230018,   1.485,   1.928,9999.000,9999.000,9999.000,9999.000,9999.000,9999.000,9999.000
202606230024,   1.422,   1.859,9999.000,9999.000,9999.000,9999.000,9999.000,9999.000,9999.000
202606230030,   1.359,   1.790,9999.000,9999.000,9999.000,9999.000,9999.000,9999.000,9999.000
202606230036,   1.296,   1.718,9999.000,9999.000,9999.000,9999.000,9999.000,9999.000,9999.000
202606230042,   1.234,   1.649,9999.000,9999.000,9999.000,9999.000,9999.000,9999.000,9999.000
202606230048,   1.173,   1.571,9999.000,9999.000,9999.000,9999.000,9999.000,9999.000,9999.000
202606230054,   1.113,   1.498,9999.000,9999.000,9999.000,9999.000,9999.000,9999.000,9999.000
202606230100,   1.054,   1.430,   0.300,   0.076,   1.430,   0.300,   1.430,   0.400,   1.530
202606230106,   0.996,   1.348,9999.000,9999.000,9999.000,9999.000,9999.000,9999.000,9999.000
202606230112,   0.940,   1.279,9999.000,9999.000,9999.000,9999.000,9999.000,9999.000,9999.000
202606230118,   0.887,   1.210,9999.000,9999.000,9999.000,9999.000,9999.000,9999.000,9999.000
202606230124,   0.835,   1.138,9999.000,9999.000,9999.000,9999.000,9999.000,9999.000,9999.000
202606230130,   0.786,   1.069,9999.000,9999.000,9999.000,9999.000,9999.000,9999.000,9999.000
202606230136,   0.739,   1.010,9999.000,9999.000,9999.000,9999.000,9999.000,9999.000,9999.000
202606230142,   0.695,   0.961,9999.000,9999.000,9999.000,9999.000,9999.000,9999.000,9999.000
202606230148,   0.654,   0.928,9999.000,9999.000,9999.000,9999.000,9999.000,9999.000,9999.000
202606230154,   0.616,   0.888,9999.000,9999.000,9999.000,9999.000,9999.000,9999.000,9999.000
202606230200,   0.580,   0.869,   0.400,  -0.111,   0.869,   0.200,   0.669,   0.500,   0.969
202606230206,   0.548,   0.819,9999.000,9999.000,9999.000,9999.000,9999.000,9999.000,9999.000
202606230212,   0.519,   0.800,9999.000,9999.000,9999.000,9999.000,9999.000,9999.000,9999.000
202606230218,   0.493,   0.780,9999.000,9999.000,9999.000,9999.000,9999.000,9999.000,9999.000
202606230224,   0.471,   0.741,9999.000,9999.000,9999.000,9999.000,9999.000,9999.000,9999.000
202606230230,   0.452,   0.718,9999.000,9999.000,9999.000,9999.000,9999.000,9999.000,9999.000
202606230236,   0.435,   0.718,9999.000,9999.000,9999.000,9999.000,9999.000,9999.000,9999.000
202606230242,   0.422,   0.698,9999.000,9999.000,9999.000,9999.000,9999.000,9999.000,9999.000
202606230248,   0.412,   0.688,9999.000,9999.000,9999.000,9999.000,9999.000,9999.000,9999.000
202606230254,   0.406,   0.741,9999.000,9999.000,9999.000,9999.000,9999.000,9999.000,9999.000
202606230300,   0.402,   0.849,   0.400,   0.047,   0.849,   0.300,   0.749,   0.500,   0.949
202606230306,   0.401,   0.961,9999.000,9999.000,9999.000,9999.000,9999.000,9999.000,9999.000
202606230312,   0.403,   1.069,9999.000,9999.000,9999.000,9999.000,9999.000,9999.000,9999.000
202606230318,   0.408,   1.249,9999.000,9999.000,9999.000,9999.000,9999.000,9999.000,9999.000
202606230324,   0.415,   1.459,9999.000,9999.000,9999.000,9999.000,9999.000,9999.000,9999.000
202606230330,   0.426,   1.630,9999.000,9999.000,9999.000,9999.000,9999.000,9999.000,9999.000
202606230336,   0.439,   1.728,9999.000,9999.000,9999.000,9999.000,9999.000,9999.000,9999.000
202606230342,   0.454,   1.781,9999.000,9999.000,9999.000,9999.000,9999.000,9999.000,9999.000
202606230348,   0.472,   1.899,9999.000,9999.000,9999.000,9999.000,9999.000,9999.000,9999.000
202606230354,   0.493,   2.020,9999.000,9999.000,9999.000,9999.000,9999.000,9999.000,9999.000
202606230400,   0.515,   2.069,   0.400,   1.154,   2.069,   0.300,   1.969,   0.500,   2.169
202606230406,   0.541,   2.030,9999.000,9999.000,9999.000,9999.000,9999.000,9999.000,9999.000
202606230412,   0.568,   2.030,9999.000,9999.000,9999.000,9999.000,9999.000,9999.000,9999.000
202606230418,   0.598,   2.059,9999.000,9999.000,9999.000,9999.000,9999.000,9999.000,9999.000
202606230424,   0.631,   2.020,9999.000,9999.000,9999.000,9999.000,9999.000,9999.000,9999.000
202606230430,   0.665,   1.948,9999.000,9999.000,9999.000,9999.000,9999.000,9999.000,9999.000
202606230436,   0.702,   1.918,9999.000,9999.000,9999.000,9999.000,9999.000,9999.000,9999.000
202606230442,   0.741,   1.938,9999.000,9999.000,9999.000,9999.000,9999.000,9999.000,9999.000
202606230448,   0.782,   1.918,9999.000,9999.000,9999.000,9999.000,9999.000,9999.000,9999.000
202606230454,   0.825,   1.869,9999.000,9999.000,9999.000,9999.000,9999.000,9999.000,9999.000
202606230500,   0.870,   1.800,   0.400,   0.530,   1.800,   0.300,   1.700,   0.500,   1.900
202606230506,   0.916,   1.728,9999.000,9999.000,9999.000,9999.000,9999.000,9999.000,9999.000
202606230512,   0.965,   1.689,9999.000,9999.000,9999.000,9999.000,9999.000,9999.000,9999.000
202606230518,   1.015,   1.639,9999.000,9999.000,9999.000,9999.000,9999.000,9999.000,9999.000
202606230524,   1.067,   1.548,9999.000,9999.000,9999.000,9999.000,9999.000,9999.000,9999.000
202606230530,   1.120,   1.498,9999.000,9999.000,9999.000,9999.000,9999.000,9999.000,9999.000
202606230536,   1.175,   1.479,9999.000,9999.000,9999.000,9999.000,9999.000,9999.000,9999.000
202606230542,   1.230,   1.420,9999.000,9999.000,9999.000,9999.000,9999.000,9999.000,9999.000
202606230548,   1.287,   1.361,9999.000,9999.000,9999.000,9999.000,9999.000,9999.000,9999.000
202606230554,   1.344,   1.338,9999.000,9999.000,9999.000,9999.000,9999.000,9999.000,9999.000
202606230600,   1.402,   1.371,   0.400,  -0.431,   1.371,   0.300,   1.271,   0.400,   1.371
202606230606,   1.460,   1.410,9999.000,9999.000,9999.000,9999.000,9999.000,9999.000,9999.000
202606230612,   1.518,   1.439,9999.000,9999.000,9999.000,9999.000,9999.000,9999.000,9999.000
202606230618,   1.576,   1.489,9999.000,9999.000,9999.000,9999.000,9999.000,9999.000,9999.000
202606230624,   1.633,   1.580,9999.000,9999.000,9999.000,9999.000,9999.000,9999.000,9999.000
202606230630,   1.690,   1.669,9999.000,9999.000,9999.000,9999.000,9999.000,9999.000,9999.000
202606230636,   1.747,   1.758,9999.000,9999.000,9999.000,9999.000,9999.000,9999.000,9999.000
202606230642,   1.802,   1.859,9999.000,9999.000,9999.000,9999.000,9999.000,9999.000,9999.000
202606230648,   1.856,   1.958,9999.000,9999.000,9999.000,9999.000,9999.000,9999.000,9999.000
202606230654,   1.909,   2.049,9999.000,9999.000,9999.000,9999.000,9999.000,9999.000,9999.000
202606230700,   1.959,   2.128,   0.400,  -0.231,   2.128,   0.300,   2.028,   0.400,   2.128
202606230706,   2.009,   2.200,9999.000,9999.000,9999.000,9999.000,9999.000,9999.000,9999.000
202606230712,   2.056,   2.259,9999.000,9999.000,9999.000,9999.000,9999.000,9999.000,9999.000
202606230718,   2.100,   2.338,9999.000,9999.000,9999.000,9999.000,9999.000,9999.000,9999.000
202606230724,   2.143,   2.410,9999.000,9999.000,9999.000,9999.000,9999.000,9999.000,9999.000
202606230730,   2.183,   2.479,9999.000,9999.000,9999.000,9999.000,9999.000,9999.000,9999.000
202606230736,   2.220,   2.548,9999.000,9999.000,9999.000,9999.000,9999.000,9999.000,9999.000
202606230742,   2.255,   2.620,9999.000,9999.000,9999.000,9999.000,9999.000,9999.000,9999.000
202606230748,   2.287,   2.709,9999.000,9999.000,9999.000,9999.000,9999.000,9999.000,9999.000
202606230754,   2.316,   2.778,9999.000,9999.000,9999.000,9999.000,9999.000,9999.000,9999.000
202606230800,   2.342,   2.830,   0.400,   0.088,   2.830,   0.300,   2.730,   0.400,   2.830
202606230806,   2.365,   2.869,9999.000,9999.000,9999.000,9999.000,9999.000,9999.000,9999.000
202606230812,   2.385,   2.879,9999.000,9999.000,9999.000,9999.000,9999.000,9999.000,9999.000
202606230818,   2.402,   2.879,9999.000,9999.000,9999.000,9999.000,9999.000,9999.000,9999.000
202606230824,   2.416,   2.889,9999.000,9999.000,9999.000,9999.000,9999.000,9999.000,9999.000
202606230830,   2.426,   2.889,9999.000,9999.000,9999.000,9999.000,9999.000,9999.000,9999.000
202606230836,   2.434,   2.860,9999.000,9999.000,9999.000,9999.000,9999.000,9999.000,9999.000
202606230842,   2.439,   2.807,9999.000,9999.000,9999.000,9999.000,9999.000,9999.000,9999.000
202606230848,   2.441,   2.787,9999.000,9999.000,9999.000,9999.000,9999.000,9999.000,9999.000
202606230854,   2.440,   2.768,9999.000,9999.000,9999.000,9999.000,9999.000,9999.000,9999.000
202606230900,   2.436,   2.748,   0.400,  -0.088,   2.748,   0.300,   2.648,   0.400,   2.748
202606230906,   2.430,   2.738,9999.000,9999.000,9999.000,9999.000,9999.000,9999.000,9999.000
202606230912,   2.421,   2.728,9999.000,9999.000,9999.000,9999.000,9999.000,9999.000,9999.000
202606230918,   2.409,   2.719,9999.000,9999.000,9999.000,9999.000,9999.000,9999.000,9999.000
202606230924,   2.395,   2.728,9999.000,9999.000,9999.000,9999.000,9999.000,9999.000,9999.000
202606230930,   2.379,   2.728,9999.000,9999.000,9999.000,9999.000,9999.000,9999.000,9999.000
202606230936,   2.360,   2.719,9999.000,9999.000,9999.000,9999.000,9999.000,9999.000,9999.000
202606230942,   2.339,   2.709,9999.000,9999.000,9999.000,9999.000,9999.000,9999.000,9999.000
202606230948,   2.316,   2.689,9999.000,9999.000,9999.000,9999.000,9999.000,9999.000,9999.000
202606230954,   2.292,   2.669,9999.000,9999.000,9999.000,9999.000,9999.000,9999.000,9999.000
202606231000,   2.265,   2.650,   0.400,  -0.015,   2.650,   0.300,   2.550,   0.500,   2.750
202606231006,   2.237,   2.630,9999.000,9999.000,9999.000,9999.000,9999.000,9999.000,9999.000
202606231012,   2.207,   2.620,9999.000,9999.000,9999.000,9999.000,9999.000,9999.000,9999.000
202606231018,   2.175,   2.610,9999.000,9999.000,9999.000,9999.000,9999.000,9999.000,9999.000
202606231024,   2.142,   2.597,9999.000,9999.000,9999.000,9999.000,9999.000,9999.000,9999.000
202606231030,   2.107,   2.578,9999.000,9999.000,9999.000,9999.000,9999.000,9999.000,9999.000
202606231036,   2.071,   2.578,9999.000,9999.000,9999.000,9999.000,9999.000,9999.000,9999.000
202606231042,   2.034,   2.578,9999.000,9999.000,9999.000,9999.000,9999.000,9999.000,9999.000
202606231048,   1.995,   2.558,9999.000,9999.000,9999.000,9999.000,9999.000,9999.000,9999.000
202606231054,   1.955,   2.548,9999.000,9999.000,9999.000,9999.000,9999.000,9999.000,9999.000
202606231100,   1.914,   2.519,   0.400,   0.205,   2.519,   0.300,   2.419,   0.500,   2.619
202606231106,   1.871,   2.489,9999.000,9999.000,9999.000,9999.000,9999.000,9999.000,9999.000
202606231112,   1.827,   2.450,9999.000,9999.000,9999.000,9999.000,9999.000,9999.000,9999.000
202606231118,   1.782,   2.400,9999.000,9999.000,9999.000,9999.000,9999.000,9999.000,9999.000
202606231124,   1.736,   2.368,9999.000,9999.000,9999.000,9999.000,9999.000,9999.000,9999.000
202606231130,   1.689,   2.338,9999.000,9999.000,9999.000,9999.000,9999.000,9999.000,9999.000
202606231136,   1.641,   2.309,9999.000,9999.000,9999.000,9999.000,9999.000,9999.000,9999.000
202606231142,   1.591,   2.279,9999.000,9999.000,9999.000,9999.000,9999.000,9999.000,9999.000
202606231148,   1.541,   2.259,9999.000,9999.000,9999.000,9999.000,9999.000,9999.000,9999.000
202606231154,   1.490,   2.240,9999.000,9999.000,9999.000,9999.000,9999.000,9999.000,9999.000
202606231200,   1.438,   2.210,   0.400,   0.372,   2.210,   0.300,   2.110,   0.400,   2.210
202606231206,   1.385,   2.168,9999.000,9999.000,9999.000,9999.000,9999.000,9999.000,9999.000
202606231212,   1.332,   2.109,9999.000,9999.000,9999.000,9999.000,9999.000,9999.000,9999.000
202606231218,   1.278,   2.049,9999.000,9999.000,9999.000,9999.000,9999.000,9999.000,9999.000
202606231224,   1.223,   1.981,9999.000,9999.000,9999.000,9999.000,9999.000,9999.000,9999.000
202606231230,   1.169,   1.879,9999.000,9999.000,9999.000,9999.000,9999.000,9999.000,9999.000
202606231236,   1.114,   1.790,9999.000,9999.000,9999.000,9999.000,9999.000,9999.000,9999.000
202606231242,   1.060,   1.699,9999.000,9999.000,9999.000,9999.000,9999.000,9999.000,9999.000
202606231248,   1.006,   1.620,9999.000,9999.000,9999.000,9999.000,9999.000,9999.000,9999.000
202606231254,   0.952,   1.538,9999.000,9999.000,9999.000,9999.000,9999.000,9999.000,9999.000
202606231300,   0.899,   1.469,   0.400,   0.170,   1.469,   0.300,   1.369,   0.400,   1.469
202606231306,   0.847,   1.410,9999.000,9999.000,9999.000,9999.000,9999.000,9999.000,9999.000
202606231312,   0.796,   1.361,9999.000,9999.000,9999.000,9999.000,9999.000,9999.000,9999.000
202606231318,   0.747,   1.289,9999.000,9999.000,9999.000,9999.000,9999.000,9999.000,9999.000
202606231324,   0.699,   1.239,9999.000,9999.000,9999.000,9999.000,9999.000,9999.000,9999.000
202606231330,   0.653,   1.180,9999.000,9999.000,9999.000,9999.000,9999.000,9999.000,9999.000
202606231336,   0.609,   1.118,9999.000,9999.000,9999.000,9999.000,9999.000,9999.000,9999.000
202606231342,   0.568,   1.059,9999.000,9999.000,9999.000,9999.000,9999.000,9999.000,9999.000
202606231348,   0.529,   1.000,9999.000,9999.000,9999.000,9999.000,9999.000,9999.000,9999.000
202606231354,   0.492,   0.941,9999.000,9999.000,9999.000,9999.000,9999.000,9999.000,9999.000
202606231400,   0.458,   0.879,   0.400,   0.021,   0.879,   0.300,   0.779,   0.400,   0.879
202606231406,   0.427,   0.829,9999.000,9999.000,9999.000,9999.000,9999.000,9999.000,9999.000
202606231412,   0.399,   0.790,9999.000,9999.000,9999.000,9999.000,9999.000,9999.000,9999.000
202606231418,   0.374,   0.751,9999.000,9999.000,9999.000,9999.000,9999.000,9999.000,9999.000
202606231424,   0.352,   0.731,9999.000,9999.000,9999.000,9999.000,9999.000,9999.000,9999.000
202606231430,   0.333,   0.708,9999.000,9999.000,9999.000,9999.000,9999.000,9999.000,9999.000
202606231436,   0.317,   0.718,9999.000,9999.000,9999.000,9999.000,9999.000,9999.000,9999.000
202606231442,   0.305,   0.751,9999.000,9999.000,9999.000,9999.000,9999.000,9999.000,9999.000
202606231448,   0.296,   0.780,9999.000,9999.000,9999.000,9999.000,9999.000,9999.000,9999.000
202606231454,   0.290,   2.299,9999.000,9999.000,9999.000,9999.000,9999.000,9999.000,9999.000
202606231500,   0.287,   1.748,   0.400,   1.061,   1.748,   0.400,   1.748,   0.500,   1.848
202606231506,   0.287,   0.869,9999.000,9999.000,9999.000,9999.000,9999.000,9999.000,9999.000
202606231512,   0.290,   0.898,9999.000,9999.000,9999.000,9999.000,9999.000,9999.000,9999.000
202606231518,   0.297,   0.928,9999.000,9999.000,9999.000,9999.000,9999.000,9999.000,9999.000
202606231524,   0.306,   0.951,9999.000,9999.000,9999.000,9999.000,9999.000,9999.000,9999.000
202606231530,   0.318,   0.980,9999.000,9999.000,9999.000,9999.000,9999.000,9999.000,9999.000
202606231536,   0.332,   0.990,9999.000,9999.000,9999.000,9999.000,9999.000,9999.000,9999.000
202606231542,   0.350,   1.010,9999.000,9999.000,9999.000,9999.000,9999.000,9999.000,9999.000
202606231548,   0.370,   1.059,9999.000,9999.000,9999.000,9999.000,9999.000,9999.000,9999.000
202606231554,   0.393,   1.088,9999.000,9999.000,9999.000,9999.000,9999.000,9999.000,9999.000
202606231600,   0.418,   1.118,   0.400,   0.300,   1.118,   0.400,   1.118,   0.500,   1.218
202606231606,   0.445,   1.170,9999.000,9999.000,9999.000,9999.000,9999.000,9999.000,9999.000
202606231612,   0.475,   1.229,9999.000,9999.000,9999.000,9999.000,9999.000,9999.000,9999.000
202606231618,   0.508,   1.289,9999.000,9999.000,9999.000,9999.000,9999.000,9999.000,9999.000
202606231624,   0.542,   1.338,9999.000,9999.000,9999.000,9999.000,9999.000,9999.000,9999.000
202606231630,   0.579,   1.390,9999.000,9999.000,9999.000,9999.000,9999.000,9999.000,9999.000
202606231636,   0.619,   1.430,9999.000,9999.000,9999.000,9999.000,9999.000,9999.000,9999.000
202606231642,   0.660,   1.459,9999.000,9999.000,9999.000,9999.000,9999.000,9999.000,9999.000
202606231648,   0.704,   1.498,9999.000,9999.000,9999.000,9999.000,9999.000,9999.000,9999.000
202606231654,   0.750,   1.538,9999.000,9999.000,9999.000,9999.000,9999.000,9999.000,9999.000
202606231700,   0.798,   1.580,   0.500,   0.282,   1.580,   0.400,   1.480,   0.500,   1.580
202606231706,   0.848,   1.620,9999.000,9999.000,9999.000,9999.000,9999.000,9999.000,9999.000
202606231712,   0.900,   1.659,9999.000,9999.000,9999.000,9999.000,9999.000,9999.000,9999.000
202606231718,   0.955,   1.699,9999.000,9999.000,9999.000,9999.000,9999.000,9999.000,9999.000
202606231724,   1.011,   1.748,9999.000,9999.000,9999.000,9999.000,9999.000,9999.000,9999.000
202606231730,   1.069,   1.820,9999.000,9999.000,9999.000,9999.000,9999.000,9999.000,9999.000
202606231736,   1.129,   1.889,9999.000,9999.000,9999.000,9999.000,9999.000,9999.000,9999.000
202606231742,   1.190,   1.967,9999.000,9999.000,9999.000,9999.000,9999.000,9999.000,9999.000
202606231748,   1.253,   2.030,9999.000,9999.000,9999.000,9999.000,9999.000,9999.000,9999.000
202606231754,   1.317,   2.079,9999.000,9999.000,9999.000,9999.000,9999.000,9999.000,9999.000
202606231800,   1.382,   2.148,   0.500,   0.266,   2.148,   0.500,   2.148,   0.600,   2.248
202606231806,   1.449,   2.240,9999.000,9999.000,9999.000,9999.000,9999.000,9999.000,9999.000
202606231812,   1.516,   2.299,9999.000,9999.000,9999.000,9999.000,9999.000,9999.000,9999.000
202606231818,   1.584,   2.377,9999.000,9999.000,9999.000,9999.000,9999.000,9999.000,9999.000
202606231824,   1.652,   2.450,9999.000,9999.000,9999.000,9999.000,9999.000,9999.000,9999.000
202606231830,   1.720,   2.519,9999.000,9999.000,9999.000,9999.000,9999.000,9999.000,9999.000
202606231836,   1.789,   2.578,9999.000,9999.000,9999.000,9999.000,9999.000,9999.000,9999.000
202606231842,   1.857,   2.660,9999.000,9999.000,9999.000,9999.000,9999.000,9999.000,9999.000
202606231848,   1.925,   2.719,9999.000,9999.000,9999.000,9999.000,9999.000,9999.000,9999.000
202606231854,   1.992,   2.807,9999.000,9999.000,9999.000,9999.000,9999.000,9999.000,9999.000
202606231900,   2.058,   2.919,   0.600,   0.261,   2.919,   0.500,   2.819,   0.600,   2.919
202606231906,   2.123,   3.050,9999.000,9999.000,9999.000,9999.000,9999.000,9999.000,9999.000
202606231912,   2.187,   3.138,9999.000,9999.000,9999.000,9999.000,9999.000,9999.000,9999.000
202606231918,   2.249,   3.230,9999.000,9999.000,9999.000,9999.000,9999.000,9999.000,9999.000
202606231924,   2.309,   3.289,9999.000,9999.000,9999.000,9999.000,9999.000,9999.000,9999.000
202606231930,   2.367,   3.407,9999.000,9999.000,9999.000,9999.000,9999.000,9999.000,9999.000
202606231936,   2.424,   3.499,9999.000,9999.000,9999.000,9999.000,9999.000,9999.000,9999.000
202606231942,   2.478,   3.588,9999.000,9999.000,9999.000,9999.000,9999.000,9999.000,9999.000
202606231948,   2.529,   3.689,9999.000,9999.000,9999.000,9999.000,9999.000,9999.000,9999.000
202606231954,   2.579,   3.788,9999.000,9999.000,9999.000,9999.000,9999.000,9999.000,9999.000
202606232000,   2.625,   3.909,   0.600,   0.684,   3.909,   0.500,   3.809,   0.700,   4.009
202606232006,   2.669,   3.978,9999.000,9999.000,9999.000,9999.000,9999.000,9999.000,9999.000
202606232012,   2.710,   4.027,9999.000,9999.000,9999.000,9999.000,9999.000,9999.000,9999.000
202606232018,   2.748,   4.047,9999.000,9999.000,9999.000,9999.000,9999.000,9999.000,9999.000
202606232024,   2.783,   4.080,9999.000,9999.000,9999.000,9999.000,9999.000,9999.000,9999.000
202606232030,   2.815,   4.090,9999.000,9999.000,9999.000,9999.000,9999.000,9999.000,9999.000
202606232036,   2.844,   4.090,9999.000,9999.000,9999.000,9999.000,9999.000,9999.000,9999.000
202606232042,   2.869,   4.099,9999.000,9999.000,9999.000,9999.000,9999.000,9999.000,9999.000
202606232048,   2.892,   4.099,9999.000,9999.000,9999.000,9999.000,9999.000,9999.000,9999.000
202606232054,   2.912,   4.119,9999.000,9999.000,9999.000,9999.000,9999.000,9999.000,9999.000
202606232100,   2.929,   4.129,   0.700,   0.500,   4.129,   0.600,   4.029,   0.800,   4.229
202606232106,   2.942,   4.129,9999.000,9999.000,9999.000,9999.000,9999.000,9999.000,9999.000
202606232112,   2.953,   4.119,9999.000,9999.000,9999.000,9999.000,9999.000,9999.000,9999.000
202606232118,   2.961,   4.099,9999.000,9999.000,9999.000,9999.000,9999.000,9999.000,9999.000
202606232124,   2.966,   4.070,9999.000,9999.000,9999.000,9999.000,9999.000,9999.000,9999.000
202606232130,   2.968,   4.037,9999.000,9999.000,9999.000,9999.000,9999.000,9999.000,9999.000
202606232136,   2.967,   4.017,9999.000,9999.000,9999.000,9999.000,9999.000,9999.000,9999.000
202606232142,   2.963,   3.988,9999.000,9999.000,9999.000,9999.000,9999.000,9999.000,9999.000
202606232148,   2.957,   3.939,9999.000,9999.000,9999.000,9999.000,9999.000,9999.000,9999.000
202606232154,   2.948,   3.939,9999.000,9999.000,9999.000,9999.000,9999.000,9999.000,9999.000
202606232200,   2.937,   3.929,   0.700,   0.292,   3.929,   0.600,   3.829,   0.900,   4.129
202606232206,   2.923,   3.909,9999.000,9999.000,9999.000,9999.000,9999.000,9999.000,9999.000
202606232212,   2.906,   3.899,9999.000,9999.000,9999.000,9999.000,9999.000,9999.000,9999.000
202606232218,   2.888,   3.880,9999.000,9999.000,9999.000,9999.000,9999.000,9999.000,9999.000
202606232224,   2.866,   3.899,9999.000,9999.000,9999.000,9999.000,9999.000,9999.000,9999.000
202606232230,   2.843,   3.909,9999.000,9999.000,9999.000,9999.000,9999.000,9999.000,9999.000
202606232236,   2.818,   3.919,9999.000,9999.000,9999.000,9999.000,9999.000,9999.000,9999.000
202606232242,   2.790,   3.919,9999.000,9999.000,9999.000,9999.000,9999.000,9999.000,9999.000
202606232248,   2.760,   3.939,9999.000,9999.000,9999.000,9999.000,9999.000,9999.000,9999.000
202606232254,   2.728,   3.939,9999.000,9999.000,9999.000,9999.000,9999.000,9999.000,9999.000
202606232300,   2.694,   3.958,   0.800,   0.464,   3.958,   0.600,   3.758,   1.000,   4.158
202606232306,   2.658,   3.978,9999.000,9999.000,9999.000,9999.000,9999.000,9999.000,9999.000
202606232312,   2.620,   3.988,9999.000,9999.000,9999.000,9999.000,9999.000,9999.000,9999.000
202606232318,   2.579,   3.978,9999.000,9999.000,9999.000,9999.000,9999.000,9999.000,9999.000
202606232324,   2.537,   3.968,9999.000,9999.000,9999.000,9999.000,9999.000,9999.000,9999.000
202606232330,   2.494,   3.949,9999.000,9999.000,9999.000,9999.000,9999.000,9999.000,9999.000
202606232336,   2.448,   3.939,9999.000,9999.000,9999.000,9999.000,9999.000,9999.000,9999.000
202606232342,   2.400,   3.919,9999.000,9999.000,9999.000,9999.000,9999.000,9999.000,9999.000
202606232348,   2.351,   3.880,9999.000,9999.000,9999.000,9999.000,9999.000,9999.000,9999.000
202606232354,   2.299,   3.827,9999.000,9999.000,9999.000,9999.000,9999.000,9999.000,9999.000
202606240000,   2.246,   3.798,   0.700,   0.852,   3.798,   0.600,   3.698,   0.800,   3.898
202606240006,   2.192,   3.768,9999.000,9999.000,9999.000,9999.000,9999.000,9999.000,9999.000
202606240012,   2.136,   3.709,9999.000,9999.000,9999.000,9999.000,9999.000,9999.000,9999.000
202606240018,   2.078,   3.650,9999.000,9999.000,9999.000,9999.000,9999.000,9999.000,9999.000
202606240024,   2.019,   3.598,9999.000,9999.000,9999.000,9999.000,9999.000,9999.000,9999.000
202606240030,   1.959,   3.539,9999.000,9999.000,9999.000,9999.000,9999.000,9999.000,9999.000
202606240036,   1.897,   3.470,9999.000,9999.000,9999.000,9999.000,9999.000,9999.000,9999.000
202606240042,   1.835,   3.398,9999.000,9999.000,9999.000,9999.000,9999.000,9999.000,9999.000
202606240048,   1.772,   3.309,9999.000,9999.000,9999.000,9999.000,9999.000,9999.000,9999.000
202606240054,   1.708,   3.207,9999.000,9999.000,9999.000,9999.000,9999.000,9999.000,9999.000
202606240100,   1.644,   3.119,   0.800,   0.675,   3.119,   0.700,   3.019,   0.900,   3.219
202606240106,   1.579,   3.017,9999.000,9999.000,9999.000,9999.000,9999.000,9999.000,9999.000
202606240112,   1.514,   2.919,9999.000,9999.000,9999.000,9999.000,9999.000,9999.000,9999.000
202606240118,   1.450,   2.807,9999.000,9999.000,9999.000,9999.000,9999.000,9999.000,9999.000
202606240124,   1.386,   2.699,9999.000,9999.000,9999.000,9999.000,9999.000,9999.000,9999.000
202606240130,   1.322,   2.597,9999.000,9999.000,9999.000,9999.000,9999.000,9999.000,9999.000
202606240136,   1.259,   2.519,9999.000,9999.000,9999.000,9999.000,9999.000,9999.000,9999.000
202606240142,   1.198,   2.450,9999.000,9999.000,9999.000,9999.000,9999.000,9999.000,9999.000
202606240148,   1.137,   2.368,9999.000,9999.000,9999.000,9999.000,9999.000,9999.000,9999.000
202606240154,   1.079,   2.309,9999.000,9999.000,9999.000,9999.000,9999.000,9999.000,9999.000
202606240200,   1.021,   2.259,   0.800,   0.438,   2.259,   0.700,   2.159,   0.900,   2.359
202606240206,   0.966,   2.210,9999.000,9999.000,9999.000,9999.000,9999.000,9999.000,9999.000
202606240212,   0.913,   2.148,9999.000,9999.000,9999.000,9999.000,9999.000,9999.000,9999.000
202606240218,   0.862,   2.069,9999.000,9999.000,9999.000,9999.000,9999.000,9999.000,9999.000
202606240224,   0.814,   1.990,9999.000,9999.000,9999.000,9999.000,9999.000,9999.000,9999.000
202606240230,   0.768,   1.908,9999.000,9999.000,9999.000,9999.000,9999.000,9999.000,9999.000
202606240236,   0.725,   1.840,9999.000,9999.000,9999.000,9999.000,9999.000,9999.000,9999.000
202606240242,   0.684,   1.781,9999.000,9999.000,9999.000,9999.000,9999.000,9999.000,9999.000
202606240248,   0.647,   1.718,9999.000,9999.000,9999.000,9999.000,9999.000,9999.000,9999.000
202606240254,   0.612,   1.649,9999.000,9999.000,9999.000,9999.000,9999.000,9999.000,9999.000
202606240300,   0.580,   1.590,   0.800,   0.210,   1.590,   0.700,   1.490,   0.900,   1.690
202606240306,   0.552,   1.538,9999.000,9999.000,9999.000,9999.000,9999.000,9999.000,9999.000
202606240312,   0.526,   1.498,9999.000,9999.000,9999.000,9999.000,9999.000,9999.000,9999.000
202606240318,   0.503,   1.469,9999.000,9999.000,9999.000,9999.000,9999.000,9999.000,9999.000
202606240324,   0.484,   1.439,9999.000,9999.000,9999.000,9999.000,9999.000,9999.000,9999.000
202606240330,   0.467,   1.420,9999.000,9999.000,9999.000,9999.000,9999.000,9999.000,9999.000
202606240336,   0.453,   1.400,9999.000,9999.000,9999.000,9999.000,9999.000,9999.000,9999.000
202606240342,   0.442,   1.390,9999.000,9999.000,9999.000,9999.000,9999.000,9999.000,9999.000
202606240348,   0.433,   1.371,9999.000,9999.000,9999.000,9999.000,9999.000,9999.000,9999.000
202606240354,   0.428,   1.338,9999.000,9999.000,9999.000,9999.000,9999.000,9999.000,9999.000
202606240400,   0.425,   1.328,   0.800,   0.103,   1.328,   0.700,   1.228,   0.900,   1.428
202606240406,   0.425,   1.348,9999.000,9999.000,9999.000,9999.000,9999.000,9999.000,9999.000
202606240412,   0.428,   1.371,9999.000,9999.000,9999.000,9999.000,9999.000,9999.000,9999.000
202606240418,   0.433,   1.410,9999.000,9999.000,9999.000,9999.000,9999.000,9999.000,9999.000
202606240424,   0.441,   1.449,9999.000,9999.000,9999.000,9999.000,9999.000,9999.000,9999.000
202606240430,   0.451,   1.498,9999.000,9999.000,9999.000,9999.000,9999.000,9999.000,9999.000
202606240436,   0.464,   1.538,9999.000,9999.000,9999.000,9999.000,9999.000,9999.000,9999.000
202606240442,   0.479,   1.571,9999.000,9999.000,9999.000,9999.000,9999.000,9999.000,9999.000
202606240448,   0.497,   1.610,9999.000,9999.000,9999.000,9999.000,9999.000,9999.000,9999.000
202606240454,   0.518,   1.659,9999.000,9999.000,9999.000,9999.000,9999.000,9999.000,9999.000
202606240500,   0.540,   1.699,   0.800,   0.359,   1.699,   0.700,   1.599,   0.900,   1.799
202606240506,   0.566,   1.718,9999.000,9999.000,9999.000,9999.000,9999.000,9999.000,9999.000
202606240512,   0.593,   1.728,9999.000,9999.000,9999.000,9999.000,9999.000,9999.000,9999.000
202606240518,   0.623,   1.748,9999.000,9999.000,9999.000,9999.000,9999.000,9999.000,9999.000
202606240524,   0.656,   1.748,9999.000,9999.000,9999.000,9999.000,9999.000,9999.000,9999.000
202606240530,   0.691,   1.748,9999.000,9999.000,9999.000,9999.000,9999.000,9999.000,9999.000
202606240536,   0.727,   1.748,9999.000,9999.000,9999.000,9999.000,9999.000,9999.000,9999.000
202606240542,   0.767,   1.781,9999.000,9999.000,9999.000,9999.000,9999.000,9999.000,9999.000
202606240548,   0.808,   1.767,9999.000,9999.000,9999.000,9999.000,9999.000,9999.000,9999.000
202606240554,   0.851,   1.790,9999.000,9999.000,9999.000,9999.000,9999.000,9999.000,9999.000
202606240600,   0.896,   1.840,   0.700,   0.244,   1.840,   0.600,   1.740,   0.800,   1.940
202606240606,   0.943,9999.000,9999.000,9999.000,9999.000,9999.000,9999.000,9999.000,9999.000
202606240612,   0.992,9999.000,9999.000,9999.000,9999.000,9999.000,9999.000,9999.000,9999.000
202606240618,   1.042,9999.000,9999.000,9999.000,9999.000,9999.000,9999.000,9999.000,9999.000
202606240624,   1.094,9999.000,9999.000,9999.000,9999.000,9999.000,9999.000,9999.000,9999.000
202606240630,   1.146,9999.000,9999.000,9999.000,9999.000,9999.000,9999.000,9999.000,9999.000
202606240636,   1.200,9999.000,9999.000,9999.000,9999.000,9999.000,9999.000,9999.000,9999.000
202606240642,   1.255,9999.000,9999.000,9999.000,9999.000,9999.000,9999.000,9999.000,9999.000
202606240648,   1.310,9999.000,9999.000,9999.000,9999.000,9999.000,9999.000,9999.000,9999.000
202606240654,   1.365,9999.000,9999.000,9999.000,9999.000,9999.000,9999.000,9999.000,9999.000
202606240700,   1.420,9999.000,   0.700,   0.234,   2.354,   0.600,   2.254,   0.700,   2.354
202606240706,   1.476,9999.000,9999.000,9999.000,9999.000,9999.000,9999.000,9999.000,9999.000
202606240712,   1.531,9999.000,9999.000,9999.000,9999.000,9999.000,9999.000,9999.000,9999.000
202606240718,   1.585,9999.000,9999.000,9999.000,9999.000,9999.000,9999.000,9999.000,9999.000
202606240724,   1.639,9999.000,9999.000,9999.000,9999.000,9999.000,9999.000,9999.000,9999.000
202606240730,   1.692,9999.000,9999.000,9999.000,9999.000,9999.000,9999.000,9999.000,9999.000
202606240736,   1.744,9999.000,9999.000,9999.000,9999.000,9999.000,9999.000,9999.000,9999.000
202606240742,   1.794,9999.000,9999.000,9999.000,9999.000,9999.000,9999.000,9999.000,9999.000
202606240748,   1.843,9999.000,9999.000,9999.000,9999.000,9999.000,9999.000,9999.000,9999.000
202606240754,   1.890,9999.000,9999.000,9999.000,9999.000,9999.000,9999.000,9999.000,9999.000
202606240800,   1.936,9999.000,   0.700,   0.224,   2.860,   0.600,   2.760,   0.700,   2.860
202606240806,   1.979,9999.000,9999.000,9999.000,9999.000,9999.000,9999.000,9999.000,9999.000
202606240812,   2.021,9999.000,9999.000,9999.000,9999.000,9999.000,9999.000,9999.000,9999.000
202606240818,   2.060,9999.000,9999.000,9999.000,9999.000,9999.000,9999.000,9999.000,9999.000
202606240824,   2.097,9999.000,9999.000,9999.000,9999.000,9999.000,9999.000,9999.000,9999.000
202606240830,   2.131,9999.000,9999.000,9999.000,9999.000,9999.000,9999.000,9999.000,9999.000
202606240836,   2.163,9999.000,9999.000,9999.000,9999.000,9999.000,9999.000,9999.000,9999.000
202606240842,   2.193,9999.000,9999.000,9999.000,9999.000,9999.000,9999.000,9999.000,9999.000
202606240848,   2.220,9999.000,9999.000,9999.000,9999.000,9999.000,9999.000,9999.000,9999.000
202606240854,   2.244,9999.000,9999.000,9999.000,9999.000,9999.000,9999.000,9999.000,9999.000
202606240900,   2.266,9999.000,   0.700,   0.213,   3.179,   0.600,   3.079,   0.800,   3.279
202606240906,   2.285,9999.000,9999.000,9999.000,9999.000,9999.000,9999.000,9999.000,9999.000
202606240912,   2.302,9999.000,9999.000,9999.000,9999.000,9999.000,9999.000,9999.000,9999.000
202606240918,   2.316,9999.000,9999.000,9999.000,9999.000,9999.000,9999.000,9999.000,9999.000
202606240924,   2.327,9999.000,9999.000,9999.000,9999.000,9999.000,9999.000,9999.000,9999.000
202606240930,   2.336,9999.000,9999.000,9999.000,9999.000,9999.000,9999.000,9999.000,9999.000
202606240936,   2.342,9999.000,9999.000,9999.000,9999.000,9999.000,9999.000,9999.000,9999.000
202606240942,   2.345,9999.000,9999.000,9999.000,9999.000,9999.000,9999.000,9999.000,9999.000
202606240948,   2.347,9999.000,9999.000,9999.000,9999.000,9999.000,9999.000,9999.000,9999.000
202606240954,   2.345,9999.000,9999.000,9999.000,9999.000,9999.000,9999.000,9999.000,9999.000
202606241000,   2.341,9999.000,   0.700,   0.203,   3.244,   0.600,   3.144,   0.800,   3.344
202606241006,   2.335,9999.000,9999.000,9999.000,9999.000,9999.000,9999.000,9999.000,9999.000
202606241012,   2.326,9999.000,9999.000,9999.000,9999.000,9999.000,9999.000,9999.000,9999.000
202606241018,   2.315,9999.000,9999.000,9999.000,9999.000,9999.000,9999.000,9999.000,9999.000
202606241024,   2.302,9999.000,9999.000,9999.000,9999.000,9999.000,9999.000,9999.000,9999.000
202606241030,   2.287,9999.000,9999.000,9999.000,9999.000,9999.000,9999.000,9999.000,9999.000
202606241036,   2.269,9999.000,9999.000,9999.000,9999.000,9999.000,9999.000,9999.000,9999.000
202606241042,   2.250,9999.000,9999.000,9999.000,9999.000,9999.000,9999.000,9999.000,9999.000
202606241048,   2.228,9999.000,9999.000,9999.000,9999.000,9999.000,9999.000,9999.000,9999.000
202606241054,   2.204,9999.000,9999.000,9999.000,9999.000,9999.000,9999.000,9999.000,9999.000
202606241100,   2.179,9999.000,   0.700,   0.193,   3.072,   0.600,   2.972,   0.800,   3.172
202606241106,   2.151,9999.000,9999.000,9999.000,9999.000,9999.000,9999.000,9999.000,9999.000
202606241112,   2.122,9999.000,9999.000,9999.000,9999.000,9999.000,9999.000,9999.000,9999.000
202606241118,   2.090,9999.000,9999.000,9999.000,9999.000,9999.000,9999.000,9999.000,9999.000
202606241124,   2.057,9999.000,9999.000,9999.000,9999.000,9999.000,9999.000,9999.000,9999.000
202606241130,   2.023,9999.000,9999.000,9999.000,9999.000,9999.000,9999.000,9999.000,9999.000
202606241136,   1.987,9999.000,9999.000,9999.000,9999.000,9999.000,9999.000,9999.000,9999.000
202606241142,   1.949,9999.000,9999.000,9999.000,9999.000,9999.000,9999.000,9999.000,9999.000
202606241148,   1.909,9999.000,9999.000,9999.000,9999.000,9999.000,9999.000,9999.000,9999.000
202606241154,   1.868,9999.000,9999.000,9999.000,9999.000,9999.000,9999.000,9999.000,9999.000
202606241200,   1.826,9999.000,   0.700,   0.183,   2.709,   0.700,   2.709,   0.800,   2.809
202606241206,   1.782,9999.000,9999.000,9999.000,9999.000,9999.000,9999.000,9999.000,9999.000
202606241212,   1.737,9999.000,9999.000,9999.000,9999.000,9999.000,9999.000,9999.000,9999.000
202606241218,   1.690,9999.000,9999.000,9999.000,9999.000,9999.000,9999.000,9999.000,9999.000
202606241224,   1.643,9999.000,9999.000,9999.000,9999.000,9999.000,9999.000,9999.000,9999.000
202606241230,   1.594,9999.000,9999.000,9999.000,9999.000,9999.000,9999.000,9999.000,9999.000
202606241236,   1.544,9999.000,9999.000,9999.000,9999.000,9999.000,9999.000,9999.000,9999.000
202606241242,   1.494,9999.000,9999.000,9999.000,9999.000,9999.000,9999.000,9999.000,9999.000
202606241248,   1.442,9999.000,9999.000,9999.000,9999.000,9999.000,9999.000,9999.000,9999.000
202606241254,   1.390,9999.000,9999.000,9999.000,9999.000,9999.000,9999.000,9999.000,9999.000
202606241300,   1.337,9999.000,   0.700,   0.173,   2.210,   0.600,   2.110,   0.700,   2.210
202606241306,   1.284,9999.000,9999.000,9999.000,9999.000,9999.000,9999.000,9999.000,9999.000
202606241312,   1.231,9999.000,9999.000,9999.000,9999.000,9999.000,9999.000,9999.000,9999.000
202606241318,   1.178,9999.000,9999.000,9999.000,9999.000,9999.000,9999.000,9999.000,9999.000
202606241324,   1.125,9999.000,9999.000,9999.000,9999.000,9999.000,9999.000,9999.000,9999.000
202606241330,   1.072,9999.000,9999.000,9999.000,9999.000,9999.000,9999.000,9999.000,9999.000
202606241336,   1.019,9999.000,9999.000,9999.000,9999.000,9999.000,9999.000,9999.000,9999.000
202606241342,   0.967,9999.000,9999.000,9999.000,9999.000,9999.000,9999.000,9999.000,9999.000
202606241348,   0.916,9999.000,9999.000,9999.000,9999.000,9999.000,9999.000,9999.000,9999.000
202606241354,   0.866,9999.000,9999.000,9999.000,9999.000,9999.000,9999.000,9999.000,9999.000
202606241400,   0.818,9999.000,   0.700,   0.162,   1.680,   0.600,   1.580,   0.700,   1.680
202606241406,   0.771,9999.000,9999.000,9999.000,9999.000,9999.000,9999.000,9999.000,9999.000
202606241412,   0.725,9999.000,9999.000,9999.000,9999.000,9999.000,9999.000,9999.000,9999.000
202606241418,   0.681,9999.000,9999.000,9999.000,9999.000,9999.000,9999.000,9999.000,9999.000
202606241424,   0.640,9999.000,9999.000,9999.000,9999.000,9999.000,9999.000,9999.000,9999.000
202606241430,   0.600,9999.000,9999.000,9999.000,9999.000,9999.000,9999.000,9999.000,9999.000
202606241436,   0.563,9999.000,9999.000,9999.000,9999.000,9999.000,9999.000,9999.000,9999.000
202606241442,   0.529,9999.000,9999.000,9999.000,9999.000,9999.000,9999.000,9999.000,9999.000
202606241448,   0.497,9999.000,9999.000,9999.000,9999.000,9999.000,9999.000,9999.000,9999.000
202606241454,   0.467,9999.000,9999.000,9999.000,9999.000,9999.000,9999.000,9999.000,9999.000
202606241500,   0.441,9999.000,   0.700,   0.152,   1.293,   0.600,   1.193,   0.700,   1.293
202606241506,   0.417,9999.000,9999.000,9999.000,9999.000,9999.000,9999.000,9999.000,9999.000
202606241512,   0.396,9999.000,9999.000,9999.000,9999.000,9999.000,9999.000,9999.000,9999.000
202606241518,   0.379,9999.000,9999.000,9999.000,9999.000,9999.000,9999.000,9999.000,9999.000
202606241524,   0.364,9999.000,9999.000,9999.000,9999.000,9999.000,9999.000,9999.000,9999.000
202606241530,   0.352,9999.000,9999.000,9999.000,9999.000,9999.000,9999.000,9999.000,9999.000
202606241536,   0.343,9999.000,9999.000,9999.000,9999.000,9999.000,9999.000,9999.000,9999.000
202606241542,   0.338,9999.000,9999.000,9999.000,9999.000,9999.000,9999.000,9999.000,9999.000
202606241548,   0.335,9999.000,9999.000,9999.000,9999.000,9999.000,9999.000,9999.000,9999.000
202606241554,   0.335,9999.000,9999.000,9999.000,9999.000,9999.000,9999.000,9999.000,9999.000
202606241600,   0.338,9999.000,   0.700,   0.142,   1.180,   0.600,   1.080,   0.700,   1.180
202606241606,   0.344,9999.000,9999.000,9999.000,9999.000,9999.000,9999.000,9999.000,9999.000
202606241612,   0.352,9999.000,9999.000,9999.000,9999.000,9999.000,9999.000,9999.000,9999.000
202606241618,   0.363,9999.000,9999.000,9999.000,9999.000,9999.000,9999.000,9999.000,9999.000
202606241624,   0.377,9999.000,9999.000,9999.000,9999.000,9999.000,9999.000,9999.000,9999.000
202606241630,   0.394,9999.000,9999.000,9999.000,9999.000,9999.000,9999.000,9999.000,9999.000
202606241636,   0.413,9999.000,9999.000,9999.000,9999.000,9999.000,9999.000,9999.000,9999.000
202606241642,   0.435,9999.000,9999.000,9999.000,9999.000,9999.000,9999.000,9999.000,9999.000
202606241648,   0.459,9999.000,9999.000,9999.000,9999.000,9999.000,9999.000,9999.000,9999.000
202606241654,   0.485,9999.000,9999.000,9999.000,9999.000,9999.000,9999.000,9999.000,9999.000
202606241700,   0.514,9999.000,   0.700,   0.132,   1.346,   0.600,   1.246,   0.700,   1.346
202606241706,   0.546,9999.000,9999.000,9999.000,9999.000,9999.000,9999.000,9999.000,9999.000
202606241712,   0.580,9999.000,9999.000,9999.000,9999.000,9999.000,9999.000,9999.000,9999.000
202606241718,   0.616,9999.000,9999.000,9999.000,9999.000,9999.000,9999.000,9999.000,9999.000
202606241724,   0.654,9999.000,9999.000,9999.000,9999.000,9999.000,9999.000,9999.000,9999.000
202606241730,   0.695,9999.000,9999.000,9999.000,9999.000,9999.000,9999.000,9999.000,9999.000
202606241736,   0.738,9999.000,9999.000,9999.000,9999.000,9999.000,9999.000,9999.000,9999.000
202606241742,   0.783,9999.000,9999.000,9999.000,9999.000,9999.000,9999.000,9999.000,9999.000
202606241748,   0.830,9999.000,9999.000,9999.000,9999.000,9999.000,9999.000,9999.000,9999.000
202606241754,   0.879,9999.000,9999.000,9999.000,9999.000,9999.000,9999.000,9999.000,9999.000
202606241800,   0.930,9999.000,   0.700,   0.121,   1.751,   0.600,   1.651,   0.700,   1.751
202606241806,   0.984,9999.000,9999.000,9999.000,9999.000,9999.000,9999.000,9999.000,9999.000
202606241812,   1.039,9999.000,9999.000,9999.000,9999.000,9999.000,9999.000,9999.000,9999.000
202606241818,   1.096,9999.000,9999.000,9999.000,9999.000,9999.000,9999.000,9999.000,9999.000
202606241824,   1.154,9999.000,9999.000,9999.000,9999.000,9999.000,9999.000,9999.000,9999.000
202606241830,   1.214,9999.000,9999.000,9999.000,9999.000,9999.000,9999.000,9999.000,9999.000
202606241836,   1.275,9999.000,9999.000,9999.000,9999.000,9999.000,9999.000,9999.000,9999.000
202606241842,   1.338,9999.000,9999.000,9999.000,9999.000,9999.000,9999.000,9999.000,9999.000
202606241848,   1.401,9999.000,9999.000,9999.000,9999.000,9999.000,9999.000,9999.000,9999.000
202606241854,   1.466,9999.000,9999.000,9999.000,9999.000,9999.000,9999.000,9999.000,9999.000
202606241900,   1.531,9999.000,   0.600,   0.121,   2.252,   0.600,   2.252,   0.700,   2.352
202606241906,   1.597,9999.000,9999.000,9999.000,9999.000,9999.000,9999.000,9999.000,9999.000
202606241912,   1.663,9999.000,9999.000,9999.000,9999.000,9999.000,9999.000,9999.000,9999.000
202606241918,   1.729,9999.000,9999.000,9999.000,9999.000,9999.000,9999.000,9999.000,9999.000
202606241924,   1.795,9999.000,9999.000,9999.000,9999.000,9999.000,9999.000,9999.000,9999.000
202606241930,   1.861,9999.000,9999.000,9999.000,9999.000,9999.000,9999.000,9999.000,9999.000
202606241936,   1.926,9999.000,9999.000,9999.000,9999.000,9999.000,9999.000,9999.000,9999.000
202606241942,   1.990,9999.000,9999.000,9999.000,9999.000,9999.000,9999.000,9999.000,9999.000
202606241948,   2.054,9999.000,9999.000,9999.000,9999.000,9999.000,9999.000,9999.000,9999.000
202606241954,   2.117,9999.000,9999.000,9999.000,9999.000,9999.000,9999.000,9999.000,9999.000
202606242000,   2.178,9999.000,   0.600,   0.121,   2.899,   0.600,   2.899,   0.700,   2.999
202606242006,   2.238,9999.000,9999.000,9999.000,9999.000,9999.000,9999.000,9999.000,9999.000
202606242012,   2.296,9999.000,9999.000,9999.000,9999.000,9999.000,9999.000,9999.000,9999.000
202606242018,   2.353,9999.000,9999.000,9999.000,9999.000,9999.000,9999.000,9999.000,9999.000
202606242024,   2.407,9999.000,9999.000,9999.000,9999.000,9999.000,9999.000,9999.000,9999.000
202606242030,   2.460,9999.000,9999.000,9999.000,9999.000,9999.000,9999.000,9999.000,9999.000
202606242036,   2.511,9999.000,9999.000,9999.000,9999.000,9999.000,9999.000,9999.000,9999.000
202606242042,   2.559,9999.000,9999.000,9999.000,9999.000,9999.000,9999.000,9999.000,9999.000
202606242048,   2.606,9999.000,9999.000,9999.000,9999.000,9999.000,9999.000,9999.000,9999.000
202606242054,   2.649,9999.000,9999.000,9999.000,9999.000,9999.000,9999.000,9999.000,9999.000
202606242100,   2.691,9999.000,   0.600,   0.121,   3.412,   0.600,   3.412,   0.600,   3.412
202606242106,   2.730,9999.000,9999.000,9999.000,9999.000,9999.000,9999.000,9999.000,9999.000
202606242112,   2.766,9999.000,9999.000,9999.000,9999.000,9999.000,9999.000,9999.000,9999.000
202606242118,   2.800,9999.000,9999.000,9999.000,9999.000,9999.000,9999.000,9999.000,9999.000
202606242124,   2.831,9999.000,9999.000,9999.000,9999.000,9999.000,9999.000,9999.000,9999.000
202606242130,   2.859,9999.000,9999.000,9999.000,9999.000,9999.000,9999.000,9999.000,9999.000
202606242136,   2.884,9999.000,9999.000,9999.000,9999.000,9999.000,9999.000,9999.000,9999.000
202606242142,   2.907,9999.000,9999.000,9999.000,9999.000,9999.000,9999.000,9999.000,9999.000
202606242148,   2.927,9999.000,9999.000,9999.000,9999.000,9999.000,9999.000,9999.000,9999.000
202606242154,   2.945,9999.000,9999.000,9999.000,9999.000,9999.000,9999.000,9999.000,9999.000
202606242200,   2.959,9999.000,   0.600,   0.121,   3.680,   0.600,   3.680,   0.600,   3.680
202606242206,   2.971,9999.000,9999.000,9999.000,9999.000,9999.000,9999.000,9999.000,9999.000
202606242212,   2.979,9999.000,9999.000,9999.000,9999.000,9999.000,9999.000,9999.000,9999.000
202606242218,   2.985,9999.000,9999.000,9999.000,9999.000,9999.000,9999.000,9999.000,9999.000
202606242224,   2.988,9999.000,9999.000,9999.000,9999.000,9999.000,9999.000,9999.000,9999.000
202606242230,   2.989,9999.000,9999.000,9999.000,9999.000,9999.000,9999.000,9999.000,9999.000
202606242236,   2.986,9999.000,9999.000,9999.000,9999.000,9999.000,9999.000,9999.000,9999.000
202606242242,   2.981,9999.000,9999.000,9999.000,9999.000,9999.000,9999.000,9999.000,9999.000
202606242248,   2.973,9999.000,9999.000,9999.000,9999.000,9999.000,9999.000,9999.000,9999.000
202606242254,   2.962,9999.000,9999.000,9999.000,9999.000,9999.000,9999.000,9999.000,9999.000
202606242300,   2.949,9999.000,   0.600,   0.121,   3.670,   0.600,   3.670,   0.600,   3.670
202606242306,   2.933,9999.000,9999.000,9999.000,9999.000,9999.000,9999.000,9999.000,9999.000
202606242312,   2.914,9999.000,9999.000,9999.000,9999.000,9999.000,9999.000,9999.000,9999.000
202606242318,   2.893,9999.000,9999.000,9999.000,9999.000,9999.000,9999.000,9999.000,9999.000
202606242324,   2.869,9999.000,9999.000,9999.000,9999.000,9999.000,9999.000,9999.000,9999.000
202606242330,   2.842,9999.000,9999.000,9999.000,9999.000,9999.000,9999.000,9999.000,9999.000
202606242336,   2.813,9999.000,9999.000,9999.000,9999.000,9999.000,9999.000,9999.000,9999.000
202606242342,   2.782,9999.000,9999.000,9999.000,9999.000,9999.000,9999.000,9999.000,9999.000
202606242348,   2.748,9999.000,9999.000,9999.000,9999.000,9999.000,9999.000,9999.000,9999.000
202606242354,   2.712,9999.000,9999.000,9999.000,9999.000,9999.000,9999.000,9999.000,9999.000
202606250000,   2.673,9999.000,   0.600,   0.121,   3.394,   0.600,   3.394,   0.600,   3.394
202606250006,   2.632,9999.000,9999.000,9999.000,9999.000,9999.000,9999.000,9999.000,9999.000
202606250012,   2.590,9999.000,9999.000,9999.000,9999.000,9999.000,9999.000,9999.000,9999.000
202606250018,   2.545,9999.000,9999.000,9999.000,9999.000,9999.000,9999.000,9999.000,9999.000
202606250024,   2.498,9999.000,9999.000,9999.000,9999.000,9999.000,9999.000,9999.000,9999.000
202606250030,   2.449,9999.000,9999.000,9999.000,9999.000,9999.000,9999.000,9999.000,9999.000
202606250036,   2.398,9999.000,9999.000,9999.000,9999.000,9999.000,9999.000,9999.000,9999.000
202606250042,   2.345,9999.000,9999.000,9999.000,9999.000,9999.000,9999.000,9999.000,9999.000
202606250048,   2.291,9999.000,9999.000,9999.000,9999.000,9999.000,9999.000,9999.000,9999.000
202606250054,   2.235,9999.000,9999.000,9999.000,9999.000,9999.000,9999.000,9999.000,9999.000
202606250100,   2.177,9999.000,   0.600,   0.121,   2.898,   0.600,   2.898,   0.600,   2.898
202606250106,   2.119,9999.000,9999.000,9999.000,9999.000,9999.000,9999.000,9999.000,9999.000
202606250112,   2.058,9999.000,9999.000,9999.000,9999.000,9999.000,9999.000,9999.000,9999.000
202606250118,   1.997,9999.000,9999.000,9999.000,9999.000,9999.000,9999.000,9999.000,9999.000
202606250124,   1.935,9999.000,9999.000,9999.000,9999.000,9999.000,9999.000,9999.000,9999.000
202606250130,   1.872,9999.000,9999.000,9999.000,9999.000,9999.000,9999.000,9999.000,9999.000
202606250136,   1.808,9999.000,9999.000,9999.000,9999.000,9999.000,9999.000,9999.000,9999.000
202606250142,   1.743,9999.000,9999.000,9999.000,9999.000,9999.000,9999.000,9999.000,9999.000
202606250148,   1.679,9999.000,9999.000,9999.000,9999.000,9999.000,9999.000,9999.000,9999.000
202606250154,   1.614,9999.000,9999.000,9999.000,9999.000,9999.000,9999.000,9999.000,9999.000
202606250200,   1.549,9999.000,   0.600,   0.121,   2.270,   0.500,   2.170,   0.600,   2.270
202606250206,   1.484,9999.000,9999.000,9999.000,9999.000,9999.000,9999.000,9999.000,9999.000
202606250212,   1.419,9999.000,9999.000,9999.000,9999.000,9999.000,9999.000,9999.000,9999.000
202606250218,   1.356,9999.000,9999.000,9999.000,9999.000,9999.000,9999.000,9999.000,9999.000
202606250224,   1.293,9999.000,9999.000,9999.000,9999.000,9999.000,9999.000,9999.000,9999.000
202606250230,   1.231,9999.000,9999.000,9999.000,9999.000,9999.000,9999.000,9999.000,9999.000
202606250236,   1.170,9999.000,9999.000,9999.000,9999.000,9999.000,9999.000,9999.000,9999.000
202606250242,   1.110,9999.000,9999.000,9999.000,9999.000,9999.000,9999.000,9999.000,9999.000
202606250248,   1.053,9999.000,9999.000,9999.000,9999.000,9999.000,9999.000,9999.000,9999.000
202606250254,   0.997,9999.000,9999.000,9999.000,9999.000,9999.000,9999.000,9999.000,9999.000
202606250300,   0.942,9999.000,   0.500,   0.121,   1.563,   0.500,   1.563,   0.600,   1.663
202606250306,   0.890,9999.000,9999.000,9999.000,9999.000,9999.000,9999.000,9999.000,9999.000
202606250312,   0.840,9999.000,9999.000,9999.000,9999.000,9999.000,9999.000,9999.000,9999.000
202606250318,   0.793,9999.000,9999.000,9999.000,9999.000,9999.000,9999.000,9999.000,9999.000
202606250324,   0.748,9999.000,9999.000,9999.000,9999.000,9999.000,9999.000,9999.000,9999.000
202606250330,   0.706,9999.000,9999.000,9999.000,9999.000,9999.000,9999.000,9999.000,9999.000
202606250336,   0.666,9999.000,9999.000,9999.000,9999.000,9999.000,9999.000,9999.000,9999.000
202606250342,   0.629,9999.000,9999.000,9999.000,9999.000,9999.000,9999.000,9999.000,9999.000
202606250348,   0.595,9999.000,9999.000,9999.000,9999.000,9999.000,9999.000,9999.000,9999.000
202606250354,   0.563,9999.000,9999.000,9999.000,9999.000,9999.000,9999.000,9999.000,9999.000
202606250400,   0.535,9999.000,   0.500,   0.121,   1.156,   0.500,   1.156,   0.600,   1.256
202606250406,   0.509,9999.000,9999.000,9999.000,9999.000,9999.000,9999.000,9999.000,9999.000
202606250412,   0.487,9999.000,9999.000,9999.000,9999.000,9999.000,9999.000,9999.000,9999.000
202606250418,   0.467,9999.000,9999.000,9999.000,9999.000,9999.000,9999.000,9999.000,9999.000
202606250424,   0.450,9999.000,9999.000,9999.000,9999.000,9999.000,9999.000,9999.000,9999.000
202606250430,   0.436,9999.000,9999.000,9999.000,9999.000,9999.000,9999.000,9999.000,9999.000
202606250436,   0.425,9999.000,9999.000,9999.000,9999.000,9999.000,9999.000,9999.000,9999.000
202606250442,   0.417,9999.000,9999.000,9999.000,9999.000,9999.000,9999.000,9999.000,9999.000
202606250448,   0.411,9999.000,9999.000,9999.000,9999.000,9999.000,9999.000,9999.000,9999.000
202606250454,   0.408,9999.000,9999.000,9999.000,9999.000,9999.000,9999.000,9999.000,9999.000
202606250500,   0.409,9999.000,   0.500,   0.121,   1.030,   0.500,   1.030,   0.500,   1.030
202606250506,   0.411,9999.000,9999.000,9999.000,9999.000,9999.000,9999.000,9999.000,9999.000
202606250512,   0.417,9999.000,9999.000,9999.000,9999.000,9999.000,9999.000,9999.000,9999.000
202606250518,   0.425,9999.000,9999.000,9999.000,9999.000,9999.000,9999.000,9999.000,9999.000
202606250524,   0.436,9999.000,9999.000,9999.000,9999.000,9999.000,9999.000,9999.000,9999.000
202606250530,   0.450,9999.000,9999.000,9999.000,9999.000,9999.000,9999.000,9999.000,9999.000
202606250536,   0.466,9999.000,9999.000,9999.000,9999.000,9999.000,9999.000,9999.000,9999.000
202606250542,   0.484,9999.000,9999.000,9999.000,9999.000,9999.000,9999.000,9999.000,9999.000
202606250548,   0.506,9999.000,9999.000,9999.000,9999.000,9999.000,9999.000,9999.000,9999.000
202606250554,   0.530,9999.000,9999.000,9999.000,9999.000,9999.000,9999.000,9999.000,9999.000
202606250600,   0.556,9999.000,   0.500,   0.121,   1.177,   0.400,   1.077,   0.500,   1.177
202606250606,   0.585,9999.000,9999.000,9999.000,9999.000,9999.000,9999.000,9999.000,9999.000
202606250612,   0.616,9999.000,9999.000,9999.000,9999.000,9999.000,9999.000,9999.000,9999.000
202606250618,   0.649,9999.000,9999.000,9999.000,9999.000,9999.000,9999.000,9999.000,9999.000
202606250624,   0.685,9999.000,9999.000,9999.000,9999.000,9999.000,9999.000,9999.000,9999.000
202606250630,   0.722,9999.000,9999.000,9999.000,9999.000,9999.000,9999.000,9999.000,9999.000
202606250636,   0.762,9999.000,9999.000,9999.000,9999.000,9999.000,9999.000,9999.000,9999.000
202606250642,   0.804,9999.000,9999.000,9999.000,9999.000,9999.000,9999.000,9999.000,9999.000
202606250648,   0.848,9999.000,9999.000,9999.000,9999.000,9999.000,9999.000,9999.000,9999.000
202606250654,   0.893,9999.000,9999.000,9999.000,9999.000,9999.000,9999.000,9999.000,9999.000
202606250700,   0.940,9999.000,   0.500,   0.121,   1.561,   0.400,   1.461,   0.500,   1.561
202606250706,   0.988,9999.000,9999.000,9999.000,9999.000,9999.000,9999.000,9999.000,9999.000
202606250712,   1.038,9999.000,9999.000,9999.000,9999.000,9999.000,9999.000,9999.000,9999.000
202606250718,   1.089,9999.000,9999.000,9999.000,9999.000,9999.000,9999.000,9999.000,9999.000
202606250724,   1.140,9999.000,9999.000,9999.000,9999.000,9999.000,9999.000,9999.000,9999.000
202606250730,   1.193,9999.000,9999.000,9999.000,9999.000,9999.000,9999.000,9999.000,9999.000
202606250736,   1.246,9999.000,9999.000,9999.000,9999.000,9999.000,9999.000,9999.000,9999.000
202606250742,   1.299,9999.000,9999.000,9999.000,9999.000,9999.000,9999.000,9999.000,9999.000
202606250748,   1.352,9999.000,9999.000,9999.000,9999.000,9999.000,9999.000,9999.000,9999.000
202606250754,   1.406,9999.000,9999.000,9999.000,9999.000,9999.000,9999.000,9999.000,9999.000
202606250800,   1.459,9999.000,   0.400,   0.121,   1.980,   0.400,   1.980,   0.500,   2.080
202606250806,   1.512,9999.000,9999.000,9999.000,9999.000,9999.000,9999.000,9999.000,9999.000
202606250812,   1.564,9999.000,9999.000,9999.000,9999.000,9999.000,9999.000,9999.000,9999.000
202606250818,   1.616,9999.000,9999.000,9999.000,9999.000,9999.000,9999.000,9999.000,9999.000
202606250824,   1.667,9999.000,9999.000,9999.000,9999.000,9999.000,9999.000,9999.000,9999.000
202606250830,   1.717,9999.000,9999.000,9999.000,9999.000,9999.000,9999.000,9999.000,9999.000
202606250836,   1.765,9999.000,9999.000,9999.000,9999.000,9999.000,9999.000,9999.000,9999.000
202606250842,   1.812,9999.000,9999.000,9999.000,9999.000,9999.000,9999.000,9999.000,9999.000
202606250848,   1.858,9999.000,9999.000,9999.000,9999.000,9999.000,9999.000,9999.000,9999.000
202606250854,   1.902,9999.000,9999.000,9999.000,9999.000,9999.000,9999.000,9999.000,9999.000
202606250900,   1.945,9999.000,   0.400,   0.121,   2.466,   0.400,   2.466,   0.500,   2.566
202606250906,   1.986,9999.000,9999.000,9999.000,9999.000,9999.000,9999.000,9999.000,9999.000
202606250912,   2.024,9999.000,9999.000,9999.000,9999.000,9999.000,9999.000,9999.000,9999.000
202606250918,   2.061,9999.000,9999.000,9999.000,9999.000,9999.000,9999.000,9999.000,9999.000
202606250924,   2.096,9999.000,9999.000,9999.000,9999.000,9999.000,9999.000,9999.000,9999.000
202606250930,   2.128,9999.000,9999.000,9999.000,9999.000,9999.000,9999.000,9999.000,9999.000
202606250936,   2.158,9999.000,9999.000,9999.000,9999.000,9999.000,9999.000,9999.000,9999.000
202606250942,   2.186,9999.000,9999.000,9999.000,9999.000,9999.000,9999.000,9999.000,9999.000
202606250948,   2.212,9999.000,9999.000,9999.000,9999.000,9999.000,9999.000,9999.000,9999.000
202606250954,   2.235,9999.000,9999.000,9999.000,9999.000,9999.000,9999.000,9999.000,9999.000
202606251000,   2.256,9999.000,   0.400,   0.121,   2.777,   0.400,   2.777,   0.500,   2.877
202606251006,   2.274,9999.000,9999.000,9999.000,9999.000,9999.000,9999.000,9999.000,9999.000
202606251012,   2.290,9999.000,9999.000,9999.000,9999.000,9999.000,9999.000,9999.000,9999.000
202606251018,   2.303,9999.000,9999.000,9999.000,9999.000,9999.000,9999.000,9999.000,9999.000
202606251024,   2.314,9999.000,9999.000,9999.000,9999.000,9999.000,9999.000,9999.000,9999.000
202606251030,   2.322,9999.000,9999.000,9999.000,9999.000,9999.000,9999.000,9999.000,9999.000
202606251036,   2.327,9999.000,9999.000,9999.000,9999.000,9999.000,9999.000,9999.000,9999.000
202606251042,   2.329,9999.000,9999.000,9999.000,9999.000,9999.000,9999.000,9999.000,9999.000
202606251048,   2.329,9999.000,9999.000,9999.000,9999.000,9999.000,9999.000,9999.000,9999.000
202606251054,   2.327,9999.000,9999.000,9999.000,9999.000,9999.000,9999.000,9999.000,9999.000
202606251100,   2.321,9999.000,   0.400,   0.121,   2.842,   0.400,   2.842,   0.400,   2.842
202606251106,   2.313,9999.000,9999.000,9999.000,9999.000,9999.000,9999.000,9999.000,9999.000
202606251112,   2.303,9999.000,9999.000,9999.000,9999.000,9999.000,9999.000,9999.000,9999.000
202606251118,   2.290,9999.000,9999.000,9999.000,9999.000,9999.000,9999.000,9999.000,9999.000
202606251124,   2.274,9999.000,9999.000,9999.000,9999.000,9999.000,9999.000,9999.000,9999.000
202606251130,   2.256,9999.000,9999.000,9999.000,9999.000,9999.000,9999.000,9999.000,9999.000
202606251136,   2.236,9999.000,9999.000,9999.000,9999.000,9999.000,9999.000,9999.000,9999.000
202606251142,   2.213,9999.000,9999.000,9999.000,9999.000,9999.000,9999.000,9999.000,9999.000
202606251148,   2.188,9999.000,9999.000,9999.000,9999.000,9999.000,9999.000,9999.000,9999.000
202606251154,   2.160,9999.000,9999.000,9999.000,9999.000,9999.000,9999.000,9999.000,9999.000
202606251200,   2.131,9999.000,   0.400,   0.121,   2.652,   0.400,   2.652,   0.400,   2.652
202606251206,   2.100,9999.000,9999.000,9999.000,9999.000,9999.000,9999.000,9999.000,9999.000
202606251212,   2.066,9999.000,9999.000,9999.000,9999.000,9999.000,9999.000,9999.000,9999.000
202606251218,   2.031,9999.000,9999.000,9999.000,9999.000,9999.000,9999.000,9999.000,9999.000
202606251224,   1.994,9999.000,9999.000,9999.000,9999.000,9999.000,9999.000,9999.000,9999.000
202606251230,   1.955,9999.000,9999.000,9999.000,9999.000,9999.000,9999.000,9999.000,9999.000
202606251236,   1.915,9999.000,9999.000,9999.000,9999.000,9999.000,9999.000,9999.000,9999.000
202606251242,   1.873,9999.000,9999.000,9999.000,9999.000,9999.000,9999.000,9999.000,9999.000
202606251248,   1.830,9999.000,9999.000,9999.000,9999.000,9999.000,9999.000,9999.000,9999.000
202606251254,   1.785,9999.000,9999.000,9999.000,9999.000,9999.000,9999.000,9999.000,9999.000
202606251300,   1.739,9999.000,   0.400,   0.121,   2.260,   0.300,   2.160,   0.400,   2.260
202606251306,   1.692,9999.000,9999.000,9999.000,9999.000,9999.000,9999.000,9999.000,9999.000
202606251312,   1.644,9999.000,9999.000,9999.000,9999.000,9999.000,9999.000,9999.000,9999.000
202606251318,   1.595,9999.000,9999.000,9999.000,9999.000,9999.000,9999.000,9999.000,9999.000
202606251324,   1.546,9999.000,9999.000,9999.000,9999.000,9999.000,9999.000,9999.000,9999.000
202606251330,   1.495,9999.000,9999.000,9999.000,9999.000,9999.000,9999.000,9999.000,9999.000
202606251336,   1.444,9999.000,9999.000,9999.000,9999.000,9999.000,9999.000,9999.000,9999.000
202606251342,   1.393,9999.000,9999.000,9999.000,9999.000,9999.000,9999.000,9999.000,9999.000
202606251348,   1.341,9999.000,9999.000,9999.000,9999.000,9999.000,9999.000,9999.000,9999.000
202606251354,   1.289,9999.000,9999.000,9999.000,9999.000,9999.000,9999.000,9999.000,9999.000
202606251400,   1.237,9999.000,   0.400,   0.121,   1.758,   0.300,   1.658,   0.400,   1.758
202606251406,   1.185,9999.000,9999.000,9999.000,9999.000,9999.000,9999.000,9999.000,9999.000
202606251412,   1.133,9999.000,9999.000,9999.000,9999.000,9999.000,9999.000,9999.000,9999.000
202606251418,   1.081,9999.000,9999.000,9999.000,9999.000,9999.000,9999.000,9999.000,9999.000
202606251424,   1.030,9999.000,9999.000,9999.000,9999.000,9999.000,9999.000,9999.000,9999.000
202606251430,   0.980,9999.000,9999.000,9999.000,9999.000,9999.000,9999.000,9999.000,9999.000
202606251436,   0.931,9999.000,9999.000,9999.000,9999.000,9999.000,9999.000,9999.000,9999.000
202606251442,   0.882,9999.000,9999.000,9999.000,9999.000,9999.000,9999.000,9999.000,9999.000
202606251448,   0.835,9999.000,9999.000,9999.000,9999.000,9999.000,9999.000,9999.000,9999.000
202606251454,   0.789,9999.000,9999.000,9999.000,9999.000,9999.000,9999.000,9999.000,9999.000
202606251500,   0.745,9999.000,   0.400,   0.121,   1.266,   0.300,   1.166,   0.400,   1.266
202606251506,   0.703,9999.000,9999.000,9999.000,9999.000,9999.000,9999.000,9999.000,9999.000
202606251512,   0.662,9999.000,9999.000,9999.000,9999.000,9999.000,9999.000,9999.000,9999.000
202606251518,   0.623,9999.000,9999.000,9999.000,9999.000,9999.000,9999.000,9999.000,9999.000
202606251524,   0.587,9999.000,9999.000,9999.000,9999.000,9999.000,9999.000,9999.000,9999.000
202606251530,   0.553,9999.000,9999.000,9999.000,9999.000,9999.000,9999.000,9999.000,9999.000
202606251536,   0.521,9999.000,9999.000,9999.000,9999.000,9999.000,9999.000,9999.000,9999.000
202606251542,   0.492,9999.000,9999.000,9999.000,9999.000,9999.000,9999.000,9999.000,9999.000
202606251548,   0.466,9999.000,9999.000,9999.000,9999.000,9999.000,9999.000,9999.000,9999.000
202606251554,   0.442,9999.000,9999.000,9999.000,9999.000,9999.000,9999.000,9999.000,9999.000
202606251600,   0.422,9999.000,   0.400,   0.121,   0.943,   0.300,   0.843,   0.400,   0.943
202606251606,   0.404,9999.000,9999.000,9999.000,9999.000,9999.000,9999.000,9999.000,9999.000
202606251612,   0.389,9999.000,9999.000,9999.000,9999.000,9999.000,9999.000,9999.000,9999.000
202606251618,   0.377,9999.000,9999.000,9999.000,9999.000,9999.000,9999.000,9999.000,9999.000
202606251624,   0.368,9999.000,9999.000,9999.000,9999.000,9999.000,9999.000,9999.000,9999.000
202606251630,   0.362,9999.000,9999.000,9999.000,9999.000,9999.000,9999.000,9999.000,9999.000
202606251636,   0.359,9999.000,9999.000,9999.000,9999.000,9999.000,9999.000,9999.000,9999.000
202606251642,   0.359,9999.000,9999.000,9999.000,9999.000,9999.000,9999.000,9999.000,9999.000
202606251648,   0.362,9999.000,9999.000,9999.000,9999.000,9999.000,9999.000,9999.000,9999.000
202606251654,   0.368,9999.000,9999.000,9999.000,9999.000,9999.000,9999.000,9999.000,9999.000
202606251700,   0.377,9999.000,   0.400,   0.121,   0.898,   0.300,   0.798,   0.400,   0.898
202606251706,   0.388,9999.000,9999.000,9999.000,9999.000,9999.000,9999.000,9999.000,9999.000
202606251712,   0.403,9999.000,9999.000,9999.000,9999.000,9999.000,9999.000,9999.000,9999.000
202606251718,   0.420,9999.000,9999.000,9999.000,9999.000,9999.000,9999.000,9999.000,9999.000
202606251724,   0.440,9999.000,9999.000,9999.000,9999.000,9999.000,9999.000,9999.000,9999.000
202606251730,   0.462,9999.000,9999.000,9999.000,9999.000,9999.000,9999.000,9999.000,9999.000
202606251736,   0.487,9999.000,9999.000,9999.000,9999.000,9999.000,9999.000,9999.000,9999.000
202606251742,   0.514,9999.000,9999.000,9999.000,9999.000,9999.000,9999.000,9999.000,9999.000
202606251748,   0.544,9999.000,9999.000,9999.000,9999.000,9999.000,9999.000,9999.000,9999.000
202606251754,   0.577,9999.000,9999.000,9999.000,9999.000,9999.000,9999.000,9999.000,9999.000
202606251800,   0.611,9999.000,   0.400,   0.121,   1.132,   0.300,   1.032,   0.400,   1.132
202606251806,   0.648,9999.000,9999.000,9999.000,9999.000,9999.000,9999.000,9999.000,9999.000
202606251812,   0.687,9999.000,9999.000,9999.000,9999.000,9999.000,9999.000,9999.000,9999.000
202606251818,   0.728,9999.000,9999.000,9999.000,9999.000,9999.000,9999.000,9999.000,9999.000
202606251824,   0.772,9999.000,9999.000,9999.000,9999.000,9999.000,9999.000,9999.000,9999.000
202606251830,   0.817,9999.000,9999.000,9999.000,9999.000,9999.000,9999.000,9999.000,9999.000
202606251836,   0.864,9999.000,9999.000,9999.000,9999.000,9999.000,9999.000,9999.000,9999.000
202606251842,   0.913,9999.000,9999.000,9999.000,9999.000,9999.000,9999.000,9999.000,9999.000
202606251848,   0.964,9999.000,9999.000,9999.000,9999.000,9999.000,9999.000,9999.000,9999.000
202606251854,   1.017,9999.000,9999.000,9999.000,9999.000,9999.000,9999.000,9999.000,9999.000
202606251900,   1.071,9999.000,   0.300,   0.121,   1.492,   0.300,   1.492,   0.400,   1.592
202606251906,   1.127,9999.000,9999.000,9999.000,9999.000,9999.000,9999.000,9999.000,9999.000
202606251912,   1.184,9999.000,9999.000,9999.000,9999.000,9999.000,9999.000,9999.000,9999.000
202606251918,   1.243,9999.000,9999.000,9999.000,9999.000,9999.000,9999.000,9999.000,9999.000
202606251924,   1.302,9999.000,9999.000,9999.000,9999.000,9999.000,9999.000,9999.000,9999.000
202606251930,   1.363,9999.000,9999.000,9999.000,9999.000,9999.000,9999.000,9999.000,9999.000
202606251936,   1.425,9999.000,9999.000,9999.000,9999.000,9999.000,9999.000,9999.000,9999.000
202606251942,   1.487,9999.000,9999.000,9999.000,9999.000,9999.000,9999.000,9999.000,9999.000
202606251948,   1.550,9999.000,9999.000,9999.000,9999.000,9999.000,9999.000,9999.000,9999.000
202606251954,   1.613,9999.000,9999.000,9999.000,9999.000,9999.000,9999.000,9999.000,9999.000
202606252000,   1.677,9999.000,   0.300,   0.121,   2.098,   0.300,   2.098,   0.400,   2.198
202606252006,   1.741,9999.000,9999.000,9999.000,9999.000,9999.000,9999.000,9999.000,9999.000
202606252012,   1.804,9999.000,9999.000,9999.000,9999.000,9999.000,9999.000,9999.000,9999.000
202606252018,   1.868,9999.000,9999.000,9999.000,9999.000,9999.000,9999.000,9999.000,9999.000
202606252024,   1.931,9999.000,9999.000,9999.000,9999.000,9999.000,9999.000,9999.000,9999.000
202606252030,   1.994,9999.000,9999.000,9999.000,9999.000,9999.000,9999.000,9999.000,9999.000
202606252036,   2.056,9999.000,9999.000,9999.000,9999.000,9999.000,9999.000,9999.000,9999.000
202606252042,   2.117,9999.000,9999.000,9999.000,9999.000,9999.000,9999.000,9999.000,9999.000
202606252048,   2.177,9999.000,9999.000,9999.000,9999.000,9999.000,9999.000,9999.000,9999.000
202606252054,   2.236,9999.000,9999.000,9999.000,9999.000,9999.000,9999.000,9999.000,9999.000
202606252100,   2.294,9999.000,   0.300,   0.121,   2.715,   0.300,   2.715,   0.400,   2.815
202606252106,   2.351,9999.000,9999.000,9999.000,9999.000,9999.000,9999.000,9999.000,9999.000
202606252112,   2.406,9999.000,9999.000,9999.000,9999.000,9999.000,9999.000,9999.000,9999.000
202606252118,   2.459,9999.000,9999.000,9999.000,9999.000,9999.000,9999.000,9999.000,9999.000
202606252124,   2.510,9999.000,9999.000,9999.000,9999.000,9999.000,9999.000,9999.000,9999.000
202606252130,   2.560,9999.000,9999.000,9999.000,9999.000,9999.000,9999.000,9999.000,9999.000
202606252136,   2.608,9999.000,9999.000,9999.000,9999.000,9999.000,9999.000,9999.000,9999.000
202606252142,   2.653,9999.000,9999.000,9999.000,9999.000,9999.000,9999.000,9999.000,9999.000
202606252148,   2.696,9999.000,9999.000,9999.000,9999.000,9999.000,9999.000,9999.000,9999.000
202606252154,   2.737,9999.000,9999.000,9999.000,9999.000,9999.000,9999.000,9999.000,9999.000
202606252200,   2.776,9999.000,   0.300,   0.121,   3.197,   0.300,   3.197,   0.400,   3.297
202606252206,   2.812,9999.000,9999.000,9999.000,9999.000,9999.000,9999.000,9999.000,9999.000
202606252212,   2.846,9999.000,9999.000,9999.000,9999.000,9999.000,9999.000,9999.000,9999.000
202606252218,   2.876,9999.000,9999.000,9999.000,9999.000,9999.000,9999.000,9999.000,9999.000
202606252224,   2.905,9999.000,9999.000,9999.000,9999.000,9999.000,9999.000,9999.000,9999.000
202606252230,   2.930,9999.000,9999.000,9999.000,9999.000,9999.000,9999.000,9999.000,9999.000
202606252236,   2.952,9999.000,9999.000,9999.000,9999.000,9999.000,9999.000,9999.000,9999.000
202606252242,   2.972,9999.000,9999.000,9999.000,9999.000,9999.000,9999.000,9999.000,9999.000
202606252248,   2.988,9999.000,9999.000,9999.000,9999.000,9999.000,9999.000,9999.000,9999.000
202606252254,   3.002,9999.000,9999.000,9999.000,9999.000,9999.000,9999.000,9999.000,9999.000
202606252300,   3.012,9999.000,   0.300,   0.121,   3.433,   0.300,   3.433,   0.400,   3.533
202606252306,   3.019,9999.000,9999.000,9999.000,9999.000,9999.000,9999.000,9999.000,9999.000
202606252312,   3.023,9999.000,9999.000,9999.000,9999.000,9999.000,9999.000,9999.000,9999.000
202606252318,   3.024,9999.000,9999.000,9999.000,9999.000,9999.000,9999.000,9999.000,9999.000
202606252324,   3.022,9999.000,9999.000,9999.000,9999.000,9999.000,9999.000,9999.000,9999.000
202606252330,   3.017,9999.000,9999.000,9999.000,9999.000,9999.000,9999.000,9999.000,9999.000
202606252336,   3.009,9999.000,9999.000,9999.000,9999.000,9999.000,9999.000,9999.000,9999.000
202606252342,   2.997,9999.000,9999.000,9999.000,9999.000,9999.000,9999.000,9999.000,9999.000
202606252348,   2.983,9999.000,9999.000,9999.000,9999.000,9999.000,9999.000,9999.000,9999.000
202606252354,   2.965,9999.000,9999.000,9999.000,9999.000,9999.000,9999.000,9999.000,9999.000
202606260000,   2.945,9999.000,   0.300,   0.121,   3.366,   0.300,   3.366,   0.400,   3.466
202606260006,   2.922,9999.000,9999.000,9999.000,9999.000,9999.000,9999.000,9999.000,9999.000
202606260012,   2.896,9999.000,9999.000,9999.000,9999.000,9999.000,9999.000,9999.000,9999.000
202606260018,   2.867,9999.000,9999.000,9999.000,9999.000,9999.000,9999.000,9999.000,9999.000
202606260024,   2.836,9999.000,9999.000,9999.000,9999.000,9999.000,9999.000,9999.000,9999.000
202606260030,   2.802,9999.000,9999.000,9999.000,9999.000,9999.000,9999.000,9999.000,9999.000
202606260036,   2.765,9999.000,9999.000,9999.000,9999.000,9999.000,9999.000,9999.000,9999.000
202606260042,   2.727,9999.000,9999.000,9999.000,9999.000,9999.000,9999.000,9999.000,9999.000
202606260048,   2.686,9999.000,9999.000,9999.000,9999.000,9999.000,9999.000,9999.000,9999.000
202606260054,   2.643,9999.000,9999.000,9999.000,9999.000,9999.000,9999.000,9999.000,9999.000
202606260100,   2.598,9999.000,   0.300,   0.121,   3.019,   0.200,   2.919,   0.400,   3.119
202606260106,   2.551,9999.000,9999.000,9999.000,9999.000,9999.000,9999.000,9999.000,9999.000
202606260112,   2.502,9999.000,9999.000,9999.000,9999.000,9999.000,9999.000,9999.000,9999.000
202606260118,   2.451,9999.000,9999.000,9999.000,9999.000,9999.000,9999.000,9999.000,9999.000
202606260124,   2.398,9999.000,9999.000,9999.000,9999.000,9999.000,9999.000,9999.000,9999.000
202606260130,   2.344,9999.000,9999.000,9999.000,9999.000,9999.000,9999.000,9999.000,9999.000
202606260136,   2.289,9999.000,9999.000,9999.000,9999.000,9999.000,9999.000,9999.000,9999.000
202606260142,   2.231,9999.000,9999.000,9999.000,9999.000,9999.000,9999.000,9999.000,9999.000
202606260148,   2.173,9999.000,9999.000,9999.000,9999.000,9999.000,9999.000,9999.000,9999.000
202606260154,   2.113,9999.000,9999.000,9999.000,9999.000,9999.000,9999.000,9999.000,9999.000
202606260200,   2.053,9999.000,   0.300,   0.121,   2.474,   0.200,   2.374,   0.400,   2.574
202606260206,   1.991,9999.000,9999.000,9999.000,9999.000,9999.000,9999.000,9999.000,9999.000
202606260212,   1.928,9999.000,9999.000,9999.000,9999.000,9999.000,9999.000,9999.000,9999.000
202606260218,   1.865,9999.000,9999.000,9999.000,9999.000,9999.000,9999.000,9999.000,9999.000
202606260224,   1.801,9999.000,9999.000,9999.000,9999.000,9999.000,9999.000,9999.000,9999.000
202606260230,   1.736,9999.000,9999.000,9999.000,9999.000,9999.000,9999.000,9999.000,9999.000
202606260236,   1.671,9999.000,9999.000,9999.000,9999.000,9999.000,9999.000,9999.000,9999.000
202606260242,   1.606,9999.000,9999.000,9999.000,9999.000,9999.000,9999.000,9999.000,9999.000
202606260248,   1.540,9999.000,9999.000,9999.000,9999.000,9999.000,9999.000,9999.000,9999.000
202606260254,   1.475,9999.000,9999.000,9999.000,9999.000,9999.000,9999.000,9999.000,9999.000
202606260300,   1.410,9999.000,   0.300,   0.121,   1.831,   0.200,   1.731,   0.400,   1.931
202606260306,   1.346,9999.000,9999.000,9999.000,9999.000,9999.000,9999.000,9999.000,9999.000
202606260312,   1.282,9999.000,9999.000,9999.000,9999.000,9999.000,9999.000,9999.000,9999.000
202606260318,   1.219,9999.000,9999.000,9999.000,9999.000,9999.000,9999.000,9999.000,9999.000
202606260324,   1.157,9999.000,9999.000,9999.000,9999.000,9999.000,9999.000,9999.000,9999.000
202606260330,   1.097,9999.000,9999.000,9999.000,9999.000,9999.000,9999.000,9999.000,9999.000
202606260336,   1.037,9999.000,9999.000,9999.000,9999.000,9999.000,9999.000,9999.000,9999.000
202606260342,   0.980,9999.000,9999.000,9999.000,9999.000,9999.000,9999.000,9999.000,9999.000
202606260348,   0.924,9999.000,9999.000,9999.000,9999.000,9999.000,9999.000,9999.000,9999.000
202606260354,   0.870,9999.000,9999.000,9999.000,9999.000,9999.000,9999.000,9999.000,9999.000
202606260400,   0.819,9999.000,   0.200,   0.121,   1.140,   0.100,   1.040,   0.300,   1.240
202606260406,   0.770,9999.000,9999.000,9999.000,9999.000,9999.000,9999.000,9999.000,9999.000
202606260412,   0.723,9999.000,9999.000,9999.000,9999.000,9999.000,9999.000,9999.000,9999.000
202606260418,   0.679,9999.000,9999.000,9999.000,9999.000,9999.000,9999.000,9999.000,9999.000
202606260424,   0.637,9999.000,9999.000,9999.000,9999.000,9999.000,9999.000,9999.000,9999.000
202606260430,   0.599,9999.000,9999.000,9999.000,9999.000,9999.000,9999.000,9999.000,9999.000
202606260436,   0.563,9999.000,9999.000,9999.000,9999.000,9999.000,9999.000,9999.000,9999.000
202606260442,   0.530,9999.000,9999.000,9999.000,9999.000,9999.000,9999.000,9999.000,9999.000
202606260448,   0.500,9999.000,9999.000,9999.000,9999.000,9999.000,9999.000,9999.000,9999.000
202606260454,   0.474,9999.000,9999.000,9999.000,9999.000,9999.000,9999.000,9999.000,9999.000
202606260500,   0.450,9999.000,   0.200,   0.121,   0.771,   0.100,   0.671,   0.300,   0.871
202606260506,   0.430,9999.000,9999.000,9999.000,9999.000,9999.000,9999.000,9999.000,9999.000
202606260512,   0.412,9999.000,9999.000,9999.000,9999.000,9999.000,9999.000,9999.000,9999.000
202606260518,   0.398,9999.000,9999.000,9999.000,9999.000,9999.000,9999.000,9999.000,9999.000
202606260524,   0.387,9999.000,9999.000,9999.000,9999.000,9999.000,9999.000,9999.000,9999.000
202606260530,   0.379,9999.000,9999.000,9999.000,9999.000,9999.000,9999.000,9999.000,9999.000
202606260536,   0.374,9999.000,9999.000,9999.000,9999.000,9999.000,9999.000,9999.000,9999.000
202606260542,   0.371,9999.000,9999.000,9999.000,9999.000,9999.000,9999.000,9999.000,9999.000
202606260548,   0.372,9999.000,9999.000,9999.000,9999.000,9999.000,9999.000,9999.000,9999.000
202606260554,   0.376,9999.000,9999.000,9999.000,9999.000,9999.000,9999.000,9999.000,9999.000
202606260600,   0.382,9999.000,   0.200,   0.121,   0.703,   0.100,   0.603,   0.300,   0.803
202606260606,   0.391,9999.000,9999.000,9999.000,9999.000,9999.000,9999.000,9999.000,9999.000
202606260612,   0.403,9999.000,9999.000,9999.000,9999.000,9999.000,9999.000,9999.000,9999.000
202606260618,   0.417,9999.000,9999.000,9999.000,9999.000,9999.000,9999.000,9999.000,9999.000
202606260624,   0.434,9999.000,9999.000,9999.000,9999.000,9999.000,9999.000,9999.000,9999.000
202606260630,   0.454,9999.000,9999.000,9999.000,9999.000,9999.000,9999.000,9999.000,9999.000
202606260636,   0.476,9999.000,9999.000,9999.000,9999.000,9999.000,9999.000,9999.000,9999.000
202606260642,   0.500,9999.000,9999.000,9999.000,9999.000,9999.000,9999.000,9999.000,9999.000
202606260648,   0.527,9999.000,9999.000,9999.000,9999.000,9999.000,9999.000,9999.000,9999.000
202606260654,   0.556,9999.000,9999.000,9999.000,9999.000,9999.000,9999.000,9999.000,9999.000
202606260700,   0.587,9999.000,   0.200,   0.121,   0.908,   0.000,   0.708,   0.300,   1.008
202606260706,   0.620,9999.000,9999.000,9999.000,9999.000,9999.000,9999.000,9999.000,9999.000
202606260712,   0.656,9999.000,9999.000,9999.000,9999.000,9999.000,9999.000,9999.000,9999.000
202606260718,   0.693,9999.000,9999.000,9999.000,9999.000,9999.000,9999.000,9999.000,9999.000
202606260724,   0.732,9999.000,9999.000,9999.000,9999.000,9999.000,9999.000,9999.000,9999.000
202606260730,   0.774,9999.000,9999.000,9999.000,9999.000,9999.000,9999.000,9999.000,9999.000
202606260736,   0.816,9999.000,9999.000,9999.000,9999.000,9999.000,9999.000,9999.000,9999.000
202606260742,   0.861,9999.000,9999.000,9999.000,9999.000,9999.000,9999.000,9999.000,9999.000
202606260748,   0.907,9999.000,9999.000,9999.000,9999.000,9999.000,9999.000,9999.000,9999.000
202606260754,   0.954,9999.000,9999.000,9999.000,9999.000,9999.000,9999.000,9999.000,9999.000
202606260800,   1.003,9999.000,   0.100,   0.121,   1.224,   0.000,   1.124,   0.300,   1.424
202606260806,   1.053,9999.000,9999.000,9999.000,9999.000,9999.000,9999.000,9999.000,9999.000
202606260812,   1.103,9999.000,9999.000,9999.000,9999.000,9999.000,9999.000,9999.000,9999.000
202606260818,   1.155,9999.000,9999.000,9999.000,9999.000,9999.000,9999.000,9999.000,9999.000
202606260824,   1.207,9999.000,9999.000,9999.000,9999.000,9999.000,9999.000,9999.000,9999.000
202606260830,   1.260,9999.000,9999.000,9999.000,9999.000,9999.000,9999.000,9999.000,9999.000
202606260836,   1.314,9999.000,9999.000,9999.000,9999.000,9999.000,9999.000,9999.000,9999.000
202606260842,   1.367,9999.000,9999.000,9999.000,9999.000,9999.000,9999.000,9999.000,9999.000
202606260848,   1.421,9999.000,9999.000,9999.000,9999.000,9999.000,9999.000,9999.000,9999.000
202606260854,   1.474,9999.000,9999.000,9999.000,9999.000,9999.000,9999.000,9999.000,9999.000
202606260900,   1.528,9999.000,   0.100,   0.121,   1.749,   0.000,   1.649,   0.200,   1.849
202606260906,   1.581,9999.000,9999.000,9999.000,9999.000,9999.000,9999.000,9999.000,9999.000
202606260912,   1.633,9999.000,9999.000,9999.000,9999.000,9999.000,9999.000,9999.000,9999.000
202606260918,   1.685,9999.000,9999.000,9999.000,9999.000,9999.000,9999.000,9999.000,9999.000
202606260924,   1.736,9999.000,9999.000,9999.000,9999.000,9999.000,9999.000,9999.000,9999.000
202606260930,   1.785,9999.000,9999.000,9999.000,9999.000,9999.000,9999.000,9999.000,9999.000
202606260936,   1.834,9999.000,9999.000,9999.000,9999.000,9999.000,9999.000,9999.000,9999.000
202606260942,   1.881,9999.000,9999.000,9999.000,9999.000,9999.000,9999.000,9999.000,9999.000
202606260948,   1.927,9999.000,9999.000,9999.000,9999.000,9999.000,9999.000,9999.000,9999.000
202606260954,   1.971,9999.000,9999.000,9999.000,9999.000,9999.000,9999.000,9999.000,9999.000
202606261000,   2.014,9999.000,   0.100,   0.121,   2.235,   0.000,   2.135,   0.200,   2.335
202606261006,   2.054,9999.000,9999.000,9999.000,9999.000,9999.000,9999.000,9999.000,9999.000
202606261012,   2.093,9999.000,9999.000,9999.000,9999.000,9999.000,9999.000,9999.000,9999.000
202606261018,   2.129,9999.000,9999.000,9999.000,9999.000,9999.000,9999.000,9999.000,9999.000
202606261024,   2.163,9999.000,9999.000,9999.000,9999.000,9999.000,9999.000,9999.000,9999.000
202606261030,   2.195,9999.000,9999.000,9999.000,9999.000,9999.000,9999.000,9999.000,9999.000
202606261036,   2.224,9999.000,9999.000,9999.000,9999.000,9999.000,9999.000,9999.000,9999.000
202606261042,   2.251,9999.000,9999.000,9999.000,9999.000,9999.000,9999.000,9999.000,9999.000
202606261048,   2.275,9999.000,9999.000,9999.000,9999.000,9999.000,9999.000,9999.000,9999.000
202606261054,   2.296,9999.000,9999.000,9999.000,9999.000,9999.000,9999.000,9999.000,9999.000
202606261100,   2.315,9999.000,   0.100,   0.121,   2.536,   0.000,   2.436,   0.200,   2.636
202606261106,   2.330,9999.000,9999.000,9999.000,9999.000,9999.000,9999.000,9999.000,9999.000
202606261112,   2.343,9999.000,9999.000,9999.000,9999.000,9999.000,9999.000,9999.000,9999.000
202606261118,   2.352,9999.000,9999.000,9999.000,9999.000,9999.000,9999.000,9999.000,9999.000
202606261124,   2.359,9999.000,9999.000,9999.000,9999.000,9999.000,9999.000,9999.000,9999.000
202606261130,   2.362,9999.000,9999.000,9999.000,9999.000,9999.000,9999.000,9999.000,9999.000
202606261136,   2.363,9999.000,9999.000,9999.000,9999.000,9999.000,9999.000,9999.000,9999.000
202606261142,   2.360,9999.000,9999.000,9999.000,9999.000,9999.000,9999.000,9999.000,9999.000
202606261148,   2.355,9999.000,9999.000,9999.000,9999.000,9999.000,9999.000,9999.000,9999.000
202606261154,   2.347,9999.000,9999.000,9999.000,9999.000,9999.000,9999.000,9999.000,9999.000
202606261200,   2.335,9999.000,   0.100,   0.121,   2.556,   0.000,   2.456,   0.200,   2.656
202606261206,   2.321,9999.000,9999.000,9999.000,9999.000,9999.000,9999.000,9999.000,9999.000
202606261212,   2.304,9999.000,9999.000,9999.000,9999.000,9999.000,9999.000,9999.000,9999.000
202606261218,   2.285,9999.000,9999.000,9999.000,9999.000,9999.000,9999.000,9999.000,9999.000
202606261224,   2.263,9999.000,9999.000,9999.000,9999.000,9999.000,9999.000,9999.000,9999.000
202606261230,   2.238,9999.000,9999.000,9999.000,9999.000,9999.000,9999.000,9999.000,9999.000
202606261236,   2.211,9999.000,9999.000,9999.000,9999.000,9999.000,9999.000,9999.000,9999.000
202606261242,   2.182,9999.000,9999.000,9999.000,9999.000,9999.000,9999.000,9999.000,9999.000
202606261248,   2.151,9999.000,9999.000,9999.000,9999.000,9999.000,9999.000,9999.000,9999.000
202606261254,   2.117,9999.000,9999.000,9999.000,9999.000,9999.000,9999.000,9999.000,9999.000
202606261300,   2.082,9999.000,   0.100,   0.121,   2.303,   0.000,   2.203,   0.200,   2.403
202606261306,   2.045,9999.000,9999.000,9999.000,9999.000,9999.000,9999.000,9999.000,9999.000
202606261312,   2.006,9999.000,9999.000,9999.000,9999.000,9999.000,9999.000,9999.000,9999.000
202606261318,   1.966,9999.000,9999.000,9999.000,9999.000,9999.000,9999.000,9999.000,9999.000
202606261324,   1.925,9999.000,9999.000,9999.000,9999.000,9999.000,9999.000,9999.000,9999.000
202606261330,   1.881,9999.000,9999.000,9999.000,9999.000,9999.000,9999.000,9999.000,9999.000
202606261336,   1.837,9999.000,9999.000,9999.000,9999.000,9999.000,9999.000,9999.000,9999.000
202606261342,   1.792,9999.000,9999.000,9999.000,9999.000,9999.000,9999.000,9999.000,9999.000
202606261348,   1.745,9999.000,9999.000,9999.000,9999.000,9999.000,9999.000,9999.000,9999.000
202606261354,   1.698,9999.000,9999.000,9999.000,9999.000,9999.000,9999.000,9999.000,9999.000
202606261400,   1.650,9999.000,   0.100,   0.121,   1.871,   0.000,   1.771,   0.200,   1.971
202606261406,   1.601,9999.000,9999.000,9999.000,9999.000,9999.000,9999.000,9999.000,9999.000
202606261412,   1.551,9999.000,9999.000,9999.000,9999.000,9999.000,9999.000,9999.000,9999.000
202606261418,   1.500,9999.000,9999.000,9999.000,9999.000,9999.000,9999.000,9999.000,9999.000
202606261424,   1.450,9999.000,9999.000,9999.000,9999.000,9999.000,9999.000,9999.000,9999.000
202606261430,   1.398,9999.000,9999.000,9999.000,9999.000,9999.000,9999.000,9999.000,9999.000
202606261436,   1.347,9999.000,9999.000,9999.000,9999.000,9999.000,9999.000,9999.000,9999.000
202606261442,   1.295,9999.000,9999.000,9999.000,9999.000,9999.000,9999.000,9999.000,9999.000
202606261448,   1.243,9999.000,9999.000,9999.000,9999.000,9999.000,9999.000,9999.000,9999.000
202606261454,   1.191,9999.000,9999.000,9999.000,9999.000,9999.000,9999.000,9999.000,9999.000
202606261500,   1.139,9999.000,   0.100,   0.121,   1.360,   0.000,   1.260,   0.200,   1.460
202606261506,   1.088,9999.000,9999.000,9999.000,9999.000,9999.000,9999.000,9999.000,9999.000
202606261512,   1.037,9999.000,9999.000,9999.000,9999.000,9999.000,9999.000,9999.000,9999.000
202606261518,   0.986,9999.000,9999.000,9999.000,9999.000,9999.000,9999.000,9999.000,9999.000
202606261524,   0.936,9999.000,9999.000,9999.000,9999.000,9999.000,9999.000,9999.000,9999.000
202606261530,   0.888,9999.000,9999.000,9999.000,9999.000,9999.000,9999.000,9999.000,9999.000
202606261536,   0.840,9999.000,9999.000,9999.000,9999.000,9999.000,9999.000,9999.000,9999.000
202606261542,   0.794,9999.000,9999.000,9999.000,9999.000,9999.000,9999.000,9999.000,9999.000
202606261548,   0.749,9999.000,9999.000,9999.000,9999.000,9999.000,9999.000,9999.000,9999.000
202606261554,   0.706,9999.000,9999.000,9999.000,9999.000,9999.000,9999.000,9999.000,9999.000
202606261600,   0.664,9999.000,   0.100,   0.121,   0.885,   0.000,   0.785,   0.200,   0.985
202606261606,   0.625,9999.000,9999.000,9999.000,9999.000,9999.000,9999.000,9999.000,9999.000
202606261612,   0.588,9999.000,9999.000,9999.000,9999.000,9999.000,9999.000,9999.000,9999.000
202606261618,   0.553,9999.000,9999.000,9999.000,9999.000,9999.000,9999.000,9999.000,9999.000
202606261624,   0.521,9999.000,9999.000,9999.000,9999.000,9999.000,9999.000,9999.000,9999.000
202606261630,   0.491,9999.000,9999.000,9999.000,9999.000,9999.000,9999.000,9999.000,9999.000
202606261636,   0.465,9999.000,9999.000,9999.000,9999.000,9999.000,9999.000,9999.000,9999.000
202606261642,   0.441,9999.000,9999.000,9999.000,9999.000,9999.000,9999.000,9999.000,9999.000
202606261648,   0.420,9999.000,9999.000,9999.000,9999.000,9999.000,9999.000,9999.000,9999.000
202606261654,   0.402,9999.000,9999.000,9999.000,9999.000,9999.000,9999.000,9999.000,9999.000
202606261700,   0.388,9999.000,   0.100,   0.121,   0.609,   0.000,   0.509,   0.200,   0.709
202606261706,   0.376,9999.000,9999.000,9999.000,9999.000,9999.000,9999.000,9999.000,9999.000
202606261712,   0.368,9999.000,9999.000,9999.000,9999.000,9999.000,9999.000,9999.000,9999.000
202606261718,   0.363,9999.000,9999.000,9999.000,9999.000,9999.000,9999.000,9999.000,9999.000
202606261724,   0.361,9999.000,9999.000,9999.000,9999.000,9999.000,9999.000,9999.000,9999.000
202606261730,   0.363,9999.000,9999.000,9999.000,9999.000,9999.000,9999.000,9999.000,9999.000
202606261736,   0.367,9999.000,9999.000,9999.000,9999.000,9999.000,9999.000,9999.000,9999.000
202606261742,   0.375,9999.000,9999.000,9999.000,9999.000,9999.000,9999.000,9999.000,9999.000
202606261748,   0.385,9999.000,9999.000,9999.000,9999.000,9999.000,9999.000,9999.000,9999.000
202606261754,   0.399,9999.000,9999.000,9999.000,9999.000,9999.000,9999.000,9999.000,9999.000
202606261800,   0.415,9999.000,   0.100,   0.121,   0.636,   0.000,   0.536,   0.200,   0.736
202606261806,   0.434,9999.000,9999.000,9999.000,9999.000,9999.000,9999.000,9999.000,9999.000
202606261812,   0.456,9999.000,9999.000,9999.000,9999.000,9999.000,9999.000,9999.000,9999.000
202606261818,   0.481,9999.000,9999.000,9999.000,9999.000,9999.000,9999.000,9999.000,9999.000
202606261824,   0.508,9999.000,9999.000,9999.000,9999.000,9999.000,9999.000,9999.000,9999.000
202606261830,   0.537,9999.000,9999.000,9999.000,9999.000,9999.000,9999.000,9999.000,9999.000
202606261836,   0.569,9999.000,9999.000,9999.000,9999.000,9999.000,9999.000,9999.000,9999.000
202606261842,   0.602,9999.000,9999.000,9999.000,9999.000,9999.000,9999.000,9999.000,9999.000
202606261848,   0.638,9999.000,9999.000,9999.000,9999.000,9999.000,9999.000,9999.000,9999.000
202606261854,   0.676,9999.000,9999.000,9999.000,9999.000,9999.000,9999.000,9999.000,9999.000
202606261900,   0.716,9999.000,   0.100,   0.121,   0.937,   0.000,   0.837,   0.300,   1.137
202606261906,   0.758,9999.000,9999.000,9999.000,9999.000,9999.000,9999.000,9999.000,9999.000
202606261912,   0.802,9999.000,9999.000,9999.000,9999.000,9999.000,9999.000,9999.000,9999.000
202606261918,   0.848,9999.000,9999.000,9999.000,9999.000,9999.000,9999.000,9999.000,9999.000
202606261924,   0.895,9999.000,9999.000,9999.000,9999.000,9999.000,9999.000,9999.000,9999.000
202606261930,   0.944,9999.000,9999.000,9999.000,9999.000,9999.000,9999.000,9999.000,9999.000
202606261936,   0.994,9999.000,9999.000,9999.000,9999.000,9999.000,9999.000,9999.000,9999.000
202606261942,   1.046,9999.000,9999.000,9999.000,9999.000,9999.000,9999.000,9999.000,9999.000
202606261948,   1.100,9999.000,9999.000,9999.000,9999.000,9999.000,9999.000,9999.000,9999.000
202606261954,   1.154,9999.000,9999.000,9999.000,9999.000,9999.000,9999.000,9999.000,9999.000
202606262000,   1.210,9999.000,   0.200,   0.121,   1.531,   0.000,   1.331,   0.300,   1.631
202606262006,   1.268,9999.000,9999.000,9999.000,9999.000,9999.000,9999.000,9999.000,9999.000
202606262012,   1.326,9999.000,9999.000,9999.000,9999.000,9999.000,9999.000,9999.000,9999.000
202606262018,   1.385,9999.000,9999.000,9999.000,9999.000,9999.000,9999.000,9999.000,9999.000
202606262024,   1.446,9999.000,9999.000,9999.000,9999.000,9999.000,9999.000,9999.000,9999.000
202606262030,   1.507,9999.000,9999.000,9999.000,9999.000,9999.000,9999.000,9999.000,9999.000
202606262036,   1.570,9999.000,9999.000,9999.000,9999.000,9999.000,9999.000,9999.000,9999.000
202606262042,   1.631,9999.000,9999.000,9999.000,9999.000,9999.000,9999.000,9999.000,9999.000
202606262048,   1.694,9999.000,9999.000,9999.000,9999.000,9999.000,9999.000,9999.000,9999.000
202606262054,   1.757,9999.000,9999.000,9999.000,9999.000,9999.000,9999.000,9999.000,9999.000
202606262100,   1.820,9999.000,   0.200,   0.121,   2.141,   0.000,   1.941,   0.300,   2.241
202606262106,   1.884,9999.000,9999.000,9999.000,9999.000,9999.000,9999.000,9999.000,9999.000
202606262112,   1.947,9999.000,9999.000,9999.000,9999.000,9999.000,9999.000,9999.000,9999.000
202606262118,   2.010,9999.000,9999.000,9999.000,9999.000,9999.000,9999.000,9999.000,9999.000
202606262124,   2.073,9999.000,9999.000,9999.000,9999.000,9999.000,9999.000,9999.000,9999.000
202606262130,   2.135,9999.000,9999.000,9999.000,9999.000,9999.000,9999.000,9999.000,9999.000
202606262136,   2.196,9999.000,9999.000,9999.000,9999.000,9999.000,9999.000,9999.000,9999.000
202606262142,   2.256,9999.000,9999.000,9999.000,9999.000,9999.000,9999.000,9999.000,9999.000
202606262148,   2.315,9999.000,9999.000,9999.000,9999.000,9999.000,9999.000,9999.000,9999.000
202606262154,   2.373,9999.000,9999.000,9999.000,9999.000,9999.000,9999.000,9999.000,9999.000
202606262200,   2.430,9999.000,   0.200,   0.121,   2.751,   0.000,   2.551,   0.300,   2.851
202606262206,   2.485,9999.000,9999.000,9999.000,9999.000,9999.000,9999.000,9999.000,9999.000
202606262212,   2.538,9999.000,9999.000,9999.000,9999.000,9999.000,9999.000,9999.000,9999.000
202606262218,   2.590,9999.000,9999.000,9999.000,9999.000,9999.000,9999.000,9999.000,9999.000
202606262224,   2.639,9999.000,9999.000,9999.000,9999.000,9999.000,9999.000,9999.000,9999.000
202606262230,   2.686,9999.000,9999.000,9999.000,9999.000,9999.000,9999.000,9999.000,9999.000
202606262236,   2.731,9999.000,9999.000,9999.000,9999.000,9999.000,9999.000,9999.000,9999.000
202606262242,   2.774,9999.000,9999.000,9999.000,9999.000,9999.000,9999.000,9999.000,9999.000
202606262248,   2.813,9999.000,9999.000,9999.000,9999.000,9999.000,9999.000,9999.000,9999.000
202606262254,   2.850,9999.000,9999.000,9999.000,9999.000,9999.000,9999.000,9999.000,9999.000
202606262300,   2.885,9999.000,   0.200,   0.121,   3.206,   0.000,   3.006,   0.300,   3.306
202606262306,   2.916,9999.000,9999.000,9999.000,9999.000,9999.000,9999.000,9999.000,9999.000
202606262312,   2.944,9999.000,9999.000,9999.000,9999.000,9999.000,9999.000,9999.000,9999.000
202606262318,   2.969,9999.000,9999.000,9999.000,9999.000,9999.000,9999.000,9999.000,9999.000
202606262324,   2.991,9999.000,9999.000,9999.000,9999.000,9999.000,9999.000,9999.000,9999.000
202606262330,   3.009,9999.000,9999.000,9999.000,9999.000,9999.000,9999.000,9999.000,9999.000
202606262336,   3.025,9999.000,9999.000,9999.000,9999.000,9999.000,9999.000,9999.000,9999.000
202606262342,   3.036,9999.000,9999.000,9999.000,9999.000,9999.000,9999.000,9999.000,9999.000
202606262348,   3.045,9999.000,9999.000,9999.000,9999.000,9999.000,9999.000,9999.000,9999.000
202606262354,   3.050,9999.000,9999.000,9999.000,9999.000,9999.000,9999.000,9999.000,9999.000
202606270000,   3.052,9999.000,   0.200,   0.121,   3.373,   0.000,   3.173,   0.300,   3.473
202606270006,   3.050,9999.000,9999.000,9999.000,9999.000,9999.000,9999.000,9999.000,9999.000
202606270012,   3.045,9999.000,9999.000,9999.000,9999.000,9999.000,9999.000,9999.000,9999.000
202606270018,   3.037,9999.000,9999.000,9999.000,9999.000,9999.000,9999.000,9999.000,9999.000
202606270024,   3.025,9999.000,9999.000,9999.000,9999.000,9999.000,9999.000,9999.000,9999.000
202606270030,   3.011,9999.000,9999.000,9999.000,9999.000,9999.000,9999.000,9999.000,9999.000
202606270036,   2.993,9999.000,9999.000,9999.000,9999.000,9999.000,9999.000,9999.000,9999.000
202606270042,   2.972,9999.000,9999.000,9999.000,9999.000,9999.000,9999.000,9999.000,9999.000
202606270048,   2.949,9999.000,9999.000,9999.000,9999.000,9999.000,9999.000,9999.000,9999.000
202606270054,   2.922,9999.000,9999.000,9999.000,9999.000,9999.000,9999.000,9999.000,9999.000
202606270100,   2.893,9999.000,   0.200,   0.121,   3.214,   0.000,   3.014,   0.300,   3.314
202606270106,   2.861,9999.000,9999.000,9999.000,9999.000,9999.000,9999.000,9999.000,9999.000
202606270112,   2.827,9999.000,9999.000,9999.000,9999.000,9999.000,9999.000,9999.000,9999.000
202606270118,   2.790,9999.000,9999.000,9999.000,9999.000,9999.000,9999.000,9999.000,9999.000
202606270124,   2.751,9999.000,9999.000,9999.000,9999.000,9999.000,9999.000,9999.000,9999.000
202606270130,   2.710,9999.000,9999.000,9999.000,9999.000,9999.000,9999.000,9999.000,9999.000
202606270136,   2.667,9999.000,9999.000,9999.000,9999.000,9999.000,9999.000,9999.000,9999.000
202606270142,   2.622,9999.000,9999.000,9999.000,9999.000,9999.000,9999.000,9999.000,9999.000
202606270148,   2.575,9999.000,9999.000,9999.000,9999.000,9999.000,9999.000,9999.000,9999.000
202606270154,   2.526,9999.000,9999.000,9999.000,9999.000,9999.000,9999.000,9999.000,9999.000
202606270200,   2.475,9999.000,   0.200,   0.121,   2.796,   0.000,   2.596,   0.300,   2.896
202606270206,   2.423,9999.000,9999.000,9999.000,9999.000,9999.000,9999.000,9999.000,9999.000
202606270212,   2.369,9999.000,9999.000,9999.000,9999.000,9999.000,9999.000,9999.000,9999.000
202606270218,   2.314,9999.000,9999.000,9999.000,9999.000,9999.000,9999.000,9999.000,9999.000
202606270224,   2.257,9999.000,9999.000,9999.000,9999.000,9999.000,9999.000,9999.000,9999.000
202606270230,   2.199,9999.000,9999.000,9999.000,9999.000,9999.000,9999.000,9999.000,9999.000
202606270236,   2.140,9999.000,9999.000,9999.000,9999.000,9999.000,9999.000,9999.000,9999.000
202606270242,   2.079,9999.000,9999.000,9999.000,9999.000,9999.000,9999.000,9999.000,9999.000
202606270248,   2.017,9999.000,9999.000,9999.000,9999.000,9999.000,9999.000,9999.000,9999.000
202606270254,   1.955,9999.000,9999.000,9999.000,9999.000,9999.000,9999.000,9999.000,9999.000
202606270300,   1.891,9999.000,   0.100,   0.121,   2.112,   0.000,   2.012,   0.300,   2.312
202606270306,   1.826,9999.000,9999.000,9999.000,9999.000,9999.000,9999.000,9999.000,9999.000
202606270312,   1.761,9999.000,9999.000,9999.000,9999.000,9999.000,9999.000,9999.000,9999.000
202606270318,   1.695,9999.000,9999.000,9999.000,9999.000,9999.000,9999.000,9999.000,9999.000
202606270324,   1.629,9999.000,9999.000,9999.000,9999.000,9999.000,9999.000,9999.000,9999.000
202606270330,   1.562,9999.000,9999.000,9999.000,9999.000,9999.000,9999.000,9999.000,9999.000
202606270336,   1.495,9999.000,9999.000,9999.000,9999.000,9999.000,9999.000,9999.000,9999.000
202606270342,   1.428,9999.000,9999.000,9999.000,9999.000,9999.000,9999.000,9999.000,9999.000
202606270348,   1.362,9999.000,9999.000,9999.000,9999.000,9999.000,9999.000,9999.000,9999.000
202606270354,   1.296,9999.000,9999.000,9999.000,9999.000,9999.000,9999.000,9999.000,9999.000
202606270400,   1.231,9999.000,   0.100,   0.121,   1.452,   0.000,   1.352,   0.300,   1.652
202606270406,   1.166,9999.000,9999.000,9999.000,9999.000,9999.000,9999.000,9999.000,9999.000
202606270412,   1.103,9999.000,9999.000,9999.000,9999.000,9999.000,9999.000,9999.000,9999.000
202606270418,   1.041,9999.000,9999.000,9999.000,9999.000,9999.000,9999.000,9999.000,9999.000
202606270424,   0.980,9999.000,9999.000,9999.000,9999.000,9999.000,9999.000,9999.000,9999.000
202606270430,   0.921,9999.000,9999.000,9999.000,9999.000,9999.000,9999.000,9999.000,9999.000
202606270436,   0.864,9999.000,9999.000,9999.000,9999.000,9999.000,9999.000,9999.000,9999.000
202606270442,   0.810,9999.000,9999.000,9999.000,9999.000,9999.000,9999.000,9999.000,9999.000
202606270448,   0.758,9999.000,9999.000,9999.000,9999.000,9999.000,9999.000,9999.000,9999.000
202606270454,   0.708,9999.000,9999.000,9999.000,9999.000,9999.000,9999.000,9999.000,9999.000
202606270500,   0.661,9999.000,   0.100,   0.121,   0.882,   0.000,   0.782,   0.300,   1.082
202606270506,   0.617,9999.000,9999.000,9999.000,9999.000,9999.000,9999.000,9999.000,9999.000
202606270512,   0.575,9999.000,9999.000,9999.000,9999.000,9999.000,9999.000,9999.000,9999.000
202606270518,   0.537,9999.000,9999.000,9999.000,9999.000,9999.000,9999.000,9999.000,9999.000
202606270524,   0.502,9999.000,9999.000,9999.000,9999.000,9999.000,9999.000,9999.000,9999.000
202606270530,   0.471,9999.000,9999.000,9999.000,9999.000,9999.000,9999.000,9999.000,9999.000
202606270536,   0.442,9999.000,9999.000,9999.000,9999.000,9999.000,9999.000,9999.000,9999.000
202606270542,   0.417,9999.000,9999.000,9999.000,9999.000,9999.000,9999.000,9999.000,9999.000
202606270548,   0.395,9999.000,9999.000,9999.000,9999.000,9999.000,9999.000,9999.000,9999.000
202606270554,   0.377,9999.000,9999.000,9999.000,9999.000,9999.000,9999.000,9999.000,9999.000
202606270600,   0.361,9999.000,   0.100,   0.121,   0.582,  -0.100,   0.382,   0.300,   0.782
202606270606,   0.349,9999.000,9999.000,9999.000,9999.000,9999.000,9999.000,9999.000,9999.000
202606270612,   0.341,9999.000,9999.000,9999.000,9999.000,9999.000,9999.000,9999.000,9999.000
202606270618,   0.335,9999.000,9999.000,9999.000,9999.000,9999.000,9999.000,9999.000,9999.000
202606270624,   0.332,9999.000,9999.000,9999.000,9999.000,9999.000,9999.000,9999.000,9999.000
202606270630,   0.332,9999.000,9999.000,9999.000,9999.000,9999.000,9999.000,9999.000,9999.000
202606270636,   0.336,9999.000,9999.000,9999.000,9999.000,9999.000,9999.000,9999.000,9999.000
202606270642,   0.342,9999.000,9999.000,9999.000,9999.000,9999.000,9999.000,9999.000,9999.000
202606270648,   0.350,9999.000,9999.000,9999.000,9999.000,9999.000,9999.000,9999.000,9999.000
202606270654,   0.362,9999.000,9999.000,9999.000,9999.000,9999.000,9999.000,9999.000,9999.000
202606270700,   0.375,9999.000,   0.100,   0.121,   0.596,  -0.100,   0.396,   0.300,   0.796
202606270706,   0.392,9999.000,9999.000,9999.000,9999.000,9999.000,9999.000,9999.000,9999.000
202606270712,   0.411,9999.000,9999.000,9999.000,9999.000,9999.000,9999.000,9999.000,9999.000
202606270718,   0.432,9999.000,9999.000,9999.000,9999.000,9999.000,9999.000,9999.000,9999.000
202606270724,   0.455,9999.000,9999.000,9999.000,9999.000,9999.000,9999.000,9999.000,9999.000
202606270730,   0.481,9999.000,9999.000,9999.000,9999.000,9999.000,9999.000,9999.000,9999.000
202606270736,   0.508,9999.000,9999.000,9999.000,9999.000,9999.000,9999.000,9999.000,9999.000
202606270742,   0.538,9999.000,9999.000,9999.000,9999.000,9999.000,9999.000,9999.000,9999.000
202606270748,   0.570,9999.000,9999.000,9999.000,9999.000,9999.000,9999.000,9999.000,9999.000
202606270754,   0.604,9999.000,9999.000,9999.000,9999.000,9999.000,9999.000,9999.000,9999.000
202606270800,   0.640,9999.000,   0.100,   0.121,   0.861,  -0.100,   0.661,   0.300,   1.061
202606270806,   0.678,9999.000,9999.000,9999.000,9999.000,9999.000,9999.000,9999.000,9999.000
202606270812,   0.718,9999.000,9999.000,9999.000,9999.000,9999.000,9999.000,9999.000,9999.000
202606270818,   0.760,9999.000,9999.000,9999.000,9999.000,9999.000,9999.000,9999.000,9999.000
202606270824,   0.803,9999.000,9999.000,9999.000,9999.000,9999.000,9999.000,9999.000,9999.000
202606270830,   0.848,9999.000,9999.000,9999.000,9999.000,9999.000,9999.000,9999.000,9999.000
202606270836,   0.895,9999.000,9999.000,9999.000,9999.000,9999.000,9999.000,9999.000,9999.000
202606270842,   0.943,9999.000,9999.000,9999.000,9999.000,9999.000,9999.000,9999.000,9999.000
202606270848,   0.993,9999.000,9999.000,9999.000,9999.000,9999.000,9999.000,9999.000,9999.000
202606270854,   1.044,9999.000,9999.000,9999.000,9999.000,9999.000,9999.000,9999.000,9999.000
202606270900,   1.096,9999.000,   0.100,   0.121,   1.317,   0.000,   1.217,   0.300,   1.517
202606270906,   1.150,9999.000,9999.000,9999.000,9999.000,9999.000,9999.000,9999.000,9999.000
202606270912,   1.204,9999.000,9999.000,9999.000,9999.000,9999.000,9999.000,9999.000,9999.000
202606270918,   1.259,9999.000,9999.000,9999.000,9999.000,9999.000,9999.000,9999.000,9999.000
202606270924,   1.315,9999.000,9999.000,9999.000,9999.000,9999.000,9999.000,9999.000,9999.000
202606270930,   1.371,9999.000,9999.000,9999.000,9999.000,9999.000,9999.000,9999.000,9999.000
202606270936,   1.428,9999.000,9999.000,9999.000,9999.000,9999.000,9999.000,9999.000,9999.000
202606270942,   1.484,9999.000,9999.000,9999.000,9999.000,9999.000,9999.000,9999.000,9999.000
202606270948,   1.541,9999.000,9999.000,9999.000,9999.000,9999.000,9999.000,9999.000,9999.000
202606270954,   1.597,9999.000,9999.000,9999.000,9999.000,9999.000,9999.000,9999.000,9999.000
202606271000,   1.653,9999.000,   0.100,   0.121,   1.874,  -0.100,   1.674,   0.300,   2.074
202606271006,   1.708,9999.000,9999.000,9999.000,9999.000,9999.000,9999.000,9999.000,9999.000
202606271012,   1.763,9999.000,9999.000,9999.000,9999.000,9999.000,9999.000,9999.000,9999.000
202606271018,   1.816,9999.000,9999.000,9999.000,9999.000,9999.000,9999.000,9999.000,9999.000
202606271024,   1.868,9999.000,9999.000,9999.000,9999.000,9999.000,9999.000,9999.000,9999.000
202606271030,   1.919,9999.000,9999.000,9999.000,9999.000,9999.000,9999.000,9999.000,9999.000
202606271036,   1.968,9999.000,9999.000,9999.000,9999.000,9999.000,9999.000,9999.000,9999.000
202606271042,   2.015,9999.000,9999.000,9999.000,9999.000,9999.000,9999.000,9999.000,9999.000
202606271048,   2.060,9999.000,9999.000,9999.000,9999.000,9999.000,9999.000,9999.000,9999.000
202606271054,   2.104,9999.000,9999.000,9999.000,9999.000,9999.000,9999.000,9999.000,9999.000
202606271100,   2.144,9999.000,   0.100,   0.121,   2.365,   0.000,   2.265,   0.300,   2.565
202606271106,   2.183,9999.000,9999.000,9999.000,9999.000,9999.000,9999.000,9999.000,9999.000
202606271112,   2.218,9999.000,9999.000,9999.000,9999.000,9999.000,9999.000,9999.000,9999.000
202606271118,   2.251,9999.000,9999.000,9999.000,9999.000,9999.000,9999.000,9999.000,9999.000
202606271124,   2.282,9999.000,9999.000,9999.000,9999.000,9999.000,9999.000,9999.000,9999.000
202606271130,   2.309,9999.000,9999.000,9999.000,9999.000,9999.000,9999.000,9999.000,9999.000
202606271136,   2.333,9999.000,9999.000,9999.000,9999.000,9999.000,9999.000,9999.000,9999.000
202606271142,   2.354,9999.000,9999.000,9999.000,9999.000,9999.000,9999.000,9999.000,9999.000
202606271148,   2.372,9999.000,9999.000,9999.000,9999.000,9999.000,9999.000,9999.000,9999.000
202606271154,   2.387,9999.000,9999.000,9999.000,9999.000,9999.000,9999.000,9999.000,9999.000
202606271200,   2.398,9999.000,   0.100,   0.121,   2.619,   0.000,   2.519,   0.300,   2.819
202606271206,   2.406,9999.000,9999.000,9999.000,9999.000,9999.000,9999.000,9999.000,9999.000
202606271212,   2.411,9999.000,9999.000,9999.000,9999.000,9999.000,9999.000,9999.000,9999.000
202606271218,   2.413,9999.000,9999.000,9999.000,9999.000,9999.000,9999.000,9999.000,9999.000
202606271224,   2.411,9999.000,9999.000,9999.000,9999.000,9999.000,9999.000,9999.000,9999.000
202606271230,   2.407,9999.000,9999.000,9999.000,9999.000,9999.000,9999.000,9999.000,9999.000
202606271236,   2.399,9999.000,9999.000,9999.000,9999.000,9999.000,9999.000,9999.000,9999.000
202606271242,   2.389,9999.000,9999.000,9999.000,9999.000,9999.000,9999.000,9999.000,9999.000
202606271248,   2.375,9999.000,9999.000,9999.000,9999.000,9999.000,9999.000,9999.000,9999.000
202606271254,   2.358,9999.000,9999.000,9999.000,9999.000,9999.000,9999.000,9999.000,9999.000
202606271300,   2.339,9999.000,   0.100,   0.121,   2.560,   0.000,   2.460,   0.300,   2.760
202606271306,   2.317,9999.000,9999.000,9999.000,9999.000,9999.000,9999.000,9999.000,9999.000
202606271312,   2.293,9999.000,9999.000,9999.000,9999.000,9999.000,9999.000,9999.000,9999.000
202606271318,   2.266,9999.000,9999.000,9999.000,9999.000,9999.000,9999.000,9999.000,9999.000
202606271324,   2.238,9999.000,9999.000,9999.000,9999.000,9999.000,9999.000,9999.000,9999.000
202606271330,   2.206,9999.000,9999.000,9999.000,9999.000,9999.000,9999.000,9999.000,9999.000
202606271336,   2.173,9999.000,9999.000,9999.000,9999.000,9999.000,9999.000,9999.000,9999.000
202606271342,   2.138,9999.000,9999.000,9999.000,9999.000,9999.000,9999.000,9999.000,9999.000
202606271348,   2.102,9999.000,9999.000,9999.000,9999.000,9999.000,9999.000,9999.000,9999.000
202606271354,   2.063,9999.000,9999.000,9999.000,9999.000,9999.000,9999.000,9999.000,9999.000
202606271400,   2.023,9999.000,   0.100,   0.121,   2.244,   0.000,   2.144,   0.300,   2.444
202606271406,   1.982,9999.000,9999.000,9999.000,9999.000,9999.000,9999.000,9999.000,9999.000
202606271412,   1.939,9999.000,9999.000,9999.000,9999.000,9999.000,9999.000,9999.000,9999.000
202606271418,   1.894,9999.000,9999.000,9999.000,9999.000,9999.000,9999.000,9999.000,9999.000
202606271424,   1.849,9999.000,9999.000,9999.000,9999.000,9999.000,9999.000,9999.000,9999.000
202606271430,   1.803,9999.000,9999.000,9999.000,9999.000,9999.000,9999.000,9999.000,9999.000
202606271436,   1.755,9999.000,9999.000,9999.000,9999.000,9999.000,9999.000,9999.000,9999.000
202606271442,   1.706,9999.000,9999.000,9999.000,9999.000,9999.000,9999.000,9999.000,9999.000
202606271448,   1.657,9999.000,9999.000,9999.000,9999.000,9999.000,9999.000,9999.000,9999.000
202606271454,   1.607,9999.000,9999.000,9999.000,9999.000,9999.000,9999.000,9999.000,9999.000
202606271500,   1.556,9999.000,   0.100,   0.121,   1.777,   0.000,   1.677,   0.300,   1.977
202606271506,   1.504,9999.000,9999.000,9999.000,9999.000,9999.000,9999.000,9999.000,9999.000
202606271512,   1.452,9999.000,9999.000,9999.000,9999.000,9999.000,9999.000,9999.000,9999.000
202606271518,   1.399,9999.000,9999.000,9999.000,9999.000,9999.000,9999.000,9999.000,9999.000
202606271524,   1.346,9999.000,9999.000,9999.000,9999.000,9999.000,9999.000,9999.000,9999.000
202606271530,   1.292,9999.000,9999.000,9999.000,9999.000,9999.000,9999.000,9999.000,9999.000
202606271536,   1.239,9999.000,9999.000,9999.000,9999.000,9999.000,9999.000,9999.000,9999.000
202606271542,   1.185,9999.000,9999.000,9999.000,9999.000,9999.000,9999.000,9999.000,9999.000
202606271548,   1.131,9999.000,9999.000,9999.000,9999.000,9999.000,9999.000,9999.000,9999.000
202606271554,   1.078,9999.000,9999.000,9999.000,9999.000,9999.000,9999.000,9999.000,9999.000
202606271600,   1.025,9999.000,   0.200,   0.121,   1.346,   0.000,   1.146,   0.300,   1.446
202606271606,   0.973,9999.000,9999.000,9999.000,9999.000,9999.000,9999.000,9999.000,9999.000
202606271612,   0.921,9999.000,9999.000,9999.000,9999.000,9999.000,9999.000,9999.000,9999.000
202606271618,   0.871,9999.000,9999.000,9999.000,9999.000,9999.000,9999.000,9999.000,9999.000
202606271624,   0.822,9999.000,9999.000,9999.000,9999.000,9999.000,9999.000,9999.000,9999.000
202606271630,   0.774,9999.000,9999.000,9999.000,9999.000,9999.000,9999.000,9999.000,9999.000
202606271636,   0.728,9999.000,9999.000,9999.000,9999.000,9999.000,9999.000,9999.000,9999.000
202606271642,   0.684,9999.000,9999.000,9999.000,9999.000,9999.000,9999.000,9999.000,9999.000
202606271648,   0.641,9999.000,9999.000,9999.000,9999.000,9999.000,9999.000,9999.000,9999.000
202606271654,   0.601,9999.000,9999.000,9999.000,9999.000,9999.000,9999.000,9999.000,9999.000
202606271700,   0.564,9999.000,   0.200,   0.121,   0.885,   0.000,   0.685,   0.300,   0.985
202606271706,   0.529,9999.000,9999.000,9999.000,9999.000,9999.000,9999.000,9999.000,9999.000
202606271712,   0.497,9999.000,9999.000,9999.000,9999.000,9999.000,9999.000,9999.000,9999.000
202606271718,   0.468,9999.000,9999.000,9999.000,9999.000,9999.000,9999.000,9999.000,9999.000
202606271724,   0.442,9999.000,9999.000,9999.000,9999.000,9999.000,9999.000,9999.000,9999.000
202606271730,   0.419,9999.000,9999.000,9999.000,9999.000,9999.000,9999.000,9999.000,9999.000
202606271736,   0.399,9999.000,9999.000,9999.000,9999.000,9999.000,9999.000,9999.000,9999.000
202606271742,   0.383,9999.000,9999.000,9999.000,9999.000,9999.000,9999.000,9999.000,9999.000
202606271748,   0.370,9999.000,9999.000,9999.000,9999.000,9999.000,9999.000,9999.000,9999.000
202606271754,   0.360,9999.000,9999.000,9999.000,9999.000,9999.000,9999.000,9999.000,9999.000
202606271800,   0.354,9999.000,   0.200,   0.121,   0.675,   0.100,   0.575,   0.400,   0.875
202606271806,   0.351,9999.000,9999.000,9999.000,9999.000,9999.000,9999.000,9999.000,9999.000
202606271812,   0.352,9999.000,9999.000,9999.000,9999.000,9999.000,9999.000,9999.000,9999.000
202606271818,   0.356,9999.000,9999.000,9999.000,9999.000,9999.000,9999.000,9999.000,9999.000
202606271824,   0.363,9999.000,9999.000,9999.000,9999.000,9999.000,9999.000,9999.000,9999.000
202606271830,   0.373,9999.000,9999.000,9999.000,9999.000,9999.000,9999.000,9999.000,9999.000
202606271836,   0.386,9999.000,9999.000,9999.000,9999.000,9999.000,9999.000,9999.000,9999.000
202606271842,   0.402,9999.000,9999.000,9999.000,9999.000,9999.000,9999.000,9999.000,9999.000
202606271848,   0.421,9999.000,9999.000,9999.000,9999.000,9999.000,9999.000,9999.000,9999.000
202606271854,   0.442,9999.000,9999.000,9999.000,9999.000,9999.000,9999.000,9999.000,9999.000
202606271900,   0.466,9999.000,   0.200,   0.121,   0.787,   0.100,   0.687,   0.400,   0.987
202606271906,   0.493,9999.000,9999.000,9999.000,9999.000,9999.000,9999.000,9999.000,9999.000
202606271912,   0.522,9999.000,9999.000,9999.000,9999.000,9999.000,9999.000,9999.000,9999.000
202606271918,   0.553,9999.000,9999.000,9999.000,9999.000,9999.000,9999.000,9999.000,9999.000
202606271924,   0.586,9999.000,9999.000,9999.000,9999.000,9999.000,9999.000,9999.000,9999.000
202606271930,   0.621,9999.000,9999.000,9999.000,9999.000,9999.000,9999.000,9999.000,9999.000
202606271936,   0.658,9999.000,9999.000,9999.000,9999.000,9999.000,9999.000,9999.000,9999.000
202606271942,   0.697,9999.000,9999.000,9999.000,9999.000,9999.000,9999.000,9999.000,9999.000
202606271948,   0.738,9999.000,9999.000,9999.000,9999.000,9999.000,9999.000,9999.000,9999.000
202606271954,   0.780,9999.000,9999.000,9999.000,9999.000,9999.000,9999.000,9999.000,9999.000
202606272000,   0.825,9999.000,   0.300,   0.121,   1.246,   0.100,   1.046,   0.400,   1.346
202606272006,   0.871,9999.000,9999.000,9999.000,9999.000,9999.000,9999.000,9999.000,9999.000
202606272012,   0.918,9999.000,9999.000,9999.000,9999.000,9999.000,9999.000,9999.000,9999.000
202606272018,   0.967,9999.000,9999.000,9999.000,9999.000,9999.000,9999.000,9999.000,9999.000
202606272024,   1.018,9999.000,9999.000,9999.000,9999.000,9999.000,9999.000,9999.000,9999.000
202606272030,   1.070,9999.000,9999.000,9999.000,9999.000,9999.000,9999.000,9999.000,9999.000
202606272036,   1.124,9999.000,9999.000,9999.000,9999.000,9999.000,9999.000,9999.000,9999.000
202606272042,   1.179,9999.000,9999.000,9999.000,9999.000,9999.000,9999.000,9999.000,9999.000
202606272048,   1.235,9999.000,9999.000,9999.000,9999.000,9999.000,9999.000,9999.000,9999.000
202606272054,   1.293,9999.000,9999.000,9999.000,9999.000,9999.000,9999.000,9999.000,9999.000
202606272100,   1.352,9999.000,   0.300,   0.121,   1.773,   0.200,   1.673,   0.400,   1.873
202606272106,   1.412,9999.000,9999.000,9999.000,9999.000,9999.000,9999.000,9999.000,9999.000
202606272112,   1.473,9999.000,9999.000,9999.000,9999.000,9999.000,9999.000,9999.000,9999.000
202606272118,   1.535,9999.000,9999.000,9999.000,9999.000,9999.000,9999.000,9999.000,9999.000
202606272124,   1.599,9999.000,9999.000,9999.000,9999.000,9999.000,9999.000,9999.000,9999.000
202606272130,   1.662,9999.000,9999.000,9999.000,9999.000,9999.000,9999.000,9999.000,9999.000
202606272136,   1.727,9999.000,9999.000,9999.000,9999.000,9999.000,9999.000,9999.000,9999.000
202606272142,   1.791,9999.000,9999.000,9999.000,9999.000,9999.000,9999.000,9999.000,9999.000
202606272148,   1.856,9999.000,9999.000,9999.000,9999.000,9999.000,9999.000,9999.000,9999.000
202606272154,   1.922,9999.000,9999.000,9999.000,9999.000,9999.000,9999.000,9999.000,9999.000
202606272200,   1.987,9999.000,   0.300,   0.121,   2.408,   0.200,   2.308,   0.500,   2.608
202606272206,   2.052,9999.000,9999.000,9999.000,9999.000,9999.000,9999.000,9999.000,9999.000
202606272212,   2.116,9999.000,9999.000,9999.000,9999.000,9999.000,9999.000,9999.000,9999.000
202606272218,   2.180,9999.000,9999.000,9999.000,9999.000,9999.000,9999.000,9999.000,9999.000
202606272224,   2.243,9999.000,9999.000,9999.000,9999.000,9999.000,9999.000,9999.000,9999.000
202606272230,   2.304,9999.000,9999.000,9999.000,9999.000,9999.000,9999.000,9999.000,9999.000
202606272236,   2.365,9999.000,9999.000,9999.000,9999.000,9999.000,9999.000,9999.000,9999.000
202606272242,   2.424,9999.000,9999.000,9999.000,9999.000,9999.000,9999.000,9999.000,9999.000
202606272248,   2.482,9999.000,9999.000,9999.000,9999.000,9999.000,9999.000,9999.000,9999.000
202606272254,   2.537,9999.000,9999.000,9999.000,9999.000,9999.000,9999.000,9999.000,9999.000
202606272300,   2.591,9999.000,   0.300,   0.121,   3.012,   0.200,   2.912,   0.500,   3.212
202606272306,   2.642,9999.000,9999.000,9999.000,9999.000,9999.000,9999.000,9999.000,9999.000
202606272312,   2.691,9999.000,9999.000,9999.000,9999.000,9999.000,9999.000,9999.000,9999.000
202606272318,   2.738,9999.000,9999.000,9999.000,9999.000,9999.000,9999.000,9999.000,9999.000
202606272324,   2.782,9999.000,9999.000,9999.000,9999.000,9999.000,9999.000,9999.000,9999.000
202606272330,   2.823,9999.000,9999.000,9999.000,9999.000,9999.000,9999.000,9999.000,9999.000
202606272336,   2.861,9999.000,9999.000,9999.000,9999.000,9999.000,9999.000,9999.000,9999.000
202606272342,   2.896,9999.000,9999.000,9999.000,9999.000,9999.000,9999.000,9999.000,9999.000
202606272348,   2.927,9999.000,9999.000,9999.000,9999.000,9999.000,9999.000,9999.000,9999.000
202606272354,   2.956,9999.000,9999.000,9999.000,9999.000,9999.000,9999.000,9999.000,9999.000
202606280000,   2.981,9999.000,   0.400,   0.121,   3.502,   0.200,   3.302,   0.500,   3.602
202606280006,   3.003,9999.000,9999.000,9999.000,9999.000,9999.000,9999.000,9999.000,9999.000
202606280012,   3.022,9999.000,9999.000,9999.000,9999.000,9999.000,9999.000,9999.000,9999.000
202606280018,   3.037,9999.000,9999.000,9999.000,9999.000,9999.000,9999.000,9999.000,9999.000
202606280024,   3.048,9999.000,9999.000,9999.000,9999.000,9999.000,9999.000,9999.000,9999.000
202606280030,   3.056,9999.000,9999.000,9999.000,9999.000,9999.000,9999.000,9999.000,9999.000
202606280036,   3.061,9999.000,9999.000,9999.000,9999.000,9999.000,9999.000,9999.000,9999.000
202606280042,   3.062,9999.000,9999.000,9999.000,9999.000,9999.000,9999.000,9999.000,9999.000
202606280048,   3.060,9999.000,9999.000,9999.000,9999.000,9999.000,9999.000,9999.000,9999.000
202606280054,   3.055,9999.000,9999.000,9999.000,9999.000,9999.000,9999.000,9999.000,9999.000
202606280100,   3.046,9999.000,   0.400,   0.121,   3.567,   0.200,   3.367,   0.500,   3.667
202606280106,   3.034,9999.000,9999.000,9999.000,9999.000,9999.000,9999.000,9999.000,9999.000
202606280112,   3.019,9999.000,9999.000,9999.000,9999.000,9999.000,9999.000,9999.000,9999.000
202606280118,   3.001,9999.000,9999.000,9999.000,9999.000,9999.000,9999.000,9999.000,9999.000
202606280124,   2.980,9999.000,9999.000,9999.000,9999.000,9999.000,9999.000,9999.000,9999.000
202606280130,   2.957,9999.000,9999.000,9999.000,9999.000,9999.000,9999.000,9999.000,9999.000
202606280136,   2.930,9999.000,9999.000,9999.000,9999.000,9999.000,9999.000,9999.000,9999.000
202606280142,   2.901,9999.000,9999.000,9999.000,9999.000,9999.000,9999.000,9999.000,9999.000
202606280148,   2.869,9999.000,9999.000,9999.000,9999.000,9999.000,9999.000,9999.000,9999.000
202606280154,   2.835,9999.000,9999.000,9999.000,9999.000,9999.000,9999.000,9999.000,9999.000
202606280200,   2.798,9999.000,   0.400,   0.121,   3.319,   0.200,   3.119,   0.500,   3.419
202606280206,   2.759,9999.000,9999.000,9999.000,9999.000,9999.000,9999.000,9999.000,9999.000
202606280212,   2.718,9999.000,9999.000,9999.000,9999.000,9999.000,9999.000,9999.000,9999.000
202606280218,   2.675,9999.000,9999.000,9999.000,9999.000,9999.000,9999.000,9999.000,9999.000
202606280224,   2.630,9999.000,9999.000,9999.000,9999.000,9999.000,9999.000,9999.000,9999.000
202606280230,   2.583,9999.000,9999.000,9999.000,9999.000,9999.000,9999.000,9999.000,9999.000
202606280236,   2.534,9999.000,9999.000,9999.000,9999.000,9999.000,9999.000,9999.000,9999.000
202606280242,   2.483,9999.000,9999.000,9999.000,9999.000,9999.000,9999.000,9999.000,9999.000
202606280248,   2.430,9999.000,9999.000,9999.000,9999.000,9999.000,9999.000,9999.000,9999.000
202606280254,   2.376,9999.000,9999.000,9999.000,9999.000,9999.000,9999.000,9999.000,9999.000
202606280300,   2.320,9999.000,   0.400,   0.121,   2.841,   0.200,   2.641,   0.500,   2.941
202606280306,   2.263,9999.000,9999.000,9999.000,9999.000,9999.000,9999.000,9999.000,9999.000
202606280312,   2.204,9999.000,9999.000,9999.000,9999.000,9999.000,9999.000,9999.000,9999.000
202606280318,   2.143,9999.000,9999.000,9999.000,9999.000,9999.000,9999.000,9999.000,9999.000
202606280324,   2.082,9999.000,9999.000,9999.000,9999.000,9999.000,9999.000,9999.000,9999.000
202606280330,   2.019,9999.000,9999.000,9999.000,9999.000,9999.000,9999.000,9999.000,9999.000
202606280336,   1.955,9999.000,9999.000,9999.000,9999.000,9999.000,9999.000,9999.000,9999.000
202606280342,   1.890,9999.000,9999.000,9999.000,9999.000,9999.000,9999.000,9999.000,9999.000
202606280348,   1.824,9999.000,9999.000,9999.000,9999.000,9999.000,9999.000,9999.000,9999.000
202606280354,   1.757,9999.000,9999.000,9999.000,9999.000,9999.000,9999.000,9999.000,9999.000
202606280400,   1.689,9999.000,   0.400,   0.121,   2.210,   0.100,   1.910,   0.500,   2.310
202606280406,   1.621,9999.000,9999.000,9999.000,9999.000,9999.000,9999.000,9999.000,9999.000
202606280412,   1.552,9999.000,9999.000,9999.000,9999.000,9999.000,9999.000,9999.000,9999.000
202606280418,   1.484,9999.000,9999.000,9999.000,9999.000,9999.000,9999.000,9999.000,9999.000
202606280424,   1.415,9999.000,9999.000,9999.000,9999.000,9999.000,9999.000,9999.000,9999.000
202606280430,   1.347,9999.000,9999.000,9999.000,9999.000,9999.000,9999.000,9999.000,9999.000
202606280436,   1.279,9999.000,9999.000,9999.000,9999.000,9999.000,9999.000,9999.000,9999.000
202606280442,   1.212,9999.000,9999.000,9999.000,9999.000,9999.000,9999.000,9999.000,9999.000
202606280448,   1.145,9999.000,9999.000,9999.000,9999.000,9999.000,9999.000,9999.000,9999.000
202606280454,   1.080,9999.000,9999.000,9999.000,9999.000,9999.000,9999.000,9999.000,9999.000
202606280500,   1.016,9999.000,   0.400,   0.121,   1.537,   0.100,   1.237,   0.600,   1.737
202606280506,   0.954,9999.000,9999.000,9999.000,9999.000,9999.000,9999.000,9999.000,9999.000
202606280512,   0.894,9999.000,9999.000,9999.000,9999.000,9999.000,9999.000,9999.000,9999.000
202606280518,   0.836,9999.000,9999.000,9999.000,9999.000,9999.000,9999.000,9999.000,9999.000
202606280524,   0.780,9999.000,9999.000,9999.000,9999.000,9999.000,9999.000,9999.000,9999.000
202606280530,   0.726,9999.000,9999.000,9999.000,9999.000,9999.000,9999.000,9999.000,9999.000
202606280536,   0.676,9999.000,9999.000,9999.000,9999.000,9999.000,9999.000,9999.000,9999.000
202606280542,   0.628,9999.000,9999.000,9999.000,9999.000,9999.000,9999.000,9999.000,9999.000
202606280548,   0.583,9999.000,9999.000,9999.000,9999.000,9999.000,9999.000,9999.000,9999.000
202606280554,   0.541,9999.000,9999.000,9999.000,9999.000,9999.000,9999.000,9999.000,9999.000
202606280600,   0.502,9999.000,   0.400,   0.121,   1.023,   0.200,   0.823,   0.600,   1.223
