        TIME,    TIDE,      OB,   SURGE,    BIAS,     TWL,SURGE90p,  TWL90p,SURGE10p,   TWL10p
202606261800,   5.642,   6.077,  -0.100,   0.535,   6.077,  -0.100,   6.077,   0.000,   6.177
202606261806,   5.794,9999.000,9999.000,9999.000,9999.000,9999.000,9999.000,9999.000,9999.000
202606261812,   5.941,   6.359,9999.000,9999.000,9999.000,9999.000,9999.000,9999.000,9999.000
202606261818,   6.083,9999.000,9999.000,9999.000,9999.000,9999.000,9999.000,9999.000,9999.000
202606261824,   6.220,   6.648,9999.000,9999.000,9999.000,9999.000,9999.000,9999.000,9999.000
202606261830,   6.352,9999.000,9999.000,9999.000,9999.000,9999.000,9999.000,9999.000,9999.000
202606261836,   6.477,   6.897,9999.000,9999.000,9999.000,9999.000,9999.000,9999.000,9999.000
202606261842,   6.597,9999.000,9999.000,9999.000,9999.000,9999.000,9999.000,9999.000,9999.000
202606261848,   6.710,   7.127,9999.000,9999.000,9999.000,9999.000,9999.000,9999.000,9999.000
202606261854,   6.817,9999.000,9999.000,9999.000,9999.000,9999.000,9999.000,9999.000,9999.000
202606261900,   6.917,   7.337,  -0.100,   0.520,   7.337,  -0.100,   7.337,   0.000,   7.437
202606261906,   7.010,   7.439,9999.000,9999.000,9999.000,9999.000,9999.000,9999.000,9999.000
202606261912,   7.096,   7.537,9999.000,9999.000,9999.000,9999.000,9999.000,9999.000,9999.000
202606261918,   7.175,   7.619,9999.000,9999.000,9999.000,9999.000,9999.000,9999.000,9999.000
202606261924,   7.247,   7.688,9999.000,9999.000,9999.000,9999.000,9999.000,9999.000,9999.000
202606261930,   7.311,   7.747,9999.000,9999.000,9999.000,9999.000,9999.000,9999.000,9999.000
202606261936,   7.368,   7.819,9999.000,9999.000,9999.000,9999.000,9999.000,9999.000,9999.000
202606261942,   7.418,   7.868,9999.000,9999.000,9999.000,9999.000,9999.000,9999.000,9999.000
202606261948,   7.460,   7.908,9999.000,9999.000,9999.000,9999.000,9999.000,9999.000,9999.000
202606261954,   7.494,   7.947,9999.000,9999.000,9999.000,9999.000,9999.000,9999.000,9999.000
202606262000,   7.522,   7.976,  -0.100,   0.554,   7.976,  -0.100,   7.976,   0.000,   8.076
202606262006,   7.541,   7.996,9999.000,9999.000,9999.000,9999.000,9999.000,9999.000,9999.000
202606262012,   7.554,   8.016,9999.000,9999.000,9999.000,9999.000,9999.000,9999.000,9999.000
202606262018,   7.559,   8.006,9999.000,9999.000,9999.000,9999.000,9999.000,9999.000,9999.000
202606262024,   7.557,   8.006,9999.000,9999.000,9999.000,9999.000,9999.000,9999.000,9999.000
202606262030,   7.548,   8.016,9999.000,9999.000,9999.000,9999.000,9999.000,9999.000,9999.000
202606262036,   7.532,   7.986,9999.000,9999.000,9999.000,9999.000,9999.000,9999.000,9999.000
202606262042,   7.509,   7.957,9999.000,9999.000,9999.000,9999.000,9999.000,9999.000,9999.000
202606262048,   7.480,   7.927,9999.000,9999.000,9999.000,9999.000,9999.000,9999.000,9999.000
202606262054,   7.445,   7.888,9999.000,9999.000,9999.000,9999.000,9999.000,9999.000,9999.000
202606262100,   7.403,   7.839,   0.000,   0.436,   7.839,  -0.100,   7.739,   0.000,   7.839
202606262106,   7.355,   7.786,9999.000,9999.000,9999.000,9999.000,9999.000,9999.000,9999.000
202606262112,   7.302,   7.737,9999.000,9999.000,9999.000,9999.000,9999.000,9999.000,9999.000
202606262118,   7.243,   7.668,9999.000,9999.000,9999.000,9999.000,9999.000,9999.000,9999.000
202606262124,   7.179,   7.596,9999.000,9999.000,9999.000,9999.000,9999.000,9999.000,9999.000
202606262130,   7.110,   7.517,9999.000,9999.000,9999.000,9999.000,9999.000,9999.000,9999.000
202606262136,   7.037,   7.448,9999.000,9999.000,9999.000,9999.000,9999.000,9999.000,9999.000
202606262142,   6.959,   7.366,9999.000,9999.000,9999.000,9999.000,9999.000,9999.000,9999.000
202606262148,   6.877,   7.268,9999.000,9999.000,9999.000,9999.000,9999.000,9999.000,9999.000
202606262154,   6.791,   7.176,9999.000,9999.000,9999.000,9999.000,9999.000,9999.000,9999.000
202606262200,   6.702,   7.088,   0.000,   0.386,   7.088,  -0.100,   6.988,   0.000,   7.088
202606262206,   6.610,   6.989,9999.000,9999.000,9999.000,9999.000,9999.000,9999.000,9999.000
202606262212,   6.516,   6.878,9999.000,9999.000,9999.000,9999.000,9999.000,9999.000,9999.000
202606262218,   6.418,   6.766,9999.000,9999.000,9999.000,9999.000,9999.000,9999.000,9999.000
202606262224,   6.319,   6.668,9999.000,9999.000,9999.000,9999.000,9999.000,9999.000,9999.000
202606262230,   6.219,   6.556,9999.000,9999.000,9999.000,9999.000,9999.000,9999.000,9999.000
202606262236,   6.116,   6.428,9999.000,9999.000,9999.000,9999.000,9999.000,9999.000,9999.000
202606262242,   6.014,   6.307,9999.000,9999.000,9999.000,9999.000,9999.000,9999.000,9999.000
202606262248,   5.910,   6.199,9999.000,9999.000,9999.000,9999.000,9999.000,9999.000,9999.000
202606262254,   5.806,   6.077,9999.000,9999.000,9999.000,9999.000,9999.000,9999.000,9999.000
202606262300,   5.703,   5.969,   0.000,   0.266,   5.969,  -0.100,   5.869,   0.000,   5.969
202606262306,   5.600,   5.867,9999.000,9999.000,9999.000,9999.000,9999.000,9999.000,9999.000
202606262312,   5.499,   5.769,9999.000,9999.000,9999.000,9999.000,9999.000,9999.000,9999.000
202606262318,   5.398,   5.657,9999.000,9999.000,9999.000,9999.000,9999.000,9999.000,9999.000
202606262324,   5.300,   5.559,9999.000,9999.000,9999.000,9999.000,9999.000,9999.000,9999.000
202606262330,   5.204,   5.467,9999.000,9999.000,9999.000,9999.000,9999.000,9999.000,9999.000
202606262336,   5.110,   5.379,9999.000,9999.000,9999.000,9999.000,9999.000,9999.000,9999.000
202606262342,   5.019,   5.287,9999.000,9999.000,9999.000,9999.000,9999.000,9999.000,9999.000
202606262348,   4.932,   5.198,9999.000,9999.000,9999.000,9999.000,9999.000,9999.000,9999.000
202606262354,   4.848,   5.120,9999.000,9999.000,9999.000,9999.000,9999.000,9999.000,9999.000
202606270000,   4.769,   5.028,   0.000,   0.259,   5.028,   0.000,   5.028,   0.000,   5.028
202606270006,   4.694,   4.939,9999.000,9999.000,9999.000,9999.000,9999.000,9999.000,9999.000
202606270012,   4.623,   4.857,9999.000,9999.000,9999.000,9999.000,9999.000,9999.000,9999.000
202606270018,   4.558,   4.798,9999.000,9999.000,9999.000,9999.000,9999.000,9999.000,9999.000
202606270024,   4.497,   4.719,9999.000,9999.000,9999.000,9999.000,9999.000,9999.000,9999.000
202606270030,   4.443,   4.657,9999.000,9999.000,9999.000,9999.000,9999.000,9999.000,9999.000
202606270036,   4.394,   4.618,9999.000,9999.000,9999.000,9999.000,9999.000,9999.000,9999.000
202606270042,   4.352,   4.588,9999.000,9999.000,9999.000,9999.000,9999.000,9999.000,9999.000
202606270048,   4.316,   4.539,9999.000,9999.000,9999.000,9999.000,9999.000,9999.000,9999.000
202606270054,   4.286,   4.509,9999.000,9999.000,9999.000,9999.000,9999.000,9999.000,9999.000
202606270100,   4.263,   4.490,   0.000,   0.227,   4.490,   0.000,   4.490,   0.000,   4.490
202606270106,   4.247,   4.467,9999.000,9999.000,9999.000,9999.000,9999.000,9999.000,9999.000
202606270112,   4.239,   4.457,9999.000,9999.000,9999.000,9999.000,9999.000,9999.000,9999.000
202606270118,   4.237,   4.447,9999.000,9999.000,9999.000,9999.000,9999.000,9999.000,9999.000
202606270124,   4.243,   4.437,9999.000,9999.000,9999.000,9999.000,9999.000,9999.000,9999.000
202606270130,   4.255,   4.447,9999.000,9999.000,9999.000,9999.000,9999.000,9999.000,9999.000
202606270136,   4.276,   4.457,9999.000,9999.000,9999.000,9999.000,9999.000,9999.000,9999.000
202606270142,   4.303,   4.457,9999.000,9999.000,9999.000,9999.000,9999.000,9999.000,9999.000
202606270148,   4.338,   4.490,9999.000,9999.000,9999.000,9999.000,9999.000,9999.000,9999.000
202606270154,   4.380,   4.500,9999.000,9999.000,9999.000,9999.000,9999.000,9999.000,9999.000
202606270200,   4.430,   4.509,   0.000,   0.079,   4.509,   0.000,   4.509,   0.000,   4.509
202606270206,   4.486,   4.598,9999.000,9999.000,9999.000,9999.000,9999.000,9999.000,9999.000
202606270212,   4.550,   4.637,9999.000,9999.000,9999.000,9999.000,9999.000,9999.000,9999.000
202606270218,   4.621,   4.719,9999.000,9999.000,9999.000,9999.000,9999.000,9999.000,9999.000
202606270224,   4.698,   4.818,9999.000,9999.000,9999.000,9999.000,9999.000,9999.000,9999.000
202606270230,   4.782,   4.900,9999.000,9999.000,9999.000,9999.000,9999.000,9999.000,9999.000
202606270236,   4.873,   4.979,9999.000,9999.000,9999.000,9999.000,9999.000,9999.000,9999.000
202606270242,   4.969,   5.067,9999.000,9999.000,9999.000,9999.000,9999.000,9999.000,9999.000
202606270248,   5.072,   5.169,9999.000,9999.000,9999.000,9999.000,9999.000,9999.000,9999.000
202606270254,   5.180,   5.267,9999.000,9999.000,9999.000,9999.000,9999.000,9999.000,9999.000
202606270300,   5.294,   5.369,   0.000,   0.075,   5.369,   0.000,   5.369,   0.000,   5.369
202606270306,   5.413,   5.487,9999.000,9999.000,9999.000,9999.000,9999.000,9999.000,9999.000
202606270312,   5.537,   5.589,9999.000,9999.000,9999.000,9999.000,9999.000,9999.000,9999.000
202606270318,   5.666,   5.697,9999.000,9999.000,9999.000,9999.000,9999.000,9999.000,9999.000
202606270324,   5.798,   5.818,9999.000,9999.000,9999.000,9999.000,9999.000,9999.000,9999.000
202606270330,   5.935,   5.940,9999.000,9999.000,9999.000,9999.000,9999.000,9999.000,9999.000
202606270336,   6.076,   6.048,9999.000,9999.000,9999.000,9999.000,9999.000,9999.000,9999.000
202606270342,   6.219,   6.189,9999.000,9999.000,9999.000,9999.000,9999.000,9999.000,9999.000
202606270348,   6.366,   6.336,9999.000,9999.000,9999.000,9999.000,9999.000,9999.000,9999.000
202606270354,   6.515,   6.507,9999.000,9999.000,9999.000,9999.000,9999.000,9999.000,9999.000
202606270400,   6.667,   6.648,   0.000,  -0.019,   6.648,   0.000,   6.648,   0.000,   6.648
202606270406,   6.820,   6.789,9999.000,9999.000,9999.000,9999.000,9999.000,9999.000,9999.000
202606270412,   6.975,   6.956,9999.000,9999.000,9999.000,9999.000,9999.000,9999.000,9999.000
202606270418,   7.131,   7.117,9999.000,9999.000,9999.000,9999.000,9999.000,9999.000,9999.000
202606270424,   7.287,   7.278,9999.000,9999.000,9999.000,9999.000,9999.000,9999.000,9999.000
202606270430,   7.444,   7.419,9999.000,9999.000,9999.000,9999.000,9999.000,9999.000,9999.000
202606270436,   7.600,   7.566,9999.000,9999.000,9999.000,9999.000,9999.000,9999.000,9999.000
202606270442,   7.756,   7.737,9999.000,9999.000,9999.000,9999.000,9999.000,9999.000,9999.000
202606270448,   7.911,   7.898,9999.000,9999.000,9999.000,9999.000,9999.000,9999.000,9999.000
202606270454,   8.065,   8.049,9999.000,9999.000,9999.000,9999.000,9999.000,9999.000,9999.000
202606270500,   8.217,   8.206,   0.000,  -0.011,   8.206,   0.000,   8.206,   0.000,   8.206
202606270506,   8.366,   8.357,9999.000,9999.000,9999.000,9999.000,9999.000,9999.000,9999.000
202606270512,   8.513,   8.498,9999.000,9999.000,9999.000,9999.000,9999.000,9999.000,9999.000
202606270518,   8.657,   8.626,9999.000,9999.000,9999.000,9999.000,9999.000,9999.000,9999.000
202606270524,   8.798,   8.767,9999.000,9999.000,9999.000,9999.000,9999.000,9999.000,9999.000
202606270530,   8.934,   8.898,9999.000,9999.000,9999.000,9999.000,9999.000,9999.000,9999.000
202606270536,   9.067,   9.026,9999.000,9999.000,9999.000,9999.000,9999.000,9999.000,9999.000
202606270542,   9.194,   9.157,9999.000,9999.000,9999.000,9999.000,9999.000,9999.000,9999.000
202606270548,   9.317,   9.288,9999.000,9999.000,9999.000,9999.000,9999.000,9999.000,9999.000
202606270554,   9.434,   9.407,9999.000,9999.000,9999.000,9999.000,9999.000,9999.000,9999.000
202606270600,   9.545,   9.508,   0.000,  -0.037,   9.508,   0.000,   9.508,   0.000,   9.508
202606270606,   9.650,   9.616,9999.000,9999.000,9999.000,9999.000,9999.000,9999.000,9999.000
202606270612,   9.749,   9.738,9999.000,9999.000,9999.000,9999.000,9999.000,9999.000,9999.000
202606270618,   9.841,   9.846,9999.000,9999.000,9999.000,9999.000,9999.000,9999.000,9999.000
202606270624,   9.925,   9.928,9999.000,9999.000,9999.000,9999.000,9999.000,9999.000,9999.000
202606270630,  10.002,  10.007,9999.000,9999.000,9999.000,9999.000,9999.000,9999.000,9999.000
202606270636,  10.070,  10.076,9999.000,9999.000,9999.000,9999.000,9999.000,9999.000,9999.000
202606270642,  10.131,  10.128,9999.000,9999.000,9999.000,9999.000,9999.000,9999.000,9999.000
202606270648,  10.183,  10.167,9999.000,9999.000,9999.000,9999.000,9999.000,9999.000,9999.000
202606270654,  10.227,  10.217,9999.000,9999.000,9999.000,9999.000,9999.000,9999.000,9999.000
202606270700,  10.262,  10.266,   0.000,   0.004,  10.266,   0.000,  10.266,   0.000,  10.266
202606270706,  10.287,  10.305,9999.000,9999.000,9999.000,9999.000,9999.000,9999.000,9999.000
202606270712,  10.304,  10.328,9999.000,9999.000,9999.000,9999.000,9999.000,9999.000,9999.000
202606270718,  10.311,  10.328,9999.000,9999.000,9999.000,9999.000,9999.000,9999.000,9999.000
202606270724,  10.308,  10.348,9999.000,9999.000,9999.000,9999.000,9999.000,9999.000,9999.000
202606270730,  10.295,  10.368,9999.000,9999.000,9999.000,9999.000,9999.000,9999.000,9999.000
202606270736,  10.273,  10.338,9999.000,9999.000,9999.000,9999.000,9999.000,9999.000,9999.000
202606270742,  10.241,  10.318,9999.000,9999.000,9999.000,9999.000,9999.000,9999.000,9999.000
202606270748,  10.200,  10.286,9999.000,9999.000,9999.000,9999.000,9999.000,9999.000,9999.000
202606270754,  10.148,  10.246,9999.000,9999.000,9999.000,9999.000,9999.000,9999.000,9999.000
202606270800,  10.086,  10.197,   0.000,   0.111,  10.197,   0.000,  10.197,   0.000,  10.197
202606270806,  10.015,  10.118,9999.000,9999.000,9999.000,9999.000,9999.000,9999.000,9999.000
202606270812,   9.934,  10.026,9999.000,9999.000,9999.000,9999.000,9999.000,9999.000,9999.000
202606270818,   9.844,   9.948,9999.000,9999.000,9999.000,9999.000,9999.000,9999.000,9999.000
202606270824,   9.744,   9.856,9999.000,9999.000,9999.000,9999.000,9999.000,9999.000,9999.000
202606270830,   9.635,   9.757,9999.000,9999.000,9999.000,9999.000,9999.000,9999.000,9999.000
202606270836,   9.516,   9.626,9999.000,9999.000,9999.000,9999.000,9999.000,9999.000,9999.000
202606270842,   9.389,   9.508,9999.000,9999.000,9999.000,9999.000,9999.000,9999.000,9999.000
202606270848,   9.253,   9.387,9999.000,9999.000,9999.000,9999.000,9999.000,9999.000,9999.000
202606270854,   9.109,   9.265,9999.000,9999.000,9999.000,9999.000,9999.000,9999.000,9999.000
202606270900,   8.956,   9.108,   0.000,   0.152,   9.108,  -0.100,   9.008,   0.000,   9.108
202606270906,   8.795,   8.957,9999.000,9999.000,9999.000,9999.000,9999.000,9999.000,9999.000
202606270912,   8.627,   8.816,9999.000,9999.000,9999.000,9999.000,9999.000,9999.000,9999.000
202606270918,   8.451,   8.636,9999.000,9999.000,9999.000,9999.000,9999.000,9999.000,9999.000
202606270924,   8.269,   8.459,9999.000,9999.000,9999.000,9999.000,9999.000,9999.000,9999.000
202606270930,   8.079,   8.268,9999.000,9999.000,9999.000,9999.000,9999.000,9999.000,9999.000
202606270936,   7.884,   8.068,9999.000,9999.000,9999.000,9999.000,9999.000,9999.000,9999.000
202606270942,   7.682,   7.858,9999.000,9999.000,9999.000,9999.000,9999.000,9999.000,9999.000
202606270948,   7.475,   7.668,9999.000,9999.000,9999.000,9999.000,9999.000,9999.000,9999.000
202606270954,   7.263,   7.458,9999.000,9999.000,9999.000,9999.000,9999.000,9999.000,9999.000
202606271000,   7.046,   7.219,   0.000,   0.173,   7.219,  -0.100,   7.119,   0.000,   7.219
202606271006,   6.825,   6.999,9999.000,9999.000,9999.000,9999.000,9999.000,9999.000,9999.000
202606271012,   6.600,   6.756,9999.000,9999.000,9999.000,9999.000,9999.000,9999.000,9999.000
202606271018,   6.372,   6.537,9999.000,9999.000,9999.000,9999.000,9999.000,9999.000,9999.000
202606271024,   6.141,   6.307,9999.000,9999.000,9999.000,9999.000,9999.000,9999.000,9999.000
202606271030,   5.907,   6.058,9999.000,9999.000,9999.000,9999.000,9999.000,9999.000,9999.000
202606271036,   5.671,   5.828,9999.000,9999.000,9999.000,9999.000,9999.000,9999.000,9999.000
202606271042,   5.434,   5.579,9999.000,9999.000,9999.000,9999.000,9999.000,9999.000,9999.000
202606271048,   5.195,   5.339,9999.000,9999.000,9999.000,9999.000,9999.000,9999.000,9999.000
202606271054,   4.956,   5.087,9999.000,9999.000,9999.000,9999.000,9999.000,9999.000,9999.000
202606271100,   4.717,   4.837,  -0.100,   0.220,   4.837,  -0.100,   4.837,   0.000,   4.937
202606271106,   4.478,   4.588,9999.000,9999.000,9999.000,9999.000,9999.000,9999.000,9999.000
202606271112,   4.239,   4.349,9999.000,9999.000,9999.000,9999.000,9999.000,9999.000,9999.000
202606271118,   4.003,   4.109,9999.000,9999.000,9999.000,9999.000,9999.000,9999.000,9999.000
202606271124,   3.768,   3.860,9999.000,9999.000,9999.000,9999.000,9999.000,9999.000,9999.000
202606271130,   3.535,   3.637,9999.000,9999.000,9999.000,9999.000,9999.000,9999.000,9999.000
202606271136,   3.305,   3.417,9999.000,9999.000,9999.000,9999.000,9999.000,9999.000,9999.000
202606271142,   3.079,   3.188,9999.000,9999.000,9999.000,9999.000,9999.000,9999.000,9999.000
202606271148,   2.856,   2.968,9999.000,9999.000,9999.000,9999.000,9999.000,9999.000,9999.000
202606271154,   2.637,   2.738,9999.000,9999.000,9999.000,9999.000,9999.000,9999.000,9999.000
202606271200,   2.423,   2.499,  -0.300,   0.376,   2.499,  -0.300,   2.499,  -0.300,   2.499
202606271206,   2.214,   2.269,9999.000,9999.000,9999.000,9999.000,9999.000,9999.000,9999.000
202606271212,   2.011,   2.059,9999.000,9999.000,9999.000,9999.000,9999.000,9999.000,9999.000
202606271218,   1.814,   1.840,9999.000,9999.000,9999.000,9999.000,9999.000,9999.000,9999.000
202606271224,   1.623,   1.630,9999.000,9999.000,9999.000,9999.000,9999.000,9999.000,9999.000
202606271230,   1.439,9999.000,9999.000,9999.000,9999.000,9999.000,9999.000,9999.000,9999.000
202606271236,   1.263,9999.000,9999.000,9999.000,9999.000,9999.000,9999.000,9999.000,9999.000
202606271242,   1.094,9999.000,9999.000,9999.000,9999.000,9999.000,9999.000,9999.000,9999.000
202606271248,   0.933,9999.000,9999.000,9999.000,9999.000,9999.000,9999.000,9999.000,9999.000
202606271254,   0.780,9999.000,9999.000,9999.000,9999.000,9999.000,9999.000,9999.000,9999.000
202606271300,   0.636,9999.000,  -0.300,9999.000,   0.336,  -0.300,   0.336,  -0.300,   0.336
202606271306,   0.501,9999.000,9999.000,9999.000,9999.000,9999.000,9999.000,9999.000,9999.000
202606271312,   0.375,9999.000,9999.000,9999.000,9999.000,9999.000,9999.000,9999.000,9999.000
202606271318,   0.258,9999.000,9999.000,9999.000,9999.000,9999.000,9999.000,9999.000,9999.000
202606271324,   0.151,  -0.249,9999.000,9999.000,9999.000,9999.000,9999.000,9999.000,9999.000
202606271330,   0.054,   0.068,9999.000,9999.000,9999.000,9999.000,9999.000,9999.000,9999.000
202606271336,  -0.032,  -0.009,9999.000,9999.000,9999.000,9999.000,9999.000,9999.000,9999.000
202606271342,  -0.109,  -0.088,9999.000,9999.000,9999.000,9999.000,9999.000,9999.000,9999.000
202606271348,  -0.175,  -0.170,9999.000,9999.000,9999.000,9999.000,9999.000,9999.000,9999.000
202606271354,  -0.231,  -0.219,9999.000,9999.000,9999.000,9999.000,9999.000,9999.000,9999.000
202606271400,  -0.277,  -0.249,  -0.300,   0.328,  -0.249,  -0.300,  -0.249,  -0.300,  -0.249
202606271406,  -0.313,  -0.278,9999.000,9999.000,9999.000,9999.000,9999.000,9999.000,9999.000
202606271412,  -0.337,  -0.321,9999.000,9999.000,9999.000,9999.000,9999.000,9999.000,9999.000
202606271418,  -0.352,  -0.308,9999.000,9999.000,9999.000,9999.000,9999.000,9999.000,9999.000
202606271424,  -0.356,  -0.308,9999.000,9999.000,9999.000,9999.000,9999.000,9999.000,9999.000
202606271430,  -0.349,  -0.321,9999.000,9999.000,9999.000,9999.000,9999.000,9999.000,9999.000
202606271436,  -0.333,  -0.298,9999.000,9999.000,9999.000,9999.000,9999.000,9999.000,9999.000
202606271442,  -0.306,  -0.259,9999.000,9999.000,9999.000,9999.000,9999.000,9999.000,9999.000
202606271448,  -0.270,  -0.249,9999.000,9999.000,9999.000,9999.000,9999.000,9999.000,9999.000
202606271454,  -0.223,  -0.180,9999.000,9999.000,9999.000,9999.000,9999.000,9999.000,9999.000
202606271500,  -0.167,  -0.131,  -0.300,   0.336,  -0.131,  -0.300,  -0.131,  -0.200,  -0.031
202606271506,  -0.101,  -0.088,9999.000,9999.000,9999.000,9999.000,9999.000,9999.000,9999.000
202606271512,  -0.027,  -0.009,9999.000,9999.000,9999.000,9999.000,9999.000,9999.000,9999.000
202606271518,   0.056,   0.078,9999.000,9999.000,9999.000,9999.000,9999.000,9999.000,9999.000
202606271524,   0.149,   0.180,9999.000,9999.000,9999.000,9999.000,9999.000,9999.000,9999.000
202606271530,   0.249,   0.278,9999.000,9999.000,9999.000,9999.000,9999.000,9999.000,9999.000
202606271536,   0.359,   0.390,9999.000,9999.000,9999.000,9999.000,9999.000,9999.000,9999.000
202606271542,   0.475,   0.498,9999.000,9999.000,9999.000,9999.000,9999.000,9999.000,9999.000
202606271548,   0.600,9999.000,9999.000,9999.000,9999.000,9999.000,9999.000,9999.000,9999.000
202606271554,   0.732,9999.000,9999.000,9999.000,9999.000,9999.000,9999.000,9999.000,9999.000
202606271600,   0.870,   1.020,  -0.300,   0.450,   1.020,  -0.300,   1.020,  -0.200,   1.120
202606271606,   1.015,   1.020,9999.000,9999.000,9999.000,9999.000,9999.000,9999.000,9999.000
202606271612,   1.167,   1.180,9999.000,9999.000,9999.000,9999.000,9999.000,9999.000,9999.000
202606271618,   1.324,   1.338,9999.000,9999.000,9999.000,9999.000,9999.000,9999.000,9999.000
202606271624,   1.486,   1.528,9999.000,9999.000,9999.000,9999.000,9999.000,9999.000,9999.000
202606271630,   1.654,   1.679,9999.000,9999.000,9999.000,9999.000,9999.000,9999.000,9999.000
202606271636,   1.826,   1.849,9999.000,9999.000,9999.000,9999.000,9999.000,9999.000,9999.000
202606271642,   2.003,9999.000,9999.000,9999.000,9999.000,9999.000,9999.000,9999.000,9999.000
202606271648,   2.183,9999.000,9999.000,9999.000,9999.000,9999.000,9999.000,9999.000,9999.000
202606271654,   2.367,9999.000,9999.000,9999.000,9999.000,9999.000,9999.000,9999.000,9999.000
202606271700,   2.554,9999.000,  -0.300,9999.000,   2.254,  -0.300,   2.254,  -0.200,   2.354
202606271706,   2.744,9999.000,9999.000,9999.000,9999.000,9999.000,9999.000,9999.000,9999.000
202606271712,   2.936,9999.000,9999.000,9999.000,9999.000,9999.000,9999.000,9999.000,9999.000
202606271718,   3.130,9999.000,9999.000,9999.000,9999.000,9999.000,9999.000,9999.000,9999.000
202606271724,   3.325,9999.000,9999.000,9999.000,9999.000,9999.000,9999.000,9999.000,9999.000
202606271730,   3.521,9999.000,9999.000,9999.000,9999.000,9999.000,9999.000,9999.000,9999.000
202606271736,   3.717,9999.000,9999.000,9999.000,9999.000,9999.000,9999.000,9999.000,9999.000
202606271742,   3.914,9999.000,9999.000,9999.000,9999.000,9999.000,9999.000,9999.000,9999.000
202606271748,   4.110,9999.000,9999.000,9999.000,9999.000,9999.000,9999.000,9999.000,9999.000
202606271754,   4.306,9999.000,9999.000,9999.000,9999.000,9999.000,9999.000,9999.000,9999.000
202606271800,   4.500,9999.000,  -0.400,9999.000,   4.100,  -0.400,   4.100,  -0.300,   4.200
202606271806,   4.692,9999.000,9999.000,9999.000,9999.000,9999.000,9999.000,9999.000,9999.000
202606271812,   4.883,9999.000,9999.000,9999.000,9999.000,9999.000,9999.000,9999.000,9999.000
202606271818,   5.071,9999.000,9999.000,9999.000,9999.000,9999.000,9999.000,9999.000,9999.000
202606271824,   5.256,9999.000,9999.000,9999.000,9999.000,9999.000,9999.000,9999.000,9999.000
202606271830,   5.437,9999.000,9999.000,9999.000,9999.000,9999.000,9999.000,9999.000,9999.000
202606271836,   5.615,9999.000,9999.000,9999.000,9999.000,9999.000,9999.000,9999.000,9999.000
202606271842,   5.789,9999.000,9999.000,9999.000,9999.000,9999.000,9999.000,9999.000,9999.000
202606271848,   5.958,9999.000,9999.000,9999.000,9999.000,9999.000,9999.000,9999.000,9999.000
202606271854,   6.123,   6.947,9999.000,9999.000,9999.000,9999.000,9999.000,9999.000,9999.000
202606271900,   6.282,   6.947,  -0.400,   1.065,   6.947,  -0.400,   6.947,  -0.300,   7.047
202606271906,   6.435,9999.000,9999.000,9999.000,9999.000,9999.000,9999.000,9999.000,9999.000
202606271912,   6.583,9999.000,9999.000,9999.000,9999.000,9999.000,9999.000,9999.000,9999.000
202606271918,   6.724,   6.678,9999.000,9999.000,9999.000,9999.000,9999.000,9999.000,9999.000
202606271924,   6.859,   6.819,9999.000,9999.000,9999.000,9999.000,9999.000,9999.000,9999.000
202606271930,   6.987,   6.947,9999.000,9999.000,9999.000,9999.000,9999.000,9999.000,9999.000
202606271936,   7.108,   7.068,9999.000,9999.000,9999.000,9999.000,9999.000,9999.000,9999.000
202606271942,   7.222,   7.176,9999.000,9999.000,9999.000,9999.000,9999.000,9999.000,9999.000
202606271948,   7.329,   7.297,9999.000,9999.000,9999.000,9999.000,9999.000,9999.000,9999.000
202606271954,   7.427,   7.386,9999.000,9999.000,9999.000,9999.000,9999.000,9999.000,9999.000
202606272000,   7.518,   7.478,  -0.400,   0.360,   7.478,  -0.400,   7.478,  -0.300,   7.578
202606272006,   7.601,   7.557,9999.000,9999.000,9999.000,9999.000,9999.000,9999.000,9999.000
202606272012,   7.676,   7.629,9999.000,9999.000,9999.000,9999.000,9999.000,9999.000,9999.000
202606272018,   7.743,   7.698,9999.000,9999.000,9999.000,9999.000,9999.000,9999.000,9999.000
202606272024,   7.801,   7.747,9999.000,9999.000,9999.000,9999.000,9999.000,9999.000,9999.000
202606272030,   7.852,   7.786,9999.000,9999.000,9999.000,9999.000,9999.000,9999.000,9999.000
202606272036,   7.894,   7.829,9999.000,9999.000,9999.000,9999.000,9999.000,9999.000,9999.000
202606272042,   7.928,   7.878,9999.000,9999.000,9999.000,9999.000,9999.000,9999.000,9999.000
202606272048,   7.953,   7.908,9999.000,9999.000,9999.000,9999.000,9999.000,9999.000,9999.000
202606272054,   7.971,   7.917,9999.000,9999.000,9999.000,9999.000,9999.000,9999.000,9999.000
202606272100,   7.980,   7.917,  -0.400,   0.337,   7.917,  -0.400,   7.917,  -0.300,   8.017
202606272106,   7.981,   7.927,9999.000,9999.000,9999.000,9999.000,9999.000,9999.000,9999.000
202606272112,   7.975,   7.937,9999.000,9999.000,9999.000,9999.000,9999.000,9999.000,9999.000
202606272118,   7.961,   7.917,9999.000,9999.000,9999.000,9999.000,9999.000,9999.000,9999.000
202606272124,   7.939,   7.888,9999.000,9999.000,9999.000,9999.000,9999.000,9999.000,9999.000
202606272130,   7.910,   7.868,9999.000,9999.000,9999.000,9999.000,9999.000,9999.000,9999.000
202606272136,   7.874,   7.839,9999.000,9999.000,9999.000,9999.000,9999.000,9999.000,9999.000
202606272142,   7.830,   7.786,9999.000,9999.000,9999.000,9999.000,9999.000,9999.000,9999.000
202606272148,   7.781,   7.727,9999.000,9999.000,9999.000,9999.000,9999.000,9999.000,9999.000
202606272154,   7.724,   7.658,9999.000,9999.000,9999.000,9999.000,9999.000,9999.000,9999.000
202606272200,   7.662,   7.576,  -0.400,   0.314,   7.576,  -0.400,   7.576,  -0.300,   7.676
202606272206,   7.593,   7.517,9999.000,9999.000,9999.000,9999.000,9999.000,9999.000,9999.000
202606272212,   7.519,   7.439,9999.000,9999.000,9999.000,9999.000,9999.000,9999.000,9999.000
202606272218,   7.440,   7.347,9999.000,9999.000,9999.000,9999.000,9999.000,9999.000,9999.000
202606272224,   7.355,   7.248,9999.000,9999.000,9999.000,9999.000,9999.000,9999.000,9999.000
202606272230,   7.266,   7.156,9999.000,9999.000,9999.000,9999.000,9999.000,9999.000,9999.000
202606272236,   7.173,   7.058,9999.000,9999.000,9999.000,9999.000,9999.000,9999.000,9999.000
202606272242,   7.076,   6.956,9999.000,9999.000,9999.000,9999.000,9999.000,9999.000,9999.000
202606272248,   6.975,   6.838,9999.000,9999.000,9999.000,9999.000,9999.000,9999.000,9999.000
202606272254,   6.871,   6.737,9999.000,9999.000,9999.000,9999.000,9999.000,9999.000,9999.000
202606272300,   6.764,   6.609,  -0.400,   0.245,   6.609,  -0.400,   6.609,  -0.300,   6.709
202606272306,   6.655,   6.487,9999.000,9999.000,9999.000,9999.000,9999.000,9999.000,9999.000
202606272312,   6.544,   6.389,9999.000,9999.000,9999.000,9999.000,9999.000,9999.000,9999.000
202606272318,   6.431,   6.248,9999.000,9999.000,9999.000,9999.000,9999.000,9999.000,9999.000
202606272324,   6.317,   6.127,9999.000,9999.000,9999.000,9999.000,9999.000,9999.000,9999.000
202606272330,   6.202,   6.008,9999.000,9999.000,9999.000,9999.000,9999.000,9999.000,9999.000
202606272336,   6.086,   5.877,9999.000,9999.000,9999.000,9999.000,9999.000,9999.000,9999.000
202606272342,   5.971,   5.749,9999.000,9999.000,9999.000,9999.000,9999.000,9999.000,9999.000
202606272348,   5.856,   5.638,9999.000,9999.000,9999.000,9999.000,9999.000,9999.000,9999.000
202606272354,   5.742,   5.507,9999.000,9999.000,9999.000,9999.000,9999.000,9999.000,9999.000
202606280000,   5.630,   5.398,  -0.300,   0.068,   5.398,  -0.400,   5.298,  -0.300,   5.398
202606280006,   5.519,   5.257,9999.000,9999.000,9999.000,9999.000,9999.000,9999.000,9999.000
202606280012,   5.410,   5.139,9999.000,9999.000,9999.000,9999.000,9999.000,9999.000,9999.000
202606280018,   5.304,   5.008,9999.000,9999.000,9999.000,9999.000,9999.000,9999.000,9999.000
202606280024,   5.201,   4.919,9999.000,9999.000,9999.000,9999.000,9999.000,9999.000,9999.000
202606280030,   5.101,   4.798,9999.000,9999.000,9999.000,9999.000,9999.000,9999.000,9999.000
202606280036,   5.005,   4.677,9999.000,9999.000,9999.000,9999.000,9999.000,9999.000,9999.000
202606280042,   4.914,   4.578,9999.000,9999.000,9999.000,9999.000,9999.000,9999.000,9999.000
202606280048,   4.826,   4.490,9999.000,9999.000,9999.000,9999.000,9999.000,9999.000,9999.000
202606280054,   4.744,   4.398,9999.000,9999.000,9999.000,9999.000,9999.000,9999.000,9999.000
202606280100,   4.667,   4.319,  -0.300,  -0.048,   4.319,  -0.400,   4.219,  -0.300,   4.319
202606280106,   4.596,   4.237,9999.000,9999.000,9999.000,9999.000,9999.000,9999.000,9999.000
202606280112,   4.530,   4.168,9999.000,9999.000,9999.000,9999.000,9999.000,9999.000,9999.000
202606280118,   4.471,   4.109,9999.000,9999.000,9999.000,9999.000,9999.000,9999.000,9999.000
202606280124,   4.418,   4.057,9999.000,9999.000,9999.000,9999.000,9999.000,9999.000,9999.000
202606280130,   4.372,   4.017,9999.000,9999.000,9999.000,9999.000,9999.000,9999.000,9999.000
202606280136,   4.333,   3.968,9999.000,9999.000,9999.000,9999.000,9999.000,9999.000,9999.000
202606280142,   4.302,   3.939,9999.000,9999.000,9999.000,9999.000,9999.000,9999.000,9999.000
202606280148,   4.277,   3.909,9999.000,9999.000,9999.000,9999.000,9999.000,9999.000,9999.000
202606280154,   4.260,   3.899,9999.000,9999.000,9999.000,9999.000,9999.000,9999.000,9999.000
202606280200,   4.251,   3.890,  -0.300,  -0.061,   3.890,  -0.400,   3.790,  -0.300,   3.890
202606280206,   4.250,   3.909,9999.000,9999.000,9999.000,9999.000,9999.000,9999.000,9999.000
202606280212,   4.256,   3.899,9999.000,9999.000,9999.000,9999.000,9999.000,9999.000,9999.000
202606280218,   4.271,   3.919,9999.000,9999.000,9999.000,9999.000,9999.000,9999.000,9999.000
202606280224,   4.293,   3.949,9999.000,9999.000,9999.000,9999.000,9999.000,9999.000,9999.000
202606280230,   4.323,   3.968,9999.000,9999.000,9999.000,9999.000,9999.000,9999.000,9999.000
202606280236,   4.361,   4.008,9999.000,9999.000,9999.000,9999.000,9999.000,9999.000,9999.000
202606280242,   4.408,   4.057,9999.000,9999.000,9999.000,9999.000,9999.000,9999.000,9999.000
202606280248,   4.461,   4.109,9999.000,9999.000,9999.000,9999.000,9999.000,9999.000,9999.000
202606280254,   4.523,   4.159,9999.000,9999.000,9999.000,9999.000,9999.000,9999.000,9999.000
202606280300,   4.592,   4.227,  -0.300,  -0.065,   4.227,  -0.400,   4.127,  -0.300,   4.227
202606280306,   4.669,   4.290,9999.000,9999.000,9999.000,9999.000,9999.000,9999.000,9999.000
202606280312,   4.752,   4.359,9999.000,9999.000,9999.000,9999.000,9999.000,9999.000,9999.000
202606280318,   4.843,   4.437,9999.000,9999.000,9999.000,9999.000,9999.000,9999.000,9999.000
202606280324,   4.941,   4.509,9999.000,9999.000,9999.000,9999.000,9999.000,9999.000,9999.000
202606280330,   5.045,   4.608,9999.000,9999.000,9999.000,9999.000,9999.000,9999.000,9999.000
202606280336,   5.155,   4.729,9999.000,9999.000,9999.000,9999.000,9999.000,9999.000,9999.000
202606280342,   5.272,   4.828,9999.000,9999.000,9999.000,9999.000,9999.000,9999.000,9999.000
202606280348,   5.394,   4.939,9999.000,9999.000,9999.000,9999.000,9999.000,9999.000,9999.000
202606280354,   5.522,   5.067,9999.000,9999.000,9999.000,9999.000,9999.000,9999.000,9999.000
202606280400,   5.655,   5.198,  -0.300,  -0.157,   5.198,  -0.400,   5.098,  -0.300,   5.198
202606280406,   5.792,   5.329,9999.000,9999.000,9999.000,9999.000,9999.000,9999.000,9999.000
202606280412,   5.934,   5.457,9999.000,9999.000,9999.000,9999.000,9999.000,9999.000,9999.000
202606280418,   6.080,   5.598,9999.000,9999.000,9999.000,9999.000,9999.000,9999.000,9999.000
202606280424,   6.230,   5.759,9999.000,9999.000,9999.000,9999.000,9999.000,9999.000,9999.000
202606280430,   6.383,   5.907,9999.000,9999.000,9999.000,9999.000,9999.000,9999.000,9999.000
202606280436,   6.539,   6.067,9999.000,9999.000,9999.000,9999.000,9999.000,9999.000,9999.000
202606280442,   6.697,   6.218,9999.000,9999.000,9999.000,9999.000,9999.000,9999.000,9999.000
202606280448,   6.858,   6.379,9999.000,9999.000,9999.000,9999.000,9999.000,9999.000,9999.000
202606280454,   7.020,   6.546,9999.000,9999.000,9999.000,9999.000,9999.000,9999.000,9999.000
202606280500,   7.183,   6.707,  -0.300,  -0.176,   6.707,  -0.400,   6.607,  -0.300,   6.707
202606280506,   7.348,   6.887,9999.000,9999.000,9999.000,9999.000,9999.000,9999.000,9999.000
202606280512,   7.512,   7.068,9999.000,9999.000,9999.000,9999.000,9999.000,9999.000,9999.000
202606280518,   7.677,   7.229,9999.000,9999.000,9999.000,9999.000,9999.000,9999.000,9999.000
202606280524,   7.841,   7.386,9999.000,9999.000,9999.000,9999.000,9999.000,9999.000,9999.000
202606280530,   8.004,   7.557,9999.000,9999.000,9999.000,9999.000,9999.000,9999.000,9999.000
202606280536,   8.166,   7.727,9999.000,9999.000,9999.000,9999.000,9999.000,9999.000,9999.000
202606280542,   8.326,   7.888,9999.000,9999.000,9999.000,9999.000,9999.000,9999.000,9999.000
202606280548,   8.484,   8.049,9999.000,9999.000,9999.000,9999.000,9999.000,9999.000,9999.000
202606280554,   8.639,   8.196,9999.000,9999.000,9999.000,9999.000,9999.000,9999.000,9999.000
202606280600,   8.791,   8.337,  -0.500,   0.046,   8.337,  -0.500,   8.337,  -0.400,   8.437
202606280606,   8.940,   8.478,9999.000,9999.000,9999.000,9999.000,9999.000,9999.000,9999.000
202606280612,   9.084,   8.626,9999.000,9999.000,9999.000,9999.000,9999.000,9999.000,9999.000
202606280618,   9.224,   8.767,9999.000,9999.000,9999.000,9999.000,9999.000,9999.000,9999.000
202606280624,   9.359,   8.898,9999.000,9999.000,9999.000,9999.000,9999.000,9999.000,9999.000
202606280630,   9.489,   9.036,9999.000,9999.000,9999.000,9999.000,9999.000,9999.000,9999.000
202606280636,   9.613,   9.157,9999.000,9999.000,9999.000,9999.000,9999.000,9999.000,9999.000
202606280642,   9.731,   9.279,9999.000,9999.000,9999.000,9999.000,9999.000,9999.000,9999.000
202606280648,   9.842,   9.387,9999.000,9999.000,9999.000,9999.000,9999.000,9999.000,9999.000
202606280654,   9.947,   9.498,9999.000,9999.000,9999.000,9999.000,9999.000,9999.000,9999.000
202606280700,  10.044,   9.597,  -0.500,   0.053,   9.597,  -0.500,   9.597,  -0.400,   9.697
202606280706,  10.133,   9.698,9999.000,9999.000,9999.000,9999.000,9999.000,9999.000,9999.000
202606280712,  10.215,   9.787,9999.000,9999.000,9999.000,9999.000,9999.000,9999.000,9999.000
202606280718,  10.288,   9.866,9999.000,9999.000,9999.000,9999.000,9999.000,9999.000,9999.000
202606280724,  10.353,   9.928,9999.000,9999.000,9999.000,9999.000,9999.000,9999.000,9999.000
202606280730,  10.408,   9.987,9999.000,9999.000,9999.000,9999.000,9999.000,9999.000,9999.000
202606280736,  10.454,  10.046,9999.000,9999.000,9999.000,9999.000,9999.000,9999.000,9999.000
202606280742,  10.491,  10.085,9999.000,9999.000,9999.000,9999.000,9999.000,9999.000,9999.000
202606280748,  10.519,  10.118,9999.000,9999.000,9999.000,9999.000,9999.000,9999.000,9999.000
202606280754,  10.536,  10.148,9999.000,9999.000,9999.000,9999.000,9999.000,9999.000,9999.000
202606280800,  10.543,  10.167,  -0.500,   0.124,  10.167,  -0.600,  10.067,  -0.400,  10.267
202606280806,  10.540,  10.167,9999.000,9999.000,9999.000,9999.000,9999.000,9999.000,9999.000
202606280812,  10.527,  10.158,9999.000,9999.000,9999.000,9999.000,9999.000,9999.000,9999.000
202606280818,  10.504,  10.138,9999.000,9999.000,9999.000,9999.000,9999.000,9999.000,9999.000
202606280824,  10.469,  10.108,9999.000,9999.000,9999.000,9999.000,9999.000,9999.000,9999.000
202606280830,  10.425,  10.056,9999.000,9999.000,9999.000,9999.000,9999.000,9999.000,9999.000
202606280836,  10.370,  10.007,9999.000,9999.000,9999.000,9999.000,9999.000,9999.000,9999.000
202606280842,  10.304,   9.958,9999.000,9999.000,9999.000,9999.000,9999.000,9999.000,9999.000
202606280848,  10.228,   9.885,9999.000,9999.000,9999.000,9999.000,9999.000,9999.000,9999.000
202606280854,  10.141,   9.807,9999.000,9999.000,9999.000,9999.000,9999.000,9999.000,9999.000
202606280900,  10.045,   9.718,  -0.500,   0.173,   9.718,  -0.600,   9.618,  -0.500,   9.718
202606280906,   9.938,   9.626,9999.000,9999.000,9999.000,9999.000,9999.000,9999.000,9999.000
202606280912,   9.821,   9.508,9999.000,9999.000,9999.000,9999.000,9999.000,9999.000,9999.000
202606280918,   9.694,   9.387,9999.000,9999.000,9999.000,9999.000,9999.000,9999.000,9999.000
202606280924,   9.558,   9.265,9999.000,9999.000,9999.000,9999.000,9999.000,9999.000,9999.000
202606280930,   9.412,   9.118,9999.000,9999.000,9999.000,9999.000,9999.000,9999.000,9999.000
202606280936,   9.257,   8.977,9999.000,9999.000,9999.000,9999.000,9999.000,9999.000,9999.000
202606280942,   9.094,   8.816,9999.000,9999.000,9999.000,9999.000,9999.000,9999.000,9999.000
202606280948,   8.922,   8.649,9999.000,9999.000,9999.000,9999.000,9999.000,9999.000,9999.000
202606280954,   8.741,   8.468,9999.000,9999.000,9999.000,9999.000,9999.000,9999.000,9999.000
202606281000,   8.553,   8.288,  -0.600,   0.335,   8.288,  -0.600,   8.288,  -0.500,   8.388
202606281006,   8.358,   8.098,9999.000,9999.000,9999.000,9999.000,9999.000,9999.000,9999.000
202606281012,   8.155,   7.888,9999.000,9999.000,9999.000,9999.000,9999.000,9999.000,9999.000
202606281018,   7.946,   7.678,9999.000,9999.000,9999.000,9999.000,9999.000,9999.000,9999.000
202606281024,   7.730,   7.478,9999.000,9999.000,9999.000,9999.000,9999.000,9999.000,9999.000
202606281030,   7.508,   7.258,9999.000,9999.000,9999.000,9999.000,9999.000,9999.000,9999.000
202606281036,   7.282,   7.019,9999.000,9999.000,9999.000,9999.000,9999.000,9999.000,9999.000
202606281042,   7.050,   6.779,9999.000,9999.000,9999.000,9999.000,9999.000,9999.000,9999.000
202606281048,   6.813,   6.546,9999.000,9999.000,9999.000,9999.000,9999.000,9999.000,9999.000
202606281054,   6.573,   6.297,9999.000,9999.000,9999.000,9999.000,9999.000,9999.000,9999.000
202606281100,   6.329,   6.038,  -0.600,   0.309,   6.038,  -0.600,   6.038,  -0.500,   6.138
202606281106,   6.082,   5.789,9999.000,9999.000,9999.000,9999.000,9999.000,9999.000,9999.000
202606281112,   5.833,   5.549,9999.000,9999.000,9999.000,9999.000,9999.000,9999.000,9999.000
202606281118,   5.581,   5.297,9999.000,9999.000,9999.000,9999.000,9999.000,9999.000,9999.000
202606281124,   5.328,   5.028,9999.000,9999.000,9999.000,9999.000,9999.000,9999.000,9999.000
202606281130,   5.074,   4.769,9999.000,9999.000,9999.000,9999.000,9999.000,9999.000,9999.000
202606281136,   4.820,   4.519,9999.000,9999.000,9999.000,9999.000,9999.000,9999.000,9999.000
202606281142,   4.565,   4.247,9999.000,9999.000,9999.000,9999.000,9999.000,9999.000,9999.000
202606281148,   4.312,   3.978,9999.000,9999.000,9999.000,9999.000,9999.000,9999.000,9999.000
202606281154,   4.059,   3.719,9999.000,9999.000,9999.000,9999.000,9999.000,9999.000,9999.000
202606281200,   3.808,   3.470,  -0.800,   0.462,   3.470,  -0.900,   3.370,  -0.800,   3.470
202606281206,   3.559,   3.207,9999.000,9999.000,9999.000,9999.000,9999.000,9999.000,9999.000
202606281212,   3.313,   2.958,9999.000,9999.000,9999.000,9999.000,9999.000,9999.000,9999.000
202606281218,   3.070,   2.709,9999.000,9999.000,9999.000,9999.000,9999.000,9999.000,9999.000
202606281224,   2.830,   2.469,9999.000,9999.000,9999.000,9999.000,9999.000,9999.000,9999.000
202606281230,   2.595,   2.230,9999.000,9999.000,9999.000,9999.000,9999.000,9999.000,9999.000
202606281236,   2.365,   1.981,9999.000,9999.000,9999.000,9999.000,9999.000,9999.000,9999.000
202606281242,   2.139,   1.738,9999.000,9999.000,9999.000,9999.000,9999.000,9999.000,9999.000
202606281248,   1.920,   1.518,9999.000,9999.000,9999.000,9999.000,9999.000,9999.000,9999.000
202606281254,   1.707,   1.279,9999.000,9999.000,9999.000,9999.000,9999.000,9999.000,9999.000
202606281300,   1.500,   1.059,  -0.900,   0.459,   1.059,  -0.900,   1.059,  -0.800,   1.159
202606281306,   1.300,   0.859,9999.000,9999.000,9999.000,9999.000,9999.000,9999.000,9999.000
202606281312,   1.108,   0.659,9999.000,9999.000,9999.000,9999.000,9999.000,9999.000,9999.000
202606281318,   0.924,   0.478,9999.000,9999.000,9999.000,9999.000,9999.000,9999.000,9999.000
202606281324,   0.748,   0.288,9999.000,9999.000,9999.000,9999.000,9999.000,9999.000,9999.000
202606281330,   0.581,   0.121,9999.000,9999.000,9999.000,9999.000,9999.000,9999.000,9999.000
202606281336,   0.423,  -0.039,9999.000,9999.000,9999.000,9999.000,9999.000,9999.000,9999.000
202606281342,   0.275,  -0.180,9999.000,9999.000,9999.000,9999.000,9999.000,9999.000,9999.000
202606281348,   0.136,  -0.321,9999.000,9999.000,9999.000,9999.000,9999.000,9999.000,9999.000
202606281354,   0.007,  -0.459,9999.000,9999.000,9999.000,9999.000,9999.000,9999.000,9999.000
202606281400,  -0.111,  -0.570,  -0.900,   0.441,  -0.570,  -0.900,  -0.570,  -0.900,  -0.570
202606281406,  -0.220,  -0.669,9999.000,9999.000,9999.000,9999.000,9999.000,9999.000,9999.000
202606281412,  -0.317,  -0.760,9999.000,9999.000,9999.000,9999.000,9999.000,9999.000,9999.000
202606281418,  -0.404,  -0.839,9999.000,9999.000,9999.000,9999.000,9999.000,9999.000,9999.000
202606281424,  -0.480,  -0.908,9999.000,9999.000,9999.000,9999.000,9999.000,9999.000,9999.000
202606281430,  -0.545,  -0.980,9999.000,9999.000,9999.000,9999.000,9999.000,9999.000,9999.000
202606281436,  -0.598,9999.000,9999.000,9999.000,9999.000,9999.000,9999.000,9999.000,9999.000
202606281442,  -0.641,  -1.059,9999.000,9999.000,9999.000,9999.000,9999.000,9999.000,9999.000
202606281448,  -0.672,  -1.098,9999.000,9999.000,9999.000,9999.000,9999.000,9999.000,9999.000
202606281454,  -0.691,  -1.118,9999.000,9999.000,9999.000,9999.000,9999.000,9999.000,9999.000
202606281500,  -0.700,  -1.138,  -0.900,   0.462,  -1.138,  -1.000,  -1.238,  -0.900,  -1.138
202606281506,  -0.697,  -1.151,9999.000,9999.000,9999.000,9999.000,9999.000,9999.000,9999.000
202606281512,  -0.684,  -1.128,9999.000,9999.000,9999.000,9999.000,9999.000,9999.000,9999.000
202606281518,  -0.659,  -1.108,9999.000,9999.000,9999.000,9999.000,9999.000,9999.000,9999.000
202606281524,  -0.623,  -1.088,9999.000,9999.000,9999.000,9999.000,9999.000,9999.000,9999.000
202606281530,  -0.577,  -1.049,9999.000,9999.000,9999.000,9999.000,9999.000,9999.000,9999.000
202606281536,  -0.520,  -0.990,9999.000,9999.000,9999.000,9999.000,9999.000,9999.000,9999.000
202606281542,  -0.453,  -0.918,9999.000,9999.000,9999.000,9999.000,9999.000,9999.000,9999.000
202606281548,  -0.376,  -0.849,9999.000,9999.000,9999.000,9999.000,9999.000,9999.000,9999.000
202606281554,  -0.289,  -0.760,9999.000,9999.000,9999.000,9999.000,9999.000,9999.000,9999.000
202606281600,  -0.192,  -0.649,  -0.900,   0.443,  -0.649,  -1.000,  -0.749,  -0.900,  -0.649
202606281606,  -0.086,  -0.551,9999.000,9999.000,9999.000,9999.000,9999.000,9999.000,9999.000
202606281612,   0.028,  -0.419,9999.000,9999.000,9999.000,9999.000,9999.000,9999.000,9999.000
202606281618,   0.151,  -0.298,9999.000,9999.000,9999.000,9999.000,9999.000,9999.000,9999.000
202606281624,   0.283,  -0.160,9999.000,9999.000,9999.000,9999.000,9999.000,9999.000,9999.000
202606281630,   0.423,  -0.019,9999.000,9999.000,9999.000,9999.000,9999.000,9999.000,9999.000
202606281636,   0.570,   0.111,9999.000,9999.000,9999.000,9999.000,9999.000,9999.000,9999.000
202606281642,   0.724,   0.268,9999.000,9999.000,9999.000,9999.000,9999.000,9999.000,9999.000
202606281648,   0.886,   0.439,9999.000,9999.000,9999.000,9999.000,9999.000,9999.000,9999.000
202606281654,   1.054,   0.600,9999.000,9999.000,9999.000,9999.000,9999.000,9999.000,9999.000
202606281700,   1.227,   0.760,  -0.900,   0.433,   0.760,  -1.000,   0.660,  -0.900,   0.760
202606281706,   1.407,   0.951,9999.000,9999.000,9999.000,9999.000,9999.000,9999.000,9999.000
202606281712,   1.591,   1.118,9999.000,9999.000,9999.000,9999.000,9999.000,9999.000,9999.000
202606281718,   1.781,   1.308,9999.000,9999.000,9999.000,9999.000,9999.000,9999.000,9999.000
202606281724,   1.975,   1.489,9999.000,9999.000,9999.000,9999.000,9999.000,9999.000,9999.000
202606281730,   2.172,   1.689,9999.000,9999.000,9999.000,9999.000,9999.000,9999.000,9999.000
202606281736,   2.374,   1.889,9999.000,9999.000,9999.000,9999.000,9999.000,9999.000,9999.000
202606281742,   2.578,   2.079,9999.000,9999.000,9999.000,9999.000,9999.000,9999.000,9999.000
202606281748,   2.784,   2.279,9999.000,9999.000,9999.000,9999.000,9999.000,9999.000,9999.000
202606281754,   2.993,   2.489,9999.000,9999.000,9999.000,9999.000,9999.000,9999.000,9999.000
202606281800,   3.204,   2.719,  -1.000,   0.515,   2.719,  -1.000,   2.719,  -0.900,   2.819
202606281806,   3.415,   2.909,9999.000,9999.000,9999.000,9999.000,9999.000,9999.000,9999.000
202606281812,   3.628,   3.129,9999.000,9999.000,9999.000,9999.000,9999.000,9999.000,9999.000
202606281818,   3.840,   3.348,9999.000,9999.000,9999.000,9999.000,9999.000,9999.000,9999.000
202606281824,   4.053,   3.548,9999.000,9999.000,9999.000,9999.000,9999.000,9999.000,9999.000
202606281830,   4.265,   3.758,9999.000,9999.000,9999.000,9999.000,9999.000,9999.000,9999.000
202606281836,   4.475,   3.978,9999.000,9999.000,9999.000,9999.000,9999.000,9999.000,9999.000
202606281842,   4.684,   4.198,9999.000,9999.000,9999.000,9999.000,9999.000,9999.000,9999.000
202606281848,   4.891,   4.398,9999.000,9999.000,9999.000,9999.000,9999.000,9999.000,9999.000
202606281854,   5.096,   4.608,9999.000,9999.000,9999.000,9999.000,9999.000,9999.000,9999.000
202606281900,   5.297,   4.798,  -1.000,   0.501,   4.798,  -1.000,   4.798,  -0.900,   4.898
202606281906,   5.495,   5.008,9999.000,9999.000,9999.000,9999.000,9999.000,9999.000,9999.000
202606281912,   5.690,   5.208,9999.000,9999.000,9999.000,9999.000,9999.000,9999.000,9999.000
202606281918,   5.880,   5.398,9999.000,9999.000,9999.000,9999.000,9999.000,9999.000,9999.000
202606281924,   6.065,   5.589,9999.000,9999.000,9999.000,9999.000,9999.000,9999.000,9999.000
202606281930,   6.245,   5.769,9999.000,9999.000,9999.000,9999.000,9999.000,9999.000,9999.000
202606281936,   6.420,   5.949,9999.000,9999.000,9999.000,9999.000,9999.000,9999.000,9999.000
202606281942,   6.589,   6.117,9999.000,9999.000,9999.000,9999.000,9999.000,9999.000,9999.000
202606281948,   6.752,   6.297,9999.000,9999.000,9999.000,9999.000,9999.000,9999.000,9999.000
202606281954,   6.908,   6.458,9999.000,9999.000,9999.000,9999.000,9999.000,9999.000,9999.000
202606282000,   7.058,   6.619,  -1.000,   0.561,   6.619,  -1.000,   6.619,  -0.900,   6.719
202606282006,   7.200,   6.766,9999.000,9999.000,9999.000,9999.000,9999.000,9999.000,9999.000
202606282012,   7.335,   6.907,9999.000,9999.000,9999.000,9999.000,9999.000,9999.000,9999.000
202606282018,   7.462,   7.038,9999.000,9999.000,9999.000,9999.000,9999.000,9999.000,9999.000
202606282024,   7.581,   7.147,9999.000,9999.000,9999.000,9999.000,9999.000,9999.000,9999.000
202606282030,   7.691,   7.258,9999.000,9999.000,9999.000,9999.000,9999.000,9999.000,9999.000
202606282036,   7.794,   7.366,9999.000,9999.000,9999.000,9999.000,9999.000,9999.000,9999.000
202606282042,   7.888,   7.448,9999.000,9999.000,9999.000,9999.000,9999.000,9999.000,9999.000
202606282048,   7.973,   7.537,9999.000,9999.000,9999.000,9999.000,9999.000,9999.000,9999.000
202606282054,   8.049,   7.629,9999.000,9999.000,9999.000,9999.000,9999.000,9999.000,9999.000
202606282100,   8.117,   7.698,  -1.000,   0.581,   7.698,  -1.000,   7.698,  -0.900,   7.798
202606282106,   8.175,   7.757,9999.000,9999.000,9999.000,9999.000,9999.000,9999.000,9999.000
202606282112,   8.225,   7.806,9999.000,9999.000,9999.000,9999.000,9999.000,9999.000,9999.000
202606282118,   8.265,   7.839,9999.000,9999.000,9999.000,9999.000,9999.000,9999.000,9999.000
202606282124,   8.297,   7.868,9999.000,9999.000,9999.000,9999.000,9999.000,9999.000,9999.000
202606282130,   8.319,   7.878,9999.000,9999.000,9999.000,9999.000,9999.000,9999.000,9999.000
202606282136,   8.333,9999.000,9999.000,9999.000,9999.000,9999.000,9999.000,9999.000,9999.000
202606282142,   8.337,9999.000,9999.000,9999.000,9999.000,9999.000,9999.000,9999.000,9999.000
202606282148,   8.333,   7.917,9999.000,9999.000,9999.000,9999.000,9999.000,9999.000,9999.000
202606282154,   8.321,   7.888,9999.000,9999.000,9999.000,9999.000,9999.000,9999.000,9999.000
202606282200,   8.300,   7.868,  -1.000,   0.568,   7.868,  -1.000,   7.868,  -0.900,   7.968
202606282206,   8.271,   7.858,9999.000,9999.000,9999.000,9999.000,9999.000,9999.000,9999.000
202606282212,   8.234,   7.806,9999.000,9999.000,9999.000,9999.000,9999.000,9999.000,9999.000
202606282218,   8.189,   7.767,9999.000,9999.000,9999.000,9999.000,9999.000,9999.000,9999.000
202606282224,   8.137,   7.727,9999.000,9999.000,9999.000,9999.000,9999.000,9999.000,9999.000
202606282230,   8.077,   7.658,9999.000,9999.000,9999.000,9999.000,9999.000,9999.000,9999.000
202606282236,   8.010,   7.586,9999.000,9999.000,9999.000,9999.000,9999.000,9999.000,9999.000
202606282242,   7.937,   7.507,9999.000,9999.000,9999.000,9999.000,9999.000,9999.000,9999.000
202606282248,   7.858,   7.448,9999.000,9999.000,9999.000,9999.000,9999.000,9999.000,9999.000
202606282254,   7.772,   7.337,9999.000,9999.000,9999.000,9999.000,9999.000,9999.000,9999.000
202606282300,   7.681,   7.229,  -1.000,   0.548,   7.229,  -1.100,   7.129,  -0.900,   7.329
202606282306,   7.584,   7.127,9999.000,9999.000,9999.000,9999.000,9999.000,9999.000,9999.000
202606282312,   7.483,   7.019,9999.000,9999.000,9999.000,9999.000,9999.000,9999.000,9999.000
202606282318,   7.377,   6.907,9999.000,9999.000,9999.000,9999.000,9999.000,9999.000,9999.000
202606282324,   7.267,   6.789,9999.000,9999.000,9999.000,9999.000,9999.000,9999.000,9999.000
202606282330,   7.153,   6.687,9999.000,9999.000,9999.000,9999.000,9999.000,9999.000,9999.000
202606282336,   7.036,   6.569,9999.000,9999.000,9999.000,9999.000,9999.000,9999.000,9999.000
202606282342,   6.916,   6.438,9999.000,9999.000,9999.000,9999.000,9999.000,9999.000,9999.000
202606282348,   6.793,9999.000,9999.000,9999.000,9999.000,9999.000,9999.000,9999.000,9999.000
202606282354,   6.669,   5.382,9999.000,9999.000,9999.000,9999.000,9999.000,9999.000,9999.000
202606290000,   6.543,   6.058,  -0.800,   0.315,   6.058,  -0.900,   5.958,  -0.800,   6.058
202606290006,   6.415,   5.917,9999.000,9999.000,9999.000,9999.000,9999.000,9999.000,9999.000
202606290012,   6.287,   5.769,9999.000,9999.000,9999.000,9999.000,9999.000,9999.000,9999.000
202606290018,   6.159,   5.648,9999.000,9999.000,9999.000,9999.000,9999.000,9999.000,9999.000
202606290024,   6.031,   5.530,9999.000,9999.000,9999.000,9999.000,9999.000,9999.000,9999.000
202606290030,   5.904,   5.379,9999.000,9999.000,9999.000,9999.000,9999.000,9999.000,9999.000
202606290036,   5.778,9999.000,9999.000,9999.000,9999.000,9999.000,9999.000,9999.000,9999.000
202606290042,   5.653,   5.120,9999.000,9999.000,9999.000,9999.000,9999.000,9999.000,9999.000
202606290048,   5.531,   4.979,9999.000,9999.000,9999.000,9999.000,9999.000,9999.000,9999.000
202606290054,   5.411,   4.837,9999.000,9999.000,9999.000,9999.000,9999.000,9999.000,9999.000
202606290100,   5.294,   4.719,  -0.900,   0.325,   4.719,  -0.900,   4.719,  -0.800,   4.819
202606290106,   5.180,   4.618,9999.000,9999.000,9999.000,9999.000,9999.000,9999.000,9999.000
202606290112,   5.071,   4.490,9999.000,9999.000,9999.000,9999.000,9999.000,9999.000,9999.000
202606290118,   4.965,9999.000,9999.000,9999.000,9999.000,9999.000,9999.000,9999.000,9999.000
202606290124,   4.864,   4.247,9999.000,9999.000,9999.000,9999.000,9999.000,9999.000,9999.000
202606290130,   4.768,   4.159,9999.000,9999.000,9999.000,9999.000,9999.000,9999.000,9999.000
202606290136,   4.678,   4.047,9999.000,9999.000,9999.000,9999.000,9999.000,9999.000,9999.000
202606290142,   4.593,   3.949,9999.000,9999.000,9999.000,9999.000,9999.000,9999.000,9999.000
202606290148,   4.515,   3.860,9999.000,9999.000,9999.000,9999.000,9999.000,9999.000,9999.000
202606290154,   4.442,   3.778,9999.000,9999.000,9999.000,9999.000,9999.000,9999.000,9999.000
202606290200,   4.377,   3.689,  -0.900,   0.212,   3.689,  -0.900,   3.689,  -0.800,   3.789
202606290206,   4.319,   3.650,9999.000,9999.000,9999.000,9999.000,9999.000,9999.000,9999.000
202606290212,   4.268,   3.588,9999.000,9999.000,9999.000,9999.000,9999.000,9999.000,9999.000
202606290218,   4.225,   3.539,9999.000,9999.000,9999.000,9999.000,9999.000,9999.000,9999.000
202606290224,   4.189,   3.509,9999.000,9999.000,9999.000,9999.000,9999.000,9999.000,9999.000
202606290230,   4.162,   3.480,9999.000,9999.000,9999.000,9999.000,9999.000,9999.000,9999.000
202606290236,   4.143,   3.480,9999.000,9999.000,9999.000,9999.000,9999.000,9999.000,9999.000
202606290242,   4.132,   3.480,9999.000,9999.000,9999.000,9999.000,9999.000,9999.000,9999.000
202606290248,   4.129,   3.480,9999.000,9999.000,9999.000,9999.000,9999.000,9999.000,9999.000
202606290254,   4.135,   3.499,9999.000,9999.000,9999.000,9999.000,9999.000,9999.000,9999.000
202606290300,   4.150,   3.519,  -0.900,   0.269,   3.519,  -0.900,   3.519,  -0.800,   3.619
202606290306,   4.173,   3.548,9999.000,9999.000,9999.000,9999.000,9999.000,9999.000,9999.000
202606290312,   4.204,   3.578,9999.000,9999.000,9999.000,9999.000,9999.000,9999.000,9999.000
202606290318,   4.245,   3.617,9999.000,9999.000,9999.000,9999.000,9999.000,9999.000,9999.000
202606290324,   4.293,   3.670,9999.000,9999.000,9999.000,9999.000,9999.000,9999.000,9999.000
202606290330,   4.351,   3.729,9999.000,9999.000,9999.000,9999.000,9999.000,9999.000,9999.000
202606290336,   4.416,   3.788,9999.000,9999.000,9999.000,9999.000,9999.000,9999.000,9999.000
202606290342,   4.490,   3.870,9999.000,9999.000,9999.000,9999.000,9999.000,9999.000,9999.000
202606290348,   4.571,   3.949,9999.000,9999.000,9999.000,9999.000,9999.000,9999.000,9999.000
202606290354,   4.660,   4.037,9999.000,9999.000,9999.000,9999.000,9999.000,9999.000,9999.000
202606290400,   4.757,   4.129,  -0.900,   0.272,   4.129,  -1.000,   4.029,  -0.900,   4.129
202606290406,   4.861,   4.227,9999.000,9999.000,9999.000,9999.000,9999.000,9999.000,9999.000
202606290412,   4.973,   4.339,9999.000,9999.000,9999.000,9999.000,9999.000,9999.000,9999.000
202606290418,   5.091,   4.447,9999.000,9999.000,9999.000,9999.000,9999.000,9999.000,9999.000
202606290424,   5.215,   4.569,9999.000,9999.000,9999.000,9999.000,9999.000,9999.000,9999.000
202606290430,   5.346,   4.700,9999.000,9999.000,9999.000,9999.000,9999.000,9999.000,9999.000
202606290436,   5.482,   4.828,9999.000,9999.000,9999.000,9999.000,9999.000,9999.000,9999.000
202606290442,   5.624,   4.979,9999.000,9999.000,9999.000,9999.000,9999.000,9999.000,9999.000
202606290448,   5.770,   5.120,9999.000,9999.000,9999.000,9999.000,9999.000,9999.000,9999.000
202606290454,   5.922,   5.257,9999.000,9999.000,9999.000,9999.000,9999.000,9999.000,9999.000
202606290500,   6.078,   5.418,  -0.900,   0.240,   5.418,  -1.000,   5.318,  -0.900,   5.418
202606290506,   6.237,   5.589,9999.000,9999.000,9999.000,9999.000,9999.000,9999.000,9999.000
202606290512,   6.400,   5.749,9999.000,9999.000,9999.000,9999.000,9999.000,9999.000,9999.000
202606290518,   6.566,   5.917,9999.000,9999.000,9999.000,9999.000,9999.000,9999.000,9999.000
202606290524,   6.735,   6.087,9999.000,9999.000,9999.000,9999.000,9999.000,9999.000,9999.000
202606290530,   6.906,   6.268,9999.000,9999.000,9999.000,9999.000,9999.000,9999.000,9999.000
202606290536,   7.078,   6.448,9999.000,9999.000,9999.000,9999.000,9999.000,9999.000,9999.000
202606290542,   7.252,   6.638,9999.000,9999.000,9999.000,9999.000,9999.000,9999.000,9999.000
202606290548,   7.426,   6.819,9999.000,9999.000,9999.000,9999.000,9999.000,9999.000,9999.000
202606290554,   7.601,   6.999,9999.000,9999.000,9999.000,9999.000,9999.000,9999.000,9999.000
202606290600,   7.775,   7.156,  -0.800,   0.181,   7.156,  -0.900,   7.056,  -0.800,   7.156
202606290606,   7.949,   7.317,9999.000,9999.000,9999.000,9999.000,9999.000,9999.000,9999.000
202606290612,   8.122,   7.498,9999.000,9999.000,9999.000,9999.000,9999.000,9999.000,9999.000
202606290618,   8.293,   7.668,9999.000,9999.000,9999.000,9999.000,9999.000,9999.000,9999.000
202606290624,   8.462,   7.839,9999.000,9999.000,9999.000,9999.000,9999.000,9999.000,9999.000
202606290630,   8.628,   8.006,9999.000,9999.000,9999.000,9999.000,9999.000,9999.000,9999.000
202606290636,   8.792,   8.177,9999.000,9999.000,9999.000,9999.000,9999.000,9999.000,9999.000
202606290642,   8.952,   8.337,9999.000,9999.000,9999.000,9999.000,9999.000,9999.000,9999.000
202606290648,   9.108,   8.488,9999.000,9999.000,9999.000,9999.000,9999.000,9999.000,9999.000
202606290654,   9.259,   8.649,9999.000,9999.000,9999.000,9999.000,9999.000,9999.000,9999.000
202606290700,   9.406,   8.806,  -0.900,   0.300,   8.806,  -0.900,   8.806,  -0.800,   8.906
202606290706,   9.547,   8.947,9999.000,9999.000,9999.000,9999.000,9999.000,9999.000,9999.000
202606290712,   9.683,   9.088,9999.000,9999.000,9999.000,9999.000,9999.000,9999.000,9999.000
202606290718,   9.812,   9.226,9999.000,9999.000,9999.000,9999.000,9999.000,9999.000,9999.000
202606290724,   9.935,   9.347,9999.000,9999.000,9999.000,9999.000,9999.000,9999.000,9999.000
202606290730,  10.050,   9.456,9999.000,9999.000,9999.000,9999.000,9999.000,9999.000,9999.000
202606290736,  10.159,   9.567,9999.000,9999.000,9999.000,9999.000,9999.000,9999.000,9999.000
202606290742,  10.259,   9.666,9999.000,9999.000,9999.000,9999.000,9999.000,9999.000,9999.000
202606290748,  10.351,   9.767,9999.000,9999.000,9999.000,9999.000,9999.000,9999.000,9999.000
202606290754,  10.434,   9.846,9999.000,9999.000,9999.000,9999.000,9999.000,9999.000,9999.000
202606290800,  10.509,   9.928,  -0.900,   0.319,   9.928,  -0.900,   9.928,  -0.800,  10.028
202606290806,  10.574,   9.987,9999.000,9999.000,9999.000,9999.000,9999.000,9999.000,9999.000
202606290812,  10.629,  10.046,9999.000,9999.000,9999.000,9999.000,9999.000,9999.000,9999.000
202606290818,  10.675,  10.108,9999.000,9999.000,9999.000,9999.000,9999.000,9999.000,9999.000
202606290824,  10.711,  10.148,9999.000,9999.000,9999.000,9999.000,9999.000,9999.000,9999.000
202606290830,  10.736,  10.187,9999.000,9999.000,9999.000,9999.000,9999.000,9999.000,9999.000
202606290836,  10.751,  10.207,9999.000,9999.000,9999.000,9999.000,9999.000,9999.000,9999.000
202606290842,  10.755,  10.217,9999.000,9999.000,9999.000,9999.000,9999.000,9999.000,9999.000
202606290848,  10.748,  10.217,9999.000,9999.000,9999.000,9999.000,9999.000,9999.000,9999.000
202606290854,  10.730,  10.207,9999.000,9999.000,9999.000,9999.000,9999.000,9999.000,9999.000
202606290900,  10.701,  10.187,  -0.900,   0.386,  10.187,  -1.000,  10.087,  -0.800,  10.287
202606290906,  10.661,  10.138,9999.000,9999.000,9999.000,9999.000,9999.000,9999.000,9999.000
202606290912,  10.610,  10.095,9999.000,9999.000,9999.000,9999.000,9999.000,9999.000,9999.000
202606290918,  10.548,  10.066,9999.000,9999.000,9999.000,9999.000,9999.000,9999.000,9999.000
202606290924,  10.474,   9.987,9999.000,9999.000,9999.000,9999.000,9999.000,9999.000,9999.000
202606290930,  10.389,   9.908,9999.000,9999.000,9999.000,9999.000,9999.000,9999.000,9999.000
202606290936,  10.293,   9.826,9999.000,9999.000,9999.000,9999.000,9999.000,9999.000,9999.000
202606290942,  10.187,   9.738,9999.000,9999.000,9999.000,9999.000,9999.000,9999.000,9999.000
202606290948,  10.069,   9.616,9999.000,9999.000,9999.000,9999.000,9999.000,9999.000,9999.000
202606290954,   9.941,   9.489,9999.000,9999.000,9999.000,9999.000,9999.000,9999.000,9999.000
202606291000,   9.803,   9.367,  -0.900,   0.464,   9.367,  -1.000,   9.267,  -0.800,   9.467
202606291006,   9.655,   9.216,9999.000,9999.000,9999.000,9999.000,9999.000,9999.000,9999.000
202606291012,   9.496,   9.046,9999.000,9999.000,9999.000,9999.000,9999.000,9999.000,9999.000
202606291018,   9.329,   8.878,9999.000,9999.000,9999.000,9999.000,9999.000,9999.000,9999.000
202606291024,   9.151,   8.708,9999.000,9999.000,9999.000,9999.000,9999.000,9999.000,9999.000
202606291030,   8.965,   8.527,9999.000,9999.000,9999.000,9999.000,9999.000,9999.000,9999.000
202606291036,   8.771,   8.327,9999.000,9999.000,9999.000,9999.000,9999.000,9999.000,9999.000
202606291042,   8.568,   8.137,9999.000,9999.000,9999.000,9999.000,9999.000,9999.000,9999.000
202606291048,   8.358,   7.927,9999.000,9999.000,9999.000,9999.000,9999.000,9999.000,9999.000
202606291054,   8.140,   7.707,9999.000,9999.000,9999.000,9999.000,9999.000,9999.000,9999.000
202606291100,   7.915,   7.478,  -0.900,   0.463,   7.478,  -1.000,   7.378,  -0.800,   7.578
202606291106,   7.684,   7.258,9999.000,9999.000,9999.000,9999.000,9999.000,9999.000,9999.000
202606291112,   7.447,   7.019,9999.000,9999.000,9999.000,9999.000,9999.000,9999.000,9999.000
202606291118,   7.205,   6.766,9999.000,9999.000,9999.000,9999.000,9999.000,9999.000,9999.000
202606291124,   6.958,   6.537,9999.000,9999.000,9999.000,9999.000,9999.000,9999.000,9999.000
202606291130,   6.706,   6.287,9999.000,9999.000,9999.000,9999.000,9999.000,9999.000,9999.000
202606291136,   6.450,9999.000,9999.000,9999.000,9999.000,9999.000,9999.000,9999.000,9999.000
202606291142,   6.191,   5.759,9999.000,9999.000,9999.000,9999.000,9999.000,9999.000,9999.000
202606291148,   5.929,   5.487,9999.000,9999.000,9999.000,9999.000,9999.000,9999.000,9999.000
202606291154,   5.665,   5.218,9999.000,9999.000,9999.000,9999.000,9999.000,9999.000,9999.000
202606291200,   5.399,   4.929,  -0.900,   0.430,   4.929,  -1.000,   4.829,  -0.900,   4.929
202606291206,   5.132,   4.637,9999.000,9999.000,9999.000,9999.000,9999.000,9999.000,9999.000
202606291212,   4.864,   4.368,9999.000,9999.000,9999.000,9999.000,9999.000,9999.000,9999.000
202606291218,   4.596,   4.099,9999.000,9999.000,9999.000,9999.000,9999.000,9999.000,9999.000
202606291224,   4.329,   3.817,9999.000,9999.000,9999.000,9999.000,9999.000,9999.000,9999.000
202606291230,   4.062,   3.529,9999.000,9999.000,9999.000,9999.000,9999.000,9999.000,9999.000
202606291236,   3.798,   3.270,9999.000,9999.000,9999.000,9999.000,9999.000,9999.000,9999.000
202606291242,   3.535,   2.997,9999.000,9999.000,9999.000,9999.000,9999.000,9999.000,9999.000
202606291248,   3.275,   2.728,9999.000,9999.000,9999.000,9999.000,9999.000,9999.000,9999.000
202606291254,   3.019,   2.469,9999.000,9999.000,9999.000,9999.000,9999.000,9999.000,9999.000
202606291300,   2.766,   2.210,  -1.000,   0.444,   2.210,  -1.000,   2.210,  -0.900,   2.310
202606291306,   2.518,   1.967,9999.000,9999.000,9999.000,9999.000,9999.000,9999.000,9999.000
202606291312,   2.275,   1.718,9999.000,9999.000,9999.000,9999.000,9999.000,9999.000,9999.000
202606291318,   2.037,   1.469,9999.000,9999.000,9999.000,9999.000,9999.000,9999.000,9999.000
202606291324,   1.805,   1.220,9999.000,9999.000,9999.000,9999.000,9999.000,9999.000,9999.000
202606291330,   1.580,   0.990,9999.000,9999.000,9999.000,9999.000,9999.000,9999.000,9999.000
202606291336,   1.361,   0.760,9999.000,9999.000,9999.000,9999.000,9999.000,9999.000,9999.000
202606291342,   1.150,   0.551,9999.000,9999.000,9999.000,9999.000,9999.000,9999.000,9999.000
202606291348,   0.947,   0.341,9999.000,9999.000,9999.000,9999.000,9999.000,9999.000,9999.000
202606291354,   0.752,   0.141,9999.000,9999.000,9999.000,9999.000,9999.000,9999.000,9999.000
202606291400,   0.566,  -0.049,  -1.000,   0.385,  -0.049,  -1.000,  -0.049,  -0.900,   0.051
202606291406,   0.389,  -0.229,9999.000,9999.000,9999.000,9999.000,9999.000,9999.000,9999.000
202606291412,   0.221,  -0.390,9999.000,9999.000,9999.000,9999.000,9999.000,9999.000,9999.000
202606291418,   0.064,  -0.541,9999.000,9999.000,9999.000,9999.000,9999.000,9999.000,9999.000
202606291424,  -0.083,  -0.659,9999.000,9999.000,9999.000,9999.000,9999.000,9999.000,9999.000
202606291430,  -0.220,  -0.780,9999.000,9999.000,9999.000,9999.000,9999.000,9999.000,9999.000
202606291436,  -0.346,  -0.898,9999.000,9999.000,9999.000,9999.000,9999.000,9999.000,9999.000
202606291442,  -0.461,  -1.000,9999.000,9999.000,9999.000,9999.000,9999.000,9999.000,9999.000
202606291448,  -0.565,  -1.098,9999.000,9999.000,9999.000,9999.000,9999.000,9999.000,9999.000
202606291454,  -0.657,  -1.180,9999.000,9999.000,9999.000,9999.000,9999.000,9999.000,9999.000
202606291500,  -0.738,  -1.259,  -1.000,   0.479,  -1.259,  -1.000,  -1.259,  -0.900,  -1.159
202606291506,  -0.807,  -1.328,9999.000,9999.000,9999.000,9999.000,9999.000,9999.000,9999.000
202606291512,  -0.864,  -1.380,9999.000,9999.000,9999.000,9999.000,9999.000,9999.000,9999.000
202606291518,  -0.909,  -1.420,9999.000,9999.000,9999.000,9999.000,9999.000,9999.000,9999.000
202606291524,  -0.943,  -1.439,9999.000,9999.000,9999.000,9999.000,9999.000,9999.000,9999.000
202606291530,  -0.964,  -1.469,9999.000,9999.000,9999.000,9999.000,9999.000,9999.000,9999.000
202606291536,  -0.973,  -1.479,9999.000,9999.000,9999.000,9999.000,9999.000,9999.000,9999.000
202606291542,  -0.971,  -1.459,9999.000,9999.000,9999.000,9999.000,9999.000,9999.000,9999.000
202606291548,  -0.956,  -1.439,9999.000,9999.000,9999.000,9999.000,9999.000,9999.000,9999.000
202606291554,  -0.930,  -1.420,9999.000,9999.000,9999.000,9999.000,9999.000,9999.000,9999.000
202606291600,  -0.892,  -1.380,  -1.000,   0.512,  -1.380,  -1.000,  -1.380,  -1.000,  -1.380
202606291606,  -0.843,9999.000,9999.000,9999.000,9999.000,9999.000,9999.000,9999.000,9999.000
202606291612,  -0.782,9999.000,9999.000,9999.000,9999.000,9999.000,9999.000,9999.000,9999.000
202606291618,  -0.711,9999.000,9999.000,9999.000,9999.000,9999.000,9999.000,9999.000,9999.000
202606291624,  -0.629,  -0.409,9999.000,9999.000,9999.000,9999.000,9999.000,9999.000,9999.000
202606291630,  -0.536,9999.000,9999.000,9999.000,9999.000,9999.000,9999.000,9999.000,9999.000
202606291636,  -0.433,  -0.898,9999.000,9999.000,9999.000,9999.000,9999.000,9999.000,9999.000
202606291642,  -0.320,  -0.800,9999.000,9999.000,9999.000,9999.000,9999.000,9999.000,9999.000
202606291648,  -0.198,  -0.688,9999.000,9999.000,9999.000,9999.000,9999.000,9999.000,9999.000
202606291654,  -0.066,  -0.551,9999.000,9999.000,9999.000,9999.000,9999.000,9999.000,9999.000
202606291700,   0.073,  -0.409,  -1.000,   0.518,  -0.409,  -1.000,  -0.409,  -0.900,  -0.309
202606291706,   0.222,  -0.268,9999.000,9999.000,9999.000,9999.000,9999.000,9999.000,9999.000
202606291712,   0.379,  -0.121,9999.000,9999.000,9999.000,9999.000,9999.000,9999.000,9999.000
202606291718,   0.544,   0.049,9999.000,9999.000,9999.000,9999.000,9999.000,9999.000,9999.000
202606291724,   0.716,   0.219,9999.000,9999.000,9999.000,9999.000,9999.000,9999.000,9999.000
202606291730,   0.894,   0.390,9999.000,9999.000,9999.000,9999.000,9999.000,9999.000,9999.000
202606291736,   1.080,   0.590,9999.000,9999.000,9999.000,9999.000,9999.000,9999.000,9999.000
202606291742,   1.271,   0.770,9999.000,9999.000,9999.000,9999.000,9999.000,9999.000,9999.000
202606291748,   1.467,9999.000,9999.000,9999.000,9999.000,9999.000,9999.000,9999.000,9999.000
202606291754,   1.669,   1.180,9999.000,9999.000,9999.000,9999.000,9999.000,9999.000,9999.000
202606291800,   1.875,   1.371,  -0.900,   0.396,   1.371,  -0.900,   1.371,  -0.800,   1.471
202606291806,   2.085,   1.580,9999.000,9999.000,9999.000,9999.000,9999.000,9999.000,9999.000
202606291812,   2.299,   1.810,9999.000,9999.000,9999.000,9999.000,9999.000,9999.000,9999.000
202606291818,   2.516,   2.010,9999.000,9999.000,9999.000,9999.000,9999.000,9999.000,9999.000
202606291824,   2.736,   2.230,9999.000,9999.000,9999.000,9999.000,9999.000,9999.000,9999.000
202606291830,   2.958,   2.459,9999.000,9999.000,9999.000,9999.000,9999.000,9999.000,9999.000
202606291836,   3.181,   2.679,9999.000,9999.000,9999.000,9999.000,9999.000,9999.000,9999.000
202606291842,   3.406,   2.919,9999.000,9999.000,9999.000,9999.000,9999.000,9999.000,9999.000
202606291848,   3.632,   3.148,9999.000,9999.000,9999.000,9999.000,9999.000,9999.000,9999.000
202606291854,   3.857,   3.368,9999.000,9999.000,9999.000,9999.000,9999.000,9999.000,9999.000
202606291900,   4.082,   3.578,  -0.900,   0.396,   3.578,  -0.900,   3.578,  -0.800,   3.678
202606291906,   4.307,   3.788,9999.000,9999.000,9999.000,9999.000,9999.000,9999.000,9999.000
202606291912,   4.530,   4.008,9999.000,9999.000,9999.000,9999.000,9999.000,9999.000,9999.000
202606291918,   4.752,   4.218,9999.000,9999.000,9999.000,9999.000,9999.000,9999.000,9999.000
202606291924,   4.971,   4.427,9999.000,9999.000,9999.000,9999.000,9999.000,9999.000,9999.000
202606291930,   5.188,   4.647,9999.000,9999.000,9999.000,9999.000,9999.000,9999.000,9999.000
202606291936,   5.401,   4.867,9999.000,9999.000,9999.000,9999.000,9999.000,9999.000,9999.000
202606291942,   5.611,   5.077,9999.000,9999.000,9999.000,9999.000,9999.000,9999.000,9999.000
202606291948,   5.817,   5.287,9999.000,9999.000,9999.000,9999.000,9999.000,9999.000,9999.000
202606291954,   6.018,   5.507,9999.000,9999.000,9999.000,9999.000,9999.000,9999.000,9999.000
202606292000,   6.214,   5.707,  -0.900,   0.393,   5.707,  -0.900,   5.707,  -0.800,   5.807
202606292006,   6.405,   5.897,9999.000,9999.000,9999.000,9999.000,9999.000,9999.000,9999.000
202606292012,   6.590,   6.077,9999.000,9999.000,9999.000,9999.000,9999.000,9999.000,9999.000
202606292018,   6.769,   6.268,9999.000,9999.000,9999.000,9999.000,9999.000,9999.000,9999.000
202606292024,   6.941,   6.448,9999.000,9999.000,9999.000,9999.000,9999.000,9999.000,9999.000
202606292030,   7.107,   6.609,9999.000,9999.000,9999.000,9999.000,9999.000,9999.000,9999.000
202606292036,   7.265,   6.756,9999.000,9999.000,9999.000,9999.000,9999.000,9999.000,9999.000
202606292042,   7.415,   6.917,9999.000,9999.000,9999.000,9999.000,9999.000,9999.000,9999.000
202606292048,   7.557,   7.068,9999.000,9999.000,9999.000,9999.000,9999.000,9999.000,9999.000
202606292054,   7.692,   7.199,9999.000,9999.000,9999.000,9999.000,9999.000,9999.000,9999.000
202606292100,   7.817,   7.327,  -0.900,   0.410,   7.327,  -0.900,   7.327,  -0.800,   7.427
202606292106,   7.934,   7.448,9999.000,9999.000,9999.000,9999.000,9999.000,9999.000,9999.000
202606292112,   8.042,   7.547,9999.000,9999.000,9999.000,9999.000,9999.000,9999.000,9999.000
202606292118,   8.141,   7.639,9999.000,9999.000,9999.000,9999.000,9999.000,9999.000,9999.000
202606292124,   8.231,   7.707,9999.000,9999.000,9999.000,9999.000,9999.000,9999.000,9999.000
202606292130,   8.311,   7.796,9999.000,9999.000,9999.000,9999.000,9999.000,9999.000,9999.000
202606292136,   8.382,   7.878,9999.000,9999.000,9999.000,9999.000,9999.000,9999.000,9999.000
202606292142,   8.443,   7.937,9999.000,9999.000,9999.000,9999.000,9999.000,9999.000,9999.000
202606292148,   8.494,9999.000,9999.000,9999.000,9999.000,9999.000,9999.000,9999.000,9999.000
202606292154,   8.536,9999.000,9999.000,9999.000,9999.000,9999.000,9999.000,9999.000,9999.000
202606292200,   8.568,9999.000,  -0.900,9999.000,   7.668,  -0.900,   7.668,  -0.800,   7.768
202606292206,   8.590,9999.000,9999.000,9999.000,9999.000,9999.000,9999.000,9999.000,9999.000
202606292212,   8.603,9999.000,9999.000,9999.000,9999.000,9999.000,9999.000,9999.000,9999.000
202606292218,   8.606,9999.000,9999.000,9999.000,9999.000,9999.000,9999.000,9999.000,9999.000
202606292224,   8.600,   7.891,9999.000,9999.000,9999.000,9999.000,9999.000,9999.000,9999.000
202606292230,   8.585,9999.000,9999.000,9999.000,9999.000,9999.000,9999.000,9999.000,9999.000
202606292236,   8.561,9999.000,9999.000,9999.000,9999.000,9999.000,9999.000,9999.000,9999.000
202606292242,   8.527,9999.000,9999.000,9999.000,9999.000,9999.000,9999.000,9999.000,9999.000
202606292248,   8.485,9999.000,9999.000,9999.000,9999.000,9999.000,9999.000,9999.000,9999.000
202606292254,   8.435,   7.957,9999.000,9999.000,9999.000,9999.000,9999.000,9999.000,9999.000
202606292300,   8.377,   7.888,  -0.900,   0.411,   7.888,  -0.900,   7.888,  -0.800,   7.988
202606292306,   8.311,   7.839,9999.000,9999.000,9999.000,9999.000,9999.000,9999.000,9999.000
202606292312,   8.237,   7.757,9999.000,9999.000,9999.000,9999.000,9999.000,9999.000,9999.000
202606292318,   8.156,9999.000,9999.000,9999.000,9999.000,9999.000,9999.000,9999.000,9999.000
202606292324,   8.069,   7.586,9999.000,9999.000,9999.000,9999.000,9999.000,9999.000,9999.000
202606292330,   7.974,   7.498,9999.000,9999.000,9999.000,9999.000,9999.000,9999.000,9999.000
202606292336,   7.874,   7.399,9999.000,9999.000,9999.000,9999.000,9999.000,9999.000,9999.000
202606292342,   7.768,   7.288,9999.000,9999.000,9999.000,9999.000,9999.000,9999.000,9999.000
202606292348,   7.657,   7.189,9999.000,9999.000,9999.000,9999.000,9999.000,9999.000,9999.000
202606292354,   7.541,   7.078,9999.000,9999.000,9999.000,9999.000,9999.000,9999.000,9999.000
202606300000,   7.420,   6.956,  -0.700,   0.236,   6.956,  -0.700,   6.956,  -0.600,   7.056
202606300006,   7.295,   6.809,9999.000,9999.000,9999.000,9999.000,9999.000,9999.000,9999.000
202606300012,   7.167,   6.687,9999.000,9999.000,9999.000,9999.000,9999.000,9999.000,9999.000
202606300018,   7.036,9999.000,9999.000,9999.000,9999.000,9999.000,9999.000,9999.000,9999.000
202606300024,   6.902,   6.409,9999.000,9999.000,9999.000,9999.000,9999.000,9999.000,9999.000
202606300030,   6.766,   6.268,9999.000,9999.000,9999.000,9999.000,9999.000,9999.000,9999.000
202606300036,   6.628,   6.107,9999.000,9999.000,9999.000,9999.000,9999.000,9999.000,9999.000
202606300042,   6.489,   5.959,9999.000,9999.000,9999.000,9999.000,9999.000,9999.000,9999.000
202606300048,   6.349,9999.000,9999.000,9999.000,9999.000,9999.000,9999.000,9999.000,9999.000
202606300054,   6.209,   5.667,9999.000,9999.000,9999.000,9999.000,9999.000,9999.000,9999.000
202606300100,   6.070,   5.507,  -0.700,   0.137,   5.507,  -0.700,   5.507,  -0.600,   5.607
202606300106,   5.930,   5.359,9999.000,9999.000,9999.000,9999.000,9999.000,9999.000,9999.000
202606300112,   5.793,   5.238,9999.000,9999.000,9999.000,9999.000,9999.000,9999.000,9999.000
202606300118,   5.656,   5.077,9999.000,9999.000,9999.000,9999.000,9999.000,9999.000,9999.000
202606300124,   5.522,   4.939,9999.000,9999.000,9999.000,9999.000,9999.000,9999.000,9999.000
202606300130,   5.391,   4.798,9999.000,9999.000,9999.000,9999.000,9999.000,9999.000,9999.000
202606300136,   5.263,   4.667,9999.000,9999.000,9999.000,9999.000,9999.000,9999.000,9999.000
202606300142,   5.138,   4.539,9999.000,9999.000,9999.000,9999.000,9999.000,9999.000,9999.000
202606300148,   5.017,9999.000,9999.000,9999.000,9999.000,9999.000,9999.000,9999.000,9999.000
202606300154,   4.901,   4.300,9999.000,9999.000,9999.000,9999.000,9999.000,9999.000,9999.000
202606300200,   4.789,   4.178,  -0.700,   0.089,   4.178,  -0.700,   4.178,  -0.700,   4.178
202606300206,   4.683,   4.057,9999.000,9999.000,9999.000,9999.000,9999.000,9999.000,9999.000
202606300212,   4.583,   3.958,9999.000,9999.000,9999.000,9999.000,9999.000,9999.000,9999.000
202606300218,   4.488,   3.847,9999.000,9999.000,9999.000,9999.000,9999.000,9999.000,9999.000
202606300224,   4.400,   3.768,9999.000,9999.000,9999.000,9999.000,9999.000,9999.000,9999.000
202606300230,   4.319,   3.680,9999.000,9999.000,9999.000,9999.000,9999.000,9999.000,9999.000
202606300236,   4.245,   3.617,9999.000,9999.000,9999.000,9999.000,9999.000,9999.000,9999.000
202606300242,   4.179,   3.539,9999.000,9999.000,9999.000,9999.000,9999.000,9999.000,9999.000
202606300248,   4.120,   3.480,9999.000,9999.000,9999.000,9999.000,9999.000,9999.000,9999.000
202606300254,   4.069,   3.460,9999.000,9999.000,9999.000,9999.000,9999.000,9999.000,9999.000
202606300300,   4.027,   3.407,  -0.700,   0.080,   3.407,  -0.800,   3.307,  -0.700,   3.407
202606300306,   3.993,   3.378,9999.000,9999.000,9999.000,9999.000,9999.000,9999.000,9999.000
202606300312,   3.967,   3.348,9999.000,9999.000,9999.000,9999.000,9999.000,9999.000,9999.000
202606300318,   3.950,   3.348,9999.000,9999.000,9999.000,9999.000,9999.000,9999.000,9999.000
202606300324,   3.943,   3.348,9999.000,9999.000,9999.000,9999.000,9999.000,9999.000,9999.000
202606300330,   3.944,   3.358,9999.000,9999.000,9999.000,9999.000,9999.000,9999.000,9999.000
202606300336,   3.954,   3.388,9999.000,9999.000,9999.000,9999.000,9999.000,9999.000,9999.000
202606300342,   3.974,   3.388,9999.000,9999.000,9999.000,9999.000,9999.000,9999.000,9999.000
202606300348,   4.002,   3.417,9999.000,9999.000,9999.000,9999.000,9999.000,9999.000,9999.000
202606300354,   4.040,   3.460,9999.000,9999.000,9999.000,9999.000,9999.000,9999.000,9999.000
202606300400,   4.087,   3.509,  -0.700,   0.122,   3.509,  -0.800,   3.409,  -0.700,   3.509
202606300406,   4.143,   3.568,9999.000,9999.000,9999.000,9999.000,9999.000,9999.000,9999.000
202606300412,   4.208,   3.637,9999.000,9999.000,9999.000,9999.000,9999.000,9999.000,9999.000
202606300418,   4.281,   3.729,9999.000,9999.000,9999.000,9999.000,9999.000,9999.000,9999.000
202606300424,   4.363,   3.817,9999.000,9999.000,9999.000,9999.000,9999.000,9999.000,9999.000
202606300430,   4.453,   3.919,9999.000,9999.000,9999.000,9999.000,9999.000,9999.000,9999.000
202606300436,   4.552,   4.008,9999.000,9999.000,9999.000,9999.000,9999.000,9999.000,9999.000
202606300442,   4.658,   4.109,9999.000,9999.000,9999.000,9999.000,9999.000,9999.000,9999.000
202606300448,   4.772,   4.237,9999.000,9999.000,9999.000,9999.000,9999.000,9999.000,9999.000
202606300454,   4.894,   4.349,9999.000,9999.000,9999.000,9999.000,9999.000,9999.000,9999.000
202606300500,   5.022,   4.467,  -0.700,   0.145,   4.467,  -0.800,   4.367,  -0.700,   4.467
202606300506,   5.157,   4.618,9999.000,9999.000,9999.000,9999.000,9999.000,9999.000,9999.000
202606300512,   5.298,   4.749,9999.000,9999.000,9999.000,9999.000,9999.000,9999.000,9999.000
202606300518,   5.446,   4.887,9999.000,9999.000,9999.000,9999.000,9999.000,9999.000,9999.000
202606300524,   5.598,   5.057,9999.000,9999.000,9999.000,9999.000,9999.000,9999.000,9999.000
202606300530,   5.756,   5.247,9999.000,9999.000,9999.000,9999.000,9999.000,9999.000,9999.000
202606300536,   5.919,   5.398,9999.000,9999.000,9999.000,9999.000,9999.000,9999.000,9999.000
202606300542,   6.086,   5.569,9999.000,9999.000,9999.000,9999.000,9999.000,9999.000,9999.000
202606300548,   6.256,   5.749,9999.000,9999.000,9999.000,9999.000,9999.000,9999.000,9999.000
202606300554,   6.430,   5.917,9999.000,9999.000,9999.000,9999.000,9999.000,9999.000,9999.000
202606300600,   6.607,   6.077,  -0.600,   0.070,   6.077,  -0.700,   5.977,  -0.600,   6.077
202606300606,   6.786,   6.248,9999.000,9999.000,9999.000,9999.000,9999.000,9999.000,9999.000
202606300612,   6.967,   6.448,9999.000,9999.000,9999.000,9999.000,9999.000,9999.000,9999.000
202606300618,   7.150,   6.628,9999.000,9999.000,9999.000,9999.000,9999.000,9999.000,9999.000
202606300624,   7.333,   6.819,9999.000,9999.000,9999.000,9999.000,9999.000,9999.000,9999.000
202606300630,   7.517,   7.009,9999.000,9999.000,9999.000,9999.000,9999.000,9999.000,9999.000
202606300636,   7.701,   7.209,9999.000,9999.000,9999.000,9999.000,9999.000,9999.000,9999.000
202606300642,   7.884,   7.386,9999.000,9999.000,9999.000,9999.000,9999.000,9999.000,9999.000
202606300648,   8.067,   7.566,9999.000,9999.000,9999.000,9999.000,9999.000,9999.000,9999.000
202606300654,   8.247,   7.767,9999.000,9999.000,9999.000,9999.000,9999.000,9999.000,9999.000
202606300700,   8.426,   7.957,  -0.600,   0.131,   7.957,  -0.700,   7.857,  -0.500,   8.057
202606300706,   8.602,   8.117,9999.000,9999.000,9999.000,9999.000,9999.000,9999.000,9999.000
202606300712,   8.775,   8.278,9999.000,9999.000,9999.000,9999.000,9999.000,9999.000,9999.000
202606300718,   8.944,   8.449,9999.000,9999.000,9999.000,9999.000,9999.000,9999.000,9999.000
202606300724,   9.110,   8.626,9999.000,9999.000,9999.000,9999.000,9999.000,9999.000,9999.000
202606300730,   9.271,   8.787,9999.000,9999.000,9999.000,9999.000,9999.000,9999.000,9999.000
202606300736,   9.426,   8.937,9999.000,9999.000,9999.000,9999.000,9999.000,9999.000,9999.000
202606300742,   9.577,   9.098,9999.000,9999.000,9999.000,9999.000,9999.000,9999.000,9999.000
202606300748,   9.721,   9.246,9999.000,9999.000,9999.000,9999.000,9999.000,9999.000,9999.000
202606300754,   9.859,   9.377,9999.000,9999.000,9999.000,9999.000,9999.000,9999.000,9999.000
202606300800,   9.990,   9.508,  -0.600,   0.118,   9.508,  -0.700,   9.408,  -0.600,   9.508
202606300806,  10.114,   9.636,9999.000,9999.000,9999.000,9999.000,9999.000,9999.000,9999.000
202606300812,  10.230,   9.738,9999.000,9999.000,9999.000,9999.000,9999.000,9999.000,9999.000
202606300818,  10.338,   9.836,9999.000,9999.000,9999.000,9999.000,9999.000,9999.000,9999.000
202606300824,  10.438,   9.938,9999.000,9999.000,9999.000,9999.000,9999.000,9999.000,9999.000
202606300830,  10.529,  10.017,9999.000,9999.000,9999.000,9999.000,9999.000,9999.000,9999.000
202606300836,  10.610,  10.095,9999.000,9999.000,9999.000,9999.000,9999.000,9999.000,9999.000
202606300842,  10.682,  10.158,9999.000,9999.000,9999.000,9999.000,9999.000,9999.000,9999.000
202606300848,  10.744,  10.227,9999.000,9999.000,9999.000,9999.000,9999.000,9999.000,9999.000
202606300854,  10.795,  10.286,9999.000,9999.000,9999.000,9999.000,9999.000,9999.000,9999.000
202606300900,  10.836,  10.338,  -0.600,   0.102,  10.338,  -0.700,  10.238,  -0.500,  10.438
202606300906,  10.867,  10.368,9999.000,9999.000,9999.000,9999.000,9999.000,9999.000,9999.000
202606300912,  10.886,  10.377,9999.000,9999.000,9999.000,9999.000,9999.000,9999.000,9999.000
202606300918,  10.895,  10.397,9999.000,9999.000,9999.000,9999.000,9999.000,9999.000,9999.000
202606300924,  10.892,  10.407,9999.000,9999.000,9999.000,9999.000,9999.000,9999.000,9999.000
202606300930,  10.877,  10.387,9999.000,9999.000,9999.000,9999.000,9999.000,9999.000,9999.000
202606300936,  10.851,  10.358,9999.000,9999.000,9999.000,9999.000,9999.000,9999.000,9999.000
202606300942,  10.813,  10.338,9999.000,9999.000,9999.000,9999.000,9999.000,9999.000,9999.000
202606300948,  10.764,  10.276,9999.000,9999.000,9999.000,9999.000,9999.000,9999.000,9999.000
202606300954,  10.703,  10.207,9999.000,9999.000,9999.000,9999.000,9999.000,9999.000,9999.000
202606301000,  10.630,  10.138,  -0.600,   0.108,  10.138,  -0.600,  10.138,  -0.500,  10.238
202606301006,  10.545,  10.036,9999.000,9999.000,9999.000,9999.000,9999.000,9999.000,9999.000
202606301012,  10.449,   9.938,9999.000,9999.000,9999.000,9999.000,9999.000,9999.000,9999.000
202606301018,  10.341,   9.836,9999.000,9999.000,9999.000,9999.000,9999.000,9999.000,9999.000
202606301024,  10.222,   9.708,9999.000,9999.000,9999.000,9999.000,9999.000,9999.000,9999.000
202606301030,  10.092,   9.567,9999.000,9999.000,9999.000,9999.000,9999.000,9999.000,9999.000
202606301036,   9.951,   9.436,9999.000,9999.000,9999.000,9999.000,9999.000,9999.000,9999.000
202606301042,   9.799,   9.288,9999.000,9999.000,9999.000,9999.000,9999.000,9999.000,9999.000
202606301048,   9.637,   9.128,9999.000,9999.000,9999.000,9999.000,9999.000,9999.000,9999.000
202606301054,   9.465,   8.947,9999.000,9999.000,9999.000,9999.000,9999.000,9999.000,9999.000
202606301100,   9.283,   8.777,  -0.600,   0.094,   8.777,  -0.700,   8.677,  -0.500,   8.877
202606301106,   9.091,   8.596,9999.000,9999.000,9999.000,9999.000,9999.000,9999.000,9999.000
202606301112,   8.891,   8.396,9999.000,9999.000,9999.000,9999.000,9999.000,9999.000,9999.000
202606301118,   8.682,   8.186,9999.000,9999.000,9999.000,9999.000,9999.000,9999.000,9999.000
202606301124,   8.464,   7.967,9999.000,9999.000,9999.000,9999.000,9999.000,9999.000,9999.000
202606301130,   8.239,   7.757,9999.000,9999.000,9999.000,9999.000,9999.000,9999.000,9999.000
202606301136,   8.007,   7.517,9999.000,9999.000,9999.000,9999.000,9999.000,9999.000,9999.000
202606301142,   7.767,   7.268,9999.000,9999.000,9999.000,9999.000,9999.000,9999.000,9999.000
202606301148,   7.522,   7.029,9999.000,9999.000,9999.000,9999.000,9999.000,9999.000,9999.000
202606301154,   7.271,   6.779,9999.000,9999.000,9999.000,9999.000,9999.000,9999.000,9999.000
202606301200,   7.014,   6.527,  -0.600,   0.113,   6.527,  -0.700,   6.427,  -0.600,   6.527
202606301206,   6.753,   6.258,9999.000,9999.000,9999.000,9999.000,9999.000,9999.000,9999.000
202606301212,   6.487,   5.989,9999.000,9999.000,9999.000,9999.000,9999.000,9999.000,9999.000
202606301218,   6.219,   5.707,9999.000,9999.000,9999.000,9999.000,9999.000,9999.000,9999.000
202606301224,   5.947,   5.438,9999.000,9999.000,9999.000,9999.000,9999.000,9999.000,9999.000
202606301230,   5.672,   5.169,9999.000,9999.000,9999.000,9999.000,9999.000,9999.000,9999.000
202606301236,   5.396,   4.877,9999.000,9999.000,9999.000,9999.000,9999.000,9999.000,9999.000
202606301242,   5.119,   4.598,9999.000,9999.000,9999.000,9999.000,9999.000,9999.000,9999.000
202606301248,   4.841,   4.329,9999.000,9999.000,9999.000,9999.000,9999.000,9999.000,9999.000
202606301254,   4.563,   4.037,9999.000,9999.000,9999.000,9999.000,9999.000,9999.000,9999.000
202606301300,   4.286,   3.758,  -0.600,   0.072,   3.758,  -0.700,   3.658,  -0.600,   3.758
202606301306,   4.009,   3.480,9999.000,9999.000,9999.000,9999.000,9999.000,9999.000,9999.000
202606301312,   3.735,   3.197,9999.000,9999.000,9999.000,9999.000,9999.000,9999.000,9999.000
202606301318,   3.463,   2.909,9999.000,9999.000,9999.000,9999.000,9999.000,9999.000,9999.000
202606301324,   3.193,   2.650,9999.000,9999.000,9999.000,9999.000,9999.000,9999.000,9999.000
202606301330,   2.928,   2.377,9999.000,9999.000,9999.000,9999.000,9999.000,9999.000,9999.000
202606301336,   2.666,   2.099,9999.000,9999.000,9999.000,9999.000,9999.000,9999.000,9999.000
202606301342,   2.409,   1.849,9999.000,9999.000,9999.000,9999.000,9999.000,9999.000,9999.000
202606301348,   2.157,   1.580,9999.000,9999.000,9999.000,9999.000,9999.000,9999.000,9999.000
202606301354,   1.911,   1.318,9999.000,9999.000,9999.000,9999.000,9999.000,9999.000,9999.000
202606301400,   1.672,   1.059,  -0.600,  -0.013,   1.059,  -0.700,   0.959,  -0.600,   1.059
202606301406,   1.439,   0.839,9999.000,9999.000,9999.000,9999.000,9999.000,9999.000,9999.000
202606301412,   1.213,   0.600,9999.000,9999.000,9999.000,9999.000,9999.000,9999.000,9999.000
202606301418,   0.995,   0.380,9999.000,9999.000,9999.000,9999.000,9999.000,9999.000,9999.000
202606301424,   0.785,   0.150,9999.000,9999.000,9999.000,9999.000,9999.000,9999.000,9999.000
202606301430,   0.585,  -0.049,9999.000,9999.000,9999.000,9999.000,9999.000,9999.000,9999.000
202606301436,   0.393,  -0.239,9999.000,9999.000,9999.000,9999.000,9999.000,9999.000,9999.000
202606301442,   0.211,  -0.419,9999.000,9999.000,9999.000,9999.000,9999.000,9999.000,9999.000
202606301448,   0.038,  -0.570,9999.000,9999.000,9999.000,9999.000,9999.000,9999.000,9999.000
202606301454,  -0.123,  -0.718,9999.000,9999.000,9999.000,9999.000,9999.000,9999.000,9999.000
202606301500,  -0.274,  -0.829,  -0.600,   0.045,  -0.829,  -0.700,  -0.929,  -0.600,  -0.829
202606301506,  -0.414,9999.000,9999.000,9999.000,9999.000,9999.000,9999.000,9999.000,9999.000
202606301512,  -0.543,9999.000,9999.000,9999.000,9999.000,9999.000,9999.000,9999.000,9999.000
202606301518,  -0.661,9999.000,9999.000,9999.000,9999.000,9999.000,9999.000,9999.000,9999.000
202606301524,  -0.767,  -1.249,9999.000,9999.000,9999.000,9999.000,9999.000,9999.000,9999.000
202606301530,  -0.860,  -1.328,9999.000,9999.000,9999.000,9999.000,9999.000,9999.000,9999.000
202606301536,  -0.942,  -1.410,9999.000,9999.000,9999.000,9999.000,9999.000,9999.000,9999.000
202606301542,  -1.012,  -1.498,9999.000,9999.000,9999.000,9999.000,9999.000,9999.000,9999.000
202606301548,  -1.069,  -1.571,9999.000,9999.000,9999.000,9999.000,9999.000,9999.000,9999.000
202606301554,  -1.113,  -1.600,9999.000,9999.000,9999.000,9999.000,9999.000,9999.000,9999.000
202606301600,  -1.145,  -1.620,  -0.600,   0.125,  -1.620,  -0.700,  -1.720,  -0.600,  -1.620
202606301606,  -1.165,9999.000,9999.000,9999.000,9999.000,9999.000,9999.000,9999.000,9999.000
202606301612,  -1.172,  -1.649,9999.000,9999.000,9999.000,9999.000,9999.000,9999.000,9999.000
202606301618,  -1.166,  -1.630,9999.000,9999.000,9999.000,9999.000,9999.000,9999.000,9999.000
202606301624,  -1.148,  -1.610,9999.000,9999.000,9999.000,9999.000,9999.000,9999.000,9999.000
202606301630,  -1.118,  -1.557,9999.000,9999.000,9999.000,9999.000,9999.000,9999.000,9999.000
202606301636,  -1.076,  -1.518,9999.000,9999.000,9999.000,9999.000,9999.000,9999.000,9999.000
202606301642,  -1.022,  -1.479,9999.000,9999.000,9999.000,9999.000,9999.000,9999.000,9999.000
202606301648,  -0.956,9999.000,9999.000,9999.000,9999.000,9999.000,9999.000,9999.000,9999.000
202606301654,  -0.879,  -0.590,9999.000,9999.000,9999.000,9999.000,9999.000,9999.000,9999.000
202606301700,  -0.790,  -0.590,  -0.600,   0.800,  -0.590,  -0.700,  -0.690,  -0.600,  -0.590
202606301706,  -0.691,9999.000,9999.000,9999.000,9999.000,9999.000,9999.000,9999.000,9999.000
202606301712,  -0.580,9999.000,9999.000,9999.000,9999.000,9999.000,9999.000,9999.000,9999.000
202606301718,  -0.460,  -0.898,9999.000,9999.000,9999.000,9999.000,9999.000,9999.000,9999.000
202606301724,  -0.329,  -0.741,9999.000,9999.000,9999.000,9999.000,9999.000,9999.000,9999.000
202606301730,  -0.189,  -0.590,9999.000,9999.000,9999.000,9999.000,9999.000,9999.000,9999.000
202606301736,  -0.040,  -0.429,9999.000,9999.000,9999.000,9999.000,9999.000,9999.000,9999.000
202606301742,   0.117,  -0.259,9999.000,9999.000,9999.000,9999.000,9999.000,9999.000,9999.000
202606301748,   0.284,9999.000,9999.000,9999.000,9999.000,9999.000,9999.000,9999.000,9999.000
202606301754,   0.458,9999.000,9999.000,9999.000,9999.000,9999.000,9999.000,9999.000,9999.000
202606301800,   0.640,9999.000,  -0.600,9999.000,   0.040,  -0.600,   0.040,  -0.500,   0.140
202606301806,   0.829,9999.000,9999.000,9999.000,9999.000,9999.000,9999.000,9999.000,9999.000
202606301812,   1.025,9999.000,9999.000,9999.000,9999.000,9999.000,9999.000,9999.000,9999.000
202606301818,   1.226,9999.000,9999.000,9999.000,9999.000,9999.000,9999.000,9999.000,9999.000
202606301824,   1.433,   2.394,9999.000,9999.000,9999.000,9999.000,9999.000,9999.000,9999.000
202606301830,   1.646,9999.000,9999.000,9999.000,9999.000,9999.000,9999.000,9999.000,9999.000
202606301836,   1.862,9999.000,9999.000,9999.000,9999.000,9999.000,9999.000,9999.000,9999.000
202606301842,   2.083,9999.000,9999.000,9999.000,9999.000,9999.000,9999.000,9999.000,9999.000
202606301848,   2.308,   1.938,9999.000,9999.000,9999.000,9999.000,9999.000,9999.000,9999.000
202606301854,   2.535,   2.168,9999.000,9999.000,9999.000,9999.000,9999.000,9999.000,9999.000
202606301900,   2.765,   2.400,  -0.600,   0.235,   2.400,  -0.600,   2.400,  -0.500,   2.500
202606301906,   2.998,   2.620,9999.000,9999.000,9999.000,9999.000,9999.000,9999.000,9999.000
202606301912,   3.231,   2.860,9999.000,9999.000,9999.000,9999.000,9999.000,9999.000,9999.000
202606301918,   3.466,   3.079,9999.000,9999.000,9999.000,9999.000,9999.000,9999.000,9999.000
202606301924,   3.701,   3.299,9999.000,9999.000,9999.000,9999.000,9999.000,9999.000,9999.000
202606301930,   3.936,   3.529,9999.000,9999.000,9999.000,9999.000,9999.000,9999.000,9999.000
202606301936,   4.171,   3.758,9999.000,9999.000,9999.000,9999.000,9999.000,9999.000,9999.000
202606301942,   4.404,   3.988,9999.000,9999.000,9999.000,9999.000,9999.000,9999.000,9999.000
202606301948,   4.636,   4.198,9999.000,9999.000,9999.000,9999.000,9999.000,9999.000,9999.000
202606301954,   4.866,   4.427,9999.000,9999.000,9999.000,9999.000,9999.000,9999.000,9999.000
202606302000,   5.094,   4.667,  -0.600,   0.173,   4.667,  -0.600,   4.667,  -0.500,   4.767
202606302006,   5.318,   4.887,9999.000,9999.000,9999.000,9999.000,9999.000,9999.000,9999.000
202606302012,   5.539,   5.129,9999.000,9999.000,9999.000,9999.000,9999.000,9999.000,9999.000
202606302018,   5.756,   5.349,9999.000,9999.000,9999.000,9999.000,9999.000,9999.000,9999.000
202606302024,   5.969,   5.559,9999.000,9999.000,9999.000,9999.000,9999.000,9999.000,9999.000
202606302030,   6.176,   5.769,9999.000,9999.000,9999.000,9999.000,9999.000,9999.000,9999.000
202606302036,   6.379,   5.979,9999.000,9999.000,9999.000,9999.000,9999.000,9999.000,9999.000
202606302042,   6.575,   6.169,9999.000,9999.000,9999.000,9999.000,9999.000,9999.000,9999.000
202606302048,   6.766,   6.369,9999.000,9999.000,9999.000,9999.000,9999.000,9999.000,9999.000
202606302054,   6.949,   6.546,9999.000,9999.000,9999.000,9999.000,9999.000,9999.000,9999.000
202606302100,   7.126,   6.717,  -0.500,   0.091,   6.717,  -0.600,   6.617,  -0.500,   6.717
202606302106,   7.295,   6.878,9999.000,9999.000,9999.000,9999.000,9999.000,9999.000,9999.000
202606302112,   7.457,   7.038,9999.000,9999.000,9999.000,9999.000,9999.000,9999.000,9999.000
202606302118,   7.611,   7.176,9999.000,9999.000,9999.000,9999.000,9999.000,9999.000,9999.000
202606302124,   7.756,   7.317,9999.000,9999.000,9999.000,9999.000,9999.000,9999.000,9999.000
202606302130,   7.893,   7.448,9999.000,9999.000,9999.000,9999.000,9999.000,9999.000,9999.000
202606302136,   8.020,   7.586,9999.000,9999.000,9999.000,9999.000,9999.000,9999.000,9999.000
202606302142,   8.139,   7.707,9999.000,9999.000,9999.000,9999.000,9999.000,9999.000,9999.000
202606302148,   8.248,   7.829,9999.000,9999.000,9999.000,9999.000,9999.000,9999.000,9999.000
202606302154,   8.347,   7.937,9999.000,9999.000,9999.000,9999.000,9999.000,9999.000,9999.000
202606302200,   8.437,   8.039,  -0.500,   0.102,   8.039,  -0.600,   7.939,  -0.400,   8.139
202606302206,   8.517,   8.108,9999.000,9999.000,9999.000,9999.000,9999.000,9999.000,9999.000
202606302212,   8.587,   8.196,9999.000,9999.000,9999.000,9999.000,9999.000,9999.000,9999.000
202606302218,   8.646,   8.249,9999.000,9999.000,9999.000,9999.000,9999.000,9999.000,9999.000
202606302224,   8.696,   8.298,9999.000,9999.000,9999.000,9999.000,9999.000,9999.000,9999.000
202606302230,   8.735,   8.327,9999.000,9999.000,9999.000,9999.000,9999.000,9999.000,9999.000
202606302236,   8.764,   8.367,9999.000,9999.000,9999.000,9999.000,9999.000,9999.000,9999.000
202606302242,   8.783,   8.386,9999.000,9999.000,9999.000,9999.000,9999.000,9999.000,9999.000
202606302248,   8.792,   8.377,9999.000,9999.000,9999.000,9999.000,9999.000,9999.000,9999.000
202606302254,   8.791,   8.377,9999.000,9999.000,9999.000,9999.000,9999.000,9999.000,9999.000
202606302300,   8.780,   8.377,  -0.500,   0.097,   8.377,  -0.600,   8.277,  -0.400,   8.477
202606302306,   8.760,9999.000,9999.000,9999.000,9999.000,9999.000,9999.000,9999.000,9999.000
202606302312,   8.729,9999.000,9999.000,9999.000,9999.000,9999.000,9999.000,9999.000,9999.000
202606302318,   8.690,9999.000,9999.000,9999.000,9999.000,9999.000,9999.000,9999.000,9999.000
202606302324,   8.641,   7.796,9999.000,9999.000,9999.000,9999.000,9999.000,9999.000,9999.000
202606302330,   8.584,   8.186,9999.000,9999.000,9999.000,9999.000,9999.000,9999.000,9999.000
202606302336,   8.518,   8.137,9999.000,9999.000,9999.000,9999.000,9999.000,9999.000,9999.000
202606302342,   8.444,   8.058,9999.000,9999.000,9999.000,9999.000,9999.000,9999.000,9999.000
202606302348,   8.362,   7.976,9999.000,9999.000,9999.000,9999.000,9999.000,9999.000,9999.000
202606302354,   8.273,   7.888,9999.000,9999.000,9999.000,9999.000,9999.000,9999.000,9999.000
202607010000,   8.176,   7.796,  -0.400,   0.020,   7.796,  -0.400,   7.796,  -0.300,   7.896
202607010006,   8.073,   7.698,9999.000,9999.000,9999.000,9999.000,9999.000,9999.000,9999.000
202607010012,   7.963,   7.576,9999.000,9999.000,9999.000,9999.000,9999.000,9999.000,9999.000
202607010018,   7.848,   7.448,9999.000,9999.000,9999.000,9999.000,9999.000,9999.000,9999.000
202607010024,   7.727,   7.327,9999.000,9999.000,9999.000,9999.000,9999.000,9999.000,9999.000
202607010030,   7.601,   7.209,9999.000,9999.000,9999.000,9999.000,9999.000,9999.000,9999.000
202607010036,   7.470,   7.078,9999.000,9999.000,9999.000,9999.000,9999.000,9999.000,9999.000
202607010042,   7.335,   6.947,9999.000,9999.000,9999.000,9999.000,9999.000,9999.000,9999.000
202607010048,   7.197,   6.809,9999.000,9999.000,9999.000,9999.000,9999.000,9999.000,9999.000
202607010054,   7.055,   6.678,9999.000,9999.000,9999.000,9999.000,9999.000,9999.000,9999.000
202607010100,   6.911,   6.517,  -0.400,   0.006,   6.517,  -0.400,   6.517,  -0.400,   6.517
202607010106,   6.765,   6.369,9999.000,9999.000,9999.000,9999.000,9999.000,9999.000,9999.000
202607010112,   6.617,   6.209,9999.000,9999.000,9999.000,9999.000,9999.000,9999.000,9999.000
202607010118,   6.468,   6.038,9999.000,9999.000,9999.000,9999.000,9999.000,9999.000,9999.000
202607010124,   6.318,   5.887,9999.000,9999.000,9999.000,9999.000,9999.000,9999.000,9999.000
202607010130,   6.168,   5.730,9999.000,9999.000,9999.000,9999.000,9999.000,9999.000,9999.000
202607010136,   6.019,   5.569,9999.000,9999.000,9999.000,9999.000,9999.000,9999.000,9999.000
202607010142,   5.870,   5.418,9999.000,9999.000,9999.000,9999.000,9999.000,9999.000,9999.000
202607010148,   5.723,   5.257,9999.000,9999.000,9999.000,9999.000,9999.000,9999.000,9999.000
202607010154,   5.578,   5.110,9999.000,9999.000,9999.000,9999.000,9999.000,9999.000,9999.000
202607010200,   5.435,   4.959,  -0.400,  -0.076,   4.959,  -0.500,   4.859,  -0.400,   4.959
202607010206,   5.295,   4.808,9999.000,9999.000,9999.000,9999.000,9999.000,9999.000,9999.000
202607010212,   5.158,   4.657,9999.000,9999.000,9999.000,9999.000,9999.000,9999.000,9999.000
202607010218,   5.026,   4.519,9999.000,9999.000,9999.000,9999.000,9999.000,9999.000,9999.000
202607010224,   4.897,   4.388,9999.000,9999.000,9999.000,9999.000,9999.000,9999.000,9999.000
202607010230,   4.773,   4.267,9999.000,9999.000,9999.000,9999.000,9999.000,9999.000,9999.000
202607010236,   4.654,   4.149,9999.000,9999.000,9999.000,9999.000,9999.000,9999.000,9999.000
202607010242,   4.541,   4.027,9999.000,9999.000,9999.000,9999.000,9999.000,9999.000,9999.000
202607010248,   4.434,   3.939,9999.000,9999.000,9999.000,9999.000,9999.000,9999.000,9999.000
202607010254,   4.333,   3.837,9999.000,9999.000,9999.000,9999.000,9999.000,9999.000,9999.000
202607010300,   4.239,   3.749,  -0.400,  -0.090,   3.749,  -0.500,   3.649,  -0.400,   3.749
202607010306,   4.153,   3.670,9999.000,9999.000,9999.000,9999.000,9999.000,9999.000,9999.000
202607010312,   4.073,   3.598,9999.000,9999.000,9999.000,9999.000,9999.000,9999.000,9999.000
202607010318,   4.002,   3.529,9999.000,9999.000,9999.000,9999.000,9999.000,9999.000,9999.000
202607010324,   3.938,   3.489,9999.000,9999.000,9999.000,9999.000,9999.000,9999.000,9999.000
202607010330,   3.883,   3.460,9999.000,9999.000,9999.000,9999.000,9999.000,9999.000,9999.000
202607010336,   3.836,   3.417,9999.000,9999.000,9999.000,9999.000,9999.000,9999.000,9999.000
202607010342,   3.798,   3.388,9999.000,9999.000,9999.000,9999.000,9999.000,9999.000,9999.000
202607010348,   3.769,   3.368,9999.000,9999.000,9999.000,9999.000,9999.000,9999.000,9999.000
202607010354,   3.750,   3.358,9999.000,9999.000,9999.000,9999.000,9999.000,9999.000,9999.000
202607010400,   3.739,   3.348,  -0.400,   0.009,   3.348,  -0.500,   3.248,  -0.400,   3.348
202607010406,   3.738,   3.348,9999.000,9999.000,9999.000,9999.000,9999.000,9999.000,9999.000
202607010412,   3.747,   3.368,9999.000,9999.000,9999.000,9999.000,9999.000,9999.000,9999.000
202607010418,   3.765,   3.378,9999.000,9999.000,9999.000,9999.000,9999.000,9999.000,9999.000
202607010424,   3.793,   3.407,9999.000,9999.000,9999.000,9999.000,9999.000,9999.000,9999.000
202607010430,   3.830,   3.440,9999.000,9999.000,9999.000,9999.000,9999.000,9999.000,9999.000
202607010436,   3.876,   3.480,9999.000,9999.000,9999.000,9999.000,9999.000,9999.000,9999.000
202607010442,   3.932,   3.548,9999.000,9999.000,9999.000,9999.000,9999.000,9999.000,9999.000
202607010448,   3.997,   3.617,9999.000,9999.000,9999.000,9999.000,9999.000,9999.000,9999.000
202607010454,   4.072,   3.689,9999.000,9999.000,9999.000,9999.000,9999.000,9999.000,9999.000
202607010500,   4.155,   3.788,  -0.400,   0.033,   3.788,  -0.500,   3.688,  -0.400,   3.788
202607010506,   4.247,   3.899,9999.000,9999.000,9999.000,9999.000,9999.000,9999.000,9999.000
202607010512,   4.348,   3.998,9999.000,9999.000,9999.000,9999.000,9999.000,9999.000,9999.000
202607010518,   4.456,   4.109,9999.000,9999.000,9999.000,9999.000,9999.000,9999.000,9999.000
202607010524,   4.573,   4.247,9999.000,9999.000,9999.000,9999.000,9999.000,9999.000,9999.000
202607010530,   4.698,   4.378,9999.000,9999.000,9999.000,9999.000,9999.000,9999.000,9999.000
202607010536,   4.830,   4.519,9999.000,9999.000,9999.000,9999.000,9999.000,9999.000,9999.000
202607010542,   4.969,   4.647,9999.000,9999.000,9999.000,9999.000,9999.000,9999.000,9999.000
202607010548,   5.114,   4.798,9999.000,9999.000,9999.000,9999.000,9999.000,9999.000,9999.000
202607010554,   5.266,   4.949,9999.000,9999.000,9999.000,9999.000,9999.000,9999.000,9999.000
202607010600,   5.423,   5.110,  -0.500,   0.187,   5.110,  -0.600,   5.010,  -0.400,   5.210
202607010606,   5.586,   5.267,9999.000,9999.000,9999.000,9999.000,9999.000,9999.000,9999.000
202607010612,   5.754,   5.448,9999.000,9999.000,9999.000,9999.000,9999.000,9999.000,9999.000
202607010618,   5.926,   5.618,9999.000,9999.000,9999.000,9999.000,9999.000,9999.000,9999.000
202607010624,   6.103,   5.789,9999.000,9999.000,9999.000,9999.000,9999.000,9999.000,9999.000
202607010630,   6.282,   5.979,9999.000,9999.000,9999.000,9999.000,9999.000,9999.000,9999.000
202607010636,   6.465,   6.179,9999.000,9999.000,9999.000,9999.000,9999.000,9999.000,9999.000
202607010642,   6.651,   6.379,9999.000,9999.000,9999.000,9999.000,9999.000,9999.000,9999.000
202607010648,   6.838,   6.569,9999.000,9999.000,9999.000,9999.000,9999.000,9999.000,9999.000
202607010654,   7.027,   6.756,9999.000,9999.000,9999.000,9999.000,9999.000,9999.000,9999.000
202607010700,   7.217,   6.979,  -0.500,   0.262,   6.979,  -0.600,   6.879,  -0.400,   7.079
202607010706,   7.407,   7.176,9999.000,9999.000,9999.000,9999.000,9999.000,9999.000,9999.000
202607010712,   7.597,   7.376,9999.000,9999.000,9999.000,9999.000,9999.000,9999.000,9999.000
202607010718,   7.787,   7.566,9999.000,9999.000,9999.000,9999.000,9999.000,9999.000,9999.000
202607010724,   7.976,   7.757,9999.000,9999.000,9999.000,9999.000,9999.000,9999.000,9999.000
202607010730,   8.163,   7.957,9999.000,9999.000,9999.000,9999.000,9999.000,9999.000,9999.000
202607010736,   8.347,   8.147,9999.000,9999.000,9999.000,9999.000,9999.000,9999.000,9999.000
202607010742,   8.529,   8.327,9999.000,9999.000,9999.000,9999.000,9999.000,9999.000,9999.000
202607010748,   8.708,   8.498,9999.000,9999.000,9999.000,9999.000,9999.000,9999.000,9999.000
202607010754,   8.884,   8.678,9999.000,9999.000,9999.000,9999.000,9999.000,9999.000,9999.000
202607010800,   9.055,   8.836,  -0.500,   0.281,   8.836,  -0.500,   8.836,  -0.400,   8.936
202607010806,   9.221,   8.997,9999.000,9999.000,9999.000,9999.000,9999.000,9999.000,9999.000
202607010812,   9.383,   9.147,9999.000,9999.000,9999.000,9999.000,9999.000,9999.000,9999.000
202607010818,   9.538,   9.298,9999.000,9999.000,9999.000,9999.000,9999.000,9999.000,9999.000
202607010824,   9.688,   9.436,9999.000,9999.000,9999.000,9999.000,9999.000,9999.000,9999.000
202607010830,   9.831,   9.587,9999.000,9999.000,9999.000,9999.000,9999.000,9999.000,9999.000
202607010836,   9.966,   9.718,9999.000,9999.000,9999.000,9999.000,9999.000,9999.000,9999.000
202607010842,  10.095,   9.846,9999.000,9999.000,9999.000,9999.000,9999.000,9999.000,9999.000
202607010848,  10.215,   9.977,9999.000,9999.000,9999.000,9999.000,9999.000,9999.000,9999.000
202607010854,  10.327,  10.095,9999.000,9999.000,9999.000,9999.000,9999.000,9999.000,9999.000
202607010900,  10.431,  10.187,  -0.500,   0.256,  10.187,  -0.500,  10.187,  -0.400,  10.287
202607010906,  10.525,  10.286,9999.000,9999.000,9999.000,9999.000,9999.000,9999.000,9999.000
202607010912,  10.610,  10.387,9999.000,9999.000,9999.000,9999.000,9999.000,9999.000,9999.000
202607010918,  10.685,  10.466,9999.000,9999.000,9999.000,9999.000,9999.000,9999.000,9999.000
202607010924,  10.750,  10.538,9999.000,9999.000,9999.000,9999.000,9999.000,9999.000,9999.000
202607010930,  10.804,  10.607,9999.000,9999.000,9999.000,9999.000,9999.000,9999.000,9999.000
202607010936,  10.848,  10.656,9999.000,9999.000,9999.000,9999.000,9999.000,9999.000,9999.000
202607010942,  10.880,  10.676,9999.000,9999.000,9999.000,9999.000,9999.000,9999.000,9999.000
202607010948,  10.902,  10.696,9999.000,9999.000,9999.000,9999.000,9999.000,9999.000,9999.000
202607010954,  10.912,  10.705,9999.000,9999.000,9999.000,9999.000,9999.000,9999.000,9999.000
202607011000,  10.910,  10.696,  -0.500,   0.286,  10.696,  -0.600,  10.596,  -0.400,  10.796
202607011006,  10.897,  10.676,9999.000,9999.000,9999.000,9999.000,9999.000,9999.000,9999.000
202607011012,  10.872,  10.637,9999.000,9999.000,9999.000,9999.000,9999.000,9999.000,9999.000
202607011018,  10.835,  10.597,9999.000,9999.000,9999.000,9999.000,9999.000,9999.000,9999.000
202607011024,  10.786,  10.548,9999.000,9999.000,9999.000,9999.000,9999.000,9999.000,9999.000
202607011030,  10.724,  10.486,9999.000,9999.000,9999.000,9999.000,9999.000,9999.000,9999.000
202607011036,  10.651,  10.407,9999.000,9999.000,9999.000,9999.000,9999.000,9999.000,9999.000
202607011042,  10.566,  10.305,9999.000,9999.000,9999.000,9999.000,9999.000,9999.000,9999.000
202607011048,  10.469,  10.207,9999.000,9999.000,9999.000,9999.000,9999.000,9999.000,9999.000
202607011054,  10.360,  10.095,9999.000,9999.000,9999.000,9999.000,9999.000,9999.000,9999.000
202607011100,  10.240,   9.977,  -0.500,   0.237,   9.977,  -0.600,   9.877,  -0.400,  10.077
202607011106,  10.108,   9.836,9999.000,9999.000,9999.000,9999.000,9999.000,9999.000,9999.000
202607011112,   9.965,   9.698,9999.000,9999.000,9999.000,9999.000,9999.000,9999.000,9999.000
202607011118,   9.810,   9.538,9999.000,9999.000,9999.000,9999.000,9999.000,9999.000,9999.000
202607011124,   9.645,   9.377,9999.000,9999.000,9999.000,9999.000,9999.000,9999.000,9999.000
202607011130,   9.470,   9.197,9999.000,9999.000,9999.000,9999.000,9999.000,9999.000,9999.000
202607011136,   9.285,   9.006,9999.000,9999.000,9999.000,9999.000,9999.000,9999.000,9999.000
202607011142,   9.089,   8.816,9999.000,9999.000,9999.000,9999.000,9999.000,9999.000,9999.000
202607011148,   8.885,   8.616,9999.000,9999.000,9999.000,9999.000,9999.000,9999.000,9999.000
202607011154,   8.672,   8.396,9999.000,9999.000,9999.000,9999.000,9999.000,9999.000,9999.000
202607011200,   8.450,   8.177,  -0.500,   0.227,   8.177,  -0.600,   8.077,  -0.500,   8.177
202607011206,   8.220,   7.957,9999.000,9999.000,9999.000,9999.000,9999.000,9999.000,9999.000
202607011212,   7.983,   7.737,9999.000,9999.000,9999.000,9999.000,9999.000,9999.000,9999.000
202607011218,   7.738,   7.488,9999.000,9999.000,9999.000,9999.000,9999.000,9999.000,9999.000
202607011224,   7.488,   7.238,9999.000,9999.000,9999.000,9999.000,9999.000,9999.000,9999.000
202607011230,   7.231,   6.966,9999.000,9999.000,9999.000,9999.000,9999.000,9999.000,9999.000
202607011236,   6.969,   6.717,9999.000,9999.000,9999.000,9999.000,9999.000,9999.000,9999.000
202607011242,   6.702,   6.448,9999.000,9999.000,9999.000,9999.000,9999.000,9999.000,9999.000
202607011248,   6.431,   6.169,9999.000,9999.000,9999.000,9999.000,9999.000,9999.000,9999.000
202607011254,   6.157,   5.897,9999.000,9999.000,9999.000,9999.000,9999.000,9999.000,9999.000
202607011300,   5.879,   5.618,  -0.500,   0.239,   5.618,  -0.600,   5.518,  -0.500,   5.618
202607011306,   5.600,   5.349,9999.000,9999.000,9999.000,9999.000,9999.000,9999.000,9999.000
202607011312,   5.318,   5.077,9999.000,9999.000,9999.000,9999.000,9999.000,9999.000,9999.000
202607011318,   5.035,   4.778,9999.000,9999.000,9999.000,9999.000,9999.000,9999.000,9999.000
202607011324,   4.752,   4.500,9999.000,9999.000,9999.000,9999.000,9999.000,9999.000,9999.000
202607011330,   4.469,   4.218,9999.000,9999.000,9999.000,9999.000,9999.000,9999.000,9999.000
202607011336,   4.187,   3.929,9999.000,9999.000,9999.000,9999.000,9999.000,9999.000,9999.000
202607011342,   3.906,   3.617,9999.000,9999.000,9999.000,9999.000,9999.000,9999.000,9999.000
202607011348,   3.627,   3.348,9999.000,9999.000,9999.000,9999.000,9999.000,9999.000,9999.000
202607011354,   3.351,   3.070,9999.000,9999.000,9999.000,9999.000,9999.000,9999.000,9999.000
202607011400,   3.077,   2.787,  -0.500,   0.210,   2.787,  -0.600,   2.687,  -0.500,   2.787
202607011406,   2.808,   2.538,9999.000,9999.000,9999.000,9999.000,9999.000,9999.000,9999.000
202607011412,   2.543,   2.250,9999.000,9999.000,9999.000,9999.000,9999.000,9999.000,9999.000
202607011418,   2.283,   1.981,9999.000,9999.000,9999.000,9999.000,9999.000,9999.000,9999.000
202607011424,   2.028,   1.748,9999.000,9999.000,9999.000,9999.000,9999.000,9999.000,9999.000
202607011430,   1.779,   1.479,9999.000,9999.000,9999.000,9999.000,9999.000,9999.000,9999.000
202607011436,   1.537,   1.210,9999.000,9999.000,9999.000,9999.000,9999.000,9999.000,9999.000
202607011442,   1.303,   0.961,9999.000,9999.000,9999.000,9999.000,9999.000,9999.000,9999.000
202607011448,   1.075,   0.741,9999.000,9999.000,9999.000,9999.000,9999.000,9999.000,9999.000
202607011454,   0.856,   0.518,9999.000,9999.000,9999.000,9999.000,9999.000,9999.000,9999.000
202607011500,   0.646,   0.298,  -0.500,   0.152,   0.298,  -0.600,   0.198,  -0.500,   0.298
202607011506,   0.444,   0.088,9999.000,9999.000,9999.000,9999.000,9999.000,9999.000,9999.000
202607011512,   0.252,  -0.111,9999.000,9999.000,9999.000,9999.000,9999.000,9999.000,9999.000
202607011518,   0.070,  -0.288,9999.000,9999.000,9999.000,9999.000,9999.000,9999.000,9999.000
202607011524,  -0.101,  -0.459,9999.000,9999.000,9999.000,9999.000,9999.000,9999.000,9999.000
202607011530,  -0.262,  -0.610,9999.000,9999.000,9999.000,9999.000,9999.000,9999.000,9999.000
202607011536,  -0.412,  -0.751,9999.000,9999.000,9999.000,9999.000,9999.000,9999.000,9999.000
202607011542,  -0.551,  -0.849,9999.000,9999.000,9999.000,9999.000,9999.000,9999.000,9999.000
202607011548,  -0.679,  -0.941,9999.000,9999.000,9999.000,9999.000,9999.000,9999.000,9999.000
202607011554,  -0.794,  -1.020,9999.000,9999.000,9999.000,9999.000,9999.000,9999.000,9999.000
202607011600,  -0.898,  -1.098,  -0.600,   0.400,  -1.098,  -0.600,  -1.098,  -0.500,  -0.998
202607011606,  -0.989,  -1.180,9999.000,9999.000,9999.000,9999.000,9999.000,9999.000,9999.000
202607011612,  -1.067,  -1.229,9999.000,9999.000,9999.000,9999.000,9999.000,9999.000,9999.000
202607011618,  -1.133,  -1.269,9999.000,9999.000,9999.000,9999.000,9999.000,9999.000,9999.000
202607011624,  -1.187,  -1.308,9999.000,9999.000,9999.000,9999.000,9999.000,9999.000,9999.000
202607011630,  -1.227,  -1.338,9999.000,9999.000,9999.000,9999.000,9999.000,9999.000,9999.000
202607011636,  -1.255,  -1.361,9999.000,9999.000,9999.000,9999.000,9999.000,9999.000,9999.000
202607011642,  -1.270,  -1.361,9999.000,9999.000,9999.000,9999.000,9999.000,9999.000,9999.000
202607011648,  -1.272,  -1.338,9999.000,9999.000,9999.000,9999.000,9999.000,9999.000,9999.000
202607011654,  -1.262,  -1.328,9999.000,9999.000,9999.000,9999.000,9999.000,9999.000,9999.000
202607011700,  -1.239,  -1.318,  -0.600,   0.521,  -1.318,  -0.600,  -1.318,  -0.500,  -1.218
202607011706,  -1.203,  -1.289,9999.000,9999.000,9999.000,9999.000,9999.000,9999.000,9999.000
202607011712,  -1.155,  -1.249,9999.000,9999.000,9999.000,9999.000,9999.000,9999.000,9999.000
202607011718,  -1.094,  -1.190,9999.000,9999.000,9999.000,9999.000,9999.000,9999.000,9999.000
202607011724,  -1.022,  -1.118,9999.000,9999.000,9999.000,9999.000,9999.000,9999.000,9999.000
202607011730,  -0.938,  -1.039,9999.000,9999.000,9999.000,9999.000,9999.000,9999.000,9999.000
202607011736,  -0.842,9999.000,9999.000,9999.000,9999.000,9999.000,9999.000,9999.000,9999.000
202607011742,  -0.736,  -0.819,9999.000,9999.000,9999.000,9999.000,9999.000,9999.000,9999.000
202607011748,  -0.618,  -0.708,9999.000,9999.000,9999.000,9999.000,9999.000,9999.000,9999.000
202607011754,  -0.490,  -0.570,9999.000,9999.000,9999.000,9999.000,9999.000,9999.000,9999.000
202607011800,  -0.352,  -0.419,  -0.400,   0.333,  -0.419,  -0.500,  -0.519,  -0.400,  -0.419
202607011806,  -0.203,  -0.278,9999.000,9999.000,9999.000,9999.000,9999.000,9999.000,9999.000
202607011812,  -0.046,  -0.088,9999.000,9999.000,9999.000,9999.000,9999.000,9999.000,9999.000
202607011818,   0.119,   0.068,9999.000,9999.000,9999.000,9999.000,9999.000,9999.000,9999.000
202607011824,   0.294,   0.249,9999.000,9999.000,9999.000,9999.000,9999.000,9999.000,9999.000
202607011830,   0.477,   0.449,9999.000,9999.000,9999.000,9999.000,9999.000,9999.000,9999.000
202607011836,   0.667,   0.619,9999.000,9999.000,9999.000,9999.000,9999.000,9999.000,9999.000
202607011842,   0.864,   0.810,9999.000,9999.000,9999.000,9999.000,9999.000,9999.000,9999.000
202607011848,   1.068,   1.020,9999.000,9999.000,9999.000,9999.000,9999.000,9999.000,9999.000
202607011854,   1.278,   1.229,9999.000,9999.000,9999.000,9999.000,9999.000,9999.000,9999.000
202607011900,   1.493,   1.449,  -0.400,   0.356,   1.449,  -0.500,   1.349,  -0.400,   1.449
202607011906,   1.713,   1.669,9999.000,9999.000,9999.000,9999.000,9999.000,9999.000,9999.000
202607011912,   1.938,   1.889,9999.000,9999.000,9999.000,9999.000,9999.000,9999.000,9999.000
202607011918,   2.167,   2.118,9999.000,9999.000,9999.000,9999.000,9999.000,9999.000,9999.000
202607011924,   2.399,   2.348,9999.000,9999.000,9999.000,9999.000,9999.000,9999.000,9999.000
202607011930,   2.633,   2.578,9999.000,9999.000,9999.000,9999.000,9999.000,9999.000,9999.000
202607011936,   2.871,   2.807,9999.000,9999.000,9999.000,9999.000,9999.000,9999.000,9999.000
202607011942,   3.110,   3.030,9999.000,9999.000,9999.000,9999.000,9999.000,9999.000,9999.000
202607011948,   3.350,   3.270,9999.000,9999.000,9999.000,9999.000,9999.000,9999.000,9999.000
202607011954,   3.591,   3.519,9999.000,9999.000,9999.000,9999.000,9999.000,9999.000,9999.000
202607012000,   3.832,   3.768,  -0.400,   0.336,   3.768,  -0.400,   3.768,  -0.300,   3.868
202607012006,   4.073,   3.998,9999.000,9999.000,9999.000,9999.000,9999.000,9999.000,9999.000
202607012012,   4.312,   4.227,9999.000,9999.000,9999.000,9999.000,9999.000,9999.000,9999.000
202607012018,   4.551,   4.437,9999.000,9999.000,9999.000,9999.000,9999.000,9999.000,9999.000
202607012024,   4.788,   4.677,9999.000,9999.000,9999.000,9999.000,9999.000,9999.000,9999.000
202607012030,   5.022,   4.919,9999.000,9999.000,9999.000,9999.000,9999.000,9999.000,9999.000
202607012036,   5.253,   5.139,9999.000,9999.000,9999.000,9999.000,9999.000,9999.000,9999.000
202607012042,   5.481,   5.359,9999.000,9999.000,9999.000,9999.000,9999.000,9999.000,9999.000
202607012048,   5.705,   5.579,9999.000,9999.000,9999.000,9999.000,9999.000,9999.000,9999.000
202607012054,   5.925,   5.799,9999.000,9999.000,9999.000,9999.000,9999.000,9999.000,9999.000
202607012100,   6.140,   6.018,  -0.400,   0.278,   6.018,  -0.400,   6.018,  -0.300,   6.118
202607012106,   6.349,   6.218,9999.000,9999.000,9999.000,9999.000,9999.000,9999.000,9999.000
202607012112,   6.553,   6.428,9999.000,9999.000,9999.000,9999.000,9999.000,9999.000,9999.000
202607012118,   6.751,   6.628,9999.000,9999.000,9999.000,9999.000,9999.000,9999.000,9999.000
202607012124,   6.942,   6.809,9999.000,9999.000,9999.000,9999.000,9999.000,9999.000,9999.000
202607012130,   7.126,   6.999,9999.000,9999.000,9999.000,9999.000,9999.000,9999.000,9999.000
202607012136,   7.303,   7.166,9999.000,9999.000,9999.000,9999.000,9999.000,9999.000,9999.000
202607012142,   7.472,   7.337,9999.000,9999.000,9999.000,9999.000,9999.000,9999.000,9999.000
202607012148,   7.634,   7.498,9999.000,9999.000,9999.000,9999.000,9999.000,9999.000,9999.000
202607012154,   7.786,   7.639,9999.000,9999.000,9999.000,9999.000,9999.000,9999.000,9999.000
202607012200,   7.930,   7.776,  -0.400,   0.246,   7.776,  -0.400,   7.776,  -0.300,   7.876
202607012206,   8.065,   7.898,9999.000,9999.000,9999.000,9999.000,9999.000,9999.000,9999.000
202607012212,   8.191,   8.006,9999.000,9999.000,9999.000,9999.000,9999.000,9999.000,9999.000
202607012218,   8.307,   8.117,9999.000,9999.000,9999.000,9999.000,9999.000,9999.000,9999.000
202607012224,   8.414,   8.206,9999.000,9999.000,9999.000,9999.000,9999.000,9999.000,9999.000
202607012230,   8.510,   8.288,9999.000,9999.000,9999.000,9999.000,9999.000,9999.000,9999.000
202607012236,   8.597,   8.386,9999.000,9999.000,9999.000,9999.000,9999.000,9999.000,9999.000
202607012242,   8.673,   8.468,9999.000,9999.000,9999.000,9999.000,9999.000,9999.000,9999.000
202607012248,   8.739,   8.518,9999.000,9999.000,9999.000,9999.000,9999.000,9999.000,9999.000
202607012254,   8.795,   8.577,9999.000,9999.000,9999.000,9999.000,9999.000,9999.000,9999.000
202607012300,   8.840,   8.626,  -0.300,   0.086,   8.626,  -0.400,   8.526,  -0.200,   8.726
202607012306,   8.874,   8.669,9999.000,9999.000,9999.000,9999.000,9999.000,9999.000,9999.000
202607012312,   8.898,   8.698,9999.000,9999.000,9999.000,9999.000,9999.000,9999.000,9999.000
202607012318,   8.912,   8.718,9999.000,9999.000,9999.000,9999.000,9999.000,9999.000,9999.000
202607012324,   8.915,   8.728,9999.000,9999.000,9999.000,9999.000,9999.000,9999.000,9999.000
202607012330,   8.908,   8.728,9999.000,9999.000,9999.000,9999.000,9999.000,9999.000,9999.000
202607012336,   8.891,   8.718,9999.000,9999.000,9999.000,9999.000,9999.000,9999.000,9999.000
202607012342,   8.864,   8.688,9999.000,9999.000,9999.000,9999.000,9999.000,9999.000,9999.000
202607012348,   8.827,9999.000,9999.000,9999.000,9999.000,9999.000,9999.000,9999.000,9999.000
202607012354,   8.781,9999.000,9999.000,9999.000,9999.000,9999.000,9999.000,9999.000,9999.000
202607020000,   8.725,9999.000,  -0.300,   0.099,   8.524,  -0.400,   8.424,  -0.200,   8.624
202607020006,   8.660,9999.000,9999.000,9999.000,9999.000,9999.000,9999.000,9999.000,9999.000
202607020012,   8.587,9999.000,9999.000,9999.000,9999.000,9999.000,9999.000,9999.000,9999.000
202607020018,   8.505,9999.000,9999.000,9999.000,9999.000,9999.000,9999.000,9999.000,9999.000
202607020024,   8.415,9999.000,9999.000,9999.000,9999.000,9999.000,9999.000,9999.000,9999.000
202607020030,   8.317,9999.000,9999.000,9999.000,9999.000,9999.000,9999.000,9999.000,9999.000
202607020036,   8.212,9999.000,9999.000,9999.000,9999.000,9999.000,9999.000,9999.000,9999.000
202607020042,   8.101,9999.000,9999.000,9999.000,9999.000,9999.000,9999.000,9999.000,9999.000
202607020048,   7.983,9999.000,9999.000,9999.000,9999.000,9999.000,9999.000,9999.000,9999.000
202607020054,   7.858,9999.000,9999.000,9999.000,9999.000,9999.000,9999.000,9999.000,9999.000
202607020100,   7.729,9999.000,  -0.300,   0.113,   7.542,  -0.400,   7.442,  -0.200,   7.642
202607020106,   7.594,9999.000,9999.000,9999.000,9999.000,9999.000,9999.000,9999.000,9999.000
202607020112,   7.455,9999.000,9999.000,9999.000,9999.000,9999.000,9999.000,9999.000,9999.000
202607020118,   7.312,9999.000,9999.000,9999.000,9999.000,9999.000,9999.000,9999.000,9999.000
202607020124,   7.165,9999.000,9999.000,9999.000,9999.000,9999.000,9999.000,9999.000,9999.000
202607020130,   7.015,9999.000,9999.000,9999.000,9999.000,9999.000,9999.000,9999.000,9999.000
202607020136,   6.862,9999.000,9999.000,9999.000,9999.000,9999.000,9999.000,9999.000,9999.000
202607020142,   6.708,9999.000,9999.000,9999.000,9999.000,9999.000,9999.000,9999.000,9999.000
202607020148,   6.552,9999.000,9999.000,9999.000,9999.000,9999.000,9999.000,9999.000,9999.000
202607020154,   6.395,9999.000,9999.000,9999.000,9999.000,9999.000,9999.000,9999.000,9999.000
202607020200,   6.238,9999.000,  -0.300,   0.126,   6.064,  -0.400,   5.964,  -0.200,   6.164
202607020206,   6.080,9999.000,9999.000,9999.000,9999.000,9999.000,9999.000,9999.000,9999.000
202607020212,   5.924,9999.000,9999.000,9999.000,9999.000,9999.000,9999.000,9999.000,9999.000
202607020218,   5.768,9999.000,9999.000,9999.000,9999.000,9999.000,9999.000,9999.000,9999.000
202607020224,   5.614,9999.000,9999.000,9999.000,9999.000,9999.000,9999.000,9999.000,9999.000
202607020230,   5.463,9999.000,9999.000,9999.000,9999.000,9999.000,9999.000,9999.000,9999.000
202607020236,   5.313,9999.000,9999.000,9999.000,9999.000,9999.000,9999.000,9999.000,9999.000
202607020242,   5.167,9999.000,9999.000,9999.000,9999.000,9999.000,9999.000,9999.000,9999.000
202607020248,   5.025,9999.000,9999.000,9999.000,9999.000,9999.000,9999.000,9999.000,9999.000
202607020254,   4.887,9999.000,9999.000,9999.000,9999.000,9999.000,9999.000,9999.000,9999.000
202607020300,   4.753,9999.000,  -0.300,   0.139,   4.592,  -0.300,   4.592,  -0.200,   4.692
202607020306,   4.624,9999.000,9999.000,9999.000,9999.000,9999.000,9999.000,9999.000,9999.000
202607020312,   4.501,9999.000,9999.000,9999.000,9999.000,9999.000,9999.000,9999.000,9999.000
202607020318,   4.383,9999.000,9999.000,9999.000,9999.000,9999.000,9999.000,9999.000,9999.000
202607020324,   4.272,9999.000,9999.000,9999.000,9999.000,9999.000,9999.000,9999.000,9999.000
202607020330,   4.167,9999.000,9999.000,9999.000,9999.000,9999.000,9999.000,9999.000,9999.000
202607020336,   4.069,9999.000,9999.000,9999.000,9999.000,9999.000,9999.000,9999.000,9999.000
202607020342,   3.979,9999.000,9999.000,9999.000,9999.000,9999.000,9999.000,9999.000,9999.000
202607020348,   3.896,9999.000,9999.000,9999.000,9999.000,9999.000,9999.000,9999.000,9999.000
202607020354,   3.822,9999.000,9999.000,9999.000,9999.000,9999.000,9999.000,9999.000,9999.000
202607020400,   3.755,9999.000,  -0.300,   0.152,   3.607,  -0.300,   3.607,  -0.200,   3.707
202607020406,   3.698,9999.000,9999.000,9999.000,9999.000,9999.000,9999.000,9999.000,9999.000
202607020412,   3.649,9999.000,9999.000,9999.000,9999.000,9999.000,9999.000,9999.000,9999.000
202607020418,   3.609,9999.000,9999.000,9999.000,9999.000,9999.000,9999.000,9999.000,9999.000
202607020424,   3.578,9999.000,9999.000,9999.000,9999.000,9999.000,9999.000,9999.000,9999.000
202607020430,   3.556,9999.000,9999.000,9999.000,9999.000,9999.000,9999.000,9999.000,9999.000
202607020436,   3.544,9999.000,9999.000,9999.000,9999.000,9999.000,9999.000,9999.000,9999.000
202607020442,   3.542,9999.000,9999.000,9999.000,9999.000,9999.000,9999.000,9999.000,9999.000
202607020448,   3.549,9999.000,9999.000,9999.000,9999.000,9999.000,9999.000,9999.000,9999.000
202607020454,   3.566,9999.000,9999.000,9999.000,9999.000,9999.000,9999.000,9999.000,9999.000
202607020500,   3.593,9999.000,  -0.300,   0.166,   3.459,  -0.300,   3.459,  -0.200,   3.559
202607020506,   3.629,9999.000,9999.000,9999.000,9999.000,9999.000,9999.000,9999.000,9999.000
202607020512,   3.675,9999.000,9999.000,9999.000,9999.000,9999.000,9999.000,9999.000,9999.000
202607020518,   3.731,9999.000,9999.000,9999.000,9999.000,9999.000,9999.000,9999.000,9999.000
202607020524,   3.796,9999.000,9999.000,9999.000,9999.000,9999.000,9999.000,9999.000,9999.000
202607020530,   3.870,9999.000,9999.000,9999.000,9999.000,9999.000,9999.000,9999.000,9999.000
202607020536,   3.954,9999.000,9999.000,9999.000,9999.000,9999.000,9999.000,9999.000,9999.000
202607020542,   4.046,9999.000,9999.000,9999.000,9999.000,9999.000,9999.000,9999.000,9999.000
202607020548,   4.147,9999.000,9999.000,9999.000,9999.000,9999.000,9999.000,9999.000,9999.000
202607020554,   4.257,9999.000,9999.000,9999.000,9999.000,9999.000,9999.000,9999.000,9999.000
202607020600,   4.374,9999.000,  -0.300,   0.179,   4.253,  -0.400,   4.153,  -0.200,   4.353
202607020606,   4.500,9999.000,9999.000,9999.000,9999.000,9999.000,9999.000,9999.000,9999.000
202607020612,   4.633,9999.000,9999.000,9999.000,9999.000,9999.000,9999.000,9999.000,9999.000
202607020618,   4.773,9999.000,9999.000,9999.000,9999.000,9999.000,9999.000,9999.000,9999.000
202607020624,   4.920,9999.000,9999.000,9999.000,9999.000,9999.000,9999.000,9999.000,9999.000
202607020630,   5.073,9999.000,9999.000,9999.000,9999.000,9999.000,9999.000,9999.000,9999.000
202607020636,   5.233,9999.000,9999.000,9999.000,9999.000,9999.000,9999.000,9999.000,9999.000
202607020642,   5.397,9999.000,9999.000,9999.000,9999.000,9999.000,9999.000,9999.000,9999.000
202607020648,   5.567,9999.000,9999.000,9999.000,9999.000,9999.000,9999.000,9999.000,9999.000
202607020654,   5.741,9999.000,9999.000,9999.000,9999.000,9999.000,9999.000,9999.000,9999.000
202607020700,   5.920,9999.000,  -0.300,   0.192,   5.812,  -0.400,   5.712,  -0.200,   5.912
202607020706,   6.102,9999.000,9999.000,9999.000,9999.000,9999.000,9999.000,9999.000,9999.000
202607020712,   6.286,9999.000,9999.000,9999.000,9999.000,9999.000,9999.000,9999.000,9999.000
202607020718,   6.474,9999.000,9999.000,9999.000,9999.000,9999.000,9999.000,9999.000,9999.000
202607020724,   6.664,9999.000,9999.000,9999.000,9999.000,9999.000,9999.000,9999.000,9999.000
202607020730,   6.855,9999.000,9999.000,9999.000,9999.000,9999.000,9999.000,9999.000,9999.000
202607020736,   7.047,9999.000,9999.000,9999.000,9999.000,9999.000,9999.000,9999.000,9999.000
202607020742,   7.239,9999.000,9999.000,9999.000,9999.000,9999.000,9999.000,9999.000,9999.000
202607020748,   7.431,9999.000,9999.000,9999.000,9999.000,9999.000,9999.000,9999.000,9999.000
202607020754,   7.623,9999.000,9999.000,9999.000,9999.000,9999.000,9999.000,9999.000,9999.000
202607020800,   7.813,9999.000,  -0.300,   0.205,   7.718,  -0.400,   7.618,  -0.300,   7.718
202607020806,   8.002,9999.000,9999.000,9999.000,9999.000,9999.000,9999.000,9999.000,9999.000
202607020812,   8.189,9999.000,9999.000,9999.000,9999.000,9999.000,9999.000,9999.000,9999.000
202607020818,   8.373,9999.000,9999.000,9999.000,9999.000,9999.000,9999.000,9999.000,9999.000
202607020824,   8.553,9999.000,9999.000,9999.000,9999.000,9999.000,9999.000,9999.000,9999.000
202607020830,   8.730,9999.000,9999.000,9999.000,9999.000,9999.000,9999.000,9999.000,9999.000
202607020836,   8.902,9999.000,9999.000,9999.000,9999.000,9999.000,9999.000,9999.000,9999.000
202607020842,   9.070,9999.000,9999.000,9999.000,9999.000,9999.000,9999.000,9999.000,9999.000
202607020848,   9.232,9999.000,9999.000,9999.000,9999.000,9999.000,9999.000,9999.000,9999.000
202607020854,   9.389,9999.000,9999.000,9999.000,9999.000,9999.000,9999.000,9999.000,9999.000
202607020900,   9.539,9999.000,  -0.300,   0.219,   9.458,  -0.400,   9.358,  -0.300,   9.458
202607020906,   9.683,9999.000,9999.000,9999.000,9999.000,9999.000,9999.000,9999.000,9999.000
202607020912,   9.819,9999.000,9999.000,9999.000,9999.000,9999.000,9999.000,9999.000,9999.000
202607020918,   9.948,9999.000,9999.000,9999.000,9999.000,9999.000,9999.000,9999.000,9999.000
202607020924,  10.069,9999.000,9999.000,9999.000,9999.000,9999.000,9999.000,9999.000,9999.000
202607020930,  10.182,9999.000,9999.000,9999.000,9999.000,9999.000,9999.000,9999.000,9999.000
202607020936,  10.286,9999.000,9999.000,9999.000,9999.000,9999.000,9999.000,9999.000,9999.000
202607020942,  10.380,9999.000,9999.000,9999.000,9999.000,9999.000,9999.000,9999.000,9999.000
202607020948,  10.465,9999.000,9999.000,9999.000,9999.000,9999.000,9999.000,9999.000,9999.000
202607020954,  10.541,9999.000,9999.000,9999.000,9999.000,9999.000,9999.000,9999.000,9999.000
202607021000,  10.606,9999.000,  -0.300,   0.232,  10.538,  -0.400,  10.438,  -0.300,  10.538
202607021006,  10.660,9999.000,9999.000,9999.000,9999.000,9999.000,9999.000,9999.000,9999.000
202607021012,  10.704,9999.000,9999.000,9999.000,9999.000,9999.000,9999.000,9999.000,9999.000
202607021018,  10.737,9999.000,9999.000,9999.000,9999.000,9999.000,9999.000,9999.000,9999.000
202607021024,  10.758,9999.000,9999.000,9999.000,9999.000,9999.000,9999.000,9999.000,9999.000
202607021030,  10.769,9999.000,9999.000,9999.000,9999.000,9999.000,9999.000,9999.000,9999.000
202607021036,  10.767,9999.000,9999.000,9999.000,9999.000,9999.000,9999.000,9999.000,9999.000
202607021042,  10.754,9999.000,9999.000,9999.000,9999.000,9999.000,9999.000,9999.000,9999.000
202607021048,  10.729,9999.000,9999.000,9999.000,9999.000,9999.000,9999.000,9999.000,9999.000
202607021054,  10.692,9999.000,9999.000,9999.000,9999.000,9999.000,9999.000,9999.000,9999.000
202607021100,  10.643,9999.000,  -0.300,   0.245,  10.588,  -0.400,  10.488,  -0.200,  10.688
202607021106,  10.582,9999.000,9999.000,9999.000,9999.000,9999.000,9999.000,9999.000,9999.000
202607021112,  10.509,9999.000,9999.000,9999.000,9999.000,9999.000,9999.000,9999.000,9999.000
202607021118,  10.424,9999.000,9999.000,9999.000,9999.000,9999.000,9999.000,9999.000,9999.000
202607021124,  10.327,9999.000,9999.000,9999.000,9999.000,9999.000,9999.000,9999.000,9999.000
202607021130,  10.218,9999.000,9999.000,9999.000,9999.000,9999.000,9999.000,9999.000,9999.000
202607021136,  10.098,9999.000,9999.000,9999.000,9999.000,9999.000,9999.000,9999.000,9999.000
202607021142,   9.966,9999.000,9999.000,9999.000,9999.000,9999.000,9999.000,9999.000,9999.000
202607021148,   9.823,9999.000,9999.000,9999.000,9999.000,9999.000,9999.000,9999.000,9999.000
202607021154,   9.668,9999.000,9999.000,9999.000,9999.000,9999.000,9999.000,9999.000,9999.000
202607021200,   9.504,9999.000,  -0.300,   0.245,   9.449,  -0.300,   9.449,  -0.200,   9.549
202607021206,   9.328,9999.000,9999.000,9999.000,9999.000,9999.000,9999.000,9999.000,9999.000
202607021212,   9.143,9999.000,9999.000,9999.000,9999.000,9999.000,9999.000,9999.000,9999.000
202607021218,   8.948,9999.000,9999.000,9999.000,9999.000,9999.000,9999.000,9999.000,9999.000
202607021224,   8.743,9999.000,9999.000,9999.000,9999.000,9999.000,9999.000,9999.000,9999.000
202607021230,   8.530,9999.000,9999.000,9999.000,9999.000,9999.000,9999.000,9999.000,9999.000
202607021236,   8.308,9999.000,9999.000,9999.000,9999.000,9999.000,9999.000,9999.000,9999.000
202607021242,   8.078,9999.000,9999.000,9999.000,9999.000,9999.000,9999.000,9999.000,9999.000
202607021248,   7.841,9999.000,9999.000,9999.000,9999.000,9999.000,9999.000,9999.000,9999.000
202607021254,   7.597,9999.000,9999.000,9999.000,9999.000,9999.000,9999.000,9999.000,9999.000
202607021300,   7.346,9999.000,  -0.300,   0.245,   7.291,  -0.300,   7.291,  -0.200,   7.391
202607021306,   7.090,9999.000,9999.000,9999.000,9999.000,9999.000,9999.000,9999.000,9999.000
202607021312,   6.828,9999.000,9999.000,9999.000,9999.000,9999.000,9999.000,9999.000,9999.000
202607021318,   6.562,9999.000,9999.000,9999.000,9999.000,9999.000,9999.000,9999.000,9999.000
202607021324,   6.292,9999.000,9999.000,9999.000,9999.000,9999.000,9999.000,9999.000,9999.000
202607021330,   6.018,9999.000,9999.000,9999.000,9999.000,9999.000,9999.000,9999.000,9999.000
202607021336,   5.741,9999.000,9999.000,9999.000,9999.000,9999.000,9999.000,9999.000,9999.000
202607021342,   5.462,9999.000,9999.000,9999.000,9999.000,9999.000,9999.000,9999.000,9999.000
202607021348,   5.182,9999.000,9999.000,9999.000,9999.000,9999.000,9999.000,9999.000,9999.000
202607021354,   4.900,9999.000,9999.000,9999.000,9999.000,9999.000,9999.000,9999.000,9999.000
202607021400,   4.618,9999.000,  -0.300,   0.245,   4.563,  -0.300,   4.563,  -0.200,   4.663
202607021406,   4.337,9999.000,9999.000,9999.000,9999.000,9999.000,9999.000,9999.000,9999.000
202607021412,   4.057,9999.000,9999.000,9999.000,9999.000,9999.000,9999.000,9999.000,9999.000
202607021418,   3.778,9999.000,9999.000,9999.000,9999.000,9999.000,9999.000,9999.000,9999.000
202607021424,   3.501,9999.000,9999.000,9999.000,9999.000,9999.000,9999.000,9999.000,9999.000
202607021430,   3.227,9999.000,9999.000,9999.000,9999.000,9999.000,9999.000,9999.000,9999.000
202607021436,   2.957,9999.000,9999.000,9999.000,9999.000,9999.000,9999.000,9999.000,9999.000
202607021442,   2.690,9999.000,9999.000,9999.000,9999.000,9999.000,9999.000,9999.000,9999.000
202607021448,   2.428,9999.000,9999.000,9999.000,9999.000,9999.000,9999.000,9999.000,9999.000
202607021454,   2.172,9999.000,9999.000,9999.000,9999.000,9999.000,9999.000,9999.000,9999.000
202607021500,   1.921,9999.000,  -0.300,   0.245,   1.866,  -0.300,   1.866,  -0.200,   1.966
202607021506,   1.676,9999.000,9999.000,9999.000,9999.000,9999.000,9999.000,9999.000,9999.000
202607021512,   1.438,9999.000,9999.000,9999.000,9999.000,9999.000,9999.000,9999.000,9999.000
202607021518,   1.208,9999.000,9999.000,9999.000,9999.000,9999.000,9999.000,9999.000,9999.000
202607021524,   0.985,9999.000,9999.000,9999.000,9999.000,9999.000,9999.000,9999.000,9999.000
202607021530,   0.771,9999.000,9999.000,9999.000,9999.000,9999.000,9999.000,9999.000,9999.000
202607021536,   0.566,9999.000,9999.000,9999.000,9999.000,9999.000,9999.000,9999.000,9999.000
202607021542,   0.370,9999.000,9999.000,9999.000,9999.000,9999.000,9999.000,9999.000,9999.000
202607021548,   0.183,9999.000,9999.000,9999.000,9999.000,9999.000,9999.000,9999.000,9999.000
202607021554,   0.007,9999.000,9999.000,9999.000,9999.000,9999.000,9999.000,9999.000,9999.000
202607021600,  -0.159,9999.000,  -0.200,   0.245,  -0.114,  -0.300,  -0.214,  -0.100,  -0.014
202607021606,  -0.314,9999.000,9999.000,9999.000,9999.000,9999.000,9999.000,9999.000,9999.000
202607021612,  -0.458,9999.000,9999.000,9999.000,9999.000,9999.000,9999.000,9999.000,9999.000
202607021618,  -0.591,9999.000,9999.000,9999.000,9999.000,9999.000,9999.000,9999.000,9999.000
202607021624,  -0.712,9999.000,9999.000,9999.000,9999.000,9999.000,9999.000,9999.000,9999.000
202607021630,  -0.821,9999.000,9999.000,9999.000,9999.000,9999.000,9999.000,9999.000,9999.000
202607021636,  -0.918,9999.000,9999.000,9999.000,9999.000,9999.000,9999.000,9999.000,9999.000
202607021642,  -1.002,9999.000,9999.000,9999.000,9999.000,9999.000,9999.000,9999.000,9999.000
202607021648,  -1.075,9999.000,9999.000,9999.000,9999.000,9999.000,9999.000,9999.000,9999.000
202607021654,  -1.134,9999.000,9999.000,9999.000,9999.000,9999.000,9999.000,9999.000,9999.000
202607021700,  -1.181,9999.000,  -0.200,   0.245,  -1.136,  -0.300,  -1.236,  -0.100,  -1.036
202607021706,  -1.215,9999.000,9999.000,9999.000,9999.000,9999.000,9999.000,9999.000,9999.000
202607021712,  -1.236,9999.000,9999.000,9999.000,9999.000,9999.000,9999.000,9999.000,9999.000
202607021718,  -1.244,9999.000,9999.000,9999.000,9999.000,9999.000,9999.000,9999.000,9999.000
202607021724,  -1.239,9999.000,9999.000,9999.000,9999.000,9999.000,9999.000,9999.000,9999.000
202607021730,  -1.222,9999.000,9999.000,9999.000,9999.000,9999.000,9999.000,9999.000,9999.000
202607021736,  -1.192,9999.000,9999.000,9999.000,9999.000,9999.000,9999.000,9999.000,9999.000
202607021742,  -1.150,9999.000,9999.000,9999.000,9999.000,9999.000,9999.000,9999.000,9999.000
202607021748,  -1.095,9999.000,9999.000,9999.000,9999.000,9999.000,9999.000,9999.000,9999.000
202607021754,  -1.028,9999.000,9999.000,9999.000,9999.000,9999.000,9999.000,9999.000,9999.000
202607021800,  -0.949,9999.000,  -0.200,   0.245,  -0.904,  -0.300,  -1.004,  -0.100,  -0.804
202607021806,  -0.858,9999.000,9999.000,9999.000,9999.000,9999.000,9999.000,9999.000,9999.000
202607021812,  -0.756,9999.000,9999.000,9999.000,9999.000,9999.000,9999.000,9999.000,9999.000
202607021818,  -0.642,9999.000,9999.000,9999.000,9999.000,9999.000,9999.000,9999.000,9999.000
202607021824,  -0.518,9999.000,9999.000,9999.000,9999.000,9999.000,9999.000,9999.000,9999.000
202607021830,  -0.384,9999.000,9999.000,9999.000,9999.000,9999.000,9999.000,9999.000,9999.000
202607021836,  -0.239,9999.000,9999.000,9999.000,9999.000,9999.000,9999.000,9999.000,9999.000
202607021842,  -0.085,9999.000,9999.000,9999.000,9999.000,9999.000,9999.000,9999.000,9999.000
202607021848,   0.078,9999.000,9999.000,9999.000,9999.000,9999.000,9999.000,9999.000,9999.000
202607021854,   0.250,9999.000,9999.000,9999.000,9999.000,9999.000,9999.000,9999.000,9999.000
202607021900,   0.431,9999.000,  -0.200,   0.245,   0.476,  -0.300,   0.376,  -0.100,   0.576
202607021906,   0.620,9999.000,9999.000,9999.000,9999.000,9999.000,9999.000,9999.000,9999.000
202607021912,   0.815,9999.000,9999.000,9999.000,9999.000,9999.000,9999.000,9999.000,9999.000
202607021918,   1.018,9999.000,9999.000,9999.000,9999.000,9999.000,9999.000,9999.000,9999.000
202607021924,   1.227,9999.000,9999.000,9999.000,9999.000,9999.000,9999.000,9999.000,9999.000
202607021930,   1.442,9999.000,9999.000,9999.000,9999.000,9999.000,9999.000,9999.000,9999.000
202607021936,   1.662,9999.000,9999.000,9999.000,9999.000,9999.000,9999.000,9999.000,9999.000
202607021942,   1.887,9999.000,9999.000,9999.000,9999.000,9999.000,9999.000,9999.000,9999.000
202607021948,   2.116,9999.000,9999.000,9999.000,9999.000,9999.000,9999.000,9999.000,9999.000
202607021954,   2.349,9999.000,9999.000,9999.000,9999.000,9999.000,9999.000,9999.000,9999.000
202607022000,   2.585,9999.000,  -0.200,   0.245,   2.630,  -0.200,   2.630,  -0.100,   2.730
202607022006,   2.823,9999.000,9999.000,9999.000,9999.000,9999.000,9999.000,9999.000,9999.000
202607022012,   3.064,9999.000,9999.000,9999.000,9999.000,9999.000,9999.000,9999.000,9999.000
202607022018,   3.305,9999.000,9999.000,9999.000,9999.000,9999.000,9999.000,9999.000,9999.000
202607022024,   3.548,9999.000,9999.000,9999.000,9999.000,9999.000,9999.000,9999.000,9999.000
202607022030,   3.791,9999.000,9999.000,9999.000,9999.000,9999.000,9999.000,9999.000,9999.000
202607022036,   4.034,9999.000,9999.000,9999.000,9999.000,9999.000,9999.000,9999.000,9999.000
202607022042,   4.276,9999.000,9999.000,9999.000,9999.000,9999.000,9999.000,9999.000,9999.000
202607022048,   4.517,9999.000,9999.000,9999.000,9999.000,9999.000,9999.000,9999.000,9999.000
202607022054,   4.756,9999.000,9999.000,9999.000,9999.000,9999.000,9999.000,9999.000,9999.000
202607022100,   4.993,9999.000,  -0.100,   0.245,   5.138,  -0.200,   5.038,  -0.100,   5.138
202607022106,   5.227,9999.000,9999.000,9999.000,9999.000,9999.000,9999.000,9999.000,9999.000
202607022112,   5.458,9999.000,9999.000,9999.000,9999.000,9999.000,9999.000,9999.000,9999.000
202607022118,   5.685,9999.000,9999.000,9999.000,9999.000,9999.000,9999.000,9999.000,9999.000
202607022124,   5.908,9999.000,9999.000,9999.000,9999.000,9999.000,9999.000,9999.000,9999.000
202607022130,   6.126,9999.000,9999.000,9999.000,9999.000,9999.000,9999.000,9999.000,9999.000
202607022136,   6.339,9999.000,9999.000,9999.000,9999.000,9999.000,9999.000,9999.000,9999.000
202607022142,   6.547,9999.000,9999.000,9999.000,9999.000,9999.000,9999.000,9999.000,9999.000
202607022148,   6.748,9999.000,9999.000,9999.000,9999.000,9999.000,9999.000,9999.000,9999.000
202607022154,   6.943,9999.000,9999.000,9999.000,9999.000,9999.000,9999.000,9999.000,9999.000
202607022200,   7.131,9999.000,  -0.100,   0.245,   7.276,  -0.200,   7.176,   0.000,   7.376
202607022206,   7.312,9999.000,9999.000,9999.000,9999.000,9999.000,9999.000,9999.000,9999.000
202607022212,   7.485,9999.000,9999.000,9999.000,9999.000,9999.000,9999.000,9999.000,9999.000
202607022218,   7.650,9999.000,9999.000,9999.000,9999.000,9999.000,9999.000,9999.000,9999.000
202607022224,   7.807,9999.000,9999.000,9999.000,9999.000,9999.000,9999.000,9999.000,9999.000
202607022230,   7.955,9999.000,9999.000,9999.000,9999.000,9999.000,9999.000,9999.000,9999.000
202607022236,   8.095,9999.000,9999.000,9999.000,9999.000,9999.000,9999.000,9999.000,9999.000
202607022242,   8.225,9999.000,9999.000,9999.000,9999.000,9999.000,9999.000,9999.000,9999.000
202607022248,   8.346,9999.000,9999.000,9999.000,9999.000,9999.000,9999.000,9999.000,9999.000
202607022254,   8.457,9999.000,9999.000,9999.000,9999.000,9999.000,9999.000,9999.000,9999.000
202607022300,   8.558,9999.000,  -0.100,   0.245,   8.703,  -0.100,   8.703,   0.000,   8.803
202607022306,   8.649,9999.000,9999.000,9999.000,9999.000,9999.000,9999.000,9999.000,9999.000
202607022312,   8.730,9999.000,9999.000,9999.000,9999.000,9999.000,9999.000,9999.000,9999.000
202607022318,   8.801,9999.000,9999.000,9999.000,9999.000,9999.000,9999.000,9999.000,9999.000
202607022324,   8.861,9999.000,9999.000,9999.000,9999.000,9999.000,9999.000,9999.000,9999.000
202607022330,   8.910,9999.000,9999.000,9999.000,9999.000,9999.000,9999.000,9999.000,9999.000
202607022336,   8.949,9999.000,9999.000,9999.000,9999.000,9999.000,9999.000,9999.000,9999.000
202607022342,   8.978,9999.000,9999.000,9999.000,9999.000,9999.000,9999.000,9999.000,9999.000
202607022348,   8.995,9999.000,9999.000,9999.000,9999.000,9999.000,9999.000,9999.000,9999.000
202607022354,   9.003,9999.000,9999.000,9999.000,9999.000,9999.000,9999.000,9999.000,9999.000
202607030000,   8.999,9999.000,   0.000,   0.245,   9.244,  -0.100,   9.144,   0.000,   9.244
202607030006,   8.986,9999.000,9999.000,9999.000,9999.000,9999.000,9999.000,9999.000,9999.000
202607030012,   8.962,9999.000,9999.000,9999.000,9999.000,9999.000,9999.000,9999.000,9999.000
202607030018,   8.928,9999.000,9999.000,9999.000,9999.000,9999.000,9999.000,9999.000,9999.000
202607030024,   8.885,9999.000,9999.000,9999.000,9999.000,9999.000,9999.000,9999.000,9999.000
202607030030,   8.831,9999.000,9999.000,9999.000,9999.000,9999.000,9999.000,9999.000,9999.000
202607030036,   8.769,9999.000,9999.000,9999.000,9999.000,9999.000,9999.000,9999.000,9999.000
202607030042,   8.697,9999.000,9999.000,9999.000,9999.000,9999.000,9999.000,9999.000,9999.000
202607030048,   8.616,9999.000,9999.000,9999.000,9999.000,9999.000,9999.000,9999.000,9999.000
202607030054,   8.528,9999.000,9999.000,9999.000,9999.000,9999.000,9999.000,9999.000,9999.000
202607030100,   8.431,9999.000,   0.000,   0.245,   8.676,  -0.100,   8.576,   0.000,   8.676
202607030106,   8.326,9999.000,9999.000,9999.000,9999.000,9999.000,9999.000,9999.000,9999.000
202607030112,   8.214,9999.000,9999.000,9999.000,9999.000,9999.000,9999.000,9999.000,9999.000
202607030118,   8.095,9999.000,9999.000,9999.000,9999.000,9999.000,9999.000,9999.000,9999.000
202607030124,   7.970,9999.000,9999.000,9999.000,9999.000,9999.000,9999.000,9999.000,9999.000
202607030130,   7.839,9999.000,9999.000,9999.000,9999.000,9999.000,9999.000,9999.000,9999.000
202607030136,   7.702,9999.000,9999.000,9999.000,9999.000,9999.000,9999.000,9999.000,9999.000
202607030142,   7.561,9999.000,9999.000,9999.000,9999.000,9999.000,9999.000,9999.000,9999.000
202607030148,   7.414,9999.000,9999.000,9999.000,9999.000,9999.000,9999.000,9999.000,9999.000
202607030154,   7.264,9999.000,9999.000,9999.000,9999.000,9999.000,9999.000,9999.000,9999.000
202607030200,   7.111,9999.000,   0.000,   0.245,   7.356,  -0.100,   7.256,   0.000,   7.356
202607030206,   6.954,9999.000,9999.000,9999.000,9999.000,9999.000,9999.000,9999.000,9999.000
202607030212,   6.796,9999.000,9999.000,9999.000,9999.000,9999.000,9999.000,9999.000,9999.000
202607030218,   6.635,9999.000,9999.000,9999.000,9999.000,9999.000,9999.000,9999.000,9999.000
202607030224,   6.473,9999.000,9999.000,9999.000,9999.000,9999.000,9999.000,9999.000,9999.000
202607030230,   6.310,9999.000,9999.000,9999.000,9999.000,9999.000,9999.000,9999.000,9999.000
202607030236,   6.147,9999.000,9999.000,9999.000,9999.000,9999.000,9999.000,9999.000,9999.000
202607030242,   5.984,9999.000,9999.000,9999.000,9999.000,9999.000,9999.000,9999.000,9999.000
202607030248,   5.822,9999.000,9999.000,9999.000,9999.000,9999.000,9999.000,9999.000,9999.000
202607030254,   5.661,9999.000,9999.000,9999.000,9999.000,9999.000,9999.000,9999.000,9999.000
202607030300,   5.503,9999.000,   0.000,   0.245,   5.748,  -0.100,   5.648,   0.000,   5.748
202607030306,   5.346,9999.000,9999.000,9999.000,9999.000,9999.000,9999.000,9999.000,9999.000
202607030312,   5.192,9999.000,9999.000,9999.000,9999.000,9999.000,9999.000,9999.000,9999.000
202607030318,   5.042,9999.000,9999.000,9999.000,9999.000,9999.000,9999.000,9999.000,9999.000
202607030324,   4.895,9999.000,9999.000,9999.000,9999.000,9999.000,9999.000,9999.000,9999.000
202607030330,   4.753,9999.000,9999.000,9999.000,9999.000,9999.000,9999.000,9999.000,9999.000
202607030336,   4.615,9999.000,9999.000,9999.000,9999.000,9999.000,9999.000,9999.000,9999.000
202607030342,   4.483,9999.000,9999.000,9999.000,9999.000,9999.000,9999.000,9999.000,9999.000
202607030348,   4.356,9999.000,9999.000,9999.000,9999.000,9999.000,9999.000,9999.000,9999.000
202607030354,   4.235,9999.000,9999.000,9999.000,9999.000,9999.000,9999.000,9999.000,9999.000
202607030400,   4.121,9999.000,   0.000,   0.245,   4.366,  -0.100,   4.266,   0.000,   4.366
202607030406,   4.013,9999.000,9999.000,9999.000,9999.000,9999.000,9999.000,9999.000,9999.000
202607030412,   3.912,9999.000,9999.000,9999.000,9999.000,9999.000,9999.000,9999.000,9999.000
202607030418,   3.819,9999.000,9999.000,9999.000,9999.000,9999.000,9999.000,9999.000,9999.000
202607030424,   3.734,9999.000,9999.000,9999.000,9999.000,9999.000,9999.000,9999.000,9999.000
202607030430,   3.656,9999.000,9999.000,9999.000,9999.000,9999.000,9999.000,9999.000,9999.000
202607030436,   3.587,9999.000,9999.000,9999.000,9999.000,9999.000,9999.000,9999.000,9999.000
202607030442,   3.527,9999.000,9999.000,9999.000,9999.000,9999.000,9999.000,9999.000,9999.000
202607030448,   3.475,9999.000,9999.000,9999.000,9999.000,9999.000,9999.000,9999.000,9999.000
202607030454,   3.433,9999.000,9999.000,9999.000,9999.000,9999.000,9999.000,9999.000,9999.000
202607030500,   3.399,9999.000,   0.000,   0.245,   3.644,  -0.100,   3.544,   0.000,   3.644
202607030506,   3.375,9999.000,9999.000,9999.000,9999.000,9999.000,9999.000,9999.000,9999.000
202607030512,   3.361,9999.000,9999.000,9999.000,9999.000,9999.000,9999.000,9999.000,9999.000
202607030518,   3.356,9999.000,9999.000,9999.000,9999.000,9999.000,9999.000,9999.000,9999.000
202607030524,   3.360,9999.000,9999.000,9999.000,9999.000,9999.000,9999.000,9999.000,9999.000
202607030530,   3.375,9999.000,9999.000,9999.000,9999.000,9999.000,9999.000,9999.000,9999.000
202607030536,   3.399,9999.000,9999.000,9999.000,9999.000,9999.000,9999.000,9999.000,9999.000
202607030542,   3.432,9999.000,9999.000,9999.000,9999.000,9999.000,9999.000,9999.000,9999.000
202607030548,   3.475,9999.000,9999.000,9999.000,9999.000,9999.000,9999.000,9999.000,9999.000
202607030554,   3.528,9999.000,9999.000,9999.000,9999.000,9999.000,9999.000,9999.000,9999.000
202607030600,   3.591,9999.000,   0.000,   0.245,   3.836,  -0.100,   3.736,   0.000,   3.836
202607030606,   3.662,9999.000,9999.000,9999.000,9999.000,9999.000,9999.000,9999.000,9999.000
202607030612,   3.743,9999.000,9999.000,9999.000,9999.000,9999.000,9999.000,9999.000,9999.000
202607030618,   3.832,9999.000,9999.000,9999.000,9999.000,9999.000,9999.000,9999.000,9999.000
202607030624,   3.931,9999.000,9999.000,9999.000,9999.000,9999.000,9999.000,9999.000,9999.000
202607030630,   4.037,9999.000,9999.000,9999.000,9999.000,9999.000,9999.000,9999.000,9999.000
202607030636,   4.152,9999.000,9999.000,9999.000,9999.000,9999.000,9999.000,9999.000,9999.000
202607030642,   4.275,9999.000,9999.000,9999.000,9999.000,9999.000,9999.000,9999.000,9999.000
202607030648,   4.405,9999.000,9999.000,9999.000,9999.000,9999.000,9999.000,9999.000,9999.000
202607030654,   4.542,9999.000,9999.000,9999.000,9999.000,9999.000,9999.000,9999.000,9999.000
202607030700,   4.686,9999.000,   0.000,   0.245,   4.931,  -0.100,   4.831,   0.000,   4.931
202607030706,   4.837,9999.000,9999.000,9999.000,9999.000,9999.000,9999.000,9999.000,9999.000
202607030712,   4.993,9999.000,9999.000,9999.000,9999.000,9999.000,9999.000,9999.000,9999.000
202607030718,   5.155,9999.000,9999.000,9999.000,9999.000,9999.000,9999.000,9999.000,9999.000
202607030724,   5.322,9999.000,9999.000,9999.000,9999.000,9999.000,9999.000,9999.000,9999.000
202607030730,   5.493,9999.000,9999.000,9999.000,9999.000,9999.000,9999.000,9999.000,9999.000
202607030736,   5.669,9999.000,9999.000,9999.000,9999.000,9999.000,9999.000,9999.000,9999.000
202607030742,   5.848,9999.000,9999.000,9999.000,9999.000,9999.000,9999.000,9999.000,9999.000
202607030748,   6.030,9999.000,9999.000,9999.000,9999.000,9999.000,9999.000,9999.000,9999.000
202607030754,   6.215,9999.000,9999.000,9999.000,9999.000,9999.000,9999.000,9999.000,9999.000
202607030800,   6.402,9999.000,   0.000,   0.245,   6.647,  -0.100,   6.547,   0.000,   6.647
202607030806,   6.590,9999.000,9999.000,9999.000,9999.000,9999.000,9999.000,9999.000,9999.000
202607030812,   6.779,9999.000,9999.000,9999.000,9999.000,9999.000,9999.000,9999.000,9999.000
202607030818,   6.969,9999.000,9999.000,9999.000,9999.000,9999.000,9999.000,9999.000,9999.000
202607030824,   7.159,9999.000,9999.000,9999.000,9999.000,9999.000,9999.000,9999.000,9999.000
202607030830,   7.348,9999.000,9999.000,9999.000,9999.000,9999.000,9999.000,9999.000,9999.000
202607030836,   7.535,9999.000,9999.000,9999.000,9999.000,9999.000,9999.000,9999.000,9999.000
202607030842,   7.721,9999.000,9999.000,9999.000,9999.000,9999.000,9999.000,9999.000,9999.000
202607030848,   7.905,9999.000,9999.000,9999.000,9999.000,9999.000,9999.000,9999.000,9999.000
202607030854,   8.086,9999.000,9999.000,9999.000,9999.000,9999.000,9999.000,9999.000,9999.000
202607030900,   8.264,9999.000,   0.000,   0.245,   8.509,  -0.100,   8.409,   0.000,   8.509
202607030906,   8.438,9999.000,9999.000,9999.000,9999.000,9999.000,9999.000,9999.000,9999.000
202607030912,   8.607,9999.000,9999.000,9999.000,9999.000,9999.000,9999.000,9999.000,9999.000
202607030918,   8.772,9999.000,9999.000,9999.000,9999.000,9999.000,9999.000,9999.000,9999.000
202607030924,   8.932,9999.000,9999.000,9999.000,9999.000,9999.000,9999.000,9999.000,9999.000
202607030930,   9.086,9999.000,9999.000,9999.000,9999.000,9999.000,9999.000,9999.000,9999.000
202607030936,   9.234,9999.000,9999.000,9999.000,9999.000,9999.000,9999.000,9999.000,9999.000
202607030942,   9.375,9999.000,9999.000,9999.000,9999.000,9999.000,9999.000,9999.000,9999.000
202607030948,   9.509,9999.000,9999.000,9999.000,9999.000,9999.000,9999.000,9999.000,9999.000
202607030954,   9.636,9999.000,9999.000,9999.000,9999.000,9999.000,9999.000,9999.000,9999.000
202607031000,   9.755,9999.000,   0.000,   0.245,  10.000,   0.000,  10.000,   0.000,  10.000
202607031006,   9.865,9999.000,9999.000,9999.000,9999.000,9999.000,9999.000,9999.000,9999.000
202607031012,   9.967,9999.000,9999.000,9999.000,9999.000,9999.000,9999.000,9999.000,9999.000
202607031018,  10.060,9999.000,9999.000,9999.000,9999.000,9999.000,9999.000,9999.000,9999.000
202607031024,  10.144,9999.000,9999.000,9999.000,9999.000,9999.000,9999.000,9999.000,9999.000
202607031030,  10.217,9999.000,9999.000,9999.000,9999.000,9999.000,9999.000,9999.000,9999.000
202607031036,  10.281,9999.000,9999.000,9999.000,9999.000,9999.000,9999.000,9999.000,9999.000
202607031042,  10.335,9999.000,9999.000,9999.000,9999.000,9999.000,9999.000,9999.000,9999.000
202607031048,  10.378,9999.000,9999.000,9999.000,9999.000,9999.000,9999.000,9999.000,9999.000
202607031054,  10.411,9999.000,9999.000,9999.000,9999.000,9999.000,9999.000,9999.000,9999.000
202607031100,  10.432,9999.000,   0.000,   0.245,  10.677,   0.000,  10.677,   0.000,  10.677
202607031106,  10.443,9999.000,9999.000,9999.000,9999.000,9999.000,9999.000,9999.000,9999.000
202607031112,  10.442,9999.000,9999.000,9999.000,9999.000,9999.000,9999.000,9999.000,9999.000
202607031118,  10.430,9999.000,9999.000,9999.000,9999.000,9999.000,9999.000,9999.000,9999.000
202607031124,  10.406,9999.000,9999.000,9999.000,9999.000,9999.000,9999.000,9999.000,9999.000
202607031130,  10.370,9999.000,9999.000,9999.000,9999.000,9999.000,9999.000,9999.000,9999.000
202607031136,  10.323,9999.000,9999.000,9999.000,9999.000,9999.000,9999.000,9999.000,9999.000
202607031142,  10.264,9999.000,9999.000,9999.000,9999.000,9999.000,9999.000,9999.000,9999.000
202607031148,  10.194,9999.000,9999.000,9999.000,9999.000,9999.000,9999.000,9999.000,9999.000
202607031154,  10.112,9999.000,9999.000,9999.000,9999.000,9999.000,9999.000,9999.000,9999.000
202607031200,  10.018,9999.000,   0.000,   0.245,  10.263,   0.000,  10.263,   0.000,  10.263
202607031206,   9.913,9999.000,9999.000,9999.000,9999.000,9999.000,9999.000,9999.000,9999.000
202607031212,   9.796,9999.000,9999.000,9999.000,9999.000,9999.000,9999.000,9999.000,9999.000
202607031218,   9.668,9999.000,9999.000,9999.000,9999.000,9999.000,9999.000,9999.000,9999.000
202607031224,   9.530,9999.000,9999.000,9999.000,9999.000,9999.000,9999.000,9999.000,9999.000
202607031230,   9.380,9999.000,9999.000,9999.000,9999.000,9999.000,9999.000,9999.000,9999.000
202607031236,   9.220,9999.000,9999.000,9999.000,9999.000,9999.000,9999.000,9999.000,9999.000
202607031242,   9.050,9999.000,9999.000,9999.000,9999.000,9999.000,9999.000,9999.000,9999.000
202607031248,   8.871,9999.000,9999.000,9999.000,9999.000,9999.000,9999.000,9999.000,9999.000
202607031254,   8.681,9999.000,9999.000,9999.000,9999.000,9999.000,9999.000,9999.000,9999.000
202607031300,   8.483,9999.000,   0.000,   0.245,   8.728,   0.000,   8.728,   0.000,   8.728
202607031306,   8.276,9999.000,9999.000,9999.000,9999.000,9999.000,9999.000,9999.000,9999.000
202607031312,   8.061,9999.000,9999.000,9999.000,9999.000,9999.000,9999.000,9999.000,9999.000
202607031318,   7.838,9999.000,9999.000,9999.000,9999.000,9999.000,9999.000,9999.000,9999.000
202607031324,   7.607,9999.000,9999.000,9999.000,9999.000,9999.000,9999.000,9999.000,9999.000
202607031330,   7.371,9999.000,9999.000,9999.000,9999.000,9999.000,9999.000,9999.000,9999.000
202607031336,   7.127,9999.000,9999.000,9999.000,9999.000,9999.000,9999.000,9999.000,9999.000
202607031342,   6.879,9999.000,9999.000,9999.000,9999.000,9999.000,9999.000,9999.000,9999.000
202607031348,   6.625,9999.000,9999.000,9999.000,9999.000,9999.000,9999.000,9999.000,9999.000
202607031354,   6.366,9999.000,9999.000,9999.000,9999.000,9999.000,9999.000,9999.000,9999.000
202607031400,   6.104,9999.000,   0.000,   0.245,   6.349,   0.000,   6.349,   0.000,   6.349
202607031406,   5.839,9999.000,9999.000,9999.000,9999.000,9999.000,9999.000,9999.000,9999.000
202607031412,   5.571,9999.000,9999.000,9999.000,9999.000,9999.000,9999.000,9999.000,9999.000
202607031418,   5.301,9999.000,9999.000,9999.000,9999.000,9999.000,9999.000,9999.000,9999.000
202607031424,   5.029,9999.000,9999.000,9999.000,9999.000,9999.000,9999.000,9999.000,9999.000
202607031430,   4.757,9999.000,9999.000,9999.000,9999.000,9999.000,9999.000,9999.000,9999.000
202607031436,   4.484,9999.000,9999.000,9999.000,9999.000,9999.000,9999.000,9999.000,9999.000
202607031442,   4.212,9999.000,9999.000,9999.000,9999.000,9999.000,9999.000,9999.000,9999.000
202607031448,   3.941,9999.000,9999.000,9999.000,9999.000,9999.000,9999.000,9999.000,9999.000
202607031454,   3.672,9999.000,9999.000,9999.000,9999.000,9999.000,9999.000,9999.000,9999.000
202607031500,   3.405,9999.000,   0.000,   0.245,   3.650,   0.000,   3.650,   0.000,   3.650
202607031506,   3.142,9999.000,9999.000,9999.000,9999.000,9999.000,9999.000,9999.000,9999.000
202607031512,   2.881,9999.000,9999.000,9999.000,9999.000,9999.000,9999.000,9999.000,9999.000
202607031518,   2.625,9999.000,9999.000,9999.000,9999.000,9999.000,9999.000,9999.000,9999.000
202607031524,   2.374,9999.000,9999.000,9999.000,9999.000,9999.000,9999.000,9999.000,9999.000
202607031530,   2.128,9999.000,9999.000,9999.000,9999.000,9999.000,9999.000,9999.000,9999.000
202607031536,   1.888,9999.000,9999.000,9999.000,9999.000,9999.000,9999.000,9999.000,9999.000
202607031542,   1.654,9999.000,9999.000,9999.000,9999.000,9999.000,9999.000,9999.000,9999.000
202607031548,   1.427,9999.000,9999.000,9999.000,9999.000,9999.000,9999.000,9999.000,9999.000
202607031554,   1.208,9999.000,9999.000,9999.000,9999.000,9999.000,9999.000,9999.000,9999.000
202607031600,   0.996,9999.000,   0.000,   0.245,   1.241,   0.000,   1.241,   0.000,   1.241
202607031606,   0.793,9999.000,9999.000,9999.000,9999.000,9999.000,9999.000,9999.000,9999.000
202607031612,   0.598,9999.000,9999.000,9999.000,9999.000,9999.000,9999.000,9999.000,9999.000
202607031618,   0.413,9999.000,9999.000,9999.000,9999.000,9999.000,9999.000,9999.000,9999.000
202607031624,   0.237,9999.000,9999.000,9999.000,9999.000,9999.000,9999.000,9999.000,9999.000
202607031630,   0.071,9999.000,9999.000,9999.000,9999.000,9999.000,9999.000,9999.000,9999.000
202607031636,  -0.083,9999.000,9999.000,9999.000,9999.000,9999.000,9999.000,9999.000,9999.000
202607031642,  -0.228,9999.000,9999.000,9999.000,9999.000,9999.000,9999.000,9999.000,9999.000
202607031648,  -0.361,9999.000,9999.000,9999.000,9999.000,9999.000,9999.000,9999.000,9999.000
202607031654,  -0.484,9999.000,9999.000,9999.000,9999.000,9999.000,9999.000,9999.000,9999.000
202607031700,  -0.595,9999.000,   0.000,   0.245,  -0.350,   0.000,  -0.350,   0.000,  -0.350
202607031706,  -0.694,9999.000,9999.000,9999.000,9999.000,9999.000,9999.000,9999.000,9999.000
202607031712,  -0.781,9999.000,9999.000,9999.000,9999.000,9999.000,9999.000,9999.000,9999.000
202607031718,  -0.856,9999.000,9999.000,9999.000,9999.000,9999.000,9999.000,9999.000,9999.000
202607031724,  -0.919,9999.000,9999.000,9999.000,9999.000,9999.000,9999.000,9999.000,9999.000
202607031730,  -0.970,9999.000,9999.000,9999.000,9999.000,9999.000,9999.000,9999.000,9999.000
202607031736,  -1.008,9999.000,9999.000,9999.000,9999.000,9999.000,9999.000,9999.000,9999.000
202607031742,  -1.033,9999.000,9999.000,9999.000,9999.000,9999.000,9999.000,9999.000,9999.000
202607031748,  -1.046,9999.000,9999.000,9999.000,9999.000,9999.000,9999.000,9999.000,9999.000
202607031754,  -1.046,9999.000,9999.000,9999.000,9999.000,9999.000,9999.000,9999.000,9999.000
202607031800,  -1.034,9999.000,   0.000,   0.245,  -0.789,   0.000,  -0.789,   0.000,  -0.789
202607031806,  -1.010,9999.000,9999.000,9999.000,9999.000,9999.000,9999.000,9999.000,9999.000
202607031812,  -0.973,9999.000,9999.000,9999.000,9999.000,9999.000,9999.000,9999.000,9999.000
202607031818,  -0.924,9999.000,9999.000,9999.000,9999.000,9999.000,9999.000,9999.000,9999.000
202607031824,  -0.863,9999.000,9999.000,9999.000,9999.000,9999.000,9999.000,9999.000,9999.000
202607031830,  -0.790,9999.000,9999.000,9999.000,9999.000,9999.000,9999.000,9999.000,9999.000
202607031836,  -0.705,9999.000,9999.000,9999.000,9999.000,9999.000,9999.000,9999.000,9999.000
202607031842,  -0.609,9999.000,9999.000,9999.000,9999.000,9999.000,9999.000,9999.000,9999.000
202607031848,  -0.502,9999.000,9999.000,9999.000,9999.000,9999.000,9999.000,9999.000,9999.000
202607031854,  -0.383,9999.000,9999.000,9999.000,9999.000,9999.000,9999.000,9999.000,9999.000
202607031900,  -0.255,9999.000,   0.000,   0.245,  -0.010,  -0.100,  -0.110,   0.000,  -0.010
202607031906,  -0.116,9999.000,9999.000,9999.000,9999.000,9999.000,9999.000,9999.000,9999.000
202607031912,   0.031,9999.000,9999.000,9999.000,9999.000,9999.000,9999.000,9999.000,9999.000
202607031918,   0.189,9999.000,9999.000,9999.000,9999.000,9999.000,9999.000,9999.000,9999.000
202607031924,   0.356,9999.000,9999.000,9999.000,9999.000,9999.000,9999.000,9999.000,9999.000
202607031930,   0.531,9999.000,9999.000,9999.000,9999.000,9999.000,9999.000,9999.000,9999.000
202607031936,   0.714,9999.000,9999.000,9999.000,9999.000,9999.000,9999.000,9999.000,9999.000
202607031942,   0.905,9999.000,9999.000,9999.000,9999.000,9999.000,9999.000,9999.000,9999.000
202607031948,   1.103,9999.000,9999.000,9999.000,9999.000,9999.000,9999.000,9999.000,9999.000
202607031954,   1.307,9999.000,9999.000,9999.000,9999.000,9999.000,9999.000,9999.000,9999.000
202607032000,   1.518,9999.000,   0.000,   0.245,   1.763,  -0.100,   1.663,   0.000,   1.763
202607032006,   1.734,9999.000,9999.000,9999.000,9999.000,9999.000,9999.000,9999.000,9999.000
202607032012,   1.955,9999.000,9999.000,9999.000,9999.000,9999.000,9999.000,9999.000,9999.000
202607032018,   2.180,9999.000,9999.000,9999.000,9999.000,9999.000,9999.000,9999.000,9999.000
202607032024,   2.409,9999.000,9999.000,9999.000,9999.000,9999.000,9999.000,9999.000,9999.000
202607032030,   2.642,9999.000,9999.000,9999.000,9999.000,9999.000,9999.000,9999.000,9999.000
202607032036,   2.877,9999.000,9999.000,9999.000,9999.000,9999.000,9999.000,9999.000,9999.000
202607032042,   3.115,9999.000,9999.000,9999.000,9999.000,9999.000,9999.000,9999.000,9999.000
202607032048,   3.354,9999.000,9999.000,9999.000,9999.000,9999.000,9999.000,9999.000,9999.000
202607032054,   3.594,9999.000,9999.000,9999.000,9999.000,9999.000,9999.000,9999.000,9999.000
202607032100,   3.835,9999.000,   0.000,   0.245,   4.080,  -0.100,   3.980,   0.000,   4.080
202607032106,   4.076,9999.000,9999.000,9999.000,9999.000,9999.000,9999.000,9999.000,9999.000
202607032112,   4.316,9999.000,9999.000,9999.000,9999.000,9999.000,9999.000,9999.000,9999.000
202607032118,   4.556,9999.000,9999.000,9999.000,9999.000,9999.000,9999.000,9999.000,9999.000
202607032124,   4.793,9999.000,9999.000,9999.000,9999.000,9999.000,9999.000,9999.000,9999.000
202607032130,   5.029,9999.000,9999.000,9999.000,9999.000,9999.000,9999.000,9999.000,9999.000
202607032136,   5.262,9999.000,9999.000,9999.000,9999.000,9999.000,9999.000,9999.000,9999.000
202607032142,   5.492,9999.000,9999.000,9999.000,9999.000,9999.000,9999.000,9999.000,9999.000
202607032148,   5.718,9999.000,9999.000,9999.000,9999.000,9999.000,9999.000,9999.000,9999.000
202607032154,   5.941,9999.000,9999.000,9999.000,9999.000,9999.000,9999.000,9999.000,9999.000
202607032200,   6.159,9999.000,   0.000,   0.245,   6.404,  -0.100,   6.304,   0.000,   6.404
202607032206,   6.371,9999.000,9999.000,9999.000,9999.000,9999.000,9999.000,9999.000,9999.000
202607032212,   6.579,9999.000,9999.000,9999.000,9999.000,9999.000,9999.000,9999.000,9999.000
202607032218,   6.781,9999.000,9999.000,9999.000,9999.000,9999.000,9999.000,9999.000,9999.000
202607032224,   6.976,9999.000,9999.000,9999.000,9999.000,9999.000,9999.000,9999.000,9999.000
202607032230,   7.165,9999.000,9999.000,9999.000,9999.000,9999.000,9999.000,9999.000,9999.000
202607032236,   7.346,9999.000,9999.000,9999.000,9999.000,9999.000,9999.000,9999.000,9999.000
202607032242,   7.521,9999.000,9999.000,9999.000,9999.000,9999.000,9999.000,9999.000,9999.000
202607032248,   7.687,9999.000,9999.000,9999.000,9999.000,9999.000,9999.000,9999.000,9999.000
202607032254,   7.846,9999.000,9999.000,9999.000,9999.000,9999.000,9999.000,9999.000,9999.000
202607032300,   7.996,9999.000,   0.000,   0.245,   8.241,  -0.100,   8.141,   0.000,   8.241
202607032306,   8.138,9999.000,9999.000,9999.000,9999.000,9999.000,9999.000,9999.000,9999.000
202607032312,   8.270,9999.000,9999.000,9999.000,9999.000,9999.000,9999.000,9999.000,9999.000
202607032318,   8.393,9999.000,9999.000,9999.000,9999.000,9999.000,9999.000,9999.000,9999.000
202607032324,   8.507,9999.000,9999.000,9999.000,9999.000,9999.000,9999.000,9999.000,9999.000
202607032330,   8.611,9999.000,9999.000,9999.000,9999.000,9999.000,9999.000,9999.000,9999.000
202607032336,   8.705,9999.000,9999.000,9999.000,9999.000,9999.000,9999.000,9999.000,9999.000
202607032342,   8.790,9999.000,9999.000,9999.000,9999.000,9999.000,9999.000,9999.000,9999.000
202607032348,   8.864,9999.000,9999.000,9999.000,9999.000,9999.000,9999.000,9999.000,9999.000
202607032354,   8.927,9999.000,9999.000,9999.000,9999.000,9999.000,9999.000,9999.000,9999.000
202607040000,   8.980,9999.000,   0.000,   0.245,   9.225,  -0.100,   9.125,   0.000,   9.225
202607040006,   9.023,9999.000,9999.000,9999.000,9999.000,9999.000,9999.000,9999.000,9999.000
202607040012,   9.056,9999.000,9999.000,9999.000,9999.000,9999.000,9999.000,9999.000,9999.000
202607040018,   9.077,9999.000,9999.000,9999.000,9999.000,9999.000,9999.000,9999.000,9999.000
202607040024,   9.089,9999.000,9999.000,9999.000,9999.000,9999.000,9999.000,9999.000,9999.000
202607040030,   9.089,9999.000,9999.000,9999.000,9999.000,9999.000,9999.000,9999.000,9999.000
202607040036,   9.080,9999.000,9999.000,9999.000,9999.000,9999.000,9999.000,9999.000,9999.000
202607040042,   9.060,9999.000,9999.000,9999.000,9999.000,9999.000,9999.000,9999.000,9999.000
202607040048,   9.030,9999.000,9999.000,9999.000,9999.000,9999.000,9999.000,9999.000,9999.000
202607040054,   8.990,9999.000,9999.000,9999.000,9999.000,9999.000,9999.000,9999.000,9999.000
202607040100,   8.940,9999.000,   0.000,   0.245,   9.185,  -0.100,   9.085,   0.000,   9.185
202607040106,   8.881,9999.000,9999.000,9999.000,9999.000,9999.000,9999.000,9999.000,9999.000
202607040112,   8.812,9999.000,9999.000,9999.000,9999.000,9999.000,9999.000,9999.000,9999.000
202607040118,   8.735,9999.000,9999.000,9999.000,9999.000,9999.000,9999.000,9999.000,9999.000
202607040124,   8.649,9999.000,9999.000,9999.000,9999.000,9999.000,9999.000,9999.000,9999.000
202607040130,   8.554,9999.000,9999.000,9999.000,9999.000,9999.000,9999.000,9999.000,9999.000
202607040136,   8.451,9999.000,9999.000,9999.000,9999.000,9999.000,9999.000,9999.000,9999.000
202607040142,   8.341,9999.000,9999.000,9999.000,9999.000,9999.000,9999.000,9999.000,9999.000
202607040148,   8.223,9999.000,9999.000,9999.000,9999.000,9999.000,9999.000,9999.000,9999.000
202607040154,   8.099,9999.000,9999.000,9999.000,9999.000,9999.000,9999.000,9999.000,9999.000
202607040200,   7.969,9999.000,   0.000,   0.245,   8.214,  -0.100,   8.114,   0.000,   8.214
202607040206,   7.832,9999.000,9999.000,9999.000,9999.000,9999.000,9999.000,9999.000,9999.000
202607040212,   7.690,9999.000,9999.000,9999.000,9999.000,9999.000,9999.000,9999.000,9999.000
202607040218,   7.543,9999.000,9999.000,9999.000,9999.000,9999.000,9999.000,9999.000,9999.000
202607040224,   7.392,9999.000,9999.000,9999.000,9999.000,9999.000,9999.000,9999.000,9999.000
202607040230,   7.237,9999.000,9999.000,9999.000,9999.000,9999.000,9999.000,9999.000,9999.000
202607040236,   7.078,9999.000,9999.000,9999.000,9999.000,9999.000,9999.000,9999.000,9999.000
202607040242,   6.916,9999.000,9999.000,9999.000,9999.000,9999.000,9999.000,9999.000,9999.000
202607040248,   6.753,9999.000,9999.000,9999.000,9999.000,9999.000,9999.000,9999.000,9999.000
202607040254,   6.587,9999.000,9999.000,9999.000,9999.000,9999.000,9999.000,9999.000,9999.000
202607040300,   6.420,9999.000,   0.000,   0.245,   6.665,  -0.100,   6.565,   0.000,   6.665
202607040306,   6.252,9999.000,9999.000,9999.000,9999.000,9999.000,9999.000,9999.000,9999.000
202607040312,   6.085,9999.000,9999.000,9999.000,9999.000,9999.000,9999.000,9999.000,9999.000
202607040318,   5.917,9999.000,9999.000,9999.000,9999.000,9999.000,9999.000,9999.000,9999.000
202607040324,   5.751,9999.000,9999.000,9999.000,9999.000,9999.000,9999.000,9999.000,9999.000
202607040330,   5.585,9999.000,9999.000,9999.000,9999.000,9999.000,9999.000,9999.000,9999.000
202607040336,   5.422,9999.000,9999.000,9999.000,9999.000,9999.000,9999.000,9999.000,9999.000
202607040342,   5.261,9999.000,9999.000,9999.000,9999.000,9999.000,9999.000,9999.000,9999.000
202607040348,   5.103,9999.000,9999.000,9999.000,9999.000,9999.000,9999.000,9999.000,9999.000
202607040354,   4.948,9999.000,9999.000,9999.000,9999.000,9999.000,9999.000,9999.000,9999.000
202607040400,   4.797,9999.000,   0.000,   0.245,   5.042,  -0.100,   4.942,   0.000,   5.042
202607040406,   4.651,9999.000,9999.000,9999.000,9999.000,9999.000,9999.000,9999.000,9999.000
202607040412,   4.509,9999.000,9999.000,9999.000,9999.000,9999.000,9999.000,9999.000,9999.000
202607040418,   4.372,9999.000,9999.000,9999.000,9999.000,9999.000,9999.000,9999.000,9999.000
202607040424,   4.241,9999.000,9999.000,9999.000,9999.000,9999.000,9999.000,9999.000,9999.000
202607040430,   4.116,9999.000,9999.000,9999.000,9999.000,9999.000,9999.000,9999.000,9999.000
202607040436,   3.997,9999.000,9999.000,9999.000,9999.000,9999.000,9999.000,9999.000,9999.000
202607040442,   3.885,9999.000,9999.000,9999.000,9999.000,9999.000,9999.000,9999.000,9999.000
202607040448,   3.780,9999.000,9999.000,9999.000,9999.000,9999.000,9999.000,9999.000,9999.000
202607040454,   3.682,9999.000,9999.000,9999.000,9999.000,9999.000,9999.000,9999.000,9999.000
202607040500,   3.592,9999.000,  -0.100,   0.245,   3.737,  -0.200,   3.637,   0.000,   3.837
202607040506,   3.510,9999.000,9999.000,9999.000,9999.000,9999.000,9999.000,9999.000,9999.000
202607040512,   3.437,9999.000,9999.000,9999.000,9999.000,9999.000,9999.000,9999.000,9999.000
202607040518,   3.371,9999.000,9999.000,9999.000,9999.000,9999.000,9999.000,9999.000,9999.000
202607040524,   3.314,9999.000,9999.000,9999.000,9999.000,9999.000,9999.000,9999.000,9999.000
202607040530,   3.267,9999.000,9999.000,9999.000,9999.000,9999.000,9999.000,9999.000,9999.000
202607040536,   3.228,9999.000,9999.000,9999.000,9999.000,9999.000,9999.000,9999.000,9999.000
202607040542,   3.198,9999.000,9999.000,9999.000,9999.000,9999.000,9999.000,9999.000,9999.000
202607040548,   3.178,9999.000,9999.000,9999.000,9999.000,9999.000,9999.000,9999.000,9999.000
202607040554,   3.167,9999.000,9999.000,9999.000,9999.000,9999.000,9999.000,9999.000,9999.000
202607040600,   3.165,9999.000,  -0.100,   0.245,   3.310,  -0.200,   3.210,   0.000,   3.410
202607040606,   3.173,9999.000,9999.000,9999.000,9999.000,9999.000,9999.000,9999.000,9999.000
202607040612,   3.190,9999.000,9999.000,9999.000,9999.000,9999.000,9999.000,9999.000,9999.000
202607040618,   3.217,9999.000,9999.000,9999.000,9999.000,9999.000,9999.000,9999.000,9999.000
202607040624,   3.253,9999.000,9999.000,9999.000,9999.000,9999.000,9999.000,9999.000,9999.000
202607040630,   3.299,9999.000,9999.000,9999.000,9999.000,9999.000,9999.000,9999.000,9999.000
202607040636,   3.354,9999.000,9999.000,9999.000,9999.000,9999.000,9999.000,9999.000,9999.000
202607040642,   3.418,9999.000,9999.000,9999.000,9999.000,9999.000,9999.000,9999.000,9999.000
202607040648,   3.491,9999.000,9999.000,9999.000,9999.000,9999.000,9999.000,9999.000,9999.000
202607040654,   3.573,9999.000,9999.000,9999.000,9999.000,9999.000,9999.000,9999.000,9999.000
202607040700,   3.663,9999.000,  -0.100,   0.245,   3.808,  -0.200,   3.708,   0.000,   3.908
202607040706,   3.761,9999.000,9999.000,9999.000,9999.000,9999.000,9999.000,9999.000,9999.000
202607040712,   3.868,9999.000,9999.000,9999.000,9999.000,9999.000,9999.000,9999.000,9999.000
202607040718,   3.983,9999.000,9999.000,9999.000,9999.000,9999.000,9999.000,9999.000,9999.000
202607040724,   4.104,9999.000,9999.000,9999.000,9999.000,9999.000,9999.000,9999.000,9999.000
202607040730,   4.233,9999.000,9999.000,9999.000,9999.000,9999.000,9999.000,9999.000,9999.000
202607040736,   4.369,9999.000,9999.000,9999.000,9999.000,9999.000,9999.000,9999.000,9999.000
202607040742,   4.511,9999.000,9999.000,9999.000,9999.000,9999.000,9999.000,9999.000,9999.000
202607040748,   4.659,9999.000,9999.000,9999.000,9999.000,9999.000,9999.000,9999.000,9999.000
202607040754,   4.813,9999.000,9999.000,9999.000,9999.000,9999.000,9999.000,9999.000,9999.000
202607040800,   4.971,9999.000,  -0.100,   0.245,   5.116,  -0.200,   5.016,   0.000,   5.216
202607040806,   5.134,9999.000,9999.000,9999.000,9999.000,9999.000,9999.000,9999.000,9999.000
202607040812,   5.302,9999.000,9999.000,9999.000,9999.000,9999.000,9999.000,9999.000,9999.000
202607040818,   5.473,9999.000,9999.000,9999.000,9999.000,9999.000,9999.000,9999.000,9999.000
202607040824,   5.647,9999.000,9999.000,9999.000,9999.000,9999.000,9999.000,9999.000,9999.000
202607040830,   5.824,9999.000,9999.000,9999.000,9999.000,9999.000,9999.000,9999.000,9999.000
202607040836,   6.003,9999.000,9999.000,9999.000,9999.000,9999.000,9999.000,9999.000,9999.000
202607040842,   6.183,9999.000,9999.000,9999.000,9999.000,9999.000,9999.000,9999.000,9999.000
202607040848,   6.365,9999.000,9999.000,9999.000,9999.000,9999.000,9999.000,9999.000,9999.000
202607040854,   6.547,9999.000,9999.000,9999.000,9999.000,9999.000,9999.000,9999.000,9999.000
202607040900,   6.729,9999.000,  -0.100,   0.245,   6.874,  -0.200,   6.774,   0.000,   6.974
202607040906,   6.911,9999.000,9999.000,9999.000,9999.000,9999.000,9999.000,9999.000,9999.000
202607040912,   7.092,9999.000,9999.000,9999.000,9999.000,9999.000,9999.000,9999.000,9999.000
202607040918,   7.271,9999.000,9999.000,9999.000,9999.000,9999.000,9999.000,9999.000,9999.000
202607040924,   7.449,9999.000,9999.000,9999.000,9999.000,9999.000,9999.000,9999.000,9999.000
202607040930,   7.623,9999.000,9999.000,9999.000,9999.000,9999.000,9999.000,9999.000,9999.000
202607040936,   7.795,9999.000,9999.000,9999.000,9999.000,9999.000,9999.000,9999.000,9999.000
202607040942,   7.963,9999.000,9999.000,9999.000,9999.000,9999.000,9999.000,9999.000,9999.000
202607040948,   8.127,9999.000,9999.000,9999.000,9999.000,9999.000,9999.000,9999.000,9999.000
202607040954,   8.287,9999.000,9999.000,9999.000,9999.000,9999.000,9999.000,9999.000,9999.000
202607041000,   8.442,9999.000,  -0.100,   0.245,   8.587,  -0.200,   8.487,   0.000,   8.687
202607041006,   8.591,9999.000,9999.000,9999.000,9999.000,9999.000,9999.000,9999.000,9999.000
202607041012,   8.735,9999.000,9999.000,9999.000,9999.000,9999.000,9999.000,9999.000,9999.000
202607041018,   8.872,9999.000,9999.000,9999.000,9999.000,9999.000,9999.000,9999.000,9999.000
202607041024,   9.002,9999.000,9999.000,9999.000,9999.000,9999.000,9999.000,9999.000,9999.000
202607041030,   9.126,9999.000,9999.000,9999.000,9999.000,9999.000,9999.000,9999.000,9999.000
202607041036,   9.242,9999.000,9999.000,9999.000,9999.000,9999.000,9999.000,9999.000,9999.000
202607041042,   9.350,9999.000,9999.000,9999.000,9999.000,9999.000,9999.000,9999.000,9999.000
202607041048,   9.450,9999.000,9999.000,9999.000,9999.000,9999.000,9999.000,9999.000,9999.000
202607041054,   9.541,9999.000,9999.000,9999.000,9999.000,9999.000,9999.000,9999.000,9999.000
202607041100,   9.624,9999.000,  -0.100,   0.245,   9.769,  -0.200,   9.669,   0.000,   9.869
202607041106,   9.697,9999.000,9999.000,9999.000,9999.000,9999.000,9999.000,9999.000,9999.000
202607041112,   9.761,9999.000,9999.000,9999.000,9999.000,9999.000,9999.000,9999.000,9999.000
202607041118,   9.816,9999.000,9999.000,9999.000,9999.000,9999.000,9999.000,9999.000,9999.000
202607041124,   9.860,9999.000,9999.000,9999.000,9999.000,9999.000,9999.000,9999.000,9999.000
202607041130,   9.894,9999.000,9999.000,9999.000,9999.000,9999.000,9999.000,9999.000,9999.000
202607041136,   9.918,9999.000,9999.000,9999.000,9999.000,9999.000,9999.000,9999.000,9999.000
202607041142,   9.932,9999.000,9999.000,9999.000,9999.000,9999.000,9999.000,9999.000,9999.000
202607041148,   9.934,9999.000,9999.000,9999.000,9999.000,9999.000,9999.000,9999.000,9999.000
202607041154,   9.926,9999.000,9999.000,9999.000,9999.000,9999.000,9999.000,9999.000,9999.000
202607041200,   9.907,9999.000,  -0.100,   0.245,  10.052,  -0.200,   9.952,   0.000,  10.152
202607041206,   9.878,9999.000,9999.000,9999.000,9999.000,9999.000,9999.000,9999.000,9999.000
202607041212,   9.837,9999.000,9999.000,9999.000,9999.000,9999.000,9999.000,9999.000,9999.000
202607041218,   9.785,9999.000,9999.000,9999.000,9999.000,9999.000,9999.000,9999.000,9999.000
202607041224,   9.722,9999.000,9999.000,9999.000,9999.000,9999.000,9999.000,9999.000,9999.000
202607041230,   9.648,9999.000,9999.000,9999.000,9999.000,9999.000,9999.000,9999.000,9999.000
202607041236,   9.563,9999.000,9999.000,9999.000,9999.000,9999.000,9999.000,9999.000,9999.000
202607041242,   9.467,9999.000,9999.000,9999.000,9999.000,9999.000,9999.000,9999.000,9999.000
202607041248,   9.360,9999.000,9999.000,9999.000,9999.000,9999.000,9999.000,9999.000,9999.000
202607041254,   9.243,9999.000,9999.000,9999.000,9999.000,9999.000,9999.000,9999.000,9999.000
202607041300,   9.115,9999.000,  -0.100,   0.245,   9.260,  -0.200,   9.160,   0.000,   9.360
202607041306,   8.978,9999.000,9999.000,9999.000,9999.000,9999.000,9999.000,9999.000,9999.000
202607041312,   8.830,9999.000,9999.000,9999.000,9999.000,9999.000,9999.000,9999.000,9999.000
202607041318,   8.673,9999.000,9999.000,9999.000,9999.000,9999.000,9999.000,9999.000,9999.000
202607041324,   8.506,9999.000,9999.000,9999.000,9999.000,9999.000,9999.000,9999.000,9999.000
202607041330,   8.330,9999.000,9999.000,9999.000,9999.000,9999.000,9999.000,9999.000,9999.000
202607041336,   8.146,9999.000,9999.000,9999.000,9999.000,9999.000,9999.000,9999.000,9999.000
202607041342,   7.954,9999.000,9999.000,9999.000,9999.000,9999.000,9999.000,9999.000,9999.000
202607041348,   7.753,9999.000,9999.000,9999.000,9999.000,9999.000,9999.000,9999.000,9999.000
202607041354,   7.546,9999.000,9999.000,9999.000,9999.000,9999.000,9999.000,9999.000,9999.000
202607041400,   7.331,9999.000,  -0.100,   0.245,   7.476,  -0.200,   7.376,   0.000,   7.576
202607041406,   7.110,9999.000,9999.000,9999.000,9999.000,9999.000,9999.000,9999.000,9999.000
202607041412,   6.883,9999.000,9999.000,9999.000,9999.000,9999.000,9999.000,9999.000,9999.000
202607041418,   6.651,9999.000,9999.000,9999.000,9999.000,9999.000,9999.000,9999.000,9999.000
202607041424,   6.414,9999.000,9999.000,9999.000,9999.000,9999.000,9999.000,9999.000,9999.000
202607041430,   6.172,9999.000,9999.000,9999.000,9999.000,9999.000,9999.000,9999.000,9999.000
202607041436,   5.927,9999.000,9999.000,9999.000,9999.000,9999.000,9999.000,9999.000,9999.000
202607041442,   5.679,9999.000,9999.000,9999.000,9999.000,9999.000,9999.000,9999.000,9999.000
202607041448,   5.428,9999.000,9999.000,9999.000,9999.000,9999.000,9999.000,9999.000,9999.000
202607041454,   5.176,9999.000,9999.000,9999.000,9999.000,9999.000,9999.000,9999.000,9999.000
202607041500,   4.922,9999.000,  -0.100,   0.245,   5.067,  -0.200,   4.967,   0.000,   5.167
202607041506,   4.667,9999.000,9999.000,9999.000,9999.000,9999.000,9999.000,9999.000,9999.000
202607041512,   4.412,9999.000,9999.000,9999.000,9999.000,9999.000,9999.000,9999.000,9999.000
202607041518,   4.158,9999.000,9999.000,9999.000,9999.000,9999.000,9999.000,9999.000,9999.000
202607041524,   3.905,9999.000,9999.000,9999.000,9999.000,9999.000,9999.000,9999.000,9999.000
202607041530,   3.653,9999.000,9999.000,9999.000,9999.000,9999.000,9999.000,9999.000,9999.000
202607041536,   3.404,9999.000,9999.000,9999.000,9999.000,9999.000,9999.000,9999.000,9999.000
202607041542,   3.158,9999.000,9999.000,9999.000,9999.000,9999.000,9999.000,9999.000,9999.000
202607041548,   2.916,9999.000,9999.000,9999.000,9999.000,9999.000,9999.000,9999.000,9999.000
202607041554,   2.677,9999.000,9999.000,9999.000,9999.000,9999.000,9999.000,9999.000,9999.000
202607041600,   2.443,9999.000,  -0.100,   0.245,   2.588,  -0.200,   2.488,   0.000,   2.688
202607041606,   2.214,9999.000,9999.000,9999.000,9999.000,9999.000,9999.000,9999.000,9999.000
202607041612,   1.991,9999.000,9999.000,9999.000,9999.000,9999.000,9999.000,9999.000,9999.000
202607041618,   1.774,9999.000,9999.000,9999.000,9999.000,9999.000,9999.000,9999.000,9999.000
202607041624,   1.564,9999.000,9999.000,9999.000,9999.000,9999.000,9999.000,9999.000,9999.000
202607041630,   1.361,9999.000,9999.000,9999.000,9999.000,9999.000,9999.000,9999.000,9999.000
202607041636,   1.166,9999.000,9999.000,9999.000,9999.000,9999.000,9999.000,9999.000,9999.000
202607041642,   0.978,9999.000,9999.000,9999.000,9999.000,9999.000,9999.000,9999.000,9999.000
202607041648,   0.799,9999.000,9999.000,9999.000,9999.000,9999.000,9999.000,9999.000,9999.000
202607041654,   0.629,9999.000,9999.000,9999.000,9999.000,9999.000,9999.000,9999.000,9999.000
202607041700,   0.468,9999.000,  -0.200,   0.245,   0.513,  -0.300,   0.413,  -0.100,   0.613
202607041706,   0.317,9999.000,9999.000,9999.000,9999.000,9999.000,9999.000,9999.000,9999.000
202607041712,   0.176,9999.000,9999.000,9999.000,9999.000,9999.000,9999.000,9999.000,9999.000
202607041718,   0.045,9999.000,9999.000,9999.000,9999.000,9999.000,9999.000,9999.000,9999.000
202607041724,  -0.074,9999.000,9999.000,9999.000,9999.000,9999.000,9999.000,9999.000,9999.000
202607041730,  -0.184,9999.000,9999.000,9999.000,9999.000,9999.000,9999.000,9999.000,9999.000
202607041736,  -0.283,9999.000,9999.000,9999.000,9999.000,9999.000,9999.000,9999.000,9999.000
202607041742,  -0.370,9999.000,9999.000,9999.000,9999.000,9999.000,9999.000,9999.000,9999.000
202607041748,  -0.446,9999.000,9999.000,9999.000,9999.000,9999.000,9999.000,9999.000,9999.000
202607041754,  -0.511,9999.000,9999.000,9999.000,9999.000,9999.000,9999.000,9999.000,9999.000
202607041800,  -0.564,9999.000,  -0.200,   0.245,  -0.519,  -0.300,  -0.619,  -0.100,  -0.419
202607041806,  -0.605,9999.000,9999.000,9999.000,9999.000,9999.000,9999.000,9999.000,9999.000
202607041812,  -0.634,9999.000,9999.000,9999.000,9999.000,9999.000,9999.000,9999.000,9999.000
202607041818,  -0.651,9999.000,9999.000,9999.000,9999.000,9999.000,9999.000,9999.000,9999.000
202607041824,  -0.656,9999.000,9999.000,9999.000,9999.000,9999.000,9999.000,9999.000,9999.000
202607041830,  -0.650,9999.000,9999.000,9999.000,9999.000,9999.000,9999.000,9999.000,9999.000
202607041836,  -0.631,9999.000,9999.000,9999.000,9999.000,9999.000,9999.000,9999.000,9999.000
202607041842,  -0.601,9999.000,9999.000,9999.000,9999.000,9999.000,9999.000,9999.000,9999.000
202607041848,  -0.559,9999.000,9999.000,9999.000,9999.000,9999.000,9999.000,9999.000,9999.000
202607041854,  -0.505,9999.000,9999.000,9999.000,9999.000,9999.000,9999.000,9999.000,9999.000
202607041900,  -0.440,9999.000,  -0.200,   0.245,  -0.395,  -0.300,  -0.495,  -0.100,  -0.295
202607041906,  -0.363,9999.000,9999.000,9999.000,9999.000,9999.000,9999.000,9999.000,9999.000
202607041912,  -0.275,9999.000,9999.000,9999.000,9999.000,9999.000,9999.000,9999.000,9999.000
202607041918,  -0.177,9999.000,9999.000,9999.000,9999.000,9999.000,9999.000,9999.000,9999.000
202607041924,  -0.068,9999.000,9999.000,9999.000,9999.000,9999.000,9999.000,9999.000,9999.000
202607041930,   0.050,9999.000,9999.000,9999.000,9999.000,9999.000,9999.000,9999.000,9999.000
202607041936,   0.180,9999.000,9999.000,9999.000,9999.000,9999.000,9999.000,9999.000,9999.000
202607041942,   0.319,9999.000,9999.000,9999.000,9999.000,9999.000,9999.000,9999.000,9999.000
202607041948,   0.467,9999.000,9999.000,9999.000,9999.000,9999.000,9999.000,9999.000,9999.000
202607041954,   0.624,9999.000,9999.000,9999.000,9999.000,9999.000,9999.000,9999.000,9999.000
202607042000,   0.790,9999.000,  -0.200,   0.245,   0.835,  -0.300,   0.735,  -0.100,   0.935
202607042006,   0.963,9999.000,9999.000,9999.000,9999.000,9999.000,9999.000,9999.000,9999.000
202607042012,   1.145,9999.000,9999.000,9999.000,9999.000,9999.000,9999.000,9999.000,9999.000
202607042018,   1.333,9999.000,9999.000,9999.000,9999.000,9999.000,9999.000,9999.000,9999.000
202607042024,   1.528,9999.000,9999.000,9999.000,9999.000,9999.000,9999.000,9999.000,9999.000
202607042030,   1.730,9999.000,9999.000,9999.000,9999.000,9999.000,9999.000,9999.000,9999.000
202607042036,   1.937,9999.000,9999.000,9999.000,9999.000,9999.000,9999.000,9999.000,9999.000
202607042042,   2.149,9999.000,9999.000,9999.000,9999.000,9999.000,9999.000,9999.000,9999.000
202607042048,   2.366,9999.000,9999.000,9999.000,9999.000,9999.000,9999.000,9999.000,9999.000
202607042054,   2.587,9999.000,9999.000,9999.000,9999.000,9999.000,9999.000,9999.000,9999.000
202607042100,   2.811,9999.000,  -0.200,   0.245,   2.856,  -0.300,   2.756,  -0.100,   2.956
202607042106,   3.039,9999.000,9999.000,9999.000,9999.000,9999.000,9999.000,9999.000,9999.000
202607042112,   3.269,9999.000,9999.000,9999.000,9999.000,9999.000,9999.000,9999.000,9999.000
202607042118,   3.501,9999.000,9999.000,9999.000,9999.000,9999.000,9999.000,9999.000,9999.000
202607042124,   3.735,9999.000,9999.000,9999.000,9999.000,9999.000,9999.000,9999.000,9999.000
202607042130,   3.969,9999.000,9999.000,9999.000,9999.000,9999.000,9999.000,9999.000,9999.000
202607042136,   4.203,9999.000,9999.000,9999.000,9999.000,9999.000,9999.000,9999.000,9999.000
202607042142,   4.438,9999.000,9999.000,9999.000,9999.000,9999.000,9999.000,9999.000,9999.000
202607042148,   4.672,9999.000,9999.000,9999.000,9999.000,9999.000,9999.000,9999.000,9999.000
202607042154,   4.904,9999.000,9999.000,9999.000,9999.000,9999.000,9999.000,9999.000,9999.000
202607042200,   5.135,9999.000,  -0.200,   0.245,   5.180,  -0.300,   5.080,  -0.100,   5.280
202607042206,   5.363,9999.000,9999.000,9999.000,9999.000,9999.000,9999.000,9999.000,9999.000
202607042212,   5.589,9999.000,9999.000,9999.000,9999.000,9999.000,9999.000,9999.000,9999.000
202607042218,   5.811,9999.000,9999.000,9999.000,9999.000,9999.000,9999.000,9999.000,9999.000
202607042224,   6.030,9999.000,9999.000,9999.000,9999.000,9999.000,9999.000,9999.000,9999.000
202607042230,   6.245,9999.000,9999.000,9999.000,9999.000,9999.000,9999.000,9999.000,9999.000
202607042236,   6.455,9999.000,9999.000,9999.000,9999.000,9999.000,9999.000,9999.000,9999.000
202607042242,   6.659,9999.000,9999.000,9999.000,9999.000,9999.000,9999.000,9999.000,9999.000
202607042248,   6.859,9999.000,9999.000,9999.000,9999.000,9999.000,9999.000,9999.000,9999.000
202607042254,   7.052,9999.000,9999.000,9999.000,9999.000,9999.000,9999.000,9999.000,9999.000
202607042300,   7.240,9999.000,  -0.200,   0.245,   7.285,  -0.300,   7.185,  -0.100,   7.385
202607042306,   7.420,9999.000,9999.000,9999.000,9999.000,9999.000,9999.000,9999.000,9999.000
202607042312,   7.594,9999.000,9999.000,9999.000,9999.000,9999.000,9999.000,9999.000,9999.000
202607042318,   7.760,9999.000,9999.000,9999.000,9999.000,9999.000,9999.000,9999.000,9999.000
202607042324,   7.918,9999.000,9999.000,9999.000,9999.000,9999.000,9999.000,9999.000,9999.000
202607042330,   8.069,9999.000,9999.000,9999.000,9999.000,9999.000,9999.000,9999.000,9999.000
202607042336,   8.211,9999.000,9999.000,9999.000,9999.000,9999.000,9999.000,9999.000,9999.000
202607042342,   8.345,9999.000,9999.000,9999.000,9999.000,9999.000,9999.000,9999.000,9999.000
202607042348,   8.470,9999.000,9999.000,9999.000,9999.000,9999.000,9999.000,9999.000,9999.000
202607042354,   8.585,9999.000,9999.000,9999.000,9999.000,9999.000,9999.000,9999.000,9999.000
202607050000,   8.692,9999.000,  -0.200,   0.245,   8.737,  -0.200,   8.737,  -0.100,   8.837
202607050006,   8.789,9999.000,9999.000,9999.000,9999.000,9999.000,9999.000,9999.000,9999.000
202607050012,   8.876,9999.000,9999.000,9999.000,9999.000,9999.000,9999.000,9999.000,9999.000
202607050018,   8.953,9999.000,9999.000,9999.000,9999.000,9999.000,9999.000,9999.000,9999.000
202607050024,   9.020,9999.000,9999.000,9999.000,9999.000,9999.000,9999.000,9999.000,9999.000
202607050030,   9.078,9999.000,9999.000,9999.000,9999.000,9999.000,9999.000,9999.000,9999.000
202607050036,   9.125,9999.000,9999.000,9999.000,9999.000,9999.000,9999.000,9999.000,9999.000
202607050042,   9.162,9999.000,9999.000,9999.000,9999.000,9999.000,9999.000,9999.000,9999.000
202607050048,   9.188,9999.000,9999.000,9999.000,9999.000,9999.000,9999.000,9999.000,9999.000
202607050054,   9.204,9999.000,9999.000,9999.000,9999.000,9999.000,9999.000,9999.000,9999.000
202607050100,   9.210,9999.000,  -0.200,   0.245,   9.255,  -0.200,   9.255,  -0.100,   9.355
202607050106,   9.206,9999.000,9999.000,9999.000,9999.000,9999.000,9999.000,9999.000,9999.000
202607050112,   9.192,9999.000,9999.000,9999.000,9999.000,9999.000,9999.000,9999.000,9999.000
202607050118,   9.167,9999.000,9999.000,9999.000,9999.000,9999.000,9999.000,9999.000,9999.000
202607050124,   9.132,9999.000,9999.000,9999.000,9999.000,9999.000,9999.000,9999.000,9999.000
202607050130,   9.088,9999.000,9999.000,9999.000,9999.000,9999.000,9999.000,9999.000,9999.000
202607050136,   9.034,9999.000,9999.000,9999.000,9999.000,9999.000,9999.000,9999.000,9999.000
202607050142,   8.971,9999.000,9999.000,9999.000,9999.000,9999.000,9999.000,9999.000,9999.000
202607050148,   8.898,9999.000,9999.000,9999.000,9999.000,9999.000,9999.000,9999.000,9999.000
202607050154,   8.817,9999.000,9999.000,9999.000,9999.000,9999.000,9999.000,9999.000,9999.000
202607050200,   8.727,9999.000,  -0.200,   0.245,   8.772,  -0.200,   8.772,  -0.100,   8.872
202607050206,   8.629,9999.000,9999.000,9999.000,9999.000,9999.000,9999.000,9999.000,9999.000
202607050212,   8.522,9999.000,9999.000,9999.000,9999.000,9999.000,9999.000,9999.000,9999.000
202607050218,   8.409,9999.000,9999.000,9999.000,9999.000,9999.000,9999.000,9999.000,9999.000
202607050224,   8.288,9999.000,9999.000,9999.000,9999.000,9999.000,9999.000,9999.000,9999.000
202607050230,   8.160,9999.000,9999.000,9999.000,9999.000,9999.000,9999.000,9999.000,9999.000
202607050236,   8.026,9999.000,9999.000,9999.000,9999.000,9999.000,9999.000,9999.000,9999.000
202607050242,   7.885,9999.000,9999.000,9999.000,9999.000,9999.000,9999.000,9999.000,9999.000
202607050248,   7.740,9999.000,9999.000,9999.000,9999.000,9999.000,9999.000,9999.000,9999.000
202607050254,   7.589,9999.000,9999.000,9999.000,9999.000,9999.000,9999.000,9999.000,9999.000
202607050300,   7.434,9999.000,  -0.200,   0.245,   7.479,  -0.300,   7.379,  -0.100,   7.579
202607050306,   7.275,9999.000,9999.000,9999.000,9999.000,9999.000,9999.000,9999.000,9999.000
202607050312,   7.113,9999.000,9999.000,9999.000,9999.000,9999.000,9999.000,9999.000,9999.000
202607050318,   6.947,9999.000,9999.000,9999.000,9999.000,9999.000,9999.000,9999.000,9999.000
202607050324,   6.779,9999.000,9999.000,9999.000,9999.000,9999.000,9999.000,9999.000,9999.000
202607050330,   6.609,9999.000,9999.000,9999.000,9999.000,9999.000,9999.000,9999.000,9999.000
202607050336,   6.438,9999.000,9999.000,9999.000,9999.000,9999.000,9999.000,9999.000,9999.000
202607050342,   6.266,9999.000,9999.000,9999.000,9999.000,9999.000,9999.000,9999.000,9999.000
202607050348,   6.094,9999.000,9999.000,9999.000,9999.000,9999.000,9999.000,9999.000,9999.000
202607050354,   5.921,9999.000,9999.000,9999.000,9999.000,9999.000,9999.000,9999.000,9999.000
202607050400,   5.750,9999.000,  -0.200,   0.245,   5.795,  -0.300,   5.695,  -0.100,   5.895
202607050406,   5.579,9999.000,9999.000,9999.000,9999.000,9999.000,9999.000,9999.000,9999.000
202607050412,   5.411,9999.000,9999.000,9999.000,9999.000,9999.000,9999.000,9999.000,9999.000
202607050418,   5.244,9999.000,9999.000,9999.000,9999.000,9999.000,9999.000,9999.000,9999.000
202607050424,   5.080,9999.000,9999.000,9999.000,9999.000,9999.000,9999.000,9999.000,9999.000
202607050430,   4.920,9999.000,9999.000,9999.000,9999.000,9999.000,9999.000,9999.000,9999.000
202607050436,   4.763,9999.000,9999.000,9999.000,9999.000,9999.000,9999.000,9999.000,9999.000
202607050442,   4.610,9999.000,9999.000,9999.000,9999.000,9999.000,9999.000,9999.000,9999.000
202607050448,   4.462,9999.000,9999.000,9999.000,9999.000,9999.000,9999.000,9999.000,9999.000
202607050454,   4.318,9999.000,9999.000,9999.000,9999.000,9999.000,9999.000,9999.000,9999.000
202607050500,   4.180,9999.000,  -0.300,   0.245,   4.125,  -0.300,   4.125,  -0.200,   4.225
202607050506,   4.048,9999.000,9999.000,9999.000,9999.000,9999.000,9999.000,9999.000,9999.000
202607050512,   3.921,9999.000,9999.000,9999.000,9999.000,9999.000,9999.000,9999.000,9999.000
202607050518,   3.801,9999.000,9999.000,9999.000,9999.000,9999.000,9999.000,9999.000,9999.000
202607050524,   3.688,9999.000,9999.000,9999.000,9999.000,9999.000,9999.000,9999.000,9999.000
202607050530,   3.582,9999.000,9999.000,9999.000,9999.000,9999.000,9999.000,9999.000,9999.000
202607050536,   3.483,9999.000,9999.000,9999.000,9999.000,9999.000,9999.000,9999.000,9999.000
202607050542,   3.392,9999.000,9999.000,9999.000,9999.000,9999.000,9999.000,9999.000,9999.000
202607050548,   3.309,9999.000,9999.000,9999.000,9999.000,9999.000,9999.000,9999.000,9999.000
202607050554,   3.234,9999.000,9999.000,9999.000,9999.000,9999.000,9999.000,9999.000,9999.000
202607050600,   3.167,9999.000,  -0.300,   0.245,   3.112,  -0.400,   3.012,  -0.200,   3.212
202607050606,   3.108,9999.000,9999.000,9999.000,9999.000,9999.000,9999.000,9999.000,9999.000
202607050612,   3.059,9999.000,9999.000,9999.000,9999.000,9999.000,9999.000,9999.000,9999.000
202607050618,   3.018,9999.000,9999.000,9999.000,9999.000,9999.000,9999.000,9999.000,9999.000
202607050624,   2.986,9999.000,9999.000,9999.000,9999.000,9999.000,9999.000,9999.000,9999.000
202607050630,   2.963,9999.000,9999.000,9999.000,9999.000,9999.000,9999.000,9999.000,9999.000
202607050636,   2.949,9999.000,9999.000,9999.000,9999.000,9999.000,9999.000,9999.000,9999.000
202607050642,   2.945,9999.000,9999.000,9999.000,9999.000,9999.000,9999.000,9999.000,9999.000
202607050648,   2.949,9999.000,9999.000,9999.000,9999.000,9999.000,9999.000,9999.000,9999.000
202607050654,   2.963,9999.000,9999.000,9999.000,9999.000,9999.000,9999.000,9999.000,9999.000
202607050700,   2.986,9999.000,  -0.300,   0.245,   2.931,  -0.400,   2.831,  -0.300,   2.931
202607050706,   3.018,9999.000,9999.000,9999.000,9999.000,9999.000,9999.000,9999.000,9999.000
202607050712,   3.059,9999.000,9999.000,9999.000,9999.000,9999.000,9999.000,9999.000,9999.000
202607050718,   3.108,9999.000,9999.000,9999.000,9999.000,9999.000,9999.000,9999.000,9999.000
202607050724,   3.167,9999.000,9999.000,9999.000,9999.000,9999.000,9999.000,9999.000,9999.000
202607050730,   3.234,9999.000,9999.000,9999.000,9999.000,9999.000,9999.000,9999.000,9999.000
202607050736,   3.310,9999.000,9999.000,9999.000,9999.000,9999.000,9999.000,9999.000,9999.000
202607050742,   3.394,9999.000,9999.000,9999.000,9999.000,9999.000,9999.000,9999.000,9999.000
202607050748,   3.485,9999.000,9999.000,9999.000,9999.000,9999.000,9999.000,9999.000,9999.000
202607050754,   3.585,9999.000,9999.000,9999.000,9999.000,9999.000,9999.000,9999.000,9999.000
202607050800,   3.692,9999.000,  -0.400,   0.245,   3.537,  -0.400,   3.537,  -0.300,   3.637
202607050806,   3.806,9999.000,9999.000,9999.000,9999.000,9999.000,9999.000,9999.000,9999.000
202607050812,   3.926,9999.000,9999.000,9999.000,9999.000,9999.000,9999.000,9999.000,9999.000
202607050818,   4.054,9999.000,9999.000,9999.000,9999.000,9999.000,9999.000,9999.000,9999.000
202607050824,   4.187,9999.000,9999.000,9999.000,9999.000,9999.000,9999.000,9999.000,9999.000
202607050830,   4.326,9999.000,9999.000,9999.000,9999.000,9999.000,9999.000,9999.000,9999.000
202607050836,   4.470,9999.000,9999.000,9999.000,9999.000,9999.000,9999.000,9999.000,9999.000
202607050842,   4.619,9999.000,9999.000,9999.000,9999.000,9999.000,9999.000,9999.000,9999.000
202607050848,   4.772,9999.000,9999.000,9999.000,9999.000,9999.000,9999.000,9999.000,9999.000
202607050854,   4.929,9999.000,9999.000,9999.000,9999.000,9999.000,9999.000,9999.000,9999.000
202607050900,   5.090,9999.000,  -0.400,   0.245,   4.935,  -0.500,   4.835,  -0.300,   5.035
202607050906,   5.254,9999.000,9999.000,9999.000,9999.000,9999.000,9999.000,9999.000,9999.000
202607050912,   5.420,9999.000,9999.000,9999.000,9999.000,9999.000,9999.000,9999.000,9999.000
202607050918,   5.588,9999.000,9999.000,9999.000,9999.000,9999.000,9999.000,9999.000,9999.000
202607050924,   5.758,9999.000,9999.000,9999.000,9999.000,9999.000,9999.000,9999.000,9999.000
202607050930,   5.928,9999.000,9999.000,9999.000,9999.000,9999.000,9999.000,9999.000,9999.000
202607050936,   6.099,9999.000,9999.000,9999.000,9999.000,9999.000,9999.000,9999.000,9999.000
202607050942,   6.271,9999.000,9999.000,9999.000,9999.000,9999.000,9999.000,9999.000,9999.000
202607050948,   6.441,9999.000,9999.000,9999.000,9999.000,9999.000,9999.000,9999.000,9999.000
202607050954,   6.611,9999.000,9999.000,9999.000,9999.000,9999.000,9999.000,9999.000,9999.000
202607051000,   6.779,9999.000,  -0.400,   0.245,   6.624,  -0.500,   6.524,  -0.300,   6.724
202607051006,   6.945,9999.000,9999.000,9999.000,9999.000,9999.000,9999.000,9999.000,9999.000
202607051012,   7.109,9999.000,9999.000,9999.000,9999.000,9999.000,9999.000,9999.000,9999.000
202607051018,   7.270,9999.000,9999.000,9999.000,9999.000,9999.000,9999.000,9999.000,9999.000
202607051024,   7.428,9999.000,9999.000,9999.000,9999.000,9999.000,9999.000,9999.000,9999.000
202607051030,   7.581,9999.000,9999.000,9999.000,9999.000,9999.000,9999.000,9999.000,9999.000
202607051036,   7.730,9999.000,9999.000,9999.000,9999.000,9999.000,9999.000,9999.000,9999.000
202607051042,   7.875,9999.000,9999.000,9999.000,9999.000,9999.000,9999.000,9999.000,9999.000
202607051048,   8.015,9999.000,9999.000,9999.000,9999.000,9999.000,9999.000,9999.000,9999.000
202607051054,   8.148,9999.000,9999.000,9999.000,9999.000,9999.000,9999.000,9999.000,9999.000
202607051100,   8.276,9999.000,  -0.400,   0.245,   8.121,  -0.500,   8.021,  -0.300,   8.221
202607051106,   8.398,9999.000,9999.000,9999.000,9999.000,9999.000,9999.000,9999.000,9999.000
202607051112,   8.513,9999.000,9999.000,9999.000,9999.000,9999.000,9999.000,9999.000,9999.000
202607051118,   8.621,9999.000,9999.000,9999.000,9999.000,9999.000,9999.000,9999.000,9999.000
202607051124,   8.721,9999.000,9999.000,9999.000,9999.000,9999.000,9999.000,9999.000,9999.000
202607051130,   8.814,9999.000,9999.000,9999.000,9999.000,9999.000,9999.000,9999.000,9999.000
202607051136,   8.899,9999.000,9999.000,9999.000,9999.000,9999.000,9999.000,9999.000,9999.000
202607051142,   8.975,9999.000,9999.000,9999.000,9999.000,9999.000,9999.000,9999.000,9999.000
202607051148,   9.043,9999.000,9999.000,9999.000,9999.000,9999.000,9999.000,9999.000,9999.000
202607051154,   9.102,9999.000,9999.000,9999.000,9999.000,9999.000,9999.000,9999.000,9999.000
202607051200,   9.153,9999.000,  -0.400,   0.245,   8.998,  -0.500,   8.898,  -0.300,   9.098
202607051206,   9.193,9999.000,9999.000,9999.000,9999.000,9999.000,9999.000,9999.000,9999.000
202607051212,   9.225,9999.000,9999.000,9999.000,9999.000,9999.000,9999.000,9999.000,9999.000
202607051218,   9.247,9999.000,9999.000,9999.000,9999.000,9999.000,9999.000,9999.000,9999.000
202607051224,   9.259,9999.000,9999.000,9999.000,9999.000,9999.000,9999.000,9999.000,9999.000
202607051230,   9.261,9999.000,9999.000,9999.000,9999.000,9999.000,9999.000,9999.000,9999.000
202607051236,   9.254,9999.000,9999.000,9999.000,9999.000,9999.000,9999.000,9999.000,9999.000
202607051242,   9.236,9999.000,9999.000,9999.000,9999.000,9999.000,9999.000,9999.000,9999.000
202607051248,   9.208,9999.000,9999.000,9999.000,9999.000,9999.000,9999.000,9999.000,9999.000
202607051254,   9.170,9999.000,9999.000,9999.000,9999.000,9999.000,9999.000,9999.000,9999.000
202607051300,   9.122,9999.000,  -0.400,   0.245,   8.967,  -0.500,   8.867,  -0.300,   9.067
202607051306,   9.064,9999.000,9999.000,9999.000,9999.000,9999.000,9999.000,9999.000,9999.000
202607051312,   8.996,9999.000,9999.000,9999.000,9999.000,9999.000,9999.000,9999.000,9999.000
202607051318,   8.917,9999.000,9999.000,9999.000,9999.000,9999.000,9999.000,9999.000,9999.000
202607051324,   8.829,9999.000,9999.000,9999.000,9999.000,9999.000,9999.000,9999.000,9999.000
202607051330,   8.731,9999.000,9999.000,9999.000,9999.000,9999.000,9999.000,9999.000,9999.000
202607051336,   8.624,9999.000,9999.000,9999.000,9999.000,9999.000,9999.000,9999.000,9999.000
202607051342,   8.507,9999.000,9999.000,9999.000,9999.000,9999.000,9999.000,9999.000,9999.000
202607051348,   8.380,9999.000,9999.000,9999.000,9999.000,9999.000,9999.000,9999.000,9999.000
202607051354,   8.245,9999.000,9999.000,9999.000,9999.000,9999.000,9999.000,9999.000,9999.000
202607051400,   8.101,9999.000,  -0.400,   0.245,   7.946,  -0.500,   7.846,  -0.300,   8.046
202607051406,   7.949,9999.000,9999.000,9999.000,9999.000,9999.000,9999.000,9999.000,9999.000
202607051412,   7.788,9999.000,9999.000,9999.000,9999.000,9999.000,9999.000,9999.000,9999.000
202607051418,   7.620,9999.000,9999.000,9999.000,9999.000,9999.000,9999.000,9999.000,9999.000
202607051424,   7.444,9999.000,9999.000,9999.000,9999.000,9999.000,9999.000,9999.000,9999.000
202607051430,   7.262,9999.000,9999.000,9999.000,9999.000,9999.000,9999.000,9999.000,9999.000
202607051436,   7.072,9999.000,9999.000,9999.000,9999.000,9999.000,9999.000,9999.000,9999.000
202607051442,   6.877,9999.000,9999.000,9999.000,9999.000,9999.000,9999.000,9999.000,9999.000
202607051448,   6.676,9999.000,9999.000,9999.000,9999.000,9999.000,9999.000,9999.000,9999.000
202607051454,   6.470,9999.000,9999.000,9999.000,9999.000,9999.000,9999.000,9999.000,9999.000
202607051500,   6.259,9999.000,  -0.400,   0.245,   6.104,  -0.500,   6.004,  -0.300,   6.204
202607051506,   6.044,9999.000,9999.000,9999.000,9999.000,9999.000,9999.000,9999.000,9999.000
202607051512,   5.825,9999.000,9999.000,9999.000,9999.000,9999.000,9999.000,9999.000,9999.000
202607051518,   5.603,9999.000,9999.000,9999.000,9999.000,9999.000,9999.000,9999.000,9999.000
202607051524,   5.379,9999.000,9999.000,9999.000,9999.000,9999.000,9999.000,9999.000,9999.000
202607051530,   5.153,9999.000,9999.000,9999.000,9999.000,9999.000,9999.000,9999.000,9999.000
202607051536,   4.925,9999.000,9999.000,9999.000,9999.000,9999.000,9999.000,9999.000,9999.000
202607051542,   4.696,9999.000,9999.000,9999.000,9999.000,9999.000,9999.000,9999.000,9999.000
202607051548,   4.468,9999.000,9999.000,9999.000,9999.000,9999.000,9999.000,9999.000,9999.000
202607051554,   4.239,9999.000,9999.000,9999.000,9999.000,9999.000,9999.000,9999.000,9999.000
202607051600,   4.011,9999.000,  -0.400,   0.245,   3.856,  -0.500,   3.756,  -0.300,   3.956
202607051606,   3.785,9999.000,9999.000,9999.000,9999.000,9999.000,9999.000,9999.000,9999.000
202607051612,   3.561,9999.000,9999.000,9999.000,9999.000,9999.000,9999.000,9999.000,9999.000
202607051618,   3.339,9999.000,9999.000,9999.000,9999.000,9999.000,9999.000,9999.000,9999.000
202607051624,   3.120,9999.000,9999.000,9999.000,9999.000,9999.000,9999.000,9999.000,9999.000
202607051630,   2.905,9999.000,9999.000,9999.000,9999.000,9999.000,9999.000,9999.000,9999.000
202607051636,   2.694,9999.000,9999.000,9999.000,9999.000,9999.000,9999.000,9999.000,9999.000
202607051642,   2.488,9999.000,9999.000,9999.000,9999.000,9999.000,9999.000,9999.000,9999.000
202607051648,   2.287,9999.000,9999.000,9999.000,9999.000,9999.000,9999.000,9999.000,9999.000
202607051654,   2.092,9999.000,9999.000,9999.000,9999.000,9999.000,9999.000,9999.000,9999.000
202607051700,   1.902,9999.000,  -0.400,   0.245,   1.747,  -0.500,   1.647,  -0.300,   1.847
202607051706,   1.720,9999.000,9999.000,9999.000,9999.000,9999.000,9999.000,9999.000,9999.000
202607051712,   1.544,9999.000,9999.000,9999.000,9999.000,9999.000,9999.000,9999.000,9999.000
202607051718,   1.375,9999.000,9999.000,9999.000,9999.000,9999.000,9999.000,9999.000,9999.000
202607051724,   1.215,9999.000,9999.000,9999.000,9999.000,9999.000,9999.000,9999.000,9999.000
202607051730,   1.062,9999.000,9999.000,9999.000,9999.000,9999.000,9999.000,9999.000,9999.000
202607051736,   0.918,9999.000,9999.000,9999.000,9999.000,9999.000,9999.000,9999.000,9999.000
202607051742,   0.783,9999.000,9999.000,9999.000,9999.000,9999.000,9999.000,9999.000,9999.000
202607051748,   0.657,9999.000,9999.000,9999.000,9999.000,9999.000,9999.000,9999.000,9999.000
202607051754,   0.541,9999.000,9999.000,9999.000,9999.000,9999.000,9999.000,9999.000,9999.000
202607051800,   0.434,9999.000,  -0.400,   0.245,   0.279,  -0.500,   0.179,  -0.300,   0.379
202607051806,   0.337,9999.000,9999.000,9999.000,9999.000,9999.000,9999.000,9999.000,9999.000
202607051812,   0.250,9999.000,9999.000,9999.000,9999.000,9999.000,9999.000,9999.000,9999.000
202607051818,   0.174,9999.000,9999.000,9999.000,9999.000,9999.000,9999.000,9999.000,9999.000
202607051824,   0.108,9999.000,9999.000,9999.000,9999.000,9999.000,9999.000,9999.000,9999.000
202607051830,   0.053,9999.000,9999.000,9999.000,9999.000,9999.000,9999.000,9999.000,9999.000
202607051836,   0.008,9999.000,9999.000,9999.000,9999.000,9999.000,9999.000,9999.000,9999.000
202607051842,  -0.024,9999.000,9999.000,9999.000,9999.000,9999.000,9999.000,9999.000,9999.000
202607051848,  -0.047,9999.000,9999.000,9999.000,9999.000,9999.000,9999.000,9999.000,9999.000
202607051854,  -0.058,9999.000,9999.000,9999.000,9999.000,9999.000,9999.000,9999.000,9999.000
202607051900,  -0.059,9999.000,  -0.500,   0.245,  -0.314,  -0.500,  -0.314,  -0.400,  -0.214
202607051906,  -0.048,9999.000,9999.000,9999.000,9999.000,9999.000,9999.000,9999.000,9999.000
202607051912,  -0.027,9999.000,9999.000,9999.000,9999.000,9999.000,9999.000,9999.000,9999.000
202607051918,   0.005,9999.000,9999.000,9999.000,9999.000,9999.000,9999.000,9999.000,9999.000
202607051924,   0.048,9999.000,9999.000,9999.000,9999.000,9999.000,9999.000,9999.000,9999.000
202607051930,   0.102,9999.000,9999.000,9999.000,9999.000,9999.000,9999.000,9999.000,9999.000
202607051936,   0.167,9999.000,9999.000,9999.000,9999.000,9999.000,9999.000,9999.000,9999.000
202607051942,   0.243,9999.000,9999.000,9999.000,9999.000,9999.000,9999.000,9999.000,9999.000
202607051948,   0.328,9999.000,9999.000,9999.000,9999.000,9999.000,9999.000,9999.000,9999.000
202607051954,   0.424,9999.000,9999.000,9999.000,9999.000,9999.000,9999.000,9999.000,9999.000
202607052000,   0.530,9999.000,  -0.500,   0.245,   0.275,  -0.500,   0.275,  -0.400,   0.375
202607052006,   0.645,9999.000,9999.000,9999.000,9999.000,9999.000,9999.000,9999.000,9999.000
202607052012,   0.770,9999.000,9999.000,9999.000,9999.000,9999.000,9999.000,9999.000,9999.000
202607052018,   0.903,9999.000,9999.000,9999.000,9999.000,9999.000,9999.000,9999.000,9999.000
202607052024,   1.046,9999.000,9999.000,9999.000,9999.000,9999.000,9999.000,9999.000,9999.000
202607052030,   1.196,9999.000,9999.000,9999.000,9999.000,9999.000,9999.000,9999.000,9999.000
202607052036,   1.355,9999.000,9999.000,9999.000,9999.000,9999.000,9999.000,9999.000,9999.000
202607052042,   1.522,9999.000,9999.000,9999.000,9999.000,9999.000,9999.000,9999.000,9999.000
202607052048,   1.695,9999.000,9999.000,9999.000,9999.000,9999.000,9999.000,9999.000,9999.000
202607052054,   1.875,9999.000,9999.000,9999.000,9999.000,9999.000,9999.000,9999.000,9999.000
202607052100,   2.062,9999.000,  -0.400,   0.245,   1.907,  -0.500,   1.807,  -0.300,   2.007
202607052106,   2.255,9999.000,9999.000,9999.000,9999.000,9999.000,9999.000,9999.000,9999.000
202607052112,   2.453,9999.000,9999.000,9999.000,9999.000,9999.000,9999.000,9999.000,9999.000
202607052118,   2.656,9999.000,9999.000,9999.000,9999.000,9999.000,9999.000,9999.000,9999.000
202607052124,   2.863,9999.000,9999.000,9999.000,9999.000,9999.000,9999.000,9999.000,9999.000
202607052130,   3.074,9999.000,9999.000,9999.000,9999.000,9999.000,9999.000,9999.000,9999.000
202607052136,   3.289,9999.000,9999.000,9999.000,9999.000,9999.000,9999.000,9999.000,9999.000
202607052142,   3.506,9999.000,9999.000,9999.000,9999.000,9999.000,9999.000,9999.000,9999.000
202607052148,   3.726,9999.000,9999.000,9999.000,9999.000,9999.000,9999.000,9999.000,9999.000
202607052154,   3.948,9999.000,9999.000,9999.000,9999.000,9999.000,9999.000,9999.000,9999.000
202607052200,   4.171,9999.000,  -0.400,   0.245,   4.016,  -0.500,   3.916,  -0.300,   4.116
202607052206,   4.395,9999.000,9999.000,9999.000,9999.000,9999.000,9999.000,9999.000,9999.000
202607052212,   4.620,9999.000,9999.000,9999.000,9999.000,9999.000,9999.000,9999.000,9999.000
202607052218,   4.844,9999.000,9999.000,9999.000,9999.000,9999.000,9999.000,9999.000,9999.000
202607052224,   5.067,9999.000,9999.000,9999.000,9999.000,9999.000,9999.000,9999.000,9999.000
202607052230,   5.290,9999.000,9999.000,9999.000,9999.000,9999.000,9999.000,9999.000,9999.000
202607052236,   5.510,9999.000,9999.000,9999.000,9999.000,9999.000,9999.000,9999.000,9999.000
202607052242,   5.728,9999.000,9999.000,9999.000,9999.000,9999.000,9999.000,9999.000,9999.000
202607052248,   5.944,9999.000,9999.000,9999.000,9999.000,9999.000,9999.000,9999.000,9999.000
202607052254,   6.157,9999.000,9999.000,9999.000,9999.000,9999.000,9999.000,9999.000,9999.000
202607052300,   6.366,9999.000,  -0.400,   0.245,   6.211,  -0.500,   6.111,  -0.300,   6.311
202607052306,   6.571,9999.000,9999.000,9999.000,9999.000,9999.000,9999.000,9999.000,9999.000
202607052312,   6.771,9999.000,9999.000,9999.000,9999.000,9999.000,9999.000,9999.000,9999.000
202607052318,   6.967,9999.000,9999.000,9999.000,9999.000,9999.000,9999.000,9999.000,9999.000
202607052324,   7.157,9999.000,9999.000,9999.000,9999.000,9999.000,9999.000,9999.000,9999.000
202607052330,   7.342,9999.000,9999.000,9999.000,9999.000,9999.000,9999.000,9999.000,9999.000
202607052336,   7.521,9999.000,9999.000,9999.000,9999.000,9999.000,9999.000,9999.000,9999.000
202607052342,   7.693,9999.000,9999.000,9999.000,9999.000,9999.000,9999.000,9999.000,9999.000
202607052348,   7.858,9999.000,9999.000,9999.000,9999.000,9999.000,9999.000,9999.000,9999.000
202607052354,   8.017,9999.000,9999.000,9999.000,9999.000,9999.000,9999.000,9999.000,9999.000
202607060000,   8.168,9999.000,  -0.400,   0.245,   8.013,  -0.500,   7.913,  -0.300,   8.113
