        TIME,    TIDE,      OB,   SURGE,    BIAS,     TWL,SURGE90p,  TWL90p,SURGE10p,   TWL10p
202607041800,   2.022,9999.000,   0.600,9999.000,   2.622,   0.600,   2.622,   0.600,   2.622
202607041806,   2.004,9999.000,9999.000,9999.000,9999.000,9999.000,9999.000,9999.000,9999.000
202607041812,   1.983,9999.000,9999.000,9999.000,9999.000,9999.000,9999.000,9999.000,9999.000
202607041818,   1.961,9999.000,9999.000,9999.000,9999.000,9999.000,9999.000,9999.000,9999.000
202607041824,   1.937,9999.000,9999.000,9999.000,9999.000,9999.000,9999.000,9999.000,9999.000
202607041830,   1.912,9999.000,9999.000,9999.000,9999.000,9999.000,9999.000,9999.000,9999.000
202607041836,   1.885,9999.000,9999.000,9999.000,9999.000,9999.000,9999.000,9999.000,9999.000
202607041842,   1.856,9999.000,9999.000,9999.000,9999.000,9999.000,9999.000,9999.000,9999.000
202607041848,   1.827,9999.000,9999.000,9999.000,9999.000,9999.000,9999.000,9999.000,9999.000
202607041854,   1.797,9999.000,9999.000,9999.000,9999.000,9999.000,9999.000,9999.000,9999.000
202607041900,   1.766,   2.420,   0.600,   0.054,   2.420,   0.600,   2.420,   0.600,   2.420
202607041906,   1.735,   2.387,9999.000,9999.000,9999.000,9999.000,9999.000,9999.000,9999.000
202607041912,   1.703,   2.400,9999.000,9999.000,9999.000,9999.000,9999.000,9999.000,9999.000
202607041918,   1.672,   2.348,9999.000,9999.000,9999.000,9999.000,9999.000,9999.000,9999.000
202607041924,   1.640,   2.328,9999.000,9999.000,9999.000,9999.000,9999.000,9999.000,9999.000
202607041930,   1.608,   2.279,9999.000,9999.000,9999.000,9999.000,9999.000,9999.000,9999.000
202607041936,   1.577,   2.240,9999.000,9999.000,9999.000,9999.000,9999.000,9999.000,9999.000
202607041942,   1.546,   2.210,9999.000,9999.000,9999.000,9999.000,9999.000,9999.000,9999.000
202607041948,   1.515,   2.220,9999.000,9999.000,9999.000,9999.000,9999.000,9999.000,9999.000
202607041954,   1.485,   2.191,9999.000,9999.000,9999.000,9999.000,9999.000,9999.000,9999.000
202607042000,   1.456,   2.148,   0.600,   0.092,   2.148,   0.600,   2.148,   0.600,   2.148
202607042006,   1.427,   2.148,9999.000,9999.000,9999.000,9999.000,9999.000,9999.000,9999.000
202607042012,   1.398,   2.128,9999.000,9999.000,9999.000,9999.000,9999.000,9999.000,9999.000
202607042018,   1.370,   2.089,9999.000,9999.000,9999.000,9999.000,9999.000,9999.000,9999.000
202607042024,   1.343,   2.069,9999.000,9999.000,9999.000,9999.000,9999.000,9999.000,9999.000
202607042030,   1.316,   2.030,9999.000,9999.000,9999.000,9999.000,9999.000,9999.000,9999.000
202607042036,   1.289,   2.040,9999.000,9999.000,9999.000,9999.000,9999.000,9999.000,9999.000
202607042042,   1.263,   2.000,9999.000,9999.000,9999.000,9999.000,9999.000,9999.000,9999.000
202607042048,   1.237,   1.981,9999.000,9999.000,9999.000,9999.000,9999.000,9999.000,9999.000
202607042054,   1.211,   1.938,9999.000,9999.000,9999.000,9999.000,9999.000,9999.000,9999.000
202607042100,   1.186,   1.899,   0.600,   0.113,   1.899,   0.600,   1.899,   0.600,   1.899
202607042106,   1.160,   1.869,9999.000,9999.000,9999.000,9999.000,9999.000,9999.000,9999.000
202607042112,   1.135,   1.840,9999.000,9999.000,9999.000,9999.000,9999.000,9999.000,9999.000
202607042118,   1.110,   1.820,9999.000,9999.000,9999.000,9999.000,9999.000,9999.000,9999.000
202607042124,   1.085,   1.800,9999.000,9999.000,9999.000,9999.000,9999.000,9999.000,9999.000
202607042130,   1.060,   1.748,9999.000,9999.000,9999.000,9999.000,9999.000,9999.000,9999.000
202607042136,   1.035,   1.718,9999.000,9999.000,9999.000,9999.000,9999.000,9999.000,9999.000
202607042142,   1.011,   1.708,9999.000,9999.000,9999.000,9999.000,9999.000,9999.000,9999.000
202607042148,   0.987,   1.679,9999.000,9999.000,9999.000,9999.000,9999.000,9999.000,9999.000
202607042154,   0.963,   1.649,9999.000,9999.000,9999.000,9999.000,9999.000,9999.000,9999.000
202607042200,   0.939,   1.639,   0.600,   0.100,   1.639,   0.600,   1.639,   0.700,   1.739
202607042206,   0.916,   1.600,9999.000,9999.000,9999.000,9999.000,9999.000,9999.000,9999.000
202607042212,   0.894,   1.590,9999.000,9999.000,9999.000,9999.000,9999.000,9999.000,9999.000
202607042218,   0.873,   1.548,9999.000,9999.000,9999.000,9999.000,9999.000,9999.000,9999.000
202607042224,   0.852,   1.518,9999.000,9999.000,9999.000,9999.000,9999.000,9999.000,9999.000
202607042230,   0.833,   1.508,9999.000,9999.000,9999.000,9999.000,9999.000,9999.000,9999.000
202607042236,   0.815,   1.498,9999.000,9999.000,9999.000,9999.000,9999.000,9999.000,9999.000
202607042242,   0.799,   1.489,9999.000,9999.000,9999.000,9999.000,9999.000,9999.000,9999.000
202607042248,   0.784,   1.469,9999.000,9999.000,9999.000,9999.000,9999.000,9999.000,9999.000
202607042254,   0.771,   1.469,9999.000,9999.000,9999.000,9999.000,9999.000,9999.000,9999.000
202607042300,   0.760,   1.430,   0.600,   0.070,   1.430,   0.600,   1.430,   0.600,   1.430
202607042306,   0.752,   1.469,9999.000,9999.000,9999.000,9999.000,9999.000,9999.000,9999.000
202607042312,   0.745,   1.439,9999.000,9999.000,9999.000,9999.000,9999.000,9999.000,9999.000
202607042318,   0.742,   1.430,9999.000,9999.000,9999.000,9999.000,9999.000,9999.000,9999.000
202607042324,   0.740,   1.479,9999.000,9999.000,9999.000,9999.000,9999.000,9999.000,9999.000
202607042330,   0.742,   1.430,9999.000,9999.000,9999.000,9999.000,9999.000,9999.000,9999.000
202607042336,   0.746,   1.459,9999.000,9999.000,9999.000,9999.000,9999.000,9999.000,9999.000
202607042342,   0.753,   1.469,9999.000,9999.000,9999.000,9999.000,9999.000,9999.000,9999.000
202607042348,   0.763,   1.439,9999.000,9999.000,9999.000,9999.000,9999.000,9999.000,9999.000
202607042354,   0.776,   1.479,9999.000,9999.000,9999.000,9999.000,9999.000,9999.000,9999.000
202607050000,   0.791,   1.489,   0.600,   0.098,   1.489,   0.600,   1.489,   0.700,   1.589
202607050006,   0.810,   1.508,9999.000,9999.000,9999.000,9999.000,9999.000,9999.000,9999.000
202607050012,   0.832,   1.548,9999.000,9999.000,9999.000,9999.000,9999.000,9999.000,9999.000
202607050018,   0.856,   1.557,9999.000,9999.000,9999.000,9999.000,9999.000,9999.000,9999.000
202607050024,   0.883,   1.538,9999.000,9999.000,9999.000,9999.000,9999.000,9999.000,9999.000
202607050030,   0.913,   1.557,9999.000,9999.000,9999.000,9999.000,9999.000,9999.000,9999.000
202607050036,   0.945,   1.600,9999.000,9999.000,9999.000,9999.000,9999.000,9999.000,9999.000
202607050042,   0.979,   1.630,9999.000,9999.000,9999.000,9999.000,9999.000,9999.000,9999.000
202607050048,   1.015,   1.669,9999.000,9999.000,9999.000,9999.000,9999.000,9999.000,9999.000
202607050054,   1.054,   1.689,9999.000,9999.000,9999.000,9999.000,9999.000,9999.000,9999.000
202607050100,   1.094,   1.738,   0.600,   0.044,   1.738,   0.600,   1.738,   0.700,   1.838
202607050106,   1.135,   1.758,9999.000,9999.000,9999.000,9999.000,9999.000,9999.000,9999.000
202607050112,   1.178,   1.758,9999.000,9999.000,9999.000,9999.000,9999.000,9999.000,9999.000
202607050118,   1.221,   1.748,9999.000,9999.000,9999.000,9999.000,9999.000,9999.000,9999.000
202607050124,   1.266,   1.800,9999.000,9999.000,9999.000,9999.000,9999.000,9999.000,9999.000
202607050130,   1.310,   1.879,9999.000,9999.000,9999.000,9999.000,9999.000,9999.000,9999.000
202607050136,   1.356,   2.000,9999.000,9999.000,9999.000,9999.000,9999.000,9999.000,9999.000
202607050142,   1.401,   2.040,9999.000,9999.000,9999.000,9999.000,9999.000,9999.000,9999.000
202607050148,   1.446,   2.069,9999.000,9999.000,9999.000,9999.000,9999.000,9999.000,9999.000
202607050154,   1.491,   2.269,9999.000,9999.000,9999.000,9999.000,9999.000,9999.000,9999.000
202607050200,   1.535,   2.440,   0.600,   0.305,   2.440,   0.600,   2.440,   0.700,   2.540
202607050206,   1.578,   2.200,9999.000,9999.000,9999.000,9999.000,9999.000,9999.000,9999.000
202607050212,   1.620,   2.289,9999.000,9999.000,9999.000,9999.000,9999.000,9999.000,9999.000
202607050218,   1.661,   2.220,9999.000,9999.000,9999.000,9999.000,9999.000,9999.000,9999.000
202607050224,   1.701,   2.450,9999.000,9999.000,9999.000,9999.000,9999.000,9999.000,9999.000
202607050230,   1.740,   2.597,9999.000,9999.000,9999.000,9999.000,9999.000,9999.000,9999.000
202607050236,   1.777,   2.568,9999.000,9999.000,9999.000,9999.000,9999.000,9999.000,9999.000
202607050242,   1.813,   2.420,9999.000,9999.000,9999.000,9999.000,9999.000,9999.000,9999.000
202607050248,   1.848,   2.610,9999.000,9999.000,9999.000,9999.000,9999.000,9999.000,9999.000
202607050254,   1.880,   2.597,9999.000,9999.000,9999.000,9999.000,9999.000,9999.000,9999.000
202607050300,   1.911,   2.538,   0.600,   0.027,   2.538,   0.600,   2.538,   0.700,   2.638
202607050306,   1.941,   2.348,9999.000,9999.000,9999.000,9999.000,9999.000,9999.000,9999.000
202607050312,   1.969,   2.469,9999.000,9999.000,9999.000,9999.000,9999.000,9999.000,9999.000
202607050318,   1.996,   2.568,9999.000,9999.000,9999.000,9999.000,9999.000,9999.000,9999.000
202607050324,   2.021,   2.528,9999.000,9999.000,9999.000,9999.000,9999.000,9999.000,9999.000
202607050330,   2.044,   2.368,9999.000,9999.000,9999.000,9999.000,9999.000,9999.000,9999.000
202607050336,   2.067,   2.400,9999.000,9999.000,9999.000,9999.000,9999.000,9999.000,9999.000
202607050342,   2.088,   2.548,9999.000,9999.000,9999.000,9999.000,9999.000,9999.000,9999.000
202607050348,   2.107,   2.469,9999.000,9999.000,9999.000,9999.000,9999.000,9999.000,9999.000
202607050354,   2.126,   2.489,9999.000,9999.000,9999.000,9999.000,9999.000,9999.000,9999.000
202607050400,   2.143,   2.528,   0.600,  -0.215,   2.528,   0.500,   2.428,   0.600,   2.528
202607050406,   2.159,   2.538,9999.000,9999.000,9999.000,9999.000,9999.000,9999.000,9999.000
202607050412,   2.173,   2.578,9999.000,9999.000,9999.000,9999.000,9999.000,9999.000,9999.000
202607050418,   2.187,   2.709,9999.000,9999.000,9999.000,9999.000,9999.000,9999.000,9999.000
202607050424,   2.199,   2.630,9999.000,9999.000,9999.000,9999.000,9999.000,9999.000,9999.000
202607050430,   2.210,   2.597,9999.000,9999.000,9999.000,9999.000,9999.000,9999.000,9999.000
202607050436,   2.219,   2.748,9999.000,9999.000,9999.000,9999.000,9999.000,9999.000,9999.000
202607050442,   2.227,   2.807,9999.000,9999.000,9999.000,9999.000,9999.000,9999.000,9999.000
202607050448,   2.234,   2.660,9999.000,9999.000,9999.000,9999.000,9999.000,9999.000,9999.000
202607050454,   2.239,   2.630,9999.000,9999.000,9999.000,9999.000,9999.000,9999.000,9999.000
202607050500,   2.242,   2.699,   0.600,  -0.143,   2.699,   0.500,   2.599,   0.600,   2.699
202607050506,   2.244,   2.679,9999.000,9999.000,9999.000,9999.000,9999.000,9999.000,9999.000
202607050512,   2.243,   2.758,9999.000,9999.000,9999.000,9999.000,9999.000,9999.000,9999.000
202607050518,   2.241,   2.689,9999.000,9999.000,9999.000,9999.000,9999.000,9999.000,9999.000
202607050524,   2.236,   2.620,9999.000,9999.000,9999.000,9999.000,9999.000,9999.000,9999.000
202607050530,   2.230,   2.778,9999.000,9999.000,9999.000,9999.000,9999.000,9999.000,9999.000
202607050536,   2.221,   2.807,9999.000,9999.000,9999.000,9999.000,9999.000,9999.000,9999.000
202607050542,   2.209,   2.919,9999.000,9999.000,9999.000,9999.000,9999.000,9999.000,9999.000
202607050548,   2.196,   2.948,9999.000,9999.000,9999.000,9999.000,9999.000,9999.000,9999.000
202607050554,   2.180,   2.988,9999.000,9999.000,9999.000,9999.000,9999.000,9999.000,9999.000
202607050600,   2.161,   2.879,   0.500,   0.218,   2.879,   0.500,   2.879,   0.600,   2.979
202607050606,   2.140,   2.899,9999.000,9999.000,9999.000,9999.000,9999.000,9999.000,9999.000
202607050612,   2.117,   2.919,9999.000,9999.000,9999.000,9999.000,9999.000,9999.000,9999.000
202607050618,   2.091,   2.899,9999.000,9999.000,9999.000,9999.000,9999.000,9999.000,9999.000
202607050624,   2.063,   2.689,9999.000,9999.000,9999.000,9999.000,9999.000,9999.000,9999.000
202607050630,   2.033,   2.450,9999.000,9999.000,9999.000,9999.000,9999.000,9999.000,9999.000
202607050636,   2.001,   2.479,9999.000,9999.000,9999.000,9999.000,9999.000,9999.000,9999.000
202607050642,   1.967,   2.299,9999.000,9999.000,9999.000,9999.000,9999.000,9999.000,9999.000
202607050648,   1.931,   2.230,9999.000,9999.000,9999.000,9999.000,9999.000,9999.000,9999.000
202607050654,   1.894,   1.981,9999.000,9999.000,9999.000,9999.000,9999.000,9999.000,9999.000
202607050700,   1.856,   2.030,   0.500,  -0.326,   2.030,   0.500,   2.030,   0.600,   2.130
202607050706,   1.816,   2.000,9999.000,9999.000,9999.000,9999.000,9999.000,9999.000,9999.000
202607050712,   1.775,   1.738,9999.000,9999.000,9999.000,9999.000,9999.000,9999.000,9999.000
202607050718,   1.734,   1.659,9999.000,9999.000,9999.000,9999.000,9999.000,9999.000,9999.000
202607050724,   1.693,   1.859,9999.000,9999.000,9999.000,9999.000,9999.000,9999.000,9999.000
202607050730,   1.651,   1.758,9999.000,9999.000,9999.000,9999.000,9999.000,9999.000,9999.000
202607050736,   1.609,   1.830,9999.000,9999.000,9999.000,9999.000,9999.000,9999.000,9999.000
202607050742,   1.566,   1.990,9999.000,9999.000,9999.000,9999.000,9999.000,9999.000,9999.000
202607050748,   1.525,   1.781,9999.000,9999.000,9999.000,9999.000,9999.000,9999.000,9999.000
202607050754,   1.483,   2.030,9999.000,9999.000,9999.000,9999.000,9999.000,9999.000,9999.000
202607050800,   1.442,   2.177,   0.500,   0.235,   2.177,   0.500,   2.177,   0.600,   2.277
202607050806,   1.402,   1.879,9999.000,9999.000,9999.000,9999.000,9999.000,9999.000,9999.000
202607050812,   1.362,   1.859,9999.000,9999.000,9999.000,9999.000,9999.000,9999.000,9999.000
202607050818,   1.323,   1.879,9999.000,9999.000,9999.000,9999.000,9999.000,9999.000,9999.000
202607050824,   1.284,   1.810,9999.000,9999.000,9999.000,9999.000,9999.000,9999.000,9999.000
202607050830,   1.247,   1.679,9999.000,9999.000,9999.000,9999.000,9999.000,9999.000,9999.000
202607050836,   1.210,   1.820,9999.000,9999.000,9999.000,9999.000,9999.000,9999.000,9999.000
202607050842,   1.174,   1.820,9999.000,9999.000,9999.000,9999.000,9999.000,9999.000,9999.000
202607050848,   1.138,   1.610,9999.000,9999.000,9999.000,9999.000,9999.000,9999.000,9999.000
202607050854,   1.103,   1.879,9999.000,9999.000,9999.000,9999.000,9999.000,9999.000,9999.000
202607050900,   1.069,   2.040,   0.600,   0.371,   2.040,   0.500,   1.940,   0.600,   2.040
202607050906,   1.035,   1.767,9999.000,9999.000,9999.000,9999.000,9999.000,9999.000,9999.000
202607050912,   1.002,   1.718,9999.000,9999.000,9999.000,9999.000,9999.000,9999.000,9999.000
202607050918,   0.969,   1.820,9999.000,9999.000,9999.000,9999.000,9999.000,9999.000,9999.000
202607050924,   0.936,   1.620,9999.000,9999.000,9999.000,9999.000,9999.000,9999.000,9999.000
202607050930,   0.904,   1.649,9999.000,9999.000,9999.000,9999.000,9999.000,9999.000,9999.000
202607050936,   0.872,   1.689,9999.000,9999.000,9999.000,9999.000,9999.000,9999.000,9999.000
202607050942,   0.840,   1.620,9999.000,9999.000,9999.000,9999.000,9999.000,9999.000,9999.000
202607050948,   0.809,   1.361,9999.000,9999.000,9999.000,9999.000,9999.000,9999.000,9999.000
202607050954,   0.777,   1.439,9999.000,9999.000,9999.000,9999.000,9999.000,9999.000,9999.000
202607051000,   0.746,   1.479,   0.600,   0.133,   1.479,   0.600,   1.479,   0.600,   1.479
202607051006,   0.715,   1.318,9999.000,9999.000,9999.000,9999.000,9999.000,9999.000,9999.000
202607051012,   0.685,   1.210,9999.000,9999.000,9999.000,9999.000,9999.000,9999.000,9999.000
202607051018,   0.655,   1.239,9999.000,9999.000,9999.000,9999.000,9999.000,9999.000,9999.000
202607051024,   0.625,   1.190,9999.000,9999.000,9999.000,9999.000,9999.000,9999.000,9999.000
202607051030,   0.597,   1.170,9999.000,9999.000,9999.000,9999.000,9999.000,9999.000,9999.000
202607051036,   0.569,   1.220,9999.000,9999.000,9999.000,9999.000,9999.000,9999.000,9999.000
202607051042,   0.542,   1.269,9999.000,9999.000,9999.000,9999.000,9999.000,9999.000,9999.000
202607051048,   0.516,   1.059,9999.000,9999.000,9999.000,9999.000,9999.000,9999.000,9999.000
202607051054,   0.491,   1.079,9999.000,9999.000,9999.000,9999.000,9999.000,9999.000,9999.000
202607051100,   0.468,   1.088,   0.700,  -0.080,   1.088,   0.600,   0.988,   0.700,   1.088
202607051106,   0.447,   1.220,9999.000,9999.000,9999.000,9999.000,9999.000,9999.000,9999.000
202607051112,   0.428,   1.039,9999.000,9999.000,9999.000,9999.000,9999.000,9999.000,9999.000
202607051118,   0.410,   0.888,9999.000,9999.000,9999.000,9999.000,9999.000,9999.000,9999.000
202607051124,   0.395,   0.970,9999.000,9999.000,9999.000,9999.000,9999.000,9999.000,9999.000
202607051130,   0.382,   0.918,9999.000,9999.000,9999.000,9999.000,9999.000,9999.000,9999.000
202607051136,   0.372,   0.928,9999.000,9999.000,9999.000,9999.000,9999.000,9999.000,9999.000
202607051142,   0.365,   0.908,9999.000,9999.000,9999.000,9999.000,9999.000,9999.000,9999.000
202607051148,   0.360,   0.839,9999.000,9999.000,9999.000,9999.000,9999.000,9999.000,9999.000
202607051154,   0.359,   0.918,9999.000,9999.000,9999.000,9999.000,9999.000,9999.000,9999.000
202607051200,   0.361,   1.020,   0.600,   0.059,   1.020,   0.600,   1.020,   0.600,   1.020
202607051206,   0.366,   1.020,9999.000,9999.000,9999.000,9999.000,9999.000,9999.000,9999.000
202607051212,   0.374,   0.941,9999.000,9999.000,9999.000,9999.000,9999.000,9999.000,9999.000
202607051218,   0.385,   1.039,9999.000,9999.000,9999.000,9999.000,9999.000,9999.000,9999.000
202607051224,   0.400,   1.118,9999.000,9999.000,9999.000,9999.000,9999.000,9999.000,9999.000
202607051230,   0.418,   1.000,9999.000,9999.000,9999.000,9999.000,9999.000,9999.000,9999.000
202607051236,   0.439,   1.029,9999.000,9999.000,9999.000,9999.000,9999.000,9999.000,9999.000
202607051242,   0.463,   1.069,9999.000,9999.000,9999.000,9999.000,9999.000,9999.000,9999.000
202607051248,   0.490,   1.069,9999.000,9999.000,9999.000,9999.000,9999.000,9999.000,9999.000
202607051254,   0.521,   0.990,9999.000,9999.000,9999.000,9999.000,9999.000,9999.000,9999.000
202607051300,   0.554,   1.180,   0.600,   0.026,   1.180,   0.600,   1.180,   0.600,   1.180
202607051306,   0.590,   1.170,9999.000,9999.000,9999.000,9999.000,9999.000,9999.000,9999.000
202607051312,   0.628,   1.118,9999.000,9999.000,9999.000,9999.000,9999.000,9999.000,9999.000
202607051318,   0.668,   1.249,9999.000,9999.000,9999.000,9999.000,9999.000,9999.000,9999.000
202607051324,   0.711,   1.361,9999.000,9999.000,9999.000,9999.000,9999.000,9999.000,9999.000
202607051330,   0.755,   1.348,9999.000,9999.000,9999.000,9999.000,9999.000,9999.000,9999.000
202607051336,   0.801,   1.489,9999.000,9999.000,9999.000,9999.000,9999.000,9999.000,9999.000
202607051342,   0.848,   1.518,9999.000,9999.000,9999.000,9999.000,9999.000,9999.000,9999.000
202607051348,   0.896,   1.489,9999.000,9999.000,9999.000,9999.000,9999.000,9999.000,9999.000
202607051354,   0.945,   1.620,9999.000,9999.000,9999.000,9999.000,9999.000,9999.000,9999.000
202607051400,   0.995,   1.718,   0.600,   0.123,   1.718,   0.600,   1.718,   0.600,   1.718
202607051406,   1.045,   1.728,9999.000,9999.000,9999.000,9999.000,9999.000,9999.000,9999.000
202607051412,   1.095,   1.748,9999.000,9999.000,9999.000,9999.000,9999.000,9999.000,9999.000
202607051418,   1.145,   1.781,9999.000,9999.000,9999.000,9999.000,9999.000,9999.000,9999.000
202607051424,   1.194,   1.958,9999.000,9999.000,9999.000,9999.000,9999.000,9999.000,9999.000
202607051430,   1.243,   1.918,9999.000,9999.000,9999.000,9999.000,9999.000,9999.000,9999.000
202607051436,   1.291,   1.889,9999.000,9999.000,9999.000,9999.000,9999.000,9999.000,9999.000
202607051442,   1.339,   1.967,9999.000,9999.000,9999.000,9999.000,9999.000,9999.000,9999.000
202607051448,   1.385,   2.059,9999.000,9999.000,9999.000,9999.000,9999.000,9999.000,9999.000
202607051454,   1.431,   2.128,9999.000,9999.000,9999.000,9999.000,9999.000,9999.000,9999.000
202607051500,   1.475,   2.200,   0.600,   0.125,   2.200,   0.600,   2.200,   0.600,   2.200
202607051506,   1.518,   2.259,9999.000,9999.000,9999.000,9999.000,9999.000,9999.000,9999.000
202607051512,   1.559,   2.259,9999.000,9999.000,9999.000,9999.000,9999.000,9999.000,9999.000
202607051518,   1.600,   2.420,9999.000,9999.000,9999.000,9999.000,9999.000,9999.000,9999.000
202607051524,   1.638,   2.519,9999.000,9999.000,9999.000,9999.000,9999.000,9999.000,9999.000
202607051530,   1.676,   2.509,9999.000,9999.000,9999.000,9999.000,9999.000,9999.000,9999.000
202607051536,   1.712,   2.558,9999.000,9999.000,9999.000,9999.000,9999.000,9999.000,9999.000
202607051542,   1.746,   2.650,9999.000,9999.000,9999.000,9999.000,9999.000,9999.000,9999.000
202607051548,   1.780,   2.640,9999.000,9999.000,9999.000,9999.000,9999.000,9999.000,9999.000
202607051554,   1.812,   2.568,9999.000,9999.000,9999.000,9999.000,9999.000,9999.000,9999.000
202607051600,   1.843,   2.748,   0.600,   0.305,   2.748,   0.600,   2.748,   0.600,   2.748
202607051606,   1.872,   2.719,9999.000,9999.000,9999.000,9999.000,9999.000,9999.000,9999.000
202607051612,   1.901,   2.689,9999.000,9999.000,9999.000,9999.000,9999.000,9999.000,9999.000
202607051618,   1.928,   2.850,9999.000,9999.000,9999.000,9999.000,9999.000,9999.000,9999.000
202607051624,   1.954,   2.860,9999.000,9999.000,9999.000,9999.000,9999.000,9999.000,9999.000
202607051630,   1.979,   2.840,9999.000,9999.000,9999.000,9999.000,9999.000,9999.000,9999.000
202607051636,   2.003,   2.899,9999.000,9999.000,9999.000,9999.000,9999.000,9999.000,9999.000
202607051642,   2.025,   2.958,9999.000,9999.000,9999.000,9999.000,9999.000,9999.000,9999.000
202607051648,   2.047,   2.919,9999.000,9999.000,9999.000,9999.000,9999.000,9999.000,9999.000
202607051654,   2.067,   2.948,9999.000,9999.000,9999.000,9999.000,9999.000,9999.000,9999.000
202607051700,   2.086,   2.948,   0.600,   0.262,   2.948,   0.600,   2.948,   0.700,   3.048
202607051706,   2.104,   2.899,9999.000,9999.000,9999.000,9999.000,9999.000,9999.000,9999.000
202607051712,   2.120,   2.958,9999.000,9999.000,9999.000,9999.000,9999.000,9999.000,9999.000
202607051718,   2.134,   2.929,9999.000,9999.000,9999.000,9999.000,9999.000,9999.000,9999.000
202607051724,   2.147,   2.889,9999.000,9999.000,9999.000,9999.000,9999.000,9999.000,9999.000
202607051730,   2.159,   2.909,9999.000,9999.000,9999.000,9999.000,9999.000,9999.000,9999.000
202607051736,   2.168,   2.869,9999.000,9999.000,9999.000,9999.000,9999.000,9999.000,9999.000
202607051742,   2.175,   2.919,9999.000,9999.000,9999.000,9999.000,9999.000,9999.000,9999.000
202607051748,   2.180,   2.889,9999.000,9999.000,9999.000,9999.000,9999.000,9999.000,9999.000
202607051754,   2.183,   2.869,9999.000,9999.000,9999.000,9999.000,9999.000,9999.000,9999.000
202607051800,   2.184,   2.869,   0.600,   0.085,   2.869,   0.600,   2.869,   0.700,   2.969
202607051806,   2.183,   2.840,9999.000,9999.000,9999.000,9999.000,9999.000,9999.000,9999.000
202607051812,   2.179,   2.869,9999.000,9999.000,9999.000,9999.000,9999.000,9999.000,9999.000
202607051818,   2.172,   2.850,9999.000,9999.000,9999.000,9999.000,9999.000,9999.000,9999.000
202607051824,   2.164,   2.879,9999.000,9999.000,9999.000,9999.000,9999.000,9999.000,9999.000
202607051830,   2.152,   2.840,9999.000,9999.000,9999.000,9999.000,9999.000,9999.000,9999.000
202607051836,   2.139,   2.787,9999.000,9999.000,9999.000,9999.000,9999.000,9999.000,9999.000
202607051842,   2.123,   2.787,9999.000,9999.000,9999.000,9999.000,9999.000,9999.000,9999.000
202607051848,   2.105,   2.787,9999.000,9999.000,9999.000,9999.000,9999.000,9999.000,9999.000
202607051854,   2.084,   2.679,9999.000,9999.000,9999.000,9999.000,9999.000,9999.000,9999.000
202607051900,   2.062,   2.620,   0.600,  -0.042,   2.620,   0.600,   2.620,   0.700,   2.720
202607051906,   2.038,   2.640,9999.000,9999.000,9999.000,9999.000,9999.000,9999.000,9999.000
202607051912,   2.012,   2.650,9999.000,9999.000,9999.000,9999.000,9999.000,9999.000,9999.000
202607051918,   1.984,   2.587,9999.000,9999.000,9999.000,9999.000,9999.000,9999.000,9999.000
202607051924,   1.956,   2.568,9999.000,9999.000,9999.000,9999.000,9999.000,9999.000,9999.000
202607051930,   1.926,   2.499,9999.000,9999.000,9999.000,9999.000,9999.000,9999.000,9999.000
202607051936,   1.895,   2.469,9999.000,9999.000,9999.000,9999.000,9999.000,9999.000,9999.000
202607051942,   1.863,   2.489,9999.000,9999.000,9999.000,9999.000,9999.000,9999.000,9999.000
202607051948,   1.831,   2.489,9999.000,9999.000,9999.000,9999.000,9999.000,9999.000,9999.000
202607051954,   1.799,   2.358,9999.000,9999.000,9999.000,9999.000,9999.000,9999.000,9999.000
202607052000,   1.766,   2.377,   0.600,   0.011,   2.377,   0.600,   2.377,   0.700,   2.477
202607052006,   1.733,   2.358,9999.000,9999.000,9999.000,9999.000,9999.000,9999.000,9999.000
202607052012,   1.701,   2.328,9999.000,9999.000,9999.000,9999.000,9999.000,9999.000,9999.000
202607052018,   1.669,   2.279,9999.000,9999.000,9999.000,9999.000,9999.000,9999.000,9999.000
202607052024,   1.637,   2.328,9999.000,9999.000,9999.000,9999.000,9999.000,9999.000,9999.000
202607052030,   1.605,   2.158,9999.000,9999.000,9999.000,9999.000,9999.000,9999.000,9999.000
202607052036,   1.574,   2.148,9999.000,9999.000,9999.000,9999.000,9999.000,9999.000,9999.000
202607052042,   1.544,   2.168,9999.000,9999.000,9999.000,9999.000,9999.000,9999.000,9999.000
202607052048,   1.514,   2.069,9999.000,9999.000,9999.000,9999.000,9999.000,9999.000,9999.000
202607052054,   1.485,   2.089,9999.000,9999.000,9999.000,9999.000,9999.000,9999.000,9999.000
202607052100,   1.456,   2.118,   0.600,   0.062,   2.118,   0.600,   2.118,   0.700,   2.218
202607052106,   1.428,   2.030,9999.000,9999.000,9999.000,9999.000,9999.000,9999.000,9999.000
202607052112,   1.401,   1.990,9999.000,9999.000,9999.000,9999.000,9999.000,9999.000,9999.000
202607052118,   1.373,   1.928,9999.000,9999.000,9999.000,9999.000,9999.000,9999.000,9999.000
202607052124,   1.346,   1.958,9999.000,9999.000,9999.000,9999.000,9999.000,9999.000,9999.000
202607052130,   1.319,   1.889,9999.000,9999.000,9999.000,9999.000,9999.000,9999.000,9999.000
202607052136,   1.293,   1.869,9999.000,9999.000,9999.000,9999.000,9999.000,9999.000,9999.000
202607052142,   1.266,   1.820,9999.000,9999.000,9999.000,9999.000,9999.000,9999.000,9999.000
202607052148,   1.240,   1.810,9999.000,9999.000,9999.000,9999.000,9999.000,9999.000,9999.000
202607052154,   1.213,   1.800,9999.000,9999.000,9999.000,9999.000,9999.000,9999.000,9999.000
202607052200,   1.187,   1.781,   0.600,  -0.006,   1.781,   0.600,   1.781,   0.700,   1.881
202607052206,   1.160,   1.718,9999.000,9999.000,9999.000,9999.000,9999.000,9999.000,9999.000
202607052212,   1.133,   1.718,9999.000,9999.000,9999.000,9999.000,9999.000,9999.000,9999.000
202607052218,   1.106,   1.649,9999.000,9999.000,9999.000,9999.000,9999.000,9999.000,9999.000
202607052224,   1.079,   1.689,9999.000,9999.000,9999.000,9999.000,9999.000,9999.000,9999.000
202607052230,   1.052,   1.669,9999.000,9999.000,9999.000,9999.000,9999.000,9999.000,9999.000
202607052236,   1.025,   1.639,9999.000,9999.000,9999.000,9999.000,9999.000,9999.000,9999.000
202607052242,   0.998,   1.580,9999.000,9999.000,9999.000,9999.000,9999.000,9999.000,9999.000
202607052248,   0.971,   1.620,9999.000,9999.000,9999.000,9999.000,9999.000,9999.000,9999.000
202607052254,   0.945,   1.600,9999.000,9999.000,9999.000,9999.000,9999.000,9999.000,9999.000
202607052300,   0.919,   1.590,   0.600,   0.071,   1.590,   0.600,   1.590,   0.700,   1.690
202607052306,   0.894,   1.548,9999.000,9999.000,9999.000,9999.000,9999.000,9999.000,9999.000
202607052312,   0.869,   1.548,9999.000,9999.000,9999.000,9999.000,9999.000,9999.000,9999.000
202607052318,   0.846,   1.508,9999.000,9999.000,9999.000,9999.000,9999.000,9999.000,9999.000
202607052324,   0.824,   1.469,9999.000,9999.000,9999.000,9999.000,9999.000,9999.000,9999.000
202607052330,   0.803,   1.449,9999.000,9999.000,9999.000,9999.000,9999.000,9999.000,9999.000
202607052336,   0.784,   1.479,9999.000,9999.000,9999.000,9999.000,9999.000,9999.000,9999.000
202607052342,   0.766,   1.400,9999.000,9999.000,9999.000,9999.000,9999.000,9999.000,9999.000
202607052348,   0.751,   1.348,9999.000,9999.000,9999.000,9999.000,9999.000,9999.000,9999.000
202607052354,   0.738,   1.449,9999.000,9999.000,9999.000,9999.000,9999.000,9999.000,9999.000
202607060000,   0.727,   1.348,   0.600,   0.021,   1.348,   0.600,   1.348,   0.600,   1.348
202607060006,   0.718,   1.338,9999.000,9999.000,9999.000,9999.000,9999.000,9999.000,9999.000
202607060012,   0.713,   1.439,9999.000,9999.000,9999.000,9999.000,9999.000,9999.000,9999.000
202607060018,   0.710,   1.380,9999.000,9999.000,9999.000,9999.000,9999.000,9999.000,9999.000
202607060024,   0.710,   1.338,9999.000,9999.000,9999.000,9999.000,9999.000,9999.000,9999.000
202607060030,   0.713,   1.420,9999.000,9999.000,9999.000,9999.000,9999.000,9999.000,9999.000
202607060036,   0.719,   1.390,9999.000,9999.000,9999.000,9999.000,9999.000,9999.000,9999.000
202607060042,   0.728,   1.348,9999.000,9999.000,9999.000,9999.000,9999.000,9999.000,9999.000
202607060048,   0.741,   1.380,9999.000,9999.000,9999.000,9999.000,9999.000,9999.000,9999.000
202607060054,   0.756,   1.380,9999.000,9999.000,9999.000,9999.000,9999.000,9999.000,9999.000
202607060100,   0.775,   1.400,   0.600,   0.025,   1.400,   0.600,   1.400,   0.600,   1.400
202607060106,   0.796,   1.430,9999.000,9999.000,9999.000,9999.000,9999.000,9999.000,9999.000
202607060112,   0.821,   1.439,9999.000,9999.000,9999.000,9999.000,9999.000,9999.000,9999.000
202607060118,   0.848,   1.449,9999.000,9999.000,9999.000,9999.000,9999.000,9999.000,9999.000
202607060124,   0.877,   1.489,9999.000,9999.000,9999.000,9999.000,9999.000,9999.000,9999.000
202607060130,   0.910,   1.538,9999.000,9999.000,9999.000,9999.000,9999.000,9999.000,9999.000
202607060136,   0.944,   1.620,9999.000,9999.000,9999.000,9999.000,9999.000,9999.000,9999.000
202607060142,   0.981,   1.600,9999.000,9999.000,9999.000,9999.000,9999.000,9999.000,9999.000
202607060148,   1.019,   1.580,9999.000,9999.000,9999.000,9999.000,9999.000,9999.000,9999.000
202607060154,   1.059,   1.659,9999.000,9999.000,9999.000,9999.000,9999.000,9999.000,9999.000
202607060200,   1.100,   1.699,   0.600,  -0.001,   1.699,   0.600,   1.699,   0.600,   1.699
202607060206,   1.143,   1.738,9999.000,9999.000,9999.000,9999.000,9999.000,9999.000,9999.000
202607060212,   1.186,   1.767,9999.000,9999.000,9999.000,9999.000,9999.000,9999.000,9999.000
202607060218,   1.230,   1.728,9999.000,9999.000,9999.000,9999.000,9999.000,9999.000,9999.000
202607060224,   1.274,   1.830,9999.000,9999.000,9999.000,9999.000,9999.000,9999.000,9999.000
202607060230,   1.319,   1.830,9999.000,9999.000,9999.000,9999.000,9999.000,9999.000,9999.000
202607060236,   1.363,   1.859,9999.000,9999.000,9999.000,9999.000,9999.000,9999.000,9999.000
202607060242,   1.407,   1.869,9999.000,9999.000,9999.000,9999.000,9999.000,9999.000,9999.000
202607060248,   1.451,   1.879,9999.000,9999.000,9999.000,9999.000,9999.000,9999.000,9999.000
202607060254,   1.493,   1.948,9999.000,9999.000,9999.000,9999.000,9999.000,9999.000,9999.000
202607060300,   1.535,   1.948,   0.600,  -0.187,   1.948,   0.600,   1.948,   0.700,   2.048
202607060306,   1.576,   1.990,9999.000,9999.000,9999.000,9999.000,9999.000,9999.000,9999.000
202607060312,   1.615,   2.059,9999.000,9999.000,9999.000,9999.000,9999.000,9999.000,9999.000
202607060318,   1.654,   2.040,9999.000,9999.000,9999.000,9999.000,9999.000,9999.000,9999.000
202607060324,   1.690,   2.128,9999.000,9999.000,9999.000,9999.000,9999.000,9999.000,9999.000
202607060330,   1.725,   2.148,9999.000,9999.000,9999.000,9999.000,9999.000,9999.000,9999.000
202607060336,   1.759,   2.158,9999.000,9999.000,9999.000,9999.000,9999.000,9999.000,9999.000
202607060342,   1.791,   2.250,9999.000,9999.000,9999.000,9999.000,9999.000,9999.000,9999.000
202607060348,   1.822,   2.269,9999.000,9999.000,9999.000,9999.000,9999.000,9999.000,9999.000
202607060354,   1.850,   2.289,9999.000,9999.000,9999.000,9999.000,9999.000,9999.000,9999.000
202607060400,   1.877,   2.377,   0.600,  -0.100,   2.377,   0.600,   2.377,   0.600,   2.377
202607060406,   1.903,   2.400,9999.000,9999.000,9999.000,9999.000,9999.000,9999.000,9999.000
202607060412,   1.927,   2.450,9999.000,9999.000,9999.000,9999.000,9999.000,9999.000,9999.000
202607060418,   1.950,   2.450,9999.000,9999.000,9999.000,9999.000,9999.000,9999.000,9999.000
202607060424,   1.971,   2.528,9999.000,9999.000,9999.000,9999.000,9999.000,9999.000,9999.000
202607060430,   1.990,   2.538,9999.000,9999.000,9999.000,9999.000,9999.000,9999.000,9999.000
202607060436,   2.008,   2.597,9999.000,9999.000,9999.000,9999.000,9999.000,9999.000,9999.000
202607060442,   2.025,   2.630,9999.000,9999.000,9999.000,9999.000,9999.000,9999.000,9999.000
202607060448,   2.041,   2.568,9999.000,9999.000,9999.000,9999.000,9999.000,9999.000,9999.000
202607060454,   2.055,   2.597,9999.000,9999.000,9999.000,9999.000,9999.000,9999.000,9999.000
202607060500,   2.068,   2.660,   0.600,  -0.008,   2.660,   0.600,   2.660,   0.700,   2.760
202607060506,   2.079,   2.719,9999.000,9999.000,9999.000,9999.000,9999.000,9999.000,9999.000
202607060512,   2.089,   2.787,9999.000,9999.000,9999.000,9999.000,9999.000,9999.000,9999.000
202607060518,   2.098,   2.807,9999.000,9999.000,9999.000,9999.000,9999.000,9999.000,9999.000
202607060524,   2.105,   2.797,9999.000,9999.000,9999.000,9999.000,9999.000,9999.000,9999.000
202607060530,   2.111,   2.738,9999.000,9999.000,9999.000,9999.000,9999.000,9999.000,9999.000
202607060536,   2.115,   2.787,9999.000,9999.000,9999.000,9999.000,9999.000,9999.000,9999.000
202607060542,   2.118,   2.787,9999.000,9999.000,9999.000,9999.000,9999.000,9999.000,9999.000
202607060548,   2.119,   2.660,9999.000,9999.000,9999.000,9999.000,9999.000,9999.000,9999.000
202607060554,   2.118,   2.787,9999.000,9999.000,9999.000,9999.000,9999.000,9999.000,9999.000
202607060600,   2.115,   2.748,   0.600,   0.033,   2.748,   0.500,   2.648,   0.600,   2.748
202607060606,   2.110,   2.768,9999.000,9999.000,9999.000,9999.000,9999.000,9999.000,9999.000
202607060612,   2.103,   2.797,9999.000,9999.000,9999.000,9999.000,9999.000,9999.000,9999.000
202607060618,   2.094,   2.758,9999.000,9999.000,9999.000,9999.000,9999.000,9999.000,9999.000
202607060624,   2.083,   2.787,9999.000,9999.000,9999.000,9999.000,9999.000,9999.000,9999.000
202607060630,   2.070,   2.807,9999.000,9999.000,9999.000,9999.000,9999.000,9999.000,9999.000
202607060636,   2.054,   2.738,9999.000,9999.000,9999.000,9999.000,9999.000,9999.000,9999.000
202607060642,   2.036,   2.748,9999.000,9999.000,9999.000,9999.000,9999.000,9999.000,9999.000
202607060648,   2.015,   2.899,9999.000,9999.000,9999.000,9999.000,9999.000,9999.000,9999.000
202607060654,   1.993,   2.830,9999.000,9999.000,9999.000,9999.000,9999.000,9999.000,9999.000
202607060700,   1.968,   2.620,   0.600,   0.052,   2.620,   0.500,   2.520,   0.600,   2.620
202607060706,   1.941,   2.568,9999.000,9999.000,9999.000,9999.000,9999.000,9999.000,9999.000
202607060712,   1.913,   2.597,9999.000,9999.000,9999.000,9999.000,9999.000,9999.000,9999.000
202607060718,   1.882,   2.519,9999.000,9999.000,9999.000,9999.000,9999.000,9999.000,9999.000
202607060724,   1.849,   2.479,9999.000,9999.000,9999.000,9999.000,9999.000,9999.000,9999.000
202607060730,   1.815,   2.348,9999.000,9999.000,9999.000,9999.000,9999.000,9999.000,9999.000
202607060736,   1.780,   2.250,9999.000,9999.000,9999.000,9999.000,9999.000,9999.000,9999.000
202607060742,   1.743,   2.250,9999.000,9999.000,9999.000,9999.000,9999.000,9999.000,9999.000
202607060748,   1.706,   2.368,9999.000,9999.000,9999.000,9999.000,9999.000,9999.000,9999.000
202607060754,   1.668,   2.279,9999.000,9999.000,9999.000,9999.000,9999.000,9999.000,9999.000
202607060800,   1.629,   2.089,   0.600,  -0.140,   2.089,   0.500,   1.989,   0.600,   2.089
202607060806,   1.589,   2.191,9999.000,9999.000,9999.000,9999.000,9999.000,9999.000,9999.000
202607060812,   1.550,   2.210,9999.000,9999.000,9999.000,9999.000,9999.000,9999.000,9999.000
202607060818,   1.510,   2.148,9999.000,9999.000,9999.000,9999.000,9999.000,9999.000,9999.000
202607060824,   1.471,   2.099,9999.000,9999.000,9999.000,9999.000,9999.000,9999.000,9999.000
202607060830,   1.432,   2.089,9999.000,9999.000,9999.000,9999.000,9999.000,9999.000,9999.000
202607060836,   1.394,   2.049,9999.000,9999.000,9999.000,9999.000,9999.000,9999.000,9999.000
202607060842,   1.356,   2.069,9999.000,9999.000,9999.000,9999.000,9999.000,9999.000,9999.000
202607060848,   1.319,   1.967,9999.000,9999.000,9999.000,9999.000,9999.000,9999.000,9999.000
202607060854,   1.283,   1.938,9999.000,9999.000,9999.000,9999.000,9999.000,9999.000,9999.000
202607060900,   1.248,   1.800,   0.600,  -0.048,   1.800,   0.500,   1.700,   0.600,   1.800
202607060906,   1.213,   1.899,9999.000,9999.000,9999.000,9999.000,9999.000,9999.000,9999.000
202607060912,   1.180,   1.869,9999.000,9999.000,9999.000,9999.000,9999.000,9999.000,9999.000
202607060918,   1.148,   1.758,9999.000,9999.000,9999.000,9999.000,9999.000,9999.000,9999.000
202607060924,   1.116,   1.718,9999.000,9999.000,9999.000,9999.000,9999.000,9999.000,9999.000
202607060930,   1.085,   1.767,9999.000,9999.000,9999.000,9999.000,9999.000,9999.000,9999.000
202607060936,   1.055,   1.718,9999.000,9999.000,9999.000,9999.000,9999.000,9999.000,9999.000
202607060942,   1.026,   1.689,9999.000,9999.000,9999.000,9999.000,9999.000,9999.000,9999.000
202607060948,   0.997,   1.498,9999.000,9999.000,9999.000,9999.000,9999.000,9999.000,9999.000
202607060954,   0.969,   1.538,9999.000,9999.000,9999.000,9999.000,9999.000,9999.000,9999.000
202607061000,   0.941,   1.528,   0.600,  -0.013,   1.528,   0.500,   1.428,   0.600,   1.528
202607061006,   0.913,   1.439,9999.000,9999.000,9999.000,9999.000,9999.000,9999.000,9999.000
202607061012,   0.886,   1.410,9999.000,9999.000,9999.000,9999.000,9999.000,9999.000,9999.000
202607061018,   0.859,   1.430,9999.000,9999.000,9999.000,9999.000,9999.000,9999.000,9999.000
202607061024,   0.833,   1.361,9999.000,9999.000,9999.000,9999.000,9999.000,9999.000,9999.000
202607061030,   0.806,   1.469,9999.000,9999.000,9999.000,9999.000,9999.000,9999.000,9999.000
202607061036,   0.779,   1.449,9999.000,9999.000,9999.000,9999.000,9999.000,9999.000,9999.000
202607061042,   0.753,   1.361,9999.000,9999.000,9999.000,9999.000,9999.000,9999.000,9999.000
202607061048,   0.727,   1.318,9999.000,9999.000,9999.000,9999.000,9999.000,9999.000,9999.000
202607061054,   0.701,   1.371,9999.000,9999.000,9999.000,9999.000,9999.000,9999.000,9999.000
202607061100,   0.675,   1.328,   0.600,   0.053,   1.328,   0.500,   1.228,   0.600,   1.328
202607061106,   0.649,   1.138,9999.000,9999.000,9999.000,9999.000,9999.000,9999.000,9999.000
202607061112,   0.624,   1.229,9999.000,9999.000,9999.000,9999.000,9999.000,9999.000,9999.000
202607061118,   0.599,   1.279,9999.000,9999.000,9999.000,9999.000,9999.000,9999.000,9999.000
202607061124,   0.576,   1.138,9999.000,9999.000,9999.000,9999.000,9999.000,9999.000,9999.000
202607061130,   0.553,   1.118,9999.000,9999.000,9999.000,9999.000,9999.000,9999.000,9999.000
202607061136,   0.531,   1.000,9999.000,9999.000,9999.000,9999.000,9999.000,9999.000,9999.000
202607061142,   0.510,   0.970,9999.000,9999.000,9999.000,9999.000,9999.000,9999.000,9999.000
202607061148,   0.491,   1.059,9999.000,9999.000,9999.000,9999.000,9999.000,9999.000,9999.000
202607061154,   0.473,   1.108,9999.000,9999.000,9999.000,9999.000,9999.000,9999.000,9999.000
202607061200,   0.457,   1.029,   0.600,  -0.028,   1.029,   0.600,   1.029,   0.700,   1.129
202607061206,   0.443,   1.108,9999.000,9999.000,9999.000,9999.000,9999.000,9999.000,9999.000
202607061212,   0.432,   1.079,9999.000,9999.000,9999.000,9999.000,9999.000,9999.000,9999.000
202607061218,   0.422,   1.059,9999.000,9999.000,9999.000,9999.000,9999.000,9999.000,9999.000
202607061224,   0.416,   1.151,9999.000,9999.000,9999.000,9999.000,9999.000,9999.000,9999.000
202607061230,   0.412,   1.161,9999.000,9999.000,9999.000,9999.000,9999.000,9999.000,9999.000
202607061236,   0.411,   1.098,9999.000,9999.000,9999.000,9999.000,9999.000,9999.000,9999.000
202607061242,   0.413,   1.249,9999.000,9999.000,9999.000,9999.000,9999.000,9999.000,9999.000
202607061248,   0.418,   1.128,9999.000,9999.000,9999.000,9999.000,9999.000,9999.000,9999.000
202607061254,   0.426,   1.239,9999.000,9999.000,9999.000,9999.000,9999.000,9999.000,9999.000
202607061300,   0.438,   1.220,   0.700,   0.082,   1.220,   0.600,   1.120,   0.700,   1.220
202607061306,   0.453,   1.210,9999.000,9999.000,9999.000,9999.000,9999.000,9999.000,9999.000
202607061312,   0.471,   1.239,9999.000,9999.000,9999.000,9999.000,9999.000,9999.000,9999.000
202607061318,   0.492,   1.390,9999.000,9999.000,9999.000,9999.000,9999.000,9999.000,9999.000
202607061324,   0.517,   1.498,9999.000,9999.000,9999.000,9999.000,9999.000,9999.000,9999.000
202607061330,   0.544,   1.449,9999.000,9999.000,9999.000,9999.000,9999.000,9999.000,9999.000
202607061336,   0.575,   1.420,9999.000,9999.000,9999.000,9999.000,9999.000,9999.000,9999.000
202607061342,   0.609,   1.590,9999.000,9999.000,9999.000,9999.000,9999.000,9999.000,9999.000
202607061348,   0.645,   1.738,9999.000,9999.000,9999.000,9999.000,9999.000,9999.000,9999.000
202607061354,   0.684,   1.820,9999.000,9999.000,9999.000,9999.000,9999.000,9999.000,9999.000
202607061400,   0.726,   1.748,   0.700,   0.322,   1.748,   0.600,   1.648,   0.800,   1.848
202607061406,   0.769,   1.748,9999.000,9999.000,9999.000,9999.000,9999.000,9999.000,9999.000
202607061412,   0.815,   1.859,9999.000,9999.000,9999.000,9999.000,9999.000,9999.000,9999.000
202607061418,   0.863,   2.040,9999.000,9999.000,9999.000,9999.000,9999.000,9999.000,9999.000
202607061424,   0.912,   1.908,9999.000,9999.000,9999.000,9999.000,9999.000,9999.000,9999.000
202607061430,   0.962,   1.938,9999.000,9999.000,9999.000,9999.000,9999.000,9999.000,9999.000
202607061436,   1.013,   2.099,9999.000,9999.000,9999.000,9999.000,9999.000,9999.000,9999.000
202607061442,   1.065,   2.079,9999.000,9999.000,9999.000,9999.000,9999.000,9999.000,9999.000
202607061448,   1.118,   2.240,9999.000,9999.000,9999.000,9999.000,9999.000,9999.000,9999.000
202607061454,   1.171,   2.299,9999.000,9999.000,9999.000,9999.000,9999.000,9999.000,9999.000
202607061500,   1.224,   2.177,   0.700,   0.253,   2.177,   0.600,   2.077,   0.800,   2.277
202607061506,   1.276,   2.440,9999.000,9999.000,9999.000,9999.000,9999.000,9999.000,9999.000
202607061512,   1.329,   2.410,9999.000,9999.000,9999.000,9999.000,9999.000,9999.000,9999.000
202607061518,   1.380,   2.420,9999.000,9999.000,9999.000,9999.000,9999.000,9999.000,9999.000
202607061524,   1.431,   2.479,9999.000,9999.000,9999.000,9999.000,9999.000,9999.000,9999.000
202607061530,   1.481,   2.489,9999.000,9999.000,9999.000,9999.000,9999.000,9999.000,9999.000
202607061536,   1.530,   2.578,9999.000,9999.000,9999.000,9999.000,9999.000,9999.000,9999.000
202607061542,   1.578,   2.640,9999.000,9999.000,9999.000,9999.000,9999.000,9999.000,9999.000
202607061548,   1.624,   2.489,9999.000,9999.000,9999.000,9999.000,9999.000,9999.000,9999.000
202607061554,   1.669,   2.578,9999.000,9999.000,9999.000,9999.000,9999.000,9999.000,9999.000
202607061600,   1.712,   2.679,   0.700,   0.267,   2.679,   0.600,   2.579,   0.800,   2.779
202607061606,   1.754,   2.620,9999.000,9999.000,9999.000,9999.000,9999.000,9999.000,9999.000
202607061612,   1.794,   2.699,9999.000,9999.000,9999.000,9999.000,9999.000,9999.000,9999.000
202607061618,   1.833,   2.630,9999.000,9999.000,9999.000,9999.000,9999.000,9999.000,9999.000
202607061624,   1.870,   2.699,9999.000,9999.000,9999.000,9999.000,9999.000,9999.000,9999.000
202607061630,   1.906,   2.738,9999.000,9999.000,9999.000,9999.000,9999.000,9999.000,9999.000
202607061636,   1.940,   2.699,9999.000,9999.000,9999.000,9999.000,9999.000,9999.000,9999.000
202607061642,   1.973,   2.787,9999.000,9999.000,9999.000,9999.000,9999.000,9999.000,9999.000
202607061648,   2.004,   2.738,9999.000,9999.000,9999.000,9999.000,9999.000,9999.000,9999.000
202607061654,   2.034,   2.869,9999.000,9999.000,9999.000,9999.000,9999.000,9999.000,9999.000
202607061700,   2.062,   2.988,   0.700,   0.226,   2.988,   0.600,   2.888,   0.800,   3.088
202607061706,   2.089,   2.948,9999.000,9999.000,9999.000,9999.000,9999.000,9999.000,9999.000
202607061712,   2.115,   2.968,9999.000,9999.000,9999.000,9999.000,9999.000,9999.000,9999.000
202607061718,   2.139,   3.017,9999.000,9999.000,9999.000,9999.000,9999.000,9999.000,9999.000
202607061724,   2.162,   3.040,9999.000,9999.000,9999.000,9999.000,9999.000,9999.000,9999.000
202607061730,   2.183,   3.060,9999.000,9999.000,9999.000,9999.000,9999.000,9999.000,9999.000
202607061736,   2.203,   3.109,9999.000,9999.000,9999.000,9999.000,9999.000,9999.000,9999.000
202607061742,   2.222,   3.129,9999.000,9999.000,9999.000,9999.000,9999.000,9999.000,9999.000
202607061748,   2.239,   3.178,9999.000,9999.000,9999.000,9999.000,9999.000,9999.000,9999.000
202607061754,   2.254,   3.119,9999.000,9999.000,9999.000,9999.000,9999.000,9999.000,9999.000
202607061800,   2.268,   3.138,   0.800,   0.070,   3.138,   0.700,   3.038,   0.900,   3.238
202607061806,   2.281,   3.168,9999.000,9999.000,9999.000,9999.000,9999.000,9999.000,9999.000
202607061812,   2.291,   3.158,9999.000,9999.000,9999.000,9999.000,9999.000,9999.000,9999.000
202607061818,   2.300,   3.250,9999.000,9999.000,9999.000,9999.000,9999.000,9999.000,9999.000
202607061824,   2.307,   3.217,9999.000,9999.000,9999.000,9999.000,9999.000,9999.000,9999.000
202607061830,   2.311,   3.197,9999.000,9999.000,9999.000,9999.000,9999.000,9999.000,9999.000
202607061836,   2.314,   3.319,9999.000,9999.000,9999.000,9999.000,9999.000,9999.000,9999.000
202607061842,   2.314,   3.289,9999.000,9999.000,9999.000,9999.000,9999.000,9999.000,9999.000
202607061848,   2.312,   3.217,9999.000,9999.000,9999.000,9999.000,9999.000,9999.000,9999.000
202607061854,   2.308,   3.260,9999.000,9999.000,9999.000,9999.000,9999.000,9999.000,9999.000
202607061900,   2.301,   3.230,   0.700,   0.229,   3.230,   0.700,   3.230,   0.800,   3.330
202607061906,   2.292,   3.207,9999.000,9999.000,9999.000,9999.000,9999.000,9999.000,9999.000
202607061912,   2.281,   3.197,9999.000,9999.000,9999.000,9999.000,9999.000,9999.000,9999.000
202607061918,   2.267,   3.099,9999.000,9999.000,9999.000,9999.000,9999.000,9999.000,9999.000
202607061924,   2.251,   3.089,9999.000,9999.000,9999.000,9999.000,9999.000,9999.000,9999.000
202607061930,   2.233,   3.089,9999.000,9999.000,9999.000,9999.000,9999.000,9999.000,9999.000
202607061936,   2.213,   3.050,9999.000,9999.000,9999.000,9999.000,9999.000,9999.000,9999.000
202607061942,   2.190,   2.968,9999.000,9999.000,9999.000,9999.000,9999.000,9999.000,9999.000
202607061948,   2.166,   2.919,9999.000,9999.000,9999.000,9999.000,9999.000,9999.000,9999.000
202607061954,   2.140,   2.978,9999.000,9999.000,9999.000,9999.000,9999.000,9999.000,9999.000
202607062000,   2.113,   2.909,   0.700,   0.096,   2.909,   0.600,   2.809,   0.800,   3.009
202607062006,   2.084,   2.860,9999.000,9999.000,9999.000,9999.000,9999.000,9999.000,9999.000
202607062012,   2.054,   2.807,9999.000,9999.000,9999.000,9999.000,9999.000,9999.000,9999.000
202607062018,   2.023,   2.830,9999.000,9999.000,9999.000,9999.000,9999.000,9999.000,9999.000
202607062024,   1.991,   2.719,9999.000,9999.000,9999.000,9999.000,9999.000,9999.000,9999.000
202607062030,   1.958,   2.778,9999.000,9999.000,9999.000,9999.000,9999.000,9999.000,9999.000
202607062036,   1.925,   2.728,9999.000,9999.000,9999.000,9999.000,9999.000,9999.000,9999.000
202607062042,   1.891,   2.630,9999.000,9999.000,9999.000,9999.000,9999.000,9999.000,9999.000
202607062048,   1.858,   2.709,9999.000,9999.000,9999.000,9999.000,9999.000,9999.000,9999.000
202607062054,   1.824,   2.738,9999.000,9999.000,9999.000,9999.000,9999.000,9999.000,9999.000
202607062100,   1.791,   2.748,   0.700,   0.257,   2.748,   0.700,   2.748,   0.800,   2.848
202607062106,   1.758,   2.630,9999.000,9999.000,9999.000,9999.000,9999.000,9999.000,9999.000
202607062112,   1.725,   2.597,9999.000,9999.000,9999.000,9999.000,9999.000,9999.000,9999.000
202607062118,   1.692,   2.630,9999.000,9999.000,9999.000,9999.000,9999.000,9999.000,9999.000
202607062124,   1.660,   2.620,9999.000,9999.000,9999.000,9999.000,9999.000,9999.000,9999.000
202607062130,   1.629,   2.578,9999.000,9999.000,9999.000,9999.000,9999.000,9999.000,9999.000
202607062136,   1.597,   2.528,9999.000,9999.000,9999.000,9999.000,9999.000,9999.000,9999.000
202607062142,   1.567,   2.528,9999.000,9999.000,9999.000,9999.000,9999.000,9999.000,9999.000
202607062148,   1.536,   2.519,9999.000,9999.000,9999.000,9999.000,9999.000,9999.000,9999.000
202607062154,   1.506,   2.440,9999.000,9999.000,9999.000,9999.000,9999.000,9999.000,9999.000
202607062200,   1.477,   2.400,   0.700,   0.223,   2.400,   0.700,   2.400,   0.800,   2.500
202607062206,   1.447,   2.358,9999.000,9999.000,9999.000,9999.000,9999.000,9999.000,9999.000
202607062212,   1.418,   2.299,9999.000,9999.000,9999.000,9999.000,9999.000,9999.000,9999.000
202607062218,   1.388,   2.250,9999.000,9999.000,9999.000,9999.000,9999.000,9999.000,9999.000
202607062224,   1.359,   2.138,9999.000,9999.000,9999.000,9999.000,9999.000,9999.000,9999.000
202607062230,   1.329,   2.118,9999.000,9999.000,9999.000,9999.000,9999.000,9999.000,9999.000
202607062236,   1.299,   2.079,9999.000,9999.000,9999.000,9999.000,9999.000,9999.000,9999.000
202607062242,   1.269,   2.030,9999.000,9999.000,9999.000,9999.000,9999.000,9999.000,9999.000
202607062248,   1.240,   1.938,9999.000,9999.000,9999.000,9999.000,9999.000,9999.000,9999.000
202607062254,   1.208,   1.869,9999.000,9999.000,9999.000,9999.000,9999.000,9999.000,9999.000
202607062300,   1.178,   1.830,   0.800,  -0.148,   1.830,   0.700,   1.730,   0.800,   1.830
202607062306,   1.146,   1.790,9999.000,9999.000,9999.000,9999.000,9999.000,9999.000,9999.000
202607062312,   1.115,   1.800,9999.000,9999.000,9999.000,9999.000,9999.000,9999.000,9999.000
202607062318,   1.083,   1.699,9999.000,9999.000,9999.000,9999.000,9999.000,9999.000,9999.000
202607062324,   1.051,   1.649,9999.000,9999.000,9999.000,9999.000,9999.000,9999.000,9999.000
202607062330,   1.019,   1.708,9999.000,9999.000,9999.000,9999.000,9999.000,9999.000,9999.000
202607062336,   0.987,   1.669,9999.000,9999.000,9999.000,9999.000,9999.000,9999.000,9999.000
202607062342,   0.956,   1.639,9999.000,9999.000,9999.000,9999.000,9999.000,9999.000,9999.000
202607062348,   0.925,   1.649,9999.000,9999.000,9999.000,9999.000,9999.000,9999.000,9999.000
202607062354,   0.894,   1.630,9999.000,9999.000,9999.000,9999.000,9999.000,9999.000,9999.000
202607070000,   0.864,   1.580,   0.800,  -0.084,   1.580,   0.700,   1.480,   0.800,   1.580
202607070006,   0.836,   1.659,9999.000,9999.000,9999.000,9999.000,9999.000,9999.000,9999.000
202607070012,   0.808,   1.548,9999.000,9999.000,9999.000,9999.000,9999.000,9999.000,9999.000
202607070018,   0.782,   1.528,9999.000,9999.000,9999.000,9999.000,9999.000,9999.000,9999.000
202607070024,   0.757,   1.538,9999.000,9999.000,9999.000,9999.000,9999.000,9999.000,9999.000
202607070030,   0.735,   1.498,9999.000,9999.000,9999.000,9999.000,9999.000,9999.000,9999.000
202607070036,   0.714,   1.489,9999.000,9999.000,9999.000,9999.000,9999.000,9999.000,9999.000
202607070042,   0.696,   1.557,9999.000,9999.000,9999.000,9999.000,9999.000,9999.000,9999.000
202607070048,   0.680,   1.489,9999.000,9999.000,9999.000,9999.000,9999.000,9999.000,9999.000
202607070054,   0.666,   1.508,9999.000,9999.000,9999.000,9999.000,9999.000,9999.000,9999.000
202607070100,   0.656,   1.548,   0.800,   0.092,   1.548,   0.700,   1.448,   0.800,   1.548
202607070106,   0.648,   1.508,9999.000,9999.000,9999.000,9999.000,9999.000,9999.000,9999.000
202607070112,   0.644,   1.479,9999.000,9999.000,9999.000,9999.000,9999.000,9999.000,9999.000
202607070118,   0.642,   1.489,9999.000,9999.000,9999.000,9999.000,9999.000,9999.000,9999.000
202607070124,   0.644,   1.518,9999.000,9999.000,9999.000,9999.000,9999.000,9999.000,9999.000
202607070130,   0.649,   1.508,9999.000,9999.000,9999.000,9999.000,9999.000,9999.000,9999.000
202607070136,   0.657,   1.479,9999.000,9999.000,9999.000,9999.000,9999.000,9999.000,9999.000
202607070142,   0.669,   1.498,9999.000,9999.000,9999.000,9999.000,9999.000,9999.000,9999.000
202607070148,   0.683,   1.479,9999.000,9999.000,9999.000,9999.000,9999.000,9999.000,9999.000
202607070154,   0.701,   1.508,9999.000,9999.000,9999.000,9999.000,9999.000,9999.000,9999.000
202607070200,   0.722,   1.538,   0.800,   0.016,   1.538,   0.700,   1.438,   0.800,   1.538
202607070206,   0.746,   1.528,9999.000,9999.000,9999.000,9999.000,9999.000,9999.000,9999.000
202607070212,   0.773,   1.580,9999.000,9999.000,9999.000,9999.000,9999.000,9999.000,9999.000
202607070218,   0.802,   1.639,9999.000,9999.000,9999.000,9999.000,9999.000,9999.000,9999.000
202607070224,   0.834,   1.649,9999.000,9999.000,9999.000,9999.000,9999.000,9999.000,9999.000
202607070230,   0.868,   1.679,9999.000,9999.000,9999.000,9999.000,9999.000,9999.000,9999.000
202607070236,   0.905,   1.738,9999.000,9999.000,9999.000,9999.000,9999.000,9999.000,9999.000
202607070242,   0.943,   1.728,9999.000,9999.000,9999.000,9999.000,9999.000,9999.000,9999.000
202607070248,   0.982,   1.820,9999.000,9999.000,9999.000,9999.000,9999.000,9999.000,9999.000
202607070254,   1.023,   1.869,9999.000,9999.000,9999.000,9999.000,9999.000,9999.000,9999.000
202607070300,   1.065,   1.767,   0.800,  -0.098,   1.767,   0.700,   1.667,   0.800,   1.767
202607070306,   1.108,   1.889,9999.000,9999.000,9999.000,9999.000,9999.000,9999.000,9999.000
202607070312,   1.152,   1.938,9999.000,9999.000,9999.000,9999.000,9999.000,9999.000,9999.000
202607070318,   1.195,   1.948,9999.000,9999.000,9999.000,9999.000,9999.000,9999.000,9999.000
202607070324,   1.240,   2.030,9999.000,9999.000,9999.000,9999.000,9999.000,9999.000,9999.000
202607070330,   1.283,   2.079,9999.000,9999.000,9999.000,9999.000,9999.000,9999.000,9999.000
202607070336,   1.327,   2.089,9999.000,9999.000,9999.000,9999.000,9999.000,9999.000,9999.000
202607070342,   1.369,   2.191,9999.000,9999.000,9999.000,9999.000,9999.000,9999.000,9999.000
202607070348,   1.412,   2.269,9999.000,9999.000,9999.000,9999.000,9999.000,9999.000,9999.000
202607070354,   1.453,   2.279,9999.000,9999.000,9999.000,9999.000,9999.000,9999.000,9999.000
202607070400,   1.493,   2.358,   0.800,   0.065,   2.358,   0.700,   2.258,   0.800,   2.358
202607070406,   1.532,   2.450,9999.000,9999.000,9999.000,9999.000,9999.000,9999.000,9999.000
202607070412,   1.569,   2.420,9999.000,9999.000,9999.000,9999.000,9999.000,9999.000,9999.000
202607070418,   1.605,   2.469,9999.000,9999.000,9999.000,9999.000,9999.000,9999.000,9999.000
202607070424,   1.639,   2.509,9999.000,9999.000,9999.000,9999.000,9999.000,9999.000,9999.000
202607070430,   1.672,   2.558,9999.000,9999.000,9999.000,9999.000,9999.000,9999.000,9999.000
202607070436,   1.704,   2.597,9999.000,9999.000,9999.000,9999.000,9999.000,9999.000,9999.000
202607070442,   1.733,   2.587,9999.000,9999.000,9999.000,9999.000,9999.000,9999.000,9999.000
202607070448,   1.761,   2.620,9999.000,9999.000,9999.000,9999.000,9999.000,9999.000,9999.000
202607070454,   1.787,   2.689,9999.000,9999.000,9999.000,9999.000,9999.000,9999.000,9999.000
202607070500,   1.812,   2.728,   0.800,   0.116,   2.728,   0.800,   2.728,   0.900,   2.828
202607070506,   1.835,   2.748,9999.000,9999.000,9999.000,9999.000,9999.000,9999.000,9999.000
202607070512,   1.856,   2.807,9999.000,9999.000,9999.000,9999.000,9999.000,9999.000,9999.000
202607070518,   1.876,   2.840,9999.000,9999.000,9999.000,9999.000,9999.000,9999.000,9999.000
202607070524,   1.894,   2.889,9999.000,9999.000,9999.000,9999.000,9999.000,9999.000,9999.000
202607070530,   1.911,   2.948,9999.000,9999.000,9999.000,9999.000,9999.000,9999.000,9999.000
202607070536,   1.926,   2.879,9999.000,9999.000,9999.000,9999.000,9999.000,9999.000,9999.000
202607070542,   1.939,   2.919,9999.000,9999.000,9999.000,9999.000,9999.000,9999.000,9999.000
202607070548,   1.951,   2.958,9999.000,9999.000,9999.000,9999.000,9999.000,9999.000,9999.000
202607070554,   1.962,   2.948,9999.000,9999.000,9999.000,9999.000,9999.000,9999.000,9999.000
202607070600,   1.971,   2.958,   0.800,   0.187,   2.958,   0.800,   2.958,   0.900,   3.058
202607070606,   1.979,   2.978,9999.000,9999.000,9999.000,9999.000,9999.000,9999.000,9999.000
202607070612,   1.985,   2.988,9999.000,9999.000,9999.000,9999.000,9999.000,9999.000,9999.000
202607070618,   1.989,   3.007,9999.000,9999.000,9999.000,9999.000,9999.000,9999.000,9999.000
202607070624,   1.992,   2.997,9999.000,9999.000,9999.000,9999.000,9999.000,9999.000,9999.000
202607070630,   1.993,   3.040,9999.000,9999.000,9999.000,9999.000,9999.000,9999.000,9999.000
202607070636,   1.993,   2.997,9999.000,9999.000,9999.000,9999.000,9999.000,9999.000,9999.000
202607070642,   1.990,   3.017,9999.000,9999.000,9999.000,9999.000,9999.000,9999.000,9999.000
202607070648,   1.986,   3.040,9999.000,9999.000,9999.000,9999.000,9999.000,9999.000,9999.000
202607070654,   1.980,   3.050,9999.000,9999.000,9999.000,9999.000,9999.000,9999.000,9999.000
202607070700,   1.972,   3.017,   0.800,   0.245,   3.017,   0.700,   2.917,   0.900,   3.117
202607070706,   1.961,   3.017,9999.000,9999.000,9999.000,9999.000,9999.000,9999.000,9999.000
202607070712,   1.949,   3.030,9999.000,9999.000,9999.000,9999.000,9999.000,9999.000,9999.000
202607070718,   1.935,   3.007,9999.000,9999.000,9999.000,9999.000,9999.000,9999.000,9999.000
202607070724,   1.918,   3.007,9999.000,9999.000,9999.000,9999.000,9999.000,9999.000,9999.000
202607070730,   1.900,   2.938,9999.000,9999.000,9999.000,9999.000,9999.000,9999.000,9999.000
202607070736,   1.879,   2.919,9999.000,9999.000,9999.000,9999.000,9999.000,9999.000,9999.000
202607070742,   1.857,   2.938,9999.000,9999.000,9999.000,9999.000,9999.000,9999.000,9999.000
202607070748,   1.832,   2.909,9999.000,9999.000,9999.000,9999.000,9999.000,9999.000,9999.000
202607070754,   1.806,   2.840,9999.000,9999.000,9999.000,9999.000,9999.000,9999.000,9999.000
202607070800,   1.778,   2.797,   0.800,   0.219,   2.797,   0.700,   2.697,   0.900,   2.897
202607070806,   1.748,   2.778,9999.000,9999.000,9999.000,9999.000,9999.000,9999.000,9999.000
202607070812,   1.717,   2.758,9999.000,9999.000,9999.000,9999.000,9999.000,9999.000,9999.000
202607070818,   1.685,   2.669,9999.000,9999.000,9999.000,9999.000,9999.000,9999.000,9999.000
202607070824,   1.651,   2.660,9999.000,9999.000,9999.000,9999.000,9999.000,9999.000,9999.000
202607070830,   1.617,   2.689,9999.000,9999.000,9999.000,9999.000,9999.000,9999.000,9999.000
202607070836,   1.581,   2.650,9999.000,9999.000,9999.000,9999.000,9999.000,9999.000,9999.000
202607070842,   1.546,   2.528,9999.000,9999.000,9999.000,9999.000,9999.000,9999.000,9999.000
202607070848,   1.509,   2.519,9999.000,9999.000,9999.000,9999.000,9999.000,9999.000,9999.000
202607070854,   1.473,   2.519,9999.000,9999.000,9999.000,9999.000,9999.000,9999.000,9999.000
202607070900,   1.436,   2.519,   0.800,   0.283,   2.519,   0.700,   2.419,   0.900,   2.619
202607070906,   1.400,   2.459,9999.000,9999.000,9999.000,9999.000,9999.000,9999.000,9999.000
202607070912,   1.364,   2.387,9999.000,9999.000,9999.000,9999.000,9999.000,9999.000,9999.000
202607070918,   1.329,   2.377,9999.000,9999.000,9999.000,9999.000,9999.000,9999.000,9999.000
202607070924,   1.294,   2.368,9999.000,9999.000,9999.000,9999.000,9999.000,9999.000,9999.000
202607070930,   1.260,   2.289,9999.000,9999.000,9999.000,9999.000,9999.000,9999.000,9999.000
202607070936,   1.227,   2.259,9999.000,9999.000,9999.000,9999.000,9999.000,9999.000,9999.000
202607070942,   1.194,   2.289,9999.000,9999.000,9999.000,9999.000,9999.000,9999.000,9999.000
202607070948,   1.163,   2.318,9999.000,9999.000,9999.000,9999.000,9999.000,9999.000,9999.000
202607070954,   1.132,   2.200,9999.000,9999.000,9999.000,9999.000,9999.000,9999.000,9999.000
202607071000,   1.103,   2.177,   0.800,   0.274,   2.177,   0.700,   2.077,   0.900,   2.277
202607071006,   1.074,   2.158,9999.000,9999.000,9999.000,9999.000,9999.000,9999.000,9999.000
202607071012,   1.046,   2.168,9999.000,9999.000,9999.000,9999.000,9999.000,9999.000,9999.000
202607071018,   1.019,   2.158,9999.000,9999.000,9999.000,9999.000,9999.000,9999.000,9999.000
202607071024,   0.993,   2.059,9999.000,9999.000,9999.000,9999.000,9999.000,9999.000,9999.000
202607071030,   0.967,   2.049,9999.000,9999.000,9999.000,9999.000,9999.000,9999.000,9999.000
202607071036,   0.942,   2.030,9999.000,9999.000,9999.000,9999.000,9999.000,9999.000,9999.000
202607071042,   0.918,   1.981,9999.000,9999.000,9999.000,9999.000,9999.000,9999.000,9999.000
202607071048,   0.894,   1.938,9999.000,9999.000,9999.000,9999.000,9999.000,9999.000,9999.000
202607071054,   0.870,   1.918,9999.000,9999.000,9999.000,9999.000,9999.000,9999.000,9999.000
202607071100,   0.846,   1.879,   0.800,   0.233,   1.879,   0.700,   1.779,   0.900,   1.979
202607071106,   0.823,   1.840,9999.000,9999.000,9999.000,9999.000,9999.000,9999.000,9999.000
202607071112,   0.800,   1.830,9999.000,9999.000,9999.000,9999.000,9999.000,9999.000,9999.000
202607071118,   0.777,   1.800,9999.000,9999.000,9999.000,9999.000,9999.000,9999.000,9999.000
202607071124,   0.754,   1.728,9999.000,9999.000,9999.000,9999.000,9999.000,9999.000,9999.000
202607071130,   0.731,   1.718,9999.000,9999.000,9999.000,9999.000,9999.000,9999.000,9999.000
202607071136,   0.709,   1.679,9999.000,9999.000,9999.000,9999.000,9999.000,9999.000,9999.000
202607071142,   0.686,   1.659,9999.000,9999.000,9999.000,9999.000,9999.000,9999.000,9999.000
202607071148,   0.664,   1.630,9999.000,9999.000,9999.000,9999.000,9999.000,9999.000,9999.000
202607071154,   0.642,   1.580,9999.000,9999.000,9999.000,9999.000,9999.000,9999.000,9999.000
202607071200,   0.620,   1.498,   0.700,   0.178,   1.498,   0.700,   1.498,   0.800,   1.598
202607071206,   0.599,   1.479,9999.000,9999.000,9999.000,9999.000,9999.000,9999.000,9999.000
202607071212,   0.579,   1.469,9999.000,9999.000,9999.000,9999.000,9999.000,9999.000,9999.000
202607071218,   0.559,   1.410,9999.000,9999.000,9999.000,9999.000,9999.000,9999.000,9999.000
202607071224,   0.541,   1.380,9999.000,9999.000,9999.000,9999.000,9999.000,9999.000,9999.000
202607071230,   0.524,   1.371,9999.000,9999.000,9999.000,9999.000,9999.000,9999.000,9999.000
202607071236,   0.508,   1.371,9999.000,9999.000,9999.000,9999.000,9999.000,9999.000,9999.000
202607071242,   0.494,   1.348,9999.000,9999.000,9999.000,9999.000,9999.000,9999.000,9999.000
202607071248,   0.481,   1.308,9999.000,9999.000,9999.000,9999.000,9999.000,9999.000,9999.000
202607071254,   0.471,   1.308,9999.000,9999.000,9999.000,9999.000,9999.000,9999.000,9999.000
202607071300,   0.462,   1.318,   0.700,   0.156,   1.318,   0.600,   1.218,   0.700,   1.318
202607071306,   0.457,   1.338,9999.000,9999.000,9999.000,9999.000,9999.000,9999.000,9999.000
202607071312,   0.453,   1.338,9999.000,9999.000,9999.000,9999.000,9999.000,9999.000,9999.000
202607071318,   0.452,   1.298,9999.000,9999.000,9999.000,9999.000,9999.000,9999.000,9999.000
202607071324,   0.454,   1.289,9999.000,9999.000,9999.000,9999.000,9999.000,9999.000,9999.000
202607071330,   0.459,   1.338,9999.000,9999.000,9999.000,9999.000,9999.000,9999.000,9999.000
202607071336,   0.467,   1.371,9999.000,9999.000,9999.000,9999.000,9999.000,9999.000,9999.000
202607071342,   0.479,   1.338,9999.000,9999.000,9999.000,9999.000,9999.000,9999.000,9999.000
202607071348,   0.493,   1.348,9999.000,9999.000,9999.000,9999.000,9999.000,9999.000,9999.000
202607071354,   0.511,   1.380,9999.000,9999.000,9999.000,9999.000,9999.000,9999.000,9999.000
202607071400,   0.531,   1.410,   0.700,   0.179,   1.410,   0.600,   1.310,   0.700,   1.410
202607071406,   0.555,   1.430,9999.000,9999.000,9999.000,9999.000,9999.000,9999.000,9999.000
202607071412,   0.583,   1.449,9999.000,9999.000,9999.000,9999.000,9999.000,9999.000,9999.000
202607071418,   0.613,   1.498,9999.000,9999.000,9999.000,9999.000,9999.000,9999.000,9999.000
202607071424,   0.646,   1.571,9999.000,9999.000,9999.000,9999.000,9999.000,9999.000,9999.000
202607071430,   0.683,   1.620,9999.000,9999.000,9999.000,9999.000,9999.000,9999.000,9999.000
202607071436,   0.722,   1.639,9999.000,9999.000,9999.000,9999.000,9999.000,9999.000,9999.000
202607071442,   0.763,   1.699,9999.000,9999.000,9999.000,9999.000,9999.000,9999.000,9999.000
202607071448,   0.807,   1.781,9999.000,9999.000,9999.000,9999.000,9999.000,9999.000,9999.000
202607071454,   0.854,   1.840,9999.000,9999.000,9999.000,9999.000,9999.000,9999.000,9999.000
202607071500,   0.902,   1.889,   0.700,   0.287,   1.889,   0.600,   1.789,   0.800,   1.989
202607071506,   0.952,   1.908,9999.000,9999.000,9999.000,9999.000,9999.000,9999.000,9999.000
202607071512,   1.004,   1.938,9999.000,9999.000,9999.000,9999.000,9999.000,9999.000,9999.000
202607071518,   1.057,   1.981,9999.000,9999.000,9999.000,9999.000,9999.000,9999.000,9999.000
202607071524,   1.112,   2.020,9999.000,9999.000,9999.000,9999.000,9999.000,9999.000,9999.000
202607071530,   1.167,   2.010,9999.000,9999.000,9999.000,9999.000,9999.000,9999.000,9999.000
202607071536,   1.222,   2.089,9999.000,9999.000,9999.000,9999.000,9999.000,9999.000,9999.000
202607071542,   1.278,   2.089,9999.000,9999.000,9999.000,9999.000,9999.000,9999.000,9999.000
202607071548,   1.334,   2.128,9999.000,9999.000,9999.000,9999.000,9999.000,9999.000,9999.000
202607071554,   1.390,   2.177,9999.000,9999.000,9999.000,9999.000,9999.000,9999.000,9999.000
202607071600,   1.446,   2.191,   0.700,   0.045,   2.191,   0.600,   2.091,   0.800,   2.291
202607071606,   1.501,   2.220,9999.000,9999.000,9999.000,9999.000,9999.000,9999.000,9999.000
202607071612,   1.555,   2.299,9999.000,9999.000,9999.000,9999.000,9999.000,9999.000,9999.000
202607071618,   1.608,   2.318,9999.000,9999.000,9999.000,9999.000,9999.000,9999.000,9999.000
202607071624,   1.660,   2.377,9999.000,9999.000,9999.000,9999.000,9999.000,9999.000,9999.000
202607071630,   1.711,   2.430,9999.000,9999.000,9999.000,9999.000,9999.000,9999.000,9999.000
202607071636,   1.760,   2.469,9999.000,9999.000,9999.000,9999.000,9999.000,9999.000,9999.000
202607071642,   1.808,   2.509,9999.000,9999.000,9999.000,9999.000,9999.000,9999.000,9999.000
202607071648,   1.855,   2.548,9999.000,9999.000,9999.000,9999.000,9999.000,9999.000,9999.000
202607071654,   1.899,   2.548,9999.000,9999.000,9999.000,9999.000,9999.000,9999.000,9999.000
202607071700,   1.942,   2.620,   0.700,  -0.022,   2.620,   0.600,   2.520,   0.800,   2.720
202607071706,   1.984,   2.679,9999.000,9999.000,9999.000,9999.000,9999.000,9999.000,9999.000
202607071712,   2.023,   2.719,9999.000,9999.000,9999.000,9999.000,9999.000,9999.000,9999.000
202607071718,   2.061,   2.768,9999.000,9999.000,9999.000,9999.000,9999.000,9999.000,9999.000
202607071724,   2.097,   2.768,9999.000,9999.000,9999.000,9999.000,9999.000,9999.000,9999.000
202607071730,   2.131,   2.787,9999.000,9999.000,9999.000,9999.000,9999.000,9999.000,9999.000
202607071736,   2.163,   2.889,9999.000,9999.000,9999.000,9999.000,9999.000,9999.000,9999.000
202607071742,   2.194,   2.919,9999.000,9999.000,9999.000,9999.000,9999.000,9999.000,9999.000
202607071748,   2.223,   2.938,9999.000,9999.000,9999.000,9999.000,9999.000,9999.000,9999.000
202607071754,   2.250,   3.017,9999.000,9999.000,9999.000,9999.000,9999.000,9999.000,9999.000
202607071800,   2.276,   3.040,   0.700,   0.064,   3.040,   0.600,   2.940,   0.700,   3.040
202607071806,   2.300,   3.089,9999.000,9999.000,9999.000,9999.000,9999.000,9999.000,9999.000
202607071812,   2.323,   3.099,9999.000,9999.000,9999.000,9999.000,9999.000,9999.000,9999.000
202607071818,   2.344,   3.148,9999.000,9999.000,9999.000,9999.000,9999.000,9999.000,9999.000
202607071824,   2.363,   3.188,9999.000,9999.000,9999.000,9999.000,9999.000,9999.000,9999.000
202607071830,   2.381,   3.207,9999.000,9999.000,9999.000,9999.000,9999.000,9999.000,9999.000
202607071836,   2.397,   3.250,9999.000,9999.000,9999.000,9999.000,9999.000,9999.000,9999.000
202607071842,   2.411,   3.299,9999.000,9999.000,9999.000,9999.000,9999.000,9999.000,9999.000
202607071848,   2.424,   3.279,9999.000,9999.000,9999.000,9999.000,9999.000,9999.000,9999.000
202607071854,   2.435,   3.279,9999.000,9999.000,9999.000,9999.000,9999.000,9999.000,9999.000
202607071900,   2.444,   3.289,   0.700,   0.145,   3.289,   0.600,   3.189,   0.700,   3.289
202607071906,   2.451,   3.329,9999.000,9999.000,9999.000,9999.000,9999.000,9999.000,9999.000
202607071912,   2.456,   3.289,9999.000,9999.000,9999.000,9999.000,9999.000,9999.000,9999.000
202607071918,   2.459,   3.289,9999.000,9999.000,9999.000,9999.000,9999.000,9999.000,9999.000
202607071924,   2.460,   3.289,9999.000,9999.000,9999.000,9999.000,9999.000,9999.000,9999.000
202607071930,   2.459,   3.260,9999.000,9999.000,9999.000,9999.000,9999.000,9999.000,9999.000
202607071936,   2.455,   3.279,9999.000,9999.000,9999.000,9999.000,9999.000,9999.000,9999.000
202607071942,   2.450,   3.240,9999.000,9999.000,9999.000,9999.000,9999.000,9999.000,9999.000
202607071948,   2.442,   3.197,9999.000,9999.000,9999.000,9999.000,9999.000,9999.000,9999.000
202607071954,   2.432,   3.197,9999.000,9999.000,9999.000,9999.000,9999.000,9999.000,9999.000
202607072000,   2.420,   3.188,   0.700,   0.068,   3.188,   0.600,   3.088,   0.700,   3.188
202607072006,   2.405,   3.168,9999.000,9999.000,9999.000,9999.000,9999.000,9999.000,9999.000
202607072012,   2.388,   3.119,9999.000,9999.000,9999.000,9999.000,9999.000,9999.000,9999.000
202607072018,   2.369,   3.089,9999.000,9999.000,9999.000,9999.000,9999.000,9999.000,9999.000
202607072024,   2.348,   3.050,9999.000,9999.000,9999.000,9999.000,9999.000,9999.000,9999.000
202607072030,   2.325,   3.040,9999.000,9999.000,9999.000,9999.000,9999.000,9999.000,9999.000
202607072036,   2.300,   3.007,9999.000,9999.000,9999.000,9999.000,9999.000,9999.000,9999.000
202607072042,   2.274,   2.948,9999.000,9999.000,9999.000,9999.000,9999.000,9999.000,9999.000
202607072048,   2.246,   2.948,9999.000,9999.000,9999.000,9999.000,9999.000,9999.000,9999.000
202607072054,   2.216,   2.948,9999.000,9999.000,9999.000,9999.000,9999.000,9999.000,9999.000
202607072100,   2.185,   2.929,   0.700,   0.044,   2.929,   0.600,   2.829,   0.700,   2.929
202607072106,   2.153,   2.879,9999.000,9999.000,9999.000,9999.000,9999.000,9999.000,9999.000
202607072112,   2.120,   2.860,9999.000,9999.000,9999.000,9999.000,9999.000,9999.000,9999.000
202607072118,   2.087,   2.830,9999.000,9999.000,9999.000,9999.000,9999.000,9999.000,9999.000
202607072124,   2.052,   2.820,9999.000,9999.000,9999.000,9999.000,9999.000,9999.000,9999.000
202607072130,   2.018,   2.768,9999.000,9999.000,9999.000,9999.000,9999.000,9999.000,9999.000
202607072136,   1.983,   2.709,9999.000,9999.000,9999.000,9999.000,9999.000,9999.000,9999.000
202607072142,   1.947,   2.699,9999.000,9999.000,9999.000,9999.000,9999.000,9999.000,9999.000
202607072148,   1.912,   2.669,9999.000,9999.000,9999.000,9999.000,9999.000,9999.000,9999.000
202607072154,   1.877,   2.640,9999.000,9999.000,9999.000,9999.000,9999.000,9999.000,9999.000
202607072200,   1.841,   2.597,   0.700,   0.056,   2.597,   0.600,   2.497,   0.800,   2.697
202607072206,   1.806,   2.578,9999.000,9999.000,9999.000,9999.000,9999.000,9999.000,9999.000
202607072212,   1.771,   2.578,9999.000,9999.000,9999.000,9999.000,9999.000,9999.000,9999.000
202607072218,   1.737,   2.528,9999.000,9999.000,9999.000,9999.000,9999.000,9999.000,9999.000
202607072224,   1.702,   2.489,9999.000,9999.000,9999.000,9999.000,9999.000,9999.000,9999.000
202607072230,   1.668,   2.459,9999.000,9999.000,9999.000,9999.000,9999.000,9999.000,9999.000
202607072236,   1.634,   2.469,9999.000,9999.000,9999.000,9999.000,9999.000,9999.000,9999.000
202607072242,   1.600,   2.420,9999.000,9999.000,9999.000,9999.000,9999.000,9999.000,9999.000
202607072248,   1.566,   2.377,9999.000,9999.000,9999.000,9999.000,9999.000,9999.000,9999.000
202607072254,   1.532,   2.348,9999.000,9999.000,9999.000,9999.000,9999.000,9999.000,9999.000
202607072300,   1.498,   2.309,   0.700,   0.111,   2.309,   0.600,   2.209,   0.800,   2.409
202607072306,   1.464,   2.250,9999.000,9999.000,9999.000,9999.000,9999.000,9999.000,9999.000
202607072312,   1.430,   2.210,9999.000,9999.000,9999.000,9999.000,9999.000,9999.000,9999.000
202607072318,   1.396,   2.138,9999.000,9999.000,9999.000,9999.000,9999.000,9999.000,9999.000
202607072324,   1.361,   2.079,9999.000,9999.000,9999.000,9999.000,9999.000,9999.000,9999.000
202607072330,   1.326,   2.049,9999.000,9999.000,9999.000,9999.000,9999.000,9999.000,9999.000
202607072336,   1.290,   1.990,9999.000,9999.000,9999.000,9999.000,9999.000,9999.000,9999.000
202607072342,   1.254,   1.918,9999.000,9999.000,9999.000,9999.000,9999.000,9999.000,9999.000
202607072348,   1.218,   1.879,9999.000,9999.000,9999.000,9999.000,9999.000,9999.000,9999.000
202607072354,   1.181,   1.840,9999.000,9999.000,9999.000,9999.000,9999.000,9999.000,9999.000
202607080000,   1.144,   1.781,   0.700,  -0.063,   1.781,   0.600,   1.681,   0.700,   1.781
202607080006,   1.107,   1.748,9999.000,9999.000,9999.000,9999.000,9999.000,9999.000,9999.000
202607080012,   1.070,   1.679,9999.000,9999.000,9999.000,9999.000,9999.000,9999.000,9999.000
202607080018,   1.032,   1.610,9999.000,9999.000,9999.000,9999.000,9999.000,9999.000,9999.000
202607080024,   0.995,   1.580,9999.000,9999.000,9999.000,9999.000,9999.000,9999.000,9999.000
202607080030,   0.958,   1.528,9999.000,9999.000,9999.000,9999.000,9999.000,9999.000,9999.000
202607080036,   0.921,   1.498,9999.000,9999.000,9999.000,9999.000,9999.000,9999.000,9999.000
202607080042,   0.885,   1.469,9999.000,9999.000,9999.000,9999.000,9999.000,9999.000,9999.000
202607080048,   0.849,   1.420,9999.000,9999.000,9999.000,9999.000,9999.000,9999.000,9999.000
202607080054,   0.815,   1.430,9999.000,9999.000,9999.000,9999.000,9999.000,9999.000,9999.000
202607080100,   0.781,   1.439,   0.700,  -0.042,   1.439,   0.600,   1.339,   0.700,   1.439
202607080106,   0.749,   1.390,9999.000,9999.000,9999.000,9999.000,9999.000,9999.000,9999.000
202607080112,   0.719,   1.371,9999.000,9999.000,9999.000,9999.000,9999.000,9999.000,9999.000
202607080118,   0.691,   1.400,9999.000,9999.000,9999.000,9999.000,9999.000,9999.000,9999.000
202607080124,   0.664,   1.390,9999.000,9999.000,9999.000,9999.000,9999.000,9999.000,9999.000
202607080130,   0.640,   1.371,9999.000,9999.000,9999.000,9999.000,9999.000,9999.000,9999.000
202607080136,   0.619,   1.361,9999.000,9999.000,9999.000,9999.000,9999.000,9999.000,9999.000
202607080142,   0.600,   1.318,9999.000,9999.000,9999.000,9999.000,9999.000,9999.000,9999.000
202607080148,   0.583,   1.289,9999.000,9999.000,9999.000,9999.000,9999.000,9999.000,9999.000
202607080154,   0.570,   1.259,9999.000,9999.000,9999.000,9999.000,9999.000,9999.000,9999.000
202607080200,   0.560,   1.269,   0.700,   0.009,   1.269,   0.600,   1.169,   0.700,   1.269
202607080206,   0.553,   1.229,9999.000,9999.000,9999.000,9999.000,9999.000,9999.000,9999.000
202607080212,   0.549,   1.210,9999.000,9999.000,9999.000,9999.000,9999.000,9999.000,9999.000
202607080218,   0.549,   1.220,9999.000,9999.000,9999.000,9999.000,9999.000,9999.000,9999.000
202607080224,   0.552,   1.190,9999.000,9999.000,9999.000,9999.000,9999.000,9999.000,9999.000
202607080230,   0.559,   1.229,9999.000,9999.000,9999.000,9999.000,9999.000,9999.000,9999.000
202607080236,   0.569,   1.279,9999.000,9999.000,9999.000,9999.000,9999.000,9999.000,9999.000
202607080242,   0.582,   1.269,9999.000,9999.000,9999.000,9999.000,9999.000,9999.000,9999.000
202607080248,   0.599,   1.289,9999.000,9999.000,9999.000,9999.000,9999.000,9999.000,9999.000
202607080254,   0.619,   1.338,9999.000,9999.000,9999.000,9999.000,9999.000,9999.000,9999.000
202607080300,   0.642,   1.361,   0.700,   0.019,   1.361,   0.600,   1.261,   0.700,   1.361
202607080306,   0.667,   1.308,9999.000,9999.000,9999.000,9999.000,9999.000,9999.000,9999.000
202607080312,   0.696,   1.338,9999.000,9999.000,9999.000,9999.000,9999.000,9999.000,9999.000
202607080318,   0.727,   1.380,9999.000,9999.000,9999.000,9999.000,9999.000,9999.000,9999.000
202607080324,   0.761,   1.400,9999.000,9999.000,9999.000,9999.000,9999.000,9999.000,9999.000
202607080330,   0.796,   1.390,9999.000,9999.000,9999.000,9999.000,9999.000,9999.000,9999.000
202607080336,   0.834,   1.439,9999.000,9999.000,9999.000,9999.000,9999.000,9999.000,9999.000
202607080342,   0.874,   1.479,9999.000,9999.000,9999.000,9999.000,9999.000,9999.000,9999.000
202607080348,   0.914,   1.508,9999.000,9999.000,9999.000,9999.000,9999.000,9999.000,9999.000
202607080354,   0.957,   1.590,9999.000,9999.000,9999.000,9999.000,9999.000,9999.000,9999.000
202607080400,   1.000,   1.630,   0.700,  -0.070,   1.630,   0.600,   1.530,   0.800,   1.730
202607080406,   1.043,   1.639,9999.000,9999.000,9999.000,9999.000,9999.000,9999.000,9999.000
202607080412,   1.087,   1.738,9999.000,9999.000,9999.000,9999.000,9999.000,9999.000,9999.000
202607080418,   1.132,   1.800,9999.000,9999.000,9999.000,9999.000,9999.000,9999.000,9999.000
202607080424,   1.176,   1.800,9999.000,9999.000,9999.000,9999.000,9999.000,9999.000,9999.000
202607080430,   1.220,   1.849,9999.000,9999.000,9999.000,9999.000,9999.000,9999.000,9999.000
202607080436,   1.263,   1.908,9999.000,9999.000,9999.000,9999.000,9999.000,9999.000,9999.000
202607080442,   1.306,   1.948,9999.000,9999.000,9999.000,9999.000,9999.000,9999.000,9999.000
202607080448,   1.348,   1.981,9999.000,9999.000,9999.000,9999.000,9999.000,9999.000,9999.000
202607080454,   1.388,   2.000,9999.000,9999.000,9999.000,9999.000,9999.000,9999.000,9999.000
202607080500,   1.428,   2.030,   0.700,  -0.098,   2.030,   0.600,   1.930,   0.800,   2.130
202607080506,   1.466,   2.059,9999.000,9999.000,9999.000,9999.000,9999.000,9999.000,9999.000
202607080512,   1.502,   2.109,9999.000,9999.000,9999.000,9999.000,9999.000,9999.000,9999.000
202607080518,   1.537,   2.109,9999.000,9999.000,9999.000,9999.000,9999.000,9999.000,9999.000
202607080524,   1.571,   2.128,9999.000,9999.000,9999.000,9999.000,9999.000,9999.000,9999.000
202607080530,   1.602,   2.191,9999.000,9999.000,9999.000,9999.000,9999.000,9999.000,9999.000
202607080536,   1.632,   2.220,9999.000,9999.000,9999.000,9999.000,9999.000,9999.000,9999.000
202607080542,   1.660,   2.210,9999.000,9999.000,9999.000,9999.000,9999.000,9999.000,9999.000
202607080548,   1.687,   2.200,9999.000,9999.000,9999.000,9999.000,9999.000,9999.000,9999.000
202607080554,   1.712,   2.279,9999.000,9999.000,9999.000,9999.000,9999.000,9999.000,9999.000
202607080600,   1.734,   2.289,   0.700,  -0.145,   2.289,   0.600,   2.189,   0.700,   2.289
202607080606,   1.756,   2.309,9999.000,9999.000,9999.000,9999.000,9999.000,9999.000,9999.000
202607080612,   1.775,   2.328,9999.000,9999.000,9999.000,9999.000,9999.000,9999.000,9999.000
202607080618,   1.793,   2.348,9999.000,9999.000,9999.000,9999.000,9999.000,9999.000,9999.000
202607080624,   1.809,   2.377,9999.000,9999.000,9999.000,9999.000,9999.000,9999.000,9999.000
202607080630,   1.824,   2.400,9999.000,9999.000,9999.000,9999.000,9999.000,9999.000,9999.000
202607080636,   1.837,   2.368,9999.000,9999.000,9999.000,9999.000,9999.000,9999.000,9999.000
202607080642,   1.848,   2.410,9999.000,9999.000,9999.000,9999.000,9999.000,9999.000,9999.000
202607080648,   1.858,   2.420,9999.000,9999.000,9999.000,9999.000,9999.000,9999.000,9999.000
202607080654,   1.866,   2.440,9999.000,9999.000,9999.000,9999.000,9999.000,9999.000,9999.000
202607080700,   1.873,   2.400,   0.600,  -0.073,   2.400,   0.600,   2.400,   0.700,   2.500
202607080706,   1.878,   2.430,9999.000,9999.000,9999.000,9999.000,9999.000,9999.000,9999.000
202607080712,   1.881,   2.450,9999.000,9999.000,9999.000,9999.000,9999.000,9999.000,9999.000
202607080718,   1.883,   2.459,9999.000,9999.000,9999.000,9999.000,9999.000,9999.000,9999.000
202607080724,   1.883,   2.450,9999.000,9999.000,9999.000,9999.000,9999.000,9999.000,9999.000
202607080730,   1.882,   2.459,9999.000,9999.000,9999.000,9999.000,9999.000,9999.000,9999.000
202607080736,   1.878,   2.440,9999.000,9999.000,9999.000,9999.000,9999.000,9999.000,9999.000
202607080742,   1.873,   2.459,9999.000,9999.000,9999.000,9999.000,9999.000,9999.000,9999.000
202607080748,   1.866,   2.489,9999.000,9999.000,9999.000,9999.000,9999.000,9999.000,9999.000
202607080754,   1.857,   2.450,9999.000,9999.000,9999.000,9999.000,9999.000,9999.000,9999.000
202607080800,   1.846,   2.377,   0.600,  -0.069,   2.377,   0.500,   2.277,   0.700,   2.477
202607080806,   1.834,   2.410,9999.000,9999.000,9999.000,9999.000,9999.000,9999.000,9999.000
202607080812,   1.819,   2.420,9999.000,9999.000,9999.000,9999.000,9999.000,9999.000,9999.000
202607080818,   1.802,   2.368,9999.000,9999.000,9999.000,9999.000,9999.000,9999.000,9999.000
202607080824,   1.784,   2.358,9999.000,9999.000,9999.000,9999.000,9999.000,9999.000,9999.000
202607080830,   1.763,   2.348,9999.000,9999.000,9999.000,9999.000,9999.000,9999.000,9999.000
202607080836,   1.741,   2.299,9999.000,9999.000,9999.000,9999.000,9999.000,9999.000,9999.000
202607080842,   1.717,   2.318,9999.000,9999.000,9999.000,9999.000,9999.000,9999.000,9999.000
202607080848,   1.692,   2.309,9999.000,9999.000,9999.000,9999.000,9999.000,9999.000,9999.000
202607080854,   1.664,   2.250,9999.000,9999.000,9999.000,9999.000,9999.000,9999.000,9999.000
202607080900,   1.636,   2.191,   0.600,  -0.045,   2.191,   0.600,   2.191,   0.700,   2.291
202607080906,   1.606,   2.220,9999.000,9999.000,9999.000,9999.000,9999.000,9999.000,9999.000
202607080912,   1.575,   2.168,9999.000,9999.000,9999.000,9999.000,9999.000,9999.000,9999.000
202607080918,   1.543,   2.168,9999.000,9999.000,9999.000,9999.000,9999.000,9999.000,9999.000
202607080924,   1.510,   2.109,9999.000,9999.000,9999.000,9999.000,9999.000,9999.000,9999.000
202607080930,   1.477,   2.089,9999.000,9999.000,9999.000,9999.000,9999.000,9999.000,9999.000
202607080936,   1.443,   2.089,9999.000,9999.000,9999.000,9999.000,9999.000,9999.000,9999.000
202607080942,   1.409,   2.059,9999.000,9999.000,9999.000,9999.000,9999.000,9999.000,9999.000
202607080948,   1.375,   2.030,9999.000,9999.000,9999.000,9999.000,9999.000,9999.000,9999.000
202607080954,   1.340,   2.010,9999.000,9999.000,9999.000,9999.000,9999.000,9999.000,9999.000
202607081000,   1.307,   1.938,   0.700,  -0.069,   1.938,   0.600,   1.838,   0.700,   1.938
202607081006,   1.273,   1.967,9999.000,9999.000,9999.000,9999.000,9999.000,9999.000,9999.000
202607081012,   1.240,   1.958,9999.000,9999.000,9999.000,9999.000,9999.000,9999.000,9999.000
202607081018,   1.208,   1.899,9999.000,9999.000,9999.000,9999.000,9999.000,9999.000,9999.000
202607081024,   1.176,   1.830,9999.000,9999.000,9999.000,9999.000,9999.000,9999.000,9999.000
202607081030,   1.145,   1.830,9999.000,9999.000,9999.000,9999.000,9999.000,9999.000,9999.000
202607081036,   1.115,   1.810,9999.000,9999.000,9999.000,9999.000,9999.000,9999.000,9999.000
202607081042,   1.086,   1.758,9999.000,9999.000,9999.000,9999.000,9999.000,9999.000,9999.000
202607081048,   1.058,   1.718,9999.000,9999.000,9999.000,9999.000,9999.000,9999.000,9999.000
202607081054,   1.031,   1.699,9999.000,9999.000,9999.000,9999.000,9999.000,9999.000,9999.000
202607081100,   1.004,   1.679,   0.700,  -0.025,   1.679,   0.600,   1.579,   0.700,   1.679
202607081106,   0.979,   1.669,9999.000,9999.000,9999.000,9999.000,9999.000,9999.000,9999.000
202607081112,   0.954,   1.649,9999.000,9999.000,9999.000,9999.000,9999.000,9999.000,9999.000
202607081118,   0.930,   1.600,9999.000,9999.000,9999.000,9999.000,9999.000,9999.000,9999.000
202607081124,   0.906,   1.600,9999.000,9999.000,9999.000,9999.000,9999.000,9999.000,9999.000
202607081130,   0.883,   1.590,9999.000,9999.000,9999.000,9999.000,9999.000,9999.000,9999.000
202607081136,   0.861,   1.528,9999.000,9999.000,9999.000,9999.000,9999.000,9999.000,9999.000
202607081142,   0.839,   1.479,9999.000,9999.000,9999.000,9999.000,9999.000,9999.000,9999.000
202607081148,   0.817,   1.459,9999.000,9999.000,9999.000,9999.000,9999.000,9999.000,9999.000
202607081154,   0.796,   1.459,9999.000,9999.000,9999.000,9999.000,9999.000,9999.000,9999.000
202607081200,   0.775,   1.420,   0.700,  -0.055,   1.420,   0.600,   1.320,   0.700,   1.420
202607081206,   0.754,   1.390,9999.000,9999.000,9999.000,9999.000,9999.000,9999.000,9999.000
202607081212,   0.733,   1.348,9999.000,9999.000,9999.000,9999.000,9999.000,9999.000,9999.000
202607081218,   0.713,   1.308,9999.000,9999.000,9999.000,9999.000,9999.000,9999.000,9999.000
202607081224,   0.693,   1.289,9999.000,9999.000,9999.000,9999.000,9999.000,9999.000,9999.000
202607081230,   0.672,   1.259,9999.000,9999.000,9999.000,9999.000,9999.000,9999.000,9999.000
202607081236,   0.653,   1.210,9999.000,9999.000,9999.000,9999.000,9999.000,9999.000,9999.000
202607081242,   0.633,   1.170,9999.000,9999.000,9999.000,9999.000,9999.000,9999.000,9999.000
202607081248,   0.614,   1.170,9999.000,9999.000,9999.000,9999.000,9999.000,9999.000,9999.000
202607081254,   0.596,   1.151,9999.000,9999.000,9999.000,9999.000,9999.000,9999.000,9999.000
202607081300,   0.578,   1.098,   0.700,  -0.180,   1.098,   0.600,   0.998,   0.700,   1.098
202607081306,   0.561,   1.049,9999.000,9999.000,9999.000,9999.000,9999.000,9999.000,9999.000
202607081312,   0.545,   1.059,9999.000,9999.000,9999.000,9999.000,9999.000,9999.000,9999.000
202607081318,   0.530,   1.039,9999.000,9999.000,9999.000,9999.000,9999.000,9999.000,9999.000
202607081324,   0.516,   1.039,9999.000,9999.000,9999.000,9999.000,9999.000,9999.000,9999.000
202607081330,   0.504,   1.010,9999.000,9999.000,9999.000,9999.000,9999.000,9999.000,9999.000
202607081336,   0.493,   1.000,9999.000,9999.000,9999.000,9999.000,9999.000,9999.000,9999.000
202607081342,   0.485,   0.990,9999.000,9999.000,9999.000,9999.000,9999.000,9999.000,9999.000
202607081348,   0.478,   1.029,9999.000,9999.000,9999.000,9999.000,9999.000,9999.000,9999.000
202607081354,   0.474,   1.029,9999.000,9999.000,9999.000,9999.000,9999.000,9999.000,9999.000
202607081400,   0.472,   1.029,   0.700,  -0.143,   1.029,   0.600,   0.929,   0.700,   1.029
202607081406,   0.473,   1.020,9999.000,9999.000,9999.000,9999.000,9999.000,9999.000,9999.000
202607081412,   0.476,   1.069,9999.000,9999.000,9999.000,9999.000,9999.000,9999.000,9999.000
202607081418,   0.482,   1.029,9999.000,9999.000,9999.000,9999.000,9999.000,9999.000,9999.000
202607081424,   0.492,   1.098,9999.000,9999.000,9999.000,9999.000,9999.000,9999.000,9999.000
202607081430,   0.504,   1.108,9999.000,9999.000,9999.000,9999.000,9999.000,9999.000,9999.000
202607081436,   0.519,   1.128,9999.000,9999.000,9999.000,9999.000,9999.000,9999.000,9999.000
202607081442,   0.538,   1.170,9999.000,9999.000,9999.000,9999.000,9999.000,9999.000,9999.000
202607081448,   0.559,   1.210,9999.000,9999.000,9999.000,9999.000,9999.000,9999.000,9999.000
202607081454,   0.584,   1.229,9999.000,9999.000,9999.000,9999.000,9999.000,9999.000,9999.000
202607081500,   0.613,   1.289,   0.700,  -0.024,   1.289,   0.600,   1.189,   0.800,   1.389
202607081506,   0.644,   1.328,9999.000,9999.000,9999.000,9999.000,9999.000,9999.000,9999.000
202607081512,   0.678,   1.380,9999.000,9999.000,9999.000,9999.000,9999.000,9999.000,9999.000
202607081518,   0.716,   1.420,9999.000,9999.000,9999.000,9999.000,9999.000,9999.000,9999.000
202607081524,   0.756,   1.469,9999.000,9999.000,9999.000,9999.000,9999.000,9999.000,9999.000
202607081530,   0.799,   1.518,9999.000,9999.000,9999.000,9999.000,9999.000,9999.000,9999.000
202607081536,   0.845,   1.571,9999.000,9999.000,9999.000,9999.000,9999.000,9999.000,9999.000
202607081542,   0.893,   1.620,9999.000,9999.000,9999.000,9999.000,9999.000,9999.000,9999.000
202607081548,   0.943,   1.669,9999.000,9999.000,9999.000,9999.000,9999.000,9999.000,9999.000
202607081554,   0.995,   1.689,9999.000,9999.000,9999.000,9999.000,9999.000,9999.000,9999.000
202607081600,   1.049,   1.758,   0.800,  -0.091,   1.758,   0.700,   1.658,   0.800,   1.758
202607081606,   1.105,   1.820,9999.000,9999.000,9999.000,9999.000,9999.000,9999.000,9999.000
202607081612,   1.162,   1.840,9999.000,9999.000,9999.000,9999.000,9999.000,9999.000,9999.000
202607081618,   1.220,   1.918,9999.000,9999.000,9999.000,9999.000,9999.000,9999.000,9999.000
202607081624,   1.278,   1.948,9999.000,9999.000,9999.000,9999.000,9999.000,9999.000,9999.000
202607081630,   1.337,   2.000,9999.000,9999.000,9999.000,9999.000,9999.000,9999.000,9999.000
202607081636,   1.397,   2.069,9999.000,9999.000,9999.000,9999.000,9999.000,9999.000,9999.000
202607081642,   1.456,   2.118,9999.000,9999.000,9999.000,9999.000,9999.000,9999.000,9999.000
202607081648,   1.515,   2.138,9999.000,9999.000,9999.000,9999.000,9999.000,9999.000,9999.000
202607081654,   1.574,   2.210,9999.000,9999.000,9999.000,9999.000,9999.000,9999.000,9999.000
202607081700,   1.632,   2.289,   0.800,  -0.143,   2.289,   0.800,   2.289,   0.900,   2.389
202607081706,   1.689,   2.328,9999.000,9999.000,9999.000,9999.000,9999.000,9999.000,9999.000
202607081712,   1.744,   2.368,9999.000,9999.000,9999.000,9999.000,9999.000,9999.000,9999.000
202607081718,   1.799,   2.420,9999.000,9999.000,9999.000,9999.000,9999.000,9999.000,9999.000
202607081724,   1.852,   2.499,9999.000,9999.000,9999.000,9999.000,9999.000,9999.000,9999.000
202607081730,   1.904,   2.548,9999.000,9999.000,9999.000,9999.000,9999.000,9999.000,9999.000
202607081736,   1.954,   2.587,9999.000,9999.000,9999.000,9999.000,9999.000,9999.000,9999.000
202607081742,   2.002,   2.660,9999.000,9999.000,9999.000,9999.000,9999.000,9999.000,9999.000
202607081748,   2.048,   2.660,9999.000,9999.000,9999.000,9999.000,9999.000,9999.000,9999.000
202607081754,   2.093,   2.709,9999.000,9999.000,9999.000,9999.000,9999.000,9999.000,9999.000
202607081800,   2.135,   2.748,   0.800,  -0.187,   2.748,   0.700,   2.648,   0.900,   2.848
202607081806,   2.176,   2.758,9999.000,9999.000,9999.000,9999.000,9999.000,9999.000,9999.000
202607081812,   2.215,   2.797,9999.000,9999.000,9999.000,9999.000,9999.000,9999.000,9999.000
202607081818,   2.251,   2.830,9999.000,9999.000,9999.000,9999.000,9999.000,9999.000,9999.000
202607081824,   2.286,   2.889,9999.000,9999.000,9999.000,9999.000,9999.000,9999.000,9999.000
202607081830,   2.319,   2.929,9999.000,9999.000,9999.000,9999.000,9999.000,9999.000,9999.000
202607081836,   2.350,   2.958,9999.000,9999.000,9999.000,9999.000,9999.000,9999.000,9999.000
202607081842,   2.380,   3.017,9999.000,9999.000,9999.000,9999.000,9999.000,9999.000,9999.000
202607081848,   2.407,   3.060,9999.000,9999.000,9999.000,9999.000,9999.000,9999.000,9999.000
202607081854,   2.433,   3.079,9999.000,9999.000,9999.000,9999.000,9999.000,9999.000,9999.000
202607081900,   2.457,   3.129,   0.800,  -0.128,   3.129,   0.800,   3.129,   0.900,   3.229
202607081906,   2.480,   3.158,9999.000,9999.000,9999.000,9999.000,9999.000,9999.000,9999.000
202607081912,   2.500,   3.178,9999.000,9999.000,9999.000,9999.000,9999.000,9999.000,9999.000
202607081918,   2.519,   3.250,9999.000,9999.000,9999.000,9999.000,9999.000,9999.000,9999.000
202607081924,   2.537,   3.260,9999.000,9999.000,9999.000,9999.000,9999.000,9999.000,9999.000
202607081930,   2.552,   3.260,9999.000,9999.000,9999.000,9999.000,9999.000,9999.000,9999.000
202607081936,   2.566,   3.309,9999.000,9999.000,9999.000,9999.000,9999.000,9999.000,9999.000
202607081942,   2.578,   3.319,9999.000,9999.000,9999.000,9999.000,9999.000,9999.000,9999.000
202607081948,   2.589,   3.319,9999.000,9999.000,9999.000,9999.000,9999.000,9999.000,9999.000
202607081954,   2.597,   3.339,9999.000,9999.000,9999.000,9999.000,9999.000,9999.000,9999.000
202607082000,   2.604,   3.368,   0.800,  -0.036,   3.368,   0.800,   3.368,   0.900,   3.468
202607082006,   2.608,   3.388,9999.000,9999.000,9999.000,9999.000,9999.000,9999.000,9999.000
202607082012,   2.611,   3.378,9999.000,9999.000,9999.000,9999.000,9999.000,9999.000,9999.000
202607082018,   2.611,   3.378,9999.000,9999.000,9999.000,9999.000,9999.000,9999.000,9999.000
202607082024,   2.609,   3.388,9999.000,9999.000,9999.000,9999.000,9999.000,9999.000,9999.000
202607082030,   2.605,   3.368,9999.000,9999.000,9999.000,9999.000,9999.000,9999.000,9999.000
202607082036,   2.598,   3.378,9999.000,9999.000,9999.000,9999.000,9999.000,9999.000,9999.000
202607082042,   2.589,   3.348,9999.000,9999.000,9999.000,9999.000,9999.000,9999.000,9999.000
202607082048,   2.578,   3.329,9999.000,9999.000,9999.000,9999.000,9999.000,9999.000,9999.000
202607082054,   2.565,   3.319,9999.000,9999.000,9999.000,9999.000,9999.000,9999.000,9999.000
202607082100,   2.549,   3.299,   0.900,  -0.150,   3.299,   0.800,   3.199,   0.900,   3.299
202607082106,   2.531,   3.289,9999.000,9999.000,9999.000,9999.000,9999.000,9999.000,9999.000
202607082112,   2.511,   3.270,9999.000,9999.000,9999.000,9999.000,9999.000,9999.000,9999.000
202607082118,   2.489,   3.230,9999.000,9999.000,9999.000,9999.000,9999.000,9999.000,9999.000
202607082124,   2.464,   3.207,9999.000,9999.000,9999.000,9999.000,9999.000,9999.000,9999.000
202607082130,   2.438,   3.188,9999.000,9999.000,9999.000,9999.000,9999.000,9999.000,9999.000
202607082136,   2.409,   3.178,9999.000,9999.000,9999.000,9999.000,9999.000,9999.000,9999.000
202607082142,   2.379,   3.158,9999.000,9999.000,9999.000,9999.000,9999.000,9999.000,9999.000
202607082148,   2.348,   3.148,9999.000,9999.000,9999.000,9999.000,9999.000,9999.000,9999.000
202607082154,   2.315,   3.109,9999.000,9999.000,9999.000,9999.000,9999.000,9999.000,9999.000
202607082200,   2.281,   3.089,   0.900,  -0.092,   3.089,   0.800,   2.989,   1.000,   3.189
202607082206,   2.245,   3.089,9999.000,9999.000,9999.000,9999.000,9999.000,9999.000,9999.000
202607082212,   2.209,   3.017,9999.000,9999.000,9999.000,9999.000,9999.000,9999.000,9999.000
202607082218,   2.172,   3.007,9999.000,9999.000,9999.000,9999.000,9999.000,9999.000,9999.000
202607082224,   2.134,   2.997,9999.000,9999.000,9999.000,9999.000,9999.000,9999.000,9999.000
202607082230,   2.096,   2.968,9999.000,9999.000,9999.000,9999.000,9999.000,9999.000,9999.000
202607082236,   2.057,   2.938,9999.000,9999.000,9999.000,9999.000,9999.000,9999.000,9999.000
202607082242,   2.018,   2.909,9999.000,9999.000,9999.000,9999.000,9999.000,9999.000,9999.000
202607082248,   1.979,   2.879,9999.000,9999.000,9999.000,9999.000,9999.000,9999.000,9999.000
202607082254,   1.940,   2.830,9999.000,9999.000,9999.000,9999.000,9999.000,9999.000,9999.000
202607082300,   1.901,   2.830,   1.000,  -0.071,   2.830,   0.900,   2.730,   1.000,   2.830
202607082306,   1.862,   2.797,9999.000,9999.000,9999.000,9999.000,9999.000,9999.000,9999.000
202607082312,   1.823,   2.758,9999.000,9999.000,9999.000,9999.000,9999.000,9999.000,9999.000
202607082318,   1.784,   2.719,9999.000,9999.000,9999.000,9999.000,9999.000,9999.000,9999.000
202607082324,   1.745,   2.699,9999.000,9999.000,9999.000,9999.000,9999.000,9999.000,9999.000
202607082330,   1.706,   2.630,9999.000,9999.000,9999.000,9999.000,9999.000,9999.000,9999.000
202607082336,   1.667,   2.597,9999.000,9999.000,9999.000,9999.000,9999.000,9999.000,9999.000
202607082342,   1.627,   2.587,9999.000,9999.000,9999.000,9999.000,9999.000,9999.000,9999.000
202607082348,   1.588,   2.519,9999.000,9999.000,9999.000,9999.000,9999.000,9999.000,9999.000
202607082354,   1.549,   2.489,9999.000,9999.000,9999.000,9999.000,9999.000,9999.000,9999.000
202607090000,   1.509,   2.450,   0.800,   0.141,   2.450,   0.800,   2.450,   0.900,   2.550
202607090006,   1.469,   2.377,9999.000,9999.000,9999.000,9999.000,9999.000,9999.000,9999.000
202607090012,   1.429,   2.348,9999.000,9999.000,9999.000,9999.000,9999.000,9999.000,9999.000
202607090018,   1.388,   2.318,9999.000,9999.000,9999.000,9999.000,9999.000,9999.000,9999.000
202607090024,   1.348,   2.230,9999.000,9999.000,9999.000,9999.000,9999.000,9999.000,9999.000
202607090030,   1.306,   2.210,9999.000,9999.000,9999.000,9999.000,9999.000,9999.000,9999.000
202607090036,   1.264,   2.148,9999.000,9999.000,9999.000,9999.000,9999.000,9999.000,9999.000
202607090042,   1.222,   2.079,9999.000,9999.000,9999.000,9999.000,9999.000,9999.000,9999.000
202607090048,   1.180,   2.030,9999.000,9999.000,9999.000,9999.000,9999.000,9999.000,9999.000
202607090054,   1.137,   2.020,9999.000,9999.000,9999.000,9999.000,9999.000,9999.000,9999.000
202607090100,   1.094,   1.928,   0.800,   0.034,   1.928,   0.800,   1.928,   0.900,   2.028
202607090106,   1.051,   1.879,9999.000,9999.000,9999.000,9999.000,9999.000,9999.000,9999.000
202607090112,   1.008,   1.830,9999.000,9999.000,9999.000,9999.000,9999.000,9999.000,9999.000
202607090118,   0.965,   1.790,9999.000,9999.000,9999.000,9999.000,9999.000,9999.000,9999.000
202607090124,   0.922,   1.738,9999.000,9999.000,9999.000,9999.000,9999.000,9999.000,9999.000
202607090130,   0.880,   1.699,9999.000,9999.000,9999.000,9999.000,9999.000,9999.000,9999.000
202607090136,   0.838,   1.639,9999.000,9999.000,9999.000,9999.000,9999.000,9999.000,9999.000
202607090142,   0.797,   1.600,9999.000,9999.000,9999.000,9999.000,9999.000,9999.000,9999.000
202607090148,   0.758,   1.528,9999.000,9999.000,9999.000,9999.000,9999.000,9999.000,9999.000
202607090154,   0.719,   1.538,9999.000,9999.000,9999.000,9999.000,9999.000,9999.000,9999.000
202607090200,   0.683,   1.469,   0.800,  -0.014,   1.469,   0.700,   1.369,   0.900,   1.569
202607090206,   0.648,   1.430,9999.000,9999.000,9999.000,9999.000,9999.000,9999.000,9999.000
202607090212,   0.615,   1.420,9999.000,9999.000,9999.000,9999.000,9999.000,9999.000,9999.000
202607090218,   0.584,   1.380,9999.000,9999.000,9999.000,9999.000,9999.000,9999.000,9999.000
202607090224,   0.555,   1.371,9999.000,9999.000,9999.000,9999.000,9999.000,9999.000,9999.000
202607090230,   0.530,   1.338,9999.000,9999.000,9999.000,9999.000,9999.000,9999.000,9999.000
202607090236,   0.507,   1.308,9999.000,9999.000,9999.000,9999.000,9999.000,9999.000,9999.000
202607090242,   0.487,   1.308,9999.000,9999.000,9999.000,9999.000,9999.000,9999.000,9999.000
202607090248,   0.470,   1.289,9999.000,9999.000,9999.000,9999.000,9999.000,9999.000,9999.000
202607090254,   0.456,   1.269,9999.000,9999.000,9999.000,9999.000,9999.000,9999.000,9999.000
202607090300,   0.446,   1.269,   0.800,   0.023,   1.269,   0.700,   1.169,   0.900,   1.369
202607090306,   0.440,   1.249,9999.000,9999.000,9999.000,9999.000,9999.000,9999.000,9999.000
202607090312,   0.437,   1.229,9999.000,9999.000,9999.000,9999.000,9999.000,9999.000,9999.000
202607090318,   0.437,   1.249,9999.000,9999.000,9999.000,9999.000,9999.000,9999.000,9999.000
202607090324,   0.442,   1.269,9999.000,9999.000,9999.000,9999.000,9999.000,9999.000,9999.000
202607090330,   0.450,   1.269,9999.000,9999.000,9999.000,9999.000,9999.000,9999.000,9999.000
202607090336,   0.461,   1.279,9999.000,9999.000,9999.000,9999.000,9999.000,9999.000,9999.000
202607090342,   0.476,   1.298,9999.000,9999.000,9999.000,9999.000,9999.000,9999.000,9999.000
202607090348,   0.495,   1.348,9999.000,9999.000,9999.000,9999.000,9999.000,9999.000,9999.000
202607090354,   0.517,   1.371,9999.000,9999.000,9999.000,9999.000,9999.000,9999.000,9999.000
202607090400,   0.542,   1.400,   0.800,   0.058,   1.400,   0.700,   1.300,   0.800,   1.400
202607090406,   0.570,   1.410,9999.000,9999.000,9999.000,9999.000,9999.000,9999.000,9999.000
202607090412,   0.601,   1.420,9999.000,9999.000,9999.000,9999.000,9999.000,9999.000,9999.000
202607090418,   0.634,   1.479,9999.000,9999.000,9999.000,9999.000,9999.000,9999.000,9999.000
202607090424,   0.670,   1.508,9999.000,9999.000,9999.000,9999.000,9999.000,9999.000,9999.000
202607090430,   0.708,   1.498,9999.000,9999.000,9999.000,9999.000,9999.000,9999.000,9999.000
202607090436,   0.748,   1.538,9999.000,9999.000,9999.000,9999.000,9999.000,9999.000,9999.000
202607090442,   0.789,   1.600,9999.000,9999.000,9999.000,9999.000,9999.000,9999.000,9999.000
202607090448,   0.832,   1.659,9999.000,9999.000,9999.000,9999.000,9999.000,9999.000,9999.000
202607090454,   0.876,   1.669,9999.000,9999.000,9999.000,9999.000,9999.000,9999.000,9999.000
202607090500,   0.920,   1.718,   0.700,   0.098,   1.718,   0.700,   1.718,   0.800,   1.818
202607090506,   0.966,   1.748,9999.000,9999.000,9999.000,9999.000,9999.000,9999.000,9999.000
202607090512,   1.011,   1.800,9999.000,9999.000,9999.000,9999.000,9999.000,9999.000,9999.000
202607090518,   1.057,   1.840,9999.000,9999.000,9999.000,9999.000,9999.000,9999.000,9999.000
202607090524,   1.102,   1.879,9999.000,9999.000,9999.000,9999.000,9999.000,9999.000,9999.000
202607090530,   1.147,   1.928,9999.000,9999.000,9999.000,9999.000,9999.000,9999.000,9999.000
202607090536,   1.191,   1.967,9999.000,9999.000,9999.000,9999.000,9999.000,9999.000,9999.000
202607090542,   1.234,   2.020,9999.000,9999.000,9999.000,9999.000,9999.000,9999.000,9999.000
202607090548,   1.276,   2.030,9999.000,9999.000,9999.000,9999.000,9999.000,9999.000,9999.000
202607090554,   1.317,   2.079,9999.000,9999.000,9999.000,9999.000,9999.000,9999.000,9999.000
202607090600,   1.357,   2.128,   0.700,   0.071,   2.128,   0.600,   2.028,   0.800,   2.228
202607090606,   1.395,   2.148,9999.000,9999.000,9999.000,9999.000,9999.000,9999.000,9999.000
202607090612,   1.431,   2.168,9999.000,9999.000,9999.000,9999.000,9999.000,9999.000,9999.000
202607090618,   1.466,   2.220,9999.000,9999.000,9999.000,9999.000,9999.000,9999.000,9999.000
202607090624,   1.499,   2.259,9999.000,9999.000,9999.000,9999.000,9999.000,9999.000,9999.000
202607090630,   1.531,   2.269,9999.000,9999.000,9999.000,9999.000,9999.000,9999.000,9999.000
202607090636,   1.561,   2.299,9999.000,9999.000,9999.000,9999.000,9999.000,9999.000,9999.000
202607090642,   1.589,   2.289,9999.000,9999.000,9999.000,9999.000,9999.000,9999.000,9999.000
202607090648,   1.615,   2.358,9999.000,9999.000,9999.000,9999.000,9999.000,9999.000,9999.000
202607090654,   1.640,   2.377,9999.000,9999.000,9999.000,9999.000,9999.000,9999.000,9999.000
202607090700,   1.663,   2.368,   0.700,   0.005,   2.368,   0.600,   2.268,   0.700,   2.368
202607090706,   1.684,   2.420,9999.000,9999.000,9999.000,9999.000,9999.000,9999.000,9999.000
202607090712,   1.704,   2.440,9999.000,9999.000,9999.000,9999.000,9999.000,9999.000,9999.000
202607090718,   1.722,   2.450,9999.000,9999.000,9999.000,9999.000,9999.000,9999.000,9999.000
202607090724,   1.739,   2.499,9999.000,9999.000,9999.000,9999.000,9999.000,9999.000,9999.000
202607090730,   1.754,   2.509,9999.000,9999.000,9999.000,9999.000,9999.000,9999.000,9999.000
202607090736,   1.767,   2.519,9999.000,9999.000,9999.000,9999.000,9999.000,9999.000,9999.000
202607090742,   1.779,   2.568,9999.000,9999.000,9999.000,9999.000,9999.000,9999.000,9999.000
202607090748,   1.790,   2.548,9999.000,9999.000,9999.000,9999.000,9999.000,9999.000,9999.000
202607090754,   1.799,   2.548,9999.000,9999.000,9999.000,9999.000,9999.000,9999.000,9999.000
202607090800,   1.806,   2.587,   0.600,   0.181,   2.587,   0.600,   2.587,   0.700,   2.687
202607090806,   1.812,   2.578,9999.000,9999.000,9999.000,9999.000,9999.000,9999.000,9999.000
202607090812,   1.816,   2.587,9999.000,9999.000,9999.000,9999.000,9999.000,9999.000,9999.000
202607090818,   1.818,   2.587,9999.000,9999.000,9999.000,9999.000,9999.000,9999.000,9999.000
202607090824,   1.819,   2.610,9999.000,9999.000,9999.000,9999.000,9999.000,9999.000,9999.000
202607090830,   1.818,   2.578,9999.000,9999.000,9999.000,9999.000,9999.000,9999.000,9999.000
202607090836,   1.815,   2.568,9999.000,9999.000,9999.000,9999.000,9999.000,9999.000,9999.000
202607090842,   1.810,   2.610,9999.000,9999.000,9999.000,9999.000,9999.000,9999.000,9999.000
202607090848,   1.803,   2.548,9999.000,9999.000,9999.000,9999.000,9999.000,9999.000,9999.000
202607090854,   1.794,   2.538,9999.000,9999.000,9999.000,9999.000,9999.000,9999.000,9999.000
202607090900,   1.783,   2.528,   0.600,   0.145,   2.528,   0.600,   2.528,   0.700,   2.628
202607090906,   1.770,   2.509,9999.000,9999.000,9999.000,9999.000,9999.000,9999.000,9999.000
202607090912,   1.756,   2.489,9999.000,9999.000,9999.000,9999.000,9999.000,9999.000,9999.000
202607090918,   1.739,   2.489,9999.000,9999.000,9999.000,9999.000,9999.000,9999.000,9999.000
202607090924,   1.720,   2.410,9999.000,9999.000,9999.000,9999.000,9999.000,9999.000,9999.000
202607090930,   1.699,   2.410,9999.000,9999.000,9999.000,9999.000,9999.000,9999.000,9999.000
202607090936,   1.676,   2.420,9999.000,9999.000,9999.000,9999.000,9999.000,9999.000,9999.000
202607090942,   1.651,   2.377,9999.000,9999.000,9999.000,9999.000,9999.000,9999.000,9999.000
202607090948,   1.625,   2.348,9999.000,9999.000,9999.000,9999.000,9999.000,9999.000,9999.000
202607090954,   1.597,   2.299,9999.000,9999.000,9999.000,9999.000,9999.000,9999.000,9999.000
202607091000,   1.568,   2.259,   0.600,   0.091,   2.259,   0.600,   2.259,   0.700,   2.359
202607091006,   1.538,   2.259,9999.000,9999.000,9999.000,9999.000,9999.000,9999.000,9999.000
202607091012,   1.506,   2.200,9999.000,9999.000,9999.000,9999.000,9999.000,9999.000,9999.000
202607091018,   1.474,   2.191,9999.000,9999.000,9999.000,9999.000,9999.000,9999.000,9999.000
202607091024,   1.441,   2.138,9999.000,9999.000,9999.000,9999.000,9999.000,9999.000,9999.000
202607091030,   1.407,   2.099,9999.000,9999.000,9999.000,9999.000,9999.000,9999.000,9999.000
202607091036,   1.373,   2.089,9999.000,9999.000,9999.000,9999.000,9999.000,9999.000,9999.000
202607091042,   1.339,   2.040,9999.000,9999.000,9999.000,9999.000,9999.000,9999.000,9999.000
202607091048,   1.305,   1.990,9999.000,9999.000,9999.000,9999.000,9999.000,9999.000,9999.000
202607091054,   1.271,   1.990,9999.000,9999.000,9999.000,9999.000,9999.000,9999.000,9999.000
202607091100,   1.238,   1.981,   0.600,   0.143,   1.981,   0.500,   1.881,   0.600,   1.981
202607091106,   1.205,   1.948,9999.000,9999.000,9999.000,9999.000,9999.000,9999.000,9999.000
202607091112,   1.172,   1.928,9999.000,9999.000,9999.000,9999.000,9999.000,9999.000,9999.000
202607091118,   1.141,   1.899,9999.000,9999.000,9999.000,9999.000,9999.000,9999.000,9999.000
202607091124,   1.110,   1.840,9999.000,9999.000,9999.000,9999.000,9999.000,9999.000,9999.000
202607091130,   1.080,   1.879,9999.000,9999.000,9999.000,9999.000,9999.000,9999.000,9999.000
202607091136,   1.051,   1.830,9999.000,9999.000,9999.000,9999.000,9999.000,9999.000,9999.000
202607091142,   1.023,   1.781,9999.000,9999.000,9999.000,9999.000,9999.000,9999.000,9999.000
202607091148,   0.996,   1.781,9999.000,9999.000,9999.000,9999.000,9999.000,9999.000,9999.000
202607091154,   0.970,   1.758,9999.000,9999.000,9999.000,9999.000,9999.000,9999.000,9999.000
202607091200,   0.944,   1.708,   0.600,   0.164,   1.708,   0.600,   1.708,   0.700,   1.808
202607091206,   0.920,   1.689,9999.000,9999.000,9999.000,9999.000,9999.000,9999.000,9999.000
202607091212,   0.896,   1.669,9999.000,9999.000,9999.000,9999.000,9999.000,9999.000,9999.000
202607091218,   0.873,   1.649,9999.000,9999.000,9999.000,9999.000,9999.000,9999.000,9999.000
202607091224,   0.850,   1.649,9999.000,9999.000,9999.000,9999.000,9999.000,9999.000,9999.000
202607091230,   0.828,   1.620,9999.000,9999.000,9999.000,9999.000,9999.000,9999.000,9999.000
202607091236,   0.807,   1.557,9999.000,9999.000,9999.000,9999.000,9999.000,9999.000,9999.000
202607091242,   0.786,   1.538,9999.000,9999.000,9999.000,9999.000,9999.000,9999.000,9999.000
202607091248,   0.765,   1.498,9999.000,9999.000,9999.000,9999.000,9999.000,9999.000,9999.000
202607091254,   0.744,   1.469,9999.000,9999.000,9999.000,9999.000,9999.000,9999.000,9999.000
202607091300,   0.724,   1.449,   0.600,   0.125,   1.449,   0.600,   1.449,   0.700,   1.549
202607091306,   0.704,   1.400,9999.000,9999.000,9999.000,9999.000,9999.000,9999.000,9999.000
202607091312,   0.684,   1.390,9999.000,9999.000,9999.000,9999.000,9999.000,9999.000,9999.000
202607091318,   0.665,   1.361,9999.000,9999.000,9999.000,9999.000,9999.000,9999.000,9999.000
202607091324,   0.645,   1.318,9999.000,9999.000,9999.000,9999.000,9999.000,9999.000,9999.000
202607091330,   0.626,   1.308,9999.000,9999.000,9999.000,9999.000,9999.000,9999.000,9999.000
202607091336,   0.608,   1.298,9999.000,9999.000,9999.000,9999.000,9999.000,9999.000,9999.000
202607091342,   0.589,   1.269,9999.000,9999.000,9999.000,9999.000,9999.000,9999.000,9999.000
202607091348,   0.572,   1.249,9999.000,9999.000,9999.000,9999.000,9999.000,9999.000,9999.000
202607091354,   0.555,   1.229,9999.000,9999.000,9999.000,9999.000,9999.000,9999.000,9999.000
202607091400,   0.539,   1.220,   0.600,   0.081,   1.220,   0.600,   1.220,   0.700,   1.320
202607091406,   0.523,   1.200,9999.000,9999.000,9999.000,9999.000,9999.000,9999.000,9999.000
202607091412,   0.509,   1.151,9999.000,9999.000,9999.000,9999.000,9999.000,9999.000,9999.000
202607091418,   0.497,   1.170,9999.000,9999.000,9999.000,9999.000,9999.000,9999.000,9999.000
202607091424,   0.486,   1.118,9999.000,9999.000,9999.000,9999.000,9999.000,9999.000,9999.000
202607091430,   0.476,   1.108,9999.000,9999.000,9999.000,9999.000,9999.000,9999.000,9999.000
202607091436,   0.469,   1.108,9999.000,9999.000,9999.000,9999.000,9999.000,9999.000,9999.000
202607091442,   0.464,   1.088,9999.000,9999.000,9999.000,9999.000,9999.000,9999.000,9999.000
202607091448,   0.461,   1.088,9999.000,9999.000,9999.000,9999.000,9999.000,9999.000,9999.000
202607091454,   0.460,   1.108,9999.000,9999.000,9999.000,9999.000,9999.000,9999.000,9999.000
202607091500,   0.462,   1.098,   0.600,   0.036,   1.098,   0.600,   1.098,   0.600,   1.098
202607091506,   0.467,   1.108,9999.000,9999.000,9999.000,9999.000,9999.000,9999.000,9999.000
202607091512,   0.475,   1.128,9999.000,9999.000,9999.000,9999.000,9999.000,9999.000,9999.000
202607091518,   0.486,   1.170,9999.000,9999.000,9999.000,9999.000,9999.000,9999.000,9999.000
202607091524,   0.500,   1.138,9999.000,9999.000,9999.000,9999.000,9999.000,9999.000,9999.000
202607091530,   0.517,   1.170,9999.000,9999.000,9999.000,9999.000,9999.000,9999.000,9999.000
202607091536,   0.537,   1.190,9999.000,9999.000,9999.000,9999.000,9999.000,9999.000,9999.000
202607091542,   0.561,   1.220,9999.000,9999.000,9999.000,9999.000,9999.000,9999.000,9999.000
202607091548,   0.589,   1.229,9999.000,9999.000,9999.000,9999.000,9999.000,9999.000,9999.000
202607091554,   0.619,   1.239,9999.000,9999.000,9999.000,9999.000,9999.000,9999.000,9999.000
202607091600,   0.653,   1.298,   0.600,   0.045,   1.298,   0.500,   1.198,   0.600,   1.298
202607091606,   0.690,   1.308,9999.000,9999.000,9999.000,9999.000,9999.000,9999.000,9999.000
202607091612,   0.730,   1.390,9999.000,9999.000,9999.000,9999.000,9999.000,9999.000,9999.000
202607091618,   0.773,   1.430,9999.000,9999.000,9999.000,9999.000,9999.000,9999.000,9999.000
202607091624,   0.819,   1.430,9999.000,9999.000,9999.000,9999.000,9999.000,9999.000,9999.000
202607091630,   0.868,   1.489,9999.000,9999.000,9999.000,9999.000,9999.000,9999.000,9999.000
202607091636,   0.919,   1.548,9999.000,9999.000,9999.000,9999.000,9999.000,9999.000,9999.000
202607091642,   0.972,   1.600,9999.000,9999.000,9999.000,9999.000,9999.000,9999.000,9999.000
202607091648,   1.027,   1.649,9999.000,9999.000,9999.000,9999.000,9999.000,9999.000,9999.000
202607091654,   1.084,   1.679,9999.000,9999.000,9999.000,9999.000,9999.000,9999.000,9999.000
202607091700,   1.143,   1.738,   0.600,  -0.005,   1.738,   0.500,   1.638,   0.600,   1.738
202607091706,   1.203,   1.820,9999.000,9999.000,9999.000,9999.000,9999.000,9999.000,9999.000
202607091712,   1.264,   1.869,9999.000,9999.000,9999.000,9999.000,9999.000,9999.000,9999.000
202607091718,   1.325,   1.918,9999.000,9999.000,9999.000,9999.000,9999.000,9999.000,9999.000
202607091724,   1.388,   1.981,9999.000,9999.000,9999.000,9999.000,9999.000,9999.000,9999.000
202607091730,   1.450,   2.049,9999.000,9999.000,9999.000,9999.000,9999.000,9999.000,9999.000
202607091736,   1.512,   2.079,9999.000,9999.000,9999.000,9999.000,9999.000,9999.000,9999.000
202607091742,   1.574,   2.138,9999.000,9999.000,9999.000,9999.000,9999.000,9999.000,9999.000
202607091748,   1.635,   2.200,9999.000,9999.000,9999.000,9999.000,9999.000,9999.000,9999.000
202607091754,   1.696,   2.230,9999.000,9999.000,9999.000,9999.000,9999.000,9999.000,9999.000
202607091800,   1.756,   2.279,   0.600,  -0.077,   2.279,   0.600,   2.279,   0.700,   2.379
202607091806,   1.814,   2.328,9999.000,9999.000,9999.000,9999.000,9999.000,9999.000,9999.000
202607091812,   1.871,   2.368,9999.000,9999.000,9999.000,9999.000,9999.000,9999.000,9999.000
202607091818,   1.927,   2.400,9999.000,9999.000,9999.000,9999.000,9999.000,9999.000,9999.000
202607091824,   1.981,   2.440,9999.000,9999.000,9999.000,9999.000,9999.000,9999.000,9999.000
202607091830,   2.034,   2.489,9999.000,9999.000,9999.000,9999.000,9999.000,9999.000,9999.000
202607091836,   2.084,   2.509,9999.000,9999.000,9999.000,9999.000,9999.000,9999.000,9999.000
202607091842,   2.133,   2.548,9999.000,9999.000,9999.000,9999.000,9999.000,9999.000,9999.000
202607091848,   2.180,   2.597,9999.000,9999.000,9999.000,9999.000,9999.000,9999.000,9999.000
202607091854,   2.225,   2.640,9999.000,9999.000,9999.000,9999.000,9999.000,9999.000,9999.000
202607091900,   2.269,   2.669,   0.600,  -0.200,   2.669,   0.600,   2.669,   0.700,   2.769
202607091906,   2.310,   2.699,9999.000,9999.000,9999.000,9999.000,9999.000,9999.000,9999.000
202607091912,   2.350,   2.728,9999.000,9999.000,9999.000,9999.000,9999.000,9999.000,9999.000
202607091918,   2.387,   2.787,9999.000,9999.000,9999.000,9999.000,9999.000,9999.000,9999.000
202607091924,   2.423,   2.850,9999.000,9999.000,9999.000,9999.000,9999.000,9999.000,9999.000
202607091930,   2.458,   2.850,9999.000,9999.000,9999.000,9999.000,9999.000,9999.000,9999.000
202607091936,   2.490,   2.879,9999.000,9999.000,9999.000,9999.000,9999.000,9999.000,9999.000
202607091942,   2.521,   2.948,9999.000,9999.000,9999.000,9999.000,9999.000,9999.000,9999.000
202607091948,   2.550,   3.017,9999.000,9999.000,9999.000,9999.000,9999.000,9999.000,9999.000
202607091954,   2.577,   3.017,9999.000,9999.000,9999.000,9999.000,9999.000,9999.000,9999.000
202607092000,   2.603,   3.017,   0.600,  -0.186,   3.017,   0.600,   3.017,   0.600,   3.017
202607092006,   2.627,   3.119,9999.000,9999.000,9999.000,9999.000,9999.000,9999.000,9999.000
202607092012,   2.649,   3.158,9999.000,9999.000,9999.000,9999.000,9999.000,9999.000,9999.000
202607092018,   2.670,   3.207,9999.000,9999.000,9999.000,9999.000,9999.000,9999.000,9999.000
202607092024,   2.689,   3.207,9999.000,9999.000,9999.000,9999.000,9999.000,9999.000,9999.000
202607092030,   2.706,   3.240,9999.000,9999.000,9999.000,9999.000,9999.000,9999.000,9999.000
202607092036,   2.721,   3.309,9999.000,9999.000,9999.000,9999.000,9999.000,9999.000,9999.000
202607092042,   2.734,   3.329,9999.000,9999.000,9999.000,9999.000,9999.000,9999.000,9999.000
202607092048,   2.745,   3.319,9999.000,9999.000,9999.000,9999.000,9999.000,9999.000,9999.000
202607092054,   2.754,   3.339,9999.000,9999.000,9999.000,9999.000,9999.000,9999.000,9999.000
202607092100,   2.761,   3.348,   0.600,  -0.013,   3.348,   0.600,   3.348,   0.600,   3.348
202607092106,   2.766,   3.398,9999.000,9999.000,9999.000,9999.000,9999.000,9999.000,9999.000
202607092112,   2.768,   3.378,9999.000,9999.000,9999.000,9999.000,9999.000,9999.000,9999.000
202607092118,   2.767,   3.358,9999.000,9999.000,9999.000,9999.000,9999.000,9999.000,9999.000
202607092124,   2.765,   3.388,9999.000,9999.000,9999.000,9999.000,9999.000,9999.000,9999.000
202607092130,   2.759,   3.388,9999.000,9999.000,9999.000,9999.000,9999.000,9999.000,9999.000
202607092136,   2.751,   3.388,9999.000,9999.000,9999.000,9999.000,9999.000,9999.000,9999.000
202607092142,   2.740,   3.319,9999.000,9999.000,9999.000,9999.000,9999.000,9999.000,9999.000
202607092148,   2.726,   3.348,9999.000,9999.000,9999.000,9999.000,9999.000,9999.000,9999.000
202607092154,   2.710,   3.329,9999.000,9999.000,9999.000,9999.000,9999.000,9999.000,9999.000
202607092200,   2.691,   3.329,   0.600,   0.038,   3.329,   0.500,   3.229,   0.600,   3.329
202607092206,   2.670,   3.250,9999.000,9999.000,9999.000,9999.000,9999.000,9999.000,9999.000
202607092212,   2.646,   3.230,9999.000,9999.000,9999.000,9999.000,9999.000,9999.000,9999.000
202607092218,   2.620,   3.207,9999.000,9999.000,9999.000,9999.000,9999.000,9999.000,9999.000
202607092224,   2.591,   3.188,9999.000,9999.000,9999.000,9999.000,9999.000,9999.000,9999.000
202607092230,   2.561,   3.168,9999.000,9999.000,9999.000,9999.000,9999.000,9999.000,9999.000
202607092236,   2.528,   3.129,9999.000,9999.000,9999.000,9999.000,9999.000,9999.000,9999.000
202607092242,   2.494,   3.070,9999.000,9999.000,9999.000,9999.000,9999.000,9999.000,9999.000
202607092248,   2.458,   3.017,9999.000,9999.000,9999.000,9999.000,9999.000,9999.000,9999.000
202607092254,   2.420,   2.968,9999.000,9999.000,9999.000,9999.000,9999.000,9999.000,9999.000
202607092300,   2.381,   2.958,   0.600,  -0.023,   2.958,   0.500,   2.858,   0.600,   2.958
202607092306,   2.341,   2.958,9999.000,9999.000,9999.000,9999.000,9999.000,9999.000,9999.000
202607092312,   2.300,   2.850,9999.000,9999.000,9999.000,9999.000,9999.000,9999.000,9999.000
202607092318,   2.258,   2.840,9999.000,9999.000,9999.000,9999.000,9999.000,9999.000,9999.000
202607092324,   2.216,   2.840,9999.000,9999.000,9999.000,9999.000,9999.000,9999.000,9999.000
202607092330,   2.173,   2.787,9999.000,9999.000,9999.000,9999.000,9999.000,9999.000,9999.000
202607092336,   2.130,   2.728,9999.000,9999.000,9999.000,9999.000,9999.000,9999.000,9999.000
202607092342,   2.086,   2.699,9999.000,9999.000,9999.000,9999.000,9999.000,9999.000,9999.000
202607092348,   2.042,   2.650,9999.000,9999.000,9999.000,9999.000,9999.000,9999.000,9999.000
202607092354,   1.998,   2.587,9999.000,9999.000,9999.000,9999.000,9999.000,9999.000,9999.000
202607100000,   1.954,   2.587,   0.600,   0.033,   2.587,   0.500,   2.487,   0.600,   2.587
202607100006,   1.911,9999.000,9999.000,9999.000,9999.000,9999.000,9999.000,9999.000,9999.000
202607100012,   1.867,9999.000,9999.000,9999.000,9999.000,9999.000,9999.000,9999.000,9999.000
202607100018,   1.823,9999.000,9999.000,9999.000,9999.000,9999.000,9999.000,9999.000,9999.000
202607100024,   1.779,9999.000,9999.000,9999.000,9999.000,9999.000,9999.000,9999.000,9999.000
202607100030,   1.734,9999.000,9999.000,9999.000,9999.000,9999.000,9999.000,9999.000,9999.000
202607100036,   1.690,9999.000,9999.000,9999.000,9999.000,9999.000,9999.000,9999.000,9999.000
202607100042,   1.646,9999.000,9999.000,9999.000,9999.000,9999.000,9999.000,9999.000,9999.000
202607100048,   1.601,9999.000,9999.000,9999.000,9999.000,9999.000,9999.000,9999.000,9999.000
202607100054,   1.556,9999.000,9999.000,9999.000,9999.000,9999.000,9999.000,9999.000,9999.000
202607100100,   1.511,9999.000,   0.600,   0.034,   2.145,   0.500,   2.045,   0.600,   2.145
202607100106,   1.465,9999.000,9999.000,9999.000,9999.000,9999.000,9999.000,9999.000,9999.000
202607100112,   1.419,9999.000,9999.000,9999.000,9999.000,9999.000,9999.000,9999.000,9999.000
202607100118,   1.372,9999.000,9999.000,9999.000,9999.000,9999.000,9999.000,9999.000,9999.000
202607100124,   1.325,9999.000,9999.000,9999.000,9999.000,9999.000,9999.000,9999.000,9999.000
202607100130,   1.277,9999.000,9999.000,9999.000,9999.000,9999.000,9999.000,9999.000,9999.000
202607100136,   1.229,9999.000,9999.000,9999.000,9999.000,9999.000,9999.000,9999.000,9999.000
202607100142,   1.181,9999.000,9999.000,9999.000,9999.000,9999.000,9999.000,9999.000,9999.000
202607100148,   1.132,9999.000,9999.000,9999.000,9999.000,9999.000,9999.000,9999.000,9999.000
202607100154,   1.083,9999.000,9999.000,9999.000,9999.000,9999.000,9999.000,9999.000,9999.000
202607100200,   1.033,9999.000,   0.500,   0.035,   1.568,   0.500,   1.568,   0.600,   1.668
202607100206,   0.984,9999.000,9999.000,9999.000,9999.000,9999.000,9999.000,9999.000,9999.000
202607100212,   0.935,9999.000,9999.000,9999.000,9999.000,9999.000,9999.000,9999.000,9999.000
202607100218,   0.886,9999.000,9999.000,9999.000,9999.000,9999.000,9999.000,9999.000,9999.000
202607100224,   0.837,9999.000,9999.000,9999.000,9999.000,9999.000,9999.000,9999.000,9999.000
202607100230,   0.790,9999.000,9999.000,9999.000,9999.000,9999.000,9999.000,9999.000,9999.000
202607100236,   0.743,9999.000,9999.000,9999.000,9999.000,9999.000,9999.000,9999.000,9999.000
202607100242,   0.697,9999.000,9999.000,9999.000,9999.000,9999.000,9999.000,9999.000,9999.000
202607100248,   0.653,9999.000,9999.000,9999.000,9999.000,9999.000,9999.000,9999.000,9999.000
202607100254,   0.611,9999.000,9999.000,9999.000,9999.000,9999.000,9999.000,9999.000,9999.000
202607100300,   0.570,9999.000,   0.500,   0.036,   1.106,   0.500,   1.106,   0.600,   1.206
202607100306,   0.531,9999.000,9999.000,9999.000,9999.000,9999.000,9999.000,9999.000,9999.000
202607100312,   0.495,9999.000,9999.000,9999.000,9999.000,9999.000,9999.000,9999.000,9999.000
202607100318,   0.462,9999.000,9999.000,9999.000,9999.000,9999.000,9999.000,9999.000,9999.000
202607100324,   0.432,9999.000,9999.000,9999.000,9999.000,9999.000,9999.000,9999.000,9999.000
202607100330,   0.404,9999.000,9999.000,9999.000,9999.000,9999.000,9999.000,9999.000,9999.000
202607100336,   0.380,9999.000,9999.000,9999.000,9999.000,9999.000,9999.000,9999.000,9999.000
202607100342,   0.359,9999.000,9999.000,9999.000,9999.000,9999.000,9999.000,9999.000,9999.000
202607100348,   0.342,9999.000,9999.000,9999.000,9999.000,9999.000,9999.000,9999.000,9999.000
202607100354,   0.329,9999.000,9999.000,9999.000,9999.000,9999.000,9999.000,9999.000,9999.000
202607100400,   0.319,9999.000,   0.500,   0.037,   0.856,   0.500,   0.856,   0.600,   0.956
202607100406,   0.313,9999.000,9999.000,9999.000,9999.000,9999.000,9999.000,9999.000,9999.000
202607100412,   0.312,9999.000,9999.000,9999.000,9999.000,9999.000,9999.000,9999.000,9999.000
202607100418,   0.314,9999.000,9999.000,9999.000,9999.000,9999.000,9999.000,9999.000,9999.000
202607100424,   0.320,9999.000,9999.000,9999.000,9999.000,9999.000,9999.000,9999.000,9999.000
202607100430,   0.330,9999.000,9999.000,9999.000,9999.000,9999.000,9999.000,9999.000,9999.000
202607100436,   0.344,9999.000,9999.000,9999.000,9999.000,9999.000,9999.000,9999.000,9999.000
202607100442,   0.361,9999.000,9999.000,9999.000,9999.000,9999.000,9999.000,9999.000,9999.000
202607100448,   0.383,9999.000,9999.000,9999.000,9999.000,9999.000,9999.000,9999.000,9999.000
202607100454,   0.407,9999.000,9999.000,9999.000,9999.000,9999.000,9999.000,9999.000,9999.000
202607100500,   0.435,9999.000,   0.500,   0.038,   0.973,   0.500,   0.973,   0.600,   1.073
202607100506,   0.466,9999.000,9999.000,9999.000,9999.000,9999.000,9999.000,9999.000,9999.000
202607100512,   0.500,9999.000,9999.000,9999.000,9999.000,9999.000,9999.000,9999.000,9999.000
202607100518,   0.536,9999.000,9999.000,9999.000,9999.000,9999.000,9999.000,9999.000,9999.000
202607100524,   0.575,9999.000,9999.000,9999.000,9999.000,9999.000,9999.000,9999.000,9999.000
202607100530,   0.615,9999.000,9999.000,9999.000,9999.000,9999.000,9999.000,9999.000,9999.000
202607100536,   0.658,9999.000,9999.000,9999.000,9999.000,9999.000,9999.000,9999.000,9999.000
202607100542,   0.702,9999.000,9999.000,9999.000,9999.000,9999.000,9999.000,9999.000,9999.000
202607100548,   0.747,9999.000,9999.000,9999.000,9999.000,9999.000,9999.000,9999.000,9999.000
202607100554,   0.793,9999.000,9999.000,9999.000,9999.000,9999.000,9999.000,9999.000,9999.000
202607100600,   0.840,9999.000,   0.500,   0.039,   1.379,   0.500,   1.379,   0.600,   1.479
202607100606,   0.887,9999.000,9999.000,9999.000,9999.000,9999.000,9999.000,9999.000,9999.000
202607100612,   0.934,9999.000,9999.000,9999.000,9999.000,9999.000,9999.000,9999.000,9999.000
202607100618,   0.982,9999.000,9999.000,9999.000,9999.000,9999.000,9999.000,9999.000,9999.000
202607100624,   1.028,9999.000,9999.000,9999.000,9999.000,9999.000,9999.000,9999.000,9999.000
202607100630,   1.075,9999.000,9999.000,9999.000,9999.000,9999.000,9999.000,9999.000,9999.000
202607100636,   1.121,9999.000,9999.000,9999.000,9999.000,9999.000,9999.000,9999.000,9999.000
202607100642,   1.165,9999.000,9999.000,9999.000,9999.000,9999.000,9999.000,9999.000,9999.000
202607100648,   1.209,9999.000,9999.000,9999.000,9999.000,9999.000,9999.000,9999.000,9999.000
202607100654,   1.252,9999.000,9999.000,9999.000,9999.000,9999.000,9999.000,9999.000,9999.000
202607100700,   1.293,9999.000,   0.500,   0.039,   1.832,   0.500,   1.832,   0.600,   1.932
202607100706,   1.333,9999.000,9999.000,9999.000,9999.000,9999.000,9999.000,9999.000,9999.000
202607100712,   1.372,9999.000,9999.000,9999.000,9999.000,9999.000,9999.000,9999.000,9999.000
202607100718,   1.409,9999.000,9999.000,9999.000,9999.000,9999.000,9999.000,9999.000,9999.000
202607100724,   1.444,9999.000,9999.000,9999.000,9999.000,9999.000,9999.000,9999.000,9999.000
202607100730,   1.479,9999.000,9999.000,9999.000,9999.000,9999.000,9999.000,9999.000,9999.000
202607100736,   1.511,9999.000,9999.000,9999.000,9999.000,9999.000,9999.000,9999.000,9999.000
202607100742,   1.542,9999.000,9999.000,9999.000,9999.000,9999.000,9999.000,9999.000,9999.000
202607100748,   1.572,9999.000,9999.000,9999.000,9999.000,9999.000,9999.000,9999.000,9999.000
202607100754,   1.600,9999.000,9999.000,9999.000,9999.000,9999.000,9999.000,9999.000,9999.000
202607100800,   1.627,9999.000,   0.600,   0.040,   2.267,   0.500,   2.167,   0.600,   2.267
202607100806,   1.652,9999.000,9999.000,9999.000,9999.000,9999.000,9999.000,9999.000,9999.000
202607100812,   1.675,9999.000,9999.000,9999.000,9999.000,9999.000,9999.000,9999.000,9999.000
202607100818,   1.697,9999.000,9999.000,9999.000,9999.000,9999.000,9999.000,9999.000,9999.000
202607100824,   1.718,9999.000,9999.000,9999.000,9999.000,9999.000,9999.000,9999.000,9999.000
202607100830,   1.737,9999.000,9999.000,9999.000,9999.000,9999.000,9999.000,9999.000,9999.000
202607100836,   1.755,9999.000,9999.000,9999.000,9999.000,9999.000,9999.000,9999.000,9999.000
202607100842,   1.771,9999.000,9999.000,9999.000,9999.000,9999.000,9999.000,9999.000,9999.000
202607100848,   1.785,9999.000,9999.000,9999.000,9999.000,9999.000,9999.000,9999.000,9999.000
202607100854,   1.798,9999.000,9999.000,9999.000,9999.000,9999.000,9999.000,9999.000,9999.000
202607100900,   1.809,9999.000,   0.600,   0.041,   2.450,   0.500,   2.350,   0.600,   2.450
202607100906,   1.818,9999.000,9999.000,9999.000,9999.000,9999.000,9999.000,9999.000,9999.000
202607100912,   1.825,9999.000,9999.000,9999.000,9999.000,9999.000,9999.000,9999.000,9999.000
202607100918,   1.830,9999.000,9999.000,9999.000,9999.000,9999.000,9999.000,9999.000,9999.000
202607100924,   1.833,9999.000,9999.000,9999.000,9999.000,9999.000,9999.000,9999.000,9999.000
202607100930,   1.833,9999.000,9999.000,9999.000,9999.000,9999.000,9999.000,9999.000,9999.000
202607100936,   1.832,9999.000,9999.000,9999.000,9999.000,9999.000,9999.000,9999.000,9999.000
202607100942,   1.828,9999.000,9999.000,9999.000,9999.000,9999.000,9999.000,9999.000,9999.000
202607100948,   1.822,9999.000,9999.000,9999.000,9999.000,9999.000,9999.000,9999.000,9999.000
202607100954,   1.813,9999.000,9999.000,9999.000,9999.000,9999.000,9999.000,9999.000,9999.000
202607101000,   1.802,9999.000,   0.600,   0.042,   2.444,   0.500,   2.344,   0.600,   2.444
202607101006,   1.788,9999.000,9999.000,9999.000,9999.000,9999.000,9999.000,9999.000,9999.000
202607101012,   1.772,9999.000,9999.000,9999.000,9999.000,9999.000,9999.000,9999.000,9999.000
202607101018,   1.754,9999.000,9999.000,9999.000,9999.000,9999.000,9999.000,9999.000,9999.000
202607101024,   1.733,9999.000,9999.000,9999.000,9999.000,9999.000,9999.000,9999.000,9999.000
202607101030,   1.710,9999.000,9999.000,9999.000,9999.000,9999.000,9999.000,9999.000,9999.000
202607101036,   1.685,9999.000,9999.000,9999.000,9999.000,9999.000,9999.000,9999.000,9999.000
202607101042,   1.658,9999.000,9999.000,9999.000,9999.000,9999.000,9999.000,9999.000,9999.000
202607101048,   1.630,9999.000,9999.000,9999.000,9999.000,9999.000,9999.000,9999.000,9999.000
202607101054,   1.599,9999.000,9999.000,9999.000,9999.000,9999.000,9999.000,9999.000,9999.000
202607101100,   1.568,9999.000,   0.600,   0.043,   2.211,   0.500,   2.111,   0.600,   2.211
202607101106,   1.535,9999.000,9999.000,9999.000,9999.000,9999.000,9999.000,9999.000,9999.000
202607101112,   1.501,9999.000,9999.000,9999.000,9999.000,9999.000,9999.000,9999.000,9999.000
202607101118,   1.466,9999.000,9999.000,9999.000,9999.000,9999.000,9999.000,9999.000,9999.000
202607101124,   1.430,9999.000,9999.000,9999.000,9999.000,9999.000,9999.000,9999.000,9999.000
202607101130,   1.395,9999.000,9999.000,9999.000,9999.000,9999.000,9999.000,9999.000,9999.000
202607101136,   1.359,9999.000,9999.000,9999.000,9999.000,9999.000,9999.000,9999.000,9999.000
202607101142,   1.323,9999.000,9999.000,9999.000,9999.000,9999.000,9999.000,9999.000,9999.000
202607101148,   1.287,9999.000,9999.000,9999.000,9999.000,9999.000,9999.000,9999.000,9999.000
202607101154,   1.252,9999.000,9999.000,9999.000,9999.000,9999.000,9999.000,9999.000,9999.000
202607101200,   1.218,9999.000,   0.600,   0.044,   1.862,   0.500,   1.762,   0.600,   1.862
202607101206,   1.184,9999.000,9999.000,9999.000,9999.000,9999.000,9999.000,9999.000,9999.000
202607101212,   1.150,9999.000,9999.000,9999.000,9999.000,9999.000,9999.000,9999.000,9999.000
202607101218,   1.118,9999.000,9999.000,9999.000,9999.000,9999.000,9999.000,9999.000,9999.000
202607101224,   1.087,9999.000,9999.000,9999.000,9999.000,9999.000,9999.000,9999.000,9999.000
202607101230,   1.056,9999.000,9999.000,9999.000,9999.000,9999.000,9999.000,9999.000,9999.000
202607101236,   1.027,9999.000,9999.000,9999.000,9999.000,9999.000,9999.000,9999.000,9999.000
202607101242,   0.998,9999.000,9999.000,9999.000,9999.000,9999.000,9999.000,9999.000,9999.000
202607101248,   0.971,9999.000,9999.000,9999.000,9999.000,9999.000,9999.000,9999.000,9999.000
202607101254,   0.944,9999.000,9999.000,9999.000,9999.000,9999.000,9999.000,9999.000,9999.000
202607101300,   0.918,9999.000,   0.600,   0.044,   1.562,   0.500,   1.462,   0.600,   1.562
202607101306,   0.893,9999.000,9999.000,9999.000,9999.000,9999.000,9999.000,9999.000,9999.000
202607101312,   0.869,9999.000,9999.000,9999.000,9999.000,9999.000,9999.000,9999.000,9999.000
202607101318,   0.845,9999.000,9999.000,9999.000,9999.000,9999.000,9999.000,9999.000,9999.000
202607101324,   0.822,9999.000,9999.000,9999.000,9999.000,9999.000,9999.000,9999.000,9999.000
202607101330,   0.799,9999.000,9999.000,9999.000,9999.000,9999.000,9999.000,9999.000,9999.000
202607101336,   0.776,9999.000,9999.000,9999.000,9999.000,9999.000,9999.000,9999.000,9999.000
202607101342,   0.754,9999.000,9999.000,9999.000,9999.000,9999.000,9999.000,9999.000,9999.000
202607101348,   0.731,9999.000,9999.000,9999.000,9999.000,9999.000,9999.000,9999.000,9999.000
202607101354,   0.709,9999.000,9999.000,9999.000,9999.000,9999.000,9999.000,9999.000,9999.000
202607101400,   0.688,9999.000,   0.600,   0.044,   1.332,   0.500,   1.232,   0.600,   1.332
202607101406,   0.666,9999.000,9999.000,9999.000,9999.000,9999.000,9999.000,9999.000,9999.000
202607101412,   0.644,9999.000,9999.000,9999.000,9999.000,9999.000,9999.000,9999.000,9999.000
202607101418,   0.623,9999.000,9999.000,9999.000,9999.000,9999.000,9999.000,9999.000,9999.000
202607101424,   0.601,9999.000,9999.000,9999.000,9999.000,9999.000,9999.000,9999.000,9999.000
202607101430,   0.581,9999.000,9999.000,9999.000,9999.000,9999.000,9999.000,9999.000,9999.000
202607101436,   0.560,9999.000,9999.000,9999.000,9999.000,9999.000,9999.000,9999.000,9999.000
202607101442,   0.540,9999.000,9999.000,9999.000,9999.000,9999.000,9999.000,9999.000,9999.000
202607101448,   0.521,9999.000,9999.000,9999.000,9999.000,9999.000,9999.000,9999.000,9999.000
202607101454,   0.503,9999.000,9999.000,9999.000,9999.000,9999.000,9999.000,9999.000,9999.000
202607101500,   0.485,9999.000,   0.600,   0.044,   1.129,   0.500,   1.029,   0.600,   1.129
202607101506,   0.469,9999.000,9999.000,9999.000,9999.000,9999.000,9999.000,9999.000,9999.000
202607101512,   0.455,9999.000,9999.000,9999.000,9999.000,9999.000,9999.000,9999.000,9999.000
202607101518,   0.442,9999.000,9999.000,9999.000,9999.000,9999.000,9999.000,9999.000,9999.000
202607101524,   0.431,9999.000,9999.000,9999.000,9999.000,9999.000,9999.000,9999.000,9999.000
202607101530,   0.422,9999.000,9999.000,9999.000,9999.000,9999.000,9999.000,9999.000,9999.000
202607101536,   0.415,9999.000,9999.000,9999.000,9999.000,9999.000,9999.000,9999.000,9999.000
202607101542,   0.411,9999.000,9999.000,9999.000,9999.000,9999.000,9999.000,9999.000,9999.000
202607101548,   0.409,9999.000,9999.000,9999.000,9999.000,9999.000,9999.000,9999.000,9999.000
202607101554,   0.410,9999.000,9999.000,9999.000,9999.000,9999.000,9999.000,9999.000,9999.000
202607101600,   0.414,9999.000,   0.600,   0.044,   1.058,   0.500,   0.958,   0.600,   1.058
202607101606,   0.421,9999.000,9999.000,9999.000,9999.000,9999.000,9999.000,9999.000,9999.000
202607101612,   0.432,9999.000,9999.000,9999.000,9999.000,9999.000,9999.000,9999.000,9999.000
202607101618,   0.446,9999.000,9999.000,9999.000,9999.000,9999.000,9999.000,9999.000,9999.000
202607101624,   0.463,9999.000,9999.000,9999.000,9999.000,9999.000,9999.000,9999.000,9999.000
202607101630,   0.484,9999.000,9999.000,9999.000,9999.000,9999.000,9999.000,9999.000,9999.000
202607101636,   0.508,9999.000,9999.000,9999.000,9999.000,9999.000,9999.000,9999.000,9999.000
202607101642,   0.536,9999.000,9999.000,9999.000,9999.000,9999.000,9999.000,9999.000,9999.000
202607101648,   0.568,9999.000,9999.000,9999.000,9999.000,9999.000,9999.000,9999.000,9999.000
202607101654,   0.602,9999.000,9999.000,9999.000,9999.000,9999.000,9999.000,9999.000,9999.000
202607101700,   0.641,9999.000,   0.600,   0.044,   1.285,   0.500,   1.185,   0.600,   1.285
202607101706,   0.682,9999.000,9999.000,9999.000,9999.000,9999.000,9999.000,9999.000,9999.000
202607101712,   0.726,9999.000,9999.000,9999.000,9999.000,9999.000,9999.000,9999.000,9999.000
202607101718,   0.774,9999.000,9999.000,9999.000,9999.000,9999.000,9999.000,9999.000,9999.000
202607101724,   0.824,9999.000,9999.000,9999.000,9999.000,9999.000,9999.000,9999.000,9999.000
202607101730,   0.877,9999.000,9999.000,9999.000,9999.000,9999.000,9999.000,9999.000,9999.000
202607101736,   0.932,9999.000,9999.000,9999.000,9999.000,9999.000,9999.000,9999.000,9999.000
202607101742,   0.989,9999.000,9999.000,9999.000,9999.000,9999.000,9999.000,9999.000,9999.000
202607101748,   1.048,9999.000,9999.000,9999.000,9999.000,9999.000,9999.000,9999.000,9999.000
202607101754,   1.109,9999.000,9999.000,9999.000,9999.000,9999.000,9999.000,9999.000,9999.000
202607101800,   1.171,9999.000,   0.600,   0.044,   1.815,   0.500,   1.715,   0.600,   1.815
202607101806,   1.234,9999.000,9999.000,9999.000,9999.000,9999.000,9999.000,9999.000,9999.000
202607101812,   1.298,9999.000,9999.000,9999.000,9999.000,9999.000,9999.000,9999.000,9999.000
202607101818,   1.362,9999.000,9999.000,9999.000,9999.000,9999.000,9999.000,9999.000,9999.000
202607101824,   1.427,9999.000,9999.000,9999.000,9999.000,9999.000,9999.000,9999.000,9999.000
202607101830,   1.492,9999.000,9999.000,9999.000,9999.000,9999.000,9999.000,9999.000,9999.000
202607101836,   1.557,9999.000,9999.000,9999.000,9999.000,9999.000,9999.000,9999.000,9999.000
202607101842,   1.621,9999.000,9999.000,9999.000,9999.000,9999.000,9999.000,9999.000,9999.000
202607101848,   1.685,9999.000,9999.000,9999.000,9999.000,9999.000,9999.000,9999.000,9999.000
202607101854,   1.748,9999.000,9999.000,9999.000,9999.000,9999.000,9999.000,9999.000,9999.000
202607101900,   1.810,9999.000,   0.600,   0.044,   2.454,   0.500,   2.354,   0.600,   2.454
202607101906,   1.870,9999.000,9999.000,9999.000,9999.000,9999.000,9999.000,9999.000,9999.000
202607101912,   1.930,9999.000,9999.000,9999.000,9999.000,9999.000,9999.000,9999.000,9999.000
202607101918,   1.988,9999.000,9999.000,9999.000,9999.000,9999.000,9999.000,9999.000,9999.000
202607101924,   2.045,9999.000,9999.000,9999.000,9999.000,9999.000,9999.000,9999.000,9999.000
202607101930,   2.101,9999.000,9999.000,9999.000,9999.000,9999.000,9999.000,9999.000,9999.000
202607101936,   2.154,9999.000,9999.000,9999.000,9999.000,9999.000,9999.000,9999.000,9999.000
202607101942,   2.207,9999.000,9999.000,9999.000,9999.000,9999.000,9999.000,9999.000,9999.000
202607101948,   2.257,9999.000,9999.000,9999.000,9999.000,9999.000,9999.000,9999.000,9999.000
202607101954,   2.306,9999.000,9999.000,9999.000,9999.000,9999.000,9999.000,9999.000,9999.000
202607102000,   2.353,9999.000,   0.600,   0.044,   2.997,   0.500,   2.897,   0.600,   2.997
202607102006,   2.399,9999.000,9999.000,9999.000,9999.000,9999.000,9999.000,9999.000,9999.000
202607102012,   2.443,9999.000,9999.000,9999.000,9999.000,9999.000,9999.000,9999.000,9999.000
202607102018,   2.485,9999.000,9999.000,9999.000,9999.000,9999.000,9999.000,9999.000,9999.000
202607102024,   2.526,9999.000,9999.000,9999.000,9999.000,9999.000,9999.000,9999.000,9999.000
202607102030,   2.565,9999.000,9999.000,9999.000,9999.000,9999.000,9999.000,9999.000,9999.000
202607102036,   2.603,9999.000,9999.000,9999.000,9999.000,9999.000,9999.000,9999.000,9999.000
202607102042,   2.638,9999.000,9999.000,9999.000,9999.000,9999.000,9999.000,9999.000,9999.000
202607102048,   2.673,9999.000,9999.000,9999.000,9999.000,9999.000,9999.000,9999.000,9999.000
202607102054,   2.705,9999.000,9999.000,9999.000,9999.000,9999.000,9999.000,9999.000,9999.000
202607102100,   2.735,9999.000,   0.600,   0.044,   3.379,   0.500,   3.279,   0.600,   3.379
202607102106,   2.764,9999.000,9999.000,9999.000,9999.000,9999.000,9999.000,9999.000,9999.000
202607102112,   2.791,9999.000,9999.000,9999.000,9999.000,9999.000,9999.000,9999.000,9999.000
202607102118,   2.815,9999.000,9999.000,9999.000,9999.000,9999.000,9999.000,9999.000,9999.000
202607102124,   2.838,9999.000,9999.000,9999.000,9999.000,9999.000,9999.000,9999.000,9999.000
202607102130,   2.858,9999.000,9999.000,9999.000,9999.000,9999.000,9999.000,9999.000,9999.000
202607102136,   2.876,9999.000,9999.000,9999.000,9999.000,9999.000,9999.000,9999.000,9999.000
202607102142,   2.891,9999.000,9999.000,9999.000,9999.000,9999.000,9999.000,9999.000,9999.000
202607102148,   2.904,9999.000,9999.000,9999.000,9999.000,9999.000,9999.000,9999.000,9999.000
202607102154,   2.914,9999.000,9999.000,9999.000,9999.000,9999.000,9999.000,9999.000,9999.000
202607102200,   2.922,9999.000,   0.600,   0.044,   3.566,   0.600,   3.566,   0.700,   3.666
202607102206,   2.926,9999.000,9999.000,9999.000,9999.000,9999.000,9999.000,9999.000,9999.000
202607102212,   2.927,9999.000,9999.000,9999.000,9999.000,9999.000,9999.000,9999.000,9999.000
202607102218,   2.926,9999.000,9999.000,9999.000,9999.000,9999.000,9999.000,9999.000,9999.000
202607102224,   2.921,9999.000,9999.000,9999.000,9999.000,9999.000,9999.000,9999.000,9999.000
202607102230,   2.913,9999.000,9999.000,9999.000,9999.000,9999.000,9999.000,9999.000,9999.000
202607102236,   2.902,9999.000,9999.000,9999.000,9999.000,9999.000,9999.000,9999.000,9999.000
202607102242,   2.888,9999.000,9999.000,9999.000,9999.000,9999.000,9999.000,9999.000,9999.000
202607102248,   2.870,9999.000,9999.000,9999.000,9999.000,9999.000,9999.000,9999.000,9999.000
202607102254,   2.850,9999.000,9999.000,9999.000,9999.000,9999.000,9999.000,9999.000,9999.000
202607102300,   2.827,9999.000,   0.600,   0.044,   3.471,   0.600,   3.471,   0.700,   3.571
202607102306,   2.801,9999.000,9999.000,9999.000,9999.000,9999.000,9999.000,9999.000,9999.000
202607102312,   2.772,9999.000,9999.000,9999.000,9999.000,9999.000,9999.000,9999.000,9999.000
202607102318,   2.741,9999.000,9999.000,9999.000,9999.000,9999.000,9999.000,9999.000,9999.000
202607102324,   2.707,9999.000,9999.000,9999.000,9999.000,9999.000,9999.000,9999.000,9999.000
202607102330,   2.671,9999.000,9999.000,9999.000,9999.000,9999.000,9999.000,9999.000,9999.000
202607102336,   2.634,9999.000,9999.000,9999.000,9999.000,9999.000,9999.000,9999.000,9999.000
202607102342,   2.594,9999.000,9999.000,9999.000,9999.000,9999.000,9999.000,9999.000,9999.000
202607102348,   2.553,9999.000,9999.000,9999.000,9999.000,9999.000,9999.000,9999.000,9999.000
202607102354,   2.510,9999.000,9999.000,9999.000,9999.000,9999.000,9999.000,9999.000,9999.000
202607110000,   2.466,9999.000,   0.600,   0.044,   3.110,   0.600,   3.110,   0.700,   3.210
202607110006,   2.422,9999.000,9999.000,9999.000,9999.000,9999.000,9999.000,9999.000,9999.000
202607110012,   2.376,9999.000,9999.000,9999.000,9999.000,9999.000,9999.000,9999.000,9999.000
202607110018,   2.330,9999.000,9999.000,9999.000,9999.000,9999.000,9999.000,9999.000,9999.000
202607110024,   2.283,9999.000,9999.000,9999.000,9999.000,9999.000,9999.000,9999.000,9999.000
202607110030,   2.236,9999.000,9999.000,9999.000,9999.000,9999.000,9999.000,9999.000,9999.000
202607110036,   2.188,9999.000,9999.000,9999.000,9999.000,9999.000,9999.000,9999.000,9999.000
202607110042,   2.140,9999.000,9999.000,9999.000,9999.000,9999.000,9999.000,9999.000,9999.000
202607110048,   2.093,9999.000,9999.000,9999.000,9999.000,9999.000,9999.000,9999.000,9999.000
202607110054,   2.045,9999.000,9999.000,9999.000,9999.000,9999.000,9999.000,9999.000,9999.000
202607110100,   1.996,9999.000,   0.600,   0.044,   2.640,   0.600,   2.640,   0.700,   2.740
202607110106,   1.948,9999.000,9999.000,9999.000,9999.000,9999.000,9999.000,9999.000,9999.000
202607110112,   1.900,9999.000,9999.000,9999.000,9999.000,9999.000,9999.000,9999.000,9999.000
202607110118,   1.851,9999.000,9999.000,9999.000,9999.000,9999.000,9999.000,9999.000,9999.000
202607110124,   1.802,9999.000,9999.000,9999.000,9999.000,9999.000,9999.000,9999.000,9999.000
202607110130,   1.753,9999.000,9999.000,9999.000,9999.000,9999.000,9999.000,9999.000,9999.000
202607110136,   1.704,9999.000,9999.000,9999.000,9999.000,9999.000,9999.000,9999.000,9999.000
202607110142,   1.654,9999.000,9999.000,9999.000,9999.000,9999.000,9999.000,9999.000,9999.000
202607110148,   1.604,9999.000,9999.000,9999.000,9999.000,9999.000,9999.000,9999.000,9999.000
202607110154,   1.553,9999.000,9999.000,9999.000,9999.000,9999.000,9999.000,9999.000,9999.000
202607110200,   1.501,9999.000,   0.600,   0.044,   2.145,   0.600,   2.145,   0.700,   2.245
202607110206,   1.449,9999.000,9999.000,9999.000,9999.000,9999.000,9999.000,9999.000,9999.000
202607110212,   1.397,9999.000,9999.000,9999.000,9999.000,9999.000,9999.000,9999.000,9999.000
202607110218,   1.343,9999.000,9999.000,9999.000,9999.000,9999.000,9999.000,9999.000,9999.000
202607110224,   1.289,9999.000,9999.000,9999.000,9999.000,9999.000,9999.000,9999.000,9999.000
202607110230,   1.235,9999.000,9999.000,9999.000,9999.000,9999.000,9999.000,9999.000,9999.000
202607110236,   1.179,9999.000,9999.000,9999.000,9999.000,9999.000,9999.000,9999.000,9999.000
202607110242,   1.124,9999.000,9999.000,9999.000,9999.000,9999.000,9999.000,9999.000,9999.000
202607110248,   1.068,9999.000,9999.000,9999.000,9999.000,9999.000,9999.000,9999.000,9999.000
202607110254,   1.012,9999.000,9999.000,9999.000,9999.000,9999.000,9999.000,9999.000,9999.000
202607110300,   0.956,9999.000,   0.600,   0.044,   1.600,   0.600,   1.600,   0.700,   1.700
202607110306,   0.900,9999.000,9999.000,9999.000,9999.000,9999.000,9999.000,9999.000,9999.000
202607110312,   0.844,9999.000,9999.000,9999.000,9999.000,9999.000,9999.000,9999.000,9999.000
202607110318,   0.789,9999.000,9999.000,9999.000,9999.000,9999.000,9999.000,9999.000,9999.000
202607110324,   0.735,9999.000,9999.000,9999.000,9999.000,9999.000,9999.000,9999.000,9999.000
202607110330,   0.682,9999.000,9999.000,9999.000,9999.000,9999.000,9999.000,9999.000,9999.000
202607110336,   0.630,9999.000,9999.000,9999.000,9999.000,9999.000,9999.000,9999.000,9999.000
202607110342,   0.580,9999.000,9999.000,9999.000,9999.000,9999.000,9999.000,9999.000,9999.000
202607110348,   0.531,9999.000,9999.000,9999.000,9999.000,9999.000,9999.000,9999.000,9999.000
202607110354,   0.485,9999.000,9999.000,9999.000,9999.000,9999.000,9999.000,9999.000,9999.000
202607110400,   0.441,9999.000,   0.600,   0.044,   1.085,   0.600,   1.085,   0.700,   1.185
202607110406,   0.400,9999.000,9999.000,9999.000,9999.000,9999.000,9999.000,9999.000,9999.000
202607110412,   0.362,9999.000,9999.000,9999.000,9999.000,9999.000,9999.000,9999.000,9999.000
202607110418,   0.327,9999.000,9999.000,9999.000,9999.000,9999.000,9999.000,9999.000,9999.000
202607110424,   0.295,9999.000,9999.000,9999.000,9999.000,9999.000,9999.000,9999.000,9999.000
202607110430,   0.267,9999.000,9999.000,9999.000,9999.000,9999.000,9999.000,9999.000,9999.000
202607110436,   0.243,9999.000,9999.000,9999.000,9999.000,9999.000,9999.000,9999.000,9999.000
202607110442,   0.223,9999.000,9999.000,9999.000,9999.000,9999.000,9999.000,9999.000,9999.000
202607110448,   0.206,9999.000,9999.000,9999.000,9999.000,9999.000,9999.000,9999.000,9999.000
202607110454,   0.194,9999.000,9999.000,9999.000,9999.000,9999.000,9999.000,9999.000,9999.000
202607110500,   0.186,9999.000,   0.600,   0.044,   0.830,   0.600,   0.830,   0.700,   0.930
202607110506,   0.182,9999.000,9999.000,9999.000,9999.000,9999.000,9999.000,9999.000,9999.000
202607110512,   0.183,9999.000,9999.000,9999.000,9999.000,9999.000,9999.000,9999.000,9999.000
202607110518,   0.187,9999.000,9999.000,9999.000,9999.000,9999.000,9999.000,9999.000,9999.000
202607110524,   0.196,9999.000,9999.000,9999.000,9999.000,9999.000,9999.000,9999.000,9999.000
202607110530,   0.209,9999.000,9999.000,9999.000,9999.000,9999.000,9999.000,9999.000,9999.000
202607110536,   0.226,9999.000,9999.000,9999.000,9999.000,9999.000,9999.000,9999.000,9999.000
202607110542,   0.246,9999.000,9999.000,9999.000,9999.000,9999.000,9999.000,9999.000,9999.000
202607110548,   0.271,9999.000,9999.000,9999.000,9999.000,9999.000,9999.000,9999.000,9999.000
202607110554,   0.298,9999.000,9999.000,9999.000,9999.000,9999.000,9999.000,9999.000,9999.000
202607110600,   0.329,9999.000,   0.600,   0.044,   0.973,   0.600,   0.973,   0.700,   1.073
202607110606,   0.364,9999.000,9999.000,9999.000,9999.000,9999.000,9999.000,9999.000,9999.000
202607110612,   0.401,9999.000,9999.000,9999.000,9999.000,9999.000,9999.000,9999.000,9999.000
202607110618,   0.440,9999.000,9999.000,9999.000,9999.000,9999.000,9999.000,9999.000,9999.000
202607110624,   0.482,9999.000,9999.000,9999.000,9999.000,9999.000,9999.000,9999.000,9999.000
202607110630,   0.526,9999.000,9999.000,9999.000,9999.000,9999.000,9999.000,9999.000,9999.000
202607110636,   0.572,9999.000,9999.000,9999.000,9999.000,9999.000,9999.000,9999.000,9999.000
202607110642,   0.619,9999.000,9999.000,9999.000,9999.000,9999.000,9999.000,9999.000,9999.000
202607110648,   0.667,9999.000,9999.000,9999.000,9999.000,9999.000,9999.000,9999.000,9999.000
202607110654,   0.717,9999.000,9999.000,9999.000,9999.000,9999.000,9999.000,9999.000,9999.000
202607110700,   0.767,9999.000,   0.600,   0.044,   1.411,   0.600,   1.411,   0.700,   1.511
202607110706,   0.817,9999.000,9999.000,9999.000,9999.000,9999.000,9999.000,9999.000,9999.000
202607110712,   0.868,9999.000,9999.000,9999.000,9999.000,9999.000,9999.000,9999.000,9999.000
202607110718,   0.919,9999.000,9999.000,9999.000,9999.000,9999.000,9999.000,9999.000,9999.000
202607110724,   0.970,9999.000,9999.000,9999.000,9999.000,9999.000,9999.000,9999.000,9999.000
202607110730,   1.020,9999.000,9999.000,9999.000,9999.000,9999.000,9999.000,9999.000,9999.000
202607110736,   1.070,9999.000,9999.000,9999.000,9999.000,9999.000,9999.000,9999.000,9999.000
202607110742,   1.119,9999.000,9999.000,9999.000,9999.000,9999.000,9999.000,9999.000,9999.000
202607110748,   1.167,9999.000,9999.000,9999.000,9999.000,9999.000,9999.000,9999.000,9999.000
202607110754,   1.215,9999.000,9999.000,9999.000,9999.000,9999.000,9999.000,9999.000,9999.000
202607110800,   1.261,9999.000,   0.600,   0.044,   1.905,   0.600,   1.905,   0.700,   2.005
202607110806,   1.307,9999.000,9999.000,9999.000,9999.000,9999.000,9999.000,9999.000,9999.000
202607110812,   1.351,9999.000,9999.000,9999.000,9999.000,9999.000,9999.000,9999.000,9999.000
202607110818,   1.394,9999.000,9999.000,9999.000,9999.000,9999.000,9999.000,9999.000,9999.000
202607110824,   1.436,9999.000,9999.000,9999.000,9999.000,9999.000,9999.000,9999.000,9999.000
202607110830,   1.476,9999.000,9999.000,9999.000,9999.000,9999.000,9999.000,9999.000,9999.000
202607110836,   1.515,9999.000,9999.000,9999.000,9999.000,9999.000,9999.000,9999.000,9999.000
202607110842,   1.553,9999.000,9999.000,9999.000,9999.000,9999.000,9999.000,9999.000,9999.000
202607110848,   1.589,9999.000,9999.000,9999.000,9999.000,9999.000,9999.000,9999.000,9999.000
202607110854,   1.624,9999.000,9999.000,9999.000,9999.000,9999.000,9999.000,9999.000,9999.000
202607110900,   1.658,9999.000,   0.700,   0.044,   2.402,   0.600,   2.302,   0.700,   2.402
202607110906,   1.689,9999.000,9999.000,9999.000,9999.000,9999.000,9999.000,9999.000,9999.000
202607110912,   1.719,9999.000,9999.000,9999.000,9999.000,9999.000,9999.000,9999.000,9999.000
202607110918,   1.748,9999.000,9999.000,9999.000,9999.000,9999.000,9999.000,9999.000,9999.000
202607110924,   1.774,9999.000,9999.000,9999.000,9999.000,9999.000,9999.000,9999.000,9999.000
202607110930,   1.799,9999.000,9999.000,9999.000,9999.000,9999.000,9999.000,9999.000,9999.000
202607110936,   1.822,9999.000,9999.000,9999.000,9999.000,9999.000,9999.000,9999.000,9999.000
202607110942,   1.843,9999.000,9999.000,9999.000,9999.000,9999.000,9999.000,9999.000,9999.000
202607110948,   1.861,9999.000,9999.000,9999.000,9999.000,9999.000,9999.000,9999.000,9999.000
202607110954,   1.878,9999.000,9999.000,9999.000,9999.000,9999.000,9999.000,9999.000,9999.000
202607111000,   1.892,9999.000,   0.700,   0.044,   2.636,   0.600,   2.536,   0.700,   2.636
202607111006,   1.903,9999.000,9999.000,9999.000,9999.000,9999.000,9999.000,9999.000,9999.000
202607111012,   1.912,9999.000,9999.000,9999.000,9999.000,9999.000,9999.000,9999.000,9999.000
202607111018,   1.919,9999.000,9999.000,9999.000,9999.000,9999.000,9999.000,9999.000,9999.000
202607111024,   1.922,9999.000,9999.000,9999.000,9999.000,9999.000,9999.000,9999.000,9999.000
202607111030,   1.923,9999.000,9999.000,9999.000,9999.000,9999.000,9999.000,9999.000,9999.000
202607111036,   1.921,9999.000,9999.000,9999.000,9999.000,9999.000,9999.000,9999.000,9999.000
202607111042,   1.916,9999.000,9999.000,9999.000,9999.000,9999.000,9999.000,9999.000,9999.000
202607111048,   1.908,9999.000,9999.000,9999.000,9999.000,9999.000,9999.000,9999.000,9999.000
202607111054,   1.897,9999.000,9999.000,9999.000,9999.000,9999.000,9999.000,9999.000,9999.000
202607111100,   1.883,9999.000,   0.700,   0.044,   2.627,   0.600,   2.527,   0.700,   2.627
202607111106,   1.867,9999.000,9999.000,9999.000,9999.000,9999.000,9999.000,9999.000,9999.000
202607111112,   1.848,9999.000,9999.000,9999.000,9999.000,9999.000,9999.000,9999.000,9999.000
202607111118,   1.826,9999.000,9999.000,9999.000,9999.000,9999.000,9999.000,9999.000,9999.000
202607111124,   1.801,9999.000,9999.000,9999.000,9999.000,9999.000,9999.000,9999.000,9999.000
202607111130,   1.774,9999.000,9999.000,9999.000,9999.000,9999.000,9999.000,9999.000,9999.000
202607111136,   1.745,9999.000,9999.000,9999.000,9999.000,9999.000,9999.000,9999.000,9999.000
202607111142,   1.715,9999.000,9999.000,9999.000,9999.000,9999.000,9999.000,9999.000,9999.000
202607111148,   1.682,9999.000,9999.000,9999.000,9999.000,9999.000,9999.000,9999.000,9999.000
202607111154,   1.648,9999.000,9999.000,9999.000,9999.000,9999.000,9999.000,9999.000,9999.000
202607111200,   1.612,9999.000,   0.700,   0.044,   2.356,   0.600,   2.256,   0.700,   2.356
202607111206,   1.576,9999.000,9999.000,9999.000,9999.000,9999.000,9999.000,9999.000,9999.000
202607111212,   1.538,9999.000,9999.000,9999.000,9999.000,9999.000,9999.000,9999.000,9999.000
202607111218,   1.500,9999.000,9999.000,9999.000,9999.000,9999.000,9999.000,9999.000,9999.000
202607111224,   1.462,9999.000,9999.000,9999.000,9999.000,9999.000,9999.000,9999.000,9999.000
202607111230,   1.424,9999.000,9999.000,9999.000,9999.000,9999.000,9999.000,9999.000,9999.000
202607111236,   1.385,9999.000,9999.000,9999.000,9999.000,9999.000,9999.000,9999.000,9999.000
202607111242,   1.347,9999.000,9999.000,9999.000,9999.000,9999.000,9999.000,9999.000,9999.000
202607111248,   1.310,9999.000,9999.000,9999.000,9999.000,9999.000,9999.000,9999.000,9999.000
202607111254,   1.273,9999.000,9999.000,9999.000,9999.000,9999.000,9999.000,9999.000,9999.000
202607111300,   1.236,9999.000,   0.700,   0.044,   1.980,   0.600,   1.880,   0.700,   1.980
202607111306,   1.201,9999.000,9999.000,9999.000,9999.000,9999.000,9999.000,9999.000,9999.000
202607111312,   1.166,9999.000,9999.000,9999.000,9999.000,9999.000,9999.000,9999.000,9999.000
202607111318,   1.132,9999.000,9999.000,9999.000,9999.000,9999.000,9999.000,9999.000,9999.000
202607111324,   1.099,9999.000,9999.000,9999.000,9999.000,9999.000,9999.000,9999.000,9999.000
202607111330,   1.067,9999.000,9999.000,9999.000,9999.000,9999.000,9999.000,9999.000,9999.000
202607111336,   1.036,9999.000,9999.000,9999.000,9999.000,9999.000,9999.000,9999.000,9999.000
202607111342,   1.006,9999.000,9999.000,9999.000,9999.000,9999.000,9999.000,9999.000,9999.000
202607111348,   0.976,9999.000,9999.000,9999.000,9999.000,9999.000,9999.000,9999.000,9999.000
202607111354,   0.947,9999.000,9999.000,9999.000,9999.000,9999.000,9999.000,9999.000,9999.000
202607111400,   0.919,9999.000,   0.700,   0.044,   1.663,   0.600,   1.563,   0.700,   1.663
202607111406,   0.891,9999.000,9999.000,9999.000,9999.000,9999.000,9999.000,9999.000,9999.000
202607111412,   0.864,9999.000,9999.000,9999.000,9999.000,9999.000,9999.000,9999.000,9999.000
202607111418,   0.837,9999.000,9999.000,9999.000,9999.000,9999.000,9999.000,9999.000,9999.000
202607111424,   0.810,9999.000,9999.000,9999.000,9999.000,9999.000,9999.000,9999.000,9999.000
202607111430,   0.783,9999.000,9999.000,9999.000,9999.000,9999.000,9999.000,9999.000,9999.000
202607111436,   0.756,9999.000,9999.000,9999.000,9999.000,9999.000,9999.000,9999.000,9999.000
202607111442,   0.730,9999.000,9999.000,9999.000,9999.000,9999.000,9999.000,9999.000,9999.000
202607111448,   0.703,9999.000,9999.000,9999.000,9999.000,9999.000,9999.000,9999.000,9999.000
202607111454,   0.677,9999.000,9999.000,9999.000,9999.000,9999.000,9999.000,9999.000,9999.000
202607111500,   0.651,9999.000,   0.700,   0.044,   1.395,   0.600,   1.295,   0.800,   1.495
202607111506,   0.624,9999.000,9999.000,9999.000,9999.000,9999.000,9999.000,9999.000,9999.000
202607111512,   0.598,9999.000,9999.000,9999.000,9999.000,9999.000,9999.000,9999.000,9999.000
202607111518,   0.572,9999.000,9999.000,9999.000,9999.000,9999.000,9999.000,9999.000,9999.000
202607111524,   0.547,9999.000,9999.000,9999.000,9999.000,9999.000,9999.000,9999.000,9999.000
202607111530,   0.521,9999.000,9999.000,9999.000,9999.000,9999.000,9999.000,9999.000,9999.000
202607111536,   0.497,9999.000,9999.000,9999.000,9999.000,9999.000,9999.000,9999.000,9999.000
202607111542,   0.473,9999.000,9999.000,9999.000,9999.000,9999.000,9999.000,9999.000,9999.000
202607111548,   0.451,9999.000,9999.000,9999.000,9999.000,9999.000,9999.000,9999.000,9999.000
202607111554,   0.429,9999.000,9999.000,9999.000,9999.000,9999.000,9999.000,9999.000,9999.000
202607111600,   0.409,9999.000,   0.700,   0.044,   1.153,   0.600,   1.053,   0.800,   1.253
202607111606,   0.390,9999.000,9999.000,9999.000,9999.000,9999.000,9999.000,9999.000,9999.000
202607111612,   0.373,9999.000,9999.000,9999.000,9999.000,9999.000,9999.000,9999.000,9999.000
202607111618,   0.359,9999.000,9999.000,9999.000,9999.000,9999.000,9999.000,9999.000,9999.000
202607111624,   0.346,9999.000,9999.000,9999.000,9999.000,9999.000,9999.000,9999.000,9999.000
202607111630,   0.336,9999.000,9999.000,9999.000,9999.000,9999.000,9999.000,9999.000,9999.000
202607111636,   0.329,9999.000,9999.000,9999.000,9999.000,9999.000,9999.000,9999.000,9999.000
202607111642,   0.325,9999.000,9999.000,9999.000,9999.000,9999.000,9999.000,9999.000,9999.000
202607111648,   0.323,9999.000,9999.000,9999.000,9999.000,9999.000,9999.000,9999.000,9999.000
202607111654,   0.325,9999.000,9999.000,9999.000,9999.000,9999.000,9999.000,9999.000,9999.000
202607111700,   0.330,9999.000,   0.700,   0.044,   1.074,   0.700,   1.074,   0.800,   1.174
202607111706,   0.339,9999.000,9999.000,9999.000,9999.000,9999.000,9999.000,9999.000,9999.000
202607111712,   0.351,9999.000,9999.000,9999.000,9999.000,9999.000,9999.000,9999.000,9999.000
202607111718,   0.367,9999.000,9999.000,9999.000,9999.000,9999.000,9999.000,9999.000,9999.000
202607111724,   0.386,9999.000,9999.000,9999.000,9999.000,9999.000,9999.000,9999.000,9999.000
202607111730,   0.409,9999.000,9999.000,9999.000,9999.000,9999.000,9999.000,9999.000,9999.000
202607111736,   0.436,9999.000,9999.000,9999.000,9999.000,9999.000,9999.000,9999.000,9999.000
202607111742,   0.467,9999.000,9999.000,9999.000,9999.000,9999.000,9999.000,9999.000,9999.000
202607111748,   0.501,9999.000,9999.000,9999.000,9999.000,9999.000,9999.000,9999.000,9999.000
202607111754,   0.539,9999.000,9999.000,9999.000,9999.000,9999.000,9999.000,9999.000,9999.000
202607111800,   0.580,9999.000,   0.700,   0.044,   1.324,   0.700,   1.324,   0.800,   1.424
202607111806,   0.624,9999.000,9999.000,9999.000,9999.000,9999.000,9999.000,9999.000,9999.000
202607111812,   0.672,9999.000,9999.000,9999.000,9999.000,9999.000,9999.000,9999.000,9999.000
202607111818,   0.722,9999.000,9999.000,9999.000,9999.000,9999.000,9999.000,9999.000,9999.000
202607111824,   0.776,9999.000,9999.000,9999.000,9999.000,9999.000,9999.000,9999.000,9999.000
202607111830,   0.832,9999.000,9999.000,9999.000,9999.000,9999.000,9999.000,9999.000,9999.000
202607111836,   0.890,9999.000,9999.000,9999.000,9999.000,9999.000,9999.000,9999.000,9999.000
202607111842,   0.950,9999.000,9999.000,9999.000,9999.000,9999.000,9999.000,9999.000,9999.000
202607111848,   1.013,9999.000,9999.000,9999.000,9999.000,9999.000,9999.000,9999.000,9999.000
202607111854,   1.076,9999.000,9999.000,9999.000,9999.000,9999.000,9999.000,9999.000,9999.000
202607111900,   1.142,9999.000,   0.700,   0.044,   1.886,   0.700,   1.886,   0.800,   1.986
202607111906,   1.208,9999.000,9999.000,9999.000,9999.000,9999.000,9999.000,9999.000,9999.000
202607111912,   1.275,9999.000,9999.000,9999.000,9999.000,9999.000,9999.000,9999.000,9999.000
202607111918,   1.343,9999.000,9999.000,9999.000,9999.000,9999.000,9999.000,9999.000,9999.000
202607111924,   1.412,9999.000,9999.000,9999.000,9999.000,9999.000,9999.000,9999.000,9999.000
202607111930,   1.480,9999.000,9999.000,9999.000,9999.000,9999.000,9999.000,9999.000,9999.000
202607111936,   1.549,9999.000,9999.000,9999.000,9999.000,9999.000,9999.000,9999.000,9999.000
202607111942,   1.617,9999.000,9999.000,9999.000,9999.000,9999.000,9999.000,9999.000,9999.000
202607111948,   1.686,9999.000,9999.000,9999.000,9999.000,9999.000,9999.000,9999.000,9999.000
202607111954,   1.753,9999.000,9999.000,9999.000,9999.000,9999.000,9999.000,9999.000,9999.000
202607112000,   1.820,9999.000,   0.700,   0.044,   2.564,   0.700,   2.564,   0.800,   2.664
202607112006,   1.886,9999.000,9999.000,9999.000,9999.000,9999.000,9999.000,9999.000,9999.000
202607112012,   1.951,9999.000,9999.000,9999.000,9999.000,9999.000,9999.000,9999.000,9999.000
202607112018,   2.014,9999.000,9999.000,9999.000,9999.000,9999.000,9999.000,9999.000,9999.000
202607112024,   2.077,9999.000,9999.000,9999.000,9999.000,9999.000,9999.000,9999.000,9999.000
202607112030,   2.138,9999.000,9999.000,9999.000,9999.000,9999.000,9999.000,9999.000,9999.000
202607112036,   2.198,9999.000,9999.000,9999.000,9999.000,9999.000,9999.000,9999.000,9999.000
202607112042,   2.257,9999.000,9999.000,9999.000,9999.000,9999.000,9999.000,9999.000,9999.000
202607112048,   2.314,9999.000,9999.000,9999.000,9999.000,9999.000,9999.000,9999.000,9999.000
202607112054,   2.370,9999.000,9999.000,9999.000,9999.000,9999.000,9999.000,9999.000,9999.000
202607112100,   2.424,9999.000,   0.700,   0.044,   3.168,   0.700,   3.168,   0.800,   3.268
202607112106,   2.477,9999.000,9999.000,9999.000,9999.000,9999.000,9999.000,9999.000,9999.000
202607112112,   2.528,9999.000,9999.000,9999.000,9999.000,9999.000,9999.000,9999.000,9999.000
202607112118,   2.577,9999.000,9999.000,9999.000,9999.000,9999.000,9999.000,9999.000,9999.000
202607112124,   2.624,9999.000,9999.000,9999.000,9999.000,9999.000,9999.000,9999.000,9999.000
202607112130,   2.670,9999.000,9999.000,9999.000,9999.000,9999.000,9999.000,9999.000,9999.000
202607112136,   2.713,9999.000,9999.000,9999.000,9999.000,9999.000,9999.000,9999.000,9999.000
202607112142,   2.755,9999.000,9999.000,9999.000,9999.000,9999.000,9999.000,9999.000,9999.000
202607112148,   2.795,9999.000,9999.000,9999.000,9999.000,9999.000,9999.000,9999.000,9999.000
202607112154,   2.832,9999.000,9999.000,9999.000,9999.000,9999.000,9999.000,9999.000,9999.000
202607112200,   2.867,9999.000,   0.800,   0.044,   3.711,   0.700,   3.611,   0.800,   3.711
202607112206,   2.900,9999.000,9999.000,9999.000,9999.000,9999.000,9999.000,9999.000,9999.000
202607112212,   2.930,9999.000,9999.000,9999.000,9999.000,9999.000,9999.000,9999.000,9999.000
202607112218,   2.957,9999.000,9999.000,9999.000,9999.000,9999.000,9999.000,9999.000,9999.000
202607112224,   2.982,9999.000,9999.000,9999.000,9999.000,9999.000,9999.000,9999.000,9999.000
202607112230,   3.004,9999.000,9999.000,9999.000,9999.000,9999.000,9999.000,9999.000,9999.000
202607112236,   3.023,9999.000,9999.000,9999.000,9999.000,9999.000,9999.000,9999.000,9999.000
202607112242,   3.038,9999.000,9999.000,9999.000,9999.000,9999.000,9999.000,9999.000,9999.000
202607112248,   3.051,9999.000,9999.000,9999.000,9999.000,9999.000,9999.000,9999.000,9999.000
202607112254,   3.060,9999.000,9999.000,9999.000,9999.000,9999.000,9999.000,9999.000,9999.000
202607112300,   3.066,9999.000,   0.800,   0.044,   3.910,   0.700,   3.810,   0.800,   3.910
202607112306,   3.068,9999.000,9999.000,9999.000,9999.000,9999.000,9999.000,9999.000,9999.000
202607112312,   3.066,9999.000,9999.000,9999.000,9999.000,9999.000,9999.000,9999.000,9999.000
202607112318,   3.061,9999.000,9999.000,9999.000,9999.000,9999.000,9999.000,9999.000,9999.000
202607112324,   3.053,9999.000,9999.000,9999.000,9999.000,9999.000,9999.000,9999.000,9999.000
202607112330,   3.041,9999.000,9999.000,9999.000,9999.000,9999.000,9999.000,9999.000,9999.000
202607112336,   3.026,9999.000,9999.000,9999.000,9999.000,9999.000,9999.000,9999.000,9999.000
202607112342,   3.007,9999.000,9999.000,9999.000,9999.000,9999.000,9999.000,9999.000,9999.000
202607112348,   2.985,9999.000,9999.000,9999.000,9999.000,9999.000,9999.000,9999.000,9999.000
202607112354,   2.960,9999.000,9999.000,9999.000,9999.000,9999.000,9999.000,9999.000,9999.000
202607120000,   2.931,9999.000,   0.800,   0.044,   3.775,   0.700,   3.675,   0.900,   3.875
202607120006,   2.900,9999.000,9999.000,9999.000,9999.000,9999.000,9999.000,9999.000,9999.000
202607120012,   2.866,9999.000,9999.000,9999.000,9999.000,9999.000,9999.000,9999.000,9999.000
202607120018,   2.830,9999.000,9999.000,9999.000,9999.000,9999.000,9999.000,9999.000,9999.000
202607120024,   2.792,9999.000,9999.000,9999.000,9999.000,9999.000,9999.000,9999.000,9999.000
202607120030,   2.751,9999.000,9999.000,9999.000,9999.000,9999.000,9999.000,9999.000,9999.000
202607120036,   2.709,9999.000,9999.000,9999.000,9999.000,9999.000,9999.000,9999.000,9999.000
202607120042,   2.665,9999.000,9999.000,9999.000,9999.000,9999.000,9999.000,9999.000,9999.000
202607120048,   2.619,9999.000,9999.000,9999.000,9999.000,9999.000,9999.000,9999.000,9999.000
202607120054,   2.573,9999.000,9999.000,9999.000,9999.000,9999.000,9999.000,9999.000,9999.000
202607120100,   2.525,9999.000,   0.800,   0.044,   3.369,   0.700,   3.269,   0.800,   3.369
202607120106,   2.476,9999.000,9999.000,9999.000,9999.000,9999.000,9999.000,9999.000,9999.000
202607120112,   2.427,9999.000,9999.000,9999.000,9999.000,9999.000,9999.000,9999.000,9999.000
202607120118,   2.377,9999.000,9999.000,9999.000,9999.000,9999.000,9999.000,9999.000,9999.000
202607120124,   2.327,9999.000,9999.000,9999.000,9999.000,9999.000,9999.000,9999.000,9999.000
202607120130,   2.276,9999.000,9999.000,9999.000,9999.000,9999.000,9999.000,9999.000,9999.000
202607120136,   2.225,9999.000,9999.000,9999.000,9999.000,9999.000,9999.000,9999.000,9999.000
202607120142,   2.173,9999.000,9999.000,9999.000,9999.000,9999.000,9999.000,9999.000,9999.000
202607120148,   2.122,9999.000,9999.000,9999.000,9999.000,9999.000,9999.000,9999.000,9999.000
202607120154,   2.070,9999.000,9999.000,9999.000,9999.000,9999.000,9999.000,9999.000,9999.000
202607120200,   2.017,9999.000,   0.700,   0.044,   2.761,   0.700,   2.761,   0.800,   2.861
202607120206,   1.965,9999.000,9999.000,9999.000,9999.000,9999.000,9999.000,9999.000,9999.000
202607120212,   1.911,9999.000,9999.000,9999.000,9999.000,9999.000,9999.000,9999.000,9999.000
202607120218,   1.858,9999.000,9999.000,9999.000,9999.000,9999.000,9999.000,9999.000,9999.000
202607120224,   1.804,9999.000,9999.000,9999.000,9999.000,9999.000,9999.000,9999.000,9999.000
202607120230,   1.749,9999.000,9999.000,9999.000,9999.000,9999.000,9999.000,9999.000,9999.000
202607120236,   1.694,9999.000,9999.000,9999.000,9999.000,9999.000,9999.000,9999.000,9999.000
202607120242,   1.638,9999.000,9999.000,9999.000,9999.000,9999.000,9999.000,9999.000,9999.000
202607120248,   1.582,9999.000,9999.000,9999.000,9999.000,9999.000,9999.000,9999.000,9999.000
202607120254,   1.524,9999.000,9999.000,9999.000,9999.000,9999.000,9999.000,9999.000,9999.000
202607120300,   1.466,9999.000,   0.700,   0.044,   2.210,   0.600,   2.110,   0.800,   2.310
202607120306,   1.407,9999.000,9999.000,9999.000,9999.000,9999.000,9999.000,9999.000,9999.000
202607120312,   1.348,9999.000,9999.000,9999.000,9999.000,9999.000,9999.000,9999.000,9999.000
202607120318,   1.287,9999.000,9999.000,9999.000,9999.000,9999.000,9999.000,9999.000,9999.000
202607120324,   1.226,9999.000,9999.000,9999.000,9999.000,9999.000,9999.000,9999.000,9999.000
202607120330,   1.164,9999.000,9999.000,9999.000,9999.000,9999.000,9999.000,9999.000,9999.000
202607120336,   1.102,9999.000,9999.000,9999.000,9999.000,9999.000,9999.000,9999.000,9999.000
202607120342,   1.040,9999.000,9999.000,9999.000,9999.000,9999.000,9999.000,9999.000,9999.000
202607120348,   0.977,9999.000,9999.000,9999.000,9999.000,9999.000,9999.000,9999.000,9999.000
202607120354,   0.915,9999.000,9999.000,9999.000,9999.000,9999.000,9999.000,9999.000,9999.000
202607120400,   0.853,9999.000,   0.700,   0.044,   1.597,   0.600,   1.497,   0.800,   1.697
202607120406,   0.791,9999.000,9999.000,9999.000,9999.000,9999.000,9999.000,9999.000,9999.000
202607120412,   0.730,9999.000,9999.000,9999.000,9999.000,9999.000,9999.000,9999.000,9999.000
202607120418,   0.670,9999.000,9999.000,9999.000,9999.000,9999.000,9999.000,9999.000,9999.000
202607120424,   0.611,9999.000,9999.000,9999.000,9999.000,9999.000,9999.000,9999.000,9999.000
202607120430,   0.554,9999.000,9999.000,9999.000,9999.000,9999.000,9999.000,9999.000,9999.000
202607120436,   0.498,9999.000,9999.000,9999.000,9999.000,9999.000,9999.000,9999.000,9999.000
202607120442,   0.445,9999.000,9999.000,9999.000,9999.000,9999.000,9999.000,9999.000,9999.000
202607120448,   0.394,9999.000,9999.000,9999.000,9999.000,9999.000,9999.000,9999.000,9999.000
202607120454,   0.346,9999.000,9999.000,9999.000,9999.000,9999.000,9999.000,9999.000,9999.000
202607120500,   0.300,9999.000,   0.700,   0.044,   1.044,   0.600,   0.944,   0.800,   1.144
202607120506,   0.258,9999.000,9999.000,9999.000,9999.000,9999.000,9999.000,9999.000,9999.000
202607120512,   0.219,9999.000,9999.000,9999.000,9999.000,9999.000,9999.000,9999.000,9999.000
202607120518,   0.184,9999.000,9999.000,9999.000,9999.000,9999.000,9999.000,9999.000,9999.000
202607120524,   0.153,9999.000,9999.000,9999.000,9999.000,9999.000,9999.000,9999.000,9999.000
202607120530,   0.125,9999.000,9999.000,9999.000,9999.000,9999.000,9999.000,9999.000,9999.000
202607120536,   0.102,9999.000,9999.000,9999.000,9999.000,9999.000,9999.000,9999.000,9999.000
202607120542,   0.083,9999.000,9999.000,9999.000,9999.000,9999.000,9999.000,9999.000,9999.000
202607120548,   0.068,9999.000,9999.000,9999.000,9999.000,9999.000,9999.000,9999.000,9999.000
202607120554,   0.058,9999.000,9999.000,9999.000,9999.000,9999.000,9999.000,9999.000,9999.000
202607120600,   0.053,9999.000,   0.700,   0.044,   0.797,   0.600,   0.697,   0.700,   0.797
202607120606,   0.052,9999.000,9999.000,9999.000,9999.000,9999.000,9999.000,9999.000,9999.000
202607120612,   0.055,9999.000,9999.000,9999.000,9999.000,9999.000,9999.000,9999.000,9999.000
202607120618,   0.063,9999.000,9999.000,9999.000,9999.000,9999.000,9999.000,9999.000,9999.000
202607120624,   0.075,9999.000,9999.000,9999.000,9999.000,9999.000,9999.000,9999.000,9999.000
202607120630,   0.091,9999.000,9999.000,9999.000,9999.000,9999.000,9999.000,9999.000,9999.000
202607120636,   0.112,9999.000,9999.000,9999.000,9999.000,9999.000,9999.000,9999.000,9999.000
202607120642,   0.136,9999.000,9999.000,9999.000,9999.000,9999.000,9999.000,9999.000,9999.000
202607120648,   0.165,9999.000,9999.000,9999.000,9999.000,9999.000,9999.000,9999.000,9999.000
202607120654,   0.197,9999.000,9999.000,9999.000,9999.000,9999.000,9999.000,9999.000,9999.000
202607120700,   0.233,9999.000,   0.700,   0.044,   0.977,   0.600,   0.877,   0.700,   0.977
202607120706,   0.271,9999.000,9999.000,9999.000,9999.000,9999.000,9999.000,9999.000,9999.000
202607120712,   0.313,9999.000,9999.000,9999.000,9999.000,9999.000,9999.000,9999.000,9999.000
202607120718,   0.357,9999.000,9999.000,9999.000,9999.000,9999.000,9999.000,9999.000,9999.000
202607120724,   0.404,9999.000,9999.000,9999.000,9999.000,9999.000,9999.000,9999.000,9999.000
202607120730,   0.454,9999.000,9999.000,9999.000,9999.000,9999.000,9999.000,9999.000,9999.000
202607120736,   0.505,9999.000,9999.000,9999.000,9999.000,9999.000,9999.000,9999.000,9999.000
202607120742,   0.557,9999.000,9999.000,9999.000,9999.000,9999.000,9999.000,9999.000,9999.000
202607120748,   0.612,9999.000,9999.000,9999.000,9999.000,9999.000,9999.000,9999.000,9999.000
202607120754,   0.667,9999.000,9999.000,9999.000,9999.000,9999.000,9999.000,9999.000,9999.000
202607120800,   0.723,9999.000,   0.600,   0.044,   1.367,   0.600,   1.367,   0.700,   1.467
202607120806,   0.781,9999.000,9999.000,9999.000,9999.000,9999.000,9999.000,9999.000,9999.000
202607120812,   0.838,9999.000,9999.000,9999.000,9999.000,9999.000,9999.000,9999.000,9999.000
202607120818,   0.896,9999.000,9999.000,9999.000,9999.000,9999.000,9999.000,9999.000,9999.000
202607120824,   0.953,9999.000,9999.000,9999.000,9999.000,9999.000,9999.000,9999.000,9999.000
202607120830,   1.011,9999.000,9999.000,9999.000,9999.000,9999.000,9999.000,9999.000,9999.000
202607120836,   1.068,9999.000,9999.000,9999.000,9999.000,9999.000,9999.000,9999.000,9999.000
202607120842,   1.125,9999.000,9999.000,9999.000,9999.000,9999.000,9999.000,9999.000,9999.000
202607120848,   1.181,9999.000,9999.000,9999.000,9999.000,9999.000,9999.000,9999.000,9999.000
202607120854,   1.237,9999.000,9999.000,9999.000,9999.000,9999.000,9999.000,9999.000,9999.000
202607120900,   1.291,9999.000,   0.600,   0.044,   1.935,   0.500,   1.835,   0.700,   2.035
202607120906,   1.344,9999.000,9999.000,9999.000,9999.000,9999.000,9999.000,9999.000,9999.000
202607120912,   1.396,9999.000,9999.000,9999.000,9999.000,9999.000,9999.000,9999.000,9999.000
202607120918,   1.447,9999.000,9999.000,9999.000,9999.000,9999.000,9999.000,9999.000,9999.000
202607120924,   1.497,9999.000,9999.000,9999.000,9999.000,9999.000,9999.000,9999.000,9999.000
202607120930,   1.545,9999.000,9999.000,9999.000,9999.000,9999.000,9999.000,9999.000,9999.000
202607120936,   1.592,9999.000,9999.000,9999.000,9999.000,9999.000,9999.000,9999.000,9999.000
202607120942,   1.637,9999.000,9999.000,9999.000,9999.000,9999.000,9999.000,9999.000,9999.000
202607120948,   1.680,9999.000,9999.000,9999.000,9999.000,9999.000,9999.000,9999.000,9999.000
202607120954,   1.722,9999.000,9999.000,9999.000,9999.000,9999.000,9999.000,9999.000,9999.000
202607121000,   1.761,9999.000,   0.600,   0.044,   2.405,   0.500,   2.305,   0.700,   2.505
202607121006,   1.799,9999.000,9999.000,9999.000,9999.000,9999.000,9999.000,9999.000,9999.000
202607121012,   1.834,9999.000,9999.000,9999.000,9999.000,9999.000,9999.000,9999.000,9999.000
202607121018,   1.867,9999.000,9999.000,9999.000,9999.000,9999.000,9999.000,9999.000,9999.000
202607121024,   1.898,9999.000,9999.000,9999.000,9999.000,9999.000,9999.000,9999.000,9999.000
202607121030,   1.927,9999.000,9999.000,9999.000,9999.000,9999.000,9999.000,9999.000,9999.000
202607121036,   1.952,9999.000,9999.000,9999.000,9999.000,9999.000,9999.000,9999.000,9999.000
202607121042,   1.976,9999.000,9999.000,9999.000,9999.000,9999.000,9999.000,9999.000,9999.000
202607121048,   1.996,9999.000,9999.000,9999.000,9999.000,9999.000,9999.000,9999.000,9999.000
202607121054,   2.014,9999.000,9999.000,9999.000,9999.000,9999.000,9999.000,9999.000,9999.000
202607121100,   2.028,9999.000,   0.600,   0.044,   2.672,   0.500,   2.572,   0.600,   2.672
202607121106,   2.039,9999.000,9999.000,9999.000,9999.000,9999.000,9999.000,9999.000,9999.000
202607121112,   2.048,9999.000,9999.000,9999.000,9999.000,9999.000,9999.000,9999.000,9999.000
202607121118,   2.053,9999.000,9999.000,9999.000,9999.000,9999.000,9999.000,9999.000,9999.000
202607121124,   2.054,9999.000,9999.000,9999.000,9999.000,9999.000,9999.000,9999.000,9999.000
202607121130,   2.053,9999.000,9999.000,9999.000,9999.000,9999.000,9999.000,9999.000,9999.000
202607121136,   2.048,9999.000,9999.000,9999.000,9999.000,9999.000,9999.000,9999.000,9999.000
202607121142,   2.040,9999.000,9999.000,9999.000,9999.000,9999.000,9999.000,9999.000,9999.000
202607121148,   2.028,9999.000,9999.000,9999.000,9999.000,9999.000,9999.000,9999.000,9999.000
202607121154,   2.014,9999.000,9999.000,9999.000,9999.000,9999.000,9999.000,9999.000,9999.000
202607121200,   1.996,9999.000,   0.600,   0.044,   2.640,   0.500,   2.540,   0.700,   2.740
202607121206,   1.975,9999.000,9999.000,9999.000,9999.000,9999.000,9999.000,9999.000,9999.000
202607121212,   1.952,9999.000,9999.000,9999.000,9999.000,9999.000,9999.000,9999.000,9999.000
202607121218,   1.925,9999.000,9999.000,9999.000,9999.000,9999.000,9999.000,9999.000,9999.000
202607121224,   1.897,9999.000,9999.000,9999.000,9999.000,9999.000,9999.000,9999.000,9999.000
202607121230,   1.866,9999.000,9999.000,9999.000,9999.000,9999.000,9999.000,9999.000,9999.000
202607121236,   1.833,9999.000,9999.000,9999.000,9999.000,9999.000,9999.000,9999.000,9999.000
202607121242,   1.798,9999.000,9999.000,9999.000,9999.000,9999.000,9999.000,9999.000,9999.000
202607121248,   1.761,9999.000,9999.000,9999.000,9999.000,9999.000,9999.000,9999.000,9999.000
202607121254,   1.723,9999.000,9999.000,9999.000,9999.000,9999.000,9999.000,9999.000,9999.000
202607121300,   1.684,9999.000,   0.600,   0.044,   2.328,   0.500,   2.228,   0.600,   2.328
202607121306,   1.645,9999.000,9999.000,9999.000,9999.000,9999.000,9999.000,9999.000,9999.000
202607121312,   1.604,9999.000,9999.000,9999.000,9999.000,9999.000,9999.000,9999.000,9999.000
202607121318,   1.563,9999.000,9999.000,9999.000,9999.000,9999.000,9999.000,9999.000,9999.000
202607121324,   1.522,9999.000,9999.000,9999.000,9999.000,9999.000,9999.000,9999.000,9999.000
202607121330,   1.481,9999.000,9999.000,9999.000,9999.000,9999.000,9999.000,9999.000,9999.000
202607121336,   1.441,9999.000,9999.000,9999.000,9999.000,9999.000,9999.000,9999.000,9999.000
202607121342,   1.400,9999.000,9999.000,9999.000,9999.000,9999.000,9999.000,9999.000,9999.000
202607121348,   1.360,9999.000,9999.000,9999.000,9999.000,9999.000,9999.000,9999.000,9999.000
202607121354,   1.321,9999.000,9999.000,9999.000,9999.000,9999.000,9999.000,9999.000,9999.000
202607121400,   1.282,9999.000,   0.500,   0.044,   1.826,   0.500,   1.826,   0.600,   1.926
202607121406,   1.244,9999.000,9999.000,9999.000,9999.000,9999.000,9999.000,9999.000,9999.000
202607121412,   1.206,9999.000,9999.000,9999.000,9999.000,9999.000,9999.000,9999.000,9999.000
202607121418,   1.170,9999.000,9999.000,9999.000,9999.000,9999.000,9999.000,9999.000,9999.000
202607121424,   1.134,9999.000,9999.000,9999.000,9999.000,9999.000,9999.000,9999.000,9999.000
202607121430,   1.099,9999.000,9999.000,9999.000,9999.000,9999.000,9999.000,9999.000,9999.000
202607121436,   1.064,9999.000,9999.000,9999.000,9999.000,9999.000,9999.000,9999.000,9999.000
202607121442,   1.030,9999.000,9999.000,9999.000,9999.000,9999.000,9999.000,9999.000,9999.000
202607121448,   0.996,9999.000,9999.000,9999.000,9999.000,9999.000,9999.000,9999.000,9999.000
202607121454,   0.963,9999.000,9999.000,9999.000,9999.000,9999.000,9999.000,9999.000,9999.000
202607121500,   0.930,9999.000,   0.500,   0.044,   1.474,   0.500,   1.474,   0.600,   1.574
202607121506,   0.898,9999.000,9999.000,9999.000,9999.000,9999.000,9999.000,9999.000,9999.000
202607121512,   0.865,9999.000,9999.000,9999.000,9999.000,9999.000,9999.000,9999.000,9999.000
202607121518,   0.833,9999.000,9999.000,9999.000,9999.000,9999.000,9999.000,9999.000,9999.000
202607121524,   0.801,9999.000,9999.000,9999.000,9999.000,9999.000,9999.000,9999.000,9999.000
202607121530,   0.769,9999.000,9999.000,9999.000,9999.000,9999.000,9999.000,9999.000,9999.000
202607121536,   0.736,9999.000,9999.000,9999.000,9999.000,9999.000,9999.000,9999.000,9999.000
202607121542,   0.704,9999.000,9999.000,9999.000,9999.000,9999.000,9999.000,9999.000,9999.000
202607121548,   0.672,9999.000,9999.000,9999.000,9999.000,9999.000,9999.000,9999.000,9999.000
202607121554,   0.640,9999.000,9999.000,9999.000,9999.000,9999.000,9999.000,9999.000,9999.000
202607121600,   0.607,9999.000,   0.500,   0.044,   1.151,   0.500,   1.151,   0.600,   1.251
202607121606,   0.575,9999.000,9999.000,9999.000,9999.000,9999.000,9999.000,9999.000,9999.000
202607121612,   0.544,9999.000,9999.000,9999.000,9999.000,9999.000,9999.000,9999.000,9999.000
202607121618,   0.512,9999.000,9999.000,9999.000,9999.000,9999.000,9999.000,9999.000,9999.000
202607121624,   0.481,9999.000,9999.000,9999.000,9999.000,9999.000,9999.000,9999.000,9999.000
202607121630,   0.451,9999.000,9999.000,9999.000,9999.000,9999.000,9999.000,9999.000,9999.000
202607121636,   0.422,9999.000,9999.000,9999.000,9999.000,9999.000,9999.000,9999.000,9999.000
202607121642,   0.394,9999.000,9999.000,9999.000,9999.000,9999.000,9999.000,9999.000,9999.000
202607121648,   0.367,9999.000,9999.000,9999.000,9999.000,9999.000,9999.000,9999.000,9999.000
202607121654,   0.342,9999.000,9999.000,9999.000,9999.000,9999.000,9999.000,9999.000,9999.000
202607121700,   0.318,9999.000,   0.500,   0.044,   0.862,   0.500,   0.862,   0.600,   0.962
202607121706,   0.297,9999.000,9999.000,9999.000,9999.000,9999.000,9999.000,9999.000,9999.000
202607121712,   0.278,9999.000,9999.000,9999.000,9999.000,9999.000,9999.000,9999.000,9999.000
202607121718,   0.261,9999.000,9999.000,9999.000,9999.000,9999.000,9999.000,9999.000,9999.000
202607121724,   0.246,9999.000,9999.000,9999.000,9999.000,9999.000,9999.000,9999.000,9999.000
202607121730,   0.235,9999.000,9999.000,9999.000,9999.000,9999.000,9999.000,9999.000,9999.000
202607121736,   0.226,9999.000,9999.000,9999.000,9999.000,9999.000,9999.000,9999.000,9999.000
202607121742,   0.221,9999.000,9999.000,9999.000,9999.000,9999.000,9999.000,9999.000,9999.000
202607121748,   0.219,9999.000,9999.000,9999.000,9999.000,9999.000,9999.000,9999.000,9999.000
202607121754,   0.221,9999.000,9999.000,9999.000,9999.000,9999.000,9999.000,9999.000,9999.000
202607121800,   0.226,9999.000,   0.600,   0.044,   0.870,   0.500,   0.770,   0.600,   0.870
202607121806,   0.235,9999.000,9999.000,9999.000,9999.000,9999.000,9999.000,9999.000,9999.000
202607121812,   0.248,9999.000,9999.000,9999.000,9999.000,9999.000,9999.000,9999.000,9999.000
202607121818,   0.265,9999.000,9999.000,9999.000,9999.000,9999.000,9999.000,9999.000,9999.000
202607121824,   0.286,9999.000,9999.000,9999.000,9999.000,9999.000,9999.000,9999.000,9999.000
202607121830,   0.311,9999.000,9999.000,9999.000,9999.000,9999.000,9999.000,9999.000,9999.000
202607121836,   0.340,9999.000,9999.000,9999.000,9999.000,9999.000,9999.000,9999.000,9999.000
202607121842,   0.372,9999.000,9999.000,9999.000,9999.000,9999.000,9999.000,9999.000,9999.000
202607121848,   0.409,9999.000,9999.000,9999.000,9999.000,9999.000,9999.000,9999.000,9999.000
202607121854,   0.449,9999.000,9999.000,9999.000,9999.000,9999.000,9999.000,9999.000,9999.000
202607121900,   0.493,9999.000,   0.600,   0.044,   1.137,   0.500,   1.037,   0.600,   1.137
202607121906,   0.541,9999.000,9999.000,9999.000,9999.000,9999.000,9999.000,9999.000,9999.000
202607121912,   0.592,9999.000,9999.000,9999.000,9999.000,9999.000,9999.000,9999.000,9999.000
202607121918,   0.646,9999.000,9999.000,9999.000,9999.000,9999.000,9999.000,9999.000,9999.000
202607121924,   0.703,9999.000,9999.000,9999.000,9999.000,9999.000,9999.000,9999.000,9999.000
202607121930,   0.762,9999.000,9999.000,9999.000,9999.000,9999.000,9999.000,9999.000,9999.000
202607121936,   0.825,9999.000,9999.000,9999.000,9999.000,9999.000,9999.000,9999.000,9999.000
202607121942,   0.889,9999.000,9999.000,9999.000,9999.000,9999.000,9999.000,9999.000,9999.000
202607121948,   0.956,9999.000,9999.000,9999.000,9999.000,9999.000,9999.000,9999.000,9999.000
202607121954,   1.025,9999.000,9999.000,9999.000,9999.000,9999.000,9999.000,9999.000,9999.000
202607122000,   1.095,9999.000,   0.600,   0.044,   1.739,   0.500,   1.639,   0.600,   1.739
202607122006,   1.166,9999.000,9999.000,9999.000,9999.000,9999.000,9999.000,9999.000,9999.000
202607122012,   1.240,9999.000,9999.000,9999.000,9999.000,9999.000,9999.000,9999.000,9999.000
202607122018,   1.313,9999.000,9999.000,9999.000,9999.000,9999.000,9999.000,9999.000,9999.000
202607122024,   1.387,9999.000,9999.000,9999.000,9999.000,9999.000,9999.000,9999.000,9999.000
202607122030,   1.461,9999.000,9999.000,9999.000,9999.000,9999.000,9999.000,9999.000,9999.000
202607122036,   1.536,9999.000,9999.000,9999.000,9999.000,9999.000,9999.000,9999.000,9999.000
202607122042,   1.611,9999.000,9999.000,9999.000,9999.000,9999.000,9999.000,9999.000,9999.000
202607122048,   1.685,9999.000,9999.000,9999.000,9999.000,9999.000,9999.000,9999.000,9999.000
202607122054,   1.759,9999.000,9999.000,9999.000,9999.000,9999.000,9999.000,9999.000,9999.000
202607122100,   1.832,9999.000,   0.600,   0.044,   2.476,   0.500,   2.376,   0.600,   2.476
202607122106,   1.905,9999.000,9999.000,9999.000,9999.000,9999.000,9999.000,9999.000,9999.000
202607122112,   1.976,9999.000,9999.000,9999.000,9999.000,9999.000,9999.000,9999.000,9999.000
202607122118,   2.047,9999.000,9999.000,9999.000,9999.000,9999.000,9999.000,9999.000,9999.000
202607122124,   2.116,9999.000,9999.000,9999.000,9999.000,9999.000,9999.000,9999.000,9999.000
202607122130,   2.184,9999.000,9999.000,9999.000,9999.000,9999.000,9999.000,9999.000,9999.000
202607122136,   2.251,9999.000,9999.000,9999.000,9999.000,9999.000,9999.000,9999.000,9999.000
202607122142,   2.316,9999.000,9999.000,9999.000,9999.000,9999.000,9999.000,9999.000,9999.000
202607122148,   2.380,9999.000,9999.000,9999.000,9999.000,9999.000,9999.000,9999.000,9999.000
202607122154,   2.441,9999.000,9999.000,9999.000,9999.000,9999.000,9999.000,9999.000,9999.000
202607122200,   2.501,9999.000,   0.600,   0.044,   3.145,   0.500,   3.045,   0.600,   3.145
202607122206,   2.560,9999.000,9999.000,9999.000,9999.000,9999.000,9999.000,9999.000,9999.000
202607122212,   2.616,9999.000,9999.000,9999.000,9999.000,9999.000,9999.000,9999.000,9999.000
202607122218,   2.670,9999.000,9999.000,9999.000,9999.000,9999.000,9999.000,9999.000,9999.000
202607122224,   2.722,9999.000,9999.000,9999.000,9999.000,9999.000,9999.000,9999.000,9999.000
202607122230,   2.771,9999.000,9999.000,9999.000,9999.000,9999.000,9999.000,9999.000,9999.000
202607122236,   2.819,9999.000,9999.000,9999.000,9999.000,9999.000,9999.000,9999.000,9999.000
202607122242,   2.863,9999.000,9999.000,9999.000,9999.000,9999.000,9999.000,9999.000,9999.000
202607122248,   2.906,9999.000,9999.000,9999.000,9999.000,9999.000,9999.000,9999.000,9999.000
202607122254,   2.945,9999.000,9999.000,9999.000,9999.000,9999.000,9999.000,9999.000,9999.000
202607122300,   2.982,9999.000,   0.600,   0.044,   3.626,   0.500,   3.526,   0.600,   3.626
202607122306,   3.015,9999.000,9999.000,9999.000,9999.000,9999.000,9999.000,9999.000,9999.000
202607122312,   3.046,9999.000,9999.000,9999.000,9999.000,9999.000,9999.000,9999.000,9999.000
202607122318,   3.073,9999.000,9999.000,9999.000,9999.000,9999.000,9999.000,9999.000,9999.000
202607122324,   3.097,9999.000,9999.000,9999.000,9999.000,9999.000,9999.000,9999.000,9999.000
202607122330,   3.118,9999.000,9999.000,9999.000,9999.000,9999.000,9999.000,9999.000,9999.000
202607122336,   3.135,9999.000,9999.000,9999.000,9999.000,9999.000,9999.000,9999.000,9999.000
202607122342,   3.148,9999.000,9999.000,9999.000,9999.000,9999.000,9999.000,9999.000,9999.000
202607122348,   3.158,9999.000,9999.000,9999.000,9999.000,9999.000,9999.000,9999.000,9999.000
202607122354,   3.164,9999.000,9999.000,9999.000,9999.000,9999.000,9999.000,9999.000,9999.000
202607130000,   3.166,9999.000,   0.600,   0.044,   3.810,   0.500,   3.710,   0.600,   3.810
202607130006,   3.165,9999.000,9999.000,9999.000,9999.000,9999.000,9999.000,9999.000,9999.000
202607130012,   3.159,9999.000,9999.000,9999.000,9999.000,9999.000,9999.000,9999.000,9999.000
202607130018,   3.150,9999.000,9999.000,9999.000,9999.000,9999.000,9999.000,9999.000,9999.000
202607130024,   3.137,9999.000,9999.000,9999.000,9999.000,9999.000,9999.000,9999.000,9999.000
202607130030,   3.121,9999.000,9999.000,9999.000,9999.000,9999.000,9999.000,9999.000,9999.000
202607130036,   3.101,9999.000,9999.000,9999.000,9999.000,9999.000,9999.000,9999.000,9999.000
202607130042,   3.077,9999.000,9999.000,9999.000,9999.000,9999.000,9999.000,9999.000,9999.000
202607130048,   3.050,9999.000,9999.000,9999.000,9999.000,9999.000,9999.000,9999.000,9999.000
202607130054,   3.020,9999.000,9999.000,9999.000,9999.000,9999.000,9999.000,9999.000,9999.000
202607130100,   2.988,9999.000,   0.600,   0.044,   3.632,   0.500,   3.532,   0.600,   3.632
202607130106,   2.952,9999.000,9999.000,9999.000,9999.000,9999.000,9999.000,9999.000,9999.000
202607130112,   2.914,9999.000,9999.000,9999.000,9999.000,9999.000,9999.000,9999.000,9999.000
202607130118,   2.873,9999.000,9999.000,9999.000,9999.000,9999.000,9999.000,9999.000,9999.000
202607130124,   2.831,9999.000,9999.000,9999.000,9999.000,9999.000,9999.000,9999.000,9999.000
202607130130,   2.786,9999.000,9999.000,9999.000,9999.000,9999.000,9999.000,9999.000,9999.000
202607130136,   2.740,9999.000,9999.000,9999.000,9999.000,9999.000,9999.000,9999.000,9999.000
202607130142,   2.692,9999.000,9999.000,9999.000,9999.000,9999.000,9999.000,9999.000,9999.000
202607130148,   2.643,9999.000,9999.000,9999.000,9999.000,9999.000,9999.000,9999.000,9999.000
202607130154,   2.593,9999.000,9999.000,9999.000,9999.000,9999.000,9999.000,9999.000,9999.000
202607130200,   2.542,9999.000,   0.600,   0.044,   3.186,   0.500,   3.086,   0.600,   3.186
202607130206,   2.490,9999.000,9999.000,9999.000,9999.000,9999.000,9999.000,9999.000,9999.000
202607130212,   2.437,9999.000,9999.000,9999.000,9999.000,9999.000,9999.000,9999.000,9999.000
202607130218,   2.384,9999.000,9999.000,9999.000,9999.000,9999.000,9999.000,9999.000,9999.000
202607130224,   2.330,9999.000,9999.000,9999.000,9999.000,9999.000,9999.000,9999.000,9999.000
202607130230,   2.276,9999.000,9999.000,9999.000,9999.000,9999.000,9999.000,9999.000,9999.000
202607130236,   2.221,9999.000,9999.000,9999.000,9999.000,9999.000,9999.000,9999.000,9999.000
202607130242,   2.165,9999.000,9999.000,9999.000,9999.000,9999.000,9999.000,9999.000,9999.000
202607130248,   2.110,9999.000,9999.000,9999.000,9999.000,9999.000,9999.000,9999.000,9999.000
202607130254,   2.053,9999.000,9999.000,9999.000,9999.000,9999.000,9999.000,9999.000,9999.000
202607130300,   1.997,9999.000,   0.500,   0.044,   2.541,   0.500,   2.541,   0.600,   2.641
202607130306,   1.939,9999.000,9999.000,9999.000,9999.000,9999.000,9999.000,9999.000,9999.000
202607130312,   1.882,9999.000,9999.000,9999.000,9999.000,9999.000,9999.000,9999.000,9999.000
202607130318,   1.823,9999.000,9999.000,9999.000,9999.000,9999.000,9999.000,9999.000,9999.000
202607130324,   1.764,9999.000,9999.000,9999.000,9999.000,9999.000,9999.000,9999.000,9999.000
202607130330,   1.704,9999.000,9999.000,9999.000,9999.000,9999.000,9999.000,9999.000,9999.000
202607130336,   1.643,9999.000,9999.000,9999.000,9999.000,9999.000,9999.000,9999.000,9999.000
202607130342,   1.582,9999.000,9999.000,9999.000,9999.000,9999.000,9999.000,9999.000,9999.000
202607130348,   1.519,9999.000,9999.000,9999.000,9999.000,9999.000,9999.000,9999.000,9999.000
202607130354,   1.456,9999.000,9999.000,9999.000,9999.000,9999.000,9999.000,9999.000,9999.000
202607130400,   1.392,9999.000,   0.500,   0.044,   1.936,   0.400,   1.836,   0.600,   2.036
202607130406,   1.327,9999.000,9999.000,9999.000,9999.000,9999.000,9999.000,9999.000,9999.000
202607130412,   1.261,9999.000,9999.000,9999.000,9999.000,9999.000,9999.000,9999.000,9999.000
202607130418,   1.195,9999.000,9999.000,9999.000,9999.000,9999.000,9999.000,9999.000,9999.000
202607130424,   1.128,9999.000,9999.000,9999.000,9999.000,9999.000,9999.000,9999.000,9999.000
202607130430,   1.061,9999.000,9999.000,9999.000,9999.000,9999.000,9999.000,9999.000,9999.000
202607130436,   0.994,9999.000,9999.000,9999.000,9999.000,9999.000,9999.000,9999.000,9999.000
202607130442,   0.926,9999.000,9999.000,9999.000,9999.000,9999.000,9999.000,9999.000,9999.000
202607130448,   0.859,9999.000,9999.000,9999.000,9999.000,9999.000,9999.000,9999.000,9999.000
202607130454,   0.792,9999.000,9999.000,9999.000,9999.000,9999.000,9999.000,9999.000,9999.000
202607130500,   0.725,9999.000,   0.500,   0.044,   1.269,   0.400,   1.169,   0.500,   1.269
202607130506,   0.659,9999.000,9999.000,9999.000,9999.000,9999.000,9999.000,9999.000,9999.000
202607130512,   0.595,9999.000,9999.000,9999.000,9999.000,9999.000,9999.000,9999.000,9999.000
202607130518,   0.532,9999.000,9999.000,9999.000,9999.000,9999.000,9999.000,9999.000,9999.000
202607130524,   0.470,9999.000,9999.000,9999.000,9999.000,9999.000,9999.000,9999.000,9999.000
202607130530,   0.411,9999.000,9999.000,9999.000,9999.000,9999.000,9999.000,9999.000,9999.000
202607130536,   0.353,9999.000,9999.000,9999.000,9999.000,9999.000,9999.000,9999.000,9999.000
202607130542,   0.299,9999.000,9999.000,9999.000,9999.000,9999.000,9999.000,9999.000,9999.000
202607130548,   0.247,9999.000,9999.000,9999.000,9999.000,9999.000,9999.000,9999.000,9999.000
202607130554,   0.198,9999.000,9999.000,9999.000,9999.000,9999.000,9999.000,9999.000,9999.000
202607130600,   0.153,9999.000,   0.500,   0.044,   0.697,   0.400,   0.597,   0.500,   0.697
202607130606,   0.111,9999.000,9999.000,9999.000,9999.000,9999.000,9999.000,9999.000,9999.000
202607130612,   0.073,9999.000,9999.000,9999.000,9999.000,9999.000,9999.000,9999.000,9999.000
202607130618,   0.039,9999.000,9999.000,9999.000,9999.000,9999.000,9999.000,9999.000,9999.000
202607130624,   0.009,9999.000,9999.000,9999.000,9999.000,9999.000,9999.000,9999.000,9999.000
202607130630,  -0.015,9999.000,9999.000,9999.000,9999.000,9999.000,9999.000,9999.000,9999.000
202607130636,  -0.036,9999.000,9999.000,9999.000,9999.000,9999.000,9999.000,9999.000,9999.000
202607130642,  -0.052,9999.000,9999.000,9999.000,9999.000,9999.000,9999.000,9999.000,9999.000
202607130648,  -0.063,9999.000,9999.000,9999.000,9999.000,9999.000,9999.000,9999.000,9999.000
202607130654,  -0.069,9999.000,9999.000,9999.000,9999.000,9999.000,9999.000,9999.000,9999.000
202607130700,  -0.071,9999.000,   0.400,   0.044,   0.373,   0.400,   0.373,   0.500,   0.473
202607130706,  -0.067,9999.000,9999.000,9999.000,9999.000,9999.000,9999.000,9999.000,9999.000
202607130712,  -0.059,9999.000,9999.000,9999.000,9999.000,9999.000,9999.000,9999.000,9999.000
202607130718,  -0.046,9999.000,9999.000,9999.000,9999.000,9999.000,9999.000,9999.000,9999.000
202607130724,  -0.028,9999.000,9999.000,9999.000,9999.000,9999.000,9999.000,9999.000,9999.000
202607130730,  -0.006,9999.000,9999.000,9999.000,9999.000,9999.000,9999.000,9999.000,9999.000
202607130736,   0.020,9999.000,9999.000,9999.000,9999.000,9999.000,9999.000,9999.000,9999.000
202607130742,   0.051,9999.000,9999.000,9999.000,9999.000,9999.000,9999.000,9999.000,9999.000
202607130748,   0.086,9999.000,9999.000,9999.000,9999.000,9999.000,9999.000,9999.000,9999.000
202607130754,   0.125,9999.000,9999.000,9999.000,9999.000,9999.000,9999.000,9999.000,9999.000
202607130800,   0.168,9999.000,   0.400,   0.044,   0.612,   0.400,   0.612,   0.500,   0.712
202607130806,   0.214,9999.000,9999.000,9999.000,9999.000,9999.000,9999.000,9999.000,9999.000
202607130812,   0.264,9999.000,9999.000,9999.000,9999.000,9999.000,9999.000,9999.000,9999.000
202607130818,   0.316,9999.000,9999.000,9999.000,9999.000,9999.000,9999.000,9999.000,9999.000
202607130824,   0.371,9999.000,9999.000,9999.000,9999.000,9999.000,9999.000,9999.000,9999.000
202607130830,   0.428,9999.000,9999.000,9999.000,9999.000,9999.000,9999.000,9999.000,9999.000
202607130836,   0.487,9999.000,9999.000,9999.000,9999.000,9999.000,9999.000,9999.000,9999.000
202607130842,   0.549,9999.000,9999.000,9999.000,9999.000,9999.000,9999.000,9999.000,9999.000
202607130848,   0.611,9999.000,9999.000,9999.000,9999.000,9999.000,9999.000,9999.000,9999.000
202607130854,   0.675,9999.000,9999.000,9999.000,9999.000,9999.000,9999.000,9999.000,9999.000
202607130900,   0.740,9999.000,   0.400,   0.044,   1.184,   0.400,   1.184,   0.500,   1.284
202607130906,   0.805,9999.000,9999.000,9999.000,9999.000,9999.000,9999.000,9999.000,9999.000
202607130912,   0.871,9999.000,9999.000,9999.000,9999.000,9999.000,9999.000,9999.000,9999.000
202607130918,   0.937,9999.000,9999.000,9999.000,9999.000,9999.000,9999.000,9999.000,9999.000
202607130924,   1.003,9999.000,9999.000,9999.000,9999.000,9999.000,9999.000,9999.000,9999.000
202607130930,   1.068,9999.000,9999.000,9999.000,9999.000,9999.000,9999.000,9999.000,9999.000
202607130936,   1.133,9999.000,9999.000,9999.000,9999.000,9999.000,9999.000,9999.000,9999.000
202607130942,   1.198,9999.000,9999.000,9999.000,9999.000,9999.000,9999.000,9999.000,9999.000
202607130948,   1.261,9999.000,9999.000,9999.000,9999.000,9999.000,9999.000,9999.000,9999.000
202607130954,   1.324,9999.000,9999.000,9999.000,9999.000,9999.000,9999.000,9999.000,9999.000
202607131000,   1.385,9999.000,   0.400,   0.044,   1.829,   0.300,   1.729,   0.400,   1.829
202607131006,   1.445,9999.000,9999.000,9999.000,9999.000,9999.000,9999.000,9999.000,9999.000
202607131012,   1.504,9999.000,9999.000,9999.000,9999.000,9999.000,9999.000,9999.000,9999.000
202607131018,   1.561,9999.000,9999.000,9999.000,9999.000,9999.000,9999.000,9999.000,9999.000
202607131024,   1.616,9999.000,9999.000,9999.000,9999.000,9999.000,9999.000,9999.000,9999.000
202607131030,   1.670,9999.000,9999.000,9999.000,9999.000,9999.000,9999.000,9999.000,9999.000
202607131036,   1.721,9999.000,9999.000,9999.000,9999.000,9999.000,9999.000,9999.000,9999.000
202607131042,   1.771,9999.000,9999.000,9999.000,9999.000,9999.000,9999.000,9999.000,9999.000
202607131048,   1.818,9999.000,9999.000,9999.000,9999.000,9999.000,9999.000,9999.000,9999.000
202607131054,   1.863,9999.000,9999.000,9999.000,9999.000,9999.000,9999.000,9999.000,9999.000
202607131100,   1.906,9999.000,   0.400,   0.044,   2.350,   0.300,   2.250,   0.400,   2.350
202607131106,   1.946,9999.000,9999.000,9999.000,9999.000,9999.000,9999.000,9999.000,9999.000
202607131112,   1.984,9999.000,9999.000,9999.000,9999.000,9999.000,9999.000,9999.000,9999.000
202607131118,   2.019,9999.000,9999.000,9999.000,9999.000,9999.000,9999.000,9999.000,9999.000
202607131124,   2.051,9999.000,9999.000,9999.000,9999.000,9999.000,9999.000,9999.000,9999.000
202607131130,   2.080,9999.000,9999.000,9999.000,9999.000,9999.000,9999.000,9999.000,9999.000
202607131136,   2.107,9999.000,9999.000,9999.000,9999.000,9999.000,9999.000,9999.000,9999.000
202607131142,   2.130,9999.000,9999.000,9999.000,9999.000,9999.000,9999.000,9999.000,9999.000
202607131148,   2.149,9999.000,9999.000,9999.000,9999.000,9999.000,9999.000,9999.000,9999.000
202607131154,   2.166,9999.000,9999.000,9999.000,9999.000,9999.000,9999.000,9999.000,9999.000
202607131200,   2.179,9999.000,   0.400,   0.044,   2.623,   0.300,   2.523,   0.400,   2.623
202607131206,   2.188,9999.000,9999.000,9999.000,9999.000,9999.000,9999.000,9999.000,9999.000
202607131212,   2.194,9999.000,9999.000,9999.000,9999.000,9999.000,9999.000,9999.000,9999.000
202607131218,   2.196,9999.000,9999.000,9999.000,9999.000,9999.000,9999.000,9999.000,9999.000
202607131224,   2.195,9999.000,9999.000,9999.000,9999.000,9999.000,9999.000,9999.000,9999.000
202607131230,   2.190,9999.000,9999.000,9999.000,9999.000,9999.000,9999.000,9999.000,9999.000
202607131236,   2.182,9999.000,9999.000,9999.000,9999.000,9999.000,9999.000,9999.000,9999.000
202607131242,   2.170,9999.000,9999.000,9999.000,9999.000,9999.000,9999.000,9999.000,9999.000
202607131248,   2.155,9999.000,9999.000,9999.000,9999.000,9999.000,9999.000,9999.000,9999.000
202607131254,   2.136,9999.000,9999.000,9999.000,9999.000,9999.000,9999.000,9999.000,9999.000
202607131300,   2.115,9999.000,   0.300,   0.044,   2.459,   0.300,   2.459,   0.400,   2.559
202607131306,   2.090,9999.000,9999.000,9999.000,9999.000,9999.000,9999.000,9999.000,9999.000
202607131312,   2.063,9999.000,9999.000,9999.000,9999.000,9999.000,9999.000,9999.000,9999.000
202607131318,   2.032,9999.000,9999.000,9999.000,9999.000,9999.000,9999.000,9999.000,9999.000
202607131324,   2.000,9999.000,9999.000,9999.000,9999.000,9999.000,9999.000,9999.000,9999.000
202607131330,   1.965,9999.000,9999.000,9999.000,9999.000,9999.000,9999.000,9999.000,9999.000
202607131336,   1.928,9999.000,9999.000,9999.000,9999.000,9999.000,9999.000,9999.000,9999.000
202607131342,   1.890,9999.000,9999.000,9999.000,9999.000,9999.000,9999.000,9999.000,9999.000
202607131348,   1.850,9999.000,9999.000,9999.000,9999.000,9999.000,9999.000,9999.000,9999.000
202607131354,   1.809,9999.000,9999.000,9999.000,9999.000,9999.000,9999.000,9999.000,9999.000
202607131400,   1.767,9999.000,   0.300,   0.044,   2.111,   0.300,   2.111,   0.400,   2.211
202607131406,   1.724,9999.000,9999.000,9999.000,9999.000,9999.000,9999.000,9999.000,9999.000
202607131412,   1.681,9999.000,9999.000,9999.000,9999.000,9999.000,9999.000,9999.000,9999.000
202607131418,   1.637,9999.000,9999.000,9999.000,9999.000,9999.000,9999.000,9999.000,9999.000
202607131424,   1.593,9999.000,9999.000,9999.000,9999.000,9999.000,9999.000,9999.000,9999.000
202607131430,   1.550,9999.000,9999.000,9999.000,9999.000,9999.000,9999.000,9999.000,9999.000
202607131436,   1.506,9999.000,9999.000,9999.000,9999.000,9999.000,9999.000,9999.000,9999.000
202607131442,   1.463,9999.000,9999.000,9999.000,9999.000,9999.000,9999.000,9999.000,9999.000
202607131448,   1.420,9999.000,9999.000,9999.000,9999.000,9999.000,9999.000,9999.000,9999.000
202607131454,   1.378,9999.000,9999.000,9999.000,9999.000,9999.000,9999.000,9999.000,9999.000
202607131500,   1.336,9999.000,   0.300,   0.044,   1.680,   0.300,   1.680,   0.400,   1.780
202607131506,   1.295,9999.000,9999.000,9999.000,9999.000,9999.000,9999.000,9999.000,9999.000
202607131512,   1.254,9999.000,9999.000,9999.000,9999.000,9999.000,9999.000,9999.000,9999.000
202607131518,   1.214,9999.000,9999.000,9999.000,9999.000,9999.000,9999.000,9999.000,9999.000
202607131524,   1.175,9999.000,9999.000,9999.000,9999.000,9999.000,9999.000,9999.000,9999.000
202607131530,   1.136,9999.000,9999.000,9999.000,9999.000,9999.000,9999.000,9999.000,9999.000
202607131536,   1.097,9999.000,9999.000,9999.000,9999.000,9999.000,9999.000,9999.000,9999.000
202607131542,   1.059,9999.000,9999.000,9999.000,9999.000,9999.000,9999.000,9999.000,9999.000
202607131548,   1.021,9999.000,9999.000,9999.000,9999.000,9999.000,9999.000,9999.000,9999.000
202607131554,   0.984,9999.000,9999.000,9999.000,9999.000,9999.000,9999.000,9999.000,9999.000
202607131600,   0.946,9999.000,   0.300,   0.044,   1.290,   0.300,   1.290,   0.400,   1.390
202607131606,   0.908,9999.000,9999.000,9999.000,9999.000,9999.000,9999.000,9999.000,9999.000
202607131612,   0.871,9999.000,9999.000,9999.000,9999.000,9999.000,9999.000,9999.000,9999.000
202607131618,   0.833,9999.000,9999.000,9999.000,9999.000,9999.000,9999.000,9999.000,9999.000
202607131624,   0.796,9999.000,9999.000,9999.000,9999.000,9999.000,9999.000,9999.000,9999.000
202607131630,   0.758,9999.000,9999.000,9999.000,9999.000,9999.000,9999.000,9999.000,9999.000
202607131636,   0.720,9999.000,9999.000,9999.000,9999.000,9999.000,9999.000,9999.000,9999.000
202607131642,   0.682,9999.000,9999.000,9999.000,9999.000,9999.000,9999.000,9999.000,9999.000
202607131648,   0.644,9999.000,9999.000,9999.000,9999.000,9999.000,9999.000,9999.000,9999.000
202607131654,   0.606,9999.000,9999.000,9999.000,9999.000,9999.000,9999.000,9999.000,9999.000
202607131700,   0.568,9999.000,   0.300,   0.044,   0.912,   0.300,   0.912,   0.400,   1.012
202607131706,   0.531,9999.000,9999.000,9999.000,9999.000,9999.000,9999.000,9999.000,9999.000
202607131712,   0.494,9999.000,9999.000,9999.000,9999.000,9999.000,9999.000,9999.000,9999.000
202607131718,   0.457,9999.000,9999.000,9999.000,9999.000,9999.000,9999.000,9999.000,9999.000
202607131724,   0.421,9999.000,9999.000,9999.000,9999.000,9999.000,9999.000,9999.000,9999.000
202607131730,   0.387,9999.000,9999.000,9999.000,9999.000,9999.000,9999.000,9999.000,9999.000
202607131736,   0.353,9999.000,9999.000,9999.000,9999.000,9999.000,9999.000,9999.000,9999.000
202607131742,   0.320,9999.000,9999.000,9999.000,9999.000,9999.000,9999.000,9999.000,9999.000
202607131748,   0.290,9999.000,9999.000,9999.000,9999.000,9999.000,9999.000,9999.000,9999.000
202607131754,   0.261,9999.000,9999.000,9999.000,9999.000,9999.000,9999.000,9999.000,9999.000
202607131800,   0.234,9999.000,   0.300,   0.044,   0.578,   0.300,   0.578,   0.400,   0.678
202607131806,   0.209,9999.000,9999.000,9999.000,9999.000,9999.000,9999.000,9999.000,9999.000
202607131812,   0.187,9999.000,9999.000,9999.000,9999.000,9999.000,9999.000,9999.000,9999.000
202607131818,   0.168,9999.000,9999.000,9999.000,9999.000,9999.000,9999.000,9999.000,9999.000
202607131824,   0.152,9999.000,9999.000,9999.000,9999.000,9999.000,9999.000,9999.000,9999.000
202607131830,   0.139,9999.000,9999.000,9999.000,9999.000,9999.000,9999.000,9999.000,9999.000
202607131836,   0.129,9999.000,9999.000,9999.000,9999.000,9999.000,9999.000,9999.000,9999.000
202607131842,   0.123,9999.000,9999.000,9999.000,9999.000,9999.000,9999.000,9999.000,9999.000
202607131848,   0.121,9999.000,9999.000,9999.000,9999.000,9999.000,9999.000,9999.000,9999.000
202607131854,   0.123,9999.000,9999.000,9999.000,9999.000,9999.000,9999.000,9999.000,9999.000
202607131900,   0.129,9999.000,   0.400,   0.044,   0.573,   0.300,   0.473,   0.400,   0.573
202607131906,   0.139,9999.000,9999.000,9999.000,9999.000,9999.000,9999.000,9999.000,9999.000
202607131912,   0.154,9999.000,9999.000,9999.000,9999.000,9999.000,9999.000,9999.000,9999.000
202607131918,   0.173,9999.000,9999.000,9999.000,9999.000,9999.000,9999.000,9999.000,9999.000
202607131924,   0.196,9999.000,9999.000,9999.000,9999.000,9999.000,9999.000,9999.000,9999.000
202607131930,   0.223,9999.000,9999.000,9999.000,9999.000,9999.000,9999.000,9999.000,9999.000
202607131936,   0.255,9999.000,9999.000,9999.000,9999.000,9999.000,9999.000,9999.000,9999.000
202607131942,   0.291,9999.000,9999.000,9999.000,9999.000,9999.000,9999.000,9999.000,9999.000
202607131948,   0.332,9999.000,9999.000,9999.000,9999.000,9999.000,9999.000,9999.000,9999.000
202607131954,   0.376,9999.000,9999.000,9999.000,9999.000,9999.000,9999.000,9999.000,9999.000
202607132000,   0.424,9999.000,   0.400,   0.044,   0.868,   0.300,   0.768,   0.400,   0.868
202607132006,   0.477,9999.000,9999.000,9999.000,9999.000,9999.000,9999.000,9999.000,9999.000
202607132012,   0.532,9999.000,9999.000,9999.000,9999.000,9999.000,9999.000,9999.000,9999.000
202607132018,   0.591,9999.000,9999.000,9999.000,9999.000,9999.000,9999.000,9999.000,9999.000
202607132024,   0.654,9999.000,9999.000,9999.000,9999.000,9999.000,9999.000,9999.000,9999.000
202607132030,   0.719,9999.000,9999.000,9999.000,9999.000,9999.000,9999.000,9999.000,9999.000
202607132036,   0.787,9999.000,9999.000,9999.000,9999.000,9999.000,9999.000,9999.000,9999.000
202607132042,   0.857,9999.000,9999.000,9999.000,9999.000,9999.000,9999.000,9999.000,9999.000
202607132048,   0.930,9999.000,9999.000,9999.000,9999.000,9999.000,9999.000,9999.000,9999.000
202607132054,   1.004,9999.000,9999.000,9999.000,9999.000,9999.000,9999.000,9999.000,9999.000
202607132100,   1.080,9999.000,   0.400,   0.044,   1.524,   0.300,   1.424,   0.400,   1.524
202607132106,   1.158,9999.000,9999.000,9999.000,9999.000,9999.000,9999.000,9999.000,9999.000
202607132112,   1.236,9999.000,9999.000,9999.000,9999.000,9999.000,9999.000,9999.000,9999.000
202607132118,   1.315,9999.000,9999.000,9999.000,9999.000,9999.000,9999.000,9999.000,9999.000
202607132124,   1.395,9999.000,9999.000,9999.000,9999.000,9999.000,9999.000,9999.000,9999.000
202607132130,   1.475,9999.000,9999.000,9999.000,9999.000,9999.000,9999.000,9999.000,9999.000
202607132136,   1.555,9999.000,9999.000,9999.000,9999.000,9999.000,9999.000,9999.000,9999.000
202607132142,   1.634,9999.000,9999.000,9999.000,9999.000,9999.000,9999.000,9999.000,9999.000
202607132148,   1.714,9999.000,9999.000,9999.000,9999.000,9999.000,9999.000,9999.000,9999.000
202607132154,   1.792,9999.000,9999.000,9999.000,9999.000,9999.000,9999.000,9999.000,9999.000
202607132200,   1.870,9999.000,   0.400,   0.044,   2.314,   0.300,   2.214,   0.400,   2.314
202607132206,   1.947,9999.000,9999.000,9999.000,9999.000,9999.000,9999.000,9999.000,9999.000
202607132212,   2.023,9999.000,9999.000,9999.000,9999.000,9999.000,9999.000,9999.000,9999.000
202607132218,   2.097,9999.000,9999.000,9999.000,9999.000,9999.000,9999.000,9999.000,9999.000
202607132224,   2.170,9999.000,9999.000,9999.000,9999.000,9999.000,9999.000,9999.000,9999.000
202607132230,   2.241,9999.000,9999.000,9999.000,9999.000,9999.000,9999.000,9999.000,9999.000
202607132236,   2.311,9999.000,9999.000,9999.000,9999.000,9999.000,9999.000,9999.000,9999.000
202607132242,   2.379,9999.000,9999.000,9999.000,9999.000,9999.000,9999.000,9999.000,9999.000
202607132248,   2.445,9999.000,9999.000,9999.000,9999.000,9999.000,9999.000,9999.000,9999.000
202607132254,   2.509,9999.000,9999.000,9999.000,9999.000,9999.000,9999.000,9999.000,9999.000
202607132300,   2.571,9999.000,   0.400,   0.044,   3.015,   0.300,   2.915,   0.400,   3.015
202607132306,   2.630,9999.000,9999.000,9999.000,9999.000,9999.000,9999.000,9999.000,9999.000
202607132312,   2.688,9999.000,9999.000,9999.000,9999.000,9999.000,9999.000,9999.000,9999.000
202607132318,   2.743,9999.000,9999.000,9999.000,9999.000,9999.000,9999.000,9999.000,9999.000
202607132324,   2.795,9999.000,9999.000,9999.000,9999.000,9999.000,9999.000,9999.000,9999.000
202607132330,   2.845,9999.000,9999.000,9999.000,9999.000,9999.000,9999.000,9999.000,9999.000
202607132336,   2.892,9999.000,9999.000,9999.000,9999.000,9999.000,9999.000,9999.000,9999.000
202607132342,   2.937,9999.000,9999.000,9999.000,9999.000,9999.000,9999.000,9999.000,9999.000
202607132348,   2.978,9999.000,9999.000,9999.000,9999.000,9999.000,9999.000,9999.000,9999.000
202607132354,   3.016,9999.000,9999.000,9999.000,9999.000,9999.000,9999.000,9999.000,9999.000
202607140000,   3.051,9999.000,   0.300,   0.044,   3.395,   0.300,   3.395,   0.400,   3.495
