        TIME,    TIDE,      OB,   SURGE,    BIAS,     TWL,SURGE90p,  TWL90p,SURGE10p,   TWL10p
202607310600,   1.936,9999.000,   0.700,9999.000,   2.636,   0.600,   2.536,   0.700,   2.636
202607310606,   1.826,9999.000,9999.000,9999.000,9999.000,9999.000,9999.000,9999.000,9999.000
202607310612,   1.717,9999.000,9999.000,9999.000,9999.000,9999.000,9999.000,9999.000,9999.000
202607310618,   1.611,9999.000,9999.000,9999.000,9999.000,9999.000,9999.000,9999.000,9999.000
202607310624,   1.507,9999.000,9999.000,9999.000,9999.000,9999.000,9999.000,9999.000,9999.000
202607310630,   1.406,9999.000,9999.000,9999.000,9999.000,9999.000,9999.000,9999.000,9999.000
202607310636,   1.308,9999.000,9999.000,9999.000,9999.000,9999.000,9999.000,9999.000,9999.000
202607310642,   1.213,9999.000,9999.000,9999.000,9999.000,9999.000,9999.000,9999.000,9999.000
202607310648,   1.122,9999.000,9999.000,9999.000,9999.000,9999.000,9999.000,9999.000,9999.000
202607310654,   1.035,9999.000,9999.000,9999.000,9999.000,9999.000,9999.000,9999.000,9999.000
202607310700,   0.952,   2.030,   0.700,   0.378,   2.030,   0.600,   1.930,   0.700,   2.030
202607310706,   0.874,   1.967,9999.000,9999.000,9999.000,9999.000,9999.000,9999.000,9999.000
202607310712,   0.800,   1.918,9999.000,9999.000,9999.000,9999.000,9999.000,9999.000,9999.000
202607310718,   0.732,   1.849,9999.000,9999.000,9999.000,9999.000,9999.000,9999.000,9999.000
202607310724,   0.669,   1.800,9999.000,9999.000,9999.000,9999.000,9999.000,9999.000,9999.000
202607310730,   0.611,   1.708,9999.000,9999.000,9999.000,9999.000,9999.000,9999.000,9999.000
202607310736,   0.559,   1.659,9999.000,9999.000,9999.000,9999.000,9999.000,9999.000,9999.000
202607310742,   0.513,   1.590,9999.000,9999.000,9999.000,9999.000,9999.000,9999.000,9999.000
202607310748,   0.473,   1.557,9999.000,9999.000,9999.000,9999.000,9999.000,9999.000,9999.000
202607310754,   0.438,   1.508,9999.000,9999.000,9999.000,9999.000,9999.000,9999.000,9999.000
202607310800,   0.410,   1.489,   0.700,   0.379,   1.489,   0.600,   1.389,   0.700,   1.489
202607310806,   0.388,   1.469,9999.000,9999.000,9999.000,9999.000,9999.000,9999.000,9999.000
202607310812,   0.371,   1.449,9999.000,9999.000,9999.000,9999.000,9999.000,9999.000,9999.000
202607310818,   0.360,   1.420,9999.000,9999.000,9999.000,9999.000,9999.000,9999.000,9999.000
202607310824,   0.356,   1.420,9999.000,9999.000,9999.000,9999.000,9999.000,9999.000,9999.000
202607310830,   0.356,   1.449,9999.000,9999.000,9999.000,9999.000,9999.000,9999.000,9999.000
202607310836,   0.362,   1.469,9999.000,9999.000,9999.000,9999.000,9999.000,9999.000,9999.000
202607310842,   0.374,   1.459,9999.000,9999.000,9999.000,9999.000,9999.000,9999.000,9999.000
202607310848,   0.390,   1.420,9999.000,9999.000,9999.000,9999.000,9999.000,9999.000,9999.000
202607310854,   0.412,   1.420,9999.000,9999.000,9999.000,9999.000,9999.000,9999.000,9999.000
202607310900,   0.438,   1.439,   0.700,   0.301,   1.439,   0.600,   1.339,   0.700,   1.439
202607310906,   0.468,   1.459,9999.000,9999.000,9999.000,9999.000,9999.000,9999.000,9999.000
202607310912,   0.503,   1.479,9999.000,9999.000,9999.000,9999.000,9999.000,9999.000,9999.000
202607310918,   0.542,   1.518,9999.000,9999.000,9999.000,9999.000,9999.000,9999.000,9999.000
202607310924,   0.584,   1.590,9999.000,9999.000,9999.000,9999.000,9999.000,9999.000,9999.000
202607310930,   0.631,   1.620,9999.000,9999.000,9999.000,9999.000,9999.000,9999.000,9999.000
202607310936,   0.680,   1.679,9999.000,9999.000,9999.000,9999.000,9999.000,9999.000,9999.000
202607310942,   0.733,   1.748,9999.000,9999.000,9999.000,9999.000,9999.000,9999.000,9999.000
202607310948,   0.790,   1.810,9999.000,9999.000,9999.000,9999.000,9999.000,9999.000,9999.000
202607310954,   0.849,   1.869,9999.000,9999.000,9999.000,9999.000,9999.000,9999.000,9999.000
202607311000,   0.911,   1.899,   0.600,   0.388,   1.899,   0.600,   1.899,   0.700,   1.999
202607311006,   0.976,   1.948,9999.000,9999.000,9999.000,9999.000,9999.000,9999.000,9999.000
202607311012,   1.043,   1.990,9999.000,9999.000,9999.000,9999.000,9999.000,9999.000,9999.000
202607311018,   1.113,   2.049,9999.000,9999.000,9999.000,9999.000,9999.000,9999.000,9999.000
202607311024,   1.185,   2.109,9999.000,9999.000,9999.000,9999.000,9999.000,9999.000,9999.000
202607311030,   1.259,   2.168,9999.000,9999.000,9999.000,9999.000,9999.000,9999.000,9999.000
202607311036,   1.336,   2.259,9999.000,9999.000,9999.000,9999.000,9999.000,9999.000,9999.000
202607311042,   1.415,   2.348,9999.000,9999.000,9999.000,9999.000,9999.000,9999.000,9999.000
202607311048,   1.495,   2.420,9999.000,9999.000,9999.000,9999.000,9999.000,9999.000,9999.000
202607311054,   1.577,   2.499,9999.000,9999.000,9999.000,9999.000,9999.000,9999.000,9999.000
202607311100,   1.661,   2.578,   0.600,   0.317,   2.578,   0.600,   2.578,   0.700,   2.678
202607311106,   1.746,   2.640,9999.000,9999.000,9999.000,9999.000,9999.000,9999.000,9999.000
202607311112,   1.833,   2.709,9999.000,9999.000,9999.000,9999.000,9999.000,9999.000,9999.000
202607311118,   1.920,   2.807,9999.000,9999.000,9999.000,9999.000,9999.000,9999.000,9999.000
202607311124,   2.009,   2.938,9999.000,9999.000,9999.000,9999.000,9999.000,9999.000,9999.000
202607311130,   2.098,   3.017,9999.000,9999.000,9999.000,9999.000,9999.000,9999.000,9999.000
202607311136,   2.187,   3.089,9999.000,9999.000,9999.000,9999.000,9999.000,9999.000,9999.000
202607311142,   2.277,   3.158,9999.000,9999.000,9999.000,9999.000,9999.000,9999.000,9999.000
202607311148,   2.366,   3.270,9999.000,9999.000,9999.000,9999.000,9999.000,9999.000,9999.000
202607311154,   2.455,   3.378,9999.000,9999.000,9999.000,9999.000,9999.000,9999.000,9999.000
202607311200,   2.544,   3.450,   0.700,   0.206,   3.450,   0.700,   3.450,   0.700,   3.450
202607311206,   2.631,   3.509,9999.000,9999.000,9999.000,9999.000,9999.000,9999.000,9999.000
202607311212,   2.718,   3.650,9999.000,9999.000,9999.000,9999.000,9999.000,9999.000,9999.000
202607311218,   2.803,   3.719,9999.000,9999.000,9999.000,9999.000,9999.000,9999.000,9999.000
202607311224,   2.886,   3.788,9999.000,9999.000,9999.000,9999.000,9999.000,9999.000,9999.000
202607311230,   2.967,   3.870,9999.000,9999.000,9999.000,9999.000,9999.000,9999.000,9999.000
202607311236,   3.047,   3.929,9999.000,9999.000,9999.000,9999.000,9999.000,9999.000,9999.000
202607311242,   3.123,   4.008,9999.000,9999.000,9999.000,9999.000,9999.000,9999.000,9999.000
202607311248,   3.197,   4.080,9999.000,9999.000,9999.000,9999.000,9999.000,9999.000,9999.000
202607311254,   3.269,   4.178,9999.000,9999.000,9999.000,9999.000,9999.000,9999.000,9999.000
202607311300,   3.337,   4.237,   0.700,   0.200,   4.237,   0.600,   4.137,   0.700,   4.237
202607311306,   3.402,   4.290,9999.000,9999.000,9999.000,9999.000,9999.000,9999.000,9999.000
202607311312,   3.463,   4.339,9999.000,9999.000,9999.000,9999.000,9999.000,9999.000,9999.000
202607311318,   3.521,   4.398,9999.000,9999.000,9999.000,9999.000,9999.000,9999.000,9999.000
202607311324,   3.575,   4.437,9999.000,9999.000,9999.000,9999.000,9999.000,9999.000,9999.000
202607311330,   3.626,   4.500,9999.000,9999.000,9999.000,9999.000,9999.000,9999.000,9999.000
202607311336,   3.672,   4.519,9999.000,9999.000,9999.000,9999.000,9999.000,9999.000,9999.000
202607311342,   3.715,   4.569,9999.000,9999.000,9999.000,9999.000,9999.000,9999.000,9999.000
202607311348,   3.753,   4.637,9999.000,9999.000,9999.000,9999.000,9999.000,9999.000,9999.000
202607311354,   3.787,   4.647,9999.000,9999.000,9999.000,9999.000,9999.000,9999.000,9999.000
202607311400,   3.817,   4.657,   0.700,   0.140,   4.657,   0.600,   4.557,   0.700,   4.657
202607311406,   3.842,   4.710,9999.000,9999.000,9999.000,9999.000,9999.000,9999.000,9999.000
202607311412,   3.864,   4.719,9999.000,9999.000,9999.000,9999.000,9999.000,9999.000,9999.000
202607311418,   3.880,   4.749,9999.000,9999.000,9999.000,9999.000,9999.000,9999.000,9999.000
202607311424,   3.893,   4.778,9999.000,9999.000,9999.000,9999.000,9999.000,9999.000,9999.000
202607311430,   3.900,   4.769,9999.000,9999.000,9999.000,9999.000,9999.000,9999.000,9999.000
202607311436,   3.903,   4.759,9999.000,9999.000,9999.000,9999.000,9999.000,9999.000,9999.000
202607311442,   3.902,   4.749,9999.000,9999.000,9999.000,9999.000,9999.000,9999.000,9999.000
202607311448,   3.896,   4.759,9999.000,9999.000,9999.000,9999.000,9999.000,9999.000,9999.000
202607311454,   3.885,   4.729,9999.000,9999.000,9999.000,9999.000,9999.000,9999.000,9999.000
202607311500,   3.869,   4.759,   0.600,   0.290,   4.759,   0.600,   4.759,   0.700,   4.859
202607311506,   3.849,   4.739,9999.000,9999.000,9999.000,9999.000,9999.000,9999.000,9999.000
202607311512,   3.825,   4.710,9999.000,9999.000,9999.000,9999.000,9999.000,9999.000,9999.000
202607311518,   3.795,   4.657,9999.000,9999.000,9999.000,9999.000,9999.000,9999.000,9999.000
202607311524,   3.762,   4.598,9999.000,9999.000,9999.000,9999.000,9999.000,9999.000,9999.000
202607311530,   3.723,   4.539,9999.000,9999.000,9999.000,9999.000,9999.000,9999.000,9999.000
202607311536,   3.681,   4.500,9999.000,9999.000,9999.000,9999.000,9999.000,9999.000,9999.000
202607311542,   3.634,   4.437,9999.000,9999.000,9999.000,9999.000,9999.000,9999.000,9999.000
202607311548,   3.583,   4.437,9999.000,9999.000,9999.000,9999.000,9999.000,9999.000,9999.000
202607311554,   3.527,   4.378,9999.000,9999.000,9999.000,9999.000,9999.000,9999.000,9999.000
202607311600,   3.468,   4.247,   0.600,   0.179,   4.247,   0.600,   4.247,   0.700,   4.347
202607311606,   3.405,   4.218,9999.000,9999.000,9999.000,9999.000,9999.000,9999.000,9999.000
202607311612,   3.339,   4.139,9999.000,9999.000,9999.000,9999.000,9999.000,9999.000,9999.000
202607311618,   3.268,   4.037,9999.000,9999.000,9999.000,9999.000,9999.000,9999.000,9999.000
202607311624,   3.195,   4.070,9999.000,9999.000,9999.000,9999.000,9999.000,9999.000,9999.000
202607311630,   3.119,   3.998,9999.000,9999.000,9999.000,9999.000,9999.000,9999.000,9999.000
202607311636,   3.040,   3.880,9999.000,9999.000,9999.000,9999.000,9999.000,9999.000,9999.000
202607311642,   2.958,   3.788,9999.000,9999.000,9999.000,9999.000,9999.000,9999.000,9999.000
202607311648,   2.874,   3.680,9999.000,9999.000,9999.000,9999.000,9999.000,9999.000,9999.000
202607311654,   2.787,   3.598,9999.000,9999.000,9999.000,9999.000,9999.000,9999.000,9999.000
202607311700,   2.699,   3.529,   0.600,   0.230,   3.529,   0.600,   3.529,   0.600,   3.529
202607311706,   2.609,   3.460,9999.000,9999.000,9999.000,9999.000,9999.000,9999.000,9999.000
202607311712,   2.518,   3.348,9999.000,9999.000,9999.000,9999.000,9999.000,9999.000,9999.000
202607311718,   2.425,   3.279,9999.000,9999.000,9999.000,9999.000,9999.000,9999.000,9999.000
202607311724,   2.331,   3.119,9999.000,9999.000,9999.000,9999.000,9999.000,9999.000,9999.000
202607311730,   2.237,   3.040,9999.000,9999.000,9999.000,9999.000,9999.000,9999.000,9999.000
202607311736,   2.142,   2.909,9999.000,9999.000,9999.000,9999.000,9999.000,9999.000,9999.000
202607311742,   2.047,   2.778,9999.000,9999.000,9999.000,9999.000,9999.000,9999.000,9999.000
202607311748,   1.951,   2.719,9999.000,9999.000,9999.000,9999.000,9999.000,9999.000,9999.000
202607311754,   1.856,   2.610,9999.000,9999.000,9999.000,9999.000,9999.000,9999.000,9999.000
202607311800,   1.762,   2.489,   0.700,   0.027,   2.489,   0.600,   2.389,   0.700,   2.489
202607311806,   1.668,   2.400,9999.000,9999.000,9999.000,9999.000,9999.000,9999.000,9999.000
202607311812,   1.576,   2.348,9999.000,9999.000,9999.000,9999.000,9999.000,9999.000,9999.000
202607311818,   1.484,   2.259,9999.000,9999.000,9999.000,9999.000,9999.000,9999.000,9999.000
202607311824,   1.395,   2.168,9999.000,9999.000,9999.000,9999.000,9999.000,9999.000,9999.000
202607311830,   1.307,   1.981,9999.000,9999.000,9999.000,9999.000,9999.000,9999.000,9999.000
202607311836,   1.221,   1.967,9999.000,9999.000,9999.000,9999.000,9999.000,9999.000,9999.000
202607311842,   1.138,   1.859,9999.000,9999.000,9999.000,9999.000,9999.000,9999.000,9999.000
202607311848,   1.058,   1.820,9999.000,9999.000,9999.000,9999.000,9999.000,9999.000,9999.000
202607311854,   0.981,   1.748,9999.000,9999.000,9999.000,9999.000,9999.000,9999.000,9999.000
202607311900,   0.907,   1.649,   0.700,   0.042,   1.649,   0.600,   1.549,   0.700,   1.649
202607311906,   0.838,   1.557,9999.000,9999.000,9999.000,9999.000,9999.000,9999.000,9999.000
202607311912,   0.772,   1.498,9999.000,9999.000,9999.000,9999.000,9999.000,9999.000,9999.000
202607311918,   0.710,   1.420,9999.000,9999.000,9999.000,9999.000,9999.000,9999.000,9999.000
202607311924,   0.653,   1.380,9999.000,9999.000,9999.000,9999.000,9999.000,9999.000,9999.000
202607311930,   0.601,   1.298,9999.000,9999.000,9999.000,9999.000,9999.000,9999.000,9999.000
202607311936,   0.555,   1.229,9999.000,9999.000,9999.000,9999.000,9999.000,9999.000,9999.000
202607311942,   0.513,   1.190,9999.000,9999.000,9999.000,9999.000,9999.000,9999.000,9999.000
202607311948,   0.477,   1.138,9999.000,9999.000,9999.000,9999.000,9999.000,9999.000,9999.000
202607311954,   0.447,   1.069,9999.000,9999.000,9999.000,9999.000,9999.000,9999.000,9999.000
202607312000,   0.422,   0.980,   0.700,  -0.142,   0.980,   0.600,   0.880,   0.700,   0.980
202607312006,   0.404,   0.879,9999.000,9999.000,9999.000,9999.000,9999.000,9999.000,9999.000
202607312012,   0.391,   0.918,9999.000,9999.000,9999.000,9999.000,9999.000,9999.000,9999.000
202607312018,   0.385,   0.941,9999.000,9999.000,9999.000,9999.000,9999.000,9999.000,9999.000
202607312024,   0.384,   1.049,9999.000,9999.000,9999.000,9999.000,9999.000,9999.000,9999.000
202607312030,   0.390,   1.039,9999.000,9999.000,9999.000,9999.000,9999.000,9999.000,9999.000
202607312036,   0.401,   1.020,9999.000,9999.000,9999.000,9999.000,9999.000,9999.000,9999.000
202607312042,   0.418,   1.069,9999.000,9999.000,9999.000,9999.000,9999.000,9999.000,9999.000
202607312048,   0.440,   1.108,9999.000,9999.000,9999.000,9999.000,9999.000,9999.000,9999.000
202607312054,   0.468,   1.161,9999.000,9999.000,9999.000,9999.000,9999.000,9999.000,9999.000
202607312100,   0.502,   1.170,   0.600,   0.068,   1.170,   0.600,   1.170,   0.700,   1.270
202607312106,   0.540,   1.180,9999.000,9999.000,9999.000,9999.000,9999.000,9999.000,9999.000
202607312112,   0.583,   1.249,9999.000,9999.000,9999.000,9999.000,9999.000,9999.000,9999.000
202607312118,   0.631,   1.308,9999.000,9999.000,9999.000,9999.000,9999.000,9999.000,9999.000
202607312124,   0.683,   1.380,9999.000,9999.000,9999.000,9999.000,9999.000,9999.000,9999.000
202607312130,   0.740,   1.449,9999.000,9999.000,9999.000,9999.000,9999.000,9999.000,9999.000
202607312136,   0.800,   1.518,9999.000,9999.000,9999.000,9999.000,9999.000,9999.000,9999.000
202607312142,   0.864,   1.580,9999.000,9999.000,9999.000,9999.000,9999.000,9999.000,9999.000
202607312148,   0.931,   1.630,9999.000,9999.000,9999.000,9999.000,9999.000,9999.000,9999.000
202607312154,   1.002,   1.718,9999.000,9999.000,9999.000,9999.000,9999.000,9999.000,9999.000
202607312200,   1.076,   1.689,   0.600,   0.013,   1.689,   0.600,   1.689,   0.700,   1.789
202607312206,   1.152,   1.781,9999.000,9999.000,9999.000,9999.000,9999.000,9999.000,9999.000
202607312212,   1.231,   1.840,9999.000,9999.000,9999.000,9999.000,9999.000,9999.000,9999.000
202607312218,   1.313,   1.918,9999.000,9999.000,9999.000,9999.000,9999.000,9999.000,9999.000
202607312224,   1.397,   2.040,9999.000,9999.000,9999.000,9999.000,9999.000,9999.000,9999.000
202607312230,   1.483,   2.109,9999.000,9999.000,9999.000,9999.000,9999.000,9999.000,9999.000
202607312236,   1.572,   2.220,9999.000,9999.000,9999.000,9999.000,9999.000,9999.000,9999.000
202607312242,   1.662,   2.299,9999.000,9999.000,9999.000,9999.000,9999.000,9999.000,9999.000
202607312248,   1.754,   2.400,9999.000,9999.000,9999.000,9999.000,9999.000,9999.000,9999.000
202607312254,   1.848,   2.499,9999.000,9999.000,9999.000,9999.000,9999.000,9999.000,9999.000
202607312300,   1.944,   2.597,   0.600,   0.053,   2.597,   0.600,   2.597,   0.700,   2.697
202607312306,   2.041,   2.728,9999.000,9999.000,9999.000,9999.000,9999.000,9999.000,9999.000
202607312312,   2.139,   2.830,9999.000,9999.000,9999.000,9999.000,9999.000,9999.000,9999.000
202607312318,   2.239,   2.948,9999.000,9999.000,9999.000,9999.000,9999.000,9999.000,9999.000
202607312324,   2.339,   3.663,9999.000,9999.000,9999.000,9999.000,9999.000,9999.000,9999.000
202607312330,   2.441,9999.000,9999.000,9999.000,9999.000,9999.000,9999.000,9999.000,9999.000
202607312336,   2.543,9999.000,9999.000,9999.000,9999.000,9999.000,9999.000,9999.000,9999.000
202607312342,   2.645,9999.000,9999.000,9999.000,9999.000,9999.000,9999.000,9999.000,9999.000
202607312348,   2.748,9999.000,9999.000,9999.000,9999.000,9999.000,9999.000,9999.000,9999.000
202607312354,   2.851,   3.499,9999.000,9999.000,9999.000,9999.000,9999.000,9999.000,9999.000
202608010000,   2.954,   3.670,   0.600,   0.116,   3.670,   0.600,   3.670,   0.600,   3.670
202608010006,   3.057,   3.778,9999.000,9999.000,9999.000,9999.000,9999.000,9999.000,9999.000
202608010012,   3.159,   3.890,9999.000,9999.000,9999.000,9999.000,9999.000,9999.000,9999.000
202608010018,   3.259,   3.988,9999.000,9999.000,9999.000,9999.000,9999.000,9999.000,9999.000
202608010024,   3.359,   4.090,9999.000,9999.000,9999.000,9999.000,9999.000,9999.000,9999.000
202608010030,   3.457,   4.198,9999.000,9999.000,9999.000,9999.000,9999.000,9999.000,9999.000
202608010036,   3.553,   4.300,9999.000,9999.000,9999.000,9999.000,9999.000,9999.000,9999.000
202608010042,   3.647,   4.408,9999.000,9999.000,9999.000,9999.000,9999.000,9999.000,9999.000
202608010048,   3.739,   4.480,9999.000,9999.000,9999.000,9999.000,9999.000,9999.000,9999.000
202608010054,   3.828,   4.578,9999.000,9999.000,9999.000,9999.000,9999.000,9999.000,9999.000
202608010100,   3.914,   4.677,   0.600,   0.163,   4.677,   0.600,   4.677,   0.600,   4.677
202608010106,   3.997,   4.769,9999.000,9999.000,9999.000,9999.000,9999.000,9999.000,9999.000
202608010112,   4.077,   4.857,9999.000,9999.000,9999.000,9999.000,9999.000,9999.000,9999.000
202608010118,   4.153,   4.939,9999.000,9999.000,9999.000,9999.000,9999.000,9999.000,9999.000
202608010124,   4.225,   5.018,9999.000,9999.000,9999.000,9999.000,9999.000,9999.000,9999.000
202608010130,   4.293,   5.077,9999.000,9999.000,9999.000,9999.000,9999.000,9999.000,9999.000
202608010136,   4.357,   5.149,9999.000,9999.000,9999.000,9999.000,9999.000,9999.000,9999.000
202608010142,   4.417,   5.208,9999.000,9999.000,9999.000,9999.000,9999.000,9999.000,9999.000
202608010148,   4.473,   5.277,9999.000,9999.000,9999.000,9999.000,9999.000,9999.000,9999.000
202608010154,   4.523,   5.329,9999.000,9999.000,9999.000,9999.000,9999.000,9999.000,9999.000
202608010200,   4.570,   5.389,   0.600,   0.219,   5.389,   0.600,   5.389,   0.600,   5.389
202608010206,   4.611,   5.438,9999.000,9999.000,9999.000,9999.000,9999.000,9999.000,9999.000
202608010212,   4.647,   5.477,9999.000,9999.000,9999.000,9999.000,9999.000,9999.000,9999.000
202608010218,   4.679,   5.539,9999.000,9999.000,9999.000,9999.000,9999.000,9999.000,9999.000
202608010224,   4.705,   5.559,9999.000,9999.000,9999.000,9999.000,9999.000,9999.000,9999.000
202608010230,   4.727,   5.618,9999.000,9999.000,9999.000,9999.000,9999.000,9999.000,9999.000
202608010236,   4.743,   5.648,9999.000,9999.000,9999.000,9999.000,9999.000,9999.000,9999.000
202608010242,   4.755,   5.638,9999.000,9999.000,9999.000,9999.000,9999.000,9999.000,9999.000
202608010248,   4.761,   5.618,9999.000,9999.000,9999.000,9999.000,9999.000,9999.000,9999.000
202608010254,   4.761,   5.618,9999.000,9999.000,9999.000,9999.000,9999.000,9999.000,9999.000
202608010300,   4.757,   5.618,   0.600,   0.261,   5.618,   0.600,   5.618,   0.600,   5.618
202608010306,   4.747,   5.628,9999.000,9999.000,9999.000,9999.000,9999.000,9999.000,9999.000
202608010312,   4.733,   5.608,9999.000,9999.000,9999.000,9999.000,9999.000,9999.000,9999.000
202608010318,   4.712,   5.579,9999.000,9999.000,9999.000,9999.000,9999.000,9999.000,9999.000
202608010324,   4.687,   5.559,9999.000,9999.000,9999.000,9999.000,9999.000,9999.000,9999.000
202608010330,   4.656,   5.516,9999.000,9999.000,9999.000,9999.000,9999.000,9999.000,9999.000
202608010336,   4.621,   5.467,9999.000,9999.000,9999.000,9999.000,9999.000,9999.000,9999.000
202608010342,   4.580,   5.398,9999.000,9999.000,9999.000,9999.000,9999.000,9999.000,9999.000
202608010348,   4.534,   5.349,9999.000,9999.000,9999.000,9999.000,9999.000,9999.000,9999.000
202608010354,   4.483,   5.267,9999.000,9999.000,9999.000,9999.000,9999.000,9999.000,9999.000
202608010400,   4.427,   5.208,   0.600,   0.181,   5.208,   0.500,   5.108,   0.600,   5.208
202608010406,   4.366,   5.120,9999.000,9999.000,9999.000,9999.000,9999.000,9999.000,9999.000
202608010412,   4.300,   5.067,9999.000,9999.000,9999.000,9999.000,9999.000,9999.000,9999.000
202608010418,   4.230,   4.998,9999.000,9999.000,9999.000,9999.000,9999.000,9999.000,9999.000
202608010424,   4.156,   4.939,9999.000,9999.000,9999.000,9999.000,9999.000,9999.000,9999.000
202608010430,   4.077,   4.877,9999.000,9999.000,9999.000,9999.000,9999.000,9999.000,9999.000
202608010436,   3.995,   4.778,9999.000,9999.000,9999.000,9999.000,9999.000,9999.000,9999.000
202608010442,   3.908,   4.677,9999.000,9999.000,9999.000,9999.000,9999.000,9999.000,9999.000
202608010448,   3.818,   4.588,9999.000,9999.000,9999.000,9999.000,9999.000,9999.000,9999.000
202608010454,   3.725,   4.500,9999.000,9999.000,9999.000,9999.000,9999.000,9999.000,9999.000
202608010500,   3.628,   4.388,   0.500,   0.260,   4.388,   0.500,   4.388,   0.600,   4.488
202608010506,   3.529,   4.280,9999.000,9999.000,9999.000,9999.000,9999.000,9999.000,9999.000
202608010512,   3.426,   4.198,9999.000,9999.000,9999.000,9999.000,9999.000,9999.000,9999.000
202608010518,   3.322,   4.090,9999.000,9999.000,9999.000,9999.000,9999.000,9999.000,9999.000
202608010524,   3.215,   3.998,9999.000,9999.000,9999.000,9999.000,9999.000,9999.000,9999.000
202608010530,   3.106,   3.880,9999.000,9999.000,9999.000,9999.000,9999.000,9999.000,9999.000
202608010536,   2.996,   3.778,9999.000,9999.000,9999.000,9999.000,9999.000,9999.000,9999.000
202608010542,   2.884,   3.660,9999.000,9999.000,9999.000,9999.000,9999.000,9999.000,9999.000
202608010548,   2.772,   3.558,9999.000,9999.000,9999.000,9999.000,9999.000,9999.000,9999.000
202608010554,   2.658,   3.417,9999.000,9999.000,9999.000,9999.000,9999.000,9999.000,9999.000
202608010600,   2.544,   3.309,   0.500,   0.265,   3.309,   0.500,   3.309,   0.600,   3.409
202608010606,   2.430,   3.207,9999.000,9999.000,9999.000,9999.000,9999.000,9999.000,9999.000
202608010612,   2.316,   3.070,9999.000,9999.000,9999.000,9999.000,9999.000,9999.000,9999.000
202608010618,   2.202,   2.988,9999.000,9999.000,9999.000,9999.000,9999.000,9999.000,9999.000
202608010624,   2.088,   2.869,9999.000,9999.000,9999.000,9999.000,9999.000,9999.000,9999.000
202608010630,   1.976,   2.748,9999.000,9999.000,9999.000,9999.000,9999.000,9999.000,9999.000
202608010636,   1.865,   2.630,9999.000,9999.000,9999.000,9999.000,9999.000,9999.000,9999.000
202608010642,   1.755,   2.528,9999.000,9999.000,9999.000,9999.000,9999.000,9999.000,9999.000
202608010648,   1.647,   2.420,9999.000,9999.000,9999.000,9999.000,9999.000,9999.000,9999.000
202608010654,   1.541,   2.328,9999.000,9999.000,9999.000,9999.000,9999.000,9999.000,9999.000
202608010700,   1.438,   2.210,   0.500,   0.272,   2.210,   0.500,   2.210,   0.600,   2.310
202608010706,   1.337,   2.109,9999.000,9999.000,9999.000,9999.000,9999.000,9999.000,9999.000
202608010712,   1.239,   1.990,9999.000,9999.000,9999.000,9999.000,9999.000,9999.000,9999.000
202608010718,   1.145,   1.889,9999.000,9999.000,9999.000,9999.000,9999.000,9999.000,9999.000
202608010724,   1.054,   1.800,9999.000,9999.000,9999.000,9999.000,9999.000,9999.000,9999.000
202608010730,   0.968,   1.718,9999.000,9999.000,9999.000,9999.000,9999.000,9999.000,9999.000
202608010736,   0.885,   1.639,9999.000,9999.000,9999.000,9999.000,9999.000,9999.000,9999.000
202608010742,   0.808,   1.580,9999.000,9999.000,9999.000,9999.000,9999.000,9999.000,9999.000
202608010748,   0.735,   1.518,9999.000,9999.000,9999.000,9999.000,9999.000,9999.000,9999.000
202608010754,   0.667,   1.449,9999.000,9999.000,9999.000,9999.000,9999.000,9999.000,9999.000
202608010800,   0.605,   1.361,   0.500,   0.256,   1.361,   0.500,   1.361,   0.500,   1.361
202608010806,   0.548,   1.298,9999.000,9999.000,9999.000,9999.000,9999.000,9999.000,9999.000
202608010812,   0.497,   1.220,9999.000,9999.000,9999.000,9999.000,9999.000,9999.000,9999.000
202608010818,   0.451,   1.190,9999.000,9999.000,9999.000,9999.000,9999.000,9999.000,9999.000
202608010824,   0.412,   1.161,9999.000,9999.000,9999.000,9999.000,9999.000,9999.000,9999.000
202608010830,   0.379,   1.108,9999.000,9999.000,9999.000,9999.000,9999.000,9999.000,9999.000
202608010836,   0.352,   1.098,9999.000,9999.000,9999.000,9999.000,9999.000,9999.000,9999.000
202608010842,   0.331,   1.059,9999.000,9999.000,9999.000,9999.000,9999.000,9999.000,9999.000
202608010848,   0.316,   1.049,9999.000,9999.000,9999.000,9999.000,9999.000,9999.000,9999.000
202608010854,   0.308,   1.049,9999.000,9999.000,9999.000,9999.000,9999.000,9999.000,9999.000
202608010900,   0.305,   1.020,   0.500,   0.215,   1.020,   0.400,   0.920,   0.500,   1.020
202608010906,   0.308,   1.029,9999.000,9999.000,9999.000,9999.000,9999.000,9999.000,9999.000
202608010912,   0.317,   1.039,9999.000,9999.000,9999.000,9999.000,9999.000,9999.000,9999.000
202608010918,   0.332,   1.029,9999.000,9999.000,9999.000,9999.000,9999.000,9999.000,9999.000
202608010924,   0.351,   1.029,9999.000,9999.000,9999.000,9999.000,9999.000,9999.000,9999.000
202608010930,   0.376,   1.020,9999.000,9999.000,9999.000,9999.000,9999.000,9999.000,9999.000
202608010936,   0.406,   1.029,9999.000,9999.000,9999.000,9999.000,9999.000,9999.000,9999.000
202608010942,   0.441,   1.108,9999.000,9999.000,9999.000,9999.000,9999.000,9999.000,9999.000
202608010948,   0.479,   1.151,9999.000,9999.000,9999.000,9999.000,9999.000,9999.000,9999.000
202608010954,   0.523,   1.170,9999.000,9999.000,9999.000,9999.000,9999.000,9999.000,9999.000
202608011000,   0.570,   1.180,   0.500,   0.110,   1.180,   0.400,   1.080,   0.500,   1.180
202608011006,   0.620,   1.229,9999.000,9999.000,9999.000,9999.000,9999.000,9999.000,9999.000
202608011012,   0.675,   1.269,9999.000,9999.000,9999.000,9999.000,9999.000,9999.000,9999.000
202608011018,   0.732,   1.328,9999.000,9999.000,9999.000,9999.000,9999.000,9999.000,9999.000
202608011024,   0.793,   1.361,9999.000,9999.000,9999.000,9999.000,9999.000,9999.000,9999.000
202608011030,   0.856,   1.420,9999.000,9999.000,9999.000,9999.000,9999.000,9999.000,9999.000
202608011036,   0.923,   1.489,9999.000,9999.000,9999.000,9999.000,9999.000,9999.000,9999.000
202608011042,   0.992,   1.548,9999.000,9999.000,9999.000,9999.000,9999.000,9999.000,9999.000
202608011048,   1.063,   1.610,9999.000,9999.000,9999.000,9999.000,9999.000,9999.000,9999.000
202608011054,   1.136,   1.689,9999.000,9999.000,9999.000,9999.000,9999.000,9999.000,9999.000
202608011100,   1.212,   1.758,   0.500,   0.046,   1.758,   0.400,   1.658,   0.500,   1.758
202608011106,   1.290,   1.820,9999.000,9999.000,9999.000,9999.000,9999.000,9999.000,9999.000
202608011112,   1.370,   1.889,9999.000,9999.000,9999.000,9999.000,9999.000,9999.000,9999.000
202608011118,   1.451,   2.020,9999.000,9999.000,9999.000,9999.000,9999.000,9999.000,9999.000
202608011124,   1.534,   2.627,9999.000,9999.000,9999.000,9999.000,9999.000,9999.000,9999.000
202608011130,   1.619,9999.000,9999.000,9999.000,9999.000,9999.000,9999.000,9999.000,9999.000
202608011136,   1.705,9999.000,9999.000,9999.000,9999.000,9999.000,9999.000,9999.000,9999.000
202608011142,   1.793,   2.400,9999.000,9999.000,9999.000,9999.000,9999.000,9999.000,9999.000
202608011148,   1.882,   2.459,9999.000,9999.000,9999.000,9999.000,9999.000,9999.000,9999.000
202608011154,   1.972,   2.568,9999.000,9999.000,9999.000,9999.000,9999.000,9999.000,9999.000
202608011200,   2.063,   2.630,   0.500,   0.067,   2.630,   0.500,   2.630,   0.500,   2.630
202608011206,   2.154,   2.719,9999.000,9999.000,9999.000,9999.000,9999.000,9999.000,9999.000
202608011212,   2.246,   2.820,9999.000,9999.000,9999.000,9999.000,9999.000,9999.000,9999.000
202608011218,   2.338,   2.948,9999.000,9999.000,9999.000,9999.000,9999.000,9999.000,9999.000
202608011224,   2.430,   3.017,9999.000,9999.000,9999.000,9999.000,9999.000,9999.000,9999.000
202608011230,   2.522,   3.050,9999.000,9999.000,9999.000,9999.000,9999.000,9999.000,9999.000
202608011236,   2.614,   3.148,9999.000,9999.000,9999.000,9999.000,9999.000,9999.000,9999.000
202608011242,   2.704,   3.250,9999.000,9999.000,9999.000,9999.000,9999.000,9999.000,9999.000
202608011248,   2.794,   3.329,9999.000,9999.000,9999.000,9999.000,9999.000,9999.000,9999.000
202608011254,   2.882,   3.460,9999.000,9999.000,9999.000,9999.000,9999.000,9999.000,9999.000
202608011300,   2.969,   3.460,   0.500,  -0.009,   3.460,   0.500,   3.460,   0.500,   3.460
202608011306,   3.054,   3.719,9999.000,9999.000,9999.000,9999.000,9999.000,9999.000,9999.000
202608011312,   3.137,   3.798,9999.000,9999.000,9999.000,9999.000,9999.000,9999.000,9999.000
202608011318,   3.217,   3.890,9999.000,9999.000,9999.000,9999.000,9999.000,9999.000,9999.000
202608011324,   3.295,   3.939,9999.000,9999.000,9999.000,9999.000,9999.000,9999.000,9999.000
202608011330,   3.370,   4.008,9999.000,9999.000,9999.000,9999.000,9999.000,9999.000,9999.000
202608011336,   3.441,   4.047,9999.000,9999.000,9999.000,9999.000,9999.000,9999.000,9999.000
202608011342,   3.510,   4.149,9999.000,9999.000,9999.000,9999.000,9999.000,9999.000,9999.000
202608011348,   3.575,   4.227,9999.000,9999.000,9999.000,9999.000,9999.000,9999.000,9999.000
202608011354,   3.636,   4.267,9999.000,9999.000,9999.000,9999.000,9999.000,9999.000,9999.000
202608011400,   3.694,   4.247,   0.500,   0.053,   4.247,   0.400,   4.147,   0.500,   4.247
202608011406,   3.747,   4.339,9999.000,9999.000,9999.000,9999.000,9999.000,9999.000,9999.000
202608011412,   3.797,   4.378,9999.000,9999.000,9999.000,9999.000,9999.000,9999.000,9999.000
202608011418,   3.842,   4.427,9999.000,9999.000,9999.000,9999.000,9999.000,9999.000,9999.000
202608011424,   3.883,   4.529,9999.000,9999.000,9999.000,9999.000,9999.000,9999.000,9999.000
202608011430,   3.919,   4.500,9999.000,9999.000,9999.000,9999.000,9999.000,9999.000,9999.000
202608011436,   3.952,   4.529,9999.000,9999.000,9999.000,9999.000,9999.000,9999.000,9999.000
202608011442,   3.979,   4.559,9999.000,9999.000,9999.000,9999.000,9999.000,9999.000,9999.000
202608011448,   4.002,   4.559,9999.000,9999.000,9999.000,9999.000,9999.000,9999.000,9999.000
202608011454,   4.021,   4.588,9999.000,9999.000,9999.000,9999.000,9999.000,9999.000,9999.000
202608011500,   4.035,   4.608,   0.500,   0.073,   4.608,   0.400,   4.508,   0.500,   4.608
202608011506,   4.044,   4.539,9999.000,9999.000,9999.000,9999.000,9999.000,9999.000,9999.000
202608011512,   4.049,   4.539,9999.000,9999.000,9999.000,9999.000,9999.000,9999.000,9999.000
202608011518,   4.049,   4.569,9999.000,9999.000,9999.000,9999.000,9999.000,9999.000,9999.000
202608011524,   4.044,   4.598,9999.000,9999.000,9999.000,9999.000,9999.000,9999.000,9999.000
202608011530,   4.034,   4.657,9999.000,9999.000,9999.000,9999.000,9999.000,9999.000,9999.000
202608011536,   4.020,   4.657,9999.000,9999.000,9999.000,9999.000,9999.000,9999.000,9999.000
202608011542,   4.001,   4.618,9999.000,9999.000,9999.000,9999.000,9999.000,9999.000,9999.000
202608011548,   3.978,   4.618,9999.000,9999.000,9999.000,9999.000,9999.000,9999.000,9999.000
202608011554,   3.950,   4.559,9999.000,9999.000,9999.000,9999.000,9999.000,9999.000,9999.000
202608011600,   3.917,   4.480,   0.500,   0.063,   4.480,   0.400,   4.380,   0.500,   4.480
202608011606,   3.880,   4.388,9999.000,9999.000,9999.000,9999.000,9999.000,9999.000,9999.000
202608011612,   3.838,   4.359,9999.000,9999.000,9999.000,9999.000,9999.000,9999.000,9999.000
202608011618,   3.791,   4.300,9999.000,9999.000,9999.000,9999.000,9999.000,9999.000,9999.000
202608011624,   3.741,   4.329,9999.000,9999.000,9999.000,9999.000,9999.000,9999.000,9999.000
202608011630,   3.686,   4.280,9999.000,9999.000,9999.000,9999.000,9999.000,9999.000,9999.000
202608011636,   3.627,   4.247,9999.000,9999.000,9999.000,9999.000,9999.000,9999.000,9999.000
202608011642,   3.564,   4.188,9999.000,9999.000,9999.000,9999.000,9999.000,9999.000,9999.000
202608011648,   3.497,   4.057,9999.000,9999.000,9999.000,9999.000,9999.000,9999.000,9999.000
202608011654,   3.426,   4.008,9999.000,9999.000,9999.000,9999.000,9999.000,9999.000,9999.000
202608011700,   3.352,   3.909,   0.500,   0.057,   3.909,   0.400,   3.809,   0.500,   3.909
202608011706,   3.275,   3.837,9999.000,9999.000,9999.000,9999.000,9999.000,9999.000,9999.000
202608011712,   3.195,   3.758,9999.000,9999.000,9999.000,9999.000,9999.000,9999.000,9999.000
202608011718,   3.112,   3.699,9999.000,9999.000,9999.000,9999.000,9999.000,9999.000,9999.000
202608011724,   3.026,   3.598,9999.000,9999.000,9999.000,9999.000,9999.000,9999.000,9999.000
202608011730,   2.938,   3.378,9999.000,9999.000,9999.000,9999.000,9999.000,9999.000,9999.000
202608011736,   2.847,   3.368,9999.000,9999.000,9999.000,9999.000,9999.000,9999.000,9999.000
202608011742,   2.755,   3.279,9999.000,9999.000,9999.000,9999.000,9999.000,9999.000,9999.000
202608011748,   2.662,   3.188,9999.000,9999.000,9999.000,9999.000,9999.000,9999.000,9999.000
202608011754,   2.566,   3.148,9999.000,9999.000,9999.000,9999.000,9999.000,9999.000,9999.000
202608011800,   2.470,   3.070,   0.500,   0.100,   3.070,   0.400,   2.970,   0.500,   3.070
202608011806,   2.373,   2.958,9999.000,9999.000,9999.000,9999.000,9999.000,9999.000,9999.000
202608011812,   2.275,   2.850,9999.000,9999.000,9999.000,9999.000,9999.000,9999.000,9999.000
202608011818,   2.177,   2.728,9999.000,9999.000,9999.000,9999.000,9999.000,9999.000,9999.000
202608011824,   2.080,   2.660,9999.000,9999.000,9999.000,9999.000,9999.000,9999.000,9999.000
202608011830,   1.982,   2.469,9999.000,9999.000,9999.000,9999.000,9999.000,9999.000,9999.000
202608011836,   1.885,   2.348,9999.000,9999.000,9999.000,9999.000,9999.000,9999.000,9999.000
202608011842,   1.788,   2.250,9999.000,9999.000,9999.000,9999.000,9999.000,9999.000,9999.000
202608011848,   1.693,   2.168,9999.000,9999.000,9999.000,9999.000,9999.000,9999.000,9999.000
202608011854,   1.599,   2.118,9999.000,9999.000,9999.000,9999.000,9999.000,9999.000,9999.000
202608011900,   1.506,   2.059,   0.500,   0.053,   2.059,   0.500,   2.059,   0.500,   2.059
202608011906,   1.416,   1.938,9999.000,9999.000,9999.000,9999.000,9999.000,9999.000,9999.000
202608011912,   1.328,   1.849,9999.000,9999.000,9999.000,9999.000,9999.000,9999.000,9999.000
202608011918,   1.242,   1.767,9999.000,9999.000,9999.000,9999.000,9999.000,9999.000,9999.000
202608011924,   1.159,   1.669,9999.000,9999.000,9999.000,9999.000,9999.000,9999.000,9999.000
202608011930,   1.079,   1.580,9999.000,9999.000,9999.000,9999.000,9999.000,9999.000,9999.000
202608011936,   1.002,   1.489,9999.000,9999.000,9999.000,9999.000,9999.000,9999.000,9999.000
202608011942,   0.929,   1.430,9999.000,9999.000,9999.000,9999.000,9999.000,9999.000,9999.000
202608011948,   0.860,   1.380,9999.000,9999.000,9999.000,9999.000,9999.000,9999.000,9999.000
202608011954,   0.795,   1.289,9999.000,9999.000,9999.000,9999.000,9999.000,9999.000,9999.000
202608012000,   0.734,   1.200,   0.500,  -0.034,   1.200,   0.500,   1.200,   0.500,   1.200
202608012006,   0.678,   1.069,9999.000,9999.000,9999.000,9999.000,9999.000,9999.000,9999.000
202608012012,   0.627,   1.049,9999.000,9999.000,9999.000,9999.000,9999.000,9999.000,9999.000
202608012018,   0.581,   1.010,9999.000,9999.000,9999.000,9999.000,9999.000,9999.000,9999.000
202608012024,   0.541,   1.039,9999.000,9999.000,9999.000,9999.000,9999.000,9999.000,9999.000
202608012030,   0.506,   1.039,9999.000,9999.000,9999.000,9999.000,9999.000,9999.000,9999.000
202608012036,   0.476,   1.029,9999.000,9999.000,9999.000,9999.000,9999.000,9999.000,9999.000
202608012042,   0.453,   1.010,9999.000,9999.000,9999.000,9999.000,9999.000,9999.000,9999.000
202608012048,   0.435,   1.020,9999.000,9999.000,9999.000,9999.000,9999.000,9999.000,9999.000
202608012054,   0.423,   0.990,9999.000,9999.000,9999.000,9999.000,9999.000,9999.000,9999.000
202608012100,   0.417,   0.980,   0.500,   0.063,   0.980,   0.500,   0.980,   0.500,   0.980
202608012106,   0.418,   0.928,9999.000,9999.000,9999.000,9999.000,9999.000,9999.000,9999.000
202608012112,   0.424,   0.951,9999.000,9999.000,9999.000,9999.000,9999.000,9999.000,9999.000
202608012118,   0.435,   0.980,9999.000,9999.000,9999.000,9999.000,9999.000,9999.000,9999.000
202608012124,   0.453,   1.020,9999.000,9999.000,9999.000,9999.000,9999.000,9999.000,9999.000
202608012130,   0.476,   1.161,9999.000,9999.000,9999.000,9999.000,9999.000,9999.000,9999.000
202608012136,   0.505,   1.170,9999.000,9999.000,9999.000,9999.000,9999.000,9999.000,9999.000
202608012142,   0.538,   1.220,9999.000,9999.000,9999.000,9999.000,9999.000,9999.000,9999.000
202608012148,   0.577,   1.259,9999.000,9999.000,9999.000,9999.000,9999.000,9999.000,9999.000
202608012154,   0.621,   1.279,9999.000,9999.000,9999.000,9999.000,9999.000,9999.000,9999.000
202608012200,   0.669,   1.239,   0.500,   0.070,   1.239,   0.500,   1.239,   0.500,   1.239
202608012206,   0.721,   1.328,9999.000,9999.000,9999.000,9999.000,9999.000,9999.000,9999.000
202608012212,   0.778,   1.380,9999.000,9999.000,9999.000,9999.000,9999.000,9999.000,9999.000
202608012218,   0.838,   1.498,9999.000,9999.000,9999.000,9999.000,9999.000,9999.000,9999.000
202608012224,   0.902,   1.528,9999.000,9999.000,9999.000,9999.000,9999.000,9999.000,9999.000
202608012230,   0.969,   1.557,9999.000,9999.000,9999.000,9999.000,9999.000,9999.000,9999.000
202608012236,   1.039,   1.639,9999.000,9999.000,9999.000,9999.000,9999.000,9999.000,9999.000
202608012242,   1.112,   1.689,9999.000,9999.000,9999.000,9999.000,9999.000,9999.000,9999.000
202608012248,   1.188,   1.748,9999.000,9999.000,9999.000,9999.000,9999.000,9999.000,9999.000
202608012254,   1.267,   1.830,9999.000,9999.000,9999.000,9999.000,9999.000,9999.000,9999.000
202608012300,   1.347,   1.918,   0.500,   0.071,   1.918,   0.500,   1.918,   0.500,   1.918
202608012306,   1.430,   2.020,9999.000,9999.000,9999.000,9999.000,9999.000,9999.000,9999.000
202608012312,   1.515,   2.099,9999.000,9999.000,9999.000,9999.000,9999.000,9999.000,9999.000
202608012318,   1.602,   2.220,9999.000,9999.000,9999.000,9999.000,9999.000,9999.000,9999.000
202608012324,   1.690,   2.299,9999.000,9999.000,9999.000,9999.000,9999.000,9999.000,9999.000
202608012330,   1.780,   2.377,9999.000,9999.000,9999.000,9999.000,9999.000,9999.000,9999.000
202608012336,   1.872,   2.377,9999.000,9999.000,9999.000,9999.000,9999.000,9999.000,9999.000
202608012342,   1.965,   2.469,9999.000,9999.000,9999.000,9999.000,9999.000,9999.000,9999.000
202608012348,   2.059,   2.509,9999.000,9999.000,9999.000,9999.000,9999.000,9999.000,9999.000
202608012354,   2.154,   2.630,9999.000,9999.000,9999.000,9999.000,9999.000,9999.000,9999.000
202608020000,   2.251,   2.869,   0.500,   0.118,   2.869,   0.500,   2.869,   0.500,   2.869
202608020006,   2.348,   2.988,9999.000,9999.000,9999.000,9999.000,9999.000,9999.000,9999.000
202608020012,   2.446,   3.099,9999.000,9999.000,9999.000,9999.000,9999.000,9999.000,9999.000
202608020018,   2.545,   3.217,9999.000,9999.000,9999.000,9999.000,9999.000,9999.000,9999.000
202608020024,   2.643,   3.339,9999.000,9999.000,9999.000,9999.000,9999.000,9999.000,9999.000
202608020030,   2.743,   3.427,9999.000,9999.000,9999.000,9999.000,9999.000,9999.000,9999.000
202608020036,   2.842,   3.519,9999.000,9999.000,9999.000,9999.000,9999.000,9999.000,9999.000
202608020042,   2.941,   3.627,9999.000,9999.000,9999.000,9999.000,9999.000,9999.000,9999.000
202608020048,   3.039,   3.739,9999.000,9999.000,9999.000,9999.000,9999.000,9999.000,9999.000
202608020054,   3.137,   3.817,9999.000,9999.000,9999.000,9999.000,9999.000,9999.000,9999.000
202608020100,   3.234,   3.919,   0.500,   0.185,   3.919,   0.500,   3.919,   0.500,   3.919
202608020106,   3.329,   4.027,9999.000,9999.000,9999.000,9999.000,9999.000,9999.000,9999.000
202608020112,   3.423,   4.099,9999.000,9999.000,9999.000,9999.000,9999.000,9999.000,9999.000
202608020118,   3.515,   4.198,9999.000,9999.000,9999.000,9999.000,9999.000,9999.000,9999.000
202608020124,   3.605,   4.309,9999.000,9999.000,9999.000,9999.000,9999.000,9999.000,9999.000
202608020130,   3.693,   4.408,9999.000,9999.000,9999.000,9999.000,9999.000,9999.000,9999.000
202608020136,   3.778,   4.490,9999.000,9999.000,9999.000,9999.000,9999.000,9999.000,9999.000
202608020142,   3.860,   4.588,9999.000,9999.000,9999.000,9999.000,9999.000,9999.000,9999.000
202608020148,   3.939,   4.657,9999.000,9999.000,9999.000,9999.000,9999.000,9999.000,9999.000
202608020154,   4.014,   4.749,9999.000,9999.000,9999.000,9999.000,9999.000,9999.000,9999.000
202608020200,   4.086,   4.798,   0.500,   0.212,   4.798,   0.500,   4.798,   0.500,   4.798
202608020206,   4.154,   4.857,9999.000,9999.000,9999.000,9999.000,9999.000,9999.000,9999.000
202608020212,   4.218,   4.939,9999.000,9999.000,9999.000,9999.000,9999.000,9999.000,9999.000
202608020218,   4.278,   5.018,9999.000,9999.000,9999.000,9999.000,9999.000,9999.000,9999.000
202608020224,   4.334,   5.038,9999.000,9999.000,9999.000,9999.000,9999.000,9999.000,9999.000
202608020230,   4.385,   5.077,9999.000,9999.000,9999.000,9999.000,9999.000,9999.000,9999.000
202608020236,   4.431,   5.149,9999.000,9999.000,9999.000,9999.000,9999.000,9999.000,9999.000
202608020242,   4.473,   5.208,9999.000,9999.000,9999.000,9999.000,9999.000,9999.000,9999.000
202608020248,   4.510,   5.238,9999.000,9999.000,9999.000,9999.000,9999.000,9999.000,9999.000
202608020254,   4.542,   5.287,9999.000,9999.000,9999.000,9999.000,9999.000,9999.000,9999.000
202608020300,   4.569,   5.287,   0.500,   0.218,   5.287,   0.500,   5.287,   0.500,   5.287
202608020306,   4.592,   5.339,9999.000,9999.000,9999.000,9999.000,9999.000,9999.000,9999.000
202608020312,   4.609,   5.339,9999.000,9999.000,9999.000,9999.000,9999.000,9999.000,9999.000
202608020318,   4.621,   5.339,9999.000,9999.000,9999.000,9999.000,9999.000,9999.000,9999.000
202608020324,   4.628,   5.320,9999.000,9999.000,9999.000,9999.000,9999.000,9999.000,9999.000
202608020330,   4.630,   5.297,9999.000,9999.000,9999.000,9999.000,9999.000,9999.000,9999.000
202608020336,   4.627,   5.287,9999.000,9999.000,9999.000,9999.000,9999.000,9999.000,9999.000
202608020342,   4.619,   5.267,9999.000,9999.000,9999.000,9999.000,9999.000,9999.000,9999.000
202608020348,   4.606,   5.257,9999.000,9999.000,9999.000,9999.000,9999.000,9999.000,9999.000
202608020354,   4.587,   5.247,9999.000,9999.000,9999.000,9999.000,9999.000,9999.000,9999.000
202608020400,   4.564,   5.208,   0.400,   0.244,   5.208,   0.400,   5.208,   0.500,   5.308
202608020406,   4.535,   5.188,9999.000,9999.000,9999.000,9999.000,9999.000,9999.000,9999.000
202608020412,   4.501,   5.129,9999.000,9999.000,9999.000,9999.000,9999.000,9999.000,9999.000
202608020418,   4.462,   5.077,9999.000,9999.000,9999.000,9999.000,9999.000,9999.000,9999.000
202608020424,   4.419,   5.018,9999.000,9999.000,9999.000,9999.000,9999.000,9999.000,9999.000
202608020430,   4.370,   4.959,9999.000,9999.000,9999.000,9999.000,9999.000,9999.000,9999.000
202608020436,   4.316,   4.929,9999.000,9999.000,9999.000,9999.000,9999.000,9999.000,9999.000
202608020442,   4.258,   4.818,9999.000,9999.000,9999.000,9999.000,9999.000,9999.000,9999.000
202608020448,   4.195,   4.739,9999.000,9999.000,9999.000,9999.000,9999.000,9999.000,9999.000
202608020454,   4.128,   4.637,9999.000,9999.000,9999.000,9999.000,9999.000,9999.000,9999.000
202608020500,   4.056,   4.578,   0.400,   0.122,   4.578,   0.400,   4.578,   0.400,   4.578
202608020506,   3.979,   4.529,9999.000,9999.000,9999.000,9999.000,9999.000,9999.000,9999.000
202608020512,   3.899,   4.447,9999.000,9999.000,9999.000,9999.000,9999.000,9999.000,9999.000
202608020518,   3.815,   4.408,9999.000,9999.000,9999.000,9999.000,9999.000,9999.000,9999.000
202608020524,   3.727,   4.319,9999.000,9999.000,9999.000,9999.000,9999.000,9999.000,9999.000
202608020530,   3.635,   4.247,9999.000,9999.000,9999.000,9999.000,9999.000,9999.000,9999.000
202608020536,   3.541,   4.149,9999.000,9999.000,9999.000,9999.000,9999.000,9999.000,9999.000
202608020542,   3.443,   4.047,9999.000,9999.000,9999.000,9999.000,9999.000,9999.000,9999.000
202608020548,   3.342,   3.958,9999.000,9999.000,9999.000,9999.000,9999.000,9999.000,9999.000
202608020554,   3.239,   3.837,9999.000,9999.000,9999.000,9999.000,9999.000,9999.000,9999.000
202608020600,   3.134,   3.729,   0.400,   0.195,   3.729,   0.400,   3.729,   0.400,   3.729
202608020606,   3.027,   3.660,9999.000,9999.000,9999.000,9999.000,9999.000,9999.000,9999.000
202608020612,   2.918,   3.529,9999.000,9999.000,9999.000,9999.000,9999.000,9999.000,9999.000
202608020618,   2.808,   3.398,9999.000,9999.000,9999.000,9999.000,9999.000,9999.000,9999.000
202608020624,   2.697,   3.309,9999.000,9999.000,9999.000,9999.000,9999.000,9999.000,9999.000
202608020630,   2.585,   3.197,9999.000,9999.000,9999.000,9999.000,9999.000,9999.000,9999.000
202608020636,   2.473,   3.089,9999.000,9999.000,9999.000,9999.000,9999.000,9999.000,9999.000
202608020642,   2.361,   2.958,9999.000,9999.000,9999.000,9999.000,9999.000,9999.000,9999.000
202608020648,   2.248,   2.850,9999.000,9999.000,9999.000,9999.000,9999.000,9999.000,9999.000
202608020654,   2.136,   2.738,9999.000,9999.000,9999.000,9999.000,9999.000,9999.000,9999.000
202608020700,   2.025,   2.630,   0.400,   0.205,   2.630,   0.400,   2.630,   0.400,   2.630
202608020706,   1.915,   2.509,9999.000,9999.000,9999.000,9999.000,9999.000,9999.000,9999.000
202608020712,   1.806,   2.377,9999.000,9999.000,9999.000,9999.000,9999.000,9999.000,9999.000
202608020718,   1.698,   2.250,9999.000,9999.000,9999.000,9999.000,9999.000,9999.000,9999.000
202608020724,   1.592,   2.128,9999.000,9999.000,9999.000,9999.000,9999.000,9999.000,9999.000
202608020730,   1.489,   2.010,9999.000,9999.000,9999.000,9999.000,9999.000,9999.000,9999.000
202608020736,   1.388,   1.928,9999.000,9999.000,9999.000,9999.000,9999.000,9999.000,9999.000
202608020742,   1.290,   1.830,9999.000,9999.000,9999.000,9999.000,9999.000,9999.000,9999.000
202608020748,   1.194,   1.748,9999.000,9999.000,9999.000,9999.000,9999.000,9999.000,9999.000
202608020754,   1.102,   1.639,9999.000,9999.000,9999.000,9999.000,9999.000,9999.000,9999.000
202608020800,   1.014,   1.600,   0.400,   0.186,   1.600,   0.400,   1.600,   0.400,   1.600
202608020806,   0.929,   1.508,9999.000,9999.000,9999.000,9999.000,9999.000,9999.000,9999.000
202608020812,   0.849,   1.439,9999.000,9999.000,9999.000,9999.000,9999.000,9999.000,9999.000
202608020818,   0.772,   1.371,9999.000,9999.000,9999.000,9999.000,9999.000,9999.000,9999.000
202608020824,   0.701,   1.328,9999.000,9999.000,9999.000,9999.000,9999.000,9999.000,9999.000
202608020830,   0.635,   1.269,9999.000,9999.000,9999.000,9999.000,9999.000,9999.000,9999.000
202608020836,   0.573,   1.200,9999.000,9999.000,9999.000,9999.000,9999.000,9999.000,9999.000
202608020842,   0.517,   1.098,9999.000,9999.000,9999.000,9999.000,9999.000,9999.000,9999.000
202608020848,   0.466,   1.039,9999.000,9999.000,9999.000,9999.000,9999.000,9999.000,9999.000
202608020854,   0.422,   1.000,9999.000,9999.000,9999.000,9999.000,9999.000,9999.000,9999.000
202608020900,   0.383,   0.970,   0.400,   0.187,   0.970,   0.400,   0.970,   0.400,   0.970
202608020906,   0.350,   0.951,9999.000,9999.000,9999.000,9999.000,9999.000,9999.000,9999.000
202608020912,   0.323,   0.961,9999.000,9999.000,9999.000,9999.000,9999.000,9999.000,9999.000
202608020918,   0.302,   0.918,9999.000,9999.000,9999.000,9999.000,9999.000,9999.000,9999.000
202608020924,   0.287,   0.869,9999.000,9999.000,9999.000,9999.000,9999.000,9999.000,9999.000
202608020930,   0.278,   0.888,9999.000,9999.000,9999.000,9999.000,9999.000,9999.000,9999.000
202608020936,   0.275,   0.879,9999.000,9999.000,9999.000,9999.000,9999.000,9999.000,9999.000
202608020942,   0.279,   0.908,9999.000,9999.000,9999.000,9999.000,9999.000,9999.000,9999.000
202608020948,   0.288,   0.879,9999.000,9999.000,9999.000,9999.000,9999.000,9999.000,9999.000
202608020954,   0.303,   0.888,9999.000,9999.000,9999.000,9999.000,9999.000,9999.000,9999.000
202608021000,   0.323,   0.879,   0.400,   0.156,   0.879,   0.400,   0.879,   0.500,   0.979
202608021006,   0.349,   0.918,9999.000,9999.000,9999.000,9999.000,9999.000,9999.000,9999.000
202608021012,   0.380,   0.941,9999.000,9999.000,9999.000,9999.000,9999.000,9999.000,9999.000
202608021018,   0.416,   0.961,9999.000,9999.000,9999.000,9999.000,9999.000,9999.000,9999.000
202608021024,   0.457,   1.029,9999.000,9999.000,9999.000,9999.000,9999.000,9999.000,9999.000
202608021030,   0.502,   1.098,9999.000,9999.000,9999.000,9999.000,9999.000,9999.000,9999.000
202608021036,   0.552,   1.200,9999.000,9999.000,9999.000,9999.000,9999.000,9999.000,9999.000
202608021042,   0.605,   1.220,9999.000,9999.000,9999.000,9999.000,9999.000,9999.000,9999.000
202608021048,   0.662,   1.279,9999.000,9999.000,9999.000,9999.000,9999.000,9999.000,9999.000
202608021054,   0.723,   1.328,9999.000,9999.000,9999.000,9999.000,9999.000,9999.000,9999.000
202608021100,   0.787,   1.390,   0.500,   0.103,   1.390,   0.400,   1.290,   0.500,   1.390
202608021106,   0.854,   1.449,9999.000,9999.000,9999.000,9999.000,9999.000,9999.000,9999.000
202608021112,   0.923,   1.508,9999.000,9999.000,9999.000,9999.000,9999.000,9999.000,9999.000
202608021118,   0.996,   1.538,9999.000,9999.000,9999.000,9999.000,9999.000,9999.000,9999.000
202608021124,   1.071,   1.590,9999.000,9999.000,9999.000,9999.000,9999.000,9999.000,9999.000
202608021130,   1.148,   1.689,9999.000,9999.000,9999.000,9999.000,9999.000,9999.000,9999.000
202608021136,   1.227,   1.767,9999.000,9999.000,9999.000,9999.000,9999.000,9999.000,9999.000
202608021142,   1.308,   1.859,9999.000,9999.000,9999.000,9999.000,9999.000,9999.000,9999.000
202608021148,   1.392,   1.948,9999.000,9999.000,9999.000,9999.000,9999.000,9999.000,9999.000
202608021154,   1.477,   2.059,9999.000,9999.000,9999.000,9999.000,9999.000,9999.000,9999.000
202608021200,   1.563,   2.158,   0.500,   0.095,   2.158,   0.500,   2.158,   0.500,   2.158
202608021206,   1.651,   2.259,9999.000,9999.000,9999.000,9999.000,9999.000,9999.000,9999.000
202608021212,   1.740,   2.387,9999.000,9999.000,9999.000,9999.000,9999.000,9999.000,9999.000
202608021218,   1.831,   2.459,9999.000,9999.000,9999.000,9999.000,9999.000,9999.000,9999.000
202608021224,   1.922,   2.548,9999.000,9999.000,9999.000,9999.000,9999.000,9999.000,9999.000
202608021230,   2.015,   2.578,9999.000,9999.000,9999.000,9999.000,9999.000,9999.000,9999.000
202608021236,   2.108,   2.660,9999.000,9999.000,9999.000,9999.000,9999.000,9999.000,9999.000
202608021242,   2.202,   2.768,9999.000,9999.000,9999.000,9999.000,9999.000,9999.000,9999.000
202608021248,   2.297,   2.948,9999.000,9999.000,9999.000,9999.000,9999.000,9999.000,9999.000
202608021254,   2.391,   3.079,9999.000,9999.000,9999.000,9999.000,9999.000,9999.000,9999.000
202608021300,   2.486,   3.207,   0.500,   0.221,   3.207,   0.500,   3.207,   0.500,   3.207
202608021306,   2.581,   3.299,9999.000,9999.000,9999.000,9999.000,9999.000,9999.000,9999.000
202608021312,   2.675,   3.417,9999.000,9999.000,9999.000,9999.000,9999.000,9999.000,9999.000
202608021318,   2.768,   3.499,9999.000,9999.000,9999.000,9999.000,9999.000,9999.000,9999.000
202608021324,   2.860,   3.607,9999.000,9999.000,9999.000,9999.000,9999.000,9999.000,9999.000
202608021330,   2.952,   3.689,9999.000,9999.000,9999.000,9999.000,9999.000,9999.000,9999.000
202608021336,   3.042,   3.778,9999.000,9999.000,9999.000,9999.000,9999.000,9999.000,9999.000
202608021342,   3.130,   3.890,9999.000,9999.000,9999.000,9999.000,9999.000,9999.000,9999.000
202608021348,   3.216,   3.988,9999.000,9999.000,9999.000,9999.000,9999.000,9999.000,9999.000
202608021354,   3.299,   4.047,9999.000,9999.000,9999.000,9999.000,9999.000,9999.000,9999.000
202608021400,   3.381,   4.047,   0.500,   0.166,   4.047,   0.500,   4.047,   0.500,   4.047
202608021406,   3.459,   4.159,9999.000,9999.000,9999.000,9999.000,9999.000,9999.000,9999.000
202608021412,   3.534,   4.218,9999.000,9999.000,9999.000,9999.000,9999.000,9999.000,9999.000
202608021418,   3.606,   4.349,9999.000,9999.000,9999.000,9999.000,9999.000,9999.000,9999.000
202608021424,   3.675,   4.418,9999.000,9999.000,9999.000,9999.000,9999.000,9999.000,9999.000
202608021430,   3.740,   4.457,9999.000,9999.000,9999.000,9999.000,9999.000,9999.000,9999.000
202608021436,   3.801,   4.500,9999.000,9999.000,9999.000,9999.000,9999.000,9999.000,9999.000
202608021442,   3.858,   4.559,9999.000,9999.000,9999.000,9999.000,9999.000,9999.000,9999.000
202608021448,   3.911,   4.628,9999.000,9999.000,9999.000,9999.000,9999.000,9999.000,9999.000
202608021454,   3.960,   4.667,9999.000,9999.000,9999.000,9999.000,9999.000,9999.000,9999.000
202608021500,   4.005,   4.690,   0.500,   0.185,   4.690,   0.500,   4.690,   0.500,   4.690
202608021506,   4.045,   4.667,9999.000,9999.000,9999.000,9999.000,9999.000,9999.000,9999.000
202608021512,   4.080,   4.719,9999.000,9999.000,9999.000,9999.000,9999.000,9999.000,9999.000
202608021518,   4.111,   4.739,9999.000,9999.000,9999.000,9999.000,9999.000,9999.000,9999.000
202608021524,   4.137,   4.857,9999.000,9999.000,9999.000,9999.000,9999.000,9999.000,9999.000
202608021530,   4.159,   4.857,9999.000,9999.000,9999.000,9999.000,9999.000,9999.000,9999.000
202608021536,   4.176,   4.877,9999.000,9999.000,9999.000,9999.000,9999.000,9999.000,9999.000
202608021542,   4.188,   4.857,9999.000,9999.000,9999.000,9999.000,9999.000,9999.000,9999.000
202608021548,   4.195,   4.808,9999.000,9999.000,9999.000,9999.000,9999.000,9999.000,9999.000
202608021554,   4.198,   4.808,9999.000,9999.000,9999.000,9999.000,9999.000,9999.000,9999.000
202608021600,   4.196,   4.778,   0.500,   0.082,   4.778,   0.500,   4.778,   0.500,   4.778
202608021606,   4.189,   4.798,9999.000,9999.000,9999.000,9999.000,9999.000,9999.000,9999.000
202608021612,   4.178,   4.739,9999.000,9999.000,9999.000,9999.000,9999.000,9999.000,9999.000
202608021618,   4.162,   4.749,9999.000,9999.000,9999.000,9999.000,9999.000,9999.000,9999.000
202608021624,   4.141,   4.828,9999.000,9999.000,9999.000,9999.000,9999.000,9999.000,9999.000
202608021630,   4.115,   4.788,9999.000,9999.000,9999.000,9999.000,9999.000,9999.000,9999.000
202608021636,   4.084,   4.719,9999.000,9999.000,9999.000,9999.000,9999.000,9999.000,9999.000
202608021642,   4.049,   4.657,9999.000,9999.000,9999.000,9999.000,9999.000,9999.000,9999.000
202608021648,   4.010,   4.667,9999.000,9999.000,9999.000,9999.000,9999.000,9999.000,9999.000
202608021654,   3.966,   4.628,9999.000,9999.000,9999.000,9999.000,9999.000,9999.000,9999.000
202608021700,   3.917,   4.598,   0.500,   0.181,   4.598,   0.500,   4.598,   0.500,   4.598
202608021706,   3.864,   4.529,9999.000,9999.000,9999.000,9999.000,9999.000,9999.000,9999.000
202608021712,   3.807,   4.519,9999.000,9999.000,9999.000,9999.000,9999.000,9999.000,9999.000
202608021718,   3.746,   4.437,9999.000,9999.000,9999.000,9999.000,9999.000,9999.000,9999.000
202608021724,   3.680,   4.368,9999.000,9999.000,9999.000,9999.000,9999.000,9999.000,9999.000
202608021730,   3.611,   4.198,9999.000,9999.000,9999.000,9999.000,9999.000,9999.000,9999.000
202608021736,   3.538,   4.149,9999.000,9999.000,9999.000,9999.000,9999.000,9999.000,9999.000
202608021742,   3.462,   4.080,9999.000,9999.000,9999.000,9999.000,9999.000,9999.000,9999.000
202608021748,   3.382,   4.037,9999.000,9999.000,9999.000,9999.000,9999.000,9999.000,9999.000
202608021754,   3.300,   4.017,9999.000,9999.000,9999.000,9999.000,9999.000,9999.000,9999.000
202608021800,   3.214,   3.899,   0.500,   0.185,   3.899,   0.500,   3.899,   0.500,   3.899
202608021806,   3.126,   3.758,9999.000,9999.000,9999.000,9999.000,9999.000,9999.000,9999.000
202608021812,   3.036,   3.729,9999.000,9999.000,9999.000,9999.000,9999.000,9999.000,9999.000
202608021818,   2.943,   3.650,9999.000,9999.000,9999.000,9999.000,9999.000,9999.000,9999.000
202608021824,   2.849,   3.519,9999.000,9999.000,9999.000,9999.000,9999.000,9999.000,9999.000
202608021830,   2.753,   3.378,9999.000,9999.000,9999.000,9999.000,9999.000,9999.000,9999.000
202608021836,   2.656,   3.279,9999.000,9999.000,9999.000,9999.000,9999.000,9999.000,9999.000
202608021842,   2.558,   3.168,9999.000,9999.000,9999.000,9999.000,9999.000,9999.000,9999.000
202608021848,   2.459,   3.089,9999.000,9999.000,9999.000,9999.000,9999.000,9999.000,9999.000
202608021854,   2.361,   3.017,9999.000,9999.000,9999.000,9999.000,9999.000,9999.000,9999.000
202608021900,   2.261,   2.919,   0.500,   0.158,   2.919,   0.500,   2.919,   0.600,   3.019
202608021906,   2.163,   2.820,9999.000,9999.000,9999.000,9999.000,9999.000,9999.000,9999.000
202608021912,   2.064,   2.709,9999.000,9999.000,9999.000,9999.000,9999.000,9999.000,9999.000
202608021918,   1.966,   2.610,9999.000,9999.000,9999.000,9999.000,9999.000,9999.000,9999.000
202608021924,   1.870,   2.509,9999.000,9999.000,9999.000,9999.000,9999.000,9999.000,9999.000
202608021930,   1.774,   2.420,9999.000,9999.000,9999.000,9999.000,9999.000,9999.000,9999.000
202608021936,   1.680,   2.299,9999.000,9999.000,9999.000,9999.000,9999.000,9999.000,9999.000
202608021942,   1.588,   2.220,9999.000,9999.000,9999.000,9999.000,9999.000,9999.000,9999.000
202608021948,   1.497,   2.089,9999.000,9999.000,9999.000,9999.000,9999.000,9999.000,9999.000
202608021954,   1.410,   1.948,9999.000,9999.000,9999.000,9999.000,9999.000,9999.000,9999.000
202608022000,   1.324,   1.820,   0.600,  -0.104,   1.820,   0.500,   1.720,   0.600,   1.820
202608022006,   1.241,   1.790,9999.000,9999.000,9999.000,9999.000,9999.000,9999.000,9999.000
202608022012,   1.162,   1.659,9999.000,9999.000,9999.000,9999.000,9999.000,9999.000,9999.000
202608022018,   1.085,   1.548,9999.000,9999.000,9999.000,9999.000,9999.000,9999.000,9999.000
202608022024,   1.013,   1.557,9999.000,9999.000,9999.000,9999.000,9999.000,9999.000,9999.000
202608022030,   0.944,   1.469,9999.000,9999.000,9999.000,9999.000,9999.000,9999.000,9999.000
202608022036,   0.879,   1.420,9999.000,9999.000,9999.000,9999.000,9999.000,9999.000,9999.000
202608022042,   0.818,   1.410,9999.000,9999.000,9999.000,9999.000,9999.000,9999.000,9999.000
202608022048,   0.762,   1.328,9999.000,9999.000,9999.000,9999.000,9999.000,9999.000,9999.000
202608022054,   0.710,   1.229,9999.000,9999.000,9999.000,9999.000,9999.000,9999.000,9999.000
202608022100,   0.663,   1.180,   0.600,  -0.083,   1.180,   0.500,   1.080,   0.600,   1.180
202608022106,   0.622,   1.138,9999.000,9999.000,9999.000,9999.000,9999.000,9999.000,9999.000
202608022112,   0.585,   1.118,9999.000,9999.000,9999.000,9999.000,9999.000,9999.000,9999.000
202608022118,   0.554,   1.118,9999.000,9999.000,9999.000,9999.000,9999.000,9999.000,9999.000
202608022124,   0.529,   1.128,9999.000,9999.000,9999.000,9999.000,9999.000,9999.000,9999.000
202608022130,   0.509,   1.118,9999.000,9999.000,9999.000,9999.000,9999.000,9999.000,9999.000
202608022136,   0.494,   1.128,9999.000,9999.000,9999.000,9999.000,9999.000,9999.000,9999.000
202608022142,   0.486,   1.190,9999.000,9999.000,9999.000,9999.000,9999.000,9999.000,9999.000
202608022148,   0.483,   1.200,9999.000,9999.000,9999.000,9999.000,9999.000,9999.000,9999.000
202608022154,   0.486,   1.128,9999.000,9999.000,9999.000,9999.000,9999.000,9999.000,9999.000
202608022200,   0.495,   1.118,   0.600,   0.023,   1.118,   0.600,   1.118,   0.600,   1.118
202608022206,   0.509,   1.200,9999.000,9999.000,9999.000,9999.000,9999.000,9999.000,9999.000
202608022212,   0.529,   1.229,9999.000,9999.000,9999.000,9999.000,9999.000,9999.000,9999.000
202608022218,   0.554,   1.298,9999.000,9999.000,9999.000,9999.000,9999.000,9999.000,9999.000
202608022224,   0.584,   1.308,9999.000,9999.000,9999.000,9999.000,9999.000,9999.000,9999.000
202608022230,   0.619,   1.348,9999.000,9999.000,9999.000,9999.000,9999.000,9999.000,9999.000
202608022236,   0.659,   1.420,9999.000,9999.000,9999.000,9999.000,9999.000,9999.000,9999.000
202608022242,   0.704,   1.449,9999.000,9999.000,9999.000,9999.000,9999.000,9999.000,9999.000
202608022248,   0.752,   1.528,9999.000,9999.000,9999.000,9999.000,9999.000,9999.000,9999.000
202608022254,   0.806,   1.548,9999.000,9999.000,9999.000,9999.000,9999.000,9999.000,9999.000
202608022300,   0.863,   1.620,   0.600,   0.157,   1.620,   0.600,   1.620,   0.600,   1.620
202608022306,   0.923,   1.659,9999.000,9999.000,9999.000,9999.000,9999.000,9999.000,9999.000
202608022312,   0.987,   1.708,9999.000,9999.000,9999.000,9999.000,9999.000,9999.000,9999.000
202608022318,   1.054,   1.781,9999.000,9999.000,9999.000,9999.000,9999.000,9999.000,9999.000
202608022324,   1.124,   1.758,9999.000,9999.000,9999.000,9999.000,9999.000,9999.000,9999.000
202608022330,   1.197,   1.849,9999.000,9999.000,9999.000,9999.000,9999.000,9999.000,9999.000
202608022336,   1.272,   1.899,9999.000,9999.000,9999.000,9999.000,9999.000,9999.000,9999.000
202608022342,   1.350,   1.958,9999.000,9999.000,9999.000,9999.000,9999.000,9999.000,9999.000
202608022348,   1.430,   2.089,9999.000,9999.000,9999.000,9999.000,9999.000,9999.000,9999.000
202608022354,   1.511,   2.240,9999.000,9999.000,9999.000,9999.000,9999.000,9999.000,9999.000
202608030000,   1.595,   2.318,   0.600,   0.123,   2.318,   0.500,   2.218,   0.600,   2.318
202608030006,   1.680,   2.430,9999.000,9999.000,9999.000,9999.000,9999.000,9999.000,9999.000
202608030012,   1.767,   2.528,9999.000,9999.000,9999.000,9999.000,9999.000,9999.000,9999.000
202608030018,   1.855,   2.578,9999.000,9999.000,9999.000,9999.000,9999.000,9999.000,9999.000
202608030024,   1.944,   2.669,9999.000,9999.000,9999.000,9999.000,9999.000,9999.000,9999.000
202608030030,   2.034,   2.768,9999.000,9999.000,9999.000,9999.000,9999.000,9999.000,9999.000
202608030036,   2.125,   2.860,9999.000,9999.000,9999.000,9999.000,9999.000,9999.000,9999.000
202608030042,   2.218,   2.929,9999.000,9999.000,9999.000,9999.000,9999.000,9999.000,9999.000
202608030048,   2.310,   3.050,9999.000,9999.000,9999.000,9999.000,9999.000,9999.000,9999.000
202608030054,   2.404,   3.178,9999.000,9999.000,9999.000,9999.000,9999.000,9999.000,9999.000
202608030100,   2.498,   3.270,   0.600,   0.172,   3.270,   0.500,   3.170,   0.600,   3.270
202608030106,   2.592,   3.368,9999.000,9999.000,9999.000,9999.000,9999.000,9999.000,9999.000
202608030112,   2.686,   3.450,9999.000,9999.000,9999.000,9999.000,9999.000,9999.000,9999.000
202608030118,   2.780,   3.558,9999.000,9999.000,9999.000,9999.000,9999.000,9999.000,9999.000
202608030124,   2.874,   3.680,9999.000,9999.000,9999.000,9999.000,9999.000,9999.000,9999.000
202608030130,   2.968,   3.768,9999.000,9999.000,9999.000,9999.000,9999.000,9999.000,9999.000
202608030136,   3.060,   3.860,9999.000,9999.000,9999.000,9999.000,9999.000,9999.000,9999.000
202608030142,   3.152,   3.929,9999.000,9999.000,9999.000,9999.000,9999.000,9999.000,9999.000
202608030148,   3.242,   4.027,9999.000,9999.000,9999.000,9999.000,9999.000,9999.000,9999.000
202608030154,   3.331,   4.139,9999.000,9999.000,9999.000,9999.000,9999.000,9999.000,9999.000
202608030200,   3.418,   4.237,   0.600,   0.219,   4.237,   0.500,   4.137,   0.600,   4.237
202608030206,   3.503,   4.349,9999.000,9999.000,9999.000,9999.000,9999.000,9999.000,9999.000
202608030212,   3.586,   4.418,9999.000,9999.000,9999.000,9999.000,9999.000,9999.000,9999.000
202608030218,   3.666,   4.490,9999.000,9999.000,9999.000,9999.000,9999.000,9999.000,9999.000
202608030224,   3.744,   4.608,9999.000,9999.000,9999.000,9999.000,9999.000,9999.000,9999.000
202608030230,   3.818,   4.677,9999.000,9999.000,9999.000,9999.000,9999.000,9999.000,9999.000
202608030236,   3.889,   4.710,9999.000,9999.000,9999.000,9999.000,9999.000,9999.000,9999.000
202608030242,   3.957,   4.808,9999.000,9999.000,9999.000,9999.000,9999.000,9999.000,9999.000
202608030248,   4.021,   4.867,9999.000,9999.000,9999.000,9999.000,9999.000,9999.000,9999.000
202608030254,   4.081,   4.949,9999.000,9999.000,9999.000,9999.000,9999.000,9999.000,9999.000
202608030300,   4.137,   4.979,   0.500,   0.342,   4.979,   0.500,   4.979,   0.600,   5.079
202608030306,   4.188,   5.028,9999.000,9999.000,9999.000,9999.000,9999.000,9999.000,9999.000
202608030312,   4.236,   5.120,9999.000,9999.000,9999.000,9999.000,9999.000,9999.000,9999.000
202608030318,   4.279,   5.159,9999.000,9999.000,9999.000,9999.000,9999.000,9999.000,9999.000
202608030324,   4.317,   5.198,9999.000,9999.000,9999.000,9999.000,9999.000,9999.000,9999.000
202608030330,   4.351,   5.238,9999.000,9999.000,9999.000,9999.000,9999.000,9999.000,9999.000
202608030336,   4.380,   5.277,9999.000,9999.000,9999.000,9999.000,9999.000,9999.000,9999.000
202608030342,   4.404,   5.307,9999.000,9999.000,9999.000,9999.000,9999.000,9999.000,9999.000
202608030348,   4.423,   5.320,9999.000,9999.000,9999.000,9999.000,9999.000,9999.000,9999.000
202608030354,   4.437,   5.320,9999.000,9999.000,9999.000,9999.000,9999.000,9999.000,9999.000
202608030400,   4.447,   5.320,   0.400,   0.473,   5.320,   0.400,   5.320,   0.500,   5.420
202608030406,   4.452,   5.287,9999.000,9999.000,9999.000,9999.000,9999.000,9999.000,9999.000
202608030412,   4.451,   5.257,9999.000,9999.000,9999.000,9999.000,9999.000,9999.000,9999.000
202608030418,   4.446,   5.198,9999.000,9999.000,9999.000,9999.000,9999.000,9999.000,9999.000
202608030424,   4.436,   5.179,9999.000,9999.000,9999.000,9999.000,9999.000,9999.000,9999.000
202608030430,   4.421,   5.169,9999.000,9999.000,9999.000,9999.000,9999.000,9999.000,9999.000
202608030436,   4.401,   5.179,9999.000,9999.000,9999.000,9999.000,9999.000,9999.000,9999.000
202608030442,   4.376,   5.120,9999.000,9999.000,9999.000,9999.000,9999.000,9999.000,9999.000
202608030448,   4.346,   5.038,9999.000,9999.000,9999.000,9999.000,9999.000,9999.000,9999.000
202608030454,   4.311,   5.018,9999.000,9999.000,9999.000,9999.000,9999.000,9999.000,9999.000
202608030500,   4.271,   4.959,   0.400,   0.288,   4.959,   0.300,   4.859,   0.500,   5.059
202608030506,   4.227,   4.919,9999.000,9999.000,9999.000,9999.000,9999.000,9999.000,9999.000
202608030512,   4.178,   4.877,9999.000,9999.000,9999.000,9999.000,9999.000,9999.000,9999.000
202608030518,   4.124,   4.788,9999.000,9999.000,9999.000,9999.000,9999.000,9999.000,9999.000
202608030524,   4.065,   4.690,9999.000,9999.000,9999.000,9999.000,9999.000,9999.000,9999.000
202608030530,   4.002,   4.618,9999.000,9999.000,9999.000,9999.000,9999.000,9999.000,9999.000
202608030536,   3.935,   4.578,9999.000,9999.000,9999.000,9999.000,9999.000,9999.000,9999.000
202608030542,   3.864,   4.539,9999.000,9999.000,9999.000,9999.000,9999.000,9999.000,9999.000
202608030548,   3.788,   4.457,9999.000,9999.000,9999.000,9999.000,9999.000,9999.000,9999.000
202608030554,   3.709,   4.398,9999.000,9999.000,9999.000,9999.000,9999.000,9999.000,9999.000
202608030600,   3.625,   4.349,   0.300,   0.424,   4.349,   0.200,   4.249,   0.400,   4.449
202608030606,   3.539,   4.290,9999.000,9999.000,9999.000,9999.000,9999.000,9999.000,9999.000
202608030612,   3.449,   4.178,9999.000,9999.000,9999.000,9999.000,9999.000,9999.000,9999.000
202608030618,   3.356,   4.070,9999.000,9999.000,9999.000,9999.000,9999.000,9999.000,9999.000
202608030624,   3.260,   3.929,9999.000,9999.000,9999.000,9999.000,9999.000,9999.000,9999.000
202608030630,   3.161,   3.847,9999.000,9999.000,9999.000,9999.000,9999.000,9999.000,9999.000
202608030636,   3.061,   3.719,9999.000,9999.000,9999.000,9999.000,9999.000,9999.000,9999.000
202608030642,   2.958,   3.607,9999.000,9999.000,9999.000,9999.000,9999.000,9999.000,9999.000
202608030648,   2.854,   3.480,9999.000,9999.000,9999.000,9999.000,9999.000,9999.000,9999.000
202608030654,   2.748,   3.358,9999.000,9999.000,9999.000,9999.000,9999.000,9999.000,9999.000
202608030700,   2.642,   3.207,   0.300,   0.265,   3.207,   0.200,   3.107,   0.400,   3.307
202608030706,   2.534,   3.129,9999.000,9999.000,9999.000,9999.000,9999.000,9999.000,9999.000
202608030712,   2.426,   3.040,9999.000,9999.000,9999.000,9999.000,9999.000,9999.000,9999.000
202608030718,   2.318,   2.938,9999.000,9999.000,9999.000,9999.000,9999.000,9999.000,9999.000
202608030724,   2.210,   2.778,9999.000,9999.000,9999.000,9999.000,9999.000,9999.000,9999.000
202608030730,   2.102,   2.660,9999.000,9999.000,9999.000,9999.000,9999.000,9999.000,9999.000
202608030736,   1.995,   2.568,9999.000,9999.000,9999.000,9999.000,9999.000,9999.000,9999.000
202608030742,   1.889,   2.450,9999.000,9999.000,9999.000,9999.000,9999.000,9999.000,9999.000
202608030748,   1.784,   2.328,9999.000,9999.000,9999.000,9999.000,9999.000,9999.000,9999.000
202608030754,   1.681,   2.158,9999.000,9999.000,9999.000,9999.000,9999.000,9999.000,9999.000
202608030800,   1.579,   2.079,   0.200,   0.300,   2.079,   0.100,   1.979,   0.300,   2.179
202608030806,   1.479,   1.990,9999.000,9999.000,9999.000,9999.000,9999.000,9999.000,9999.000
202608030812,   1.382,   1.889,9999.000,9999.000,9999.000,9999.000,9999.000,9999.000,9999.000
202608030818,   1.287,   1.790,9999.000,9999.000,9999.000,9999.000,9999.000,9999.000,9999.000
202608030824,   1.194,   1.689,9999.000,9999.000,9999.000,9999.000,9999.000,9999.000,9999.000
202608030830,   1.105,   1.590,9999.000,9999.000,9999.000,9999.000,9999.000,9999.000,9999.000
202608030836,   1.019,   1.508,9999.000,9999.000,9999.000,9999.000,9999.000,9999.000,9999.000
202608030842,   0.937,   1.430,9999.000,9999.000,9999.000,9999.000,9999.000,9999.000,9999.000
202608030848,   0.858,   1.338,9999.000,9999.000,9999.000,9999.000,9999.000,9999.000,9999.000
202608030854,   0.783,   1.298,9999.000,9999.000,9999.000,9999.000,9999.000,9999.000,9999.000
202608030900,   0.713,   1.220,   0.200,   0.307,   1.220,   0.000,   1.020,   0.300,   1.320
202608030906,   0.646,   1.138,9999.000,9999.000,9999.000,9999.000,9999.000,9999.000,9999.000
202608030912,   0.585,   1.098,9999.000,9999.000,9999.000,9999.000,9999.000,9999.000,9999.000
202608030918,   0.528,   1.079,9999.000,9999.000,9999.000,9999.000,9999.000,9999.000,9999.000
202608030924,   0.477,   1.020,9999.000,9999.000,9999.000,9999.000,9999.000,9999.000,9999.000
202608030930,   0.430,   0.951,9999.000,9999.000,9999.000,9999.000,9999.000,9999.000,9999.000
202608030936,   0.390,   0.918,9999.000,9999.000,9999.000,9999.000,9999.000,9999.000,9999.000
202608030942,   0.354,   0.849,9999.000,9999.000,9999.000,9999.000,9999.000,9999.000,9999.000
202608030948,   0.325,   0.760,9999.000,9999.000,9999.000,9999.000,9999.000,9999.000,9999.000
202608030954,   0.301,   0.678,9999.000,9999.000,9999.000,9999.000,9999.000,9999.000,9999.000
202608031000,   0.283,   0.649,   0.100,   0.266,   0.649,   0.000,   0.549,   0.200,   0.749
202608031006,   0.272,   0.590,9999.000,9999.000,9999.000,9999.000,9999.000,9999.000,9999.000
202608031012,   0.266,   0.590,9999.000,9999.000,9999.000,9999.000,9999.000,9999.000,9999.000
202608031018,   0.266,   0.590,9999.000,9999.000,9999.000,9999.000,9999.000,9999.000,9999.000
202608031024,   0.272,   0.570,9999.000,9999.000,9999.000,9999.000,9999.000,9999.000,9999.000
202608031030,   0.284,   0.541,9999.000,9999.000,9999.000,9999.000,9999.000,9999.000,9999.000
202608031036,   0.302,   0.610,9999.000,9999.000,9999.000,9999.000,9999.000,9999.000,9999.000
202608031042,   0.325,   0.629,9999.000,9999.000,9999.000,9999.000,9999.000,9999.000,9999.000
202608031048,   0.354,   0.649,9999.000,9999.000,9999.000,9999.000,9999.000,9999.000,9999.000
202608031054,   0.388,   0.659,9999.000,9999.000,9999.000,9999.000,9999.000,9999.000,9999.000
202608031100,   0.427,   0.698,   0.100,   0.171,   0.698,   0.000,   0.598,   0.200,   0.798
202608031106,   0.471,   0.780,9999.000,9999.000,9999.000,9999.000,9999.000,9999.000,9999.000
202608031112,   0.520,   0.839,9999.000,9999.000,9999.000,9999.000,9999.000,9999.000,9999.000
202608031118,   0.573,   0.859,9999.000,9999.000,9999.000,9999.000,9999.000,9999.000,9999.000
202608031124,   0.631,   0.849,9999.000,9999.000,9999.000,9999.000,9999.000,9999.000,9999.000
202608031130,   0.692,   0.888,9999.000,9999.000,9999.000,9999.000,9999.000,9999.000,9999.000
202608031136,   0.757,   0.918,9999.000,9999.000,9999.000,9999.000,9999.000,9999.000,9999.000
202608031142,   0.826,   0.980,9999.000,9999.000,9999.000,9999.000,9999.000,9999.000,9999.000
202608031148,   0.897,   1.088,9999.000,9999.000,9999.000,9999.000,9999.000,9999.000,9999.000
202608031154,   0.972,   1.118,9999.000,9999.000,9999.000,9999.000,9999.000,9999.000,9999.000
202608031200,   1.049,   1.210,   0.100,   0.061,   1.210,   0.000,   1.110,   0.200,   1.310
202608031206,   1.129,   1.298,9999.000,9999.000,9999.000,9999.000,9999.000,9999.000,9999.000
202608031212,   1.211,   1.410,9999.000,9999.000,9999.000,9999.000,9999.000,9999.000,9999.000
202608031218,   1.295,   1.508,9999.000,9999.000,9999.000,9999.000,9999.000,9999.000,9999.000
202608031224,   1.381,   1.580,9999.000,9999.000,9999.000,9999.000,9999.000,9999.000,9999.000
202608031230,   1.469,   1.649,9999.000,9999.000,9999.000,9999.000,9999.000,9999.000,9999.000
202608031236,   1.558,   1.689,9999.000,9999.000,9999.000,9999.000,9999.000,9999.000,9999.000
202608031242,   1.649,   1.849,9999.000,9999.000,9999.000,9999.000,9999.000,9999.000,9999.000
202608031248,   1.741,   1.990,9999.000,9999.000,9999.000,9999.000,9999.000,9999.000,9999.000
202608031254,   1.835,   2.089,9999.000,9999.000,9999.000,9999.000,9999.000,9999.000,9999.000
202608031300,   1.929,   2.220,   0.100,   0.191,   2.220,   0.000,   2.120,   0.200,   2.320
202608031306,   2.024,   2.309,9999.000,9999.000,9999.000,9999.000,9999.000,9999.000,9999.000
202608031312,   2.120,   2.377,9999.000,9999.000,9999.000,9999.000,9999.000,9999.000,9999.000
202608031318,   2.216,   2.509,9999.000,9999.000,9999.000,9999.000,9999.000,9999.000,9999.000
202608031324,   2.313,   2.597,9999.000,9999.000,9999.000,9999.000,9999.000,9999.000,9999.000
202608031330,   2.410,   2.699,9999.000,9999.000,9999.000,9999.000,9999.000,9999.000,9999.000
202608031336,   2.507,   2.807,9999.000,9999.000,9999.000,9999.000,9999.000,9999.000,9999.000
202608031342,   2.604,   2.919,9999.000,9999.000,9999.000,9999.000,9999.000,9999.000,9999.000
202608031348,   2.700,   3.060,9999.000,9999.000,9999.000,9999.000,9999.000,9999.000,9999.000
202608031354,   2.796,   3.197,9999.000,9999.000,9999.000,9999.000,9999.000,9999.000,9999.000
202608031400,   2.891,   3.309,   0.000,   0.418,   3.309,   0.000,   3.309,   0.100,   3.409
202608031406,   2.986,   3.440,9999.000,9999.000,9999.000,9999.000,9999.000,9999.000,9999.000
202608031412,   3.078,   3.578,9999.000,9999.000,9999.000,9999.000,9999.000,9999.000,9999.000
202608031418,   3.169,   3.670,9999.000,9999.000,9999.000,9999.000,9999.000,9999.000,9999.000
202608031424,   3.259,   3.680,9999.000,9999.000,9999.000,9999.000,9999.000,9999.000,9999.000
202608031430,   3.346,   3.699,9999.000,9999.000,9999.000,9999.000,9999.000,9999.000,9999.000
202608031436,   3.431,   3.778,9999.000,9999.000,9999.000,9999.000,9999.000,9999.000,9999.000
202608031442,   3.514,   3.899,9999.000,9999.000,9999.000,9999.000,9999.000,9999.000,9999.000
202608031448,   3.593,   4.017,9999.000,9999.000,9999.000,9999.000,9999.000,9999.000,9999.000
202608031454,   3.670,   4.099,9999.000,9999.000,9999.000,9999.000,9999.000,9999.000,9999.000
202608031500,   3.743,   4.109,   0.000,   0.366,   4.109,  -0.100,   4.009,   0.100,   4.209
202608031506,   3.813,   4.188,9999.000,9999.000,9999.000,9999.000,9999.000,9999.000,9999.000
202608031512,   3.879,   4.267,9999.000,9999.000,9999.000,9999.000,9999.000,9999.000,9999.000
202608031518,   3.941,   4.309,9999.000,9999.000,9999.000,9999.000,9999.000,9999.000,9999.000
202608031524,   3.999,   4.388,9999.000,9999.000,9999.000,9999.000,9999.000,9999.000,9999.000
202608031530,   4.053,   4.500,9999.000,9999.000,9999.000,9999.000,9999.000,9999.000,9999.000
202608031536,   4.103,   4.559,9999.000,9999.000,9999.000,9999.000,9999.000,9999.000,9999.000
202608031542,   4.148,   4.588,9999.000,9999.000,9999.000,9999.000,9999.000,9999.000,9999.000
202608031548,   4.189,   4.608,9999.000,9999.000,9999.000,9999.000,9999.000,9999.000,9999.000
202608031554,   4.225,   4.598,9999.000,9999.000,9999.000,9999.000,9999.000,9999.000,9999.000
202608031600,   4.256,   4.578,   0.000,   0.322,   4.578,  -0.100,   4.478,   0.100,   4.678
202608031606,   4.283,   4.618,9999.000,9999.000,9999.000,9999.000,9999.000,9999.000,9999.000
202608031612,   4.305,   4.647,9999.000,9999.000,9999.000,9999.000,9999.000,9999.000,9999.000
202608031618,   4.322,   4.647,9999.000,9999.000,9999.000,9999.000,9999.000,9999.000,9999.000
202608031624,   4.335,   4.677,9999.000,9999.000,9999.000,9999.000,9999.000,9999.000,9999.000
202608031630,   4.342,   4.729,9999.000,9999.000,9999.000,9999.000,9999.000,9999.000,9999.000
202608031636,   4.345,   4.739,9999.000,9999.000,9999.000,9999.000,9999.000,9999.000,9999.000
202608031642,   4.343,   4.739,9999.000,9999.000,9999.000,9999.000,9999.000,9999.000,9999.000
202608031648,   4.337,   4.710,9999.000,9999.000,9999.000,9999.000,9999.000,9999.000,9999.000
202608031654,   4.325,   4.710,9999.000,9999.000,9999.000,9999.000,9999.000,9999.000,9999.000
202608031700,   4.309,   4.657,   0.000,   0.348,   4.657,  -0.100,   4.557,   0.100,   4.757
202608031706,   4.287,   4.628,9999.000,9999.000,9999.000,9999.000,9999.000,9999.000,9999.000
202608031712,   4.262,   4.700,9999.000,9999.000,9999.000,9999.000,9999.000,9999.000,9999.000
202608031718,   4.231,   4.578,9999.000,9999.000,9999.000,9999.000,9999.000,9999.000,9999.000
202608031724,   4.196,   4.500,9999.000,9999.000,9999.000,9999.000,9999.000,9999.000,9999.000
202608031730,   4.156,   4.378,9999.000,9999.000,9999.000,9999.000,9999.000,9999.000,9999.000
202608031736,   4.112,   4.418,9999.000,9999.000,9999.000,9999.000,9999.000,9999.000,9999.000
202608031742,   4.063,   4.408,9999.000,9999.000,9999.000,9999.000,9999.000,9999.000,9999.000
202608031748,   4.010,   4.339,9999.000,9999.000,9999.000,9999.000,9999.000,9999.000,9999.000
202608031754,   3.953,   4.329,9999.000,9999.000,9999.000,9999.000,9999.000,9999.000,9999.000
202608031800,   3.892,   4.300,   0.000,   0.408,   4.300,  -0.100,   4.200,   0.100,   4.400
202608031806,   3.826,   4.218,9999.000,9999.000,9999.000,9999.000,9999.000,9999.000,9999.000
202608031812,   3.757,   4.139,9999.000,9999.000,9999.000,9999.000,9999.000,9999.000,9999.000
202608031818,   3.684,   4.017,9999.000,9999.000,9999.000,9999.000,9999.000,9999.000,9999.000
202608031824,   3.608,   3.929,9999.000,9999.000,9999.000,9999.000,9999.000,9999.000,9999.000
202608031830,   3.529,   3.890,9999.000,9999.000,9999.000,9999.000,9999.000,9999.000,9999.000
202608031836,   3.446,   3.827,9999.000,9999.000,9999.000,9999.000,9999.000,9999.000,9999.000
202608031842,   3.361,   3.778,9999.000,9999.000,9999.000,9999.000,9999.000,9999.000,9999.000
202608031848,   3.273,   3.689,9999.000,9999.000,9999.000,9999.000,9999.000,9999.000,9999.000
202608031854,   3.184,   3.617,9999.000,9999.000,9999.000,9999.000,9999.000,9999.000,9999.000
202608031900,   3.092,   3.499,   0.000,   0.407,   3.499,  -0.100,   3.399,   0.100,   3.599
202608031906,   2.998,   3.440,9999.000,9999.000,9999.000,9999.000,9999.000,9999.000,9999.000
202608031912,   2.903,   3.398,9999.000,9999.000,9999.000,9999.000,9999.000,9999.000,9999.000
202608031918,   2.806,   3.309,9999.000,9999.000,9999.000,9999.000,9999.000,9999.000,9999.000
202608031924,   2.709,   3.158,9999.000,9999.000,9999.000,9999.000,9999.000,9999.000,9999.000
202608031930,   2.611,   3.060,9999.000,9999.000,9999.000,9999.000,9999.000,9999.000,9999.000
202608031936,   2.513,   2.938,9999.000,9999.000,9999.000,9999.000,9999.000,9999.000,9999.000
202608031942,   2.415,   2.830,9999.000,9999.000,9999.000,9999.000,9999.000,9999.000,9999.000
202608031948,   2.317,   2.699,9999.000,9999.000,9999.000,9999.000,9999.000,9999.000,9999.000
202608031954,   2.219,   2.568,9999.000,9999.000,9999.000,9999.000,9999.000,9999.000,9999.000
202608032000,   2.122,   2.420,   0.000,   0.298,   2.420,  -0.100,   2.320,   0.100,   2.520
202608032006,   2.026,   2.338,9999.000,9999.000,9999.000,9999.000,9999.000,9999.000,9999.000
202608032012,   1.932,   2.200,9999.000,9999.000,9999.000,9999.000,9999.000,9999.000,9999.000
202608032018,   1.838,   2.099,9999.000,9999.000,9999.000,9999.000,9999.000,9999.000,9999.000
202608032024,   1.746,   1.958,9999.000,9999.000,9999.000,9999.000,9999.000,9999.000,9999.000
202608032030,   1.656,   1.899,9999.000,9999.000,9999.000,9999.000,9999.000,9999.000,9999.000
202608032036,   1.568,   1.790,9999.000,9999.000,9999.000,9999.000,9999.000,9999.000,9999.000
202608032042,   1.483,   1.689,9999.000,9999.000,9999.000,9999.000,9999.000,9999.000,9999.000
202608032048,   1.400,   1.630,9999.000,9999.000,9999.000,9999.000,9999.000,9999.000,9999.000
202608032054,   1.319,   1.518,9999.000,9999.000,9999.000,9999.000,9999.000,9999.000,9999.000
202608032100,   1.242,   1.459,   0.000,   0.217,   1.459,  -0.100,   1.359,   0.100,   1.559
202608032106,   1.168,   1.400,9999.000,9999.000,9999.000,9999.000,9999.000,9999.000,9999.000
202608032112,   1.097,   1.348,9999.000,9999.000,9999.000,9999.000,9999.000,9999.000,9999.000
202608032118,   1.030,   1.400,9999.000,9999.000,9999.000,9999.000,9999.000,9999.000,9999.000
202608032124,   0.966,   1.371,9999.000,9999.000,9999.000,9999.000,9999.000,9999.000,9999.000
202608032130,   0.907,   1.400,9999.000,9999.000,9999.000,9999.000,9999.000,9999.000,9999.000
202608032136,   0.851,   1.098,9999.000,9999.000,9999.000,9999.000,9999.000,9999.000,9999.000
202608032142,   0.800,   0.970,9999.000,9999.000,9999.000,9999.000,9999.000,9999.000,9999.000
202608032148,   0.754,   1.118,9999.000,9999.000,9999.000,9999.000,9999.000,9999.000,9999.000
202608032154,   0.713,   1.098,9999.000,9999.000,9999.000,9999.000,9999.000,9999.000,9999.000
202608032200,   0.676,   0.961,   0.000,   0.285,   0.961,  -0.100,   0.861,   0.100,   1.061
202608032206,   0.645,   0.780,9999.000,9999.000,9999.000,9999.000,9999.000,9999.000,9999.000
202608032212,   0.618,   0.590,9999.000,9999.000,9999.000,9999.000,9999.000,9999.000,9999.000
202608032218,   0.598,   0.731,9999.000,9999.000,9999.000,9999.000,9999.000,9999.000,9999.000
202608032224,   0.582,   0.698,9999.000,9999.000,9999.000,9999.000,9999.000,9999.000,9999.000
202608032230,   0.572,   0.669,9999.000,9999.000,9999.000,9999.000,9999.000,9999.000,9999.000
202608032236,   0.568,   0.760,9999.000,9999.000,9999.000,9999.000,9999.000,9999.000,9999.000
202608032242,   0.569,   0.698,9999.000,9999.000,9999.000,9999.000,9999.000,9999.000,9999.000
202608032248,   0.575,   0.718,9999.000,9999.000,9999.000,9999.000,9999.000,9999.000,9999.000
202608032254,   0.587,   0.698,9999.000,9999.000,9999.000,9999.000,9999.000,9999.000,9999.000
202608032300,   0.605,   0.780,   0.000,   0.175,   0.780,  -0.100,   0.680,   0.100,   0.880
202608032306,   0.627,   0.829,9999.000,9999.000,9999.000,9999.000,9999.000,9999.000,9999.000
202608032312,   0.655,   0.879,9999.000,9999.000,9999.000,9999.000,9999.000,9999.000,9999.000
202608032318,   0.688,   0.908,9999.000,9999.000,9999.000,9999.000,9999.000,9999.000,9999.000
202608032324,   0.725,   0.888,9999.000,9999.000,9999.000,9999.000,9999.000,9999.000,9999.000
202608032330,   0.767,   0.898,9999.000,9999.000,9999.000,9999.000,9999.000,9999.000,9999.000
202608032336,   0.813,   0.928,9999.000,9999.000,9999.000,9999.000,9999.000,9999.000,9999.000
202608032342,   0.864,   0.970,9999.000,9999.000,9999.000,9999.000,9999.000,9999.000,9999.000
202608032348,   0.918,   1.059,9999.000,9999.000,9999.000,9999.000,9999.000,9999.000,9999.000
202608032354,   0.976,   1.108,9999.000,9999.000,9999.000,9999.000,9999.000,9999.000,9999.000
202608040000,   1.037,   1.108,   0.000,   0.071,   1.108,   0.000,   1.108,   0.100,   1.208
202608040006,   1.101,   1.151,9999.000,9999.000,9999.000,9999.000,9999.000,9999.000,9999.000
202608040012,   1.169,   1.239,9999.000,9999.000,9999.000,9999.000,9999.000,9999.000,9999.000
202608040018,   1.238,   1.289,9999.000,9999.000,9999.000,9999.000,9999.000,9999.000,9999.000
202608040024,   1.311,   1.328,9999.000,9999.000,9999.000,9999.000,9999.000,9999.000,9999.000
202608040030,   1.385,   1.380,9999.000,9999.000,9999.000,9999.000,9999.000,9999.000,9999.000
202608040036,   1.461,   1.420,9999.000,9999.000,9999.000,9999.000,9999.000,9999.000,9999.000
202608040042,   1.540,   1.508,9999.000,9999.000,9999.000,9999.000,9999.000,9999.000,9999.000
202608040048,   1.620,   1.639,9999.000,9999.000,9999.000,9999.000,9999.000,9999.000,9999.000
202608040054,   1.701,   1.699,9999.000,9999.000,9999.000,9999.000,9999.000,9999.000,9999.000
202608040100,   1.784,   1.781,   0.000,  -0.003,   1.781,   0.000,   1.781,   0.100,   1.881
202608040106,   1.867,   1.899,9999.000,9999.000,9999.000,9999.000,9999.000,9999.000,9999.000
202608040112,   1.952,   1.990,9999.000,9999.000,9999.000,9999.000,9999.000,9999.000,9999.000
202608040118,   2.038,   2.099,9999.000,9999.000,9999.000,9999.000,9999.000,9999.000,9999.000
202608040124,   2.125,   2.210,9999.000,9999.000,9999.000,9999.000,9999.000,9999.000,9999.000
202608040130,   2.212,   2.299,9999.000,9999.000,9999.000,9999.000,9999.000,9999.000,9999.000
202608040136,   2.300,   2.348,9999.000,9999.000,9999.000,9999.000,9999.000,9999.000,9999.000
202608040142,   2.388,   2.469,9999.000,9999.000,9999.000,9999.000,9999.000,9999.000,9999.000
202608040148,   2.476,   2.578,9999.000,9999.000,9999.000,9999.000,9999.000,9999.000,9999.000
202608040154,   2.564,   2.660,9999.000,9999.000,9999.000,9999.000,9999.000,9999.000,9999.000
202608040200,   2.653,   2.778,   0.000,   0.125,   2.778,   0.000,   2.778,   0.100,   2.878
202608040206,   2.741,   2.899,9999.000,9999.000,9999.000,9999.000,9999.000,9999.000,9999.000
202608040212,   2.828,   3.007,9999.000,9999.000,9999.000,9999.000,9999.000,9999.000,9999.000
202608040218,   2.915,   3.138,9999.000,9999.000,9999.000,9999.000,9999.000,9999.000,9999.000
202608040224,   3.001,   3.279,9999.000,9999.000,9999.000,9999.000,9999.000,9999.000,9999.000
202608040230,   3.086,   3.378,9999.000,9999.000,9999.000,9999.000,9999.000,9999.000,9999.000
202608040236,   3.170,   3.460,9999.000,9999.000,9999.000,9999.000,9999.000,9999.000,9999.000
202608040242,   3.252,   3.558,9999.000,9999.000,9999.000,9999.000,9999.000,9999.000,9999.000
202608040248,   3.332,   3.588,9999.000,9999.000,9999.000,9999.000,9999.000,9999.000,9999.000
202608040254,   3.410,   3.680,9999.000,9999.000,9999.000,9999.000,9999.000,9999.000,9999.000
202608040300,   3.486,   3.749,   0.000,   0.263,   3.749,   0.000,   3.749,   0.100,   3.849
202608040306,   3.559,   3.837,9999.000,9999.000,9999.000,9999.000,9999.000,9999.000,9999.000
202608040312,   3.630,   3.919,9999.000,9999.000,9999.000,9999.000,9999.000,9999.000,9999.000
202608040318,   3.697,   4.008,9999.000,9999.000,9999.000,9999.000,9999.000,9999.000,9999.000
202608040324,   3.762,   4.090,9999.000,9999.000,9999.000,9999.000,9999.000,9999.000,9999.000
202608040330,   3.823,   4.198,9999.000,9999.000,9999.000,9999.000,9999.000,9999.000,9999.000
202608040336,   3.880,   4.227,9999.000,9999.000,9999.000,9999.000,9999.000,9999.000,9999.000
202608040342,   3.934,   4.300,9999.000,9999.000,9999.000,9999.000,9999.000,9999.000,9999.000
202608040348,   3.983,   4.339,9999.000,9999.000,9999.000,9999.000,9999.000,9999.000,9999.000
202608040354,   4.029,   4.388,9999.000,9999.000,9999.000,9999.000,9999.000,9999.000,9999.000
202608040400,   4.070,   4.427,   0.100,   0.257,   4.427,   0.000,   4.327,   0.200,   4.527
202608040406,   4.107,   4.480,9999.000,9999.000,9999.000,9999.000,9999.000,9999.000,9999.000
202608040412,   4.139,   4.500,9999.000,9999.000,9999.000,9999.000,9999.000,9999.000,9999.000
202608040418,   4.167,   4.519,9999.000,9999.000,9999.000,9999.000,9999.000,9999.000,9999.000
202608040424,   4.191,   4.559,9999.000,9999.000,9999.000,9999.000,9999.000,9999.000,9999.000
202608040430,   4.209,   4.578,9999.000,9999.000,9999.000,9999.000,9999.000,9999.000,9999.000
202608040436,   4.223,   4.608,9999.000,9999.000,9999.000,9999.000,9999.000,9999.000,9999.000
202608040442,   4.233,   4.657,9999.000,9999.000,9999.000,9999.000,9999.000,9999.000,9999.000
202608040448,   4.237,   4.710,9999.000,9999.000,9999.000,9999.000,9999.000,9999.000,9999.000
202608040454,   4.237,   4.710,9999.000,9999.000,9999.000,9999.000,9999.000,9999.000,9999.000
202608040500,   4.232,   4.710,   0.100,   0.378,   4.710,   0.000,   4.610,   0.200,   4.810
202608040506,   4.223,   4.710,9999.000,9999.000,9999.000,9999.000,9999.000,9999.000,9999.000
202608040512,   4.208,   4.677,9999.000,9999.000,9999.000,9999.000,9999.000,9999.000,9999.000
202608040518,   4.189,   4.628,9999.000,9999.000,9999.000,9999.000,9999.000,9999.000,9999.000
202608040524,   4.165,   4.618,9999.000,9999.000,9999.000,9999.000,9999.000,9999.000,9999.000
202608040530,   4.137,   4.588,9999.000,9999.000,9999.000,9999.000,9999.000,9999.000,9999.000
202608040536,   4.104,   4.578,9999.000,9999.000,9999.000,9999.000,9999.000,9999.000,9999.000
202608040542,   4.066,   4.549,9999.000,9999.000,9999.000,9999.000,9999.000,9999.000,9999.000
202608040548,   4.024,   4.559,9999.000,9999.000,9999.000,9999.000,9999.000,9999.000,9999.000
202608040554,   3.977,   4.500,9999.000,9999.000,9999.000,9999.000,9999.000,9999.000,9999.000
202608040600,   3.926,   4.467,   0.100,   0.441,   4.467,   0.000,   4.367,   0.200,   4.567
202608040606,   3.870,   4.437,9999.000,9999.000,9999.000,9999.000,9999.000,9999.000,9999.000
202608040612,   3.811,   4.398,9999.000,9999.000,9999.000,9999.000,9999.000,9999.000,9999.000
202608040618,   3.747,   4.339,9999.000,9999.000,9999.000,9999.000,9999.000,9999.000,9999.000
202608040624,   3.679,   4.267,9999.000,9999.000,9999.000,9999.000,9999.000,9999.000,9999.000
202608040630,   3.608,   4.188,9999.000,9999.000,9999.000,9999.000,9999.000,9999.000,9999.000
202608040636,   3.533,   4.070,9999.000,9999.000,9999.000,9999.000,9999.000,9999.000,9999.000
202608040642,   3.454,   3.949,9999.000,9999.000,9999.000,9999.000,9999.000,9999.000,9999.000
202608040648,   3.373,   3.890,9999.000,9999.000,9999.000,9999.000,9999.000,9999.000,9999.000
202608040654,   3.288,   3.788,9999.000,9999.000,9999.000,9999.000,9999.000,9999.000,9999.000
202608040700,   3.200,   3.699,   0.200,   0.299,   3.699,   0.000,   3.499,   0.300,   3.799
202608040706,   3.110,   3.607,9999.000,9999.000,9999.000,9999.000,9999.000,9999.000,9999.000
202608040712,   3.017,   3.539,9999.000,9999.000,9999.000,9999.000,9999.000,9999.000,9999.000
202608040718,   2.923,   3.450,9999.000,9999.000,9999.000,9999.000,9999.000,9999.000,9999.000
202608040724,   2.826,   3.319,9999.000,9999.000,9999.000,9999.000,9999.000,9999.000,9999.000
202608040730,   2.728,   3.207,9999.000,9999.000,9999.000,9999.000,9999.000,9999.000,9999.000
202608040736,   2.629,   3.119,9999.000,9999.000,9999.000,9999.000,9999.000,9999.000,9999.000
202608040742,   2.529,   3.060,9999.000,9999.000,9999.000,9999.000,9999.000,9999.000,9999.000
202608040748,   2.428,   2.968,9999.000,9999.000,9999.000,9999.000,9999.000,9999.000,9999.000
202608040754,   2.327,   2.860,9999.000,9999.000,9999.000,9999.000,9999.000,9999.000,9999.000
202608040800,   2.226,   2.758,   0.200,   0.332,   2.758,   0.100,   2.658,   0.300,   2.858
202608040806,   2.124,   2.640,9999.000,9999.000,9999.000,9999.000,9999.000,9999.000,9999.000
202608040812,   2.023,   2.519,9999.000,9999.000,9999.000,9999.000,9999.000,9999.000,9999.000
202608040818,   1.923,   2.440,9999.000,9999.000,9999.000,9999.000,9999.000,9999.000,9999.000
202608040824,   1.824,   2.377,9999.000,9999.000,9999.000,9999.000,9999.000,9999.000,9999.000
202608040830,   1.725,   2.240,9999.000,9999.000,9999.000,9999.000,9999.000,9999.000,9999.000
202608040836,   1.628,   2.138,9999.000,9999.000,9999.000,9999.000,9999.000,9999.000,9999.000
202608040842,   1.533,   2.020,9999.000,9999.000,9999.000,9999.000,9999.000,9999.000,9999.000
202608040848,   1.439,   1.908,9999.000,9999.000,9999.000,9999.000,9999.000,9999.000,9999.000
202608040854,   1.348,   1.859,9999.000,9999.000,9999.000,9999.000,9999.000,9999.000,9999.000
202608040900,   1.258,   1.767,   0.300,   0.209,   1.767,   0.200,   1.667,   0.300,   1.767
202608040906,   1.171,   1.649,9999.000,9999.000,9999.000,9999.000,9999.000,9999.000,9999.000
202608040912,   1.087,   1.580,9999.000,9999.000,9999.000,9999.000,9999.000,9999.000,9999.000
202608040918,   1.006,   1.479,9999.000,9999.000,9999.000,9999.000,9999.000,9999.000,9999.000
202608040924,   0.928,   1.410,9999.000,9999.000,9999.000,9999.000,9999.000,9999.000,9999.000
202608040930,   0.853,   1.348,9999.000,9999.000,9999.000,9999.000,9999.000,9999.000,9999.000
202608040936,   0.781,   1.249,9999.000,9999.000,9999.000,9999.000,9999.000,9999.000,9999.000
202608040942,   0.714,   1.180,9999.000,9999.000,9999.000,9999.000,9999.000,9999.000,9999.000
202608040948,   0.650,   1.108,9999.000,9999.000,9999.000,9999.000,9999.000,9999.000,9999.000
202608040954,   0.591,   1.059,9999.000,9999.000,9999.000,9999.000,9999.000,9999.000,9999.000
202608041000,   0.536,   0.990,   0.300,   0.154,   0.990,   0.200,   0.890,   0.400,   1.090
202608041006,   0.486,   0.941,9999.000,9999.000,9999.000,9999.000,9999.000,9999.000,9999.000
202608041012,   0.441,   0.888,9999.000,9999.000,9999.000,9999.000,9999.000,9999.000,9999.000
202608041018,   0.400,   0.888,9999.000,9999.000,9999.000,9999.000,9999.000,9999.000,9999.000
202608041024,   0.365,   0.829,9999.000,9999.000,9999.000,9999.000,9999.000,9999.000,9999.000
202608041030,   0.336,   0.810,9999.000,9999.000,9999.000,9999.000,9999.000,9999.000,9999.000
202608041036,   0.312,   0.810,9999.000,9999.000,9999.000,9999.000,9999.000,9999.000,9999.000
202608041042,   0.293,   0.810,9999.000,9999.000,9999.000,9999.000,9999.000,9999.000,9999.000
202608041048,   0.281,   0.770,9999.000,9999.000,9999.000,9999.000,9999.000,9999.000,9999.000
202608041054,   0.274,   0.819,9999.000,9999.000,9999.000,9999.000,9999.000,9999.000,9999.000
202608041100,   0.273,   0.819,   0.300,   0.246,   0.819,   0.200,   0.719,   0.500,   1.019
202608041106,   0.278,   0.810,9999.000,9999.000,9999.000,9999.000,9999.000,9999.000,9999.000
202608041112,   0.289,   0.829,9999.000,9999.000,9999.000,9999.000,9999.000,9999.000,9999.000
202608041118,   0.306,   0.849,9999.000,9999.000,9999.000,9999.000,9999.000,9999.000,9999.000
202608041124,   0.329,   0.898,9999.000,9999.000,9999.000,9999.000,9999.000,9999.000,9999.000
202608041130,   0.357,   0.928,9999.000,9999.000,9999.000,9999.000,9999.000,9999.000,9999.000
202608041136,   0.391,   0.941,9999.000,9999.000,9999.000,9999.000,9999.000,9999.000,9999.000
202608041142,   0.430,   0.970,9999.000,9999.000,9999.000,9999.000,9999.000,9999.000,9999.000
202608041148,   0.474,   1.059,9999.000,9999.000,9999.000,9999.000,9999.000,9999.000,9999.000
202608041154,   0.524,   1.118,9999.000,9999.000,9999.000,9999.000,9999.000,9999.000,9999.000
202608041200,   0.578,   1.180,   0.300,   0.302,   1.180,   0.200,   1.080,   0.400,   1.280
202608041206,   0.636,   1.180,9999.000,9999.000,9999.000,9999.000,9999.000,9999.000,9999.000
202608041212,   0.699,   1.259,9999.000,9999.000,9999.000,9999.000,9999.000,9999.000,9999.000
202608041218,   0.765,   1.269,9999.000,9999.000,9999.000,9999.000,9999.000,9999.000,9999.000
202608041224,   0.836,   1.361,9999.000,9999.000,9999.000,9999.000,9999.000,9999.000,9999.000
202608041230,   0.909,   1.390,9999.000,9999.000,9999.000,9999.000,9999.000,9999.000,9999.000
202608041236,   0.986,   1.469,9999.000,9999.000,9999.000,9999.000,9999.000,9999.000,9999.000
202608041242,   1.066,   1.538,9999.000,9999.000,9999.000,9999.000,9999.000,9999.000,9999.000
202608041248,   1.148,   1.639,9999.000,9999.000,9999.000,9999.000,9999.000,9999.000,9999.000
202608041254,   1.233,   1.767,9999.000,9999.000,9999.000,9999.000,9999.000,9999.000,9999.000
202608041300,   1.320,   1.889,   0.300,   0.269,   1.889,   0.300,   1.889,   0.400,   1.989
202608041306,   1.409,   1.967,9999.000,9999.000,9999.000,9999.000,9999.000,9999.000,9999.000
202608041312,   1.499,   2.069,9999.000,9999.000,9999.000,9999.000,9999.000,9999.000,9999.000
202608041318,   1.591,   2.128,9999.000,9999.000,9999.000,9999.000,9999.000,9999.000,9999.000
202608041324,   1.685,   2.269,9999.000,9999.000,9999.000,9999.000,9999.000,9999.000,9999.000
202608041330,   1.780,   2.387,9999.000,9999.000,9999.000,9999.000,9999.000,9999.000,9999.000
202608041336,   1.875,   2.469,9999.000,9999.000,9999.000,9999.000,9999.000,9999.000,9999.000
202608041342,   1.972,   2.568,9999.000,9999.000,9999.000,9999.000,9999.000,9999.000,9999.000
202608041348,   2.069,   2.630,9999.000,9999.000,9999.000,9999.000,9999.000,9999.000,9999.000
202608041354,   2.167,   2.728,9999.000,9999.000,9999.000,9999.000,9999.000,9999.000,9999.000
202608041400,   2.266,   2.787,   0.400,   0.121,   2.787,   0.300,   2.687,   0.500,   2.887
202608041406,   2.364,   2.889,9999.000,9999.000,9999.000,9999.000,9999.000,9999.000,9999.000
202608041412,   2.463,   3.007,9999.000,9999.000,9999.000,9999.000,9999.000,9999.000,9999.000
202608041418,   2.562,   3.109,9999.000,9999.000,9999.000,9999.000,9999.000,9999.000,9999.000
202608041424,   2.661,   3.329,9999.000,9999.000,9999.000,9999.000,9999.000,9999.000,9999.000
202608041430,   2.759,   3.440,9999.000,9999.000,9999.000,9999.000,9999.000,9999.000,9999.000
202608041436,   2.856,   3.558,9999.000,9999.000,9999.000,9999.000,9999.000,9999.000,9999.000
202608041442,   2.953,   3.670,9999.000,9999.000,9999.000,9999.000,9999.000,9999.000,9999.000
202608041448,   3.049,   3.758,9999.000,9999.000,9999.000,9999.000,9999.000,9999.000,9999.000
202608041454,   3.144,   3.837,9999.000,9999.000,9999.000,9999.000,9999.000,9999.000,9999.000
202608041500,   3.237,   3.939,   0.400,   0.302,   3.939,   0.300,   3.839,   0.500,   4.039
202608041506,   3.328,   4.027,9999.000,9999.000,9999.000,9999.000,9999.000,9999.000,9999.000
202608041512,   3.418,   4.109,9999.000,9999.000,9999.000,9999.000,9999.000,9999.000,9999.000
202608041518,   3.505,   4.188,9999.000,9999.000,9999.000,9999.000,9999.000,9999.000,9999.000
202608041524,   3.590,   4.267,9999.000,9999.000,9999.000,9999.000,9999.000,9999.000,9999.000
202608041530,   3.672,   4.349,9999.000,9999.000,9999.000,9999.000,9999.000,9999.000,9999.000
202608041536,   3.751,   4.418,9999.000,9999.000,9999.000,9999.000,9999.000,9999.000,9999.000
202608041542,   3.827,   4.490,9999.000,9999.000,9999.000,9999.000,9999.000,9999.000,9999.000
202608041548,   3.900,   4.559,9999.000,9999.000,9999.000,9999.000,9999.000,9999.000,9999.000
202608041554,   3.969,   4.608,9999.000,9999.000,9999.000,9999.000,9999.000,9999.000,9999.000
202608041600,   4.034,   4.690,   0.400,   0.256,   4.690,   0.300,   4.590,   0.500,   4.790
202608041606,   4.096,   4.700,9999.000,9999.000,9999.000,9999.000,9999.000,9999.000,9999.000
202608041612,   4.153,   4.719,9999.000,9999.000,9999.000,9999.000,9999.000,9999.000,9999.000
202608041618,   4.206,   4.769,9999.000,9999.000,9999.000,9999.000,9999.000,9999.000,9999.000
202608041624,   4.254,   4.828,9999.000,9999.000,9999.000,9999.000,9999.000,9999.000,9999.000
202608041630,   4.298,   4.887,9999.000,9999.000,9999.000,9999.000,9999.000,9999.000,9999.000
202608041636,   4.337,   4.969,9999.000,9999.000,9999.000,9999.000,9999.000,9999.000,9999.000
202608041642,   4.372,   4.988,9999.000,9999.000,9999.000,9999.000,9999.000,9999.000,9999.000
202608041648,   4.402,   4.979,9999.000,9999.000,9999.000,9999.000,9999.000,9999.000,9999.000
202608041654,   4.427,   5.008,9999.000,9999.000,9999.000,9999.000,9999.000,9999.000,9999.000
202608041700,   4.447,   5.057,   0.400,   0.210,   5.057,   0.300,   4.957,   0.500,   5.157
202608041706,   4.463,   5.057,9999.000,9999.000,9999.000,9999.000,9999.000,9999.000,9999.000
202608041712,   4.473,   5.047,9999.000,9999.000,9999.000,9999.000,9999.000,9999.000,9999.000
202608041718,   4.479,   5.087,9999.000,9999.000,9999.000,9999.000,9999.000,9999.000,9999.000
202608041724,   4.480,   5.097,9999.000,9999.000,9999.000,9999.000,9999.000,9999.000,9999.000
202608041730,   4.476,   5.038,9999.000,9999.000,9999.000,9999.000,9999.000,9999.000,9999.000
202608041736,   4.467,   5.038,9999.000,9999.000,9999.000,9999.000,9999.000,9999.000,9999.000
202608041742,   4.454,   5.028,9999.000,9999.000,9999.000,9999.000,9999.000,9999.000,9999.000
202608041748,   4.436,   4.969,9999.000,9999.000,9999.000,9999.000,9999.000,9999.000,9999.000
202608041754,   4.413,   5.038,9999.000,9999.000,9999.000,9999.000,9999.000,9999.000,9999.000
202608041800,   4.385,   4.998,   0.400,   0.213,   4.998,   0.300,   4.898,   0.500,   5.098
202608041806,   4.353,   4.969,9999.000,9999.000,9999.000,9999.000,9999.000,9999.000,9999.000
202608041812,   4.316,   4.887,9999.000,9999.000,9999.000,9999.000,9999.000,9999.000,9999.000
202608041818,   4.275,   4.847,9999.000,9999.000,9999.000,9999.000,9999.000,9999.000,9999.000
202608041824,   4.230,   4.778,9999.000,9999.000,9999.000,9999.000,9999.000,9999.000,9999.000
202608041830,   4.180,   4.710,9999.000,9999.000,9999.000,9999.000,9999.000,9999.000,9999.000
202608041836,   4.127,   4.618,9999.000,9999.000,9999.000,9999.000,9999.000,9999.000,9999.000
202608041842,   4.069,   4.569,9999.000,9999.000,9999.000,9999.000,9999.000,9999.000,9999.000
202608041848,   4.007,   4.539,9999.000,9999.000,9999.000,9999.000,9999.000,9999.000,9999.000
202608041854,   3.942,   4.509,9999.000,9999.000,9999.000,9999.000,9999.000,9999.000,9999.000
202608041900,   3.873,   4.427,   0.400,   0.154,   4.427,   0.400,   4.427,   0.500,   4.527
202608041906,   3.801,   4.388,9999.000,9999.000,9999.000,9999.000,9999.000,9999.000,9999.000
202608041912,   3.725,   4.290,9999.000,9999.000,9999.000,9999.000,9999.000,9999.000,9999.000
202608041918,   3.647,   4.218,9999.000,9999.000,9999.000,9999.000,9999.000,9999.000,9999.000
202608041924,   3.566,   4.139,9999.000,9999.000,9999.000,9999.000,9999.000,9999.000,9999.000
202608041930,   3.482,   4.070,9999.000,9999.000,9999.000,9999.000,9999.000,9999.000,9999.000
202608041936,   3.396,   3.998,9999.000,9999.000,9999.000,9999.000,9999.000,9999.000,9999.000
202608041942,   3.308,   3.929,9999.000,9999.000,9999.000,9999.000,9999.000,9999.000,9999.000
202608041948,   3.218,   3.798,9999.000,9999.000,9999.000,9999.000,9999.000,9999.000,9999.000
202608041954,   3.126,   3.670,9999.000,9999.000,9999.000,9999.000,9999.000,9999.000,9999.000
202608042000,   3.033,   3.509,   0.400,   0.076,   3.509,   0.400,   3.509,   0.500,   3.609
202608042006,   2.939,   3.417,9999.000,9999.000,9999.000,9999.000,9999.000,9999.000,9999.000
202608042012,   2.845,   3.339,9999.000,9999.000,9999.000,9999.000,9999.000,9999.000,9999.000
202608042018,   2.749,   3.250,9999.000,9999.000,9999.000,9999.000,9999.000,9999.000,9999.000
202608042024,   2.653,   3.178,9999.000,9999.000,9999.000,9999.000,9999.000,9999.000,9999.000
202608042030,   2.558,   3.040,9999.000,9999.000,9999.000,9999.000,9999.000,9999.000,9999.000
202608042036,   2.462,   2.948,9999.000,9999.000,9999.000,9999.000,9999.000,9999.000,9999.000
202608042042,   2.366,   2.797,9999.000,9999.000,9999.000,9999.000,9999.000,9999.000,9999.000
202608042048,   2.271,   2.699,9999.000,9999.000,9999.000,9999.000,9999.000,9999.000,9999.000
202608042054,   2.177,   2.587,9999.000,9999.000,9999.000,9999.000,9999.000,9999.000,9999.000
202608042100,   2.084,   2.499,   0.400,   0.015,   2.499,   0.400,   2.499,   0.500,   2.599
202608042106,   1.992,   2.377,9999.000,9999.000,9999.000,9999.000,9999.000,9999.000,9999.000
202608042112,   1.901,   2.299,9999.000,9999.000,9999.000,9999.000,9999.000,9999.000,9999.000
202608042118,   1.812,   2.220,9999.000,9999.000,9999.000,9999.000,9999.000,9999.000,9999.000
202608042124,   1.725,   2.158,9999.000,9999.000,9999.000,9999.000,9999.000,9999.000,9999.000
202608042130,   1.639,   2.059,9999.000,9999.000,9999.000,9999.000,9999.000,9999.000,9999.000
202608042136,   1.556,   1.990,9999.000,9999.000,9999.000,9999.000,9999.000,9999.000,9999.000
202608042142,   1.475,   1.908,9999.000,9999.000,9999.000,9999.000,9999.000,9999.000,9999.000
202608042148,   1.397,   1.840,9999.000,9999.000,9999.000,9999.000,9999.000,9999.000,9999.000
202608042154,   1.321,   1.738,9999.000,9999.000,9999.000,9999.000,9999.000,9999.000,9999.000
202608042200,   1.249,   1.649,   0.500,  -0.100,   1.649,   0.400,   1.549,   0.500,   1.649
202608042206,   1.179,   1.590,9999.000,9999.000,9999.000,9999.000,9999.000,9999.000,9999.000
202608042212,   1.113,   1.518,9999.000,9999.000,9999.000,9999.000,9999.000,9999.000,9999.000
202608042218,   1.051,   1.518,9999.000,9999.000,9999.000,9999.000,9999.000,9999.000,9999.000
202608042224,   0.992,   1.439,9999.000,9999.000,9999.000,9999.000,9999.000,9999.000,9999.000
202608042230,   0.937,   1.371,9999.000,9999.000,9999.000,9999.000,9999.000,9999.000,9999.000
202608042236,   0.887,   1.328,9999.000,9999.000,9999.000,9999.000,9999.000,9999.000,9999.000
202608042242,   0.841,   1.289,9999.000,9999.000,9999.000,9999.000,9999.000,9999.000,9999.000
202608042248,   0.800,   1.229,9999.000,9999.000,9999.000,9999.000,9999.000,9999.000,9999.000
202608042254,   0.764,   1.180,9999.000,9999.000,9999.000,9999.000,9999.000,9999.000,9999.000
202608042300,   0.732,   1.180,   0.500,  -0.052,   1.180,   0.400,   1.080,   0.500,   1.180
202608042306,   0.706,   1.138,9999.000,9999.000,9999.000,9999.000,9999.000,9999.000,9999.000
202608042312,   0.685,   1.151,9999.000,9999.000,9999.000,9999.000,9999.000,9999.000,9999.000
202608042318,   0.670,   1.138,9999.000,9999.000,9999.000,9999.000,9999.000,9999.000,9999.000
202608042324,   0.659,   1.088,9999.000,9999.000,9999.000,9999.000,9999.000,9999.000,9999.000
202608042330,   0.654,   1.010,9999.000,9999.000,9999.000,9999.000,9999.000,9999.000,9999.000
202608042336,   0.655,   1.020,9999.000,9999.000,9999.000,9999.000,9999.000,9999.000,9999.000
202608042342,   0.661,   1.039,9999.000,9999.000,9999.000,9999.000,9999.000,9999.000,9999.000
202608042348,   0.672,   1.118,9999.000,9999.000,9999.000,9999.000,9999.000,9999.000,9999.000
202608042354,   0.689,   1.138,9999.000,9999.000,9999.000,9999.000,9999.000,9999.000,9999.000
202608050000,   0.710,   1.170,   0.400,   0.060,   1.170,   0.400,   1.170,   0.500,   1.270
202608050006,   0.737,   1.210,9999.000,9999.000,9999.000,9999.000,9999.000,9999.000,9999.000
202608050012,   0.768,   1.259,9999.000,9999.000,9999.000,9999.000,9999.000,9999.000,9999.000
202608050018,   0.804,   1.259,9999.000,9999.000,9999.000,9999.000,9999.000,9999.000,9999.000
202608050024,   0.844,   1.269,9999.000,9999.000,9999.000,9999.000,9999.000,9999.000,9999.000
202608050030,   0.888,   1.318,9999.000,9999.000,9999.000,9999.000,9999.000,9999.000,9999.000
202608050036,   0.937,   1.338,9999.000,9999.000,9999.000,9999.000,9999.000,9999.000,9999.000
202608050042,   0.988,   1.390,9999.000,9999.000,9999.000,9999.000,9999.000,9999.000,9999.000
202608050048,   1.044,   1.439,9999.000,9999.000,9999.000,9999.000,9999.000,9999.000,9999.000
202608050054,   1.102,   1.479,9999.000,9999.000,9999.000,9999.000,9999.000,9999.000,9999.000
202608050100,   1.163,   1.580,   0.400,   0.017,   1.580,   0.400,   1.580,   0.500,   1.680
202608050106,   1.227,   1.649,9999.000,9999.000,9999.000,9999.000,9999.000,9999.000,9999.000
202608050112,   1.293,   1.699,9999.000,9999.000,9999.000,9999.000,9999.000,9999.000,9999.000
202608050118,   1.362,   1.767,9999.000,9999.000,9999.000,9999.000,9999.000,9999.000,9999.000
202608050124,   1.432,   1.810,9999.000,9999.000,9999.000,9999.000,9999.000,9999.000,9999.000
202608050130,   1.504,   1.869,9999.000,9999.000,9999.000,9999.000,9999.000,9999.000,9999.000
202608050136,   1.578,   1.899,9999.000,9999.000,9999.000,9999.000,9999.000,9999.000,9999.000
202608050142,   1.653,   2.000,9999.000,9999.000,9999.000,9999.000,9999.000,9999.000,9999.000
202608050148,   1.729,   2.069,9999.000,9999.000,9999.000,9999.000,9999.000,9999.000,9999.000
202608050154,   1.807,   2.148,9999.000,9999.000,9999.000,9999.000,9999.000,9999.000,9999.000
202608050200,   1.885,   2.269,   0.400,  -0.016,   2.269,   0.400,   2.269,   0.400,   2.269
202608050206,   1.964,   2.348,9999.000,9999.000,9999.000,9999.000,9999.000,9999.000,9999.000
202608050212,   2.044,   2.430,9999.000,9999.000,9999.000,9999.000,9999.000,9999.000,9999.000
202608050218,   2.125,   2.528,9999.000,9999.000,9999.000,9999.000,9999.000,9999.000,9999.000
202608050224,   2.206,   2.610,9999.000,9999.000,9999.000,9999.000,9999.000,9999.000,9999.000
202608050230,   2.288,   2.738,9999.000,9999.000,9999.000,9999.000,9999.000,9999.000,9999.000
202608050236,   2.369,   2.850,9999.000,9999.000,9999.000,9999.000,9999.000,9999.000,9999.000
202608050242,   2.451,   2.948,9999.000,9999.000,9999.000,9999.000,9999.000,9999.000,9999.000
202608050248,   2.533,   3.040,9999.000,9999.000,9999.000,9999.000,9999.000,9999.000,9999.000
202608050254,   2.614,   3.089,9999.000,9999.000,9999.000,9999.000,9999.000,9999.000,9999.000
202608050300,   2.696,   3.178,   0.400,   0.082,   3.178,   0.400,   3.178,   0.400,   3.178
202608050306,   2.776,   3.270,9999.000,9999.000,9999.000,9999.000,9999.000,9999.000,9999.000
202608050312,   2.856,   3.358,9999.000,9999.000,9999.000,9999.000,9999.000,9999.000,9999.000
202608050318,   2.935,   3.440,9999.000,9999.000,9999.000,9999.000,9999.000,9999.000,9999.000
202608050324,   3.013,   3.548,9999.000,9999.000,9999.000,9999.000,9999.000,9999.000,9999.000
202608050330,   3.089,   3.650,9999.000,9999.000,9999.000,9999.000,9999.000,9999.000,9999.000
202608050336,   3.163,   3.709,9999.000,9999.000,9999.000,9999.000,9999.000,9999.000,9999.000
202608050342,   3.236,   3.798,9999.000,9999.000,9999.000,9999.000,9999.000,9999.000,9999.000
202608050348,   3.307,   3.880,9999.000,9999.000,9999.000,9999.000,9999.000,9999.000,9999.000
202608050354,   3.375,   3.939,9999.000,9999.000,9999.000,9999.000,9999.000,9999.000,9999.000
202608050400,   3.441,   3.988,   0.400,   0.147,   3.988,   0.400,   3.988,   0.400,   3.988
202608050406,   3.504,   4.070,9999.000,9999.000,9999.000,9999.000,9999.000,9999.000,9999.000
202608050412,   3.564,   4.109,9999.000,9999.000,9999.000,9999.000,9999.000,9999.000,9999.000
202608050418,   3.621,   4.178,9999.000,9999.000,9999.000,9999.000,9999.000,9999.000,9999.000
202608050424,   3.674,   4.532,9999.000,9999.000,9999.000,9999.000,9999.000,9999.000,9999.000
202608050430,   3.724,9999.000,9999.000,9999.000,9999.000,9999.000,9999.000,9999.000,9999.000
202608050436,   3.770,9999.000,9999.000,9999.000,9999.000,9999.000,9999.000,9999.000,9999.000
202608050442,   3.812,9999.000,9999.000,9999.000,9999.000,9999.000,9999.000,9999.000,9999.000
202608050448,   3.850,9999.000,9999.000,9999.000,9999.000,9999.000,9999.000,9999.000,9999.000
202608050454,   3.884,   4.490,9999.000,9999.000,9999.000,9999.000,9999.000,9999.000,9999.000
202608050500,   3.914,   4.529,   0.400,   0.215,   4.529,   0.300,   4.429,   0.400,   4.529
202608050506,   3.939,   4.539,9999.000,9999.000,9999.000,9999.000,9999.000,9999.000,9999.000
202608050512,   3.960,   4.529,9999.000,9999.000,9999.000,9999.000,9999.000,9999.000,9999.000
202608050518,   3.977,   4.549,9999.000,9999.000,9999.000,9999.000,9999.000,9999.000,9999.000
202608050524,   3.989,   4.539,9999.000,9999.000,9999.000,9999.000,9999.000,9999.000,9999.000
202608050530,   3.996,   4.578,9999.000,9999.000,9999.000,9999.000,9999.000,9999.000,9999.000
202608050536,   4.000,   4.588,9999.000,9999.000,9999.000,9999.000,9999.000,9999.000,9999.000
202608050542,   3.998,   4.578,9999.000,9999.000,9999.000,9999.000,9999.000,9999.000,9999.000
202608050548,   3.992,   4.559,9999.000,9999.000,9999.000,9999.000,9999.000,9999.000,9999.000
202608050554,   3.982,   4.549,9999.000,9999.000,9999.000,9999.000,9999.000,9999.000,9999.000
202608050600,   3.967,   4.519,   0.400,   0.152,   4.519,   0.300,   4.419,   0.400,   4.519
202608050606,   3.948,   4.509,9999.000,9999.000,9999.000,9999.000,9999.000,9999.000,9999.000
202608050612,   3.925,9999.000,9999.000,9999.000,9999.000,9999.000,9999.000,9999.000,9999.000
202608050618,   3.897,9999.000,9999.000,9999.000,9999.000,9999.000,9999.000,9999.000,9999.000
202608050624,   3.865,   4.165,9999.000,9999.000,9999.000,9999.000,9999.000,9999.000,9999.000
202608050630,   3.829,9999.000,9999.000,9999.000,9999.000,9999.000,9999.000,9999.000,9999.000
202608050636,   3.789,9999.000,9999.000,9999.000,9999.000,9999.000,9999.000,9999.000,9999.000
202608050642,   3.744,9999.000,9999.000,9999.000,9999.000,9999.000,9999.000,9999.000,9999.000
202608050648,   3.696,9999.000,9999.000,9999.000,9999.000,9999.000,9999.000,9999.000,9999.000
202608050654,   3.644,   4.198,9999.000,9999.000,9999.000,9999.000,9999.000,9999.000,9999.000
202608050700,   3.588,   4.168,   0.300,   0.280,   4.168,   0.300,   4.168,   0.400,   4.268
202608050706,   3.528,   4.080,9999.000,9999.000,9999.000,9999.000,9999.000,9999.000,9999.000
202608050712,   3.465,   4.017,9999.000,9999.000,9999.000,9999.000,9999.000,9999.000,9999.000
202608050718,   3.399,   3.949,9999.000,9999.000,9999.000,9999.000,9999.000,9999.000,9999.000
202608050724,   3.329,   3.919,9999.000,9999.000,9999.000,9999.000,9999.000,9999.000,9999.000
202608050730,   3.257,   3.870,9999.000,9999.000,9999.000,9999.000,9999.000,9999.000,9999.000
202608050736,   3.181,   3.788,9999.000,9999.000,9999.000,9999.000,9999.000,9999.000,9999.000
202608050742,   3.103,   3.729,9999.000,9999.000,9999.000,9999.000,9999.000,9999.000,9999.000
202608050748,   3.022,   3.637,9999.000,9999.000,9999.000,9999.000,9999.000,9999.000,9999.000
202608050754,   2.939,   3.548,9999.000,9999.000,9999.000,9999.000,9999.000,9999.000,9999.000
202608050800,   2.854,   3.470,   0.300,   0.316,   3.470,   0.300,   3.470,   0.400,   3.570
202608050806,   2.767,   3.407,9999.000,9999.000,9999.000,9999.000,9999.000,9999.000,9999.000
202608050812,   2.679,   3.319,9999.000,9999.000,9999.000,9999.000,9999.000,9999.000,9999.000
202608050818,   2.589,   3.207,9999.000,9999.000,9999.000,9999.000,9999.000,9999.000,9999.000
202608050824,   2.497,   3.129,9999.000,9999.000,9999.000,9999.000,9999.000,9999.000,9999.000
202608050830,   2.405,   3.007,9999.000,9999.000,9999.000,9999.000,9999.000,9999.000,9999.000
202608050836,   2.313,   2.899,9999.000,9999.000,9999.000,9999.000,9999.000,9999.000,9999.000
202608050842,   2.220,   2.807,9999.000,9999.000,9999.000,9999.000,9999.000,9999.000,9999.000
202608050848,   2.126,   2.699,9999.000,9999.000,9999.000,9999.000,9999.000,9999.000,9999.000
202608050854,   2.033,   2.597,9999.000,9999.000,9999.000,9999.000,9999.000,9999.000,9999.000
202608050900,   1.940,   2.469,   0.300,   0.229,   2.469,   0.300,   2.469,   0.400,   2.569
202608050906,   1.847,   2.387,9999.000,9999.000,9999.000,9999.000,9999.000,9999.000,9999.000
202608050912,   1.755,   2.269,9999.000,9999.000,9999.000,9999.000,9999.000,9999.000,9999.000
202608050918,   1.664,   2.191,9999.000,9999.000,9999.000,9999.000,9999.000,9999.000,9999.000
202608050924,   1.574,   2.089,9999.000,9999.000,9999.000,9999.000,9999.000,9999.000,9999.000
202608050930,   1.485,   1.981,9999.000,9999.000,9999.000,9999.000,9999.000,9999.000,9999.000
202608050936,   1.398,   1.879,9999.000,9999.000,9999.000,9999.000,9999.000,9999.000,9999.000
202608050942,   1.313,   1.800,9999.000,9999.000,9999.000,9999.000,9999.000,9999.000,9999.000
202608050948,   1.229,   1.718,9999.000,9999.000,9999.000,9999.000,9999.000,9999.000,9999.000
202608050954,   1.148,   1.649,9999.000,9999.000,9999.000,9999.000,9999.000,9999.000,9999.000
202608051000,   1.068,   1.580,   0.300,   0.212,   1.580,   0.300,   1.580,   0.400,   1.680
202608051006,   0.992,   1.498,9999.000,9999.000,9999.000,9999.000,9999.000,9999.000,9999.000
202608051012,   0.918,   1.410,9999.000,9999.000,9999.000,9999.000,9999.000,9999.000,9999.000
202608051018,   0.847,   1.328,9999.000,9999.000,9999.000,9999.000,9999.000,9999.000,9999.000
202608051024,   0.780,   1.279,9999.000,9999.000,9999.000,9999.000,9999.000,9999.000,9999.000
202608051030,   0.715,   1.200,9999.000,9999.000,9999.000,9999.000,9999.000,9999.000,9999.000
202608051036,   0.655,   1.151,9999.000,9999.000,9999.000,9999.000,9999.000,9999.000,9999.000
202608051042,   0.598,   1.079,9999.000,9999.000,9999.000,9999.000,9999.000,9999.000,9999.000
202608051048,   0.546,   1.049,9999.000,9999.000,9999.000,9999.000,9999.000,9999.000,9999.000
202608051054,   0.498,   1.010,9999.000,9999.000,9999.000,9999.000,9999.000,9999.000,9999.000
202608051100,   0.455,   0.951,   0.300,   0.196,   0.951,   0.300,   0.951,   0.400,   1.051
202608051106,   0.416,   0.898,9999.000,9999.000,9999.000,9999.000,9999.000,9999.000,9999.000
202608051112,   0.383,   0.829,9999.000,9999.000,9999.000,9999.000,9999.000,9999.000,9999.000
202608051118,   0.355,   0.800,9999.000,9999.000,9999.000,9999.000,9999.000,9999.000,9999.000
202608051124,   0.332,   0.800,9999.000,9999.000,9999.000,9999.000,9999.000,9999.000,9999.000
202608051130,   0.315,   0.810,9999.000,9999.000,9999.000,9999.000,9999.000,9999.000,9999.000
202608051136,   0.304,   0.780,9999.000,9999.000,9999.000,9999.000,9999.000,9999.000,9999.000
202608051142,   0.298,   0.790,9999.000,9999.000,9999.000,9999.000,9999.000,9999.000,9999.000
202608051148,   0.298,   0.800,9999.000,9999.000,9999.000,9999.000,9999.000,9999.000,9999.000
202608051154,   0.304,9999.000,9999.000,9999.000,9999.000,9999.000,9999.000,9999.000,9999.000
202608051200,   0.316,9999.000,   0.300,   0.195,   0.811,   0.300,   0.811,   0.400,   0.911
202608051206,   0.334,9999.000,9999.000,9999.000,9999.000,9999.000,9999.000,9999.000,9999.000
202608051212,   0.358,9999.000,9999.000,9999.000,9999.000,9999.000,9999.000,9999.000,9999.000
202608051218,   0.387,9999.000,9999.000,9999.000,9999.000,9999.000,9999.000,9999.000,9999.000
202608051224,   0.422,9999.000,9999.000,9999.000,9999.000,9999.000,9999.000,9999.000,9999.000
202608051230,   0.462,9999.000,9999.000,9999.000,9999.000,9999.000,9999.000,9999.000,9999.000
202608051236,   0.508,9999.000,9999.000,9999.000,9999.000,9999.000,9999.000,9999.000,9999.000
202608051242,   0.558,9999.000,9999.000,9999.000,9999.000,9999.000,9999.000,9999.000,9999.000
202608051248,   0.613,9999.000,9999.000,9999.000,9999.000,9999.000,9999.000,9999.000,9999.000
202608051254,   0.673,9999.000,9999.000,9999.000,9999.000,9999.000,9999.000,9999.000,9999.000
202608051300,   0.737,9999.000,   0.300,   0.193,   1.230,   0.300,   1.230,   0.300,   1.230
202608051306,   0.805,9999.000,9999.000,9999.000,9999.000,9999.000,9999.000,9999.000,9999.000
202608051312,   0.877,9999.000,9999.000,9999.000,9999.000,9999.000,9999.000,9999.000,9999.000
202608051318,   0.952,9999.000,9999.000,9999.000,9999.000,9999.000,9999.000,9999.000,9999.000
202608051324,   1.030,9999.000,9999.000,9999.000,9999.000,9999.000,9999.000,9999.000,9999.000
202608051330,   1.111,9999.000,9999.000,9999.000,9999.000,9999.000,9999.000,9999.000,9999.000
202608051336,   1.195,9999.000,9999.000,9999.000,9999.000,9999.000,9999.000,9999.000,9999.000
202608051342,   1.281,9999.000,9999.000,9999.000,9999.000,9999.000,9999.000,9999.000,9999.000
202608051348,   1.370,9999.000,9999.000,9999.000,9999.000,9999.000,9999.000,9999.000,9999.000
202608051354,   1.460,9999.000,9999.000,9999.000,9999.000,9999.000,9999.000,9999.000,9999.000
202608051400,   1.552,9999.000,   0.300,   0.192,   2.044,   0.200,   1.944,   0.300,   2.044
202608051406,   1.645,9999.000,9999.000,9999.000,9999.000,9999.000,9999.000,9999.000,9999.000
202608051412,   1.740,9999.000,9999.000,9999.000,9999.000,9999.000,9999.000,9999.000,9999.000
202608051418,   1.836,9999.000,9999.000,9999.000,9999.000,9999.000,9999.000,9999.000,9999.000
202608051424,   1.933,9999.000,9999.000,9999.000,9999.000,9999.000,9999.000,9999.000,9999.000
202608051430,   2.031,9999.000,9999.000,9999.000,9999.000,9999.000,9999.000,9999.000,9999.000
202608051436,   2.129,9999.000,9999.000,9999.000,9999.000,9999.000,9999.000,9999.000,9999.000
202608051442,   2.230,9999.000,9999.000,9999.000,9999.000,9999.000,9999.000,9999.000,9999.000
202608051448,   2.328,9999.000,9999.000,9999.000,9999.000,9999.000,9999.000,9999.000,9999.000
202608051454,   2.428,9999.000,9999.000,9999.000,9999.000,9999.000,9999.000,9999.000,9999.000
202608051500,   2.528,9999.000,   0.300,   0.191,   3.019,   0.200,   2.919,   0.300,   3.019
202608051506,   2.628,9999.000,9999.000,9999.000,9999.000,9999.000,9999.000,9999.000,9999.000
202608051512,   2.728,9999.000,9999.000,9999.000,9999.000,9999.000,9999.000,9999.000,9999.000
202608051518,   2.827,9999.000,9999.000,9999.000,9999.000,9999.000,9999.000,9999.000,9999.000
202608051524,   2.926,9999.000,9999.000,9999.000,9999.000,9999.000,9999.000,9999.000,9999.000
202608051530,   3.024,9999.000,9999.000,9999.000,9999.000,9999.000,9999.000,9999.000,9999.000
202608051536,   3.121,9999.000,9999.000,9999.000,9999.000,9999.000,9999.000,9999.000,9999.000
202608051542,   3.217,9999.000,9999.000,9999.000,9999.000,9999.000,9999.000,9999.000,9999.000
202608051548,   3.311,9999.000,9999.000,9999.000,9999.000,9999.000,9999.000,9999.000,9999.000
202608051554,   3.404,9999.000,9999.000,9999.000,9999.000,9999.000,9999.000,9999.000,9999.000
202608051600,   3.495,9999.000,   0.300,   0.190,   3.985,   0.200,   3.885,   0.300,   3.985
202608051606,   3.583,9999.000,9999.000,9999.000,9999.000,9999.000,9999.000,9999.000,9999.000
202608051612,   3.670,9999.000,9999.000,9999.000,9999.000,9999.000,9999.000,9999.000,9999.000
202608051618,   3.753,9999.000,9999.000,9999.000,9999.000,9999.000,9999.000,9999.000,9999.000
202608051624,   3.834,9999.000,9999.000,9999.000,9999.000,9999.000,9999.000,9999.000,9999.000
202608051630,   3.912,9999.000,9999.000,9999.000,9999.000,9999.000,9999.000,9999.000,9999.000
202608051636,   3.986,9999.000,9999.000,9999.000,9999.000,9999.000,9999.000,9999.000,9999.000
202608051642,   4.057,9999.000,9999.000,9999.000,9999.000,9999.000,9999.000,9999.000,9999.000
202608051648,   4.124,9999.000,9999.000,9999.000,9999.000,9999.000,9999.000,9999.000,9999.000
202608051654,   4.187,9999.000,9999.000,9999.000,9999.000,9999.000,9999.000,9999.000,9999.000
202608051700,   4.245,9999.000,   0.200,   0.188,   4.633,   0.200,   4.633,   0.300,   4.733
202608051706,   4.300,9999.000,9999.000,9999.000,9999.000,9999.000,9999.000,9999.000,9999.000
202608051712,   4.350,9999.000,9999.000,9999.000,9999.000,9999.000,9999.000,9999.000,9999.000
202608051718,   4.396,9999.000,9999.000,9999.000,9999.000,9999.000,9999.000,9999.000,9999.000
202608051724,   4.436,9999.000,9999.000,9999.000,9999.000,9999.000,9999.000,9999.000,9999.000
202608051730,   4.473,9999.000,9999.000,9999.000,9999.000,9999.000,9999.000,9999.000,9999.000
202608051736,   4.504,9999.000,9999.000,9999.000,9999.000,9999.000,9999.000,9999.000,9999.000
202608051742,   4.531,9999.000,9999.000,9999.000,9999.000,9999.000,9999.000,9999.000,9999.000
202608051748,   4.553,9999.000,9999.000,9999.000,9999.000,9999.000,9999.000,9999.000,9999.000
202608051754,   4.570,9999.000,9999.000,9999.000,9999.000,9999.000,9999.000,9999.000,9999.000
202608051800,   4.583,9999.000,   0.200,   0.187,   4.970,   0.200,   4.970,   0.300,   5.070
202608051806,   4.590,9999.000,9999.000,9999.000,9999.000,9999.000,9999.000,9999.000,9999.000
202608051812,   4.593,9999.000,9999.000,9999.000,9999.000,9999.000,9999.000,9999.000,9999.000
202608051818,   4.591,9999.000,9999.000,9999.000,9999.000,9999.000,9999.000,9999.000,9999.000
202608051824,   4.585,9999.000,9999.000,9999.000,9999.000,9999.000,9999.000,9999.000,9999.000
202608051830,   4.574,9999.000,9999.000,9999.000,9999.000,9999.000,9999.000,9999.000,9999.000
202608051836,   4.558,9999.000,9999.000,9999.000,9999.000,9999.000,9999.000,9999.000,9999.000
202608051842,   4.538,9999.000,9999.000,9999.000,9999.000,9999.000,9999.000,9999.000,9999.000
202608051848,   4.514,9999.000,9999.000,9999.000,9999.000,9999.000,9999.000,9999.000,9999.000
202608051854,   4.485,9999.000,9999.000,9999.000,9999.000,9999.000,9999.000,9999.000,9999.000
202608051900,   4.452,9999.000,   0.300,   0.186,   4.938,   0.200,   4.838,   0.300,   4.938
202608051906,   4.414,9999.000,9999.000,9999.000,9999.000,9999.000,9999.000,9999.000,9999.000
202608051912,   4.373,9999.000,9999.000,9999.000,9999.000,9999.000,9999.000,9999.000,9999.000
202608051918,   4.327,9999.000,9999.000,9999.000,9999.000,9999.000,9999.000,9999.000,9999.000
202608051924,   4.278,9999.000,9999.000,9999.000,9999.000,9999.000,9999.000,9999.000,9999.000
202608051930,   4.225,9999.000,9999.000,9999.000,9999.000,9999.000,9999.000,9999.000,9999.000
202608051936,   4.168,9999.000,9999.000,9999.000,9999.000,9999.000,9999.000,9999.000,9999.000
202608051942,   4.107,9999.000,9999.000,9999.000,9999.000,9999.000,9999.000,9999.000,9999.000
202608051948,   4.043,9999.000,9999.000,9999.000,9999.000,9999.000,9999.000,9999.000,9999.000
202608051954,   3.976,9999.000,9999.000,9999.000,9999.000,9999.000,9999.000,9999.000,9999.000
202608052000,   3.906,9999.000,   0.300,   0.184,   4.390,   0.200,   4.290,   0.300,   4.390
202608052006,   3.833,9999.000,9999.000,9999.000,9999.000,9999.000,9999.000,9999.000,9999.000
202608052012,   3.757,9999.000,9999.000,9999.000,9999.000,9999.000,9999.000,9999.000,9999.000
202608052018,   3.678,9999.000,9999.000,9999.000,9999.000,9999.000,9999.000,9999.000,9999.000
202608052024,   3.597,9999.000,9999.000,9999.000,9999.000,9999.000,9999.000,9999.000,9999.000
202608052030,   3.514,9999.000,9999.000,9999.000,9999.000,9999.000,9999.000,9999.000,9999.000
202608052036,   3.428,9999.000,9999.000,9999.000,9999.000,9999.000,9999.000,9999.000,9999.000
202608052042,   3.341,9999.000,9999.000,9999.000,9999.000,9999.000,9999.000,9999.000,9999.000
202608052048,   3.253,9999.000,9999.000,9999.000,9999.000,9999.000,9999.000,9999.000,9999.000
202608052054,   3.163,9999.000,9999.000,9999.000,9999.000,9999.000,9999.000,9999.000,9999.000
202608052100,   3.071,9999.000,   0.300,   0.183,   3.554,   0.200,   3.454,   0.300,   3.554
202608052106,   2.979,9999.000,9999.000,9999.000,9999.000,9999.000,9999.000,9999.000,9999.000
202608052112,   2.886,9999.000,9999.000,9999.000,9999.000,9999.000,9999.000,9999.000,9999.000
202608052118,   2.793,9999.000,9999.000,9999.000,9999.000,9999.000,9999.000,9999.000,9999.000
202608052124,   2.699,9999.000,9999.000,9999.000,9999.000,9999.000,9999.000,9999.000,9999.000
202608052130,   2.605,9999.000,9999.000,9999.000,9999.000,9999.000,9999.000,9999.000,9999.000
202608052136,   2.511,9999.000,9999.000,9999.000,9999.000,9999.000,9999.000,9999.000,9999.000
202608052142,   2.417,9999.000,9999.000,9999.000,9999.000,9999.000,9999.000,9999.000,9999.000
202608052148,   2.324,9999.000,9999.000,9999.000,9999.000,9999.000,9999.000,9999.000,9999.000
202608052154,   2.231,9999.000,9999.000,9999.000,9999.000,9999.000,9999.000,9999.000,9999.000
202608052200,   2.139,9999.000,   0.300,   0.182,   2.621,   0.200,   2.521,   0.300,   2.621
202608052206,   2.048,9999.000,9999.000,9999.000,9999.000,9999.000,9999.000,9999.000,9999.000
202608052212,   1.958,9999.000,9999.000,9999.000,9999.000,9999.000,9999.000,9999.000,9999.000
202608052218,   1.870,9999.000,9999.000,9999.000,9999.000,9999.000,9999.000,9999.000,9999.000
202608052224,   1.784,9999.000,9999.000,9999.000,9999.000,9999.000,9999.000,9999.000,9999.000
202608052230,   1.699,9999.000,9999.000,9999.000,9999.000,9999.000,9999.000,9999.000,9999.000
202608052236,   1.616,9999.000,9999.000,9999.000,9999.000,9999.000,9999.000,9999.000,9999.000
202608052242,   1.535,9999.000,9999.000,9999.000,9999.000,9999.000,9999.000,9999.000,9999.000
202608052248,   1.457,9999.000,9999.000,9999.000,9999.000,9999.000,9999.000,9999.000,9999.000
202608052254,   1.382,9999.000,9999.000,9999.000,9999.000,9999.000,9999.000,9999.000,9999.000
202608052300,   1.310,9999.000,   0.300,   0.180,   1.790,   0.200,   1.690,   0.300,   1.790
202608052306,   1.241,9999.000,9999.000,9999.000,9999.000,9999.000,9999.000,9999.000,9999.000
202608052312,   1.175,9999.000,9999.000,9999.000,9999.000,9999.000,9999.000,9999.000,9999.000
202608052318,   1.113,9999.000,9999.000,9999.000,9999.000,9999.000,9999.000,9999.000,9999.000
202608052324,   1.055,9999.000,9999.000,9999.000,9999.000,9999.000,9999.000,9999.000,9999.000
202608052330,   1.001,9999.000,9999.000,9999.000,9999.000,9999.000,9999.000,9999.000,9999.000
202608052336,   0.952,9999.000,9999.000,9999.000,9999.000,9999.000,9999.000,9999.000,9999.000
202608052342,   0.907,9999.000,9999.000,9999.000,9999.000,9999.000,9999.000,9999.000,9999.000
202608052348,   0.867,9999.000,9999.000,9999.000,9999.000,9999.000,9999.000,9999.000,9999.000
202608052354,   0.831,9999.000,9999.000,9999.000,9999.000,9999.000,9999.000,9999.000,9999.000
202608060000,   0.801,9999.000,   0.300,   0.180,   1.281,   0.200,   1.181,   0.300,   1.281
202608060006,   0.776,9999.000,9999.000,9999.000,9999.000,9999.000,9999.000,9999.000,9999.000
202608060012,   0.756,9999.000,9999.000,9999.000,9999.000,9999.000,9999.000,9999.000,9999.000
202608060018,   0.742,9999.000,9999.000,9999.000,9999.000,9999.000,9999.000,9999.000,9999.000
202608060024,   0.733,9999.000,9999.000,9999.000,9999.000,9999.000,9999.000,9999.000,9999.000
202608060030,   0.729,9999.000,9999.000,9999.000,9999.000,9999.000,9999.000,9999.000,9999.000
202608060036,   0.730,9999.000,9999.000,9999.000,9999.000,9999.000,9999.000,9999.000,9999.000
202608060042,   0.737,9999.000,9999.000,9999.000,9999.000,9999.000,9999.000,9999.000,9999.000
202608060048,   0.749,9999.000,9999.000,9999.000,9999.000,9999.000,9999.000,9999.000,9999.000
202608060054,   0.765,9999.000,9999.000,9999.000,9999.000,9999.000,9999.000,9999.000,9999.000
202608060100,   0.786,9999.000,   0.200,   0.180,   1.166,   0.200,   1.166,   0.300,   1.266
202608060106,   0.812,9999.000,9999.000,9999.000,9999.000,9999.000,9999.000,9999.000,9999.000
202608060112,   0.843,9999.000,9999.000,9999.000,9999.000,9999.000,9999.000,9999.000,9999.000
202608060118,   0.877,9999.000,9999.000,9999.000,9999.000,9999.000,9999.000,9999.000,9999.000
202608060124,   0.916,9999.000,9999.000,9999.000,9999.000,9999.000,9999.000,9999.000,9999.000
202608060130,   0.958,9999.000,9999.000,9999.000,9999.000,9999.000,9999.000,9999.000,9999.000
202608060136,   1.003,9999.000,9999.000,9999.000,9999.000,9999.000,9999.000,9999.000,9999.000
202608060142,   1.052,9999.000,9999.000,9999.000,9999.000,9999.000,9999.000,9999.000,9999.000
202608060148,   1.104,9999.000,9999.000,9999.000,9999.000,9999.000,9999.000,9999.000,9999.000
202608060154,   1.158,9999.000,9999.000,9999.000,9999.000,9999.000,9999.000,9999.000,9999.000
202608060200,   1.215,9999.000,   0.200,   0.180,   1.595,   0.200,   1.595,   0.300,   1.695
202608060206,   1.275,9999.000,9999.000,9999.000,9999.000,9999.000,9999.000,9999.000,9999.000
202608060212,   1.336,9999.000,9999.000,9999.000,9999.000,9999.000,9999.000,9999.000,9999.000
202608060218,   1.399,9999.000,9999.000,9999.000,9999.000,9999.000,9999.000,9999.000,9999.000
202608060224,   1.464,9999.000,9999.000,9999.000,9999.000,9999.000,9999.000,9999.000,9999.000
202608060230,   1.531,9999.000,9999.000,9999.000,9999.000,9999.000,9999.000,9999.000,9999.000
202608060236,   1.599,9999.000,9999.000,9999.000,9999.000,9999.000,9999.000,9999.000,9999.000
202608060242,   1.668,9999.000,9999.000,9999.000,9999.000,9999.000,9999.000,9999.000,9999.000
202608060248,   1.739,9999.000,9999.000,9999.000,9999.000,9999.000,9999.000,9999.000,9999.000
202608060254,   1.810,9999.000,9999.000,9999.000,9999.000,9999.000,9999.000,9999.000,9999.000
202608060300,   1.882,9999.000,   0.200,   0.180,   2.262,   0.100,   2.162,   0.300,   2.362
202608060306,   1.956,9999.000,9999.000,9999.000,9999.000,9999.000,9999.000,9999.000,9999.000
202608060312,   2.030,9999.000,9999.000,9999.000,9999.000,9999.000,9999.000,9999.000,9999.000
202608060318,   2.104,9999.000,9999.000,9999.000,9999.000,9999.000,9999.000,9999.000,9999.000
202608060324,   2.180,9999.000,9999.000,9999.000,9999.000,9999.000,9999.000,9999.000,9999.000
202608060330,   2.255,9999.000,9999.000,9999.000,9999.000,9999.000,9999.000,9999.000,9999.000
202608060336,   2.331,9999.000,9999.000,9999.000,9999.000,9999.000,9999.000,9999.000,9999.000
202608060342,   2.407,9999.000,9999.000,9999.000,9999.000,9999.000,9999.000,9999.000,9999.000
202608060348,   2.482,9999.000,9999.000,9999.000,9999.000,9999.000,9999.000,9999.000,9999.000
202608060354,   2.558,9999.000,9999.000,9999.000,9999.000,9999.000,9999.000,9999.000,9999.000
202608060400,   2.633,9999.000,   0.200,   0.180,   3.013,   0.100,   2.913,   0.200,   3.013
202608060406,   2.707,9999.000,9999.000,9999.000,9999.000,9999.000,9999.000,9999.000,9999.000
202608060412,   2.781,9999.000,9999.000,9999.000,9999.000,9999.000,9999.000,9999.000,9999.000
202608060418,   2.853,9999.000,9999.000,9999.000,9999.000,9999.000,9999.000,9999.000,9999.000
202608060424,   2.924,9999.000,9999.000,9999.000,9999.000,9999.000,9999.000,9999.000,9999.000
202608060430,   2.994,9999.000,9999.000,9999.000,9999.000,9999.000,9999.000,9999.000,9999.000
202608060436,   3.062,9999.000,9999.000,9999.000,9999.000,9999.000,9999.000,9999.000,9999.000
202608060442,   3.128,9999.000,9999.000,9999.000,9999.000,9999.000,9999.000,9999.000,9999.000
202608060448,   3.191,9999.000,9999.000,9999.000,9999.000,9999.000,9999.000,9999.000,9999.000
202608060454,   3.252,9999.000,9999.000,9999.000,9999.000,9999.000,9999.000,9999.000,9999.000
202608060500,   3.311,9999.000,   0.100,   0.180,   3.591,   0.100,   3.591,   0.200,   3.691
202608060506,   3.366,9999.000,9999.000,9999.000,9999.000,9999.000,9999.000,9999.000,9999.000
202608060512,   3.419,9999.000,9999.000,9999.000,9999.000,9999.000,9999.000,9999.000,9999.000
202608060518,   3.468,9999.000,9999.000,9999.000,9999.000,9999.000,9999.000,9999.000,9999.000
202608060524,   3.513,9999.000,9999.000,9999.000,9999.000,9999.000,9999.000,9999.000,9999.000
202608060530,   3.555,9999.000,9999.000,9999.000,9999.000,9999.000,9999.000,9999.000,9999.000
202608060536,   3.594,9999.000,9999.000,9999.000,9999.000,9999.000,9999.000,9999.000,9999.000
202608060542,   3.628,9999.000,9999.000,9999.000,9999.000,9999.000,9999.000,9999.000,9999.000
202608060548,   3.659,9999.000,9999.000,9999.000,9999.000,9999.000,9999.000,9999.000,9999.000
202608060554,   3.685,9999.000,9999.000,9999.000,9999.000,9999.000,9999.000,9999.000,9999.000
202608060600,   3.708,9999.000,   0.100,   0.180,   3.988,   0.100,   3.988,   0.200,   4.088
202608060606,   3.726,9999.000,9999.000,9999.000,9999.000,9999.000,9999.000,9999.000,9999.000
202608060612,   3.741,9999.000,9999.000,9999.000,9999.000,9999.000,9999.000,9999.000,9999.000
202608060618,   3.751,9999.000,9999.000,9999.000,9999.000,9999.000,9999.000,9999.000,9999.000
202608060624,   3.757,9999.000,9999.000,9999.000,9999.000,9999.000,9999.000,9999.000,9999.000
202608060630,   3.759,9999.000,9999.000,9999.000,9999.000,9999.000,9999.000,9999.000,9999.000
202608060636,   3.757,9999.000,9999.000,9999.000,9999.000,9999.000,9999.000,9999.000,9999.000
202608060642,   3.751,9999.000,9999.000,9999.000,9999.000,9999.000,9999.000,9999.000,9999.000
202608060648,   3.741,9999.000,9999.000,9999.000,9999.000,9999.000,9999.000,9999.000,9999.000
202608060654,   3.728,9999.000,9999.000,9999.000,9999.000,9999.000,9999.000,9999.000,9999.000
202608060700,   3.710,9999.000,   0.100,   0.180,   3.990,   0.100,   3.990,   0.200,   4.090
202608060706,   3.688,9999.000,9999.000,9999.000,9999.000,9999.000,9999.000,9999.000,9999.000
202608060712,   3.663,9999.000,9999.000,9999.000,9999.000,9999.000,9999.000,9999.000,9999.000
202608060718,   3.633,9999.000,9999.000,9999.000,9999.000,9999.000,9999.000,9999.000,9999.000
202608060724,   3.601,9999.000,9999.000,9999.000,9999.000,9999.000,9999.000,9999.000,9999.000
202608060730,   3.564,9999.000,9999.000,9999.000,9999.000,9999.000,9999.000,9999.000,9999.000
202608060736,   3.524,9999.000,9999.000,9999.000,9999.000,9999.000,9999.000,9999.000,9999.000
202608060742,   3.480,9999.000,9999.000,9999.000,9999.000,9999.000,9999.000,9999.000,9999.000
202608060748,   3.433,9999.000,9999.000,9999.000,9999.000,9999.000,9999.000,9999.000,9999.000
202608060754,   3.383,9999.000,9999.000,9999.000,9999.000,9999.000,9999.000,9999.000,9999.000
202608060800,   3.329,9999.000,   0.100,   0.180,   3.609,   0.000,   3.509,   0.200,   3.709
202608060806,   3.273,9999.000,9999.000,9999.000,9999.000,9999.000,9999.000,9999.000,9999.000
202608060812,   3.213,9999.000,9999.000,9999.000,9999.000,9999.000,9999.000,9999.000,9999.000
202608060818,   3.150,9999.000,9999.000,9999.000,9999.000,9999.000,9999.000,9999.000,9999.000
202608060824,   3.085,9999.000,9999.000,9999.000,9999.000,9999.000,9999.000,9999.000,9999.000
202608060830,   3.016,9999.000,9999.000,9999.000,9999.000,9999.000,9999.000,9999.000,9999.000
202608060836,   2.946,9999.000,9999.000,9999.000,9999.000,9999.000,9999.000,9999.000,9999.000
202608060842,   2.873,9999.000,9999.000,9999.000,9999.000,9999.000,9999.000,9999.000,9999.000
202608060848,   2.797,9999.000,9999.000,9999.000,9999.000,9999.000,9999.000,9999.000,9999.000
202608060854,   2.720,9999.000,9999.000,9999.000,9999.000,9999.000,9999.000,9999.000,9999.000
202608060900,   2.641,9999.000,   0.100,   0.180,   2.921,   0.000,   2.821,   0.200,   3.021
202608060906,   2.560,9999.000,9999.000,9999.000,9999.000,9999.000,9999.000,9999.000,9999.000
202608060912,   2.478,9999.000,9999.000,9999.000,9999.000,9999.000,9999.000,9999.000,9999.000
202608060918,   2.395,9999.000,9999.000,9999.000,9999.000,9999.000,9999.000,9999.000,9999.000
202608060924,   2.310,9999.000,9999.000,9999.000,9999.000,9999.000,9999.000,9999.000,9999.000
202608060930,   2.225,9999.000,9999.000,9999.000,9999.000,9999.000,9999.000,9999.000,9999.000
202608060936,   2.139,9999.000,9999.000,9999.000,9999.000,9999.000,9999.000,9999.000,9999.000
202608060942,   2.052,9999.000,9999.000,9999.000,9999.000,9999.000,9999.000,9999.000,9999.000
202608060948,   1.966,9999.000,9999.000,9999.000,9999.000,9999.000,9999.000,9999.000,9999.000
202608060954,   1.879,9999.000,9999.000,9999.000,9999.000,9999.000,9999.000,9999.000,9999.000
202608061000,   1.793,9999.000,   0.100,   0.180,   2.073,   0.000,   1.973,   0.200,   2.173
202608061006,   1.706,9999.000,9999.000,9999.000,9999.000,9999.000,9999.000,9999.000,9999.000
202608061012,   1.621,9999.000,9999.000,9999.000,9999.000,9999.000,9999.000,9999.000,9999.000
202608061018,   1.536,9999.000,9999.000,9999.000,9999.000,9999.000,9999.000,9999.000,9999.000
202608061024,   1.452,9999.000,9999.000,9999.000,9999.000,9999.000,9999.000,9999.000,9999.000
202608061030,   1.370,9999.000,9999.000,9999.000,9999.000,9999.000,9999.000,9999.000,9999.000
202608061036,   1.289,9999.000,9999.000,9999.000,9999.000,9999.000,9999.000,9999.000,9999.000
202608061042,   1.209,9999.000,9999.000,9999.000,9999.000,9999.000,9999.000,9999.000,9999.000
202608061048,   1.132,9999.000,9999.000,9999.000,9999.000,9999.000,9999.000,9999.000,9999.000
202608061054,   1.056,9999.000,9999.000,9999.000,9999.000,9999.000,9999.000,9999.000,9999.000
202608061100,   0.983,9999.000,   0.100,   0.180,   1.263,   0.000,   1.163,   0.200,   1.363
202608061106,   0.913,9999.000,9999.000,9999.000,9999.000,9999.000,9999.000,9999.000,9999.000
202608061112,   0.845,9999.000,9999.000,9999.000,9999.000,9999.000,9999.000,9999.000,9999.000
202608061118,   0.781,9999.000,9999.000,9999.000,9999.000,9999.000,9999.000,9999.000,9999.000
202608061124,   0.719,9999.000,9999.000,9999.000,9999.000,9999.000,9999.000,9999.000,9999.000
202608061130,   0.662,9999.000,9999.000,9999.000,9999.000,9999.000,9999.000,9999.000,9999.000
202608061136,   0.608,9999.000,9999.000,9999.000,9999.000,9999.000,9999.000,9999.000,9999.000
202608061142,   0.558,9999.000,9999.000,9999.000,9999.000,9999.000,9999.000,9999.000,9999.000
202608061148,   0.513,9999.000,9999.000,9999.000,9999.000,9999.000,9999.000,9999.000,9999.000
202608061154,   0.472,9999.000,9999.000,9999.000,9999.000,9999.000,9999.000,9999.000,9999.000
202608061200,   0.436,9999.000,   0.100,   0.180,   0.716,   0.000,   0.616,   0.200,   0.816
202608061206,   0.406,9999.000,9999.000,9999.000,9999.000,9999.000,9999.000,9999.000,9999.000
202608061212,   0.380,9999.000,9999.000,9999.000,9999.000,9999.000,9999.000,9999.000,9999.000
202608061218,   0.360,9999.000,9999.000,9999.000,9999.000,9999.000,9999.000,9999.000,9999.000
202608061224,   0.345,9999.000,9999.000,9999.000,9999.000,9999.000,9999.000,9999.000,9999.000
202608061230,   0.336,9999.000,9999.000,9999.000,9999.000,9999.000,9999.000,9999.000,9999.000
202608061236,   0.332,9999.000,9999.000,9999.000,9999.000,9999.000,9999.000,9999.000,9999.000
202608061242,   0.335,9999.000,9999.000,9999.000,9999.000,9999.000,9999.000,9999.000,9999.000
202608061248,   0.343,9999.000,9999.000,9999.000,9999.000,9999.000,9999.000,9999.000,9999.000
202608061254,   0.357,9999.000,9999.000,9999.000,9999.000,9999.000,9999.000,9999.000,9999.000
202608061300,   0.377,9999.000,   0.100,   0.180,   0.657,   0.000,   0.557,   0.200,   0.757
202608061306,   0.402,9999.000,9999.000,9999.000,9999.000,9999.000,9999.000,9999.000,9999.000
202608061312,   0.433,9999.000,9999.000,9999.000,9999.000,9999.000,9999.000,9999.000,9999.000
202608061318,   0.470,9999.000,9999.000,9999.000,9999.000,9999.000,9999.000,9999.000,9999.000
202608061324,   0.512,9999.000,9999.000,9999.000,9999.000,9999.000,9999.000,9999.000,9999.000
202608061330,   0.558,9999.000,9999.000,9999.000,9999.000,9999.000,9999.000,9999.000,9999.000
202608061336,   0.610,9999.000,9999.000,9999.000,9999.000,9999.000,9999.000,9999.000,9999.000
202608061342,   0.666,9999.000,9999.000,9999.000,9999.000,9999.000,9999.000,9999.000,9999.000
202608061348,   0.726,9999.000,9999.000,9999.000,9999.000,9999.000,9999.000,9999.000,9999.000
202608061354,   0.791,9999.000,9999.000,9999.000,9999.000,9999.000,9999.000,9999.000,9999.000
202608061400,   0.860,9999.000,   0.100,   0.180,   1.140,   0.000,   1.040,   0.200,   1.240
202608061406,   0.932,9999.000,9999.000,9999.000,9999.000,9999.000,9999.000,9999.000,9999.000
202608061412,   1.007,9999.000,9999.000,9999.000,9999.000,9999.000,9999.000,9999.000,9999.000
202608061418,   1.085,9999.000,9999.000,9999.000,9999.000,9999.000,9999.000,9999.000,9999.000
202608061424,   1.167,9999.000,9999.000,9999.000,9999.000,9999.000,9999.000,9999.000,9999.000
202608061430,   1.250,9999.000,9999.000,9999.000,9999.000,9999.000,9999.000,9999.000,9999.000
202608061436,   1.336,9999.000,9999.000,9999.000,9999.000,9999.000,9999.000,9999.000,9999.000
202608061442,   1.425,9999.000,9999.000,9999.000,9999.000,9999.000,9999.000,9999.000,9999.000
202608061448,   1.515,9999.000,9999.000,9999.000,9999.000,9999.000,9999.000,9999.000,9999.000
202608061454,   1.607,9999.000,9999.000,9999.000,9999.000,9999.000,9999.000,9999.000,9999.000
202608061500,   1.700,9999.000,   0.100,   0.180,   1.980,   0.000,   1.880,   0.200,   2.080
202608061506,   1.795,9999.000,9999.000,9999.000,9999.000,9999.000,9999.000,9999.000,9999.000
202608061512,   1.892,9999.000,9999.000,9999.000,9999.000,9999.000,9999.000,9999.000,9999.000
202608061518,   1.989,9999.000,9999.000,9999.000,9999.000,9999.000,9999.000,9999.000,9999.000
202608061524,   2.087,9999.000,9999.000,9999.000,9999.000,9999.000,9999.000,9999.000,9999.000
202608061530,   2.186,9999.000,9999.000,9999.000,9999.000,9999.000,9999.000,9999.000,9999.000
202608061536,   2.286,9999.000,9999.000,9999.000,9999.000,9999.000,9999.000,9999.000,9999.000
202608061542,   2.386,9999.000,9999.000,9999.000,9999.000,9999.000,9999.000,9999.000,9999.000
202608061548,   2.487,9999.000,9999.000,9999.000,9999.000,9999.000,9999.000,9999.000,9999.000
202608061554,   2.587,9999.000,9999.000,9999.000,9999.000,9999.000,9999.000,9999.000,9999.000
202608061600,   2.688,9999.000,   0.100,   0.180,   2.968,   0.000,   2.868,   0.200,   3.068
202608061606,   2.789,9999.000,9999.000,9999.000,9999.000,9999.000,9999.000,9999.000,9999.000
202608061612,   2.889,9999.000,9999.000,9999.000,9999.000,9999.000,9999.000,9999.000,9999.000
202608061618,   2.989,9999.000,9999.000,9999.000,9999.000,9999.000,9999.000,9999.000,9999.000
202608061624,   3.088,9999.000,9999.000,9999.000,9999.000,9999.000,9999.000,9999.000,9999.000
202608061630,   3.187,9999.000,9999.000,9999.000,9999.000,9999.000,9999.000,9999.000,9999.000
202608061636,   3.284,9999.000,9999.000,9999.000,9999.000,9999.000,9999.000,9999.000,9999.000
202608061642,   3.379,9999.000,9999.000,9999.000,9999.000,9999.000,9999.000,9999.000,9999.000
202608061648,   3.473,9999.000,9999.000,9999.000,9999.000,9999.000,9999.000,9999.000,9999.000
202608061654,   3.565,9999.000,9999.000,9999.000,9999.000,9999.000,9999.000,9999.000,9999.000
202608061700,   3.654,9999.000,   0.100,   0.180,   3.934,   0.000,   3.834,   0.200,   4.034
202608061706,   3.742,9999.000,9999.000,9999.000,9999.000,9999.000,9999.000,9999.000,9999.000
202608061712,   3.826,9999.000,9999.000,9999.000,9999.000,9999.000,9999.000,9999.000,9999.000
202608061718,   3.907,9999.000,9999.000,9999.000,9999.000,9999.000,9999.000,9999.000,9999.000
202608061724,   3.986,9999.000,9999.000,9999.000,9999.000,9999.000,9999.000,9999.000,9999.000
202608061730,   4.061,9999.000,9999.000,9999.000,9999.000,9999.000,9999.000,9999.000,9999.000
202608061736,   4.132,9999.000,9999.000,9999.000,9999.000,9999.000,9999.000,9999.000,9999.000
202608061742,   4.199,9999.000,9999.000,9999.000,9999.000,9999.000,9999.000,9999.000,9999.000
202608061748,   4.263,9999.000,9999.000,9999.000,9999.000,9999.000,9999.000,9999.000,9999.000
202608061754,   4.322,9999.000,9999.000,9999.000,9999.000,9999.000,9999.000,9999.000,9999.000
202608061800,   4.378,9999.000,   0.100,   0.180,   4.658,   0.000,   4.558,   0.200,   4.758
202608061806,   4.428,9999.000,9999.000,9999.000,9999.000,9999.000,9999.000,9999.000,9999.000
202608061812,   4.475,9999.000,9999.000,9999.000,9999.000,9999.000,9999.000,9999.000,9999.000
202608061818,   4.517,9999.000,9999.000,9999.000,9999.000,9999.000,9999.000,9999.000,9999.000
202608061824,   4.554,9999.000,9999.000,9999.000,9999.000,9999.000,9999.000,9999.000,9999.000
202608061830,   4.587,9999.000,9999.000,9999.000,9999.000,9999.000,9999.000,9999.000,9999.000
202608061836,   4.616,9999.000,9999.000,9999.000,9999.000,9999.000,9999.000,9999.000,9999.000
202608061842,   4.639,9999.000,9999.000,9999.000,9999.000,9999.000,9999.000,9999.000,9999.000
202608061848,   4.659,9999.000,9999.000,9999.000,9999.000,9999.000,9999.000,9999.000,9999.000
202608061854,   4.673,9999.000,9999.000,9999.000,9999.000,9999.000,9999.000,9999.000,9999.000
202608061900,   4.684,9999.000,   0.100,   0.180,   4.964,   0.000,   4.864,   0.200,   5.064
202608061906,   4.689,9999.000,9999.000,9999.000,9999.000,9999.000,9999.000,9999.000,9999.000
202608061912,   4.691,9999.000,9999.000,9999.000,9999.000,9999.000,9999.000,9999.000,9999.000
202608061918,   4.688,9999.000,9999.000,9999.000,9999.000,9999.000,9999.000,9999.000,9999.000
202608061924,   4.680,9999.000,9999.000,9999.000,9999.000,9999.000,9999.000,9999.000,9999.000
202608061930,   4.669,9999.000,9999.000,9999.000,9999.000,9999.000,9999.000,9999.000,9999.000
202608061936,   4.653,9999.000,9999.000,9999.000,9999.000,9999.000,9999.000,9999.000,9999.000
202608061942,   4.633,9999.000,9999.000,9999.000,9999.000,9999.000,9999.000,9999.000,9999.000
202608061948,   4.609,9999.000,9999.000,9999.000,9999.000,9999.000,9999.000,9999.000,9999.000
202608061954,   4.580,9999.000,9999.000,9999.000,9999.000,9999.000,9999.000,9999.000,9999.000
202608062000,   4.548,9999.000,   0.100,   0.180,   4.828,   0.100,   4.828,   0.200,   4.928
202608062006,   4.512,9999.000,9999.000,9999.000,9999.000,9999.000,9999.000,9999.000,9999.000
202608062012,   4.472,9999.000,9999.000,9999.000,9999.000,9999.000,9999.000,9999.000,9999.000
202608062018,   4.428,9999.000,9999.000,9999.000,9999.000,9999.000,9999.000,9999.000,9999.000
202608062024,   4.380,9999.000,9999.000,9999.000,9999.000,9999.000,9999.000,9999.000,9999.000
202608062030,   4.329,9999.000,9999.000,9999.000,9999.000,9999.000,9999.000,9999.000,9999.000
202608062036,   4.274,9999.000,9999.000,9999.000,9999.000,9999.000,9999.000,9999.000,9999.000
202608062042,   4.215,9999.000,9999.000,9999.000,9999.000,9999.000,9999.000,9999.000,9999.000
202608062048,   4.153,9999.000,9999.000,9999.000,9999.000,9999.000,9999.000,9999.000,9999.000
202608062054,   4.088,9999.000,9999.000,9999.000,9999.000,9999.000,9999.000,9999.000,9999.000
202608062100,   4.020,9999.000,   0.100,   0.180,   4.300,   0.000,   4.200,   0.200,   4.400
202608062106,   3.948,9999.000,9999.000,9999.000,9999.000,9999.000,9999.000,9999.000,9999.000
202608062112,   3.874,9999.000,9999.000,9999.000,9999.000,9999.000,9999.000,9999.000,9999.000
202608062118,   3.797,9999.000,9999.000,9999.000,9999.000,9999.000,9999.000,9999.000,9999.000
202608062124,   3.718,9999.000,9999.000,9999.000,9999.000,9999.000,9999.000,9999.000,9999.000
202608062130,   3.636,9999.000,9999.000,9999.000,9999.000,9999.000,9999.000,9999.000,9999.000
202608062136,   3.552,9999.000,9999.000,9999.000,9999.000,9999.000,9999.000,9999.000,9999.000
202608062142,   3.466,9999.000,9999.000,9999.000,9999.000,9999.000,9999.000,9999.000,9999.000
202608062148,   3.378,9999.000,9999.000,9999.000,9999.000,9999.000,9999.000,9999.000,9999.000
202608062154,   3.289,9999.000,9999.000,9999.000,9999.000,9999.000,9999.000,9999.000,9999.000
202608062200,   3.198,9999.000,   0.100,   0.180,   3.478,   0.000,   3.378,   0.200,   3.578
202608062206,   3.106,9999.000,9999.000,9999.000,9999.000,9999.000,9999.000,9999.000,9999.000
202608062212,   3.012,9999.000,9999.000,9999.000,9999.000,9999.000,9999.000,9999.000,9999.000
202608062218,   2.918,9999.000,9999.000,9999.000,9999.000,9999.000,9999.000,9999.000,9999.000
202608062224,   2.824,9999.000,9999.000,9999.000,9999.000,9999.000,9999.000,9999.000,9999.000
202608062230,   2.729,9999.000,9999.000,9999.000,9999.000,9999.000,9999.000,9999.000,9999.000
202608062236,   2.634,9999.000,9999.000,9999.000,9999.000,9999.000,9999.000,9999.000,9999.000
202608062242,   2.538,9999.000,9999.000,9999.000,9999.000,9999.000,9999.000,9999.000,9999.000
202608062248,   2.443,9999.000,9999.000,9999.000,9999.000,9999.000,9999.000,9999.000,9999.000
202608062254,   2.348,9999.000,9999.000,9999.000,9999.000,9999.000,9999.000,9999.000,9999.000
202608062300,   2.254,9999.000,   0.100,   0.180,   2.534,   0.000,   2.434,   0.200,   2.634
202608062306,   2.161,9999.000,9999.000,9999.000,9999.000,9999.000,9999.000,9999.000,9999.000
202608062312,   2.068,9999.000,9999.000,9999.000,9999.000,9999.000,9999.000,9999.000,9999.000
202608062318,   1.977,9999.000,9999.000,9999.000,9999.000,9999.000,9999.000,9999.000,9999.000
202608062324,   1.888,9999.000,9999.000,9999.000,9999.000,9999.000,9999.000,9999.000,9999.000
202608062330,   1.800,9999.000,9999.000,9999.000,9999.000,9999.000,9999.000,9999.000,9999.000
202608062336,   1.714,9999.000,9999.000,9999.000,9999.000,9999.000,9999.000,9999.000,9999.000
202608062342,   1.631,9999.000,9999.000,9999.000,9999.000,9999.000,9999.000,9999.000,9999.000
202608062348,   1.549,9999.000,9999.000,9999.000,9999.000,9999.000,9999.000,9999.000,9999.000
202608062354,   1.471,9999.000,9999.000,9999.000,9999.000,9999.000,9999.000,9999.000,9999.000
202608070000,   1.396,9999.000,   0.100,   0.180,   1.676,   0.000,   1.576,   0.200,   1.776
202608070006,   1.324,9999.000,9999.000,9999.000,9999.000,9999.000,9999.000,9999.000,9999.000
202608070012,   1.255,9999.000,9999.000,9999.000,9999.000,9999.000,9999.000,9999.000,9999.000
202608070018,   1.190,9999.000,9999.000,9999.000,9999.000,9999.000,9999.000,9999.000,9999.000
202608070024,   1.129,9999.000,9999.000,9999.000,9999.000,9999.000,9999.000,9999.000,9999.000
202608070030,   1.073,9999.000,9999.000,9999.000,9999.000,9999.000,9999.000,9999.000,9999.000
202608070036,   1.021,9999.000,9999.000,9999.000,9999.000,9999.000,9999.000,9999.000,9999.000
202608070042,   0.973,9999.000,9999.000,9999.000,9999.000,9999.000,9999.000,9999.000,9999.000
202608070048,   0.930,9999.000,9999.000,9999.000,9999.000,9999.000,9999.000,9999.000,9999.000
202608070054,   0.892,9999.000,9999.000,9999.000,9999.000,9999.000,9999.000,9999.000,9999.000
202608070100,   0.859,9999.000,   0.100,   0.180,   1.139,   0.000,   1.039,   0.200,   1.239
202608070106,   0.832,9999.000,9999.000,9999.000,9999.000,9999.000,9999.000,9999.000,9999.000
202608070112,   0.809,9999.000,9999.000,9999.000,9999.000,9999.000,9999.000,9999.000,9999.000
202608070118,   0.791,9999.000,9999.000,9999.000,9999.000,9999.000,9999.000,9999.000,9999.000
202608070124,   0.779,9999.000,9999.000,9999.000,9999.000,9999.000,9999.000,9999.000,9999.000
202608070130,   0.772,9999.000,9999.000,9999.000,9999.000,9999.000,9999.000,9999.000,9999.000
202608070136,   0.769,9999.000,9999.000,9999.000,9999.000,9999.000,9999.000,9999.000,9999.000
202608070142,   0.772,9999.000,9999.000,9999.000,9999.000,9999.000,9999.000,9999.000,9999.000
202608070148,   0.780,9999.000,9999.000,9999.000,9999.000,9999.000,9999.000,9999.000,9999.000
202608070154,   0.792,9999.000,9999.000,9999.000,9999.000,9999.000,9999.000,9999.000,9999.000
202608070200,   0.808,9999.000,   0.000,   0.180,   0.988,   0.000,   0.988,   0.200,   1.188
202608070206,   0.829,9999.000,9999.000,9999.000,9999.000,9999.000,9999.000,9999.000,9999.000
202608070212,   0.854,9999.000,9999.000,9999.000,9999.000,9999.000,9999.000,9999.000,9999.000
202608070218,   0.883,9999.000,9999.000,9999.000,9999.000,9999.000,9999.000,9999.000,9999.000
202608070224,   0.916,9999.000,9999.000,9999.000,9999.000,9999.000,9999.000,9999.000,9999.000
202608070230,   0.952,9999.000,9999.000,9999.000,9999.000,9999.000,9999.000,9999.000,9999.000
202608070236,   0.991,9999.000,9999.000,9999.000,9999.000,9999.000,9999.000,9999.000,9999.000
202608070242,   1.033,9999.000,9999.000,9999.000,9999.000,9999.000,9999.000,9999.000,9999.000
202608070248,   1.079,9999.000,9999.000,9999.000,9999.000,9999.000,9999.000,9999.000,9999.000
202608070254,   1.126,9999.000,9999.000,9999.000,9999.000,9999.000,9999.000,9999.000,9999.000
202608070300,   1.177,9999.000,   0.000,   0.180,   1.357,   0.000,   1.357,   0.100,   1.457
202608070306,   1.229,9999.000,9999.000,9999.000,9999.000,9999.000,9999.000,9999.000,9999.000
202608070312,   1.284,9999.000,9999.000,9999.000,9999.000,9999.000,9999.000,9999.000,9999.000
202608070318,   1.341,9999.000,9999.000,9999.000,9999.000,9999.000,9999.000,9999.000,9999.000
202608070324,   1.399,9999.000,9999.000,9999.000,9999.000,9999.000,9999.000,9999.000,9999.000
202608070330,   1.459,9999.000,9999.000,9999.000,9999.000,9999.000,9999.000,9999.000,9999.000
202608070336,   1.521,9999.000,9999.000,9999.000,9999.000,9999.000,9999.000,9999.000,9999.000
202608070342,   1.585,9999.000,9999.000,9999.000,9999.000,9999.000,9999.000,9999.000,9999.000
202608070348,   1.650,9999.000,9999.000,9999.000,9999.000,9999.000,9999.000,9999.000,9999.000
202608070354,   1.716,9999.000,9999.000,9999.000,9999.000,9999.000,9999.000,9999.000,9999.000
202608070400,   1.783,9999.000,   0.000,   0.180,   1.963,   0.000,   1.963,   0.100,   2.063
202608070406,   1.851,9999.000,9999.000,9999.000,9999.000,9999.000,9999.000,9999.000,9999.000
202608070412,   1.921,9999.000,9999.000,9999.000,9999.000,9999.000,9999.000,9999.000,9999.000
202608070418,   1.991,9999.000,9999.000,9999.000,9999.000,9999.000,9999.000,9999.000,9999.000
202608070424,   2.062,9999.000,9999.000,9999.000,9999.000,9999.000,9999.000,9999.000,9999.000
202608070430,   2.133,9999.000,9999.000,9999.000,9999.000,9999.000,9999.000,9999.000,9999.000
202608070436,   2.205,9999.000,9999.000,9999.000,9999.000,9999.000,9999.000,9999.000,9999.000
202608070442,   2.277,9999.000,9999.000,9999.000,9999.000,9999.000,9999.000,9999.000,9999.000
202608070448,   2.348,9999.000,9999.000,9999.000,9999.000,9999.000,9999.000,9999.000,9999.000
202608070454,   2.420,9999.000,9999.000,9999.000,9999.000,9999.000,9999.000,9999.000,9999.000
202608070500,   2.492,9999.000,   0.000,   0.180,   2.672,   0.000,   2.672,   0.100,   2.772
202608070506,   2.562,9999.000,9999.000,9999.000,9999.000,9999.000,9999.000,9999.000,9999.000
202608070512,   2.632,9999.000,9999.000,9999.000,9999.000,9999.000,9999.000,9999.000,9999.000
202608070518,   2.701,9999.000,9999.000,9999.000,9999.000,9999.000,9999.000,9999.000,9999.000
202608070524,   2.769,9999.000,9999.000,9999.000,9999.000,9999.000,9999.000,9999.000,9999.000
202608070530,   2.834,9999.000,9999.000,9999.000,9999.000,9999.000,9999.000,9999.000,9999.000
202608070536,   2.899,9999.000,9999.000,9999.000,9999.000,9999.000,9999.000,9999.000,9999.000
202608070542,   2.961,9999.000,9999.000,9999.000,9999.000,9999.000,9999.000,9999.000,9999.000
202608070548,   3.021,9999.000,9999.000,9999.000,9999.000,9999.000,9999.000,9999.000,9999.000
202608070554,   3.078,9999.000,9999.000,9999.000,9999.000,9999.000,9999.000,9999.000,9999.000
202608070600,   3.133,9999.000,   0.000,   0.180,   3.313,  -0.100,   3.213,   0.100,   3.413
202608070606,   3.185,9999.000,9999.000,9999.000,9999.000,9999.000,9999.000,9999.000,9999.000
202608070612,   3.234,9999.000,9999.000,9999.000,9999.000,9999.000,9999.000,9999.000,9999.000
202608070618,   3.280,9999.000,9999.000,9999.000,9999.000,9999.000,9999.000,9999.000,9999.000
202608070624,   3.323,9999.000,9999.000,9999.000,9999.000,9999.000,9999.000,9999.000,9999.000
202608070630,   3.362,9999.000,9999.000,9999.000,9999.000,9999.000,9999.000,9999.000,9999.000
202608070636,   3.398,9999.000,9999.000,9999.000,9999.000,9999.000,9999.000,9999.000,9999.000
202608070642,   3.431,9999.000,9999.000,9999.000,9999.000,9999.000,9999.000,9999.000,9999.000
202608070648,   3.460,9999.000,9999.000,9999.000,9999.000,9999.000,9999.000,9999.000,9999.000
202608070654,   3.486,9999.000,9999.000,9999.000,9999.000,9999.000,9999.000,9999.000,9999.000
202608070700,   3.507,9999.000,   0.000,   0.180,   3.687,  -0.100,   3.587,   0.100,   3.787
202608070706,   3.526,9999.000,9999.000,9999.000,9999.000,9999.000,9999.000,9999.000,9999.000
202608070712,   3.540,9999.000,9999.000,9999.000,9999.000,9999.000,9999.000,9999.000,9999.000
202608070718,   3.551,9999.000,9999.000,9999.000,9999.000,9999.000,9999.000,9999.000,9999.000
202608070724,   3.559,9999.000,9999.000,9999.000,9999.000,9999.000,9999.000,9999.000,9999.000
202608070730,   3.563,9999.000,9999.000,9999.000,9999.000,9999.000,9999.000,9999.000,9999.000
202608070736,   3.563,9999.000,9999.000,9999.000,9999.000,9999.000,9999.000,9999.000,9999.000
202608070742,   3.560,9999.000,9999.000,9999.000,9999.000,9999.000,9999.000,9999.000,9999.000
202608070748,   3.553,9999.000,9999.000,9999.000,9999.000,9999.000,9999.000,9999.000,9999.000
202608070754,   3.543,9999.000,9999.000,9999.000,9999.000,9999.000,9999.000,9999.000,9999.000
202608070800,   3.529,9999.000,   0.000,   0.180,   3.709,  -0.100,   3.609,   0.100,   3.809
202608070806,   3.512,9999.000,9999.000,9999.000,9999.000,9999.000,9999.000,9999.000,9999.000
202608070812,   3.491,9999.000,9999.000,9999.000,9999.000,9999.000,9999.000,9999.000,9999.000
202608070818,   3.467,9999.000,9999.000,9999.000,9999.000,9999.000,9999.000,9999.000,9999.000
202608070824,   3.439,9999.000,9999.000,9999.000,9999.000,9999.000,9999.000,9999.000,9999.000
202608070830,   3.408,9999.000,9999.000,9999.000,9999.000,9999.000,9999.000,9999.000,9999.000
202608070836,   3.374,9999.000,9999.000,9999.000,9999.000,9999.000,9999.000,9999.000,9999.000
202608070842,   3.336,9999.000,9999.000,9999.000,9999.000,9999.000,9999.000,9999.000,9999.000
202608070848,   3.295,9999.000,9999.000,9999.000,9999.000,9999.000,9999.000,9999.000,9999.000
202608070854,   3.250,9999.000,9999.000,9999.000,9999.000,9999.000,9999.000,9999.000,9999.000
202608070900,   3.203,9999.000,   0.000,   0.180,   3.383,  -0.100,   3.283,   0.100,   3.483
202608070906,   3.152,9999.000,9999.000,9999.000,9999.000,9999.000,9999.000,9999.000,9999.000
202608070912,   3.098,9999.000,9999.000,9999.000,9999.000,9999.000,9999.000,9999.000,9999.000
202608070918,   3.041,9999.000,9999.000,9999.000,9999.000,9999.000,9999.000,9999.000,9999.000
202608070924,   2.981,9999.000,9999.000,9999.000,9999.000,9999.000,9999.000,9999.000,9999.000
202608070930,   2.919,9999.000,9999.000,9999.000,9999.000,9999.000,9999.000,9999.000,9999.000
202608070936,   2.853,9999.000,9999.000,9999.000,9999.000,9999.000,9999.000,9999.000,9999.000
202608070942,   2.786,9999.000,9999.000,9999.000,9999.000,9999.000,9999.000,9999.000,9999.000
202608070948,   2.716,9999.000,9999.000,9999.000,9999.000,9999.000,9999.000,9999.000,9999.000
202608070954,   2.643,9999.000,9999.000,9999.000,9999.000,9999.000,9999.000,9999.000,9999.000
202608071000,   2.569,9999.000,   0.000,   0.180,   2.749,  -0.100,   2.649,   0.100,   2.849
202608071006,   2.493,9999.000,9999.000,9999.000,9999.000,9999.000,9999.000,9999.000,9999.000
202608071012,   2.415,9999.000,9999.000,9999.000,9999.000,9999.000,9999.000,9999.000,9999.000
202608071018,   2.336,9999.000,9999.000,9999.000,9999.000,9999.000,9999.000,9999.000,9999.000
202608071024,   2.256,9999.000,9999.000,9999.000,9999.000,9999.000,9999.000,9999.000,9999.000
202608071030,   2.174,9999.000,9999.000,9999.000,9999.000,9999.000,9999.000,9999.000,9999.000
202608071036,   2.092,9999.000,9999.000,9999.000,9999.000,9999.000,9999.000,9999.000,9999.000
202608071042,   2.009,9999.000,9999.000,9999.000,9999.000,9999.000,9999.000,9999.000,9999.000
202608071048,   1.926,9999.000,9999.000,9999.000,9999.000,9999.000,9999.000,9999.000,9999.000
202608071054,   1.842,9999.000,9999.000,9999.000,9999.000,9999.000,9999.000,9999.000,9999.000
202608071100,   1.758,9999.000,   0.000,   0.180,   1.938,  -0.100,   1.838,   0.100,   2.038
202608071106,   1.675,9999.000,9999.000,9999.000,9999.000,9999.000,9999.000,9999.000,9999.000
202608071112,   1.592,9999.000,9999.000,9999.000,9999.000,9999.000,9999.000,9999.000,9999.000
202608071118,   1.510,9999.000,9999.000,9999.000,9999.000,9999.000,9999.000,9999.000,9999.000
202608071124,   1.428,9999.000,9999.000,9999.000,9999.000,9999.000,9999.000,9999.000,9999.000
202608071130,   1.348,9999.000,9999.000,9999.000,9999.000,9999.000,9999.000,9999.000,9999.000
202608071136,   1.269,9999.000,9999.000,9999.000,9999.000,9999.000,9999.000,9999.000,9999.000
202608071142,   1.192,9999.000,9999.000,9999.000,9999.000,9999.000,9999.000,9999.000,9999.000
202608071148,   1.116,9999.000,9999.000,9999.000,9999.000,9999.000,9999.000,9999.000,9999.000
202608071154,   1.043,9999.000,9999.000,9999.000,9999.000,9999.000,9999.000,9999.000,9999.000
202608071200,   0.972,9999.000,   0.000,   0.180,   1.152,   0.000,   1.152,   0.100,   1.252
202608071206,   0.903,9999.000,9999.000,9999.000,9999.000,9999.000,9999.000,9999.000,9999.000
202608071212,   0.837,9999.000,9999.000,9999.000,9999.000,9999.000,9999.000,9999.000,9999.000
202608071218,   0.775,9999.000,9999.000,9999.000,9999.000,9999.000,9999.000,9999.000,9999.000
202608071224,   0.716,9999.000,9999.000,9999.000,9999.000,9999.000,9999.000,9999.000,9999.000
202608071230,   0.661,9999.000,9999.000,9999.000,9999.000,9999.000,9999.000,9999.000,9999.000
202608071236,   0.609,9999.000,9999.000,9999.000,9999.000,9999.000,9999.000,9999.000,9999.000
202608071242,   0.562,9999.000,9999.000,9999.000,9999.000,9999.000,9999.000,9999.000,9999.000
202608071248,   0.519,9999.000,9999.000,9999.000,9999.000,9999.000,9999.000,9999.000,9999.000
202608071254,   0.481,9999.000,9999.000,9999.000,9999.000,9999.000,9999.000,9999.000,9999.000
202608071300,   0.448,9999.000,   0.000,   0.180,   0.628,   0.000,   0.628,   0.100,   0.728
202608071306,   0.419,9999.000,9999.000,9999.000,9999.000,9999.000,9999.000,9999.000,9999.000
202608071312,   0.396,9999.000,9999.000,9999.000,9999.000,9999.000,9999.000,9999.000,9999.000
202608071318,   0.379,9999.000,9999.000,9999.000,9999.000,9999.000,9999.000,9999.000,9999.000
202608071324,   0.367,9999.000,9999.000,9999.000,9999.000,9999.000,9999.000,9999.000,9999.000
202608071330,   0.360,9999.000,9999.000,9999.000,9999.000,9999.000,9999.000,9999.000,9999.000
202608071336,   0.360,9999.000,9999.000,9999.000,9999.000,9999.000,9999.000,9999.000,9999.000
202608071342,   0.364,9999.000,9999.000,9999.000,9999.000,9999.000,9999.000,9999.000,9999.000
202608071348,   0.375,9999.000,9999.000,9999.000,9999.000,9999.000,9999.000,9999.000,9999.000
202608071354,   0.391,9999.000,9999.000,9999.000,9999.000,9999.000,9999.000,9999.000,9999.000
202608071400,   0.413,9999.000,   0.000,   0.180,   0.593,   0.000,   0.593,   0.100,   0.693
202608071406,   0.440,9999.000,9999.000,9999.000,9999.000,9999.000,9999.000,9999.000,9999.000
202608071412,   0.473,9999.000,9999.000,9999.000,9999.000,9999.000,9999.000,9999.000,9999.000
202608071418,   0.510,9999.000,9999.000,9999.000,9999.000,9999.000,9999.000,9999.000,9999.000
202608071424,   0.553,9999.000,9999.000,9999.000,9999.000,9999.000,9999.000,9999.000,9999.000
202608071430,   0.601,9999.000,9999.000,9999.000,9999.000,9999.000,9999.000,9999.000,9999.000
202608071436,   0.653,9999.000,9999.000,9999.000,9999.000,9999.000,9999.000,9999.000,9999.000
202608071442,   0.710,9999.000,9999.000,9999.000,9999.000,9999.000,9999.000,9999.000,9999.000
202608071448,   0.770,9999.000,9999.000,9999.000,9999.000,9999.000,9999.000,9999.000,9999.000
202608071454,   0.835,9999.000,9999.000,9999.000,9999.000,9999.000,9999.000,9999.000,9999.000
202608071500,   0.904,9999.000,   0.000,   0.180,   1.084,   0.000,   1.084,   0.100,   1.184
202608071506,   0.976,9999.000,9999.000,9999.000,9999.000,9999.000,9999.000,9999.000,9999.000
202608071512,   1.051,9999.000,9999.000,9999.000,9999.000,9999.000,9999.000,9999.000,9999.000
202608071518,   1.129,9999.000,9999.000,9999.000,9999.000,9999.000,9999.000,9999.000,9999.000
202608071524,   1.210,9999.000,9999.000,9999.000,9999.000,9999.000,9999.000,9999.000,9999.000
202608071530,   1.293,9999.000,9999.000,9999.000,9999.000,9999.000,9999.000,9999.000,9999.000
202608071536,   1.379,9999.000,9999.000,9999.000,9999.000,9999.000,9999.000,9999.000,9999.000
202608071542,   1.467,9999.000,9999.000,9999.000,9999.000,9999.000,9999.000,9999.000,9999.000
202608071548,   1.558,9999.000,9999.000,9999.000,9999.000,9999.000,9999.000,9999.000,9999.000
202608071554,   1.650,9999.000,9999.000,9999.000,9999.000,9999.000,9999.000,9999.000,9999.000
202608071600,   1.744,9999.000,   0.100,   0.180,   2.024,   0.000,   1.924,   0.200,   2.124
202608071606,   1.839,9999.000,9999.000,9999.000,9999.000,9999.000,9999.000,9999.000,9999.000
202608071612,   1.936,9999.000,9999.000,9999.000,9999.000,9999.000,9999.000,9999.000,9999.000
202608071618,   2.034,9999.000,9999.000,9999.000,9999.000,9999.000,9999.000,9999.000,9999.000
202608071624,   2.133,9999.000,9999.000,9999.000,9999.000,9999.000,9999.000,9999.000,9999.000
202608071630,   2.233,9999.000,9999.000,9999.000,9999.000,9999.000,9999.000,9999.000,9999.000
202608071636,   2.334,9999.000,9999.000,9999.000,9999.000,9999.000,9999.000,9999.000,9999.000
202608071642,   2.435,9999.000,9999.000,9999.000,9999.000,9999.000,9999.000,9999.000,9999.000
202608071648,   2.538,9999.000,9999.000,9999.000,9999.000,9999.000,9999.000,9999.000,9999.000
202608071654,   2.640,9999.000,9999.000,9999.000,9999.000,9999.000,9999.000,9999.000,9999.000
202608071700,   2.742,9999.000,   0.100,   0.180,   3.022,   0.000,   2.922,   0.200,   3.122
202608071706,   2.844,9999.000,9999.000,9999.000,9999.000,9999.000,9999.000,9999.000,9999.000
202608071712,   2.946,9999.000,9999.000,9999.000,9999.000,9999.000,9999.000,9999.000,9999.000
202608071718,   3.048,9999.000,9999.000,9999.000,9999.000,9999.000,9999.000,9999.000,9999.000
202608071724,   3.148,9999.000,9999.000,9999.000,9999.000,9999.000,9999.000,9999.000,9999.000
202608071730,   3.248,9999.000,9999.000,9999.000,9999.000,9999.000,9999.000,9999.000,9999.000
202608071736,   3.346,9999.000,9999.000,9999.000,9999.000,9999.000,9999.000,9999.000,9999.000
202608071742,   3.443,9999.000,9999.000,9999.000,9999.000,9999.000,9999.000,9999.000,9999.000
202608071748,   3.538,9999.000,9999.000,9999.000,9999.000,9999.000,9999.000,9999.000,9999.000
202608071754,   3.630,9999.000,9999.000,9999.000,9999.000,9999.000,9999.000,9999.000,9999.000
202608071800,   3.721,9999.000,   0.100,   0.180,   4.001,   0.000,   3.901,   0.200,   4.101
202608071806,   3.809,9999.000,9999.000,9999.000,9999.000,9999.000,9999.000,9999.000,9999.000
202608071812,   3.894,9999.000,9999.000,9999.000,9999.000,9999.000,9999.000,9999.000,9999.000
202608071818,   3.976,9999.000,9999.000,9999.000,9999.000,9999.000,9999.000,9999.000,9999.000
202608071824,   4.055,9999.000,9999.000,9999.000,9999.000,9999.000,9999.000,9999.000,9999.000
202608071830,   4.131,9999.000,9999.000,9999.000,9999.000,9999.000,9999.000,9999.000,9999.000
202608071836,   4.203,9999.000,9999.000,9999.000,9999.000,9999.000,9999.000,9999.000,9999.000
202608071842,   4.272,9999.000,9999.000,9999.000,9999.000,9999.000,9999.000,9999.000,9999.000
202608071848,   4.336,9999.000,9999.000,9999.000,9999.000,9999.000,9999.000,9999.000,9999.000
202608071854,   4.397,9999.000,9999.000,9999.000,9999.000,9999.000,9999.000,9999.000,9999.000
202608071900,   4.454,9999.000,   0.100,   0.180,   4.734,   0.000,   4.634,   0.300,   4.934
202608071906,   4.506,9999.000,9999.000,9999.000,9999.000,9999.000,9999.000,9999.000,9999.000
202608071912,   4.555,9999.000,9999.000,9999.000,9999.000,9999.000,9999.000,9999.000,9999.000
202608071918,   4.599,9999.000,9999.000,9999.000,9999.000,9999.000,9999.000,9999.000,9999.000
202608071924,   4.639,9999.000,9999.000,9999.000,9999.000,9999.000,9999.000,9999.000,9999.000
202608071930,   4.675,9999.000,9999.000,9999.000,9999.000,9999.000,9999.000,9999.000,9999.000
202608071936,   4.706,9999.000,9999.000,9999.000,9999.000,9999.000,9999.000,9999.000,9999.000
202608071942,   4.733,9999.000,9999.000,9999.000,9999.000,9999.000,9999.000,9999.000,9999.000
202608071948,   4.756,9999.000,9999.000,9999.000,9999.000,9999.000,9999.000,9999.000,9999.000
202608071954,   4.775,9999.000,9999.000,9999.000,9999.000,9999.000,9999.000,9999.000,9999.000
202608072000,   4.790,9999.000,   0.100,   0.180,   5.070,   0.000,   4.970,   0.300,   5.270
202608072006,   4.800,9999.000,9999.000,9999.000,9999.000,9999.000,9999.000,9999.000,9999.000
202608072012,   4.806,9999.000,9999.000,9999.000,9999.000,9999.000,9999.000,9999.000,9999.000
202608072018,   4.808,9999.000,9999.000,9999.000,9999.000,9999.000,9999.000,9999.000,9999.000
202608072024,   4.805,9999.000,9999.000,9999.000,9999.000,9999.000,9999.000,9999.000,9999.000
202608072030,   4.799,9999.000,9999.000,9999.000,9999.000,9999.000,9999.000,9999.000,9999.000
202608072036,   4.788,9999.000,9999.000,9999.000,9999.000,9999.000,9999.000,9999.000,9999.000
202608072042,   4.773,9999.000,9999.000,9999.000,9999.000,9999.000,9999.000,9999.000,9999.000
202608072048,   4.753,9999.000,9999.000,9999.000,9999.000,9999.000,9999.000,9999.000,9999.000
202608072054,   4.730,9999.000,9999.000,9999.000,9999.000,9999.000,9999.000,9999.000,9999.000
202608072100,   4.702,9999.000,   0.200,   0.180,   5.082,   0.100,   4.982,   0.300,   5.182
202608072106,   4.670,9999.000,9999.000,9999.000,9999.000,9999.000,9999.000,9999.000,9999.000
202608072112,   4.634,9999.000,9999.000,9999.000,9999.000,9999.000,9999.000,9999.000,9999.000
202608072118,   4.594,9999.000,9999.000,9999.000,9999.000,9999.000,9999.000,9999.000,9999.000
202608072124,   4.550,9999.000,9999.000,9999.000,9999.000,9999.000,9999.000,9999.000,9999.000
202608072130,   4.502,9999.000,9999.000,9999.000,9999.000,9999.000,9999.000,9999.000,9999.000
202608072136,   4.450,9999.000,9999.000,9999.000,9999.000,9999.000,9999.000,9999.000,9999.000
202608072142,   4.394,9999.000,9999.000,9999.000,9999.000,9999.000,9999.000,9999.000,9999.000
202608072148,   4.334,9999.000,9999.000,9999.000,9999.000,9999.000,9999.000,9999.000,9999.000
202608072154,   4.271,9999.000,9999.000,9999.000,9999.000,9999.000,9999.000,9999.000,9999.000
202608072200,   4.204,9999.000,   0.200,   0.180,   4.584,   0.000,   4.384,   0.300,   4.684
202608072206,   4.133,9999.000,9999.000,9999.000,9999.000,9999.000,9999.000,9999.000,9999.000
202608072212,   4.060,9999.000,9999.000,9999.000,9999.000,9999.000,9999.000,9999.000,9999.000
202608072218,   3.983,9999.000,9999.000,9999.000,9999.000,9999.000,9999.000,9999.000,9999.000
202608072224,   3.904,9999.000,9999.000,9999.000,9999.000,9999.000,9999.000,9999.000,9999.000
202608072230,   3.822,9999.000,9999.000,9999.000,9999.000,9999.000,9999.000,9999.000,9999.000
202608072236,   3.737,9999.000,9999.000,9999.000,9999.000,9999.000,9999.000,9999.000,9999.000
202608072242,   3.650,9999.000,9999.000,9999.000,9999.000,9999.000,9999.000,9999.000,9999.000
202608072248,   3.560,9999.000,9999.000,9999.000,9999.000,9999.000,9999.000,9999.000,9999.000
202608072254,   3.469,9999.000,9999.000,9999.000,9999.000,9999.000,9999.000,9999.000,9999.000
202608072300,   3.376,9999.000,   0.200,   0.180,   3.756,   0.100,   3.656,   0.300,   3.856
202608072306,   3.281,9999.000,9999.000,9999.000,9999.000,9999.000,9999.000,9999.000,9999.000
202608072312,   3.185,9999.000,9999.000,9999.000,9999.000,9999.000,9999.000,9999.000,9999.000
202608072318,   3.088,9999.000,9999.000,9999.000,9999.000,9999.000,9999.000,9999.000,9999.000
202608072324,   2.990,9999.000,9999.000,9999.000,9999.000,9999.000,9999.000,9999.000,9999.000
202608072330,   2.891,9999.000,9999.000,9999.000,9999.000,9999.000,9999.000,9999.000,9999.000
202608072336,   2.792,9999.000,9999.000,9999.000,9999.000,9999.000,9999.000,9999.000,9999.000
202608072342,   2.692,9999.000,9999.000,9999.000,9999.000,9999.000,9999.000,9999.000,9999.000
202608072348,   2.593,9999.000,9999.000,9999.000,9999.000,9999.000,9999.000,9999.000,9999.000
202608072354,   2.493,9999.000,9999.000,9999.000,9999.000,9999.000,9999.000,9999.000,9999.000
202608080000,   2.394,9999.000,   0.200,   0.180,   2.774,   0.000,   2.574,   0.300,   2.874
202608080006,   2.295,9999.000,9999.000,9999.000,9999.000,9999.000,9999.000,9999.000,9999.000
202608080012,   2.198,9999.000,9999.000,9999.000,9999.000,9999.000,9999.000,9999.000,9999.000
202608080018,   2.101,9999.000,9999.000,9999.000,9999.000,9999.000,9999.000,9999.000,9999.000
202608080024,   2.006,9999.000,9999.000,9999.000,9999.000,9999.000,9999.000,9999.000,9999.000
202608080030,   1.912,9999.000,9999.000,9999.000,9999.000,9999.000,9999.000,9999.000,9999.000
202608080036,   1.820,9999.000,9999.000,9999.000,9999.000,9999.000,9999.000,9999.000,9999.000
202608080042,   1.730,9999.000,9999.000,9999.000,9999.000,9999.000,9999.000,9999.000,9999.000
202608080048,   1.643,9999.000,9999.000,9999.000,9999.000,9999.000,9999.000,9999.000,9999.000
202608080054,   1.559,9999.000,9999.000,9999.000,9999.000,9999.000,9999.000,9999.000,9999.000
202608080100,   1.477,9999.000,   0.100,   0.180,   1.757,   0.000,   1.657,   0.300,   1.957
202608080106,   1.399,9999.000,9999.000,9999.000,9999.000,9999.000,9999.000,9999.000,9999.000
202608080112,   1.324,9999.000,9999.000,9999.000,9999.000,9999.000,9999.000,9999.000,9999.000
202608080118,   1.252,9999.000,9999.000,9999.000,9999.000,9999.000,9999.000,9999.000,9999.000
202608080124,   1.185,9999.000,9999.000,9999.000,9999.000,9999.000,9999.000,9999.000,9999.000
202608080130,   1.122,9999.000,9999.000,9999.000,9999.000,9999.000,9999.000,9999.000,9999.000
202608080136,   1.063,9999.000,9999.000,9999.000,9999.000,9999.000,9999.000,9999.000,9999.000
202608080142,   1.009,9999.000,9999.000,9999.000,9999.000,9999.000,9999.000,9999.000,9999.000
202608080148,   0.960,9999.000,9999.000,9999.000,9999.000,9999.000,9999.000,9999.000,9999.000
202608080154,   0.915,9999.000,9999.000,9999.000,9999.000,9999.000,9999.000,9999.000,9999.000
202608080200,   0.876,9999.000,   0.100,   0.180,   1.156,   0.000,   1.056,   0.300,   1.356
202608080206,   0.841,9999.000,9999.000,9999.000,9999.000,9999.000,9999.000,9999.000,9999.000
202608080212,   0.812,9999.000,9999.000,9999.000,9999.000,9999.000,9999.000,9999.000,9999.000
202608080218,   0.787,9999.000,9999.000,9999.000,9999.000,9999.000,9999.000,9999.000,9999.000
202608080224,   0.768,9999.000,9999.000,9999.000,9999.000,9999.000,9999.000,9999.000,9999.000
202608080230,   0.753,9999.000,9999.000,9999.000,9999.000,9999.000,9999.000,9999.000,9999.000
202608080236,   0.744,9999.000,9999.000,9999.000,9999.000,9999.000,9999.000,9999.000,9999.000
202608080242,   0.740,9999.000,9999.000,9999.000,9999.000,9999.000,9999.000,9999.000,9999.000
202608080248,   0.740,9999.000,9999.000,9999.000,9999.000,9999.000,9999.000,9999.000,9999.000
202608080254,   0.745,9999.000,9999.000,9999.000,9999.000,9999.000,9999.000,9999.000,9999.000
202608080300,   0.754,9999.000,   0.100,   0.180,   1.034,   0.000,   0.934,   0.300,   1.234
202608080306,   0.767,9999.000,9999.000,9999.000,9999.000,9999.000,9999.000,9999.000,9999.000
202608080312,   0.785,9999.000,9999.000,9999.000,9999.000,9999.000,9999.000,9999.000,9999.000
202608080318,   0.806,9999.000,9999.000,9999.000,9999.000,9999.000,9999.000,9999.000,9999.000
202608080324,   0.832,9999.000,9999.000,9999.000,9999.000,9999.000,9999.000,9999.000,9999.000
202608080330,   0.861,9999.000,9999.000,9999.000,9999.000,9999.000,9999.000,9999.000,9999.000
202608080336,   0.893,9999.000,9999.000,9999.000,9999.000,9999.000,9999.000,9999.000,9999.000
202608080342,   0.928,9999.000,9999.000,9999.000,9999.000,9999.000,9999.000,9999.000,9999.000
202608080348,   0.967,9999.000,9999.000,9999.000,9999.000,9999.000,9999.000,9999.000,9999.000
202608080354,   1.008,9999.000,9999.000,9999.000,9999.000,9999.000,9999.000,9999.000,9999.000
202608080400,   1.052,9999.000,   0.100,   0.180,   1.332,   0.000,   1.232,   0.200,   1.432
202608080406,   1.099,9999.000,9999.000,9999.000,9999.000,9999.000,9999.000,9999.000,9999.000
202608080412,   1.148,9999.000,9999.000,9999.000,9999.000,9999.000,9999.000,9999.000,9999.000
202608080418,   1.199,9999.000,9999.000,9999.000,9999.000,9999.000,9999.000,9999.000,9999.000
202608080424,   1.253,9999.000,9999.000,9999.000,9999.000,9999.000,9999.000,9999.000,9999.000
202608080430,   1.308,9999.000,9999.000,9999.000,9999.000,9999.000,9999.000,9999.000,9999.000
202608080436,   1.366,9999.000,9999.000,9999.000,9999.000,9999.000,9999.000,9999.000,9999.000
202608080442,   1.426,9999.000,9999.000,9999.000,9999.000,9999.000,9999.000,9999.000,9999.000
202608080448,   1.487,9999.000,9999.000,9999.000,9999.000,9999.000,9999.000,9999.000,9999.000
202608080454,   1.550,9999.000,9999.000,9999.000,9999.000,9999.000,9999.000,9999.000,9999.000
202608080500,   1.614,9999.000,   0.100,   0.180,   1.894,   0.000,   1.794,   0.200,   1.994
202608080506,   1.680,9999.000,9999.000,9999.000,9999.000,9999.000,9999.000,9999.000,9999.000
202608080512,   1.747,9999.000,9999.000,9999.000,9999.000,9999.000,9999.000,9999.000,9999.000
202608080518,   1.816,9999.000,9999.000,9999.000,9999.000,9999.000,9999.000,9999.000,9999.000
202608080524,   1.885,9999.000,9999.000,9999.000,9999.000,9999.000,9999.000,9999.000,9999.000
202608080530,   1.955,9999.000,9999.000,9999.000,9999.000,9999.000,9999.000,9999.000,9999.000
202608080536,   2.026,9999.000,9999.000,9999.000,9999.000,9999.000,9999.000,9999.000,9999.000
202608080542,   2.097,9999.000,9999.000,9999.000,9999.000,9999.000,9999.000,9999.000,9999.000
202608080548,   2.169,9999.000,9999.000,9999.000,9999.000,9999.000,9999.000,9999.000,9999.000
202608080554,   2.240,9999.000,9999.000,9999.000,9999.000,9999.000,9999.000,9999.000,9999.000
202608080600,   2.311,9999.000,   0.000,   0.180,   2.491,  -0.100,   2.391,   0.200,   2.691
202608080606,   2.382,9999.000,9999.000,9999.000,9999.000,9999.000,9999.000,9999.000,9999.000
202608080612,   2.452,9999.000,9999.000,9999.000,9999.000,9999.000,9999.000,9999.000,9999.000
202608080618,   2.522,9999.000,9999.000,9999.000,9999.000,9999.000,9999.000,9999.000,9999.000
202608080624,   2.590,9999.000,9999.000,9999.000,9999.000,9999.000,9999.000,9999.000,9999.000
202608080630,   2.657,9999.000,9999.000,9999.000,9999.000,9999.000,9999.000,9999.000,9999.000
202608080636,   2.722,9999.000,9999.000,9999.000,9999.000,9999.000,9999.000,9999.000,9999.000
202608080642,   2.786,9999.000,9999.000,9999.000,9999.000,9999.000,9999.000,9999.000,9999.000
202608080648,   2.847,9999.000,9999.000,9999.000,9999.000,9999.000,9999.000,9999.000,9999.000
202608080654,   2.907,9999.000,9999.000,9999.000,9999.000,9999.000,9999.000,9999.000,9999.000
202608080700,   2.964,9999.000,   0.000,   0.180,   3.144,  -0.100,   3.044,   0.200,   3.344
202608080706,   3.018,9999.000,9999.000,9999.000,9999.000,9999.000,9999.000,9999.000,9999.000
202608080712,   3.070,9999.000,9999.000,9999.000,9999.000,9999.000,9999.000,9999.000,9999.000
202608080718,   3.120,9999.000,9999.000,9999.000,9999.000,9999.000,9999.000,9999.000,9999.000
202608080724,   3.166,9999.000,9999.000,9999.000,9999.000,9999.000,9999.000,9999.000,9999.000
202608080730,   3.210,9999.000,9999.000,9999.000,9999.000,9999.000,9999.000,9999.000,9999.000
202608080736,   3.251,9999.000,9999.000,9999.000,9999.000,9999.000,9999.000,9999.000,9999.000
202608080742,   3.288,9999.000,9999.000,9999.000,9999.000,9999.000,9999.000,9999.000,9999.000
202608080748,   3.323,9999.000,9999.000,9999.000,9999.000,9999.000,9999.000,9999.000,9999.000
202608080754,   3.354,9999.000,9999.000,9999.000,9999.000,9999.000,9999.000,9999.000,9999.000
202608080800,   3.382,9999.000,   0.100,   0.180,   3.662,  -0.100,   3.462,   0.200,   3.762
202608080806,   3.407,9999.000,9999.000,9999.000,9999.000,9999.000,9999.000,9999.000,9999.000
202608080812,   3.428,9999.000,9999.000,9999.000,9999.000,9999.000,9999.000,9999.000,9999.000
202608080818,   3.446,9999.000,9999.000,9999.000,9999.000,9999.000,9999.000,9999.000,9999.000
202608080824,   3.461,9999.000,9999.000,9999.000,9999.000,9999.000,9999.000,9999.000,9999.000
202608080830,   3.472,9999.000,9999.000,9999.000,9999.000,9999.000,9999.000,9999.000,9999.000
202608080836,   3.480,9999.000,9999.000,9999.000,9999.000,9999.000,9999.000,9999.000,9999.000
202608080842,   3.485,9999.000,9999.000,9999.000,9999.000,9999.000,9999.000,9999.000,9999.000
202608080848,   3.486,9999.000,9999.000,9999.000,9999.000,9999.000,9999.000,9999.000,9999.000
202608080854,   3.483,9999.000,9999.000,9999.000,9999.000,9999.000,9999.000,9999.000,9999.000
202608080900,   3.477,9999.000,   0.100,   0.180,   3.757,  -0.100,   3.557,   0.200,   3.857
202608080906,   3.467,9999.000,9999.000,9999.000,9999.000,9999.000,9999.000,9999.000,9999.000
202608080912,   3.454,9999.000,9999.000,9999.000,9999.000,9999.000,9999.000,9999.000,9999.000
202608080918,   3.437,9999.000,9999.000,9999.000,9999.000,9999.000,9999.000,9999.000,9999.000
202608080924,   3.416,9999.000,9999.000,9999.000,9999.000,9999.000,9999.000,9999.000,9999.000
202608080930,   3.392,9999.000,9999.000,9999.000,9999.000,9999.000,9999.000,9999.000,9999.000
202608080936,   3.364,9999.000,9999.000,9999.000,9999.000,9999.000,9999.000,9999.000,9999.000
202608080942,   3.332,9999.000,9999.000,9999.000,9999.000,9999.000,9999.000,9999.000,9999.000
202608080948,   3.297,9999.000,9999.000,9999.000,9999.000,9999.000,9999.000,9999.000,9999.000
202608080954,   3.257,9999.000,9999.000,9999.000,9999.000,9999.000,9999.000,9999.000,9999.000
202608081000,   3.215,9999.000,   0.100,   0.180,   3.495,  -0.100,   3.295,   0.200,   3.595
202608081006,   3.169,9999.000,9999.000,9999.000,9999.000,9999.000,9999.000,9999.000,9999.000
202608081012,   3.119,9999.000,9999.000,9999.000,9999.000,9999.000,9999.000,9999.000,9999.000
202608081018,   3.066,9999.000,9999.000,9999.000,9999.000,9999.000,9999.000,9999.000,9999.000
202608081024,   3.010,9999.000,9999.000,9999.000,9999.000,9999.000,9999.000,9999.000,9999.000
202608081030,   2.951,9999.000,9999.000,9999.000,9999.000,9999.000,9999.000,9999.000,9999.000
202608081036,   2.888,9999.000,9999.000,9999.000,9999.000,9999.000,9999.000,9999.000,9999.000
202608081042,   2.823,9999.000,9999.000,9999.000,9999.000,9999.000,9999.000,9999.000,9999.000
202608081048,   2.756,9999.000,9999.000,9999.000,9999.000,9999.000,9999.000,9999.000,9999.000
202608081054,   2.685,9999.000,9999.000,9999.000,9999.000,9999.000,9999.000,9999.000,9999.000
202608081100,   2.613,9999.000,   0.100,   0.180,   2.893,   0.000,   2.793,   0.300,   3.093
202608081106,   2.538,9999.000,9999.000,9999.000,9999.000,9999.000,9999.000,9999.000,9999.000
202608081112,   2.462,9999.000,9999.000,9999.000,9999.000,9999.000,9999.000,9999.000,9999.000
202608081118,   2.383,9999.000,9999.000,9999.000,9999.000,9999.000,9999.000,9999.000,9999.000
202608081124,   2.304,9999.000,9999.000,9999.000,9999.000,9999.000,9999.000,9999.000,9999.000
202608081130,   2.223,9999.000,9999.000,9999.000,9999.000,9999.000,9999.000,9999.000,9999.000
202608081136,   2.140,9999.000,9999.000,9999.000,9999.000,9999.000,9999.000,9999.000,9999.000
202608081142,   2.057,9999.000,9999.000,9999.000,9999.000,9999.000,9999.000,9999.000,9999.000
202608081148,   1.974,9999.000,9999.000,9999.000,9999.000,9999.000,9999.000,9999.000,9999.000
202608081154,   1.890,9999.000,9999.000,9999.000,9999.000,9999.000,9999.000,9999.000,9999.000
202608081200,   1.805,9999.000,   0.100,   0.180,   2.085,   0.000,   1.985,   0.300,   2.285
202608081206,   1.721,9999.000,9999.000,9999.000,9999.000,9999.000,9999.000,9999.000,9999.000
202608081212,   1.637,9999.000,9999.000,9999.000,9999.000,9999.000,9999.000,9999.000,9999.000
202608081218,   1.553,9999.000,9999.000,9999.000,9999.000,9999.000,9999.000,9999.000,9999.000
202608081224,   1.470,9999.000,9999.000,9999.000,9999.000,9999.000,9999.000,9999.000,9999.000
202608081230,   1.388,9999.000,9999.000,9999.000,9999.000,9999.000,9999.000,9999.000,9999.000
202608081236,   1.307,9999.000,9999.000,9999.000,9999.000,9999.000,9999.000,9999.000,9999.000
202608081242,   1.227,9999.000,9999.000,9999.000,9999.000,9999.000,9999.000,9999.000,9999.000
202608081248,   1.149,9999.000,9999.000,9999.000,9999.000,9999.000,9999.000,9999.000,9999.000
202608081254,   1.073,9999.000,9999.000,9999.000,9999.000,9999.000,9999.000,9999.000,9999.000
202608081300,   1.000,9999.000,   0.100,   0.180,   1.280,   0.000,   1.180,   0.300,   1.480
202608081306,   0.929,9999.000,9999.000,9999.000,9999.000,9999.000,9999.000,9999.000,9999.000
202608081312,   0.860,9999.000,9999.000,9999.000,9999.000,9999.000,9999.000,9999.000,9999.000
202608081318,   0.795,9999.000,9999.000,9999.000,9999.000,9999.000,9999.000,9999.000,9999.000
202608081324,   0.733,9999.000,9999.000,9999.000,9999.000,9999.000,9999.000,9999.000,9999.000
202608081330,   0.675,9999.000,9999.000,9999.000,9999.000,9999.000,9999.000,9999.000,9999.000
202608081336,   0.620,9999.000,9999.000,9999.000,9999.000,9999.000,9999.000,9999.000,9999.000
202608081342,   0.570,9999.000,9999.000,9999.000,9999.000,9999.000,9999.000,9999.000,9999.000
202608081348,   0.525,9999.000,9999.000,9999.000,9999.000,9999.000,9999.000,9999.000,9999.000
202608081354,   0.484,9999.000,9999.000,9999.000,9999.000,9999.000,9999.000,9999.000,9999.000
202608081400,   0.448,9999.000,   0.100,   0.180,   0.728,   0.000,   0.628,   0.300,   0.928
202608081406,   0.417,9999.000,9999.000,9999.000,9999.000,9999.000,9999.000,9999.000,9999.000
202608081412,   0.391,9999.000,9999.000,9999.000,9999.000,9999.000,9999.000,9999.000,9999.000
202608081418,   0.371,9999.000,9999.000,9999.000,9999.000,9999.000,9999.000,9999.000,9999.000
202608081424,   0.356,9999.000,9999.000,9999.000,9999.000,9999.000,9999.000,9999.000,9999.000
202608081430,   0.347,9999.000,9999.000,9999.000,9999.000,9999.000,9999.000,9999.000,9999.000
202608081436,   0.343,9999.000,9999.000,9999.000,9999.000,9999.000,9999.000,9999.000,9999.000
202608081442,   0.346,9999.000,9999.000,9999.000,9999.000,9999.000,9999.000,9999.000,9999.000
202608081448,   0.354,9999.000,9999.000,9999.000,9999.000,9999.000,9999.000,9999.000,9999.000
202608081454,   0.367,9999.000,9999.000,9999.000,9999.000,9999.000,9999.000,9999.000,9999.000
202608081500,   0.386,9999.000,   0.100,   0.180,   0.666,   0.000,   0.566,   0.300,   0.866
202608081506,   0.411,9999.000,9999.000,9999.000,9999.000,9999.000,9999.000,9999.000,9999.000
202608081512,   0.441,9999.000,9999.000,9999.000,9999.000,9999.000,9999.000,9999.000,9999.000
202608081518,   0.477,9999.000,9999.000,9999.000,9999.000,9999.000,9999.000,9999.000,9999.000
202608081524,   0.517,9999.000,9999.000,9999.000,9999.000,9999.000,9999.000,9999.000,9999.000
202608081530,   0.562,9999.000,9999.000,9999.000,9999.000,9999.000,9999.000,9999.000,9999.000
202608081536,   0.612,9999.000,9999.000,9999.000,9999.000,9999.000,9999.000,9999.000,9999.000
202608081542,   0.667,9999.000,9999.000,9999.000,9999.000,9999.000,9999.000,9999.000,9999.000
202608081548,   0.725,9999.000,9999.000,9999.000,9999.000,9999.000,9999.000,9999.000,9999.000
202608081554,   0.788,9999.000,9999.000,9999.000,9999.000,9999.000,9999.000,9999.000,9999.000
202608081600,   0.854,9999.000,   0.200,   0.180,   1.234,   0.000,   1.034,   0.300,   1.334
202608081606,   0.925,9999.000,9999.000,9999.000,9999.000,9999.000,9999.000,9999.000,9999.000
202608081612,   0.998,9999.000,9999.000,9999.000,9999.000,9999.000,9999.000,9999.000,9999.000
202608081618,   1.075,9999.000,9999.000,9999.000,9999.000,9999.000,9999.000,9999.000,9999.000
202608081624,   1.155,9999.000,9999.000,9999.000,9999.000,9999.000,9999.000,9999.000,9999.000
202608081630,   1.237,9999.000,9999.000,9999.000,9999.000,9999.000,9999.000,9999.000,9999.000
202608081636,   1.322,9999.000,9999.000,9999.000,9999.000,9999.000,9999.000,9999.000,9999.000
202608081642,   1.410,9999.000,9999.000,9999.000,9999.000,9999.000,9999.000,9999.000,9999.000
202608081648,   1.500,9999.000,9999.000,9999.000,9999.000,9999.000,9999.000,9999.000,9999.000
202608081654,   1.593,9999.000,9999.000,9999.000,9999.000,9999.000,9999.000,9999.000,9999.000
202608081700,   1.687,9999.000,   0.200,   0.180,   2.067,   0.000,   1.867,   0.300,   2.167
202608081706,   1.783,9999.000,9999.000,9999.000,9999.000,9999.000,9999.000,9999.000,9999.000
202608081712,   1.881,9999.000,9999.000,9999.000,9999.000,9999.000,9999.000,9999.000,9999.000
202608081718,   1.980,9999.000,9999.000,9999.000,9999.000,9999.000,9999.000,9999.000,9999.000
202608081724,   2.081,9999.000,9999.000,9999.000,9999.000,9999.000,9999.000,9999.000,9999.000
202608081730,   2.183,9999.000,9999.000,9999.000,9999.000,9999.000,9999.000,9999.000,9999.000
202608081736,   2.286,9999.000,9999.000,9999.000,9999.000,9999.000,9999.000,9999.000,9999.000
202608081742,   2.390,9999.000,9999.000,9999.000,9999.000,9999.000,9999.000,9999.000,9999.000
202608081748,   2.495,9999.000,9999.000,9999.000,9999.000,9999.000,9999.000,9999.000,9999.000
202608081754,   2.600,9999.000,9999.000,9999.000,9999.000,9999.000,9999.000,9999.000,9999.000
202608081800,   2.706,9999.000,   0.200,   0.180,   3.086,   0.000,   2.886,   0.300,   3.186
202608081806,   2.811,9999.000,9999.000,9999.000,9999.000,9999.000,9999.000,9999.000,9999.000
202608081812,   2.917,9999.000,9999.000,9999.000,9999.000,9999.000,9999.000,9999.000,9999.000
202608081818,   3.022,9999.000,9999.000,9999.000,9999.000,9999.000,9999.000,9999.000,9999.000
202608081824,   3.126,9999.000,9999.000,9999.000,9999.000,9999.000,9999.000,9999.000,9999.000
202608081830,   3.230,9999.000,9999.000,9999.000,9999.000,9999.000,9999.000,9999.000,9999.000
202608081836,   3.332,9999.000,9999.000,9999.000,9999.000,9999.000,9999.000,9999.000,9999.000
202608081842,   3.433,9999.000,9999.000,9999.000,9999.000,9999.000,9999.000,9999.000,9999.000
202608081848,   3.533,9999.000,9999.000,9999.000,9999.000,9999.000,9999.000,9999.000,9999.000
202608081854,   3.630,9999.000,9999.000,9999.000,9999.000,9999.000,9999.000,9999.000,9999.000
202608081900,   3.726,9999.000,   0.200,   0.180,   4.106,   0.000,   3.906,   0.400,   4.306
202608081906,   3.819,9999.000,9999.000,9999.000,9999.000,9999.000,9999.000,9999.000,9999.000
202608081912,   3.909,9999.000,9999.000,9999.000,9999.000,9999.000,9999.000,9999.000,9999.000
202608081918,   3.997,9999.000,9999.000,9999.000,9999.000,9999.000,9999.000,9999.000,9999.000
202608081924,   4.082,9999.000,9999.000,9999.000,9999.000,9999.000,9999.000,9999.000,9999.000
202608081930,   4.163,9999.000,9999.000,9999.000,9999.000,9999.000,9999.000,9999.000,9999.000
202608081936,   4.241,9999.000,9999.000,9999.000,9999.000,9999.000,9999.000,9999.000,9999.000
202608081942,   4.316,9999.000,9999.000,9999.000,9999.000,9999.000,9999.000,9999.000,9999.000
202608081948,   4.387,9999.000,9999.000,9999.000,9999.000,9999.000,9999.000,9999.000,9999.000
202608081954,   4.455,9999.000,9999.000,9999.000,9999.000,9999.000,9999.000,9999.000,9999.000
202608082000,   4.519,9999.000,   0.200,   0.180,   4.899,   0.000,   4.699,   0.400,   5.099
202608082006,   4.578,9999.000,9999.000,9999.000,9999.000,9999.000,9999.000,9999.000,9999.000
202608082012,   4.634,9999.000,9999.000,9999.000,9999.000,9999.000,9999.000,9999.000,9999.000
202608082018,   4.686,9999.000,9999.000,9999.000,9999.000,9999.000,9999.000,9999.000,9999.000
202608082024,   4.734,9999.000,9999.000,9999.000,9999.000,9999.000,9999.000,9999.000,9999.000
202608082030,   4.777,9999.000,9999.000,9999.000,9999.000,9999.000,9999.000,9999.000,9999.000
202608082036,   4.816,9999.000,9999.000,9999.000,9999.000,9999.000,9999.000,9999.000,9999.000
202608082042,   4.852,9999.000,9999.000,9999.000,9999.000,9999.000,9999.000,9999.000,9999.000
202608082048,   4.882,9999.000,9999.000,9999.000,9999.000,9999.000,9999.000,9999.000,9999.000
202608082054,   4.909,9999.000,9999.000,9999.000,9999.000,9999.000,9999.000,9999.000,9999.000
202608082100,   4.931,9999.000,   0.200,   0.180,   5.311,   0.000,   5.111,   0.400,   5.511
202608082106,   4.948,9999.000,9999.000,9999.000,9999.000,9999.000,9999.000,9999.000,9999.000
202608082112,   4.962,9999.000,9999.000,9999.000,9999.000,9999.000,9999.000,9999.000,9999.000
202608082118,   4.970,9999.000,9999.000,9999.000,9999.000,9999.000,9999.000,9999.000,9999.000
202608082124,   4.974,9999.000,9999.000,9999.000,9999.000,9999.000,9999.000,9999.000,9999.000
202608082130,   4.974,9999.000,9999.000,9999.000,9999.000,9999.000,9999.000,9999.000,9999.000
202608082136,   4.969,9999.000,9999.000,9999.000,9999.000,9999.000,9999.000,9999.000,9999.000
202608082142,   4.959,9999.000,9999.000,9999.000,9999.000,9999.000,9999.000,9999.000,9999.000
202608082148,   4.945,9999.000,9999.000,9999.000,9999.000,9999.000,9999.000,9999.000,9999.000
202608082154,   4.926,9999.000,9999.000,9999.000,9999.000,9999.000,9999.000,9999.000,9999.000
202608082200,   4.902,9999.000,   0.200,   0.180,   5.282,   0.000,   5.082,   0.400,   5.482
202608082206,   4.874,9999.000,9999.000,9999.000,9999.000,9999.000,9999.000,9999.000,9999.000
202608082212,   4.841,9999.000,9999.000,9999.000,9999.000,9999.000,9999.000,9999.000,9999.000
202608082218,   4.803,9999.000,9999.000,9999.000,9999.000,9999.000,9999.000,9999.000,9999.000
202608082224,   4.761,9999.000,9999.000,9999.000,9999.000,9999.000,9999.000,9999.000,9999.000
202608082230,   4.715,9999.000,9999.000,9999.000,9999.000,9999.000,9999.000,9999.000,9999.000
202608082236,   4.664,9999.000,9999.000,9999.000,9999.000,9999.000,9999.000,9999.000,9999.000
202608082242,   4.608,9999.000,9999.000,9999.000,9999.000,9999.000,9999.000,9999.000,9999.000
202608082248,   4.549,9999.000,9999.000,9999.000,9999.000,9999.000,9999.000,9999.000,9999.000
202608082254,   4.485,9999.000,9999.000,9999.000,9999.000,9999.000,9999.000,9999.000,9999.000
202608082300,   4.418,9999.000,   0.200,   0.180,   4.798,   0.000,   4.598,   0.400,   4.998
202608082306,   4.347,9999.000,9999.000,9999.000,9999.000,9999.000,9999.000,9999.000,9999.000
202608082312,   4.272,9999.000,9999.000,9999.000,9999.000,9999.000,9999.000,9999.000,9999.000
202608082318,   4.193,9999.000,9999.000,9999.000,9999.000,9999.000,9999.000,9999.000,9999.000
202608082324,   4.112,9999.000,9999.000,9999.000,9999.000,9999.000,9999.000,9999.000,9999.000
202608082330,   4.027,9999.000,9999.000,9999.000,9999.000,9999.000,9999.000,9999.000,9999.000
202608082336,   3.939,9999.000,9999.000,9999.000,9999.000,9999.000,9999.000,9999.000,9999.000
202608082342,   3.849,9999.000,9999.000,9999.000,9999.000,9999.000,9999.000,9999.000,9999.000
202608082348,   3.756,9999.000,9999.000,9999.000,9999.000,9999.000,9999.000,9999.000,9999.000
202608082354,   3.661,9999.000,9999.000,9999.000,9999.000,9999.000,9999.000,9999.000,9999.000
202608090000,   3.564,9999.000,   0.200,   0.180,   3.944,   0.000,   3.744,   0.400,   4.144
202608090006,   3.464,9999.000,9999.000,9999.000,9999.000,9999.000,9999.000,9999.000,9999.000
202608090012,   3.363,9999.000,9999.000,9999.000,9999.000,9999.000,9999.000,9999.000,9999.000
202608090018,   3.261,9999.000,9999.000,9999.000,9999.000,9999.000,9999.000,9999.000,9999.000
202608090024,   3.157,9999.000,9999.000,9999.000,9999.000,9999.000,9999.000,9999.000,9999.000
202608090030,   3.052,9999.000,9999.000,9999.000,9999.000,9999.000,9999.000,9999.000,9999.000
202608090036,   2.946,9999.000,9999.000,9999.000,9999.000,9999.000,9999.000,9999.000,9999.000
202608090042,   2.840,9999.000,9999.000,9999.000,9999.000,9999.000,9999.000,9999.000,9999.000
202608090048,   2.733,9999.000,9999.000,9999.000,9999.000,9999.000,9999.000,9999.000,9999.000
202608090054,   2.626,9999.000,9999.000,9999.000,9999.000,9999.000,9999.000,9999.000,9999.000
202608090100,   2.519,9999.000,   0.200,   0.180,   2.899,   0.000,   2.699,   0.300,   2.999
202608090106,   2.413,9999.000,9999.000,9999.000,9999.000,9999.000,9999.000,9999.000,9999.000
202608090112,   2.306,9999.000,9999.000,9999.000,9999.000,9999.000,9999.000,9999.000,9999.000
202608090118,   2.201,9999.000,9999.000,9999.000,9999.000,9999.000,9999.000,9999.000,9999.000
202608090124,   2.097,9999.000,9999.000,9999.000,9999.000,9999.000,9999.000,9999.000,9999.000
202608090130,   1.994,9999.000,9999.000,9999.000,9999.000,9999.000,9999.000,9999.000,9999.000
202608090136,   1.893,9999.000,9999.000,9999.000,9999.000,9999.000,9999.000,9999.000,9999.000
202608090142,   1.794,9999.000,9999.000,9999.000,9999.000,9999.000,9999.000,9999.000,9999.000
202608090148,   1.697,9999.000,9999.000,9999.000,9999.000,9999.000,9999.000,9999.000,9999.000
202608090154,   1.603,9999.000,9999.000,9999.000,9999.000,9999.000,9999.000,9999.000,9999.000
202608090200,   1.512,9999.000,   0.100,   0.180,   1.792,   0.000,   1.692,   0.300,   1.992
202608090206,   1.424,9999.000,9999.000,9999.000,9999.000,9999.000,9999.000,9999.000,9999.000
202608090212,   1.340,9999.000,9999.000,9999.000,9999.000,9999.000,9999.000,9999.000,9999.000
202608090218,   1.259,9999.000,9999.000,9999.000,9999.000,9999.000,9999.000,9999.000,9999.000
202608090224,   1.183,9999.000,9999.000,9999.000,9999.000,9999.000,9999.000,9999.000,9999.000
202608090230,   1.110,9999.000,9999.000,9999.000,9999.000,9999.000,9999.000,9999.000,9999.000
202608090236,   1.042,9999.000,9999.000,9999.000,9999.000,9999.000,9999.000,9999.000,9999.000
202608090242,   0.979,9999.000,9999.000,9999.000,9999.000,9999.000,9999.000,9999.000,9999.000
202608090248,   0.921,9999.000,9999.000,9999.000,9999.000,9999.000,9999.000,9999.000,9999.000
202608090254,   0.868,9999.000,9999.000,9999.000,9999.000,9999.000,9999.000,9999.000,9999.000
202608090300,   0.820,9999.000,   0.100,   0.180,   1.100,   0.000,   1.000,   0.300,   1.300
202608090306,   0.777,9999.000,9999.000,9999.000,9999.000,9999.000,9999.000,9999.000,9999.000
202608090312,   0.739,9999.000,9999.000,9999.000,9999.000,9999.000,9999.000,9999.000,9999.000
202608090318,   0.707,9999.000,9999.000,9999.000,9999.000,9999.000,9999.000,9999.000,9999.000
202608090324,   0.679,9999.000,9999.000,9999.000,9999.000,9999.000,9999.000,9999.000,9999.000
202608090330,   0.657,9999.000,9999.000,9999.000,9999.000,9999.000,9999.000,9999.000,9999.000
202608090336,   0.640,9999.000,9999.000,9999.000,9999.000,9999.000,9999.000,9999.000,9999.000
202608090342,   0.629,9999.000,9999.000,9999.000,9999.000,9999.000,9999.000,9999.000,9999.000
202608090348,   0.622,9999.000,9999.000,9999.000,9999.000,9999.000,9999.000,9999.000,9999.000
202608090354,   0.619,9999.000,9999.000,9999.000,9999.000,9999.000,9999.000,9999.000,9999.000
202608090400,   0.622,9999.000,   0.100,   0.180,   0.902,  -0.100,   0.702,   0.300,   1.102
202608090406,   0.629,9999.000,9999.000,9999.000,9999.000,9999.000,9999.000,9999.000,9999.000
202608090412,   0.640,9999.000,9999.000,9999.000,9999.000,9999.000,9999.000,9999.000,9999.000
202608090418,   0.655,9999.000,9999.000,9999.000,9999.000,9999.000,9999.000,9999.000,9999.000
202608090424,   0.675,9999.000,9999.000,9999.000,9999.000,9999.000,9999.000,9999.000,9999.000
202608090430,   0.698,9999.000,9999.000,9999.000,9999.000,9999.000,9999.000,9999.000,9999.000
202608090436,   0.725,9999.000,9999.000,9999.000,9999.000,9999.000,9999.000,9999.000,9999.000
202608090442,   0.756,9999.000,9999.000,9999.000,9999.000,9999.000,9999.000,9999.000,9999.000
202608090448,   0.789,9999.000,9999.000,9999.000,9999.000,9999.000,9999.000,9999.000,9999.000
202608090454,   0.827,9999.000,9999.000,9999.000,9999.000,9999.000,9999.000,9999.000,9999.000
202608090500,   0.867,9999.000,   0.000,   0.180,   1.047,  -0.100,   0.947,   0.300,   1.347
202608090506,   0.910,9999.000,9999.000,9999.000,9999.000,9999.000,9999.000,9999.000,9999.000
202608090512,   0.956,9999.000,9999.000,9999.000,9999.000,9999.000,9999.000,9999.000,9999.000
202608090518,   1.005,9999.000,9999.000,9999.000,9999.000,9999.000,9999.000,9999.000,9999.000
202608090524,   1.057,9999.000,9999.000,9999.000,9999.000,9999.000,9999.000,9999.000,9999.000
202608090530,   1.111,9999.000,9999.000,9999.000,9999.000,9999.000,9999.000,9999.000,9999.000
202608090536,   1.167,9999.000,9999.000,9999.000,9999.000,9999.000,9999.000,9999.000,9999.000
202608090542,   1.227,9999.000,9999.000,9999.000,9999.000,9999.000,9999.000,9999.000,9999.000
202608090548,   1.288,9999.000,9999.000,9999.000,9999.000,9999.000,9999.000,9999.000,9999.000
202608090554,   1.351,9999.000,9999.000,9999.000,9999.000,9999.000,9999.000,9999.000,9999.000
202608090600,   1.417,9999.000,   0.000,   0.180,   1.597,  -0.200,   1.397,   0.300,   1.897
202608090606,   1.484,9999.000,9999.000,9999.000,9999.000,9999.000,9999.000,9999.000,9999.000
202608090612,   1.553,9999.000,9999.000,9999.000,9999.000,9999.000,9999.000,9999.000,9999.000
202608090618,   1.624,9999.000,9999.000,9999.000,9999.000,9999.000,9999.000,9999.000,9999.000
202608090624,   1.696,9999.000,9999.000,9999.000,9999.000,9999.000,9999.000,9999.000,9999.000
202608090630,   1.770,9999.000,9999.000,9999.000,9999.000,9999.000,9999.000,9999.000,9999.000
202608090636,   1.844,9999.000,9999.000,9999.000,9999.000,9999.000,9999.000,9999.000,9999.000
202608090642,   1.920,9999.000,9999.000,9999.000,9999.000,9999.000,9999.000,9999.000,9999.000
202608090648,   1.996,9999.000,9999.000,9999.000,9999.000,9999.000,9999.000,9999.000,9999.000
202608090654,   2.072,9999.000,9999.000,9999.000,9999.000,9999.000,9999.000,9999.000,9999.000
202608090700,   2.149,9999.000,   0.000,   0.180,   2.329,  -0.200,   2.129,   0.300,   2.629
202608090706,   2.225,9999.000,9999.000,9999.000,9999.000,9999.000,9999.000,9999.000,9999.000
202608090712,   2.301,9999.000,9999.000,9999.000,9999.000,9999.000,9999.000,9999.000,9999.000
202608090718,   2.377,9999.000,9999.000,9999.000,9999.000,9999.000,9999.000,9999.000,9999.000
202608090724,   2.452,9999.000,9999.000,9999.000,9999.000,9999.000,9999.000,9999.000,9999.000
202608090730,   2.525,9999.000,9999.000,9999.000,9999.000,9999.000,9999.000,9999.000,9999.000
202608090736,   2.598,9999.000,9999.000,9999.000,9999.000,9999.000,9999.000,9999.000,9999.000
202608090742,   2.669,9999.000,9999.000,9999.000,9999.000,9999.000,9999.000,9999.000,9999.000
202608090748,   2.738,9999.000,9999.000,9999.000,9999.000,9999.000,9999.000,9999.000,9999.000
202608090754,   2.806,9999.000,9999.000,9999.000,9999.000,9999.000,9999.000,9999.000,9999.000
202608090800,   2.871,9999.000,   0.000,   0.180,   3.051,  -0.200,   2.851,   0.300,   3.351
202608090806,   2.935,9999.000,9999.000,9999.000,9999.000,9999.000,9999.000,9999.000,9999.000
202608090812,   2.995,9999.000,9999.000,9999.000,9999.000,9999.000,9999.000,9999.000,9999.000
202608090818,   3.054,9999.000,9999.000,9999.000,9999.000,9999.000,9999.000,9999.000,9999.000
202608090824,   3.109,9999.000,9999.000,9999.000,9999.000,9999.000,9999.000,9999.000,9999.000
202608090830,   3.162,9999.000,9999.000,9999.000,9999.000,9999.000,9999.000,9999.000,9999.000
202608090836,   3.212,9999.000,9999.000,9999.000,9999.000,9999.000,9999.000,9999.000,9999.000
202608090842,   3.259,9999.000,9999.000,9999.000,9999.000,9999.000,9999.000,9999.000,9999.000
202608090848,   3.303,9999.000,9999.000,9999.000,9999.000,9999.000,9999.000,9999.000,9999.000
202608090854,   3.344,9999.000,9999.000,9999.000,9999.000,9999.000,9999.000,9999.000,9999.000
202608090900,   3.381,9999.000,   0.100,   0.180,   3.661,  -0.200,   3.361,   0.300,   3.861
202608090906,   3.415,9999.000,9999.000,9999.000,9999.000,9999.000,9999.000,9999.000,9999.000
202608090912,   3.446,9999.000,9999.000,9999.000,9999.000,9999.000,9999.000,9999.000,9999.000
202608090918,   3.473,9999.000,9999.000,9999.000,9999.000,9999.000,9999.000,9999.000,9999.000
202608090924,   3.497,9999.000,9999.000,9999.000,9999.000,9999.000,9999.000,9999.000,9999.000
202608090930,   3.516,9999.000,9999.000,9999.000,9999.000,9999.000,9999.000,9999.000,9999.000
202608090936,   3.533,9999.000,9999.000,9999.000,9999.000,9999.000,9999.000,9999.000,9999.000
202608090942,   3.545,9999.000,9999.000,9999.000,9999.000,9999.000,9999.000,9999.000,9999.000
202608090948,   3.553,9999.000,9999.000,9999.000,9999.000,9999.000,9999.000,9999.000,9999.000
202608090954,   3.558,9999.000,9999.000,9999.000,9999.000,9999.000,9999.000,9999.000,9999.000
202608091000,   3.558,9999.000,   0.100,   0.180,   3.838,  -0.200,   3.538,   0.300,   4.038
202608091006,   3.555,9999.000,9999.000,9999.000,9999.000,9999.000,9999.000,9999.000,9999.000
202608091012,   3.547,9999.000,9999.000,9999.000,9999.000,9999.000,9999.000,9999.000,9999.000
202608091018,   3.536,9999.000,9999.000,9999.000,9999.000,9999.000,9999.000,9999.000,9999.000
202608091024,   3.520,9999.000,9999.000,9999.000,9999.000,9999.000,9999.000,9999.000,9999.000
202608091030,   3.500,9999.000,9999.000,9999.000,9999.000,9999.000,9999.000,9999.000,9999.000
202608091036,   3.475,9999.000,9999.000,9999.000,9999.000,9999.000,9999.000,9999.000,9999.000
202608091042,   3.447,9999.000,9999.000,9999.000,9999.000,9999.000,9999.000,9999.000,9999.000
202608091048,   3.415,9999.000,9999.000,9999.000,9999.000,9999.000,9999.000,9999.000,9999.000
202608091054,   3.378,9999.000,9999.000,9999.000,9999.000,9999.000,9999.000,9999.000,9999.000
202608091100,   3.338,9999.000,   0.100,   0.180,   3.618,  -0.100,   3.418,   0.300,   3.818
202608091106,   3.293,9999.000,9999.000,9999.000,9999.000,9999.000,9999.000,9999.000,9999.000
202608091112,   3.245,9999.000,9999.000,9999.000,9999.000,9999.000,9999.000,9999.000,9999.000
202608091118,   3.193,9999.000,9999.000,9999.000,9999.000,9999.000,9999.000,9999.000,9999.000
202608091124,   3.138,9999.000,9999.000,9999.000,9999.000,9999.000,9999.000,9999.000,9999.000
202608091130,   3.079,9999.000,9999.000,9999.000,9999.000,9999.000,9999.000,9999.000,9999.000
202608091136,   3.016,9999.000,9999.000,9999.000,9999.000,9999.000,9999.000,9999.000,9999.000
202608091142,   2.951,9999.000,9999.000,9999.000,9999.000,9999.000,9999.000,9999.000,9999.000
202608091148,   2.882,9999.000,9999.000,9999.000,9999.000,9999.000,9999.000,9999.000,9999.000
202608091154,   2.811,9999.000,9999.000,9999.000,9999.000,9999.000,9999.000,9999.000,9999.000
202608091200,   2.737,9999.000,   0.100,   0.180,   3.017,  -0.100,   2.817,   0.300,   3.217
