        TIME,    TIDE,      OB,   SURGE,    BIAS,     TWL,SURGE90p,  TWL90p,SURGE10p,   TWL10p
202607041200,   0.237,9999.000,   0.500,9999.000,   0.737,   0.500,   0.737,   0.500,   0.737
202607041206,   0.224,9999.000,9999.000,9999.000,9999.000,9999.000,9999.000,9999.000,9999.000
202607041212,   0.212,9999.000,9999.000,9999.000,9999.000,9999.000,9999.000,9999.000,9999.000
202607041218,   0.201,9999.000,9999.000,9999.000,9999.000,9999.000,9999.000,9999.000,9999.000
202607041224,   0.191,9999.000,9999.000,9999.000,9999.000,9999.000,9999.000,9999.000,9999.000
202607041230,   0.182,9999.000,9999.000,9999.000,9999.000,9999.000,9999.000,9999.000,9999.000
202607041236,   0.174,9999.000,9999.000,9999.000,9999.000,9999.000,9999.000,9999.000,9999.000
202607041242,   0.167,9999.000,9999.000,9999.000,9999.000,9999.000,9999.000,9999.000,9999.000
202607041248,   0.161,9999.000,9999.000,9999.000,9999.000,9999.000,9999.000,9999.000,9999.000
202607041254,   0.156,9999.000,9999.000,9999.000,9999.000,9999.000,9999.000,9999.000,9999.000
202607041300,   0.153,   0.570,   0.500,  -0.083,   0.570,   0.500,   0.570,   0.500,   0.570
202607041306,   0.151,   0.551,9999.000,9999.000,9999.000,9999.000,9999.000,9999.000,9999.000
202607041312,   0.151,   0.560,9999.000,9999.000,9999.000,9999.000,9999.000,9999.000,9999.000
202607041318,   0.152,   0.551,9999.000,9999.000,9999.000,9999.000,9999.000,9999.000,9999.000
202607041324,   0.154,   0.560,9999.000,9999.000,9999.000,9999.000,9999.000,9999.000,9999.000
202607041330,   0.158,   0.580,9999.000,9999.000,9999.000,9999.000,9999.000,9999.000,9999.000
202607041336,   0.164,   0.570,9999.000,9999.000,9999.000,9999.000,9999.000,9999.000,9999.000
202607041342,   0.171,   0.619,9999.000,9999.000,9999.000,9999.000,9999.000,9999.000,9999.000
202607041348,   0.180,   0.600,9999.000,9999.000,9999.000,9999.000,9999.000,9999.000,9999.000
202607041354,   0.190,   0.649,9999.000,9999.000,9999.000,9999.000,9999.000,9999.000,9999.000
202607041400,   0.202,   0.688,   0.500,  -0.014,   0.688,   0.500,   0.688,   0.500,   0.688
202607041406,   0.215,   0.698,9999.000,9999.000,9999.000,9999.000,9999.000,9999.000,9999.000
202607041412,   0.229,   0.708,9999.000,9999.000,9999.000,9999.000,9999.000,9999.000,9999.000
202607041418,   0.245,   0.760,9999.000,9999.000,9999.000,9999.000,9999.000,9999.000,9999.000
202607041424,   0.262,   0.770,9999.000,9999.000,9999.000,9999.000,9999.000,9999.000,9999.000
202607041430,   0.281,   0.829,9999.000,9999.000,9999.000,9999.000,9999.000,9999.000,9999.000
202607041436,   0.300,   0.829,9999.000,9999.000,9999.000,9999.000,9999.000,9999.000,9999.000
202607041442,   0.320,   0.859,9999.000,9999.000,9999.000,9999.000,9999.000,9999.000,9999.000
202607041448,   0.341,   0.869,9999.000,9999.000,9999.000,9999.000,9999.000,9999.000,9999.000
202607041454,   0.363,   0.918,9999.000,9999.000,9999.000,9999.000,9999.000,9999.000,9999.000
202607041500,   0.386,   0.918,   0.500,   0.032,   0.918,   0.500,   0.918,   0.500,   0.918
202607041506,   0.409,   0.951,9999.000,9999.000,9999.000,9999.000,9999.000,9999.000,9999.000
202607041512,   0.432,   0.970,9999.000,9999.000,9999.000,9999.000,9999.000,9999.000,9999.000
202607041518,   0.456,   1.029,9999.000,9999.000,9999.000,9999.000,9999.000,9999.000,9999.000
202607041524,   0.479,   1.020,9999.000,9999.000,9999.000,9999.000,9999.000,9999.000,9999.000
202607041530,   0.503,   1.088,9999.000,9999.000,9999.000,9999.000,9999.000,9999.000,9999.000
202607041536,   0.527,   1.069,9999.000,9999.000,9999.000,9999.000,9999.000,9999.000,9999.000
202607041542,   0.550,   1.151,9999.000,9999.000,9999.000,9999.000,9999.000,9999.000,9999.000
202607041548,   0.574,   1.151,9999.000,9999.000,9999.000,9999.000,9999.000,9999.000,9999.000
202607041554,   0.597,   1.200,9999.000,9999.000,9999.000,9999.000,9999.000,9999.000,9999.000
202607041600,   0.620,   1.249,   0.500,   0.129,   1.249,   0.500,   1.249,   0.600,   1.349
202607041606,   0.642,   1.259,9999.000,9999.000,9999.000,9999.000,9999.000,9999.000,9999.000
202607041612,   0.664,   1.318,9999.000,9999.000,9999.000,9999.000,9999.000,9999.000,9999.000
202607041618,   0.686,   1.269,9999.000,9999.000,9999.000,9999.000,9999.000,9999.000,9999.000
202607041624,   0.707,   1.338,9999.000,9999.000,9999.000,9999.000,9999.000,9999.000,9999.000
202607041630,   0.728,   1.348,9999.000,9999.000,9999.000,9999.000,9999.000,9999.000,9999.000
202607041636,   0.749,   1.371,9999.000,9999.000,9999.000,9999.000,9999.000,9999.000,9999.000
202607041642,   0.769,   1.420,9999.000,9999.000,9999.000,9999.000,9999.000,9999.000,9999.000
202607041648,   0.788,   1.439,9999.000,9999.000,9999.000,9999.000,9999.000,9999.000,9999.000
202607041654,   0.807,   1.449,9999.000,9999.000,9999.000,9999.000,9999.000,9999.000,9999.000
202607041700,   0.825,   1.469,   0.500,   0.144,   1.469,   0.500,   1.469,   0.600,   1.569
202607041706,   0.843,   1.518,9999.000,9999.000,9999.000,9999.000,9999.000,9999.000,9999.000
202607041712,   0.861,   1.508,9999.000,9999.000,9999.000,9999.000,9999.000,9999.000,9999.000
202607041718,   0.878,   1.538,9999.000,9999.000,9999.000,9999.000,9999.000,9999.000,9999.000
202607041724,   0.894,   1.580,9999.000,9999.000,9999.000,9999.000,9999.000,9999.000,9999.000
202607041730,   0.910,   1.571,9999.000,9999.000,9999.000,9999.000,9999.000,9999.000,9999.000
202607041736,   0.925,   1.610,9999.000,9999.000,9999.000,9999.000,9999.000,9999.000,9999.000
202607041742,   0.939,   1.620,9999.000,9999.000,9999.000,9999.000,9999.000,9999.000,9999.000
202607041748,   0.953,   1.639,9999.000,9999.000,9999.000,9999.000,9999.000,9999.000,9999.000
202607041754,   0.966,   1.649,9999.000,9999.000,9999.000,9999.000,9999.000,9999.000,9999.000
202607041800,   0.977,   1.679,   0.600,   0.102,   1.679,   0.500,   1.579,   0.600,   1.679
202607041806,   0.988,   1.659,9999.000,9999.000,9999.000,9999.000,9999.000,9999.000,9999.000
202607041812,   0.998,   1.708,9999.000,9999.000,9999.000,9999.000,9999.000,9999.000,9999.000
202607041818,   1.007,   1.689,9999.000,9999.000,9999.000,9999.000,9999.000,9999.000,9999.000
202607041824,   1.014,   1.699,9999.000,9999.000,9999.000,9999.000,9999.000,9999.000,9999.000
202607041830,   1.020,   1.718,9999.000,9999.000,9999.000,9999.000,9999.000,9999.000,9999.000
202607041836,   1.025,   1.718,9999.000,9999.000,9999.000,9999.000,9999.000,9999.000,9999.000
202607041842,   1.028,   1.708,9999.000,9999.000,9999.000,9999.000,9999.000,9999.000,9999.000
202607041848,   1.030,   1.738,9999.000,9999.000,9999.000,9999.000,9999.000,9999.000,9999.000
202607041854,   1.031,   1.699,9999.000,9999.000,9999.000,9999.000,9999.000,9999.000,9999.000
202607041900,   1.029,   1.708,   0.600,   0.079,   1.708,   0.500,   1.608,   0.600,   1.708
202607041906,   1.027,   1.699,9999.000,9999.000,9999.000,9999.000,9999.000,9999.000,9999.000
202607041912,   1.022,   1.718,9999.000,9999.000,9999.000,9999.000,9999.000,9999.000,9999.000
202607041918,   1.017,   1.699,9999.000,9999.000,9999.000,9999.000,9999.000,9999.000,9999.000
202607041924,   1.009,   1.639,9999.000,9999.000,9999.000,9999.000,9999.000,9999.000,9999.000
202607041930,   1.000,   1.659,9999.000,9999.000,9999.000,9999.000,9999.000,9999.000,9999.000
202607041936,   0.990,   1.630,9999.000,9999.000,9999.000,9999.000,9999.000,9999.000,9999.000
202607041942,   0.978,   1.610,9999.000,9999.000,9999.000,9999.000,9999.000,9999.000,9999.000
202607041948,   0.965,   1.580,9999.000,9999.000,9999.000,9999.000,9999.000,9999.000,9999.000
202607041954,   0.951,   1.590,9999.000,9999.000,9999.000,9999.000,9999.000,9999.000,9999.000
202607042000,   0.936,   1.548,   0.600,   0.012,   1.548,   0.600,   1.548,   0.600,   1.548
202607042006,   0.920,   1.548,9999.000,9999.000,9999.000,9999.000,9999.000,9999.000,9999.000
202607042012,   0.902,   1.498,9999.000,9999.000,9999.000,9999.000,9999.000,9999.000,9999.000
202607042018,   0.884,   1.498,9999.000,9999.000,9999.000,9999.000,9999.000,9999.000,9999.000
202607042024,   0.865,   1.489,9999.000,9999.000,9999.000,9999.000,9999.000,9999.000,9999.000
202607042030,   0.846,   1.439,9999.000,9999.000,9999.000,9999.000,9999.000,9999.000,9999.000
202607042036,   0.826,   1.439,9999.000,9999.000,9999.000,9999.000,9999.000,9999.000,9999.000
202607042042,   0.806,   1.380,9999.000,9999.000,9999.000,9999.000,9999.000,9999.000,9999.000
202607042048,   0.785,   1.380,9999.000,9999.000,9999.000,9999.000,9999.000,9999.000,9999.000
202607042054,   0.764,   1.338,9999.000,9999.000,9999.000,9999.000,9999.000,9999.000,9999.000
202607042100,   0.743,   1.338,   0.600,  -0.005,   1.338,   0.600,   1.338,   0.600,   1.338
202607042106,   0.722,   1.308,9999.000,9999.000,9999.000,9999.000,9999.000,9999.000,9999.000
202607042112,   0.701,   1.308,9999.000,9999.000,9999.000,9999.000,9999.000,9999.000,9999.000
202607042118,   0.680,   1.279,9999.000,9999.000,9999.000,9999.000,9999.000,9999.000,9999.000
202607042124,   0.660,   1.239,9999.000,9999.000,9999.000,9999.000,9999.000,9999.000,9999.000
202607042130,   0.639,   1.239,9999.000,9999.000,9999.000,9999.000,9999.000,9999.000,9999.000
202607042136,   0.618,   1.190,9999.000,9999.000,9999.000,9999.000,9999.000,9999.000,9999.000
202607042142,   0.598,   1.190,9999.000,9999.000,9999.000,9999.000,9999.000,9999.000,9999.000
202607042148,   0.579,   1.161,9999.000,9999.000,9999.000,9999.000,9999.000,9999.000,9999.000
202607042154,   0.559,   1.118,9999.000,9999.000,9999.000,9999.000,9999.000,9999.000,9999.000
202607042200,   0.540,   1.128,   0.600,  -0.012,   1.128,   0.600,   1.128,   0.600,   1.128
202607042206,   0.522,   1.079,9999.000,9999.000,9999.000,9999.000,9999.000,9999.000,9999.000
202607042212,   0.504,   1.079,9999.000,9999.000,9999.000,9999.000,9999.000,9999.000,9999.000
202607042218,   0.486,   1.039,9999.000,9999.000,9999.000,9999.000,9999.000,9999.000,9999.000
202607042224,   0.468,   1.039,9999.000,9999.000,9999.000,9999.000,9999.000,9999.000,9999.000
202607042230,   0.452,   0.990,9999.000,9999.000,9999.000,9999.000,9999.000,9999.000,9999.000
202607042236,   0.435,   1.010,9999.000,9999.000,9999.000,9999.000,9999.000,9999.000,9999.000
202607042242,   0.419,   0.980,9999.000,9999.000,9999.000,9999.000,9999.000,9999.000,9999.000
202607042248,   0.404,   0.951,9999.000,9999.000,9999.000,9999.000,9999.000,9999.000,9999.000
202607042254,   0.389,   0.918,9999.000,9999.000,9999.000,9999.000,9999.000,9999.000,9999.000
202607042300,   0.374,   0.928,   0.600,  -0.046,   0.928,   0.600,   0.928,   0.600,   0.928
202607042306,   0.360,   0.908,9999.000,9999.000,9999.000,9999.000,9999.000,9999.000,9999.000
202607042312,   0.347,   0.898,9999.000,9999.000,9999.000,9999.000,9999.000,9999.000,9999.000
202607042318,   0.334,   0.898,9999.000,9999.000,9999.000,9999.000,9999.000,9999.000,9999.000
202607042324,   0.322,   0.898,9999.000,9999.000,9999.000,9999.000,9999.000,9999.000,9999.000
202607042330,   0.310,   0.849,9999.000,9999.000,9999.000,9999.000,9999.000,9999.000,9999.000
202607042336,   0.299,   0.859,9999.000,9999.000,9999.000,9999.000,9999.000,9999.000,9999.000
202607042342,   0.288,   0.829,9999.000,9999.000,9999.000,9999.000,9999.000,9999.000,9999.000
202607042348,   0.278,   0.849,9999.000,9999.000,9999.000,9999.000,9999.000,9999.000,9999.000
202607042354,   0.269,   0.839,9999.000,9999.000,9999.000,9999.000,9999.000,9999.000,9999.000
202607050000,   0.260,   0.819,   0.600,  -0.041,   0.819,   0.600,   0.819,   0.600,   0.819
202607050006,   0.252,   0.810,9999.000,9999.000,9999.000,9999.000,9999.000,9999.000,9999.000
202607050012,   0.245,   0.800,9999.000,9999.000,9999.000,9999.000,9999.000,9999.000,9999.000
202607050018,   0.239,   0.800,9999.000,9999.000,9999.000,9999.000,9999.000,9999.000,9999.000
202607050024,   0.233,   0.810,9999.000,9999.000,9999.000,9999.000,9999.000,9999.000,9999.000
202607050030,   0.228,   0.810,9999.000,9999.000,9999.000,9999.000,9999.000,9999.000,9999.000
202607050036,   0.225,   0.819,9999.000,9999.000,9999.000,9999.000,9999.000,9999.000,9999.000
202607050042,   0.222,   0.800,9999.000,9999.000,9999.000,9999.000,9999.000,9999.000,9999.000
202607050048,   0.220,   0.819,9999.000,9999.000,9999.000,9999.000,9999.000,9999.000,9999.000
202607050054,   0.220,   0.819,9999.000,9999.000,9999.000,9999.000,9999.000,9999.000,9999.000
202607050100,   0.220,   0.859,   0.600,   0.039,   0.859,   0.600,   0.859,   0.700,   0.959
202607050106,   0.222,   0.849,9999.000,9999.000,9999.000,9999.000,9999.000,9999.000,9999.000
202607050112,   0.225,   0.859,9999.000,9999.000,9999.000,9999.000,9999.000,9999.000,9999.000
202607050118,   0.229,   0.908,9999.000,9999.000,9999.000,9999.000,9999.000,9999.000,9999.000
202607050124,   0.234,   0.980,9999.000,9999.000,9999.000,9999.000,9999.000,9999.000,9999.000
202607050130,   0.241,   1.190,9999.000,9999.000,9999.000,9999.000,9999.000,9999.000,9999.000
202607050136,   0.250,   1.151,9999.000,9999.000,9999.000,9999.000,9999.000,9999.000,9999.000
202607050142,   0.260,   1.180,9999.000,9999.000,9999.000,9999.000,9999.000,9999.000,9999.000
202607050148,   0.271,   0.980,9999.000,9999.000,9999.000,9999.000,9999.000,9999.000,9999.000
202607050154,   0.284,   1.108,9999.000,9999.000,9999.000,9999.000,9999.000,9999.000,9999.000
202607050200,   0.298,   0.898,   0.600,  -0.000,   0.898,   0.600,   0.898,   0.600,   0.898
202607050206,   0.313,   1.161,9999.000,9999.000,9999.000,9999.000,9999.000,9999.000,9999.000
202607050212,   0.330,   1.210,9999.000,9999.000,9999.000,9999.000,9999.000,9999.000,9999.000
202607050218,   0.349,   1.200,9999.000,9999.000,9999.000,9999.000,9999.000,9999.000,9999.000
202607050224,   0.369,   1.118,9999.000,9999.000,9999.000,9999.000,9999.000,9999.000,9999.000
202607050230,   0.390,   1.020,9999.000,9999.000,9999.000,9999.000,9999.000,9999.000,9999.000
202607050236,   0.412,   1.088,9999.000,9999.000,9999.000,9999.000,9999.000,9999.000,9999.000
202607050242,   0.436,   1.088,9999.000,9999.000,9999.000,9999.000,9999.000,9999.000,9999.000
202607050248,   0.460,   1.151,9999.000,9999.000,9999.000,9999.000,9999.000,9999.000,9999.000
202607050254,   0.486,   1.210,9999.000,9999.000,9999.000,9999.000,9999.000,9999.000,9999.000
202607050300,   0.512,   1.161,   0.600,   0.049,   1.161,   0.500,   1.061,   0.600,   1.161
202607050306,   0.539,   1.118,9999.000,9999.000,9999.000,9999.000,9999.000,9999.000,9999.000
202607050312,   0.567,   1.170,9999.000,9999.000,9999.000,9999.000,9999.000,9999.000,9999.000
202607050318,   0.595,   1.210,9999.000,9999.000,9999.000,9999.000,9999.000,9999.000,9999.000
202607050324,   0.623,   1.279,9999.000,9999.000,9999.000,9999.000,9999.000,9999.000,9999.000
202607050330,   0.652,   1.308,9999.000,9999.000,9999.000,9999.000,9999.000,9999.000,9999.000
202607050336,   0.680,   1.328,9999.000,9999.000,9999.000,9999.000,9999.000,9999.000,9999.000
202607050342,   0.709,   1.328,9999.000,9999.000,9999.000,9999.000,9999.000,9999.000,9999.000
202607050348,   0.737,   1.318,9999.000,9999.000,9999.000,9999.000,9999.000,9999.000,9999.000
202607050354,   0.765,   1.420,9999.000,9999.000,9999.000,9999.000,9999.000,9999.000,9999.000
202607050400,   0.793,   1.469,   0.500,   0.176,   1.469,   0.400,   1.369,   0.600,   1.569
202607050406,   0.820,   1.548,9999.000,9999.000,9999.000,9999.000,9999.000,9999.000,9999.000
202607050412,   0.847,   1.610,9999.000,9999.000,9999.000,9999.000,9999.000,9999.000,9999.000
202607050418,   0.873,   1.699,9999.000,9999.000,9999.000,9999.000,9999.000,9999.000,9999.000
202607050424,   0.898,   1.590,9999.000,9999.000,9999.000,9999.000,9999.000,9999.000,9999.000
202607050430,   0.923,   1.689,9999.000,9999.000,9999.000,9999.000,9999.000,9999.000,9999.000
202607050436,   0.947,   1.748,9999.000,9999.000,9999.000,9999.000,9999.000,9999.000,9999.000
202607050442,   0.970,   1.840,9999.000,9999.000,9999.000,9999.000,9999.000,9999.000,9999.000
202607050448,   0.992,   1.938,9999.000,9999.000,9999.000,9999.000,9999.000,9999.000,9999.000
202607050454,   1.013,   1.928,9999.000,9999.000,9999.000,9999.000,9999.000,9999.000,9999.000
202607050500,   1.034,   1.879,   0.500,   0.345,   1.879,   0.400,   1.779,   0.500,   1.879
202607050506,   1.054,   1.869,9999.000,9999.000,9999.000,9999.000,9999.000,9999.000,9999.000
202607050512,   1.073,   1.879,9999.000,9999.000,9999.000,9999.000,9999.000,9999.000,9999.000
202607050518,   1.091,   1.918,9999.000,9999.000,9999.000,9999.000,9999.000,9999.000,9999.000
202607050524,   1.108,   2.040,9999.000,9999.000,9999.000,9999.000,9999.000,9999.000,9999.000
202607050530,   1.124,   2.000,9999.000,9999.000,9999.000,9999.000,9999.000,9999.000,9999.000
202607050536,   1.140,   1.958,9999.000,9999.000,9999.000,9999.000,9999.000,9999.000,9999.000
202607050542,   1.155,   1.990,9999.000,9999.000,9999.000,9999.000,9999.000,9999.000,9999.000
202607050548,   1.169,   1.938,9999.000,9999.000,9999.000,9999.000,9999.000,9999.000,9999.000
202607050554,   1.182,   1.990,9999.000,9999.000,9999.000,9999.000,9999.000,9999.000,9999.000
202607050600,   1.194,   2.030,   0.500,   0.336,   2.030,   0.500,   2.030,   0.500,   2.030
202607050606,   1.205,   2.020,9999.000,9999.000,9999.000,9999.000,9999.000,9999.000,9999.000
202607050612,   1.215,   1.981,9999.000,9999.000,9999.000,9999.000,9999.000,9999.000,9999.000
202607050618,   1.224,   1.938,9999.000,9999.000,9999.000,9999.000,9999.000,9999.000,9999.000
202607050624,   1.232,   1.918,9999.000,9999.000,9999.000,9999.000,9999.000,9999.000,9999.000
202607050630,   1.239,   1.889,9999.000,9999.000,9999.000,9999.000,9999.000,9999.000,9999.000
202607050636,   1.245,   1.908,9999.000,9999.000,9999.000,9999.000,9999.000,9999.000,9999.000
202607050642,   1.249,   1.928,9999.000,9999.000,9999.000,9999.000,9999.000,9999.000,9999.000
202607050648,   1.252,   1.899,9999.000,9999.000,9999.000,9999.000,9999.000,9999.000,9999.000
202607050654,   1.254,   1.889,9999.000,9999.000,9999.000,9999.000,9999.000,9999.000,9999.000
202607050700,   1.254,   1.859,   0.500,   0.105,   1.859,   0.500,   1.859,   0.600,   1.959
202607050706,   1.252,   1.790,9999.000,9999.000,9999.000,9999.000,9999.000,9999.000,9999.000
202607050712,   1.249,   1.767,9999.000,9999.000,9999.000,9999.000,9999.000,9999.000,9999.000
202607050718,   1.245,   1.790,9999.000,9999.000,9999.000,9999.000,9999.000,9999.000,9999.000
202607050724,   1.239,   1.800,9999.000,9999.000,9999.000,9999.000,9999.000,9999.000,9999.000
202607050730,   1.231,   1.767,9999.000,9999.000,9999.000,9999.000,9999.000,9999.000,9999.000
202607050736,   1.222,   1.718,9999.000,9999.000,9999.000,9999.000,9999.000,9999.000,9999.000
202607050742,   1.211,   1.679,9999.000,9999.000,9999.000,9999.000,9999.000,9999.000,9999.000
202607050748,   1.199,   1.699,9999.000,9999.000,9999.000,9999.000,9999.000,9999.000,9999.000
202607050754,   1.185,   1.669,9999.000,9999.000,9999.000,9999.000,9999.000,9999.000,9999.000
202607050800,   1.169,   1.689,   0.600,  -0.080,   1.689,   0.500,   1.589,   0.600,   1.689
202607050806,   1.153,   1.649,9999.000,9999.000,9999.000,9999.000,9999.000,9999.000,9999.000
202607050812,   1.135,   1.600,9999.000,9999.000,9999.000,9999.000,9999.000,9999.000,9999.000
202607050818,   1.116,   1.610,9999.000,9999.000,9999.000,9999.000,9999.000,9999.000,9999.000
202607050824,   1.096,   1.600,9999.000,9999.000,9999.000,9999.000,9999.000,9999.000,9999.000
202607050830,   1.074,   1.571,9999.000,9999.000,9999.000,9999.000,9999.000,9999.000,9999.000
202607050836,   1.052,   1.548,9999.000,9999.000,9999.000,9999.000,9999.000,9999.000,9999.000
202607050842,   1.029,   1.518,9999.000,9999.000,9999.000,9999.000,9999.000,9999.000,9999.000
202607050848,   1.006,   1.479,9999.000,9999.000,9999.000,9999.000,9999.000,9999.000,9999.000
202607050854,   0.982,   1.449,9999.000,9999.000,9999.000,9999.000,9999.000,9999.000,9999.000
202607050900,   0.957,   1.430,   0.600,  -0.127,   1.430,   0.600,   1.430,   0.700,   1.530
202607050906,   0.932,   1.390,9999.000,9999.000,9999.000,9999.000,9999.000,9999.000,9999.000
202607050912,   0.907,   1.361,9999.000,9999.000,9999.000,9999.000,9999.000,9999.000,9999.000
202607050918,   0.882,   1.328,9999.000,9999.000,9999.000,9999.000,9999.000,9999.000,9999.000
202607050924,   0.856,   1.318,9999.000,9999.000,9999.000,9999.000,9999.000,9999.000,9999.000
202607050930,   0.831,   1.298,9999.000,9999.000,9999.000,9999.000,9999.000,9999.000,9999.000
202607050936,   0.806,   1.269,9999.000,9999.000,9999.000,9999.000,9999.000,9999.000,9999.000
202607050942,   0.780,   1.249,9999.000,9999.000,9999.000,9999.000,9999.000,9999.000,9999.000
202607050948,   0.755,   1.229,9999.000,9999.000,9999.000,9999.000,9999.000,9999.000,9999.000
202607050954,   0.731,   1.190,9999.000,9999.000,9999.000,9999.000,9999.000,9999.000,9999.000
202607051000,   0.706,   1.180,   0.700,  -0.226,   1.180,   0.600,   1.080,   0.800,   1.280
202607051006,   0.682,   1.151,9999.000,9999.000,9999.000,9999.000,9999.000,9999.000,9999.000
202607051012,   0.660,   1.138,9999.000,9999.000,9999.000,9999.000,9999.000,9999.000,9999.000
202607051018,   0.635,   1.128,9999.000,9999.000,9999.000,9999.000,9999.000,9999.000,9999.000
202607051024,   0.612,   1.118,9999.000,9999.000,9999.000,9999.000,9999.000,9999.000,9999.000
202607051030,   0.590,   1.098,9999.000,9999.000,9999.000,9999.000,9999.000,9999.000,9999.000
202607051036,   0.568,   1.079,9999.000,9999.000,9999.000,9999.000,9999.000,9999.000,9999.000
202607051042,   0.546,   1.049,9999.000,9999.000,9999.000,9999.000,9999.000,9999.000,9999.000
202607051048,   0.525,   1.029,9999.000,9999.000,9999.000,9999.000,9999.000,9999.000,9999.000
202607051054,   0.504,   1.000,9999.000,9999.000,9999.000,9999.000,9999.000,9999.000,9999.000
202607051100,   0.483,   0.961,   0.700,  -0.222,   0.961,   0.600,   0.861,   0.800,   1.061
202607051106,   0.463,   0.951,9999.000,9999.000,9999.000,9999.000,9999.000,9999.000,9999.000
202607051112,   0.444,   0.951,9999.000,9999.000,9999.000,9999.000,9999.000,9999.000,9999.000
202607051118,   0.425,   0.941,9999.000,9999.000,9999.000,9999.000,9999.000,9999.000,9999.000
202607051124,   0.406,   0.898,9999.000,9999.000,9999.000,9999.000,9999.000,9999.000,9999.000
202607051130,   0.388,   0.849,9999.000,9999.000,9999.000,9999.000,9999.000,9999.000,9999.000
202607051136,   0.370,   0.829,9999.000,9999.000,9999.000,9999.000,9999.000,9999.000,9999.000
202607051142,   0.352,   0.829,9999.000,9999.000,9999.000,9999.000,9999.000,9999.000,9999.000
202607051148,   0.336,   0.810,9999.000,9999.000,9999.000,9999.000,9999.000,9999.000,9999.000
202607051154,   0.319,   0.790,9999.000,9999.000,9999.000,9999.000,9999.000,9999.000,9999.000
202607051200,   0.303,   0.760,   0.600,  -0.143,   0.760,   0.600,   0.760,   0.700,   0.860
202607051206,   0.288,   0.708,9999.000,9999.000,9999.000,9999.000,9999.000,9999.000,9999.000
202607051212,   0.273,   0.688,9999.000,9999.000,9999.000,9999.000,9999.000,9999.000,9999.000
202607051218,   0.259,   0.678,9999.000,9999.000,9999.000,9999.000,9999.000,9999.000,9999.000
202607051224,   0.245,   0.678,9999.000,9999.000,9999.000,9999.000,9999.000,9999.000,9999.000
202607051230,   0.232,   0.678,9999.000,9999.000,9999.000,9999.000,9999.000,9999.000,9999.000
202607051236,   0.219,   0.649,9999.000,9999.000,9999.000,9999.000,9999.000,9999.000,9999.000
202607051242,   0.207,   0.639,9999.000,9999.000,9999.000,9999.000,9999.000,9999.000,9999.000
202607051248,   0.196,   0.610,9999.000,9999.000,9999.000,9999.000,9999.000,9999.000,9999.000
202607051254,   0.186,   0.600,9999.000,9999.000,9999.000,9999.000,9999.000,9999.000,9999.000
202607051300,   0.177,   0.570,   0.600,  -0.207,   0.570,   0.600,   0.570,   0.600,   0.570
202607051306,   0.168,   0.600,9999.000,9999.000,9999.000,9999.000,9999.000,9999.000,9999.000
202607051312,   0.161,   0.580,9999.000,9999.000,9999.000,9999.000,9999.000,9999.000,9999.000
202607051318,   0.154,   0.560,9999.000,9999.000,9999.000,9999.000,9999.000,9999.000,9999.000
202607051324,   0.148,   0.531,9999.000,9999.000,9999.000,9999.000,9999.000,9999.000,9999.000
202607051330,   0.144,   0.531,9999.000,9999.000,9999.000,9999.000,9999.000,9999.000,9999.000
202607051336,   0.141,   0.518,9999.000,9999.000,9999.000,9999.000,9999.000,9999.000,9999.000
202607051342,   0.139,   0.518,9999.000,9999.000,9999.000,9999.000,9999.000,9999.000,9999.000
202607051348,   0.138,   0.488,9999.000,9999.000,9999.000,9999.000,9999.000,9999.000,9999.000
202607051354,   0.139,   0.508,9999.000,9999.000,9999.000,9999.000,9999.000,9999.000,9999.000
202607051400,   0.141,   0.488,   0.600,  -0.253,   0.488,   0.600,   0.488,   0.600,   0.488
202607051406,   0.144,   0.478,9999.000,9999.000,9999.000,9999.000,9999.000,9999.000,9999.000
202607051412,   0.149,   0.478,9999.000,9999.000,9999.000,9999.000,9999.000,9999.000,9999.000
202607051418,   0.156,   0.498,9999.000,9999.000,9999.000,9999.000,9999.000,9999.000,9999.000
202607051424,   0.164,   0.498,9999.000,9999.000,9999.000,9999.000,9999.000,9999.000,9999.000
202607051430,   0.173,   0.551,9999.000,9999.000,9999.000,9999.000,9999.000,9999.000,9999.000
202607051436,   0.184,   0.560,9999.000,9999.000,9999.000,9999.000,9999.000,9999.000,9999.000
202607051442,   0.197,   0.580,9999.000,9999.000,9999.000,9999.000,9999.000,9999.000,9999.000
202607051448,   0.211,   0.619,9999.000,9999.000,9999.000,9999.000,9999.000,9999.000,9999.000
202607051454,   0.226,   0.610,9999.000,9999.000,9999.000,9999.000,9999.000,9999.000,9999.000
202607051500,   0.243,   0.669,   0.600,  -0.174,   0.669,   0.600,   0.669,   0.600,   0.669
202607051506,   0.261,   0.678,9999.000,9999.000,9999.000,9999.000,9999.000,9999.000,9999.000
202607051512,   0.280,   0.688,9999.000,9999.000,9999.000,9999.000,9999.000,9999.000,9999.000
202607051518,   0.301,   0.741,9999.000,9999.000,9999.000,9999.000,9999.000,9999.000,9999.000
202607051524,   0.322,   0.751,9999.000,9999.000,9999.000,9999.000,9999.000,9999.000,9999.000
202607051530,   0.344,   0.780,9999.000,9999.000,9999.000,9999.000,9999.000,9999.000,9999.000
202607051536,   0.367,   0.790,9999.000,9999.000,9999.000,9999.000,9999.000,9999.000,9999.000
202607051542,   0.391,   0.819,9999.000,9999.000,9999.000,9999.000,9999.000,9999.000,9999.000
202607051548,   0.415,   0.839,9999.000,9999.000,9999.000,9999.000,9999.000,9999.000,9999.000
202607051554,   0.440,   0.869,9999.000,9999.000,9999.000,9999.000,9999.000,9999.000,9999.000
202607051600,   0.465,   0.908,   0.600,  -0.157,   0.908,   0.600,   0.908,   0.600,   0.908
202607051606,   0.491,   0.908,9999.000,9999.000,9999.000,9999.000,9999.000,9999.000,9999.000
202607051612,   0.516,   0.908,9999.000,9999.000,9999.000,9999.000,9999.000,9999.000,9999.000
202607051618,   0.541,   0.951,9999.000,9999.000,9999.000,9999.000,9999.000,9999.000,9999.000
202607051624,   0.566,   0.990,9999.000,9999.000,9999.000,9999.000,9999.000,9999.000,9999.000
202607051630,   0.591,   1.010,9999.000,9999.000,9999.000,9999.000,9999.000,9999.000,9999.000
202607051636,   0.616,   1.039,9999.000,9999.000,9999.000,9999.000,9999.000,9999.000,9999.000
202607051642,   0.641,   1.069,9999.000,9999.000,9999.000,9999.000,9999.000,9999.000,9999.000
202607051648,   0.665,   1.098,9999.000,9999.000,9999.000,9999.000,9999.000,9999.000,9999.000
202607051654,   0.688,   1.098,9999.000,9999.000,9999.000,9999.000,9999.000,9999.000,9999.000
202607051700,   0.711,   1.138,   0.600,  -0.173,   1.138,   0.600,   1.138,   0.600,   1.138
202607051706,   0.734,   1.161,9999.000,9999.000,9999.000,9999.000,9999.000,9999.000,9999.000
202607051712,   0.756,   1.200,9999.000,9999.000,9999.000,9999.000,9999.000,9999.000,9999.000
202607051718,   0.778,   1.229,9999.000,9999.000,9999.000,9999.000,9999.000,9999.000,9999.000
202607051724,   0.798,   1.279,9999.000,9999.000,9999.000,9999.000,9999.000,9999.000,9999.000
202607051730,   0.819,   1.289,9999.000,9999.000,9999.000,9999.000,9999.000,9999.000,9999.000
202607051736,   0.839,   1.289,9999.000,9999.000,9999.000,9999.000,9999.000,9999.000,9999.000
202607051742,   0.858,   1.298,9999.000,9999.000,9999.000,9999.000,9999.000,9999.000,9999.000
202607051748,   0.877,   1.348,9999.000,9999.000,9999.000,9999.000,9999.000,9999.000,9999.000
202607051754,   0.895,   1.348,9999.000,9999.000,9999.000,9999.000,9999.000,9999.000,9999.000
202607051800,   0.912,   1.400,   0.600,  -0.112,   1.400,   0.500,   1.300,   0.600,   1.400
202607051806,   0.929,   1.430,9999.000,9999.000,9999.000,9999.000,9999.000,9999.000,9999.000
202607051812,   0.945,   1.459,9999.000,9999.000,9999.000,9999.000,9999.000,9999.000,9999.000
202607051818,   0.961,   1.449,9999.000,9999.000,9999.000,9999.000,9999.000,9999.000,9999.000
202607051824,   0.976,   1.459,9999.000,9999.000,9999.000,9999.000,9999.000,9999.000,9999.000
202607051830,   0.990,   1.479,9999.000,9999.000,9999.000,9999.000,9999.000,9999.000,9999.000
202607051836,   1.003,   1.489,9999.000,9999.000,9999.000,9999.000,9999.000,9999.000,9999.000
202607051842,   1.016,   1.508,9999.000,9999.000,9999.000,9999.000,9999.000,9999.000,9999.000
202607051848,   1.027,   1.479,9999.000,9999.000,9999.000,9999.000,9999.000,9999.000,9999.000
202607051854,   1.038,   1.538,9999.000,9999.000,9999.000,9999.000,9999.000,9999.000,9999.000
202607051900,   1.047,   1.538,   0.600,  -0.109,   1.538,   0.600,   1.538,   0.600,   1.538
202607051906,   1.055,   1.538,9999.000,9999.000,9999.000,9999.000,9999.000,9999.000,9999.000
202607051912,   1.062,   1.580,9999.000,9999.000,9999.000,9999.000,9999.000,9999.000,9999.000
202607051918,   1.068,   1.571,9999.000,9999.000,9999.000,9999.000,9999.000,9999.000,9999.000
202607051924,   1.073,   1.600,9999.000,9999.000,9999.000,9999.000,9999.000,9999.000,9999.000
202607051930,   1.076,   1.600,9999.000,9999.000,9999.000,9999.000,9999.000,9999.000,9999.000
202607051936,   1.077,   1.580,9999.000,9999.000,9999.000,9999.000,9999.000,9999.000,9999.000
202607051942,   1.077,   1.600,9999.000,9999.000,9999.000,9999.000,9999.000,9999.000,9999.000
202607051948,   1.076,   1.600,9999.000,9999.000,9999.000,9999.000,9999.000,9999.000,9999.000
202607051954,   1.073,   1.580,9999.000,9999.000,9999.000,9999.000,9999.000,9999.000,9999.000
202607052000,   1.068,   1.590,   0.600,  -0.078,   1.590,   0.600,   1.590,   0.600,   1.590
202607052006,   1.062,   1.538,9999.000,9999.000,9999.000,9999.000,9999.000,9999.000,9999.000
202607052012,   1.054,   1.571,9999.000,9999.000,9999.000,9999.000,9999.000,9999.000,9999.000
202607052018,   1.045,   1.518,9999.000,9999.000,9999.000,9999.000,9999.000,9999.000,9999.000
202607052024,   1.035,   1.518,9999.000,9999.000,9999.000,9999.000,9999.000,9999.000,9999.000
202607052030,   1.023,   1.508,9999.000,9999.000,9999.000,9999.000,9999.000,9999.000,9999.000
202607052036,   1.009,   1.479,9999.000,9999.000,9999.000,9999.000,9999.000,9999.000,9999.000
202607052042,   0.995,   1.469,9999.000,9999.000,9999.000,9999.000,9999.000,9999.000,9999.000
202607052048,   0.979,   1.400,9999.000,9999.000,9999.000,9999.000,9999.000,9999.000,9999.000
202607052054,   0.963,   1.420,9999.000,9999.000,9999.000,9999.000,9999.000,9999.000,9999.000
202607052100,   0.945,   1.338,   0.600,  -0.207,   1.338,   0.600,   1.338,   0.600,   1.338
202607052106,   0.926,   1.361,9999.000,9999.000,9999.000,9999.000,9999.000,9999.000,9999.000
202607052112,   0.907,   1.308,9999.000,9999.000,9999.000,9999.000,9999.000,9999.000,9999.000
202607052118,   0.887,   1.298,9999.000,9999.000,9999.000,9999.000,9999.000,9999.000,9999.000
202607052124,   0.867,   1.259,9999.000,9999.000,9999.000,9999.000,9999.000,9999.000,9999.000
202607052130,   0.846,   1.220,9999.000,9999.000,9999.000,9999.000,9999.000,9999.000,9999.000
202607052136,   0.825,   1.220,9999.000,9999.000,9999.000,9999.000,9999.000,9999.000,9999.000
202607052142,   0.804,   1.180,9999.000,9999.000,9999.000,9999.000,9999.000,9999.000,9999.000
202607052148,   0.783,   1.170,9999.000,9999.000,9999.000,9999.000,9999.000,9999.000,9999.000
202607052154,   0.762,   1.128,9999.000,9999.000,9999.000,9999.000,9999.000,9999.000,9999.000
202607052200,   0.740,   1.108,   0.600,  -0.232,   1.108,   0.600,   1.108,   0.700,   1.208
202607052206,   0.719,   1.079,9999.000,9999.000,9999.000,9999.000,9999.000,9999.000,9999.000
202607052212,   0.698,   1.049,9999.000,9999.000,9999.000,9999.000,9999.000,9999.000,9999.000
202607052218,   0.677,   1.029,9999.000,9999.000,9999.000,9999.000,9999.000,9999.000,9999.000
202607052224,   0.657,   1.029,9999.000,9999.000,9999.000,9999.000,9999.000,9999.000,9999.000
202607052230,   0.636,   0.990,9999.000,9999.000,9999.000,9999.000,9999.000,9999.000,9999.000
202607052236,   0.617,   0.980,9999.000,9999.000,9999.000,9999.000,9999.000,9999.000,9999.000
202607052242,   0.597,   0.941,9999.000,9999.000,9999.000,9999.000,9999.000,9999.000,9999.000
202607052248,   0.578,   0.928,9999.000,9999.000,9999.000,9999.000,9999.000,9999.000,9999.000
202607052254,   0.559,   0.908,9999.000,9999.000,9999.000,9999.000,9999.000,9999.000,9999.000
202607052300,   0.541,   0.869,   0.700,  -0.372,   0.869,   0.600,   0.769,   0.700,   0.869
202607052306,   0.523,   0.898,9999.000,9999.000,9999.000,9999.000,9999.000,9999.000,9999.000
202607052312,   0.506,   0.849,9999.000,9999.000,9999.000,9999.000,9999.000,9999.000,9999.000
202607052318,   0.489,   0.839,9999.000,9999.000,9999.000,9999.000,9999.000,9999.000,9999.000
202607052324,   0.473,   0.790,9999.000,9999.000,9999.000,9999.000,9999.000,9999.000,9999.000
202607052330,   0.457,   0.800,9999.000,9999.000,9999.000,9999.000,9999.000,9999.000,9999.000
202607052336,   0.441,   0.760,9999.000,9999.000,9999.000,9999.000,9999.000,9999.000,9999.000
202607052342,   0.426,   0.751,9999.000,9999.000,9999.000,9999.000,9999.000,9999.000,9999.000
202607052348,   0.412,   0.718,9999.000,9999.000,9999.000,9999.000,9999.000,9999.000,9999.000
202607052354,   0.398,   0.718,9999.000,9999.000,9999.000,9999.000,9999.000,9999.000,9999.000
202607060000,   0.384,   0.698,   0.600,  -0.286,   0.698,   0.600,   0.698,   0.700,   0.798
202607060006,   0.371,   0.669,9999.000,9999.000,9999.000,9999.000,9999.000,9999.000,9999.000
202607060012,   0.359,   0.659,9999.000,9999.000,9999.000,9999.000,9999.000,9999.000,9999.000
202607060018,   0.347,   0.649,9999.000,9999.000,9999.000,9999.000,9999.000,9999.000,9999.000
202607060024,   0.336,   0.629,9999.000,9999.000,9999.000,9999.000,9999.000,9999.000,9999.000
202607060030,   0.325,   0.610,9999.000,9999.000,9999.000,9999.000,9999.000,9999.000,9999.000
202607060036,   0.315,   0.610,9999.000,9999.000,9999.000,9999.000,9999.000,9999.000,9999.000
202607060042,   0.305,   0.610,9999.000,9999.000,9999.000,9999.000,9999.000,9999.000,9999.000
202607060048,   0.297,   0.590,9999.000,9999.000,9999.000,9999.000,9999.000,9999.000,9999.000
202607060054,   0.288,   0.560,9999.000,9999.000,9999.000,9999.000,9999.000,9999.000,9999.000
202607060100,   0.281,   0.570,   0.600,  -0.311,   0.570,   0.600,   0.570,   0.700,   0.670
202607060106,   0.274,   0.551,9999.000,9999.000,9999.000,9999.000,9999.000,9999.000,9999.000
202607060112,   0.268,   0.570,9999.000,9999.000,9999.000,9999.000,9999.000,9999.000,9999.000
202607060118,   0.263,   0.560,9999.000,9999.000,9999.000,9999.000,9999.000,9999.000,9999.000
202607060124,   0.259,   0.551,9999.000,9999.000,9999.000,9999.000,9999.000,9999.000,9999.000
202607060130,   0.255,   0.560,9999.000,9999.000,9999.000,9999.000,9999.000,9999.000,9999.000
202607060136,   0.253,   0.541,9999.000,9999.000,9999.000,9999.000,9999.000,9999.000,9999.000
202607060142,   0.252,   0.570,9999.000,9999.000,9999.000,9999.000,9999.000,9999.000,9999.000
202607060148,   0.251,   0.570,9999.000,9999.000,9999.000,9999.000,9999.000,9999.000,9999.000
202607060154,   0.252,   0.600,9999.000,9999.000,9999.000,9999.000,9999.000,9999.000,9999.000
202607060200,   0.254,   0.590,   0.600,  -0.264,   0.590,   0.600,   0.590,   0.700,   0.690
202607060206,   0.257,   0.590,9999.000,9999.000,9999.000,9999.000,9999.000,9999.000,9999.000
202607060212,   0.262,   0.619,9999.000,9999.000,9999.000,9999.000,9999.000,9999.000,9999.000
202607060218,   0.267,   0.649,9999.000,9999.000,9999.000,9999.000,9999.000,9999.000,9999.000
202607060224,   0.274,   0.688,9999.000,9999.000,9999.000,9999.000,9999.000,9999.000,9999.000
202607060230,   0.283,   0.688,9999.000,9999.000,9999.000,9999.000,9999.000,9999.000,9999.000
202607060236,   0.293,   0.718,9999.000,9999.000,9999.000,9999.000,9999.000,9999.000,9999.000
202607060242,   0.304,   0.708,9999.000,9999.000,9999.000,9999.000,9999.000,9999.000,9999.000
202607060248,   0.317,   0.751,9999.000,9999.000,9999.000,9999.000,9999.000,9999.000,9999.000
202607060254,   0.331,   0.718,9999.000,9999.000,9999.000,9999.000,9999.000,9999.000,9999.000
202607060300,   0.346,   0.760,   0.600,  -0.186,   0.760,   0.600,   0.760,   0.700,   0.860
202607060306,   0.363,   0.751,9999.000,9999.000,9999.000,9999.000,9999.000,9999.000,9999.000
202607060312,   0.382,   0.810,9999.000,9999.000,9999.000,9999.000,9999.000,9999.000,9999.000
202607060318,   0.401,   0.780,9999.000,9999.000,9999.000,9999.000,9999.000,9999.000,9999.000
202607060324,   0.422,   0.869,9999.000,9999.000,9999.000,9999.000,9999.000,9999.000,9999.000
202607060330,   0.444,   0.888,9999.000,9999.000,9999.000,9999.000,9999.000,9999.000,9999.000
202607060336,   0.467,   0.928,9999.000,9999.000,9999.000,9999.000,9999.000,9999.000,9999.000
202607060342,   0.490,   0.941,9999.000,9999.000,9999.000,9999.000,9999.000,9999.000,9999.000
202607060348,   0.515,   0.961,9999.000,9999.000,9999.000,9999.000,9999.000,9999.000,9999.000
202607060354,   0.540,   0.961,9999.000,9999.000,9999.000,9999.000,9999.000,9999.000,9999.000
202607060400,   0.566,   0.970,   0.600,  -0.196,   0.970,   0.600,   0.970,   0.700,   1.070
202607060406,   0.593,   0.990,9999.000,9999.000,9999.000,9999.000,9999.000,9999.000,9999.000
202607060412,   0.620,   1.020,9999.000,9999.000,9999.000,9999.000,9999.000,9999.000,9999.000
202607060418,   0.647,   1.020,9999.000,9999.000,9999.000,9999.000,9999.000,9999.000,9999.000
202607060424,   0.674,   1.029,9999.000,9999.000,9999.000,9999.000,9999.000,9999.000,9999.000
202607060430,   0.701,   1.059,9999.000,9999.000,9999.000,9999.000,9999.000,9999.000,9999.000
202607060436,   0.728,   1.128,9999.000,9999.000,9999.000,9999.000,9999.000,9999.000,9999.000
202607060442,   0.754,   1.161,9999.000,9999.000,9999.000,9999.000,9999.000,9999.000,9999.000
202607060448,   0.780,   1.210,9999.000,9999.000,9999.000,9999.000,9999.000,9999.000,9999.000
202607060454,   0.806,   1.269,9999.000,9999.000,9999.000,9999.000,9999.000,9999.000,9999.000
202607060500,   0.831,   1.361,   0.600,  -0.070,   1.361,   0.600,   1.361,   0.600,   1.361
202607060506,   0.856,   1.380,9999.000,9999.000,9999.000,9999.000,9999.000,9999.000,9999.000
202607060512,   0.880,   1.371,9999.000,9999.000,9999.000,9999.000,9999.000,9999.000,9999.000
202607060518,   0.903,   1.420,9999.000,9999.000,9999.000,9999.000,9999.000,9999.000,9999.000
202607060524,   0.926,   1.430,9999.000,9999.000,9999.000,9999.000,9999.000,9999.000,9999.000
202607060530,   0.947,   1.449,9999.000,9999.000,9999.000,9999.000,9999.000,9999.000,9999.000
202607060536,   0.968,   1.479,9999.000,9999.000,9999.000,9999.000,9999.000,9999.000,9999.000
202607060542,   0.988,   1.518,9999.000,9999.000,9999.000,9999.000,9999.000,9999.000,9999.000
202607060548,   1.007,   1.528,9999.000,9999.000,9999.000,9999.000,9999.000,9999.000,9999.000
202607060554,   1.025,   1.518,9999.000,9999.000,9999.000,9999.000,9999.000,9999.000,9999.000
202607060600,   1.043,   1.538,   0.600,  -0.105,   1.538,   0.600,   1.538,   0.600,   1.538
202607060606,   1.060,   1.508,9999.000,9999.000,9999.000,9999.000,9999.000,9999.000,9999.000
202607060612,   1.075,   1.580,9999.000,9999.000,9999.000,9999.000,9999.000,9999.000,9999.000
202607060618,   1.090,   1.639,9999.000,9999.000,9999.000,9999.000,9999.000,9999.000,9999.000
202607060624,   1.105,   1.659,9999.000,9999.000,9999.000,9999.000,9999.000,9999.000,9999.000
202607060630,   1.118,   1.649,9999.000,9999.000,9999.000,9999.000,9999.000,9999.000,9999.000
202607060636,   1.130,   1.649,9999.000,9999.000,9999.000,9999.000,9999.000,9999.000,9999.000
202607060642,   1.142,   1.699,9999.000,9999.000,9999.000,9999.000,9999.000,9999.000,9999.000
202607060648,   1.153,   1.728,9999.000,9999.000,9999.000,9999.000,9999.000,9999.000,9999.000
202607060654,   1.162,   1.748,9999.000,9999.000,9999.000,9999.000,9999.000,9999.000,9999.000
202607060700,   1.171,   1.748,   0.600,  -0.023,   1.748,   0.600,   1.748,   0.600,   1.748
202607060706,   1.179,   1.781,9999.000,9999.000,9999.000,9999.000,9999.000,9999.000,9999.000
202607060712,   1.186,   1.820,9999.000,9999.000,9999.000,9999.000,9999.000,9999.000,9999.000
202607060718,   1.191,   1.810,9999.000,9999.000,9999.000,9999.000,9999.000,9999.000,9999.000
202607060724,   1.196,   1.810,9999.000,9999.000,9999.000,9999.000,9999.000,9999.000,9999.000
202607060730,   1.199,   1.810,9999.000,9999.000,9999.000,9999.000,9999.000,9999.000,9999.000
202607060736,   1.201,   1.859,9999.000,9999.000,9999.000,9999.000,9999.000,9999.000,9999.000
202607060742,   1.201,   1.889,9999.000,9999.000,9999.000,9999.000,9999.000,9999.000,9999.000
202607060748,   1.200,   1.869,9999.000,9999.000,9999.000,9999.000,9999.000,9999.000,9999.000
202607060754,   1.198,   1.830,9999.000,9999.000,9999.000,9999.000,9999.000,9999.000,9999.000
202607060800,   1.194,   1.800,   0.600,   0.006,   1.800,   0.600,   1.800,   0.700,   1.900
202607060806,   1.189,   1.810,9999.000,9999.000,9999.000,9999.000,9999.000,9999.000,9999.000
202607060812,   1.182,   1.800,9999.000,9999.000,9999.000,9999.000,9999.000,9999.000,9999.000
202607060818,   1.173,   1.758,9999.000,9999.000,9999.000,9999.000,9999.000,9999.000,9999.000
202607060824,   1.163,   1.699,9999.000,9999.000,9999.000,9999.000,9999.000,9999.000,9999.000
202607060830,   1.152,   1.689,9999.000,9999.000,9999.000,9999.000,9999.000,9999.000,9999.000
202607060836,   1.139,   1.689,9999.000,9999.000,9999.000,9999.000,9999.000,9999.000,9999.000
202607060842,   1.124,   1.659,9999.000,9999.000,9999.000,9999.000,9999.000,9999.000,9999.000
202607060848,   1.108,   1.639,9999.000,9999.000,9999.000,9999.000,9999.000,9999.000,9999.000
202607060854,   1.091,   1.610,9999.000,9999.000,9999.000,9999.000,9999.000,9999.000,9999.000
202607060900,   1.072,   1.557,   0.600,  -0.115,   1.557,   0.600,   1.557,   0.700,   1.657
202607060906,   1.053,   1.538,9999.000,9999.000,9999.000,9999.000,9999.000,9999.000,9999.000
202607060912,   1.032,   1.489,9999.000,9999.000,9999.000,9999.000,9999.000,9999.000,9999.000
202607060918,   1.010,   1.489,9999.000,9999.000,9999.000,9999.000,9999.000,9999.000,9999.000
202607060924,   0.987,   1.449,9999.000,9999.000,9999.000,9999.000,9999.000,9999.000,9999.000
202607060930,   0.964,   1.449,9999.000,9999.000,9999.000,9999.000,9999.000,9999.000,9999.000
202607060936,   0.940,   1.420,9999.000,9999.000,9999.000,9999.000,9999.000,9999.000,9999.000
202607060942,   0.915,   1.380,9999.000,9999.000,9999.000,9999.000,9999.000,9999.000,9999.000
202607060948,   0.890,   1.338,9999.000,9999.000,9999.000,9999.000,9999.000,9999.000,9999.000
202607060954,   0.865,   1.279,9999.000,9999.000,9999.000,9999.000,9999.000,9999.000,9999.000
202607061000,   0.839,   1.239,   0.700,  -0.300,   1.239,   0.600,   1.139,   0.700,   1.239
202607061006,   0.814,   1.210,9999.000,9999.000,9999.000,9999.000,9999.000,9999.000,9999.000
202607061012,   0.788,   1.170,9999.000,9999.000,9999.000,9999.000,9999.000,9999.000,9999.000
202607061018,   0.762,   1.180,9999.000,9999.000,9999.000,9999.000,9999.000,9999.000,9999.000
202607061024,   0.737,   1.138,9999.000,9999.000,9999.000,9999.000,9999.000,9999.000,9999.000
202607061030,   0.712,   1.088,9999.000,9999.000,9999.000,9999.000,9999.000,9999.000,9999.000
202607061036,   0.687,   1.059,9999.000,9999.000,9999.000,9999.000,9999.000,9999.000,9999.000
202607061042,   0.662,   1.000,9999.000,9999.000,9999.000,9999.000,9999.000,9999.000,9999.000
202607061048,   0.638,   0.970,9999.000,9999.000,9999.000,9999.000,9999.000,9999.000,9999.000
202607061054,   0.614,   0.951,9999.000,9999.000,9999.000,9999.000,9999.000,9999.000,9999.000
202607061100,   0.590,   0.928,   0.700,  -0.362,   0.928,   0.600,   0.828,   0.800,   1.028
202607061106,   0.567,   0.898,9999.000,9999.000,9999.000,9999.000,9999.000,9999.000,9999.000
202607061112,   0.545,   0.819,9999.000,9999.000,9999.000,9999.000,9999.000,9999.000,9999.000
202607061118,   0.523,   0.810,9999.000,9999.000,9999.000,9999.000,9999.000,9999.000,9999.000
202607061124,   0.501,   0.800,9999.000,9999.000,9999.000,9999.000,9999.000,9999.000,9999.000
202607061130,   0.480,   0.770,9999.000,9999.000,9999.000,9999.000,9999.000,9999.000,9999.000
202607061136,   0.460,   0.731,9999.000,9999.000,9999.000,9999.000,9999.000,9999.000,9999.000
202607061142,   0.440,   0.678,9999.000,9999.000,9999.000,9999.000,9999.000,9999.000,9999.000
202607061148,   0.420,   0.659,9999.000,9999.000,9999.000,9999.000,9999.000,9999.000,9999.000
202607061154,   0.401,   0.629,9999.000,9999.000,9999.000,9999.000,9999.000,9999.000,9999.000
202607061200,   0.383,   0.649,   0.700,  -0.434,   0.649,   0.700,   0.649,   0.800,   0.749
202607061206,   0.365,   0.610,9999.000,9999.000,9999.000,9999.000,9999.000,9999.000,9999.000
202607061212,   0.347,   0.580,9999.000,9999.000,9999.000,9999.000,9999.000,9999.000,9999.000
202607061218,   0.330,   0.531,9999.000,9999.000,9999.000,9999.000,9999.000,9999.000,9999.000
202607061224,   0.314,   0.508,9999.000,9999.000,9999.000,9999.000,9999.000,9999.000,9999.000
202607061230,   0.298,   0.469,9999.000,9999.000,9999.000,9999.000,9999.000,9999.000,9999.000
202607061236,   0.283,   0.449,9999.000,9999.000,9999.000,9999.000,9999.000,9999.000,9999.000
202607061242,   0.268,   0.439,9999.000,9999.000,9999.000,9999.000,9999.000,9999.000,9999.000
202607061248,   0.254,   0.409,9999.000,9999.000,9999.000,9999.000,9999.000,9999.000,9999.000
202607061254,   0.240,   0.390,9999.000,9999.000,9999.000,9999.000,9999.000,9999.000,9999.000
202607061300,   0.227,   0.341,   0.800,  -0.686,   0.341,   0.700,   0.241,   0.800,   0.341
202607061306,   0.215,   0.350,9999.000,9999.000,9999.000,9999.000,9999.000,9999.000,9999.000
202607061312,   0.203,   0.341,9999.000,9999.000,9999.000,9999.000,9999.000,9999.000,9999.000
202607061318,   0.191,   0.380,9999.000,9999.000,9999.000,9999.000,9999.000,9999.000,9999.000
202607061324,   0.181,   0.360,9999.000,9999.000,9999.000,9999.000,9999.000,9999.000,9999.000
202607061330,   0.171,   0.360,9999.000,9999.000,9999.000,9999.000,9999.000,9999.000,9999.000
202607061336,   0.162,   0.331,9999.000,9999.000,9999.000,9999.000,9999.000,9999.000,9999.000
202607061342,   0.154,   0.308,9999.000,9999.000,9999.000,9999.000,9999.000,9999.000,9999.000
202607061348,   0.147,   0.321,9999.000,9999.000,9999.000,9999.000,9999.000,9999.000,9999.000
202607061354,   0.140,   0.350,9999.000,9999.000,9999.000,9999.000,9999.000,9999.000,9999.000
202607061400,   0.134,   0.341,   0.800,  -0.593,   0.341,   0.800,   0.341,   0.900,   0.441
202607061406,   0.130,   0.360,9999.000,9999.000,9999.000,9999.000,9999.000,9999.000,9999.000
202607061412,   0.126,   0.341,9999.000,9999.000,9999.000,9999.000,9999.000,9999.000,9999.000
202607061418,   0.124,   0.341,9999.000,9999.000,9999.000,9999.000,9999.000,9999.000,9999.000
202607061424,   0.123,   0.341,9999.000,9999.000,9999.000,9999.000,9999.000,9999.000,9999.000
202607061430,   0.123,   0.341,9999.000,9999.000,9999.000,9999.000,9999.000,9999.000,9999.000
202607061436,   0.124,   0.360,9999.000,9999.000,9999.000,9999.000,9999.000,9999.000,9999.000
202607061442,   0.127,   0.390,9999.000,9999.000,9999.000,9999.000,9999.000,9999.000,9999.000
202607061448,   0.131,   0.419,9999.000,9999.000,9999.000,9999.000,9999.000,9999.000,9999.000
202607061454,   0.136,   0.419,9999.000,9999.000,9999.000,9999.000,9999.000,9999.000,9999.000
202607061500,   0.143,   0.429,   0.800,  -0.514,   0.429,   0.800,   0.429,   0.900,   0.529
202607061506,   0.151,   0.429,9999.000,9999.000,9999.000,9999.000,9999.000,9999.000,9999.000
202607061512,   0.161,   0.488,9999.000,9999.000,9999.000,9999.000,9999.000,9999.000,9999.000
202607061518,   0.172,   0.560,9999.000,9999.000,9999.000,9999.000,9999.000,9999.000,9999.000
202607061524,   0.185,   0.560,9999.000,9999.000,9999.000,9999.000,9999.000,9999.000,9999.000
202607061530,   0.199,   0.531,9999.000,9999.000,9999.000,9999.000,9999.000,9999.000,9999.000
202607061536,   0.215,   0.551,9999.000,9999.000,9999.000,9999.000,9999.000,9999.000,9999.000
202607061542,   0.232,   0.590,9999.000,9999.000,9999.000,9999.000,9999.000,9999.000,9999.000
202607061548,   0.250,   0.639,9999.000,9999.000,9999.000,9999.000,9999.000,9999.000,9999.000
202607061554,   0.270,   0.659,9999.000,9999.000,9999.000,9999.000,9999.000,9999.000,9999.000
202607061600,   0.291,   0.688,   0.800,  -0.403,   0.688,   0.700,   0.588,   0.900,   0.788
202607061606,   0.313,   0.698,9999.000,9999.000,9999.000,9999.000,9999.000,9999.000,9999.000
202607061612,   0.336,   0.698,9999.000,9999.000,9999.000,9999.000,9999.000,9999.000,9999.000
202607061618,   0.360,   0.731,9999.000,9999.000,9999.000,9999.000,9999.000,9999.000,9999.000
202607061624,   0.385,   0.790,9999.000,9999.000,9999.000,9999.000,9999.000,9999.000,9999.000
202607061630,   0.410,   0.819,9999.000,9999.000,9999.000,9999.000,9999.000,9999.000,9999.000
202607061636,   0.436,   0.829,9999.000,9999.000,9999.000,9999.000,9999.000,9999.000,9999.000
202607061642,   0.462,   0.859,9999.000,9999.000,9999.000,9999.000,9999.000,9999.000,9999.000
202607061648,   0.489,   0.888,9999.000,9999.000,9999.000,9999.000,9999.000,9999.000,9999.000
202607061654,   0.516,   0.918,9999.000,9999.000,9999.000,9999.000,9999.000,9999.000,9999.000
202607061700,   0.542,   0.941,   0.800,  -0.401,   0.941,   0.700,   0.841,   0.900,   1.041
202607061706,   0.569,   1.000,9999.000,9999.000,9999.000,9999.000,9999.000,9999.000,9999.000
202607061712,   0.596,   1.029,9999.000,9999.000,9999.000,9999.000,9999.000,9999.000,9999.000
202607061718,   0.622,   1.079,9999.000,9999.000,9999.000,9999.000,9999.000,9999.000,9999.000
202607061724,   0.648,   1.098,9999.000,9999.000,9999.000,9999.000,9999.000,9999.000,9999.000
202607061730,   0.674,   1.138,9999.000,9999.000,9999.000,9999.000,9999.000,9999.000,9999.000
202607061736,   0.699,   1.170,9999.000,9999.000,9999.000,9999.000,9999.000,9999.000,9999.000
202607061742,   0.724,   1.210,9999.000,9999.000,9999.000,9999.000,9999.000,9999.000,9999.000
202607061748,   0.748,   1.229,9999.000,9999.000,9999.000,9999.000,9999.000,9999.000,9999.000
202607061754,   0.772,   1.249,9999.000,9999.000,9999.000,9999.000,9999.000,9999.000,9999.000
202607061800,   0.795,   1.239,   0.800,  -0.356,   1.239,   0.800,   1.239,   0.900,   1.339
202607061806,   0.818,   1.298,9999.000,9999.000,9999.000,9999.000,9999.000,9999.000,9999.000
202607061812,   0.839,   1.298,9999.000,9999.000,9999.000,9999.000,9999.000,9999.000,9999.000
202607061818,   0.861,   1.371,9999.000,9999.000,9999.000,9999.000,9999.000,9999.000,9999.000
202607061824,   0.881,   1.479,9999.000,9999.000,9999.000,9999.000,9999.000,9999.000,9999.000
202607061830,   0.901,   1.538,9999.000,9999.000,9999.000,9999.000,9999.000,9999.000,9999.000
202607061836,   0.921,   1.518,9999.000,9999.000,9999.000,9999.000,9999.000,9999.000,9999.000
202607061842,   0.939,   1.479,9999.000,9999.000,9999.000,9999.000,9999.000,9999.000,9999.000
202607061848,   0.957,   1.449,9999.000,9999.000,9999.000,9999.000,9999.000,9999.000,9999.000
202607061854,   0.975,   1.430,9999.000,9999.000,9999.000,9999.000,9999.000,9999.000,9999.000
202607061900,   0.992,   1.508,   0.800,  -0.284,   1.508,   0.700,   1.408,   0.900,   1.608
202607061906,   1.008,   1.548,9999.000,9999.000,9999.000,9999.000,9999.000,9999.000,9999.000
202607061912,   1.023,   1.590,9999.000,9999.000,9999.000,9999.000,9999.000,9999.000,9999.000
202607061918,   1.037,   1.620,9999.000,9999.000,9999.000,9999.000,9999.000,9999.000,9999.000
202607061924,   1.051,   1.590,9999.000,9999.000,9999.000,9999.000,9999.000,9999.000,9999.000
202607061930,   1.064,   1.620,9999.000,9999.000,9999.000,9999.000,9999.000,9999.000,9999.000
202607061936,   1.076,   1.728,9999.000,9999.000,9999.000,9999.000,9999.000,9999.000,9999.000
202607061942,   1.087,   1.728,9999.000,9999.000,9999.000,9999.000,9999.000,9999.000,9999.000
202607061948,   1.096,   1.708,9999.000,9999.000,9999.000,9999.000,9999.000,9999.000,9999.000
202607061954,   1.105,   1.781,9999.000,9999.000,9999.000,9999.000,9999.000,9999.000,9999.000
202607062000,   1.112,   1.758,   0.800,  -0.154,   1.758,   0.700,   1.658,   0.900,   1.858
202607062006,   1.119,   1.790,9999.000,9999.000,9999.000,9999.000,9999.000,9999.000,9999.000
202607062012,   1.123,   1.830,9999.000,9999.000,9999.000,9999.000,9999.000,9999.000,9999.000
202607062018,   1.127,   1.849,9999.000,9999.000,9999.000,9999.000,9999.000,9999.000,9999.000
202607062024,   1.129,   1.830,9999.000,9999.000,9999.000,9999.000,9999.000,9999.000,9999.000
202607062030,   1.129,   1.800,9999.000,9999.000,9999.000,9999.000,9999.000,9999.000,9999.000
202607062036,   1.128,   1.849,9999.000,9999.000,9999.000,9999.000,9999.000,9999.000,9999.000
202607062042,   1.126,   1.840,9999.000,9999.000,9999.000,9999.000,9999.000,9999.000,9999.000
202607062048,   1.122,   1.859,9999.000,9999.000,9999.000,9999.000,9999.000,9999.000,9999.000
202607062054,   1.116,   1.859,9999.000,9999.000,9999.000,9999.000,9999.000,9999.000,9999.000
202607062100,   1.109,   1.840,   0.800,  -0.069,   1.840,   0.800,   1.840,   0.900,   1.940
202607062106,   1.100,   1.840,9999.000,9999.000,9999.000,9999.000,9999.000,9999.000,9999.000
202607062112,   1.090,   1.840,9999.000,9999.000,9999.000,9999.000,9999.000,9999.000,9999.000
202607062118,   1.079,   1.781,9999.000,9999.000,9999.000,9999.000,9999.000,9999.000,9999.000
202607062124,   1.066,   1.790,9999.000,9999.000,9999.000,9999.000,9999.000,9999.000,9999.000
202607062130,   1.052,   1.800,9999.000,9999.000,9999.000,9999.000,9999.000,9999.000,9999.000
202607062136,   1.036,   1.679,9999.000,9999.000,9999.000,9999.000,9999.000,9999.000,9999.000
202607062142,   1.020,   1.748,9999.000,9999.000,9999.000,9999.000,9999.000,9999.000,9999.000
202607062148,   1.003,   1.699,9999.000,9999.000,9999.000,9999.000,9999.000,9999.000,9999.000
202607062154,   0.985,   1.689,9999.000,9999.000,9999.000,9999.000,9999.000,9999.000,9999.000
202607062200,   0.966,   1.620,   0.900,  -0.246,   1.620,   0.800,   1.520,   1.000,   1.720
202607062206,   0.946,   1.600,9999.000,9999.000,9999.000,9999.000,9999.000,9999.000,9999.000
202607062212,   0.926,   1.580,9999.000,9999.000,9999.000,9999.000,9999.000,9999.000,9999.000
202607062218,   0.906,   1.548,9999.000,9999.000,9999.000,9999.000,9999.000,9999.000,9999.000
202607062224,   0.885,   1.508,9999.000,9999.000,9999.000,9999.000,9999.000,9999.000,9999.000
202607062230,   0.864,   1.479,9999.000,9999.000,9999.000,9999.000,9999.000,9999.000,9999.000
202607062236,   0.843,   1.469,9999.000,9999.000,9999.000,9999.000,9999.000,9999.000,9999.000
202607062242,   0.822,   1.410,9999.000,9999.000,9999.000,9999.000,9999.000,9999.000,9999.000
202607062248,   0.800,   1.400,9999.000,9999.000,9999.000,9999.000,9999.000,9999.000,9999.000
202607062254,   0.779,   1.380,9999.000,9999.000,9999.000,9999.000,9999.000,9999.000,9999.000
202607062300,   0.758,   1.328,   0.900,  -0.330,   1.328,   0.800,   1.228,   1.000,   1.428
202607062306,   0.738,   1.318,9999.000,9999.000,9999.000,9999.000,9999.000,9999.000,9999.000
202607062312,   0.717,   1.289,9999.000,9999.000,9999.000,9999.000,9999.000,9999.000,9999.000
202607062318,   0.697,   1.289,9999.000,9999.000,9999.000,9999.000,9999.000,9999.000,9999.000
202607062324,   0.677,   1.249,9999.000,9999.000,9999.000,9999.000,9999.000,9999.000,9999.000
202607062330,   0.658,   1.220,9999.000,9999.000,9999.000,9999.000,9999.000,9999.000,9999.000
202607062336,   0.638,   1.200,9999.000,9999.000,9999.000,9999.000,9999.000,9999.000,9999.000
202607062342,   0.620,   1.180,9999.000,9999.000,9999.000,9999.000,9999.000,9999.000,9999.000
202607062348,   0.601,   1.170,9999.000,9999.000,9999.000,9999.000,9999.000,9999.000,9999.000
202607062354,   0.583,   1.128,9999.000,9999.000,9999.000,9999.000,9999.000,9999.000,9999.000
202607070000,   0.566,   1.108,   0.900,  -0.358,   1.108,   0.800,   1.008,   1.000,   1.208
202607070006,   0.549,   1.079,9999.000,9999.000,9999.000,9999.000,9999.000,9999.000,9999.000
202607070012,   0.532,   1.059,9999.000,9999.000,9999.000,9999.000,9999.000,9999.000,9999.000
202607070018,   0.516,   1.039,9999.000,9999.000,9999.000,9999.000,9999.000,9999.000,9999.000
202607070024,   0.500,   1.029,9999.000,9999.000,9999.000,9999.000,9999.000,9999.000,9999.000
202607070030,   0.485,   1.000,9999.000,9999.000,9999.000,9999.000,9999.000,9999.000,9999.000
202607070036,   0.470,   0.961,9999.000,9999.000,9999.000,9999.000,9999.000,9999.000,9999.000
202607070042,   0.456,   0.941,9999.000,9999.000,9999.000,9999.000,9999.000,9999.000,9999.000
202607070048,   0.442,   0.898,9999.000,9999.000,9999.000,9999.000,9999.000,9999.000,9999.000
202607070054,   0.428,   0.879,9999.000,9999.000,9999.000,9999.000,9999.000,9999.000,9999.000
202607070100,   0.415,   0.849,   0.900,  -0.466,   0.849,   0.900,   0.849,   1.000,   0.949
202607070106,   0.403,   0.839,9999.000,9999.000,9999.000,9999.000,9999.000,9999.000,9999.000
202607070112,   0.391,   0.819,9999.000,9999.000,9999.000,9999.000,9999.000,9999.000,9999.000
202607070118,   0.379,   0.810,9999.000,9999.000,9999.000,9999.000,9999.000,9999.000,9999.000
202607070124,   0.368,   0.760,9999.000,9999.000,9999.000,9999.000,9999.000,9999.000,9999.000
202607070130,   0.358,   0.770,9999.000,9999.000,9999.000,9999.000,9999.000,9999.000,9999.000
202607070136,   0.348,   0.718,9999.000,9999.000,9999.000,9999.000,9999.000,9999.000,9999.000
202607070142,   0.339,   0.688,9999.000,9999.000,9999.000,9999.000,9999.000,9999.000,9999.000
202607070148,   0.330,   0.688,9999.000,9999.000,9999.000,9999.000,9999.000,9999.000,9999.000
202607070154,   0.322,   0.688,9999.000,9999.000,9999.000,9999.000,9999.000,9999.000,9999.000
202607070200,   0.315,   0.669,   0.900,  -0.546,   0.669,   0.900,   0.669,   1.000,   0.769
202607070206,   0.308,   0.678,9999.000,9999.000,9999.000,9999.000,9999.000,9999.000,9999.000
202607070212,   0.302,   0.649,9999.000,9999.000,9999.000,9999.000,9999.000,9999.000,9999.000
202607070218,   0.297,   0.619,9999.000,9999.000,9999.000,9999.000,9999.000,9999.000,9999.000
202607070224,   0.293,   0.619,9999.000,9999.000,9999.000,9999.000,9999.000,9999.000,9999.000
202607070230,   0.290,   0.610,9999.000,9999.000,9999.000,9999.000,9999.000,9999.000,9999.000
202607070236,   0.288,   0.629,9999.000,9999.000,9999.000,9999.000,9999.000,9999.000,9999.000
202607070242,   0.286,   0.610,9999.000,9999.000,9999.000,9999.000,9999.000,9999.000,9999.000
202607070248,   0.286,   0.600,9999.000,9999.000,9999.000,9999.000,9999.000,9999.000,9999.000
202607070254,   0.287,   0.610,9999.000,9999.000,9999.000,9999.000,9999.000,9999.000,9999.000
202607070300,   0.289,   0.580,   1.000,  -0.709,   0.580,   0.900,   0.480,   1.000,   0.580
202607070306,   0.293,   0.610,9999.000,9999.000,9999.000,9999.000,9999.000,9999.000,9999.000
202607070312,   0.298,   0.600,9999.000,9999.000,9999.000,9999.000,9999.000,9999.000,9999.000
202607070318,   0.304,   0.619,9999.000,9999.000,9999.000,9999.000,9999.000,9999.000,9999.000
202607070324,   0.311,   0.610,9999.000,9999.000,9999.000,9999.000,9999.000,9999.000,9999.000
202607070330,   0.320,   0.629,9999.000,9999.000,9999.000,9999.000,9999.000,9999.000,9999.000
202607070336,   0.330,   0.619,9999.000,9999.000,9999.000,9999.000,9999.000,9999.000,9999.000
202607070342,   0.341,   0.659,9999.000,9999.000,9999.000,9999.000,9999.000,9999.000,9999.000
202607070348,   0.354,   0.678,9999.000,9999.000,9999.000,9999.000,9999.000,9999.000,9999.000
202607070354,   0.368,   0.698,9999.000,9999.000,9999.000,9999.000,9999.000,9999.000,9999.000
202607070400,   0.384,   0.751,   1.000,  -0.633,   0.751,   0.900,   0.651,   1.000,   0.751
202607070406,   0.401,   0.770,9999.000,9999.000,9999.000,9999.000,9999.000,9999.000,9999.000
202607070412,   0.419,   0.810,9999.000,9999.000,9999.000,9999.000,9999.000,9999.000,9999.000
202607070418,   0.438,   0.819,9999.000,9999.000,9999.000,9999.000,9999.000,9999.000,9999.000
202607070424,   0.458,   0.859,9999.000,9999.000,9999.000,9999.000,9999.000,9999.000,9999.000
202607070430,   0.479,   0.869,9999.000,9999.000,9999.000,9999.000,9999.000,9999.000,9999.000
202607070436,   0.501,   0.898,9999.000,9999.000,9999.000,9999.000,9999.000,9999.000,9999.000
202607070442,   0.524,   0.908,9999.000,9999.000,9999.000,9999.000,9999.000,9999.000,9999.000
202607070448,   0.548,   0.941,9999.000,9999.000,9999.000,9999.000,9999.000,9999.000,9999.000
202607070454,   0.572,   0.970,9999.000,9999.000,9999.000,9999.000,9999.000,9999.000,9999.000
202607070500,   0.596,   0.990,   1.000,  -0.606,   0.990,   0.900,   0.890,   1.100,   1.090
202607070506,   0.621,   1.029,9999.000,9999.000,9999.000,9999.000,9999.000,9999.000,9999.000
202607070512,   0.646,   1.079,9999.000,9999.000,9999.000,9999.000,9999.000,9999.000,9999.000
202607070518,   0.671,   1.088,9999.000,9999.000,9999.000,9999.000,9999.000,9999.000,9999.000
202607070524,   0.695,   1.108,9999.000,9999.000,9999.000,9999.000,9999.000,9999.000,9999.000
202607070530,   0.720,   1.151,9999.000,9999.000,9999.000,9999.000,9999.000,9999.000,9999.000
202607070536,   0.744,   1.190,9999.000,9999.000,9999.000,9999.000,9999.000,9999.000,9999.000
202607070542,   0.768,   1.229,9999.000,9999.000,9999.000,9999.000,9999.000,9999.000,9999.000
202607070548,   0.792,   1.269,9999.000,9999.000,9999.000,9999.000,9999.000,9999.000,9999.000
202607070554,   0.814,   1.318,9999.000,9999.000,9999.000,9999.000,9999.000,9999.000,9999.000
202607070600,   0.837,   1.348,   0.900,  -0.389,   1.348,   0.800,   1.248,   0.900,   1.348
202607070606,   0.858,   1.400,9999.000,9999.000,9999.000,9999.000,9999.000,9999.000,9999.000
202607070612,   0.879,   1.439,9999.000,9999.000,9999.000,9999.000,9999.000,9999.000,9999.000
202607070618,   0.899,   1.508,9999.000,9999.000,9999.000,9999.000,9999.000,9999.000,9999.000
202607070624,   0.918,   1.528,9999.000,9999.000,9999.000,9999.000,9999.000,9999.000,9999.000
202607070630,   0.937,   1.571,9999.000,9999.000,9999.000,9999.000,9999.000,9999.000,9999.000
202607070636,   0.955,   1.630,9999.000,9999.000,9999.000,9999.000,9999.000,9999.000,9999.000
202607070642,   0.972,   1.649,9999.000,9999.000,9999.000,9999.000,9999.000,9999.000,9999.000
202607070648,   0.988,   1.679,9999.000,9999.000,9999.000,9999.000,9999.000,9999.000,9999.000
202607070654,   1.004,   1.718,9999.000,9999.000,9999.000,9999.000,9999.000,9999.000,9999.000
202607070700,   1.018,   1.748,   0.900,  -0.170,   1.748,   0.800,   1.648,   0.900,   1.748
202607070706,   1.032,   1.790,9999.000,9999.000,9999.000,9999.000,9999.000,9999.000,9999.000
202607070712,   1.045,   1.820,9999.000,9999.000,9999.000,9999.000,9999.000,9999.000,9999.000
202607070718,   1.058,   1.840,9999.000,9999.000,9999.000,9999.000,9999.000,9999.000,9999.000
202607070724,   1.069,   1.849,9999.000,9999.000,9999.000,9999.000,9999.000,9999.000,9999.000
202607070730,   1.080,   1.889,9999.000,9999.000,9999.000,9999.000,9999.000,9999.000,9999.000
202607070736,   1.090,   1.899,9999.000,9999.000,9999.000,9999.000,9999.000,9999.000,9999.000
202607070742,   1.099,   1.918,9999.000,9999.000,9999.000,9999.000,9999.000,9999.000,9999.000
202607070748,   1.107,   1.948,9999.000,9999.000,9999.000,9999.000,9999.000,9999.000,9999.000
202607070754,   1.115,   1.958,9999.000,9999.000,9999.000,9999.000,9999.000,9999.000,9999.000
202607070800,   1.121,   1.981,   0.900,  -0.040,   1.981,   0.800,   1.881,   0.900,   1.981
202607070806,   1.126,   2.000,9999.000,9999.000,9999.000,9999.000,9999.000,9999.000,9999.000
202607070812,   1.130,   2.020,9999.000,9999.000,9999.000,9999.000,9999.000,9999.000,9999.000
202607070818,   1.133,   2.040,9999.000,9999.000,9999.000,9999.000,9999.000,9999.000,9999.000
202607070824,   1.135,   2.069,9999.000,9999.000,9999.000,9999.000,9999.000,9999.000,9999.000
202607070830,   1.135,   2.069,9999.000,9999.000,9999.000,9999.000,9999.000,9999.000,9999.000
202607070836,   1.134,   2.089,9999.000,9999.000,9999.000,9999.000,9999.000,9999.000,9999.000
202607070842,   1.132,   2.099,9999.000,9999.000,9999.000,9999.000,9999.000,9999.000,9999.000
202607070848,   1.128,   2.099,9999.000,9999.000,9999.000,9999.000,9999.000,9999.000,9999.000
202607070854,   1.123,   2.079,9999.000,9999.000,9999.000,9999.000,9999.000,9999.000,9999.000
202607070900,   1.116,   2.089,   0.800,   0.173,   2.089,   0.800,   2.089,   0.900,   2.189
202607070906,   1.108,   2.079,9999.000,9999.000,9999.000,9999.000,9999.000,9999.000,9999.000
202607070912,   1.098,   2.049,9999.000,9999.000,9999.000,9999.000,9999.000,9999.000,9999.000
202607070918,   1.087,   2.030,9999.000,9999.000,9999.000,9999.000,9999.000,9999.000,9999.000
202607070924,   1.075,   1.990,9999.000,9999.000,9999.000,9999.000,9999.000,9999.000,9999.000
202607070930,   1.061,   1.981,9999.000,9999.000,9999.000,9999.000,9999.000,9999.000,9999.000
202607070936,   1.045,   1.928,9999.000,9999.000,9999.000,9999.000,9999.000,9999.000,9999.000
202607070942,   1.028,   1.889,9999.000,9999.000,9999.000,9999.000,9999.000,9999.000,9999.000
202607070948,   1.010,   1.899,9999.000,9999.000,9999.000,9999.000,9999.000,9999.000,9999.000
202607070954,   0.991,   1.879,9999.000,9999.000,9999.000,9999.000,9999.000,9999.000,9999.000
202607071000,   0.971,   1.859,   0.800,   0.088,   1.859,   0.800,   1.859,   0.900,   1.959
202607071006,   0.949,   1.840,9999.000,9999.000,9999.000,9999.000,9999.000,9999.000,9999.000
202607071012,   0.927,   1.820,9999.000,9999.000,9999.000,9999.000,9999.000,9999.000,9999.000
202607071018,   0.904,   1.800,9999.000,9999.000,9999.000,9999.000,9999.000,9999.000,9999.000
202607071024,   0.880,   1.781,9999.000,9999.000,9999.000,9999.000,9999.000,9999.000,9999.000
202607071030,   0.856,   1.767,9999.000,9999.000,9999.000,9999.000,9999.000,9999.000,9999.000
202607071036,   0.832,   1.738,9999.000,9999.000,9999.000,9999.000,9999.000,9999.000,9999.000
202607071042,   0.807,   1.699,9999.000,9999.000,9999.000,9999.000,9999.000,9999.000,9999.000
202607071048,   0.782,   1.679,9999.000,9999.000,9999.000,9999.000,9999.000,9999.000,9999.000
202607071054,   0.756,   1.659,9999.000,9999.000,9999.000,9999.000,9999.000,9999.000,9999.000
202607071100,   0.731,   1.639,   0.800,   0.108,   1.639,   0.800,   1.639,   0.900,   1.739
202607071106,   0.706,   1.610,9999.000,9999.000,9999.000,9999.000,9999.000,9999.000,9999.000
202607071112,   0.681,   1.571,9999.000,9999.000,9999.000,9999.000,9999.000,9999.000,9999.000
202607071118,   0.656,   1.538,9999.000,9999.000,9999.000,9999.000,9999.000,9999.000,9999.000
202607071124,   0.632,   1.508,9999.000,9999.000,9999.000,9999.000,9999.000,9999.000,9999.000
202607071130,   0.607,   1.498,9999.000,9999.000,9999.000,9999.000,9999.000,9999.000,9999.000
202607071136,   0.584,   1.498,9999.000,9999.000,9999.000,9999.000,9999.000,9999.000,9999.000
202607071142,   0.560,   1.498,9999.000,9999.000,9999.000,9999.000,9999.000,9999.000,9999.000
202607071148,   0.537,   1.459,9999.000,9999.000,9999.000,9999.000,9999.000,9999.000,9999.000
202607071154,   0.515,   1.439,9999.000,9999.000,9999.000,9999.000,9999.000,9999.000,9999.000
202607071200,   0.493,   1.390,   0.700,   0.197,   1.390,   0.700,   1.390,   0.800,   1.490
202607071206,   0.471,   1.390,9999.000,9999.000,9999.000,9999.000,9999.000,9999.000,9999.000
202607071212,   0.450,   1.361,9999.000,9999.000,9999.000,9999.000,9999.000,9999.000,9999.000
202607071218,   0.430,   1.371,9999.000,9999.000,9999.000,9999.000,9999.000,9999.000,9999.000
202607071224,   0.410,   1.328,9999.000,9999.000,9999.000,9999.000,9999.000,9999.000,9999.000
202607071230,   0.391,   1.308,9999.000,9999.000,9999.000,9999.000,9999.000,9999.000,9999.000
202607071236,   0.372,   1.279,9999.000,9999.000,9999.000,9999.000,9999.000,9999.000,9999.000
202607071242,   0.354,   1.249,9999.000,9999.000,9999.000,9999.000,9999.000,9999.000,9999.000
202607071248,   0.337,   1.220,9999.000,9999.000,9999.000,9999.000,9999.000,9999.000,9999.000
202607071254,   0.320,   1.200,9999.000,9999.000,9999.000,9999.000,9999.000,9999.000,9999.000
202607071300,   0.303,   1.210,   0.700,   0.207,   1.210,   0.700,   1.210,   0.800,   1.310
202607071306,   0.287,   1.180,9999.000,9999.000,9999.000,9999.000,9999.000,9999.000,9999.000
202607071312,   0.272,   1.161,9999.000,9999.000,9999.000,9999.000,9999.000,9999.000,9999.000
202607071318,   0.257,   1.138,9999.000,9999.000,9999.000,9999.000,9999.000,9999.000,9999.000
202607071324,   0.243,   1.098,9999.000,9999.000,9999.000,9999.000,9999.000,9999.000,9999.000
202607071330,   0.229,   1.088,9999.000,9999.000,9999.000,9999.000,9999.000,9999.000,9999.000
202607071336,   0.216,   1.059,9999.000,9999.000,9999.000,9999.000,9999.000,9999.000,9999.000
202607071342,   0.204,   1.059,9999.000,9999.000,9999.000,9999.000,9999.000,9999.000,9999.000
202607071348,   0.192,   1.039,9999.000,9999.000,9999.000,9999.000,9999.000,9999.000,9999.000
202607071354,   0.181,   1.010,9999.000,9999.000,9999.000,9999.000,9999.000,9999.000,9999.000
202607071400,   0.170,   1.010,   0.700,   0.140,   1.010,   0.700,   1.010,   0.700,   1.010
202607071406,   0.160,   0.980,9999.000,9999.000,9999.000,9999.000,9999.000,9999.000,9999.000
202607071412,   0.151,   0.990,9999.000,9999.000,9999.000,9999.000,9999.000,9999.000,9999.000
202607071418,   0.142,   0.970,9999.000,9999.000,9999.000,9999.000,9999.000,9999.000,9999.000
202607071424,   0.135,   0.941,9999.000,9999.000,9999.000,9999.000,9999.000,9999.000,9999.000
202607071430,   0.128,   0.961,9999.000,9999.000,9999.000,9999.000,9999.000,9999.000,9999.000
202607071436,   0.122,   0.941,9999.000,9999.000,9999.000,9999.000,9999.000,9999.000,9999.000
202607071442,   0.116,   0.908,9999.000,9999.000,9999.000,9999.000,9999.000,9999.000,9999.000
202607071448,   0.112,   0.908,9999.000,9999.000,9999.000,9999.000,9999.000,9999.000,9999.000
202607071454,   0.109,   0.908,9999.000,9999.000,9999.000,9999.000,9999.000,9999.000,9999.000
202607071500,   0.107,   0.898,   0.700,   0.091,   0.898,   0.700,   0.898,   0.700,   0.898
202607071506,   0.106,   0.888,9999.000,9999.000,9999.000,9999.000,9999.000,9999.000,9999.000
202607071512,   0.106,   0.879,9999.000,9999.000,9999.000,9999.000,9999.000,9999.000,9999.000
202607071518,   0.107,   0.869,9999.000,9999.000,9999.000,9999.000,9999.000,9999.000,9999.000
202607071524,   0.109,   0.888,9999.000,9999.000,9999.000,9999.000,9999.000,9999.000,9999.000
202607071530,   0.113,   0.898,9999.000,9999.000,9999.000,9999.000,9999.000,9999.000,9999.000
202607071536,   0.118,   0.918,9999.000,9999.000,9999.000,9999.000,9999.000,9999.000,9999.000
202607071542,   0.125,   0.961,9999.000,9999.000,9999.000,9999.000,9999.000,9999.000,9999.000
202607071548,   0.133,   0.970,9999.000,9999.000,9999.000,9999.000,9999.000,9999.000,9999.000
202607071554,   0.142,   1.000,9999.000,9999.000,9999.000,9999.000,9999.000,9999.000,9999.000
202607071600,   0.153,   1.020,   0.700,   0.167,   1.020,   0.600,   0.920,   0.700,   1.020
202607071606,   0.165,   1.029,9999.000,9999.000,9999.000,9999.000,9999.000,9999.000,9999.000
202607071612,   0.179,   1.069,9999.000,9999.000,9999.000,9999.000,9999.000,9999.000,9999.000
202607071618,   0.194,   1.098,9999.000,9999.000,9999.000,9999.000,9999.000,9999.000,9999.000
202607071624,   0.211,   1.128,9999.000,9999.000,9999.000,9999.000,9999.000,9999.000,9999.000
202607071630,   0.229,   1.170,9999.000,9999.000,9999.000,9999.000,9999.000,9999.000,9999.000
202607071636,   0.249,   1.161,9999.000,9999.000,9999.000,9999.000,9999.000,9999.000,9999.000
202607071642,   0.270,   1.200,9999.000,9999.000,9999.000,9999.000,9999.000,9999.000,9999.000
202607071648,   0.292,   1.200,9999.000,9999.000,9999.000,9999.000,9999.000,9999.000,9999.000
202607071654,   0.315,   1.220,9999.000,9999.000,9999.000,9999.000,9999.000,9999.000,9999.000
202607071700,   0.339,   1.249,   0.700,   0.210,   1.249,   0.600,   1.149,   0.700,   1.249
202607071706,   0.364,   1.289,9999.000,9999.000,9999.000,9999.000,9999.000,9999.000,9999.000
202607071712,   0.390,   1.308,9999.000,9999.000,9999.000,9999.000,9999.000,9999.000,9999.000
202607071718,   0.416,   1.328,9999.000,9999.000,9999.000,9999.000,9999.000,9999.000,9999.000
202607071724,   0.443,   1.361,9999.000,9999.000,9999.000,9999.000,9999.000,9999.000,9999.000
202607071730,   0.471,   1.371,9999.000,9999.000,9999.000,9999.000,9999.000,9999.000,9999.000
202607071736,   0.498,   1.439,9999.000,9999.000,9999.000,9999.000,9999.000,9999.000,9999.000
202607071742,   0.526,   1.469,9999.000,9999.000,9999.000,9999.000,9999.000,9999.000,9999.000
202607071748,   0.555,   1.528,9999.000,9999.000,9999.000,9999.000,9999.000,9999.000,9999.000
202607071754,   0.583,   1.528,9999.000,9999.000,9999.000,9999.000,9999.000,9999.000,9999.000
202607071800,   0.611,   1.548,   0.700,   0.237,   1.548,   0.600,   1.448,   0.700,   1.548
202607071806,   0.638,   1.580,9999.000,9999.000,9999.000,9999.000,9999.000,9999.000,9999.000
202607071812,   0.666,   1.620,9999.000,9999.000,9999.000,9999.000,9999.000,9999.000,9999.000
202607071818,   0.693,   1.649,9999.000,9999.000,9999.000,9999.000,9999.000,9999.000,9999.000
202607071824,   0.719,   1.679,9999.000,9999.000,9999.000,9999.000,9999.000,9999.000,9999.000
202607071830,   0.745,   1.699,9999.000,9999.000,9999.000,9999.000,9999.000,9999.000,9999.000
202607071836,   0.771,   1.708,9999.000,9999.000,9999.000,9999.000,9999.000,9999.000,9999.000
202607071842,   0.796,   1.738,9999.000,9999.000,9999.000,9999.000,9999.000,9999.000,9999.000
202607071848,   0.820,   1.767,9999.000,9999.000,9999.000,9999.000,9999.000,9999.000,9999.000
202607071854,   0.844,   1.810,9999.000,9999.000,9999.000,9999.000,9999.000,9999.000,9999.000
202607071900,   0.867,   1.859,   0.700,   0.292,   1.859,   0.600,   1.759,   0.800,   1.959
202607071906,   0.889,   1.889,9999.000,9999.000,9999.000,9999.000,9999.000,9999.000,9999.000
202607071912,   0.911,   1.879,9999.000,9999.000,9999.000,9999.000,9999.000,9999.000,9999.000
202607071918,   0.932,   1.908,9999.000,9999.000,9999.000,9999.000,9999.000,9999.000,9999.000
202607071924,   0.953,   1.918,9999.000,9999.000,9999.000,9999.000,9999.000,9999.000,9999.000
202607071930,   0.972,   1.938,9999.000,9999.000,9999.000,9999.000,9999.000,9999.000,9999.000
202607071936,   0.992,   1.981,9999.000,9999.000,9999.000,9999.000,9999.000,9999.000,9999.000
202607071942,   1.010,   2.000,9999.000,9999.000,9999.000,9999.000,9999.000,9999.000,9999.000
202607071948,   1.028,   2.020,9999.000,9999.000,9999.000,9999.000,9999.000,9999.000,9999.000
202607071954,   1.045,   2.030,9999.000,9999.000,9999.000,9999.000,9999.000,9999.000,9999.000
202607072000,   1.062,   2.069,   0.700,   0.307,   2.069,   0.600,   1.969,   0.700,   2.069
202607072006,   1.077,   2.079,9999.000,9999.000,9999.000,9999.000,9999.000,9999.000,9999.000
202607072012,   1.092,   2.089,9999.000,9999.000,9999.000,9999.000,9999.000,9999.000,9999.000
202607072018,   1.106,   2.118,9999.000,9999.000,9999.000,9999.000,9999.000,9999.000,9999.000
202607072024,   1.119,   2.138,9999.000,9999.000,9999.000,9999.000,9999.000,9999.000,9999.000
202607072030,   1.131,   2.148,9999.000,9999.000,9999.000,9999.000,9999.000,9999.000,9999.000
202607072036,   1.143,   2.148,9999.000,9999.000,9999.000,9999.000,9999.000,9999.000,9999.000
202607072042,   1.153,   2.191,9999.000,9999.000,9999.000,9999.000,9999.000,9999.000,9999.000
202607072048,   1.161,   2.177,9999.000,9999.000,9999.000,9999.000,9999.000,9999.000,9999.000
202607072054,   1.169,   2.200,9999.000,9999.000,9999.000,9999.000,9999.000,9999.000,9999.000
202607072100,   1.175,   2.191,   0.700,   0.316,   2.191,   0.600,   2.091,   0.700,   2.191
202607072106,   1.180,   2.200,9999.000,9999.000,9999.000,9999.000,9999.000,9999.000,9999.000
202607072112,   1.183,   2.200,9999.000,9999.000,9999.000,9999.000,9999.000,9999.000,9999.000
202607072118,   1.185,   2.191,9999.000,9999.000,9999.000,9999.000,9999.000,9999.000,9999.000
202607072124,   1.186,   2.177,9999.000,9999.000,9999.000,9999.000,9999.000,9999.000,9999.000
202607072130,   1.185,   2.191,9999.000,9999.000,9999.000,9999.000,9999.000,9999.000,9999.000
202607072136,   1.182,   2.191,9999.000,9999.000,9999.000,9999.000,9999.000,9999.000,9999.000
202607072142,   1.178,   2.158,9999.000,9999.000,9999.000,9999.000,9999.000,9999.000,9999.000
202607072148,   1.172,   2.158,9999.000,9999.000,9999.000,9999.000,9999.000,9999.000,9999.000
202607072154,   1.165,   2.138,9999.000,9999.000,9999.000,9999.000,9999.000,9999.000,9999.000
202607072200,   1.156,   2.109,   0.700,   0.253,   2.109,   0.600,   2.009,   0.700,   2.109
202607072206,   1.146,   2.099,9999.000,9999.000,9999.000,9999.000,9999.000,9999.000,9999.000
202607072212,   1.135,   2.059,9999.000,9999.000,9999.000,9999.000,9999.000,9999.000,9999.000
202607072218,   1.122,   2.040,9999.000,9999.000,9999.000,9999.000,9999.000,9999.000,9999.000
202607072224,   1.108,   2.040,9999.000,9999.000,9999.000,9999.000,9999.000,9999.000,9999.000
202607072230,   1.093,   2.000,9999.000,9999.000,9999.000,9999.000,9999.000,9999.000,9999.000
202607072236,   1.077,   1.967,9999.000,9999.000,9999.000,9999.000,9999.000,9999.000,9999.000
202607072242,   1.060,   1.928,9999.000,9999.000,9999.000,9999.000,9999.000,9999.000,9999.000
202607072248,   1.042,   1.908,9999.000,9999.000,9999.000,9999.000,9999.000,9999.000,9999.000
202607072254,   1.023,   1.899,9999.000,9999.000,9999.000,9999.000,9999.000,9999.000,9999.000
202607072300,   1.004,   1.859,   0.700,   0.155,   1.859,   0.600,   1.759,   0.700,   1.859
202607072306,   0.985,   1.869,9999.000,9999.000,9999.000,9999.000,9999.000,9999.000,9999.000
202607072312,   0.964,   1.849,9999.000,9999.000,9999.000,9999.000,9999.000,9999.000,9999.000
202607072318,   0.944,   1.790,9999.000,9999.000,9999.000,9999.000,9999.000,9999.000,9999.000
202607072324,   0.923,   1.781,9999.000,9999.000,9999.000,9999.000,9999.000,9999.000,9999.000
202607072330,   0.903,   1.748,9999.000,9999.000,9999.000,9999.000,9999.000,9999.000,9999.000
202607072336,   0.882,   1.718,9999.000,9999.000,9999.000,9999.000,9999.000,9999.000,9999.000
202607072342,   0.861,   1.679,9999.000,9999.000,9999.000,9999.000,9999.000,9999.000,9999.000
202607072348,   0.840,   1.679,9999.000,9999.000,9999.000,9999.000,9999.000,9999.000,9999.000
202607072354,   0.820,   1.620,9999.000,9999.000,9999.000,9999.000,9999.000,9999.000,9999.000
202607080000,   0.800,   1.580,   0.600,   0.180,   1.580,   0.600,   1.580,   0.700,   1.680
202607080006,   0.779,   1.557,9999.000,9999.000,9999.000,9999.000,9999.000,9999.000,9999.000
202607080012,   0.759,   1.538,9999.000,9999.000,9999.000,9999.000,9999.000,9999.000,9999.000
202607080018,   0.740,   1.498,9999.000,9999.000,9999.000,9999.000,9999.000,9999.000,9999.000
202607080024,   0.721,   1.459,9999.000,9999.000,9999.000,9999.000,9999.000,9999.000,9999.000
202607080030,   0.702,   1.459,9999.000,9999.000,9999.000,9999.000,9999.000,9999.000,9999.000
202607080036,   0.683,   1.449,9999.000,9999.000,9999.000,9999.000,9999.000,9999.000,9999.000
202607080042,   0.665,   1.430,9999.000,9999.000,9999.000,9999.000,9999.000,9999.000,9999.000
202607080048,   0.647,   1.430,9999.000,9999.000,9999.000,9999.000,9999.000,9999.000,9999.000
202607080054,   0.629,   1.439,9999.000,9999.000,9999.000,9999.000,9999.000,9999.000,9999.000
202607080100,   0.612,   1.380,   0.600,   0.168,   1.380,   0.600,   1.380,   0.700,   1.480
202607080106,   0.595,   1.361,9999.000,9999.000,9999.000,9999.000,9999.000,9999.000,9999.000
202607080112,   0.578,   1.308,9999.000,9999.000,9999.000,9999.000,9999.000,9999.000,9999.000
202607080118,   0.562,   1.298,9999.000,9999.000,9999.000,9999.000,9999.000,9999.000,9999.000
202607080124,   0.546,   1.269,9999.000,9999.000,9999.000,9999.000,9999.000,9999.000,9999.000
202607080130,   0.531,   1.259,9999.000,9999.000,9999.000,9999.000,9999.000,9999.000,9999.000
202607080136,   0.516,   1.229,9999.000,9999.000,9999.000,9999.000,9999.000,9999.000,9999.000
202607080142,   0.501,   1.200,9999.000,9999.000,9999.000,9999.000,9999.000,9999.000,9999.000
202607080148,   0.487,   1.200,9999.000,9999.000,9999.000,9999.000,9999.000,9999.000,9999.000
202607080154,   0.473,   1.200,9999.000,9999.000,9999.000,9999.000,9999.000,9999.000,9999.000
202607080200,   0.459,   1.210,   0.700,   0.051,   1.210,   0.600,   1.110,   0.700,   1.210
202607080206,   0.446,   1.180,9999.000,9999.000,9999.000,9999.000,9999.000,9999.000,9999.000
202607080212,   0.433,   1.161,9999.000,9999.000,9999.000,9999.000,9999.000,9999.000,9999.000
202607080218,   0.421,   1.138,9999.000,9999.000,9999.000,9999.000,9999.000,9999.000,9999.000
202607080224,   0.409,   1.098,9999.000,9999.000,9999.000,9999.000,9999.000,9999.000,9999.000
202607080230,   0.398,   1.118,9999.000,9999.000,9999.000,9999.000,9999.000,9999.000,9999.000
202607080236,   0.387,   1.118,9999.000,9999.000,9999.000,9999.000,9999.000,9999.000,9999.000
202607080242,   0.377,   1.108,9999.000,9999.000,9999.000,9999.000,9999.000,9999.000,9999.000
202607080248,   0.367,   1.088,9999.000,9999.000,9999.000,9999.000,9999.000,9999.000,9999.000
202607080254,   0.358,   1.059,9999.000,9999.000,9999.000,9999.000,9999.000,9999.000,9999.000
202607080300,   0.350,   1.049,   0.700,  -0.001,   1.049,   0.600,   0.949,   0.700,   1.049
202607080306,   0.342,   1.029,9999.000,9999.000,9999.000,9999.000,9999.000,9999.000,9999.000
202607080312,   0.336,   1.029,9999.000,9999.000,9999.000,9999.000,9999.000,9999.000,9999.000
202607080318,   0.330,   1.029,9999.000,9999.000,9999.000,9999.000,9999.000,9999.000,9999.000
202607080324,   0.324,   1.020,9999.000,9999.000,9999.000,9999.000,9999.000,9999.000,9999.000
202607080330,   0.320,9999.000,9999.000,9999.000,9999.000,9999.000,9999.000,9999.000,9999.000
202607080336,   0.317,   1.000,9999.000,9999.000,9999.000,9999.000,9999.000,9999.000,9999.000
202607080342,   0.315,   0.990,9999.000,9999.000,9999.000,9999.000,9999.000,9999.000,9999.000
202607080348,   0.314,   0.990,9999.000,9999.000,9999.000,9999.000,9999.000,9999.000,9999.000
202607080354,   0.314,   0.980,9999.000,9999.000,9999.000,9999.000,9999.000,9999.000,9999.000
202607080400,   0.315,   0.980,   0.700,  -0.035,   0.980,   0.600,   0.880,   0.700,   0.980
202607080406,   0.318,   0.970,9999.000,9999.000,9999.000,9999.000,9999.000,9999.000,9999.000
202607080412,   0.322,   0.961,9999.000,9999.000,9999.000,9999.000,9999.000,9999.000,9999.000
202607080418,   0.327,   1.000,9999.000,9999.000,9999.000,9999.000,9999.000,9999.000,9999.000
202607080424,   0.334,   0.990,9999.000,9999.000,9999.000,9999.000,9999.000,9999.000,9999.000
202607080430,   0.342,   1.029,9999.000,9999.000,9999.000,9999.000,9999.000,9999.000,9999.000
202607080436,   0.351,   1.020,9999.000,9999.000,9999.000,9999.000,9999.000,9999.000,9999.000
202607080442,   0.362,   1.039,9999.000,9999.000,9999.000,9999.000,9999.000,9999.000,9999.000
202607080448,   0.373,   1.069,9999.000,9999.000,9999.000,9999.000,9999.000,9999.000,9999.000
202607080454,   0.387,   1.098,9999.000,9999.000,9999.000,9999.000,9999.000,9999.000,9999.000
202607080500,   0.401,   1.128,   0.700,   0.027,   1.128,   0.600,   1.028,   0.700,   1.128
202607080506,   0.417,   1.138,9999.000,9999.000,9999.000,9999.000,9999.000,9999.000,9999.000
202607080512,   0.434,   1.180,9999.000,9999.000,9999.000,9999.000,9999.000,9999.000,9999.000
202607080518,   0.451,   1.190,9999.000,9999.000,9999.000,9999.000,9999.000,9999.000,9999.000
202607080524,   0.470,   1.220,9999.000,9999.000,9999.000,9999.000,9999.000,9999.000,9999.000
202607080530,   0.490,   1.239,9999.000,9999.000,9999.000,9999.000,9999.000,9999.000,9999.000
202607080536,   0.510,   1.249,9999.000,9999.000,9999.000,9999.000,9999.000,9999.000,9999.000
202607080542,   0.531,   1.269,9999.000,9999.000,9999.000,9999.000,9999.000,9999.000,9999.000
202607080548,   0.552,   1.298,9999.000,9999.000,9999.000,9999.000,9999.000,9999.000,9999.000
202607080554,   0.574,   1.318,9999.000,9999.000,9999.000,9999.000,9999.000,9999.000,9999.000
202607080600,   0.596,   1.328,   0.600,   0.132,   1.328,   0.600,   1.328,   0.700,   1.428
202607080606,   0.618,   1.348,9999.000,9999.000,9999.000,9999.000,9999.000,9999.000,9999.000
202607080612,   0.641,   1.380,9999.000,9999.000,9999.000,9999.000,9999.000,9999.000,9999.000
202607080618,   0.663,   1.400,9999.000,9999.000,9999.000,9999.000,9999.000,9999.000,9999.000
202607080624,   0.685,   1.430,9999.000,9999.000,9999.000,9999.000,9999.000,9999.000,9999.000
202607080630,   0.707,   1.449,9999.000,9999.000,9999.000,9999.000,9999.000,9999.000,9999.000
202607080636,   0.728,   1.479,9999.000,9999.000,9999.000,9999.000,9999.000,9999.000,9999.000
202607080642,   0.749,   1.508,9999.000,9999.000,9999.000,9999.000,9999.000,9999.000,9999.000
202607080648,   0.769,   1.548,9999.000,9999.000,9999.000,9999.000,9999.000,9999.000,9999.000
202607080654,   0.789,   1.580,9999.000,9999.000,9999.000,9999.000,9999.000,9999.000,9999.000
202607080700,   0.808,   1.590,   0.600,   0.182,   1.590,   0.600,   1.590,   0.700,   1.690
202607080706,   0.827,   1.620,9999.000,9999.000,9999.000,9999.000,9999.000,9999.000,9999.000
202607080712,   0.845,   1.639,9999.000,9999.000,9999.000,9999.000,9999.000,9999.000,9999.000
202607080718,   0.863,   1.659,9999.000,9999.000,9999.000,9999.000,9999.000,9999.000,9999.000
202607080724,   0.879,   1.679,9999.000,9999.000,9999.000,9999.000,9999.000,9999.000,9999.000
202607080730,   0.895,   1.699,9999.000,9999.000,9999.000,9999.000,9999.000,9999.000,9999.000
202607080736,   0.911,   1.718,9999.000,9999.000,9999.000,9999.000,9999.000,9999.000,9999.000
202607080742,   0.926,   1.738,9999.000,9999.000,9999.000,9999.000,9999.000,9999.000,9999.000
202607080748,   0.940,   1.758,9999.000,9999.000,9999.000,9999.000,9999.000,9999.000,9999.000
202607080754,   0.953,   1.767,9999.000,9999.000,9999.000,9999.000,9999.000,9999.000,9999.000
202607080800,   0.966,   1.800,   0.700,   0.134,   1.800,   0.600,   1.700,   0.700,   1.800
202607080806,   0.978,   1.830,9999.000,9999.000,9999.000,9999.000,9999.000,9999.000,9999.000
202607080812,   0.989,   1.840,9999.000,9999.000,9999.000,9999.000,9999.000,9999.000,9999.000
202607080818,   1.000,   1.849,9999.000,9999.000,9999.000,9999.000,9999.000,9999.000,9999.000
202607080824,   1.010,   1.849,9999.000,9999.000,9999.000,9999.000,9999.000,9999.000,9999.000
202607080830,   1.020,   1.859,9999.000,9999.000,9999.000,9999.000,9999.000,9999.000,9999.000
202607080836,   1.028,   1.869,9999.000,9999.000,9999.000,9999.000,9999.000,9999.000,9999.000
202607080842,   1.036,   1.879,9999.000,9999.000,9999.000,9999.000,9999.000,9999.000,9999.000
202607080848,   1.043,   1.889,9999.000,9999.000,9999.000,9999.000,9999.000,9999.000,9999.000
202607080854,   1.049,   1.889,9999.000,9999.000,9999.000,9999.000,9999.000,9999.000,9999.000
202607080900,   1.054,   1.889,   0.700,   0.135,   1.889,   0.600,   1.789,   0.800,   1.989
202607080906,   1.058,   1.879,9999.000,9999.000,9999.000,9999.000,9999.000,9999.000,9999.000
202607080912,   1.060,   1.908,9999.000,9999.000,9999.000,9999.000,9999.000,9999.000,9999.000
202607080918,   1.062,   1.889,9999.000,9999.000,9999.000,9999.000,9999.000,9999.000,9999.000
202607080924,   1.062,   1.879,9999.000,9999.000,9999.000,9999.000,9999.000,9999.000,9999.000
202607080930,   1.061,   1.869,9999.000,9999.000,9999.000,9999.000,9999.000,9999.000,9999.000
202607080936,   1.059,   1.859,9999.000,9999.000,9999.000,9999.000,9999.000,9999.000,9999.000
202607080942,   1.055,   1.849,9999.000,9999.000,9999.000,9999.000,9999.000,9999.000,9999.000
202607080948,   1.050,   1.840,9999.000,9999.000,9999.000,9999.000,9999.000,9999.000,9999.000
202607080954,   1.044,   1.810,9999.000,9999.000,9999.000,9999.000,9999.000,9999.000,9999.000
202607081000,   1.036,   1.790,   0.700,   0.054,   1.790,   0.700,   1.790,   0.800,   1.890
202607081006,   1.026,   1.758,9999.000,9999.000,9999.000,9999.000,9999.000,9999.000,9999.000
202607081012,   1.015,   1.728,9999.000,9999.000,9999.000,9999.000,9999.000,9999.000,9999.000
202607081018,   1.003,   1.708,9999.000,9999.000,9999.000,9999.000,9999.000,9999.000,9999.000
202607081024,   0.989,   1.699,9999.000,9999.000,9999.000,9999.000,9999.000,9999.000,9999.000
202607081030,   0.974,   1.689,9999.000,9999.000,9999.000,9999.000,9999.000,9999.000,9999.000
202607081036,   0.957,   1.659,9999.000,9999.000,9999.000,9999.000,9999.000,9999.000,9999.000
202607081042,   0.940,   1.630,9999.000,9999.000,9999.000,9999.000,9999.000,9999.000,9999.000
202607081048,   0.921,   1.610,9999.000,9999.000,9999.000,9999.000,9999.000,9999.000,9999.000
202607081054,   0.901,   1.580,9999.000,9999.000,9999.000,9999.000,9999.000,9999.000,9999.000
202607081100,   0.880,   1.548,   0.800,  -0.132,   1.548,   0.700,   1.448,   0.800,   1.548
202607081106,   0.859,   1.538,9999.000,9999.000,9999.000,9999.000,9999.000,9999.000,9999.000
202607081112,   0.836,   1.528,9999.000,9999.000,9999.000,9999.000,9999.000,9999.000,9999.000
202607081118,   0.814,   1.498,9999.000,9999.000,9999.000,9999.000,9999.000,9999.000,9999.000
202607081124,   0.790,   1.469,9999.000,9999.000,9999.000,9999.000,9999.000,9999.000,9999.000
202607081130,   0.766,   1.439,9999.000,9999.000,9999.000,9999.000,9999.000,9999.000,9999.000
202607081136,   0.742,   1.410,9999.000,9999.000,9999.000,9999.000,9999.000,9999.000,9999.000
202607081142,   0.718,   1.390,9999.000,9999.000,9999.000,9999.000,9999.000,9999.000,9999.000
202607081148,   0.694,   1.371,9999.000,9999.000,9999.000,9999.000,9999.000,9999.000,9999.000
202607081154,   0.669,   1.338,9999.000,9999.000,9999.000,9999.000,9999.000,9999.000,9999.000
202607081200,   0.645,   1.328,   0.700,  -0.017,   1.328,   0.700,   1.328,   0.800,   1.428
202607081206,   0.621,   1.269,9999.000,9999.000,9999.000,9999.000,9999.000,9999.000,9999.000
202607081212,   0.597,   1.259,9999.000,9999.000,9999.000,9999.000,9999.000,9999.000,9999.000
202607081218,   0.574,   1.229,9999.000,9999.000,9999.000,9999.000,9999.000,9999.000,9999.000
202607081224,   0.550,   1.210,9999.000,9999.000,9999.000,9999.000,9999.000,9999.000,9999.000
202607081230,   0.528,   1.190,9999.000,9999.000,9999.000,9999.000,9999.000,9999.000,9999.000
202607081236,   0.505,   1.151,9999.000,9999.000,9999.000,9999.000,9999.000,9999.000,9999.000
202607081242,   0.483,   1.138,9999.000,9999.000,9999.000,9999.000,9999.000,9999.000,9999.000
202607081248,   0.462,   1.108,9999.000,9999.000,9999.000,9999.000,9999.000,9999.000,9999.000
202607081254,   0.441,   1.079,9999.000,9999.000,9999.000,9999.000,9999.000,9999.000,9999.000
202607081300,   0.420,   1.069,   0.700,  -0.051,   1.069,   0.700,   1.069,   0.800,   1.169
202607081306,   0.400,   1.029,9999.000,9999.000,9999.000,9999.000,9999.000,9999.000,9999.000
202607081312,   0.381,   1.020,9999.000,9999.000,9999.000,9999.000,9999.000,9999.000,9999.000
202607081318,   0.362,   0.980,9999.000,9999.000,9999.000,9999.000,9999.000,9999.000,9999.000
202607081324,   0.344,   0.970,9999.000,9999.000,9999.000,9999.000,9999.000,9999.000,9999.000
202607081330,   0.326,   0.951,9999.000,9999.000,9999.000,9999.000,9999.000,9999.000,9999.000
202607081336,   0.309,   0.918,9999.000,9999.000,9999.000,9999.000,9999.000,9999.000,9999.000
202607081342,   0.292,   0.908,9999.000,9999.000,9999.000,9999.000,9999.000,9999.000,9999.000
202607081348,   0.276,   0.879,9999.000,9999.000,9999.000,9999.000,9999.000,9999.000,9999.000
202607081354,   0.260,   0.869,9999.000,9999.000,9999.000,9999.000,9999.000,9999.000,9999.000
202607081400,   0.245,   0.849,   0.800,  -0.196,   0.849,   0.700,   0.749,   0.800,   0.849
202607081406,   0.231,   0.839,9999.000,9999.000,9999.000,9999.000,9999.000,9999.000,9999.000
202607081412,   0.217,   0.810,9999.000,9999.000,9999.000,9999.000,9999.000,9999.000,9999.000
202607081418,   0.204,   0.780,9999.000,9999.000,9999.000,9999.000,9999.000,9999.000,9999.000
202607081424,   0.191,   0.790,9999.000,9999.000,9999.000,9999.000,9999.000,9999.000,9999.000
202607081430,   0.179,   0.760,9999.000,9999.000,9999.000,9999.000,9999.000,9999.000,9999.000
202607081436,   0.168,   0.731,9999.000,9999.000,9999.000,9999.000,9999.000,9999.000,9999.000
202607081442,   0.157,   0.751,9999.000,9999.000,9999.000,9999.000,9999.000,9999.000,9999.000
202607081448,   0.147,   0.708,9999.000,9999.000,9999.000,9999.000,9999.000,9999.000,9999.000
202607081454,   0.137,   0.698,9999.000,9999.000,9999.000,9999.000,9999.000,9999.000,9999.000
202607081500,   0.129,   0.688,   0.800,  -0.241,   0.688,   0.700,   0.588,   0.900,   0.788
202607081506,   0.121,   0.659,9999.000,9999.000,9999.000,9999.000,9999.000,9999.000,9999.000
202607081512,   0.113,   0.678,9999.000,9999.000,9999.000,9999.000,9999.000,9999.000,9999.000
202607081518,   0.107,   0.629,9999.000,9999.000,9999.000,9999.000,9999.000,9999.000,9999.000
202607081524,   0.101,   0.649,9999.000,9999.000,9999.000,9999.000,9999.000,9999.000,9999.000
202607081530,   0.096,   0.619,9999.000,9999.000,9999.000,9999.000,9999.000,9999.000,9999.000
202607081536,   0.093,   0.629,9999.000,9999.000,9999.000,9999.000,9999.000,9999.000,9999.000
202607081542,   0.090,   0.619,9999.000,9999.000,9999.000,9999.000,9999.000,9999.000,9999.000
202607081548,   0.088,   0.610,9999.000,9999.000,9999.000,9999.000,9999.000,9999.000,9999.000
202607081554,   0.087,   0.619,9999.000,9999.000,9999.000,9999.000,9999.000,9999.000,9999.000
202607081600,   0.088,   0.629,   0.800,  -0.259,   0.629,   0.700,   0.529,   0.900,   0.729
202607081606,   0.089,   0.619,9999.000,9999.000,9999.000,9999.000,9999.000,9999.000,9999.000
202607081612,   0.092,   0.649,9999.000,9999.000,9999.000,9999.000,9999.000,9999.000,9999.000
202607081618,   0.096,   0.678,9999.000,9999.000,9999.000,9999.000,9999.000,9999.000,9999.000
202607081624,   0.102,   0.688,9999.000,9999.000,9999.000,9999.000,9999.000,9999.000,9999.000
202607081630,   0.109,   0.731,9999.000,9999.000,9999.000,9999.000,9999.000,9999.000,9999.000
202607081636,   0.117,   0.731,9999.000,9999.000,9999.000,9999.000,9999.000,9999.000,9999.000
202607081642,   0.127,   0.790,9999.000,9999.000,9999.000,9999.000,9999.000,9999.000,9999.000
202607081648,   0.138,   0.800,9999.000,9999.000,9999.000,9999.000,9999.000,9999.000,9999.000
202607081654,   0.150,   0.839,9999.000,9999.000,9999.000,9999.000,9999.000,9999.000,9999.000
202607081700,   0.165,   0.849,   0.900,  -0.216,   0.849,   0.800,   0.749,   0.900,   0.849
202607081706,   0.180,   0.888,9999.000,9999.000,9999.000,9999.000,9999.000,9999.000,9999.000
202607081712,   0.197,   0.888,9999.000,9999.000,9999.000,9999.000,9999.000,9999.000,9999.000
202607081718,   0.216,   0.941,9999.000,9999.000,9999.000,9999.000,9999.000,9999.000,9999.000
202607081724,   0.236,   0.961,9999.000,9999.000,9999.000,9999.000,9999.000,9999.000,9999.000
202607081730,   0.257,   1.010,9999.000,9999.000,9999.000,9999.000,9999.000,9999.000,9999.000
202607081736,   0.279,   1.039,9999.000,9999.000,9999.000,9999.000,9999.000,9999.000,9999.000
202607081742,   0.303,   1.079,9999.000,9999.000,9999.000,9999.000,9999.000,9999.000,9999.000
202607081748,   0.327,   1.088,9999.000,9999.000,9999.000,9999.000,9999.000,9999.000,9999.000
202607081754,   0.353,   1.128,9999.000,9999.000,9999.000,9999.000,9999.000,9999.000,9999.000
202607081800,   0.379,   1.161,   0.800,  -0.018,   1.161,   0.800,   1.161,   0.900,   1.261
202607081806,   0.406,   1.210,9999.000,9999.000,9999.000,9999.000,9999.000,9999.000,9999.000
202607081812,   0.434,   1.220,9999.000,9999.000,9999.000,9999.000,9999.000,9999.000,9999.000
202607081818,   0.462,   1.289,9999.000,9999.000,9999.000,9999.000,9999.000,9999.000,9999.000
202607081824,   0.491,   1.279,9999.000,9999.000,9999.000,9999.000,9999.000,9999.000,9999.000
202607081830,   0.520,   1.328,9999.000,9999.000,9999.000,9999.000,9999.000,9999.000,9999.000
202607081836,   0.549,   1.361,9999.000,9999.000,9999.000,9999.000,9999.000,9999.000,9999.000
202607081842,   0.578,   1.390,9999.000,9999.000,9999.000,9999.000,9999.000,9999.000,9999.000
202607081848,   0.607,   1.430,9999.000,9999.000,9999.000,9999.000,9999.000,9999.000,9999.000
202607081854,   0.635,   1.459,9999.000,9999.000,9999.000,9999.000,9999.000,9999.000,9999.000
202607081900,   0.664,   1.489,   0.800,   0.025,   1.489,   0.800,   1.489,   0.900,   1.589
202607081906,   0.692,   1.518,9999.000,9999.000,9999.000,9999.000,9999.000,9999.000,9999.000
202607081912,   0.720,   1.518,9999.000,9999.000,9999.000,9999.000,9999.000,9999.000,9999.000
202607081918,   0.747,   1.590,9999.000,9999.000,9999.000,9999.000,9999.000,9999.000,9999.000
202607081924,   0.774,   1.620,9999.000,9999.000,9999.000,9999.000,9999.000,9999.000,9999.000
202607081930,   0.800,   1.639,9999.000,9999.000,9999.000,9999.000,9999.000,9999.000,9999.000
202607081936,   0.826,   1.679,9999.000,9999.000,9999.000,9999.000,9999.000,9999.000,9999.000
202607081942,   0.851,   1.689,9999.000,9999.000,9999.000,9999.000,9999.000,9999.000,9999.000
202607081948,   0.876,   1.699,9999.000,9999.000,9999.000,9999.000,9999.000,9999.000,9999.000
202607081954,   0.900,   1.767,9999.000,9999.000,9999.000,9999.000,9999.000,9999.000,9999.000
202607082000,   0.923,   1.758,   0.900,  -0.065,   1.758,   0.800,   1.658,   0.900,   1.758
202607082006,   0.946,   1.800,9999.000,9999.000,9999.000,9999.000,9999.000,9999.000,9999.000
202607082012,   0.969,   1.830,9999.000,9999.000,9999.000,9999.000,9999.000,9999.000,9999.000
202607082018,   0.990,   1.830,9999.000,9999.000,9999.000,9999.000,9999.000,9999.000,9999.000
202607082024,   1.011,   1.849,9999.000,9999.000,9999.000,9999.000,9999.000,9999.000,9999.000
202607082030,   1.032,   1.879,9999.000,9999.000,9999.000,9999.000,9999.000,9999.000,9999.000
202607082036,   1.051,   1.889,9999.000,9999.000,9999.000,9999.000,9999.000,9999.000,9999.000
202607082042,   1.071,   1.928,9999.000,9999.000,9999.000,9999.000,9999.000,9999.000,9999.000
202607082048,   1.089,   1.938,9999.000,9999.000,9999.000,9999.000,9999.000,9999.000,9999.000
202607082054,   1.107,   1.981,9999.000,9999.000,9999.000,9999.000,9999.000,9999.000,9999.000
202607082100,   1.124,   1.981,   0.900,  -0.043,   1.981,   0.800,   1.881,   0.900,   1.981
202607082106,   1.140,   2.010,9999.000,9999.000,9999.000,9999.000,9999.000,9999.000,9999.000
202607082112,   1.155,   2.030,9999.000,9999.000,9999.000,9999.000,9999.000,9999.000,9999.000
202607082118,   1.170,   2.040,9999.000,9999.000,9999.000,9999.000,9999.000,9999.000,9999.000
202607082124,   1.183,   2.049,9999.000,9999.000,9999.000,9999.000,9999.000,9999.000,9999.000
202607082130,   1.196,   2.099,9999.000,9999.000,9999.000,9999.000,9999.000,9999.000,9999.000
202607082136,   1.207,   2.099,9999.000,9999.000,9999.000,9999.000,9999.000,9999.000,9999.000
202607082142,   1.217,   2.109,9999.000,9999.000,9999.000,9999.000,9999.000,9999.000,9999.000
202607082148,   1.226,   2.099,9999.000,9999.000,9999.000,9999.000,9999.000,9999.000,9999.000
202607082154,   1.233,   2.118,9999.000,9999.000,9999.000,9999.000,9999.000,9999.000,9999.000
202607082200,   1.239,   2.118,   0.900,  -0.021,   2.118,   0.900,   2.118,   1.000,   2.218
202607082206,   1.244,   2.148,9999.000,9999.000,9999.000,9999.000,9999.000,9999.000,9999.000
202607082212,   1.247,   2.138,9999.000,9999.000,9999.000,9999.000,9999.000,9999.000,9999.000
202607082218,   1.248,   2.138,9999.000,9999.000,9999.000,9999.000,9999.000,9999.000,9999.000
202607082224,   1.248,   2.158,9999.000,9999.000,9999.000,9999.000,9999.000,9999.000,9999.000
202607082230,   1.247,   2.128,9999.000,9999.000,9999.000,9999.000,9999.000,9999.000,9999.000
202607082236,   1.243,   2.138,9999.000,9999.000,9999.000,9999.000,9999.000,9999.000,9999.000
202607082242,   1.239,   2.148,9999.000,9999.000,9999.000,9999.000,9999.000,9999.000,9999.000
202607082248,   1.232,   2.099,9999.000,9999.000,9999.000,9999.000,9999.000,9999.000,9999.000
202607082254,   1.224,   2.109,9999.000,9999.000,9999.000,9999.000,9999.000,9999.000,9999.000
202607082300,   1.215,   2.089,   0.900,  -0.026,   2.089,   0.900,   2.089,   1.000,   2.189
202607082306,   1.205,   2.059,9999.000,9999.000,9999.000,9999.000,9999.000,9999.000,9999.000
202607082312,   1.193,   2.040,9999.000,9999.000,9999.000,9999.000,9999.000,9999.000,9999.000
202607082318,   1.179,   2.059,9999.000,9999.000,9999.000,9999.000,9999.000,9999.000,9999.000
202607082324,   1.165,   2.010,9999.000,9999.000,9999.000,9999.000,9999.000,9999.000,9999.000
202607082330,   1.150,   2.010,9999.000,9999.000,9999.000,9999.000,9999.000,9999.000,9999.000
202607082336,   1.133,   1.990,9999.000,9999.000,9999.000,9999.000,9999.000,9999.000,9999.000
202607082342,   1.116,   1.958,9999.000,9999.000,9999.000,9999.000,9999.000,9999.000,9999.000
202607082348,   1.098,   1.938,9999.000,9999.000,9999.000,9999.000,9999.000,9999.000,9999.000
202607082354,   1.080,   1.918,9999.000,9999.000,9999.000,9999.000,9999.000,9999.000,9999.000
202607090000,   1.061,   1.908,   0.800,   0.047,   1.908,   0.800,   1.908,   0.900,   2.008
202607090006,   1.041,   1.889,9999.000,9999.000,9999.000,9999.000,9999.000,9999.000,9999.000
202607090012,   1.021,   1.869,9999.000,9999.000,9999.000,9999.000,9999.000,9999.000,9999.000
202607090018,   1.001,   1.840,9999.000,9999.000,9999.000,9999.000,9999.000,9999.000,9999.000
202607090024,   0.981,   1.820,9999.000,9999.000,9999.000,9999.000,9999.000,9999.000,9999.000
202607090030,   0.960,   1.800,9999.000,9999.000,9999.000,9999.000,9999.000,9999.000,9999.000
202607090036,   0.940,   1.781,9999.000,9999.000,9999.000,9999.000,9999.000,9999.000,9999.000
202607090042,   0.919,   1.748,9999.000,9999.000,9999.000,9999.000,9999.000,9999.000,9999.000
202607090048,   0.899,   1.728,9999.000,9999.000,9999.000,9999.000,9999.000,9999.000,9999.000
202607090054,   0.878,   1.699,9999.000,9999.000,9999.000,9999.000,9999.000,9999.000,9999.000
202607090100,   0.858,   1.669,   0.800,   0.011,   1.669,   0.800,   1.669,   0.900,   1.769
202607090106,   0.838,   1.659,9999.000,9999.000,9999.000,9999.000,9999.000,9999.000,9999.000
202607090112,   0.818,   1.630,9999.000,9999.000,9999.000,9999.000,9999.000,9999.000,9999.000
202607090118,   0.799,   1.610,9999.000,9999.000,9999.000,9999.000,9999.000,9999.000,9999.000
202607090124,   0.779,   1.600,9999.000,9999.000,9999.000,9999.000,9999.000,9999.000,9999.000
202607090130,   0.760,   1.557,9999.000,9999.000,9999.000,9999.000,9999.000,9999.000,9999.000
202607090136,   0.741,   1.538,9999.000,9999.000,9999.000,9999.000,9999.000,9999.000,9999.000
202607090142,   0.722,   1.518,9999.000,9999.000,9999.000,9999.000,9999.000,9999.000,9999.000
202607090148,   0.704,   1.498,9999.000,9999.000,9999.000,9999.000,9999.000,9999.000,9999.000
202607090154,   0.686,   1.479,9999.000,9999.000,9999.000,9999.000,9999.000,9999.000,9999.000
202607090200,   0.668,   1.449,   0.800,  -0.019,   1.449,   0.800,   1.449,   0.900,   1.549
202607090206,   0.650,   1.430,9999.000,9999.000,9999.000,9999.000,9999.000,9999.000,9999.000
202607090212,   0.633,   1.400,9999.000,9999.000,9999.000,9999.000,9999.000,9999.000,9999.000
202607090218,   0.615,   1.380,9999.000,9999.000,9999.000,9999.000,9999.000,9999.000,9999.000
202607090224,   0.598,   1.348,9999.000,9999.000,9999.000,9999.000,9999.000,9999.000,9999.000
202607090230,   0.582,   1.338,9999.000,9999.000,9999.000,9999.000,9999.000,9999.000,9999.000
202607090236,   0.565,   1.308,9999.000,9999.000,9999.000,9999.000,9999.000,9999.000,9999.000
202607090242,   0.549,   1.298,9999.000,9999.000,9999.000,9999.000,9999.000,9999.000,9999.000
202607090248,   0.534,   1.269,9999.000,9999.000,9999.000,9999.000,9999.000,9999.000,9999.000
202607090254,   0.518,   1.259,9999.000,9999.000,9999.000,9999.000,9999.000,9999.000,9999.000
202607090300,   0.503,   1.229,   0.800,  -0.074,   1.229,   0.800,   1.229,   0.800,   1.229
202607090306,   0.488,   1.210,9999.000,9999.000,9999.000,9999.000,9999.000,9999.000,9999.000
202607090312,   0.474,   1.200,9999.000,9999.000,9999.000,9999.000,9999.000,9999.000,9999.000
202607090318,   0.460,   1.190,9999.000,9999.000,9999.000,9999.000,9999.000,9999.000,9999.000
202607090324,   0.446,   1.170,9999.000,9999.000,9999.000,9999.000,9999.000,9999.000,9999.000
202607090330,   0.433,   1.151,9999.000,9999.000,9999.000,9999.000,9999.000,9999.000,9999.000
202607090336,   0.421,   1.138,9999.000,9999.000,9999.000,9999.000,9999.000,9999.000,9999.000
202607090342,   0.409,   1.118,9999.000,9999.000,9999.000,9999.000,9999.000,9999.000,9999.000
202607090348,   0.397,   1.118,9999.000,9999.000,9999.000,9999.000,9999.000,9999.000,9999.000
202607090354,   0.386,   1.108,9999.000,9999.000,9999.000,9999.000,9999.000,9999.000,9999.000
202607090400,   0.376,   1.098,   0.800,  -0.078,   1.098,   0.700,   0.998,   0.800,   1.098
202607090406,   0.367,   1.088,9999.000,9999.000,9999.000,9999.000,9999.000,9999.000,9999.000
202607090412,   0.358,   1.069,9999.000,9999.000,9999.000,9999.000,9999.000,9999.000,9999.000
202607090418,   0.350,   1.059,9999.000,9999.000,9999.000,9999.000,9999.000,9999.000,9999.000
202607090424,   0.343,   1.069,9999.000,9999.000,9999.000,9999.000,9999.000,9999.000,9999.000
202607090430,   0.337,   1.059,9999.000,9999.000,9999.000,9999.000,9999.000,9999.000,9999.000
202607090436,   0.333,   1.059,9999.000,9999.000,9999.000,9999.000,9999.000,9999.000,9999.000
202607090442,   0.329,   1.059,9999.000,9999.000,9999.000,9999.000,9999.000,9999.000,9999.000
202607090448,   0.326,   1.069,9999.000,9999.000,9999.000,9999.000,9999.000,9999.000,9999.000
202607090454,   0.325,   1.049,9999.000,9999.000,9999.000,9999.000,9999.000,9999.000,9999.000
202607090500,   0.324,   1.069,   0.700,   0.045,   1.069,   0.700,   1.069,   0.800,   1.169
202607090506,   0.325,   1.079,9999.000,9999.000,9999.000,9999.000,9999.000,9999.000,9999.000
202607090512,   0.328,   1.088,9999.000,9999.000,9999.000,9999.000,9999.000,9999.000,9999.000
202607090518,   0.332,   1.098,9999.000,9999.000,9999.000,9999.000,9999.000,9999.000,9999.000
202607090524,   0.337,   1.108,9999.000,9999.000,9999.000,9999.000,9999.000,9999.000,9999.000
202607090530,   0.343,   1.128,9999.000,9999.000,9999.000,9999.000,9999.000,9999.000,9999.000
202607090536,   0.351,   1.151,9999.000,9999.000,9999.000,9999.000,9999.000,9999.000,9999.000
202607090542,   0.360,   1.180,9999.000,9999.000,9999.000,9999.000,9999.000,9999.000,9999.000
202607090548,   0.370,   1.200,9999.000,9999.000,9999.000,9999.000,9999.000,9999.000,9999.000
202607090554,   0.382,   1.220,9999.000,9999.000,9999.000,9999.000,9999.000,9999.000,9999.000
202607090600,   0.394,   1.259,   0.700,   0.165,   1.259,   0.700,   1.259,   0.800,   1.359
202607090606,   0.408,   1.279,9999.000,9999.000,9999.000,9999.000,9999.000,9999.000,9999.000
202607090612,   0.423,   1.298,9999.000,9999.000,9999.000,9999.000,9999.000,9999.000,9999.000
202607090618,   0.439,   1.328,9999.000,9999.000,9999.000,9999.000,9999.000,9999.000,9999.000
202607090624,   0.456,   1.361,9999.000,9999.000,9999.000,9999.000,9999.000,9999.000,9999.000
202607090630,   0.473,   1.380,9999.000,9999.000,9999.000,9999.000,9999.000,9999.000,9999.000
202607090636,   0.491,   1.420,9999.000,9999.000,9999.000,9999.000,9999.000,9999.000,9999.000
202607090642,   0.510,   1.439,9999.000,9999.000,9999.000,9999.000,9999.000,9999.000,9999.000
202607090648,   0.529,   1.469,9999.000,9999.000,9999.000,9999.000,9999.000,9999.000,9999.000
202607090654,   0.548,   1.498,9999.000,9999.000,9999.000,9999.000,9999.000,9999.000,9999.000
202607090700,   0.567,   1.518,   0.700,   0.251,   1.518,   0.700,   1.518,   0.800,   1.618
202607090706,   0.587,   1.548,9999.000,9999.000,9999.000,9999.000,9999.000,9999.000,9999.000
202607090712,   0.606,   1.580,9999.000,9999.000,9999.000,9999.000,9999.000,9999.000,9999.000
202607090718,   0.626,   1.610,9999.000,9999.000,9999.000,9999.000,9999.000,9999.000,9999.000
202607090724,   0.645,   1.620,9999.000,9999.000,9999.000,9999.000,9999.000,9999.000,9999.000
202607090730,   0.664,   1.639,9999.000,9999.000,9999.000,9999.000,9999.000,9999.000,9999.000
202607090736,   0.683,   1.659,9999.000,9999.000,9999.000,9999.000,9999.000,9999.000,9999.000
202607090742,   0.701,   1.689,9999.000,9999.000,9999.000,9999.000,9999.000,9999.000,9999.000
202607090748,   0.719,   1.718,9999.000,9999.000,9999.000,9999.000,9999.000,9999.000,9999.000
202607090754,   0.737,   1.728,9999.000,9999.000,9999.000,9999.000,9999.000,9999.000,9999.000
202607090800,   0.754,   1.758,   0.700,   0.304,   1.758,   0.700,   1.758,   0.800,   1.858
202607090806,   0.771,   1.767,9999.000,9999.000,9999.000,9999.000,9999.000,9999.000,9999.000
202607090812,   0.787,   1.800,9999.000,9999.000,9999.000,9999.000,9999.000,9999.000,9999.000
202607090818,   0.803,   1.820,9999.000,9999.000,9999.000,9999.000,9999.000,9999.000,9999.000
202607090824,   0.818,   1.840,9999.000,9999.000,9999.000,9999.000,9999.000,9999.000,9999.000
202607090830,   0.833,   1.849,9999.000,9999.000,9999.000,9999.000,9999.000,9999.000,9999.000
202607090836,   0.847,   1.879,9999.000,9999.000,9999.000,9999.000,9999.000,9999.000,9999.000
202607090842,   0.861,   1.889,9999.000,9999.000,9999.000,9999.000,9999.000,9999.000,9999.000
202607090848,   0.874,   1.908,9999.000,9999.000,9999.000,9999.000,9999.000,9999.000,9999.000
202607090854,   0.887,   1.918,9999.000,9999.000,9999.000,9999.000,9999.000,9999.000,9999.000
202607090900,   0.899,   1.928,   0.700,   0.329,   1.928,   0.600,   1.828,   0.700,   1.928
202607090906,   0.911,   1.948,9999.000,9999.000,9999.000,9999.000,9999.000,9999.000,9999.000
202607090912,   0.923,   1.958,9999.000,9999.000,9999.000,9999.000,9999.000,9999.000,9999.000
202607090918,   0.933,   1.981,9999.000,9999.000,9999.000,9999.000,9999.000,9999.000,9999.000
202607090924,   0.943,   1.981,9999.000,9999.000,9999.000,9999.000,9999.000,9999.000,9999.000
202607090930,   0.953,   1.981,9999.000,9999.000,9999.000,9999.000,9999.000,9999.000,9999.000
202607090936,   0.962,   1.990,9999.000,9999.000,9999.000,9999.000,9999.000,9999.000,9999.000
202607090942,   0.970,   1.990,9999.000,9999.000,9999.000,9999.000,9999.000,9999.000,9999.000
202607090948,   0.977,   1.981,9999.000,9999.000,9999.000,9999.000,9999.000,9999.000,9999.000
202607090954,   0.983,   1.990,9999.000,9999.000,9999.000,9999.000,9999.000,9999.000,9999.000
202607091000,   0.988,   1.981,   0.700,   0.293,   1.981,   0.600,   1.881,   0.700,   1.981
202607091006,   0.992,   1.990,9999.000,9999.000,9999.000,9999.000,9999.000,9999.000,9999.000
202607091012,   0.995,   1.967,9999.000,9999.000,9999.000,9999.000,9999.000,9999.000,9999.000
202607091018,   0.997,   1.967,9999.000,9999.000,9999.000,9999.000,9999.000,9999.000,9999.000
202607091024,   0.997,   1.958,9999.000,9999.000,9999.000,9999.000,9999.000,9999.000,9999.000
202607091030,   0.996,   1.928,9999.000,9999.000,9999.000,9999.000,9999.000,9999.000,9999.000
202607091036,   0.994,   1.918,9999.000,9999.000,9999.000,9999.000,9999.000,9999.000,9999.000
202607091042,   0.990,   1.899,9999.000,9999.000,9999.000,9999.000,9999.000,9999.000,9999.000
202607091048,   0.985,   1.889,9999.000,9999.000,9999.000,9999.000,9999.000,9999.000,9999.000
202607091054,   0.978,   1.859,9999.000,9999.000,9999.000,9999.000,9999.000,9999.000,9999.000
202607091100,   0.970,   1.840,   0.700,   0.170,   1.840,   0.600,   1.740,   0.700,   1.840
202607091106,   0.960,   1.830,9999.000,9999.000,9999.000,9999.000,9999.000,9999.000,9999.000
202607091112,   0.949,   1.800,9999.000,9999.000,9999.000,9999.000,9999.000,9999.000,9999.000
202607091118,   0.937,   1.790,9999.000,9999.000,9999.000,9999.000,9999.000,9999.000,9999.000
202607091124,   0.923,   1.758,9999.000,9999.000,9999.000,9999.000,9999.000,9999.000,9999.000
202607091130,   0.908,   1.738,9999.000,9999.000,9999.000,9999.000,9999.000,9999.000,9999.000
202607091136,   0.891,   1.718,9999.000,9999.000,9999.000,9999.000,9999.000,9999.000,9999.000
202607091142,   0.874,   1.708,9999.000,9999.000,9999.000,9999.000,9999.000,9999.000,9999.000
202607091148,   0.855,   1.679,9999.000,9999.000,9999.000,9999.000,9999.000,9999.000,9999.000
202607091154,   0.835,   1.659,9999.000,9999.000,9999.000,9999.000,9999.000,9999.000,9999.000
202607091200,   0.815,   1.649,   0.700,   0.134,   1.649,   0.700,   1.649,   0.700,   1.649
202607091206,   0.794,   1.620,9999.000,9999.000,9999.000,9999.000,9999.000,9999.000,9999.000
202607091212,   0.772,   1.580,9999.000,9999.000,9999.000,9999.000,9999.000,9999.000,9999.000
202607091218,   0.750,   1.571,9999.000,9999.000,9999.000,9999.000,9999.000,9999.000,9999.000
202607091224,   0.727,   1.548,9999.000,9999.000,9999.000,9999.000,9999.000,9999.000,9999.000
202607091230,   0.704,   1.508,9999.000,9999.000,9999.000,9999.000,9999.000,9999.000,9999.000
202607091236,   0.681,   1.508,9999.000,9999.000,9999.000,9999.000,9999.000,9999.000,9999.000
202607091242,   0.657,   1.469,9999.000,9999.000,9999.000,9999.000,9999.000,9999.000,9999.000
202607091248,   0.634,   1.449,9999.000,9999.000,9999.000,9999.000,9999.000,9999.000,9999.000
202607091254,   0.610,   1.420,9999.000,9999.000,9999.000,9999.000,9999.000,9999.000,9999.000
202607091300,   0.587,   1.400,   0.700,   0.113,   1.400,   0.600,   1.300,   0.700,   1.400
202607091306,   0.564,   1.371,9999.000,9999.000,9999.000,9999.000,9999.000,9999.000,9999.000
202607091312,   0.541,   1.361,9999.000,9999.000,9999.000,9999.000,9999.000,9999.000,9999.000
202607091318,   0.519,   1.328,9999.000,9999.000,9999.000,9999.000,9999.000,9999.000,9999.000
202607091324,   0.496,   1.298,9999.000,9999.000,9999.000,9999.000,9999.000,9999.000,9999.000
202607091330,   0.475,   1.289,9999.000,9999.000,9999.000,9999.000,9999.000,9999.000,9999.000
202607091336,   0.453,   1.249,9999.000,9999.000,9999.000,9999.000,9999.000,9999.000,9999.000
202607091342,   0.432,   1.239,9999.000,9999.000,9999.000,9999.000,9999.000,9999.000,9999.000
202607091348,   0.411,   1.210,9999.000,9999.000,9999.000,9999.000,9999.000,9999.000,9999.000
202607091354,   0.391,   1.190,9999.000,9999.000,9999.000,9999.000,9999.000,9999.000,9999.000
202607091400,   0.372,   1.180,   0.700,   0.108,   1.180,   0.600,   1.080,   0.700,   1.180
202607091406,   0.353,   1.151,9999.000,9999.000,9999.000,9999.000,9999.000,9999.000,9999.000
202607091412,   0.334,   1.151,9999.000,9999.000,9999.000,9999.000,9999.000,9999.000,9999.000
202607091418,   0.316,   1.088,9999.000,9999.000,9999.000,9999.000,9999.000,9999.000,9999.000
202607091424,   0.299,   1.098,9999.000,9999.000,9999.000,9999.000,9999.000,9999.000,9999.000
202607091430,   0.282,   1.059,9999.000,9999.000,9999.000,9999.000,9999.000,9999.000,9999.000
202607091436,   0.265,   1.049,9999.000,9999.000,9999.000,9999.000,9999.000,9999.000,9999.000
202607091442,   0.249,   1.049,9999.000,9999.000,9999.000,9999.000,9999.000,9999.000,9999.000
202607091448,   0.234,   1.010,9999.000,9999.000,9999.000,9999.000,9999.000,9999.000,9999.000
202607091454,   0.219,   1.029,9999.000,9999.000,9999.000,9999.000,9999.000,9999.000,9999.000
202607091500,   0.205,   0.970,   0.700,   0.065,   0.970,   0.600,   0.870,   0.700,   0.970
202607091506,   0.191,   0.990,9999.000,9999.000,9999.000,9999.000,9999.000,9999.000,9999.000
202607091512,   0.178,   0.941,9999.000,9999.000,9999.000,9999.000,9999.000,9999.000,9999.000
202607091518,   0.166,   0.928,9999.000,9999.000,9999.000,9999.000,9999.000,9999.000,9999.000
202607091524,   0.154,   0.908,9999.000,9999.000,9999.000,9999.000,9999.000,9999.000,9999.000
202607091530,   0.143,   0.908,9999.000,9999.000,9999.000,9999.000,9999.000,9999.000,9999.000
202607091536,   0.132,   0.888,9999.000,9999.000,9999.000,9999.000,9999.000,9999.000,9999.000
202607091542,   0.123,   0.879,9999.000,9999.000,9999.000,9999.000,9999.000,9999.000,9999.000
202607091548,   0.114,   0.849,9999.000,9999.000,9999.000,9999.000,9999.000,9999.000,9999.000
202607091554,   0.105,   0.849,9999.000,9999.000,9999.000,9999.000,9999.000,9999.000,9999.000
202607091600,   0.098,   0.839,   0.700,   0.041,   0.839,   0.600,   0.739,   0.700,   0.839
202607091606,   0.091,   0.839,9999.000,9999.000,9999.000,9999.000,9999.000,9999.000,9999.000
202607091612,   0.085,   0.819,9999.000,9999.000,9999.000,9999.000,9999.000,9999.000,9999.000
202607091618,   0.080,   0.819,9999.000,9999.000,9999.000,9999.000,9999.000,9999.000,9999.000
202607091624,   0.075,   0.810,9999.000,9999.000,9999.000,9999.000,9999.000,9999.000,9999.000
202607091630,   0.072,   0.810,9999.000,9999.000,9999.000,9999.000,9999.000,9999.000,9999.000
202607091636,   0.070,   0.790,9999.000,9999.000,9999.000,9999.000,9999.000,9999.000,9999.000
202607091642,   0.069,   0.800,9999.000,9999.000,9999.000,9999.000,9999.000,9999.000,9999.000
202607091648,   0.069,   0.790,9999.000,9999.000,9999.000,9999.000,9999.000,9999.000,9999.000
202607091654,   0.070,   0.810,9999.000,9999.000,9999.000,9999.000,9999.000,9999.000,9999.000
202607091700,   0.072,   0.800,   0.600,   0.128,   0.800,   0.600,   0.800,   0.700,   0.900
202607091706,   0.076,9999.000,9999.000,9999.000,9999.000,9999.000,9999.000,9999.000,9999.000
202607091712,   0.081,9999.000,9999.000,9999.000,9999.000,9999.000,9999.000,9999.000,9999.000
202607091718,   0.087,9999.000,9999.000,9999.000,9999.000,9999.000,9999.000,9999.000,9999.000
202607091724,   0.095,9999.000,9999.000,9999.000,9999.000,9999.000,9999.000,9999.000,9999.000
202607091730,   0.104,9999.000,9999.000,9999.000,9999.000,9999.000,9999.000,9999.000,9999.000
202607091736,   0.115,9999.000,9999.000,9999.000,9999.000,9999.000,9999.000,9999.000,9999.000
202607091742,   0.127,9999.000,9999.000,9999.000,9999.000,9999.000,9999.000,9999.000,9999.000
202607091748,   0.140,9999.000,9999.000,9999.000,9999.000,9999.000,9999.000,9999.000,9999.000
202607091754,   0.155,9999.000,9999.000,9999.000,9999.000,9999.000,9999.000,9999.000,9999.000
202607091800,   0.172,9999.000,   0.700,   0.112,   0.984,   0.600,   0.884,   0.700,   0.984
202607091806,   0.190,9999.000,9999.000,9999.000,9999.000,9999.000,9999.000,9999.000,9999.000
202607091812,   0.209,9999.000,9999.000,9999.000,9999.000,9999.000,9999.000,9999.000,9999.000
202607091818,   0.230,9999.000,9999.000,9999.000,9999.000,9999.000,9999.000,9999.000,9999.000
202607091824,   0.252,9999.000,9999.000,9999.000,9999.000,9999.000,9999.000,9999.000,9999.000
202607091830,   0.275,9999.000,9999.000,9999.000,9999.000,9999.000,9999.000,9999.000,9999.000
202607091836,   0.299,9999.000,9999.000,9999.000,9999.000,9999.000,9999.000,9999.000,9999.000
202607091842,   0.325,9999.000,9999.000,9999.000,9999.000,9999.000,9999.000,9999.000,9999.000
202607091848,   0.351,9999.000,9999.000,9999.000,9999.000,9999.000,9999.000,9999.000,9999.000
202607091854,   0.378,9999.000,9999.000,9999.000,9999.000,9999.000,9999.000,9999.000,9999.000
202607091900,   0.406,9999.000,   0.700,   0.097,   1.203,   0.600,   1.103,   0.700,   1.203
202607091906,   0.434,9999.000,9999.000,9999.000,9999.000,9999.000,9999.000,9999.000,9999.000
202607091912,   0.463,9999.000,9999.000,9999.000,9999.000,9999.000,9999.000,9999.000,9999.000
202607091918,   0.493,9999.000,9999.000,9999.000,9999.000,9999.000,9999.000,9999.000,9999.000
202607091924,   0.522,9999.000,9999.000,9999.000,9999.000,9999.000,9999.000,9999.000,9999.000
202607091930,   0.552,9999.000,9999.000,9999.000,9999.000,9999.000,9999.000,9999.000,9999.000
202607091936,   0.582,9999.000,9999.000,9999.000,9999.000,9999.000,9999.000,9999.000,9999.000
202607091942,   0.611,9999.000,9999.000,9999.000,9999.000,9999.000,9999.000,9999.000,9999.000
202607091948,   0.641,9999.000,9999.000,9999.000,9999.000,9999.000,9999.000,9999.000,9999.000
202607091954,   0.670,9999.000,9999.000,9999.000,9999.000,9999.000,9999.000,9999.000,9999.000
202607092000,   0.699,9999.000,   0.600,   0.081,   1.380,   0.600,   1.380,   0.700,   1.480
202607092006,   0.728,9999.000,9999.000,9999.000,9999.000,9999.000,9999.000,9999.000,9999.000
202607092012,   0.756,9999.000,9999.000,9999.000,9999.000,9999.000,9999.000,9999.000,9999.000
202607092018,   0.784,9999.000,9999.000,9999.000,9999.000,9999.000,9999.000,9999.000,9999.000
202607092024,   0.812,9999.000,9999.000,9999.000,9999.000,9999.000,9999.000,9999.000,9999.000
202607092030,   0.839,9999.000,9999.000,9999.000,9999.000,9999.000,9999.000,9999.000,9999.000
202607092036,   0.865,9999.000,9999.000,9999.000,9999.000,9999.000,9999.000,9999.000,9999.000
202607092042,   0.891,9999.000,9999.000,9999.000,9999.000,9999.000,9999.000,9999.000,9999.000
202607092048,   0.917,9999.000,9999.000,9999.000,9999.000,9999.000,9999.000,9999.000,9999.000
202607092054,   0.942,9999.000,9999.000,9999.000,9999.000,9999.000,9999.000,9999.000,9999.000
202607092100,   0.967,9999.000,   0.600,   0.066,   1.633,   0.600,   1.633,   0.700,   1.733
202607092106,   0.991,9999.000,9999.000,9999.000,9999.000,9999.000,9999.000,9999.000,9999.000
202607092112,   1.014,9999.000,9999.000,9999.000,9999.000,9999.000,9999.000,9999.000,9999.000
202607092118,   1.037,9999.000,9999.000,9999.000,9999.000,9999.000,9999.000,9999.000,9999.000
202607092124,   1.060,9999.000,9999.000,9999.000,9999.000,9999.000,9999.000,9999.000,9999.000
202607092130,   1.082,9999.000,9999.000,9999.000,9999.000,9999.000,9999.000,9999.000,9999.000
202607092136,   1.103,9999.000,9999.000,9999.000,9999.000,9999.000,9999.000,9999.000,9999.000
202607092142,   1.124,9999.000,9999.000,9999.000,9999.000,9999.000,9999.000,9999.000,9999.000
202607092148,   1.144,9999.000,9999.000,9999.000,9999.000,9999.000,9999.000,9999.000,9999.000
202607092154,   1.164,9999.000,9999.000,9999.000,9999.000,9999.000,9999.000,9999.000,9999.000
202607092200,   1.182,9999.000,   0.600,   0.050,   1.832,   0.600,   1.832,   0.600,   1.832
202607092206,   1.200,9999.000,9999.000,9999.000,9999.000,9999.000,9999.000,9999.000,9999.000
202607092212,   1.217,9999.000,9999.000,9999.000,9999.000,9999.000,9999.000,9999.000,9999.000
202607092218,   1.233,9999.000,9999.000,9999.000,9999.000,9999.000,9999.000,9999.000,9999.000
202607092224,   1.247,9999.000,9999.000,9999.000,9999.000,9999.000,9999.000,9999.000,9999.000
202607092230,   1.261,9999.000,9999.000,9999.000,9999.000,9999.000,9999.000,9999.000,9999.000
202607092236,   1.273,9999.000,9999.000,9999.000,9999.000,9999.000,9999.000,9999.000,9999.000
202607092242,   1.284,9999.000,9999.000,9999.000,9999.000,9999.000,9999.000,9999.000,9999.000
202607092248,   1.294,9999.000,9999.000,9999.000,9999.000,9999.000,9999.000,9999.000,9999.000
202607092254,   1.302,9999.000,9999.000,9999.000,9999.000,9999.000,9999.000,9999.000,9999.000
202607092300,   1.308,9999.000,   0.600,   0.035,   1.943,   0.500,   1.843,   0.600,   1.943
202607092306,   1.313,9999.000,9999.000,9999.000,9999.000,9999.000,9999.000,9999.000,9999.000
202607092312,   1.316,9999.000,9999.000,9999.000,9999.000,9999.000,9999.000,9999.000,9999.000
202607092318,   1.318,9999.000,9999.000,9999.000,9999.000,9999.000,9999.000,9999.000,9999.000
202607092324,   1.318,9999.000,9999.000,9999.000,9999.000,9999.000,9999.000,9999.000,9999.000
202607092330,   1.316,9999.000,9999.000,9999.000,9999.000,9999.000,9999.000,9999.000,9999.000
202607092336,   1.313,9999.000,9999.000,9999.000,9999.000,9999.000,9999.000,9999.000,9999.000
202607092342,   1.308,9999.000,9999.000,9999.000,9999.000,9999.000,9999.000,9999.000,9999.000
202607092348,   1.301,9999.000,9999.000,9999.000,9999.000,9999.000,9999.000,9999.000,9999.000
202607092354,   1.293,9999.000,9999.000,9999.000,9999.000,9999.000,9999.000,9999.000,9999.000
202607100000,   1.284,9999.000,   0.600,   0.019,   1.903,   0.500,   1.803,   0.600,   1.903
202607100006,   1.273,9999.000,9999.000,9999.000,9999.000,9999.000,9999.000,9999.000,9999.000
202607100012,   1.260,9999.000,9999.000,9999.000,9999.000,9999.000,9999.000,9999.000,9999.000
202607100018,   1.247,9999.000,9999.000,9999.000,9999.000,9999.000,9999.000,9999.000,9999.000
202607100024,   1.232,9999.000,9999.000,9999.000,9999.000,9999.000,9999.000,9999.000,9999.000
202607100030,   1.217,9999.000,9999.000,9999.000,9999.000,9999.000,9999.000,9999.000,9999.000
202607100036,   1.200,9999.000,9999.000,9999.000,9999.000,9999.000,9999.000,9999.000,9999.000
202607100042,   1.183,9999.000,9999.000,9999.000,9999.000,9999.000,9999.000,9999.000,9999.000
202607100048,   1.165,9999.000,9999.000,9999.000,9999.000,9999.000,9999.000,9999.000,9999.000
202607100054,   1.146,9999.000,9999.000,9999.000,9999.000,9999.000,9999.000,9999.000,9999.000
202607100100,   1.127,9999.000,   0.500,   0.004,   1.631,   0.500,   1.631,   0.600,   1.731
202607100106,   1.107,9999.000,9999.000,9999.000,9999.000,9999.000,9999.000,9999.000,9999.000
202607100112,   1.087,9999.000,9999.000,9999.000,9999.000,9999.000,9999.000,9999.000,9999.000
202607100118,   1.066,9999.000,9999.000,9999.000,9999.000,9999.000,9999.000,9999.000,9999.000
202607100124,   1.046,9999.000,9999.000,9999.000,9999.000,9999.000,9999.000,9999.000,9999.000
202607100130,   1.025,9999.000,9999.000,9999.000,9999.000,9999.000,9999.000,9999.000,9999.000
202607100136,   1.004,9999.000,9999.000,9999.000,9999.000,9999.000,9999.000,9999.000,9999.000
202607100142,   0.983,9999.000,9999.000,9999.000,9999.000,9999.000,9999.000,9999.000,9999.000
202607100148,   0.962,9999.000,9999.000,9999.000,9999.000,9999.000,9999.000,9999.000,9999.000
202607100154,   0.941,9999.000,9999.000,9999.000,9999.000,9999.000,9999.000,9999.000,9999.000
202607100200,   0.921,9999.000,   0.500,  -0.012,   1.409,   0.500,   1.409,   0.600,   1.509
202607100206,   0.900,9999.000,9999.000,9999.000,9999.000,9999.000,9999.000,9999.000,9999.000
202607100212,   0.879,9999.000,9999.000,9999.000,9999.000,9999.000,9999.000,9999.000,9999.000
202607100218,   0.859,9999.000,9999.000,9999.000,9999.000,9999.000,9999.000,9999.000,9999.000
202607100224,   0.838,9999.000,9999.000,9999.000,9999.000,9999.000,9999.000,9999.000,9999.000
202607100230,   0.818,9999.000,9999.000,9999.000,9999.000,9999.000,9999.000,9999.000,9999.000
202607100236,   0.798,9999.000,9999.000,9999.000,9999.000,9999.000,9999.000,9999.000,9999.000
202607100242,   0.778,9999.000,9999.000,9999.000,9999.000,9999.000,9999.000,9999.000,9999.000
202607100248,   0.758,9999.000,9999.000,9999.000,9999.000,9999.000,9999.000,9999.000,9999.000
202607100254,   0.739,9999.000,9999.000,9999.000,9999.000,9999.000,9999.000,9999.000,9999.000
202607100300,   0.719,9999.000,   0.500,  -0.027,   1.192,   0.500,   1.192,   0.600,   1.292
202607100306,   0.700,9999.000,9999.000,9999.000,9999.000,9999.000,9999.000,9999.000,9999.000
202607100312,   0.681,9999.000,9999.000,9999.000,9999.000,9999.000,9999.000,9999.000,9999.000
202607100318,   0.662,9999.000,9999.000,9999.000,9999.000,9999.000,9999.000,9999.000,9999.000
202607100324,   0.643,9999.000,9999.000,9999.000,9999.000,9999.000,9999.000,9999.000,9999.000
202607100330,   0.625,9999.000,9999.000,9999.000,9999.000,9999.000,9999.000,9999.000,9999.000
202607100336,   0.607,9999.000,9999.000,9999.000,9999.000,9999.000,9999.000,9999.000,9999.000
202607100342,   0.588,9999.000,9999.000,9999.000,9999.000,9999.000,9999.000,9999.000,9999.000
202607100348,   0.571,9999.000,9999.000,9999.000,9999.000,9999.000,9999.000,9999.000,9999.000
202607100354,   0.553,9999.000,9999.000,9999.000,9999.000,9999.000,9999.000,9999.000,9999.000
202607100400,   0.536,9999.000,   0.500,  -0.043,   0.993,   0.500,   0.993,   0.600,   1.093
202607100406,   0.519,9999.000,9999.000,9999.000,9999.000,9999.000,9999.000,9999.000,9999.000
202607100412,   0.502,9999.000,9999.000,9999.000,9999.000,9999.000,9999.000,9999.000,9999.000
202607100418,   0.486,9999.000,9999.000,9999.000,9999.000,9999.000,9999.000,9999.000,9999.000
202607100424,   0.470,9999.000,9999.000,9999.000,9999.000,9999.000,9999.000,9999.000,9999.000
202607100430,   0.455,9999.000,9999.000,9999.000,9999.000,9999.000,9999.000,9999.000,9999.000
202607100436,   0.440,9999.000,9999.000,9999.000,9999.000,9999.000,9999.000,9999.000,9999.000
202607100442,   0.426,9999.000,9999.000,9999.000,9999.000,9999.000,9999.000,9999.000,9999.000
202607100448,   0.412,9999.000,9999.000,9999.000,9999.000,9999.000,9999.000,9999.000,9999.000
202607100454,   0.399,9999.000,9999.000,9999.000,9999.000,9999.000,9999.000,9999.000,9999.000
202607100500,   0.386,9999.000,   0.500,  -0.059,   0.827,   0.400,   0.727,   0.600,   0.927
202607100506,   0.374,9999.000,9999.000,9999.000,9999.000,9999.000,9999.000,9999.000,9999.000
202607100512,   0.364,9999.000,9999.000,9999.000,9999.000,9999.000,9999.000,9999.000,9999.000
202607100518,   0.354,9999.000,9999.000,9999.000,9999.000,9999.000,9999.000,9999.000,9999.000
202607100524,   0.344,9999.000,9999.000,9999.000,9999.000,9999.000,9999.000,9999.000,9999.000
202607100530,   0.336,9999.000,9999.000,9999.000,9999.000,9999.000,9999.000,9999.000,9999.000
202607100536,   0.329,9999.000,9999.000,9999.000,9999.000,9999.000,9999.000,9999.000,9999.000
202607100542,   0.324,9999.000,9999.000,9999.000,9999.000,9999.000,9999.000,9999.000,9999.000
202607100548,   0.319,9999.000,9999.000,9999.000,9999.000,9999.000,9999.000,9999.000,9999.000
202607100554,   0.316,9999.000,9999.000,9999.000,9999.000,9999.000,9999.000,9999.000,9999.000
202607100600,   0.313,9999.000,   0.500,  -0.059,   0.754,   0.400,   0.654,   0.600,   0.854
202607100606,   0.313,9999.000,9999.000,9999.000,9999.000,9999.000,9999.000,9999.000,9999.000
202607100612,   0.313,9999.000,9999.000,9999.000,9999.000,9999.000,9999.000,9999.000,9999.000
202607100618,   0.315,9999.000,9999.000,9999.000,9999.000,9999.000,9999.000,9999.000,9999.000
202607100624,   0.318,9999.000,9999.000,9999.000,9999.000,9999.000,9999.000,9999.000,9999.000
202607100630,   0.323,9999.000,9999.000,9999.000,9999.000,9999.000,9999.000,9999.000,9999.000
202607100636,   0.329,9999.000,9999.000,9999.000,9999.000,9999.000,9999.000,9999.000,9999.000
202607100642,   0.336,9999.000,9999.000,9999.000,9999.000,9999.000,9999.000,9999.000,9999.000
202607100648,   0.344,9999.000,9999.000,9999.000,9999.000,9999.000,9999.000,9999.000,9999.000
202607100654,   0.354,9999.000,9999.000,9999.000,9999.000,9999.000,9999.000,9999.000,9999.000
202607100700,   0.365,9999.000,   0.500,  -0.059,   0.806,   0.400,   0.706,   0.500,   0.806
202607100706,   0.377,9999.000,9999.000,9999.000,9999.000,9999.000,9999.000,9999.000,9999.000
202607100712,   0.389,9999.000,9999.000,9999.000,9999.000,9999.000,9999.000,9999.000,9999.000
202607100718,   0.403,9999.000,9999.000,9999.000,9999.000,9999.000,9999.000,9999.000,9999.000
202607100724,   0.418,9999.000,9999.000,9999.000,9999.000,9999.000,9999.000,9999.000,9999.000
202607100730,   0.433,9999.000,9999.000,9999.000,9999.000,9999.000,9999.000,9999.000,9999.000
202607100736,   0.449,9999.000,9999.000,9999.000,9999.000,9999.000,9999.000,9999.000,9999.000
202607100742,   0.465,9999.000,9999.000,9999.000,9999.000,9999.000,9999.000,9999.000,9999.000
202607100748,   0.482,9999.000,9999.000,9999.000,9999.000,9999.000,9999.000,9999.000,9999.000
202607100754,   0.499,9999.000,9999.000,9999.000,9999.000,9999.000,9999.000,9999.000,9999.000
202607100800,   0.516,9999.000,   0.500,  -0.059,   0.957,   0.400,   0.857,   0.500,   0.957
202607100806,   0.534,9999.000,9999.000,9999.000,9999.000,9999.000,9999.000,9999.000,9999.000
202607100812,   0.552,9999.000,9999.000,9999.000,9999.000,9999.000,9999.000,9999.000,9999.000
202607100818,   0.569,9999.000,9999.000,9999.000,9999.000,9999.000,9999.000,9999.000,9999.000
202607100824,   0.587,9999.000,9999.000,9999.000,9999.000,9999.000,9999.000,9999.000,9999.000
202607100830,   0.604,9999.000,9999.000,9999.000,9999.000,9999.000,9999.000,9999.000,9999.000
202607100836,   0.621,9999.000,9999.000,9999.000,9999.000,9999.000,9999.000,9999.000,9999.000
202607100842,   0.638,9999.000,9999.000,9999.000,9999.000,9999.000,9999.000,9999.000,9999.000
202607100848,   0.655,9999.000,9999.000,9999.000,9999.000,9999.000,9999.000,9999.000,9999.000
202607100854,   0.672,9999.000,9999.000,9999.000,9999.000,9999.000,9999.000,9999.000,9999.000
202607100900,   0.688,9999.000,   0.500,  -0.059,   1.129,   0.500,   1.129,   0.500,   1.129
202607100906,   0.704,9999.000,9999.000,9999.000,9999.000,9999.000,9999.000,9999.000,9999.000
202607100912,   0.720,9999.000,9999.000,9999.000,9999.000,9999.000,9999.000,9999.000,9999.000
202607100918,   0.736,9999.000,9999.000,9999.000,9999.000,9999.000,9999.000,9999.000,9999.000
202607100924,   0.751,9999.000,9999.000,9999.000,9999.000,9999.000,9999.000,9999.000,9999.000
202607100930,   0.766,9999.000,9999.000,9999.000,9999.000,9999.000,9999.000,9999.000,9999.000
202607100936,   0.781,9999.000,9999.000,9999.000,9999.000,9999.000,9999.000,9999.000,9999.000
202607100942,   0.796,9999.000,9999.000,9999.000,9999.000,9999.000,9999.000,9999.000,9999.000
202607100948,   0.810,9999.000,9999.000,9999.000,9999.000,9999.000,9999.000,9999.000,9999.000
202607100954,   0.824,9999.000,9999.000,9999.000,9999.000,9999.000,9999.000,9999.000,9999.000
202607101000,   0.838,9999.000,   0.500,  -0.059,   1.279,   0.500,   1.279,   0.600,   1.379
202607101006,   0.851,9999.000,9999.000,9999.000,9999.000,9999.000,9999.000,9999.000,9999.000
202607101012,   0.864,9999.000,9999.000,9999.000,9999.000,9999.000,9999.000,9999.000,9999.000
202607101018,   0.876,9999.000,9999.000,9999.000,9999.000,9999.000,9999.000,9999.000,9999.000
202607101024,   0.888,9999.000,9999.000,9999.000,9999.000,9999.000,9999.000,9999.000,9999.000
202607101030,   0.899,9999.000,9999.000,9999.000,9999.000,9999.000,9999.000,9999.000,9999.000
202607101036,   0.910,9999.000,9999.000,9999.000,9999.000,9999.000,9999.000,9999.000,9999.000
202607101042,   0.919,9999.000,9999.000,9999.000,9999.000,9999.000,9999.000,9999.000,9999.000
202607101048,   0.928,9999.000,9999.000,9999.000,9999.000,9999.000,9999.000,9999.000,9999.000
202607101054,   0.935,9999.000,9999.000,9999.000,9999.000,9999.000,9999.000,9999.000,9999.000
202607101100,   0.942,9999.000,   0.500,  -0.059,   1.383,   0.500,   1.383,   0.600,   1.483
202607101106,   0.947,9999.000,9999.000,9999.000,9999.000,9999.000,9999.000,9999.000,9999.000
202607101112,   0.952,9999.000,9999.000,9999.000,9999.000,9999.000,9999.000,9999.000,9999.000
202607101118,   0.954,9999.000,9999.000,9999.000,9999.000,9999.000,9999.000,9999.000,9999.000
202607101124,   0.956,9999.000,9999.000,9999.000,9999.000,9999.000,9999.000,9999.000,9999.000
202607101130,   0.956,9999.000,9999.000,9999.000,9999.000,9999.000,9999.000,9999.000,9999.000
202607101136,   0.954,9999.000,9999.000,9999.000,9999.000,9999.000,9999.000,9999.000,9999.000
202607101142,   0.951,9999.000,9999.000,9999.000,9999.000,9999.000,9999.000,9999.000,9999.000
202607101148,   0.946,9999.000,9999.000,9999.000,9999.000,9999.000,9999.000,9999.000,9999.000
202607101154,   0.940,9999.000,9999.000,9999.000,9999.000,9999.000,9999.000,9999.000,9999.000
202607101200,   0.932,9999.000,   0.600,  -0.059,   1.473,   0.500,   1.373,   0.600,   1.473
202607101206,   0.923,9999.000,9999.000,9999.000,9999.000,9999.000,9999.000,9999.000,9999.000
202607101212,   0.912,9999.000,9999.000,9999.000,9999.000,9999.000,9999.000,9999.000,9999.000
202607101218,   0.899,9999.000,9999.000,9999.000,9999.000,9999.000,9999.000,9999.000,9999.000
202607101224,   0.886,9999.000,9999.000,9999.000,9999.000,9999.000,9999.000,9999.000,9999.000
202607101230,   0.871,9999.000,9999.000,9999.000,9999.000,9999.000,9999.000,9999.000,9999.000
202607101236,   0.855,9999.000,9999.000,9999.000,9999.000,9999.000,9999.000,9999.000,9999.000
202607101242,   0.837,9999.000,9999.000,9999.000,9999.000,9999.000,9999.000,9999.000,9999.000
202607101248,   0.819,9999.000,9999.000,9999.000,9999.000,9999.000,9999.000,9999.000,9999.000
202607101254,   0.799,9999.000,9999.000,9999.000,9999.000,9999.000,9999.000,9999.000,9999.000
202607101300,   0.779,9999.000,   0.500,  -0.059,   1.220,   0.500,   1.220,   0.600,   1.320
202607101306,   0.758,9999.000,9999.000,9999.000,9999.000,9999.000,9999.000,9999.000,9999.000
202607101312,   0.737,9999.000,9999.000,9999.000,9999.000,9999.000,9999.000,9999.000,9999.000
202607101318,   0.715,9999.000,9999.000,9999.000,9999.000,9999.000,9999.000,9999.000,9999.000
202607101324,   0.693,9999.000,9999.000,9999.000,9999.000,9999.000,9999.000,9999.000,9999.000
202607101330,   0.670,9999.000,9999.000,9999.000,9999.000,9999.000,9999.000,9999.000,9999.000
202607101336,   0.647,9999.000,9999.000,9999.000,9999.000,9999.000,9999.000,9999.000,9999.000
202607101342,   0.624,9999.000,9999.000,9999.000,9999.000,9999.000,9999.000,9999.000,9999.000
202607101348,   0.601,9999.000,9999.000,9999.000,9999.000,9999.000,9999.000,9999.000,9999.000
202607101354,   0.578,9999.000,9999.000,9999.000,9999.000,9999.000,9999.000,9999.000,9999.000
202607101400,   0.555,9999.000,   0.500,  -0.059,   0.996,   0.500,   0.996,   0.600,   1.096
202607101406,   0.532,9999.000,9999.000,9999.000,9999.000,9999.000,9999.000,9999.000,9999.000
202607101412,   0.510,9999.000,9999.000,9999.000,9999.000,9999.000,9999.000,9999.000,9999.000
202607101418,   0.487,9999.000,9999.000,9999.000,9999.000,9999.000,9999.000,9999.000,9999.000
202607101424,   0.466,9999.000,9999.000,9999.000,9999.000,9999.000,9999.000,9999.000,9999.000
202607101430,   0.444,9999.000,9999.000,9999.000,9999.000,9999.000,9999.000,9999.000,9999.000
202607101436,   0.423,9999.000,9999.000,9999.000,9999.000,9999.000,9999.000,9999.000,9999.000
202607101442,   0.402,9999.000,9999.000,9999.000,9999.000,9999.000,9999.000,9999.000,9999.000
202607101448,   0.382,9999.000,9999.000,9999.000,9999.000,9999.000,9999.000,9999.000,9999.000
202607101454,   0.362,9999.000,9999.000,9999.000,9999.000,9999.000,9999.000,9999.000,9999.000
202607101500,   0.342,9999.000,   0.500,  -0.059,   0.783,   0.500,   0.783,   0.600,   0.883
202607101506,   0.324,9999.000,9999.000,9999.000,9999.000,9999.000,9999.000,9999.000,9999.000
202607101512,   0.305,9999.000,9999.000,9999.000,9999.000,9999.000,9999.000,9999.000,9999.000
202607101518,   0.287,9999.000,9999.000,9999.000,9999.000,9999.000,9999.000,9999.000,9999.000
202607101524,   0.270,9999.000,9999.000,9999.000,9999.000,9999.000,9999.000,9999.000,9999.000
202607101530,   0.253,9999.000,9999.000,9999.000,9999.000,9999.000,9999.000,9999.000,9999.000
202607101536,   0.237,9999.000,9999.000,9999.000,9999.000,9999.000,9999.000,9999.000,9999.000
202607101542,   0.221,9999.000,9999.000,9999.000,9999.000,9999.000,9999.000,9999.000,9999.000
202607101548,   0.206,9999.000,9999.000,9999.000,9999.000,9999.000,9999.000,9999.000,9999.000
202607101554,   0.191,9999.000,9999.000,9999.000,9999.000,9999.000,9999.000,9999.000,9999.000
202607101600,   0.177,9999.000,   0.600,  -0.059,   0.718,   0.500,   0.618,   0.600,   0.718
202607101606,   0.164,9999.000,9999.000,9999.000,9999.000,9999.000,9999.000,9999.000,9999.000
202607101612,   0.151,9999.000,9999.000,9999.000,9999.000,9999.000,9999.000,9999.000,9999.000
202607101618,   0.139,9999.000,9999.000,9999.000,9999.000,9999.000,9999.000,9999.000,9999.000
202607101624,   0.127,9999.000,9999.000,9999.000,9999.000,9999.000,9999.000,9999.000,9999.000
202607101630,   0.116,9999.000,9999.000,9999.000,9999.000,9999.000,9999.000,9999.000,9999.000
202607101636,   0.106,9999.000,9999.000,9999.000,9999.000,9999.000,9999.000,9999.000,9999.000
202607101642,   0.097,9999.000,9999.000,9999.000,9999.000,9999.000,9999.000,9999.000,9999.000
202607101648,   0.088,9999.000,9999.000,9999.000,9999.000,9999.000,9999.000,9999.000,9999.000
202607101654,   0.080,9999.000,9999.000,9999.000,9999.000,9999.000,9999.000,9999.000,9999.000
202607101700,   0.073,9999.000,   0.600,  -0.059,   0.614,   0.500,   0.514,   0.600,   0.614
202607101706,   0.067,9999.000,9999.000,9999.000,9999.000,9999.000,9999.000,9999.000,9999.000
202607101712,   0.062,9999.000,9999.000,9999.000,9999.000,9999.000,9999.000,9999.000,9999.000
202607101718,   0.057,9999.000,9999.000,9999.000,9999.000,9999.000,9999.000,9999.000,9999.000
202607101724,   0.054,9999.000,9999.000,9999.000,9999.000,9999.000,9999.000,9999.000,9999.000
202607101730,   0.051,9999.000,9999.000,9999.000,9999.000,9999.000,9999.000,9999.000,9999.000
202607101736,   0.050,9999.000,9999.000,9999.000,9999.000,9999.000,9999.000,9999.000,9999.000
202607101742,   0.050,9999.000,9999.000,9999.000,9999.000,9999.000,9999.000,9999.000,9999.000
202607101748,   0.051,9999.000,9999.000,9999.000,9999.000,9999.000,9999.000,9999.000,9999.000
202607101754,   0.053,9999.000,9999.000,9999.000,9999.000,9999.000,9999.000,9999.000,9999.000
202607101800,   0.057,9999.000,   0.600,  -0.059,   0.598,   0.500,   0.498,   0.600,   0.598
202607101806,   0.062,9999.000,9999.000,9999.000,9999.000,9999.000,9999.000,9999.000,9999.000
202607101812,   0.068,9999.000,9999.000,9999.000,9999.000,9999.000,9999.000,9999.000,9999.000
202607101818,   0.076,9999.000,9999.000,9999.000,9999.000,9999.000,9999.000,9999.000,9999.000
202607101824,   0.085,9999.000,9999.000,9999.000,9999.000,9999.000,9999.000,9999.000,9999.000
202607101830,   0.095,9999.000,9999.000,9999.000,9999.000,9999.000,9999.000,9999.000,9999.000
202607101836,   0.108,9999.000,9999.000,9999.000,9999.000,9999.000,9999.000,9999.000,9999.000
202607101842,   0.121,9999.000,9999.000,9999.000,9999.000,9999.000,9999.000,9999.000,9999.000
202607101848,   0.136,9999.000,9999.000,9999.000,9999.000,9999.000,9999.000,9999.000,9999.000
202607101854,   0.153,9999.000,9999.000,9999.000,9999.000,9999.000,9999.000,9999.000,9999.000
202607101900,   0.171,9999.000,   0.600,  -0.059,   0.712,   0.500,   0.612,   0.700,   0.812
202607101906,   0.190,9999.000,9999.000,9999.000,9999.000,9999.000,9999.000,9999.000,9999.000
202607101912,   0.211,9999.000,9999.000,9999.000,9999.000,9999.000,9999.000,9999.000,9999.000
202607101918,   0.233,9999.000,9999.000,9999.000,9999.000,9999.000,9999.000,9999.000,9999.000
202607101924,   0.257,9999.000,9999.000,9999.000,9999.000,9999.000,9999.000,9999.000,9999.000
202607101930,   0.281,9999.000,9999.000,9999.000,9999.000,9999.000,9999.000,9999.000,9999.000
202607101936,   0.307,9999.000,9999.000,9999.000,9999.000,9999.000,9999.000,9999.000,9999.000
202607101942,   0.333,9999.000,9999.000,9999.000,9999.000,9999.000,9999.000,9999.000,9999.000
202607101948,   0.361,9999.000,9999.000,9999.000,9999.000,9999.000,9999.000,9999.000,9999.000
202607101954,   0.389,9999.000,9999.000,9999.000,9999.000,9999.000,9999.000,9999.000,9999.000
202607102000,   0.417,9999.000,   0.600,  -0.059,   0.958,   0.500,   0.858,   0.700,   1.058
202607102006,   0.447,9999.000,9999.000,9999.000,9999.000,9999.000,9999.000,9999.000,9999.000
202607102012,   0.477,9999.000,9999.000,9999.000,9999.000,9999.000,9999.000,9999.000,9999.000
202607102018,   0.507,9999.000,9999.000,9999.000,9999.000,9999.000,9999.000,9999.000,9999.000
202607102024,   0.537,9999.000,9999.000,9999.000,9999.000,9999.000,9999.000,9999.000,9999.000
202607102030,   0.567,9999.000,9999.000,9999.000,9999.000,9999.000,9999.000,9999.000,9999.000
202607102036,   0.598,9999.000,9999.000,9999.000,9999.000,9999.000,9999.000,9999.000,9999.000
202607102042,   0.628,9999.000,9999.000,9999.000,9999.000,9999.000,9999.000,9999.000,9999.000
202607102048,   0.658,9999.000,9999.000,9999.000,9999.000,9999.000,9999.000,9999.000,9999.000
202607102054,   0.689,9999.000,9999.000,9999.000,9999.000,9999.000,9999.000,9999.000,9999.000
202607102100,   0.719,9999.000,   0.600,  -0.059,   1.260,   0.500,   1.160,   0.700,   1.360
202607102106,   0.748,9999.000,9999.000,9999.000,9999.000,9999.000,9999.000,9999.000,9999.000
202607102112,   0.778,9999.000,9999.000,9999.000,9999.000,9999.000,9999.000,9999.000,9999.000
202607102118,   0.807,9999.000,9999.000,9999.000,9999.000,9999.000,9999.000,9999.000,9999.000
202607102124,   0.836,9999.000,9999.000,9999.000,9999.000,9999.000,9999.000,9999.000,9999.000
202607102130,   0.864,9999.000,9999.000,9999.000,9999.000,9999.000,9999.000,9999.000,9999.000
202607102136,   0.893,9999.000,9999.000,9999.000,9999.000,9999.000,9999.000,9999.000,9999.000
202607102142,   0.920,9999.000,9999.000,9999.000,9999.000,9999.000,9999.000,9999.000,9999.000
202607102148,   0.948,9999.000,9999.000,9999.000,9999.000,9999.000,9999.000,9999.000,9999.000
202607102154,   0.975,9999.000,9999.000,9999.000,9999.000,9999.000,9999.000,9999.000,9999.000
202607102200,   1.002,9999.000,   0.600,  -0.059,   1.543,   0.500,   1.443,   0.700,   1.643
202607102206,   1.028,9999.000,9999.000,9999.000,9999.000,9999.000,9999.000,9999.000,9999.000
202607102212,   1.054,9999.000,9999.000,9999.000,9999.000,9999.000,9999.000,9999.000,9999.000
202607102218,   1.080,9999.000,9999.000,9999.000,9999.000,9999.000,9999.000,9999.000,9999.000
202607102224,   1.105,9999.000,9999.000,9999.000,9999.000,9999.000,9999.000,9999.000,9999.000
202607102230,   1.129,9999.000,9999.000,9999.000,9999.000,9999.000,9999.000,9999.000,9999.000
202607102236,   1.153,9999.000,9999.000,9999.000,9999.000,9999.000,9999.000,9999.000,9999.000
202607102242,   1.176,9999.000,9999.000,9999.000,9999.000,9999.000,9999.000,9999.000,9999.000
202607102248,   1.199,9999.000,9999.000,9999.000,9999.000,9999.000,9999.000,9999.000,9999.000
202607102254,   1.220,9999.000,9999.000,9999.000,9999.000,9999.000,9999.000,9999.000,9999.000
202607102300,   1.241,9999.000,   0.600,  -0.059,   1.782,   0.500,   1.682,   0.600,   1.782
202607102306,   1.261,9999.000,9999.000,9999.000,9999.000,9999.000,9999.000,9999.000,9999.000
202607102312,   1.280,9999.000,9999.000,9999.000,9999.000,9999.000,9999.000,9999.000,9999.000
202607102318,   1.297,9999.000,9999.000,9999.000,9999.000,9999.000,9999.000,9999.000,9999.000
202607102324,   1.314,9999.000,9999.000,9999.000,9999.000,9999.000,9999.000,9999.000,9999.000
202607102330,   1.328,9999.000,9999.000,9999.000,9999.000,9999.000,9999.000,9999.000,9999.000
202607102336,   1.342,9999.000,9999.000,9999.000,9999.000,9999.000,9999.000,9999.000,9999.000
202607102342,   1.354,9999.000,9999.000,9999.000,9999.000,9999.000,9999.000,9999.000,9999.000
202607102348,   1.364,9999.000,9999.000,9999.000,9999.000,9999.000,9999.000,9999.000,9999.000
202607102354,   1.373,9999.000,9999.000,9999.000,9999.000,9999.000,9999.000,9999.000,9999.000
202607110000,   1.380,9999.000,   0.600,  -0.059,   1.921,   0.500,   1.821,   0.600,   1.921
202607110006,   1.385,9999.000,9999.000,9999.000,9999.000,9999.000,9999.000,9999.000,9999.000
202607110012,   1.388,9999.000,9999.000,9999.000,9999.000,9999.000,9999.000,9999.000,9999.000
202607110018,   1.390,9999.000,9999.000,9999.000,9999.000,9999.000,9999.000,9999.000,9999.000
202607110024,   1.390,9999.000,9999.000,9999.000,9999.000,9999.000,9999.000,9999.000,9999.000
202607110030,   1.388,9999.000,9999.000,9999.000,9999.000,9999.000,9999.000,9999.000,9999.000
202607110036,   1.384,9999.000,9999.000,9999.000,9999.000,9999.000,9999.000,9999.000,9999.000
202607110042,   1.378,9999.000,9999.000,9999.000,9999.000,9999.000,9999.000,9999.000,9999.000
202607110048,   1.371,9999.000,9999.000,9999.000,9999.000,9999.000,9999.000,9999.000,9999.000
202607110054,   1.363,9999.000,9999.000,9999.000,9999.000,9999.000,9999.000,9999.000,9999.000
202607110100,   1.352,9999.000,   0.600,  -0.059,   1.893,   0.500,   1.793,   0.600,   1.893
202607110106,   1.341,9999.000,9999.000,9999.000,9999.000,9999.000,9999.000,9999.000,9999.000
202607110112,   1.328,9999.000,9999.000,9999.000,9999.000,9999.000,9999.000,9999.000,9999.000
202607110118,   1.313,9999.000,9999.000,9999.000,9999.000,9999.000,9999.000,9999.000,9999.000
202607110124,   1.298,9999.000,9999.000,9999.000,9999.000,9999.000,9999.000,9999.000,9999.000
202607110130,   1.281,9999.000,9999.000,9999.000,9999.000,9999.000,9999.000,9999.000,9999.000
202607110136,   1.264,9999.000,9999.000,9999.000,9999.000,9999.000,9999.000,9999.000,9999.000
202607110142,   1.246,9999.000,9999.000,9999.000,9999.000,9999.000,9999.000,9999.000,9999.000
202607110148,   1.227,9999.000,9999.000,9999.000,9999.000,9999.000,9999.000,9999.000,9999.000
202607110154,   1.207,9999.000,9999.000,9999.000,9999.000,9999.000,9999.000,9999.000,9999.000
202607110200,   1.187,9999.000,   0.600,  -0.059,   1.728,   0.500,   1.628,   0.600,   1.728
202607110206,   1.167,9999.000,9999.000,9999.000,9999.000,9999.000,9999.000,9999.000,9999.000
202607110212,   1.146,9999.000,9999.000,9999.000,9999.000,9999.000,9999.000,9999.000,9999.000
202607110218,   1.124,9999.000,9999.000,9999.000,9999.000,9999.000,9999.000,9999.000,9999.000
202607110224,   1.103,9999.000,9999.000,9999.000,9999.000,9999.000,9999.000,9999.000,9999.000
202607110230,   1.081,9999.000,9999.000,9999.000,9999.000,9999.000,9999.000,9999.000,9999.000
202607110236,   1.059,9999.000,9999.000,9999.000,9999.000,9999.000,9999.000,9999.000,9999.000
202607110242,   1.037,9999.000,9999.000,9999.000,9999.000,9999.000,9999.000,9999.000,9999.000
202607110248,   1.016,9999.000,9999.000,9999.000,9999.000,9999.000,9999.000,9999.000,9999.000
202607110254,   0.994,9999.000,9999.000,9999.000,9999.000,9999.000,9999.000,9999.000,9999.000
202607110300,   0.972,9999.000,   0.600,  -0.059,   1.513,   0.500,   1.413,   0.600,   1.513
202607110306,   0.950,9999.000,9999.000,9999.000,9999.000,9999.000,9999.000,9999.000,9999.000
202607110312,   0.928,9999.000,9999.000,9999.000,9999.000,9999.000,9999.000,9999.000,9999.000
202607110318,   0.906,9999.000,9999.000,9999.000,9999.000,9999.000,9999.000,9999.000,9999.000
202607110324,   0.884,9999.000,9999.000,9999.000,9999.000,9999.000,9999.000,9999.000,9999.000
202607110330,   0.862,9999.000,9999.000,9999.000,9999.000,9999.000,9999.000,9999.000,9999.000
202607110336,   0.841,9999.000,9999.000,9999.000,9999.000,9999.000,9999.000,9999.000,9999.000
202607110342,   0.819,9999.000,9999.000,9999.000,9999.000,9999.000,9999.000,9999.000,9999.000
202607110348,   0.798,9999.000,9999.000,9999.000,9999.000,9999.000,9999.000,9999.000,9999.000
202607110354,   0.776,9999.000,9999.000,9999.000,9999.000,9999.000,9999.000,9999.000,9999.000
202607110400,   0.755,9999.000,   0.600,  -0.059,   1.296,   0.500,   1.196,   0.600,   1.296
202607110406,   0.734,9999.000,9999.000,9999.000,9999.000,9999.000,9999.000,9999.000,9999.000
202607110412,   0.713,9999.000,9999.000,9999.000,9999.000,9999.000,9999.000,9999.000,9999.000
202607110418,   0.692,9999.000,9999.000,9999.000,9999.000,9999.000,9999.000,9999.000,9999.000
202607110424,   0.671,9999.000,9999.000,9999.000,9999.000,9999.000,9999.000,9999.000,9999.000
202607110430,   0.651,9999.000,9999.000,9999.000,9999.000,9999.000,9999.000,9999.000,9999.000
202607110436,   0.630,9999.000,9999.000,9999.000,9999.000,9999.000,9999.000,9999.000,9999.000
202607110442,   0.610,9999.000,9999.000,9999.000,9999.000,9999.000,9999.000,9999.000,9999.000
202607110448,   0.590,9999.000,9999.000,9999.000,9999.000,9999.000,9999.000,9999.000,9999.000
202607110454,   0.570,9999.000,9999.000,9999.000,9999.000,9999.000,9999.000,9999.000,9999.000
202607110500,   0.551,9999.000,   0.600,  -0.059,   1.092,   0.500,   0.992,   0.600,   1.092
202607110506,   0.531,9999.000,9999.000,9999.000,9999.000,9999.000,9999.000,9999.000,9999.000
202607110512,   0.512,9999.000,9999.000,9999.000,9999.000,9999.000,9999.000,9999.000,9999.000
202607110518,   0.494,9999.000,9999.000,9999.000,9999.000,9999.000,9999.000,9999.000,9999.000
202607110524,   0.476,9999.000,9999.000,9999.000,9999.000,9999.000,9999.000,9999.000,9999.000
202607110530,   0.458,9999.000,9999.000,9999.000,9999.000,9999.000,9999.000,9999.000,9999.000
202607110536,   0.440,9999.000,9999.000,9999.000,9999.000,9999.000,9999.000,9999.000,9999.000
202607110542,   0.424,9999.000,9999.000,9999.000,9999.000,9999.000,9999.000,9999.000,9999.000
202607110548,   0.407,9999.000,9999.000,9999.000,9999.000,9999.000,9999.000,9999.000,9999.000
202607110554,   0.392,9999.000,9999.000,9999.000,9999.000,9999.000,9999.000,9999.000,9999.000
202607110600,   0.377,9999.000,   0.600,  -0.059,   0.918,   0.500,   0.818,   0.700,   1.018
202607110606,   0.363,9999.000,9999.000,9999.000,9999.000,9999.000,9999.000,9999.000,9999.000
202607110612,   0.350,9999.000,9999.000,9999.000,9999.000,9999.000,9999.000,9999.000,9999.000
202607110618,   0.338,9999.000,9999.000,9999.000,9999.000,9999.000,9999.000,9999.000,9999.000
202607110624,   0.326,9999.000,9999.000,9999.000,9999.000,9999.000,9999.000,9999.000,9999.000
202607110630,   0.316,9999.000,9999.000,9999.000,9999.000,9999.000,9999.000,9999.000,9999.000
202607110636,   0.307,9999.000,9999.000,9999.000,9999.000,9999.000,9999.000,9999.000,9999.000
202607110642,   0.299,9999.000,9999.000,9999.000,9999.000,9999.000,9999.000,9999.000,9999.000
202607110648,   0.293,9999.000,9999.000,9999.000,9999.000,9999.000,9999.000,9999.000,9999.000
202607110654,   0.287,9999.000,9999.000,9999.000,9999.000,9999.000,9999.000,9999.000,9999.000
202607110700,   0.283,9999.000,   0.600,  -0.059,   0.824,   0.600,   0.824,   0.700,   0.924
202607110706,   0.281,9999.000,9999.000,9999.000,9999.000,9999.000,9999.000,9999.000,9999.000
202607110712,   0.279,9999.000,9999.000,9999.000,9999.000,9999.000,9999.000,9999.000,9999.000
202607110718,   0.280,9999.000,9999.000,9999.000,9999.000,9999.000,9999.000,9999.000,9999.000
202607110724,   0.281,9999.000,9999.000,9999.000,9999.000,9999.000,9999.000,9999.000,9999.000
202607110730,   0.284,9999.000,9999.000,9999.000,9999.000,9999.000,9999.000,9999.000,9999.000
202607110736,   0.288,9999.000,9999.000,9999.000,9999.000,9999.000,9999.000,9999.000,9999.000
202607110742,   0.294,9999.000,9999.000,9999.000,9999.000,9999.000,9999.000,9999.000,9999.000
202607110748,   0.301,9999.000,9999.000,9999.000,9999.000,9999.000,9999.000,9999.000,9999.000
202607110754,   0.309,9999.000,9999.000,9999.000,9999.000,9999.000,9999.000,9999.000,9999.000
202607110800,   0.318,9999.000,   0.600,  -0.059,   0.859,   0.600,   0.859,   0.700,   0.959
202607110806,   0.329,9999.000,9999.000,9999.000,9999.000,9999.000,9999.000,9999.000,9999.000
202607110812,   0.340,9999.000,9999.000,9999.000,9999.000,9999.000,9999.000,9999.000,9999.000
202607110818,   0.352,9999.000,9999.000,9999.000,9999.000,9999.000,9999.000,9999.000,9999.000
202607110824,   0.365,9999.000,9999.000,9999.000,9999.000,9999.000,9999.000,9999.000,9999.000
202607110830,   0.379,9999.000,9999.000,9999.000,9999.000,9999.000,9999.000,9999.000,9999.000
202607110836,   0.394,9999.000,9999.000,9999.000,9999.000,9999.000,9999.000,9999.000,9999.000
202607110842,   0.409,9999.000,9999.000,9999.000,9999.000,9999.000,9999.000,9999.000,9999.000
202607110848,   0.425,9999.000,9999.000,9999.000,9999.000,9999.000,9999.000,9999.000,9999.000
202607110854,   0.441,9999.000,9999.000,9999.000,9999.000,9999.000,9999.000,9999.000,9999.000
202607110900,   0.457,9999.000,   0.600,  -0.059,   0.998,   0.600,   0.998,   0.700,   1.098
202607110906,   0.474,9999.000,9999.000,9999.000,9999.000,9999.000,9999.000,9999.000,9999.000
202607110912,   0.491,9999.000,9999.000,9999.000,9999.000,9999.000,9999.000,9999.000,9999.000
202607110918,   0.508,9999.000,9999.000,9999.000,9999.000,9999.000,9999.000,9999.000,9999.000
202607110924,   0.525,9999.000,9999.000,9999.000,9999.000,9999.000,9999.000,9999.000,9999.000
202607110930,   0.542,9999.000,9999.000,9999.000,9999.000,9999.000,9999.000,9999.000,9999.000
202607110936,   0.560,9999.000,9999.000,9999.000,9999.000,9999.000,9999.000,9999.000,9999.000
202607110942,   0.577,9999.000,9999.000,9999.000,9999.000,9999.000,9999.000,9999.000,9999.000
202607110948,   0.595,9999.000,9999.000,9999.000,9999.000,9999.000,9999.000,9999.000,9999.000
202607110954,   0.612,9999.000,9999.000,9999.000,9999.000,9999.000,9999.000,9999.000,9999.000
202607111000,   0.629,9999.000,   0.700,  -0.059,   1.270,   0.600,   1.170,   0.700,   1.270
202607111006,   0.647,9999.000,9999.000,9999.000,9999.000,9999.000,9999.000,9999.000,9999.000
202607111012,   0.664,9999.000,9999.000,9999.000,9999.000,9999.000,9999.000,9999.000,9999.000
202607111018,   0.682,9999.000,9999.000,9999.000,9999.000,9999.000,9999.000,9999.000,9999.000
202607111024,   0.699,9999.000,9999.000,9999.000,9999.000,9999.000,9999.000,9999.000,9999.000
202607111030,   0.716,9999.000,9999.000,9999.000,9999.000,9999.000,9999.000,9999.000,9999.000
202607111036,   0.734,9999.000,9999.000,9999.000,9999.000,9999.000,9999.000,9999.000,9999.000
202607111042,   0.751,9999.000,9999.000,9999.000,9999.000,9999.000,9999.000,9999.000,9999.000
202607111048,   0.767,9999.000,9999.000,9999.000,9999.000,9999.000,9999.000,9999.000,9999.000
202607111054,   0.784,9999.000,9999.000,9999.000,9999.000,9999.000,9999.000,9999.000,9999.000
202607111100,   0.800,9999.000,   0.700,  -0.059,   1.441,   0.600,   1.341,   0.800,   1.541
202607111106,   0.816,9999.000,9999.000,9999.000,9999.000,9999.000,9999.000,9999.000,9999.000
202607111112,   0.832,9999.000,9999.000,9999.000,9999.000,9999.000,9999.000,9999.000,9999.000
202607111118,   0.847,9999.000,9999.000,9999.000,9999.000,9999.000,9999.000,9999.000,9999.000
202607111124,   0.861,9999.000,9999.000,9999.000,9999.000,9999.000,9999.000,9999.000,9999.000
202607111130,   0.875,9999.000,9999.000,9999.000,9999.000,9999.000,9999.000,9999.000,9999.000
202607111136,   0.887,9999.000,9999.000,9999.000,9999.000,9999.000,9999.000,9999.000,9999.000
202607111142,   0.899,9999.000,9999.000,9999.000,9999.000,9999.000,9999.000,9999.000,9999.000
202607111148,   0.910,9999.000,9999.000,9999.000,9999.000,9999.000,9999.000,9999.000,9999.000
202607111154,   0.919,9999.000,9999.000,9999.000,9999.000,9999.000,9999.000,9999.000,9999.000
202607111200,   0.927,9999.000,   0.700,  -0.059,   1.568,   0.600,   1.468,   0.800,   1.668
202607111206,   0.934,9999.000,9999.000,9999.000,9999.000,9999.000,9999.000,9999.000,9999.000
202607111212,   0.940,9999.000,9999.000,9999.000,9999.000,9999.000,9999.000,9999.000,9999.000
202607111218,   0.944,9999.000,9999.000,9999.000,9999.000,9999.000,9999.000,9999.000,9999.000
202607111224,   0.946,9999.000,9999.000,9999.000,9999.000,9999.000,9999.000,9999.000,9999.000
202607111230,   0.946,9999.000,9999.000,9999.000,9999.000,9999.000,9999.000,9999.000,9999.000
202607111236,   0.945,9999.000,9999.000,9999.000,9999.000,9999.000,9999.000,9999.000,9999.000
202607111242,   0.943,9999.000,9999.000,9999.000,9999.000,9999.000,9999.000,9999.000,9999.000
202607111248,   0.938,9999.000,9999.000,9999.000,9999.000,9999.000,9999.000,9999.000,9999.000
202607111254,   0.932,9999.000,9999.000,9999.000,9999.000,9999.000,9999.000,9999.000,9999.000
202607111300,   0.924,9999.000,   0.700,  -0.059,   1.565,   0.600,   1.465,   0.700,   1.565
202607111306,   0.915,9999.000,9999.000,9999.000,9999.000,9999.000,9999.000,9999.000,9999.000
202607111312,   0.904,9999.000,9999.000,9999.000,9999.000,9999.000,9999.000,9999.000,9999.000
202607111318,   0.891,9999.000,9999.000,9999.000,9999.000,9999.000,9999.000,9999.000,9999.000
202607111324,   0.877,9999.000,9999.000,9999.000,9999.000,9999.000,9999.000,9999.000,9999.000
202607111330,   0.862,9999.000,9999.000,9999.000,9999.000,9999.000,9999.000,9999.000,9999.000
202607111336,   0.845,9999.000,9999.000,9999.000,9999.000,9999.000,9999.000,9999.000,9999.000
202607111342,   0.828,9999.000,9999.000,9999.000,9999.000,9999.000,9999.000,9999.000,9999.000
202607111348,   0.809,9999.000,9999.000,9999.000,9999.000,9999.000,9999.000,9999.000,9999.000
202607111354,   0.789,9999.000,9999.000,9999.000,9999.000,9999.000,9999.000,9999.000,9999.000
202607111400,   0.769,9999.000,   0.700,  -0.059,   1.410,   0.600,   1.310,   0.800,   1.510
202607111406,   0.747,9999.000,9999.000,9999.000,9999.000,9999.000,9999.000,9999.000,9999.000
202607111412,   0.726,9999.000,9999.000,9999.000,9999.000,9999.000,9999.000,9999.000,9999.000
202607111418,   0.703,9999.000,9999.000,9999.000,9999.000,9999.000,9999.000,9999.000,9999.000
202607111424,   0.681,9999.000,9999.000,9999.000,9999.000,9999.000,9999.000,9999.000,9999.000
202607111430,   0.658,9999.000,9999.000,9999.000,9999.000,9999.000,9999.000,9999.000,9999.000
202607111436,   0.635,9999.000,9999.000,9999.000,9999.000,9999.000,9999.000,9999.000,9999.000
202607111442,   0.611,9999.000,9999.000,9999.000,9999.000,9999.000,9999.000,9999.000,9999.000
202607111448,   0.588,9999.000,9999.000,9999.000,9999.000,9999.000,9999.000,9999.000,9999.000
202607111454,   0.565,9999.000,9999.000,9999.000,9999.000,9999.000,9999.000,9999.000,9999.000
202607111500,   0.542,9999.000,   0.700,  -0.059,   1.183,   0.600,   1.083,   0.800,   1.283
202607111506,   0.519,9999.000,9999.000,9999.000,9999.000,9999.000,9999.000,9999.000,9999.000
202607111512,   0.496,9999.000,9999.000,9999.000,9999.000,9999.000,9999.000,9999.000,9999.000
202607111518,   0.474,9999.000,9999.000,9999.000,9999.000,9999.000,9999.000,9999.000,9999.000
202607111524,   0.452,9999.000,9999.000,9999.000,9999.000,9999.000,9999.000,9999.000,9999.000
202607111530,   0.430,9999.000,9999.000,9999.000,9999.000,9999.000,9999.000,9999.000,9999.000
202607111536,   0.409,9999.000,9999.000,9999.000,9999.000,9999.000,9999.000,9999.000,9999.000
202607111542,   0.388,9999.000,9999.000,9999.000,9999.000,9999.000,9999.000,9999.000,9999.000
202607111548,   0.367,9999.000,9999.000,9999.000,9999.000,9999.000,9999.000,9999.000,9999.000
202607111554,   0.347,9999.000,9999.000,9999.000,9999.000,9999.000,9999.000,9999.000,9999.000
202607111600,   0.328,9999.000,   0.700,  -0.059,   0.969,   0.600,   0.869,   0.800,   1.069
202607111606,   0.308,9999.000,9999.000,9999.000,9999.000,9999.000,9999.000,9999.000,9999.000
202607111612,   0.290,9999.000,9999.000,9999.000,9999.000,9999.000,9999.000,9999.000,9999.000
202607111618,   0.272,9999.000,9999.000,9999.000,9999.000,9999.000,9999.000,9999.000,9999.000
202607111624,   0.254,9999.000,9999.000,9999.000,9999.000,9999.000,9999.000,9999.000,9999.000
202607111630,   0.237,9999.000,9999.000,9999.000,9999.000,9999.000,9999.000,9999.000,9999.000
202607111636,   0.220,9999.000,9999.000,9999.000,9999.000,9999.000,9999.000,9999.000,9999.000
202607111642,   0.204,9999.000,9999.000,9999.000,9999.000,9999.000,9999.000,9999.000,9999.000
202607111648,   0.189,9999.000,9999.000,9999.000,9999.000,9999.000,9999.000,9999.000,9999.000
202607111654,   0.174,9999.000,9999.000,9999.000,9999.000,9999.000,9999.000,9999.000,9999.000
202607111700,   0.160,9999.000,   0.700,  -0.059,   0.801,   0.600,   0.701,   0.800,   0.901
202607111706,   0.146,9999.000,9999.000,9999.000,9999.000,9999.000,9999.000,9999.000,9999.000
202607111712,   0.133,9999.000,9999.000,9999.000,9999.000,9999.000,9999.000,9999.000,9999.000
202607111718,   0.121,9999.000,9999.000,9999.000,9999.000,9999.000,9999.000,9999.000,9999.000
202607111724,   0.109,9999.000,9999.000,9999.000,9999.000,9999.000,9999.000,9999.000,9999.000
202607111730,   0.098,9999.000,9999.000,9999.000,9999.000,9999.000,9999.000,9999.000,9999.000
202607111736,   0.088,9999.000,9999.000,9999.000,9999.000,9999.000,9999.000,9999.000,9999.000
202607111742,   0.078,9999.000,9999.000,9999.000,9999.000,9999.000,9999.000,9999.000,9999.000
202607111748,   0.069,9999.000,9999.000,9999.000,9999.000,9999.000,9999.000,9999.000,9999.000
202607111754,   0.061,9999.000,9999.000,9999.000,9999.000,9999.000,9999.000,9999.000,9999.000
202607111800,   0.054,9999.000,   0.700,  -0.059,   0.695,   0.700,   0.695,   0.800,   0.795
202607111806,   0.048,9999.000,9999.000,9999.000,9999.000,9999.000,9999.000,9999.000,9999.000
202607111812,   0.042,9999.000,9999.000,9999.000,9999.000,9999.000,9999.000,9999.000,9999.000
202607111818,   0.038,9999.000,9999.000,9999.000,9999.000,9999.000,9999.000,9999.000,9999.000
202607111824,   0.035,9999.000,9999.000,9999.000,9999.000,9999.000,9999.000,9999.000,9999.000
202607111830,   0.032,9999.000,9999.000,9999.000,9999.000,9999.000,9999.000,9999.000,9999.000
202607111836,   0.031,9999.000,9999.000,9999.000,9999.000,9999.000,9999.000,9999.000,9999.000
202607111842,   0.031,9999.000,9999.000,9999.000,9999.000,9999.000,9999.000,9999.000,9999.000
202607111848,   0.033,9999.000,9999.000,9999.000,9999.000,9999.000,9999.000,9999.000,9999.000
202607111854,   0.035,9999.000,9999.000,9999.000,9999.000,9999.000,9999.000,9999.000,9999.000
202607111900,   0.039,9999.000,   0.800,  -0.059,   0.780,   0.700,   0.680,   0.800,   0.780
202607111906,   0.045,9999.000,9999.000,9999.000,9999.000,9999.000,9999.000,9999.000,9999.000
202607111912,   0.052,9999.000,9999.000,9999.000,9999.000,9999.000,9999.000,9999.000,9999.000
202607111918,   0.060,9999.000,9999.000,9999.000,9999.000,9999.000,9999.000,9999.000,9999.000
202607111924,   0.070,9999.000,9999.000,9999.000,9999.000,9999.000,9999.000,9999.000,9999.000
202607111930,   0.081,9999.000,9999.000,9999.000,9999.000,9999.000,9999.000,9999.000,9999.000
202607111936,   0.094,9999.000,9999.000,9999.000,9999.000,9999.000,9999.000,9999.000,9999.000
202607111942,   0.109,9999.000,9999.000,9999.000,9999.000,9999.000,9999.000,9999.000,9999.000
202607111948,   0.125,9999.000,9999.000,9999.000,9999.000,9999.000,9999.000,9999.000,9999.000
202607111954,   0.142,9999.000,9999.000,9999.000,9999.000,9999.000,9999.000,9999.000,9999.000
202607112000,   0.161,9999.000,   0.800,  -0.059,   0.902,   0.700,   0.802,   0.800,   0.902
202607112006,   0.182,9999.000,9999.000,9999.000,9999.000,9999.000,9999.000,9999.000,9999.000
202607112012,   0.204,9999.000,9999.000,9999.000,9999.000,9999.000,9999.000,9999.000,9999.000
202607112018,   0.227,9999.000,9999.000,9999.000,9999.000,9999.000,9999.000,9999.000,9999.000
202607112024,   0.251,9999.000,9999.000,9999.000,9999.000,9999.000,9999.000,9999.000,9999.000
202607112030,   0.276,9999.000,9999.000,9999.000,9999.000,9999.000,9999.000,9999.000,9999.000
202607112036,   0.303,9999.000,9999.000,9999.000,9999.000,9999.000,9999.000,9999.000,9999.000
202607112042,   0.330,9999.000,9999.000,9999.000,9999.000,9999.000,9999.000,9999.000,9999.000
202607112048,   0.358,9999.000,9999.000,9999.000,9999.000,9999.000,9999.000,9999.000,9999.000
202607112054,   0.387,9999.000,9999.000,9999.000,9999.000,9999.000,9999.000,9999.000,9999.000
202607112100,   0.417,9999.000,   0.800,  -0.059,   1.158,   0.700,   1.058,   0.800,   1.158
202607112106,   0.447,9999.000,9999.000,9999.000,9999.000,9999.000,9999.000,9999.000,9999.000
202607112112,   0.478,9999.000,9999.000,9999.000,9999.000,9999.000,9999.000,9999.000,9999.000
202607112118,   0.509,9999.000,9999.000,9999.000,9999.000,9999.000,9999.000,9999.000,9999.000
202607112124,   0.540,9999.000,9999.000,9999.000,9999.000,9999.000,9999.000,9999.000,9999.000
202607112130,   0.572,9999.000,9999.000,9999.000,9999.000,9999.000,9999.000,9999.000,9999.000
202607112136,   0.603,9999.000,9999.000,9999.000,9999.000,9999.000,9999.000,9999.000,9999.000
202607112142,   0.635,9999.000,9999.000,9999.000,9999.000,9999.000,9999.000,9999.000,9999.000
202607112148,   0.667,9999.000,9999.000,9999.000,9999.000,9999.000,9999.000,9999.000,9999.000
202607112154,   0.698,9999.000,9999.000,9999.000,9999.000,9999.000,9999.000,9999.000,9999.000
202607112200,   0.730,9999.000,   0.800,  -0.059,   1.471,   0.700,   1.371,   0.800,   1.471
202607112206,   0.761,9999.000,9999.000,9999.000,9999.000,9999.000,9999.000,9999.000,9999.000
202607112212,   0.793,9999.000,9999.000,9999.000,9999.000,9999.000,9999.000,9999.000,9999.000
202607112218,   0.824,9999.000,9999.000,9999.000,9999.000,9999.000,9999.000,9999.000,9999.000
202607112224,   0.855,9999.000,9999.000,9999.000,9999.000,9999.000,9999.000,9999.000,9999.000
202607112230,   0.886,9999.000,9999.000,9999.000,9999.000,9999.000,9999.000,9999.000,9999.000
202607112236,   0.916,9999.000,9999.000,9999.000,9999.000,9999.000,9999.000,9999.000,9999.000
202607112242,   0.946,9999.000,9999.000,9999.000,9999.000,9999.000,9999.000,9999.000,9999.000
202607112248,   0.977,9999.000,9999.000,9999.000,9999.000,9999.000,9999.000,9999.000,9999.000
202607112254,   1.006,9999.000,9999.000,9999.000,9999.000,9999.000,9999.000,9999.000,9999.000
202607112300,   1.036,9999.000,   0.800,  -0.059,   1.777,   0.700,   1.677,   0.800,   1.777
202607112306,   1.065,9999.000,9999.000,9999.000,9999.000,9999.000,9999.000,9999.000,9999.000
202607112312,   1.094,9999.000,9999.000,9999.000,9999.000,9999.000,9999.000,9999.000,9999.000
202607112318,   1.122,9999.000,9999.000,9999.000,9999.000,9999.000,9999.000,9999.000,9999.000
202607112324,   1.150,9999.000,9999.000,9999.000,9999.000,9999.000,9999.000,9999.000,9999.000
202607112330,   1.177,9999.000,9999.000,9999.000,9999.000,9999.000,9999.000,9999.000,9999.000
202607112336,   1.203,9999.000,9999.000,9999.000,9999.000,9999.000,9999.000,9999.000,9999.000
202607112342,   1.229,9999.000,9999.000,9999.000,9999.000,9999.000,9999.000,9999.000,9999.000
202607112348,   1.254,9999.000,9999.000,9999.000,9999.000,9999.000,9999.000,9999.000,9999.000
202607112354,   1.278,9999.000,9999.000,9999.000,9999.000,9999.000,9999.000,9999.000,9999.000
202607120000,   1.301,9999.000,   0.800,  -0.059,   2.042,   0.700,   1.942,   0.800,   2.042
202607120006,   1.322,9999.000,9999.000,9999.000,9999.000,9999.000,9999.000,9999.000,9999.000
202607120012,   1.342,9999.000,9999.000,9999.000,9999.000,9999.000,9999.000,9999.000,9999.000
202607120018,   1.361,9999.000,9999.000,9999.000,9999.000,9999.000,9999.000,9999.000,9999.000
202607120024,   1.378,9999.000,9999.000,9999.000,9999.000,9999.000,9999.000,9999.000,9999.000
202607120030,   1.394,9999.000,9999.000,9999.000,9999.000,9999.000,9999.000,9999.000,9999.000
202607120036,   1.408,9999.000,9999.000,9999.000,9999.000,9999.000,9999.000,9999.000,9999.000
202607120042,   1.420,9999.000,9999.000,9999.000,9999.000,9999.000,9999.000,9999.000,9999.000
202607120048,   1.431,9999.000,9999.000,9999.000,9999.000,9999.000,9999.000,9999.000,9999.000
202607120054,   1.439,9999.000,9999.000,9999.000,9999.000,9999.000,9999.000,9999.000,9999.000
202607120100,   1.446,9999.000,   0.800,  -0.059,   2.187,   0.700,   2.087,   0.800,   2.187
202607120106,   1.450,9999.000,9999.000,9999.000,9999.000,9999.000,9999.000,9999.000,9999.000
202607120112,   1.453,9999.000,9999.000,9999.000,9999.000,9999.000,9999.000,9999.000,9999.000
202607120118,   1.453,9999.000,9999.000,9999.000,9999.000,9999.000,9999.000,9999.000,9999.000
202607120124,   1.452,9999.000,9999.000,9999.000,9999.000,9999.000,9999.000,9999.000,9999.000
202607120130,   1.449,9999.000,9999.000,9999.000,9999.000,9999.000,9999.000,9999.000,9999.000
202607120136,   1.444,9999.000,9999.000,9999.000,9999.000,9999.000,9999.000,9999.000,9999.000
202607120142,   1.437,9999.000,9999.000,9999.000,9999.000,9999.000,9999.000,9999.000,9999.000
202607120148,   1.428,9999.000,9999.000,9999.000,9999.000,9999.000,9999.000,9999.000,9999.000
202607120154,   1.418,9999.000,9999.000,9999.000,9999.000,9999.000,9999.000,9999.000,9999.000
202607120200,   1.406,9999.000,   0.800,  -0.059,   2.147,   0.700,   2.047,   0.800,   2.147
202607120206,   1.393,9999.000,9999.000,9999.000,9999.000,9999.000,9999.000,9999.000,9999.000
202607120212,   1.379,9999.000,9999.000,9999.000,9999.000,9999.000,9999.000,9999.000,9999.000
202607120218,   1.363,9999.000,9999.000,9999.000,9999.000,9999.000,9999.000,9999.000,9999.000
202607120224,   1.346,9999.000,9999.000,9999.000,9999.000,9999.000,9999.000,9999.000,9999.000
202607120230,   1.328,9999.000,9999.000,9999.000,9999.000,9999.000,9999.000,9999.000,9999.000
202607120236,   1.309,9999.000,9999.000,9999.000,9999.000,9999.000,9999.000,9999.000,9999.000
202607120242,   1.290,9999.000,9999.000,9999.000,9999.000,9999.000,9999.000,9999.000,9999.000
202607120248,   1.269,9999.000,9999.000,9999.000,9999.000,9999.000,9999.000,9999.000,9999.000
202607120254,   1.249,9999.000,9999.000,9999.000,9999.000,9999.000,9999.000,9999.000,9999.000
202607120300,   1.227,9999.000,   0.700,  -0.059,   1.868,   0.600,   1.768,   0.800,   1.968
202607120306,   1.205,9999.000,9999.000,9999.000,9999.000,9999.000,9999.000,9999.000,9999.000
202607120312,   1.183,9999.000,9999.000,9999.000,9999.000,9999.000,9999.000,9999.000,9999.000
202607120318,   1.161,9999.000,9999.000,9999.000,9999.000,9999.000,9999.000,9999.000,9999.000
202607120324,   1.138,9999.000,9999.000,9999.000,9999.000,9999.000,9999.000,9999.000,9999.000
202607120330,   1.115,9999.000,9999.000,9999.000,9999.000,9999.000,9999.000,9999.000,9999.000
202607120336,   1.092,9999.000,9999.000,9999.000,9999.000,9999.000,9999.000,9999.000,9999.000
202607120342,   1.069,9999.000,9999.000,9999.000,9999.000,9999.000,9999.000,9999.000,9999.000
202607120348,   1.046,9999.000,9999.000,9999.000,9999.000,9999.000,9999.000,9999.000,9999.000
202607120354,   1.023,9999.000,9999.000,9999.000,9999.000,9999.000,9999.000,9999.000,9999.000
202607120400,   1.000,9999.000,   0.700,  -0.059,   1.641,   0.600,   1.541,   0.800,   1.741
202607120406,   0.976,9999.000,9999.000,9999.000,9999.000,9999.000,9999.000,9999.000,9999.000
202607120412,   0.953,9999.000,9999.000,9999.000,9999.000,9999.000,9999.000,9999.000,9999.000
202607120418,   0.930,9999.000,9999.000,9999.000,9999.000,9999.000,9999.000,9999.000,9999.000
202607120424,   0.907,9999.000,9999.000,9999.000,9999.000,9999.000,9999.000,9999.000,9999.000
202607120430,   0.884,9999.000,9999.000,9999.000,9999.000,9999.000,9999.000,9999.000,9999.000
202607120436,   0.860,9999.000,9999.000,9999.000,9999.000,9999.000,9999.000,9999.000,9999.000
202607120442,   0.837,9999.000,9999.000,9999.000,9999.000,9999.000,9999.000,9999.000,9999.000
202607120448,   0.814,9999.000,9999.000,9999.000,9999.000,9999.000,9999.000,9999.000,9999.000
202607120454,   0.791,9999.000,9999.000,9999.000,9999.000,9999.000,9999.000,9999.000,9999.000
202607120500,   0.769,9999.000,   0.700,  -0.059,   1.410,   0.600,   1.310,   0.800,   1.510
202607120506,   0.746,9999.000,9999.000,9999.000,9999.000,9999.000,9999.000,9999.000,9999.000
202607120512,   0.723,9999.000,9999.000,9999.000,9999.000,9999.000,9999.000,9999.000,9999.000
202607120518,   0.700,9999.000,9999.000,9999.000,9999.000,9999.000,9999.000,9999.000,9999.000
202607120524,   0.678,9999.000,9999.000,9999.000,9999.000,9999.000,9999.000,9999.000,9999.000
202607120530,   0.655,9999.000,9999.000,9999.000,9999.000,9999.000,9999.000,9999.000,9999.000
202607120536,   0.633,9999.000,9999.000,9999.000,9999.000,9999.000,9999.000,9999.000,9999.000
202607120542,   0.611,9999.000,9999.000,9999.000,9999.000,9999.000,9999.000,9999.000,9999.000
202607120548,   0.588,9999.000,9999.000,9999.000,9999.000,9999.000,9999.000,9999.000,9999.000
202607120554,   0.566,9999.000,9999.000,9999.000,9999.000,9999.000,9999.000,9999.000,9999.000
202607120600,   0.545,9999.000,   0.700,  -0.059,   1.186,   0.600,   1.086,   0.800,   1.286
202607120606,   0.523,9999.000,9999.000,9999.000,9999.000,9999.000,9999.000,9999.000,9999.000
202607120612,   0.502,9999.000,9999.000,9999.000,9999.000,9999.000,9999.000,9999.000,9999.000
202607120618,   0.481,9999.000,9999.000,9999.000,9999.000,9999.000,9999.000,9999.000,9999.000
202607120624,   0.461,9999.000,9999.000,9999.000,9999.000,9999.000,9999.000,9999.000,9999.000
202607120630,   0.441,9999.000,9999.000,9999.000,9999.000,9999.000,9999.000,9999.000,9999.000
202607120636,   0.421,9999.000,9999.000,9999.000,9999.000,9999.000,9999.000,9999.000,9999.000
202607120642,   0.402,9999.000,9999.000,9999.000,9999.000,9999.000,9999.000,9999.000,9999.000
202607120648,   0.384,9999.000,9999.000,9999.000,9999.000,9999.000,9999.000,9999.000,9999.000
202607120654,   0.366,9999.000,9999.000,9999.000,9999.000,9999.000,9999.000,9999.000,9999.000
202607120700,   0.349,9999.000,   0.700,  -0.059,   0.990,   0.600,   0.890,   0.800,   1.090
202607120706,   0.333,9999.000,9999.000,9999.000,9999.000,9999.000,9999.000,9999.000,9999.000
202607120712,   0.318,9999.000,9999.000,9999.000,9999.000,9999.000,9999.000,9999.000,9999.000
202607120718,   0.304,9999.000,9999.000,9999.000,9999.000,9999.000,9999.000,9999.000,9999.000
202607120724,   0.290,9999.000,9999.000,9999.000,9999.000,9999.000,9999.000,9999.000,9999.000
202607120730,   0.279,9999.000,9999.000,9999.000,9999.000,9999.000,9999.000,9999.000,9999.000
202607120736,   0.268,9999.000,9999.000,9999.000,9999.000,9999.000,9999.000,9999.000,9999.000
202607120742,   0.258,9999.000,9999.000,9999.000,9999.000,9999.000,9999.000,9999.000,9999.000
202607120748,   0.250,9999.000,9999.000,9999.000,9999.000,9999.000,9999.000,9999.000,9999.000
202607120754,   0.244,9999.000,9999.000,9999.000,9999.000,9999.000,9999.000,9999.000,9999.000
202607120800,   0.238,9999.000,   0.700,  -0.059,   0.879,   0.600,   0.779,   0.800,   0.979
202607120806,   0.235,9999.000,9999.000,9999.000,9999.000,9999.000,9999.000,9999.000,9999.000
202607120812,   0.232,9999.000,9999.000,9999.000,9999.000,9999.000,9999.000,9999.000,9999.000
202607120818,   0.231,9999.000,9999.000,9999.000,9999.000,9999.000,9999.000,9999.000,9999.000
202607120824,   0.232,9999.000,9999.000,9999.000,9999.000,9999.000,9999.000,9999.000,9999.000
202607120830,   0.234,9999.000,9999.000,9999.000,9999.000,9999.000,9999.000,9999.000,9999.000
202607120836,   0.238,9999.000,9999.000,9999.000,9999.000,9999.000,9999.000,9999.000,9999.000
202607120842,   0.243,9999.000,9999.000,9999.000,9999.000,9999.000,9999.000,9999.000,9999.000
202607120848,   0.249,9999.000,9999.000,9999.000,9999.000,9999.000,9999.000,9999.000,9999.000
202607120854,   0.256,9999.000,9999.000,9999.000,9999.000,9999.000,9999.000,9999.000,9999.000
202607120900,   0.265,9999.000,   0.700,  -0.059,   0.906,   0.600,   0.806,   0.800,   1.006
202607120906,   0.275,9999.000,9999.000,9999.000,9999.000,9999.000,9999.000,9999.000,9999.000
202607120912,   0.286,9999.000,9999.000,9999.000,9999.000,9999.000,9999.000,9999.000,9999.000
202607120918,   0.298,9999.000,9999.000,9999.000,9999.000,9999.000,9999.000,9999.000,9999.000
202607120924,   0.312,9999.000,9999.000,9999.000,9999.000,9999.000,9999.000,9999.000,9999.000
202607120930,   0.325,9999.000,9999.000,9999.000,9999.000,9999.000,9999.000,9999.000,9999.000
202607120936,   0.340,9999.000,9999.000,9999.000,9999.000,9999.000,9999.000,9999.000,9999.000
202607120942,   0.355,9999.000,9999.000,9999.000,9999.000,9999.000,9999.000,9999.000,9999.000
202607120948,   0.371,9999.000,9999.000,9999.000,9999.000,9999.000,9999.000,9999.000,9999.000
202607120954,   0.388,9999.000,9999.000,9999.000,9999.000,9999.000,9999.000,9999.000,9999.000
202607121000,   0.405,9999.000,   0.600,  -0.059,   0.946,   0.500,   0.846,   0.700,   1.046
202607121006,   0.423,9999.000,9999.000,9999.000,9999.000,9999.000,9999.000,9999.000,9999.000
202607121012,   0.440,9999.000,9999.000,9999.000,9999.000,9999.000,9999.000,9999.000,9999.000
202607121018,   0.459,9999.000,9999.000,9999.000,9999.000,9999.000,9999.000,9999.000,9999.000
202607121024,   0.477,9999.000,9999.000,9999.000,9999.000,9999.000,9999.000,9999.000,9999.000
202607121030,   0.496,9999.000,9999.000,9999.000,9999.000,9999.000,9999.000,9999.000,9999.000
202607121036,   0.515,9999.000,9999.000,9999.000,9999.000,9999.000,9999.000,9999.000,9999.000
202607121042,   0.535,9999.000,9999.000,9999.000,9999.000,9999.000,9999.000,9999.000,9999.000
202607121048,   0.555,9999.000,9999.000,9999.000,9999.000,9999.000,9999.000,9999.000,9999.000
202607121054,   0.574,9999.000,9999.000,9999.000,9999.000,9999.000,9999.000,9999.000,9999.000
202607121100,   0.594,9999.000,   0.600,  -0.059,   1.135,   0.500,   1.035,   0.700,   1.235
202607121106,   0.615,9999.000,9999.000,9999.000,9999.000,9999.000,9999.000,9999.000,9999.000
202607121112,   0.635,9999.000,9999.000,9999.000,9999.000,9999.000,9999.000,9999.000,9999.000
202607121118,   0.655,9999.000,9999.000,9999.000,9999.000,9999.000,9999.000,9999.000,9999.000
202607121124,   0.676,9999.000,9999.000,9999.000,9999.000,9999.000,9999.000,9999.000,9999.000
202607121130,   0.696,9999.000,9999.000,9999.000,9999.000,9999.000,9999.000,9999.000,9999.000
202607121136,   0.717,9999.000,9999.000,9999.000,9999.000,9999.000,9999.000,9999.000,9999.000
202607121142,   0.737,9999.000,9999.000,9999.000,9999.000,9999.000,9999.000,9999.000,9999.000
202607121148,   0.757,9999.000,9999.000,9999.000,9999.000,9999.000,9999.000,9999.000,9999.000
202607121154,   0.777,9999.000,9999.000,9999.000,9999.000,9999.000,9999.000,9999.000,9999.000
202607121200,   0.796,9999.000,   0.600,  -0.059,   1.337,   0.500,   1.237,   0.700,   1.437
202607121206,   0.815,9999.000,9999.000,9999.000,9999.000,9999.000,9999.000,9999.000,9999.000
202607121212,   0.834,9999.000,9999.000,9999.000,9999.000,9999.000,9999.000,9999.000,9999.000
202607121218,   0.851,9999.000,9999.000,9999.000,9999.000,9999.000,9999.000,9999.000,9999.000
202607121224,   0.868,9999.000,9999.000,9999.000,9999.000,9999.000,9999.000,9999.000,9999.000
202607121230,   0.884,9999.000,9999.000,9999.000,9999.000,9999.000,9999.000,9999.000,9999.000
202607121236,   0.898,9999.000,9999.000,9999.000,9999.000,9999.000,9999.000,9999.000,9999.000
202607121242,   0.912,9999.000,9999.000,9999.000,9999.000,9999.000,9999.000,9999.000,9999.000
202607121248,   0.924,9999.000,9999.000,9999.000,9999.000,9999.000,9999.000,9999.000,9999.000
202607121254,   0.935,9999.000,9999.000,9999.000,9999.000,9999.000,9999.000,9999.000,9999.000
202607121300,   0.944,9999.000,   0.600,  -0.059,   1.485,   0.500,   1.385,   0.700,   1.585
202607121306,   0.952,9999.000,9999.000,9999.000,9999.000,9999.000,9999.000,9999.000,9999.000
202607121312,   0.958,9999.000,9999.000,9999.000,9999.000,9999.000,9999.000,9999.000,9999.000
202607121318,   0.962,9999.000,9999.000,9999.000,9999.000,9999.000,9999.000,9999.000,9999.000
202607121324,   0.964,9999.000,9999.000,9999.000,9999.000,9999.000,9999.000,9999.000,9999.000
202607121330,   0.965,9999.000,9999.000,9999.000,9999.000,9999.000,9999.000,9999.000,9999.000
202607121336,   0.963,9999.000,9999.000,9999.000,9999.000,9999.000,9999.000,9999.000,9999.000
202607121342,   0.960,9999.000,9999.000,9999.000,9999.000,9999.000,9999.000,9999.000,9999.000
202607121348,   0.955,9999.000,9999.000,9999.000,9999.000,9999.000,9999.000,9999.000,9999.000
202607121354,   0.948,9999.000,9999.000,9999.000,9999.000,9999.000,9999.000,9999.000,9999.000
202607121400,   0.939,9999.000,   0.600,  -0.059,   1.480,   0.500,   1.380,   0.700,   1.580
202607121406,   0.929,9999.000,9999.000,9999.000,9999.000,9999.000,9999.000,9999.000,9999.000
202607121412,   0.917,9999.000,9999.000,9999.000,9999.000,9999.000,9999.000,9999.000,9999.000
202607121418,   0.903,9999.000,9999.000,9999.000,9999.000,9999.000,9999.000,9999.000,9999.000
202607121424,   0.888,9999.000,9999.000,9999.000,9999.000,9999.000,9999.000,9999.000,9999.000
202607121430,   0.872,9999.000,9999.000,9999.000,9999.000,9999.000,9999.000,9999.000,9999.000
202607121436,   0.855,9999.000,9999.000,9999.000,9999.000,9999.000,9999.000,9999.000,9999.000
202607121442,   0.836,9999.000,9999.000,9999.000,9999.000,9999.000,9999.000,9999.000,9999.000
202607121448,   0.816,9999.000,9999.000,9999.000,9999.000,9999.000,9999.000,9999.000,9999.000
202607121454,   0.796,9999.000,9999.000,9999.000,9999.000,9999.000,9999.000,9999.000,9999.000
202607121500,   0.774,9999.000,   0.600,  -0.059,   1.315,   0.500,   1.215,   0.700,   1.415
202607121506,   0.752,9999.000,9999.000,9999.000,9999.000,9999.000,9999.000,9999.000,9999.000
202607121512,   0.730,9999.000,9999.000,9999.000,9999.000,9999.000,9999.000,9999.000,9999.000
202607121518,   0.707,9999.000,9999.000,9999.000,9999.000,9999.000,9999.000,9999.000,9999.000
202607121524,   0.684,9999.000,9999.000,9999.000,9999.000,9999.000,9999.000,9999.000,9999.000
202607121530,   0.660,9999.000,9999.000,9999.000,9999.000,9999.000,9999.000,9999.000,9999.000
202607121536,   0.637,9999.000,9999.000,9999.000,9999.000,9999.000,9999.000,9999.000,9999.000
202607121542,   0.613,9999.000,9999.000,9999.000,9999.000,9999.000,9999.000,9999.000,9999.000
202607121548,   0.589,9999.000,9999.000,9999.000,9999.000,9999.000,9999.000,9999.000,9999.000
202607121554,   0.566,9999.000,9999.000,9999.000,9999.000,9999.000,9999.000,9999.000,9999.000
202607121600,   0.543,9999.000,   0.600,  -0.059,   1.084,   0.500,   0.984,   0.700,   1.184
202607121606,   0.519,9999.000,9999.000,9999.000,9999.000,9999.000,9999.000,9999.000,9999.000
202607121612,   0.496,9999.000,9999.000,9999.000,9999.000,9999.000,9999.000,9999.000,9999.000
202607121618,   0.474,9999.000,9999.000,9999.000,9999.000,9999.000,9999.000,9999.000,9999.000
202607121624,   0.451,9999.000,9999.000,9999.000,9999.000,9999.000,9999.000,9999.000,9999.000
202607121630,   0.429,9999.000,9999.000,9999.000,9999.000,9999.000,9999.000,9999.000,9999.000
202607121636,   0.408,9999.000,9999.000,9999.000,9999.000,9999.000,9999.000,9999.000,9999.000
202607121642,   0.386,9999.000,9999.000,9999.000,9999.000,9999.000,9999.000,9999.000,9999.000
202607121648,   0.366,9999.000,9999.000,9999.000,9999.000,9999.000,9999.000,9999.000,9999.000
202607121654,   0.345,9999.000,9999.000,9999.000,9999.000,9999.000,9999.000,9999.000,9999.000
202607121700,   0.325,9999.000,   0.600,  -0.059,   0.866,   0.500,   0.766,   0.700,   0.966
202607121706,   0.306,9999.000,9999.000,9999.000,9999.000,9999.000,9999.000,9999.000,9999.000
202607121712,   0.287,9999.000,9999.000,9999.000,9999.000,9999.000,9999.000,9999.000,9999.000
202607121718,   0.268,9999.000,9999.000,9999.000,9999.000,9999.000,9999.000,9999.000,9999.000
202607121724,   0.250,9999.000,9999.000,9999.000,9999.000,9999.000,9999.000,9999.000,9999.000
202607121730,   0.233,9999.000,9999.000,9999.000,9999.000,9999.000,9999.000,9999.000,9999.000
202607121736,   0.216,9999.000,9999.000,9999.000,9999.000,9999.000,9999.000,9999.000,9999.000
202607121742,   0.199,9999.000,9999.000,9999.000,9999.000,9999.000,9999.000,9999.000,9999.000
202607121748,   0.183,9999.000,9999.000,9999.000,9999.000,9999.000,9999.000,9999.000,9999.000
202607121754,   0.168,9999.000,9999.000,9999.000,9999.000,9999.000,9999.000,9999.000,9999.000
202607121800,   0.153,9999.000,   0.600,  -0.059,   0.694,   0.500,   0.594,   0.700,   0.794
202607121806,   0.139,9999.000,9999.000,9999.000,9999.000,9999.000,9999.000,9999.000,9999.000
202607121812,   0.125,9999.000,9999.000,9999.000,9999.000,9999.000,9999.000,9999.000,9999.000
202607121818,   0.112,9999.000,9999.000,9999.000,9999.000,9999.000,9999.000,9999.000,9999.000
202607121824,   0.100,9999.000,9999.000,9999.000,9999.000,9999.000,9999.000,9999.000,9999.000
202607121830,   0.088,9999.000,9999.000,9999.000,9999.000,9999.000,9999.000,9999.000,9999.000
202607121836,   0.077,9999.000,9999.000,9999.000,9999.000,9999.000,9999.000,9999.000,9999.000
202607121842,   0.066,9999.000,9999.000,9999.000,9999.000,9999.000,9999.000,9999.000,9999.000
202607121848,   0.057,9999.000,9999.000,9999.000,9999.000,9999.000,9999.000,9999.000,9999.000
202607121854,   0.048,9999.000,9999.000,9999.000,9999.000,9999.000,9999.000,9999.000,9999.000
202607121900,   0.040,9999.000,   0.600,  -0.059,   0.581,   0.500,   0.481,   0.700,   0.681
202607121906,   0.033,9999.000,9999.000,9999.000,9999.000,9999.000,9999.000,9999.000,9999.000
202607121912,   0.027,9999.000,9999.000,9999.000,9999.000,9999.000,9999.000,9999.000,9999.000
202607121918,   0.022,9999.000,9999.000,9999.000,9999.000,9999.000,9999.000,9999.000,9999.000
202607121924,   0.018,9999.000,9999.000,9999.000,9999.000,9999.000,9999.000,9999.000,9999.000
202607121930,   0.016,9999.000,9999.000,9999.000,9999.000,9999.000,9999.000,9999.000,9999.000
202607121936,   0.014,9999.000,9999.000,9999.000,9999.000,9999.000,9999.000,9999.000,9999.000
202607121942,   0.014,9999.000,9999.000,9999.000,9999.000,9999.000,9999.000,9999.000,9999.000
202607121948,   0.015,9999.000,9999.000,9999.000,9999.000,9999.000,9999.000,9999.000,9999.000
202607121954,   0.017,9999.000,9999.000,9999.000,9999.000,9999.000,9999.000,9999.000,9999.000
202607122000,   0.021,9999.000,   0.600,  -0.059,   0.562,   0.500,   0.462,   0.700,   0.662
202607122006,   0.027,9999.000,9999.000,9999.000,9999.000,9999.000,9999.000,9999.000,9999.000
202607122012,   0.034,9999.000,9999.000,9999.000,9999.000,9999.000,9999.000,9999.000,9999.000
202607122018,   0.043,9999.000,9999.000,9999.000,9999.000,9999.000,9999.000,9999.000,9999.000
202607122024,   0.053,9999.000,9999.000,9999.000,9999.000,9999.000,9999.000,9999.000,9999.000
202607122030,   0.065,9999.000,9999.000,9999.000,9999.000,9999.000,9999.000,9999.000,9999.000
202607122036,   0.078,9999.000,9999.000,9999.000,9999.000,9999.000,9999.000,9999.000,9999.000
202607122042,   0.093,9999.000,9999.000,9999.000,9999.000,9999.000,9999.000,9999.000,9999.000
202607122048,   0.110,9999.000,9999.000,9999.000,9999.000,9999.000,9999.000,9999.000,9999.000
202607122054,   0.128,9999.000,9999.000,9999.000,9999.000,9999.000,9999.000,9999.000,9999.000
202607122100,   0.148,9999.000,   0.600,  -0.059,   0.689,   0.500,   0.589,   0.600,   0.689
202607122106,   0.169,9999.000,9999.000,9999.000,9999.000,9999.000,9999.000,9999.000,9999.000
202607122112,   0.192,9999.000,9999.000,9999.000,9999.000,9999.000,9999.000,9999.000,9999.000
202607122118,   0.216,9999.000,9999.000,9999.000,9999.000,9999.000,9999.000,9999.000,9999.000
202607122124,   0.241,9999.000,9999.000,9999.000,9999.000,9999.000,9999.000,9999.000,9999.000
202607122130,   0.268,9999.000,9999.000,9999.000,9999.000,9999.000,9999.000,9999.000,9999.000
202607122136,   0.295,9999.000,9999.000,9999.000,9999.000,9999.000,9999.000,9999.000,9999.000
202607122142,   0.323,9999.000,9999.000,9999.000,9999.000,9999.000,9999.000,9999.000,9999.000
202607122148,   0.353,9999.000,9999.000,9999.000,9999.000,9999.000,9999.000,9999.000,9999.000
202607122154,   0.383,9999.000,9999.000,9999.000,9999.000,9999.000,9999.000,9999.000,9999.000
202607122200,   0.414,9999.000,   0.600,  -0.059,   0.955,   0.500,   0.855,   0.700,   1.055
202607122206,   0.445,9999.000,9999.000,9999.000,9999.000,9999.000,9999.000,9999.000,9999.000
202607122212,   0.477,9999.000,9999.000,9999.000,9999.000,9999.000,9999.000,9999.000,9999.000
202607122218,   0.509,9999.000,9999.000,9999.000,9999.000,9999.000,9999.000,9999.000,9999.000
202607122224,   0.542,9999.000,9999.000,9999.000,9999.000,9999.000,9999.000,9999.000,9999.000
202607122230,   0.575,9999.000,9999.000,9999.000,9999.000,9999.000,9999.000,9999.000,9999.000
202607122236,   0.608,9999.000,9999.000,9999.000,9999.000,9999.000,9999.000,9999.000,9999.000
202607122242,   0.641,9999.000,9999.000,9999.000,9999.000,9999.000,9999.000,9999.000,9999.000
202607122248,   0.675,9999.000,9999.000,9999.000,9999.000,9999.000,9999.000,9999.000,9999.000
202607122254,   0.708,9999.000,9999.000,9999.000,9999.000,9999.000,9999.000,9999.000,9999.000
202607122300,   0.742,9999.000,   0.600,  -0.059,   1.283,   0.500,   1.183,   0.700,   1.383
202607122306,   0.776,9999.000,9999.000,9999.000,9999.000,9999.000,9999.000,9999.000,9999.000
202607122312,   0.809,9999.000,9999.000,9999.000,9999.000,9999.000,9999.000,9999.000,9999.000
202607122318,   0.843,9999.000,9999.000,9999.000,9999.000,9999.000,9999.000,9999.000,9999.000
202607122324,   0.876,9999.000,9999.000,9999.000,9999.000,9999.000,9999.000,9999.000,9999.000
202607122330,   0.909,9999.000,9999.000,9999.000,9999.000,9999.000,9999.000,9999.000,9999.000
202607122336,   0.942,9999.000,9999.000,9999.000,9999.000,9999.000,9999.000,9999.000,9999.000
202607122342,   0.975,9999.000,9999.000,9999.000,9999.000,9999.000,9999.000,9999.000,9999.000
202607122348,   1.008,9999.000,9999.000,9999.000,9999.000,9999.000,9999.000,9999.000,9999.000
202607122354,   1.040,9999.000,9999.000,9999.000,9999.000,9999.000,9999.000,9999.000,9999.000
202607130000,   1.072,9999.000,   0.600,  -0.059,   1.613,   0.500,   1.513,   0.700,   1.713
202607130006,   1.104,9999.000,9999.000,9999.000,9999.000,9999.000,9999.000,9999.000,9999.000
202607130012,   1.135,9999.000,9999.000,9999.000,9999.000,9999.000,9999.000,9999.000,9999.000
202607130018,   1.166,9999.000,9999.000,9999.000,9999.000,9999.000,9999.000,9999.000,9999.000
202607130024,   1.196,9999.000,9999.000,9999.000,9999.000,9999.000,9999.000,9999.000,9999.000
202607130030,   1.225,9999.000,9999.000,9999.000,9999.000,9999.000,9999.000,9999.000,9999.000
202607130036,   1.253,9999.000,9999.000,9999.000,9999.000,9999.000,9999.000,9999.000,9999.000
202607130042,   1.280,9999.000,9999.000,9999.000,9999.000,9999.000,9999.000,9999.000,9999.000
202607130048,   1.306,9999.000,9999.000,9999.000,9999.000,9999.000,9999.000,9999.000,9999.000
202607130054,   1.331,9999.000,9999.000,9999.000,9999.000,9999.000,9999.000,9999.000,9999.000
202607130100,   1.354,9999.000,   0.600,  -0.059,   1.895,   0.500,   1.795,   0.600,   1.895
202607130106,   1.376,9999.000,9999.000,9999.000,9999.000,9999.000,9999.000,9999.000,9999.000
202607130112,   1.397,9999.000,9999.000,9999.000,9999.000,9999.000,9999.000,9999.000,9999.000
202607130118,   1.415,9999.000,9999.000,9999.000,9999.000,9999.000,9999.000,9999.000,9999.000
202607130124,   1.432,9999.000,9999.000,9999.000,9999.000,9999.000,9999.000,9999.000,9999.000
202607130130,   1.447,9999.000,9999.000,9999.000,9999.000,9999.000,9999.000,9999.000,9999.000
202607130136,   1.460,9999.000,9999.000,9999.000,9999.000,9999.000,9999.000,9999.000,9999.000
202607130142,   1.472,9999.000,9999.000,9999.000,9999.000,9999.000,9999.000,9999.000,9999.000
202607130148,   1.481,9999.000,9999.000,9999.000,9999.000,9999.000,9999.000,9999.000,9999.000
202607130154,   1.487,9999.000,9999.000,9999.000,9999.000,9999.000,9999.000,9999.000,9999.000
202607130200,   1.492,9999.000,   0.500,  -0.059,   1.933,   0.500,   1.933,   0.600,   2.033
202607130206,   1.495,9999.000,9999.000,9999.000,9999.000,9999.000,9999.000,9999.000,9999.000
202607130212,   1.496,9999.000,9999.000,9999.000,9999.000,9999.000,9999.000,9999.000,9999.000
202607130218,   1.494,9999.000,9999.000,9999.000,9999.000,9999.000,9999.000,9999.000,9999.000
202607130224,   1.491,9999.000,9999.000,9999.000,9999.000,9999.000,9999.000,9999.000,9999.000
202607130230,   1.485,9999.000,9999.000,9999.000,9999.000,9999.000,9999.000,9999.000,9999.000
202607130236,   1.478,9999.000,9999.000,9999.000,9999.000,9999.000,9999.000,9999.000,9999.000
202607130242,   1.469,9999.000,9999.000,9999.000,9999.000,9999.000,9999.000,9999.000,9999.000
202607130248,   1.458,9999.000,9999.000,9999.000,9999.000,9999.000,9999.000,9999.000,9999.000
202607130254,   1.446,9999.000,9999.000,9999.000,9999.000,9999.000,9999.000,9999.000,9999.000
202607130300,   1.432,9999.000,   0.500,  -0.059,   1.873,   0.400,   1.773,   0.600,   1.973
202607130306,   1.417,9999.000,9999.000,9999.000,9999.000,9999.000,9999.000,9999.000,9999.000
202607130312,   1.400,9999.000,9999.000,9999.000,9999.000,9999.000,9999.000,9999.000,9999.000
202607130318,   1.383,9999.000,9999.000,9999.000,9999.000,9999.000,9999.000,9999.000,9999.000
202607130324,   1.364,9999.000,9999.000,9999.000,9999.000,9999.000,9999.000,9999.000,9999.000
202607130330,   1.345,9999.000,9999.000,9999.000,9999.000,9999.000,9999.000,9999.000,9999.000
202607130336,   1.325,9999.000,9999.000,9999.000,9999.000,9999.000,9999.000,9999.000,9999.000
202607130342,   1.304,9999.000,9999.000,9999.000,9999.000,9999.000,9999.000,9999.000,9999.000
202607130348,   1.282,9999.000,9999.000,9999.000,9999.000,9999.000,9999.000,9999.000,9999.000
202607130354,   1.260,9999.000,9999.000,9999.000,9999.000,9999.000,9999.000,9999.000,9999.000
202607130400,   1.237,9999.000,   0.500,  -0.059,   1.678,   0.400,   1.578,   0.600,   1.778
202607130406,   1.214,9999.000,9999.000,9999.000,9999.000,9999.000,9999.000,9999.000,9999.000
202607130412,   1.191,9999.000,9999.000,9999.000,9999.000,9999.000,9999.000,9999.000,9999.000
202607130418,   1.168,9999.000,9999.000,9999.000,9999.000,9999.000,9999.000,9999.000,9999.000
202607130424,   1.144,9999.000,9999.000,9999.000,9999.000,9999.000,9999.000,9999.000,9999.000
202607130430,   1.120,9999.000,9999.000,9999.000,9999.000,9999.000,9999.000,9999.000,9999.000
202607130436,   1.096,9999.000,9999.000,9999.000,9999.000,9999.000,9999.000,9999.000,9999.000
202607130442,   1.072,9999.000,9999.000,9999.000,9999.000,9999.000,9999.000,9999.000,9999.000
202607130448,   1.048,9999.000,9999.000,9999.000,9999.000,9999.000,9999.000,9999.000,9999.000
202607130454,   1.024,9999.000,9999.000,9999.000,9999.000,9999.000,9999.000,9999.000,9999.000
202607130500,   1.000,9999.000,   0.500,  -0.059,   1.441,   0.400,   1.341,   0.600,   1.541
202607130506,   0.976,9999.000,9999.000,9999.000,9999.000,9999.000,9999.000,9999.000,9999.000
202607130512,   0.952,9999.000,9999.000,9999.000,9999.000,9999.000,9999.000,9999.000,9999.000
202607130518,   0.928,9999.000,9999.000,9999.000,9999.000,9999.000,9999.000,9999.000,9999.000
202607130524,   0.904,9999.000,9999.000,9999.000,9999.000,9999.000,9999.000,9999.000,9999.000
202607130530,   0.879,9999.000,9999.000,9999.000,9999.000,9999.000,9999.000,9999.000,9999.000
202607130536,   0.855,9999.000,9999.000,9999.000,9999.000,9999.000,9999.000,9999.000,9999.000
202607130542,   0.831,9999.000,9999.000,9999.000,9999.000,9999.000,9999.000,9999.000,9999.000
202607130548,   0.807,9999.000,9999.000,9999.000,9999.000,9999.000,9999.000,9999.000,9999.000
202607130554,   0.782,9999.000,9999.000,9999.000,9999.000,9999.000,9999.000,9999.000,9999.000
202607130600,   0.758,9999.000,   0.500,  -0.059,   1.199,   0.400,   1.099,   0.500,   1.199
202607130606,   0.734,9999.000,9999.000,9999.000,9999.000,9999.000,9999.000,9999.000,9999.000
202607130612,   0.710,9999.000,9999.000,9999.000,9999.000,9999.000,9999.000,9999.000,9999.000
202607130618,   0.685,9999.000,9999.000,9999.000,9999.000,9999.000,9999.000,9999.000,9999.000
202607130624,   0.661,9999.000,9999.000,9999.000,9999.000,9999.000,9999.000,9999.000,9999.000
202607130630,   0.637,9999.000,9999.000,9999.000,9999.000,9999.000,9999.000,9999.000,9999.000
202607130636,   0.613,9999.000,9999.000,9999.000,9999.000,9999.000,9999.000,9999.000,9999.000
202607130642,   0.589,9999.000,9999.000,9999.000,9999.000,9999.000,9999.000,9999.000,9999.000
202607130648,   0.565,9999.000,9999.000,9999.000,9999.000,9999.000,9999.000,9999.000,9999.000
202607130654,   0.541,9999.000,9999.000,9999.000,9999.000,9999.000,9999.000,9999.000,9999.000
202607130700,   0.518,9999.000,   0.500,  -0.059,   0.959,   0.400,   0.859,   0.500,   0.959
202607130706,   0.494,9999.000,9999.000,9999.000,9999.000,9999.000,9999.000,9999.000,9999.000
202607130712,   0.471,9999.000,9999.000,9999.000,9999.000,9999.000,9999.000,9999.000,9999.000
202607130718,   0.448,9999.000,9999.000,9999.000,9999.000,9999.000,9999.000,9999.000,9999.000
202607130724,   0.426,9999.000,9999.000,9999.000,9999.000,9999.000,9999.000,9999.000,9999.000
202607130730,   0.404,9999.000,9999.000,9999.000,9999.000,9999.000,9999.000,9999.000,9999.000
202607130736,   0.382,9999.000,9999.000,9999.000,9999.000,9999.000,9999.000,9999.000,9999.000
202607130742,   0.362,9999.000,9999.000,9999.000,9999.000,9999.000,9999.000,9999.000,9999.000
202607130748,   0.341,9999.000,9999.000,9999.000,9999.000,9999.000,9999.000,9999.000,9999.000
202607130754,   0.322,9999.000,9999.000,9999.000,9999.000,9999.000,9999.000,9999.000,9999.000
202607130800,   0.304,9999.000,   0.500,  -0.059,   0.745,   0.400,   0.645,   0.500,   0.745
202607130806,   0.286,9999.000,9999.000,9999.000,9999.000,9999.000,9999.000,9999.000,9999.000
202607130812,   0.270,9999.000,9999.000,9999.000,9999.000,9999.000,9999.000,9999.000,9999.000
202607130818,   0.254,9999.000,9999.000,9999.000,9999.000,9999.000,9999.000,9999.000,9999.000
202607130824,   0.240,9999.000,9999.000,9999.000,9999.000,9999.000,9999.000,9999.000,9999.000
202607130830,   0.228,9999.000,9999.000,9999.000,9999.000,9999.000,9999.000,9999.000,9999.000
202607130836,   0.216,9999.000,9999.000,9999.000,9999.000,9999.000,9999.000,9999.000,9999.000
202607130842,   0.206,9999.000,9999.000,9999.000,9999.000,9999.000,9999.000,9999.000,9999.000
202607130848,   0.198,9999.000,9999.000,9999.000,9999.000,9999.000,9999.000,9999.000,9999.000
202607130854,   0.191,9999.000,9999.000,9999.000,9999.000,9999.000,9999.000,9999.000,9999.000
202607130900,   0.185,9999.000,   0.400,  -0.059,   0.526,   0.400,   0.526,   0.500,   0.626
202607130906,   0.182,9999.000,9999.000,9999.000,9999.000,9999.000,9999.000,9999.000,9999.000
202607130912,   0.179,9999.000,9999.000,9999.000,9999.000,9999.000,9999.000,9999.000,9999.000
202607130918,   0.179,9999.000,9999.000,9999.000,9999.000,9999.000,9999.000,9999.000,9999.000
202607130924,   0.180,9999.000,9999.000,9999.000,9999.000,9999.000,9999.000,9999.000,9999.000
202607130930,   0.182,9999.000,9999.000,9999.000,9999.000,9999.000,9999.000,9999.000,9999.000
202607130936,   0.187,9999.000,9999.000,9999.000,9999.000,9999.000,9999.000,9999.000,9999.000
202607130942,   0.192,9999.000,9999.000,9999.000,9999.000,9999.000,9999.000,9999.000,9999.000
202607130948,   0.199,9999.000,9999.000,9999.000,9999.000,9999.000,9999.000,9999.000,9999.000
202607130954,   0.208,9999.000,9999.000,9999.000,9999.000,9999.000,9999.000,9999.000,9999.000
202607131000,   0.218,9999.000,   0.400,  -0.059,   0.559,   0.300,   0.459,   0.500,   0.659
202607131006,   0.229,9999.000,9999.000,9999.000,9999.000,9999.000,9999.000,9999.000,9999.000
202607131012,   0.241,9999.000,9999.000,9999.000,9999.000,9999.000,9999.000,9999.000,9999.000
202607131018,   0.255,9999.000,9999.000,9999.000,9999.000,9999.000,9999.000,9999.000,9999.000
202607131024,   0.269,9999.000,9999.000,9999.000,9999.000,9999.000,9999.000,9999.000,9999.000
202607131030,   0.285,9999.000,9999.000,9999.000,9999.000,9999.000,9999.000,9999.000,9999.000
202607131036,   0.301,9999.000,9999.000,9999.000,9999.000,9999.000,9999.000,9999.000,9999.000
202607131042,   0.318,9999.000,9999.000,9999.000,9999.000,9999.000,9999.000,9999.000,9999.000
202607131048,   0.336,9999.000,9999.000,9999.000,9999.000,9999.000,9999.000,9999.000,9999.000
202607131054,   0.355,9999.000,9999.000,9999.000,9999.000,9999.000,9999.000,9999.000,9999.000
202607131100,   0.374,9999.000,   0.400,  -0.059,   0.715,   0.300,   0.615,   0.500,   0.815
202607131106,   0.394,9999.000,9999.000,9999.000,9999.000,9999.000,9999.000,9999.000,9999.000
202607131112,   0.414,9999.000,9999.000,9999.000,9999.000,9999.000,9999.000,9999.000,9999.000
202607131118,   0.435,9999.000,9999.000,9999.000,9999.000,9999.000,9999.000,9999.000,9999.000
202607131124,   0.456,9999.000,9999.000,9999.000,9999.000,9999.000,9999.000,9999.000,9999.000
202607131130,   0.478,9999.000,9999.000,9999.000,9999.000,9999.000,9999.000,9999.000,9999.000
202607131136,   0.500,9999.000,9999.000,9999.000,9999.000,9999.000,9999.000,9999.000,9999.000
202607131142,   0.522,9999.000,9999.000,9999.000,9999.000,9999.000,9999.000,9999.000,9999.000
202607131148,   0.545,9999.000,9999.000,9999.000,9999.000,9999.000,9999.000,9999.000,9999.000
202607131154,   0.568,9999.000,9999.000,9999.000,9999.000,9999.000,9999.000,9999.000,9999.000
202607131200,   0.591,9999.000,   0.400,  -0.059,   0.932,   0.300,   0.832,   0.400,   0.932
202607131206,   0.615,9999.000,9999.000,9999.000,9999.000,9999.000,9999.000,9999.000,9999.000
202607131212,   0.639,9999.000,9999.000,9999.000,9999.000,9999.000,9999.000,9999.000,9999.000
202607131218,   0.662,9999.000,9999.000,9999.000,9999.000,9999.000,9999.000,9999.000,9999.000
202607131224,   0.686,9999.000,9999.000,9999.000,9999.000,9999.000,9999.000,9999.000,9999.000
202607131230,   0.710,9999.000,9999.000,9999.000,9999.000,9999.000,9999.000,9999.000,9999.000
202607131236,   0.733,9999.000,9999.000,9999.000,9999.000,9999.000,9999.000,9999.000,9999.000
202607131242,   0.757,9999.000,9999.000,9999.000,9999.000,9999.000,9999.000,9999.000,9999.000
202607131248,   0.780,9999.000,9999.000,9999.000,9999.000,9999.000,9999.000,9999.000,9999.000
202607131254,   0.802,9999.000,9999.000,9999.000,9999.000,9999.000,9999.000,9999.000,9999.000
202607131300,   0.824,9999.000,   0.400,  -0.059,   1.165,   0.300,   1.065,   0.400,   1.165
202607131306,   0.845,9999.000,9999.000,9999.000,9999.000,9999.000,9999.000,9999.000,9999.000
202607131312,   0.866,9999.000,9999.000,9999.000,9999.000,9999.000,9999.000,9999.000,9999.000
202607131318,   0.885,9999.000,9999.000,9999.000,9999.000,9999.000,9999.000,9999.000,9999.000
202607131324,   0.903,9999.000,9999.000,9999.000,9999.000,9999.000,9999.000,9999.000,9999.000
202607131330,   0.920,9999.000,9999.000,9999.000,9999.000,9999.000,9999.000,9999.000,9999.000
202607131336,   0.936,9999.000,9999.000,9999.000,9999.000,9999.000,9999.000,9999.000,9999.000
202607131342,   0.950,9999.000,9999.000,9999.000,9999.000,9999.000,9999.000,9999.000,9999.000
202607131348,   0.963,9999.000,9999.000,9999.000,9999.000,9999.000,9999.000,9999.000,9999.000
202607131354,   0.973,9999.000,9999.000,9999.000,9999.000,9999.000,9999.000,9999.000,9999.000
202607131400,   0.982,9999.000,   0.400,  -0.059,   1.323,   0.300,   1.223,   0.400,   1.323
202607131406,   0.990,9999.000,9999.000,9999.000,9999.000,9999.000,9999.000,9999.000,9999.000
202607131412,   0.995,9999.000,9999.000,9999.000,9999.000,9999.000,9999.000,9999.000,9999.000
202607131418,   0.998,9999.000,9999.000,9999.000,9999.000,9999.000,9999.000,9999.000,9999.000
202607131424,   1.000,9999.000,9999.000,9999.000,9999.000,9999.000,9999.000,9999.000,9999.000
202607131430,   0.999,9999.000,9999.000,9999.000,9999.000,9999.000,9999.000,9999.000,9999.000
202607131436,   0.996,9999.000,9999.000,9999.000,9999.000,9999.000,9999.000,9999.000,9999.000
202607131442,   0.992,9999.000,9999.000,9999.000,9999.000,9999.000,9999.000,9999.000,9999.000
202607131448,   0.985,9999.000,9999.000,9999.000,9999.000,9999.000,9999.000,9999.000,9999.000
202607131454,   0.977,9999.000,9999.000,9999.000,9999.000,9999.000,9999.000,9999.000,9999.000
202607131500,   0.967,9999.000,   0.400,  -0.059,   1.308,   0.300,   1.208,   0.400,   1.308
202607131506,   0.955,9999.000,9999.000,9999.000,9999.000,9999.000,9999.000,9999.000,9999.000
202607131512,   0.941,9999.000,9999.000,9999.000,9999.000,9999.000,9999.000,9999.000,9999.000
202607131518,   0.926,9999.000,9999.000,9999.000,9999.000,9999.000,9999.000,9999.000,9999.000
202607131524,   0.910,9999.000,9999.000,9999.000,9999.000,9999.000,9999.000,9999.000,9999.000
202607131530,   0.893,9999.000,9999.000,9999.000,9999.000,9999.000,9999.000,9999.000,9999.000
202607131536,   0.874,9999.000,9999.000,9999.000,9999.000,9999.000,9999.000,9999.000,9999.000
202607131542,   0.854,9999.000,9999.000,9999.000,9999.000,9999.000,9999.000,9999.000,9999.000
202607131548,   0.833,9999.000,9999.000,9999.000,9999.000,9999.000,9999.000,9999.000,9999.000
202607131554,   0.812,9999.000,9999.000,9999.000,9999.000,9999.000,9999.000,9999.000,9999.000
202607131600,   0.790,9999.000,   0.400,  -0.059,   1.131,   0.300,   1.031,   0.400,   1.131
202607131606,   0.767,9999.000,9999.000,9999.000,9999.000,9999.000,9999.000,9999.000,9999.000
202607131612,   0.744,9999.000,9999.000,9999.000,9999.000,9999.000,9999.000,9999.000,9999.000
202607131618,   0.721,9999.000,9999.000,9999.000,9999.000,9999.000,9999.000,9999.000,9999.000
202607131624,   0.697,9999.000,9999.000,9999.000,9999.000,9999.000,9999.000,9999.000,9999.000
202607131630,   0.674,9999.000,9999.000,9999.000,9999.000,9999.000,9999.000,9999.000,9999.000
202607131636,   0.650,9999.000,9999.000,9999.000,9999.000,9999.000,9999.000,9999.000,9999.000
202607131642,   0.626,9999.000,9999.000,9999.000,9999.000,9999.000,9999.000,9999.000,9999.000
202607131648,   0.602,9999.000,9999.000,9999.000,9999.000,9999.000,9999.000,9999.000,9999.000
202607131654,   0.579,9999.000,9999.000,9999.000,9999.000,9999.000,9999.000,9999.000,9999.000
202607131700,   0.555,9999.000,   0.400,  -0.059,   0.896,   0.300,   0.796,   0.400,   0.896
202607131706,   0.532,9999.000,9999.000,9999.000,9999.000,9999.000,9999.000,9999.000,9999.000
202607131712,   0.509,9999.000,9999.000,9999.000,9999.000,9999.000,9999.000,9999.000,9999.000
202607131718,   0.486,9999.000,9999.000,9999.000,9999.000,9999.000,9999.000,9999.000,9999.000
202607131724,   0.464,9999.000,9999.000,9999.000,9999.000,9999.000,9999.000,9999.000,9999.000
202607131730,   0.441,9999.000,9999.000,9999.000,9999.000,9999.000,9999.000,9999.000,9999.000
202607131736,   0.420,9999.000,9999.000,9999.000,9999.000,9999.000,9999.000,9999.000,9999.000
202607131742,   0.398,9999.000,9999.000,9999.000,9999.000,9999.000,9999.000,9999.000,9999.000
202607131748,   0.377,9999.000,9999.000,9999.000,9999.000,9999.000,9999.000,9999.000,9999.000
202607131754,   0.356,9999.000,9999.000,9999.000,9999.000,9999.000,9999.000,9999.000,9999.000
202607131800,   0.336,9999.000,   0.400,  -0.059,   0.677,   0.300,   0.577,   0.400,   0.677
