        TIME,    TIDE,      OB,   SURGE,    BIAS,     TWL,SURGE90p,  TWL90p,SURGE10p,   TWL10p
202604051200,   0.467,  -1.361,  -0.200,  -1.628,  -1.361,  -0.300,  -1.461,  -0.200,  -1.361
202604051206,   0.500,  -1.318,9999.000,9999.000,9999.000,9999.000,9999.000,9999.000,9999.000
202604051212,   0.534,  -1.279,9999.000,9999.000,9999.000,9999.000,9999.000,9999.000,9999.000
202604051218,   0.569,  -1.239,9999.000,9999.000,9999.000,9999.000,9999.000,9999.000,9999.000
202604051224,   0.606,  -1.200,9999.000,9999.000,9999.000,9999.000,9999.000,9999.000,9999.000
202604051230,   0.644,  -1.161,9999.000,9999.000,9999.000,9999.000,9999.000,9999.000,9999.000
202604051236,   0.683,  -1.108,9999.000,9999.000,9999.000,9999.000,9999.000,9999.000,9999.000
202604051242,   0.724,  -1.059,9999.000,9999.000,9999.000,9999.000,9999.000,9999.000,9999.000
202604051248,   0.765,  -1.029,9999.000,9999.000,9999.000,9999.000,9999.000,9999.000,9999.000
202604051254,   0.807,  -0.980,9999.000,9999.000,9999.000,9999.000,9999.000,9999.000,9999.000
202604051300,   0.850,  -0.941,  -0.200,  -1.591,  -0.941,  -0.300,  -1.041,  -0.200,  -0.941
202604051306,   0.894,  -0.898,9999.000,9999.000,9999.000,9999.000,9999.000,9999.000,9999.000
202604051312,   0.938,  -0.849,9999.000,9999.000,9999.000,9999.000,9999.000,9999.000,9999.000
202604051318,   0.983,  -0.819,9999.000,9999.000,9999.000,9999.000,9999.000,9999.000,9999.000
202604051324,   1.029,  -0.790,9999.000,9999.000,9999.000,9999.000,9999.000,9999.000,9999.000
202604051330,   1.074,  -0.741,9999.000,9999.000,9999.000,9999.000,9999.000,9999.000,9999.000
202604051336,   1.120,  -0.698,9999.000,9999.000,9999.000,9999.000,9999.000,9999.000,9999.000
202604051342,   1.166,  -0.659,9999.000,9999.000,9999.000,9999.000,9999.000,9999.000,9999.000
202604051348,   1.212,  -0.610,9999.000,9999.000,9999.000,9999.000,9999.000,9999.000,9999.000
202604051354,   1.258,  -0.560,9999.000,9999.000,9999.000,9999.000,9999.000,9999.000,9999.000
202604051400,   1.303,  -0.508,  -0.200,  -1.611,  -0.508,  -0.300,  -0.608,  -0.200,  -0.508
202604051406,   1.347,  -0.469,9999.000,9999.000,9999.000,9999.000,9999.000,9999.000,9999.000
202604051412,   1.391,  -0.429,9999.000,9999.000,9999.000,9999.000,9999.000,9999.000,9999.000
202604051418,   1.433,  -0.380,9999.000,9999.000,9999.000,9999.000,9999.000,9999.000,9999.000
202604051424,   1.474,  -0.341,9999.000,9999.000,9999.000,9999.000,9999.000,9999.000,9999.000
202604051430,   1.514,  -0.298,9999.000,9999.000,9999.000,9999.000,9999.000,9999.000,9999.000
202604051436,   1.551,  -0.259,9999.000,9999.000,9999.000,9999.000,9999.000,9999.000,9999.000
202604051442,   1.586,  -0.209,9999.000,9999.000,9999.000,9999.000,9999.000,9999.000,9999.000
202604051448,   1.619,  -0.160,9999.000,9999.000,9999.000,9999.000,9999.000,9999.000,9999.000
202604051454,   1.649,  -0.121,9999.000,9999.000,9999.000,9999.000,9999.000,9999.000,9999.000
202604051500,   1.676,  -0.078,  -0.300,  -1.454,  -0.078,  -0.300,  -0.078,  -0.200,   0.022
202604051506,   1.700,  -0.039,9999.000,9999.000,9999.000,9999.000,9999.000,9999.000,9999.000
202604051512,   1.721,   0.009,9999.000,9999.000,9999.000,9999.000,9999.000,9999.000,9999.000
202604051518,   1.738,   0.039,9999.000,9999.000,9999.000,9999.000,9999.000,9999.000,9999.000
202604051524,   1.751,   0.068,9999.000,9999.000,9999.000,9999.000,9999.000,9999.000,9999.000
202604051530,   1.760,   0.111,9999.000,9999.000,9999.000,9999.000,9999.000,9999.000,9999.000
202604051536,   1.766,   0.160,9999.000,9999.000,9999.000,9999.000,9999.000,9999.000,9999.000
202604051542,   1.768,   0.190,9999.000,9999.000,9999.000,9999.000,9999.000,9999.000,9999.000
202604051548,   1.766,   0.219,9999.000,9999.000,9999.000,9999.000,9999.000,9999.000,9999.000
202604051554,   1.761,   0.239,9999.000,9999.000,9999.000,9999.000,9999.000,9999.000,9999.000
202604051600,   1.751,   0.239,  -0.300,  -1.212,   0.239,  -0.400,   0.139,  -0.200,   0.339
202604051606,   1.739,   0.259,9999.000,9999.000,9999.000,9999.000,9999.000,9999.000,9999.000
202604051612,   1.722,   0.288,9999.000,9999.000,9999.000,9999.000,9999.000,9999.000,9999.000
202604051618,   1.703,   0.298,9999.000,9999.000,9999.000,9999.000,9999.000,9999.000,9999.000
202604051624,   1.681,   0.321,9999.000,9999.000,9999.000,9999.000,9999.000,9999.000,9999.000
202604051630,   1.657,   0.341,9999.000,9999.000,9999.000,9999.000,9999.000,9999.000,9999.000
202604051636,   1.630,   0.341,9999.000,9999.000,9999.000,9999.000,9999.000,9999.000,9999.000
202604051642,   1.602,   0.341,9999.000,9999.000,9999.000,9999.000,9999.000,9999.000,9999.000
202604051648,   1.571,   0.331,9999.000,9999.000,9999.000,9999.000,9999.000,9999.000,9999.000
202604051654,   1.539,   0.321,9999.000,9999.000,9999.000,9999.000,9999.000,9999.000,9999.000
202604051700,   1.507,   0.308,  -0.300,  -0.899,   0.308,  -0.400,   0.208,  -0.200,   0.408
202604051706,   1.473,   0.268,9999.000,9999.000,9999.000,9999.000,9999.000,9999.000,9999.000
202604051712,   1.439,   0.249,9999.000,9999.000,9999.000,9999.000,9999.000,9999.000,9999.000
202604051718,   1.404,   0.229,9999.000,9999.000,9999.000,9999.000,9999.000,9999.000,9999.000
202604051724,   1.370,   0.219,9999.000,9999.000,9999.000,9999.000,9999.000,9999.000,9999.000
202604051730,   1.335,   0.190,9999.000,9999.000,9999.000,9999.000,9999.000,9999.000,9999.000
202604051736,   1.301,   0.150,9999.000,9999.000,9999.000,9999.000,9999.000,9999.000,9999.000
202604051742,   1.267,   0.111,9999.000,9999.000,9999.000,9999.000,9999.000,9999.000,9999.000
202604051748,   1.233,   0.088,9999.000,9999.000,9999.000,9999.000,9999.000,9999.000,9999.000
202604051754,   1.200,   0.059,9999.000,9999.000,9999.000,9999.000,9999.000,9999.000,9999.000
202604051800,   1.168,   0.019,  -0.200,  -0.949,   0.019,  -0.300,  -0.081,  -0.100,   0.119
202604051806,   1.136,  -0.009,9999.000,9999.000,9999.000,9999.000,9999.000,9999.000,9999.000
202604051812,   1.104,  -0.049,9999.000,9999.000,9999.000,9999.000,9999.000,9999.000,9999.000
202604051818,   1.073,  -0.098,9999.000,9999.000,9999.000,9999.000,9999.000,9999.000,9999.000
202604051824,   1.042,  -0.141,9999.000,9999.000,9999.000,9999.000,9999.000,9999.000,9999.000
202604051830,   1.011,  -0.180,9999.000,9999.000,9999.000,9999.000,9999.000,9999.000,9999.000
202604051836,   0.981,  -0.209,9999.000,9999.000,9999.000,9999.000,9999.000,9999.000,9999.000
202604051842,   0.951,  -0.239,9999.000,9999.000,9999.000,9999.000,9999.000,9999.000,9999.000
202604051848,   0.921,  -0.288,9999.000,9999.000,9999.000,9999.000,9999.000,9999.000,9999.000
202604051854,   0.891,  -0.298,9999.000,9999.000,9999.000,9999.000,9999.000,9999.000,9999.000
202604051900,   0.860,  -0.331,  -0.200,  -0.991,  -0.331,  -0.300,  -0.431,  -0.100,  -0.231
202604051906,   0.830,  -0.360,9999.000,9999.000,9999.000,9999.000,9999.000,9999.000,9999.000
202604051912,   0.800,  -0.370,9999.000,9999.000,9999.000,9999.000,9999.000,9999.000,9999.000
202604051918,   0.769,  -0.380,9999.000,9999.000,9999.000,9999.000,9999.000,9999.000,9999.000
202604051924,   0.738,  -0.390,9999.000,9999.000,9999.000,9999.000,9999.000,9999.000,9999.000
202604051930,   0.707,  -0.380,9999.000,9999.000,9999.000,9999.000,9999.000,9999.000,9999.000
202604051936,   0.676,  -0.409,9999.000,9999.000,9999.000,9999.000,9999.000,9999.000,9999.000
202604051942,   0.645,  -0.449,9999.000,9999.000,9999.000,9999.000,9999.000,9999.000,9999.000
202604051948,   0.614,  -0.419,9999.000,9999.000,9999.000,9999.000,9999.000,9999.000,9999.000
202604051954,   0.584,  -0.400,9999.000,9999.000,9999.000,9999.000,9999.000,9999.000,9999.000
202604052000,   0.553,  -0.439,  -0.100,  -0.892,  -0.439,  -0.300,  -0.639,   0.000,  -0.339
202604052006,   0.523,  -0.498,9999.000,9999.000,9999.000,9999.000,9999.000,9999.000,9999.000
202604052012,   0.493,  -0.531,9999.000,9999.000,9999.000,9999.000,9999.000,9999.000,9999.000
202604052018,   0.463,  -0.580,9999.000,9999.000,9999.000,9999.000,9999.000,9999.000,9999.000
202604052024,   0.435,  -0.649,9999.000,9999.000,9999.000,9999.000,9999.000,9999.000,9999.000
202604052030,   0.407,  -0.708,9999.000,9999.000,9999.000,9999.000,9999.000,9999.000,9999.000
202604052036,   0.380,  -0.760,9999.000,9999.000,9999.000,9999.000,9999.000,9999.000,9999.000
202604052042,   0.353,  -0.800,9999.000,9999.000,9999.000,9999.000,9999.000,9999.000,9999.000
202604052048,   0.328,  -0.839,9999.000,9999.000,9999.000,9999.000,9999.000,9999.000,9999.000
202604052054,   0.304,  -0.879,9999.000,9999.000,9999.000,9999.000,9999.000,9999.000,9999.000
202604052100,   0.282,  -0.918,  -0.100,  -1.100,  -0.918,  -0.300,  -1.118,   0.000,  -0.818
202604052106,   0.260,  -0.951,9999.000,9999.000,9999.000,9999.000,9999.000,9999.000,9999.000
202604052112,   0.240,  -0.980,9999.000,9999.000,9999.000,9999.000,9999.000,9999.000,9999.000
202604052118,   0.222,  -1.000,9999.000,9999.000,9999.000,9999.000,9999.000,9999.000,9999.000
202604052124,   0.205,  -1.020,9999.000,9999.000,9999.000,9999.000,9999.000,9999.000,9999.000
202604052130,   0.190,  -1.029,9999.000,9999.000,9999.000,9999.000,9999.000,9999.000,9999.000
202604052136,   0.177,  -1.049,9999.000,9999.000,9999.000,9999.000,9999.000,9999.000,9999.000
202604052142,   0.165,  -1.069,9999.000,9999.000,9999.000,9999.000,9999.000,9999.000,9999.000
202604052148,   0.155,  -1.088,9999.000,9999.000,9999.000,9999.000,9999.000,9999.000,9999.000
202604052154,   0.147,  -1.098,9999.000,9999.000,9999.000,9999.000,9999.000,9999.000,9999.000
202604052200,   0.142,  -1.108,  -0.100,  -1.150,  -1.108,  -0.200,  -1.208,   0.000,  -1.008
202604052206,   0.138,  -1.118,9999.000,9999.000,9999.000,9999.000,9999.000,9999.000,9999.000
202604052212,   0.136,  -1.128,9999.000,9999.000,9999.000,9999.000,9999.000,9999.000,9999.000
202604052218,   0.137,  -1.128,9999.000,9999.000,9999.000,9999.000,9999.000,9999.000,9999.000
202604052224,   0.140,  -1.138,9999.000,9999.000,9999.000,9999.000,9999.000,9999.000,9999.000
202604052230,   0.146,  -1.151,9999.000,9999.000,9999.000,9999.000,9999.000,9999.000,9999.000
202604052236,   0.154,  -1.138,9999.000,9999.000,9999.000,9999.000,9999.000,9999.000,9999.000
202604052242,   0.165,  -1.108,9999.000,9999.000,9999.000,9999.000,9999.000,9999.000,9999.000
202604052248,   0.178,  -1.079,9999.000,9999.000,9999.000,9999.000,9999.000,9999.000,9999.000
202604052254,   0.194,  -1.039,9999.000,9999.000,9999.000,9999.000,9999.000,9999.000,9999.000
202604052300,   0.213,  -0.990,  -0.100,  -1.103,  -0.990,  -0.200,  -1.090,   0.000,  -0.890
202604052306,   0.234,  -0.928,9999.000,9999.000,9999.000,9999.000,9999.000,9999.000,9999.000
202604052312,   0.259,  -0.879,9999.000,9999.000,9999.000,9999.000,9999.000,9999.000,9999.000
202604052318,   0.286,  -0.839,9999.000,9999.000,9999.000,9999.000,9999.000,9999.000,9999.000
202604052324,   0.316,  -0.800,9999.000,9999.000,9999.000,9999.000,9999.000,9999.000,9999.000
202604052330,   0.349,  -0.770,9999.000,9999.000,9999.000,9999.000,9999.000,9999.000,9999.000
202604052336,   0.384,  -0.741,9999.000,9999.000,9999.000,9999.000,9999.000,9999.000,9999.000
202604052342,   0.422,  -0.718,9999.000,9999.000,9999.000,9999.000,9999.000,9999.000,9999.000
202604052348,   0.462,  -0.688,9999.000,9999.000,9999.000,9999.000,9999.000,9999.000,9999.000
202604052354,   0.506,  -0.669,9999.000,9999.000,9999.000,9999.000,9999.000,9999.000,9999.000
202604060000,   0.551,  -0.619,   0.100,  -1.270,  -0.619,   0.000,  -0.719,   0.100,  -0.619
202604060006,   0.598,  -0.570,9999.000,9999.000,9999.000,9999.000,9999.000,9999.000,9999.000
202604060012,   0.648,  -0.508,9999.000,9999.000,9999.000,9999.000,9999.000,9999.000,9999.000
202604060018,   0.700,  -0.429,9999.000,9999.000,9999.000,9999.000,9999.000,9999.000,9999.000
202604060024,   0.753,  -0.350,9999.000,9999.000,9999.000,9999.000,9999.000,9999.000,9999.000
202604060030,   0.808,  -0.278,9999.000,9999.000,9999.000,9999.000,9999.000,9999.000,9999.000
202604060036,   0.864,  -0.229,9999.000,9999.000,9999.000,9999.000,9999.000,9999.000,9999.000
202604060042,   0.922,  -0.190,9999.000,9999.000,9999.000,9999.000,9999.000,9999.000,9999.000
202604060048,   0.981,  -0.160,9999.000,9999.000,9999.000,9999.000,9999.000,9999.000,9999.000
202604060054,   1.041,  -0.121,9999.000,9999.000,9999.000,9999.000,9999.000,9999.000,9999.000
202604060100,   1.102,  -0.078,   0.100,  -1.280,  -0.078,   0.100,  -0.078,   0.200,   0.022
202604060106,   1.164,  -0.049,9999.000,9999.000,9999.000,9999.000,9999.000,9999.000,9999.000
202604060112,   1.226,  -0.019,9999.000,9999.000,9999.000,9999.000,9999.000,9999.000,9999.000
202604060118,   1.288,   0.009,9999.000,9999.000,9999.000,9999.000,9999.000,9999.000,9999.000
202604060124,   1.351,   0.039,9999.000,9999.000,9999.000,9999.000,9999.000,9999.000,9999.000
202604060130,   1.414,   0.088,9999.000,9999.000,9999.000,9999.000,9999.000,9999.000,9999.000
202604060136,   1.477,   0.141,9999.000,9999.000,9999.000,9999.000,9999.000,9999.000,9999.000
202604060142,   1.540,   0.190,9999.000,9999.000,9999.000,9999.000,9999.000,9999.000,9999.000
202604060148,   1.603,   0.249,9999.000,9999.000,9999.000,9999.000,9999.000,9999.000,9999.000
202604060154,   1.665,   0.298,9999.000,9999.000,9999.000,9999.000,9999.000,9999.000,9999.000
202604060200,   1.727,   0.360,   0.200,  -1.567,   0.360,   0.100,   0.260,   0.200,   0.360
202604060206,   1.788,   0.419,9999.000,9999.000,9999.000,9999.000,9999.000,9999.000,9999.000
202604060212,   1.848,   0.469,9999.000,9999.000,9999.000,9999.000,9999.000,9999.000,9999.000
202604060218,   1.906,   0.531,9999.000,9999.000,9999.000,9999.000,9999.000,9999.000,9999.000
202604060224,   1.964,   0.590,9999.000,9999.000,9999.000,9999.000,9999.000,9999.000,9999.000
202604060230,   2.020,   0.649,9999.000,9999.000,9999.000,9999.000,9999.000,9999.000,9999.000
202604060236,   2.074,   0.698,9999.000,9999.000,9999.000,9999.000,9999.000,9999.000,9999.000
202604060242,   2.126,   0.760,9999.000,9999.000,9999.000,9999.000,9999.000,9999.000,9999.000
202604060248,   2.175,   0.819,9999.000,9999.000,9999.000,9999.000,9999.000,9999.000,9999.000
202604060254,   2.222,   0.888,9999.000,9999.000,9999.000,9999.000,9999.000,9999.000,9999.000
202604060300,   2.266,   0.951,   0.200,  -1.515,   0.951,   0.200,   0.951,   0.300,   1.051
202604060306,   2.307,   1.010,9999.000,9999.000,9999.000,9999.000,9999.000,9999.000,9999.000
202604060312,   2.345,   1.079,9999.000,9999.000,9999.000,9999.000,9999.000,9999.000,9999.000
202604060318,   2.379,   1.138,9999.000,9999.000,9999.000,9999.000,9999.000,9999.000,9999.000
202604060324,   2.409,   1.180,9999.000,9999.000,9999.000,9999.000,9999.000,9999.000,9999.000
202604060330,   2.435,   1.220,9999.000,9999.000,9999.000,9999.000,9999.000,9999.000,9999.000
202604060336,   2.456,   1.249,9999.000,9999.000,9999.000,9999.000,9999.000,9999.000,9999.000
202604060342,   2.474,   1.279,9999.000,9999.000,9999.000,9999.000,9999.000,9999.000,9999.000
202604060348,   2.486,   1.318,9999.000,9999.000,9999.000,9999.000,9999.000,9999.000,9999.000
202604060354,   2.494,   1.380,9999.000,9999.000,9999.000,9999.000,9999.000,9999.000,9999.000
202604060400,   2.498,   1.449,   0.300,  -1.349,   1.449,   0.200,   1.349,   0.400,   1.549
202604060406,   2.497,   1.508,9999.000,9999.000,9999.000,9999.000,9999.000,9999.000,9999.000
202604060412,   2.491,   1.571,9999.000,9999.000,9999.000,9999.000,9999.000,9999.000,9999.000
202604060418,   2.481,   1.630,9999.000,9999.000,9999.000,9999.000,9999.000,9999.000,9999.000
202604060424,   2.466,   1.669,9999.000,9999.000,9999.000,9999.000,9999.000,9999.000,9999.000
202604060430,   2.448,   1.708,9999.000,9999.000,9999.000,9999.000,9999.000,9999.000,9999.000
202604060436,   2.425,   1.738,9999.000,9999.000,9999.000,9999.000,9999.000,9999.000,9999.000
202604060442,   2.399,   1.758,9999.000,9999.000,9999.000,9999.000,9999.000,9999.000,9999.000
202604060448,   2.369,   1.767,9999.000,9999.000,9999.000,9999.000,9999.000,9999.000,9999.000
202604060454,   2.337,   1.781,9999.000,9999.000,9999.000,9999.000,9999.000,9999.000,9999.000
202604060500,   2.301,   1.781,   0.400,  -0.920,   1.781,   0.300,   1.681,   0.500,   1.881
202604060506,   2.264,   1.767,9999.000,9999.000,9999.000,9999.000,9999.000,9999.000,9999.000
202604060512,   2.224,   1.738,9999.000,9999.000,9999.000,9999.000,9999.000,9999.000,9999.000
202604060518,   2.182,   1.708,9999.000,9999.000,9999.000,9999.000,9999.000,9999.000,9999.000
202604060524,   2.139,   1.689,9999.000,9999.000,9999.000,9999.000,9999.000,9999.000,9999.000
202604060530,   2.095,   1.669,9999.000,9999.000,9999.000,9999.000,9999.000,9999.000,9999.000
202604060536,   2.050,   1.649,9999.000,9999.000,9999.000,9999.000,9999.000,9999.000,9999.000
202604060542,   2.005,   1.620,9999.000,9999.000,9999.000,9999.000,9999.000,9999.000,9999.000
202604060548,   1.959,   1.590,9999.000,9999.000,9999.000,9999.000,9999.000,9999.000,9999.000
202604060554,   1.913,   1.548,9999.000,9999.000,9999.000,9999.000,9999.000,9999.000,9999.000
202604060600,   1.868,   1.498,   0.400,  -0.770,   1.498,   0.400,   1.498,   0.500,   1.598
202604060606,   1.823,   1.439,9999.000,9999.000,9999.000,9999.000,9999.000,9999.000,9999.000
202604060612,   1.778,   1.400,9999.000,9999.000,9999.000,9999.000,9999.000,9999.000,9999.000
202604060618,   1.733,   1.338,9999.000,9999.000,9999.000,9999.000,9999.000,9999.000,9999.000
202604060624,   1.690,   1.289,9999.000,9999.000,9999.000,9999.000,9999.000,9999.000,9999.000
202604060630,   1.646,   1.239,9999.000,9999.000,9999.000,9999.000,9999.000,9999.000,9999.000
202604060636,   1.604,   1.190,9999.000,9999.000,9999.000,9999.000,9999.000,9999.000,9999.000
202604060642,   1.562,   1.138,9999.000,9999.000,9999.000,9999.000,9999.000,9999.000,9999.000
202604060648,   1.520,   1.088,9999.000,9999.000,9999.000,9999.000,9999.000,9999.000,9999.000
202604060654,   1.479,   1.049,9999.000,9999.000,9999.000,9999.000,9999.000,9999.000,9999.000
202604060700,   1.438,   0.990,   0.500,  -0.948,   0.990,   0.500,   0.990,   0.600,   1.090
202604060706,   1.397,   0.941,9999.000,9999.000,9999.000,9999.000,9999.000,9999.000,9999.000
202604060712,   1.357,   0.888,9999.000,9999.000,9999.000,9999.000,9999.000,9999.000,9999.000
202604060718,   1.317,   0.849,9999.000,9999.000,9999.000,9999.000,9999.000,9999.000,9999.000
202604060724,   1.277,   0.810,9999.000,9999.000,9999.000,9999.000,9999.000,9999.000,9999.000
202604060730,   1.237,   0.780,9999.000,9999.000,9999.000,9999.000,9999.000,9999.000,9999.000
202604060736,   1.198,   0.751,9999.000,9999.000,9999.000,9999.000,9999.000,9999.000,9999.000
202604060742,   1.158,   0.708,9999.000,9999.000,9999.000,9999.000,9999.000,9999.000,9999.000
202604060748,   1.118,   0.669,9999.000,9999.000,9999.000,9999.000,9999.000,9999.000,9999.000
202604060754,   1.079,   0.639,9999.000,9999.000,9999.000,9999.000,9999.000,9999.000,9999.000
202604060800,   1.039,   0.600,   0.600,  -1.039,   0.600,   0.500,   0.500,   0.700,   0.700
202604060806,   1.000,   0.551,9999.000,9999.000,9999.000,9999.000,9999.000,9999.000,9999.000
202604060812,   0.960,   0.508,9999.000,9999.000,9999.000,9999.000,9999.000,9999.000,9999.000
202604060818,   0.921,   0.459,9999.000,9999.000,9999.000,9999.000,9999.000,9999.000,9999.000
202604060824,   0.882,   0.429,9999.000,9999.000,9999.000,9999.000,9999.000,9999.000,9999.000
202604060830,   0.844,   0.400,9999.000,9999.000,9999.000,9999.000,9999.000,9999.000,9999.000
202604060836,   0.806,   0.370,9999.000,9999.000,9999.000,9999.000,9999.000,9999.000,9999.000
202604060842,   0.769,   0.331,9999.000,9999.000,9999.000,9999.000,9999.000,9999.000,9999.000
202604060848,   0.733,   0.298,9999.000,9999.000,9999.000,9999.000,9999.000,9999.000,9999.000
202604060854,   0.697,   0.259,9999.000,9999.000,9999.000,9999.000,9999.000,9999.000,9999.000
202604060900,   0.662,   0.219,   0.600,  -1.043,   0.219,   0.500,   0.119,   0.700,   0.319
202604060906,   0.629,   0.200,9999.000,9999.000,9999.000,9999.000,9999.000,9999.000,9999.000
202604060912,   0.596,   0.170,9999.000,9999.000,9999.000,9999.000,9999.000,9999.000,9999.000
202604060918,   0.565,   0.141,9999.000,9999.000,9999.000,9999.000,9999.000,9999.000,9999.000
202604060924,   0.534,   0.098,9999.000,9999.000,9999.000,9999.000,9999.000,9999.000,9999.000
202604060930,   0.505,   0.068,9999.000,9999.000,9999.000,9999.000,9999.000,9999.000,9999.000
202604060936,   0.478,   0.029,9999.000,9999.000,9999.000,9999.000,9999.000,9999.000,9999.000
202604060942,   0.451,  -0.009,9999.000,9999.000,9999.000,9999.000,9999.000,9999.000,9999.000
202604060948,   0.427,  -0.039,9999.000,9999.000,9999.000,9999.000,9999.000,9999.000,9999.000
202604060954,   0.404,  -0.068,9999.000,9999.000,9999.000,9999.000,9999.000,9999.000,9999.000
202604061000,   0.382,  -0.111,   0.700,  -1.193,  -0.111,   0.500,  -0.311,   0.800,  -0.011
202604061006,   0.362,  -0.141,9999.000,9999.000,9999.000,9999.000,9999.000,9999.000,9999.000
202604061012,   0.344,  -0.180,9999.000,9999.000,9999.000,9999.000,9999.000,9999.000,9999.000
202604061018,   0.328,  -0.209,9999.000,9999.000,9999.000,9999.000,9999.000,9999.000,9999.000
202604061024,   0.313,  -0.239,9999.000,9999.000,9999.000,9999.000,9999.000,9999.000,9999.000
202604061030,   0.300,  -0.259,9999.000,9999.000,9999.000,9999.000,9999.000,9999.000,9999.000
202604061036,   0.290,  -0.278,9999.000,9999.000,9999.000,9999.000,9999.000,9999.000,9999.000
202604061042,   0.281,  -0.288,9999.000,9999.000,9999.000,9999.000,9999.000,9999.000,9999.000
202604061048,   0.274,  -0.298,9999.000,9999.000,9999.000,9999.000,9999.000,9999.000,9999.000
202604061054,   0.270,  -0.288,9999.000,9999.000,9999.000,9999.000,9999.000,9999.000,9999.000
202604061100,   0.267,  -0.298,   0.700,  -1.265,  -0.298,   0.500,  -0.498,   0.800,  -0.198
202604061106,   0.267,  -0.308,9999.000,9999.000,9999.000,9999.000,9999.000,9999.000,9999.000
202604061112,   0.269,  -0.308,9999.000,9999.000,9999.000,9999.000,9999.000,9999.000,9999.000
202604061118,   0.273,  -0.308,9999.000,9999.000,9999.000,9999.000,9999.000,9999.000,9999.000
202604061124,   0.280,  -0.308,9999.000,9999.000,9999.000,9999.000,9999.000,9999.000,9999.000
202604061130,   0.289,  -0.298,9999.000,9999.000,9999.000,9999.000,9999.000,9999.000,9999.000
202604061136,   0.301,  -0.268,9999.000,9999.000,9999.000,9999.000,9999.000,9999.000,9999.000
202604061142,   0.315,  -0.229,9999.000,9999.000,9999.000,9999.000,9999.000,9999.000,9999.000
202604061148,   0.331,  -0.200,9999.000,9999.000,9999.000,9999.000,9999.000,9999.000,9999.000
202604061154,   0.349,  -0.160,9999.000,9999.000,9999.000,9999.000,9999.000,9999.000,9999.000
202604061200,   0.370,  -0.121,   0.600,  -1.091,  -0.121,   0.400,  -0.321,   0.700,  -0.021
202604061206,   0.393,  -0.111,9999.000,9999.000,9999.000,9999.000,9999.000,9999.000,9999.000
202604061212,   0.418,  -0.088,9999.000,9999.000,9999.000,9999.000,9999.000,9999.000,9999.000
202604061218,   0.445,  -0.078,9999.000,9999.000,9999.000,9999.000,9999.000,9999.000,9999.000
202604061224,   0.474,  -0.059,9999.000,9999.000,9999.000,9999.000,9999.000,9999.000,9999.000
202604061230,   0.504,  -0.029,9999.000,9999.000,9999.000,9999.000,9999.000,9999.000,9999.000
202604061236,   0.537,  -0.009,9999.000,9999.000,9999.000,9999.000,9999.000,9999.000,9999.000
202604061242,   0.571,   0.009,9999.000,9999.000,9999.000,9999.000,9999.000,9999.000,9999.000
202604061248,   0.606,   0.039,9999.000,9999.000,9999.000,9999.000,9999.000,9999.000,9999.000
202604061254,   0.642,   0.068,9999.000,9999.000,9999.000,9999.000,9999.000,9999.000,9999.000
202604061300,   0.679,   0.088,   0.600,  -1.191,   0.088,   0.400,  -0.112,   0.700,   0.188
202604061306,   0.718,   0.098,9999.000,9999.000,9999.000,9999.000,9999.000,9999.000,9999.000
202604061312,   0.757,   0.121,9999.000,9999.000,9999.000,9999.000,9999.000,9999.000,9999.000
202604061318,   0.797,   0.141,9999.000,9999.000,9999.000,9999.000,9999.000,9999.000,9999.000
202604061324,   0.837,   0.160,9999.000,9999.000,9999.000,9999.000,9999.000,9999.000,9999.000
202604061330,   0.878,   0.180,9999.000,9999.000,9999.000,9999.000,9999.000,9999.000,9999.000
202604061336,   0.919,   0.209,9999.000,9999.000,9999.000,9999.000,9999.000,9999.000,9999.000
202604061342,   0.961,   0.239,9999.000,9999.000,9999.000,9999.000,9999.000,9999.000,9999.000
202604061348,   1.002,   0.278,9999.000,9999.000,9999.000,9999.000,9999.000,9999.000,9999.000
202604061354,   1.044,   0.308,9999.000,9999.000,9999.000,9999.000,9999.000,9999.000,9999.000
202604061400,   1.086,   0.331,   0.500,  -1.255,   0.331,   0.400,   0.231,   0.600,   0.431
202604061406,   1.127,   0.360,9999.000,9999.000,9999.000,9999.000,9999.000,9999.000,9999.000
202604061412,   1.168,   0.380,9999.000,9999.000,9999.000,9999.000,9999.000,9999.000,9999.000
202604061418,   1.209,   0.400,9999.000,9999.000,9999.000,9999.000,9999.000,9999.000,9999.000
202604061424,   1.250,   0.429,9999.000,9999.000,9999.000,9999.000,9999.000,9999.000,9999.000
202604061430,   1.290,   0.459,9999.000,9999.000,9999.000,9999.000,9999.000,9999.000,9999.000
202604061436,   1.329,   0.498,9999.000,9999.000,9999.000,9999.000,9999.000,9999.000,9999.000
202604061442,   1.367,   0.541,9999.000,9999.000,9999.000,9999.000,9999.000,9999.000,9999.000
202604061448,   1.404,   0.580,9999.000,9999.000,9999.000,9999.000,9999.000,9999.000,9999.000
202604061454,   1.441,   0.629,9999.000,9999.000,9999.000,9999.000,9999.000,9999.000,9999.000
202604061500,   1.475,   0.669,   0.500,  -1.306,   0.669,   0.400,   0.569,   0.600,   0.769
202604061506,   1.509,   0.698,9999.000,9999.000,9999.000,9999.000,9999.000,9999.000,9999.000
202604061512,   1.540,   0.741,9999.000,9999.000,9999.000,9999.000,9999.000,9999.000,9999.000
202604061518,   1.570,   0.770,9999.000,9999.000,9999.000,9999.000,9999.000,9999.000,9999.000
202604061524,   1.597,   0.800,9999.000,9999.000,9999.000,9999.000,9999.000,9999.000,9999.000
202604061530,   1.622,   0.839,9999.000,9999.000,9999.000,9999.000,9999.000,9999.000,9999.000
202604061536,   1.644,   0.869,9999.000,9999.000,9999.000,9999.000,9999.000,9999.000,9999.000
202604061542,   1.664,   0.898,9999.000,9999.000,9999.000,9999.000,9999.000,9999.000,9999.000
202604061548,   1.680,   0.918,9999.000,9999.000,9999.000,9999.000,9999.000,9999.000,9999.000
202604061554,   1.694,   0.941,9999.000,9999.000,9999.000,9999.000,9999.000,9999.000,9999.000
202604061600,   1.704,   0.970,   0.500,  -1.234,   0.970,   0.400,   0.870,   0.600,   1.070
202604061606,   1.710,   0.990,9999.000,9999.000,9999.000,9999.000,9999.000,9999.000,9999.000
202604061612,   1.713,   1.000,9999.000,9999.000,9999.000,9999.000,9999.000,9999.000,9999.000
202604061618,   1.713,   1.000,9999.000,9999.000,9999.000,9999.000,9999.000,9999.000,9999.000
202604061624,   1.709,   1.000,9999.000,9999.000,9999.000,9999.000,9999.000,9999.000,9999.000
202604061630,   1.701,   0.980,9999.000,9999.000,9999.000,9999.000,9999.000,9999.000,9999.000
202604061636,   1.690,   0.961,9999.000,9999.000,9999.000,9999.000,9999.000,9999.000,9999.000
202604061642,   1.676,   0.928,9999.000,9999.000,9999.000,9999.000,9999.000,9999.000,9999.000
202604061648,   1.658,   0.898,9999.000,9999.000,9999.000,9999.000,9999.000,9999.000,9999.000
202604061654,   1.637,   0.859,9999.000,9999.000,9999.000,9999.000,9999.000,9999.000,9999.000
202604061700,   1.613,   0.810,   0.500,  -1.303,   0.810,   0.400,   0.710,   0.500,   0.810
202604061706,   1.587,   0.780,9999.000,9999.000,9999.000,9999.000,9999.000,9999.000,9999.000
202604061712,   1.558,   0.731,9999.000,9999.000,9999.000,9999.000,9999.000,9999.000,9999.000
202604061718,   1.528,   0.688,9999.000,9999.000,9999.000,9999.000,9999.000,9999.000,9999.000
202604061724,   1.495,   0.659,9999.000,9999.000,9999.000,9999.000,9999.000,9999.000,9999.000
202604061730,   1.461,   0.619,9999.000,9999.000,9999.000,9999.000,9999.000,9999.000,9999.000
202604061736,   1.426,   0.610,9999.000,9999.000,9999.000,9999.000,9999.000,9999.000,9999.000
202604061742,   1.390,   0.590,9999.000,9999.000,9999.000,9999.000,9999.000,9999.000,9999.000
202604061748,   1.353,   0.570,9999.000,9999.000,9999.000,9999.000,9999.000,9999.000,9999.000
202604061754,   1.317,   0.560,9999.000,9999.000,9999.000,9999.000,9999.000,9999.000,9999.000
202604061800,   1.280,   0.551,   0.400,  -1.129,   0.551,   0.300,   0.451,   0.400,   0.551
202604061806,   1.243,   0.531,9999.000,9999.000,9999.000,9999.000,9999.000,9999.000,9999.000
202604061812,   1.207,   0.498,9999.000,9999.000,9999.000,9999.000,9999.000,9999.000,9999.000
202604061818,   1.172,   0.478,9999.000,9999.000,9999.000,9999.000,9999.000,9999.000,9999.000
202604061824,   1.137,   0.449,9999.000,9999.000,9999.000,9999.000,9999.000,9999.000,9999.000
202604061830,   1.104,   0.419,9999.000,9999.000,9999.000,9999.000,9999.000,9999.000,9999.000
202604061836,   1.071,   0.380,9999.000,9999.000,9999.000,9999.000,9999.000,9999.000,9999.000
202604061842,   1.039,   0.350,9999.000,9999.000,9999.000,9999.000,9999.000,9999.000,9999.000
202604061848,   1.008,   0.308,9999.000,9999.000,9999.000,9999.000,9999.000,9999.000,9999.000
202604061854,   0.978,   0.268,9999.000,9999.000,9999.000,9999.000,9999.000,9999.000,9999.000
202604061900,   0.950,   0.239,   0.300,  -1.011,   0.239,   0.300,   0.239,   0.400,   0.339
202604061906,   0.921,   0.200,9999.000,9999.000,9999.000,9999.000,9999.000,9999.000,9999.000
202604061912,   0.894,   0.160,9999.000,9999.000,9999.000,9999.000,9999.000,9999.000,9999.000
202604061918,   0.867,   0.131,9999.000,9999.000,9999.000,9999.000,9999.000,9999.000,9999.000
202604061924,   0.841,   0.111,9999.000,9999.000,9999.000,9999.000,9999.000,9999.000,9999.000
202604061930,   0.816,   0.078,9999.000,9999.000,9999.000,9999.000,9999.000,9999.000,9999.000
202604061936,   0.790,   0.039,9999.000,9999.000,9999.000,9999.000,9999.000,9999.000,9999.000
202604061942,   0.765,   0.009,9999.000,9999.000,9999.000,9999.000,9999.000,9999.000,9999.000
202604061948,   0.740,  -0.029,9999.000,9999.000,9999.000,9999.000,9999.000,9999.000,9999.000
202604061954,   0.715,  -0.078,9999.000,9999.000,9999.000,9999.000,9999.000,9999.000,9999.000
202604062000,   0.690,  -0.111,   0.300,  -1.101,  -0.111,   0.300,  -0.111,   0.300,  -0.111
202604062006,   0.665,  -0.150,9999.000,9999.000,9999.000,9999.000,9999.000,9999.000,9999.000
202604062012,   0.640,  -0.190,9999.000,9999.000,9999.000,9999.000,9999.000,9999.000,9999.000
202604062018,   0.614,  -0.229,9999.000,9999.000,9999.000,9999.000,9999.000,9999.000,9999.000
202604062024,   0.589,  -0.268,9999.000,9999.000,9999.000,9999.000,9999.000,9999.000,9999.000
202604062030,   0.563,  -0.308,9999.000,9999.000,9999.000,9999.000,9999.000,9999.000,9999.000
202604062036,   0.538,  -0.360,9999.000,9999.000,9999.000,9999.000,9999.000,9999.000,9999.000
202604062042,   0.513,  -0.390,9999.000,9999.000,9999.000,9999.000,9999.000,9999.000,9999.000
202604062048,   0.487,  -0.419,9999.000,9999.000,9999.000,9999.000,9999.000,9999.000,9999.000
202604062054,   0.462,  -0.469,9999.000,9999.000,9999.000,9999.000,9999.000,9999.000,9999.000
202604062100,   0.437,  -0.498,   0.300,  -1.235,  -0.498,   0.300,  -0.498,   0.300,  -0.498
202604062106,   0.413,  -0.541,9999.000,9999.000,9999.000,9999.000,9999.000,9999.000,9999.000
202604062112,   0.389,  -0.580,9999.000,9999.000,9999.000,9999.000,9999.000,9999.000,9999.000
202604062118,   0.366,  -0.619,9999.000,9999.000,9999.000,9999.000,9999.000,9999.000,9999.000
202604062124,   0.343,  -0.659,9999.000,9999.000,9999.000,9999.000,9999.000,9999.000,9999.000
202604062130,   0.322,  -0.688,9999.000,9999.000,9999.000,9999.000,9999.000,9999.000,9999.000
202604062136,   0.301,  -0.718,9999.000,9999.000,9999.000,9999.000,9999.000,9999.000,9999.000
202604062142,   0.282,  -0.760,9999.000,9999.000,9999.000,9999.000,9999.000,9999.000,9999.000
202604062148,   0.264,  -0.790,9999.000,9999.000,9999.000,9999.000,9999.000,9999.000,9999.000
202604062154,   0.247,  -0.829,9999.000,9999.000,9999.000,9999.000,9999.000,9999.000,9999.000
202604062200,   0.231,  -0.869,   0.300,  -1.400,  -0.869,   0.200,  -0.969,   0.300,  -0.869
202604062206,   0.217,  -0.898,9999.000,9999.000,9999.000,9999.000,9999.000,9999.000,9999.000
202604062212,   0.205,  -0.928,9999.000,9999.000,9999.000,9999.000,9999.000,9999.000,9999.000
202604062218,   0.194,  -0.951,9999.000,9999.000,9999.000,9999.000,9999.000,9999.000,9999.000
202604062224,   0.185,  -0.980,9999.000,9999.000,9999.000,9999.000,9999.000,9999.000,9999.000
202604062230,   0.178,  -1.000,9999.000,9999.000,9999.000,9999.000,9999.000,9999.000,9999.000
202604062236,   0.173,  -1.020,9999.000,9999.000,9999.000,9999.000,9999.000,9999.000,9999.000
202604062242,   0.170,  -1.049,9999.000,9999.000,9999.000,9999.000,9999.000,9999.000,9999.000
202604062248,   0.169,  -1.069,9999.000,9999.000,9999.000,9999.000,9999.000,9999.000,9999.000
202604062254,   0.170,  -1.088,9999.000,9999.000,9999.000,9999.000,9999.000,9999.000,9999.000
202604062300,   0.174,  -1.108,   0.300,  -1.582,  -1.108,   0.200,  -1.208,   0.300,  -1.108
202604062306,   0.180,  -1.128,9999.000,9999.000,9999.000,9999.000,9999.000,9999.000,9999.000
202604062312,   0.188,  -1.138,9999.000,9999.000,9999.000,9999.000,9999.000,9999.000,9999.000
202604062318,   0.199,  -1.161,9999.000,9999.000,9999.000,9999.000,9999.000,9999.000,9999.000
202604062324,   0.212,  -1.170,9999.000,9999.000,9999.000,9999.000,9999.000,9999.000,9999.000
202604062330,   0.228,  -1.180,9999.000,9999.000,9999.000,9999.000,9999.000,9999.000,9999.000
202604062336,   0.247,  -1.180,9999.000,9999.000,9999.000,9999.000,9999.000,9999.000,9999.000
202604062342,   0.268,  -1.170,9999.000,9999.000,9999.000,9999.000,9999.000,9999.000,9999.000
202604062348,   0.292,  -1.151,9999.000,9999.000,9999.000,9999.000,9999.000,9999.000,9999.000
202604062354,   0.319,  -1.128,9999.000,9999.000,9999.000,9999.000,9999.000,9999.000,9999.000
202604070000,   0.349,  -1.098,   0.100,  -1.547,  -1.098,   0.100,  -1.098,   0.200,  -0.998
202604070006,   0.382,  -1.069,9999.000,9999.000,9999.000,9999.000,9999.000,9999.000,9999.000
202604070012,   0.417,  -1.020,9999.000,9999.000,9999.000,9999.000,9999.000,9999.000,9999.000
202604070018,   0.455,  -0.980,9999.000,9999.000,9999.000,9999.000,9999.000,9999.000,9999.000
202604070024,   0.495,  -0.941,9999.000,9999.000,9999.000,9999.000,9999.000,9999.000,9999.000
202604070030,   0.538,  -0.898,9999.000,9999.000,9999.000,9999.000,9999.000,9999.000,9999.000
202604070036,   0.583,  -0.859,9999.000,9999.000,9999.000,9999.000,9999.000,9999.000,9999.000
202604070042,   0.631,  -0.829,9999.000,9999.000,9999.000,9999.000,9999.000,9999.000,9999.000
202604070048,   0.681,  -0.800,9999.000,9999.000,9999.000,9999.000,9999.000,9999.000,9999.000
202604070054,   0.732,  -0.760,9999.000,9999.000,9999.000,9999.000,9999.000,9999.000,9999.000
202604070100,   0.786,  -0.731,   0.100,  -1.617,  -0.731,   0.100,  -0.731,   0.100,  -0.731
202604070106,   0.840,  -0.698,9999.000,9999.000,9999.000,9999.000,9999.000,9999.000,9999.000
202604070112,   0.897,  -0.669,9999.000,9999.000,9999.000,9999.000,9999.000,9999.000,9999.000
202604070118,   0.954,  -0.639,9999.000,9999.000,9999.000,9999.000,9999.000,9999.000,9999.000
202604070124,   1.013,  -0.600,9999.000,9999.000,9999.000,9999.000,9999.000,9999.000,9999.000
202604070130,   1.072,  -0.560,9999.000,9999.000,9999.000,9999.000,9999.000,9999.000,9999.000
202604070136,   1.132,  -0.531,9999.000,9999.000,9999.000,9999.000,9999.000,9999.000,9999.000
202604070142,   1.193,  -0.488,9999.000,9999.000,9999.000,9999.000,9999.000,9999.000,9999.000
202604070148,   1.253,  -0.449,9999.000,9999.000,9999.000,9999.000,9999.000,9999.000,9999.000
202604070154,   1.314,  -0.409,9999.000,9999.000,9999.000,9999.000,9999.000,9999.000,9999.000
202604070200,   1.375,  -0.380,   0.100,  -1.855,  -0.380,   0.000,  -0.480,   0.100,  -0.380
202604070206,   1.436,  -0.341,9999.000,9999.000,9999.000,9999.000,9999.000,9999.000,9999.000
202604070212,   1.496,  -0.308,9999.000,9999.000,9999.000,9999.000,9999.000,9999.000,9999.000
202604070218,   1.556,  -0.268,9999.000,9999.000,9999.000,9999.000,9999.000,9999.000,9999.000
202604070224,   1.615,  -0.229,9999.000,9999.000,9999.000,9999.000,9999.000,9999.000,9999.000
202604070230,   1.673,  -0.190,9999.000,9999.000,9999.000,9999.000,9999.000,9999.000,9999.000
202604070236,   1.731,  -0.150,9999.000,9999.000,9999.000,9999.000,9999.000,9999.000,9999.000
202604070242,   1.787,  -0.111,9999.000,9999.000,9999.000,9999.000,9999.000,9999.000,9999.000
202604070248,   1.842,  -0.059,9999.000,9999.000,9999.000,9999.000,9999.000,9999.000,9999.000
202604070254,   1.896,  -0.019,9999.000,9999.000,9999.000,9999.000,9999.000,9999.000,9999.000
202604070300,   1.948,   0.029,   0.000,  -1.919,   0.029,   0.000,   0.029,   0.100,   0.129
202604070306,   1.999,   0.068,9999.000,9999.000,9999.000,9999.000,9999.000,9999.000,9999.000
202604070312,   2.048,   0.121,9999.000,9999.000,9999.000,9999.000,9999.000,9999.000,9999.000
202604070318,   2.095,   0.170,9999.000,9999.000,9999.000,9999.000,9999.000,9999.000,9999.000
202604070324,   2.139,   0.219,9999.000,9999.000,9999.000,9999.000,9999.000,9999.000,9999.000
202604070330,   2.182,   0.259,9999.000,9999.000,9999.000,9999.000,9999.000,9999.000,9999.000
202604070336,   2.221,   0.298,9999.000,9999.000,9999.000,9999.000,9999.000,9999.000,9999.000
202604070342,   2.258,   0.350,9999.000,9999.000,9999.000,9999.000,9999.000,9999.000,9999.000
202604070348,   2.291,   0.400,9999.000,9999.000,9999.000,9999.000,9999.000,9999.000,9999.000
202604070354,   2.322,   0.439,9999.000,9999.000,9999.000,9999.000,9999.000,9999.000,9999.000
202604070400,   2.348,   0.488,   0.000,  -1.860,   0.488,   0.000,   0.488,   0.000,   0.488
202604070406,   2.372,   0.531,9999.000,9999.000,9999.000,9999.000,9999.000,9999.000,9999.000
202604070412,   2.391,   0.570,9999.000,9999.000,9999.000,9999.000,9999.000,9999.000,9999.000
202604070418,   2.406,   0.600,9999.000,9999.000,9999.000,9999.000,9999.000,9999.000,9999.000
202604070424,   2.417,   0.639,9999.000,9999.000,9999.000,9999.000,9999.000,9999.000,9999.000
202604070430,   2.424,   0.678,9999.000,9999.000,9999.000,9999.000,9999.000,9999.000,9999.000
202604070436,   2.427,   0.708,9999.000,9999.000,9999.000,9999.000,9999.000,9999.000,9999.000
202604070442,   2.425,   0.741,9999.000,9999.000,9999.000,9999.000,9999.000,9999.000,9999.000
202604070448,   2.419,   0.760,9999.000,9999.000,9999.000,9999.000,9999.000,9999.000,9999.000
202604070454,   2.408,   0.790,9999.000,9999.000,9999.000,9999.000,9999.000,9999.000,9999.000
202604070500,   2.393,   0.810,   0.000,  -1.583,   0.810,   0.000,   0.810,   0.000,   0.810
202604070506,   2.375,   0.829,9999.000,9999.000,9999.000,9999.000,9999.000,9999.000,9999.000
202604070512,   2.352,   0.849,9999.000,9999.000,9999.000,9999.000,9999.000,9999.000,9999.000
202604070518,   2.325,   0.849,9999.000,9999.000,9999.000,9999.000,9999.000,9999.000,9999.000
202604070524,   2.295,   0.859,9999.000,9999.000,9999.000,9999.000,9999.000,9999.000,9999.000
202604070530,   2.262,   0.859,9999.000,9999.000,9999.000,9999.000,9999.000,9999.000,9999.000
202604070536,   2.226,   0.849,9999.000,9999.000,9999.000,9999.000,9999.000,9999.000,9999.000
202604070542,   2.188,   0.839,9999.000,9999.000,9999.000,9999.000,9999.000,9999.000,9999.000
202604070548,   2.147,   0.819,9999.000,9999.000,9999.000,9999.000,9999.000,9999.000,9999.000
202604070554,   2.104,   0.800,9999.000,9999.000,9999.000,9999.000,9999.000,9999.000,9999.000
202604070600,   2.060,   0.770,   0.000,  -1.290,   0.770,   0.000,   0.770,   0.000,   0.770
202604070606,   2.014,   0.731,9999.000,9999.000,9999.000,9999.000,9999.000,9999.000,9999.000
202604070612,   1.968,   0.678,9999.000,9999.000,9999.000,9999.000,9999.000,9999.000,9999.000
202604070618,   1.921,   0.629,9999.000,9999.000,9999.000,9999.000,9999.000,9999.000,9999.000
202604070624,   1.874,   0.570,9999.000,9999.000,9999.000,9999.000,9999.000,9999.000,9999.000
202604070630,   1.827,   0.508,9999.000,9999.000,9999.000,9999.000,9999.000,9999.000,9999.000
202604070636,   1.781,   0.459,9999.000,9999.000,9999.000,9999.000,9999.000,9999.000,9999.000
202604070642,   1.734,   0.409,9999.000,9999.000,9999.000,9999.000,9999.000,9999.000,9999.000
202604070648,   1.689,   0.380,9999.000,9999.000,9999.000,9999.000,9999.000,9999.000,9999.000
202604070654,   1.644,   0.350,9999.000,9999.000,9999.000,9999.000,9999.000,9999.000,9999.000
202604070700,   1.601,   0.321,   0.000,  -1.280,   0.321,   0.000,   0.321,   0.000,   0.321
202604070706,   1.558,   0.288,9999.000,9999.000,9999.000,9999.000,9999.000,9999.000,9999.000
202604070712,   1.516,   0.239,9999.000,9999.000,9999.000,9999.000,9999.000,9999.000,9999.000
202604070718,   1.476,   0.209,9999.000,9999.000,9999.000,9999.000,9999.000,9999.000,9999.000
202604070724,   1.436,   0.180,9999.000,9999.000,9999.000,9999.000,9999.000,9999.000,9999.000
202604070730,   1.398,   0.141,9999.000,9999.000,9999.000,9999.000,9999.000,9999.000,9999.000
202604070736,   1.360,   0.088,9999.000,9999.000,9999.000,9999.000,9999.000,9999.000,9999.000
202604070742,   1.323,   0.049,9999.000,9999.000,9999.000,9999.000,9999.000,9999.000,9999.000
202604070748,   1.287,   0.000,9999.000,9999.000,9999.000,9999.000,9999.000,9999.000,9999.000
202604070754,   1.251,  -0.039,9999.000,9999.000,9999.000,9999.000,9999.000,9999.000,9999.000
202604070800,   1.216,  -0.078,   0.000,  -1.294,  -0.078,  -0.100,  -0.178,   0.000,  -0.078
202604070806,   1.181,  -0.121,9999.000,9999.000,9999.000,9999.000,9999.000,9999.000,9999.000
202604070812,   1.147,  -0.160,9999.000,9999.000,9999.000,9999.000,9999.000,9999.000,9999.000
202604070818,   1.113,  -0.200,9999.000,9999.000,9999.000,9999.000,9999.000,9999.000,9999.000
202604070824,   1.079,  -0.239,9999.000,9999.000,9999.000,9999.000,9999.000,9999.000,9999.000
202604070830,   1.045,  -0.268,9999.000,9999.000,9999.000,9999.000,9999.000,9999.000,9999.000
202604070836,   1.011,  -0.308,9999.000,9999.000,9999.000,9999.000,9999.000,9999.000,9999.000
202604070842,   0.977,  -0.350,9999.000,9999.000,9999.000,9999.000,9999.000,9999.000,9999.000
202604070848,   0.944,  -0.390,9999.000,9999.000,9999.000,9999.000,9999.000,9999.000,9999.000
202604070854,   0.910,  -0.419,9999.000,9999.000,9999.000,9999.000,9999.000,9999.000,9999.000
202604070900,   0.876,  -0.459,   0.000,  -1.335,  -0.459,  -0.100,  -0.559,   0.000,  -0.459
202604070906,   0.843,  -0.498,9999.000,9999.000,9999.000,9999.000,9999.000,9999.000,9999.000
202604070912,   0.810,  -0.531,9999.000,9999.000,9999.000,9999.000,9999.000,9999.000,9999.000
202604070918,   0.777,  -0.570,9999.000,9999.000,9999.000,9999.000,9999.000,9999.000,9999.000
202604070924,   0.744,  -0.619,9999.000,9999.000,9999.000,9999.000,9999.000,9999.000,9999.000
202604070930,   0.712,  -0.649,9999.000,9999.000,9999.000,9999.000,9999.000,9999.000,9999.000
202604070936,   0.681,  -0.698,9999.000,9999.000,9999.000,9999.000,9999.000,9999.000,9999.000
202604070942,   0.650,  -0.741,9999.000,9999.000,9999.000,9999.000,9999.000,9999.000,9999.000
202604070948,   0.620,  -0.780,9999.000,9999.000,9999.000,9999.000,9999.000,9999.000,9999.000
202604070954,   0.591,  -0.810,9999.000,9999.000,9999.000,9999.000,9999.000,9999.000,9999.000
202604071000,   0.563,  -0.839,   0.000,  -1.402,  -0.839,  -0.100,  -0.939,   0.000,  -0.839
202604071006,   0.536,  -0.879,9999.000,9999.000,9999.000,9999.000,9999.000,9999.000,9999.000
202604071012,   0.510,  -0.908,9999.000,9999.000,9999.000,9999.000,9999.000,9999.000,9999.000
202604071018,   0.485,  -0.941,9999.000,9999.000,9999.000,9999.000,9999.000,9999.000,9999.000
202604071024,   0.462,  -0.970,9999.000,9999.000,9999.000,9999.000,9999.000,9999.000,9999.000
202604071030,   0.439,  -1.000,9999.000,9999.000,9999.000,9999.000,9999.000,9999.000,9999.000
202604071036,   0.419,  -1.039,9999.000,9999.000,9999.000,9999.000,9999.000,9999.000,9999.000
202604071042,   0.400,  -1.059,9999.000,9999.000,9999.000,9999.000,9999.000,9999.000,9999.000
202604071048,   0.382,  -1.088,9999.000,9999.000,9999.000,9999.000,9999.000,9999.000,9999.000
202604071054,   0.366,  -1.108,9999.000,9999.000,9999.000,9999.000,9999.000,9999.000,9999.000
202604071100,   0.352,  -1.138,   0.000,  -1.490,  -1.138,  -0.100,  -1.238,   0.000,  -1.138
202604071106,   0.340,  -1.161,9999.000,9999.000,9999.000,9999.000,9999.000,9999.000,9999.000
202604071112,   0.329,  -1.180,9999.000,9999.000,9999.000,9999.000,9999.000,9999.000,9999.000
202604071118,   0.320,  -1.200,9999.000,9999.000,9999.000,9999.000,9999.000,9999.000,9999.000
202604071124,   0.313,  -1.220,9999.000,9999.000,9999.000,9999.000,9999.000,9999.000,9999.000
202604071130,   0.309,  -1.239,9999.000,9999.000,9999.000,9999.000,9999.000,9999.000,9999.000
202604071136,   0.306,  -1.249,9999.000,9999.000,9999.000,9999.000,9999.000,9999.000,9999.000
202604071142,   0.306,  -1.259,9999.000,9999.000,9999.000,9999.000,9999.000,9999.000,9999.000
202604071148,   0.307,  -1.259,9999.000,9999.000,9999.000,9999.000,9999.000,9999.000,9999.000
202604071154,   0.311,  -1.269,9999.000,9999.000,9999.000,9999.000,9999.000,9999.000,9999.000
202604071200,   0.317,  -1.269,   0.000,  -1.586,  -1.269,   0.000,  -1.269,   0.000,  -1.269
202604071206,   0.326,  -1.269,9999.000,9999.000,9999.000,9999.000,9999.000,9999.000,9999.000
202604071212,   0.337,  -1.269,9999.000,9999.000,9999.000,9999.000,9999.000,9999.000,9999.000
202604071218,   0.350,  -1.269,9999.000,9999.000,9999.000,9999.000,9999.000,9999.000,9999.000
202604071224,   0.365,  -1.269,9999.000,9999.000,9999.000,9999.000,9999.000,9999.000,9999.000
202604071230,   0.383,  -1.269,9999.000,9999.000,9999.000,9999.000,9999.000,9999.000,9999.000
202604071236,   0.403,  -1.259,9999.000,9999.000,9999.000,9999.000,9999.000,9999.000,9999.000
202604071242,   0.426,  -1.239,9999.000,9999.000,9999.000,9999.000,9999.000,9999.000,9999.000
202604071248,   0.450,  -1.220,9999.000,9999.000,9999.000,9999.000,9999.000,9999.000,9999.000
202604071254,   0.477,  -1.190,9999.000,9999.000,9999.000,9999.000,9999.000,9999.000,9999.000
202604071300,   0.505,  -1.161,   0.000,  -1.666,  -1.161,   0.000,  -1.161,   0.000,  -1.161
202604071306,   0.536,  -1.108,9999.000,9999.000,9999.000,9999.000,9999.000,9999.000,9999.000
202604071312,   0.568,  -1.059,9999.000,9999.000,9999.000,9999.000,9999.000,9999.000,9999.000
202604071318,   0.601,  -1.020,9999.000,9999.000,9999.000,9999.000,9999.000,9999.000,9999.000
202604071324,   0.636,  -0.970,9999.000,9999.000,9999.000,9999.000,9999.000,9999.000,9999.000
202604071330,   0.672,  -0.928,9999.000,9999.000,9999.000,9999.000,9999.000,9999.000,9999.000
202604071336,   0.709,  -0.888,9999.000,9999.000,9999.000,9999.000,9999.000,9999.000,9999.000
202604071342,   0.748,  -0.849,9999.000,9999.000,9999.000,9999.000,9999.000,9999.000,9999.000
202604071348,   0.786,  -0.800,9999.000,9999.000,9999.000,9999.000,9999.000,9999.000,9999.000
202604071354,   0.826,9999.000,9999.000,9999.000,9999.000,9999.000,9999.000,9999.000,9999.000
202604071400,   0.866,  -0.698,   0.000,  -1.564,  -0.698,   0.000,  -0.698,   0.000,  -0.698
202604071406,   0.906,  -0.649,9999.000,9999.000,9999.000,9999.000,9999.000,9999.000,9999.000
202604071412,   0.946,  -0.600,9999.000,9999.000,9999.000,9999.000,9999.000,9999.000,9999.000
202604071418,   0.986,  -0.560,9999.000,9999.000,9999.000,9999.000,9999.000,9999.000,9999.000
202604071424,   1.027,  -0.508,9999.000,9999.000,9999.000,9999.000,9999.000,9999.000,9999.000
202604071430,   1.067,  -0.488,9999.000,9999.000,9999.000,9999.000,9999.000,9999.000,9999.000
202604071436,   1.106,  -0.439,9999.000,9999.000,9999.000,9999.000,9999.000,9999.000,9999.000
202604071442,   1.145,  -0.400,9999.000,9999.000,9999.000,9999.000,9999.000,9999.000,9999.000
202604071448,   1.184,  -0.360,9999.000,9999.000,9999.000,9999.000,9999.000,9999.000,9999.000
202604071454,   1.222,  -0.308,9999.000,9999.000,9999.000,9999.000,9999.000,9999.000,9999.000
202604071500,   1.259,  -0.249,   0.000,  -1.508,  -0.249,   0.000,  -0.249,   0.000,  -0.249
202604071506,   1.296,  -0.190,9999.000,9999.000,9999.000,9999.000,9999.000,9999.000,9999.000
202604071512,   1.331,  -0.141,9999.000,9999.000,9999.000,9999.000,9999.000,9999.000,9999.000
202604071518,   1.366,  -0.088,9999.000,9999.000,9999.000,9999.000,9999.000,9999.000,9999.000
202604071524,   1.399,  -0.029,9999.000,9999.000,9999.000,9999.000,9999.000,9999.000,9999.000
202604071530,   1.431,   0.039,9999.000,9999.000,9999.000,9999.000,9999.000,9999.000,9999.000
202604071536,   1.462,   0.098,9999.000,9999.000,9999.000,9999.000,9999.000,9999.000,9999.000
202604071542,   1.492,   0.150,9999.000,9999.000,9999.000,9999.000,9999.000,9999.000,9999.000
202604071548,   1.520,   0.200,9999.000,9999.000,9999.000,9999.000,9999.000,9999.000,9999.000
202604071554,   1.546,   0.249,9999.000,9999.000,9999.000,9999.000,9999.000,9999.000,9999.000
202604071600,   1.570,   0.288,   0.100,  -1.382,   0.288,   0.000,   0.188,   0.100,   0.288
202604071606,   1.592,   0.331,9999.000,9999.000,9999.000,9999.000,9999.000,9999.000,9999.000
202604071612,   1.612,   0.350,9999.000,9999.000,9999.000,9999.000,9999.000,9999.000,9999.000
202604071618,   1.629,   0.390,9999.000,9999.000,9999.000,9999.000,9999.000,9999.000,9999.000
202604071624,   1.644,   0.429,9999.000,9999.000,9999.000,9999.000,9999.000,9999.000,9999.000
202604071630,   1.656,   0.459,9999.000,9999.000,9999.000,9999.000,9999.000,9999.000,9999.000
202604071636,   1.665,   0.478,9999.000,9999.000,9999.000,9999.000,9999.000,9999.000,9999.000
202604071642,   1.671,   0.498,9999.000,9999.000,9999.000,9999.000,9999.000,9999.000,9999.000
202604071648,   1.674,   0.518,9999.000,9999.000,9999.000,9999.000,9999.000,9999.000,9999.000
202604071654,   1.674,   0.551,9999.000,9999.000,9999.000,9999.000,9999.000,9999.000,9999.000
202604071700,   1.670,   0.551,   0.100,  -1.219,   0.551,   0.000,   0.451,   0.200,   0.651
202604071706,   1.663,   0.560,9999.000,9999.000,9999.000,9999.000,9999.000,9999.000,9999.000
202604071712,   1.652,   0.570,9999.000,9999.000,9999.000,9999.000,9999.000,9999.000,9999.000
202604071718,   1.639,   0.590,9999.000,9999.000,9999.000,9999.000,9999.000,9999.000,9999.000
202604071724,   1.622,   0.600,9999.000,9999.000,9999.000,9999.000,9999.000,9999.000,9999.000
202604071730,   1.602,   0.610,9999.000,9999.000,9999.000,9999.000,9999.000,9999.000,9999.000
202604071736,   1.579,   0.619,9999.000,9999.000,9999.000,9999.000,9999.000,9999.000,9999.000
202604071742,   1.554,   0.610,9999.000,9999.000,9999.000,9999.000,9999.000,9999.000,9999.000
202604071748,   1.526,   0.600,9999.000,9999.000,9999.000,9999.000,9999.000,9999.000,9999.000
202604071754,   1.495,   0.590,9999.000,9999.000,9999.000,9999.000,9999.000,9999.000,9999.000
202604071800,   1.463,   0.560,   0.000,  -0.903,   0.560,   0.000,   0.560,   0.100,   0.660
202604071806,   1.429,   0.531,9999.000,9999.000,9999.000,9999.000,9999.000,9999.000,9999.000
202604071812,   1.393,   0.498,9999.000,9999.000,9999.000,9999.000,9999.000,9999.000,9999.000
202604071818,   1.357,   0.449,9999.000,9999.000,9999.000,9999.000,9999.000,9999.000,9999.000
202604071824,   1.320,   0.400,9999.000,9999.000,9999.000,9999.000,9999.000,9999.000,9999.000
202604071830,   1.282,   0.370,9999.000,9999.000,9999.000,9999.000,9999.000,9999.000,9999.000
202604071836,   1.244,   0.331,9999.000,9999.000,9999.000,9999.000,9999.000,9999.000,9999.000
202604071842,   1.207,   0.278,9999.000,9999.000,9999.000,9999.000,9999.000,9999.000,9999.000
202604071848,   1.170,   0.249,9999.000,9999.000,9999.000,9999.000,9999.000,9999.000,9999.000
202604071854,   1.133,   0.209,9999.000,9999.000,9999.000,9999.000,9999.000,9999.000,9999.000
202604071900,   1.098,   0.190,   0.100,  -1.008,   0.190,   0.000,   0.090,   0.100,   0.190
202604071906,   1.063,   0.160,9999.000,9999.000,9999.000,9999.000,9999.000,9999.000,9999.000
202604071912,   1.030,   0.150,9999.000,9999.000,9999.000,9999.000,9999.000,9999.000,9999.000
202604071918,   0.997,   0.131,9999.000,9999.000,9999.000,9999.000,9999.000,9999.000,9999.000
202604071924,   0.967,   0.121,9999.000,9999.000,9999.000,9999.000,9999.000,9999.000,9999.000
202604071930,   0.937,   0.088,9999.000,9999.000,9999.000,9999.000,9999.000,9999.000,9999.000
202604071936,   0.909,   0.068,9999.000,9999.000,9999.000,9999.000,9999.000,9999.000,9999.000
202604071942,   0.882,   0.059,9999.000,9999.000,9999.000,9999.000,9999.000,9999.000,9999.000
202604071948,   0.857,   0.019,9999.000,9999.000,9999.000,9999.000,9999.000,9999.000,9999.000
202604071954,   0.832,  -0.009,9999.000,9999.000,9999.000,9999.000,9999.000,9999.000,9999.000
202604072000,   0.809,  -0.029,   0.100,  -0.938,  -0.029,   0.000,  -0.129,   0.100,  -0.029
202604072006,   0.786,  -0.059,9999.000,9999.000,9999.000,9999.000,9999.000,9999.000,9999.000
202604072012,   0.764,  -0.098,9999.000,9999.000,9999.000,9999.000,9999.000,9999.000,9999.000
202604072018,   0.743,  -0.121,9999.000,9999.000,9999.000,9999.000,9999.000,9999.000,9999.000
202604072024,   0.722,  -0.150,9999.000,9999.000,9999.000,9999.000,9999.000,9999.000,9999.000
202604072030,   0.702,  -0.170,9999.000,9999.000,9999.000,9999.000,9999.000,9999.000,9999.000
202604072036,   0.682,  -0.200,9999.000,9999.000,9999.000,9999.000,9999.000,9999.000,9999.000
202604072042,   0.662,  -0.239,9999.000,9999.000,9999.000,9999.000,9999.000,9999.000,9999.000
202604072048,   0.642,  -0.268,9999.000,9999.000,9999.000,9999.000,9999.000,9999.000,9999.000
202604072054,   0.622,  -0.308,9999.000,9999.000,9999.000,9999.000,9999.000,9999.000,9999.000
202604072100,   0.602,  -0.341,   0.100,  -1.043,  -0.341,   0.100,  -0.341,   0.200,  -0.241
202604072106,   0.581,  -0.370,9999.000,9999.000,9999.000,9999.000,9999.000,9999.000,9999.000
202604072112,   0.561,  -0.400,9999.000,9999.000,9999.000,9999.000,9999.000,9999.000,9999.000
202604072118,   0.540,  -0.419,9999.000,9999.000,9999.000,9999.000,9999.000,9999.000,9999.000
202604072124,   0.519,  -0.449,9999.000,9999.000,9999.000,9999.000,9999.000,9999.000,9999.000
202604072130,   0.498,  -0.478,9999.000,9999.000,9999.000,9999.000,9999.000,9999.000,9999.000
202604072136,   0.478,  -0.508,9999.000,9999.000,9999.000,9999.000,9999.000,9999.000,9999.000
202604072142,   0.457,  -0.541,9999.000,9999.000,9999.000,9999.000,9999.000,9999.000,9999.000
202604072148,   0.436,  -0.580,9999.000,9999.000,9999.000,9999.000,9999.000,9999.000,9999.000
202604072154,   0.416,  -0.610,9999.000,9999.000,9999.000,9999.000,9999.000,9999.000,9999.000
202604072200,   0.396,  -0.639,   0.100,  -1.135,  -0.639,   0.100,  -0.639,   0.200,  -0.539
202604072206,   0.376,  -0.669,9999.000,9999.000,9999.000,9999.000,9999.000,9999.000,9999.000
202604072212,   0.357,  -0.698,9999.000,9999.000,9999.000,9999.000,9999.000,9999.000,9999.000
202604072218,   0.339,  -0.718,9999.000,9999.000,9999.000,9999.000,9999.000,9999.000,9999.000
202604072224,   0.322,  -0.741,9999.000,9999.000,9999.000,9999.000,9999.000,9999.000,9999.000
202604072230,   0.306,  -0.760,9999.000,9999.000,9999.000,9999.000,9999.000,9999.000,9999.000
202604072236,   0.290,  -0.780,9999.000,9999.000,9999.000,9999.000,9999.000,9999.000,9999.000
202604072242,   0.276,  -0.790,9999.000,9999.000,9999.000,9999.000,9999.000,9999.000,9999.000
202604072248,   0.264,  -0.800,9999.000,9999.000,9999.000,9999.000,9999.000,9999.000,9999.000
202604072254,   0.252,  -0.810,9999.000,9999.000,9999.000,9999.000,9999.000,9999.000,9999.000
202604072300,   0.243,  -0.829,   0.200,  -1.272,  -0.829,   0.100,  -0.929,   0.300,  -0.729
202604072306,   0.235,  -0.839,9999.000,9999.000,9999.000,9999.000,9999.000,9999.000,9999.000
202604072312,   0.228,  -0.859,9999.000,9999.000,9999.000,9999.000,9999.000,9999.000,9999.000
202604072318,   0.224,  -0.879,9999.000,9999.000,9999.000,9999.000,9999.000,9999.000,9999.000
202604072324,   0.221,  -0.908,9999.000,9999.000,9999.000,9999.000,9999.000,9999.000,9999.000
202604072330,   0.220,  -0.918,9999.000,9999.000,9999.000,9999.000,9999.000,9999.000,9999.000
202604072336,   0.222,  -0.951,9999.000,9999.000,9999.000,9999.000,9999.000,9999.000,9999.000
202604072342,   0.225,  -0.961,9999.000,9999.000,9999.000,9999.000,9999.000,9999.000,9999.000
202604072348,   0.231,  -0.961,9999.000,9999.000,9999.000,9999.000,9999.000,9999.000,9999.000
202604072354,   0.239,  -0.970,9999.000,9999.000,9999.000,9999.000,9999.000,9999.000,9999.000
202604080000,   0.250,  -0.951,   0.100,  -1.301,  -0.951,   0.100,  -0.951,   0.200,  -0.851
202604080006,   0.263,  -0.928,9999.000,9999.000,9999.000,9999.000,9999.000,9999.000,9999.000
202604080012,   0.279,  -0.908,9999.000,9999.000,9999.000,9999.000,9999.000,9999.000,9999.000
202604080018,   0.297,  -0.888,9999.000,9999.000,9999.000,9999.000,9999.000,9999.000,9999.000
202604080024,   0.318,  -0.849,9999.000,9999.000,9999.000,9999.000,9999.000,9999.000,9999.000
202604080030,   0.341,  -0.819,9999.000,9999.000,9999.000,9999.000,9999.000,9999.000,9999.000
202604080036,   0.368,  -0.790,9999.000,9999.000,9999.000,9999.000,9999.000,9999.000,9999.000
202604080042,   0.396,  -0.760,9999.000,9999.000,9999.000,9999.000,9999.000,9999.000,9999.000
202604080048,   0.428,  -0.731,9999.000,9999.000,9999.000,9999.000,9999.000,9999.000,9999.000
202604080054,   0.462,  -0.688,9999.000,9999.000,9999.000,9999.000,9999.000,9999.000,9999.000
202604080100,   0.499,  -0.639,   0.200,  -1.338,  -0.639,   0.100,  -0.739,   0.200,  -0.639
202604080106,   0.539,  -0.610,9999.000,9999.000,9999.000,9999.000,9999.000,9999.000,9999.000
202604080112,   0.581,  -0.570,9999.000,9999.000,9999.000,9999.000,9999.000,9999.000,9999.000
202604080118,   0.625,  -0.531,9999.000,9999.000,9999.000,9999.000,9999.000,9999.000,9999.000
202604080124,   0.671,  -0.498,9999.000,9999.000,9999.000,9999.000,9999.000,9999.000,9999.000
202604080130,   0.720,  -0.469,9999.000,9999.000,9999.000,9999.000,9999.000,9999.000,9999.000
202604080136,   0.770,  -0.429,9999.000,9999.000,9999.000,9999.000,9999.000,9999.000,9999.000
202604080142,   0.822,  -0.400,9999.000,9999.000,9999.000,9999.000,9999.000,9999.000,9999.000
202604080148,   0.876,  -0.360,9999.000,9999.000,9999.000,9999.000,9999.000,9999.000,9999.000
202604080154,   0.931,  -0.331,9999.000,9999.000,9999.000,9999.000,9999.000,9999.000,9999.000
202604080200,   0.987,  -0.288,   0.200,  -1.475,  -0.288,   0.100,  -0.388,   0.300,  -0.188
202604080206,   1.044,  -0.229,9999.000,9999.000,9999.000,9999.000,9999.000,9999.000,9999.000
202604080212,   1.101,  -0.180,9999.000,9999.000,9999.000,9999.000,9999.000,9999.000,9999.000
202604080218,   1.159,  -0.141,9999.000,9999.000,9999.000,9999.000,9999.000,9999.000,9999.000
202604080224,   1.218,  -0.098,9999.000,9999.000,9999.000,9999.000,9999.000,9999.000,9999.000
202604080230,   1.276,  -0.049,9999.000,9999.000,9999.000,9999.000,9999.000,9999.000,9999.000
202604080236,   1.335,  -0.009,9999.000,9999.000,9999.000,9999.000,9999.000,9999.000,9999.000
202604080242,   1.393,   0.029,9999.000,9999.000,9999.000,9999.000,9999.000,9999.000,9999.000
202604080248,   1.451,   0.068,9999.000,9999.000,9999.000,9999.000,9999.000,9999.000,9999.000
202604080254,   1.508,   0.111,9999.000,9999.000,9999.000,9999.000,9999.000,9999.000,9999.000
202604080300,   1.564,   0.160,   0.300,  -1.704,   0.160,   0.200,   0.060,   0.300,   0.160
202604080306,   1.619,   0.219,9999.000,9999.000,9999.000,9999.000,9999.000,9999.000,9999.000
202604080312,   1.674,   0.268,9999.000,9999.000,9999.000,9999.000,9999.000,9999.000,9999.000
202604080318,   1.727,   0.308,9999.000,9999.000,9999.000,9999.000,9999.000,9999.000,9999.000
202604080324,   1.779,   0.370,9999.000,9999.000,9999.000,9999.000,9999.000,9999.000,9999.000
202604080330,   1.830,   0.419,9999.000,9999.000,9999.000,9999.000,9999.000,9999.000,9999.000
202604080336,   1.879,   0.469,9999.000,9999.000,9999.000,9999.000,9999.000,9999.000,9999.000
202604080342,   1.926,   0.518,9999.000,9999.000,9999.000,9999.000,9999.000,9999.000,9999.000
202604080348,   1.972,   0.570,9999.000,9999.000,9999.000,9999.000,9999.000,9999.000,9999.000
202604080354,   2.015,   0.610,9999.000,9999.000,9999.000,9999.000,9999.000,9999.000,9999.000
202604080400,   2.057,   0.669,   0.300,  -1.688,   0.669,   0.300,   0.669,   0.400,   0.769
202604080406,   2.096,   0.698,9999.000,9999.000,9999.000,9999.000,9999.000,9999.000,9999.000
202604080412,   2.133,   0.760,9999.000,9999.000,9999.000,9999.000,9999.000,9999.000,9999.000
202604080418,   2.168,   0.810,9999.000,9999.000,9999.000,9999.000,9999.000,9999.000,9999.000
202604080424,   2.199,   0.859,9999.000,9999.000,9999.000,9999.000,9999.000,9999.000,9999.000
202604080430,   2.228,   0.908,9999.000,9999.000,9999.000,9999.000,9999.000,9999.000,9999.000
202604080436,   2.254,   0.951,9999.000,9999.000,9999.000,9999.000,9999.000,9999.000,9999.000
202604080442,   2.277,   0.990,9999.000,9999.000,9999.000,9999.000,9999.000,9999.000,9999.000
202604080448,   2.296,   1.039,9999.000,9999.000,9999.000,9999.000,9999.000,9999.000,9999.000
202604080454,   2.311,   1.059,9999.000,9999.000,9999.000,9999.000,9999.000,9999.000,9999.000
202604080500,   2.323,   1.098,   0.400,  -1.625,   1.098,   0.300,   0.998,   0.500,   1.198
202604080506,   2.331,   1.151,9999.000,9999.000,9999.000,9999.000,9999.000,9999.000,9999.000
202604080512,   2.336,   1.190,9999.000,9999.000,9999.000,9999.000,9999.000,9999.000,9999.000
202604080518,   2.336,   1.220,9999.000,9999.000,9999.000,9999.000,9999.000,9999.000,9999.000
202604080524,   2.332,   1.259,9999.000,9999.000,9999.000,9999.000,9999.000,9999.000,9999.000
202604080530,   2.324,   1.289,9999.000,9999.000,9999.000,9999.000,9999.000,9999.000,9999.000
202604080536,   2.312,   1.318,9999.000,9999.000,9999.000,9999.000,9999.000,9999.000,9999.000
202604080542,   2.296,   1.348,9999.000,9999.000,9999.000,9999.000,9999.000,9999.000,9999.000
202604080548,   2.276,   1.371,9999.000,9999.000,9999.000,9999.000,9999.000,9999.000,9999.000
202604080554,   2.253,   1.380,9999.000,9999.000,9999.000,9999.000,9999.000,9999.000,9999.000
202604080600,   2.226,   1.390,   0.400,  -1.236,   1.390,   0.300,   1.290,   0.500,   1.490
202604080606,   2.195,   1.410,9999.000,9999.000,9999.000,9999.000,9999.000,9999.000,9999.000
202604080612,   2.162,   1.420,9999.000,9999.000,9999.000,9999.000,9999.000,9999.000,9999.000
202604080618,   2.126,   1.410,9999.000,9999.000,9999.000,9999.000,9999.000,9999.000,9999.000
202604080624,   2.087,   1.430,9999.000,9999.000,9999.000,9999.000,9999.000,9999.000,9999.000
202604080630,   2.046,   1.420,9999.000,9999.000,9999.000,9999.000,9999.000,9999.000,9999.000
202604080636,   2.003,   1.410,9999.000,9999.000,9999.000,9999.000,9999.000,9999.000,9999.000
202604080642,   1.959,   1.400,9999.000,9999.000,9999.000,9999.000,9999.000,9999.000,9999.000
202604080648,   1.913,   1.390,9999.000,9999.000,9999.000,9999.000,9999.000,9999.000,9999.000
202604080654,   1.867,   1.361,9999.000,9999.000,9999.000,9999.000,9999.000,9999.000,9999.000
202604080700,   1.820,   1.338,   0.500,  -0.982,   1.338,   0.400,   1.238,   0.600,   1.438
202604080706,   1.773,   1.308,9999.000,9999.000,9999.000,9999.000,9999.000,9999.000,9999.000
202604080712,   1.727,   1.269,9999.000,9999.000,9999.000,9999.000,9999.000,9999.000,9999.000
202604080718,   1.681,   1.229,9999.000,9999.000,9999.000,9999.000,9999.000,9999.000,9999.000
202604080724,   1.635,   1.200,9999.000,9999.000,9999.000,9999.000,9999.000,9999.000,9999.000
202604080730,   1.591,   1.170,9999.000,9999.000,9999.000,9999.000,9999.000,9999.000,9999.000
202604080736,   1.547,   1.108,9999.000,9999.000,9999.000,9999.000,9999.000,9999.000,9999.000
202604080742,   1.505,   1.079,9999.000,9999.000,9999.000,9999.000,9999.000,9999.000,9999.000
202604080748,   1.464,   1.049,9999.000,9999.000,9999.000,9999.000,9999.000,9999.000,9999.000
202604080754,   1.424,   1.039,9999.000,9999.000,9999.000,9999.000,9999.000,9999.000,9999.000
202604080800,   1.386,   1.000,   0.600,  -0.986,   1.000,   0.500,   0.900,   0.600,   1.000
202604080806,   1.349,   0.961,9999.000,9999.000,9999.000,9999.000,9999.000,9999.000,9999.000
202604080812,   1.313,   0.928,9999.000,9999.000,9999.000,9999.000,9999.000,9999.000,9999.000
202604080818,   1.279,   0.908,9999.000,9999.000,9999.000,9999.000,9999.000,9999.000,9999.000
202604080824,   1.246,   0.879,9999.000,9999.000,9999.000,9999.000,9999.000,9999.000,9999.000
202604080830,   1.213,   0.849,9999.000,9999.000,9999.000,9999.000,9999.000,9999.000,9999.000
202604080836,   1.182,   0.829,9999.000,9999.000,9999.000,9999.000,9999.000,9999.000,9999.000
202604080842,   1.151,   0.800,9999.000,9999.000,9999.000,9999.000,9999.000,9999.000,9999.000
202604080848,   1.122,   0.780,9999.000,9999.000,9999.000,9999.000,9999.000,9999.000,9999.000
202604080854,   1.092,   0.751,9999.000,9999.000,9999.000,9999.000,9999.000,9999.000,9999.000
202604080900,   1.063,   0.718,   0.600,  -0.945,   0.718,   0.500,   0.618,   0.700,   0.818
202604080906,   1.035,   0.688,9999.000,9999.000,9999.000,9999.000,9999.000,9999.000,9999.000
202604080912,   1.006,   0.659,9999.000,9999.000,9999.000,9999.000,9999.000,9999.000,9999.000
202604080918,   0.978,   0.629,9999.000,9999.000,9999.000,9999.000,9999.000,9999.000,9999.000
202604080924,   0.949,   0.600,9999.000,9999.000,9999.000,9999.000,9999.000,9999.000,9999.000
202604080930,   0.921,   0.570,9999.000,9999.000,9999.000,9999.000,9999.000,9999.000,9999.000
202604080936,   0.892,   0.531,9999.000,9999.000,9999.000,9999.000,9999.000,9999.000,9999.000
202604080942,   0.864,   0.508,9999.000,9999.000,9999.000,9999.000,9999.000,9999.000,9999.000
202604080948,   0.836,   0.469,9999.000,9999.000,9999.000,9999.000,9999.000,9999.000,9999.000
202604080954,   0.807,   0.439,9999.000,9999.000,9999.000,9999.000,9999.000,9999.000,9999.000
202604081000,   0.779,   0.400,   0.700,  -1.079,   0.400,   0.600,   0.300,   0.800,   0.500
202604081006,   0.750,   0.370,9999.000,9999.000,9999.000,9999.000,9999.000,9999.000,9999.000
202604081012,   0.722,   0.341,9999.000,9999.000,9999.000,9999.000,9999.000,9999.000,9999.000
202604081018,   0.694,   0.308,9999.000,9999.000,9999.000,9999.000,9999.000,9999.000,9999.000
202604081024,   0.667,   0.278,9999.000,9999.000,9999.000,9999.000,9999.000,9999.000,9999.000
202604081030,   0.640,   0.259,9999.000,9999.000,9999.000,9999.000,9999.000,9999.000,9999.000
202604081036,   0.614,   0.239,9999.000,9999.000,9999.000,9999.000,9999.000,9999.000,9999.000
202604081042,   0.588,   0.219,9999.000,9999.000,9999.000,9999.000,9999.000,9999.000,9999.000
202604081048,   0.563,   0.180,9999.000,9999.000,9999.000,9999.000,9999.000,9999.000,9999.000
202604081054,   0.539,   0.170,9999.000,9999.000,9999.000,9999.000,9999.000,9999.000,9999.000
202604081100,   0.516,   0.141,   0.800,  -1.175,   0.141,   0.700,   0.041,   0.900,   0.241
202604081106,   0.494,   0.111,9999.000,9999.000,9999.000,9999.000,9999.000,9999.000,9999.000
202604081112,   0.474,   0.078,9999.000,9999.000,9999.000,9999.000,9999.000,9999.000,9999.000
202604081118,   0.454,   0.059,9999.000,9999.000,9999.000,9999.000,9999.000,9999.000,9999.000
202604081124,   0.436,   0.029,9999.000,9999.000,9999.000,9999.000,9999.000,9999.000,9999.000
202604081130,   0.419,   0.009,9999.000,9999.000,9999.000,9999.000,9999.000,9999.000,9999.000
202604081136,   0.404,   0.000,9999.000,9999.000,9999.000,9999.000,9999.000,9999.000,9999.000
202604081142,   0.390,  -0.019,9999.000,9999.000,9999.000,9999.000,9999.000,9999.000,9999.000
202604081148,   0.378,  -0.039,9999.000,9999.000,9999.000,9999.000,9999.000,9999.000,9999.000
202604081154,   0.367,  -0.059,9999.000,9999.000,9999.000,9999.000,9999.000,9999.000,9999.000
202604081200,   0.358,  -0.078,   0.600,  -1.036,  -0.078,   0.500,  -0.178,   0.700,   0.022
202604081206,   0.351,  -0.088,9999.000,9999.000,9999.000,9999.000,9999.000,9999.000,9999.000
202604081212,   0.346,  -0.111,9999.000,9999.000,9999.000,9999.000,9999.000,9999.000,9999.000
202604081218,   0.343,  -0.111,9999.000,9999.000,9999.000,9999.000,9999.000,9999.000,9999.000
202604081224,   0.342,  -0.111,9999.000,9999.000,9999.000,9999.000,9999.000,9999.000,9999.000
202604081230,   0.343,  -0.121,9999.000,9999.000,9999.000,9999.000,9999.000,9999.000,9999.000
202604081236,   0.346,  -0.131,9999.000,9999.000,9999.000,9999.000,9999.000,9999.000,9999.000
202604081242,   0.352,  -0.141,9999.000,9999.000,9999.000,9999.000,9999.000,9999.000,9999.000
202604081248,   0.359,  -0.141,9999.000,9999.000,9999.000,9999.000,9999.000,9999.000,9999.000
202604081254,   0.369,  -0.141,9999.000,9999.000,9999.000,9999.000,9999.000,9999.000,9999.000
202604081300,   0.381,  -0.141,   0.600,  -1.122,  -0.141,   0.500,  -0.241,   0.700,  -0.041
202604081306,   0.395,  -0.141,9999.000,9999.000,9999.000,9999.000,9999.000,9999.000,9999.000
202604081312,   0.412,  -0.131,9999.000,9999.000,9999.000,9999.000,9999.000,9999.000,9999.000
202604081318,   0.431,  -0.131,9999.000,9999.000,9999.000,9999.000,9999.000,9999.000,9999.000
202604081324,   0.452,  -0.111,9999.000,9999.000,9999.000,9999.000,9999.000,9999.000,9999.000
202604081330,   0.475,  -0.111,9999.000,9999.000,9999.000,9999.000,9999.000,9999.000,9999.000
202604081336,   0.500,  -0.121,9999.000,9999.000,9999.000,9999.000,9999.000,9999.000,9999.000
202604081342,   0.528,  -0.098,9999.000,9999.000,9999.000,9999.000,9999.000,9999.000,9999.000
202604081348,   0.557,  -0.088,9999.000,9999.000,9999.000,9999.000,9999.000,9999.000,9999.000
202604081354,   0.587,  -0.059,9999.000,9999.000,9999.000,9999.000,9999.000,9999.000,9999.000
202604081400,   0.620,  -0.039,   0.600,  -1.259,  -0.039,   0.600,  -0.039,   0.700,   0.061
202604081406,   0.654,   0.000,9999.000,9999.000,9999.000,9999.000,9999.000,9999.000,9999.000
202604081412,   0.689,   0.029,9999.000,9999.000,9999.000,9999.000,9999.000,9999.000,9999.000
202604081418,   0.725,   0.059,9999.000,9999.000,9999.000,9999.000,9999.000,9999.000,9999.000
202604081424,   0.762,   0.078,9999.000,9999.000,9999.000,9999.000,9999.000,9999.000,9999.000
202604081430,   0.800,   0.121,9999.000,9999.000,9999.000,9999.000,9999.000,9999.000,9999.000
202604081436,   0.839,   0.131,9999.000,9999.000,9999.000,9999.000,9999.000,9999.000,9999.000
202604081442,   0.877,   0.170,9999.000,9999.000,9999.000,9999.000,9999.000,9999.000,9999.000
202604081448,   0.916,   0.200,9999.000,9999.000,9999.000,9999.000,9999.000,9999.000,9999.000
202604081454,   0.956,   0.239,9999.000,9999.000,9999.000,9999.000,9999.000,9999.000,9999.000
202604081500,   0.995,   0.259,   0.700,  -1.436,   0.259,   0.600,   0.159,   0.800,   0.359
202604081506,   1.034,   0.288,9999.000,9999.000,9999.000,9999.000,9999.000,9999.000,9999.000
202604081512,   1.072,   0.331,9999.000,9999.000,9999.000,9999.000,9999.000,9999.000,9999.000
202604081518,   1.110,   0.360,9999.000,9999.000,9999.000,9999.000,9999.000,9999.000,9999.000
202604081524,   1.148,   0.400,9999.000,9999.000,9999.000,9999.000,9999.000,9999.000,9999.000
202604081530,   1.185,   0.429,9999.000,9999.000,9999.000,9999.000,9999.000,9999.000,9999.000
202604081536,   1.221,   0.459,9999.000,9999.000,9999.000,9999.000,9999.000,9999.000,9999.000
202604081542,   1.256,   0.478,9999.000,9999.000,9999.000,9999.000,9999.000,9999.000,9999.000
202604081548,   1.291,   0.518,9999.000,9999.000,9999.000,9999.000,9999.000,9999.000,9999.000
202604081554,   1.324,   0.541,9999.000,9999.000,9999.000,9999.000,9999.000,9999.000,9999.000
202604081600,   1.356,   0.560,   0.700,  -1.496,   0.560,   0.600,   0.460,   0.800,   0.660
202604081606,   1.387,   0.590,9999.000,9999.000,9999.000,9999.000,9999.000,9999.000,9999.000
202604081612,   1.417,   0.639,9999.000,9999.000,9999.000,9999.000,9999.000,9999.000,9999.000
202604081618,   1.446,   0.659,9999.000,9999.000,9999.000,9999.000,9999.000,9999.000,9999.000
202604081624,   1.473,   0.698,9999.000,9999.000,9999.000,9999.000,9999.000,9999.000,9999.000
202604081630,   1.499,   0.718,9999.000,9999.000,9999.000,9999.000,9999.000,9999.000,9999.000
202604081636,   1.523,   0.760,9999.000,9999.000,9999.000,9999.000,9999.000,9999.000,9999.000
202604081642,   1.545,   0.780,9999.000,9999.000,9999.000,9999.000,9999.000,9999.000,9999.000
202604081648,   1.566,   0.780,9999.000,9999.000,9999.000,9999.000,9999.000,9999.000,9999.000
202604081654,   1.584,   0.810,9999.000,9999.000,9999.000,9999.000,9999.000,9999.000,9999.000
202604081700,   1.600,   0.810,   0.700,  -1.490,   0.810,   0.600,   0.710,   0.700,   0.810
202604081706,   1.614,   0.839,9999.000,9999.000,9999.000,9999.000,9999.000,9999.000,9999.000
202604081712,   1.625,   0.859,9999.000,9999.000,9999.000,9999.000,9999.000,9999.000,9999.000
202604081718,   1.634,   0.839,9999.000,9999.000,9999.000,9999.000,9999.000,9999.000,9999.000
202604081724,   1.640,   0.879,9999.000,9999.000,9999.000,9999.000,9999.000,9999.000,9999.000
202604081730,   1.643,   0.879,9999.000,9999.000,9999.000,9999.000,9999.000,9999.000,9999.000
202604081736,   1.643,   0.888,9999.000,9999.000,9999.000,9999.000,9999.000,9999.000,9999.000
202604081742,   1.640,   0.928,9999.000,9999.000,9999.000,9999.000,9999.000,9999.000,9999.000
202604081748,   1.634,   0.928,9999.000,9999.000,9999.000,9999.000,9999.000,9999.000,9999.000
202604081754,   1.625,   0.918,9999.000,9999.000,9999.000,9999.000,9999.000,9999.000,9999.000
202604081800,   1.612,   0.918,   0.700,  -1.394,   0.918,   0.700,   0.918,   0.800,   1.018
202604081806,   1.597,   0.918,9999.000,9999.000,9999.000,9999.000,9999.000,9999.000,9999.000
202604081812,   1.579,   0.918,9999.000,9999.000,9999.000,9999.000,9999.000,9999.000,9999.000
202604081818,   1.558,   0.918,9999.000,9999.000,9999.000,9999.000,9999.000,9999.000,9999.000
202604081824,   1.534,   0.888,9999.000,9999.000,9999.000,9999.000,9999.000,9999.000,9999.000
202604081830,   1.508,   0.869,9999.000,9999.000,9999.000,9999.000,9999.000,9999.000,9999.000
202604081836,   1.479,   0.869,9999.000,9999.000,9999.000,9999.000,9999.000,9999.000,9999.000
202604081842,   1.448,   0.839,9999.000,9999.000,9999.000,9999.000,9999.000,9999.000,9999.000
202604081848,   1.416,   0.800,9999.000,9999.000,9999.000,9999.000,9999.000,9999.000,9999.000
202604081854,   1.382,   0.770,9999.000,9999.000,9999.000,9999.000,9999.000,9999.000,9999.000
202604081900,   1.347,   0.731,   0.700,  -1.316,   0.731,   0.600,   0.631,   0.800,   0.831
202604081906,   1.311,   0.688,9999.000,9999.000,9999.000,9999.000,9999.000,9999.000,9999.000
202604081912,   1.275,   0.649,9999.000,9999.000,9999.000,9999.000,9999.000,9999.000,9999.000
202604081918,   1.238,   0.629,9999.000,9999.000,9999.000,9999.000,9999.000,9999.000,9999.000
202604081924,   1.201,   0.600,9999.000,9999.000,9999.000,9999.000,9999.000,9999.000,9999.000
202604081930,   1.165,   0.580,9999.000,9999.000,9999.000,9999.000,9999.000,9999.000,9999.000
202604081936,   1.129,   0.560,9999.000,9999.000,9999.000,9999.000,9999.000,9999.000,9999.000
202604081942,   1.094,   0.541,9999.000,9999.000,9999.000,9999.000,9999.000,9999.000,9999.000
202604081948,   1.061,   0.518,9999.000,9999.000,9999.000,9999.000,9999.000,9999.000,9999.000
202604081954,   1.028,   0.498,9999.000,9999.000,9999.000,9999.000,9999.000,9999.000,9999.000
202604082000,   0.997,   0.459,   0.700,  -1.238,   0.459,   0.600,   0.359,   0.800,   0.559
202604082006,   0.967,   0.439,9999.000,9999.000,9999.000,9999.000,9999.000,9999.000,9999.000
202604082012,   0.939,   0.409,9999.000,9999.000,9999.000,9999.000,9999.000,9999.000,9999.000
202604082018,   0.912,   0.400,9999.000,9999.000,9999.000,9999.000,9999.000,9999.000,9999.000
202604082024,   0.887,   0.360,9999.000,9999.000,9999.000,9999.000,9999.000,9999.000,9999.000
202604082030,   0.863,   0.331,9999.000,9999.000,9999.000,9999.000,9999.000,9999.000,9999.000
202604082036,   0.840,   0.298,9999.000,9999.000,9999.000,9999.000,9999.000,9999.000,9999.000
202604082042,   0.819,   0.278,9999.000,9999.000,9999.000,9999.000,9999.000,9999.000,9999.000
202604082048,   0.799,   0.259,9999.000,9999.000,9999.000,9999.000,9999.000,9999.000,9999.000
202604082054,   0.780,   0.239,9999.000,9999.000,9999.000,9999.000,9999.000,9999.000,9999.000
202604082100,   0.762,   0.209,   0.700,  -1.253,   0.209,   0.600,   0.109,   0.800,   0.309
202604082106,   0.744,   0.190,9999.000,9999.000,9999.000,9999.000,9999.000,9999.000,9999.000
202604082112,   0.727,   0.160,9999.000,9999.000,9999.000,9999.000,9999.000,9999.000,9999.000
202604082118,   0.711,   0.141,9999.000,9999.000,9999.000,9999.000,9999.000,9999.000,9999.000
202604082124,   0.694,   0.111,9999.000,9999.000,9999.000,9999.000,9999.000,9999.000,9999.000
202604082130,   0.678,   0.068,9999.000,9999.000,9999.000,9999.000,9999.000,9999.000,9999.000
202604082136,   0.662,   0.029,9999.000,9999.000,9999.000,9999.000,9999.000,9999.000,9999.000
202604082142,   0.646,   0.000,9999.000,9999.000,9999.000,9999.000,9999.000,9999.000,9999.000
202604082148,   0.629,  -0.029,9999.000,9999.000,9999.000,9999.000,9999.000,9999.000,9999.000
202604082154,   0.612,  -0.049,9999.000,9999.000,9999.000,9999.000,9999.000,9999.000,9999.000
202604082200,   0.595,  -0.088,   0.700,  -1.383,  -0.088,   0.600,  -0.188,   0.800,   0.012
202604082206,   0.578,  -0.121,9999.000,9999.000,9999.000,9999.000,9999.000,9999.000,9999.000
202604082212,   0.560,  -0.150,9999.000,9999.000,9999.000,9999.000,9999.000,9999.000,9999.000
202604082218,   0.542,  -0.170,9999.000,9999.000,9999.000,9999.000,9999.000,9999.000,9999.000
202604082224,   0.524,  -0.200,9999.000,9999.000,9999.000,9999.000,9999.000,9999.000,9999.000
202604082230,   0.506,  -0.229,9999.000,9999.000,9999.000,9999.000,9999.000,9999.000,9999.000
202604082236,   0.487,  -0.249,9999.000,9999.000,9999.000,9999.000,9999.000,9999.000,9999.000
202604082242,   0.469,  -0.268,9999.000,9999.000,9999.000,9999.000,9999.000,9999.000,9999.000
202604082248,   0.451,  -0.298,9999.000,9999.000,9999.000,9999.000,9999.000,9999.000,9999.000
202604082254,   0.434,  -0.331,9999.000,9999.000,9999.000,9999.000,9999.000,9999.000,9999.000
202604082300,   0.417,  -0.341,   0.700,  -1.458,  -0.341,   0.700,  -0.341,   0.800,  -0.241
202604082306,   0.400,  -0.360,9999.000,9999.000,9999.000,9999.000,9999.000,9999.000,9999.000
202604082312,   0.384,  -0.380,9999.000,9999.000,9999.000,9999.000,9999.000,9999.000,9999.000
202604082318,   0.369,  -0.400,9999.000,9999.000,9999.000,9999.000,9999.000,9999.000,9999.000
202604082324,   0.355,  -0.419,9999.000,9999.000,9999.000,9999.000,9999.000,9999.000,9999.000
202604082330,   0.341,  -0.439,9999.000,9999.000,9999.000,9999.000,9999.000,9999.000,9999.000
202604082336,   0.329,  -0.459,9999.000,9999.000,9999.000,9999.000,9999.000,9999.000,9999.000
202604082342,   0.319,  -0.469,9999.000,9999.000,9999.000,9999.000,9999.000,9999.000,9999.000
202604082348,   0.309,  -0.488,9999.000,9999.000,9999.000,9999.000,9999.000,9999.000,9999.000
202604082354,   0.301,  -0.488,9999.000,9999.000,9999.000,9999.000,9999.000,9999.000,9999.000
202604090000,   0.295,  -0.508,   0.700,  -1.503,  -0.508,   0.600,  -0.608,   0.700,  -0.508
202604090006,   0.290,  -0.508,9999.000,9999.000,9999.000,9999.000,9999.000,9999.000,9999.000
202604090012,   0.288,  -0.518,9999.000,9999.000,9999.000,9999.000,9999.000,9999.000,9999.000
202604090018,   0.287,  -0.508,9999.000,9999.000,9999.000,9999.000,9999.000,9999.000,9999.000
202604090024,   0.288,  -0.508,9999.000,9999.000,9999.000,9999.000,9999.000,9999.000,9999.000
202604090030,   0.291,  -0.498,9999.000,9999.000,9999.000,9999.000,9999.000,9999.000,9999.000
202604090036,   0.296,  -0.498,9999.000,9999.000,9999.000,9999.000,9999.000,9999.000,9999.000
202604090042,   0.303,  -0.478,9999.000,9999.000,9999.000,9999.000,9999.000,9999.000,9999.000
202604090048,   0.313,  -0.459,9999.000,9999.000,9999.000,9999.000,9999.000,9999.000,9999.000
202604090054,   0.325,  -0.449,9999.000,9999.000,9999.000,9999.000,9999.000,9999.000,9999.000
202604090100,   0.339,  -0.429,   0.700,  -1.468,  -0.429,   0.600,  -0.529,   0.700,  -0.429
202604090106,   0.356,  -0.409,9999.000,9999.000,9999.000,9999.000,9999.000,9999.000,9999.000
202604090112,   0.376,  -0.390,9999.000,9999.000,9999.000,9999.000,9999.000,9999.000,9999.000
202604090118,   0.398,  -0.360,9999.000,9999.000,9999.000,9999.000,9999.000,9999.000,9999.000
202604090124,   0.423,  -0.341,9999.000,9999.000,9999.000,9999.000,9999.000,9999.000,9999.000
202604090130,   0.450,  -0.321,9999.000,9999.000,9999.000,9999.000,9999.000,9999.000,9999.000
202604090136,   0.480,  -0.308,9999.000,9999.000,9999.000,9999.000,9999.000,9999.000,9999.000
202604090142,   0.512,  -0.288,9999.000,9999.000,9999.000,9999.000,9999.000,9999.000,9999.000
202604090148,   0.547,  -0.268,9999.000,9999.000,9999.000,9999.000,9999.000,9999.000,9999.000
202604090154,   0.584,  -0.249,9999.000,9999.000,9999.000,9999.000,9999.000,9999.000,9999.000
202604090200,   0.624,  -0.219,   0.600,  -1.443,  -0.219,   0.600,  -0.219,   0.700,  -0.119
202604090206,   0.665,  -0.190,9999.000,9999.000,9999.000,9999.000,9999.000,9999.000,9999.000
202604090212,   0.709,  -0.160,9999.000,9999.000,9999.000,9999.000,9999.000,9999.000,9999.000
202604090218,   0.755,  -0.131,9999.000,9999.000,9999.000,9999.000,9999.000,9999.000,9999.000
202604090224,   0.803,  -0.098,9999.000,9999.000,9999.000,9999.000,9999.000,9999.000,9999.000
202604090230,   0.852,  -0.068,9999.000,9999.000,9999.000,9999.000,9999.000,9999.000,9999.000
202604090236,   0.903,  -0.039,9999.000,9999.000,9999.000,9999.000,9999.000,9999.000,9999.000
202604090242,   0.955,  -0.019,9999.000,9999.000,9999.000,9999.000,9999.000,9999.000,9999.000
202604090248,   1.007,   0.009,9999.000,9999.000,9999.000,9999.000,9999.000,9999.000,9999.000
202604090254,   1.061,   0.039,9999.000,9999.000,9999.000,9999.000,9999.000,9999.000,9999.000
202604090300,   1.115,   0.078,   0.600,  -1.637,   0.078,   0.600,   0.078,   0.700,   0.178
202604090306,   1.170,   0.098,9999.000,9999.000,9999.000,9999.000,9999.000,9999.000,9999.000
202604090312,   1.225,   0.141,9999.000,9999.000,9999.000,9999.000,9999.000,9999.000,9999.000
202604090318,   1.279,   0.170,9999.000,9999.000,9999.000,9999.000,9999.000,9999.000,9999.000
202604090324,   1.334,   0.209,9999.000,9999.000,9999.000,9999.000,9999.000,9999.000,9999.000
202604090330,   1.388,   0.249,9999.000,9999.000,9999.000,9999.000,9999.000,9999.000,9999.000
202604090336,   1.441,   0.288,9999.000,9999.000,9999.000,9999.000,9999.000,9999.000,9999.000
202604090342,   1.494,   0.331,9999.000,9999.000,9999.000,9999.000,9999.000,9999.000,9999.000
202604090348,   1.546,   0.370,9999.000,9999.000,9999.000,9999.000,9999.000,9999.000,9999.000
202604090354,   1.597,   0.409,9999.000,9999.000,9999.000,9999.000,9999.000,9999.000,9999.000
202604090400,   1.647,   0.449,   0.600,  -1.798,   0.449,   0.500,   0.349,   0.700,   0.549
202604090406,   1.696,   0.498,9999.000,9999.000,9999.000,9999.000,9999.000,9999.000,9999.000
202604090412,   1.743,   0.541,9999.000,9999.000,9999.000,9999.000,9999.000,9999.000,9999.000
202604090418,   1.789,   0.580,9999.000,9999.000,9999.000,9999.000,9999.000,9999.000,9999.000
202604090424,   1.833,   0.619,9999.000,9999.000,9999.000,9999.000,9999.000,9999.000,9999.000
202604090430,   1.876,   0.659,9999.000,9999.000,9999.000,9999.000,9999.000,9999.000,9999.000
202604090436,   1.916,   0.688,9999.000,9999.000,9999.000,9999.000,9999.000,9999.000,9999.000
202604090442,   1.955,   0.731,9999.000,9999.000,9999.000,9999.000,9999.000,9999.000,9999.000
202604090448,   1.992,   0.760,9999.000,9999.000,9999.000,9999.000,9999.000,9999.000,9999.000
202604090454,   2.027,   0.800,9999.000,9999.000,9999.000,9999.000,9999.000,9999.000,9999.000
202604090500,   2.059,   0.829,   0.600,  -1.830,   0.829,   0.500,   0.729,   0.600,   0.829
202604090506,   2.090,   0.859,9999.000,9999.000,9999.000,9999.000,9999.000,9999.000,9999.000
202604090512,   2.117,   0.898,9999.000,9999.000,9999.000,9999.000,9999.000,9999.000,9999.000
202604090518,   2.142,   0.928,9999.000,9999.000,9999.000,9999.000,9999.000,9999.000,9999.000
202604090524,   2.164,   0.961,9999.000,9999.000,9999.000,9999.000,9999.000,9999.000,9999.000
202604090530,   2.183,   0.990,9999.000,9999.000,9999.000,9999.000,9999.000,9999.000,9999.000
202604090536,   2.199,   1.010,9999.000,9999.000,9999.000,9999.000,9999.000,9999.000,9999.000
202604090542,   2.211,   1.029,9999.000,9999.000,9999.000,9999.000,9999.000,9999.000,9999.000
202604090548,   2.220,   1.049,9999.000,9999.000,9999.000,9999.000,9999.000,9999.000,9999.000
202604090554,   2.226,   1.059,9999.000,9999.000,9999.000,9999.000,9999.000,9999.000,9999.000
202604090600,   2.228,   1.069,   0.500,  -1.659,   1.069,   0.500,   1.069,   0.600,   1.169
202604090606,   2.226,   1.079,9999.000,9999.000,9999.000,9999.000,9999.000,9999.000,9999.000
202604090612,   2.221,   1.088,9999.000,9999.000,9999.000,9999.000,9999.000,9999.000,9999.000
202604090618,   2.211,   1.098,9999.000,9999.000,9999.000,9999.000,9999.000,9999.000,9999.000
202604090624,   2.198,   1.098,9999.000,9999.000,9999.000,9999.000,9999.000,9999.000,9999.000
202604090630,   2.182,   1.108,9999.000,9999.000,9999.000,9999.000,9999.000,9999.000,9999.000
202604090636,   2.162,   1.118,9999.000,9999.000,9999.000,9999.000,9999.000,9999.000,9999.000
202604090642,   2.138,   1.118,9999.000,9999.000,9999.000,9999.000,9999.000,9999.000,9999.000
202604090648,   2.111,   1.118,9999.000,9999.000,9999.000,9999.000,9999.000,9999.000,9999.000
202604090654,   2.081,   1.128,9999.000,9999.000,9999.000,9999.000,9999.000,9999.000,9999.000
202604090700,   2.048,   1.118,   0.500,  -1.430,   1.118,   0.400,   1.018,   0.500,   1.118
202604090706,   2.012,   1.108,9999.000,9999.000,9999.000,9999.000,9999.000,9999.000,9999.000
202604090712,   1.975,   1.088,9999.000,9999.000,9999.000,9999.000,9999.000,9999.000,9999.000
202604090718,   1.935,   1.059,9999.000,9999.000,9999.000,9999.000,9999.000,9999.000,9999.000
202604090724,   1.894,   1.029,9999.000,9999.000,9999.000,9999.000,9999.000,9999.000,9999.000
202604090730,   1.851,   1.000,9999.000,9999.000,9999.000,9999.000,9999.000,9999.000,9999.000
202604090736,   1.808,   0.961,9999.000,9999.000,9999.000,9999.000,9999.000,9999.000,9999.000
202604090742,   1.763,   0.918,9999.000,9999.000,9999.000,9999.000,9999.000,9999.000,9999.000
202604090748,   1.719,   0.869,9999.000,9999.000,9999.000,9999.000,9999.000,9999.000,9999.000
202604090754,   1.675,   0.829,9999.000,9999.000,9999.000,9999.000,9999.000,9999.000,9999.000
202604090800,   1.630,   0.810,   0.500,  -1.320,   0.810,   0.400,   0.710,   0.500,   0.810
202604090806,   1.587,   0.780,9999.000,9999.000,9999.000,9999.000,9999.000,9999.000,9999.000
202604090812,   1.544,   0.760,9999.000,9999.000,9999.000,9999.000,9999.000,9999.000,9999.000
202604090818,   1.503,   0.731,9999.000,9999.000,9999.000,9999.000,9999.000,9999.000,9999.000
202604090824,   1.463,   0.698,9999.000,9999.000,9999.000,9999.000,9999.000,9999.000,9999.000
202604090830,   1.424,   0.669,9999.000,9999.000,9999.000,9999.000,9999.000,9999.000,9999.000
202604090836,   1.386,   0.639,9999.000,9999.000,9999.000,9999.000,9999.000,9999.000,9999.000
202604090842,   1.350,   0.600,9999.000,9999.000,9999.000,9999.000,9999.000,9999.000,9999.000
202604090848,   1.315,   0.570,9999.000,9999.000,9999.000,9999.000,9999.000,9999.000,9999.000
202604090854,   1.282,   0.551,9999.000,9999.000,9999.000,9999.000,9999.000,9999.000,9999.000
202604090900,   1.251,   0.518,   0.400,  -1.133,   0.518,   0.400,   0.518,   0.500,   0.618
202604090906,   1.220,   0.488,9999.000,9999.000,9999.000,9999.000,9999.000,9999.000,9999.000
202604090912,   1.191,   0.469,9999.000,9999.000,9999.000,9999.000,9999.000,9999.000,9999.000
202604090918,   1.163,   0.429,9999.000,9999.000,9999.000,9999.000,9999.000,9999.000,9999.000
202604090924,   1.136,   0.390,9999.000,9999.000,9999.000,9999.000,9999.000,9999.000,9999.000
202604090930,   1.110,   0.360,9999.000,9999.000,9999.000,9999.000,9999.000,9999.000,9999.000
202604090936,   1.085,   0.331,9999.000,9999.000,9999.000,9999.000,9999.000,9999.000,9999.000
202604090942,   1.060,   0.298,9999.000,9999.000,9999.000,9999.000,9999.000,9999.000,9999.000
202604090948,   1.035,   0.268,9999.000,9999.000,9999.000,9999.000,9999.000,9999.000,9999.000
202604090954,   1.011,   0.229,9999.000,9999.000,9999.000,9999.000,9999.000,9999.000,9999.000
202604091000,   0.987,   0.200,   0.400,  -1.187,   0.200,   0.400,   0.200,   0.500,   0.300
202604091006,   0.963,   0.180,9999.000,9999.000,9999.000,9999.000,9999.000,9999.000,9999.000
202604091012,   0.939,   0.150,9999.000,9999.000,9999.000,9999.000,9999.000,9999.000,9999.000
202604091018,   0.914,   0.121,9999.000,9999.000,9999.000,9999.000,9999.000,9999.000,9999.000
202604091024,   0.890,   0.088,9999.000,9999.000,9999.000,9999.000,9999.000,9999.000,9999.000
202604091030,   0.865,   0.059,9999.000,9999.000,9999.000,9999.000,9999.000,9999.000,9999.000
202604091036,   0.841,   0.019,9999.000,9999.000,9999.000,9999.000,9999.000,9999.000,9999.000
202604091042,   0.816,  -0.009,9999.000,9999.000,9999.000,9999.000,9999.000,9999.000,9999.000
202604091048,   0.790,  -0.029,9999.000,9999.000,9999.000,9999.000,9999.000,9999.000,9999.000
202604091054,   0.765,  -0.059,9999.000,9999.000,9999.000,9999.000,9999.000,9999.000,9999.000
202604091100,   0.740,  -0.098,   0.400,  -1.238,  -0.098,   0.400,  -0.098,   0.500,   0.002
202604091106,   0.715,  -0.141,9999.000,9999.000,9999.000,9999.000,9999.000,9999.000,9999.000
202604091112,   0.690,  -0.160,9999.000,9999.000,9999.000,9999.000,9999.000,9999.000,9999.000
202604091118,   0.665,  -0.190,9999.000,9999.000,9999.000,9999.000,9999.000,9999.000,9999.000
202604091124,   0.641,  -0.209,9999.000,9999.000,9999.000,9999.000,9999.000,9999.000,9999.000
202604091130,   0.617,  -0.239,9999.000,9999.000,9999.000,9999.000,9999.000,9999.000,9999.000
202604091136,   0.594,  -0.259,9999.000,9999.000,9999.000,9999.000,9999.000,9999.000,9999.000
202604091142,   0.571,  -0.288,9999.000,9999.000,9999.000,9999.000,9999.000,9999.000,9999.000
202604091148,   0.550,  -0.298,9999.000,9999.000,9999.000,9999.000,9999.000,9999.000,9999.000
202604091154,   0.529,  -0.331,9999.000,9999.000,9999.000,9999.000,9999.000,9999.000,9999.000
202604091200,   0.509,  -0.360,   0.400,  -1.269,  -0.360,   0.400,  -0.360,   0.500,  -0.260
202604091206,   0.490,  -0.390,9999.000,9999.000,9999.000,9999.000,9999.000,9999.000,9999.000
202604091212,   0.472,  -0.419,9999.000,9999.000,9999.000,9999.000,9999.000,9999.000,9999.000
202604091218,   0.455,  -0.429,9999.000,9999.000,9999.000,9999.000,9999.000,9999.000,9999.000
202604091224,   0.440,  -0.439,9999.000,9999.000,9999.000,9999.000,9999.000,9999.000,9999.000
202604091230,   0.426,  -0.459,9999.000,9999.000,9999.000,9999.000,9999.000,9999.000,9999.000
202604091236,   0.413,  -0.478,9999.000,9999.000,9999.000,9999.000,9999.000,9999.000,9999.000
202604091242,   0.403,  -0.478,9999.000,9999.000,9999.000,9999.000,9999.000,9999.000,9999.000
202604091248,   0.393,  -0.478,9999.000,9999.000,9999.000,9999.000,9999.000,9999.000,9999.000
202604091254,   0.386,  -0.498,9999.000,9999.000,9999.000,9999.000,9999.000,9999.000,9999.000
202604091300,   0.380,  -0.518,   0.400,  -1.298,  -0.518,   0.400,  -0.518,   0.500,  -0.418
202604091306,   0.376,  -0.518,9999.000,9999.000,9999.000,9999.000,9999.000,9999.000,9999.000
202604091312,   0.373,  -0.508,9999.000,9999.000,9999.000,9999.000,9999.000,9999.000,9999.000
202604091318,   0.373,  -0.508,9999.000,9999.000,9999.000,9999.000,9999.000,9999.000,9999.000
202604091324,   0.375,  -0.518,9999.000,9999.000,9999.000,9999.000,9999.000,9999.000,9999.000
202604091330,   0.379,  -0.508,9999.000,9999.000,9999.000,9999.000,9999.000,9999.000,9999.000
202604091336,   0.385,  -0.498,9999.000,9999.000,9999.000,9999.000,9999.000,9999.000,9999.000
202604091342,   0.393,  -0.488,9999.000,9999.000,9999.000,9999.000,9999.000,9999.000,9999.000
202604091348,   0.403,  -0.459,9999.000,9999.000,9999.000,9999.000,9999.000,9999.000,9999.000
202604091354,   0.416,  -0.439,9999.000,9999.000,9999.000,9999.000,9999.000,9999.000,9999.000
202604091400,   0.430,  -0.409,   0.400,  -1.239,  -0.409,   0.300,  -0.509,   0.400,  -0.409
202604091406,   0.447,  -0.390,9999.000,9999.000,9999.000,9999.000,9999.000,9999.000,9999.000
202604091412,   0.466,  -0.380,9999.000,9999.000,9999.000,9999.000,9999.000,9999.000,9999.000
202604091418,   0.487,  -0.341,9999.000,9999.000,9999.000,9999.000,9999.000,9999.000,9999.000
202604091424,   0.510,  -0.321,9999.000,9999.000,9999.000,9999.000,9999.000,9999.000,9999.000
202604091430,   0.536,  -0.288,9999.000,9999.000,9999.000,9999.000,9999.000,9999.000,9999.000
202604091436,   0.563,  -0.278,9999.000,9999.000,9999.000,9999.000,9999.000,9999.000,9999.000
202604091442,   0.591,  -0.239,9999.000,9999.000,9999.000,9999.000,9999.000,9999.000,9999.000
202604091448,   0.622,  -0.209,9999.000,9999.000,9999.000,9999.000,9999.000,9999.000,9999.000
202604091454,   0.653,  -0.180,9999.000,9999.000,9999.000,9999.000,9999.000,9999.000,9999.000
202604091500,   0.687,  -0.141,   0.400,  -1.228,  -0.141,   0.300,  -0.241,   0.400,  -0.141
202604091506,   0.721,  -0.111,9999.000,9999.000,9999.000,9999.000,9999.000,9999.000,9999.000
202604091512,   0.756,  -0.088,9999.000,9999.000,9999.000,9999.000,9999.000,9999.000,9999.000
202604091518,   0.792,  -0.049,9999.000,9999.000,9999.000,9999.000,9999.000,9999.000,9999.000
202604091524,   0.829,  -0.019,9999.000,9999.000,9999.000,9999.000,9999.000,9999.000,9999.000
202604091530,   0.866,   0.000,9999.000,9999.000,9999.000,9999.000,9999.000,9999.000,9999.000
202604091536,   0.903,   0.029,9999.000,9999.000,9999.000,9999.000,9999.000,9999.000,9999.000
202604091542,   0.941,   0.049,9999.000,9999.000,9999.000,9999.000,9999.000,9999.000,9999.000
202604091548,   0.978,   0.078,9999.000,9999.000,9999.000,9999.000,9999.000,9999.000,9999.000
202604091554,   1.015,   0.098,9999.000,9999.000,9999.000,9999.000,9999.000,9999.000,9999.000
202604091600,   1.053,   0.131,   0.400,  -1.322,   0.131,   0.300,   0.031,   0.400,   0.131
202604091606,   1.089,   0.160,9999.000,9999.000,9999.000,9999.000,9999.000,9999.000,9999.000
202604091612,   1.125,   0.190,9999.000,9999.000,9999.000,9999.000,9999.000,9999.000,9999.000
202604091618,   1.161,   0.219,9999.000,9999.000,9999.000,9999.000,9999.000,9999.000,9999.000
202604091624,   1.196,   0.259,9999.000,9999.000,9999.000,9999.000,9999.000,9999.000,9999.000
202604091630,   1.230,   0.288,9999.000,9999.000,9999.000,9999.000,9999.000,9999.000,9999.000
202604091636,   1.264,   0.308,9999.000,9999.000,9999.000,9999.000,9999.000,9999.000,9999.000
202604091642,   1.296,   0.350,9999.000,9999.000,9999.000,9999.000,9999.000,9999.000,9999.000
202604091648,   1.328,   0.390,9999.000,9999.000,9999.000,9999.000,9999.000,9999.000,9999.000
202604091654,   1.359,   0.409,9999.000,9999.000,9999.000,9999.000,9999.000,9999.000,9999.000
202604091700,   1.388,   0.449,   0.300,  -1.239,   0.449,   0.300,   0.449,   0.400,   0.549
202604091706,   1.416,   0.469,9999.000,9999.000,9999.000,9999.000,9999.000,9999.000,9999.000
202604091712,   1.443,   0.498,9999.000,9999.000,9999.000,9999.000,9999.000,9999.000,9999.000
202604091718,   1.469,   0.531,9999.000,9999.000,9999.000,9999.000,9999.000,9999.000,9999.000
202604091724,   1.493,   0.560,9999.000,9999.000,9999.000,9999.000,9999.000,9999.000,9999.000
202604091730,   1.516,   0.590,9999.000,9999.000,9999.000,9999.000,9999.000,9999.000,9999.000
202604091736,   1.537,   0.619,9999.000,9999.000,9999.000,9999.000,9999.000,9999.000,9999.000
202604091742,   1.556,   0.649,9999.000,9999.000,9999.000,9999.000,9999.000,9999.000,9999.000
202604091748,   1.573,   0.659,9999.000,9999.000,9999.000,9999.000,9999.000,9999.000,9999.000
202604091754,   1.588,   0.678,9999.000,9999.000,9999.000,9999.000,9999.000,9999.000,9999.000
202604091800,   1.600,   0.698,   0.400,  -1.302,   0.698,   0.300,   0.598,   0.400,   0.698
202604091806,   1.611,   0.718,9999.000,9999.000,9999.000,9999.000,9999.000,9999.000,9999.000
202604091812,   1.618,   0.741,9999.000,9999.000,9999.000,9999.000,9999.000,9999.000,9999.000
202604091818,   1.623,   0.741,9999.000,9999.000,9999.000,9999.000,9999.000,9999.000,9999.000
202604091824,   1.626,   0.741,9999.000,9999.000,9999.000,9999.000,9999.000,9999.000,9999.000
202604091830,   1.625,   0.751,9999.000,9999.000,9999.000,9999.000,9999.000,9999.000,9999.000
202604091836,   1.622,   0.760,9999.000,9999.000,9999.000,9999.000,9999.000,9999.000,9999.000
202604091842,   1.615,   0.770,9999.000,9999.000,9999.000,9999.000,9999.000,9999.000,9999.000
202604091848,   1.606,   0.780,9999.000,9999.000,9999.000,9999.000,9999.000,9999.000,9999.000
202604091854,   1.593,   0.770,9999.000,9999.000,9999.000,9999.000,9999.000,9999.000,9999.000
202604091900,   1.578,   0.770,   0.400,  -1.208,   0.770,   0.300,   0.670,   0.400,   0.770
202604091906,   1.560,   0.770,9999.000,9999.000,9999.000,9999.000,9999.000,9999.000,9999.000
202604091912,   1.539,   0.770,9999.000,9999.000,9999.000,9999.000,9999.000,9999.000,9999.000
202604091918,   1.516,   0.760,9999.000,9999.000,9999.000,9999.000,9999.000,9999.000,9999.000
202604091924,   1.491,   0.741,9999.000,9999.000,9999.000,9999.000,9999.000,9999.000,9999.000
202604091930,   1.464,   0.698,9999.000,9999.000,9999.000,9999.000,9999.000,9999.000,9999.000
202604091936,   1.434,   0.678,9999.000,9999.000,9999.000,9999.000,9999.000,9999.000,9999.000
202604091942,   1.404,   0.639,9999.000,9999.000,9999.000,9999.000,9999.000,9999.000,9999.000
202604091948,   1.372,   0.610,9999.000,9999.000,9999.000,9999.000,9999.000,9999.000,9999.000
202604091954,   1.339,   0.580,9999.000,9999.000,9999.000,9999.000,9999.000,9999.000,9999.000
202604092000,   1.306,   0.541,   0.400,  -1.165,   0.541,   0.300,   0.441,   0.400,   0.541
202604092006,   1.272,   0.498,9999.000,9999.000,9999.000,9999.000,9999.000,9999.000,9999.000
202604092012,   1.238,   0.459,9999.000,9999.000,9999.000,9999.000,9999.000,9999.000,9999.000
202604092018,   1.205,   0.449,9999.000,9999.000,9999.000,9999.000,9999.000,9999.000,9999.000
202604092024,   1.172,   0.419,9999.000,9999.000,9999.000,9999.000,9999.000,9999.000,9999.000
202604092030,   1.139,   0.400,9999.000,9999.000,9999.000,9999.000,9999.000,9999.000,9999.000
202604092036,   1.108,   0.360,9999.000,9999.000,9999.000,9999.000,9999.000,9999.000,9999.000
202604092042,   1.078,   0.341,9999.000,9999.000,9999.000,9999.000,9999.000,9999.000,9999.000
202604092048,   1.049,   0.331,9999.000,9999.000,9999.000,9999.000,9999.000,9999.000,9999.000
202604092054,   1.022,   0.308,9999.000,9999.000,9999.000,9999.000,9999.000,9999.000,9999.000
202604092100,   0.996,   0.298,   0.400,  -1.098,   0.298,   0.300,   0.198,   0.400,   0.298
202604092106,   0.971,   0.268,9999.000,9999.000,9999.000,9999.000,9999.000,9999.000,9999.000
202604092112,   0.948,   0.239,9999.000,9999.000,9999.000,9999.000,9999.000,9999.000,9999.000
202604092118,   0.926,   0.209,9999.000,9999.000,9999.000,9999.000,9999.000,9999.000,9999.000
202604092124,   0.906,   0.180,9999.000,9999.000,9999.000,9999.000,9999.000,9999.000,9999.000
202604092130,   0.887,   0.141,9999.000,9999.000,9999.000,9999.000,9999.000,9999.000,9999.000
202604092136,   0.869,   0.131,9999.000,9999.000,9999.000,9999.000,9999.000,9999.000,9999.000
202604092142,   0.852,   0.098,9999.000,9999.000,9999.000,9999.000,9999.000,9999.000,9999.000
202604092148,   0.836,   0.078,9999.000,9999.000,9999.000,9999.000,9999.000,9999.000,9999.000
202604092154,   0.820,   0.059,9999.000,9999.000,9999.000,9999.000,9999.000,9999.000,9999.000
202604092200,   0.805,   0.039,   0.400,  -1.166,   0.039,   0.300,  -0.061,   0.400,   0.039
202604092206,   0.790,  -0.009,9999.000,9999.000,9999.000,9999.000,9999.000,9999.000,9999.000
202604092212,   0.776,  -0.029,9999.000,9999.000,9999.000,9999.000,9999.000,9999.000,9999.000
202604092218,   0.761,  -0.059,9999.000,9999.000,9999.000,9999.000,9999.000,9999.000,9999.000
202604092224,   0.746,  -0.078,9999.000,9999.000,9999.000,9999.000,9999.000,9999.000,9999.000
202604092230,   0.732,  -0.121,9999.000,9999.000,9999.000,9999.000,9999.000,9999.000,9999.000
202604092236,   0.716,  -0.160,9999.000,9999.000,9999.000,9999.000,9999.000,9999.000,9999.000
202604092242,   0.701,  -0.180,9999.000,9999.000,9999.000,9999.000,9999.000,9999.000,9999.000
202604092248,   0.685,  -0.200,9999.000,9999.000,9999.000,9999.000,9999.000,9999.000,9999.000
202604092254,   0.669,  -0.239,9999.000,9999.000,9999.000,9999.000,9999.000,9999.000,9999.000
202604092300,   0.652,  -0.268,   0.400,  -1.320,  -0.268,   0.300,  -0.368,   0.400,  -0.268
202604092306,   0.635,  -0.288,9999.000,9999.000,9999.000,9999.000,9999.000,9999.000,9999.000
202604092312,   0.617,  -0.308,9999.000,9999.000,9999.000,9999.000,9999.000,9999.000,9999.000
202604092318,   0.599,  -0.341,9999.000,9999.000,9999.000,9999.000,9999.000,9999.000,9999.000
202604092324,   0.581,  -0.360,9999.000,9999.000,9999.000,9999.000,9999.000,9999.000,9999.000
202604092330,   0.563,  -0.380,9999.000,9999.000,9999.000,9999.000,9999.000,9999.000,9999.000
202604092336,   0.545,  -0.400,9999.000,9999.000,9999.000,9999.000,9999.000,9999.000,9999.000
202604092342,   0.527,  -0.419,9999.000,9999.000,9999.000,9999.000,9999.000,9999.000,9999.000
202604092348,   0.510,  -0.439,9999.000,9999.000,9999.000,9999.000,9999.000,9999.000,9999.000
202604092354,   0.492,  -0.469,9999.000,9999.000,9999.000,9999.000,9999.000,9999.000,9999.000
202604100000,   0.475,  -0.498,   0.300,  -1.273,  -0.498,   0.300,  -0.498,   0.400,  -0.398
202604100006,   0.459,  -0.518,9999.000,9999.000,9999.000,9999.000,9999.000,9999.000,9999.000
202604100012,   0.444,  -0.541,9999.000,9999.000,9999.000,9999.000,9999.000,9999.000,9999.000
202604100018,   0.429,  -0.560,9999.000,9999.000,9999.000,9999.000,9999.000,9999.000,9999.000
202604100024,   0.415,  -0.570,9999.000,9999.000,9999.000,9999.000,9999.000,9999.000,9999.000
202604100030,   0.402,  -0.580,9999.000,9999.000,9999.000,9999.000,9999.000,9999.000,9999.000
202604100036,   0.391,  -0.590,9999.000,9999.000,9999.000,9999.000,9999.000,9999.000,9999.000
202604100042,   0.381,  -0.600,9999.000,9999.000,9999.000,9999.000,9999.000,9999.000,9999.000
202604100048,   0.372,  -0.610,9999.000,9999.000,9999.000,9999.000,9999.000,9999.000,9999.000
202604100054,   0.365,  -0.619,9999.000,9999.000,9999.000,9999.000,9999.000,9999.000,9999.000
202604100100,   0.359,  -0.619,   0.300,  -1.278,  -0.619,   0.300,  -0.619,   0.400,  -0.519
202604100106,   0.355,  -0.629,9999.000,9999.000,9999.000,9999.000,9999.000,9999.000,9999.000
202604100112,   0.353,  -0.639,9999.000,9999.000,9999.000,9999.000,9999.000,9999.000,9999.000
202604100118,   0.352,  -0.639,9999.000,9999.000,9999.000,9999.000,9999.000,9999.000,9999.000
202604100124,   0.354,  -0.649,9999.000,9999.000,9999.000,9999.000,9999.000,9999.000,9999.000
202604100130,   0.357,  -0.649,9999.000,9999.000,9999.000,9999.000,9999.000,9999.000,9999.000
202604100136,   0.363,  -0.649,9999.000,9999.000,9999.000,9999.000,9999.000,9999.000,9999.000
202604100142,   0.371,  -0.649,9999.000,9999.000,9999.000,9999.000,9999.000,9999.000,9999.000
202604100148,   0.381,  -0.639,9999.000,9999.000,9999.000,9999.000,9999.000,9999.000,9999.000
202604100154,   0.393,  -0.639,9999.000,9999.000,9999.000,9999.000,9999.000,9999.000,9999.000
202604100200,   0.408,  -0.629,   0.300,  -1.337,  -0.629,   0.300,  -0.629,   0.300,  -0.629
202604100206,   0.425,  -0.619,9999.000,9999.000,9999.000,9999.000,9999.000,9999.000,9999.000
202604100212,   0.445,  -0.600,9999.000,9999.000,9999.000,9999.000,9999.000,9999.000,9999.000
202604100218,   0.467,  -0.580,9999.000,9999.000,9999.000,9999.000,9999.000,9999.000,9999.000
202604100224,   0.492,  -0.551,9999.000,9999.000,9999.000,9999.000,9999.000,9999.000,9999.000
202604100230,   0.519,  -0.518,9999.000,9999.000,9999.000,9999.000,9999.000,9999.000,9999.000
202604100236,   0.548,  -0.478,9999.000,9999.000,9999.000,9999.000,9999.000,9999.000,9999.000
202604100242,   0.580,  -0.449,9999.000,9999.000,9999.000,9999.000,9999.000,9999.000,9999.000
202604100248,   0.614,  -0.419,9999.000,9999.000,9999.000,9999.000,9999.000,9999.000,9999.000
202604100254,   0.650,  -0.390,9999.000,9999.000,9999.000,9999.000,9999.000,9999.000,9999.000
202604100300,   0.688,  -0.370,   0.300,  -1.358,  -0.370,   0.300,  -0.370,   0.300,  -0.370
202604100306,   0.729,  -0.341,9999.000,9999.000,9999.000,9999.000,9999.000,9999.000,9999.000
202604100312,   0.771,  -0.321,9999.000,9999.000,9999.000,9999.000,9999.000,9999.000,9999.000
202604100318,   0.814,  -0.298,9999.000,9999.000,9999.000,9999.000,9999.000,9999.000,9999.000
202604100324,   0.859,  -0.278,9999.000,9999.000,9999.000,9999.000,9999.000,9999.000,9999.000
202604100330,   0.906,  -0.249,9999.000,9999.000,9999.000,9999.000,9999.000,9999.000,9999.000
202604100336,   0.953,  -0.219,9999.000,9999.000,9999.000,9999.000,9999.000,9999.000,9999.000
202604100342,   1.001,  -0.180,9999.000,9999.000,9999.000,9999.000,9999.000,9999.000,9999.000
202604100348,   1.051,  -0.150,9999.000,9999.000,9999.000,9999.000,9999.000,9999.000,9999.000
202604100354,   1.100,  -0.111,9999.000,9999.000,9999.000,9999.000,9999.000,9999.000,9999.000
202604100400,   1.150,  -0.068,   0.300,  -1.518,  -0.068,   0.300,  -0.068,   0.300,  -0.068
202604100406,   1.200,  -0.029,9999.000,9999.000,9999.000,9999.000,9999.000,9999.000,9999.000
202604100412,   1.250,   0.000,9999.000,9999.000,9999.000,9999.000,9999.000,9999.000,9999.000
202604100418,   1.299,   0.029,9999.000,9999.000,9999.000,9999.000,9999.000,9999.000,9999.000
202604100424,   1.349,   0.068,9999.000,9999.000,9999.000,9999.000,9999.000,9999.000,9999.000
202604100430,   1.397,   0.111,9999.000,9999.000,9999.000,9999.000,9999.000,9999.000,9999.000
202604100436,   1.446,   0.141,9999.000,9999.000,9999.000,9999.000,9999.000,9999.000,9999.000
202604100442,   1.493,   0.180,9999.000,9999.000,9999.000,9999.000,9999.000,9999.000,9999.000
202604100448,   1.539,   0.219,9999.000,9999.000,9999.000,9999.000,9999.000,9999.000,9999.000
202604100454,   1.585,   0.259,9999.000,9999.000,9999.000,9999.000,9999.000,9999.000,9999.000
202604100500,   1.629,   0.298,   0.300,  -1.631,   0.298,   0.300,   0.298,   0.300,   0.298
202604100506,   1.672,   0.341,9999.000,9999.000,9999.000,9999.000,9999.000,9999.000,9999.000
202604100512,   1.714,   0.370,9999.000,9999.000,9999.000,9999.000,9999.000,9999.000,9999.000
202604100518,   1.754,   0.409,9999.000,9999.000,9999.000,9999.000,9999.000,9999.000,9999.000
202604100524,   1.793,   0.439,9999.000,9999.000,9999.000,9999.000,9999.000,9999.000,9999.000
202604100530,   1.831,   0.469,9999.000,9999.000,9999.000,9999.000,9999.000,9999.000,9999.000
202604100536,   1.866,   0.498,9999.000,9999.000,9999.000,9999.000,9999.000,9999.000,9999.000
202604100542,   1.900,   0.531,9999.000,9999.000,9999.000,9999.000,9999.000,9999.000,9999.000
202604100548,   1.932,   0.560,9999.000,9999.000,9999.000,9999.000,9999.000,9999.000,9999.000
202604100554,   1.962,   0.590,9999.000,9999.000,9999.000,9999.000,9999.000,9999.000,9999.000
202604100600,   1.989,   0.629,   0.300,  -1.660,   0.629,   0.300,   0.629,   0.300,   0.629
202604100606,   2.015,   0.659,9999.000,9999.000,9999.000,9999.000,9999.000,9999.000,9999.000
202604100612,   2.037,   0.688,9999.000,9999.000,9999.000,9999.000,9999.000,9999.000,9999.000
202604100618,   2.058,   0.718,9999.000,9999.000,9999.000,9999.000,9999.000,9999.000,9999.000
202604100624,   2.075,   0.741,9999.000,9999.000,9999.000,9999.000,9999.000,9999.000,9999.000
202604100630,   2.089,   0.770,9999.000,9999.000,9999.000,9999.000,9999.000,9999.000,9999.000
202604100636,   2.100,   0.790,9999.000,9999.000,9999.000,9999.000,9999.000,9999.000,9999.000
202604100642,   2.108,   0.810,9999.000,9999.000,9999.000,9999.000,9999.000,9999.000,9999.000
202604100648,   2.113,   0.829,9999.000,9999.000,9999.000,9999.000,9999.000,9999.000,9999.000
202604100654,   2.114,   0.839,9999.000,9999.000,9999.000,9999.000,9999.000,9999.000,9999.000
202604100700,   2.112,   0.859,   0.300,  -1.553,   0.859,   0.300,   0.859,   0.300,   0.859
202604100706,   2.106,   0.879,9999.000,9999.000,9999.000,9999.000,9999.000,9999.000,9999.000
202604100712,   2.097,   0.888,9999.000,9999.000,9999.000,9999.000,9999.000,9999.000,9999.000
202604100718,   2.084,   0.898,9999.000,9999.000,9999.000,9999.000,9999.000,9999.000,9999.000
202604100724,   2.068,   0.898,9999.000,9999.000,9999.000,9999.000,9999.000,9999.000,9999.000
202604100730,   2.049,   0.898,9999.000,9999.000,9999.000,9999.000,9999.000,9999.000,9999.000
202604100736,   2.026,   0.898,9999.000,9999.000,9999.000,9999.000,9999.000,9999.000,9999.000
202604100742,   2.001,   0.888,9999.000,9999.000,9999.000,9999.000,9999.000,9999.000,9999.000
202604100748,   1.972,   0.869,9999.000,9999.000,9999.000,9999.000,9999.000,9999.000,9999.000
202604100754,   1.941,   0.859,9999.000,9999.000,9999.000,9999.000,9999.000,9999.000,9999.000
202604100800,   1.908,   0.849,   0.300,  -1.359,   0.849,   0.300,   0.849,   0.300,   0.849
202604100806,   1.873,   0.829,9999.000,9999.000,9999.000,9999.000,9999.000,9999.000,9999.000
202604100812,   1.836,   0.800,9999.000,9999.000,9999.000,9999.000,9999.000,9999.000,9999.000
202604100818,   1.798,   0.770,9999.000,9999.000,9999.000,9999.000,9999.000,9999.000,9999.000
202604100824,   1.759,   0.751,9999.000,9999.000,9999.000,9999.000,9999.000,9999.000,9999.000
202604100830,   1.719,   0.718,9999.000,9999.000,9999.000,9999.000,9999.000,9999.000,9999.000
202604100836,   1.678,   0.688,9999.000,9999.000,9999.000,9999.000,9999.000,9999.000,9999.000
202604100842,   1.638,   0.659,9999.000,9999.000,9999.000,9999.000,9999.000,9999.000,9999.000
202604100848,   1.598,   0.639,9999.000,9999.000,9999.000,9999.000,9999.000,9999.000,9999.000
202604100854,   1.558,   0.619,9999.000,9999.000,9999.000,9999.000,9999.000,9999.000,9999.000
202604100900,   1.520,   0.590,   0.300,  -1.230,   0.590,   0.300,   0.590,   0.300,   0.590
202604100906,   1.482,   0.560,9999.000,9999.000,9999.000,9999.000,9999.000,9999.000,9999.000
202604100912,   1.445,   0.541,9999.000,9999.000,9999.000,9999.000,9999.000,9999.000,9999.000
202604100918,   1.410,   0.508,9999.000,9999.000,9999.000,9999.000,9999.000,9999.000,9999.000
202604100924,   1.375,   0.488,9999.000,9999.000,9999.000,9999.000,9999.000,9999.000,9999.000
202604100930,   1.343,   0.459,9999.000,9999.000,9999.000,9999.000,9999.000,9999.000,9999.000
202604100936,   1.311,   0.429,9999.000,9999.000,9999.000,9999.000,9999.000,9999.000,9999.000
202604100942,   1.282,   0.409,9999.000,9999.000,9999.000,9999.000,9999.000,9999.000,9999.000
202604100948,   1.253,   0.390,9999.000,9999.000,9999.000,9999.000,9999.000,9999.000,9999.000
202604100954,   1.226,   0.360,9999.000,9999.000,9999.000,9999.000,9999.000,9999.000,9999.000
202604101000,   1.200,   0.331,   0.300,  -1.169,   0.331,   0.300,   0.331,   0.300,   0.331
202604101006,   1.175,   0.298,9999.000,9999.000,9999.000,9999.000,9999.000,9999.000,9999.000
202604101012,   1.151,   0.259,9999.000,9999.000,9999.000,9999.000,9999.000,9999.000,9999.000
202604101018,   1.128,   0.219,9999.000,9999.000,9999.000,9999.000,9999.000,9999.000,9999.000
202604101024,   1.105,   0.190,9999.000,9999.000,9999.000,9999.000,9999.000,9999.000,9999.000
202604101030,   1.083,   0.150,9999.000,9999.000,9999.000,9999.000,9999.000,9999.000,9999.000
202604101036,   1.061,   0.121,9999.000,9999.000,9999.000,9999.000,9999.000,9999.000,9999.000
202604101042,   1.040,   0.078,9999.000,9999.000,9999.000,9999.000,9999.000,9999.000,9999.000
202604101048,   1.018,   0.049,9999.000,9999.000,9999.000,9999.000,9999.000,9999.000,9999.000
202604101054,   0.996,   0.019,9999.000,9999.000,9999.000,9999.000,9999.000,9999.000,9999.000
202604101100,   0.975,  -0.009,   0.300,  -1.284,  -0.009,   0.300,  -0.009,   0.300,  -0.009
202604101106,   0.953,  -0.039,9999.000,9999.000,9999.000,9999.000,9999.000,9999.000,9999.000
202604101112,   0.930,  -0.078,9999.000,9999.000,9999.000,9999.000,9999.000,9999.000,9999.000
202604101118,   0.907,  -0.111,9999.000,9999.000,9999.000,9999.000,9999.000,9999.000,9999.000
202604101124,   0.884,  -0.141,9999.000,9999.000,9999.000,9999.000,9999.000,9999.000,9999.000
202604101130,   0.861,  -0.180,9999.000,9999.000,9999.000,9999.000,9999.000,9999.000,9999.000
202604101136,   0.837,  -0.209,9999.000,9999.000,9999.000,9999.000,9999.000,9999.000,9999.000
202604101142,   0.813,  -0.239,9999.000,9999.000,9999.000,9999.000,9999.000,9999.000,9999.000
202604101148,   0.789,  -0.278,9999.000,9999.000,9999.000,9999.000,9999.000,9999.000,9999.000
202604101154,   0.765,  -0.308,9999.000,9999.000,9999.000,9999.000,9999.000,9999.000,9999.000
202604101200,   0.741,  -0.341,   0.300,  -1.382,  -0.341,   0.300,  -0.341,   0.300,  -0.341
202604101206,   0.716,  -0.370,9999.000,9999.000,9999.000,9999.000,9999.000,9999.000,9999.000
202604101212,   0.692,  -0.400,9999.000,9999.000,9999.000,9999.000,9999.000,9999.000,9999.000
202604101218,   0.669,  -0.419,9999.000,9999.000,9999.000,9999.000,9999.000,9999.000,9999.000
202604101224,   0.645,  -0.449,9999.000,9999.000,9999.000,9999.000,9999.000,9999.000,9999.000
202604101230,   0.622,  -0.488,9999.000,9999.000,9999.000,9999.000,9999.000,9999.000,9999.000
202604101236,   0.599,  -0.508,9999.000,9999.000,9999.000,9999.000,9999.000,9999.000,9999.000
202604101242,   0.577,  -0.541,9999.000,9999.000,9999.000,9999.000,9999.000,9999.000,9999.000
202604101248,   0.556,  -0.570,9999.000,9999.000,9999.000,9999.000,9999.000,9999.000,9999.000
202604101254,   0.536,  -0.590,9999.000,9999.000,9999.000,9999.000,9999.000,9999.000,9999.000
202604101300,   0.517,  -0.619,   0.300,  -1.436,  -0.619,   0.300,  -0.619,   0.300,  -0.619
202604101306,   0.498,  -0.639,9999.000,9999.000,9999.000,9999.000,9999.000,9999.000,9999.000
202604101312,   0.481,  -0.659,9999.000,9999.000,9999.000,9999.000,9999.000,9999.000,9999.000
202604101318,   0.465,  -0.688,9999.000,9999.000,9999.000,9999.000,9999.000,9999.000,9999.000
202604101324,   0.450,  -0.698,9999.000,9999.000,9999.000,9999.000,9999.000,9999.000,9999.000
202604101330,   0.436,  -0.718,9999.000,9999.000,9999.000,9999.000,9999.000,9999.000,9999.000
202604101336,   0.424,  -0.741,9999.000,9999.000,9999.000,9999.000,9999.000,9999.000,9999.000
202604101342,   0.413,  -0.760,9999.000,9999.000,9999.000,9999.000,9999.000,9999.000,9999.000
202604101348,   0.404,  -0.760,9999.000,9999.000,9999.000,9999.000,9999.000,9999.000,9999.000
202604101354,   0.397,  -0.760,9999.000,9999.000,9999.000,9999.000,9999.000,9999.000,9999.000
202604101400,   0.391,  -0.780,   0.300,  -1.471,  -0.780,   0.300,  -0.780,   0.300,  -0.780
202604101406,   0.387,  -0.770,9999.000,9999.000,9999.000,9999.000,9999.000,9999.000,9999.000
202604101412,   0.385,  -0.780,9999.000,9999.000,9999.000,9999.000,9999.000,9999.000,9999.000
202604101418,   0.385,  -0.790,9999.000,9999.000,9999.000,9999.000,9999.000,9999.000,9999.000
202604101424,   0.386,  -0.790,9999.000,9999.000,9999.000,9999.000,9999.000,9999.000,9999.000
202604101430,   0.390,  -0.790,9999.000,9999.000,9999.000,9999.000,9999.000,9999.000,9999.000
202604101436,   0.396,  -0.790,9999.000,9999.000,9999.000,9999.000,9999.000,9999.000,9999.000
202604101442,   0.404,  -0.780,9999.000,9999.000,9999.000,9999.000,9999.000,9999.000,9999.000
202604101448,   0.415,  -0.770,9999.000,9999.000,9999.000,9999.000,9999.000,9999.000,9999.000
202604101454,   0.427,  -0.751,9999.000,9999.000,9999.000,9999.000,9999.000,9999.000,9999.000
202604101500,   0.441,  -0.731,   0.300,  -1.472,  -0.731,   0.300,  -0.731,   0.300,  -0.731
202604101506,   0.458,  -0.688,9999.000,9999.000,9999.000,9999.000,9999.000,9999.000,9999.000
202604101512,   0.477,  -0.659,9999.000,9999.000,9999.000,9999.000,9999.000,9999.000,9999.000
202604101518,   0.498,  -0.629,9999.000,9999.000,9999.000,9999.000,9999.000,9999.000,9999.000
202604101524,   0.521,  -0.600,9999.000,9999.000,9999.000,9999.000,9999.000,9999.000,9999.000
202604101530,   0.545,  -0.570,9999.000,9999.000,9999.000,9999.000,9999.000,9999.000,9999.000
202604101536,   0.572,  -0.541,9999.000,9999.000,9999.000,9999.000,9999.000,9999.000,9999.000
202604101542,   0.600,  -0.531,9999.000,9999.000,9999.000,9999.000,9999.000,9999.000,9999.000
202604101548,   0.629,  -0.508,9999.000,9999.000,9999.000,9999.000,9999.000,9999.000,9999.000
202604101554,   0.660,  -0.488,9999.000,9999.000,9999.000,9999.000,9999.000,9999.000,9999.000
202604101600,   0.692,  -0.449,   0.300,  -1.441,  -0.449,   0.300,  -0.449,   0.300,  -0.449
202604101606,   0.725,  -0.419,9999.000,9999.000,9999.000,9999.000,9999.000,9999.000,9999.000
202604101612,   0.760,  -0.400,9999.000,9999.000,9999.000,9999.000,9999.000,9999.000,9999.000
202604101618,   0.794,  -0.370,9999.000,9999.000,9999.000,9999.000,9999.000,9999.000,9999.000
202604101624,   0.830,  -0.341,9999.000,9999.000,9999.000,9999.000,9999.000,9999.000,9999.000
202604101630,   0.866,  -0.308,9999.000,9999.000,9999.000,9999.000,9999.000,9999.000,9999.000
202604101636,   0.902,  -0.288,9999.000,9999.000,9999.000,9999.000,9999.000,9999.000,9999.000
202604101642,   0.938,  -0.259,9999.000,9999.000,9999.000,9999.000,9999.000,9999.000,9999.000
202604101648,   0.975,  -0.239,9999.000,9999.000,9999.000,9999.000,9999.000,9999.000,9999.000
202604101654,   1.012,  -0.219,9999.000,9999.000,9999.000,9999.000,9999.000,9999.000,9999.000
202604101700,   1.048,  -0.190,   0.300,  -1.538,  -0.190,   0.300,  -0.190,   0.300,  -0.190
202604101706,   1.084,  -0.160,9999.000,9999.000,9999.000,9999.000,9999.000,9999.000,9999.000
202604101712,   1.120,  -0.141,9999.000,9999.000,9999.000,9999.000,9999.000,9999.000,9999.000
202604101718,   1.156,  -0.111,9999.000,9999.000,9999.000,9999.000,9999.000,9999.000,9999.000
202604101724,   1.191,  -0.078,9999.000,9999.000,9999.000,9999.000,9999.000,9999.000,9999.000
202604101730,   1.225,  -0.059,9999.000,9999.000,9999.000,9999.000,9999.000,9999.000,9999.000
202604101736,   1.259,  -0.039,9999.000,9999.000,9999.000,9999.000,9999.000,9999.000,9999.000
202604101742,   1.292,  -0.009,9999.000,9999.000,9999.000,9999.000,9999.000,9999.000,9999.000
202604101748,   1.325,   0.019,9999.000,9999.000,9999.000,9999.000,9999.000,9999.000,9999.000
202604101754,   1.357,   0.049,9999.000,9999.000,9999.000,9999.000,9999.000,9999.000,9999.000
202604101800,   1.388,   0.049,   0.300,  -1.639,   0.049,   0.200,  -0.051,   0.300,   0.049
202604101806,   1.417,9999.000,9999.000,9999.000,9999.000,9999.000,9999.000,9999.000,9999.000
202604101812,   1.446,9999.000,9999.000,9999.000,9999.000,9999.000,9999.000,9999.000,9999.000
202604101818,   1.473,9999.000,9999.000,9999.000,9999.000,9999.000,9999.000,9999.000,9999.000
202604101824,   1.499,9999.000,9999.000,9999.000,9999.000,9999.000,9999.000,9999.000,9999.000
202604101830,   1.524,9999.000,9999.000,9999.000,9999.000,9999.000,9999.000,9999.000,9999.000
202604101836,   1.547,9999.000,9999.000,9999.000,9999.000,9999.000,9999.000,9999.000,9999.000
202604101842,   1.568,9999.000,9999.000,9999.000,9999.000,9999.000,9999.000,9999.000,9999.000
202604101848,   1.586,9999.000,9999.000,9999.000,9999.000,9999.000,9999.000,9999.000,9999.000
202604101854,   1.603,9999.000,9999.000,9999.000,9999.000,9999.000,9999.000,9999.000,9999.000
202604101900,   1.617,9999.000,   0.200,  -1.613,   0.204,   0.200,   0.204,   0.300,   0.304
202604101906,   1.629,9999.000,9999.000,9999.000,9999.000,9999.000,9999.000,9999.000,9999.000
202604101912,   1.638,9999.000,9999.000,9999.000,9999.000,9999.000,9999.000,9999.000,9999.000
202604101918,   1.645,9999.000,9999.000,9999.000,9999.000,9999.000,9999.000,9999.000,9999.000
202604101924,   1.648,9999.000,9999.000,9999.000,9999.000,9999.000,9999.000,9999.000,9999.000
202604101930,   1.649,9999.000,9999.000,9999.000,9999.000,9999.000,9999.000,9999.000,9999.000
202604101936,   1.647,9999.000,9999.000,9999.000,9999.000,9999.000,9999.000,9999.000,9999.000
202604101942,   1.641,9999.000,9999.000,9999.000,9999.000,9999.000,9999.000,9999.000,9999.000
202604101948,   1.633,9999.000,9999.000,9999.000,9999.000,9999.000,9999.000,9999.000,9999.000
202604101954,   1.622,9999.000,9999.000,9999.000,9999.000,9999.000,9999.000,9999.000,9999.000
202604102000,   1.608,9999.000,   0.200,  -1.587,   0.221,   0.200,   0.221,   0.300,   0.321
202604102006,   1.592,9999.000,9999.000,9999.000,9999.000,9999.000,9999.000,9999.000,9999.000
202604102012,   1.573,9999.000,9999.000,9999.000,9999.000,9999.000,9999.000,9999.000,9999.000
202604102018,   1.551,9999.000,9999.000,9999.000,9999.000,9999.000,9999.000,9999.000,9999.000
202604102024,   1.528,9999.000,9999.000,9999.000,9999.000,9999.000,9999.000,9999.000,9999.000
202604102030,   1.503,9999.000,9999.000,9999.000,9999.000,9999.000,9999.000,9999.000,9999.000
202604102036,   1.476,9999.000,9999.000,9999.000,9999.000,9999.000,9999.000,9999.000,9999.000
202604102042,   1.448,9999.000,9999.000,9999.000,9999.000,9999.000,9999.000,9999.000,9999.000
202604102048,   1.419,9999.000,9999.000,9999.000,9999.000,9999.000,9999.000,9999.000,9999.000
202604102054,   1.389,9999.000,9999.000,9999.000,9999.000,9999.000,9999.000,9999.000,9999.000
202604102100,   1.359,9999.000,   0.200,  -1.560,  -0.001,   0.200,  -0.001,   0.300,   0.099
202604102106,   1.329,9999.000,9999.000,9999.000,9999.000,9999.000,9999.000,9999.000,9999.000
202604102112,   1.299,9999.000,9999.000,9999.000,9999.000,9999.000,9999.000,9999.000,9999.000
202604102118,   1.270,9999.000,9999.000,9999.000,9999.000,9999.000,9999.000,9999.000,9999.000
202604102124,   1.241,9999.000,9999.000,9999.000,9999.000,9999.000,9999.000,9999.000,9999.000
202604102130,   1.213,9999.000,9999.000,9999.000,9999.000,9999.000,9999.000,9999.000,9999.000
202604102136,   1.186,9999.000,9999.000,9999.000,9999.000,9999.000,9999.000,9999.000,9999.000
202604102142,   1.160,9999.000,9999.000,9999.000,9999.000,9999.000,9999.000,9999.000,9999.000
202604102148,   1.135,9999.000,9999.000,9999.000,9999.000,9999.000,9999.000,9999.000,9999.000
202604102154,   1.111,9999.000,9999.000,9999.000,9999.000,9999.000,9999.000,9999.000,9999.000
202604102200,   1.089,9999.000,   0.200,  -1.534,  -0.245,   0.200,  -0.245,   0.300,  -0.145
202604102206,   1.068,9999.000,9999.000,9999.000,9999.000,9999.000,9999.000,9999.000,9999.000
202604102212,   1.047,9999.000,9999.000,9999.000,9999.000,9999.000,9999.000,9999.000,9999.000
202604102218,   1.028,9999.000,9999.000,9999.000,9999.000,9999.000,9999.000,9999.000,9999.000
202604102224,   1.010,9999.000,9999.000,9999.000,9999.000,9999.000,9999.000,9999.000,9999.000
202604102230,   0.993,9999.000,9999.000,9999.000,9999.000,9999.000,9999.000,9999.000,9999.000
202604102236,   0.977,9999.000,9999.000,9999.000,9999.000,9999.000,9999.000,9999.000,9999.000
202604102242,   0.960,9999.000,9999.000,9999.000,9999.000,9999.000,9999.000,9999.000,9999.000
202604102248,   0.945,9999.000,9999.000,9999.000,9999.000,9999.000,9999.000,9999.000,9999.000
202604102254,   0.929,9999.000,9999.000,9999.000,9999.000,9999.000,9999.000,9999.000,9999.000
202604102300,   0.914,9999.000,   0.200,  -1.508,  -0.394,   0.200,  -0.394,   0.300,  -0.294
202604102306,   0.899,9999.000,9999.000,9999.000,9999.000,9999.000,9999.000,9999.000,9999.000
202604102312,   0.883,9999.000,9999.000,9999.000,9999.000,9999.000,9999.000,9999.000,9999.000
202604102318,   0.867,9999.000,9999.000,9999.000,9999.000,9999.000,9999.000,9999.000,9999.000
202604102324,   0.851,9999.000,9999.000,9999.000,9999.000,9999.000,9999.000,9999.000,9999.000
202604102330,   0.834,9999.000,9999.000,9999.000,9999.000,9999.000,9999.000,9999.000,9999.000
202604102336,   0.817,9999.000,9999.000,9999.000,9999.000,9999.000,9999.000,9999.000,9999.000
202604102342,   0.799,9999.000,9999.000,9999.000,9999.000,9999.000,9999.000,9999.000,9999.000
202604102348,   0.781,9999.000,9999.000,9999.000,9999.000,9999.000,9999.000,9999.000,9999.000
202604102354,   0.762,9999.000,9999.000,9999.000,9999.000,9999.000,9999.000,9999.000,9999.000
202604110000,   0.742,9999.000,   0.200,  -1.482,  -0.540,   0.200,  -0.540,   0.300,  -0.440
202604110006,   0.723,9999.000,9999.000,9999.000,9999.000,9999.000,9999.000,9999.000,9999.000
202604110012,   0.703,9999.000,9999.000,9999.000,9999.000,9999.000,9999.000,9999.000,9999.000
202604110018,   0.682,9999.000,9999.000,9999.000,9999.000,9999.000,9999.000,9999.000,9999.000
202604110024,   0.662,9999.000,9999.000,9999.000,9999.000,9999.000,9999.000,9999.000,9999.000
202604110030,   0.641,9999.000,9999.000,9999.000,9999.000,9999.000,9999.000,9999.000,9999.000
202604110036,   0.621,9999.000,9999.000,9999.000,9999.000,9999.000,9999.000,9999.000,9999.000
202604110042,   0.601,9999.000,9999.000,9999.000,9999.000,9999.000,9999.000,9999.000,9999.000
202604110048,   0.581,9999.000,9999.000,9999.000,9999.000,9999.000,9999.000,9999.000,9999.000
202604110054,   0.561,9999.000,9999.000,9999.000,9999.000,9999.000,9999.000,9999.000,9999.000
202604110100,   0.542,9999.000,   0.200,  -1.456,  -0.714,   0.100,  -0.814,   0.300,  -0.614
202604110106,   0.523,9999.000,9999.000,9999.000,9999.000,9999.000,9999.000,9999.000,9999.000
202604110112,   0.506,9999.000,9999.000,9999.000,9999.000,9999.000,9999.000,9999.000,9999.000
202604110118,   0.489,9999.000,9999.000,9999.000,9999.000,9999.000,9999.000,9999.000,9999.000
202604110124,   0.473,9999.000,9999.000,9999.000,9999.000,9999.000,9999.000,9999.000,9999.000
202604110130,   0.459,9999.000,9999.000,9999.000,9999.000,9999.000,9999.000,9999.000,9999.000
202604110136,   0.445,9999.000,9999.000,9999.000,9999.000,9999.000,9999.000,9999.000,9999.000
202604110142,   0.433,9999.000,9999.000,9999.000,9999.000,9999.000,9999.000,9999.000,9999.000
202604110148,   0.422,9999.000,9999.000,9999.000,9999.000,9999.000,9999.000,9999.000,9999.000
202604110154,   0.412,9999.000,9999.000,9999.000,9999.000,9999.000,9999.000,9999.000,9999.000
202604110200,   0.404,9999.000,   0.200,  -1.429,  -0.825,   0.100,  -0.925,   0.300,  -0.725
202604110206,   0.398,9999.000,9999.000,9999.000,9999.000,9999.000,9999.000,9999.000,9999.000
202604110212,   0.393,9999.000,9999.000,9999.000,9999.000,9999.000,9999.000,9999.000,9999.000
202604110218,   0.391,9999.000,9999.000,9999.000,9999.000,9999.000,9999.000,9999.000,9999.000
202604110224,   0.390,9999.000,9999.000,9999.000,9999.000,9999.000,9999.000,9999.000,9999.000
202604110230,   0.391,9999.000,9999.000,9999.000,9999.000,9999.000,9999.000,9999.000,9999.000
202604110236,   0.394,9999.000,9999.000,9999.000,9999.000,9999.000,9999.000,9999.000,9999.000
202604110242,   0.399,9999.000,9999.000,9999.000,9999.000,9999.000,9999.000,9999.000,9999.000
202604110248,   0.407,9999.000,9999.000,9999.000,9999.000,9999.000,9999.000,9999.000,9999.000
202604110254,   0.416,9999.000,9999.000,9999.000,9999.000,9999.000,9999.000,9999.000,9999.000
202604110300,   0.428,9999.000,   0.200,  -1.403,  -0.775,   0.100,  -0.875,   0.200,  -0.775
202604110306,   0.443,9999.000,9999.000,9999.000,9999.000,9999.000,9999.000,9999.000,9999.000
202604110312,   0.459,9999.000,9999.000,9999.000,9999.000,9999.000,9999.000,9999.000,9999.000
202604110318,   0.478,9999.000,9999.000,9999.000,9999.000,9999.000,9999.000,9999.000,9999.000
202604110324,   0.500,9999.000,9999.000,9999.000,9999.000,9999.000,9999.000,9999.000,9999.000
202604110330,   0.523,9999.000,9999.000,9999.000,9999.000,9999.000,9999.000,9999.000,9999.000
202604110336,   0.550,9999.000,9999.000,9999.000,9999.000,9999.000,9999.000,9999.000,9999.000
202604110342,   0.578,9999.000,9999.000,9999.000,9999.000,9999.000,9999.000,9999.000,9999.000
202604110348,   0.608,9999.000,9999.000,9999.000,9999.000,9999.000,9999.000,9999.000,9999.000
202604110354,   0.641,9999.000,9999.000,9999.000,9999.000,9999.000,9999.000,9999.000,9999.000
202604110400,   0.675,9999.000,   0.100,  -1.377,  -0.602,   0.100,  -0.602,   0.200,  -0.502
202604110406,   0.711,9999.000,9999.000,9999.000,9999.000,9999.000,9999.000,9999.000,9999.000
202604110412,   0.749,9999.000,9999.000,9999.000,9999.000,9999.000,9999.000,9999.000,9999.000
202604110418,   0.789,9999.000,9999.000,9999.000,9999.000,9999.000,9999.000,9999.000,9999.000
202604110424,   0.830,9999.000,9999.000,9999.000,9999.000,9999.000,9999.000,9999.000,9999.000
202604110430,   0.872,9999.000,9999.000,9999.000,9999.000,9999.000,9999.000,9999.000,9999.000
202604110436,   0.915,9999.000,9999.000,9999.000,9999.000,9999.000,9999.000,9999.000,9999.000
202604110442,   0.959,9999.000,9999.000,9999.000,9999.000,9999.000,9999.000,9999.000,9999.000
202604110448,   1.003,9999.000,9999.000,9999.000,9999.000,9999.000,9999.000,9999.000,9999.000
202604110454,   1.048,9999.000,9999.000,9999.000,9999.000,9999.000,9999.000,9999.000,9999.000
202604110500,   1.094,9999.000,   0.100,  -1.351,  -0.157,   0.100,  -0.157,   0.200,  -0.057
202604110506,   1.139,9999.000,9999.000,9999.000,9999.000,9999.000,9999.000,9999.000,9999.000
202604110512,   1.185,9999.000,9999.000,9999.000,9999.000,9999.000,9999.000,9999.000,9999.000
202604110518,   1.231,9999.000,9999.000,9999.000,9999.000,9999.000,9999.000,9999.000,9999.000
202604110524,   1.276,9999.000,9999.000,9999.000,9999.000,9999.000,9999.000,9999.000,9999.000
202604110530,   1.321,9999.000,9999.000,9999.000,9999.000,9999.000,9999.000,9999.000,9999.000
202604110536,   1.366,9999.000,9999.000,9999.000,9999.000,9999.000,9999.000,9999.000,9999.000
202604110542,   1.411,9999.000,9999.000,9999.000,9999.000,9999.000,9999.000,9999.000,9999.000
202604110548,   1.454,9999.000,9999.000,9999.000,9999.000,9999.000,9999.000,9999.000,9999.000
202604110554,   1.497,9999.000,9999.000,9999.000,9999.000,9999.000,9999.000,9999.000,9999.000
202604110600,   1.540,9999.000,   0.100,  -1.325,   0.315,   0.000,   0.215,   0.200,   0.415
202604110606,   1.581,9999.000,9999.000,9999.000,9999.000,9999.000,9999.000,9999.000,9999.000
202604110612,   1.621,9999.000,9999.000,9999.000,9999.000,9999.000,9999.000,9999.000,9999.000
202604110618,   1.661,9999.000,9999.000,9999.000,9999.000,9999.000,9999.000,9999.000,9999.000
202604110624,   1.699,9999.000,9999.000,9999.000,9999.000,9999.000,9999.000,9999.000,9999.000
202604110630,   1.736,9999.000,9999.000,9999.000,9999.000,9999.000,9999.000,9999.000,9999.000
202604110636,   1.771,9999.000,9999.000,9999.000,9999.000,9999.000,9999.000,9999.000,9999.000
202604110642,   1.805,9999.000,9999.000,9999.000,9999.000,9999.000,9999.000,9999.000,9999.000
202604110648,   1.837,9999.000,9999.000,9999.000,9999.000,9999.000,9999.000,9999.000,9999.000
202604110654,   1.867,9999.000,9999.000,9999.000,9999.000,9999.000,9999.000,9999.000,9999.000
202604110700,   1.895,9999.000,   0.100,  -1.325,   0.670,   0.000,   0.570,   0.100,   0.670
202604110706,   1.921,9999.000,9999.000,9999.000,9999.000,9999.000,9999.000,9999.000,9999.000
202604110712,   1.944,9999.000,9999.000,9999.000,9999.000,9999.000,9999.000,9999.000,9999.000
202604110718,   1.965,9999.000,9999.000,9999.000,9999.000,9999.000,9999.000,9999.000,9999.000
202604110724,   1.983,9999.000,9999.000,9999.000,9999.000,9999.000,9999.000,9999.000,9999.000
202604110730,   1.998,9999.000,9999.000,9999.000,9999.000,9999.000,9999.000,9999.000,9999.000
202604110736,   2.009,9999.000,9999.000,9999.000,9999.000,9999.000,9999.000,9999.000,9999.000
202604110742,   2.018,9999.000,9999.000,9999.000,9999.000,9999.000,9999.000,9999.000,9999.000
202604110748,   2.024,9999.000,9999.000,9999.000,9999.000,9999.000,9999.000,9999.000,9999.000
202604110754,   2.026,9999.000,9999.000,9999.000,9999.000,9999.000,9999.000,9999.000,9999.000
202604110800,   2.024,9999.000,   0.100,  -1.325,   0.799,   0.000,   0.699,   0.100,   0.799
202604110806,   2.019,9999.000,9999.000,9999.000,9999.000,9999.000,9999.000,9999.000,9999.000
202604110812,   2.011,9999.000,9999.000,9999.000,9999.000,9999.000,9999.000,9999.000,9999.000
202604110818,   1.999,9999.000,9999.000,9999.000,9999.000,9999.000,9999.000,9999.000,9999.000
202604110824,   1.985,9999.000,9999.000,9999.000,9999.000,9999.000,9999.000,9999.000,9999.000
202604110830,   1.967,9999.000,9999.000,9999.000,9999.000,9999.000,9999.000,9999.000,9999.000
202604110836,   1.946,9999.000,9999.000,9999.000,9999.000,9999.000,9999.000,9999.000,9999.000
202604110842,   1.922,9999.000,9999.000,9999.000,9999.000,9999.000,9999.000,9999.000,9999.000
202604110848,   1.896,9999.000,9999.000,9999.000,9999.000,9999.000,9999.000,9999.000,9999.000
202604110854,   1.867,9999.000,9999.000,9999.000,9999.000,9999.000,9999.000,9999.000,9999.000
202604110900,   1.837,9999.000,   0.100,  -1.325,   0.612,   0.000,   0.512,   0.100,   0.612
202604110906,   1.805,9999.000,9999.000,9999.000,9999.000,9999.000,9999.000,9999.000,9999.000
202604110912,   1.771,9999.000,9999.000,9999.000,9999.000,9999.000,9999.000,9999.000,9999.000
202604110918,   1.737,9999.000,9999.000,9999.000,9999.000,9999.000,9999.000,9999.000,9999.000
202604110924,   1.702,9999.000,9999.000,9999.000,9999.000,9999.000,9999.000,9999.000,9999.000
202604110930,   1.666,9999.000,9999.000,9999.000,9999.000,9999.000,9999.000,9999.000,9999.000
202604110936,   1.630,9999.000,9999.000,9999.000,9999.000,9999.000,9999.000,9999.000,9999.000
202604110942,   1.595,9999.000,9999.000,9999.000,9999.000,9999.000,9999.000,9999.000,9999.000
202604110948,   1.560,9999.000,9999.000,9999.000,9999.000,9999.000,9999.000,9999.000,9999.000
202604110954,   1.525,9999.000,9999.000,9999.000,9999.000,9999.000,9999.000,9999.000,9999.000
202604111000,   1.492,9999.000,   0.100,  -1.325,   0.267,   0.000,   0.167,   0.100,   0.267
202604111006,   1.459,9999.000,9999.000,9999.000,9999.000,9999.000,9999.000,9999.000,9999.000
202604111012,   1.427,9999.000,9999.000,9999.000,9999.000,9999.000,9999.000,9999.000,9999.000
202604111018,   1.397,9999.000,9999.000,9999.000,9999.000,9999.000,9999.000,9999.000,9999.000
202604111024,   1.368,9999.000,9999.000,9999.000,9999.000,9999.000,9999.000,9999.000,9999.000
202604111030,   1.340,9999.000,9999.000,9999.000,9999.000,9999.000,9999.000,9999.000,9999.000
202604111036,   1.313,9999.000,9999.000,9999.000,9999.000,9999.000,9999.000,9999.000,9999.000
202604111042,   1.287,9999.000,9999.000,9999.000,9999.000,9999.000,9999.000,9999.000,9999.000
202604111048,   1.262,9999.000,9999.000,9999.000,9999.000,9999.000,9999.000,9999.000,9999.000
202604111054,   1.239,9999.000,9999.000,9999.000,9999.000,9999.000,9999.000,9999.000,9999.000
202604111100,   1.216,9999.000,   0.100,  -1.325,  -0.009,   0.000,  -0.109,   0.100,  -0.009
202604111106,   1.193,9999.000,9999.000,9999.000,9999.000,9999.000,9999.000,9999.000,9999.000
202604111112,   1.171,9999.000,9999.000,9999.000,9999.000,9999.000,9999.000,9999.000,9999.000
202604111118,   1.150,9999.000,9999.000,9999.000,9999.000,9999.000,9999.000,9999.000,9999.000
202604111124,   1.129,9999.000,9999.000,9999.000,9999.000,9999.000,9999.000,9999.000,9999.000
202604111130,   1.107,9999.000,9999.000,9999.000,9999.000,9999.000,9999.000,9999.000,9999.000
202604111136,   1.086,9999.000,9999.000,9999.000,9999.000,9999.000,9999.000,9999.000,9999.000
202604111142,   1.065,9999.000,9999.000,9999.000,9999.000,9999.000,9999.000,9999.000,9999.000
202604111148,   1.043,9999.000,9999.000,9999.000,9999.000,9999.000,9999.000,9999.000,9999.000
202604111154,   1.021,9999.000,9999.000,9999.000,9999.000,9999.000,9999.000,9999.000,9999.000
202604111200,   0.999,9999.000,   0.100,  -1.325,  -0.226,   0.000,  -0.326,   0.100,  -0.226
202604111206,   0.976,9999.000,9999.000,9999.000,9999.000,9999.000,9999.000,9999.000,9999.000
202604111212,   0.952,9999.000,9999.000,9999.000,9999.000,9999.000,9999.000,9999.000,9999.000
202604111218,   0.929,9999.000,9999.000,9999.000,9999.000,9999.000,9999.000,9999.000,9999.000
202604111224,   0.904,9999.000,9999.000,9999.000,9999.000,9999.000,9999.000,9999.000,9999.000
202604111230,   0.880,9999.000,9999.000,9999.000,9999.000,9999.000,9999.000,9999.000,9999.000
202604111236,   0.855,9999.000,9999.000,9999.000,9999.000,9999.000,9999.000,9999.000,9999.000
202604111242,   0.830,9999.000,9999.000,9999.000,9999.000,9999.000,9999.000,9999.000,9999.000
202604111248,   0.804,9999.000,9999.000,9999.000,9999.000,9999.000,9999.000,9999.000,9999.000
202604111254,   0.779,9999.000,9999.000,9999.000,9999.000,9999.000,9999.000,9999.000,9999.000
202604111300,   0.753,9999.000,   0.100,  -1.325,  -0.472,   0.000,  -0.572,   0.200,  -0.372
202604111306,   0.727,9999.000,9999.000,9999.000,9999.000,9999.000,9999.000,9999.000,9999.000
202604111312,   0.702,9999.000,9999.000,9999.000,9999.000,9999.000,9999.000,9999.000,9999.000
202604111318,   0.677,9999.000,9999.000,9999.000,9999.000,9999.000,9999.000,9999.000,9999.000
202604111324,   0.652,9999.000,9999.000,9999.000,9999.000,9999.000,9999.000,9999.000,9999.000
202604111330,   0.627,9999.000,9999.000,9999.000,9999.000,9999.000,9999.000,9999.000,9999.000
202604111336,   0.604,9999.000,9999.000,9999.000,9999.000,9999.000,9999.000,9999.000,9999.000
202604111342,   0.580,9999.000,9999.000,9999.000,9999.000,9999.000,9999.000,9999.000,9999.000
202604111348,   0.558,9999.000,9999.000,9999.000,9999.000,9999.000,9999.000,9999.000,9999.000
202604111354,   0.536,9999.000,9999.000,9999.000,9999.000,9999.000,9999.000,9999.000,9999.000
202604111400,   0.515,9999.000,   0.100,  -1.325,  -0.710,   0.100,  -0.710,   0.200,  -0.610
202604111406,   0.495,9999.000,9999.000,9999.000,9999.000,9999.000,9999.000,9999.000,9999.000
202604111412,   0.476,9999.000,9999.000,9999.000,9999.000,9999.000,9999.000,9999.000,9999.000
202604111418,   0.458,9999.000,9999.000,9999.000,9999.000,9999.000,9999.000,9999.000,9999.000
202604111424,   0.441,9999.000,9999.000,9999.000,9999.000,9999.000,9999.000,9999.000,9999.000
202604111430,   0.426,9999.000,9999.000,9999.000,9999.000,9999.000,9999.000,9999.000,9999.000
202604111436,   0.412,9999.000,9999.000,9999.000,9999.000,9999.000,9999.000,9999.000,9999.000
202604111442,   0.399,9999.000,9999.000,9999.000,9999.000,9999.000,9999.000,9999.000,9999.000
202604111448,   0.388,9999.000,9999.000,9999.000,9999.000,9999.000,9999.000,9999.000,9999.000
202604111454,   0.378,9999.000,9999.000,9999.000,9999.000,9999.000,9999.000,9999.000,9999.000
202604111500,   0.371,9999.000,   0.200,  -1.325,  -0.754,   0.100,  -0.854,   0.200,  -0.754
202604111506,   0.365,9999.000,9999.000,9999.000,9999.000,9999.000,9999.000,9999.000,9999.000
202604111512,   0.361,9999.000,9999.000,9999.000,9999.000,9999.000,9999.000,9999.000,9999.000
202604111518,   0.358,9999.000,9999.000,9999.000,9999.000,9999.000,9999.000,9999.000,9999.000
202604111524,   0.358,9999.000,9999.000,9999.000,9999.000,9999.000,9999.000,9999.000,9999.000
202604111530,   0.360,9999.000,9999.000,9999.000,9999.000,9999.000,9999.000,9999.000,9999.000
202604111536,   0.364,9999.000,9999.000,9999.000,9999.000,9999.000,9999.000,9999.000,9999.000
202604111542,   0.371,9999.000,9999.000,9999.000,9999.000,9999.000,9999.000,9999.000,9999.000
202604111548,   0.379,9999.000,9999.000,9999.000,9999.000,9999.000,9999.000,9999.000,9999.000
202604111554,   0.390,9999.000,9999.000,9999.000,9999.000,9999.000,9999.000,9999.000,9999.000
202604111600,   0.403,9999.000,   0.200,  -1.325,  -0.722,   0.100,  -0.822,   0.300,  -0.622
202604111606,   0.418,9999.000,9999.000,9999.000,9999.000,9999.000,9999.000,9999.000,9999.000
202604111612,   0.436,9999.000,9999.000,9999.000,9999.000,9999.000,9999.000,9999.000,9999.000
202604111618,   0.455,9999.000,9999.000,9999.000,9999.000,9999.000,9999.000,9999.000,9999.000
202604111624,   0.477,9999.000,9999.000,9999.000,9999.000,9999.000,9999.000,9999.000,9999.000
202604111630,   0.500,9999.000,9999.000,9999.000,9999.000,9999.000,9999.000,9999.000,9999.000
202604111636,   0.526,9999.000,9999.000,9999.000,9999.000,9999.000,9999.000,9999.000,9999.000
202604111642,   0.553,9999.000,9999.000,9999.000,9999.000,9999.000,9999.000,9999.000,9999.000
202604111648,   0.582,9999.000,9999.000,9999.000,9999.000,9999.000,9999.000,9999.000,9999.000
202604111654,   0.612,9999.000,9999.000,9999.000,9999.000,9999.000,9999.000,9999.000,9999.000
202604111700,   0.644,9999.000,   0.300,  -1.325,  -0.381,   0.200,  -0.481,   0.400,  -0.281
202604111706,   0.676,9999.000,9999.000,9999.000,9999.000,9999.000,9999.000,9999.000,9999.000
202604111712,   0.711,9999.000,9999.000,9999.000,9999.000,9999.000,9999.000,9999.000,9999.000
202604111718,   0.746,9999.000,9999.000,9999.000,9999.000,9999.000,9999.000,9999.000,9999.000
202604111724,   0.782,9999.000,9999.000,9999.000,9999.000,9999.000,9999.000,9999.000,9999.000
202604111730,   0.818,9999.000,9999.000,9999.000,9999.000,9999.000,9999.000,9999.000,9999.000
202604111736,   0.856,9999.000,9999.000,9999.000,9999.000,9999.000,9999.000,9999.000,9999.000
202604111742,   0.894,9999.000,9999.000,9999.000,9999.000,9999.000,9999.000,9999.000,9999.000
202604111748,   0.932,9999.000,9999.000,9999.000,9999.000,9999.000,9999.000,9999.000,9999.000
202604111754,   0.971,9999.000,9999.000,9999.000,9999.000,9999.000,9999.000,9999.000,9999.000
202604111800,   1.010,9999.000,   0.300,  -1.325,  -0.015,   0.200,  -0.115,   0.500,   0.185
202604111806,   1.050,9999.000,9999.000,9999.000,9999.000,9999.000,9999.000,9999.000,9999.000
202604111812,   1.089,9999.000,9999.000,9999.000,9999.000,9999.000,9999.000,9999.000,9999.000
202604111818,   1.129,9999.000,9999.000,9999.000,9999.000,9999.000,9999.000,9999.000,9999.000
202604111824,   1.168,9999.000,9999.000,9999.000,9999.000,9999.000,9999.000,9999.000,9999.000
202604111830,   1.208,9999.000,9999.000,9999.000,9999.000,9999.000,9999.000,9999.000,9999.000
202604111836,   1.247,9999.000,9999.000,9999.000,9999.000,9999.000,9999.000,9999.000,9999.000
202604111842,   1.286,9999.000,9999.000,9999.000,9999.000,9999.000,9999.000,9999.000,9999.000
202604111848,   1.324,9999.000,9999.000,9999.000,9999.000,9999.000,9999.000,9999.000,9999.000
202604111854,   1.362,9999.000,9999.000,9999.000,9999.000,9999.000,9999.000,9999.000,9999.000
202604111900,   1.400,9999.000,   0.300,  -1.325,   0.375,   0.200,   0.275,   0.500,   0.575
202604111906,   1.436,9999.000,9999.000,9999.000,9999.000,9999.000,9999.000,9999.000,9999.000
202604111912,   1.471,9999.000,9999.000,9999.000,9999.000,9999.000,9999.000,9999.000,9999.000
202604111918,   1.505,9999.000,9999.000,9999.000,9999.000,9999.000,9999.000,9999.000,9999.000
202604111924,   1.538,9999.000,9999.000,9999.000,9999.000,9999.000,9999.000,9999.000,9999.000
202604111930,   1.569,9999.000,9999.000,9999.000,9999.000,9999.000,9999.000,9999.000,9999.000
202604111936,   1.598,9999.000,9999.000,9999.000,9999.000,9999.000,9999.000,9999.000,9999.000
202604111942,   1.625,9999.000,9999.000,9999.000,9999.000,9999.000,9999.000,9999.000,9999.000
202604111948,   1.650,9999.000,9999.000,9999.000,9999.000,9999.000,9999.000,9999.000,9999.000
202604111954,   1.673,9999.000,9999.000,9999.000,9999.000,9999.000,9999.000,9999.000,9999.000
202604112000,   1.693,9999.000,   0.400,  -1.325,   0.768,   0.300,   0.668,   0.500,   0.868
202604112006,   1.710,9999.000,9999.000,9999.000,9999.000,9999.000,9999.000,9999.000,9999.000
202604112012,   1.724,9999.000,9999.000,9999.000,9999.000,9999.000,9999.000,9999.000,9999.000
202604112018,   1.736,9999.000,9999.000,9999.000,9999.000,9999.000,9999.000,9999.000,9999.000
202604112024,   1.744,9999.000,9999.000,9999.000,9999.000,9999.000,9999.000,9999.000,9999.000
202604112030,   1.748,9999.000,9999.000,9999.000,9999.000,9999.000,9999.000,9999.000,9999.000
202604112036,   1.750,9999.000,9999.000,9999.000,9999.000,9999.000,9999.000,9999.000,9999.000
202604112042,   1.749,9999.000,9999.000,9999.000,9999.000,9999.000,9999.000,9999.000,9999.000
202604112048,   1.744,9999.000,9999.000,9999.000,9999.000,9999.000,9999.000,9999.000,9999.000
202604112054,   1.736,9999.000,9999.000,9999.000,9999.000,9999.000,9999.000,9999.000,9999.000
202604112100,   1.725,9999.000,   0.400,  -1.325,   0.800,   0.300,   0.700,   0.400,   0.800
202604112106,   1.712,9999.000,9999.000,9999.000,9999.000,9999.000,9999.000,9999.000,9999.000
202604112112,   1.696,9999.000,9999.000,9999.000,9999.000,9999.000,9999.000,9999.000,9999.000
202604112118,   1.677,9999.000,9999.000,9999.000,9999.000,9999.000,9999.000,9999.000,9999.000
202604112124,   1.656,9999.000,9999.000,9999.000,9999.000,9999.000,9999.000,9999.000,9999.000
202604112130,   1.634,9999.000,9999.000,9999.000,9999.000,9999.000,9999.000,9999.000,9999.000
202604112136,   1.610,9999.000,9999.000,9999.000,9999.000,9999.000,9999.000,9999.000,9999.000
202604112142,   1.585,9999.000,9999.000,9999.000,9999.000,9999.000,9999.000,9999.000,9999.000
202604112148,   1.558,9999.000,9999.000,9999.000,9999.000,9999.000,9999.000,9999.000,9999.000
202604112154,   1.531,9999.000,9999.000,9999.000,9999.000,9999.000,9999.000,9999.000,9999.000
202604112200,   1.504,9999.000,   0.400,  -1.325,   0.579,   0.300,   0.479,   0.500,   0.679
202604112206,   1.476,9999.000,9999.000,9999.000,9999.000,9999.000,9999.000,9999.000,9999.000
202604112212,   1.448,9999.000,9999.000,9999.000,9999.000,9999.000,9999.000,9999.000,9999.000
202604112218,   1.421,9999.000,9999.000,9999.000,9999.000,9999.000,9999.000,9999.000,9999.000
202604112224,   1.394,9999.000,9999.000,9999.000,9999.000,9999.000,9999.000,9999.000,9999.000
202604112230,   1.368,9999.000,9999.000,9999.000,9999.000,9999.000,9999.000,9999.000,9999.000
202604112236,   1.342,9999.000,9999.000,9999.000,9999.000,9999.000,9999.000,9999.000,9999.000
202604112242,   1.318,9999.000,9999.000,9999.000,9999.000,9999.000,9999.000,9999.000,9999.000
202604112248,   1.294,9999.000,9999.000,9999.000,9999.000,9999.000,9999.000,9999.000,9999.000
202604112254,   1.271,9999.000,9999.000,9999.000,9999.000,9999.000,9999.000,9999.000,9999.000
202604112300,   1.248,9999.000,   0.300,  -1.325,   0.223,   0.300,   0.223,   0.400,   0.323
202604112306,   1.227,9999.000,9999.000,9999.000,9999.000,9999.000,9999.000,9999.000,9999.000
202604112312,   1.206,9999.000,9999.000,9999.000,9999.000,9999.000,9999.000,9999.000,9999.000
202604112318,   1.186,9999.000,9999.000,9999.000,9999.000,9999.000,9999.000,9999.000,9999.000
202604112324,   1.166,9999.000,9999.000,9999.000,9999.000,9999.000,9999.000,9999.000,9999.000
202604112330,   1.147,9999.000,9999.000,9999.000,9999.000,9999.000,9999.000,9999.000,9999.000
202604112336,   1.128,9999.000,9999.000,9999.000,9999.000,9999.000,9999.000,9999.000,9999.000
202604112342,   1.109,9999.000,9999.000,9999.000,9999.000,9999.000,9999.000,9999.000,9999.000
202604112348,   1.091,9999.000,9999.000,9999.000,9999.000,9999.000,9999.000,9999.000,9999.000
202604112354,   1.072,9999.000,9999.000,9999.000,9999.000,9999.000,9999.000,9999.000,9999.000
202604120000,   1.052,9999.000,   0.300,  -1.325,   0.027,   0.300,   0.027,   0.400,   0.127
202604120006,   1.033,9999.000,9999.000,9999.000,9999.000,9999.000,9999.000,9999.000,9999.000
202604120012,   1.013,9999.000,9999.000,9999.000,9999.000,9999.000,9999.000,9999.000,9999.000
202604120018,   0.992,9999.000,9999.000,9999.000,9999.000,9999.000,9999.000,9999.000,9999.000
202604120024,   0.971,9999.000,9999.000,9999.000,9999.000,9999.000,9999.000,9999.000,9999.000
202604120030,   0.949,9999.000,9999.000,9999.000,9999.000,9999.000,9999.000,9999.000,9999.000
202604120036,   0.927,9999.000,9999.000,9999.000,9999.000,9999.000,9999.000,9999.000,9999.000
202604120042,   0.904,9999.000,9999.000,9999.000,9999.000,9999.000,9999.000,9999.000,9999.000
202604120048,   0.881,9999.000,9999.000,9999.000,9999.000,9999.000,9999.000,9999.000,9999.000
202604120054,   0.857,9999.000,9999.000,9999.000,9999.000,9999.000,9999.000,9999.000,9999.000
202604120100,   0.833,9999.000,   0.300,  -1.325,  -0.192,   0.300,  -0.192,   0.400,  -0.092
202604120106,   0.808,9999.000,9999.000,9999.000,9999.000,9999.000,9999.000,9999.000,9999.000
202604120112,   0.783,9999.000,9999.000,9999.000,9999.000,9999.000,9999.000,9999.000,9999.000
202604120118,   0.758,9999.000,9999.000,9999.000,9999.000,9999.000,9999.000,9999.000,9999.000
202604120124,   0.733,9999.000,9999.000,9999.000,9999.000,9999.000,9999.000,9999.000,9999.000
202604120130,   0.708,9999.000,9999.000,9999.000,9999.000,9999.000,9999.000,9999.000,9999.000
202604120136,   0.683,9999.000,9999.000,9999.000,9999.000,9999.000,9999.000,9999.000,9999.000
202604120142,   0.659,9999.000,9999.000,9999.000,9999.000,9999.000,9999.000,9999.000,9999.000
202604120148,   0.634,9999.000,9999.000,9999.000,9999.000,9999.000,9999.000,9999.000,9999.000
202604120154,   0.611,9999.000,9999.000,9999.000,9999.000,9999.000,9999.000,9999.000,9999.000
202604120200,   0.587,9999.000,   0.300,  -1.325,  -0.438,   0.200,  -0.538,   0.300,  -0.438
202604120206,   0.565,9999.000,9999.000,9999.000,9999.000,9999.000,9999.000,9999.000,9999.000
202604120212,   0.543,9999.000,9999.000,9999.000,9999.000,9999.000,9999.000,9999.000,9999.000
202604120218,   0.522,9999.000,9999.000,9999.000,9999.000,9999.000,9999.000,9999.000,9999.000
202604120224,   0.502,9999.000,9999.000,9999.000,9999.000,9999.000,9999.000,9999.000,9999.000
202604120230,   0.484,9999.000,9999.000,9999.000,9999.000,9999.000,9999.000,9999.000,9999.000
202604120236,   0.466,9999.000,9999.000,9999.000,9999.000,9999.000,9999.000,9999.000,9999.000
202604120242,   0.449,9999.000,9999.000,9999.000,9999.000,9999.000,9999.000,9999.000,9999.000
202604120248,   0.434,9999.000,9999.000,9999.000,9999.000,9999.000,9999.000,9999.000,9999.000
202604120254,   0.420,9999.000,9999.000,9999.000,9999.000,9999.000,9999.000,9999.000,9999.000
202604120300,   0.408,9999.000,   0.200,  -1.325,  -0.717,   0.200,  -0.717,   0.300,  -0.617
202604120306,   0.397,9999.000,9999.000,9999.000,9999.000,9999.000,9999.000,9999.000,9999.000
202604120312,   0.388,9999.000,9999.000,9999.000,9999.000,9999.000,9999.000,9999.000,9999.000
202604120318,   0.381,9999.000,9999.000,9999.000,9999.000,9999.000,9999.000,9999.000,9999.000
202604120324,   0.375,9999.000,9999.000,9999.000,9999.000,9999.000,9999.000,9999.000,9999.000
202604120330,   0.371,9999.000,9999.000,9999.000,9999.000,9999.000,9999.000,9999.000,9999.000
202604120336,   0.370,9999.000,9999.000,9999.000,9999.000,9999.000,9999.000,9999.000,9999.000
202604120342,   0.370,9999.000,9999.000,9999.000,9999.000,9999.000,9999.000,9999.000,9999.000
202604120348,   0.373,9999.000,9999.000,9999.000,9999.000,9999.000,9999.000,9999.000,9999.000
202604120354,   0.378,9999.000,9999.000,9999.000,9999.000,9999.000,9999.000,9999.000,9999.000
202604120400,   0.385,9999.000,   0.200,  -1.325,  -0.740,   0.200,  -0.740,   0.300,  -0.640
202604120406,   0.395,9999.000,9999.000,9999.000,9999.000,9999.000,9999.000,9999.000,9999.000
202604120412,   0.407,9999.000,9999.000,9999.000,9999.000,9999.000,9999.000,9999.000,9999.000
202604120418,   0.421,9999.000,9999.000,9999.000,9999.000,9999.000,9999.000,9999.000,9999.000
202604120424,   0.438,9999.000,9999.000,9999.000,9999.000,9999.000,9999.000,9999.000,9999.000
202604120430,   0.457,9999.000,9999.000,9999.000,9999.000,9999.000,9999.000,9999.000,9999.000
202604120436,   0.479,9999.000,9999.000,9999.000,9999.000,9999.000,9999.000,9999.000,9999.000
202604120442,   0.503,9999.000,9999.000,9999.000,9999.000,9999.000,9999.000,9999.000,9999.000
202604120448,   0.529,9999.000,9999.000,9999.000,9999.000,9999.000,9999.000,9999.000,9999.000
202604120454,   0.557,9999.000,9999.000,9999.000,9999.000,9999.000,9999.000,9999.000,9999.000
202604120500,   0.587,9999.000,   0.200,  -1.325,  -0.538,   0.200,  -0.538,   0.300,  -0.438
202604120506,   0.619,9999.000,9999.000,9999.000,9999.000,9999.000,9999.000,9999.000,9999.000
202604120512,   0.653,9999.000,9999.000,9999.000,9999.000,9999.000,9999.000,9999.000,9999.000
202604120518,   0.688,9999.000,9999.000,9999.000,9999.000,9999.000,9999.000,9999.000,9999.000
202604120524,   0.726,9999.000,9999.000,9999.000,9999.000,9999.000,9999.000,9999.000,9999.000
202604120530,   0.764,9999.000,9999.000,9999.000,9999.000,9999.000,9999.000,9999.000,9999.000
202604120536,   0.804,9999.000,9999.000,9999.000,9999.000,9999.000,9999.000,9999.000,9999.000
202604120542,   0.845,9999.000,9999.000,9999.000,9999.000,9999.000,9999.000,9999.000,9999.000
202604120548,   0.887,9999.000,9999.000,9999.000,9999.000,9999.000,9999.000,9999.000,9999.000
202604120554,   0.929,9999.000,9999.000,9999.000,9999.000,9999.000,9999.000,9999.000,9999.000
202604120600,   0.973,9999.000,   0.200,  -1.325,  -0.152,   0.200,  -0.152,   0.200,  -0.152
202604120606,   1.017,9999.000,9999.000,9999.000,9999.000,9999.000,9999.000,9999.000,9999.000
202604120612,   1.062,9999.000,9999.000,9999.000,9999.000,9999.000,9999.000,9999.000,9999.000
202604120618,   1.107,9999.000,9999.000,9999.000,9999.000,9999.000,9999.000,9999.000,9999.000
202604120624,   1.152,9999.000,9999.000,9999.000,9999.000,9999.000,9999.000,9999.000,9999.000
202604120630,   1.198,9999.000,9999.000,9999.000,9999.000,9999.000,9999.000,9999.000,9999.000
202604120636,   1.243,9999.000,9999.000,9999.000,9999.000,9999.000,9999.000,9999.000,9999.000
202604120642,   1.289,9999.000,9999.000,9999.000,9999.000,9999.000,9999.000,9999.000,9999.000
202604120648,   1.334,9999.000,9999.000,9999.000,9999.000,9999.000,9999.000,9999.000,9999.000
202604120654,   1.380,9999.000,9999.000,9999.000,9999.000,9999.000,9999.000,9999.000,9999.000
202604120700,   1.425,9999.000,   0.200,  -1.325,   0.300,   0.200,   0.300,   0.200,   0.300
202604120706,   1.469,9999.000,9999.000,9999.000,9999.000,9999.000,9999.000,9999.000,9999.000
202604120712,   1.513,9999.000,9999.000,9999.000,9999.000,9999.000,9999.000,9999.000,9999.000
202604120718,   1.556,9999.000,9999.000,9999.000,9999.000,9999.000,9999.000,9999.000,9999.000
202604120724,   1.599,9999.000,9999.000,9999.000,9999.000,9999.000,9999.000,9999.000,9999.000
202604120730,   1.640,9999.000,9999.000,9999.000,9999.000,9999.000,9999.000,9999.000,9999.000
202604120736,   1.680,9999.000,9999.000,9999.000,9999.000,9999.000,9999.000,9999.000,9999.000
202604120742,   1.719,9999.000,9999.000,9999.000,9999.000,9999.000,9999.000,9999.000,9999.000
202604120748,   1.756,9999.000,9999.000,9999.000,9999.000,9999.000,9999.000,9999.000,9999.000
202604120754,   1.791,9999.000,9999.000,9999.000,9999.000,9999.000,9999.000,9999.000,9999.000
202604120800,   1.824,9999.000,   0.200,  -1.325,   0.699,   0.200,   0.699,   0.200,   0.699
202604120806,   1.855,9999.000,9999.000,9999.000,9999.000,9999.000,9999.000,9999.000,9999.000
202604120812,   1.883,9999.000,9999.000,9999.000,9999.000,9999.000,9999.000,9999.000,9999.000
202604120818,   1.908,9999.000,9999.000,9999.000,9999.000,9999.000,9999.000,9999.000,9999.000
202604120824,   1.931,9999.000,9999.000,9999.000,9999.000,9999.000,9999.000,9999.000,9999.000
202604120830,   1.950,9999.000,9999.000,9999.000,9999.000,9999.000,9999.000,9999.000,9999.000
202604120836,   1.967,9999.000,9999.000,9999.000,9999.000,9999.000,9999.000,9999.000,9999.000
202604120842,   1.979,9999.000,9999.000,9999.000,9999.000,9999.000,9999.000,9999.000,9999.000
202604120848,   1.989,9999.000,9999.000,9999.000,9999.000,9999.000,9999.000,9999.000,9999.000
202604120854,   1.994,9999.000,9999.000,9999.000,9999.000,9999.000,9999.000,9999.000,9999.000
202604120900,   1.996,9999.000,   0.200,  -1.325,   0.871,   0.100,   0.771,   0.200,   0.871
202604120906,   1.995,9999.000,9999.000,9999.000,9999.000,9999.000,9999.000,9999.000,9999.000
202604120912,   1.990,9999.000,9999.000,9999.000,9999.000,9999.000,9999.000,9999.000,9999.000
202604120918,   1.981,9999.000,9999.000,9999.000,9999.000,9999.000,9999.000,9999.000,9999.000
202604120924,   1.969,9999.000,9999.000,9999.000,9999.000,9999.000,9999.000,9999.000,9999.000
202604120930,   1.954,9999.000,9999.000,9999.000,9999.000,9999.000,9999.000,9999.000,9999.000
202604120936,   1.936,9999.000,9999.000,9999.000,9999.000,9999.000,9999.000,9999.000,9999.000
202604120942,   1.916,9999.000,9999.000,9999.000,9999.000,9999.000,9999.000,9999.000,9999.000
202604120948,   1.892,9999.000,9999.000,9999.000,9999.000,9999.000,9999.000,9999.000,9999.000
202604120954,   1.867,9999.000,9999.000,9999.000,9999.000,9999.000,9999.000,9999.000,9999.000
202604121000,   1.840,9999.000,   0.200,  -1.325,   0.715,   0.100,   0.615,   0.200,   0.715
202604121006,   1.811,9999.000,9999.000,9999.000,9999.000,9999.000,9999.000,9999.000,9999.000
202604121012,   1.781,9999.000,9999.000,9999.000,9999.000,9999.000,9999.000,9999.000,9999.000
202604121018,   1.749,9999.000,9999.000,9999.000,9999.000,9999.000,9999.000,9999.000,9999.000
202604121024,   1.717,9999.000,9999.000,9999.000,9999.000,9999.000,9999.000,9999.000,9999.000
202604121030,   1.685,9999.000,9999.000,9999.000,9999.000,9999.000,9999.000,9999.000,9999.000
202604121036,   1.653,9999.000,9999.000,9999.000,9999.000,9999.000,9999.000,9999.000,9999.000
202604121042,   1.621,9999.000,9999.000,9999.000,9999.000,9999.000,9999.000,9999.000,9999.000
202604121048,   1.589,9999.000,9999.000,9999.000,9999.000,9999.000,9999.000,9999.000,9999.000
202604121054,   1.557,9999.000,9999.000,9999.000,9999.000,9999.000,9999.000,9999.000,9999.000
202604121100,   1.527,9999.000,   0.200,  -1.325,   0.402,   0.100,   0.302,   0.200,   0.402
202604121106,   1.497,9999.000,9999.000,9999.000,9999.000,9999.000,9999.000,9999.000,9999.000
202604121112,   1.467,9999.000,9999.000,9999.000,9999.000,9999.000,9999.000,9999.000,9999.000
202604121118,   1.439,9999.000,9999.000,9999.000,9999.000,9999.000,9999.000,9999.000,9999.000
202604121124,   1.412,9999.000,9999.000,9999.000,9999.000,9999.000,9999.000,9999.000,9999.000
202604121130,   1.385,9999.000,9999.000,9999.000,9999.000,9999.000,9999.000,9999.000,9999.000
202604121136,   1.360,9999.000,9999.000,9999.000,9999.000,9999.000,9999.000,9999.000,9999.000
202604121142,   1.335,9999.000,9999.000,9999.000,9999.000,9999.000,9999.000,9999.000,9999.000
202604121148,   1.310,9999.000,9999.000,9999.000,9999.000,9999.000,9999.000,9999.000,9999.000
202604121154,   1.287,9999.000,9999.000,9999.000,9999.000,9999.000,9999.000,9999.000,9999.000
202604121200,   1.263,9999.000,   0.200,  -1.325,   0.138,   0.100,   0.038,   0.200,   0.138
202604121206,   1.240,9999.000,9999.000,9999.000,9999.000,9999.000,9999.000,9999.000,9999.000
202604121212,   1.217,9999.000,9999.000,9999.000,9999.000,9999.000,9999.000,9999.000,9999.000
202604121218,   1.194,9999.000,9999.000,9999.000,9999.000,9999.000,9999.000,9999.000,9999.000
202604121224,   1.171,9999.000,9999.000,9999.000,9999.000,9999.000,9999.000,9999.000,9999.000
202604121230,   1.148,9999.000,9999.000,9999.000,9999.000,9999.000,9999.000,9999.000,9999.000
202604121236,   1.124,9999.000,9999.000,9999.000,9999.000,9999.000,9999.000,9999.000,9999.000
202604121242,   1.100,9999.000,9999.000,9999.000,9999.000,9999.000,9999.000,9999.000,9999.000
202604121248,   1.076,9999.000,9999.000,9999.000,9999.000,9999.000,9999.000,9999.000,9999.000
202604121254,   1.051,9999.000,9999.000,9999.000,9999.000,9999.000,9999.000,9999.000,9999.000
202604121300,   1.025,9999.000,   0.200,  -1.325,  -0.100,   0.100,  -0.200,   0.200,  -0.100
202604121306,   0.999,9999.000,9999.000,9999.000,9999.000,9999.000,9999.000,9999.000,9999.000
202604121312,   0.973,9999.000,9999.000,9999.000,9999.000,9999.000,9999.000,9999.000,9999.000
202604121318,   0.946,9999.000,9999.000,9999.000,9999.000,9999.000,9999.000,9999.000,9999.000
202604121324,   0.919,9999.000,9999.000,9999.000,9999.000,9999.000,9999.000,9999.000,9999.000
202604121330,   0.891,9999.000,9999.000,9999.000,9999.000,9999.000,9999.000,9999.000,9999.000
202604121336,   0.863,9999.000,9999.000,9999.000,9999.000,9999.000,9999.000,9999.000,9999.000
202604121342,   0.835,9999.000,9999.000,9999.000,9999.000,9999.000,9999.000,9999.000,9999.000
202604121348,   0.806,9999.000,9999.000,9999.000,9999.000,9999.000,9999.000,9999.000,9999.000
202604121354,   0.778,9999.000,9999.000,9999.000,9999.000,9999.000,9999.000,9999.000,9999.000
202604121400,   0.749,9999.000,   0.200,  -1.325,  -0.376,   0.100,  -0.476,   0.200,  -0.376
202604121406,   0.721,9999.000,9999.000,9999.000,9999.000,9999.000,9999.000,9999.000,9999.000
202604121412,   0.693,9999.000,9999.000,9999.000,9999.000,9999.000,9999.000,9999.000,9999.000
202604121418,   0.665,9999.000,9999.000,9999.000,9999.000,9999.000,9999.000,9999.000,9999.000
202604121424,   0.637,9999.000,9999.000,9999.000,9999.000,9999.000,9999.000,9999.000,9999.000
202604121430,   0.610,9999.000,9999.000,9999.000,9999.000,9999.000,9999.000,9999.000,9999.000
202604121436,   0.583,9999.000,9999.000,9999.000,9999.000,9999.000,9999.000,9999.000,9999.000
202604121442,   0.557,9999.000,9999.000,9999.000,9999.000,9999.000,9999.000,9999.000,9999.000
202604121448,   0.532,9999.000,9999.000,9999.000,9999.000,9999.000,9999.000,9999.000,9999.000
202604121454,   0.507,9999.000,9999.000,9999.000,9999.000,9999.000,9999.000,9999.000,9999.000
202604121500,   0.483,9999.000,   0.200,  -1.325,  -0.642,   0.100,  -0.742,   0.200,  -0.642
202604121506,   0.460,9999.000,9999.000,9999.000,9999.000,9999.000,9999.000,9999.000,9999.000
202604121512,   0.438,9999.000,9999.000,9999.000,9999.000,9999.000,9999.000,9999.000,9999.000
202604121518,   0.417,9999.000,9999.000,9999.000,9999.000,9999.000,9999.000,9999.000,9999.000
202604121524,   0.397,9999.000,9999.000,9999.000,9999.000,9999.000,9999.000,9999.000,9999.000
202604121530,   0.379,9999.000,9999.000,9999.000,9999.000,9999.000,9999.000,9999.000,9999.000
202604121536,   0.361,9999.000,9999.000,9999.000,9999.000,9999.000,9999.000,9999.000,9999.000
202604121542,   0.346,9999.000,9999.000,9999.000,9999.000,9999.000,9999.000,9999.000,9999.000
202604121548,   0.331,9999.000,9999.000,9999.000,9999.000,9999.000,9999.000,9999.000,9999.000
202604121554,   0.319,9999.000,9999.000,9999.000,9999.000,9999.000,9999.000,9999.000,9999.000
202604121600,   0.308,9999.000,   0.100,  -1.325,  -0.917,   0.100,  -0.917,   0.200,  -0.817
202604121606,   0.299,9999.000,9999.000,9999.000,9999.000,9999.000,9999.000,9999.000,9999.000
202604121612,   0.293,9999.000,9999.000,9999.000,9999.000,9999.000,9999.000,9999.000,9999.000
202604121618,   0.288,9999.000,9999.000,9999.000,9999.000,9999.000,9999.000,9999.000,9999.000
202604121624,   0.285,9999.000,9999.000,9999.000,9999.000,9999.000,9999.000,9999.000,9999.000
202604121630,   0.285,9999.000,9999.000,9999.000,9999.000,9999.000,9999.000,9999.000,9999.000
202604121636,   0.287,9999.000,9999.000,9999.000,9999.000,9999.000,9999.000,9999.000,9999.000
202604121642,   0.292,9999.000,9999.000,9999.000,9999.000,9999.000,9999.000,9999.000,9999.000
202604121648,   0.299,9999.000,9999.000,9999.000,9999.000,9999.000,9999.000,9999.000,9999.000
202604121654,   0.308,9999.000,9999.000,9999.000,9999.000,9999.000,9999.000,9999.000,9999.000
202604121700,   0.320,9999.000,   0.100,  -1.325,  -0.905,   0.100,  -0.905,   0.200,  -0.805
202604121706,   0.334,9999.000,9999.000,9999.000,9999.000,9999.000,9999.000,9999.000,9999.000
202604121712,   0.351,9999.000,9999.000,9999.000,9999.000,9999.000,9999.000,9999.000,9999.000
202604121718,   0.370,9999.000,9999.000,9999.000,9999.000,9999.000,9999.000,9999.000,9999.000
202604121724,   0.391,9999.000,9999.000,9999.000,9999.000,9999.000,9999.000,9999.000,9999.000
202604121730,   0.415,9999.000,9999.000,9999.000,9999.000,9999.000,9999.000,9999.000,9999.000
202604121736,   0.441,9999.000,9999.000,9999.000,9999.000,9999.000,9999.000,9999.000,9999.000
202604121742,   0.469,9999.000,9999.000,9999.000,9999.000,9999.000,9999.000,9999.000,9999.000
202604121748,   0.499,9999.000,9999.000,9999.000,9999.000,9999.000,9999.000,9999.000,9999.000
202604121754,   0.532,9999.000,9999.000,9999.000,9999.000,9999.000,9999.000,9999.000,9999.000
202604121800,   0.565,9999.000,   0.100,  -1.325,  -0.660,   0.000,  -0.760,   0.200,  -0.560
202604121806,   0.601,9999.000,9999.000,9999.000,9999.000,9999.000,9999.000,9999.000,9999.000
202604121812,   0.638,9999.000,9999.000,9999.000,9999.000,9999.000,9999.000,9999.000,9999.000
202604121818,   0.677,9999.000,9999.000,9999.000,9999.000,9999.000,9999.000,9999.000,9999.000
202604121824,   0.717,9999.000,9999.000,9999.000,9999.000,9999.000,9999.000,9999.000,9999.000
202604121830,   0.759,9999.000,9999.000,9999.000,9999.000,9999.000,9999.000,9999.000,9999.000
202604121836,   0.801,9999.000,9999.000,9999.000,9999.000,9999.000,9999.000,9999.000,9999.000
202604121842,   0.845,9999.000,9999.000,9999.000,9999.000,9999.000,9999.000,9999.000,9999.000
202604121848,   0.890,9999.000,9999.000,9999.000,9999.000,9999.000,9999.000,9999.000,9999.000
202604121854,   0.936,9999.000,9999.000,9999.000,9999.000,9999.000,9999.000,9999.000,9999.000
202604121900,   0.982,9999.000,   0.100,  -1.325,  -0.243,   0.000,  -0.343,   0.200,  -0.143
202604121906,   1.030,9999.000,9999.000,9999.000,9999.000,9999.000,9999.000,9999.000,9999.000
202604121912,   1.078,9999.000,9999.000,9999.000,9999.000,9999.000,9999.000,9999.000,9999.000
202604121918,   1.126,9999.000,9999.000,9999.000,9999.000,9999.000,9999.000,9999.000,9999.000
202604121924,   1.175,9999.000,9999.000,9999.000,9999.000,9999.000,9999.000,9999.000,9999.000
202604121930,   1.224,9999.000,9999.000,9999.000,9999.000,9999.000,9999.000,9999.000,9999.000
202604121936,   1.273,9999.000,9999.000,9999.000,9999.000,9999.000,9999.000,9999.000,9999.000
202604121942,   1.322,9999.000,9999.000,9999.000,9999.000,9999.000,9999.000,9999.000,9999.000
202604121948,   1.371,9999.000,9999.000,9999.000,9999.000,9999.000,9999.000,9999.000,9999.000
202604121954,   1.419,9999.000,9999.000,9999.000,9999.000,9999.000,9999.000,9999.000,9999.000
202604122000,   1.467,9999.000,   0.100,  -1.325,   0.242,   0.000,   0.142,   0.100,   0.242
202604122006,   1.514,9999.000,9999.000,9999.000,9999.000,9999.000,9999.000,9999.000,9999.000
202604122012,   1.559,9999.000,9999.000,9999.000,9999.000,9999.000,9999.000,9999.000,9999.000
202604122018,   1.604,9999.000,9999.000,9999.000,9999.000,9999.000,9999.000,9999.000,9999.000
202604122024,   1.646,9999.000,9999.000,9999.000,9999.000,9999.000,9999.000,9999.000,9999.000
202604122030,   1.687,9999.000,9999.000,9999.000,9999.000,9999.000,9999.000,9999.000,9999.000
202604122036,   1.725,9999.000,9999.000,9999.000,9999.000,9999.000,9999.000,9999.000,9999.000
202604122042,   1.761,9999.000,9999.000,9999.000,9999.000,9999.000,9999.000,9999.000,9999.000
202604122048,   1.794,9999.000,9999.000,9999.000,9999.000,9999.000,9999.000,9999.000,9999.000
202604122054,   1.825,9999.000,9999.000,9999.000,9999.000,9999.000,9999.000,9999.000,9999.000
202604122100,   1.852,9999.000,   0.100,  -1.325,   0.627,   0.000,   0.527,   0.100,   0.627
202604122106,   1.876,9999.000,9999.000,9999.000,9999.000,9999.000,9999.000,9999.000,9999.000
202604122112,   1.896,9999.000,9999.000,9999.000,9999.000,9999.000,9999.000,9999.000,9999.000
202604122118,   1.913,9999.000,9999.000,9999.000,9999.000,9999.000,9999.000,9999.000,9999.000
202604122124,   1.926,9999.000,9999.000,9999.000,9999.000,9999.000,9999.000,9999.000,9999.000
202604122130,   1.935,9999.000,9999.000,9999.000,9999.000,9999.000,9999.000,9999.000,9999.000
202604122136,   1.940,9999.000,9999.000,9999.000,9999.000,9999.000,9999.000,9999.000,9999.000
202604122142,   1.942,9999.000,9999.000,9999.000,9999.000,9999.000,9999.000,9999.000,9999.000
202604122148,   1.940,9999.000,9999.000,9999.000,9999.000,9999.000,9999.000,9999.000,9999.000
202604122154,   1.935,9999.000,9999.000,9999.000,9999.000,9999.000,9999.000,9999.000,9999.000
202604122200,   1.926,9999.000,   0.100,  -1.325,   0.701,   0.000,   0.601,   0.100,   0.701
202604122206,   1.914,9999.000,9999.000,9999.000,9999.000,9999.000,9999.000,9999.000,9999.000
202604122212,   1.900,9999.000,9999.000,9999.000,9999.000,9999.000,9999.000,9999.000,9999.000
202604122218,   1.882,9999.000,9999.000,9999.000,9999.000,9999.000,9999.000,9999.000,9999.000
202604122224,   1.862,9999.000,9999.000,9999.000,9999.000,9999.000,9999.000,9999.000,9999.000
202604122230,   1.841,9999.000,9999.000,9999.000,9999.000,9999.000,9999.000,9999.000,9999.000
202604122236,   1.817,9999.000,9999.000,9999.000,9999.000,9999.000,9999.000,9999.000,9999.000
202604122242,   1.792,9999.000,9999.000,9999.000,9999.000,9999.000,9999.000,9999.000,9999.000
202604122248,   1.765,9999.000,9999.000,9999.000,9999.000,9999.000,9999.000,9999.000,9999.000
202604122254,   1.738,9999.000,9999.000,9999.000,9999.000,9999.000,9999.000,9999.000,9999.000
202604122300,   1.710,9999.000,   0.100,  -1.325,   0.485,   0.000,   0.385,   0.100,   0.485
202604122306,   1.681,9999.000,9999.000,9999.000,9999.000,9999.000,9999.000,9999.000,9999.000
202604122312,   1.652,9999.000,9999.000,9999.000,9999.000,9999.000,9999.000,9999.000,9999.000
202604122318,   1.624,9999.000,9999.000,9999.000,9999.000,9999.000,9999.000,9999.000,9999.000
202604122324,   1.595,9999.000,9999.000,9999.000,9999.000,9999.000,9999.000,9999.000,9999.000
202604122330,   1.567,9999.000,9999.000,9999.000,9999.000,9999.000,9999.000,9999.000,9999.000
202604122336,   1.539,9999.000,9999.000,9999.000,9999.000,9999.000,9999.000,9999.000,9999.000
202604122342,   1.512,9999.000,9999.000,9999.000,9999.000,9999.000,9999.000,9999.000,9999.000
202604122348,   1.485,9999.000,9999.000,9999.000,9999.000,9999.000,9999.000,9999.000,9999.000
202604122354,   1.458,9999.000,9999.000,9999.000,9999.000,9999.000,9999.000,9999.000,9999.000
202604130000,   1.432,9999.000,   0.100,  -1.325,   0.207,   0.000,   0.107,   0.100,   0.207
202604130006,   1.407,9999.000,9999.000,9999.000,9999.000,9999.000,9999.000,9999.000,9999.000
202604130012,   1.382,9999.000,9999.000,9999.000,9999.000,9999.000,9999.000,9999.000,9999.000
202604130018,   1.357,9999.000,9999.000,9999.000,9999.000,9999.000,9999.000,9999.000,9999.000
202604130024,   1.332,9999.000,9999.000,9999.000,9999.000,9999.000,9999.000,9999.000,9999.000
202604130030,   1.307,9999.000,9999.000,9999.000,9999.000,9999.000,9999.000,9999.000,9999.000
202604130036,   1.282,9999.000,9999.000,9999.000,9999.000,9999.000,9999.000,9999.000,9999.000
202604130042,   1.257,9999.000,9999.000,9999.000,9999.000,9999.000,9999.000,9999.000,9999.000
202604130048,   1.232,9999.000,9999.000,9999.000,9999.000,9999.000,9999.000,9999.000,9999.000
202604130054,   1.206,9999.000,9999.000,9999.000,9999.000,9999.000,9999.000,9999.000,9999.000
202604130100,   1.180,9999.000,   0.100,  -1.325,  -0.045,   0.000,  -0.145,   0.200,   0.055
202604130106,   1.154,9999.000,9999.000,9999.000,9999.000,9999.000,9999.000,9999.000,9999.000
202604130112,   1.127,9999.000,9999.000,9999.000,9999.000,9999.000,9999.000,9999.000,9999.000
202604130118,   1.100,9999.000,9999.000,9999.000,9999.000,9999.000,9999.000,9999.000,9999.000
202604130124,   1.071,9999.000,9999.000,9999.000,9999.000,9999.000,9999.000,9999.000,9999.000
202604130130,   1.042,9999.000,9999.000,9999.000,9999.000,9999.000,9999.000,9999.000,9999.000
202604130136,   1.013,9999.000,9999.000,9999.000,9999.000,9999.000,9999.000,9999.000,9999.000
202604130142,   0.984,9999.000,9999.000,9999.000,9999.000,9999.000,9999.000,9999.000,9999.000
202604130148,   0.954,9999.000,9999.000,9999.000,9999.000,9999.000,9999.000,9999.000,9999.000
202604130154,   0.923,9999.000,9999.000,9999.000,9999.000,9999.000,9999.000,9999.000,9999.000
202604130200,   0.893,9999.000,   0.000,  -1.325,  -0.432,   0.000,  -0.432,   0.100,  -0.332
202604130206,   0.862,9999.000,9999.000,9999.000,9999.000,9999.000,9999.000,9999.000,9999.000
202604130212,   0.831,9999.000,9999.000,9999.000,9999.000,9999.000,9999.000,9999.000,9999.000
202604130218,   0.800,9999.000,9999.000,9999.000,9999.000,9999.000,9999.000,9999.000,9999.000
202604130224,   0.770,9999.000,9999.000,9999.000,9999.000,9999.000,9999.000,9999.000,9999.000
202604130230,   0.739,9999.000,9999.000,9999.000,9999.000,9999.000,9999.000,9999.000,9999.000
202604130236,   0.709,9999.000,9999.000,9999.000,9999.000,9999.000,9999.000,9999.000,9999.000
202604130242,   0.679,9999.000,9999.000,9999.000,9999.000,9999.000,9999.000,9999.000,9999.000
202604130248,   0.649,9999.000,9999.000,9999.000,9999.000,9999.000,9999.000,9999.000,9999.000
202604130254,   0.620,9999.000,9999.000,9999.000,9999.000,9999.000,9999.000,9999.000,9999.000
202604130300,   0.592,9999.000,   0.000,  -1.325,  -0.733,   0.000,  -0.733,   0.100,  -0.633
202604130306,   0.564,9999.000,9999.000,9999.000,9999.000,9999.000,9999.000,9999.000,9999.000
202604130312,   0.537,9999.000,9999.000,9999.000,9999.000,9999.000,9999.000,9999.000,9999.000
202604130318,   0.511,9999.000,9999.000,9999.000,9999.000,9999.000,9999.000,9999.000,9999.000
202604130324,   0.486,9999.000,9999.000,9999.000,9999.000,9999.000,9999.000,9999.000,9999.000
202604130330,   0.462,9999.000,9999.000,9999.000,9999.000,9999.000,9999.000,9999.000,9999.000
202604130336,   0.439,9999.000,9999.000,9999.000,9999.000,9999.000,9999.000,9999.000,9999.000
202604130342,   0.417,9999.000,9999.000,9999.000,9999.000,9999.000,9999.000,9999.000,9999.000
202604130348,   0.396,9999.000,9999.000,9999.000,9999.000,9999.000,9999.000,9999.000,9999.000
202604130354,   0.377,9999.000,9999.000,9999.000,9999.000,9999.000,9999.000,9999.000,9999.000
202604130400,   0.359,9999.000,   0.000,  -1.325,  -0.966,  -0.100,  -1.066,   0.100,  -0.866
202604130406,   0.343,9999.000,9999.000,9999.000,9999.000,9999.000,9999.000,9999.000,9999.000
202604130412,   0.328,9999.000,9999.000,9999.000,9999.000,9999.000,9999.000,9999.000,9999.000
202604130418,   0.315,9999.000,9999.000,9999.000,9999.000,9999.000,9999.000,9999.000,9999.000
202604130424,   0.304,9999.000,9999.000,9999.000,9999.000,9999.000,9999.000,9999.000,9999.000
202604130430,   0.295,9999.000,9999.000,9999.000,9999.000,9999.000,9999.000,9999.000,9999.000
202604130436,   0.288,9999.000,9999.000,9999.000,9999.000,9999.000,9999.000,9999.000,9999.000
202604130442,   0.283,9999.000,9999.000,9999.000,9999.000,9999.000,9999.000,9999.000,9999.000
202604130448,   0.281,9999.000,9999.000,9999.000,9999.000,9999.000,9999.000,9999.000,9999.000
202604130454,   0.281,9999.000,9999.000,9999.000,9999.000,9999.000,9999.000,9999.000,9999.000
202604130500,   0.283,9999.000,   0.000,  -1.325,  -1.042,  -0.100,  -1.142,   0.100,  -0.942
202604130506,   0.288,9999.000,9999.000,9999.000,9999.000,9999.000,9999.000,9999.000,9999.000
202604130512,   0.295,9999.000,9999.000,9999.000,9999.000,9999.000,9999.000,9999.000,9999.000
202604130518,   0.305,9999.000,9999.000,9999.000,9999.000,9999.000,9999.000,9999.000,9999.000
202604130524,   0.318,9999.000,9999.000,9999.000,9999.000,9999.000,9999.000,9999.000,9999.000
202604130530,   0.333,9999.000,9999.000,9999.000,9999.000,9999.000,9999.000,9999.000,9999.000
202604130536,   0.351,9999.000,9999.000,9999.000,9999.000,9999.000,9999.000,9999.000,9999.000
202604130542,   0.371,9999.000,9999.000,9999.000,9999.000,9999.000,9999.000,9999.000,9999.000
202604130548,   0.394,9999.000,9999.000,9999.000,9999.000,9999.000,9999.000,9999.000,9999.000
202604130554,   0.419,9999.000,9999.000,9999.000,9999.000,9999.000,9999.000,9999.000,9999.000
202604130600,   0.446,9999.000,   0.000,  -1.325,  -0.879,  -0.100,  -0.979,   0.100,  -0.779
202604130606,   0.476,9999.000,9999.000,9999.000,9999.000,9999.000,9999.000,9999.000,9999.000
202604130612,   0.508,9999.000,9999.000,9999.000,9999.000,9999.000,9999.000,9999.000,9999.000
202604130618,   0.542,9999.000,9999.000,9999.000,9999.000,9999.000,9999.000,9999.000,9999.000
202604130624,   0.578,9999.000,9999.000,9999.000,9999.000,9999.000,9999.000,9999.000,9999.000
202604130630,   0.616,9999.000,9999.000,9999.000,9999.000,9999.000,9999.000,9999.000,9999.000
202604130636,   0.656,9999.000,9999.000,9999.000,9999.000,9999.000,9999.000,9999.000,9999.000
202604130642,   0.697,9999.000,9999.000,9999.000,9999.000,9999.000,9999.000,9999.000,9999.000
202604130648,   0.740,9999.000,9999.000,9999.000,9999.000,9999.000,9999.000,9999.000,9999.000
202604130654,   0.784,9999.000,9999.000,9999.000,9999.000,9999.000,9999.000,9999.000,9999.000
202604130700,   0.830,9999.000,   0.000,  -1.325,  -0.495,  -0.100,  -0.595,   0.000,  -0.495
202604130706,   0.877,9999.000,9999.000,9999.000,9999.000,9999.000,9999.000,9999.000,9999.000
202604130712,   0.924,9999.000,9999.000,9999.000,9999.000,9999.000,9999.000,9999.000,9999.000
202604130718,   0.973,9999.000,9999.000,9999.000,9999.000,9999.000,9999.000,9999.000,9999.000
202604130724,   1.023,9999.000,9999.000,9999.000,9999.000,9999.000,9999.000,9999.000,9999.000
202604130730,   1.073,9999.000,9999.000,9999.000,9999.000,9999.000,9999.000,9999.000,9999.000
202604130736,   1.125,9999.000,9999.000,9999.000,9999.000,9999.000,9999.000,9999.000,9999.000
202604130742,   1.176,9999.000,9999.000,9999.000,9999.000,9999.000,9999.000,9999.000,9999.000
202604130748,   1.228,9999.000,9999.000,9999.000,9999.000,9999.000,9999.000,9999.000,9999.000
202604130754,   1.281,9999.000,9999.000,9999.000,9999.000,9999.000,9999.000,9999.000,9999.000
202604130800,   1.333,9999.000,  -0.100,  -1.325,  -0.092,  -0.200,  -0.192,   0.000,   0.008
202604130806,   1.385,9999.000,9999.000,9999.000,9999.000,9999.000,9999.000,9999.000,9999.000
202604130812,   1.437,9999.000,9999.000,9999.000,9999.000,9999.000,9999.000,9999.000,9999.000
202604130818,   1.488,9999.000,9999.000,9999.000,9999.000,9999.000,9999.000,9999.000,9999.000
202604130824,   1.539,9999.000,9999.000,9999.000,9999.000,9999.000,9999.000,9999.000,9999.000
202604130830,   1.589,9999.000,9999.000,9999.000,9999.000,9999.000,9999.000,9999.000,9999.000
202604130836,   1.637,9999.000,9999.000,9999.000,9999.000,9999.000,9999.000,9999.000,9999.000
202604130842,   1.684,9999.000,9999.000,9999.000,9999.000,9999.000,9999.000,9999.000,9999.000
202604130848,   1.729,9999.000,9999.000,9999.000,9999.000,9999.000,9999.000,9999.000,9999.000
202604130854,   1.771,9999.000,9999.000,9999.000,9999.000,9999.000,9999.000,9999.000,9999.000
202604130900,   1.812,9999.000,  -0.100,  -1.325,   0.387,  -0.200,   0.287,   0.000,   0.487
202604130906,   1.850,9999.000,9999.000,9999.000,9999.000,9999.000,9999.000,9999.000,9999.000
202604130912,   1.885,9999.000,9999.000,9999.000,9999.000,9999.000,9999.000,9999.000,9999.000
202604130918,   1.917,9999.000,9999.000,9999.000,9999.000,9999.000,9999.000,9999.000,9999.000
202604130924,   1.945,9999.000,9999.000,9999.000,9999.000,9999.000,9999.000,9999.000,9999.000
202604130930,   1.970,9999.000,9999.000,9999.000,9999.000,9999.000,9999.000,9999.000,9999.000
202604130936,   1.991,9999.000,9999.000,9999.000,9999.000,9999.000,9999.000,9999.000,9999.000
202604130942,   2.008,9999.000,9999.000,9999.000,9999.000,9999.000,9999.000,9999.000,9999.000
202604130948,   2.022,9999.000,9999.000,9999.000,9999.000,9999.000,9999.000,9999.000,9999.000
202604130954,   2.031,9999.000,9999.000,9999.000,9999.000,9999.000,9999.000,9999.000,9999.000
202604131000,   2.036,9999.000,  -0.100,  -1.325,   0.611,  -0.200,   0.511,   0.000,   0.711
202604131006,   2.038,9999.000,9999.000,9999.000,9999.000,9999.000,9999.000,9999.000,9999.000
202604131012,   2.035,9999.000,9999.000,9999.000,9999.000,9999.000,9999.000,9999.000,9999.000
202604131018,   2.029,9999.000,9999.000,9999.000,9999.000,9999.000,9999.000,9999.000,9999.000
202604131024,   2.019,9999.000,9999.000,9999.000,9999.000,9999.000,9999.000,9999.000,9999.000
202604131030,   2.005,9999.000,9999.000,9999.000,9999.000,9999.000,9999.000,9999.000,9999.000
202604131036,   1.989,9999.000,9999.000,9999.000,9999.000,9999.000,9999.000,9999.000,9999.000
202604131042,   1.970,9999.000,9999.000,9999.000,9999.000,9999.000,9999.000,9999.000,9999.000
202604131048,   1.947,9999.000,9999.000,9999.000,9999.000,9999.000,9999.000,9999.000,9999.000
202604131054,   1.923,9999.000,9999.000,9999.000,9999.000,9999.000,9999.000,9999.000,9999.000
202604131100,   1.897,9999.000,  -0.100,  -1.325,   0.472,  -0.200,   0.372,   0.000,   0.572
202604131106,   1.869,9999.000,9999.000,9999.000,9999.000,9999.000,9999.000,9999.000,9999.000
202604131112,   1.839,9999.000,9999.000,9999.000,9999.000,9999.000,9999.000,9999.000,9999.000
202604131118,   1.809,9999.000,9999.000,9999.000,9999.000,9999.000,9999.000,9999.000,9999.000
202604131124,   1.777,9999.000,9999.000,9999.000,9999.000,9999.000,9999.000,9999.000,9999.000
202604131130,   1.746,9999.000,9999.000,9999.000,9999.000,9999.000,9999.000,9999.000,9999.000
202604131136,   1.714,9999.000,9999.000,9999.000,9999.000,9999.000,9999.000,9999.000,9999.000
202604131142,   1.681,9999.000,9999.000,9999.000,9999.000,9999.000,9999.000,9999.000,9999.000
202604131148,   1.650,9999.000,9999.000,9999.000,9999.000,9999.000,9999.000,9999.000,9999.000
202604131154,   1.618,9999.000,9999.000,9999.000,9999.000,9999.000,9999.000,9999.000,9999.000
202604131200,   1.587,9999.000,  -0.100,  -1.325,   0.162,  -0.200,   0.062,   0.000,   0.262
202604131206,   1.556,9999.000,9999.000,9999.000,9999.000,9999.000,9999.000,9999.000,9999.000
202604131212,   1.526,9999.000,9999.000,9999.000,9999.000,9999.000,9999.000,9999.000,9999.000
202604131218,   1.497,9999.000,9999.000,9999.000,9999.000,9999.000,9999.000,9999.000,9999.000
202604131224,   1.468,9999.000,9999.000,9999.000,9999.000,9999.000,9999.000,9999.000,9999.000
202604131230,   1.439,9999.000,9999.000,9999.000,9999.000,9999.000,9999.000,9999.000,9999.000
202604131236,   1.412,9999.000,9999.000,9999.000,9999.000,9999.000,9999.000,9999.000,9999.000
202604131242,   1.384,9999.000,9999.000,9999.000,9999.000,9999.000,9999.000,9999.000,9999.000
202604131248,   1.357,9999.000,9999.000,9999.000,9999.000,9999.000,9999.000,9999.000,9999.000
202604131254,   1.330,9999.000,9999.000,9999.000,9999.000,9999.000,9999.000,9999.000,9999.000
202604131300,   1.303,9999.000,  -0.100,  -1.325,  -0.122,  -0.200,  -0.222,   0.000,  -0.022
202604131306,   1.277,9999.000,9999.000,9999.000,9999.000,9999.000,9999.000,9999.000,9999.000
202604131312,   1.250,9999.000,9999.000,9999.000,9999.000,9999.000,9999.000,9999.000,9999.000
202604131318,   1.223,9999.000,9999.000,9999.000,9999.000,9999.000,9999.000,9999.000,9999.000
202604131324,   1.196,9999.000,9999.000,9999.000,9999.000,9999.000,9999.000,9999.000,9999.000
202604131330,   1.168,9999.000,9999.000,9999.000,9999.000,9999.000,9999.000,9999.000,9999.000
202604131336,   1.140,9999.000,9999.000,9999.000,9999.000,9999.000,9999.000,9999.000,9999.000
202604131342,   1.112,9999.000,9999.000,9999.000,9999.000,9999.000,9999.000,9999.000,9999.000
202604131348,   1.083,9999.000,9999.000,9999.000,9999.000,9999.000,9999.000,9999.000,9999.000
202604131354,   1.054,9999.000,9999.000,9999.000,9999.000,9999.000,9999.000,9999.000,9999.000
202604131400,   1.024,9999.000,  -0.100,  -1.325,  -0.401,  -0.200,  -0.501,   0.000,  -0.301
202604131406,   0.994,9999.000,9999.000,9999.000,9999.000,9999.000,9999.000,9999.000,9999.000
202604131412,   0.963,9999.000,9999.000,9999.000,9999.000,9999.000,9999.000,9999.000,9999.000
202604131418,   0.932,9999.000,9999.000,9999.000,9999.000,9999.000,9999.000,9999.000,9999.000
202604131424,   0.901,9999.000,9999.000,9999.000,9999.000,9999.000,9999.000,9999.000,9999.000
202604131430,   0.869,9999.000,9999.000,9999.000,9999.000,9999.000,9999.000,9999.000,9999.000
202604131436,   0.837,9999.000,9999.000,9999.000,9999.000,9999.000,9999.000,9999.000,9999.000
202604131442,   0.806,9999.000,9999.000,9999.000,9999.000,9999.000,9999.000,9999.000,9999.000
202604131448,   0.774,9999.000,9999.000,9999.000,9999.000,9999.000,9999.000,9999.000,9999.000
202604131454,   0.742,9999.000,9999.000,9999.000,9999.000,9999.000,9999.000,9999.000,9999.000
202604131500,   0.710,9999.000,  -0.200,  -1.325,  -0.815,  -0.300,  -0.915,   0.000,  -0.615
202604131506,   0.678,9999.000,9999.000,9999.000,9999.000,9999.000,9999.000,9999.000,9999.000
202604131512,   0.647,9999.000,9999.000,9999.000,9999.000,9999.000,9999.000,9999.000,9999.000
202604131518,   0.616,9999.000,9999.000,9999.000,9999.000,9999.000,9999.000,9999.000,9999.000
202604131524,   0.585,9999.000,9999.000,9999.000,9999.000,9999.000,9999.000,9999.000,9999.000
202604131530,   0.554,9999.000,9999.000,9999.000,9999.000,9999.000,9999.000,9999.000,9999.000
202604131536,   0.525,9999.000,9999.000,9999.000,9999.000,9999.000,9999.000,9999.000,9999.000
202604131542,   0.495,9999.000,9999.000,9999.000,9999.000,9999.000,9999.000,9999.000,9999.000
202604131548,   0.467,9999.000,9999.000,9999.000,9999.000,9999.000,9999.000,9999.000,9999.000
202604131554,   0.439,9999.000,9999.000,9999.000,9999.000,9999.000,9999.000,9999.000,9999.000
202604131600,   0.411,9999.000,  -0.200,  -1.325,  -1.114,  -0.300,  -1.214,   0.000,  -0.914
202604131606,   0.385,9999.000,9999.000,9999.000,9999.000,9999.000,9999.000,9999.000,9999.000
202604131612,   0.360,9999.000,9999.000,9999.000,9999.000,9999.000,9999.000,9999.000,9999.000
202604131618,   0.336,9999.000,9999.000,9999.000,9999.000,9999.000,9999.000,9999.000,9999.000
202604131624,   0.313,9999.000,9999.000,9999.000,9999.000,9999.000,9999.000,9999.000,9999.000
202604131630,   0.291,9999.000,9999.000,9999.000,9999.000,9999.000,9999.000,9999.000,9999.000
202604131636,   0.271,9999.000,9999.000,9999.000,9999.000,9999.000,9999.000,9999.000,9999.000
202604131642,   0.252,9999.000,9999.000,9999.000,9999.000,9999.000,9999.000,9999.000,9999.000
202604131648,   0.235,9999.000,9999.000,9999.000,9999.000,9999.000,9999.000,9999.000,9999.000
202604131654,   0.220,9999.000,9999.000,9999.000,9999.000,9999.000,9999.000,9999.000,9999.000
202604131700,   0.207,9999.000,  -0.200,  -1.325,  -1.318,  -0.300,  -1.418,   0.000,  -1.118
202604131706,   0.196,9999.000,9999.000,9999.000,9999.000,9999.000,9999.000,9999.000,9999.000
202604131712,   0.187,9999.000,9999.000,9999.000,9999.000,9999.000,9999.000,9999.000,9999.000
202604131718,   0.181,9999.000,9999.000,9999.000,9999.000,9999.000,9999.000,9999.000,9999.000
202604131724,   0.177,9999.000,9999.000,9999.000,9999.000,9999.000,9999.000,9999.000,9999.000
202604131730,   0.176,9999.000,9999.000,9999.000,9999.000,9999.000,9999.000,9999.000,9999.000
202604131736,   0.178,9999.000,9999.000,9999.000,9999.000,9999.000,9999.000,9999.000,9999.000
202604131742,   0.182,9999.000,9999.000,9999.000,9999.000,9999.000,9999.000,9999.000,9999.000
202604131748,   0.189,9999.000,9999.000,9999.000,9999.000,9999.000,9999.000,9999.000,9999.000
202604131754,   0.199,9999.000,9999.000,9999.000,9999.000,9999.000,9999.000,9999.000,9999.000
202604131800,   0.212,9999.000,  -0.200,  -1.325,  -1.313,  -0.300,  -1.413,  -0.100,  -1.213
202604131806,   0.228,9999.000,9999.000,9999.000,9999.000,9999.000,9999.000,9999.000,9999.000
202604131812,   0.246,9999.000,9999.000,9999.000,9999.000,9999.000,9999.000,9999.000,9999.000
202604131818,   0.268,9999.000,9999.000,9999.000,9999.000,9999.000,9999.000,9999.000,9999.000
202604131824,   0.292,9999.000,9999.000,9999.000,9999.000,9999.000,9999.000,9999.000,9999.000
202604131830,   0.320,9999.000,9999.000,9999.000,9999.000,9999.000,9999.000,9999.000,9999.000
202604131836,   0.349,9999.000,9999.000,9999.000,9999.000,9999.000,9999.000,9999.000,9999.000
202604131842,   0.382,9999.000,9999.000,9999.000,9999.000,9999.000,9999.000,9999.000,9999.000
202604131848,   0.417,9999.000,9999.000,9999.000,9999.000,9999.000,9999.000,9999.000,9999.000
202604131854,   0.455,9999.000,9999.000,9999.000,9999.000,9999.000,9999.000,9999.000,9999.000
202604131900,   0.495,9999.000,  -0.200,  -1.325,  -1.030,  -0.400,  -1.230,  -0.100,  -0.930
202604131906,   0.537,9999.000,9999.000,9999.000,9999.000,9999.000,9999.000,9999.000,9999.000
202604131912,   0.582,9999.000,9999.000,9999.000,9999.000,9999.000,9999.000,9999.000,9999.000
202604131918,   0.628,9999.000,9999.000,9999.000,9999.000,9999.000,9999.000,9999.000,9999.000
202604131924,   0.677,9999.000,9999.000,9999.000,9999.000,9999.000,9999.000,9999.000,9999.000
202604131930,   0.728,9999.000,9999.000,9999.000,9999.000,9999.000,9999.000,9999.000,9999.000
202604131936,   0.780,9999.000,9999.000,9999.000,9999.000,9999.000,9999.000,9999.000,9999.000
202604131942,   0.834,9999.000,9999.000,9999.000,9999.000,9999.000,9999.000,9999.000,9999.000
202604131948,   0.890,9999.000,9999.000,9999.000,9999.000,9999.000,9999.000,9999.000,9999.000
202604131954,   0.947,9999.000,9999.000,9999.000,9999.000,9999.000,9999.000,9999.000,9999.000
202604132000,   1.005,9999.000,  -0.300,  -1.325,  -0.620,  -0.400,  -0.720,  -0.100,  -0.420
202604132006,   1.064,9999.000,9999.000,9999.000,9999.000,9999.000,9999.000,9999.000,9999.000
202604132012,   1.125,9999.000,9999.000,9999.000,9999.000,9999.000,9999.000,9999.000,9999.000
202604132018,   1.186,9999.000,9999.000,9999.000,9999.000,9999.000,9999.000,9999.000,9999.000
202604132024,   1.248,9999.000,9999.000,9999.000,9999.000,9999.000,9999.000,9999.000,9999.000
202604132030,   1.310,9999.000,9999.000,9999.000,9999.000,9999.000,9999.000,9999.000,9999.000
202604132036,   1.372,9999.000,9999.000,9999.000,9999.000,9999.000,9999.000,9999.000,9999.000
202604132042,   1.435,9999.000,9999.000,9999.000,9999.000,9999.000,9999.000,9999.000,9999.000
202604132048,   1.496,9999.000,9999.000,9999.000,9999.000,9999.000,9999.000,9999.000,9999.000
202604132054,   1.557,9999.000,9999.000,9999.000,9999.000,9999.000,9999.000,9999.000,9999.000
202604132100,   1.618,9999.000,  -0.300,  -1.325,  -0.007,  -0.400,  -0.107,  -0.100,   0.193
202604132106,   1.676,9999.000,9999.000,9999.000,9999.000,9999.000,9999.000,9999.000,9999.000
202604132112,   1.734,9999.000,9999.000,9999.000,9999.000,9999.000,9999.000,9999.000,9999.000
202604132118,   1.789,9999.000,9999.000,9999.000,9999.000,9999.000,9999.000,9999.000,9999.000
202604132124,   1.842,9999.000,9999.000,9999.000,9999.000,9999.000,9999.000,9999.000,9999.000
202604132130,   1.892,9999.000,9999.000,9999.000,9999.000,9999.000,9999.000,9999.000,9999.000
202604132136,   1.939,9999.000,9999.000,9999.000,9999.000,9999.000,9999.000,9999.000,9999.000
202604132142,   1.983,9999.000,9999.000,9999.000,9999.000,9999.000,9999.000,9999.000,9999.000
202604132148,   2.024,9999.000,9999.000,9999.000,9999.000,9999.000,9999.000,9999.000,9999.000
202604132154,   2.061,9999.000,9999.000,9999.000,9999.000,9999.000,9999.000,9999.000,9999.000
202604132200,   2.093,9999.000,  -0.300,  -1.325,   0.468,  -0.400,   0.368,  -0.100,   0.668
202604132206,   2.122,9999.000,9999.000,9999.000,9999.000,9999.000,9999.000,9999.000,9999.000
202604132212,   2.146,9999.000,9999.000,9999.000,9999.000,9999.000,9999.000,9999.000,9999.000
202604132218,   2.166,9999.000,9999.000,9999.000,9999.000,9999.000,9999.000,9999.000,9999.000
202604132224,   2.182,9999.000,9999.000,9999.000,9999.000,9999.000,9999.000,9999.000,9999.000
202604132230,   2.192,9999.000,9999.000,9999.000,9999.000,9999.000,9999.000,9999.000,9999.000
202604132236,   2.199,9999.000,9999.000,9999.000,9999.000,9999.000,9999.000,9999.000,9999.000
202604132242,   2.201,9999.000,9999.000,9999.000,9999.000,9999.000,9999.000,9999.000,9999.000
202604132248,   2.199,9999.000,9999.000,9999.000,9999.000,9999.000,9999.000,9999.000,9999.000
202604132254,   2.192,9999.000,9999.000,9999.000,9999.000,9999.000,9999.000,9999.000,9999.000
202604132300,   2.182,9999.000,  -0.300,  -1.325,   0.557,  -0.500,   0.357,  -0.100,   0.757
202604132306,   2.169,9999.000,9999.000,9999.000,9999.000,9999.000,9999.000,9999.000,9999.000
202604132312,   2.152,9999.000,9999.000,9999.000,9999.000,9999.000,9999.000,9999.000,9999.000
202604132318,   2.131,9999.000,9999.000,9999.000,9999.000,9999.000,9999.000,9999.000,9999.000
202604132324,   2.109,9999.000,9999.000,9999.000,9999.000,9999.000,9999.000,9999.000,9999.000
202604132330,   2.083,9999.000,9999.000,9999.000,9999.000,9999.000,9999.000,9999.000,9999.000
202604132336,   2.056,9999.000,9999.000,9999.000,9999.000,9999.000,9999.000,9999.000,9999.000
202604132342,   2.027,9999.000,9999.000,9999.000,9999.000,9999.000,9999.000,9999.000,9999.000
202604132348,   1.996,9999.000,9999.000,9999.000,9999.000,9999.000,9999.000,9999.000,9999.000
202604132354,   1.965,9999.000,9999.000,9999.000,9999.000,9999.000,9999.000,9999.000,9999.000
202604140000,   1.932,9999.000,  -0.300,  -1.325,   0.307,  -0.500,   0.107,  -0.100,   0.507
202604140006,   1.899,9999.000,9999.000,9999.000,9999.000,9999.000,9999.000,9999.000,9999.000
202604140012,   1.865,9999.000,9999.000,9999.000,9999.000,9999.000,9999.000,9999.000,9999.000
202604140018,   1.831,9999.000,9999.000,9999.000,9999.000,9999.000,9999.000,9999.000,9999.000
202604140024,   1.797,9999.000,9999.000,9999.000,9999.000,9999.000,9999.000,9999.000,9999.000
202604140030,   1.763,9999.000,9999.000,9999.000,9999.000,9999.000,9999.000,9999.000,9999.000
202604140036,   1.730,9999.000,9999.000,9999.000,9999.000,9999.000,9999.000,9999.000,9999.000
202604140042,   1.696,9999.000,9999.000,9999.000,9999.000,9999.000,9999.000,9999.000,9999.000
202604140048,   1.662,9999.000,9999.000,9999.000,9999.000,9999.000,9999.000,9999.000,9999.000
202604140054,   1.629,9999.000,9999.000,9999.000,9999.000,9999.000,9999.000,9999.000,9999.000
202604140100,   1.596,9999.000,  -0.300,  -1.325,  -0.029,  -0.500,  -0.229,  -0.100,   0.171
202604140106,   1.563,9999.000,9999.000,9999.000,9999.000,9999.000,9999.000,9999.000,9999.000
202604140112,   1.531,9999.000,9999.000,9999.000,9999.000,9999.000,9999.000,9999.000,9999.000
202604140118,   1.498,9999.000,9999.000,9999.000,9999.000,9999.000,9999.000,9999.000,9999.000
202604140124,   1.465,9999.000,9999.000,9999.000,9999.000,9999.000,9999.000,9999.000,9999.000
202604140130,   1.432,9999.000,9999.000,9999.000,9999.000,9999.000,9999.000,9999.000,9999.000
202604140136,   1.400,9999.000,9999.000,9999.000,9999.000,9999.000,9999.000,9999.000,9999.000
202604140142,   1.366,9999.000,9999.000,9999.000,9999.000,9999.000,9999.000,9999.000,9999.000
202604140148,   1.333,9999.000,9999.000,9999.000,9999.000,9999.000,9999.000,9999.000,9999.000
202604140154,   1.299,9999.000,9999.000,9999.000,9999.000,9999.000,9999.000,9999.000,9999.000
202604140200,   1.265,9999.000,  -0.300,  -1.325,  -0.360,  -0.500,  -0.560,  -0.100,  -0.160
202604140206,   1.230,9999.000,9999.000,9999.000,9999.000,9999.000,9999.000,9999.000,9999.000
202604140212,   1.195,9999.000,9999.000,9999.000,9999.000,9999.000,9999.000,9999.000,9999.000
202604140218,   1.160,9999.000,9999.000,9999.000,9999.000,9999.000,9999.000,9999.000,9999.000
202604140224,   1.124,9999.000,9999.000,9999.000,9999.000,9999.000,9999.000,9999.000,9999.000
202604140230,   1.088,9999.000,9999.000,9999.000,9999.000,9999.000,9999.000,9999.000,9999.000
202604140236,   1.052,9999.000,9999.000,9999.000,9999.000,9999.000,9999.000,9999.000,9999.000
202604140242,   1.016,9999.000,9999.000,9999.000,9999.000,9999.000,9999.000,9999.000,9999.000
202604140248,   0.979,9999.000,9999.000,9999.000,9999.000,9999.000,9999.000,9999.000,9999.000
202604140254,   0.942,9999.000,9999.000,9999.000,9999.000,9999.000,9999.000,9999.000,9999.000
202604140300,   0.905,9999.000,  -0.400,  -1.325,  -0.820,  -0.600,  -1.020,  -0.200,  -0.620
202604140306,   0.868,9999.000,9999.000,9999.000,9999.000,9999.000,9999.000,9999.000,9999.000
202604140312,   0.831,9999.000,9999.000,9999.000,9999.000,9999.000,9999.000,9999.000,9999.000
202604140318,   0.795,9999.000,9999.000,9999.000,9999.000,9999.000,9999.000,9999.000,9999.000
202604140324,   0.758,9999.000,9999.000,9999.000,9999.000,9999.000,9999.000,9999.000,9999.000
202604140330,   0.722,9999.000,9999.000,9999.000,9999.000,9999.000,9999.000,9999.000,9999.000
202604140336,   0.687,9999.000,9999.000,9999.000,9999.000,9999.000,9999.000,9999.000,9999.000
202604140342,   0.651,9999.000,9999.000,9999.000,9999.000,9999.000,9999.000,9999.000,9999.000
202604140348,   0.616,9999.000,9999.000,9999.000,9999.000,9999.000,9999.000,9999.000,9999.000
202604140354,   0.582,9999.000,9999.000,9999.000,9999.000,9999.000,9999.000,9999.000,9999.000
202604140400,   0.549,9999.000,  -0.400,  -1.325,  -1.176,  -0.600,  -1.376,  -0.200,  -0.976
202604140406,   0.516,9999.000,9999.000,9999.000,9999.000,9999.000,9999.000,9999.000,9999.000
202604140412,   0.483,9999.000,9999.000,9999.000,9999.000,9999.000,9999.000,9999.000,9999.000
202604140418,   0.452,9999.000,9999.000,9999.000,9999.000,9999.000,9999.000,9999.000,9999.000
202604140424,   0.422,9999.000,9999.000,9999.000,9999.000,9999.000,9999.000,9999.000,9999.000
202604140430,   0.392,9999.000,9999.000,9999.000,9999.000,9999.000,9999.000,9999.000,9999.000
202604140436,   0.364,9999.000,9999.000,9999.000,9999.000,9999.000,9999.000,9999.000,9999.000
202604140442,   0.336,9999.000,9999.000,9999.000,9999.000,9999.000,9999.000,9999.000,9999.000
202604140448,   0.310,9999.000,9999.000,9999.000,9999.000,9999.000,9999.000,9999.000,9999.000
202604140454,   0.286,9999.000,9999.000,9999.000,9999.000,9999.000,9999.000,9999.000,9999.000
202604140500,   0.262,9999.000,  -0.400,  -1.325,  -1.463,  -0.700,  -1.763,  -0.300,  -1.363
202604140506,   0.241,9999.000,9999.000,9999.000,9999.000,9999.000,9999.000,9999.000,9999.000
202604140512,   0.221,9999.000,9999.000,9999.000,9999.000,9999.000,9999.000,9999.000,9999.000
202604140518,   0.203,9999.000,9999.000,9999.000,9999.000,9999.000,9999.000,9999.000,9999.000
202604140524,   0.187,9999.000,9999.000,9999.000,9999.000,9999.000,9999.000,9999.000,9999.000
202604140530,   0.173,9999.000,9999.000,9999.000,9999.000,9999.000,9999.000,9999.000,9999.000
202604140536,   0.162,9999.000,9999.000,9999.000,9999.000,9999.000,9999.000,9999.000,9999.000
202604140542,   0.153,9999.000,9999.000,9999.000,9999.000,9999.000,9999.000,9999.000,9999.000
202604140548,   0.147,9999.000,9999.000,9999.000,9999.000,9999.000,9999.000,9999.000,9999.000
202604140554,   0.143,9999.000,9999.000,9999.000,9999.000,9999.000,9999.000,9999.000,9999.000
202604140600,   0.142,9999.000,  -0.500,  -1.325,  -1.683,  -0.700,  -1.883,  -0.300,  -1.483
202604140606,   0.143,9999.000,9999.000,9999.000,9999.000,9999.000,9999.000,9999.000,9999.000
202604140612,   0.148,9999.000,9999.000,9999.000,9999.000,9999.000,9999.000,9999.000,9999.000
202604140618,   0.156,9999.000,9999.000,9999.000,9999.000,9999.000,9999.000,9999.000,9999.000
202604140624,   0.166,9999.000,9999.000,9999.000,9999.000,9999.000,9999.000,9999.000,9999.000
202604140630,   0.180,9999.000,9999.000,9999.000,9999.000,9999.000,9999.000,9999.000,9999.000
202604140636,   0.196,9999.000,9999.000,9999.000,9999.000,9999.000,9999.000,9999.000,9999.000
202604140642,   0.216,9999.000,9999.000,9999.000,9999.000,9999.000,9999.000,9999.000,9999.000
202604140648,   0.238,9999.000,9999.000,9999.000,9999.000,9999.000,9999.000,9999.000,9999.000
202604140654,   0.263,9999.000,9999.000,9999.000,9999.000,9999.000,9999.000,9999.000,9999.000
202604140700,   0.291,9999.000,  -0.500,  -1.325,  -1.534,  -0.700,  -1.734,  -0.300,  -1.334
202604140706,   0.322,9999.000,9999.000,9999.000,9999.000,9999.000,9999.000,9999.000,9999.000
202604140712,   0.356,9999.000,9999.000,9999.000,9999.000,9999.000,9999.000,9999.000,9999.000
202604140718,   0.392,9999.000,9999.000,9999.000,9999.000,9999.000,9999.000,9999.000,9999.000
202604140724,   0.431,9999.000,9999.000,9999.000,9999.000,9999.000,9999.000,9999.000,9999.000
202604140730,   0.472,9999.000,9999.000,9999.000,9999.000,9999.000,9999.000,9999.000,9999.000
202604140736,   0.515,9999.000,9999.000,9999.000,9999.000,9999.000,9999.000,9999.000,9999.000
202604140742,   0.561,9999.000,9999.000,9999.000,9999.000,9999.000,9999.000,9999.000,9999.000
202604140748,   0.609,9999.000,9999.000,9999.000,9999.000,9999.000,9999.000,9999.000,9999.000
202604140754,   0.659,9999.000,9999.000,9999.000,9999.000,9999.000,9999.000,9999.000,9999.000
202604140800,   0.711,9999.000,  -0.500,  -1.325,  -1.114,  -0.700,  -1.314,  -0.300,  -0.914
202604140806,   0.764,9999.000,9999.000,9999.000,9999.000,9999.000,9999.000,9999.000,9999.000
202604140812,   0.819,9999.000,9999.000,9999.000,9999.000,9999.000,9999.000,9999.000,9999.000
202604140818,   0.876,9999.000,9999.000,9999.000,9999.000,9999.000,9999.000,9999.000,9999.000
202604140824,   0.934,9999.000,9999.000,9999.000,9999.000,9999.000,9999.000,9999.000,9999.000
202604140830,   0.993,9999.000,9999.000,9999.000,9999.000,9999.000,9999.000,9999.000,9999.000
202604140836,   1.054,9999.000,9999.000,9999.000,9999.000,9999.000,9999.000,9999.000,9999.000
202604140842,   1.115,9999.000,9999.000,9999.000,9999.000,9999.000,9999.000,9999.000,9999.000
202604140848,   1.177,9999.000,9999.000,9999.000,9999.000,9999.000,9999.000,9999.000,9999.000
202604140854,   1.239,9999.000,9999.000,9999.000,9999.000,9999.000,9999.000,9999.000,9999.000
202604140900,   1.301,9999.000,  -0.500,  -1.325,  -0.524,  -0.700,  -0.724,  -0.300,  -0.324
202604140906,   1.364,9999.000,9999.000,9999.000,9999.000,9999.000,9999.000,9999.000,9999.000
202604140912,   1.426,9999.000,9999.000,9999.000,9999.000,9999.000,9999.000,9999.000,9999.000
202604140918,   1.487,9999.000,9999.000,9999.000,9999.000,9999.000,9999.000,9999.000,9999.000
202604140924,   1.547,9999.000,9999.000,9999.000,9999.000,9999.000,9999.000,9999.000,9999.000
202604140930,   1.606,9999.000,9999.000,9999.000,9999.000,9999.000,9999.000,9999.000,9999.000
202604140936,   1.664,9999.000,9999.000,9999.000,9999.000,9999.000,9999.000,9999.000,9999.000
202604140942,   1.719,9999.000,9999.000,9999.000,9999.000,9999.000,9999.000,9999.000,9999.000
202604140948,   1.772,9999.000,9999.000,9999.000,9999.000,9999.000,9999.000,9999.000,9999.000
202604140954,   1.822,9999.000,9999.000,9999.000,9999.000,9999.000,9999.000,9999.000,9999.000
202604141000,   1.870,9999.000,  -0.500,  -1.325,   0.045,  -0.700,  -0.155,  -0.300,   0.245
202604141006,   1.914,9999.000,9999.000,9999.000,9999.000,9999.000,9999.000,9999.000,9999.000
202604141012,   1.955,9999.000,9999.000,9999.000,9999.000,9999.000,9999.000,9999.000,9999.000
202604141018,   1.991,9999.000,9999.000,9999.000,9999.000,9999.000,9999.000,9999.000,9999.000
202604141024,   2.024,9999.000,9999.000,9999.000,9999.000,9999.000,9999.000,9999.000,9999.000
202604141030,   2.052,9999.000,9999.000,9999.000,9999.000,9999.000,9999.000,9999.000,9999.000
202604141036,   2.076,9999.000,9999.000,9999.000,9999.000,9999.000,9999.000,9999.000,9999.000
202604141042,   2.095,9999.000,9999.000,9999.000,9999.000,9999.000,9999.000,9999.000,9999.000
202604141048,   2.110,9999.000,9999.000,9999.000,9999.000,9999.000,9999.000,9999.000,9999.000
202604141054,   2.120,9999.000,9999.000,9999.000,9999.000,9999.000,9999.000,9999.000,9999.000
202604141100,   2.126,9999.000,  -0.500,  -1.325,   0.301,  -0.700,   0.101,  -0.300,   0.501
202604141106,   2.127,9999.000,9999.000,9999.000,9999.000,9999.000,9999.000,9999.000,9999.000
202604141112,   2.124,9999.000,9999.000,9999.000,9999.000,9999.000,9999.000,9999.000,9999.000
202604141118,   2.117,9999.000,9999.000,9999.000,9999.000,9999.000,9999.000,9999.000,9999.000
202604141124,   2.105,9999.000,9999.000,9999.000,9999.000,9999.000,9999.000,9999.000,9999.000
202604141130,   2.090,9999.000,9999.000,9999.000,9999.000,9999.000,9999.000,9999.000,9999.000
202604141136,   2.072,9999.000,9999.000,9999.000,9999.000,9999.000,9999.000,9999.000,9999.000
202604141142,   2.050,9999.000,9999.000,9999.000,9999.000,9999.000,9999.000,9999.000,9999.000
202604141148,   2.026,9999.000,9999.000,9999.000,9999.000,9999.000,9999.000,9999.000,9999.000
202604141154,   1.999,9999.000,9999.000,9999.000,9999.000,9999.000,9999.000,9999.000,9999.000
202604141200,   1.970,9999.000,  -0.500,  -1.325,   0.145,  -0.700,  -0.055,  -0.200,   0.445
202604141206,   1.940,9999.000,9999.000,9999.000,9999.000,9999.000,9999.000,9999.000,9999.000
202604141212,   1.908,9999.000,9999.000,9999.000,9999.000,9999.000,9999.000,9999.000,9999.000
202604141218,   1.874,9999.000,9999.000,9999.000,9999.000,9999.000,9999.000,9999.000,9999.000
202604141224,   1.840,9999.000,9999.000,9999.000,9999.000,9999.000,9999.000,9999.000,9999.000
202604141230,   1.805,9999.000,9999.000,9999.000,9999.000,9999.000,9999.000,9999.000,9999.000
202604141236,   1.770,9999.000,9999.000,9999.000,9999.000,9999.000,9999.000,9999.000,9999.000
202604141242,   1.735,9999.000,9999.000,9999.000,9999.000,9999.000,9999.000,9999.000,9999.000
202604141248,   1.700,9999.000,9999.000,9999.000,9999.000,9999.000,9999.000,9999.000,9999.000
202604141254,   1.665,9999.000,9999.000,9999.000,9999.000,9999.000,9999.000,9999.000,9999.000
202604141300,   1.631,9999.000,  -0.400,  -1.325,  -0.094,  -0.700,  -0.394,  -0.200,   0.106
202604141306,   1.596,9999.000,9999.000,9999.000,9999.000,9999.000,9999.000,9999.000,9999.000
202604141312,   1.562,9999.000,9999.000,9999.000,9999.000,9999.000,9999.000,9999.000,9999.000
202604141318,   1.529,9999.000,9999.000,9999.000,9999.000,9999.000,9999.000,9999.000,9999.000
202604141324,   1.496,9999.000,9999.000,9999.000,9999.000,9999.000,9999.000,9999.000,9999.000
202604141330,   1.463,9999.000,9999.000,9999.000,9999.000,9999.000,9999.000,9999.000,9999.000
202604141336,   1.431,9999.000,9999.000,9999.000,9999.000,9999.000,9999.000,9999.000,9999.000
202604141342,   1.399,9999.000,9999.000,9999.000,9999.000,9999.000,9999.000,9999.000,9999.000
202604141348,   1.367,9999.000,9999.000,9999.000,9999.000,9999.000,9999.000,9999.000,9999.000
202604141354,   1.335,9999.000,9999.000,9999.000,9999.000,9999.000,9999.000,9999.000,9999.000
202604141400,   1.304,9999.000,  -0.400,  -1.325,  -0.421,  -0.700,  -0.721,  -0.200,  -0.221
202604141406,   1.272,9999.000,9999.000,9999.000,9999.000,9999.000,9999.000,9999.000,9999.000
202604141412,   1.240,9999.000,9999.000,9999.000,9999.000,9999.000,9999.000,9999.000,9999.000
202604141418,   1.208,9999.000,9999.000,9999.000,9999.000,9999.000,9999.000,9999.000,9999.000
202604141424,   1.176,9999.000,9999.000,9999.000,9999.000,9999.000,9999.000,9999.000,9999.000
202604141430,   1.143,9999.000,9999.000,9999.000,9999.000,9999.000,9999.000,9999.000,9999.000
202604141436,   1.110,9999.000,9999.000,9999.000,9999.000,9999.000,9999.000,9999.000,9999.000
202604141442,   1.077,9999.000,9999.000,9999.000,9999.000,9999.000,9999.000,9999.000,9999.000
202604141448,   1.044,9999.000,9999.000,9999.000,9999.000,9999.000,9999.000,9999.000,9999.000
202604141454,   1.010,9999.000,9999.000,9999.000,9999.000,9999.000,9999.000,9999.000,9999.000
202604141500,   0.976,9999.000,  -0.400,  -1.325,  -0.749,  -0.700,  -1.049,  -0.200,  -0.549
202604141506,   0.942,9999.000,9999.000,9999.000,9999.000,9999.000,9999.000,9999.000,9999.000
202604141512,   0.907,9999.000,9999.000,9999.000,9999.000,9999.000,9999.000,9999.000,9999.000
202604141518,   0.872,9999.000,9999.000,9999.000,9999.000,9999.000,9999.000,9999.000,9999.000
202604141524,   0.837,9999.000,9999.000,9999.000,9999.000,9999.000,9999.000,9999.000,9999.000
202604141530,   0.802,9999.000,9999.000,9999.000,9999.000,9999.000,9999.000,9999.000,9999.000
202604141536,   0.767,9999.000,9999.000,9999.000,9999.000,9999.000,9999.000,9999.000,9999.000
202604141542,   0.732,9999.000,9999.000,9999.000,9999.000,9999.000,9999.000,9999.000,9999.000
202604141548,   0.697,9999.000,9999.000,9999.000,9999.000,9999.000,9999.000,9999.000,9999.000
202604141554,   0.663,9999.000,9999.000,9999.000,9999.000,9999.000,9999.000,9999.000,9999.000
202604141600,   0.628,9999.000,  -0.400,  -1.325,  -1.097,  -0.600,  -1.297,  -0.200,  -0.897
202604141606,   0.593,9999.000,9999.000,9999.000,9999.000,9999.000,9999.000,9999.000,9999.000
202604141612,   0.559,9999.000,9999.000,9999.000,9999.000,9999.000,9999.000,9999.000,9999.000
202604141618,   0.525,9999.000,9999.000,9999.000,9999.000,9999.000,9999.000,9999.000,9999.000
202604141624,   0.492,9999.000,9999.000,9999.000,9999.000,9999.000,9999.000,9999.000,9999.000
202604141630,   0.459,9999.000,9999.000,9999.000,9999.000,9999.000,9999.000,9999.000,9999.000
202604141636,   0.427,9999.000,9999.000,9999.000,9999.000,9999.000,9999.000,9999.000,9999.000
202604141642,   0.395,9999.000,9999.000,9999.000,9999.000,9999.000,9999.000,9999.000,9999.000
202604141648,   0.363,9999.000,9999.000,9999.000,9999.000,9999.000,9999.000,9999.000,9999.000
202604141654,   0.333,9999.000,9999.000,9999.000,9999.000,9999.000,9999.000,9999.000,9999.000
202604141700,   0.303,9999.000,  -0.400,  -1.325,  -1.422,  -0.600,  -1.622,  -0.200,  -1.222
202604141706,   0.275,9999.000,9999.000,9999.000,9999.000,9999.000,9999.000,9999.000,9999.000
202604141712,   0.247,9999.000,9999.000,9999.000,9999.000,9999.000,9999.000,9999.000,9999.000
202604141718,   0.221,9999.000,9999.000,9999.000,9999.000,9999.000,9999.000,9999.000,9999.000
202604141724,   0.196,9999.000,9999.000,9999.000,9999.000,9999.000,9999.000,9999.000,9999.000
202604141730,   0.173,9999.000,9999.000,9999.000,9999.000,9999.000,9999.000,9999.000,9999.000
202604141736,   0.151,9999.000,9999.000,9999.000,9999.000,9999.000,9999.000,9999.000,9999.000
202604141742,   0.131,9999.000,9999.000,9999.000,9999.000,9999.000,9999.000,9999.000,9999.000
202604141748,   0.113,9999.000,9999.000,9999.000,9999.000,9999.000,9999.000,9999.000,9999.000
202604141754,   0.097,9999.000,9999.000,9999.000,9999.000,9999.000,9999.000,9999.000,9999.000
202604141800,   0.084,9999.000,  -0.300,  -1.325,  -1.541,  -0.600,  -1.841,  -0.100,  -1.341
