        TIME,    TIDE,      OB,   SURGE,    BIAS,     TWL,SURGE90p,  TWL90p,SURGE10p,   TWL10p
202606231800,   2.218,   0.610,   0.700,  -2.308,   0.610,   0.600,   0.510,   0.800,   0.710
202606231806,   2.252,9999.000,9999.000,9999.000,9999.000,9999.000,9999.000,9999.000,9999.000
202606231812,   2.285,   0.698,9999.000,9999.000,9999.000,9999.000,9999.000,9999.000,9999.000
202606231818,   2.316,9999.000,9999.000,9999.000,9999.000,9999.000,9999.000,9999.000,9999.000
202606231824,   2.346,   0.819,9999.000,9999.000,9999.000,9999.000,9999.000,9999.000,9999.000
202606231830,   2.374,9999.000,9999.000,9999.000,9999.000,9999.000,9999.000,9999.000,9999.000
202606231836,   2.401,   0.918,9999.000,9999.000,9999.000,9999.000,9999.000,9999.000,9999.000
202606231842,   2.427,9999.000,9999.000,9999.000,9999.000,9999.000,9999.000,9999.000,9999.000
202606231848,   2.451,   1.010,9999.000,9999.000,9999.000,9999.000,9999.000,9999.000,9999.000
202606231854,   2.474,9999.000,9999.000,9999.000,9999.000,9999.000,9999.000,9999.000,9999.000
202606231900,   2.495,   1.108,   0.700,  -2.087,   1.108,   0.600,   1.008,   0.800,   1.208
202606231906,   2.516,   1.151,9999.000,9999.000,9999.000,9999.000,9999.000,9999.000,9999.000
202606231912,   2.534,   1.190,9999.000,9999.000,9999.000,9999.000,9999.000,9999.000,9999.000
202606231918,   2.552,   1.229,9999.000,9999.000,9999.000,9999.000,9999.000,9999.000,9999.000
202606231924,   2.568,   1.249,9999.000,9999.000,9999.000,9999.000,9999.000,9999.000,9999.000
202606231930,   2.583,   1.269,9999.000,9999.000,9999.000,9999.000,9999.000,9999.000,9999.000
202606231936,   2.596,   1.308,9999.000,9999.000,9999.000,9999.000,9999.000,9999.000,9999.000
202606231942,   2.608,   1.318,9999.000,9999.000,9999.000,9999.000,9999.000,9999.000,9999.000
202606231948,   2.619,   1.361,9999.000,9999.000,9999.000,9999.000,9999.000,9999.000,9999.000
202606231954,   2.628,   1.380,9999.000,9999.000,9999.000,9999.000,9999.000,9999.000,9999.000
202606232000,   2.636,   1.400,   0.700,  -1.936,   1.400,   0.600,   1.300,   0.800,   1.500
202606232006,   2.643,   1.410,9999.000,9999.000,9999.000,9999.000,9999.000,9999.000,9999.000
202606232012,   2.648,   1.420,9999.000,9999.000,9999.000,9999.000,9999.000,9999.000,9999.000
202606232018,   2.651,   1.420,9999.000,9999.000,9999.000,9999.000,9999.000,9999.000,9999.000
202606232024,   2.653,   1.430,9999.000,9999.000,9999.000,9999.000,9999.000,9999.000,9999.000
202606232030,   2.653,   1.439,9999.000,9999.000,9999.000,9999.000,9999.000,9999.000,9999.000
202606232036,   2.652,   1.430,9999.000,9999.000,9999.000,9999.000,9999.000,9999.000,9999.000
202606232042,   2.649,   1.430,9999.000,9999.000,9999.000,9999.000,9999.000,9999.000,9999.000
202606232048,   2.645,   1.420,9999.000,9999.000,9999.000,9999.000,9999.000,9999.000,9999.000
202606232054,   2.638,   1.410,9999.000,9999.000,9999.000,9999.000,9999.000,9999.000,9999.000
202606232100,   2.630,   1.390,   0.700,  -1.940,   1.390,   0.600,   1.290,   0.700,   1.390
202606232106,   2.620,   1.348,9999.000,9999.000,9999.000,9999.000,9999.000,9999.000,9999.000
202606232112,   2.608,   1.328,9999.000,9999.000,9999.000,9999.000,9999.000,9999.000,9999.000
202606232118,   2.594,   1.298,9999.000,9999.000,9999.000,9999.000,9999.000,9999.000,9999.000
202606232124,   2.578,   1.269,9999.000,9999.000,9999.000,9999.000,9999.000,9999.000,9999.000
202606232130,   2.561,   1.229,9999.000,9999.000,9999.000,9999.000,9999.000,9999.000,9999.000
202606232136,   2.541,   1.190,9999.000,9999.000,9999.000,9999.000,9999.000,9999.000,9999.000
202606232142,   2.520,   1.138,9999.000,9999.000,9999.000,9999.000,9999.000,9999.000,9999.000
202606232148,   2.496,   1.098,9999.000,9999.000,9999.000,9999.000,9999.000,9999.000,9999.000
202606232154,   2.471,   1.049,9999.000,9999.000,9999.000,9999.000,9999.000,9999.000,9999.000
202606232200,   2.443,   1.000,   0.700,  -2.143,   1.000,   0.600,   0.900,   0.700,   1.000
202606232206,   2.414,   0.951,9999.000,9999.000,9999.000,9999.000,9999.000,9999.000,9999.000
202606232212,   2.383,   0.898,9999.000,9999.000,9999.000,9999.000,9999.000,9999.000,9999.000
202606232218,   2.350,   0.839,9999.000,9999.000,9999.000,9999.000,9999.000,9999.000,9999.000
202606232224,   2.315,   0.780,9999.000,9999.000,9999.000,9999.000,9999.000,9999.000,9999.000
202606232230,   2.279,   0.731,9999.000,9999.000,9999.000,9999.000,9999.000,9999.000,9999.000
202606232236,   2.241,   0.678,9999.000,9999.000,9999.000,9999.000,9999.000,9999.000,9999.000
202606232242,   2.201,   0.619,9999.000,9999.000,9999.000,9999.000,9999.000,9999.000,9999.000
202606232248,   2.160,   0.570,9999.000,9999.000,9999.000,9999.000,9999.000,9999.000,9999.000
202606232254,   2.118,   0.518,9999.000,9999.000,9999.000,9999.000,9999.000,9999.000,9999.000
202606232300,   2.074,   0.469,   0.600,  -2.205,   0.469,   0.600,   0.469,   0.700,   0.569
202606232306,   2.029,   0.419,9999.000,9999.000,9999.000,9999.000,9999.000,9999.000,9999.000
202606232312,   1.984,   0.360,9999.000,9999.000,9999.000,9999.000,9999.000,9999.000,9999.000
202606232318,   1.937,   0.308,9999.000,9999.000,9999.000,9999.000,9999.000,9999.000,9999.000
202606232324,   1.890,   0.259,9999.000,9999.000,9999.000,9999.000,9999.000,9999.000,9999.000
202606232330,   1.842,   0.209,9999.000,9999.000,9999.000,9999.000,9999.000,9999.000,9999.000
202606232336,   1.794,   0.160,9999.000,9999.000,9999.000,9999.000,9999.000,9999.000,9999.000
202606232342,   1.746,   0.121,9999.000,9999.000,9999.000,9999.000,9999.000,9999.000,9999.000
202606232348,   1.698,   0.068,9999.000,9999.000,9999.000,9999.000,9999.000,9999.000,9999.000
202606232354,   1.650,   0.029,9999.000,9999.000,9999.000,9999.000,9999.000,9999.000,9999.000
202606240000,   1.602,  -0.019,   0.700,  -2.321,  -0.019,   0.600,  -0.119,   0.700,  -0.019
202606240006,   1.554,  -0.059,9999.000,9999.000,9999.000,9999.000,9999.000,9999.000,9999.000
202606240012,   1.507,  -0.111,9999.000,9999.000,9999.000,9999.000,9999.000,9999.000,9999.000
202606240018,   1.460,  -0.141,9999.000,9999.000,9999.000,9999.000,9999.000,9999.000,9999.000
202606240024,   1.414,  -0.160,9999.000,9999.000,9999.000,9999.000,9999.000,9999.000,9999.000
202606240030,   1.369,  -0.229,9999.000,9999.000,9999.000,9999.000,9999.000,9999.000,9999.000
202606240036,   1.324,  -0.249,9999.000,9999.000,9999.000,9999.000,9999.000,9999.000,9999.000
202606240042,   1.280,  -0.278,9999.000,9999.000,9999.000,9999.000,9999.000,9999.000,9999.000
202606240048,   1.236,  -0.321,9999.000,9999.000,9999.000,9999.000,9999.000,9999.000,9999.000
202606240054,   1.194,  -0.341,9999.000,9999.000,9999.000,9999.000,9999.000,9999.000,9999.000
202606240100,   1.152,  -0.380,   0.600,  -2.132,  -0.380,   0.600,  -0.380,   0.700,  -0.280
202606240106,   1.111,  -0.400,9999.000,9999.000,9999.000,9999.000,9999.000,9999.000,9999.000
202606240112,   1.070,  -0.439,9999.000,9999.000,9999.000,9999.000,9999.000,9999.000,9999.000
202606240118,   1.031,  -0.459,9999.000,9999.000,9999.000,9999.000,9999.000,9999.000,9999.000
202606240124,   0.993,  -0.498,9999.000,9999.000,9999.000,9999.000,9999.000,9999.000,9999.000
202606240130,   0.956,  -0.518,9999.000,9999.000,9999.000,9999.000,9999.000,9999.000,9999.000
202606240136,   0.921,  -0.541,9999.000,9999.000,9999.000,9999.000,9999.000,9999.000,9999.000
202606240142,   0.887,  -0.551,9999.000,9999.000,9999.000,9999.000,9999.000,9999.000,9999.000
202606240148,   0.855,  -0.570,9999.000,9999.000,9999.000,9999.000,9999.000,9999.000,9999.000
202606240154,   0.825,  -0.590,9999.000,9999.000,9999.000,9999.000,9999.000,9999.000,9999.000
202606240200,   0.797,  -0.600,   0.600,  -1.997,  -0.600,   0.600,  -0.600,   0.700,  -0.500
202606240206,   0.773,  -0.610,9999.000,9999.000,9999.000,9999.000,9999.000,9999.000,9999.000
202606240212,   0.751,  -0.619,9999.000,9999.000,9999.000,9999.000,9999.000,9999.000,9999.000
202606240218,   0.733,  -0.629,9999.000,9999.000,9999.000,9999.000,9999.000,9999.000,9999.000
202606240224,   0.719,  -0.639,9999.000,9999.000,9999.000,9999.000,9999.000,9999.000,9999.000
202606240230,   0.709,  -0.639,9999.000,9999.000,9999.000,9999.000,9999.000,9999.000,9999.000
202606240236,   0.703,  -0.649,9999.000,9999.000,9999.000,9999.000,9999.000,9999.000,9999.000
202606240242,   0.702,  -0.649,9999.000,9999.000,9999.000,9999.000,9999.000,9999.000,9999.000
202606240248,   0.706,  -0.649,9999.000,9999.000,9999.000,9999.000,9999.000,9999.000,9999.000
202606240254,   0.715,  -0.639,9999.000,9999.000,9999.000,9999.000,9999.000,9999.000,9999.000
202606240300,   0.728,  -0.639,   0.600,  -1.967,  -0.639,   0.600,  -0.639,   0.700,  -0.539
202606240306,   0.747,  -0.629,9999.000,9999.000,9999.000,9999.000,9999.000,9999.000,9999.000
202606240312,   0.771,  -0.610,9999.000,9999.000,9999.000,9999.000,9999.000,9999.000,9999.000
202606240318,   0.799,  -0.600,9999.000,9999.000,9999.000,9999.000,9999.000,9999.000,9999.000
202606240324,   0.833,  -0.580,9999.000,9999.000,9999.000,9999.000,9999.000,9999.000,9999.000
202606240330,   0.870,  -0.551,9999.000,9999.000,9999.000,9999.000,9999.000,9999.000,9999.000
202606240336,   0.912,  -0.531,9999.000,9999.000,9999.000,9999.000,9999.000,9999.000,9999.000
202606240342,   0.958,  -0.488,9999.000,9999.000,9999.000,9999.000,9999.000,9999.000,9999.000
202606240348,   1.008,  -0.449,9999.000,9999.000,9999.000,9999.000,9999.000,9999.000,9999.000
202606240354,   1.060,  -0.409,9999.000,9999.000,9999.000,9999.000,9999.000,9999.000,9999.000
202606240400,   1.116,  -0.370,   0.600,  -2.086,  -0.370,   0.600,  -0.370,   0.700,  -0.270
202606240406,   1.174,  -0.321,9999.000,9999.000,9999.000,9999.000,9999.000,9999.000,9999.000
202606240412,   1.234,  -0.268,9999.000,9999.000,9999.000,9999.000,9999.000,9999.000,9999.000
202606240418,   1.296,  -0.219,9999.000,9999.000,9999.000,9999.000,9999.000,9999.000,9999.000
202606240424,   1.359,  -0.170,9999.000,9999.000,9999.000,9999.000,9999.000,9999.000,9999.000
202606240430,   1.423,  -0.088,9999.000,9999.000,9999.000,9999.000,9999.000,9999.000,9999.000
202606240436,   1.488,  -0.039,9999.000,9999.000,9999.000,9999.000,9999.000,9999.000,9999.000
202606240442,   1.553,   0.039,9999.000,9999.000,9999.000,9999.000,9999.000,9999.000,9999.000
202606240448,   1.619,   0.088,9999.000,9999.000,9999.000,9999.000,9999.000,9999.000,9999.000
202606240454,   1.683,   0.150,9999.000,9999.000,9999.000,9999.000,9999.000,9999.000,9999.000
202606240500,   1.748,   0.239,   0.600,  -2.109,   0.239,   0.600,   0.239,   0.700,   0.339
202606240506,   1.811,   0.308,9999.000,9999.000,9999.000,9999.000,9999.000,9999.000,9999.000
202606240512,   1.874,   0.360,9999.000,9999.000,9999.000,9999.000,9999.000,9999.000,9999.000
202606240518,   1.936,   0.419,9999.000,9999.000,9999.000,9999.000,9999.000,9999.000,9999.000
202606240524,   1.996,   0.478,9999.000,9999.000,9999.000,9999.000,9999.000,9999.000,9999.000
202606240530,   2.054,   0.570,9999.000,9999.000,9999.000,9999.000,9999.000,9999.000,9999.000
202606240536,   2.112,   0.619,9999.000,9999.000,9999.000,9999.000,9999.000,9999.000,9999.000
202606240542,   2.167,   0.698,9999.000,9999.000,9999.000,9999.000,9999.000,9999.000,9999.000
202606240548,   2.221,   0.780,9999.000,9999.000,9999.000,9999.000,9999.000,9999.000,9999.000
202606240554,   2.273,   0.829,9999.000,9999.000,9999.000,9999.000,9999.000,9999.000,9999.000
202606240600,   2.323,   0.908,   0.500,  -1.915,   0.908,   0.500,   0.908,   0.600,   1.008
202606240606,   2.372,   0.961,9999.000,9999.000,9999.000,9999.000,9999.000,9999.000,9999.000
202606240612,   2.419,   1.020,9999.000,9999.000,9999.000,9999.000,9999.000,9999.000,9999.000
202606240618,   2.464,   1.079,9999.000,9999.000,9999.000,9999.000,9999.000,9999.000,9999.000
202606240624,   2.507,   1.138,9999.000,9999.000,9999.000,9999.000,9999.000,9999.000,9999.000
202606240630,   2.548,   1.210,9999.000,9999.000,9999.000,9999.000,9999.000,9999.000,9999.000
202606240636,   2.588,   1.229,9999.000,9999.000,9999.000,9999.000,9999.000,9999.000,9999.000
202606240642,   2.626,   1.308,9999.000,9999.000,9999.000,9999.000,9999.000,9999.000,9999.000
202606240648,   2.662,   1.328,9999.000,9999.000,9999.000,9999.000,9999.000,9999.000,9999.000
202606240654,   2.697,   1.371,9999.000,9999.000,9999.000,9999.000,9999.000,9999.000,9999.000
202606240700,   2.730,   1.420,   0.500,  -1.810,   1.420,   0.500,   1.420,   0.600,   1.520
202606240706,   2.762,   1.439,9999.000,9999.000,9999.000,9999.000,9999.000,9999.000,9999.000
202606240712,   2.792,   1.469,9999.000,9999.000,9999.000,9999.000,9999.000,9999.000,9999.000
202606240718,   2.820,   1.518,9999.000,9999.000,9999.000,9999.000,9999.000,9999.000,9999.000
202606240724,   2.847,   1.528,9999.000,9999.000,9999.000,9999.000,9999.000,9999.000,9999.000
202606240730,   2.872,   1.557,9999.000,9999.000,9999.000,9999.000,9999.000,9999.000,9999.000
202606240736,   2.896,   1.590,9999.000,9999.000,9999.000,9999.000,9999.000,9999.000,9999.000
202606240742,   2.919,   1.610,9999.000,9999.000,9999.000,9999.000,9999.000,9999.000,9999.000
202606240748,   2.939,   1.620,9999.000,9999.000,9999.000,9999.000,9999.000,9999.000,9999.000
202606240754,   2.958,   1.630,9999.000,9999.000,9999.000,9999.000,9999.000,9999.000,9999.000
202606240800,   2.976,   1.639,   0.500,  -1.837,   1.639,   0.500,   1.639,   0.500,   1.639
202606240806,   2.992,   1.649,9999.000,9999.000,9999.000,9999.000,9999.000,9999.000,9999.000
202606240812,   3.007,   1.659,9999.000,9999.000,9999.000,9999.000,9999.000,9999.000,9999.000
202606240818,   3.020,   1.659,9999.000,9999.000,9999.000,9999.000,9999.000,9999.000,9999.000
202606240824,   3.031,   1.659,9999.000,9999.000,9999.000,9999.000,9999.000,9999.000,9999.000
202606240830,   3.040,   1.649,9999.000,9999.000,9999.000,9999.000,9999.000,9999.000,9999.000
202606240836,   3.048,   1.639,9999.000,9999.000,9999.000,9999.000,9999.000,9999.000,9999.000
202606240842,   3.055,   1.630,9999.000,9999.000,9999.000,9999.000,9999.000,9999.000,9999.000
202606240848,   3.059,   1.610,9999.000,9999.000,9999.000,9999.000,9999.000,9999.000,9999.000
202606240854,   3.062,   1.580,9999.000,9999.000,9999.000,9999.000,9999.000,9999.000,9999.000
202606240900,   3.063,   1.557,   0.500,  -2.006,   1.557,   0.400,   1.457,   0.500,   1.557
202606240906,   3.062,   1.518,9999.000,9999.000,9999.000,9999.000,9999.000,9999.000,9999.000
202606240912,   3.060,   1.479,9999.000,9999.000,9999.000,9999.000,9999.000,9999.000,9999.000
202606240918,   3.055,   1.439,9999.000,9999.000,9999.000,9999.000,9999.000,9999.000,9999.000
202606240924,   3.049,   1.400,9999.000,9999.000,9999.000,9999.000,9999.000,9999.000,9999.000
202606240930,   3.042,   1.348,9999.000,9999.000,9999.000,9999.000,9999.000,9999.000,9999.000
202606240936,   3.032,   1.298,9999.000,9999.000,9999.000,9999.000,9999.000,9999.000,9999.000
202606240942,   3.020,   1.249,9999.000,9999.000,9999.000,9999.000,9999.000,9999.000,9999.000
202606240948,   3.007,   1.200,9999.000,9999.000,9999.000,9999.000,9999.000,9999.000,9999.000
202606240954,   2.992,   1.138,9999.000,9999.000,9999.000,9999.000,9999.000,9999.000,9999.000
202606241000,   2.975,   1.088,   0.500,  -2.387,   1.088,   0.400,   0.988,   0.500,   1.088
202606241006,   2.956,   1.029,9999.000,9999.000,9999.000,9999.000,9999.000,9999.000,9999.000
202606241012,   2.935,   0.961,9999.000,9999.000,9999.000,9999.000,9999.000,9999.000,9999.000
202606241018,   2.913,   0.898,9999.000,9999.000,9999.000,9999.000,9999.000,9999.000,9999.000
202606241024,   2.888,   0.839,9999.000,9999.000,9999.000,9999.000,9999.000,9999.000,9999.000
202606241030,   2.862,   0.780,9999.000,9999.000,9999.000,9999.000,9999.000,9999.000,9999.000
202606241036,   2.835,   0.718,9999.000,9999.000,9999.000,9999.000,9999.000,9999.000,9999.000
202606241042,   2.805,   0.659,9999.000,9999.000,9999.000,9999.000,9999.000,9999.000,9999.000
202606241048,   2.774,   0.580,9999.000,9999.000,9999.000,9999.000,9999.000,9999.000,9999.000
202606241054,   2.741,   0.531,9999.000,9999.000,9999.000,9999.000,9999.000,9999.000,9999.000
202606241100,   2.707,   0.469,   0.500,  -2.738,   0.469,   0.400,   0.369,   0.500,   0.469
202606241106,   2.672,   0.400,9999.000,9999.000,9999.000,9999.000,9999.000,9999.000,9999.000
202606241112,   2.635,   0.341,9999.000,9999.000,9999.000,9999.000,9999.000,9999.000,9999.000
202606241118,   2.596,   0.278,9999.000,9999.000,9999.000,9999.000,9999.000,9999.000,9999.000
202606241124,   2.556,   0.219,9999.000,9999.000,9999.000,9999.000,9999.000,9999.000,9999.000
202606241130,   2.516,   0.160,9999.000,9999.000,9999.000,9999.000,9999.000,9999.000,9999.000
202606241136,   2.474,   0.098,9999.000,9999.000,9999.000,9999.000,9999.000,9999.000,9999.000
202606241142,   2.431,   0.039,9999.000,9999.000,9999.000,9999.000,9999.000,9999.000,9999.000
202606241148,   2.387,  -0.009,9999.000,9999.000,9999.000,9999.000,9999.000,9999.000,9999.000
202606241154,   2.342,  -0.068,9999.000,9999.000,9999.000,9999.000,9999.000,9999.000,9999.000
202606241200,   2.297,  -0.131,   0.300,  -2.728,  -0.131,   0.300,  -0.131,   0.400,  -0.031
202606241206,   2.251,  -0.180,9999.000,9999.000,9999.000,9999.000,9999.000,9999.000,9999.000
202606241212,   2.204,  -0.229,9999.000,9999.000,9999.000,9999.000,9999.000,9999.000,9999.000
202606241218,   2.157,  -0.278,9999.000,9999.000,9999.000,9999.000,9999.000,9999.000,9999.000
202606241224,   2.110,  -0.331,9999.000,9999.000,9999.000,9999.000,9999.000,9999.000,9999.000
202606241230,   2.062,  -0.380,9999.000,9999.000,9999.000,9999.000,9999.000,9999.000,9999.000
202606241236,   2.014,  -0.429,9999.000,9999.000,9999.000,9999.000,9999.000,9999.000,9999.000
202606241242,   1.966,  -0.478,9999.000,9999.000,9999.000,9999.000,9999.000,9999.000,9999.000
202606241248,   1.917,  -0.531,9999.000,9999.000,9999.000,9999.000,9999.000,9999.000,9999.000
202606241254,   1.868,  -0.570,9999.000,9999.000,9999.000,9999.000,9999.000,9999.000,9999.000
202606241300,   1.819,  -0.610,   0.300,  -2.729,  -0.610,   0.300,  -0.610,   0.400,  -0.510
202606241306,   1.770,  -0.649,9999.000,9999.000,9999.000,9999.000,9999.000,9999.000,9999.000
202606241312,   1.720,  -0.688,9999.000,9999.000,9999.000,9999.000,9999.000,9999.000,9999.000
202606241318,   1.671,  -0.731,9999.000,9999.000,9999.000,9999.000,9999.000,9999.000,9999.000
202606241324,   1.621,  -0.780,9999.000,9999.000,9999.000,9999.000,9999.000,9999.000,9999.000
202606241330,   1.570,  -0.819,9999.000,9999.000,9999.000,9999.000,9999.000,9999.000,9999.000
202606241336,   1.520,  -0.859,9999.000,9999.000,9999.000,9999.000,9999.000,9999.000,9999.000
202606241342,   1.469,  -0.869,9999.000,9999.000,9999.000,9999.000,9999.000,9999.000,9999.000
202606241348,   1.418,  -0.908,9999.000,9999.000,9999.000,9999.000,9999.000,9999.000,9999.000
202606241354,   1.368,  -0.951,9999.000,9999.000,9999.000,9999.000,9999.000,9999.000,9999.000
202606241400,   1.317,  -0.970,   0.300,  -2.587,  -0.970,   0.200,  -1.070,   0.400,  -0.870
202606241406,   1.267,  -0.990,9999.000,9999.000,9999.000,9999.000,9999.000,9999.000,9999.000
202606241412,   1.218,  -1.039,9999.000,9999.000,9999.000,9999.000,9999.000,9999.000,9999.000
202606241418,   1.169,  -1.059,9999.000,9999.000,9999.000,9999.000,9999.000,9999.000,9999.000
202606241424,   1.122,  -1.098,9999.000,9999.000,9999.000,9999.000,9999.000,9999.000,9999.000
202606241430,   1.077,  -1.108,9999.000,9999.000,9999.000,9999.000,9999.000,9999.000,9999.000
202606241436,   1.034,  -1.151,9999.000,9999.000,9999.000,9999.000,9999.000,9999.000,9999.000
202606241442,   0.994,  -1.170,9999.000,9999.000,9999.000,9999.000,9999.000,9999.000,9999.000
202606241448,   0.957,  -1.190,9999.000,9999.000,9999.000,9999.000,9999.000,9999.000,9999.000
202606241454,   0.923,  -1.190,9999.000,9999.000,9999.000,9999.000,9999.000,9999.000,9999.000
202606241500,   0.893,  -1.210,   0.300,  -2.403,  -1.210,   0.200,  -1.310,   0.400,  -1.110
202606241506,   0.868,  -1.220,9999.000,9999.000,9999.000,9999.000,9999.000,9999.000,9999.000
202606241512,   0.848,  -1.229,9999.000,9999.000,9999.000,9999.000,9999.000,9999.000,9999.000
202606241518,   0.832,  -1.239,9999.000,9999.000,9999.000,9999.000,9999.000,9999.000,9999.000
202606241524,   0.822,  -1.249,9999.000,9999.000,9999.000,9999.000,9999.000,9999.000,9999.000
202606241530,   0.817,  -1.249,9999.000,9999.000,9999.000,9999.000,9999.000,9999.000,9999.000
202606241536,   0.817,  -1.249,9999.000,9999.000,9999.000,9999.000,9999.000,9999.000,9999.000
202606241542,   0.823,  -1.239,9999.000,9999.000,9999.000,9999.000,9999.000,9999.000,9999.000
202606241548,   0.834,  -1.220,9999.000,9999.000,9999.000,9999.000,9999.000,9999.000,9999.000
202606241554,   0.850,  -1.190,9999.000,9999.000,9999.000,9999.000,9999.000,9999.000,9999.000
202606241600,   0.871,  -1.151,   0.300,  -2.322,  -1.151,   0.200,  -1.251,   0.300,  -1.151
202606241606,   0.896,  -1.108,9999.000,9999.000,9999.000,9999.000,9999.000,9999.000,9999.000
202606241612,   0.926,  -1.069,9999.000,9999.000,9999.000,9999.000,9999.000,9999.000,9999.000
202606241618,   0.959,  -1.029,9999.000,9999.000,9999.000,9999.000,9999.000,9999.000,9999.000
202606241624,   0.996,  -0.980,9999.000,9999.000,9999.000,9999.000,9999.000,9999.000,9999.000
202606241630,   1.036,  -0.898,9999.000,9999.000,9999.000,9999.000,9999.000,9999.000,9999.000
202606241636,   1.078,  -0.859,9999.000,9999.000,9999.000,9999.000,9999.000,9999.000,9999.000
202606241642,   1.123,  -0.800,9999.000,9999.000,9999.000,9999.000,9999.000,9999.000,9999.000
202606241648,   1.170,  -0.708,9999.000,9999.000,9999.000,9999.000,9999.000,9999.000,9999.000
202606241654,   1.219,  -0.659,9999.000,9999.000,9999.000,9999.000,9999.000,9999.000,9999.000
202606241700,   1.268,  -0.560,   0.300,  -2.128,  -0.560,   0.200,  -0.660,   0.300,  -0.560
202606241706,   1.319,9999.000,9999.000,9999.000,9999.000,9999.000,9999.000,9999.000,9999.000
202606241712,   1.370,9999.000,9999.000,9999.000,9999.000,9999.000,9999.000,9999.000,9999.000
202606241718,   1.422,  -0.360,9999.000,9999.000,9999.000,9999.000,9999.000,9999.000,9999.000
202606241724,   1.473,  -0.268,9999.000,9999.000,9999.000,9999.000,9999.000,9999.000,9999.000
202606241730,   1.525,  -0.190,9999.000,9999.000,9999.000,9999.000,9999.000,9999.000,9999.000
202606241736,   1.576,  -0.111,9999.000,9999.000,9999.000,9999.000,9999.000,9999.000,9999.000
202606241742,   1.626,  -0.029,9999.000,9999.000,9999.000,9999.000,9999.000,9999.000,9999.000
202606241748,   1.676,   0.049,9999.000,9999.000,9999.000,9999.000,9999.000,9999.000,9999.000
202606241754,   1.725,   0.131,9999.000,9999.000,9999.000,9999.000,9999.000,9999.000,9999.000
202606241800,   1.773,   0.219,   0.200,  -1.754,   0.219,   0.200,   0.219,   0.300,   0.319
202606241806,   1.819,   0.278,9999.000,9999.000,9999.000,9999.000,9999.000,9999.000,9999.000
202606241812,   1.865,   0.370,9999.000,9999.000,9999.000,9999.000,9999.000,9999.000,9999.000
202606241818,   1.909,   0.449,9999.000,9999.000,9999.000,9999.000,9999.000,9999.000,9999.000
202606241824,   1.953,   0.541,9999.000,9999.000,9999.000,9999.000,9999.000,9999.000,9999.000
202606241830,   1.994,   0.610,9999.000,9999.000,9999.000,9999.000,9999.000,9999.000,9999.000
202606241836,   2.035,   0.688,9999.000,9999.000,9999.000,9999.000,9999.000,9999.000,9999.000
202606241842,   2.074,   0.741,9999.000,9999.000,9999.000,9999.000,9999.000,9999.000,9999.000
202606241848,   2.112,   0.800,9999.000,9999.000,9999.000,9999.000,9999.000,9999.000,9999.000
202606241854,   2.148,   0.898,9999.000,9999.000,9999.000,9999.000,9999.000,9999.000,9999.000
202606241900,   2.184,   0.941,   0.200,  -1.443,   0.941,   0.200,   0.941,   0.300,   1.041
202606241906,   2.217,   1.020,9999.000,9999.000,9999.000,9999.000,9999.000,9999.000,9999.000
202606241912,   2.250,   1.088,9999.000,9999.000,9999.000,9999.000,9999.000,9999.000,9999.000
202606241918,   2.281,   1.118,9999.000,9999.000,9999.000,9999.000,9999.000,9999.000,9999.000
202606241924,   2.311,   1.190,9999.000,9999.000,9999.000,9999.000,9999.000,9999.000,9999.000
202606241930,   2.340,   1.210,9999.000,9999.000,9999.000,9999.000,9999.000,9999.000,9999.000
202606241936,   2.367,   1.289,9999.000,9999.000,9999.000,9999.000,9999.000,9999.000,9999.000
202606241942,   2.394,   1.328,9999.000,9999.000,9999.000,9999.000,9999.000,9999.000,9999.000
202606241948,   2.418,   1.380,9999.000,9999.000,9999.000,9999.000,9999.000,9999.000,9999.000
202606241954,   2.442,   1.420,9999.000,9999.000,9999.000,9999.000,9999.000,9999.000,9999.000
202606242000,   2.464,   1.459,   0.200,  -1.205,   1.459,   0.200,   1.459,   0.300,   1.559
202606242006,   2.485,   1.498,9999.000,9999.000,9999.000,9999.000,9999.000,9999.000,9999.000
202606242012,   2.504,   1.518,9999.000,9999.000,9999.000,9999.000,9999.000,9999.000,9999.000
202606242018,   2.522,   1.557,9999.000,9999.000,9999.000,9999.000,9999.000,9999.000,9999.000
202606242024,   2.539,   1.580,9999.000,9999.000,9999.000,9999.000,9999.000,9999.000,9999.000
202606242030,   2.554,   1.600,9999.000,9999.000,9999.000,9999.000,9999.000,9999.000,9999.000
202606242036,   2.568,   1.639,9999.000,9999.000,9999.000,9999.000,9999.000,9999.000,9999.000
202606242042,   2.580,   1.649,9999.000,9999.000,9999.000,9999.000,9999.000,9999.000,9999.000
202606242048,   2.591,   1.659,9999.000,9999.000,9999.000,9999.000,9999.000,9999.000,9999.000
202606242054,   2.601,   1.669,9999.000,9999.000,9999.000,9999.000,9999.000,9999.000,9999.000
202606242100,   2.608,   1.689,   0.200,  -1.119,   1.689,   0.200,   1.689,   0.300,   1.789
202606242106,   2.615,   1.699,9999.000,9999.000,9999.000,9999.000,9999.000,9999.000,9999.000
202606242112,   2.619,   1.708,9999.000,9999.000,9999.000,9999.000,9999.000,9999.000,9999.000
202606242118,   2.622,   1.708,9999.000,9999.000,9999.000,9999.000,9999.000,9999.000,9999.000
202606242124,   2.624,   1.708,9999.000,9999.000,9999.000,9999.000,9999.000,9999.000,9999.000
202606242130,   2.623,   1.708,9999.000,9999.000,9999.000,9999.000,9999.000,9999.000,9999.000
202606242136,   2.621,   1.699,9999.000,9999.000,9999.000,9999.000,9999.000,9999.000,9999.000
202606242142,   2.617,   1.689,9999.000,9999.000,9999.000,9999.000,9999.000,9999.000,9999.000
202606242148,   2.611,   1.679,9999.000,9999.000,9999.000,9999.000,9999.000,9999.000,9999.000
202606242154,   2.604,   1.659,9999.000,9999.000,9999.000,9999.000,9999.000,9999.000,9999.000
202606242200,   2.594,   1.630,   0.200,  -1.164,   1.630,   0.200,   1.630,   0.300,   1.730
202606242206,   2.582,   1.610,9999.000,9999.000,9999.000,9999.000,9999.000,9999.000,9999.000
202606242212,   2.569,   1.580,9999.000,9999.000,9999.000,9999.000,9999.000,9999.000,9999.000
202606242218,   2.553,   1.538,9999.000,9999.000,9999.000,9999.000,9999.000,9999.000,9999.000
202606242224,   2.535,   1.508,9999.000,9999.000,9999.000,9999.000,9999.000,9999.000,9999.000
202606242230,   2.515,   1.469,9999.000,9999.000,9999.000,9999.000,9999.000,9999.000,9999.000
202606242236,   2.494,   1.430,9999.000,9999.000,9999.000,9999.000,9999.000,9999.000,9999.000
202606242242,   2.470,   1.390,9999.000,9999.000,9999.000,9999.000,9999.000,9999.000,9999.000
202606242248,   2.444,   1.348,9999.000,9999.000,9999.000,9999.000,9999.000,9999.000,9999.000
202606242254,   2.415,   1.298,9999.000,9999.000,9999.000,9999.000,9999.000,9999.000,9999.000
202606242300,   2.385,   1.249,   0.200,  -1.336,   1.249,   0.200,   1.249,   0.300,   1.349
202606242306,   2.353,   1.200,9999.000,9999.000,9999.000,9999.000,9999.000,9999.000,9999.000
202606242312,   2.320,   1.151,9999.000,9999.000,9999.000,9999.000,9999.000,9999.000,9999.000
202606242318,   2.284,   1.088,9999.000,9999.000,9999.000,9999.000,9999.000,9999.000,9999.000
202606242324,   2.247,   1.039,9999.000,9999.000,9999.000,9999.000,9999.000,9999.000,9999.000
202606242330,   2.208,   0.990,9999.000,9999.000,9999.000,9999.000,9999.000,9999.000,9999.000
202606242336,   2.167,   0.941,9999.000,9999.000,9999.000,9999.000,9999.000,9999.000,9999.000
202606242342,   2.126,   0.888,9999.000,9999.000,9999.000,9999.000,9999.000,9999.000,9999.000
202606242348,   2.083,   0.839,9999.000,9999.000,9999.000,9999.000,9999.000,9999.000,9999.000
202606242354,   2.039,   0.780,9999.000,9999.000,9999.000,9999.000,9999.000,9999.000,9999.000
202606250000,   1.993,   0.731,   0.400,  -1.662,   0.731,   0.300,   0.631,   0.400,   0.731
202606250006,   1.948,   0.678,9999.000,9999.000,9999.000,9999.000,9999.000,9999.000,9999.000
202606250012,   1.901,   0.619,9999.000,9999.000,9999.000,9999.000,9999.000,9999.000,9999.000
202606250018,   1.854,   0.570,9999.000,9999.000,9999.000,9999.000,9999.000,9999.000,9999.000
202606250024,   1.807,   0.518,9999.000,9999.000,9999.000,9999.000,9999.000,9999.000,9999.000
202606250030,   1.760,   0.459,9999.000,9999.000,9999.000,9999.000,9999.000,9999.000,9999.000
202606250036,   1.712,   0.409,9999.000,9999.000,9999.000,9999.000,9999.000,9999.000,9999.000
202606250042,   1.665,   0.360,9999.000,9999.000,9999.000,9999.000,9999.000,9999.000,9999.000
202606250048,   1.618,   0.308,9999.000,9999.000,9999.000,9999.000,9999.000,9999.000,9999.000
202606250054,   1.572,   0.259,9999.000,9999.000,9999.000,9999.000,9999.000,9999.000,9999.000
202606250100,   1.526,   0.219,   0.400,  -1.707,   0.219,   0.300,   0.119,   0.400,   0.219
202606250106,   1.480,   0.170,9999.000,9999.000,9999.000,9999.000,9999.000,9999.000,9999.000
202606250112,   1.435,   0.121,9999.000,9999.000,9999.000,9999.000,9999.000,9999.000,9999.000
202606250118,   1.391,   0.078,9999.000,9999.000,9999.000,9999.000,9999.000,9999.000,9999.000
202606250124,   1.347,   0.039,9999.000,9999.000,9999.000,9999.000,9999.000,9999.000,9999.000
202606250130,   1.305,  -0.009,9999.000,9999.000,9999.000,9999.000,9999.000,9999.000,9999.000
202606250136,   1.263,  -0.039,9999.000,9999.000,9999.000,9999.000,9999.000,9999.000,9999.000
202606250142,   1.221,  -0.078,9999.000,9999.000,9999.000,9999.000,9999.000,9999.000,9999.000
202606250148,   1.181,  -0.098,9999.000,9999.000,9999.000,9999.000,9999.000,9999.000,9999.000
202606250154,   1.141,  -0.141,9999.000,9999.000,9999.000,9999.000,9999.000,9999.000,9999.000
202606250200,   1.102,  -0.160,   0.400,  -1.662,  -0.160,   0.300,  -0.260,   0.400,  -0.160
202606250206,   1.064,  -0.200,9999.000,9999.000,9999.000,9999.000,9999.000,9999.000,9999.000
202606250212,   1.027,  -0.219,9999.000,9999.000,9999.000,9999.000,9999.000,9999.000,9999.000
202606250218,   0.991,  -0.259,9999.000,9999.000,9999.000,9999.000,9999.000,9999.000,9999.000
202606250224,   0.957,  -0.278,9999.000,9999.000,9999.000,9999.000,9999.000,9999.000,9999.000
202606250230,   0.924,  -0.298,9999.000,9999.000,9999.000,9999.000,9999.000,9999.000,9999.000
202606250236,   0.893,  -0.331,9999.000,9999.000,9999.000,9999.000,9999.000,9999.000,9999.000
202606250242,   0.863,  -0.350,9999.000,9999.000,9999.000,9999.000,9999.000,9999.000,9999.000
202606250248,   0.836,  -0.360,9999.000,9999.000,9999.000,9999.000,9999.000,9999.000,9999.000
202606250254,   0.812,  -0.370,9999.000,9999.000,9999.000,9999.000,9999.000,9999.000,9999.000
202606250300,   0.791,  -0.390,   0.400,  -1.581,  -0.390,   0.300,  -0.490,   0.400,  -0.390
202606250306,   0.773,  -0.400,9999.000,9999.000,9999.000,9999.000,9999.000,9999.000,9999.000
202606250312,   0.758,  -0.400,9999.000,9999.000,9999.000,9999.000,9999.000,9999.000,9999.000
202606250318,   0.747,  -0.409,9999.000,9999.000,9999.000,9999.000,9999.000,9999.000,9999.000
202606250324,   0.741,  -0.409,9999.000,9999.000,9999.000,9999.000,9999.000,9999.000,9999.000
202606250330,   0.739,  -0.409,9999.000,9999.000,9999.000,9999.000,9999.000,9999.000,9999.000
202606250336,   0.741,  -0.400,9999.000,9999.000,9999.000,9999.000,9999.000,9999.000,9999.000
202606250342,   0.748,  -0.390,9999.000,9999.000,9999.000,9999.000,9999.000,9999.000,9999.000
202606250348,   0.760,  -0.380,9999.000,9999.000,9999.000,9999.000,9999.000,9999.000,9999.000
202606250354,   0.777,  -0.341,9999.000,9999.000,9999.000,9999.000,9999.000,9999.000,9999.000
202606250400,   0.798,  -0.308,   0.400,  -1.506,  -0.308,   0.300,  -0.408,   0.400,  -0.308
202606250406,   0.825,  -0.268,9999.000,9999.000,9999.000,9999.000,9999.000,9999.000,9999.000
202606250412,   0.856,  -0.229,9999.000,9999.000,9999.000,9999.000,9999.000,9999.000,9999.000
202606250418,   0.891,  -0.190,9999.000,9999.000,9999.000,9999.000,9999.000,9999.000,9999.000
202606250424,   0.931,  -0.141,9999.000,9999.000,9999.000,9999.000,9999.000,9999.000,9999.000
202606250430,   0.974,  -0.088,9999.000,9999.000,9999.000,9999.000,9999.000,9999.000,9999.000
202606250436,   1.021,  -0.039,9999.000,9999.000,9999.000,9999.000,9999.000,9999.000,9999.000
202606250442,   1.071,   0.019,9999.000,9999.000,9999.000,9999.000,9999.000,9999.000,9999.000
202606250448,   1.125,   0.078,9999.000,9999.000,9999.000,9999.000,9999.000,9999.000,9999.000
202606250454,   1.181,   0.150,9999.000,9999.000,9999.000,9999.000,9999.000,9999.000,9999.000
202606250500,   1.239,   0.209,   0.400,  -1.430,   0.209,   0.300,   0.109,   0.400,   0.209
202606250506,   1.299,   0.268,9999.000,9999.000,9999.000,9999.000,9999.000,9999.000,9999.000
202606250512,   1.360,   0.341,9999.000,9999.000,9999.000,9999.000,9999.000,9999.000,9999.000
202606250518,   1.422,   0.419,9999.000,9999.000,9999.000,9999.000,9999.000,9999.000,9999.000
202606250524,   1.486,   0.488,9999.000,9999.000,9999.000,9999.000,9999.000,9999.000,9999.000
202606250530,   1.550,   0.560,9999.000,9999.000,9999.000,9999.000,9999.000,9999.000,9999.000
202606250536,   1.614,   0.649,9999.000,9999.000,9999.000,9999.000,9999.000,9999.000,9999.000
202606250542,   1.677,   0.718,9999.000,9999.000,9999.000,9999.000,9999.000,9999.000,9999.000
202606250548,   1.741,   0.790,9999.000,9999.000,9999.000,9999.000,9999.000,9999.000,9999.000
202606250554,   1.804,   0.869,9999.000,9999.000,9999.000,9999.000,9999.000,9999.000,9999.000
202606250600,   1.866,   0.941,   0.500,  -1.425,   0.941,   0.400,   0.841,   0.500,   0.941
202606250606,   1.927,   1.020,9999.000,9999.000,9999.000,9999.000,9999.000,9999.000,9999.000
202606250612,   1.987,   1.079,9999.000,9999.000,9999.000,9999.000,9999.000,9999.000,9999.000
202606250618,   2.046,   1.170,9999.000,9999.000,9999.000,9999.000,9999.000,9999.000,9999.000
202606250624,   2.103,   1.239,9999.000,9999.000,9999.000,9999.000,9999.000,9999.000,9999.000
202606250630,   2.159,   1.308,9999.000,9999.000,9999.000,9999.000,9999.000,9999.000,9999.000
202606250636,   2.213,   1.361,9999.000,9999.000,9999.000,9999.000,9999.000,9999.000,9999.000
202606250642,   2.266,   1.439,9999.000,9999.000,9999.000,9999.000,9999.000,9999.000,9999.000
202606250648,   2.317,   1.508,9999.000,9999.000,9999.000,9999.000,9999.000,9999.000,9999.000
202606250654,   2.367,   1.557,9999.000,9999.000,9999.000,9999.000,9999.000,9999.000,9999.000
202606250700,   2.415,   1.620,   0.500,  -1.295,   1.620,   0.400,   1.520,   0.500,   1.620
202606250706,   2.461,   1.679,9999.000,9999.000,9999.000,9999.000,9999.000,9999.000,9999.000
202606250712,   2.505,   1.738,9999.000,9999.000,9999.000,9999.000,9999.000,9999.000,9999.000
202606250718,   2.548,   1.800,9999.000,9999.000,9999.000,9999.000,9999.000,9999.000,9999.000
202606250724,   2.590,   1.849,9999.000,9999.000,9999.000,9999.000,9999.000,9999.000,9999.000
202606250730,   2.629,   1.908,9999.000,9999.000,9999.000,9999.000,9999.000,9999.000,9999.000
202606250736,   2.667,   1.958,9999.000,9999.000,9999.000,9999.000,9999.000,9999.000,9999.000
202606250742,   2.704,   2.000,9999.000,9999.000,9999.000,9999.000,9999.000,9999.000,9999.000
202606250748,   2.739,   2.049,9999.000,9999.000,9999.000,9999.000,9999.000,9999.000,9999.000
202606250754,   2.773,   2.089,9999.000,9999.000,9999.000,9999.000,9999.000,9999.000,9999.000
202606250800,   2.804,   2.128,   0.500,  -1.176,   2.128,   0.400,   2.028,   0.500,   2.128
202606250806,   2.835,   2.158,9999.000,9999.000,9999.000,9999.000,9999.000,9999.000,9999.000
202606250812,   2.864,   2.177,9999.000,9999.000,9999.000,9999.000,9999.000,9999.000,9999.000
202606250818,   2.891,   2.220,9999.000,9999.000,9999.000,9999.000,9999.000,9999.000,9999.000
202606250824,   2.917,   2.240,9999.000,9999.000,9999.000,9999.000,9999.000,9999.000,9999.000
202606250830,   2.941,   2.259,9999.000,9999.000,9999.000,9999.000,9999.000,9999.000,9999.000
202606250836,   2.964,   2.299,9999.000,9999.000,9999.000,9999.000,9999.000,9999.000,9999.000
202606250842,   2.985,   2.318,9999.000,9999.000,9999.000,9999.000,9999.000,9999.000,9999.000
202606250848,   3.005,   2.338,9999.000,9999.000,9999.000,9999.000,9999.000,9999.000,9999.000
202606250854,   3.022,   2.348,9999.000,9999.000,9999.000,9999.000,9999.000,9999.000,9999.000
202606250900,   3.039,   2.358,   0.500,  -1.181,   2.358,   0.400,   2.258,   0.500,   2.358
202606250906,   3.053,   2.368,9999.000,9999.000,9999.000,9999.000,9999.000,9999.000,9999.000
202606250912,   3.066,   2.377,9999.000,9999.000,9999.000,9999.000,9999.000,9999.000,9999.000
202606250918,   3.077,   2.387,9999.000,9999.000,9999.000,9999.000,9999.000,9999.000,9999.000
202606250924,   3.087,   2.387,9999.000,9999.000,9999.000,9999.000,9999.000,9999.000,9999.000
202606250930,   3.094,   2.387,9999.000,9999.000,9999.000,9999.000,9999.000,9999.000,9999.000
202606250936,   3.100,   2.387,9999.000,9999.000,9999.000,9999.000,9999.000,9999.000,9999.000
202606250942,   3.104,   2.377,9999.000,9999.000,9999.000,9999.000,9999.000,9999.000,9999.000
202606250948,   3.106,   2.368,9999.000,9999.000,9999.000,9999.000,9999.000,9999.000,9999.000
202606250954,   3.107,   2.358,9999.000,9999.000,9999.000,9999.000,9999.000,9999.000,9999.000
202606251000,   3.105,   2.348,   0.500,  -1.257,   2.348,   0.400,   2.248,   0.500,   2.348
202606251006,   3.102,   2.309,9999.000,9999.000,9999.000,9999.000,9999.000,9999.000,9999.000
202606251012,   3.097,   2.289,9999.000,9999.000,9999.000,9999.000,9999.000,9999.000,9999.000
202606251018,   3.089,   2.269,9999.000,9999.000,9999.000,9999.000,9999.000,9999.000,9999.000
202606251024,   3.080,   2.230,9999.000,9999.000,9999.000,9999.000,9999.000,9999.000,9999.000
202606251030,   3.069,   2.210,9999.000,9999.000,9999.000,9999.000,9999.000,9999.000,9999.000
202606251036,   3.056,   2.158,9999.000,9999.000,9999.000,9999.000,9999.000,9999.000,9999.000
202606251042,   3.041,   2.118,9999.000,9999.000,9999.000,9999.000,9999.000,9999.000,9999.000
202606251048,   3.024,   2.079,9999.000,9999.000,9999.000,9999.000,9999.000,9999.000,9999.000
202606251054,   3.005,   2.030,9999.000,9999.000,9999.000,9999.000,9999.000,9999.000,9999.000
202606251100,   2.985,   1.990,   0.500,  -1.495,   1.990,   0.400,   1.890,   0.600,   2.090
202606251106,   2.962,   1.938,9999.000,9999.000,9999.000,9999.000,9999.000,9999.000,9999.000
202606251112,   2.938,   1.889,9999.000,9999.000,9999.000,9999.000,9999.000,9999.000,9999.000
202606251118,   2.912,   1.849,9999.000,9999.000,9999.000,9999.000,9999.000,9999.000,9999.000
202606251124,   2.884,   1.800,9999.000,9999.000,9999.000,9999.000,9999.000,9999.000,9999.000
202606251130,   2.854,   1.738,9999.000,9999.000,9999.000,9999.000,9999.000,9999.000,9999.000
202606251136,   2.823,   1.689,9999.000,9999.000,9999.000,9999.000,9999.000,9999.000,9999.000
202606251142,   2.791,   1.639,9999.000,9999.000,9999.000,9999.000,9999.000,9999.000,9999.000
202606251148,   2.756,   1.590,9999.000,9999.000,9999.000,9999.000,9999.000,9999.000,9999.000
202606251154,   2.721,   1.538,9999.000,9999.000,9999.000,9999.000,9999.000,9999.000,9999.000
202606251200,   2.684,   1.479,   0.600,  -1.805,   1.479,   0.500,   1.379,   0.600,   1.479
202606251206,   2.646,   1.430,9999.000,9999.000,9999.000,9999.000,9999.000,9999.000,9999.000
202606251212,   2.606,   1.380,9999.000,9999.000,9999.000,9999.000,9999.000,9999.000,9999.000
202606251218,   2.565,   1.318,9999.000,9999.000,9999.000,9999.000,9999.000,9999.000,9999.000
202606251224,   2.524,   1.269,9999.000,9999.000,9999.000,9999.000,9999.000,9999.000,9999.000
202606251230,   2.481,   1.220,9999.000,9999.000,9999.000,9999.000,9999.000,9999.000,9999.000
202606251236,   2.437,   1.161,9999.000,9999.000,9999.000,9999.000,9999.000,9999.000,9999.000
202606251242,   2.393,   1.108,9999.000,9999.000,9999.000,9999.000,9999.000,9999.000,9999.000
202606251248,   2.348,9999.000,9999.000,9999.000,9999.000,9999.000,9999.000,9999.000,9999.000
202606251254,   2.302,   1.020,9999.000,9999.000,9999.000,9999.000,9999.000,9999.000,9999.000
202606251300,   2.255,   1.020,   0.600,  -1.835,   1.020,   0.500,   0.920,   0.600,   1.020
202606251306,   2.208,   0.918,9999.000,9999.000,9999.000,9999.000,9999.000,9999.000,9999.000
202606251312,   2.161,   0.869,9999.000,9999.000,9999.000,9999.000,9999.000,9999.000,9999.000
202606251318,   2.113,   0.819,9999.000,9999.000,9999.000,9999.000,9999.000,9999.000,9999.000
202606251324,   2.065,   0.770,9999.000,9999.000,9999.000,9999.000,9999.000,9999.000,9999.000
202606251330,   2.016,9999.000,9999.000,9999.000,9999.000,9999.000,9999.000,9999.000,9999.000
202606251336,   1.967,   0.678,9999.000,9999.000,9999.000,9999.000,9999.000,9999.000,9999.000
202606251342,   1.917,   0.639,9999.000,9999.000,9999.000,9999.000,9999.000,9999.000,9999.000
202606251348,   1.868,   0.590,9999.000,9999.000,9999.000,9999.000,9999.000,9999.000,9999.000
202606251354,   1.818,   0.551,9999.000,9999.000,9999.000,9999.000,9999.000,9999.000,9999.000
202606251400,   1.767,   0.508,   0.600,  -1.859,   0.508,   0.600,   0.508,   0.600,   0.508
202606251406,   1.716,   0.469,9999.000,9999.000,9999.000,9999.000,9999.000,9999.000,9999.000
202606251412,   1.665,   0.439,9999.000,9999.000,9999.000,9999.000,9999.000,9999.000,9999.000
202606251418,   1.613,   0.400,9999.000,9999.000,9999.000,9999.000,9999.000,9999.000,9999.000
202606251424,   1.561,   0.370,9999.000,9999.000,9999.000,9999.000,9999.000,9999.000,9999.000
202606251430,   1.509,   0.350,9999.000,9999.000,9999.000,9999.000,9999.000,9999.000,9999.000
202606251436,   1.456,   0.308,9999.000,9999.000,9999.000,9999.000,9999.000,9999.000,9999.000
202606251442,   1.403,   0.288,9999.000,9999.000,9999.000,9999.000,9999.000,9999.000,9999.000
202606251448,   1.350,   0.249,9999.000,9999.000,9999.000,9999.000,9999.000,9999.000,9999.000
202606251454,   1.297,   0.229,9999.000,9999.000,9999.000,9999.000,9999.000,9999.000,9999.000
202606251500,   1.245,   0.190,   0.600,  -1.655,   0.190,   0.600,   0.190,   0.600,   0.190
202606251506,   1.194,   0.170,9999.000,9999.000,9999.000,9999.000,9999.000,9999.000,9999.000
202606251512,   1.143,   0.150,9999.000,9999.000,9999.000,9999.000,9999.000,9999.000,9999.000
202606251518,   1.094,   0.111,9999.000,9999.000,9999.000,9999.000,9999.000,9999.000,9999.000
202606251524,   1.047,   0.088,9999.000,9999.000,9999.000,9999.000,9999.000,9999.000,9999.000
202606251530,   1.002,   0.068,9999.000,9999.000,9999.000,9999.000,9999.000,9999.000,9999.000
202606251536,   0.960,   0.049,9999.000,9999.000,9999.000,9999.000,9999.000,9999.000,9999.000
202606251542,   0.921,   0.039,9999.000,9999.000,9999.000,9999.000,9999.000,9999.000,9999.000
202606251548,   0.886,   0.019,9999.000,9999.000,9999.000,9999.000,9999.000,9999.000,9999.000
202606251554,   0.855,   0.009,9999.000,9999.000,9999.000,9999.000,9999.000,9999.000,9999.000
202606251600,   0.828,   0.000,   0.600,  -1.428,   0.000,   0.600,   0.000,   0.600,   0.000
202606251606,   0.806,  -0.009,9999.000,9999.000,9999.000,9999.000,9999.000,9999.000,9999.000
202606251612,   0.790,  -0.019,9999.000,9999.000,9999.000,9999.000,9999.000,9999.000,9999.000
202606251618,   0.778,  -0.019,9999.000,9999.000,9999.000,9999.000,9999.000,9999.000,9999.000
202606251624,   0.772,  -0.019,9999.000,9999.000,9999.000,9999.000,9999.000,9999.000,9999.000
202606251630,   0.771,  -0.019,9999.000,9999.000,9999.000,9999.000,9999.000,9999.000,9999.000
202606251636,   0.776,  -0.019,9999.000,9999.000,9999.000,9999.000,9999.000,9999.000,9999.000
202606251642,   0.786,  -0.009,9999.000,9999.000,9999.000,9999.000,9999.000,9999.000,9999.000
202606251648,   0.801,   0.000,9999.000,9999.000,9999.000,9999.000,9999.000,9999.000,9999.000
202606251654,   0.821,   0.009,9999.000,9999.000,9999.000,9999.000,9999.000,9999.000,9999.000
202606251700,   0.845,   0.029,   0.600,  -1.416,   0.029,   0.600,   0.029,   0.600,   0.029
202606251706,   0.873,   0.059,9999.000,9999.000,9999.000,9999.000,9999.000,9999.000,9999.000
202606251712,   0.906,   0.078,9999.000,9999.000,9999.000,9999.000,9999.000,9999.000,9999.000
202606251718,   0.942,   0.121,9999.000,9999.000,9999.000,9999.000,9999.000,9999.000,9999.000
202606251724,   0.981,   0.160,9999.000,9999.000,9999.000,9999.000,9999.000,9999.000,9999.000
202606251730,   1.022,   0.190,9999.000,9999.000,9999.000,9999.000,9999.000,9999.000,9999.000
202606251736,   1.067,   0.229,9999.000,9999.000,9999.000,9999.000,9999.000,9999.000,9999.000
202606251742,   1.113,   0.278,9999.000,9999.000,9999.000,9999.000,9999.000,9999.000,9999.000
202606251748,   1.161,   0.341,9999.000,9999.000,9999.000,9999.000,9999.000,9999.000,9999.000
202606251754,   1.210,   0.390,9999.000,9999.000,9999.000,9999.000,9999.000,9999.000,9999.000
202606251800,   1.260,   0.439,   0.600,  -1.421,   0.439,   0.600,   0.439,   0.700,   0.539
202606251806,   1.311,   0.488,9999.000,9999.000,9999.000,9999.000,9999.000,9999.000,9999.000
202606251812,   1.362,   0.551,9999.000,9999.000,9999.000,9999.000,9999.000,9999.000,9999.000
202606251818,   1.414,   0.610,9999.000,9999.000,9999.000,9999.000,9999.000,9999.000,9999.000
202606251824,   1.465,   0.669,9999.000,9999.000,9999.000,9999.000,9999.000,9999.000,9999.000
202606251830,   1.517,   0.751,9999.000,9999.000,9999.000,9999.000,9999.000,9999.000,9999.000
202606251836,   1.568,   0.800,9999.000,9999.000,9999.000,9999.000,9999.000,9999.000,9999.000
202606251842,   1.618,   0.849,9999.000,9999.000,9999.000,9999.000,9999.000,9999.000,9999.000
202606251848,   1.668,   0.928,9999.000,9999.000,9999.000,9999.000,9999.000,9999.000,9999.000
202606251854,   1.716,   1.000,9999.000,9999.000,9999.000,9999.000,9999.000,9999.000,9999.000
202606251900,   1.764,   1.049,   0.600,  -1.315,   1.049,   0.600,   1.049,   0.700,   1.149
202606251906,   1.811,   1.138,9999.000,9999.000,9999.000,9999.000,9999.000,9999.000,9999.000
202606251912,   1.857,   1.210,9999.000,9999.000,9999.000,9999.000,9999.000,9999.000,9999.000
202606251918,   1.902,   1.249,9999.000,9999.000,9999.000,9999.000,9999.000,9999.000,9999.000
202606251924,   1.946,   1.328,9999.000,9999.000,9999.000,9999.000,9999.000,9999.000,9999.000
202606251930,   1.988,   1.410,9999.000,9999.000,9999.000,9999.000,9999.000,9999.000,9999.000
202606251936,   2.030,   1.449,9999.000,9999.000,9999.000,9999.000,9999.000,9999.000,9999.000
202606251942,   2.070,   1.518,9999.000,9999.000,9999.000,9999.000,9999.000,9999.000,9999.000
202606251948,   2.109,   1.571,9999.000,9999.000,9999.000,9999.000,9999.000,9999.000,9999.000
202606251954,   2.147,   1.630,9999.000,9999.000,9999.000,9999.000,9999.000,9999.000,9999.000
202606252000,   2.183,   1.679,   0.600,  -1.104,   1.679,   0.600,   1.679,   0.700,   1.779
202606252006,   2.218,   1.728,9999.000,9999.000,9999.000,9999.000,9999.000,9999.000,9999.000
202606252012,   2.252,   1.781,9999.000,9999.000,9999.000,9999.000,9999.000,9999.000,9999.000
202606252018,   2.284,   1.830,9999.000,9999.000,9999.000,9999.000,9999.000,9999.000,9999.000
202606252024,   2.316,   1.849,9999.000,9999.000,9999.000,9999.000,9999.000,9999.000,9999.000
202606252030,   2.345,   1.918,9999.000,9999.000,9999.000,9999.000,9999.000,9999.000,9999.000
202606252036,   2.374,   1.958,9999.000,9999.000,9999.000,9999.000,9999.000,9999.000,9999.000
202606252042,   2.401,   2.000,9999.000,9999.000,9999.000,9999.000,9999.000,9999.000,9999.000
202606252048,   2.427,   2.020,9999.000,9999.000,9999.000,9999.000,9999.000,9999.000,9999.000
202606252054,   2.451,   2.059,9999.000,9999.000,9999.000,9999.000,9999.000,9999.000,9999.000
202606252100,   2.474,   2.079,   0.700,  -1.095,   2.079,   0.600,   1.979,   0.700,   2.079
202606252106,   2.495,   2.089,9999.000,9999.000,9999.000,9999.000,9999.000,9999.000,9999.000
202606252112,   2.514,   2.109,9999.000,9999.000,9999.000,9999.000,9999.000,9999.000,9999.000
202606252118,   2.533,   2.118,9999.000,9999.000,9999.000,9999.000,9999.000,9999.000,9999.000
202606252124,   2.549,   2.128,9999.000,9999.000,9999.000,9999.000,9999.000,9999.000,9999.000
202606252130,   2.564,   2.138,9999.000,9999.000,9999.000,9999.000,9999.000,9999.000,9999.000
202606252136,   2.577,   2.148,9999.000,9999.000,9999.000,9999.000,9999.000,9999.000,9999.000
202606252142,   2.589,   2.168,9999.000,9999.000,9999.000,9999.000,9999.000,9999.000,9999.000
202606252148,   2.599,   2.177,9999.000,9999.000,9999.000,9999.000,9999.000,9999.000,9999.000
202606252154,   2.607,   2.177,9999.000,9999.000,9999.000,9999.000,9999.000,9999.000,9999.000
202606252200,   2.614,   2.177,   0.700,  -1.137,   2.177,   0.600,   2.077,   0.700,   2.177
202606252206,   2.618,   2.168,9999.000,9999.000,9999.000,9999.000,9999.000,9999.000,9999.000
202606252212,   2.621,   2.158,9999.000,9999.000,9999.000,9999.000,9999.000,9999.000,9999.000
202606252218,   2.623,   2.128,9999.000,9999.000,9999.000,9999.000,9999.000,9999.000,9999.000
202606252224,   2.622,   2.109,9999.000,9999.000,9999.000,9999.000,9999.000,9999.000,9999.000
202606252230,   2.619,   2.089,9999.000,9999.000,9999.000,9999.000,9999.000,9999.000,9999.000
202606252236,   2.615,   2.059,9999.000,9999.000,9999.000,9999.000,9999.000,9999.000,9999.000
202606252242,   2.608,   2.040,9999.000,9999.000,9999.000,9999.000,9999.000,9999.000,9999.000
202606252248,   2.600,   1.990,9999.000,9999.000,9999.000,9999.000,9999.000,9999.000,9999.000
202606252254,   2.590,   1.967,9999.000,9999.000,9999.000,9999.000,9999.000,9999.000,9999.000
202606252300,   2.577,   1.918,   0.700,  -1.359,   1.918,   0.600,   1.818,   0.700,   1.918
202606252306,   2.563,   1.869,9999.000,9999.000,9999.000,9999.000,9999.000,9999.000,9999.000
202606252312,   2.546,   1.820,9999.000,9999.000,9999.000,9999.000,9999.000,9999.000,9999.000
202606252318,   2.527,   1.781,9999.000,9999.000,9999.000,9999.000,9999.000,9999.000,9999.000
202606252324,   2.506,   1.728,9999.000,9999.000,9999.000,9999.000,9999.000,9999.000,9999.000
202606252330,   2.483,   1.679,9999.000,9999.000,9999.000,9999.000,9999.000,9999.000,9999.000
202606252336,   2.458,   1.630,9999.000,9999.000,9999.000,9999.000,9999.000,9999.000,9999.000
202606252342,   2.430,   1.580,9999.000,9999.000,9999.000,9999.000,9999.000,9999.000,9999.000
202606252348,   2.401,   1.528,9999.000,9999.000,9999.000,9999.000,9999.000,9999.000,9999.000
202606252354,   2.370,   1.469,9999.000,9999.000,9999.000,9999.000,9999.000,9999.000,9999.000
202606260000,   2.337,   1.410,   0.700,  -1.627,   1.410,   0.700,   1.410,   0.700,   1.410
202606260006,   2.301,   1.361,9999.000,9999.000,9999.000,9999.000,9999.000,9999.000,9999.000
202606260012,   2.265,   1.298,9999.000,9999.000,9999.000,9999.000,9999.000,9999.000,9999.000
202606260018,   2.226,   1.249,9999.000,9999.000,9999.000,9999.000,9999.000,9999.000,9999.000
202606260024,   2.186,   1.190,9999.000,9999.000,9999.000,9999.000,9999.000,9999.000,9999.000
202606260030,   2.144,   1.128,9999.000,9999.000,9999.000,9999.000,9999.000,9999.000,9999.000
202606260036,   2.101,   1.079,9999.000,9999.000,9999.000,9999.000,9999.000,9999.000,9999.000
202606260042,   2.057,   1.020,9999.000,9999.000,9999.000,9999.000,9999.000,9999.000,9999.000
202606260048,   2.012,   0.961,9999.000,9999.000,9999.000,9999.000,9999.000,9999.000,9999.000
202606260054,   1.966,   0.908,9999.000,9999.000,9999.000,9999.000,9999.000,9999.000,9999.000
202606260100,   1.919,   0.849,   0.700,  -1.770,   0.849,   0.700,   0.849,   0.700,   0.849
202606260106,   1.872,   0.800,9999.000,9999.000,9999.000,9999.000,9999.000,9999.000,9999.000
202606260112,   1.825,   0.741,9999.000,9999.000,9999.000,9999.000,9999.000,9999.000,9999.000
202606260118,   1.777,   0.688,9999.000,9999.000,9999.000,9999.000,9999.000,9999.000,9999.000
202606260124,   1.729,   0.639,9999.000,9999.000,9999.000,9999.000,9999.000,9999.000,9999.000
202606260130,   1.681,   0.590,9999.000,9999.000,9999.000,9999.000,9999.000,9999.000,9999.000
202606260136,   1.633,   0.531,9999.000,9999.000,9999.000,9999.000,9999.000,9999.000,9999.000
202606260142,   1.586,   0.478,9999.000,9999.000,9999.000,9999.000,9999.000,9999.000,9999.000
202606260148,   1.539,   0.439,9999.000,9999.000,9999.000,9999.000,9999.000,9999.000,9999.000
202606260154,   1.493,   0.390,9999.000,9999.000,9999.000,9999.000,9999.000,9999.000,9999.000
202606260200,   1.448,   0.350,   0.700,  -1.798,   0.350,   0.700,   0.350,   0.700,   0.350
202606260206,   1.403,   0.298,9999.000,9999.000,9999.000,9999.000,9999.000,9999.000,9999.000
202606260212,   1.359,   0.259,9999.000,9999.000,9999.000,9999.000,9999.000,9999.000,9999.000
202606260218,   1.316,   0.239,9999.000,9999.000,9999.000,9999.000,9999.000,9999.000,9999.000
202606260224,   1.274,   0.190,9999.000,9999.000,9999.000,9999.000,9999.000,9999.000,9999.000
202606260230,   1.233,   0.150,9999.000,9999.000,9999.000,9999.000,9999.000,9999.000,9999.000
202606260236,   1.193,   0.098,9999.000,9999.000,9999.000,9999.000,9999.000,9999.000,9999.000
202606260242,   1.153,   0.078,9999.000,9999.000,9999.000,9999.000,9999.000,9999.000,9999.000
202606260248,   1.115,9999.000,9999.000,9999.000,9999.000,9999.000,9999.000,9999.000,9999.000
202606260254,   1.078,   0.019,9999.000,9999.000,9999.000,9999.000,9999.000,9999.000,9999.000
202606260300,   1.041,   0.019,   0.700,  -1.722,   0.019,   0.700,   0.019,   0.700,   0.019
202606260306,   1.006,  -0.039,9999.000,9999.000,9999.000,9999.000,9999.000,9999.000,9999.000
202606260312,   0.973,  -0.059,9999.000,9999.000,9999.000,9999.000,9999.000,9999.000,9999.000
202606260318,   0.941,  -0.068,9999.000,9999.000,9999.000,9999.000,9999.000,9999.000,9999.000
202606260324,   0.910,  -0.088,9999.000,9999.000,9999.000,9999.000,9999.000,9999.000,9999.000
202606260330,   0.882,9999.000,9999.000,9999.000,9999.000,9999.000,9999.000,9999.000,9999.000
202606260336,   0.856,  -0.150,9999.000,9999.000,9999.000,9999.000,9999.000,9999.000,9999.000
202606260342,   0.833,  -0.160,9999.000,9999.000,9999.000,9999.000,9999.000,9999.000,9999.000
202606260348,   0.812,  -0.170,9999.000,9999.000,9999.000,9999.000,9999.000,9999.000,9999.000
202606260354,   0.794,  -0.180,9999.000,9999.000,9999.000,9999.000,9999.000,9999.000,9999.000
202606260400,   0.780,  -0.190,   0.700,  -1.670,  -0.190,   0.700,  -0.190,   0.700,  -0.190
202606260406,   0.769,  -0.200,9999.000,9999.000,9999.000,9999.000,9999.000,9999.000,9999.000
202606260412,   0.762,  -0.209,9999.000,9999.000,9999.000,9999.000,9999.000,9999.000,9999.000
202606260418,   0.760,  -0.209,9999.000,9999.000,9999.000,9999.000,9999.000,9999.000,9999.000
202606260424,   0.762,  -0.209,9999.000,9999.000,9999.000,9999.000,9999.000,9999.000,9999.000
202606260430,   0.768,  -0.209,9999.000,9999.000,9999.000,9999.000,9999.000,9999.000,9999.000
202606260436,   0.779,  -0.200,9999.000,9999.000,9999.000,9999.000,9999.000,9999.000,9999.000
202606260442,   0.794,  -0.190,9999.000,9999.000,9999.000,9999.000,9999.000,9999.000,9999.000
202606260448,   0.815,  -0.180,9999.000,9999.000,9999.000,9999.000,9999.000,9999.000,9999.000
202606260454,   0.840,  -0.141,9999.000,9999.000,9999.000,9999.000,9999.000,9999.000,9999.000
202606260500,   0.869,  -0.121,   0.700,  -1.690,  -0.121,   0.700,  -0.121,   0.700,  -0.121
202606260506,   0.903,  -0.078,9999.000,9999.000,9999.000,9999.000,9999.000,9999.000,9999.000
202606260512,   0.941,  -0.039,9999.000,9999.000,9999.000,9999.000,9999.000,9999.000,9999.000
202606260518,   0.983,   0.000,9999.000,9999.000,9999.000,9999.000,9999.000,9999.000,9999.000
202606260524,   1.029,   0.049,9999.000,9999.000,9999.000,9999.000,9999.000,9999.000,9999.000
202606260530,   1.078,   0.098,9999.000,9999.000,9999.000,9999.000,9999.000,9999.000,9999.000
202606260536,   1.130,   0.150,9999.000,9999.000,9999.000,9999.000,9999.000,9999.000,9999.000
202606260542,   1.184,   0.209,9999.000,9999.000,9999.000,9999.000,9999.000,9999.000,9999.000
202606260548,   1.242,   0.268,9999.000,9999.000,9999.000,9999.000,9999.000,9999.000,9999.000
202606260554,   1.301,   0.331,9999.000,9999.000,9999.000,9999.000,9999.000,9999.000,9999.000
202606260600,   1.361,   0.390,   0.700,  -1.671,   0.390,   0.700,   0.390,   0.700,   0.390
202606260606,   1.423,   0.449,9999.000,9999.000,9999.000,9999.000,9999.000,9999.000,9999.000
202606260612,   1.487,   0.518,9999.000,9999.000,9999.000,9999.000,9999.000,9999.000,9999.000
202606260618,   1.550,9999.000,9999.000,9999.000,9999.000,9999.000,9999.000,9999.000,9999.000
202606260624,   1.614,   0.649,9999.000,9999.000,9999.000,9999.000,9999.000,9999.000,9999.000
202606260630,   1.679,9999.000,9999.000,9999.000,9999.000,9999.000,9999.000,9999.000,9999.000
202606260636,   1.743,   0.819,9999.000,9999.000,9999.000,9999.000,9999.000,9999.000,9999.000
202606260642,   1.806,   0.888,9999.000,9999.000,9999.000,9999.000,9999.000,9999.000,9999.000
202606260648,   1.869,   0.961,9999.000,9999.000,9999.000,9999.000,9999.000,9999.000,9999.000
202606260654,   1.931,   1.039,9999.000,9999.000,9999.000,9999.000,9999.000,9999.000,9999.000
202606260700,   1.992,   1.039,   0.700,  -1.653,   1.039,   0.700,   1.039,   0.700,   1.039
202606260706,   2.052,   1.200,9999.000,9999.000,9999.000,9999.000,9999.000,9999.000,9999.000
202606260712,   2.111,   1.269,9999.000,9999.000,9999.000,9999.000,9999.000,9999.000,9999.000
202606260718,   2.168,   1.348,9999.000,9999.000,9999.000,9999.000,9999.000,9999.000,9999.000
202606260724,   2.224,   1.420,9999.000,9999.000,9999.000,9999.000,9999.000,9999.000,9999.000
202606260730,   2.279,   1.498,9999.000,9999.000,9999.000,9999.000,9999.000,9999.000,9999.000
202606260736,   2.332,   1.571,9999.000,9999.000,9999.000,9999.000,9999.000,9999.000,9999.000
202606260742,   2.383,   1.639,9999.000,9999.000,9999.000,9999.000,9999.000,9999.000,9999.000
202606260748,   2.433,   1.708,9999.000,9999.000,9999.000,9999.000,9999.000,9999.000,9999.000
202606260754,   2.481,   1.758,9999.000,9999.000,9999.000,9999.000,9999.000,9999.000,9999.000
202606260800,   2.527,   1.758,   0.700,  -1.469,   1.758,   0.700,   1.758,   0.700,   1.758
202606260806,   2.572,   1.889,9999.000,9999.000,9999.000,9999.000,9999.000,9999.000,9999.000
202606260812,   2.615,   1.948,9999.000,9999.000,9999.000,9999.000,9999.000,9999.000,9999.000
202606260818,   2.656,   2.020,9999.000,9999.000,9999.000,9999.000,9999.000,9999.000,9999.000
202606260824,   2.696,   2.079,9999.000,9999.000,9999.000,9999.000,9999.000,9999.000,9999.000
202606260830,   2.734,   2.128,9999.000,9999.000,9999.000,9999.000,9999.000,9999.000,9999.000
202606260836,   2.770,   2.191,9999.000,9999.000,9999.000,9999.000,9999.000,9999.000,9999.000
202606260842,   2.805,   2.240,9999.000,9999.000,9999.000,9999.000,9999.000,9999.000,9999.000
202606260848,   2.839,   2.289,9999.000,9999.000,9999.000,9999.000,9999.000,9999.000,9999.000
202606260854,   2.870,   2.338,9999.000,9999.000,9999.000,9999.000,9999.000,9999.000,9999.000
202606260900,   2.901,   2.387,   0.700,  -1.214,   2.387,   0.700,   2.387,   0.700,   2.387
202606260906,   2.929,   2.430,9999.000,9999.000,9999.000,9999.000,9999.000,9999.000,9999.000
202606260912,   2.956,   2.469,9999.000,9999.000,9999.000,9999.000,9999.000,9999.000,9999.000
202606260918,   2.981,   2.509,9999.000,9999.000,9999.000,9999.000,9999.000,9999.000,9999.000
202606260924,   3.005,   2.519,9999.000,9999.000,9999.000,9999.000,9999.000,9999.000,9999.000
202606260930,   3.026,9999.000,9999.000,9999.000,9999.000,9999.000,9999.000,9999.000,9999.000
202606260936,   3.047,   2.578,9999.000,9999.000,9999.000,9999.000,9999.000,9999.000,9999.000
202606260942,   3.065,   2.597,9999.000,9999.000,9999.000,9999.000,9999.000,9999.000,9999.000
202606260948,   3.082,   2.620,9999.000,9999.000,9999.000,9999.000,9999.000,9999.000,9999.000
202606260954,   3.097,   2.640,9999.000,9999.000,9999.000,9999.000,9999.000,9999.000,9999.000
202606261000,   3.110,   2.660,   0.700,  -1.150,   2.660,   0.700,   2.660,   0.700,   2.660
202606261006,   3.122,   2.669,9999.000,9999.000,9999.000,9999.000,9999.000,9999.000,9999.000
202606261012,   3.131,   2.689,9999.000,9999.000,9999.000,9999.000,9999.000,9999.000,9999.000
202606261018,   3.139,   2.699,9999.000,9999.000,9999.000,9999.000,9999.000,9999.000,9999.000
202606261024,   3.145,   2.699,9999.000,9999.000,9999.000,9999.000,9999.000,9999.000,9999.000
202606261030,   3.149,9999.000,9999.000,9999.000,9999.000,9999.000,9999.000,9999.000,9999.000
202606261036,   3.151,   2.699,9999.000,9999.000,9999.000,9999.000,9999.000,9999.000,9999.000
202606261042,   3.151,   2.689,9999.000,9999.000,9999.000,9999.000,9999.000,9999.000,9999.000
202606261048,   3.150,   2.679,9999.000,9999.000,9999.000,9999.000,9999.000,9999.000,9999.000
202606261054,   3.146,   2.660,9999.000,9999.000,9999.000,9999.000,9999.000,9999.000,9999.000
202606261100,   3.140,   2.660,   0.700,  -1.180,   2.660,   0.700,   2.660,   0.700,   2.660
202606261106,   3.132,   2.597,9999.000,9999.000,9999.000,9999.000,9999.000,9999.000,9999.000
202606261112,   3.123,   2.587,9999.000,9999.000,9999.000,9999.000,9999.000,9999.000,9999.000
202606261118,   3.111,   2.548,9999.000,9999.000,9999.000,9999.000,9999.000,9999.000,9999.000
202606261124,   3.097,   2.499,9999.000,9999.000,9999.000,9999.000,9999.000,9999.000,9999.000
202606261130,   3.082,9999.000,9999.000,9999.000,9999.000,9999.000,9999.000,9999.000,9999.000
202606261136,   3.064,   2.430,9999.000,9999.000,9999.000,9999.000,9999.000,9999.000,9999.000
202606261142,   3.044,   2.368,9999.000,9999.000,9999.000,9999.000,9999.000,9999.000,9999.000
202606261148,   3.023,   2.328,9999.000,9999.000,9999.000,9999.000,9999.000,9999.000,9999.000
202606261154,   2.999,   2.279,9999.000,9999.000,9999.000,9999.000,9999.000,9999.000,9999.000
202606261200,   2.974,   2.279,   0.700,  -1.395,   2.279,   0.600,   2.179,   0.700,   2.279
202606261206,   2.947,   2.191,9999.000,9999.000,9999.000,9999.000,9999.000,9999.000,9999.000
202606261212,   2.918,   2.138,9999.000,9999.000,9999.000,9999.000,9999.000,9999.000,9999.000
202606261218,   2.887,   2.089,9999.000,9999.000,9999.000,9999.000,9999.000,9999.000,9999.000
202606261224,   2.855,   2.030,9999.000,9999.000,9999.000,9999.000,9999.000,9999.000,9999.000
202606261230,   2.821,   1.967,9999.000,9999.000,9999.000,9999.000,9999.000,9999.000,9999.000
202606261236,   2.785,   1.918,9999.000,9999.000,9999.000,9999.000,9999.000,9999.000,9999.000
202606261242,   2.749,   1.859,9999.000,9999.000,9999.000,9999.000,9999.000,9999.000,9999.000
202606261248,   2.710,   1.800,9999.000,9999.000,9999.000,9999.000,9999.000,9999.000,9999.000
202606261254,   2.671,   1.738,9999.000,9999.000,9999.000,9999.000,9999.000,9999.000,9999.000
202606261300,   2.630,   1.738,   0.700,  -1.592,   1.738,   0.600,   1.638,   0.700,   1.738
202606261306,   2.588,   1.620,9999.000,9999.000,9999.000,9999.000,9999.000,9999.000,9999.000
202606261312,   2.544,   1.557,9999.000,9999.000,9999.000,9999.000,9999.000,9999.000,9999.000
202606261318,   2.500,   1.498,9999.000,9999.000,9999.000,9999.000,9999.000,9999.000,9999.000
202606261324,   2.455,   1.439,9999.000,9999.000,9999.000,9999.000,9999.000,9999.000,9999.000
202606261330,   2.408,9999.000,9999.000,9999.000,9999.000,9999.000,9999.000,9999.000,9999.000
202606261336,   2.361,   1.308,9999.000,9999.000,9999.000,9999.000,9999.000,9999.000,9999.000
202606261342,   2.314,   1.249,9999.000,9999.000,9999.000,9999.000,9999.000,9999.000,9999.000
202606261348,   2.265,   1.200,9999.000,9999.000,9999.000,9999.000,9999.000,9999.000,9999.000
202606261354,   2.216,   1.138,9999.000,9999.000,9999.000,9999.000,9999.000,9999.000,9999.000
202606261400,   2.167,   1.079,   0.700,  -1.788,   1.079,   0.600,   0.979,   0.700,   1.079
202606261406,   2.117,   1.020,9999.000,9999.000,9999.000,9999.000,9999.000,9999.000,9999.000
202606261412,   2.066,   0.970,9999.000,9999.000,9999.000,9999.000,9999.000,9999.000,9999.000
202606261418,   2.016,   0.918,9999.000,9999.000,9999.000,9999.000,9999.000,9999.000,9999.000
202606261424,   1.964,   0.859,9999.000,9999.000,9999.000,9999.000,9999.000,9999.000,9999.000
202606261430,   1.913,   0.800,9999.000,9999.000,9999.000,9999.000,9999.000,9999.000,9999.000
202606261436,   1.861,   0.751,9999.000,9999.000,9999.000,9999.000,9999.000,9999.000,9999.000
202606261442,   1.809,   0.698,9999.000,9999.000,9999.000,9999.000,9999.000,9999.000,9999.000
202606261448,   1.757,   0.649,9999.000,9999.000,9999.000,9999.000,9999.000,9999.000,9999.000
202606261454,   1.704,   0.600,9999.000,9999.000,9999.000,9999.000,9999.000,9999.000,9999.000
202606261500,   1.651,   0.551,   0.700,  -1.800,   0.551,   0.600,   0.451,   0.700,   0.551
202606261506,   1.598,   0.508,9999.000,9999.000,9999.000,9999.000,9999.000,9999.000,9999.000
202606261512,   1.544,   0.449,9999.000,9999.000,9999.000,9999.000,9999.000,9999.000,9999.000
202606261518,   1.490,   0.409,9999.000,9999.000,9999.000,9999.000,9999.000,9999.000,9999.000
202606261524,   1.436,   0.380,9999.000,9999.000,9999.000,9999.000,9999.000,9999.000,9999.000
202606261530,   1.381,   0.341,9999.000,9999.000,9999.000,9999.000,9999.000,9999.000,9999.000
202606261536,   1.327,   0.298,9999.000,9999.000,9999.000,9999.000,9999.000,9999.000,9999.000
202606261542,   1.273,   0.259,9999.000,9999.000,9999.000,9999.000,9999.000,9999.000,9999.000
202606261548,   1.219,   0.209,9999.000,9999.000,9999.000,9999.000,9999.000,9999.000,9999.000
202606261554,   1.165,   0.200,9999.000,9999.000,9999.000,9999.000,9999.000,9999.000,9999.000
202606261600,   1.113,   0.150,   0.700,  -1.663,   0.150,   0.600,   0.050,   0.700,   0.150
202606261606,   1.061,   0.131,9999.000,9999.000,9999.000,9999.000,9999.000,9999.000,9999.000
202606261612,   1.012,   0.088,9999.000,9999.000,9999.000,9999.000,9999.000,9999.000,9999.000
202606261618,   0.964,   0.068,9999.000,9999.000,9999.000,9999.000,9999.000,9999.000,9999.000
202606261624,   0.919,   0.049,9999.000,9999.000,9999.000,9999.000,9999.000,9999.000,9999.000
202606261630,   0.877,   0.029,9999.000,9999.000,9999.000,9999.000,9999.000,9999.000,9999.000
202606261636,   0.838,  -0.009,9999.000,9999.000,9999.000,9999.000,9999.000,9999.000,9999.000
202606261642,   0.803,  -0.019,9999.000,9999.000,9999.000,9999.000,9999.000,9999.000,9999.000
202606261648,   0.773,  -0.039,9999.000,9999.000,9999.000,9999.000,9999.000,9999.000,9999.000
202606261654,   0.747,  -0.049,9999.000,9999.000,9999.000,9999.000,9999.000,9999.000,9999.000
202606261700,   0.726,  -0.068,   0.700,  -1.494,  -0.068,   0.600,  -0.168,   0.700,  -0.068
202606261706,   0.710,9999.000,9999.000,9999.000,9999.000,9999.000,9999.000,9999.000,9999.000
202606261712,   0.700,  -0.088,9999.000,9999.000,9999.000,9999.000,9999.000,9999.000,9999.000
202606261718,   0.695,  -0.098,9999.000,9999.000,9999.000,9999.000,9999.000,9999.000,9999.000
202606261724,   0.696,  -0.098,9999.000,9999.000,9999.000,9999.000,9999.000,9999.000,9999.000
202606261730,   0.702,  -0.098,9999.000,9999.000,9999.000,9999.000,9999.000,9999.000,9999.000
202606261736,   0.714,  -0.111,9999.000,9999.000,9999.000,9999.000,9999.000,9999.000,9999.000
202606261742,   0.731,  -0.098,9999.000,9999.000,9999.000,9999.000,9999.000,9999.000,9999.000
202606261748,   0.752,  -0.098,9999.000,9999.000,9999.000,9999.000,9999.000,9999.000,9999.000
202606261754,   0.778,  -0.088,9999.000,9999.000,9999.000,9999.000,9999.000,9999.000,9999.000
202606261800,   0.809,  -0.068,   0.700,  -1.577,  -0.068,   0.600,  -0.168,   0.700,  -0.068
202606261806,   0.843,  -0.059,9999.000,9999.000,9999.000,9999.000,9999.000,9999.000,9999.000
202606261812,   0.881,  -0.019,9999.000,9999.000,9999.000,9999.000,9999.000,9999.000,9999.000
202606261818,   0.922,   0.019,9999.000,9999.000,9999.000,9999.000,9999.000,9999.000,9999.000
202606261824,   0.966,   0.039,9999.000,9999.000,9999.000,9999.000,9999.000,9999.000,9999.000
202606261830,   1.012,   0.078,9999.000,9999.000,9999.000,9999.000,9999.000,9999.000,9999.000
202606261836,   1.061,   0.098,9999.000,9999.000,9999.000,9999.000,9999.000,9999.000,9999.000
202606261842,   1.111,   0.160,9999.000,9999.000,9999.000,9999.000,9999.000,9999.000,9999.000
202606261848,   1.162,   0.219,9999.000,9999.000,9999.000,9999.000,9999.000,9999.000,9999.000
202606261854,   1.215,   0.268,9999.000,9999.000,9999.000,9999.000,9999.000,9999.000,9999.000
202606261900,   1.269,   0.321,   0.600,  -1.548,   0.321,   0.600,   0.321,   0.700,   0.421
202606261906,   1.323,   0.380,9999.000,9999.000,9999.000,9999.000,9999.000,9999.000,9999.000
202606261912,   1.377,   0.439,9999.000,9999.000,9999.000,9999.000,9999.000,9999.000,9999.000
202606261918,   1.431,   0.498,9999.000,9999.000,9999.000,9999.000,9999.000,9999.000,9999.000
202606261924,   1.485,   0.580,9999.000,9999.000,9999.000,9999.000,9999.000,9999.000,9999.000
202606261930,   1.539,   0.619,9999.000,9999.000,9999.000,9999.000,9999.000,9999.000,9999.000
202606261936,   1.592,   0.698,9999.000,9999.000,9999.000,9999.000,9999.000,9999.000,9999.000
202606261942,   1.644,   0.770,9999.000,9999.000,9999.000,9999.000,9999.000,9999.000,9999.000
202606261948,   1.696,   0.839,9999.000,9999.000,9999.000,9999.000,9999.000,9999.000,9999.000
202606261954,   1.747,   0.908,9999.000,9999.000,9999.000,9999.000,9999.000,9999.000,9999.000
202606262000,   1.796,   0.961,   0.600,  -1.435,   0.961,   0.600,   0.961,   0.700,   1.061
202606262006,   1.845,   1.039,9999.000,9999.000,9999.000,9999.000,9999.000,9999.000,9999.000
202606262012,   1.893,   1.118,9999.000,9999.000,9999.000,9999.000,9999.000,9999.000,9999.000
202606262018,   1.939,   1.170,9999.000,9999.000,9999.000,9999.000,9999.000,9999.000,9999.000
202606262024,   1.984,   1.249,9999.000,9999.000,9999.000,9999.000,9999.000,9999.000,9999.000
202606262030,   2.028,   1.318,9999.000,9999.000,9999.000,9999.000,9999.000,9999.000,9999.000
202606262036,   2.071,   1.390,9999.000,9999.000,9999.000,9999.000,9999.000,9999.000,9999.000
202606262042,   2.112,   1.439,9999.000,9999.000,9999.000,9999.000,9999.000,9999.000,9999.000
202606262048,   2.152,   1.498,9999.000,9999.000,9999.000,9999.000,9999.000,9999.000,9999.000
202606262054,   2.191,   1.580,9999.000,9999.000,9999.000,9999.000,9999.000,9999.000,9999.000
202606262100,   2.228,   1.630,   0.600,  -1.198,   1.630,   0.600,   1.630,   0.700,   1.730
202606262106,   2.263,   1.679,9999.000,9999.000,9999.000,9999.000,9999.000,9999.000,9999.000
202606262112,   2.297,   1.728,9999.000,9999.000,9999.000,9999.000,9999.000,9999.000,9999.000
202606262118,   2.330,   1.767,9999.000,9999.000,9999.000,9999.000,9999.000,9999.000,9999.000
202606262124,   2.361,   1.820,9999.000,9999.000,9999.000,9999.000,9999.000,9999.000,9999.000
202606262130,   2.391,   1.859,9999.000,9999.000,9999.000,9999.000,9999.000,9999.000,9999.000
202606262136,   2.419,   1.869,9999.000,9999.000,9999.000,9999.000,9999.000,9999.000,9999.000
202606262142,   2.446,   1.918,9999.000,9999.000,9999.000,9999.000,9999.000,9999.000,9999.000
202606262148,   2.470,   1.958,9999.000,9999.000,9999.000,9999.000,9999.000,9999.000,9999.000
202606262154,   2.494,   2.000,9999.000,9999.000,9999.000,9999.000,9999.000,9999.000,9999.000
202606262200,   2.515,   2.030,   0.600,  -1.085,   2.030,   0.600,   2.030,   0.700,   2.130
202606262206,   2.535,   2.049,9999.000,9999.000,9999.000,9999.000,9999.000,9999.000,9999.000
202606262212,   2.553,   2.069,9999.000,9999.000,9999.000,9999.000,9999.000,9999.000,9999.000
202606262218,   2.570,   2.109,9999.000,9999.000,9999.000,9999.000,9999.000,9999.000,9999.000
202606262224,   2.584,   2.118,9999.000,9999.000,9999.000,9999.000,9999.000,9999.000,9999.000
202606262230,   2.597,   2.128,9999.000,9999.000,9999.000,9999.000,9999.000,9999.000,9999.000
202606262236,   2.609,   2.138,9999.000,9999.000,9999.000,9999.000,9999.000,9999.000,9999.000
202606262242,   2.618,   2.138,9999.000,9999.000,9999.000,9999.000,9999.000,9999.000,9999.000
202606262248,   2.625,   2.128,9999.000,9999.000,9999.000,9999.000,9999.000,9999.000,9999.000
202606262254,   2.631,   2.089,9999.000,9999.000,9999.000,9999.000,9999.000,9999.000,9999.000
202606262300,   2.635,   2.049,   0.600,  -1.186,   2.049,   0.600,   2.049,   0.600,   2.049
202606262306,   2.637,   2.030,9999.000,9999.000,9999.000,9999.000,9999.000,9999.000,9999.000
202606262312,   2.637,   2.010,9999.000,9999.000,9999.000,9999.000,9999.000,9999.000,9999.000
202606262318,   2.635,   2.000,9999.000,9999.000,9999.000,9999.000,9999.000,9999.000,9999.000
202606262324,   2.631,   1.981,9999.000,9999.000,9999.000,9999.000,9999.000,9999.000,9999.000
202606262330,   2.625,   1.958,9999.000,9999.000,9999.000,9999.000,9999.000,9999.000,9999.000
202606262336,   2.617,   1.938,9999.000,9999.000,9999.000,9999.000,9999.000,9999.000,9999.000
202606262342,   2.607,   1.908,9999.000,9999.000,9999.000,9999.000,9999.000,9999.000,9999.000
202606262348,   2.595,   1.899,9999.000,9999.000,9999.000,9999.000,9999.000,9999.000,9999.000
202606262354,   2.581,   1.859,9999.000,9999.000,9999.000,9999.000,9999.000,9999.000,9999.000
202606270000,   2.565,   1.810,   0.600,  -1.355,   1.810,   0.600,   1.810,   0.600,   1.810
202606270006,   2.547,   1.738,9999.000,9999.000,9999.000,9999.000,9999.000,9999.000,9999.000
202606270012,   2.526,   1.689,9999.000,9999.000,9999.000,9999.000,9999.000,9999.000,9999.000
202606270018,   2.503,   1.649,9999.000,9999.000,9999.000,9999.000,9999.000,9999.000,9999.000
202606270024,   2.479,   1.600,9999.000,9999.000,9999.000,9999.000,9999.000,9999.000,9999.000
202606270030,   2.452,   1.548,9999.000,9999.000,9999.000,9999.000,9999.000,9999.000,9999.000
202606270036,   2.422,   1.489,9999.000,9999.000,9999.000,9999.000,9999.000,9999.000,9999.000
202606270042,   2.391,   1.430,9999.000,9999.000,9999.000,9999.000,9999.000,9999.000,9999.000
202606270048,   2.358,   1.380,9999.000,9999.000,9999.000,9999.000,9999.000,9999.000,9999.000
202606270054,   2.323,   1.318,9999.000,9999.000,9999.000,9999.000,9999.000,9999.000,9999.000
202606270100,   2.285,   1.259,   0.600,  -1.626,   1.259,   0.600,   1.259,   0.600,   1.259
202606270106,   2.246,   1.200,9999.000,9999.000,9999.000,9999.000,9999.000,9999.000,9999.000
202606270112,   2.206,   1.151,9999.000,9999.000,9999.000,9999.000,9999.000,9999.000,9999.000
202606270118,   2.163,   1.088,9999.000,9999.000,9999.000,9999.000,9999.000,9999.000,9999.000
202606270124,   2.120,   1.029,9999.000,9999.000,9999.000,9999.000,9999.000,9999.000,9999.000
202606270130,   2.075,   0.980,9999.000,9999.000,9999.000,9999.000,9999.000,9999.000,9999.000
202606270136,   2.028,   0.918,9999.000,9999.000,9999.000,9999.000,9999.000,9999.000,9999.000
202606270142,   1.981,   0.849,9999.000,9999.000,9999.000,9999.000,9999.000,9999.000,9999.000
202606270148,   1.933,   0.800,9999.000,9999.000,9999.000,9999.000,9999.000,9999.000,9999.000
202606270154,   1.884,   0.751,9999.000,9999.000,9999.000,9999.000,9999.000,9999.000,9999.000
202606270200,   1.835,   0.698,   0.600,  -1.737,   0.698,   0.600,   0.698,   0.600,   0.698
202606270206,   1.786,   0.639,9999.000,9999.000,9999.000,9999.000,9999.000,9999.000,9999.000
202606270212,   1.736,   0.590,9999.000,9999.000,9999.000,9999.000,9999.000,9999.000,9999.000
202606270218,   1.687,   0.541,9999.000,9999.000,9999.000,9999.000,9999.000,9999.000,9999.000
202606270224,   1.638,   0.488,9999.000,9999.000,9999.000,9999.000,9999.000,9999.000,9999.000
202606270230,   1.589,   0.439,9999.000,9999.000,9999.000,9999.000,9999.000,9999.000,9999.000
202606270236,   1.541,   0.390,9999.000,9999.000,9999.000,9999.000,9999.000,9999.000,9999.000
202606270242,   1.494,   0.331,9999.000,9999.000,9999.000,9999.000,9999.000,9999.000,9999.000
202606270248,   1.447,   0.278,9999.000,9999.000,9999.000,9999.000,9999.000,9999.000,9999.000
202606270254,   1.402,   0.219,9999.000,9999.000,9999.000,9999.000,9999.000,9999.000,9999.000
202606270300,   1.357,   0.170,   0.600,  -1.787,   0.170,   0.600,   0.170,   0.600,   0.170
202606270306,   1.314,   0.121,9999.000,9999.000,9999.000,9999.000,9999.000,9999.000,9999.000
202606270312,   1.271,   0.078,9999.000,9999.000,9999.000,9999.000,9999.000,9999.000,9999.000
202606270318,   1.230,   0.039,9999.000,9999.000,9999.000,9999.000,9999.000,9999.000,9999.000
202606270324,   1.190,   0.009,9999.000,9999.000,9999.000,9999.000,9999.000,9999.000,9999.000
202606270330,   1.151,  -0.029,9999.000,9999.000,9999.000,9999.000,9999.000,9999.000,9999.000
202606270336,   1.113,  -0.039,9999.000,9999.000,9999.000,9999.000,9999.000,9999.000,9999.000
202606270342,   1.077,  -0.078,9999.000,9999.000,9999.000,9999.000,9999.000,9999.000,9999.000
202606270348,   1.042,  -0.098,9999.000,9999.000,9999.000,9999.000,9999.000,9999.000,9999.000
202606270354,   1.008,  -0.121,9999.000,9999.000,9999.000,9999.000,9999.000,9999.000,9999.000
202606270400,   0.975,  -0.160,   0.600,  -1.735,  -0.160,   0.600,  -0.160,   0.600,  -0.160
202606270406,   0.944,  -0.170,9999.000,9999.000,9999.000,9999.000,9999.000,9999.000,9999.000
202606270412,   0.915,  -0.190,9999.000,9999.000,9999.000,9999.000,9999.000,9999.000,9999.000
202606270418,   0.888,  -0.219,9999.000,9999.000,9999.000,9999.000,9999.000,9999.000,9999.000
202606270424,   0.863,  -0.239,9999.000,9999.000,9999.000,9999.000,9999.000,9999.000,9999.000
202606270430,   0.840,  -0.249,9999.000,9999.000,9999.000,9999.000,9999.000,9999.000,9999.000
202606270436,   0.820,  -0.268,9999.000,9999.000,9999.000,9999.000,9999.000,9999.000,9999.000
202606270442,   0.803,  -0.278,9999.000,9999.000,9999.000,9999.000,9999.000,9999.000,9999.000
202606270448,   0.790,  -0.308,9999.000,9999.000,9999.000,9999.000,9999.000,9999.000,9999.000
202606270454,   0.780,  -0.341,9999.000,9999.000,9999.000,9999.000,9999.000,9999.000,9999.000
202606270500,   0.773,  -0.360,   0.600,  -1.733,  -0.360,   0.600,  -0.360,   0.600,  -0.360
202606270506,   0.771,  -0.370,9999.000,9999.000,9999.000,9999.000,9999.000,9999.000,9999.000
202606270512,   0.772,  -0.370,9999.000,9999.000,9999.000,9999.000,9999.000,9999.000,9999.000
202606270518,   0.779,  -0.380,9999.000,9999.000,9999.000,9999.000,9999.000,9999.000,9999.000
202606270524,   0.789,  -0.390,9999.000,9999.000,9999.000,9999.000,9999.000,9999.000,9999.000
202606270530,   0.805,  -0.390,9999.000,9999.000,9999.000,9999.000,9999.000,9999.000,9999.000
202606270536,   0.825,  -0.380,9999.000,9999.000,9999.000,9999.000,9999.000,9999.000,9999.000
202606270542,   0.849,  -0.370,9999.000,9999.000,9999.000,9999.000,9999.000,9999.000,9999.000
202606270548,   0.879,  -0.360,9999.000,9999.000,9999.000,9999.000,9999.000,9999.000,9999.000
202606270554,   0.912,  -0.341,9999.000,9999.000,9999.000,9999.000,9999.000,9999.000,9999.000
202606270600,   0.950,  -0.321,   0.600,  -1.871,  -0.321,   0.600,  -0.321,   0.600,  -0.321
202606270606,   0.992,  -0.278,9999.000,9999.000,9999.000,9999.000,9999.000,9999.000,9999.000
202606270612,   1.038,  -0.259,9999.000,9999.000,9999.000,9999.000,9999.000,9999.000,9999.000
202606270618,   1.088,  -0.219,9999.000,9999.000,9999.000,9999.000,9999.000,9999.000,9999.000
202606270624,   1.140,  -0.180,9999.000,9999.000,9999.000,9999.000,9999.000,9999.000,9999.000
202606270630,   1.195,  -0.141,9999.000,9999.000,9999.000,9999.000,9999.000,9999.000,9999.000
202606270636,   1.253,  -0.098,9999.000,9999.000,9999.000,9999.000,9999.000,9999.000,9999.000
202606270642,   1.313,  -0.049,9999.000,9999.000,9999.000,9999.000,9999.000,9999.000,9999.000
202606270648,   1.375,   0.000,9999.000,9999.000,9999.000,9999.000,9999.000,9999.000,9999.000
202606270654,   1.439,   0.059,9999.000,9999.000,9999.000,9999.000,9999.000,9999.000,9999.000
202606270700,   1.503,   0.121,   0.600,  -1.982,   0.121,   0.600,   0.121,   0.600,   0.121
202606270706,   1.568,   0.200,9999.000,9999.000,9999.000,9999.000,9999.000,9999.000,9999.000
202606270712,   1.634,   0.249,9999.000,9999.000,9999.000,9999.000,9999.000,9999.000,9999.000
202606270718,   1.700,   0.341,9999.000,9999.000,9999.000,9999.000,9999.000,9999.000,9999.000
202606270724,   1.766,   0.409,9999.000,9999.000,9999.000,9999.000,9999.000,9999.000,9999.000
202606270730,   1.831,   0.488,9999.000,9999.000,9999.000,9999.000,9999.000,9999.000,9999.000
202606270736,   1.896,   0.560,9999.000,9999.000,9999.000,9999.000,9999.000,9999.000,9999.000
202606270742,   1.960,   0.639,9999.000,9999.000,9999.000,9999.000,9999.000,9999.000,9999.000
202606270748,   2.023,   0.708,9999.000,9999.000,9999.000,9999.000,9999.000,9999.000,9999.000
202606270754,   2.085,   0.780,9999.000,9999.000,9999.000,9999.000,9999.000,9999.000,9999.000
202606270800,   2.146,   0.859,   0.600,  -1.887,   0.859,   0.600,   0.859,   0.600,   0.859
202606270806,   2.205,   0.928,9999.000,9999.000,9999.000,9999.000,9999.000,9999.000,9999.000
202606270812,   2.263,   1.000,9999.000,9999.000,9999.000,9999.000,9999.000,9999.000,9999.000
202606270818,   2.319,   1.079,9999.000,9999.000,9999.000,9999.000,9999.000,9999.000,9999.000
202606270824,   2.373,   1.151,9999.000,9999.000,9999.000,9999.000,9999.000,9999.000,9999.000
202606270830,   2.426,   1.220,9999.000,9999.000,9999.000,9999.000,9999.000,9999.000,9999.000
202606270836,   2.477,   1.289,9999.000,9999.000,9999.000,9999.000,9999.000,9999.000,9999.000
202606270842,   2.526,   1.338,9999.000,9999.000,9999.000,9999.000,9999.000,9999.000,9999.000
202606270848,   2.573,   1.420,9999.000,9999.000,9999.000,9999.000,9999.000,9999.000,9999.000
202606270854,   2.619,   1.469,9999.000,9999.000,9999.000,9999.000,9999.000,9999.000,9999.000
202606270900,   2.662,   1.528,   0.600,  -1.734,   1.528,   0.500,   1.428,   0.600,   1.528
202606270906,   2.704,   1.590,9999.000,9999.000,9999.000,9999.000,9999.000,9999.000,9999.000
202606270912,   2.744,   1.649,9999.000,9999.000,9999.000,9999.000,9999.000,9999.000,9999.000
202606270918,   2.783,   1.708,9999.000,9999.000,9999.000,9999.000,9999.000,9999.000,9999.000
202606270924,   2.819,   1.758,9999.000,9999.000,9999.000,9999.000,9999.000,9999.000,9999.000
202606270930,   2.854,   1.820,9999.000,9999.000,9999.000,9999.000,9999.000,9999.000,9999.000
202606270936,   2.887,   1.869,9999.000,9999.000,9999.000,9999.000,9999.000,9999.000,9999.000
202606270942,   2.919,   1.918,9999.000,9999.000,9999.000,9999.000,9999.000,9999.000,9999.000
202606270948,   2.948,   1.958,9999.000,9999.000,9999.000,9999.000,9999.000,9999.000,9999.000
202606270954,   2.976,   2.000,9999.000,9999.000,9999.000,9999.000,9999.000,9999.000,9999.000
202606271000,   3.002,   2.040,   0.600,  -1.562,   2.040,   0.500,   1.940,   0.600,   2.040
202606271006,   3.027,   2.079,9999.000,9999.000,9999.000,9999.000,9999.000,9999.000,9999.000
202606271012,   3.050,   2.089,9999.000,9999.000,9999.000,9999.000,9999.000,9999.000,9999.000
202606271018,   3.071,   2.128,9999.000,9999.000,9999.000,9999.000,9999.000,9999.000,9999.000
202606271024,   3.090,   2.148,9999.000,9999.000,9999.000,9999.000,9999.000,9999.000,9999.000
202606271030,   3.108,   2.168,9999.000,9999.000,9999.000,9999.000,9999.000,9999.000,9999.000
202606271036,   3.123,   2.191,9999.000,9999.000,9999.000,9999.000,9999.000,9999.000,9999.000
202606271042,   3.137,   2.210,9999.000,9999.000,9999.000,9999.000,9999.000,9999.000,9999.000
202606271048,   3.150,   2.220,9999.000,9999.000,9999.000,9999.000,9999.000,9999.000,9999.000
202606271054,   3.160,   2.230,9999.000,9999.000,9999.000,9999.000,9999.000,9999.000,9999.000
202606271100,   3.169,   2.240,   0.600,  -1.529,   2.240,   0.500,   2.140,   0.600,   2.240
202606271106,   3.176,   2.250,9999.000,9999.000,9999.000,9999.000,9999.000,9999.000,9999.000
202606271112,   3.180,   2.250,9999.000,9999.000,9999.000,9999.000,9999.000,9999.000,9999.000
202606271118,   3.183,   2.240,9999.000,9999.000,9999.000,9999.000,9999.000,9999.000,9999.000
202606271124,   3.185,   2.240,9999.000,9999.000,9999.000,9999.000,9999.000,9999.000,9999.000
202606271130,   3.184,   2.230,9999.000,9999.000,9999.000,9999.000,9999.000,9999.000,9999.000
202606271136,   3.181,   2.210,9999.000,9999.000,9999.000,9999.000,9999.000,9999.000,9999.000
202606271142,   3.176,   2.168,9999.000,9999.000,9999.000,9999.000,9999.000,9999.000,9999.000
202606271148,   3.169,   2.148,9999.000,9999.000,9999.000,9999.000,9999.000,9999.000,9999.000
202606271154,   3.160,   2.118,9999.000,9999.000,9999.000,9999.000,9999.000,9999.000,9999.000
202606271200,   3.149,   2.069,   0.500,  -1.580,   2.069,   0.500,   2.069,   0.600,   2.169
202606271206,   3.136,   2.040,9999.000,9999.000,9999.000,9999.000,9999.000,9999.000,9999.000
202606271212,   3.120,   1.990,9999.000,9999.000,9999.000,9999.000,9999.000,9999.000,9999.000
202606271218,   3.103,   1.948,9999.000,9999.000,9999.000,9999.000,9999.000,9999.000,9999.000
202606271224,   3.083,   1.908,9999.000,9999.000,9999.000,9999.000,9999.000,9999.000,9999.000
202606271230,   3.062,   1.859,9999.000,9999.000,9999.000,9999.000,9999.000,9999.000,9999.000
202606271236,   3.038,   1.810,9999.000,9999.000,9999.000,9999.000,9999.000,9999.000,9999.000
202606271242,   3.013,   1.758,9999.000,9999.000,9999.000,9999.000,9999.000,9999.000,9999.000
202606271248,   2.985,   1.699,9999.000,9999.000,9999.000,9999.000,9999.000,9999.000,9999.000
202606271254,   2.956,   1.639,9999.000,9999.000,9999.000,9999.000,9999.000,9999.000,9999.000
202606271300,   2.924,   1.590,   0.500,  -1.834,   1.590,   0.500,   1.590,   0.600,   1.690
202606271306,   2.891,   1.528,9999.000,9999.000,9999.000,9999.000,9999.000,9999.000,9999.000
202606271312,   2.857,   1.459,9999.000,9999.000,9999.000,9999.000,9999.000,9999.000,9999.000
202606271318,   2.820,   1.400,9999.000,9999.000,9999.000,9999.000,9999.000,9999.000,9999.000
202606271324,   2.782,   1.338,9999.000,9999.000,9999.000,9999.000,9999.000,9999.000,9999.000
202606271330,   2.742,   1.279,9999.000,9999.000,9999.000,9999.000,9999.000,9999.000,9999.000
202606271336,   2.701,   1.210,9999.000,9999.000,9999.000,9999.000,9999.000,9999.000,9999.000
202606271342,   2.659,   1.151,9999.000,9999.000,9999.000,9999.000,9999.000,9999.000,9999.000
202606271348,   2.615,   1.079,9999.000,9999.000,9999.000,9999.000,9999.000,9999.000,9999.000
202606271354,   2.570,   1.020,9999.000,9999.000,9999.000,9999.000,9999.000,9999.000,9999.000
202606271400,   2.523,   0.961,   0.500,  -2.062,   0.961,   0.500,   0.961,   0.600,   1.061
202606271406,   2.476,   0.898,9999.000,9999.000,9999.000,9999.000,9999.000,9999.000,9999.000
202606271412,   2.428,   0.839,9999.000,9999.000,9999.000,9999.000,9999.000,9999.000,9999.000
202606271418,   2.378,   0.780,9999.000,9999.000,9999.000,9999.000,9999.000,9999.000,9999.000
202606271424,   2.328,   0.718,9999.000,9999.000,9999.000,9999.000,9999.000,9999.000,9999.000
202606271430,   2.278,   0.659,9999.000,9999.000,9999.000,9999.000,9999.000,9999.000,9999.000
202606271436,   2.226,   0.610,9999.000,9999.000,9999.000,9999.000,9999.000,9999.000,9999.000
202606271442,   2.174,   0.551,9999.000,9999.000,9999.000,9999.000,9999.000,9999.000,9999.000
202606271448,   2.122,   0.488,9999.000,9999.000,9999.000,9999.000,9999.000,9999.000,9999.000
202606271454,   2.069,   0.429,9999.000,9999.000,9999.000,9999.000,9999.000,9999.000,9999.000
202606271500,   2.016,   0.380,   0.500,  -2.136,   0.380,   0.500,   0.380,   0.500,   0.380
202606271506,   1.963,   0.321,9999.000,9999.000,9999.000,9999.000,9999.000,9999.000,9999.000
202606271512,   1.910,   0.268,9999.000,9999.000,9999.000,9999.000,9999.000,9999.000,9999.000
202606271518,   1.857,   0.209,9999.000,9999.000,9999.000,9999.000,9999.000,9999.000,9999.000
202606271524,   1.803,   0.160,9999.000,9999.000,9999.000,9999.000,9999.000,9999.000,9999.000
202606271530,   1.749,   0.111,9999.000,9999.000,9999.000,9999.000,9999.000,9999.000,9999.000
202606271536,   1.696,   0.068,9999.000,9999.000,9999.000,9999.000,9999.000,9999.000,9999.000
202606271542,   1.641,   0.019,9999.000,9999.000,9999.000,9999.000,9999.000,9999.000,9999.000
202606271548,   1.587,  -0.019,9999.000,9999.000,9999.000,9999.000,9999.000,9999.000,9999.000
202606271554,   1.533,  -0.068,9999.000,9999.000,9999.000,9999.000,9999.000,9999.000,9999.000
202606271600,   1.478,  -0.111,   0.500,  -2.089,  -0.111,   0.500,  -0.111,   0.500,  -0.111
202606271606,   1.423,  -0.160,9999.000,9999.000,9999.000,9999.000,9999.000,9999.000,9999.000
202606271612,   1.368,  -0.180,9999.000,9999.000,9999.000,9999.000,9999.000,9999.000,9999.000
202606271618,   1.313,  -0.219,9999.000,9999.000,9999.000,9999.000,9999.000,9999.000,9999.000
202606271624,   1.258,  -0.268,9999.000,9999.000,9999.000,9999.000,9999.000,9999.000,9999.000
202606271630,   1.203,  -0.288,9999.000,9999.000,9999.000,9999.000,9999.000,9999.000,9999.000
202606271636,   1.149,  -0.341,9999.000,9999.000,9999.000,9999.000,9999.000,9999.000,9999.000
202606271642,   1.095,  -0.380,9999.000,9999.000,9999.000,9999.000,9999.000,9999.000,9999.000
202606271648,   1.041,  -0.390,9999.000,9999.000,9999.000,9999.000,9999.000,9999.000,9999.000
202606271654,   0.989,  -0.439,9999.000,9999.000,9999.000,9999.000,9999.000,9999.000,9999.000
202606271700,   0.939,  -0.459,   0.500,  -1.898,  -0.459,   0.500,  -0.459,   0.500,  -0.459
202606271706,   0.890,  -0.478,9999.000,9999.000,9999.000,9999.000,9999.000,9999.000,9999.000
202606271712,   0.844,  -0.518,9999.000,9999.000,9999.000,9999.000,9999.000,9999.000,9999.000
202606271718,   0.801,  -0.541,9999.000,9999.000,9999.000,9999.000,9999.000,9999.000,9999.000
202606271724,   0.761,  -0.551,9999.000,9999.000,9999.000,9999.000,9999.000,9999.000,9999.000
202606271730,   0.725,  -0.570,9999.000,9999.000,9999.000,9999.000,9999.000,9999.000,9999.000
202606271736,   0.694,  -0.580,9999.000,9999.000,9999.000,9999.000,9999.000,9999.000,9999.000
202606271742,   0.667,  -0.600,9999.000,9999.000,9999.000,9999.000,9999.000,9999.000,9999.000
202606271748,   0.645,  -0.610,9999.000,9999.000,9999.000,9999.000,9999.000,9999.000,9999.000
202606271754,   0.628,  -0.619,9999.000,9999.000,9999.000,9999.000,9999.000,9999.000,9999.000
202606271800,   0.618,  -0.629,   0.500,  -1.747,  -0.629,   0.400,  -0.729,   0.500,  -0.629
202606271806,   0.612,  -0.639,9999.000,9999.000,9999.000,9999.000,9999.000,9999.000,9999.000
202606271812,   0.613,  -0.639,9999.000,9999.000,9999.000,9999.000,9999.000,9999.000,9999.000
202606271818,   0.619,  -0.639,9999.000,9999.000,9999.000,9999.000,9999.000,9999.000,9999.000
202606271824,   0.631,  -0.639,9999.000,9999.000,9999.000,9999.000,9999.000,9999.000,9999.000
202606271830,   0.648,  -0.629,9999.000,9999.000,9999.000,9999.000,9999.000,9999.000,9999.000
202606271836,   0.671,  -0.619,9999.000,9999.000,9999.000,9999.000,9999.000,9999.000,9999.000
202606271842,   0.698,  -0.600,9999.000,9999.000,9999.000,9999.000,9999.000,9999.000,9999.000
202606271848,   0.730,  -0.580,9999.000,9999.000,9999.000,9999.000,9999.000,9999.000,9999.000
202606271854,   0.766,  -0.541,9999.000,9999.000,9999.000,9999.000,9999.000,9999.000,9999.000
202606271900,   0.807,  -0.518,   0.500,  -1.825,  -0.518,   0.400,  -0.618,   0.500,  -0.518
202606271906,   0.850,  -0.478,9999.000,9999.000,9999.000,9999.000,9999.000,9999.000,9999.000
202606271912,   0.897,  -0.419,9999.000,9999.000,9999.000,9999.000,9999.000,9999.000,9999.000
202606271918,   0.946,  -0.380,9999.000,9999.000,9999.000,9999.000,9999.000,9999.000,9999.000
202606271924,   0.998,  -0.331,9999.000,9999.000,9999.000,9999.000,9999.000,9999.000,9999.000
202606271930,   1.052,  -0.278,9999.000,9999.000,9999.000,9999.000,9999.000,9999.000,9999.000
202606271936,   1.107,  -0.229,9999.000,9999.000,9999.000,9999.000,9999.000,9999.000,9999.000
202606271942,   1.164,  -0.150,9999.000,9999.000,9999.000,9999.000,9999.000,9999.000,9999.000
202606271948,   1.221,  -0.111,9999.000,9999.000,9999.000,9999.000,9999.000,9999.000,9999.000
202606271954,   1.279,  -0.019,9999.000,9999.000,9999.000,9999.000,9999.000,9999.000,9999.000
202606272000,   1.337,   0.029,   0.500,  -1.808,   0.029,   0.400,  -0.071,   0.500,   0.029
202606272006,   1.395,   0.078,9999.000,9999.000,9999.000,9999.000,9999.000,9999.000,9999.000
202606272012,   1.453,   0.141,9999.000,9999.000,9999.000,9999.000,9999.000,9999.000,9999.000
202606272018,   1.510,   0.219,9999.000,9999.000,9999.000,9999.000,9999.000,9999.000,9999.000
202606272024,   1.567,   0.288,9999.000,9999.000,9999.000,9999.000,9999.000,9999.000,9999.000
202606272030,   1.623,   0.350,9999.000,9999.000,9999.000,9999.000,9999.000,9999.000,9999.000
202606272036,   1.678,   0.409,9999.000,9999.000,9999.000,9999.000,9999.000,9999.000,9999.000
202606272042,   1.733,   0.498,9999.000,9999.000,9999.000,9999.000,9999.000,9999.000,9999.000
202606272048,   1.785,   0.570,9999.000,9999.000,9999.000,9999.000,9999.000,9999.000,9999.000
202606272054,   1.837,   0.639,9999.000,9999.000,9999.000,9999.000,9999.000,9999.000,9999.000
202606272100,   1.888,   0.708,   0.500,  -1.680,   0.708,   0.400,   0.608,   0.500,   0.708
202606272106,   1.937,   0.760,9999.000,9999.000,9999.000,9999.000,9999.000,9999.000,9999.000
202606272112,   1.984,   0.819,9999.000,9999.000,9999.000,9999.000,9999.000,9999.000,9999.000
202606272118,   2.030,   0.908,9999.000,9999.000,9999.000,9999.000,9999.000,9999.000,9999.000
202606272124,   2.075,   0.961,9999.000,9999.000,9999.000,9999.000,9999.000,9999.000,9999.000
202606272130,   2.118,   1.020,9999.000,9999.000,9999.000,9999.000,9999.000,9999.000,9999.000
202606272136,   2.160,   1.079,9999.000,9999.000,9999.000,9999.000,9999.000,9999.000,9999.000
202606272142,   2.200,   1.138,9999.000,9999.000,9999.000,9999.000,9999.000,9999.000,9999.000
202606272148,   2.239,   1.190,9999.000,9999.000,9999.000,9999.000,9999.000,9999.000,9999.000
202606272154,   2.276,   1.239,9999.000,9999.000,9999.000,9999.000,9999.000,9999.000,9999.000
202606272200,   2.311,   1.298,   0.500,  -1.513,   1.298,   0.400,   1.198,   0.500,   1.298
202606272206,   2.345,   1.348,9999.000,9999.000,9999.000,9999.000,9999.000,9999.000,9999.000
202606272212,   2.377,   1.390,9999.000,9999.000,9999.000,9999.000,9999.000,9999.000,9999.000
202606272218,   2.407,   1.439,9999.000,9999.000,9999.000,9999.000,9999.000,9999.000,9999.000
202606272224,   2.436,   1.479,9999.000,9999.000,9999.000,9999.000,9999.000,9999.000,9999.000
202606272230,   2.463,   1.508,9999.000,9999.000,9999.000,9999.000,9999.000,9999.000,9999.000
202606272236,   2.489,   1.528,9999.000,9999.000,9999.000,9999.000,9999.000,9999.000,9999.000
202606272242,   2.512,   1.580,9999.000,9999.000,9999.000,9999.000,9999.000,9999.000,9999.000
202606272248,   2.534,   1.620,9999.000,9999.000,9999.000,9999.000,9999.000,9999.000,9999.000
202606272254,   2.555,   1.639,9999.000,9999.000,9999.000,9999.000,9999.000,9999.000,9999.000
202606272300,   2.573,   1.659,   0.500,  -1.414,   1.659,   0.400,   1.559,   0.500,   1.659
202606272306,   2.590,   1.669,9999.000,9999.000,9999.000,9999.000,9999.000,9999.000,9999.000
202606272312,   2.605,   1.689,9999.000,9999.000,9999.000,9999.000,9999.000,9999.000,9999.000
202606272318,   2.618,   1.708,9999.000,9999.000,9999.000,9999.000,9999.000,9999.000,9999.000
202606272324,   2.629,   1.718,9999.000,9999.000,9999.000,9999.000,9999.000,9999.000,9999.000
202606272330,   2.639,   1.728,9999.000,9999.000,9999.000,9999.000,9999.000,9999.000,9999.000
202606272336,   2.647,   1.738,9999.000,9999.000,9999.000,9999.000,9999.000,9999.000,9999.000
202606272342,   2.652,   1.738,9999.000,9999.000,9999.000,9999.000,9999.000,9999.000,9999.000
202606272348,   2.656,   1.738,9999.000,9999.000,9999.000,9999.000,9999.000,9999.000,9999.000
202606272354,   2.658,   1.738,9999.000,9999.000,9999.000,9999.000,9999.000,9999.000,9999.000
202606280000,   2.658,   1.728,   0.500,  -1.430,   1.728,   0.400,   1.628,   0.500,   1.728
202606280006,   2.656,   1.718,9999.000,9999.000,9999.000,9999.000,9999.000,9999.000,9999.000
202606280012,   2.652,   1.708,9999.000,9999.000,9999.000,9999.000,9999.000,9999.000,9999.000
202606280018,   2.646,   1.689,9999.000,9999.000,9999.000,9999.000,9999.000,9999.000,9999.000
202606280024,   2.638,   1.649,9999.000,9999.000,9999.000,9999.000,9999.000,9999.000,9999.000
202606280030,   2.628,   1.630,9999.000,9999.000,9999.000,9999.000,9999.000,9999.000,9999.000
202606280036,   2.616,   1.590,9999.000,9999.000,9999.000,9999.000,9999.000,9999.000,9999.000
202606280042,   2.602,   1.548,9999.000,9999.000,9999.000,9999.000,9999.000,9999.000,9999.000
202606280048,   2.585,   1.508,9999.000,9999.000,9999.000,9999.000,9999.000,9999.000,9999.000
202606280054,   2.566,   1.469,9999.000,9999.000,9999.000,9999.000,9999.000,9999.000,9999.000
202606280100,   2.545,   1.430,   0.500,  -1.615,   1.430,   0.400,   1.330,   0.500,   1.430
202606280106,   2.522,   1.390,9999.000,9999.000,9999.000,9999.000,9999.000,9999.000,9999.000
202606280112,   2.497,   1.348,9999.000,9999.000,9999.000,9999.000,9999.000,9999.000,9999.000
202606280118,   2.469,   1.308,9999.000,9999.000,9999.000,9999.000,9999.000,9999.000,9999.000
202606280124,   2.439,   1.259,9999.000,9999.000,9999.000,9999.000,9999.000,9999.000,9999.000
202606280130,   2.407,   1.210,9999.000,9999.000,9999.000,9999.000,9999.000,9999.000,9999.000
202606280136,   2.372,   1.161,9999.000,9999.000,9999.000,9999.000,9999.000,9999.000,9999.000
202606280142,   2.336,   1.108,9999.000,9999.000,9999.000,9999.000,9999.000,9999.000,9999.000
202606280148,   2.298,   1.059,9999.000,9999.000,9999.000,9999.000,9999.000,9999.000,9999.000
202606280154,   2.257,   1.000,9999.000,9999.000,9999.000,9999.000,9999.000,9999.000,9999.000
202606280200,   2.215,   0.951,   0.400,  -1.664,   0.951,   0.400,   0.951,   0.500,   1.051
202606280206,   2.171,   0.898,9999.000,9999.000,9999.000,9999.000,9999.000,9999.000,9999.000
202606280212,   2.126,   0.839,9999.000,9999.000,9999.000,9999.000,9999.000,9999.000,9999.000
202606280218,   2.079,   0.790,9999.000,9999.000,9999.000,9999.000,9999.000,9999.000,9999.000
202606280224,   2.032,   0.741,9999.000,9999.000,9999.000,9999.000,9999.000,9999.000,9999.000
202606280230,   1.983,   0.678,9999.000,9999.000,9999.000,9999.000,9999.000,9999.000,9999.000
202606280236,   1.933,   0.629,9999.000,9999.000,9999.000,9999.000,9999.000,9999.000,9999.000
202606280242,   1.883,   0.570,9999.000,9999.000,9999.000,9999.000,9999.000,9999.000,9999.000
202606280248,   1.832,   0.518,9999.000,9999.000,9999.000,9999.000,9999.000,9999.000,9999.000
202606280254,   1.781,   0.469,9999.000,9999.000,9999.000,9999.000,9999.000,9999.000,9999.000
202606280300,   1.730,   0.419,   0.400,  -1.711,   0.419,   0.400,   0.419,   0.500,   0.519
202606280306,   1.680,   0.370,9999.000,9999.000,9999.000,9999.000,9999.000,9999.000,9999.000
202606280312,   1.629,   0.321,9999.000,9999.000,9999.000,9999.000,9999.000,9999.000,9999.000
202606280318,   1.580,   0.268,9999.000,9999.000,9999.000,9999.000,9999.000,9999.000,9999.000
202606280324,   1.531,   0.219,9999.000,9999.000,9999.000,9999.000,9999.000,9999.000,9999.000
202606280330,   1.483,   0.180,9999.000,9999.000,9999.000,9999.000,9999.000,9999.000,9999.000
202606280336,   1.436,   0.131,9999.000,9999.000,9999.000,9999.000,9999.000,9999.000,9999.000
202606280342,   1.391,   0.088,9999.000,9999.000,9999.000,9999.000,9999.000,9999.000,9999.000
202606280348,   1.346,   0.049,9999.000,9999.000,9999.000,9999.000,9999.000,9999.000,9999.000
202606280354,   1.303,   0.000,9999.000,9999.000,9999.000,9999.000,9999.000,9999.000,9999.000
202606280400,   1.260,  -0.039,   0.400,  -1.699,  -0.039,   0.400,  -0.039,   0.500,   0.061
202606280406,   1.219,  -0.078,9999.000,9999.000,9999.000,9999.000,9999.000,9999.000,9999.000
202606280412,   1.180,  -0.121,9999.000,9999.000,9999.000,9999.000,9999.000,9999.000,9999.000
202606280418,   1.141,  -0.131,9999.000,9999.000,9999.000,9999.000,9999.000,9999.000,9999.000
202606280424,   1.104,  -0.180,9999.000,9999.000,9999.000,9999.000,9999.000,9999.000,9999.000
202606280430,   1.068,  -0.200,9999.000,9999.000,9999.000,9999.000,9999.000,9999.000,9999.000
202606280436,   1.034,  -0.229,9999.000,9999.000,9999.000,9999.000,9999.000,9999.000,9999.000
202606280442,   1.001,  -0.259,9999.000,9999.000,9999.000,9999.000,9999.000,9999.000,9999.000
202606280448,   0.969,  -0.288,9999.000,9999.000,9999.000,9999.000,9999.000,9999.000,9999.000
202606280454,   0.940,  -0.308,9999.000,9999.000,9999.000,9999.000,9999.000,9999.000,9999.000
202606280500,   0.911,  -0.331,   0.400,  -1.642,  -0.331,   0.400,  -0.331,   0.500,  -0.231
202606280506,   0.885,  -0.341,9999.000,9999.000,9999.000,9999.000,9999.000,9999.000,9999.000
202606280512,   0.861,  -0.360,9999.000,9999.000,9999.000,9999.000,9999.000,9999.000,9999.000
202606280518,   0.840,  -0.370,9999.000,9999.000,9999.000,9999.000,9999.000,9999.000,9999.000
202606280524,   0.821,  -0.380,9999.000,9999.000,9999.000,9999.000,9999.000,9999.000,9999.000
202606280530,   0.805,  -0.390,9999.000,9999.000,9999.000,9999.000,9999.000,9999.000,9999.000
202606280536,   0.792,  -0.390,9999.000,9999.000,9999.000,9999.000,9999.000,9999.000,9999.000
202606280542,   0.783,  -0.390,9999.000,9999.000,9999.000,9999.000,9999.000,9999.000,9999.000
202606280548,   0.778,  -0.390,9999.000,9999.000,9999.000,9999.000,9999.000,9999.000,9999.000
202606280554,   0.776,  -0.380,9999.000,9999.000,9999.000,9999.000,9999.000,9999.000,9999.000
202606280600,   0.779,  -0.360,   0.400,  -1.539,  -0.360,   0.400,  -0.360,   0.500,  -0.260
202606280606,   0.787,  -0.331,9999.000,9999.000,9999.000,9999.000,9999.000,9999.000,9999.000
202606280612,   0.799,  -0.308,9999.000,9999.000,9999.000,9999.000,9999.000,9999.000,9999.000
202606280618,   0.816,  -0.268,9999.000,9999.000,9999.000,9999.000,9999.000,9999.000,9999.000
202606280624,   0.838,  -0.229,9999.000,9999.000,9999.000,9999.000,9999.000,9999.000,9999.000
202606280630,   0.864,  -0.190,9999.000,9999.000,9999.000,9999.000,9999.000,9999.000,9999.000
202606280636,   0.895,  -0.141,9999.000,9999.000,9999.000,9999.000,9999.000,9999.000,9999.000
202606280642,   0.931,  -0.098,9999.000,9999.000,9999.000,9999.000,9999.000,9999.000,9999.000
202606280648,   0.971,  -0.039,9999.000,9999.000,9999.000,9999.000,9999.000,9999.000,9999.000
202606280654,   1.015,   0.019,9999.000,9999.000,9999.000,9999.000,9999.000,9999.000,9999.000
202606280700,   1.063,   0.078,   0.400,  -1.385,   0.078,   0.400,   0.078,   0.500,   0.178
202606280706,   1.114,   0.141,9999.000,9999.000,9999.000,9999.000,9999.000,9999.000,9999.000
202606280712,   1.169,   0.209,9999.000,9999.000,9999.000,9999.000,9999.000,9999.000,9999.000
202606280718,   1.227,   0.288,9999.000,9999.000,9999.000,9999.000,9999.000,9999.000,9999.000
202606280724,   1.287,   0.331,9999.000,9999.000,9999.000,9999.000,9999.000,9999.000,9999.000
202606280730,   1.350,   0.419,9999.000,9999.000,9999.000,9999.000,9999.000,9999.000,9999.000
202606280736,   1.414,   0.488,9999.000,9999.000,9999.000,9999.000,9999.000,9999.000,9999.000
202606280742,   1.480,   0.560,9999.000,9999.000,9999.000,9999.000,9999.000,9999.000,9999.000
202606280748,   1.547,   0.629,9999.000,9999.000,9999.000,9999.000,9999.000,9999.000,9999.000
202606280754,   1.615,   0.698,9999.000,9999.000,9999.000,9999.000,9999.000,9999.000,9999.000
202606280800,   1.683,   0.780,   0.400,  -1.303,   0.780,   0.400,   0.780,   0.500,   0.880
202606280806,   1.751,   0.849,9999.000,9999.000,9999.000,9999.000,9999.000,9999.000,9999.000
202606280812,   1.819,   0.928,9999.000,9999.000,9999.000,9999.000,9999.000,9999.000,9999.000
202606280818,   1.886,   1.000,9999.000,9999.000,9999.000,9999.000,9999.000,9999.000,9999.000
202606280824,   1.953,   1.069,9999.000,9999.000,9999.000,9999.000,9999.000,9999.000,9999.000
202606280830,   2.018,   1.151,9999.000,9999.000,9999.000,9999.000,9999.000,9999.000,9999.000
202606280836,   2.083,   1.200,9999.000,9999.000,9999.000,9999.000,9999.000,9999.000,9999.000
202606280842,   2.146,   1.279,9999.000,9999.000,9999.000,9999.000,9999.000,9999.000,9999.000
202606280848,   2.207,   1.328,9999.000,9999.000,9999.000,9999.000,9999.000,9999.000,9999.000
202606280854,   2.267,   1.390,9999.000,9999.000,9999.000,9999.000,9999.000,9999.000,9999.000
202606280900,   2.326,   1.459,   0.400,  -1.267,   1.459,   0.400,   1.459,   0.500,   1.559
202606280906,   2.382,   1.518,9999.000,9999.000,9999.000,9999.000,9999.000,9999.000,9999.000
202606280912,   2.436,   1.580,9999.000,9999.000,9999.000,9999.000,9999.000,9999.000,9999.000
202606280918,   2.489,   1.639,9999.000,9999.000,9999.000,9999.000,9999.000,9999.000,9999.000
202606280924,   2.539,   1.699,9999.000,9999.000,9999.000,9999.000,9999.000,9999.000,9999.000
202606280930,   2.588,   1.748,9999.000,9999.000,9999.000,9999.000,9999.000,9999.000,9999.000
202606280936,   2.635,   1.810,9999.000,9999.000,9999.000,9999.000,9999.000,9999.000,9999.000
202606280942,   2.679,   1.859,9999.000,9999.000,9999.000,9999.000,9999.000,9999.000,9999.000
202606280948,   2.722,   1.908,9999.000,9999.000,9999.000,9999.000,9999.000,9999.000,9999.000
202606280954,   2.762,   1.958,9999.000,9999.000,9999.000,9999.000,9999.000,9999.000,9999.000
202606281000,   2.801,   2.000,   0.400,  -1.201,   2.000,   0.400,   2.000,   0.500,   2.100
202606281006,   2.838,   2.040,9999.000,9999.000,9999.000,9999.000,9999.000,9999.000,9999.000
202606281012,   2.872,   2.089,9999.000,9999.000,9999.000,9999.000,9999.000,9999.000,9999.000
202606281018,   2.905,   2.118,9999.000,9999.000,9999.000,9999.000,9999.000,9999.000,9999.000
202606281024,   2.936,   2.138,9999.000,9999.000,9999.000,9999.000,9999.000,9999.000,9999.000
202606281030,   2.966,   2.177,9999.000,9999.000,9999.000,9999.000,9999.000,9999.000,9999.000
202606281036,   2.993,   2.200,9999.000,9999.000,9999.000,9999.000,9999.000,9999.000,9999.000
202606281042,   3.019,   2.220,9999.000,9999.000,9999.000,9999.000,9999.000,9999.000,9999.000
202606281048,   3.043,   2.240,9999.000,9999.000,9999.000,9999.000,9999.000,9999.000,9999.000
202606281054,   3.066,   2.259,9999.000,9999.000,9999.000,9999.000,9999.000,9999.000,9999.000
202606281100,   3.086,   2.279,   0.400,  -1.207,   2.279,   0.400,   2.279,   0.400,   2.279
202606281106,   3.105,   2.299,9999.000,9999.000,9999.000,9999.000,9999.000,9999.000,9999.000
202606281112,   3.122,   2.309,9999.000,9999.000,9999.000,9999.000,9999.000,9999.000,9999.000
202606281118,   3.138,   2.318,9999.000,9999.000,9999.000,9999.000,9999.000,9999.000,9999.000
202606281124,   3.152,   2.318,9999.000,9999.000,9999.000,9999.000,9999.000,9999.000,9999.000
202606281130,   3.164,   2.318,9999.000,9999.000,9999.000,9999.000,9999.000,9999.000,9999.000
202606281136,   3.174,   2.318,9999.000,9999.000,9999.000,9999.000,9999.000,9999.000,9999.000
202606281142,   3.182,   2.318,9999.000,9999.000,9999.000,9999.000,9999.000,9999.000,9999.000
202606281148,   3.189,   2.309,9999.000,9999.000,9999.000,9999.000,9999.000,9999.000,9999.000
202606281154,   3.194,   2.299,9999.000,9999.000,9999.000,9999.000,9999.000,9999.000,9999.000
202606281200,   3.197,   2.289,   0.400,  -1.308,   2.289,   0.400,   2.289,   0.500,   2.389
202606281206,   3.198,   2.269,9999.000,9999.000,9999.000,9999.000,9999.000,9999.000,9999.000
202606281212,   3.197,   2.250,9999.000,9999.000,9999.000,9999.000,9999.000,9999.000,9999.000
202606281218,   3.194,   2.230,9999.000,9999.000,9999.000,9999.000,9999.000,9999.000,9999.000
202606281224,   3.189,   2.191,9999.000,9999.000,9999.000,9999.000,9999.000,9999.000,9999.000
202606281230,   3.182,   2.148,9999.000,9999.000,9999.000,9999.000,9999.000,9999.000,9999.000
202606281236,   3.173,   2.128,9999.000,9999.000,9999.000,9999.000,9999.000,9999.000,9999.000
202606281242,   3.162,   2.089,9999.000,9999.000,9999.000,9999.000,9999.000,9999.000,9999.000
202606281248,   3.148,   2.040,9999.000,9999.000,9999.000,9999.000,9999.000,9999.000,9999.000
202606281254,   3.133,   2.000,9999.000,9999.000,9999.000,9999.000,9999.000,9999.000,9999.000
202606281300,   3.115,   1.958,   0.400,  -1.557,   1.958,   0.400,   1.958,   0.500,   2.058
202606281306,   3.094,   1.908,9999.000,9999.000,9999.000,9999.000,9999.000,9999.000,9999.000
202606281312,   3.072,   1.869,9999.000,9999.000,9999.000,9999.000,9999.000,9999.000,9999.000
202606281318,   3.048,   1.820,9999.000,9999.000,9999.000,9999.000,9999.000,9999.000,9999.000
202606281324,   3.021,   1.767,9999.000,9999.000,9999.000,9999.000,9999.000,9999.000,9999.000
202606281330,   2.992,   1.718,9999.000,9999.000,9999.000,9999.000,9999.000,9999.000,9999.000
202606281336,   2.962,   1.659,9999.000,9999.000,9999.000,9999.000,9999.000,9999.000,9999.000
202606281342,   2.929,   1.610,9999.000,9999.000,9999.000,9999.000,9999.000,9999.000,9999.000
202606281348,   2.894,   1.548,9999.000,9999.000,9999.000,9999.000,9999.000,9999.000,9999.000
202606281354,   2.858,   1.498,9999.000,9999.000,9999.000,9999.000,9999.000,9999.000,9999.000
202606281400,   2.819,   1.449,   0.400,  -1.770,   1.449,   0.400,   1.449,   0.500,   1.549
202606281406,   2.779,   1.390,9999.000,9999.000,9999.000,9999.000,9999.000,9999.000,9999.000
202606281412,   2.737,   1.328,9999.000,9999.000,9999.000,9999.000,9999.000,9999.000,9999.000
202606281418,   2.694,   1.269,9999.000,9999.000,9999.000,9999.000,9999.000,9999.000,9999.000
202606281424,   2.649,   1.210,9999.000,9999.000,9999.000,9999.000,9999.000,9999.000,9999.000
202606281430,   2.603,   1.161,9999.000,9999.000,9999.000,9999.000,9999.000,9999.000,9999.000
202606281436,   2.556,   1.098,9999.000,9999.000,9999.000,9999.000,9999.000,9999.000,9999.000
202606281442,   2.507,   1.049,9999.000,9999.000,9999.000,9999.000,9999.000,9999.000,9999.000
202606281448,   2.457,   0.990,9999.000,9999.000,9999.000,9999.000,9999.000,9999.000,9999.000
202606281454,   2.407,   0.941,9999.000,9999.000,9999.000,9999.000,9999.000,9999.000,9999.000
202606281500,   2.355,   0.879,   0.400,  -1.876,   0.879,   0.400,   0.879,   0.500,   0.979
202606281506,   2.303,   0.819,9999.000,9999.000,9999.000,9999.000,9999.000,9999.000,9999.000
202606281512,   2.250,   0.770,9999.000,9999.000,9999.000,9999.000,9999.000,9999.000,9999.000
202606281518,   2.197,   0.718,9999.000,9999.000,9999.000,9999.000,9999.000,9999.000,9999.000
202606281524,   2.143,   0.659,9999.000,9999.000,9999.000,9999.000,9999.000,9999.000,9999.000
202606281530,   2.089,   0.610,9999.000,9999.000,9999.000,9999.000,9999.000,9999.000,9999.000
202606281536,   2.034,   0.560,9999.000,9999.000,9999.000,9999.000,9999.000,9999.000,9999.000
202606281542,   1.980,   0.508,9999.000,9999.000,9999.000,9999.000,9999.000,9999.000,9999.000
202606281548,   1.925,   0.459,9999.000,9999.000,9999.000,9999.000,9999.000,9999.000,9999.000
202606281554,   1.870,   0.409,9999.000,9999.000,9999.000,9999.000,9999.000,9999.000,9999.000
202606281600,   1.816,   0.370,   0.400,  -1.846,   0.370,   0.400,   0.370,   0.500,   0.470
202606281606,   1.761,   0.321,9999.000,9999.000,9999.000,9999.000,9999.000,9999.000,9999.000
202606281612,   1.706,   0.268,9999.000,9999.000,9999.000,9999.000,9999.000,9999.000,9999.000
202606281618,   1.652,   0.229,9999.000,9999.000,9999.000,9999.000,9999.000,9999.000,9999.000
202606281624,   1.597,   0.219,9999.000,9999.000,9999.000,9999.000,9999.000,9999.000,9999.000
202606281630,   1.542,   0.141,9999.000,9999.000,9999.000,9999.000,9999.000,9999.000,9999.000
202606281636,   1.487,   0.121,9999.000,9999.000,9999.000,9999.000,9999.000,9999.000,9999.000
202606281642,   1.433,   0.088,9999.000,9999.000,9999.000,9999.000,9999.000,9999.000,9999.000
202606281648,   1.378,   0.059,9999.000,9999.000,9999.000,9999.000,9999.000,9999.000,9999.000
202606281654,   1.323,   0.019,9999.000,9999.000,9999.000,9999.000,9999.000,9999.000,9999.000
202606281700,   1.268,   0.000,   0.400,  -1.668,   0.000,   0.400,   0.000,   0.500,   0.100
202606281706,   1.213,  -0.039,9999.000,9999.000,9999.000,9999.000,9999.000,9999.000,9999.000
202606281712,   1.158,  -0.088,9999.000,9999.000,9999.000,9999.000,9999.000,9999.000,9999.000
202606281718,   1.103,  -0.121,9999.000,9999.000,9999.000,9999.000,9999.000,9999.000,9999.000
202606281724,   1.049,  -0.150,9999.000,9999.000,9999.000,9999.000,9999.000,9999.000,9999.000
202606281730,   0.996,  -0.170,9999.000,9999.000,9999.000,9999.000,9999.000,9999.000,9999.000
202606281736,   0.944,  -0.200,9999.000,9999.000,9999.000,9999.000,9999.000,9999.000,9999.000
202606281742,   0.893,  -0.219,9999.000,9999.000,9999.000,9999.000,9999.000,9999.000,9999.000
202606281748,   0.844,  -0.239,9999.000,9999.000,9999.000,9999.000,9999.000,9999.000,9999.000
202606281754,   0.797,  -0.249,9999.000,9999.000,9999.000,9999.000,9999.000,9999.000,9999.000
202606281800,   0.753,  -0.268,   0.500,  -1.521,  -0.268,   0.400,  -0.368,   0.500,  -0.268
202606281806,   0.712,  -0.288,9999.000,9999.000,9999.000,9999.000,9999.000,9999.000,9999.000
202606281812,   0.674,  -0.308,9999.000,9999.000,9999.000,9999.000,9999.000,9999.000,9999.000
202606281818,   0.641,  -0.321,9999.000,9999.000,9999.000,9999.000,9999.000,9999.000,9999.000
202606281824,   0.612,  -0.331,9999.000,9999.000,9999.000,9999.000,9999.000,9999.000,9999.000
202606281830,   0.589,  -0.341,9999.000,9999.000,9999.000,9999.000,9999.000,9999.000,9999.000
202606281836,   0.570,  -0.350,9999.000,9999.000,9999.000,9999.000,9999.000,9999.000,9999.000
202606281842,   0.557,  -0.350,9999.000,9999.000,9999.000,9999.000,9999.000,9999.000,9999.000
202606281848,   0.550,  -0.350,9999.000,9999.000,9999.000,9999.000,9999.000,9999.000,9999.000
202606281854,   0.549,  -0.360,9999.000,9999.000,9999.000,9999.000,9999.000,9999.000,9999.000
202606281900,   0.554,  -0.360,   0.500,  -1.414,  -0.360,   0.400,  -0.460,   0.500,  -0.360
202606281906,   0.565,  -0.360,9999.000,9999.000,9999.000,9999.000,9999.000,9999.000,9999.000
202606281912,   0.581,  -0.350,9999.000,9999.000,9999.000,9999.000,9999.000,9999.000,9999.000
202606281918,   0.603,  -0.341,9999.000,9999.000,9999.000,9999.000,9999.000,9999.000,9999.000
202606281924,   0.631,  -0.298,9999.000,9999.000,9999.000,9999.000,9999.000,9999.000,9999.000
202606281930,   0.663,  -0.278,9999.000,9999.000,9999.000,9999.000,9999.000,9999.000,9999.000
202606281936,   0.700,  -0.239,9999.000,9999.000,9999.000,9999.000,9999.000,9999.000,9999.000
202606281942,   0.741,  -0.209,9999.000,9999.000,9999.000,9999.000,9999.000,9999.000,9999.000
202606281948,   0.786,  -0.170,9999.000,9999.000,9999.000,9999.000,9999.000,9999.000,9999.000
202606281954,   0.835,  -0.121,9999.000,9999.000,9999.000,9999.000,9999.000,9999.000,9999.000
202606282000,   0.886,  -0.068,   0.500,  -1.454,  -0.068,   0.400,  -0.168,   0.500,  -0.068
202606282006,   0.941,  -0.009,9999.000,9999.000,9999.000,9999.000,9999.000,9999.000,9999.000
202606282012,   0.997,   0.039,9999.000,9999.000,9999.000,9999.000,9999.000,9999.000,9999.000
202606282018,   1.055,   0.088,9999.000,9999.000,9999.000,9999.000,9999.000,9999.000,9999.000
202606282024,   1.114,   0.150,9999.000,9999.000,9999.000,9999.000,9999.000,9999.000,9999.000
202606282030,   1.175,   0.209,9999.000,9999.000,9999.000,9999.000,9999.000,9999.000,9999.000
202606282036,   1.236,   0.268,9999.000,9999.000,9999.000,9999.000,9999.000,9999.000,9999.000
202606282042,   1.297,   0.360,9999.000,9999.000,9999.000,9999.000,9999.000,9999.000,9999.000
202606282048,   1.359,   0.429,9999.000,9999.000,9999.000,9999.000,9999.000,9999.000,9999.000
202606282054,   1.420,   0.498,9999.000,9999.000,9999.000,9999.000,9999.000,9999.000,9999.000
202606282100,   1.481,   0.570,   0.500,  -1.411,   0.570,   0.400,   0.470,   0.500,   0.570
202606282106,   1.541,   0.649,9999.000,9999.000,9999.000,9999.000,9999.000,9999.000,9999.000
202606282112,   1.600,   0.718,9999.000,9999.000,9999.000,9999.000,9999.000,9999.000,9999.000
202606282118,   1.659,   0.800,9999.000,9999.000,9999.000,9999.000,9999.000,9999.000,9999.000
202606282124,   1.716,   0.869,9999.000,9999.000,9999.000,9999.000,9999.000,9999.000,9999.000
202606282130,   1.771,   0.941,9999.000,9999.000,9999.000,9999.000,9999.000,9999.000,9999.000
202606282136,   1.825,   1.020,9999.000,9999.000,9999.000,9999.000,9999.000,9999.000,9999.000
202606282142,   1.878,   1.088,9999.000,9999.000,9999.000,9999.000,9999.000,9999.000,9999.000
202606282148,   1.929,   1.161,9999.000,9999.000,9999.000,9999.000,9999.000,9999.000,9999.000
202606282154,   1.979,   1.220,9999.000,9999.000,9999.000,9999.000,9999.000,9999.000,9999.000
202606282200,   2.027,   1.289,   0.500,  -1.238,   1.289,   0.400,   1.189,   0.500,   1.289
202606282206,   2.073,   1.338,9999.000,9999.000,9999.000,9999.000,9999.000,9999.000,9999.000
202606282212,   2.118,   1.400,9999.000,9999.000,9999.000,9999.000,9999.000,9999.000,9999.000
202606282218,   2.161,   1.489,9999.000,9999.000,9999.000,9999.000,9999.000,9999.000,9999.000
202606282224,   2.202,   1.528,9999.000,9999.000,9999.000,9999.000,9999.000,9999.000,9999.000
202606282230,   2.241,   1.590,9999.000,9999.000,9999.000,9999.000,9999.000,9999.000,9999.000
202606282236,   2.279,   1.639,9999.000,9999.000,9999.000,9999.000,9999.000,9999.000,9999.000
202606282242,   2.315,   1.699,9999.000,9999.000,9999.000,9999.000,9999.000,9999.000,9999.000
202606282248,   2.350,   1.748,9999.000,9999.000,9999.000,9999.000,9999.000,9999.000,9999.000
202606282254,   2.383,   1.800,9999.000,9999.000,9999.000,9999.000,9999.000,9999.000,9999.000
202606282300,   2.414,   1.840,   0.500,  -1.074,   1.840,   0.400,   1.740,   0.500,   1.840
202606282306,   2.443,   1.879,9999.000,9999.000,9999.000,9999.000,9999.000,9999.000,9999.000
202606282312,   2.471,   1.918,9999.000,9999.000,9999.000,9999.000,9999.000,9999.000,9999.000
202606282318,   2.497,   1.938,9999.000,9999.000,9999.000,9999.000,9999.000,9999.000,9999.000
202606282324,   2.522,   1.981,9999.000,9999.000,9999.000,9999.000,9999.000,9999.000,9999.000
202606282330,   2.544,   2.000,9999.000,9999.000,9999.000,9999.000,9999.000,9999.000,9999.000
202606282336,   2.565,   2.020,9999.000,9999.000,9999.000,9999.000,9999.000,9999.000,9999.000
202606282342,   2.585,   2.030,9999.000,9999.000,9999.000,9999.000,9999.000,9999.000,9999.000
202606282348,   2.602,   2.049,9999.000,9999.000,9999.000,9999.000,9999.000,9999.000,9999.000
202606282354,   2.618,   2.069,9999.000,9999.000,9999.000,9999.000,9999.000,9999.000,9999.000
202606290000,   2.632,   2.069,   0.500,  -1.063,   2.069,   0.400,   1.969,   0.500,   2.069
202606290006,   2.644,9999.000,9999.000,9999.000,9999.000,9999.000,9999.000,9999.000,9999.000
202606290012,   2.655,9999.000,9999.000,9999.000,9999.000,9999.000,9999.000,9999.000,9999.000
202606290018,   2.663,9999.000,9999.000,9999.000,9999.000,9999.000,9999.000,9999.000,9999.000
202606290024,   2.670,9999.000,9999.000,9999.000,9999.000,9999.000,9999.000,9999.000,9999.000
202606290030,   2.675,9999.000,9999.000,9999.000,9999.000,9999.000,9999.000,9999.000,9999.000
202606290036,   2.678,9999.000,9999.000,9999.000,9999.000,9999.000,9999.000,9999.000,9999.000
202606290042,   2.678,9999.000,9999.000,9999.000,9999.000,9999.000,9999.000,9999.000,9999.000
202606290048,   2.677,9999.000,9999.000,9999.000,9999.000,9999.000,9999.000,9999.000,9999.000
202606290054,   2.674,9999.000,9999.000,9999.000,9999.000,9999.000,9999.000,9999.000,9999.000
202606290100,   2.669,9999.000,   0.500,  -1.113,   2.056,   0.400,   1.956,   0.500,   2.056
202606290106,   2.663,9999.000,9999.000,9999.000,9999.000,9999.000,9999.000,9999.000,9999.000
202606290112,   2.653,9999.000,9999.000,9999.000,9999.000,9999.000,9999.000,9999.000,9999.000
202606290118,   2.642,9999.000,9999.000,9999.000,9999.000,9999.000,9999.000,9999.000,9999.000
202606290124,   2.629,9999.000,9999.000,9999.000,9999.000,9999.000,9999.000,9999.000,9999.000
202606290130,   2.613,9999.000,9999.000,9999.000,9999.000,9999.000,9999.000,9999.000,9999.000
202606290136,   2.596,9999.000,9999.000,9999.000,9999.000,9999.000,9999.000,9999.000,9999.000
202606290142,   2.576,9999.000,9999.000,9999.000,9999.000,9999.000,9999.000,9999.000,9999.000
202606290148,   2.553,9999.000,9999.000,9999.000,9999.000,9999.000,9999.000,9999.000,9999.000
202606290154,   2.529,9999.000,9999.000,9999.000,9999.000,9999.000,9999.000,9999.000,9999.000
202606290200,   2.502,9999.000,   0.500,  -1.163,   1.839,   0.400,   1.739,   0.500,   1.839
202606290206,   2.472,9999.000,9999.000,9999.000,9999.000,9999.000,9999.000,9999.000,9999.000
202606290212,   2.441,9999.000,9999.000,9999.000,9999.000,9999.000,9999.000,9999.000,9999.000
202606290218,   2.407,9999.000,9999.000,9999.000,9999.000,9999.000,9999.000,9999.000,9999.000
202606290224,   2.371,9999.000,9999.000,9999.000,9999.000,9999.000,9999.000,9999.000,9999.000
202606290230,   2.333,9999.000,9999.000,9999.000,9999.000,9999.000,9999.000,9999.000,9999.000
202606290236,   2.293,9999.000,9999.000,9999.000,9999.000,9999.000,9999.000,9999.000,9999.000
202606290242,   2.251,9999.000,9999.000,9999.000,9999.000,9999.000,9999.000,9999.000,9999.000
202606290248,   2.208,9999.000,9999.000,9999.000,9999.000,9999.000,9999.000,9999.000,9999.000
202606290254,   2.163,9999.000,9999.000,9999.000,9999.000,9999.000,9999.000,9999.000,9999.000
202606290300,   2.116,9999.000,   0.500,  -1.213,   1.403,   0.400,   1.303,   0.500,   1.403
202606290306,   2.069,9999.000,9999.000,9999.000,9999.000,9999.000,9999.000,9999.000,9999.000
202606290312,   2.020,9999.000,9999.000,9999.000,9999.000,9999.000,9999.000,9999.000,9999.000
202606290318,   1.970,9999.000,9999.000,9999.000,9999.000,9999.000,9999.000,9999.000,9999.000
202606290324,   1.919,9999.000,9999.000,9999.000,9999.000,9999.000,9999.000,9999.000,9999.000
202606290330,   1.869,9999.000,9999.000,9999.000,9999.000,9999.000,9999.000,9999.000,9999.000
202606290336,   1.817,9999.000,9999.000,9999.000,9999.000,9999.000,9999.000,9999.000,9999.000
202606290342,   1.766,9999.000,9999.000,9999.000,9999.000,9999.000,9999.000,9999.000,9999.000
202606290348,   1.715,9999.000,9999.000,9999.000,9999.000,9999.000,9999.000,9999.000,9999.000
202606290354,   1.664,9999.000,9999.000,9999.000,9999.000,9999.000,9999.000,9999.000,9999.000
202606290400,   1.614,9999.000,   0.500,  -1.262,   0.852,   0.500,   0.852,   0.500,   0.852
202606290406,   1.564,9999.000,9999.000,9999.000,9999.000,9999.000,9999.000,9999.000,9999.000
202606290412,   1.515,9999.000,9999.000,9999.000,9999.000,9999.000,9999.000,9999.000,9999.000
202606290418,   1.467,9999.000,9999.000,9999.000,9999.000,9999.000,9999.000,9999.000,9999.000
202606290424,   1.420,9999.000,9999.000,9999.000,9999.000,9999.000,9999.000,9999.000,9999.000
202606290430,   1.375,9999.000,9999.000,9999.000,9999.000,9999.000,9999.000,9999.000,9999.000
202606290436,   1.330,9999.000,9999.000,9999.000,9999.000,9999.000,9999.000,9999.000,9999.000
202606290442,   1.287,9999.000,9999.000,9999.000,9999.000,9999.000,9999.000,9999.000,9999.000
202606290448,   1.244,9999.000,9999.000,9999.000,9999.000,9999.000,9999.000,9999.000,9999.000
202606290454,   1.204,9999.000,9999.000,9999.000,9999.000,9999.000,9999.000,9999.000,9999.000
202606290500,   1.164,9999.000,   0.500,  -1.312,   0.352,   0.500,   0.352,   0.500,   0.352
202606290506,   1.126,9999.000,9999.000,9999.000,9999.000,9999.000,9999.000,9999.000,9999.000
202606290512,   1.089,9999.000,9999.000,9999.000,9999.000,9999.000,9999.000,9999.000,9999.000
202606290518,   1.054,9999.000,9999.000,9999.000,9999.000,9999.000,9999.000,9999.000,9999.000
202606290524,   1.020,9999.000,9999.000,9999.000,9999.000,9999.000,9999.000,9999.000,9999.000
202606290530,   0.988,9999.000,9999.000,9999.000,9999.000,9999.000,9999.000,9999.000,9999.000
202606290536,   0.957,9999.000,9999.000,9999.000,9999.000,9999.000,9999.000,9999.000,9999.000
202606290542,   0.928,9999.000,9999.000,9999.000,9999.000,9999.000,9999.000,9999.000,9999.000
202606290548,   0.901,9999.000,9999.000,9999.000,9999.000,9999.000,9999.000,9999.000,9999.000
202606290554,   0.876,9999.000,9999.000,9999.000,9999.000,9999.000,9999.000,9999.000,9999.000
202606290600,   0.854,9999.000,   0.500,  -1.362,  -0.008,   0.500,  -0.008,   0.500,  -0.008
202606290606,   0.834,9999.000,9999.000,9999.000,9999.000,9999.000,9999.000,9999.000,9999.000
202606290612,   0.817,9999.000,9999.000,9999.000,9999.000,9999.000,9999.000,9999.000,9999.000
202606290618,   0.804,9999.000,9999.000,9999.000,9999.000,9999.000,9999.000,9999.000,9999.000
202606290624,   0.793,9999.000,9999.000,9999.000,9999.000,9999.000,9999.000,9999.000,9999.000
202606290630,   0.787,9999.000,9999.000,9999.000,9999.000,9999.000,9999.000,9999.000,9999.000
202606290636,   0.784,9999.000,9999.000,9999.000,9999.000,9999.000,9999.000,9999.000,9999.000
202606290642,   0.786,9999.000,9999.000,9999.000,9999.000,9999.000,9999.000,9999.000,9999.000
202606290648,   0.792,9999.000,9999.000,9999.000,9999.000,9999.000,9999.000,9999.000,9999.000
202606290654,   0.803,9999.000,9999.000,9999.000,9999.000,9999.000,9999.000,9999.000,9999.000
202606290700,   0.819,9999.000,   0.500,  -1.412,  -0.093,   0.500,  -0.093,   0.500,  -0.093
202606290706,   0.840,9999.000,9999.000,9999.000,9999.000,9999.000,9999.000,9999.000,9999.000
202606290712,   0.865,9999.000,9999.000,9999.000,9999.000,9999.000,9999.000,9999.000,9999.000
202606290718,   0.895,9999.000,9999.000,9999.000,9999.000,9999.000,9999.000,9999.000,9999.000
202606290724,   0.930,9999.000,9999.000,9999.000,9999.000,9999.000,9999.000,9999.000,9999.000
202606290730,   0.969,9999.000,9999.000,9999.000,9999.000,9999.000,9999.000,9999.000,9999.000
202606290736,   1.013,9999.000,9999.000,9999.000,9999.000,9999.000,9999.000,9999.000,9999.000
202606290742,   1.061,9999.000,9999.000,9999.000,9999.000,9999.000,9999.000,9999.000,9999.000
202606290748,   1.112,9999.000,9999.000,9999.000,9999.000,9999.000,9999.000,9999.000,9999.000
202606290754,   1.167,9999.000,9999.000,9999.000,9999.000,9999.000,9999.000,9999.000,9999.000
202606290800,   1.225,9999.000,   0.500,  -1.462,   0.263,   0.500,   0.263,   0.500,   0.263
202606290806,   1.286,9999.000,9999.000,9999.000,9999.000,9999.000,9999.000,9999.000,9999.000
202606290812,   1.349,9999.000,9999.000,9999.000,9999.000,9999.000,9999.000,9999.000,9999.000
202606290818,   1.414,9999.000,9999.000,9999.000,9999.000,9999.000,9999.000,9999.000,9999.000
202606290824,   1.481,9999.000,9999.000,9999.000,9999.000,9999.000,9999.000,9999.000,9999.000
202606290830,   1.549,9999.000,9999.000,9999.000,9999.000,9999.000,9999.000,9999.000,9999.000
202606290836,   1.618,9999.000,9999.000,9999.000,9999.000,9999.000,9999.000,9999.000,9999.000
202606290842,   1.687,9999.000,9999.000,9999.000,9999.000,9999.000,9999.000,9999.000,9999.000
202606290848,   1.757,9999.000,9999.000,9999.000,9999.000,9999.000,9999.000,9999.000,9999.000
202606290854,   1.826,9999.000,9999.000,9999.000,9999.000,9999.000,9999.000,9999.000,9999.000
202606290900,   1.895,9999.000,   0.500,  -1.512,   0.883,   0.500,   0.883,   0.500,   0.883
202606290906,   1.963,9999.000,9999.000,9999.000,9999.000,9999.000,9999.000,9999.000,9999.000
202606290912,   2.030,9999.000,9999.000,9999.000,9999.000,9999.000,9999.000,9999.000,9999.000
202606290918,   2.095,9999.000,9999.000,9999.000,9999.000,9999.000,9999.000,9999.000,9999.000
202606290924,   2.160,9999.000,9999.000,9999.000,9999.000,9999.000,9999.000,9999.000,9999.000
202606290930,   2.222,9999.000,9999.000,9999.000,9999.000,9999.000,9999.000,9999.000,9999.000
202606290936,   2.283,9999.000,9999.000,9999.000,9999.000,9999.000,9999.000,9999.000,9999.000
202606290942,   2.342,9999.000,9999.000,9999.000,9999.000,9999.000,9999.000,9999.000,9999.000
202606290948,   2.399,9999.000,9999.000,9999.000,9999.000,9999.000,9999.000,9999.000,9999.000
202606290954,   2.454,9999.000,9999.000,9999.000,9999.000,9999.000,9999.000,9999.000,9999.000
202606291000,   2.507,9999.000,   0.500,  -1.562,   1.445,   0.500,   1.445,   0.500,   1.445
202606291006,   2.558,9999.000,9999.000,9999.000,9999.000,9999.000,9999.000,9999.000,9999.000
202606291012,   2.606,9999.000,9999.000,9999.000,9999.000,9999.000,9999.000,9999.000,9999.000
202606291018,   2.652,9999.000,9999.000,9999.000,9999.000,9999.000,9999.000,9999.000,9999.000
202606291024,   2.697,9999.000,9999.000,9999.000,9999.000,9999.000,9999.000,9999.000,9999.000
202606291030,   2.739,9999.000,9999.000,9999.000,9999.000,9999.000,9999.000,9999.000,9999.000
202606291036,   2.778,9999.000,9999.000,9999.000,9999.000,9999.000,9999.000,9999.000,9999.000
202606291042,   2.816,9999.000,9999.000,9999.000,9999.000,9999.000,9999.000,9999.000,9999.000
202606291048,   2.852,9999.000,9999.000,9999.000,9999.000,9999.000,9999.000,9999.000,9999.000
202606291054,   2.886,9999.000,9999.000,9999.000,9999.000,9999.000,9999.000,9999.000,9999.000
202606291100,   2.917,9999.000,   0.500,  -1.612,   1.805,   0.500,   1.805,   0.600,   1.905
202606291106,   2.947,9999.000,9999.000,9999.000,9999.000,9999.000,9999.000,9999.000,9999.000
202606291112,   2.975,9999.000,9999.000,9999.000,9999.000,9999.000,9999.000,9999.000,9999.000
202606291118,   3.001,9999.000,9999.000,9999.000,9999.000,9999.000,9999.000,9999.000,9999.000
202606291124,   3.026,9999.000,9999.000,9999.000,9999.000,9999.000,9999.000,9999.000,9999.000
202606291130,   3.049,9999.000,9999.000,9999.000,9999.000,9999.000,9999.000,9999.000,9999.000
202606291136,   3.069,9999.000,9999.000,9999.000,9999.000,9999.000,9999.000,9999.000,9999.000
202606291142,   3.089,9999.000,9999.000,9999.000,9999.000,9999.000,9999.000,9999.000,9999.000
202606291148,   3.106,9999.000,9999.000,9999.000,9999.000,9999.000,9999.000,9999.000,9999.000
202606291154,   3.122,9999.000,9999.000,9999.000,9999.000,9999.000,9999.000,9999.000,9999.000
202606291200,   3.136,9999.000,   0.500,  -1.661,   1.975,   0.500,   1.975,   0.600,   2.075
202606291206,   3.149,9999.000,9999.000,9999.000,9999.000,9999.000,9999.000,9999.000,9999.000
202606291212,   3.160,9999.000,9999.000,9999.000,9999.000,9999.000,9999.000,9999.000,9999.000
202606291218,   3.169,9999.000,9999.000,9999.000,9999.000,9999.000,9999.000,9999.000,9999.000
202606291224,   3.176,9999.000,9999.000,9999.000,9999.000,9999.000,9999.000,9999.000,9999.000
202606291230,   3.182,9999.000,9999.000,9999.000,9999.000,9999.000,9999.000,9999.000,9999.000
202606291236,   3.186,9999.000,9999.000,9999.000,9999.000,9999.000,9999.000,9999.000,9999.000
202606291242,   3.188,9999.000,9999.000,9999.000,9999.000,9999.000,9999.000,9999.000,9999.000
202606291248,   3.189,9999.000,9999.000,9999.000,9999.000,9999.000,9999.000,9999.000,9999.000
202606291254,   3.187,9999.000,9999.000,9999.000,9999.000,9999.000,9999.000,9999.000,9999.000
202606291300,   3.183,9999.000,   0.500,  -1.661,   2.022,   0.500,   2.022,   0.600,   2.122
202606291306,   3.177,9999.000,9999.000,9999.000,9999.000,9999.000,9999.000,9999.000,9999.000
202606291312,   3.169,9999.000,9999.000,9999.000,9999.000,9999.000,9999.000,9999.000,9999.000
202606291318,   3.159,9999.000,9999.000,9999.000,9999.000,9999.000,9999.000,9999.000,9999.000
202606291324,   3.147,9999.000,9999.000,9999.000,9999.000,9999.000,9999.000,9999.000,9999.000
202606291330,   3.132,9999.000,9999.000,9999.000,9999.000,9999.000,9999.000,9999.000,9999.000
202606291336,   3.115,9999.000,9999.000,9999.000,9999.000,9999.000,9999.000,9999.000,9999.000
202606291342,   3.096,9999.000,9999.000,9999.000,9999.000,9999.000,9999.000,9999.000,9999.000
202606291348,   3.075,9999.000,9999.000,9999.000,9999.000,9999.000,9999.000,9999.000,9999.000
202606291354,   3.051,9999.000,9999.000,9999.000,9999.000,9999.000,9999.000,9999.000,9999.000
202606291400,   3.025,9999.000,   0.500,  -1.661,   1.864,   0.500,   1.864,   0.600,   1.964
202606291406,   2.997,9999.000,9999.000,9999.000,9999.000,9999.000,9999.000,9999.000,9999.000
202606291412,   2.966,9999.000,9999.000,9999.000,9999.000,9999.000,9999.000,9999.000,9999.000
202606291418,   2.934,9999.000,9999.000,9999.000,9999.000,9999.000,9999.000,9999.000,9999.000
202606291424,   2.899,9999.000,9999.000,9999.000,9999.000,9999.000,9999.000,9999.000,9999.000
202606291430,   2.863,9999.000,9999.000,9999.000,9999.000,9999.000,9999.000,9999.000,9999.000
202606291436,   2.824,9999.000,9999.000,9999.000,9999.000,9999.000,9999.000,9999.000,9999.000
202606291442,   2.784,9999.000,9999.000,9999.000,9999.000,9999.000,9999.000,9999.000,9999.000
202606291448,   2.742,9999.000,9999.000,9999.000,9999.000,9999.000,9999.000,9999.000,9999.000
202606291454,   2.698,9999.000,9999.000,9999.000,9999.000,9999.000,9999.000,9999.000,9999.000
202606291500,   2.653,9999.000,   0.500,  -1.661,   1.492,   0.500,   1.492,   0.600,   1.592
202606291506,   2.606,9999.000,9999.000,9999.000,9999.000,9999.000,9999.000,9999.000,9999.000
202606291512,   2.558,9999.000,9999.000,9999.000,9999.000,9999.000,9999.000,9999.000,9999.000
202606291518,   2.509,9999.000,9999.000,9999.000,9999.000,9999.000,9999.000,9999.000,9999.000
202606291524,   2.459,9999.000,9999.000,9999.000,9999.000,9999.000,9999.000,9999.000,9999.000
202606291530,   2.408,9999.000,9999.000,9999.000,9999.000,9999.000,9999.000,9999.000,9999.000
202606291536,   2.356,9999.000,9999.000,9999.000,9999.000,9999.000,9999.000,9999.000,9999.000
202606291542,   2.303,9999.000,9999.000,9999.000,9999.000,9999.000,9999.000,9999.000,9999.000
202606291548,   2.249,9999.000,9999.000,9999.000,9999.000,9999.000,9999.000,9999.000,9999.000
202606291554,   2.195,9999.000,9999.000,9999.000,9999.000,9999.000,9999.000,9999.000,9999.000
202606291600,   2.140,9999.000,   0.600,  -1.661,   1.079,   0.500,   0.979,   0.600,   1.079
202606291606,   2.085,9999.000,9999.000,9999.000,9999.000,9999.000,9999.000,9999.000,9999.000
202606291612,   2.030,9999.000,9999.000,9999.000,9999.000,9999.000,9999.000,9999.000,9999.000
202606291618,   1.974,9999.000,9999.000,9999.000,9999.000,9999.000,9999.000,9999.000,9999.000
202606291624,   1.919,9999.000,9999.000,9999.000,9999.000,9999.000,9999.000,9999.000,9999.000
202606291630,   1.863,9999.000,9999.000,9999.000,9999.000,9999.000,9999.000,9999.000,9999.000
202606291636,   1.807,9999.000,9999.000,9999.000,9999.000,9999.000,9999.000,9999.000,9999.000
202606291642,   1.751,9999.000,9999.000,9999.000,9999.000,9999.000,9999.000,9999.000,9999.000
202606291648,   1.696,9999.000,9999.000,9999.000,9999.000,9999.000,9999.000,9999.000,9999.000
202606291654,   1.640,9999.000,9999.000,9999.000,9999.000,9999.000,9999.000,9999.000,9999.000
202606291700,   1.585,9999.000,   0.600,  -1.661,   0.524,   0.500,   0.424,   0.600,   0.524
202606291706,   1.529,9999.000,9999.000,9999.000,9999.000,9999.000,9999.000,9999.000,9999.000
202606291712,   1.474,9999.000,9999.000,9999.000,9999.000,9999.000,9999.000,9999.000,9999.000
202606291718,   1.419,9999.000,9999.000,9999.000,9999.000,9999.000,9999.000,9999.000,9999.000
202606291724,   1.364,9999.000,9999.000,9999.000,9999.000,9999.000,9999.000,9999.000,9999.000
202606291730,   1.310,9999.000,9999.000,9999.000,9999.000,9999.000,9999.000,9999.000,9999.000
202606291736,   1.255,9999.000,9999.000,9999.000,9999.000,9999.000,9999.000,9999.000,9999.000
202606291742,   1.201,9999.000,9999.000,9999.000,9999.000,9999.000,9999.000,9999.000,9999.000
202606291748,   1.147,9999.000,9999.000,9999.000,9999.000,9999.000,9999.000,9999.000,9999.000
202606291754,   1.093,9999.000,9999.000,9999.000,9999.000,9999.000,9999.000,9999.000,9999.000
202606291800,   1.040,9999.000,   0.600,  -1.661,  -0.021,   0.500,  -0.121,   0.600,  -0.021
202606291806,   0.988,9999.000,9999.000,9999.000,9999.000,9999.000,9999.000,9999.000,9999.000
202606291812,   0.937,9999.000,9999.000,9999.000,9999.000,9999.000,9999.000,9999.000,9999.000
202606291818,   0.887,9999.000,9999.000,9999.000,9999.000,9999.000,9999.000,9999.000,9999.000
202606291824,   0.838,9999.000,9999.000,9999.000,9999.000,9999.000,9999.000,9999.000,9999.000
202606291830,   0.792,9999.000,9999.000,9999.000,9999.000,9999.000,9999.000,9999.000,9999.000
202606291836,   0.747,9999.000,9999.000,9999.000,9999.000,9999.000,9999.000,9999.000,9999.000
202606291842,   0.706,9999.000,9999.000,9999.000,9999.000,9999.000,9999.000,9999.000,9999.000
202606291848,   0.668,9999.000,9999.000,9999.000,9999.000,9999.000,9999.000,9999.000,9999.000
202606291854,   0.633,9999.000,9999.000,9999.000,9999.000,9999.000,9999.000,9999.000,9999.000
202606291900,   0.602,9999.000,   0.600,  -1.661,  -0.459,   0.500,  -0.559,   0.600,  -0.459
202606291906,   0.576,9999.000,9999.000,9999.000,9999.000,9999.000,9999.000,9999.000,9999.000
202606291912,   0.555,9999.000,9999.000,9999.000,9999.000,9999.000,9999.000,9999.000,9999.000
202606291918,   0.539,9999.000,9999.000,9999.000,9999.000,9999.000,9999.000,9999.000,9999.000
202606291924,   0.528,9999.000,9999.000,9999.000,9999.000,9999.000,9999.000,9999.000,9999.000
202606291930,   0.523,9999.000,9999.000,9999.000,9999.000,9999.000,9999.000,9999.000,9999.000
202606291936,   0.524,9999.000,9999.000,9999.000,9999.000,9999.000,9999.000,9999.000,9999.000
202606291942,   0.531,9999.000,9999.000,9999.000,9999.000,9999.000,9999.000,9999.000,9999.000
202606291948,   0.544,9999.000,9999.000,9999.000,9999.000,9999.000,9999.000,9999.000,9999.000
202606291954,   0.562,9999.000,9999.000,9999.000,9999.000,9999.000,9999.000,9999.000,9999.000
202606292000,   0.586,9999.000,   0.600,  -1.661,  -0.475,   0.500,  -0.575,   0.600,  -0.475
202606292006,   0.616,9999.000,9999.000,9999.000,9999.000,9999.000,9999.000,9999.000,9999.000
202606292012,   0.650,9999.000,9999.000,9999.000,9999.000,9999.000,9999.000,9999.000,9999.000
202606292018,   0.689,9999.000,9999.000,9999.000,9999.000,9999.000,9999.000,9999.000,9999.000
202606292024,   0.732,9999.000,9999.000,9999.000,9999.000,9999.000,9999.000,9999.000,9999.000
202606292030,   0.779,9999.000,9999.000,9999.000,9999.000,9999.000,9999.000,9999.000,9999.000
202606292036,   0.830,9999.000,9999.000,9999.000,9999.000,9999.000,9999.000,9999.000,9999.000
202606292042,   0.884,9999.000,9999.000,9999.000,9999.000,9999.000,9999.000,9999.000,9999.000
202606292048,   0.940,9999.000,9999.000,9999.000,9999.000,9999.000,9999.000,9999.000,9999.000
202606292054,   0.999,9999.000,9999.000,9999.000,9999.000,9999.000,9999.000,9999.000,9999.000
202606292100,   1.059,9999.000,   0.600,  -1.661,  -0.002,   0.600,  -0.002,   0.600,  -0.002
202606292106,   1.121,9999.000,9999.000,9999.000,9999.000,9999.000,9999.000,9999.000,9999.000
202606292112,   1.183,9999.000,9999.000,9999.000,9999.000,9999.000,9999.000,9999.000,9999.000
202606292118,   1.247,9999.000,9999.000,9999.000,9999.000,9999.000,9999.000,9999.000,9999.000
202606292124,   1.310,9999.000,9999.000,9999.000,9999.000,9999.000,9999.000,9999.000,9999.000
202606292130,   1.374,9999.000,9999.000,9999.000,9999.000,9999.000,9999.000,9999.000,9999.000
202606292136,   1.437,9999.000,9999.000,9999.000,9999.000,9999.000,9999.000,9999.000,9999.000
202606292142,   1.500,9999.000,9999.000,9999.000,9999.000,9999.000,9999.000,9999.000,9999.000
202606292148,   1.562,9999.000,9999.000,9999.000,9999.000,9999.000,9999.000,9999.000,9999.000
202606292154,   1.623,9999.000,9999.000,9999.000,9999.000,9999.000,9999.000,9999.000,9999.000
202606292200,   1.682,9999.000,   0.600,  -1.661,   0.621,   0.600,   0.621,   0.600,   0.621
202606292206,   1.741,9999.000,9999.000,9999.000,9999.000,9999.000,9999.000,9999.000,9999.000
202606292212,   1.797,9999.000,9999.000,9999.000,9999.000,9999.000,9999.000,9999.000,9999.000
202606292218,   1.853,9999.000,9999.000,9999.000,9999.000,9999.000,9999.000,9999.000,9999.000
202606292224,   1.906,9999.000,9999.000,9999.000,9999.000,9999.000,9999.000,9999.000,9999.000
202606292230,   1.958,9999.000,9999.000,9999.000,9999.000,9999.000,9999.000,9999.000,9999.000
202606292236,   2.008,9999.000,9999.000,9999.000,9999.000,9999.000,9999.000,9999.000,9999.000
202606292242,   2.056,9999.000,9999.000,9999.000,9999.000,9999.000,9999.000,9999.000,9999.000
202606292248,   2.102,9999.000,9999.000,9999.000,9999.000,9999.000,9999.000,9999.000,9999.000
202606292254,   2.147,9999.000,9999.000,9999.000,9999.000,9999.000,9999.000,9999.000,9999.000
202606292300,   2.189,9999.000,   0.600,  -1.661,   1.128,   0.600,   1.128,   0.600,   1.128
202606292306,   2.230,9999.000,9999.000,9999.000,9999.000,9999.000,9999.000,9999.000,9999.000
202606292312,   2.269,9999.000,9999.000,9999.000,9999.000,9999.000,9999.000,9999.000,9999.000
202606292318,   2.306,9999.000,9999.000,9999.000,9999.000,9999.000,9999.000,9999.000,9999.000
202606292324,   2.342,9999.000,9999.000,9999.000,9999.000,9999.000,9999.000,9999.000,9999.000
202606292330,   2.375,9999.000,9999.000,9999.000,9999.000,9999.000,9999.000,9999.000,9999.000
202606292336,   2.407,9999.000,9999.000,9999.000,9999.000,9999.000,9999.000,9999.000,9999.000
202606292342,   2.438,9999.000,9999.000,9999.000,9999.000,9999.000,9999.000,9999.000,9999.000
202606292348,   2.466,9999.000,9999.000,9999.000,9999.000,9999.000,9999.000,9999.000,9999.000
202606292354,   2.493,9999.000,9999.000,9999.000,9999.000,9999.000,9999.000,9999.000,9999.000
202606300000,   2.518,9999.000,   0.600,  -1.661,   1.457,   0.600,   1.457,   0.600,   1.457
202606300006,   2.542,9999.000,9999.000,9999.000,9999.000,9999.000,9999.000,9999.000,9999.000
202606300012,   2.564,9999.000,9999.000,9999.000,9999.000,9999.000,9999.000,9999.000,9999.000
202606300018,   2.584,9999.000,9999.000,9999.000,9999.000,9999.000,9999.000,9999.000,9999.000
202606300024,   2.602,9999.000,9999.000,9999.000,9999.000,9999.000,9999.000,9999.000,9999.000
202606300030,   2.619,9999.000,9999.000,9999.000,9999.000,9999.000,9999.000,9999.000,9999.000
202606300036,   2.634,9999.000,9999.000,9999.000,9999.000,9999.000,9999.000,9999.000,9999.000
202606300042,   2.648,9999.000,9999.000,9999.000,9999.000,9999.000,9999.000,9999.000,9999.000
202606300048,   2.660,9999.000,9999.000,9999.000,9999.000,9999.000,9999.000,9999.000,9999.000
202606300054,   2.670,9999.000,9999.000,9999.000,9999.000,9999.000,9999.000,9999.000,9999.000
202606300100,   2.678,9999.000,   0.600,  -1.661,   1.617,   0.600,   1.617,   0.600,   1.617
202606300106,   2.684,9999.000,9999.000,9999.000,9999.000,9999.000,9999.000,9999.000,9999.000
202606300112,   2.689,9999.000,9999.000,9999.000,9999.000,9999.000,9999.000,9999.000,9999.000
202606300118,   2.691,9999.000,9999.000,9999.000,9999.000,9999.000,9999.000,9999.000,9999.000
202606300124,   2.692,9999.000,9999.000,9999.000,9999.000,9999.000,9999.000,9999.000,9999.000
202606300130,   2.691,9999.000,9999.000,9999.000,9999.000,9999.000,9999.000,9999.000,9999.000
202606300136,   2.688,9999.000,9999.000,9999.000,9999.000,9999.000,9999.000,9999.000,9999.000
202606300142,   2.683,9999.000,9999.000,9999.000,9999.000,9999.000,9999.000,9999.000,9999.000
202606300148,   2.676,9999.000,9999.000,9999.000,9999.000,9999.000,9999.000,9999.000,9999.000
202606300154,   2.667,9999.000,9999.000,9999.000,9999.000,9999.000,9999.000,9999.000,9999.000
202606300200,   2.656,9999.000,   0.600,  -1.661,   1.595,   0.600,   1.595,   0.600,   1.595
202606300206,   2.643,9999.000,9999.000,9999.000,9999.000,9999.000,9999.000,9999.000,9999.000
202606300212,   2.628,9999.000,9999.000,9999.000,9999.000,9999.000,9999.000,9999.000,9999.000
202606300218,   2.610,9999.000,9999.000,9999.000,9999.000,9999.000,9999.000,9999.000,9999.000
202606300224,   2.590,9999.000,9999.000,9999.000,9999.000,9999.000,9999.000,9999.000,9999.000
202606300230,   2.568,9999.000,9999.000,9999.000,9999.000,9999.000,9999.000,9999.000,9999.000
202606300236,   2.544,9999.000,9999.000,9999.000,9999.000,9999.000,9999.000,9999.000,9999.000
202606300242,   2.517,9999.000,9999.000,9999.000,9999.000,9999.000,9999.000,9999.000,9999.000
202606300248,   2.489,9999.000,9999.000,9999.000,9999.000,9999.000,9999.000,9999.000,9999.000
202606300254,   2.458,9999.000,9999.000,9999.000,9999.000,9999.000,9999.000,9999.000,9999.000
202606300300,   2.424,9999.000,   0.600,  -1.661,   1.363,   0.600,   1.363,   0.700,   1.463
202606300306,   2.389,9999.000,9999.000,9999.000,9999.000,9999.000,9999.000,9999.000,9999.000
202606300312,   2.352,9999.000,9999.000,9999.000,9999.000,9999.000,9999.000,9999.000,9999.000
202606300318,   2.313,9999.000,9999.000,9999.000,9999.000,9999.000,9999.000,9999.000,9999.000
202606300324,   2.272,9999.000,9999.000,9999.000,9999.000,9999.000,9999.000,9999.000,9999.000
202606300330,   2.230,9999.000,9999.000,9999.000,9999.000,9999.000,9999.000,9999.000,9999.000
202606300336,   2.185,9999.000,9999.000,9999.000,9999.000,9999.000,9999.000,9999.000,9999.000
202606300342,   2.140,9999.000,9999.000,9999.000,9999.000,9999.000,9999.000,9999.000,9999.000
202606300348,   2.093,9999.000,9999.000,9999.000,9999.000,9999.000,9999.000,9999.000,9999.000
202606300354,   2.045,9999.000,9999.000,9999.000,9999.000,9999.000,9999.000,9999.000,9999.000
202606300400,   1.996,9999.000,   0.600,  -1.661,   0.935,   0.600,   0.935,   0.700,   1.035
202606300406,   1.947,9999.000,9999.000,9999.000,9999.000,9999.000,9999.000,9999.000,9999.000
202606300412,   1.897,9999.000,9999.000,9999.000,9999.000,9999.000,9999.000,9999.000,9999.000
202606300418,   1.846,9999.000,9999.000,9999.000,9999.000,9999.000,9999.000,9999.000,9999.000
202606300424,   1.795,9999.000,9999.000,9999.000,9999.000,9999.000,9999.000,9999.000,9999.000
202606300430,   1.744,9999.000,9999.000,9999.000,9999.000,9999.000,9999.000,9999.000,9999.000
202606300436,   1.693,9999.000,9999.000,9999.000,9999.000,9999.000,9999.000,9999.000,9999.000
202606300442,   1.642,9999.000,9999.000,9999.000,9999.000,9999.000,9999.000,9999.000,9999.000
202606300448,   1.592,9999.000,9999.000,9999.000,9999.000,9999.000,9999.000,9999.000,9999.000
202606300454,   1.542,9999.000,9999.000,9999.000,9999.000,9999.000,9999.000,9999.000,9999.000
202606300500,   1.493,9999.000,   0.700,  -1.661,   0.532,   0.600,   0.432,   0.700,   0.532
202606300506,   1.445,9999.000,9999.000,9999.000,9999.000,9999.000,9999.000,9999.000,9999.000
202606300512,   1.398,9999.000,9999.000,9999.000,9999.000,9999.000,9999.000,9999.000,9999.000
202606300518,   1.352,9999.000,9999.000,9999.000,9999.000,9999.000,9999.000,9999.000,9999.000
202606300524,   1.307,9999.000,9999.000,9999.000,9999.000,9999.000,9999.000,9999.000,9999.000
202606300530,   1.263,9999.000,9999.000,9999.000,9999.000,9999.000,9999.000,9999.000,9999.000
202606300536,   1.221,9999.000,9999.000,9999.000,9999.000,9999.000,9999.000,9999.000,9999.000
202606300542,   1.180,9999.000,9999.000,9999.000,9999.000,9999.000,9999.000,9999.000,9999.000
202606300548,   1.140,9999.000,9999.000,9999.000,9999.000,9999.000,9999.000,9999.000,9999.000
202606300554,   1.102,9999.000,9999.000,9999.000,9999.000,9999.000,9999.000,9999.000,9999.000
202606300600,   1.066,9999.000,   0.700,  -1.661,   0.105,   0.600,   0.005,   0.700,   0.105
202606300606,   1.031,9999.000,9999.000,9999.000,9999.000,9999.000,9999.000,9999.000,9999.000
202606300612,   0.998,9999.000,9999.000,9999.000,9999.000,9999.000,9999.000,9999.000,9999.000
202606300618,   0.967,9999.000,9999.000,9999.000,9999.000,9999.000,9999.000,9999.000,9999.000
202606300624,   0.938,9999.000,9999.000,9999.000,9999.000,9999.000,9999.000,9999.000,9999.000
202606300630,   0.911,9999.000,9999.000,9999.000,9999.000,9999.000,9999.000,9999.000,9999.000
202606300636,   0.887,9999.000,9999.000,9999.000,9999.000,9999.000,9999.000,9999.000,9999.000
202606300642,   0.865,9999.000,9999.000,9999.000,9999.000,9999.000,9999.000,9999.000,9999.000
202606300648,   0.846,9999.000,9999.000,9999.000,9999.000,9999.000,9999.000,9999.000,9999.000
202606300654,   0.829,9999.000,9999.000,9999.000,9999.000,9999.000,9999.000,9999.000,9999.000
202606300700,   0.817,9999.000,   0.700,  -1.661,  -0.144,   0.600,  -0.244,   0.700,  -0.144
202606300706,   0.807,9999.000,9999.000,9999.000,9999.000,9999.000,9999.000,9999.000,9999.000
202606300712,   0.801,9999.000,9999.000,9999.000,9999.000,9999.000,9999.000,9999.000,9999.000
202606300718,   0.799,9999.000,9999.000,9999.000,9999.000,9999.000,9999.000,9999.000,9999.000
202606300724,   0.802,9999.000,9999.000,9999.000,9999.000,9999.000,9999.000,9999.000,9999.000
202606300730,   0.809,9999.000,9999.000,9999.000,9999.000,9999.000,9999.000,9999.000,9999.000
202606300736,   0.820,9999.000,9999.000,9999.000,9999.000,9999.000,9999.000,9999.000,9999.000
202606300742,   0.836,9999.000,9999.000,9999.000,9999.000,9999.000,9999.000,9999.000,9999.000
202606300748,   0.857,9999.000,9999.000,9999.000,9999.000,9999.000,9999.000,9999.000,9999.000
202606300754,   0.882,9999.000,9999.000,9999.000,9999.000,9999.000,9999.000,9999.000,9999.000
202606300800,   0.912,9999.000,   0.700,  -1.661,  -0.049,   0.600,  -0.149,   0.700,  -0.049
202606300806,   0.947,9999.000,9999.000,9999.000,9999.000,9999.000,9999.000,9999.000,9999.000
202606300812,   0.986,9999.000,9999.000,9999.000,9999.000,9999.000,9999.000,9999.000,9999.000
202606300818,   1.030,9999.000,9999.000,9999.000,9999.000,9999.000,9999.000,9999.000,9999.000
202606300824,   1.077,9999.000,9999.000,9999.000,9999.000,9999.000,9999.000,9999.000,9999.000
202606300830,   1.128,9999.000,9999.000,9999.000,9999.000,9999.000,9999.000,9999.000,9999.000
202606300836,   1.183,9999.000,9999.000,9999.000,9999.000,9999.000,9999.000,9999.000,9999.000
202606300842,   1.241,9999.000,9999.000,9999.000,9999.000,9999.000,9999.000,9999.000,9999.000
202606300848,   1.302,9999.000,9999.000,9999.000,9999.000,9999.000,9999.000,9999.000,9999.000
202606300854,   1.365,9999.000,9999.000,9999.000,9999.000,9999.000,9999.000,9999.000,9999.000
202606300900,   1.430,9999.000,   0.700,  -1.661,   0.469,   0.700,   0.469,   0.700,   0.469
202606300906,   1.496,9999.000,9999.000,9999.000,9999.000,9999.000,9999.000,9999.000,9999.000
202606300912,   1.564,9999.000,9999.000,9999.000,9999.000,9999.000,9999.000,9999.000,9999.000
202606300918,   1.633,9999.000,9999.000,9999.000,9999.000,9999.000,9999.000,9999.000,9999.000
202606300924,   1.703,9999.000,9999.000,9999.000,9999.000,9999.000,9999.000,9999.000,9999.000
202606300930,   1.772,9999.000,9999.000,9999.000,9999.000,9999.000,9999.000,9999.000,9999.000
202606300936,   1.841,9999.000,9999.000,9999.000,9999.000,9999.000,9999.000,9999.000,9999.000
202606300942,   1.910,9999.000,9999.000,9999.000,9999.000,9999.000,9999.000,9999.000,9999.000
202606300948,   1.979,9999.000,9999.000,9999.000,9999.000,9999.000,9999.000,9999.000,9999.000
202606300954,   2.046,9999.000,9999.000,9999.000,9999.000,9999.000,9999.000,9999.000,9999.000
202606301000,   2.111,9999.000,   0.700,  -1.661,   1.150,   0.700,   1.150,   0.700,   1.150
202606301006,   2.176,9999.000,9999.000,9999.000,9999.000,9999.000,9999.000,9999.000,9999.000
202606301012,   2.238,9999.000,9999.000,9999.000,9999.000,9999.000,9999.000,9999.000,9999.000
202606301018,   2.299,9999.000,9999.000,9999.000,9999.000,9999.000,9999.000,9999.000,9999.000
202606301024,   2.358,9999.000,9999.000,9999.000,9999.000,9999.000,9999.000,9999.000,9999.000
202606301030,   2.415,9999.000,9999.000,9999.000,9999.000,9999.000,9999.000,9999.000,9999.000
202606301036,   2.469,9999.000,9999.000,9999.000,9999.000,9999.000,9999.000,9999.000,9999.000
202606301042,   2.522,9999.000,9999.000,9999.000,9999.000,9999.000,9999.000,9999.000,9999.000
202606301048,   2.572,9999.000,9999.000,9999.000,9999.000,9999.000,9999.000,9999.000,9999.000
202606301054,   2.620,9999.000,9999.000,9999.000,9999.000,9999.000,9999.000,9999.000,9999.000
202606301100,   2.665,9999.000,   0.700,  -1.661,   1.704,   0.700,   1.704,   0.700,   1.704
202606301106,   2.708,9999.000,9999.000,9999.000,9999.000,9999.000,9999.000,9999.000,9999.000
202606301112,   2.749,9999.000,9999.000,9999.000,9999.000,9999.000,9999.000,9999.000,9999.000
202606301118,   2.788,9999.000,9999.000,9999.000,9999.000,9999.000,9999.000,9999.000,9999.000
202606301124,   2.824,9999.000,9999.000,9999.000,9999.000,9999.000,9999.000,9999.000,9999.000
202606301130,   2.858,9999.000,9999.000,9999.000,9999.000,9999.000,9999.000,9999.000,9999.000
202606301136,   2.890,9999.000,9999.000,9999.000,9999.000,9999.000,9999.000,9999.000,9999.000
202606301142,   2.921,9999.000,9999.000,9999.000,9999.000,9999.000,9999.000,9999.000,9999.000
202606301148,   2.949,9999.000,9999.000,9999.000,9999.000,9999.000,9999.000,9999.000,9999.000
202606301154,   2.975,9999.000,9999.000,9999.000,9999.000,9999.000,9999.000,9999.000,9999.000
202606301200,   2.999,9999.000,   0.700,  -1.661,   2.038,   0.700,   2.038,   0.700,   2.038
202606301206,   3.022,9999.000,9999.000,9999.000,9999.000,9999.000,9999.000,9999.000,9999.000
202606301212,   3.042,9999.000,9999.000,9999.000,9999.000,9999.000,9999.000,9999.000,9999.000
202606301218,   3.061,9999.000,9999.000,9999.000,9999.000,9999.000,9999.000,9999.000,9999.000
202606301224,   3.079,9999.000,9999.000,9999.000,9999.000,9999.000,9999.000,9999.000,9999.000
202606301230,   3.094,9999.000,9999.000,9999.000,9999.000,9999.000,9999.000,9999.000,9999.000
202606301236,   3.108,9999.000,9999.000,9999.000,9999.000,9999.000,9999.000,9999.000,9999.000
202606301242,   3.120,9999.000,9999.000,9999.000,9999.000,9999.000,9999.000,9999.000,9999.000
202606301248,   3.131,9999.000,9999.000,9999.000,9999.000,9999.000,9999.000,9999.000,9999.000
202606301254,   3.140,9999.000,9999.000,9999.000,9999.000,9999.000,9999.000,9999.000,9999.000
202606301300,   3.147,9999.000,   0.700,  -1.661,   2.186,   0.700,   2.186,   0.700,   2.186
202606301306,   3.153,9999.000,9999.000,9999.000,9999.000,9999.000,9999.000,9999.000,9999.000
202606301312,   3.157,9999.000,9999.000,9999.000,9999.000,9999.000,9999.000,9999.000,9999.000
202606301318,   3.160,9999.000,9999.000,9999.000,9999.000,9999.000,9999.000,9999.000,9999.000
202606301324,   3.160,9999.000,9999.000,9999.000,9999.000,9999.000,9999.000,9999.000,9999.000
202606301330,   3.159,9999.000,9999.000,9999.000,9999.000,9999.000,9999.000,9999.000,9999.000
202606301336,   3.155,9999.000,9999.000,9999.000,9999.000,9999.000,9999.000,9999.000,9999.000
202606301342,   3.150,9999.000,9999.000,9999.000,9999.000,9999.000,9999.000,9999.000,9999.000
202606301348,   3.143,9999.000,9999.000,9999.000,9999.000,9999.000,9999.000,9999.000,9999.000
202606301354,   3.133,9999.000,9999.000,9999.000,9999.000,9999.000,9999.000,9999.000,9999.000
202606301400,   3.121,9999.000,   0.700,  -1.661,   2.160,   0.700,   2.160,   0.800,   2.260
202606301406,   3.108,9999.000,9999.000,9999.000,9999.000,9999.000,9999.000,9999.000,9999.000
202606301412,   3.091,9999.000,9999.000,9999.000,9999.000,9999.000,9999.000,9999.000,9999.000
202606301418,   3.073,9999.000,9999.000,9999.000,9999.000,9999.000,9999.000,9999.000,9999.000
202606301424,   3.052,9999.000,9999.000,9999.000,9999.000,9999.000,9999.000,9999.000,9999.000
202606301430,   3.029,9999.000,9999.000,9999.000,9999.000,9999.000,9999.000,9999.000,9999.000
202606301436,   3.004,9999.000,9999.000,9999.000,9999.000,9999.000,9999.000,9999.000,9999.000
202606301442,   2.976,9999.000,9999.000,9999.000,9999.000,9999.000,9999.000,9999.000,9999.000
202606301448,   2.947,9999.000,9999.000,9999.000,9999.000,9999.000,9999.000,9999.000,9999.000
202606301454,   2.915,9999.000,9999.000,9999.000,9999.000,9999.000,9999.000,9999.000,9999.000
202606301500,   2.881,9999.000,   0.700,  -1.661,   1.920,   0.700,   1.920,   0.800,   2.020
202606301506,   2.844,9999.000,9999.000,9999.000,9999.000,9999.000,9999.000,9999.000,9999.000
202606301512,   2.806,9999.000,9999.000,9999.000,9999.000,9999.000,9999.000,9999.000,9999.000
202606301518,   2.766,9999.000,9999.000,9999.000,9999.000,9999.000,9999.000,9999.000,9999.000
202606301524,   2.725,9999.000,9999.000,9999.000,9999.000,9999.000,9999.000,9999.000,9999.000
202606301530,   2.681,9999.000,9999.000,9999.000,9999.000,9999.000,9999.000,9999.000,9999.000
202606301536,   2.636,9999.000,9999.000,9999.000,9999.000,9999.000,9999.000,9999.000,9999.000
202606301542,   2.590,9999.000,9999.000,9999.000,9999.000,9999.000,9999.000,9999.000,9999.000
202606301548,   2.542,9999.000,9999.000,9999.000,9999.000,9999.000,9999.000,9999.000,9999.000
202606301554,   2.494,9999.000,9999.000,9999.000,9999.000,9999.000,9999.000,9999.000,9999.000
202606301600,   2.444,9999.000,   0.700,  -1.661,   1.483,   0.700,   1.483,   0.800,   1.583
202606301606,   2.392,9999.000,9999.000,9999.000,9999.000,9999.000,9999.000,9999.000,9999.000
202606301612,   2.340,9999.000,9999.000,9999.000,9999.000,9999.000,9999.000,9999.000,9999.000
202606301618,   2.287,9999.000,9999.000,9999.000,9999.000,9999.000,9999.000,9999.000,9999.000
202606301624,   2.234,9999.000,9999.000,9999.000,9999.000,9999.000,9999.000,9999.000,9999.000
202606301630,   2.179,9999.000,9999.000,9999.000,9999.000,9999.000,9999.000,9999.000,9999.000
202606301636,   2.124,9999.000,9999.000,9999.000,9999.000,9999.000,9999.000,9999.000,9999.000
202606301642,   2.069,9999.000,9999.000,9999.000,9999.000,9999.000,9999.000,9999.000,9999.000
202606301648,   2.013,9999.000,9999.000,9999.000,9999.000,9999.000,9999.000,9999.000,9999.000
202606301654,   1.956,9999.000,9999.000,9999.000,9999.000,9999.000,9999.000,9999.000,9999.000
202606301700,   1.900,9999.000,   0.700,  -1.661,   0.939,   0.700,   0.939,   0.800,   1.039
202606301706,   1.843,9999.000,9999.000,9999.000,9999.000,9999.000,9999.000,9999.000,9999.000
202606301712,   1.786,9999.000,9999.000,9999.000,9999.000,9999.000,9999.000,9999.000,9999.000
202606301718,   1.729,9999.000,9999.000,9999.000,9999.000,9999.000,9999.000,9999.000,9999.000
202606301724,   1.672,9999.000,9999.000,9999.000,9999.000,9999.000,9999.000,9999.000,9999.000
202606301730,   1.616,9999.000,9999.000,9999.000,9999.000,9999.000,9999.000,9999.000,9999.000
202606301736,   1.559,9999.000,9999.000,9999.000,9999.000,9999.000,9999.000,9999.000,9999.000
202606301742,   1.503,9999.000,9999.000,9999.000,9999.000,9999.000,9999.000,9999.000,9999.000
202606301748,   1.447,9999.000,9999.000,9999.000,9999.000,9999.000,9999.000,9999.000,9999.000
202606301754,   1.392,9999.000,9999.000,9999.000,9999.000,9999.000,9999.000,9999.000,9999.000
202606301800,   1.337,9999.000,   0.700,  -1.661,   0.376,   0.700,   0.376,   0.800,   0.476
202606301806,   1.283,9999.000,9999.000,9999.000,9999.000,9999.000,9999.000,9999.000,9999.000
202606301812,   1.229,9999.000,9999.000,9999.000,9999.000,9999.000,9999.000,9999.000,9999.000
202606301818,   1.176,9999.000,9999.000,9999.000,9999.000,9999.000,9999.000,9999.000,9999.000
202606301824,   1.123,9999.000,9999.000,9999.000,9999.000,9999.000,9999.000,9999.000,9999.000
202606301830,   1.072,9999.000,9999.000,9999.000,9999.000,9999.000,9999.000,9999.000,9999.000
202606301836,   1.021,9999.000,9999.000,9999.000,9999.000,9999.000,9999.000,9999.000,9999.000
202606301842,   0.971,9999.000,9999.000,9999.000,9999.000,9999.000,9999.000,9999.000,9999.000
202606301848,   0.923,9999.000,9999.000,9999.000,9999.000,9999.000,9999.000,9999.000,9999.000
202606301854,   0.876,9999.000,9999.000,9999.000,9999.000,9999.000,9999.000,9999.000,9999.000
202606301900,   0.830,9999.000,   0.700,  -1.661,  -0.131,   0.700,  -0.131,   0.800,  -0.031
202606301906,   0.787,9999.000,9999.000,9999.000,9999.000,9999.000,9999.000,9999.000,9999.000
202606301912,   0.746,9999.000,9999.000,9999.000,9999.000,9999.000,9999.000,9999.000,9999.000
202606301918,   0.707,9999.000,9999.000,9999.000,9999.000,9999.000,9999.000,9999.000,9999.000
202606301924,   0.672,9999.000,9999.000,9999.000,9999.000,9999.000,9999.000,9999.000,9999.000
202606301930,   0.639,9999.000,9999.000,9999.000,9999.000,9999.000,9999.000,9999.000,9999.000
202606301936,   0.610,9999.000,9999.000,9999.000,9999.000,9999.000,9999.000,9999.000,9999.000
202606301942,   0.586,9999.000,9999.000,9999.000,9999.000,9999.000,9999.000,9999.000,9999.000
202606301948,   0.565,9999.000,9999.000,9999.000,9999.000,9999.000,9999.000,9999.000,9999.000
202606301954,   0.549,9999.000,9999.000,9999.000,9999.000,9999.000,9999.000,9999.000,9999.000
202606302000,   0.539,9999.000,   0.700,  -1.661,  -0.422,   0.700,  -0.422,   0.800,  -0.322
202606302006,   0.533,9999.000,9999.000,9999.000,9999.000,9999.000,9999.000,9999.000,9999.000
202606302012,   0.533,9999.000,9999.000,9999.000,9999.000,9999.000,9999.000,9999.000,9999.000
202606302018,   0.538,9999.000,9999.000,9999.000,9999.000,9999.000,9999.000,9999.000,9999.000
202606302024,   0.549,9999.000,9999.000,9999.000,9999.000,9999.000,9999.000,9999.000,9999.000
202606302030,   0.565,9999.000,9999.000,9999.000,9999.000,9999.000,9999.000,9999.000,9999.000
202606302036,   0.587,9999.000,9999.000,9999.000,9999.000,9999.000,9999.000,9999.000,9999.000
202606302042,   0.614,9999.000,9999.000,9999.000,9999.000,9999.000,9999.000,9999.000,9999.000
202606302048,   0.646,9999.000,9999.000,9999.000,9999.000,9999.000,9999.000,9999.000,9999.000
202606302054,   0.682,9999.000,9999.000,9999.000,9999.000,9999.000,9999.000,9999.000,9999.000
202606302100,   0.724,9999.000,   0.800,  -1.661,  -0.137,   0.700,  -0.237,   0.800,  -0.137
202606302106,   0.769,9999.000,9999.000,9999.000,9999.000,9999.000,9999.000,9999.000,9999.000
202606302112,   0.818,9999.000,9999.000,9999.000,9999.000,9999.000,9999.000,9999.000,9999.000
202606302118,   0.870,9999.000,9999.000,9999.000,9999.000,9999.000,9999.000,9999.000,9999.000
202606302124,   0.926,9999.000,9999.000,9999.000,9999.000,9999.000,9999.000,9999.000,9999.000
202606302130,   0.984,9999.000,9999.000,9999.000,9999.000,9999.000,9999.000,9999.000,9999.000
202606302136,   1.044,9999.000,9999.000,9999.000,9999.000,9999.000,9999.000,9999.000,9999.000
202606302142,   1.105,9999.000,9999.000,9999.000,9999.000,9999.000,9999.000,9999.000,9999.000
202606302148,   1.168,9999.000,9999.000,9999.000,9999.000,9999.000,9999.000,9999.000,9999.000
202606302154,   1.232,9999.000,9999.000,9999.000,9999.000,9999.000,9999.000,9999.000,9999.000
202606302200,   1.297,9999.000,   0.800,  -1.661,   0.436,   0.700,   0.336,   0.800,   0.436
202606302206,   1.362,9999.000,9999.000,9999.000,9999.000,9999.000,9999.000,9999.000,9999.000
202606302212,   1.426,9999.000,9999.000,9999.000,9999.000,9999.000,9999.000,9999.000,9999.000
202606302218,   1.491,9999.000,9999.000,9999.000,9999.000,9999.000,9999.000,9999.000,9999.000
202606302224,   1.554,9999.000,9999.000,9999.000,9999.000,9999.000,9999.000,9999.000,9999.000
202606302230,   1.617,9999.000,9999.000,9999.000,9999.000,9999.000,9999.000,9999.000,9999.000
202606302236,   1.678,9999.000,9999.000,9999.000,9999.000,9999.000,9999.000,9999.000,9999.000
202606302242,   1.738,9999.000,9999.000,9999.000,9999.000,9999.000,9999.000,9999.000,9999.000
202606302248,   1.797,9999.000,9999.000,9999.000,9999.000,9999.000,9999.000,9999.000,9999.000
202606302254,   1.854,9999.000,9999.000,9999.000,9999.000,9999.000,9999.000,9999.000,9999.000
202606302300,   1.909,9999.000,   0.800,  -1.661,   1.048,   0.700,   0.948,   0.800,   1.048
202606302306,   1.963,9999.000,9999.000,9999.000,9999.000,9999.000,9999.000,9999.000,9999.000
202606302312,   2.014,9999.000,9999.000,9999.000,9999.000,9999.000,9999.000,9999.000,9999.000
202606302318,   2.064,9999.000,9999.000,9999.000,9999.000,9999.000,9999.000,9999.000,9999.000
202606302324,   2.111,9999.000,9999.000,9999.000,9999.000,9999.000,9999.000,9999.000,9999.000
202606302330,   2.157,9999.000,9999.000,9999.000,9999.000,9999.000,9999.000,9999.000,9999.000
202606302336,   2.200,9999.000,9999.000,9999.000,9999.000,9999.000,9999.000,9999.000,9999.000
202606302342,   2.241,9999.000,9999.000,9999.000,9999.000,9999.000,9999.000,9999.000,9999.000
202606302348,   2.281,9999.000,9999.000,9999.000,9999.000,9999.000,9999.000,9999.000,9999.000
202606302354,   2.318,9999.000,9999.000,9999.000,9999.000,9999.000,9999.000,9999.000,9999.000
202607010000,   2.354,9999.000,   0.800,  -1.661,   1.493,   0.700,   1.393,   0.800,   1.493
202607010006,   2.387,9999.000,9999.000,9999.000,9999.000,9999.000,9999.000,9999.000,9999.000
202607010012,   2.419,9999.000,9999.000,9999.000,9999.000,9999.000,9999.000,9999.000,9999.000
202607010018,   2.449,9999.000,9999.000,9999.000,9999.000,9999.000,9999.000,9999.000,9999.000
202607010024,   2.477,9999.000,9999.000,9999.000,9999.000,9999.000,9999.000,9999.000,9999.000
202607010030,   2.504,9999.000,9999.000,9999.000,9999.000,9999.000,9999.000,9999.000,9999.000
202607010036,   2.528,9999.000,9999.000,9999.000,9999.000,9999.000,9999.000,9999.000,9999.000
202607010042,   2.551,9999.000,9999.000,9999.000,9999.000,9999.000,9999.000,9999.000,9999.000
202607010048,   2.573,9999.000,9999.000,9999.000,9999.000,9999.000,9999.000,9999.000,9999.000
202607010054,   2.592,9999.000,9999.000,9999.000,9999.000,9999.000,9999.000,9999.000,9999.000
202607010100,   2.610,9999.000,   0.800,  -1.661,   1.749,   0.700,   1.649,   0.800,   1.749
202607010106,   2.627,9999.000,9999.000,9999.000,9999.000,9999.000,9999.000,9999.000,9999.000
202607010112,   2.642,9999.000,9999.000,9999.000,9999.000,9999.000,9999.000,9999.000,9999.000
202607010118,   2.655,9999.000,9999.000,9999.000,9999.000,9999.000,9999.000,9999.000,9999.000
202607010124,   2.667,9999.000,9999.000,9999.000,9999.000,9999.000,9999.000,9999.000,9999.000
202607010130,   2.677,9999.000,9999.000,9999.000,9999.000,9999.000,9999.000,9999.000,9999.000
202607010136,   2.685,9999.000,9999.000,9999.000,9999.000,9999.000,9999.000,9999.000,9999.000
202607010142,   2.692,9999.000,9999.000,9999.000,9999.000,9999.000,9999.000,9999.000,9999.000
202607010148,   2.696,9999.000,9999.000,9999.000,9999.000,9999.000,9999.000,9999.000,9999.000
202607010154,   2.700,9999.000,9999.000,9999.000,9999.000,9999.000,9999.000,9999.000,9999.000
202607010200,   2.701,9999.000,   0.800,  -1.661,   1.840,   0.700,   1.740,   0.800,   1.840
202607010206,   2.701,9999.000,9999.000,9999.000,9999.000,9999.000,9999.000,9999.000,9999.000
202607010212,   2.699,9999.000,9999.000,9999.000,9999.000,9999.000,9999.000,9999.000,9999.000
202607010218,   2.695,9999.000,9999.000,9999.000,9999.000,9999.000,9999.000,9999.000,9999.000
202607010224,   2.689,9999.000,9999.000,9999.000,9999.000,9999.000,9999.000,9999.000,9999.000
202607010230,   2.681,9999.000,9999.000,9999.000,9999.000,9999.000,9999.000,9999.000,9999.000
202607010236,   2.672,9999.000,9999.000,9999.000,9999.000,9999.000,9999.000,9999.000,9999.000
202607010242,   2.660,9999.000,9999.000,9999.000,9999.000,9999.000,9999.000,9999.000,9999.000
202607010248,   2.647,9999.000,9999.000,9999.000,9999.000,9999.000,9999.000,9999.000,9999.000
202607010254,   2.631,9999.000,9999.000,9999.000,9999.000,9999.000,9999.000,9999.000,9999.000
202607010300,   2.613,9999.000,   0.800,  -1.661,   1.752,   0.700,   1.652,   0.800,   1.752
202607010306,   2.593,9999.000,9999.000,9999.000,9999.000,9999.000,9999.000,9999.000,9999.000
202607010312,   2.571,9999.000,9999.000,9999.000,9999.000,9999.000,9999.000,9999.000,9999.000
202607010318,   2.547,9999.000,9999.000,9999.000,9999.000,9999.000,9999.000,9999.000,9999.000
202607010324,   2.521,9999.000,9999.000,9999.000,9999.000,9999.000,9999.000,9999.000,9999.000
202607010330,   2.493,9999.000,9999.000,9999.000,9999.000,9999.000,9999.000,9999.000,9999.000
202607010336,   2.462,9999.000,9999.000,9999.000,9999.000,9999.000,9999.000,9999.000,9999.000
202607010342,   2.430,9999.000,9999.000,9999.000,9999.000,9999.000,9999.000,9999.000,9999.000
202607010348,   2.395,9999.000,9999.000,9999.000,9999.000,9999.000,9999.000,9999.000,9999.000
202607010354,   2.359,9999.000,9999.000,9999.000,9999.000,9999.000,9999.000,9999.000,9999.000
202607010400,   2.321,9999.000,   0.800,  -1.661,   1.460,   0.700,   1.360,   0.800,   1.460
202607010406,   2.281,9999.000,9999.000,9999.000,9999.000,9999.000,9999.000,9999.000,9999.000
202607010412,   2.240,9999.000,9999.000,9999.000,9999.000,9999.000,9999.000,9999.000,9999.000
202607010418,   2.197,9999.000,9999.000,9999.000,9999.000,9999.000,9999.000,9999.000,9999.000
202607010424,   2.153,9999.000,9999.000,9999.000,9999.000,9999.000,9999.000,9999.000,9999.000
202607010430,   2.108,9999.000,9999.000,9999.000,9999.000,9999.000,9999.000,9999.000,9999.000
202607010436,   2.061,9999.000,9999.000,9999.000,9999.000,9999.000,9999.000,9999.000,9999.000
202607010442,   2.013,9999.000,9999.000,9999.000,9999.000,9999.000,9999.000,9999.000,9999.000
202607010448,   1.964,9999.000,9999.000,9999.000,9999.000,9999.000,9999.000,9999.000,9999.000
202607010454,   1.915,9999.000,9999.000,9999.000,9999.000,9999.000,9999.000,9999.000,9999.000
202607010500,   1.864,9999.000,   0.800,  -1.661,   1.003,   0.700,   0.903,   0.800,   1.003
202607010506,   1.814,9999.000,9999.000,9999.000,9999.000,9999.000,9999.000,9999.000,9999.000
202607010512,   1.763,9999.000,9999.000,9999.000,9999.000,9999.000,9999.000,9999.000,9999.000
202607010518,   1.711,9999.000,9999.000,9999.000,9999.000,9999.000,9999.000,9999.000,9999.000
202607010524,   1.660,9999.000,9999.000,9999.000,9999.000,9999.000,9999.000,9999.000,9999.000
202607010530,   1.609,9999.000,9999.000,9999.000,9999.000,9999.000,9999.000,9999.000,9999.000
202607010536,   1.558,9999.000,9999.000,9999.000,9999.000,9999.000,9999.000,9999.000,9999.000
202607010542,   1.508,9999.000,9999.000,9999.000,9999.000,9999.000,9999.000,9999.000,9999.000
202607010548,   1.458,9999.000,9999.000,9999.000,9999.000,9999.000,9999.000,9999.000,9999.000
202607010554,   1.410,9999.000,9999.000,9999.000,9999.000,9999.000,9999.000,9999.000,9999.000
202607010600,   1.362,9999.000,   0.800,  -1.661,   0.501,   0.700,   0.401,   0.800,   0.501
202607010606,   1.316,9999.000,9999.000,9999.000,9999.000,9999.000,9999.000,9999.000,9999.000
202607010612,   1.271,9999.000,9999.000,9999.000,9999.000,9999.000,9999.000,9999.000,9999.000
202607010618,   1.227,9999.000,9999.000,9999.000,9999.000,9999.000,9999.000,9999.000,9999.000
202607010624,   1.185,9999.000,9999.000,9999.000,9999.000,9999.000,9999.000,9999.000,9999.000
202607010630,   1.145,9999.000,9999.000,9999.000,9999.000,9999.000,9999.000,9999.000,9999.000
202607010636,   1.106,9999.000,9999.000,9999.000,9999.000,9999.000,9999.000,9999.000,9999.000
202607010642,   1.069,9999.000,9999.000,9999.000,9999.000,9999.000,9999.000,9999.000,9999.000
202607010648,   1.035,9999.000,9999.000,9999.000,9999.000,9999.000,9999.000,9999.000,9999.000
202607010654,   1.002,9999.000,9999.000,9999.000,9999.000,9999.000,9999.000,9999.000,9999.000
202607010700,   0.972,9999.000,   0.800,  -1.661,   0.111,   0.700,   0.011,   0.800,   0.111
202607010706,   0.943,9999.000,9999.000,9999.000,9999.000,9999.000,9999.000,9999.000,9999.000
202607010712,   0.918,9999.000,9999.000,9999.000,9999.000,9999.000,9999.000,9999.000,9999.000
202607010718,   0.895,9999.000,9999.000,9999.000,9999.000,9999.000,9999.000,9999.000,9999.000
202607010724,   0.874,9999.000,9999.000,9999.000,9999.000,9999.000,9999.000,9999.000,9999.000
202607010730,   0.857,9999.000,9999.000,9999.000,9999.000,9999.000,9999.000,9999.000,9999.000
202607010736,   0.843,9999.000,9999.000,9999.000,9999.000,9999.000,9999.000,9999.000,9999.000
202607010742,   0.831,9999.000,9999.000,9999.000,9999.000,9999.000,9999.000,9999.000,9999.000
202607010748,   0.824,9999.000,9999.000,9999.000,9999.000,9999.000,9999.000,9999.000,9999.000
202607010754,   0.820,9999.000,9999.000,9999.000,9999.000,9999.000,9999.000,9999.000,9999.000
202607010800,   0.820,9999.000,   0.800,  -1.661,  -0.041,   0.700,  -0.141,   0.800,  -0.041
202607010806,   0.823,9999.000,9999.000,9999.000,9999.000,9999.000,9999.000,9999.000,9999.000
202607010812,   0.831,9999.000,9999.000,9999.000,9999.000,9999.000,9999.000,9999.000,9999.000
202607010818,   0.844,9999.000,9999.000,9999.000,9999.000,9999.000,9999.000,9999.000,9999.000
202607010824,   0.860,9999.000,9999.000,9999.000,9999.000,9999.000,9999.000,9999.000,9999.000
202607010830,   0.882,9999.000,9999.000,9999.000,9999.000,9999.000,9999.000,9999.000,9999.000
202607010836,   0.907,9999.000,9999.000,9999.000,9999.000,9999.000,9999.000,9999.000,9999.000
202607010842,   0.937,9999.000,9999.000,9999.000,9999.000,9999.000,9999.000,9999.000,9999.000
202607010848,   0.972,9999.000,9999.000,9999.000,9999.000,9999.000,9999.000,9999.000,9999.000
202607010854,   1.010,9999.000,9999.000,9999.000,9999.000,9999.000,9999.000,9999.000,9999.000
202607010900,   1.053,9999.000,   0.800,  -1.661,   0.192,   0.700,   0.092,   0.800,   0.192
202607010906,   1.100,9999.000,9999.000,9999.000,9999.000,9999.000,9999.000,9999.000,9999.000
202607010912,   1.150,9999.000,9999.000,9999.000,9999.000,9999.000,9999.000,9999.000,9999.000
202607010918,   1.204,9999.000,9999.000,9999.000,9999.000,9999.000,9999.000,9999.000,9999.000
202607010924,   1.261,9999.000,9999.000,9999.000,9999.000,9999.000,9999.000,9999.000,9999.000
202607010930,   1.320,9999.000,9999.000,9999.000,9999.000,9999.000,9999.000,9999.000,9999.000
202607010936,   1.382,9999.000,9999.000,9999.000,9999.000,9999.000,9999.000,9999.000,9999.000
202607010942,   1.446,9999.000,9999.000,9999.000,9999.000,9999.000,9999.000,9999.000,9999.000
202607010948,   1.512,9999.000,9999.000,9999.000,9999.000,9999.000,9999.000,9999.000,9999.000
202607010954,   1.579,9999.000,9999.000,9999.000,9999.000,9999.000,9999.000,9999.000,9999.000
202607011000,   1.647,9999.000,   0.800,  -1.661,   0.786,   0.700,   0.686,   0.800,   0.786
202607011006,   1.716,9999.000,9999.000,9999.000,9999.000,9999.000,9999.000,9999.000,9999.000
202607011012,   1.785,9999.000,9999.000,9999.000,9999.000,9999.000,9999.000,9999.000,9999.000
202607011018,   1.853,9999.000,9999.000,9999.000,9999.000,9999.000,9999.000,9999.000,9999.000
202607011024,   1.922,9999.000,9999.000,9999.000,9999.000,9999.000,9999.000,9999.000,9999.000
202607011030,   1.989,9999.000,9999.000,9999.000,9999.000,9999.000,9999.000,9999.000,9999.000
202607011036,   2.056,9999.000,9999.000,9999.000,9999.000,9999.000,9999.000,9999.000,9999.000
202607011042,   2.121,9999.000,9999.000,9999.000,9999.000,9999.000,9999.000,9999.000,9999.000
202607011048,   2.185,9999.000,9999.000,9999.000,9999.000,9999.000,9999.000,9999.000,9999.000
202607011054,   2.247,9999.000,9999.000,9999.000,9999.000,9999.000,9999.000,9999.000,9999.000
202607011100,   2.308,9999.000,   0.800,  -1.661,   1.447,   0.700,   1.347,   0.800,   1.447
202607011106,   2.366,9999.000,9999.000,9999.000,9999.000,9999.000,9999.000,9999.000,9999.000
202607011112,   2.423,9999.000,9999.000,9999.000,9999.000,9999.000,9999.000,9999.000,9999.000
202607011118,   2.477,9999.000,9999.000,9999.000,9999.000,9999.000,9999.000,9999.000,9999.000
202607011124,   2.529,9999.000,9999.000,9999.000,9999.000,9999.000,9999.000,9999.000,9999.000
202607011130,   2.578,9999.000,9999.000,9999.000,9999.000,9999.000,9999.000,9999.000,9999.000
202607011136,   2.625,9999.000,9999.000,9999.000,9999.000,9999.000,9999.000,9999.000,9999.000
202607011142,   2.670,9999.000,9999.000,9999.000,9999.000,9999.000,9999.000,9999.000,9999.000
202607011148,   2.712,9999.000,9999.000,9999.000,9999.000,9999.000,9999.000,9999.000,9999.000
202607011154,   2.752,9999.000,9999.000,9999.000,9999.000,9999.000,9999.000,9999.000,9999.000
202607011200,   2.789,9999.000,   0.800,  -1.661,   1.928,   0.700,   1.828,   0.800,   1.928
202607011206,   2.825,9999.000,9999.000,9999.000,9999.000,9999.000,9999.000,9999.000,9999.000
202607011212,   2.857,9999.000,9999.000,9999.000,9999.000,9999.000,9999.000,9999.000,9999.000
202607011218,   2.888,9999.000,9999.000,9999.000,9999.000,9999.000,9999.000,9999.000,9999.000
202607011224,   2.916,9999.000,9999.000,9999.000,9999.000,9999.000,9999.000,9999.000,9999.000
202607011230,   2.943,9999.000,9999.000,9999.000,9999.000,9999.000,9999.000,9999.000,9999.000
202607011236,   2.967,9999.000,9999.000,9999.000,9999.000,9999.000,9999.000,9999.000,9999.000
202607011242,   2.989,9999.000,9999.000,9999.000,9999.000,9999.000,9999.000,9999.000,9999.000
202607011248,   3.010,9999.000,9999.000,9999.000,9999.000,9999.000,9999.000,9999.000,9999.000
202607011254,   3.028,9999.000,9999.000,9999.000,9999.000,9999.000,9999.000,9999.000,9999.000
202607011300,   3.045,9999.000,   0.800,  -1.661,   2.184,   0.700,   2.084,   0.800,   2.184
202607011306,   3.060,9999.000,9999.000,9999.000,9999.000,9999.000,9999.000,9999.000,9999.000
202607011312,   3.073,9999.000,9999.000,9999.000,9999.000,9999.000,9999.000,9999.000,9999.000
202607011318,   3.085,9999.000,9999.000,9999.000,9999.000,9999.000,9999.000,9999.000,9999.000
202607011324,   3.095,9999.000,9999.000,9999.000,9999.000,9999.000,9999.000,9999.000,9999.000
202607011330,   3.104,9999.000,9999.000,9999.000,9999.000,9999.000,9999.000,9999.000,9999.000
202607011336,   3.110,9999.000,9999.000,9999.000,9999.000,9999.000,9999.000,9999.000,9999.000
202607011342,   3.116,9999.000,9999.000,9999.000,9999.000,9999.000,9999.000,9999.000,9999.000
202607011348,   3.119,9999.000,9999.000,9999.000,9999.000,9999.000,9999.000,9999.000,9999.000
202607011354,   3.121,9999.000,9999.000,9999.000,9999.000,9999.000,9999.000,9999.000,9999.000
202607011400,   3.121,9999.000,   0.800,  -1.661,   2.260,   0.700,   2.160,   0.800,   2.260
202607011406,   3.120,9999.000,9999.000,9999.000,9999.000,9999.000,9999.000,9999.000,9999.000
202607011412,   3.116,9999.000,9999.000,9999.000,9999.000,9999.000,9999.000,9999.000,9999.000
202607011418,   3.111,9999.000,9999.000,9999.000,9999.000,9999.000,9999.000,9999.000,9999.000
202607011424,   3.104,9999.000,9999.000,9999.000,9999.000,9999.000,9999.000,9999.000,9999.000
202607011430,   3.095,9999.000,9999.000,9999.000,9999.000,9999.000,9999.000,9999.000,9999.000
202607011436,   3.083,9999.000,9999.000,9999.000,9999.000,9999.000,9999.000,9999.000,9999.000
202607011442,   3.070,9999.000,9999.000,9999.000,9999.000,9999.000,9999.000,9999.000,9999.000
202607011448,   3.054,9999.000,9999.000,9999.000,9999.000,9999.000,9999.000,9999.000,9999.000
202607011454,   3.037,9999.000,9999.000,9999.000,9999.000,9999.000,9999.000,9999.000,9999.000
202607011500,   3.017,9999.000,   0.800,  -1.661,   2.156,   0.700,   2.056,   0.800,   2.156
202607011506,   2.995,9999.000,9999.000,9999.000,9999.000,9999.000,9999.000,9999.000,9999.000
202607011512,   2.970,9999.000,9999.000,9999.000,9999.000,9999.000,9999.000,9999.000,9999.000
202607011518,   2.944,9999.000,9999.000,9999.000,9999.000,9999.000,9999.000,9999.000,9999.000
202607011524,   2.915,9999.000,9999.000,9999.000,9999.000,9999.000,9999.000,9999.000,9999.000
202607011530,   2.884,9999.000,9999.000,9999.000,9999.000,9999.000,9999.000,9999.000,9999.000
202607011536,   2.851,9999.000,9999.000,9999.000,9999.000,9999.000,9999.000,9999.000,9999.000
202607011542,   2.816,9999.000,9999.000,9999.000,9999.000,9999.000,9999.000,9999.000,9999.000
202607011548,   2.779,9999.000,9999.000,9999.000,9999.000,9999.000,9999.000,9999.000,9999.000
202607011554,   2.740,9999.000,9999.000,9999.000,9999.000,9999.000,9999.000,9999.000,9999.000
202607011600,   2.699,9999.000,   0.800,  -1.661,   1.838,   0.700,   1.738,   0.800,   1.838
202607011606,   2.657,9999.000,9999.000,9999.000,9999.000,9999.000,9999.000,9999.000,9999.000
202607011612,   2.612,9999.000,9999.000,9999.000,9999.000,9999.000,9999.000,9999.000,9999.000
202607011618,   2.567,9999.000,9999.000,9999.000,9999.000,9999.000,9999.000,9999.000,9999.000
202607011624,   2.520,9999.000,9999.000,9999.000,9999.000,9999.000,9999.000,9999.000,9999.000
202607011630,   2.471,9999.000,9999.000,9999.000,9999.000,9999.000,9999.000,9999.000,9999.000
202607011636,   2.422,9999.000,9999.000,9999.000,9999.000,9999.000,9999.000,9999.000,9999.000
202607011642,   2.371,9999.000,9999.000,9999.000,9999.000,9999.000,9999.000,9999.000,9999.000
202607011648,   2.319,9999.000,9999.000,9999.000,9999.000,9999.000,9999.000,9999.000,9999.000
202607011654,   2.266,9999.000,9999.000,9999.000,9999.000,9999.000,9999.000,9999.000,9999.000
202607011700,   2.212,9999.000,   0.800,  -1.661,   1.351,   0.700,   1.251,   0.800,   1.351
202607011706,   2.158,9999.000,9999.000,9999.000,9999.000,9999.000,9999.000,9999.000,9999.000
202607011712,   2.102,9999.000,9999.000,9999.000,9999.000,9999.000,9999.000,9999.000,9999.000
202607011718,   2.046,9999.000,9999.000,9999.000,9999.000,9999.000,9999.000,9999.000,9999.000
202607011724,   1.989,9999.000,9999.000,9999.000,9999.000,9999.000,9999.000,9999.000,9999.000
202607011730,   1.932,9999.000,9999.000,9999.000,9999.000,9999.000,9999.000,9999.000,9999.000
202607011736,   1.875,9999.000,9999.000,9999.000,9999.000,9999.000,9999.000,9999.000,9999.000
202607011742,   1.817,9999.000,9999.000,9999.000,9999.000,9999.000,9999.000,9999.000,9999.000
202607011748,   1.758,9999.000,9999.000,9999.000,9999.000,9999.000,9999.000,9999.000,9999.000
202607011754,   1.700,9999.000,9999.000,9999.000,9999.000,9999.000,9999.000,9999.000,9999.000
202607011800,   1.642,9999.000,   0.800,  -1.661,   0.781,   0.700,   0.681,   0.800,   0.781
202607011806,   1.584,9999.000,9999.000,9999.000,9999.000,9999.000,9999.000,9999.000,9999.000
202607011812,   1.527,9999.000,9999.000,9999.000,9999.000,9999.000,9999.000,9999.000,9999.000
202607011818,   1.470,9999.000,9999.000,9999.000,9999.000,9999.000,9999.000,9999.000,9999.000
202607011824,   1.413,9999.000,9999.000,9999.000,9999.000,9999.000,9999.000,9999.000,9999.000
202607011830,   1.357,9999.000,9999.000,9999.000,9999.000,9999.000,9999.000,9999.000,9999.000
202607011836,   1.302,9999.000,9999.000,9999.000,9999.000,9999.000,9999.000,9999.000,9999.000
202607011842,   1.248,9999.000,9999.000,9999.000,9999.000,9999.000,9999.000,9999.000,9999.000
202607011848,   1.195,9999.000,9999.000,9999.000,9999.000,9999.000,9999.000,9999.000,9999.000
202607011854,   1.143,9999.000,9999.000,9999.000,9999.000,9999.000,9999.000,9999.000,9999.000
202607011900,   1.093,9999.000,   0.800,  -1.661,   0.232,   0.700,   0.132,   0.800,   0.232
202607011906,   1.044,9999.000,9999.000,9999.000,9999.000,9999.000,9999.000,9999.000,9999.000
202607011912,   0.996,9999.000,9999.000,9999.000,9999.000,9999.000,9999.000,9999.000,9999.000
202607011918,   0.949,9999.000,9999.000,9999.000,9999.000,9999.000,9999.000,9999.000,9999.000
202607011924,   0.905,9999.000,9999.000,9999.000,9999.000,9999.000,9999.000,9999.000,9999.000
202607011930,   0.862,9999.000,9999.000,9999.000,9999.000,9999.000,9999.000,9999.000,9999.000
202607011936,   0.821,9999.000,9999.000,9999.000,9999.000,9999.000,9999.000,9999.000,9999.000
202607011942,   0.782,9999.000,9999.000,9999.000,9999.000,9999.000,9999.000,9999.000,9999.000
202607011948,   0.746,9999.000,9999.000,9999.000,9999.000,9999.000,9999.000,9999.000,9999.000
202607011954,   0.712,9999.000,9999.000,9999.000,9999.000,9999.000,9999.000,9999.000,9999.000
202607012000,   0.680,9999.000,   0.700,  -1.661,  -0.281,   0.700,  -0.281,   0.800,  -0.181
202607012006,   0.652,9999.000,9999.000,9999.000,9999.000,9999.000,9999.000,9999.000,9999.000
202607012012,   0.627,9999.000,9999.000,9999.000,9999.000,9999.000,9999.000,9999.000,9999.000
202607012018,   0.606,9999.000,9999.000,9999.000,9999.000,9999.000,9999.000,9999.000,9999.000
202607012024,   0.588,9999.000,9999.000,9999.000,9999.000,9999.000,9999.000,9999.000,9999.000
202607012030,   0.575,9999.000,9999.000,9999.000,9999.000,9999.000,9999.000,9999.000,9999.000
202607012036,   0.565,9999.000,9999.000,9999.000,9999.000,9999.000,9999.000,9999.000,9999.000
202607012042,   0.561,9999.000,9999.000,9999.000,9999.000,9999.000,9999.000,9999.000,9999.000
202607012048,   0.561,9999.000,9999.000,9999.000,9999.000,9999.000,9999.000,9999.000,9999.000
202607012054,   0.566,9999.000,9999.000,9999.000,9999.000,9999.000,9999.000,9999.000,9999.000
202607012100,   0.576,9999.000,   0.700,  -1.661,  -0.385,   0.700,  -0.385,   0.800,  -0.285
202607012106,   0.592,9999.000,9999.000,9999.000,9999.000,9999.000,9999.000,9999.000,9999.000
202607012112,   0.612,9999.000,9999.000,9999.000,9999.000,9999.000,9999.000,9999.000,9999.000
202607012118,   0.637,9999.000,9999.000,9999.000,9999.000,9999.000,9999.000,9999.000,9999.000
202607012124,   0.667,9999.000,9999.000,9999.000,9999.000,9999.000,9999.000,9999.000,9999.000
202607012130,   0.701,9999.000,9999.000,9999.000,9999.000,9999.000,9999.000,9999.000,9999.000
202607012136,   0.740,9999.000,9999.000,9999.000,9999.000,9999.000,9999.000,9999.000,9999.000
202607012142,   0.784,9999.000,9999.000,9999.000,9999.000,9999.000,9999.000,9999.000,9999.000
202607012148,   0.831,9999.000,9999.000,9999.000,9999.000,9999.000,9999.000,9999.000,9999.000
202607012154,   0.881,9999.000,9999.000,9999.000,9999.000,9999.000,9999.000,9999.000,9999.000
202607012200,   0.935,9999.000,   0.700,  -1.661,  -0.026,   0.700,  -0.026,   0.800,   0.074
202607012206,   0.992,9999.000,9999.000,9999.000,9999.000,9999.000,9999.000,9999.000,9999.000
202607012212,   1.051,9999.000,9999.000,9999.000,9999.000,9999.000,9999.000,9999.000,9999.000
202607012218,   1.112,9999.000,9999.000,9999.000,9999.000,9999.000,9999.000,9999.000,9999.000
202607012224,   1.175,9999.000,9999.000,9999.000,9999.000,9999.000,9999.000,9999.000,9999.000
202607012230,   1.239,9999.000,9999.000,9999.000,9999.000,9999.000,9999.000,9999.000,9999.000
202607012236,   1.304,9999.000,9999.000,9999.000,9999.000,9999.000,9999.000,9999.000,9999.000
202607012242,   1.369,9999.000,9999.000,9999.000,9999.000,9999.000,9999.000,9999.000,9999.000
202607012248,   1.435,9999.000,9999.000,9999.000,9999.000,9999.000,9999.000,9999.000,9999.000
202607012254,   1.500,9999.000,9999.000,9999.000,9999.000,9999.000,9999.000,9999.000,9999.000
202607012300,   1.565,9999.000,   0.700,  -1.661,   0.604,   0.700,   0.604,   0.800,   0.704
202607012306,   1.629,9999.000,9999.000,9999.000,9999.000,9999.000,9999.000,9999.000,9999.000
202607012312,   1.692,9999.000,9999.000,9999.000,9999.000,9999.000,9999.000,9999.000,9999.000
202607012318,   1.754,9999.000,9999.000,9999.000,9999.000,9999.000,9999.000,9999.000,9999.000
202607012324,   1.815,9999.000,9999.000,9999.000,9999.000,9999.000,9999.000,9999.000,9999.000
202607012330,   1.873,9999.000,9999.000,9999.000,9999.000,9999.000,9999.000,9999.000,9999.000
202607012336,   1.931,9999.000,9999.000,9999.000,9999.000,9999.000,9999.000,9999.000,9999.000
202607012342,   1.986,9999.000,9999.000,9999.000,9999.000,9999.000,9999.000,9999.000,9999.000
202607012348,   2.039,9999.000,9999.000,9999.000,9999.000,9999.000,9999.000,9999.000,9999.000
202607012354,   2.090,9999.000,9999.000,9999.000,9999.000,9999.000,9999.000,9999.000,9999.000
202607020000,   2.139,9999.000,   0.700,  -1.661,   1.178,   0.700,   1.178,   0.800,   1.278
202607020006,   2.185,9999.000,9999.000,9999.000,9999.000,9999.000,9999.000,9999.000,9999.000
202607020012,   2.230,9999.000,9999.000,9999.000,9999.000,9999.000,9999.000,9999.000,9999.000
202607020018,   2.272,9999.000,9999.000,9999.000,9999.000,9999.000,9999.000,9999.000,9999.000
202607020024,   2.312,9999.000,9999.000,9999.000,9999.000,9999.000,9999.000,9999.000,9999.000
202607020030,   2.350,9999.000,9999.000,9999.000,9999.000,9999.000,9999.000,9999.000,9999.000
202607020036,   2.385,9999.000,9999.000,9999.000,9999.000,9999.000,9999.000,9999.000,9999.000
202607020042,   2.419,9999.000,9999.000,9999.000,9999.000,9999.000,9999.000,9999.000,9999.000
202607020048,   2.450,9999.000,9999.000,9999.000,9999.000,9999.000,9999.000,9999.000,9999.000
202607020054,   2.479,9999.000,9999.000,9999.000,9999.000,9999.000,9999.000,9999.000,9999.000
202607020100,   2.507,9999.000,   0.700,  -1.661,   1.546,   0.700,   1.546,   0.800,   1.646
202607020106,   2.532,9999.000,9999.000,9999.000,9999.000,9999.000,9999.000,9999.000,9999.000
202607020112,   2.556,9999.000,9999.000,9999.000,9999.000,9999.000,9999.000,9999.000,9999.000
202607020118,   2.578,9999.000,9999.000,9999.000,9999.000,9999.000,9999.000,9999.000,9999.000
202607020124,   2.598,9999.000,9999.000,9999.000,9999.000,9999.000,9999.000,9999.000,9999.000
202607020130,   2.617,9999.000,9999.000,9999.000,9999.000,9999.000,9999.000,9999.000,9999.000
202607020136,   2.633,9999.000,9999.000,9999.000,9999.000,9999.000,9999.000,9999.000,9999.000
202607020142,   2.649,9999.000,9999.000,9999.000,9999.000,9999.000,9999.000,9999.000,9999.000
202607020148,   2.662,9999.000,9999.000,9999.000,9999.000,9999.000,9999.000,9999.000,9999.000
202607020154,   2.674,9999.000,9999.000,9999.000,9999.000,9999.000,9999.000,9999.000,9999.000
202607020200,   2.685,9999.000,   0.700,  -1.661,   1.724,   0.600,   1.624,   0.800,   1.824
202607020206,   2.693,9999.000,9999.000,9999.000,9999.000,9999.000,9999.000,9999.000,9999.000
202607020212,   2.701,9999.000,9999.000,9999.000,9999.000,9999.000,9999.000,9999.000,9999.000
202607020218,   2.707,9999.000,9999.000,9999.000,9999.000,9999.000,9999.000,9999.000,9999.000
202607020224,   2.711,9999.000,9999.000,9999.000,9999.000,9999.000,9999.000,9999.000,9999.000
202607020230,   2.714,9999.000,9999.000,9999.000,9999.000,9999.000,9999.000,9999.000,9999.000
202607020236,   2.715,9999.000,9999.000,9999.000,9999.000,9999.000,9999.000,9999.000,9999.000
202607020242,   2.714,9999.000,9999.000,9999.000,9999.000,9999.000,9999.000,9999.000,9999.000
202607020248,   2.712,9999.000,9999.000,9999.000,9999.000,9999.000,9999.000,9999.000,9999.000
202607020254,   2.708,9999.000,9999.000,9999.000,9999.000,9999.000,9999.000,9999.000,9999.000
202607020300,   2.703,9999.000,   0.700,  -1.661,   1.742,   0.600,   1.642,   0.800,   1.842
202607020306,   2.696,9999.000,9999.000,9999.000,9999.000,9999.000,9999.000,9999.000,9999.000
202607020312,   2.687,9999.000,9999.000,9999.000,9999.000,9999.000,9999.000,9999.000,9999.000
202607020318,   2.677,9999.000,9999.000,9999.000,9999.000,9999.000,9999.000,9999.000,9999.000
202607020324,   2.664,9999.000,9999.000,9999.000,9999.000,9999.000,9999.000,9999.000,9999.000
202607020330,   2.650,9999.000,9999.000,9999.000,9999.000,9999.000,9999.000,9999.000,9999.000
202607020336,   2.633,9999.000,9999.000,9999.000,9999.000,9999.000,9999.000,9999.000,9999.000
202607020342,   2.615,9999.000,9999.000,9999.000,9999.000,9999.000,9999.000,9999.000,9999.000
202607020348,   2.595,9999.000,9999.000,9999.000,9999.000,9999.000,9999.000,9999.000,9999.000
202607020354,   2.573,9999.000,9999.000,9999.000,9999.000,9999.000,9999.000,9999.000,9999.000
202607020400,   2.548,9999.000,   0.700,  -1.661,   1.587,   0.600,   1.487,   0.800,   1.687
202607020406,   2.522,9999.000,9999.000,9999.000,9999.000,9999.000,9999.000,9999.000,9999.000
202607020412,   2.494,9999.000,9999.000,9999.000,9999.000,9999.000,9999.000,9999.000,9999.000
202607020418,   2.463,9999.000,9999.000,9999.000,9999.000,9999.000,9999.000,9999.000,9999.000
202607020424,   2.431,9999.000,9999.000,9999.000,9999.000,9999.000,9999.000,9999.000,9999.000
202607020430,   2.397,9999.000,9999.000,9999.000,9999.000,9999.000,9999.000,9999.000,9999.000
202607020436,   2.361,9999.000,9999.000,9999.000,9999.000,9999.000,9999.000,9999.000,9999.000
202607020442,   2.324,9999.000,9999.000,9999.000,9999.000,9999.000,9999.000,9999.000,9999.000
202607020448,   2.285,9999.000,9999.000,9999.000,9999.000,9999.000,9999.000,9999.000,9999.000
202607020454,   2.244,9999.000,9999.000,9999.000,9999.000,9999.000,9999.000,9999.000,9999.000
202607020500,   2.201,9999.000,   0.700,  -1.661,   1.240,   0.600,   1.140,   0.800,   1.340
202607020506,   2.158,9999.000,9999.000,9999.000,9999.000,9999.000,9999.000,9999.000,9999.000
202607020512,   2.112,9999.000,9999.000,9999.000,9999.000,9999.000,9999.000,9999.000,9999.000
202607020518,   2.066,9999.000,9999.000,9999.000,9999.000,9999.000,9999.000,9999.000,9999.000
202607020524,   2.018,9999.000,9999.000,9999.000,9999.000,9999.000,9999.000,9999.000,9999.000
202607020530,   1.970,9999.000,9999.000,9999.000,9999.000,9999.000,9999.000,9999.000,9999.000
202607020536,   1.920,9999.000,9999.000,9999.000,9999.000,9999.000,9999.000,9999.000,9999.000
202607020542,   1.870,9999.000,9999.000,9999.000,9999.000,9999.000,9999.000,9999.000,9999.000
202607020548,   1.819,9999.000,9999.000,9999.000,9999.000,9999.000,9999.000,9999.000,9999.000
202607020554,   1.767,9999.000,9999.000,9999.000,9999.000,9999.000,9999.000,9999.000,9999.000
202607020600,   1.715,9999.000,   0.700,  -1.661,   0.754,   0.600,   0.654,   0.800,   0.854
202607020606,   1.663,9999.000,9999.000,9999.000,9999.000,9999.000,9999.000,9999.000,9999.000
202607020612,   1.611,9999.000,9999.000,9999.000,9999.000,9999.000,9999.000,9999.000,9999.000
202607020618,   1.559,9999.000,9999.000,9999.000,9999.000,9999.000,9999.000,9999.000,9999.000
202607020624,   1.508,9999.000,9999.000,9999.000,9999.000,9999.000,9999.000,9999.000,9999.000
202607020630,   1.457,9999.000,9999.000,9999.000,9999.000,9999.000,9999.000,9999.000,9999.000
202607020636,   1.407,9999.000,9999.000,9999.000,9999.000,9999.000,9999.000,9999.000,9999.000
202607020642,   1.359,9999.000,9999.000,9999.000,9999.000,9999.000,9999.000,9999.000,9999.000
202607020648,   1.311,9999.000,9999.000,9999.000,9999.000,9999.000,9999.000,9999.000,9999.000
202607020654,   1.266,9999.000,9999.000,9999.000,9999.000,9999.000,9999.000,9999.000,9999.000
202607020700,   1.222,9999.000,   0.700,  -1.661,   0.261,   0.600,   0.161,   0.700,   0.261
202607020706,   1.179,9999.000,9999.000,9999.000,9999.000,9999.000,9999.000,9999.000,9999.000
202607020712,   1.139,9999.000,9999.000,9999.000,9999.000,9999.000,9999.000,9999.000,9999.000
202607020718,   1.101,9999.000,9999.000,9999.000,9999.000,9999.000,9999.000,9999.000,9999.000
202607020724,   1.065,9999.000,9999.000,9999.000,9999.000,9999.000,9999.000,9999.000,9999.000
202607020730,   1.031,9999.000,9999.000,9999.000,9999.000,9999.000,9999.000,9999.000,9999.000
202607020736,   0.999,9999.000,9999.000,9999.000,9999.000,9999.000,9999.000,9999.000,9999.000
202607020742,   0.970,9999.000,9999.000,9999.000,9999.000,9999.000,9999.000,9999.000,9999.000
202607020748,   0.944,9999.000,9999.000,9999.000,9999.000,9999.000,9999.000,9999.000,9999.000
202607020754,   0.920,9999.000,9999.000,9999.000,9999.000,9999.000,9999.000,9999.000,9999.000
202607020800,   0.899,9999.000,   0.700,  -1.661,  -0.062,   0.600,  -0.162,   0.800,   0.038
202607020806,   0.881,9999.000,9999.000,9999.000,9999.000,9999.000,9999.000,9999.000,9999.000
202607020812,   0.866,9999.000,9999.000,9999.000,9999.000,9999.000,9999.000,9999.000,9999.000
202607020818,   0.853,9999.000,9999.000,9999.000,9999.000,9999.000,9999.000,9999.000,9999.000
202607020824,   0.844,9999.000,9999.000,9999.000,9999.000,9999.000,9999.000,9999.000,9999.000
202607020830,   0.838,9999.000,9999.000,9999.000,9999.000,9999.000,9999.000,9999.000,9999.000
202607020836,   0.836,9999.000,9999.000,9999.000,9999.000,9999.000,9999.000,9999.000,9999.000
202607020842,   0.837,9999.000,9999.000,9999.000,9999.000,9999.000,9999.000,9999.000,9999.000
202607020848,   0.843,9999.000,9999.000,9999.000,9999.000,9999.000,9999.000,9999.000,9999.000
202607020854,   0.851,9999.000,9999.000,9999.000,9999.000,9999.000,9999.000,9999.000,9999.000
202607020900,   0.864,9999.000,   0.700,  -1.661,  -0.097,   0.600,  -0.197,   0.800,   0.003
202607020906,   0.881,9999.000,9999.000,9999.000,9999.000,9999.000,9999.000,9999.000,9999.000
202607020912,   0.903,9999.000,9999.000,9999.000,9999.000,9999.000,9999.000,9999.000,9999.000
202607020918,   0.928,9999.000,9999.000,9999.000,9999.000,9999.000,9999.000,9999.000,9999.000
202607020924,   0.957,9999.000,9999.000,9999.000,9999.000,9999.000,9999.000,9999.000,9999.000
202607020930,   0.991,9999.000,9999.000,9999.000,9999.000,9999.000,9999.000,9999.000,9999.000
202607020936,   1.029,9999.000,9999.000,9999.000,9999.000,9999.000,9999.000,9999.000,9999.000
202607020942,   1.070,9999.000,9999.000,9999.000,9999.000,9999.000,9999.000,9999.000,9999.000
202607020948,   1.115,9999.000,9999.000,9999.000,9999.000,9999.000,9999.000,9999.000,9999.000
202607020954,   1.164,9999.000,9999.000,9999.000,9999.000,9999.000,9999.000,9999.000,9999.000
202607021000,   1.217,9999.000,   0.700,  -1.661,   0.256,   0.600,   0.156,   0.700,   0.256
202607021006,   1.272,9999.000,9999.000,9999.000,9999.000,9999.000,9999.000,9999.000,9999.000
202607021012,   1.330,9999.000,9999.000,9999.000,9999.000,9999.000,9999.000,9999.000,9999.000
202607021018,   1.390,9999.000,9999.000,9999.000,9999.000,9999.000,9999.000,9999.000,9999.000
202607021024,   1.453,9999.000,9999.000,9999.000,9999.000,9999.000,9999.000,9999.000,9999.000
202607021030,   1.517,9999.000,9999.000,9999.000,9999.000,9999.000,9999.000,9999.000,9999.000
202607021036,   1.583,9999.000,9999.000,9999.000,9999.000,9999.000,9999.000,9999.000,9999.000
202607021042,   1.650,9999.000,9999.000,9999.000,9999.000,9999.000,9999.000,9999.000,9999.000
202607021048,   1.718,9999.000,9999.000,9999.000,9999.000,9999.000,9999.000,9999.000,9999.000
202607021054,   1.786,9999.000,9999.000,9999.000,9999.000,9999.000,9999.000,9999.000,9999.000
202607021100,   1.854,9999.000,   0.700,  -1.661,   0.893,   0.600,   0.793,   0.700,   0.893
202607021106,   1.922,9999.000,9999.000,9999.000,9999.000,9999.000,9999.000,9999.000,9999.000
202607021112,   1.989,9999.000,9999.000,9999.000,9999.000,9999.000,9999.000,9999.000,9999.000
202607021118,   2.055,9999.000,9999.000,9999.000,9999.000,9999.000,9999.000,9999.000,9999.000
202607021124,   2.120,9999.000,9999.000,9999.000,9999.000,9999.000,9999.000,9999.000,9999.000
202607021130,   2.184,9999.000,9999.000,9999.000,9999.000,9999.000,9999.000,9999.000,9999.000
202607021136,   2.246,9999.000,9999.000,9999.000,9999.000,9999.000,9999.000,9999.000,9999.000
202607021142,   2.307,9999.000,9999.000,9999.000,9999.000,9999.000,9999.000,9999.000,9999.000
202607021148,   2.365,9999.000,9999.000,9999.000,9999.000,9999.000,9999.000,9999.000,9999.000
202607021154,   2.421,9999.000,9999.000,9999.000,9999.000,9999.000,9999.000,9999.000,9999.000
202607021200,   2.475,9999.000,   0.700,  -1.661,   1.514,   0.600,   1.414,   0.700,   1.514
202607021206,   2.527,9999.000,9999.000,9999.000,9999.000,9999.000,9999.000,9999.000,9999.000
202607021212,   2.576,9999.000,9999.000,9999.000,9999.000,9999.000,9999.000,9999.000,9999.000
202607021218,   2.623,9999.000,9999.000,9999.000,9999.000,9999.000,9999.000,9999.000,9999.000
202607021224,   2.667,9999.000,9999.000,9999.000,9999.000,9999.000,9999.000,9999.000,9999.000
202607021230,   2.709,9999.000,9999.000,9999.000,9999.000,9999.000,9999.000,9999.000,9999.000
202607021236,   2.748,9999.000,9999.000,9999.000,9999.000,9999.000,9999.000,9999.000,9999.000
202607021242,   2.785,9999.000,9999.000,9999.000,9999.000,9999.000,9999.000,9999.000,9999.000
202607021248,   2.819,9999.000,9999.000,9999.000,9999.000,9999.000,9999.000,9999.000,9999.000
202607021254,   2.851,9999.000,9999.000,9999.000,9999.000,9999.000,9999.000,9999.000,9999.000
202607021300,   2.880,9999.000,   0.700,  -1.661,   1.919,   0.600,   1.819,   0.700,   1.919
202607021306,   2.908,9999.000,9999.000,9999.000,9999.000,9999.000,9999.000,9999.000,9999.000
202607021312,   2.932,9999.000,9999.000,9999.000,9999.000,9999.000,9999.000,9999.000,9999.000
202607021318,   2.955,9999.000,9999.000,9999.000,9999.000,9999.000,9999.000,9999.000,9999.000
202607021324,   2.976,9999.000,9999.000,9999.000,9999.000,9999.000,9999.000,9999.000,9999.000
202607021330,   2.994,9999.000,9999.000,9999.000,9999.000,9999.000,9999.000,9999.000,9999.000
202607021336,   3.011,9999.000,9999.000,9999.000,9999.000,9999.000,9999.000,9999.000,9999.000
202607021342,   3.026,9999.000,9999.000,9999.000,9999.000,9999.000,9999.000,9999.000,9999.000
202607021348,   3.039,9999.000,9999.000,9999.000,9999.000,9999.000,9999.000,9999.000,9999.000
202607021354,   3.050,9999.000,9999.000,9999.000,9999.000,9999.000,9999.000,9999.000,9999.000
202607021400,   3.060,9999.000,   0.600,  -1.661,   1.999,   0.500,   1.899,   0.700,   2.099
202607021406,   3.068,9999.000,9999.000,9999.000,9999.000,9999.000,9999.000,9999.000,9999.000
202607021412,   3.074,9999.000,9999.000,9999.000,9999.000,9999.000,9999.000,9999.000,9999.000
202607021418,   3.079,9999.000,9999.000,9999.000,9999.000,9999.000,9999.000,9999.000,9999.000
202607021424,   3.082,9999.000,9999.000,9999.000,9999.000,9999.000,9999.000,9999.000,9999.000
202607021430,   3.083,9999.000,9999.000,9999.000,9999.000,9999.000,9999.000,9999.000,9999.000
202607021436,   3.083,9999.000,9999.000,9999.000,9999.000,9999.000,9999.000,9999.000,9999.000
202607021442,   3.081,9999.000,9999.000,9999.000,9999.000,9999.000,9999.000,9999.000,9999.000
202607021448,   3.078,9999.000,9999.000,9999.000,9999.000,9999.000,9999.000,9999.000,9999.000
202607021454,   3.072,9999.000,9999.000,9999.000,9999.000,9999.000,9999.000,9999.000,9999.000
202607021500,   3.065,9999.000,   0.600,  -1.661,   2.004,   0.500,   1.904,   0.700,   2.104
202607021506,   3.056,9999.000,9999.000,9999.000,9999.000,9999.000,9999.000,9999.000,9999.000
202607021512,   3.045,9999.000,9999.000,9999.000,9999.000,9999.000,9999.000,9999.000,9999.000
202607021518,   3.033,9999.000,9999.000,9999.000,9999.000,9999.000,9999.000,9999.000,9999.000
202607021524,   3.018,9999.000,9999.000,9999.000,9999.000,9999.000,9999.000,9999.000,9999.000
202607021530,   3.001,9999.000,9999.000,9999.000,9999.000,9999.000,9999.000,9999.000,9999.000
202607021536,   2.982,9999.000,9999.000,9999.000,9999.000,9999.000,9999.000,9999.000,9999.000
202607021542,   2.961,9999.000,9999.000,9999.000,9999.000,9999.000,9999.000,9999.000,9999.000
202607021548,   2.938,9999.000,9999.000,9999.000,9999.000,9999.000,9999.000,9999.000,9999.000
202607021554,   2.913,9999.000,9999.000,9999.000,9999.000,9999.000,9999.000,9999.000,9999.000
202607021600,   2.885,9999.000,   0.600,  -1.661,   1.824,   0.500,   1.724,   0.700,   1.924
202607021606,   2.856,9999.000,9999.000,9999.000,9999.000,9999.000,9999.000,9999.000,9999.000
202607021612,   2.824,9999.000,9999.000,9999.000,9999.000,9999.000,9999.000,9999.000,9999.000
202607021618,   2.790,9999.000,9999.000,9999.000,9999.000,9999.000,9999.000,9999.000,9999.000
202607021624,   2.754,9999.000,9999.000,9999.000,9999.000,9999.000,9999.000,9999.000,9999.000
202607021630,   2.716,9999.000,9999.000,9999.000,9999.000,9999.000,9999.000,9999.000,9999.000
202607021636,   2.676,9999.000,9999.000,9999.000,9999.000,9999.000,9999.000,9999.000,9999.000
202607021642,   2.635,9999.000,9999.000,9999.000,9999.000,9999.000,9999.000,9999.000,9999.000
202607021648,   2.591,9999.000,9999.000,9999.000,9999.000,9999.000,9999.000,9999.000,9999.000
202607021654,   2.546,9999.000,9999.000,9999.000,9999.000,9999.000,9999.000,9999.000,9999.000
202607021700,   2.499,9999.000,   0.600,  -1.661,   1.438,   0.500,   1.338,   0.700,   1.538
202607021706,   2.451,9999.000,9999.000,9999.000,9999.000,9999.000,9999.000,9999.000,9999.000
202607021712,   2.401,9999.000,9999.000,9999.000,9999.000,9999.000,9999.000,9999.000,9999.000
202607021718,   2.350,9999.000,9999.000,9999.000,9999.000,9999.000,9999.000,9999.000,9999.000
202607021724,   2.298,9999.000,9999.000,9999.000,9999.000,9999.000,9999.000,9999.000,9999.000
202607021730,   2.245,9999.000,9999.000,9999.000,9999.000,9999.000,9999.000,9999.000,9999.000
202607021736,   2.190,9999.000,9999.000,9999.000,9999.000,9999.000,9999.000,9999.000,9999.000
202607021742,   2.135,9999.000,9999.000,9999.000,9999.000,9999.000,9999.000,9999.000,9999.000
202607021748,   2.079,9999.000,9999.000,9999.000,9999.000,9999.000,9999.000,9999.000,9999.000
202607021754,   2.022,9999.000,9999.000,9999.000,9999.000,9999.000,9999.000,9999.000,9999.000
202607021800,   1.964,9999.000,   0.600,  -1.661,   0.903,   0.500,   0.803,   0.700,   1.003
202607021806,   1.905,9999.000,9999.000,9999.000,9999.000,9999.000,9999.000,9999.000,9999.000
202607021812,   1.846,9999.000,9999.000,9999.000,9999.000,9999.000,9999.000,9999.000,9999.000
202607021818,   1.787,9999.000,9999.000,9999.000,9999.000,9999.000,9999.000,9999.000,9999.000
202607021824,   1.728,9999.000,9999.000,9999.000,9999.000,9999.000,9999.000,9999.000,9999.000
202607021830,   1.668,9999.000,9999.000,9999.000,9999.000,9999.000,9999.000,9999.000,9999.000
202607021836,   1.609,9999.000,9999.000,9999.000,9999.000,9999.000,9999.000,9999.000,9999.000
202607021842,   1.550,9999.000,9999.000,9999.000,9999.000,9999.000,9999.000,9999.000,9999.000
202607021848,   1.491,9999.000,9999.000,9999.000,9999.000,9999.000,9999.000,9999.000,9999.000
202607021854,   1.433,9999.000,9999.000,9999.000,9999.000,9999.000,9999.000,9999.000,9999.000
202607021900,   1.376,9999.000,   0.600,  -1.661,   0.315,   0.500,   0.215,   0.700,   0.415
202607021906,   1.320,9999.000,9999.000,9999.000,9999.000,9999.000,9999.000,9999.000,9999.000
202607021912,   1.265,9999.000,9999.000,9999.000,9999.000,9999.000,9999.000,9999.000,9999.000
202607021918,   1.212,9999.000,9999.000,9999.000,9999.000,9999.000,9999.000,9999.000,9999.000
202607021924,   1.159,9999.000,9999.000,9999.000,9999.000,9999.000,9999.000,9999.000,9999.000
202607021930,   1.109,9999.000,9999.000,9999.000,9999.000,9999.000,9999.000,9999.000,9999.000
202607021936,   1.060,9999.000,9999.000,9999.000,9999.000,9999.000,9999.000,9999.000,9999.000
202607021942,   1.013,9999.000,9999.000,9999.000,9999.000,9999.000,9999.000,9999.000,9999.000
202607021948,   0.967,9999.000,9999.000,9999.000,9999.000,9999.000,9999.000,9999.000,9999.000
202607021954,   0.924,9999.000,9999.000,9999.000,9999.000,9999.000,9999.000,9999.000,9999.000
202607022000,   0.883,9999.000,   0.600,  -1.661,  -0.178,   0.400,  -0.378,   0.700,  -0.078
202607022006,   0.844,9999.000,9999.000,9999.000,9999.000,9999.000,9999.000,9999.000,9999.000
202607022012,   0.807,9999.000,9999.000,9999.000,9999.000,9999.000,9999.000,9999.000,9999.000
202607022018,   0.773,9999.000,9999.000,9999.000,9999.000,9999.000,9999.000,9999.000,9999.000
202607022024,   0.741,9999.000,9999.000,9999.000,9999.000,9999.000,9999.000,9999.000,9999.000
202607022030,   0.711,9999.000,9999.000,9999.000,9999.000,9999.000,9999.000,9999.000,9999.000
202607022036,   0.684,9999.000,9999.000,9999.000,9999.000,9999.000,9999.000,9999.000,9999.000
202607022042,   0.661,9999.000,9999.000,9999.000,9999.000,9999.000,9999.000,9999.000,9999.000
202607022048,   0.640,9999.000,9999.000,9999.000,9999.000,9999.000,9999.000,9999.000,9999.000
202607022054,   0.622,9999.000,9999.000,9999.000,9999.000,9999.000,9999.000,9999.000,9999.000
202607022100,   0.608,9999.000,   0.500,  -1.661,  -0.553,   0.400,  -0.653,   0.600,  -0.453
202607022106,   0.597,9999.000,9999.000,9999.000,9999.000,9999.000,9999.000,9999.000,9999.000
202607022112,   0.591,9999.000,9999.000,9999.000,9999.000,9999.000,9999.000,9999.000,9999.000
202607022118,   0.588,9999.000,9999.000,9999.000,9999.000,9999.000,9999.000,9999.000,9999.000
202607022124,   0.589,9999.000,9999.000,9999.000,9999.000,9999.000,9999.000,9999.000,9999.000
202607022130,   0.595,9999.000,9999.000,9999.000,9999.000,9999.000,9999.000,9999.000,9999.000
202607022136,   0.606,9999.000,9999.000,9999.000,9999.000,9999.000,9999.000,9999.000,9999.000
202607022142,   0.620,9999.000,9999.000,9999.000,9999.000,9999.000,9999.000,9999.000,9999.000
202607022148,   0.640,9999.000,9999.000,9999.000,9999.000,9999.000,9999.000,9999.000,9999.000
202607022154,   0.664,9999.000,9999.000,9999.000,9999.000,9999.000,9999.000,9999.000,9999.000
202607022200,   0.692,9999.000,   0.500,  -1.661,  -0.469,   0.400,  -0.569,   0.600,  -0.369
202607022206,   0.725,9999.000,9999.000,9999.000,9999.000,9999.000,9999.000,9999.000,9999.000
202607022212,   0.763,9999.000,9999.000,9999.000,9999.000,9999.000,9999.000,9999.000,9999.000
202607022218,   0.804,9999.000,9999.000,9999.000,9999.000,9999.000,9999.000,9999.000,9999.000
202607022224,   0.849,9999.000,9999.000,9999.000,9999.000,9999.000,9999.000,9999.000,9999.000
202607022230,   0.899,9999.000,9999.000,9999.000,9999.000,9999.000,9999.000,9999.000,9999.000
202607022236,   0.951,9999.000,9999.000,9999.000,9999.000,9999.000,9999.000,9999.000,9999.000
202607022242,   1.006,9999.000,9999.000,9999.000,9999.000,9999.000,9999.000,9999.000,9999.000
202607022248,   1.064,9999.000,9999.000,9999.000,9999.000,9999.000,9999.000,9999.000,9999.000
202607022254,   1.125,9999.000,9999.000,9999.000,9999.000,9999.000,9999.000,9999.000,9999.000
202607022300,   1.187,9999.000,   0.500,  -1.661,   0.026,   0.400,  -0.074,   0.600,   0.126
202607022306,   1.251,9999.000,9999.000,9999.000,9999.000,9999.000,9999.000,9999.000,9999.000
202607022312,   1.317,9999.000,9999.000,9999.000,9999.000,9999.000,9999.000,9999.000,9999.000
202607022318,   1.383,9999.000,9999.000,9999.000,9999.000,9999.000,9999.000,9999.000,9999.000
202607022324,   1.449,9999.000,9999.000,9999.000,9999.000,9999.000,9999.000,9999.000,9999.000
202607022330,   1.516,9999.000,9999.000,9999.000,9999.000,9999.000,9999.000,9999.000,9999.000
202607022336,   1.582,9999.000,9999.000,9999.000,9999.000,9999.000,9999.000,9999.000,9999.000
202607022342,   1.648,9999.000,9999.000,9999.000,9999.000,9999.000,9999.000,9999.000,9999.000
202607022348,   1.713,9999.000,9999.000,9999.000,9999.000,9999.000,9999.000,9999.000,9999.000
202607022354,   1.777,9999.000,9999.000,9999.000,9999.000,9999.000,9999.000,9999.000,9999.000
202607030000,   1.840,9999.000,   0.500,  -1.661,   0.679,   0.400,   0.579,   0.600,   0.779
