        TIME,    TIDE,      OB,   SURGE,    BIAS,     TWL,SURGE90p,  TWL90p,SURGE10p,   TWL10p
202607281800,   3.563,9999.000,   0.400,9999.000,   3.963,   0.400,   3.963,   0.500,   4.063
202607281806,   3.734,9999.000,9999.000,9999.000,9999.000,9999.000,9999.000,9999.000,9999.000
202607281812,   3.903,9999.000,9999.000,9999.000,9999.000,9999.000,9999.000,9999.000,9999.000
202607281818,   4.070,9999.000,9999.000,9999.000,9999.000,9999.000,9999.000,9999.000,9999.000
202607281824,   4.235,9999.000,9999.000,9999.000,9999.000,9999.000,9999.000,9999.000,9999.000
202607281830,   4.396,9999.000,9999.000,9999.000,9999.000,9999.000,9999.000,9999.000,9999.000
202607281836,   4.554,9999.000,9999.000,9999.000,9999.000,9999.000,9999.000,9999.000,9999.000
202607281842,   4.709,9999.000,9999.000,9999.000,9999.000,9999.000,9999.000,9999.000,9999.000
202607281848,   4.860,9999.000,9999.000,9999.000,9999.000,9999.000,9999.000,9999.000,9999.000
202607281854,   5.007,9999.000,9999.000,9999.000,9999.000,9999.000,9999.000,9999.000,9999.000
202607281900,   5.149,   5.516,   0.400,  -0.033,   5.516,   0.400,   5.516,   0.400,   5.516
202607281906,   5.287,   5.657,9999.000,9999.000,9999.000,9999.000,9999.000,9999.000,9999.000
202607281912,   5.419,   5.789,9999.000,9999.000,9999.000,9999.000,9999.000,9999.000,9999.000
202607281918,   5.546,   5.907,9999.000,9999.000,9999.000,9999.000,9999.000,9999.000,9999.000
202607281924,   5.667,   6.028,9999.000,9999.000,9999.000,9999.000,9999.000,9999.000,9999.000
202607281930,   5.783,   6.159,9999.000,9999.000,9999.000,9999.000,9999.000,9999.000,9999.000
202607281936,   5.892,   6.287,9999.000,9999.000,9999.000,9999.000,9999.000,9999.000,9999.000
202607281942,   5.995,   6.409,9999.000,9999.000,9999.000,9999.000,9999.000,9999.000,9999.000
202607281948,   6.091,   6.497,9999.000,9999.000,9999.000,9999.000,9999.000,9999.000,9999.000
202607281954,   6.181,   6.599,9999.000,9999.000,9999.000,9999.000,9999.000,9999.000,9999.000
202607282000,   6.263,   6.668,   0.400,   0.005,   6.668,   0.400,   6.668,   0.400,   6.668
202607282006,   6.339,   6.766,9999.000,9999.000,9999.000,9999.000,9999.000,9999.000,9999.000
202607282012,   6.408,   6.838,9999.000,9999.000,9999.000,9999.000,9999.000,9999.000,9999.000
202607282018,   6.470,   6.917,9999.000,9999.000,9999.000,9999.000,9999.000,9999.000,9999.000
202607282024,   6.524,   6.979,9999.000,9999.000,9999.000,9999.000,9999.000,9999.000,9999.000
202607282030,   6.572,   7.029,9999.000,9999.000,9999.000,9999.000,9999.000,9999.000,9999.000
202607282036,   6.612,   7.048,9999.000,9999.000,9999.000,9999.000,9999.000,9999.000,9999.000
202607282042,   6.645,   7.097,9999.000,9999.000,9999.000,9999.000,9999.000,9999.000,9999.000
202607282048,   6.671,   7.137,9999.000,9999.000,9999.000,9999.000,9999.000,9999.000,9999.000
202607282054,   6.690,   7.147,9999.000,9999.000,9999.000,9999.000,9999.000,9999.000,9999.000
202607282100,   6.702,   7.147,   0.300,   0.145,   7.147,   0.300,   7.147,   0.400,   7.247
202607282106,   6.707,   7.147,9999.000,9999.000,9999.000,9999.000,9999.000,9999.000,9999.000
202607282112,   6.706,   7.156,9999.000,9999.000,9999.000,9999.000,9999.000,9999.000,9999.000
202607282118,   6.698,   7.147,9999.000,9999.000,9999.000,9999.000,9999.000,9999.000,9999.000
202607282124,   6.683,   7.117,9999.000,9999.000,9999.000,9999.000,9999.000,9999.000,9999.000
202607282130,   6.662,   7.127,9999.000,9999.000,9999.000,9999.000,9999.000,9999.000,9999.000
202607282136,   6.635,   7.107,9999.000,9999.000,9999.000,9999.000,9999.000,9999.000,9999.000
202607282142,   6.602,   7.068,9999.000,9999.000,9999.000,9999.000,9999.000,9999.000,9999.000
202607282148,   6.562,   7.029,9999.000,9999.000,9999.000,9999.000,9999.000,9999.000,9999.000
202607282154,   6.517,   6.989,9999.000,9999.000,9999.000,9999.000,9999.000,9999.000,9999.000
202607282200,   6.467,   6.927,   0.300,   0.160,   6.927,   0.300,   6.927,   0.400,   7.027
202607282206,   6.411,   6.868,9999.000,9999.000,9999.000,9999.000,9999.000,9999.000,9999.000
202607282212,   6.350,   6.799,9999.000,9999.000,9999.000,9999.000,9999.000,9999.000,9999.000
202607282218,   6.284,   6.717,9999.000,9999.000,9999.000,9999.000,9999.000,9999.000,9999.000
202607282224,   6.213,   6.628,9999.000,9999.000,9999.000,9999.000,9999.000,9999.000,9999.000
202607282230,   6.137,   6.556,9999.000,9999.000,9999.000,9999.000,9999.000,9999.000,9999.000
202607282236,   6.057,   6.477,9999.000,9999.000,9999.000,9999.000,9999.000,9999.000,9999.000
202607282242,   5.973,   6.399,9999.000,9999.000,9999.000,9999.000,9999.000,9999.000,9999.000
202607282248,   5.885,   6.307,9999.000,9999.000,9999.000,9999.000,9999.000,9999.000,9999.000
202607282254,   5.793,   6.199,9999.000,9999.000,9999.000,9999.000,9999.000,9999.000,9999.000
202607282300,   5.698,   6.107,   0.300,   0.109,   6.107,   0.300,   6.107,   0.400,   6.207
202607282306,   5.600,   5.999,9999.000,9999.000,9999.000,9999.000,9999.000,9999.000,9999.000
202607282312,   5.499,   5.897,9999.000,9999.000,9999.000,9999.000,9999.000,9999.000,9999.000
202607282318,   5.396,   5.789,9999.000,9999.000,9999.000,9999.000,9999.000,9999.000,9999.000
202607282324,   5.290,   5.687,9999.000,9999.000,9999.000,9999.000,9999.000,9999.000,9999.000
202607282330,   5.183,   5.589,9999.000,9999.000,9999.000,9999.000,9999.000,9999.000,9999.000
202607282336,   5.074,   5.477,9999.000,9999.000,9999.000,9999.000,9999.000,9999.000,9999.000
202607282342,   4.965,   5.379,9999.000,9999.000,9999.000,9999.000,9999.000,9999.000,9999.000
202607282348,   4.855,   5.277,9999.000,9999.000,9999.000,9999.000,9999.000,9999.000,9999.000
202607282354,   4.744,   5.169,9999.000,9999.000,9999.000,9999.000,9999.000,9999.000,9999.000
202607290000,   4.634,   5.047,   0.300,   0.113,   5.047,   0.300,   5.047,   0.300,   5.047
202607290006,   4.525,   4.939,9999.000,9999.000,9999.000,9999.000,9999.000,9999.000,9999.000
202607290012,   4.417,   4.837,9999.000,9999.000,9999.000,9999.000,9999.000,9999.000,9999.000
202607290018,   4.310,   4.749,9999.000,9999.000,9999.000,9999.000,9999.000,9999.000,9999.000
202607290024,   4.205,   4.657,9999.000,9999.000,9999.000,9999.000,9999.000,9999.000,9999.000
202607290030,   4.103,   4.549,9999.000,9999.000,9999.000,9999.000,9999.000,9999.000,9999.000
202607290036,   4.003,   4.447,9999.000,9999.000,9999.000,9999.000,9999.000,9999.000,9999.000
202607290042,   3.907,   4.359,9999.000,9999.000,9999.000,9999.000,9999.000,9999.000,9999.000
202607290048,   3.814,   4.257,9999.000,9999.000,9999.000,9999.000,9999.000,9999.000,9999.000
202607290054,   3.726,   4.168,9999.000,9999.000,9999.000,9999.000,9999.000,9999.000,9999.000
202607290100,   3.642,   4.090,   0.300,   0.148,   4.090,   0.300,   4.090,   0.300,   4.090
202607290106,   3.563,   4.008,9999.000,9999.000,9999.000,9999.000,9999.000,9999.000,9999.000
202607290112,   3.489,   3.919,9999.000,9999.000,9999.000,9999.000,9999.000,9999.000,9999.000
202607290118,   3.421,   3.870,9999.000,9999.000,9999.000,9999.000,9999.000,9999.000,9999.000
202607290124,   3.358,   3.788,9999.000,9999.000,9999.000,9999.000,9999.000,9999.000,9999.000
202607290130,   3.302,   3.719,9999.000,9999.000,9999.000,9999.000,9999.000,9999.000,9999.000
202607290136,   3.252,   3.670,9999.000,9999.000,9999.000,9999.000,9999.000,9999.000,9999.000
202607290142,   3.209,   3.627,9999.000,9999.000,9999.000,9999.000,9999.000,9999.000,9999.000
202607290148,   3.173,   3.617,9999.000,9999.000,9999.000,9999.000,9999.000,9999.000,9999.000
202607290154,   3.145,   3.598,9999.000,9999.000,9999.000,9999.000,9999.000,9999.000,9999.000
202607290200,   3.124,   3.578,   0.300,   0.154,   3.578,   0.200,   3.478,   0.300,   3.578
202607290206,   3.110,   3.548,9999.000,9999.000,9999.000,9999.000,9999.000,9999.000,9999.000
202607290212,   3.104,   3.529,9999.000,9999.000,9999.000,9999.000,9999.000,9999.000,9999.000
202607290218,   3.105,   3.529,9999.000,9999.000,9999.000,9999.000,9999.000,9999.000,9999.000
202607290224,   3.115,   3.539,9999.000,9999.000,9999.000,9999.000,9999.000,9999.000,9999.000
202607290230,   3.132,   3.568,9999.000,9999.000,9999.000,9999.000,9999.000,9999.000,9999.000
202607290236,   3.157,   3.578,9999.000,9999.000,9999.000,9999.000,9999.000,9999.000,9999.000
202607290242,   3.190,   3.588,9999.000,9999.000,9999.000,9999.000,9999.000,9999.000,9999.000
202607290248,   3.231,   3.627,9999.000,9999.000,9999.000,9999.000,9999.000,9999.000,9999.000
202607290254,   3.279,   3.670,9999.000,9999.000,9999.000,9999.000,9999.000,9999.000,9999.000
202607290300,   3.335,   3.729,   0.300,   0.094,   3.729,   0.300,   3.729,   0.300,   3.729
202607290306,   3.398,   3.788,9999.000,9999.000,9999.000,9999.000,9999.000,9999.000,9999.000
202607290312,   3.468,   3.890,9999.000,9999.000,9999.000,9999.000,9999.000,9999.000,9999.000
202607290318,   3.545,   3.968,9999.000,9999.000,9999.000,9999.000,9999.000,9999.000,9999.000
202607290324,   3.628,   4.047,9999.000,9999.000,9999.000,9999.000,9999.000,9999.000,9999.000
202607290330,   3.718,   4.129,9999.000,9999.000,9999.000,9999.000,9999.000,9999.000,9999.000
202607290336,   3.814,   4.227,9999.000,9999.000,9999.000,9999.000,9999.000,9999.000,9999.000
202607290342,   3.916,   4.329,9999.000,9999.000,9999.000,9999.000,9999.000,9999.000,9999.000
202607290348,   4.023,   4.427,9999.000,9999.000,9999.000,9999.000,9999.000,9999.000,9999.000
202607290354,   4.135,   4.539,9999.000,9999.000,9999.000,9999.000,9999.000,9999.000,9999.000
202607290400,   4.252,   4.667,   0.300,   0.115,   4.667,   0.300,   4.667,   0.400,   4.767
202607290406,   4.373,   4.749,9999.000,9999.000,9999.000,9999.000,9999.000,9999.000,9999.000
202607290412,   4.498,   4.857,9999.000,9999.000,9999.000,9999.000,9999.000,9999.000,9999.000
202607290418,   4.626,   4.979,9999.000,9999.000,9999.000,9999.000,9999.000,9999.000,9999.000
202607290424,   4.758,   5.110,9999.000,9999.000,9999.000,9999.000,9999.000,9999.000,9999.000
202607290430,   4.892,   5.238,9999.000,9999.000,9999.000,9999.000,9999.000,9999.000,9999.000
202607290436,   5.029,   5.359,9999.000,9999.000,9999.000,9999.000,9999.000,9999.000,9999.000
202607290442,   5.167,   5.487,9999.000,9999.000,9999.000,9999.000,9999.000,9999.000,9999.000
202607290448,   5.307,   5.628,9999.000,9999.000,9999.000,9999.000,9999.000,9999.000,9999.000
202607290454,   5.448,   5.779,9999.000,9999.000,9999.000,9999.000,9999.000,9999.000,9999.000
202607290500,   5.590,   5.907,   0.300,   0.017,   5.907,   0.300,   5.907,   0.300,   5.907
202607290506,   5.732,   6.048,9999.000,9999.000,9999.000,9999.000,9999.000,9999.000,9999.000
202607290512,   5.874,   6.209,9999.000,9999.000,9999.000,9999.000,9999.000,9999.000,9999.000
202607290518,   6.016,   6.336,9999.000,9999.000,9999.000,9999.000,9999.000,9999.000,9999.000
202607290524,   6.157,   6.477,9999.000,9999.000,9999.000,9999.000,9999.000,9999.000,9999.000
202607290530,   6.297,   6.619,9999.000,9999.000,9999.000,9999.000,9999.000,9999.000,9999.000
202607290536,   6.436,   6.756,9999.000,9999.000,9999.000,9999.000,9999.000,9999.000,9999.000
202607290542,   6.573,   6.897,9999.000,9999.000,9999.000,9999.000,9999.000,9999.000,9999.000
202607290548,   6.708,   7.038,9999.000,9999.000,9999.000,9999.000,9999.000,9999.000,9999.000
202607290554,   6.840,   7.176,9999.000,9999.000,9999.000,9999.000,9999.000,9999.000,9999.000
202607290600,   6.970,   7.317,   0.200,   0.147,   7.317,   0.200,   7.317,   0.300,   7.417
202607290606,   7.097,   7.439,9999.000,9999.000,9999.000,9999.000,9999.000,9999.000,9999.000
202607290612,   7.221,   7.576,9999.000,9999.000,9999.000,9999.000,9999.000,9999.000,9999.000
202607290618,   7.341,   7.698,9999.000,9999.000,9999.000,9999.000,9999.000,9999.000,9999.000
202607290624,   7.457,   7.829,9999.000,9999.000,9999.000,9999.000,9999.000,9999.000,9999.000
202607290630,   7.569,   7.947,9999.000,9999.000,9999.000,9999.000,9999.000,9999.000,9999.000
202607290636,   7.676,   8.068,9999.000,9999.000,9999.000,9999.000,9999.000,9999.000,9999.000
202607290642,   7.778,   8.186,9999.000,9999.000,9999.000,9999.000,9999.000,9999.000,9999.000
202607290648,   7.876,   8.288,9999.000,9999.000,9999.000,9999.000,9999.000,9999.000,9999.000
202607290654,   7.967,   8.396,9999.000,9999.000,9999.000,9999.000,9999.000,9999.000,9999.000
202607290700,   8.053,   8.488,   0.200,   0.235,   8.488,   0.200,   8.488,   0.300,   8.588
202607290706,   8.132,   8.557,9999.000,9999.000,9999.000,9999.000,9999.000,9999.000,9999.000
202607290712,   8.205,   8.636,9999.000,9999.000,9999.000,9999.000,9999.000,9999.000,9999.000
202607290718,   8.272,   8.698,9999.000,9999.000,9999.000,9999.000,9999.000,9999.000,9999.000
202607290724,   8.331,   8.767,9999.000,9999.000,9999.000,9999.000,9999.000,9999.000,9999.000
202607290730,   8.382,   8.806,9999.000,9999.000,9999.000,9999.000,9999.000,9999.000,9999.000
202607290736,   8.426,   8.859,9999.000,9999.000,9999.000,9999.000,9999.000,9999.000,9999.000
202607290742,   8.463,   8.908,9999.000,9999.000,9999.000,9999.000,9999.000,9999.000,9999.000
202607290748,   8.490,   8.937,9999.000,9999.000,9999.000,9999.000,9999.000,9999.000,9999.000
202607290754,   8.510,   8.947,9999.000,9999.000,9999.000,9999.000,9999.000,9999.000,9999.000
202607290800,   8.521,   8.957,   0.300,   0.136,   8.957,   0.200,   8.857,   0.300,   8.957
202607290806,   8.523,   8.947,9999.000,9999.000,9999.000,9999.000,9999.000,9999.000,9999.000
202607290812,   8.517,   8.918,9999.000,9999.000,9999.000,9999.000,9999.000,9999.000,9999.000
202607290818,   8.501,   8.908,9999.000,9999.000,9999.000,9999.000,9999.000,9999.000,9999.000
202607290824,   8.476,   8.869,9999.000,9999.000,9999.000,9999.000,9999.000,9999.000,9999.000
202607290830,   8.442,   8.816,9999.000,9999.000,9999.000,9999.000,9999.000,9999.000,9999.000
202607290836,   8.399,   8.757,9999.000,9999.000,9999.000,9999.000,9999.000,9999.000,9999.000
202607290842,   8.347,   8.698,9999.000,9999.000,9999.000,9999.000,9999.000,9999.000,9999.000
202607290848,   8.286,   8.606,9999.000,9999.000,9999.000,9999.000,9999.000,9999.000,9999.000
202607290854,   8.216,   8.518,9999.000,9999.000,9999.000,9999.000,9999.000,9999.000,9999.000
202607290900,   8.137,   8.416,   0.200,   0.079,   8.416,   0.200,   8.416,   0.300,   8.516
202607290906,   8.049,   8.308,9999.000,9999.000,9999.000,9999.000,9999.000,9999.000,9999.000
202607290912,   7.952,   8.216,9999.000,9999.000,9999.000,9999.000,9999.000,9999.000,9999.000
202607290918,   7.847,   8.098,9999.000,9999.000,9999.000,9999.000,9999.000,9999.000,9999.000
202607290924,   7.734,   7.967,9999.000,9999.000,9999.000,9999.000,9999.000,9999.000,9999.000
202607290930,   7.613,   7.858,9999.000,9999.000,9999.000,9999.000,9999.000,9999.000,9999.000
202607290936,   7.483,   7.737,9999.000,9999.000,9999.000,9999.000,9999.000,9999.000,9999.000
202607290942,   7.346,   7.609,9999.000,9999.000,9999.000,9999.000,9999.000,9999.000,9999.000
202607290948,   7.202,   7.488,9999.000,9999.000,9999.000,9999.000,9999.000,9999.000,9999.000
202607290954,   7.051,   7.347,9999.000,9999.000,9999.000,9999.000,9999.000,9999.000,9999.000
202607291000,   6.893,   7.209,   0.300,   0.016,   7.209,   0.200,   7.109,   0.300,   7.209
202607291006,   6.729,   7.058,9999.000,9999.000,9999.000,9999.000,9999.000,9999.000,9999.000
202607291012,   6.558,   6.917,9999.000,9999.000,9999.000,9999.000,9999.000,9999.000,9999.000
202607291018,   6.381,   6.746,9999.000,9999.000,9999.000,9999.000,9999.000,9999.000,9999.000
202607291024,   6.199,   6.579,9999.000,9999.000,9999.000,9999.000,9999.000,9999.000,9999.000
202607291030,   6.012,   6.399,9999.000,9999.000,9999.000,9999.000,9999.000,9999.000,9999.000
202607291036,   5.819,   6.218,9999.000,9999.000,9999.000,9999.000,9999.000,9999.000,9999.000
202607291042,   5.622,   6.038,9999.000,9999.000,9999.000,9999.000,9999.000,9999.000,9999.000
202607291048,   5.421,   5.848,9999.000,9999.000,9999.000,9999.000,9999.000,9999.000,9999.000
202607291054,   5.216,   5.648,9999.000,9999.000,9999.000,9999.000,9999.000,9999.000,9999.000
202607291100,   5.008,   5.448,   0.300,   0.140,   5.448,   0.200,   5.348,   0.300,   5.448
202607291106,   4.796,   5.257,9999.000,9999.000,9999.000,9999.000,9999.000,9999.000,9999.000
202607291112,   4.582,   5.047,9999.000,9999.000,9999.000,9999.000,9999.000,9999.000,9999.000
202607291118,   4.365,   4.847,9999.000,9999.000,9999.000,9999.000,9999.000,9999.000,9999.000
202607291124,   4.146,   4.657,9999.000,9999.000,9999.000,9999.000,9999.000,9999.000,9999.000
202607291130,   3.926,   4.467,9999.000,9999.000,9999.000,9999.000,9999.000,9999.000,9999.000
202607291136,   3.705,   4.267,9999.000,9999.000,9999.000,9999.000,9999.000,9999.000,9999.000
202607291142,   3.483,   4.047,9999.000,9999.000,9999.000,9999.000,9999.000,9999.000,9999.000
202607291148,   3.261,   3.860,9999.000,9999.000,9999.000,9999.000,9999.000,9999.000,9999.000
202607291154,   3.039,   3.670,9999.000,9999.000,9999.000,9999.000,9999.000,9999.000,9999.000
202607291200,   2.818,   3.480,   0.300,   0.362,   3.480,   0.300,   3.480,   0.400,   3.580
202607291206,   2.598,   3.279,9999.000,9999.000,9999.000,9999.000,9999.000,9999.000,9999.000
202607291212,   2.380,   3.070,9999.000,9999.000,9999.000,9999.000,9999.000,9999.000,9999.000
202607291218,   2.165,   2.860,9999.000,9999.000,9999.000,9999.000,9999.000,9999.000,9999.000
202607291224,   1.952,   2.650,9999.000,9999.000,9999.000,9999.000,9999.000,9999.000,9999.000
202607291230,   1.742,   2.430,9999.000,9999.000,9999.000,9999.000,9999.000,9999.000,9999.000
202607291236,   1.536,   2.220,9999.000,9999.000,9999.000,9999.000,9999.000,9999.000,9999.000
202607291242,   1.335,   2.020,9999.000,9999.000,9999.000,9999.000,9999.000,9999.000,9999.000
202607291248,   1.139,   1.820,9999.000,9999.000,9999.000,9999.000,9999.000,9999.000,9999.000
202607291254,   0.947,   1.600,9999.000,9999.000,9999.000,9999.000,9999.000,9999.000,9999.000
202607291300,   0.762,   1.390,   0.300,   0.328,   1.390,   0.300,   1.390,   0.300,   1.390
202607291306,   0.583,   1.210,9999.000,9999.000,9999.000,9999.000,9999.000,9999.000,9999.000
202607291312,   0.411,   1.039,9999.000,9999.000,9999.000,9999.000,9999.000,9999.000,9999.000
202607291318,   0.246,   0.888,9999.000,9999.000,9999.000,9999.000,9999.000,9999.000,9999.000
202607291324,   0.089,   0.718,9999.000,9999.000,9999.000,9999.000,9999.000,9999.000,9999.000
202607291330,  -0.059,   0.551,9999.000,9999.000,9999.000,9999.000,9999.000,9999.000,9999.000
202607291336,  -0.200,   0.360,9999.000,9999.000,9999.000,9999.000,9999.000,9999.000,9999.000
202607291342,  -0.331,   0.190,9999.000,9999.000,9999.000,9999.000,9999.000,9999.000,9999.000
202607291348,  -0.454,   0.019,9999.000,9999.000,9999.000,9999.000,9999.000,9999.000,9999.000
202607291354,  -0.567,  -0.098,9999.000,9999.000,9999.000,9999.000,9999.000,9999.000,9999.000
202607291400,  -0.670,  -0.229,   0.300,   0.141,  -0.229,   0.300,  -0.229,   0.300,  -0.229
202607291406,  -0.763,  -0.341,9999.000,9999.000,9999.000,9999.000,9999.000,9999.000,9999.000
202607291412,  -0.845,  -0.459,9999.000,9999.000,9999.000,9999.000,9999.000,9999.000,9999.000
202607291418,  -0.917,  -0.560,9999.000,9999.000,9999.000,9999.000,9999.000,9999.000,9999.000
202607291424,  -0.979,  -0.669,9999.000,9999.000,9999.000,9999.000,9999.000,9999.000,9999.000
202607291430,  -1.029,  -0.708,9999.000,9999.000,9999.000,9999.000,9999.000,9999.000,9999.000
202607291436,  -1.069,  -0.800,9999.000,9999.000,9999.000,9999.000,9999.000,9999.000,9999.000
202607291442,  -1.097,  -0.829,9999.000,9999.000,9999.000,9999.000,9999.000,9999.000,9999.000
202607291448,  -1.115,  -0.879,9999.000,9999.000,9999.000,9999.000,9999.000,9999.000,9999.000
202607291454,  -1.122,  -0.908,9999.000,9999.000,9999.000,9999.000,9999.000,9999.000,9999.000
202607291500,  -1.118,  -0.970,   0.300,  -0.152,  -0.970,   0.300,  -0.970,   0.300,  -0.970
202607291506,  -1.103,  -0.990,9999.000,9999.000,9999.000,9999.000,9999.000,9999.000,9999.000
202607291512,  -1.078,  -0.980,9999.000,9999.000,9999.000,9999.000,9999.000,9999.000,9999.000
202607291518,  -1.042,  -0.961,9999.000,9999.000,9999.000,9999.000,9999.000,9999.000,9999.000
202607291524,  -0.995,  -0.918,9999.000,9999.000,9999.000,9999.000,9999.000,9999.000,9999.000
202607291530,  -0.939,  -0.898,9999.000,9999.000,9999.000,9999.000,9999.000,9999.000,9999.000
202607291536,  -0.873,  -0.849,9999.000,9999.000,9999.000,9999.000,9999.000,9999.000,9999.000
202607291542,  -0.797,  -0.810,9999.000,9999.000,9999.000,9999.000,9999.000,9999.000,9999.000
202607291548,  -0.712,  -0.751,9999.000,9999.000,9999.000,9999.000,9999.000,9999.000,9999.000
202607291554,  -0.618,  -0.678,9999.000,9999.000,9999.000,9999.000,9999.000,9999.000,9999.000
202607291600,  -0.516,  -0.570,   0.300,  -0.354,  -0.570,   0.300,  -0.570,   0.400,  -0.470
202607291606,  -0.406,  -0.419,9999.000,9999.000,9999.000,9999.000,9999.000,9999.000,9999.000
202607291612,  -0.288,  -0.278,9999.000,9999.000,9999.000,9999.000,9999.000,9999.000,9999.000
202607291618,  -0.162,  -0.141,9999.000,9999.000,9999.000,9999.000,9999.000,9999.000,9999.000
202607291624,  -0.030,   0.009,9999.000,9999.000,9999.000,9999.000,9999.000,9999.000,9999.000
202607291630,   0.108,   0.180,9999.000,9999.000,9999.000,9999.000,9999.000,9999.000,9999.000
202607291636,   0.253,   0.341,9999.000,9999.000,9999.000,9999.000,9999.000,9999.000,9999.000
202607291642,   0.403,   0.541,9999.000,9999.000,9999.000,9999.000,9999.000,9999.000,9999.000
202607291648,   0.558,   0.760,9999.000,9999.000,9999.000,9999.000,9999.000,9999.000,9999.000
202607291654,   0.718,   0.951,9999.000,9999.000,9999.000,9999.000,9999.000,9999.000,9999.000
202607291700,   0.883,   1.151,   0.300,  -0.032,   1.151,   0.300,   1.151,   0.300,   1.151
202607291706,   1.051,   1.338,9999.000,9999.000,9999.000,9999.000,9999.000,9999.000,9999.000
202607291712,   1.223,   1.489,9999.000,9999.000,9999.000,9999.000,9999.000,9999.000,9999.000
202607291718,   1.397,   1.689,9999.000,9999.000,9999.000,9999.000,9999.000,9999.000,9999.000
202607291724,   1.574,   1.869,9999.000,9999.000,9999.000,9999.000,9999.000,9999.000,9999.000
202607291730,   1.754,   2.049,9999.000,9999.000,9999.000,9999.000,9999.000,9999.000,9999.000
202607291736,   1.935,   2.220,9999.000,9999.000,9999.000,9999.000,9999.000,9999.000,9999.000
202607291742,   2.118,   2.400,9999.000,9999.000,9999.000,9999.000,9999.000,9999.000,9999.000
202607291748,   2.301,   2.568,9999.000,9999.000,9999.000,9999.000,9999.000,9999.000,9999.000
202607291754,   2.486,   2.738,9999.000,9999.000,9999.000,9999.000,9999.000,9999.000,9999.000
202607291800,   2.671,   2.929,   0.300,  -0.042,   2.929,   0.300,   2.929,   0.400,   3.029
202607291806,   2.856,   3.119,9999.000,9999.000,9999.000,9999.000,9999.000,9999.000,9999.000
202607291812,   3.041,   3.299,9999.000,9999.000,9999.000,9999.000,9999.000,9999.000,9999.000
202607291818,   3.225,   3.470,9999.000,9999.000,9999.000,9999.000,9999.000,9999.000,9999.000
202607291824,   3.409,   3.637,9999.000,9999.000,9999.000,9999.000,9999.000,9999.000,9999.000
202607291830,   3.591,   3.817,9999.000,9999.000,9999.000,9999.000,9999.000,9999.000,9999.000
202607291836,   3.772,   3.988,9999.000,9999.000,9999.000,9999.000,9999.000,9999.000,9999.000
202607291842,   3.950,   4.149,9999.000,9999.000,9999.000,9999.000,9999.000,9999.000,9999.000
202607291848,   4.127,   4.319,9999.000,9999.000,9999.000,9999.000,9999.000,9999.000,9999.000
202607291854,   4.302,   4.467,9999.000,9999.000,9999.000,9999.000,9999.000,9999.000,9999.000
202607291900,   4.473,   4.628,   0.400,  -0.245,   4.628,   0.300,   4.528,   0.400,   4.628
202607291906,   4.641,   4.798,9999.000,9999.000,9999.000,9999.000,9999.000,9999.000,9999.000
202607291912,   4.806,   4.959,9999.000,9999.000,9999.000,9999.000,9999.000,9999.000,9999.000
202607291918,   4.967,   5.120,9999.000,9999.000,9999.000,9999.000,9999.000,9999.000,9999.000
202607291924,   5.124,   5.257,9999.000,9999.000,9999.000,9999.000,9999.000,9999.000,9999.000
202607291930,   5.277,   5.408,9999.000,9999.000,9999.000,9999.000,9999.000,9999.000,9999.000
202607291936,   5.425,   5.559,9999.000,9999.000,9999.000,9999.000,9999.000,9999.000,9999.000
202607291942,   5.567,   5.707,9999.000,9999.000,9999.000,9999.000,9999.000,9999.000,9999.000
202607291948,   5.705,   5.848,9999.000,9999.000,9999.000,9999.000,9999.000,9999.000,9999.000
202607291954,   5.836,   5.969,9999.000,9999.000,9999.000,9999.000,9999.000,9999.000,9999.000
202607292000,   5.961,   6.117,   0.300,  -0.144,   6.117,   0.300,   6.117,   0.400,   6.217
202607292006,   6.081,   6.238,9999.000,9999.000,9999.000,9999.000,9999.000,9999.000,9999.000
202607292012,   6.193,   6.369,9999.000,9999.000,9999.000,9999.000,9999.000,9999.000,9999.000
202607292018,   6.299,   6.477,9999.000,9999.000,9999.000,9999.000,9999.000,9999.000,9999.000
202607292024,   6.397,   6.579,9999.000,9999.000,9999.000,9999.000,9999.000,9999.000,9999.000
202607292030,   6.488,   6.678,9999.000,9999.000,9999.000,9999.000,9999.000,9999.000,9999.000
202607292036,   6.572,   6.766,9999.000,9999.000,9999.000,9999.000,9999.000,9999.000,9999.000
202607292042,   6.648,   6.848,9999.000,9999.000,9999.000,9999.000,9999.000,9999.000,9999.000
202607292048,   6.717,   6.917,9999.000,9999.000,9999.000,9999.000,9999.000,9999.000,9999.000
202607292054,   6.777,   7.009,9999.000,9999.000,9999.000,9999.000,9999.000,9999.000,9999.000
202607292100,   6.830,   7.058,   0.300,  -0.072,   7.058,   0.300,   7.058,   0.300,   7.058
202607292106,   6.874,   7.117,9999.000,9999.000,9999.000,9999.000,9999.000,9999.000,9999.000
202607292112,   6.911,   7.166,9999.000,9999.000,9999.000,9999.000,9999.000,9999.000,9999.000
202607292118,   6.940,   7.209,9999.000,9999.000,9999.000,9999.000,9999.000,9999.000,9999.000
202607292124,   6.961,   7.258,9999.000,9999.000,9999.000,9999.000,9999.000,9999.000,9999.000
202607292130,   6.974,   7.278,9999.000,9999.000,9999.000,9999.000,9999.000,9999.000,9999.000
202607292136,   6.979,   7.288,9999.000,9999.000,9999.000,9999.000,9999.000,9999.000,9999.000
202607292142,   6.976,   7.297,9999.000,9999.000,9999.000,9999.000,9999.000,9999.000,9999.000
202607292148,   6.966,   7.278,9999.000,9999.000,9999.000,9999.000,9999.000,9999.000,9999.000
202607292154,   6.949,   7.258,9999.000,9999.000,9999.000,9999.000,9999.000,9999.000,9999.000
202607292200,   6.925,   7.229,   0.400,  -0.096,   7.229,   0.300,   7.129,   0.400,   7.229
202607292206,   6.893,   7.199,9999.000,9999.000,9999.000,9999.000,9999.000,9999.000,9999.000
202607292212,   6.855,   7.166,9999.000,9999.000,9999.000,9999.000,9999.000,9999.000,9999.000
202607292218,   6.810,   7.117,9999.000,9999.000,9999.000,9999.000,9999.000,9999.000,9999.000
202607292224,   6.759,   7.048,9999.000,9999.000,9999.000,9999.000,9999.000,9999.000,9999.000
202607292230,   6.701,   6.979,9999.000,9999.000,9999.000,9999.000,9999.000,9999.000,9999.000
202607292236,   6.637,   6.917,9999.000,9999.000,9999.000,9999.000,9999.000,9999.000,9999.000
202607292242,   6.568,   6.838,9999.000,9999.000,9999.000,9999.000,9999.000,9999.000,9999.000
202607292248,   6.493,   6.746,9999.000,9999.000,9999.000,9999.000,9999.000,9999.000,9999.000
202607292254,   6.413,   6.668,9999.000,9999.000,9999.000,9999.000,9999.000,9999.000,9999.000
202607292300,   6.328,   6.546,   0.400,  -0.182,   6.546,   0.400,   6.546,   0.400,   6.546
202607292306,   6.239,   6.458,9999.000,9999.000,9999.000,9999.000,9999.000,9999.000,9999.000
202607292312,   6.144,   6.379,9999.000,9999.000,9999.000,9999.000,9999.000,9999.000,9999.000
202607292318,   6.046,   6.258,9999.000,9999.000,9999.000,9999.000,9999.000,9999.000,9999.000
202607292324,   5.944,   6.149,9999.000,9999.000,9999.000,9999.000,9999.000,9999.000,9999.000
202607292330,   5.838,   6.038,9999.000,9999.000,9999.000,9999.000,9999.000,9999.000,9999.000
202607292336,   5.728,   5.897,9999.000,9999.000,9999.000,9999.000,9999.000,9999.000,9999.000
202607292342,   5.616,   5.799,9999.000,9999.000,9999.000,9999.000,9999.000,9999.000,9999.000
202607292348,   5.501,   5.687,9999.000,9999.000,9999.000,9999.000,9999.000,9999.000,9999.000
202607292354,   5.383,   5.569,9999.000,9999.000,9999.000,9999.000,9999.000,9999.000,9999.000
202607300000,   5.264,   5.457,   0.300,  -0.107,   5.457,   0.300,   5.457,   0.300,   5.457
202607300006,   5.143,   5.349,9999.000,9999.000,9999.000,9999.000,9999.000,9999.000,9999.000
202607300012,   5.021,   5.218,9999.000,9999.000,9999.000,9999.000,9999.000,9999.000,9999.000
202607300018,   4.898,   5.110,9999.000,9999.000,9999.000,9999.000,9999.000,9999.000,9999.000
202607300024,   4.774,   4.998,9999.000,9999.000,9999.000,9999.000,9999.000,9999.000,9999.000
202607300030,   4.651,   4.877,9999.000,9999.000,9999.000,9999.000,9999.000,9999.000,9999.000
202607300036,   4.527,   4.759,9999.000,9999.000,9999.000,9999.000,9999.000,9999.000,9999.000
202607300042,   4.405,   4.647,9999.000,9999.000,9999.000,9999.000,9999.000,9999.000,9999.000
202607300048,   4.284,   4.539,9999.000,9999.000,9999.000,9999.000,9999.000,9999.000,9999.000
202607300054,   4.165,   4.418,9999.000,9999.000,9999.000,9999.000,9999.000,9999.000,9999.000
202607300100,   4.048,   4.309,   0.300,  -0.039,   4.309,   0.300,   4.309,   0.300,   4.309
202607300106,   3.934,   4.208,9999.000,9999.000,9999.000,9999.000,9999.000,9999.000,9999.000
202607300112,   3.823,   4.080,9999.000,9999.000,9999.000,9999.000,9999.000,9999.000,9999.000
202607300118,   3.715,   3.968,9999.000,9999.000,9999.000,9999.000,9999.000,9999.000,9999.000
202607300124,   3.611,   3.870,9999.000,9999.000,9999.000,9999.000,9999.000,9999.000,9999.000
202607300130,   3.512,   3.778,9999.000,9999.000,9999.000,9999.000,9999.000,9999.000,9999.000
202607300136,   3.418,   3.709,9999.000,9999.000,9999.000,9999.000,9999.000,9999.000,9999.000
202607300142,   3.330,   3.637,9999.000,9999.000,9999.000,9999.000,9999.000,9999.000,9999.000
202607300148,   3.246,   3.568,9999.000,9999.000,9999.000,9999.000,9999.000,9999.000,9999.000
202607300154,   3.169,   3.489,9999.000,9999.000,9999.000,9999.000,9999.000,9999.000,9999.000
202607300200,   3.099,   3.450,   0.300,   0.051,   3.450,   0.200,   3.350,   0.300,   3.450
202607300206,   3.035,   3.398,9999.000,9999.000,9999.000,9999.000,9999.000,9999.000,9999.000
202607300212,   2.979,   3.329,9999.000,9999.000,9999.000,9999.000,9999.000,9999.000,9999.000
202607300218,   2.930,   3.240,9999.000,9999.000,9999.000,9999.000,9999.000,9999.000,9999.000
202607300224,   2.888,   3.188,9999.000,9999.000,9999.000,9999.000,9999.000,9999.000,9999.000
202607300230,   2.854,   3.138,9999.000,9999.000,9999.000,9999.000,9999.000,9999.000,9999.000
202607300236,   2.829,   3.099,9999.000,9999.000,9999.000,9999.000,9999.000,9999.000,9999.000
202607300242,   2.812,   3.079,9999.000,9999.000,9999.000,9999.000,9999.000,9999.000,9999.000
202607300248,   2.803,   3.079,9999.000,9999.000,9999.000,9999.000,9999.000,9999.000,9999.000
202607300254,   2.802,   3.119,9999.000,9999.000,9999.000,9999.000,9999.000,9999.000,9999.000
202607300300,   2.810,   3.119,   0.300,   0.009,   3.119,   0.300,   3.119,   0.300,   3.119
202607300306,   2.827,   3.158,9999.000,9999.000,9999.000,9999.000,9999.000,9999.000,9999.000
202607300312,   2.852,   3.168,9999.000,9999.000,9999.000,9999.000,9999.000,9999.000,9999.000
202607300318,   2.885,   3.188,9999.000,9999.000,9999.000,9999.000,9999.000,9999.000,9999.000
202607300324,   2.927,   3.230,9999.000,9999.000,9999.000,9999.000,9999.000,9999.000,9999.000
202607300330,   2.978,   3.270,9999.000,9999.000,9999.000,9999.000,9999.000,9999.000,9999.000
202607300336,   3.036,   3.339,9999.000,9999.000,9999.000,9999.000,9999.000,9999.000,9999.000
202607300342,   3.102,   3.388,9999.000,9999.000,9999.000,9999.000,9999.000,9999.000,9999.000
202607300348,   3.176,   3.440,9999.000,9999.000,9999.000,9999.000,9999.000,9999.000,9999.000
202607300354,   3.258,   3.529,9999.000,9999.000,9999.000,9999.000,9999.000,9999.000,9999.000
202607300400,   3.346,   3.617,   0.300,  -0.029,   3.617,   0.300,   3.617,   0.300,   3.617
202607300406,   3.442,   3.709,9999.000,9999.000,9999.000,9999.000,9999.000,9999.000,9999.000
202607300412,   3.544,   3.808,9999.000,9999.000,9999.000,9999.000,9999.000,9999.000,9999.000
202607300418,   3.652,   3.919,9999.000,9999.000,9999.000,9999.000,9999.000,9999.000,9999.000
202607300424,   3.766,   4.037,9999.000,9999.000,9999.000,9999.000,9999.000,9999.000,9999.000
202607300430,   3.885,   4.168,9999.000,9999.000,9999.000,9999.000,9999.000,9999.000,9999.000
202607300436,   4.010,   4.280,9999.000,9999.000,9999.000,9999.000,9999.000,9999.000,9999.000
202607300442,   4.139,   4.378,9999.000,9999.000,9999.000,9999.000,9999.000,9999.000,9999.000
202607300448,   4.272,   4.509,9999.000,9999.000,9999.000,9999.000,9999.000,9999.000,9999.000
202607300454,   4.409,   4.647,9999.000,9999.000,9999.000,9999.000,9999.000,9999.000,9999.000
202607300500,   4.549,   4.788,   0.300,  -0.061,   4.788,   0.200,   4.688,   0.300,   4.788
202607300506,   4.692,   4.929,9999.000,9999.000,9999.000,9999.000,9999.000,9999.000,9999.000
202607300512,   4.838,   5.057,9999.000,9999.000,9999.000,9999.000,9999.000,9999.000,9999.000
202607300518,   4.985,   5.208,9999.000,9999.000,9999.000,9999.000,9999.000,9999.000,9999.000
202607300524,   5.134,   5.359,9999.000,9999.000,9999.000,9999.000,9999.000,9999.000,9999.000
202607300530,   5.284,   5.507,9999.000,9999.000,9999.000,9999.000,9999.000,9999.000,9999.000
202607300536,   5.435,   5.648,9999.000,9999.000,9999.000,9999.000,9999.000,9999.000,9999.000
202607300542,   5.586,   5.779,9999.000,9999.000,9999.000,9999.000,9999.000,9999.000,9999.000
202607300548,   5.737,   5.926,9999.000,9999.000,9999.000,9999.000,9999.000,9999.000,9999.000
202607300554,   5.887,   6.077,9999.000,9999.000,9999.000,9999.000,9999.000,9999.000,9999.000
202607300600,   6.037,   6.218,   0.200,  -0.019,   6.218,   0.200,   6.218,   0.200,   6.218
202607300606,   6.185,   6.369,9999.000,9999.000,9999.000,9999.000,9999.000,9999.000,9999.000
202607300612,   6.332,   6.507,9999.000,9999.000,9999.000,9999.000,9999.000,9999.000,9999.000
202607300618,   6.477,   6.668,9999.000,9999.000,9999.000,9999.000,9999.000,9999.000,9999.000
202607300624,   6.620,   6.819,9999.000,9999.000,9999.000,9999.000,9999.000,9999.000,9999.000
202607300630,   6.760,   6.979,9999.000,9999.000,9999.000,9999.000,9999.000,9999.000,9999.000
202607300636,   6.898,   7.117,9999.000,9999.000,9999.000,9999.000,9999.000,9999.000,9999.000
202607300642,   7.032,   7.258,9999.000,9999.000,9999.000,9999.000,9999.000,9999.000,9999.000
202607300648,   7.163,   7.386,9999.000,9999.000,9999.000,9999.000,9999.000,9999.000,9999.000
202607300654,   7.290,   7.507,9999.000,9999.000,9999.000,9999.000,9999.000,9999.000,9999.000
202607300700,   7.413,   7.648,   0.200,   0.035,   7.648,   0.200,   7.648,   0.200,   7.648
202607300706,   7.531,   7.767,9999.000,9999.000,9999.000,9999.000,9999.000,9999.000,9999.000
202607300712,   7.645,   7.878,9999.000,9999.000,9999.000,9999.000,9999.000,9999.000,9999.000
202607300718,   7.754,   8.016,9999.000,9999.000,9999.000,9999.000,9999.000,9999.000,9999.000
202607300724,   7.857,   8.137,9999.000,9999.000,9999.000,9999.000,9999.000,9999.000,9999.000
202607300730,   7.955,   8.268,9999.000,9999.000,9999.000,9999.000,9999.000,9999.000,9999.000
202607300736,   8.047,   8.357,9999.000,9999.000,9999.000,9999.000,9999.000,9999.000,9999.000
202607300742,   8.133,   8.459,9999.000,9999.000,9999.000,9999.000,9999.000,9999.000,9999.000
202607300748,   8.212,   8.537,9999.000,9999.000,9999.000,9999.000,9999.000,9999.000,9999.000
202607300754,   8.284,   8.606,9999.000,9999.000,9999.000,9999.000,9999.000,9999.000,9999.000
202607300800,   8.349,   8.688,   0.200,   0.139,   8.688,   0.200,   8.688,   0.200,   8.688
202607300806,   8.407,   8.728,9999.000,9999.000,9999.000,9999.000,9999.000,9999.000,9999.000
202607300812,   8.456,   8.777,9999.000,9999.000,9999.000,9999.000,9999.000,9999.000,9999.000
202607300818,   8.498,   8.826,9999.000,9999.000,9999.000,9999.000,9999.000,9999.000,9999.000
202607300824,   8.531,   8.859,9999.000,9999.000,9999.000,9999.000,9999.000,9999.000,9999.000
202607300830,   8.556,   8.888,9999.000,9999.000,9999.000,9999.000,9999.000,9999.000,9999.000
202607300836,   8.572,   8.878,9999.000,9999.000,9999.000,9999.000,9999.000,9999.000,9999.000
202607300842,   8.579,   8.859,9999.000,9999.000,9999.000,9999.000,9999.000,9999.000,9999.000
202607300848,   8.576,   8.859,9999.000,9999.000,9999.000,9999.000,9999.000,9999.000,9999.000
202607300854,   8.565,   8.836,9999.000,9999.000,9999.000,9999.000,9999.000,9999.000,9999.000
202607300900,   8.543,   8.816,   0.200,   0.073,   8.816,   0.200,   8.816,   0.200,   8.816
202607300906,   8.513,   8.777,9999.000,9999.000,9999.000,9999.000,9999.000,9999.000,9999.000
202607300912,   8.473,   8.728,9999.000,9999.000,9999.000,9999.000,9999.000,9999.000,9999.000
202607300918,   8.423,   8.669,9999.000,9999.000,9999.000,9999.000,9999.000,9999.000,9999.000
202607300924,   8.363,   8.587,9999.000,9999.000,9999.000,9999.000,9999.000,9999.000,9999.000
202607300930,   8.294,   8.518,9999.000,9999.000,9999.000,9999.000,9999.000,9999.000,9999.000
202607300936,   8.216,   8.426,9999.000,9999.000,9999.000,9999.000,9999.000,9999.000,9999.000
202607300942,   8.128,   8.308,9999.000,9999.000,9999.000,9999.000,9999.000,9999.000,9999.000
202607300948,   8.031,   8.216,9999.000,9999.000,9999.000,9999.000,9999.000,9999.000,9999.000
202607300954,   7.925,   8.117,9999.000,9999.000,9999.000,9999.000,9999.000,9999.000,9999.000
202607301000,   7.810,   7.996,   0.200,  -0.014,   7.996,   0.200,   7.996,   0.200,   7.996
202607301006,   7.686,   7.868,9999.000,9999.000,9999.000,9999.000,9999.000,9999.000,9999.000
202607301012,   7.554,   7.707,9999.000,9999.000,9999.000,9999.000,9999.000,9999.000,9999.000
202607301018,   7.414,   7.547,9999.000,9999.000,9999.000,9999.000,9999.000,9999.000,9999.000
202607301024,   7.266,   7.386,9999.000,9999.000,9999.000,9999.000,9999.000,9999.000,9999.000
202607301030,   7.111,   7.238,9999.000,9999.000,9999.000,9999.000,9999.000,9999.000,9999.000
202607301036,   6.949,   7.088,9999.000,9999.000,9999.000,9999.000,9999.000,9999.000,9999.000
202607301042,   6.779,   6.927,9999.000,9999.000,9999.000,9999.000,9999.000,9999.000,9999.000
202607301048,   6.603,   6.766,9999.000,9999.000,9999.000,9999.000,9999.000,9999.000,9999.000
202607301054,   6.422,   6.599,9999.000,9999.000,9999.000,9999.000,9999.000,9999.000,9999.000
202607301100,   6.234,   6.418,   0.200,  -0.016,   6.418,   0.200,   6.418,   0.200,   6.418
202607301106,   6.041,   6.248,9999.000,9999.000,9999.000,9999.000,9999.000,9999.000,9999.000
202607301112,   5.842,   6.097,9999.000,9999.000,9999.000,9999.000,9999.000,9999.000,9999.000
202607301118,   5.640,   5.926,9999.000,9999.000,9999.000,9999.000,9999.000,9999.000,9999.000
202607301124,   5.432,   5.759,9999.000,9999.000,9999.000,9999.000,9999.000,9999.000,9999.000
202607301130,   5.221,   5.579,9999.000,9999.000,9999.000,9999.000,9999.000,9999.000,9999.000
202607301136,   5.007,   5.379,9999.000,9999.000,9999.000,9999.000,9999.000,9999.000,9999.000
202607301142,   4.790,   5.188,9999.000,9999.000,9999.000,9999.000,9999.000,9999.000,9999.000
202607301148,   4.569,   4.988,9999.000,9999.000,9999.000,9999.000,9999.000,9999.000,9999.000
202607301154,   4.346,   4.798,9999.000,9999.000,9999.000,9999.000,9999.000,9999.000,9999.000
202607301200,   4.122,   4.598,   0.300,   0.176,   4.598,   0.200,   4.498,   0.300,   4.598
202607301206,   3.896,   4.388,9999.000,9999.000,9999.000,9999.000,9999.000,9999.000,9999.000
202607301212,   3.670,   4.178,9999.000,9999.000,9999.000,9999.000,9999.000,9999.000,9999.000
202607301218,   3.443,   3.958,9999.000,9999.000,9999.000,9999.000,9999.000,9999.000,9999.000
202607301224,   3.216,   3.749,9999.000,9999.000,9999.000,9999.000,9999.000,9999.000,9999.000
202607301230,   2.989,   3.519,9999.000,9999.000,9999.000,9999.000,9999.000,9999.000,9999.000
202607301236,   2.763,   3.309,9999.000,9999.000,9999.000,9999.000,9999.000,9999.000,9999.000
202607301242,   2.539,   3.079,9999.000,9999.000,9999.000,9999.000,9999.000,9999.000,9999.000
202607301248,   2.317,   2.869,9999.000,9999.000,9999.000,9999.000,9999.000,9999.000,9999.000
202607301254,   2.098,   2.660,9999.000,9999.000,9999.000,9999.000,9999.000,9999.000,9999.000
202607301300,   1.881,   2.450,   0.200,   0.369,   2.450,   0.200,   2.450,   0.300,   2.550
202607301306,   1.668,   2.240,9999.000,9999.000,9999.000,9999.000,9999.000,9999.000,9999.000
202607301312,   1.459,   2.010,9999.000,9999.000,9999.000,9999.000,9999.000,9999.000,9999.000
202607301318,   1.255,   1.790,9999.000,9999.000,9999.000,9999.000,9999.000,9999.000,9999.000
202607301324,   1.056,   1.580,9999.000,9999.000,9999.000,9999.000,9999.000,9999.000,9999.000
202607301330,   0.862,   1.390,9999.000,9999.000,9999.000,9999.000,9999.000,9999.000,9999.000
202607301336,   0.675,   1.180,9999.000,9999.000,9999.000,9999.000,9999.000,9999.000,9999.000
202607301342,   0.494,   0.970,9999.000,9999.000,9999.000,9999.000,9999.000,9999.000,9999.000
202607301348,   0.321,   0.770,9999.000,9999.000,9999.000,9999.000,9999.000,9999.000,9999.000
202607301354,   0.155,   0.600,9999.000,9999.000,9999.000,9999.000,9999.000,9999.000,9999.000
202607301400,  -0.001,   0.439,   0.200,   0.240,   0.439,   0.200,   0.439,   0.300,   0.539
202607301406,  -0.150,   0.278,9999.000,9999.000,9999.000,9999.000,9999.000,9999.000,9999.000
202607301412,  -0.290,   0.121,9999.000,9999.000,9999.000,9999.000,9999.000,9999.000,9999.000
202607301418,  -0.421,  -0.039,9999.000,9999.000,9999.000,9999.000,9999.000,9999.000,9999.000
202607301424,  -0.541,  -0.180,9999.000,9999.000,9999.000,9999.000,9999.000,9999.000,9999.000
202607301430,  -0.652,  -0.308,9999.000,9999.000,9999.000,9999.000,9999.000,9999.000,9999.000
202607301436,  -0.753,  -0.429,9999.000,9999.000,9999.000,9999.000,9999.000,9999.000,9999.000
202607301442,  -0.842,  -0.531,9999.000,9999.000,9999.000,9999.000,9999.000,9999.000,9999.000
202607301448,  -0.921,  -0.629,9999.000,9999.000,9999.000,9999.000,9999.000,9999.000,9999.000
202607301454,  -0.989,  -0.741,9999.000,9999.000,9999.000,9999.000,9999.000,9999.000,9999.000
202607301500,  -1.045,  -0.839,   0.300,  -0.094,  -0.839,   0.200,  -0.939,   0.300,  -0.839
202607301506,  -1.091,  -0.898,9999.000,9999.000,9999.000,9999.000,9999.000,9999.000,9999.000
202607301512,  -1.124,  -0.980,9999.000,9999.000,9999.000,9999.000,9999.000,9999.000,9999.000
202607301518,  -1.147,  -1.029,9999.000,9999.000,9999.000,9999.000,9999.000,9999.000,9999.000
202607301524,  -1.158,  -1.079,9999.000,9999.000,9999.000,9999.000,9999.000,9999.000,9999.000
202607301530,  -1.157,  -1.118,9999.000,9999.000,9999.000,9999.000,9999.000,9999.000,9999.000
202607301536,  -1.145,  -1.138,9999.000,9999.000,9999.000,9999.000,9999.000,9999.000,9999.000
202607301542,  -1.122,  -1.151,9999.000,9999.000,9999.000,9999.000,9999.000,9999.000,9999.000
202607301548,  -1.088,  -1.088,9999.000,9999.000,9999.000,9999.000,9999.000,9999.000,9999.000
202607301554,  -1.043,  -1.010,9999.000,9999.000,9999.000,9999.000,9999.000,9999.000,9999.000
202607301600,  -0.987,  -0.918,   0.200,  -0.131,  -0.918,   0.200,  -0.918,   0.300,  -0.818
202607301606,  -0.920,  -0.829,9999.000,9999.000,9999.000,9999.000,9999.000,9999.000,9999.000
202607301612,  -0.844,  -0.770,9999.000,9999.000,9999.000,9999.000,9999.000,9999.000,9999.000
202607301618,  -0.758,  -0.708,9999.000,9999.000,9999.000,9999.000,9999.000,9999.000,9999.000
202607301624,  -0.662,  -0.649,9999.000,9999.000,9999.000,9999.000,9999.000,9999.000,9999.000
202607301630,  -0.557,  -0.518,9999.000,9999.000,9999.000,9999.000,9999.000,9999.000,9999.000
202607301636,  -0.444,  -0.380,9999.000,9999.000,9999.000,9999.000,9999.000,9999.000,9999.000
202607301642,  -0.322,  -0.249,9999.000,9999.000,9999.000,9999.000,9999.000,9999.000,9999.000
202607301648,  -0.193,  -0.131,9999.000,9999.000,9999.000,9999.000,9999.000,9999.000,9999.000
202607301654,  -0.056,   0.029,9999.000,9999.000,9999.000,9999.000,9999.000,9999.000,9999.000
202607301700,   0.087,   0.180,   0.200,  -0.107,   0.180,   0.200,   0.180,   0.200,   0.180
202607301706,   0.238,   0.321,9999.000,9999.000,9999.000,9999.000,9999.000,9999.000,9999.000
202607301712,   0.394,   0.498,9999.000,9999.000,9999.000,9999.000,9999.000,9999.000,9999.000
202607301718,   0.556,   0.649,9999.000,9999.000,9999.000,9999.000,9999.000,9999.000,9999.000
202607301724,   0.723,   0.859,9999.000,9999.000,9999.000,9999.000,9999.000,9999.000,9999.000
202607301730,   0.895,   1.079,9999.000,9999.000,9999.000,9999.000,9999.000,9999.000,9999.000
202607301736,   1.071,   1.279,9999.000,9999.000,9999.000,9999.000,9999.000,9999.000,9999.000
202607301742,   1.250,   1.469,9999.000,9999.000,9999.000,9999.000,9999.000,9999.000,9999.000
202607301748,   1.433,   1.659,9999.000,9999.000,9999.000,9999.000,9999.000,9999.000,9999.000
202607301754,   1.618,   1.879,9999.000,9999.000,9999.000,9999.000,9999.000,9999.000,9999.000
202607301800,   1.806,   2.089,   0.300,  -0.017,   2.089,   0.300,   2.089,   0.300,   2.089
202607301806,   1.995,   2.289,9999.000,9999.000,9999.000,9999.000,9999.000,9999.000,9999.000
202607301812,   2.186,   2.479,9999.000,9999.000,9999.000,9999.000,9999.000,9999.000,9999.000
202607301818,   2.378,   2.660,9999.000,9999.000,9999.000,9999.000,9999.000,9999.000,9999.000
202607301824,   2.571,   2.850,9999.000,9999.000,9999.000,9999.000,9999.000,9999.000,9999.000
202607301830,   2.764,   3.030,9999.000,9999.000,9999.000,9999.000,9999.000,9999.000,9999.000
202607301836,   2.956,   3.207,9999.000,9999.000,9999.000,9999.000,9999.000,9999.000,9999.000
202607301842,   3.149,   3.378,9999.000,9999.000,9999.000,9999.000,9999.000,9999.000,9999.000
202607301848,   3.341,   3.548,9999.000,9999.000,9999.000,9999.000,9999.000,9999.000,9999.000
202607301854,   3.532,   3.719,9999.000,9999.000,9999.000,9999.000,9999.000,9999.000,9999.000
202607301900,   3.721,   3.890,   0.300,  -0.131,   3.890,   0.300,   3.890,   0.300,   3.890
202607301906,   3.909,   4.080,9999.000,9999.000,9999.000,9999.000,9999.000,9999.000,9999.000
202607301912,   4.095,   4.227,9999.000,9999.000,9999.000,9999.000,9999.000,9999.000,9999.000
202607301918,   4.278,   4.359,9999.000,9999.000,9999.000,9999.000,9999.000,9999.000,9999.000
202607301924,   4.459,   4.529,9999.000,9999.000,9999.000,9999.000,9999.000,9999.000,9999.000
202607301930,   4.637,   4.690,9999.000,9999.000,9999.000,9999.000,9999.000,9999.000,9999.000
202607301936,   4.811,   4.867,9999.000,9999.000,9999.000,9999.000,9999.000,9999.000,9999.000
202607301942,   4.982,   5.028,9999.000,9999.000,9999.000,9999.000,9999.000,9999.000,9999.000
202607301948,   5.149,   5.188,9999.000,9999.000,9999.000,9999.000,9999.000,9999.000,9999.000
202607301954,   5.312,   5.359,9999.000,9999.000,9999.000,9999.000,9999.000,9999.000,9999.000
202607302000,   5.471,   5.507,   0.300,  -0.264,   5.507,   0.300,   5.507,   0.300,   5.507
202607302006,   5.624,   5.657,9999.000,9999.000,9999.000,9999.000,9999.000,9999.000,9999.000
202607302012,   5.772,   5.808,9999.000,9999.000,9999.000,9999.000,9999.000,9999.000,9999.000
202607302018,   5.915,   5.949,9999.000,9999.000,9999.000,9999.000,9999.000,9999.000,9999.000
202607302024,   6.052,   6.067,9999.000,9999.000,9999.000,9999.000,9999.000,9999.000,9999.000
202607302030,   6.183,   6.199,9999.000,9999.000,9999.000,9999.000,9999.000,9999.000,9999.000
202607302036,   6.307,   6.317,9999.000,9999.000,9999.000,9999.000,9999.000,9999.000,9999.000
202607302042,   6.425,   6.448,9999.000,9999.000,9999.000,9999.000,9999.000,9999.000,9999.000
202607302048,   6.535,   6.546,9999.000,9999.000,9999.000,9999.000,9999.000,9999.000,9999.000
202607302054,   6.639,   6.658,9999.000,9999.000,9999.000,9999.000,9999.000,9999.000,9999.000
202607302100,   6.734,   6.746,   0.300,  -0.288,   6.746,   0.300,   6.746,   0.300,   6.746
202607302106,   6.822,   6.838,9999.000,9999.000,9999.000,9999.000,9999.000,9999.000,9999.000
202607302112,   6.902,   6.917,9999.000,9999.000,9999.000,9999.000,9999.000,9999.000,9999.000
202607302118,   6.974,   7.009,9999.000,9999.000,9999.000,9999.000,9999.000,9999.000,9999.000
202607302124,   7.038,   7.078,9999.000,9999.000,9999.000,9999.000,9999.000,9999.000,9999.000
202607302130,   7.093,   7.147,9999.000,9999.000,9999.000,9999.000,9999.000,9999.000,9999.000
202607302136,   7.140,   7.219,9999.000,9999.000,9999.000,9999.000,9999.000,9999.000,9999.000
202607302142,   7.178,   7.258,9999.000,9999.000,9999.000,9999.000,9999.000,9999.000,9999.000
202607302148,   7.207,   7.317,9999.000,9999.000,9999.000,9999.000,9999.000,9999.000,9999.000
202607302154,   7.228,   7.357,9999.000,9999.000,9999.000,9999.000,9999.000,9999.000,9999.000
202607302200,   7.241,   7.386,   0.300,  -0.155,   7.386,   0.300,   7.386,   0.300,   7.386
202607302206,   7.245,   7.399,9999.000,9999.000,9999.000,9999.000,9999.000,9999.000,9999.000
202607302212,   7.240,   7.409,9999.000,9999.000,9999.000,9999.000,9999.000,9999.000,9999.000
202607302218,   7.227,   7.399,9999.000,9999.000,9999.000,9999.000,9999.000,9999.000,9999.000
202607302224,   7.207,   7.376,9999.000,9999.000,9999.000,9999.000,9999.000,9999.000,9999.000
202607302230,   7.178,   7.347,9999.000,9999.000,9999.000,9999.000,9999.000,9999.000,9999.000
202607302236,   7.142,   7.337,9999.000,9999.000,9999.000,9999.000,9999.000,9999.000,9999.000
202607302242,   7.098,   7.307,9999.000,9999.000,9999.000,9999.000,9999.000,9999.000,9999.000
202607302248,   7.047,   7.248,9999.000,9999.000,9999.000,9999.000,9999.000,9999.000,9999.000
202607302254,   6.988,   7.147,9999.000,9999.000,9999.000,9999.000,9999.000,9999.000,9999.000
202607302300,   6.923,   7.068,   0.300,  -0.155,   7.068,   0.300,   7.068,   0.300,   7.068
202607302306,   6.852,   6.979,9999.000,9999.000,9999.000,9999.000,9999.000,9999.000,9999.000
202607302312,   6.774,   6.878,9999.000,9999.000,9999.000,9999.000,9999.000,9999.000,9999.000
202607302318,   6.690,   6.756,9999.000,9999.000,9999.000,9999.000,9999.000,9999.000,9999.000
202607302324,   6.600,   6.668,9999.000,9999.000,9999.000,9999.000,9999.000,9999.000,9999.000
202607302330,   6.505,   6.556,9999.000,9999.000,9999.000,9999.000,9999.000,9999.000,9999.000
202607302336,   6.405,   6.448,9999.000,9999.000,9999.000,9999.000,9999.000,9999.000,9999.000
202607302342,   6.301,   6.336,9999.000,9999.000,9999.000,9999.000,9999.000,9999.000,9999.000
202607302348,   6.191,   6.218,9999.000,9999.000,9999.000,9999.000,9999.000,9999.000,9999.000
202607302354,   6.078,   6.097,9999.000,9999.000,9999.000,9999.000,9999.000,9999.000,9999.000
202607310000,   5.960,   5.989,   0.300,  -0.271,   5.989,   0.300,   5.989,   0.300,   5.989
202607310006,   5.839,   5.858,9999.000,9999.000,9999.000,9999.000,9999.000,9999.000,9999.000
202607310012,   5.715,   5.749,9999.000,9999.000,9999.000,9999.000,9999.000,9999.000,9999.000
202607310018,   5.588,   5.648,9999.000,9999.000,9999.000,9999.000,9999.000,9999.000,9999.000
202607310024,   5.459,   5.539,9999.000,9999.000,9999.000,9999.000,9999.000,9999.000,9999.000
202607310030,   5.328,   5.408,9999.000,9999.000,9999.000,9999.000,9999.000,9999.000,9999.000
202607310036,   5.194,   5.287,9999.000,9999.000,9999.000,9999.000,9999.000,9999.000,9999.000
202607310042,   5.060,   5.159,9999.000,9999.000,9999.000,9999.000,9999.000,9999.000,9999.000
202607310048,   4.924,   5.038,9999.000,9999.000,9999.000,9999.000,9999.000,9999.000,9999.000
202607310054,   4.788,   4.900,9999.000,9999.000,9999.000,9999.000,9999.000,9999.000,9999.000
202607310100,   4.652,   4.749,   0.300,  -0.203,   4.749,   0.200,   4.649,   0.300,   4.749
202607310106,   4.516,   4.618,9999.000,9999.000,9999.000,9999.000,9999.000,9999.000,9999.000
202607310112,   4.380,   4.490,9999.000,9999.000,9999.000,9999.000,9999.000,9999.000,9999.000
202607310118,   4.246,   4.378,9999.000,9999.000,9999.000,9999.000,9999.000,9999.000,9999.000
202607310124,   4.114,   4.257,9999.000,9999.000,9999.000,9999.000,9999.000,9999.000,9999.000
202607310130,   3.984,   4.129,9999.000,9999.000,9999.000,9999.000,9999.000,9999.000,9999.000
202607310136,   3.856,   3.988,9999.000,9999.000,9999.000,9999.000,9999.000,9999.000,9999.000
202607310142,   3.732,   3.870,9999.000,9999.000,9999.000,9999.000,9999.000,9999.000,9999.000
202607310148,   3.611,   3.758,9999.000,9999.000,9999.000,9999.000,9999.000,9999.000,9999.000
202607310154,   3.494,   3.637,9999.000,9999.000,9999.000,9999.000,9999.000,9999.000,9999.000
202607310200,   3.381,   3.539,   0.200,  -0.042,   3.539,   0.200,   3.539,   0.300,   3.639
202607310206,   3.274,   3.440,9999.000,9999.000,9999.000,9999.000,9999.000,9999.000,9999.000
202607310212,   3.172,   3.348,9999.000,9999.000,9999.000,9999.000,9999.000,9999.000,9999.000
202607310218,   3.075,   3.260,9999.000,9999.000,9999.000,9999.000,9999.000,9999.000,9999.000
202607310224,   2.985,   3.168,9999.000,9999.000,9999.000,9999.000,9999.000,9999.000,9999.000
202607310230,   2.902,   3.079,9999.000,9999.000,9999.000,9999.000,9999.000,9999.000,9999.000
202607310236,   2.825,   3.007,9999.000,9999.000,9999.000,9999.000,9999.000,9999.000,9999.000
202607310242,   2.756,   2.958,9999.000,9999.000,9999.000,9999.000,9999.000,9999.000,9999.000
202607310248,   2.695,   2.899,9999.000,9999.000,9999.000,9999.000,9999.000,9999.000,9999.000
202607310254,   2.641,   2.830,9999.000,9999.000,9999.000,9999.000,9999.000,9999.000,9999.000
202607310300,   2.596,   2.758,   0.300,  -0.138,   2.758,   0.200,   2.658,   0.300,   2.758
202607310306,   2.559,   2.709,9999.000,9999.000,9999.000,9999.000,9999.000,9999.000,9999.000
202607310312,   2.530,   2.669,9999.000,9999.000,9999.000,9999.000,9999.000,9999.000,9999.000
202607310318,   2.511,   2.640,9999.000,9999.000,9999.000,9999.000,9999.000,9999.000,9999.000
202607310324,   2.500,   2.597,9999.000,9999.000,9999.000,9999.000,9999.000,9999.000,9999.000
202607310330,   2.498,   2.578,9999.000,9999.000,9999.000,9999.000,9999.000,9999.000,9999.000
202607310336,   2.505,   2.558,9999.000,9999.000,9999.000,9999.000,9999.000,9999.000,9999.000
202607310342,   2.521,   2.568,9999.000,9999.000,9999.000,9999.000,9999.000,9999.000,9999.000
202607310348,   2.546,   2.610,9999.000,9999.000,9999.000,9999.000,9999.000,9999.000,9999.000
202607310354,   2.580,   2.660,9999.000,9999.000,9999.000,9999.000,9999.000,9999.000,9999.000
202607310400,   2.623,   2.709,   0.300,  -0.214,   2.709,   0.200,   2.609,   0.300,   2.709
202607310406,   2.675,   2.758,9999.000,9999.000,9999.000,9999.000,9999.000,9999.000,9999.000
202607310412,   2.735,   2.840,9999.000,9999.000,9999.000,9999.000,9999.000,9999.000,9999.000
202607310418,   2.803,   2.899,9999.000,9999.000,9999.000,9999.000,9999.000,9999.000,9999.000
202607310424,   2.879,   2.958,9999.000,9999.000,9999.000,9999.000,9999.000,9999.000,9999.000
202607310430,   2.964,   3.040,9999.000,9999.000,9999.000,9999.000,9999.000,9999.000,9999.000
202607310436,   3.055,   3.119,9999.000,9999.000,9999.000,9999.000,9999.000,9999.000,9999.000
202607310442,   3.154,   3.240,9999.000,9999.000,9999.000,9999.000,9999.000,9999.000,9999.000
202607310448,   3.260,   3.339,9999.000,9999.000,9999.000,9999.000,9999.000,9999.000,9999.000
202607310454,   3.372,   3.440,9999.000,9999.000,9999.000,9999.000,9999.000,9999.000,9999.000
202607310500,   3.490,   3.539,   0.200,  -0.151,   3.539,   0.200,   3.539,   0.300,   3.639
202607310506,   3.614,   3.670,9999.000,9999.000,9999.000,9999.000,9999.000,9999.000,9999.000
202607310512,   3.743,   3.788,9999.000,9999.000,9999.000,9999.000,9999.000,9999.000,9999.000
202607310518,   3.877,   3.919,9999.000,9999.000,9999.000,9999.000,9999.000,9999.000,9999.000
202607310524,   4.015,   4.080,9999.000,9999.000,9999.000,9999.000,9999.000,9999.000,9999.000
202607310530,   4.157,   4.208,9999.000,9999.000,9999.000,9999.000,9999.000,9999.000,9999.000
202607310536,   4.303,   4.368,9999.000,9999.000,9999.000,9999.000,9999.000,9999.000,9999.000
202607310542,   4.452,   4.519,9999.000,9999.000,9999.000,9999.000,9999.000,9999.000,9999.000
202607310548,   4.603,   4.667,9999.000,9999.000,9999.000,9999.000,9999.000,9999.000,9999.000
202607310554,   4.756,   4.798,9999.000,9999.000,9999.000,9999.000,9999.000,9999.000,9999.000
202607310600,   4.911,   4.949,   0.100,  -0.062,   4.949,   0.100,   4.949,   0.100,   4.949
202607310606,   5.066,   5.087,9999.000,9999.000,9999.000,9999.000,9999.000,9999.000,9999.000
202607310612,   5.223,   5.257,9999.000,9999.000,9999.000,9999.000,9999.000,9999.000,9999.000
202607310618,   5.380,   5.408,9999.000,9999.000,9999.000,9999.000,9999.000,9999.000,9999.000
202607310624,   5.537,   5.549,9999.000,9999.000,9999.000,9999.000,9999.000,9999.000,9999.000
202607310630,   5.693,   5.717,9999.000,9999.000,9999.000,9999.000,9999.000,9999.000,9999.000
202607310636,   5.848,   5.867,9999.000,9999.000,9999.000,9999.000,9999.000,9999.000,9999.000
202607310642,   6.002,   6.018,9999.000,9999.000,9999.000,9999.000,9999.000,9999.000,9999.000
202607310648,   6.154,   6.149,9999.000,9999.000,9999.000,9999.000,9999.000,9999.000,9999.000
202607310654,   6.305,   6.287,9999.000,9999.000,9999.000,9999.000,9999.000,9999.000,9999.000
202607310700,   6.453,   6.448,   0.100,  -0.105,   6.448,   0.100,   6.448,   0.100,   6.448
202607310706,   6.598,   6.599,9999.000,9999.000,9999.000,9999.000,9999.000,9999.000,9999.000
202607310712,   6.740,   6.737,9999.000,9999.000,9999.000,9999.000,9999.000,9999.000,9999.000
202607310718,   6.879,   6.887,9999.000,9999.000,9999.000,9999.000,9999.000,9999.000,9999.000
202607310724,   7.014,   7.019,9999.000,9999.000,9999.000,9999.000,9999.000,9999.000,9999.000
202607310730,   7.145,   7.156,9999.000,9999.000,9999.000,9999.000,9999.000,9999.000,9999.000
202607310736,   7.272,   7.288,9999.000,9999.000,9999.000,9999.000,9999.000,9999.000,9999.000
202607310742,   7.394,   7.409,9999.000,9999.000,9999.000,9999.000,9999.000,9999.000,9999.000
202607310748,   7.512,   7.537,9999.000,9999.000,9999.000,9999.000,9999.000,9999.000,9999.000
202607310754,   7.624,   7.668,9999.000,9999.000,9999.000,9999.000,9999.000,9999.000,9999.000
202607310800,   7.731,   7.786,   0.100,  -0.045,   7.786,   0.100,   7.786,   0.100,   7.786
202607310806,   7.832,   7.888,9999.000,9999.000,9999.000,9999.000,9999.000,9999.000,9999.000
202607310812,   7.927,   7.986,9999.000,9999.000,9999.000,9999.000,9999.000,9999.000,9999.000
202607310818,   8.016,   8.088,9999.000,9999.000,9999.000,9999.000,9999.000,9999.000,9999.000
202607310824,   8.098,   8.177,9999.000,9999.000,9999.000,9999.000,9999.000,9999.000,9999.000
202607310830,   8.173,   8.268,9999.000,9999.000,9999.000,9999.000,9999.000,9999.000,9999.000
202607310836,   8.241,   8.347,9999.000,9999.000,9999.000,9999.000,9999.000,9999.000,9999.000
202607310842,   8.301,   8.406,9999.000,9999.000,9999.000,9999.000,9999.000,9999.000,9999.000
202607310848,   8.354,   8.478,9999.000,9999.000,9999.000,9999.000,9999.000,9999.000,9999.000
202607310854,   8.398,   8.527,9999.000,9999.000,9999.000,9999.000,9999.000,9999.000,9999.000
202607310900,   8.435,   8.557,   0.100,   0.022,   8.557,   0.100,   8.557,   0.100,   8.557
202607310906,   8.462,   8.587,9999.000,9999.000,9999.000,9999.000,9999.000,9999.000,9999.000
202607310912,   8.481,   8.606,9999.000,9999.000,9999.000,9999.000,9999.000,9999.000,9999.000
202607310918,   8.491,   8.626,9999.000,9999.000,9999.000,9999.000,9999.000,9999.000,9999.000
202607310924,   8.491,   8.616,9999.000,9999.000,9999.000,9999.000,9999.000,9999.000,9999.000
202607310930,   8.483,   8.596,9999.000,9999.000,9999.000,9999.000,9999.000,9999.000,9999.000
202607310936,   8.464,   8.577,9999.000,9999.000,9999.000,9999.000,9999.000,9999.000,9999.000
202607310942,   8.436,   8.527,9999.000,9999.000,9999.000,9999.000,9999.000,9999.000,9999.000
202607310948,   8.399,   8.478,9999.000,9999.000,9999.000,9999.000,9999.000,9999.000,9999.000
202607310954,   8.351,   8.406,9999.000,9999.000,9999.000,9999.000,9999.000,9999.000,9999.000
202607311000,   8.294,   8.318,   0.100,  -0.076,   8.318,   0.100,   8.318,   0.100,   8.318
202607311006,   8.228,   8.239,9999.000,9999.000,9999.000,9999.000,9999.000,9999.000,9999.000
202607311012,   8.151,   8.147,9999.000,9999.000,9999.000,9999.000,9999.000,9999.000,9999.000
202607311018,   8.065,   8.058,9999.000,9999.000,9999.000,9999.000,9999.000,9999.000,9999.000
202607311024,   7.970,   7.967,9999.000,9999.000,9999.000,9999.000,9999.000,9999.000,9999.000
202607311030,   7.865,   7.878,9999.000,9999.000,9999.000,9999.000,9999.000,9999.000,9999.000
202607311036,   7.751,   7.767,9999.000,9999.000,9999.000,9999.000,9999.000,9999.000,9999.000
202607311042,   7.628,   7.648,9999.000,9999.000,9999.000,9999.000,9999.000,9999.000,9999.000
202607311048,   7.497,   7.517,9999.000,9999.000,9999.000,9999.000,9999.000,9999.000,9999.000
202607311054,   7.358,   7.386,9999.000,9999.000,9999.000,9999.000,9999.000,9999.000,9999.000
202607311100,   7.210,   7.248,   0.100,  -0.062,   7.248,   0.100,   7.248,   0.100,   7.248
202607311106,   7.055,   7.107,9999.000,9999.000,9999.000,9999.000,9999.000,9999.000,9999.000
202607311112,   6.892,   6.966,9999.000,9999.000,9999.000,9999.000,9999.000,9999.000,9999.000
202607311118,   6.722,   6.809,9999.000,9999.000,9999.000,9999.000,9999.000,9999.000,9999.000
202607311124,   6.546,   6.658,9999.000,9999.000,9999.000,9999.000,9999.000,9999.000,9999.000
202607311130,   6.363,   6.497,9999.000,9999.000,9999.000,9999.000,9999.000,9999.000,9999.000
202607311136,   6.175,   6.336,9999.000,9999.000,9999.000,9999.000,9999.000,9999.000,9999.000
202607311142,   5.981,   6.169,9999.000,9999.000,9999.000,9999.000,9999.000,9999.000,9999.000
202607311148,   5.782,   5.999,9999.000,9999.000,9999.000,9999.000,9999.000,9999.000,9999.000
202607311154,   5.578,   5.818,9999.000,9999.000,9999.000,9999.000,9999.000,9999.000,9999.000
202607311200,   5.370,   5.638,   0.100,   0.168,   5.638,   0.100,   5.638,   0.100,   5.638
202607311206,   5.159,   5.448,9999.000,9999.000,9999.000,9999.000,9999.000,9999.000,9999.000
202607311212,   4.944,   5.257,9999.000,9999.000,9999.000,9999.000,9999.000,9999.000,9999.000
202607311218,   4.726,   5.067,9999.000,9999.000,9999.000,9999.000,9999.000,9999.000,9999.000
202607311224,   4.505,   4.867,9999.000,9999.000,9999.000,9999.000,9999.000,9999.000,9999.000
202607311230,   4.283,   4.667,9999.000,9999.000,9999.000,9999.000,9999.000,9999.000,9999.000
202607311236,   4.059,   4.480,9999.000,9999.000,9999.000,9999.000,9999.000,9999.000,9999.000
202607311242,   3.833,   4.280,9999.000,9999.000,9999.000,9999.000,9999.000,9999.000,9999.000
202607311248,   3.608,   4.057,9999.000,9999.000,9999.000,9999.000,9999.000,9999.000,9999.000
202607311254,   3.382,   3.847,9999.000,9999.000,9999.000,9999.000,9999.000,9999.000,9999.000
202607311300,   3.156,   3.637,   0.100,   0.381,   3.637,   0.100,   3.637,   0.100,   3.637
202607311306,   2.931,   3.427,9999.000,9999.000,9999.000,9999.000,9999.000,9999.000,9999.000
202607311312,   2.707,   3.217,9999.000,9999.000,9999.000,9999.000,9999.000,9999.000,9999.000
202607311318,   2.485,   3.007,9999.000,9999.000,9999.000,9999.000,9999.000,9999.000,9999.000
202607311324,   2.266,   2.807,9999.000,9999.000,9999.000,9999.000,9999.000,9999.000,9999.000
202607311330,   2.049,   2.610,9999.000,9999.000,9999.000,9999.000,9999.000,9999.000,9999.000
202607311336,   1.836,   2.400,9999.000,9999.000,9999.000,9999.000,9999.000,9999.000,9999.000
202607311342,   1.626,   2.177,9999.000,9999.000,9999.000,9999.000,9999.000,9999.000,9999.000
202607311348,   1.421,   1.958,9999.000,9999.000,9999.000,9999.000,9999.000,9999.000,9999.000
202607311354,   1.221,   1.738,9999.000,9999.000,9999.000,9999.000,9999.000,9999.000,9999.000
202607311400,   1.027,   1.528,   0.100,   0.401,   1.528,   0.100,   1.528,   0.100,   1.528
202607311406,   0.838,   1.328,9999.000,9999.000,9999.000,9999.000,9999.000,9999.000,9999.000
202607311412,   0.656,   1.118,9999.000,9999.000,9999.000,9999.000,9999.000,9999.000,9999.000
202607311418,   0.481,   0.928,9999.000,9999.000,9999.000,9999.000,9999.000,9999.000,9999.000
202607311424,   0.314,   0.751,9999.000,9999.000,9999.000,9999.000,9999.000,9999.000,9999.000
202607311430,   0.154,   0.580,9999.000,9999.000,9999.000,9999.000,9999.000,9999.000,9999.000
202607311436,   0.003,   0.419,9999.000,9999.000,9999.000,9999.000,9999.000,9999.000,9999.000
202607311442,  -0.138,   0.239,9999.000,9999.000,9999.000,9999.000,9999.000,9999.000,9999.000
202607311448,  -0.271,   0.098,9999.000,9999.000,9999.000,9999.000,9999.000,9999.000,9999.000
202607311454,  -0.394,  -0.039,9999.000,9999.000,9999.000,9999.000,9999.000,9999.000,9999.000
202607311500,  -0.507,  -0.180,   0.100,   0.227,  -0.180,   0.100,  -0.180,   0.100,  -0.180
202607311506,  -0.610,  -0.321,9999.000,9999.000,9999.000,9999.000,9999.000,9999.000,9999.000
202607311512,  -0.702,  -0.459,9999.000,9999.000,9999.000,9999.000,9999.000,9999.000,9999.000
202607311518,  -0.784,  -0.590,9999.000,9999.000,9999.000,9999.000,9999.000,9999.000,9999.000
202607311524,  -0.854,  -0.708,9999.000,9999.000,9999.000,9999.000,9999.000,9999.000,9999.000
202607311530,  -0.913,  -0.810,9999.000,9999.000,9999.000,9999.000,9999.000,9999.000,9999.000
202607311536,  -0.960,  -0.869,9999.000,9999.000,9999.000,9999.000,9999.000,9999.000,9999.000
202607311542,  -0.996,  -0.908,9999.000,9999.000,9999.000,9999.000,9999.000,9999.000,9999.000
202607311548,  -1.021,  -0.908,9999.000,9999.000,9999.000,9999.000,9999.000,9999.000,9999.000
202607311554,  -1.034,  -0.918,9999.000,9999.000,9999.000,9999.000,9999.000,9999.000,9999.000
202607311600,  -1.035,  -0.928,   0.100,   0.007,  -0.928,   0.100,  -0.928,   0.100,  -0.928
202607311606,  -1.025,  -0.941,9999.000,9999.000,9999.000,9999.000,9999.000,9999.000,9999.000
202607311612,  -1.003,  -0.951,9999.000,9999.000,9999.000,9999.000,9999.000,9999.000,9999.000
202607311618,  -0.970,  -0.928,9999.000,9999.000,9999.000,9999.000,9999.000,9999.000,9999.000
202607311624,  -0.926,  -0.859,9999.000,9999.000,9999.000,9999.000,9999.000,9999.000,9999.000
202607311630,  -0.870,  -0.770,9999.000,9999.000,9999.000,9999.000,9999.000,9999.000,9999.000
202607311636,  -0.805,  -0.731,9999.000,9999.000,9999.000,9999.000,9999.000,9999.000,9999.000
202607311642,  -0.728,  -0.669,9999.000,9999.000,9999.000,9999.000,9999.000,9999.000,9999.000
202607311648,  -0.642,  -0.649,9999.000,9999.000,9999.000,9999.000,9999.000,9999.000,9999.000
202607311654,  -0.546,  -0.551,9999.000,9999.000,9999.000,9999.000,9999.000,9999.000,9999.000
202607311700,  -0.440,  -0.449,   0.100,  -0.109,  -0.449,   0.100,  -0.449,   0.100,  -0.449
202607311706,  -0.325,  -0.380,9999.000,9999.000,9999.000,9999.000,9999.000,9999.000,9999.000
202607311712,  -0.202,  -0.259,9999.000,9999.000,9999.000,9999.000,9999.000,9999.000,9999.000
202607311718,  -0.070,  -0.088,9999.000,9999.000,9999.000,9999.000,9999.000,9999.000,9999.000
202607311724,   0.068,   0.088,9999.000,9999.000,9999.000,9999.000,9999.000,9999.000,9999.000
202607311730,   0.215,   0.229,9999.000,9999.000,9999.000,9999.000,9999.000,9999.000,9999.000
202607311736,   0.369,   0.380,9999.000,9999.000,9999.000,9999.000,9999.000,9999.000,9999.000
202607311742,   0.529,   0.570,9999.000,9999.000,9999.000,9999.000,9999.000,9999.000,9999.000
202607311748,   0.694,   0.780,9999.000,9999.000,9999.000,9999.000,9999.000,9999.000,9999.000
202607311754,   0.866,   1.000,9999.000,9999.000,9999.000,9999.000,9999.000,9999.000,9999.000
202607311800,   1.042,   1.210,   0.200,  -0.032,   1.210,   0.200,   1.210,   0.200,   1.210
202607311806,   1.222,   1.439,9999.000,9999.000,9999.000,9999.000,9999.000,9999.000,9999.000
202607311812,   1.407,   1.620,9999.000,9999.000,9999.000,9999.000,9999.000,9999.000,9999.000
202607311818,   1.595,   1.820,9999.000,9999.000,9999.000,9999.000,9999.000,9999.000,9999.000
202607311824,   1.785,   2.049,9999.000,9999.000,9999.000,9999.000,9999.000,9999.000,9999.000
202607311830,   1.979,   2.259,9999.000,9999.000,9999.000,9999.000,9999.000,9999.000,9999.000
202607311836,   2.174,   2.420,9999.000,9999.000,9999.000,9999.000,9999.000,9999.000,9999.000
202607311842,   2.371,   2.558,9999.000,9999.000,9999.000,9999.000,9999.000,9999.000,9999.000
202607311848,   2.568,   2.738,9999.000,9999.000,9999.000,9999.000,9999.000,9999.000,9999.000
202607311854,   2.767,   2.938,9999.000,9999.000,9999.000,9999.000,9999.000,9999.000,9999.000
202607311900,   2.965,   3.138,   0.200,  -0.027,   3.138,   0.200,   3.138,   0.300,   3.238
202607311906,   3.164,   3.319,9999.000,9999.000,9999.000,9999.000,9999.000,9999.000,9999.000
202607311912,   3.362,   3.499,9999.000,9999.000,9999.000,9999.000,9999.000,9999.000,9999.000
202607311918,   3.558,   3.709,9999.000,9999.000,9999.000,9999.000,9999.000,9999.000,9999.000
202607311924,   3.754,   3.909,9999.000,9999.000,9999.000,9999.000,9999.000,9999.000,9999.000
202607311930,   3.948,   4.080,9999.000,9999.000,9999.000,9999.000,9999.000,9999.000,9999.000
202607311936,   4.140,   4.247,9999.000,9999.000,9999.000,9999.000,9999.000,9999.000,9999.000
202607311942,   4.330,   4.427,9999.000,9999.000,9999.000,9999.000,9999.000,9999.000,9999.000
202607311948,   4.517,   4.598,9999.000,9999.000,9999.000,9999.000,9999.000,9999.000,9999.000
202607311954,   4.701,   4.778,9999.000,9999.000,9999.000,9999.000,9999.000,9999.000,9999.000
202607312000,   4.882,   4.959,   0.200,  -0.123,   4.959,   0.200,   4.959,   0.300,   5.059
202607312006,   5.059,   5.139,9999.000,9999.000,9999.000,9999.000,9999.000,9999.000,9999.000
202607312012,   5.232,   5.307,9999.000,9999.000,9999.000,9999.000,9999.000,9999.000,9999.000
202607312018,   5.402,   5.457,9999.000,9999.000,9999.000,9999.000,9999.000,9999.000,9999.000
202607312024,   5.566,   5.628,9999.000,9999.000,9999.000,9999.000,9999.000,9999.000,9999.000
202607312030,   5.726,   5.799,9999.000,9999.000,9999.000,9999.000,9999.000,9999.000,9999.000
202607312036,   5.881,   5.959,9999.000,9999.000,9999.000,9999.000,9999.000,9999.000,9999.000
202607312042,   6.031,   6.097,9999.000,9999.000,9999.000,9999.000,9999.000,9999.000,9999.000
202607312048,   6.175,   6.228,9999.000,9999.000,9999.000,9999.000,9999.000,9999.000,9999.000
202607312054,   6.313,   6.359,9999.000,9999.000,9999.000,9999.000,9999.000,9999.000,9999.000
202607312100,   6.445,   6.477,   0.200,  -0.168,   6.477,   0.200,   6.477,   0.300,   6.577
202607312106,   6.570,   6.599,9999.000,9999.000,9999.000,9999.000,9999.000,9999.000,9999.000
202607312112,   6.689,   6.727,9999.000,9999.000,9999.000,9999.000,9999.000,9999.000,9999.000
202607312118,   6.800,   6.838,9999.000,9999.000,9999.000,9999.000,9999.000,9999.000,9999.000
202607312124,   6.904,   6.947,9999.000,9999.000,9999.000,9999.000,9999.000,9999.000,9999.000
202607312130,   7.000,   7.038,9999.000,9999.000,9999.000,9999.000,9999.000,9999.000,9999.000
202607312136,   7.089,   7.137,9999.000,9999.000,9999.000,9999.000,9999.000,9999.000,9999.000
202607312142,   7.170,   7.229,9999.000,9999.000,9999.000,9999.000,9999.000,9999.000,9999.000
202607312148,   7.242,   7.307,9999.000,9999.000,9999.000,9999.000,9999.000,9999.000,9999.000
202607312154,   7.306,   7.386,9999.000,9999.000,9999.000,9999.000,9999.000,9999.000,9999.000
202607312200,   7.361,   7.458,   0.300,  -0.203,   7.458,   0.200,   7.358,   0.300,   7.458
202607312206,   7.407,   7.537,9999.000,9999.000,9999.000,9999.000,9999.000,9999.000,9999.000
202607312212,   7.445,   7.596,9999.000,9999.000,9999.000,9999.000,9999.000,9999.000,9999.000
202607312218,   7.474,   7.639,9999.000,9999.000,9999.000,9999.000,9999.000,9999.000,9999.000
202607312224,   7.494,   7.678,9999.000,9999.000,9999.000,9999.000,9999.000,9999.000,9999.000
202607312230,   7.505,   7.707,9999.000,9999.000,9999.000,9999.000,9999.000,9999.000,9999.000
202607312236,   7.507,   7.707,9999.000,9999.000,9999.000,9999.000,9999.000,9999.000,9999.000
202607312242,   7.500,   7.707,9999.000,9999.000,9999.000,9999.000,9999.000,9999.000,9999.000
202607312248,   7.484,   7.678,9999.000,9999.000,9999.000,9999.000,9999.000,9999.000,9999.000
202607312254,   7.460,   7.639,9999.000,9999.000,9999.000,9999.000,9999.000,9999.000,9999.000
202607312300,   7.427,   7.609,   0.300,  -0.118,   7.609,   0.300,   7.609,   0.300,   7.609
202607312306,   7.386,   7.566,9999.000,9999.000,9999.000,9999.000,9999.000,9999.000,9999.000
202607312312,   7.337,   7.517,9999.000,9999.000,9999.000,9999.000,9999.000,9999.000,9999.000
202607312318,   7.280,   7.448,9999.000,9999.000,9999.000,9999.000,9999.000,9999.000,9999.000
202607312324,   7.215,   6.796,9999.000,9999.000,9999.000,9999.000,9999.000,9999.000,9999.000
202607312330,   7.143,9999.000,9999.000,9999.000,9999.000,9999.000,9999.000,9999.000,9999.000
202607312336,   7.064,9999.000,9999.000,9999.000,9999.000,9999.000,9999.000,9999.000,9999.000
202607312342,   6.978,9999.000,9999.000,9999.000,9999.000,9999.000,9999.000,9999.000,9999.000
202607312348,   6.885,9999.000,9999.000,9999.000,9999.000,9999.000,9999.000,9999.000,9999.000
202607312354,   6.787,   6.897,9999.000,9999.000,9999.000,9999.000,9999.000,9999.000,9999.000
202608010000,   6.682,   6.799,   0.400,  -0.283,   6.799,   0.400,   6.799,   0.400,   6.799
202608010006,   6.572,   6.687,9999.000,9999.000,9999.000,9999.000,9999.000,9999.000,9999.000
202608010012,   6.457,   6.569,9999.000,9999.000,9999.000,9999.000,9999.000,9999.000,9999.000
202608010018,   6.336,   6.448,9999.000,9999.000,9999.000,9999.000,9999.000,9999.000,9999.000
202608010024,   6.212,   6.317,9999.000,9999.000,9999.000,9999.000,9999.000,9999.000,9999.000
202608010030,   6.083,   6.199,9999.000,9999.000,9999.000,9999.000,9999.000,9999.000,9999.000
202608010036,   5.951,   6.067,9999.000,9999.000,9999.000,9999.000,9999.000,9999.000,9999.000
202608010042,   5.815,   5.949,9999.000,9999.000,9999.000,9999.000,9999.000,9999.000,9999.000
202608010048,   5.676,   5.828,9999.000,9999.000,9999.000,9999.000,9999.000,9999.000,9999.000
202608010054,   5.535,   5.707,9999.000,9999.000,9999.000,9999.000,9999.000,9999.000,9999.000
202608010100,   5.391,   5.579,   0.400,  -0.212,   5.579,   0.400,   5.579,   0.400,   5.579
202608010106,   5.246,   5.438,9999.000,9999.000,9999.000,9999.000,9999.000,9999.000,9999.000
202608010112,   5.099,   5.320,9999.000,9999.000,9999.000,9999.000,9999.000,9999.000,9999.000
202608010118,   4.951,   5.179,9999.000,9999.000,9999.000,9999.000,9999.000,9999.000,9999.000
202608010124,   4.802,   5.028,9999.000,9999.000,9999.000,9999.000,9999.000,9999.000,9999.000
202608010130,   4.654,   4.877,9999.000,9999.000,9999.000,9999.000,9999.000,9999.000,9999.000
202608010136,   4.506,   4.729,9999.000,9999.000,9999.000,9999.000,9999.000,9999.000,9999.000
202608010142,   4.358,   4.578,9999.000,9999.000,9999.000,9999.000,9999.000,9999.000,9999.000
202608010148,   4.212,   4.437,9999.000,9999.000,9999.000,9999.000,9999.000,9999.000,9999.000
202608010154,   4.067,   4.309,9999.000,9999.000,9999.000,9999.000,9999.000,9999.000,9999.000
202608010200,   3.924,   4.168,   0.300,  -0.056,   4.168,   0.300,   4.168,   0.400,   4.268
202608010206,   3.784,   4.008,9999.000,9999.000,9999.000,9999.000,9999.000,9999.000,9999.000
202608010212,   3.647,   3.880,9999.000,9999.000,9999.000,9999.000,9999.000,9999.000,9999.000
202608010218,   3.514,   3.758,9999.000,9999.000,9999.000,9999.000,9999.000,9999.000,9999.000
202608010224,   3.385,   3.637,9999.000,9999.000,9999.000,9999.000,9999.000,9999.000,9999.000
202608010230,   3.260,   3.519,9999.000,9999.000,9999.000,9999.000,9999.000,9999.000,9999.000
202608010236,   3.140,   3.417,9999.000,9999.000,9999.000,9999.000,9999.000,9999.000,9999.000
202608010242,   3.025,   3.309,9999.000,9999.000,9999.000,9999.000,9999.000,9999.000,9999.000
202608010248,   2.916,   3.188,9999.000,9999.000,9999.000,9999.000,9999.000,9999.000,9999.000
202608010254,   2.813,   3.079,9999.000,9999.000,9999.000,9999.000,9999.000,9999.000,9999.000
202608010300,   2.717,   2.958,   0.400,  -0.159,   2.958,   0.300,   2.858,   0.400,   2.958
202608010306,   2.628,   2.869,9999.000,9999.000,9999.000,9999.000,9999.000,9999.000,9999.000
202608010312,   2.546,   2.797,9999.000,9999.000,9999.000,9999.000,9999.000,9999.000,9999.000
202608010318,   2.472,   2.728,9999.000,9999.000,9999.000,9999.000,9999.000,9999.000,9999.000
202608010324,   2.406,   2.650,9999.000,9999.000,9999.000,9999.000,9999.000,9999.000,9999.000
202608010330,   2.348,   2.578,9999.000,9999.000,9999.000,9999.000,9999.000,9999.000,9999.000
202608010336,   2.298,   2.528,9999.000,9999.000,9999.000,9999.000,9999.000,9999.000,9999.000
202608010342,   2.257,   2.489,9999.000,9999.000,9999.000,9999.000,9999.000,9999.000,9999.000
202608010348,   2.225,   2.430,9999.000,9999.000,9999.000,9999.000,9999.000,9999.000,9999.000
202608010354,   2.202,   2.377,9999.000,9999.000,9999.000,9999.000,9999.000,9999.000,9999.000
202608010400,   2.188,   2.348,   0.400,  -0.240,   2.348,   0.400,   2.348,   0.400,   2.348
202608010406,   2.184,   2.328,9999.000,9999.000,9999.000,9999.000,9999.000,9999.000,9999.000
202608010412,   2.188,   2.348,9999.000,9999.000,9999.000,9999.000,9999.000,9999.000,9999.000
202608010418,   2.202,   2.358,9999.000,9999.000,9999.000,9999.000,9999.000,9999.000,9999.000
202608010424,   2.225,   2.358,9999.000,9999.000,9999.000,9999.000,9999.000,9999.000,9999.000
202608010430,   2.257,   2.358,9999.000,9999.000,9999.000,9999.000,9999.000,9999.000,9999.000
202608010436,   2.298,   2.400,9999.000,9999.000,9999.000,9999.000,9999.000,9999.000,9999.000
202608010442,   2.348,   2.440,9999.000,9999.000,9999.000,9999.000,9999.000,9999.000,9999.000
202608010448,   2.406,   2.499,9999.000,9999.000,9999.000,9999.000,9999.000,9999.000,9999.000
202608010454,   2.473,   2.568,9999.000,9999.000,9999.000,9999.000,9999.000,9999.000,9999.000
202608010500,   2.548,   2.640,   0.400,  -0.308,   2.640,   0.400,   2.640,   0.400,   2.640
202608010506,   2.632,   2.699,9999.000,9999.000,9999.000,9999.000,9999.000,9999.000,9999.000
202608010512,   2.723,   2.787,9999.000,9999.000,9999.000,9999.000,9999.000,9999.000,9999.000
202608010518,   2.821,   2.869,9999.000,9999.000,9999.000,9999.000,9999.000,9999.000,9999.000
202608010524,   2.926,   2.997,9999.000,9999.000,9999.000,9999.000,9999.000,9999.000,9999.000
202608010530,   3.038,   3.119,9999.000,9999.000,9999.000,9999.000,9999.000,9999.000,9999.000
202608010536,   3.157,   3.230,9999.000,9999.000,9999.000,9999.000,9999.000,9999.000,9999.000
202608010542,   3.281,   3.329,9999.000,9999.000,9999.000,9999.000,9999.000,9999.000,9999.000
202608010548,   3.410,   3.460,9999.000,9999.000,9999.000,9999.000,9999.000,9999.000,9999.000
202608010554,   3.545,   3.598,9999.000,9999.000,9999.000,9999.000,9999.000,9999.000,9999.000
202608010600,   3.684,   3.749,   0.300,  -0.235,   3.749,   0.300,   3.749,   0.300,   3.749
202608010606,   3.828,   3.890,9999.000,9999.000,9999.000,9999.000,9999.000,9999.000,9999.000
202608010612,   3.975,   4.017,9999.000,9999.000,9999.000,9999.000,9999.000,9999.000,9999.000
202608010618,   4.125,   4.168,9999.000,9999.000,9999.000,9999.000,9999.000,9999.000,9999.000
202608010624,   4.278,   4.309,9999.000,9999.000,9999.000,9999.000,9999.000,9999.000,9999.000
202608010630,   4.433,   4.447,9999.000,9999.000,9999.000,9999.000,9999.000,9999.000,9999.000
202608010636,   4.590,   4.578,9999.000,9999.000,9999.000,9999.000,9999.000,9999.000,9999.000
202608010642,   4.749,   4.729,9999.000,9999.000,9999.000,9999.000,9999.000,9999.000,9999.000
202608010648,   4.908,   4.867,9999.000,9999.000,9999.000,9999.000,9999.000,9999.000,9999.000
202608010654,   5.067,   5.018,9999.000,9999.000,9999.000,9999.000,9999.000,9999.000,9999.000
202608010700,   5.227,   5.188,   0.300,  -0.339,   5.188,   0.200,   5.088,   0.300,   5.188
202608010706,   5.386,   5.359,9999.000,9999.000,9999.000,9999.000,9999.000,9999.000,9999.000
202608010712,   5.544,   5.507,9999.000,9999.000,9999.000,9999.000,9999.000,9999.000,9999.000
202608010718,   5.701,   5.657,9999.000,9999.000,9999.000,9999.000,9999.000,9999.000,9999.000
202608010724,   5.856,   5.799,9999.000,9999.000,9999.000,9999.000,9999.000,9999.000,9999.000
202608010730,   6.009,   5.959,9999.000,9999.000,9999.000,9999.000,9999.000,9999.000,9999.000
202608010736,   6.160,   6.107,9999.000,9999.000,9999.000,9999.000,9999.000,9999.000,9999.000
202608010742,   6.307,   6.258,9999.000,9999.000,9999.000,9999.000,9999.000,9999.000,9999.000
202608010748,   6.452,   6.418,9999.000,9999.000,9999.000,9999.000,9999.000,9999.000,9999.000
202608010754,   6.593,   6.556,9999.000,9999.000,9999.000,9999.000,9999.000,9999.000,9999.000
202608010800,   6.730,   6.697,   0.300,  -0.333,   6.697,   0.200,   6.597,   0.300,   6.697
202608010806,   6.863,   6.828,9999.000,9999.000,9999.000,9999.000,9999.000,9999.000,9999.000
202608010812,   6.992,   6.956,9999.000,9999.000,9999.000,9999.000,9999.000,9999.000,9999.000
202608010818,   7.116,   7.078,9999.000,9999.000,9999.000,9999.000,9999.000,9999.000,9999.000
202608010824,   7.235,   7.209,9999.000,9999.000,9999.000,9999.000,9999.000,9999.000,9999.000
202608010830,   7.349,   7.307,9999.000,9999.000,9999.000,9999.000,9999.000,9999.000,9999.000
202608010836,   7.458,   7.429,9999.000,9999.000,9999.000,9999.000,9999.000,9999.000,9999.000
202608010842,   7.560,   7.557,9999.000,9999.000,9999.000,9999.000,9999.000,9999.000,9999.000
202608010848,   7.657,   7.678,9999.000,9999.000,9999.000,9999.000,9999.000,9999.000,9999.000
202608010854,   7.747,   7.796,9999.000,9999.000,9999.000,9999.000,9999.000,9999.000,9999.000
202608010900,   7.830,   7.898,   0.300,  -0.232,   7.898,   0.200,   7.798,   0.300,   7.898
202608010906,   7.907,   7.996,9999.000,9999.000,9999.000,9999.000,9999.000,9999.000,9999.000
202608010912,   7.976,   8.068,9999.000,9999.000,9999.000,9999.000,9999.000,9999.000,9999.000
202608010918,   8.039,   8.127,9999.000,9999.000,9999.000,9999.000,9999.000,9999.000,9999.000
202608010924,   8.093,   8.196,9999.000,9999.000,9999.000,9999.000,9999.000,9999.000,9999.000
202608010930,   8.140,   8.259,9999.000,9999.000,9999.000,9999.000,9999.000,9999.000,9999.000
202608010936,   8.178,   8.298,9999.000,9999.000,9999.000,9999.000,9999.000,9999.000,9999.000
202608010942,   8.209,   8.337,9999.000,9999.000,9999.000,9999.000,9999.000,9999.000,9999.000
202608010948,   8.231,   8.367,9999.000,9999.000,9999.000,9999.000,9999.000,9999.000,9999.000
202608010954,   8.244,   8.406,9999.000,9999.000,9999.000,9999.000,9999.000,9999.000,9999.000
202608011000,   8.248,   8.416,   0.300,  -0.132,   8.416,   0.300,   8.416,   0.300,   8.416
202608011006,   8.243,   8.426,9999.000,9999.000,9999.000,9999.000,9999.000,9999.000,9999.000
202608011012,   8.229,   8.396,9999.000,9999.000,9999.000,9999.000,9999.000,9999.000,9999.000
202608011018,   8.205,   8.357,9999.000,9999.000,9999.000,9999.000,9999.000,9999.000,9999.000
202608011024,   8.173,   8.308,9999.000,9999.000,9999.000,9999.000,9999.000,9999.000,9999.000
202608011030,   8.130,   8.268,9999.000,9999.000,9999.000,9999.000,9999.000,9999.000,9999.000
202608011036,   8.078,   8.216,9999.000,9999.000,9999.000,9999.000,9999.000,9999.000,9999.000
202608011042,   8.017,   8.147,9999.000,9999.000,9999.000,9999.000,9999.000,9999.000,9999.000
202608011048,   7.946,   8.068,9999.000,9999.000,9999.000,9999.000,9999.000,9999.000,9999.000
202608011054,   7.866,   7.986,9999.000,9999.000,9999.000,9999.000,9999.000,9999.000,9999.000
202608011100,   7.776,   7.888,   0.300,  -0.188,   7.888,   0.300,   7.888,   0.300,   7.888
202608011106,   7.678,   7.776,9999.000,9999.000,9999.000,9999.000,9999.000,9999.000,9999.000
202608011112,   7.570,   7.678,9999.000,9999.000,9999.000,9999.000,9999.000,9999.000,9999.000
202608011118,   7.453,   7.576,9999.000,9999.000,9999.000,9999.000,9999.000,9999.000,9999.000
202608011124,   7.328,   6.648,9999.000,9999.000,9999.000,9999.000,9999.000,9999.000,9999.000
202608011130,   7.195,9999.000,9999.000,9999.000,9999.000,9999.000,9999.000,9999.000,9999.000
202608011136,   7.053,9999.000,9999.000,9999.000,9999.000,9999.000,9999.000,9999.000,9999.000
202608011142,   6.904,9999.000,9999.000,9999.000,9999.000,9999.000,9999.000,9999.000,9999.000
202608011148,   6.747,   6.937,9999.000,9999.000,9999.000,9999.000,9999.000,9999.000,9999.000
202608011154,   6.583,   6.809,9999.000,9999.000,9999.000,9999.000,9999.000,9999.000,9999.000
202608011200,   6.413,   6.648,   0.200,   0.035,   6.648,   0.200,   6.648,   0.200,   6.648
202608011206,   6.236,   6.497,9999.000,9999.000,9999.000,9999.000,9999.000,9999.000,9999.000
202608011212,   6.054,   6.336,9999.000,9999.000,9999.000,9999.000,9999.000,9999.000,9999.000
202608011218,   5.866,   6.159,9999.000,9999.000,9999.000,9999.000,9999.000,9999.000,9999.000
202608011224,   5.673,   5.999,9999.000,9999.000,9999.000,9999.000,9999.000,9999.000,9999.000
202608011230,   5.475,   5.828,9999.000,9999.000,9999.000,9999.000,9999.000,9999.000,9999.000
202608011236,   5.273,   5.638,9999.000,9999.000,9999.000,9999.000,9999.000,9999.000,9999.000
202608011242,   5.068,   5.467,9999.000,9999.000,9999.000,9999.000,9999.000,9999.000,9999.000
202608011248,   4.859,   5.307,9999.000,9999.000,9999.000,9999.000,9999.000,9999.000,9999.000
202608011254,   4.648,   5.120,9999.000,9999.000,9999.000,9999.000,9999.000,9999.000,9999.000
202608011300,   4.434,   5.120,   0.200,   0.486,   5.120,   0.200,   5.120,   0.200,   5.120
202608011306,   4.219,   4.749,9999.000,9999.000,9999.000,9999.000,9999.000,9999.000,9999.000
202608011312,   4.002,   4.559,9999.000,9999.000,9999.000,9999.000,9999.000,9999.000,9999.000
202608011318,   3.785,   4.359,9999.000,9999.000,9999.000,9999.000,9999.000,9999.000,9999.000
202608011324,   3.567,   4.168,9999.000,9999.000,9999.000,9999.000,9999.000,9999.000,9999.000
202608011330,   3.349,   3.958,9999.000,9999.000,9999.000,9999.000,9999.000,9999.000,9999.000
202608011336,   3.132,   3.768,9999.000,9999.000,9999.000,9999.000,9999.000,9999.000,9999.000
202608011342,   2.916,   3.568,9999.000,9999.000,9999.000,9999.000,9999.000,9999.000,9999.000
202608011348,   2.702,   3.378,9999.000,9999.000,9999.000,9999.000,9999.000,9999.000,9999.000
202608011354,   2.489,   3.168,9999.000,9999.000,9999.000,9999.000,9999.000,9999.000,9999.000
202608011400,   2.280,   2.948,   0.200,   0.468,   2.948,   0.200,   2.948,   0.200,   2.948
202608011406,   2.074,   2.738,9999.000,9999.000,9999.000,9999.000,9999.000,9999.000,9999.000
202608011412,   1.871,   2.548,9999.000,9999.000,9999.000,9999.000,9999.000,9999.000,9999.000
202608011418,   1.672,   2.348,9999.000,9999.000,9999.000,9999.000,9999.000,9999.000,9999.000
202608011424,   1.478,   2.138,9999.000,9999.000,9999.000,9999.000,9999.000,9999.000,9999.000
202608011430,   1.290,   1.928,9999.000,9999.000,9999.000,9999.000,9999.000,9999.000,9999.000
202608011436,   1.107,   1.728,9999.000,9999.000,9999.000,9999.000,9999.000,9999.000,9999.000
202608011442,   0.930,   1.538,9999.000,9999.000,9999.000,9999.000,9999.000,9999.000,9999.000
202608011448,   0.760,   1.371,9999.000,9999.000,9999.000,9999.000,9999.000,9999.000,9999.000
202608011454,   0.597,   1.190,9999.000,9999.000,9999.000,9999.000,9999.000,9999.000,9999.000
202608011500,   0.442,   1.000,   0.200,   0.358,   1.000,   0.200,   1.000,   0.200,   1.000
202608011506,   0.294,   0.800,9999.000,9999.000,9999.000,9999.000,9999.000,9999.000,9999.000
202608011512,   0.155,   0.629,9999.000,9999.000,9999.000,9999.000,9999.000,9999.000,9999.000
202608011518,   0.025,   0.478,9999.000,9999.000,9999.000,9999.000,9999.000,9999.000,9999.000
202608011524,  -0.094,   0.321,9999.000,9999.000,9999.000,9999.000,9999.000,9999.000,9999.000
202608011530,  -0.205,   0.200,9999.000,9999.000,9999.000,9999.000,9999.000,9999.000,9999.000
202608011536,  -0.307,   0.059,9999.000,9999.000,9999.000,9999.000,9999.000,9999.000,9999.000
202608011542,  -0.398,  -0.049,9999.000,9999.000,9999.000,9999.000,9999.000,9999.000,9999.000
202608011548,  -0.478,  -0.170,9999.000,9999.000,9999.000,9999.000,9999.000,9999.000,9999.000
202608011554,  -0.548,  -0.259,9999.000,9999.000,9999.000,9999.000,9999.000,9999.000,9999.000
202608011600,  -0.607,  -0.341,   0.200,   0.066,  -0.341,   0.200,  -0.341,   0.200,  -0.341
202608011606,  -0.655,  -0.419,9999.000,9999.000,9999.000,9999.000,9999.000,9999.000,9999.000
202608011612,  -0.691,  -0.478,9999.000,9999.000,9999.000,9999.000,9999.000,9999.000,9999.000
202608011618,  -0.717,  -0.518,9999.000,9999.000,9999.000,9999.000,9999.000,9999.000,9999.000
202608011624,  -0.731,  -0.518,9999.000,9999.000,9999.000,9999.000,9999.000,9999.000,9999.000
202608011630,  -0.733,  -0.560,9999.000,9999.000,9999.000,9999.000,9999.000,9999.000,9999.000
202608011636,  -0.725,  -0.580,9999.000,9999.000,9999.000,9999.000,9999.000,9999.000,9999.000
202608011642,  -0.705,  -0.580,9999.000,9999.000,9999.000,9999.000,9999.000,9999.000,9999.000
202608011648,  -0.674,  -0.551,9999.000,9999.000,9999.000,9999.000,9999.000,9999.000,9999.000
202608011654,  -0.632,  -0.541,9999.000,9999.000,9999.000,9999.000,9999.000,9999.000,9999.000
202608011700,  -0.579,  -0.478,   0.200,  -0.099,  -0.478,   0.100,  -0.578,   0.200,  -0.478
202608011706,  -0.515,  -0.429,9999.000,9999.000,9999.000,9999.000,9999.000,9999.000,9999.000
202608011712,  -0.441,  -0.370,9999.000,9999.000,9999.000,9999.000,9999.000,9999.000,9999.000
202608011718,  -0.357,  -0.308,9999.000,9999.000,9999.000,9999.000,9999.000,9999.000,9999.000
202608011724,  -0.263,  -0.259,9999.000,9999.000,9999.000,9999.000,9999.000,9999.000,9999.000
202608011730,  -0.159,  -0.160,9999.000,9999.000,9999.000,9999.000,9999.000,9999.000,9999.000
202608011736,  -0.047,  -0.068,9999.000,9999.000,9999.000,9999.000,9999.000,9999.000,9999.000
202608011742,   0.074,   0.029,9999.000,9999.000,9999.000,9999.000,9999.000,9999.000,9999.000
202608011748,   0.204,   0.131,9999.000,9999.000,9999.000,9999.000,9999.000,9999.000,9999.000
202608011754,   0.342,   0.278,9999.000,9999.000,9999.000,9999.000,9999.000,9999.000,9999.000
202608011800,   0.488,   0.459,   0.200,  -0.229,   0.459,   0.200,   0.459,   0.200,   0.459
202608011806,   0.641,   0.619,9999.000,9999.000,9999.000,9999.000,9999.000,9999.000,9999.000
202608011812,   0.800,   0.810,9999.000,9999.000,9999.000,9999.000,9999.000,9999.000,9999.000
202608011818,   0.966,   1.010,9999.000,9999.000,9999.000,9999.000,9999.000,9999.000,9999.000
202608011824,   1.138,   1.200,9999.000,9999.000,9999.000,9999.000,9999.000,9999.000,9999.000
202608011830,   1.314,   1.390,9999.000,9999.000,9999.000,9999.000,9999.000,9999.000,9999.000
202608011836,   1.496,   1.580,9999.000,9999.000,9999.000,9999.000,9999.000,9999.000,9999.000
202608011842,   1.681,   1.748,9999.000,9999.000,9999.000,9999.000,9999.000,9999.000,9999.000
202608011848,   1.871,   1.918,9999.000,9999.000,9999.000,9999.000,9999.000,9999.000,9999.000
202608011854,   2.063,   2.099,9999.000,9999.000,9999.000,9999.000,9999.000,9999.000,9999.000
202608011900,   2.258,   2.289,   0.200,  -0.169,   2.289,   0.200,   2.289,   0.200,   2.289
202608011906,   2.455,   2.459,9999.000,9999.000,9999.000,9999.000,9999.000,9999.000,9999.000
202608011912,   2.654,   2.640,9999.000,9999.000,9999.000,9999.000,9999.000,9999.000,9999.000
202608011918,   2.854,   2.820,9999.000,9999.000,9999.000,9999.000,9999.000,9999.000,9999.000
202608011924,   3.055,   2.997,9999.000,9999.000,9999.000,9999.000,9999.000,9999.000,9999.000
202608011930,   3.256,   3.197,9999.000,9999.000,9999.000,9999.000,9999.000,9999.000,9999.000
202608011936,   3.456,   3.388,9999.000,9999.000,9999.000,9999.000,9999.000,9999.000,9999.000
202608011942,   3.656,   3.578,9999.000,9999.000,9999.000,9999.000,9999.000,9999.000,9999.000
202608011948,   3.855,   3.758,9999.000,9999.000,9999.000,9999.000,9999.000,9999.000,9999.000
202608011954,   4.053,   3.939,9999.000,9999.000,9999.000,9999.000,9999.000,9999.000,9999.000
202608012000,   4.248,   4.109,   0.200,  -0.339,   4.109,   0.100,   4.009,   0.200,   4.109
202608012006,   4.442,   4.290,9999.000,9999.000,9999.000,9999.000,9999.000,9999.000,9999.000
202608012012,   4.632,   4.480,9999.000,9999.000,9999.000,9999.000,9999.000,9999.000,9999.000
202608012018,   4.820,   4.657,9999.000,9999.000,9999.000,9999.000,9999.000,9999.000,9999.000
202608012024,   5.004,   4.837,9999.000,9999.000,9999.000,9999.000,9999.000,9999.000,9999.000
202608012030,   5.185,   5.008,9999.000,9999.000,9999.000,9999.000,9999.000,9999.000,9999.000
202608012036,   5.362,   5.169,9999.000,9999.000,9999.000,9999.000,9999.000,9999.000,9999.000
202608012042,   5.535,   5.329,9999.000,9999.000,9999.000,9999.000,9999.000,9999.000,9999.000
202608012048,   5.703,   5.487,9999.000,9999.000,9999.000,9999.000,9999.000,9999.000,9999.000
202608012054,   5.866,   5.657,9999.000,9999.000,9999.000,9999.000,9999.000,9999.000,9999.000
202608012100,   6.025,   5.828,   0.100,  -0.297,   5.828,   0.100,   5.828,   0.200,   5.928
202608012106,   6.178,   5.989,9999.000,9999.000,9999.000,9999.000,9999.000,9999.000,9999.000
202608012112,   6.326,   6.149,9999.000,9999.000,9999.000,9999.000,9999.000,9999.000,9999.000
202608012118,   6.467,   6.307,9999.000,9999.000,9999.000,9999.000,9999.000,9999.000,9999.000
202608012124,   6.603,   6.458,9999.000,9999.000,9999.000,9999.000,9999.000,9999.000,9999.000
202608012130,   6.733,   6.589,9999.000,9999.000,9999.000,9999.000,9999.000,9999.000,9999.000
202608012136,   6.855,   6.697,9999.000,9999.000,9999.000,9999.000,9999.000,9999.000,9999.000
202608012142,   6.972,   6.819,9999.000,9999.000,9999.000,9999.000,9999.000,9999.000,9999.000
202608012148,   7.081,   6.927,9999.000,9999.000,9999.000,9999.000,9999.000,9999.000,9999.000
202608012154,   7.182,   7.038,9999.000,9999.000,9999.000,9999.000,9999.000,9999.000,9999.000
202608012200,   7.276,   7.137,   0.200,  -0.339,   7.137,   0.100,   7.037,   0.200,   7.137
202608012206,   7.363,   7.229,9999.000,9999.000,9999.000,9999.000,9999.000,9999.000,9999.000
202608012212,   7.442,   7.317,9999.000,9999.000,9999.000,9999.000,9999.000,9999.000,9999.000
202608012218,   7.512,   7.409,9999.000,9999.000,9999.000,9999.000,9999.000,9999.000,9999.000
202608012224,   7.574,   7.488,9999.000,9999.000,9999.000,9999.000,9999.000,9999.000,9999.000
202608012230,   7.628,   7.547,9999.000,9999.000,9999.000,9999.000,9999.000,9999.000,9999.000
202608012236,   7.672,   7.619,9999.000,9999.000,9999.000,9999.000,9999.000,9999.000,9999.000
202608012242,   7.709,   7.668,9999.000,9999.000,9999.000,9999.000,9999.000,9999.000,9999.000
202608012248,   7.736,   7.707,9999.000,9999.000,9999.000,9999.000,9999.000,9999.000,9999.000
202608012254,   7.754,   7.737,9999.000,9999.000,9999.000,9999.000,9999.000,9999.000,9999.000
202608012300,   7.763,   7.757,   0.200,  -0.206,   7.757,   0.100,   7.657,   0.200,   7.757
202608012306,   7.763,   7.776,9999.000,9999.000,9999.000,9999.000,9999.000,9999.000,9999.000
202608012312,   7.754,   7.767,9999.000,9999.000,9999.000,9999.000,9999.000,9999.000,9999.000
202608012318,   7.736,   7.747,9999.000,9999.000,9999.000,9999.000,9999.000,9999.000,9999.000
202608012324,   7.710,   7.717,9999.000,9999.000,9999.000,9999.000,9999.000,9999.000,9999.000
202608012330,   7.674,   7.658,9999.000,9999.000,9999.000,9999.000,9999.000,9999.000,9999.000
202608012336,   7.629,   7.586,9999.000,9999.000,9999.000,9999.000,9999.000,9999.000,9999.000
202608012342,   7.576,   7.517,9999.000,9999.000,9999.000,9999.000,9999.000,9999.000,9999.000
202608012348,   7.515,   7.448,9999.000,9999.000,9999.000,9999.000,9999.000,9999.000,9999.000
202608012354,   7.445,   7.357,9999.000,9999.000,9999.000,9999.000,9999.000,9999.000,9999.000
202608020000,   7.368,   7.278,   0.200,  -0.290,   7.278,   0.200,   7.278,   0.200,   7.278
202608020006,   7.283,   7.199,9999.000,9999.000,9999.000,9999.000,9999.000,9999.000,9999.000
202608020012,   7.190,   7.088,9999.000,9999.000,9999.000,9999.000,9999.000,9999.000,9999.000
202608020018,   7.091,   6.999,9999.000,9999.000,9999.000,9999.000,9999.000,9999.000,9999.000
202608020024,   6.985,   6.897,9999.000,9999.000,9999.000,9999.000,9999.000,9999.000,9999.000
202608020030,   6.872,   6.789,9999.000,9999.000,9999.000,9999.000,9999.000,9999.000,9999.000
202608020036,   6.753,   6.668,9999.000,9999.000,9999.000,9999.000,9999.000,9999.000,9999.000
202608020042,   6.629,   6.546,9999.000,9999.000,9999.000,9999.000,9999.000,9999.000,9999.000
202608020048,   6.499,   6.438,9999.000,9999.000,9999.000,9999.000,9999.000,9999.000,9999.000
202608020054,   6.365,   6.297,9999.000,9999.000,9999.000,9999.000,9999.000,9999.000,9999.000
202608020100,   6.226,   6.159,   0.200,  -0.267,   6.159,   0.200,   6.159,   0.200,   6.159
202608020106,   6.083,   6.018,9999.000,9999.000,9999.000,9999.000,9999.000,9999.000,9999.000
202608020112,   5.937,   5.877,9999.000,9999.000,9999.000,9999.000,9999.000,9999.000,9999.000
202608020118,   5.787,   5.749,9999.000,9999.000,9999.000,9999.000,9999.000,9999.000,9999.000
202608020124,   5.635,   5.618,9999.000,9999.000,9999.000,9999.000,9999.000,9999.000,9999.000
202608020130,   5.480,   5.477,9999.000,9999.000,9999.000,9999.000,9999.000,9999.000,9999.000
202608020136,   5.323,   5.349,9999.000,9999.000,9999.000,9999.000,9999.000,9999.000,9999.000
202608020142,   5.165,   5.198,9999.000,9999.000,9999.000,9999.000,9999.000,9999.000,9999.000
202608020148,   5.005,   5.057,9999.000,9999.000,9999.000,9999.000,9999.000,9999.000,9999.000
202608020154,   4.845,   4.919,9999.000,9999.000,9999.000,9999.000,9999.000,9999.000,9999.000
202608020200,   4.685,   4.769,   0.200,  -0.116,   4.769,   0.100,   4.669,   0.200,   4.769
202608020206,   4.525,   4.618,9999.000,9999.000,9999.000,9999.000,9999.000,9999.000,9999.000
202608020212,   4.366,   4.467,9999.000,9999.000,9999.000,9999.000,9999.000,9999.000,9999.000
202608020218,   4.208,   4.319,9999.000,9999.000,9999.000,9999.000,9999.000,9999.000,9999.000
202608020224,   4.052,   4.168,9999.000,9999.000,9999.000,9999.000,9999.000,9999.000,9999.000
202608020230,   3.898,   4.017,9999.000,9999.000,9999.000,9999.000,9999.000,9999.000,9999.000
202608020236,   3.746,   3.890,9999.000,9999.000,9999.000,9999.000,9999.000,9999.000,9999.000
202608020242,   3.597,   3.758,9999.000,9999.000,9999.000,9999.000,9999.000,9999.000,9999.000
202608020248,   3.451,   3.607,9999.000,9999.000,9999.000,9999.000,9999.000,9999.000,9999.000
202608020254,   3.310,   3.480,9999.000,9999.000,9999.000,9999.000,9999.000,9999.000,9999.000
202608020300,   3.172,   3.329,   0.200,  -0.043,   3.329,   0.200,   3.329,   0.200,   3.329
202608020306,   3.040,   3.188,9999.000,9999.000,9999.000,9999.000,9999.000,9999.000,9999.000
202608020312,   2.912,   3.060,9999.000,9999.000,9999.000,9999.000,9999.000,9999.000,9999.000
202608020318,   2.790,   2.938,9999.000,9999.000,9999.000,9999.000,9999.000,9999.000,9999.000
202608020324,   2.675,   2.830,9999.000,9999.000,9999.000,9999.000,9999.000,9999.000,9999.000
202608020330,   2.565,   2.709,9999.000,9999.000,9999.000,9999.000,9999.000,9999.000,9999.000
202608020336,   2.462,   2.597,9999.000,9999.000,9999.000,9999.000,9999.000,9999.000,9999.000
202608020342,   2.366,   2.489,9999.000,9999.000,9999.000,9999.000,9999.000,9999.000,9999.000
202608020348,   2.278,   2.387,9999.000,9999.000,9999.000,9999.000,9999.000,9999.000,9999.000
202608020354,   2.197,   2.299,9999.000,9999.000,9999.000,9999.000,9999.000,9999.000,9999.000
202608020400,   2.124,   2.250,   0.200,  -0.074,   2.250,   0.200,   2.250,   0.200,   2.250
202608020406,   2.060,   2.200,9999.000,9999.000,9999.000,9999.000,9999.000,9999.000,9999.000
202608020412,   2.004,   2.148,9999.000,9999.000,9999.000,9999.000,9999.000,9999.000,9999.000
202608020418,   1.957,   2.089,9999.000,9999.000,9999.000,9999.000,9999.000,9999.000,9999.000
202608020424,   1.918,   2.020,9999.000,9999.000,9999.000,9999.000,9999.000,9999.000,9999.000
202608020430,   1.889,   1.967,9999.000,9999.000,9999.000,9999.000,9999.000,9999.000,9999.000
202608020436,   1.868,   1.928,9999.000,9999.000,9999.000,9999.000,9999.000,9999.000,9999.000
202608020442,   1.857,   1.908,9999.000,9999.000,9999.000,9999.000,9999.000,9999.000,9999.000
202608020448,   1.855,   1.899,9999.000,9999.000,9999.000,9999.000,9999.000,9999.000,9999.000
202608020454,   1.862,   1.849,9999.000,9999.000,9999.000,9999.000,9999.000,9999.000,9999.000
202608020500,   1.878,   1.849,   0.200,  -0.229,   1.849,   0.200,   1.849,   0.200,   1.849
202608020506,   1.903,   1.849,9999.000,9999.000,9999.000,9999.000,9999.000,9999.000,9999.000
202608020512,   1.938,   1.879,9999.000,9999.000,9999.000,9999.000,9999.000,9999.000,9999.000
202608020518,   1.981,   1.948,9999.000,9999.000,9999.000,9999.000,9999.000,9999.000,9999.000
202608020524,   2.033,   2.000,9999.000,9999.000,9999.000,9999.000,9999.000,9999.000,9999.000
202608020530,   2.094,   2.040,9999.000,9999.000,9999.000,9999.000,9999.000,9999.000,9999.000
202608020536,   2.162,   2.099,9999.000,9999.000,9999.000,9999.000,9999.000,9999.000,9999.000
202608020542,   2.240,   2.148,9999.000,9999.000,9999.000,9999.000,9999.000,9999.000,9999.000
202608020548,   2.324,   2.220,9999.000,9999.000,9999.000,9999.000,9999.000,9999.000,9999.000
202608020554,   2.417,   2.309,9999.000,9999.000,9999.000,9999.000,9999.000,9999.000,9999.000
202608020600,   2.517,   2.410,   0.000,  -0.107,   2.410,   0.000,   2.410,   0.100,   2.510
202608020606,   2.623,   2.499,9999.000,9999.000,9999.000,9999.000,9999.000,9999.000,9999.000
202608020612,   2.736,   2.597,9999.000,9999.000,9999.000,9999.000,9999.000,9999.000,9999.000
202608020618,   2.856,   2.728,9999.000,9999.000,9999.000,9999.000,9999.000,9999.000,9999.000
202608020624,   2.981,   2.869,9999.000,9999.000,9999.000,9999.000,9999.000,9999.000,9999.000
202608020630,   3.111,   3.007,9999.000,9999.000,9999.000,9999.000,9999.000,9999.000,9999.000
202608020636,   3.247,   3.148,9999.000,9999.000,9999.000,9999.000,9999.000,9999.000,9999.000
202608020642,   3.387,   3.289,9999.000,9999.000,9999.000,9999.000,9999.000,9999.000,9999.000
202608020648,   3.531,   3.417,9999.000,9999.000,9999.000,9999.000,9999.000,9999.000,9999.000
202608020654,   3.678,   3.539,9999.000,9999.000,9999.000,9999.000,9999.000,9999.000,9999.000
202608020700,   3.829,   3.680,   0.000,  -0.149,   3.680,   0.000,   3.680,   0.100,   3.780
202608020706,   3.982,   3.827,9999.000,9999.000,9999.000,9999.000,9999.000,9999.000,9999.000
202608020712,   4.137,   3.978,9999.000,9999.000,9999.000,9999.000,9999.000,9999.000,9999.000
202608020718,   4.294,   4.129,9999.000,9999.000,9999.000,9999.000,9999.000,9999.000,9999.000
202608020724,   4.452,   4.290,9999.000,9999.000,9999.000,9999.000,9999.000,9999.000,9999.000
202608020730,   4.610,   4.437,9999.000,9999.000,9999.000,9999.000,9999.000,9999.000,9999.000
202608020736,   4.769,   4.578,9999.000,9999.000,9999.000,9999.000,9999.000,9999.000,9999.000
202608020742,   4.928,   4.739,9999.000,9999.000,9999.000,9999.000,9999.000,9999.000,9999.000
202608020748,   5.086,   4.887,9999.000,9999.000,9999.000,9999.000,9999.000,9999.000,9999.000
202608020754,   5.243,   5.038,9999.000,9999.000,9999.000,9999.000,9999.000,9999.000,9999.000
202608020800,   5.398,   5.198,   0.000,  -0.200,   5.198,   0.000,   5.198,   0.100,   5.298
202608020806,   5.551,   5.349,9999.000,9999.000,9999.000,9999.000,9999.000,9999.000,9999.000
202608020812,   5.702,   5.487,9999.000,9999.000,9999.000,9999.000,9999.000,9999.000,9999.000
202608020818,   5.851,   5.628,9999.000,9999.000,9999.000,9999.000,9999.000,9999.000,9999.000
202608020824,   5.996,   5.779,9999.000,9999.000,9999.000,9999.000,9999.000,9999.000,9999.000
202608020830,   6.137,   5.926,9999.000,9999.000,9999.000,9999.000,9999.000,9999.000,9999.000
202608020836,   6.275,   6.067,9999.000,9999.000,9999.000,9999.000,9999.000,9999.000,9999.000
202608020842,   6.409,   6.209,9999.000,9999.000,9999.000,9999.000,9999.000,9999.000,9999.000
202608020848,   6.539,   6.336,9999.000,9999.000,9999.000,9999.000,9999.000,9999.000,9999.000
202608020854,   6.663,   6.477,9999.000,9999.000,9999.000,9999.000,9999.000,9999.000,9999.000
202608020900,   6.783,   6.619,   0.000,  -0.164,   6.619,   0.000,   6.619,   0.100,   6.719
202608020906,   6.898,   6.746,9999.000,9999.000,9999.000,9999.000,9999.000,9999.000,9999.000
202608020912,   7.007,   6.868,9999.000,9999.000,9999.000,9999.000,9999.000,9999.000,9999.000
202608020918,   7.111,   6.979,9999.000,9999.000,9999.000,9999.000,9999.000,9999.000,9999.000
202608020924,   7.208,   7.078,9999.000,9999.000,9999.000,9999.000,9999.000,9999.000,9999.000
202608020930,   7.300,   7.176,9999.000,9999.000,9999.000,9999.000,9999.000,9999.000,9999.000
202608020936,   7.385,   7.288,9999.000,9999.000,9999.000,9999.000,9999.000,9999.000,9999.000
202608020942,   7.464,   7.386,9999.000,9999.000,9999.000,9999.000,9999.000,9999.000,9999.000
202608020948,   7.536,   7.478,9999.000,9999.000,9999.000,9999.000,9999.000,9999.000,9999.000
202608020954,   7.601,   7.566,9999.000,9999.000,9999.000,9999.000,9999.000,9999.000,9999.000
202608021000,   7.658,   7.658,   0.000,   0.000,   7.658,   0.000,   7.658,   0.100,   7.758
202608021006,   7.709,   7.717,9999.000,9999.000,9999.000,9999.000,9999.000,9999.000,9999.000
202608021012,   7.752,   7.776,9999.000,9999.000,9999.000,9999.000,9999.000,9999.000,9999.000
202608021018,   7.787,   7.829,9999.000,9999.000,9999.000,9999.000,9999.000,9999.000,9999.000
202608021024,   7.814,   7.868,9999.000,9999.000,9999.000,9999.000,9999.000,9999.000,9999.000
202608021030,   7.833,   7.878,9999.000,9999.000,9999.000,9999.000,9999.000,9999.000,9999.000
202608021036,   7.843,   7.888,9999.000,9999.000,9999.000,9999.000,9999.000,9999.000,9999.000
202608021042,   7.845,   7.908,9999.000,9999.000,9999.000,9999.000,9999.000,9999.000,9999.000
202608021048,   7.839,   7.917,9999.000,9999.000,9999.000,9999.000,9999.000,9999.000,9999.000
202608021054,   7.824,   7.927,9999.000,9999.000,9999.000,9999.000,9999.000,9999.000,9999.000
202608021100,   7.800,   7.917,   0.000,   0.117,   7.917,   0.000,   7.917,   0.100,   8.017
202608021106,   7.767,   7.878,9999.000,9999.000,9999.000,9999.000,9999.000,9999.000,9999.000
202608021112,   7.725,   7.839,9999.000,9999.000,9999.000,9999.000,9999.000,9999.000,9999.000
202608021118,   7.674,   7.767,9999.000,9999.000,9999.000,9999.000,9999.000,9999.000,9999.000
202608021124,   7.614,   7.707,9999.000,9999.000,9999.000,9999.000,9999.000,9999.000,9999.000
202608021130,   7.546,   7.629,9999.000,9999.000,9999.000,9999.000,9999.000,9999.000,9999.000
202608021136,   7.468,   7.537,9999.000,9999.000,9999.000,9999.000,9999.000,9999.000,9999.000
202608021142,   7.381,   7.439,9999.000,9999.000,9999.000,9999.000,9999.000,9999.000,9999.000
202608021148,   7.286,   7.327,9999.000,9999.000,9999.000,9999.000,9999.000,9999.000,9999.000
202608021154,   7.182,   7.229,9999.000,9999.000,9999.000,9999.000,9999.000,9999.000,9999.000
202608021200,   7.070,   7.117,   0.000,   0.047,   7.117,   0.000,   7.117,   0.000,   7.117
202608021206,   6.950,   6.989,9999.000,9999.000,9999.000,9999.000,9999.000,9999.000,9999.000
202608021212,   6.822,   6.858,9999.000,9999.000,9999.000,9999.000,9999.000,9999.000,9999.000
202608021218,   6.686,   6.727,9999.000,9999.000,9999.000,9999.000,9999.000,9999.000,9999.000
202608021224,   6.543,   6.609,9999.000,9999.000,9999.000,9999.000,9999.000,9999.000,9999.000
202608021230,   6.393,   6.477,9999.000,9999.000,9999.000,9999.000,9999.000,9999.000,9999.000
202608021236,   6.236,   6.336,9999.000,9999.000,9999.000,9999.000,9999.000,9999.000,9999.000
202608021242,   6.073,   6.199,9999.000,9999.000,9999.000,9999.000,9999.000,9999.000,9999.000
202608021248,   5.905,   6.048,9999.000,9999.000,9999.000,9999.000,9999.000,9999.000,9999.000
202608021254,   5.731,   5.897,9999.000,9999.000,9999.000,9999.000,9999.000,9999.000,9999.000
202608021300,   5.552,   5.739,   0.000,   0.187,   5.739,   0.000,   5.739,   0.000,   5.739
202608021306,   5.369,   5.569,9999.000,9999.000,9999.000,9999.000,9999.000,9999.000,9999.000
202608021312,   5.181,   5.408,9999.000,9999.000,9999.000,9999.000,9999.000,9999.000,9999.000
202608021318,   4.990,   5.238,9999.000,9999.000,9999.000,9999.000,9999.000,9999.000,9999.000
202608021324,   4.796,   5.057,9999.000,9999.000,9999.000,9999.000,9999.000,9999.000,9999.000
202608021330,   4.600,   4.887,9999.000,9999.000,9999.000,9999.000,9999.000,9999.000,9999.000
202608021336,   4.401,   4.719,9999.000,9999.000,9999.000,9999.000,9999.000,9999.000,9999.000
202608021342,   4.201,   4.539,9999.000,9999.000,9999.000,9999.000,9999.000,9999.000,9999.000
202608021348,   3.999,   4.359,9999.000,9999.000,9999.000,9999.000,9999.000,9999.000,9999.000
202608021354,   3.798,   4.188,9999.000,9999.000,9999.000,9999.000,9999.000,9999.000,9999.000
202608021400,   3.596,   3.998,   0.000,   0.402,   3.998,   0.000,   3.998,   0.000,   3.998
202608021406,   3.394,   3.798,9999.000,9999.000,9999.000,9999.000,9999.000,9999.000,9999.000
202608021412,   3.193,   3.607,9999.000,9999.000,9999.000,9999.000,9999.000,9999.000,9999.000
202608021418,   2.994,   3.440,9999.000,9999.000,9999.000,9999.000,9999.000,9999.000,9999.000
202608021424,   2.796,   3.250,9999.000,9999.000,9999.000,9999.000,9999.000,9999.000,9999.000
202608021430,   2.601,   3.060,9999.000,9999.000,9999.000,9999.000,9999.000,9999.000,9999.000
202608021436,   2.409,   2.879,9999.000,9999.000,9999.000,9999.000,9999.000,9999.000,9999.000
202608021442,   2.220,   2.689,9999.000,9999.000,9999.000,9999.000,9999.000,9999.000,9999.000
202608021448,   2.035,   2.499,9999.000,9999.000,9999.000,9999.000,9999.000,9999.000,9999.000
202608021454,   1.854,   2.318,9999.000,9999.000,9999.000,9999.000,9999.000,9999.000,9999.000
202608021500,   1.677,   2.128,   0.000,   0.451,   2.128,   0.000,   2.128,   0.000,   2.128
202608021506,   1.506,   1.948,9999.000,9999.000,9999.000,9999.000,9999.000,9999.000,9999.000
202608021512,   1.341,   1.758,9999.000,9999.000,9999.000,9999.000,9999.000,9999.000,9999.000
202608021518,   1.181,   1.590,9999.000,9999.000,9999.000,9999.000,9999.000,9999.000,9999.000
202608021524,   1.028,   1.430,9999.000,9999.000,9999.000,9999.000,9999.000,9999.000,9999.000
202608021530,   0.882,   1.259,9999.000,9999.000,9999.000,9999.000,9999.000,9999.000,9999.000
202608021536,   0.743,   1.098,9999.000,9999.000,9999.000,9999.000,9999.000,9999.000,9999.000
202608021542,   0.612,   0.951,9999.000,9999.000,9999.000,9999.000,9999.000,9999.000,9999.000
202608021548,   0.489,   0.800,9999.000,9999.000,9999.000,9999.000,9999.000,9999.000,9999.000
202608021554,   0.375,   0.659,9999.000,9999.000,9999.000,9999.000,9999.000,9999.000,9999.000
202608021600,   0.269,   0.541,   0.000,   0.272,   0.541,   0.000,   0.541,   0.000,   0.541
202608021606,   0.172,   0.419,9999.000,9999.000,9999.000,9999.000,9999.000,9999.000,9999.000
202608021612,   0.085,   0.308,9999.000,9999.000,9999.000,9999.000,9999.000,9999.000,9999.000
202608021618,   0.007,   0.229,9999.000,9999.000,9999.000,9999.000,9999.000,9999.000,9999.000
202608021624,  -0.060,   0.170,9999.000,9999.000,9999.000,9999.000,9999.000,9999.000,9999.000
202608021630,  -0.117,   0.111,9999.000,9999.000,9999.000,9999.000,9999.000,9999.000,9999.000
202608021636,  -0.165,   0.039,9999.000,9999.000,9999.000,9999.000,9999.000,9999.000,9999.000
202608021642,  -0.202,  -0.039,9999.000,9999.000,9999.000,9999.000,9999.000,9999.000,9999.000
202608021648,  -0.228,  -0.111,9999.000,9999.000,9999.000,9999.000,9999.000,9999.000,9999.000
202608021654,  -0.244,  -0.150,9999.000,9999.000,9999.000,9999.000,9999.000,9999.000,9999.000
202608021700,  -0.250,  -0.141,   0.000,   0.109,  -0.141,   0.000,  -0.141,   0.000,  -0.141
202608021706,  -0.244,  -0.121,9999.000,9999.000,9999.000,9999.000,9999.000,9999.000,9999.000
202608021712,  -0.228,  -0.121,9999.000,9999.000,9999.000,9999.000,9999.000,9999.000,9999.000
202608021718,  -0.201,  -0.131,9999.000,9999.000,9999.000,9999.000,9999.000,9999.000,9999.000
202608021724,  -0.164,  -0.131,9999.000,9999.000,9999.000,9999.000,9999.000,9999.000,9999.000
202608021730,  -0.116,  -0.098,9999.000,9999.000,9999.000,9999.000,9999.000,9999.000,9999.000
202608021736,  -0.058,  -0.049,9999.000,9999.000,9999.000,9999.000,9999.000,9999.000,9999.000
202608021742,   0.009,   0.000,9999.000,9999.000,9999.000,9999.000,9999.000,9999.000,9999.000
202608021748,   0.087,   0.059,9999.000,9999.000,9999.000,9999.000,9999.000,9999.000,9999.000
202608021754,   0.175,   0.141,9999.000,9999.000,9999.000,9999.000,9999.000,9999.000,9999.000
202608021800,   0.272,   0.219,   0.000,  -0.053,   0.219,   0.000,   0.219,   0.000,   0.219
202608021806,   0.379,   0.331,9999.000,9999.000,9999.000,9999.000,9999.000,9999.000,9999.000
202608021812,   0.494,   0.400,9999.000,9999.000,9999.000,9999.000,9999.000,9999.000,9999.000
202608021818,   0.618,   0.531,9999.000,9999.000,9999.000,9999.000,9999.000,9999.000,9999.000
202608021824,   0.749,   0.659,9999.000,9999.000,9999.000,9999.000,9999.000,9999.000,9999.000
202608021830,   0.889,   0.829,9999.000,9999.000,9999.000,9999.000,9999.000,9999.000,9999.000
202608021836,   1.036,   1.010,9999.000,9999.000,9999.000,9999.000,9999.000,9999.000,9999.000
202608021842,   1.190,   1.210,9999.000,9999.000,9999.000,9999.000,9999.000,9999.000,9999.000
202608021848,   1.350,   1.361,9999.000,9999.000,9999.000,9999.000,9999.000,9999.000,9999.000
202608021854,   1.516,   1.518,9999.000,9999.000,9999.000,9999.000,9999.000,9999.000,9999.000
202608021900,   1.688,   1.689,   0.000,   0.001,   1.689,   0.000,   1.689,   0.000,   1.689
202608021906,   1.865,   1.849,9999.000,9999.000,9999.000,9999.000,9999.000,9999.000,9999.000
202608021912,   2.046,   2.040,9999.000,9999.000,9999.000,9999.000,9999.000,9999.000,9999.000
202608021918,   2.231,   2.220,9999.000,9999.000,9999.000,9999.000,9999.000,9999.000,9999.000
202608021924,   2.420,   2.377,9999.000,9999.000,9999.000,9999.000,9999.000,9999.000,9999.000
202608021930,   2.612,   2.558,9999.000,9999.000,9999.000,9999.000,9999.000,9999.000,9999.000
202608021936,   2.806,   2.728,9999.000,9999.000,9999.000,9999.000,9999.000,9999.000,9999.000
202608021942,   3.002,   2.919,9999.000,9999.000,9999.000,9999.000,9999.000,9999.000,9999.000
202608021948,   3.199,   3.089,9999.000,9999.000,9999.000,9999.000,9999.000,9999.000,9999.000
202608021954,   3.397,   3.279,9999.000,9999.000,9999.000,9999.000,9999.000,9999.000,9999.000
202608022000,   3.596,   3.470,   0.000,  -0.126,   3.470,   0.000,   3.470,   0.000,   3.470
202608022006,   3.794,   3.650,9999.000,9999.000,9999.000,9999.000,9999.000,9999.000,9999.000
202608022012,   3.992,   3.817,9999.000,9999.000,9999.000,9999.000,9999.000,9999.000,9999.000
202608022018,   4.189,   3.998,9999.000,9999.000,9999.000,9999.000,9999.000,9999.000,9999.000
202608022024,   4.385,   4.178,9999.000,9999.000,9999.000,9999.000,9999.000,9999.000,9999.000
202608022030,   4.578,   4.359,9999.000,9999.000,9999.000,9999.000,9999.000,9999.000,9999.000
202608022036,   4.769,   4.539,9999.000,9999.000,9999.000,9999.000,9999.000,9999.000,9999.000
202608022042,   4.958,   4.719,9999.000,9999.000,9999.000,9999.000,9999.000,9999.000,9999.000
202608022048,   5.143,   4.900,9999.000,9999.000,9999.000,9999.000,9999.000,9999.000,9999.000
202608022054,   5.325,   5.077,9999.000,9999.000,9999.000,9999.000,9999.000,9999.000,9999.000
202608022100,   5.503,   5.228,   0.000,  -0.275,   5.228,   0.000,   5.228,   0.000,   5.228
202608022106,   5.677,   5.389,9999.000,9999.000,9999.000,9999.000,9999.000,9999.000,9999.000
202608022112,   5.847,   5.549,9999.000,9999.000,9999.000,9999.000,9999.000,9999.000,9999.000
202608022118,   6.012,   5.717,9999.000,9999.000,9999.000,9999.000,9999.000,9999.000,9999.000
202608022124,   6.172,   5.877,9999.000,9999.000,9999.000,9999.000,9999.000,9999.000,9999.000
202608022130,   6.327,   6.038,9999.000,9999.000,9999.000,9999.000,9999.000,9999.000,9999.000
202608022136,   6.476,   6.189,9999.000,9999.000,9999.000,9999.000,9999.000,9999.000,9999.000
202608022142,   6.620,   6.327,9999.000,9999.000,9999.000,9999.000,9999.000,9999.000,9999.000
202608022148,   6.757,   6.468,9999.000,9999.000,9999.000,9999.000,9999.000,9999.000,9999.000
202608022154,   6.889,   6.599,9999.000,9999.000,9999.000,9999.000,9999.000,9999.000,9999.000
202608022200,   7.015,   6.737,   0.000,  -0.278,   6.737,   0.000,   6.737,   0.000,   6.737
202608022206,   7.134,   6.868,9999.000,9999.000,9999.000,9999.000,9999.000,9999.000,9999.000
202608022212,   7.246,   6.989,9999.000,9999.000,9999.000,9999.000,9999.000,9999.000,9999.000
202608022218,   7.351,   7.088,9999.000,9999.000,9999.000,9999.000,9999.000,9999.000,9999.000
202608022224,   7.449,   7.199,9999.000,9999.000,9999.000,9999.000,9999.000,9999.000,9999.000
202608022230,   7.540,   7.307,9999.000,9999.000,9999.000,9999.000,9999.000,9999.000,9999.000
202608022236,   7.624,   7.419,9999.000,9999.000,9999.000,9999.000,9999.000,9999.000,9999.000
202608022242,   7.699,   7.498,9999.000,9999.000,9999.000,9999.000,9999.000,9999.000,9999.000
202608022248,   7.767,   7.576,9999.000,9999.000,9999.000,9999.000,9999.000,9999.000,9999.000
202608022254,   7.827,   7.639,9999.000,9999.000,9999.000,9999.000,9999.000,9999.000,9999.000
202608022300,   7.879,   7.707,   0.000,  -0.172,   7.707,   0.000,   7.707,   0.000,   7.707
202608022306,   7.922,   7.767,9999.000,9999.000,9999.000,9999.000,9999.000,9999.000,9999.000
202608022312,   7.957,   7.819,9999.000,9999.000,9999.000,9999.000,9999.000,9999.000,9999.000
202608022318,   7.983,   7.868,9999.000,9999.000,9999.000,9999.000,9999.000,9999.000,9999.000
202608022324,   8.000,   7.888,9999.000,9999.000,9999.000,9999.000,9999.000,9999.000,9999.000
202608022330,   8.009,   7.908,9999.000,9999.000,9999.000,9999.000,9999.000,9999.000,9999.000
202608022336,   8.008,   7.908,9999.000,9999.000,9999.000,9999.000,9999.000,9999.000,9999.000
202608022342,   7.999,   7.917,9999.000,9999.000,9999.000,9999.000,9999.000,9999.000,9999.000
202608022348,   7.981,   7.908,9999.000,9999.000,9999.000,9999.000,9999.000,9999.000,9999.000
202608022354,   7.953,   7.868,9999.000,9999.000,9999.000,9999.000,9999.000,9999.000,9999.000
202608030000,   7.917,   7.868,   0.000,  -0.049,   7.868,   0.000,   7.868,   0.000,   7.868
202608030006,   7.872,9999.000,9999.000,9999.000,9999.000,9999.000,9999.000,9999.000,9999.000
202608030012,   7.818,9999.000,9999.000,9999.000,9999.000,9999.000,9999.000,9999.000,9999.000
202608030018,   7.755,9999.000,9999.000,9999.000,9999.000,9999.000,9999.000,9999.000,9999.000
202608030024,   7.684,9999.000,9999.000,9999.000,9999.000,9999.000,9999.000,9999.000,9999.000
202608030030,   7.604,9999.000,9999.000,9999.000,9999.000,9999.000,9999.000,9999.000,9999.000
202608030036,   7.517,9999.000,9999.000,9999.000,9999.000,9999.000,9999.000,9999.000,9999.000
202608030042,   7.421,9999.000,9999.000,9999.000,9999.000,9999.000,9999.000,9999.000,9999.000
202608030048,   7.318,9999.000,9999.000,9999.000,9999.000,9999.000,9999.000,9999.000,9999.000
202608030054,   7.208,9999.000,9999.000,9999.000,9999.000,9999.000,9999.000,9999.000,9999.000
202608030100,   7.091,9999.000,   0.000,  -0.048,   7.043,   0.000,   7.043,   0.000,   7.043
202608030106,   6.968,9999.000,9999.000,9999.000,9999.000,9999.000,9999.000,9999.000,9999.000
202608030112,   6.838,9999.000,9999.000,9999.000,9999.000,9999.000,9999.000,9999.000,9999.000
202608030118,   6.703,9999.000,9999.000,9999.000,9999.000,9999.000,9999.000,9999.000,9999.000
202608030124,   6.562,9999.000,9999.000,9999.000,9999.000,9999.000,9999.000,9999.000,9999.000
202608030130,   6.416,9999.000,9999.000,9999.000,9999.000,9999.000,9999.000,9999.000,9999.000
202608030136,   6.266,9999.000,9999.000,9999.000,9999.000,9999.000,9999.000,9999.000,9999.000
202608030142,   6.112,9999.000,9999.000,9999.000,9999.000,9999.000,9999.000,9999.000,9999.000
202608030148,   5.955,9999.000,9999.000,9999.000,9999.000,9999.000,9999.000,9999.000,9999.000
202608030154,   5.794,9999.000,9999.000,9999.000,9999.000,9999.000,9999.000,9999.000,9999.000
202608030200,   5.631,9999.000,   0.000,  -0.046,   5.585,   0.000,   5.585,   0.000,   5.585
202608030206,   5.465,9999.000,9999.000,9999.000,9999.000,9999.000,9999.000,9999.000,9999.000
202608030212,   5.298,9999.000,9999.000,9999.000,9999.000,9999.000,9999.000,9999.000,9999.000
202608030218,   5.129,9999.000,9999.000,9999.000,9999.000,9999.000,9999.000,9999.000,9999.000
202608030224,   4.959,9999.000,9999.000,9999.000,9999.000,9999.000,9999.000,9999.000,9999.000
202608030230,   4.790,9999.000,9999.000,9999.000,9999.000,9999.000,9999.000,9999.000,9999.000
202608030236,   4.620,9999.000,9999.000,9999.000,9999.000,9999.000,9999.000,9999.000,9999.000
202608030242,   4.450,9999.000,9999.000,9999.000,9999.000,9999.000,9999.000,9999.000,9999.000
202608030248,   4.282,9999.000,9999.000,9999.000,9999.000,9999.000,9999.000,9999.000,9999.000
202608030254,   4.115,9999.000,9999.000,9999.000,9999.000,9999.000,9999.000,9999.000,9999.000
202608030300,   3.950,9999.000,   0.000,  -0.045,   3.905,   0.000,   3.905,   0.000,   3.905
202608030306,   3.787,9999.000,9999.000,9999.000,9999.000,9999.000,9999.000,9999.000,9999.000
202608030312,   3.627,9999.000,9999.000,9999.000,9999.000,9999.000,9999.000,9999.000,9999.000
202608030318,   3.470,9999.000,9999.000,9999.000,9999.000,9999.000,9999.000,9999.000,9999.000
202608030324,   3.316,9999.000,9999.000,9999.000,9999.000,9999.000,9999.000,9999.000,9999.000
202608030330,   3.166,9999.000,9999.000,9999.000,9999.000,9999.000,9999.000,9999.000,9999.000
202608030336,   3.021,9999.000,9999.000,9999.000,9999.000,9999.000,9999.000,9999.000,9999.000
202608030342,   2.880,9999.000,9999.000,9999.000,9999.000,9999.000,9999.000,9999.000,9999.000
202608030348,   2.744,9999.000,9999.000,9999.000,9999.000,9999.000,9999.000,9999.000,9999.000
202608030354,   2.614,9999.000,9999.000,9999.000,9999.000,9999.000,9999.000,9999.000,9999.000
202608030400,   2.489,9999.000,   0.000,  -0.044,   2.445,   0.000,   2.445,   0.000,   2.445
202608030406,   2.371,9999.000,9999.000,9999.000,9999.000,9999.000,9999.000,9999.000,9999.000
202608030412,   2.259,9999.000,9999.000,9999.000,9999.000,9999.000,9999.000,9999.000,9999.000
202608030418,   2.154,9999.000,9999.000,9999.000,9999.000,9999.000,9999.000,9999.000,9999.000
202608030424,   2.056,9999.000,9999.000,9999.000,9999.000,9999.000,9999.000,9999.000,9999.000
202608030430,   1.965,9999.000,9999.000,9999.000,9999.000,9999.000,9999.000,9999.000,9999.000
202608030436,   1.882,9999.000,9999.000,9999.000,9999.000,9999.000,9999.000,9999.000,9999.000
202608030442,   1.808,9999.000,9999.000,9999.000,9999.000,9999.000,9999.000,9999.000,9999.000
202608030448,   1.741,9999.000,9999.000,9999.000,9999.000,9999.000,9999.000,9999.000,9999.000
202608030454,   1.682,9999.000,9999.000,9999.000,9999.000,9999.000,9999.000,9999.000,9999.000
202608030500,   1.632,9999.000,   0.000,  -0.042,   1.590,   0.000,   1.590,   0.000,   1.590
202608030506,   1.591,9999.000,9999.000,9999.000,9999.000,9999.000,9999.000,9999.000,9999.000
202608030512,   1.559,9999.000,9999.000,9999.000,9999.000,9999.000,9999.000,9999.000,9999.000
202608030518,   1.535,9999.000,9999.000,9999.000,9999.000,9999.000,9999.000,9999.000,9999.000
202608030524,   1.521,9999.000,9999.000,9999.000,9999.000,9999.000,9999.000,9999.000,9999.000
202608030530,   1.515,9999.000,9999.000,9999.000,9999.000,9999.000,9999.000,9999.000,9999.000
202608030536,   1.519,9999.000,9999.000,9999.000,9999.000,9999.000,9999.000,9999.000,9999.000
202608030542,   1.531,9999.000,9999.000,9999.000,9999.000,9999.000,9999.000,9999.000,9999.000
202608030548,   1.553,9999.000,9999.000,9999.000,9999.000,9999.000,9999.000,9999.000,9999.000
202608030554,   1.583,9999.000,9999.000,9999.000,9999.000,9999.000,9999.000,9999.000,9999.000
202608030600,   1.622,9999.000,   0.000,  -0.041,   1.581,  -0.100,   1.481,   0.000,   1.581
202608030606,   1.669,9999.000,9999.000,9999.000,9999.000,9999.000,9999.000,9999.000,9999.000
202608030612,   1.725,9999.000,9999.000,9999.000,9999.000,9999.000,9999.000,9999.000,9999.000
202608030618,   1.790,9999.000,9999.000,9999.000,9999.000,9999.000,9999.000,9999.000,9999.000
202608030624,   1.862,9999.000,9999.000,9999.000,9999.000,9999.000,9999.000,9999.000,9999.000
202608030630,   1.942,9999.000,9999.000,9999.000,9999.000,9999.000,9999.000,9999.000,9999.000
202608030636,   2.030,9999.000,9999.000,9999.000,9999.000,9999.000,9999.000,9999.000,9999.000
202608030642,   2.124,9999.000,9999.000,9999.000,9999.000,9999.000,9999.000,9999.000,9999.000
202608030648,   2.226,9999.000,9999.000,9999.000,9999.000,9999.000,9999.000,9999.000,9999.000
202608030654,   2.334,9999.000,9999.000,9999.000,9999.000,9999.000,9999.000,9999.000,9999.000
202608030700,   2.449,9999.000,  -0.100,  -0.040,   2.309,  -0.100,   2.309,   0.000,   2.409
202608030706,   2.569,9999.000,9999.000,9999.000,9999.000,9999.000,9999.000,9999.000,9999.000
202608030712,   2.694,9999.000,9999.000,9999.000,9999.000,9999.000,9999.000,9999.000,9999.000
202608030718,   2.825,9999.000,9999.000,9999.000,9999.000,9999.000,9999.000,9999.000,9999.000
202608030724,   2.960,9999.000,9999.000,9999.000,9999.000,9999.000,9999.000,9999.000,9999.000
202608030730,   3.098,9999.000,9999.000,9999.000,9999.000,9999.000,9999.000,9999.000,9999.000
202608030736,   3.241,9999.000,9999.000,9999.000,9999.000,9999.000,9999.000,9999.000,9999.000
202608030742,   3.387,9999.000,9999.000,9999.000,9999.000,9999.000,9999.000,9999.000,9999.000
202608030748,   3.535,9999.000,9999.000,9999.000,9999.000,9999.000,9999.000,9999.000,9999.000
202608030754,   3.685,9999.000,9999.000,9999.000,9999.000,9999.000,9999.000,9999.000,9999.000
202608030800,   3.837,9999.000,  -0.100,  -0.038,   3.699,  -0.100,   3.699,   0.000,   3.799
202608030806,   3.991,9999.000,9999.000,9999.000,9999.000,9999.000,9999.000,9999.000,9999.000
202608030812,   4.145,9999.000,9999.000,9999.000,9999.000,9999.000,9999.000,9999.000,9999.000
202608030818,   4.299,9999.000,9999.000,9999.000,9999.000,9999.000,9999.000,9999.000,9999.000
202608030824,   4.453,9999.000,9999.000,9999.000,9999.000,9999.000,9999.000,9999.000,9999.000
202608030830,   4.606,9999.000,9999.000,9999.000,9999.000,9999.000,9999.000,9999.000,9999.000
202608030836,   4.759,9999.000,9999.000,9999.000,9999.000,9999.000,9999.000,9999.000,9999.000
202608030842,   4.909,9999.000,9999.000,9999.000,9999.000,9999.000,9999.000,9999.000,9999.000
202608030848,   5.058,9999.000,9999.000,9999.000,9999.000,9999.000,9999.000,9999.000,9999.000
202608030854,   5.204,9999.000,9999.000,9999.000,9999.000,9999.000,9999.000,9999.000,9999.000
202608030900,   5.348,9999.000,  -0.100,  -0.037,   5.211,  -0.100,   5.211,  -0.100,   5.211
202608030906,   5.489,9999.000,9999.000,9999.000,9999.000,9999.000,9999.000,9999.000,9999.000
202608030912,   5.626,9999.000,9999.000,9999.000,9999.000,9999.000,9999.000,9999.000,9999.000
202608030918,   5.759,9999.000,9999.000,9999.000,9999.000,9999.000,9999.000,9999.000,9999.000
202608030924,   5.889,9999.000,9999.000,9999.000,9999.000,9999.000,9999.000,9999.000,9999.000
202608030930,   6.014,9999.000,9999.000,9999.000,9999.000,9999.000,9999.000,9999.000,9999.000
202608030936,   6.135,9999.000,9999.000,9999.000,9999.000,9999.000,9999.000,9999.000,9999.000
202608030942,   6.251,9999.000,9999.000,9999.000,9999.000,9999.000,9999.000,9999.000,9999.000
202608030948,   6.362,9999.000,9999.000,9999.000,9999.000,9999.000,9999.000,9999.000,9999.000
202608030954,   6.467,9999.000,9999.000,9999.000,9999.000,9999.000,9999.000,9999.000,9999.000
202608031000,   6.568,9999.000,  -0.100,  -0.036,   6.432,  -0.100,   6.432,   0.000,   6.532
202608031006,   6.662,9999.000,9999.000,9999.000,9999.000,9999.000,9999.000,9999.000,9999.000
202608031012,   6.751,9999.000,9999.000,9999.000,9999.000,9999.000,9999.000,9999.000,9999.000
202608031018,   6.834,9999.000,9999.000,9999.000,9999.000,9999.000,9999.000,9999.000,9999.000
202608031024,   6.911,9999.000,9999.000,9999.000,9999.000,9999.000,9999.000,9999.000,9999.000
202608031030,   6.981,9999.000,9999.000,9999.000,9999.000,9999.000,9999.000,9999.000,9999.000
202608031036,   7.045,9999.000,9999.000,9999.000,9999.000,9999.000,9999.000,9999.000,9999.000
202608031042,   7.102,9999.000,9999.000,9999.000,9999.000,9999.000,9999.000,9999.000,9999.000
202608031048,   7.153,9999.000,9999.000,9999.000,9999.000,9999.000,9999.000,9999.000,9999.000
202608031054,   7.196,9999.000,9999.000,9999.000,9999.000,9999.000,9999.000,9999.000,9999.000
202608031100,   7.232,9999.000,  -0.100,  -0.034,   7.098,  -0.100,   7.098,   0.000,   7.198
202608031106,   7.261,9999.000,9999.000,9999.000,9999.000,9999.000,9999.000,9999.000,9999.000
202608031112,   7.283,9999.000,9999.000,9999.000,9999.000,9999.000,9999.000,9999.000,9999.000
202608031118,   7.297,9999.000,9999.000,9999.000,9999.000,9999.000,9999.000,9999.000,9999.000
202608031124,   7.303,9999.000,9999.000,9999.000,9999.000,9999.000,9999.000,9999.000,9999.000
202608031130,   7.302,9999.000,9999.000,9999.000,9999.000,9999.000,9999.000,9999.000,9999.000
202608031136,   7.292,9999.000,9999.000,9999.000,9999.000,9999.000,9999.000,9999.000,9999.000
202608031142,   7.274,9999.000,9999.000,9999.000,9999.000,9999.000,9999.000,9999.000,9999.000
202608031148,   7.248,9999.000,9999.000,9999.000,9999.000,9999.000,9999.000,9999.000,9999.000
202608031154,   7.214,9999.000,9999.000,9999.000,9999.000,9999.000,9999.000,9999.000,9999.000
202608031200,   7.172,9999.000,  -0.100,  -0.033,   7.039,  -0.100,   7.039,   0.000,   7.139
202608031206,   7.121,9999.000,9999.000,9999.000,9999.000,9999.000,9999.000,9999.000,9999.000
202608031212,   7.062,9999.000,9999.000,9999.000,9999.000,9999.000,9999.000,9999.000,9999.000
202608031218,   6.995,9999.000,9999.000,9999.000,9999.000,9999.000,9999.000,9999.000,9999.000
202608031224,   6.920,9999.000,9999.000,9999.000,9999.000,9999.000,9999.000,9999.000,9999.000
202608031230,   6.836,9999.000,9999.000,9999.000,9999.000,9999.000,9999.000,9999.000,9999.000
202608031236,   6.745,9999.000,9999.000,9999.000,9999.000,9999.000,9999.000,9999.000,9999.000
202608031242,   6.646,9999.000,9999.000,9999.000,9999.000,9999.000,9999.000,9999.000,9999.000
202608031248,   6.539,9999.000,9999.000,9999.000,9999.000,9999.000,9999.000,9999.000,9999.000
202608031254,   6.425,9999.000,9999.000,9999.000,9999.000,9999.000,9999.000,9999.000,9999.000
202608031300,   6.304,9999.000,  -0.100,  -0.033,   6.171,  -0.100,   6.171,   0.000,   6.271
202608031306,   6.176,9999.000,9999.000,9999.000,9999.000,9999.000,9999.000,9999.000,9999.000
202608031312,   6.042,9999.000,9999.000,9999.000,9999.000,9999.000,9999.000,9999.000,9999.000
202608031318,   5.902,9999.000,9999.000,9999.000,9999.000,9999.000,9999.000,9999.000,9999.000
202608031324,   5.756,9999.000,9999.000,9999.000,9999.000,9999.000,9999.000,9999.000,9999.000
202608031330,   5.605,9999.000,9999.000,9999.000,9999.000,9999.000,9999.000,9999.000,9999.000
202608031336,   5.449,9999.000,9999.000,9999.000,9999.000,9999.000,9999.000,9999.000,9999.000
202608031342,   5.289,9999.000,9999.000,9999.000,9999.000,9999.000,9999.000,9999.000,9999.000
202608031348,   5.125,9999.000,9999.000,9999.000,9999.000,9999.000,9999.000,9999.000,9999.000
202608031354,   4.957,9999.000,9999.000,9999.000,9999.000,9999.000,9999.000,9999.000,9999.000
202608031400,   4.787,9999.000,  -0.100,  -0.033,   4.654,  -0.100,   4.654,   0.000,   4.754
202608031406,   4.613,9999.000,9999.000,9999.000,9999.000,9999.000,9999.000,9999.000,9999.000
202608031412,   4.438,9999.000,9999.000,9999.000,9999.000,9999.000,9999.000,9999.000,9999.000
202608031418,   4.262,9999.000,9999.000,9999.000,9999.000,9999.000,9999.000,9999.000,9999.000
202608031424,   4.084,9999.000,9999.000,9999.000,9999.000,9999.000,9999.000,9999.000,9999.000
202608031430,   3.906,9999.000,9999.000,9999.000,9999.000,9999.000,9999.000,9999.000,9999.000
202608031436,   3.728,9999.000,9999.000,9999.000,9999.000,9999.000,9999.000,9999.000,9999.000
202608031442,   3.550,9999.000,9999.000,9999.000,9999.000,9999.000,9999.000,9999.000,9999.000
202608031448,   3.373,9999.000,9999.000,9999.000,9999.000,9999.000,9999.000,9999.000,9999.000
202608031454,   3.197,9999.000,9999.000,9999.000,9999.000,9999.000,9999.000,9999.000,9999.000
202608031500,   3.023,9999.000,   0.000,  -0.033,   2.990,  -0.100,   2.890,   0.000,   2.990
202608031506,   2.852,9999.000,9999.000,9999.000,9999.000,9999.000,9999.000,9999.000,9999.000
202608031512,   2.683,9999.000,9999.000,9999.000,9999.000,9999.000,9999.000,9999.000,9999.000
202608031518,   2.517,9999.000,9999.000,9999.000,9999.000,9999.000,9999.000,9999.000,9999.000
202608031524,   2.355,9999.000,9999.000,9999.000,9999.000,9999.000,9999.000,9999.000,9999.000
202608031530,   2.196,9999.000,9999.000,9999.000,9999.000,9999.000,9999.000,9999.000,9999.000
202608031536,   2.042,9999.000,9999.000,9999.000,9999.000,9999.000,9999.000,9999.000,9999.000
202608031542,   1.893,9999.000,9999.000,9999.000,9999.000,9999.000,9999.000,9999.000,9999.000
202608031548,   1.749,9999.000,9999.000,9999.000,9999.000,9999.000,9999.000,9999.000,9999.000
202608031554,   1.610,9999.000,9999.000,9999.000,9999.000,9999.000,9999.000,9999.000,9999.000
202608031600,   1.477,9999.000,   0.000,  -0.033,   1.444,  -0.100,   1.344,   0.000,   1.444
202608031606,   1.350,9999.000,9999.000,9999.000,9999.000,9999.000,9999.000,9999.000,9999.000
202608031612,   1.230,9999.000,9999.000,9999.000,9999.000,9999.000,9999.000,9999.000,9999.000
202608031618,   1.117,9999.000,9999.000,9999.000,9999.000,9999.000,9999.000,9999.000,9999.000
202608031624,   1.011,9999.000,9999.000,9999.000,9999.000,9999.000,9999.000,9999.000,9999.000
202608031630,   0.912,9999.000,9999.000,9999.000,9999.000,9999.000,9999.000,9999.000,9999.000
202608031636,   0.822,9999.000,9999.000,9999.000,9999.000,9999.000,9999.000,9999.000,9999.000
202608031642,   0.739,9999.000,9999.000,9999.000,9999.000,9999.000,9999.000,9999.000,9999.000
202608031648,   0.665,9999.000,9999.000,9999.000,9999.000,9999.000,9999.000,9999.000,9999.000
202608031654,   0.600,9999.000,9999.000,9999.000,9999.000,9999.000,9999.000,9999.000,9999.000
202608031700,   0.543,9999.000,  -0.100,  -0.033,   0.410,  -0.100,   0.410,  -0.100,   0.410
202608031706,   0.495,9999.000,9999.000,9999.000,9999.000,9999.000,9999.000,9999.000,9999.000
202608031712,   0.457,9999.000,9999.000,9999.000,9999.000,9999.000,9999.000,9999.000,9999.000
202608031718,   0.428,9999.000,9999.000,9999.000,9999.000,9999.000,9999.000,9999.000,9999.000
202608031724,   0.408,9999.000,9999.000,9999.000,9999.000,9999.000,9999.000,9999.000,9999.000
202608031730,   0.398,9999.000,9999.000,9999.000,9999.000,9999.000,9999.000,9999.000,9999.000
202608031736,   0.398,9999.000,9999.000,9999.000,9999.000,9999.000,9999.000,9999.000,9999.000
202608031742,   0.407,9999.000,9999.000,9999.000,9999.000,9999.000,9999.000,9999.000,9999.000
202608031748,   0.426,9999.000,9999.000,9999.000,9999.000,9999.000,9999.000,9999.000,9999.000
202608031754,   0.455,9999.000,9999.000,9999.000,9999.000,9999.000,9999.000,9999.000,9999.000
202608031800,   0.494,9999.000,  -0.100,  -0.033,   0.361,  -0.100,   0.361,   0.000,   0.461
202608031806,   0.542,9999.000,9999.000,9999.000,9999.000,9999.000,9999.000,9999.000,9999.000
202608031812,   0.600,9999.000,9999.000,9999.000,9999.000,9999.000,9999.000,9999.000,9999.000
202608031818,   0.667,9999.000,9999.000,9999.000,9999.000,9999.000,9999.000,9999.000,9999.000
202608031824,   0.743,9999.000,9999.000,9999.000,9999.000,9999.000,9999.000,9999.000,9999.000
202608031830,   0.829,9999.000,9999.000,9999.000,9999.000,9999.000,9999.000,9999.000,9999.000
202608031836,   0.923,9999.000,9999.000,9999.000,9999.000,9999.000,9999.000,9999.000,9999.000
202608031842,   1.026,9999.000,9999.000,9999.000,9999.000,9999.000,9999.000,9999.000,9999.000
202608031848,   1.137,9999.000,9999.000,9999.000,9999.000,9999.000,9999.000,9999.000,9999.000
202608031854,   1.257,9999.000,9999.000,9999.000,9999.000,9999.000,9999.000,9999.000,9999.000
202608031900,   1.384,9999.000,  -0.100,  -0.033,   1.251,  -0.100,   1.251,   0.000,   1.351
202608031906,   1.518,9999.000,9999.000,9999.000,9999.000,9999.000,9999.000,9999.000,9999.000
202608031912,   1.659,9999.000,9999.000,9999.000,9999.000,9999.000,9999.000,9999.000,9999.000
202608031918,   1.807,9999.000,9999.000,9999.000,9999.000,9999.000,9999.000,9999.000,9999.000
202608031924,   1.961,9999.000,9999.000,9999.000,9999.000,9999.000,9999.000,9999.000,9999.000
202608031930,   2.121,9999.000,9999.000,9999.000,9999.000,9999.000,9999.000,9999.000,9999.000
202608031936,   2.286,9999.000,9999.000,9999.000,9999.000,9999.000,9999.000,9999.000,9999.000
202608031942,   2.456,9999.000,9999.000,9999.000,9999.000,9999.000,9999.000,9999.000,9999.000
202608031948,   2.630,9999.000,9999.000,9999.000,9999.000,9999.000,9999.000,9999.000,9999.000
202608031954,   2.809,9999.000,9999.000,9999.000,9999.000,9999.000,9999.000,9999.000,9999.000
202608032000,   2.990,9999.000,  -0.100,  -0.033,   2.857,  -0.100,   2.857,   0.000,   2.957
202608032006,   3.174,9999.000,9999.000,9999.000,9999.000,9999.000,9999.000,9999.000,9999.000
202608032012,   3.361,9999.000,9999.000,9999.000,9999.000,9999.000,9999.000,9999.000,9999.000
202608032018,   3.549,9999.000,9999.000,9999.000,9999.000,9999.000,9999.000,9999.000,9999.000
202608032024,   3.739,9999.000,9999.000,9999.000,9999.000,9999.000,9999.000,9999.000,9999.000
202608032030,   3.930,9999.000,9999.000,9999.000,9999.000,9999.000,9999.000,9999.000,9999.000
202608032036,   4.121,9999.000,9999.000,9999.000,9999.000,9999.000,9999.000,9999.000,9999.000
202608032042,   4.311,9999.000,9999.000,9999.000,9999.000,9999.000,9999.000,9999.000,9999.000
202608032048,   4.501,9999.000,9999.000,9999.000,9999.000,9999.000,9999.000,9999.000,9999.000
202608032054,   4.690,9999.000,9999.000,9999.000,9999.000,9999.000,9999.000,9999.000,9999.000
202608032100,   4.877,9999.000,  -0.100,  -0.033,   4.744,  -0.200,   4.644,  -0.100,   4.744
202608032106,   5.062,9999.000,9999.000,9999.000,9999.000,9999.000,9999.000,9999.000,9999.000
202608032112,   5.245,9999.000,9999.000,9999.000,9999.000,9999.000,9999.000,9999.000,9999.000
202608032118,   5.425,9999.000,9999.000,9999.000,9999.000,9999.000,9999.000,9999.000,9999.000
202608032124,   5.601,9999.000,9999.000,9999.000,9999.000,9999.000,9999.000,9999.000,9999.000
202608032130,   5.774,9999.000,9999.000,9999.000,9999.000,9999.000,9999.000,9999.000,9999.000
202608032136,   5.943,9999.000,9999.000,9999.000,9999.000,9999.000,9999.000,9999.000,9999.000
202608032142,   6.108,9999.000,9999.000,9999.000,9999.000,9999.000,9999.000,9999.000,9999.000
202608032148,   6.269,9999.000,9999.000,9999.000,9999.000,9999.000,9999.000,9999.000,9999.000
202608032154,   6.424,9999.000,9999.000,9999.000,9999.000,9999.000,9999.000,9999.000,9999.000
202608032200,   6.575,9999.000,  -0.100,  -0.033,   6.442,  -0.100,   6.442,   0.000,   6.542
202608032206,   6.720,9999.000,9999.000,9999.000,9999.000,9999.000,9999.000,9999.000,9999.000
202608032212,   6.859,9999.000,9999.000,9999.000,9999.000,9999.000,9999.000,9999.000,9999.000
202608032218,   6.993,9999.000,9999.000,9999.000,9999.000,9999.000,9999.000,9999.000,9999.000
202608032224,   7.121,9999.000,9999.000,9999.000,9999.000,9999.000,9999.000,9999.000,9999.000
202608032230,   7.243,9999.000,9999.000,9999.000,9999.000,9999.000,9999.000,9999.000,9999.000
202608032236,   7.359,9999.000,9999.000,9999.000,9999.000,9999.000,9999.000,9999.000,9999.000
202608032242,   7.468,9999.000,9999.000,9999.000,9999.000,9999.000,9999.000,9999.000,9999.000
202608032248,   7.570,9999.000,9999.000,9999.000,9999.000,9999.000,9999.000,9999.000,9999.000
202608032254,   7.666,9999.000,9999.000,9999.000,9999.000,9999.000,9999.000,9999.000,9999.000
202608032300,   7.755,9999.000,   0.000,  -0.033,   7.722,  -0.100,   7.622,   0.000,   7.722
202608032306,   7.837,9999.000,9999.000,9999.000,9999.000,9999.000,9999.000,9999.000,9999.000
202608032312,   7.911,9999.000,9999.000,9999.000,9999.000,9999.000,9999.000,9999.000,9999.000
202608032318,   7.978,9999.000,9999.000,9999.000,9999.000,9999.000,9999.000,9999.000,9999.000
202608032324,   8.037,9999.000,9999.000,9999.000,9999.000,9999.000,9999.000,9999.000,9999.000
202608032330,   8.089,9999.000,9999.000,9999.000,9999.000,9999.000,9999.000,9999.000,9999.000
202608032336,   8.133,9999.000,9999.000,9999.000,9999.000,9999.000,9999.000,9999.000,9999.000
202608032342,   8.168,9999.000,9999.000,9999.000,9999.000,9999.000,9999.000,9999.000,9999.000
202608032348,   8.196,9999.000,9999.000,9999.000,9999.000,9999.000,9999.000,9999.000,9999.000
202608032354,   8.215,9999.000,9999.000,9999.000,9999.000,9999.000,9999.000,9999.000,9999.000
202608040000,   8.225,9999.000,   0.000,  -0.033,   8.192,  -0.100,   8.092,   0.000,   8.192
202608040006,   8.228,9999.000,9999.000,9999.000,9999.000,9999.000,9999.000,9999.000,9999.000
202608040012,   8.221,9999.000,9999.000,9999.000,9999.000,9999.000,9999.000,9999.000,9999.000
202608040018,   8.206,9999.000,9999.000,9999.000,9999.000,9999.000,9999.000,9999.000,9999.000
202608040024,   8.182,9999.000,9999.000,9999.000,9999.000,9999.000,9999.000,9999.000,9999.000
202608040030,   8.149,9999.000,9999.000,9999.000,9999.000,9999.000,9999.000,9999.000,9999.000
202608040036,   8.108,9999.000,9999.000,9999.000,9999.000,9999.000,9999.000,9999.000,9999.000
202608040042,   8.057,9999.000,9999.000,9999.000,9999.000,9999.000,9999.000,9999.000,9999.000
202608040048,   7.998,9999.000,9999.000,9999.000,9999.000,9999.000,9999.000,9999.000,9999.000
202608040054,   7.931,9999.000,9999.000,9999.000,9999.000,9999.000,9999.000,9999.000,9999.000
202608040100,   7.855,9999.000,  -0.100,  -0.033,   7.722,  -0.100,   7.722,   0.000,   7.822
202608040106,   7.771,9999.000,9999.000,9999.000,9999.000,9999.000,9999.000,9999.000,9999.000
202608040112,   7.679,9999.000,9999.000,9999.000,9999.000,9999.000,9999.000,9999.000,9999.000
202608040118,   7.578,9999.000,9999.000,9999.000,9999.000,9999.000,9999.000,9999.000,9999.000
202608040124,   7.471,9999.000,9999.000,9999.000,9999.000,9999.000,9999.000,9999.000,9999.000
202608040130,   7.356,9999.000,9999.000,9999.000,9999.000,9999.000,9999.000,9999.000,9999.000
202608040136,   7.234,9999.000,9999.000,9999.000,9999.000,9999.000,9999.000,9999.000,9999.000
202608040142,   7.105,9999.000,9999.000,9999.000,9999.000,9999.000,9999.000,9999.000,9999.000
202608040148,   6.970,9999.000,9999.000,9999.000,9999.000,9999.000,9999.000,9999.000,9999.000
202608040154,   6.830,9999.000,9999.000,9999.000,9999.000,9999.000,9999.000,9999.000,9999.000
202608040200,   6.683,9999.000,  -0.100,  -0.033,   6.550,  -0.100,   6.550,   0.000,   6.650
202608040206,   6.532,9999.000,9999.000,9999.000,9999.000,9999.000,9999.000,9999.000,9999.000
202608040212,   6.376,9999.000,9999.000,9999.000,9999.000,9999.000,9999.000,9999.000,9999.000
202608040218,   6.217,9999.000,9999.000,9999.000,9999.000,9999.000,9999.000,9999.000,9999.000
202608040224,   6.053,9999.000,9999.000,9999.000,9999.000,9999.000,9999.000,9999.000,9999.000
202608040230,   5.886,9999.000,9999.000,9999.000,9999.000,9999.000,9999.000,9999.000,9999.000
202608040236,   5.717,9999.000,9999.000,9999.000,9999.000,9999.000,9999.000,9999.000,9999.000
202608040242,   5.545,9999.000,9999.000,9999.000,9999.000,9999.000,9999.000,9999.000,9999.000
202608040248,   5.372,9999.000,9999.000,9999.000,9999.000,9999.000,9999.000,9999.000,9999.000
202608040254,   5.197,9999.000,9999.000,9999.000,9999.000,9999.000,9999.000,9999.000,9999.000
202608040300,   5.021,9999.000,   0.000,  -0.033,   4.988,  -0.100,   4.888,   0.000,   4.988
202608040306,   4.844,9999.000,9999.000,9999.000,9999.000,9999.000,9999.000,9999.000,9999.000
202608040312,   4.668,9999.000,9999.000,9999.000,9999.000,9999.000,9999.000,9999.000,9999.000
202608040318,   4.492,9999.000,9999.000,9999.000,9999.000,9999.000,9999.000,9999.000,9999.000
202608040324,   4.317,9999.000,9999.000,9999.000,9999.000,9999.000,9999.000,9999.000,9999.000
202608040330,   4.143,9999.000,9999.000,9999.000,9999.000,9999.000,9999.000,9999.000,9999.000
202608040336,   3.971,9999.000,9999.000,9999.000,9999.000,9999.000,9999.000,9999.000,9999.000
202608040342,   3.800,9999.000,9999.000,9999.000,9999.000,9999.000,9999.000,9999.000,9999.000
202608040348,   3.632,9999.000,9999.000,9999.000,9999.000,9999.000,9999.000,9999.000,9999.000
202608040354,   3.467,9999.000,9999.000,9999.000,9999.000,9999.000,9999.000,9999.000,9999.000
202608040400,   3.305,9999.000,   0.000,  -0.033,   3.272,  -0.100,   3.172,   0.000,   3.272
202608040406,   3.147,9999.000,9999.000,9999.000,9999.000,9999.000,9999.000,9999.000,9999.000
202608040412,   2.992,9999.000,9999.000,9999.000,9999.000,9999.000,9999.000,9999.000,9999.000
202608040418,   2.842,9999.000,9999.000,9999.000,9999.000,9999.000,9999.000,9999.000,9999.000
202608040424,   2.696,9999.000,9999.000,9999.000,9999.000,9999.000,9999.000,9999.000,9999.000
202608040430,   2.555,9999.000,9999.000,9999.000,9999.000,9999.000,9999.000,9999.000,9999.000
202608040436,   2.419,9999.000,9999.000,9999.000,9999.000,9999.000,9999.000,9999.000,9999.000
202608040442,   2.289,9999.000,9999.000,9999.000,9999.000,9999.000,9999.000,9999.000,9999.000
202608040448,   2.165,9999.000,9999.000,9999.000,9999.000,9999.000,9999.000,9999.000,9999.000
202608040454,   2.047,9999.000,9999.000,9999.000,9999.000,9999.000,9999.000,9999.000,9999.000
202608040500,   1.935,9999.000,  -0.100,  -0.033,   1.802,  -0.100,   1.802,   0.000,   1.902
202608040506,   1.831,9999.000,9999.000,9999.000,9999.000,9999.000,9999.000,9999.000,9999.000
202608040512,   1.733,9999.000,9999.000,9999.000,9999.000,9999.000,9999.000,9999.000,9999.000
202608040518,   1.643,9999.000,9999.000,9999.000,9999.000,9999.000,9999.000,9999.000,9999.000
202608040524,   1.560,9999.000,9999.000,9999.000,9999.000,9999.000,9999.000,9999.000,9999.000
202608040530,   1.485,9999.000,9999.000,9999.000,9999.000,9999.000,9999.000,9999.000,9999.000
202608040536,   1.417,9999.000,9999.000,9999.000,9999.000,9999.000,9999.000,9999.000,9999.000
202608040542,   1.358,9999.000,9999.000,9999.000,9999.000,9999.000,9999.000,9999.000,9999.000
202608040548,   1.308,9999.000,9999.000,9999.000,9999.000,9999.000,9999.000,9999.000,9999.000
202608040554,   1.265,9999.000,9999.000,9999.000,9999.000,9999.000,9999.000,9999.000,9999.000
202608040600,   1.231,9999.000,  -0.100,  -0.033,   1.098,  -0.100,   1.098,   0.000,   1.198
202608040606,   1.206,9999.000,9999.000,9999.000,9999.000,9999.000,9999.000,9999.000,9999.000
202608040612,   1.190,9999.000,9999.000,9999.000,9999.000,9999.000,9999.000,9999.000,9999.000
202608040618,   1.182,9999.000,9999.000,9999.000,9999.000,9999.000,9999.000,9999.000,9999.000
202608040624,   1.183,9999.000,9999.000,9999.000,9999.000,9999.000,9999.000,9999.000,9999.000
202608040630,   1.193,9999.000,9999.000,9999.000,9999.000,9999.000,9999.000,9999.000,9999.000
202608040636,   1.211,9999.000,9999.000,9999.000,9999.000,9999.000,9999.000,9999.000,9999.000
202608040642,   1.238,9999.000,9999.000,9999.000,9999.000,9999.000,9999.000,9999.000,9999.000
202608040648,   1.274,9999.000,9999.000,9999.000,9999.000,9999.000,9999.000,9999.000,9999.000
202608040654,   1.317,9999.000,9999.000,9999.000,9999.000,9999.000,9999.000,9999.000,9999.000
202608040700,   1.369,9999.000,  -0.100,  -0.033,   1.236,  -0.100,   1.236,   0.000,   1.336
202608040706,   1.429,9999.000,9999.000,9999.000,9999.000,9999.000,9999.000,9999.000,9999.000
202608040712,   1.496,9999.000,9999.000,9999.000,9999.000,9999.000,9999.000,9999.000,9999.000
202608040718,   1.571,9999.000,9999.000,9999.000,9999.000,9999.000,9999.000,9999.000,9999.000
202608040724,   1.654,9999.000,9999.000,9999.000,9999.000,9999.000,9999.000,9999.000,9999.000
202608040730,   1.743,9999.000,9999.000,9999.000,9999.000,9999.000,9999.000,9999.000,9999.000
202608040736,   1.839,9999.000,9999.000,9999.000,9999.000,9999.000,9999.000,9999.000,9999.000
202608040742,   1.941,9999.000,9999.000,9999.000,9999.000,9999.000,9999.000,9999.000,9999.000
202608040748,   2.048,9999.000,9999.000,9999.000,9999.000,9999.000,9999.000,9999.000,9999.000
202608040754,   2.162,9999.000,9999.000,9999.000,9999.000,9999.000,9999.000,9999.000,9999.000
202608040800,   2.280,9999.000,  -0.100,  -0.033,   2.147,  -0.100,   2.147,   0.000,   2.247
202608040806,   2.403,9999.000,9999.000,9999.000,9999.000,9999.000,9999.000,9999.000,9999.000
202608040812,   2.531,9999.000,9999.000,9999.000,9999.000,9999.000,9999.000,9999.000,9999.000
202608040818,   2.662,9999.000,9999.000,9999.000,9999.000,9999.000,9999.000,9999.000,9999.000
202608040824,   2.797,9999.000,9999.000,9999.000,9999.000,9999.000,9999.000,9999.000,9999.000
202608040830,   2.934,9999.000,9999.000,9999.000,9999.000,9999.000,9999.000,9999.000,9999.000
202608040836,   3.074,9999.000,9999.000,9999.000,9999.000,9999.000,9999.000,9999.000,9999.000
202608040842,   3.216,9999.000,9999.000,9999.000,9999.000,9999.000,9999.000,9999.000,9999.000
202608040848,   3.359,9999.000,9999.000,9999.000,9999.000,9999.000,9999.000,9999.000,9999.000
202608040854,   3.504,9999.000,9999.000,9999.000,9999.000,9999.000,9999.000,9999.000,9999.000
202608040900,   3.649,9999.000,  -0.100,  -0.033,   3.516,  -0.200,   3.416,   0.000,   3.616
202608040906,   3.794,9999.000,9999.000,9999.000,9999.000,9999.000,9999.000,9999.000,9999.000
202608040912,   3.939,9999.000,9999.000,9999.000,9999.000,9999.000,9999.000,9999.000,9999.000
202608040918,   4.083,9999.000,9999.000,9999.000,9999.000,9999.000,9999.000,9999.000,9999.000
202608040924,   4.227,9999.000,9999.000,9999.000,9999.000,9999.000,9999.000,9999.000,9999.000
202608040930,   4.368,9999.000,9999.000,9999.000,9999.000,9999.000,9999.000,9999.000,9999.000
202608040936,   4.508,9999.000,9999.000,9999.000,9999.000,9999.000,9999.000,9999.000,9999.000
202608040942,   4.646,9999.000,9999.000,9999.000,9999.000,9999.000,9999.000,9999.000,9999.000
202608040948,   4.781,9999.000,9999.000,9999.000,9999.000,9999.000,9999.000,9999.000,9999.000
202608040954,   4.913,9999.000,9999.000,9999.000,9999.000,9999.000,9999.000,9999.000,9999.000
202608041000,   5.042,9999.000,  -0.100,  -0.033,   4.909,  -0.100,   4.909,   0.000,   5.009
202608041006,   5.168,9999.000,9999.000,9999.000,9999.000,9999.000,9999.000,9999.000,9999.000
202608041012,   5.290,9999.000,9999.000,9999.000,9999.000,9999.000,9999.000,9999.000,9999.000
202608041018,   5.408,9999.000,9999.000,9999.000,9999.000,9999.000,9999.000,9999.000,9999.000
202608041024,   5.521,9999.000,9999.000,9999.000,9999.000,9999.000,9999.000,9999.000,9999.000
202608041030,   5.631,9999.000,9999.000,9999.000,9999.000,9999.000,9999.000,9999.000,9999.000
202608041036,   5.736,9999.000,9999.000,9999.000,9999.000,9999.000,9999.000,9999.000,9999.000
202608041042,   5.836,9999.000,9999.000,9999.000,9999.000,9999.000,9999.000,9999.000,9999.000
202608041048,   5.931,9999.000,9999.000,9999.000,9999.000,9999.000,9999.000,9999.000,9999.000
202608041054,   6.021,9999.000,9999.000,9999.000,9999.000,9999.000,9999.000,9999.000,9999.000
202608041100,   6.106,9999.000,   0.000,  -0.033,   6.073,  -0.100,   5.973,   0.000,   6.073
202608041106,   6.185,9999.000,9999.000,9999.000,9999.000,9999.000,9999.000,9999.000,9999.000
202608041112,   6.259,9999.000,9999.000,9999.000,9999.000,9999.000,9999.000,9999.000,9999.000
202608041118,   6.328,9999.000,9999.000,9999.000,9999.000,9999.000,9999.000,9999.000,9999.000
202608041124,   6.390,9999.000,9999.000,9999.000,9999.000,9999.000,9999.000,9999.000,9999.000
202608041130,   6.446,9999.000,9999.000,9999.000,9999.000,9999.000,9999.000,9999.000,9999.000
202608041136,   6.497,9999.000,9999.000,9999.000,9999.000,9999.000,9999.000,9999.000,9999.000
202608041142,   6.541,9999.000,9999.000,9999.000,9999.000,9999.000,9999.000,9999.000,9999.000
202608041148,   6.578,9999.000,9999.000,9999.000,9999.000,9999.000,9999.000,9999.000,9999.000
202608041154,   6.609,9999.000,9999.000,9999.000,9999.000,9999.000,9999.000,9999.000,9999.000
202608041200,   6.634,9999.000,  -0.100,  -0.033,   6.501,  -0.100,   6.501,   0.000,   6.601
202608041206,   6.651,9999.000,9999.000,9999.000,9999.000,9999.000,9999.000,9999.000,9999.000
202608041212,   6.661,9999.000,9999.000,9999.000,9999.000,9999.000,9999.000,9999.000,9999.000
202608041218,   6.665,9999.000,9999.000,9999.000,9999.000,9999.000,9999.000,9999.000,9999.000
202608041224,   6.661,9999.000,9999.000,9999.000,9999.000,9999.000,9999.000,9999.000,9999.000
202608041230,   6.650,9999.000,9999.000,9999.000,9999.000,9999.000,9999.000,9999.000,9999.000
202608041236,   6.632,9999.000,9999.000,9999.000,9999.000,9999.000,9999.000,9999.000,9999.000
202608041242,   6.606,9999.000,9999.000,9999.000,9999.000,9999.000,9999.000,9999.000,9999.000
202608041248,   6.573,9999.000,9999.000,9999.000,9999.000,9999.000,9999.000,9999.000,9999.000
202608041254,   6.532,9999.000,9999.000,9999.000,9999.000,9999.000,9999.000,9999.000,9999.000
202608041300,   6.484,9999.000,  -0.100,  -0.033,   6.351,  -0.200,   6.251,   0.000,   6.451
202608041306,   6.429,9999.000,9999.000,9999.000,9999.000,9999.000,9999.000,9999.000,9999.000
202608041312,   6.366,9999.000,9999.000,9999.000,9999.000,9999.000,9999.000,9999.000,9999.000
202608041318,   6.296,9999.000,9999.000,9999.000,9999.000,9999.000,9999.000,9999.000,9999.000
202608041324,   6.219,9999.000,9999.000,9999.000,9999.000,9999.000,9999.000,9999.000,9999.000
202608041330,   6.136,9999.000,9999.000,9999.000,9999.000,9999.000,9999.000,9999.000,9999.000
202608041336,   6.045,9999.000,9999.000,9999.000,9999.000,9999.000,9999.000,9999.000,9999.000
202608041342,   5.949,9999.000,9999.000,9999.000,9999.000,9999.000,9999.000,9999.000,9999.000
202608041348,   5.846,9999.000,9999.000,9999.000,9999.000,9999.000,9999.000,9999.000,9999.000
202608041354,   5.737,9999.000,9999.000,9999.000,9999.000,9999.000,9999.000,9999.000,9999.000
202608041400,   5.623,9999.000,  -0.100,  -0.033,   5.490,  -0.100,   5.490,   0.000,   5.590
202608041406,   5.504,9999.000,9999.000,9999.000,9999.000,9999.000,9999.000,9999.000,9999.000
202608041412,   5.380,9999.000,9999.000,9999.000,9999.000,9999.000,9999.000,9999.000,9999.000
202608041418,   5.252,9999.000,9999.000,9999.000,9999.000,9999.000,9999.000,9999.000,9999.000
202608041424,   5.120,9999.000,9999.000,9999.000,9999.000,9999.000,9999.000,9999.000,9999.000
202608041430,   4.984,9999.000,9999.000,9999.000,9999.000,9999.000,9999.000,9999.000,9999.000
202608041436,   4.845,9999.000,9999.000,9999.000,9999.000,9999.000,9999.000,9999.000,9999.000
202608041442,   4.704,9999.000,9999.000,9999.000,9999.000,9999.000,9999.000,9999.000,9999.000
202608041448,   4.561,9999.000,9999.000,9999.000,9999.000,9999.000,9999.000,9999.000,9999.000
202608041454,   4.415,9999.000,9999.000,9999.000,9999.000,9999.000,9999.000,9999.000,9999.000
202608041500,   4.269,9999.000,   0.000,  -0.033,   4.236,   0.000,   4.236,   0.000,   4.236
202608041506,   4.122,9999.000,9999.000,9999.000,9999.000,9999.000,9999.000,9999.000,9999.000
202608041512,   3.974,9999.000,9999.000,9999.000,9999.000,9999.000,9999.000,9999.000,9999.000
202608041518,   3.826,9999.000,9999.000,9999.000,9999.000,9999.000,9999.000,9999.000,9999.000
202608041524,   3.679,9999.000,9999.000,9999.000,9999.000,9999.000,9999.000,9999.000,9999.000
202608041530,   3.533,9999.000,9999.000,9999.000,9999.000,9999.000,9999.000,9999.000,9999.000
202608041536,   3.388,9999.000,9999.000,9999.000,9999.000,9999.000,9999.000,9999.000,9999.000
202608041542,   3.245,9999.000,9999.000,9999.000,9999.000,9999.000,9999.000,9999.000,9999.000
202608041548,   3.103,9999.000,9999.000,9999.000,9999.000,9999.000,9999.000,9999.000,9999.000
202608041554,   2.964,9999.000,9999.000,9999.000,9999.000,9999.000,9999.000,9999.000,9999.000
202608041600,   2.828,9999.000,   0.000,  -0.033,   2.795,  -0.100,   2.695,   0.000,   2.795
202608041606,   2.696,9999.000,9999.000,9999.000,9999.000,9999.000,9999.000,9999.000,9999.000
202608041612,   2.566,9999.000,9999.000,9999.000,9999.000,9999.000,9999.000,9999.000,9999.000
202608041618,   2.441,9999.000,9999.000,9999.000,9999.000,9999.000,9999.000,9999.000,9999.000
202608041624,   2.319,9999.000,9999.000,9999.000,9999.000,9999.000,9999.000,9999.000,9999.000
202608041630,   2.202,9999.000,9999.000,9999.000,9999.000,9999.000,9999.000,9999.000,9999.000
202608041636,   2.090,9999.000,9999.000,9999.000,9999.000,9999.000,9999.000,9999.000,9999.000
202608041642,   1.983,9999.000,9999.000,9999.000,9999.000,9999.000,9999.000,9999.000,9999.000
202608041648,   1.881,9999.000,9999.000,9999.000,9999.000,9999.000,9999.000,9999.000,9999.000
202608041654,   1.785,9999.000,9999.000,9999.000,9999.000,9999.000,9999.000,9999.000,9999.000
202608041700,   1.695,9999.000,  -0.100,  -0.033,   1.562,  -0.100,   1.562,   0.000,   1.662
202608041706,   1.611,9999.000,9999.000,9999.000,9999.000,9999.000,9999.000,9999.000,9999.000
202608041712,   1.533,9999.000,9999.000,9999.000,9999.000,9999.000,9999.000,9999.000,9999.000
202608041718,   1.462,9999.000,9999.000,9999.000,9999.000,9999.000,9999.000,9999.000,9999.000
202608041724,   1.399,9999.000,9999.000,9999.000,9999.000,9999.000,9999.000,9999.000,9999.000
202608041730,   1.342,9999.000,9999.000,9999.000,9999.000,9999.000,9999.000,9999.000,9999.000
202608041736,   1.293,9999.000,9999.000,9999.000,9999.000,9999.000,9999.000,9999.000,9999.000
202608041742,   1.251,9999.000,9999.000,9999.000,9999.000,9999.000,9999.000,9999.000,9999.000
202608041748,   1.218,9999.000,9999.000,9999.000,9999.000,9999.000,9999.000,9999.000,9999.000
202608041754,   1.192,9999.000,9999.000,9999.000,9999.000,9999.000,9999.000,9999.000,9999.000
202608041800,   1.175,9999.000,  -0.100,  -0.033,   1.042,  -0.100,   1.042,   0.000,   1.142
202608041806,   1.166,9999.000,9999.000,9999.000,9999.000,9999.000,9999.000,9999.000,9999.000
202608041812,   1.165,9999.000,9999.000,9999.000,9999.000,9999.000,9999.000,9999.000,9999.000
202608041818,   1.173,9999.000,9999.000,9999.000,9999.000,9999.000,9999.000,9999.000,9999.000
202608041824,   1.189,9999.000,9999.000,9999.000,9999.000,9999.000,9999.000,9999.000,9999.000
202608041830,   1.214,9999.000,9999.000,9999.000,9999.000,9999.000,9999.000,9999.000,9999.000
202608041836,   1.247,9999.000,9999.000,9999.000,9999.000,9999.000,9999.000,9999.000,9999.000
202608041842,   1.290,9999.000,9999.000,9999.000,9999.000,9999.000,9999.000,9999.000,9999.000
202608041848,   1.340,9999.000,9999.000,9999.000,9999.000,9999.000,9999.000,9999.000,9999.000
202608041854,   1.399,9999.000,9999.000,9999.000,9999.000,9999.000,9999.000,9999.000,9999.000
202608041900,   1.467,9999.000,   0.000,  -0.033,   1.434,  -0.100,   1.334,   0.000,   1.434
202608041906,   1.543,9999.000,9999.000,9999.000,9999.000,9999.000,9999.000,9999.000,9999.000
202608041912,   1.627,9999.000,9999.000,9999.000,9999.000,9999.000,9999.000,9999.000,9999.000
202608041918,   1.719,9999.000,9999.000,9999.000,9999.000,9999.000,9999.000,9999.000,9999.000
202608041924,   1.818,9999.000,9999.000,9999.000,9999.000,9999.000,9999.000,9999.000,9999.000
202608041930,   1.925,9999.000,9999.000,9999.000,9999.000,9999.000,9999.000,9999.000,9999.000
202608041936,   2.039,9999.000,9999.000,9999.000,9999.000,9999.000,9999.000,9999.000,9999.000
202608041942,   2.160,9999.000,9999.000,9999.000,9999.000,9999.000,9999.000,9999.000,9999.000
202608041948,   2.288,9999.000,9999.000,9999.000,9999.000,9999.000,9999.000,9999.000,9999.000
202608041954,   2.422,9999.000,9999.000,9999.000,9999.000,9999.000,9999.000,9999.000,9999.000
202608042000,   2.562,9999.000,   0.000,  -0.033,   2.529,   0.000,   2.529,   0.000,   2.529
202608042006,   2.707,9999.000,9999.000,9999.000,9999.000,9999.000,9999.000,9999.000,9999.000
202608042012,   2.858,9999.000,9999.000,9999.000,9999.000,9999.000,9999.000,9999.000,9999.000
202608042018,   3.013,9999.000,9999.000,9999.000,9999.000,9999.000,9999.000,9999.000,9999.000
202608042024,   3.172,9999.000,9999.000,9999.000,9999.000,9999.000,9999.000,9999.000,9999.000
202608042030,   3.336,9999.000,9999.000,9999.000,9999.000,9999.000,9999.000,9999.000,9999.000
202608042036,   3.502,9999.000,9999.000,9999.000,9999.000,9999.000,9999.000,9999.000,9999.000
202608042042,   3.672,9999.000,9999.000,9999.000,9999.000,9999.000,9999.000,9999.000,9999.000
202608042048,   3.844,9999.000,9999.000,9999.000,9999.000,9999.000,9999.000,9999.000,9999.000
202608042054,   4.018,9999.000,9999.000,9999.000,9999.000,9999.000,9999.000,9999.000,9999.000
202608042100,   4.193,9999.000,   0.000,  -0.033,   4.160,  -0.100,   4.060,   0.000,   4.160
202608042106,   4.370,9999.000,9999.000,9999.000,9999.000,9999.000,9999.000,9999.000,9999.000
202608042112,   4.547,9999.000,9999.000,9999.000,9999.000,9999.000,9999.000,9999.000,9999.000
202608042118,   4.724,9999.000,9999.000,9999.000,9999.000,9999.000,9999.000,9999.000,9999.000
202608042124,   4.901,9999.000,9999.000,9999.000,9999.000,9999.000,9999.000,9999.000,9999.000
202608042130,   5.077,9999.000,9999.000,9999.000,9999.000,9999.000,9999.000,9999.000,9999.000
202608042136,   5.251,9999.000,9999.000,9999.000,9999.000,9999.000,9999.000,9999.000,9999.000
202608042142,   5.424,9999.000,9999.000,9999.000,9999.000,9999.000,9999.000,9999.000,9999.000
202608042148,   5.595,9999.000,9999.000,9999.000,9999.000,9999.000,9999.000,9999.000,9999.000
202608042154,   5.763,9999.000,9999.000,9999.000,9999.000,9999.000,9999.000,9999.000,9999.000
202608042200,   5.929,9999.000,   0.000,  -0.033,   5.896,  -0.100,   5.796,   0.000,   5.896
202608042206,   6.091,9999.000,9999.000,9999.000,9999.000,9999.000,9999.000,9999.000,9999.000
202608042212,   6.250,9999.000,9999.000,9999.000,9999.000,9999.000,9999.000,9999.000,9999.000
202608042218,   6.405,9999.000,9999.000,9999.000,9999.000,9999.000,9999.000,9999.000,9999.000
202608042224,   6.555,9999.000,9999.000,9999.000,9999.000,9999.000,9999.000,9999.000,9999.000
202608042230,   6.702,9999.000,9999.000,9999.000,9999.000,9999.000,9999.000,9999.000,9999.000
202608042236,   6.843,9999.000,9999.000,9999.000,9999.000,9999.000,9999.000,9999.000,9999.000
202608042242,   6.980,9999.000,9999.000,9999.000,9999.000,9999.000,9999.000,9999.000,9999.000
202608042248,   7.111,9999.000,9999.000,9999.000,9999.000,9999.000,9999.000,9999.000,9999.000
202608042254,   7.237,9999.000,9999.000,9999.000,9999.000,9999.000,9999.000,9999.000,9999.000
202608042300,   7.357,9999.000,   0.000,  -0.033,   7.324,   0.000,   7.324,   0.000,   7.324
202608042306,   7.472,9999.000,9999.000,9999.000,9999.000,9999.000,9999.000,9999.000,9999.000
202608042312,   7.581,9999.000,9999.000,9999.000,9999.000,9999.000,9999.000,9999.000,9999.000
202608042318,   7.683,9999.000,9999.000,9999.000,9999.000,9999.000,9999.000,9999.000,9999.000
202608042324,   7.780,9999.000,9999.000,9999.000,9999.000,9999.000,9999.000,9999.000,9999.000
202608042330,   7.869,9999.000,9999.000,9999.000,9999.000,9999.000,9999.000,9999.000,9999.000
202608042336,   7.953,9999.000,9999.000,9999.000,9999.000,9999.000,9999.000,9999.000,9999.000
202608042342,   8.029,9999.000,9999.000,9999.000,9999.000,9999.000,9999.000,9999.000,9999.000
202608042348,   8.099,9999.000,9999.000,9999.000,9999.000,9999.000,9999.000,9999.000,9999.000
202608042354,   8.162,9999.000,9999.000,9999.000,9999.000,9999.000,9999.000,9999.000,9999.000
202608050000,   8.218,9999.000,   0.000,  -0.033,   8.185,   0.000,   8.185,   0.000,   8.185
202608050006,   8.266,9999.000,9999.000,9999.000,9999.000,9999.000,9999.000,9999.000,9999.000
202608050012,   8.307,9999.000,9999.000,9999.000,9999.000,9999.000,9999.000,9999.000,9999.000
202608050018,   8.340,9999.000,9999.000,9999.000,9999.000,9999.000,9999.000,9999.000,9999.000
202608050024,   8.366,9999.000,9999.000,9999.000,9999.000,9999.000,9999.000,9999.000,9999.000
202608050030,   8.384,9999.000,9999.000,9999.000,9999.000,9999.000,9999.000,9999.000,9999.000
202608050036,   8.394,9999.000,9999.000,9999.000,9999.000,9999.000,9999.000,9999.000,9999.000
202608050042,   8.396,9999.000,9999.000,9999.000,9999.000,9999.000,9999.000,9999.000,9999.000
202608050048,   8.390,9999.000,9999.000,9999.000,9999.000,9999.000,9999.000,9999.000,9999.000
202608050054,   8.375,9999.000,9999.000,9999.000,9999.000,9999.000,9999.000,9999.000,9999.000
202608050100,   8.352,9999.000,   0.000,  -0.033,   8.319,   0.000,   8.319,   0.000,   8.319
202608050106,   8.321,9999.000,9999.000,9999.000,9999.000,9999.000,9999.000,9999.000,9999.000
202608050112,   8.282,9999.000,9999.000,9999.000,9999.000,9999.000,9999.000,9999.000,9999.000
202608050118,   8.234,9999.000,9999.000,9999.000,9999.000,9999.000,9999.000,9999.000,9999.000
202608050124,   8.178,9999.000,9999.000,9999.000,9999.000,9999.000,9999.000,9999.000,9999.000
202608050130,   8.113,9999.000,9999.000,9999.000,9999.000,9999.000,9999.000,9999.000,9999.000
202608050136,   8.040,9999.000,9999.000,9999.000,9999.000,9999.000,9999.000,9999.000,9999.000
202608050142,   7.960,9999.000,9999.000,9999.000,9999.000,9999.000,9999.000,9999.000,9999.000
202608050148,   7.871,9999.000,9999.000,9999.000,9999.000,9999.000,9999.000,9999.000,9999.000
202608050154,   7.774,9999.000,9999.000,9999.000,9999.000,9999.000,9999.000,9999.000,9999.000
202608050200,   7.670,9999.000,   0.000,  -0.033,   7.637,   0.000,   7.637,   0.000,   7.637
202608050206,   7.559,9999.000,9999.000,9999.000,9999.000,9999.000,9999.000,9999.000,9999.000
202608050212,   7.441,9999.000,9999.000,9999.000,9999.000,9999.000,9999.000,9999.000,9999.000
202608050218,   7.316,9999.000,9999.000,9999.000,9999.000,9999.000,9999.000,9999.000,9999.000
202608050224,   7.184,9999.000,9999.000,9999.000,9999.000,9999.000,9999.000,9999.000,9999.000
202608050230,   7.047,9999.000,9999.000,9999.000,9999.000,9999.000,9999.000,9999.000,9999.000
202608050236,   6.903,9999.000,9999.000,9999.000,9999.000,9999.000,9999.000,9999.000,9999.000
202608050242,   6.755,9999.000,9999.000,9999.000,9999.000,9999.000,9999.000,9999.000,9999.000
202608050248,   6.602,9999.000,9999.000,9999.000,9999.000,9999.000,9999.000,9999.000,9999.000
202608050254,   6.444,9999.000,9999.000,9999.000,9999.000,9999.000,9999.000,9999.000,9999.000
202608050300,   6.282,9999.000,   0.000,  -0.033,   6.249,   0.000,   6.249,   0.000,   6.249
202608050306,   6.116,9999.000,9999.000,9999.000,9999.000,9999.000,9999.000,9999.000,9999.000
202608050312,   5.948,9999.000,9999.000,9999.000,9999.000,9999.000,9999.000,9999.000,9999.000
202608050318,   5.776,9999.000,9999.000,9999.000,9999.000,9999.000,9999.000,9999.000,9999.000
202608050324,   5.603,9999.000,9999.000,9999.000,9999.000,9999.000,9999.000,9999.000,9999.000
202608050330,   5.427,9999.000,9999.000,9999.000,9999.000,9999.000,9999.000,9999.000,9999.000
202608050336,   5.250,9999.000,9999.000,9999.000,9999.000,9999.000,9999.000,9999.000,9999.000
202608050342,   5.072,9999.000,9999.000,9999.000,9999.000,9999.000,9999.000,9999.000,9999.000
202608050348,   4.893,9999.000,9999.000,9999.000,9999.000,9999.000,9999.000,9999.000,9999.000
202608050354,   4.714,9999.000,9999.000,9999.000,9999.000,9999.000,9999.000,9999.000,9999.000
202608050400,   4.535,9999.000,   0.000,  -0.033,   4.502,   0.000,   4.502,   0.000,   4.502
202608050406,   4.357,9999.000,9999.000,9999.000,9999.000,9999.000,9999.000,9999.000,9999.000
202608050412,   4.180,9999.000,9999.000,9999.000,9999.000,9999.000,9999.000,9999.000,9999.000
202608050418,   4.004,9999.000,9999.000,9999.000,9999.000,9999.000,9999.000,9999.000,9999.000
202608050424,   3.829,9999.000,9999.000,9999.000,9999.000,9999.000,9999.000,9999.000,9999.000
202608050430,   3.657,9999.000,9999.000,9999.000,9999.000,9999.000,9999.000,9999.000,9999.000
202608050436,   3.486,9999.000,9999.000,9999.000,9999.000,9999.000,9999.000,9999.000,9999.000
202608050442,   3.319,9999.000,9999.000,9999.000,9999.000,9999.000,9999.000,9999.000,9999.000
202608050448,   3.155,9999.000,9999.000,9999.000,9999.000,9999.000,9999.000,9999.000,9999.000
202608050454,   2.993,9999.000,9999.000,9999.000,9999.000,9999.000,9999.000,9999.000,9999.000
202608050500,   2.836,9999.000,   0.000,  -0.033,   2.803,   0.000,   2.803,   0.000,   2.803
202608050506,   2.682,9999.000,9999.000,9999.000,9999.000,9999.000,9999.000,9999.000,9999.000
202608050512,   2.533,9999.000,9999.000,9999.000,9999.000,9999.000,9999.000,9999.000,9999.000
202608050518,   2.388,9999.000,9999.000,9999.000,9999.000,9999.000,9999.000,9999.000,9999.000
202608050524,   2.248,9999.000,9999.000,9999.000,9999.000,9999.000,9999.000,9999.000,9999.000
202608050530,   2.114,9999.000,9999.000,9999.000,9999.000,9999.000,9999.000,9999.000,9999.000
202608050536,   1.985,9999.000,9999.000,9999.000,9999.000,9999.000,9999.000,9999.000,9999.000
202608050542,   1.861,9999.000,9999.000,9999.000,9999.000,9999.000,9999.000,9999.000,9999.000
202608050548,   1.744,9999.000,9999.000,9999.000,9999.000,9999.000,9999.000,9999.000,9999.000
202608050554,   1.633,9999.000,9999.000,9999.000,9999.000,9999.000,9999.000,9999.000,9999.000
202608050600,   1.529,9999.000,   0.000,  -0.033,   1.496,   0.000,   1.496,   0.100,   1.596
202608050606,   1.431,9999.000,9999.000,9999.000,9999.000,9999.000,9999.000,9999.000,9999.000
202608050612,   1.341,9999.000,9999.000,9999.000,9999.000,9999.000,9999.000,9999.000,9999.000
202608050618,   1.258,9999.000,9999.000,9999.000,9999.000,9999.000,9999.000,9999.000,9999.000
202608050624,   1.182,9999.000,9999.000,9999.000,9999.000,9999.000,9999.000,9999.000,9999.000
202608050630,   1.115,9999.000,9999.000,9999.000,9999.000,9999.000,9999.000,9999.000,9999.000
202608050636,   1.055,9999.000,9999.000,9999.000,9999.000,9999.000,9999.000,9999.000,9999.000
202608050642,   1.003,9999.000,9999.000,9999.000,9999.000,9999.000,9999.000,9999.000,9999.000
202608050648,   0.959,9999.000,9999.000,9999.000,9999.000,9999.000,9999.000,9999.000,9999.000
202608050654,   0.923,9999.000,9999.000,9999.000,9999.000,9999.000,9999.000,9999.000,9999.000
202608050700,   0.896,9999.000,   0.000,  -0.033,   0.863,   0.000,   0.863,   0.100,   0.963
202608050706,   0.877,9999.000,9999.000,9999.000,9999.000,9999.000,9999.000,9999.000,9999.000
202608050712,   0.867,9999.000,9999.000,9999.000,9999.000,9999.000,9999.000,9999.000,9999.000
202608050718,   0.864,9999.000,9999.000,9999.000,9999.000,9999.000,9999.000,9999.000,9999.000
202608050724,   0.870,9999.000,9999.000,9999.000,9999.000,9999.000,9999.000,9999.000,9999.000
202608050730,   0.885,9999.000,9999.000,9999.000,9999.000,9999.000,9999.000,9999.000,9999.000
202608050736,   0.907,9999.000,9999.000,9999.000,9999.000,9999.000,9999.000,9999.000,9999.000
202608050742,   0.938,9999.000,9999.000,9999.000,9999.000,9999.000,9999.000,9999.000,9999.000
202608050748,   0.976,9999.000,9999.000,9999.000,9999.000,9999.000,9999.000,9999.000,9999.000
202608050754,   1.022,9999.000,9999.000,9999.000,9999.000,9999.000,9999.000,9999.000,9999.000
202608050800,   1.076,9999.000,   0.000,  -0.033,   1.043,   0.000,   1.043,   0.100,   1.143
202608050806,   1.137,9999.000,9999.000,9999.000,9999.000,9999.000,9999.000,9999.000,9999.000
202608050812,   1.205,9999.000,9999.000,9999.000,9999.000,9999.000,9999.000,9999.000,9999.000
202608050818,   1.279,9999.000,9999.000,9999.000,9999.000,9999.000,9999.000,9999.000,9999.000
202608050824,   1.360,9999.000,9999.000,9999.000,9999.000,9999.000,9999.000,9999.000,9999.000
202608050830,   1.448,9999.000,9999.000,9999.000,9999.000,9999.000,9999.000,9999.000,9999.000
202608050836,   1.541,9999.000,9999.000,9999.000,9999.000,9999.000,9999.000,9999.000,9999.000
202608050842,   1.639,9999.000,9999.000,9999.000,9999.000,9999.000,9999.000,9999.000,9999.000
202608050848,   1.743,9999.000,9999.000,9999.000,9999.000,9999.000,9999.000,9999.000,9999.000
202608050854,   1.851,9999.000,9999.000,9999.000,9999.000,9999.000,9999.000,9999.000,9999.000
202608050900,   1.964,9999.000,   0.000,  -0.033,   1.931,   0.000,   1.931,   0.100,   2.031
202608050906,   2.080,9999.000,9999.000,9999.000,9999.000,9999.000,9999.000,9999.000,9999.000
202608050912,   2.200,9999.000,9999.000,9999.000,9999.000,9999.000,9999.000,9999.000,9999.000
202608050918,   2.323,9999.000,9999.000,9999.000,9999.000,9999.000,9999.000,9999.000,9999.000
202608050924,   2.449,9999.000,9999.000,9999.000,9999.000,9999.000,9999.000,9999.000,9999.000
202608050930,   2.578,9999.000,9999.000,9999.000,9999.000,9999.000,9999.000,9999.000,9999.000
202608050936,   2.708,9999.000,9999.000,9999.000,9999.000,9999.000,9999.000,9999.000,9999.000
202608050942,   2.839,9999.000,9999.000,9999.000,9999.000,9999.000,9999.000,9999.000,9999.000
202608050948,   2.972,9999.000,9999.000,9999.000,9999.000,9999.000,9999.000,9999.000,9999.000
202608050954,   3.105,9999.000,9999.000,9999.000,9999.000,9999.000,9999.000,9999.000,9999.000
202608051000,   3.238,9999.000,   0.000,  -0.033,   3.205,   0.000,   3.205,   0.100,   3.305
202608051006,   3.372,9999.000,9999.000,9999.000,9999.000,9999.000,9999.000,9999.000,9999.000
202608051012,   3.505,9999.000,9999.000,9999.000,9999.000,9999.000,9999.000,9999.000,9999.000
202608051018,   3.637,9999.000,9999.000,9999.000,9999.000,9999.000,9999.000,9999.000,9999.000
202608051024,   3.767,9999.000,9999.000,9999.000,9999.000,9999.000,9999.000,9999.000,9999.000
202608051030,   3.897,9999.000,9999.000,9999.000,9999.000,9999.000,9999.000,9999.000,9999.000
202608051036,   4.024,9999.000,9999.000,9999.000,9999.000,9999.000,9999.000,9999.000,9999.000
202608051042,   4.150,9999.000,9999.000,9999.000,9999.000,9999.000,9999.000,9999.000,9999.000
202608051048,   4.272,9999.000,9999.000,9999.000,9999.000,9999.000,9999.000,9999.000,9999.000
202608051054,   4.393,9999.000,9999.000,9999.000,9999.000,9999.000,9999.000,9999.000,9999.000
202608051100,   4.510,9999.000,   0.100,  -0.033,   4.577,   0.000,   4.477,   0.100,   4.577
202608051106,   4.625,9999.000,9999.000,9999.000,9999.000,9999.000,9999.000,9999.000,9999.000
202608051112,   4.736,9999.000,9999.000,9999.000,9999.000,9999.000,9999.000,9999.000,9999.000
202608051118,   4.843,9999.000,9999.000,9999.000,9999.000,9999.000,9999.000,9999.000,9999.000
202608051124,   4.947,9999.000,9999.000,9999.000,9999.000,9999.000,9999.000,9999.000,9999.000
202608051130,   5.047,9999.000,9999.000,9999.000,9999.000,9999.000,9999.000,9999.000,9999.000
202608051136,   5.143,9999.000,9999.000,9999.000,9999.000,9999.000,9999.000,9999.000,9999.000
202608051142,   5.235,9999.000,9999.000,9999.000,9999.000,9999.000,9999.000,9999.000,9999.000
202608051148,   5.322,9999.000,9999.000,9999.000,9999.000,9999.000,9999.000,9999.000,9999.000
202608051154,   5.405,9999.000,9999.000,9999.000,9999.000,9999.000,9999.000,9999.000,9999.000
202608051200,   5.483,9999.000,   0.000,  -0.033,   5.450,   0.000,   5.450,   0.100,   5.550
202608051206,   5.556,9999.000,9999.000,9999.000,9999.000,9999.000,9999.000,9999.000,9999.000
202608051212,   5.625,9999.000,9999.000,9999.000,9999.000,9999.000,9999.000,9999.000,9999.000
202608051218,   5.688,9999.000,9999.000,9999.000,9999.000,9999.000,9999.000,9999.000,9999.000
202608051224,   5.746,9999.000,9999.000,9999.000,9999.000,9999.000,9999.000,9999.000,9999.000
202608051230,   5.799,9999.000,9999.000,9999.000,9999.000,9999.000,9999.000,9999.000,9999.000
202608051236,   5.846,9999.000,9999.000,9999.000,9999.000,9999.000,9999.000,9999.000,9999.000
202608051242,   5.888,9999.000,9999.000,9999.000,9999.000,9999.000,9999.000,9999.000,9999.000
202608051248,   5.924,9999.000,9999.000,9999.000,9999.000,9999.000,9999.000,9999.000,9999.000
202608051254,   5.954,9999.000,9999.000,9999.000,9999.000,9999.000,9999.000,9999.000,9999.000
202608051300,   5.978,9999.000,   0.000,  -0.033,   5.945,   0.000,   5.945,   0.100,   6.045
202608051306,   5.996,9999.000,9999.000,9999.000,9999.000,9999.000,9999.000,9999.000,9999.000
202608051312,   6.008,9999.000,9999.000,9999.000,9999.000,9999.000,9999.000,9999.000,9999.000
202608051318,   6.013,9999.000,9999.000,9999.000,9999.000,9999.000,9999.000,9999.000,9999.000
202608051324,   6.012,9999.000,9999.000,9999.000,9999.000,9999.000,9999.000,9999.000,9999.000
202608051330,   6.005,9999.000,9999.000,9999.000,9999.000,9999.000,9999.000,9999.000,9999.000
202608051336,   5.991,9999.000,9999.000,9999.000,9999.000,9999.000,9999.000,9999.000,9999.000
202608051342,   5.971,9999.000,9999.000,9999.000,9999.000,9999.000,9999.000,9999.000,9999.000
202608051348,   5.944,9999.000,9999.000,9999.000,9999.000,9999.000,9999.000,9999.000,9999.000
202608051354,   5.911,9999.000,9999.000,9999.000,9999.000,9999.000,9999.000,9999.000,9999.000
202608051400,   5.871,9999.000,   0.000,  -0.033,   5.838,   0.000,   5.838,   0.100,   5.938
202608051406,   5.825,9999.000,9999.000,9999.000,9999.000,9999.000,9999.000,9999.000,9999.000
202608051412,   5.774,9999.000,9999.000,9999.000,9999.000,9999.000,9999.000,9999.000,9999.000
202608051418,   5.716,9999.000,9999.000,9999.000,9999.000,9999.000,9999.000,9999.000,9999.000
202608051424,   5.652,9999.000,9999.000,9999.000,9999.000,9999.000,9999.000,9999.000,9999.000
202608051430,   5.583,9999.000,9999.000,9999.000,9999.000,9999.000,9999.000,9999.000,9999.000
202608051436,   5.509,9999.000,9999.000,9999.000,9999.000,9999.000,9999.000,9999.000,9999.000
202608051442,   5.430,9999.000,9999.000,9999.000,9999.000,9999.000,9999.000,9999.000,9999.000
202608051448,   5.346,9999.000,9999.000,9999.000,9999.000,9999.000,9999.000,9999.000,9999.000
202608051454,   5.257,9999.000,9999.000,9999.000,9999.000,9999.000,9999.000,9999.000,9999.000
202608051500,   5.165,9999.000,   0.100,  -0.033,   5.232,   0.000,   5.132,   0.200,   5.332
202608051506,   5.068,9999.000,9999.000,9999.000,9999.000,9999.000,9999.000,9999.000,9999.000
202608051512,   4.969,9999.000,9999.000,9999.000,9999.000,9999.000,9999.000,9999.000,9999.000
202608051518,   4.866,9999.000,9999.000,9999.000,9999.000,9999.000,9999.000,9999.000,9999.000
202608051524,   4.761,9999.000,9999.000,9999.000,9999.000,9999.000,9999.000,9999.000,9999.000
202608051530,   4.653,9999.000,9999.000,9999.000,9999.000,9999.000,9999.000,9999.000,9999.000
202608051536,   4.544,9999.000,9999.000,9999.000,9999.000,9999.000,9999.000,9999.000,9999.000
202608051542,   4.433,9999.000,9999.000,9999.000,9999.000,9999.000,9999.000,9999.000,9999.000
202608051548,   4.320,9999.000,9999.000,9999.000,9999.000,9999.000,9999.000,9999.000,9999.000
202608051554,   4.207,9999.000,9999.000,9999.000,9999.000,9999.000,9999.000,9999.000,9999.000
202608051600,   4.094,9999.000,   0.100,  -0.033,   4.161,   0.000,   4.061,   0.100,   4.161
202608051606,   3.981,9999.000,9999.000,9999.000,9999.000,9999.000,9999.000,9999.000,9999.000
202608051612,   3.868,9999.000,9999.000,9999.000,9999.000,9999.000,9999.000,9999.000,9999.000
202608051618,   3.755,9999.000,9999.000,9999.000,9999.000,9999.000,9999.000,9999.000,9999.000
202608051624,   3.644,9999.000,9999.000,9999.000,9999.000,9999.000,9999.000,9999.000,9999.000
202608051630,   3.534,9999.000,9999.000,9999.000,9999.000,9999.000,9999.000,9999.000,9999.000
202608051636,   3.425,9999.000,9999.000,9999.000,9999.000,9999.000,9999.000,9999.000,9999.000
202608051642,   3.319,9999.000,9999.000,9999.000,9999.000,9999.000,9999.000,9999.000,9999.000
202608051648,   3.214,9999.000,9999.000,9999.000,9999.000,9999.000,9999.000,9999.000,9999.000
202608051654,   3.112,9999.000,9999.000,9999.000,9999.000,9999.000,9999.000,9999.000,9999.000
202608051700,   3.013,9999.000,   0.000,  -0.033,   2.980,   0.000,   2.980,   0.100,   3.080
202608051706,   2.917,9999.000,9999.000,9999.000,9999.000,9999.000,9999.000,9999.000,9999.000
202608051712,   2.824,9999.000,9999.000,9999.000,9999.000,9999.000,9999.000,9999.000,9999.000
202608051718,   2.734,9999.000,9999.000,9999.000,9999.000,9999.000,9999.000,9999.000,9999.000
202608051724,   2.649,9999.000,9999.000,9999.000,9999.000,9999.000,9999.000,9999.000,9999.000
202608051730,   2.568,9999.000,9999.000,9999.000,9999.000,9999.000,9999.000,9999.000,9999.000
202608051736,   2.490,9999.000,9999.000,9999.000,9999.000,9999.000,9999.000,9999.000,9999.000
202608051742,   2.418,9999.000,9999.000,9999.000,9999.000,9999.000,9999.000,9999.000,9999.000
202608051748,   2.350,9999.000,9999.000,9999.000,9999.000,9999.000,9999.000,9999.000,9999.000
202608051754,   2.288,9999.000,9999.000,9999.000,9999.000,9999.000,9999.000,9999.000,9999.000
202608051800,   2.230,9999.000,   0.000,  -0.033,   2.197,   0.000,   2.197,   0.100,   2.297
202608051806,   2.178,9999.000,9999.000,9999.000,9999.000,9999.000,9999.000,9999.000,9999.000
202608051812,   2.132,9999.000,9999.000,9999.000,9999.000,9999.000,9999.000,9999.000,9999.000
202608051818,   2.092,9999.000,9999.000,9999.000,9999.000,9999.000,9999.000,9999.000,9999.000
202608051824,   2.058,9999.000,9999.000,9999.000,9999.000,9999.000,9999.000,9999.000,9999.000
202608051830,   2.031,9999.000,9999.000,9999.000,9999.000,9999.000,9999.000,9999.000,9999.000
202608051836,   2.010,9999.000,9999.000,9999.000,9999.000,9999.000,9999.000,9999.000,9999.000
202608051842,   1.996,9999.000,9999.000,9999.000,9999.000,9999.000,9999.000,9999.000,9999.000
202608051848,   1.989,9999.000,9999.000,9999.000,9999.000,9999.000,9999.000,9999.000,9999.000
202608051854,   1.988,9999.000,9999.000,9999.000,9999.000,9999.000,9999.000,9999.000,9999.000
202608051900,   1.995,9999.000,   0.100,  -0.033,   2.062,   0.000,   1.962,   0.100,   2.062
202608051906,   2.009,9999.000,9999.000,9999.000,9999.000,9999.000,9999.000,9999.000,9999.000
202608051912,   2.031,9999.000,9999.000,9999.000,9999.000,9999.000,9999.000,9999.000,9999.000
202608051918,   2.060,9999.000,9999.000,9999.000,9999.000,9999.000,9999.000,9999.000,9999.000
202608051924,   2.096,9999.000,9999.000,9999.000,9999.000,9999.000,9999.000,9999.000,9999.000
202608051930,   2.139,9999.000,9999.000,9999.000,9999.000,9999.000,9999.000,9999.000,9999.000
202608051936,   2.190,9999.000,9999.000,9999.000,9999.000,9999.000,9999.000,9999.000,9999.000
202608051942,   2.248,9999.000,9999.000,9999.000,9999.000,9999.000,9999.000,9999.000,9999.000
202608051948,   2.313,9999.000,9999.000,9999.000,9999.000,9999.000,9999.000,9999.000,9999.000
202608051954,   2.385,9999.000,9999.000,9999.000,9999.000,9999.000,9999.000,9999.000,9999.000
202608052000,   2.465,9999.000,   0.100,  -0.033,   2.532,   0.000,   2.432,   0.200,   2.632
202608052006,   2.551,9999.000,9999.000,9999.000,9999.000,9999.000,9999.000,9999.000,9999.000
202608052012,   2.643,9999.000,9999.000,9999.000,9999.000,9999.000,9999.000,9999.000,9999.000
202608052018,   2.742,9999.000,9999.000,9999.000,9999.000,9999.000,9999.000,9999.000,9999.000
202608052024,   2.848,9999.000,9999.000,9999.000,9999.000,9999.000,9999.000,9999.000,9999.000
202608052030,   2.959,9999.000,9999.000,9999.000,9999.000,9999.000,9999.000,9999.000,9999.000
202608052036,   3.076,9999.000,9999.000,9999.000,9999.000,9999.000,9999.000,9999.000,9999.000
202608052042,   3.198,9999.000,9999.000,9999.000,9999.000,9999.000,9999.000,9999.000,9999.000
202608052048,   3.325,9999.000,9999.000,9999.000,9999.000,9999.000,9999.000,9999.000,9999.000
202608052054,   3.457,9999.000,9999.000,9999.000,9999.000,9999.000,9999.000,9999.000,9999.000
202608052100,   3.594,9999.000,   0.100,  -0.033,   3.661,   0.000,   3.561,   0.100,   3.661
202608052106,   3.734,9999.000,9999.000,9999.000,9999.000,9999.000,9999.000,9999.000,9999.000
202608052112,   3.878,9999.000,9999.000,9999.000,9999.000,9999.000,9999.000,9999.000,9999.000
202608052118,   4.026,9999.000,9999.000,9999.000,9999.000,9999.000,9999.000,9999.000,9999.000
202608052124,   4.176,9999.000,9999.000,9999.000,9999.000,9999.000,9999.000,9999.000,9999.000
202608052130,   4.329,9999.000,9999.000,9999.000,9999.000,9999.000,9999.000,9999.000,9999.000
202608052136,   4.484,9999.000,9999.000,9999.000,9999.000,9999.000,9999.000,9999.000,9999.000
202608052142,   4.640,9999.000,9999.000,9999.000,9999.000,9999.000,9999.000,9999.000,9999.000
202608052148,   4.798,9999.000,9999.000,9999.000,9999.000,9999.000,9999.000,9999.000,9999.000
202608052154,   4.956,9999.000,9999.000,9999.000,9999.000,9999.000,9999.000,9999.000,9999.000
202608052200,   5.116,9999.000,   0.100,  -0.033,   5.183,   0.000,   5.083,   0.200,   5.283
202608052206,   5.275,9999.000,9999.000,9999.000,9999.000,9999.000,9999.000,9999.000,9999.000
202608052212,   5.433,9999.000,9999.000,9999.000,9999.000,9999.000,9999.000,9999.000,9999.000
202608052218,   5.591,9999.000,9999.000,9999.000,9999.000,9999.000,9999.000,9999.000,9999.000
202608052224,   5.748,9999.000,9999.000,9999.000,9999.000,9999.000,9999.000,9999.000,9999.000
202608052230,   5.903,9999.000,9999.000,9999.000,9999.000,9999.000,9999.000,9999.000,9999.000
202608052236,   6.056,9999.000,9999.000,9999.000,9999.000,9999.000,9999.000,9999.000,9999.000
202608052242,   6.207,9999.000,9999.000,9999.000,9999.000,9999.000,9999.000,9999.000,9999.000
202608052248,   6.355,9999.000,9999.000,9999.000,9999.000,9999.000,9999.000,9999.000,9999.000
202608052254,   6.500,9999.000,9999.000,9999.000,9999.000,9999.000,9999.000,9999.000,9999.000
202608052300,   6.642,9999.000,   0.100,  -0.033,   6.709,   0.100,   6.709,   0.200,   6.809
202608052306,   6.781,9999.000,9999.000,9999.000,9999.000,9999.000,9999.000,9999.000,9999.000
202608052312,   6.915,9999.000,9999.000,9999.000,9999.000,9999.000,9999.000,9999.000,9999.000
202608052318,   7.046,9999.000,9999.000,9999.000,9999.000,9999.000,9999.000,9999.000,9999.000
202608052324,   7.172,9999.000,9999.000,9999.000,9999.000,9999.000,9999.000,9999.000,9999.000
202608052330,   7.293,9999.000,9999.000,9999.000,9999.000,9999.000,9999.000,9999.000,9999.000
202608052336,   7.410,9999.000,9999.000,9999.000,9999.000,9999.000,9999.000,9999.000,9999.000
202608052342,   7.522,9999.000,9999.000,9999.000,9999.000,9999.000,9999.000,9999.000,9999.000
202608052348,   7.628,9999.000,9999.000,9999.000,9999.000,9999.000,9999.000,9999.000,9999.000
202608052354,   7.729,9999.000,9999.000,9999.000,9999.000,9999.000,9999.000,9999.000,9999.000
202608060000,   7.825,9999.000,   0.100,  -0.033,   7.892,   0.100,   7.892,   0.200,   7.992
202608060006,   7.914,9999.000,9999.000,9999.000,9999.000,9999.000,9999.000,9999.000,9999.000
202608060012,   7.998,9999.000,9999.000,9999.000,9999.000,9999.000,9999.000,9999.000,9999.000
202608060018,   8.076,9999.000,9999.000,9999.000,9999.000,9999.000,9999.000,9999.000,9999.000
202608060024,   8.148,9999.000,9999.000,9999.000,9999.000,9999.000,9999.000,9999.000,9999.000
202608060030,   8.213,9999.000,9999.000,9999.000,9999.000,9999.000,9999.000,9999.000,9999.000
202608060036,   8.273,9999.000,9999.000,9999.000,9999.000,9999.000,9999.000,9999.000,9999.000
202608060042,   8.325,9999.000,9999.000,9999.000,9999.000,9999.000,9999.000,9999.000,9999.000
202608060048,   8.371,9999.000,9999.000,9999.000,9999.000,9999.000,9999.000,9999.000,9999.000
202608060054,   8.410,9999.000,9999.000,9999.000,9999.000,9999.000,9999.000,9999.000,9999.000
202608060100,   8.442,9999.000,   0.100,  -0.033,   8.509,   0.000,   8.409,   0.200,   8.609
202608060106,   8.466,9999.000,9999.000,9999.000,9999.000,9999.000,9999.000,9999.000,9999.000
202608060112,   8.484,9999.000,9999.000,9999.000,9999.000,9999.000,9999.000,9999.000,9999.000
202608060118,   8.494,9999.000,9999.000,9999.000,9999.000,9999.000,9999.000,9999.000,9999.000
202608060124,   8.497,9999.000,9999.000,9999.000,9999.000,9999.000,9999.000,9999.000,9999.000
202608060130,   8.492,9999.000,9999.000,9999.000,9999.000,9999.000,9999.000,9999.000,9999.000
202608060136,   8.480,9999.000,9999.000,9999.000,9999.000,9999.000,9999.000,9999.000,9999.000
202608060142,   8.460,9999.000,9999.000,9999.000,9999.000,9999.000,9999.000,9999.000,9999.000
202608060148,   8.432,9999.000,9999.000,9999.000,9999.000,9999.000,9999.000,9999.000,9999.000
202608060154,   8.397,9999.000,9999.000,9999.000,9999.000,9999.000,9999.000,9999.000,9999.000
202608060200,   8.353,9999.000,   0.100,  -0.033,   8.420,   0.000,   8.320,   0.200,   8.520
202608060206,   8.302,9999.000,9999.000,9999.000,9999.000,9999.000,9999.000,9999.000,9999.000
202608060212,   8.243,9999.000,9999.000,9999.000,9999.000,9999.000,9999.000,9999.000,9999.000
202608060218,   8.176,9999.000,9999.000,9999.000,9999.000,9999.000,9999.000,9999.000,9999.000
202608060224,   8.102,9999.000,9999.000,9999.000,9999.000,9999.000,9999.000,9999.000,9999.000
202608060230,   8.019,9999.000,9999.000,9999.000,9999.000,9999.000,9999.000,9999.000,9999.000
202608060236,   7.930,9999.000,9999.000,9999.000,9999.000,9999.000,9999.000,9999.000,9999.000
202608060242,   7.833,9999.000,9999.000,9999.000,9999.000,9999.000,9999.000,9999.000,9999.000
202608060248,   7.729,9999.000,9999.000,9999.000,9999.000,9999.000,9999.000,9999.000,9999.000
202608060254,   7.618,9999.000,9999.000,9999.000,9999.000,9999.000,9999.000,9999.000,9999.000
202608060300,   7.501,9999.000,   0.200,  -0.033,   7.668,   0.100,   7.568,   0.200,   7.668
202608060306,   7.377,9999.000,9999.000,9999.000,9999.000,9999.000,9999.000,9999.000,9999.000
202608060312,   7.247,9999.000,9999.000,9999.000,9999.000,9999.000,9999.000,9999.000,9999.000
202608060318,   7.111,9999.000,9999.000,9999.000,9999.000,9999.000,9999.000,9999.000,9999.000
202608060324,   6.970,9999.000,9999.000,9999.000,9999.000,9999.000,9999.000,9999.000,9999.000
202608060330,   6.824,9999.000,9999.000,9999.000,9999.000,9999.000,9999.000,9999.000,9999.000
202608060336,   6.672,9999.000,9999.000,9999.000,9999.000,9999.000,9999.000,9999.000,9999.000
202608060342,   6.517,9999.000,9999.000,9999.000,9999.000,9999.000,9999.000,9999.000,9999.000
202608060348,   6.357,9999.000,9999.000,9999.000,9999.000,9999.000,9999.000,9999.000,9999.000
202608060354,   6.194,9999.000,9999.000,9999.000,9999.000,9999.000,9999.000,9999.000,9999.000
202608060400,   6.028,9999.000,   0.200,  -0.033,   6.195,   0.100,   6.095,   0.200,   6.195
202608060406,   5.858,9999.000,9999.000,9999.000,9999.000,9999.000,9999.000,9999.000,9999.000
202608060412,   5.686,9999.000,9999.000,9999.000,9999.000,9999.000,9999.000,9999.000,9999.000
202608060418,   5.512,9999.000,9999.000,9999.000,9999.000,9999.000,9999.000,9999.000,9999.000
202608060424,   5.336,9999.000,9999.000,9999.000,9999.000,9999.000,9999.000,9999.000,9999.000
202608060430,   5.159,9999.000,9999.000,9999.000,9999.000,9999.000,9999.000,9999.000,9999.000
202608060436,   4.981,9999.000,9999.000,9999.000,9999.000,9999.000,9999.000,9999.000,9999.000
202608060442,   4.802,9999.000,9999.000,9999.000,9999.000,9999.000,9999.000,9999.000,9999.000
202608060448,   4.623,9999.000,9999.000,9999.000,9999.000,9999.000,9999.000,9999.000,9999.000
202608060454,   4.444,9999.000,9999.000,9999.000,9999.000,9999.000,9999.000,9999.000,9999.000
202608060500,   4.265,9999.000,   0.100,  -0.033,   4.332,   0.100,   4.332,   0.200,   4.432
202608060506,   4.087,9999.000,9999.000,9999.000,9999.000,9999.000,9999.000,9999.000,9999.000
202608060512,   3.910,9999.000,9999.000,9999.000,9999.000,9999.000,9999.000,9999.000,9999.000
202608060518,   3.734,9999.000,9999.000,9999.000,9999.000,9999.000,9999.000,9999.000,9999.000
202608060524,   3.560,9999.000,9999.000,9999.000,9999.000,9999.000,9999.000,9999.000,9999.000
202608060530,   3.388,9999.000,9999.000,9999.000,9999.000,9999.000,9999.000,9999.000,9999.000
202608060536,   3.218,9999.000,9999.000,9999.000,9999.000,9999.000,9999.000,9999.000,9999.000
202608060542,   3.051,9999.000,9999.000,9999.000,9999.000,9999.000,9999.000,9999.000,9999.000
202608060548,   2.887,9999.000,9999.000,9999.000,9999.000,9999.000,9999.000,9999.000,9999.000
202608060554,   2.726,9999.000,9999.000,9999.000,9999.000,9999.000,9999.000,9999.000,9999.000
202608060600,   2.568,9999.000,   0.100,  -0.033,   2.635,   0.100,   2.635,   0.200,   2.735
202608060606,   2.414,9999.000,9999.000,9999.000,9999.000,9999.000,9999.000,9999.000,9999.000
202608060612,   2.265,9999.000,9999.000,9999.000,9999.000,9999.000,9999.000,9999.000,9999.000
202608060618,   2.120,9999.000,9999.000,9999.000,9999.000,9999.000,9999.000,9999.000,9999.000
202608060624,   1.980,9999.000,9999.000,9999.000,9999.000,9999.000,9999.000,9999.000,9999.000
202608060630,   1.844,9999.000,9999.000,9999.000,9999.000,9999.000,9999.000,9999.000,9999.000
202608060636,   1.714,9999.000,9999.000,9999.000,9999.000,9999.000,9999.000,9999.000,9999.000
202608060642,   1.590,9999.000,9999.000,9999.000,9999.000,9999.000,9999.000,9999.000,9999.000
202608060648,   1.472,9999.000,9999.000,9999.000,9999.000,9999.000,9999.000,9999.000,9999.000
202608060654,   1.359,9999.000,9999.000,9999.000,9999.000,9999.000,9999.000,9999.000,9999.000
202608060700,   1.254,9999.000,   0.200,  -0.033,   1.421,   0.100,   1.321,   0.200,   1.421
202608060706,   1.154,9999.000,9999.000,9999.000,9999.000,9999.000,9999.000,9999.000,9999.000
202608060712,   1.062,9999.000,9999.000,9999.000,9999.000,9999.000,9999.000,9999.000,9999.000
202608060718,   0.977,9999.000,9999.000,9999.000,9999.000,9999.000,9999.000,9999.000,9999.000
202608060724,   0.899,9999.000,9999.000,9999.000,9999.000,9999.000,9999.000,9999.000,9999.000
202608060730,   0.828,9999.000,9999.000,9999.000,9999.000,9999.000,9999.000,9999.000,9999.000
202608060736,   0.765,9999.000,9999.000,9999.000,9999.000,9999.000,9999.000,9999.000,9999.000
202608060742,   0.710,9999.000,9999.000,9999.000,9999.000,9999.000,9999.000,9999.000,9999.000
202608060748,   0.662,9999.000,9999.000,9999.000,9999.000,9999.000,9999.000,9999.000,9999.000
202608060754,   0.622,9999.000,9999.000,9999.000,9999.000,9999.000,9999.000,9999.000,9999.000
202608060800,   0.591,9999.000,   0.200,  -0.033,   0.758,   0.100,   0.658,   0.200,   0.758
202608060806,   0.567,9999.000,9999.000,9999.000,9999.000,9999.000,9999.000,9999.000,9999.000
202608060812,   0.551,9999.000,9999.000,9999.000,9999.000,9999.000,9999.000,9999.000,9999.000
202608060818,   0.543,9999.000,9999.000,9999.000,9999.000,9999.000,9999.000,9999.000,9999.000
202608060824,   0.542,9999.000,9999.000,9999.000,9999.000,9999.000,9999.000,9999.000,9999.000
202608060830,   0.550,9999.000,9999.000,9999.000,9999.000,9999.000,9999.000,9999.000,9999.000
202608060836,   0.565,9999.000,9999.000,9999.000,9999.000,9999.000,9999.000,9999.000,9999.000
202608060842,   0.588,9999.000,9999.000,9999.000,9999.000,9999.000,9999.000,9999.000,9999.000
202608060848,   0.618,9999.000,9999.000,9999.000,9999.000,9999.000,9999.000,9999.000,9999.000
202608060854,   0.656,9999.000,9999.000,9999.000,9999.000,9999.000,9999.000,9999.000,9999.000
202608060900,   0.700,9999.000,   0.100,  -0.033,   0.767,   0.100,   0.767,   0.200,   0.867
202608060906,   0.752,9999.000,9999.000,9999.000,9999.000,9999.000,9999.000,9999.000,9999.000
202608060912,   0.810,9999.000,9999.000,9999.000,9999.000,9999.000,9999.000,9999.000,9999.000
202608060918,   0.874,9999.000,9999.000,9999.000,9999.000,9999.000,9999.000,9999.000,9999.000
202608060924,   0.945,9999.000,9999.000,9999.000,9999.000,9999.000,9999.000,9999.000,9999.000
202608060930,   1.021,9999.000,9999.000,9999.000,9999.000,9999.000,9999.000,9999.000,9999.000
202608060936,   1.103,9999.000,9999.000,9999.000,9999.000,9999.000,9999.000,9999.000,9999.000
202608060942,   1.190,9999.000,9999.000,9999.000,9999.000,9999.000,9999.000,9999.000,9999.000
202608060948,   1.282,9999.000,9999.000,9999.000,9999.000,9999.000,9999.000,9999.000,9999.000
202608060954,   1.378,9999.000,9999.000,9999.000,9999.000,9999.000,9999.000,9999.000,9999.000
202608061000,   1.479,9999.000,   0.200,  -0.033,   1.646,   0.100,   1.546,   0.200,   1.646
202608061006,   1.584,9999.000,9999.000,9999.000,9999.000,9999.000,9999.000,9999.000,9999.000
202608061012,   1.692,9999.000,9999.000,9999.000,9999.000,9999.000,9999.000,9999.000,9999.000
202608061018,   1.803,9999.000,9999.000,9999.000,9999.000,9999.000,9999.000,9999.000,9999.000
202608061024,   1.917,9999.000,9999.000,9999.000,9999.000,9999.000,9999.000,9999.000,9999.000
202608061030,   2.034,9999.000,9999.000,9999.000,9999.000,9999.000,9999.000,9999.000,9999.000
202608061036,   2.153,9999.000,9999.000,9999.000,9999.000,9999.000,9999.000,9999.000,9999.000
202608061042,   2.273,9999.000,9999.000,9999.000,9999.000,9999.000,9999.000,9999.000,9999.000
202608061048,   2.395,9999.000,9999.000,9999.000,9999.000,9999.000,9999.000,9999.000,9999.000
202608061054,   2.517,9999.000,9999.000,9999.000,9999.000,9999.000,9999.000,9999.000,9999.000
202608061100,   2.641,9999.000,   0.200,  -0.033,   2.808,   0.100,   2.708,   0.300,   2.908
202608061106,   2.764,9999.000,9999.000,9999.000,9999.000,9999.000,9999.000,9999.000,9999.000
202608061112,   2.888,9999.000,9999.000,9999.000,9999.000,9999.000,9999.000,9999.000,9999.000
202608061118,   3.011,9999.000,9999.000,9999.000,9999.000,9999.000,9999.000,9999.000,9999.000
202608061124,   3.134,9999.000,9999.000,9999.000,9999.000,9999.000,9999.000,9999.000,9999.000
202608061130,   3.255,9999.000,9999.000,9999.000,9999.000,9999.000,9999.000,9999.000,9999.000
202608061136,   3.376,9999.000,9999.000,9999.000,9999.000,9999.000,9999.000,9999.000,9999.000
202608061142,   3.495,9999.000,9999.000,9999.000,9999.000,9999.000,9999.000,9999.000,9999.000
202608061148,   3.612,9999.000,9999.000,9999.000,9999.000,9999.000,9999.000,9999.000,9999.000
202608061154,   3.728,9999.000,9999.000,9999.000,9999.000,9999.000,9999.000,9999.000,9999.000
202608061200,   3.841,9999.000,   0.200,  -0.033,   4.008,   0.100,   3.908,   0.300,   4.108
202608061206,   3.952,9999.000,9999.000,9999.000,9999.000,9999.000,9999.000,9999.000,9999.000
202608061212,   4.061,9999.000,9999.000,9999.000,9999.000,9999.000,9999.000,9999.000,9999.000
202608061218,   4.166,9999.000,9999.000,9999.000,9999.000,9999.000,9999.000,9999.000,9999.000
202608061224,   4.269,9999.000,9999.000,9999.000,9999.000,9999.000,9999.000,9999.000,9999.000
202608061230,   4.369,9999.000,9999.000,9999.000,9999.000,9999.000,9999.000,9999.000,9999.000
202608061236,   4.466,9999.000,9999.000,9999.000,9999.000,9999.000,9999.000,9999.000,9999.000
202608061242,   4.559,9999.000,9999.000,9999.000,9999.000,9999.000,9999.000,9999.000,9999.000
202608061248,   4.649,9999.000,9999.000,9999.000,9999.000,9999.000,9999.000,9999.000,9999.000
202608061254,   4.735,9999.000,9999.000,9999.000,9999.000,9999.000,9999.000,9999.000,9999.000
202608061300,   4.817,9999.000,   0.200,  -0.033,   4.984,   0.100,   4.884,   0.200,   4.984
202608061306,   4.895,9999.000,9999.000,9999.000,9999.000,9999.000,9999.000,9999.000,9999.000
202608061312,   4.969,9999.000,9999.000,9999.000,9999.000,9999.000,9999.000,9999.000,9999.000
202608061318,   5.039,9999.000,9999.000,9999.000,9999.000,9999.000,9999.000,9999.000,9999.000
202608061324,   5.104,9999.000,9999.000,9999.000,9999.000,9999.000,9999.000,9999.000,9999.000
202608061330,   5.165,9999.000,9999.000,9999.000,9999.000,9999.000,9999.000,9999.000,9999.000
202608061336,   5.222,9999.000,9999.000,9999.000,9999.000,9999.000,9999.000,9999.000,9999.000
202608061342,   5.273,9999.000,9999.000,9999.000,9999.000,9999.000,9999.000,9999.000,9999.000
202608061348,   5.320,9999.000,9999.000,9999.000,9999.000,9999.000,9999.000,9999.000,9999.000
202608061354,   5.361,9999.000,9999.000,9999.000,9999.000,9999.000,9999.000,9999.000,9999.000
202608061400,   5.398,9999.000,   0.200,  -0.033,   5.565,   0.100,   5.465,   0.200,   5.565
202608061406,   5.429,9999.000,9999.000,9999.000,9999.000,9999.000,9999.000,9999.000,9999.000
202608061412,   5.454,9999.000,9999.000,9999.000,9999.000,9999.000,9999.000,9999.000,9999.000
202608061418,   5.475,9999.000,9999.000,9999.000,9999.000,9999.000,9999.000,9999.000,9999.000
202608061424,   5.490,9999.000,9999.000,9999.000,9999.000,9999.000,9999.000,9999.000,9999.000
202608061430,   5.499,9999.000,9999.000,9999.000,9999.000,9999.000,9999.000,9999.000,9999.000
202608061436,   5.503,9999.000,9999.000,9999.000,9999.000,9999.000,9999.000,9999.000,9999.000
202608061442,   5.501,9999.000,9999.000,9999.000,9999.000,9999.000,9999.000,9999.000,9999.000
202608061448,   5.494,9999.000,9999.000,9999.000,9999.000,9999.000,9999.000,9999.000,9999.000
202608061454,   5.481,9999.000,9999.000,9999.000,9999.000,9999.000,9999.000,9999.000,9999.000
202608061500,   5.463,9999.000,   0.200,  -0.033,   5.630,   0.100,   5.530,   0.300,   5.730
202608061506,   5.439,9999.000,9999.000,9999.000,9999.000,9999.000,9999.000,9999.000,9999.000
202608061512,   5.411,9999.000,9999.000,9999.000,9999.000,9999.000,9999.000,9999.000,9999.000
202608061518,   5.377,9999.000,9999.000,9999.000,9999.000,9999.000,9999.000,9999.000,9999.000
202608061524,   5.338,9999.000,9999.000,9999.000,9999.000,9999.000,9999.000,9999.000,9999.000
202608061530,   5.295,9999.000,9999.000,9999.000,9999.000,9999.000,9999.000,9999.000,9999.000
202608061536,   5.247,9999.000,9999.000,9999.000,9999.000,9999.000,9999.000,9999.000,9999.000
202608061542,   5.195,9999.000,9999.000,9999.000,9999.000,9999.000,9999.000,9999.000,9999.000
202608061548,   5.140,9999.000,9999.000,9999.000,9999.000,9999.000,9999.000,9999.000,9999.000
202608061554,   5.080,9999.000,9999.000,9999.000,9999.000,9999.000,9999.000,9999.000,9999.000
202608061600,   5.017,9999.000,   0.200,  -0.033,   5.184,   0.100,   5.084,   0.300,   5.284
202608061606,   4.951,9999.000,9999.000,9999.000,9999.000,9999.000,9999.000,9999.000,9999.000
202608061612,   4.881,9999.000,9999.000,9999.000,9999.000,9999.000,9999.000,9999.000,9999.000
202608061618,   4.810,9999.000,9999.000,9999.000,9999.000,9999.000,9999.000,9999.000,9999.000
202608061624,   4.736,9999.000,9999.000,9999.000,9999.000,9999.000,9999.000,9999.000,9999.000
202608061630,   4.660,9999.000,9999.000,9999.000,9999.000,9999.000,9999.000,9999.000,9999.000
202608061636,   4.582,9999.000,9999.000,9999.000,9999.000,9999.000,9999.000,9999.000,9999.000
202608061642,   4.503,9999.000,9999.000,9999.000,9999.000,9999.000,9999.000,9999.000,9999.000
202608061648,   4.423,9999.000,9999.000,9999.000,9999.000,9999.000,9999.000,9999.000,9999.000
202608061654,   4.342,9999.000,9999.000,9999.000,9999.000,9999.000,9999.000,9999.000,9999.000
202608061700,   4.261,9999.000,   0.200,  -0.033,   4.428,   0.100,   4.328,   0.200,   4.428
202608061706,   4.179,9999.000,9999.000,9999.000,9999.000,9999.000,9999.000,9999.000,9999.000
202608061712,   4.098,9999.000,9999.000,9999.000,9999.000,9999.000,9999.000,9999.000,9999.000
202608061718,   4.016,9999.000,9999.000,9999.000,9999.000,9999.000,9999.000,9999.000,9999.000
202608061724,   3.936,9999.000,9999.000,9999.000,9999.000,9999.000,9999.000,9999.000,9999.000
202608061730,   3.856,9999.000,9999.000,9999.000,9999.000,9999.000,9999.000,9999.000,9999.000
202608061736,   3.777,9999.000,9999.000,9999.000,9999.000,9999.000,9999.000,9999.000,9999.000
202608061742,   3.699,9999.000,9999.000,9999.000,9999.000,9999.000,9999.000,9999.000,9999.000
202608061748,   3.623,9999.000,9999.000,9999.000,9999.000,9999.000,9999.000,9999.000,9999.000
202608061754,   3.549,9999.000,9999.000,9999.000,9999.000,9999.000,9999.000,9999.000,9999.000
202608061800,   3.477,9999.000,   0.200,  -0.033,   3.644,   0.100,   3.544,   0.300,   3.744
202608061806,   3.407,9999.000,9999.000,9999.000,9999.000,9999.000,9999.000,9999.000,9999.000
202608061812,   3.340,9999.000,9999.000,9999.000,9999.000,9999.000,9999.000,9999.000,9999.000
202608061818,   3.275,9999.000,9999.000,9999.000,9999.000,9999.000,9999.000,9999.000,9999.000
202608061824,   3.213,9999.000,9999.000,9999.000,9999.000,9999.000,9999.000,9999.000,9999.000
202608061830,   3.154,9999.000,9999.000,9999.000,9999.000,9999.000,9999.000,9999.000,9999.000
202608061836,   3.099,9999.000,9999.000,9999.000,9999.000,9999.000,9999.000,9999.000,9999.000
202608061842,   3.048,9999.000,9999.000,9999.000,9999.000,9999.000,9999.000,9999.000,9999.000
202608061848,   3.000,9999.000,9999.000,9999.000,9999.000,9999.000,9999.000,9999.000,9999.000
202608061854,   2.956,9999.000,9999.000,9999.000,9999.000,9999.000,9999.000,9999.000,9999.000
202608061900,   2.917,9999.000,   0.200,  -0.033,   3.084,   0.100,   2.984,   0.300,   3.184
202608061906,   2.882,9999.000,9999.000,9999.000,9999.000,9999.000,9999.000,9999.000,9999.000
202608061912,   2.852,9999.000,9999.000,9999.000,9999.000,9999.000,9999.000,9999.000,9999.000
202608061918,   2.827,9999.000,9999.000,9999.000,9999.000,9999.000,9999.000,9999.000,9999.000
202608061924,   2.807,9999.000,9999.000,9999.000,9999.000,9999.000,9999.000,9999.000,9999.000
202608061930,   2.792,9999.000,9999.000,9999.000,9999.000,9999.000,9999.000,9999.000,9999.000
202608061936,   2.783,9999.000,9999.000,9999.000,9999.000,9999.000,9999.000,9999.000,9999.000
202608061942,   2.779,9999.000,9999.000,9999.000,9999.000,9999.000,9999.000,9999.000,9999.000
202608061948,   2.782,9999.000,9999.000,9999.000,9999.000,9999.000,9999.000,9999.000,9999.000
202608061954,   2.789,9999.000,9999.000,9999.000,9999.000,9999.000,9999.000,9999.000,9999.000
202608062000,   2.803,9999.000,   0.200,  -0.033,   2.970,   0.100,   2.870,   0.300,   3.070
202608062006,   2.823,9999.000,9999.000,9999.000,9999.000,9999.000,9999.000,9999.000,9999.000
202608062012,   2.849,9999.000,9999.000,9999.000,9999.000,9999.000,9999.000,9999.000,9999.000
202608062018,   2.881,9999.000,9999.000,9999.000,9999.000,9999.000,9999.000,9999.000,9999.000
202608062024,   2.920,9999.000,9999.000,9999.000,9999.000,9999.000,9999.000,9999.000,9999.000
202608062030,   2.964,9999.000,9999.000,9999.000,9999.000,9999.000,9999.000,9999.000,9999.000
202608062036,   3.015,9999.000,9999.000,9999.000,9999.000,9999.000,9999.000,9999.000,9999.000
202608062042,   3.071,9999.000,9999.000,9999.000,9999.000,9999.000,9999.000,9999.000,9999.000
202608062048,   3.134,9999.000,9999.000,9999.000,9999.000,9999.000,9999.000,9999.000,9999.000
202608062054,   3.202,9999.000,9999.000,9999.000,9999.000,9999.000,9999.000,9999.000,9999.000
202608062100,   3.277,9999.000,   0.200,  -0.033,   3.444,   0.100,   3.344,   0.300,   3.544
202608062106,   3.357,9999.000,9999.000,9999.000,9999.000,9999.000,9999.000,9999.000,9999.000
202608062112,   3.442,9999.000,9999.000,9999.000,9999.000,9999.000,9999.000,9999.000,9999.000
202608062118,   3.533,9999.000,9999.000,9999.000,9999.000,9999.000,9999.000,9999.000,9999.000
202608062124,   3.630,9999.000,9999.000,9999.000,9999.000,9999.000,9999.000,9999.000,9999.000
202608062130,   3.731,9999.000,9999.000,9999.000,9999.000,9999.000,9999.000,9999.000,9999.000
202608062136,   3.836,9999.000,9999.000,9999.000,9999.000,9999.000,9999.000,9999.000,9999.000
202608062142,   3.947,9999.000,9999.000,9999.000,9999.000,9999.000,9999.000,9999.000,9999.000
202608062148,   4.061,9999.000,9999.000,9999.000,9999.000,9999.000,9999.000,9999.000,9999.000
202608062154,   4.180,9999.000,9999.000,9999.000,9999.000,9999.000,9999.000,9999.000,9999.000
202608062200,   4.302,9999.000,   0.200,  -0.033,   4.469,   0.100,   4.369,   0.300,   4.569
202608062206,   4.428,9999.000,9999.000,9999.000,9999.000,9999.000,9999.000,9999.000,9999.000
202608062212,   4.556,9999.000,9999.000,9999.000,9999.000,9999.000,9999.000,9999.000,9999.000
202608062218,   4.688,9999.000,9999.000,9999.000,9999.000,9999.000,9999.000,9999.000,9999.000
202608062224,   4.822,9999.000,9999.000,9999.000,9999.000,9999.000,9999.000,9999.000,9999.000
202608062230,   4.957,9999.000,9999.000,9999.000,9999.000,9999.000,9999.000,9999.000,9999.000
202608062236,   5.095,9999.000,9999.000,9999.000,9999.000,9999.000,9999.000,9999.000,9999.000
202608062242,   5.234,9999.000,9999.000,9999.000,9999.000,9999.000,9999.000,9999.000,9999.000
202608062248,   5.374,9999.000,9999.000,9999.000,9999.000,9999.000,9999.000,9999.000,9999.000
202608062254,   5.514,9999.000,9999.000,9999.000,9999.000,9999.000,9999.000,9999.000,9999.000
202608062300,   5.655,9999.000,   0.200,  -0.033,   5.822,   0.100,   5.722,   0.300,   5.922
202608062306,   5.796,9999.000,9999.000,9999.000,9999.000,9999.000,9999.000,9999.000,9999.000
202608062312,   5.936,9999.000,9999.000,9999.000,9999.000,9999.000,9999.000,9999.000,9999.000
202608062318,   6.075,9999.000,9999.000,9999.000,9999.000,9999.000,9999.000,9999.000,9999.000
202608062324,   6.213,9999.000,9999.000,9999.000,9999.000,9999.000,9999.000,9999.000,9999.000
202608062330,   6.350,9999.000,9999.000,9999.000,9999.000,9999.000,9999.000,9999.000,9999.000
202608062336,   6.485,9999.000,9999.000,9999.000,9999.000,9999.000,9999.000,9999.000,9999.000
202608062342,   6.617,9999.000,9999.000,9999.000,9999.000,9999.000,9999.000,9999.000,9999.000
202608062348,   6.747,9999.000,9999.000,9999.000,9999.000,9999.000,9999.000,9999.000,9999.000
202608062354,   6.875,9999.000,9999.000,9999.000,9999.000,9999.000,9999.000,9999.000,9999.000
202608070000,   6.999,9999.000,   0.200,  -0.033,   7.166,   0.100,   7.066,   0.300,   7.266
