        TIME,    TIDE,      OB,   SURGE,    BIAS,     TWL,SURGE90p,  TWL90p,SURGE10p,   TWL10p
202607151800,   1.372,9999.000,9999.000,9999.000,9999.000,9999.000,9999.000,9999.000,9999.000
202607151806,   1.574,9999.000,9999.000,9999.000,9999.000,9999.000,9999.000,9999.000,9999.000
202607151812,   1.778,9999.000,9999.000,9999.000,9999.000,9999.000,9999.000,9999.000,9999.000
202607151818,   1.983,9999.000,9999.000,9999.000,9999.000,9999.000,9999.000,9999.000,9999.000
202607151824,   2.189,9999.000,9999.000,9999.000,9999.000,9999.000,9999.000,9999.000,9999.000
202607151830,   2.396,9999.000,9999.000,9999.000,9999.000,9999.000,9999.000,9999.000,9999.000
202607151836,   2.603,9999.000,9999.000,9999.000,9999.000,9999.000,9999.000,9999.000,9999.000
202607151842,   2.809,9999.000,9999.000,9999.000,9999.000,9999.000,9999.000,9999.000,9999.000
202607151848,   3.016,9999.000,9999.000,9999.000,9999.000,9999.000,9999.000,9999.000,9999.000
202607151854,   3.222,9999.000,9999.000,9999.000,9999.000,9999.000,9999.000,9999.000,9999.000
202607151900,   3.427,   3.660,9999.000,9999.000,9999.000,9999.000,9999.000,9999.000,9999.000
202607151906,   3.631,   3.860,9999.000,9999.000,9999.000,9999.000,9999.000,9999.000,9999.000
202607151912,   3.833,   4.027,9999.000,9999.000,9999.000,9999.000,9999.000,9999.000,9999.000
202607151918,   4.034,   4.198,9999.000,9999.000,9999.000,9999.000,9999.000,9999.000,9999.000
202607151924,   4.232,   4.388,9999.000,9999.000,9999.000,9999.000,9999.000,9999.000,9999.000
202607151930,   4.427,   4.549,9999.000,9999.000,9999.000,9999.000,9999.000,9999.000,9999.000
202607151936,   4.620,   4.710,9999.000,9999.000,9999.000,9999.000,9999.000,9999.000,9999.000
202607151942,   4.809,   4.877,9999.000,9999.000,9999.000,9999.000,9999.000,9999.000,9999.000
202607151948,   4.994,   5.047,9999.000,9999.000,9999.000,9999.000,9999.000,9999.000,9999.000
202607151954,   5.175,   5.198,9999.000,9999.000,9999.000,9999.000,9999.000,9999.000,9999.000
202607152000,   5.351,   5.369,9999.000,9999.000,9999.000,9999.000,9999.000,9999.000,9999.000
202607152006,   5.522,   5.530,9999.000,9999.000,9999.000,9999.000,9999.000,9999.000,9999.000
202607152012,   5.688,   5.677,9999.000,9999.000,9999.000,9999.000,9999.000,9999.000,9999.000
202607152018,   5.848,   5.828,9999.000,9999.000,9999.000,9999.000,9999.000,9999.000,9999.000
202607152024,   6.002,   5.959,9999.000,9999.000,9999.000,9999.000,9999.000,9999.000,9999.000
202607152030,   6.149,   6.107,9999.000,9999.000,9999.000,9999.000,9999.000,9999.000,9999.000
202607152036,   6.289,   6.248,9999.000,9999.000,9999.000,9999.000,9999.000,9999.000,9999.000
202607152042,   6.422,   6.389,9999.000,9999.000,9999.000,9999.000,9999.000,9999.000,9999.000
202607152048,   6.547,   6.517,9999.000,9999.000,9999.000,9999.000,9999.000,9999.000,9999.000
202607152054,   6.664,   6.638,9999.000,9999.000,9999.000,9999.000,9999.000,9999.000,9999.000
202607152100,   6.773,   6.779,9999.000,9999.000,9999.000,9999.000,9999.000,9999.000,9999.000
202607152106,   6.873,   6.868,9999.000,9999.000,9999.000,9999.000,9999.000,9999.000,9999.000
202607152112,   6.964,   6.979,9999.000,9999.000,9999.000,9999.000,9999.000,9999.000,9999.000
202607152118,   7.046,   7.097,9999.000,9999.000,9999.000,9999.000,9999.000,9999.000,9999.000
202607152124,   7.118,   7.176,9999.000,9999.000,9999.000,9999.000,9999.000,9999.000,9999.000
202607152130,   7.181,   7.248,9999.000,9999.000,9999.000,9999.000,9999.000,9999.000,9999.000
202607152136,   7.235,   7.347,9999.000,9999.000,9999.000,9999.000,9999.000,9999.000,9999.000
202607152142,   7.278,   7.419,9999.000,9999.000,9999.000,9999.000,9999.000,9999.000,9999.000
202607152148,   7.312,   7.478,9999.000,9999.000,9999.000,9999.000,9999.000,9999.000,9999.000
202607152154,   7.336,   7.537,9999.000,9999.000,9999.000,9999.000,9999.000,9999.000,9999.000
202607152200,   7.351,   7.576,9999.000,9999.000,9999.000,9999.000,9999.000,9999.000,9999.000
202607152206,   7.355,   7.609,9999.000,9999.000,9999.000,9999.000,9999.000,9999.000,9999.000
202607152212,   7.350,   7.619,9999.000,9999.000,9999.000,9999.000,9999.000,9999.000,9999.000
202607152218,   7.336,   7.629,9999.000,9999.000,9999.000,9999.000,9999.000,9999.000,9999.000
202607152224,   7.312,   7.619,9999.000,9999.000,9999.000,9999.000,9999.000,9999.000,9999.000
202607152230,   7.279,   7.586,9999.000,9999.000,9999.000,9999.000,9999.000,9999.000,9999.000
202607152236,   7.237,   7.557,9999.000,9999.000,9999.000,9999.000,9999.000,9999.000,9999.000
202607152242,   7.187,   7.507,9999.000,9999.000,9999.000,9999.000,9999.000,9999.000,9999.000
202607152248,   7.128,   7.448,9999.000,9999.000,9999.000,9999.000,9999.000,9999.000,9999.000
202607152254,   7.061,   7.366,9999.000,9999.000,9999.000,9999.000,9999.000,9999.000,9999.000
202607152300,   6.986,   7.278,9999.000,9999.000,9999.000,9999.000,9999.000,9999.000,9999.000
202607152306,   6.904,   7.166,9999.000,9999.000,9999.000,9999.000,9999.000,9999.000,9999.000
202607152312,   6.815,   7.068,9999.000,9999.000,9999.000,9999.000,9999.000,9999.000,9999.000
202607152318,   6.719,   6.956,9999.000,9999.000,9999.000,9999.000,9999.000,9999.000,9999.000
202607152324,   6.616,   6.848,9999.000,9999.000,9999.000,9999.000,9999.000,9999.000,9999.000
202607152330,   6.508,   6.717,9999.000,9999.000,9999.000,9999.000,9999.000,9999.000,9999.000
202607152336,   6.393,   6.599,9999.000,9999.000,9999.000,9999.000,9999.000,9999.000,9999.000
202607152342,   6.273,   6.468,9999.000,9999.000,9999.000,9999.000,9999.000,9999.000,9999.000
202607152348,   6.148,   6.327,9999.000,9999.000,9999.000,9999.000,9999.000,9999.000,9999.000
202607152354,   6.019,   6.209,9999.000,9999.000,9999.000,9999.000,9999.000,9999.000,9999.000
202607160000,   5.885,   6.077,   0.500,  -0.308,   6.077,   0.500,   6.077,   0.500,   6.077
202607160006,   5.747,   5.926,9999.000,9999.000,9999.000,9999.000,9999.000,9999.000,9999.000
202607160012,   5.605,   5.789,9999.000,9999.000,9999.000,9999.000,9999.000,9999.000,9999.000
202607160018,   5.460,   5.618,9999.000,9999.000,9999.000,9999.000,9999.000,9999.000,9999.000
202607160024,   5.312,   5.467,9999.000,9999.000,9999.000,9999.000,9999.000,9999.000,9999.000
202607160030,   5.162,   5.339,9999.000,9999.000,9999.000,9999.000,9999.000,9999.000,9999.000
202607160036,   5.010,   5.179,9999.000,9999.000,9999.000,9999.000,9999.000,9999.000,9999.000
202607160042,   4.856,   5.057,9999.000,9999.000,9999.000,9999.000,9999.000,9999.000,9999.000
202607160048,   4.702,   4.919,9999.000,9999.000,9999.000,9999.000,9999.000,9999.000,9999.000
202607160054,   4.547,   4.778,9999.000,9999.000,9999.000,9999.000,9999.000,9999.000,9999.000
202607160100,   4.392,   4.647,   0.500,  -0.245,   4.647,   0.500,   4.647,   0.500,   4.647
202607160106,   4.238,   4.490,9999.000,9999.000,9999.000,9999.000,9999.000,9999.000,9999.000
202607160112,   4.085,   4.329,9999.000,9999.000,9999.000,9999.000,9999.000,9999.000,9999.000
202607160118,   3.934,   4.188,9999.000,9999.000,9999.000,9999.000,9999.000,9999.000,9999.000
202607160124,   3.785,   4.080,9999.000,9999.000,9999.000,9999.000,9999.000,9999.000,9999.000
202607160130,   3.640,   3.939,9999.000,9999.000,9999.000,9999.000,9999.000,9999.000,9999.000
202607160136,   3.499,   3.808,9999.000,9999.000,9999.000,9999.000,9999.000,9999.000,9999.000
202607160142,   3.363,   3.709,9999.000,9999.000,9999.000,9999.000,9999.000,9999.000,9999.000
202607160148,   3.232,   3.578,9999.000,9999.000,9999.000,9999.000,9999.000,9999.000,9999.000
202607160154,   3.107,   3.450,9999.000,9999.000,9999.000,9999.000,9999.000,9999.000,9999.000
202607160200,   2.988,   3.339,   0.500,  -0.149,   3.339,   0.500,   3.339,   0.500,   3.339
202607160206,   2.877,   3.250,9999.000,9999.000,9999.000,9999.000,9999.000,9999.000,9999.000
202607160212,   2.774,   3.158,9999.000,9999.000,9999.000,9999.000,9999.000,9999.000,9999.000
202607160218,   2.679,   3.070,9999.000,9999.000,9999.000,9999.000,9999.000,9999.000,9999.000
202607160224,   2.594,   2.988,9999.000,9999.000,9999.000,9999.000,9999.000,9999.000,9999.000
202607160230,   2.518,   2.899,9999.000,9999.000,9999.000,9999.000,9999.000,9999.000,9999.000
202607160236,   2.452,   2.850,9999.000,9999.000,9999.000,9999.000,9999.000,9999.000,9999.000
202607160242,   2.397,   2.787,9999.000,9999.000,9999.000,9999.000,9999.000,9999.000,9999.000
202607160248,   2.352,   2.719,9999.000,9999.000,9999.000,9999.000,9999.000,9999.000,9999.000
202607160254,   2.318,   2.679,9999.000,9999.000,9999.000,9999.000,9999.000,9999.000,9999.000
202607160300,   2.295,   2.650,   0.500,  -0.145,   2.650,   0.500,   2.650,   0.500,   2.650
202607160306,   2.283,   2.620,9999.000,9999.000,9999.000,9999.000,9999.000,9999.000,9999.000
202607160312,   2.283,   2.597,9999.000,9999.000,9999.000,9999.000,9999.000,9999.000,9999.000
202607160318,   2.293,   2.597,9999.000,9999.000,9999.000,9999.000,9999.000,9999.000,9999.000
202607160324,   2.315,   2.630,9999.000,9999.000,9999.000,9999.000,9999.000,9999.000,9999.000
202607160330,   2.348,   2.669,9999.000,9999.000,9999.000,9999.000,9999.000,9999.000,9999.000
202607160336,   2.391,   2.709,9999.000,9999.000,9999.000,9999.000,9999.000,9999.000,9999.000
202607160342,   2.444,   2.748,9999.000,9999.000,9999.000,9999.000,9999.000,9999.000,9999.000
202607160348,   2.507,   2.820,9999.000,9999.000,9999.000,9999.000,9999.000,9999.000,9999.000
202607160354,   2.580,   2.879,9999.000,9999.000,9999.000,9999.000,9999.000,9999.000,9999.000
202607160400,   2.662,   2.948,   0.500,  -0.214,   2.948,   0.500,   2.948,   0.600,   3.048
202607160406,   2.752,   3.050,9999.000,9999.000,9999.000,9999.000,9999.000,9999.000,9999.000
202607160412,   2.850,   3.158,9999.000,9999.000,9999.000,9999.000,9999.000,9999.000,9999.000
202607160418,   2.956,   3.270,9999.000,9999.000,9999.000,9999.000,9999.000,9999.000,9999.000
202607160424,   3.069,   3.378,9999.000,9999.000,9999.000,9999.000,9999.000,9999.000,9999.000
202607160430,   3.188,   3.499,9999.000,9999.000,9999.000,9999.000,9999.000,9999.000,9999.000
202607160436,   3.313,   3.617,9999.000,9999.000,9999.000,9999.000,9999.000,9999.000,9999.000
202607160442,   3.443,   3.739,9999.000,9999.000,9999.000,9999.000,9999.000,9999.000,9999.000
202607160448,   3.578,   3.880,9999.000,9999.000,9999.000,9999.000,9999.000,9999.000,9999.000
202607160454,   3.718,   4.008,9999.000,9999.000,9999.000,9999.000,9999.000,9999.000,9999.000
202607160500,   3.862,   4.139,   0.500,  -0.223,   4.139,   0.500,   4.139,   0.600,   4.239
202607160506,   4.008,   4.267,9999.000,9999.000,9999.000,9999.000,9999.000,9999.000,9999.000
202607160512,   4.158,   4.388,9999.000,9999.000,9999.000,9999.000,9999.000,9999.000,9999.000
202607160518,   4.311,   4.549,9999.000,9999.000,9999.000,9999.000,9999.000,9999.000,9999.000
202607160524,   4.465,   4.700,9999.000,9999.000,9999.000,9999.000,9999.000,9999.000,9999.000
202607160530,   4.622,   4.847,9999.000,9999.000,9999.000,9999.000,9999.000,9999.000,9999.000
202607160536,   4.779,   4.998,9999.000,9999.000,9999.000,9999.000,9999.000,9999.000,9999.000
202607160542,   4.938,   5.149,9999.000,9999.000,9999.000,9999.000,9999.000,9999.000,9999.000
202607160548,   5.098,   5.297,9999.000,9999.000,9999.000,9999.000,9999.000,9999.000,9999.000
202607160554,   5.259,   5.438,9999.000,9999.000,9999.000,9999.000,9999.000,9999.000,9999.000
202607160600,   5.419,   5.569,   0.400,  -0.250,   5.569,   0.400,   5.569,   0.500,   5.669
202607160606,   5.580,   5.730,9999.000,9999.000,9999.000,9999.000,9999.000,9999.000,9999.000
202607160612,   5.741,   5.877,9999.000,9999.000,9999.000,9999.000,9999.000,9999.000,9999.000
202607160618,   5.901,   6.038,9999.000,9999.000,9999.000,9999.000,9999.000,9999.000,9999.000
202607160624,   6.060,   6.189,9999.000,9999.000,9999.000,9999.000,9999.000,9999.000,9999.000
202607160630,   6.218,   6.359,9999.000,9999.000,9999.000,9999.000,9999.000,9999.000,9999.000
202607160636,   6.376,   6.517,9999.000,9999.000,9999.000,9999.000,9999.000,9999.000,9999.000
202607160642,   6.532,   6.678,9999.000,9999.000,9999.000,9999.000,9999.000,9999.000,9999.000
202607160648,   6.686,   6.819,9999.000,9999.000,9999.000,9999.000,9999.000,9999.000,9999.000
202607160654,   6.838,   6.956,9999.000,9999.000,9999.000,9999.000,9999.000,9999.000,9999.000
202607160700,   6.988,   7.117,   0.500,  -0.371,   7.117,   0.400,   7.017,   0.500,   7.117
202607160706,   7.136,   7.268,9999.000,9999.000,9999.000,9999.000,9999.000,9999.000,9999.000
202607160712,   7.281,   7.419,9999.000,9999.000,9999.000,9999.000,9999.000,9999.000,9999.000
202607160718,   7.423,   7.557,9999.000,9999.000,9999.000,9999.000,9999.000,9999.000,9999.000
202607160724,   7.562,   7.707,9999.000,9999.000,9999.000,9999.000,9999.000,9999.000,9999.000
202607160730,   7.697,   7.858,9999.000,9999.000,9999.000,9999.000,9999.000,9999.000,9999.000
202607160736,   7.828,   7.996,9999.000,9999.000,9999.000,9999.000,9999.000,9999.000,9999.000
202607160742,   7.955,   8.157,9999.000,9999.000,9999.000,9999.000,9999.000,9999.000,9999.000
202607160748,   8.077,   8.278,9999.000,9999.000,9999.000,9999.000,9999.000,9999.000,9999.000
202607160754,   8.194,   8.406,9999.000,9999.000,9999.000,9999.000,9999.000,9999.000,9999.000
202607160800,   8.306,   8.527,   0.500,  -0.279,   8.527,   0.400,   8.427,   0.500,   8.527
202607160806,   8.413,   8.659,9999.000,9999.000,9999.000,9999.000,9999.000,9999.000,9999.000
202607160812,   8.513,   8.777,9999.000,9999.000,9999.000,9999.000,9999.000,9999.000,9999.000
202607160818,   8.607,   8.878,9999.000,9999.000,9999.000,9999.000,9999.000,9999.000,9999.000
202607160824,   8.694,   8.977,9999.000,9999.000,9999.000,9999.000,9999.000,9999.000,9999.000
202607160830,   8.774,   9.079,9999.000,9999.000,9999.000,9999.000,9999.000,9999.000,9999.000
202607160836,   8.846,   9.167,9999.000,9999.000,9999.000,9999.000,9999.000,9999.000,9999.000
202607160842,   8.910,   9.246,9999.000,9999.000,9999.000,9999.000,9999.000,9999.000,9999.000
202607160848,   8.966,   9.318,9999.000,9999.000,9999.000,9999.000,9999.000,9999.000,9999.000
202607160854,   9.014,   9.407,9999.000,9999.000,9999.000,9999.000,9999.000,9999.000,9999.000
202607160900,   9.052,   9.446,   0.500,  -0.106,   9.446,   0.400,   9.346,   0.500,   9.446
202607160906,   9.081,   9.489,9999.000,9999.000,9999.000,9999.000,9999.000,9999.000,9999.000
202607160912,   9.100,   9.518,9999.000,9999.000,9999.000,9999.000,9999.000,9999.000,9999.000
202607160918,   9.109,   9.528,9999.000,9999.000,9999.000,9999.000,9999.000,9999.000,9999.000
202607160924,   9.108,   9.528,9999.000,9999.000,9999.000,9999.000,9999.000,9999.000,9999.000
202607160930,   9.097,   9.508,9999.000,9999.000,9999.000,9999.000,9999.000,9999.000,9999.000
202607160936,   9.075,   9.466,9999.000,9999.000,9999.000,9999.000,9999.000,9999.000,9999.000
202607160942,   9.042,   9.426,9999.000,9999.000,9999.000,9999.000,9999.000,9999.000,9999.000
202607160948,   8.998,   9.367,9999.000,9999.000,9999.000,9999.000,9999.000,9999.000,9999.000
202607160954,   8.943,   9.298,9999.000,9999.000,9999.000,9999.000,9999.000,9999.000,9999.000
202607161000,   8.877,   9.206,   0.500,  -0.171,   9.206,   0.500,   9.206,   0.500,   9.206
202607161006,   8.799,   9.098,9999.000,9999.000,9999.000,9999.000,9999.000,9999.000,9999.000
202607161012,   8.711,   8.997,9999.000,9999.000,9999.000,9999.000,9999.000,9999.000,9999.000
202607161018,   8.611,   8.869,9999.000,9999.000,9999.000,9999.000,9999.000,9999.000,9999.000
202607161024,   8.500,   8.747,9999.000,9999.000,9999.000,9999.000,9999.000,9999.000,9999.000
202607161030,   8.379,   8.626,9999.000,9999.000,9999.000,9999.000,9999.000,9999.000,9999.000
202607161036,   8.247,   8.488,9999.000,9999.000,9999.000,9999.000,9999.000,9999.000,9999.000
202607161042,   8.104,   8.357,9999.000,9999.000,9999.000,9999.000,9999.000,9999.000,9999.000
202607161048,   7.952,   8.216,9999.000,9999.000,9999.000,9999.000,9999.000,9999.000,9999.000
202607161054,   7.789,   8.049,9999.000,9999.000,9999.000,9999.000,9999.000,9999.000,9999.000
202607161100,   7.618,   7.898,   0.500,  -0.220,   7.898,   0.500,   7.898,   0.500,   7.898
202607161106,   7.437,   7.727,9999.000,9999.000,9999.000,9999.000,9999.000,9999.000,9999.000
202607161112,   7.247,   7.566,9999.000,9999.000,9999.000,9999.000,9999.000,9999.000,9999.000
202607161118,   7.049,   7.409,9999.000,9999.000,9999.000,9999.000,9999.000,9999.000,9999.000
202607161124,   6.843,   7.209,9999.000,9999.000,9999.000,9999.000,9999.000,9999.000,9999.000
202607161130,   6.630,   7.029,9999.000,9999.000,9999.000,9999.000,9999.000,9999.000,9999.000
202607161136,   6.409,   6.828,9999.000,9999.000,9999.000,9999.000,9999.000,9999.000,9999.000
202607161142,   6.183,   6.628,9999.000,9999.000,9999.000,9999.000,9999.000,9999.000,9999.000
202607161148,   5.950,   6.438,9999.000,9999.000,9999.000,9999.000,9999.000,9999.000,9999.000
202607161154,   5.711,   6.228,9999.000,9999.000,9999.000,9999.000,9999.000,9999.000,9999.000
202607161200,   5.467,   6.008,   0.400,   0.141,   6.008,   0.300,   5.908,   0.400,   6.008
202607161206,   5.219,   5.808,9999.000,9999.000,9999.000,9999.000,9999.000,9999.000,9999.000
202607161212,   4.966,   5.598,9999.000,9999.000,9999.000,9999.000,9999.000,9999.000,9999.000
202607161218,   4.710,   5.359,9999.000,9999.000,9999.000,9999.000,9999.000,9999.000,9999.000
202607161224,   4.450,   5.139,9999.000,9999.000,9999.000,9999.000,9999.000,9999.000,9999.000
202607161230,   4.188,   4.919,9999.000,9999.000,9999.000,9999.000,9999.000,9999.000,9999.000
202607161236,   3.924,   4.719,9999.000,9999.000,9999.000,9999.000,9999.000,9999.000,9999.000
202607161242,   3.657,   4.467,9999.000,9999.000,9999.000,9999.000,9999.000,9999.000,9999.000
202607161248,   3.390,   4.237,9999.000,9999.000,9999.000,9999.000,9999.000,9999.000,9999.000
202607161254,   3.122,   3.998,9999.000,9999.000,9999.000,9999.000,9999.000,9999.000,9999.000
202607161300,   2.854,   3.768,   0.400,   0.514,   3.768,   0.400,   3.768,   0.400,   3.768
202607161306,   2.586,   3.548,9999.000,9999.000,9999.000,9999.000,9999.000,9999.000,9999.000
202607161312,   2.319,   3.289,9999.000,9999.000,9999.000,9999.000,9999.000,9999.000,9999.000
202607161318,   2.054,   2.997,9999.000,9999.000,9999.000,9999.000,9999.000,9999.000,9999.000
202607161324,   1.791,   2.787,9999.000,9999.000,9999.000,9999.000,9999.000,9999.000,9999.000
202607161330,   1.531,   2.578,9999.000,9999.000,9999.000,9999.000,9999.000,9999.000,9999.000
202607161336,   1.275,   2.318,9999.000,9999.000,9999.000,9999.000,9999.000,9999.000,9999.000
202607161342,   1.023,   2.059,9999.000,9999.000,9999.000,9999.000,9999.000,9999.000,9999.000
202607161348,   0.776,   1.781,9999.000,9999.000,9999.000,9999.000,9999.000,9999.000,9999.000
202607161354,   0.536,   1.548,9999.000,9999.000,9999.000,9999.000,9999.000,9999.000,9999.000
202607161400,   0.301,   1.308,   0.400,   0.607,   1.308,   0.400,   1.308,   0.400,   1.308
202607161406,   0.074,   1.029,9999.000,9999.000,9999.000,9999.000,9999.000,9999.000,9999.000
202607161412,  -0.144,   0.800,9999.000,9999.000,9999.000,9999.000,9999.000,9999.000,9999.000
202607161418,  -0.355,   0.580,9999.000,9999.000,9999.000,9999.000,9999.000,9999.000,9999.000
202607161424,  -0.556,   0.331,9999.000,9999.000,9999.000,9999.000,9999.000,9999.000,9999.000
202607161430,  -0.746,   0.049,9999.000,9999.000,9999.000,9999.000,9999.000,9999.000,9999.000
202607161436,  -0.926,  -0.180,9999.000,9999.000,9999.000,9999.000,9999.000,9999.000,9999.000
202607161442,  -1.095,  -0.370,9999.000,9999.000,9999.000,9999.000,9999.000,9999.000,9999.000
202607161448,  -1.252,  -0.580,9999.000,9999.000,9999.000,9999.000,9999.000,9999.000,9999.000
202607161454,  -1.396,  -0.790,9999.000,9999.000,9999.000,9999.000,9999.000,9999.000,9999.000
202607161500,  -1.527,  -1.010,   0.400,   0.117,  -1.010,   0.400,  -1.010,   0.400,  -1.010
202607161506,  -1.645,  -1.200,9999.000,9999.000,9999.000,9999.000,9999.000,9999.000,9999.000
202607161512,  -1.749,  -1.371,9999.000,9999.000,9999.000,9999.000,9999.000,9999.000,9999.000
202607161518,  -1.839,  -1.580,9999.000,9999.000,9999.000,9999.000,9999.000,9999.000,9999.000
202607161524,  -1.916,  -1.758,9999.000,9999.000,9999.000,9999.000,9999.000,9999.000,9999.000
202607161530,  -1.978,  -1.908,9999.000,9999.000,9999.000,9999.000,9999.000,9999.000,9999.000
202607161536,  -2.026,  -1.938,9999.000,9999.000,9999.000,9999.000,9999.000,9999.000,9999.000
202607161542,  -2.059,  -2.040,9999.000,9999.000,9999.000,9999.000,9999.000,9999.000,9999.000
202607161548,  -2.079,  -2.128,9999.000,9999.000,9999.000,9999.000,9999.000,9999.000,9999.000
202607161554,  -2.085,  -2.148,9999.000,9999.000,9999.000,9999.000,9999.000,9999.000,9999.000
202607161600,  -2.077,  -2.128,   0.400,  -0.451,  -2.128,   0.400,  -2.128,   0.400,  -2.128
202607161606,  -2.056,  -2.040,9999.000,9999.000,9999.000,9999.000,9999.000,9999.000,9999.000
202607161612,  -2.022,  -1.981,9999.000,9999.000,9999.000,9999.000,9999.000,9999.000,9999.000
202607161618,  -1.975,  -1.948,9999.000,9999.000,9999.000,9999.000,9999.000,9999.000,9999.000
202607161624,  -1.917,  -1.790,9999.000,9999.000,9999.000,9999.000,9999.000,9999.000,9999.000
202607161630,  -1.847,  -1.630,9999.000,9999.000,9999.000,9999.000,9999.000,9999.000,9999.000
202607161636,  -1.766,  -1.479,9999.000,9999.000,9999.000,9999.000,9999.000,9999.000,9999.000
202607161642,  -1.675,  -1.338,9999.000,9999.000,9999.000,9999.000,9999.000,9999.000,9999.000
202607161648,  -1.574,  -1.249,9999.000,9999.000,9999.000,9999.000,9999.000,9999.000,9999.000
202607161654,  -1.464,  -1.098,9999.000,9999.000,9999.000,9999.000,9999.000,9999.000,9999.000
202607161700,  -1.345,  -0.928,   0.400,   0.017,  -0.928,   0.400,  -0.928,   0.400,  -0.928
202607161706,  -1.217,  -0.770,9999.000,9999.000,9999.000,9999.000,9999.000,9999.000,9999.000
202607161712,  -1.083,  -0.590,9999.000,9999.000,9999.000,9999.000,9999.000,9999.000,9999.000
202607161718,  -0.941,  -0.449,9999.000,9999.000,9999.000,9999.000,9999.000,9999.000,9999.000
202607161724,  -0.792,  -0.288,9999.000,9999.000,9999.000,9999.000,9999.000,9999.000,9999.000
202607161730,  -0.637,  -0.131,9999.000,9999.000,9999.000,9999.000,9999.000,9999.000,9999.000
202607161736,  -0.477,   0.000,9999.000,9999.000,9999.000,9999.000,9999.000,9999.000,9999.000
202607161742,  -0.311,   0.170,9999.000,9999.000,9999.000,9999.000,9999.000,9999.000,9999.000
202607161748,  -0.141,   0.350,9999.000,9999.000,9999.000,9999.000,9999.000,9999.000,9999.000
202607161754,   0.033,   0.541,9999.000,9999.000,9999.000,9999.000,9999.000,9999.000,9999.000
202607161800,   0.212,   0.741,   0.500,   0.029,   0.741,   0.400,   0.641,   0.500,   0.741
202607161806,   0.395,   0.928,9999.000,9999.000,9999.000,9999.000,9999.000,9999.000,9999.000
202607161812,   0.581,   1.108,9999.000,9999.000,9999.000,9999.000,9999.000,9999.000,9999.000
202607161818,   0.770,   1.279,9999.000,9999.000,9999.000,9999.000,9999.000,9999.000,9999.000
202607161824,   0.962,   1.459,9999.000,9999.000,9999.000,9999.000,9999.000,9999.000,9999.000
202607161830,   1.156,   1.639,9999.000,9999.000,9999.000,9999.000,9999.000,9999.000,9999.000
202607161836,   1.353,   1.830,9999.000,9999.000,9999.000,9999.000,9999.000,9999.000,9999.000
202607161842,   1.552,   2.010,9999.000,9999.000,9999.000,9999.000,9999.000,9999.000,9999.000
202607161848,   1.752,   2.200,9999.000,9999.000,9999.000,9999.000,9999.000,9999.000,9999.000
202607161854,   1.954,   2.400,9999.000,9999.000,9999.000,9999.000,9999.000,9999.000,9999.000
202607161900,   2.158,   2.578,   0.500,  -0.080,   2.578,   0.400,   2.478,   0.500,   2.578
202607161906,   2.362,   2.787,9999.000,9999.000,9999.000,9999.000,9999.000,9999.000,9999.000
202607161912,   2.567,   2.978,9999.000,9999.000,9999.000,9999.000,9999.000,9999.000,9999.000
202607161918,   2.772,   3.168,9999.000,9999.000,9999.000,9999.000,9999.000,9999.000,9999.000
202607161924,   2.978,   3.358,9999.000,9999.000,9999.000,9999.000,9999.000,9999.000,9999.000
202607161930,   3.183,   3.539,9999.000,9999.000,9999.000,9999.000,9999.000,9999.000,9999.000
202607161936,   3.388,   3.729,9999.000,9999.000,9999.000,9999.000,9999.000,9999.000,9999.000
202607161942,   3.593,   3.909,9999.000,9999.000,9999.000,9999.000,9999.000,9999.000,9999.000
202607161948,   3.796,   4.080,9999.000,9999.000,9999.000,9999.000,9999.000,9999.000,9999.000
202607161954,   3.998,   4.267,9999.000,9999.000,9999.000,9999.000,9999.000,9999.000,9999.000
202607162000,   4.198,   4.447,   0.500,  -0.251,   4.447,   0.400,   4.347,   0.500,   4.447
202607162006,   4.396,   4.618,9999.000,9999.000,9999.000,9999.000,9999.000,9999.000,9999.000
202607162012,   4.592,   4.788,9999.000,9999.000,9999.000,9999.000,9999.000,9999.000,9999.000
202607162018,   4.785,   4.959,9999.000,9999.000,9999.000,9999.000,9999.000,9999.000,9999.000
202607162024,   4.975,   5.149,9999.000,9999.000,9999.000,9999.000,9999.000,9999.000,9999.000
202607162030,   5.161,   5.297,9999.000,9999.000,9999.000,9999.000,9999.000,9999.000,9999.000
202607162036,   5.343,   5.448,9999.000,9999.000,9999.000,9999.000,9999.000,9999.000,9999.000
202607162042,   5.521,   5.608,9999.000,9999.000,9999.000,9999.000,9999.000,9999.000,9999.000
202607162048,   5.693,   5.769,9999.000,9999.000,9999.000,9999.000,9999.000,9999.000,9999.000
202607162054,   5.861,   5.917,9999.000,9999.000,9999.000,9999.000,9999.000,9999.000,9999.000
202607162100,   6.023,   6.067,   0.500,  -0.456,   6.067,   0.400,   5.967,   0.500,   6.067
202607162106,   6.179,   6.209,9999.000,9999.000,9999.000,9999.000,9999.000,9999.000,9999.000
202607162112,   6.328,   6.369,9999.000,9999.000,9999.000,9999.000,9999.000,9999.000,9999.000
202607162118,   6.470,   6.497,9999.000,9999.000,9999.000,9999.000,9999.000,9999.000,9999.000
202607162124,   6.606,   6.628,9999.000,9999.000,9999.000,9999.000,9999.000,9999.000,9999.000
202607162130,   6.733,   6.746,9999.000,9999.000,9999.000,9999.000,9999.000,9999.000,9999.000
202607162136,   6.852,   6.897,9999.000,9999.000,9999.000,9999.000,9999.000,9999.000,9999.000
202607162142,   6.963,   7.009,9999.000,9999.000,9999.000,9999.000,9999.000,9999.000,9999.000
202607162148,   7.066,   7.097,9999.000,9999.000,9999.000,9999.000,9999.000,9999.000,9999.000
202607162154,   7.159,   7.219,9999.000,9999.000,9999.000,9999.000,9999.000,9999.000,9999.000
202607162200,   7.243,   7.337,   0.500,  -0.406,   7.337,   0.400,   7.237,   0.500,   7.337
202607162206,   7.317,   7.429,9999.000,9999.000,9999.000,9999.000,9999.000,9999.000,9999.000
202607162212,   7.382,   7.517,9999.000,9999.000,9999.000,9999.000,9999.000,9999.000,9999.000
202607162218,   7.437,   7.586,9999.000,9999.000,9999.000,9999.000,9999.000,9999.000,9999.000
202607162224,   7.481,   7.668,9999.000,9999.000,9999.000,9999.000,9999.000,9999.000,9999.000
202607162230,   7.516,   7.717,9999.000,9999.000,9999.000,9999.000,9999.000,9999.000,9999.000
202607162236,   7.540,   7.776,9999.000,9999.000,9999.000,9999.000,9999.000,9999.000,9999.000
202607162242,   7.555,   7.829,9999.000,9999.000,9999.000,9999.000,9999.000,9999.000,9999.000
202607162248,   7.559,   7.839,9999.000,9999.000,9999.000,9999.000,9999.000,9999.000,9999.000
202607162254,   7.553,   7.858,9999.000,9999.000,9999.000,9999.000,9999.000,9999.000,9999.000
202607162300,   7.537,   7.849,   0.500,  -0.188,   7.849,   0.400,   7.749,   0.500,   7.849
202607162306,   7.511,   7.839,9999.000,9999.000,9999.000,9999.000,9999.000,9999.000,9999.000
202607162312,   7.476,   7.786,9999.000,9999.000,9999.000,9999.000,9999.000,9999.000,9999.000
202607162318,   7.431,   7.737,9999.000,9999.000,9999.000,9999.000,9999.000,9999.000,9999.000
202607162324,   7.377,   7.678,9999.000,9999.000,9999.000,9999.000,9999.000,9999.000,9999.000
202607162330,   7.314,   7.586,9999.000,9999.000,9999.000,9999.000,9999.000,9999.000,9999.000
202607162336,   7.243,   7.498,9999.000,9999.000,9999.000,9999.000,9999.000,9999.000,9999.000
202607162342,   7.164,   7.419,9999.000,9999.000,9999.000,9999.000,9999.000,9999.000,9999.000
202607162348,   7.076,   7.327,9999.000,9999.000,9999.000,9999.000,9999.000,9999.000,9999.000
202607162354,   6.981,   7.176,9999.000,9999.000,9999.000,9999.000,9999.000,9999.000,9999.000
202607170000,   6.879,   7.088,   0.600,  -0.391,   7.088,   0.600,   7.088,   0.600,   7.088
202607170006,   6.770,   6.989,9999.000,9999.000,9999.000,9999.000,9999.000,9999.000,9999.000
202607170012,   6.655,   6.848,9999.000,9999.000,9999.000,9999.000,9999.000,9999.000,9999.000
202607170018,   6.534,   6.717,9999.000,9999.000,9999.000,9999.000,9999.000,9999.000,9999.000
202607170024,   6.407,   6.609,9999.000,9999.000,9999.000,9999.000,9999.000,9999.000,9999.000
202607170030,   6.274,   6.468,9999.000,9999.000,9999.000,9999.000,9999.000,9999.000,9999.000
202607170036,   6.137,   6.317,9999.000,9999.000,9999.000,9999.000,9999.000,9999.000,9999.000
202607170042,   5.995,   6.199,9999.000,9999.000,9999.000,9999.000,9999.000,9999.000,9999.000
202607170048,   5.849,   6.067,9999.000,9999.000,9999.000,9999.000,9999.000,9999.000,9999.000
202607170054,   5.699,   5.917,9999.000,9999.000,9999.000,9999.000,9999.000,9999.000,9999.000
202607170100,   5.546,   5.749,   0.600,  -0.397,   5.749,   0.600,   5.749,   0.600,   5.749
202607170106,   5.390,   5.618,9999.000,9999.000,9999.000,9999.000,9999.000,9999.000,9999.000
202607170112,   5.231,   5.467,9999.000,9999.000,9999.000,9999.000,9999.000,9999.000,9999.000
202607170118,   5.070,   5.297,9999.000,9999.000,9999.000,9999.000,9999.000,9999.000,9999.000
202607170124,   4.908,   5.149,9999.000,9999.000,9999.000,9999.000,9999.000,9999.000,9999.000
202607170130,   4.744,   5.028,9999.000,9999.000,9999.000,9999.000,9999.000,9999.000,9999.000
202607170136,   4.580,   4.877,9999.000,9999.000,9999.000,9999.000,9999.000,9999.000,9999.000
202607170142,   4.416,   4.719,9999.000,9999.000,9999.000,9999.000,9999.000,9999.000,9999.000
202607170148,   4.252,   4.569,9999.000,9999.000,9999.000,9999.000,9999.000,9999.000,9999.000
202607170154,   4.088,   4.408,9999.000,9999.000,9999.000,9999.000,9999.000,9999.000,9999.000
202607170200,   3.927,   4.257,   0.600,  -0.270,   4.257,   0.600,   4.257,   0.600,   4.257
202607170206,   3.767,   4.129,9999.000,9999.000,9999.000,9999.000,9999.000,9999.000,9999.000
202607170212,   3.611,   3.978,9999.000,9999.000,9999.000,9999.000,9999.000,9999.000,9999.000
202607170218,   3.458,   3.837,9999.000,9999.000,9999.000,9999.000,9999.000,9999.000,9999.000
202607170224,   3.308,   3.709,9999.000,9999.000,9999.000,9999.000,9999.000,9999.000,9999.000
202607170230,   3.164,   3.588,9999.000,9999.000,9999.000,9999.000,9999.000,9999.000,9999.000
202607170236,   3.025,   3.460,9999.000,9999.000,9999.000,9999.000,9999.000,9999.000,9999.000
202607170242,   2.892,   3.329,9999.000,9999.000,9999.000,9999.000,9999.000,9999.000,9999.000
202607170248,   2.766,   3.217,9999.000,9999.000,9999.000,9999.000,9999.000,9999.000,9999.000
202607170254,   2.647,   3.099,9999.000,9999.000,9999.000,9999.000,9999.000,9999.000,9999.000
202607170300,   2.536,   2.978,   0.600,  -0.158,   2.978,   0.600,   2.978,   0.600,   2.978
202607170306,   2.433,   2.860,9999.000,9999.000,9999.000,9999.000,9999.000,9999.000,9999.000
202607170312,   2.340,   2.768,9999.000,9999.000,9999.000,9999.000,9999.000,9999.000,9999.000
202607170318,   2.256,   2.689,9999.000,9999.000,9999.000,9999.000,9999.000,9999.000,9999.000
202607170324,   2.182,   2.597,9999.000,9999.000,9999.000,9999.000,9999.000,9999.000,9999.000
202607170330,   2.118,   2.499,9999.000,9999.000,9999.000,9999.000,9999.000,9999.000,9999.000
202607170336,   2.065,   2.400,9999.000,9999.000,9999.000,9999.000,9999.000,9999.000,9999.000
202607170342,   2.023,   2.348,9999.000,9999.000,9999.000,9999.000,9999.000,9999.000,9999.000
202607170348,   1.992,   2.309,9999.000,9999.000,9999.000,9999.000,9999.000,9999.000,9999.000
202607170354,   1.972,   2.299,9999.000,9999.000,9999.000,9999.000,9999.000,9999.000,9999.000
202607170400,   1.963,   2.279,   0.600,  -0.284,   2.279,   0.600,   2.279,   0.600,   2.279
202607170406,   1.965,   2.259,9999.000,9999.000,9999.000,9999.000,9999.000,9999.000,9999.000
202607170412,   1.978,   2.250,9999.000,9999.000,9999.000,9999.000,9999.000,9999.000,9999.000
202607170418,   2.002,   2.269,9999.000,9999.000,9999.000,9999.000,9999.000,9999.000,9999.000
202607170424,   2.036,   2.279,9999.000,9999.000,9999.000,9999.000,9999.000,9999.000,9999.000
202607170430,   2.081,   2.348,9999.000,9999.000,9999.000,9999.000,9999.000,9999.000,9999.000
202607170436,   2.136,   2.400,9999.000,9999.000,9999.000,9999.000,9999.000,9999.000,9999.000
202607170442,   2.200,   2.469,9999.000,9999.000,9999.000,9999.000,9999.000,9999.000,9999.000
202607170448,   2.273,   2.548,9999.000,9999.000,9999.000,9999.000,9999.000,9999.000,9999.000
202607170454,   2.355,   2.620,9999.000,9999.000,9999.000,9999.000,9999.000,9999.000,9999.000
202607170500,   2.444,   2.699,   0.600,  -0.345,   2.699,   0.600,   2.699,   0.600,   2.699
202607170506,   2.542,   2.797,9999.000,9999.000,9999.000,9999.000,9999.000,9999.000,9999.000
202607170512,   2.646,   2.909,9999.000,9999.000,9999.000,9999.000,9999.000,9999.000,9999.000
202607170518,   2.757,   3.017,9999.000,9999.000,9999.000,9999.000,9999.000,9999.000,9999.000
202607170524,   2.874,   3.119,9999.000,9999.000,9999.000,9999.000,9999.000,9999.000,9999.000
202607170530,   2.996,   3.240,9999.000,9999.000,9999.000,9999.000,9999.000,9999.000,9999.000
202607170536,   3.123,   3.358,9999.000,9999.000,9999.000,9999.000,9999.000,9999.000,9999.000
202607170542,   3.255,   3.480,9999.000,9999.000,9999.000,9999.000,9999.000,9999.000,9999.000
202607170548,   3.391,   3.617,9999.000,9999.000,9999.000,9999.000,9999.000,9999.000,9999.000
202607170554,   3.530,   3.758,9999.000,9999.000,9999.000,9999.000,9999.000,9999.000,9999.000
202607170600,   3.673,   3.890,   0.500,  -0.283,   3.890,   0.500,   3.890,   0.500,   3.890
202607170606,   3.818,   4.047,9999.000,9999.000,9999.000,9999.000,9999.000,9999.000,9999.000
202607170612,   3.965,   4.198,9999.000,9999.000,9999.000,9999.000,9999.000,9999.000,9999.000
202607170618,   4.115,   4.349,9999.000,9999.000,9999.000,9999.000,9999.000,9999.000,9999.000
202607170624,   4.266,   4.509,9999.000,9999.000,9999.000,9999.000,9999.000,9999.000,9999.000
202607170630,   4.418,   4.647,9999.000,9999.000,9999.000,9999.000,9999.000,9999.000,9999.000
202607170636,   4.572,   4.788,9999.000,9999.000,9999.000,9999.000,9999.000,9999.000,9999.000
202607170642,   4.726,   4.939,9999.000,9999.000,9999.000,9999.000,9999.000,9999.000,9999.000
202607170648,   4.881,   5.077,9999.000,9999.000,9999.000,9999.000,9999.000,9999.000,9999.000
202607170654,   5.036,   5.228,9999.000,9999.000,9999.000,9999.000,9999.000,9999.000,9999.000
202607170700,   5.192,   5.379,   0.500,  -0.313,   5.379,   0.500,   5.379,   0.500,   5.379
202607170706,   5.347,   5.539,9999.000,9999.000,9999.000,9999.000,9999.000,9999.000,9999.000
202607170712,   5.501,   5.687,9999.000,9999.000,9999.000,9999.000,9999.000,9999.000,9999.000
202607170718,   5.655,   5.828,9999.000,9999.000,9999.000,9999.000,9999.000,9999.000,9999.000
202607170724,   5.809,   5.969,9999.000,9999.000,9999.000,9999.000,9999.000,9999.000,9999.000
202607170730,   5.961,   6.117,9999.000,9999.000,9999.000,9999.000,9999.000,9999.000,9999.000
202607170736,   6.112,   6.277,9999.000,9999.000,9999.000,9999.000,9999.000,9999.000,9999.000
202607170742,   6.261,   6.418,9999.000,9999.000,9999.000,9999.000,9999.000,9999.000,9999.000
202607170748,   6.409,   6.546,9999.000,9999.000,9999.000,9999.000,9999.000,9999.000,9999.000
202607170754,   6.554,   6.697,9999.000,9999.000,9999.000,9999.000,9999.000,9999.000,9999.000
202607170800,   6.697,   6.848,   0.500,  -0.349,   6.848,   0.500,   6.848,   0.500,   6.848
202607170806,   6.838,   6.989,9999.000,9999.000,9999.000,9999.000,9999.000,9999.000,9999.000
202607170812,   6.975,   7.137,9999.000,9999.000,9999.000,9999.000,9999.000,9999.000,9999.000
202607170818,   7.109,   7.288,9999.000,9999.000,9999.000,9999.000,9999.000,9999.000,9999.000
202607170824,   7.240,   7.429,9999.000,9999.000,9999.000,9999.000,9999.000,9999.000,9999.000
202607170830,   7.367,   7.557,9999.000,9999.000,9999.000,9999.000,9999.000,9999.000,9999.000
202607170836,   7.489,   7.688,9999.000,9999.000,9999.000,9999.000,9999.000,9999.000,9999.000
202607170842,   7.607,   7.806,9999.000,9999.000,9999.000,9999.000,9999.000,9999.000,9999.000
202607170848,   7.720,   7.908,9999.000,9999.000,9999.000,9999.000,9999.000,9999.000,9999.000
202607170854,   7.828,   8.029,9999.000,9999.000,9999.000,9999.000,9999.000,9999.000,9999.000
202607170900,   7.929,   8.137,   0.500,  -0.292,   8.137,   0.500,   8.137,   0.500,   8.137
202607170906,   8.025,   8.239,9999.000,9999.000,9999.000,9999.000,9999.000,9999.000,9999.000
202607170912,   8.114,   8.367,9999.000,9999.000,9999.000,9999.000,9999.000,9999.000,9999.000
202607170918,   8.197,   8.478,9999.000,9999.000,9999.000,9999.000,9999.000,9999.000,9999.000
202607170924,   8.272,   8.567,9999.000,9999.000,9999.000,9999.000,9999.000,9999.000,9999.000
202607170930,   8.339,   8.649,9999.000,9999.000,9999.000,9999.000,9999.000,9999.000,9999.000
202607170936,   8.399,   8.718,9999.000,9999.000,9999.000,9999.000,9999.000,9999.000,9999.000
202607170942,   8.450,   8.767,9999.000,9999.000,9999.000,9999.000,9999.000,9999.000,9999.000
202607170948,   8.492,   8.816,9999.000,9999.000,9999.000,9999.000,9999.000,9999.000,9999.000
202607170954,   8.525,   8.878,9999.000,9999.000,9999.000,9999.000,9999.000,9999.000,9999.000
202607171000,   8.549,   8.918,   0.500,  -0.131,   8.918,   0.500,   8.918,   0.500,   8.918
202607171006,   8.563,   8.928,9999.000,9999.000,9999.000,9999.000,9999.000,9999.000,9999.000
202607171012,   8.568,   8.957,9999.000,9999.000,9999.000,9999.000,9999.000,9999.000,9999.000
202607171018,   8.562,   8.947,9999.000,9999.000,9999.000,9999.000,9999.000,9999.000,9999.000
202607171024,   8.545,   8.928,9999.000,9999.000,9999.000,9999.000,9999.000,9999.000,9999.000
202607171030,   8.519,   8.918,9999.000,9999.000,9999.000,9999.000,9999.000,9999.000,9999.000
202607171036,   8.481,   8.878,9999.000,9999.000,9999.000,9999.000,9999.000,9999.000,9999.000
202607171042,   8.432,   8.806,9999.000,9999.000,9999.000,9999.000,9999.000,9999.000,9999.000
202607171048,   8.373,   8.747,9999.000,9999.000,9999.000,9999.000,9999.000,9999.000,9999.000
202607171054,   8.303,   8.659,9999.000,9999.000,9999.000,9999.000,9999.000,9999.000,9999.000
202607171100,   8.222,   8.537,   0.500,  -0.185,   8.537,   0.500,   8.537,   0.500,   8.537
202607171106,   8.131,   8.449,9999.000,9999.000,9999.000,9999.000,9999.000,9999.000,9999.000
202607171112,   8.028,   8.327,9999.000,9999.000,9999.000,9999.000,9999.000,9999.000,9999.000
202607171118,   7.916,   8.216,9999.000,9999.000,9999.000,9999.000,9999.000,9999.000,9999.000
202607171124,   7.793,   8.108,9999.000,9999.000,9999.000,9999.000,9999.000,9999.000,9999.000
202607171130,   7.660,   7.986,9999.000,9999.000,9999.000,9999.000,9999.000,9999.000,9999.000
202607171136,   7.517,   7.858,9999.000,9999.000,9999.000,9999.000,9999.000,9999.000,9999.000
202607171142,   7.365,   7.717,9999.000,9999.000,9999.000,9999.000,9999.000,9999.000,9999.000
202607171148,   7.205,   7.557,9999.000,9999.000,9999.000,9999.000,9999.000,9999.000,9999.000
202607171154,   7.035,   7.386,9999.000,9999.000,9999.000,9999.000,9999.000,9999.000,9999.000
202607171200,   6.857,   7.219,   0.300,   0.062,   7.219,   0.300,   7.219,   0.300,   7.219
202607171206,   6.672,   7.029,9999.000,9999.000,9999.000,9999.000,9999.000,9999.000,9999.000
202607171212,   6.479,   6.848,9999.000,9999.000,9999.000,9999.000,9999.000,9999.000,9999.000
202607171218,   6.279,   6.678,9999.000,9999.000,9999.000,9999.000,9999.000,9999.000,9999.000
202607171224,   6.073,   6.497,9999.000,9999.000,9999.000,9999.000,9999.000,9999.000,9999.000
202607171230,   5.861,   6.317,9999.000,9999.000,9999.000,9999.000,9999.000,9999.000,9999.000
202607171236,   5.644,   6.117,9999.000,9999.000,9999.000,9999.000,9999.000,9999.000,9999.000
202607171242,   5.422,   5.926,9999.000,9999.000,9999.000,9999.000,9999.000,9999.000,9999.000
202607171248,   5.195,   5.730,9999.000,9999.000,9999.000,9999.000,9999.000,9999.000,9999.000
202607171254,   4.964,   5.516,9999.000,9999.000,9999.000,9999.000,9999.000,9999.000,9999.000
202607171300,   4.730,   5.307,   0.300,   0.277,   5.307,   0.300,   5.307,   0.300,   5.307
202607171306,   4.492,   5.097,9999.000,9999.000,9999.000,9999.000,9999.000,9999.000,9999.000
202607171312,   4.252,   4.877,9999.000,9999.000,9999.000,9999.000,9999.000,9999.000,9999.000
202607171318,   4.010,   4.667,9999.000,9999.000,9999.000,9999.000,9999.000,9999.000,9999.000
202607171324,   3.767,   4.467,9999.000,9999.000,9999.000,9999.000,9999.000,9999.000,9999.000
202607171330,   3.522,   4.247,9999.000,9999.000,9999.000,9999.000,9999.000,9999.000,9999.000
202607171336,   3.276,   4.037,9999.000,9999.000,9999.000,9999.000,9999.000,9999.000,9999.000
202607171342,   3.031,   3.827,9999.000,9999.000,9999.000,9999.000,9999.000,9999.000,9999.000
202607171348,   2.785,   3.598,9999.000,9999.000,9999.000,9999.000,9999.000,9999.000,9999.000
202607171354,   2.541,   3.368,9999.000,9999.000,9999.000,9999.000,9999.000,9999.000,9999.000
202607171400,   2.298,   3.138,   0.300,   0.540,   3.138,   0.300,   3.138,   0.300,   3.138
202607171406,   2.057,   2.909,9999.000,9999.000,9999.000,9999.000,9999.000,9999.000,9999.000
202607171412,   1.818,   2.669,9999.000,9999.000,9999.000,9999.000,9999.000,9999.000,9999.000
202607171418,   1.583,   2.440,9999.000,9999.000,9999.000,9999.000,9999.000,9999.000,9999.000
202607171424,   1.352,   2.220,9999.000,9999.000,9999.000,9999.000,9999.000,9999.000,9999.000
202607171430,   1.124,   1.990,9999.000,9999.000,9999.000,9999.000,9999.000,9999.000,9999.000
202607171436,   0.902,   1.758,9999.000,9999.000,9999.000,9999.000,9999.000,9999.000,9999.000
202607171442,   0.686,   1.528,9999.000,9999.000,9999.000,9999.000,9999.000,9999.000,9999.000
202607171448,   0.476,   1.308,9999.000,9999.000,9999.000,9999.000,9999.000,9999.000,9999.000
202607171454,   0.273,   1.088,9999.000,9999.000,9999.000,9999.000,9999.000,9999.000,9999.000
202607171500,   0.078,   0.859,   0.300,   0.481,   0.859,   0.300,   0.859,   0.300,   0.859
202607171506,  -0.108,   0.619,9999.000,9999.000,9999.000,9999.000,9999.000,9999.000,9999.000
202607171512,  -0.286,   0.409,9999.000,9999.000,9999.000,9999.000,9999.000,9999.000,9999.000
202607171518,  -0.454,   0.200,9999.000,9999.000,9999.000,9999.000,9999.000,9999.000,9999.000
202607171524,  -0.612,   0.009,9999.000,9999.000,9999.000,9999.000,9999.000,9999.000,9999.000
202607171530,  -0.759,  -0.180,9999.000,9999.000,9999.000,9999.000,9999.000,9999.000,9999.000
202607171536,  -0.895,  -0.360,9999.000,9999.000,9999.000,9999.000,9999.000,9999.000,9999.000
202607171542,  -1.019,  -0.541,9999.000,9999.000,9999.000,9999.000,9999.000,9999.000,9999.000
202607171548,  -1.130,  -0.688,9999.000,9999.000,9999.000,9999.000,9999.000,9999.000,9999.000
202607171554,  -1.230,  -0.839,9999.000,9999.000,9999.000,9999.000,9999.000,9999.000,9999.000
202607171600,  -1.316,  -0.990,   0.300,   0.026,  -0.990,   0.300,  -0.990,   0.300,  -0.990
202607171606,  -1.389,  -1.138,9999.000,9999.000,9999.000,9999.000,9999.000,9999.000,9999.000
202607171612,  -1.449,  -1.279,9999.000,9999.000,9999.000,9999.000,9999.000,9999.000,9999.000
202607171618,  -1.496,  -1.361,9999.000,9999.000,9999.000,9999.000,9999.000,9999.000,9999.000
202607171624,  -1.529,  -1.420,9999.000,9999.000,9999.000,9999.000,9999.000,9999.000,9999.000
202607171630,  -1.549,  -1.449,9999.000,9999.000,9999.000,9999.000,9999.000,9999.000,9999.000
202607171636,  -1.555,  -1.469,9999.000,9999.000,9999.000,9999.000,9999.000,9999.000,9999.000
202607171642,  -1.549,  -1.459,9999.000,9999.000,9999.000,9999.000,9999.000,9999.000,9999.000
202607171648,  -1.530,  -1.430,9999.000,9999.000,9999.000,9999.000,9999.000,9999.000,9999.000
202607171654,  -1.499,  -1.400,9999.000,9999.000,9999.000,9999.000,9999.000,9999.000,9999.000
202607171700,  -1.456,  -1.328,   0.300,  -0.172,  -1.328,   0.300,  -1.328,   0.300,  -1.328
202607171706,  -1.401,  -1.239,9999.000,9999.000,9999.000,9999.000,9999.000,9999.000,9999.000
202607171712,  -1.334,  -1.138,9999.000,9999.000,9999.000,9999.000,9999.000,9999.000,9999.000
202607171718,  -1.258,  -1.010,9999.000,9999.000,9999.000,9999.000,9999.000,9999.000,9999.000
202607171724,  -1.171,  -0.859,9999.000,9999.000,9999.000,9999.000,9999.000,9999.000,9999.000
202607171730,  -1.074,  -0.698,9999.000,9999.000,9999.000,9999.000,9999.000,9999.000,9999.000
202607171736,  -0.968,  -0.560,9999.000,9999.000,9999.000,9999.000,9999.000,9999.000,9999.000
202607171742,  -0.854,  -0.390,9999.000,9999.000,9999.000,9999.000,9999.000,9999.000,9999.000
202607171748,  -0.732,  -0.239,9999.000,9999.000,9999.000,9999.000,9999.000,9999.000,9999.000
202607171754,  -0.602,  -0.088,9999.000,9999.000,9999.000,9999.000,9999.000,9999.000,9999.000
202607171800,  -0.466,   0.059,   0.400,   0.125,   0.059,   0.400,   0.059,   0.400,   0.059
202607171806,  -0.323,   0.219,9999.000,9999.000,9999.000,9999.000,9999.000,9999.000,9999.000
202607171812,  -0.174,   0.350,9999.000,9999.000,9999.000,9999.000,9999.000,9999.000,9999.000
202607171818,  -0.019,   0.508,9999.000,9999.000,9999.000,9999.000,9999.000,9999.000,9999.000
202607171824,   0.139,   0.678,9999.000,9999.000,9999.000,9999.000,9999.000,9999.000,9999.000
202607171830,   0.303,   0.839,9999.000,9999.000,9999.000,9999.000,9999.000,9999.000,9999.000
202607171836,   0.472,   1.020,9999.000,9999.000,9999.000,9999.000,9999.000,9999.000,9999.000
202607171842,   0.644,   1.190,9999.000,9999.000,9999.000,9999.000,9999.000,9999.000,9999.000
202607171848,   0.820,   1.348,9999.000,9999.000,9999.000,9999.000,9999.000,9999.000,9999.000
202607171854,   0.999,   1.528,9999.000,9999.000,9999.000,9999.000,9999.000,9999.000,9999.000
202607171900,   1.181,   1.708,   0.400,   0.127,   1.708,   0.400,   1.708,   0.400,   1.708
202607171906,   1.365,   1.899,9999.000,9999.000,9999.000,9999.000,9999.000,9999.000,9999.000
202607171912,   1.552,   2.079,9999.000,9999.000,9999.000,9999.000,9999.000,9999.000,9999.000
202607171918,   1.741,   2.259,9999.000,9999.000,9999.000,9999.000,9999.000,9999.000,9999.000
202607171924,   1.932,   2.450,9999.000,9999.000,9999.000,9999.000,9999.000,9999.000,9999.000
202607171930,   2.124,   2.620,9999.000,9999.000,9999.000,9999.000,9999.000,9999.000,9999.000
202607171936,   2.318,9999.000,9999.000,9999.000,9999.000,9999.000,9999.000,9999.000,9999.000
202607171942,   2.513,9999.000,9999.000,9999.000,9999.000,9999.000,9999.000,9999.000,9999.000
202607171948,   2.709,9999.000,9999.000,9999.000,9999.000,9999.000,9999.000,9999.000,9999.000
202607171954,   2.905,9999.000,9999.000,9999.000,9999.000,9999.000,9999.000,9999.000,9999.000
202607172000,   3.102,9999.000,   0.400,9999.000,   3.502,   0.400,   3.502,   0.400,   3.502
202607172006,   3.300,   3.709,9999.000,9999.000,9999.000,9999.000,9999.000,9999.000,9999.000
202607172012,   3.497,   3.899,9999.000,9999.000,9999.000,9999.000,9999.000,9999.000,9999.000
202607172018,   3.694,   4.080,9999.000,9999.000,9999.000,9999.000,9999.000,9999.000,9999.000
202607172024,   3.890,9999.000,9999.000,9999.000,9999.000,9999.000,9999.000,9999.000,9999.000
202607172030,   4.085,9999.000,9999.000,9999.000,9999.000,9999.000,9999.000,9999.000,9999.000
202607172036,   4.279,9999.000,9999.000,9999.000,9999.000,9999.000,9999.000,9999.000,9999.000
202607172042,   4.471,9999.000,9999.000,9999.000,9999.000,9999.000,9999.000,9999.000,9999.000
202607172048,   4.662,   4.919,9999.000,9999.000,9999.000,9999.000,9999.000,9999.000,9999.000
202607172054,   4.850,   5.097,9999.000,9999.000,9999.000,9999.000,9999.000,9999.000,9999.000
202607172100,   5.035,   5.257,   0.400,  -0.178,   5.257,   0.400,   5.257,   0.400,   5.257
202607172106,   5.218,9999.000,9999.000,9999.000,9999.000,9999.000,9999.000,9999.000,9999.000
202607172112,   5.397,9999.000,9999.000,9999.000,9999.000,9999.000,9999.000,9999.000,9999.000
202607172118,   5.572,9999.000,9999.000,9999.000,9999.000,9999.000,9999.000,9999.000,9999.000
202607172124,   5.743,9999.000,9999.000,9999.000,9999.000,9999.000,9999.000,9999.000,9999.000
202607172130,   5.909,9999.000,9999.000,9999.000,9999.000,9999.000,9999.000,9999.000,9999.000
202607172136,   6.071,   6.189,9999.000,9999.000,9999.000,9999.000,9999.000,9999.000,9999.000
202607172142,   6.227,   6.327,9999.000,9999.000,9999.000,9999.000,9999.000,9999.000,9999.000
202607172148,   6.377,   6.487,9999.000,9999.000,9999.000,9999.000,9999.000,9999.000,9999.000
202607172154,   6.521,9999.000,9999.000,9999.000,9999.000,9999.000,9999.000,9999.000,9999.000
202607172200,   6.658,9999.000,   0.400,9999.000,   7.058,   0.400,   7.058,   0.400,   7.058
202607172206,   6.788,9999.000,9999.000,9999.000,9999.000,9999.000,9999.000,9999.000,9999.000
202607172212,   6.911,9999.000,9999.000,9999.000,9999.000,9999.000,9999.000,9999.000,9999.000
202607172218,   7.026,9999.000,9999.000,9999.000,9999.000,9999.000,9999.000,9999.000,9999.000
202607172224,   7.132,   7.806,9999.000,9999.000,9999.000,9999.000,9999.000,9999.000,9999.000
202607172230,   7.230,9999.000,9999.000,9999.000,9999.000,9999.000,9999.000,9999.000,9999.000
202607172236,   7.319,9999.000,9999.000,9999.000,9999.000,9999.000,9999.000,9999.000,9999.000
202607172242,   7.399,9999.000,9999.000,9999.000,9999.000,9999.000,9999.000,9999.000,9999.000
202607172248,   7.470,   7.658,9999.000,9999.000,9999.000,9999.000,9999.000,9999.000,9999.000
202607172254,   7.531,   7.737,9999.000,9999.000,9999.000,9999.000,9999.000,9999.000,9999.000
202607172300,   7.582,   7.806,   0.400,  -0.176,   7.806,   0.400,   7.806,   0.400,   7.806
202607172306,   7.624,   7.878,9999.000,9999.000,9999.000,9999.000,9999.000,9999.000,9999.000
202607172312,   7.655,   7.927,9999.000,9999.000,9999.000,9999.000,9999.000,9999.000,9999.000
202607172318,   7.676,   7.986,9999.000,9999.000,9999.000,9999.000,9999.000,9999.000,9999.000
202607172324,   7.687,   8.039,9999.000,9999.000,9999.000,9999.000,9999.000,9999.000,9999.000
202607172330,   7.688,   8.049,9999.000,9999.000,9999.000,9999.000,9999.000,9999.000,9999.000
202607172336,   7.678,   8.039,9999.000,9999.000,9999.000,9999.000,9999.000,9999.000,9999.000
202607172342,   7.659,   8.029,9999.000,9999.000,9999.000,9999.000,9999.000,9999.000,9999.000
202607172348,   7.630,   8.006,9999.000,9999.000,9999.000,9999.000,9999.000,9999.000,9999.000
202607172354,   7.591,   7.957,9999.000,9999.000,9999.000,9999.000,9999.000,9999.000,9999.000
202607180000,   7.543,   7.898,   0.600,  -0.245,   7.898,   0.600,   7.898,   0.600,   7.898
202607180006,   7.486,   7.839,9999.000,9999.000,9999.000,9999.000,9999.000,9999.000,9999.000
202607180012,   7.420,   7.757,9999.000,9999.000,9999.000,9999.000,9999.000,9999.000,9999.000
202607180018,   7.345,   7.658,9999.000,9999.000,9999.000,9999.000,9999.000,9999.000,9999.000
202607180024,   7.262,   7.576,9999.000,9999.000,9999.000,9999.000,9999.000,9999.000,9999.000
202607180030,   7.171,   7.478,9999.000,9999.000,9999.000,9999.000,9999.000,9999.000,9999.000
202607180036,   7.072,   7.376,9999.000,9999.000,9999.000,9999.000,9999.000,9999.000,9999.000
202607180042,   6.967,   7.278,9999.000,9999.000,9999.000,9999.000,9999.000,9999.000,9999.000
202607180048,   6.854,   7.147,9999.000,9999.000,9999.000,9999.000,9999.000,9999.000,9999.000
202607180054,   6.735,   7.009,9999.000,9999.000,9999.000,9999.000,9999.000,9999.000,9999.000
202607180100,   6.611,   6.878,   0.600,  -0.333,   6.878,   0.600,   6.878,   0.600,   6.878
202607180106,   6.480,   6.746,9999.000,9999.000,9999.000,9999.000,9999.000,9999.000,9999.000
202607180112,   6.345,   6.609,9999.000,9999.000,9999.000,9999.000,9999.000,9999.000,9999.000
202607180118,   6.205,   6.477,9999.000,9999.000,9999.000,9999.000,9999.000,9999.000,9999.000
202607180124,   6.060,   6.336,9999.000,9999.000,9999.000,9999.000,9999.000,9999.000,9999.000
202607180130,   5.911,   6.199,9999.000,9999.000,9999.000,9999.000,9999.000,9999.000,9999.000
202607180136,   5.759,   6.058,9999.000,9999.000,9999.000,9999.000,9999.000,9999.000,9999.000
202607180142,   5.603,   5.907,9999.000,9999.000,9999.000,9999.000,9999.000,9999.000,9999.000
202607180148,   5.445,   5.749,9999.000,9999.000,9999.000,9999.000,9999.000,9999.000,9999.000
202607180154,   5.284,   5.598,9999.000,9999.000,9999.000,9999.000,9999.000,9999.000,9999.000
202607180200,   5.120,   5.438,   0.600,  -0.282,   5.438,   0.600,   5.438,   0.600,   5.438
202607180206,   4.956,   5.287,9999.000,9999.000,9999.000,9999.000,9999.000,9999.000,9999.000
202607180212,   4.790,   5.129,9999.000,9999.000,9999.000,9999.000,9999.000,9999.000,9999.000
202607180218,   4.623,   4.969,9999.000,9999.000,9999.000,9999.000,9999.000,9999.000,9999.000
202607180224,   4.456,   4.828,9999.000,9999.000,9999.000,9999.000,9999.000,9999.000,9999.000
202607180230,   4.289,   4.667,9999.000,9999.000,9999.000,9999.000,9999.000,9999.000,9999.000
202607180236,   4.122,   4.519,9999.000,9999.000,9999.000,9999.000,9999.000,9999.000,9999.000
202607180242,   3.957,   4.368,9999.000,9999.000,9999.000,9999.000,9999.000,9999.000,9999.000
202607180248,   3.793,   4.218,9999.000,9999.000,9999.000,9999.000,9999.000,9999.000,9999.000
202607180254,   3.632,   4.057,9999.000,9999.000,9999.000,9999.000,9999.000,9999.000,9999.000
202607180300,   3.473,   3.909,   0.600,  -0.164,   3.909,   0.600,   3.909,   0.600,   3.909
202607180306,   3.318,   3.758,9999.000,9999.000,9999.000,9999.000,9999.000,9999.000,9999.000
202607180312,   3.166,   3.607,9999.000,9999.000,9999.000,9999.000,9999.000,9999.000,9999.000
202607180318,   3.019,   3.470,9999.000,9999.000,9999.000,9999.000,9999.000,9999.000,9999.000
202607180324,   2.878,   3.319,9999.000,9999.000,9999.000,9999.000,9999.000,9999.000,9999.000
202607180330,   2.742,   3.188,9999.000,9999.000,9999.000,9999.000,9999.000,9999.000,9999.000
202607180336,   2.612,   3.070,9999.000,9999.000,9999.000,9999.000,9999.000,9999.000,9999.000
202607180342,   2.490,   2.948,9999.000,9999.000,9999.000,9999.000,9999.000,9999.000,9999.000
202607180348,   2.375,   2.830,9999.000,9999.000,9999.000,9999.000,9999.000,9999.000,9999.000
202607180354,   2.268,   2.719,9999.000,9999.000,9999.000,9999.000,9999.000,9999.000,9999.000
202607180400,   2.169,   2.597,   0.600,  -0.172,   2.597,   0.600,   2.597,   0.600,   2.597
202607180406,   2.080,   2.499,9999.000,9999.000,9999.000,9999.000,9999.000,9999.000,9999.000
202607180412,   2.000,   2.420,9999.000,9999.000,9999.000,9999.000,9999.000,9999.000,9999.000
202607180418,   1.930,   2.318,9999.000,9999.000,9999.000,9999.000,9999.000,9999.000,9999.000
202607180424,   1.870,   2.240,9999.000,9999.000,9999.000,9999.000,9999.000,9999.000,9999.000
202607180430,   1.821,   2.177,9999.000,9999.000,9999.000,9999.000,9999.000,9999.000,9999.000
202607180436,   1.781,   2.138,9999.000,9999.000,9999.000,9999.000,9999.000,9999.000,9999.000
202607180442,   1.753,   2.099,9999.000,9999.000,9999.000,9999.000,9999.000,9999.000,9999.000
202607180448,   1.735,   2.059,9999.000,9999.000,9999.000,9999.000,9999.000,9999.000,9999.000
202607180454,   1.728,   2.049,9999.000,9999.000,9999.000,9999.000,9999.000,9999.000,9999.000
202607180500,   1.731,   2.040,   0.600,  -0.291,   2.040,   0.600,   2.040,   0.600,   2.040
202607180506,   1.745,   2.020,9999.000,9999.000,9999.000,9999.000,9999.000,9999.000,9999.000
202607180512,   1.768,   2.030,9999.000,9999.000,9999.000,9999.000,9999.000,9999.000,9999.000
202607180518,   1.802,   2.040,9999.000,9999.000,9999.000,9999.000,9999.000,9999.000,9999.000
202607180524,   1.845,   2.069,9999.000,9999.000,9999.000,9999.000,9999.000,9999.000,9999.000
202607180530,   1.897,   2.128,9999.000,9999.000,9999.000,9999.000,9999.000,9999.000,9999.000
202607180536,   1.958,   2.191,9999.000,9999.000,9999.000,9999.000,9999.000,9999.000,9999.000
202607180542,   2.028,   2.269,9999.000,9999.000,9999.000,9999.000,9999.000,9999.000,9999.000
202607180548,   2.105,   2.358,9999.000,9999.000,9999.000,9999.000,9999.000,9999.000,9999.000
202607180554,   2.189,   2.459,9999.000,9999.000,9999.000,9999.000,9999.000,9999.000,9999.000
202607180600,   2.281,   2.548,   0.500,  -0.233,   2.548,   0.500,   2.548,   0.500,   2.548
202607180606,   2.379,   2.640,9999.000,9999.000,9999.000,9999.000,9999.000,9999.000,9999.000
202607180612,   2.482,   2.748,9999.000,9999.000,9999.000,9999.000,9999.000,9999.000,9999.000
202607180618,   2.591,   2.850,9999.000,9999.000,9999.000,9999.000,9999.000,9999.000,9999.000
202607180624,   2.705,   2.978,9999.000,9999.000,9999.000,9999.000,9999.000,9999.000,9999.000
202607180630,   2.824,   3.089,9999.000,9999.000,9999.000,9999.000,9999.000,9999.000,9999.000
202607180636,   2.946,   3.197,9999.000,9999.000,9999.000,9999.000,9999.000,9999.000,9999.000
202607180642,   3.072,   3.329,9999.000,9999.000,9999.000,9999.000,9999.000,9999.000,9999.000
202607180648,   3.201,   3.460,9999.000,9999.000,9999.000,9999.000,9999.000,9999.000,9999.000
202607180654,   3.333,   3.578,9999.000,9999.000,9999.000,9999.000,9999.000,9999.000,9999.000
202607180700,   3.467,   3.719,   0.500,  -0.248,   3.719,   0.500,   3.719,   0.500,   3.719
202607180706,   3.604,   3.860,9999.000,9999.000,9999.000,9999.000,9999.000,9999.000,9999.000
202607180712,   3.742,   3.998,9999.000,9999.000,9999.000,9999.000,9999.000,9999.000,9999.000
202607180718,   3.882,   4.129,9999.000,9999.000,9999.000,9999.000,9999.000,9999.000,9999.000
202607180724,   4.023,   4.247,9999.000,9999.000,9999.000,9999.000,9999.000,9999.000,9999.000
202607180730,   4.165,   4.388,9999.000,9999.000,9999.000,9999.000,9999.000,9999.000,9999.000
202607180736,   4.308,   4.539,9999.000,9999.000,9999.000,9999.000,9999.000,9999.000,9999.000
202607180742,   4.452,   4.677,9999.000,9999.000,9999.000,9999.000,9999.000,9999.000,9999.000
202607180748,   4.596,   4.808,9999.000,9999.000,9999.000,9999.000,9999.000,9999.000,9999.000
202607180754,   4.740,   4.929,9999.000,9999.000,9999.000,9999.000,9999.000,9999.000,9999.000
202607180800,   4.884,   5.067,   0.500,  -0.317,   5.067,   0.500,   5.067,   0.500,   5.067
202607180806,   5.027,   5.198,9999.000,9999.000,9999.000,9999.000,9999.000,9999.000,9999.000
202607180812,   5.171,   5.329,9999.000,9999.000,9999.000,9999.000,9999.000,9999.000,9999.000
202607180818,   5.313,   5.487,9999.000,9999.000,9999.000,9999.000,9999.000,9999.000,9999.000
202607180824,   5.455,   5.608,9999.000,9999.000,9999.000,9999.000,9999.000,9999.000,9999.000
202607180830,   5.595,   5.739,9999.000,9999.000,9999.000,9999.000,9999.000,9999.000,9999.000
202607180836,   5.734,   5.887,9999.000,9999.000,9999.000,9999.000,9999.000,9999.000,9999.000
202607180842,   5.871,   5.999,9999.000,9999.000,9999.000,9999.000,9999.000,9999.000,9999.000
202607180848,   6.007,   6.136,9999.000,9999.000,9999.000,9999.000,9999.000,9999.000,9999.000
202607180854,   6.140,   6.268,9999.000,9999.000,9999.000,9999.000,9999.000,9999.000,9999.000
202607180900,   6.271,   6.399,   0.500,  -0.372,   6.399,   0.400,   6.299,   0.500,   6.399
202607180906,   6.398,   6.537,9999.000,9999.000,9999.000,9999.000,9999.000,9999.000,9999.000
202607180912,   6.523,   6.648,9999.000,9999.000,9999.000,9999.000,9999.000,9999.000,9999.000
202607180918,   6.644,   6.766,9999.000,9999.000,9999.000,9999.000,9999.000,9999.000,9999.000
202607180924,   6.762,   6.887,9999.000,9999.000,9999.000,9999.000,9999.000,9999.000,9999.000
202607180930,   6.875,   6.999,9999.000,9999.000,9999.000,9999.000,9999.000,9999.000,9999.000
202607180936,   6.984,   7.107,9999.000,9999.000,9999.000,9999.000,9999.000,9999.000,9999.000
202607180942,   7.088,   7.229,9999.000,9999.000,9999.000,9999.000,9999.000,9999.000,9999.000
202607180948,   7.187,   7.317,9999.000,9999.000,9999.000,9999.000,9999.000,9999.000,9999.000
202607180954,   7.280,   7.429,9999.000,9999.000,9999.000,9999.000,9999.000,9999.000,9999.000
202607181000,   7.367,   7.517,   0.400,  -0.250,   7.517,   0.400,   7.517,   0.500,   7.617
202607181006,   7.448,   7.609,9999.000,9999.000,9999.000,9999.000,9999.000,9999.000,9999.000
202607181012,   7.522,   7.688,9999.000,9999.000,9999.000,9999.000,9999.000,9999.000,9999.000
202607181018,   7.588,   7.757,9999.000,9999.000,9999.000,9999.000,9999.000,9999.000,9999.000
202607181024,   7.648,   7.839,9999.000,9999.000,9999.000,9999.000,9999.000,9999.000,9999.000
202607181030,   7.699,   7.898,9999.000,9999.000,9999.000,9999.000,9999.000,9999.000,9999.000
202607181036,   7.743,   7.947,9999.000,9999.000,9999.000,9999.000,9999.000,9999.000,9999.000
202607181042,   7.778,   7.996,9999.000,9999.000,9999.000,9999.000,9999.000,9999.000,9999.000
202607181048,   7.804,   8.039,9999.000,9999.000,9999.000,9999.000,9999.000,9999.000,9999.000
202607181054,   7.821,   8.058,9999.000,9999.000,9999.000,9999.000,9999.000,9999.000,9999.000
202607181100,   7.829,   8.088,   0.400,  -0.141,   8.088,   0.400,   8.088,   0.400,   8.088
202607181106,   7.827,   8.108,9999.000,9999.000,9999.000,9999.000,9999.000,9999.000,9999.000
202607181112,   7.816,   8.098,9999.000,9999.000,9999.000,9999.000,9999.000,9999.000,9999.000
202607181118,   7.795,   8.078,9999.000,9999.000,9999.000,9999.000,9999.000,9999.000,9999.000
202607181124,   7.764,   8.049,9999.000,9999.000,9999.000,9999.000,9999.000,9999.000,9999.000
202607181130,   7.722,   7.986,9999.000,9999.000,9999.000,9999.000,9999.000,9999.000,9999.000
202607181136,   7.671,   7.917,9999.000,9999.000,9999.000,9999.000,9999.000,9999.000,9999.000
202607181142,   7.610,   7.849,9999.000,9999.000,9999.000,9999.000,9999.000,9999.000,9999.000
202607181148,   7.539,   7.737,9999.000,9999.000,9999.000,9999.000,9999.000,9999.000,9999.000
202607181154,   7.457,   7.639,9999.000,9999.000,9999.000,9999.000,9999.000,9999.000,9999.000
202607181200,   7.366,   7.547,   0.300,  -0.119,   7.547,   0.300,   7.547,   0.300,   7.547
202607181206,   7.266,   7.448,9999.000,9999.000,9999.000,9999.000,9999.000,9999.000,9999.000
202607181212,   7.156,   7.337,9999.000,9999.000,9999.000,9999.000,9999.000,9999.000,9999.000
202607181218,   7.038,   7.209,9999.000,9999.000,9999.000,9999.000,9999.000,9999.000,9999.000
202607181224,   6.910,   7.088,9999.000,9999.000,9999.000,9999.000,9999.000,9999.000,9999.000
202607181230,   6.774,   6.947,9999.000,9999.000,9999.000,9999.000,9999.000,9999.000,9999.000
202607181236,   6.630,   6.789,9999.000,9999.000,9999.000,9999.000,9999.000,9999.000,9999.000
202607181242,   6.479,   6.648,9999.000,9999.000,9999.000,9999.000,9999.000,9999.000,9999.000
202607181248,   6.320,   6.507,9999.000,9999.000,9999.000,9999.000,9999.000,9999.000,9999.000
202607181254,   6.155,   6.336,9999.000,9999.000,9999.000,9999.000,9999.000,9999.000,9999.000
202607181300,   5.983,   6.179,   0.300,  -0.104,   6.179,   0.300,   6.179,   0.300,   6.179
202607181306,   5.806,   6.018,9999.000,9999.000,9999.000,9999.000,9999.000,9999.000,9999.000
202607181312,   5.623,   5.838,9999.000,9999.000,9999.000,9999.000,9999.000,9999.000,9999.000
202607181318,   5.435,   5.657,9999.000,9999.000,9999.000,9999.000,9999.000,9999.000,9999.000
202607181324,   5.243,   5.487,9999.000,9999.000,9999.000,9999.000,9999.000,9999.000,9999.000
202607181330,   5.047,   5.320,9999.000,9999.000,9999.000,9999.000,9999.000,9999.000,9999.000
202607181336,   4.847,   5.139,9999.000,9999.000,9999.000,9999.000,9999.000,9999.000,9999.000
202607181342,   4.644,   4.949,9999.000,9999.000,9999.000,9999.000,9999.000,9999.000,9999.000
202607181348,   4.439,   4.769,9999.000,9999.000,9999.000,9999.000,9999.000,9999.000,9999.000
202607181354,   4.232,   4.578,9999.000,9999.000,9999.000,9999.000,9999.000,9999.000,9999.000
202607181400,   4.022,   4.388,   0.300,   0.066,   4.388,   0.300,   4.388,   0.300,   4.388
202607181406,   3.812,   4.188,9999.000,9999.000,9999.000,9999.000,9999.000,9999.000,9999.000
202607181412,   3.601,   3.988,9999.000,9999.000,9999.000,9999.000,9999.000,9999.000,9999.000
202607181418,   3.389,   3.798,9999.000,9999.000,9999.000,9999.000,9999.000,9999.000,9999.000
202607181424,   3.177,   3.607,9999.000,9999.000,9999.000,9999.000,9999.000,9999.000,9999.000
202607181430,   2.965,   3.398,9999.000,9999.000,9999.000,9999.000,9999.000,9999.000,9999.000
202607181436,   2.755,   3.197,9999.000,9999.000,9999.000,9999.000,9999.000,9999.000,9999.000
202607181442,   2.545,   2.997,9999.000,9999.000,9999.000,9999.000,9999.000,9999.000,9999.000
202607181448,   2.337,   2.807,9999.000,9999.000,9999.000,9999.000,9999.000,9999.000,9999.000
202607181454,   2.132,   2.610,9999.000,9999.000,9999.000,9999.000,9999.000,9999.000,9999.000
202607181500,   1.929,   2.420,   0.300,   0.191,   2.420,   0.300,   2.420,   0.300,   2.420
202607181506,   1.729,   2.230,9999.000,9999.000,9999.000,9999.000,9999.000,9999.000,9999.000
202607181512,   1.533,   2.030,9999.000,9999.000,9999.000,9999.000,9999.000,9999.000,9999.000
202607181518,   1.341,   1.830,9999.000,9999.000,9999.000,9999.000,9999.000,9999.000,9999.000
202607181524,   1.154,   1.639,9999.000,9999.000,9999.000,9999.000,9999.000,9999.000,9999.000
202607181530,   0.972,   1.449,9999.000,9999.000,9999.000,9999.000,9999.000,9999.000,9999.000
202607181536,   0.795,   1.269,9999.000,9999.000,9999.000,9999.000,9999.000,9999.000,9999.000
202607181542,   0.626,   1.069,9999.000,9999.000,9999.000,9999.000,9999.000,9999.000,9999.000
202607181548,   0.463,   0.898,9999.000,9999.000,9999.000,9999.000,9999.000,9999.000,9999.000
202607181554,   0.308,   0.731,9999.000,9999.000,9999.000,9999.000,9999.000,9999.000,9999.000
202607181600,   0.161,   0.551,   0.300,   0.090,   0.551,   0.300,   0.551,   0.300,   0.551
202607181606,   0.023,   0.380,9999.000,9999.000,9999.000,9999.000,9999.000,9999.000,9999.000
202607181612,  -0.105,   0.219,9999.000,9999.000,9999.000,9999.000,9999.000,9999.000,9999.000
202607181618,  -0.224,   0.068,9999.000,9999.000,9999.000,9999.000,9999.000,9999.000,9999.000
202607181624,  -0.334,  -0.039,9999.000,9999.000,9999.000,9999.000,9999.000,9999.000,9999.000
202607181630,  -0.432,  -0.160,9999.000,9999.000,9999.000,9999.000,9999.000,9999.000,9999.000
202607181636,  -0.520,  -0.268,9999.000,9999.000,9999.000,9999.000,9999.000,9999.000,9999.000
202607181642,  -0.596,  -0.380,9999.000,9999.000,9999.000,9999.000,9999.000,9999.000,9999.000
202607181648,  -0.660,  -0.488,9999.000,9999.000,9999.000,9999.000,9999.000,9999.000,9999.000
202607181654,  -0.713,  -0.570,9999.000,9999.000,9999.000,9999.000,9999.000,9999.000,9999.000
202607181700,  -0.754,  -0.659,   0.300,  -0.205,  -0.659,   0.300,  -0.659,   0.300,  -0.659
202607181706,  -0.783,  -0.688,9999.000,9999.000,9999.000,9999.000,9999.000,9999.000,9999.000
202607181712,  -0.800,  -0.731,9999.000,9999.000,9999.000,9999.000,9999.000,9999.000,9999.000
202607181718,  -0.805,  -0.760,9999.000,9999.000,9999.000,9999.000,9999.000,9999.000,9999.000
202607181724,  -0.798,  -0.751,9999.000,9999.000,9999.000,9999.000,9999.000,9999.000,9999.000
202607181730,  -0.779,  -0.741,9999.000,9999.000,9999.000,9999.000,9999.000,9999.000,9999.000
202607181736,  -0.749,  -0.698,9999.000,9999.000,9999.000,9999.000,9999.000,9999.000,9999.000
202607181742,  -0.708,  -0.639,9999.000,9999.000,9999.000,9999.000,9999.000,9999.000,9999.000
202607181748,  -0.656,  -0.570,9999.000,9999.000,9999.000,9999.000,9999.000,9999.000,9999.000
202607181754,  -0.594,  -0.478,9999.000,9999.000,9999.000,9999.000,9999.000,9999.000,9999.000
202607181800,  -0.522,  -0.360,   0.300,  -0.138,  -0.360,   0.300,  -0.360,   0.300,  -0.360
202607181806,  -0.440,  -0.239,9999.000,9999.000,9999.000,9999.000,9999.000,9999.000,9999.000
202607181812,  -0.349,  -0.111,9999.000,9999.000,9999.000,9999.000,9999.000,9999.000,9999.000
202607181818,  -0.250,   0.009,9999.000,9999.000,9999.000,9999.000,9999.000,9999.000,9999.000
202607181824,  -0.143,   0.141,9999.000,9999.000,9999.000,9999.000,9999.000,9999.000,9999.000
202607181830,  -0.028,   0.298,9999.000,9999.000,9999.000,9999.000,9999.000,9999.000,9999.000
202607181836,   0.093,   0.429,9999.000,9999.000,9999.000,9999.000,9999.000,9999.000,9999.000
202607181842,   0.221,   0.590,9999.000,9999.000,9999.000,9999.000,9999.000,9999.000,9999.000
202607181848,   0.355,   0.741,9999.000,9999.000,9999.000,9999.000,9999.000,9999.000,9999.000
202607181854,   0.495,   0.888,9999.000,9999.000,9999.000,9999.000,9999.000,9999.000,9999.000
202607181900,   0.640,   1.020,   0.300,   0.080,   1.020,   0.300,   1.020,   0.300,   1.020
202607181906,   0.789,   1.151,9999.000,9999.000,9999.000,9999.000,9999.000,9999.000,9999.000
202607181912,   0.943,   1.279,9999.000,9999.000,9999.000,9999.000,9999.000,9999.000,9999.000
202607181918,   1.101,   1.420,9999.000,9999.000,9999.000,9999.000,9999.000,9999.000,9999.000
202607181924,   1.262,   1.600,9999.000,9999.000,9999.000,9999.000,9999.000,9999.000,9999.000
202607181930,   1.426,   1.758,9999.000,9999.000,9999.000,9999.000,9999.000,9999.000,9999.000
202607181936,   1.593,   1.948,9999.000,9999.000,9999.000,9999.000,9999.000,9999.000,9999.000
202607181942,   1.763,   2.109,9999.000,9999.000,9999.000,9999.000,9999.000,9999.000,9999.000
202607181948,   1.935,   2.289,9999.000,9999.000,9999.000,9999.000,9999.000,9999.000,9999.000
202607181954,   2.109,   2.450,9999.000,9999.000,9999.000,9999.000,9999.000,9999.000,9999.000
202607182000,   2.285,   2.630,   0.300,   0.045,   2.630,   0.300,   2.630,   0.300,   2.630
202607182006,   2.463,   2.807,9999.000,9999.000,9999.000,9999.000,9999.000,9999.000,9999.000
202607182012,   2.641,   2.968,9999.000,9999.000,9999.000,9999.000,9999.000,9999.000,9999.000
202607182018,   2.821,   3.119,9999.000,9999.000,9999.000,9999.000,9999.000,9999.000,9999.000
202607182024,   3.002,   3.289,9999.000,9999.000,9999.000,9999.000,9999.000,9999.000,9999.000
202607182030,   3.184,   3.450,9999.000,9999.000,9999.000,9999.000,9999.000,9999.000,9999.000
202607182036,   3.366,   3.617,9999.000,9999.000,9999.000,9999.000,9999.000,9999.000,9999.000
202607182042,   3.549,   3.788,9999.000,9999.000,9999.000,9999.000,9999.000,9999.000,9999.000
202607182048,   3.731,   3.958,9999.000,9999.000,9999.000,9999.000,9999.000,9999.000,9999.000
202607182054,   3.914,   4.129,9999.000,9999.000,9999.000,9999.000,9999.000,9999.000,9999.000
202607182100,   4.096,   4.290,   0.300,  -0.106,   4.290,   0.300,   4.290,   0.300,   4.290
202607182106,   4.277,   4.457,9999.000,9999.000,9999.000,9999.000,9999.000,9999.000,9999.000
202607182112,   4.458,   4.608,9999.000,9999.000,9999.000,9999.000,9999.000,9999.000,9999.000
202607182118,   4.637,   4.769,9999.000,9999.000,9999.000,9999.000,9999.000,9999.000,9999.000
202607182124,   4.815,   4.919,9999.000,9999.000,9999.000,9999.000,9999.000,9999.000,9999.000
202607182130,   4.991,   5.077,9999.000,9999.000,9999.000,9999.000,9999.000,9999.000,9999.000
202607182136,   5.165,   5.238,9999.000,9999.000,9999.000,9999.000,9999.000,9999.000,9999.000
202607182142,   5.336,   5.379,9999.000,9999.000,9999.000,9999.000,9999.000,9999.000,9999.000
202607182148,   5.504,   5.549,9999.000,9999.000,9999.000,9999.000,9999.000,9999.000,9999.000
202607182154,   5.670,   5.687,9999.000,9999.000,9999.000,9999.000,9999.000,9999.000,9999.000
202607182200,   5.831,   5.828,   0.300,  -0.303,   5.828,   0.300,   5.828,   0.300,   5.828
202607182206,   5.989,   5.979,9999.000,9999.000,9999.000,9999.000,9999.000,9999.000,9999.000
202607182212,   6.143,   6.117,9999.000,9999.000,9999.000,9999.000,9999.000,9999.000,9999.000
202607182218,   6.291,   6.268,9999.000,9999.000,9999.000,9999.000,9999.000,9999.000,9999.000
202607182224,   6.435,   6.399,9999.000,9999.000,9999.000,9999.000,9999.000,9999.000,9999.000
202607182230,   6.573,   6.517,9999.000,9999.000,9999.000,9999.000,9999.000,9999.000,9999.000
202607182236,   6.705,   6.648,9999.000,9999.000,9999.000,9999.000,9999.000,9999.000,9999.000
202607182242,   6.831,   6.766,9999.000,9999.000,9999.000,9999.000,9999.000,9999.000,9999.000
202607182248,   6.950,   6.897,9999.000,9999.000,9999.000,9999.000,9999.000,9999.000,9999.000
202607182254,   7.062,   7.038,9999.000,9999.000,9999.000,9999.000,9999.000,9999.000,9999.000
202607182300,   7.167,   7.147,   0.300,  -0.320,   7.147,   0.300,   7.147,   0.300,   7.147
202607182306,   7.264,   7.268,9999.000,9999.000,9999.000,9999.000,9999.000,9999.000,9999.000
202607182312,   7.353,   7.376,9999.000,9999.000,9999.000,9999.000,9999.000,9999.000,9999.000
202607182318,   7.434,   7.458,9999.000,9999.000,9999.000,9999.000,9999.000,9999.000,9999.000
202607182324,   7.505,   7.547,9999.000,9999.000,9999.000,9999.000,9999.000,9999.000,9999.000
202607182330,   7.568,   7.629,9999.000,9999.000,9999.000,9999.000,9999.000,9999.000,9999.000
202607182336,   7.622,   7.698,9999.000,9999.000,9999.000,9999.000,9999.000,9999.000,9999.000
202607182342,   7.667,   7.767,9999.000,9999.000,9999.000,9999.000,9999.000,9999.000,9999.000
202607182348,   7.701,   7.819,9999.000,9999.000,9999.000,9999.000,9999.000,9999.000,9999.000
202607182354,   7.727,   7.868,9999.000,9999.000,9999.000,9999.000,9999.000,9999.000,9999.000
202607190000,   7.742,   7.908,   0.400,  -0.234,   7.908,   0.400,   7.908,   0.400,   7.908
202607190006,   7.748,   7.927,9999.000,9999.000,9999.000,9999.000,9999.000,9999.000,9999.000
202607190012,   7.744,   7.957,9999.000,9999.000,9999.000,9999.000,9999.000,9999.000,9999.000
202607190018,   7.731,   7.957,9999.000,9999.000,9999.000,9999.000,9999.000,9999.000,9999.000
202607190024,   7.708,   7.917,9999.000,9999.000,9999.000,9999.000,9999.000,9999.000,9999.000
202607190030,   7.675,   7.898,9999.000,9999.000,9999.000,9999.000,9999.000,9999.000,9999.000
202607190036,   7.633,   7.849,9999.000,9999.000,9999.000,9999.000,9999.000,9999.000,9999.000
202607190042,   7.582,   7.786,9999.000,9999.000,9999.000,9999.000,9999.000,9999.000,9999.000
202607190048,   7.523,   7.727,9999.000,9999.000,9999.000,9999.000,9999.000,9999.000,9999.000
202607190054,   7.454,   7.648,9999.000,9999.000,9999.000,9999.000,9999.000,9999.000,9999.000
202607190100,   7.378,   7.576,   0.400,  -0.202,   7.576,   0.400,   7.576,   0.400,   7.576
202607190106,   7.294,   7.488,9999.000,9999.000,9999.000,9999.000,9999.000,9999.000,9999.000
202607190112,   7.202,   7.376,9999.000,9999.000,9999.000,9999.000,9999.000,9999.000,9999.000
202607190118,   7.102,   7.278,9999.000,9999.000,9999.000,9999.000,9999.000,9999.000,9999.000
202607190124,   6.997,   7.156,9999.000,9999.000,9999.000,9999.000,9999.000,9999.000,9999.000
202607190130,   6.884,   7.029,9999.000,9999.000,9999.000,9999.000,9999.000,9999.000,9999.000
202607190136,   6.766,   6.897,9999.000,9999.000,9999.000,9999.000,9999.000,9999.000,9999.000
202607190142,   6.642,   6.779,9999.000,9999.000,9999.000,9999.000,9999.000,9999.000,9999.000
202607190148,   6.513,   6.648,9999.000,9999.000,9999.000,9999.000,9999.000,9999.000,9999.000
202607190154,   6.379,   6.517,9999.000,9999.000,9999.000,9999.000,9999.000,9999.000,9999.000
202607190200,   6.240,   6.399,   0.400,  -0.241,   6.399,   0.300,   6.299,   0.400,   6.399
202607190206,   6.098,   6.258,9999.000,9999.000,9999.000,9999.000,9999.000,9999.000,9999.000
202607190212,   5.951,   6.107,9999.000,9999.000,9999.000,9999.000,9999.000,9999.000,9999.000
202607190218,   5.802,   5.959,9999.000,9999.000,9999.000,9999.000,9999.000,9999.000,9999.000
202607190224,   5.649,   5.808,9999.000,9999.000,9999.000,9999.000,9999.000,9999.000,9999.000
202607190230,   5.494,   5.657,9999.000,9999.000,9999.000,9999.000,9999.000,9999.000,9999.000
202607190236,   5.336,   5.530,9999.000,9999.000,9999.000,9999.000,9999.000,9999.000,9999.000
202607190242,   5.177,   5.369,9999.000,9999.000,9999.000,9999.000,9999.000,9999.000,9999.000
202607190248,   5.016,   5.238,9999.000,9999.000,9999.000,9999.000,9999.000,9999.000,9999.000
202607190254,   4.853,   5.077,9999.000,9999.000,9999.000,9999.000,9999.000,9999.000,9999.000
202607190300,   4.690,   4.919,   0.300,  -0.071,   4.919,   0.300,   4.919,   0.400,   5.019
202607190306,   4.526,   4.769,9999.000,9999.000,9999.000,9999.000,9999.000,9999.000,9999.000
202607190312,   4.362,   4.618,9999.000,9999.000,9999.000,9999.000,9999.000,9999.000,9999.000
202607190318,   4.198,   4.447,9999.000,9999.000,9999.000,9999.000,9999.000,9999.000,9999.000
202607190324,   4.035,   4.309,9999.000,9999.000,9999.000,9999.000,9999.000,9999.000,9999.000
202607190330,   3.873,   4.159,9999.000,9999.000,9999.000,9999.000,9999.000,9999.000,9999.000
202607190336,   3.712,   4.008,9999.000,9999.000,9999.000,9999.000,9999.000,9999.000,9999.000
202607190342,   3.554,   3.847,9999.000,9999.000,9999.000,9999.000,9999.000,9999.000,9999.000
202607190348,   3.398,   3.689,9999.000,9999.000,9999.000,9999.000,9999.000,9999.000,9999.000
202607190354,   3.245,   3.558,9999.000,9999.000,9999.000,9999.000,9999.000,9999.000,9999.000
202607190400,   3.095,   3.407,   0.300,   0.012,   3.407,   0.300,   3.407,   0.400,   3.507
202607190406,   2.950,   3.270,9999.000,9999.000,9999.000,9999.000,9999.000,9999.000,9999.000
202607190412,   2.809,   3.138,9999.000,9999.000,9999.000,9999.000,9999.000,9999.000,9999.000
202607190418,   2.673,   2.997,9999.000,9999.000,9999.000,9999.000,9999.000,9999.000,9999.000
202607190424,   2.543,   2.869,9999.000,9999.000,9999.000,9999.000,9999.000,9999.000,9999.000
202607190430,   2.419,   2.719,9999.000,9999.000,9999.000,9999.000,9999.000,9999.000,9999.000
202607190436,   2.302,   2.587,9999.000,9999.000,9999.000,9999.000,9999.000,9999.000,9999.000
202607190442,   2.193,   2.469,9999.000,9999.000,9999.000,9999.000,9999.000,9999.000,9999.000
202607190448,   2.091,   2.368,9999.000,9999.000,9999.000,9999.000,9999.000,9999.000,9999.000
202607190454,   1.997,   2.289,9999.000,9999.000,9999.000,9999.000,9999.000,9999.000,9999.000
202607190500,   1.912,   2.191,   0.300,  -0.021,   2.191,   0.300,   2.191,   0.400,   2.291
202607190506,   1.836,   2.099,9999.000,9999.000,9999.000,9999.000,9999.000,9999.000,9999.000
202607190512,   1.768,   2.020,9999.000,9999.000,9999.000,9999.000,9999.000,9999.000,9999.000
202607190518,   1.711,   1.938,9999.000,9999.000,9999.000,9999.000,9999.000,9999.000,9999.000
202607190524,   1.663,   1.879,9999.000,9999.000,9999.000,9999.000,9999.000,9999.000,9999.000
202607190530,   1.625,   1.830,9999.000,9999.000,9999.000,9999.000,9999.000,9999.000,9999.000
202607190536,   1.597,   1.767,9999.000,9999.000,9999.000,9999.000,9999.000,9999.000,9999.000
202607190542,   1.578,   1.738,9999.000,9999.000,9999.000,9999.000,9999.000,9999.000,9999.000
202607190548,   1.570,   1.708,9999.000,9999.000,9999.000,9999.000,9999.000,9999.000,9999.000
202607190554,   1.570,   1.689,9999.000,9999.000,9999.000,9999.000,9999.000,9999.000,9999.000
202607190600,   1.581,   1.689,   0.300,  -0.192,   1.689,   0.300,   1.689,   0.300,   1.689
202607190606,   1.601,   1.679,9999.000,9999.000,9999.000,9999.000,9999.000,9999.000,9999.000
202607190612,   1.629,   1.718,9999.000,9999.000,9999.000,9999.000,9999.000,9999.000,9999.000
202607190618,   1.666,   1.748,9999.000,9999.000,9999.000,9999.000,9999.000,9999.000,9999.000
202607190624,   1.712,   1.790,9999.000,9999.000,9999.000,9999.000,9999.000,9999.000,9999.000
202607190630,   1.765,   1.849,9999.000,9999.000,9999.000,9999.000,9999.000,9999.000,9999.000
202607190636,   1.826,   1.899,9999.000,9999.000,9999.000,9999.000,9999.000,9999.000,9999.000
202607190642,   1.894,   1.981,9999.000,9999.000,9999.000,9999.000,9999.000,9999.000,9999.000
202607190648,   1.969,   2.059,9999.000,9999.000,9999.000,9999.000,9999.000,9999.000,9999.000
202607190654,   2.049,   2.138,9999.000,9999.000,9999.000,9999.000,9999.000,9999.000,9999.000
202607190700,   2.135,   2.240,   0.300,  -0.195,   2.240,   0.300,   2.240,   0.300,   2.240
202607190706,   2.227,   2.328,9999.000,9999.000,9999.000,9999.000,9999.000,9999.000,9999.000
202607190712,   2.323,   2.430,9999.000,9999.000,9999.000,9999.000,9999.000,9999.000,9999.000
202607190718,   2.424,   2.538,9999.000,9999.000,9999.000,9999.000,9999.000,9999.000,9999.000
202607190724,   2.528,   2.640,9999.000,9999.000,9999.000,9999.000,9999.000,9999.000,9999.000
202607190730,   2.637,   2.748,9999.000,9999.000,9999.000,9999.000,9999.000,9999.000,9999.000
202607190736,   2.748,   2.860,9999.000,9999.000,9999.000,9999.000,9999.000,9999.000,9999.000
202607190742,   2.862,   2.968,9999.000,9999.000,9999.000,9999.000,9999.000,9999.000,9999.000
202607190748,   2.979,   3.099,9999.000,9999.000,9999.000,9999.000,9999.000,9999.000,9999.000
202607190754,   3.098,   3.207,9999.000,9999.000,9999.000,9999.000,9999.000,9999.000,9999.000
202607190800,   3.219,   3.309,   0.300,  -0.210,   3.309,   0.300,   3.309,   0.300,   3.309
202607190806,   3.342,   3.427,9999.000,9999.000,9999.000,9999.000,9999.000,9999.000,9999.000
202607190812,   3.466,   3.548,9999.000,9999.000,9999.000,9999.000,9999.000,9999.000,9999.000
202607190818,   3.592,   3.680,9999.000,9999.000,9999.000,9999.000,9999.000,9999.000,9999.000
202607190824,   3.718,   3.798,9999.000,9999.000,9999.000,9999.000,9999.000,9999.000,9999.000
202607190830,   3.846,   3.919,9999.000,9999.000,9999.000,9999.000,9999.000,9999.000,9999.000
202607190836,   3.974,   4.037,9999.000,9999.000,9999.000,9999.000,9999.000,9999.000,9999.000
202607190842,   4.103,   4.159,9999.000,9999.000,9999.000,9999.000,9999.000,9999.000,9999.000
202607190848,   4.232,   4.290,9999.000,9999.000,9999.000,9999.000,9999.000,9999.000,9999.000
202607190854,   4.361,   4.408,9999.000,9999.000,9999.000,9999.000,9999.000,9999.000,9999.000
202607190900,   4.489,   4.529,   0.300,  -0.260,   4.529,   0.300,   4.529,   0.300,   4.529
202607190906,   4.618,   4.657,9999.000,9999.000,9999.000,9999.000,9999.000,9999.000,9999.000
202607190912,   4.746,   4.778,9999.000,9999.000,9999.000,9999.000,9999.000,9999.000,9999.000
202607190918,   4.874,   4.919,9999.000,9999.000,9999.000,9999.000,9999.000,9999.000,9999.000
202607190924,   5.000,   5.028,9999.000,9999.000,9999.000,9999.000,9999.000,9999.000,9999.000
202607190930,   5.125,   5.149,9999.000,9999.000,9999.000,9999.000,9999.000,9999.000,9999.000
202607190936,   5.249,   5.277,9999.000,9999.000,9999.000,9999.000,9999.000,9999.000,9999.000
202607190942,   5.371,   5.379,9999.000,9999.000,9999.000,9999.000,9999.000,9999.000,9999.000
202607190948,   5.492,   5.487,9999.000,9999.000,9999.000,9999.000,9999.000,9999.000,9999.000
202607190954,   5.610,   5.608,9999.000,9999.000,9999.000,9999.000,9999.000,9999.000,9999.000
202607191000,   5.725,   5.707,   0.300,  -0.318,   5.707,   0.300,   5.707,   0.300,   5.707
202607191006,   5.837,   5.818,9999.000,9999.000,9999.000,9999.000,9999.000,9999.000,9999.000
202607191012,   5.946,   5.917,9999.000,9999.000,9999.000,9999.000,9999.000,9999.000,9999.000
202607191018,   6.052,   6.018,9999.000,9999.000,9999.000,9999.000,9999.000,9999.000,9999.000
202607191024,   6.154,   6.117,9999.000,9999.000,9999.000,9999.000,9999.000,9999.000,9999.000
202607191030,   6.251,   6.209,9999.000,9999.000,9999.000,9999.000,9999.000,9999.000,9999.000
202607191036,   6.344,   6.307,9999.000,9999.000,9999.000,9999.000,9999.000,9999.000,9999.000
202607191042,   6.432,   6.389,9999.000,9999.000,9999.000,9999.000,9999.000,9999.000,9999.000
202607191048,   6.515,   6.468,9999.000,9999.000,9999.000,9999.000,9999.000,9999.000,9999.000
202607191054,   6.592,   6.556,9999.000,9999.000,9999.000,9999.000,9999.000,9999.000,9999.000
202607191100,   6.663,   6.638,   0.300,  -0.325,   6.638,   0.300,   6.638,   0.300,   6.638
202607191106,   6.728,   6.707,9999.000,9999.000,9999.000,9999.000,9999.000,9999.000,9999.000
202607191112,   6.786,   6.779,9999.000,9999.000,9999.000,9999.000,9999.000,9999.000,9999.000
202607191118,   6.837,   6.838,9999.000,9999.000,9999.000,9999.000,9999.000,9999.000,9999.000
202607191124,   6.881,   6.897,9999.000,9999.000,9999.000,9999.000,9999.000,9999.000,9999.000
202607191130,   6.917,   6.947,9999.000,9999.000,9999.000,9999.000,9999.000,9999.000,9999.000
202607191136,   6.946,   6.979,9999.000,9999.000,9999.000,9999.000,9999.000,9999.000,9999.000
202607191142,   6.966,   7.009,9999.000,9999.000,9999.000,9999.000,9999.000,9999.000,9999.000
202607191148,   6.978,   7.019,9999.000,9999.000,9999.000,9999.000,9999.000,9999.000,9999.000
202607191154,   6.982,   7.019,9999.000,9999.000,9999.000,9999.000,9999.000,9999.000,9999.000
202607191200,   6.977,   7.019,   0.200,  -0.158,   7.019,   0.100,   6.919,   0.200,   7.019
202607191206,   6.963,   6.999,9999.000,9999.000,9999.000,9999.000,9999.000,9999.000,9999.000
202607191212,   6.940,   6.979,9999.000,9999.000,9999.000,9999.000,9999.000,9999.000,9999.000
202607191218,   6.909,   6.937,9999.000,9999.000,9999.000,9999.000,9999.000,9999.000,9999.000
202607191224,   6.868,   6.887,9999.000,9999.000,9999.000,9999.000,9999.000,9999.000,9999.000
202607191230,   6.819,   6.828,9999.000,9999.000,9999.000,9999.000,9999.000,9999.000,9999.000
202607191236,   6.761,   6.746,9999.000,9999.000,9999.000,9999.000,9999.000,9999.000,9999.000
202607191242,   6.694,   6.678,9999.000,9999.000,9999.000,9999.000,9999.000,9999.000,9999.000
202607191248,   6.619,   6.599,9999.000,9999.000,9999.000,9999.000,9999.000,9999.000,9999.000
202607191254,   6.536,   6.497,9999.000,9999.000,9999.000,9999.000,9999.000,9999.000,9999.000
202607191300,   6.444,   6.389,   0.100,  -0.155,   6.389,   0.100,   6.389,   0.200,   6.489
202607191306,   6.345,   6.287,9999.000,9999.000,9999.000,9999.000,9999.000,9999.000,9999.000
202607191312,   6.238,   6.179,9999.000,9999.000,9999.000,9999.000,9999.000,9999.000,9999.000
202607191318,   6.125,   6.067,9999.000,9999.000,9999.000,9999.000,9999.000,9999.000,9999.000
202607191324,   6.004,   5.949,9999.000,9999.000,9999.000,9999.000,9999.000,9999.000,9999.000
202607191330,   5.878,   5.818,9999.000,9999.000,9999.000,9999.000,9999.000,9999.000,9999.000
202607191336,   5.745,   5.687,9999.000,9999.000,9999.000,9999.000,9999.000,9999.000,9999.000
202607191342,   5.607,   5.559,9999.000,9999.000,9999.000,9999.000,9999.000,9999.000,9999.000
202607191348,   5.464,   5.428,9999.000,9999.000,9999.000,9999.000,9999.000,9999.000,9999.000
202607191354,   5.317,   5.287,9999.000,9999.000,9999.000,9999.000,9999.000,9999.000,9999.000
202607191400,   5.165,   5.129,   0.100,  -0.136,   5.129,   0.100,   5.129,   0.200,   5.229
202607191406,   5.009,   4.988,9999.000,9999.000,9999.000,9999.000,9999.000,9999.000,9999.000
202607191412,   4.851,   4.847,9999.000,9999.000,9999.000,9999.000,9999.000,9999.000,9999.000
202607191418,   4.689,   4.700,9999.000,9999.000,9999.000,9999.000,9999.000,9999.000,9999.000
202607191424,   4.525,   4.549,9999.000,9999.000,9999.000,9999.000,9999.000,9999.000,9999.000
202607191430,   4.359,   4.388,9999.000,9999.000,9999.000,9999.000,9999.000,9999.000,9999.000
202607191436,   4.191,   4.218,9999.000,9999.000,9999.000,9999.000,9999.000,9999.000,9999.000
202607191442,   4.022,   4.047,9999.000,9999.000,9999.000,9999.000,9999.000,9999.000,9999.000
202607191448,   3.852,   3.880,9999.000,9999.000,9999.000,9999.000,9999.000,9999.000,9999.000
202607191454,   3.681,   3.719,9999.000,9999.000,9999.000,9999.000,9999.000,9999.000,9999.000
202607191500,   3.510,   3.558,   0.100,  -0.052,   3.558,   0.100,   3.558,   0.200,   3.658
202607191506,   3.339,   3.388,9999.000,9999.000,9999.000,9999.000,9999.000,9999.000,9999.000
202607191512,   3.169,   3.230,9999.000,9999.000,9999.000,9999.000,9999.000,9999.000,9999.000
202607191518,   2.999,   3.060,9999.000,9999.000,9999.000,9999.000,9999.000,9999.000,9999.000
202607191524,   2.831,   2.889,9999.000,9999.000,9999.000,9999.000,9999.000,9999.000,9999.000
202607191530,   2.663,   2.719,9999.000,9999.000,9999.000,9999.000,9999.000,9999.000,9999.000
202607191536,   2.498,   2.558,9999.000,9999.000,9999.000,9999.000,9999.000,9999.000,9999.000
202607191542,   2.334,   2.400,9999.000,9999.000,9999.000,9999.000,9999.000,9999.000,9999.000
202607191548,   2.173,   2.240,9999.000,9999.000,9999.000,9999.000,9999.000,9999.000,9999.000
202607191554,   2.015,   2.089,9999.000,9999.000,9999.000,9999.000,9999.000,9999.000,9999.000
202607191600,   1.859,   1.948,   0.100,  -0.011,   1.948,   0.100,   1.948,   0.200,   2.048
202607191606,   1.708,   1.800,9999.000,9999.000,9999.000,9999.000,9999.000,9999.000,9999.000
202607191612,   1.560,   1.649,9999.000,9999.000,9999.000,9999.000,9999.000,9999.000,9999.000
202607191618,   1.417,   1.508,9999.000,9999.000,9999.000,9999.000,9999.000,9999.000,9999.000
202607191624,   1.279,   1.371,9999.000,9999.000,9999.000,9999.000,9999.000,9999.000,9999.000
202607191630,   1.146,   1.220,9999.000,9999.000,9999.000,9999.000,9999.000,9999.000,9999.000
202607191636,   1.020,   1.098,9999.000,9999.000,9999.000,9999.000,9999.000,9999.000,9999.000
202607191642,   0.899,   0.990,9999.000,9999.000,9999.000,9999.000,9999.000,9999.000,9999.000
202607191648,   0.786,   0.869,9999.000,9999.000,9999.000,9999.000,9999.000,9999.000,9999.000
202607191654,   0.679,   0.760,9999.000,9999.000,9999.000,9999.000,9999.000,9999.000,9999.000
202607191700,   0.581,   0.649,   0.100,  -0.032,   0.649,   0.100,   0.649,   0.200,   0.749
202607191706,   0.491,   0.551,9999.000,9999.000,9999.000,9999.000,9999.000,9999.000,9999.000
202607191712,   0.409,   0.469,9999.000,9999.000,9999.000,9999.000,9999.000,9999.000,9999.000
202607191718,   0.337,   0.400,9999.000,9999.000,9999.000,9999.000,9999.000,9999.000,9999.000
202607191724,   0.273,   0.331,9999.000,9999.000,9999.000,9999.000,9999.000,9999.000,9999.000
202607191730,   0.220,   0.268,9999.000,9999.000,9999.000,9999.000,9999.000,9999.000,9999.000
202607191736,   0.176,   0.219,9999.000,9999.000,9999.000,9999.000,9999.000,9999.000,9999.000
202607191742,   0.143,   0.160,9999.000,9999.000,9999.000,9999.000,9999.000,9999.000,9999.000
202607191748,   0.119,   0.150,9999.000,9999.000,9999.000,9999.000,9999.000,9999.000,9999.000
202607191754,   0.106,   0.141,9999.000,9999.000,9999.000,9999.000,9999.000,9999.000,9999.000
202607191800,   0.104,   0.150,   0.100,  -0.054,   0.150,   0.100,   0.150,   0.100,   0.150
202607191806,   0.111,   0.190,9999.000,9999.000,9999.000,9999.000,9999.000,9999.000,9999.000
202607191812,   0.129,   0.200,9999.000,9999.000,9999.000,9999.000,9999.000,9999.000,9999.000
202607191818,   0.157,   0.229,9999.000,9999.000,9999.000,9999.000,9999.000,9999.000,9999.000
202607191824,   0.195,   0.278,9999.000,9999.000,9999.000,9999.000,9999.000,9999.000,9999.000
202607191830,   0.243,   0.360,9999.000,9999.000,9999.000,9999.000,9999.000,9999.000,9999.000
202607191836,   0.300,   0.449,9999.000,9999.000,9999.000,9999.000,9999.000,9999.000,9999.000
202607191842,   0.365,   0.541,9999.000,9999.000,9999.000,9999.000,9999.000,9999.000,9999.000
202607191848,   0.440,   0.619,9999.000,9999.000,9999.000,9999.000,9999.000,9999.000,9999.000
202607191854,   0.522,   0.708,9999.000,9999.000,9999.000,9999.000,9999.000,9999.000,9999.000
202607191900,   0.612,   0.819,   0.100,   0.107,   0.819,   0.100,   0.819,   0.100,   0.819
202607191906,   0.710,   0.918,9999.000,9999.000,9999.000,9999.000,9999.000,9999.000,9999.000
202607191912,   0.814,   1.029,9999.000,9999.000,9999.000,9999.000,9999.000,9999.000,9999.000
202607191918,   0.925,   1.151,9999.000,9999.000,9999.000,9999.000,9999.000,9999.000,9999.000
202607191924,   1.042,   1.259,9999.000,9999.000,9999.000,9999.000,9999.000,9999.000,9999.000
202607191930,   1.164,   1.390,9999.000,9999.000,9999.000,9999.000,9999.000,9999.000,9999.000
202607191936,   1.291,   1.528,9999.000,9999.000,9999.000,9999.000,9999.000,9999.000,9999.000
202607191942,   1.422,   1.669,9999.000,9999.000,9999.000,9999.000,9999.000,9999.000,9999.000
202607191948,   1.558,   1.820,9999.000,9999.000,9999.000,9999.000,9999.000,9999.000,9999.000
202607191954,   1.698,   1.958,9999.000,9999.000,9999.000,9999.000,9999.000,9999.000,9999.000
202607192000,   1.841,   2.099,   0.100,   0.158,   2.099,   0.100,   2.099,   0.100,   2.099
202607192006,   1.987,   2.240,9999.000,9999.000,9999.000,9999.000,9999.000,9999.000,9999.000
202607192012,   2.136,   2.387,9999.000,9999.000,9999.000,9999.000,9999.000,9999.000,9999.000
202607192018,   2.287,   2.548,9999.000,9999.000,9999.000,9999.000,9999.000,9999.000,9999.000
202607192024,   2.440,   2.699,9999.000,9999.000,9999.000,9999.000,9999.000,9999.000,9999.000
202607192030,   2.595,   2.860,9999.000,9999.000,9999.000,9999.000,9999.000,9999.000,9999.000
202607192036,   2.752,   2.997,9999.000,9999.000,9999.000,9999.000,9999.000,9999.000,9999.000
202607192042,   2.911,   3.148,9999.000,9999.000,9999.000,9999.000,9999.000,9999.000,9999.000
202607192048,   3.071,   3.309,9999.000,9999.000,9999.000,9999.000,9999.000,9999.000,9999.000
202607192054,   3.231,   3.470,9999.000,9999.000,9999.000,9999.000,9999.000,9999.000,9999.000
202607192100,   3.393,   3.617,   0.100,   0.124,   3.617,   0.100,   3.617,   0.100,   3.617
202607192106,   3.555,   3.768,9999.000,9999.000,9999.000,9999.000,9999.000,9999.000,9999.000
202607192112,   3.718,   3.899,9999.000,9999.000,9999.000,9999.000,9999.000,9999.000,9999.000
202607192118,   3.881,   4.057,9999.000,9999.000,9999.000,9999.000,9999.000,9999.000,9999.000
202607192124,   4.045,   4.218,9999.000,9999.000,9999.000,9999.000,9999.000,9999.000,9999.000
202607192130,   4.208,   4.359,9999.000,9999.000,9999.000,9999.000,9999.000,9999.000,9999.000
202607192136,   4.371,   4.509,9999.000,9999.000,9999.000,9999.000,9999.000,9999.000,9999.000
202607192142,   4.534,   4.667,9999.000,9999.000,9999.000,9999.000,9999.000,9999.000,9999.000
202607192148,   4.695,   4.828,9999.000,9999.000,9999.000,9999.000,9999.000,9999.000,9999.000
202607192154,   4.856,   4.979,9999.000,9999.000,9999.000,9999.000,9999.000,9999.000,9999.000
202607192200,   5.016,   5.139,   0.100,   0.023,   5.139,   0.100,   5.139,   0.100,   5.139
202607192206,   5.175,   5.277,9999.000,9999.000,9999.000,9999.000,9999.000,9999.000,9999.000
202607192212,   5.331,   5.438,9999.000,9999.000,9999.000,9999.000,9999.000,9999.000,9999.000
202607192218,   5.486,   5.569,9999.000,9999.000,9999.000,9999.000,9999.000,9999.000,9999.000
202607192224,   5.638,   5.697,9999.000,9999.000,9999.000,9999.000,9999.000,9999.000,9999.000
202607192230,   5.788,   5.848,9999.000,9999.000,9999.000,9999.000,9999.000,9999.000,9999.000
202607192236,   5.935,   5.989,9999.000,9999.000,9999.000,9999.000,9999.000,9999.000,9999.000
202607192242,   6.079,   6.117,9999.000,9999.000,9999.000,9999.000,9999.000,9999.000,9999.000
202607192248,   6.219,   6.248,9999.000,9999.000,9999.000,9999.000,9999.000,9999.000,9999.000
202607192254,   6.355,   6.379,9999.000,9999.000,9999.000,9999.000,9999.000,9999.000,9999.000
202607192300,   6.487,   6.507,   0.100,  -0.080,   6.507,   0.100,   6.507,   0.100,   6.507
202607192306,   6.614,   6.628,9999.000,9999.000,9999.000,9999.000,9999.000,9999.000,9999.000
202607192312,   6.736,   6.737,9999.000,9999.000,9999.000,9999.000,9999.000,9999.000,9999.000
202607192318,   6.853,   6.848,9999.000,9999.000,9999.000,9999.000,9999.000,9999.000,9999.000
202607192324,   6.964,   6.956,9999.000,9999.000,9999.000,9999.000,9999.000,9999.000,9999.000
202607192330,   7.069,   7.058,9999.000,9999.000,9999.000,9999.000,9999.000,9999.000,9999.000
202607192336,   7.167,   7.156,9999.000,9999.000,9999.000,9999.000,9999.000,9999.000,9999.000
202607192342,   7.259,   7.278,9999.000,9999.000,9999.000,9999.000,9999.000,9999.000,9999.000
202607192348,   7.344,   7.366,9999.000,9999.000,9999.000,9999.000,9999.000,9999.000,9999.000
202607192354,   7.421,   7.448,9999.000,9999.000,9999.000,9999.000,9999.000,9999.000,9999.000
202607200000,   7.491,   7.537,   0.200,  -0.154,   7.537,   0.100,   7.437,   0.200,   7.537
202607200006,   7.552,   7.609,9999.000,9999.000,9999.000,9999.000,9999.000,9999.000,9999.000
202607200012,   7.606,   7.658,9999.000,9999.000,9999.000,9999.000,9999.000,9999.000,9999.000
202607200018,   7.651,   7.717,9999.000,9999.000,9999.000,9999.000,9999.000,9999.000,9999.000
202607200024,   7.687,   7.767,9999.000,9999.000,9999.000,9999.000,9999.000,9999.000,9999.000
202607200030,   7.715,   7.819,9999.000,9999.000,9999.000,9999.000,9999.000,9999.000,9999.000
202607200036,   7.734,   7.858,9999.000,9999.000,9999.000,9999.000,9999.000,9999.000,9999.000
202607200042,   7.744,   7.878,9999.000,9999.000,9999.000,9999.000,9999.000,9999.000,9999.000
202607200048,   7.745,   7.888,9999.000,9999.000,9999.000,9999.000,9999.000,9999.000,9999.000
202607200054,   7.737,   7.878,9999.000,9999.000,9999.000,9999.000,9999.000,9999.000,9999.000
202607200100,   7.720,   7.849,   0.200,  -0.071,   7.849,   0.100,   7.749,   0.200,   7.849
202607200106,   7.694,   7.829,9999.000,9999.000,9999.000,9999.000,9999.000,9999.000,9999.000
202607200112,   7.659,   7.786,9999.000,9999.000,9999.000,9999.000,9999.000,9999.000,9999.000
202607200118,   7.616,   7.747,9999.000,9999.000,9999.000,9999.000,9999.000,9999.000,9999.000
202607200124,   7.564,   7.678,9999.000,9999.000,9999.000,9999.000,9999.000,9999.000,9999.000
202607200130,   7.505,   7.619,9999.000,9999.000,9999.000,9999.000,9999.000,9999.000,9999.000
202607200136,   7.437,   7.547,9999.000,9999.000,9999.000,9999.000,9999.000,9999.000,9999.000
202607200142,   7.361,   7.468,9999.000,9999.000,9999.000,9999.000,9999.000,9999.000,9999.000
202607200148,   7.279,   7.386,9999.000,9999.000,9999.000,9999.000,9999.000,9999.000,9999.000
202607200154,   7.189,   7.288,9999.000,9999.000,9999.000,9999.000,9999.000,9999.000,9999.000
202607200200,   7.093,   7.176,   0.200,  -0.117,   7.176,   0.100,   7.076,   0.200,   7.176
202607200206,   6.990,   7.078,9999.000,9999.000,9999.000,9999.000,9999.000,9999.000,9999.000
202607200212,   6.882,   6.966,9999.000,9999.000,9999.000,9999.000,9999.000,9999.000,9999.000
202607200218,   6.768,   6.848,9999.000,9999.000,9999.000,9999.000,9999.000,9999.000,9999.000
202607200224,   6.648,   6.727,9999.000,9999.000,9999.000,9999.000,9999.000,9999.000,9999.000
202607200230,   6.525,   6.609,9999.000,9999.000,9999.000,9999.000,9999.000,9999.000,9999.000
202607200236,   6.396,   6.487,9999.000,9999.000,9999.000,9999.000,9999.000,9999.000,9999.000
202607200242,   6.264,   6.369,9999.000,9999.000,9999.000,9999.000,9999.000,9999.000,9999.000
202607200248,   6.128,   6.218,9999.000,9999.000,9999.000,9999.000,9999.000,9999.000,9999.000
202607200254,   5.988,   6.097,9999.000,9999.000,9999.000,9999.000,9999.000,9999.000,9999.000
202607200300,   5.846,   5.959,   0.200,  -0.087,   5.959,   0.200,   5.959,   0.200,   5.959
202607200306,   5.701,   5.828,9999.000,9999.000,9999.000,9999.000,9999.000,9999.000,9999.000
202607200312,   5.553,   5.677,9999.000,9999.000,9999.000,9999.000,9999.000,9999.000,9999.000
202607200318,   5.403,   5.539,9999.000,9999.000,9999.000,9999.000,9999.000,9999.000,9999.000
202607200324,   5.252,   5.398,9999.000,9999.000,9999.000,9999.000,9999.000,9999.000,9999.000
202607200330,   5.099,   5.218,9999.000,9999.000,9999.000,9999.000,9999.000,9999.000,9999.000
202607200336,   4.944,   5.077,9999.000,9999.000,9999.000,9999.000,9999.000,9999.000,9999.000
202607200342,   4.789,   4.949,9999.000,9999.000,9999.000,9999.000,9999.000,9999.000,9999.000
202607200348,   4.632,   4.808,9999.000,9999.000,9999.000,9999.000,9999.000,9999.000,9999.000
202607200354,   4.475,   4.657,9999.000,9999.000,9999.000,9999.000,9999.000,9999.000,9999.000
202607200400,   4.318,   4.500,   0.200,  -0.018,   4.500,   0.200,   4.500,   0.200,   4.500
202607200406,   4.161,   4.339,9999.000,9999.000,9999.000,9999.000,9999.000,9999.000,9999.000
202607200412,   4.005,   4.198,9999.000,9999.000,9999.000,9999.000,9999.000,9999.000,9999.000
202607200418,   3.849,   4.037,9999.000,9999.000,9999.000,9999.000,9999.000,9999.000,9999.000
202607200424,   3.695,   3.890,9999.000,9999.000,9999.000,9999.000,9999.000,9999.000,9999.000
202607200430,   3.542,   3.739,9999.000,9999.000,9999.000,9999.000,9999.000,9999.000,9999.000
202607200436,   3.390,   3.607,9999.000,9999.000,9999.000,9999.000,9999.000,9999.000,9999.000
202607200442,   3.242,   3.480,9999.000,9999.000,9999.000,9999.000,9999.000,9999.000,9999.000
202607200448,   3.096,   3.329,9999.000,9999.000,9999.000,9999.000,9999.000,9999.000,9999.000
202607200454,   2.953,   3.178,9999.000,9999.000,9999.000,9999.000,9999.000,9999.000,9999.000
202607200500,   2.814,   3.050,   0.200,   0.036,   3.050,   0.200,   3.050,   0.200,   3.050
202607200506,   2.680,   2.909,9999.000,9999.000,9999.000,9999.000,9999.000,9999.000,9999.000
202607200512,   2.550,   2.778,9999.000,9999.000,9999.000,9999.000,9999.000,9999.000,9999.000
202607200518,   2.426,   2.640,9999.000,9999.000,9999.000,9999.000,9999.000,9999.000,9999.000
202607200524,   2.307,   2.538,9999.000,9999.000,9999.000,9999.000,9999.000,9999.000,9999.000
202607200530,   2.194,   2.420,9999.000,9999.000,9999.000,9999.000,9999.000,9999.000,9999.000
202607200536,   2.088,   2.309,9999.000,9999.000,9999.000,9999.000,9999.000,9999.000,9999.000
202607200542,   1.990,   2.210,9999.000,9999.000,9999.000,9999.000,9999.000,9999.000,9999.000
202607200548,   1.898,   2.118,9999.000,9999.000,9999.000,9999.000,9999.000,9999.000,9999.000
202607200554,   1.815,   2.020,9999.000,9999.000,9999.000,9999.000,9999.000,9999.000,9999.000
202607200600,   1.739,   1.928,   0.200,  -0.011,   1.928,   0.200,   1.928,   0.200,   1.928
202607200606,   1.672,   1.859,9999.000,9999.000,9999.000,9999.000,9999.000,9999.000,9999.000
202607200612,   1.614,   1.800,9999.000,9999.000,9999.000,9999.000,9999.000,9999.000,9999.000
202607200618,   1.565,   1.708,9999.000,9999.000,9999.000,9999.000,9999.000,9999.000,9999.000
202607200624,   1.524,   1.649,9999.000,9999.000,9999.000,9999.000,9999.000,9999.000,9999.000
202607200630,   1.492,   1.620,9999.000,9999.000,9999.000,9999.000,9999.000,9999.000,9999.000
202607200636,   1.470,   1.590,9999.000,9999.000,9999.000,9999.000,9999.000,9999.000,9999.000
202607200642,   1.456,   1.571,9999.000,9999.000,9999.000,9999.000,9999.000,9999.000,9999.000
202607200648,   1.450,   1.538,9999.000,9999.000,9999.000,9999.000,9999.000,9999.000,9999.000
202607200654,   1.454,   1.528,9999.000,9999.000,9999.000,9999.000,9999.000,9999.000,9999.000
202607200700,   1.465,   1.548,   0.200,  -0.117,   1.548,   0.200,   1.548,   0.200,   1.548
202607200706,   1.485,   1.571,9999.000,9999.000,9999.000,9999.000,9999.000,9999.000,9999.000
202607200712,   1.512,   1.580,9999.000,9999.000,9999.000,9999.000,9999.000,9999.000,9999.000
202607200718,   1.547,   1.610,9999.000,9999.000,9999.000,9999.000,9999.000,9999.000,9999.000
202607200724,   1.589,   1.649,9999.000,9999.000,9999.000,9999.000,9999.000,9999.000,9999.000
202607200730,   1.638,   1.708,9999.000,9999.000,9999.000,9999.000,9999.000,9999.000,9999.000
202607200736,   1.692,   1.790,9999.000,9999.000,9999.000,9999.000,9999.000,9999.000,9999.000
202607200742,   1.753,   1.859,9999.000,9999.000,9999.000,9999.000,9999.000,9999.000,9999.000
202607200748,   1.820,   1.928,9999.000,9999.000,9999.000,9999.000,9999.000,9999.000,9999.000
202607200754,   1.891,   1.990,9999.000,9999.000,9999.000,9999.000,9999.000,9999.000,9999.000
202607200800,   1.967,   2.059,   0.200,  -0.108,   2.059,   0.200,   2.059,   0.200,   2.059
202607200806,   2.047,   2.148,9999.000,9999.000,9999.000,9999.000,9999.000,9999.000,9999.000
202607200812,   2.132,   2.230,9999.000,9999.000,9999.000,9999.000,9999.000,9999.000,9999.000
202607200818,   2.220,   2.299,9999.000,9999.000,9999.000,9999.000,9999.000,9999.000,9999.000
202607200824,   2.311,   2.400,9999.000,9999.000,9999.000,9999.000,9999.000,9999.000,9999.000
202607200830,   2.405,   2.509,9999.000,9999.000,9999.000,9999.000,9999.000,9999.000,9999.000
202607200836,   2.502,   2.610,9999.000,9999.000,9999.000,9999.000,9999.000,9999.000,9999.000
202607200842,   2.602,   2.709,9999.000,9999.000,9999.000,9999.000,9999.000,9999.000,9999.000
202607200848,   2.703,   2.840,9999.000,9999.000,9999.000,9999.000,9999.000,9999.000,9999.000
202607200854,   2.807,   2.958,9999.000,9999.000,9999.000,9999.000,9999.000,9999.000,9999.000
202607200900,   2.912,   3.060,   0.200,  -0.052,   3.060,   0.200,   3.060,   0.200,   3.060
202607200906,   3.019,   3.178,9999.000,9999.000,9999.000,9999.000,9999.000,9999.000,9999.000
202607200912,   3.128,   3.279,9999.000,9999.000,9999.000,9999.000,9999.000,9999.000,9999.000
202607200918,   3.237,   3.398,9999.000,9999.000,9999.000,9999.000,9999.000,9999.000,9999.000
202607200924,   3.348,   3.499,9999.000,9999.000,9999.000,9999.000,9999.000,9999.000,9999.000
202607200930,   3.459,   3.598,9999.000,9999.000,9999.000,9999.000,9999.000,9999.000,9999.000
202607200936,   3.571,   3.719,9999.000,9999.000,9999.000,9999.000,9999.000,9999.000,9999.000
202607200942,   3.684,   3.827,9999.000,9999.000,9999.000,9999.000,9999.000,9999.000,9999.000
202607200948,   3.797,   3.939,9999.000,9999.000,9999.000,9999.000,9999.000,9999.000,9999.000
202607200954,   3.911,   4.037,9999.000,9999.000,9999.000,9999.000,9999.000,9999.000,9999.000
202607201000,   4.024,   4.139,   0.200,  -0.085,   4.139,   0.200,   4.139,   0.200,   4.139
202607201006,   4.137,   4.237,9999.000,9999.000,9999.000,9999.000,9999.000,9999.000,9999.000
202607201012,   4.250,   4.349,9999.000,9999.000,9999.000,9999.000,9999.000,9999.000,9999.000
202607201018,   4.362,   4.457,9999.000,9999.000,9999.000,9999.000,9999.000,9999.000,9999.000
202607201024,   4.473,   4.559,9999.000,9999.000,9999.000,9999.000,9999.000,9999.000,9999.000
202607201030,   4.583,   4.667,9999.000,9999.000,9999.000,9999.000,9999.000,9999.000,9999.000
202607201036,   4.692,   4.769,9999.000,9999.000,9999.000,9999.000,9999.000,9999.000,9999.000
202607201042,   4.799,   4.857,9999.000,9999.000,9999.000,9999.000,9999.000,9999.000,9999.000
202607201048,   4.905,   4.959,9999.000,9999.000,9999.000,9999.000,9999.000,9999.000,9999.000
202607201054,   5.008,   5.067,9999.000,9999.000,9999.000,9999.000,9999.000,9999.000,9999.000
202607201100,   5.108,   5.159,   0.200,  -0.149,   5.159,   0.200,   5.159,   0.200,   5.159
202607201106,   5.206,   5.247,9999.000,9999.000,9999.000,9999.000,9999.000,9999.000,9999.000
202607201112,   5.300,   5.339,9999.000,9999.000,9999.000,9999.000,9999.000,9999.000,9999.000
202607201118,   5.392,   5.428,9999.000,9999.000,9999.000,9999.000,9999.000,9999.000,9999.000
202607201124,   5.479,   5.497,9999.000,9999.000,9999.000,9999.000,9999.000,9999.000,9999.000
202607201130,   5.562,   5.569,9999.000,9999.000,9999.000,9999.000,9999.000,9999.000,9999.000
202607201136,   5.641,   5.657,9999.000,9999.000,9999.000,9999.000,9999.000,9999.000,9999.000
202607201142,   5.716,   5.730,9999.000,9999.000,9999.000,9999.000,9999.000,9999.000,9999.000
202607201148,   5.785,   5.808,9999.000,9999.000,9999.000,9999.000,9999.000,9999.000,9999.000
202607201154,   5.849,   5.887,9999.000,9999.000,9999.000,9999.000,9999.000,9999.000,9999.000
202607201200,   5.907,   5.940,   0.200,  -0.167,   5.940,   0.200,   5.940,   0.200,   5.940
202607201206,   5.959,   5.959,9999.000,9999.000,9999.000,9999.000,9999.000,9999.000,9999.000
202607201212,   6.005,   6.008,9999.000,9999.000,9999.000,9999.000,9999.000,9999.000,9999.000
202607201218,   6.045,   6.067,9999.000,9999.000,9999.000,9999.000,9999.000,9999.000,9999.000
202607201224,   6.078,   6.107,9999.000,9999.000,9999.000,9999.000,9999.000,9999.000,9999.000
202607201230,   6.104,   6.159,9999.000,9999.000,9999.000,9999.000,9999.000,9999.000,9999.000
202607201236,   6.123,   6.189,9999.000,9999.000,9999.000,9999.000,9999.000,9999.000,9999.000
202607201242,   6.135,   6.209,9999.000,9999.000,9999.000,9999.000,9999.000,9999.000,9999.000
202607201248,   6.140,   6.209,9999.000,9999.000,9999.000,9999.000,9999.000,9999.000,9999.000
202607201254,   6.137,   6.179,9999.000,9999.000,9999.000,9999.000,9999.000,9999.000,9999.000
202607201300,   6.126,   6.179,   0.200,  -0.147,   6.179,   0.200,   6.179,   0.200,   6.179
202607201306,   6.108,   6.159,9999.000,9999.000,9999.000,9999.000,9999.000,9999.000,9999.000
202607201312,   6.083,   6.127,9999.000,9999.000,9999.000,9999.000,9999.000,9999.000,9999.000
202607201318,   6.050,   6.097,9999.000,9999.000,9999.000,9999.000,9999.000,9999.000,9999.000
202607201324,   6.010,   6.048,9999.000,9999.000,9999.000,9999.000,9999.000,9999.000,9999.000
202607201330,   5.962,   6.018,9999.000,9999.000,9999.000,9999.000,9999.000,9999.000,9999.000
202607201336,   5.908,   5.959,9999.000,9999.000,9999.000,9999.000,9999.000,9999.000,9999.000
202607201342,   5.846,   5.887,9999.000,9999.000,9999.000,9999.000,9999.000,9999.000,9999.000
202607201348,   5.778,   5.828,9999.000,9999.000,9999.000,9999.000,9999.000,9999.000,9999.000
202607201354,   5.704,   5.759,9999.000,9999.000,9999.000,9999.000,9999.000,9999.000,9999.000
202607201400,   5.624,   5.657,   0.200,  -0.167,   5.657,   0.200,   5.657,   0.200,   5.657
202607201406,   5.538,   5.569,9999.000,9999.000,9999.000,9999.000,9999.000,9999.000,9999.000
202607201412,   5.446,   5.457,9999.000,9999.000,9999.000,9999.000,9999.000,9999.000,9999.000
202607201418,   5.350,   5.359,9999.000,9999.000,9999.000,9999.000,9999.000,9999.000,9999.000
202607201424,   5.249,   5.257,9999.000,9999.000,9999.000,9999.000,9999.000,9999.000,9999.000
202607201430,   5.144,   5.179,9999.000,9999.000,9999.000,9999.000,9999.000,9999.000,9999.000
202607201436,   5.035,   5.077,9999.000,9999.000,9999.000,9999.000,9999.000,9999.000,9999.000
202607201442,   4.922,   4.959,9999.000,9999.000,9999.000,9999.000,9999.000,9999.000,9999.000
202607201448,   4.807,   4.837,9999.000,9999.000,9999.000,9999.000,9999.000,9999.000,9999.000
202607201454,   4.689,   4.729,9999.000,9999.000,9999.000,9999.000,9999.000,9999.000,9999.000
202607201500,   4.568,   4.618,   0.200,  -0.150,   4.618,   0.200,   4.618,   0.200,   4.618
202607201506,   4.446,   4.490,9999.000,9999.000,9999.000,9999.000,9999.000,9999.000,9999.000
202607201512,   4.322,   4.359,9999.000,9999.000,9999.000,9999.000,9999.000,9999.000,9999.000
202607201518,   4.197,   4.218,9999.000,9999.000,9999.000,9999.000,9999.000,9999.000,9999.000
202607201524,   4.071,   4.109,9999.000,9999.000,9999.000,9999.000,9999.000,9999.000,9999.000
202607201530,   3.944,   4.017,9999.000,9999.000,9999.000,9999.000,9999.000,9999.000,9999.000
202607201536,   3.817,   3.909,9999.000,9999.000,9999.000,9999.000,9999.000,9999.000,9999.000
202607201542,   3.689,   3.788,9999.000,9999.000,9999.000,9999.000,9999.000,9999.000,9999.000
202607201548,   3.562,   3.670,9999.000,9999.000,9999.000,9999.000,9999.000,9999.000,9999.000
202607201554,   3.435,   3.548,9999.000,9999.000,9999.000,9999.000,9999.000,9999.000,9999.000
202607201600,   3.308,   3.407,   0.200,  -0.101,   3.407,   0.200,   3.407,   0.200,   3.407
202607201606,   3.183,   3.279,9999.000,9999.000,9999.000,9999.000,9999.000,9999.000,9999.000
202607201612,   3.058,   3.168,9999.000,9999.000,9999.000,9999.000,9999.000,9999.000,9999.000
202607201618,   2.934,   3.040,9999.000,9999.000,9999.000,9999.000,9999.000,9999.000,9999.000
202607201624,   2.812,   2.909,9999.000,9999.000,9999.000,9999.000,9999.000,9999.000,9999.000
202607201630,   2.691,   2.787,9999.000,9999.000,9999.000,9999.000,9999.000,9999.000,9999.000
202607201636,   2.572,   2.679,9999.000,9999.000,9999.000,9999.000,9999.000,9999.000,9999.000
202607201642,   2.455,   2.578,9999.000,9999.000,9999.000,9999.000,9999.000,9999.000,9999.000
202607201648,   2.340,   2.469,9999.000,9999.000,9999.000,9999.000,9999.000,9999.000,9999.000
202607201654,   2.229,   2.348,9999.000,9999.000,9999.000,9999.000,9999.000,9999.000,9999.000
202607201700,   2.120,   2.250,   0.200,  -0.070,   2.250,   0.200,   2.250,   0.200,   2.250
202607201706,   2.014,   2.148,9999.000,9999.000,9999.000,9999.000,9999.000,9999.000,9999.000
202607201712,   1.913,   2.049,9999.000,9999.000,9999.000,9999.000,9999.000,9999.000,9999.000
202607201718,   1.815,   1.967,9999.000,9999.000,9999.000,9999.000,9999.000,9999.000,9999.000
202607201724,   1.722,   1.899,9999.000,9999.000,9999.000,9999.000,9999.000,9999.000,9999.000
202607201730,   1.633,   1.820,9999.000,9999.000,9999.000,9999.000,9999.000,9999.000,9999.000
202607201736,   1.550,   1.718,9999.000,9999.000,9999.000,9999.000,9999.000,9999.000,9999.000
202607201742,   1.473,   1.659,9999.000,9999.000,9999.000,9999.000,9999.000,9999.000,9999.000
202607201748,   1.401,   1.600,9999.000,9999.000,9999.000,9999.000,9999.000,9999.000,9999.000
202607201754,   1.336,   1.557,9999.000,9999.000,9999.000,9999.000,9999.000,9999.000,9999.000
202607201800,   1.278,   1.508,   0.200,   0.030,   1.508,   0.200,   1.508,   0.200,   1.508
202607201806,   1.227,   1.449,9999.000,9999.000,9999.000,9999.000,9999.000,9999.000,9999.000
202607201812,   1.184,   1.410,9999.000,9999.000,9999.000,9999.000,9999.000,9999.000,9999.000
202607201818,   1.149,   1.390,9999.000,9999.000,9999.000,9999.000,9999.000,9999.000,9999.000
202607201824,   1.121,   1.380,9999.000,9999.000,9999.000,9999.000,9999.000,9999.000,9999.000
202607201830,   1.102,   1.361,9999.000,9999.000,9999.000,9999.000,9999.000,9999.000,9999.000
202607201836,   1.092,   1.348,9999.000,9999.000,9999.000,9999.000,9999.000,9999.000,9999.000
202607201842,   1.089,   1.380,9999.000,9999.000,9999.000,9999.000,9999.000,9999.000,9999.000
202607201848,   1.096,   1.390,9999.000,9999.000,9999.000,9999.000,9999.000,9999.000,9999.000
202607201854,   1.111,   1.410,9999.000,9999.000,9999.000,9999.000,9999.000,9999.000,9999.000
202607201900,   1.135,   1.420,   0.200,   0.085,   1.420,   0.200,   1.420,   0.200,   1.420
202607201906,   1.167,   1.439,9999.000,9999.000,9999.000,9999.000,9999.000,9999.000,9999.000
202607201912,   1.207,   1.508,9999.000,9999.000,9999.000,9999.000,9999.000,9999.000,9999.000
202607201918,   1.256,   1.600,9999.000,9999.000,9999.000,9999.000,9999.000,9999.000,9999.000
202607201924,   1.312,   1.659,9999.000,9999.000,9999.000,9999.000,9999.000,9999.000,9999.000
202607201930,   1.376,   1.728,9999.000,9999.000,9999.000,9999.000,9999.000,9999.000,9999.000
202607201936,   1.447,   1.800,9999.000,9999.000,9999.000,9999.000,9999.000,9999.000,9999.000
202607201942,   1.525,   1.908,9999.000,9999.000,9999.000,9999.000,9999.000,9999.000,9999.000
202607201948,   1.609,   2.020,9999.000,9999.000,9999.000,9999.000,9999.000,9999.000,9999.000
202607201954,   1.700,   2.089,9999.000,9999.000,9999.000,9999.000,9999.000,9999.000,9999.000
202607202000,   1.796,   2.191,   0.200,   0.195,   2.191,   0.200,   2.191,   0.200,   2.191
202607202006,   1.898,   2.269,9999.000,9999.000,9999.000,9999.000,9999.000,9999.000,9999.000
202607202012,   2.004,   2.368,9999.000,9999.000,9999.000,9999.000,9999.000,9999.000,9999.000
202607202018,   2.115,   2.489,9999.000,9999.000,9999.000,9999.000,9999.000,9999.000,9999.000
202607202024,   2.230,   2.587,9999.000,9999.000,9999.000,9999.000,9999.000,9999.000,9999.000
202607202030,   2.349,   2.719,9999.000,9999.000,9999.000,9999.000,9999.000,9999.000,9999.000
202607202036,   2.471,   2.860,9999.000,9999.000,9999.000,9999.000,9999.000,9999.000,9999.000
202607202042,   2.596,   2.988,9999.000,9999.000,9999.000,9999.000,9999.000,9999.000,9999.000
202607202048,   2.723,   3.109,9999.000,9999.000,9999.000,9999.000,9999.000,9999.000,9999.000
202607202054,   2.853,   3.250,9999.000,9999.000,9999.000,9999.000,9999.000,9999.000,9999.000
202607202100,   2.985,   3.378,   0.200,   0.193,   3.378,   0.200,   3.378,   0.200,   3.378
202607202106,   3.119,   3.499,9999.000,9999.000,9999.000,9999.000,9999.000,9999.000,9999.000
202607202112,   3.255,   3.617,9999.000,9999.000,9999.000,9999.000,9999.000,9999.000,9999.000
202607202118,   3.392,   3.749,9999.000,9999.000,9999.000,9999.000,9999.000,9999.000,9999.000
202607202124,   3.530,   3.880,9999.000,9999.000,9999.000,9999.000,9999.000,9999.000,9999.000
202607202130,   3.669,   4.008,9999.000,9999.000,9999.000,9999.000,9999.000,9999.000,9999.000
202607202136,   3.809,   4.168,9999.000,9999.000,9999.000,9999.000,9999.000,9999.000,9999.000
202607202142,   3.949,   4.280,9999.000,9999.000,9999.000,9999.000,9999.000,9999.000,9999.000
202607202148,   4.090,   4.398,9999.000,9999.000,9999.000,9999.000,9999.000,9999.000,9999.000
202607202154,   4.232,   4.539,9999.000,9999.000,9999.000,9999.000,9999.000,9999.000,9999.000
202607202200,   4.373,   4.700,   0.200,   0.127,   4.700,   0.200,   4.700,   0.200,   4.700
202607202206,   4.515,   4.837,9999.000,9999.000,9999.000,9999.000,9999.000,9999.000,9999.000
202607202212,   4.656,   4.969,9999.000,9999.000,9999.000,9999.000,9999.000,9999.000,9999.000
202607202218,   4.797,   5.120,9999.000,9999.000,9999.000,9999.000,9999.000,9999.000,9999.000
202607202224,   4.938,   5.247,9999.000,9999.000,9999.000,9999.000,9999.000,9999.000,9999.000
202607202230,   5.078,   5.379,9999.000,9999.000,9999.000,9999.000,9999.000,9999.000,9999.000
202607202236,   5.217,   5.497,9999.000,9999.000,9999.000,9999.000,9999.000,9999.000,9999.000
202607202242,   5.355,   5.618,9999.000,9999.000,9999.000,9999.000,9999.000,9999.000,9999.000
202607202248,   5.492,   5.739,9999.000,9999.000,9999.000,9999.000,9999.000,9999.000,9999.000
202607202254,   5.628,   5.877,9999.000,9999.000,9999.000,9999.000,9999.000,9999.000,9999.000
202607202300,   5.761,   5.999,   0.200,   0.038,   5.999,   0.200,   5.999,   0.200,   5.999
202607202306,   5.893,   6.117,9999.000,9999.000,9999.000,9999.000,9999.000,9999.000,9999.000
202607202312,   6.022,   6.258,9999.000,9999.000,9999.000,9999.000,9999.000,9999.000,9999.000
202607202318,   6.149,   6.379,9999.000,9999.000,9999.000,9999.000,9999.000,9999.000,9999.000
202607202324,   6.273,   6.487,9999.000,9999.000,9999.000,9999.000,9999.000,9999.000,9999.000
202607202330,   6.394,   6.609,9999.000,9999.000,9999.000,9999.000,9999.000,9999.000,9999.000
202607202336,   6.512,   6.717,9999.000,9999.000,9999.000,9999.000,9999.000,9999.000,9999.000
202607202342,   6.625,   6.828,9999.000,9999.000,9999.000,9999.000,9999.000,9999.000,9999.000
202607202348,   6.735,   6.907,9999.000,9999.000,9999.000,9999.000,9999.000,9999.000,9999.000
202607202354,   6.841,   7.019,9999.000,9999.000,9999.000,9999.000,9999.000,9999.000,9999.000
202607210000,   6.941,   7.019,   0.200,  -0.122,   7.019,   0.200,   7.019,   0.200,   7.019
202607210006,   7.037,9999.000,9999.000,9999.000,9999.000,9999.000,9999.000,9999.000,9999.000
202607210012,   7.127,9999.000,9999.000,9999.000,9999.000,9999.000,9999.000,9999.000,9999.000
202607210018,   7.212,9999.000,9999.000,9999.000,9999.000,9999.000,9999.000,9999.000,9999.000
202607210024,   7.291,9999.000,9999.000,9999.000,9999.000,9999.000,9999.000,9999.000,9999.000
202607210030,   7.363,9999.000,9999.000,9999.000,9999.000,9999.000,9999.000,9999.000,9999.000
202607210036,   7.429,9999.000,9999.000,9999.000,9999.000,9999.000,9999.000,9999.000,9999.000
202607210042,   7.489,9999.000,9999.000,9999.000,9999.000,9999.000,9999.000,9999.000,9999.000
202607210048,   7.541,9999.000,9999.000,9999.000,9999.000,9999.000,9999.000,9999.000,9999.000
202607210054,   7.586,9999.000,9999.000,9999.000,9999.000,9999.000,9999.000,9999.000,9999.000
202607210100,   7.623,9999.000,   0.200,  -0.120,   7.703,   0.200,   7.703,   0.200,   7.703
202607210106,   7.653,9999.000,9999.000,9999.000,9999.000,9999.000,9999.000,9999.000,9999.000
202607210112,   7.675,9999.000,9999.000,9999.000,9999.000,9999.000,9999.000,9999.000,9999.000
202607210118,   7.689,9999.000,9999.000,9999.000,9999.000,9999.000,9999.000,9999.000,9999.000
202607210124,   7.696,9999.000,9999.000,9999.000,9999.000,9999.000,9999.000,9999.000,9999.000
202607210130,   7.694,9999.000,9999.000,9999.000,9999.000,9999.000,9999.000,9999.000,9999.000
202607210136,   7.684,9999.000,9999.000,9999.000,9999.000,9999.000,9999.000,9999.000,9999.000
202607210142,   7.666,9999.000,9999.000,9999.000,9999.000,9999.000,9999.000,9999.000,9999.000
202607210148,   7.640,9999.000,9999.000,9999.000,9999.000,9999.000,9999.000,9999.000,9999.000
202607210154,   7.606,9999.000,9999.000,9999.000,9999.000,9999.000,9999.000,9999.000,9999.000
202607210200,   7.564,9999.000,   0.200,  -0.119,   7.645,   0.200,   7.645,   0.300,   7.745
202607210206,   7.515,9999.000,9999.000,9999.000,9999.000,9999.000,9999.000,9999.000,9999.000
202607210212,   7.458,9999.000,9999.000,9999.000,9999.000,9999.000,9999.000,9999.000,9999.000
202607210218,   7.394,9999.000,9999.000,9999.000,9999.000,9999.000,9999.000,9999.000,9999.000
202607210224,   7.323,9999.000,9999.000,9999.000,9999.000,9999.000,9999.000,9999.000,9999.000
202607210230,   7.245,9999.000,9999.000,9999.000,9999.000,9999.000,9999.000,9999.000,9999.000
202607210236,   7.161,9999.000,9999.000,9999.000,9999.000,9999.000,9999.000,9999.000,9999.000
202607210242,   7.071,9999.000,9999.000,9999.000,9999.000,9999.000,9999.000,9999.000,9999.000
202607210248,   6.975,9999.000,9999.000,9999.000,9999.000,9999.000,9999.000,9999.000,9999.000
202607210254,   6.873,9999.000,9999.000,9999.000,9999.000,9999.000,9999.000,9999.000,9999.000
202607210300,   6.767,9999.000,   0.300,  -0.117,   6.950,   0.200,   6.850,   0.300,   6.950
202607210306,   6.656,9999.000,9999.000,9999.000,9999.000,9999.000,9999.000,9999.000,9999.000
202607210312,   6.541,9999.000,9999.000,9999.000,9999.000,9999.000,9999.000,9999.000,9999.000
202607210318,   6.421,9999.000,9999.000,9999.000,9999.000,9999.000,9999.000,9999.000,9999.000
202607210324,   6.298,9999.000,9999.000,9999.000,9999.000,9999.000,9999.000,9999.000,9999.000
202607210330,   6.171,9999.000,9999.000,9999.000,9999.000,9999.000,9999.000,9999.000,9999.000
202607210336,   6.042,9999.000,9999.000,9999.000,9999.000,9999.000,9999.000,9999.000,9999.000
202607210342,   5.909,9999.000,9999.000,9999.000,9999.000,9999.000,9999.000,9999.000,9999.000
202607210348,   5.774,9999.000,9999.000,9999.000,9999.000,9999.000,9999.000,9999.000,9999.000
202607210354,   5.637,9999.000,9999.000,9999.000,9999.000,9999.000,9999.000,9999.000,9999.000
202607210400,   5.497,9999.000,   0.300,  -0.115,   5.682,   0.200,   5.582,   0.300,   5.682
202607210406,   5.356,9999.000,9999.000,9999.000,9999.000,9999.000,9999.000,9999.000,9999.000
202607210412,   5.213,9999.000,9999.000,9999.000,9999.000,9999.000,9999.000,9999.000,9999.000
202607210418,   5.068,9999.000,9999.000,9999.000,9999.000,9999.000,9999.000,9999.000,9999.000
202607210424,   4.922,9999.000,9999.000,9999.000,9999.000,9999.000,9999.000,9999.000,9999.000
202607210430,   4.776,9999.000,9999.000,9999.000,9999.000,9999.000,9999.000,9999.000,9999.000
202607210436,   4.628,9999.000,9999.000,9999.000,9999.000,9999.000,9999.000,9999.000,9999.000
202607210442,   4.479,9999.000,9999.000,9999.000,9999.000,9999.000,9999.000,9999.000,9999.000
202607210448,   4.331,9999.000,9999.000,9999.000,9999.000,9999.000,9999.000,9999.000,9999.000
202607210454,   4.181,9999.000,9999.000,9999.000,9999.000,9999.000,9999.000,9999.000,9999.000
202607210500,   4.032,9999.000,   0.300,  -0.114,   4.218,   0.200,   4.118,   0.300,   4.218
202607210506,   3.883,9999.000,9999.000,9999.000,9999.000,9999.000,9999.000,9999.000,9999.000
202607210512,   3.735,9999.000,9999.000,9999.000,9999.000,9999.000,9999.000,9999.000,9999.000
202607210518,   3.588,9999.000,9999.000,9999.000,9999.000,9999.000,9999.000,9999.000,9999.000
202607210524,   3.441,9999.000,9999.000,9999.000,9999.000,9999.000,9999.000,9999.000,9999.000
202607210530,   3.296,9999.000,9999.000,9999.000,9999.000,9999.000,9999.000,9999.000,9999.000
202607210536,   3.154,9999.000,9999.000,9999.000,9999.000,9999.000,9999.000,9999.000,9999.000
202607210542,   3.013,9999.000,9999.000,9999.000,9999.000,9999.000,9999.000,9999.000,9999.000
202607210548,   2.875,9999.000,9999.000,9999.000,9999.000,9999.000,9999.000,9999.000,9999.000
202607210554,   2.741,9999.000,9999.000,9999.000,9999.000,9999.000,9999.000,9999.000,9999.000
202607210600,   2.610,9999.000,   0.300,  -0.112,   2.798,   0.200,   2.698,   0.300,   2.798
202607210606,   2.483,9999.000,9999.000,9999.000,9999.000,9999.000,9999.000,9999.000,9999.000
202607210612,   2.361,9999.000,9999.000,9999.000,9999.000,9999.000,9999.000,9999.000,9999.000
202607210618,   2.244,9999.000,9999.000,9999.000,9999.000,9999.000,9999.000,9999.000,9999.000
202607210624,   2.132,9999.000,9999.000,9999.000,9999.000,9999.000,9999.000,9999.000,9999.000
202607210630,   2.027,9999.000,9999.000,9999.000,9999.000,9999.000,9999.000,9999.000,9999.000
202607210636,   1.928,9999.000,9999.000,9999.000,9999.000,9999.000,9999.000,9999.000,9999.000
202607210642,   1.835,9999.000,9999.000,9999.000,9999.000,9999.000,9999.000,9999.000,9999.000
202607210648,   1.749,9999.000,9999.000,9999.000,9999.000,9999.000,9999.000,9999.000,9999.000
202607210654,   1.671,9999.000,9999.000,9999.000,9999.000,9999.000,9999.000,9999.000,9999.000
202607210700,   1.601,9999.000,   0.300,  -0.110,   1.791,   0.200,   1.691,   0.300,   1.791
202607210706,   1.538,9999.000,9999.000,9999.000,9999.000,9999.000,9999.000,9999.000,9999.000
202607210712,   1.483,9999.000,9999.000,9999.000,9999.000,9999.000,9999.000,9999.000,9999.000
202607210718,   1.436,9999.000,9999.000,9999.000,9999.000,9999.000,9999.000,9999.000,9999.000
202607210724,   1.398,9999.000,9999.000,9999.000,9999.000,9999.000,9999.000,9999.000,9999.000
202607210730,   1.367,9999.000,9999.000,9999.000,9999.000,9999.000,9999.000,9999.000,9999.000
202607210736,   1.345,9999.000,9999.000,9999.000,9999.000,9999.000,9999.000,9999.000,9999.000
202607210742,   1.330,9999.000,9999.000,9999.000,9999.000,9999.000,9999.000,9999.000,9999.000
202607210748,   1.323,9999.000,9999.000,9999.000,9999.000,9999.000,9999.000,9999.000,9999.000
202607210754,   1.324,9999.000,9999.000,9999.000,9999.000,9999.000,9999.000,9999.000,9999.000
202607210800,   1.332,9999.000,   0.300,  -0.109,   1.523,   0.200,   1.423,   0.300,   1.523
202607210806,   1.347,9999.000,9999.000,9999.000,9999.000,9999.000,9999.000,9999.000,9999.000
202607210812,   1.369,9999.000,9999.000,9999.000,9999.000,9999.000,9999.000,9999.000,9999.000
202607210818,   1.397,9999.000,9999.000,9999.000,9999.000,9999.000,9999.000,9999.000,9999.000
202607210824,   1.432,9999.000,9999.000,9999.000,9999.000,9999.000,9999.000,9999.000,9999.000
202607210830,   1.472,9999.000,9999.000,9999.000,9999.000,9999.000,9999.000,9999.000,9999.000
202607210836,   1.517,9999.000,9999.000,9999.000,9999.000,9999.000,9999.000,9999.000,9999.000
202607210842,   1.568,9999.000,9999.000,9999.000,9999.000,9999.000,9999.000,9999.000,9999.000
202607210848,   1.624,9999.000,9999.000,9999.000,9999.000,9999.000,9999.000,9999.000,9999.000
202607210854,   1.683,9999.000,9999.000,9999.000,9999.000,9999.000,9999.000,9999.000,9999.000
202607210900,   1.747,9999.000,   0.300,  -0.107,   1.940,   0.200,   1.840,   0.300,   1.940
202607210906,   1.815,9999.000,9999.000,9999.000,9999.000,9999.000,9999.000,9999.000,9999.000
202607210912,   1.886,9999.000,9999.000,9999.000,9999.000,9999.000,9999.000,9999.000,9999.000
202607210918,   1.961,9999.000,9999.000,9999.000,9999.000,9999.000,9999.000,9999.000,9999.000
202607210924,   2.038,9999.000,9999.000,9999.000,9999.000,9999.000,9999.000,9999.000,9999.000
202607210930,   2.118,9999.000,9999.000,9999.000,9999.000,9999.000,9999.000,9999.000,9999.000
202607210936,   2.201,9999.000,9999.000,9999.000,9999.000,9999.000,9999.000,9999.000,9999.000
202607210942,   2.286,9999.000,9999.000,9999.000,9999.000,9999.000,9999.000,9999.000,9999.000
202607210948,   2.373,9999.000,9999.000,9999.000,9999.000,9999.000,9999.000,9999.000,9999.000
202607210954,   2.462,9999.000,9999.000,9999.000,9999.000,9999.000,9999.000,9999.000,9999.000
202607211000,   2.553,9999.000,   0.300,  -0.105,   2.748,   0.200,   2.648,   0.300,   2.748
202607211006,   2.646,9999.000,9999.000,9999.000,9999.000,9999.000,9999.000,9999.000,9999.000
202607211012,   2.740,9999.000,9999.000,9999.000,9999.000,9999.000,9999.000,9999.000,9999.000
202607211018,   2.835,9999.000,9999.000,9999.000,9999.000,9999.000,9999.000,9999.000,9999.000
202607211024,   2.932,9999.000,9999.000,9999.000,9999.000,9999.000,9999.000,9999.000,9999.000
202607211030,   3.030,9999.000,9999.000,9999.000,9999.000,9999.000,9999.000,9999.000,9999.000
202607211036,   3.128,9999.000,9999.000,9999.000,9999.000,9999.000,9999.000,9999.000,9999.000
202607211042,   3.228,9999.000,9999.000,9999.000,9999.000,9999.000,9999.000,9999.000,9999.000
202607211048,   3.328,9999.000,9999.000,9999.000,9999.000,9999.000,9999.000,9999.000,9999.000
202607211054,   3.428,9999.000,9999.000,9999.000,9999.000,9999.000,9999.000,9999.000,9999.000
202607211100,   3.529,9999.000,   0.300,  -0.104,   3.725,   0.200,   3.625,   0.300,   3.725
202607211106,   3.630,9999.000,9999.000,9999.000,9999.000,9999.000,9999.000,9999.000,9999.000
202607211112,   3.730,9999.000,9999.000,9999.000,9999.000,9999.000,9999.000,9999.000,9999.000
202607211118,   3.830,9999.000,9999.000,9999.000,9999.000,9999.000,9999.000,9999.000,9999.000
202607211124,   3.930,9999.000,9999.000,9999.000,9999.000,9999.000,9999.000,9999.000,9999.000
202607211130,   4.028,9999.000,9999.000,9999.000,9999.000,9999.000,9999.000,9999.000,9999.000
202607211136,   4.126,9999.000,9999.000,9999.000,9999.000,9999.000,9999.000,9999.000,9999.000
202607211142,   4.222,9999.000,9999.000,9999.000,9999.000,9999.000,9999.000,9999.000,9999.000
202607211148,   4.316,9999.000,9999.000,9999.000,9999.000,9999.000,9999.000,9999.000,9999.000
202607211154,   4.408,9999.000,9999.000,9999.000,9999.000,9999.000,9999.000,9999.000,9999.000
202607211200,   4.500,9999.000,   0.300,  -0.102,   4.698,   0.200,   4.598,   0.300,   4.698
202607211206,   4.586,9999.000,9999.000,9999.000,9999.000,9999.000,9999.000,9999.000,9999.000
202607211212,   4.671,9999.000,9999.000,9999.000,9999.000,9999.000,9999.000,9999.000,9999.000
202607211218,   4.753,9999.000,9999.000,9999.000,9999.000,9999.000,9999.000,9999.000,9999.000
202607211224,   4.831,9999.000,9999.000,9999.000,9999.000,9999.000,9999.000,9999.000,9999.000
202607211230,   4.906,9999.000,9999.000,9999.000,9999.000,9999.000,9999.000,9999.000,9999.000
202607211236,   4.977,9999.000,9999.000,9999.000,9999.000,9999.000,9999.000,9999.000,9999.000
202607211242,   5.043,9999.000,9999.000,9999.000,9999.000,9999.000,9999.000,9999.000,9999.000
202607211248,   5.105,9999.000,9999.000,9999.000,9999.000,9999.000,9999.000,9999.000,9999.000
202607211254,   5.163,9999.000,9999.000,9999.000,9999.000,9999.000,9999.000,9999.000,9999.000
202607211300,   5.215,9999.000,   0.300,  -0.102,   5.413,   0.200,   5.313,   0.300,   5.413
202607211306,   5.262,9999.000,9999.000,9999.000,9999.000,9999.000,9999.000,9999.000,9999.000
202607211312,   5.304,9999.000,9999.000,9999.000,9999.000,9999.000,9999.000,9999.000,9999.000
202607211318,   5.340,9999.000,9999.000,9999.000,9999.000,9999.000,9999.000,9999.000,9999.000
202607211324,   5.370,9999.000,9999.000,9999.000,9999.000,9999.000,9999.000,9999.000,9999.000
202607211330,   5.394,9999.000,9999.000,9999.000,9999.000,9999.000,9999.000,9999.000,9999.000
202607211336,   5.413,9999.000,9999.000,9999.000,9999.000,9999.000,9999.000,9999.000,9999.000
202607211342,   5.425,9999.000,9999.000,9999.000,9999.000,9999.000,9999.000,9999.000,9999.000
202607211348,   5.431,9999.000,9999.000,9999.000,9999.000,9999.000,9999.000,9999.000,9999.000
202607211354,   5.431,9999.000,9999.000,9999.000,9999.000,9999.000,9999.000,9999.000,9999.000
202607211400,   5.425,9999.000,   0.300,  -0.102,   5.623,   0.200,   5.523,   0.300,   5.623
202607211406,   5.413,9999.000,9999.000,9999.000,9999.000,9999.000,9999.000,9999.000,9999.000
202607211412,   5.394,9999.000,9999.000,9999.000,9999.000,9999.000,9999.000,9999.000,9999.000
202607211418,   5.370,9999.000,9999.000,9999.000,9999.000,9999.000,9999.000,9999.000,9999.000
202607211424,   5.340,9999.000,9999.000,9999.000,9999.000,9999.000,9999.000,9999.000,9999.000
202607211430,   5.304,9999.000,9999.000,9999.000,9999.000,9999.000,9999.000,9999.000,9999.000
202607211436,   5.264,9999.000,9999.000,9999.000,9999.000,9999.000,9999.000,9999.000,9999.000
202607211442,   5.218,9999.000,9999.000,9999.000,9999.000,9999.000,9999.000,9999.000,9999.000
202607211448,   5.167,9999.000,9999.000,9999.000,9999.000,9999.000,9999.000,9999.000,9999.000
202607211454,   5.112,9999.000,9999.000,9999.000,9999.000,9999.000,9999.000,9999.000,9999.000
202607211500,   5.052,9999.000,   0.300,  -0.102,   5.250,   0.200,   5.150,   0.300,   5.250
202607211506,   4.989,9999.000,9999.000,9999.000,9999.000,9999.000,9999.000,9999.000,9999.000
202607211512,   4.922,9999.000,9999.000,9999.000,9999.000,9999.000,9999.000,9999.000,9999.000
202607211518,   4.851,9999.000,9999.000,9999.000,9999.000,9999.000,9999.000,9999.000,9999.000
202607211524,   4.778,9999.000,9999.000,9999.000,9999.000,9999.000,9999.000,9999.000,9999.000
202607211530,   4.702,9999.000,9999.000,9999.000,9999.000,9999.000,9999.000,9999.000,9999.000
202607211536,   4.624,9999.000,9999.000,9999.000,9999.000,9999.000,9999.000,9999.000,9999.000
202607211542,   4.544,9999.000,9999.000,9999.000,9999.000,9999.000,9999.000,9999.000,9999.000
202607211548,   4.463,9999.000,9999.000,9999.000,9999.000,9999.000,9999.000,9999.000,9999.000
202607211554,   4.380,9999.000,9999.000,9999.000,9999.000,9999.000,9999.000,9999.000,9999.000
202607211600,   4.296,9999.000,   0.300,  -0.102,   4.494,   0.200,   4.394,   0.300,   4.494
202607211606,   4.211,9999.000,9999.000,9999.000,9999.000,9999.000,9999.000,9999.000,9999.000
202607211612,   4.126,9999.000,9999.000,9999.000,9999.000,9999.000,9999.000,9999.000,9999.000
202607211618,   4.040,9999.000,9999.000,9999.000,9999.000,9999.000,9999.000,9999.000,9999.000
202607211624,   3.953,9999.000,9999.000,9999.000,9999.000,9999.000,9999.000,9999.000,9999.000
202607211630,   3.867,9999.000,9999.000,9999.000,9999.000,9999.000,9999.000,9999.000,9999.000
202607211636,   3.781,9999.000,9999.000,9999.000,9999.000,9999.000,9999.000,9999.000,9999.000
202607211642,   3.694,9999.000,9999.000,9999.000,9999.000,9999.000,9999.000,9999.000,9999.000
202607211648,   3.608,9999.000,9999.000,9999.000,9999.000,9999.000,9999.000,9999.000,9999.000
202607211654,   3.523,9999.000,9999.000,9999.000,9999.000,9999.000,9999.000,9999.000,9999.000
202607211700,   3.438,9999.000,   0.300,  -0.102,   3.636,   0.200,   3.536,   0.300,   3.636
202607211706,   3.353,9999.000,9999.000,9999.000,9999.000,9999.000,9999.000,9999.000,9999.000
202607211712,   3.269,9999.000,9999.000,9999.000,9999.000,9999.000,9999.000,9999.000,9999.000
202607211718,   3.186,9999.000,9999.000,9999.000,9999.000,9999.000,9999.000,9999.000,9999.000
202607211724,   3.104,9999.000,9999.000,9999.000,9999.000,9999.000,9999.000,9999.000,9999.000
202607211730,   3.023,9999.000,9999.000,9999.000,9999.000,9999.000,9999.000,9999.000,9999.000
202607211736,   2.943,9999.000,9999.000,9999.000,9999.000,9999.000,9999.000,9999.000,9999.000
202607211742,   2.865,9999.000,9999.000,9999.000,9999.000,9999.000,9999.000,9999.000,9999.000
202607211748,   2.788,9999.000,9999.000,9999.000,9999.000,9999.000,9999.000,9999.000,9999.000
202607211754,   2.714,9999.000,9999.000,9999.000,9999.000,9999.000,9999.000,9999.000,9999.000
202607211800,   2.641,9999.000,   0.300,  -0.102,   2.839,   0.200,   2.739,   0.300,   2.839
202607211806,   2.572,9999.000,9999.000,9999.000,9999.000,9999.000,9999.000,9999.000,9999.000
202607211812,   2.505,9999.000,9999.000,9999.000,9999.000,9999.000,9999.000,9999.000,9999.000
202607211818,   2.441,9999.000,9999.000,9999.000,9999.000,9999.000,9999.000,9999.000,9999.000
202607211824,   2.381,9999.000,9999.000,9999.000,9999.000,9999.000,9999.000,9999.000,9999.000
202607211830,   2.325,9999.000,9999.000,9999.000,9999.000,9999.000,9999.000,9999.000,9999.000
202607211836,   2.273,9999.000,9999.000,9999.000,9999.000,9999.000,9999.000,9999.000,9999.000
202607211842,   2.226,9999.000,9999.000,9999.000,9999.000,9999.000,9999.000,9999.000,9999.000
202607211848,   2.185,9999.000,9999.000,9999.000,9999.000,9999.000,9999.000,9999.000,9999.000
202607211854,   2.148,9999.000,9999.000,9999.000,9999.000,9999.000,9999.000,9999.000,9999.000
202607211900,   2.117,9999.000,   0.300,  -0.102,   2.315,   0.200,   2.215,   0.300,   2.315
202607211906,   2.092,9999.000,9999.000,9999.000,9999.000,9999.000,9999.000,9999.000,9999.000
202607211912,   2.074,9999.000,9999.000,9999.000,9999.000,9999.000,9999.000,9999.000,9999.000
202607211918,   2.062,9999.000,9999.000,9999.000,9999.000,9999.000,9999.000,9999.000,9999.000
202607211924,   2.057,9999.000,9999.000,9999.000,9999.000,9999.000,9999.000,9999.000,9999.000
202607211930,   2.059,9999.000,9999.000,9999.000,9999.000,9999.000,9999.000,9999.000,9999.000
202607211936,   2.067,9999.000,9999.000,9999.000,9999.000,9999.000,9999.000,9999.000,9999.000
202607211942,   2.083,9999.000,9999.000,9999.000,9999.000,9999.000,9999.000,9999.000,9999.000
202607211948,   2.106,9999.000,9999.000,9999.000,9999.000,9999.000,9999.000,9999.000,9999.000
202607211954,   2.135,9999.000,9999.000,9999.000,9999.000,9999.000,9999.000,9999.000,9999.000
202607212000,   2.172,9999.000,   0.300,  -0.102,   2.370,   0.200,   2.270,   0.300,   2.370
202607212006,   2.215,9999.000,9999.000,9999.000,9999.000,9999.000,9999.000,9999.000,9999.000
202607212012,   2.265,9999.000,9999.000,9999.000,9999.000,9999.000,9999.000,9999.000,9999.000
202607212018,   2.322,9999.000,9999.000,9999.000,9999.000,9999.000,9999.000,9999.000,9999.000
202607212024,   2.384,9999.000,9999.000,9999.000,9999.000,9999.000,9999.000,9999.000,9999.000
202607212030,   2.452,9999.000,9999.000,9999.000,9999.000,9999.000,9999.000,9999.000,9999.000
202607212036,   2.526,9999.000,9999.000,9999.000,9999.000,9999.000,9999.000,9999.000,9999.000
202607212042,   2.604,9999.000,9999.000,9999.000,9999.000,9999.000,9999.000,9999.000,9999.000
202607212048,   2.688,9999.000,9999.000,9999.000,9999.000,9999.000,9999.000,9999.000,9999.000
202607212054,   2.776,9999.000,9999.000,9999.000,9999.000,9999.000,9999.000,9999.000,9999.000
202607212100,   2.868,9999.000,   0.300,  -0.102,   3.066,   0.200,   2.966,   0.300,   3.066
202607212106,   2.964,9999.000,9999.000,9999.000,9999.000,9999.000,9999.000,9999.000,9999.000
202607212112,   3.063,9999.000,9999.000,9999.000,9999.000,9999.000,9999.000,9999.000,9999.000
202607212118,   3.165,9999.000,9999.000,9999.000,9999.000,9999.000,9999.000,9999.000,9999.000
202607212124,   3.270,9999.000,9999.000,9999.000,9999.000,9999.000,9999.000,9999.000,9999.000
202607212130,   3.378,9999.000,9999.000,9999.000,9999.000,9999.000,9999.000,9999.000,9999.000
202607212136,   3.487,9999.000,9999.000,9999.000,9999.000,9999.000,9999.000,9999.000,9999.000
202607212142,   3.599,9999.000,9999.000,9999.000,9999.000,9999.000,9999.000,9999.000,9999.000
202607212148,   3.712,9999.000,9999.000,9999.000,9999.000,9999.000,9999.000,9999.000,9999.000
202607212154,   3.827,9999.000,9999.000,9999.000,9999.000,9999.000,9999.000,9999.000,9999.000
202607212200,   3.942,9999.000,   0.300,  -0.102,   4.140,   0.200,   4.040,   0.300,   4.140
202607212206,   4.059,9999.000,9999.000,9999.000,9999.000,9999.000,9999.000,9999.000,9999.000
202607212212,   4.177,9999.000,9999.000,9999.000,9999.000,9999.000,9999.000,9999.000,9999.000
202607212218,   4.295,9999.000,9999.000,9999.000,9999.000,9999.000,9999.000,9999.000,9999.000
202607212224,   4.414,9999.000,9999.000,9999.000,9999.000,9999.000,9999.000,9999.000,9999.000
202607212230,   4.533,9999.000,9999.000,9999.000,9999.000,9999.000,9999.000,9999.000,9999.000
202607212236,   4.653,9999.000,9999.000,9999.000,9999.000,9999.000,9999.000,9999.000,9999.000
202607212242,   4.773,9999.000,9999.000,9999.000,9999.000,9999.000,9999.000,9999.000,9999.000
202607212248,   4.893,9999.000,9999.000,9999.000,9999.000,9999.000,9999.000,9999.000,9999.000
202607212254,   5.013,9999.000,9999.000,9999.000,9999.000,9999.000,9999.000,9999.000,9999.000
202607212300,   5.132,9999.000,   0.300,  -0.102,   5.330,   0.200,   5.230,   0.300,   5.330
202607212306,   5.251,9999.000,9999.000,9999.000,9999.000,9999.000,9999.000,9999.000,9999.000
202607212312,   5.370,9999.000,9999.000,9999.000,9999.000,9999.000,9999.000,9999.000,9999.000
202607212318,   5.488,9999.000,9999.000,9999.000,9999.000,9999.000,9999.000,9999.000,9999.000
202607212324,   5.606,9999.000,9999.000,9999.000,9999.000,9999.000,9999.000,9999.000,9999.000
202607212330,   5.722,9999.000,9999.000,9999.000,9999.000,9999.000,9999.000,9999.000,9999.000
202607212336,   5.837,9999.000,9999.000,9999.000,9999.000,9999.000,9999.000,9999.000,9999.000
202607212342,   5.951,9999.000,9999.000,9999.000,9999.000,9999.000,9999.000,9999.000,9999.000
202607212348,   6.063,9999.000,9999.000,9999.000,9999.000,9999.000,9999.000,9999.000,9999.000
202607212354,   6.174,9999.000,9999.000,9999.000,9999.000,9999.000,9999.000,9999.000,9999.000
202607220000,   6.282,9999.000,   0.300,  -0.102,   6.480,   0.200,   6.380,   0.300,   6.480
202607220006,   6.388,9999.000,9999.000,9999.000,9999.000,9999.000,9999.000,9999.000,9999.000
202607220012,   6.492,9999.000,9999.000,9999.000,9999.000,9999.000,9999.000,9999.000,9999.000
202607220018,   6.593,9999.000,9999.000,9999.000,9999.000,9999.000,9999.000,9999.000,9999.000
202607220024,   6.691,9999.000,9999.000,9999.000,9999.000,9999.000,9999.000,9999.000,9999.000
202607220030,   6.785,9999.000,9999.000,9999.000,9999.000,9999.000,9999.000,9999.000,9999.000
202607220036,   6.876,9999.000,9999.000,9999.000,9999.000,9999.000,9999.000,9999.000,9999.000
202607220042,   6.963,9999.000,9999.000,9999.000,9999.000,9999.000,9999.000,9999.000,9999.000
202607220048,   7.046,9999.000,9999.000,9999.000,9999.000,9999.000,9999.000,9999.000,9999.000
202607220054,   7.125,9999.000,9999.000,9999.000,9999.000,9999.000,9999.000,9999.000,9999.000
202607220100,   7.198,9999.000,   0.300,  -0.102,   7.396,   0.200,   7.296,   0.300,   7.396
202607220106,   7.267,9999.000,9999.000,9999.000,9999.000,9999.000,9999.000,9999.000,9999.000
202607220112,   7.330,9999.000,9999.000,9999.000,9999.000,9999.000,9999.000,9999.000,9999.000
202607220118,   7.388,9999.000,9999.000,9999.000,9999.000,9999.000,9999.000,9999.000,9999.000
202607220124,   7.440,9999.000,9999.000,9999.000,9999.000,9999.000,9999.000,9999.000,9999.000
202607220130,   7.486,9999.000,9999.000,9999.000,9999.000,9999.000,9999.000,9999.000,9999.000
202607220136,   7.526,9999.000,9999.000,9999.000,9999.000,9999.000,9999.000,9999.000,9999.000
202607220142,   7.559,9999.000,9999.000,9999.000,9999.000,9999.000,9999.000,9999.000,9999.000
202607220148,   7.586,9999.000,9999.000,9999.000,9999.000,9999.000,9999.000,9999.000,9999.000
202607220154,   7.606,9999.000,9999.000,9999.000,9999.000,9999.000,9999.000,9999.000,9999.000
202607220200,   7.619,9999.000,   0.300,  -0.102,   7.817,   0.200,   7.717,   0.300,   7.817
202607220206,   7.624,9999.000,9999.000,9999.000,9999.000,9999.000,9999.000,9999.000,9999.000
202607220212,   7.623,9999.000,9999.000,9999.000,9999.000,9999.000,9999.000,9999.000,9999.000
202607220218,   7.615,9999.000,9999.000,9999.000,9999.000,9999.000,9999.000,9999.000,9999.000
202607220224,   7.599,9999.000,9999.000,9999.000,9999.000,9999.000,9999.000,9999.000,9999.000
202607220230,   7.576,9999.000,9999.000,9999.000,9999.000,9999.000,9999.000,9999.000,9999.000
202607220236,   7.547,9999.000,9999.000,9999.000,9999.000,9999.000,9999.000,9999.000,9999.000
202607220242,   7.510,9999.000,9999.000,9999.000,9999.000,9999.000,9999.000,9999.000,9999.000
202607220248,   7.466,9999.000,9999.000,9999.000,9999.000,9999.000,9999.000,9999.000,9999.000
202607220254,   7.415,9999.000,9999.000,9999.000,9999.000,9999.000,9999.000,9999.000,9999.000
202607220300,   7.358,9999.000,   0.300,  -0.102,   7.556,   0.200,   7.456,   0.300,   7.556
202607220306,   7.294,9999.000,9999.000,9999.000,9999.000,9999.000,9999.000,9999.000,9999.000
202607220312,   7.225,9999.000,9999.000,9999.000,9999.000,9999.000,9999.000,9999.000,9999.000
202607220318,   7.149,9999.000,9999.000,9999.000,9999.000,9999.000,9999.000,9999.000,9999.000
202607220324,   7.068,9999.000,9999.000,9999.000,9999.000,9999.000,9999.000,9999.000,9999.000
202607220330,   6.981,9999.000,9999.000,9999.000,9999.000,9999.000,9999.000,9999.000,9999.000
202607220336,   6.889,9999.000,9999.000,9999.000,9999.000,9999.000,9999.000,9999.000,9999.000
202607220342,   6.793,9999.000,9999.000,9999.000,9999.000,9999.000,9999.000,9999.000,9999.000
202607220348,   6.692,9999.000,9999.000,9999.000,9999.000,9999.000,9999.000,9999.000,9999.000
202607220354,   6.586,9999.000,9999.000,9999.000,9999.000,9999.000,9999.000,9999.000,9999.000
202607220400,   6.477,9999.000,   0.300,  -0.102,   6.675,   0.200,   6.575,   0.300,   6.675
202607220406,   6.365,9999.000,9999.000,9999.000,9999.000,9999.000,9999.000,9999.000,9999.000
202607220412,   6.249,9999.000,9999.000,9999.000,9999.000,9999.000,9999.000,9999.000,9999.000
202607220418,   6.130,9999.000,9999.000,9999.000,9999.000,9999.000,9999.000,9999.000,9999.000
202607220424,   6.008,9999.000,9999.000,9999.000,9999.000,9999.000,9999.000,9999.000,9999.000
202607220430,   5.884,9999.000,9999.000,9999.000,9999.000,9999.000,9999.000,9999.000,9999.000
202607220436,   5.757,9999.000,9999.000,9999.000,9999.000,9999.000,9999.000,9999.000,9999.000
202607220442,   5.628,9999.000,9999.000,9999.000,9999.000,9999.000,9999.000,9999.000,9999.000
202607220448,   5.497,9999.000,9999.000,9999.000,9999.000,9999.000,9999.000,9999.000,9999.000
202607220454,   5.364,9999.000,9999.000,9999.000,9999.000,9999.000,9999.000,9999.000,9999.000
202607220500,   5.229,9999.000,   0.300,  -0.102,   5.427,   0.200,   5.327,   0.300,   5.427
202607220506,   5.093,9999.000,9999.000,9999.000,9999.000,9999.000,9999.000,9999.000,9999.000
202607220512,   4.955,9999.000,9999.000,9999.000,9999.000,9999.000,9999.000,9999.000,9999.000
202607220518,   4.816,9999.000,9999.000,9999.000,9999.000,9999.000,9999.000,9999.000,9999.000
202607220524,   4.676,9999.000,9999.000,9999.000,9999.000,9999.000,9999.000,9999.000,9999.000
202607220530,   4.535,9999.000,9999.000,9999.000,9999.000,9999.000,9999.000,9999.000,9999.000
202607220536,   4.392,9999.000,9999.000,9999.000,9999.000,9999.000,9999.000,9999.000,9999.000
202607220542,   4.249,9999.000,9999.000,9999.000,9999.000,9999.000,9999.000,9999.000,9999.000
202607220548,   4.105,9999.000,9999.000,9999.000,9999.000,9999.000,9999.000,9999.000,9999.000
202607220554,   3.961,9999.000,9999.000,9999.000,9999.000,9999.000,9999.000,9999.000,9999.000
202607220600,   3.817,9999.000,   0.300,  -0.102,   4.015,   0.200,   3.915,   0.300,   4.015
202607220606,   3.673,9999.000,9999.000,9999.000,9999.000,9999.000,9999.000,9999.000,9999.000
202607220612,   3.529,9999.000,9999.000,9999.000,9999.000,9999.000,9999.000,9999.000,9999.000
202607220618,   3.385,9999.000,9999.000,9999.000,9999.000,9999.000,9999.000,9999.000,9999.000
202607220624,   3.243,9999.000,9999.000,9999.000,9999.000,9999.000,9999.000,9999.000,9999.000
202607220630,   3.102,9999.000,9999.000,9999.000,9999.000,9999.000,9999.000,9999.000,9999.000
202607220636,   2.962,9999.000,9999.000,9999.000,9999.000,9999.000,9999.000,9999.000,9999.000
202607220642,   2.825,9999.000,9999.000,9999.000,9999.000,9999.000,9999.000,9999.000,9999.000
202607220648,   2.691,9999.000,9999.000,9999.000,9999.000,9999.000,9999.000,9999.000,9999.000
202607220654,   2.559,9999.000,9999.000,9999.000,9999.000,9999.000,9999.000,9999.000,9999.000
202607220700,   2.431,9999.000,   0.300,  -0.102,   2.629,   0.200,   2.529,   0.300,   2.629
202607220706,   2.307,9999.000,9999.000,9999.000,9999.000,9999.000,9999.000,9999.000,9999.000
202607220712,   2.188,9999.000,9999.000,9999.000,9999.000,9999.000,9999.000,9999.000,9999.000
202607220718,   2.073,9999.000,9999.000,9999.000,9999.000,9999.000,9999.000,9999.000,9999.000
202607220724,   1.964,9999.000,9999.000,9999.000,9999.000,9999.000,9999.000,9999.000,9999.000
202607220730,   1.860,9999.000,9999.000,9999.000,9999.000,9999.000,9999.000,9999.000,9999.000
202607220736,   1.763,9999.000,9999.000,9999.000,9999.000,9999.000,9999.000,9999.000,9999.000
202607220742,   1.672,9999.000,9999.000,9999.000,9999.000,9999.000,9999.000,9999.000,9999.000
202607220748,   1.587,9999.000,9999.000,9999.000,9999.000,9999.000,9999.000,9999.000,9999.000
202607220754,   1.510,9999.000,9999.000,9999.000,9999.000,9999.000,9999.000,9999.000,9999.000
202607220800,   1.440,9999.000,   0.300,  -0.102,   1.638,   0.200,   1.538,   0.300,   1.638
202607220806,   1.377,9999.000,9999.000,9999.000,9999.000,9999.000,9999.000,9999.000,9999.000
202607220812,   1.321,9999.000,9999.000,9999.000,9999.000,9999.000,9999.000,9999.000,9999.000
202607220818,   1.274,9999.000,9999.000,9999.000,9999.000,9999.000,9999.000,9999.000,9999.000
202607220824,   1.233,9999.000,9999.000,9999.000,9999.000,9999.000,9999.000,9999.000,9999.000
202607220830,   1.200,9999.000,9999.000,9999.000,9999.000,9999.000,9999.000,9999.000,9999.000
202607220836,   1.175,9999.000,9999.000,9999.000,9999.000,9999.000,9999.000,9999.000,9999.000
202607220842,   1.157,9999.000,9999.000,9999.000,9999.000,9999.000,9999.000,9999.000,9999.000
202607220848,   1.146,9999.000,9999.000,9999.000,9999.000,9999.000,9999.000,9999.000,9999.000
202607220854,   1.142,9999.000,9999.000,9999.000,9999.000,9999.000,9999.000,9999.000,9999.000
202607220900,   1.144,9999.000,   0.300,  -0.102,   1.342,   0.200,   1.242,   0.300,   1.342
202607220906,   1.153,9999.000,9999.000,9999.000,9999.000,9999.000,9999.000,9999.000,9999.000
202607220912,   1.168,9999.000,9999.000,9999.000,9999.000,9999.000,9999.000,9999.000,9999.000
202607220918,   1.189,9999.000,9999.000,9999.000,9999.000,9999.000,9999.000,9999.000,9999.000
202607220924,   1.215,9999.000,9999.000,9999.000,9999.000,9999.000,9999.000,9999.000,9999.000
202607220930,   1.247,9999.000,9999.000,9999.000,9999.000,9999.000,9999.000,9999.000,9999.000
202607220936,   1.283,9999.000,9999.000,9999.000,9999.000,9999.000,9999.000,9999.000,9999.000
202607220942,   1.325,9999.000,9999.000,9999.000,9999.000,9999.000,9999.000,9999.000,9999.000
202607220948,   1.370,9999.000,9999.000,9999.000,9999.000,9999.000,9999.000,9999.000,9999.000
202607220954,   1.420,9999.000,9999.000,9999.000,9999.000,9999.000,9999.000,9999.000,9999.000
202607221000,   1.473,9999.000,   0.300,  -0.102,   1.671,   0.200,   1.571,   0.300,   1.671
202607221006,   1.530,9999.000,9999.000,9999.000,9999.000,9999.000,9999.000,9999.000,9999.000
202607221012,   1.591,9999.000,9999.000,9999.000,9999.000,9999.000,9999.000,9999.000,9999.000
202607221018,   1.654,9999.000,9999.000,9999.000,9999.000,9999.000,9999.000,9999.000,9999.000
202607221024,   1.721,9999.000,9999.000,9999.000,9999.000,9999.000,9999.000,9999.000,9999.000
202607221030,   1.790,9999.000,9999.000,9999.000,9999.000,9999.000,9999.000,9999.000,9999.000
202607221036,   1.862,9999.000,9999.000,9999.000,9999.000,9999.000,9999.000,9999.000,9999.000
202607221042,   1.937,9999.000,9999.000,9999.000,9999.000,9999.000,9999.000,9999.000,9999.000
202607221048,   2.014,9999.000,9999.000,9999.000,9999.000,9999.000,9999.000,9999.000,9999.000
202607221054,   2.093,9999.000,9999.000,9999.000,9999.000,9999.000,9999.000,9999.000,9999.000
202607221100,   2.174,9999.000,   0.300,  -0.102,   2.372,   0.200,   2.272,   0.300,   2.372
202607221106,   2.257,9999.000,9999.000,9999.000,9999.000,9999.000,9999.000,9999.000,9999.000
202607221112,   2.341,9999.000,9999.000,9999.000,9999.000,9999.000,9999.000,9999.000,9999.000
202607221118,   2.428,9999.000,9999.000,9999.000,9999.000,9999.000,9999.000,9999.000,9999.000
202607221124,   2.516,9999.000,9999.000,9999.000,9999.000,9999.000,9999.000,9999.000,9999.000
202607221130,   2.605,9999.000,9999.000,9999.000,9999.000,9999.000,9999.000,9999.000,9999.000
202607221136,   2.696,9999.000,9999.000,9999.000,9999.000,9999.000,9999.000,9999.000,9999.000
202607221142,   2.788,9999.000,9999.000,9999.000,9999.000,9999.000,9999.000,9999.000,9999.000
202607221148,   2.880,9999.000,9999.000,9999.000,9999.000,9999.000,9999.000,9999.000,9999.000
202607221154,   2.974,9999.000,9999.000,9999.000,9999.000,9999.000,9999.000,9999.000,9999.000
202607221200,   3.068,9999.000,   0.300,  -0.102,   3.266,   0.200,   3.166,   0.300,   3.266
202607221206,   3.162,9999.000,9999.000,9999.000,9999.000,9999.000,9999.000,9999.000,9999.000
202607221212,   3.257,9999.000,9999.000,9999.000,9999.000,9999.000,9999.000,9999.000,9999.000
202607221218,   3.351,9999.000,9999.000,9999.000,9999.000,9999.000,9999.000,9999.000,9999.000
202607221224,   3.446,9999.000,9999.000,9999.000,9999.000,9999.000,9999.000,9999.000,9999.000
202607221230,   3.539,9999.000,9999.000,9999.000,9999.000,9999.000,9999.000,9999.000,9999.000
202607221236,   3.632,9999.000,9999.000,9999.000,9999.000,9999.000,9999.000,9999.000,9999.000
202607221242,   3.724,9999.000,9999.000,9999.000,9999.000,9999.000,9999.000,9999.000,9999.000
202607221248,   3.814,9999.000,9999.000,9999.000,9999.000,9999.000,9999.000,9999.000,9999.000
202607221254,   3.903,9999.000,9999.000,9999.000,9999.000,9999.000,9999.000,9999.000,9999.000
202607221300,   3.991,9999.000,   0.300,  -0.102,   4.189,   0.200,   4.089,   0.300,   4.189
202607221306,   4.076,9999.000,9999.000,9999.000,9999.000,9999.000,9999.000,9999.000,9999.000
202607221312,   4.158,9999.000,9999.000,9999.000,9999.000,9999.000,9999.000,9999.000,9999.000
202607221318,   4.238,9999.000,9999.000,9999.000,9999.000,9999.000,9999.000,9999.000,9999.000
202607221324,   4.315,9999.000,9999.000,9999.000,9999.000,9999.000,9999.000,9999.000,9999.000
202607221330,   4.389,9999.000,9999.000,9999.000,9999.000,9999.000,9999.000,9999.000,9999.000
202607221336,   4.460,9999.000,9999.000,9999.000,9999.000,9999.000,9999.000,9999.000,9999.000
202607221342,   4.527,9999.000,9999.000,9999.000,9999.000,9999.000,9999.000,9999.000,9999.000
202607221348,   4.590,9999.000,9999.000,9999.000,9999.000,9999.000,9999.000,9999.000,9999.000
202607221354,   4.649,9999.000,9999.000,9999.000,9999.000,9999.000,9999.000,9999.000,9999.000
202607221400,   4.703,9999.000,   0.300,  -0.102,   4.901,   0.200,   4.801,   0.300,   4.901
202607221406,   4.754,9999.000,9999.000,9999.000,9999.000,9999.000,9999.000,9999.000,9999.000
202607221412,   4.799,9999.000,9999.000,9999.000,9999.000,9999.000,9999.000,9999.000,9999.000
202607221418,   4.840,9999.000,9999.000,9999.000,9999.000,9999.000,9999.000,9999.000,9999.000
202607221424,   4.876,9999.000,9999.000,9999.000,9999.000,9999.000,9999.000,9999.000,9999.000
202607221430,   4.907,9999.000,9999.000,9999.000,9999.000,9999.000,9999.000,9999.000,9999.000
202607221436,   4.933,9999.000,9999.000,9999.000,9999.000,9999.000,9999.000,9999.000,9999.000
202607221442,   4.954,9999.000,9999.000,9999.000,9999.000,9999.000,9999.000,9999.000,9999.000
202607221448,   4.970,9999.000,9999.000,9999.000,9999.000,9999.000,9999.000,9999.000,9999.000
202607221454,   4.980,9999.000,9999.000,9999.000,9999.000,9999.000,9999.000,9999.000,9999.000
202607221500,   4.986,9999.000,   0.300,  -0.102,   5.184,   0.300,   5.184,   0.300,   5.184
202607221506,   4.987,9999.000,9999.000,9999.000,9999.000,9999.000,9999.000,9999.000,9999.000
202607221512,   4.984,9999.000,9999.000,9999.000,9999.000,9999.000,9999.000,9999.000,9999.000
202607221518,   4.975,9999.000,9999.000,9999.000,9999.000,9999.000,9999.000,9999.000,9999.000
202607221524,   4.962,9999.000,9999.000,9999.000,9999.000,9999.000,9999.000,9999.000,9999.000
202607221530,   4.945,9999.000,9999.000,9999.000,9999.000,9999.000,9999.000,9999.000,9999.000
202607221536,   4.924,9999.000,9999.000,9999.000,9999.000,9999.000,9999.000,9999.000,9999.000
202607221542,   4.899,9999.000,9999.000,9999.000,9999.000,9999.000,9999.000,9999.000,9999.000
202607221548,   4.871,9999.000,9999.000,9999.000,9999.000,9999.000,9999.000,9999.000,9999.000
202607221554,   4.839,9999.000,9999.000,9999.000,9999.000,9999.000,9999.000,9999.000,9999.000
202607221600,   4.805,9999.000,   0.300,  -0.102,   5.003,   0.300,   5.003,   0.300,   5.003
202607221606,   4.767,9999.000,9999.000,9999.000,9999.000,9999.000,9999.000,9999.000,9999.000
202607221612,   4.728,9999.000,9999.000,9999.000,9999.000,9999.000,9999.000,9999.000,9999.000
202607221618,   4.686,9999.000,9999.000,9999.000,9999.000,9999.000,9999.000,9999.000,9999.000
202607221624,   4.642,9999.000,9999.000,9999.000,9999.000,9999.000,9999.000,9999.000,9999.000
202607221630,   4.596,9999.000,9999.000,9999.000,9999.000,9999.000,9999.000,9999.000,9999.000
202607221636,   4.549,9999.000,9999.000,9999.000,9999.000,9999.000,9999.000,9999.000,9999.000
202607221642,   4.501,9999.000,9999.000,9999.000,9999.000,9999.000,9999.000,9999.000,9999.000
202607221648,   4.452,9999.000,9999.000,9999.000,9999.000,9999.000,9999.000,9999.000,9999.000
202607221654,   4.402,9999.000,9999.000,9999.000,9999.000,9999.000,9999.000,9999.000,9999.000
202607221700,   4.351,9999.000,   0.300,  -0.102,   4.549,   0.300,   4.549,   0.300,   4.549
202607221706,   4.299,9999.000,9999.000,9999.000,9999.000,9999.000,9999.000,9999.000,9999.000
202607221712,   4.247,9999.000,9999.000,9999.000,9999.000,9999.000,9999.000,9999.000,9999.000
202607221718,   4.194,9999.000,9999.000,9999.000,9999.000,9999.000,9999.000,9999.000,9999.000
202607221724,   4.141,9999.000,9999.000,9999.000,9999.000,9999.000,9999.000,9999.000,9999.000
202607221730,   4.088,9999.000,9999.000,9999.000,9999.000,9999.000,9999.000,9999.000,9999.000
202607221736,   4.034,9999.000,9999.000,9999.000,9999.000,9999.000,9999.000,9999.000,9999.000
202607221742,   3.981,9999.000,9999.000,9999.000,9999.000,9999.000,9999.000,9999.000,9999.000
202607221748,   3.926,9999.000,9999.000,9999.000,9999.000,9999.000,9999.000,9999.000,9999.000
202607221754,   3.872,9999.000,9999.000,9999.000,9999.000,9999.000,9999.000,9999.000,9999.000
202607221800,   3.817,9999.000,   0.300,  -0.102,   4.015,   0.300,   4.015,   0.300,   4.015
202607221806,   3.762,9999.000,9999.000,9999.000,9999.000,9999.000,9999.000,9999.000,9999.000
202607221812,   3.707,9999.000,9999.000,9999.000,9999.000,9999.000,9999.000,9999.000,9999.000
202607221818,   3.652,9999.000,9999.000,9999.000,9999.000,9999.000,9999.000,9999.000,9999.000
202607221824,   3.598,9999.000,9999.000,9999.000,9999.000,9999.000,9999.000,9999.000,9999.000
202607221830,   3.543,9999.000,9999.000,9999.000,9999.000,9999.000,9999.000,9999.000,9999.000
202607221836,   3.489,9999.000,9999.000,9999.000,9999.000,9999.000,9999.000,9999.000,9999.000
202607221842,   3.435,9999.000,9999.000,9999.000,9999.000,9999.000,9999.000,9999.000,9999.000
202607221848,   3.382,9999.000,9999.000,9999.000,9999.000,9999.000,9999.000,9999.000,9999.000
202607221854,   3.331,9999.000,9999.000,9999.000,9999.000,9999.000,9999.000,9999.000,9999.000
202607221900,   3.280,9999.000,   0.300,  -0.102,   3.478,   0.300,   3.478,   0.400,   3.578
202607221906,   3.232,9999.000,9999.000,9999.000,9999.000,9999.000,9999.000,9999.000,9999.000
202607221912,   3.185,9999.000,9999.000,9999.000,9999.000,9999.000,9999.000,9999.000,9999.000
202607221918,   3.141,9999.000,9999.000,9999.000,9999.000,9999.000,9999.000,9999.000,9999.000
202607221924,   3.100,9999.000,9999.000,9999.000,9999.000,9999.000,9999.000,9999.000,9999.000
202607221930,   3.061,9999.000,9999.000,9999.000,9999.000,9999.000,9999.000,9999.000,9999.000
202607221936,   3.026,9999.000,9999.000,9999.000,9999.000,9999.000,9999.000,9999.000,9999.000
202607221942,   2.995,9999.000,9999.000,9999.000,9999.000,9999.000,9999.000,9999.000,9999.000
202607221948,   2.968,9999.000,9999.000,9999.000,9999.000,9999.000,9999.000,9999.000,9999.000
202607221954,   2.946,9999.000,9999.000,9999.000,9999.000,9999.000,9999.000,9999.000,9999.000
202607222000,   2.928,9999.000,   0.300,  -0.102,   3.126,   0.300,   3.126,   0.400,   3.226
202607222006,   2.916,9999.000,9999.000,9999.000,9999.000,9999.000,9999.000,9999.000,9999.000
202607222012,   2.909,9999.000,9999.000,9999.000,9999.000,9999.000,9999.000,9999.000,9999.000
202607222018,   2.907,9999.000,9999.000,9999.000,9999.000,9999.000,9999.000,9999.000,9999.000
202607222024,   2.911,9999.000,9999.000,9999.000,9999.000,9999.000,9999.000,9999.000,9999.000
202607222030,   2.921,9999.000,9999.000,9999.000,9999.000,9999.000,9999.000,9999.000,9999.000
202607222036,   2.936,9999.000,9999.000,9999.000,9999.000,9999.000,9999.000,9999.000,9999.000
202607222042,   2.958,9999.000,9999.000,9999.000,9999.000,9999.000,9999.000,9999.000,9999.000
202607222048,   2.985,9999.000,9999.000,9999.000,9999.000,9999.000,9999.000,9999.000,9999.000
202607222054,   3.018,9999.000,9999.000,9999.000,9999.000,9999.000,9999.000,9999.000,9999.000
202607222100,   3.057,9999.000,   0.300,  -0.102,   3.255,   0.300,   3.255,   0.400,   3.355
202607222106,   3.101,9999.000,9999.000,9999.000,9999.000,9999.000,9999.000,9999.000,9999.000
202607222112,   3.150,9999.000,9999.000,9999.000,9999.000,9999.000,9999.000,9999.000,9999.000
202607222118,   3.205,9999.000,9999.000,9999.000,9999.000,9999.000,9999.000,9999.000,9999.000
202607222124,   3.264,9999.000,9999.000,9999.000,9999.000,9999.000,9999.000,9999.000,9999.000
202607222130,   3.328,9999.000,9999.000,9999.000,9999.000,9999.000,9999.000,9999.000,9999.000
202607222136,   3.396,9999.000,9999.000,9999.000,9999.000,9999.000,9999.000,9999.000,9999.000
202607222142,   3.468,9999.000,9999.000,9999.000,9999.000,9999.000,9999.000,9999.000,9999.000
202607222148,   3.543,9999.000,9999.000,9999.000,9999.000,9999.000,9999.000,9999.000,9999.000
202607222154,   3.622,9999.000,9999.000,9999.000,9999.000,9999.000,9999.000,9999.000,9999.000
202607222200,   3.704,9999.000,   0.300,  -0.102,   3.902,   0.300,   3.902,   0.400,   4.002
202607222206,   3.789,9999.000,9999.000,9999.000,9999.000,9999.000,9999.000,9999.000,9999.000
202607222212,   3.876,9999.000,9999.000,9999.000,9999.000,9999.000,9999.000,9999.000,9999.000
202607222218,   3.966,9999.000,9999.000,9999.000,9999.000,9999.000,9999.000,9999.000,9999.000
202607222224,   4.057,9999.000,9999.000,9999.000,9999.000,9999.000,9999.000,9999.000,9999.000
202607222230,   4.150,9999.000,9999.000,9999.000,9999.000,9999.000,9999.000,9999.000,9999.000
202607222236,   4.244,9999.000,9999.000,9999.000,9999.000,9999.000,9999.000,9999.000,9999.000
202607222242,   4.340,9999.000,9999.000,9999.000,9999.000,9999.000,9999.000,9999.000,9999.000
202607222248,   4.437,9999.000,9999.000,9999.000,9999.000,9999.000,9999.000,9999.000,9999.000
202607222254,   4.535,9999.000,9999.000,9999.000,9999.000,9999.000,9999.000,9999.000,9999.000
202607222300,   4.634,9999.000,   0.300,  -0.102,   4.832,   0.300,   4.832,   0.400,   4.932
202607222306,   4.733,9999.000,9999.000,9999.000,9999.000,9999.000,9999.000,9999.000,9999.000
202607222312,   4.833,9999.000,9999.000,9999.000,9999.000,9999.000,9999.000,9999.000,9999.000
202607222318,   4.933,9999.000,9999.000,9999.000,9999.000,9999.000,9999.000,9999.000,9999.000
202607222324,   5.034,9999.000,9999.000,9999.000,9999.000,9999.000,9999.000,9999.000,9999.000
202607222330,   5.135,9999.000,9999.000,9999.000,9999.000,9999.000,9999.000,9999.000,9999.000
202607222336,   5.236,9999.000,9999.000,9999.000,9999.000,9999.000,9999.000,9999.000,9999.000
202607222342,   5.338,9999.000,9999.000,9999.000,9999.000,9999.000,9999.000,9999.000,9999.000
202607222348,   5.439,9999.000,9999.000,9999.000,9999.000,9999.000,9999.000,9999.000,9999.000
202607222354,   5.540,9999.000,9999.000,9999.000,9999.000,9999.000,9999.000,9999.000,9999.000
202607230000,   5.640,9999.000,   0.300,  -0.102,   5.838,   0.300,   5.838,   0.400,   5.938
202607230006,   5.741,9999.000,9999.000,9999.000,9999.000,9999.000,9999.000,9999.000,9999.000
202607230012,   5.840,9999.000,9999.000,9999.000,9999.000,9999.000,9999.000,9999.000,9999.000
202607230018,   5.940,9999.000,9999.000,9999.000,9999.000,9999.000,9999.000,9999.000,9999.000
202607230024,   6.038,9999.000,9999.000,9999.000,9999.000,9999.000,9999.000,9999.000,9999.000
202607230030,   6.135,9999.000,9999.000,9999.000,9999.000,9999.000,9999.000,9999.000,9999.000
202607230036,   6.231,9999.000,9999.000,9999.000,9999.000,9999.000,9999.000,9999.000,9999.000
202607230042,   6.325,9999.000,9999.000,9999.000,9999.000,9999.000,9999.000,9999.000,9999.000
202607230048,   6.418,9999.000,9999.000,9999.000,9999.000,9999.000,9999.000,9999.000,9999.000
202607230054,   6.509,9999.000,9999.000,9999.000,9999.000,9999.000,9999.000,9999.000,9999.000
202607230100,   6.598,9999.000,   0.400,  -0.102,   6.896,   0.300,   6.796,   0.400,   6.896
202607230106,   6.685,9999.000,9999.000,9999.000,9999.000,9999.000,9999.000,9999.000,9999.000
202607230112,   6.769,9999.000,9999.000,9999.000,9999.000,9999.000,9999.000,9999.000,9999.000
202607230118,   6.850,9999.000,9999.000,9999.000,9999.000,9999.000,9999.000,9999.000,9999.000
202607230124,   6.929,9999.000,9999.000,9999.000,9999.000,9999.000,9999.000,9999.000,9999.000
202607230130,   7.004,9999.000,9999.000,9999.000,9999.000,9999.000,9999.000,9999.000,9999.000
202607230136,   7.075,9999.000,9999.000,9999.000,9999.000,9999.000,9999.000,9999.000,9999.000
202607230142,   7.142,9999.000,9999.000,9999.000,9999.000,9999.000,9999.000,9999.000,9999.000
202607230148,   7.206,9999.000,9999.000,9999.000,9999.000,9999.000,9999.000,9999.000,9999.000
202607230154,   7.265,9999.000,9999.000,9999.000,9999.000,9999.000,9999.000,9999.000,9999.000
202607230200,   7.319,9999.000,   0.400,  -0.102,   7.617,   0.300,   7.517,   0.400,   7.617
202607230206,   7.369,9999.000,9999.000,9999.000,9999.000,9999.000,9999.000,9999.000,9999.000
202607230212,   7.413,9999.000,9999.000,9999.000,9999.000,9999.000,9999.000,9999.000,9999.000
202607230218,   7.453,9999.000,9999.000,9999.000,9999.000,9999.000,9999.000,9999.000,9999.000
202607230224,   7.486,9999.000,9999.000,9999.000,9999.000,9999.000,9999.000,9999.000,9999.000
202607230230,   7.514,9999.000,9999.000,9999.000,9999.000,9999.000,9999.000,9999.000,9999.000
202607230236,   7.536,9999.000,9999.000,9999.000,9999.000,9999.000,9999.000,9999.000,9999.000
202607230242,   7.552,9999.000,9999.000,9999.000,9999.000,9999.000,9999.000,9999.000,9999.000
202607230248,   7.562,9999.000,9999.000,9999.000,9999.000,9999.000,9999.000,9999.000,9999.000
202607230254,   7.565,9999.000,9999.000,9999.000,9999.000,9999.000,9999.000,9999.000,9999.000
202607230300,   7.562,9999.000,   0.400,  -0.102,   7.860,   0.300,   7.760,   0.400,   7.860
202607230306,   7.553,9999.000,9999.000,9999.000,9999.000,9999.000,9999.000,9999.000,9999.000
202607230312,   7.537,9999.000,9999.000,9999.000,9999.000,9999.000,9999.000,9999.000,9999.000
202607230318,   7.514,9999.000,9999.000,9999.000,9999.000,9999.000,9999.000,9999.000,9999.000
202607230324,   7.485,9999.000,9999.000,9999.000,9999.000,9999.000,9999.000,9999.000,9999.000
202607230330,   7.450,9999.000,9999.000,9999.000,9999.000,9999.000,9999.000,9999.000,9999.000
202607230336,   7.409,9999.000,9999.000,9999.000,9999.000,9999.000,9999.000,9999.000,9999.000
202607230342,   7.361,9999.000,9999.000,9999.000,9999.000,9999.000,9999.000,9999.000,9999.000
202607230348,   7.307,9999.000,9999.000,9999.000,9999.000,9999.000,9999.000,9999.000,9999.000
202607230354,   7.247,9999.000,9999.000,9999.000,9999.000,9999.000,9999.000,9999.000,9999.000
202607230400,   7.182,9999.000,   0.400,  -0.102,   7.480,   0.300,   7.380,   0.400,   7.480
202607230406,   7.111,9999.000,9999.000,9999.000,9999.000,9999.000,9999.000,9999.000,9999.000
202607230412,   7.035,9999.000,9999.000,9999.000,9999.000,9999.000,9999.000,9999.000,9999.000
202607230418,   6.953,9999.000,9999.000,9999.000,9999.000,9999.000,9999.000,9999.000,9999.000
202607230424,   6.868,9999.000,9999.000,9999.000,9999.000,9999.000,9999.000,9999.000,9999.000
202607230430,   6.777,9999.000,9999.000,9999.000,9999.000,9999.000,9999.000,9999.000,9999.000
202607230436,   6.682,9999.000,9999.000,9999.000,9999.000,9999.000,9999.000,9999.000,9999.000
202607230442,   6.584,9999.000,9999.000,9999.000,9999.000,9999.000,9999.000,9999.000,9999.000
202607230448,   6.481,9999.000,9999.000,9999.000,9999.000,9999.000,9999.000,9999.000,9999.000
202607230454,   6.376,9999.000,9999.000,9999.000,9999.000,9999.000,9999.000,9999.000,9999.000
202607230500,   6.266,9999.000,   0.400,  -0.102,   6.564,   0.300,   6.464,   0.400,   6.564
202607230506,   6.154,9999.000,9999.000,9999.000,9999.000,9999.000,9999.000,9999.000,9999.000
202607230512,   6.039,9999.000,9999.000,9999.000,9999.000,9999.000,9999.000,9999.000,9999.000
202607230518,   5.922,9999.000,9999.000,9999.000,9999.000,9999.000,9999.000,9999.000,9999.000
202607230524,   5.801,9999.000,9999.000,9999.000,9999.000,9999.000,9999.000,9999.000,9999.000
202607230530,   5.679,9999.000,9999.000,9999.000,9999.000,9999.000,9999.000,9999.000,9999.000
202607230536,   5.554,9999.000,9999.000,9999.000,9999.000,9999.000,9999.000,9999.000,9999.000
202607230542,   5.427,9999.000,9999.000,9999.000,9999.000,9999.000,9999.000,9999.000,9999.000
202607230548,   5.298,9999.000,9999.000,9999.000,9999.000,9999.000,9999.000,9999.000,9999.000
202607230554,   5.167,9999.000,9999.000,9999.000,9999.000,9999.000,9999.000,9999.000,9999.000
202607230600,   5.035,9999.000,   0.400,  -0.102,   5.333,   0.300,   5.233,   0.400,   5.333
202607230606,   4.900,9999.000,9999.000,9999.000,9999.000,9999.000,9999.000,9999.000,9999.000
202607230612,   4.764,9999.000,9999.000,9999.000,9999.000,9999.000,9999.000,9999.000,9999.000
202607230618,   4.626,9999.000,9999.000,9999.000,9999.000,9999.000,9999.000,9999.000,9999.000
202607230624,   4.486,9999.000,9999.000,9999.000,9999.000,9999.000,9999.000,9999.000,9999.000
202607230630,   4.345,9999.000,9999.000,9999.000,9999.000,9999.000,9999.000,9999.000,9999.000
202607230636,   4.203,9999.000,9999.000,9999.000,9999.000,9999.000,9999.000,9999.000,9999.000
202607230642,   4.060,9999.000,9999.000,9999.000,9999.000,9999.000,9999.000,9999.000,9999.000
202607230648,   3.915,9999.000,9999.000,9999.000,9999.000,9999.000,9999.000,9999.000,9999.000
202607230654,   3.770,9999.000,9999.000,9999.000,9999.000,9999.000,9999.000,9999.000,9999.000
202607230700,   3.625,9999.000,   0.400,  -0.102,   3.923,   0.300,   3.823,   0.400,   3.923
202607230706,   3.479,9999.000,9999.000,9999.000,9999.000,9999.000,9999.000,9999.000,9999.000
202607230712,   3.334,9999.000,9999.000,9999.000,9999.000,9999.000,9999.000,9999.000,9999.000
202607230718,   3.188,9999.000,9999.000,9999.000,9999.000,9999.000,9999.000,9999.000,9999.000
202607230724,   3.044,9999.000,9999.000,9999.000,9999.000,9999.000,9999.000,9999.000,9999.000
202607230730,   2.901,9999.000,9999.000,9999.000,9999.000,9999.000,9999.000,9999.000,9999.000
202607230736,   2.760,9999.000,9999.000,9999.000,9999.000,9999.000,9999.000,9999.000,9999.000
202607230742,   2.621,9999.000,9999.000,9999.000,9999.000,9999.000,9999.000,9999.000,9999.000
202607230748,   2.484,9999.000,9999.000,9999.000,9999.000,9999.000,9999.000,9999.000,9999.000
202607230754,   2.351,9999.000,9999.000,9999.000,9999.000,9999.000,9999.000,9999.000,9999.000
202607230800,   2.221,9999.000,   0.400,  -0.102,   2.519,   0.300,   2.419,   0.400,   2.519
202607230806,   2.095,9999.000,9999.000,9999.000,9999.000,9999.000,9999.000,9999.000,9999.000
202607230812,   1.974,9999.000,9999.000,9999.000,9999.000,9999.000,9999.000,9999.000,9999.000
202607230818,   1.857,9999.000,9999.000,9999.000,9999.000,9999.000,9999.000,9999.000,9999.000
202607230824,   1.747,9999.000,9999.000,9999.000,9999.000,9999.000,9999.000,9999.000,9999.000
202607230830,   1.641,9999.000,9999.000,9999.000,9999.000,9999.000,9999.000,9999.000,9999.000
202607230836,   1.542,9999.000,9999.000,9999.000,9999.000,9999.000,9999.000,9999.000,9999.000
202607230842,   1.450,9999.000,9999.000,9999.000,9999.000,9999.000,9999.000,9999.000,9999.000
202607230848,   1.364,9999.000,9999.000,9999.000,9999.000,9999.000,9999.000,9999.000,9999.000
202607230854,   1.285,9999.000,9999.000,9999.000,9999.000,9999.000,9999.000,9999.000,9999.000
202607230900,   1.213,9999.000,   0.400,  -0.102,   1.511,   0.300,   1.411,   0.400,   1.511
202607230906,   1.148,9999.000,9999.000,9999.000,9999.000,9999.000,9999.000,9999.000,9999.000
202607230912,   1.091,9999.000,9999.000,9999.000,9999.000,9999.000,9999.000,9999.000,9999.000
202607230918,   1.041,9999.000,9999.000,9999.000,9999.000,9999.000,9999.000,9999.000,9999.000
202607230924,   0.998,9999.000,9999.000,9999.000,9999.000,9999.000,9999.000,9999.000,9999.000
202607230930,   0.963,9999.000,9999.000,9999.000,9999.000,9999.000,9999.000,9999.000,9999.000
202607230936,   0.934,9999.000,9999.000,9999.000,9999.000,9999.000,9999.000,9999.000,9999.000
202607230942,   0.913,9999.000,9999.000,9999.000,9999.000,9999.000,9999.000,9999.000,9999.000
202607230948,   0.898,9999.000,9999.000,9999.000,9999.000,9999.000,9999.000,9999.000,9999.000
202607230954,   0.890,9999.000,9999.000,9999.000,9999.000,9999.000,9999.000,9999.000,9999.000
202607231000,   0.889,9999.000,   0.400,  -0.102,   1.187,   0.400,   1.187,   0.500,   1.287
202607231006,   0.893,9999.000,9999.000,9999.000,9999.000,9999.000,9999.000,9999.000,9999.000
202607231012,   0.904,9999.000,9999.000,9999.000,9999.000,9999.000,9999.000,9999.000,9999.000
202607231018,   0.919,9999.000,9999.000,9999.000,9999.000,9999.000,9999.000,9999.000,9999.000
202607231024,   0.941,9999.000,9999.000,9999.000,9999.000,9999.000,9999.000,9999.000,9999.000
202607231030,   0.967,9999.000,9999.000,9999.000,9999.000,9999.000,9999.000,9999.000,9999.000
202607231036,   0.998,9999.000,9999.000,9999.000,9999.000,9999.000,9999.000,9999.000,9999.000
202607231042,   1.034,9999.000,9999.000,9999.000,9999.000,9999.000,9999.000,9999.000,9999.000
202607231048,   1.074,9999.000,9999.000,9999.000,9999.000,9999.000,9999.000,9999.000,9999.000
202607231054,   1.118,9999.000,9999.000,9999.000,9999.000,9999.000,9999.000,9999.000,9999.000
202607231100,   1.166,9999.000,   0.400,  -0.102,   1.464,   0.400,   1.464,   0.500,   1.564
202607231106,   1.217,9999.000,9999.000,9999.000,9999.000,9999.000,9999.000,9999.000,9999.000
202607231112,   1.273,9999.000,9999.000,9999.000,9999.000,9999.000,9999.000,9999.000,9999.000
202607231118,   1.331,9999.000,9999.000,9999.000,9999.000,9999.000,9999.000,9999.000,9999.000
202607231124,   1.393,9999.000,9999.000,9999.000,9999.000,9999.000,9999.000,9999.000,9999.000
202607231130,   1.458,9999.000,9999.000,9999.000,9999.000,9999.000,9999.000,9999.000,9999.000
202607231136,   1.526,9999.000,9999.000,9999.000,9999.000,9999.000,9999.000,9999.000,9999.000
202607231142,   1.596,9999.000,9999.000,9999.000,9999.000,9999.000,9999.000,9999.000,9999.000
202607231148,   1.670,9999.000,9999.000,9999.000,9999.000,9999.000,9999.000,9999.000,9999.000
202607231154,   1.746,9999.000,9999.000,9999.000,9999.000,9999.000,9999.000,9999.000,9999.000
202607231200,   1.824,9999.000,   0.400,  -0.102,   2.122,   0.400,   2.122,   0.500,   2.222
202607231206,   1.905,9999.000,9999.000,9999.000,9999.000,9999.000,9999.000,9999.000,9999.000
202607231212,   1.987,9999.000,9999.000,9999.000,9999.000,9999.000,9999.000,9999.000,9999.000
202607231218,   2.072,9999.000,9999.000,9999.000,9999.000,9999.000,9999.000,9999.000,9999.000
202607231224,   2.159,9999.000,9999.000,9999.000,9999.000,9999.000,9999.000,9999.000,9999.000
202607231230,   2.248,9999.000,9999.000,9999.000,9999.000,9999.000,9999.000,9999.000,9999.000
202607231236,   2.339,9999.000,9999.000,9999.000,9999.000,9999.000,9999.000,9999.000,9999.000
202607231242,   2.431,9999.000,9999.000,9999.000,9999.000,9999.000,9999.000,9999.000,9999.000
202607231248,   2.524,9999.000,9999.000,9999.000,9999.000,9999.000,9999.000,9999.000,9999.000
202607231254,   2.618,9999.000,9999.000,9999.000,9999.000,9999.000,9999.000,9999.000,9999.000
202607231300,   2.714,9999.000,   0.400,  -0.102,   3.012,   0.400,   3.012,   0.500,   3.112
202607231306,   2.810,9999.000,9999.000,9999.000,9999.000,9999.000,9999.000,9999.000,9999.000
202607231312,   2.906,9999.000,9999.000,9999.000,9999.000,9999.000,9999.000,9999.000,9999.000
202607231318,   3.003,9999.000,9999.000,9999.000,9999.000,9999.000,9999.000,9999.000,9999.000
202607231324,   3.100,9999.000,9999.000,9999.000,9999.000,9999.000,9999.000,9999.000,9999.000
202607231330,   3.197,9999.000,9999.000,9999.000,9999.000,9999.000,9999.000,9999.000,9999.000
202607231336,   3.293,9999.000,9999.000,9999.000,9999.000,9999.000,9999.000,9999.000,9999.000
202607231342,   3.388,9999.000,9999.000,9999.000,9999.000,9999.000,9999.000,9999.000,9999.000
202607231348,   3.483,9999.000,9999.000,9999.000,9999.000,9999.000,9999.000,9999.000,9999.000
202607231354,   3.576,9999.000,9999.000,9999.000,9999.000,9999.000,9999.000,9999.000,9999.000
202607231400,   3.668,9999.000,   0.400,  -0.102,   3.966,   0.400,   3.966,   0.500,   4.066
202607231406,   3.758,9999.000,9999.000,9999.000,9999.000,9999.000,9999.000,9999.000,9999.000
202607231412,   3.846,9999.000,9999.000,9999.000,9999.000,9999.000,9999.000,9999.000,9999.000
202607231418,   3.932,9999.000,9999.000,9999.000,9999.000,9999.000,9999.000,9999.000,9999.000
202607231424,   4.015,9999.000,9999.000,9999.000,9999.000,9999.000,9999.000,9999.000,9999.000
202607231430,   4.096,9999.000,9999.000,9999.000,9999.000,9999.000,9999.000,9999.000,9999.000
202607231436,   4.173,9999.000,9999.000,9999.000,9999.000,9999.000,9999.000,9999.000,9999.000
202607231442,   4.247,9999.000,9999.000,9999.000,9999.000,9999.000,9999.000,9999.000,9999.000
202607231448,   4.318,9999.000,9999.000,9999.000,9999.000,9999.000,9999.000,9999.000,9999.000
202607231454,   4.386,9999.000,9999.000,9999.000,9999.000,9999.000,9999.000,9999.000,9999.000
202607231500,   4.449,9999.000,   0.400,  -0.102,   4.747,   0.400,   4.747,   0.500,   4.847
202607231506,   4.509,9999.000,9999.000,9999.000,9999.000,9999.000,9999.000,9999.000,9999.000
202607231512,   4.564,9999.000,9999.000,9999.000,9999.000,9999.000,9999.000,9999.000,9999.000
202607231518,   4.616,9999.000,9999.000,9999.000,9999.000,9999.000,9999.000,9999.000,9999.000
202607231524,   4.663,9999.000,9999.000,9999.000,9999.000,9999.000,9999.000,9999.000,9999.000
202607231530,   4.705,9999.000,9999.000,9999.000,9999.000,9999.000,9999.000,9999.000,9999.000
202607231536,   4.744,9999.000,9999.000,9999.000,9999.000,9999.000,9999.000,9999.000,9999.000
202607231542,   4.778,9999.000,9999.000,9999.000,9999.000,9999.000,9999.000,9999.000,9999.000
202607231548,   4.807,9999.000,9999.000,9999.000,9999.000,9999.000,9999.000,9999.000,9999.000
202607231554,   4.833,9999.000,9999.000,9999.000,9999.000,9999.000,9999.000,9999.000,9999.000
202607231600,   4.854,9999.000,   0.400,  -0.102,   5.152,   0.400,   5.152,   0.500,   5.252
202607231606,   4.871,9999.000,9999.000,9999.000,9999.000,9999.000,9999.000,9999.000,9999.000
202607231612,   4.884,9999.000,9999.000,9999.000,9999.000,9999.000,9999.000,9999.000,9999.000
202607231618,   4.893,9999.000,9999.000,9999.000,9999.000,9999.000,9999.000,9999.000,9999.000
202607231624,   4.898,9999.000,9999.000,9999.000,9999.000,9999.000,9999.000,9999.000,9999.000
202607231630,   4.900,9999.000,9999.000,9999.000,9999.000,9999.000,9999.000,9999.000,9999.000
202607231636,   4.898,9999.000,9999.000,9999.000,9999.000,9999.000,9999.000,9999.000,9999.000
202607231642,   4.894,9999.000,9999.000,9999.000,9999.000,9999.000,9999.000,9999.000,9999.000
202607231648,   4.886,9999.000,9999.000,9999.000,9999.000,9999.000,9999.000,9999.000,9999.000
202607231654,   4.876,9999.000,9999.000,9999.000,9999.000,9999.000,9999.000,9999.000,9999.000
202607231700,   4.864,9999.000,   0.400,  -0.102,   5.162,   0.400,   5.162,   0.500,   5.262
202607231706,   4.849,9999.000,9999.000,9999.000,9999.000,9999.000,9999.000,9999.000,9999.000
202607231712,   4.832,9999.000,9999.000,9999.000,9999.000,9999.000,9999.000,9999.000,9999.000
202607231718,   4.813,9999.000,9999.000,9999.000,9999.000,9999.000,9999.000,9999.000,9999.000
202607231724,   4.793,9999.000,9999.000,9999.000,9999.000,9999.000,9999.000,9999.000,9999.000
202607231730,   4.771,9999.000,9999.000,9999.000,9999.000,9999.000,9999.000,9999.000,9999.000
202607231736,   4.748,9999.000,9999.000,9999.000,9999.000,9999.000,9999.000,9999.000,9999.000
202607231742,   4.723,9999.000,9999.000,9999.000,9999.000,9999.000,9999.000,9999.000,9999.000
202607231748,   4.697,9999.000,9999.000,9999.000,9999.000,9999.000,9999.000,9999.000,9999.000
202607231754,   4.670,9999.000,9999.000,9999.000,9999.000,9999.000,9999.000,9999.000,9999.000
202607231800,   4.642,9999.000,   0.400,  -0.102,   4.940,   0.400,   4.940,   0.500,   5.040
202607231806,   4.613,9999.000,9999.000,9999.000,9999.000,9999.000,9999.000,9999.000,9999.000
202607231812,   4.583,9999.000,9999.000,9999.000,9999.000,9999.000,9999.000,9999.000,9999.000
202607231818,   4.551,9999.000,9999.000,9999.000,9999.000,9999.000,9999.000,9999.000,9999.000
202607231824,   4.519,9999.000,9999.000,9999.000,9999.000,9999.000,9999.000,9999.000,9999.000
202607231830,   4.486,9999.000,9999.000,9999.000,9999.000,9999.000,9999.000,9999.000,9999.000
202607231836,   4.451,9999.000,9999.000,9999.000,9999.000,9999.000,9999.000,9999.000,9999.000
202607231842,   4.415,9999.000,9999.000,9999.000,9999.000,9999.000,9999.000,9999.000,9999.000
202607231848,   4.378,9999.000,9999.000,9999.000,9999.000,9999.000,9999.000,9999.000,9999.000
202607231854,   4.340,9999.000,9999.000,9999.000,9999.000,9999.000,9999.000,9999.000,9999.000
202607231900,   4.301,9999.000,   0.500,  -0.102,   4.699,   0.400,   4.599,   0.500,   4.699
202607231906,   4.260,9999.000,9999.000,9999.000,9999.000,9999.000,9999.000,9999.000,9999.000
202607231912,   4.219,9999.000,9999.000,9999.000,9999.000,9999.000,9999.000,9999.000,9999.000
202607231918,   4.176,9999.000,9999.000,9999.000,9999.000,9999.000,9999.000,9999.000,9999.000
202607231924,   4.133,9999.000,9999.000,9999.000,9999.000,9999.000,9999.000,9999.000,9999.000
202607231930,   4.089,9999.000,9999.000,9999.000,9999.000,9999.000,9999.000,9999.000,9999.000
202607231936,   4.045,9999.000,9999.000,9999.000,9999.000,9999.000,9999.000,9999.000,9999.000
202607231942,   4.001,9999.000,9999.000,9999.000,9999.000,9999.000,9999.000,9999.000,9999.000
202607231948,   3.957,9999.000,9999.000,9999.000,9999.000,9999.000,9999.000,9999.000,9999.000
202607231954,   3.913,9999.000,9999.000,9999.000,9999.000,9999.000,9999.000,9999.000,9999.000
202607232000,   3.870,9999.000,   0.500,  -0.102,   4.268,   0.400,   4.168,   0.500,   4.268
202607232006,   3.828,9999.000,9999.000,9999.000,9999.000,9999.000,9999.000,9999.000,9999.000
202607232012,   3.787,9999.000,9999.000,9999.000,9999.000,9999.000,9999.000,9999.000,9999.000
202607232018,   3.748,9999.000,9999.000,9999.000,9999.000,9999.000,9999.000,9999.000,9999.000
202607232024,   3.712,9999.000,9999.000,9999.000,9999.000,9999.000,9999.000,9999.000,9999.000
202607232030,   3.678,9999.000,9999.000,9999.000,9999.000,9999.000,9999.000,9999.000,9999.000
202607232036,   3.647,9999.000,9999.000,9999.000,9999.000,9999.000,9999.000,9999.000,9999.000
202607232042,   3.620,9999.000,9999.000,9999.000,9999.000,9999.000,9999.000,9999.000,9999.000
202607232048,   3.596,9999.000,9999.000,9999.000,9999.000,9999.000,9999.000,9999.000,9999.000
202607232054,   3.576,9999.000,9999.000,9999.000,9999.000,9999.000,9999.000,9999.000,9999.000
202607232100,   3.561,9999.000,   0.400,  -0.102,   3.859,   0.400,   3.859,   0.500,   3.959
202607232106,   3.550,9999.000,9999.000,9999.000,9999.000,9999.000,9999.000,9999.000,9999.000
202607232112,   3.544,9999.000,9999.000,9999.000,9999.000,9999.000,9999.000,9999.000,9999.000
202607232118,   3.543,9999.000,9999.000,9999.000,9999.000,9999.000,9999.000,9999.000,9999.000
202607232124,   3.547,9999.000,9999.000,9999.000,9999.000,9999.000,9999.000,9999.000,9999.000
202607232130,   3.556,9999.000,9999.000,9999.000,9999.000,9999.000,9999.000,9999.000,9999.000
202607232136,   3.570,9999.000,9999.000,9999.000,9999.000,9999.000,9999.000,9999.000,9999.000
202607232142,   3.589,9999.000,9999.000,9999.000,9999.000,9999.000,9999.000,9999.000,9999.000
202607232148,   3.614,9999.000,9999.000,9999.000,9999.000,9999.000,9999.000,9999.000,9999.000
202607232154,   3.644,9999.000,9999.000,9999.000,9999.000,9999.000,9999.000,9999.000,9999.000
202607232200,   3.679,9999.000,   0.500,  -0.102,   4.077,   0.400,   3.977,   0.500,   4.077
202607232206,   3.718,9999.000,9999.000,9999.000,9999.000,9999.000,9999.000,9999.000,9999.000
202607232212,   3.762,9999.000,9999.000,9999.000,9999.000,9999.000,9999.000,9999.000,9999.000
202607232218,   3.810,9999.000,9999.000,9999.000,9999.000,9999.000,9999.000,9999.000,9999.000
202607232224,   3.862,9999.000,9999.000,9999.000,9999.000,9999.000,9999.000,9999.000,9999.000
202607232230,   3.919,9999.000,9999.000,9999.000,9999.000,9999.000,9999.000,9999.000,9999.000
202607232236,   3.978,9999.000,9999.000,9999.000,9999.000,9999.000,9999.000,9999.000,9999.000
202607232242,   4.041,9999.000,9999.000,9999.000,9999.000,9999.000,9999.000,9999.000,9999.000
202607232248,   4.108,9999.000,9999.000,9999.000,9999.000,9999.000,9999.000,9999.000,9999.000
202607232254,   4.176,9999.000,9999.000,9999.000,9999.000,9999.000,9999.000,9999.000,9999.000
202607232300,   4.248,9999.000,   0.500,  -0.102,   4.646,   0.400,   4.546,   0.500,   4.646
202607232306,   4.322,9999.000,9999.000,9999.000,9999.000,9999.000,9999.000,9999.000,9999.000
202607232312,   4.397,9999.000,9999.000,9999.000,9999.000,9999.000,9999.000,9999.000,9999.000
202607232318,   4.475,9999.000,9999.000,9999.000,9999.000,9999.000,9999.000,9999.000,9999.000
202607232324,   4.554,9999.000,9999.000,9999.000,9999.000,9999.000,9999.000,9999.000,9999.000
202607232330,   4.635,9999.000,9999.000,9999.000,9999.000,9999.000,9999.000,9999.000,9999.000
202607232336,   4.717,9999.000,9999.000,9999.000,9999.000,9999.000,9999.000,9999.000,9999.000
202607232342,   4.800,9999.000,9999.000,9999.000,9999.000,9999.000,9999.000,9999.000,9999.000
202607232348,   4.884,9999.000,9999.000,9999.000,9999.000,9999.000,9999.000,9999.000,9999.000
202607232354,   4.970,9999.000,9999.000,9999.000,9999.000,9999.000,9999.000,9999.000,9999.000
202607240000,   5.055,9999.000,   0.500,  -0.102,   5.453,   0.400,   5.353,   0.500,   5.453
202607240006,   5.142,9999.000,9999.000,9999.000,9999.000,9999.000,9999.000,9999.000,9999.000
202607240012,   5.229,9999.000,9999.000,9999.000,9999.000,9999.000,9999.000,9999.000,9999.000
202607240018,   5.317,9999.000,9999.000,9999.000,9999.000,9999.000,9999.000,9999.000,9999.000
202607240024,   5.406,9999.000,9999.000,9999.000,9999.000,9999.000,9999.000,9999.000,9999.000
202607240030,   5.494,9999.000,9999.000,9999.000,9999.000,9999.000,9999.000,9999.000,9999.000
202607240036,   5.583,9999.000,9999.000,9999.000,9999.000,9999.000,9999.000,9999.000,9999.000
202607240042,   5.672,9999.000,9999.000,9999.000,9999.000,9999.000,9999.000,9999.000,9999.000
202607240048,   5.762,9999.000,9999.000,9999.000,9999.000,9999.000,9999.000,9999.000,9999.000
202607240054,   5.851,9999.000,9999.000,9999.000,9999.000,9999.000,9999.000,9999.000,9999.000
202607240100,   5.940,9999.000,   0.500,  -0.102,   6.338,   0.400,   6.238,   0.500,   6.338
202607240106,   6.028,9999.000,9999.000,9999.000,9999.000,9999.000,9999.000,9999.000,9999.000
202607240112,   6.117,9999.000,9999.000,9999.000,9999.000,9999.000,9999.000,9999.000,9999.000
202607240118,   6.204,9999.000,9999.000,9999.000,9999.000,9999.000,9999.000,9999.000,9999.000
202607240124,   6.291,9999.000,9999.000,9999.000,9999.000,9999.000,9999.000,9999.000,9999.000
202607240130,   6.377,9999.000,9999.000,9999.000,9999.000,9999.000,9999.000,9999.000,9999.000
202607240136,   6.461,9999.000,9999.000,9999.000,9999.000,9999.000,9999.000,9999.000,9999.000
202607240142,   6.545,9999.000,9999.000,9999.000,9999.000,9999.000,9999.000,9999.000,9999.000
202607240148,   6.626,9999.000,9999.000,9999.000,9999.000,9999.000,9999.000,9999.000,9999.000
202607240154,   6.706,9999.000,9999.000,9999.000,9999.000,9999.000,9999.000,9999.000,9999.000
202607240200,   6.784,9999.000,   0.500,  -0.102,   7.182,   0.400,   7.082,   0.500,   7.182
202607240206,   6.860,9999.000,9999.000,9999.000,9999.000,9999.000,9999.000,9999.000,9999.000
202607240212,   6.933,9999.000,9999.000,9999.000,9999.000,9999.000,9999.000,9999.000,9999.000
202607240218,   7.003,9999.000,9999.000,9999.000,9999.000,9999.000,9999.000,9999.000,9999.000
202607240224,   7.070,9999.000,9999.000,9999.000,9999.000,9999.000,9999.000,9999.000,9999.000
202607240230,   7.134,9999.000,9999.000,9999.000,9999.000,9999.000,9999.000,9999.000,9999.000
202607240236,   7.194,9999.000,9999.000,9999.000,9999.000,9999.000,9999.000,9999.000,9999.000
202607240242,   7.250,9999.000,9999.000,9999.000,9999.000,9999.000,9999.000,9999.000,9999.000
202607240248,   7.302,9999.000,9999.000,9999.000,9999.000,9999.000,9999.000,9999.000,9999.000
202607240254,   7.350,9999.000,9999.000,9999.000,9999.000,9999.000,9999.000,9999.000,9999.000
202607240300,   7.394,9999.000,   0.500,  -0.102,   7.792,   0.400,   7.692,   0.500,   7.792
202607240306,   7.432,9999.000,9999.000,9999.000,9999.000,9999.000,9999.000,9999.000,9999.000
202607240312,   7.466,9999.000,9999.000,9999.000,9999.000,9999.000,9999.000,9999.000,9999.000
202607240318,   7.494,9999.000,9999.000,9999.000,9999.000,9999.000,9999.000,9999.000,9999.000
202607240324,   7.517,9999.000,9999.000,9999.000,9999.000,9999.000,9999.000,9999.000,9999.000
202607240330,   7.535,9999.000,9999.000,9999.000,9999.000,9999.000,9999.000,9999.000,9999.000
202607240336,   7.546,9999.000,9999.000,9999.000,9999.000,9999.000,9999.000,9999.000,9999.000
202607240342,   7.552,9999.000,9999.000,9999.000,9999.000,9999.000,9999.000,9999.000,9999.000
202607240348,   7.552,9999.000,9999.000,9999.000,9999.000,9999.000,9999.000,9999.000,9999.000
202607240354,   7.545,9999.000,9999.000,9999.000,9999.000,9999.000,9999.000,9999.000,9999.000
202607240400,   7.533,9999.000,   0.500,  -0.102,   7.931,   0.400,   7.831,   0.500,   7.931
202607240406,   7.514,9999.000,9999.000,9999.000,9999.000,9999.000,9999.000,9999.000,9999.000
202607240412,   7.490,9999.000,9999.000,9999.000,9999.000,9999.000,9999.000,9999.000,9999.000
202607240418,   7.459,9999.000,9999.000,9999.000,9999.000,9999.000,9999.000,9999.000,9999.000
202607240424,   7.422,9999.000,9999.000,9999.000,9999.000,9999.000,9999.000,9999.000,9999.000
202607240430,   7.379,9999.000,9999.000,9999.000,9999.000,9999.000,9999.000,9999.000,9999.000
202607240436,   7.330,9999.000,9999.000,9999.000,9999.000,9999.000,9999.000,9999.000,9999.000
202607240442,   7.275,9999.000,9999.000,9999.000,9999.000,9999.000,9999.000,9999.000,9999.000
202607240448,   7.215,9999.000,9999.000,9999.000,9999.000,9999.000,9999.000,9999.000,9999.000
202607240454,   7.149,9999.000,9999.000,9999.000,9999.000,9999.000,9999.000,9999.000,9999.000
202607240500,   7.078,9999.000,   0.400,  -0.102,   7.376,   0.400,   7.376,   0.500,   7.476
202607240506,   7.003,9999.000,9999.000,9999.000,9999.000,9999.000,9999.000,9999.000,9999.000
202607240512,   6.922,9999.000,9999.000,9999.000,9999.000,9999.000,9999.000,9999.000,9999.000
202607240518,   6.836,9999.000,9999.000,9999.000,9999.000,9999.000,9999.000,9999.000,9999.000
202607240524,   6.747,9999.000,9999.000,9999.000,9999.000,9999.000,9999.000,9999.000,9999.000
202607240530,   6.653,9999.000,9999.000,9999.000,9999.000,9999.000,9999.000,9999.000,9999.000
202607240536,   6.555,9999.000,9999.000,9999.000,9999.000,9999.000,9999.000,9999.000,9999.000
202607240542,   6.454,9999.000,9999.000,9999.000,9999.000,9999.000,9999.000,9999.000,9999.000
202607240548,   6.349,9999.000,9999.000,9999.000,9999.000,9999.000,9999.000,9999.000,9999.000
202607240554,   6.240,9999.000,9999.000,9999.000,9999.000,9999.000,9999.000,9999.000,9999.000
202607240600,   6.129,9999.000,   0.400,  -0.102,   6.427,   0.400,   6.427,   0.500,   6.527
202607240606,   6.014,9999.000,9999.000,9999.000,9999.000,9999.000,9999.000,9999.000,9999.000
202607240612,   5.897,9999.000,9999.000,9999.000,9999.000,9999.000,9999.000,9999.000,9999.000
202607240618,   5.777,9999.000,9999.000,9999.000,9999.000,9999.000,9999.000,9999.000,9999.000
202607240624,   5.654,9999.000,9999.000,9999.000,9999.000,9999.000,9999.000,9999.000,9999.000
202607240630,   5.529,9999.000,9999.000,9999.000,9999.000,9999.000,9999.000,9999.000,9999.000
202607240636,   5.401,9999.000,9999.000,9999.000,9999.000,9999.000,9999.000,9999.000,9999.000
202607240642,   5.271,9999.000,9999.000,9999.000,9999.000,9999.000,9999.000,9999.000,9999.000
202607240648,   5.138,9999.000,9999.000,9999.000,9999.000,9999.000,9999.000,9999.000,9999.000
202607240654,   5.003,9999.000,9999.000,9999.000,9999.000,9999.000,9999.000,9999.000,9999.000
202607240700,   4.866,9999.000,   0.400,  -0.102,   5.164,   0.400,   5.164,   0.500,   5.264
202607240706,   4.727,9999.000,9999.000,9999.000,9999.000,9999.000,9999.000,9999.000,9999.000
202607240712,   4.585,9999.000,9999.000,9999.000,9999.000,9999.000,9999.000,9999.000,9999.000
202607240718,   4.442,9999.000,9999.000,9999.000,9999.000,9999.000,9999.000,9999.000,9999.000
202607240724,   4.296,9999.000,9999.000,9999.000,9999.000,9999.000,9999.000,9999.000,9999.000
202607240730,   4.149,9999.000,9999.000,9999.000,9999.000,9999.000,9999.000,9999.000,9999.000
202607240736,   4.000,9999.000,9999.000,9999.000,9999.000,9999.000,9999.000,9999.000,9999.000
202607240742,   3.850,9999.000,9999.000,9999.000,9999.000,9999.000,9999.000,9999.000,9999.000
202607240748,   3.699,9999.000,9999.000,9999.000,9999.000,9999.000,9999.000,9999.000,9999.000
202607240754,   3.546,9999.000,9999.000,9999.000,9999.000,9999.000,9999.000,9999.000,9999.000
202607240800,   3.394,9999.000,   0.400,  -0.102,   3.692,   0.400,   3.692,   0.500,   3.792
202607240806,   3.241,9999.000,9999.000,9999.000,9999.000,9999.000,9999.000,9999.000,9999.000
202607240812,   3.088,9999.000,9999.000,9999.000,9999.000,9999.000,9999.000,9999.000,9999.000
202607240818,   2.936,9999.000,9999.000,9999.000,9999.000,9999.000,9999.000,9999.000,9999.000
202607240824,   2.785,9999.000,9999.000,9999.000,9999.000,9999.000,9999.000,9999.000,9999.000
202607240830,   2.635,9999.000,9999.000,9999.000,9999.000,9999.000,9999.000,9999.000,9999.000
202607240836,   2.488,9999.000,9999.000,9999.000,9999.000,9999.000,9999.000,9999.000,9999.000
202607240842,   2.343,9999.000,9999.000,9999.000,9999.000,9999.000,9999.000,9999.000,9999.000
202607240848,   2.201,9999.000,9999.000,9999.000,9999.000,9999.000,9999.000,9999.000,9999.000
202607240854,   2.063,9999.000,9999.000,9999.000,9999.000,9999.000,9999.000,9999.000,9999.000
202607240900,   1.928,9999.000,   0.400,  -0.102,   2.226,   0.400,   2.226,   0.500,   2.326
202607240906,   1.798,9999.000,9999.000,9999.000,9999.000,9999.000,9999.000,9999.000,9999.000
202607240912,   1.674,9999.000,9999.000,9999.000,9999.000,9999.000,9999.000,9999.000,9999.000
202607240918,   1.554,9999.000,9999.000,9999.000,9999.000,9999.000,9999.000,9999.000,9999.000
202607240924,   1.441,9999.000,9999.000,9999.000,9999.000,9999.000,9999.000,9999.000,9999.000
202607240930,   1.334,9999.000,9999.000,9999.000,9999.000,9999.000,9999.000,9999.000,9999.000
202607240936,   1.233,9999.000,9999.000,9999.000,9999.000,9999.000,9999.000,9999.000,9999.000
202607240942,   1.139,9999.000,9999.000,9999.000,9999.000,9999.000,9999.000,9999.000,9999.000
202607240948,   1.052,9999.000,9999.000,9999.000,9999.000,9999.000,9999.000,9999.000,9999.000
202607240954,   0.972,9999.000,9999.000,9999.000,9999.000,9999.000,9999.000,9999.000,9999.000
202607241000,   0.900,9999.000,   0.400,  -0.102,   1.198,   0.400,   1.198,   0.500,   1.298
202607241006,   0.835,9999.000,9999.000,9999.000,9999.000,9999.000,9999.000,9999.000,9999.000
202607241012,   0.778,9999.000,9999.000,9999.000,9999.000,9999.000,9999.000,9999.000,9999.000
202607241018,   0.728,9999.000,9999.000,9999.000,9999.000,9999.000,9999.000,9999.000,9999.000
202607241024,   0.686,9999.000,9999.000,9999.000,9999.000,9999.000,9999.000,9999.000,9999.000
202607241030,   0.651,9999.000,9999.000,9999.000,9999.000,9999.000,9999.000,9999.000,9999.000
202607241036,   0.623,9999.000,9999.000,9999.000,9999.000,9999.000,9999.000,9999.000,9999.000
202607241042,   0.602,9999.000,9999.000,9999.000,9999.000,9999.000,9999.000,9999.000,9999.000
202607241048,   0.587,9999.000,9999.000,9999.000,9999.000,9999.000,9999.000,9999.000,9999.000
202607241054,   0.580,9999.000,9999.000,9999.000,9999.000,9999.000,9999.000,9999.000,9999.000
202607241100,   0.579,9999.000,   0.400,  -0.102,   0.877,   0.400,   0.877,   0.500,   0.977
202607241106,   0.584,9999.000,9999.000,9999.000,9999.000,9999.000,9999.000,9999.000,9999.000
202607241112,   0.595,9999.000,9999.000,9999.000,9999.000,9999.000,9999.000,9999.000,9999.000
202607241118,   0.611,9999.000,9999.000,9999.000,9999.000,9999.000,9999.000,9999.000,9999.000
202607241124,   0.633,9999.000,9999.000,9999.000,9999.000,9999.000,9999.000,9999.000,9999.000
202607241130,   0.660,9999.000,9999.000,9999.000,9999.000,9999.000,9999.000,9999.000,9999.000
202607241136,   0.692,9999.000,9999.000,9999.000,9999.000,9999.000,9999.000,9999.000,9999.000
202607241142,   0.729,9999.000,9999.000,9999.000,9999.000,9999.000,9999.000,9999.000,9999.000
202607241148,   0.771,9999.000,9999.000,9999.000,9999.000,9999.000,9999.000,9999.000,9999.000
202607241154,   0.816,9999.000,9999.000,9999.000,9999.000,9999.000,9999.000,9999.000,9999.000
202607241200,   0.866,9999.000,   0.400,  -0.102,   1.164,   0.400,   1.164,   0.500,   1.264
202607241206,   0.920,9999.000,9999.000,9999.000,9999.000,9999.000,9999.000,9999.000,9999.000
202607241212,   0.978,9999.000,9999.000,9999.000,9999.000,9999.000,9999.000,9999.000,9999.000
202607241218,   1.039,9999.000,9999.000,9999.000,9999.000,9999.000,9999.000,9999.000,9999.000
202607241224,   1.104,9999.000,9999.000,9999.000,9999.000,9999.000,9999.000,9999.000,9999.000
202607241230,   1.173,9999.000,9999.000,9999.000,9999.000,9999.000,9999.000,9999.000,9999.000
202607241236,   1.245,9999.000,9999.000,9999.000,9999.000,9999.000,9999.000,9999.000,9999.000
202607241242,   1.320,9999.000,9999.000,9999.000,9999.000,9999.000,9999.000,9999.000,9999.000
202607241248,   1.398,9999.000,9999.000,9999.000,9999.000,9999.000,9999.000,9999.000,9999.000
202607241254,   1.479,9999.000,9999.000,9999.000,9999.000,9999.000,9999.000,9999.000,9999.000
202607241300,   1.563,9999.000,   0.400,  -0.102,   1.861,   0.400,   1.861,   0.500,   1.961
202607241306,   1.650,9999.000,9999.000,9999.000,9999.000,9999.000,9999.000,9999.000,9999.000
202607241312,   1.739,9999.000,9999.000,9999.000,9999.000,9999.000,9999.000,9999.000,9999.000
202607241318,   1.831,9999.000,9999.000,9999.000,9999.000,9999.000,9999.000,9999.000,9999.000
202607241324,   1.925,9999.000,9999.000,9999.000,9999.000,9999.000,9999.000,9999.000,9999.000
202607241330,   2.022,9999.000,9999.000,9999.000,9999.000,9999.000,9999.000,9999.000,9999.000
202607241336,   2.120,9999.000,9999.000,9999.000,9999.000,9999.000,9999.000,9999.000,9999.000
202607241342,   2.220,9999.000,9999.000,9999.000,9999.000,9999.000,9999.000,9999.000,9999.000
202607241348,   2.322,9999.000,9999.000,9999.000,9999.000,9999.000,9999.000,9999.000,9999.000
202607241354,   2.425,9999.000,9999.000,9999.000,9999.000,9999.000,9999.000,9999.000,9999.000
202607241400,   2.529,9999.000,   0.400,  -0.102,   2.827,   0.400,   2.827,   0.500,   2.927
202607241406,   2.634,9999.000,9999.000,9999.000,9999.000,9999.000,9999.000,9999.000,9999.000
202607241412,   2.740,9999.000,9999.000,9999.000,9999.000,9999.000,9999.000,9999.000,9999.000
202607241418,   2.846,9999.000,9999.000,9999.000,9999.000,9999.000,9999.000,9999.000,9999.000
202607241424,   2.953,9999.000,9999.000,9999.000,9999.000,9999.000,9999.000,9999.000,9999.000
202607241430,   3.059,9999.000,9999.000,9999.000,9999.000,9999.000,9999.000,9999.000,9999.000
202607241436,   3.166,9999.000,9999.000,9999.000,9999.000,9999.000,9999.000,9999.000,9999.000
202607241442,   3.271,9999.000,9999.000,9999.000,9999.000,9999.000,9999.000,9999.000,9999.000
202607241448,   3.376,9999.000,9999.000,9999.000,9999.000,9999.000,9999.000,9999.000,9999.000
202607241454,   3.479,9999.000,9999.000,9999.000,9999.000,9999.000,9999.000,9999.000,9999.000
202607241500,   3.581,9999.000,   0.400,  -0.102,   3.879,   0.400,   3.879,   0.500,   3.979
202607241506,   3.682,9999.000,9999.000,9999.000,9999.000,9999.000,9999.000,9999.000,9999.000
202607241512,   3.780,9999.000,9999.000,9999.000,9999.000,9999.000,9999.000,9999.000,9999.000
202607241518,   3.876,9999.000,9999.000,9999.000,9999.000,9999.000,9999.000,9999.000,9999.000
202607241524,   3.970,9999.000,9999.000,9999.000,9999.000,9999.000,9999.000,9999.000,9999.000
202607241530,   4.061,9999.000,9999.000,9999.000,9999.000,9999.000,9999.000,9999.000,9999.000
202607241536,   4.150,9999.000,9999.000,9999.000,9999.000,9999.000,9999.000,9999.000,9999.000
202607241542,   4.235,9999.000,9999.000,9999.000,9999.000,9999.000,9999.000,9999.000,9999.000
202607241548,   4.316,9999.000,9999.000,9999.000,9999.000,9999.000,9999.000,9999.000,9999.000
202607241554,   4.395,9999.000,9999.000,9999.000,9999.000,9999.000,9999.000,9999.000,9999.000
202607241600,   4.469,9999.000,   0.400,  -0.102,   4.767,   0.400,   4.767,   0.500,   4.867
202607241606,   4.540,9999.000,9999.000,9999.000,9999.000,9999.000,9999.000,9999.000,9999.000
202607241612,   4.607,9999.000,9999.000,9999.000,9999.000,9999.000,9999.000,9999.000,9999.000
202607241618,   4.670,9999.000,9999.000,9999.000,9999.000,9999.000,9999.000,9999.000,9999.000
202607241624,   4.728,9999.000,9999.000,9999.000,9999.000,9999.000,9999.000,9999.000,9999.000
202607241630,   4.783,9999.000,9999.000,9999.000,9999.000,9999.000,9999.000,9999.000,9999.000
202607241636,   4.833,9999.000,9999.000,9999.000,9999.000,9999.000,9999.000,9999.000,9999.000
202607241642,   4.879,9999.000,9999.000,9999.000,9999.000,9999.000,9999.000,9999.000,9999.000
202607241648,   4.921,9999.000,9999.000,9999.000,9999.000,9999.000,9999.000,9999.000,9999.000
202607241654,   4.958,9999.000,9999.000,9999.000,9999.000,9999.000,9999.000,9999.000,9999.000
202607241700,   4.992,9999.000,   0.400,  -0.102,   5.290,   0.400,   5.290,   0.500,   5.390
202607241706,   5.022,9999.000,9999.000,9999.000,9999.000,9999.000,9999.000,9999.000,9999.000
202607241712,   5.048,9999.000,9999.000,9999.000,9999.000,9999.000,9999.000,9999.000,9999.000
202607241718,   5.070,9999.000,9999.000,9999.000,9999.000,9999.000,9999.000,9999.000,9999.000
202607241724,   5.089,9999.000,9999.000,9999.000,9999.000,9999.000,9999.000,9999.000,9999.000
202607241730,   5.104,9999.000,9999.000,9999.000,9999.000,9999.000,9999.000,9999.000,9999.000
202607241736,   5.116,9999.000,9999.000,9999.000,9999.000,9999.000,9999.000,9999.000,9999.000
202607241742,   5.125,9999.000,9999.000,9999.000,9999.000,9999.000,9999.000,9999.000,9999.000
202607241748,   5.131,9999.000,9999.000,9999.000,9999.000,9999.000,9999.000,9999.000,9999.000
202607241754,   5.134,9999.000,9999.000,9999.000,9999.000,9999.000,9999.000,9999.000,9999.000
202607241800,   5.135,9999.000,   0.400,  -0.102,   5.433,   0.400,   5.433,   0.500,   5.533
202607241806,   5.134,9999.000,9999.000,9999.000,9999.000,9999.000,9999.000,9999.000,9999.000
202607241812,   5.130,9999.000,9999.000,9999.000,9999.000,9999.000,9999.000,9999.000,9999.000
202607241818,   5.124,9999.000,9999.000,9999.000,9999.000,9999.000,9999.000,9999.000,9999.000
202607241824,   5.116,9999.000,9999.000,9999.000,9999.000,9999.000,9999.000,9999.000,9999.000
202607241830,   5.106,9999.000,9999.000,9999.000,9999.000,9999.000,9999.000,9999.000,9999.000
202607241836,   5.094,9999.000,9999.000,9999.000,9999.000,9999.000,9999.000,9999.000,9999.000
202607241842,   5.081,9999.000,9999.000,9999.000,9999.000,9999.000,9999.000,9999.000,9999.000
202607241848,   5.065,9999.000,9999.000,9999.000,9999.000,9999.000,9999.000,9999.000,9999.000
202607241854,   5.048,9999.000,9999.000,9999.000,9999.000,9999.000,9999.000,9999.000,9999.000
202607241900,   5.029,9999.000,   0.400,  -0.102,   5.327,   0.400,   5.327,   0.500,   5.427
202607241906,   5.008,9999.000,9999.000,9999.000,9999.000,9999.000,9999.000,9999.000,9999.000
202607241912,   4.985,9999.000,9999.000,9999.000,9999.000,9999.000,9999.000,9999.000,9999.000
202607241918,   4.960,9999.000,9999.000,9999.000,9999.000,9999.000,9999.000,9999.000,9999.000
202607241924,   4.933,9999.000,9999.000,9999.000,9999.000,9999.000,9999.000,9999.000,9999.000
202607241930,   4.904,9999.000,9999.000,9999.000,9999.000,9999.000,9999.000,9999.000,9999.000
202607241936,   4.873,9999.000,9999.000,9999.000,9999.000,9999.000,9999.000,9999.000,9999.000
202607241942,   4.840,9999.000,9999.000,9999.000,9999.000,9999.000,9999.000,9999.000,9999.000
202607241948,   4.805,9999.000,9999.000,9999.000,9999.000,9999.000,9999.000,9999.000,9999.000
202607241954,   4.768,9999.000,9999.000,9999.000,9999.000,9999.000,9999.000,9999.000,9999.000
202607242000,   4.729,9999.000,   0.400,  -0.102,   5.027,   0.400,   5.027,   0.500,   5.127
202607242006,   4.688,9999.000,9999.000,9999.000,9999.000,9999.000,9999.000,9999.000,9999.000
202607242012,   4.645,9999.000,9999.000,9999.000,9999.000,9999.000,9999.000,9999.000,9999.000
202607242018,   4.601,9999.000,9999.000,9999.000,9999.000,9999.000,9999.000,9999.000,9999.000
202607242024,   4.555,9999.000,9999.000,9999.000,9999.000,9999.000,9999.000,9999.000,9999.000
202607242030,   4.509,9999.000,9999.000,9999.000,9999.000,9999.000,9999.000,9999.000,9999.000
202607242036,   4.461,9999.000,9999.000,9999.000,9999.000,9999.000,9999.000,9999.000,9999.000
202607242042,   4.414,9999.000,9999.000,9999.000,9999.000,9999.000,9999.000,9999.000,9999.000
202607242048,   4.366,9999.000,9999.000,9999.000,9999.000,9999.000,9999.000,9999.000,9999.000
202607242054,   4.318,9999.000,9999.000,9999.000,9999.000,9999.000,9999.000,9999.000,9999.000
202607242100,   4.270,9999.000,   0.400,  -0.102,   4.568,   0.400,   4.568,   0.500,   4.668
202607242106,   4.224,9999.000,9999.000,9999.000,9999.000,9999.000,9999.000,9999.000,9999.000
202607242112,   4.179,9999.000,9999.000,9999.000,9999.000,9999.000,9999.000,9999.000,9999.000
202607242118,   4.137,9999.000,9999.000,9999.000,9999.000,9999.000,9999.000,9999.000,9999.000
202607242124,   4.096,9999.000,9999.000,9999.000,9999.000,9999.000,9999.000,9999.000,9999.000
202607242130,   4.058,9999.000,9999.000,9999.000,9999.000,9999.000,9999.000,9999.000,9999.000
202607242136,   4.023,9999.000,9999.000,9999.000,9999.000,9999.000,9999.000,9999.000,9999.000
202607242142,   3.992,9999.000,9999.000,9999.000,9999.000,9999.000,9999.000,9999.000,9999.000
202607242148,   3.965,9999.000,9999.000,9999.000,9999.000,9999.000,9999.000,9999.000,9999.000
202607242154,   3.941,9999.000,9999.000,9999.000,9999.000,9999.000,9999.000,9999.000,9999.000
202607242200,   3.922,9999.000,   0.400,  -0.102,   4.220,   0.400,   4.220,   0.500,   4.320
202607242206,   3.908,9999.000,9999.000,9999.000,9999.000,9999.000,9999.000,9999.000,9999.000
202607242212,   3.898,9999.000,9999.000,9999.000,9999.000,9999.000,9999.000,9999.000,9999.000
202607242218,   3.894,9999.000,9999.000,9999.000,9999.000,9999.000,9999.000,9999.000,9999.000
202607242224,   3.895,9999.000,9999.000,9999.000,9999.000,9999.000,9999.000,9999.000,9999.000
202607242230,   3.900,9999.000,9999.000,9999.000,9999.000,9999.000,9999.000,9999.000,9999.000
202607242236,   3.911,9999.000,9999.000,9999.000,9999.000,9999.000,9999.000,9999.000,9999.000
202607242242,   3.927,9999.000,9999.000,9999.000,9999.000,9999.000,9999.000,9999.000,9999.000
202607242248,   3.948,9999.000,9999.000,9999.000,9999.000,9999.000,9999.000,9999.000,9999.000
202607242254,   3.973,9999.000,9999.000,9999.000,9999.000,9999.000,9999.000,9999.000,9999.000
202607242300,   4.004,9999.000,   0.400,  -0.102,   4.302,   0.400,   4.302,   0.500,   4.402
202607242306,   4.039,9999.000,9999.000,9999.000,9999.000,9999.000,9999.000,9999.000,9999.000
202607242312,   4.078,9999.000,9999.000,9999.000,9999.000,9999.000,9999.000,9999.000,9999.000
202607242318,   4.122,9999.000,9999.000,9999.000,9999.000,9999.000,9999.000,9999.000,9999.000
202607242324,   4.169,9999.000,9999.000,9999.000,9999.000,9999.000,9999.000,9999.000,9999.000
202607242330,   4.220,9999.000,9999.000,9999.000,9999.000,9999.000,9999.000,9999.000,9999.000
202607242336,   4.274,9999.000,9999.000,9999.000,9999.000,9999.000,9999.000,9999.000,9999.000
202607242342,   4.332,9999.000,9999.000,9999.000,9999.000,9999.000,9999.000,9999.000,9999.000
202607242348,   4.392,9999.000,9999.000,9999.000,9999.000,9999.000,9999.000,9999.000,9999.000
202607242354,   4.455,9999.000,9999.000,9999.000,9999.000,9999.000,9999.000,9999.000,9999.000
202607250000,   4.521,9999.000,   0.400,  -0.102,   4.819,   0.400,   4.819,   0.500,   4.919
