        TIME,    TIDE,      OB,   SURGE,    BIAS,     TWL,SURGE90p,  TWL90p,SURGE10p,   TWL10p
202607151800,  -0.165,9999.000,9999.000,9999.000,9999.000,9999.000,9999.000,9999.000,9999.000
202607151806,  -0.161,9999.000,9999.000,9999.000,9999.000,9999.000,9999.000,9999.000,9999.000
202607151812,  -0.157,9999.000,9999.000,9999.000,9999.000,9999.000,9999.000,9999.000,9999.000
202607151818,  -0.151,9999.000,9999.000,9999.000,9999.000,9999.000,9999.000,9999.000,9999.000
202607151824,  -0.145,9999.000,9999.000,9999.000,9999.000,9999.000,9999.000,9999.000,9999.000
202607151830,  -0.139,9999.000,9999.000,9999.000,9999.000,9999.000,9999.000,9999.000,9999.000
202607151836,  -0.132,9999.000,9999.000,9999.000,9999.000,9999.000,9999.000,9999.000,9999.000
202607151842,  -0.124,9999.000,9999.000,9999.000,9999.000,9999.000,9999.000,9999.000,9999.000
202607151848,  -0.116,9999.000,9999.000,9999.000,9999.000,9999.000,9999.000,9999.000,9999.000
202607151854,  -0.107,9999.000,9999.000,9999.000,9999.000,9999.000,9999.000,9999.000,9999.000
202607151900,  -0.097,   0.239,9999.000,9999.000,9999.000,9999.000,9999.000,9999.000,9999.000
202607151906,  -0.087,   0.259,9999.000,9999.000,9999.000,9999.000,9999.000,9999.000,9999.000
202607151912,  -0.075,   0.259,9999.000,9999.000,9999.000,9999.000,9999.000,9999.000,9999.000
202607151918,  -0.064,   0.298,9999.000,9999.000,9999.000,9999.000,9999.000,9999.000,9999.000
202607151924,  -0.052,   0.298,9999.000,9999.000,9999.000,9999.000,9999.000,9999.000,9999.000
202607151930,  -0.039,   0.341,9999.000,9999.000,9999.000,9999.000,9999.000,9999.000,9999.000
202607151936,  -0.025,   0.350,9999.000,9999.000,9999.000,9999.000,9999.000,9999.000,9999.000
202607151942,  -0.011,   0.350,9999.000,9999.000,9999.000,9999.000,9999.000,9999.000,9999.000
202607151948,   0.003,   0.390,9999.000,9999.000,9999.000,9999.000,9999.000,9999.000,9999.000
202607151954,   0.018,   0.400,9999.000,9999.000,9999.000,9999.000,9999.000,9999.000,9999.000
202607152000,   0.034,   0.409,9999.000,9999.000,9999.000,9999.000,9999.000,9999.000,9999.000
202607152006,   0.050,   0.429,9999.000,9999.000,9999.000,9999.000,9999.000,9999.000,9999.000
202607152012,   0.067,   0.469,9999.000,9999.000,9999.000,9999.000,9999.000,9999.000,9999.000
202607152018,   0.085,   0.478,9999.000,9999.000,9999.000,9999.000,9999.000,9999.000,9999.000
202607152024,   0.103,   0.498,9999.000,9999.000,9999.000,9999.000,9999.000,9999.000,9999.000
202607152030,   0.121,   0.531,9999.000,9999.000,9999.000,9999.000,9999.000,9999.000,9999.000
202607152036,   0.140,   0.551,9999.000,9999.000,9999.000,9999.000,9999.000,9999.000,9999.000
202607152042,   0.159,   0.570,9999.000,9999.000,9999.000,9999.000,9999.000,9999.000,9999.000
202607152048,   0.178,   0.600,9999.000,9999.000,9999.000,9999.000,9999.000,9999.000,9999.000
202607152054,   0.198,   0.619,9999.000,9999.000,9999.000,9999.000,9999.000,9999.000,9999.000
202607152100,   0.218,   0.600,9999.000,9999.000,9999.000,9999.000,9999.000,9999.000,9999.000
202607152106,   0.238,   0.649,9999.000,9999.000,9999.000,9999.000,9999.000,9999.000,9999.000
202607152112,   0.259,   0.659,9999.000,9999.000,9999.000,9999.000,9999.000,9999.000,9999.000
202607152118,   0.280,   0.678,9999.000,9999.000,9999.000,9999.000,9999.000,9999.000,9999.000
202607152124,   0.301,   0.698,9999.000,9999.000,9999.000,9999.000,9999.000,9999.000,9999.000
202607152130,   0.322,   0.731,9999.000,9999.000,9999.000,9999.000,9999.000,9999.000,9999.000
202607152136,   0.343,   0.751,9999.000,9999.000,9999.000,9999.000,9999.000,9999.000,9999.000
202607152142,   0.364,   0.770,9999.000,9999.000,9999.000,9999.000,9999.000,9999.000,9999.000
202607152148,   0.385,   0.790,9999.000,9999.000,9999.000,9999.000,9999.000,9999.000,9999.000
202607152154,   0.406,   0.810,9999.000,9999.000,9999.000,9999.000,9999.000,9999.000,9999.000
202607152200,   0.427,   0.819,9999.000,9999.000,9999.000,9999.000,9999.000,9999.000,9999.000
202607152206,   0.448,   0.859,9999.000,9999.000,9999.000,9999.000,9999.000,9999.000,9999.000
202607152212,   0.468,   0.879,9999.000,9999.000,9999.000,9999.000,9999.000,9999.000,9999.000
202607152218,   0.489,   0.908,9999.000,9999.000,9999.000,9999.000,9999.000,9999.000,9999.000
202607152224,   0.509,   0.918,9999.000,9999.000,9999.000,9999.000,9999.000,9999.000,9999.000
202607152230,   0.529,   0.941,9999.000,9999.000,9999.000,9999.000,9999.000,9999.000,9999.000
202607152236,   0.549,   0.961,9999.000,9999.000,9999.000,9999.000,9999.000,9999.000,9999.000
202607152242,   0.569,   0.990,9999.000,9999.000,9999.000,9999.000,9999.000,9999.000,9999.000
202607152248,   0.588,   0.990,9999.000,9999.000,9999.000,9999.000,9999.000,9999.000,9999.000
202607152254,   0.607,   1.029,9999.000,9999.000,9999.000,9999.000,9999.000,9999.000,9999.000
202607152300,   0.625,   1.059,9999.000,9999.000,9999.000,9999.000,9999.000,9999.000,9999.000
202607152306,   0.643,   1.039,9999.000,9999.000,9999.000,9999.000,9999.000,9999.000,9999.000
202607152312,   0.661,   1.088,9999.000,9999.000,9999.000,9999.000,9999.000,9999.000,9999.000
202607152318,   0.678,   1.108,9999.000,9999.000,9999.000,9999.000,9999.000,9999.000,9999.000
202607152324,   0.695,   1.118,9999.000,9999.000,9999.000,9999.000,9999.000,9999.000,9999.000
202607152330,   0.711,   1.138,9999.000,9999.000,9999.000,9999.000,9999.000,9999.000,9999.000
202607152336,   0.727,   1.151,9999.000,9999.000,9999.000,9999.000,9999.000,9999.000,9999.000
202607152342,   0.742,   1.180,9999.000,9999.000,9999.000,9999.000,9999.000,9999.000,9999.000
202607152348,   0.757,   1.210,9999.000,9999.000,9999.000,9999.000,9999.000,9999.000,9999.000
202607152354,   0.772,   1.200,9999.000,9999.000,9999.000,9999.000,9999.000,9999.000,9999.000
202607160000,   0.786,   1.229,   0.400,   0.043,   1.229,   0.400,   1.229,   0.400,   1.229
202607160006,   0.799,   1.249,9999.000,9999.000,9999.000,9999.000,9999.000,9999.000,9999.000
202607160012,   0.812,   1.259,9999.000,9999.000,9999.000,9999.000,9999.000,9999.000,9999.000
202607160018,   0.824,   1.289,9999.000,9999.000,9999.000,9999.000,9999.000,9999.000,9999.000
202607160024,   0.836,   1.279,9999.000,9999.000,9999.000,9999.000,9999.000,9999.000,9999.000
202607160030,   0.848,   1.289,9999.000,9999.000,9999.000,9999.000,9999.000,9999.000,9999.000
202607160036,   0.858,   1.318,9999.000,9999.000,9999.000,9999.000,9999.000,9999.000,9999.000
202607160042,   0.869,   1.318,9999.000,9999.000,9999.000,9999.000,9999.000,9999.000,9999.000
202607160048,   0.879,   1.348,9999.000,9999.000,9999.000,9999.000,9999.000,9999.000,9999.000
202607160054,   0.888,   1.348,9999.000,9999.000,9999.000,9999.000,9999.000,9999.000,9999.000
202607160100,   0.897,   1.361,   0.400,   0.064,   1.361,   0.400,   1.361,   0.400,   1.361
202607160106,   0.906,   1.371,9999.000,9999.000,9999.000,9999.000,9999.000,9999.000,9999.000
202607160112,   0.914,   1.390,9999.000,9999.000,9999.000,9999.000,9999.000,9999.000,9999.000
202607160118,   0.922,   1.390,9999.000,9999.000,9999.000,9999.000,9999.000,9999.000,9999.000
202607160124,   0.929,   1.420,9999.000,9999.000,9999.000,9999.000,9999.000,9999.000,9999.000
202607160130,   0.935,   1.420,9999.000,9999.000,9999.000,9999.000,9999.000,9999.000,9999.000
202607160136,   0.942,   1.439,9999.000,9999.000,9999.000,9999.000,9999.000,9999.000,9999.000
202607160142,   0.948,   1.469,9999.000,9999.000,9999.000,9999.000,9999.000,9999.000,9999.000
202607160148,   0.953,   1.439,9999.000,9999.000,9999.000,9999.000,9999.000,9999.000,9999.000
202607160154,   0.958,   1.449,9999.000,9999.000,9999.000,9999.000,9999.000,9999.000,9999.000
202607160200,   0.963,   1.469,   0.400,   0.106,   1.469,   0.400,   1.469,   0.400,   1.469
202607160206,   0.968,   1.479,9999.000,9999.000,9999.000,9999.000,9999.000,9999.000,9999.000
202607160212,   0.972,   1.479,9999.000,9999.000,9999.000,9999.000,9999.000,9999.000,9999.000
202607160218,   0.975,   1.498,9999.000,9999.000,9999.000,9999.000,9999.000,9999.000,9999.000
202607160224,   0.978,   1.489,9999.000,9999.000,9999.000,9999.000,9999.000,9999.000,9999.000
202607160230,   0.981,   1.498,9999.000,9999.000,9999.000,9999.000,9999.000,9999.000,9999.000
202607160236,   0.984,   1.498,9999.000,9999.000,9999.000,9999.000,9999.000,9999.000,9999.000
202607160242,   0.986,   1.498,9999.000,9999.000,9999.000,9999.000,9999.000,9999.000,9999.000
202607160248,   0.988,   1.498,9999.000,9999.000,9999.000,9999.000,9999.000,9999.000,9999.000
202607160254,   0.989,   1.498,9999.000,9999.000,9999.000,9999.000,9999.000,9999.000,9999.000
202607160300,   0.991,   1.498,   0.300,   0.207,   1.498,   0.300,   1.498,   0.300,   1.498
202607160306,   0.991,   1.479,9999.000,9999.000,9999.000,9999.000,9999.000,9999.000,9999.000
202607160312,   0.992,   1.489,9999.000,9999.000,9999.000,9999.000,9999.000,9999.000,9999.000
202607160318,   0.992,   1.479,9999.000,9999.000,9999.000,9999.000,9999.000,9999.000,9999.000
202607160324,   0.992,   1.489,9999.000,9999.000,9999.000,9999.000,9999.000,9999.000,9999.000
202607160330,   0.991,   1.469,9999.000,9999.000,9999.000,9999.000,9999.000,9999.000,9999.000
202607160336,   0.990,   1.489,9999.000,9999.000,9999.000,9999.000,9999.000,9999.000,9999.000
202607160342,   0.989,   1.489,9999.000,9999.000,9999.000,9999.000,9999.000,9999.000,9999.000
202607160348,   0.987,   1.459,9999.000,9999.000,9999.000,9999.000,9999.000,9999.000,9999.000
202607160354,   0.985,   1.469,9999.000,9999.000,9999.000,9999.000,9999.000,9999.000,9999.000
202607160400,   0.983,   1.459,   0.300,   0.176,   1.459,   0.300,   1.459,   0.300,   1.459
202607160406,   0.980,   1.459,9999.000,9999.000,9999.000,9999.000,9999.000,9999.000,9999.000
202607160412,   0.977,   1.449,9999.000,9999.000,9999.000,9999.000,9999.000,9999.000,9999.000
202607160418,   0.974,   1.439,9999.000,9999.000,9999.000,9999.000,9999.000,9999.000,9999.000
202607160424,   0.970,   1.449,9999.000,9999.000,9999.000,9999.000,9999.000,9999.000,9999.000
202607160430,   0.966,   1.430,9999.000,9999.000,9999.000,9999.000,9999.000,9999.000,9999.000
202607160436,   0.962,   1.439,9999.000,9999.000,9999.000,9999.000,9999.000,9999.000,9999.000
202607160442,   0.958,   1.430,9999.000,9999.000,9999.000,9999.000,9999.000,9999.000,9999.000
202607160448,   0.953,   1.430,9999.000,9999.000,9999.000,9999.000,9999.000,9999.000,9999.000
202607160454,   0.947,   1.439,9999.000,9999.000,9999.000,9999.000,9999.000,9999.000,9999.000
202607160500,   0.942,   1.420,   0.300,   0.178,   1.420,   0.300,   1.420,   0.400,   1.520
202607160506,   0.936,   1.410,9999.000,9999.000,9999.000,9999.000,9999.000,9999.000,9999.000
202607160512,   0.930,   1.410,9999.000,9999.000,9999.000,9999.000,9999.000,9999.000,9999.000
202607160518,   0.923,   1.400,9999.000,9999.000,9999.000,9999.000,9999.000,9999.000,9999.000
202607160524,   0.917,   1.390,9999.000,9999.000,9999.000,9999.000,9999.000,9999.000,9999.000
202607160530,   0.910,   1.390,9999.000,9999.000,9999.000,9999.000,9999.000,9999.000,9999.000
202607160536,   0.903,   1.390,9999.000,9999.000,9999.000,9999.000,9999.000,9999.000,9999.000
202607160542,   0.895,   1.380,9999.000,9999.000,9999.000,9999.000,9999.000,9999.000,9999.000
202607160548,   0.888,   1.361,9999.000,9999.000,9999.000,9999.000,9999.000,9999.000,9999.000
202607160554,   0.880,   1.380,9999.000,9999.000,9999.000,9999.000,9999.000,9999.000,9999.000
202607160600,   0.872,   1.361,   0.400,   0.089,   1.361,   0.400,   1.361,   0.400,   1.361
202607160606,   0.864,   1.348,9999.000,9999.000,9999.000,9999.000,9999.000,9999.000,9999.000
202607160612,   0.856,   1.361,9999.000,9999.000,9999.000,9999.000,9999.000,9999.000,9999.000
202607160618,   0.848,   1.318,9999.000,9999.000,9999.000,9999.000,9999.000,9999.000,9999.000
202607160624,   0.840,   1.328,9999.000,9999.000,9999.000,9999.000,9999.000,9999.000,9999.000
202607160630,   0.831,   1.318,9999.000,9999.000,9999.000,9999.000,9999.000,9999.000,9999.000
202607160636,   0.823,   1.308,9999.000,9999.000,9999.000,9999.000,9999.000,9999.000,9999.000
202607160642,   0.814,   1.298,9999.000,9999.000,9999.000,9999.000,9999.000,9999.000,9999.000
202607160648,   0.806,   1.289,9999.000,9999.000,9999.000,9999.000,9999.000,9999.000,9999.000
202607160654,   0.798,   1.308,9999.000,9999.000,9999.000,9999.000,9999.000,9999.000,9999.000
202607160700,   0.789,   1.289,   0.400,   0.100,   1.289,   0.400,   1.289,   0.400,   1.289
202607160706,   0.781,   1.289,9999.000,9999.000,9999.000,9999.000,9999.000,9999.000,9999.000
202607160712,   0.772,   1.269,9999.000,9999.000,9999.000,9999.000,9999.000,9999.000,9999.000
202607160718,   0.764,   1.269,9999.000,9999.000,9999.000,9999.000,9999.000,9999.000,9999.000
202607160724,   0.756,   1.269,9999.000,9999.000,9999.000,9999.000,9999.000,9999.000,9999.000
202607160730,   0.748,   1.249,9999.000,9999.000,9999.000,9999.000,9999.000,9999.000,9999.000
202607160736,   0.740,   1.269,9999.000,9999.000,9999.000,9999.000,9999.000,9999.000,9999.000
202607160742,   0.733,   1.249,9999.000,9999.000,9999.000,9999.000,9999.000,9999.000,9999.000
202607160748,   0.725,   1.259,9999.000,9999.000,9999.000,9999.000,9999.000,9999.000,9999.000
202607160754,   0.718,   1.239,9999.000,9999.000,9999.000,9999.000,9999.000,9999.000,9999.000
202607160800,   0.711,   1.229,   0.400,   0.118,   1.229,   0.400,   1.229,   0.400,   1.229
202607160806,   0.703,   1.239,9999.000,9999.000,9999.000,9999.000,9999.000,9999.000,9999.000
202607160812,   0.697,   1.239,9999.000,9999.000,9999.000,9999.000,9999.000,9999.000,9999.000
202607160818,   0.690,   1.259,9999.000,9999.000,9999.000,9999.000,9999.000,9999.000,9999.000
202607160824,   0.683,   1.210,9999.000,9999.000,9999.000,9999.000,9999.000,9999.000,9999.000
202607160830,   0.677,   1.220,9999.000,9999.000,9999.000,9999.000,9999.000,9999.000,9999.000
202607160836,   0.671,   1.210,9999.000,9999.000,9999.000,9999.000,9999.000,9999.000,9999.000
202607160842,   0.665,   1.210,9999.000,9999.000,9999.000,9999.000,9999.000,9999.000,9999.000
202607160848,   0.659,   1.210,9999.000,9999.000,9999.000,9999.000,9999.000,9999.000,9999.000
202607160854,   0.653,   1.190,9999.000,9999.000,9999.000,9999.000,9999.000,9999.000,9999.000
202607160900,   0.648,   1.220,   0.400,   0.172,   1.220,   0.400,   1.220,   0.400,   1.220
202607160906,   0.642,   1.200,9999.000,9999.000,9999.000,9999.000,9999.000,9999.000,9999.000
202607160912,   0.637,   1.200,9999.000,9999.000,9999.000,9999.000,9999.000,9999.000,9999.000
202607160918,   0.632,   1.180,9999.000,9999.000,9999.000,9999.000,9999.000,9999.000,9999.000
202607160924,   0.627,   1.180,9999.000,9999.000,9999.000,9999.000,9999.000,9999.000,9999.000
202607160930,   0.622,   1.180,9999.000,9999.000,9999.000,9999.000,9999.000,9999.000,9999.000
202607160936,   0.617,   1.170,9999.000,9999.000,9999.000,9999.000,9999.000,9999.000,9999.000
202607160942,   0.612,   1.170,9999.000,9999.000,9999.000,9999.000,9999.000,9999.000,9999.000
202607160948,   0.607,   1.161,9999.000,9999.000,9999.000,9999.000,9999.000,9999.000,9999.000
202607160954,   0.602,   1.151,9999.000,9999.000,9999.000,9999.000,9999.000,9999.000,9999.000
202607161000,   0.597,   1.138,   0.400,   0.141,   1.138,   0.400,   1.138,   0.400,   1.138
202607161006,   0.591,   1.108,9999.000,9999.000,9999.000,9999.000,9999.000,9999.000,9999.000
202607161012,   0.586,   1.108,9999.000,9999.000,9999.000,9999.000,9999.000,9999.000,9999.000
202607161018,   0.581,   1.088,9999.000,9999.000,9999.000,9999.000,9999.000,9999.000,9999.000
202607161024,   0.576,   1.088,9999.000,9999.000,9999.000,9999.000,9999.000,9999.000,9999.000
202607161030,   0.570,   1.069,9999.000,9999.000,9999.000,9999.000,9999.000,9999.000,9999.000
202607161036,   0.565,   1.059,9999.000,9999.000,9999.000,9999.000,9999.000,9999.000,9999.000
202607161042,   0.559,   1.049,9999.000,9999.000,9999.000,9999.000,9999.000,9999.000,9999.000
202607161048,   0.553,   1.010,9999.000,9999.000,9999.000,9999.000,9999.000,9999.000,9999.000
202607161054,   0.547,   1.039,9999.000,9999.000,9999.000,9999.000,9999.000,9999.000,9999.000
202607161100,   0.540,   1.000,   0.400,   0.060,   1.000,   0.400,   1.000,   0.400,   1.000
202607161106,   0.534,   1.000,9999.000,9999.000,9999.000,9999.000,9999.000,9999.000,9999.000
202607161112,   0.527,   1.000,9999.000,9999.000,9999.000,9999.000,9999.000,9999.000,9999.000
202607161118,   0.520,   0.970,9999.000,9999.000,9999.000,9999.000,9999.000,9999.000,9999.000
202607161124,   0.512,   0.980,9999.000,9999.000,9999.000,9999.000,9999.000,9999.000,9999.000
202607161130,   0.505,   0.970,9999.000,9999.000,9999.000,9999.000,9999.000,9999.000,9999.000
202607161136,   0.497,   0.980,9999.000,9999.000,9999.000,9999.000,9999.000,9999.000,9999.000
202607161142,   0.489,   0.951,9999.000,9999.000,9999.000,9999.000,9999.000,9999.000,9999.000
202607161148,   0.480,   0.961,9999.000,9999.000,9999.000,9999.000,9999.000,9999.000,9999.000
202607161154,   0.472,   0.918,9999.000,9999.000,9999.000,9999.000,9999.000,9999.000,9999.000
202607161200,   0.463,   0.918,   0.400,   0.055,   0.918,   0.400,   0.918,   0.400,   0.918
202607161206,   0.454,   0.928,9999.000,9999.000,9999.000,9999.000,9999.000,9999.000,9999.000
202607161212,   0.444,   0.898,9999.000,9999.000,9999.000,9999.000,9999.000,9999.000,9999.000
202607161218,   0.434,   0.898,9999.000,9999.000,9999.000,9999.000,9999.000,9999.000,9999.000
202607161224,   0.424,   0.888,9999.000,9999.000,9999.000,9999.000,9999.000,9999.000,9999.000
202607161230,   0.414,   0.879,9999.000,9999.000,9999.000,9999.000,9999.000,9999.000,9999.000
202607161236,   0.404,   0.869,9999.000,9999.000,9999.000,9999.000,9999.000,9999.000,9999.000
202607161242,   0.393,   0.859,9999.000,9999.000,9999.000,9999.000,9999.000,9999.000,9999.000
202607161248,   0.382,   0.849,9999.000,9999.000,9999.000,9999.000,9999.000,9999.000,9999.000
202607161254,   0.372,   0.839,9999.000,9999.000,9999.000,9999.000,9999.000,9999.000,9999.000
202607161300,   0.360,   0.810,   0.400,   0.050,   0.810,   0.400,   0.810,   0.400,   0.810
202607161306,   0.349,   0.829,9999.000,9999.000,9999.000,9999.000,9999.000,9999.000,9999.000
202607161312,   0.338,   0.800,9999.000,9999.000,9999.000,9999.000,9999.000,9999.000,9999.000
202607161318,   0.326,   0.780,9999.000,9999.000,9999.000,9999.000,9999.000,9999.000,9999.000
202607161324,   0.315,   0.780,9999.000,9999.000,9999.000,9999.000,9999.000,9999.000,9999.000
202607161330,   0.303,   0.751,9999.000,9999.000,9999.000,9999.000,9999.000,9999.000,9999.000
202607161336,   0.292,   0.751,9999.000,9999.000,9999.000,9999.000,9999.000,9999.000,9999.000
202607161342,   0.280,   0.741,9999.000,9999.000,9999.000,9999.000,9999.000,9999.000,9999.000
202607161348,   0.268,   0.731,9999.000,9999.000,9999.000,9999.000,9999.000,9999.000,9999.000
202607161354,   0.257,   0.731,9999.000,9999.000,9999.000,9999.000,9999.000,9999.000,9999.000
202607161400,   0.245,   0.698,   0.400,   0.053,   0.698,   0.400,   0.698,   0.400,   0.698
202607161406,   0.234,   0.688,9999.000,9999.000,9999.000,9999.000,9999.000,9999.000,9999.000
202607161412,   0.222,   0.688,9999.000,9999.000,9999.000,9999.000,9999.000,9999.000,9999.000
202607161418,   0.211,   0.649,9999.000,9999.000,9999.000,9999.000,9999.000,9999.000,9999.000
202607161424,   0.200,   0.659,9999.000,9999.000,9999.000,9999.000,9999.000,9999.000,9999.000
202607161430,   0.189,   0.639,9999.000,9999.000,9999.000,9999.000,9999.000,9999.000,9999.000
202607161436,   0.178,   0.629,9999.000,9999.000,9999.000,9999.000,9999.000,9999.000,9999.000
202607161442,   0.167,   0.619,9999.000,9999.000,9999.000,9999.000,9999.000,9999.000,9999.000
202607161448,   0.157,   0.590,9999.000,9999.000,9999.000,9999.000,9999.000,9999.000,9999.000
202607161454,   0.146,   0.600,9999.000,9999.000,9999.000,9999.000,9999.000,9999.000,9999.000
202607161500,   0.136,   0.580,   0.400,   0.044,   0.580,   0.400,   0.580,   0.400,   0.580
202607161506,   0.127,   0.570,9999.000,9999.000,9999.000,9999.000,9999.000,9999.000,9999.000
202607161512,   0.117,   0.560,9999.000,9999.000,9999.000,9999.000,9999.000,9999.000,9999.000
202607161518,   0.108,   0.551,9999.000,9999.000,9999.000,9999.000,9999.000,9999.000,9999.000
202607161524,   0.098,   0.551,9999.000,9999.000,9999.000,9999.000,9999.000,9999.000,9999.000
202607161530,   0.090,   0.518,9999.000,9999.000,9999.000,9999.000,9999.000,9999.000,9999.000
202607161536,   0.081,   0.531,9999.000,9999.000,9999.000,9999.000,9999.000,9999.000,9999.000
202607161542,   0.073,   0.469,9999.000,9999.000,9999.000,9999.000,9999.000,9999.000,9999.000
202607161548,   0.065,   0.508,9999.000,9999.000,9999.000,9999.000,9999.000,9999.000,9999.000
202607161554,   0.057,   0.488,9999.000,9999.000,9999.000,9999.000,9999.000,9999.000,9999.000
202607161600,   0.050,   0.439,   0.400,  -0.011,   0.439,   0.400,   0.439,   0.400,   0.439
202607161606,   0.042,   0.459,9999.000,9999.000,9999.000,9999.000,9999.000,9999.000,9999.000
202607161612,   0.036,   0.429,9999.000,9999.000,9999.000,9999.000,9999.000,9999.000,9999.000
202607161618,   0.029,   0.469,9999.000,9999.000,9999.000,9999.000,9999.000,9999.000,9999.000
202607161624,   0.023,   0.409,9999.000,9999.000,9999.000,9999.000,9999.000,9999.000,9999.000
202607161630,   0.017,   0.439,9999.000,9999.000,9999.000,9999.000,9999.000,9999.000,9999.000
202607161636,   0.011,   0.429,9999.000,9999.000,9999.000,9999.000,9999.000,9999.000,9999.000
202607161642,   0.006,   0.429,9999.000,9999.000,9999.000,9999.000,9999.000,9999.000,9999.000
202607161648,   0.001,   0.400,9999.000,9999.000,9999.000,9999.000,9999.000,9999.000,9999.000
202607161654,  -0.002,   0.400,9999.000,9999.000,9999.000,9999.000,9999.000,9999.000,9999.000
202607161700,  -0.007,   0.419,   0.400,   0.026,   0.419,   0.400,   0.419,   0.400,   0.419
202607161706,  -0.011,   0.380,9999.000,9999.000,9999.000,9999.000,9999.000,9999.000,9999.000
202607161712,  -0.014,   0.400,9999.000,9999.000,9999.000,9999.000,9999.000,9999.000,9999.000
202607161718,  -0.017,   0.370,9999.000,9999.000,9999.000,9999.000,9999.000,9999.000,9999.000
202607161724,  -0.020,   0.400,9999.000,9999.000,9999.000,9999.000,9999.000,9999.000,9999.000
202607161730,  -0.023,   0.400,9999.000,9999.000,9999.000,9999.000,9999.000,9999.000,9999.000
202607161736,  -0.025,   0.390,9999.000,9999.000,9999.000,9999.000,9999.000,9999.000,9999.000
202607161742,  -0.027,   0.380,9999.000,9999.000,9999.000,9999.000,9999.000,9999.000,9999.000
202607161748,  -0.028,   0.400,9999.000,9999.000,9999.000,9999.000,9999.000,9999.000,9999.000
202607161754,  -0.029,   0.400,9999.000,9999.000,9999.000,9999.000,9999.000,9999.000,9999.000
202607161800,  -0.029,   0.370,   0.400,  -0.001,   0.370,   0.400,   0.370,   0.400,   0.370
202607161806,  -0.030,   0.409,9999.000,9999.000,9999.000,9999.000,9999.000,9999.000,9999.000
202607161812,  -0.029,   0.390,9999.000,9999.000,9999.000,9999.000,9999.000,9999.000,9999.000
202607161818,  -0.028,   0.400,9999.000,9999.000,9999.000,9999.000,9999.000,9999.000,9999.000
202607161824,  -0.027,   0.400,9999.000,9999.000,9999.000,9999.000,9999.000,9999.000,9999.000
202607161830,  -0.026,   0.409,9999.000,9999.000,9999.000,9999.000,9999.000,9999.000,9999.000
202607161836,  -0.024,   0.390,9999.000,9999.000,9999.000,9999.000,9999.000,9999.000,9999.000
202607161842,  -0.021,   0.400,9999.000,9999.000,9999.000,9999.000,9999.000,9999.000,9999.000
202607161848,  -0.018,   0.409,9999.000,9999.000,9999.000,9999.000,9999.000,9999.000,9999.000
202607161854,  -0.014,   0.409,9999.000,9999.000,9999.000,9999.000,9999.000,9999.000,9999.000
202607161900,  -0.010,   0.429,   0.400,   0.039,   0.429,   0.400,   0.429,   0.400,   0.429
202607161906,  -0.005,   0.429,9999.000,9999.000,9999.000,9999.000,9999.000,9999.000,9999.000
202607161912,   0.000,   0.429,9999.000,9999.000,9999.000,9999.000,9999.000,9999.000,9999.000
202607161918,   0.005,   0.449,9999.000,9999.000,9999.000,9999.000,9999.000,9999.000,9999.000
202607161924,   0.011,   0.459,9999.000,9999.000,9999.000,9999.000,9999.000,9999.000,9999.000
202607161930,   0.018,   0.449,9999.000,9999.000,9999.000,9999.000,9999.000,9999.000,9999.000
202607161936,   0.025,   0.459,9999.000,9999.000,9999.000,9999.000,9999.000,9999.000,9999.000
202607161942,   0.033,   0.478,9999.000,9999.000,9999.000,9999.000,9999.000,9999.000,9999.000
202607161948,   0.042,   0.478,9999.000,9999.000,9999.000,9999.000,9999.000,9999.000,9999.000
202607161954,   0.051,   0.478,9999.000,9999.000,9999.000,9999.000,9999.000,9999.000,9999.000
202607162000,   0.061,   0.508,   0.400,   0.047,   0.508,   0.400,   0.508,   0.500,   0.608
202607162006,   0.071,   0.518,9999.000,9999.000,9999.000,9999.000,9999.000,9999.000,9999.000
202607162012,   0.082,   0.531,9999.000,9999.000,9999.000,9999.000,9999.000,9999.000,9999.000
202607162018,   0.093,   0.560,9999.000,9999.000,9999.000,9999.000,9999.000,9999.000,9999.000
202607162024,   0.105,   0.560,9999.000,9999.000,9999.000,9999.000,9999.000,9999.000,9999.000
202607162030,   0.118,   0.570,9999.000,9999.000,9999.000,9999.000,9999.000,9999.000,9999.000
202607162036,   0.131,   0.580,9999.000,9999.000,9999.000,9999.000,9999.000,9999.000,9999.000
202607162042,   0.145,   0.629,9999.000,9999.000,9999.000,9999.000,9999.000,9999.000,9999.000
202607162048,   0.159,   0.629,9999.000,9999.000,9999.000,9999.000,9999.000,9999.000,9999.000
202607162054,   0.173,   0.639,9999.000,9999.000,9999.000,9999.000,9999.000,9999.000,9999.000
202607162100,   0.189,   0.688,   0.400,   0.099,   0.688,   0.400,   0.688,   0.500,   0.788
202607162106,   0.204,   0.678,9999.000,9999.000,9999.000,9999.000,9999.000,9999.000,9999.000
202607162112,   0.220,   0.708,9999.000,9999.000,9999.000,9999.000,9999.000,9999.000,9999.000
202607162118,   0.236,   0.718,9999.000,9999.000,9999.000,9999.000,9999.000,9999.000,9999.000
202607162124,   0.253,   0.741,9999.000,9999.000,9999.000,9999.000,9999.000,9999.000,9999.000
202607162130,   0.270,   0.751,9999.000,9999.000,9999.000,9999.000,9999.000,9999.000,9999.000
202607162136,   0.288,   0.780,9999.000,9999.000,9999.000,9999.000,9999.000,9999.000,9999.000
202607162142,   0.305,   0.800,9999.000,9999.000,9999.000,9999.000,9999.000,9999.000,9999.000
202607162148,   0.323,   0.810,9999.000,9999.000,9999.000,9999.000,9999.000,9999.000,9999.000
202607162154,   0.341,   0.859,9999.000,9999.000,9999.000,9999.000,9999.000,9999.000,9999.000
202607162200,   0.359,   0.849,   0.400,   0.090,   0.849,   0.400,   0.849,   0.500,   0.949
202607162206,   0.378,   0.888,9999.000,9999.000,9999.000,9999.000,9999.000,9999.000,9999.000
202607162212,   0.396,   0.918,9999.000,9999.000,9999.000,9999.000,9999.000,9999.000,9999.000
202607162218,   0.415,   0.928,9999.000,9999.000,9999.000,9999.000,9999.000,9999.000,9999.000
202607162224,   0.434,   0.951,9999.000,9999.000,9999.000,9999.000,9999.000,9999.000,9999.000
202607162230,   0.452,   0.961,9999.000,9999.000,9999.000,9999.000,9999.000,9999.000,9999.000
202607162236,   0.471,   0.990,9999.000,9999.000,9999.000,9999.000,9999.000,9999.000,9999.000
202607162242,   0.489,   0.990,9999.000,9999.000,9999.000,9999.000,9999.000,9999.000,9999.000
202607162248,   0.507,   1.020,9999.000,9999.000,9999.000,9999.000,9999.000,9999.000,9999.000
202607162254,   0.526,   1.029,9999.000,9999.000,9999.000,9999.000,9999.000,9999.000,9999.000
202607162300,   0.544,   1.059,   0.400,   0.115,   1.059,   0.400,   1.059,   0.500,   1.159
202607162306,   0.561,   1.069,9999.000,9999.000,9999.000,9999.000,9999.000,9999.000,9999.000
202607162312,   0.579,   1.079,9999.000,9999.000,9999.000,9999.000,9999.000,9999.000,9999.000
202607162318,   0.596,   1.108,9999.000,9999.000,9999.000,9999.000,9999.000,9999.000,9999.000
202607162324,   0.613,   1.108,9999.000,9999.000,9999.000,9999.000,9999.000,9999.000,9999.000
202607162330,   0.630,   1.151,9999.000,9999.000,9999.000,9999.000,9999.000,9999.000,9999.000
202607162336,   0.646,   1.151,9999.000,9999.000,9999.000,9999.000,9999.000,9999.000,9999.000
202607162342,   0.661,   1.170,9999.000,9999.000,9999.000,9999.000,9999.000,9999.000,9999.000
202607162348,   0.677,   1.180,9999.000,9999.000,9999.000,9999.000,9999.000,9999.000,9999.000
202607162354,   0.692,   1.200,9999.000,9999.000,9999.000,9999.000,9999.000,9999.000,9999.000
202607170000,   0.706,   1.229,   0.400,   0.123,   1.229,   0.400,   1.229,   0.400,   1.229
202607170006,   0.720,   1.239,9999.000,9999.000,9999.000,9999.000,9999.000,9999.000,9999.000
202607170012,   0.734,   1.269,9999.000,9999.000,9999.000,9999.000,9999.000,9999.000,9999.000
202607170018,   0.747,   1.289,9999.000,9999.000,9999.000,9999.000,9999.000,9999.000,9999.000
202607170024,   0.759,   1.298,9999.000,9999.000,9999.000,9999.000,9999.000,9999.000,9999.000
202607170030,   0.771,   1.328,9999.000,9999.000,9999.000,9999.000,9999.000,9999.000,9999.000
202607170036,   0.782,   1.328,9999.000,9999.000,9999.000,9999.000,9999.000,9999.000,9999.000
202607170042,   0.793,   1.348,9999.000,9999.000,9999.000,9999.000,9999.000,9999.000,9999.000
202607170048,   0.804,   1.361,9999.000,9999.000,9999.000,9999.000,9999.000,9999.000,9999.000
202607170054,   0.814,   1.380,9999.000,9999.000,9999.000,9999.000,9999.000,9999.000,9999.000
202607170100,   0.823,   1.390,   0.400,   0.167,   1.390,   0.400,   1.390,   0.400,   1.390
202607170106,   0.832,   1.390,9999.000,9999.000,9999.000,9999.000,9999.000,9999.000,9999.000
202607170112,   0.840,   1.400,9999.000,9999.000,9999.000,9999.000,9999.000,9999.000,9999.000
202607170118,   0.848,   1.400,9999.000,9999.000,9999.000,9999.000,9999.000,9999.000,9999.000
202607170124,   0.855,   1.410,9999.000,9999.000,9999.000,9999.000,9999.000,9999.000,9999.000
202607170130,   0.862,   1.430,9999.000,9999.000,9999.000,9999.000,9999.000,9999.000,9999.000
202607170136,   0.868,   1.430,9999.000,9999.000,9999.000,9999.000,9999.000,9999.000,9999.000
202607170142,   0.874,   1.430,9999.000,9999.000,9999.000,9999.000,9999.000,9999.000,9999.000
202607170148,   0.880,   1.439,9999.000,9999.000,9999.000,9999.000,9999.000,9999.000,9999.000
202607170154,   0.885,   1.430,9999.000,9999.000,9999.000,9999.000,9999.000,9999.000,9999.000
202607170200,   0.889,   1.439,   0.400,   0.150,   1.439,   0.400,   1.439,   0.400,   1.439
202607170206,   0.894,   1.449,9999.000,9999.000,9999.000,9999.000,9999.000,9999.000,9999.000
202607170212,   0.897,   1.430,9999.000,9999.000,9999.000,9999.000,9999.000,9999.000,9999.000
202607170218,   0.901,   1.439,9999.000,9999.000,9999.000,9999.000,9999.000,9999.000,9999.000
202607170224,   0.904,   1.439,9999.000,9999.000,9999.000,9999.000,9999.000,9999.000,9999.000
202607170230,   0.907,   1.430,9999.000,9999.000,9999.000,9999.000,9999.000,9999.000,9999.000
202607170236,   0.909,   1.449,9999.000,9999.000,9999.000,9999.000,9999.000,9999.000,9999.000
202607170242,   0.911,   1.430,9999.000,9999.000,9999.000,9999.000,9999.000,9999.000,9999.000
202607170248,   0.913,   1.439,9999.000,9999.000,9999.000,9999.000,9999.000,9999.000,9999.000
202607170254,   0.914,   1.439,9999.000,9999.000,9999.000,9999.000,9999.000,9999.000,9999.000
202607170300,   0.915,   1.439,   0.300,   0.224,   1.439,   0.300,   1.439,   0.400,   1.539
202607170306,   0.916,   1.430,9999.000,9999.000,9999.000,9999.000,9999.000,9999.000,9999.000
202607170312,   0.916,   1.430,9999.000,9999.000,9999.000,9999.000,9999.000,9999.000,9999.000
202607170318,   0.917,   1.430,9999.000,9999.000,9999.000,9999.000,9999.000,9999.000,9999.000
202607170324,   0.917,   1.410,9999.000,9999.000,9999.000,9999.000,9999.000,9999.000,9999.000
202607170330,   0.916,   1.420,9999.000,9999.000,9999.000,9999.000,9999.000,9999.000,9999.000
202607170336,   0.916,   1.400,9999.000,9999.000,9999.000,9999.000,9999.000,9999.000,9999.000
202607170342,   0.915,   1.420,9999.000,9999.000,9999.000,9999.000,9999.000,9999.000,9999.000
202607170348,   0.914,   1.400,9999.000,9999.000,9999.000,9999.000,9999.000,9999.000,9999.000
202607170354,   0.912,   1.410,9999.000,9999.000,9999.000,9999.000,9999.000,9999.000,9999.000
202607170400,   0.911,   1.400,   0.300,   0.189,   1.400,   0.300,   1.400,   0.400,   1.500
202607170406,   0.909,   1.400,9999.000,9999.000,9999.000,9999.000,9999.000,9999.000,9999.000
202607170412,   0.907,   1.410,9999.000,9999.000,9999.000,9999.000,9999.000,9999.000,9999.000
202607170418,   0.905,   1.390,9999.000,9999.000,9999.000,9999.000,9999.000,9999.000,9999.000
202607170424,   0.902,   1.400,9999.000,9999.000,9999.000,9999.000,9999.000,9999.000,9999.000
202607170430,   0.899,   1.380,9999.000,9999.000,9999.000,9999.000,9999.000,9999.000,9999.000
202607170436,   0.896,   1.361,9999.000,9999.000,9999.000,9999.000,9999.000,9999.000,9999.000
202607170442,   0.893,   1.371,9999.000,9999.000,9999.000,9999.000,9999.000,9999.000,9999.000
202607170448,   0.890,   1.361,9999.000,9999.000,9999.000,9999.000,9999.000,9999.000,9999.000
202607170454,   0.886,   1.348,9999.000,9999.000,9999.000,9999.000,9999.000,9999.000,9999.000
202607170500,   0.882,   1.348,   0.400,   0.066,   1.348,   0.400,   1.348,   0.400,   1.348
202607170506,   0.877,   1.338,9999.000,9999.000,9999.000,9999.000,9999.000,9999.000,9999.000
202607170512,   0.873,   1.338,9999.000,9999.000,9999.000,9999.000,9999.000,9999.000,9999.000
202607170518,   0.868,   1.328,9999.000,9999.000,9999.000,9999.000,9999.000,9999.000,9999.000
202607170524,   0.863,   1.289,9999.000,9999.000,9999.000,9999.000,9999.000,9999.000,9999.000
202607170530,   0.858,   1.308,9999.000,9999.000,9999.000,9999.000,9999.000,9999.000,9999.000
202607170536,   0.852,   1.279,9999.000,9999.000,9999.000,9999.000,9999.000,9999.000,9999.000
202607170542,   0.847,   1.269,9999.000,9999.000,9999.000,9999.000,9999.000,9999.000,9999.000
202607170548,   0.841,   1.279,9999.000,9999.000,9999.000,9999.000,9999.000,9999.000,9999.000
202607170554,   0.835,   1.259,9999.000,9999.000,9999.000,9999.000,9999.000,9999.000,9999.000
202607170600,   0.828,   1.289,   0.400,   0.061,   1.289,   0.400,   1.289,   0.400,   1.289
202607170606,   0.822,   1.259,9999.000,9999.000,9999.000,9999.000,9999.000,9999.000,9999.000
202607170612,   0.815,   1.239,9999.000,9999.000,9999.000,9999.000,9999.000,9999.000,9999.000
202607170618,   0.808,   1.249,9999.000,9999.000,9999.000,9999.000,9999.000,9999.000,9999.000
202607170624,   0.801,   1.229,9999.000,9999.000,9999.000,9999.000,9999.000,9999.000,9999.000
202607170630,   0.794,   1.210,9999.000,9999.000,9999.000,9999.000,9999.000,9999.000,9999.000
202607170636,   0.786,   1.220,9999.000,9999.000,9999.000,9999.000,9999.000,9999.000,9999.000
202607170642,   0.779,   1.210,9999.000,9999.000,9999.000,9999.000,9999.000,9999.000,9999.000
202607170648,   0.771,   1.220,9999.000,9999.000,9999.000,9999.000,9999.000,9999.000,9999.000
202607170654,   0.764,   1.220,9999.000,9999.000,9999.000,9999.000,9999.000,9999.000,9999.000
202607170700,   0.756,   1.190,   0.400,   0.034,   1.190,   0.400,   1.190,   0.400,   1.190
202607170706,   0.748,   1.210,9999.000,9999.000,9999.000,9999.000,9999.000,9999.000,9999.000
202607170712,   0.741,   1.210,9999.000,9999.000,9999.000,9999.000,9999.000,9999.000,9999.000
202607170718,   0.733,   1.190,9999.000,9999.000,9999.000,9999.000,9999.000,9999.000,9999.000
202607170724,   0.725,   1.200,9999.000,9999.000,9999.000,9999.000,9999.000,9999.000,9999.000
202607170730,   0.717,   1.190,9999.000,9999.000,9999.000,9999.000,9999.000,9999.000,9999.000
202607170736,   0.710,   1.180,9999.000,9999.000,9999.000,9999.000,9999.000,9999.000,9999.000
202607170742,   0.702,   1.180,9999.000,9999.000,9999.000,9999.000,9999.000,9999.000,9999.000
202607170748,   0.695,   1.161,9999.000,9999.000,9999.000,9999.000,9999.000,9999.000,9999.000
202607170754,   0.687,   1.161,9999.000,9999.000,9999.000,9999.000,9999.000,9999.000,9999.000
202607170800,   0.680,   1.151,   0.400,   0.071,   1.151,   0.400,   1.151,   0.500,   1.251
202607170806,   0.673,   1.138,9999.000,9999.000,9999.000,9999.000,9999.000,9999.000,9999.000
202607170812,   0.666,   1.161,9999.000,9999.000,9999.000,9999.000,9999.000,9999.000,9999.000
202607170818,   0.660,   1.151,9999.000,9999.000,9999.000,9999.000,9999.000,9999.000,9999.000
202607170824,   0.653,   1.128,9999.000,9999.000,9999.000,9999.000,9999.000,9999.000,9999.000
202607170830,   0.647,   1.151,9999.000,9999.000,9999.000,9999.000,9999.000,9999.000,9999.000
202607170836,   0.641,   1.108,9999.000,9999.000,9999.000,9999.000,9999.000,9999.000,9999.000
202607170842,   0.635,   1.138,9999.000,9999.000,9999.000,9999.000,9999.000,9999.000,9999.000
202607170848,   0.630,   1.118,9999.000,9999.000,9999.000,9999.000,9999.000,9999.000,9999.000
202607170854,   0.624,   1.108,9999.000,9999.000,9999.000,9999.000,9999.000,9999.000,9999.000
202607170900,   0.619,   1.138,   0.400,   0.119,   1.138,   0.400,   1.138,   0.400,   1.138
202607170906,   0.615,   1.108,9999.000,9999.000,9999.000,9999.000,9999.000,9999.000,9999.000
202607170912,   0.610,   1.108,9999.000,9999.000,9999.000,9999.000,9999.000,9999.000,9999.000
202607170918,   0.606,   1.128,9999.000,9999.000,9999.000,9999.000,9999.000,9999.000,9999.000
202607170924,   0.602,   1.108,9999.000,9999.000,9999.000,9999.000,9999.000,9999.000,9999.000
202607170930,   0.598,   1.118,9999.000,9999.000,9999.000,9999.000,9999.000,9999.000,9999.000
202607170936,   0.594,   1.118,9999.000,9999.000,9999.000,9999.000,9999.000,9999.000,9999.000
202607170942,   0.591,   1.118,9999.000,9999.000,9999.000,9999.000,9999.000,9999.000,9999.000
202607170948,   0.588,   1.118,9999.000,9999.000,9999.000,9999.000,9999.000,9999.000,9999.000
202607170954,   0.585,   1.098,9999.000,9999.000,9999.000,9999.000,9999.000,9999.000,9999.000
202607171000,   0.582,   1.108,   0.400,   0.126,   1.108,   0.400,   1.108,   0.400,   1.108
202607171006,   0.580,   1.108,9999.000,9999.000,9999.000,9999.000,9999.000,9999.000,9999.000
202607171012,   0.577,   1.098,9999.000,9999.000,9999.000,9999.000,9999.000,9999.000,9999.000
202607171018,   0.575,   1.088,9999.000,9999.000,9999.000,9999.000,9999.000,9999.000,9999.000
202607171024,   0.573,   1.079,9999.000,9999.000,9999.000,9999.000,9999.000,9999.000,9999.000
202607171030,   0.571,   1.069,9999.000,9999.000,9999.000,9999.000,9999.000,9999.000,9999.000
202607171036,   0.568,   1.088,9999.000,9999.000,9999.000,9999.000,9999.000,9999.000,9999.000
202607171042,   0.566,   1.049,9999.000,9999.000,9999.000,9999.000,9999.000,9999.000,9999.000
202607171048,   0.564,   1.059,9999.000,9999.000,9999.000,9999.000,9999.000,9999.000,9999.000
202607171054,   0.562,   1.059,9999.000,9999.000,9999.000,9999.000,9999.000,9999.000,9999.000
202607171100,   0.560,   1.039,   0.400,   0.079,   1.039,   0.400,   1.039,   0.400,   1.039
202607171106,   0.558,   1.049,9999.000,9999.000,9999.000,9999.000,9999.000,9999.000,9999.000
202607171112,   0.556,   1.029,9999.000,9999.000,9999.000,9999.000,9999.000,9999.000,9999.000
202607171118,   0.554,   1.029,9999.000,9999.000,9999.000,9999.000,9999.000,9999.000,9999.000
202607171124,   0.552,   1.029,9999.000,9999.000,9999.000,9999.000,9999.000,9999.000,9999.000
202607171130,   0.549,   1.010,9999.000,9999.000,9999.000,9999.000,9999.000,9999.000,9999.000
202607171136,   0.546,   1.029,9999.000,9999.000,9999.000,9999.000,9999.000,9999.000,9999.000
202607171142,   0.543,   1.010,9999.000,9999.000,9999.000,9999.000,9999.000,9999.000,9999.000
202607171148,   0.540,   1.000,9999.000,9999.000,9999.000,9999.000,9999.000,9999.000,9999.000
202607171154,   0.537,   1.000,9999.000,9999.000,9999.000,9999.000,9999.000,9999.000,9999.000
202607171200,   0.534,   1.000,   0.400,   0.066,   1.000,   0.400,   1.000,   0.400,   1.000
202607171206,   0.530,   0.990,9999.000,9999.000,9999.000,9999.000,9999.000,9999.000,9999.000
202607171212,   0.526,   0.990,9999.000,9999.000,9999.000,9999.000,9999.000,9999.000,9999.000
202607171218,   0.521,   0.970,9999.000,9999.000,9999.000,9999.000,9999.000,9999.000,9999.000
202607171224,   0.517,   0.980,9999.000,9999.000,9999.000,9999.000,9999.000,9999.000,9999.000
202607171230,   0.512,   0.961,9999.000,9999.000,9999.000,9999.000,9999.000,9999.000,9999.000
202607171236,   0.507,   0.970,9999.000,9999.000,9999.000,9999.000,9999.000,9999.000,9999.000
202607171242,   0.502,   0.961,9999.000,9999.000,9999.000,9999.000,9999.000,9999.000,9999.000
202607171248,   0.496,   0.951,9999.000,9999.000,9999.000,9999.000,9999.000,9999.000,9999.000
202607171254,   0.490,   0.961,9999.000,9999.000,9999.000,9999.000,9999.000,9999.000,9999.000
202607171300,   0.484,   0.951,   0.400,   0.067,   0.951,   0.400,   0.951,   0.400,   0.951
202607171306,   0.477,   0.941,9999.000,9999.000,9999.000,9999.000,9999.000,9999.000,9999.000
202607171312,   0.470,   0.941,9999.000,9999.000,9999.000,9999.000,9999.000,9999.000,9999.000
202607171318,   0.463,   0.918,9999.000,9999.000,9999.000,9999.000,9999.000,9999.000,9999.000
202607171324,   0.456,   0.918,9999.000,9999.000,9999.000,9999.000,9999.000,9999.000,9999.000
202607171330,   0.449,   0.928,9999.000,9999.000,9999.000,9999.000,9999.000,9999.000,9999.000
202607171336,   0.441,   0.908,9999.000,9999.000,9999.000,9999.000,9999.000,9999.000,9999.000
202607171342,   0.433,   0.908,9999.000,9999.000,9999.000,9999.000,9999.000,9999.000,9999.000
202607171348,   0.425,   0.869,9999.000,9999.000,9999.000,9999.000,9999.000,9999.000,9999.000
202607171354,   0.417,   0.869,9999.000,9999.000,9999.000,9999.000,9999.000,9999.000,9999.000
202607171400,   0.409,   0.869,   0.400,   0.060,   0.869,   0.400,   0.869,   0.400,   0.869
202607171406,   0.400,   0.839,9999.000,9999.000,9999.000,9999.000,9999.000,9999.000,9999.000
202607171412,   0.392,   0.839,9999.000,9999.000,9999.000,9999.000,9999.000,9999.000,9999.000
202607171418,   0.383,   0.829,9999.000,9999.000,9999.000,9999.000,9999.000,9999.000,9999.000
202607171424,   0.374,   0.800,9999.000,9999.000,9999.000,9999.000,9999.000,9999.000,9999.000
202607171430,   0.366,   0.800,9999.000,9999.000,9999.000,9999.000,9999.000,9999.000,9999.000
202607171436,   0.357,   0.780,9999.000,9999.000,9999.000,9999.000,9999.000,9999.000,9999.000
202607171442,   0.348,   0.760,9999.000,9999.000,9999.000,9999.000,9999.000,9999.000,9999.000
202607171448,   0.339,   0.760,9999.000,9999.000,9999.000,9999.000,9999.000,9999.000,9999.000
202607171454,   0.331,   0.751,9999.000,9999.000,9999.000,9999.000,9999.000,9999.000,9999.000
202607171500,   0.322,   0.731,   0.400,   0.009,   0.731,   0.400,   0.731,   0.400,   0.731
202607171506,   0.314,   0.741,9999.000,9999.000,9999.000,9999.000,9999.000,9999.000,9999.000
202607171512,   0.305,   0.718,9999.000,9999.000,9999.000,9999.000,9999.000,9999.000,9999.000
202607171518,   0.297,   0.708,9999.000,9999.000,9999.000,9999.000,9999.000,9999.000,9999.000
202607171524,   0.289,   0.688,9999.000,9999.000,9999.000,9999.000,9999.000,9999.000,9999.000
202607171530,   0.281,   0.669,9999.000,9999.000,9999.000,9999.000,9999.000,9999.000,9999.000
202607171536,   0.273,   0.678,9999.000,9999.000,9999.000,9999.000,9999.000,9999.000,9999.000
202607171542,   0.265,   0.649,9999.000,9999.000,9999.000,9999.000,9999.000,9999.000,9999.000
202607171548,   0.258,   0.669,9999.000,9999.000,9999.000,9999.000,9999.000,9999.000,9999.000
202607171554,   0.251,   0.669,9999.000,9999.000,9999.000,9999.000,9999.000,9999.000,9999.000
202607171600,   0.244,   0.649,   0.400,   0.005,   0.649,   0.400,   0.649,   0.400,   0.649
202607171606,   0.237,   0.659,9999.000,9999.000,9999.000,9999.000,9999.000,9999.000,9999.000
202607171612,   0.230,   0.659,9999.000,9999.000,9999.000,9999.000,9999.000,9999.000,9999.000
202607171618,   0.224,   0.639,9999.000,9999.000,9999.000,9999.000,9999.000,9999.000,9999.000
202607171624,   0.218,   0.659,9999.000,9999.000,9999.000,9999.000,9999.000,9999.000,9999.000
202607171630,   0.212,   0.629,9999.000,9999.000,9999.000,9999.000,9999.000,9999.000,9999.000
202607171636,   0.206,   0.590,9999.000,9999.000,9999.000,9999.000,9999.000,9999.000,9999.000
202607171642,   0.201,   0.629,9999.000,9999.000,9999.000,9999.000,9999.000,9999.000,9999.000
202607171648,   0.196,   0.580,9999.000,9999.000,9999.000,9999.000,9999.000,9999.000,9999.000
202607171654,   0.191,   0.580,9999.000,9999.000,9999.000,9999.000,9999.000,9999.000,9999.000
202607171700,   0.186,   0.590,   0.400,   0.004,   0.590,   0.400,   0.590,   0.400,   0.590
202607171706,   0.182,   0.560,9999.000,9999.000,9999.000,9999.000,9999.000,9999.000,9999.000
202607171712,   0.178,   0.580,9999.000,9999.000,9999.000,9999.000,9999.000,9999.000,9999.000
202607171718,   0.174,   0.560,9999.000,9999.000,9999.000,9999.000,9999.000,9999.000,9999.000
202607171724,   0.170,   0.560,9999.000,9999.000,9999.000,9999.000,9999.000,9999.000,9999.000
202607171730,   0.167,   0.570,9999.000,9999.000,9999.000,9999.000,9999.000,9999.000,9999.000
202607171736,   0.163,   0.551,9999.000,9999.000,9999.000,9999.000,9999.000,9999.000,9999.000
202607171742,   0.160,   0.541,9999.000,9999.000,9999.000,9999.000,9999.000,9999.000,9999.000
202607171748,   0.158,   0.551,9999.000,9999.000,9999.000,9999.000,9999.000,9999.000,9999.000
202607171754,   0.155,   0.531,9999.000,9999.000,9999.000,9999.000,9999.000,9999.000,9999.000
202607171800,   0.153,   0.518,   0.400,  -0.035,   0.518,   0.400,   0.518,   0.400,   0.518
202607171806,   0.151,   0.541,9999.000,9999.000,9999.000,9999.000,9999.000,9999.000,9999.000
202607171812,   0.150,   0.508,9999.000,9999.000,9999.000,9999.000,9999.000,9999.000,9999.000
202607171818,   0.148,   0.541,9999.000,9999.000,9999.000,9999.000,9999.000,9999.000,9999.000
202607171824,   0.147,   0.531,9999.000,9999.000,9999.000,9999.000,9999.000,9999.000,9999.000
202607171830,   0.146,   0.498,9999.000,9999.000,9999.000,9999.000,9999.000,9999.000,9999.000
202607171836,   0.146,   0.531,9999.000,9999.000,9999.000,9999.000,9999.000,9999.000,9999.000
202607171842,   0.146,   0.518,9999.000,9999.000,9999.000,9999.000,9999.000,9999.000,9999.000
202607171848,   0.146,   0.531,9999.000,9999.000,9999.000,9999.000,9999.000,9999.000,9999.000
202607171854,   0.146,   0.531,9999.000,9999.000,9999.000,9999.000,9999.000,9999.000,9999.000
202607171900,   0.147,   0.541,   0.400,  -0.006,   0.541,   0.400,   0.541,   0.400,   0.541
202607171906,   0.148,   0.541,9999.000,9999.000,9999.000,9999.000,9999.000,9999.000,9999.000
202607171912,   0.149,   0.560,9999.000,9999.000,9999.000,9999.000,9999.000,9999.000,9999.000
202607171918,   0.150,   0.541,9999.000,9999.000,9999.000,9999.000,9999.000,9999.000,9999.000
202607171924,   0.152,   0.560,9999.000,9999.000,9999.000,9999.000,9999.000,9999.000,9999.000
202607171930,   0.155,9999.000,9999.000,9999.000,9999.000,9999.000,9999.000,9999.000,9999.000
202607171936,   0.158,9999.000,9999.000,9999.000,9999.000,9999.000,9999.000,9999.000,9999.000
202607171942,   0.161,9999.000,9999.000,9999.000,9999.000,9999.000,9999.000,9999.000,9999.000
202607171948,   0.164,9999.000,9999.000,9999.000,9999.000,9999.000,9999.000,9999.000,9999.000
202607171954,   0.168,9999.000,9999.000,9999.000,9999.000,9999.000,9999.000,9999.000,9999.000
202607172000,   0.173,   0.580,   0.400,   0.007,   0.580,   0.400,   0.580,   0.400,   0.580
202607172006,   0.177,   0.610,9999.000,9999.000,9999.000,9999.000,9999.000,9999.000,9999.000
202607172012,   0.183,   0.600,9999.000,9999.000,9999.000,9999.000,9999.000,9999.000,9999.000
202607172018,   0.188,9999.000,9999.000,9999.000,9999.000,9999.000,9999.000,9999.000,9999.000
202607172024,   0.194,9999.000,9999.000,9999.000,9999.000,9999.000,9999.000,9999.000,9999.000
202607172030,   0.201,9999.000,9999.000,9999.000,9999.000,9999.000,9999.000,9999.000,9999.000
202607172036,   0.208,9999.000,9999.000,9999.000,9999.000,9999.000,9999.000,9999.000,9999.000
202607172042,   0.216,   0.610,9999.000,9999.000,9999.000,9999.000,9999.000,9999.000,9999.000
202607172048,   0.224,   0.629,9999.000,9999.000,9999.000,9999.000,9999.000,9999.000,9999.000
202607172054,   0.232,   0.649,9999.000,9999.000,9999.000,9999.000,9999.000,9999.000,9999.000
202607172100,   0.241,   0.649,   0.400,   0.008,   0.649,   0.400,   0.649,   0.400,   0.649
202607172106,   0.251,9999.000,9999.000,9999.000,9999.000,9999.000,9999.000,9999.000,9999.000
202607172112,   0.261,9999.000,9999.000,9999.000,9999.000,9999.000,9999.000,9999.000,9999.000
202607172118,   0.271,9999.000,9999.000,9999.000,9999.000,9999.000,9999.000,9999.000,9999.000
202607172124,   0.282,9999.000,9999.000,9999.000,9999.000,9999.000,9999.000,9999.000,9999.000
202607172130,   0.293,   0.688,9999.000,9999.000,9999.000,9999.000,9999.000,9999.000,9999.000
202607172136,   0.305,   0.708,9999.000,9999.000,9999.000,9999.000,9999.000,9999.000,9999.000
202607172142,   0.317,   0.751,9999.000,9999.000,9999.000,9999.000,9999.000,9999.000,9999.000
202607172148,   0.330,9999.000,9999.000,9999.000,9999.000,9999.000,9999.000,9999.000,9999.000
202607172154,   0.343,9999.000,9999.000,9999.000,9999.000,9999.000,9999.000,9999.000,9999.000
202607172200,   0.356,9999.000,   0.400,9999.000,   0.756,   0.400,   0.756,   0.400,   0.756
202607172206,   0.369,9999.000,9999.000,9999.000,9999.000,9999.000,9999.000,9999.000,9999.000
202607172212,   0.383,9999.000,9999.000,9999.000,9999.000,9999.000,9999.000,9999.000,9999.000
202607172218,   0.397,9999.000,9999.000,9999.000,9999.000,9999.000,9999.000,9999.000,9999.000
202607172224,   0.412,   0.961,9999.000,9999.000,9999.000,9999.000,9999.000,9999.000,9999.000
202607172230,   0.426,9999.000,9999.000,9999.000,9999.000,9999.000,9999.000,9999.000,9999.000
202607172236,   0.441,9999.000,9999.000,9999.000,9999.000,9999.000,9999.000,9999.000,9999.000
202607172242,   0.456,   0.898,9999.000,9999.000,9999.000,9999.000,9999.000,9999.000,9999.000
202607172248,   0.471,   0.918,9999.000,9999.000,9999.000,9999.000,9999.000,9999.000,9999.000
202607172254,   0.486,   0.918,9999.000,9999.000,9999.000,9999.000,9999.000,9999.000,9999.000
202607172300,   0.502,   0.961,   0.400,   0.059,   0.961,   0.400,   0.961,   0.400,   0.961
202607172306,   0.517,   0.951,9999.000,9999.000,9999.000,9999.000,9999.000,9999.000,9999.000
202607172312,   0.532,   0.970,9999.000,9999.000,9999.000,9999.000,9999.000,9999.000,9999.000
202607172318,   0.547,   0.970,9999.000,9999.000,9999.000,9999.000,9999.000,9999.000,9999.000
202607172324,   0.562,   0.990,9999.000,9999.000,9999.000,9999.000,9999.000,9999.000,9999.000
202607172330,   0.577,   1.010,9999.000,9999.000,9999.000,9999.000,9999.000,9999.000,9999.000
202607172336,   0.592,   1.029,9999.000,9999.000,9999.000,9999.000,9999.000,9999.000,9999.000
202607172342,   0.606,   1.039,9999.000,9999.000,9999.000,9999.000,9999.000,9999.000,9999.000
202607172348,   0.621,   1.059,9999.000,9999.000,9999.000,9999.000,9999.000,9999.000,9999.000
202607172354,   0.635,   1.079,9999.000,9999.000,9999.000,9999.000,9999.000,9999.000,9999.000
202607180000,   0.648,   1.059,   0.400,   0.011,   1.059,   0.300,   0.959,   0.400,   1.059
202607180006,   0.662,   1.098,9999.000,9999.000,9999.000,9999.000,9999.000,9999.000,9999.000
202607180012,   0.675,   1.098,9999.000,9999.000,9999.000,9999.000,9999.000,9999.000,9999.000
202607180018,   0.687,   1.108,9999.000,9999.000,9999.000,9999.000,9999.000,9999.000,9999.000
202607180024,   0.700,   1.151,9999.000,9999.000,9999.000,9999.000,9999.000,9999.000,9999.000
202607180030,   0.711,   1.138,9999.000,9999.000,9999.000,9999.000,9999.000,9999.000,9999.000
202607180036,   0.723,   1.161,9999.000,9999.000,9999.000,9999.000,9999.000,9999.000,9999.000
202607180042,   0.734,   1.170,9999.000,9999.000,9999.000,9999.000,9999.000,9999.000,9999.000
202607180048,   0.744,   1.180,9999.000,9999.000,9999.000,9999.000,9999.000,9999.000,9999.000
202607180054,   0.754,   1.170,9999.000,9999.000,9999.000,9999.000,9999.000,9999.000,9999.000
202607180100,   0.763,   1.200,   0.400,   0.037,   1.200,   0.300,   1.100,   0.400,   1.200
202607180106,   0.772,   1.200,9999.000,9999.000,9999.000,9999.000,9999.000,9999.000,9999.000
202607180112,   0.781,   1.200,9999.000,9999.000,9999.000,9999.000,9999.000,9999.000,9999.000
202607180118,   0.788,   1.210,9999.000,9999.000,9999.000,9999.000,9999.000,9999.000,9999.000
202607180124,   0.796,   1.200,9999.000,9999.000,9999.000,9999.000,9999.000,9999.000,9999.000
202607180130,   0.803,   1.269,9999.000,9999.000,9999.000,9999.000,9999.000,9999.000,9999.000
202607180136,   0.809,   1.239,9999.000,9999.000,9999.000,9999.000,9999.000,9999.000,9999.000
202607180142,   0.815,   1.259,9999.000,9999.000,9999.000,9999.000,9999.000,9999.000,9999.000
202607180148,   0.820,   1.289,9999.000,9999.000,9999.000,9999.000,9999.000,9999.000,9999.000
202607180154,   0.824,   1.259,9999.000,9999.000,9999.000,9999.000,9999.000,9999.000,9999.000
202607180200,   0.829,   1.289,   0.400,   0.060,   1.289,   0.300,   1.189,   0.400,   1.289
202607180206,   0.832,   1.298,9999.000,9999.000,9999.000,9999.000,9999.000,9999.000,9999.000
202607180212,   0.836,   1.298,9999.000,9999.000,9999.000,9999.000,9999.000,9999.000,9999.000
202607180218,   0.838,   1.328,9999.000,9999.000,9999.000,9999.000,9999.000,9999.000,9999.000
202607180224,   0.841,   1.328,9999.000,9999.000,9999.000,9999.000,9999.000,9999.000,9999.000
202607180230,   0.843,   1.318,9999.000,9999.000,9999.000,9999.000,9999.000,9999.000,9999.000
202607180236,   0.844,   1.318,9999.000,9999.000,9999.000,9999.000,9999.000,9999.000,9999.000
202607180242,   0.845,   1.328,9999.000,9999.000,9999.000,9999.000,9999.000,9999.000,9999.000
202607180248,   0.846,   1.318,9999.000,9999.000,9999.000,9999.000,9999.000,9999.000,9999.000
202607180254,   0.846,   1.318,9999.000,9999.000,9999.000,9999.000,9999.000,9999.000,9999.000
202607180300,   0.846,   1.308,   0.300,   0.162,   1.308,   0.300,   1.308,   0.400,   1.408
202607180306,   0.846,   1.308,9999.000,9999.000,9999.000,9999.000,9999.000,9999.000,9999.000
202607180312,   0.845,   1.298,9999.000,9999.000,9999.000,9999.000,9999.000,9999.000,9999.000
202607180318,   0.844,   1.289,9999.000,9999.000,9999.000,9999.000,9999.000,9999.000,9999.000
202607180324,   0.843,   1.279,9999.000,9999.000,9999.000,9999.000,9999.000,9999.000,9999.000
202607180330,   0.842,   1.279,9999.000,9999.000,9999.000,9999.000,9999.000,9999.000,9999.000
202607180336,   0.840,   1.269,9999.000,9999.000,9999.000,9999.000,9999.000,9999.000,9999.000
202607180342,   0.838,   1.269,9999.000,9999.000,9999.000,9999.000,9999.000,9999.000,9999.000
202607180348,   0.836,   1.259,9999.000,9999.000,9999.000,9999.000,9999.000,9999.000,9999.000
202607180354,   0.834,   1.279,9999.000,9999.000,9999.000,9999.000,9999.000,9999.000,9999.000
202607180400,   0.831,   1.239,   0.300,   0.108,   1.239,   0.300,   1.239,   0.400,   1.339
202607180406,   0.829,   1.239,9999.000,9999.000,9999.000,9999.000,9999.000,9999.000,9999.000
202607180412,   0.826,   1.239,9999.000,9999.000,9999.000,9999.000,9999.000,9999.000,9999.000
202607180418,   0.823,   1.220,9999.000,9999.000,9999.000,9999.000,9999.000,9999.000,9999.000
202607180424,   0.819,   1.239,9999.000,9999.000,9999.000,9999.000,9999.000,9999.000,9999.000
202607180430,   0.816,   1.220,9999.000,9999.000,9999.000,9999.000,9999.000,9999.000,9999.000
202607180436,   0.813,   1.220,9999.000,9999.000,9999.000,9999.000,9999.000,9999.000,9999.000
202607180442,   0.809,   1.220,9999.000,9999.000,9999.000,9999.000,9999.000,9999.000,9999.000
202607180448,   0.805,   1.200,9999.000,9999.000,9999.000,9999.000,9999.000,9999.000,9999.000
202607180454,   0.801,   1.210,9999.000,9999.000,9999.000,9999.000,9999.000,9999.000,9999.000
202607180500,   0.797,   1.200,   0.400,   0.003,   1.200,   0.400,   1.200,   0.400,   1.200
202607180506,   0.793,   1.180,9999.000,9999.000,9999.000,9999.000,9999.000,9999.000,9999.000
202607180512,   0.789,   1.180,9999.000,9999.000,9999.000,9999.000,9999.000,9999.000,9999.000
202607180518,   0.784,   1.170,9999.000,9999.000,9999.000,9999.000,9999.000,9999.000,9999.000
202607180524,   0.779,   1.170,9999.000,9999.000,9999.000,9999.000,9999.000,9999.000,9999.000
202607180530,   0.775,   1.151,9999.000,9999.000,9999.000,9999.000,9999.000,9999.000,9999.000
202607180536,   0.770,   1.138,9999.000,9999.000,9999.000,9999.000,9999.000,9999.000,9999.000
202607180542,   0.765,   1.138,9999.000,9999.000,9999.000,9999.000,9999.000,9999.000,9999.000
202607180548,   0.759,   1.108,9999.000,9999.000,9999.000,9999.000,9999.000,9999.000,9999.000
202607180554,   0.754,   1.088,9999.000,9999.000,9999.000,9999.000,9999.000,9999.000,9999.000
202607180600,   0.748,   1.108,   0.400,  -0.040,   1.108,   0.400,   1.108,   0.400,   1.108
202607180606,   0.743,   1.079,9999.000,9999.000,9999.000,9999.000,9999.000,9999.000,9999.000
202607180612,   0.737,   1.059,9999.000,9999.000,9999.000,9999.000,9999.000,9999.000,9999.000
202607180618,   0.731,   1.079,9999.000,9999.000,9999.000,9999.000,9999.000,9999.000,9999.000
202607180624,   0.725,   1.049,9999.000,9999.000,9999.000,9999.000,9999.000,9999.000,9999.000
202607180630,   0.719,   1.049,9999.000,9999.000,9999.000,9999.000,9999.000,9999.000,9999.000
202607180636,   0.712,   1.049,9999.000,9999.000,9999.000,9999.000,9999.000,9999.000,9999.000
202607180642,   0.706,   1.039,9999.000,9999.000,9999.000,9999.000,9999.000,9999.000,9999.000
202607180648,   0.699,   1.039,9999.000,9999.000,9999.000,9999.000,9999.000,9999.000,9999.000
202607180654,   0.692,   1.039,9999.000,9999.000,9999.000,9999.000,9999.000,9999.000,9999.000
202607180700,   0.685,   1.010,   0.400,  -0.075,   1.010,   0.400,   1.010,   0.400,   1.010
202607180706,   0.678,   1.020,9999.000,9999.000,9999.000,9999.000,9999.000,9999.000,9999.000
202607180712,   0.671,   1.029,9999.000,9999.000,9999.000,9999.000,9999.000,9999.000,9999.000
202607180718,   0.664,   1.000,9999.000,9999.000,9999.000,9999.000,9999.000,9999.000,9999.000
202607180724,   0.657,   1.020,9999.000,9999.000,9999.000,9999.000,9999.000,9999.000,9999.000
202607180730,   0.650,   1.020,9999.000,9999.000,9999.000,9999.000,9999.000,9999.000,9999.000
202607180736,   0.643,   0.970,9999.000,9999.000,9999.000,9999.000,9999.000,9999.000,9999.000
202607180742,   0.636,   1.000,9999.000,9999.000,9999.000,9999.000,9999.000,9999.000,9999.000
202607180748,   0.628,   0.951,9999.000,9999.000,9999.000,9999.000,9999.000,9999.000,9999.000
202607180754,   0.621,   0.961,9999.000,9999.000,9999.000,9999.000,9999.000,9999.000,9999.000
202607180800,   0.614,   0.990,   0.400,  -0.024,   0.990,   0.400,   0.990,   0.400,   0.990
202607180806,   0.607,   0.961,9999.000,9999.000,9999.000,9999.000,9999.000,9999.000,9999.000
202607180812,   0.600,   0.970,9999.000,9999.000,9999.000,9999.000,9999.000,9999.000,9999.000
202607180818,   0.593,   0.970,9999.000,9999.000,9999.000,9999.000,9999.000,9999.000,9999.000
202607180824,   0.587,   0.951,9999.000,9999.000,9999.000,9999.000,9999.000,9999.000,9999.000
202607180830,   0.580,   0.961,9999.000,9999.000,9999.000,9999.000,9999.000,9999.000,9999.000
202607180836,   0.574,   0.961,9999.000,9999.000,9999.000,9999.000,9999.000,9999.000,9999.000
202607180842,   0.567,   0.928,9999.000,9999.000,9999.000,9999.000,9999.000,9999.000,9999.000
202607180848,   0.561,   0.951,9999.000,9999.000,9999.000,9999.000,9999.000,9999.000,9999.000
202607180854,   0.556,   0.941,9999.000,9999.000,9999.000,9999.000,9999.000,9999.000,9999.000
202607180900,   0.550,   0.941,   0.400,  -0.009,   0.941,   0.400,   0.941,   0.400,   0.941
202607180906,   0.545,   0.941,9999.000,9999.000,9999.000,9999.000,9999.000,9999.000,9999.000
202607180912,   0.540,   0.928,9999.000,9999.000,9999.000,9999.000,9999.000,9999.000,9999.000
202607180918,   0.535,   0.941,9999.000,9999.000,9999.000,9999.000,9999.000,9999.000,9999.000
202607180924,   0.531,   0.918,9999.000,9999.000,9999.000,9999.000,9999.000,9999.000,9999.000
202607180930,   0.527,   0.928,9999.000,9999.000,9999.000,9999.000,9999.000,9999.000,9999.000
202607180936,   0.523,   0.918,9999.000,9999.000,9999.000,9999.000,9999.000,9999.000,9999.000
202607180942,   0.520,   0.888,9999.000,9999.000,9999.000,9999.000,9999.000,9999.000,9999.000
202607180948,   0.517,   0.908,9999.000,9999.000,9999.000,9999.000,9999.000,9999.000,9999.000
202607180954,   0.514,   0.888,9999.000,9999.000,9999.000,9999.000,9999.000,9999.000,9999.000
202607181000,   0.511,   0.879,   0.400,  -0.032,   0.879,   0.400,   0.879,   0.400,   0.879
202607181006,   0.509,   0.888,9999.000,9999.000,9999.000,9999.000,9999.000,9999.000,9999.000
202607181012,   0.507,   0.869,9999.000,9999.000,9999.000,9999.000,9999.000,9999.000,9999.000
202607181018,   0.506,   0.898,9999.000,9999.000,9999.000,9999.000,9999.000,9999.000,9999.000
202607181024,   0.505,   0.898,9999.000,9999.000,9999.000,9999.000,9999.000,9999.000,9999.000
202607181030,   0.504,   0.888,9999.000,9999.000,9999.000,9999.000,9999.000,9999.000,9999.000
202607181036,   0.503,   0.888,9999.000,9999.000,9999.000,9999.000,9999.000,9999.000,9999.000
202607181042,   0.503,   0.898,9999.000,9999.000,9999.000,9999.000,9999.000,9999.000,9999.000
202607181048,   0.503,   0.918,9999.000,9999.000,9999.000,9999.000,9999.000,9999.000,9999.000
202607181054,   0.503,   0.908,9999.000,9999.000,9999.000,9999.000,9999.000,9999.000,9999.000
202607181100,   0.503,   0.951,   0.400,   0.048,   0.951,   0.400,   0.951,   0.400,   0.951
202607181106,   0.504,   0.951,9999.000,9999.000,9999.000,9999.000,9999.000,9999.000,9999.000
202607181112,   0.505,   0.941,9999.000,9999.000,9999.000,9999.000,9999.000,9999.000,9999.000
202607181118,   0.506,   0.951,9999.000,9999.000,9999.000,9999.000,9999.000,9999.000,9999.000
202607181124,   0.507,   0.951,9999.000,9999.000,9999.000,9999.000,9999.000,9999.000,9999.000
202607181130,   0.508,   0.941,9999.000,9999.000,9999.000,9999.000,9999.000,9999.000,9999.000
202607181136,   0.509,   0.961,9999.000,9999.000,9999.000,9999.000,9999.000,9999.000,9999.000
202607181142,   0.510,   0.951,9999.000,9999.000,9999.000,9999.000,9999.000,9999.000,9999.000
202607181148,   0.512,   0.961,9999.000,9999.000,9999.000,9999.000,9999.000,9999.000,9999.000
202607181154,   0.513,   0.970,9999.000,9999.000,9999.000,9999.000,9999.000,9999.000,9999.000
202607181200,   0.514,   0.961,   0.300,   0.147,   0.961,   0.300,   0.961,   0.300,   0.961
202607181206,   0.515,   0.961,9999.000,9999.000,9999.000,9999.000,9999.000,9999.000,9999.000
202607181212,   0.517,   0.961,9999.000,9999.000,9999.000,9999.000,9999.000,9999.000,9999.000
202607181218,   0.518,   0.980,9999.000,9999.000,9999.000,9999.000,9999.000,9999.000,9999.000
202607181224,   0.518,   0.980,9999.000,9999.000,9999.000,9999.000,9999.000,9999.000,9999.000
202607181230,   0.519,   0.970,9999.000,9999.000,9999.000,9999.000,9999.000,9999.000,9999.000
202607181236,   0.520,   0.961,9999.000,9999.000,9999.000,9999.000,9999.000,9999.000,9999.000
202607181242,   0.520,   0.980,9999.000,9999.000,9999.000,9999.000,9999.000,9999.000,9999.000
202607181248,   0.520,   0.961,9999.000,9999.000,9999.000,9999.000,9999.000,9999.000,9999.000
202607181254,   0.520,   0.970,9999.000,9999.000,9999.000,9999.000,9999.000,9999.000,9999.000
202607181300,   0.520,   0.951,   0.300,   0.131,   0.951,   0.300,   0.951,   0.300,   0.951
202607181306,   0.519,   0.970,9999.000,9999.000,9999.000,9999.000,9999.000,9999.000,9999.000
202607181312,   0.519,   0.970,9999.000,9999.000,9999.000,9999.000,9999.000,9999.000,9999.000
202607181318,   0.518,   0.941,9999.000,9999.000,9999.000,9999.000,9999.000,9999.000,9999.000
202607181324,   0.516,   0.980,9999.000,9999.000,9999.000,9999.000,9999.000,9999.000,9999.000
202607181330,   0.515,   0.951,9999.000,9999.000,9999.000,9999.000,9999.000,9999.000,9999.000
202607181336,   0.513,   0.941,9999.000,9999.000,9999.000,9999.000,9999.000,9999.000,9999.000
202607181342,   0.511,   0.951,9999.000,9999.000,9999.000,9999.000,9999.000,9999.000,9999.000
202607181348,   0.508,   0.941,9999.000,9999.000,9999.000,9999.000,9999.000,9999.000,9999.000
202607181354,   0.506,   0.951,9999.000,9999.000,9999.000,9999.000,9999.000,9999.000,9999.000
202607181400,   0.503,   0.961,   0.300,   0.158,   0.961,   0.300,   0.961,   0.300,   0.961
202607181406,   0.499,   0.918,9999.000,9999.000,9999.000,9999.000,9999.000,9999.000,9999.000
202607181412,   0.496,   0.941,9999.000,9999.000,9999.000,9999.000,9999.000,9999.000,9999.000
202607181418,   0.492,   0.941,9999.000,9999.000,9999.000,9999.000,9999.000,9999.000,9999.000
202607181424,   0.488,   0.918,9999.000,9999.000,9999.000,9999.000,9999.000,9999.000,9999.000
202607181430,   0.484,   0.941,9999.000,9999.000,9999.000,9999.000,9999.000,9999.000,9999.000
202607181436,   0.480,   0.941,9999.000,9999.000,9999.000,9999.000,9999.000,9999.000,9999.000
202607181442,   0.475,   0.951,9999.000,9999.000,9999.000,9999.000,9999.000,9999.000,9999.000
202607181448,   0.471,   0.918,9999.000,9999.000,9999.000,9999.000,9999.000,9999.000,9999.000
202607181454,   0.466,   0.918,9999.000,9999.000,9999.000,9999.000,9999.000,9999.000,9999.000
202607181500,   0.461,   0.928,   0.300,   0.167,   0.928,   0.300,   0.928,   0.300,   0.928
202607181506,   0.456,   0.928,9999.000,9999.000,9999.000,9999.000,9999.000,9999.000,9999.000
202607181512,   0.451,   0.898,9999.000,9999.000,9999.000,9999.000,9999.000,9999.000,9999.000
202607181518,   0.446,   0.918,9999.000,9999.000,9999.000,9999.000,9999.000,9999.000,9999.000
202607181524,   0.441,   0.898,9999.000,9999.000,9999.000,9999.000,9999.000,9999.000,9999.000
202607181530,   0.435,   0.879,9999.000,9999.000,9999.000,9999.000,9999.000,9999.000,9999.000
202607181536,   0.430,   0.869,9999.000,9999.000,9999.000,9999.000,9999.000,9999.000,9999.000
202607181542,   0.425,   0.859,9999.000,9999.000,9999.000,9999.000,9999.000,9999.000,9999.000
202607181548,   0.420,   0.849,9999.000,9999.000,9999.000,9999.000,9999.000,9999.000,9999.000
202607181554,   0.415,   0.839,9999.000,9999.000,9999.000,9999.000,9999.000,9999.000,9999.000
202607181600,   0.410,   0.839,   0.300,   0.129,   0.839,   0.300,   0.839,   0.300,   0.839
202607181606,   0.405,   0.829,9999.000,9999.000,9999.000,9999.000,9999.000,9999.000,9999.000
202607181612,   0.400,   0.839,9999.000,9999.000,9999.000,9999.000,9999.000,9999.000,9999.000
202607181618,   0.395,   0.829,9999.000,9999.000,9999.000,9999.000,9999.000,9999.000,9999.000
202607181624,   0.391,   0.800,9999.000,9999.000,9999.000,9999.000,9999.000,9999.000,9999.000
202607181630,   0.386,   0.810,9999.000,9999.000,9999.000,9999.000,9999.000,9999.000,9999.000
202607181636,   0.382,   0.829,9999.000,9999.000,9999.000,9999.000,9999.000,9999.000,9999.000
202607181642,   0.378,   0.819,9999.000,9999.000,9999.000,9999.000,9999.000,9999.000,9999.000
202607181648,   0.374,   0.790,9999.000,9999.000,9999.000,9999.000,9999.000,9999.000,9999.000
202607181654,   0.370,   0.790,9999.000,9999.000,9999.000,9999.000,9999.000,9999.000,9999.000
202607181700,   0.366,   0.810,   0.300,   0.144,   0.810,   0.300,   0.810,   0.300,   0.810
202607181706,   0.363,   0.780,9999.000,9999.000,9999.000,9999.000,9999.000,9999.000,9999.000
202607181712,   0.359,   0.780,9999.000,9999.000,9999.000,9999.000,9999.000,9999.000,9999.000
202607181718,   0.356,   0.780,9999.000,9999.000,9999.000,9999.000,9999.000,9999.000,9999.000
202607181724,   0.353,   0.770,9999.000,9999.000,9999.000,9999.000,9999.000,9999.000,9999.000
202607181730,   0.350,   0.780,9999.000,9999.000,9999.000,9999.000,9999.000,9999.000,9999.000
202607181736,   0.348,   0.741,9999.000,9999.000,9999.000,9999.000,9999.000,9999.000,9999.000
202607181742,   0.345,   0.780,9999.000,9999.000,9999.000,9999.000,9999.000,9999.000,9999.000
202607181748,   0.343,   0.751,9999.000,9999.000,9999.000,9999.000,9999.000,9999.000,9999.000
202607181754,   0.341,   0.760,9999.000,9999.000,9999.000,9999.000,9999.000,9999.000,9999.000
202607181800,   0.339,   0.741,   0.400,   0.002,   0.741,   0.300,   0.641,   0.400,   0.741
202607181806,   0.337,   0.731,9999.000,9999.000,9999.000,9999.000,9999.000,9999.000,9999.000
202607181812,   0.336,   0.760,9999.000,9999.000,9999.000,9999.000,9999.000,9999.000,9999.000
202607181818,   0.334,   0.731,9999.000,9999.000,9999.000,9999.000,9999.000,9999.000,9999.000
202607181824,   0.333,   0.731,9999.000,9999.000,9999.000,9999.000,9999.000,9999.000,9999.000
202607181830,   0.332,   0.731,9999.000,9999.000,9999.000,9999.000,9999.000,9999.000,9999.000
202607181836,   0.331,   0.718,9999.000,9999.000,9999.000,9999.000,9999.000,9999.000,9999.000
202607181842,   0.330,   0.718,9999.000,9999.000,9999.000,9999.000,9999.000,9999.000,9999.000
202607181848,   0.329,   0.718,9999.000,9999.000,9999.000,9999.000,9999.000,9999.000,9999.000
202607181854,   0.328,   0.708,9999.000,9999.000,9999.000,9999.000,9999.000,9999.000,9999.000
202607181900,   0.328,   0.718,   0.300,   0.090,   0.718,   0.300,   0.718,   0.400,   0.818
202607181906,   0.328,   0.698,9999.000,9999.000,9999.000,9999.000,9999.000,9999.000,9999.000
202607181912,   0.328,   0.678,9999.000,9999.000,9999.000,9999.000,9999.000,9999.000,9999.000
202607181918,   0.328,   0.718,9999.000,9999.000,9999.000,9999.000,9999.000,9999.000,9999.000
202607181924,   0.328,   0.708,9999.000,9999.000,9999.000,9999.000,9999.000,9999.000,9999.000
202607181930,   0.328,   0.718,9999.000,9999.000,9999.000,9999.000,9999.000,9999.000,9999.000
202607181936,   0.329,   0.741,9999.000,9999.000,9999.000,9999.000,9999.000,9999.000,9999.000
202607181942,   0.329,   0.751,9999.000,9999.000,9999.000,9999.000,9999.000,9999.000,9999.000
202607181948,   0.330,   0.731,9999.000,9999.000,9999.000,9999.000,9999.000,9999.000,9999.000
202607181954,   0.331,   0.751,9999.000,9999.000,9999.000,9999.000,9999.000,9999.000,9999.000
202607182000,   0.332,   0.751,   0.400,   0.019,   0.751,   0.300,   0.651,   0.400,   0.751
202607182006,   0.334,   0.770,9999.000,9999.000,9999.000,9999.000,9999.000,9999.000,9999.000
202607182012,   0.335,   0.780,9999.000,9999.000,9999.000,9999.000,9999.000,9999.000,9999.000
202607182018,   0.337,   0.770,9999.000,9999.000,9999.000,9999.000,9999.000,9999.000,9999.000
202607182024,   0.339,   0.790,9999.000,9999.000,9999.000,9999.000,9999.000,9999.000,9999.000
202607182030,   0.342,   0.780,9999.000,9999.000,9999.000,9999.000,9999.000,9999.000,9999.000
202607182036,   0.345,   0.770,9999.000,9999.000,9999.000,9999.000,9999.000,9999.000,9999.000
202607182042,   0.348,   0.770,9999.000,9999.000,9999.000,9999.000,9999.000,9999.000,9999.000
202607182048,   0.351,   0.770,9999.000,9999.000,9999.000,9999.000,9999.000,9999.000,9999.000
202607182054,   0.354,   0.790,9999.000,9999.000,9999.000,9999.000,9999.000,9999.000,9999.000
202607182100,   0.358,   0.790,   0.400,   0.032,   0.790,   0.400,   0.790,   0.400,   0.790
202607182106,   0.362,   0.760,9999.000,9999.000,9999.000,9999.000,9999.000,9999.000,9999.000
202607182112,   0.367,   0.770,9999.000,9999.000,9999.000,9999.000,9999.000,9999.000,9999.000
202607182118,   0.372,   0.790,9999.000,9999.000,9999.000,9999.000,9999.000,9999.000,9999.000
202607182124,   0.377,   0.780,9999.000,9999.000,9999.000,9999.000,9999.000,9999.000,9999.000
202607182130,   0.382,   0.790,9999.000,9999.000,9999.000,9999.000,9999.000,9999.000,9999.000
202607182136,   0.388,   0.810,9999.000,9999.000,9999.000,9999.000,9999.000,9999.000,9999.000
202607182142,   0.395,   0.829,9999.000,9999.000,9999.000,9999.000,9999.000,9999.000,9999.000
202607182148,   0.401,   0.819,9999.000,9999.000,9999.000,9999.000,9999.000,9999.000,9999.000
202607182154,   0.408,   0.819,9999.000,9999.000,9999.000,9999.000,9999.000,9999.000,9999.000
202607182200,   0.416,   0.849,   0.400,   0.033,   0.849,   0.400,   0.849,   0.400,   0.849
202607182206,   0.423,   0.879,9999.000,9999.000,9999.000,9999.000,9999.000,9999.000,9999.000
202607182212,   0.431,   0.849,9999.000,9999.000,9999.000,9999.000,9999.000,9999.000,9999.000
202607182218,   0.440,   0.908,9999.000,9999.000,9999.000,9999.000,9999.000,9999.000,9999.000
202607182224,   0.449,   0.879,9999.000,9999.000,9999.000,9999.000,9999.000,9999.000,9999.000
202607182230,   0.458,   0.918,9999.000,9999.000,9999.000,9999.000,9999.000,9999.000,9999.000
202607182236,   0.467,   0.941,9999.000,9999.000,9999.000,9999.000,9999.000,9999.000,9999.000
202607182242,   0.477,   0.928,9999.000,9999.000,9999.000,9999.000,9999.000,9999.000,9999.000
202607182248,   0.487,   0.951,9999.000,9999.000,9999.000,9999.000,9999.000,9999.000,9999.000
202607182254,   0.497,   0.951,9999.000,9999.000,9999.000,9999.000,9999.000,9999.000,9999.000
202607182300,   0.507,   0.970,   0.400,   0.063,   0.970,   0.400,   0.970,   0.400,   0.970
202607182306,   0.518,   0.970,9999.000,9999.000,9999.000,9999.000,9999.000,9999.000,9999.000
202607182312,   0.529,   0.961,9999.000,9999.000,9999.000,9999.000,9999.000,9999.000,9999.000
202607182318,   0.539,   1.010,9999.000,9999.000,9999.000,9999.000,9999.000,9999.000,9999.000
202607182324,   0.551,   1.029,9999.000,9999.000,9999.000,9999.000,9999.000,9999.000,9999.000
202607182330,   0.562,   1.010,9999.000,9999.000,9999.000,9999.000,9999.000,9999.000,9999.000
202607182336,   0.573,   1.029,9999.000,9999.000,9999.000,9999.000,9999.000,9999.000,9999.000
202607182342,   0.584,   1.049,9999.000,9999.000,9999.000,9999.000,9999.000,9999.000,9999.000
202607182348,   0.595,   1.059,9999.000,9999.000,9999.000,9999.000,9999.000,9999.000,9999.000
202607182354,   0.607,   1.079,9999.000,9999.000,9999.000,9999.000,9999.000,9999.000,9999.000
202607190000,   0.618,   1.079,   0.400,   0.061,   1.079,   0.400,   1.079,   0.400,   1.079
202607190006,   0.629,   1.098,9999.000,9999.000,9999.000,9999.000,9999.000,9999.000,9999.000
202607190012,   0.640,   1.108,9999.000,9999.000,9999.000,9999.000,9999.000,9999.000,9999.000
202607190018,   0.650,   1.108,9999.000,9999.000,9999.000,9999.000,9999.000,9999.000,9999.000
202607190024,   0.661,   1.138,9999.000,9999.000,9999.000,9999.000,9999.000,9999.000,9999.000
202607190030,   0.671,   1.118,9999.000,9999.000,9999.000,9999.000,9999.000,9999.000,9999.000
202607190036,   0.681,   1.138,9999.000,9999.000,9999.000,9999.000,9999.000,9999.000,9999.000
202607190042,   0.691,   1.138,9999.000,9999.000,9999.000,9999.000,9999.000,9999.000,9999.000
202607190048,   0.701,   1.138,9999.000,9999.000,9999.000,9999.000,9999.000,9999.000,9999.000
202607190054,   0.710,   1.170,9999.000,9999.000,9999.000,9999.000,9999.000,9999.000,9999.000
202607190100,   0.718,   1.161,   0.400,   0.043,   1.161,   0.400,   1.161,   0.400,   1.161
202607190106,   0.727,   1.161,9999.000,9999.000,9999.000,9999.000,9999.000,9999.000,9999.000
202607190112,   0.735,   1.180,9999.000,9999.000,9999.000,9999.000,9999.000,9999.000,9999.000
202607190118,   0.742,   1.190,9999.000,9999.000,9999.000,9999.000,9999.000,9999.000,9999.000
202607190124,   0.749,   1.180,9999.000,9999.000,9999.000,9999.000,9999.000,9999.000,9999.000
202607190130,   0.756,   1.180,9999.000,9999.000,9999.000,9999.000,9999.000,9999.000,9999.000
202607190136,   0.762,   1.190,9999.000,9999.000,9999.000,9999.000,9999.000,9999.000,9999.000
202607190142,   0.767,   1.161,9999.000,9999.000,9999.000,9999.000,9999.000,9999.000,9999.000
202607190148,   0.772,   1.200,9999.000,9999.000,9999.000,9999.000,9999.000,9999.000,9999.000
202607190154,   0.777,   1.200,9999.000,9999.000,9999.000,9999.000,9999.000,9999.000,9999.000
202607190200,   0.781,   1.210,   0.400,   0.029,   1.210,   0.400,   1.210,   0.400,   1.210
202607190206,   0.784,   1.210,9999.000,9999.000,9999.000,9999.000,9999.000,9999.000,9999.000
202607190212,   0.787,   1.190,9999.000,9999.000,9999.000,9999.000,9999.000,9999.000,9999.000
202607190218,   0.790,   1.229,9999.000,9999.000,9999.000,9999.000,9999.000,9999.000,9999.000
202607190224,   0.792,   1.200,9999.000,9999.000,9999.000,9999.000,9999.000,9999.000,9999.000
202607190230,   0.793,   1.220,9999.000,9999.000,9999.000,9999.000,9999.000,9999.000,9999.000
202607190236,   0.794,   1.210,9999.000,9999.000,9999.000,9999.000,9999.000,9999.000,9999.000
202607190242,   0.795,   1.200,9999.000,9999.000,9999.000,9999.000,9999.000,9999.000,9999.000
202607190248,   0.795,   1.239,9999.000,9999.000,9999.000,9999.000,9999.000,9999.000,9999.000
202607190254,   0.794,   1.229,9999.000,9999.000,9999.000,9999.000,9999.000,9999.000,9999.000
202607190300,   0.794,   1.220,   0.400,   0.026,   1.220,   0.400,   1.220,   0.400,   1.220
202607190306,   0.792,   1.229,9999.000,9999.000,9999.000,9999.000,9999.000,9999.000,9999.000
202607190312,   0.791,   1.229,9999.000,9999.000,9999.000,9999.000,9999.000,9999.000,9999.000
202607190318,   0.789,   1.220,9999.000,9999.000,9999.000,9999.000,9999.000,9999.000,9999.000
202607190324,   0.786,   1.249,9999.000,9999.000,9999.000,9999.000,9999.000,9999.000,9999.000
202607190330,   0.783,   1.220,9999.000,9999.000,9999.000,9999.000,9999.000,9999.000,9999.000
202607190336,   0.780,   1.210,9999.000,9999.000,9999.000,9999.000,9999.000,9999.000,9999.000
202607190342,   0.777,   1.210,9999.000,9999.000,9999.000,9999.000,9999.000,9999.000,9999.000
202607190348,   0.773,   1.200,9999.000,9999.000,9999.000,9999.000,9999.000,9999.000,9999.000
202607190354,   0.769,   1.220,9999.000,9999.000,9999.000,9999.000,9999.000,9999.000,9999.000
202607190400,   0.765,   1.200,   0.400,   0.035,   1.200,   0.400,   1.200,   0.400,   1.200
202607190406,   0.761,   1.200,9999.000,9999.000,9999.000,9999.000,9999.000,9999.000,9999.000
202607190412,   0.756,   1.170,9999.000,9999.000,9999.000,9999.000,9999.000,9999.000,9999.000
202607190418,   0.751,   1.180,9999.000,9999.000,9999.000,9999.000,9999.000,9999.000,9999.000
202607190424,   0.747,   1.170,9999.000,9999.000,9999.000,9999.000,9999.000,9999.000,9999.000
202607190430,   0.741,   1.170,9999.000,9999.000,9999.000,9999.000,9999.000,9999.000,9999.000
202607190436,   0.736,   1.161,9999.000,9999.000,9999.000,9999.000,9999.000,9999.000,9999.000
202607190442,   0.731,   1.138,9999.000,9999.000,9999.000,9999.000,9999.000,9999.000,9999.000
202607190448,   0.726,   1.138,9999.000,9999.000,9999.000,9999.000,9999.000,9999.000,9999.000
202607190454,   0.720,   1.118,9999.000,9999.000,9999.000,9999.000,9999.000,9999.000,9999.000
202607190500,   0.714,   1.128,   0.400,   0.014,   1.128,   0.400,   1.128,   0.400,   1.128
202607190506,   0.709,   1.088,9999.000,9999.000,9999.000,9999.000,9999.000,9999.000,9999.000
202607190512,   0.703,   1.079,9999.000,9999.000,9999.000,9999.000,9999.000,9999.000,9999.000
202607190518,   0.697,   1.069,9999.000,9999.000,9999.000,9999.000,9999.000,9999.000,9999.000
202607190524,   0.691,   1.088,9999.000,9999.000,9999.000,9999.000,9999.000,9999.000,9999.000
202607190530,   0.686,   1.059,9999.000,9999.000,9999.000,9999.000,9999.000,9999.000,9999.000
202607190536,   0.680,   1.029,9999.000,9999.000,9999.000,9999.000,9999.000,9999.000,9999.000
202607190542,   0.674,   1.059,9999.000,9999.000,9999.000,9999.000,9999.000,9999.000,9999.000
202607190548,   0.668,   1.029,9999.000,9999.000,9999.000,9999.000,9999.000,9999.000,9999.000
202607190554,   0.662,   1.029,9999.000,9999.000,9999.000,9999.000,9999.000,9999.000,9999.000
202607190600,   0.655,   1.029,   0.500,  -0.126,   1.029,   0.400,   0.929,   0.500,   1.029
202607190606,   0.649,   0.990,9999.000,9999.000,9999.000,9999.000,9999.000,9999.000,9999.000
202607190612,   0.643,   1.000,9999.000,9999.000,9999.000,9999.000,9999.000,9999.000,9999.000
202607190618,   0.637,   0.970,9999.000,9999.000,9999.000,9999.000,9999.000,9999.000,9999.000
202607190624,   0.631,   0.980,9999.000,9999.000,9999.000,9999.000,9999.000,9999.000,9999.000
202607190630,   0.624,   0.980,9999.000,9999.000,9999.000,9999.000,9999.000,9999.000,9999.000
202607190636,   0.618,   0.951,9999.000,9999.000,9999.000,9999.000,9999.000,9999.000,9999.000
202607190642,   0.612,   0.951,9999.000,9999.000,9999.000,9999.000,9999.000,9999.000,9999.000
202607190648,   0.605,   0.908,9999.000,9999.000,9999.000,9999.000,9999.000,9999.000,9999.000
202607190654,   0.599,   0.908,9999.000,9999.000,9999.000,9999.000,9999.000,9999.000,9999.000
202607190700,   0.592,   0.908,   0.500,  -0.184,   0.908,   0.400,   0.808,   0.500,   0.908
202607190706,   0.585,   0.908,9999.000,9999.000,9999.000,9999.000,9999.000,9999.000,9999.000
202607190712,   0.579,   0.898,9999.000,9999.000,9999.000,9999.000,9999.000,9999.000,9999.000
202607190718,   0.572,   0.918,9999.000,9999.000,9999.000,9999.000,9999.000,9999.000,9999.000
202607190724,   0.565,   0.908,9999.000,9999.000,9999.000,9999.000,9999.000,9999.000,9999.000
202607190730,   0.559,   0.869,9999.000,9999.000,9999.000,9999.000,9999.000,9999.000,9999.000
202607190736,   0.552,   0.888,9999.000,9999.000,9999.000,9999.000,9999.000,9999.000,9999.000
202607190742,   0.545,   0.888,9999.000,9999.000,9999.000,9999.000,9999.000,9999.000,9999.000
202607190748,   0.538,   0.879,9999.000,9999.000,9999.000,9999.000,9999.000,9999.000,9999.000
202607190754,   0.531,   0.879,9999.000,9999.000,9999.000,9999.000,9999.000,9999.000,9999.000
202607190800,   0.524,   0.869,   0.500,  -0.155,   0.869,   0.400,   0.769,   0.500,   0.869
202607190806,   0.517,   0.839,9999.000,9999.000,9999.000,9999.000,9999.000,9999.000,9999.000
202607190812,   0.511,   0.849,9999.000,9999.000,9999.000,9999.000,9999.000,9999.000,9999.000
202607190818,   0.504,   0.849,9999.000,9999.000,9999.000,9999.000,9999.000,9999.000,9999.000
202607190824,   0.497,   0.829,9999.000,9999.000,9999.000,9999.000,9999.000,9999.000,9999.000
202607190830,   0.490,   0.849,9999.000,9999.000,9999.000,9999.000,9999.000,9999.000,9999.000
202607190836,   0.484,   0.859,9999.000,9999.000,9999.000,9999.000,9999.000,9999.000,9999.000
202607190842,   0.477,   0.859,9999.000,9999.000,9999.000,9999.000,9999.000,9999.000,9999.000
202607190848,   0.471,   0.859,9999.000,9999.000,9999.000,9999.000,9999.000,9999.000,9999.000
202607190854,   0.465,   0.849,9999.000,9999.000,9999.000,9999.000,9999.000,9999.000,9999.000
202607190900,   0.459,   0.869,   0.400,   0.010,   0.869,   0.400,   0.869,   0.500,   0.969
202607190906,   0.453,   0.869,9999.000,9999.000,9999.000,9999.000,9999.000,9999.000,9999.000
202607190912,   0.447,   0.849,9999.000,9999.000,9999.000,9999.000,9999.000,9999.000,9999.000
202607190918,   0.442,   0.879,9999.000,9999.000,9999.000,9999.000,9999.000,9999.000,9999.000
202607190924,   0.437,   0.849,9999.000,9999.000,9999.000,9999.000,9999.000,9999.000,9999.000
202607190930,   0.432,   0.839,9999.000,9999.000,9999.000,9999.000,9999.000,9999.000,9999.000
202607190936,   0.427,   0.849,9999.000,9999.000,9999.000,9999.000,9999.000,9999.000,9999.000
202607190942,   0.423,   0.839,9999.000,9999.000,9999.000,9999.000,9999.000,9999.000,9999.000
202607190948,   0.419,   0.839,9999.000,9999.000,9999.000,9999.000,9999.000,9999.000,9999.000
202607190954,   0.415,   0.819,9999.000,9999.000,9999.000,9999.000,9999.000,9999.000,9999.000
202607191000,   0.412,   0.819,   0.500,  -0.093,   0.819,   0.400,   0.719,   0.500,   0.819
202607191006,   0.409,   0.800,9999.000,9999.000,9999.000,9999.000,9999.000,9999.000,9999.000
202607191012,   0.406,   0.810,9999.000,9999.000,9999.000,9999.000,9999.000,9999.000,9999.000
202607191018,   0.404,   0.819,9999.000,9999.000,9999.000,9999.000,9999.000,9999.000,9999.000
202607191024,   0.402,   0.800,9999.000,9999.000,9999.000,9999.000,9999.000,9999.000,9999.000
202607191030,   0.401,   0.790,9999.000,9999.000,9999.000,9999.000,9999.000,9999.000,9999.000
202607191036,   0.399,   0.780,9999.000,9999.000,9999.000,9999.000,9999.000,9999.000,9999.000
202607191042,   0.399,   0.790,9999.000,9999.000,9999.000,9999.000,9999.000,9999.000,9999.000
202607191048,   0.398,   0.780,9999.000,9999.000,9999.000,9999.000,9999.000,9999.000,9999.000
202607191054,   0.399,   0.780,9999.000,9999.000,9999.000,9999.000,9999.000,9999.000,9999.000
202607191100,   0.399,   0.780,   0.400,  -0.019,   0.780,   0.400,   0.780,   0.500,   0.880
202607191106,   0.400,   0.790,9999.000,9999.000,9999.000,9999.000,9999.000,9999.000,9999.000
202607191112,   0.401,   0.790,9999.000,9999.000,9999.000,9999.000,9999.000,9999.000,9999.000
202607191118,   0.403,   0.790,9999.000,9999.000,9999.000,9999.000,9999.000,9999.000,9999.000
202607191124,   0.405,   0.810,9999.000,9999.000,9999.000,9999.000,9999.000,9999.000,9999.000
202607191130,   0.407,   0.800,9999.000,9999.000,9999.000,9999.000,9999.000,9999.000,9999.000
202607191136,   0.410,   0.829,9999.000,9999.000,9999.000,9999.000,9999.000,9999.000,9999.000
202607191142,   0.413,   0.829,9999.000,9999.000,9999.000,9999.000,9999.000,9999.000,9999.000
202607191148,   0.416,   0.829,9999.000,9999.000,9999.000,9999.000,9999.000,9999.000,9999.000
202607191154,   0.419,   0.869,9999.000,9999.000,9999.000,9999.000,9999.000,9999.000,9999.000
202607191200,   0.423,   0.849,   0.300,   0.126,   0.849,   0.300,   0.849,   0.300,   0.849
202607191206,   0.427,   0.859,9999.000,9999.000,9999.000,9999.000,9999.000,9999.000,9999.000
202607191212,   0.431,   0.888,9999.000,9999.000,9999.000,9999.000,9999.000,9999.000,9999.000
202607191218,   0.435,   0.859,9999.000,9999.000,9999.000,9999.000,9999.000,9999.000,9999.000
202607191224,   0.440,   0.879,9999.000,9999.000,9999.000,9999.000,9999.000,9999.000,9999.000
202607191230,   0.444,   0.898,9999.000,9999.000,9999.000,9999.000,9999.000,9999.000,9999.000
202607191236,   0.449,   0.869,9999.000,9999.000,9999.000,9999.000,9999.000,9999.000,9999.000
202607191242,   0.453,   0.898,9999.000,9999.000,9999.000,9999.000,9999.000,9999.000,9999.000
202607191248,   0.458,   0.898,9999.000,9999.000,9999.000,9999.000,9999.000,9999.000,9999.000
202607191254,   0.463,   0.879,9999.000,9999.000,9999.000,9999.000,9999.000,9999.000,9999.000
202607191300,   0.467,   0.918,   0.300,   0.151,   0.918,   0.300,   0.918,   0.400,   1.018
202607191306,   0.472,   0.908,9999.000,9999.000,9999.000,9999.000,9999.000,9999.000,9999.000
202607191312,   0.476,   0.918,9999.000,9999.000,9999.000,9999.000,9999.000,9999.000,9999.000
202607191318,   0.481,   0.928,9999.000,9999.000,9999.000,9999.000,9999.000,9999.000,9999.000
202607191324,   0.485,   0.941,9999.000,9999.000,9999.000,9999.000,9999.000,9999.000,9999.000
202607191330,   0.489,   0.951,9999.000,9999.000,9999.000,9999.000,9999.000,9999.000,9999.000
202607191336,   0.493,   0.941,9999.000,9999.000,9999.000,9999.000,9999.000,9999.000,9999.000
202607191342,   0.497,   0.941,9999.000,9999.000,9999.000,9999.000,9999.000,9999.000,9999.000
202607191348,   0.500,   0.941,9999.000,9999.000,9999.000,9999.000,9999.000,9999.000,9999.000
202607191354,   0.504,   0.941,9999.000,9999.000,9999.000,9999.000,9999.000,9999.000,9999.000
202607191400,   0.507,   0.941,   0.300,   0.134,   0.941,   0.300,   0.941,   0.400,   1.041
202607191406,   0.510,   0.961,9999.000,9999.000,9999.000,9999.000,9999.000,9999.000,9999.000
202607191412,   0.512,   0.951,9999.000,9999.000,9999.000,9999.000,9999.000,9999.000,9999.000
202607191418,   0.515,   0.951,9999.000,9999.000,9999.000,9999.000,9999.000,9999.000,9999.000
202607191424,   0.517,   0.980,9999.000,9999.000,9999.000,9999.000,9999.000,9999.000,9999.000
202607191430,   0.519,   0.980,9999.000,9999.000,9999.000,9999.000,9999.000,9999.000,9999.000
202607191436,   0.520,   0.941,9999.000,9999.000,9999.000,9999.000,9999.000,9999.000,9999.000
202607191442,   0.522,   0.961,9999.000,9999.000,9999.000,9999.000,9999.000,9999.000,9999.000
202607191448,   0.523,   0.951,9999.000,9999.000,9999.000,9999.000,9999.000,9999.000,9999.000
202607191454,   0.523,   0.941,9999.000,9999.000,9999.000,9999.000,9999.000,9999.000,9999.000
202607191500,   0.524,   0.951,   0.300,   0.127,   0.951,   0.300,   0.951,   0.300,   0.951
202607191506,   0.524,   0.928,9999.000,9999.000,9999.000,9999.000,9999.000,9999.000,9999.000
202607191512,   0.524,   0.970,9999.000,9999.000,9999.000,9999.000,9999.000,9999.000,9999.000
202607191518,   0.524,   0.951,9999.000,9999.000,9999.000,9999.000,9999.000,9999.000,9999.000
202607191524,   0.524,   0.941,9999.000,9999.000,9999.000,9999.000,9999.000,9999.000,9999.000
202607191530,   0.523,   0.961,9999.000,9999.000,9999.000,9999.000,9999.000,9999.000,9999.000
202607191536,   0.523,   0.951,9999.000,9999.000,9999.000,9999.000,9999.000,9999.000,9999.000
202607191542,   0.522,   0.961,9999.000,9999.000,9999.000,9999.000,9999.000,9999.000,9999.000
202607191548,   0.521,   0.951,9999.000,9999.000,9999.000,9999.000,9999.000,9999.000,9999.000
202607191554,   0.520,   0.961,9999.000,9999.000,9999.000,9999.000,9999.000,9999.000,9999.000
202607191600,   0.518,   0.941,   0.300,   0.123,   0.941,   0.300,   0.941,   0.300,   0.941
202607191606,   0.517,   0.951,9999.000,9999.000,9999.000,9999.000,9999.000,9999.000,9999.000
202607191612,   0.516,   0.941,9999.000,9999.000,9999.000,9999.000,9999.000,9999.000,9999.000
202607191618,   0.514,   0.941,9999.000,9999.000,9999.000,9999.000,9999.000,9999.000,9999.000
202607191624,   0.512,   0.961,9999.000,9999.000,9999.000,9999.000,9999.000,9999.000,9999.000
202607191630,   0.511,   0.941,9999.000,9999.000,9999.000,9999.000,9999.000,9999.000,9999.000
202607191636,   0.509,   0.941,9999.000,9999.000,9999.000,9999.000,9999.000,9999.000,9999.000
202607191642,   0.508,   0.951,9999.000,9999.000,9999.000,9999.000,9999.000,9999.000,9999.000
202607191648,   0.506,   0.951,9999.000,9999.000,9999.000,9999.000,9999.000,9999.000,9999.000
202607191654,   0.505,   0.941,9999.000,9999.000,9999.000,9999.000,9999.000,9999.000,9999.000
202607191700,   0.503,   0.941,   0.300,   0.138,   0.941,   0.300,   0.941,   0.400,   1.041
202607191706,   0.502,   0.941,9999.000,9999.000,9999.000,9999.000,9999.000,9999.000,9999.000
202607191712,   0.500,   0.941,9999.000,9999.000,9999.000,9999.000,9999.000,9999.000,9999.000
202607191718,   0.499,   0.941,9999.000,9999.000,9999.000,9999.000,9999.000,9999.000,9999.000
202607191724,   0.498,   0.941,9999.000,9999.000,9999.000,9999.000,9999.000,9999.000,9999.000
202607191730,   0.497,   0.918,9999.000,9999.000,9999.000,9999.000,9999.000,9999.000,9999.000
202607191736,   0.496,   0.941,9999.000,9999.000,9999.000,9999.000,9999.000,9999.000,9999.000
202607191742,   0.495,   0.898,9999.000,9999.000,9999.000,9999.000,9999.000,9999.000,9999.000
202607191748,   0.494,   0.908,9999.000,9999.000,9999.000,9999.000,9999.000,9999.000,9999.000
202607191754,   0.493,   0.908,9999.000,9999.000,9999.000,9999.000,9999.000,9999.000,9999.000
202607191800,   0.493,   0.898,   0.300,   0.105,   0.898,   0.300,   0.898,   0.300,   0.898
202607191806,   0.492,   0.898,9999.000,9999.000,9999.000,9999.000,9999.000,9999.000,9999.000
202607191812,   0.491,   0.898,9999.000,9999.000,9999.000,9999.000,9999.000,9999.000,9999.000
202607191818,   0.491,   0.898,9999.000,9999.000,9999.000,9999.000,9999.000,9999.000,9999.000
202607191824,   0.491,   0.898,9999.000,9999.000,9999.000,9999.000,9999.000,9999.000,9999.000
202607191830,   0.491,   0.908,9999.000,9999.000,9999.000,9999.000,9999.000,9999.000,9999.000
202607191836,   0.490,   0.898,9999.000,9999.000,9999.000,9999.000,9999.000,9999.000,9999.000
202607191842,   0.490,   0.908,9999.000,9999.000,9999.000,9999.000,9999.000,9999.000,9999.000
202607191848,   0.490,   0.898,9999.000,9999.000,9999.000,9999.000,9999.000,9999.000,9999.000
202607191854,   0.491,   0.928,9999.000,9999.000,9999.000,9999.000,9999.000,9999.000,9999.000
202607191900,   0.491,   0.908,   0.300,   0.117,   0.908,   0.300,   0.908,   0.300,   0.908
202607191906,   0.491,   0.928,9999.000,9999.000,9999.000,9999.000,9999.000,9999.000,9999.000
202607191912,   0.491,   0.941,9999.000,9999.000,9999.000,9999.000,9999.000,9999.000,9999.000
202607191918,   0.491,   0.928,9999.000,9999.000,9999.000,9999.000,9999.000,9999.000,9999.000
202607191924,   0.492,   0.928,9999.000,9999.000,9999.000,9999.000,9999.000,9999.000,9999.000
202607191930,   0.492,   0.928,9999.000,9999.000,9999.000,9999.000,9999.000,9999.000,9999.000
202607191936,   0.492,   0.928,9999.000,9999.000,9999.000,9999.000,9999.000,9999.000,9999.000
202607191942,   0.493,   0.918,9999.000,9999.000,9999.000,9999.000,9999.000,9999.000,9999.000
202607191948,   0.493,   0.941,9999.000,9999.000,9999.000,9999.000,9999.000,9999.000,9999.000
202607191954,   0.494,   0.918,9999.000,9999.000,9999.000,9999.000,9999.000,9999.000,9999.000
202607192000,   0.494,   0.918,   0.300,   0.124,   0.918,   0.300,   0.918,   0.400,   1.018
202607192006,   0.495,   0.928,9999.000,9999.000,9999.000,9999.000,9999.000,9999.000,9999.000
202607192012,   0.495,   0.928,9999.000,9999.000,9999.000,9999.000,9999.000,9999.000,9999.000
202607192018,   0.496,   0.941,9999.000,9999.000,9999.000,9999.000,9999.000,9999.000,9999.000
202607192024,   0.497,   0.918,9999.000,9999.000,9999.000,9999.000,9999.000,9999.000,9999.000
202607192030,   0.497,   0.928,9999.000,9999.000,9999.000,9999.000,9999.000,9999.000,9999.000
202607192036,   0.498,   0.928,9999.000,9999.000,9999.000,9999.000,9999.000,9999.000,9999.000
202607192042,   0.499,   0.951,9999.000,9999.000,9999.000,9999.000,9999.000,9999.000,9999.000
202607192048,   0.500,   0.941,9999.000,9999.000,9999.000,9999.000,9999.000,9999.000,9999.000
202607192054,   0.501,   0.961,9999.000,9999.000,9999.000,9999.000,9999.000,9999.000,9999.000
202607192100,   0.502,   0.951,   0.300,   0.149,   0.951,   0.300,   0.951,   0.400,   1.051
202607192106,   0.503,   0.961,9999.000,9999.000,9999.000,9999.000,9999.000,9999.000,9999.000
202607192112,   0.504,   0.961,9999.000,9999.000,9999.000,9999.000,9999.000,9999.000,9999.000
202607192118,   0.505,   0.941,9999.000,9999.000,9999.000,9999.000,9999.000,9999.000,9999.000
202607192124,   0.507,   0.941,9999.000,9999.000,9999.000,9999.000,9999.000,9999.000,9999.000
202607192130,   0.509,   0.951,9999.000,9999.000,9999.000,9999.000,9999.000,9999.000,9999.000
202607192136,   0.510,   0.951,9999.000,9999.000,9999.000,9999.000,9999.000,9999.000,9999.000
202607192142,   0.512,   0.970,9999.000,9999.000,9999.000,9999.000,9999.000,9999.000,9999.000
202607192148,   0.515,   0.951,9999.000,9999.000,9999.000,9999.000,9999.000,9999.000,9999.000
202607192154,   0.517,   0.941,9999.000,9999.000,9999.000,9999.000,9999.000,9999.000,9999.000
202607192200,   0.519,   0.951,   0.300,   0.132,   0.951,   0.300,   0.951,   0.400,   1.051
202607192206,   0.522,   0.941,9999.000,9999.000,9999.000,9999.000,9999.000,9999.000,9999.000
202607192212,   0.525,   0.941,9999.000,9999.000,9999.000,9999.000,9999.000,9999.000,9999.000
202607192218,   0.528,   0.970,9999.000,9999.000,9999.000,9999.000,9999.000,9999.000,9999.000
202607192224,   0.532,   0.941,9999.000,9999.000,9999.000,9999.000,9999.000,9999.000,9999.000
202607192230,   0.536,   0.970,9999.000,9999.000,9999.000,9999.000,9999.000,9999.000,9999.000
202607192236,   0.540,   1.000,9999.000,9999.000,9999.000,9999.000,9999.000,9999.000,9999.000
202607192242,   0.544,   0.990,9999.000,9999.000,9999.000,9999.000,9999.000,9999.000,9999.000
202607192248,   0.548,   1.039,9999.000,9999.000,9999.000,9999.000,9999.000,9999.000,9999.000
202607192254,   0.553,   1.010,9999.000,9999.000,9999.000,9999.000,9999.000,9999.000,9999.000
202607192300,   0.558,   1.029,   0.300,   0.171,   1.029,   0.300,   1.029,   0.400,   1.129
202607192306,   0.563,   1.029,9999.000,9999.000,9999.000,9999.000,9999.000,9999.000,9999.000
202607192312,   0.569,   1.020,9999.000,9999.000,9999.000,9999.000,9999.000,9999.000,9999.000
202607192318,   0.574,   1.039,9999.000,9999.000,9999.000,9999.000,9999.000,9999.000,9999.000
202607192324,   0.580,   1.049,9999.000,9999.000,9999.000,9999.000,9999.000,9999.000,9999.000
202607192330,   0.586,   1.049,9999.000,9999.000,9999.000,9999.000,9999.000,9999.000,9999.000
202607192336,   0.592,   1.059,9999.000,9999.000,9999.000,9999.000,9999.000,9999.000,9999.000
202607192342,   0.599,   1.049,9999.000,9999.000,9999.000,9999.000,9999.000,9999.000,9999.000
202607192348,   0.606,   1.049,9999.000,9999.000,9999.000,9999.000,9999.000,9999.000,9999.000
202607192354,   0.612,   1.098,9999.000,9999.000,9999.000,9999.000,9999.000,9999.000,9999.000
202607200000,   0.619,   1.088,   0.400,   0.069,   1.088,   0.400,   1.088,   0.400,   1.088
202607200006,   0.626,   1.118,9999.000,9999.000,9999.000,9999.000,9999.000,9999.000,9999.000
202607200012,   0.633,   1.118,9999.000,9999.000,9999.000,9999.000,9999.000,9999.000,9999.000
202607200018,   0.640,   1.108,9999.000,9999.000,9999.000,9999.000,9999.000,9999.000,9999.000
202607200024,   0.647,   1.128,9999.000,9999.000,9999.000,9999.000,9999.000,9999.000,9999.000
202607200030,   0.654,   1.108,9999.000,9999.000,9999.000,9999.000,9999.000,9999.000,9999.000
202607200036,   0.661,   1.108,9999.000,9999.000,9999.000,9999.000,9999.000,9999.000,9999.000
202607200042,   0.668,   1.138,9999.000,9999.000,9999.000,9999.000,9999.000,9999.000,9999.000
202607200048,   0.675,   1.138,9999.000,9999.000,9999.000,9999.000,9999.000,9999.000,9999.000
202607200054,   0.682,   1.151,9999.000,9999.000,9999.000,9999.000,9999.000,9999.000,9999.000
202607200100,   0.689,   1.180,   0.400,   0.091,   1.180,   0.400,   1.180,   0.400,   1.180
202607200106,   0.695,   1.170,9999.000,9999.000,9999.000,9999.000,9999.000,9999.000,9999.000
202607200112,   0.701,   1.161,9999.000,9999.000,9999.000,9999.000,9999.000,9999.000,9999.000
202607200118,   0.707,   1.190,9999.000,9999.000,9999.000,9999.000,9999.000,9999.000,9999.000
202607200124,   0.713,   1.180,9999.000,9999.000,9999.000,9999.000,9999.000,9999.000,9999.000
202607200130,   0.718,   1.190,9999.000,9999.000,9999.000,9999.000,9999.000,9999.000,9999.000
202607200136,   0.724,   1.190,9999.000,9999.000,9999.000,9999.000,9999.000,9999.000,9999.000
202607200142,   0.728,   1.180,9999.000,9999.000,9999.000,9999.000,9999.000,9999.000,9999.000
202607200148,   0.733,   1.220,9999.000,9999.000,9999.000,9999.000,9999.000,9999.000,9999.000
202607200154,   0.737,   1.220,9999.000,9999.000,9999.000,9999.000,9999.000,9999.000,9999.000
202607200200,   0.740,   1.210,   0.400,   0.070,   1.210,   0.400,   1.210,   0.400,   1.210
202607200206,   0.744,   1.239,9999.000,9999.000,9999.000,9999.000,9999.000,9999.000,9999.000
202607200212,   0.746,   1.200,9999.000,9999.000,9999.000,9999.000,9999.000,9999.000,9999.000
202607200218,   0.749,   1.210,9999.000,9999.000,9999.000,9999.000,9999.000,9999.000,9999.000
202607200224,   0.750,   1.239,9999.000,9999.000,9999.000,9999.000,9999.000,9999.000,9999.000
202607200230,   0.752,   1.220,9999.000,9999.000,9999.000,9999.000,9999.000,9999.000,9999.000
202607200236,   0.753,   1.229,9999.000,9999.000,9999.000,9999.000,9999.000,9999.000,9999.000
202607200242,   0.753,   1.239,9999.000,9999.000,9999.000,9999.000,9999.000,9999.000,9999.000
202607200248,   0.753,   1.210,9999.000,9999.000,9999.000,9999.000,9999.000,9999.000,9999.000
202607200254,   0.753,   1.220,9999.000,9999.000,9999.000,9999.000,9999.000,9999.000,9999.000
202607200300,   0.752,   1.200,   0.400,   0.048,   1.200,   0.400,   1.200,   0.400,   1.200
202607200306,   0.750,   1.190,9999.000,9999.000,9999.000,9999.000,9999.000,9999.000,9999.000
202607200312,   0.748,   1.229,9999.000,9999.000,9999.000,9999.000,9999.000,9999.000,9999.000
202607200318,   0.746,   1.210,9999.000,9999.000,9999.000,9999.000,9999.000,9999.000,9999.000
202607200324,   0.743,   1.220,9999.000,9999.000,9999.000,9999.000,9999.000,9999.000,9999.000
202607200330,   0.740,   1.220,9999.000,9999.000,9999.000,9999.000,9999.000,9999.000,9999.000
202607200336,   0.736,   1.190,9999.000,9999.000,9999.000,9999.000,9999.000,9999.000,9999.000
202607200342,   0.732,   1.210,9999.000,9999.000,9999.000,9999.000,9999.000,9999.000,9999.000
202607200348,   0.727,   1.210,9999.000,9999.000,9999.000,9999.000,9999.000,9999.000,9999.000
202607200354,   0.723,   1.190,9999.000,9999.000,9999.000,9999.000,9999.000,9999.000,9999.000
202607200400,   0.717,   1.210,   0.400,   0.093,   1.210,   0.400,   1.210,   0.400,   1.210
202607200406,   0.712,   1.180,9999.000,9999.000,9999.000,9999.000,9999.000,9999.000,9999.000
202607200412,   0.706,   1.180,9999.000,9999.000,9999.000,9999.000,9999.000,9999.000,9999.000
202607200418,   0.700,   1.180,9999.000,9999.000,9999.000,9999.000,9999.000,9999.000,9999.000
202607200424,   0.694,   1.170,9999.000,9999.000,9999.000,9999.000,9999.000,9999.000,9999.000
202607200430,   0.687,   1.161,9999.000,9999.000,9999.000,9999.000,9999.000,9999.000,9999.000
202607200436,   0.680,   1.170,9999.000,9999.000,9999.000,9999.000,9999.000,9999.000,9999.000
202607200442,   0.673,   1.138,9999.000,9999.000,9999.000,9999.000,9999.000,9999.000,9999.000
202607200448,   0.666,   1.118,9999.000,9999.000,9999.000,9999.000,9999.000,9999.000,9999.000
202607200454,   0.659,   1.108,9999.000,9999.000,9999.000,9999.000,9999.000,9999.000,9999.000
202607200500,   0.651,   1.108,   0.400,   0.057,   1.108,   0.400,   1.108,   0.400,   1.108
202607200506,   0.644,   1.098,9999.000,9999.000,9999.000,9999.000,9999.000,9999.000,9999.000
202607200512,   0.636,   1.079,9999.000,9999.000,9999.000,9999.000,9999.000,9999.000,9999.000
202607200518,   0.628,   1.098,9999.000,9999.000,9999.000,9999.000,9999.000,9999.000,9999.000
202607200524,   0.621,   1.088,9999.000,9999.000,9999.000,9999.000,9999.000,9999.000,9999.000
202607200530,   0.613,   1.059,9999.000,9999.000,9999.000,9999.000,9999.000,9999.000,9999.000
202607200536,   0.605,   1.088,9999.000,9999.000,9999.000,9999.000,9999.000,9999.000,9999.000
202607200542,   0.597,   1.020,9999.000,9999.000,9999.000,9999.000,9999.000,9999.000,9999.000
202607200548,   0.589,   1.010,9999.000,9999.000,9999.000,9999.000,9999.000,9999.000,9999.000
202607200554,   0.581,   1.049,9999.000,9999.000,9999.000,9999.000,9999.000,9999.000,9999.000
202607200600,   0.573,   1.010,   0.500,  -0.063,   1.010,   0.500,   1.010,   0.500,   1.010
202607200606,   0.566,   1.020,9999.000,9999.000,9999.000,9999.000,9999.000,9999.000,9999.000
202607200612,   0.558,   1.000,9999.000,9999.000,9999.000,9999.000,9999.000,9999.000,9999.000
202607200618,   0.550,   0.980,9999.000,9999.000,9999.000,9999.000,9999.000,9999.000,9999.000
202607200624,   0.542,   0.980,9999.000,9999.000,9999.000,9999.000,9999.000,9999.000,9999.000
202607200630,   0.535,   0.941,9999.000,9999.000,9999.000,9999.000,9999.000,9999.000,9999.000
202607200636,   0.527,   0.951,9999.000,9999.000,9999.000,9999.000,9999.000,9999.000,9999.000
202607200642,   0.520,   0.928,9999.000,9999.000,9999.000,9999.000,9999.000,9999.000,9999.000
202607200648,   0.512,   0.928,9999.000,9999.000,9999.000,9999.000,9999.000,9999.000,9999.000
202607200654,   0.505,   0.928,9999.000,9999.000,9999.000,9999.000,9999.000,9999.000,9999.000
202607200700,   0.497,   0.908,   0.500,  -0.089,   0.908,   0.500,   0.908,   0.500,   0.908
202607200706,   0.490,   0.898,9999.000,9999.000,9999.000,9999.000,9999.000,9999.000,9999.000
202607200712,   0.483,   0.908,9999.000,9999.000,9999.000,9999.000,9999.000,9999.000,9999.000
202607200718,   0.476,   0.888,9999.000,9999.000,9999.000,9999.000,9999.000,9999.000,9999.000
202607200724,   0.468,   0.879,9999.000,9999.000,9999.000,9999.000,9999.000,9999.000,9999.000
202607200730,   0.461,   0.888,9999.000,9999.000,9999.000,9999.000,9999.000,9999.000,9999.000
202607200736,   0.454,   0.859,9999.000,9999.000,9999.000,9999.000,9999.000,9999.000,9999.000
202607200742,   0.447,   0.879,9999.000,9999.000,9999.000,9999.000,9999.000,9999.000,9999.000
202607200748,   0.440,   0.859,9999.000,9999.000,9999.000,9999.000,9999.000,9999.000,9999.000
202607200754,   0.433,   0.869,9999.000,9999.000,9999.000,9999.000,9999.000,9999.000,9999.000
202607200800,   0.426,   0.849,   0.500,  -0.077,   0.849,   0.500,   0.849,   0.500,   0.849
202607200806,   0.419,   0.819,9999.000,9999.000,9999.000,9999.000,9999.000,9999.000,9999.000
202607200812,   0.413,   0.829,9999.000,9999.000,9999.000,9999.000,9999.000,9999.000,9999.000
202607200818,   0.406,   0.790,9999.000,9999.000,9999.000,9999.000,9999.000,9999.000,9999.000
202607200824,   0.399,   0.810,9999.000,9999.000,9999.000,9999.000,9999.000,9999.000,9999.000
202607200830,   0.392,   0.810,9999.000,9999.000,9999.000,9999.000,9999.000,9999.000,9999.000
202607200836,   0.386,   0.790,9999.000,9999.000,9999.000,9999.000,9999.000,9999.000,9999.000
202607200842,   0.379,   0.800,9999.000,9999.000,9999.000,9999.000,9999.000,9999.000,9999.000
202607200848,   0.373,   0.800,9999.000,9999.000,9999.000,9999.000,9999.000,9999.000,9999.000
202607200854,   0.366,   0.800,9999.000,9999.000,9999.000,9999.000,9999.000,9999.000,9999.000
202607200900,   0.360,   0.780,   0.500,  -0.080,   0.780,   0.500,   0.780,   0.500,   0.780
202607200906,   0.354,   0.790,9999.000,9999.000,9999.000,9999.000,9999.000,9999.000,9999.000
202607200912,   0.348,   0.780,9999.000,9999.000,9999.000,9999.000,9999.000,9999.000,9999.000
202607200918,   0.342,   0.790,9999.000,9999.000,9999.000,9999.000,9999.000,9999.000,9999.000
202607200924,   0.337,   0.770,9999.000,9999.000,9999.000,9999.000,9999.000,9999.000,9999.000
202607200930,   0.331,   0.780,9999.000,9999.000,9999.000,9999.000,9999.000,9999.000,9999.000
202607200936,   0.326,   0.770,9999.000,9999.000,9999.000,9999.000,9999.000,9999.000,9999.000
202607200942,   0.321,   0.760,9999.000,9999.000,9999.000,9999.000,9999.000,9999.000,9999.000
202607200948,   0.316,   0.780,9999.000,9999.000,9999.000,9999.000,9999.000,9999.000,9999.000
202607200954,   0.311,   0.760,9999.000,9999.000,9999.000,9999.000,9999.000,9999.000,9999.000
202607201000,   0.307,   0.760,   0.500,  -0.047,   0.760,   0.500,   0.760,   0.500,   0.760
202607201006,   0.303,   0.780,9999.000,9999.000,9999.000,9999.000,9999.000,9999.000,9999.000
202607201012,   0.299,   0.760,9999.000,9999.000,9999.000,9999.000,9999.000,9999.000,9999.000
202607201018,   0.295,   0.741,9999.000,9999.000,9999.000,9999.000,9999.000,9999.000,9999.000
202607201024,   0.292,   0.760,9999.000,9999.000,9999.000,9999.000,9999.000,9999.000,9999.000
202607201030,   0.289,   0.741,9999.000,9999.000,9999.000,9999.000,9999.000,9999.000,9999.000
202607201036,   0.287,   0.760,9999.000,9999.000,9999.000,9999.000,9999.000,9999.000,9999.000
202607201042,   0.285,   0.760,9999.000,9999.000,9999.000,9999.000,9999.000,9999.000,9999.000
202607201048,   0.283,   0.760,9999.000,9999.000,9999.000,9999.000,9999.000,9999.000,9999.000
202607201054,   0.282,   0.760,9999.000,9999.000,9999.000,9999.000,9999.000,9999.000,9999.000
202607201100,   0.281,   0.751,   0.500,  -0.030,   0.751,   0.500,   0.751,   0.500,   0.751
202607201106,   0.281,   0.751,9999.000,9999.000,9999.000,9999.000,9999.000,9999.000,9999.000
202607201112,   0.281,   0.741,9999.000,9999.000,9999.000,9999.000,9999.000,9999.000,9999.000
202607201118,   0.281,   0.741,9999.000,9999.000,9999.000,9999.000,9999.000,9999.000,9999.000
202607201124,   0.282,   0.760,9999.000,9999.000,9999.000,9999.000,9999.000,9999.000,9999.000
202607201130,   0.283,   0.741,9999.000,9999.000,9999.000,9999.000,9999.000,9999.000,9999.000
202607201136,   0.285,   0.741,9999.000,9999.000,9999.000,9999.000,9999.000,9999.000,9999.000
202607201142,   0.287,   0.760,9999.000,9999.000,9999.000,9999.000,9999.000,9999.000,9999.000
202607201148,   0.290,   0.760,9999.000,9999.000,9999.000,9999.000,9999.000,9999.000,9999.000
202607201154,   0.293,   0.760,9999.000,9999.000,9999.000,9999.000,9999.000,9999.000,9999.000
202607201200,   0.297,   0.780,   0.400,   0.083,   0.780,   0.400,   0.780,   0.400,   0.780
202607201206,   0.300,   0.780,9999.000,9999.000,9999.000,9999.000,9999.000,9999.000,9999.000
202607201212,   0.305,   0.800,9999.000,9999.000,9999.000,9999.000,9999.000,9999.000,9999.000
202607201218,   0.310,   0.839,9999.000,9999.000,9999.000,9999.000,9999.000,9999.000,9999.000
202607201224,   0.315,   0.819,9999.000,9999.000,9999.000,9999.000,9999.000,9999.000,9999.000
202607201230,   0.320,   0.829,9999.000,9999.000,9999.000,9999.000,9999.000,9999.000,9999.000
202607201236,   0.326,   0.829,9999.000,9999.000,9999.000,9999.000,9999.000,9999.000,9999.000
202607201242,   0.332,   0.849,9999.000,9999.000,9999.000,9999.000,9999.000,9999.000,9999.000
202607201248,   0.338,   0.839,9999.000,9999.000,9999.000,9999.000,9999.000,9999.000,9999.000
202607201254,   0.345,   0.859,9999.000,9999.000,9999.000,9999.000,9999.000,9999.000,9999.000
202607201300,   0.352,   0.879,   0.400,   0.127,   0.879,   0.400,   0.879,   0.400,   0.879
202607201306,   0.359,   0.859,9999.000,9999.000,9999.000,9999.000,9999.000,9999.000,9999.000
202607201312,   0.366,   0.869,9999.000,9999.000,9999.000,9999.000,9999.000,9999.000,9999.000
202607201318,   0.374,   0.879,9999.000,9999.000,9999.000,9999.000,9999.000,9999.000,9999.000
202607201324,   0.381,   0.859,9999.000,9999.000,9999.000,9999.000,9999.000,9999.000,9999.000
202607201330,   0.390,   0.908,9999.000,9999.000,9999.000,9999.000,9999.000,9999.000,9999.000
202607201336,   0.397,   0.908,9999.000,9999.000,9999.000,9999.000,9999.000,9999.000,9999.000
202607201342,   0.405,   0.898,9999.000,9999.000,9999.000,9999.000,9999.000,9999.000,9999.000
202607201348,   0.413,   0.898,9999.000,9999.000,9999.000,9999.000,9999.000,9999.000,9999.000
202607201354,   0.420,   0.908,9999.000,9999.000,9999.000,9999.000,9999.000,9999.000,9999.000
202607201400,   0.428,   0.918,   0.400,   0.090,   0.918,   0.400,   0.918,   0.400,   0.918
202607201406,   0.436,   0.928,9999.000,9999.000,9999.000,9999.000,9999.000,9999.000,9999.000
202607201412,   0.444,   0.918,9999.000,9999.000,9999.000,9999.000,9999.000,9999.000,9999.000
202607201418,   0.451,   0.908,9999.000,9999.000,9999.000,9999.000,9999.000,9999.000,9999.000
202607201424,   0.459,   0.941,9999.000,9999.000,9999.000,9999.000,9999.000,9999.000,9999.000
202607201430,   0.466,   0.941,9999.000,9999.000,9999.000,9999.000,9999.000,9999.000,9999.000
202607201436,   0.473,   0.941,9999.000,9999.000,9999.000,9999.000,9999.000,9999.000,9999.000
202607201442,   0.480,   0.961,9999.000,9999.000,9999.000,9999.000,9999.000,9999.000,9999.000
202607201448,   0.487,   0.970,9999.000,9999.000,9999.000,9999.000,9999.000,9999.000,9999.000
202607201454,   0.494,   0.980,9999.000,9999.000,9999.000,9999.000,9999.000,9999.000,9999.000
202607201500,   0.500,   0.970,   0.400,   0.070,   0.970,   0.400,   0.970,   0.400,   0.970
202607201506,   0.506,   1.000,9999.000,9999.000,9999.000,9999.000,9999.000,9999.000,9999.000
202607201512,   0.512,   0.990,9999.000,9999.000,9999.000,9999.000,9999.000,9999.000,9999.000
202607201518,   0.517,9999.000,9999.000,9999.000,9999.000,9999.000,9999.000,9999.000,9999.000
202607201524,   0.523,9999.000,9999.000,9999.000,9999.000,9999.000,9999.000,9999.000,9999.000
202607201530,   0.528,   1.000,9999.000,9999.000,9999.000,9999.000,9999.000,9999.000,9999.000
202607201536,   0.533,   1.020,9999.000,9999.000,9999.000,9999.000,9999.000,9999.000,9999.000
202607201542,   0.537,   1.020,9999.000,9999.000,9999.000,9999.000,9999.000,9999.000,9999.000
202607201548,   0.542,   0.990,9999.000,9999.000,9999.000,9999.000,9999.000,9999.000,9999.000
202607201554,   0.546,   1.049,9999.000,9999.000,9999.000,9999.000,9999.000,9999.000,9999.000
202607201600,   0.550,   1.039,   0.400,   0.089,   1.039,   0.400,   1.039,   0.400,   1.039
202607201606,   0.553,   1.039,9999.000,9999.000,9999.000,9999.000,9999.000,9999.000,9999.000
202607201612,   0.557,   1.059,9999.000,9999.000,9999.000,9999.000,9999.000,9999.000,9999.000
202607201618,   0.560,   1.029,9999.000,9999.000,9999.000,9999.000,9999.000,9999.000,9999.000
202607201624,   0.563,   1.059,9999.000,9999.000,9999.000,9999.000,9999.000,9999.000,9999.000
202607201630,   0.566,   1.069,9999.000,9999.000,9999.000,9999.000,9999.000,9999.000,9999.000
202607201636,   0.568,   1.088,9999.000,9999.000,9999.000,9999.000,9999.000,9999.000,9999.000
202607201642,   0.571,   1.079,9999.000,9999.000,9999.000,9999.000,9999.000,9999.000,9999.000
202607201648,   0.573,   1.098,9999.000,9999.000,9999.000,9999.000,9999.000,9999.000,9999.000
202607201654,   0.575,   1.088,9999.000,9999.000,9999.000,9999.000,9999.000,9999.000,9999.000
202607201700,   0.577,   1.088,   0.400,   0.111,   1.088,   0.400,   1.088,   0.500,   1.188
202607201706,   0.579,   1.098,9999.000,9999.000,9999.000,9999.000,9999.000,9999.000,9999.000
202607201712,   0.581,   1.098,9999.000,9999.000,9999.000,9999.000,9999.000,9999.000,9999.000
202607201718,   0.583,   1.108,9999.000,9999.000,9999.000,9999.000,9999.000,9999.000,9999.000
202607201724,   0.585,   1.088,9999.000,9999.000,9999.000,9999.000,9999.000,9999.000,9999.000
202607201730,   0.586,   1.088,9999.000,9999.000,9999.000,9999.000,9999.000,9999.000,9999.000
202607201736,   0.588,   1.108,9999.000,9999.000,9999.000,9999.000,9999.000,9999.000,9999.000
202607201742,   0.589,   1.098,9999.000,9999.000,9999.000,9999.000,9999.000,9999.000,9999.000
202607201748,   0.591,   1.108,9999.000,9999.000,9999.000,9999.000,9999.000,9999.000,9999.000
202607201754,   0.592,   1.108,9999.000,9999.000,9999.000,9999.000,9999.000,9999.000,9999.000
202607201800,   0.594,   1.069,   0.400,   0.075,   1.069,   0.400,   1.069,   0.400,   1.069
202607201806,   0.595,   1.118,9999.000,9999.000,9999.000,9999.000,9999.000,9999.000,9999.000
202607201812,   0.597,   1.108,9999.000,9999.000,9999.000,9999.000,9999.000,9999.000,9999.000
202607201818,   0.598,   1.098,9999.000,9999.000,9999.000,9999.000,9999.000,9999.000,9999.000
202607201824,   0.600,   1.108,9999.000,9999.000,9999.000,9999.000,9999.000,9999.000,9999.000
202607201830,   0.601,   1.108,9999.000,9999.000,9999.000,9999.000,9999.000,9999.000,9999.000
202607201836,   0.603,   1.118,9999.000,9999.000,9999.000,9999.000,9999.000,9999.000,9999.000
202607201842,   0.604,   1.128,9999.000,9999.000,9999.000,9999.000,9999.000,9999.000,9999.000
202607201848,   0.606,   1.108,9999.000,9999.000,9999.000,9999.000,9999.000,9999.000,9999.000
202607201854,   0.607,   1.079,9999.000,9999.000,9999.000,9999.000,9999.000,9999.000,9999.000
202607201900,   0.609,   1.108,   0.400,   0.099,   1.108,   0.400,   1.108,   0.400,   1.108
202607201906,   0.611,   1.079,9999.000,9999.000,9999.000,9999.000,9999.000,9999.000,9999.000
202607201912,   0.612,   1.088,9999.000,9999.000,9999.000,9999.000,9999.000,9999.000,9999.000
202607201918,   0.614,   1.098,9999.000,9999.000,9999.000,9999.000,9999.000,9999.000,9999.000
202607201924,   0.615,   1.079,9999.000,9999.000,9999.000,9999.000,9999.000,9999.000,9999.000
202607201930,   0.617,   1.079,9999.000,9999.000,9999.000,9999.000,9999.000,9999.000,9999.000
202607201936,   0.618,   1.069,9999.000,9999.000,9999.000,9999.000,9999.000,9999.000,9999.000
202607201942,   0.620,   1.079,9999.000,9999.000,9999.000,9999.000,9999.000,9999.000,9999.000
202607201948,   0.621,   1.098,9999.000,9999.000,9999.000,9999.000,9999.000,9999.000,9999.000
202607201954,   0.622,   1.069,9999.000,9999.000,9999.000,9999.000,9999.000,9999.000,9999.000
202607202000,   0.624,   1.098,   0.400,   0.074,   1.098,   0.400,   1.098,   0.400,   1.098
202607202006,   0.625,   1.118,9999.000,9999.000,9999.000,9999.000,9999.000,9999.000,9999.000
202607202012,   0.626,   1.079,9999.000,9999.000,9999.000,9999.000,9999.000,9999.000,9999.000
202607202018,   0.627,   1.128,9999.000,9999.000,9999.000,9999.000,9999.000,9999.000,9999.000
202607202024,   0.628,   1.069,9999.000,9999.000,9999.000,9999.000,9999.000,9999.000,9999.000
202607202030,   0.629,   1.098,9999.000,9999.000,9999.000,9999.000,9999.000,9999.000,9999.000
202607202036,   0.630,   1.108,9999.000,9999.000,9999.000,9999.000,9999.000,9999.000,9999.000
202607202042,   0.631,   1.088,9999.000,9999.000,9999.000,9999.000,9999.000,9999.000,9999.000
202607202048,   0.632,   1.098,9999.000,9999.000,9999.000,9999.000,9999.000,9999.000,9999.000
202607202054,   0.632,   1.108,9999.000,9999.000,9999.000,9999.000,9999.000,9999.000,9999.000
202607202100,   0.633,   1.088,   0.400,   0.055,   1.088,   0.400,   1.088,   0.400,   1.088
202607202106,   0.633,   1.098,9999.000,9999.000,9999.000,9999.000,9999.000,9999.000,9999.000
202607202112,   0.634,   1.108,9999.000,9999.000,9999.000,9999.000,9999.000,9999.000,9999.000
202607202118,   0.634,   1.088,9999.000,9999.000,9999.000,9999.000,9999.000,9999.000,9999.000
202607202124,   0.634,   1.118,9999.000,9999.000,9999.000,9999.000,9999.000,9999.000,9999.000
202607202130,   0.635,   1.098,9999.000,9999.000,9999.000,9999.000,9999.000,9999.000,9999.000
202607202136,   0.635,   1.098,9999.000,9999.000,9999.000,9999.000,9999.000,9999.000,9999.000
202607202142,   0.635,   1.108,9999.000,9999.000,9999.000,9999.000,9999.000,9999.000,9999.000
202607202148,   0.635,   1.108,9999.000,9999.000,9999.000,9999.000,9999.000,9999.000,9999.000
202607202154,   0.635,   1.108,9999.000,9999.000,9999.000,9999.000,9999.000,9999.000,9999.000
202607202200,   0.635,   1.118,   0.400,   0.083,   1.118,   0.400,   1.118,   0.400,   1.118
202607202206,   0.635,   1.118,9999.000,9999.000,9999.000,9999.000,9999.000,9999.000,9999.000
202607202212,   0.635,   1.138,9999.000,9999.000,9999.000,9999.000,9999.000,9999.000,9999.000
202607202218,   0.636,   1.128,9999.000,9999.000,9999.000,9999.000,9999.000,9999.000,9999.000
202607202224,   0.636,   1.108,9999.000,9999.000,9999.000,9999.000,9999.000,9999.000,9999.000
202607202230,   0.636,   1.108,9999.000,9999.000,9999.000,9999.000,9999.000,9999.000,9999.000
202607202236,   0.636,   1.128,9999.000,9999.000,9999.000,9999.000,9999.000,9999.000,9999.000
202607202242,   0.637,   1.138,9999.000,9999.000,9999.000,9999.000,9999.000,9999.000,9999.000
202607202248,   0.637,   1.128,9999.000,9999.000,9999.000,9999.000,9999.000,9999.000,9999.000
202607202254,   0.638,   1.151,9999.000,9999.000,9999.000,9999.000,9999.000,9999.000,9999.000
202607202300,   0.638,   1.138,   0.400,   0.100,   1.138,   0.400,   1.138,   0.400,   1.138
202607202306,   0.639,   1.128,9999.000,9999.000,9999.000,9999.000,9999.000,9999.000,9999.000
202607202312,   0.640,   1.138,9999.000,9999.000,9999.000,9999.000,9999.000,9999.000,9999.000
202607202318,   0.641,   1.108,9999.000,9999.000,9999.000,9999.000,9999.000,9999.000,9999.000
202607202324,   0.642,   1.118,9999.000,9999.000,9999.000,9999.000,9999.000,9999.000,9999.000
202607202330,   0.644,   1.108,9999.000,9999.000,9999.000,9999.000,9999.000,9999.000,9999.000
202607202336,   0.645,   1.118,9999.000,9999.000,9999.000,9999.000,9999.000,9999.000,9999.000
202607202342,   0.647,   1.138,9999.000,9999.000,9999.000,9999.000,9999.000,9999.000,9999.000
202607202348,   0.649,   1.151,9999.000,9999.000,9999.000,9999.000,9999.000,9999.000,9999.000
202607202354,   0.650,   1.118,9999.000,9999.000,9999.000,9999.000,9999.000,9999.000,9999.000
202607210000,   0.653,   1.118,   0.400,   0.065,   1.118,   0.300,   1.018,   0.400,   1.118
202607210006,   0.655,9999.000,9999.000,9999.000,9999.000,9999.000,9999.000,9999.000,9999.000
202607210012,   0.657,9999.000,9999.000,9999.000,9999.000,9999.000,9999.000,9999.000,9999.000
202607210018,   0.660,9999.000,9999.000,9999.000,9999.000,9999.000,9999.000,9999.000,9999.000
202607210024,   0.662,9999.000,9999.000,9999.000,9999.000,9999.000,9999.000,9999.000,9999.000
202607210030,   0.665,9999.000,9999.000,9999.000,9999.000,9999.000,9999.000,9999.000,9999.000
202607210036,   0.668,9999.000,9999.000,9999.000,9999.000,9999.000,9999.000,9999.000,9999.000
202607210042,   0.671,9999.000,9999.000,9999.000,9999.000,9999.000,9999.000,9999.000,9999.000
202607210048,   0.674,9999.000,9999.000,9999.000,9999.000,9999.000,9999.000,9999.000,9999.000
202607210054,   0.677,9999.000,9999.000,9999.000,9999.000,9999.000,9999.000,9999.000,9999.000
202607210100,   0.680,9999.000,   0.400,   0.064,   1.144,   0.300,   1.044,   0.400,   1.144
202607210106,   0.683,9999.000,9999.000,9999.000,9999.000,9999.000,9999.000,9999.000,9999.000
202607210112,   0.686,9999.000,9999.000,9999.000,9999.000,9999.000,9999.000,9999.000,9999.000
202607210118,   0.689,9999.000,9999.000,9999.000,9999.000,9999.000,9999.000,9999.000,9999.000
202607210124,   0.692,9999.000,9999.000,9999.000,9999.000,9999.000,9999.000,9999.000,9999.000
202607210130,   0.695,9999.000,9999.000,9999.000,9999.000,9999.000,9999.000,9999.000,9999.000
202607210136,   0.698,9999.000,9999.000,9999.000,9999.000,9999.000,9999.000,9999.000,9999.000
202607210142,   0.700,9999.000,9999.000,9999.000,9999.000,9999.000,9999.000,9999.000,9999.000
202607210148,   0.703,9999.000,9999.000,9999.000,9999.000,9999.000,9999.000,9999.000,9999.000
202607210154,   0.705,9999.000,9999.000,9999.000,9999.000,9999.000,9999.000,9999.000,9999.000
202607210200,   0.707,9999.000,   0.400,   0.064,   1.171,   0.300,   1.071,   0.400,   1.171
202607210206,   0.709,9999.000,9999.000,9999.000,9999.000,9999.000,9999.000,9999.000,9999.000
202607210212,   0.711,9999.000,9999.000,9999.000,9999.000,9999.000,9999.000,9999.000,9999.000
202607210218,   0.712,9999.000,9999.000,9999.000,9999.000,9999.000,9999.000,9999.000,9999.000
202607210224,   0.714,9999.000,9999.000,9999.000,9999.000,9999.000,9999.000,9999.000,9999.000
202607210230,   0.714,9999.000,9999.000,9999.000,9999.000,9999.000,9999.000,9999.000,9999.000
202607210236,   0.715,9999.000,9999.000,9999.000,9999.000,9999.000,9999.000,9999.000,9999.000
202607210242,   0.715,9999.000,9999.000,9999.000,9999.000,9999.000,9999.000,9999.000,9999.000
202607210248,   0.715,9999.000,9999.000,9999.000,9999.000,9999.000,9999.000,9999.000,9999.000
202607210254,   0.714,9999.000,9999.000,9999.000,9999.000,9999.000,9999.000,9999.000,9999.000
202607210300,   0.713,9999.000,   0.400,   0.063,   1.176,   0.300,   1.076,   0.400,   1.176
202607210306,   0.712,9999.000,9999.000,9999.000,9999.000,9999.000,9999.000,9999.000,9999.000
202607210312,   0.710,9999.000,9999.000,9999.000,9999.000,9999.000,9999.000,9999.000,9999.000
202607210318,   0.708,9999.000,9999.000,9999.000,9999.000,9999.000,9999.000,9999.000,9999.000
202607210324,   0.705,9999.000,9999.000,9999.000,9999.000,9999.000,9999.000,9999.000,9999.000
202607210330,   0.702,9999.000,9999.000,9999.000,9999.000,9999.000,9999.000,9999.000,9999.000
202607210336,   0.698,9999.000,9999.000,9999.000,9999.000,9999.000,9999.000,9999.000,9999.000
202607210342,   0.695,9999.000,9999.000,9999.000,9999.000,9999.000,9999.000,9999.000,9999.000
202607210348,   0.690,9999.000,9999.000,9999.000,9999.000,9999.000,9999.000,9999.000,9999.000
202607210354,   0.686,9999.000,9999.000,9999.000,9999.000,9999.000,9999.000,9999.000,9999.000
202607210400,   0.680,9999.000,   0.400,   0.063,   1.143,   0.300,   1.043,   0.400,   1.143
202607210406,   0.675,9999.000,9999.000,9999.000,9999.000,9999.000,9999.000,9999.000,9999.000
202607210412,   0.669,9999.000,9999.000,9999.000,9999.000,9999.000,9999.000,9999.000,9999.000
202607210418,   0.663,9999.000,9999.000,9999.000,9999.000,9999.000,9999.000,9999.000,9999.000
202607210424,   0.656,9999.000,9999.000,9999.000,9999.000,9999.000,9999.000,9999.000,9999.000
202607210430,   0.649,9999.000,9999.000,9999.000,9999.000,9999.000,9999.000,9999.000,9999.000
202607210436,   0.642,9999.000,9999.000,9999.000,9999.000,9999.000,9999.000,9999.000,9999.000
202607210442,   0.634,9999.000,9999.000,9999.000,9999.000,9999.000,9999.000,9999.000,9999.000
202607210448,   0.626,9999.000,9999.000,9999.000,9999.000,9999.000,9999.000,9999.000,9999.000
202607210454,   0.618,9999.000,9999.000,9999.000,9999.000,9999.000,9999.000,9999.000,9999.000
202607210500,   0.610,9999.000,   0.400,   0.062,   1.072,   0.400,   1.072,   0.400,   1.072
202607210506,   0.601,9999.000,9999.000,9999.000,9999.000,9999.000,9999.000,9999.000,9999.000
202607210512,   0.592,9999.000,9999.000,9999.000,9999.000,9999.000,9999.000,9999.000,9999.000
202607210518,   0.583,9999.000,9999.000,9999.000,9999.000,9999.000,9999.000,9999.000,9999.000
202607210524,   0.574,9999.000,9999.000,9999.000,9999.000,9999.000,9999.000,9999.000,9999.000
202607210530,   0.565,9999.000,9999.000,9999.000,9999.000,9999.000,9999.000,9999.000,9999.000
202607210536,   0.555,9999.000,9999.000,9999.000,9999.000,9999.000,9999.000,9999.000,9999.000
202607210542,   0.546,9999.000,9999.000,9999.000,9999.000,9999.000,9999.000,9999.000,9999.000
202607210548,   0.536,9999.000,9999.000,9999.000,9999.000,9999.000,9999.000,9999.000,9999.000
202607210554,   0.527,9999.000,9999.000,9999.000,9999.000,9999.000,9999.000,9999.000,9999.000
202607210600,   0.517,9999.000,   0.400,   0.062,   0.979,   0.400,   0.979,   0.400,   0.979
202607210606,   0.508,9999.000,9999.000,9999.000,9999.000,9999.000,9999.000,9999.000,9999.000
202607210612,   0.498,9999.000,9999.000,9999.000,9999.000,9999.000,9999.000,9999.000,9999.000
202607210618,   0.488,9999.000,9999.000,9999.000,9999.000,9999.000,9999.000,9999.000,9999.000
202607210624,   0.479,9999.000,9999.000,9999.000,9999.000,9999.000,9999.000,9999.000,9999.000
202607210630,   0.469,9999.000,9999.000,9999.000,9999.000,9999.000,9999.000,9999.000,9999.000
202607210636,   0.460,9999.000,9999.000,9999.000,9999.000,9999.000,9999.000,9999.000,9999.000
202607210642,   0.450,9999.000,9999.000,9999.000,9999.000,9999.000,9999.000,9999.000,9999.000
202607210648,   0.441,9999.000,9999.000,9999.000,9999.000,9999.000,9999.000,9999.000,9999.000
202607210654,   0.432,9999.000,9999.000,9999.000,9999.000,9999.000,9999.000,9999.000,9999.000
202607210700,   0.423,9999.000,   0.400,   0.061,   0.884,   0.400,   0.884,   0.400,   0.884
202607210706,   0.414,9999.000,9999.000,9999.000,9999.000,9999.000,9999.000,9999.000,9999.000
202607210712,   0.405,9999.000,9999.000,9999.000,9999.000,9999.000,9999.000,9999.000,9999.000
202607210718,   0.396,9999.000,9999.000,9999.000,9999.000,9999.000,9999.000,9999.000,9999.000
202607210724,   0.388,9999.000,9999.000,9999.000,9999.000,9999.000,9999.000,9999.000,9999.000
202607210730,   0.379,9999.000,9999.000,9999.000,9999.000,9999.000,9999.000,9999.000,9999.000
202607210736,   0.371,9999.000,9999.000,9999.000,9999.000,9999.000,9999.000,9999.000,9999.000
202607210742,   0.363,9999.000,9999.000,9999.000,9999.000,9999.000,9999.000,9999.000,9999.000
202607210748,   0.355,9999.000,9999.000,9999.000,9999.000,9999.000,9999.000,9999.000,9999.000
202607210754,   0.347,9999.000,9999.000,9999.000,9999.000,9999.000,9999.000,9999.000,9999.000
202607210800,   0.339,9999.000,   0.400,   0.061,   0.800,   0.400,   0.800,   0.400,   0.800
202607210806,   0.331,9999.000,9999.000,9999.000,9999.000,9999.000,9999.000,9999.000,9999.000
202607210812,   0.324,9999.000,9999.000,9999.000,9999.000,9999.000,9999.000,9999.000,9999.000
202607210818,   0.316,9999.000,9999.000,9999.000,9999.000,9999.000,9999.000,9999.000,9999.000
202607210824,   0.309,9999.000,9999.000,9999.000,9999.000,9999.000,9999.000,9999.000,9999.000
202607210830,   0.302,9999.000,9999.000,9999.000,9999.000,9999.000,9999.000,9999.000,9999.000
202607210836,   0.295,9999.000,9999.000,9999.000,9999.000,9999.000,9999.000,9999.000,9999.000
202607210842,   0.288,9999.000,9999.000,9999.000,9999.000,9999.000,9999.000,9999.000,9999.000
202607210848,   0.281,9999.000,9999.000,9999.000,9999.000,9999.000,9999.000,9999.000,9999.000
202607210854,   0.274,9999.000,9999.000,9999.000,9999.000,9999.000,9999.000,9999.000,9999.000
202607210900,   0.267,9999.000,   0.400,   0.060,   0.727,   0.400,   0.727,   0.400,   0.727
202607210906,   0.261,9999.000,9999.000,9999.000,9999.000,9999.000,9999.000,9999.000,9999.000
202607210912,   0.255,9999.000,9999.000,9999.000,9999.000,9999.000,9999.000,9999.000,9999.000
202607210918,   0.249,9999.000,9999.000,9999.000,9999.000,9999.000,9999.000,9999.000,9999.000
202607210924,   0.242,9999.000,9999.000,9999.000,9999.000,9999.000,9999.000,9999.000,9999.000
202607210930,   0.237,9999.000,9999.000,9999.000,9999.000,9999.000,9999.000,9999.000,9999.000
202607210936,   0.231,9999.000,9999.000,9999.000,9999.000,9999.000,9999.000,9999.000,9999.000
202607210942,   0.225,9999.000,9999.000,9999.000,9999.000,9999.000,9999.000,9999.000,9999.000
202607210948,   0.220,9999.000,9999.000,9999.000,9999.000,9999.000,9999.000,9999.000,9999.000
202607210954,   0.215,9999.000,9999.000,9999.000,9999.000,9999.000,9999.000,9999.000,9999.000
202607211000,   0.210,9999.000,   0.400,   0.060,   0.670,   0.400,   0.670,   0.400,   0.670
202607211006,   0.205,9999.000,9999.000,9999.000,9999.000,9999.000,9999.000,9999.000,9999.000
202607211012,   0.200,9999.000,9999.000,9999.000,9999.000,9999.000,9999.000,9999.000,9999.000
202607211018,   0.196,9999.000,9999.000,9999.000,9999.000,9999.000,9999.000,9999.000,9999.000
202607211024,   0.192,9999.000,9999.000,9999.000,9999.000,9999.000,9999.000,9999.000,9999.000
202607211030,   0.188,9999.000,9999.000,9999.000,9999.000,9999.000,9999.000,9999.000,9999.000
202607211036,   0.184,9999.000,9999.000,9999.000,9999.000,9999.000,9999.000,9999.000,9999.000
202607211042,   0.181,9999.000,9999.000,9999.000,9999.000,9999.000,9999.000,9999.000,9999.000
202607211048,   0.178,9999.000,9999.000,9999.000,9999.000,9999.000,9999.000,9999.000,9999.000
202607211054,   0.175,9999.000,9999.000,9999.000,9999.000,9999.000,9999.000,9999.000,9999.000
202607211100,   0.173,9999.000,   0.400,   0.059,   0.632,   0.400,   0.632,   0.400,   0.632
202607211106,   0.171,9999.000,9999.000,9999.000,9999.000,9999.000,9999.000,9999.000,9999.000
202607211112,   0.169,9999.000,9999.000,9999.000,9999.000,9999.000,9999.000,9999.000,9999.000
202607211118,   0.168,9999.000,9999.000,9999.000,9999.000,9999.000,9999.000,9999.000,9999.000
202607211124,   0.167,9999.000,9999.000,9999.000,9999.000,9999.000,9999.000,9999.000,9999.000
202607211130,   0.167,9999.000,9999.000,9999.000,9999.000,9999.000,9999.000,9999.000,9999.000
202607211136,   0.167,9999.000,9999.000,9999.000,9999.000,9999.000,9999.000,9999.000,9999.000
202607211142,   0.167,9999.000,9999.000,9999.000,9999.000,9999.000,9999.000,9999.000,9999.000
202607211148,   0.168,9999.000,9999.000,9999.000,9999.000,9999.000,9999.000,9999.000,9999.000
202607211154,   0.169,9999.000,9999.000,9999.000,9999.000,9999.000,9999.000,9999.000,9999.000
202607211200,   0.171,9999.000,   0.400,   0.059,   0.630,   0.400,   0.630,   0.400,   0.630
202607211206,   0.173,9999.000,9999.000,9999.000,9999.000,9999.000,9999.000,9999.000,9999.000
202607211212,   0.176,9999.000,9999.000,9999.000,9999.000,9999.000,9999.000,9999.000,9999.000
202607211218,   0.179,9999.000,9999.000,9999.000,9999.000,9999.000,9999.000,9999.000,9999.000
202607211224,   0.182,9999.000,9999.000,9999.000,9999.000,9999.000,9999.000,9999.000,9999.000
202607211230,   0.187,9999.000,9999.000,9999.000,9999.000,9999.000,9999.000,9999.000,9999.000
202607211236,   0.191,9999.000,9999.000,9999.000,9999.000,9999.000,9999.000,9999.000,9999.000
202607211242,   0.196,9999.000,9999.000,9999.000,9999.000,9999.000,9999.000,9999.000,9999.000
202607211248,   0.202,9999.000,9999.000,9999.000,9999.000,9999.000,9999.000,9999.000,9999.000
202607211254,   0.207,9999.000,9999.000,9999.000,9999.000,9999.000,9999.000,9999.000,9999.000
202607211300,   0.214,9999.000,   0.400,   0.059,   0.673,   0.400,   0.673,   0.400,   0.673
202607211306,   0.221,9999.000,9999.000,9999.000,9999.000,9999.000,9999.000,9999.000,9999.000
202607211312,   0.228,9999.000,9999.000,9999.000,9999.000,9999.000,9999.000,9999.000,9999.000
202607211318,   0.235,9999.000,9999.000,9999.000,9999.000,9999.000,9999.000,9999.000,9999.000
202607211324,   0.243,9999.000,9999.000,9999.000,9999.000,9999.000,9999.000,9999.000,9999.000
202607211330,   0.251,9999.000,9999.000,9999.000,9999.000,9999.000,9999.000,9999.000,9999.000
202607211336,   0.260,9999.000,9999.000,9999.000,9999.000,9999.000,9999.000,9999.000,9999.000
202607211342,   0.269,9999.000,9999.000,9999.000,9999.000,9999.000,9999.000,9999.000,9999.000
202607211348,   0.278,9999.000,9999.000,9999.000,9999.000,9999.000,9999.000,9999.000,9999.000
202607211354,   0.288,9999.000,9999.000,9999.000,9999.000,9999.000,9999.000,9999.000,9999.000
202607211400,   0.297,9999.000,   0.400,   0.059,   0.756,   0.400,   0.756,   0.400,   0.756
202607211406,   0.307,9999.000,9999.000,9999.000,9999.000,9999.000,9999.000,9999.000,9999.000
202607211412,   0.317,9999.000,9999.000,9999.000,9999.000,9999.000,9999.000,9999.000,9999.000
202607211418,   0.327,9999.000,9999.000,9999.000,9999.000,9999.000,9999.000,9999.000,9999.000
202607211424,   0.338,9999.000,9999.000,9999.000,9999.000,9999.000,9999.000,9999.000,9999.000
202607211430,   0.348,9999.000,9999.000,9999.000,9999.000,9999.000,9999.000,9999.000,9999.000
202607211436,   0.359,9999.000,9999.000,9999.000,9999.000,9999.000,9999.000,9999.000,9999.000
202607211442,   0.369,9999.000,9999.000,9999.000,9999.000,9999.000,9999.000,9999.000,9999.000
202607211448,   0.380,9999.000,9999.000,9999.000,9999.000,9999.000,9999.000,9999.000,9999.000
202607211454,   0.390,9999.000,9999.000,9999.000,9999.000,9999.000,9999.000,9999.000,9999.000
202607211500,   0.401,9999.000,   0.400,   0.059,   0.860,   0.400,   0.860,   0.400,   0.860
202607211506,   0.411,9999.000,9999.000,9999.000,9999.000,9999.000,9999.000,9999.000,9999.000
202607211512,   0.422,9999.000,9999.000,9999.000,9999.000,9999.000,9999.000,9999.000,9999.000
202607211518,   0.432,9999.000,9999.000,9999.000,9999.000,9999.000,9999.000,9999.000,9999.000
202607211524,   0.442,9999.000,9999.000,9999.000,9999.000,9999.000,9999.000,9999.000,9999.000
202607211530,   0.452,9999.000,9999.000,9999.000,9999.000,9999.000,9999.000,9999.000,9999.000
202607211536,   0.462,9999.000,9999.000,9999.000,9999.000,9999.000,9999.000,9999.000,9999.000
202607211542,   0.472,9999.000,9999.000,9999.000,9999.000,9999.000,9999.000,9999.000,9999.000
202607211548,   0.481,9999.000,9999.000,9999.000,9999.000,9999.000,9999.000,9999.000,9999.000
202607211554,   0.490,9999.000,9999.000,9999.000,9999.000,9999.000,9999.000,9999.000,9999.000
202607211600,   0.499,9999.000,   0.400,   0.059,   0.958,   0.400,   0.958,   0.400,   0.958
202607211606,   0.508,9999.000,9999.000,9999.000,9999.000,9999.000,9999.000,9999.000,9999.000
202607211612,   0.517,9999.000,9999.000,9999.000,9999.000,9999.000,9999.000,9999.000,9999.000
202607211618,   0.525,9999.000,9999.000,9999.000,9999.000,9999.000,9999.000,9999.000,9999.000
202607211624,   0.533,9999.000,9999.000,9999.000,9999.000,9999.000,9999.000,9999.000,9999.000
202607211630,   0.541,9999.000,9999.000,9999.000,9999.000,9999.000,9999.000,9999.000,9999.000
202607211636,   0.549,9999.000,9999.000,9999.000,9999.000,9999.000,9999.000,9999.000,9999.000
202607211642,   0.556,9999.000,9999.000,9999.000,9999.000,9999.000,9999.000,9999.000,9999.000
202607211648,   0.563,9999.000,9999.000,9999.000,9999.000,9999.000,9999.000,9999.000,9999.000
202607211654,   0.570,9999.000,9999.000,9999.000,9999.000,9999.000,9999.000,9999.000,9999.000
202607211700,   0.577,9999.000,   0.400,   0.059,   1.036,   0.400,   1.036,   0.400,   1.036
202607211706,   0.583,9999.000,9999.000,9999.000,9999.000,9999.000,9999.000,9999.000,9999.000
202607211712,   0.590,9999.000,9999.000,9999.000,9999.000,9999.000,9999.000,9999.000,9999.000
202607211718,   0.596,9999.000,9999.000,9999.000,9999.000,9999.000,9999.000,9999.000,9999.000
202607211724,   0.601,9999.000,9999.000,9999.000,9999.000,9999.000,9999.000,9999.000,9999.000
202607211730,   0.607,9999.000,9999.000,9999.000,9999.000,9999.000,9999.000,9999.000,9999.000
202607211736,   0.612,9999.000,9999.000,9999.000,9999.000,9999.000,9999.000,9999.000,9999.000
202607211742,   0.618,9999.000,9999.000,9999.000,9999.000,9999.000,9999.000,9999.000,9999.000
202607211748,   0.623,9999.000,9999.000,9999.000,9999.000,9999.000,9999.000,9999.000,9999.000
202607211754,   0.627,9999.000,9999.000,9999.000,9999.000,9999.000,9999.000,9999.000,9999.000
202607211800,   0.632,9999.000,   0.400,   0.059,   1.091,   0.400,   1.091,   0.400,   1.091
202607211806,   0.637,9999.000,9999.000,9999.000,9999.000,9999.000,9999.000,9999.000,9999.000
202607211812,   0.641,9999.000,9999.000,9999.000,9999.000,9999.000,9999.000,9999.000,9999.000
202607211818,   0.645,9999.000,9999.000,9999.000,9999.000,9999.000,9999.000,9999.000,9999.000
202607211824,   0.649,9999.000,9999.000,9999.000,9999.000,9999.000,9999.000,9999.000,9999.000
202607211830,   0.654,9999.000,9999.000,9999.000,9999.000,9999.000,9999.000,9999.000,9999.000
202607211836,   0.657,9999.000,9999.000,9999.000,9999.000,9999.000,9999.000,9999.000,9999.000
202607211842,   0.661,9999.000,9999.000,9999.000,9999.000,9999.000,9999.000,9999.000,9999.000
202607211848,   0.665,9999.000,9999.000,9999.000,9999.000,9999.000,9999.000,9999.000,9999.000
202607211854,   0.669,9999.000,9999.000,9999.000,9999.000,9999.000,9999.000,9999.000,9999.000
202607211900,   0.672,9999.000,   0.400,   0.059,   1.131,   0.400,   1.131,   0.400,   1.131
202607211906,   0.676,9999.000,9999.000,9999.000,9999.000,9999.000,9999.000,9999.000,9999.000
202607211912,   0.679,9999.000,9999.000,9999.000,9999.000,9999.000,9999.000,9999.000,9999.000
202607211918,   0.683,9999.000,9999.000,9999.000,9999.000,9999.000,9999.000,9999.000,9999.000
202607211924,   0.686,9999.000,9999.000,9999.000,9999.000,9999.000,9999.000,9999.000,9999.000
202607211930,   0.689,9999.000,9999.000,9999.000,9999.000,9999.000,9999.000,9999.000,9999.000
202607211936,   0.692,9999.000,9999.000,9999.000,9999.000,9999.000,9999.000,9999.000,9999.000
202607211942,   0.695,9999.000,9999.000,9999.000,9999.000,9999.000,9999.000,9999.000,9999.000
202607211948,   0.698,9999.000,9999.000,9999.000,9999.000,9999.000,9999.000,9999.000,9999.000
202607211954,   0.701,9999.000,9999.000,9999.000,9999.000,9999.000,9999.000,9999.000,9999.000
202607212000,   0.704,9999.000,   0.400,   0.059,   1.163,   0.400,   1.163,   0.500,   1.263
202607212006,   0.707,9999.000,9999.000,9999.000,9999.000,9999.000,9999.000,9999.000,9999.000
202607212012,   0.709,9999.000,9999.000,9999.000,9999.000,9999.000,9999.000,9999.000,9999.000
202607212018,   0.712,9999.000,9999.000,9999.000,9999.000,9999.000,9999.000,9999.000,9999.000
202607212024,   0.714,9999.000,9999.000,9999.000,9999.000,9999.000,9999.000,9999.000,9999.000
202607212030,   0.716,9999.000,9999.000,9999.000,9999.000,9999.000,9999.000,9999.000,9999.000
202607212036,   0.719,9999.000,9999.000,9999.000,9999.000,9999.000,9999.000,9999.000,9999.000
202607212042,   0.721,9999.000,9999.000,9999.000,9999.000,9999.000,9999.000,9999.000,9999.000
202607212048,   0.722,9999.000,9999.000,9999.000,9999.000,9999.000,9999.000,9999.000,9999.000
202607212054,   0.724,9999.000,9999.000,9999.000,9999.000,9999.000,9999.000,9999.000,9999.000
202607212100,   0.726,9999.000,   0.500,   0.059,   1.285,   0.400,   1.185,   0.500,   1.285
202607212106,   0.727,9999.000,9999.000,9999.000,9999.000,9999.000,9999.000,9999.000,9999.000
202607212112,   0.728,9999.000,9999.000,9999.000,9999.000,9999.000,9999.000,9999.000,9999.000
202607212118,   0.730,9999.000,9999.000,9999.000,9999.000,9999.000,9999.000,9999.000,9999.000
202607212124,   0.730,9999.000,9999.000,9999.000,9999.000,9999.000,9999.000,9999.000,9999.000
202607212130,   0.731,9999.000,9999.000,9999.000,9999.000,9999.000,9999.000,9999.000,9999.000
202607212136,   0.732,9999.000,9999.000,9999.000,9999.000,9999.000,9999.000,9999.000,9999.000
202607212142,   0.732,9999.000,9999.000,9999.000,9999.000,9999.000,9999.000,9999.000,9999.000
202607212148,   0.733,9999.000,9999.000,9999.000,9999.000,9999.000,9999.000,9999.000,9999.000
202607212154,   0.733,9999.000,9999.000,9999.000,9999.000,9999.000,9999.000,9999.000,9999.000
202607212200,   0.733,9999.000,   0.500,   0.059,   1.292,   0.400,   1.192,   0.500,   1.292
202607212206,   0.732,9999.000,9999.000,9999.000,9999.000,9999.000,9999.000,9999.000,9999.000
202607212212,   0.732,9999.000,9999.000,9999.000,9999.000,9999.000,9999.000,9999.000,9999.000
202607212218,   0.731,9999.000,9999.000,9999.000,9999.000,9999.000,9999.000,9999.000,9999.000
202607212224,   0.731,9999.000,9999.000,9999.000,9999.000,9999.000,9999.000,9999.000,9999.000
202607212230,   0.730,9999.000,9999.000,9999.000,9999.000,9999.000,9999.000,9999.000,9999.000
202607212236,   0.729,9999.000,9999.000,9999.000,9999.000,9999.000,9999.000,9999.000,9999.000
202607212242,   0.728,9999.000,9999.000,9999.000,9999.000,9999.000,9999.000,9999.000,9999.000
202607212248,   0.727,9999.000,9999.000,9999.000,9999.000,9999.000,9999.000,9999.000,9999.000
202607212254,   0.726,9999.000,9999.000,9999.000,9999.000,9999.000,9999.000,9999.000,9999.000
202607212300,   0.724,9999.000,   0.500,   0.059,   1.283,   0.400,   1.183,   0.500,   1.283
202607212306,   0.723,9999.000,9999.000,9999.000,9999.000,9999.000,9999.000,9999.000,9999.000
202607212312,   0.722,9999.000,9999.000,9999.000,9999.000,9999.000,9999.000,9999.000,9999.000
202607212318,   0.720,9999.000,9999.000,9999.000,9999.000,9999.000,9999.000,9999.000,9999.000
202607212324,   0.718,9999.000,9999.000,9999.000,9999.000,9999.000,9999.000,9999.000,9999.000
202607212330,   0.717,9999.000,9999.000,9999.000,9999.000,9999.000,9999.000,9999.000,9999.000
202607212336,   0.715,9999.000,9999.000,9999.000,9999.000,9999.000,9999.000,9999.000,9999.000
202607212342,   0.714,9999.000,9999.000,9999.000,9999.000,9999.000,9999.000,9999.000,9999.000
202607212348,   0.712,9999.000,9999.000,9999.000,9999.000,9999.000,9999.000,9999.000,9999.000
202607212354,   0.711,9999.000,9999.000,9999.000,9999.000,9999.000,9999.000,9999.000,9999.000
202607220000,   0.709,9999.000,   0.400,   0.059,   1.168,   0.400,   1.168,   0.500,   1.268
202607220006,   0.708,9999.000,9999.000,9999.000,9999.000,9999.000,9999.000,9999.000,9999.000
202607220012,   0.706,9999.000,9999.000,9999.000,9999.000,9999.000,9999.000,9999.000,9999.000
202607220018,   0.705,9999.000,9999.000,9999.000,9999.000,9999.000,9999.000,9999.000,9999.000
202607220024,   0.704,9999.000,9999.000,9999.000,9999.000,9999.000,9999.000,9999.000,9999.000
202607220030,   0.702,9999.000,9999.000,9999.000,9999.000,9999.000,9999.000,9999.000,9999.000
202607220036,   0.701,9999.000,9999.000,9999.000,9999.000,9999.000,9999.000,9999.000,9999.000
202607220042,   0.700,9999.000,9999.000,9999.000,9999.000,9999.000,9999.000,9999.000,9999.000
202607220048,   0.699,9999.000,9999.000,9999.000,9999.000,9999.000,9999.000,9999.000,9999.000
202607220054,   0.698,9999.000,9999.000,9999.000,9999.000,9999.000,9999.000,9999.000,9999.000
202607220100,   0.697,9999.000,   0.400,   0.059,   1.156,   0.400,   1.156,   0.500,   1.256
202607220106,   0.697,9999.000,9999.000,9999.000,9999.000,9999.000,9999.000,9999.000,9999.000
202607220112,   0.696,9999.000,9999.000,9999.000,9999.000,9999.000,9999.000,9999.000,9999.000
202607220118,   0.695,9999.000,9999.000,9999.000,9999.000,9999.000,9999.000,9999.000,9999.000
202607220124,   0.695,9999.000,9999.000,9999.000,9999.000,9999.000,9999.000,9999.000,9999.000
202607220130,   0.694,9999.000,9999.000,9999.000,9999.000,9999.000,9999.000,9999.000,9999.000
202607220136,   0.693,9999.000,9999.000,9999.000,9999.000,9999.000,9999.000,9999.000,9999.000
202607220142,   0.693,9999.000,9999.000,9999.000,9999.000,9999.000,9999.000,9999.000,9999.000
202607220148,   0.692,9999.000,9999.000,9999.000,9999.000,9999.000,9999.000,9999.000,9999.000
202607220154,   0.692,9999.000,9999.000,9999.000,9999.000,9999.000,9999.000,9999.000,9999.000
202607220200,   0.691,9999.000,   0.400,   0.059,   1.150,   0.400,   1.150,   0.400,   1.150
202607220206,   0.691,9999.000,9999.000,9999.000,9999.000,9999.000,9999.000,9999.000,9999.000
202607220212,   0.690,9999.000,9999.000,9999.000,9999.000,9999.000,9999.000,9999.000,9999.000
202607220218,   0.689,9999.000,9999.000,9999.000,9999.000,9999.000,9999.000,9999.000,9999.000
202607220224,   0.688,9999.000,9999.000,9999.000,9999.000,9999.000,9999.000,9999.000,9999.000
202607220230,   0.688,9999.000,9999.000,9999.000,9999.000,9999.000,9999.000,9999.000,9999.000
202607220236,   0.686,9999.000,9999.000,9999.000,9999.000,9999.000,9999.000,9999.000,9999.000
202607220242,   0.685,9999.000,9999.000,9999.000,9999.000,9999.000,9999.000,9999.000,9999.000
202607220248,   0.684,9999.000,9999.000,9999.000,9999.000,9999.000,9999.000,9999.000,9999.000
202607220254,   0.682,9999.000,9999.000,9999.000,9999.000,9999.000,9999.000,9999.000,9999.000
202607220300,   0.681,9999.000,   0.400,   0.059,   1.140,   0.400,   1.140,   0.400,   1.140
202607220306,   0.678,9999.000,9999.000,9999.000,9999.000,9999.000,9999.000,9999.000,9999.000
202607220312,   0.676,9999.000,9999.000,9999.000,9999.000,9999.000,9999.000,9999.000,9999.000
202607220318,   0.674,9999.000,9999.000,9999.000,9999.000,9999.000,9999.000,9999.000,9999.000
202607220324,   0.671,9999.000,9999.000,9999.000,9999.000,9999.000,9999.000,9999.000,9999.000
202607220330,   0.668,9999.000,9999.000,9999.000,9999.000,9999.000,9999.000,9999.000,9999.000
202607220336,   0.665,9999.000,9999.000,9999.000,9999.000,9999.000,9999.000,9999.000,9999.000
202607220342,   0.661,9999.000,9999.000,9999.000,9999.000,9999.000,9999.000,9999.000,9999.000
202607220348,   0.657,9999.000,9999.000,9999.000,9999.000,9999.000,9999.000,9999.000,9999.000
202607220354,   0.653,9999.000,9999.000,9999.000,9999.000,9999.000,9999.000,9999.000,9999.000
202607220400,   0.648,9999.000,   0.400,   0.059,   1.107,   0.400,   1.107,   0.500,   1.207
202607220406,   0.643,9999.000,9999.000,9999.000,9999.000,9999.000,9999.000,9999.000,9999.000
202607220412,   0.637,9999.000,9999.000,9999.000,9999.000,9999.000,9999.000,9999.000,9999.000
202607220418,   0.632,9999.000,9999.000,9999.000,9999.000,9999.000,9999.000,9999.000,9999.000
202607220424,   0.626,9999.000,9999.000,9999.000,9999.000,9999.000,9999.000,9999.000,9999.000
202607220430,   0.619,9999.000,9999.000,9999.000,9999.000,9999.000,9999.000,9999.000,9999.000
202607220436,   0.613,9999.000,9999.000,9999.000,9999.000,9999.000,9999.000,9999.000,9999.000
202607220442,   0.606,9999.000,9999.000,9999.000,9999.000,9999.000,9999.000,9999.000,9999.000
202607220448,   0.598,9999.000,9999.000,9999.000,9999.000,9999.000,9999.000,9999.000,9999.000
202607220454,   0.590,9999.000,9999.000,9999.000,9999.000,9999.000,9999.000,9999.000,9999.000
202607220500,   0.582,9999.000,   0.400,   0.059,   1.041,   0.400,   1.041,   0.500,   1.141
202607220506,   0.574,9999.000,9999.000,9999.000,9999.000,9999.000,9999.000,9999.000,9999.000
202607220512,   0.565,9999.000,9999.000,9999.000,9999.000,9999.000,9999.000,9999.000,9999.000
202607220518,   0.557,9999.000,9999.000,9999.000,9999.000,9999.000,9999.000,9999.000,9999.000
202607220524,   0.547,9999.000,9999.000,9999.000,9999.000,9999.000,9999.000,9999.000,9999.000
202607220530,   0.538,9999.000,9999.000,9999.000,9999.000,9999.000,9999.000,9999.000,9999.000
202607220536,   0.528,9999.000,9999.000,9999.000,9999.000,9999.000,9999.000,9999.000,9999.000
202607220542,   0.518,9999.000,9999.000,9999.000,9999.000,9999.000,9999.000,9999.000,9999.000
202607220548,   0.508,9999.000,9999.000,9999.000,9999.000,9999.000,9999.000,9999.000,9999.000
202607220554,   0.498,9999.000,9999.000,9999.000,9999.000,9999.000,9999.000,9999.000,9999.000
202607220600,   0.488,9999.000,   0.500,   0.059,   1.047,   0.500,   1.047,   0.500,   1.047
202607220606,   0.477,9999.000,9999.000,9999.000,9999.000,9999.000,9999.000,9999.000,9999.000
202607220612,   0.467,9999.000,9999.000,9999.000,9999.000,9999.000,9999.000,9999.000,9999.000
202607220618,   0.456,9999.000,9999.000,9999.000,9999.000,9999.000,9999.000,9999.000,9999.000
202607220624,   0.446,9999.000,9999.000,9999.000,9999.000,9999.000,9999.000,9999.000,9999.000
202607220630,   0.435,9999.000,9999.000,9999.000,9999.000,9999.000,9999.000,9999.000,9999.000
202607220636,   0.424,9999.000,9999.000,9999.000,9999.000,9999.000,9999.000,9999.000,9999.000
202607220642,   0.413,9999.000,9999.000,9999.000,9999.000,9999.000,9999.000,9999.000,9999.000
202607220648,   0.402,9999.000,9999.000,9999.000,9999.000,9999.000,9999.000,9999.000,9999.000
202607220654,   0.392,9999.000,9999.000,9999.000,9999.000,9999.000,9999.000,9999.000,9999.000
202607220700,   0.381,9999.000,   0.500,   0.059,   0.940,   0.500,   0.940,   0.500,   0.940
202607220706,   0.370,9999.000,9999.000,9999.000,9999.000,9999.000,9999.000,9999.000,9999.000
202607220712,   0.360,9999.000,9999.000,9999.000,9999.000,9999.000,9999.000,9999.000,9999.000
202607220718,   0.350,9999.000,9999.000,9999.000,9999.000,9999.000,9999.000,9999.000,9999.000
202607220724,   0.339,9999.000,9999.000,9999.000,9999.000,9999.000,9999.000,9999.000,9999.000
202607220730,   0.329,9999.000,9999.000,9999.000,9999.000,9999.000,9999.000,9999.000,9999.000
202607220736,   0.319,9999.000,9999.000,9999.000,9999.000,9999.000,9999.000,9999.000,9999.000
202607220742,   0.309,9999.000,9999.000,9999.000,9999.000,9999.000,9999.000,9999.000,9999.000
202607220748,   0.299,9999.000,9999.000,9999.000,9999.000,9999.000,9999.000,9999.000,9999.000
202607220754,   0.290,9999.000,9999.000,9999.000,9999.000,9999.000,9999.000,9999.000,9999.000
202607220800,   0.280,9999.000,   0.500,   0.059,   0.839,   0.500,   0.839,   0.500,   0.839
202607220806,   0.271,9999.000,9999.000,9999.000,9999.000,9999.000,9999.000,9999.000,9999.000
202607220812,   0.262,9999.000,9999.000,9999.000,9999.000,9999.000,9999.000,9999.000,9999.000
202607220818,   0.253,9999.000,9999.000,9999.000,9999.000,9999.000,9999.000,9999.000,9999.000
202607220824,   0.244,9999.000,9999.000,9999.000,9999.000,9999.000,9999.000,9999.000,9999.000
202607220830,   0.236,9999.000,9999.000,9999.000,9999.000,9999.000,9999.000,9999.000,9999.000
202607220836,   0.227,9999.000,9999.000,9999.000,9999.000,9999.000,9999.000,9999.000,9999.000
202607220842,   0.219,9999.000,9999.000,9999.000,9999.000,9999.000,9999.000,9999.000,9999.000
202607220848,   0.211,9999.000,9999.000,9999.000,9999.000,9999.000,9999.000,9999.000,9999.000
202607220854,   0.204,9999.000,9999.000,9999.000,9999.000,9999.000,9999.000,9999.000,9999.000
202607220900,   0.196,9999.000,   0.500,   0.059,   0.755,   0.400,   0.655,   0.500,   0.755
202607220906,   0.189,9999.000,9999.000,9999.000,9999.000,9999.000,9999.000,9999.000,9999.000
202607220912,   0.181,9999.000,9999.000,9999.000,9999.000,9999.000,9999.000,9999.000,9999.000
202607220918,   0.174,9999.000,9999.000,9999.000,9999.000,9999.000,9999.000,9999.000,9999.000
202607220924,   0.168,9999.000,9999.000,9999.000,9999.000,9999.000,9999.000,9999.000,9999.000
202607220930,   0.161,9999.000,9999.000,9999.000,9999.000,9999.000,9999.000,9999.000,9999.000
202607220936,   0.154,9999.000,9999.000,9999.000,9999.000,9999.000,9999.000,9999.000,9999.000
202607220942,   0.148,9999.000,9999.000,9999.000,9999.000,9999.000,9999.000,9999.000,9999.000
202607220948,   0.142,9999.000,9999.000,9999.000,9999.000,9999.000,9999.000,9999.000,9999.000
202607220954,   0.136,9999.000,9999.000,9999.000,9999.000,9999.000,9999.000,9999.000,9999.000
202607221000,   0.131,9999.000,   0.500,   0.059,   0.690,   0.400,   0.590,   0.500,   0.690
202607221006,   0.125,9999.000,9999.000,9999.000,9999.000,9999.000,9999.000,9999.000,9999.000
202607221012,   0.120,9999.000,9999.000,9999.000,9999.000,9999.000,9999.000,9999.000,9999.000
202607221018,   0.115,9999.000,9999.000,9999.000,9999.000,9999.000,9999.000,9999.000,9999.000
202607221024,   0.110,9999.000,9999.000,9999.000,9999.000,9999.000,9999.000,9999.000,9999.000
202607221030,   0.105,9999.000,9999.000,9999.000,9999.000,9999.000,9999.000,9999.000,9999.000
202607221036,   0.101,9999.000,9999.000,9999.000,9999.000,9999.000,9999.000,9999.000,9999.000
202607221042,   0.096,9999.000,9999.000,9999.000,9999.000,9999.000,9999.000,9999.000,9999.000
202607221048,   0.092,9999.000,9999.000,9999.000,9999.000,9999.000,9999.000,9999.000,9999.000
202607221054,   0.089,9999.000,9999.000,9999.000,9999.000,9999.000,9999.000,9999.000,9999.000
202607221100,   0.085,9999.000,   0.400,   0.059,   0.544,   0.400,   0.544,   0.500,   0.644
202607221106,   0.082,9999.000,9999.000,9999.000,9999.000,9999.000,9999.000,9999.000,9999.000
202607221112,   0.079,9999.000,9999.000,9999.000,9999.000,9999.000,9999.000,9999.000,9999.000
202607221118,   0.076,9999.000,9999.000,9999.000,9999.000,9999.000,9999.000,9999.000,9999.000
202607221124,   0.074,9999.000,9999.000,9999.000,9999.000,9999.000,9999.000,9999.000,9999.000
202607221130,   0.072,9999.000,9999.000,9999.000,9999.000,9999.000,9999.000,9999.000,9999.000
202607221136,   0.070,9999.000,9999.000,9999.000,9999.000,9999.000,9999.000,9999.000,9999.000
202607221142,   0.069,9999.000,9999.000,9999.000,9999.000,9999.000,9999.000,9999.000,9999.000
202607221148,   0.068,9999.000,9999.000,9999.000,9999.000,9999.000,9999.000,9999.000,9999.000
202607221154,   0.067,9999.000,9999.000,9999.000,9999.000,9999.000,9999.000,9999.000,9999.000
202607221200,   0.067,9999.000,   0.400,   0.059,   0.526,   0.400,   0.526,   0.400,   0.526
202607221206,   0.067,9999.000,9999.000,9999.000,9999.000,9999.000,9999.000,9999.000,9999.000
202607221212,   0.068,9999.000,9999.000,9999.000,9999.000,9999.000,9999.000,9999.000,9999.000
202607221218,   0.069,9999.000,9999.000,9999.000,9999.000,9999.000,9999.000,9999.000,9999.000
202607221224,   0.070,9999.000,9999.000,9999.000,9999.000,9999.000,9999.000,9999.000,9999.000
202607221230,   0.072,9999.000,9999.000,9999.000,9999.000,9999.000,9999.000,9999.000,9999.000
202607221236,   0.074,9999.000,9999.000,9999.000,9999.000,9999.000,9999.000,9999.000,9999.000
202607221242,   0.077,9999.000,9999.000,9999.000,9999.000,9999.000,9999.000,9999.000,9999.000
202607221248,   0.080,9999.000,9999.000,9999.000,9999.000,9999.000,9999.000,9999.000,9999.000
202607221254,   0.083,9999.000,9999.000,9999.000,9999.000,9999.000,9999.000,9999.000,9999.000
202607221300,   0.087,9999.000,   0.400,   0.059,   0.546,   0.400,   0.546,   0.500,   0.646
202607221306,   0.092,9999.000,9999.000,9999.000,9999.000,9999.000,9999.000,9999.000,9999.000
202607221312,   0.097,9999.000,9999.000,9999.000,9999.000,9999.000,9999.000,9999.000,9999.000
202607221318,   0.103,9999.000,9999.000,9999.000,9999.000,9999.000,9999.000,9999.000,9999.000
202607221324,   0.108,9999.000,9999.000,9999.000,9999.000,9999.000,9999.000,9999.000,9999.000
202607221330,   0.115,9999.000,9999.000,9999.000,9999.000,9999.000,9999.000,9999.000,9999.000
202607221336,   0.122,9999.000,9999.000,9999.000,9999.000,9999.000,9999.000,9999.000,9999.000
202607221342,   0.129,9999.000,9999.000,9999.000,9999.000,9999.000,9999.000,9999.000,9999.000
202607221348,   0.137,9999.000,9999.000,9999.000,9999.000,9999.000,9999.000,9999.000,9999.000
202607221354,   0.145,9999.000,9999.000,9999.000,9999.000,9999.000,9999.000,9999.000,9999.000
202607221400,   0.154,9999.000,   0.400,   0.059,   0.613,   0.400,   0.613,   0.400,   0.613
202607221406,   0.163,9999.000,9999.000,9999.000,9999.000,9999.000,9999.000,9999.000,9999.000
202607221412,   0.172,9999.000,9999.000,9999.000,9999.000,9999.000,9999.000,9999.000,9999.000
202607221418,   0.182,9999.000,9999.000,9999.000,9999.000,9999.000,9999.000,9999.000,9999.000
202607221424,   0.192,9999.000,9999.000,9999.000,9999.000,9999.000,9999.000,9999.000,9999.000
202607221430,   0.202,9999.000,9999.000,9999.000,9999.000,9999.000,9999.000,9999.000,9999.000
202607221436,   0.213,9999.000,9999.000,9999.000,9999.000,9999.000,9999.000,9999.000,9999.000
202607221442,   0.224,9999.000,9999.000,9999.000,9999.000,9999.000,9999.000,9999.000,9999.000
202607221448,   0.235,9999.000,9999.000,9999.000,9999.000,9999.000,9999.000,9999.000,9999.000
202607221454,   0.247,9999.000,9999.000,9999.000,9999.000,9999.000,9999.000,9999.000,9999.000
202607221500,   0.259,9999.000,   0.400,   0.059,   0.718,   0.400,   0.718,   0.400,   0.718
202607221506,   0.271,9999.000,9999.000,9999.000,9999.000,9999.000,9999.000,9999.000,9999.000
202607221512,   0.283,9999.000,9999.000,9999.000,9999.000,9999.000,9999.000,9999.000,9999.000
202607221518,   0.295,9999.000,9999.000,9999.000,9999.000,9999.000,9999.000,9999.000,9999.000
202607221524,   0.308,9999.000,9999.000,9999.000,9999.000,9999.000,9999.000,9999.000,9999.000
202607221530,   0.320,9999.000,9999.000,9999.000,9999.000,9999.000,9999.000,9999.000,9999.000
202607221536,   0.333,9999.000,9999.000,9999.000,9999.000,9999.000,9999.000,9999.000,9999.000
202607221542,   0.345,9999.000,9999.000,9999.000,9999.000,9999.000,9999.000,9999.000,9999.000
202607221548,   0.358,9999.000,9999.000,9999.000,9999.000,9999.000,9999.000,9999.000,9999.000
202607221554,   0.371,9999.000,9999.000,9999.000,9999.000,9999.000,9999.000,9999.000,9999.000
202607221600,   0.383,9999.000,   0.400,   0.059,   0.842,   0.400,   0.842,   0.400,   0.842
202607221606,   0.396,9999.000,9999.000,9999.000,9999.000,9999.000,9999.000,9999.000,9999.000
202607221612,   0.408,9999.000,9999.000,9999.000,9999.000,9999.000,9999.000,9999.000,9999.000
202607221618,   0.421,9999.000,9999.000,9999.000,9999.000,9999.000,9999.000,9999.000,9999.000
202607221624,   0.433,9999.000,9999.000,9999.000,9999.000,9999.000,9999.000,9999.000,9999.000
202607221630,   0.445,9999.000,9999.000,9999.000,9999.000,9999.000,9999.000,9999.000,9999.000
202607221636,   0.457,9999.000,9999.000,9999.000,9999.000,9999.000,9999.000,9999.000,9999.000
202607221642,   0.469,9999.000,9999.000,9999.000,9999.000,9999.000,9999.000,9999.000,9999.000
202607221648,   0.480,9999.000,9999.000,9999.000,9999.000,9999.000,9999.000,9999.000,9999.000
202607221654,   0.492,9999.000,9999.000,9999.000,9999.000,9999.000,9999.000,9999.000,9999.000
202607221700,   0.503,9999.000,   0.400,   0.059,   0.962,   0.400,   0.962,   0.400,   0.962
202607221706,   0.514,9999.000,9999.000,9999.000,9999.000,9999.000,9999.000,9999.000,9999.000
202607221712,   0.525,9999.000,9999.000,9999.000,9999.000,9999.000,9999.000,9999.000,9999.000
202607221718,   0.535,9999.000,9999.000,9999.000,9999.000,9999.000,9999.000,9999.000,9999.000
202607221724,   0.546,9999.000,9999.000,9999.000,9999.000,9999.000,9999.000,9999.000,9999.000
202607221730,   0.556,9999.000,9999.000,9999.000,9999.000,9999.000,9999.000,9999.000,9999.000
202607221736,   0.566,9999.000,9999.000,9999.000,9999.000,9999.000,9999.000,9999.000,9999.000
202607221742,   0.575,9999.000,9999.000,9999.000,9999.000,9999.000,9999.000,9999.000,9999.000
202607221748,   0.584,9999.000,9999.000,9999.000,9999.000,9999.000,9999.000,9999.000,9999.000
202607221754,   0.593,9999.000,9999.000,9999.000,9999.000,9999.000,9999.000,9999.000,9999.000
202607221800,   0.602,9999.000,   0.400,   0.059,   1.061,   0.400,   1.061,   0.500,   1.161
202607221806,   0.611,9999.000,9999.000,9999.000,9999.000,9999.000,9999.000,9999.000,9999.000
202607221812,   0.619,9999.000,9999.000,9999.000,9999.000,9999.000,9999.000,9999.000,9999.000
202607221818,   0.627,9999.000,9999.000,9999.000,9999.000,9999.000,9999.000,9999.000,9999.000
202607221824,   0.635,9999.000,9999.000,9999.000,9999.000,9999.000,9999.000,9999.000,9999.000
202607221830,   0.643,9999.000,9999.000,9999.000,9999.000,9999.000,9999.000,9999.000,9999.000
202607221836,   0.650,9999.000,9999.000,9999.000,9999.000,9999.000,9999.000,9999.000,9999.000
202607221842,   0.657,9999.000,9999.000,9999.000,9999.000,9999.000,9999.000,9999.000,9999.000
202607221848,   0.664,9999.000,9999.000,9999.000,9999.000,9999.000,9999.000,9999.000,9999.000
202607221854,   0.671,9999.000,9999.000,9999.000,9999.000,9999.000,9999.000,9999.000,9999.000
202607221900,   0.678,9999.000,   0.400,   0.059,   1.137,   0.400,   1.137,   0.500,   1.237
202607221906,   0.684,9999.000,9999.000,9999.000,9999.000,9999.000,9999.000,9999.000,9999.000
202607221912,   0.690,9999.000,9999.000,9999.000,9999.000,9999.000,9999.000,9999.000,9999.000
202607221918,   0.696,9999.000,9999.000,9999.000,9999.000,9999.000,9999.000,9999.000,9999.000
202607221924,   0.702,9999.000,9999.000,9999.000,9999.000,9999.000,9999.000,9999.000,9999.000
202607221930,   0.708,9999.000,9999.000,9999.000,9999.000,9999.000,9999.000,9999.000,9999.000
202607221936,   0.713,9999.000,9999.000,9999.000,9999.000,9999.000,9999.000,9999.000,9999.000
202607221942,   0.718,9999.000,9999.000,9999.000,9999.000,9999.000,9999.000,9999.000,9999.000
202607221948,   0.723,9999.000,9999.000,9999.000,9999.000,9999.000,9999.000,9999.000,9999.000
202607221954,   0.728,9999.000,9999.000,9999.000,9999.000,9999.000,9999.000,9999.000,9999.000
202607222000,   0.733,9999.000,   0.400,   0.059,   1.192,   0.400,   1.192,   0.500,   1.292
202607222006,   0.738,9999.000,9999.000,9999.000,9999.000,9999.000,9999.000,9999.000,9999.000
202607222012,   0.743,9999.000,9999.000,9999.000,9999.000,9999.000,9999.000,9999.000,9999.000
202607222018,   0.747,9999.000,9999.000,9999.000,9999.000,9999.000,9999.000,9999.000,9999.000
202607222024,   0.751,9999.000,9999.000,9999.000,9999.000,9999.000,9999.000,9999.000,9999.000
202607222030,   0.755,9999.000,9999.000,9999.000,9999.000,9999.000,9999.000,9999.000,9999.000
202607222036,   0.759,9999.000,9999.000,9999.000,9999.000,9999.000,9999.000,9999.000,9999.000
202607222042,   0.763,9999.000,9999.000,9999.000,9999.000,9999.000,9999.000,9999.000,9999.000
202607222048,   0.766,9999.000,9999.000,9999.000,9999.000,9999.000,9999.000,9999.000,9999.000
202607222054,   0.770,9999.000,9999.000,9999.000,9999.000,9999.000,9999.000,9999.000,9999.000
202607222100,   0.773,9999.000,   0.400,   0.059,   1.232,   0.400,   1.232,   0.500,   1.332
202607222106,   0.776,9999.000,9999.000,9999.000,9999.000,9999.000,9999.000,9999.000,9999.000
202607222112,   0.779,9999.000,9999.000,9999.000,9999.000,9999.000,9999.000,9999.000,9999.000
202607222118,   0.782,9999.000,9999.000,9999.000,9999.000,9999.000,9999.000,9999.000,9999.000
202607222124,   0.784,9999.000,9999.000,9999.000,9999.000,9999.000,9999.000,9999.000,9999.000
202607222130,   0.786,9999.000,9999.000,9999.000,9999.000,9999.000,9999.000,9999.000,9999.000
202607222136,   0.788,9999.000,9999.000,9999.000,9999.000,9999.000,9999.000,9999.000,9999.000
202607222142,   0.790,9999.000,9999.000,9999.000,9999.000,9999.000,9999.000,9999.000,9999.000
202607222148,   0.792,9999.000,9999.000,9999.000,9999.000,9999.000,9999.000,9999.000,9999.000
202607222154,   0.793,9999.000,9999.000,9999.000,9999.000,9999.000,9999.000,9999.000,9999.000
202607222200,   0.794,9999.000,   0.400,   0.059,   1.253,   0.400,   1.253,   0.500,   1.353
202607222206,   0.795,9999.000,9999.000,9999.000,9999.000,9999.000,9999.000,9999.000,9999.000
202607222212,   0.796,9999.000,9999.000,9999.000,9999.000,9999.000,9999.000,9999.000,9999.000
202607222218,   0.797,9999.000,9999.000,9999.000,9999.000,9999.000,9999.000,9999.000,9999.000
202607222224,   0.797,9999.000,9999.000,9999.000,9999.000,9999.000,9999.000,9999.000,9999.000
202607222230,   0.797,9999.000,9999.000,9999.000,9999.000,9999.000,9999.000,9999.000,9999.000
202607222236,   0.797,9999.000,9999.000,9999.000,9999.000,9999.000,9999.000,9999.000,9999.000
202607222242,   0.797,9999.000,9999.000,9999.000,9999.000,9999.000,9999.000,9999.000,9999.000
202607222248,   0.796,9999.000,9999.000,9999.000,9999.000,9999.000,9999.000,9999.000,9999.000
202607222254,   0.795,9999.000,9999.000,9999.000,9999.000,9999.000,9999.000,9999.000,9999.000
202607222300,   0.794,9999.000,   0.400,   0.059,   1.253,   0.400,   1.253,   0.500,   1.353
202607222306,   0.793,9999.000,9999.000,9999.000,9999.000,9999.000,9999.000,9999.000,9999.000
202607222312,   0.791,9999.000,9999.000,9999.000,9999.000,9999.000,9999.000,9999.000,9999.000
202607222318,   0.789,9999.000,9999.000,9999.000,9999.000,9999.000,9999.000,9999.000,9999.000
202607222324,   0.788,9999.000,9999.000,9999.000,9999.000,9999.000,9999.000,9999.000,9999.000
202607222330,   0.785,9999.000,9999.000,9999.000,9999.000,9999.000,9999.000,9999.000,9999.000
202607222336,   0.783,9999.000,9999.000,9999.000,9999.000,9999.000,9999.000,9999.000,9999.000
202607222342,   0.781,9999.000,9999.000,9999.000,9999.000,9999.000,9999.000,9999.000,9999.000
202607222348,   0.778,9999.000,9999.000,9999.000,9999.000,9999.000,9999.000,9999.000,9999.000
202607222354,   0.775,9999.000,9999.000,9999.000,9999.000,9999.000,9999.000,9999.000,9999.000
202607230000,   0.772,9999.000,   0.400,   0.059,   1.231,   0.400,   1.231,   0.400,   1.231
202607230006,   0.769,9999.000,9999.000,9999.000,9999.000,9999.000,9999.000,9999.000,9999.000
202607230012,   0.766,9999.000,9999.000,9999.000,9999.000,9999.000,9999.000,9999.000,9999.000
202607230018,   0.763,9999.000,9999.000,9999.000,9999.000,9999.000,9999.000,9999.000,9999.000
202607230024,   0.760,9999.000,9999.000,9999.000,9999.000,9999.000,9999.000,9999.000,9999.000
202607230030,   0.756,9999.000,9999.000,9999.000,9999.000,9999.000,9999.000,9999.000,9999.000
202607230036,   0.753,9999.000,9999.000,9999.000,9999.000,9999.000,9999.000,9999.000,9999.000
202607230042,   0.749,9999.000,9999.000,9999.000,9999.000,9999.000,9999.000,9999.000,9999.000
202607230048,   0.746,9999.000,9999.000,9999.000,9999.000,9999.000,9999.000,9999.000,9999.000
202607230054,   0.742,9999.000,9999.000,9999.000,9999.000,9999.000,9999.000,9999.000,9999.000
202607230100,   0.738,9999.000,   0.400,   0.059,   1.197,   0.400,   1.197,   0.400,   1.197
202607230106,   0.735,9999.000,9999.000,9999.000,9999.000,9999.000,9999.000,9999.000,9999.000
202607230112,   0.731,9999.000,9999.000,9999.000,9999.000,9999.000,9999.000,9999.000,9999.000
202607230118,   0.727,9999.000,9999.000,9999.000,9999.000,9999.000,9999.000,9999.000,9999.000
202607230124,   0.724,9999.000,9999.000,9999.000,9999.000,9999.000,9999.000,9999.000,9999.000
202607230130,   0.720,9999.000,9999.000,9999.000,9999.000,9999.000,9999.000,9999.000,9999.000
202607230136,   0.716,9999.000,9999.000,9999.000,9999.000,9999.000,9999.000,9999.000,9999.000
202607230142,   0.713,9999.000,9999.000,9999.000,9999.000,9999.000,9999.000,9999.000,9999.000
202607230148,   0.709,9999.000,9999.000,9999.000,9999.000,9999.000,9999.000,9999.000,9999.000
202607230154,   0.705,9999.000,9999.000,9999.000,9999.000,9999.000,9999.000,9999.000,9999.000
202607230200,   0.702,9999.000,   0.400,   0.059,   1.161,   0.400,   1.161,   0.400,   1.161
202607230206,   0.698,9999.000,9999.000,9999.000,9999.000,9999.000,9999.000,9999.000,9999.000
202607230212,   0.695,9999.000,9999.000,9999.000,9999.000,9999.000,9999.000,9999.000,9999.000
202607230218,   0.691,9999.000,9999.000,9999.000,9999.000,9999.000,9999.000,9999.000,9999.000
202607230224,   0.688,9999.000,9999.000,9999.000,9999.000,9999.000,9999.000,9999.000,9999.000
202607230230,   0.684,9999.000,9999.000,9999.000,9999.000,9999.000,9999.000,9999.000,9999.000
202607230236,   0.681,9999.000,9999.000,9999.000,9999.000,9999.000,9999.000,9999.000,9999.000
202607230242,   0.677,9999.000,9999.000,9999.000,9999.000,9999.000,9999.000,9999.000,9999.000
202607230248,   0.674,9999.000,9999.000,9999.000,9999.000,9999.000,9999.000,9999.000,9999.000
202607230254,   0.670,9999.000,9999.000,9999.000,9999.000,9999.000,9999.000,9999.000,9999.000
202607230300,   0.666,9999.000,   0.400,   0.059,   1.125,   0.300,   1.025,   0.400,   1.125
202607230306,   0.663,9999.000,9999.000,9999.000,9999.000,9999.000,9999.000,9999.000,9999.000
202607230312,   0.659,9999.000,9999.000,9999.000,9999.000,9999.000,9999.000,9999.000,9999.000
202607230318,   0.655,9999.000,9999.000,9999.000,9999.000,9999.000,9999.000,9999.000,9999.000
202607230324,   0.651,9999.000,9999.000,9999.000,9999.000,9999.000,9999.000,9999.000,9999.000
202607230330,   0.647,9999.000,9999.000,9999.000,9999.000,9999.000,9999.000,9999.000,9999.000
202607230336,   0.643,9999.000,9999.000,9999.000,9999.000,9999.000,9999.000,9999.000,9999.000
202607230342,   0.638,9999.000,9999.000,9999.000,9999.000,9999.000,9999.000,9999.000,9999.000
202607230348,   0.634,9999.000,9999.000,9999.000,9999.000,9999.000,9999.000,9999.000,9999.000
202607230354,   0.629,9999.000,9999.000,9999.000,9999.000,9999.000,9999.000,9999.000,9999.000
202607230400,   0.625,9999.000,   0.400,   0.059,   1.084,   0.400,   1.084,   0.400,   1.084
202607230406,   0.620,9999.000,9999.000,9999.000,9999.000,9999.000,9999.000,9999.000,9999.000
202607230412,   0.614,9999.000,9999.000,9999.000,9999.000,9999.000,9999.000,9999.000,9999.000
202607230418,   0.609,9999.000,9999.000,9999.000,9999.000,9999.000,9999.000,9999.000,9999.000
202607230424,   0.603,9999.000,9999.000,9999.000,9999.000,9999.000,9999.000,9999.000,9999.000
202607230430,   0.597,9999.000,9999.000,9999.000,9999.000,9999.000,9999.000,9999.000,9999.000
202607230436,   0.591,9999.000,9999.000,9999.000,9999.000,9999.000,9999.000,9999.000,9999.000
202607230442,   0.585,9999.000,9999.000,9999.000,9999.000,9999.000,9999.000,9999.000,9999.000
202607230448,   0.578,9999.000,9999.000,9999.000,9999.000,9999.000,9999.000,9999.000,9999.000
202607230454,   0.572,9999.000,9999.000,9999.000,9999.000,9999.000,9999.000,9999.000,9999.000
202607230500,   0.564,9999.000,   0.400,   0.059,   1.023,   0.400,   1.023,   0.400,   1.023
202607230506,   0.557,9999.000,9999.000,9999.000,9999.000,9999.000,9999.000,9999.000,9999.000
202607230512,   0.549,9999.000,9999.000,9999.000,9999.000,9999.000,9999.000,9999.000,9999.000
202607230518,   0.541,9999.000,9999.000,9999.000,9999.000,9999.000,9999.000,9999.000,9999.000
202607230524,   0.533,9999.000,9999.000,9999.000,9999.000,9999.000,9999.000,9999.000,9999.000
202607230530,   0.525,9999.000,9999.000,9999.000,9999.000,9999.000,9999.000,9999.000,9999.000
202607230536,   0.516,9999.000,9999.000,9999.000,9999.000,9999.000,9999.000,9999.000,9999.000
202607230542,   0.507,9999.000,9999.000,9999.000,9999.000,9999.000,9999.000,9999.000,9999.000
202607230548,   0.498,9999.000,9999.000,9999.000,9999.000,9999.000,9999.000,9999.000,9999.000
202607230554,   0.488,9999.000,9999.000,9999.000,9999.000,9999.000,9999.000,9999.000,9999.000
202607230600,   0.479,9999.000,   0.400,   0.059,   0.938,   0.400,   0.938,   0.500,   1.038
202607230606,   0.469,9999.000,9999.000,9999.000,9999.000,9999.000,9999.000,9999.000,9999.000
202607230612,   0.459,9999.000,9999.000,9999.000,9999.000,9999.000,9999.000,9999.000,9999.000
202607230618,   0.448,9999.000,9999.000,9999.000,9999.000,9999.000,9999.000,9999.000,9999.000
202607230624,   0.438,9999.000,9999.000,9999.000,9999.000,9999.000,9999.000,9999.000,9999.000
202607230630,   0.427,9999.000,9999.000,9999.000,9999.000,9999.000,9999.000,9999.000,9999.000
202607230636,   0.417,9999.000,9999.000,9999.000,9999.000,9999.000,9999.000,9999.000,9999.000
202607230642,   0.406,9999.000,9999.000,9999.000,9999.000,9999.000,9999.000,9999.000,9999.000
202607230648,   0.395,9999.000,9999.000,9999.000,9999.000,9999.000,9999.000,9999.000,9999.000
202607230654,   0.384,9999.000,9999.000,9999.000,9999.000,9999.000,9999.000,9999.000,9999.000
202607230700,   0.373,9999.000,   0.400,   0.059,   0.832,   0.400,   0.832,   0.500,   0.932
202607230706,   0.361,9999.000,9999.000,9999.000,9999.000,9999.000,9999.000,9999.000,9999.000
202607230712,   0.350,9999.000,9999.000,9999.000,9999.000,9999.000,9999.000,9999.000,9999.000
202607230718,   0.339,9999.000,9999.000,9999.000,9999.000,9999.000,9999.000,9999.000,9999.000
202607230724,   0.328,9999.000,9999.000,9999.000,9999.000,9999.000,9999.000,9999.000,9999.000
202607230730,   0.316,9999.000,9999.000,9999.000,9999.000,9999.000,9999.000,9999.000,9999.000
202607230736,   0.305,9999.000,9999.000,9999.000,9999.000,9999.000,9999.000,9999.000,9999.000
202607230742,   0.294,9999.000,9999.000,9999.000,9999.000,9999.000,9999.000,9999.000,9999.000
202607230748,   0.283,9999.000,9999.000,9999.000,9999.000,9999.000,9999.000,9999.000,9999.000
202607230754,   0.272,9999.000,9999.000,9999.000,9999.000,9999.000,9999.000,9999.000,9999.000
202607230800,   0.261,9999.000,   0.400,   0.059,   0.720,   0.400,   0.720,   0.500,   0.820
202607230806,   0.251,9999.000,9999.000,9999.000,9999.000,9999.000,9999.000,9999.000,9999.000
202607230812,   0.240,9999.000,9999.000,9999.000,9999.000,9999.000,9999.000,9999.000,9999.000
202607230818,   0.229,9999.000,9999.000,9999.000,9999.000,9999.000,9999.000,9999.000,9999.000
202607230824,   0.219,9999.000,9999.000,9999.000,9999.000,9999.000,9999.000,9999.000,9999.000
202607230830,   0.209,9999.000,9999.000,9999.000,9999.000,9999.000,9999.000,9999.000,9999.000
202607230836,   0.199,9999.000,9999.000,9999.000,9999.000,9999.000,9999.000,9999.000,9999.000
202607230842,   0.189,9999.000,9999.000,9999.000,9999.000,9999.000,9999.000,9999.000,9999.000
202607230848,   0.180,9999.000,9999.000,9999.000,9999.000,9999.000,9999.000,9999.000,9999.000
202607230854,   0.170,9999.000,9999.000,9999.000,9999.000,9999.000,9999.000,9999.000,9999.000
202607230900,   0.161,9999.000,   0.400,   0.059,   0.620,   0.400,   0.620,   0.400,   0.620
202607230906,   0.152,9999.000,9999.000,9999.000,9999.000,9999.000,9999.000,9999.000,9999.000
202607230912,   0.143,9999.000,9999.000,9999.000,9999.000,9999.000,9999.000,9999.000,9999.000
202607230918,   0.135,9999.000,9999.000,9999.000,9999.000,9999.000,9999.000,9999.000,9999.000
202607230924,   0.126,9999.000,9999.000,9999.000,9999.000,9999.000,9999.000,9999.000,9999.000
202607230930,   0.118,9999.000,9999.000,9999.000,9999.000,9999.000,9999.000,9999.000,9999.000
202607230936,   0.111,9999.000,9999.000,9999.000,9999.000,9999.000,9999.000,9999.000,9999.000
202607230942,   0.103,9999.000,9999.000,9999.000,9999.000,9999.000,9999.000,9999.000,9999.000
202607230948,   0.096,9999.000,9999.000,9999.000,9999.000,9999.000,9999.000,9999.000,9999.000
202607230954,   0.088,9999.000,9999.000,9999.000,9999.000,9999.000,9999.000,9999.000,9999.000
202607231000,   0.081,9999.000,   0.400,   0.059,   0.540,   0.400,   0.540,   0.400,   0.540
202607231006,   0.075,9999.000,9999.000,9999.000,9999.000,9999.000,9999.000,9999.000,9999.000
202607231012,   0.068,9999.000,9999.000,9999.000,9999.000,9999.000,9999.000,9999.000,9999.000
202607231018,   0.062,9999.000,9999.000,9999.000,9999.000,9999.000,9999.000,9999.000,9999.000
202607231024,   0.056,9999.000,9999.000,9999.000,9999.000,9999.000,9999.000,9999.000,9999.000
202607231030,   0.050,9999.000,9999.000,9999.000,9999.000,9999.000,9999.000,9999.000,9999.000
202607231036,   0.045,9999.000,9999.000,9999.000,9999.000,9999.000,9999.000,9999.000,9999.000
202607231042,   0.039,9999.000,9999.000,9999.000,9999.000,9999.000,9999.000,9999.000,9999.000
202607231048,   0.034,9999.000,9999.000,9999.000,9999.000,9999.000,9999.000,9999.000,9999.000
202607231054,   0.029,9999.000,9999.000,9999.000,9999.000,9999.000,9999.000,9999.000,9999.000
202607231100,   0.025,9999.000,   0.400,   0.059,   0.484,   0.400,   0.484,   0.400,   0.484
202607231106,   0.021,9999.000,9999.000,9999.000,9999.000,9999.000,9999.000,9999.000,9999.000
202607231112,   0.016,9999.000,9999.000,9999.000,9999.000,9999.000,9999.000,9999.000,9999.000
202607231118,   0.013,9999.000,9999.000,9999.000,9999.000,9999.000,9999.000,9999.000,9999.000
202607231124,   0.009,9999.000,9999.000,9999.000,9999.000,9999.000,9999.000,9999.000,9999.000
202607231130,   0.006,9999.000,9999.000,9999.000,9999.000,9999.000,9999.000,9999.000,9999.000
202607231136,   0.002,9999.000,9999.000,9999.000,9999.000,9999.000,9999.000,9999.000,9999.000
202607231142,   0.000,9999.000,9999.000,9999.000,9999.000,9999.000,9999.000,9999.000,9999.000
202607231148,  -0.002,9999.000,9999.000,9999.000,9999.000,9999.000,9999.000,9999.000,9999.000
202607231154,  -0.004,9999.000,9999.000,9999.000,9999.000,9999.000,9999.000,9999.000,9999.000
202607231200,  -0.006,9999.000,   0.400,   0.059,   0.453,   0.300,   0.353,   0.400,   0.453
202607231206,  -0.008,9999.000,9999.000,9999.000,9999.000,9999.000,9999.000,9999.000,9999.000
202607231212,  -0.009,9999.000,9999.000,9999.000,9999.000,9999.000,9999.000,9999.000,9999.000
202607231218,  -0.010,9999.000,9999.000,9999.000,9999.000,9999.000,9999.000,9999.000,9999.000
202607231224,  -0.011,9999.000,9999.000,9999.000,9999.000,9999.000,9999.000,9999.000,9999.000
202607231230,  -0.011,9999.000,9999.000,9999.000,9999.000,9999.000,9999.000,9999.000,9999.000
202607231236,  -0.011,9999.000,9999.000,9999.000,9999.000,9999.000,9999.000,9999.000,9999.000
202607231242,  -0.011,9999.000,9999.000,9999.000,9999.000,9999.000,9999.000,9999.000,9999.000
202607231248,  -0.010,9999.000,9999.000,9999.000,9999.000,9999.000,9999.000,9999.000,9999.000
202607231254,  -0.009,9999.000,9999.000,9999.000,9999.000,9999.000,9999.000,9999.000,9999.000
202607231300,  -0.008,9999.000,   0.400,   0.059,   0.451,   0.300,   0.351,   0.400,   0.451
202607231306,  -0.006,9999.000,9999.000,9999.000,9999.000,9999.000,9999.000,9999.000,9999.000
202607231312,  -0.003,9999.000,9999.000,9999.000,9999.000,9999.000,9999.000,9999.000,9999.000
202607231318,  -0.001,9999.000,9999.000,9999.000,9999.000,9999.000,9999.000,9999.000,9999.000
202607231324,   0.001,9999.000,9999.000,9999.000,9999.000,9999.000,9999.000,9999.000,9999.000
202607231330,   0.005,9999.000,9999.000,9999.000,9999.000,9999.000,9999.000,9999.000,9999.000
202607231336,   0.009,9999.000,9999.000,9999.000,9999.000,9999.000,9999.000,9999.000,9999.000
202607231342,   0.014,9999.000,9999.000,9999.000,9999.000,9999.000,9999.000,9999.000,9999.000
202607231348,   0.018,9999.000,9999.000,9999.000,9999.000,9999.000,9999.000,9999.000,9999.000
202607231354,   0.024,9999.000,9999.000,9999.000,9999.000,9999.000,9999.000,9999.000,9999.000
202607231400,   0.030,9999.000,   0.400,   0.059,   0.489,   0.300,   0.389,   0.400,   0.489
202607231406,   0.036,9999.000,9999.000,9999.000,9999.000,9999.000,9999.000,9999.000,9999.000
202607231412,   0.043,9999.000,9999.000,9999.000,9999.000,9999.000,9999.000,9999.000,9999.000
202607231418,   0.050,9999.000,9999.000,9999.000,9999.000,9999.000,9999.000,9999.000,9999.000
202607231424,   0.058,9999.000,9999.000,9999.000,9999.000,9999.000,9999.000,9999.000,9999.000
202607231430,   0.066,9999.000,9999.000,9999.000,9999.000,9999.000,9999.000,9999.000,9999.000
202607231436,   0.074,9999.000,9999.000,9999.000,9999.000,9999.000,9999.000,9999.000,9999.000
202607231442,   0.083,9999.000,9999.000,9999.000,9999.000,9999.000,9999.000,9999.000,9999.000
202607231448,   0.093,9999.000,9999.000,9999.000,9999.000,9999.000,9999.000,9999.000,9999.000
202607231454,   0.103,9999.000,9999.000,9999.000,9999.000,9999.000,9999.000,9999.000,9999.000
202607231500,   0.113,9999.000,   0.400,   0.059,   0.572,   0.300,   0.472,   0.400,   0.572
202607231506,   0.123,9999.000,9999.000,9999.000,9999.000,9999.000,9999.000,9999.000,9999.000
202607231512,   0.134,9999.000,9999.000,9999.000,9999.000,9999.000,9999.000,9999.000,9999.000
202607231518,   0.146,9999.000,9999.000,9999.000,9999.000,9999.000,9999.000,9999.000,9999.000
202607231524,   0.157,9999.000,9999.000,9999.000,9999.000,9999.000,9999.000,9999.000,9999.000
202607231530,   0.169,9999.000,9999.000,9999.000,9999.000,9999.000,9999.000,9999.000,9999.000
202607231536,   0.182,9999.000,9999.000,9999.000,9999.000,9999.000,9999.000,9999.000,9999.000
202607231542,   0.194,9999.000,9999.000,9999.000,9999.000,9999.000,9999.000,9999.000,9999.000
202607231548,   0.207,9999.000,9999.000,9999.000,9999.000,9999.000,9999.000,9999.000,9999.000
202607231554,   0.220,9999.000,9999.000,9999.000,9999.000,9999.000,9999.000,9999.000,9999.000
202607231600,   0.234,9999.000,   0.400,   0.059,   0.693,   0.300,   0.593,   0.400,   0.693
202607231606,   0.247,9999.000,9999.000,9999.000,9999.000,9999.000,9999.000,9999.000,9999.000
202607231612,   0.261,9999.000,9999.000,9999.000,9999.000,9999.000,9999.000,9999.000,9999.000
202607231618,   0.275,9999.000,9999.000,9999.000,9999.000,9999.000,9999.000,9999.000,9999.000
202607231624,   0.289,9999.000,9999.000,9999.000,9999.000,9999.000,9999.000,9999.000,9999.000
202607231630,   0.303,9999.000,9999.000,9999.000,9999.000,9999.000,9999.000,9999.000,9999.000
202607231636,   0.317,9999.000,9999.000,9999.000,9999.000,9999.000,9999.000,9999.000,9999.000
202607231642,   0.331,9999.000,9999.000,9999.000,9999.000,9999.000,9999.000,9999.000,9999.000
202607231648,   0.345,9999.000,9999.000,9999.000,9999.000,9999.000,9999.000,9999.000,9999.000
202607231654,   0.359,9999.000,9999.000,9999.000,9999.000,9999.000,9999.000,9999.000,9999.000
202607231700,   0.373,9999.000,   0.400,   0.059,   0.832,   0.300,   0.732,   0.400,   0.832
202607231706,   0.388,9999.000,9999.000,9999.000,9999.000,9999.000,9999.000,9999.000,9999.000
202607231712,   0.402,9999.000,9999.000,9999.000,9999.000,9999.000,9999.000,9999.000,9999.000
202607231718,   0.416,9999.000,9999.000,9999.000,9999.000,9999.000,9999.000,9999.000,9999.000
202607231724,   0.429,9999.000,9999.000,9999.000,9999.000,9999.000,9999.000,9999.000,9999.000
202607231730,   0.443,9999.000,9999.000,9999.000,9999.000,9999.000,9999.000,9999.000,9999.000
202607231736,   0.457,9999.000,9999.000,9999.000,9999.000,9999.000,9999.000,9999.000,9999.000
202607231742,   0.470,9999.000,9999.000,9999.000,9999.000,9999.000,9999.000,9999.000,9999.000
202607231748,   0.483,9999.000,9999.000,9999.000,9999.000,9999.000,9999.000,9999.000,9999.000
202607231754,   0.496,9999.000,9999.000,9999.000,9999.000,9999.000,9999.000,9999.000,9999.000
202607231800,   0.509,9999.000,   0.400,   0.059,   0.968,   0.400,   0.968,   0.400,   0.968
202607231806,   0.522,9999.000,9999.000,9999.000,9999.000,9999.000,9999.000,9999.000,9999.000
202607231812,   0.534,9999.000,9999.000,9999.000,9999.000,9999.000,9999.000,9999.000,9999.000
202607231818,   0.547,9999.000,9999.000,9999.000,9999.000,9999.000,9999.000,9999.000,9999.000
202607231824,   0.559,9999.000,9999.000,9999.000,9999.000,9999.000,9999.000,9999.000,9999.000
202607231830,   0.570,9999.000,9999.000,9999.000,9999.000,9999.000,9999.000,9999.000,9999.000
202607231836,   0.582,9999.000,9999.000,9999.000,9999.000,9999.000,9999.000,9999.000,9999.000
202607231842,   0.593,9999.000,9999.000,9999.000,9999.000,9999.000,9999.000,9999.000,9999.000
202607231848,   0.604,9999.000,9999.000,9999.000,9999.000,9999.000,9999.000,9999.000,9999.000
202607231854,   0.614,9999.000,9999.000,9999.000,9999.000,9999.000,9999.000,9999.000,9999.000
202607231900,   0.625,9999.000,   0.400,   0.059,   1.084,   0.400,   1.084,   0.400,   1.084
202607231906,   0.635,9999.000,9999.000,9999.000,9999.000,9999.000,9999.000,9999.000,9999.000
202607231912,   0.645,9999.000,9999.000,9999.000,9999.000,9999.000,9999.000,9999.000,9999.000
202607231918,   0.654,9999.000,9999.000,9999.000,9999.000,9999.000,9999.000,9999.000,9999.000
202607231924,   0.664,9999.000,9999.000,9999.000,9999.000,9999.000,9999.000,9999.000,9999.000
202607231930,   0.673,9999.000,9999.000,9999.000,9999.000,9999.000,9999.000,9999.000,9999.000
202607231936,   0.681,9999.000,9999.000,9999.000,9999.000,9999.000,9999.000,9999.000,9999.000
202607231942,   0.690,9999.000,9999.000,9999.000,9999.000,9999.000,9999.000,9999.000,9999.000
202607231948,   0.698,9999.000,9999.000,9999.000,9999.000,9999.000,9999.000,9999.000,9999.000
202607231954,   0.706,9999.000,9999.000,9999.000,9999.000,9999.000,9999.000,9999.000,9999.000
202607232000,   0.714,9999.000,   0.400,   0.059,   1.173,   0.400,   1.173,   0.400,   1.173
202607232006,   0.721,9999.000,9999.000,9999.000,9999.000,9999.000,9999.000,9999.000,9999.000
202607232012,   0.729,9999.000,9999.000,9999.000,9999.000,9999.000,9999.000,9999.000,9999.000
202607232018,   0.736,9999.000,9999.000,9999.000,9999.000,9999.000,9999.000,9999.000,9999.000
202607232024,   0.742,9999.000,9999.000,9999.000,9999.000,9999.000,9999.000,9999.000,9999.000
202607232030,   0.749,9999.000,9999.000,9999.000,9999.000,9999.000,9999.000,9999.000,9999.000
202607232036,   0.755,9999.000,9999.000,9999.000,9999.000,9999.000,9999.000,9999.000,9999.000
202607232042,   0.761,9999.000,9999.000,9999.000,9999.000,9999.000,9999.000,9999.000,9999.000
202607232048,   0.767,9999.000,9999.000,9999.000,9999.000,9999.000,9999.000,9999.000,9999.000
202607232054,   0.773,9999.000,9999.000,9999.000,9999.000,9999.000,9999.000,9999.000,9999.000
202607232100,   0.778,9999.000,   0.400,   0.059,   1.237,   0.400,   1.237,   0.400,   1.237
202607232106,   0.783,9999.000,9999.000,9999.000,9999.000,9999.000,9999.000,9999.000,9999.000
202607232112,   0.788,9999.000,9999.000,9999.000,9999.000,9999.000,9999.000,9999.000,9999.000
202607232118,   0.793,9999.000,9999.000,9999.000,9999.000,9999.000,9999.000,9999.000,9999.000
202607232124,   0.797,9999.000,9999.000,9999.000,9999.000,9999.000,9999.000,9999.000,9999.000
202607232130,   0.802,9999.000,9999.000,9999.000,9999.000,9999.000,9999.000,9999.000,9999.000
202607232136,   0.806,9999.000,9999.000,9999.000,9999.000,9999.000,9999.000,9999.000,9999.000
202607232142,   0.810,9999.000,9999.000,9999.000,9999.000,9999.000,9999.000,9999.000,9999.000
202607232148,   0.813,9999.000,9999.000,9999.000,9999.000,9999.000,9999.000,9999.000,9999.000
202607232154,   0.816,9999.000,9999.000,9999.000,9999.000,9999.000,9999.000,9999.000,9999.000
202607232200,   0.819,9999.000,   0.400,   0.059,   1.278,   0.400,   1.278,   0.400,   1.278
202607232206,   0.822,9999.000,9999.000,9999.000,9999.000,9999.000,9999.000,9999.000,9999.000
202607232212,   0.825,9999.000,9999.000,9999.000,9999.000,9999.000,9999.000,9999.000,9999.000
202607232218,   0.827,9999.000,9999.000,9999.000,9999.000,9999.000,9999.000,9999.000,9999.000
202607232224,   0.829,9999.000,9999.000,9999.000,9999.000,9999.000,9999.000,9999.000,9999.000
202607232230,   0.831,9999.000,9999.000,9999.000,9999.000,9999.000,9999.000,9999.000,9999.000
202607232236,   0.833,9999.000,9999.000,9999.000,9999.000,9999.000,9999.000,9999.000,9999.000
202607232242,   0.834,9999.000,9999.000,9999.000,9999.000,9999.000,9999.000,9999.000,9999.000
202607232248,   0.835,9999.000,9999.000,9999.000,9999.000,9999.000,9999.000,9999.000,9999.000
202607232254,   0.836,9999.000,9999.000,9999.000,9999.000,9999.000,9999.000,9999.000,9999.000
202607232300,   0.836,9999.000,   0.400,   0.059,   1.295,   0.300,   1.195,   0.400,   1.295
202607232306,   0.836,9999.000,9999.000,9999.000,9999.000,9999.000,9999.000,9999.000,9999.000
202607232312,   0.836,9999.000,9999.000,9999.000,9999.000,9999.000,9999.000,9999.000,9999.000
202607232318,   0.836,9999.000,9999.000,9999.000,9999.000,9999.000,9999.000,9999.000,9999.000
202607232324,   0.835,9999.000,9999.000,9999.000,9999.000,9999.000,9999.000,9999.000,9999.000
202607232330,   0.834,9999.000,9999.000,9999.000,9999.000,9999.000,9999.000,9999.000,9999.000
202607232336,   0.833,9999.000,9999.000,9999.000,9999.000,9999.000,9999.000,9999.000,9999.000
202607232342,   0.832,9999.000,9999.000,9999.000,9999.000,9999.000,9999.000,9999.000,9999.000
202607232348,   0.830,9999.000,9999.000,9999.000,9999.000,9999.000,9999.000,9999.000,9999.000
202607232354,   0.828,9999.000,9999.000,9999.000,9999.000,9999.000,9999.000,9999.000,9999.000
202607240000,   0.826,9999.000,   0.300,   0.059,   1.185,   0.300,   1.185,   0.400,   1.285
202607240006,   0.823,9999.000,9999.000,9999.000,9999.000,9999.000,9999.000,9999.000,9999.000
202607240012,   0.821,9999.000,9999.000,9999.000,9999.000,9999.000,9999.000,9999.000,9999.000
202607240018,   0.818,9999.000,9999.000,9999.000,9999.000,9999.000,9999.000,9999.000,9999.000
202607240024,   0.814,9999.000,9999.000,9999.000,9999.000,9999.000,9999.000,9999.000,9999.000
202607240030,   0.811,9999.000,9999.000,9999.000,9999.000,9999.000,9999.000,9999.000,9999.000
202607240036,   0.807,9999.000,9999.000,9999.000,9999.000,9999.000,9999.000,9999.000,9999.000
202607240042,   0.804,9999.000,9999.000,9999.000,9999.000,9999.000,9999.000,9999.000,9999.000
202607240048,   0.799,9999.000,9999.000,9999.000,9999.000,9999.000,9999.000,9999.000,9999.000
202607240054,   0.795,9999.000,9999.000,9999.000,9999.000,9999.000,9999.000,9999.000,9999.000
202607240100,   0.791,9999.000,   0.300,   0.059,   1.150,   0.300,   1.150,   0.400,   1.250
202607240106,   0.786,9999.000,9999.000,9999.000,9999.000,9999.000,9999.000,9999.000,9999.000
202607240112,   0.781,9999.000,9999.000,9999.000,9999.000,9999.000,9999.000,9999.000,9999.000
202607240118,   0.777,9999.000,9999.000,9999.000,9999.000,9999.000,9999.000,9999.000,9999.000
202607240124,   0.772,9999.000,9999.000,9999.000,9999.000,9999.000,9999.000,9999.000,9999.000
202607240130,   0.766,9999.000,9999.000,9999.000,9999.000,9999.000,9999.000,9999.000,9999.000
202607240136,   0.761,9999.000,9999.000,9999.000,9999.000,9999.000,9999.000,9999.000,9999.000
202607240142,   0.756,9999.000,9999.000,9999.000,9999.000,9999.000,9999.000,9999.000,9999.000
202607240148,   0.750,9999.000,9999.000,9999.000,9999.000,9999.000,9999.000,9999.000,9999.000
202607240154,   0.745,9999.000,9999.000,9999.000,9999.000,9999.000,9999.000,9999.000,9999.000
202607240200,   0.739,9999.000,   0.300,   0.059,   1.098,   0.300,   1.098,   0.400,   1.198
202607240206,   0.734,9999.000,9999.000,9999.000,9999.000,9999.000,9999.000,9999.000,9999.000
202607240212,   0.728,9999.000,9999.000,9999.000,9999.000,9999.000,9999.000,9999.000,9999.000
202607240218,   0.722,9999.000,9999.000,9999.000,9999.000,9999.000,9999.000,9999.000,9999.000
202607240224,   0.717,9999.000,9999.000,9999.000,9999.000,9999.000,9999.000,9999.000,9999.000
202607240230,   0.711,9999.000,9999.000,9999.000,9999.000,9999.000,9999.000,9999.000,9999.000
202607240236,   0.705,9999.000,9999.000,9999.000,9999.000,9999.000,9999.000,9999.000,9999.000
202607240242,   0.699,9999.000,9999.000,9999.000,9999.000,9999.000,9999.000,9999.000,9999.000
202607240248,   0.694,9999.000,9999.000,9999.000,9999.000,9999.000,9999.000,9999.000,9999.000
202607240254,   0.688,9999.000,9999.000,9999.000,9999.000,9999.000,9999.000,9999.000,9999.000
202607240300,   0.682,9999.000,   0.300,   0.059,   1.041,   0.300,   1.041,   0.300,   1.041
202607240306,   0.676,9999.000,9999.000,9999.000,9999.000,9999.000,9999.000,9999.000,9999.000
202607240312,   0.670,9999.000,9999.000,9999.000,9999.000,9999.000,9999.000,9999.000,9999.000
202607240318,   0.665,9999.000,9999.000,9999.000,9999.000,9999.000,9999.000,9999.000,9999.000
202607240324,   0.659,9999.000,9999.000,9999.000,9999.000,9999.000,9999.000,9999.000,9999.000
202607240330,   0.653,9999.000,9999.000,9999.000,9999.000,9999.000,9999.000,9999.000,9999.000
202607240336,   0.647,9999.000,9999.000,9999.000,9999.000,9999.000,9999.000,9999.000,9999.000
202607240342,   0.641,9999.000,9999.000,9999.000,9999.000,9999.000,9999.000,9999.000,9999.000
202607240348,   0.636,9999.000,9999.000,9999.000,9999.000,9999.000,9999.000,9999.000,9999.000
202607240354,   0.630,9999.000,9999.000,9999.000,9999.000,9999.000,9999.000,9999.000,9999.000
202607240400,   0.624,9999.000,   0.300,   0.059,   0.983,   0.300,   0.983,   0.400,   1.083
202607240406,   0.618,9999.000,9999.000,9999.000,9999.000,9999.000,9999.000,9999.000,9999.000
202607240412,   0.612,9999.000,9999.000,9999.000,9999.000,9999.000,9999.000,9999.000,9999.000
202607240418,   0.606,9999.000,9999.000,9999.000,9999.000,9999.000,9999.000,9999.000,9999.000
202607240424,   0.600,9999.000,9999.000,9999.000,9999.000,9999.000,9999.000,9999.000,9999.000
202607240430,   0.593,9999.000,9999.000,9999.000,9999.000,9999.000,9999.000,9999.000,9999.000
202607240436,   0.587,9999.000,9999.000,9999.000,9999.000,9999.000,9999.000,9999.000,9999.000
202607240442,   0.581,9999.000,9999.000,9999.000,9999.000,9999.000,9999.000,9999.000,9999.000
202607240448,   0.574,9999.000,9999.000,9999.000,9999.000,9999.000,9999.000,9999.000,9999.000
202607240454,   0.568,9999.000,9999.000,9999.000,9999.000,9999.000,9999.000,9999.000,9999.000
202607240500,   0.561,9999.000,   0.300,   0.059,   0.920,   0.300,   0.920,   0.400,   1.020
202607240506,   0.554,9999.000,9999.000,9999.000,9999.000,9999.000,9999.000,9999.000,9999.000
202607240512,   0.547,9999.000,9999.000,9999.000,9999.000,9999.000,9999.000,9999.000,9999.000
202607240518,   0.540,9999.000,9999.000,9999.000,9999.000,9999.000,9999.000,9999.000,9999.000
202607240524,   0.532,9999.000,9999.000,9999.000,9999.000,9999.000,9999.000,9999.000,9999.000
202607240530,   0.525,9999.000,9999.000,9999.000,9999.000,9999.000,9999.000,9999.000,9999.000
202607240536,   0.517,9999.000,9999.000,9999.000,9999.000,9999.000,9999.000,9999.000,9999.000
202607240542,   0.509,9999.000,9999.000,9999.000,9999.000,9999.000,9999.000,9999.000,9999.000
202607240548,   0.501,9999.000,9999.000,9999.000,9999.000,9999.000,9999.000,9999.000,9999.000
202607240554,   0.493,9999.000,9999.000,9999.000,9999.000,9999.000,9999.000,9999.000,9999.000
202607240600,   0.485,9999.000,   0.400,   0.059,   0.944,   0.300,   0.844,   0.400,   0.944
202607240606,   0.476,9999.000,9999.000,9999.000,9999.000,9999.000,9999.000,9999.000,9999.000
202607240612,   0.467,9999.000,9999.000,9999.000,9999.000,9999.000,9999.000,9999.000,9999.000
202607240618,   0.458,9999.000,9999.000,9999.000,9999.000,9999.000,9999.000,9999.000,9999.000
202607240624,   0.449,9999.000,9999.000,9999.000,9999.000,9999.000,9999.000,9999.000,9999.000
202607240630,   0.439,9999.000,9999.000,9999.000,9999.000,9999.000,9999.000,9999.000,9999.000
202607240636,   0.430,9999.000,9999.000,9999.000,9999.000,9999.000,9999.000,9999.000,9999.000
202607240642,   0.420,9999.000,9999.000,9999.000,9999.000,9999.000,9999.000,9999.000,9999.000
202607240648,   0.410,9999.000,9999.000,9999.000,9999.000,9999.000,9999.000,9999.000,9999.000
202607240654,   0.400,9999.000,9999.000,9999.000,9999.000,9999.000,9999.000,9999.000,9999.000
202607240700,   0.390,9999.000,   0.400,   0.059,   0.849,   0.300,   0.749,   0.400,   0.849
202607240706,   0.379,9999.000,9999.000,9999.000,9999.000,9999.000,9999.000,9999.000,9999.000
202607240712,   0.369,9999.000,9999.000,9999.000,9999.000,9999.000,9999.000,9999.000,9999.000
202607240718,   0.358,9999.000,9999.000,9999.000,9999.000,9999.000,9999.000,9999.000,9999.000
202607240724,   0.347,9999.000,9999.000,9999.000,9999.000,9999.000,9999.000,9999.000,9999.000
202607240730,   0.336,9999.000,9999.000,9999.000,9999.000,9999.000,9999.000,9999.000,9999.000
202607240736,   0.325,9999.000,9999.000,9999.000,9999.000,9999.000,9999.000,9999.000,9999.000
202607240742,   0.314,9999.000,9999.000,9999.000,9999.000,9999.000,9999.000,9999.000,9999.000
202607240748,   0.303,9999.000,9999.000,9999.000,9999.000,9999.000,9999.000,9999.000,9999.000
202607240754,   0.292,9999.000,9999.000,9999.000,9999.000,9999.000,9999.000,9999.000,9999.000
202607240800,   0.281,9999.000,   0.400,   0.059,   0.740,   0.300,   0.640,   0.400,   0.740
202607240806,   0.270,9999.000,9999.000,9999.000,9999.000,9999.000,9999.000,9999.000,9999.000
202607240812,   0.259,9999.000,9999.000,9999.000,9999.000,9999.000,9999.000,9999.000,9999.000
202607240818,   0.247,9999.000,9999.000,9999.000,9999.000,9999.000,9999.000,9999.000,9999.000
202607240824,   0.236,9999.000,9999.000,9999.000,9999.000,9999.000,9999.000,9999.000,9999.000
202607240830,   0.225,9999.000,9999.000,9999.000,9999.000,9999.000,9999.000,9999.000,9999.000
202607240836,   0.214,9999.000,9999.000,9999.000,9999.000,9999.000,9999.000,9999.000,9999.000
202607240842,   0.203,9999.000,9999.000,9999.000,9999.000,9999.000,9999.000,9999.000,9999.000
202607240848,   0.192,9999.000,9999.000,9999.000,9999.000,9999.000,9999.000,9999.000,9999.000
202607240854,   0.182,9999.000,9999.000,9999.000,9999.000,9999.000,9999.000,9999.000,9999.000
202607240900,   0.171,9999.000,   0.400,   0.059,   0.630,   0.300,   0.530,   0.400,   0.630
202607240906,   0.161,9999.000,9999.000,9999.000,9999.000,9999.000,9999.000,9999.000,9999.000
202607240912,   0.150,9999.000,9999.000,9999.000,9999.000,9999.000,9999.000,9999.000,9999.000
202607240918,   0.140,9999.000,9999.000,9999.000,9999.000,9999.000,9999.000,9999.000,9999.000
202607240924,   0.130,9999.000,9999.000,9999.000,9999.000,9999.000,9999.000,9999.000,9999.000
202607240930,   0.120,9999.000,9999.000,9999.000,9999.000,9999.000,9999.000,9999.000,9999.000
202607240936,   0.111,9999.000,9999.000,9999.000,9999.000,9999.000,9999.000,9999.000,9999.000
202607240942,   0.101,9999.000,9999.000,9999.000,9999.000,9999.000,9999.000,9999.000,9999.000
202607240948,   0.092,9999.000,9999.000,9999.000,9999.000,9999.000,9999.000,9999.000,9999.000
202607240954,   0.083,9999.000,9999.000,9999.000,9999.000,9999.000,9999.000,9999.000,9999.000
202607241000,   0.075,9999.000,   0.400,   0.059,   0.534,   0.300,   0.434,   0.400,   0.534
202607241006,   0.066,9999.000,9999.000,9999.000,9999.000,9999.000,9999.000,9999.000,9999.000
202607241012,   0.058,9999.000,9999.000,9999.000,9999.000,9999.000,9999.000,9999.000,9999.000
202607241018,   0.050,9999.000,9999.000,9999.000,9999.000,9999.000,9999.000,9999.000,9999.000
202607241024,   0.042,9999.000,9999.000,9999.000,9999.000,9999.000,9999.000,9999.000,9999.000
202607241030,   0.034,9999.000,9999.000,9999.000,9999.000,9999.000,9999.000,9999.000,9999.000
202607241036,   0.027,9999.000,9999.000,9999.000,9999.000,9999.000,9999.000,9999.000,9999.000
202607241042,   0.020,9999.000,9999.000,9999.000,9999.000,9999.000,9999.000,9999.000,9999.000
202607241048,   0.013,9999.000,9999.000,9999.000,9999.000,9999.000,9999.000,9999.000,9999.000
202607241054,   0.007,9999.000,9999.000,9999.000,9999.000,9999.000,9999.000,9999.000,9999.000
202607241100,   0.000,9999.000,   0.300,   0.059,   0.359,   0.300,   0.359,   0.400,   0.459
202607241106,  -0.005,9999.000,9999.000,9999.000,9999.000,9999.000,9999.000,9999.000,9999.000
202607241112,  -0.010,9999.000,9999.000,9999.000,9999.000,9999.000,9999.000,9999.000,9999.000
202607241118,  -0.016,9999.000,9999.000,9999.000,9999.000,9999.000,9999.000,9999.000,9999.000
202607241124,  -0.021,9999.000,9999.000,9999.000,9999.000,9999.000,9999.000,9999.000,9999.000
202607241130,  -0.026,9999.000,9999.000,9999.000,9999.000,9999.000,9999.000,9999.000,9999.000
202607241136,  -0.031,9999.000,9999.000,9999.000,9999.000,9999.000,9999.000,9999.000,9999.000
202607241142,  -0.035,9999.000,9999.000,9999.000,9999.000,9999.000,9999.000,9999.000,9999.000
202607241148,  -0.040,9999.000,9999.000,9999.000,9999.000,9999.000,9999.000,9999.000,9999.000
202607241154,  -0.043,9999.000,9999.000,9999.000,9999.000,9999.000,9999.000,9999.000,9999.000
202607241200,  -0.047,9999.000,   0.300,   0.059,   0.312,   0.300,   0.312,   0.400,   0.412
202607241206,  -0.051,9999.000,9999.000,9999.000,9999.000,9999.000,9999.000,9999.000,9999.000
202607241212,  -0.054,9999.000,9999.000,9999.000,9999.000,9999.000,9999.000,9999.000,9999.000
202607241218,  -0.057,9999.000,9999.000,9999.000,9999.000,9999.000,9999.000,9999.000,9999.000
202607241224,  -0.059,9999.000,9999.000,9999.000,9999.000,9999.000,9999.000,9999.000,9999.000
202607241230,  -0.061,9999.000,9999.000,9999.000,9999.000,9999.000,9999.000,9999.000,9999.000
202607241236,  -0.063,9999.000,9999.000,9999.000,9999.000,9999.000,9999.000,9999.000,9999.000
202607241242,  -0.065,9999.000,9999.000,9999.000,9999.000,9999.000,9999.000,9999.000,9999.000
202607241248,  -0.066,9999.000,9999.000,9999.000,9999.000,9999.000,9999.000,9999.000,9999.000
202607241254,  -0.068,9999.000,9999.000,9999.000,9999.000,9999.000,9999.000,9999.000,9999.000
202607241300,  -0.068,9999.000,   0.300,   0.059,   0.291,   0.300,   0.291,   0.400,   0.391
202607241306,  -0.069,9999.000,9999.000,9999.000,9999.000,9999.000,9999.000,9999.000,9999.000
202607241312,  -0.069,9999.000,9999.000,9999.000,9999.000,9999.000,9999.000,9999.000,9999.000
202607241318,  -0.069,9999.000,9999.000,9999.000,9999.000,9999.000,9999.000,9999.000,9999.000
202607241324,  -0.068,9999.000,9999.000,9999.000,9999.000,9999.000,9999.000,9999.000,9999.000
202607241330,  -0.067,9999.000,9999.000,9999.000,9999.000,9999.000,9999.000,9999.000,9999.000
202607241336,  -0.066,9999.000,9999.000,9999.000,9999.000,9999.000,9999.000,9999.000,9999.000
202607241342,  -0.064,9999.000,9999.000,9999.000,9999.000,9999.000,9999.000,9999.000,9999.000
202607241348,  -0.062,9999.000,9999.000,9999.000,9999.000,9999.000,9999.000,9999.000,9999.000
202607241354,  -0.060,9999.000,9999.000,9999.000,9999.000,9999.000,9999.000,9999.000,9999.000
202607241400,  -0.057,9999.000,   0.300,   0.059,   0.302,   0.300,   0.302,   0.400,   0.402
202607241406,  -0.054,9999.000,9999.000,9999.000,9999.000,9999.000,9999.000,9999.000,9999.000
202607241412,  -0.050,9999.000,9999.000,9999.000,9999.000,9999.000,9999.000,9999.000,9999.000
202607241418,  -0.046,9999.000,9999.000,9999.000,9999.000,9999.000,9999.000,9999.000,9999.000
202607241424,  -0.042,9999.000,9999.000,9999.000,9999.000,9999.000,9999.000,9999.000,9999.000
202607241430,  -0.037,9999.000,9999.000,9999.000,9999.000,9999.000,9999.000,9999.000,9999.000
202607241436,  -0.032,9999.000,9999.000,9999.000,9999.000,9999.000,9999.000,9999.000,9999.000
202607241442,  -0.026,9999.000,9999.000,9999.000,9999.000,9999.000,9999.000,9999.000,9999.000
202607241448,  -0.020,9999.000,9999.000,9999.000,9999.000,9999.000,9999.000,9999.000,9999.000
202607241454,  -0.013,9999.000,9999.000,9999.000,9999.000,9999.000,9999.000,9999.000,9999.000
202607241500,  -0.006,9999.000,   0.300,   0.059,   0.353,   0.300,   0.353,   0.400,   0.453
202607241506,   0.000,9999.000,9999.000,9999.000,9999.000,9999.000,9999.000,9999.000,9999.000
202607241512,   0.008,9999.000,9999.000,9999.000,9999.000,9999.000,9999.000,9999.000,9999.000
202607241518,   0.017,9999.000,9999.000,9999.000,9999.000,9999.000,9999.000,9999.000,9999.000
202607241524,   0.026,9999.000,9999.000,9999.000,9999.000,9999.000,9999.000,9999.000,9999.000
202607241530,   0.035,9999.000,9999.000,9999.000,9999.000,9999.000,9999.000,9999.000,9999.000
202607241536,   0.045,9999.000,9999.000,9999.000,9999.000,9999.000,9999.000,9999.000,9999.000
202607241542,   0.055,9999.000,9999.000,9999.000,9999.000,9999.000,9999.000,9999.000,9999.000
202607241548,   0.066,9999.000,9999.000,9999.000,9999.000,9999.000,9999.000,9999.000,9999.000
202607241554,   0.077,9999.000,9999.000,9999.000,9999.000,9999.000,9999.000,9999.000,9999.000
202607241600,   0.088,9999.000,   0.300,   0.059,   0.447,   0.300,   0.447,   0.400,   0.547
202607241606,   0.100,9999.000,9999.000,9999.000,9999.000,9999.000,9999.000,9999.000,9999.000
202607241612,   0.112,9999.000,9999.000,9999.000,9999.000,9999.000,9999.000,9999.000,9999.000
202607241618,   0.125,9999.000,9999.000,9999.000,9999.000,9999.000,9999.000,9999.000,9999.000
202607241624,   0.137,9999.000,9999.000,9999.000,9999.000,9999.000,9999.000,9999.000,9999.000
202607241630,   0.151,9999.000,9999.000,9999.000,9999.000,9999.000,9999.000,9999.000,9999.000
202607241636,   0.164,9999.000,9999.000,9999.000,9999.000,9999.000,9999.000,9999.000,9999.000
202607241642,   0.178,9999.000,9999.000,9999.000,9999.000,9999.000,9999.000,9999.000,9999.000
202607241648,   0.192,9999.000,9999.000,9999.000,9999.000,9999.000,9999.000,9999.000,9999.000
202607241654,   0.206,9999.000,9999.000,9999.000,9999.000,9999.000,9999.000,9999.000,9999.000
202607241700,   0.221,9999.000,   0.300,   0.059,   0.580,   0.300,   0.580,   0.400,   0.680
202607241706,   0.235,9999.000,9999.000,9999.000,9999.000,9999.000,9999.000,9999.000,9999.000
202607241712,   0.250,9999.000,9999.000,9999.000,9999.000,9999.000,9999.000,9999.000,9999.000
202607241718,   0.265,9999.000,9999.000,9999.000,9999.000,9999.000,9999.000,9999.000,9999.000
202607241724,   0.280,9999.000,9999.000,9999.000,9999.000,9999.000,9999.000,9999.000,9999.000
202607241730,   0.296,9999.000,9999.000,9999.000,9999.000,9999.000,9999.000,9999.000,9999.000
202607241736,   0.311,9999.000,9999.000,9999.000,9999.000,9999.000,9999.000,9999.000,9999.000
202607241742,   0.327,9999.000,9999.000,9999.000,9999.000,9999.000,9999.000,9999.000,9999.000
202607241748,   0.342,9999.000,9999.000,9999.000,9999.000,9999.000,9999.000,9999.000,9999.000
202607241754,   0.357,9999.000,9999.000,9999.000,9999.000,9999.000,9999.000,9999.000,9999.000
202607241800,   0.373,9999.000,   0.400,   0.059,   0.832,   0.300,   0.732,   0.400,   0.832
202607241806,   0.388,9999.000,9999.000,9999.000,9999.000,9999.000,9999.000,9999.000,9999.000
202607241812,   0.404,9999.000,9999.000,9999.000,9999.000,9999.000,9999.000,9999.000,9999.000
202607241818,   0.419,9999.000,9999.000,9999.000,9999.000,9999.000,9999.000,9999.000,9999.000
202607241824,   0.434,9999.000,9999.000,9999.000,9999.000,9999.000,9999.000,9999.000,9999.000
202607241830,   0.449,9999.000,9999.000,9999.000,9999.000,9999.000,9999.000,9999.000,9999.000
202607241836,   0.464,9999.000,9999.000,9999.000,9999.000,9999.000,9999.000,9999.000,9999.000
202607241842,   0.479,9999.000,9999.000,9999.000,9999.000,9999.000,9999.000,9999.000,9999.000
202607241848,   0.493,9999.000,9999.000,9999.000,9999.000,9999.000,9999.000,9999.000,9999.000
202607241854,   0.508,9999.000,9999.000,9999.000,9999.000,9999.000,9999.000,9999.000,9999.000
202607241900,   0.522,9999.000,   0.400,   0.059,   0.981,   0.300,   0.881,   0.400,   0.981
202607241906,   0.536,9999.000,9999.000,9999.000,9999.000,9999.000,9999.000,9999.000,9999.000
202607241912,   0.550,9999.000,9999.000,9999.000,9999.000,9999.000,9999.000,9999.000,9999.000
202607241918,   0.563,9999.000,9999.000,9999.000,9999.000,9999.000,9999.000,9999.000,9999.000
202607241924,   0.576,9999.000,9999.000,9999.000,9999.000,9999.000,9999.000,9999.000,9999.000
202607241930,   0.589,9999.000,9999.000,9999.000,9999.000,9999.000,9999.000,9999.000,9999.000
202607241936,   0.602,9999.000,9999.000,9999.000,9999.000,9999.000,9999.000,9999.000,9999.000
202607241942,   0.614,9999.000,9999.000,9999.000,9999.000,9999.000,9999.000,9999.000,9999.000
202607241948,   0.626,9999.000,9999.000,9999.000,9999.000,9999.000,9999.000,9999.000,9999.000
202607241954,   0.638,9999.000,9999.000,9999.000,9999.000,9999.000,9999.000,9999.000,9999.000
202607242000,   0.650,9999.000,   0.400,   0.059,   1.109,   0.400,   1.109,   0.400,   1.109
202607242006,   0.661,9999.000,9999.000,9999.000,9999.000,9999.000,9999.000,9999.000,9999.000
202607242012,   0.672,9999.000,9999.000,9999.000,9999.000,9999.000,9999.000,9999.000,9999.000
202607242018,   0.682,9999.000,9999.000,9999.000,9999.000,9999.000,9999.000,9999.000,9999.000
202607242024,   0.693,9999.000,9999.000,9999.000,9999.000,9999.000,9999.000,9999.000,9999.000
202607242030,   0.702,9999.000,9999.000,9999.000,9999.000,9999.000,9999.000,9999.000,9999.000
202607242036,   0.712,9999.000,9999.000,9999.000,9999.000,9999.000,9999.000,9999.000,9999.000
202607242042,   0.721,9999.000,9999.000,9999.000,9999.000,9999.000,9999.000,9999.000,9999.000
202607242048,   0.730,9999.000,9999.000,9999.000,9999.000,9999.000,9999.000,9999.000,9999.000
202607242054,   0.739,9999.000,9999.000,9999.000,9999.000,9999.000,9999.000,9999.000,9999.000
202607242100,   0.747,9999.000,   0.400,   0.059,   1.206,   0.400,   1.206,   0.400,   1.206
202607242106,   0.755,9999.000,9999.000,9999.000,9999.000,9999.000,9999.000,9999.000,9999.000
202607242112,   0.763,9999.000,9999.000,9999.000,9999.000,9999.000,9999.000,9999.000,9999.000
202607242118,   0.771,9999.000,9999.000,9999.000,9999.000,9999.000,9999.000,9999.000,9999.000
202607242124,   0.778,9999.000,9999.000,9999.000,9999.000,9999.000,9999.000,9999.000,9999.000
202607242130,   0.785,9999.000,9999.000,9999.000,9999.000,9999.000,9999.000,9999.000,9999.000
202607242136,   0.791,9999.000,9999.000,9999.000,9999.000,9999.000,9999.000,9999.000,9999.000
202607242142,   0.797,9999.000,9999.000,9999.000,9999.000,9999.000,9999.000,9999.000,9999.000
202607242148,   0.803,9999.000,9999.000,9999.000,9999.000,9999.000,9999.000,9999.000,9999.000
202607242154,   0.809,9999.000,9999.000,9999.000,9999.000,9999.000,9999.000,9999.000,9999.000
202607242200,   0.814,9999.000,   0.400,   0.059,   1.273,   0.400,   1.273,   0.400,   1.273
202607242206,   0.819,9999.000,9999.000,9999.000,9999.000,9999.000,9999.000,9999.000,9999.000
202607242212,   0.824,9999.000,9999.000,9999.000,9999.000,9999.000,9999.000,9999.000,9999.000
202607242218,   0.829,9999.000,9999.000,9999.000,9999.000,9999.000,9999.000,9999.000,9999.000
202607242224,   0.833,9999.000,9999.000,9999.000,9999.000,9999.000,9999.000,9999.000,9999.000
202607242230,   0.837,9999.000,9999.000,9999.000,9999.000,9999.000,9999.000,9999.000,9999.000
202607242236,   0.841,9999.000,9999.000,9999.000,9999.000,9999.000,9999.000,9999.000,9999.000
202607242242,   0.844,9999.000,9999.000,9999.000,9999.000,9999.000,9999.000,9999.000,9999.000
202607242248,   0.847,9999.000,9999.000,9999.000,9999.000,9999.000,9999.000,9999.000,9999.000
202607242254,   0.850,9999.000,9999.000,9999.000,9999.000,9999.000,9999.000,9999.000,9999.000
202607242300,   0.852,9999.000,   0.400,   0.059,   1.311,   0.300,   1.211,   0.400,   1.311
202607242306,   0.854,9999.000,9999.000,9999.000,9999.000,9999.000,9999.000,9999.000,9999.000
202607242312,   0.856,9999.000,9999.000,9999.000,9999.000,9999.000,9999.000,9999.000,9999.000
202607242318,   0.858,9999.000,9999.000,9999.000,9999.000,9999.000,9999.000,9999.000,9999.000
202607242324,   0.859,9999.000,9999.000,9999.000,9999.000,9999.000,9999.000,9999.000,9999.000
202607242330,   0.860,9999.000,9999.000,9999.000,9999.000,9999.000,9999.000,9999.000,9999.000
202607242336,   0.861,9999.000,9999.000,9999.000,9999.000,9999.000,9999.000,9999.000,9999.000
202607242342,   0.862,9999.000,9999.000,9999.000,9999.000,9999.000,9999.000,9999.000,9999.000
202607242348,   0.862,9999.000,9999.000,9999.000,9999.000,9999.000,9999.000,9999.000,9999.000
202607242354,   0.862,9999.000,9999.000,9999.000,9999.000,9999.000,9999.000,9999.000,9999.000
202607250000,   0.861,9999.000,   0.300,   0.059,   1.220,   0.300,   1.220,   0.400,   1.320
