        TIME,    TIDE,      OB,   SURGE,    BIAS,     TWL,SURGE90p,  TWL90p,SURGE10p,   TWL10p
202602191200,   1.210,   1.459,   0.500,  -0.251,   1.459,   0.400,   1.359,   0.600,   1.559
202602191206,   1.453,9999.000,9999.000,9999.000,9999.000,9999.000,9999.000,9999.000,9999.000
202602191212,   1.711,   1.889,9999.000,9999.000,9999.000,9999.000,9999.000,9999.000,9999.000
202602191218,   1.983,9999.000,9999.000,9999.000,9999.000,9999.000,9999.000,9999.000,9999.000
202602191224,   2.267,   2.368,9999.000,9999.000,9999.000,9999.000,9999.000,9999.000,9999.000
202602191230,   2.565,9999.000,9999.000,9999.000,9999.000,9999.000,9999.000,9999.000,9999.000
202602191236,   2.874,   2.929,9999.000,9999.000,9999.000,9999.000,9999.000,9999.000,9999.000
202602191242,   3.194,9999.000,9999.000,9999.000,9999.000,9999.000,9999.000,9999.000,9999.000
202602191248,   3.525,   3.637,9999.000,9999.000,9999.000,9999.000,9999.000,9999.000,9999.000
202602191254,   3.864,9999.000,9999.000,9999.000,9999.000,9999.000,9999.000,9999.000,9999.000
202602191300,   4.213,   4.349,   0.500,  -0.364,   4.349,   0.400,   4.249,   0.600,   4.449
202602191306,   4.569,   4.700,9999.000,9999.000,9999.000,9999.000,9999.000,9999.000,9999.000
202602191312,   4.933,   5.097,9999.000,9999.000,9999.000,9999.000,9999.000,9999.000,9999.000
202602191318,   5.303,   5.438,9999.000,9999.000,9999.000,9999.000,9999.000,9999.000,9999.000
202602191324,   5.678,   5.818,9999.000,9999.000,9999.000,9999.000,9999.000,9999.000,9999.000
202602191330,   6.058,   6.179,9999.000,9999.000,9999.000,9999.000,9999.000,9999.000,9999.000
202602191336,   6.441,   6.527,9999.000,9999.000,9999.000,9999.000,9999.000,9999.000,9999.000
202602191342,   6.828,   6.947,9999.000,9999.000,9999.000,9999.000,9999.000,9999.000,9999.000
202602191348,   7.216,   7.337,9999.000,9999.000,9999.000,9999.000,9999.000,9999.000,9999.000
202602191354,   7.606,   7.658,9999.000,9999.000,9999.000,9999.000,9999.000,9999.000,9999.000
202602191400,   7.996,   8.098,   0.500,  -0.398,   8.098,   0.500,   8.098,   0.600,   8.198
202602191406,   8.385,   8.439,9999.000,9999.000,9999.000,9999.000,9999.000,9999.000,9999.000
202602191412,   8.772,   8.957,9999.000,9999.000,9999.000,9999.000,9999.000,9999.000,9999.000
202602191418,   9.157,   9.265,9999.000,9999.000,9999.000,9999.000,9999.000,9999.000,9999.000
202602191424,   9.538,   9.718,9999.000,9999.000,9999.000,9999.000,9999.000,9999.000,9999.000
202602191430,   9.914,  10.085,9999.000,9999.000,9999.000,9999.000,9999.000,9999.000,9999.000
202602191436,  10.284,  10.466,9999.000,9999.000,9999.000,9999.000,9999.000,9999.000,9999.000
202602191442,  10.648,  10.905,9999.000,9999.000,9999.000,9999.000,9999.000,9999.000,9999.000
202602191448,  11.005,  11.188,9999.000,9999.000,9999.000,9999.000,9999.000,9999.000,9999.000
202602191454,  11.352,  11.588,9999.000,9999.000,9999.000,9999.000,9999.000,9999.000,9999.000
202602191500,  11.690,  11.896,   0.500,  -0.294,  11.896,   0.500,  11.896,   0.600,  11.996
202602191506,  12.017,  12.277,9999.000,9999.000,9999.000,9999.000,9999.000,9999.000,9999.000
202602191512,  12.332,  12.545,9999.000,9999.000,9999.000,9999.000,9999.000,9999.000,9999.000
202602191518,  12.635,  12.955,9999.000,9999.000,9999.000,9999.000,9999.000,9999.000,9999.000
202602191524,  12.923,  13.165,9999.000,9999.000,9999.000,9999.000,9999.000,9999.000,9999.000
202602191530,  13.197,  13.425,9999.000,9999.000,9999.000,9999.000,9999.000,9999.000,9999.000
202602191536,  13.456,  13.815,9999.000,9999.000,9999.000,9999.000,9999.000,9999.000,9999.000
202602191542,  13.698,  13.976,9999.000,9999.000,9999.000,9999.000,9999.000,9999.000,9999.000
202602191548,  13.923,  14.215,9999.000,9999.000,9999.000,9999.000,9999.000,9999.000,9999.000
202602191554,  14.130,  14.477,9999.000,9999.000,9999.000,9999.000,9999.000,9999.000,9999.000
202602191600,  14.319,  14.655,   0.500,  -0.164,  14.655,   0.500,  14.655,   0.600,  14.755
202602191606,  14.488,  14.874,9999.000,9999.000,9999.000,9999.000,9999.000,9999.000,9999.000
202602191612,  14.637,  14.996,9999.000,9999.000,9999.000,9999.000,9999.000,9999.000,9999.000
202602191618,  14.766,  15.215,9999.000,9999.000,9999.000,9999.000,9999.000,9999.000,9999.000
202602191624,  14.874,  15.304,9999.000,9999.000,9999.000,9999.000,9999.000,9999.000,9999.000
202602191630,  14.961,  15.415,9999.000,9999.000,9999.000,9999.000,9999.000,9999.000,9999.000
202602191636,  15.026,  15.566,9999.000,9999.000,9999.000,9999.000,9999.000,9999.000,9999.000
202602191642,  15.070,  15.547,9999.000,9999.000,9999.000,9999.000,9999.000,9999.000,9999.000
202602191648,  15.092,  15.635,9999.000,9999.000,9999.000,9999.000,9999.000,9999.000,9999.000
202602191654,  15.092,  15.625,9999.000,9999.000,9999.000,9999.000,9999.000,9999.000,9999.000
202602191700,  15.071,  15.655,   0.500,   0.084,  15.655,   0.500,  15.655,   0.600,  15.755
202602191706,  15.027,  15.537,9999.000,9999.000,9999.000,9999.000,9999.000,9999.000,9999.000
202602191712,  14.962,  15.514,9999.000,9999.000,9999.000,9999.000,9999.000,9999.000,9999.000
202602191718,  14.876,  15.435,9999.000,9999.000,9999.000,9999.000,9999.000,9999.000,9999.000
202602191724,  14.769,  15.304,9999.000,9999.000,9999.000,9999.000,9999.000,9999.000,9999.000
202602191730,  14.641,  15.206,9999.000,9999.000,9999.000,9999.000,9999.000,9999.000,9999.000
202602191736,  14.493,  15.084,9999.000,9999.000,9999.000,9999.000,9999.000,9999.000,9999.000
202602191742,  14.325,  14.874,9999.000,9999.000,9999.000,9999.000,9999.000,9999.000,9999.000
202602191748,  14.139,  14.805,9999.000,9999.000,9999.000,9999.000,9999.000,9999.000,9999.000
202602191754,  13.934,  14.556,9999.000,9999.000,9999.000,9999.000,9999.000,9999.000,9999.000
202602191800,  13.711,  14.346,   0.500,   0.135,  14.346,   0.400,  14.246,   0.500,  14.346
202602191806,  13.471,  14.185,9999.000,9999.000,9999.000,9999.000,9999.000,9999.000,9999.000
202602191812,  13.216,  13.897,9999.000,9999.000,9999.000,9999.000,9999.000,9999.000,9999.000
202602191818,  12.944,  13.726,9999.000,9999.000,9999.000,9999.000,9999.000,9999.000,9999.000
202602191824,  12.659,  13.385,9999.000,9999.000,9999.000,9999.000,9999.000,9999.000,9999.000
202602191830,  12.359,  13.165,9999.000,9999.000,9999.000,9999.000,9999.000,9999.000,9999.000
202602191836,  12.047,  12.828,9999.000,9999.000,9999.000,9999.000,9999.000,9999.000,9999.000
202602191842,  11.723,  12.536,9999.000,9999.000,9999.000,9999.000,9999.000,9999.000,9999.000
202602191848,  11.388,  12.227,9999.000,9999.000,9999.000,9999.000,9999.000,9999.000,9999.000
202602191854,  11.043,  11.886,9999.000,9999.000,9999.000,9999.000,9999.000,9999.000,9999.000
202602191900,  10.689,  11.525,   0.500,   0.336,  11.525,   0.400,  11.425,   0.500,  11.525
202602191906,  10.327,  11.188,9999.000,9999.000,9999.000,9999.000,9999.000,9999.000,9999.000
202602191912,   9.958,  10.778,9999.000,9999.000,9999.000,9999.000,9999.000,9999.000,9999.000
202602191918,   9.583,  10.446,9999.000,9999.000,9999.000,9999.000,9999.000,9999.000,9999.000
202602191924,   9.202,  10.007,9999.000,9999.000,9999.000,9999.000,9999.000,9999.000,9999.000
202602191930,   8.817,   9.708,9999.000,9999.000,9999.000,9999.000,9999.000,9999.000,9999.000
202602191936,   8.429,   9.206,9999.000,9999.000,9999.000,9999.000,9999.000,9999.000,9999.000
202602191942,   8.038,   8.908,9999.000,9999.000,9999.000,9999.000,9999.000,9999.000,9999.000
202602191948,   7.646,   8.426,9999.000,9999.000,9999.000,9999.000,9999.000,9999.000,9999.000
202602191954,   7.253,   8.108,9999.000,9999.000,9999.000,9999.000,9999.000,9999.000,9999.000
202602192000,   6.860,   7.698,   0.500,   0.338,   7.698,   0.400,   7.598,   0.500,   7.698
202602192006,   6.468,   7.297,9999.000,9999.000,9999.000,9999.000,9999.000,9999.000,9999.000
202602192012,   6.079,   6.927,9999.000,9999.000,9999.000,9999.000,9999.000,9999.000,9999.000
202602192018,   5.692,   6.527,9999.000,9999.000,9999.000,9999.000,9999.000,9999.000,9999.000
202602192024,   5.309,   6.127,9999.000,9999.000,9999.000,9999.000,9999.000,9999.000,9999.000
202602192030,   4.931,   5.749,9999.000,9999.000,9999.000,9999.000,9999.000,9999.000,9999.000
202602192036,   4.557,   5.389,9999.000,9999.000,9999.000,9999.000,9999.000,9999.000,9999.000
202602192042,   4.190,   4.929,9999.000,9999.000,9999.000,9999.000,9999.000,9999.000,9999.000
202602192048,   3.831,   4.637,9999.000,9999.000,9999.000,9999.000,9999.000,9999.000,9999.000
202602192054,   3.479,   4.218,9999.000,9999.000,9999.000,9999.000,9999.000,9999.000,9999.000
202602192100,   3.135,   3.909,   0.500,   0.274,   3.909,   0.400,   3.809,   0.600,   4.009
202602192106,   2.801,   3.489,9999.000,9999.000,9999.000,9999.000,9999.000,9999.000,9999.000
202602192112,   2.478,   3.197,9999.000,9999.000,9999.000,9999.000,9999.000,9999.000,9999.000
202602192118,   2.165,   2.850,9999.000,9999.000,9999.000,9999.000,9999.000,9999.000,9999.000
202602192124,   1.864,   2.587,9999.000,9999.000,9999.000,9999.000,9999.000,9999.000,9999.000
202602192130,   1.576,   2.250,9999.000,9999.000,9999.000,9999.000,9999.000,9999.000,9999.000
202602192136,   1.301,   2.069,9999.000,9999.000,9999.000,9999.000,9999.000,9999.000,9999.000
202602192142,   1.040,   1.718,9999.000,9999.000,9999.000,9999.000,9999.000,9999.000,9999.000
202602192148,   0.794,   1.479,9999.000,9999.000,9999.000,9999.000,9999.000,9999.000,9999.000
202602192154,   0.563,   1.318,9999.000,9999.000,9999.000,9999.000,9999.000,9999.000,9999.000
202602192200,   0.348,   0.918,   0.500,   0.070,   0.918,   0.400,   0.818,   0.600,   1.018
202602192206,   0.151,   0.859,9999.000,9999.000,9999.000,9999.000,9999.000,9999.000,9999.000
202602192212,  -0.029,   0.639,9999.000,9999.000,9999.000,9999.000,9999.000,9999.000,9999.000
202602192218,  -0.191,   0.439,9999.000,9999.000,9999.000,9999.000,9999.000,9999.000,9999.000
202602192224,  -0.335,   0.419,9999.000,9999.000,9999.000,9999.000,9999.000,9999.000,9999.000
202602192230,  -0.460,   0.170,9999.000,9999.000,9999.000,9999.000,9999.000,9999.000,9999.000
202602192236,  -0.566,   0.190,9999.000,9999.000,9999.000,9999.000,9999.000,9999.000,9999.000
202602192242,  -0.652,   0.039,9999.000,9999.000,9999.000,9999.000,9999.000,9999.000,9999.000
202602192248,  -0.719,  -0.039,9999.000,9999.000,9999.000,9999.000,9999.000,9999.000,9999.000
202602192254,  -0.765,  -0.039,9999.000,9999.000,9999.000,9999.000,9999.000,9999.000,9999.000
202602192300,  -0.790,  -0.160,   0.500,   0.130,  -0.160,   0.400,  -0.260,   0.600,  -0.060
202602192306,  -0.795,  -0.059,9999.000,9999.000,9999.000,9999.000,9999.000,9999.000,9999.000
202602192312,  -0.780,  -0.180,9999.000,9999.000,9999.000,9999.000,9999.000,9999.000,9999.000
202602192318,  -0.745,  -0.059,9999.000,9999.000,9999.000,9999.000,9999.000,9999.000,9999.000
202602192324,  -0.689,   0.049,9999.000,9999.000,9999.000,9999.000,9999.000,9999.000,9999.000
202602192330,  -0.612,   0.039,9999.000,9999.000,9999.000,9999.000,9999.000,9999.000,9999.000
202602192336,  -0.516,   0.288,9999.000,9999.000,9999.000,9999.000,9999.000,9999.000,9999.000
202602192342,  -0.401,   0.288,9999.000,9999.000,9999.000,9999.000,9999.000,9999.000,9999.000
202602192348,  -0.266,   0.459,9999.000,9999.000,9999.000,9999.000,9999.000,9999.000,9999.000
202602192354,  -0.112,   0.659,9999.000,9999.000,9999.000,9999.000,9999.000,9999.000,9999.000
202602200000,   0.059,   0.659,   0.500,   0.100,   0.659,   0.400,   0.559,   0.600,   0.759
202602200006,   0.250,   0.980,9999.000,9999.000,9999.000,9999.000,9999.000,9999.000,9999.000
202602200012,   0.457,   1.161,9999.000,9999.000,9999.000,9999.000,9999.000,9999.000,9999.000
202602200018,   0.681,   1.361,9999.000,9999.000,9999.000,9999.000,9999.000,9999.000,9999.000
202602200024,   0.921,   1.610,9999.000,9999.000,9999.000,9999.000,9999.000,9999.000,9999.000
202602200030,   1.176,   1.859,9999.000,9999.000,9999.000,9999.000,9999.000,9999.000,9999.000
202602200036,   1.446,   2.030,9999.000,9999.000,9999.000,9999.000,9999.000,9999.000,9999.000
202602200042,   1.730,   2.420,9999.000,9999.000,9999.000,9999.000,9999.000,9999.000,9999.000
202602200048,   2.027,   2.650,9999.000,9999.000,9999.000,9999.000,9999.000,9999.000,9999.000
202602200054,   2.337,   2.938,9999.000,9999.000,9999.000,9999.000,9999.000,9999.000,9999.000
202602200100,   2.658,   3.260,   0.500,   0.102,   3.260,   0.400,   3.160,   0.500,   3.260
202602200106,   2.990,   3.519,9999.000,9999.000,9999.000,9999.000,9999.000,9999.000,9999.000
202602200112,   3.332,   3.899,9999.000,9999.000,9999.000,9999.000,9999.000,9999.000,9999.000
202602200118,   3.683,   4.139,9999.000,9999.000,9999.000,9999.000,9999.000,9999.000,9999.000
202602200124,   4.043,   4.588,9999.000,9999.000,9999.000,9999.000,9999.000,9999.000,9999.000
202602200130,   4.410,   4.887,9999.000,9999.000,9999.000,9999.000,9999.000,9999.000,9999.000
202602200136,   4.784,   5.297,9999.000,9999.000,9999.000,9999.000,9999.000,9999.000,9999.000
202602200142,   5.163,   5.667,9999.000,9999.000,9999.000,9999.000,9999.000,9999.000,9999.000
202602200148,   5.548,   6.038,9999.000,9999.000,9999.000,9999.000,9999.000,9999.000,9999.000
202602200154,   5.937,   6.379,9999.000,9999.000,9999.000,9999.000,9999.000,9999.000,9999.000
202602200200,   6.329,   6.779,   0.400,   0.050,   6.779,   0.300,   6.679,   0.500,   6.879
202602200206,   6.723,   7.078,9999.000,9999.000,9999.000,9999.000,9999.000,9999.000,9999.000
202602200212,   7.119,   7.547,9999.000,9999.000,9999.000,9999.000,9999.000,9999.000,9999.000
202602200218,   7.515,   7.888,9999.000,9999.000,9999.000,9999.000,9999.000,9999.000,9999.000
202602200224,   7.911,   8.337,9999.000,9999.000,9999.000,9999.000,9999.000,9999.000,9999.000
202602200230,   8.306,   8.659,9999.000,9999.000,9999.000,9999.000,9999.000,9999.000,9999.000
202602200236,   8.698,   9.147,9999.000,9999.000,9999.000,9999.000,9999.000,9999.000,9999.000
202602200242,   9.087,   9.436,9999.000,9999.000,9999.000,9999.000,9999.000,9999.000,9999.000
202602200248,   9.472,   9.958,9999.000,9999.000,9999.000,9999.000,9999.000,9999.000,9999.000
202602200254,   9.851,  10.227,9999.000,9999.000,9999.000,9999.000,9999.000,9999.000,9999.000
202602200300,  10.224,  10.705,   0.400,   0.081,  10.705,   0.300,  10.605,   0.400,  10.705
202602200306,  10.590,  10.978,9999.000,9999.000,9999.000,9999.000,9999.000,9999.000,9999.000
202602200312,  10.947,  11.417,9999.000,9999.000,9999.000,9999.000,9999.000,9999.000,9999.000
202602200318,  11.295,  11.686,9999.000,9999.000,9999.000,9999.000,9999.000,9999.000,9999.000
202602200324,  11.633,  12.106,9999.000,9999.000,9999.000,9999.000,9999.000,9999.000,9999.000
202602200330,  11.959,  12.355,9999.000,9999.000,9999.000,9999.000,9999.000,9999.000,9999.000
202602200336,  12.273,  12.706,9999.000,9999.000,9999.000,9999.000,9999.000,9999.000,9999.000
202602200342,  12.574,  12.965,9999.000,9999.000,9999.000,9999.000,9999.000,9999.000,9999.000
202602200348,  12.860,  13.277,9999.000,9999.000,9999.000,9999.000,9999.000,9999.000,9999.000
202602200354,  13.131,  13.507,9999.000,9999.000,9999.000,9999.000,9999.000,9999.000,9999.000
202602200400,  13.386,  13.707,   0.300,   0.021,  13.707,   0.300,  13.707,   0.300,  13.707
202602200406,  13.624,  13.985,9999.000,9999.000,9999.000,9999.000,9999.000,9999.000,9999.000
202602200412,  13.845,  14.195,9999.000,9999.000,9999.000,9999.000,9999.000,9999.000,9999.000
202602200418,  14.047,  14.386,9999.000,9999.000,9999.000,9999.000,9999.000,9999.000,9999.000
202602200424,  14.230,  14.645,9999.000,9999.000,9999.000,9999.000,9999.000,9999.000,9999.000
202602200430,  14.394,  14.825,9999.000,9999.000,9999.000,9999.000,9999.000,9999.000,9999.000
202602200436,  14.537,  15.065,9999.000,9999.000,9999.000,9999.000,9999.000,9999.000,9999.000
202602200442,  14.659,  15.156,9999.000,9999.000,9999.000,9999.000,9999.000,9999.000,9999.000
202602200448,  14.761,  15.327,9999.000,9999.000,9999.000,9999.000,9999.000,9999.000,9999.000
202602200454,  14.841,  15.376,9999.000,9999.000,9999.000,9999.000,9999.000,9999.000,9999.000
202602200500,  14.899,  15.425,   0.300,   0.226,  15.425,   0.300,  15.425,   0.300,  15.425
202602200506,  14.936,  15.527,9999.000,9999.000,9999.000,9999.000,9999.000,9999.000,9999.000
202602200512,  14.950,  15.425,9999.000,9999.000,9999.000,9999.000,9999.000,9999.000,9999.000
202602200518,  14.943,  15.514,9999.000,9999.000,9999.000,9999.000,9999.000,9999.000,9999.000
202602200524,  14.913,  15.425,9999.000,9999.000,9999.000,9999.000,9999.000,9999.000,9999.000
202602200530,  14.862,  15.327,9999.000,9999.000,9999.000,9999.000,9999.000,9999.000,9999.000
202602200536,  14.790,  15.294,9999.000,9999.000,9999.000,9999.000,9999.000,9999.000,9999.000
202602200542,  14.696,  15.137,9999.000,9999.000,9999.000,9999.000,9999.000,9999.000,9999.000
202602200548,  14.581,  15.147,9999.000,9999.000,9999.000,9999.000,9999.000,9999.000,9999.000
202602200554,  14.446,  14.786,9999.000,9999.000,9999.000,9999.000,9999.000,9999.000,9999.000
202602200600,  14.291,  14.707,   0.400,   0.016,  14.707,   0.400,  14.707,   0.500,  14.807
202602200606,  14.117,  14.536,9999.000,9999.000,9999.000,9999.000,9999.000,9999.000,9999.000
202602200612,  13.923,  14.297,9999.000,9999.000,9999.000,9999.000,9999.000,9999.000,9999.000
202602200618,  13.712,  14.176,9999.000,9999.000,9999.000,9999.000,9999.000,9999.000,9999.000
202602200624,  13.483,  13.877,9999.000,9999.000,9999.000,9999.000,9999.000,9999.000,9999.000
202602200630,  13.238,  13.687,9999.000,9999.000,9999.000,9999.000,9999.000,9999.000,9999.000
202602200636,  12.977,  13.447,9999.000,9999.000,9999.000,9999.000,9999.000,9999.000,9999.000
202602200642,  12.701,  13.156,9999.000,9999.000,9999.000,9999.000,9999.000,9999.000,9999.000
202602200648,  12.410,  12.916,9999.000,9999.000,9999.000,9999.000,9999.000,9999.000,9999.000
202602200654,  12.107,  12.565,9999.000,9999.000,9999.000,9999.000,9999.000,9999.000,9999.000
202602200700,  11.791,  12.345,   0.400,   0.154,  12.345,   0.400,  12.345,   0.500,  12.445
202602200706,  11.464,  11.965,9999.000,9999.000,9999.000,9999.000,9999.000,9999.000,9999.000
202602200712,  11.127,  11.725,9999.000,9999.000,9999.000,9999.000,9999.000,9999.000,9999.000
202602200718,  10.781,  11.378,9999.000,9999.000,9999.000,9999.000,9999.000,9999.000,9999.000
202602200724,  10.425,  11.047,9999.000,9999.000,9999.000,9999.000,9999.000,9999.000,9999.000
202602200730,  10.063,  10.637,9999.000,9999.000,9999.000,9999.000,9999.000,9999.000,9999.000
202602200736,   9.694,  10.295,9999.000,9999.000,9999.000,9999.000,9999.000,9999.000,9999.000
202602200742,   9.319,   9.876,9999.000,9999.000,9999.000,9999.000,9999.000,9999.000,9999.000
202602200748,   8.940,   9.607,9999.000,9999.000,9999.000,9999.000,9999.000,9999.000,9999.000
202602200754,   8.557,   8.997,9999.000,9999.000,9999.000,9999.000,9999.000,9999.000,9999.000
202602200800,   8.172,   8.816,   0.400,   0.244,   8.816,   0.400,   8.816,   0.400,   8.816
202602200806,   7.784,   8.337,9999.000,9999.000,9999.000,9999.000,9999.000,9999.000,9999.000
202602200812,   7.396,   8.127,9999.000,9999.000,9999.000,9999.000,9999.000,9999.000,9999.000
202602200818,   7.008,   7.576,9999.000,9999.000,9999.000,9999.000,9999.000,9999.000,9999.000
202602200824,   6.621,   7.366,9999.000,9999.000,9999.000,9999.000,9999.000,9999.000,9999.000
202602200830,   6.236,   6.819,9999.000,9999.000,9999.000,9999.000,9999.000,9999.000,9999.000
202602200836,   5.853,   6.619,9999.000,9999.000,9999.000,9999.000,9999.000,9999.000,9999.000
202602200842,   5.474,   6.149,9999.000,9999.000,9999.000,9999.000,9999.000,9999.000,9999.000
202602200848,   5.099,   5.779,9999.000,9999.000,9999.000,9999.000,9999.000,9999.000,9999.000
202602200854,   4.729,   5.418,9999.000,9999.000,9999.000,9999.000,9999.000,9999.000,9999.000
202602200900,   4.366,   5.008,   0.400,   0.242,   5.008,   0.400,   5.008,   0.400,   5.008
202602200906,   4.009,   4.710,9999.000,9999.000,9999.000,9999.000,9999.000,9999.000,9999.000
202602200912,   3.659,   4.329,9999.000,9999.000,9999.000,9999.000,9999.000,9999.000,9999.000
202602200918,   3.318,   3.968,9999.000,9999.000,9999.000,9999.000,9999.000,9999.000,9999.000
202602200924,   2.986,   3.670,9999.000,9999.000,9999.000,9999.000,9999.000,9999.000,9999.000
202602200930,   2.664,   3.329,9999.000,9999.000,9999.000,9999.000,9999.000,9999.000,9999.000
202602200936,   2.353,   3.089,9999.000,9999.000,9999.000,9999.000,9999.000,9999.000,9999.000
202602200942,   2.053,   2.689,9999.000,9999.000,9999.000,9999.000,9999.000,9999.000,9999.000
202602200948,   1.765,   2.479,9999.000,9999.000,9999.000,9999.000,9999.000,9999.000,9999.000
202602200954,   1.490,   2.079,9999.000,9999.000,9999.000,9999.000,9999.000,9999.000,9999.000
202602201000,   1.229,   1.820,   0.400,   0.191,   1.820,   0.400,   1.820,   0.500,   1.920
202602201006,   0.982,   1.669,9999.000,9999.000,9999.000,9999.000,9999.000,9999.000,9999.000
202602201012,   0.750,   1.308,9999.000,9999.000,9999.000,9999.000,9999.000,9999.000,9999.000
202602201018,   0.533,   1.220,9999.000,9999.000,9999.000,9999.000,9999.000,9999.000,9999.000
202602201024,   0.333,   0.859,9999.000,9999.000,9999.000,9999.000,9999.000,9999.000,9999.000
202602201030,   0.150,   0.741,9999.000,9999.000,9999.000,9999.000,9999.000,9999.000,9999.000
202602201036,  -0.014,   0.610,9999.000,9999.000,9999.000,9999.000,9999.000,9999.000,9999.000
202602201042,  -0.162,   0.268,9999.000,9999.000,9999.000,9999.000,9999.000,9999.000,9999.000
202602201048,  -0.292,   0.380,9999.000,9999.000,9999.000,9999.000,9999.000,9999.000,9999.000
202602201054,  -0.402,  -0.009,9999.000,9999.000,9999.000,9999.000,9999.000,9999.000,9999.000
202602201100,  -0.493,   0.068,   0.400,   0.161,   0.068,   0.400,   0.068,   0.500,   0.168
202602201106,  -0.565,   0.019,9999.000,9999.000,9999.000,9999.000,9999.000,9999.000,9999.000
202602201112,  -0.616,  -0.141,9999.000,9999.000,9999.000,9999.000,9999.000,9999.000,9999.000
202602201118,  -0.648,  -0.039,9999.000,9999.000,9999.000,9999.000,9999.000,9999.000,9999.000
202602201124,  -0.659,  -0.190,9999.000,9999.000,9999.000,9999.000,9999.000,9999.000,9999.000
202602201130,  -0.651,   0.009,9999.000,9999.000,9999.000,9999.000,9999.000,9999.000,9999.000
202602201136,  -0.622,  -0.049,9999.000,9999.000,9999.000,9999.000,9999.000,9999.000,9999.000
202602201142,  -0.572,   0.049,9999.000,9999.000,9999.000,9999.000,9999.000,9999.000,9999.000
202602201148,  -0.503,   0.068,9999.000,9999.000,9999.000,9999.000,9999.000,9999.000,9999.000
202602201154,  -0.414,   0.068,9999.000,9999.000,9999.000,9999.000,9999.000,9999.000,9999.000
202602201200,  -0.305,   0.400,   0.700,   0.005,   0.400,   0.600,   0.300,   0.700,   0.400
202602201206,  -0.177,   0.360,9999.000,9999.000,9999.000,9999.000,9999.000,9999.000,9999.000
202602201212,  -0.029,   0.629,9999.000,9999.000,9999.000,9999.000,9999.000,9999.000,9999.000
202602201218,   0.135,   0.629,9999.000,9999.000,9999.000,9999.000,9999.000,9999.000,9999.000
202602201224,   0.319,   0.859,9999.000,9999.000,9999.000,9999.000,9999.000,9999.000,9999.000
202602201230,   0.520,   1.128,9999.000,9999.000,9999.000,9999.000,9999.000,9999.000,9999.000
202602201236,   0.737,   1.239,9999.000,9999.000,9999.000,9999.000,9999.000,9999.000,9999.000
202602201242,   0.971,   1.498,9999.000,9999.000,9999.000,9999.000,9999.000,9999.000,9999.000
202602201248,   1.221,   1.699,9999.000,9999.000,9999.000,9999.000,9999.000,9999.000,9999.000
202602201254,   1.485,   2.040,9999.000,9999.000,9999.000,9999.000,9999.000,9999.000,9999.000
202602201300,   1.764,   2.348,   0.700,  -0.116,   2.348,   0.600,   2.248,   0.700,   2.348
202602201306,   2.056,   2.519,9999.000,9999.000,9999.000,9999.000,9999.000,9999.000,9999.000
202602201312,   2.360,   2.889,9999.000,9999.000,9999.000,9999.000,9999.000,9999.000,9999.000
202602201318,   2.677,   3.178,9999.000,9999.000,9999.000,9999.000,9999.000,9999.000,9999.000
202602201324,   3.004,   3.558,9999.000,9999.000,9999.000,9999.000,9999.000,9999.000,9999.000
202602201330,   3.341,   3.909,9999.000,9999.000,9999.000,9999.000,9999.000,9999.000,9999.000
202602201336,   3.688,   4.178,9999.000,9999.000,9999.000,9999.000,9999.000,9999.000,9999.000
202602201342,   4.044,   4.529,9999.000,9999.000,9999.000,9999.000,9999.000,9999.000,9999.000
202602201348,   4.407,   4.919,9999.000,9999.000,9999.000,9999.000,9999.000,9999.000,9999.000
202602201354,   4.777,   5.218,9999.000,9999.000,9999.000,9999.000,9999.000,9999.000,9999.000
202602201400,   5.153,   5.559,   0.700,  -0.294,   5.559,   0.600,   5.459,   0.700,   5.559
202602201406,   5.534,   5.848,9999.000,9999.000,9999.000,9999.000,9999.000,9999.000,9999.000
202602201412,   5.920,   6.458,9999.000,9999.000,9999.000,9999.000,9999.000,9999.000,9999.000
202602201418,   6.309,   6.707,9999.000,9999.000,9999.000,9999.000,9999.000,9999.000,9999.000
202602201424,   6.700,   7.176,9999.000,9999.000,9999.000,9999.000,9999.000,9999.000,9999.000
202602201430,   7.093,   7.566,9999.000,9999.000,9999.000,9999.000,9999.000,9999.000,9999.000
202602201436,   7.487,   7.967,9999.000,9999.000,9999.000,9999.000,9999.000,9999.000,9999.000
202602201442,   7.880,   8.439,9999.000,9999.000,9999.000,9999.000,9999.000,9999.000,9999.000
202602201448,   8.273,   8.777,9999.000,9999.000,9999.000,9999.000,9999.000,9999.000,9999.000
202602201454,   8.663,   9.256,9999.000,9999.000,9999.000,9999.000,9999.000,9999.000,9999.000
202602201500,   9.051,   9.528,   0.600,  -0.123,   9.528,   0.600,   9.528,   0.600,   9.528
202602201506,   9.434,   9.977,9999.000,9999.000,9999.000,9999.000,9999.000,9999.000,9999.000
202602201512,   9.813,  10.348,9999.000,9999.000,9999.000,9999.000,9999.000,9999.000,9999.000
202602201518,  10.185,  10.778,9999.000,9999.000,9999.000,9999.000,9999.000,9999.000,9999.000
202602201524,  10.551,  10.987,9999.000,9999.000,9999.000,9999.000,9999.000,9999.000,9999.000
202602201530,  10.909,  11.496,9999.000,9999.000,9999.000,9999.000,9999.000,9999.000,9999.000
202602201536,  11.257,  11.706,9999.000,9999.000,9999.000,9999.000,9999.000,9999.000,9999.000
202602201542,  11.596,  12.126,9999.000,9999.000,9999.000,9999.000,9999.000,9999.000,9999.000
202602201548,  11.924,  12.457,9999.000,9999.000,9999.000,9999.000,9999.000,9999.000,9999.000
202602201554,  12.240,  12.657,9999.000,9999.000,9999.000,9999.000,9999.000,9999.000,9999.000
202602201600,  12.543,  13.136,   0.600,  -0.007,  13.136,   0.600,  13.136,   0.600,  13.136
202602201606,  12.833,  13.247,9999.000,9999.000,9999.000,9999.000,9999.000,9999.000,9999.000
202602201612,  13.108,  13.575,9999.000,9999.000,9999.000,9999.000,9999.000,9999.000,9999.000
202602201618,  13.367,  13.897,9999.000,9999.000,9999.000,9999.000,9999.000,9999.000,9999.000
202602201624,  13.609,  14.107,9999.000,9999.000,9999.000,9999.000,9999.000,9999.000,9999.000
202602201630,  13.835,  14.356,9999.000,9999.000,9999.000,9999.000,9999.000,9999.000,9999.000
202602201636,  14.043,  14.487,9999.000,9999.000,9999.000,9999.000,9999.000,9999.000,9999.000
202602201642,  14.231,  14.697,9999.000,9999.000,9999.000,9999.000,9999.000,9999.000,9999.000
202602201648,  14.401,  14.874,9999.000,9999.000,9999.000,9999.000,9999.000,9999.000,9999.000
202602201654,  14.551,  14.996,9999.000,9999.000,9999.000,9999.000,9999.000,9999.000,9999.000
202602201700,  14.680,  15.225,   0.600,  -0.055,  15.225,   0.600,  15.225,   0.600,  15.225
202602201706,  14.788,  15.206,9999.000,9999.000,9999.000,9999.000,9999.000,9999.000,9999.000
202602201712,  14.875,  15.406,9999.000,9999.000,9999.000,9999.000,9999.000,9999.000,9999.000
202602201718,  14.941,  15.445,9999.000,9999.000,9999.000,9999.000,9999.000,9999.000,9999.000
202602201724,  14.985,  15.347,9999.000,9999.000,9999.000,9999.000,9999.000,9999.000,9999.000
202602201730,  15.007,  15.455,9999.000,9999.000,9999.000,9999.000,9999.000,9999.000,9999.000
202602201736,  15.007,  15.317,9999.000,9999.000,9999.000,9999.000,9999.000,9999.000,9999.000
202602201742,  14.985,  15.396,9999.000,9999.000,9999.000,9999.000,9999.000,9999.000,9999.000
202602201748,  14.941,  15.284,9999.000,9999.000,9999.000,9999.000,9999.000,9999.000,9999.000
202602201754,  14.876,  15.265,9999.000,9999.000,9999.000,9999.000,9999.000,9999.000,9999.000
202602201800,  14.789,  15.235,   0.700,  -0.254,  15.235,   0.600,  15.135,   0.700,  15.235
202602201806,  14.681,  14.986,9999.000,9999.000,9999.000,9999.000,9999.000,9999.000,9999.000
202602201812,  14.552,  14.927,9999.000,9999.000,9999.000,9999.000,9999.000,9999.000,9999.000
202602201818,  14.403,  14.864,9999.000,9999.000,9999.000,9999.000,9999.000,9999.000,9999.000
202602201824,  14.234,  14.576,9999.000,9999.000,9999.000,9999.000,9999.000,9999.000,9999.000
202602201830,  14.046,  14.435,9999.000,9999.000,9999.000,9999.000,9999.000,9999.000,9999.000
202602201836,  13.840,  14.254,9999.000,9999.000,9999.000,9999.000,9999.000,9999.000,9999.000
202602201842,  13.616,  13.966,9999.000,9999.000,9999.000,9999.000,9999.000,9999.000,9999.000
202602201848,  13.374,  13.648,9999.000,9999.000,9999.000,9999.000,9999.000,9999.000,9999.000
202602201854,  13.117,  13.447,9999.000,9999.000,9999.000,9999.000,9999.000,9999.000,9999.000
202602201900,  12.844,  13.185,   0.700,  -0.359,  13.185,   0.600,  13.085,   0.700,  13.185
202602201906,  12.557,  12.916,9999.000,9999.000,9999.000,9999.000,9999.000,9999.000,9999.000
202602201912,  12.255,  12.595,9999.000,9999.000,9999.000,9999.000,9999.000,9999.000,9999.000
202602201918,  11.942,  12.355,9999.000,9999.000,9999.000,9999.000,9999.000,9999.000,9999.000
202602201924,  11.616,  12.047,9999.000,9999.000,9999.000,9999.000,9999.000,9999.000,9999.000
202602201930,  11.279,  11.706,9999.000,9999.000,9999.000,9999.000,9999.000,9999.000,9999.000
202602201936,  10.933,  11.496,9999.000,9999.000,9999.000,9999.000,9999.000,9999.000,9999.000
202602201942,  10.578,  11.125,9999.000,9999.000,9999.000,9999.000,9999.000,9999.000,9999.000
202602201948,  10.215,  10.728,9999.000,9999.000,9999.000,9999.000,9999.000,9999.000,9999.000
202602201954,   9.845,  10.318,9999.000,9999.000,9999.000,9999.000,9999.000,9999.000,9999.000
202602202000,   9.469,  10.056,   0.700,  -0.113,  10.056,   0.700,  10.056,   0.700,  10.056
202602202006,   9.088,   9.548,9999.000,9999.000,9999.000,9999.000,9999.000,9999.000,9999.000
202602202012,   8.704,   9.177,9999.000,9999.000,9999.000,9999.000,9999.000,9999.000,9999.000
202602202018,   8.316,   8.718,9999.000,9999.000,9999.000,9999.000,9999.000,9999.000,9999.000
202602202024,   7.926,   8.439,9999.000,9999.000,9999.000,9999.000,9999.000,9999.000,9999.000
202602202030,   7.535,   7.976,9999.000,9999.000,9999.000,9999.000,9999.000,9999.000,9999.000
202602202036,   7.144,   7.717,9999.000,9999.000,9999.000,9999.000,9999.000,9999.000,9999.000
202602202042,   6.753,   7.288,9999.000,9999.000,9999.000,9999.000,9999.000,9999.000,9999.000
202602202048,   6.364,   6.868,9999.000,9999.000,9999.000,9999.000,9999.000,9999.000,9999.000
202602202054,   5.978,   6.569,9999.000,9999.000,9999.000,9999.000,9999.000,9999.000,9999.000
202602202100,   5.595,   6.077,   0.700,  -0.218,   6.077,   0.700,   6.077,   0.800,   6.177
202602202106,   5.216,   5.828,9999.000,9999.000,9999.000,9999.000,9999.000,9999.000,9999.000
202602202112,   4.842,   5.247,9999.000,9999.000,9999.000,9999.000,9999.000,9999.000,9999.000
202602202118,   4.473,   4.998,9999.000,9999.000,9999.000,9999.000,9999.000,9999.000,9999.000
202602202124,   4.111,   4.598,9999.000,9999.000,9999.000,9999.000,9999.000,9999.000,9999.000
202602202130,   3.757,   4.208,9999.000,9999.000,9999.000,9999.000,9999.000,9999.000,9999.000
202602202136,   3.411,   3.958,9999.000,9999.000,9999.000,9999.000,9999.000,9999.000,9999.000
202602202142,   3.074,   3.440,9999.000,9999.000,9999.000,9999.000,9999.000,9999.000,9999.000
202602202148,   2.746,   3.270,9999.000,9999.000,9999.000,9999.000,9999.000,9999.000,9999.000
202602202154,   2.429,   2.768,9999.000,9999.000,9999.000,9999.000,9999.000,9999.000,9999.000
202602202200,   2.123,   2.450,   0.800,  -0.473,   2.450,   0.800,   2.450,   0.800,   2.450
202602202206,   1.829,   2.358,9999.000,9999.000,9999.000,9999.000,9999.000,9999.000,9999.000
202602202212,   1.548,   1.738,9999.000,9999.000,9999.000,9999.000,9999.000,9999.000,9999.000
202602202218,   1.280,   1.820,9999.000,9999.000,9999.000,9999.000,9999.000,9999.000,9999.000
202602202224,   1.026,   1.371,9999.000,9999.000,9999.000,9999.000,9999.000,9999.000,9999.000
202602202230,   0.787,   1.239,9999.000,9999.000,9999.000,9999.000,9999.000,9999.000,9999.000
202602202236,   0.563,   1.059,9999.000,9999.000,9999.000,9999.000,9999.000,9999.000,9999.000
202602202242,   0.355,   0.688,9999.000,9999.000,9999.000,9999.000,9999.000,9999.000,9999.000
202602202248,   0.164,   0.570,9999.000,9999.000,9999.000,9999.000,9999.000,9999.000,9999.000
202602202254,  -0.008,   0.331,9999.000,9999.000,9999.000,9999.000,9999.000,9999.000,9999.000
202602202300,  -0.164,   0.249,   0.800,  -0.387,   0.249,   0.800,   0.249,   0.800,   0.249
202602202306,  -0.302,   0.029,9999.000,9999.000,9999.000,9999.000,9999.000,9999.000,9999.000
202602202312,  -0.421,   0.029,9999.000,9999.000,9999.000,9999.000,9999.000,9999.000,9999.000
202602202318,  -0.521,  -0.141,9999.000,9999.000,9999.000,9999.000,9999.000,9999.000,9999.000
202602202324,  -0.601,  -0.219,9999.000,9999.000,9999.000,9999.000,9999.000,9999.000,9999.000
202602202330,  -0.661,  -0.239,9999.000,9999.000,9999.000,9999.000,9999.000,9999.000,9999.000
202602202336,  -0.702,  -0.190,9999.000,9999.000,9999.000,9999.000,9999.000,9999.000,9999.000
202602202342,  -0.722,  -0.229,9999.000,9999.000,9999.000,9999.000,9999.000,9999.000,9999.000
202602202348,  -0.722,  -0.160,9999.000,9999.000,9999.000,9999.000,9999.000,9999.000,9999.000
202602202354,  -0.701,   0.482,9999.000,9999.000,9999.000,9999.000,9999.000,9999.000,9999.000
202602210000,  -0.660,   0.482,   0.800,   0.342,   0.482,   0.800,   0.482,   0.800,   0.482
202602210006,  -0.598,  -0.029,9999.000,9999.000,9999.000,9999.000,9999.000,9999.000,9999.000
202602210012,  -0.517,   0.098,9999.000,9999.000,9999.000,9999.000,9999.000,9999.000,9999.000
202602210018,  -0.415,   0.331,9999.000,9999.000,9999.000,9999.000,9999.000,9999.000,9999.000
202602210024,  -0.294,   0.409,9999.000,9999.000,9999.000,9999.000,9999.000,9999.000,9999.000
202602210030,  -0.153,   0.478,9999.000,9999.000,9999.000,9999.000,9999.000,9999.000,9999.000
202602210036,   0.006,   0.570,9999.000,9999.000,9999.000,9999.000,9999.000,9999.000,9999.000
202602210042,   0.184,   0.869,9999.000,9999.000,9999.000,9999.000,9999.000,9999.000,9999.000
202602210048,   0.380,   1.000,9999.000,9999.000,9999.000,9999.000,9999.000,9999.000,9999.000
202602210054,   0.593,   1.269,9999.000,9999.000,9999.000,9999.000,9999.000,9999.000,9999.000
202602210100,   0.823,   1.479,   0.800,  -0.144,   1.479,   0.800,   1.479,   0.800,   1.479
202602210106,   1.069,   1.718,9999.000,9999.000,9999.000,9999.000,9999.000,9999.000,9999.000
202602210112,   1.331,   1.981,9999.000,9999.000,9999.000,9999.000,9999.000,9999.000,9999.000
202602210118,   1.607,   2.240,9999.000,9999.000,9999.000,9999.000,9999.000,9999.000,9999.000
202602210124,   1.897,   2.610,9999.000,9999.000,9999.000,9999.000,9999.000,9999.000,9999.000
202602210130,   2.200,   2.748,9999.000,9999.000,9999.000,9999.000,9999.000,9999.000,9999.000
202602210136,   2.516,   3.158,9999.000,9999.000,9999.000,9999.000,9999.000,9999.000,9999.000
202602210142,   2.843,   3.417,9999.000,9999.000,9999.000,9999.000,9999.000,9999.000,9999.000
202602210148,   3.180,   3.847,9999.000,9999.000,9999.000,9999.000,9999.000,9999.000,9999.000
202602210154,   3.528,   4.178,9999.000,9999.000,9999.000,9999.000,9999.000,9999.000,9999.000
202602210200,   3.885,   4.388,   0.800,  -0.297,   4.388,   0.800,   4.388,   0.800,   4.388
202602210206,   4.249,   5.087,9999.000,9999.000,9999.000,9999.000,9999.000,9999.000,9999.000
202602210212,   4.621,   5.238,9999.000,9999.000,9999.000,9999.000,9999.000,9999.000,9999.000
202602210218,   4.999,   5.749,9999.000,9999.000,9999.000,9999.000,9999.000,9999.000,9999.000
202602210224,   5.383,   6.087,9999.000,9999.000,9999.000,9999.000,9999.000,9999.000,9999.000
202602210230,   5.772,   6.546,9999.000,9999.000,9999.000,9999.000,9999.000,9999.000,9999.000
202602210236,   6.164,   6.966,9999.000,9999.000,9999.000,9999.000,9999.000,9999.000,9999.000
202602210242,   6.559,   7.297,9999.000,9999.000,9999.000,9999.000,9999.000,9999.000,9999.000
202602210248,   6.956,   7.678,9999.000,9999.000,9999.000,9999.000,9999.000,9999.000,9999.000
202602210254,   7.354,   7.976,9999.000,9999.000,9999.000,9999.000,9999.000,9999.000,9999.000
202602210300,   7.753,   8.577,   0.800,   0.024,   8.577,   0.800,   8.577,   0.800,   8.577
202602210306,   8.150,   8.777,9999.000,9999.000,9999.000,9999.000,9999.000,9999.000,9999.000
202602210312,   8.546,   9.377,9999.000,9999.000,9999.000,9999.000,9999.000,9999.000,9999.000
202602210318,   8.939,   9.597,9999.000,9999.000,9999.000,9999.000,9999.000,9999.000,9999.000
202602210324,   9.329,  10.095,9999.000,9999.000,9999.000,9999.000,9999.000,9999.000,9999.000
202602210330,   9.713,  10.446,9999.000,9999.000,9999.000,9999.000,9999.000,9999.000,9999.000
202602210336,  10.093,  10.787,9999.000,9999.000,9999.000,9999.000,9999.000,9999.000,9999.000
202602210342,  10.466,  11.148,9999.000,9999.000,9999.000,9999.000,9999.000,9999.000,9999.000
202602210348,  10.831,  11.437,9999.000,9999.000,9999.000,9999.000,9999.000,9999.000,9999.000
202602210354,  11.188,  11.978,9999.000,9999.000,9999.000,9999.000,9999.000,9999.000,9999.000
202602210400,  11.535,  12.126,   0.800,  -0.209,  12.126,   0.800,  12.126,   0.900,  12.226
202602210406,  11.872,  12.585,9999.000,9999.000,9999.000,9999.000,9999.000,9999.000,9999.000
202602210412,  12.197,  12.896,9999.000,9999.000,9999.000,9999.000,9999.000,9999.000,9999.000
202602210418,  12.510,  13.297,9999.000,9999.000,9999.000,9999.000,9999.000,9999.000,9999.000
202602210424,  12.809,  13.516,9999.000,9999.000,9999.000,9999.000,9999.000,9999.000,9999.000
202602210430,  13.095,  13.805,9999.000,9999.000,9999.000,9999.000,9999.000,9999.000,9999.000
202602210436,  13.365,  14.277,9999.000,9999.000,9999.000,9999.000,9999.000,9999.000,9999.000
202602210442,  13.619,  14.366,9999.000,9999.000,9999.000,9999.000,9999.000,9999.000,9999.000
202602210448,  13.856,  14.635,9999.000,9999.000,9999.000,9999.000,9999.000,9999.000,9999.000
202602210454,  14.075,  14.737,9999.000,9999.000,9999.000,9999.000,9999.000,9999.000,9999.000
202602210500,  14.277,  15.074,   0.800,  -0.003,  15.074,   0.800,  15.074,   0.900,  15.174
202602210506,  14.459,  15.117,9999.000,9999.000,9999.000,9999.000,9999.000,9999.000,9999.000
202602210512,  14.621,  15.215,9999.000,9999.000,9999.000,9999.000,9999.000,9999.000,9999.000
202602210518,  14.763,  15.347,9999.000,9999.000,9999.000,9999.000,9999.000,9999.000,9999.000
202602210524,  14.885,  15.645,9999.000,9999.000,9999.000,9999.000,9999.000,9999.000,9999.000
202602210530,  14.985,  15.616,9999.000,9999.000,9999.000,9999.000,9999.000,9999.000,9999.000
202602210536,  15.064,  15.757,9999.000,9999.000,9999.000,9999.000,9999.000,9999.000,9999.000
202602210542,  15.122,  15.825,9999.000,9999.000,9999.000,9999.000,9999.000,9999.000,9999.000
202602210548,  15.157,  15.776,9999.000,9999.000,9999.000,9999.000,9999.000,9999.000,9999.000
202602210554,  15.170,  15.786,9999.000,9999.000,9999.000,9999.000,9999.000,9999.000,9999.000
202602210600,  15.161,  15.806,   0.700,  -0.055,  15.806,   0.600,  15.706,   0.700,  15.806
202602210606,  15.130,  15.714,9999.000,9999.000,9999.000,9999.000,9999.000,9999.000,9999.000
202602210612,  15.077,  15.606,9999.000,9999.000,9999.000,9999.000,9999.000,9999.000,9999.000
202602210618,  15.003,  15.484,9999.000,9999.000,9999.000,9999.000,9999.000,9999.000,9999.000
202602210624,  14.907,  15.455,9999.000,9999.000,9999.000,9999.000,9999.000,9999.000,9999.000
202602210630,  14.789,  15.225,9999.000,9999.000,9999.000,9999.000,9999.000,9999.000,9999.000
202602210636,  14.651,  15.166,9999.000,9999.000,9999.000,9999.000,9999.000,9999.000,9999.000
202602210642,  14.493,  15.045,9999.000,9999.000,9999.000,9999.000,9999.000,9999.000,9999.000
202602210648,  14.315,  14.786,9999.000,9999.000,9999.000,9999.000,9999.000,9999.000,9999.000
202602210654,  14.119,  14.615,9999.000,9999.000,9999.000,9999.000,9999.000,9999.000,9999.000
202602210700,  13.903,  14.536,   0.600,   0.033,  14.536,   0.600,  14.536,   0.700,  14.636
202602210706,  13.671,  14.156,9999.000,9999.000,9999.000,9999.000,9999.000,9999.000,9999.000
202602210712,  13.421,  13.897,9999.000,9999.000,9999.000,9999.000,9999.000,9999.000,9999.000
202602210718,  13.155,  13.775,9999.000,9999.000,9999.000,9999.000,9999.000,9999.000,9999.000
202602210724,  12.874,  13.395,9999.000,9999.000,9999.000,9999.000,9999.000,9999.000,9999.000
202602210730,  12.579,  13.106,9999.000,9999.000,9999.000,9999.000,9999.000,9999.000,9999.000
202602210736,  12.270,  12.906,9999.000,9999.000,9999.000,9999.000,9999.000,9999.000,9999.000
202602210742,  11.949,  12.585,9999.000,9999.000,9999.000,9999.000,9999.000,9999.000,9999.000
202602210748,  11.616,  12.237,9999.000,9999.000,9999.000,9999.000,9999.000,9999.000,9999.000
202602210754,  11.273,  11.896,9999.000,9999.000,9999.000,9999.000,9999.000,9999.000,9999.000
202602210800,  10.920,  11.696,   0.600,   0.176,  11.696,   0.600,  11.696,   0.700,  11.796
202602210806,  10.559,  11.227,9999.000,9999.000,9999.000,9999.000,9999.000,9999.000,9999.000
202602210812,  10.190,  10.938,9999.000,9999.000,9999.000,9999.000,9999.000,9999.000,9999.000
202602210818,   9.815,  10.495,9999.000,9999.000,9999.000,9999.000,9999.000,9999.000,9999.000
202602210824,   9.434,  10.167,9999.000,9999.000,9999.000,9999.000,9999.000,9999.000,9999.000
202602210830,   9.049,   9.797,9999.000,9999.000,9999.000,9999.000,9999.000,9999.000,9999.000
202602210836,   8.660,   9.446,9999.000,9999.000,9999.000,9999.000,9999.000,9999.000,9999.000
202602210842,   8.269,   9.056,9999.000,9999.000,9999.000,9999.000,9999.000,9999.000,9999.000
202602210848,   7.875,   8.678,9999.000,9999.000,9999.000,9999.000,9999.000,9999.000,9999.000
202602210854,   7.481,   8.327,9999.000,9999.000,9999.000,9999.000,9999.000,9999.000,9999.000
202602210900,   7.088,   7.927,   0.600,   0.239,   7.927,   0.600,   7.927,   0.700,   8.027
202602210906,   6.695,   7.566,9999.000,9999.000,9999.000,9999.000,9999.000,9999.000,9999.000
202602210912,   6.304,   7.199,9999.000,9999.000,9999.000,9999.000,9999.000,9999.000,9999.000
202602210918,   5.916,   6.727,9999.000,9999.000,9999.000,9999.000,9999.000,9999.000,9999.000
202602210924,   5.532,   6.438,9999.000,9999.000,9999.000,9999.000,9999.000,9999.000,9999.000
202602210930,   5.152,   5.940,9999.000,9999.000,9999.000,9999.000,9999.000,9999.000,9999.000
202602210936,   4.777,   5.717,9999.000,9999.000,9999.000,9999.000,9999.000,9999.000,9999.000
202602210942,   4.409,   5.247,9999.000,9999.000,9999.000,9999.000,9999.000,9999.000,9999.000
202602210948,   4.047,   4.887,9999.000,9999.000,9999.000,9999.000,9999.000,9999.000,9999.000
202602210954,   3.693,   4.549,9999.000,9999.000,9999.000,9999.000,9999.000,9999.000,9999.000
202602211000,   3.348,   4.208,   0.600,   0.260,   4.208,   0.600,   4.208,   0.700,   4.308
202602211006,   3.012,   3.919,9999.000,9999.000,9999.000,9999.000,9999.000,9999.000,9999.000
202602211012,   2.685,   3.470,9999.000,9999.000,9999.000,9999.000,9999.000,9999.000,9999.000
202602211018,   2.370,   3.319,9999.000,9999.000,9999.000,9999.000,9999.000,9999.000,9999.000
202602211024,   2.065,   2.938,9999.000,9999.000,9999.000,9999.000,9999.000,9999.000,9999.000
202602211030,   1.773,   2.699,9999.000,9999.000,9999.000,9999.000,9999.000,9999.000,9999.000
202602211036,   1.493,   2.568,9999.000,9999.000,9999.000,9999.000,9999.000,9999.000,9999.000
202602211042,   1.227,   2.148,9999.000,9999.000,9999.000,9999.000,9999.000,9999.000,9999.000
202602211048,   0.976,   2.030,9999.000,9999.000,9999.000,9999.000,9999.000,9999.000,9999.000
202602211054,   0.739,   1.679,9999.000,9999.000,9999.000,9999.000,9999.000,9999.000,9999.000
202602211100,   0.517,   1.508,   0.700,   0.291,   1.508,   0.600,   1.408,   0.800,   1.608
202602211106,   0.311,   1.361,9999.000,9999.000,9999.000,9999.000,9999.000,9999.000,9999.000
202602211112,   0.122,   1.020,9999.000,9999.000,9999.000,9999.000,9999.000,9999.000,9999.000
202602211118,  -0.048,   0.879,9999.000,9999.000,9999.000,9999.000,9999.000,9999.000,9999.000
202602211124,  -0.203,   0.659,9999.000,9999.000,9999.000,9999.000,9999.000,9999.000,9999.000
202602211130,  -0.338,   0.590,9999.000,9999.000,9999.000,9999.000,9999.000,9999.000,9999.000
202602211136,  -0.456,   0.488,9999.000,9999.000,9999.000,9999.000,9999.000,9999.000,9999.000
202602211142,  -0.554,   0.419,9999.000,9999.000,9999.000,9999.000,9999.000,9999.000,9999.000
202602211148,  -0.633,   0.449,9999.000,9999.000,9999.000,9999.000,9999.000,9999.000,9999.000
202602211154,  -0.692,   0.360,9999.000,9999.000,9999.000,9999.000,9999.000,9999.000,9999.000
202602211200,  -0.732,   0.370,   0.700,   0.402,   0.370,   0.600,   0.270,   0.900,   0.570
202602211206,  -0.751,   0.331,9999.000,9999.000,9999.000,9999.000,9999.000,9999.000,9999.000
202602211212,  -0.750,   0.321,9999.000,9999.000,9999.000,9999.000,9999.000,9999.000,9999.000
202602211218,  -0.729,   0.498,9999.000,9999.000,9999.000,9999.000,9999.000,9999.000,9999.000
202602211224,  -0.688,   0.341,9999.000,9999.000,9999.000,9999.000,9999.000,9999.000,9999.000
202602211230,  -0.627,   0.619,9999.000,9999.000,9999.000,9999.000,9999.000,9999.000,9999.000
202602211236,  -0.546,   0.570,9999.000,9999.000,9999.000,9999.000,9999.000,9999.000,9999.000
202602211242,  -0.446,   0.780,9999.000,9999.000,9999.000,9999.000,9999.000,9999.000,9999.000
202602211248,  -0.326,   0.888,9999.000,9999.000,9999.000,9999.000,9999.000,9999.000,9999.000
202602211254,  -0.187,   0.800,9999.000,9999.000,9999.000,9999.000,9999.000,9999.000,9999.000
202602211300,  -0.029,   1.308,   0.700,   0.637,   1.308,   0.600,   1.208,   0.900,   1.508
202602211306,   0.146,   1.170,9999.000,9999.000,9999.000,9999.000,9999.000,9999.000,9999.000
202602211312,   0.339,   1.580,9999.000,9999.000,9999.000,9999.000,9999.000,9999.000,9999.000
202602211318,   0.549,   1.790,9999.000,9999.000,9999.000,9999.000,9999.000,9999.000,9999.000
202602211324,   0.776,   1.738,9999.000,9999.000,9999.000,9999.000,9999.000,9999.000,9999.000
202602211330,   1.018,   2.338,9999.000,9999.000,9999.000,9999.000,9999.000,9999.000,9999.000
202602211336,   1.275,   2.191,9999.000,9999.000,9999.000,9999.000,9999.000,9999.000,9999.000
202602211342,   1.547,   2.787,9999.000,9999.000,9999.000,9999.000,9999.000,9999.000,9999.000
202602211348,   1.832,   2.830,9999.000,9999.000,9999.000,9999.000,9999.000,9999.000,9999.000
202602211354,   2.130,   3.178,9999.000,9999.000,9999.000,9999.000,9999.000,9999.000,9999.000
202602211400,   2.440,   3.509,   0.800,   0.269,   3.509,   0.700,   3.409,   0.900,   3.609
202602211406,   2.761,   3.749,9999.000,9999.000,9999.000,9999.000,9999.000,9999.000,9999.000
202602211412,   3.092,   4.218,9999.000,9999.000,9999.000,9999.000,9999.000,9999.000,9999.000
202602211418,   3.432,   4.447,9999.000,9999.000,9999.000,9999.000,9999.000,9999.000,9999.000
202602211424,   3.781,   4.877,9999.000,9999.000,9999.000,9999.000,9999.000,9999.000,9999.000
202602211430,   4.138,   5.129,9999.000,9999.000,9999.000,9999.000,9999.000,9999.000,9999.000
202602211436,   4.502,   5.507,9999.000,9999.000,9999.000,9999.000,9999.000,9999.000,9999.000
202602211442,   4.872,   5.877,9999.000,9999.000,9999.000,9999.000,9999.000,9999.000,9999.000
202602211448,   5.247,   6.189,9999.000,9999.000,9999.000,9999.000,9999.000,9999.000,9999.000
202602211454,   5.626,   6.638,9999.000,9999.000,9999.000,9999.000,9999.000,9999.000,9999.000
202602211500,   6.009,   6.999,   0.900,   0.090,   6.999,   0.800,   6.899,   1.000,   7.099
202602211506,   6.394,   7.409,9999.000,9999.000,9999.000,9999.000,9999.000,9999.000,9999.000
202602211512,   6.781,   7.796,9999.000,9999.000,9999.000,9999.000,9999.000,9999.000,9999.000
202602211518,   7.168,   8.147,9999.000,9999.000,9999.000,9999.000,9999.000,9999.000,9999.000
202602211524,   7.556,   8.577,9999.000,9999.000,9999.000,9999.000,9999.000,9999.000,9999.000
202602211530,   7.943,   8.918,9999.000,9999.000,9999.000,9999.000,9999.000,9999.000,9999.000
202602211536,   8.327,   9.318,9999.000,9999.000,9999.000,9999.000,9999.000,9999.000,9999.000
202602211542,   8.709,   9.557,9999.000,9999.000,9999.000,9999.000,9999.000,9999.000,9999.000
202602211548,   9.087,  10.056,9999.000,9999.000,9999.000,9999.000,9999.000,9999.000,9999.000
202602211554,   9.460,  10.276,9999.000,9999.000,9999.000,9999.000,9999.000,9999.000,9999.000
202602211600,   9.828,  10.738,   0.900,   0.010,  10.738,   0.800,  10.638,   1.000,  10.838
202602211606,  10.189,  11.027,9999.000,9999.000,9999.000,9999.000,9999.000,9999.000,9999.000
202602211612,  10.543,  11.378,9999.000,9999.000,9999.000,9999.000,9999.000,9999.000,9999.000
202602211618,  10.888,  11.666,9999.000,9999.000,9999.000,9999.000,9999.000,9999.000,9999.000
202602211624,  11.224,  11.978,9999.000,9999.000,9999.000,9999.000,9999.000,9999.000,9999.000
202602211630,  11.550,  12.306,9999.000,9999.000,9999.000,9999.000,9999.000,9999.000,9999.000
202602211636,  11.864,  12.585,9999.000,9999.000,9999.000,9999.000,9999.000,9999.000,9999.000
202602211642,  12.166,  12.887,9999.000,9999.000,9999.000,9999.000,9999.000,9999.000,9999.000
202602211648,  12.455,  13.057,9999.000,9999.000,9999.000,9999.000,9999.000,9999.000,9999.000
202602211654,  12.730,  13.467,9999.000,9999.000,9999.000,9999.000,9999.000,9999.000,9999.000
202602211700,  12.990,  13.667,   0.900,  -0.223,  13.667,   0.800,  13.567,   1.000,  13.767
202602211706,  13.234,  13.936,9999.000,9999.000,9999.000,9999.000,9999.000,9999.000,9999.000
202602211712,  13.462,  14.146,9999.000,9999.000,9999.000,9999.000,9999.000,9999.000,9999.000
202602211718,  13.672,  14.317,9999.000,9999.000,9999.000,9999.000,9999.000,9999.000,9999.000
202602211724,  13.865,  14.527,9999.000,9999.000,9999.000,9999.000,9999.000,9999.000,9999.000
202602211730,  14.039,  14.687,9999.000,9999.000,9999.000,9999.000,9999.000,9999.000,9999.000
202602211736,  14.194,  14.746,9999.000,9999.000,9999.000,9999.000,9999.000,9999.000,9999.000
202602211742,  14.330,  14.897,9999.000,9999.000,9999.000,9999.000,9999.000,9999.000,9999.000
202602211748,  14.445,  15.045,9999.000,9999.000,9999.000,9999.000,9999.000,9999.000,9999.000
202602211754,  14.540,  15.147,9999.000,9999.000,9999.000,9999.000,9999.000,9999.000,9999.000
202602211800,  14.614,  15.084,   1.000,  -0.530,  15.084,   0.900,  14.984,   1.100,  15.184
202602211806,  14.666,  15.206,9999.000,9999.000,9999.000,9999.000,9999.000,9999.000,9999.000
202602211812,  14.698,  15.255,9999.000,9999.000,9999.000,9999.000,9999.000,9999.000,9999.000
202602211818,  14.708,  15.186,9999.000,9999.000,9999.000,9999.000,9999.000,9999.000,9999.000
202602211824,  14.696,  15.186,9999.000,9999.000,9999.000,9999.000,9999.000,9999.000,9999.000
202602211830,  14.664,  15.147,9999.000,9999.000,9999.000,9999.000,9999.000,9999.000,9999.000
202602211836,  14.610,  15.055,9999.000,9999.000,9999.000,9999.000,9999.000,9999.000,9999.000
202602211842,  14.534,  14.937,9999.000,9999.000,9999.000,9999.000,9999.000,9999.000,9999.000
202602211848,  14.439,  14.825,9999.000,9999.000,9999.000,9999.000,9999.000,9999.000,9999.000
202602211854,  14.322,  14.786,9999.000,9999.000,9999.000,9999.000,9999.000,9999.000,9999.000
202602211900,  14.186,  14.477,   1.000,  -0.709,  14.477,   0.900,  14.377,   1.100,  14.577
202602211906,  14.031,  14.425,9999.000,9999.000,9999.000,9999.000,9999.000,9999.000,9999.000
202602211912,  13.856,  14.245,9999.000,9999.000,9999.000,9999.000,9999.000,9999.000,9999.000
202602211918,  13.663,  13.995,9999.000,9999.000,9999.000,9999.000,9999.000,9999.000,9999.000
202602211924,  13.452,  13.805,9999.000,9999.000,9999.000,9999.000,9999.000,9999.000,9999.000
202602211930,  13.225,  13.575,9999.000,9999.000,9999.000,9999.000,9999.000,9999.000,9999.000
202602211936,  12.981,  13.405,9999.000,9999.000,9999.000,9999.000,9999.000,9999.000,9999.000
202602211942,  12.722,  13.077,9999.000,9999.000,9999.000,9999.000,9999.000,9999.000,9999.000
202602211948,  12.448,  12.795,9999.000,9999.000,9999.000,9999.000,9999.000,9999.000,9999.000
202602211954,  12.161,  12.595,9999.000,9999.000,9999.000,9999.000,9999.000,9999.000,9999.000
202602212000,  11.861,  12.277,   1.000,  -0.584,  12.277,   0.900,  12.177,   1.100,  12.377
202602212006,  11.549,  11.926,9999.000,9999.000,9999.000,9999.000,9999.000,9999.000,9999.000
202602212012,  11.226,  11.696,9999.000,9999.000,9999.000,9999.000,9999.000,9999.000,9999.000
202602212018,  10.894,  11.397,9999.000,9999.000,9999.000,9999.000,9999.000,9999.000,9999.000
202602212024,  10.552,  10.997,9999.000,9999.000,9999.000,9999.000,9999.000,9999.000,9999.000
202602212030,  10.203,  10.748,9999.000,9999.000,9999.000,9999.000,9999.000,9999.000,9999.000
202602212036,   9.846,  10.266,9999.000,9999.000,9999.000,9999.000,9999.000,9999.000,9999.000
202602212042,   9.484,  10.017,9999.000,9999.000,9999.000,9999.000,9999.000,9999.000,9999.000
202602212048,   9.116,   9.557,9999.000,9999.000,9999.000,9999.000,9999.000,9999.000,9999.000
202602212054,   8.745,   9.236,9999.000,9999.000,9999.000,9999.000,9999.000,9999.000,9999.000
202602212100,   8.370,   8.836,   1.000,  -0.534,   8.836,   0.900,   8.736,   1.100,   8.936
202602212106,   7.993,   8.449,9999.000,9999.000,9999.000,9999.000,9999.000,9999.000,9999.000
202602212112,   7.615,   7.996,9999.000,9999.000,9999.000,9999.000,9999.000,9999.000,9999.000
202602212118,   7.237,   7.737,9999.000,9999.000,9999.000,9999.000,9999.000,9999.000,9999.000
202602212124,   6.859,   7.238,9999.000,9999.000,9999.000,9999.000,9999.000,9999.000,9999.000
202602212130,   6.482,   6.956,9999.000,9999.000,9999.000,9999.000,9999.000,9999.000,9999.000
202602212136,   6.108,   6.477,9999.000,9999.000,9999.000,9999.000,9999.000,9999.000,9999.000
202602212142,   5.737,   6.248,9999.000,9999.000,9999.000,9999.000,9999.000,9999.000,9999.000
202602212148,   5.370,   5.769,9999.000,9999.000,9999.000,9999.000,9999.000,9999.000,9999.000
202602212154,   5.007,   5.569,9999.000,9999.000,9999.000,9999.000,9999.000,9999.000,9999.000
202602212200,   4.650,   5.087,   1.000,  -0.563,   5.087,   0.800,   4.887,   1.000,   5.087
202602212206,   4.299,   4.808,9999.000,9999.000,9999.000,9999.000,9999.000,9999.000,9999.000
202602212212,   3.956,   4.437,9999.000,9999.000,9999.000,9999.000,9999.000,9999.000,9999.000
202602212218,   3.620,   4.027,9999.000,9999.000,9999.000,9999.000,9999.000,9999.000,9999.000
202602212224,   3.293,   3.689,9999.000,9999.000,9999.000,9999.000,9999.000,9999.000,9999.000
202602212230,   2.974,   3.398,9999.000,9999.000,9999.000,9999.000,9999.000,9999.000,9999.000
202602212236,   2.666,   3.030,9999.000,9999.000,9999.000,9999.000,9999.000,9999.000,9999.000
202602212242,   2.369,   2.820,9999.000,9999.000,9999.000,9999.000,9999.000,9999.000,9999.000
202602212248,   2.083,   2.420,9999.000,9999.000,9999.000,9999.000,9999.000,9999.000,9999.000
202602212254,   1.809,   2.191,9999.000,9999.000,9999.000,9999.000,9999.000,9999.000,9999.000
202602212300,   1.547,   1.948,   0.900,  -0.499,   1.948,   0.800,   1.848,   1.000,   2.048
202602212306,   1.300,   1.649,9999.000,9999.000,9999.000,9999.000,9999.000,9999.000,9999.000
202602212312,   1.066,   1.498,9999.000,9999.000,9999.000,9999.000,9999.000,9999.000,9999.000
202602212318,   0.846,   1.239,9999.000,9999.000,9999.000,9999.000,9999.000,9999.000,9999.000
202602212324,   0.642,   1.118,9999.000,9999.000,9999.000,9999.000,9999.000,9999.000,9999.000
202602212330,   0.454,   0.849,9999.000,9999.000,9999.000,9999.000,9999.000,9999.000,9999.000
202602212336,   0.283,   0.678,9999.000,9999.000,9999.000,9999.000,9999.000,9999.000,9999.000
202602212342,   0.128,   0.590,9999.000,9999.000,9999.000,9999.000,9999.000,9999.000,9999.000
202602212348,  -0.008,   0.341,9999.000,9999.000,9999.000,9999.000,9999.000,9999.000,9999.000
202602212354,  -0.128,   0.331,9999.000,9999.000,9999.000,9999.000,9999.000,9999.000,9999.000
202602220000,  -0.229,   0.331,   0.800,  -0.240,   0.331,   0.700,   0.231,   0.900,   0.431
202602220006,  -0.311,   0.111,9999.000,9999.000,9999.000,9999.000,9999.000,9999.000,9999.000
202602220012,  -0.374,   0.141,9999.000,9999.000,9999.000,9999.000,9999.000,9999.000,9999.000
202602220018,  -0.418,   0.029,9999.000,9999.000,9999.000,9999.000,9999.000,9999.000,9999.000
202602220024,  -0.442,   0.029,9999.000,9999.000,9999.000,9999.000,9999.000,9999.000,9999.000
202602220030,  -0.447,   0.078,9999.000,9999.000,9999.000,9999.000,9999.000,9999.000,9999.000
202602220036,  -0.431,   0.088,9999.000,9999.000,9999.000,9999.000,9999.000,9999.000,9999.000
202602220042,  -0.396,   0.239,9999.000,9999.000,9999.000,9999.000,9999.000,9999.000,9999.000
202602220048,  -0.341,   0.268,9999.000,9999.000,9999.000,9999.000,9999.000,9999.000,9999.000
202602220054,  -0.266,   0.278,9999.000,9999.000,9999.000,9999.000,9999.000,9999.000,9999.000
202602220100,  -0.172,   0.570,   0.700,   0.042,   0.570,   0.700,   0.570,   0.800,   0.670
202602220106,  -0.059,   0.498,9999.000,9999.000,9999.000,9999.000,9999.000,9999.000,9999.000
202602220112,   0.073,   0.819,9999.000,9999.000,9999.000,9999.000,9999.000,9999.000,9999.000
202602220118,   0.224,   0.970,9999.000,9999.000,9999.000,9999.000,9999.000,9999.000,9999.000
202602220124,   0.393,   1.010,9999.000,9999.000,9999.000,9999.000,9999.000,9999.000,9999.000
202602220130,   0.580,   1.371,9999.000,9999.000,9999.000,9999.000,9999.000,9999.000,9999.000
202602220136,   0.785,   1.338,9999.000,9999.000,9999.000,9999.000,9999.000,9999.000,9999.000
202602220142,   1.006,   1.748,9999.000,9999.000,9999.000,9999.000,9999.000,9999.000,9999.000
202602220148,   1.243,   1.889,9999.000,9999.000,9999.000,9999.000,9999.000,9999.000,9999.000
202602220154,   1.495,   2.148,9999.000,9999.000,9999.000,9999.000,9999.000,9999.000,9999.000
202602220200,   1.762,   2.459,   0.700,  -0.003,   2.459,   0.600,   2.359,   0.700,   2.459
202602220206,   2.042,   2.597,9999.000,9999.000,9999.000,9999.000,9999.000,9999.000,9999.000
202602220212,   2.336,   3.050,9999.000,9999.000,9999.000,9999.000,9999.000,9999.000,9999.000
202602220218,   2.642,   3.217,9999.000,9999.000,9999.000,9999.000,9999.000,9999.000,9999.000
202602220224,   2.960,   3.617,9999.000,9999.000,9999.000,9999.000,9999.000,9999.000,9999.000
202602220230,   3.288,   3.890,9999.000,9999.000,9999.000,9999.000,9999.000,9999.000,9999.000
202602220236,   3.626,   4.208,9999.000,9999.000,9999.000,9999.000,9999.000,9999.000,9999.000
202602220242,   3.973,   4.618,9999.000,9999.000,9999.000,9999.000,9999.000,9999.000,9999.000
202602220248,   4.328,   4.857,9999.000,9999.000,9999.000,9999.000,9999.000,9999.000,9999.000
202602220254,   4.690,   5.320,9999.000,9999.000,9999.000,9999.000,9999.000,9999.000,9999.000
202602220300,   5.059,   5.638,   0.600,  -0.021,   5.638,   0.500,   5.538,   0.700,   5.738
202602220306,   5.434,   6.018,9999.000,9999.000,9999.000,9999.000,9999.000,9999.000,9999.000
202602220312,   5.813,   6.418,9999.000,9999.000,9999.000,9999.000,9999.000,9999.000,9999.000
202602220318,   6.195,   6.746,9999.000,9999.000,9999.000,9999.000,9999.000,9999.000,9999.000
202602220324,   6.581,   7.147,9999.000,9999.000,9999.000,9999.000,9999.000,9999.000,9999.000
202602220330,   6.969,   7.557,9999.000,9999.000,9999.000,9999.000,9999.000,9999.000,9999.000
202602220336,   7.358,   7.908,9999.000,9999.000,9999.000,9999.000,9999.000,9999.000,9999.000
202602220342,   7.747,   8.259,9999.000,9999.000,9999.000,9999.000,9999.000,9999.000,9999.000
202602220348,   8.136,   8.708,9999.000,9999.000,9999.000,9999.000,9999.000,9999.000,9999.000
202602220354,   8.523,   9.046,9999.000,9999.000,9999.000,9999.000,9999.000,9999.000,9999.000
202602220400,   8.907,   9.508,   0.600,   0.001,   9.508,   0.500,   9.408,   0.700,   9.608
202602220406,   9.289,   9.817,9999.000,9999.000,9999.000,9999.000,9999.000,9999.000,9999.000
202602220412,   9.666,  10.276,9999.000,9999.000,9999.000,9999.000,9999.000,9999.000,9999.000
202602220418,  10.038,  10.577,9999.000,9999.000,9999.000,9999.000,9999.000,9999.000,9999.000
202602220424,  10.404,  10.978,9999.000,9999.000,9999.000,9999.000,9999.000,9999.000,9999.000
202602220430,  10.763,  11.296,9999.000,9999.000,9999.000,9999.000,9999.000,9999.000,9999.000
202602220436,  11.114,  11.627,9999.000,9999.000,9999.000,9999.000,9999.000,9999.000,9999.000
202602220442,  11.457,  11.978,9999.000,9999.000,9999.000,9999.000,9999.000,9999.000,9999.000
202602220448,  11.789,  12.336,9999.000,9999.000,9999.000,9999.000,9999.000,9999.000,9999.000
202602220454,  12.111,  12.595,9999.000,9999.000,9999.000,9999.000,9999.000,9999.000,9999.000
202602220500,  12.421,  12.936,   0.600,  -0.085,  12.936,   0.400,  12.736,   0.700,  13.036
202602220506,  12.719,  13.267,9999.000,9999.000,9999.000,9999.000,9999.000,9999.000,9999.000
202602220512,  13.003,  13.497,9999.000,9999.000,9999.000,9999.000,9999.000,9999.000,9999.000
202602220518,  13.272,  13.775,9999.000,9999.000,9999.000,9999.000,9999.000,9999.000,9999.000
202602220524,  13.527,  13.985,9999.000,9999.000,9999.000,9999.000,9999.000,9999.000,9999.000
202602220530,  13.766,  14.277,9999.000,9999.000,9999.000,9999.000,9999.000,9999.000,9999.000
202602220536,  13.988,  14.464,9999.000,9999.000,9999.000,9999.000,9999.000,9999.000,9999.000
202602220542,  14.192,  14.645,9999.000,9999.000,9999.000,9999.000,9999.000,9999.000,9999.000
202602220548,  14.379,  14.855,9999.000,9999.000,9999.000,9999.000,9999.000,9999.000,9999.000
202602220554,  14.546,  15.025,9999.000,9999.000,9999.000,9999.000,9999.000,9999.000,9999.000
202602220600,  14.694,  15.137,   0.300,   0.143,  15.137,   0.100,  14.937,   0.400,  15.237
202602220606,  14.823,  15.255,9999.000,9999.000,9999.000,9999.000,9999.000,9999.000,9999.000
202602220612,  14.931,  15.294,9999.000,9999.000,9999.000,9999.000,9999.000,9999.000,9999.000
202602220618,  15.018,  15.415,9999.000,9999.000,9999.000,9999.000,9999.000,9999.000,9999.000
202602220624,  15.084,  15.465,9999.000,9999.000,9999.000,9999.000,9999.000,9999.000,9999.000
202602220630,  15.129,  15.504,9999.000,9999.000,9999.000,9999.000,9999.000,9999.000,9999.000
202602220636,  15.153,  15.475,9999.000,9999.000,9999.000,9999.000,9999.000,9999.000,9999.000
202602220642,  15.155,  15.494,9999.000,9999.000,9999.000,9999.000,9999.000,9999.000,9999.000
202602220648,  15.135,  15.386,9999.000,9999.000,9999.000,9999.000,9999.000,9999.000,9999.000
202602220654,  15.094,  15.327,9999.000,9999.000,9999.000,9999.000,9999.000,9999.000,9999.000
202602220700,  15.032,  15.225,   0.300,  -0.107,  15.225,   0.100,  15.025,   0.400,  15.325
202602220706,  14.948,  15.127,9999.000,9999.000,9999.000,9999.000,9999.000,9999.000,9999.000
202602220712,  14.844,  15.045,9999.000,9999.000,9999.000,9999.000,9999.000,9999.000,9999.000
202602220718,  14.719,  14.864,9999.000,9999.000,9999.000,9999.000,9999.000,9999.000,9999.000
202602220724,  14.574,  14.717,9999.000,9999.000,9999.000,9999.000,9999.000,9999.000,9999.000
202602220730,  14.410,  14.595,9999.000,9999.000,9999.000,9999.000,9999.000,9999.000,9999.000
202602220736,  14.226,  14.435,9999.000,9999.000,9999.000,9999.000,9999.000,9999.000,9999.000
202602220742,  14.024,  14.185,9999.000,9999.000,9999.000,9999.000,9999.000,9999.000,9999.000
202602220748,  13.804,  13.995,9999.000,9999.000,9999.000,9999.000,9999.000,9999.000,9999.000
202602220754,  13.568,  13.795,9999.000,9999.000,9999.000,9999.000,9999.000,9999.000,9999.000
202602220800,  13.315,  13.507,   0.200,  -0.008,  13.507,   0.000,  13.307,   0.400,  13.707
202602220806,  13.046,  13.238,9999.000,9999.000,9999.000,9999.000,9999.000,9999.000,9999.000
202602220812,  12.764,  12.975,9999.000,9999.000,9999.000,9999.000,9999.000,9999.000,9999.000
202602220818,  12.467,  12.755,9999.000,9999.000,9999.000,9999.000,9999.000,9999.000,9999.000
202602220824,  12.158,  12.408,9999.000,9999.000,9999.000,9999.000,9999.000,9999.000,9999.000
202602220830,  11.836,  12.165,9999.000,9999.000,9999.000,9999.000,9999.000,9999.000,9999.000
202602220836,  11.504,  11.896,9999.000,9999.000,9999.000,9999.000,9999.000,9999.000,9999.000
202602220842,  11.162,  11.525,9999.000,9999.000,9999.000,9999.000,9999.000,9999.000,9999.000
202602220848,  10.811,  11.207,9999.000,9999.000,9999.000,9999.000,9999.000,9999.000,9999.000
202602220854,  10.452,  10.846,9999.000,9999.000,9999.000,9999.000,9999.000,9999.000,9999.000
202602220900,  10.086,  10.466,   0.200,   0.180,  10.466,   0.000,  10.266,   0.400,  10.666
202602220906,   9.714,  10.085,9999.000,9999.000,9999.000,9999.000,9999.000,9999.000,9999.000
202602220912,   9.337,   9.718,9999.000,9999.000,9999.000,9999.000,9999.000,9999.000,9999.000
202602220918,   8.956,   9.377,9999.000,9999.000,9999.000,9999.000,9999.000,9999.000,9999.000
202602220924,   8.572,   9.006,9999.000,9999.000,9999.000,9999.000,9999.000,9999.000,9999.000
202602220930,   8.186,   8.587,9999.000,9999.000,9999.000,9999.000,9999.000,9999.000,9999.000
202602220936,   7.798,   8.288,9999.000,9999.000,9999.000,9999.000,9999.000,9999.000,9999.000
202602220942,   7.411,   7.858,9999.000,9999.000,9999.000,9999.000,9999.000,9999.000,9999.000
202602220948,   7.023,   7.507,9999.000,9999.000,9999.000,9999.000,9999.000,9999.000,9999.000
202602220954,   6.637,   7.078,9999.000,9999.000,9999.000,9999.000,9999.000,9999.000,9999.000
202602221000,   6.253,   6.779,   0.200,   0.326,   6.779,   0.000,   6.579,   0.400,   6.979
202602221006,   5.873,   6.346,9999.000,9999.000,9999.000,9999.000,9999.000,9999.000,9999.000
202602221012,   5.496,   5.949,9999.000,9999.000,9999.000,9999.000,9999.000,9999.000,9999.000
202602221018,   5.124,   5.589,9999.000,9999.000,9999.000,9999.000,9999.000,9999.000,9999.000
202602221024,   4.758,   5.188,9999.000,9999.000,9999.000,9999.000,9999.000,9999.000,9999.000
202602221030,   4.397,   4.828,9999.000,9999.000,9999.000,9999.000,9999.000,9999.000,9999.000
202602221036,   4.044,   4.437,9999.000,9999.000,9999.000,9999.000,9999.000,9999.000,9999.000
202602221042,   3.698,   4.099,9999.000,9999.000,9999.000,9999.000,9999.000,9999.000,9999.000
202602221048,   3.361,   3.729,9999.000,9999.000,9999.000,9999.000,9999.000,9999.000,9999.000
202602221054,   3.033,   3.440,9999.000,9999.000,9999.000,9999.000,9999.000,9999.000,9999.000
202602221100,   2.715,   3.099,   0.200,   0.184,   3.099,   0.100,   2.999,   0.300,   3.199
202602221106,   2.407,   2.840,9999.000,9999.000,9999.000,9999.000,9999.000,9999.000,9999.000
202602221112,   2.111,   2.459,9999.000,9999.000,9999.000,9999.000,9999.000,9999.000,9999.000
202602221118,   1.827,   2.210,9999.000,9999.000,9999.000,9999.000,9999.000,9999.000,9999.000
202602221124,   1.555,   1.967,9999.000,9999.000,9999.000,9999.000,9999.000,9999.000,9999.000
202602221130,   1.296,   1.649,9999.000,9999.000,9999.000,9999.000,9999.000,9999.000,9999.000
202602221136,   1.051,   1.498,9999.000,9999.000,9999.000,9999.000,9999.000,9999.000,9999.000
202602221142,   0.821,   1.180,9999.000,9999.000,9999.000,9999.000,9999.000,9999.000,9999.000
202602221148,   0.606,   1.010,9999.000,9999.000,9999.000,9999.000,9999.000,9999.000,9999.000
202602221154,   0.406,   0.810,9999.000,9999.000,9999.000,9999.000,9999.000,9999.000,9999.000
202602221200,   0.223,   0.580,   0.200,   0.157,   0.580,   0.100,   0.480,   0.300,   0.680
202602221206,   0.056,   0.508,9999.000,9999.000,9999.000,9999.000,9999.000,9999.000,9999.000
202602221212,  -0.093,   0.249,9999.000,9999.000,9999.000,9999.000,9999.000,9999.000,9999.000
202602221218,  -0.225,   0.249,9999.000,9999.000,9999.000,9999.000,9999.000,9999.000,9999.000
202602221224,  -0.338,   0.141,9999.000,9999.000,9999.000,9999.000,9999.000,9999.000,9999.000
202602221230,  -0.434,   0.000,9999.000,9999.000,9999.000,9999.000,9999.000,9999.000,9999.000
202602221236,  -0.510,   0.009,9999.000,9999.000,9999.000,9999.000,9999.000,9999.000,9999.000
202602221242,  -0.568,  -0.150,9999.000,9999.000,9999.000,9999.000,9999.000,9999.000,9999.000
202602221248,  -0.606,   0.000,9999.000,9999.000,9999.000,9999.000,9999.000,9999.000,9999.000
202602221254,  -0.625,  -0.141,9999.000,9999.000,9999.000,9999.000,9999.000,9999.000,9999.000
202602221300,  -0.624,  -0.078,   0.200,   0.346,  -0.078,   0.100,  -0.178,   0.300,   0.022
202602221306,  -0.604,  -0.059,9999.000,9999.000,9999.000,9999.000,9999.000,9999.000,9999.000
202602221312,  -0.565,  -0.029,9999.000,9999.000,9999.000,9999.000,9999.000,9999.000,9999.000
202602221318,  -0.505,   0.160,9999.000,9999.000,9999.000,9999.000,9999.000,9999.000,9999.000
202602221324,  -0.427,   0.121,9999.000,9999.000,9999.000,9999.000,9999.000,9999.000,9999.000
202602221330,  -0.330,   0.331,9999.000,9999.000,9999.000,9999.000,9999.000,9999.000,9999.000
202602221336,  -0.214,   0.400,9999.000,9999.000,9999.000,9999.000,9999.000,9999.000,9999.000
202602221342,  -0.079,   0.518,9999.000,9999.000,9999.000,9999.000,9999.000,9999.000,9999.000
202602221348,   0.072,   0.718,9999.000,9999.000,9999.000,9999.000,9999.000,9999.000,9999.000
202602221354,   0.242,   0.800,9999.000,9999.000,9999.000,9999.000,9999.000,9999.000,9999.000
202602221400,   0.429,   1.108,   0.200,   0.479,   1.108,   0.100,   1.008,   0.300,   1.208
202602221406,   0.632,   1.229,9999.000,9999.000,9999.000,9999.000,9999.000,9999.000,9999.000
202602221412,   0.851,   1.518,9999.000,9999.000,9999.000,9999.000,9999.000,9999.000,9999.000
202602221418,   1.085,   1.767,9999.000,9999.000,9999.000,9999.000,9999.000,9999.000,9999.000
202602221424,   1.333,   1.948,9999.000,9999.000,9999.000,9999.000,9999.000,9999.000,9999.000
202602221430,   1.595,   2.289,9999.000,9999.000,9999.000,9999.000,9999.000,9999.000,9999.000
202602221436,   1.870,   2.538,9999.000,9999.000,9999.000,9999.000,9999.000,9999.000,9999.000
202602221442,   2.157,   2.840,9999.000,9999.000,9999.000,9999.000,9999.000,9999.000,9999.000
202602221448,   2.456,   3.138,9999.000,9999.000,9999.000,9999.000,9999.000,9999.000,9999.000
202602221454,   2.765,   3.388,9999.000,9999.000,9999.000,9999.000,9999.000,9999.000,9999.000
202602221500,   3.083,   3.758,   0.200,   0.475,   3.758,   0.100,   3.658,   0.300,   3.858
202602221506,   3.411,   4.027,9999.000,9999.000,9999.000,9999.000,9999.000,9999.000,9999.000
202602221512,   3.747,   4.378,9999.000,9999.000,9999.000,9999.000,9999.000,9999.000,9999.000
202602221518,   4.090,   4.719,9999.000,9999.000,9999.000,9999.000,9999.000,9999.000,9999.000
202602221524,   4.439,   5.077,9999.000,9999.000,9999.000,9999.000,9999.000,9999.000,9999.000
202602221530,   4.794,   5.438,9999.000,9999.000,9999.000,9999.000,9999.000,9999.000,9999.000
202602221536,   5.153,   5.779,9999.000,9999.000,9999.000,9999.000,9999.000,9999.000,9999.000
202602221542,   5.517,   6.169,9999.000,9999.000,9999.000,9999.000,9999.000,9999.000,9999.000
202602221548,   5.883,   6.599,9999.000,9999.000,9999.000,9999.000,9999.000,9999.000,9999.000
202602221554,   6.252,   6.858,9999.000,9999.000,9999.000,9999.000,9999.000,9999.000,9999.000
202602221600,   6.623,   7.337,   0.200,   0.514,   7.337,   0.100,   7.237,   0.300,   7.437
202602221606,   6.993,   7.688,9999.000,9999.000,9999.000,9999.000,9999.000,9999.000,9999.000
202602221612,   7.364,   8.058,9999.000,9999.000,9999.000,9999.000,9999.000,9999.000,9999.000
202602221618,   7.733,   8.327,9999.000,9999.000,9999.000,9999.000,9999.000,9999.000,9999.000
202602221624,   8.101,   8.747,9999.000,9999.000,9999.000,9999.000,9999.000,9999.000,9999.000
202602221630,   8.465,   9.147,9999.000,9999.000,9999.000,9999.000,9999.000,9999.000,9999.000
202602221636,   8.826,   9.508,9999.000,9999.000,9999.000,9999.000,9999.000,9999.000,9999.000
202602221642,   9.182,   9.836,9999.000,9999.000,9999.000,9999.000,9999.000,9999.000,9999.000
202602221648,   9.533,  10.187,9999.000,9999.000,9999.000,9999.000,9999.000,9999.000,9999.000
202602221654,   9.877,  10.577,9999.000,9999.000,9999.000,9999.000,9999.000,9999.000,9999.000
202602221700,  10.215,  10.896,   0.300,   0.381,  10.896,   0.100,  10.696,   0.400,  10.996
202602221706,  10.544,  11.148,9999.000,9999.000,9999.000,9999.000,9999.000,9999.000,9999.000
202602221712,  10.864,  11.417,9999.000,9999.000,9999.000,9999.000,9999.000,9999.000,9999.000
202602221718,  11.174,  11.755,9999.000,9999.000,9999.000,9999.000,9999.000,9999.000,9999.000
202602221724,  11.474,  12.008,9999.000,9999.000,9999.000,9999.000,9999.000,9999.000,9999.000
202602221730,  11.762,  12.306,9999.000,9999.000,9999.000,9999.000,9999.000,9999.000,9999.000
202602221736,  12.038,  12.575,9999.000,9999.000,9999.000,9999.000,9999.000,9999.000,9999.000
202602221742,  12.300,  12.847,9999.000,9999.000,9999.000,9999.000,9999.000,9999.000,9999.000
202602221748,  12.548,  13.047,9999.000,9999.000,9999.000,9999.000,9999.000,9999.000,9999.000
202602221754,  12.782,  13.316,9999.000,9999.000,9999.000,9999.000,9999.000,9999.000,9999.000
202602221800,  13.000,  13.546,   0.400,   0.146,  13.546,   0.300,  13.446,   0.600,  13.746
202602221806,  13.201,  13.795,9999.000,9999.000,9999.000,9999.000,9999.000,9999.000,9999.000
202602221812,  13.386,  13.926,9999.000,9999.000,9999.000,9999.000,9999.000,9999.000,9999.000
202602221818,  13.553,  14.087,9999.000,9999.000,9999.000,9999.000,9999.000,9999.000,9999.000
202602221824,  13.702,  14.317,9999.000,9999.000,9999.000,9999.000,9999.000,9999.000,9999.000
202602221830,  13.832,  14.356,9999.000,9999.000,9999.000,9999.000,9999.000,9999.000,9999.000
202602221836,  13.943,  14.536,9999.000,9999.000,9999.000,9999.000,9999.000,9999.000,9999.000
202602221842,  14.035,  14.635,9999.000,9999.000,9999.000,9999.000,9999.000,9999.000,9999.000
202602221848,  14.108,  14.727,9999.000,9999.000,9999.000,9999.000,9999.000,9999.000,9999.000
202602221854,  14.160,  14.717,9999.000,9999.000,9999.000,9999.000,9999.000,9999.000,9999.000
202602221900,  14.192,  14.697,   0.500,   0.005,  14.697,   0.400,  14.597,   0.600,  14.797
202602221906,  14.204,  14.796,9999.000,9999.000,9999.000,9999.000,9999.000,9999.000,9999.000
202602221912,  14.195,  14.796,9999.000,9999.000,9999.000,9999.000,9999.000,9999.000,9999.000
202602221918,  14.167,  14.527,9999.000,9999.000,9999.000,9999.000,9999.000,9999.000,9999.000
202602221924,  14.118,  14.586,9999.000,9999.000,9999.000,9999.000,9999.000,9999.000,9999.000
202602221930,  14.049,  14.546,9999.000,9999.000,9999.000,9999.000,9999.000,9999.000,9999.000
202602221936,  13.961,  14.405,9999.000,9999.000,9999.000,9999.000,9999.000,9999.000,9999.000
202602221942,  13.853,  14.195,9999.000,9999.000,9999.000,9999.000,9999.000,9999.000,9999.000
202602221948,  13.727,  14.245,9999.000,9999.000,9999.000,9999.000,9999.000,9999.000,9999.000
202602221954,  13.582,  13.966,9999.000,9999.000,9999.000,9999.000,9999.000,9999.000,9999.000
202602222000,  13.419,  13.736,   0.500,  -0.183,  13.736,   0.400,  13.636,   0.600,  13.836
202602222006,  13.239,  13.585,9999.000,9999.000,9999.000,9999.000,9999.000,9999.000,9999.000
202602222012,  13.042,  13.438,9999.000,9999.000,9999.000,9999.000,9999.000,9999.000,9999.000
202602222018,  12.829,  13.175,9999.000,9999.000,9999.000,9999.000,9999.000,9999.000,9999.000
202602222024,  12.601,  12.965,9999.000,9999.000,9999.000,9999.000,9999.000,9999.000,9999.000
202602222030,  12.358,  12.726,9999.000,9999.000,9999.000,9999.000,9999.000,9999.000,9999.000
202602222036,  12.102,  12.608,9999.000,9999.000,9999.000,9999.000,9999.000,9999.000,9999.000
202602222042,  11.832,  12.217,9999.000,9999.000,9999.000,9999.000,9999.000,9999.000,9999.000
202602222048,  11.551,  11.978,9999.000,9999.000,9999.000,9999.000,9999.000,9999.000,9999.000
202602222054,  11.258,  11.847,9999.000,9999.000,9999.000,9999.000,9999.000,9999.000,9999.000
202602222100,  10.955,  11.325,   0.600,  -0.230,  11.325,   0.500,  11.225,   0.600,  11.325
202602222106,  10.643,  11.247,9999.000,9999.000,9999.000,9999.000,9999.000,9999.000,9999.000
202602222112,  10.323,  10.768,9999.000,9999.000,9999.000,9999.000,9999.000,9999.000,9999.000
202602222118,   9.995,  10.476,9999.000,9999.000,9999.000,9999.000,9999.000,9999.000,9999.000
202602222124,   9.660,  10.207,9999.000,9999.000,9999.000,9999.000,9999.000,9999.000,9999.000
202602222130,   9.320,   9.757,9999.000,9999.000,9999.000,9999.000,9999.000,9999.000,9999.000
202602222136,   8.975,   9.656,9999.000,9999.000,9999.000,9999.000,9999.000,9999.000,9999.000
202602222142,   8.627,   9.056,9999.000,9999.000,9999.000,9999.000,9999.000,9999.000,9999.000
202602222148,   8.275,   8.918,9999.000,9999.000,9999.000,9999.000,9999.000,9999.000,9999.000
202602222154,   7.922,   8.357,9999.000,9999.000,9999.000,9999.000,9999.000,9999.000,9999.000
202602222200,   7.567,   8.196,   0.600,   0.029,   8.196,   0.500,   8.096,   0.700,   8.296
202602222206,   7.212,   7.609,9999.000,9999.000,9999.000,9999.000,9999.000,9999.000,9999.000
202602222212,   6.858,   7.537,9999.000,9999.000,9999.000,9999.000,9999.000,9999.000,9999.000
202602222218,   6.505,   6.989,9999.000,9999.000,9999.000,9999.000,9999.000,9999.000,9999.000
202602222224,   6.154,   6.746,9999.000,9999.000,9999.000,9999.000,9999.000,9999.000,9999.000
202602222230,   5.806,   6.346,9999.000,9999.000,9999.000,9999.000,9999.000,9999.000,9999.000
202602222236,   5.462,   6.048,9999.000,9999.000,9999.000,9999.000,9999.000,9999.000,9999.000
202602222242,   5.122,   5.717,9999.000,9999.000,9999.000,9999.000,9999.000,9999.000,9999.000
202602222248,   4.788,   5.379,9999.000,9999.000,9999.000,9999.000,9999.000,9999.000,9999.000
202602222254,   4.459,   5.047,9999.000,9999.000,9999.000,9999.000,9999.000,9999.000,9999.000
202602222300,   4.137,   4.700,   0.600,  -0.037,   4.700,   0.500,   4.600,   0.700,   4.800
202602222306,   3.823,   4.437,9999.000,9999.000,9999.000,9999.000,9999.000,9999.000,9999.000
202602222312,   3.516,   4.080,9999.000,9999.000,9999.000,9999.000,9999.000,9999.000,9999.000
202602222318,   3.218,   3.860,9999.000,9999.000,9999.000,9999.000,9999.000,9999.000,9999.000
202602222324,   2.930,   3.499,9999.000,9999.000,9999.000,9999.000,9999.000,9999.000,9999.000
202602222330,   2.651,   3.299,9999.000,9999.000,9999.000,9999.000,9999.000,9999.000,9999.000
202602222336,   2.383,   2.879,9999.000,9999.000,9999.000,9999.000,9999.000,9999.000,9999.000
202602222342,   2.126,   2.660,9999.000,9999.000,9999.000,9999.000,9999.000,9999.000,9999.000
202602222348,   1.882,   2.387,9999.000,9999.000,9999.000,9999.000,9999.000,9999.000,9999.000
202602222354,   1.649,   0.977,9999.000,9999.000,9999.000,9999.000,9999.000,9999.000,9999.000
202602230000,   1.430,   0.977,   0.700,  -1.153,   0.977,   0.700,   0.977,   0.800,   1.077
202602230006,   1.225,   1.659,9999.000,9999.000,9999.000,9999.000,9999.000,9999.000,9999.000
202602230012,   1.034,   1.557,9999.000,9999.000,9999.000,9999.000,9999.000,9999.000,9999.000
202602230018,   0.858,   1.220,9999.000,9999.000,9999.000,9999.000,9999.000,9999.000,9999.000
202602230024,   0.697,   1.361,9999.000,9999.000,9999.000,9999.000,9999.000,9999.000,9999.000
202602230030,   0.553,   0.980,9999.000,9999.000,9999.000,9999.000,9999.000,9999.000,9999.000
202602230036,   0.424,   0.951,9999.000,9999.000,9999.000,9999.000,9999.000,9999.000,9999.000
202602230042,   0.313,   0.760,9999.000,9999.000,9999.000,9999.000,9999.000,9999.000,9999.000
202602230048,   0.219,   0.639,9999.000,9999.000,9999.000,9999.000,9999.000,9999.000,9999.000
202602230054,   0.142,   0.790,9999.000,9999.000,9999.000,9999.000,9999.000,9999.000,9999.000
202602230100,   0.083,   0.380,   0.700,  -0.403,   0.380,   0.600,   0.280,   0.900,   0.580
202602230106,   0.043,   0.649,9999.000,9999.000,9999.000,9999.000,9999.000,9999.000,9999.000
202602230112,   0.021,   0.518,9999.000,9999.000,9999.000,9999.000,9999.000,9999.000,9999.000
202602230118,   0.018,   0.590,9999.000,9999.000,9999.000,9999.000,9999.000,9999.000,9999.000
202602230124,   0.033,   0.941,9999.000,9999.000,9999.000,9999.000,9999.000,9999.000,9999.000
202602230130,   0.068,   0.629,9999.000,9999.000,9999.000,9999.000,9999.000,9999.000,9999.000
202602230136,   0.121,   1.049,9999.000,9999.000,9999.000,9999.000,9999.000,9999.000,9999.000
202602230142,   0.192,   0.879,9999.000,9999.000,9999.000,9999.000,9999.000,9999.000,9999.000
202602230148,   0.282,   1.298,9999.000,9999.000,9999.000,9999.000,9999.000,9999.000,9999.000
202602230154,   0.391,   1.249,9999.000,9999.000,9999.000,9999.000,9999.000,9999.000,9999.000
202602230200,   0.517,   1.190,   0.700,  -0.027,   1.190,   0.600,   1.090,   0.800,   1.290
202602230206,   0.662,   1.659,9999.000,9999.000,9999.000,9999.000,9999.000,9999.000,9999.000
202602230212,   0.823,   1.528,9999.000,9999.000,9999.000,9999.000,9999.000,9999.000,9999.000
202602230218,   1.001,   1.990,9999.000,9999.000,9999.000,9999.000,9999.000,9999.000,9999.000
202602230224,   1.196,   2.089,9999.000,9999.000,9999.000,9999.000,9999.000,9999.000,9999.000
202602230230,   1.406,   2.338,9999.000,9999.000,9999.000,9999.000,9999.000,9999.000,9999.000
202602230236,   1.632,   2.610,9999.000,9999.000,9999.000,9999.000,9999.000,9999.000,9999.000
202602230242,   1.872,   2.807,9999.000,9999.000,9999.000,9999.000,9999.000,9999.000,9999.000
202602230248,   2.126,   3.119,9999.000,9999.000,9999.000,9999.000,9999.000,9999.000,9999.000
202602230254,   2.393,   3.207,9999.000,9999.000,9999.000,9999.000,9999.000,9999.000,9999.000
202602230300,   2.672,   3.689,   0.700,   0.317,   3.689,   0.700,   3.689,   0.800,   3.789
202602230306,   2.963,   3.637,9999.000,9999.000,9999.000,9999.000,9999.000,9999.000,9999.000
202602230312,   3.265,   4.198,9999.000,9999.000,9999.000,9999.000,9999.000,9999.000,9999.000
202602230318,   3.577,   4.437,9999.000,9999.000,9999.000,9999.000,9999.000,9999.000,9999.000
202602230324,   3.898,   4.900,9999.000,9999.000,9999.000,9999.000,9999.000,9999.000,9999.000
202602230330,   4.228,   5.228,9999.000,9999.000,9999.000,9999.000,9999.000,9999.000,9999.000
202602230336,   4.565,   5.457,9999.000,9999.000,9999.000,9999.000,9999.000,9999.000,9999.000
202602230342,   4.909,   5.907,9999.000,9999.000,9999.000,9999.000,9999.000,9999.000,9999.000
202602230348,   5.260,   5.979,9999.000,9999.000,9999.000,9999.000,9999.000,9999.000,9999.000
202602230354,   5.615,   6.697,9999.000,9999.000,9999.000,9999.000,9999.000,9999.000,9999.000
202602230400,   5.975,   6.756,   0.800,  -0.019,   6.756,   0.700,   6.656,   0.800,   6.756
202602230406,   6.338,   7.209,9999.000,9999.000,9999.000,9999.000,9999.000,9999.000,9999.000
202602230412,   6.704,   7.468,9999.000,9999.000,9999.000,9999.000,9999.000,9999.000,9999.000
202602230418,   7.072,   7.996,9999.000,9999.000,9999.000,9999.000,9999.000,9999.000,9999.000
202602230424,   7.441,   8.426,9999.000,9999.000,9999.000,9999.000,9999.000,9999.000,9999.000
202602230430,   7.810,   8.747,9999.000,9999.000,9999.000,9999.000,9999.000,9999.000,9999.000
202602230436,   8.179,   9.177,9999.000,9999.000,9999.000,9999.000,9999.000,9999.000,9999.000
202602230442,   8.546,   9.538,9999.000,9999.000,9999.000,9999.000,9999.000,9999.000,9999.000
202602230448,   8.911,   9.977,9999.000,9999.000,9999.000,9999.000,9999.000,9999.000,9999.000
202602230454,   9.274,  10.095,9999.000,9999.000,9999.000,9999.000,9999.000,9999.000,9999.000
202602230500,   9.632,  10.587,   0.800,   0.155,  10.587,   0.700,  10.487,   0.900,  10.687
202602230506,   9.985,  10.866,9999.000,9999.000,9999.000,9999.000,9999.000,9999.000,9999.000
202602230512,  10.333,  11.286,9999.000,9999.000,9999.000,9999.000,9999.000,9999.000,9999.000
202602230518,  10.674,  11.598,9999.000,9999.000,9999.000,9999.000,9999.000,9999.000,9999.000
202602230524,  11.008,  12.067,9999.000,9999.000,9999.000,9999.000,9999.000,9999.000,9999.000
202602230530,  11.334,  12.257,9999.000,9999.000,9999.000,9999.000,9999.000,9999.000,9999.000
202602230536,  11.651,  12.746,9999.000,9999.000,9999.000,9999.000,9999.000,9999.000,9999.000
202602230542,  11.958,  12.955,9999.000,9999.000,9999.000,9999.000,9999.000,9999.000,9999.000
202602230548,  12.253,  13.316,9999.000,9999.000,9999.000,9999.000,9999.000,9999.000,9999.000
202602230554,  12.538,  13.487,9999.000,9999.000,9999.000,9999.000,9999.000,9999.000,9999.000
202602230600,  12.810,  13.707,   0.800,   0.097,  13.707,   0.700,  13.607,   0.900,  13.807
202602230606,  13.068,  13.966,9999.000,9999.000,9999.000,9999.000,9999.000,9999.000,9999.000
202602230612,  13.312,  14.254,9999.000,9999.000,9999.000,9999.000,9999.000,9999.000,9999.000
202602230618,  13.542,  14.487,9999.000,9999.000,9999.000,9999.000,9999.000,9999.000,9999.000
202602230624,  13.756,  14.664,9999.000,9999.000,9999.000,9999.000,9999.000,9999.000,9999.000
202602230630,  13.953,  14.897,9999.000,9999.000,9999.000,9999.000,9999.000,9999.000,9999.000
202602230636,  14.134,  15.156,9999.000,9999.000,9999.000,9999.000,9999.000,9999.000,9999.000
202602230642,  14.297,  15.484,9999.000,9999.000,9999.000,9999.000,9999.000,9999.000,9999.000
202602230648,  14.441,  15.376,9999.000,9999.000,9999.000,9999.000,9999.000,9999.000,9999.000
202602230654,  14.568,  15.625,9999.000,9999.000,9999.000,9999.000,9999.000,9999.000,9999.000
202602230700,  14.675,  15.806,   0.800,   0.331,  15.806,   0.700,  15.706,   1.000,  16.006
202602230706,  14.762,  15.796,9999.000,9999.000,9999.000,9999.000,9999.000,9999.000,9999.000
202602230712,  14.830,  15.675,9999.000,9999.000,9999.000,9999.000,9999.000,9999.000,9999.000
202602230718,  14.877,  15.924,9999.000,9999.000,9999.000,9999.000,9999.000,9999.000,9999.000
202602230724,  14.905,  15.747,9999.000,9999.000,9999.000,9999.000,9999.000,9999.000,9999.000
202602230730,  14.912,  15.865,9999.000,9999.000,9999.000,9999.000,9999.000,9999.000,9999.000
202602230736,  14.898,  15.714,9999.000,9999.000,9999.000,9999.000,9999.000,9999.000,9999.000
202602230742,  14.864,  15.875,9999.000,9999.000,9999.000,9999.000,9999.000,9999.000,9999.000
202602230748,  14.810,  15.684,9999.000,9999.000,9999.000,9999.000,9999.000,9999.000,9999.000
202602230754,  14.736,  15.537,9999.000,9999.000,9999.000,9999.000,9999.000,9999.000,9999.000
202602230800,  14.642,  15.527,   0.900,  -0.015,  15.527,   0.800,  15.427,   1.000,  15.627
202602230806,  14.528,  15.337,9999.000,9999.000,9999.000,9999.000,9999.000,9999.000,9999.000
202602230812,  14.396,  15.186,9999.000,9999.000,9999.000,9999.000,9999.000,9999.000,9999.000
202602230818,  14.244,  15.025,9999.000,9999.000,9999.000,9999.000,9999.000,9999.000,9999.000
202602230824,  14.075,  14.996,9999.000,9999.000,9999.000,9999.000,9999.000,9999.000,9999.000
202602230830,  13.887,  14.625,9999.000,9999.000,9999.000,9999.000,9999.000,9999.000,9999.000
202602230836,  13.683,  14.536,9999.000,9999.000,9999.000,9999.000,9999.000,9999.000,9999.000
202602230842,  13.462,  14.327,9999.000,9999.000,9999.000,9999.000,9999.000,9999.000,9999.000
202602230848,  13.226,  14.117,9999.000,9999.000,9999.000,9999.000,9999.000,9999.000,9999.000
202602230854,  12.975,  13.844,9999.000,9999.000,9999.000,9999.000,9999.000,9999.000,9999.000
202602230900,  12.710,  13.438,   0.900,  -0.172,  13.438,   0.800,  13.338,   1.100,  13.638
202602230906,  12.431,  13.415,9999.000,9999.000,9999.000,9999.000,9999.000,9999.000,9999.000
202602230912,  12.140,  12.867,9999.000,9999.000,9999.000,9999.000,9999.000,9999.000,9999.000
202602230918,  11.837,  12.818,9999.000,9999.000,9999.000,9999.000,9999.000,9999.000,9999.000
202602230924,  11.524,  12.296,9999.000,9999.000,9999.000,9999.000,9999.000,9999.000,9999.000
202602230930,  11.201,  12.067,9999.000,9999.000,9999.000,9999.000,9999.000,9999.000,9999.000
202602230936,  10.870,  11.696,9999.000,9999.000,9999.000,9999.000,9999.000,9999.000,9999.000
202602230942,  10.530,  11.457,9999.000,9999.000,9999.000,9999.000,9999.000,9999.000,9999.000
202602230948,  10.183,  11.047,9999.000,9999.000,9999.000,9999.000,9999.000,9999.000,9999.000
202602230954,   9.830,  10.597,9999.000,9999.000,9999.000,9999.000,9999.000,9999.000,9999.000
202602231000,   9.473,  10.427,   1.000,  -0.046,  10.427,   0.800,  10.227,   1.200,  10.627
202602231006,   9.110,   9.967,9999.000,9999.000,9999.000,9999.000,9999.000,9999.000,9999.000
202602231012,   8.745,   9.748,9999.000,9999.000,9999.000,9999.000,9999.000,9999.000,9999.000
202602231018,   8.377,   9.338,9999.000,9999.000,9999.000,9999.000,9999.000,9999.000,9999.000
202602231024,   8.008,   9.118,9999.000,9999.000,9999.000,9999.000,9999.000,9999.000,9999.000
202602231030,   7.637,   8.669,9999.000,9999.000,9999.000,9999.000,9999.000,9999.000,9999.000
202602231036,   7.267,   8.259,9999.000,9999.000,9999.000,9999.000,9999.000,9999.000,9999.000
202602231042,   6.898,   7.957,9999.000,9999.000,9999.000,9999.000,9999.000,9999.000,9999.000
202602231048,   6.530,   7.586,9999.000,9999.000,9999.000,9999.000,9999.000,9999.000,9999.000
202602231054,   6.165,   7.258,9999.000,9999.000,9999.000,9999.000,9999.000,9999.000,9999.000
202602231100,   5.804,   6.878,   1.000,   0.074,   6.878,   0.800,   6.678,   1.300,   7.178
202602231106,   5.446,   6.438,9999.000,9999.000,9999.000,9999.000,9999.000,9999.000,9999.000
202602231112,   5.093,   5.989,9999.000,9999.000,9999.000,9999.000,9999.000,9999.000,9999.000
202602231118,   4.745,   5.989,9999.000,9999.000,9999.000,9999.000,9999.000,9999.000,9999.000
202602231124,   4.404,   5.589,9999.000,9999.000,9999.000,9999.000,9999.000,9999.000,9999.000
202602231130,   4.070,   5.087,9999.000,9999.000,9999.000,9999.000,9999.000,9999.000,9999.000
202602231136,   3.743,   4.569,9999.000,9999.000,9999.000,9999.000,9999.000,9999.000,9999.000
202602231142,   3.424,   4.588,9999.000,9999.000,9999.000,9999.000,9999.000,9999.000,9999.000
202602231148,   3.114,   4.070,9999.000,9999.000,9999.000,9999.000,9999.000,9999.000,9999.000
202602231154,   2.814,   3.949,9999.000,9999.000,9999.000,9999.000,9999.000,9999.000,9999.000
202602231200,   2.524,   3.440,   1.100,  -0.184,   3.440,   1.000,   3.340,   1.400,   3.740
202602231206,   2.245,   3.440,9999.000,9999.000,9999.000,9999.000,9999.000,9999.000,9999.000
202602231212,   1.977,   3.299,9999.000,9999.000,9999.000,9999.000,9999.000,9999.000,9999.000
202602231218,   1.721,   2.889,9999.000,9999.000,9999.000,9999.000,9999.000,9999.000,9999.000
202602231224,   1.478,   2.719,9999.000,9999.000,9999.000,9999.000,9999.000,9999.000,9999.000
202602231230,   1.248,   2.519,9999.000,9999.000,9999.000,9999.000,9999.000,9999.000,9999.000
202602231236,   1.032,   2.509,9999.000,9999.000,9999.000,9999.000,9999.000,9999.000,9999.000
202602231242,   0.831,   2.338,9999.000,9999.000,9999.000,9999.000,9999.000,9999.000,9999.000
202602231248,   0.645,   1.928,9999.000,9999.000,9999.000,9999.000,9999.000,9999.000,9999.000
202602231254,   0.474,   2.118,9999.000,9999.000,9999.000,9999.000,9999.000,9999.000,9999.000
202602231300,   0.319,   1.649,   1.200,   0.130,   1.649,   1.000,   1.449,   1.600,   2.049
202602231306,   0.180,   1.679,9999.000,9999.000,9999.000,9999.000,9999.000,9999.000,9999.000
202602231312,   0.058,   1.649,9999.000,9999.000,9999.000,9999.000,9999.000,9999.000,9999.000
202602231318,  -0.045,   1.557,9999.000,9999.000,9999.000,9999.000,9999.000,9999.000,9999.000
202602231324,  -0.132,   1.748,9999.000,9999.000,9999.000,9999.000,9999.000,9999.000,9999.000
202602231330,  -0.201,   1.449,9999.000,9999.000,9999.000,9999.000,9999.000,9999.000,9999.000
202602231336,  -0.252,   1.548,9999.000,9999.000,9999.000,9999.000,9999.000,9999.000,9999.000
202602231342,  -0.285,   1.557,9999.000,9999.000,9999.000,9999.000,9999.000,9999.000,9999.000
202602231348,  -0.299,   1.580,9999.000,9999.000,9999.000,9999.000,9999.000,9999.000,9999.000
202602231354,  -0.295,   1.508,9999.000,9999.000,9999.000,9999.000,9999.000,9999.000,9999.000
202602231400,  -0.272,   1.469,   1.300,   0.441,   1.469,   1.100,   1.269,   1.700,   1.869
202602231406,  -0.231,   1.639,9999.000,9999.000,9999.000,9999.000,9999.000,9999.000,9999.000
202602231412,  -0.172,   1.699,9999.000,9999.000,9999.000,9999.000,9999.000,9999.000,9999.000
202602231418,  -0.095,   1.689,9999.000,9999.000,9999.000,9999.000,9999.000,9999.000,9999.000
202602231424,   0.000,   2.099,9999.000,9999.000,9999.000,9999.000,9999.000,9999.000,9999.000
202602231430,   0.112,   1.820,9999.000,9999.000,9999.000,9999.000,9999.000,9999.000,9999.000
202602231436,   0.242,   2.250,9999.000,9999.000,9999.000,9999.000,9999.000,9999.000,9999.000
202602231442,   0.388,   2.450,9999.000,9999.000,9999.000,9999.000,9999.000,9999.000,9999.000
202602231448,   0.551,   2.210,9999.000,9999.000,9999.000,9999.000,9999.000,9999.000,9999.000
202602231454,   0.729,   2.899,9999.000,9999.000,9999.000,9999.000,9999.000,9999.000,9999.000
202602231500,   0.923,   2.807,   1.400,   0.484,   2.807,   1.200,   2.607,   1.800,   3.207
202602231506,   1.131,   3.017,9999.000,9999.000,9999.000,9999.000,9999.000,9999.000,9999.000
202602231512,   1.353,   3.099,9999.000,9999.000,9999.000,9999.000,9999.000,9999.000,9999.000
202602231518,   1.588,   3.329,9999.000,9999.000,9999.000,9999.000,9999.000,9999.000,9999.000
202602231524,   1.835,   3.949,9999.000,9999.000,9999.000,9999.000,9999.000,9999.000,9999.000
202602231530,   2.095,   4.109,9999.000,9999.000,9999.000,9999.000,9999.000,9999.000,9999.000
202602231536,   2.365,   4.188,9999.000,9999.000,9999.000,9999.000,9999.000,9999.000,9999.000
202602231542,   2.646,   4.529,9999.000,9999.000,9999.000,9999.000,9999.000,9999.000,9999.000
202602231548,   2.936,   4.867,9999.000,9999.000,9999.000,9999.000,9999.000,9999.000,9999.000
202602231554,   3.235,   4.979,9999.000,9999.000,9999.000,9999.000,9999.000,9999.000,9999.000
202602231600,   3.542,   5.559,   1.600,   0.417,   5.559,   1.300,   5.259,   1.900,   5.859
202602231606,   3.856,   5.667,9999.000,9999.000,9999.000,9999.000,9999.000,9999.000,9999.000
202602231612,   4.176,   5.579,9999.000,9999.000,9999.000,9999.000,9999.000,9999.000,9999.000
202602231618,   4.503,   6.359,9999.000,9999.000,9999.000,9999.000,9999.000,9999.000,9999.000
202602231624,   4.834,   6.527,9999.000,9999.000,9999.000,9999.000,9999.000,9999.000,9999.000
202602231630,   5.169,   7.009,9999.000,9999.000,9999.000,9999.000,9999.000,9999.000,9999.000
202602231636,   5.508,   7.088,9999.000,9999.000,9999.000,9999.000,9999.000,9999.000,9999.000
202602231642,   5.850,   7.658,9999.000,9999.000,9999.000,9999.000,9999.000,9999.000,9999.000
202602231648,   6.193,   7.849,9999.000,9999.000,9999.000,9999.000,9999.000,9999.000,9999.000
202602231654,   6.537,   8.268,9999.000,9999.000,9999.000,9999.000,9999.000,9999.000,9999.000
202602231700,   6.882,   8.367,   1.600,  -0.115,   8.367,   1.400,   8.167,   1.900,   8.667
202602231706,   7.227,   8.767,9999.000,9999.000,9999.000,9999.000,9999.000,9999.000,9999.000
202602231712,   7.570,   9.318,9999.000,9999.000,9999.000,9999.000,9999.000,9999.000,9999.000
202602231718,   7.911,   9.426,9999.000,9999.000,9999.000,9999.000,9999.000,9999.000,9999.000
202602231724,   8.249,   9.908,9999.000,9999.000,9999.000,9999.000,9999.000,9999.000,9999.000
202602231730,   8.584,  10.108,9999.000,9999.000,9999.000,9999.000,9999.000,9999.000,9999.000
202602231736,   8.915,  10.466,9999.000,9999.000,9999.000,9999.000,9999.000,9999.000,9999.000
202602231742,   9.240,  10.886,9999.000,9999.000,9999.000,9999.000,9999.000,9999.000,9999.000
202602231748,   9.560,  10.987,9999.000,9999.000,9999.000,9999.000,9999.000,9999.000,9999.000
202602231754,   9.872,  11.486,9999.000,9999.000,9999.000,9999.000,9999.000,9999.000,9999.000
202602231800,  10.177,  11.598,   1.500,  -0.079,  11.598,   1.300,  11.398,   1.800,  11.898
202602231806,  10.474,  12.047,9999.000,9999.000,9999.000,9999.000,9999.000,9999.000,9999.000
202602231812,  10.762,  12.208,9999.000,9999.000,9999.000,9999.000,9999.000,9999.000,9999.000
202602231818,  11.039,  12.457,9999.000,9999.000,9999.000,9999.000,9999.000,9999.000,9999.000
202602231824,  11.306,  12.755,9999.000,9999.000,9999.000,9999.000,9999.000,9999.000,9999.000
202602231830,  11.561,  12.975,9999.000,9999.000,9999.000,9999.000,9999.000,9999.000,9999.000
202602231836,  11.804,  13.185,9999.000,9999.000,9999.000,9999.000,9999.000,9999.000,9999.000
202602231842,  12.033,  13.247,9999.000,9999.000,9999.000,9999.000,9999.000,9999.000,9999.000
202602231848,  12.249,  13.716,9999.000,9999.000,9999.000,9999.000,9999.000,9999.000,9999.000
202602231854,  12.451,  13.677,9999.000,9999.000,9999.000,9999.000,9999.000,9999.000,9999.000
202602231900,  12.637,  13.907,   1.400,  -0.130,  13.907,   1.200,  13.707,   1.600,  14.107
202602231906,  12.807,  13.976,9999.000,9999.000,9999.000,9999.000,9999.000,9999.000,9999.000
202602231912,  12.962,  14.254,9999.000,9999.000,9999.000,9999.000,9999.000,9999.000,9999.000
202602231918,  13.099,  14.327,9999.000,9999.000,9999.000,9999.000,9999.000,9999.000,9999.000
202602231924,  13.219,  14.327,9999.000,9999.000,9999.000,9999.000,9999.000,9999.000,9999.000
202602231930,  13.322,  14.497,9999.000,9999.000,9999.000,9999.000,9999.000,9999.000,9999.000
202602231936,  13.407,  14.605,9999.000,9999.000,9999.000,9999.000,9999.000,9999.000,9999.000
202602231942,  13.473,  14.445,9999.000,9999.000,9999.000,9999.000,9999.000,9999.000,9999.000
202602231948,  13.521,  14.517,9999.000,9999.000,9999.000,9999.000,9999.000,9999.000,9999.000
202602231954,  13.550,  14.717,9999.000,9999.000,9999.000,9999.000,9999.000,9999.000,9999.000
202602232000,  13.561,  14.566,   1.200,  -0.195,  14.566,   1.100,  14.466,   1.400,  14.766
202602232006,  13.553,  14.546,9999.000,9999.000,9999.000,9999.000,9999.000,9999.000,9999.000
202602232012,  13.527,  14.546,9999.000,9999.000,9999.000,9999.000,9999.000,9999.000,9999.000
202602232018,  13.482,  14.546,9999.000,9999.000,9999.000,9999.000,9999.000,9999.000,9999.000
202602232024,  13.418,  14.356,9999.000,9999.000,9999.000,9999.000,9999.000,9999.000,9999.000
202602232030,  13.337,  14.405,9999.000,9999.000,9999.000,9999.000,9999.000,9999.000,9999.000
202602232036,  13.238,  14.287,9999.000,9999.000,9999.000,9999.000,9999.000,9999.000,9999.000
202602232042,  13.122,  14.067,9999.000,9999.000,9999.000,9999.000,9999.000,9999.000,9999.000
202602232048,  12.989,  13.825,9999.000,9999.000,9999.000,9999.000,9999.000,9999.000,9999.000
202602232054,  12.839,  13.857,9999.000,9999.000,9999.000,9999.000,9999.000,9999.000,9999.000
202602232100,  12.674,  13.585,   1.100,  -0.189,  13.585,   0.900,  13.385,   1.300,  13.785
202602232106,  12.493,  13.346,9999.000,9999.000,9999.000,9999.000,9999.000,9999.000,9999.000
202602232112,  12.298,  13.156,9999.000,9999.000,9999.000,9999.000,9999.000,9999.000,9999.000
202602232118,  12.089,  13.015,9999.000,9999.000,9999.000,9999.000,9999.000,9999.000,9999.000
202602232124,  11.867,  12.877,9999.000,9999.000,9999.000,9999.000,9999.000,9999.000,9999.000
202602232130,  11.632,  12.667,9999.000,9999.000,9999.000,9999.000,9999.000,9999.000,9999.000
202602232136,  11.386,  12.277,9999.000,9999.000,9999.000,9999.000,9999.000,9999.000,9999.000
202602232142,  11.128,  12.286,9999.000,9999.000,9999.000,9999.000,9999.000,9999.000,9999.000
202602232148,  10.861,  11.857,9999.000,9999.000,9999.000,9999.000,9999.000,9999.000,9999.000
202602232154,  10.584,  11.607,9999.000,9999.000,9999.000,9999.000,9999.000,9999.000,9999.000
202602232200,  10.299,  11.378,   1.000,   0.079,  11.378,   0.700,  11.078,   1.300,  11.678
202602232206,  10.007,  11.115,9999.000,9999.000,9999.000,9999.000,9999.000,9999.000,9999.000
202602232212,   9.707,  10.748,9999.000,9999.000,9999.000,9999.000,9999.000,9999.000,9999.000
202602232218,   9.402,  10.476,9999.000,9999.000,9999.000,9999.000,9999.000,9999.000,9999.000
202602232224,   9.092,  10.138,9999.000,9999.000,9999.000,9999.000,9999.000,9999.000,9999.000
202602232230,   8.777,   9.876,9999.000,9999.000,9999.000,9999.000,9999.000,9999.000,9999.000
202602232236,   8.459,   9.607,9999.000,9999.000,9999.000,9999.000,9999.000,9999.000,9999.000
202602232242,   8.139,   9.279,9999.000,9999.000,9999.000,9999.000,9999.000,9999.000,9999.000
202602232248,   7.817,   8.947,9999.000,9999.000,9999.000,9999.000,9999.000,9999.000,9999.000
202602232254,   7.493,   8.688,9999.000,9999.000,9999.000,9999.000,9999.000,9999.000,9999.000
202602232300,   7.170,   8.367,   0.900,   0.297,   8.367,   0.500,   7.967,   1.200,   8.667
202602232306,   6.846,   8.108,9999.000,9999.000,9999.000,9999.000,9999.000,9999.000,9999.000
202602232312,   6.524,   7.727,9999.000,9999.000,9999.000,9999.000,9999.000,9999.000,9999.000
202602232318,   6.204,   7.468,9999.000,9999.000,9999.000,9999.000,9999.000,9999.000,9999.000
202602232324,   5.887,   7.248,9999.000,9999.000,9999.000,9999.000,9999.000,9999.000,9999.000
202602232330,   5.573,   6.927,9999.000,9999.000,9999.000,9999.000,9999.000,9999.000,9999.000
202602232336,   5.263,   6.628,9999.000,9999.000,9999.000,9999.000,9999.000,9999.000,9999.000
202602232342,   4.958,   6.327,9999.000,9999.000,9999.000,9999.000,9999.000,9999.000,9999.000
202602232348,   4.658,   5.999,9999.000,9999.000,9999.000,9999.000,9999.000,9999.000,9999.000
202602232354,   4.364,   4.254,9999.000,9999.000,9999.000,9999.000,9999.000,9999.000,9999.000
202602240000,   4.076,   4.254,   0.500,  -0.322,   4.254,  -0.200,   3.554,   1.100,   4.854
202602240006,   3.796,   5.267,9999.000,9999.000,9999.000,9999.000,9999.000,9999.000,9999.000
202602240012,   3.524,   4.887,9999.000,9999.000,9999.000,9999.000,9999.000,9999.000,9999.000
202602240018,   3.260,   4.818,9999.000,9999.000,9999.000,9999.000,9999.000,9999.000,9999.000
202602240024,   3.005,   4.329,9999.000,9999.000,9999.000,9999.000,9999.000,9999.000,9999.000
202602240030,   2.760,   4.257,9999.000,9999.000,9999.000,9999.000,9999.000,9999.000,9999.000
202602240036,   2.525,   3.890,9999.000,9999.000,9999.000,9999.000,9999.000,9999.000,9999.000
202602240042,   2.301,   3.827,9999.000,9999.000,9999.000,9999.000,9999.000,9999.000,9999.000
202602240048,   2.088,   3.558,9999.000,9999.000,9999.000,9999.000,9999.000,9999.000,9999.000
202602240054,   1.888,   3.319,9999.000,9999.000,9999.000,9999.000,9999.000,9999.000,9999.000
202602240100,   1.700,   3.250,   0.400,   1.150,   3.250,  -0.400,   2.450,   1.000,   3.850
202602240106,   1.525,   2.768,9999.000,9999.000,9999.000,9999.000,9999.000,9999.000,9999.000
202602240112,   1.364,   2.807,9999.000,9999.000,9999.000,9999.000,9999.000,9999.000,9999.000
202602240118,   1.217,   2.519,9999.000,9999.000,9999.000,9999.000,9999.000,9999.000,9999.000
202602240124,   1.085,   2.509,9999.000,9999.000,9999.000,9999.000,9999.000,9999.000,9999.000
202602240130,   0.968,   2.578,9999.000,9999.000,9999.000,9999.000,9999.000,9999.000,9999.000
202602240136,   0.867,   2.387,9999.000,9999.000,9999.000,9999.000,9999.000,9999.000,9999.000
202602240142,   0.782,   2.328,9999.000,9999.000,9999.000,9999.000,9999.000,9999.000,9999.000
202602240148,   0.713,   2.177,9999.000,9999.000,9999.000,9999.000,9999.000,9999.000,9999.000
202602240154,   0.660,   2.220,9999.000,9999.000,9999.000,9999.000,9999.000,9999.000,9999.000
202602240200,   0.625,   2.168,   0.300,   1.243,   2.168,  -0.500,   1.368,   1.000,   2.868
202602240206,   0.607,   2.020,9999.000,9999.000,9999.000,9999.000,9999.000,9999.000,9999.000
202602240212,   0.606,   2.177,9999.000,9999.000,9999.000,9999.000,9999.000,9999.000,9999.000
202602240218,   0.622,   2.118,9999.000,9999.000,9999.000,9999.000,9999.000,9999.000,9999.000
202602240224,   0.656,   2.240,9999.000,9999.000,9999.000,9999.000,9999.000,9999.000,9999.000
202602240230,   0.707,   2.259,9999.000,9999.000,9999.000,9999.000,9999.000,9999.000,9999.000
202602240236,   0.775,   2.289,9999.000,9999.000,9999.000,9999.000,9999.000,9999.000,9999.000
202602240242,   0.860,   2.479,9999.000,9999.000,9999.000,9999.000,9999.000,9999.000,9999.000
202602240248,   0.963,   2.420,9999.000,9999.000,9999.000,9999.000,9999.000,9999.000,9999.000
202602240254,   1.082,   2.689,9999.000,9999.000,9999.000,9999.000,9999.000,9999.000,9999.000
202602240300,   1.217,   2.719,   0.300,   1.202,   2.719,  -0.400,   2.019,   0.900,   3.319
202602240306,   1.368,   2.929,9999.000,9999.000,9999.000,9999.000,9999.000,9999.000,9999.000
202602240312,   1.534,   3.089,9999.000,9999.000,9999.000,9999.000,9999.000,9999.000,9999.000
202602240318,   1.716,   3.240,9999.000,9999.000,9999.000,9999.000,9999.000,9999.000,9999.000
202602240324,   1.912,   3.388,9999.000,9999.000,9999.000,9999.000,9999.000,9999.000,9999.000
202602240330,   2.122,   3.460,9999.000,9999.000,9999.000,9999.000,9999.000,9999.000,9999.000
202602240336,   2.345,   3.909,9999.000,9999.000,9999.000,9999.000,9999.000,9999.000,9999.000
202602240342,   2.581,   3.929,9999.000,9999.000,9999.000,9999.000,9999.000,9999.000,9999.000
202602240348,   2.829,   4.378,9999.000,9999.000,9999.000,9999.000,9999.000,9999.000,9999.000
202602240354,   3.088,   4.437,9999.000,9999.000,9999.000,9999.000,9999.000,9999.000,9999.000
202602240400,   3.358,   4.729,   0.200,   1.171,   4.729,  -0.300,   4.229,   0.700,   5.229
202602240406,   3.637,   5.008,9999.000,9999.000,9999.000,9999.000,9999.000,9999.000,9999.000
202602240412,   3.926,   5.267,9999.000,9999.000,9999.000,9999.000,9999.000,9999.000,9999.000
202602240418,   4.224,   5.477,9999.000,9999.000,9999.000,9999.000,9999.000,9999.000,9999.000
202602240424,   4.529,   5.818,9999.000,9999.000,9999.000,9999.000,9999.000,9999.000,9999.000
202602240430,   4.841,   6.038,9999.000,9999.000,9999.000,9999.000,9999.000,9999.000,9999.000
202602240436,   5.159,   6.369,9999.000,9999.000,9999.000,9999.000,9999.000,9999.000,9999.000
202602240442,   5.483,   6.687,9999.000,9999.000,9999.000,9999.000,9999.000,9999.000,9999.000
202602240448,   5.812,   6.966,9999.000,9999.000,9999.000,9999.000,9999.000,9999.000,9999.000
202602240454,   6.144,   7.258,9999.000,9999.000,9999.000,9999.000,9999.000,9999.000,9999.000
202602240500,   6.480,   7.609,   0.100,   1.029,   7.609,  -0.200,   7.309,   0.300,   7.809
202602240506,   6.819,   7.908,9999.000,9999.000,9999.000,9999.000,9999.000,9999.000,9999.000
202602240512,   7.160,   8.167,9999.000,9999.000,9999.000,9999.000,9999.000,9999.000,9999.000
202602240518,   7.501,   8.488,9999.000,9999.000,9999.000,9999.000,9999.000,9999.000,9999.000
202602240524,   7.843,   8.777,9999.000,9999.000,9999.000,9999.000,9999.000,9999.000,9999.000
202602240530,   8.185,   9.108,9999.000,9999.000,9999.000,9999.000,9999.000,9999.000,9999.000
202602240536,   8.526,   9.338,9999.000,9999.000,9999.000,9999.000,9999.000,9999.000,9999.000
202602240542,   8.864,   9.817,9999.000,9999.000,9999.000,9999.000,9999.000,9999.000,9999.000
202602240548,   9.200,   9.997,9999.000,9999.000,9999.000,9999.000,9999.000,9999.000,9999.000
202602240554,   9.533,  10.338,9999.000,9999.000,9999.000,9999.000,9999.000,9999.000,9999.000
202602240600,   9.862,  10.577,   0.300,   0.415,  10.577,  -0.100,  10.177,   0.600,  10.877
202602240606,  10.185,  10.978,9999.000,9999.000,9999.000,9999.000,9999.000,9999.000,9999.000
202602240612,  10.503,  11.168,9999.000,9999.000,9999.000,9999.000,9999.000,9999.000,9999.000
202602240618,  10.814,  11.578,9999.000,9999.000,9999.000,9999.000,9999.000,9999.000,9999.000
202602240624,  11.118,  11.798,9999.000,9999.000,9999.000,9999.000,9999.000,9999.000,9999.000
202602240630,  11.414,  12.027,9999.000,9999.000,9999.000,9999.000,9999.000,9999.000,9999.000
202602240636,  11.700,  12.427,9999.000,9999.000,9999.000,9999.000,9999.000,9999.000,9999.000
202602240642,  11.977,  12.545,9999.000,9999.000,9999.000,9999.000,9999.000,9999.000,9999.000
202602240648,  12.243,  12.916,9999.000,9999.000,9999.000,9999.000,9999.000,9999.000,9999.000
202602240654,  12.498,  13.015,9999.000,9999.000,9999.000,9999.000,9999.000,9999.000,9999.000
202602240700,  12.741,  13.326,   0.200,   0.385,  13.326,  -0.100,  13.026,   0.500,  13.626
202602240706,  12.971,  13.467,9999.000,9999.000,9999.000,9999.000,9999.000,9999.000,9999.000
202602240712,  13.187,  13.634,9999.000,9999.000,9999.000,9999.000,9999.000,9999.000,9999.000
202602240718,  13.389,  13.867,9999.000,9999.000,9999.000,9999.000,9999.000,9999.000,9999.000
202602240724,  13.576,  13.946,9999.000,9999.000,9999.000,9999.000,9999.000,9999.000,9999.000
202602240730,  13.747,  14.126,9999.000,9999.000,9999.000,9999.000,9999.000,9999.000,9999.000
202602240736,  13.902,  14.176,9999.000,9999.000,9999.000,9999.000,9999.000,9999.000,9999.000
202602240742,  14.040,  14.297,9999.000,9999.000,9999.000,9999.000,9999.000,9999.000,9999.000
202602240748,  14.162,  14.435,9999.000,9999.000,9999.000,9999.000,9999.000,9999.000,9999.000
202602240754,  14.265,  14.517,9999.000,9999.000,9999.000,9999.000,9999.000,9999.000,9999.000
202602240800,  14.350,  14.536,   0.200,  -0.014,  14.536,  -0.100,  14.236,   0.500,  14.836
202602240806,  14.417,  14.615,9999.000,9999.000,9999.000,9999.000,9999.000,9999.000,9999.000
202602240812,  14.466,  14.615,9999.000,9999.000,9999.000,9999.000,9999.000,9999.000,9999.000
202602240818,  14.496,  14.645,9999.000,9999.000,9999.000,9999.000,9999.000,9999.000,9999.000
202602240824,  14.507,  14.687,9999.000,9999.000,9999.000,9999.000,9999.000,9999.000,9999.000
202602240830,  14.499,  14.605,9999.000,9999.000,9999.000,9999.000,9999.000,9999.000,9999.000
202602240836,  14.472,  14.546,9999.000,9999.000,9999.000,9999.000,9999.000,9999.000,9999.000
202602240842,  14.426,  14.527,9999.000,9999.000,9999.000,9999.000,9999.000,9999.000,9999.000
202602240848,  14.361,  14.517,9999.000,9999.000,9999.000,9999.000,9999.000,9999.000,9999.000
202602240854,  14.279,  14.405,9999.000,9999.000,9999.000,9999.000,9999.000,9999.000,9999.000
202602240900,  14.178,  14.205,   0.100,  -0.073,  14.205,  -0.200,  13.905,   0.300,  14.405
202602240906,  14.059,  14.176,9999.000,9999.000,9999.000,9999.000,9999.000,9999.000,9999.000
202602240912,  13.923,  14.077,9999.000,9999.000,9999.000,9999.000,9999.000,9999.000,9999.000
202602240918,  13.769,  13.887,9999.000,9999.000,9999.000,9999.000,9999.000,9999.000,9999.000
202602240924,  13.600,  13.726,9999.000,9999.000,9999.000,9999.000,9999.000,9999.000,9999.000
202602240930,  13.414,  13.536,9999.000,9999.000,9999.000,9999.000,9999.000,9999.000,9999.000
202602240936,  13.213,  13.375,9999.000,9999.000,9999.000,9999.000,9999.000,9999.000,9999.000
202602240942,  12.998,  13.136,9999.000,9999.000,9999.000,9999.000,9999.000,9999.000,9999.000
202602240948,  12.769,  12.965,9999.000,9999.000,9999.000,9999.000,9999.000,9999.000,9999.000
202602240954,  12.526,  12.755,9999.000,9999.000,9999.000,9999.000,9999.000,9999.000,9999.000
202602241000,  12.271,  12.467,   0.000,   0.196,  12.467,  -0.300,  12.167,   0.100,  12.567
202602241006,  12.004,  12.257,9999.000,9999.000,9999.000,9999.000,9999.000,9999.000,9999.000
202602241012,  11.726,  12.027,9999.000,9999.000,9999.000,9999.000,9999.000,9999.000,9999.000
202602241018,  11.439,  11.725,9999.000,9999.000,9999.000,9999.000,9999.000,9999.000,9999.000
202602241024,  11.142,  11.417,9999.000,9999.000,9999.000,9999.000,9999.000,9999.000,9999.000
202602241030,  10.836,  11.197,9999.000,9999.000,9999.000,9999.000,9999.000,9999.000,9999.000
202602241036,  10.523,  10.846,9999.000,9999.000,9999.000,9999.000,9999.000,9999.000,9999.000
202602241042,  10.203,  10.587,9999.000,9999.000,9999.000,9999.000,9999.000,9999.000,9999.000
202602241048,   9.877,  10.256,9999.000,9999.000,9999.000,9999.000,9999.000,9999.000,9999.000
202602241054,   9.545,   9.928,9999.000,9999.000,9999.000,9999.000,9999.000,9999.000,9999.000
202602241100,   9.210,   9.597,  -0.100,   0.487,   9.597,  -0.400,   9.297,   0.000,   9.697
202602241106,   8.871,   9.279,9999.000,9999.000,9999.000,9999.000,9999.000,9999.000,9999.000
202602241112,   8.529,   8.908,9999.000,9999.000,9999.000,9999.000,9999.000,9999.000,9999.000
202602241118,   8.185,   8.616,9999.000,9999.000,9999.000,9999.000,9999.000,9999.000,9999.000
202602241124,   7.840,   8.229,9999.000,9999.000,9999.000,9999.000,9999.000,9999.000,9999.000
202602241130,   7.495,   7.967,9999.000,9999.000,9999.000,9999.000,9999.000,9999.000,9999.000
202602241136,   7.150,   7.527,9999.000,9999.000,9999.000,9999.000,9999.000,9999.000,9999.000
202602241142,   6.805,   7.258,9999.000,9999.000,9999.000,9999.000,9999.000,9999.000,9999.000
202602241148,   6.463,   6.878,9999.000,9999.000,9999.000,9999.000,9999.000,9999.000,9999.000
202602241154,   6.123,   6.628,9999.000,9999.000,9999.000,9999.000,9999.000,9999.000,9999.000
202602241200,   5.786,   6.277,   0.200,   0.291,   6.277,   0.000,   6.077,   0.300,   6.377
202602241206,   5.453,   5.969,9999.000,9999.000,9999.000,9999.000,9999.000,9999.000,9999.000
202602241212,   5.125,   5.657,9999.000,9999.000,9999.000,9999.000,9999.000,9999.000,9999.000
202602241218,   4.802,   5.359,9999.000,9999.000,9999.000,9999.000,9999.000,9999.000,9999.000
202602241224,   4.484,   4.998,9999.000,9999.000,9999.000,9999.000,9999.000,9999.000,9999.000
202602241230,   4.173,   4.739,9999.000,9999.000,9999.000,9999.000,9999.000,9999.000,9999.000
202602241236,   3.868,   4.467,9999.000,9999.000,9999.000,9999.000,9999.000,9999.000,9999.000
202602241242,   3.572,   4.159,9999.000,9999.000,9999.000,9999.000,9999.000,9999.000,9999.000
202602241248,   3.284,   3.798,9999.000,9999.000,9999.000,9999.000,9999.000,9999.000,9999.000
202602241254,   3.004,   3.558,9999.000,9999.000,9999.000,9999.000,9999.000,9999.000,9999.000
202602241300,   2.735,   3.270,   0.100,   0.435,   3.270,   0.000,   3.170,   0.200,   3.370
202602241306,   2.475,   2.958,9999.000,9999.000,9999.000,9999.000,9999.000,9999.000,9999.000
202602241312,   2.226,   2.748,9999.000,9999.000,9999.000,9999.000,9999.000,9999.000,9999.000
202602241318,   1.989,   2.469,9999.000,9999.000,9999.000,9999.000,9999.000,9999.000,9999.000
202602241324,   1.763,   2.338,9999.000,9999.000,9999.000,9999.000,9999.000,9999.000,9999.000
202602241330,   1.550,   2.089,9999.000,9999.000,9999.000,9999.000,9999.000,9999.000,9999.000
202602241336,   1.351,   1.889,9999.000,9999.000,9999.000,9999.000,9999.000,9999.000,9999.000
202602241342,   1.164,   1.649,9999.000,9999.000,9999.000,9999.000,9999.000,9999.000,9999.000
202602241348,   0.992,   1.508,9999.000,9999.000,9999.000,9999.000,9999.000,9999.000,9999.000
202602241354,   0.835,   1.380,9999.000,9999.000,9999.000,9999.000,9999.000,9999.000,9999.000
202602241400,   0.692,   1.229,  -0.100,   0.637,   1.229,  -0.200,   1.129,   0.100,   1.429
202602241406,   0.565,   1.180,9999.000,9999.000,9999.000,9999.000,9999.000,9999.000,9999.000
202602241412,   0.454,   1.000,9999.000,9999.000,9999.000,9999.000,9999.000,9999.000,9999.000
202602241418,   0.359,   1.000,9999.000,9999.000,9999.000,9999.000,9999.000,9999.000,9999.000
202602241424,   0.281,   0.928,9999.000,9999.000,9999.000,9999.000,9999.000,9999.000,9999.000
202602241430,   0.219,   0.869,9999.000,9999.000,9999.000,9999.000,9999.000,9999.000,9999.000
202602241436,   0.175,   0.839,9999.000,9999.000,9999.000,9999.000,9999.000,9999.000,9999.000
202602241442,   0.147,   0.819,9999.000,9999.000,9999.000,9999.000,9999.000,9999.000,9999.000
202602241448,   0.136,   0.970,9999.000,9999.000,9999.000,9999.000,9999.000,9999.000,9999.000
202602241454,   0.143,   0.810,9999.000,9999.000,9999.000,9999.000,9999.000,9999.000,9999.000
202602241500,   0.167,   0.941,  -0.200,   0.974,   0.941,  -0.400,   0.741,   0.000,   1.141
202602241506,   0.207,   0.928,9999.000,9999.000,9999.000,9999.000,9999.000,9999.000,9999.000
202602241512,   0.265,   1.029,9999.000,9999.000,9999.000,9999.000,9999.000,9999.000,9999.000
202602241518,   0.339,   1.180,9999.000,9999.000,9999.000,9999.000,9999.000,9999.000,9999.000
202602241524,   0.429,   1.088,9999.000,9999.000,9999.000,9999.000,9999.000,9999.000,9999.000
202602241530,   0.536,   1.308,9999.000,9999.000,9999.000,9999.000,9999.000,9999.000,9999.000
202602241536,   0.658,   1.249,9999.000,9999.000,9999.000,9999.000,9999.000,9999.000,9999.000
202602241542,   0.795,   1.600,9999.000,9999.000,9999.000,9999.000,9999.000,9999.000,9999.000
202602241548,   0.946,   1.649,9999.000,9999.000,9999.000,9999.000,9999.000,9999.000,9999.000
202602241554,   1.112,   1.800,9999.000,9999.000,9999.000,9999.000,9999.000,9999.000,9999.000
202602241600,   1.292,   2.118,  -0.300,   1.126,   2.118,  -0.500,   1.918,   0.000,   2.418
202602241606,   1.484,   2.158,9999.000,9999.000,9999.000,9999.000,9999.000,9999.000,9999.000
202602241612,   1.689,   2.348,9999.000,9999.000,9999.000,9999.000,9999.000,9999.000,9999.000
202602241618,   1.906,   2.578,9999.000,9999.000,9999.000,9999.000,9999.000,9999.000,9999.000
202602241624,   2.134,   2.758,9999.000,9999.000,9999.000,9999.000,9999.000,9999.000,9999.000
202602241630,   2.372,   3.060,9999.000,9999.000,9999.000,9999.000,9999.000,9999.000,9999.000
202602241636,   2.620,   3.188,9999.000,9999.000,9999.000,9999.000,9999.000,9999.000,9999.000
202602241642,   2.878,   3.470,9999.000,9999.000,9999.000,9999.000,9999.000,9999.000,9999.000
202602241648,   3.143,   3.699,9999.000,9999.000,9999.000,9999.000,9999.000,9999.000,9999.000
202602241654,   3.417,   3.939,9999.000,9999.000,9999.000,9999.000,9999.000,9999.000,9999.000
202602241700,   3.698,   4.290,  -0.200,   0.792,   4.290,  -0.500,   3.990,   0.000,   4.490
202602241706,   3.985,   4.467,9999.000,9999.000,9999.000,9999.000,9999.000,9999.000,9999.000
202602241712,   4.278,   4.847,9999.000,9999.000,9999.000,9999.000,9999.000,9999.000,9999.000
202602241718,   4.577,   5.038,9999.000,9999.000,9999.000,9999.000,9999.000,9999.000,9999.000
202602241724,   4.879,   5.448,9999.000,9999.000,9999.000,9999.000,9999.000,9999.000,9999.000
202602241730,   5.186,   5.677,9999.000,9999.000,9999.000,9999.000,9999.000,9999.000,9999.000
202602241736,   5.496,   6.058,9999.000,9999.000,9999.000,9999.000,9999.000,9999.000,9999.000
202602241742,   5.808,   6.307,9999.000,9999.000,9999.000,9999.000,9999.000,9999.000,9999.000
202602241748,   6.122,   6.658,9999.000,9999.000,9999.000,9999.000,9999.000,9999.000,9999.000
202602241754,   6.437,9999.000,9999.000,9999.000,9999.000,9999.000,9999.000,9999.000,9999.000
202602241800,   6.753,9999.000,  -0.200,   0.733,   7.286,  -0.400,   7.086,   0.000,   7.486
202602241806,   7.069,9999.000,9999.000,9999.000,9999.000,9999.000,9999.000,9999.000,9999.000
202602241812,   7.383,9999.000,9999.000,9999.000,9999.000,9999.000,9999.000,9999.000,9999.000
202602241818,   7.696,9999.000,9999.000,9999.000,9999.000,9999.000,9999.000,9999.000,9999.000
202602241824,   8.007,9999.000,9999.000,9999.000,9999.000,9999.000,9999.000,9999.000,9999.000
202602241830,   8.314,9999.000,9999.000,9999.000,9999.000,9999.000,9999.000,9999.000,9999.000
202602241836,   8.618,9999.000,9999.000,9999.000,9999.000,9999.000,9999.000,9999.000,9999.000
202602241842,   8.917,9999.000,9999.000,9999.000,9999.000,9999.000,9999.000,9999.000,9999.000
202602241848,   9.211,9999.000,9999.000,9999.000,9999.000,9999.000,9999.000,9999.000,9999.000
202602241854,   9.499,9999.000,9999.000,9999.000,9999.000,9999.000,9999.000,9999.000,9999.000
202602241900,   9.780,9999.000,  -0.100,   0.675,  10.355,  -0.300,  10.155,   0.000,  10.455
202602241906,  10.053,9999.000,9999.000,9999.000,9999.000,9999.000,9999.000,9999.000,9999.000
202602241912,  10.318,9999.000,9999.000,9999.000,9999.000,9999.000,9999.000,9999.000,9999.000
202602241918,  10.574,9999.000,9999.000,9999.000,9999.000,9999.000,9999.000,9999.000,9999.000
202602241924,  10.820,9999.000,9999.000,9999.000,9999.000,9999.000,9999.000,9999.000,9999.000
202602241930,  11.055,9999.000,9999.000,9999.000,9999.000,9999.000,9999.000,9999.000,9999.000
202602241936,  11.279,9999.000,9999.000,9999.000,9999.000,9999.000,9999.000,9999.000,9999.000
202602241942,  11.491,9999.000,9999.000,9999.000,9999.000,9999.000,9999.000,9999.000,9999.000
202602241948,  11.691,9999.000,9999.000,9999.000,9999.000,9999.000,9999.000,9999.000,9999.000
202602241954,  11.877,9999.000,9999.000,9999.000,9999.000,9999.000,9999.000,9999.000,9999.000
202602242000,  12.049,9999.000,   0.000,   0.616,  12.665,  -0.100,  12.565,   0.100,  12.765
202602242006,  12.207,9999.000,9999.000,9999.000,9999.000,9999.000,9999.000,9999.000,9999.000
202602242012,  12.350,9999.000,9999.000,9999.000,9999.000,9999.000,9999.000,9999.000,9999.000
202602242018,  12.477,9999.000,9999.000,9999.000,9999.000,9999.000,9999.000,9999.000,9999.000
202602242024,  12.589,9999.000,9999.000,9999.000,9999.000,9999.000,9999.000,9999.000,9999.000
202602242030,  12.685,9999.000,9999.000,9999.000,9999.000,9999.000,9999.000,9999.000,9999.000
202602242036,  12.764,9999.000,9999.000,9999.000,9999.000,9999.000,9999.000,9999.000,9999.000
202602242042,  12.826,9999.000,9999.000,9999.000,9999.000,9999.000,9999.000,9999.000,9999.000
202602242048,  12.872,9999.000,9999.000,9999.000,9999.000,9999.000,9999.000,9999.000,9999.000
202602242054,  12.901,9999.000,9999.000,9999.000,9999.000,9999.000,9999.000,9999.000,9999.000
202602242100,  12.912,9999.000,   0.100,   0.558,  13.570,   0.000,  13.470,   0.200,  13.670
202602242106,  12.907,9999.000,9999.000,9999.000,9999.000,9999.000,9999.000,9999.000,9999.000
202602242112,  12.885,9999.000,9999.000,9999.000,9999.000,9999.000,9999.000,9999.000,9999.000
202602242118,  12.846,9999.000,9999.000,9999.000,9999.000,9999.000,9999.000,9999.000,9999.000
202602242124,  12.791,9999.000,9999.000,9999.000,9999.000,9999.000,9999.000,9999.000,9999.000
202602242130,  12.719,9999.000,9999.000,9999.000,9999.000,9999.000,9999.000,9999.000,9999.000
202602242136,  12.631,9999.000,9999.000,9999.000,9999.000,9999.000,9999.000,9999.000,9999.000
202602242142,  12.528,9999.000,9999.000,9999.000,9999.000,9999.000,9999.000,9999.000,9999.000
202602242148,  12.410,9999.000,9999.000,9999.000,9999.000,9999.000,9999.000,9999.000,9999.000
202602242154,  12.276,9999.000,9999.000,9999.000,9999.000,9999.000,9999.000,9999.000,9999.000
202602242200,  12.129,9999.000,   0.200,   0.499,  12.828,   0.000,  12.628,   0.300,  12.928
202602242206,  11.968,9999.000,9999.000,9999.000,9999.000,9999.000,9999.000,9999.000,9999.000
202602242212,  11.794,9999.000,9999.000,9999.000,9999.000,9999.000,9999.000,9999.000,9999.000
202602242218,  11.607,9999.000,9999.000,9999.000,9999.000,9999.000,9999.000,9999.000,9999.000
202602242224,  11.409,9999.000,9999.000,9999.000,9999.000,9999.000,9999.000,9999.000,9999.000
202602242230,  11.199,9999.000,9999.000,9999.000,9999.000,9999.000,9999.000,9999.000,9999.000
202602242236,  10.979,9999.000,9999.000,9999.000,9999.000,9999.000,9999.000,9999.000,9999.000
202602242242,  10.749,9999.000,9999.000,9999.000,9999.000,9999.000,9999.000,9999.000,9999.000
202602242248,  10.510,9999.000,9999.000,9999.000,9999.000,9999.000,9999.000,9999.000,9999.000
202602242254,  10.263,9999.000,9999.000,9999.000,9999.000,9999.000,9999.000,9999.000,9999.000
202602242300,  10.008,9999.000,   0.300,   0.441,  10.749,   0.000,  10.449,   0.400,  10.849
202602242306,   9.746,9999.000,9999.000,9999.000,9999.000,9999.000,9999.000,9999.000,9999.000
202602242312,   9.478,9999.000,9999.000,9999.000,9999.000,9999.000,9999.000,9999.000,9999.000
202602242318,   9.205,9999.000,9999.000,9999.000,9999.000,9999.000,9999.000,9999.000,9999.000
202602242324,   8.926,9999.000,9999.000,9999.000,9999.000,9999.000,9999.000,9999.000,9999.000
202602242330,   8.644,9999.000,9999.000,9999.000,9999.000,9999.000,9999.000,9999.000,9999.000
202602242336,   8.359,9999.000,9999.000,9999.000,9999.000,9999.000,9999.000,9999.000,9999.000
202602242342,   8.071,9999.000,9999.000,9999.000,9999.000,9999.000,9999.000,9999.000,9999.000
202602242348,   7.782,9999.000,9999.000,9999.000,9999.000,9999.000,9999.000,9999.000,9999.000
202602242354,   7.491,9999.000,9999.000,9999.000,9999.000,9999.000,9999.000,9999.000,9999.000
202602250000,   7.199,9999.000,   0.300,   0.382,   7.881,   0.000,   7.581,   0.400,   7.981
202602250006,   6.908,9999.000,9999.000,9999.000,9999.000,9999.000,9999.000,9999.000,9999.000
202602250012,   6.617,9999.000,9999.000,9999.000,9999.000,9999.000,9999.000,9999.000,9999.000
202602250018,   6.328,9999.000,9999.000,9999.000,9999.000,9999.000,9999.000,9999.000,9999.000
202602250024,   6.040,9999.000,9999.000,9999.000,9999.000,9999.000,9999.000,9999.000,9999.000
202602250030,   5.755,9999.000,9999.000,9999.000,9999.000,9999.000,9999.000,9999.000,9999.000
202602250036,   5.474,9999.000,9999.000,9999.000,9999.000,9999.000,9999.000,9999.000,9999.000
202602250042,   5.196,9999.000,9999.000,9999.000,9999.000,9999.000,9999.000,9999.000,9999.000
202602250048,   4.923,9999.000,9999.000,9999.000,9999.000,9999.000,9999.000,9999.000,9999.000
202602250054,   4.655,9999.000,9999.000,9999.000,9999.000,9999.000,9999.000,9999.000,9999.000
202602250100,   4.392,9999.000,   0.200,   0.323,   4.915,   0.000,   4.715,   0.400,   5.115
202602250106,   4.135,9999.000,9999.000,9999.000,9999.000,9999.000,9999.000,9999.000,9999.000
202602250112,   3.886,9999.000,9999.000,9999.000,9999.000,9999.000,9999.000,9999.000,9999.000
202602250118,   3.643,9999.000,9999.000,9999.000,9999.000,9999.000,9999.000,9999.000,9999.000
202602250124,   3.409,9999.000,9999.000,9999.000,9999.000,9999.000,9999.000,9999.000,9999.000
202602250130,   3.183,9999.000,9999.000,9999.000,9999.000,9999.000,9999.000,9999.000,9999.000
202602250136,   2.967,9999.000,9999.000,9999.000,9999.000,9999.000,9999.000,9999.000,9999.000
202602250142,   2.760,9999.000,9999.000,9999.000,9999.000,9999.000,9999.000,9999.000,9999.000
202602250148,   2.564,9999.000,9999.000,9999.000,9999.000,9999.000,9999.000,9999.000,9999.000
202602250154,   2.378,9999.000,9999.000,9999.000,9999.000,9999.000,9999.000,9999.000,9999.000
202602250200,   2.204,9999.000,   0.100,   0.265,   2.569,   0.000,   2.469,   0.200,   2.669
202602250206,   2.042,9999.000,9999.000,9999.000,9999.000,9999.000,9999.000,9999.000,9999.000
202602250212,   1.892,9999.000,9999.000,9999.000,9999.000,9999.000,9999.000,9999.000,9999.000
202602250218,   1.756,9999.000,9999.000,9999.000,9999.000,9999.000,9999.000,9999.000,9999.000
202602250224,   1.633,9999.000,9999.000,9999.000,9999.000,9999.000,9999.000,9999.000,9999.000
202602250230,   1.524,9999.000,9999.000,9999.000,9999.000,9999.000,9999.000,9999.000,9999.000
202602250236,   1.429,9999.000,9999.000,9999.000,9999.000,9999.000,9999.000,9999.000,9999.000
202602250242,   1.349,9999.000,9999.000,9999.000,9999.000,9999.000,9999.000,9999.000,9999.000
202602250248,   1.285,9999.000,9999.000,9999.000,9999.000,9999.000,9999.000,9999.000,9999.000
202602250254,   1.235,9999.000,9999.000,9999.000,9999.000,9999.000,9999.000,9999.000,9999.000
202602250300,   1.201,9999.000,   0.000,   0.206,   1.407,  -0.100,   1.307,   0.000,   1.407
202602250306,   1.183,9999.000,9999.000,9999.000,9999.000,9999.000,9999.000,9999.000,9999.000
202602250312,   1.181,9999.000,9999.000,9999.000,9999.000,9999.000,9999.000,9999.000,9999.000
202602250318,   1.195,9999.000,9999.000,9999.000,9999.000,9999.000,9999.000,9999.000,9999.000
202602250324,   1.225,9999.000,9999.000,9999.000,9999.000,9999.000,9999.000,9999.000,9999.000
202602250330,   1.271,9999.000,9999.000,9999.000,9999.000,9999.000,9999.000,9999.000,9999.000
202602250336,   1.332,9999.000,9999.000,9999.000,9999.000,9999.000,9999.000,9999.000,9999.000
202602250342,   1.410,9999.000,9999.000,9999.000,9999.000,9999.000,9999.000,9999.000,9999.000
202602250348,   1.502,9999.000,9999.000,9999.000,9999.000,9999.000,9999.000,9999.000,9999.000
202602250354,   1.610,9999.000,9999.000,9999.000,9999.000,9999.000,9999.000,9999.000,9999.000
202602250400,   1.733,9999.000,  -0.100,   0.148,   1.781,  -0.200,   1.681,   0.000,   1.881
202602250406,   1.870,9999.000,9999.000,9999.000,9999.000,9999.000,9999.000,9999.000,9999.000
202602250412,   2.021,9999.000,9999.000,9999.000,9999.000,9999.000,9999.000,9999.000,9999.000
202602250418,   2.186,9999.000,9999.000,9999.000,9999.000,9999.000,9999.000,9999.000,9999.000
202602250424,   2.364,9999.000,9999.000,9999.000,9999.000,9999.000,9999.000,9999.000,9999.000
202602250430,   2.554,9999.000,9999.000,9999.000,9999.000,9999.000,9999.000,9999.000,9999.000
202602250436,   2.757,9999.000,9999.000,9999.000,9999.000,9999.000,9999.000,9999.000,9999.000
202602250442,   2.971,9999.000,9999.000,9999.000,9999.000,9999.000,9999.000,9999.000,9999.000
202602250448,   3.196,9999.000,9999.000,9999.000,9999.000,9999.000,9999.000,9999.000,9999.000
202602250454,   3.432,9999.000,9999.000,9999.000,9999.000,9999.000,9999.000,9999.000,9999.000
202602250500,   3.677,9999.000,  -0.200,   0.089,   3.566,  -0.300,   3.466,   0.000,   3.766
202602250506,   3.931,9999.000,9999.000,9999.000,9999.000,9999.000,9999.000,9999.000,9999.000
202602250512,   4.193,9999.000,9999.000,9999.000,9999.000,9999.000,9999.000,9999.000,9999.000
202602250518,   4.464,9999.000,9999.000,9999.000,9999.000,9999.000,9999.000,9999.000,9999.000
202602250524,   4.742,9999.000,9999.000,9999.000,9999.000,9999.000,9999.000,9999.000,9999.000
202602250530,   5.026,9999.000,9999.000,9999.000,9999.000,9999.000,9999.000,9999.000,9999.000
202602250536,   5.316,9999.000,9999.000,9999.000,9999.000,9999.000,9999.000,9999.000,9999.000
202602250542,   5.612,9999.000,9999.000,9999.000,9999.000,9999.000,9999.000,9999.000,9999.000
202602250548,   5.912,9999.000,9999.000,9999.000,9999.000,9999.000,9999.000,9999.000,9999.000
202602250554,   6.217,9999.000,9999.000,9999.000,9999.000,9999.000,9999.000,9999.000,9999.000
202602250600,   6.525,9999.000,  -0.200,   0.089,   6.414,  -0.400,   6.214,   0.000,   6.614
202602250606,   6.835,9999.000,9999.000,9999.000,9999.000,9999.000,9999.000,9999.000,9999.000
202602250612,   7.148,9999.000,9999.000,9999.000,9999.000,9999.000,9999.000,9999.000,9999.000
202602250618,   7.463,9999.000,9999.000,9999.000,9999.000,9999.000,9999.000,9999.000,9999.000
202602250624,   7.778,9999.000,9999.000,9999.000,9999.000,9999.000,9999.000,9999.000,9999.000
202602250630,   8.094,9999.000,9999.000,9999.000,9999.000,9999.000,9999.000,9999.000,9999.000
202602250636,   8.409,9999.000,9999.000,9999.000,9999.000,9999.000,9999.000,9999.000,9999.000
202602250642,   8.723,9999.000,9999.000,9999.000,9999.000,9999.000,9999.000,9999.000,9999.000
202602250648,   9.035,9999.000,9999.000,9999.000,9999.000,9999.000,9999.000,9999.000,9999.000
202602250654,   9.345,9999.000,9999.000,9999.000,9999.000,9999.000,9999.000,9999.000,9999.000
202602250700,   9.651,9999.000,  -0.100,   0.089,   9.640,  -0.300,   9.440,   0.000,   9.740
202602250706,   9.953,9999.000,9999.000,9999.000,9999.000,9999.000,9999.000,9999.000,9999.000
202602250712,  10.251,9999.000,9999.000,9999.000,9999.000,9999.000,9999.000,9999.000,9999.000
202602250718,  10.542,9999.000,9999.000,9999.000,9999.000,9999.000,9999.000,9999.000,9999.000
202602250724,  10.828,9999.000,9999.000,9999.000,9999.000,9999.000,9999.000,9999.000,9999.000
202602250730,  11.106,9999.000,9999.000,9999.000,9999.000,9999.000,9999.000,9999.000,9999.000
202602250736,  11.376,9999.000,9999.000,9999.000,9999.000,9999.000,9999.000,9999.000,9999.000
202602250742,  11.637,9999.000,9999.000,9999.000,9999.000,9999.000,9999.000,9999.000,9999.000
202602250748,  11.889,9999.000,9999.000,9999.000,9999.000,9999.000,9999.000,9999.000,9999.000
202602250754,  12.131,9999.000,9999.000,9999.000,9999.000,9999.000,9999.000,9999.000,9999.000
202602250800,  12.362,9999.000,   0.000,   0.089,  12.451,  -0.200,  12.251,   0.100,  12.551
202602250806,  12.581,9999.000,9999.000,9999.000,9999.000,9999.000,9999.000,9999.000,9999.000
202602250812,  12.787,9999.000,9999.000,9999.000,9999.000,9999.000,9999.000,9999.000,9999.000
202602250818,  12.981,9999.000,9999.000,9999.000,9999.000,9999.000,9999.000,9999.000,9999.000
202602250824,  13.160,9999.000,9999.000,9999.000,9999.000,9999.000,9999.000,9999.000,9999.000
202602250830,  13.326,9999.000,9999.000,9999.000,9999.000,9999.000,9999.000,9999.000,9999.000
202602250836,  13.476,9999.000,9999.000,9999.000,9999.000,9999.000,9999.000,9999.000,9999.000
202602250842,  13.611,9999.000,9999.000,9999.000,9999.000,9999.000,9999.000,9999.000,9999.000
202602250848,  13.730,9999.000,9999.000,9999.000,9999.000,9999.000,9999.000,9999.000,9999.000
202602250854,  13.833,9999.000,9999.000,9999.000,9999.000,9999.000,9999.000,9999.000,9999.000
202602250900,  13.919,9999.000,   0.100,   0.089,  14.108,   0.000,  14.008,   0.200,  14.208
202602250906,  13.988,9999.000,9999.000,9999.000,9999.000,9999.000,9999.000,9999.000,9999.000
202602250912,  14.040,9999.000,9999.000,9999.000,9999.000,9999.000,9999.000,9999.000,9999.000
202602250918,  14.074,9999.000,9999.000,9999.000,9999.000,9999.000,9999.000,9999.000,9999.000
202602250924,  14.092,9999.000,9999.000,9999.000,9999.000,9999.000,9999.000,9999.000,9999.000
202602250930,  14.091,9999.000,9999.000,9999.000,9999.000,9999.000,9999.000,9999.000,9999.000
202602250936,  14.073,9999.000,9999.000,9999.000,9999.000,9999.000,9999.000,9999.000,9999.000
202602250942,  14.038,9999.000,9999.000,9999.000,9999.000,9999.000,9999.000,9999.000,9999.000
202602250948,  13.985,9999.000,9999.000,9999.000,9999.000,9999.000,9999.000,9999.000,9999.000
202602250954,  13.916,9999.000,9999.000,9999.000,9999.000,9999.000,9999.000,9999.000,9999.000
202602251000,  13.829,9999.000,   0.300,   0.089,  14.218,   0.100,  14.018,   0.400,  14.318
202602251006,  13.726,9999.000,9999.000,9999.000,9999.000,9999.000,9999.000,9999.000,9999.000
202602251012,  13.607,9999.000,9999.000,9999.000,9999.000,9999.000,9999.000,9999.000,9999.000
202602251018,  13.472,9999.000,9999.000,9999.000,9999.000,9999.000,9999.000,9999.000,9999.000
202602251024,  13.322,9999.000,9999.000,9999.000,9999.000,9999.000,9999.000,9999.000,9999.000
202602251030,  13.157,9999.000,9999.000,9999.000,9999.000,9999.000,9999.000,9999.000,9999.000
202602251036,  12.978,9999.000,9999.000,9999.000,9999.000,9999.000,9999.000,9999.000,9999.000
202602251042,  12.785,9999.000,9999.000,9999.000,9999.000,9999.000,9999.000,9999.000,9999.000
202602251048,  12.579,9999.000,9999.000,9999.000,9999.000,9999.000,9999.000,9999.000,9999.000
202602251054,  12.361,9999.000,9999.000,9999.000,9999.000,9999.000,9999.000,9999.000,9999.000
202602251100,  12.131,9999.000,   0.400,   0.089,  12.620,   0.300,  12.520,   0.500,  12.720
202602251106,  11.890,9999.000,9999.000,9999.000,9999.000,9999.000,9999.000,9999.000,9999.000
202602251112,  11.638,9999.000,9999.000,9999.000,9999.000,9999.000,9999.000,9999.000,9999.000
202602251118,  11.377,9999.000,9999.000,9999.000,9999.000,9999.000,9999.000,9999.000,9999.000
202602251124,  11.107,9999.000,9999.000,9999.000,9999.000,9999.000,9999.000,9999.000,9999.000
202602251130,  10.828,9999.000,9999.000,9999.000,9999.000,9999.000,9999.000,9999.000,9999.000
202602251136,  10.542,9999.000,9999.000,9999.000,9999.000,9999.000,9999.000,9999.000,9999.000
202602251142,  10.249,9999.000,9999.000,9999.000,9999.000,9999.000,9999.000,9999.000,9999.000
202602251148,   9.950,9999.000,9999.000,9999.000,9999.000,9999.000,9999.000,9999.000,9999.000
202602251154,   9.646,9999.000,9999.000,9999.000,9999.000,9999.000,9999.000,9999.000,9999.000
202602251200,   9.337,9999.000,   0.600,   0.089,  10.026,   0.400,   9.826,   0.700,  10.126
202602251206,   9.025,9999.000,9999.000,9999.000,9999.000,9999.000,9999.000,9999.000,9999.000
202602251212,   8.708,9999.000,9999.000,9999.000,9999.000,9999.000,9999.000,9999.000,9999.000
202602251218,   8.390,9999.000,9999.000,9999.000,9999.000,9999.000,9999.000,9999.000,9999.000
202602251224,   8.069,9999.000,9999.000,9999.000,9999.000,9999.000,9999.000,9999.000,9999.000
202602251230,   7.747,9999.000,9999.000,9999.000,9999.000,9999.000,9999.000,9999.000,9999.000
202602251236,   7.425,9999.000,9999.000,9999.000,9999.000,9999.000,9999.000,9999.000,9999.000
202602251242,   7.103,9999.000,9999.000,9999.000,9999.000,9999.000,9999.000,9999.000,9999.000
202602251248,   6.781,9999.000,9999.000,9999.000,9999.000,9999.000,9999.000,9999.000,9999.000
202602251254,   6.461,9999.000,9999.000,9999.000,9999.000,9999.000,9999.000,9999.000,9999.000
202602251300,   6.143,9999.000,   0.600,   0.089,   6.832,   0.500,   6.732,   0.800,   7.032
202602251306,   5.828,9999.000,9999.000,9999.000,9999.000,9999.000,9999.000,9999.000,9999.000
202602251312,   5.515,9999.000,9999.000,9999.000,9999.000,9999.000,9999.000,9999.000,9999.000
202602251318,   5.207,9999.000,9999.000,9999.000,9999.000,9999.000,9999.000,9999.000,9999.000
202602251324,   4.903,9999.000,9999.000,9999.000,9999.000,9999.000,9999.000,9999.000,9999.000
202602251330,   4.605,9999.000,9999.000,9999.000,9999.000,9999.000,9999.000,9999.000,9999.000
202602251336,   4.312,9999.000,9999.000,9999.000,9999.000,9999.000,9999.000,9999.000,9999.000
202602251342,   4.025,9999.000,9999.000,9999.000,9999.000,9999.000,9999.000,9999.000,9999.000
202602251348,   3.746,9999.000,9999.000,9999.000,9999.000,9999.000,9999.000,9999.000,9999.000
202602251354,   3.474,9999.000,9999.000,9999.000,9999.000,9999.000,9999.000,9999.000,9999.000
202602251400,   3.210,9999.000,   0.700,   0.089,   3.999,   0.500,   3.799,   0.800,   4.099
202602251406,   2.956,9999.000,9999.000,9999.000,9999.000,9999.000,9999.000,9999.000,9999.000
202602251412,   2.711,9999.000,9999.000,9999.000,9999.000,9999.000,9999.000,9999.000,9999.000
202602251418,   2.476,9999.000,9999.000,9999.000,9999.000,9999.000,9999.000,9999.000,9999.000
202602251424,   2.251,9999.000,9999.000,9999.000,9999.000,9999.000,9999.000,9999.000,9999.000
202602251430,   2.038,9999.000,9999.000,9999.000,9999.000,9999.000,9999.000,9999.000,9999.000
202602251436,   1.837,9999.000,9999.000,9999.000,9999.000,9999.000,9999.000,9999.000,9999.000
202602251442,   1.649,9999.000,9999.000,9999.000,9999.000,9999.000,9999.000,9999.000,9999.000
202602251448,   1.473,9999.000,9999.000,9999.000,9999.000,9999.000,9999.000,9999.000,9999.000
202602251454,   1.311,9999.000,9999.000,9999.000,9999.000,9999.000,9999.000,9999.000,9999.000
202602251500,   1.163,9999.000,   0.600,   0.089,   1.852,   0.500,   1.752,   0.800,   2.052
202602251506,   1.029,9999.000,9999.000,9999.000,9999.000,9999.000,9999.000,9999.000,9999.000
202602251512,   0.910,9999.000,9999.000,9999.000,9999.000,9999.000,9999.000,9999.000,9999.000
202602251518,   0.806,9999.000,9999.000,9999.000,9999.000,9999.000,9999.000,9999.000,9999.000
202602251524,   0.717,9999.000,9999.000,9999.000,9999.000,9999.000,9999.000,9999.000,9999.000
202602251530,   0.644,9999.000,9999.000,9999.000,9999.000,9999.000,9999.000,9999.000,9999.000
202602251536,   0.586,9999.000,9999.000,9999.000,9999.000,9999.000,9999.000,9999.000,9999.000
202602251542,   0.545,9999.000,9999.000,9999.000,9999.000,9999.000,9999.000,9999.000,9999.000
202602251548,   0.519,9999.000,9999.000,9999.000,9999.000,9999.000,9999.000,9999.000,9999.000
202602251554,   0.509,9999.000,9999.000,9999.000,9999.000,9999.000,9999.000,9999.000,9999.000
202602251600,   0.515,9999.000,   0.600,   0.089,   1.204,   0.500,   1.104,   0.700,   1.304
202602251606,   0.538,9999.000,9999.000,9999.000,9999.000,9999.000,9999.000,9999.000,9999.000
202602251612,   0.575,9999.000,9999.000,9999.000,9999.000,9999.000,9999.000,9999.000,9999.000
202602251618,   0.628,9999.000,9999.000,9999.000,9999.000,9999.000,9999.000,9999.000,9999.000
202602251624,   0.697,9999.000,9999.000,9999.000,9999.000,9999.000,9999.000,9999.000,9999.000
202602251630,   0.780,9999.000,9999.000,9999.000,9999.000,9999.000,9999.000,9999.000,9999.000
202602251636,   0.878,9999.000,9999.000,9999.000,9999.000,9999.000,9999.000,9999.000,9999.000
202602251642,   0.990,9999.000,9999.000,9999.000,9999.000,9999.000,9999.000,9999.000,9999.000
202602251648,   1.115,9999.000,9999.000,9999.000,9999.000,9999.000,9999.000,9999.000,9999.000
202602251654,   1.254,9999.000,9999.000,9999.000,9999.000,9999.000,9999.000,9999.000,9999.000
202602251700,   1.406,9999.000,   0.500,   0.089,   1.995,   0.400,   1.895,   0.600,   2.095
202602251706,   1.570,9999.000,9999.000,9999.000,9999.000,9999.000,9999.000,9999.000,9999.000
202602251712,   1.746,9999.000,9999.000,9999.000,9999.000,9999.000,9999.000,9999.000,9999.000
202602251718,   1.933,9999.000,9999.000,9999.000,9999.000,9999.000,9999.000,9999.000,9999.000
202602251724,   2.131,9999.000,9999.000,9999.000,9999.000,9999.000,9999.000,9999.000,9999.000
202602251730,   2.339,9999.000,9999.000,9999.000,9999.000,9999.000,9999.000,9999.000,9999.000
202602251736,   2.556,9999.000,9999.000,9999.000,9999.000,9999.000,9999.000,9999.000,9999.000
202602251742,   2.783,9999.000,9999.000,9999.000,9999.000,9999.000,9999.000,9999.000,9999.000
202602251748,   3.018,9999.000,9999.000,9999.000,9999.000,9999.000,9999.000,9999.000,9999.000
202602251754,   3.261,9999.000,9999.000,9999.000,9999.000,9999.000,9999.000,9999.000,9999.000
202602251800,   3.512,9999.000,   0.500,   0.089,   4.101,   0.400,   4.001,   0.600,   4.201
202602251806,   3.769,9999.000,9999.000,9999.000,9999.000,9999.000,9999.000,9999.000,9999.000
202602251812,   4.033,9999.000,9999.000,9999.000,9999.000,9999.000,9999.000,9999.000,9999.000
202602251818,   4.302,9999.000,9999.000,9999.000,9999.000,9999.000,9999.000,9999.000,9999.000
202602251824,   4.577,9999.000,9999.000,9999.000,9999.000,9999.000,9999.000,9999.000,9999.000
202602251830,   4.856,9999.000,9999.000,9999.000,9999.000,9999.000,9999.000,9999.000,9999.000
202602251836,   5.140,9999.000,9999.000,9999.000,9999.000,9999.000,9999.000,9999.000,9999.000
202602251842,   5.426,9999.000,9999.000,9999.000,9999.000,9999.000,9999.000,9999.000,9999.000
202602251848,   5.716,9999.000,9999.000,9999.000,9999.000,9999.000,9999.000,9999.000,9999.000
202602251854,   6.008,9999.000,9999.000,9999.000,9999.000,9999.000,9999.000,9999.000,9999.000
202602251900,   6.301,9999.000,   0.500,   0.089,   6.890,   0.400,   6.790,   0.600,   6.990
202602251906,   6.596,9999.000,9999.000,9999.000,9999.000,9999.000,9999.000,9999.000,9999.000
202602251912,   6.891,9999.000,9999.000,9999.000,9999.000,9999.000,9999.000,9999.000,9999.000
202602251918,   7.185,9999.000,9999.000,9999.000,9999.000,9999.000,9999.000,9999.000,9999.000
202602251924,   7.479,9999.000,9999.000,9999.000,9999.000,9999.000,9999.000,9999.000,9999.000
202602251930,   7.771,9999.000,9999.000,9999.000,9999.000,9999.000,9999.000,9999.000,9999.000
202602251936,   8.060,9999.000,9999.000,9999.000,9999.000,9999.000,9999.000,9999.000,9999.000
202602251942,   8.346,9999.000,9999.000,9999.000,9999.000,9999.000,9999.000,9999.000,9999.000
202602251948,   8.629,9999.000,9999.000,9999.000,9999.000,9999.000,9999.000,9999.000,9999.000
202602251954,   8.906,9999.000,9999.000,9999.000,9999.000,9999.000,9999.000,9999.000,9999.000
202602252000,   9.179,9999.000,   0.500,   0.089,   9.768,   0.400,   9.668,   0.600,   9.868
202602252006,   9.445,9999.000,9999.000,9999.000,9999.000,9999.000,9999.000,9999.000,9999.000
202602252012,   9.704,9999.000,9999.000,9999.000,9999.000,9999.000,9999.000,9999.000,9999.000
202602252018,   9.956,9999.000,9999.000,9999.000,9999.000,9999.000,9999.000,9999.000,9999.000
202602252024,  10.199,9999.000,9999.000,9999.000,9999.000,9999.000,9999.000,9999.000,9999.000
202602252030,  10.433,9999.000,9999.000,9999.000,9999.000,9999.000,9999.000,9999.000,9999.000
202602252036,  10.657,9999.000,9999.000,9999.000,9999.000,9999.000,9999.000,9999.000,9999.000
202602252042,  10.871,9999.000,9999.000,9999.000,9999.000,9999.000,9999.000,9999.000,9999.000
202602252048,  11.073,9999.000,9999.000,9999.000,9999.000,9999.000,9999.000,9999.000,9999.000
202602252054,  11.264,9999.000,9999.000,9999.000,9999.000,9999.000,9999.000,9999.000,9999.000
202602252100,  11.442,9999.000,   0.600,   0.089,  12.131,   0.500,  12.031,   0.700,  12.231
202602252106,  11.607,9999.000,9999.000,9999.000,9999.000,9999.000,9999.000,9999.000,9999.000
202602252112,  11.758,9999.000,9999.000,9999.000,9999.000,9999.000,9999.000,9999.000,9999.000
202602252118,  11.896,9999.000,9999.000,9999.000,9999.000,9999.000,9999.000,9999.000,9999.000
202602252124,  12.019,9999.000,9999.000,9999.000,9999.000,9999.000,9999.000,9999.000,9999.000
202602252130,  12.128,9999.000,9999.000,9999.000,9999.000,9999.000,9999.000,9999.000,9999.000
202602252136,  12.221,9999.000,9999.000,9999.000,9999.000,9999.000,9999.000,9999.000,9999.000
202602252142,  12.299,9999.000,9999.000,9999.000,9999.000,9999.000,9999.000,9999.000,9999.000
202602252148,  12.362,9999.000,9999.000,9999.000,9999.000,9999.000,9999.000,9999.000,9999.000
202602252154,  12.409,9999.000,9999.000,9999.000,9999.000,9999.000,9999.000,9999.000,9999.000
202602252200,  12.440,9999.000,   0.700,   0.089,  13.229,   0.600,  13.129,   0.800,  13.329
202602252206,  12.456,9999.000,9999.000,9999.000,9999.000,9999.000,9999.000,9999.000,9999.000
202602252212,  12.456,9999.000,9999.000,9999.000,9999.000,9999.000,9999.000,9999.000,9999.000
202602252218,  12.440,9999.000,9999.000,9999.000,9999.000,9999.000,9999.000,9999.000,9999.000
202602252224,  12.409,9999.000,9999.000,9999.000,9999.000,9999.000,9999.000,9999.000,9999.000
202602252230,  12.363,9999.000,9999.000,9999.000,9999.000,9999.000,9999.000,9999.000,9999.000
202602252236,  12.302,9999.000,9999.000,9999.000,9999.000,9999.000,9999.000,9999.000,9999.000
202602252242,  12.226,9999.000,9999.000,9999.000,9999.000,9999.000,9999.000,9999.000,9999.000
202602252248,  12.136,9999.000,9999.000,9999.000,9999.000,9999.000,9999.000,9999.000,9999.000
202602252254,  12.032,9999.000,9999.000,9999.000,9999.000,9999.000,9999.000,9999.000,9999.000
202602252300,  11.914,9999.000,   0.800,   0.089,  12.803,   0.600,  12.603,   0.900,  12.903
202602252306,  11.783,9999.000,9999.000,9999.000,9999.000,9999.000,9999.000,9999.000,9999.000
202602252312,  11.640,9999.000,9999.000,9999.000,9999.000,9999.000,9999.000,9999.000,9999.000
202602252318,  11.485,9999.000,9999.000,9999.000,9999.000,9999.000,9999.000,9999.000,9999.000
202602252324,  11.318,9999.000,9999.000,9999.000,9999.000,9999.000,9999.000,9999.000,9999.000
202602252330,  11.141,9999.000,9999.000,9999.000,9999.000,9999.000,9999.000,9999.000,9999.000
202602252336,  10.953,9999.000,9999.000,9999.000,9999.000,9999.000,9999.000,9999.000,9999.000
202602252342,  10.755,9999.000,9999.000,9999.000,9999.000,9999.000,9999.000,9999.000,9999.000
202602252348,  10.548,9999.000,9999.000,9999.000,9999.000,9999.000,9999.000,9999.000,9999.000
202602252354,  10.333,9999.000,9999.000,9999.000,9999.000,9999.000,9999.000,9999.000,9999.000
202602260000,  10.110,9999.000,   0.800,   0.089,  10.999,   0.700,  10.899,   0.900,  11.099
202602260006,   9.880,9999.000,9999.000,9999.000,9999.000,9999.000,9999.000,9999.000,9999.000
202602260012,   9.642,9999.000,9999.000,9999.000,9999.000,9999.000,9999.000,9999.000,9999.000
202602260018,   9.399,9999.000,9999.000,9999.000,9999.000,9999.000,9999.000,9999.000,9999.000
202602260024,   9.151,9999.000,9999.000,9999.000,9999.000,9999.000,9999.000,9999.000,9999.000
202602260030,   8.897,9999.000,9999.000,9999.000,9999.000,9999.000,9999.000,9999.000,9999.000
202602260036,   8.640,9999.000,9999.000,9999.000,9999.000,9999.000,9999.000,9999.000,9999.000
202602260042,   8.379,9999.000,9999.000,9999.000,9999.000,9999.000,9999.000,9999.000,9999.000
202602260048,   8.115,9999.000,9999.000,9999.000,9999.000,9999.000,9999.000,9999.000,9999.000
202602260054,   7.848,9999.000,9999.000,9999.000,9999.000,9999.000,9999.000,9999.000,9999.000
202602260100,   7.580,9999.000,   0.800,   0.089,   8.469,   0.600,   8.269,   1.000,   8.669
202602260106,   7.311,9999.000,9999.000,9999.000,9999.000,9999.000,9999.000,9999.000,9999.000
202602260112,   7.040,9999.000,9999.000,9999.000,9999.000,9999.000,9999.000,9999.000,9999.000
202602260118,   6.770,9999.000,9999.000,9999.000,9999.000,9999.000,9999.000,9999.000,9999.000
202602260124,   6.501,9999.000,9999.000,9999.000,9999.000,9999.000,9999.000,9999.000,9999.000
202602260130,   6.232,9999.000,9999.000,9999.000,9999.000,9999.000,9999.000,9999.000,9999.000
202602260136,   5.965,9999.000,9999.000,9999.000,9999.000,9999.000,9999.000,9999.000,9999.000
202602260142,   5.700,9999.000,9999.000,9999.000,9999.000,9999.000,9999.000,9999.000,9999.000
202602260148,   5.439,9999.000,9999.000,9999.000,9999.000,9999.000,9999.000,9999.000,9999.000
202602260154,   5.180,9999.000,9999.000,9999.000,9999.000,9999.000,9999.000,9999.000,9999.000
202602260200,   4.926,9999.000,   0.800,   0.089,   5.815,   0.600,   5.615,   1.000,   6.015
202602260206,   4.676,9999.000,9999.000,9999.000,9999.000,9999.000,9999.000,9999.000,9999.000
202602260212,   4.432,9999.000,9999.000,9999.000,9999.000,9999.000,9999.000,9999.000,9999.000
202602260218,   4.194,9999.000,9999.000,9999.000,9999.000,9999.000,9999.000,9999.000,9999.000
202602260224,   3.962,9999.000,9999.000,9999.000,9999.000,9999.000,9999.000,9999.000,9999.000
202602260230,   3.737,9999.000,9999.000,9999.000,9999.000,9999.000,9999.000,9999.000,9999.000
202602260236,   3.520,9999.000,9999.000,9999.000,9999.000,9999.000,9999.000,9999.000,9999.000
202602260242,   3.311,9999.000,9999.000,9999.000,9999.000,9999.000,9999.000,9999.000,9999.000
202602260248,   3.111,9999.000,9999.000,9999.000,9999.000,9999.000,9999.000,9999.000,9999.000
202602260254,   2.921,9999.000,9999.000,9999.000,9999.000,9999.000,9999.000,9999.000,9999.000
202602260300,   2.741,9999.000,   0.700,   0.089,   3.530,   0.500,   3.330,   0.900,   3.730
202602260306,   2.572,9999.000,9999.000,9999.000,9999.000,9999.000,9999.000,9999.000,9999.000
202602260312,   2.414,9999.000,9999.000,9999.000,9999.000,9999.000,9999.000,9999.000,9999.000
202602260318,   2.268,9999.000,9999.000,9999.000,9999.000,9999.000,9999.000,9999.000,9999.000
202602260324,   2.135,9999.000,9999.000,9999.000,9999.000,9999.000,9999.000,9999.000,9999.000
202602260330,   2.014,9999.000,9999.000,9999.000,9999.000,9999.000,9999.000,9999.000,9999.000
202602260336,   1.907,9999.000,9999.000,9999.000,9999.000,9999.000,9999.000,9999.000,9999.000
202602260342,   1.813,9999.000,9999.000,9999.000,9999.000,9999.000,9999.000,9999.000,9999.000
202602260348,   1.733,9999.000,9999.000,9999.000,9999.000,9999.000,9999.000,9999.000,9999.000
202602260354,   1.668,9999.000,9999.000,9999.000,9999.000,9999.000,9999.000,9999.000,9999.000
202602260400,   1.617,9999.000,   0.500,   0.089,   2.206,   0.400,   2.106,   0.800,   2.506
202602260406,   1.581,9999.000,9999.000,9999.000,9999.000,9999.000,9999.000,9999.000,9999.000
202602260412,   1.560,9999.000,9999.000,9999.000,9999.000,9999.000,9999.000,9999.000,9999.000
202602260418,   1.553,9999.000,9999.000,9999.000,9999.000,9999.000,9999.000,9999.000,9999.000
202602260424,   1.562,9999.000,9999.000,9999.000,9999.000,9999.000,9999.000,9999.000,9999.000
202602260430,   1.586,9999.000,9999.000,9999.000,9999.000,9999.000,9999.000,9999.000,9999.000
202602260436,   1.625,9999.000,9999.000,9999.000,9999.000,9999.000,9999.000,9999.000,9999.000
202602260442,   1.678,9999.000,9999.000,9999.000,9999.000,9999.000,9999.000,9999.000,9999.000
202602260448,   1.746,9999.000,9999.000,9999.000,9999.000,9999.000,9999.000,9999.000,9999.000
202602260454,   1.829,9999.000,9999.000,9999.000,9999.000,9999.000,9999.000,9999.000,9999.000
202602260500,   1.925,9999.000,   0.400,   0.089,   2.414,   0.200,   2.214,   0.600,   2.614
202602260506,   2.035,9999.000,9999.000,9999.000,9999.000,9999.000,9999.000,9999.000,9999.000
202602260512,   2.159,9999.000,9999.000,9999.000,9999.000,9999.000,9999.000,9999.000,9999.000
202602260518,   2.296,9999.000,9999.000,9999.000,9999.000,9999.000,9999.000,9999.000,9999.000
202602260524,   2.446,9999.000,9999.000,9999.000,9999.000,9999.000,9999.000,9999.000,9999.000
202602260530,   2.607,9999.000,9999.000,9999.000,9999.000,9999.000,9999.000,9999.000,9999.000
202602260536,   2.781,9999.000,9999.000,9999.000,9999.000,9999.000,9999.000,9999.000,9999.000
202602260542,   2.966,9999.000,9999.000,9999.000,9999.000,9999.000,9999.000,9999.000,9999.000
202602260548,   3.161,9999.000,9999.000,9999.000,9999.000,9999.000,9999.000,9999.000,9999.000
202602260554,   3.367,9999.000,9999.000,9999.000,9999.000,9999.000,9999.000,9999.000,9999.000
202602260600,   3.583,9999.000,   0.300,   0.089,   3.972,   0.100,   3.772,   0.500,   4.172
202602260606,   3.809,9999.000,9999.000,9999.000,9999.000,9999.000,9999.000,9999.000,9999.000
202602260612,   4.043,9999.000,9999.000,9999.000,9999.000,9999.000,9999.000,9999.000,9999.000
202602260618,   4.285,9999.000,9999.000,9999.000,9999.000,9999.000,9999.000,9999.000,9999.000
202602260624,   4.536,9999.000,9999.000,9999.000,9999.000,9999.000,9999.000,9999.000,9999.000
202602260630,   4.794,9999.000,9999.000,9999.000,9999.000,9999.000,9999.000,9999.000,9999.000
202602260636,   5.058,9999.000,9999.000,9999.000,9999.000,9999.000,9999.000,9999.000,9999.000
202602260642,   5.329,9999.000,9999.000,9999.000,9999.000,9999.000,9999.000,9999.000,9999.000
202602260648,   5.606,9999.000,9999.000,9999.000,9999.000,9999.000,9999.000,9999.000,9999.000
202602260654,   5.887,9999.000,9999.000,9999.000,9999.000,9999.000,9999.000,9999.000,9999.000
202602260700,   6.174,9999.000,   0.200,   0.089,   6.463,   0.100,   6.363,   0.400,   6.663
202602260706,   6.464,9999.000,9999.000,9999.000,9999.000,9999.000,9999.000,9999.000,9999.000
202602260712,   6.758,9999.000,9999.000,9999.000,9999.000,9999.000,9999.000,9999.000,9999.000
202602260718,   7.055,9999.000,9999.000,9999.000,9999.000,9999.000,9999.000,9999.000,9999.000
202602260724,   7.355,9999.000,9999.000,9999.000,9999.000,9999.000,9999.000,9999.000,9999.000
202602260730,   7.656,9999.000,9999.000,9999.000,9999.000,9999.000,9999.000,9999.000,9999.000
202602260736,   7.958,9999.000,9999.000,9999.000,9999.000,9999.000,9999.000,9999.000,9999.000
202602260742,   8.260,9999.000,9999.000,9999.000,9999.000,9999.000,9999.000,9999.000,9999.000
202602260748,   8.562,9999.000,9999.000,9999.000,9999.000,9999.000,9999.000,9999.000,9999.000
202602260754,   8.863,9999.000,9999.000,9999.000,9999.000,9999.000,9999.000,9999.000,9999.000
202602260800,   9.163,9999.000,   0.200,   0.089,   9.452,   0.100,   9.352,   0.300,   9.552
202602260806,   9.459,9999.000,9999.000,9999.000,9999.000,9999.000,9999.000,9999.000,9999.000
202602260812,   9.753,9999.000,9999.000,9999.000,9999.000,9999.000,9999.000,9999.000,9999.000
202602260818,  10.042,9999.000,9999.000,9999.000,9999.000,9999.000,9999.000,9999.000,9999.000
202602260824,  10.327,9999.000,9999.000,9999.000,9999.000,9999.000,9999.000,9999.000,9999.000
202602260830,  10.605,9999.000,9999.000,9999.000,9999.000,9999.000,9999.000,9999.000,9999.000
202602260836,  10.877,9999.000,9999.000,9999.000,9999.000,9999.000,9999.000,9999.000,9999.000
202602260842,  11.142,9999.000,9999.000,9999.000,9999.000,9999.000,9999.000,9999.000,9999.000
202602260848,  11.399,9999.000,9999.000,9999.000,9999.000,9999.000,9999.000,9999.000,9999.000
202602260854,  11.647,9999.000,9999.000,9999.000,9999.000,9999.000,9999.000,9999.000,9999.000
202602260900,  11.885,9999.000,   0.200,   0.089,  12.174,   0.100,  12.074,   0.300,  12.274
202602260906,  12.113,9999.000,9999.000,9999.000,9999.000,9999.000,9999.000,9999.000,9999.000
202602260912,  12.330,9999.000,9999.000,9999.000,9999.000,9999.000,9999.000,9999.000,9999.000
202602260918,  12.535,9999.000,9999.000,9999.000,9999.000,9999.000,9999.000,9999.000,9999.000
202602260924,  12.727,9999.000,9999.000,9999.000,9999.000,9999.000,9999.000,9999.000,9999.000
202602260930,  12.906,9999.000,9999.000,9999.000,9999.000,9999.000,9999.000,9999.000,9999.000
202602260936,  13.071,9999.000,9999.000,9999.000,9999.000,9999.000,9999.000,9999.000,9999.000
202602260942,  13.222,9999.000,9999.000,9999.000,9999.000,9999.000,9999.000,9999.000,9999.000
202602260948,  13.358,9999.000,9999.000,9999.000,9999.000,9999.000,9999.000,9999.000,9999.000
202602260954,  13.479,9999.000,9999.000,9999.000,9999.000,9999.000,9999.000,9999.000,9999.000
202602261000,  13.585,9999.000,   0.200,   0.089,  13.874,   0.100,  13.774,   0.300,  13.974
202602261006,  13.674,9999.000,9999.000,9999.000,9999.000,9999.000,9999.000,9999.000,9999.000
202602261012,  13.748,9999.000,9999.000,9999.000,9999.000,9999.000,9999.000,9999.000,9999.000
202602261018,  13.804,9999.000,9999.000,9999.000,9999.000,9999.000,9999.000,9999.000,9999.000
202602261024,  13.845,9999.000,9999.000,9999.000,9999.000,9999.000,9999.000,9999.000,9999.000
202602261030,  13.868,9999.000,9999.000,9999.000,9999.000,9999.000,9999.000,9999.000,9999.000
202602261036,  13.875,9999.000,9999.000,9999.000,9999.000,9999.000,9999.000,9999.000,9999.000
202602261042,  13.865,9999.000,9999.000,9999.000,9999.000,9999.000,9999.000,9999.000,9999.000
202602261048,  13.839,9999.000,9999.000,9999.000,9999.000,9999.000,9999.000,9999.000,9999.000
202602261054,  13.796,9999.000,9999.000,9999.000,9999.000,9999.000,9999.000,9999.000,9999.000
202602261100,  13.737,9999.000,   0.300,   0.089,  14.126,   0.200,  14.026,   0.400,  14.226
202602261106,  13.662,9999.000,9999.000,9999.000,9999.000,9999.000,9999.000,9999.000,9999.000
202602261112,  13.571,9999.000,9999.000,9999.000,9999.000,9999.000,9999.000,9999.000,9999.000
202602261118,  13.465,9999.000,9999.000,9999.000,9999.000,9999.000,9999.000,9999.000,9999.000
202602261124,  13.343,9999.000,9999.000,9999.000,9999.000,9999.000,9999.000,9999.000,9999.000
202602261130,  13.208,9999.000,9999.000,9999.000,9999.000,9999.000,9999.000,9999.000,9999.000
202602261136,  13.058,9999.000,9999.000,9999.000,9999.000,9999.000,9999.000,9999.000,9999.000
202602261142,  12.894,9999.000,9999.000,9999.000,9999.000,9999.000,9999.000,9999.000,9999.000
202602261148,  12.717,9999.000,9999.000,9999.000,9999.000,9999.000,9999.000,9999.000,9999.000
202602261154,  12.528,9999.000,9999.000,9999.000,9999.000,9999.000,9999.000,9999.000,9999.000
202602261200,  12.326,9999.000,   0.400,   0.089,  12.815,   0.200,  12.615,   0.500,  12.915
202602261206,  12.113,9999.000,9999.000,9999.000,9999.000,9999.000,9999.000,9999.000,9999.000
202602261212,  11.889,9999.000,9999.000,9999.000,9999.000,9999.000,9999.000,9999.000,9999.000
202602261218,  11.655,9999.000,9999.000,9999.000,9999.000,9999.000,9999.000,9999.000,9999.000
202602261224,  11.412,9999.000,9999.000,9999.000,9999.000,9999.000,9999.000,9999.000,9999.000
202602261230,  11.159,9999.000,9999.000,9999.000,9999.000,9999.000,9999.000,9999.000,9999.000
202602261236,  10.898,9999.000,9999.000,9999.000,9999.000,9999.000,9999.000,9999.000,9999.000
202602261242,  10.629,9999.000,9999.000,9999.000,9999.000,9999.000,9999.000,9999.000,9999.000
202602261248,  10.353,9999.000,9999.000,9999.000,9999.000,9999.000,9999.000,9999.000,9999.000
202602261254,  10.070,9999.000,9999.000,9999.000,9999.000,9999.000,9999.000,9999.000,9999.000
202602261300,   9.782,9999.000,   0.400,   0.089,  10.271,   0.200,  10.071,   0.600,  10.471
202602261306,   9.488,9999.000,9999.000,9999.000,9999.000,9999.000,9999.000,9999.000,9999.000
202602261312,   9.190,9999.000,9999.000,9999.000,9999.000,9999.000,9999.000,9999.000,9999.000
202602261318,   8.887,9999.000,9999.000,9999.000,9999.000,9999.000,9999.000,9999.000,9999.000
202602261324,   8.582,9999.000,9999.000,9999.000,9999.000,9999.000,9999.000,9999.000,9999.000
202602261330,   8.273,9999.000,9999.000,9999.000,9999.000,9999.000,9999.000,9999.000,9999.000
202602261336,   7.963,9999.000,9999.000,9999.000,9999.000,9999.000,9999.000,9999.000,9999.000
202602261342,   7.650,9999.000,9999.000,9999.000,9999.000,9999.000,9999.000,9999.000,9999.000
202602261348,   7.337,9999.000,9999.000,9999.000,9999.000,9999.000,9999.000,9999.000,9999.000
202602261354,   7.024,9999.000,9999.000,9999.000,9999.000,9999.000,9999.000,9999.000,9999.000
202602261400,   6.711,9999.000,   0.400,   0.089,   7.200,   0.200,   7.000,   0.500,   7.300
202602261406,   6.399,9999.000,9999.000,9999.000,9999.000,9999.000,9999.000,9999.000,9999.000
202602261412,   6.088,9999.000,9999.000,9999.000,9999.000,9999.000,9999.000,9999.000,9999.000
202602261418,   5.780,9999.000,9999.000,9999.000,9999.000,9999.000,9999.000,9999.000,9999.000
202602261424,   5.475,9999.000,9999.000,9999.000,9999.000,9999.000,9999.000,9999.000,9999.000
202602261430,   5.173,9999.000,9999.000,9999.000,9999.000,9999.000,9999.000,9999.000,9999.000
202602261436,   4.876,9999.000,9999.000,9999.000,9999.000,9999.000,9999.000,9999.000,9999.000
202602261442,   4.583,9999.000,9999.000,9999.000,9999.000,9999.000,9999.000,9999.000,9999.000
202602261448,   4.296,9999.000,9999.000,9999.000,9999.000,9999.000,9999.000,9999.000,9999.000
202602261454,   4.015,9999.000,9999.000,9999.000,9999.000,9999.000,9999.000,9999.000,9999.000
202602261500,   3.741,9999.000,   0.300,   0.089,   4.130,   0.100,   3.930,   0.500,   4.330
202602261506,   3.475,9999.000,9999.000,9999.000,9999.000,9999.000,9999.000,9999.000,9999.000
202602261512,   3.216,9999.000,9999.000,9999.000,9999.000,9999.000,9999.000,9999.000,9999.000
202602261518,   2.967,9999.000,9999.000,9999.000,9999.000,9999.000,9999.000,9999.000,9999.000
202602261524,   2.728,9999.000,9999.000,9999.000,9999.000,9999.000,9999.000,9999.000,9999.000
202602261530,   2.498,9999.000,9999.000,9999.000,9999.000,9999.000,9999.000,9999.000,9999.000
202602261536,   2.280,9999.000,9999.000,9999.000,9999.000,9999.000,9999.000,9999.000,9999.000
202602261542,   2.073,9999.000,9999.000,9999.000,9999.000,9999.000,9999.000,9999.000,9999.000
202602261548,   1.877,9999.000,9999.000,9999.000,9999.000,9999.000,9999.000,9999.000,9999.000
202602261554,   1.695,9999.000,9999.000,9999.000,9999.000,9999.000,9999.000,9999.000,9999.000
202602261600,   1.525,9999.000,   0.200,   0.089,   1.814,   0.000,   1.614,   0.400,   2.014
202602261606,   1.369,9999.000,9999.000,9999.000,9999.000,9999.000,9999.000,9999.000,9999.000
202602261612,   1.227,9999.000,9999.000,9999.000,9999.000,9999.000,9999.000,9999.000,9999.000
202602261618,   1.099,9999.000,9999.000,9999.000,9999.000,9999.000,9999.000,9999.000,9999.000
202602261624,   0.986,9999.000,9999.000,9999.000,9999.000,9999.000,9999.000,9999.000,9999.000
202602261630,   0.888,9999.000,9999.000,9999.000,9999.000,9999.000,9999.000,9999.000,9999.000
202602261636,   0.804,9999.000,9999.000,9999.000,9999.000,9999.000,9999.000,9999.000,9999.000
202602261642,   0.736,9999.000,9999.000,9999.000,9999.000,9999.000,9999.000,9999.000,9999.000
202602261648,   0.683,9999.000,9999.000,9999.000,9999.000,9999.000,9999.000,9999.000,9999.000
202602261654,   0.646,9999.000,9999.000,9999.000,9999.000,9999.000,9999.000,9999.000,9999.000
202602261700,   0.624,9999.000,   0.100,   0.089,   0.813,  -0.100,   0.613,   0.300,   1.013
202602261706,   0.617,9999.000,9999.000,9999.000,9999.000,9999.000,9999.000,9999.000,9999.000
202602261712,   0.626,9999.000,9999.000,9999.000,9999.000,9999.000,9999.000,9999.000,9999.000
202602261718,   0.649,9999.000,9999.000,9999.000,9999.000,9999.000,9999.000,9999.000,9999.000
202602261724,   0.688,9999.000,9999.000,9999.000,9999.000,9999.000,9999.000,9999.000,9999.000
202602261730,   0.741,9999.000,9999.000,9999.000,9999.000,9999.000,9999.000,9999.000,9999.000
202602261736,   0.808,9999.000,9999.000,9999.000,9999.000,9999.000,9999.000,9999.000,9999.000
202602261742,   0.889,9999.000,9999.000,9999.000,9999.000,9999.000,9999.000,9999.000,9999.000
202602261748,   0.984,9999.000,9999.000,9999.000,9999.000,9999.000,9999.000,9999.000,9999.000
202602261754,   1.093,9999.000,9999.000,9999.000,9999.000,9999.000,9999.000,9999.000,9999.000
202602261800,   1.214,9999.000,   0.000,   0.089,   1.303,  -0.300,   1.003,   0.200,   1.503
202602261806,   1.348,9999.000,9999.000,9999.000,9999.000,9999.000,9999.000,9999.000,9999.000
202602261812,   1.494,9999.000,9999.000,9999.000,9999.000,9999.000,9999.000,9999.000,9999.000
202602261818,   1.652,9999.000,9999.000,9999.000,9999.000,9999.000,9999.000,9999.000,9999.000
202602261824,   1.821,9999.000,9999.000,9999.000,9999.000,9999.000,9999.000,9999.000,9999.000
202602261830,   2.001,9999.000,9999.000,9999.000,9999.000,9999.000,9999.000,9999.000,9999.000
202602261836,   2.191,9999.000,9999.000,9999.000,9999.000,9999.000,9999.000,9999.000,9999.000
202602261842,   2.391,9999.000,9999.000,9999.000,9999.000,9999.000,9999.000,9999.000,9999.000
202602261848,   2.601,9999.000,9999.000,9999.000,9999.000,9999.000,9999.000,9999.000,9999.000
202602261854,   2.820,9999.000,9999.000,9999.000,9999.000,9999.000,9999.000,9999.000,9999.000
202602261900,   3.048,9999.000,  -0.100,   0.089,   3.037,  -0.400,   2.737,   0.100,   3.237
202602261906,   3.284,9999.000,9999.000,9999.000,9999.000,9999.000,9999.000,9999.000,9999.000
202602261912,   3.527,9999.000,9999.000,9999.000,9999.000,9999.000,9999.000,9999.000,9999.000
202602261918,   3.778,9999.000,9999.000,9999.000,9999.000,9999.000,9999.000,9999.000,9999.000
202602261924,   4.035,9999.000,9999.000,9999.000,9999.000,9999.000,9999.000,9999.000,9999.000
202602261930,   4.299,9999.000,9999.000,9999.000,9999.000,9999.000,9999.000,9999.000,9999.000
202602261936,   4.568,9999.000,9999.000,9999.000,9999.000,9999.000,9999.000,9999.000,9999.000
202602261942,   4.843,9999.000,9999.000,9999.000,9999.000,9999.000,9999.000,9999.000,9999.000
202602261948,   5.122,9999.000,9999.000,9999.000,9999.000,9999.000,9999.000,9999.000,9999.000
202602261954,   5.405,9999.000,9999.000,9999.000,9999.000,9999.000,9999.000,9999.000,9999.000
202602262000,   5.692,9999.000,  -0.200,   0.089,   5.581,  -0.500,   5.281,   0.000,   5.781
202602262006,   5.981,9999.000,9999.000,9999.000,9999.000,9999.000,9999.000,9999.000,9999.000
202602262012,   6.273,9999.000,9999.000,9999.000,9999.000,9999.000,9999.000,9999.000,9999.000
202602262018,   6.565,9999.000,9999.000,9999.000,9999.000,9999.000,9999.000,9999.000,9999.000
202602262024,   6.859,9999.000,9999.000,9999.000,9999.000,9999.000,9999.000,9999.000,9999.000
202602262030,   7.153,9999.000,9999.000,9999.000,9999.000,9999.000,9999.000,9999.000,9999.000
202602262036,   7.446,9999.000,9999.000,9999.000,9999.000,9999.000,9999.000,9999.000,9999.000
202602262042,   7.737,9999.000,9999.000,9999.000,9999.000,9999.000,9999.000,9999.000,9999.000
202602262048,   8.026,9999.000,9999.000,9999.000,9999.000,9999.000,9999.000,9999.000,9999.000
202602262054,   8.312,9999.000,9999.000,9999.000,9999.000,9999.000,9999.000,9999.000,9999.000
202602262100,   8.595,9999.000,  -0.200,   0.089,   8.484,  -0.400,   8.284,   0.000,   8.684
202602262106,   8.872,9999.000,9999.000,9999.000,9999.000,9999.000,9999.000,9999.000,9999.000
202602262112,   9.144,9999.000,9999.000,9999.000,9999.000,9999.000,9999.000,9999.000,9999.000
202602262118,   9.410,9999.000,9999.000,9999.000,9999.000,9999.000,9999.000,9999.000,9999.000
202602262124,   9.668,9999.000,9999.000,9999.000,9999.000,9999.000,9999.000,9999.000,9999.000
202602262130,   9.919,9999.000,9999.000,9999.000,9999.000,9999.000,9999.000,9999.000,9999.000
202602262136,  10.161,9999.000,9999.000,9999.000,9999.000,9999.000,9999.000,9999.000,9999.000
202602262142,  10.394,9999.000,9999.000,9999.000,9999.000,9999.000,9999.000,9999.000,9999.000
202602262148,  10.616,9999.000,9999.000,9999.000,9999.000,9999.000,9999.000,9999.000,9999.000
202602262154,  10.828,9999.000,9999.000,9999.000,9999.000,9999.000,9999.000,9999.000,9999.000
202602262200,  11.028,9999.000,  -0.200,   0.089,  10.917,  -0.400,  10.717,   0.000,  11.117
202602262206,  11.217,9999.000,9999.000,9999.000,9999.000,9999.000,9999.000,9999.000,9999.000
202602262212,  11.392,9999.000,9999.000,9999.000,9999.000,9999.000,9999.000,9999.000,9999.000
202602262218,  11.555,9999.000,9999.000,9999.000,9999.000,9999.000,9999.000,9999.000,9999.000
202602262224,  11.704,9999.000,9999.000,9999.000,9999.000,9999.000,9999.000,9999.000,9999.000
202602262230,  11.839,9999.000,9999.000,9999.000,9999.000,9999.000,9999.000,9999.000,9999.000
202602262236,  11.960,9999.000,9999.000,9999.000,9999.000,9999.000,9999.000,9999.000,9999.000
202602262242,  12.066,9999.000,9999.000,9999.000,9999.000,9999.000,9999.000,9999.000,9999.000
202602262248,  12.157,9999.000,9999.000,9999.000,9999.000,9999.000,9999.000,9999.000,9999.000
202602262254,  12.233,9999.000,9999.000,9999.000,9999.000,9999.000,9999.000,9999.000,9999.000
202602262300,  12.294,9999.000,  -0.100,   0.089,  12.283,  -0.300,  12.083,   0.000,  12.383
202602262306,  12.339,9999.000,9999.000,9999.000,9999.000,9999.000,9999.000,9999.000,9999.000
202602262312,  12.369,9999.000,9999.000,9999.000,9999.000,9999.000,9999.000,9999.000,9999.000
202602262318,  12.384,9999.000,9999.000,9999.000,9999.000,9999.000,9999.000,9999.000,9999.000
202602262324,  12.384,9999.000,9999.000,9999.000,9999.000,9999.000,9999.000,9999.000,9999.000
202602262330,  12.368,9999.000,9999.000,9999.000,9999.000,9999.000,9999.000,9999.000,9999.000
202602262336,  12.338,9999.000,9999.000,9999.000,9999.000,9999.000,9999.000,9999.000,9999.000
202602262342,  12.293,9999.000,9999.000,9999.000,9999.000,9999.000,9999.000,9999.000,9999.000
202602262348,  12.234,9999.000,9999.000,9999.000,9999.000,9999.000,9999.000,9999.000,9999.000
202602262354,  12.160,9999.000,9999.000,9999.000,9999.000,9999.000,9999.000,9999.000,9999.000
202602270000,  12.073,9999.000,   0.000,   0.089,  12.162,  -0.300,  11.862,   0.100,  12.262
202602270006,  11.972,9999.000,9999.000,9999.000,9999.000,9999.000,9999.000,9999.000,9999.000
202602270012,  11.858,9999.000,9999.000,9999.000,9999.000,9999.000,9999.000,9999.000,9999.000
202602270018,  11.732,9999.000,9999.000,9999.000,9999.000,9999.000,9999.000,9999.000,9999.000
202602270024,  11.594,9999.000,9999.000,9999.000,9999.000,9999.000,9999.000,9999.000,9999.000
202602270030,  11.443,9999.000,9999.000,9999.000,9999.000,9999.000,9999.000,9999.000,9999.000
202602270036,  11.282,9999.000,9999.000,9999.000,9999.000,9999.000,9999.000,9999.000,9999.000
202602270042,  11.110,9999.000,9999.000,9999.000,9999.000,9999.000,9999.000,9999.000,9999.000
202602270048,  10.928,9999.000,9999.000,9999.000,9999.000,9999.000,9999.000,9999.000,9999.000
202602270054,  10.737,9999.000,9999.000,9999.000,9999.000,9999.000,9999.000,9999.000,9999.000
202602270100,  10.536,9999.000,   0.000,   0.089,  10.625,  -0.100,  10.525,   0.200,  10.825
202602270106,  10.327,9999.000,9999.000,9999.000,9999.000,9999.000,9999.000,9999.000,9999.000
202602270112,  10.109,9999.000,9999.000,9999.000,9999.000,9999.000,9999.000,9999.000,9999.000
202602270118,   9.884,9999.000,9999.000,9999.000,9999.000,9999.000,9999.000,9999.000,9999.000
202602270124,   9.653,9999.000,9999.000,9999.000,9999.000,9999.000,9999.000,9999.000,9999.000
202602270130,   9.415,9999.000,9999.000,9999.000,9999.000,9999.000,9999.000,9999.000,9999.000
202602270136,   9.171,9999.000,9999.000,9999.000,9999.000,9999.000,9999.000,9999.000,9999.000
202602270142,   8.922,9999.000,9999.000,9999.000,9999.000,9999.000,9999.000,9999.000,9999.000
202602270148,   8.668,9999.000,9999.000,9999.000,9999.000,9999.000,9999.000,9999.000,9999.000
202602270154,   8.410,9999.000,9999.000,9999.000,9999.000,9999.000,9999.000,9999.000,9999.000
202602270200,   8.149,9999.000,   0.100,   0.089,   8.338,  -0.100,   8.138,   0.300,   8.538
202602270206,   7.884,9999.000,9999.000,9999.000,9999.000,9999.000,9999.000,9999.000,9999.000
202602270212,   7.618,9999.000,9999.000,9999.000,9999.000,9999.000,9999.000,9999.000,9999.000
202602270218,   7.349,9999.000,9999.000,9999.000,9999.000,9999.000,9999.000,9999.000,9999.000
202602270224,   7.079,9999.000,9999.000,9999.000,9999.000,9999.000,9999.000,9999.000,9999.000
202602270230,   6.808,9999.000,9999.000,9999.000,9999.000,9999.000,9999.000,9999.000,9999.000
202602270236,   6.537,9999.000,9999.000,9999.000,9999.000,9999.000,9999.000,9999.000,9999.000
202602270242,   6.267,9999.000,9999.000,9999.000,9999.000,9999.000,9999.000,9999.000,9999.000
202602270248,   5.998,9999.000,9999.000,9999.000,9999.000,9999.000,9999.000,9999.000,9999.000
202602270254,   5.731,9999.000,9999.000,9999.000,9999.000,9999.000,9999.000,9999.000,9999.000
202602270300,   5.466,9999.000,   0.100,   0.089,   5.655,  -0.100,   5.455,   0.300,   5.855
202602270306,   5.205,9999.000,9999.000,9999.000,9999.000,9999.000,9999.000,9999.000,9999.000
202602270312,   4.947,9999.000,9999.000,9999.000,9999.000,9999.000,9999.000,9999.000,9999.000
202602270318,   4.694,9999.000,9999.000,9999.000,9999.000,9999.000,9999.000,9999.000,9999.000
202602270324,   4.446,9999.000,9999.000,9999.000,9999.000,9999.000,9999.000,9999.000,9999.000
202602270330,   4.204,9999.000,9999.000,9999.000,9999.000,9999.000,9999.000,9999.000,9999.000
202602270336,   3.969,9999.000,9999.000,9999.000,9999.000,9999.000,9999.000,9999.000,9999.000
202602270342,   3.741,9999.000,9999.000,9999.000,9999.000,9999.000,9999.000,9999.000,9999.000
202602270348,   3.521,9999.000,9999.000,9999.000,9999.000,9999.000,9999.000,9999.000,9999.000
202602270354,   3.309,9999.000,9999.000,9999.000,9999.000,9999.000,9999.000,9999.000,9999.000
202602270400,   3.107,9999.000,   0.100,   0.089,   3.296,  -0.100,   3.096,   0.300,   3.496
202602270406,   2.915,9999.000,9999.000,9999.000,9999.000,9999.000,9999.000,9999.000,9999.000
202602270412,   2.734,9999.000,9999.000,9999.000,9999.000,9999.000,9999.000,9999.000,9999.000
202602270418,   2.563,9999.000,9999.000,9999.000,9999.000,9999.000,9999.000,9999.000,9999.000
202602270424,   2.405,9999.000,9999.000,9999.000,9999.000,9999.000,9999.000,9999.000,9999.000
202602270430,   2.258,9999.000,9999.000,9999.000,9999.000,9999.000,9999.000,9999.000,9999.000
202602270436,   2.125,9999.000,9999.000,9999.000,9999.000,9999.000,9999.000,9999.000,9999.000
202602270442,   2.005,9999.000,9999.000,9999.000,9999.000,9999.000,9999.000,9999.000,9999.000
202602270448,   1.898,9999.000,9999.000,9999.000,9999.000,9999.000,9999.000,9999.000,9999.000
202602270454,   1.805,9999.000,9999.000,9999.000,9999.000,9999.000,9999.000,9999.000,9999.000
202602270500,   1.726,9999.000,   0.100,   0.089,   1.915,  -0.200,   1.615,   0.300,   2.115
202602270506,   1.662,9999.000,9999.000,9999.000,9999.000,9999.000,9999.000,9999.000,9999.000
202602270512,   1.613,9999.000,9999.000,9999.000,9999.000,9999.000,9999.000,9999.000,9999.000
202602270518,   1.578,9999.000,9999.000,9999.000,9999.000,9999.000,9999.000,9999.000,9999.000
202602270524,   1.558,9999.000,9999.000,9999.000,9999.000,9999.000,9999.000,9999.000,9999.000
202602270530,   1.553,9999.000,9999.000,9999.000,9999.000,9999.000,9999.000,9999.000,9999.000
202602270536,   1.563,9999.000,9999.000,9999.000,9999.000,9999.000,9999.000,9999.000,9999.000
202602270542,   1.587,9999.000,9999.000,9999.000,9999.000,9999.000,9999.000,9999.000,9999.000
202602270548,   1.627,9999.000,9999.000,9999.000,9999.000,9999.000,9999.000,9999.000,9999.000
202602270554,   1.680,9999.000,9999.000,9999.000,9999.000,9999.000,9999.000,9999.000,9999.000
202602270600,   1.748,9999.000,   0.000,   0.089,   1.837,  -0.300,   1.537,   0.300,   2.137
202602270606,   1.830,9999.000,9999.000,9999.000,9999.000,9999.000,9999.000,9999.000,9999.000
202602270612,   1.926,9999.000,9999.000,9999.000,9999.000,9999.000,9999.000,9999.000,9999.000
202602270618,   2.035,9999.000,9999.000,9999.000,9999.000,9999.000,9999.000,9999.000,9999.000
202602270624,   2.158,9999.000,9999.000,9999.000,9999.000,9999.000,9999.000,9999.000,9999.000
202602270630,   2.293,9999.000,9999.000,9999.000,9999.000,9999.000,9999.000,9999.000,9999.000
202602270636,   2.441,9999.000,9999.000,9999.000,9999.000,9999.000,9999.000,9999.000,9999.000
202602270642,   2.601,9999.000,9999.000,9999.000,9999.000,9999.000,9999.000,9999.000,9999.000
202602270648,   2.773,9999.000,9999.000,9999.000,9999.000,9999.000,9999.000,9999.000,9999.000
202602270654,   2.956,9999.000,9999.000,9999.000,9999.000,9999.000,9999.000,9999.000,9999.000
202602270700,   3.150,9999.000,   0.000,   0.089,   3.239,  -0.300,   2.939,   0.200,   3.439
202602270706,   3.354,9999.000,9999.000,9999.000,9999.000,9999.000,9999.000,9999.000,9999.000
202602270712,   3.569,9999.000,9999.000,9999.000,9999.000,9999.000,9999.000,9999.000,9999.000
202602270718,   3.794,9999.000,9999.000,9999.000,9999.000,9999.000,9999.000,9999.000,9999.000
202602270724,   4.028,9999.000,9999.000,9999.000,9999.000,9999.000,9999.000,9999.000,9999.000
202602270730,   4.270,9999.000,9999.000,9999.000,9999.000,9999.000,9999.000,9999.000,9999.000
202602270736,   4.522,9999.000,9999.000,9999.000,9999.000,9999.000,9999.000,9999.000,9999.000
202602270742,   4.781,9999.000,9999.000,9999.000,9999.000,9999.000,9999.000,9999.000,9999.000
202602270748,   5.047,9999.000,9999.000,9999.000,9999.000,9999.000,9999.000,9999.000,9999.000
202602270754,   5.321,9999.000,9999.000,9999.000,9999.000,9999.000,9999.000,9999.000,9999.000
202602270800,   5.601,9999.000,   0.000,   0.089,   5.690,  -0.300,   5.390,   0.200,   5.890
202602270806,   5.887,9999.000,9999.000,9999.000,9999.000,9999.000,9999.000,9999.000,9999.000
202602270812,   6.179,9999.000,9999.000,9999.000,9999.000,9999.000,9999.000,9999.000,9999.000
202602270818,   6.475,9999.000,9999.000,9999.000,9999.000,9999.000,9999.000,9999.000,9999.000
202602270824,   6.775,9999.000,9999.000,9999.000,9999.000,9999.000,9999.000,9999.000,9999.000
202602270830,   7.079,9999.000,9999.000,9999.000,9999.000,9999.000,9999.000,9999.000,9999.000
202602270836,   7.385,9999.000,9999.000,9999.000,9999.000,9999.000,9999.000,9999.000,9999.000
202602270842,   7.694,9999.000,9999.000,9999.000,9999.000,9999.000,9999.000,9999.000,9999.000
202602270848,   8.004,9999.000,9999.000,9999.000,9999.000,9999.000,9999.000,9999.000,9999.000
202602270854,   8.315,9999.000,9999.000,9999.000,9999.000,9999.000,9999.000,9999.000,9999.000
202602270900,   8.625,9999.000,  -0.100,   0.089,   8.614,  -0.300,   8.414,   0.200,   8.914
202602270906,   8.934,9999.000,9999.000,9999.000,9999.000,9999.000,9999.000,9999.000,9999.000
202602270912,   9.242,9999.000,9999.000,9999.000,9999.000,9999.000,9999.000,9999.000,9999.000
202602270918,   9.547,9999.000,9999.000,9999.000,9999.000,9999.000,9999.000,9999.000,9999.000
202602270924,   9.848,9999.000,9999.000,9999.000,9999.000,9999.000,9999.000,9999.000,9999.000
202602270930,  10.145,9999.000,9999.000,9999.000,9999.000,9999.000,9999.000,9999.000,9999.000
202602270936,  10.437,9999.000,9999.000,9999.000,9999.000,9999.000,9999.000,9999.000,9999.000
202602270942,  10.722,9999.000,9999.000,9999.000,9999.000,9999.000,9999.000,9999.000,9999.000
202602270948,  11.000,9999.000,9999.000,9999.000,9999.000,9999.000,9999.000,9999.000,9999.000
202602270954,  11.271,9999.000,9999.000,9999.000,9999.000,9999.000,9999.000,9999.000,9999.000
202602271000,  11.532,9999.000,   0.000,   0.089,  11.621,  -0.300,  11.321,   0.200,  11.821
202602271006,  11.784,9999.000,9999.000,9999.000,9999.000,9999.000,9999.000,9999.000,9999.000
202602271012,  12.026,9999.000,9999.000,9999.000,9999.000,9999.000,9999.000,9999.000,9999.000
202602271018,  12.256,9999.000,9999.000,9999.000,9999.000,9999.000,9999.000,9999.000,9999.000
202602271024,  12.475,9999.000,9999.000,9999.000,9999.000,9999.000,9999.000,9999.000,9999.000
202602271030,  12.681,9999.000,9999.000,9999.000,9999.000,9999.000,9999.000,9999.000,9999.000
202602271036,  12.874,9999.000,9999.000,9999.000,9999.000,9999.000,9999.000,9999.000,9999.000
202602271042,  13.052,9999.000,9999.000,9999.000,9999.000,9999.000,9999.000,9999.000,9999.000
202602271048,  13.217,9999.000,9999.000,9999.000,9999.000,9999.000,9999.000,9999.000,9999.000
202602271054,  13.366,9999.000,9999.000,9999.000,9999.000,9999.000,9999.000,9999.000,9999.000
202602271100,  13.501,9999.000,   0.000,   0.089,  13.590,  -0.200,  13.390,   0.200,  13.790
202602271106,  13.619,9999.000,9999.000,9999.000,9999.000,9999.000,9999.000,9999.000,9999.000
202602271112,  13.722,9999.000,9999.000,9999.000,9999.000,9999.000,9999.000,9999.000,9999.000
202602271118,  13.808,9999.000,9999.000,9999.000,9999.000,9999.000,9999.000,9999.000,9999.000
202602271124,  13.877,9999.000,9999.000,9999.000,9999.000,9999.000,9999.000,9999.000,9999.000
202602271130,  13.930,9999.000,9999.000,9999.000,9999.000,9999.000,9999.000,9999.000,9999.000
202602271136,  13.966,9999.000,9999.000,9999.000,9999.000,9999.000,9999.000,9999.000,9999.000
202602271142,  13.986,9999.000,9999.000,9999.000,9999.000,9999.000,9999.000,9999.000,9999.000
202602271148,  13.988,9999.000,9999.000,9999.000,9999.000,9999.000,9999.000,9999.000,9999.000
202602271154,  13.974,9999.000,9999.000,9999.000,9999.000,9999.000,9999.000,9999.000,9999.000
202602271200,  13.943,9999.000,   0.100,   0.089,  14.132,  -0.100,  13.932,   0.300,  14.332
202602271206,  13.896,9999.000,9999.000,9999.000,9999.000,9999.000,9999.000,9999.000,9999.000
202602271212,  13.832,9999.000,9999.000,9999.000,9999.000,9999.000,9999.000,9999.000,9999.000
202602271218,  13.753,9999.000,9999.000,9999.000,9999.000,9999.000,9999.000,9999.000,9999.000
202602271224,  13.657,9999.000,9999.000,9999.000,9999.000,9999.000,9999.000,9999.000,9999.000
202602271230,  13.547,9999.000,9999.000,9999.000,9999.000,9999.000,9999.000,9999.000,9999.000
202602271236,  13.421,9999.000,9999.000,9999.000,9999.000,9999.000,9999.000,9999.000,9999.000
202602271242,  13.281,9999.000,9999.000,9999.000,9999.000,9999.000,9999.000,9999.000,9999.000
202602271248,  13.127,9999.000,9999.000,9999.000,9999.000,9999.000,9999.000,9999.000,9999.000
202602271254,  12.960,9999.000,9999.000,9999.000,9999.000,9999.000,9999.000,9999.000,9999.000
202602271300,  12.779,9999.000,   0.100,   0.089,  12.968,   0.000,  12.868,   0.300,  13.168
202602271306,  12.585,9999.000,9999.000,9999.000,9999.000,9999.000,9999.000,9999.000,9999.000
202602271312,  12.380,9999.000,9999.000,9999.000,9999.000,9999.000,9999.000,9999.000,9999.000
202602271318,  12.162,9999.000,9999.000,9999.000,9999.000,9999.000,9999.000,9999.000,9999.000
202602271324,  11.934,9999.000,9999.000,9999.000,9999.000,9999.000,9999.000,9999.000,9999.000
202602271330,  11.695,9999.000,9999.000,9999.000,9999.000,9999.000,9999.000,9999.000,9999.000
202602271336,  11.447,9999.000,9999.000,9999.000,9999.000,9999.000,9999.000,9999.000,9999.000
202602271342,  11.189,9999.000,9999.000,9999.000,9999.000,9999.000,9999.000,9999.000,9999.000
202602271348,  10.922,9999.000,9999.000,9999.000,9999.000,9999.000,9999.000,9999.000,9999.000
202602271354,  10.647,9999.000,9999.000,9999.000,9999.000,9999.000,9999.000,9999.000,9999.000
202602271400,  10.365,9999.000,   0.200,   0.089,  10.654,   0.000,  10.454,   0.400,  10.854
202602271406,  10.075,9999.000,9999.000,9999.000,9999.000,9999.000,9999.000,9999.000,9999.000
202602271412,   9.780,9999.000,9999.000,9999.000,9999.000,9999.000,9999.000,9999.000,9999.000
202602271418,   9.478,9999.000,9999.000,9999.000,9999.000,9999.000,9999.000,9999.000,9999.000
202602271424,   9.171,9999.000,9999.000,9999.000,9999.000,9999.000,9999.000,9999.000,9999.000
202602271430,   8.860,9999.000,9999.000,9999.000,9999.000,9999.000,9999.000,9999.000,9999.000
202602271436,   8.545,9999.000,9999.000,9999.000,9999.000,9999.000,9999.000,9999.000,9999.000
202602271442,   8.226,9999.000,9999.000,9999.000,9999.000,9999.000,9999.000,9999.000,9999.000
202602271448,   7.905,9999.000,9999.000,9999.000,9999.000,9999.000,9999.000,9999.000,9999.000
202602271454,   7.582,9999.000,9999.000,9999.000,9999.000,9999.000,9999.000,9999.000,9999.000
202602271500,   7.258,9999.000,   0.200,   0.089,   7.547,   0.100,   7.447,   0.400,   7.747
202602271506,   6.933,9999.000,9999.000,9999.000,9999.000,9999.000,9999.000,9999.000,9999.000
202602271512,   6.608,9999.000,9999.000,9999.000,9999.000,9999.000,9999.000,9999.000,9999.000
202602271518,   6.284,9999.000,9999.000,9999.000,9999.000,9999.000,9999.000,9999.000,9999.000
202602271524,   5.962,9999.000,9999.000,9999.000,9999.000,9999.000,9999.000,9999.000,9999.000
202602271530,   5.641,9999.000,9999.000,9999.000,9999.000,9999.000,9999.000,9999.000,9999.000
202602271536,   5.324,9999.000,9999.000,9999.000,9999.000,9999.000,9999.000,9999.000,9999.000
202602271542,   5.010,9999.000,9999.000,9999.000,9999.000,9999.000,9999.000,9999.000,9999.000
202602271548,   4.701,9999.000,9999.000,9999.000,9999.000,9999.000,9999.000,9999.000,9999.000
202602271554,   4.397,9999.000,9999.000,9999.000,9999.000,9999.000,9999.000,9999.000,9999.000
202602271600,   4.099,9999.000,   0.300,   0.089,   4.488,   0.100,   4.288,   0.400,   4.588
202602271606,   3.808,9999.000,9999.000,9999.000,9999.000,9999.000,9999.000,9999.000,9999.000
202602271612,   3.525,9999.000,9999.000,9999.000,9999.000,9999.000,9999.000,9999.000,9999.000
202602271618,   3.250,9999.000,9999.000,9999.000,9999.000,9999.000,9999.000,9999.000,9999.000
202602271624,   2.983,9999.000,9999.000,9999.000,9999.000,9999.000,9999.000,9999.000,9999.000
202602271630,   2.727,9999.000,9999.000,9999.000,9999.000,9999.000,9999.000,9999.000,9999.000
202602271636,   2.481,9999.000,9999.000,9999.000,9999.000,9999.000,9999.000,9999.000,9999.000
202602271642,   2.246,9999.000,9999.000,9999.000,9999.000,9999.000,9999.000,9999.000,9999.000
202602271648,   2.023,9999.000,9999.000,9999.000,9999.000,9999.000,9999.000,9999.000,9999.000
202602271654,   1.812,9999.000,9999.000,9999.000,9999.000,9999.000,9999.000,9999.000,9999.000
202602271700,   1.614,9999.000,   0.300,   0.089,   2.003,   0.100,   1.803,   0.400,   2.103
202602271706,   1.429,9999.000,9999.000,9999.000,9999.000,9999.000,9999.000,9999.000,9999.000
202602271712,   1.258,9999.000,9999.000,9999.000,9999.000,9999.000,9999.000,9999.000,9999.000
202602271718,   1.102,9999.000,9999.000,9999.000,9999.000,9999.000,9999.000,9999.000,9999.000
202602271724,   0.960,9999.000,9999.000,9999.000,9999.000,9999.000,9999.000,9999.000,9999.000
202602271730,   0.833,9999.000,9999.000,9999.000,9999.000,9999.000,9999.000,9999.000,9999.000
202602271736,   0.721,9999.000,9999.000,9999.000,9999.000,9999.000,9999.000,9999.000,9999.000
202602271742,   0.625,9999.000,9999.000,9999.000,9999.000,9999.000,9999.000,9999.000,9999.000
202602271748,   0.544,9999.000,9999.000,9999.000,9999.000,9999.000,9999.000,9999.000,9999.000
202602271754,   0.479,9999.000,9999.000,9999.000,9999.000,9999.000,9999.000,9999.000,9999.000
202602271800,   0.430,9999.000,   0.300,   0.089,   0.819,   0.100,   0.619,   0.500,   1.019
202602271806,   0.396,9999.000,9999.000,9999.000,9999.000,9999.000,9999.000,9999.000,9999.000
202602271812,   0.377,9999.000,9999.000,9999.000,9999.000,9999.000,9999.000,9999.000,9999.000
202602271818,   0.375,9999.000,9999.000,9999.000,9999.000,9999.000,9999.000,9999.000,9999.000
202602271824,   0.387,9999.000,9999.000,9999.000,9999.000,9999.000,9999.000,9999.000,9999.000
202602271830,   0.415,9999.000,9999.000,9999.000,9999.000,9999.000,9999.000,9999.000,9999.000
202602271836,   0.458,9999.000,9999.000,9999.000,9999.000,9999.000,9999.000,9999.000,9999.000
202602271842,   0.516,9999.000,9999.000,9999.000,9999.000,9999.000,9999.000,9999.000,9999.000
202602271848,   0.588,9999.000,9999.000,9999.000,9999.000,9999.000,9999.000,9999.000,9999.000
202602271854,   0.674,9999.000,9999.000,9999.000,9999.000,9999.000,9999.000,9999.000,9999.000
202602271900,   0.775,9999.000,   0.300,   0.089,   1.164,   0.100,   0.964,   0.500,   1.364
202602271906,   0.889,9999.000,9999.000,9999.000,9999.000,9999.000,9999.000,9999.000,9999.000
202602271912,   1.016,9999.000,9999.000,9999.000,9999.000,9999.000,9999.000,9999.000,9999.000
202602271918,   1.157,9999.000,9999.000,9999.000,9999.000,9999.000,9999.000,9999.000,9999.000
202602271924,   1.310,9999.000,9999.000,9999.000,9999.000,9999.000,9999.000,9999.000,9999.000
202602271930,   1.475,9999.000,9999.000,9999.000,9999.000,9999.000,9999.000,9999.000,9999.000
202602271936,   1.652,9999.000,9999.000,9999.000,9999.000,9999.000,9999.000,9999.000,9999.000
202602271942,   1.841,9999.000,9999.000,9999.000,9999.000,9999.000,9999.000,9999.000,9999.000
202602271948,   2.041,9999.000,9999.000,9999.000,9999.000,9999.000,9999.000,9999.000,9999.000
202602271954,   2.252,9999.000,9999.000,9999.000,9999.000,9999.000,9999.000,9999.000,9999.000
202602272000,   2.473,9999.000,   0.300,   0.089,   2.862,   0.100,   2.662,   0.500,   3.062
202602272006,   2.705,9999.000,9999.000,9999.000,9999.000,9999.000,9999.000,9999.000,9999.000
202602272012,   2.945,9999.000,9999.000,9999.000,9999.000,9999.000,9999.000,9999.000,9999.000
202602272018,   3.195,9999.000,9999.000,9999.000,9999.000,9999.000,9999.000,9999.000,9999.000
202602272024,   3.454,9999.000,9999.000,9999.000,9999.000,9999.000,9999.000,9999.000,9999.000
202602272030,   3.720,9999.000,9999.000,9999.000,9999.000,9999.000,9999.000,9999.000,9999.000
202602272036,   3.994,9999.000,9999.000,9999.000,9999.000,9999.000,9999.000,9999.000,9999.000
202602272042,   4.276,9999.000,9999.000,9999.000,9999.000,9999.000,9999.000,9999.000,9999.000
202602272048,   4.563,9999.000,9999.000,9999.000,9999.000,9999.000,9999.000,9999.000,9999.000
202602272054,   4.857,9999.000,9999.000,9999.000,9999.000,9999.000,9999.000,9999.000,9999.000
202602272100,   5.155,9999.000,   0.300,   0.089,   5.544,   0.000,   5.244,   0.500,   5.744
202602272106,   5.458,9999.000,9999.000,9999.000,9999.000,9999.000,9999.000,9999.000,9999.000
202602272112,   5.765,9999.000,9999.000,9999.000,9999.000,9999.000,9999.000,9999.000,9999.000
202602272118,   6.074,9999.000,9999.000,9999.000,9999.000,9999.000,9999.000,9999.000,9999.000
202602272124,   6.386,9999.000,9999.000,9999.000,9999.000,9999.000,9999.000,9999.000,9999.000
202602272130,   6.700,9999.000,9999.000,9999.000,9999.000,9999.000,9999.000,9999.000,9999.000
202602272136,   7.013,9999.000,9999.000,9999.000,9999.000,9999.000,9999.000,9999.000,9999.000
202602272142,   7.327,9999.000,9999.000,9999.000,9999.000,9999.000,9999.000,9999.000,9999.000
202602272148,   7.639,9999.000,9999.000,9999.000,9999.000,9999.000,9999.000,9999.000,9999.000
202602272154,   7.950,9999.000,9999.000,9999.000,9999.000,9999.000,9999.000,9999.000,9999.000
202602272200,   8.257,9999.000,   0.200,   0.089,   8.546,   0.000,   8.346,   0.400,   8.746
202602272206,   8.561,9999.000,9999.000,9999.000,9999.000,9999.000,9999.000,9999.000,9999.000
202602272212,   8.859,9999.000,9999.000,9999.000,9999.000,9999.000,9999.000,9999.000,9999.000
202602272218,   9.153,9999.000,9999.000,9999.000,9999.000,9999.000,9999.000,9999.000,9999.000
202602272224,   9.439,9999.000,9999.000,9999.000,9999.000,9999.000,9999.000,9999.000,9999.000
202602272230,   9.718,9999.000,9999.000,9999.000,9999.000,9999.000,9999.000,9999.000,9999.000
202602272236,   9.989,9999.000,9999.000,9999.000,9999.000,9999.000,9999.000,9999.000,9999.000
202602272242,  10.251,9999.000,9999.000,9999.000,9999.000,9999.000,9999.000,9999.000,9999.000
202602272248,  10.503,9999.000,9999.000,9999.000,9999.000,9999.000,9999.000,9999.000,9999.000
202602272254,  10.745,9999.000,9999.000,9999.000,9999.000,9999.000,9999.000,9999.000,9999.000
202602272300,  10.975,9999.000,   0.200,   0.089,  11.264,   0.000,  11.064,   0.400,  11.464
202602272306,  11.193,9999.000,9999.000,9999.000,9999.000,9999.000,9999.000,9999.000,9999.000
202602272312,  11.399,9999.000,9999.000,9999.000,9999.000,9999.000,9999.000,9999.000,9999.000
202602272318,  11.591,9999.000,9999.000,9999.000,9999.000,9999.000,9999.000,9999.000,9999.000
202602272324,  11.770,9999.000,9999.000,9999.000,9999.000,9999.000,9999.000,9999.000,9999.000
202602272330,  11.934,9999.000,9999.000,9999.000,9999.000,9999.000,9999.000,9999.000,9999.000
202602272336,  12.084,9999.000,9999.000,9999.000,9999.000,9999.000,9999.000,9999.000,9999.000
202602272342,  12.219,9999.000,9999.000,9999.000,9999.000,9999.000,9999.000,9999.000,9999.000
202602272348,  12.338,9999.000,9999.000,9999.000,9999.000,9999.000,9999.000,9999.000,9999.000
202602272354,  12.442,9999.000,9999.000,9999.000,9999.000,9999.000,9999.000,9999.000,9999.000
202602280000,  12.531,9999.000,   0.200,   0.089,  12.820,   0.000,  12.620,   0.400,  13.020
202602280006,  12.603,9999.000,9999.000,9999.000,9999.000,9999.000,9999.000,9999.000,9999.000
202602280012,  12.659,9999.000,9999.000,9999.000,9999.000,9999.000,9999.000,9999.000,9999.000
202602280018,  12.700,9999.000,9999.000,9999.000,9999.000,9999.000,9999.000,9999.000,9999.000
202602280024,  12.724,9999.000,9999.000,9999.000,9999.000,9999.000,9999.000,9999.000,9999.000
202602280030,  12.733,9999.000,9999.000,9999.000,9999.000,9999.000,9999.000,9999.000,9999.000
202602280036,  12.725,9999.000,9999.000,9999.000,9999.000,9999.000,9999.000,9999.000,9999.000
202602280042,  12.703,9999.000,9999.000,9999.000,9999.000,9999.000,9999.000,9999.000,9999.000
202602280048,  12.664,9999.000,9999.000,9999.000,9999.000,9999.000,9999.000,9999.000,9999.000
202602280054,  12.611,9999.000,9999.000,9999.000,9999.000,9999.000,9999.000,9999.000,9999.000
202602280100,  12.543,9999.000,   0.200,   0.089,  12.832,   0.000,  12.632,   0.400,  13.032
202602280106,  12.460,9999.000,9999.000,9999.000,9999.000,9999.000,9999.000,9999.000,9999.000
202602280112,  12.362,9999.000,9999.000,9999.000,9999.000,9999.000,9999.000,9999.000,9999.000
202602280118,  12.251,9999.000,9999.000,9999.000,9999.000,9999.000,9999.000,9999.000,9999.000
202602280124,  12.127,9999.000,9999.000,9999.000,9999.000,9999.000,9999.000,9999.000,9999.000
202602280130,  11.989,9999.000,9999.000,9999.000,9999.000,9999.000,9999.000,9999.000,9999.000
202602280136,  11.839,9999.000,9999.000,9999.000,9999.000,9999.000,9999.000,9999.000,9999.000
202602280142,  11.676,9999.000,9999.000,9999.000,9999.000,9999.000,9999.000,9999.000,9999.000
202602280148,  11.502,9999.000,9999.000,9999.000,9999.000,9999.000,9999.000,9999.000,9999.000
202602280154,  11.317,9999.000,9999.000,9999.000,9999.000,9999.000,9999.000,9999.000,9999.000
202602280200,  11.121,9999.000,   0.200,   0.089,  11.410,   0.000,  11.210,   0.400,  11.610
202602280206,  10.915,9999.000,9999.000,9999.000,9999.000,9999.000,9999.000,9999.000,9999.000
202602280212,  10.699,9999.000,9999.000,9999.000,9999.000,9999.000,9999.000,9999.000,9999.000
202602280218,  10.473,9999.000,9999.000,9999.000,9999.000,9999.000,9999.000,9999.000,9999.000
202602280224,  10.240,9999.000,9999.000,9999.000,9999.000,9999.000,9999.000,9999.000,9999.000
202602280230,   9.998,9999.000,9999.000,9999.000,9999.000,9999.000,9999.000,9999.000,9999.000
202602280236,   9.748,9999.000,9999.000,9999.000,9999.000,9999.000,9999.000,9999.000,9999.000
202602280242,   9.492,9999.000,9999.000,9999.000,9999.000,9999.000,9999.000,9999.000,9999.000
202602280248,   9.229,9999.000,9999.000,9999.000,9999.000,9999.000,9999.000,9999.000,9999.000
202602280254,   8.960,9999.000,9999.000,9999.000,9999.000,9999.000,9999.000,9999.000,9999.000
202602280300,   8.686,9999.000,   0.300,   0.089,   9.075,   0.100,   8.875,   0.500,   9.275
202602280306,   8.407,9999.000,9999.000,9999.000,9999.000,9999.000,9999.000,9999.000,9999.000
202602280312,   8.125,9999.000,9999.000,9999.000,9999.000,9999.000,9999.000,9999.000,9999.000
202602280318,   7.838,9999.000,9999.000,9999.000,9999.000,9999.000,9999.000,9999.000,9999.000
202602280324,   7.550,9999.000,9999.000,9999.000,9999.000,9999.000,9999.000,9999.000,9999.000
202602280330,   7.259,9999.000,9999.000,9999.000,9999.000,9999.000,9999.000,9999.000,9999.000
202602280336,   6.966,9999.000,9999.000,9999.000,9999.000,9999.000,9999.000,9999.000,9999.000
202602280342,   6.674,9999.000,9999.000,9999.000,9999.000,9999.000,9999.000,9999.000,9999.000
202602280348,   6.381,9999.000,9999.000,9999.000,9999.000,9999.000,9999.000,9999.000,9999.000
202602280354,   6.088,9999.000,9999.000,9999.000,9999.000,9999.000,9999.000,9999.000,9999.000
202602280400,   5.798,9999.000,   0.300,   0.089,   6.187,   0.100,   5.987,   0.500,   6.387
202602280406,   5.510,9999.000,9999.000,9999.000,9999.000,9999.000,9999.000,9999.000,9999.000
202602280412,   5.224,9999.000,9999.000,9999.000,9999.000,9999.000,9999.000,9999.000,9999.000
202602280418,   4.943,9999.000,9999.000,9999.000,9999.000,9999.000,9999.000,9999.000,9999.000
202602280424,   4.666,9999.000,9999.000,9999.000,9999.000,9999.000,9999.000,9999.000,9999.000
202602280430,   4.395,9999.000,9999.000,9999.000,9999.000,9999.000,9999.000,9999.000,9999.000
202602280436,   4.130,9999.000,9999.000,9999.000,9999.000,9999.000,9999.000,9999.000,9999.000
202602280442,   3.872,9999.000,9999.000,9999.000,9999.000,9999.000,9999.000,9999.000,9999.000
202602280448,   3.622,9999.000,9999.000,9999.000,9999.000,9999.000,9999.000,9999.000,9999.000
202602280454,   3.380,9999.000,9999.000,9999.000,9999.000,9999.000,9999.000,9999.000,9999.000
202602280500,   3.148,9999.000,   0.300,   0.089,   3.537,   0.100,   3.337,   0.500,   3.737
202602280506,   2.926,9999.000,9999.000,9999.000,9999.000,9999.000,9999.000,9999.000,9999.000
202602280512,   2.714,9999.000,9999.000,9999.000,9999.000,9999.000,9999.000,9999.000,9999.000
202602280518,   2.514,9999.000,9999.000,9999.000,9999.000,9999.000,9999.000,9999.000,9999.000
202602280524,   2.326,9999.000,9999.000,9999.000,9999.000,9999.000,9999.000,9999.000,9999.000
202602280530,   2.151,9999.000,9999.000,9999.000,9999.000,9999.000,9999.000,9999.000,9999.000
202602280536,   1.988,9999.000,9999.000,9999.000,9999.000,9999.000,9999.000,9999.000,9999.000
202602280542,   1.840,9999.000,9999.000,9999.000,9999.000,9999.000,9999.000,9999.000,9999.000
202602280548,   1.705,9999.000,9999.000,9999.000,9999.000,9999.000,9999.000,9999.000,9999.000
202602280554,   1.585,9999.000,9999.000,9999.000,9999.000,9999.000,9999.000,9999.000,9999.000
202602280600,   1.479,9999.000,   0.300,   0.089,   1.868,   0.100,   1.668,   0.400,   1.968
202602280606,   1.389,9999.000,9999.000,9999.000,9999.000,9999.000,9999.000,9999.000,9999.000
202602280612,   1.314,9999.000,9999.000,9999.000,9999.000,9999.000,9999.000,9999.000,9999.000
202602280618,   1.254,9999.000,9999.000,9999.000,9999.000,9999.000,9999.000,9999.000,9999.000
202602280624,   1.210,9999.000,9999.000,9999.000,9999.000,9999.000,9999.000,9999.000,9999.000
202602280630,   1.181,9999.000,9999.000,9999.000,9999.000,9999.000,9999.000,9999.000,9999.000
202602280636,   1.168,9999.000,9999.000,9999.000,9999.000,9999.000,9999.000,9999.000,9999.000
202602280642,   1.170,9999.000,9999.000,9999.000,9999.000,9999.000,9999.000,9999.000,9999.000
202602280648,   1.189,9999.000,9999.000,9999.000,9999.000,9999.000,9999.000,9999.000,9999.000
202602280654,   1.222,9999.000,9999.000,9999.000,9999.000,9999.000,9999.000,9999.000,9999.000
202602280700,   1.271,9999.000,   0.300,   0.089,   1.660,   0.100,   1.460,   0.400,   1.760
202602280706,   1.335,9999.000,9999.000,9999.000,9999.000,9999.000,9999.000,9999.000,9999.000
202602280712,   1.414,9999.000,9999.000,9999.000,9999.000,9999.000,9999.000,9999.000,9999.000
202602280718,   1.507,9999.000,9999.000,9999.000,9999.000,9999.000,9999.000,9999.000,9999.000
202602280724,   1.615,9999.000,9999.000,9999.000,9999.000,9999.000,9999.000,9999.000,9999.000
202602280730,   1.737,9999.000,9999.000,9999.000,9999.000,9999.000,9999.000,9999.000,9999.000
202602280736,   1.873,9999.000,9999.000,9999.000,9999.000,9999.000,9999.000,9999.000,9999.000
202602280742,   2.023,9999.000,9999.000,9999.000,9999.000,9999.000,9999.000,9999.000,9999.000
202602280748,   2.185,9999.000,9999.000,9999.000,9999.000,9999.000,9999.000,9999.000,9999.000
202602280754,   2.361,9999.000,9999.000,9999.000,9999.000,9999.000,9999.000,9999.000,9999.000
202602280800,   2.549,9999.000,   0.300,   0.089,   2.938,   0.100,   2.738,   0.400,   3.038
202602280806,   2.750,9999.000,9999.000,9999.000,9999.000,9999.000,9999.000,9999.000,9999.000
202602280812,   2.963,9999.000,9999.000,9999.000,9999.000,9999.000,9999.000,9999.000,9999.000
202602280818,   3.187,9999.000,9999.000,9999.000,9999.000,9999.000,9999.000,9999.000,9999.000
202602280824,   3.422,9999.000,9999.000,9999.000,9999.000,9999.000,9999.000,9999.000,9999.000
202602280830,   3.667,9999.000,9999.000,9999.000,9999.000,9999.000,9999.000,9999.000,9999.000
202602280836,   3.924,9999.000,9999.000,9999.000,9999.000,9999.000,9999.000,9999.000,9999.000
202602280842,   4.189,9999.000,9999.000,9999.000,9999.000,9999.000,9999.000,9999.000,9999.000
202602280848,   4.464,9999.000,9999.000,9999.000,9999.000,9999.000,9999.000,9999.000,9999.000
202602280854,   4.748,9999.000,9999.000,9999.000,9999.000,9999.000,9999.000,9999.000,9999.000
202602280900,   5.041,9999.000,   0.300,   0.089,   5.430,   0.200,   5.330,   0.400,   5.530
202602280906,   5.340,9999.000,9999.000,9999.000,9999.000,9999.000,9999.000,9999.000,9999.000
202602280912,   5.647,9999.000,9999.000,9999.000,9999.000,9999.000,9999.000,9999.000,9999.000
202602280918,   5.960,9999.000,9999.000,9999.000,9999.000,9999.000,9999.000,9999.000,9999.000
202602280924,   6.279,9999.000,9999.000,9999.000,9999.000,9999.000,9999.000,9999.000,9999.000
202602280930,   6.603,9999.000,9999.000,9999.000,9999.000,9999.000,9999.000,9999.000,9999.000
202602280936,   6.931,9999.000,9999.000,9999.000,9999.000,9999.000,9999.000,9999.000,9999.000
202602280942,   7.262,9999.000,9999.000,9999.000,9999.000,9999.000,9999.000,9999.000,9999.000
202602280948,   7.596,9999.000,9999.000,9999.000,9999.000,9999.000,9999.000,9999.000,9999.000
202602280954,   7.931,9999.000,9999.000,9999.000,9999.000,9999.000,9999.000,9999.000,9999.000
202602281000,   8.267,9999.000,   0.300,   0.089,   8.656,   0.200,   8.556,   0.400,   8.756
202602281006,   8.604,9999.000,9999.000,9999.000,9999.000,9999.000,9999.000,9999.000,9999.000
202602281012,   8.939,9999.000,9999.000,9999.000,9999.000,9999.000,9999.000,9999.000,9999.000
202602281018,   9.272,9999.000,9999.000,9999.000,9999.000,9999.000,9999.000,9999.000,9999.000
202602281024,   9.602,9999.000,9999.000,9999.000,9999.000,9999.000,9999.000,9999.000,9999.000
202602281030,   9.928,9999.000,9999.000,9999.000,9999.000,9999.000,9999.000,9999.000,9999.000
202602281036,  10.249,9999.000,9999.000,9999.000,9999.000,9999.000,9999.000,9999.000,9999.000
202602281042,  10.564,9999.000,9999.000,9999.000,9999.000,9999.000,9999.000,9999.000,9999.000
202602281048,  10.873,9999.000,9999.000,9999.000,9999.000,9999.000,9999.000,9999.000,9999.000
202602281054,  11.173,9999.000,9999.000,9999.000,9999.000,9999.000,9999.000,9999.000,9999.000
202602281100,  11.465,9999.000,   0.300,   0.089,  11.854,   0.200,  11.754,   0.500,  12.054
202602281106,  11.747,9999.000,9999.000,9999.000,9999.000,9999.000,9999.000,9999.000,9999.000
202602281112,  12.018,9999.000,9999.000,9999.000,9999.000,9999.000,9999.000,9999.000,9999.000
202602281118,  12.278,9999.000,9999.000,9999.000,9999.000,9999.000,9999.000,9999.000,9999.000
202602281124,  12.526,9999.000,9999.000,9999.000,9999.000,9999.000,9999.000,9999.000,9999.000
202602281130,  12.761,9999.000,9999.000,9999.000,9999.000,9999.000,9999.000,9999.000,9999.000
202602281136,  12.982,9999.000,9999.000,9999.000,9999.000,9999.000,9999.000,9999.000,9999.000
202602281142,  13.189,9999.000,9999.000,9999.000,9999.000,9999.000,9999.000,9999.000,9999.000
202602281148,  13.381,9999.000,9999.000,9999.000,9999.000,9999.000,9999.000,9999.000,9999.000
202602281154,  13.557,9999.000,9999.000,9999.000,9999.000,9999.000,9999.000,9999.000,9999.000
202602281200,  13.717,9999.000,   0.400,   0.089,  14.206,   0.200,  14.006,   0.500,  14.306
202602281206,  13.861,9999.000,9999.000,9999.000,9999.000,9999.000,9999.000,9999.000,9999.000
202602281212,  13.988,9999.000,9999.000,9999.000,9999.000,9999.000,9999.000,9999.000,9999.000
202602281218,  14.098,9999.000,9999.000,9999.000,9999.000,9999.000,9999.000,9999.000,9999.000
202602281224,  14.191,9999.000,9999.000,9999.000,9999.000,9999.000,9999.000,9999.000,9999.000
202602281230,  14.266,9999.000,9999.000,9999.000,9999.000,9999.000,9999.000,9999.000,9999.000
202602281236,  14.323,9999.000,9999.000,9999.000,9999.000,9999.000,9999.000,9999.000,9999.000
202602281242,  14.362,9999.000,9999.000,9999.000,9999.000,9999.000,9999.000,9999.000,9999.000
202602281248,  14.384,9999.000,9999.000,9999.000,9999.000,9999.000,9999.000,9999.000,9999.000
202602281254,  14.388,9999.000,9999.000,9999.000,9999.000,9999.000,9999.000,9999.000,9999.000
202602281300,  14.374,9999.000,   0.400,   0.089,  14.863,   0.200,  14.663,   0.500,  14.963
202602281306,  14.342,9999.000,9999.000,9999.000,9999.000,9999.000,9999.000,9999.000,9999.000
202602281312,  14.293,9999.000,9999.000,9999.000,9999.000,9999.000,9999.000,9999.000,9999.000
202602281318,  14.227,9999.000,9999.000,9999.000,9999.000,9999.000,9999.000,9999.000,9999.000
202602281324,  14.144,9999.000,9999.000,9999.000,9999.000,9999.000,9999.000,9999.000,9999.000
202602281330,  14.044,9999.000,9999.000,9999.000,9999.000,9999.000,9999.000,9999.000,9999.000
202602281336,  13.928,9999.000,9999.000,9999.000,9999.000,9999.000,9999.000,9999.000,9999.000
202602281342,  13.797,9999.000,9999.000,9999.000,9999.000,9999.000,9999.000,9999.000,9999.000
202602281348,  13.649,9999.000,9999.000,9999.000,9999.000,9999.000,9999.000,9999.000,9999.000
202602281354,  13.487,9999.000,9999.000,9999.000,9999.000,9999.000,9999.000,9999.000,9999.000
202602281400,  13.310,9999.000,   0.400,   0.089,  13.799,   0.200,  13.599,   0.600,  13.999
202602281406,  13.118,9999.000,9999.000,9999.000,9999.000,9999.000,9999.000,9999.000,9999.000
202602281412,  12.913,9999.000,9999.000,9999.000,9999.000,9999.000,9999.000,9999.000,9999.000
202602281418,  12.696,9999.000,9999.000,9999.000,9999.000,9999.000,9999.000,9999.000,9999.000
202602281424,  12.465,9999.000,9999.000,9999.000,9999.000,9999.000,9999.000,9999.000,9999.000
202602281430,  12.222,9999.000,9999.000,9999.000,9999.000,9999.000,9999.000,9999.000,9999.000
202602281436,  11.968,9999.000,9999.000,9999.000,9999.000,9999.000,9999.000,9999.000,9999.000
202602281442,  11.703,9999.000,9999.000,9999.000,9999.000,9999.000,9999.000,9999.000,9999.000
202602281448,  11.428,9999.000,9999.000,9999.000,9999.000,9999.000,9999.000,9999.000,9999.000
202602281454,  11.143,9999.000,9999.000,9999.000,9999.000,9999.000,9999.000,9999.000,9999.000
202602281500,  10.849,9999.000,   0.400,   0.089,  11.338,   0.300,  11.238,   0.600,  11.538
202602281506,  10.546,9999.000,9999.000,9999.000,9999.000,9999.000,9999.000,9999.000,9999.000
202602281512,  10.236,9999.000,9999.000,9999.000,9999.000,9999.000,9999.000,9999.000,9999.000
202602281518,   9.918,9999.000,9999.000,9999.000,9999.000,9999.000,9999.000,9999.000,9999.000
202602281524,   9.594,9999.000,9999.000,9999.000,9999.000,9999.000,9999.000,9999.000,9999.000
202602281530,   9.263,9999.000,9999.000,9999.000,9999.000,9999.000,9999.000,9999.000,9999.000
202602281536,   8.928,9999.000,9999.000,9999.000,9999.000,9999.000,9999.000,9999.000,9999.000
202602281542,   8.588,9999.000,9999.000,9999.000,9999.000,9999.000,9999.000,9999.000,9999.000
202602281548,   8.244,9999.000,9999.000,9999.000,9999.000,9999.000,9999.000,9999.000,9999.000
202602281554,   7.898,9999.000,9999.000,9999.000,9999.000,9999.000,9999.000,9999.000,9999.000
202602281600,   7.549,9999.000,   0.500,   0.089,   8.138,   0.300,   7.938,   0.600,   8.238
202602281606,   7.198,9999.000,9999.000,9999.000,9999.000,9999.000,9999.000,9999.000,9999.000
202602281612,   6.847,9999.000,9999.000,9999.000,9999.000,9999.000,9999.000,9999.000,9999.000
202602281618,   6.496,9999.000,9999.000,9999.000,9999.000,9999.000,9999.000,9999.000,9999.000
202602281624,   6.146,9999.000,9999.000,9999.000,9999.000,9999.000,9999.000,9999.000,9999.000
202602281630,   5.798,9999.000,9999.000,9999.000,9999.000,9999.000,9999.000,9999.000,9999.000
202602281636,   5.452,9999.000,9999.000,9999.000,9999.000,9999.000,9999.000,9999.000,9999.000
202602281642,   5.110,9999.000,9999.000,9999.000,9999.000,9999.000,9999.000,9999.000,9999.000
202602281648,   4.772,9999.000,9999.000,9999.000,9999.000,9999.000,9999.000,9999.000,9999.000
202602281654,   4.439,9999.000,9999.000,9999.000,9999.000,9999.000,9999.000,9999.000,9999.000
202602281700,   4.113,9999.000,   0.500,   0.089,   4.702,   0.300,   4.502,   0.600,   4.802
202602281706,   3.793,9999.000,9999.000,9999.000,9999.000,9999.000,9999.000,9999.000,9999.000
202602281712,   3.481,9999.000,9999.000,9999.000,9999.000,9999.000,9999.000,9999.000,9999.000
202602281718,   3.178,9999.000,9999.000,9999.000,9999.000,9999.000,9999.000,9999.000,9999.000
202602281724,   2.884,9999.000,9999.000,9999.000,9999.000,9999.000,9999.000,9999.000,9999.000
202602281730,   2.600,9999.000,9999.000,9999.000,9999.000,9999.000,9999.000,9999.000,9999.000
202602281736,   2.328,9999.000,9999.000,9999.000,9999.000,9999.000,9999.000,9999.000,9999.000
202602281742,   2.067,9999.000,9999.000,9999.000,9999.000,9999.000,9999.000,9999.000,9999.000
202602281748,   1.818,9999.000,9999.000,9999.000,9999.000,9999.000,9999.000,9999.000,9999.000
202602281754,   1.583,9999.000,9999.000,9999.000,9999.000,9999.000,9999.000,9999.000,9999.000
202602281800,   1.361,9999.000,   0.500,   0.089,   1.950,   0.300,   1.750,   0.700,   2.150
