        TIME,    TIDE,      OB,   SURGE,    BIAS,     TWL,SURGE90p,  TWL90p,SURGE10p,   TWL10p
202606160600,   0.197,   0.718,   0.300,   0.221,   0.718,   0.200,   0.618,   0.300,   0.718
202606160606,   0.168,9999.000,9999.000,9999.000,9999.000,9999.000,9999.000,9999.000,9999.000
202606160612,   0.139,   0.688,9999.000,9999.000,9999.000,9999.000,9999.000,9999.000,9999.000
202606160618,   0.112,9999.000,9999.000,9999.000,9999.000,9999.000,9999.000,9999.000,9999.000
202606160624,   0.085,   0.610,9999.000,9999.000,9999.000,9999.000,9999.000,9999.000,9999.000
202606160630,   0.060,9999.000,9999.000,9999.000,9999.000,9999.000,9999.000,9999.000,9999.000
202606160636,   0.036,   0.560,9999.000,9999.000,9999.000,9999.000,9999.000,9999.000,9999.000
202606160642,   0.013,9999.000,9999.000,9999.000,9999.000,9999.000,9999.000,9999.000,9999.000
202606160648,  -0.007,   0.541,9999.000,9999.000,9999.000,9999.000,9999.000,9999.000,9999.000
202606160654,  -0.027,9999.000,9999.000,9999.000,9999.000,9999.000,9999.000,9999.000,9999.000
202606160700,  -0.045,   0.518,   0.300,   0.263,   0.518,   0.300,   0.518,   0.400,   0.618
202606160706,  -0.061,   0.508,9999.000,9999.000,9999.000,9999.000,9999.000,9999.000,9999.000
202606160712,  -0.075,   0.518,9999.000,9999.000,9999.000,9999.000,9999.000,9999.000,9999.000
202606160718,  -0.088,   0.531,9999.000,9999.000,9999.000,9999.000,9999.000,9999.000,9999.000
202606160724,  -0.099,   0.508,9999.000,9999.000,9999.000,9999.000,9999.000,9999.000,9999.000
202606160730,  -0.108,   0.508,9999.000,9999.000,9999.000,9999.000,9999.000,9999.000,9999.000
202606160736,  -0.115,   0.518,9999.000,9999.000,9999.000,9999.000,9999.000,9999.000,9999.000
202606160742,  -0.120,   0.531,9999.000,9999.000,9999.000,9999.000,9999.000,9999.000,9999.000
202606160748,  -0.123,   0.518,9999.000,9999.000,9999.000,9999.000,9999.000,9999.000,9999.000
202606160754,  -0.125,   0.531,9999.000,9999.000,9999.000,9999.000,9999.000,9999.000,9999.000
202606160800,  -0.124,   0.531,   0.400,   0.255,   0.531,   0.300,   0.431,   0.400,   0.531
202606160806,  -0.121,   0.518,9999.000,9999.000,9999.000,9999.000,9999.000,9999.000,9999.000
202606160812,  -0.117,   0.541,9999.000,9999.000,9999.000,9999.000,9999.000,9999.000,9999.000
202606160818,  -0.110,   0.541,9999.000,9999.000,9999.000,9999.000,9999.000,9999.000,9999.000
202606160824,  -0.102,   0.541,9999.000,9999.000,9999.000,9999.000,9999.000,9999.000,9999.000
202606160830,  -0.092,   0.531,9999.000,9999.000,9999.000,9999.000,9999.000,9999.000,9999.000
202606160836,  -0.081,   0.541,9999.000,9999.000,9999.000,9999.000,9999.000,9999.000,9999.000
202606160842,  -0.067,   0.560,9999.000,9999.000,9999.000,9999.000,9999.000,9999.000,9999.000
202606160848,  -0.053,   0.551,9999.000,9999.000,9999.000,9999.000,9999.000,9999.000,9999.000
202606160854,  -0.036,   0.560,9999.000,9999.000,9999.000,9999.000,9999.000,9999.000,9999.000
202606160900,  -0.019,   0.580,   0.400,   0.199,   0.580,   0.400,   0.580,   0.500,   0.680
202606160906,   0.000,   0.570,9999.000,9999.000,9999.000,9999.000,9999.000,9999.000,9999.000
202606160912,   0.019,   0.610,9999.000,9999.000,9999.000,9999.000,9999.000,9999.000,9999.000
202606160918,   0.040,   0.619,9999.000,9999.000,9999.000,9999.000,9999.000,9999.000,9999.000
202606160924,   0.063,   0.629,9999.000,9999.000,9999.000,9999.000,9999.000,9999.000,9999.000
202606160930,   0.086,   0.619,9999.000,9999.000,9999.000,9999.000,9999.000,9999.000,9999.000
202606160936,   0.110,   0.639,9999.000,9999.000,9999.000,9999.000,9999.000,9999.000,9999.000
202606160942,   0.135,   0.669,9999.000,9999.000,9999.000,9999.000,9999.000,9999.000,9999.000
202606160948,   0.160,   0.678,9999.000,9999.000,9999.000,9999.000,9999.000,9999.000,9999.000
202606160954,   0.187,   0.688,9999.000,9999.000,9999.000,9999.000,9999.000,9999.000,9999.000
202606161000,   0.214,   0.678,   0.500,  -0.036,   0.678,   0.400,   0.578,   0.500,   0.678
202606161006,   0.241,   0.698,9999.000,9999.000,9999.000,9999.000,9999.000,9999.000,9999.000
202606161012,   0.269,   0.698,9999.000,9999.000,9999.000,9999.000,9999.000,9999.000,9999.000
202606161018,   0.297,   0.731,9999.000,9999.000,9999.000,9999.000,9999.000,9999.000,9999.000
202606161024,   0.326,   0.760,9999.000,9999.000,9999.000,9999.000,9999.000,9999.000,9999.000
202606161030,   0.355,   0.770,9999.000,9999.000,9999.000,9999.000,9999.000,9999.000,9999.000
202606161036,   0.385,   0.790,9999.000,9999.000,9999.000,9999.000,9999.000,9999.000,9999.000
202606161042,   0.414,   0.800,9999.000,9999.000,9999.000,9999.000,9999.000,9999.000,9999.000
202606161048,   0.445,   0.810,9999.000,9999.000,9999.000,9999.000,9999.000,9999.000,9999.000
202606161054,   0.475,   0.829,9999.000,9999.000,9999.000,9999.000,9999.000,9999.000,9999.000
202606161100,   0.506,   0.879,   0.500,  -0.127,   0.879,   0.500,   0.879,   0.600,   0.979
202606161106,   0.536,   0.898,9999.000,9999.000,9999.000,9999.000,9999.000,9999.000,9999.000
202606161112,   0.567,   0.951,9999.000,9999.000,9999.000,9999.000,9999.000,9999.000,9999.000
202606161118,   0.599,   0.970,9999.000,9999.000,9999.000,9999.000,9999.000,9999.000,9999.000
202606161124,   0.630,   1.000,9999.000,9999.000,9999.000,9999.000,9999.000,9999.000,9999.000
202606161130,   0.662,   1.029,9999.000,9999.000,9999.000,9999.000,9999.000,9999.000,9999.000
202606161136,   0.694,   1.088,9999.000,9999.000,9999.000,9999.000,9999.000,9999.000,9999.000
202606161142,   0.726,   1.118,9999.000,9999.000,9999.000,9999.000,9999.000,9999.000,9999.000
202606161148,   0.758,   1.170,9999.000,9999.000,9999.000,9999.000,9999.000,9999.000,9999.000
202606161154,   0.790,   1.229,9999.000,9999.000,9999.000,9999.000,9999.000,9999.000,9999.000
202606161200,   0.822,   1.239,   0.700,  -0.283,   1.239,   0.600,   1.139,   0.700,   1.239
202606161206,   0.855,   1.308,9999.000,9999.000,9999.000,9999.000,9999.000,9999.000,9999.000
202606161212,   0.887,   1.348,9999.000,9999.000,9999.000,9999.000,9999.000,9999.000,9999.000
202606161218,   0.919,   1.380,9999.000,9999.000,9999.000,9999.000,9999.000,9999.000,9999.000
202606161224,   0.951,   1.430,9999.000,9999.000,9999.000,9999.000,9999.000,9999.000,9999.000
202606161230,   0.983,   1.508,9999.000,9999.000,9999.000,9999.000,9999.000,9999.000,9999.000
202606161236,   1.015,   1.528,9999.000,9999.000,9999.000,9999.000,9999.000,9999.000,9999.000
202606161242,   1.046,   1.557,9999.000,9999.000,9999.000,9999.000,9999.000,9999.000,9999.000
202606161248,   1.077,   1.590,9999.000,9999.000,9999.000,9999.000,9999.000,9999.000,9999.000
202606161254,   1.107,   1.649,9999.000,9999.000,9999.000,9999.000,9999.000,9999.000,9999.000
202606161300,   1.137,   1.718,   0.700,  -0.119,   1.718,   0.700,   1.718,   0.800,   1.818
202606161306,   1.166,   1.758,9999.000,9999.000,9999.000,9999.000,9999.000,9999.000,9999.000
202606161312,   1.195,   1.767,9999.000,9999.000,9999.000,9999.000,9999.000,9999.000,9999.000
202606161318,   1.223,   1.800,9999.000,9999.000,9999.000,9999.000,9999.000,9999.000,9999.000
202606161324,   1.250,   1.849,9999.000,9999.000,9999.000,9999.000,9999.000,9999.000,9999.000
202606161330,   1.276,   1.869,9999.000,9999.000,9999.000,9999.000,9999.000,9999.000,9999.000
202606161336,   1.301,   1.889,9999.000,9999.000,9999.000,9999.000,9999.000,9999.000,9999.000
202606161342,   1.325,   1.938,9999.000,9999.000,9999.000,9999.000,9999.000,9999.000,9999.000
202606161348,   1.347,   1.967,9999.000,9999.000,9999.000,9999.000,9999.000,9999.000,9999.000
202606161354,   1.369,   1.981,9999.000,9999.000,9999.000,9999.000,9999.000,9999.000,9999.000
202606161400,   1.389,   2.010,   0.800,  -0.179,   2.010,   0.700,   1.910,   0.800,   2.010
202606161406,   1.408,   2.040,9999.000,9999.000,9999.000,9999.000,9999.000,9999.000,9999.000
202606161412,   1.426,   2.059,9999.000,9999.000,9999.000,9999.000,9999.000,9999.000,9999.000
202606161418,   1.443,   2.089,9999.000,9999.000,9999.000,9999.000,9999.000,9999.000,9999.000
202606161424,   1.458,   2.109,9999.000,9999.000,9999.000,9999.000,9999.000,9999.000,9999.000
202606161430,   1.472,   2.148,9999.000,9999.000,9999.000,9999.000,9999.000,9999.000,9999.000
202606161436,   1.484,   2.148,9999.000,9999.000,9999.000,9999.000,9999.000,9999.000,9999.000
202606161442,   1.495,   2.191,9999.000,9999.000,9999.000,9999.000,9999.000,9999.000,9999.000
202606161448,   1.505,   2.177,9999.000,9999.000,9999.000,9999.000,9999.000,9999.000,9999.000
202606161454,   1.513,   2.210,9999.000,9999.000,9999.000,9999.000,9999.000,9999.000,9999.000
202606161500,   1.520,   2.240,   0.800,  -0.080,   2.240,   0.800,   2.240,   0.900,   2.340
202606161506,   1.526,   2.230,9999.000,9999.000,9999.000,9999.000,9999.000,9999.000,9999.000
202606161512,   1.530,   2.250,9999.000,9999.000,9999.000,9999.000,9999.000,9999.000,9999.000
202606161518,   1.533,   2.240,9999.000,9999.000,9999.000,9999.000,9999.000,9999.000,9999.000
202606161524,   1.535,   2.259,9999.000,9999.000,9999.000,9999.000,9999.000,9999.000,9999.000
202606161530,   1.536,   2.279,9999.000,9999.000,9999.000,9999.000,9999.000,9999.000,9999.000
202606161536,   1.536,   2.279,9999.000,9999.000,9999.000,9999.000,9999.000,9999.000,9999.000
202606161542,   1.535,   2.269,9999.000,9999.000,9999.000,9999.000,9999.000,9999.000,9999.000
202606161548,   1.533,   2.269,9999.000,9999.000,9999.000,9999.000,9999.000,9999.000,9999.000
202606161554,   1.530,   2.279,9999.000,9999.000,9999.000,9999.000,9999.000,9999.000,9999.000
202606161600,   1.526,   2.309,   0.900,  -0.117,   2.309,   0.800,   2.209,   0.900,   2.309
202606161606,   1.521,   2.318,9999.000,9999.000,9999.000,9999.000,9999.000,9999.000,9999.000
202606161612,   1.516,   2.309,9999.000,9999.000,9999.000,9999.000,9999.000,9999.000,9999.000
202606161618,   1.509,   2.299,9999.000,9999.000,9999.000,9999.000,9999.000,9999.000,9999.000
202606161624,   1.502,   2.318,9999.000,9999.000,9999.000,9999.000,9999.000,9999.000,9999.000
202606161630,   1.495,   2.309,9999.000,9999.000,9999.000,9999.000,9999.000,9999.000,9999.000
202606161636,   1.487,   2.328,9999.000,9999.000,9999.000,9999.000,9999.000,9999.000,9999.000
202606161642,   1.478,   2.328,9999.000,9999.000,9999.000,9999.000,9999.000,9999.000,9999.000
202606161648,   1.469,   2.318,9999.000,9999.000,9999.000,9999.000,9999.000,9999.000,9999.000
202606161654,   1.459,   2.289,9999.000,9999.000,9999.000,9999.000,9999.000,9999.000,9999.000
202606161700,   1.449,   2.289,   0.900,  -0.060,   2.289,   0.800,   2.189,   0.900,   2.289
202606161706,   1.439,   2.299,9999.000,9999.000,9999.000,9999.000,9999.000,9999.000,9999.000
202606161712,   1.428,   2.269,9999.000,9999.000,9999.000,9999.000,9999.000,9999.000,9999.000
202606161718,   1.417,   2.279,9999.000,9999.000,9999.000,9999.000,9999.000,9999.000,9999.000
202606161724,   1.406,   2.279,9999.000,9999.000,9999.000,9999.000,9999.000,9999.000,9999.000
202606161730,   1.395,   2.279,9999.000,9999.000,9999.000,9999.000,9999.000,9999.000,9999.000
202606161736,   1.383,   2.289,9999.000,9999.000,9999.000,9999.000,9999.000,9999.000,9999.000
202606161742,   1.372,   2.269,9999.000,9999.000,9999.000,9999.000,9999.000,9999.000,9999.000
202606161748,   1.360,   2.259,9999.000,9999.000,9999.000,9999.000,9999.000,9999.000,9999.000
202606161754,   1.349,   2.259,9999.000,9999.000,9999.000,9999.000,9999.000,9999.000,9999.000
202606161800,   1.338,   2.240,   0.900,   0.002,   2.240,   0.900,   2.240,   0.900,   2.240
202606161806,   1.326,   2.220,9999.000,9999.000,9999.000,9999.000,9999.000,9999.000,9999.000
202606161812,   1.316,   2.210,9999.000,9999.000,9999.000,9999.000,9999.000,9999.000,9999.000
202606161818,   1.305,   2.210,9999.000,9999.000,9999.000,9999.000,9999.000,9999.000,9999.000
202606161824,   1.295,   2.200,9999.000,9999.000,9999.000,9999.000,9999.000,9999.000,9999.000
202606161830,   1.285,   2.191,9999.000,9999.000,9999.000,9999.000,9999.000,9999.000,9999.000
202606161836,   1.276,   2.177,9999.000,9999.000,9999.000,9999.000,9999.000,9999.000,9999.000
202606161842,   1.267,   2.168,9999.000,9999.000,9999.000,9999.000,9999.000,9999.000,9999.000
202606161848,   1.260,   2.148,9999.000,9999.000,9999.000,9999.000,9999.000,9999.000,9999.000
202606161854,   1.253,   2.158,9999.000,9999.000,9999.000,9999.000,9999.000,9999.000,9999.000
202606161900,   1.246,   2.138,   0.900,  -0.008,   2.138,   0.900,   2.138,   1.000,   2.238
202606161906,   1.241,   2.148,9999.000,9999.000,9999.000,9999.000,9999.000,9999.000,9999.000
202606161912,   1.237,   2.138,9999.000,9999.000,9999.000,9999.000,9999.000,9999.000,9999.000
202606161918,   1.234,   2.168,9999.000,9999.000,9999.000,9999.000,9999.000,9999.000,9999.000
202606161924,   1.231,   2.191,9999.000,9999.000,9999.000,9999.000,9999.000,9999.000,9999.000
202606161930,   1.230,   2.200,9999.000,9999.000,9999.000,9999.000,9999.000,9999.000,9999.000
202606161936,   1.231,   2.210,9999.000,9999.000,9999.000,9999.000,9999.000,9999.000,9999.000
202606161942,   1.232,   2.210,9999.000,9999.000,9999.000,9999.000,9999.000,9999.000,9999.000
202606161948,   1.235,   2.230,9999.000,9999.000,9999.000,9999.000,9999.000,9999.000,9999.000
202606161954,   1.239,   2.230,9999.000,9999.000,9999.000,9999.000,9999.000,9999.000,9999.000
202606162000,   1.244,   2.240,   0.900,   0.096,   2.240,   0.900,   2.240,   1.000,   2.340
202606162006,   1.251,   2.240,9999.000,9999.000,9999.000,9999.000,9999.000,9999.000,9999.000
202606162012,   1.258,   2.279,9999.000,9999.000,9999.000,9999.000,9999.000,9999.000,9999.000
202606162018,   1.267,   2.318,9999.000,9999.000,9999.000,9999.000,9999.000,9999.000,9999.000
202606162024,   1.278,   2.328,9999.000,9999.000,9999.000,9999.000,9999.000,9999.000,9999.000
202606162030,   1.289,   2.328,9999.000,9999.000,9999.000,9999.000,9999.000,9999.000,9999.000
202606162036,   1.301,   2.358,9999.000,9999.000,9999.000,9999.000,9999.000,9999.000,9999.000
202606162042,   1.315,   2.377,9999.000,9999.000,9999.000,9999.000,9999.000,9999.000,9999.000
202606162048,   1.329,   2.387,9999.000,9999.000,9999.000,9999.000,9999.000,9999.000,9999.000
202606162054,   1.344,   2.410,9999.000,9999.000,9999.000,9999.000,9999.000,9999.000,9999.000
202606162100,   1.360,   2.420,   1.000,   0.060,   2.420,   0.900,   2.320,   1.000,   2.420
202606162106,   1.376,   2.450,9999.000,9999.000,9999.000,9999.000,9999.000,9999.000,9999.000
202606162112,   1.393,   2.469,9999.000,9999.000,9999.000,9999.000,9999.000,9999.000,9999.000
202606162118,   1.410,   2.469,9999.000,9999.000,9999.000,9999.000,9999.000,9999.000,9999.000
202606162124,   1.428,   2.489,9999.000,9999.000,9999.000,9999.000,9999.000,9999.000,9999.000
202606162130,   1.445,   2.509,9999.000,9999.000,9999.000,9999.000,9999.000,9999.000,9999.000
202606162136,   1.463,   2.509,9999.000,9999.000,9999.000,9999.000,9999.000,9999.000,9999.000
202606162142,   1.481,   2.538,9999.000,9999.000,9999.000,9999.000,9999.000,9999.000,9999.000
202606162148,   1.498,   2.568,9999.000,9999.000,9999.000,9999.000,9999.000,9999.000,9999.000
202606162154,   1.515,   2.568,9999.000,9999.000,9999.000,9999.000,9999.000,9999.000,9999.000
202606162200,   1.532,   2.558,   1.000,   0.026,   2.558,   0.900,   2.458,   1.000,   2.558
202606162206,   1.549,   2.568,9999.000,9999.000,9999.000,9999.000,9999.000,9999.000,9999.000
202606162212,   1.564,   2.578,9999.000,9999.000,9999.000,9999.000,9999.000,9999.000,9999.000
202606162218,   1.580,   2.597,9999.000,9999.000,9999.000,9999.000,9999.000,9999.000,9999.000
202606162224,   1.594,   2.597,9999.000,9999.000,9999.000,9999.000,9999.000,9999.000,9999.000
202606162230,   1.608,   2.610,9999.000,9999.000,9999.000,9999.000,9999.000,9999.000,9999.000
202606162236,   1.621,   2.620,9999.000,9999.000,9999.000,9999.000,9999.000,9999.000,9999.000
202606162242,   1.633,   2.620,9999.000,9999.000,9999.000,9999.000,9999.000,9999.000,9999.000
202606162248,   1.644,   2.597,9999.000,9999.000,9999.000,9999.000,9999.000,9999.000,9999.000
202606162254,   1.655,   2.578,9999.000,9999.000,9999.000,9999.000,9999.000,9999.000,9999.000
202606162300,   1.665,   2.597,   1.000,  -0.068,   2.597,   0.900,   2.497,   1.000,   2.597
202606162306,   1.673,   2.578,9999.000,9999.000,9999.000,9999.000,9999.000,9999.000,9999.000
202606162312,   1.681,   2.597,9999.000,9999.000,9999.000,9999.000,9999.000,9999.000,9999.000
202606162318,   1.688,   2.597,9999.000,9999.000,9999.000,9999.000,9999.000,9999.000,9999.000
202606162324,   1.695,   2.587,9999.000,9999.000,9999.000,9999.000,9999.000,9999.000,9999.000
202606162330,   1.700,   2.578,9999.000,9999.000,9999.000,9999.000,9999.000,9999.000,9999.000
202606162336,   1.705,   2.578,9999.000,9999.000,9999.000,9999.000,9999.000,9999.000,9999.000
202606162342,   1.709,   2.578,9999.000,9999.000,9999.000,9999.000,9999.000,9999.000,9999.000
202606162348,   1.712,   2.558,9999.000,9999.000,9999.000,9999.000,9999.000,9999.000,9999.000
202606162354,   1.715,   2.548,9999.000,9999.000,9999.000,9999.000,9999.000,9999.000,9999.000
202606170000,   1.717,   2.538,   0.900,  -0.079,   2.538,   0.900,   2.538,   0.900,   2.538
202606170006,   1.718,   2.519,9999.000,9999.000,9999.000,9999.000,9999.000,9999.000,9999.000
202606170012,   1.719,   2.528,9999.000,9999.000,9999.000,9999.000,9999.000,9999.000,9999.000
202606170018,   1.719,   2.509,9999.000,9999.000,9999.000,9999.000,9999.000,9999.000,9999.000
202606170024,   1.719,   2.489,9999.000,9999.000,9999.000,9999.000,9999.000,9999.000,9999.000
202606170030,   1.718,   2.479,9999.000,9999.000,9999.000,9999.000,9999.000,9999.000,9999.000
202606170036,   1.717,   2.459,9999.000,9999.000,9999.000,9999.000,9999.000,9999.000,9999.000
202606170042,   1.715,   2.469,9999.000,9999.000,9999.000,9999.000,9999.000,9999.000,9999.000
202606170048,   1.712,   2.469,9999.000,9999.000,9999.000,9999.000,9999.000,9999.000,9999.000
202606170054,   1.709,   2.450,9999.000,9999.000,9999.000,9999.000,9999.000,9999.000,9999.000
202606170100,   1.706,   2.440,   0.900,  -0.166,   2.440,   0.900,   2.440,   0.900,   2.440
202606170106,   1.702,   2.400,9999.000,9999.000,9999.000,9999.000,9999.000,9999.000,9999.000
202606170112,   1.697,   2.410,9999.000,9999.000,9999.000,9999.000,9999.000,9999.000,9999.000
202606170118,   1.692,   2.400,9999.000,9999.000,9999.000,9999.000,9999.000,9999.000,9999.000
202606170124,   1.686,   2.400,9999.000,9999.000,9999.000,9999.000,9999.000,9999.000,9999.000
202606170130,   1.679,   2.377,9999.000,9999.000,9999.000,9999.000,9999.000,9999.000,9999.000
202606170136,   1.671,   2.368,9999.000,9999.000,9999.000,9999.000,9999.000,9999.000,9999.000
202606170142,   1.663,   2.348,9999.000,9999.000,9999.000,9999.000,9999.000,9999.000,9999.000
202606170148,   1.654,   2.348,9999.000,9999.000,9999.000,9999.000,9999.000,9999.000,9999.000
202606170154,   1.644,   2.338,9999.000,9999.000,9999.000,9999.000,9999.000,9999.000,9999.000
202606170200,   1.633,   2.348,   0.900,  -0.185,   2.348,   0.900,   2.348,   0.900,   2.348
202606170206,   1.621,   2.328,9999.000,9999.000,9999.000,9999.000,9999.000,9999.000,9999.000
202606170212,   1.608,   2.279,9999.000,9999.000,9999.000,9999.000,9999.000,9999.000,9999.000
202606170218,   1.594,   2.299,9999.000,9999.000,9999.000,9999.000,9999.000,9999.000,9999.000
202606170224,   1.578,   2.289,9999.000,9999.000,9999.000,9999.000,9999.000,9999.000,9999.000
202606170230,   1.562,   2.269,9999.000,9999.000,9999.000,9999.000,9999.000,9999.000,9999.000
202606170236,   1.545,   2.230,9999.000,9999.000,9999.000,9999.000,9999.000,9999.000,9999.000
202606170242,   1.527,   2.230,9999.000,9999.000,9999.000,9999.000,9999.000,9999.000,9999.000
202606170248,   1.507,   2.220,9999.000,9999.000,9999.000,9999.000,9999.000,9999.000,9999.000
202606170254,   1.487,   2.210,9999.000,9999.000,9999.000,9999.000,9999.000,9999.000,9999.000
202606170300,   1.465,   2.191,   0.900,  -0.174,   2.191,   0.900,   2.191,   0.900,   2.191
202606170306,   1.443,   2.148,9999.000,9999.000,9999.000,9999.000,9999.000,9999.000,9999.000
202606170312,   1.419,   2.158,9999.000,9999.000,9999.000,9999.000,9999.000,9999.000,9999.000
202606170318,   1.394,   2.148,9999.000,9999.000,9999.000,9999.000,9999.000,9999.000,9999.000
202606170324,   1.369,   2.128,9999.000,9999.000,9999.000,9999.000,9999.000,9999.000,9999.000
202606170330,   1.342,   2.118,9999.000,9999.000,9999.000,9999.000,9999.000,9999.000,9999.000
202606170336,   1.315,   2.099,9999.000,9999.000,9999.000,9999.000,9999.000,9999.000,9999.000
202606170342,   1.287,   2.079,9999.000,9999.000,9999.000,9999.000,9999.000,9999.000,9999.000
202606170348,   1.258,   2.040,9999.000,9999.000,9999.000,9999.000,9999.000,9999.000,9999.000
202606170354,   1.228,   2.010,9999.000,9999.000,9999.000,9999.000,9999.000,9999.000,9999.000
202606170400,   1.197,   1.990,   0.900,  -0.107,   1.990,   0.900,   1.990,   0.900,   1.990
202606170406,   1.166,   1.967,9999.000,9999.000,9999.000,9999.000,9999.000,9999.000,9999.000
202606170412,   1.135,   1.958,9999.000,9999.000,9999.000,9999.000,9999.000,9999.000,9999.000
202606170418,   1.103,   1.928,9999.000,9999.000,9999.000,9999.000,9999.000,9999.000,9999.000
202606170424,   1.070,   1.908,9999.000,9999.000,9999.000,9999.000,9999.000,9999.000,9999.000
202606170430,   1.037,   1.869,9999.000,9999.000,9999.000,9999.000,9999.000,9999.000,9999.000
202606170436,   1.003,   1.840,9999.000,9999.000,9999.000,9999.000,9999.000,9999.000,9999.000
202606170442,   0.969,   1.800,9999.000,9999.000,9999.000,9999.000,9999.000,9999.000,9999.000
202606170448,   0.935,   1.748,9999.000,9999.000,9999.000,9999.000,9999.000,9999.000,9999.000
202606170454,   0.901,   1.738,9999.000,9999.000,9999.000,9999.000,9999.000,9999.000,9999.000
202606170500,   0.866,   1.708,   0.900,  -0.058,   1.708,   0.900,   1.708,   1.000,   1.808
202606170506,   0.831,   1.669,9999.000,9999.000,9999.000,9999.000,9999.000,9999.000,9999.000
202606170512,   0.796,   1.630,9999.000,9999.000,9999.000,9999.000,9999.000,9999.000,9999.000
202606170518,   0.760,   1.600,9999.000,9999.000,9999.000,9999.000,9999.000,9999.000,9999.000
202606170524,   0.725,   1.571,9999.000,9999.000,9999.000,9999.000,9999.000,9999.000,9999.000
202606170530,   0.689,   1.528,9999.000,9999.000,9999.000,9999.000,9999.000,9999.000,9999.000
202606170536,   0.653,   1.479,9999.000,9999.000,9999.000,9999.000,9999.000,9999.000,9999.000
202606170542,   0.617,   1.459,9999.000,9999.000,9999.000,9999.000,9999.000,9999.000,9999.000
202606170548,   0.581,   1.420,9999.000,9999.000,9999.000,9999.000,9999.000,9999.000,9999.000
202606170554,   0.546,   1.390,9999.000,9999.000,9999.000,9999.000,9999.000,9999.000,9999.000
202606170600,   0.510,   1.348,   0.800,   0.038,   1.348,   0.800,   1.348,   0.900,   1.448
202606170606,   0.474,   1.308,9999.000,9999.000,9999.000,9999.000,9999.000,9999.000,9999.000
202606170612,   0.439,   1.279,9999.000,9999.000,9999.000,9999.000,9999.000,9999.000,9999.000
202606170618,   0.403,   1.259,9999.000,9999.000,9999.000,9999.000,9999.000,9999.000,9999.000
202606170624,   0.368,   1.210,9999.000,9999.000,9999.000,9999.000,9999.000,9999.000,9999.000
202606170630,   0.334,   1.170,9999.000,9999.000,9999.000,9999.000,9999.000,9999.000,9999.000
202606170636,   0.299,   1.128,9999.000,9999.000,9999.000,9999.000,9999.000,9999.000,9999.000
202606170642,   0.266,   1.108,9999.000,9999.000,9999.000,9999.000,9999.000,9999.000,9999.000
202606170648,   0.232,   1.069,9999.000,9999.000,9999.000,9999.000,9999.000,9999.000,9999.000
202606170654,   0.200,   1.029,9999.000,9999.000,9999.000,9999.000,9999.000,9999.000,9999.000
202606170700,   0.168,   1.020,   0.800,   0.052,   1.020,   0.800,   1.020,   0.900,   1.120
202606170706,   0.138,   0.961,9999.000,9999.000,9999.000,9999.000,9999.000,9999.000,9999.000
202606170712,   0.108,   0.888,9999.000,9999.000,9999.000,9999.000,9999.000,9999.000,9999.000
202606170718,   0.079,   0.869,9999.000,9999.000,9999.000,9999.000,9999.000,9999.000,9999.000
202606170724,   0.052,   0.879,9999.000,9999.000,9999.000,9999.000,9999.000,9999.000,9999.000
202606170730,   0.026,   0.859,9999.000,9999.000,9999.000,9999.000,9999.000,9999.000,9999.000
202606170736,   0.001,   0.829,9999.000,9999.000,9999.000,9999.000,9999.000,9999.000,9999.000
202606170742,  -0.021,   0.819,9999.000,9999.000,9999.000,9999.000,9999.000,9999.000,9999.000
202606170748,  -0.042,   0.780,9999.000,9999.000,9999.000,9999.000,9999.000,9999.000,9999.000
202606170754,  -0.062,   0.790,9999.000,9999.000,9999.000,9999.000,9999.000,9999.000,9999.000
202606170800,  -0.080,   0.760,   0.800,   0.040,   0.760,   0.800,   0.760,   0.900,   0.860
202606170806,  -0.096,   0.751,9999.000,9999.000,9999.000,9999.000,9999.000,9999.000,9999.000
202606170812,  -0.110,   0.741,9999.000,9999.000,9999.000,9999.000,9999.000,9999.000,9999.000
202606170818,  -0.122,   0.718,9999.000,9999.000,9999.000,9999.000,9999.000,9999.000,9999.000
202606170824,  -0.132,   0.708,9999.000,9999.000,9999.000,9999.000,9999.000,9999.000,9999.000
202606170830,  -0.140,   0.708,9999.000,9999.000,9999.000,9999.000,9999.000,9999.000,9999.000
202606170836,  -0.146,   0.678,9999.000,9999.000,9999.000,9999.000,9999.000,9999.000,9999.000
202606170842,  -0.149,   0.669,9999.000,9999.000,9999.000,9999.000,9999.000,9999.000,9999.000
202606170848,  -0.151,   0.698,9999.000,9999.000,9999.000,9999.000,9999.000,9999.000,9999.000
202606170854,  -0.150,   0.678,9999.000,9999.000,9999.000,9999.000,9999.000,9999.000,9999.000
202606170900,  -0.148,   0.649,   0.800,  -0.003,   0.649,   0.700,   0.549,   0.900,   0.749
202606170906,  -0.143,   0.649,9999.000,9999.000,9999.000,9999.000,9999.000,9999.000,9999.000
202606170912,  -0.137,   0.678,9999.000,9999.000,9999.000,9999.000,9999.000,9999.000,9999.000
202606170918,  -0.128,   0.678,9999.000,9999.000,9999.000,9999.000,9999.000,9999.000,9999.000
202606170924,  -0.118,   0.698,9999.000,9999.000,9999.000,9999.000,9999.000,9999.000,9999.000
202606170930,  -0.106,   0.688,9999.000,9999.000,9999.000,9999.000,9999.000,9999.000,9999.000
202606170936,  -0.092,   0.698,9999.000,9999.000,9999.000,9999.000,9999.000,9999.000,9999.000
202606170942,  -0.076,   0.708,9999.000,9999.000,9999.000,9999.000,9999.000,9999.000,9999.000
202606170948,  -0.060,   0.718,9999.000,9999.000,9999.000,9999.000,9999.000,9999.000,9999.000
202606170954,  -0.041,   0.708,9999.000,9999.000,9999.000,9999.000,9999.000,9999.000,9999.000
202606171000,  -0.022,   0.708,   0.800,  -0.070,   0.708,   0.700,   0.608,   0.900,   0.808
202606171006,  -0.001,   0.731,9999.000,9999.000,9999.000,9999.000,9999.000,9999.000,9999.000
202606171012,   0.020,   0.741,9999.000,9999.000,9999.000,9999.000,9999.000,9999.000,9999.000
202606171018,   0.043,   0.770,9999.000,9999.000,9999.000,9999.000,9999.000,9999.000,9999.000
202606171024,   0.067,   0.760,9999.000,9999.000,9999.000,9999.000,9999.000,9999.000,9999.000
202606171030,   0.092,   0.760,9999.000,9999.000,9999.000,9999.000,9999.000,9999.000,9999.000
202606171036,   0.118,   0.760,9999.000,9999.000,9999.000,9999.000,9999.000,9999.000,9999.000
202606171042,   0.144,   0.790,9999.000,9999.000,9999.000,9999.000,9999.000,9999.000,9999.000
202606171048,   0.171,   0.819,9999.000,9999.000,9999.000,9999.000,9999.000,9999.000,9999.000
202606171054,   0.198,   0.819,9999.000,9999.000,9999.000,9999.000,9999.000,9999.000,9999.000
202606171100,   0.227,   0.839,   0.800,  -0.188,   0.839,   0.700,   0.739,   0.900,   0.939
202606171106,   0.255,   0.859,9999.000,9999.000,9999.000,9999.000,9999.000,9999.000,9999.000
202606171112,   0.284,   0.859,9999.000,9999.000,9999.000,9999.000,9999.000,9999.000,9999.000
202606171118,   0.314,   0.869,9999.000,9999.000,9999.000,9999.000,9999.000,9999.000,9999.000
202606171124,   0.344,   0.888,9999.000,9999.000,9999.000,9999.000,9999.000,9999.000,9999.000
202606171130,   0.374,   0.918,9999.000,9999.000,9999.000,9999.000,9999.000,9999.000,9999.000
202606171136,   0.405,   0.928,9999.000,9999.000,9999.000,9999.000,9999.000,9999.000,9999.000
202606171142,   0.436,   0.941,9999.000,9999.000,9999.000,9999.000,9999.000,9999.000,9999.000
202606171148,   0.467,   0.951,9999.000,9999.000,9999.000,9999.000,9999.000,9999.000,9999.000
202606171154,   0.499,   0.970,9999.000,9999.000,9999.000,9999.000,9999.000,9999.000,9999.000
202606171200,   0.532,   0.990,   0.700,  -0.242,   0.990,   0.600,   0.890,   0.800,   1.090
202606171206,   0.564,   1.020,9999.000,9999.000,9999.000,9999.000,9999.000,9999.000,9999.000
202606171212,   0.598,   1.039,9999.000,9999.000,9999.000,9999.000,9999.000,9999.000,9999.000
202606171218,   0.631,   1.059,9999.000,9999.000,9999.000,9999.000,9999.000,9999.000,9999.000
202606171224,   0.665,   1.088,9999.000,9999.000,9999.000,9999.000,9999.000,9999.000,9999.000
202606171230,   0.699,   1.118,9999.000,9999.000,9999.000,9999.000,9999.000,9999.000,9999.000
202606171236,   0.733,   1.161,9999.000,9999.000,9999.000,9999.000,9999.000,9999.000,9999.000
202606171242,   0.768,   1.200,9999.000,9999.000,9999.000,9999.000,9999.000,9999.000,9999.000
202606171248,   0.803,   1.229,9999.000,9999.000,9999.000,9999.000,9999.000,9999.000,9999.000
202606171254,   0.838,   1.259,9999.000,9999.000,9999.000,9999.000,9999.000,9999.000,9999.000
202606171300,   0.874,   1.298,   0.700,  -0.276,   1.298,   0.600,   1.198,   0.700,   1.298
202606171306,   0.909,   1.328,9999.000,9999.000,9999.000,9999.000,9999.000,9999.000,9999.000
202606171312,   0.945,   1.380,9999.000,9999.000,9999.000,9999.000,9999.000,9999.000,9999.000
202606171318,   0.980,   1.430,9999.000,9999.000,9999.000,9999.000,9999.000,9999.000,9999.000
202606171324,   1.015,   1.439,9999.000,9999.000,9999.000,9999.000,9999.000,9999.000,9999.000
202606171330,   1.050,   1.459,9999.000,9999.000,9999.000,9999.000,9999.000,9999.000,9999.000
202606171336,   1.085,   1.498,9999.000,9999.000,9999.000,9999.000,9999.000,9999.000,9999.000
202606171342,   1.119,   1.538,9999.000,9999.000,9999.000,9999.000,9999.000,9999.000,9999.000
202606171348,   1.153,   1.571,9999.000,9999.000,9999.000,9999.000,9999.000,9999.000,9999.000
202606171354,   1.186,   1.600,9999.000,9999.000,9999.000,9999.000,9999.000,9999.000,9999.000
202606171400,   1.218,   1.620,   0.700,  -0.298,   1.620,   0.600,   1.520,   0.700,   1.620
202606171406,   1.250,   1.649,9999.000,9999.000,9999.000,9999.000,9999.000,9999.000,9999.000
202606171412,   1.281,   1.699,9999.000,9999.000,9999.000,9999.000,9999.000,9999.000,9999.000
202606171418,   1.310,   1.708,9999.000,9999.000,9999.000,9999.000,9999.000,9999.000,9999.000
202606171424,   1.339,   1.728,9999.000,9999.000,9999.000,9999.000,9999.000,9999.000,9999.000
202606171430,   1.366,   1.748,9999.000,9999.000,9999.000,9999.000,9999.000,9999.000,9999.000
202606171436,   1.393,   1.767,9999.000,9999.000,9999.000,9999.000,9999.000,9999.000,9999.000
202606171442,   1.417,   1.800,9999.000,9999.000,9999.000,9999.000,9999.000,9999.000,9999.000
202606171448,   1.441,   1.830,9999.000,9999.000,9999.000,9999.000,9999.000,9999.000,9999.000
202606171454,   1.463,   1.859,9999.000,9999.000,9999.000,9999.000,9999.000,9999.000,9999.000
202606171500,   1.484,   1.869,   0.700,  -0.315,   1.869,   0.600,   1.769,   0.700,   1.869
202606171506,   1.503,   1.859,9999.000,9999.000,9999.000,9999.000,9999.000,9999.000,9999.000
202606171512,   1.520,   1.899,9999.000,9999.000,9999.000,9999.000,9999.000,9999.000,9999.000
202606171518,   1.536,   1.928,9999.000,9999.000,9999.000,9999.000,9999.000,9999.000,9999.000
202606171524,   1.551,   1.948,9999.000,9999.000,9999.000,9999.000,9999.000,9999.000,9999.000
202606171530,   1.564,   1.938,9999.000,9999.000,9999.000,9999.000,9999.000,9999.000,9999.000
202606171536,   1.575,   1.958,9999.000,9999.000,9999.000,9999.000,9999.000,9999.000,9999.000
202606171542,   1.585,   1.981,9999.000,9999.000,9999.000,9999.000,9999.000,9999.000,9999.000
202606171548,   1.594,   1.967,9999.000,9999.000,9999.000,9999.000,9999.000,9999.000,9999.000
202606171554,   1.601,   1.967,9999.000,9999.000,9999.000,9999.000,9999.000,9999.000,9999.000
202606171600,   1.606,   2.000,   0.700,  -0.306,   2.000,   0.600,   1.900,   0.700,   2.000
202606171606,   1.611,   2.000,9999.000,9999.000,9999.000,9999.000,9999.000,9999.000,9999.000
202606171612,   1.614,   1.981,9999.000,9999.000,9999.000,9999.000,9999.000,9999.000,9999.000
202606171618,   1.616,   1.990,9999.000,9999.000,9999.000,9999.000,9999.000,9999.000,9999.000
202606171624,   1.616,   2.000,9999.000,9999.000,9999.000,9999.000,9999.000,9999.000,9999.000
202606171630,   1.616,   2.000,9999.000,9999.000,9999.000,9999.000,9999.000,9999.000,9999.000
202606171636,   1.614,   1.981,9999.000,9999.000,9999.000,9999.000,9999.000,9999.000,9999.000
202606171642,   1.612,   2.000,9999.000,9999.000,9999.000,9999.000,9999.000,9999.000,9999.000
202606171648,   1.608,   1.990,9999.000,9999.000,9999.000,9999.000,9999.000,9999.000,9999.000
202606171654,   1.604,   2.000,9999.000,9999.000,9999.000,9999.000,9999.000,9999.000,9999.000
202606171700,   1.599,   2.000,   0.700,  -0.299,   2.000,   0.600,   1.900,   0.700,   2.000
202606171706,   1.593,   2.030,9999.000,9999.000,9999.000,9999.000,9999.000,9999.000,9999.000
202606171712,   1.586,   2.030,9999.000,9999.000,9999.000,9999.000,9999.000,9999.000,9999.000
202606171718,   1.578,   1.967,9999.000,9999.000,9999.000,9999.000,9999.000,9999.000,9999.000
202606171724,   1.570,   1.981,9999.000,9999.000,9999.000,9999.000,9999.000,9999.000,9999.000
202606171730,   1.561,   1.948,9999.000,9999.000,9999.000,9999.000,9999.000,9999.000,9999.000
202606171736,   1.552,   1.981,9999.000,9999.000,9999.000,9999.000,9999.000,9999.000,9999.000
202606171742,   1.542,   2.000,9999.000,9999.000,9999.000,9999.000,9999.000,9999.000,9999.000
202606171748,   1.531,   2.020,9999.000,9999.000,9999.000,9999.000,9999.000,9999.000,9999.000
202606171754,   1.520,   2.020,9999.000,9999.000,9999.000,9999.000,9999.000,9999.000,9999.000
202606171800,   1.508,   2.010,   0.500,   0.002,   2.010,   0.500,   2.010,   0.500,   2.010
202606171806,   1.496,   1.990,9999.000,9999.000,9999.000,9999.000,9999.000,9999.000,9999.000
202606171812,   1.484,   1.948,9999.000,9999.000,9999.000,9999.000,9999.000,9999.000,9999.000
202606171818,   1.471,   1.948,9999.000,9999.000,9999.000,9999.000,9999.000,9999.000,9999.000
202606171824,   1.458,   1.928,9999.000,9999.000,9999.000,9999.000,9999.000,9999.000,9999.000
202606171830,   1.444,   1.908,9999.000,9999.000,9999.000,9999.000,9999.000,9999.000,9999.000
202606171836,   1.430,   1.869,9999.000,9999.000,9999.000,9999.000,9999.000,9999.000,9999.000
202606171842,   1.417,   1.869,9999.000,9999.000,9999.000,9999.000,9999.000,9999.000,9999.000
202606171848,   1.403,   1.849,9999.000,9999.000,9999.000,9999.000,9999.000,9999.000,9999.000
202606171854,   1.389,   1.840,9999.000,9999.000,9999.000,9999.000,9999.000,9999.000,9999.000
202606171900,   1.375,   1.830,   0.500,  -0.045,   1.830,   0.500,   1.830,   0.500,   1.830
202606171906,   1.361,   1.840,9999.000,9999.000,9999.000,9999.000,9999.000,9999.000,9999.000
202606171912,   1.348,   1.810,9999.000,9999.000,9999.000,9999.000,9999.000,9999.000,9999.000
202606171918,   1.335,   1.820,9999.000,9999.000,9999.000,9999.000,9999.000,9999.000,9999.000
202606171924,   1.322,   1.790,9999.000,9999.000,9999.000,9999.000,9999.000,9999.000,9999.000
202606171930,   1.310,   1.767,9999.000,9999.000,9999.000,9999.000,9999.000,9999.000,9999.000
202606171936,   1.298,   1.767,9999.000,9999.000,9999.000,9999.000,9999.000,9999.000,9999.000
202606171942,   1.287,   1.748,9999.000,9999.000,9999.000,9999.000,9999.000,9999.000,9999.000
202606171948,   1.277,   1.767,9999.000,9999.000,9999.000,9999.000,9999.000,9999.000,9999.000
202606171954,   1.268,   1.781,9999.000,9999.000,9999.000,9999.000,9999.000,9999.000,9999.000
202606172000,   1.259,   1.758,   0.500,  -0.001,   1.758,   0.400,   1.658,   0.500,   1.758
202606172006,   1.252,   1.748,9999.000,9999.000,9999.000,9999.000,9999.000,9999.000,9999.000
202606172012,   1.246,   1.758,9999.000,9999.000,9999.000,9999.000,9999.000,9999.000,9999.000
202606172018,   1.241,   1.758,9999.000,9999.000,9999.000,9999.000,9999.000,9999.000,9999.000
202606172024,   1.237,   1.758,9999.000,9999.000,9999.000,9999.000,9999.000,9999.000,9999.000
202606172030,   1.235,   1.758,9999.000,9999.000,9999.000,9999.000,9999.000,9999.000,9999.000
202606172036,   1.234,   1.758,9999.000,9999.000,9999.000,9999.000,9999.000,9999.000,9999.000
202606172042,   1.234,   1.767,9999.000,9999.000,9999.000,9999.000,9999.000,9999.000,9999.000
202606172048,   1.235,   1.767,9999.000,9999.000,9999.000,9999.000,9999.000,9999.000,9999.000
202606172054,   1.238,   1.790,9999.000,9999.000,9999.000,9999.000,9999.000,9999.000,9999.000
202606172100,   1.243,   1.810,   0.500,   0.067,   1.810,   0.400,   1.710,   0.500,   1.810
202606172106,   1.248,   1.830,9999.000,9999.000,9999.000,9999.000,9999.000,9999.000,9999.000
202606172112,   1.255,   1.840,9999.000,9999.000,9999.000,9999.000,9999.000,9999.000,9999.000
202606172118,   1.263,   1.859,9999.000,9999.000,9999.000,9999.000,9999.000,9999.000,9999.000
202606172124,   1.273,   1.879,9999.000,9999.000,9999.000,9999.000,9999.000,9999.000,9999.000
202606172130,   1.283,   1.889,9999.000,9999.000,9999.000,9999.000,9999.000,9999.000,9999.000
202606172136,   1.294,   1.908,9999.000,9999.000,9999.000,9999.000,9999.000,9999.000,9999.000
202606172142,   1.307,   1.958,9999.000,9999.000,9999.000,9999.000,9999.000,9999.000,9999.000
202606172148,   1.320,   1.948,9999.000,9999.000,9999.000,9999.000,9999.000,9999.000,9999.000
202606172154,   1.334,   1.948,9999.000,9999.000,9999.000,9999.000,9999.000,9999.000,9999.000
202606172200,   1.348,   1.967,   0.500,   0.119,   1.967,   0.400,   1.867,   0.500,   1.967
202606172206,   1.363,   1.967,9999.000,9999.000,9999.000,9999.000,9999.000,9999.000,9999.000
202606172212,   1.378,   1.967,9999.000,9999.000,9999.000,9999.000,9999.000,9999.000,9999.000
202606172218,   1.393,   2.000,9999.000,9999.000,9999.000,9999.000,9999.000,9999.000,9999.000
202606172224,   1.409,   2.000,9999.000,9999.000,9999.000,9999.000,9999.000,9999.000,9999.000
202606172230,   1.424,   2.020,9999.000,9999.000,9999.000,9999.000,9999.000,9999.000,9999.000
202606172236,   1.440,   2.049,9999.000,9999.000,9999.000,9999.000,9999.000,9999.000,9999.000
202606172242,   1.455,   2.040,9999.000,9999.000,9999.000,9999.000,9999.000,9999.000,9999.000
202606172248,   1.470,   2.049,9999.000,9999.000,9999.000,9999.000,9999.000,9999.000,9999.000
202606172254,   1.484,   2.069,9999.000,9999.000,9999.000,9999.000,9999.000,9999.000,9999.000
202606172300,   1.499,   2.089,   0.400,   0.190,   2.089,   0.400,   2.089,   0.500,   2.189
202606172306,   1.512,   2.118,9999.000,9999.000,9999.000,9999.000,9999.000,9999.000,9999.000
202606172312,   1.525,   2.138,9999.000,9999.000,9999.000,9999.000,9999.000,9999.000,9999.000
202606172318,   1.538,   2.128,9999.000,9999.000,9999.000,9999.000,9999.000,9999.000,9999.000
202606172324,   1.549,   2.128,9999.000,9999.000,9999.000,9999.000,9999.000,9999.000,9999.000
202606172330,   1.561,   2.138,9999.000,9999.000,9999.000,9999.000,9999.000,9999.000,9999.000
202606172336,   1.571,   2.128,9999.000,9999.000,9999.000,9999.000,9999.000,9999.000,9999.000
202606172342,   1.581,   2.138,9999.000,9999.000,9999.000,9999.000,9999.000,9999.000,9999.000
202606172348,   1.590,   2.148,9999.000,9999.000,9999.000,9999.000,9999.000,9999.000,9999.000
202606172354,   1.599,   2.128,9999.000,9999.000,9999.000,9999.000,9999.000,9999.000,9999.000
202606180000,   1.607,   2.118,   0.300,   0.211,   2.118,   0.300,   2.118,   0.300,   2.118
202606180006,   1.614,   2.128,9999.000,9999.000,9999.000,9999.000,9999.000,9999.000,9999.000
202606180012,   1.621,   2.118,9999.000,9999.000,9999.000,9999.000,9999.000,9999.000,9999.000
202606180018,   1.627,   2.099,9999.000,9999.000,9999.000,9999.000,9999.000,9999.000,9999.000
202606180024,   1.633,   2.099,9999.000,9999.000,9999.000,9999.000,9999.000,9999.000,9999.000
202606180030,   1.638,   2.109,9999.000,9999.000,9999.000,9999.000,9999.000,9999.000,9999.000
202606180036,   1.643,   2.109,9999.000,9999.000,9999.000,9999.000,9999.000,9999.000,9999.000
202606180042,   1.647,   2.099,9999.000,9999.000,9999.000,9999.000,9999.000,9999.000,9999.000
202606180048,   1.652,   2.079,9999.000,9999.000,9999.000,9999.000,9999.000,9999.000,9999.000
202606180054,   1.655,   2.069,9999.000,9999.000,9999.000,9999.000,9999.000,9999.000,9999.000
202606180100,   1.659,   2.040,   0.300,   0.081,   2.040,   0.300,   2.040,   0.300,   2.040
202606180106,   1.662,   2.040,9999.000,9999.000,9999.000,9999.000,9999.000,9999.000,9999.000
202606180112,   1.665,   2.040,9999.000,9999.000,9999.000,9999.000,9999.000,9999.000,9999.000
202606180118,   1.668,   2.030,9999.000,9999.000,9999.000,9999.000,9999.000,9999.000,9999.000
202606180124,   1.670,   2.040,9999.000,9999.000,9999.000,9999.000,9999.000,9999.000,9999.000
202606180130,   1.672,   2.040,9999.000,9999.000,9999.000,9999.000,9999.000,9999.000,9999.000
202606180136,   1.674,   2.030,9999.000,9999.000,9999.000,9999.000,9999.000,9999.000,9999.000
202606180142,   1.675,   2.010,9999.000,9999.000,9999.000,9999.000,9999.000,9999.000,9999.000
202606180148,   1.676,   2.010,9999.000,9999.000,9999.000,9999.000,9999.000,9999.000,9999.000
202606180154,   1.676,   2.020,9999.000,9999.000,9999.000,9999.000,9999.000,9999.000,9999.000
202606180200,   1.676,   2.020,   0.300,   0.044,   2.020,   0.300,   2.020,   0.300,   2.020
202606180206,   1.675,   2.010,9999.000,9999.000,9999.000,9999.000,9999.000,9999.000,9999.000
202606180212,   1.673,   1.958,9999.000,9999.000,9999.000,9999.000,9999.000,9999.000,9999.000
202606180218,   1.671,   1.967,9999.000,9999.000,9999.000,9999.000,9999.000,9999.000,9999.000
202606180224,   1.668,   1.948,9999.000,9999.000,9999.000,9999.000,9999.000,9999.000,9999.000
202606180230,   1.664,   1.928,9999.000,9999.000,9999.000,9999.000,9999.000,9999.000,9999.000
202606180236,   1.660,   1.981,9999.000,9999.000,9999.000,9999.000,9999.000,9999.000,9999.000
202606180242,   1.654,   2.000,9999.000,9999.000,9999.000,9999.000,9999.000,9999.000,9999.000
202606180248,   1.647,   2.000,9999.000,9999.000,9999.000,9999.000,9999.000,9999.000,9999.000
202606180254,   1.640,   1.981,9999.000,9999.000,9999.000,9999.000,9999.000,9999.000,9999.000
202606180300,   1.631,   1.981,   0.300,   0.050,   1.981,   0.300,   1.981,   0.300,   1.981
202606180306,   1.621,   1.981,9999.000,9999.000,9999.000,9999.000,9999.000,9999.000,9999.000
202606180312,   1.610,   1.990,9999.000,9999.000,9999.000,9999.000,9999.000,9999.000,9999.000
202606180318,   1.598,   1.967,9999.000,9999.000,9999.000,9999.000,9999.000,9999.000,9999.000
202606180324,   1.584,   1.958,9999.000,9999.000,9999.000,9999.000,9999.000,9999.000,9999.000
202606180330,   1.570,   1.948,9999.000,9999.000,9999.000,9999.000,9999.000,9999.000,9999.000
202606180336,   1.554,   1.958,9999.000,9999.000,9999.000,9999.000,9999.000,9999.000,9999.000
202606180342,   1.537,   1.928,9999.000,9999.000,9999.000,9999.000,9999.000,9999.000,9999.000
202606180348,   1.518,   1.918,9999.000,9999.000,9999.000,9999.000,9999.000,9999.000,9999.000
202606180354,   1.499,   1.879,9999.000,9999.000,9999.000,9999.000,9999.000,9999.000,9999.000
202606180400,   1.478,   1.849,   0.300,   0.071,   1.849,   0.200,   1.749,   0.300,   1.849
202606180406,   1.457,   1.849,9999.000,9999.000,9999.000,9999.000,9999.000,9999.000,9999.000
202606180412,   1.434,   1.840,9999.000,9999.000,9999.000,9999.000,9999.000,9999.000,9999.000
202606180418,   1.410,   1.840,9999.000,9999.000,9999.000,9999.000,9999.000,9999.000,9999.000
202606180424,   1.386,   1.830,9999.000,9999.000,9999.000,9999.000,9999.000,9999.000,9999.000
202606180430,   1.360,   1.810,9999.000,9999.000,9999.000,9999.000,9999.000,9999.000,9999.000
202606180436,   1.334,   1.781,9999.000,9999.000,9999.000,9999.000,9999.000,9999.000,9999.000
202606180442,   1.306,   1.781,9999.000,9999.000,9999.000,9999.000,9999.000,9999.000,9999.000
202606180448,   1.278,   1.758,9999.000,9999.000,9999.000,9999.000,9999.000,9999.000,9999.000
202606180454,   1.250,   1.728,9999.000,9999.000,9999.000,9999.000,9999.000,9999.000,9999.000
202606180500,   1.220,   1.699,   0.300,   0.179,   1.699,   0.200,   1.599,   0.300,   1.699
202606180506,   1.190,   1.659,9999.000,9999.000,9999.000,9999.000,9999.000,9999.000,9999.000
202606180512,   1.159,   1.649,9999.000,9999.000,9999.000,9999.000,9999.000,9999.000,9999.000
202606180518,   1.128,   1.630,9999.000,9999.000,9999.000,9999.000,9999.000,9999.000,9999.000
202606180524,   1.096,   1.610,9999.000,9999.000,9999.000,9999.000,9999.000,9999.000,9999.000
202606180530,   1.063,   1.557,9999.000,9999.000,9999.000,9999.000,9999.000,9999.000,9999.000
202606180536,   1.030,   1.548,9999.000,9999.000,9999.000,9999.000,9999.000,9999.000,9999.000
202606180542,   0.997,   1.508,9999.000,9999.000,9999.000,9999.000,9999.000,9999.000,9999.000
202606180548,   0.963,   1.489,9999.000,9999.000,9999.000,9999.000,9999.000,9999.000,9999.000
202606180554,   0.928,   1.459,9999.000,9999.000,9999.000,9999.000,9999.000,9999.000,9999.000
202606180600,   0.894,   1.430,   0.300,   0.236,   1.430,   0.300,   1.430,   0.400,   1.530
202606180606,   0.858,   1.390,9999.000,9999.000,9999.000,9999.000,9999.000,9999.000,9999.000
202606180612,   0.823,   1.361,9999.000,9999.000,9999.000,9999.000,9999.000,9999.000,9999.000
202606180618,   0.787,   1.318,9999.000,9999.000,9999.000,9999.000,9999.000,9999.000,9999.000
202606180624,   0.751,   1.298,9999.000,9999.000,9999.000,9999.000,9999.000,9999.000,9999.000
202606180630,   0.714,   1.259,9999.000,9999.000,9999.000,9999.000,9999.000,9999.000,9999.000
202606180636,   0.677,   1.220,9999.000,9999.000,9999.000,9999.000,9999.000,9999.000,9999.000
202606180642,   0.640,   1.190,9999.000,9999.000,9999.000,9999.000,9999.000,9999.000,9999.000
202606180648,   0.603,   1.138,9999.000,9999.000,9999.000,9999.000,9999.000,9999.000,9999.000
202606180654,   0.566,   1.108,9999.000,9999.000,9999.000,9999.000,9999.000,9999.000,9999.000
202606180700,   0.529,   1.079,   0.300,   0.250,   1.079,   0.300,   1.079,   0.300,   1.079
202606180706,   0.491,   1.029,9999.000,9999.000,9999.000,9999.000,9999.000,9999.000,9999.000
202606180712,   0.454,   1.000,9999.000,9999.000,9999.000,9999.000,9999.000,9999.000,9999.000
202606180718,   0.417,   0.951,9999.000,9999.000,9999.000,9999.000,9999.000,9999.000,9999.000
202606180724,   0.380,   0.928,9999.000,9999.000,9999.000,9999.000,9999.000,9999.000,9999.000
202606180730,   0.344,   0.879,9999.000,9999.000,9999.000,9999.000,9999.000,9999.000,9999.000
202606180736,   0.308,   0.849,9999.000,9999.000,9999.000,9999.000,9999.000,9999.000,9999.000
202606180742,   0.272,   0.829,9999.000,9999.000,9999.000,9999.000,9999.000,9999.000,9999.000
202606180748,   0.238,   0.810,9999.000,9999.000,9999.000,9999.000,9999.000,9999.000,9999.000
202606180754,   0.204,   0.780,9999.000,9999.000,9999.000,9999.000,9999.000,9999.000,9999.000
202606180800,   0.171,   0.731,   0.300,   0.260,   0.731,   0.300,   0.731,   0.300,   0.731
202606180806,   0.139,   0.718,9999.000,9999.000,9999.000,9999.000,9999.000,9999.000,9999.000
202606180812,   0.109,   0.698,9999.000,9999.000,9999.000,9999.000,9999.000,9999.000,9999.000
202606180818,   0.079,   0.688,9999.000,9999.000,9999.000,9999.000,9999.000,9999.000,9999.000
202606180824,   0.052,   0.659,9999.000,9999.000,9999.000,9999.000,9999.000,9999.000,9999.000
202606180830,   0.025,   0.619,9999.000,9999.000,9999.000,9999.000,9999.000,9999.000,9999.000
202606180836,   0.001,   0.590,9999.000,9999.000,9999.000,9999.000,9999.000,9999.000,9999.000
202606180842,  -0.021,   0.570,9999.000,9999.000,9999.000,9999.000,9999.000,9999.000,9999.000
202606180848,  -0.042,   0.560,9999.000,9999.000,9999.000,9999.000,9999.000,9999.000,9999.000
202606180854,  -0.061,   0.541,9999.000,9999.000,9999.000,9999.000,9999.000,9999.000,9999.000
202606180900,  -0.078,   0.518,   0.300,   0.296,   0.518,   0.300,   0.518,   0.300,   0.518
202606180906,  -0.093,   0.508,9999.000,9999.000,9999.000,9999.000,9999.000,9999.000,9999.000
202606180912,  -0.106,   0.488,9999.000,9999.000,9999.000,9999.000,9999.000,9999.000,9999.000
202606180918,  -0.116,   0.488,9999.000,9999.000,9999.000,9999.000,9999.000,9999.000,9999.000
202606180924,  -0.125,   0.488,9999.000,9999.000,9999.000,9999.000,9999.000,9999.000,9999.000
202606180930,  -0.131,   0.508,9999.000,9999.000,9999.000,9999.000,9999.000,9999.000,9999.000
202606180936,  -0.135,   0.498,9999.000,9999.000,9999.000,9999.000,9999.000,9999.000,9999.000
202606180942,  -0.137,   0.488,9999.000,9999.000,9999.000,9999.000,9999.000,9999.000,9999.000
202606180948,  -0.137,   0.488,9999.000,9999.000,9999.000,9999.000,9999.000,9999.000,9999.000
202606180954,  -0.135,   0.469,9999.000,9999.000,9999.000,9999.000,9999.000,9999.000,9999.000
202606181000,  -0.131,   0.459,   0.300,   0.290,   0.459,   0.300,   0.459,   0.300,   0.459
202606181006,  -0.124,   0.449,9999.000,9999.000,9999.000,9999.000,9999.000,9999.000,9999.000
202606181012,  -0.116,   0.459,9999.000,9999.000,9999.000,9999.000,9999.000,9999.000,9999.000
202606181018,  -0.107,   0.469,9999.000,9999.000,9999.000,9999.000,9999.000,9999.000,9999.000
202606181024,  -0.095,   0.459,9999.000,9999.000,9999.000,9999.000,9999.000,9999.000,9999.000
202606181030,  -0.082,   0.469,9999.000,9999.000,9999.000,9999.000,9999.000,9999.000,9999.000
202606181036,  -0.067,   0.488,9999.000,9999.000,9999.000,9999.000,9999.000,9999.000,9999.000
202606181042,  -0.051,   0.488,9999.000,9999.000,9999.000,9999.000,9999.000,9999.000,9999.000
202606181048,  -0.033,   0.459,9999.000,9999.000,9999.000,9999.000,9999.000,9999.000,9999.000
202606181054,  -0.014,   0.469,9999.000,9999.000,9999.000,9999.000,9999.000,9999.000,9999.000
202606181100,   0.005,   0.449,   0.300,   0.144,   0.449,   0.200,   0.349,   0.300,   0.449
202606181106,   0.026,   0.478,9999.000,9999.000,9999.000,9999.000,9999.000,9999.000,9999.000
202606181112,   0.048,   0.488,9999.000,9999.000,9999.000,9999.000,9999.000,9999.000,9999.000
202606181118,   0.071,   0.488,9999.000,9999.000,9999.000,9999.000,9999.000,9999.000,9999.000
202606181124,   0.095,   0.508,9999.000,9999.000,9999.000,9999.000,9999.000,9999.000,9999.000
202606181130,   0.120,   0.508,9999.000,9999.000,9999.000,9999.000,9999.000,9999.000,9999.000
202606181136,   0.146,   0.518,9999.000,9999.000,9999.000,9999.000,9999.000,9999.000,9999.000
202606181142,   0.172,   0.551,9999.000,9999.000,9999.000,9999.000,9999.000,9999.000,9999.000
202606181148,   0.199,   0.570,9999.000,9999.000,9999.000,9999.000,9999.000,9999.000,9999.000
202606181154,   0.227,   0.590,9999.000,9999.000,9999.000,9999.000,9999.000,9999.000,9999.000
202606181200,   0.255,   0.600,   0.400,  -0.055,   0.600,   0.400,   0.600,   0.500,   0.700
202606181206,   0.284,   0.600,9999.000,9999.000,9999.000,9999.000,9999.000,9999.000,9999.000
202606181212,   0.314,   0.629,9999.000,9999.000,9999.000,9999.000,9999.000,9999.000,9999.000
202606181218,   0.344,   0.619,9999.000,9999.000,9999.000,9999.000,9999.000,9999.000,9999.000
202606181224,   0.375,   0.629,9999.000,9999.000,9999.000,9999.000,9999.000,9999.000,9999.000
202606181230,   0.407,   0.659,9999.000,9999.000,9999.000,9999.000,9999.000,9999.000,9999.000
202606181236,   0.439,   0.688,9999.000,9999.000,9999.000,9999.000,9999.000,9999.000,9999.000
202606181242,   0.472,   0.688,9999.000,9999.000,9999.000,9999.000,9999.000,9999.000,9999.000
202606181248,   0.505,   0.708,9999.000,9999.000,9999.000,9999.000,9999.000,9999.000,9999.000
202606181254,   0.539,   0.751,9999.000,9999.000,9999.000,9999.000,9999.000,9999.000,9999.000
202606181300,   0.573,   0.760,   0.400,  -0.213,   0.760,   0.400,   0.760,   0.500,   0.860
202606181306,   0.609,   0.780,9999.000,9999.000,9999.000,9999.000,9999.000,9999.000,9999.000
202606181312,   0.644,   0.829,9999.000,9999.000,9999.000,9999.000,9999.000,9999.000,9999.000
202606181318,   0.680,   0.888,9999.000,9999.000,9999.000,9999.000,9999.000,9999.000,9999.000
202606181324,   0.717,   0.908,9999.000,9999.000,9999.000,9999.000,9999.000,9999.000,9999.000
202606181330,   0.754,   0.928,9999.000,9999.000,9999.000,9999.000,9999.000,9999.000,9999.000
202606181336,   0.791,   0.970,9999.000,9999.000,9999.000,9999.000,9999.000,9999.000,9999.000
202606181342,   0.829,   1.000,9999.000,9999.000,9999.000,9999.000,9999.000,9999.000,9999.000
202606181348,   0.867,   1.020,9999.000,9999.000,9999.000,9999.000,9999.000,9999.000,9999.000
202606181354,   0.905,   1.059,9999.000,9999.000,9999.000,9999.000,9999.000,9999.000,9999.000
202606181400,   0.944,   1.098,   0.400,  -0.246,   1.098,   0.400,   1.098,   0.500,   1.198
202606181406,   0.982,   1.170,9999.000,9999.000,9999.000,9999.000,9999.000,9999.000,9999.000
202606181412,   1.020,   1.200,9999.000,9999.000,9999.000,9999.000,9999.000,9999.000,9999.000
202606181418,   1.058,   1.210,9999.000,9999.000,9999.000,9999.000,9999.000,9999.000,9999.000
202606181424,   1.095,   1.239,9999.000,9999.000,9999.000,9999.000,9999.000,9999.000,9999.000
202606181430,   1.132,   1.259,9999.000,9999.000,9999.000,9999.000,9999.000,9999.000,9999.000
202606181436,   1.169,   1.298,9999.000,9999.000,9999.000,9999.000,9999.000,9999.000,9999.000
202606181442,   1.204,   1.348,9999.000,9999.000,9999.000,9999.000,9999.000,9999.000,9999.000
202606181448,   1.239,   1.390,9999.000,9999.000,9999.000,9999.000,9999.000,9999.000,9999.000
202606181454,   1.274,   1.439,9999.000,9999.000,9999.000,9999.000,9999.000,9999.000,9999.000
202606181500,   1.307,   1.449,   0.400,  -0.258,   1.449,   0.300,   1.349,   0.400,   1.449
202606181506,   1.339,   1.479,9999.000,9999.000,9999.000,9999.000,9999.000,9999.000,9999.000
202606181512,   1.370,   1.518,9999.000,9999.000,9999.000,9999.000,9999.000,9999.000,9999.000
202606181518,   1.400,   1.518,9999.000,9999.000,9999.000,9999.000,9999.000,9999.000,9999.000
202606181524,   1.428,   1.538,9999.000,9999.000,9999.000,9999.000,9999.000,9999.000,9999.000
202606181530,   1.455,   1.590,9999.000,9999.000,9999.000,9999.000,9999.000,9999.000,9999.000
202606181536,   1.481,   1.590,9999.000,9999.000,9999.000,9999.000,9999.000,9999.000,9999.000
202606181542,   1.505,   1.600,9999.000,9999.000,9999.000,9999.000,9999.000,9999.000,9999.000
202606181548,   1.527,   1.630,9999.000,9999.000,9999.000,9999.000,9999.000,9999.000,9999.000
202606181554,   1.548,   1.630,9999.000,9999.000,9999.000,9999.000,9999.000,9999.000,9999.000
202606181600,   1.568,   1.649,   0.400,  -0.319,   1.649,   0.300,   1.549,   0.400,   1.649
202606181606,   1.585,   1.669,9999.000,9999.000,9999.000,9999.000,9999.000,9999.000,9999.000
202606181612,   1.602,   1.689,9999.000,9999.000,9999.000,9999.000,9999.000,9999.000,9999.000
202606181618,   1.616,   1.718,9999.000,9999.000,9999.000,9999.000,9999.000,9999.000,9999.000
202606181624,   1.630,   1.738,9999.000,9999.000,9999.000,9999.000,9999.000,9999.000,9999.000
202606181630,   1.641,   1.738,9999.000,9999.000,9999.000,9999.000,9999.000,9999.000,9999.000
202606181636,   1.651,   1.758,9999.000,9999.000,9999.000,9999.000,9999.000,9999.000,9999.000
202606181642,   1.660,   1.767,9999.000,9999.000,9999.000,9999.000,9999.000,9999.000,9999.000
202606181648,   1.667,   1.790,9999.000,9999.000,9999.000,9999.000,9999.000,9999.000,9999.000
202606181654,   1.673,   1.790,9999.000,9999.000,9999.000,9999.000,9999.000,9999.000,9999.000
202606181700,   1.677,   1.790,   0.400,  -0.287,   1.790,   0.300,   1.690,   0.400,   1.790
202606181706,   1.681,   1.790,9999.000,9999.000,9999.000,9999.000,9999.000,9999.000,9999.000
202606181712,   1.683,   1.790,9999.000,9999.000,9999.000,9999.000,9999.000,9999.000,9999.000
202606181718,   1.683,   1.800,9999.000,9999.000,9999.000,9999.000,9999.000,9999.000,9999.000
202606181724,   1.683,   1.800,9999.000,9999.000,9999.000,9999.000,9999.000,9999.000,9999.000
202606181730,   1.681,   1.767,9999.000,9999.000,9999.000,9999.000,9999.000,9999.000,9999.000
202606181736,   1.679,   1.767,9999.000,9999.000,9999.000,9999.000,9999.000,9999.000,9999.000
202606181742,   1.675,   1.800,9999.000,9999.000,9999.000,9999.000,9999.000,9999.000,9999.000
202606181748,   1.670,   1.800,9999.000,9999.000,9999.000,9999.000,9999.000,9999.000,9999.000
202606181754,   1.665,   1.758,9999.000,9999.000,9999.000,9999.000,9999.000,9999.000,9999.000
202606181800,   1.658,   1.758,   0.300,  -0.200,   1.758,   0.300,   1.758,   0.400,   1.858
202606181806,   1.650,   1.748,9999.000,9999.000,9999.000,9999.000,9999.000,9999.000,9999.000
202606181812,   1.642,   1.758,9999.000,9999.000,9999.000,9999.000,9999.000,9999.000,9999.000
202606181818,   1.633,   1.767,9999.000,9999.000,9999.000,9999.000,9999.000,9999.000,9999.000
202606181824,   1.623,   1.758,9999.000,9999.000,9999.000,9999.000,9999.000,9999.000,9999.000
202606181830,   1.612,   1.748,9999.000,9999.000,9999.000,9999.000,9999.000,9999.000,9999.000
202606181836,   1.600,   1.758,9999.000,9999.000,9999.000,9999.000,9999.000,9999.000,9999.000
202606181842,   1.588,   1.748,9999.000,9999.000,9999.000,9999.000,9999.000,9999.000,9999.000
202606181848,   1.575,   1.748,9999.000,9999.000,9999.000,9999.000,9999.000,9999.000,9999.000
202606181854,   1.561,   1.748,9999.000,9999.000,9999.000,9999.000,9999.000,9999.000,9999.000
202606181900,   1.547,   1.728,   0.300,  -0.119,   1.728,   0.300,   1.728,   0.400,   1.828
202606181906,   1.532,   1.728,9999.000,9999.000,9999.000,9999.000,9999.000,9999.000,9999.000
202606181912,   1.516,   1.689,9999.000,9999.000,9999.000,9999.000,9999.000,9999.000,9999.000
202606181918,   1.500,   1.659,9999.000,9999.000,9999.000,9999.000,9999.000,9999.000,9999.000
202606181924,   1.484,   1.659,9999.000,9999.000,9999.000,9999.000,9999.000,9999.000,9999.000
202606181930,   1.467,   1.639,9999.000,9999.000,9999.000,9999.000,9999.000,9999.000,9999.000
202606181936,   1.451,   1.630,9999.000,9999.000,9999.000,9999.000,9999.000,9999.000,9999.000
202606181942,   1.434,   1.610,9999.000,9999.000,9999.000,9999.000,9999.000,9999.000,9999.000
202606181948,   1.417,   1.590,9999.000,9999.000,9999.000,9999.000,9999.000,9999.000,9999.000
202606181954,   1.400,   1.548,9999.000,9999.000,9999.000,9999.000,9999.000,9999.000,9999.000
202606182000,   1.383,   1.538,   0.300,  -0.145,   1.538,   0.300,   1.538,   0.300,   1.538
202606182006,   1.366,   1.528,9999.000,9999.000,9999.000,9999.000,9999.000,9999.000,9999.000
202606182012,   1.350,   1.518,9999.000,9999.000,9999.000,9999.000,9999.000,9999.000,9999.000
202606182018,   1.334,   1.518,9999.000,9999.000,9999.000,9999.000,9999.000,9999.000,9999.000
202606182024,   1.319,   1.498,9999.000,9999.000,9999.000,9999.000,9999.000,9999.000,9999.000
202606182030,   1.304,   1.469,9999.000,9999.000,9999.000,9999.000,9999.000,9999.000,9999.000
202606182036,   1.291,   1.459,9999.000,9999.000,9999.000,9999.000,9999.000,9999.000,9999.000
202606182042,   1.278,   1.449,9999.000,9999.000,9999.000,9999.000,9999.000,9999.000,9999.000
202606182048,   1.266,   1.420,9999.000,9999.000,9999.000,9999.000,9999.000,9999.000,9999.000
202606182054,   1.255,   1.430,9999.000,9999.000,9999.000,9999.000,9999.000,9999.000,9999.000
202606182100,   1.245,   1.420,   0.300,  -0.125,   1.420,   0.200,   1.320,   0.300,   1.420
202606182106,   1.236,   1.410,9999.000,9999.000,9999.000,9999.000,9999.000,9999.000,9999.000
202606182112,   1.229,   1.410,9999.000,9999.000,9999.000,9999.000,9999.000,9999.000,9999.000
202606182118,   1.223,   1.410,9999.000,9999.000,9999.000,9999.000,9999.000,9999.000,9999.000
202606182124,   1.218,   1.430,9999.000,9999.000,9999.000,9999.000,9999.000,9999.000,9999.000
202606182130,   1.214,   1.430,9999.000,9999.000,9999.000,9999.000,9999.000,9999.000,9999.000
202606182136,   1.212,   1.410,9999.000,9999.000,9999.000,9999.000,9999.000,9999.000,9999.000
202606182142,   1.211,   1.410,9999.000,9999.000,9999.000,9999.000,9999.000,9999.000,9999.000
202606182148,   1.212,   1.420,9999.000,9999.000,9999.000,9999.000,9999.000,9999.000,9999.000
202606182154,   1.214,   1.410,9999.000,9999.000,9999.000,9999.000,9999.000,9999.000,9999.000
202606182200,   1.217,   1.400,   0.300,  -0.117,   1.400,   0.200,   1.300,   0.300,   1.400
202606182206,   1.221,   1.430,9999.000,9999.000,9999.000,9999.000,9999.000,9999.000,9999.000
202606182212,   1.227,   1.439,9999.000,9999.000,9999.000,9999.000,9999.000,9999.000,9999.000
202606182218,   1.233,   1.449,9999.000,9999.000,9999.000,9999.000,9999.000,9999.000,9999.000
202606182224,   1.241,   1.469,9999.000,9999.000,9999.000,9999.000,9999.000,9999.000,9999.000
202606182230,   1.249,   1.498,9999.000,9999.000,9999.000,9999.000,9999.000,9999.000,9999.000
202606182236,   1.259,   1.518,9999.000,9999.000,9999.000,9999.000,9999.000,9999.000,9999.000
202606182242,   1.269,   1.518,9999.000,9999.000,9999.000,9999.000,9999.000,9999.000,9999.000
202606182248,   1.279,   1.518,9999.000,9999.000,9999.000,9999.000,9999.000,9999.000,9999.000
202606182254,   1.291,   1.557,9999.000,9999.000,9999.000,9999.000,9999.000,9999.000,9999.000
202606182300,   1.302,   1.557,   0.200,   0.055,   1.557,   0.200,   1.557,   0.300,   1.657
202606182306,   1.314,   1.528,9999.000,9999.000,9999.000,9999.000,9999.000,9999.000,9999.000
202606182312,   1.326,   1.548,9999.000,9999.000,9999.000,9999.000,9999.000,9999.000,9999.000
202606182318,   1.339,   1.580,9999.000,9999.000,9999.000,9999.000,9999.000,9999.000,9999.000
202606182324,   1.351,   1.580,9999.000,9999.000,9999.000,9999.000,9999.000,9999.000,9999.000
202606182330,   1.364,   1.610,9999.000,9999.000,9999.000,9999.000,9999.000,9999.000,9999.000
202606182336,   1.376,   1.610,9999.000,9999.000,9999.000,9999.000,9999.000,9999.000,9999.000
202606182342,   1.388,   1.610,9999.000,9999.000,9999.000,9999.000,9999.000,9999.000,9999.000
202606182348,   1.400,   1.610,9999.000,9999.000,9999.000,9999.000,9999.000,9999.000,9999.000
202606182354,   1.412,   1.639,9999.000,9999.000,9999.000,9999.000,9999.000,9999.000,9999.000
202606190000,   1.423,   1.659,   0.100,   0.136,   1.659,   0.000,   1.559,   0.100,   1.659
202606190006,   1.434,   1.649,9999.000,9999.000,9999.000,9999.000,9999.000,9999.000,9999.000
202606190012,   1.445,   1.669,9999.000,9999.000,9999.000,9999.000,9999.000,9999.000,9999.000
202606190018,   1.455,   1.659,9999.000,9999.000,9999.000,9999.000,9999.000,9999.000,9999.000
202606190024,   1.465,   1.659,9999.000,9999.000,9999.000,9999.000,9999.000,9999.000,9999.000
202606190030,   1.475,   1.669,9999.000,9999.000,9999.000,9999.000,9999.000,9999.000,9999.000
202606190036,   1.484,   1.669,9999.000,9999.000,9999.000,9999.000,9999.000,9999.000,9999.000
202606190042,   1.493,   1.699,9999.000,9999.000,9999.000,9999.000,9999.000,9999.000,9999.000
202606190048,   1.502,   1.689,9999.000,9999.000,9999.000,9999.000,9999.000,9999.000,9999.000
202606190054,   1.510,   1.689,9999.000,9999.000,9999.000,9999.000,9999.000,9999.000,9999.000
202606190100,   1.518,   1.689,   0.000,   0.171,   1.689,   0.000,   1.689,   0.100,   1.789
202606190106,   1.526,   1.679,9999.000,9999.000,9999.000,9999.000,9999.000,9999.000,9999.000
202606190112,   1.534,   1.689,9999.000,9999.000,9999.000,9999.000,9999.000,9999.000,9999.000
202606190118,   1.542,   1.679,9999.000,9999.000,9999.000,9999.000,9999.000,9999.000,9999.000
202606190124,   1.550,   1.699,9999.000,9999.000,9999.000,9999.000,9999.000,9999.000,9999.000
202606190130,   1.557,   1.689,9999.000,9999.000,9999.000,9999.000,9999.000,9999.000,9999.000
202606190136,   1.564,   1.699,9999.000,9999.000,9999.000,9999.000,9999.000,9999.000,9999.000
202606190142,   1.571,   1.679,9999.000,9999.000,9999.000,9999.000,9999.000,9999.000,9999.000
202606190148,   1.578,   1.689,9999.000,9999.000,9999.000,9999.000,9999.000,9999.000,9999.000
202606190154,   1.585,   1.689,9999.000,9999.000,9999.000,9999.000,9999.000,9999.000,9999.000
202606190200,   1.592,   1.659,   0.000,   0.067,   1.659,   0.000,   1.659,   0.000,   1.659
202606190206,   1.599,   1.659,9999.000,9999.000,9999.000,9999.000,9999.000,9999.000,9999.000
202606190212,   1.605,   1.659,9999.000,9999.000,9999.000,9999.000,9999.000,9999.000,9999.000
202606190218,   1.611,   1.639,9999.000,9999.000,9999.000,9999.000,9999.000,9999.000,9999.000
202606190224,   1.617,   1.649,9999.000,9999.000,9999.000,9999.000,9999.000,9999.000,9999.000
202606190230,   1.623,   1.649,9999.000,9999.000,9999.000,9999.000,9999.000,9999.000,9999.000
202606190236,   1.628,   1.630,9999.000,9999.000,9999.000,9999.000,9999.000,9999.000,9999.000
202606190242,   1.633,   1.610,9999.000,9999.000,9999.000,9999.000,9999.000,9999.000,9999.000
202606190248,   1.637,   1.630,9999.000,9999.000,9999.000,9999.000,9999.000,9999.000,9999.000
202606190254,   1.641,   1.610,9999.000,9999.000,9999.000,9999.000,9999.000,9999.000,9999.000
202606190300,   1.644,   1.600,   0.000,  -0.044,   1.600,   0.000,   1.600,   0.000,   1.600
202606190306,   1.646,   1.610,9999.000,9999.000,9999.000,9999.000,9999.000,9999.000,9999.000
202606190312,   1.648,   1.590,9999.000,9999.000,9999.000,9999.000,9999.000,9999.000,9999.000
202606190318,   1.649,   1.580,9999.000,9999.000,9999.000,9999.000,9999.000,9999.000,9999.000
202606190324,   1.649,   1.590,9999.000,9999.000,9999.000,9999.000,9999.000,9999.000,9999.000
202606190330,   1.648,   1.580,9999.000,9999.000,9999.000,9999.000,9999.000,9999.000,9999.000
202606190336,   1.646,   1.590,9999.000,9999.000,9999.000,9999.000,9999.000,9999.000,9999.000
202606190342,   1.642,   1.610,9999.000,9999.000,9999.000,9999.000,9999.000,9999.000,9999.000
202606190348,   1.638,   1.620,9999.000,9999.000,9999.000,9999.000,9999.000,9999.000,9999.000
202606190354,   1.633,   1.590,9999.000,9999.000,9999.000,9999.000,9999.000,9999.000,9999.000
202606190400,   1.626,   1.600,   0.000,  -0.026,   1.600,   0.000,   1.600,   0.000,   1.600
202606190406,   1.619,   1.590,9999.000,9999.000,9999.000,9999.000,9999.000,9999.000,9999.000
202606190412,   1.610,   1.590,9999.000,9999.000,9999.000,9999.000,9999.000,9999.000,9999.000
202606190418,   1.599,   1.600,9999.000,9999.000,9999.000,9999.000,9999.000,9999.000,9999.000
202606190424,   1.588,   1.600,9999.000,9999.000,9999.000,9999.000,9999.000,9999.000,9999.000
202606190430,   1.575,   1.600,9999.000,9999.000,9999.000,9999.000,9999.000,9999.000,9999.000
202606190436,   1.562,   1.590,9999.000,9999.000,9999.000,9999.000,9999.000,9999.000,9999.000
202606190442,   1.547,   1.571,9999.000,9999.000,9999.000,9999.000,9999.000,9999.000,9999.000
202606190448,   1.530,   1.557,9999.000,9999.000,9999.000,9999.000,9999.000,9999.000,9999.000
202606190454,   1.513,   1.557,9999.000,9999.000,9999.000,9999.000,9999.000,9999.000,9999.000
202606190500,   1.495,   1.528,   0.000,   0.033,   1.528,   0.000,   1.528,   0.000,   1.528
202606190506,   1.475,   1.528,9999.000,9999.000,9999.000,9999.000,9999.000,9999.000,9999.000
202606190512,   1.454,   1.498,9999.000,9999.000,9999.000,9999.000,9999.000,9999.000,9999.000
202606190518,   1.433,   1.479,9999.000,9999.000,9999.000,9999.000,9999.000,9999.000,9999.000
202606190524,   1.410,   1.449,9999.000,9999.000,9999.000,9999.000,9999.000,9999.000,9999.000
202606190530,   1.386,   1.439,9999.000,9999.000,9999.000,9999.000,9999.000,9999.000,9999.000
202606190536,   1.362,   1.420,9999.000,9999.000,9999.000,9999.000,9999.000,9999.000,9999.000
202606190542,   1.336,   1.420,9999.000,9999.000,9999.000,9999.000,9999.000,9999.000,9999.000
202606190548,   1.310,   1.371,9999.000,9999.000,9999.000,9999.000,9999.000,9999.000,9999.000
202606190554,   1.282,   1.348,9999.000,9999.000,9999.000,9999.000,9999.000,9999.000,9999.000
202606190600,   1.254,   1.298,   0.000,   0.044,   1.298,   0.000,   1.298,   0.000,   1.298
202606190606,   1.225,   1.279,9999.000,9999.000,9999.000,9999.000,9999.000,9999.000,9999.000
202606190612,   1.196,   1.249,9999.000,9999.000,9999.000,9999.000,9999.000,9999.000,9999.000
202606190618,   1.165,   1.220,9999.000,9999.000,9999.000,9999.000,9999.000,9999.000,9999.000
202606190624,   1.134,   1.190,9999.000,9999.000,9999.000,9999.000,9999.000,9999.000,9999.000
202606190630,   1.102,   1.151,9999.000,9999.000,9999.000,9999.000,9999.000,9999.000,9999.000
202606190636,   1.069,   1.138,9999.000,9999.000,9999.000,9999.000,9999.000,9999.000,9999.000
202606190642,   1.036,   1.098,9999.000,9999.000,9999.000,9999.000,9999.000,9999.000,9999.000
202606190648,   1.002,   1.088,9999.000,9999.000,9999.000,9999.000,9999.000,9999.000,9999.000
202606190654,   0.967,   1.049,9999.000,9999.000,9999.000,9999.000,9999.000,9999.000,9999.000
202606190700,   0.932,   0.990,   0.000,   0.058,   0.990,   0.000,   0.990,   0.000,   0.990
202606190706,   0.896,   0.951,9999.000,9999.000,9999.000,9999.000,9999.000,9999.000,9999.000
202606190712,   0.860,   0.908,9999.000,9999.000,9999.000,9999.000,9999.000,9999.000,9999.000
202606190718,   0.823,   0.879,9999.000,9999.000,9999.000,9999.000,9999.000,9999.000,9999.000
202606190724,   0.786,   0.849,9999.000,9999.000,9999.000,9999.000,9999.000,9999.000,9999.000
202606190730,   0.748,   0.790,9999.000,9999.000,9999.000,9999.000,9999.000,9999.000,9999.000
202606190736,   0.710,   0.741,9999.000,9999.000,9999.000,9999.000,9999.000,9999.000,9999.000
202606190742,   0.672,   0.718,9999.000,9999.000,9999.000,9999.000,9999.000,9999.000,9999.000
202606190748,   0.634,   0.698,9999.000,9999.000,9999.000,9999.000,9999.000,9999.000,9999.000
202606190754,   0.595,   0.639,9999.000,9999.000,9999.000,9999.000,9999.000,9999.000,9999.000
202606190800,   0.556,   0.600,   0.000,   0.044,   0.600,  -0.100,   0.500,   0.000,   0.600
202606190806,   0.518,   0.541,9999.000,9999.000,9999.000,9999.000,9999.000,9999.000,9999.000
202606190812,   0.480,   0.518,9999.000,9999.000,9999.000,9999.000,9999.000,9999.000,9999.000
202606190818,   0.442,   0.488,9999.000,9999.000,9999.000,9999.000,9999.000,9999.000,9999.000
202606190824,   0.404,   0.449,9999.000,9999.000,9999.000,9999.000,9999.000,9999.000,9999.000
202606190830,   0.367,   0.439,9999.000,9999.000,9999.000,9999.000,9999.000,9999.000,9999.000
202606190836,   0.331,   0.400,9999.000,9999.000,9999.000,9999.000,9999.000,9999.000,9999.000
202606190842,   0.295,   0.360,9999.000,9999.000,9999.000,9999.000,9999.000,9999.000,9999.000
202606190848,   0.261,   0.308,9999.000,9999.000,9999.000,9999.000,9999.000,9999.000,9999.000
202606190854,   0.227,   0.298,9999.000,9999.000,9999.000,9999.000,9999.000,9999.000,9999.000
202606190900,   0.194,   0.278,   0.000,   0.084,   0.278,  -0.100,   0.178,   0.000,   0.278
202606190906,   0.163,   0.209,9999.000,9999.000,9999.000,9999.000,9999.000,9999.000,9999.000
202606190912,   0.134,   0.190,9999.000,9999.000,9999.000,9999.000,9999.000,9999.000,9999.000
202606190918,   0.105,   0.150,9999.000,9999.000,9999.000,9999.000,9999.000,9999.000,9999.000
202606190924,   0.079,   0.098,9999.000,9999.000,9999.000,9999.000,9999.000,9999.000,9999.000
202606190930,   0.054,   0.098,9999.000,9999.000,9999.000,9999.000,9999.000,9999.000,9999.000
202606190936,   0.031,   0.088,9999.000,9999.000,9999.000,9999.000,9999.000,9999.000,9999.000
202606190942,   0.009,   0.049,9999.000,9999.000,9999.000,9999.000,9999.000,9999.000,9999.000
202606190948,  -0.009,   0.049,9999.000,9999.000,9999.000,9999.000,9999.000,9999.000,9999.000
202606190954,  -0.026,   0.039,9999.000,9999.000,9999.000,9999.000,9999.000,9999.000,9999.000
202606191000,  -0.042,   0.029,  -0.100,   0.171,   0.029,  -0.100,   0.029,   0.000,   0.129
202606191006,  -0.055,   0.000,9999.000,9999.000,9999.000,9999.000,9999.000,9999.000,9999.000
202606191012,  -0.066,   0.000,9999.000,9999.000,9999.000,9999.000,9999.000,9999.000,9999.000
202606191018,  -0.075,  -0.019,9999.000,9999.000,9999.000,9999.000,9999.000,9999.000,9999.000
202606191024,  -0.082,  -0.029,9999.000,9999.000,9999.000,9999.000,9999.000,9999.000,9999.000
202606191030,  -0.087,  -0.039,9999.000,9999.000,9999.000,9999.000,9999.000,9999.000,9999.000
202606191036,  -0.090,  -0.049,9999.000,9999.000,9999.000,9999.000,9999.000,9999.000,9999.000
202606191042,  -0.090,  -0.059,9999.000,9999.000,9999.000,9999.000,9999.000,9999.000,9999.000
202606191048,  -0.089,  -0.049,9999.000,9999.000,9999.000,9999.000,9999.000,9999.000,9999.000
202606191054,  -0.086,  -0.039,9999.000,9999.000,9999.000,9999.000,9999.000,9999.000,9999.000
202606191100,  -0.081,  -0.059,  -0.100,   0.122,  -0.059,  -0.100,  -0.059,   0.000,   0.041
202606191106,  -0.074,  -0.049,9999.000,9999.000,9999.000,9999.000,9999.000,9999.000,9999.000
202606191112,  -0.066,  -0.049,9999.000,9999.000,9999.000,9999.000,9999.000,9999.000,9999.000
202606191118,  -0.056,  -0.039,9999.000,9999.000,9999.000,9999.000,9999.000,9999.000,9999.000
202606191124,  -0.044,  -0.039,9999.000,9999.000,9999.000,9999.000,9999.000,9999.000,9999.000
202606191130,  -0.031,  -0.029,9999.000,9999.000,9999.000,9999.000,9999.000,9999.000,9999.000
202606191136,  -0.016,  -0.039,9999.000,9999.000,9999.000,9999.000,9999.000,9999.000,9999.000
202606191142,   0.000,  -0.039,9999.000,9999.000,9999.000,9999.000,9999.000,9999.000,9999.000
202606191148,   0.017,  -0.019,9999.000,9999.000,9999.000,9999.000,9999.000,9999.000,9999.000
202606191154,   0.036,  -0.019,9999.000,9999.000,9999.000,9999.000,9999.000,9999.000,9999.000
202606191200,   0.055,  -0.009,   0.000,  -0.064,  -0.009,  -0.100,  -0.109,   0.000,  -0.009
202606191206,   0.076,   0.019,9999.000,9999.000,9999.000,9999.000,9999.000,9999.000,9999.000
202606191212,   0.099,   0.039,9999.000,9999.000,9999.000,9999.000,9999.000,9999.000,9999.000
202606191218,   0.122,   0.029,9999.000,9999.000,9999.000,9999.000,9999.000,9999.000,9999.000
202606191224,   0.146,   0.049,9999.000,9999.000,9999.000,9999.000,9999.000,9999.000,9999.000
202606191230,   0.171,   0.039,9999.000,9999.000,9999.000,9999.000,9999.000,9999.000,9999.000
202606191236,   0.197,   0.068,9999.000,9999.000,9999.000,9999.000,9999.000,9999.000,9999.000
202606191242,   0.224,   0.121,9999.000,9999.000,9999.000,9999.000,9999.000,9999.000,9999.000
202606191248,   0.252,   0.121,9999.000,9999.000,9999.000,9999.000,9999.000,9999.000,9999.000
202606191254,   0.280,   0.131,9999.000,9999.000,9999.000,9999.000,9999.000,9999.000,9999.000
202606191300,   0.310,   0.150,   0.000,  -0.160,   0.150,  -0.100,   0.050,   0.000,   0.150
202606191306,   0.340,   0.180,9999.000,9999.000,9999.000,9999.000,9999.000,9999.000,9999.000
202606191312,   0.371,   0.180,9999.000,9999.000,9999.000,9999.000,9999.000,9999.000,9999.000
202606191318,   0.403,   0.180,9999.000,9999.000,9999.000,9999.000,9999.000,9999.000,9999.000
202606191324,   0.436,   0.219,9999.000,9999.000,9999.000,9999.000,9999.000,9999.000,9999.000
202606191330,   0.470,   0.229,9999.000,9999.000,9999.000,9999.000,9999.000,9999.000,9999.000
202606191336,   0.504,   0.229,9999.000,9999.000,9999.000,9999.000,9999.000,9999.000,9999.000
202606191342,   0.539,   0.239,9999.000,9999.000,9999.000,9999.000,9999.000,9999.000,9999.000
202606191348,   0.574,   0.298,9999.000,9999.000,9999.000,9999.000,9999.000,9999.000,9999.000
202606191354,   0.611,   0.321,9999.000,9999.000,9999.000,9999.000,9999.000,9999.000,9999.000
202606191400,   0.648,   0.331,   0.000,  -0.317,   0.331,  -0.100,   0.231,   0.000,   0.331
202606191406,   0.685,   0.350,9999.000,9999.000,9999.000,9999.000,9999.000,9999.000,9999.000
202606191412,   0.723,   0.380,9999.000,9999.000,9999.000,9999.000,9999.000,9999.000,9999.000
202606191418,   0.761,   0.449,9999.000,9999.000,9999.000,9999.000,9999.000,9999.000,9999.000
202606191424,   0.800,   0.459,9999.000,9999.000,9999.000,9999.000,9999.000,9999.000,9999.000
202606191430,   0.839,   0.478,9999.000,9999.000,9999.000,9999.000,9999.000,9999.000,9999.000
202606191436,   0.879,   0.498,9999.000,9999.000,9999.000,9999.000,9999.000,9999.000,9999.000
202606191442,   0.918,   0.551,9999.000,9999.000,9999.000,9999.000,9999.000,9999.000,9999.000
202606191448,   0.958,   0.580,9999.000,9999.000,9999.000,9999.000,9999.000,9999.000,9999.000
202606191454,   0.997,   0.619,9999.000,9999.000,9999.000,9999.000,9999.000,9999.000,9999.000
202606191500,   1.037,   0.649,  -0.100,  -0.288,   0.649,  -0.100,   0.649,   0.000,   0.749
202606191506,   1.076,   0.698,9999.000,9999.000,9999.000,9999.000,9999.000,9999.000,9999.000
202606191512,   1.115,   0.718,9999.000,9999.000,9999.000,9999.000,9999.000,9999.000,9999.000
202606191518,   1.153,   0.770,9999.000,9999.000,9999.000,9999.000,9999.000,9999.000,9999.000
202606191524,   1.191,   0.790,9999.000,9999.000,9999.000,9999.000,9999.000,9999.000,9999.000
202606191530,   1.228,   0.800,9999.000,9999.000,9999.000,9999.000,9999.000,9999.000,9999.000
202606191536,   1.265,   0.839,9999.000,9999.000,9999.000,9999.000,9999.000,9999.000,9999.000
202606191542,   1.300,   0.888,9999.000,9999.000,9999.000,9999.000,9999.000,9999.000,9999.000
202606191548,   1.335,   0.918,9999.000,9999.000,9999.000,9999.000,9999.000,9999.000,9999.000
202606191554,   1.368,   0.918,9999.000,9999.000,9999.000,9999.000,9999.000,9999.000,9999.000
202606191600,   1.401,   0.961,  -0.100,  -0.340,   0.961,  -0.100,   0.961,   0.000,   1.061
202606191606,   1.432,   0.980,9999.000,9999.000,9999.000,9999.000,9999.000,9999.000,9999.000
202606191612,   1.462,   1.010,9999.000,9999.000,9999.000,9999.000,9999.000,9999.000,9999.000
202606191618,   1.490,   1.000,9999.000,9999.000,9999.000,9999.000,9999.000,9999.000,9999.000
202606191624,   1.517,   1.010,9999.000,9999.000,9999.000,9999.000,9999.000,9999.000,9999.000
202606191630,   1.543,   1.049,9999.000,9999.000,9999.000,9999.000,9999.000,9999.000,9999.000
202606191636,   1.567,   1.059,9999.000,9999.000,9999.000,9999.000,9999.000,9999.000,9999.000
202606191642,   1.590,   1.098,9999.000,9999.000,9999.000,9999.000,9999.000,9999.000,9999.000
202606191648,   1.611,   1.088,9999.000,9999.000,9999.000,9999.000,9999.000,9999.000,9999.000
202606191654,   1.631,   1.128,9999.000,9999.000,9999.000,9999.000,9999.000,9999.000,9999.000
202606191700,   1.649,   1.161,  -0.100,  -0.388,   1.161,  -0.100,   1.161,  -0.100,   1.161
202606191706,   1.665,   1.180,9999.000,9999.000,9999.000,9999.000,9999.000,9999.000,9999.000
202606191712,   1.680,   1.180,9999.000,9999.000,9999.000,9999.000,9999.000,9999.000,9999.000
202606191718,   1.693,   1.200,9999.000,9999.000,9999.000,9999.000,9999.000,9999.000,9999.000
202606191724,   1.705,   1.210,9999.000,9999.000,9999.000,9999.000,9999.000,9999.000,9999.000
202606191730,   1.715,   1.229,9999.000,9999.000,9999.000,9999.000,9999.000,9999.000,9999.000
202606191736,   1.724,   1.229,9999.000,9999.000,9999.000,9999.000,9999.000,9999.000,9999.000
202606191742,   1.731,   1.229,9999.000,9999.000,9999.000,9999.000,9999.000,9999.000,9999.000
202606191748,   1.737,   1.269,9999.000,9999.000,9999.000,9999.000,9999.000,9999.000,9999.000
202606191754,   1.741,   1.259,9999.000,9999.000,9999.000,9999.000,9999.000,9999.000,9999.000
202606191800,   1.744,   1.289,  -0.200,  -0.255,   1.289,  -0.200,   1.289,  -0.200,   1.289
202606191806,   1.746,   1.298,9999.000,9999.000,9999.000,9999.000,9999.000,9999.000,9999.000
202606191812,   1.746,   1.289,9999.000,9999.000,9999.000,9999.000,9999.000,9999.000,9999.000
202606191818,   1.745,   1.289,9999.000,9999.000,9999.000,9999.000,9999.000,9999.000,9999.000
202606191824,   1.743,   1.308,9999.000,9999.000,9999.000,9999.000,9999.000,9999.000,9999.000
202606191830,   1.740,   1.308,9999.000,9999.000,9999.000,9999.000,9999.000,9999.000,9999.000
202606191836,   1.735,   1.289,9999.000,9999.000,9999.000,9999.000,9999.000,9999.000,9999.000
202606191842,   1.729,   1.279,9999.000,9999.000,9999.000,9999.000,9999.000,9999.000,9999.000
202606191848,   1.722,   1.289,9999.000,9999.000,9999.000,9999.000,9999.000,9999.000,9999.000
202606191854,   1.714,   1.308,9999.000,9999.000,9999.000,9999.000,9999.000,9999.000,9999.000
202606191900,   1.705,   1.289,  -0.200,  -0.216,   1.289,  -0.300,   1.189,  -0.200,   1.289
202606191906,   1.695,   1.289,9999.000,9999.000,9999.000,9999.000,9999.000,9999.000,9999.000
202606191912,   1.683,   1.298,9999.000,9999.000,9999.000,9999.000,9999.000,9999.000,9999.000
202606191918,   1.671,   1.289,9999.000,9999.000,9999.000,9999.000,9999.000,9999.000,9999.000
202606191924,   1.658,   1.269,9999.000,9999.000,9999.000,9999.000,9999.000,9999.000,9999.000
202606191930,   1.644,   1.279,9999.000,9999.000,9999.000,9999.000,9999.000,9999.000,9999.000
202606191936,   1.630,   1.289,9999.000,9999.000,9999.000,9999.000,9999.000,9999.000,9999.000
202606191942,   1.614,   1.279,9999.000,9999.000,9999.000,9999.000,9999.000,9999.000,9999.000
202606191948,   1.598,   1.269,9999.000,9999.000,9999.000,9999.000,9999.000,9999.000,9999.000
202606191954,   1.581,   1.259,9999.000,9999.000,9999.000,9999.000,9999.000,9999.000,9999.000
202606192000,   1.563,   1.269,  -0.200,  -0.094,   1.269,  -0.300,   1.169,  -0.200,   1.269
202606192006,   1.545,   1.249,9999.000,9999.000,9999.000,9999.000,9999.000,9999.000,9999.000
202606192012,   1.527,   1.210,9999.000,9999.000,9999.000,9999.000,9999.000,9999.000,9999.000
202606192018,   1.508,   1.190,9999.000,9999.000,9999.000,9999.000,9999.000,9999.000,9999.000
202606192024,   1.489,   1.190,9999.000,9999.000,9999.000,9999.000,9999.000,9999.000,9999.000
202606192030,   1.469,   1.161,9999.000,9999.000,9999.000,9999.000,9999.000,9999.000,9999.000
202606192036,   1.450,   1.138,9999.000,9999.000,9999.000,9999.000,9999.000,9999.000,9999.000
202606192042,   1.430,   1.128,9999.000,9999.000,9999.000,9999.000,9999.000,9999.000,9999.000
202606192048,   1.411,   1.128,9999.000,9999.000,9999.000,9999.000,9999.000,9999.000,9999.000
202606192054,   1.392,   1.088,9999.000,9999.000,9999.000,9999.000,9999.000,9999.000,9999.000
202606192100,   1.373,   1.039,  -0.200,  -0.134,   1.039,  -0.300,   0.939,  -0.200,   1.039
202606192106,   1.354,   1.020,9999.000,9999.000,9999.000,9999.000,9999.000,9999.000,9999.000
202606192112,   1.336,   1.010,9999.000,9999.000,9999.000,9999.000,9999.000,9999.000,9999.000
202606192118,   1.318,   0.970,9999.000,9999.000,9999.000,9999.000,9999.000,9999.000,9999.000
202606192124,   1.301,   0.951,9999.000,9999.000,9999.000,9999.000,9999.000,9999.000,9999.000
202606192130,   1.285,   0.918,9999.000,9999.000,9999.000,9999.000,9999.000,9999.000,9999.000
202606192136,   1.270,   0.908,9999.000,9999.000,9999.000,9999.000,9999.000,9999.000,9999.000
202606192142,   1.255,   0.918,9999.000,9999.000,9999.000,9999.000,9999.000,9999.000,9999.000
202606192148,   1.242,   0.888,9999.000,9999.000,9999.000,9999.000,9999.000,9999.000,9999.000
202606192154,   1.229,   0.898,9999.000,9999.000,9999.000,9999.000,9999.000,9999.000,9999.000
202606192200,   1.218,   0.898,  -0.300,  -0.020,   0.898,  -0.300,   0.898,  -0.200,   0.998
202606192206,   1.208,   0.888,9999.000,9999.000,9999.000,9999.000,9999.000,9999.000,9999.000
202606192212,   1.199,   0.888,9999.000,9999.000,9999.000,9999.000,9999.000,9999.000,9999.000
202606192218,   1.191,   0.898,9999.000,9999.000,9999.000,9999.000,9999.000,9999.000,9999.000
202606192224,   1.184,   0.879,9999.000,9999.000,9999.000,9999.000,9999.000,9999.000,9999.000
202606192230,   1.179,   0.879,9999.000,9999.000,9999.000,9999.000,9999.000,9999.000,9999.000
202606192236,   1.175,   0.888,9999.000,9999.000,9999.000,9999.000,9999.000,9999.000,9999.000
202606192242,   1.172,   0.888,9999.000,9999.000,9999.000,9999.000,9999.000,9999.000,9999.000
202606192248,   1.170,   0.908,9999.000,9999.000,9999.000,9999.000,9999.000,9999.000,9999.000
202606192254,   1.170,   0.908,9999.000,9999.000,9999.000,9999.000,9999.000,9999.000,9999.000
202606192300,   1.170,   0.908,  -0.300,   0.038,   0.908,  -0.300,   0.908,  -0.200,   1.008
202606192306,   1.172,   0.941,9999.000,9999.000,9999.000,9999.000,9999.000,9999.000,9999.000
202606192312,   1.175,   0.951,9999.000,9999.000,9999.000,9999.000,9999.000,9999.000,9999.000
202606192318,   1.178,   0.951,9999.000,9999.000,9999.000,9999.000,9999.000,9999.000,9999.000
202606192324,   1.183,   0.961,9999.000,9999.000,9999.000,9999.000,9999.000,9999.000,9999.000
202606192330,   1.188,   0.980,9999.000,9999.000,9999.000,9999.000,9999.000,9999.000,9999.000
202606192336,   1.194,   1.029,9999.000,9999.000,9999.000,9999.000,9999.000,9999.000,9999.000
202606192342,   1.201,   1.039,9999.000,9999.000,9999.000,9999.000,9999.000,9999.000,9999.000
202606192348,   1.208,   1.020,9999.000,9999.000,9999.000,9999.000,9999.000,9999.000,9999.000
202606192354,   1.216,   1.020,9999.000,9999.000,9999.000,9999.000,9999.000,9999.000,9999.000
202606200000,   1.224,   1.049,  -0.500,   0.325,   1.049,  -0.500,   1.049,  -0.500,   1.049
202606200006,   1.233,   1.098,9999.000,9999.000,9999.000,9999.000,9999.000,9999.000,9999.000
202606200012,   1.242,   1.108,9999.000,9999.000,9999.000,9999.000,9999.000,9999.000,9999.000
202606200018,   1.251,   1.108,9999.000,9999.000,9999.000,9999.000,9999.000,9999.000,9999.000
202606200024,   1.260,   1.108,9999.000,9999.000,9999.000,9999.000,9999.000,9999.000,9999.000
202606200030,   1.270,   1.151,9999.000,9999.000,9999.000,9999.000,9999.000,9999.000,9999.000
202606200036,   1.280,   1.161,9999.000,9999.000,9999.000,9999.000,9999.000,9999.000,9999.000
202606200042,   1.289,   1.170,9999.000,9999.000,9999.000,9999.000,9999.000,9999.000,9999.000
202606200048,   1.299,   1.170,9999.000,9999.000,9999.000,9999.000,9999.000,9999.000,9999.000
202606200054,   1.309,   1.190,9999.000,9999.000,9999.000,9999.000,9999.000,9999.000,9999.000
202606200100,   1.319,   1.190,  -0.500,   0.371,   1.190,  -0.500,   1.190,  -0.500,   1.190
202606200106,   1.329,   1.200,9999.000,9999.000,9999.000,9999.000,9999.000,9999.000,9999.000
202606200112,   1.338,   1.200,9999.000,9999.000,9999.000,9999.000,9999.000,9999.000,9999.000
202606200118,   1.348,   1.210,9999.000,9999.000,9999.000,9999.000,9999.000,9999.000,9999.000
202606200124,   1.358,   1.210,9999.000,9999.000,9999.000,9999.000,9999.000,9999.000,9999.000
202606200130,   1.368,   1.229,9999.000,9999.000,9999.000,9999.000,9999.000,9999.000,9999.000
202606200136,   1.377,   1.249,9999.000,9999.000,9999.000,9999.000,9999.000,9999.000,9999.000
202606200142,   1.387,   1.259,9999.000,9999.000,9999.000,9999.000,9999.000,9999.000,9999.000
202606200148,   1.397,   1.279,9999.000,9999.000,9999.000,9999.000,9999.000,9999.000,9999.000
202606200154,   1.407,   1.289,9999.000,9999.000,9999.000,9999.000,9999.000,9999.000,9999.000
202606200200,   1.416,   1.279,  -0.500,   0.363,   1.279,  -0.500,   1.279,  -0.500,   1.279
202606200206,   1.426,   1.269,9999.000,9999.000,9999.000,9999.000,9999.000,9999.000,9999.000
202606200212,   1.436,   1.279,9999.000,9999.000,9999.000,9999.000,9999.000,9999.000,9999.000
202606200218,   1.446,   1.289,9999.000,9999.000,9999.000,9999.000,9999.000,9999.000,9999.000
202606200224,   1.456,   1.289,9999.000,9999.000,9999.000,9999.000,9999.000,9999.000,9999.000
202606200230,   1.466,   1.289,9999.000,9999.000,9999.000,9999.000,9999.000,9999.000,9999.000
202606200236,   1.475,   1.308,9999.000,9999.000,9999.000,9999.000,9999.000,9999.000,9999.000
202606200242,   1.485,   1.279,9999.000,9999.000,9999.000,9999.000,9999.000,9999.000,9999.000
202606200248,   1.495,   1.279,9999.000,9999.000,9999.000,9999.000,9999.000,9999.000,9999.000
202606200254,   1.505,   1.308,9999.000,9999.000,9999.000,9999.000,9999.000,9999.000,9999.000
202606200300,   1.515,   1.289,  -0.500,   0.274,   1.289,  -0.600,   1.189,  -0.500,   1.289
202606200306,   1.524,   1.298,9999.000,9999.000,9999.000,9999.000,9999.000,9999.000,9999.000
202606200312,   1.534,   1.308,9999.000,9999.000,9999.000,9999.000,9999.000,9999.000,9999.000
202606200318,   1.543,   1.289,9999.000,9999.000,9999.000,9999.000,9999.000,9999.000,9999.000
202606200324,   1.552,   1.269,9999.000,9999.000,9999.000,9999.000,9999.000,9999.000,9999.000
202606200330,   1.561,   1.279,9999.000,9999.000,9999.000,9999.000,9999.000,9999.000,9999.000
202606200336,   1.569,   1.279,9999.000,9999.000,9999.000,9999.000,9999.000,9999.000,9999.000
202606200342,   1.577,   1.259,9999.000,9999.000,9999.000,9999.000,9999.000,9999.000,9999.000
202606200348,   1.584,   1.269,9999.000,9999.000,9999.000,9999.000,9999.000,9999.000,9999.000
202606200354,   1.590,   1.289,9999.000,9999.000,9999.000,9999.000,9999.000,9999.000,9999.000
202606200400,   1.596,   1.308,  -0.500,   0.212,   1.308,  -0.600,   1.208,  -0.500,   1.308
202606200406,   1.602,   1.308,9999.000,9999.000,9999.000,9999.000,9999.000,9999.000,9999.000
202606200412,   1.606,   1.308,9999.000,9999.000,9999.000,9999.000,9999.000,9999.000,9999.000
202606200418,   1.610,   1.328,9999.000,9999.000,9999.000,9999.000,9999.000,9999.000,9999.000
202606200424,   1.612,   1.348,9999.000,9999.000,9999.000,9999.000,9999.000,9999.000,9999.000
202606200430,   1.614,   1.361,9999.000,9999.000,9999.000,9999.000,9999.000,9999.000,9999.000
202606200436,   1.615,   1.361,9999.000,9999.000,9999.000,9999.000,9999.000,9999.000,9999.000
202606200442,   1.614,   1.348,9999.000,9999.000,9999.000,9999.000,9999.000,9999.000,9999.000
202606200448,   1.613,   1.348,9999.000,9999.000,9999.000,9999.000,9999.000,9999.000,9999.000
202606200454,   1.610,   1.348,9999.000,9999.000,9999.000,9999.000,9999.000,9999.000,9999.000
202606200500,   1.606,   1.361,  -0.600,   0.355,   1.361,  -0.600,   1.361,  -0.500,   1.461
202606200506,   1.601,   1.348,9999.000,9999.000,9999.000,9999.000,9999.000,9999.000,9999.000
202606200512,   1.595,   1.348,9999.000,9999.000,9999.000,9999.000,9999.000,9999.000,9999.000
202606200518,   1.588,   1.371,9999.000,9999.000,9999.000,9999.000,9999.000,9999.000,9999.000
202606200524,   1.579,   1.380,9999.000,9999.000,9999.000,9999.000,9999.000,9999.000,9999.000
202606200530,   1.569,   1.361,9999.000,9999.000,9999.000,9999.000,9999.000,9999.000,9999.000
202606200536,   1.558,   1.361,9999.000,9999.000,9999.000,9999.000,9999.000,9999.000,9999.000
202606200542,   1.545,   1.348,9999.000,9999.000,9999.000,9999.000,9999.000,9999.000,9999.000
202606200548,   1.532,   1.348,9999.000,9999.000,9999.000,9999.000,9999.000,9999.000,9999.000
202606200554,   1.517,   1.338,9999.000,9999.000,9999.000,9999.000,9999.000,9999.000,9999.000
202606200600,   1.500,   1.338,  -0.500,   0.338,   1.338,  -0.500,   1.338,  -0.400,   1.438
202606200606,   1.483,   1.328,9999.000,9999.000,9999.000,9999.000,9999.000,9999.000,9999.000
202606200612,   1.464,   1.318,9999.000,9999.000,9999.000,9999.000,9999.000,9999.000,9999.000
202606200618,   1.445,   1.298,9999.000,9999.000,9999.000,9999.000,9999.000,9999.000,9999.000
202606200624,   1.424,   1.279,9999.000,9999.000,9999.000,9999.000,9999.000,9999.000,9999.000
202606200630,   1.402,   1.249,9999.000,9999.000,9999.000,9999.000,9999.000,9999.000,9999.000
202606200636,   1.379,   1.210,9999.000,9999.000,9999.000,9999.000,9999.000,9999.000,9999.000
202606200642,   1.355,   1.180,9999.000,9999.000,9999.000,9999.000,9999.000,9999.000,9999.000
202606200648,   1.329,   1.151,9999.000,9999.000,9999.000,9999.000,9999.000,9999.000,9999.000
202606200654,   1.303,   1.108,9999.000,9999.000,9999.000,9999.000,9999.000,9999.000,9999.000
202606200700,   1.276,   1.098,  -0.500,   0.322,   1.098,  -0.500,   1.098,  -0.500,   1.098
202606200706,   1.248,   1.079,9999.000,9999.000,9999.000,9999.000,9999.000,9999.000,9999.000
202606200712,   1.219,   1.029,9999.000,9999.000,9999.000,9999.000,9999.000,9999.000,9999.000
202606200718,   1.189,   0.990,9999.000,9999.000,9999.000,9999.000,9999.000,9999.000,9999.000
202606200724,   1.158,   0.961,9999.000,9999.000,9999.000,9999.000,9999.000,9999.000,9999.000
202606200730,   1.126,   0.928,9999.000,9999.000,9999.000,9999.000,9999.000,9999.000,9999.000
202606200736,   1.094,   0.908,9999.000,9999.000,9999.000,9999.000,9999.000,9999.000,9999.000
202606200742,   1.061,   0.849,9999.000,9999.000,9999.000,9999.000,9999.000,9999.000,9999.000
202606200748,   1.027,   0.819,9999.000,9999.000,9999.000,9999.000,9999.000,9999.000,9999.000
202606200754,   0.992,   0.780,9999.000,9999.000,9999.000,9999.000,9999.000,9999.000,9999.000
202606200800,   0.957,   0.718,  -0.500,   0.261,   0.718,  -0.500,   0.718,  -0.500,   0.718
202606200806,   0.921,   0.678,9999.000,9999.000,9999.000,9999.000,9999.000,9999.000,9999.000
202606200812,   0.885,   0.639,9999.000,9999.000,9999.000,9999.000,9999.000,9999.000,9999.000
202606200818,   0.848,   0.590,9999.000,9999.000,9999.000,9999.000,9999.000,9999.000,9999.000
202606200824,   0.811,   0.531,9999.000,9999.000,9999.000,9999.000,9999.000,9999.000,9999.000
202606200830,   0.774,   0.478,9999.000,9999.000,9999.000,9999.000,9999.000,9999.000,9999.000
202606200836,   0.736,   0.449,9999.000,9999.000,9999.000,9999.000,9999.000,9999.000,9999.000
202606200842,   0.698,   0.409,9999.000,9999.000,9999.000,9999.000,9999.000,9999.000,9999.000
202606200848,   0.661,   0.370,9999.000,9999.000,9999.000,9999.000,9999.000,9999.000,9999.000
202606200854,   0.623,   0.321,9999.000,9999.000,9999.000,9999.000,9999.000,9999.000,9999.000
202606200900,   0.585,   0.288,  -0.500,   0.203,   0.288,  -0.500,   0.288,  -0.500,   0.288
202606200906,   0.548,   0.249,9999.000,9999.000,9999.000,9999.000,9999.000,9999.000,9999.000
202606200912,   0.511,   0.200,9999.000,9999.000,9999.000,9999.000,9999.000,9999.000,9999.000
202606200918,   0.474,   0.180,9999.000,9999.000,9999.000,9999.000,9999.000,9999.000,9999.000
202606200924,   0.438,   0.160,9999.000,9999.000,9999.000,9999.000,9999.000,9999.000,9999.000
202606200930,   0.403,   0.141,9999.000,9999.000,9999.000,9999.000,9999.000,9999.000,9999.000
202606200936,   0.368,   0.150,9999.000,9999.000,9999.000,9999.000,9999.000,9999.000,9999.000
202606200942,   0.334,   0.098,9999.000,9999.000,9999.000,9999.000,9999.000,9999.000,9999.000
202606200948,   0.302,   0.078,9999.000,9999.000,9999.000,9999.000,9999.000,9999.000,9999.000
202606200954,   0.270,   0.039,9999.000,9999.000,9999.000,9999.000,9999.000,9999.000,9999.000
202606201000,   0.240,   0.009,  -0.500,   0.269,   0.009,  -0.500,   0.009,  -0.500,   0.009
202606201006,   0.211,   0.009,9999.000,9999.000,9999.000,9999.000,9999.000,9999.000,9999.000
202606201012,   0.183,   0.000,9999.000,9999.000,9999.000,9999.000,9999.000,9999.000,9999.000
202606201018,   0.157,  -0.039,9999.000,9999.000,9999.000,9999.000,9999.000,9999.000,9999.000
202606201024,   0.133,  -0.049,9999.000,9999.000,9999.000,9999.000,9999.000,9999.000,9999.000
202606201030,   0.110,  -0.088,9999.000,9999.000,9999.000,9999.000,9999.000,9999.000,9999.000
202606201036,   0.089,  -0.131,9999.000,9999.000,9999.000,9999.000,9999.000,9999.000,9999.000
202606201042,   0.070,  -0.141,9999.000,9999.000,9999.000,9999.000,9999.000,9999.000,9999.000
202606201048,   0.052,  -0.141,9999.000,9999.000,9999.000,9999.000,9999.000,9999.000,9999.000
202606201054,   0.037,  -0.121,9999.000,9999.000,9999.000,9999.000,9999.000,9999.000,9999.000
202606201100,   0.023,  -0.160,  -0.500,   0.317,  -0.160,  -0.500,  -0.160,  -0.500,  -0.160
202606201106,   0.012,  -0.150,9999.000,9999.000,9999.000,9999.000,9999.000,9999.000,9999.000
202606201112,   0.002,  -0.180,9999.000,9999.000,9999.000,9999.000,9999.000,9999.000,9999.000
202606201118,  -0.004,  -0.229,9999.000,9999.000,9999.000,9999.000,9999.000,9999.000,9999.000
202606201124,  -0.010,  -0.249,9999.000,9999.000,9999.000,9999.000,9999.000,9999.000,9999.000
202606201130,  -0.013,  -0.249,9999.000,9999.000,9999.000,9999.000,9999.000,9999.000,9999.000
202606201136,  -0.015,  -0.249,9999.000,9999.000,9999.000,9999.000,9999.000,9999.000,9999.000
202606201142,  -0.015,  -0.259,9999.000,9999.000,9999.000,9999.000,9999.000,9999.000,9999.000
202606201148,  -0.012,  -0.259,9999.000,9999.000,9999.000,9999.000,9999.000,9999.000,9999.000
202606201154,  -0.008,  -0.268,9999.000,9999.000,9999.000,9999.000,9999.000,9999.000,9999.000
202606201200,  -0.002,  -0.259,  -0.200,  -0.057,  -0.259,  -0.200,  -0.259,  -0.200,  -0.259
202606201206,   0.004,  -0.239,9999.000,9999.000,9999.000,9999.000,9999.000,9999.000,9999.000
202606201212,   0.014,  -0.249,9999.000,9999.000,9999.000,9999.000,9999.000,9999.000,9999.000
202606201218,   0.025,  -0.259,9999.000,9999.000,9999.000,9999.000,9999.000,9999.000,9999.000
202606201224,   0.037,  -0.278,9999.000,9999.000,9999.000,9999.000,9999.000,9999.000,9999.000
202606201230,   0.051,  -0.268,9999.000,9999.000,9999.000,9999.000,9999.000,9999.000,9999.000
202606201236,   0.067,  -0.259,9999.000,9999.000,9999.000,9999.000,9999.000,9999.000,9999.000
202606201242,   0.084,  -0.259,9999.000,9999.000,9999.000,9999.000,9999.000,9999.000,9999.000
202606201248,   0.102,  -0.239,9999.000,9999.000,9999.000,9999.000,9999.000,9999.000,9999.000
202606201254,   0.122,  -0.219,9999.000,9999.000,9999.000,9999.000,9999.000,9999.000,9999.000
202606201300,   0.143,  -0.239,  -0.200,  -0.182,  -0.239,  -0.200,  -0.239,  -0.100,  -0.139
202606201306,   0.165,  -0.209,9999.000,9999.000,9999.000,9999.000,9999.000,9999.000,9999.000
202606201312,   0.189,  -0.180,9999.000,9999.000,9999.000,9999.000,9999.000,9999.000,9999.000
202606201318,   0.213,  -0.150,9999.000,9999.000,9999.000,9999.000,9999.000,9999.000,9999.000
202606201324,   0.238,  -0.141,9999.000,9999.000,9999.000,9999.000,9999.000,9999.000,9999.000
202606201330,   0.265,  -0.150,9999.000,9999.000,9999.000,9999.000,9999.000,9999.000,9999.000
202606201336,   0.292,  -0.121,9999.000,9999.000,9999.000,9999.000,9999.000,9999.000,9999.000
202606201342,   0.321,  -0.088,9999.000,9999.000,9999.000,9999.000,9999.000,9999.000,9999.000
202606201348,   0.350,  -0.098,9999.000,9999.000,9999.000,9999.000,9999.000,9999.000,9999.000
202606201354,   0.380,  -0.049,9999.000,9999.000,9999.000,9999.000,9999.000,9999.000,9999.000
202606201400,   0.412,  -0.019,  -0.200,  -0.231,  -0.019,  -0.200,  -0.019,  -0.100,   0.081
202606201406,   0.444,   0.009,9999.000,9999.000,9999.000,9999.000,9999.000,9999.000,9999.000
202606201412,   0.476,   0.039,9999.000,9999.000,9999.000,9999.000,9999.000,9999.000,9999.000
202606201418,   0.510,   0.049,9999.000,9999.000,9999.000,9999.000,9999.000,9999.000,9999.000
202606201424,   0.544,   0.059,9999.000,9999.000,9999.000,9999.000,9999.000,9999.000,9999.000
202606201430,   0.579,   0.068,9999.000,9999.000,9999.000,9999.000,9999.000,9999.000,9999.000
202606201436,   0.615,   0.111,9999.000,9999.000,9999.000,9999.000,9999.000,9999.000,9999.000
202606201442,   0.651,   0.141,9999.000,9999.000,9999.000,9999.000,9999.000,9999.000,9999.000
202606201448,   0.688,   0.141,9999.000,9999.000,9999.000,9999.000,9999.000,9999.000,9999.000
202606201454,   0.725,   0.180,9999.000,9999.000,9999.000,9999.000,9999.000,9999.000,9999.000
202606201500,   0.763,   0.229,  -0.200,  -0.334,   0.229,  -0.200,   0.229,  -0.100,   0.329
202606201506,   0.801,   0.259,9999.000,9999.000,9999.000,9999.000,9999.000,9999.000,9999.000
202606201512,   0.840,   0.278,9999.000,9999.000,9999.000,9999.000,9999.000,9999.000,9999.000
202606201518,   0.879,   0.321,9999.000,9999.000,9999.000,9999.000,9999.000,9999.000,9999.000
202606201524,   0.918,   0.350,9999.000,9999.000,9999.000,9999.000,9999.000,9999.000,9999.000
202606201530,   0.958,   0.390,9999.000,9999.000,9999.000,9999.000,9999.000,9999.000,9999.000
202606201536,   0.997,   0.429,9999.000,9999.000,9999.000,9999.000,9999.000,9999.000,9999.000
202606201542,   1.036,   0.439,9999.000,9999.000,9999.000,9999.000,9999.000,9999.000,9999.000
202606201548,   1.076,   0.488,9999.000,9999.000,9999.000,9999.000,9999.000,9999.000,9999.000
202606201554,   1.115,   0.551,9999.000,9999.000,9999.000,9999.000,9999.000,9999.000,9999.000
202606201600,   1.154,   0.600,  -0.200,  -0.354,   0.600,  -0.200,   0.600,  -0.100,   0.700
202606201606,   1.193,   0.600,9999.000,9999.000,9999.000,9999.000,9999.000,9999.000,9999.000
202606201612,   1.231,   0.610,9999.000,9999.000,9999.000,9999.000,9999.000,9999.000,9999.000
202606201618,   1.268,   0.610,9999.000,9999.000,9999.000,9999.000,9999.000,9999.000,9999.000
202606201624,   1.305,   0.678,9999.000,9999.000,9999.000,9999.000,9999.000,9999.000,9999.000
202606201630,   1.341,   0.731,9999.000,9999.000,9999.000,9999.000,9999.000,9999.000,9999.000
202606201636,   1.376,   0.800,9999.000,9999.000,9999.000,9999.000,9999.000,9999.000,9999.000
202606201642,   1.411,   0.810,9999.000,9999.000,9999.000,9999.000,9999.000,9999.000,9999.000
202606201648,   1.444,   0.810,9999.000,9999.000,9999.000,9999.000,9999.000,9999.000,9999.000
202606201654,   1.476,   0.810,9999.000,9999.000,9999.000,9999.000,9999.000,9999.000,9999.000
202606201700,   1.507,   0.849,  -0.200,  -0.458,   0.849,  -0.200,   0.849,  -0.100,   0.949
202606201706,   1.536,   0.869,9999.000,9999.000,9999.000,9999.000,9999.000,9999.000,9999.000
202606201712,   1.564,   0.908,9999.000,9999.000,9999.000,9999.000,9999.000,9999.000,9999.000
202606201718,   1.591,   0.941,9999.000,9999.000,9999.000,9999.000,9999.000,9999.000,9999.000
202606201724,   1.617,   1.010,9999.000,9999.000,9999.000,9999.000,9999.000,9999.000,9999.000
202606201730,   1.640,   0.980,9999.000,9999.000,9999.000,9999.000,9999.000,9999.000,9999.000
202606201736,   1.663,   1.000,9999.000,9999.000,9999.000,9999.000,9999.000,9999.000,9999.000
202606201742,   1.683,   1.029,9999.000,9999.000,9999.000,9999.000,9999.000,9999.000,9999.000
202606201748,   1.702,   1.059,9999.000,9999.000,9999.000,9999.000,9999.000,9999.000,9999.000
202606201754,   1.720,   1.059,9999.000,9999.000,9999.000,9999.000,9999.000,9999.000,9999.000
202606201800,   1.735,   1.029,  -0.200,  -0.506,   1.029,  -0.200,   1.029,  -0.100,   1.129
202606201806,   1.749,   1.069,9999.000,9999.000,9999.000,9999.000,9999.000,9999.000,9999.000
202606201812,   1.762,   1.108,9999.000,9999.000,9999.000,9999.000,9999.000,9999.000,9999.000
202606201818,   1.773,   1.088,9999.000,9999.000,9999.000,9999.000,9999.000,9999.000,9999.000
202606201824,   1.782,   1.098,9999.000,9999.000,9999.000,9999.000,9999.000,9999.000,9999.000
202606201830,   1.789,   1.088,9999.000,9999.000,9999.000,9999.000,9999.000,9999.000,9999.000
202606201836,   1.795,   1.138,9999.000,9999.000,9999.000,9999.000,9999.000,9999.000,9999.000
202606201842,   1.800,   1.138,9999.000,9999.000,9999.000,9999.000,9999.000,9999.000,9999.000
202606201848,   1.803,   1.138,9999.000,9999.000,9999.000,9999.000,9999.000,9999.000,9999.000
202606201854,   1.804,   1.138,9999.000,9999.000,9999.000,9999.000,9999.000,9999.000,9999.000
202606201900,   1.804,   1.180,  -0.200,  -0.424,   1.180,  -0.200,   1.180,  -0.100,   1.280
202606201906,   1.803,   1.180,9999.000,9999.000,9999.000,9999.000,9999.000,9999.000,9999.000
202606201912,   1.800,   1.151,9999.000,9999.000,9999.000,9999.000,9999.000,9999.000,9999.000
202606201918,   1.796,   1.138,9999.000,9999.000,9999.000,9999.000,9999.000,9999.000,9999.000
202606201924,   1.790,   1.151,9999.000,9999.000,9999.000,9999.000,9999.000,9999.000,9999.000
202606201930,   1.783,   1.161,9999.000,9999.000,9999.000,9999.000,9999.000,9999.000,9999.000
202606201936,   1.776,   1.138,9999.000,9999.000,9999.000,9999.000,9999.000,9999.000,9999.000
202606201942,   1.767,   1.128,9999.000,9999.000,9999.000,9999.000,9999.000,9999.000,9999.000
202606201948,   1.756,   1.108,9999.000,9999.000,9999.000,9999.000,9999.000,9999.000,9999.000
202606201954,   1.745,   1.098,9999.000,9999.000,9999.000,9999.000,9999.000,9999.000,9999.000
202606202000,   1.733,   1.108,  -0.200,  -0.425,   1.108,  -0.200,   1.108,  -0.100,   1.208
202606202006,   1.719,   1.161,9999.000,9999.000,9999.000,9999.000,9999.000,9999.000,9999.000
202606202012,   1.705,   1.161,9999.000,9999.000,9999.000,9999.000,9999.000,9999.000,9999.000
202606202018,   1.690,   1.118,9999.000,9999.000,9999.000,9999.000,9999.000,9999.000,9999.000
202606202024,   1.674,   1.108,9999.000,9999.000,9999.000,9999.000,9999.000,9999.000,9999.000
202606202030,   1.658,   1.118,9999.000,9999.000,9999.000,9999.000,9999.000,9999.000,9999.000
202606202036,   1.640,   1.118,9999.000,9999.000,9999.000,9999.000,9999.000,9999.000,9999.000
202606202042,   1.622,   1.088,9999.000,9999.000,9999.000,9999.000,9999.000,9999.000,9999.000
202606202048,   1.603,   1.079,9999.000,9999.000,9999.000,9999.000,9999.000,9999.000,9999.000
202606202054,   1.584,   1.108,9999.000,9999.000,9999.000,9999.000,9999.000,9999.000,9999.000
202606202100,   1.564,   1.098,  -0.200,  -0.266,   1.098,  -0.200,   1.098,  -0.100,   1.198
202606202106,   1.544,   1.059,9999.000,9999.000,9999.000,9999.000,9999.000,9999.000,9999.000
202606202112,   1.523,   1.039,9999.000,9999.000,9999.000,9999.000,9999.000,9999.000,9999.000
202606202118,   1.502,   1.029,9999.000,9999.000,9999.000,9999.000,9999.000,9999.000,9999.000
202606202124,   1.481,   1.069,9999.000,9999.000,9999.000,9999.000,9999.000,9999.000,9999.000
202606202130,   1.459,   1.059,9999.000,9999.000,9999.000,9999.000,9999.000,9999.000,9999.000
202606202136,   1.438,   1.010,9999.000,9999.000,9999.000,9999.000,9999.000,9999.000,9999.000
202606202142,   1.417,   0.990,9999.000,9999.000,9999.000,9999.000,9999.000,9999.000,9999.000
202606202148,   1.395,   0.961,9999.000,9999.000,9999.000,9999.000,9999.000,9999.000,9999.000
202606202154,   1.374,   0.941,9999.000,9999.000,9999.000,9999.000,9999.000,9999.000,9999.000
202606202200,   1.353,   0.908,  -0.200,  -0.245,   0.908,  -0.200,   0.908,  -0.200,   0.908
202606202206,   1.333,   0.869,9999.000,9999.000,9999.000,9999.000,9999.000,9999.000,9999.000
202606202212,   1.312,   0.839,9999.000,9999.000,9999.000,9999.000,9999.000,9999.000,9999.000
202606202218,   1.293,   0.839,9999.000,9999.000,9999.000,9999.000,9999.000,9999.000,9999.000
202606202224,   1.274,   0.790,9999.000,9999.000,9999.000,9999.000,9999.000,9999.000,9999.000
202606202230,   1.255,   0.800,9999.000,9999.000,9999.000,9999.000,9999.000,9999.000,9999.000
202606202236,   1.238,   0.810,9999.000,9999.000,9999.000,9999.000,9999.000,9999.000,9999.000
202606202242,   1.221,   0.800,9999.000,9999.000,9999.000,9999.000,9999.000,9999.000,9999.000
202606202248,   1.205,   0.760,9999.000,9999.000,9999.000,9999.000,9999.000,9999.000,9999.000
202606202254,   1.190,   0.790,9999.000,9999.000,9999.000,9999.000,9999.000,9999.000,9999.000
202606202300,   1.176,   0.800,  -0.200,  -0.176,   0.800,  -0.200,   0.800,  -0.100,   0.900
202606202306,   1.163,   0.810,9999.000,9999.000,9999.000,9999.000,9999.000,9999.000,9999.000
202606202312,   1.151,   0.819,9999.000,9999.000,9999.000,9999.000,9999.000,9999.000,9999.000
202606202318,   1.141,   0.800,9999.000,9999.000,9999.000,9999.000,9999.000,9999.000,9999.000
202606202324,   1.131,   0.760,9999.000,9999.000,9999.000,9999.000,9999.000,9999.000,9999.000
202606202330,   1.122,   0.751,9999.000,9999.000,9999.000,9999.000,9999.000,9999.000,9999.000
202606202336,   1.115,   0.760,9999.000,9999.000,9999.000,9999.000,9999.000,9999.000,9999.000
202606202342,   1.109,   0.741,9999.000,9999.000,9999.000,9999.000,9999.000,9999.000,9999.000
202606202348,   1.104,   0.731,9999.000,9999.000,9999.000,9999.000,9999.000,9999.000,9999.000
202606202354,   1.100,   0.708,9999.000,9999.000,9999.000,9999.000,9999.000,9999.000,9999.000
202606210000,   1.097,   0.731,  -0.500,   0.134,   0.731,  -0.500,   0.731,  -0.500,   0.731
202606210006,   1.095,   0.731,9999.000,9999.000,9999.000,9999.000,9999.000,9999.000,9999.000
202606210012,   1.095,   0.741,9999.000,9999.000,9999.000,9999.000,9999.000,9999.000,9999.000
202606210018,   1.095,   0.751,9999.000,9999.000,9999.000,9999.000,9999.000,9999.000,9999.000
202606210024,   1.096,   0.780,9999.000,9999.000,9999.000,9999.000,9999.000,9999.000,9999.000
202606210030,   1.098,   0.790,9999.000,9999.000,9999.000,9999.000,9999.000,9999.000,9999.000
202606210036,   1.101,   0.780,9999.000,9999.000,9999.000,9999.000,9999.000,9999.000,9999.000
202606210042,   1.105,   0.770,9999.000,9999.000,9999.000,9999.000,9999.000,9999.000,9999.000
202606210048,   1.109,   0.780,9999.000,9999.000,9999.000,9999.000,9999.000,9999.000,9999.000
202606210054,   1.115,   0.819,9999.000,9999.000,9999.000,9999.000,9999.000,9999.000,9999.000
202606210100,   1.120,   0.839,  -0.500,   0.219,   0.839,  -0.500,   0.839,  -0.500,   0.839
202606210106,   1.126,   0.839,9999.000,9999.000,9999.000,9999.000,9999.000,9999.000,9999.000
202606210112,   1.133,   0.839,9999.000,9999.000,9999.000,9999.000,9999.000,9999.000,9999.000
202606210118,   1.140,   0.869,9999.000,9999.000,9999.000,9999.000,9999.000,9999.000,9999.000
202606210124,   1.148,   0.879,9999.000,9999.000,9999.000,9999.000,9999.000,9999.000,9999.000
202606210130,   1.156,   0.869,9999.000,9999.000,9999.000,9999.000,9999.000,9999.000,9999.000
202606210136,   1.164,   0.888,9999.000,9999.000,9999.000,9999.000,9999.000,9999.000,9999.000
202606210142,   1.172,   0.928,9999.000,9999.000,9999.000,9999.000,9999.000,9999.000,9999.000
202606210148,   1.181,   0.941,9999.000,9999.000,9999.000,9999.000,9999.000,9999.000,9999.000
202606210154,   1.190,   0.941,9999.000,9999.000,9999.000,9999.000,9999.000,9999.000,9999.000
202606210200,   1.199,   0.951,  -0.500,   0.252,   0.951,  -0.600,   0.851,  -0.500,   0.951
202606210206,   1.208,   0.961,9999.000,9999.000,9999.000,9999.000,9999.000,9999.000,9999.000
202606210212,   1.218,   0.941,9999.000,9999.000,9999.000,9999.000,9999.000,9999.000,9999.000
202606210218,   1.228,   0.980,9999.000,9999.000,9999.000,9999.000,9999.000,9999.000,9999.000
202606210224,   1.237,   1.029,9999.000,9999.000,9999.000,9999.000,9999.000,9999.000,9999.000
202606210230,   1.247,   1.020,9999.000,9999.000,9999.000,9999.000,9999.000,9999.000,9999.000
202606210236,   1.257,   0.990,9999.000,9999.000,9999.000,9999.000,9999.000,9999.000,9999.000
202606210242,   1.268,   1.010,9999.000,9999.000,9999.000,9999.000,9999.000,9999.000,9999.000
202606210248,   1.278,   1.020,9999.000,9999.000,9999.000,9999.000,9999.000,9999.000,9999.000
202606210254,   1.289,   1.010,9999.000,9999.000,9999.000,9999.000,9999.000,9999.000,9999.000
202606210300,   1.300,   0.990,  -0.500,   0.190,   0.990,  -0.600,   0.890,  -0.500,   0.990
202606210306,   1.311,   0.990,9999.000,9999.000,9999.000,9999.000,9999.000,9999.000,9999.000
202606210312,   1.322,   1.000,9999.000,9999.000,9999.000,9999.000,9999.000,9999.000,9999.000
202606210318,   1.333,   1.020,9999.000,9999.000,9999.000,9999.000,9999.000,9999.000,9999.000
202606210324,   1.345,   0.990,9999.000,9999.000,9999.000,9999.000,9999.000,9999.000,9999.000
202606210330,   1.357,   0.990,9999.000,9999.000,9999.000,9999.000,9999.000,9999.000,9999.000
202606210336,   1.368,   1.000,9999.000,9999.000,9999.000,9999.000,9999.000,9999.000,9999.000
202606210342,   1.380,   0.980,9999.000,9999.000,9999.000,9999.000,9999.000,9999.000,9999.000
202606210348,   1.393,   0.970,9999.000,9999.000,9999.000,9999.000,9999.000,9999.000,9999.000
202606210354,   1.405,   0.980,9999.000,9999.000,9999.000,9999.000,9999.000,9999.000,9999.000
202606210400,   1.417,   0.980,  -0.500,   0.063,   0.980,  -0.600,   0.880,  -0.500,   0.980
202606210406,   1.429,   0.990,9999.000,9999.000,9999.000,9999.000,9999.000,9999.000,9999.000
202606210412,   1.441,   1.000,9999.000,9999.000,9999.000,9999.000,9999.000,9999.000,9999.000
202606210418,   1.453,   0.990,9999.000,9999.000,9999.000,9999.000,9999.000,9999.000,9999.000
202606210424,   1.465,   0.980,9999.000,9999.000,9999.000,9999.000,9999.000,9999.000,9999.000
202606210430,   1.476,   0.990,9999.000,9999.000,9999.000,9999.000,9999.000,9999.000,9999.000
202606210436,   1.487,   0.980,9999.000,9999.000,9999.000,9999.000,9999.000,9999.000,9999.000
202606210442,   1.498,   0.990,9999.000,9999.000,9999.000,9999.000,9999.000,9999.000,9999.000
202606210448,   1.508,   1.020,9999.000,9999.000,9999.000,9999.000,9999.000,9999.000,9999.000
202606210454,   1.518,   1.029,9999.000,9999.000,9999.000,9999.000,9999.000,9999.000,9999.000
202606210500,   1.527,   1.049,  -0.500,   0.022,   1.049,  -0.600,   0.949,  -0.500,   1.049
202606210506,   1.535,   1.020,9999.000,9999.000,9999.000,9999.000,9999.000,9999.000,9999.000
202606210512,   1.543,   1.029,9999.000,9999.000,9999.000,9999.000,9999.000,9999.000,9999.000
202606210518,   1.549,   1.049,9999.000,9999.000,9999.000,9999.000,9999.000,9999.000,9999.000
202606210524,   1.555,   1.108,9999.000,9999.000,9999.000,9999.000,9999.000,9999.000,9999.000
202606210530,   1.560,   1.118,9999.000,9999.000,9999.000,9999.000,9999.000,9999.000,9999.000
202606210536,   1.563,   1.098,9999.000,9999.000,9999.000,9999.000,9999.000,9999.000,9999.000
202606210542,   1.566,   1.108,9999.000,9999.000,9999.000,9999.000,9999.000,9999.000,9999.000
202606210548,   1.567,   1.138,9999.000,9999.000,9999.000,9999.000,9999.000,9999.000,9999.000
202606210554,   1.567,   1.108,9999.000,9999.000,9999.000,9999.000,9999.000,9999.000,9999.000
202606210600,   1.566,   1.138,  -0.700,   0.272,   1.138,  -0.700,   1.138,  -0.600,   1.238
202606210606,   1.563,   1.161,9999.000,9999.000,9999.000,9999.000,9999.000,9999.000,9999.000
202606210612,   1.559,   1.161,9999.000,9999.000,9999.000,9999.000,9999.000,9999.000,9999.000
202606210618,   1.554,   1.151,9999.000,9999.000,9999.000,9999.000,9999.000,9999.000,9999.000
202606210624,   1.547,   1.138,9999.000,9999.000,9999.000,9999.000,9999.000,9999.000,9999.000
202606210630,   1.539,   1.118,9999.000,9999.000,9999.000,9999.000,9999.000,9999.000,9999.000
202606210636,   1.530,   1.118,9999.000,9999.000,9999.000,9999.000,9999.000,9999.000,9999.000
202606210642,   1.519,   1.138,9999.000,9999.000,9999.000,9999.000,9999.000,9999.000,9999.000
202606210648,   1.507,   1.128,9999.000,9999.000,9999.000,9999.000,9999.000,9999.000,9999.000
202606210654,   1.494,   1.098,9999.000,9999.000,9999.000,9999.000,9999.000,9999.000,9999.000
202606210700,   1.479,   1.069,  -0.700,   0.290,   1.069,  -0.700,   1.069,  -0.600,   1.169
202606210706,   1.463,   1.049,9999.000,9999.000,9999.000,9999.000,9999.000,9999.000,9999.000
202606210712,   1.446,   1.020,9999.000,9999.000,9999.000,9999.000,9999.000,9999.000,9999.000
202606210718,   1.427,   0.970,9999.000,9999.000,9999.000,9999.000,9999.000,9999.000,9999.000
202606210724,   1.408,   0.970,9999.000,9999.000,9999.000,9999.000,9999.000,9999.000,9999.000
202606210730,   1.387,   0.951,9999.000,9999.000,9999.000,9999.000,9999.000,9999.000,9999.000
202606210736,   1.365,   0.951,9999.000,9999.000,9999.000,9999.000,9999.000,9999.000,9999.000
202606210742,   1.342,   0.918,9999.000,9999.000,9999.000,9999.000,9999.000,9999.000,9999.000
202606210748,   1.318,   0.888,9999.000,9999.000,9999.000,9999.000,9999.000,9999.000,9999.000
202606210754,   1.293,   0.888,9999.000,9999.000,9999.000,9999.000,9999.000,9999.000,9999.000
202606210800,   1.267,   0.869,  -0.700,   0.302,   0.869,  -0.700,   0.869,  -0.600,   0.969
202606210806,   1.241,   0.829,9999.000,9999.000,9999.000,9999.000,9999.000,9999.000,9999.000
202606210812,   1.213,   0.800,9999.000,9999.000,9999.000,9999.000,9999.000,9999.000,9999.000
202606210818,   1.185,   0.780,9999.000,9999.000,9999.000,9999.000,9999.000,9999.000,9999.000
202606210824,   1.155,   0.800,9999.000,9999.000,9999.000,9999.000,9999.000,9999.000,9999.000
202606210830,   1.126,   0.770,9999.000,9999.000,9999.000,9999.000,9999.000,9999.000,9999.000
202606210836,   1.095,   0.731,9999.000,9999.000,9999.000,9999.000,9999.000,9999.000,9999.000
202606210842,   1.064,   0.688,9999.000,9999.000,9999.000,9999.000,9999.000,9999.000,9999.000
202606210848,   1.032,   0.659,9999.000,9999.000,9999.000,9999.000,9999.000,9999.000,9999.000
202606210854,   1.000,   0.629,9999.000,9999.000,9999.000,9999.000,9999.000,9999.000,9999.000
202606210900,   0.967,   0.629,  -0.700,   0.362,   0.629,  -0.700,   0.629,  -0.600,   0.729
202606210906,   0.933,   0.600,9999.000,9999.000,9999.000,9999.000,9999.000,9999.000,9999.000
202606210912,   0.900,   0.541,9999.000,9999.000,9999.000,9999.000,9999.000,9999.000,9999.000
202606210918,   0.866,   0.531,9999.000,9999.000,9999.000,9999.000,9999.000,9999.000,9999.000
202606210924,   0.831,   0.488,9999.000,9999.000,9999.000,9999.000,9999.000,9999.000,9999.000
202606210930,   0.797,   0.419,9999.000,9999.000,9999.000,9999.000,9999.000,9999.000,9999.000
202606210936,   0.762,   0.370,9999.000,9999.000,9999.000,9999.000,9999.000,9999.000,9999.000
202606210942,   0.727,   0.360,9999.000,9999.000,9999.000,9999.000,9999.000,9999.000,9999.000
202606210948,   0.692,   0.360,9999.000,9999.000,9999.000,9999.000,9999.000,9999.000,9999.000
202606210954,   0.658,   0.331,9999.000,9999.000,9999.000,9999.000,9999.000,9999.000,9999.000
202606211000,   0.623,   0.308,  -0.700,   0.385,   0.308,  -0.700,   0.308,  -0.600,   0.408
202606211006,   0.589,   0.308,9999.000,9999.000,9999.000,9999.000,9999.000,9999.000,9999.000
202606211012,   0.555,   0.239,9999.000,9999.000,9999.000,9999.000,9999.000,9999.000,9999.000
202606211018,   0.521,   0.209,9999.000,9999.000,9999.000,9999.000,9999.000,9999.000,9999.000
202606211024,   0.488,   0.200,9999.000,9999.000,9999.000,9999.000,9999.000,9999.000,9999.000
202606211030,   0.456,   0.180,9999.000,9999.000,9999.000,9999.000,9999.000,9999.000,9999.000
202606211036,   0.425,   0.160,9999.000,9999.000,9999.000,9999.000,9999.000,9999.000,9999.000
202606211042,   0.394,   0.131,9999.000,9999.000,9999.000,9999.000,9999.000,9999.000,9999.000
202606211048,   0.364,   0.088,9999.000,9999.000,9999.000,9999.000,9999.000,9999.000,9999.000
202606211054,   0.336,   0.098,9999.000,9999.000,9999.000,9999.000,9999.000,9999.000,9999.000
202606211100,   0.308,   0.068,  -0.600,   0.360,   0.068,  -0.700,  -0.032,  -0.600,   0.068
202606211106,   0.282,   0.039,9999.000,9999.000,9999.000,9999.000,9999.000,9999.000,9999.000
202606211112,   0.258,   0.000,9999.000,9999.000,9999.000,9999.000,9999.000,9999.000,9999.000
202606211118,   0.235,  -0.029,9999.000,9999.000,9999.000,9999.000,9999.000,9999.000,9999.000
202606211124,   0.213,  -0.029,9999.000,9999.000,9999.000,9999.000,9999.000,9999.000,9999.000
202606211130,   0.193,  -0.068,9999.000,9999.000,9999.000,9999.000,9999.000,9999.000,9999.000
202606211136,   0.175,  -0.068,9999.000,9999.000,9999.000,9999.000,9999.000,9999.000,9999.000
202606211142,   0.158,  -0.088,9999.000,9999.000,9999.000,9999.000,9999.000,9999.000,9999.000
202606211148,   0.144,  -0.121,9999.000,9999.000,9999.000,9999.000,9999.000,9999.000,9999.000
202606211154,   0.131,  -0.180,9999.000,9999.000,9999.000,9999.000,9999.000,9999.000,9999.000
202606211200,   0.120,  -0.180,  -0.600,   0.300,  -0.180,  -0.700,  -0.280,  -0.600,  -0.180
202606211206,   0.111,9999.000,9999.000,9999.000,9999.000,9999.000,9999.000,9999.000,9999.000
202606211212,   0.104,9999.000,9999.000,9999.000,9999.000,9999.000,9999.000,9999.000,9999.000
202606211218,   0.100,9999.000,9999.000,9999.000,9999.000,9999.000,9999.000,9999.000,9999.000
202606211224,   0.097,9999.000,9999.000,9999.000,9999.000,9999.000,9999.000,9999.000,9999.000
202606211230,   0.096,9999.000,9999.000,9999.000,9999.000,9999.000,9999.000,9999.000,9999.000
202606211236,   0.097,9999.000,9999.000,9999.000,9999.000,9999.000,9999.000,9999.000,9999.000
202606211242,   0.100,9999.000,9999.000,9999.000,9999.000,9999.000,9999.000,9999.000,9999.000
202606211248,   0.105,9999.000,9999.000,9999.000,9999.000,9999.000,9999.000,9999.000,9999.000
202606211254,   0.111,9999.000,9999.000,9999.000,9999.000,9999.000,9999.000,9999.000,9999.000
202606211300,   0.120,9999.000,  -0.600,   0.275,  -0.205,  -0.700,  -0.305,  -0.600,  -0.205
202606211306,   0.130,9999.000,9999.000,9999.000,9999.000,9999.000,9999.000,9999.000,9999.000
202606211312,   0.142,9999.000,9999.000,9999.000,9999.000,9999.000,9999.000,9999.000,9999.000
202606211318,   0.155,9999.000,9999.000,9999.000,9999.000,9999.000,9999.000,9999.000,9999.000
202606211324,   0.170,9999.000,9999.000,9999.000,9999.000,9999.000,9999.000,9999.000,9999.000
202606211330,   0.186,9999.000,9999.000,9999.000,9999.000,9999.000,9999.000,9999.000,9999.000
202606211336,   0.204,9999.000,9999.000,9999.000,9999.000,9999.000,9999.000,9999.000,9999.000
202606211342,   0.223,9999.000,9999.000,9999.000,9999.000,9999.000,9999.000,9999.000,9999.000
202606211348,   0.244,9999.000,9999.000,9999.000,9999.000,9999.000,9999.000,9999.000,9999.000
202606211354,   0.265,9999.000,9999.000,9999.000,9999.000,9999.000,9999.000,9999.000,9999.000
202606211400,   0.288,9999.000,  -0.600,   0.249,  -0.063,  -0.700,  -0.163,  -0.600,  -0.063
202606211406,   0.312,9999.000,9999.000,9999.000,9999.000,9999.000,9999.000,9999.000,9999.000
202606211412,   0.337,9999.000,9999.000,9999.000,9999.000,9999.000,9999.000,9999.000,9999.000
202606211418,   0.363,9999.000,9999.000,9999.000,9999.000,9999.000,9999.000,9999.000,9999.000
202606211424,   0.389,9999.000,9999.000,9999.000,9999.000,9999.000,9999.000,9999.000,9999.000
202606211430,   0.417,9999.000,9999.000,9999.000,9999.000,9999.000,9999.000,9999.000,9999.000
202606211436,   0.446,9999.000,9999.000,9999.000,9999.000,9999.000,9999.000,9999.000,9999.000
202606211442,   0.475,9999.000,9999.000,9999.000,9999.000,9999.000,9999.000,9999.000,9999.000
202606211448,   0.505,9999.000,9999.000,9999.000,9999.000,9999.000,9999.000,9999.000,9999.000
202606211454,   0.536,9999.000,9999.000,9999.000,9999.000,9999.000,9999.000,9999.000,9999.000
202606211500,   0.567,9999.000,  -0.600,   0.224,   0.191,  -0.700,   0.091,  -0.600,   0.191
202606211506,   0.600,9999.000,9999.000,9999.000,9999.000,9999.000,9999.000,9999.000,9999.000
202606211512,   0.633,9999.000,9999.000,9999.000,9999.000,9999.000,9999.000,9999.000,9999.000
202606211518,   0.666,9999.000,9999.000,9999.000,9999.000,9999.000,9999.000,9999.000,9999.000
202606211524,   0.701,9999.000,9999.000,9999.000,9999.000,9999.000,9999.000,9999.000,9999.000
202606211530,   0.735,9999.000,9999.000,9999.000,9999.000,9999.000,9999.000,9999.000,9999.000
202606211536,   0.771,9999.000,9999.000,9999.000,9999.000,9999.000,9999.000,9999.000,9999.000
202606211542,   0.807,9999.000,9999.000,9999.000,9999.000,9999.000,9999.000,9999.000,9999.000
202606211548,   0.843,9999.000,9999.000,9999.000,9999.000,9999.000,9999.000,9999.000,9999.000
202606211554,   0.880,9999.000,9999.000,9999.000,9999.000,9999.000,9999.000,9999.000,9999.000
202606211600,   0.917,9999.000,  -0.600,   0.199,   0.516,  -0.700,   0.416,  -0.500,   0.616
202606211606,   0.955,9999.000,9999.000,9999.000,9999.000,9999.000,9999.000,9999.000,9999.000
202606211612,   0.993,9999.000,9999.000,9999.000,9999.000,9999.000,9999.000,9999.000,9999.000
202606211618,   1.031,9999.000,9999.000,9999.000,9999.000,9999.000,9999.000,9999.000,9999.000
202606211624,   1.070,9999.000,9999.000,9999.000,9999.000,9999.000,9999.000,9999.000,9999.000
202606211630,   1.108,9999.000,9999.000,9999.000,9999.000,9999.000,9999.000,9999.000,9999.000
202606211636,   1.146,9999.000,9999.000,9999.000,9999.000,9999.000,9999.000,9999.000,9999.000
202606211642,   1.185,9999.000,9999.000,9999.000,9999.000,9999.000,9999.000,9999.000,9999.000
202606211648,   1.223,9999.000,9999.000,9999.000,9999.000,9999.000,9999.000,9999.000,9999.000
202606211654,   1.260,9999.000,9999.000,9999.000,9999.000,9999.000,9999.000,9999.000,9999.000
202606211700,   1.298,9999.000,  -0.600,   0.174,   0.872,  -0.700,   0.772,  -0.500,   0.972
202606211706,   1.335,9999.000,9999.000,9999.000,9999.000,9999.000,9999.000,9999.000,9999.000
202606211712,   1.371,9999.000,9999.000,9999.000,9999.000,9999.000,9999.000,9999.000,9999.000
202606211718,   1.407,9999.000,9999.000,9999.000,9999.000,9999.000,9999.000,9999.000,9999.000
202606211724,   1.441,9999.000,9999.000,9999.000,9999.000,9999.000,9999.000,9999.000,9999.000
202606211730,   1.475,9999.000,9999.000,9999.000,9999.000,9999.000,9999.000,9999.000,9999.000
202606211736,   1.508,9999.000,9999.000,9999.000,9999.000,9999.000,9999.000,9999.000,9999.000
202606211742,   1.540,9999.000,9999.000,9999.000,9999.000,9999.000,9999.000,9999.000,9999.000
202606211748,   1.570,9999.000,9999.000,9999.000,9999.000,9999.000,9999.000,9999.000,9999.000
202606211754,   1.599,9999.000,9999.000,9999.000,9999.000,9999.000,9999.000,9999.000,9999.000
202606211800,   1.627,9999.000,  -0.600,   0.148,   1.175,  -0.700,   1.075,  -0.500,   1.275
202606211806,   1.653,9999.000,9999.000,9999.000,9999.000,9999.000,9999.000,9999.000,9999.000
202606211812,   1.678,9999.000,9999.000,9999.000,9999.000,9999.000,9999.000,9999.000,9999.000
202606211818,   1.701,9999.000,9999.000,9999.000,9999.000,9999.000,9999.000,9999.000,9999.000
202606211824,   1.723,9999.000,9999.000,9999.000,9999.000,9999.000,9999.000,9999.000,9999.000
202606211830,   1.743,9999.000,9999.000,9999.000,9999.000,9999.000,9999.000,9999.000,9999.000
202606211836,   1.761,9999.000,9999.000,9999.000,9999.000,9999.000,9999.000,9999.000,9999.000
202606211842,   1.778,9999.000,9999.000,9999.000,9999.000,9999.000,9999.000,9999.000,9999.000
202606211848,   1.792,9999.000,9999.000,9999.000,9999.000,9999.000,9999.000,9999.000,9999.000
202606211854,   1.805,9999.000,9999.000,9999.000,9999.000,9999.000,9999.000,9999.000,9999.000
202606211900,   1.817,9999.000,  -0.600,   0.123,   1.340,  -0.700,   1.240,  -0.600,   1.340
202606211906,   1.826,9999.000,9999.000,9999.000,9999.000,9999.000,9999.000,9999.000,9999.000
202606211912,   1.834,9999.000,9999.000,9999.000,9999.000,9999.000,9999.000,9999.000,9999.000
202606211918,   1.841,9999.000,9999.000,9999.000,9999.000,9999.000,9999.000,9999.000,9999.000
202606211924,   1.845,9999.000,9999.000,9999.000,9999.000,9999.000,9999.000,9999.000,9999.000
202606211930,   1.848,9999.000,9999.000,9999.000,9999.000,9999.000,9999.000,9999.000,9999.000
202606211936,   1.850,9999.000,9999.000,9999.000,9999.000,9999.000,9999.000,9999.000,9999.000
202606211942,   1.850,9999.000,9999.000,9999.000,9999.000,9999.000,9999.000,9999.000,9999.000
202606211948,   1.849,9999.000,9999.000,9999.000,9999.000,9999.000,9999.000,9999.000,9999.000
202606211954,   1.846,9999.000,9999.000,9999.000,9999.000,9999.000,9999.000,9999.000,9999.000
202606212000,   1.842,9999.000,  -0.600,   0.098,   1.340,  -0.700,   1.240,  -0.600,   1.340
202606212006,   1.837,9999.000,9999.000,9999.000,9999.000,9999.000,9999.000,9999.000,9999.000
202606212012,   1.830,9999.000,9999.000,9999.000,9999.000,9999.000,9999.000,9999.000,9999.000
202606212018,   1.822,9999.000,9999.000,9999.000,9999.000,9999.000,9999.000,9999.000,9999.000
202606212024,   1.814,9999.000,9999.000,9999.000,9999.000,9999.000,9999.000,9999.000,9999.000
202606212030,   1.804,9999.000,9999.000,9999.000,9999.000,9999.000,9999.000,9999.000,9999.000
202606212036,   1.793,9999.000,9999.000,9999.000,9999.000,9999.000,9999.000,9999.000,9999.000
202606212042,   1.781,9999.000,9999.000,9999.000,9999.000,9999.000,9999.000,9999.000,9999.000
202606212048,   1.768,9999.000,9999.000,9999.000,9999.000,9999.000,9999.000,9999.000,9999.000
202606212054,   1.754,9999.000,9999.000,9999.000,9999.000,9999.000,9999.000,9999.000,9999.000
202606212100,   1.739,9999.000,  -0.600,   0.072,   1.211,  -0.700,   1.111,  -0.600,   1.211
202606212106,   1.723,9999.000,9999.000,9999.000,9999.000,9999.000,9999.000,9999.000,9999.000
202606212112,   1.707,9999.000,9999.000,9999.000,9999.000,9999.000,9999.000,9999.000,9999.000
202606212118,   1.690,9999.000,9999.000,9999.000,9999.000,9999.000,9999.000,9999.000,9999.000
202606212124,   1.672,9999.000,9999.000,9999.000,9999.000,9999.000,9999.000,9999.000,9999.000
202606212130,   1.653,9999.000,9999.000,9999.000,9999.000,9999.000,9999.000,9999.000,9999.000
202606212136,   1.633,9999.000,9999.000,9999.000,9999.000,9999.000,9999.000,9999.000,9999.000
202606212142,   1.613,9999.000,9999.000,9999.000,9999.000,9999.000,9999.000,9999.000,9999.000
202606212148,   1.593,9999.000,9999.000,9999.000,9999.000,9999.000,9999.000,9999.000,9999.000
202606212154,   1.571,9999.000,9999.000,9999.000,9999.000,9999.000,9999.000,9999.000,9999.000
202606212200,   1.549,9999.000,  -0.700,   0.047,   0.896,  -0.800,   0.796,  -0.600,   0.996
202606212206,   1.527,9999.000,9999.000,9999.000,9999.000,9999.000,9999.000,9999.000,9999.000
202606212212,   1.504,9999.000,9999.000,9999.000,9999.000,9999.000,9999.000,9999.000,9999.000
202606212218,   1.481,9999.000,9999.000,9999.000,9999.000,9999.000,9999.000,9999.000,9999.000
202606212224,   1.457,9999.000,9999.000,9999.000,9999.000,9999.000,9999.000,9999.000,9999.000
202606212230,   1.434,9999.000,9999.000,9999.000,9999.000,9999.000,9999.000,9999.000,9999.000
202606212236,   1.410,9999.000,9999.000,9999.000,9999.000,9999.000,9999.000,9999.000,9999.000
202606212242,   1.386,9999.000,9999.000,9999.000,9999.000,9999.000,9999.000,9999.000,9999.000
202606212248,   1.362,9999.000,9999.000,9999.000,9999.000,9999.000,9999.000,9999.000,9999.000
202606212254,   1.338,9999.000,9999.000,9999.000,9999.000,9999.000,9999.000,9999.000,9999.000
202606212300,   1.314,9999.000,  -0.700,   0.022,   0.636,  -0.800,   0.536,  -0.600,   0.736
202606212306,   1.291,9999.000,9999.000,9999.000,9999.000,9999.000,9999.000,9999.000,9999.000
202606212312,   1.268,9999.000,9999.000,9999.000,9999.000,9999.000,9999.000,9999.000,9999.000
202606212318,   1.245,9999.000,9999.000,9999.000,9999.000,9999.000,9999.000,9999.000,9999.000
202606212324,   1.223,9999.000,9999.000,9999.000,9999.000,9999.000,9999.000,9999.000,9999.000
202606212330,   1.201,9999.000,9999.000,9999.000,9999.000,9999.000,9999.000,9999.000,9999.000
202606212336,   1.181,9999.000,9999.000,9999.000,9999.000,9999.000,9999.000,9999.000,9999.000
202606212342,   1.161,9999.000,9999.000,9999.000,9999.000,9999.000,9999.000,9999.000,9999.000
202606212348,   1.142,9999.000,9999.000,9999.000,9999.000,9999.000,9999.000,9999.000,9999.000
202606212354,   1.123,9999.000,9999.000,9999.000,9999.000,9999.000,9999.000,9999.000,9999.000
202606220000,   1.106,9999.000,  -0.700,  -0.004,   0.402,  -0.800,   0.302,  -0.600,   0.502
202606220006,   1.090,9999.000,9999.000,9999.000,9999.000,9999.000,9999.000,9999.000,9999.000
202606220012,   1.075,9999.000,9999.000,9999.000,9999.000,9999.000,9999.000,9999.000,9999.000
202606220018,   1.062,9999.000,9999.000,9999.000,9999.000,9999.000,9999.000,9999.000,9999.000
202606220024,   1.049,9999.000,9999.000,9999.000,9999.000,9999.000,9999.000,9999.000,9999.000
202606220030,   1.038,9999.000,9999.000,9999.000,9999.000,9999.000,9999.000,9999.000,9999.000
202606220036,   1.028,9999.000,9999.000,9999.000,9999.000,9999.000,9999.000,9999.000,9999.000
202606220042,   1.019,9999.000,9999.000,9999.000,9999.000,9999.000,9999.000,9999.000,9999.000
202606220048,   1.011,9999.000,9999.000,9999.000,9999.000,9999.000,9999.000,9999.000,9999.000
202606220054,   1.004,9999.000,9999.000,9999.000,9999.000,9999.000,9999.000,9999.000,9999.000
202606220100,   0.999,9999.000,  -0.800,  -0.004,   0.195,  -0.800,   0.195,  -0.700,   0.295
202606220106,   0.995,9999.000,9999.000,9999.000,9999.000,9999.000,9999.000,9999.000,9999.000
202606220112,   0.992,9999.000,9999.000,9999.000,9999.000,9999.000,9999.000,9999.000,9999.000
202606220118,   0.990,9999.000,9999.000,9999.000,9999.000,9999.000,9999.000,9999.000,9999.000
202606220124,   0.989,9999.000,9999.000,9999.000,9999.000,9999.000,9999.000,9999.000,9999.000
202606220130,   0.989,9999.000,9999.000,9999.000,9999.000,9999.000,9999.000,9999.000,9999.000
202606220136,   0.990,9999.000,9999.000,9999.000,9999.000,9999.000,9999.000,9999.000,9999.000
202606220142,   0.991,9999.000,9999.000,9999.000,9999.000,9999.000,9999.000,9999.000,9999.000
202606220148,   0.994,9999.000,9999.000,9999.000,9999.000,9999.000,9999.000,9999.000,9999.000
202606220154,   0.997,9999.000,9999.000,9999.000,9999.000,9999.000,9999.000,9999.000,9999.000
202606220200,   1.001,9999.000,  -0.800,  -0.004,   0.197,  -0.900,   0.097,  -0.700,   0.297
202606220206,   1.005,9999.000,9999.000,9999.000,9999.000,9999.000,9999.000,9999.000,9999.000
202606220212,   1.010,9999.000,9999.000,9999.000,9999.000,9999.000,9999.000,9999.000,9999.000
202606220218,   1.016,9999.000,9999.000,9999.000,9999.000,9999.000,9999.000,9999.000,9999.000
202606220224,   1.021,9999.000,9999.000,9999.000,9999.000,9999.000,9999.000,9999.000,9999.000
202606220230,   1.028,9999.000,9999.000,9999.000,9999.000,9999.000,9999.000,9999.000,9999.000
202606220236,   1.034,9999.000,9999.000,9999.000,9999.000,9999.000,9999.000,9999.000,9999.000
202606220242,   1.041,9999.000,9999.000,9999.000,9999.000,9999.000,9999.000,9999.000,9999.000
202606220248,   1.049,9999.000,9999.000,9999.000,9999.000,9999.000,9999.000,9999.000,9999.000
202606220254,   1.057,9999.000,9999.000,9999.000,9999.000,9999.000,9999.000,9999.000,9999.000
202606220300,   1.065,9999.000,  -0.800,  -0.004,   0.261,  -0.900,   0.161,  -0.700,   0.361
202606220306,   1.073,9999.000,9999.000,9999.000,9999.000,9999.000,9999.000,9999.000,9999.000
202606220312,   1.082,9999.000,9999.000,9999.000,9999.000,9999.000,9999.000,9999.000,9999.000
202606220318,   1.091,9999.000,9999.000,9999.000,9999.000,9999.000,9999.000,9999.000,9999.000
202606220324,   1.100,9999.000,9999.000,9999.000,9999.000,9999.000,9999.000,9999.000,9999.000
202606220330,   1.110,9999.000,9999.000,9999.000,9999.000,9999.000,9999.000,9999.000,9999.000
202606220336,   1.120,9999.000,9999.000,9999.000,9999.000,9999.000,9999.000,9999.000,9999.000
202606220342,   1.130,9999.000,9999.000,9999.000,9999.000,9999.000,9999.000,9999.000,9999.000
202606220348,   1.141,9999.000,9999.000,9999.000,9999.000,9999.000,9999.000,9999.000,9999.000
202606220354,   1.152,9999.000,9999.000,9999.000,9999.000,9999.000,9999.000,9999.000,9999.000
202606220400,   1.164,9999.000,  -0.800,  -0.004,   0.360,  -0.900,   0.260,  -0.700,   0.460
202606220406,   1.176,9999.000,9999.000,9999.000,9999.000,9999.000,9999.000,9999.000,9999.000
202606220412,   1.189,9999.000,9999.000,9999.000,9999.000,9999.000,9999.000,9999.000,9999.000
202606220418,   1.202,9999.000,9999.000,9999.000,9999.000,9999.000,9999.000,9999.000,9999.000
202606220424,   1.215,9999.000,9999.000,9999.000,9999.000,9999.000,9999.000,9999.000,9999.000
202606220430,   1.229,9999.000,9999.000,9999.000,9999.000,9999.000,9999.000,9999.000,9999.000
202606220436,   1.243,9999.000,9999.000,9999.000,9999.000,9999.000,9999.000,9999.000,9999.000
202606220442,   1.257,9999.000,9999.000,9999.000,9999.000,9999.000,9999.000,9999.000,9999.000
202606220448,   1.272,9999.000,9999.000,9999.000,9999.000,9999.000,9999.000,9999.000,9999.000
202606220454,   1.287,9999.000,9999.000,9999.000,9999.000,9999.000,9999.000,9999.000,9999.000
202606220500,   1.301,9999.000,  -0.800,  -0.004,   0.497,  -0.900,   0.397,  -0.700,   0.597
202606220506,   1.316,9999.000,9999.000,9999.000,9999.000,9999.000,9999.000,9999.000,9999.000
202606220512,   1.331,9999.000,9999.000,9999.000,9999.000,9999.000,9999.000,9999.000,9999.000
202606220518,   1.346,9999.000,9999.000,9999.000,9999.000,9999.000,9999.000,9999.000,9999.000
202606220524,   1.361,9999.000,9999.000,9999.000,9999.000,9999.000,9999.000,9999.000,9999.000
202606220530,   1.375,9999.000,9999.000,9999.000,9999.000,9999.000,9999.000,9999.000,9999.000
202606220536,   1.390,9999.000,9999.000,9999.000,9999.000,9999.000,9999.000,9999.000,9999.000
202606220542,   1.403,9999.000,9999.000,9999.000,9999.000,9999.000,9999.000,9999.000,9999.000
202606220548,   1.416,9999.000,9999.000,9999.000,9999.000,9999.000,9999.000,9999.000,9999.000
202606220554,   1.429,9999.000,9999.000,9999.000,9999.000,9999.000,9999.000,9999.000,9999.000
202606220600,   1.440,9999.000,  -0.900,  -0.004,   0.536,  -1.000,   0.436,  -0.700,   0.736
202606220606,   1.451,9999.000,9999.000,9999.000,9999.000,9999.000,9999.000,9999.000,9999.000
202606220612,   1.461,9999.000,9999.000,9999.000,9999.000,9999.000,9999.000,9999.000,9999.000
202606220618,   1.470,9999.000,9999.000,9999.000,9999.000,9999.000,9999.000,9999.000,9999.000
202606220624,   1.478,9999.000,9999.000,9999.000,9999.000,9999.000,9999.000,9999.000,9999.000
202606220630,   1.484,9999.000,9999.000,9999.000,9999.000,9999.000,9999.000,9999.000,9999.000
202606220636,   1.490,9999.000,9999.000,9999.000,9999.000,9999.000,9999.000,9999.000,9999.000
202606220642,   1.494,9999.000,9999.000,9999.000,9999.000,9999.000,9999.000,9999.000,9999.000
202606220648,   1.496,9999.000,9999.000,9999.000,9999.000,9999.000,9999.000,9999.000,9999.000
202606220654,   1.498,9999.000,9999.000,9999.000,9999.000,9999.000,9999.000,9999.000,9999.000
202606220700,   1.498,9999.000,  -0.900,  -0.004,   0.594,  -1.000,   0.494,  -0.800,   0.694
202606220706,   1.497,9999.000,9999.000,9999.000,9999.000,9999.000,9999.000,9999.000,9999.000
202606220712,   1.494,9999.000,9999.000,9999.000,9999.000,9999.000,9999.000,9999.000,9999.000
202606220718,   1.490,9999.000,9999.000,9999.000,9999.000,9999.000,9999.000,9999.000,9999.000
202606220724,   1.485,9999.000,9999.000,9999.000,9999.000,9999.000,9999.000,9999.000,9999.000
202606220730,   1.478,9999.000,9999.000,9999.000,9999.000,9999.000,9999.000,9999.000,9999.000
202606220736,   1.470,9999.000,9999.000,9999.000,9999.000,9999.000,9999.000,9999.000,9999.000
202606220742,   1.460,9999.000,9999.000,9999.000,9999.000,9999.000,9999.000,9999.000,9999.000
202606220748,   1.449,9999.000,9999.000,9999.000,9999.000,9999.000,9999.000,9999.000,9999.000
202606220754,   1.438,9999.000,9999.000,9999.000,9999.000,9999.000,9999.000,9999.000,9999.000
202606220800,   1.424,9999.000,  -0.800,  -0.004,   0.620,  -0.900,   0.520,  -0.800,   0.620
202606220806,   1.410,9999.000,9999.000,9999.000,9999.000,9999.000,9999.000,9999.000,9999.000
202606220812,   1.395,9999.000,9999.000,9999.000,9999.000,9999.000,9999.000,9999.000,9999.000
202606220818,   1.379,9999.000,9999.000,9999.000,9999.000,9999.000,9999.000,9999.000,9999.000
202606220824,   1.361,9999.000,9999.000,9999.000,9999.000,9999.000,9999.000,9999.000,9999.000
202606220830,   1.343,9999.000,9999.000,9999.000,9999.000,9999.000,9999.000,9999.000,9999.000
202606220836,   1.324,9999.000,9999.000,9999.000,9999.000,9999.000,9999.000,9999.000,9999.000
202606220842,   1.304,9999.000,9999.000,9999.000,9999.000,9999.000,9999.000,9999.000,9999.000
202606220848,   1.283,9999.000,9999.000,9999.000,9999.000,9999.000,9999.000,9999.000,9999.000
202606220854,   1.261,9999.000,9999.000,9999.000,9999.000,9999.000,9999.000,9999.000,9999.000
202606220900,   1.239,9999.000,  -0.800,  -0.004,   0.435,  -0.900,   0.335,  -0.700,   0.535
202606220906,   1.215,9999.000,9999.000,9999.000,9999.000,9999.000,9999.000,9999.000,9999.000
202606220912,   1.192,9999.000,9999.000,9999.000,9999.000,9999.000,9999.000,9999.000,9999.000
202606220918,   1.167,9999.000,9999.000,9999.000,9999.000,9999.000,9999.000,9999.000,9999.000
202606220924,   1.142,9999.000,9999.000,9999.000,9999.000,9999.000,9999.000,9999.000,9999.000
202606220930,   1.116,9999.000,9999.000,9999.000,9999.000,9999.000,9999.000,9999.000,9999.000
202606220936,   1.090,9999.000,9999.000,9999.000,9999.000,9999.000,9999.000,9999.000,9999.000
202606220942,   1.063,9999.000,9999.000,9999.000,9999.000,9999.000,9999.000,9999.000,9999.000
202606220948,   1.035,9999.000,9999.000,9999.000,9999.000,9999.000,9999.000,9999.000,9999.000
202606220954,   1.007,9999.000,9999.000,9999.000,9999.000,9999.000,9999.000,9999.000,9999.000
202606221000,   0.979,9999.000,  -0.800,  -0.004,   0.175,  -0.900,   0.075,  -0.700,   0.275
202606221006,   0.950,9999.000,9999.000,9999.000,9999.000,9999.000,9999.000,9999.000,9999.000
202606221012,   0.921,9999.000,9999.000,9999.000,9999.000,9999.000,9999.000,9999.000,9999.000
202606221018,   0.891,9999.000,9999.000,9999.000,9999.000,9999.000,9999.000,9999.000,9999.000
202606221024,   0.861,9999.000,9999.000,9999.000,9999.000,9999.000,9999.000,9999.000,9999.000
202606221030,   0.831,9999.000,9999.000,9999.000,9999.000,9999.000,9999.000,9999.000,9999.000
202606221036,   0.800,9999.000,9999.000,9999.000,9999.000,9999.000,9999.000,9999.000,9999.000
202606221042,   0.770,9999.000,9999.000,9999.000,9999.000,9999.000,9999.000,9999.000,9999.000
202606221048,   0.739,9999.000,9999.000,9999.000,9999.000,9999.000,9999.000,9999.000,9999.000
202606221054,   0.708,9999.000,9999.000,9999.000,9999.000,9999.000,9999.000,9999.000,9999.000
202606221100,   0.678,9999.000,  -0.800,  -0.004,  -0.126,  -0.800,  -0.126,  -0.700,  -0.026
202606221106,   0.648,9999.000,9999.000,9999.000,9999.000,9999.000,9999.000,9999.000,9999.000
202606221112,   0.618,9999.000,9999.000,9999.000,9999.000,9999.000,9999.000,9999.000,9999.000
202606221118,   0.588,9999.000,9999.000,9999.000,9999.000,9999.000,9999.000,9999.000,9999.000
202606221124,   0.560,9999.000,9999.000,9999.000,9999.000,9999.000,9999.000,9999.000,9999.000
202606221130,   0.531,9999.000,9999.000,9999.000,9999.000,9999.000,9999.000,9999.000,9999.000
202606221136,   0.504,9999.000,9999.000,9999.000,9999.000,9999.000,9999.000,9999.000,9999.000
202606221142,   0.477,9999.000,9999.000,9999.000,9999.000,9999.000,9999.000,9999.000,9999.000
202606221148,   0.452,9999.000,9999.000,9999.000,9999.000,9999.000,9999.000,9999.000,9999.000
202606221154,   0.428,9999.000,9999.000,9999.000,9999.000,9999.000,9999.000,9999.000,9999.000
202606221200,   0.405,9999.000,  -0.700,  -0.004,  -0.299,  -0.800,  -0.399,  -0.700,  -0.299
202606221206,   0.383,9999.000,9999.000,9999.000,9999.000,9999.000,9999.000,9999.000,9999.000
202606221212,   0.363,9999.000,9999.000,9999.000,9999.000,9999.000,9999.000,9999.000,9999.000
202606221218,   0.344,9999.000,9999.000,9999.000,9999.000,9999.000,9999.000,9999.000,9999.000
202606221224,   0.327,9999.000,9999.000,9999.000,9999.000,9999.000,9999.000,9999.000,9999.000
202606221230,   0.311,9999.000,9999.000,9999.000,9999.000,9999.000,9999.000,9999.000,9999.000
202606221236,   0.298,9999.000,9999.000,9999.000,9999.000,9999.000,9999.000,9999.000,9999.000
202606221242,   0.286,9999.000,9999.000,9999.000,9999.000,9999.000,9999.000,9999.000,9999.000
202606221248,   0.276,9999.000,9999.000,9999.000,9999.000,9999.000,9999.000,9999.000,9999.000
202606221254,   0.268,9999.000,9999.000,9999.000,9999.000,9999.000,9999.000,9999.000,9999.000
202606221300,   0.262,9999.000,  -0.700,  -0.004,  -0.442,  -0.800,  -0.542,  -0.600,  -0.342
202606221306,   0.258,9999.000,9999.000,9999.000,9999.000,9999.000,9999.000,9999.000,9999.000
202606221312,   0.256,9999.000,9999.000,9999.000,9999.000,9999.000,9999.000,9999.000,9999.000
202606221318,   0.256,9999.000,9999.000,9999.000,9999.000,9999.000,9999.000,9999.000,9999.000
202606221324,   0.257,9999.000,9999.000,9999.000,9999.000,9999.000,9999.000,9999.000,9999.000
202606221330,   0.261,9999.000,9999.000,9999.000,9999.000,9999.000,9999.000,9999.000,9999.000
202606221336,   0.266,9999.000,9999.000,9999.000,9999.000,9999.000,9999.000,9999.000,9999.000
202606221342,   0.273,9999.000,9999.000,9999.000,9999.000,9999.000,9999.000,9999.000,9999.000
202606221348,   0.282,9999.000,9999.000,9999.000,9999.000,9999.000,9999.000,9999.000,9999.000
202606221354,   0.292,9999.000,9999.000,9999.000,9999.000,9999.000,9999.000,9999.000,9999.000
202606221400,   0.304,9999.000,  -0.700,  -0.004,  -0.400,  -0.800,  -0.500,  -0.600,  -0.300
202606221406,   0.317,9999.000,9999.000,9999.000,9999.000,9999.000,9999.000,9999.000,9999.000
202606221412,   0.332,9999.000,9999.000,9999.000,9999.000,9999.000,9999.000,9999.000,9999.000
202606221418,   0.348,9999.000,9999.000,9999.000,9999.000,9999.000,9999.000,9999.000,9999.000
202606221424,   0.366,9999.000,9999.000,9999.000,9999.000,9999.000,9999.000,9999.000,9999.000
202606221430,   0.384,9999.000,9999.000,9999.000,9999.000,9999.000,9999.000,9999.000,9999.000
202606221436,   0.404,9999.000,9999.000,9999.000,9999.000,9999.000,9999.000,9999.000,9999.000
202606221442,   0.425,9999.000,9999.000,9999.000,9999.000,9999.000,9999.000,9999.000,9999.000
202606221448,   0.446,9999.000,9999.000,9999.000,9999.000,9999.000,9999.000,9999.000,9999.000
202606221454,   0.469,9999.000,9999.000,9999.000,9999.000,9999.000,9999.000,9999.000,9999.000
202606221500,   0.493,9999.000,  -0.700,  -0.004,  -0.211,  -0.800,  -0.311,  -0.600,  -0.111
202606221506,   0.517,9999.000,9999.000,9999.000,9999.000,9999.000,9999.000,9999.000,9999.000
202606221512,   0.542,9999.000,9999.000,9999.000,9999.000,9999.000,9999.000,9999.000,9999.000
202606221518,   0.568,9999.000,9999.000,9999.000,9999.000,9999.000,9999.000,9999.000,9999.000
202606221524,   0.595,9999.000,9999.000,9999.000,9999.000,9999.000,9999.000,9999.000,9999.000
202606221530,   0.622,9999.000,9999.000,9999.000,9999.000,9999.000,9999.000,9999.000,9999.000
202606221536,   0.650,9999.000,9999.000,9999.000,9999.000,9999.000,9999.000,9999.000,9999.000
202606221542,   0.679,9999.000,9999.000,9999.000,9999.000,9999.000,9999.000,9999.000,9999.000
202606221548,   0.709,9999.000,9999.000,9999.000,9999.000,9999.000,9999.000,9999.000,9999.000
202606221554,   0.739,9999.000,9999.000,9999.000,9999.000,9999.000,9999.000,9999.000,9999.000
202606221600,   0.769,9999.000,  -0.700,  -0.004,   0.065,  -0.800,  -0.035,  -0.600,   0.165
202606221606,   0.801,9999.000,9999.000,9999.000,9999.000,9999.000,9999.000,9999.000,9999.000
202606221612,   0.833,9999.000,9999.000,9999.000,9999.000,9999.000,9999.000,9999.000,9999.000
202606221618,   0.865,9999.000,9999.000,9999.000,9999.000,9999.000,9999.000,9999.000,9999.000
202606221624,   0.898,9999.000,9999.000,9999.000,9999.000,9999.000,9999.000,9999.000,9999.000
202606221630,   0.932,9999.000,9999.000,9999.000,9999.000,9999.000,9999.000,9999.000,9999.000
202606221636,   0.966,9999.000,9999.000,9999.000,9999.000,9999.000,9999.000,9999.000,9999.000
202606221642,   1.001,9999.000,9999.000,9999.000,9999.000,9999.000,9999.000,9999.000,9999.000
202606221648,   1.036,9999.000,9999.000,9999.000,9999.000,9999.000,9999.000,9999.000,9999.000
202606221654,   1.071,9999.000,9999.000,9999.000,9999.000,9999.000,9999.000,9999.000,9999.000
202606221700,   1.107,9999.000,  -0.700,  -0.004,   0.403,  -0.800,   0.303,  -0.600,   0.503
202606221706,   1.143,9999.000,9999.000,9999.000,9999.000,9999.000,9999.000,9999.000,9999.000
202606221712,   1.179,9999.000,9999.000,9999.000,9999.000,9999.000,9999.000,9999.000,9999.000
202606221718,   1.215,9999.000,9999.000,9999.000,9999.000,9999.000,9999.000,9999.000,9999.000
202606221724,   1.251,9999.000,9999.000,9999.000,9999.000,9999.000,9999.000,9999.000,9999.000
202606221730,   1.287,9999.000,9999.000,9999.000,9999.000,9999.000,9999.000,9999.000,9999.000
202606221736,   1.323,9999.000,9999.000,9999.000,9999.000,9999.000,9999.000,9999.000,9999.000
202606221742,   1.358,9999.000,9999.000,9999.000,9999.000,9999.000,9999.000,9999.000,9999.000
202606221748,   1.393,9999.000,9999.000,9999.000,9999.000,9999.000,9999.000,9999.000,9999.000
202606221754,   1.428,9999.000,9999.000,9999.000,9999.000,9999.000,9999.000,9999.000,9999.000
202606221800,   1.462,9999.000,  -0.700,  -0.004,   0.758,  -0.800,   0.658,  -0.600,   0.858
202606221806,   1.495,9999.000,9999.000,9999.000,9999.000,9999.000,9999.000,9999.000,9999.000
202606221812,   1.527,9999.000,9999.000,9999.000,9999.000,9999.000,9999.000,9999.000,9999.000
202606221818,   1.559,9999.000,9999.000,9999.000,9999.000,9999.000,9999.000,9999.000,9999.000
202606221824,   1.589,9999.000,9999.000,9999.000,9999.000,9999.000,9999.000,9999.000,9999.000
202606221830,   1.618,9999.000,9999.000,9999.000,9999.000,9999.000,9999.000,9999.000,9999.000
202606221836,   1.645,9999.000,9999.000,9999.000,9999.000,9999.000,9999.000,9999.000,9999.000
202606221842,   1.672,9999.000,9999.000,9999.000,9999.000,9999.000,9999.000,9999.000,9999.000
202606221848,   1.697,9999.000,9999.000,9999.000,9999.000,9999.000,9999.000,9999.000,9999.000
202606221854,   1.720,9999.000,9999.000,9999.000,9999.000,9999.000,9999.000,9999.000,9999.000
202606221900,   1.742,9999.000,  -0.700,  -0.004,   1.038,  -0.800,   0.938,  -0.600,   1.138
202606221906,   1.762,9999.000,9999.000,9999.000,9999.000,9999.000,9999.000,9999.000,9999.000
202606221912,   1.781,9999.000,9999.000,9999.000,9999.000,9999.000,9999.000,9999.000,9999.000
202606221918,   1.798,9999.000,9999.000,9999.000,9999.000,9999.000,9999.000,9999.000,9999.000
202606221924,   1.813,9999.000,9999.000,9999.000,9999.000,9999.000,9999.000,9999.000,9999.000
202606221930,   1.826,9999.000,9999.000,9999.000,9999.000,9999.000,9999.000,9999.000,9999.000
202606221936,   1.838,9999.000,9999.000,9999.000,9999.000,9999.000,9999.000,9999.000,9999.000
202606221942,   1.848,9999.000,9999.000,9999.000,9999.000,9999.000,9999.000,9999.000,9999.000
202606221948,   1.857,9999.000,9999.000,9999.000,9999.000,9999.000,9999.000,9999.000,9999.000
202606221954,   1.864,9999.000,9999.000,9999.000,9999.000,9999.000,9999.000,9999.000,9999.000
202606222000,   1.869,9999.000,  -0.700,  -0.004,   1.165,  -0.800,   1.065,  -0.600,   1.265
202606222006,   1.873,9999.000,9999.000,9999.000,9999.000,9999.000,9999.000,9999.000,9999.000
202606222012,   1.876,9999.000,9999.000,9999.000,9999.000,9999.000,9999.000,9999.000,9999.000
202606222018,   1.877,9999.000,9999.000,9999.000,9999.000,9999.000,9999.000,9999.000,9999.000
202606222024,   1.876,9999.000,9999.000,9999.000,9999.000,9999.000,9999.000,9999.000,9999.000
202606222030,   1.875,9999.000,9999.000,9999.000,9999.000,9999.000,9999.000,9999.000,9999.000
202606222036,   1.872,9999.000,9999.000,9999.000,9999.000,9999.000,9999.000,9999.000,9999.000
202606222042,   1.868,9999.000,9999.000,9999.000,9999.000,9999.000,9999.000,9999.000,9999.000
202606222048,   1.862,9999.000,9999.000,9999.000,9999.000,9999.000,9999.000,9999.000,9999.000
202606222054,   1.856,9999.000,9999.000,9999.000,9999.000,9999.000,9999.000,9999.000,9999.000
202606222100,   1.848,9999.000,  -0.700,  -0.004,   1.144,  -0.800,   1.044,  -0.600,   1.244
202606222106,   1.840,9999.000,9999.000,9999.000,9999.000,9999.000,9999.000,9999.000,9999.000
202606222112,   1.830,9999.000,9999.000,9999.000,9999.000,9999.000,9999.000,9999.000,9999.000
202606222118,   1.820,9999.000,9999.000,9999.000,9999.000,9999.000,9999.000,9999.000,9999.000
202606222124,   1.808,9999.000,9999.000,9999.000,9999.000,9999.000,9999.000,9999.000,9999.000
202606222130,   1.796,9999.000,9999.000,9999.000,9999.000,9999.000,9999.000,9999.000,9999.000
202606222136,   1.782,9999.000,9999.000,9999.000,9999.000,9999.000,9999.000,9999.000,9999.000
202606222142,   1.768,9999.000,9999.000,9999.000,9999.000,9999.000,9999.000,9999.000,9999.000
202606222148,   1.753,9999.000,9999.000,9999.000,9999.000,9999.000,9999.000,9999.000,9999.000
202606222154,   1.737,9999.000,9999.000,9999.000,9999.000,9999.000,9999.000,9999.000,9999.000
202606222200,   1.720,9999.000,  -0.700,  -0.004,   1.016,  -0.800,   0.916,  -0.600,   1.116
202606222206,   1.702,9999.000,9999.000,9999.000,9999.000,9999.000,9999.000,9999.000,9999.000
202606222212,   1.683,9999.000,9999.000,9999.000,9999.000,9999.000,9999.000,9999.000,9999.000
202606222218,   1.664,9999.000,9999.000,9999.000,9999.000,9999.000,9999.000,9999.000,9999.000
202606222224,   1.643,9999.000,9999.000,9999.000,9999.000,9999.000,9999.000,9999.000,9999.000
202606222230,   1.622,9999.000,9999.000,9999.000,9999.000,9999.000,9999.000,9999.000,9999.000
202606222236,   1.600,9999.000,9999.000,9999.000,9999.000,9999.000,9999.000,9999.000,9999.000
202606222242,   1.578,9999.000,9999.000,9999.000,9999.000,9999.000,9999.000,9999.000,9999.000
202606222248,   1.554,9999.000,9999.000,9999.000,9999.000,9999.000,9999.000,9999.000,9999.000
202606222254,   1.530,9999.000,9999.000,9999.000,9999.000,9999.000,9999.000,9999.000,9999.000
202606222300,   1.506,9999.000,  -0.700,  -0.004,   0.802,  -0.800,   0.702,  -0.600,   0.902
202606222306,   1.480,9999.000,9999.000,9999.000,9999.000,9999.000,9999.000,9999.000,9999.000
202606222312,   1.454,9999.000,9999.000,9999.000,9999.000,9999.000,9999.000,9999.000,9999.000
202606222318,   1.428,9999.000,9999.000,9999.000,9999.000,9999.000,9999.000,9999.000,9999.000
202606222324,   1.402,9999.000,9999.000,9999.000,9999.000,9999.000,9999.000,9999.000,9999.000
202606222330,   1.375,9999.000,9999.000,9999.000,9999.000,9999.000,9999.000,9999.000,9999.000
202606222336,   1.348,9999.000,9999.000,9999.000,9999.000,9999.000,9999.000,9999.000,9999.000
202606222342,   1.321,9999.000,9999.000,9999.000,9999.000,9999.000,9999.000,9999.000,9999.000
202606222348,   1.293,9999.000,9999.000,9999.000,9999.000,9999.000,9999.000,9999.000,9999.000
202606222354,   1.267,9999.000,9999.000,9999.000,9999.000,9999.000,9999.000,9999.000,9999.000
202606230000,   1.240,9999.000,  -0.700,  -0.004,   0.536,  -0.800,   0.436,  -0.600,   0.636
202606230006,   1.213,9999.000,9999.000,9999.000,9999.000,9999.000,9999.000,9999.000,9999.000
202606230012,   1.187,9999.000,9999.000,9999.000,9999.000,9999.000,9999.000,9999.000,9999.000
202606230018,   1.162,9999.000,9999.000,9999.000,9999.000,9999.000,9999.000,9999.000,9999.000
202606230024,   1.137,9999.000,9999.000,9999.000,9999.000,9999.000,9999.000,9999.000,9999.000
202606230030,   1.113,9999.000,9999.000,9999.000,9999.000,9999.000,9999.000,9999.000,9999.000
202606230036,   1.090,9999.000,9999.000,9999.000,9999.000,9999.000,9999.000,9999.000,9999.000
202606230042,   1.068,9999.000,9999.000,9999.000,9999.000,9999.000,9999.000,9999.000,9999.000
202606230048,   1.046,9999.000,9999.000,9999.000,9999.000,9999.000,9999.000,9999.000,9999.000
202606230054,   1.026,9999.000,9999.000,9999.000,9999.000,9999.000,9999.000,9999.000,9999.000
202606230100,   1.007,9999.000,  -0.700,  -0.004,   0.303,  -0.800,   0.203,  -0.600,   0.403
202606230106,   0.989,9999.000,9999.000,9999.000,9999.000,9999.000,9999.000,9999.000,9999.000
202606230112,   0.973,9999.000,9999.000,9999.000,9999.000,9999.000,9999.000,9999.000,9999.000
202606230118,   0.957,9999.000,9999.000,9999.000,9999.000,9999.000,9999.000,9999.000,9999.000
202606230124,   0.943,9999.000,9999.000,9999.000,9999.000,9999.000,9999.000,9999.000,9999.000
202606230130,   0.930,9999.000,9999.000,9999.000,9999.000,9999.000,9999.000,9999.000,9999.000
202606230136,   0.919,9999.000,9999.000,9999.000,9999.000,9999.000,9999.000,9999.000,9999.000
202606230142,   0.908,9999.000,9999.000,9999.000,9999.000,9999.000,9999.000,9999.000,9999.000
202606230148,   0.899,9999.000,9999.000,9999.000,9999.000,9999.000,9999.000,9999.000,9999.000
202606230154,   0.891,9999.000,9999.000,9999.000,9999.000,9999.000,9999.000,9999.000,9999.000
202606230200,   0.884,9999.000,  -0.700,  -0.004,   0.180,  -0.800,   0.080,  -0.600,   0.280
202606230206,   0.878,9999.000,9999.000,9999.000,9999.000,9999.000,9999.000,9999.000,9999.000
202606230212,   0.874,9999.000,9999.000,9999.000,9999.000,9999.000,9999.000,9999.000,9999.000
202606230218,   0.870,9999.000,9999.000,9999.000,9999.000,9999.000,9999.000,9999.000,9999.000
202606230224,   0.867,9999.000,9999.000,9999.000,9999.000,9999.000,9999.000,9999.000,9999.000
202606230230,   0.865,9999.000,9999.000,9999.000,9999.000,9999.000,9999.000,9999.000,9999.000
202606230236,   0.864,9999.000,9999.000,9999.000,9999.000,9999.000,9999.000,9999.000,9999.000
202606230242,   0.864,9999.000,9999.000,9999.000,9999.000,9999.000,9999.000,9999.000,9999.000
202606230248,   0.864,9999.000,9999.000,9999.000,9999.000,9999.000,9999.000,9999.000,9999.000
202606230254,   0.865,9999.000,9999.000,9999.000,9999.000,9999.000,9999.000,9999.000,9999.000
202606230300,   0.867,9999.000,  -0.700,  -0.004,   0.163,  -0.800,   0.063,  -0.600,   0.263
202606230306,   0.870,9999.000,9999.000,9999.000,9999.000,9999.000,9999.000,9999.000,9999.000
202606230312,   0.873,9999.000,9999.000,9999.000,9999.000,9999.000,9999.000,9999.000,9999.000
202606230318,   0.876,9999.000,9999.000,9999.000,9999.000,9999.000,9999.000,9999.000,9999.000
202606230324,   0.880,9999.000,9999.000,9999.000,9999.000,9999.000,9999.000,9999.000,9999.000
202606230330,   0.885,9999.000,9999.000,9999.000,9999.000,9999.000,9999.000,9999.000,9999.000
202606230336,   0.890,9999.000,9999.000,9999.000,9999.000,9999.000,9999.000,9999.000,9999.000
202606230342,   0.896,9999.000,9999.000,9999.000,9999.000,9999.000,9999.000,9999.000,9999.000
202606230348,   0.902,9999.000,9999.000,9999.000,9999.000,9999.000,9999.000,9999.000,9999.000
202606230354,   0.908,9999.000,9999.000,9999.000,9999.000,9999.000,9999.000,9999.000,9999.000
202606230400,   0.916,9999.000,  -0.700,  -0.004,   0.212,  -0.800,   0.112,  -0.600,   0.312
202606230406,   0.923,9999.000,9999.000,9999.000,9999.000,9999.000,9999.000,9999.000,9999.000
202606230412,   0.932,9999.000,9999.000,9999.000,9999.000,9999.000,9999.000,9999.000,9999.000
202606230418,   0.941,9999.000,9999.000,9999.000,9999.000,9999.000,9999.000,9999.000,9999.000
202606230424,   0.950,9999.000,9999.000,9999.000,9999.000,9999.000,9999.000,9999.000,9999.000
202606230430,   0.961,9999.000,9999.000,9999.000,9999.000,9999.000,9999.000,9999.000,9999.000
202606230436,   0.971,9999.000,9999.000,9999.000,9999.000,9999.000,9999.000,9999.000,9999.000
202606230442,   0.983,9999.000,9999.000,9999.000,9999.000,9999.000,9999.000,9999.000,9999.000
202606230448,   0.995,9999.000,9999.000,9999.000,9999.000,9999.000,9999.000,9999.000,9999.000
202606230454,   1.008,9999.000,9999.000,9999.000,9999.000,9999.000,9999.000,9999.000,9999.000
202606230500,   1.022,9999.000,  -0.700,  -0.004,   0.318,  -0.800,   0.218,  -0.600,   0.418
202606230506,   1.036,9999.000,9999.000,9999.000,9999.000,9999.000,9999.000,9999.000,9999.000
202606230512,   1.050,9999.000,9999.000,9999.000,9999.000,9999.000,9999.000,9999.000,9999.000
202606230518,   1.066,9999.000,9999.000,9999.000,9999.000,9999.000,9999.000,9999.000,9999.000
202606230524,   1.082,9999.000,9999.000,9999.000,9999.000,9999.000,9999.000,9999.000,9999.000
202606230530,   1.098,9999.000,9999.000,9999.000,9999.000,9999.000,9999.000,9999.000,9999.000
202606230536,   1.114,9999.000,9999.000,9999.000,9999.000,9999.000,9999.000,9999.000,9999.000
202606230542,   1.131,9999.000,9999.000,9999.000,9999.000,9999.000,9999.000,9999.000,9999.000
202606230548,   1.149,9999.000,9999.000,9999.000,9999.000,9999.000,9999.000,9999.000,9999.000
202606230554,   1.166,9999.000,9999.000,9999.000,9999.000,9999.000,9999.000,9999.000,9999.000
202606230600,   1.184,9999.000,  -0.700,  -0.004,   0.480,  -0.800,   0.380,  -0.500,   0.680
202606230606,   1.201,9999.000,9999.000,9999.000,9999.000,9999.000,9999.000,9999.000,9999.000
202606230612,   1.219,9999.000,9999.000,9999.000,9999.000,9999.000,9999.000,9999.000,9999.000
202606230618,   1.236,9999.000,9999.000,9999.000,9999.000,9999.000,9999.000,9999.000,9999.000
202606230624,   1.253,9999.000,9999.000,9999.000,9999.000,9999.000,9999.000,9999.000,9999.000
202606230630,   1.269,9999.000,9999.000,9999.000,9999.000,9999.000,9999.000,9999.000,9999.000
202606230636,   1.285,9999.000,9999.000,9999.000,9999.000,9999.000,9999.000,9999.000,9999.000
202606230642,   1.300,9999.000,9999.000,9999.000,9999.000,9999.000,9999.000,9999.000,9999.000
202606230648,   1.315,9999.000,9999.000,9999.000,9999.000,9999.000,9999.000,9999.000,9999.000
202606230654,   1.328,9999.000,9999.000,9999.000,9999.000,9999.000,9999.000,9999.000,9999.000
202606230700,   1.341,9999.000,  -0.600,  -0.004,   0.737,  -0.700,   0.637,  -0.500,   0.837
202606230706,   1.353,9999.000,9999.000,9999.000,9999.000,9999.000,9999.000,9999.000,9999.000
202606230712,   1.364,9999.000,9999.000,9999.000,9999.000,9999.000,9999.000,9999.000,9999.000
202606230718,   1.374,9999.000,9999.000,9999.000,9999.000,9999.000,9999.000,9999.000,9999.000
202606230724,   1.382,9999.000,9999.000,9999.000,9999.000,9999.000,9999.000,9999.000,9999.000
202606230730,   1.390,9999.000,9999.000,9999.000,9999.000,9999.000,9999.000,9999.000,9999.000
202606230736,   1.396,9999.000,9999.000,9999.000,9999.000,9999.000,9999.000,9999.000,9999.000
202606230742,   1.401,9999.000,9999.000,9999.000,9999.000,9999.000,9999.000,9999.000,9999.000
202606230748,   1.404,9999.000,9999.000,9999.000,9999.000,9999.000,9999.000,9999.000,9999.000
202606230754,   1.407,9999.000,9999.000,9999.000,9999.000,9999.000,9999.000,9999.000,9999.000
202606230800,   1.408,9999.000,  -0.600,  -0.004,   0.804,  -0.700,   0.704,  -0.500,   0.904
202606230806,   1.408,9999.000,9999.000,9999.000,9999.000,9999.000,9999.000,9999.000,9999.000
202606230812,   1.406,9999.000,9999.000,9999.000,9999.000,9999.000,9999.000,9999.000,9999.000
202606230818,   1.404,9999.000,9999.000,9999.000,9999.000,9999.000,9999.000,9999.000,9999.000
202606230824,   1.400,9999.000,9999.000,9999.000,9999.000,9999.000,9999.000,9999.000,9999.000
202606230830,   1.395,9999.000,9999.000,9999.000,9999.000,9999.000,9999.000,9999.000,9999.000
202606230836,   1.389,9999.000,9999.000,9999.000,9999.000,9999.000,9999.000,9999.000,9999.000
202606230842,   1.383,9999.000,9999.000,9999.000,9999.000,9999.000,9999.000,9999.000,9999.000
202606230848,   1.375,9999.000,9999.000,9999.000,9999.000,9999.000,9999.000,9999.000,9999.000
202606230854,   1.366,9999.000,9999.000,9999.000,9999.000,9999.000,9999.000,9999.000,9999.000
202606230900,   1.356,9999.000,  -0.600,  -0.004,   0.752,  -0.600,   0.752,  -0.500,   0.852
202606230906,   1.345,9999.000,9999.000,9999.000,9999.000,9999.000,9999.000,9999.000,9999.000
202606230912,   1.334,9999.000,9999.000,9999.000,9999.000,9999.000,9999.000,9999.000,9999.000
202606230918,   1.322,9999.000,9999.000,9999.000,9999.000,9999.000,9999.000,9999.000,9999.000
202606230924,   1.309,9999.000,9999.000,9999.000,9999.000,9999.000,9999.000,9999.000,9999.000
202606230930,   1.295,9999.000,9999.000,9999.000,9999.000,9999.000,9999.000,9999.000,9999.000
202606230936,   1.280,9999.000,9999.000,9999.000,9999.000,9999.000,9999.000,9999.000,9999.000
202606230942,   1.265,9999.000,9999.000,9999.000,9999.000,9999.000,9999.000,9999.000,9999.000
202606230948,   1.249,9999.000,9999.000,9999.000,9999.000,9999.000,9999.000,9999.000,9999.000
202606230954,   1.233,9999.000,9999.000,9999.000,9999.000,9999.000,9999.000,9999.000,9999.000
202606231000,   1.215,9999.000,  -0.500,  -0.004,   0.711,  -0.600,   0.611,  -0.400,   0.811
202606231006,   1.197,9999.000,9999.000,9999.000,9999.000,9999.000,9999.000,9999.000,9999.000
202606231012,   1.179,9999.000,9999.000,9999.000,9999.000,9999.000,9999.000,9999.000,9999.000
202606231018,   1.160,9999.000,9999.000,9999.000,9999.000,9999.000,9999.000,9999.000,9999.000
202606231024,   1.140,9999.000,9999.000,9999.000,9999.000,9999.000,9999.000,9999.000,9999.000
202606231030,   1.119,9999.000,9999.000,9999.000,9999.000,9999.000,9999.000,9999.000,9999.000
202606231036,   1.098,9999.000,9999.000,9999.000,9999.000,9999.000,9999.000,9999.000,9999.000
202606231042,   1.076,9999.000,9999.000,9999.000,9999.000,9999.000,9999.000,9999.000,9999.000
202606231048,   1.054,9999.000,9999.000,9999.000,9999.000,9999.000,9999.000,9999.000,9999.000
202606231054,   1.031,9999.000,9999.000,9999.000,9999.000,9999.000,9999.000,9999.000,9999.000
202606231100,   1.008,9999.000,  -0.500,  -0.004,   0.504,  -0.600,   0.404,  -0.400,   0.604
202606231106,   0.984,9999.000,9999.000,9999.000,9999.000,9999.000,9999.000,9999.000,9999.000
202606231112,   0.960,9999.000,9999.000,9999.000,9999.000,9999.000,9999.000,9999.000,9999.000
202606231118,   0.935,9999.000,9999.000,9999.000,9999.000,9999.000,9999.000,9999.000,9999.000
202606231124,   0.910,9999.000,9999.000,9999.000,9999.000,9999.000,9999.000,9999.000,9999.000
202606231130,   0.884,9999.000,9999.000,9999.000,9999.000,9999.000,9999.000,9999.000,9999.000
202606231136,   0.859,9999.000,9999.000,9999.000,9999.000,9999.000,9999.000,9999.000,9999.000
202606231142,   0.833,9999.000,9999.000,9999.000,9999.000,9999.000,9999.000,9999.000,9999.000
202606231148,   0.808,9999.000,9999.000,9999.000,9999.000,9999.000,9999.000,9999.000,9999.000
202606231154,   0.782,9999.000,9999.000,9999.000,9999.000,9999.000,9999.000,9999.000,9999.000
202606231200,   0.757,9999.000,  -0.500,  -0.004,   0.253,  -0.600,   0.153,  -0.400,   0.353
202606231206,   0.732,9999.000,9999.000,9999.000,9999.000,9999.000,9999.000,9999.000,9999.000
202606231212,   0.708,9999.000,9999.000,9999.000,9999.000,9999.000,9999.000,9999.000,9999.000
202606231218,   0.684,9999.000,9999.000,9999.000,9999.000,9999.000,9999.000,9999.000,9999.000
202606231224,   0.661,9999.000,9999.000,9999.000,9999.000,9999.000,9999.000,9999.000,9999.000
202606231230,   0.638,9999.000,9999.000,9999.000,9999.000,9999.000,9999.000,9999.000,9999.000
202606231236,   0.617,9999.000,9999.000,9999.000,9999.000,9999.000,9999.000,9999.000,9999.000
202606231242,   0.596,9999.000,9999.000,9999.000,9999.000,9999.000,9999.000,9999.000,9999.000
202606231248,   0.577,9999.000,9999.000,9999.000,9999.000,9999.000,9999.000,9999.000,9999.000
202606231254,   0.559,9999.000,9999.000,9999.000,9999.000,9999.000,9999.000,9999.000,9999.000
202606231300,   0.542,9999.000,  -0.400,  -0.004,   0.138,  -0.500,   0.038,  -0.400,   0.138
202606231306,   0.526,9999.000,9999.000,9999.000,9999.000,9999.000,9999.000,9999.000,9999.000
202606231312,   0.513,9999.000,9999.000,9999.000,9999.000,9999.000,9999.000,9999.000,9999.000
202606231318,   0.500,9999.000,9999.000,9999.000,9999.000,9999.000,9999.000,9999.000,9999.000
202606231324,   0.490,9999.000,9999.000,9999.000,9999.000,9999.000,9999.000,9999.000,9999.000
202606231330,   0.481,9999.000,9999.000,9999.000,9999.000,9999.000,9999.000,9999.000,9999.000
202606231336,   0.473,9999.000,9999.000,9999.000,9999.000,9999.000,9999.000,9999.000,9999.000
202606231342,   0.468,9999.000,9999.000,9999.000,9999.000,9999.000,9999.000,9999.000,9999.000
202606231348,   0.464,9999.000,9999.000,9999.000,9999.000,9999.000,9999.000,9999.000,9999.000
202606231354,   0.462,9999.000,9999.000,9999.000,9999.000,9999.000,9999.000,9999.000,9999.000
202606231400,   0.462,9999.000,  -0.400,  -0.004,   0.058,  -0.500,  -0.042,  -0.300,   0.158
202606231406,   0.463,9999.000,9999.000,9999.000,9999.000,9999.000,9999.000,9999.000,9999.000
202606231412,   0.466,9999.000,9999.000,9999.000,9999.000,9999.000,9999.000,9999.000,9999.000
202606231418,   0.471,9999.000,9999.000,9999.000,9999.000,9999.000,9999.000,9999.000,9999.000
202606231424,   0.477,9999.000,9999.000,9999.000,9999.000,9999.000,9999.000,9999.000,9999.000
202606231430,   0.484,9999.000,9999.000,9999.000,9999.000,9999.000,9999.000,9999.000,9999.000
202606231436,   0.494,9999.000,9999.000,9999.000,9999.000,9999.000,9999.000,9999.000,9999.000
202606231442,   0.504,9999.000,9999.000,9999.000,9999.000,9999.000,9999.000,9999.000,9999.000
202606231448,   0.516,9999.000,9999.000,9999.000,9999.000,9999.000,9999.000,9999.000,9999.000
202606231454,   0.529,9999.000,9999.000,9999.000,9999.000,9999.000,9999.000,9999.000,9999.000
202606231500,   0.544,9999.000,  -0.400,  -0.004,   0.140,  -0.500,   0.040,  -0.300,   0.240
202606231506,   0.559,9999.000,9999.000,9999.000,9999.000,9999.000,9999.000,9999.000,9999.000
202606231512,   0.576,9999.000,9999.000,9999.000,9999.000,9999.000,9999.000,9999.000,9999.000
202606231518,   0.593,9999.000,9999.000,9999.000,9999.000,9999.000,9999.000,9999.000,9999.000
202606231524,   0.612,9999.000,9999.000,9999.000,9999.000,9999.000,9999.000,9999.000,9999.000
202606231530,   0.631,9999.000,9999.000,9999.000,9999.000,9999.000,9999.000,9999.000,9999.000
202606231536,   0.651,9999.000,9999.000,9999.000,9999.000,9999.000,9999.000,9999.000,9999.000
202606231542,   0.672,9999.000,9999.000,9999.000,9999.000,9999.000,9999.000,9999.000,9999.000
202606231548,   0.694,9999.000,9999.000,9999.000,9999.000,9999.000,9999.000,9999.000,9999.000
202606231554,   0.716,9999.000,9999.000,9999.000,9999.000,9999.000,9999.000,9999.000,9999.000
202606231600,   0.739,9999.000,  -0.400,  -0.004,   0.335,  -0.500,   0.235,  -0.300,   0.435
202606231606,   0.763,9999.000,9999.000,9999.000,9999.000,9999.000,9999.000,9999.000,9999.000
202606231612,   0.787,9999.000,9999.000,9999.000,9999.000,9999.000,9999.000,9999.000,9999.000
202606231618,   0.812,9999.000,9999.000,9999.000,9999.000,9999.000,9999.000,9999.000,9999.000
202606231624,   0.838,9999.000,9999.000,9999.000,9999.000,9999.000,9999.000,9999.000,9999.000
202606231630,   0.864,9999.000,9999.000,9999.000,9999.000,9999.000,9999.000,9999.000,9999.000
202606231636,   0.891,9999.000,9999.000,9999.000,9999.000,9999.000,9999.000,9999.000,9999.000
202606231642,   0.918,9999.000,9999.000,9999.000,9999.000,9999.000,9999.000,9999.000,9999.000
202606231648,   0.946,9999.000,9999.000,9999.000,9999.000,9999.000,9999.000,9999.000,9999.000
202606231654,   0.974,9999.000,9999.000,9999.000,9999.000,9999.000,9999.000,9999.000,9999.000
202606231700,   1.003,9999.000,  -0.400,  -0.004,   0.599,  -0.400,   0.599,  -0.300,   0.699
202606231706,   1.033,9999.000,9999.000,9999.000,9999.000,9999.000,9999.000,9999.000,9999.000
202606231712,   1.063,9999.000,9999.000,9999.000,9999.000,9999.000,9999.000,9999.000,9999.000
202606231718,   1.093,9999.000,9999.000,9999.000,9999.000,9999.000,9999.000,9999.000,9999.000
202606231724,   1.124,9999.000,9999.000,9999.000,9999.000,9999.000,9999.000,9999.000,9999.000
202606231730,   1.155,9999.000,9999.000,9999.000,9999.000,9999.000,9999.000,9999.000,9999.000
202606231736,   1.187,9999.000,9999.000,9999.000,9999.000,9999.000,9999.000,9999.000,9999.000
202606231742,   1.219,9999.000,9999.000,9999.000,9999.000,9999.000,9999.000,9999.000,9999.000
202606231748,   1.250,9999.000,9999.000,9999.000,9999.000,9999.000,9999.000,9999.000,9999.000
202606231754,   1.282,9999.000,9999.000,9999.000,9999.000,9999.000,9999.000,9999.000,9999.000
202606231800,   1.315,9999.000,  -0.300,  -0.004,   1.011,  -0.400,   0.911,  -0.300,   1.011
202606231806,   1.347,9999.000,9999.000,9999.000,9999.000,9999.000,9999.000,9999.000,9999.000
202606231812,   1.378,9999.000,9999.000,9999.000,9999.000,9999.000,9999.000,9999.000,9999.000
202606231818,   1.410,9999.000,9999.000,9999.000,9999.000,9999.000,9999.000,9999.000,9999.000
202606231824,   1.441,9999.000,9999.000,9999.000,9999.000,9999.000,9999.000,9999.000,9999.000
202606231830,   1.472,9999.000,9999.000,9999.000,9999.000,9999.000,9999.000,9999.000,9999.000
202606231836,   1.503,9999.000,9999.000,9999.000,9999.000,9999.000,9999.000,9999.000,9999.000
202606231842,   1.532,9999.000,9999.000,9999.000,9999.000,9999.000,9999.000,9999.000,9999.000
202606231848,   1.561,9999.000,9999.000,9999.000,9999.000,9999.000,9999.000,9999.000,9999.000
202606231854,   1.589,9999.000,9999.000,9999.000,9999.000,9999.000,9999.000,9999.000,9999.000
202606231900,   1.616,9999.000,  -0.300,  -0.004,   1.312,  -0.400,   1.212,  -0.200,   1.412
202606231906,   1.643,9999.000,9999.000,9999.000,9999.000,9999.000,9999.000,9999.000,9999.000
202606231912,   1.668,9999.000,9999.000,9999.000,9999.000,9999.000,9999.000,9999.000,9999.000
202606231918,   1.691,9999.000,9999.000,9999.000,9999.000,9999.000,9999.000,9999.000,9999.000
202606231924,   1.714,9999.000,9999.000,9999.000,9999.000,9999.000,9999.000,9999.000,9999.000
202606231930,   1.735,9999.000,9999.000,9999.000,9999.000,9999.000,9999.000,9999.000,9999.000
202606231936,   1.755,9999.000,9999.000,9999.000,9999.000,9999.000,9999.000,9999.000,9999.000
202606231942,   1.773,9999.000,9999.000,9999.000,9999.000,9999.000,9999.000,9999.000,9999.000
202606231948,   1.790,9999.000,9999.000,9999.000,9999.000,9999.000,9999.000,9999.000,9999.000
202606231954,   1.806,9999.000,9999.000,9999.000,9999.000,9999.000,9999.000,9999.000,9999.000
202606232000,   1.820,9999.000,  -0.300,  -0.004,   1.516,  -0.400,   1.416,  -0.200,   1.616
202606232006,   1.832,9999.000,9999.000,9999.000,9999.000,9999.000,9999.000,9999.000,9999.000
202606232012,   1.843,9999.000,9999.000,9999.000,9999.000,9999.000,9999.000,9999.000,9999.000
202606232018,   1.852,9999.000,9999.000,9999.000,9999.000,9999.000,9999.000,9999.000,9999.000
202606232024,   1.860,9999.000,9999.000,9999.000,9999.000,9999.000,9999.000,9999.000,9999.000
202606232030,   1.867,9999.000,9999.000,9999.000,9999.000,9999.000,9999.000,9999.000,9999.000
202606232036,   1.872,9999.000,9999.000,9999.000,9999.000,9999.000,9999.000,9999.000,9999.000
202606232042,   1.876,9999.000,9999.000,9999.000,9999.000,9999.000,9999.000,9999.000,9999.000
202606232048,   1.878,9999.000,9999.000,9999.000,9999.000,9999.000,9999.000,9999.000,9999.000
202606232054,   1.879,9999.000,9999.000,9999.000,9999.000,9999.000,9999.000,9999.000,9999.000
202606232100,   1.879,9999.000,  -0.300,  -0.004,   1.575,  -0.400,   1.475,  -0.200,   1.675
202606232106,   1.878,9999.000,9999.000,9999.000,9999.000,9999.000,9999.000,9999.000,9999.000
202606232112,   1.875,9999.000,9999.000,9999.000,9999.000,9999.000,9999.000,9999.000,9999.000
202606232118,   1.871,9999.000,9999.000,9999.000,9999.000,9999.000,9999.000,9999.000,9999.000
202606232124,   1.867,9999.000,9999.000,9999.000,9999.000,9999.000,9999.000,9999.000,9999.000
202606232130,   1.861,9999.000,9999.000,9999.000,9999.000,9999.000,9999.000,9999.000,9999.000
202606232136,   1.854,9999.000,9999.000,9999.000,9999.000,9999.000,9999.000,9999.000,9999.000
202606232142,   1.846,9999.000,9999.000,9999.000,9999.000,9999.000,9999.000,9999.000,9999.000
202606232148,   1.837,9999.000,9999.000,9999.000,9999.000,9999.000,9999.000,9999.000,9999.000
202606232154,   1.828,9999.000,9999.000,9999.000,9999.000,9999.000,9999.000,9999.000,9999.000
202606232200,   1.817,9999.000,  -0.300,  -0.004,   1.513,  -0.400,   1.413,  -0.200,   1.613
202606232206,   1.806,9999.000,9999.000,9999.000,9999.000,9999.000,9999.000,9999.000,9999.000
202606232212,   1.793,9999.000,9999.000,9999.000,9999.000,9999.000,9999.000,9999.000,9999.000
202606232218,   1.780,9999.000,9999.000,9999.000,9999.000,9999.000,9999.000,9999.000,9999.000
202606232224,   1.765,9999.000,9999.000,9999.000,9999.000,9999.000,9999.000,9999.000,9999.000
202606232230,   1.750,9999.000,9999.000,9999.000,9999.000,9999.000,9999.000,9999.000,9999.000
202606232236,   1.734,9999.000,9999.000,9999.000,9999.000,9999.000,9999.000,9999.000,9999.000
202606232242,   1.717,9999.000,9999.000,9999.000,9999.000,9999.000,9999.000,9999.000,9999.000
202606232248,   1.699,9999.000,9999.000,9999.000,9999.000,9999.000,9999.000,9999.000,9999.000
202606232254,   1.680,9999.000,9999.000,9999.000,9999.000,9999.000,9999.000,9999.000,9999.000
202606232300,   1.661,9999.000,  -0.300,  -0.004,   1.357,  -0.400,   1.257,  -0.200,   1.457
202606232306,   1.640,9999.000,9999.000,9999.000,9999.000,9999.000,9999.000,9999.000,9999.000
202606232312,   1.618,9999.000,9999.000,9999.000,9999.000,9999.000,9999.000,9999.000,9999.000
202606232318,   1.596,9999.000,9999.000,9999.000,9999.000,9999.000,9999.000,9999.000,9999.000
202606232324,   1.573,9999.000,9999.000,9999.000,9999.000,9999.000,9999.000,9999.000,9999.000
202606232330,   1.549,9999.000,9999.000,9999.000,9999.000,9999.000,9999.000,9999.000,9999.000
202606232336,   1.524,9999.000,9999.000,9999.000,9999.000,9999.000,9999.000,9999.000,9999.000
202606232342,   1.498,9999.000,9999.000,9999.000,9999.000,9999.000,9999.000,9999.000,9999.000
202606232348,   1.472,9999.000,9999.000,9999.000,9999.000,9999.000,9999.000,9999.000,9999.000
202606232354,   1.445,9999.000,9999.000,9999.000,9999.000,9999.000,9999.000,9999.000,9999.000
202606240000,   1.417,9999.000,  -0.300,  -0.004,   1.113,  -0.400,   1.013,  -0.200,   1.213
202606240006,   1.389,9999.000,9999.000,9999.000,9999.000,9999.000,9999.000,9999.000,9999.000
202606240012,   1.360,9999.000,9999.000,9999.000,9999.000,9999.000,9999.000,9999.000,9999.000
202606240018,   1.332,9999.000,9999.000,9999.000,9999.000,9999.000,9999.000,9999.000,9999.000
202606240024,   1.303,9999.000,9999.000,9999.000,9999.000,9999.000,9999.000,9999.000,9999.000
202606240030,   1.273,9999.000,9999.000,9999.000,9999.000,9999.000,9999.000,9999.000,9999.000
202606240036,   1.244,9999.000,9999.000,9999.000,9999.000,9999.000,9999.000,9999.000,9999.000
202606240042,   1.215,9999.000,9999.000,9999.000,9999.000,9999.000,9999.000,9999.000,9999.000
202606240048,   1.186,9999.000,9999.000,9999.000,9999.000,9999.000,9999.000,9999.000,9999.000
202606240054,   1.157,9999.000,9999.000,9999.000,9999.000,9999.000,9999.000,9999.000,9999.000
202606240100,   1.129,9999.000,  -0.300,  -0.004,   0.825,  -0.400,   0.725,  -0.200,   0.925
202606240106,   1.101,9999.000,9999.000,9999.000,9999.000,9999.000,9999.000,9999.000,9999.000
202606240112,   1.074,9999.000,9999.000,9999.000,9999.000,9999.000,9999.000,9999.000,9999.000
202606240118,   1.048,9999.000,9999.000,9999.000,9999.000,9999.000,9999.000,9999.000,9999.000
202606240124,   1.022,9999.000,9999.000,9999.000,9999.000,9999.000,9999.000,9999.000,9999.000
202606240130,   0.997,9999.000,9999.000,9999.000,9999.000,9999.000,9999.000,9999.000,9999.000
202606240136,   0.973,9999.000,9999.000,9999.000,9999.000,9999.000,9999.000,9999.000,9999.000
202606240142,   0.950,9999.000,9999.000,9999.000,9999.000,9999.000,9999.000,9999.000,9999.000
202606240148,   0.928,9999.000,9999.000,9999.000,9999.000,9999.000,9999.000,9999.000,9999.000
202606240154,   0.908,9999.000,9999.000,9999.000,9999.000,9999.000,9999.000,9999.000,9999.000
202606240200,   0.888,9999.000,  -0.300,  -0.004,   0.584,  -0.400,   0.484,  -0.200,   0.684
202606240206,   0.869,9999.000,9999.000,9999.000,9999.000,9999.000,9999.000,9999.000,9999.000
202606240212,   0.852,9999.000,9999.000,9999.000,9999.000,9999.000,9999.000,9999.000,9999.000
202606240218,   0.836,9999.000,9999.000,9999.000,9999.000,9999.000,9999.000,9999.000,9999.000
202606240224,   0.821,9999.000,9999.000,9999.000,9999.000,9999.000,9999.000,9999.000,9999.000
202606240230,   0.807,9999.000,9999.000,9999.000,9999.000,9999.000,9999.000,9999.000,9999.000
202606240236,   0.795,9999.000,9999.000,9999.000,9999.000,9999.000,9999.000,9999.000,9999.000
202606240242,   0.783,9999.000,9999.000,9999.000,9999.000,9999.000,9999.000,9999.000,9999.000
202606240248,   0.773,9999.000,9999.000,9999.000,9999.000,9999.000,9999.000,9999.000,9999.000
202606240254,   0.764,9999.000,9999.000,9999.000,9999.000,9999.000,9999.000,9999.000,9999.000
202606240300,   0.755,9999.000,  -0.300,  -0.004,   0.451,  -0.300,   0.451,  -0.200,   0.551
202606240306,   0.748,9999.000,9999.000,9999.000,9999.000,9999.000,9999.000,9999.000,9999.000
202606240312,   0.742,9999.000,9999.000,9999.000,9999.000,9999.000,9999.000,9999.000,9999.000
202606240318,   0.737,9999.000,9999.000,9999.000,9999.000,9999.000,9999.000,9999.000,9999.000
202606240324,   0.733,9999.000,9999.000,9999.000,9999.000,9999.000,9999.000,9999.000,9999.000
202606240330,   0.729,9999.000,9999.000,9999.000,9999.000,9999.000,9999.000,9999.000,9999.000
202606240336,   0.727,9999.000,9999.000,9999.000,9999.000,9999.000,9999.000,9999.000,9999.000
202606240342,   0.725,9999.000,9999.000,9999.000,9999.000,9999.000,9999.000,9999.000,9999.000
202606240348,   0.724,9999.000,9999.000,9999.000,9999.000,9999.000,9999.000,9999.000,9999.000
202606240354,   0.724,9999.000,9999.000,9999.000,9999.000,9999.000,9999.000,9999.000,9999.000
202606240400,   0.724,9999.000,  -0.300,  -0.004,   0.420,  -0.300,   0.420,  -0.200,   0.520
202606240406,   0.726,9999.000,9999.000,9999.000,9999.000,9999.000,9999.000,9999.000,9999.000
202606240412,   0.728,9999.000,9999.000,9999.000,9999.000,9999.000,9999.000,9999.000,9999.000
202606240418,   0.730,9999.000,9999.000,9999.000,9999.000,9999.000,9999.000,9999.000,9999.000
202606240424,   0.734,9999.000,9999.000,9999.000,9999.000,9999.000,9999.000,9999.000,9999.000
202606240430,   0.738,9999.000,9999.000,9999.000,9999.000,9999.000,9999.000,9999.000,9999.000
202606240436,   0.743,9999.000,9999.000,9999.000,9999.000,9999.000,9999.000,9999.000,9999.000
202606240442,   0.749,9999.000,9999.000,9999.000,9999.000,9999.000,9999.000,9999.000,9999.000
202606240448,   0.755,9999.000,9999.000,9999.000,9999.000,9999.000,9999.000,9999.000,9999.000
202606240454,   0.763,9999.000,9999.000,9999.000,9999.000,9999.000,9999.000,9999.000,9999.000
202606240500,   0.771,9999.000,  -0.300,  -0.004,   0.467,  -0.300,   0.467,  -0.200,   0.567
202606240506,   0.780,9999.000,9999.000,9999.000,9999.000,9999.000,9999.000,9999.000,9999.000
202606240512,   0.789,9999.000,9999.000,9999.000,9999.000,9999.000,9999.000,9999.000,9999.000
202606240518,   0.800,9999.000,9999.000,9999.000,9999.000,9999.000,9999.000,9999.000,9999.000
202606240524,   0.811,9999.000,9999.000,9999.000,9999.000,9999.000,9999.000,9999.000,9999.000
202606240530,   0.823,9999.000,9999.000,9999.000,9999.000,9999.000,9999.000,9999.000,9999.000
202606240536,   0.836,9999.000,9999.000,9999.000,9999.000,9999.000,9999.000,9999.000,9999.000
202606240542,   0.850,9999.000,9999.000,9999.000,9999.000,9999.000,9999.000,9999.000,9999.000
202606240548,   0.864,9999.000,9999.000,9999.000,9999.000,9999.000,9999.000,9999.000,9999.000
202606240554,   0.879,9999.000,9999.000,9999.000,9999.000,9999.000,9999.000,9999.000,9999.000
202606240600,   0.895,9999.000,  -0.300,  -0.004,   0.591,  -0.300,   0.591,  -0.200,   0.691
202606240606,   0.911,9999.000,9999.000,9999.000,9999.000,9999.000,9999.000,9999.000,9999.000
202606240612,   0.928,9999.000,9999.000,9999.000,9999.000,9999.000,9999.000,9999.000,9999.000
202606240618,   0.946,9999.000,9999.000,9999.000,9999.000,9999.000,9999.000,9999.000,9999.000
202606240624,   0.964,9999.000,9999.000,9999.000,9999.000,9999.000,9999.000,9999.000,9999.000
202606240630,   0.982,9999.000,9999.000,9999.000,9999.000,9999.000,9999.000,9999.000,9999.000
202606240636,   1.001,9999.000,9999.000,9999.000,9999.000,9999.000,9999.000,9999.000,9999.000
202606240642,   1.019,9999.000,9999.000,9999.000,9999.000,9999.000,9999.000,9999.000,9999.000
202606240648,   1.038,9999.000,9999.000,9999.000,9999.000,9999.000,9999.000,9999.000,9999.000
202606240654,   1.057,9999.000,9999.000,9999.000,9999.000,9999.000,9999.000,9999.000,9999.000
202606240700,   1.076,9999.000,  -0.300,  -0.004,   0.772,  -0.300,   0.772,  -0.200,   0.872
202606240706,   1.095,9999.000,9999.000,9999.000,9999.000,9999.000,9999.000,9999.000,9999.000
202606240712,   1.113,9999.000,9999.000,9999.000,9999.000,9999.000,9999.000,9999.000,9999.000
202606240718,   1.131,9999.000,9999.000,9999.000,9999.000,9999.000,9999.000,9999.000,9999.000
202606240724,   1.149,9999.000,9999.000,9999.000,9999.000,9999.000,9999.000,9999.000,9999.000
202606240730,   1.166,9999.000,9999.000,9999.000,9999.000,9999.000,9999.000,9999.000,9999.000
202606240736,   1.183,9999.000,9999.000,9999.000,9999.000,9999.000,9999.000,9999.000,9999.000
202606240742,   1.198,9999.000,9999.000,9999.000,9999.000,9999.000,9999.000,9999.000,9999.000
202606240748,   1.213,9999.000,9999.000,9999.000,9999.000,9999.000,9999.000,9999.000,9999.000
202606240754,   1.228,9999.000,9999.000,9999.000,9999.000,9999.000,9999.000,9999.000,9999.000
202606240800,   1.241,9999.000,  -0.200,  -0.004,   1.037,  -0.300,   0.937,  -0.200,   1.037
202606240806,   1.254,9999.000,9999.000,9999.000,9999.000,9999.000,9999.000,9999.000,9999.000
202606240812,   1.265,9999.000,9999.000,9999.000,9999.000,9999.000,9999.000,9999.000,9999.000
202606240818,   1.276,9999.000,9999.000,9999.000,9999.000,9999.000,9999.000,9999.000,9999.000
202606240824,   1.285,9999.000,9999.000,9999.000,9999.000,9999.000,9999.000,9999.000,9999.000
202606240830,   1.294,9999.000,9999.000,9999.000,9999.000,9999.000,9999.000,9999.000,9999.000
202606240836,   1.301,9999.000,9999.000,9999.000,9999.000,9999.000,9999.000,9999.000,9999.000
202606240842,   1.308,9999.000,9999.000,9999.000,9999.000,9999.000,9999.000,9999.000,9999.000
202606240848,   1.313,9999.000,9999.000,9999.000,9999.000,9999.000,9999.000,9999.000,9999.000
202606240854,   1.317,9999.000,9999.000,9999.000,9999.000,9999.000,9999.000,9999.000,9999.000
202606240900,   1.321,9999.000,  -0.200,  -0.004,   1.117,  -0.300,   1.017,  -0.100,   1.217
202606240906,   1.323,9999.000,9999.000,9999.000,9999.000,9999.000,9999.000,9999.000,9999.000
202606240912,   1.325,9999.000,9999.000,9999.000,9999.000,9999.000,9999.000,9999.000,9999.000
202606240918,   1.325,9999.000,9999.000,9999.000,9999.000,9999.000,9999.000,9999.000,9999.000
202606240924,   1.325,9999.000,9999.000,9999.000,9999.000,9999.000,9999.000,9999.000,9999.000
202606240930,   1.324,9999.000,9999.000,9999.000,9999.000,9999.000,9999.000,9999.000,9999.000
202606240936,   1.322,9999.000,9999.000,9999.000,9999.000,9999.000,9999.000,9999.000,9999.000
202606240942,   1.319,9999.000,9999.000,9999.000,9999.000,9999.000,9999.000,9999.000,9999.000
202606240948,   1.315,9999.000,9999.000,9999.000,9999.000,9999.000,9999.000,9999.000,9999.000
202606240954,   1.311,9999.000,9999.000,9999.000,9999.000,9999.000,9999.000,9999.000,9999.000
202606241000,   1.306,9999.000,  -0.200,  -0.004,   1.102,  -0.300,   1.002,  -0.100,   1.202
202606241006,   1.300,9999.000,9999.000,9999.000,9999.000,9999.000,9999.000,9999.000,9999.000
202606241012,   1.293,9999.000,9999.000,9999.000,9999.000,9999.000,9999.000,9999.000,9999.000
202606241018,   1.286,9999.000,9999.000,9999.000,9999.000,9999.000,9999.000,9999.000,9999.000
202606241024,   1.278,9999.000,9999.000,9999.000,9999.000,9999.000,9999.000,9999.000,9999.000
202606241030,   1.270,9999.000,9999.000,9999.000,9999.000,9999.000,9999.000,9999.000,9999.000
202606241036,   1.260,9999.000,9999.000,9999.000,9999.000,9999.000,9999.000,9999.000,9999.000
202606241042,   1.250,9999.000,9999.000,9999.000,9999.000,9999.000,9999.000,9999.000,9999.000
202606241048,   1.240,9999.000,9999.000,9999.000,9999.000,9999.000,9999.000,9999.000,9999.000
202606241054,   1.228,9999.000,9999.000,9999.000,9999.000,9999.000,9999.000,9999.000,9999.000
202606241100,   1.216,9999.000,  -0.200,  -0.004,   1.012,  -0.300,   0.912,  -0.100,   1.112
202606241106,   1.204,9999.000,9999.000,9999.000,9999.000,9999.000,9999.000,9999.000,9999.000
202606241112,   1.190,9999.000,9999.000,9999.000,9999.000,9999.000,9999.000,9999.000,9999.000
202606241118,   1.176,9999.000,9999.000,9999.000,9999.000,9999.000,9999.000,9999.000,9999.000
202606241124,   1.162,9999.000,9999.000,9999.000,9999.000,9999.000,9999.000,9999.000,9999.000
202606241130,   1.147,9999.000,9999.000,9999.000,9999.000,9999.000,9999.000,9999.000,9999.000
202606241136,   1.131,9999.000,9999.000,9999.000,9999.000,9999.000,9999.000,9999.000,9999.000
202606241142,   1.114,9999.000,9999.000,9999.000,9999.000,9999.000,9999.000,9999.000,9999.000
202606241148,   1.097,9999.000,9999.000,9999.000,9999.000,9999.000,9999.000,9999.000,9999.000
202606241154,   1.080,9999.000,9999.000,9999.000,9999.000,9999.000,9999.000,9999.000,9999.000
202606241200,   1.062,9999.000,  -0.200,  -0.004,   0.858,  -0.300,   0.758,  -0.100,   0.958
202606241206,   1.044,9999.000,9999.000,9999.000,9999.000,9999.000,9999.000,9999.000,9999.000
202606241212,   1.025,9999.000,9999.000,9999.000,9999.000,9999.000,9999.000,9999.000,9999.000
202606241218,   1.006,9999.000,9999.000,9999.000,9999.000,9999.000,9999.000,9999.000,9999.000
202606241224,   0.987,9999.000,9999.000,9999.000,9999.000,9999.000,9999.000,9999.000,9999.000
202606241230,   0.968,9999.000,9999.000,9999.000,9999.000,9999.000,9999.000,9999.000,9999.000
202606241236,   0.948,9999.000,9999.000,9999.000,9999.000,9999.000,9999.000,9999.000,9999.000
202606241242,   0.929,9999.000,9999.000,9999.000,9999.000,9999.000,9999.000,9999.000,9999.000
202606241248,   0.910,9999.000,9999.000,9999.000,9999.000,9999.000,9999.000,9999.000,9999.000
202606241254,   0.891,9999.000,9999.000,9999.000,9999.000,9999.000,9999.000,9999.000,9999.000
202606241300,   0.872,9999.000,  -0.200,  -0.004,   0.668,  -0.200,   0.668,  -0.100,   0.768
202606241306,   0.854,9999.000,9999.000,9999.000,9999.000,9999.000,9999.000,9999.000,9999.000
202606241312,   0.837,9999.000,9999.000,9999.000,9999.000,9999.000,9999.000,9999.000,9999.000
202606241318,   0.820,9999.000,9999.000,9999.000,9999.000,9999.000,9999.000,9999.000,9999.000
202606241324,   0.804,9999.000,9999.000,9999.000,9999.000,9999.000,9999.000,9999.000,9999.000
202606241330,   0.788,9999.000,9999.000,9999.000,9999.000,9999.000,9999.000,9999.000,9999.000
202606241336,   0.774,9999.000,9999.000,9999.000,9999.000,9999.000,9999.000,9999.000,9999.000
202606241342,   0.761,9999.000,9999.000,9999.000,9999.000,9999.000,9999.000,9999.000,9999.000
202606241348,   0.749,9999.000,9999.000,9999.000,9999.000,9999.000,9999.000,9999.000,9999.000
202606241354,   0.738,9999.000,9999.000,9999.000,9999.000,9999.000,9999.000,9999.000,9999.000
202606241400,   0.728,9999.000,  -0.100,  -0.004,   0.624,  -0.200,   0.524,  -0.100,   0.624
202606241406,   0.719,9999.000,9999.000,9999.000,9999.000,9999.000,9999.000,9999.000,9999.000
202606241412,   0.712,9999.000,9999.000,9999.000,9999.000,9999.000,9999.000,9999.000,9999.000
202606241418,   0.706,9999.000,9999.000,9999.000,9999.000,9999.000,9999.000,9999.000,9999.000
202606241424,   0.702,9999.000,9999.000,9999.000,9999.000,9999.000,9999.000,9999.000,9999.000
202606241430,   0.699,9999.000,9999.000,9999.000,9999.000,9999.000,9999.000,9999.000,9999.000
202606241436,   0.698,9999.000,9999.000,9999.000,9999.000,9999.000,9999.000,9999.000,9999.000
202606241442,   0.698,9999.000,9999.000,9999.000,9999.000,9999.000,9999.000,9999.000,9999.000
202606241448,   0.699,9999.000,9999.000,9999.000,9999.000,9999.000,9999.000,9999.000,9999.000
202606241454,   0.702,9999.000,9999.000,9999.000,9999.000,9999.000,9999.000,9999.000,9999.000
202606241500,   0.706,9999.000,  -0.100,  -0.004,   0.602,  -0.200,   0.502,   0.000,   0.702
202606241506,   0.711,9999.000,9999.000,9999.000,9999.000,9999.000,9999.000,9999.000,9999.000
202606241512,   0.718,9999.000,9999.000,9999.000,9999.000,9999.000,9999.000,9999.000,9999.000
202606241518,   0.726,9999.000,9999.000,9999.000,9999.000,9999.000,9999.000,9999.000,9999.000
202606241524,   0.735,9999.000,9999.000,9999.000,9999.000,9999.000,9999.000,9999.000,9999.000
202606241530,   0.746,9999.000,9999.000,9999.000,9999.000,9999.000,9999.000,9999.000,9999.000
202606241536,   0.757,9999.000,9999.000,9999.000,9999.000,9999.000,9999.000,9999.000,9999.000
202606241542,   0.770,9999.000,9999.000,9999.000,9999.000,9999.000,9999.000,9999.000,9999.000
202606241548,   0.784,9999.000,9999.000,9999.000,9999.000,9999.000,9999.000,9999.000,9999.000
202606241554,   0.798,9999.000,9999.000,9999.000,9999.000,9999.000,9999.000,9999.000,9999.000
202606241600,   0.814,9999.000,  -0.100,  -0.004,   0.710,  -0.200,   0.610,  -0.100,   0.710
202606241606,   0.830,9999.000,9999.000,9999.000,9999.000,9999.000,9999.000,9999.000,9999.000
202606241612,   0.847,9999.000,9999.000,9999.000,9999.000,9999.000,9999.000,9999.000,9999.000
202606241618,   0.865,9999.000,9999.000,9999.000,9999.000,9999.000,9999.000,9999.000,9999.000
202606241624,   0.883,9999.000,9999.000,9999.000,9999.000,9999.000,9999.000,9999.000,9999.000
202606241630,   0.902,9999.000,9999.000,9999.000,9999.000,9999.000,9999.000,9999.000,9999.000
202606241636,   0.922,9999.000,9999.000,9999.000,9999.000,9999.000,9999.000,9999.000,9999.000
202606241642,   0.942,9999.000,9999.000,9999.000,9999.000,9999.000,9999.000,9999.000,9999.000
202606241648,   0.963,9999.000,9999.000,9999.000,9999.000,9999.000,9999.000,9999.000,9999.000
202606241654,   0.984,9999.000,9999.000,9999.000,9999.000,9999.000,9999.000,9999.000,9999.000
202606241700,   1.006,9999.000,  -0.100,  -0.004,   0.902,  -0.200,   0.802,   0.000,   1.002
202606241706,   1.028,9999.000,9999.000,9999.000,9999.000,9999.000,9999.000,9999.000,9999.000
202606241712,   1.051,9999.000,9999.000,9999.000,9999.000,9999.000,9999.000,9999.000,9999.000
202606241718,   1.074,9999.000,9999.000,9999.000,9999.000,9999.000,9999.000,9999.000,9999.000
202606241724,   1.098,9999.000,9999.000,9999.000,9999.000,9999.000,9999.000,9999.000,9999.000
202606241730,   1.122,9999.000,9999.000,9999.000,9999.000,9999.000,9999.000,9999.000,9999.000
202606241736,   1.146,9999.000,9999.000,9999.000,9999.000,9999.000,9999.000,9999.000,9999.000
202606241742,   1.170,9999.000,9999.000,9999.000,9999.000,9999.000,9999.000,9999.000,9999.000
202606241748,   1.195,9999.000,9999.000,9999.000,9999.000,9999.000,9999.000,9999.000,9999.000
202606241754,   1.221,9999.000,9999.000,9999.000,9999.000,9999.000,9999.000,9999.000,9999.000
202606241800,   1.246,9999.000,  -0.100,  -0.004,   1.142,  -0.200,   1.042,   0.000,   1.242
202606241806,   1.272,9999.000,9999.000,9999.000,9999.000,9999.000,9999.000,9999.000,9999.000
202606241812,   1.298,9999.000,9999.000,9999.000,9999.000,9999.000,9999.000,9999.000,9999.000
202606241818,   1.324,9999.000,9999.000,9999.000,9999.000,9999.000,9999.000,9999.000,9999.000
202606241824,   1.350,9999.000,9999.000,9999.000,9999.000,9999.000,9999.000,9999.000,9999.000
202606241830,   1.376,9999.000,9999.000,9999.000,9999.000,9999.000,9999.000,9999.000,9999.000
202606241836,   1.402,9999.000,9999.000,9999.000,9999.000,9999.000,9999.000,9999.000,9999.000
202606241842,   1.428,9999.000,9999.000,9999.000,9999.000,9999.000,9999.000,9999.000,9999.000
202606241848,   1.454,9999.000,9999.000,9999.000,9999.000,9999.000,9999.000,9999.000,9999.000
202606241854,   1.479,9999.000,9999.000,9999.000,9999.000,9999.000,9999.000,9999.000,9999.000
202606241900,   1.505,9999.000,  -0.100,  -0.004,   1.401,  -0.200,   1.301,   0.000,   1.501
202606241906,   1.530,9999.000,9999.000,9999.000,9999.000,9999.000,9999.000,9999.000,9999.000
202606241912,   1.554,9999.000,9999.000,9999.000,9999.000,9999.000,9999.000,9999.000,9999.000
202606241918,   1.578,9999.000,9999.000,9999.000,9999.000,9999.000,9999.000,9999.000,9999.000
202606241924,   1.601,9999.000,9999.000,9999.000,9999.000,9999.000,9999.000,9999.000,9999.000
202606241930,   1.624,9999.000,9999.000,9999.000,9999.000,9999.000,9999.000,9999.000,9999.000
202606241936,   1.646,9999.000,9999.000,9999.000,9999.000,9999.000,9999.000,9999.000,9999.000
202606241942,   1.667,9999.000,9999.000,9999.000,9999.000,9999.000,9999.000,9999.000,9999.000
202606241948,   1.687,9999.000,9999.000,9999.000,9999.000,9999.000,9999.000,9999.000,9999.000
202606241954,   1.707,9999.000,9999.000,9999.000,9999.000,9999.000,9999.000,9999.000,9999.000
202606242000,   1.725,9999.000,  -0.100,  -0.004,   1.621,  -0.200,   1.521,   0.000,   1.721
202606242006,   1.742,9999.000,9999.000,9999.000,9999.000,9999.000,9999.000,9999.000,9999.000
202606242012,   1.758,9999.000,9999.000,9999.000,9999.000,9999.000,9999.000,9999.000,9999.000
202606242018,   1.773,9999.000,9999.000,9999.000,9999.000,9999.000,9999.000,9999.000,9999.000
202606242024,   1.787,9999.000,9999.000,9999.000,9999.000,9999.000,9999.000,9999.000,9999.000
202606242030,   1.799,9999.000,9999.000,9999.000,9999.000,9999.000,9999.000,9999.000,9999.000
202606242036,   1.811,9999.000,9999.000,9999.000,9999.000,9999.000,9999.000,9999.000,9999.000
202606242042,   1.821,9999.000,9999.000,9999.000,9999.000,9999.000,9999.000,9999.000,9999.000
202606242048,   1.829,9999.000,9999.000,9999.000,9999.000,9999.000,9999.000,9999.000,9999.000
202606242054,   1.837,9999.000,9999.000,9999.000,9999.000,9999.000,9999.000,9999.000,9999.000
202606242100,   1.843,9999.000,  -0.100,  -0.004,   1.739,  -0.200,   1.639,   0.000,   1.839
202606242106,   1.848,9999.000,9999.000,9999.000,9999.000,9999.000,9999.000,9999.000,9999.000
202606242112,   1.852,9999.000,9999.000,9999.000,9999.000,9999.000,9999.000,9999.000,9999.000
202606242118,   1.854,9999.000,9999.000,9999.000,9999.000,9999.000,9999.000,9999.000,9999.000
202606242124,   1.856,9999.000,9999.000,9999.000,9999.000,9999.000,9999.000,9999.000,9999.000
202606242130,   1.856,9999.000,9999.000,9999.000,9999.000,9999.000,9999.000,9999.000,9999.000
202606242136,   1.855,9999.000,9999.000,9999.000,9999.000,9999.000,9999.000,9999.000,9999.000
202606242142,   1.853,9999.000,9999.000,9999.000,9999.000,9999.000,9999.000,9999.000,9999.000
202606242148,   1.850,9999.000,9999.000,9999.000,9999.000,9999.000,9999.000,9999.000,9999.000
202606242154,   1.846,9999.000,9999.000,9999.000,9999.000,9999.000,9999.000,9999.000,9999.000
202606242200,   1.841,9999.000,  -0.100,  -0.004,   1.737,  -0.200,   1.637,   0.000,   1.837
202606242206,   1.834,9999.000,9999.000,9999.000,9999.000,9999.000,9999.000,9999.000,9999.000
202606242212,   1.827,9999.000,9999.000,9999.000,9999.000,9999.000,9999.000,9999.000,9999.000
202606242218,   1.819,9999.000,9999.000,9999.000,9999.000,9999.000,9999.000,9999.000,9999.000
202606242224,   1.810,9999.000,9999.000,9999.000,9999.000,9999.000,9999.000,9999.000,9999.000
202606242230,   1.800,9999.000,9999.000,9999.000,9999.000,9999.000,9999.000,9999.000,9999.000
202606242236,   1.790,9999.000,9999.000,9999.000,9999.000,9999.000,9999.000,9999.000,9999.000
202606242242,   1.778,9999.000,9999.000,9999.000,9999.000,9999.000,9999.000,9999.000,9999.000
202606242248,   1.766,9999.000,9999.000,9999.000,9999.000,9999.000,9999.000,9999.000,9999.000
202606242254,   1.753,9999.000,9999.000,9999.000,9999.000,9999.000,9999.000,9999.000,9999.000
202606242300,   1.738,9999.000,  -0.100,  -0.004,   1.634,  -0.300,   1.434,   0.000,   1.734
202606242306,   1.724,9999.000,9999.000,9999.000,9999.000,9999.000,9999.000,9999.000,9999.000
202606242312,   1.708,9999.000,9999.000,9999.000,9999.000,9999.000,9999.000,9999.000,9999.000
202606242318,   1.691,9999.000,9999.000,9999.000,9999.000,9999.000,9999.000,9999.000,9999.000
202606242324,   1.674,9999.000,9999.000,9999.000,9999.000,9999.000,9999.000,9999.000,9999.000
202606242330,   1.656,9999.000,9999.000,9999.000,9999.000,9999.000,9999.000,9999.000,9999.000
202606242336,   1.636,9999.000,9999.000,9999.000,9999.000,9999.000,9999.000,9999.000,9999.000
202606242342,   1.616,9999.000,9999.000,9999.000,9999.000,9999.000,9999.000,9999.000,9999.000
202606242348,   1.596,9999.000,9999.000,9999.000,9999.000,9999.000,9999.000,9999.000,9999.000
202606242354,   1.574,9999.000,9999.000,9999.000,9999.000,9999.000,9999.000,9999.000,9999.000
202606250000,   1.552,9999.000,  -0.200,  -0.004,   1.348,  -0.300,   1.248,  -0.100,   1.448
202606250006,   1.528,9999.000,9999.000,9999.000,9999.000,9999.000,9999.000,9999.000,9999.000
202606250012,   1.504,9999.000,9999.000,9999.000,9999.000,9999.000,9999.000,9999.000,9999.000
202606250018,   1.480,9999.000,9999.000,9999.000,9999.000,9999.000,9999.000,9999.000,9999.000
202606250024,   1.454,9999.000,9999.000,9999.000,9999.000,9999.000,9999.000,9999.000,9999.000
202606250030,   1.428,9999.000,9999.000,9999.000,9999.000,9999.000,9999.000,9999.000,9999.000
202606250036,   1.401,9999.000,9999.000,9999.000,9999.000,9999.000,9999.000,9999.000,9999.000
202606250042,   1.374,9999.000,9999.000,9999.000,9999.000,9999.000,9999.000,9999.000,9999.000
202606250048,   1.346,9999.000,9999.000,9999.000,9999.000,9999.000,9999.000,9999.000,9999.000
202606250054,   1.317,9999.000,9999.000,9999.000,9999.000,9999.000,9999.000,9999.000,9999.000
202606250100,   1.288,9999.000,  -0.200,  -0.004,   1.084,  -0.300,   0.984,  -0.100,   1.184
202606250106,   1.259,9999.000,9999.000,9999.000,9999.000,9999.000,9999.000,9999.000,9999.000
202606250112,   1.230,9999.000,9999.000,9999.000,9999.000,9999.000,9999.000,9999.000,9999.000
202606250118,   1.200,9999.000,9999.000,9999.000,9999.000,9999.000,9999.000,9999.000,9999.000
202606250124,   1.170,9999.000,9999.000,9999.000,9999.000,9999.000,9999.000,9999.000,9999.000
202606250130,   1.141,9999.000,9999.000,9999.000,9999.000,9999.000,9999.000,9999.000,9999.000
202606250136,   1.111,9999.000,9999.000,9999.000,9999.000,9999.000,9999.000,9999.000,9999.000
202606250142,   1.082,9999.000,9999.000,9999.000,9999.000,9999.000,9999.000,9999.000,9999.000
202606250148,   1.053,9999.000,9999.000,9999.000,9999.000,9999.000,9999.000,9999.000,9999.000
202606250154,   1.024,9999.000,9999.000,9999.000,9999.000,9999.000,9999.000,9999.000,9999.000
202606250200,   0.996,9999.000,  -0.200,  -0.004,   0.792,  -0.300,   0.692,  -0.100,   0.892
202606250206,   0.968,9999.000,9999.000,9999.000,9999.000,9999.000,9999.000,9999.000,9999.000
202606250212,   0.941,9999.000,9999.000,9999.000,9999.000,9999.000,9999.000,9999.000,9999.000
202606250218,   0.915,9999.000,9999.000,9999.000,9999.000,9999.000,9999.000,9999.000,9999.000
202606250224,   0.889,9999.000,9999.000,9999.000,9999.000,9999.000,9999.000,9999.000,9999.000
202606250230,   0.865,9999.000,9999.000,9999.000,9999.000,9999.000,9999.000,9999.000,9999.000
202606250236,   0.841,9999.000,9999.000,9999.000,9999.000,9999.000,9999.000,9999.000,9999.000
202606250242,   0.818,9999.000,9999.000,9999.000,9999.000,9999.000,9999.000,9999.000,9999.000
202606250248,   0.796,9999.000,9999.000,9999.000,9999.000,9999.000,9999.000,9999.000,9999.000
202606250254,   0.775,9999.000,9999.000,9999.000,9999.000,9999.000,9999.000,9999.000,9999.000
202606250300,   0.756,9999.000,  -0.200,  -0.004,   0.552,  -0.300,   0.452,  -0.100,   0.652
202606250306,   0.737,9999.000,9999.000,9999.000,9999.000,9999.000,9999.000,9999.000,9999.000
202606250312,   0.720,9999.000,9999.000,9999.000,9999.000,9999.000,9999.000,9999.000,9999.000
202606250318,   0.703,9999.000,9999.000,9999.000,9999.000,9999.000,9999.000,9999.000,9999.000
202606250324,   0.688,9999.000,9999.000,9999.000,9999.000,9999.000,9999.000,9999.000,9999.000
202606250330,   0.674,9999.000,9999.000,9999.000,9999.000,9999.000,9999.000,9999.000,9999.000
202606250336,   0.661,9999.000,9999.000,9999.000,9999.000,9999.000,9999.000,9999.000,9999.000
202606250342,   0.650,9999.000,9999.000,9999.000,9999.000,9999.000,9999.000,9999.000,9999.000
202606250348,   0.639,9999.000,9999.000,9999.000,9999.000,9999.000,9999.000,9999.000,9999.000
202606250354,   0.630,9999.000,9999.000,9999.000,9999.000,9999.000,9999.000,9999.000,9999.000
202606250400,   0.621,9999.000,  -0.200,  -0.004,   0.417,  -0.300,   0.317,  -0.100,   0.517
202606250406,   0.614,9999.000,9999.000,9999.000,9999.000,9999.000,9999.000,9999.000,9999.000
202606250412,   0.608,9999.000,9999.000,9999.000,9999.000,9999.000,9999.000,9999.000,9999.000
202606250418,   0.603,9999.000,9999.000,9999.000,9999.000,9999.000,9999.000,9999.000,9999.000
202606250424,   0.599,9999.000,9999.000,9999.000,9999.000,9999.000,9999.000,9999.000,9999.000
202606250430,   0.595,9999.000,9999.000,9999.000,9999.000,9999.000,9999.000,9999.000,9999.000
202606250436,   0.593,9999.000,9999.000,9999.000,9999.000,9999.000,9999.000,9999.000,9999.000
202606250442,   0.592,9999.000,9999.000,9999.000,9999.000,9999.000,9999.000,9999.000,9999.000
202606250448,   0.591,9999.000,9999.000,9999.000,9999.000,9999.000,9999.000,9999.000,9999.000
202606250454,   0.592,9999.000,9999.000,9999.000,9999.000,9999.000,9999.000,9999.000,9999.000
202606250500,   0.593,9999.000,  -0.300,  -0.004,   0.289,  -0.400,   0.189,  -0.100,   0.489
202606250506,   0.596,9999.000,9999.000,9999.000,9999.000,9999.000,9999.000,9999.000,9999.000
202606250512,   0.599,9999.000,9999.000,9999.000,9999.000,9999.000,9999.000,9999.000,9999.000
202606250518,   0.603,9999.000,9999.000,9999.000,9999.000,9999.000,9999.000,9999.000,9999.000
202606250524,   0.608,9999.000,9999.000,9999.000,9999.000,9999.000,9999.000,9999.000,9999.000
202606250530,   0.614,9999.000,9999.000,9999.000,9999.000,9999.000,9999.000,9999.000,9999.000
202606250536,   0.621,9999.000,9999.000,9999.000,9999.000,9999.000,9999.000,9999.000,9999.000
202606250542,   0.628,9999.000,9999.000,9999.000,9999.000,9999.000,9999.000,9999.000,9999.000
202606250548,   0.637,9999.000,9999.000,9999.000,9999.000,9999.000,9999.000,9999.000,9999.000
202606250554,   0.646,9999.000,9999.000,9999.000,9999.000,9999.000,9999.000,9999.000,9999.000
202606250600,   0.656,9999.000,  -0.300,  -0.004,   0.352,  -0.400,   0.252,  -0.200,   0.452
202606250606,   0.667,9999.000,9999.000,9999.000,9999.000,9999.000,9999.000,9999.000,9999.000
202606250612,   0.679,9999.000,9999.000,9999.000,9999.000,9999.000,9999.000,9999.000,9999.000
202606250618,   0.691,9999.000,9999.000,9999.000,9999.000,9999.000,9999.000,9999.000,9999.000
202606250624,   0.705,9999.000,9999.000,9999.000,9999.000,9999.000,9999.000,9999.000,9999.000
202606250630,   0.719,9999.000,9999.000,9999.000,9999.000,9999.000,9999.000,9999.000,9999.000
202606250636,   0.733,9999.000,9999.000,9999.000,9999.000,9999.000,9999.000,9999.000,9999.000
202606250642,   0.749,9999.000,9999.000,9999.000,9999.000,9999.000,9999.000,9999.000,9999.000
202606250648,   0.765,9999.000,9999.000,9999.000,9999.000,9999.000,9999.000,9999.000,9999.000
202606250654,   0.782,9999.000,9999.000,9999.000,9999.000,9999.000,9999.000,9999.000,9999.000
202606250700,   0.799,9999.000,  -0.300,  -0.004,   0.495,  -0.400,   0.395,  -0.200,   0.595
202606250706,   0.817,9999.000,9999.000,9999.000,9999.000,9999.000,9999.000,9999.000,9999.000
202606250712,   0.835,9999.000,9999.000,9999.000,9999.000,9999.000,9999.000,9999.000,9999.000
202606250718,   0.854,9999.000,9999.000,9999.000,9999.000,9999.000,9999.000,9999.000,9999.000
202606250724,   0.873,9999.000,9999.000,9999.000,9999.000,9999.000,9999.000,9999.000,9999.000
202606250730,   0.893,9999.000,9999.000,9999.000,9999.000,9999.000,9999.000,9999.000,9999.000
202606250736,   0.912,9999.000,9999.000,9999.000,9999.000,9999.000,9999.000,9999.000,9999.000
202606250742,   0.932,9999.000,9999.000,9999.000,9999.000,9999.000,9999.000,9999.000,9999.000
202606250748,   0.951,9999.000,9999.000,9999.000,9999.000,9999.000,9999.000,9999.000,9999.000
202606250754,   0.971,9999.000,9999.000,9999.000,9999.000,9999.000,9999.000,9999.000,9999.000
202606250800,   0.991,9999.000,  -0.300,  -0.004,   0.687,  -0.400,   0.587,  -0.200,   0.787
202606250806,   1.010,9999.000,9999.000,9999.000,9999.000,9999.000,9999.000,9999.000,9999.000
202606250812,   1.029,9999.000,9999.000,9999.000,9999.000,9999.000,9999.000,9999.000,9999.000
202606250818,   1.048,9999.000,9999.000,9999.000,9999.000,9999.000,9999.000,9999.000,9999.000
202606250824,   1.067,9999.000,9999.000,9999.000,9999.000,9999.000,9999.000,9999.000,9999.000
202606250830,   1.084,9999.000,9999.000,9999.000,9999.000,9999.000,9999.000,9999.000,9999.000
202606250836,   1.102,9999.000,9999.000,9999.000,9999.000,9999.000,9999.000,9999.000,9999.000
202606250842,   1.119,9999.000,9999.000,9999.000,9999.000,9999.000,9999.000,9999.000,9999.000
202606250848,   1.135,9999.000,9999.000,9999.000,9999.000,9999.000,9999.000,9999.000,9999.000
202606250854,   1.151,9999.000,9999.000,9999.000,9999.000,9999.000,9999.000,9999.000,9999.000
202606250900,   1.165,9999.000,  -0.300,  -0.004,   0.861,  -0.400,   0.761,  -0.200,   0.961
202606250906,   1.179,9999.000,9999.000,9999.000,9999.000,9999.000,9999.000,9999.000,9999.000
202606250912,   1.193,9999.000,9999.000,9999.000,9999.000,9999.000,9999.000,9999.000,9999.000
202606250918,   1.205,9999.000,9999.000,9999.000,9999.000,9999.000,9999.000,9999.000,9999.000
202606250924,   1.217,9999.000,9999.000,9999.000,9999.000,9999.000,9999.000,9999.000,9999.000
202606250930,   1.228,9999.000,9999.000,9999.000,9999.000,9999.000,9999.000,9999.000,9999.000
202606250936,   1.237,9999.000,9999.000,9999.000,9999.000,9999.000,9999.000,9999.000,9999.000
202606250942,   1.246,9999.000,9999.000,9999.000,9999.000,9999.000,9999.000,9999.000,9999.000
202606250948,   1.255,9999.000,9999.000,9999.000,9999.000,9999.000,9999.000,9999.000,9999.000
202606250954,   1.262,9999.000,9999.000,9999.000,9999.000,9999.000,9999.000,9999.000,9999.000
202606251000,   1.269,9999.000,  -0.300,  -0.004,   0.965,  -0.400,   0.865,  -0.200,   1.065
202606251006,   1.274,9999.000,9999.000,9999.000,9999.000,9999.000,9999.000,9999.000,9999.000
202606251012,   1.279,9999.000,9999.000,9999.000,9999.000,9999.000,9999.000,9999.000,9999.000
202606251018,   1.283,9999.000,9999.000,9999.000,9999.000,9999.000,9999.000,9999.000,9999.000
202606251024,   1.287,9999.000,9999.000,9999.000,9999.000,9999.000,9999.000,9999.000,9999.000
202606251030,   1.289,9999.000,9999.000,9999.000,9999.000,9999.000,9999.000,9999.000,9999.000
202606251036,   1.291,9999.000,9999.000,9999.000,9999.000,9999.000,9999.000,9999.000,9999.000
202606251042,   1.292,9999.000,9999.000,9999.000,9999.000,9999.000,9999.000,9999.000,9999.000
202606251048,   1.293,9999.000,9999.000,9999.000,9999.000,9999.000,9999.000,9999.000,9999.000
202606251054,   1.292,9999.000,9999.000,9999.000,9999.000,9999.000,9999.000,9999.000,9999.000
202606251100,   1.292,9999.000,  -0.300,  -0.004,   0.988,  -0.400,   0.888,  -0.200,   1.088
202606251106,   1.290,9999.000,9999.000,9999.000,9999.000,9999.000,9999.000,9999.000,9999.000
202606251112,   1.288,9999.000,9999.000,9999.000,9999.000,9999.000,9999.000,9999.000,9999.000
202606251118,   1.285,9999.000,9999.000,9999.000,9999.000,9999.000,9999.000,9999.000,9999.000
202606251124,   1.282,9999.000,9999.000,9999.000,9999.000,9999.000,9999.000,9999.000,9999.000
202606251130,   1.277,9999.000,9999.000,9999.000,9999.000,9999.000,9999.000,9999.000,9999.000
202606251136,   1.273,9999.000,9999.000,9999.000,9999.000,9999.000,9999.000,9999.000,9999.000
202606251142,   1.268,9999.000,9999.000,9999.000,9999.000,9999.000,9999.000,9999.000,9999.000
202606251148,   1.262,9999.000,9999.000,9999.000,9999.000,9999.000,9999.000,9999.000,9999.000
202606251154,   1.255,9999.000,9999.000,9999.000,9999.000,9999.000,9999.000,9999.000,9999.000
202606251200,   1.248,9999.000,  -0.300,  -0.004,   0.944,  -0.400,   0.844,  -0.200,   1.044
