        TIME,    TIDE,      OB,   SURGE,    BIAS,     TWL,SURGE90p,  TWL90p,SURGE10p,   TWL10p
202605171800,  -0.098,   0.209,   0.000,   0.307,   0.209,  -0.100,   0.109,   0.000,   0.209
202605171806,  -0.142,9999.000,9999.000,9999.000,9999.000,9999.000,9999.000,9999.000,9999.000
202605171812,  -0.183,   0.088,9999.000,9999.000,9999.000,9999.000,9999.000,9999.000,9999.000
202605171818,  -0.221,9999.000,9999.000,9999.000,9999.000,9999.000,9999.000,9999.000,9999.000
202605171824,  -0.256,   0.000,9999.000,9999.000,9999.000,9999.000,9999.000,9999.000,9999.000
202605171830,  -0.288,  -0.039,9999.000,9999.000,9999.000,9999.000,9999.000,9999.000,9999.000
202605171836,  -0.316,  -0.078,9999.000,9999.000,9999.000,9999.000,9999.000,9999.000,9999.000
202605171842,  -0.341,  -0.121,9999.000,9999.000,9999.000,9999.000,9999.000,9999.000,9999.000
202605171848,  -0.362,  -0.150,9999.000,9999.000,9999.000,9999.000,9999.000,9999.000,9999.000
202605171854,  -0.379,  -0.190,9999.000,9999.000,9999.000,9999.000,9999.000,9999.000,9999.000
202605171900,  -0.393,  -0.219,   0.000,   0.174,  -0.219,  -0.100,  -0.319,   0.000,  -0.219
202605171906,  -0.402,  -0.249,9999.000,9999.000,9999.000,9999.000,9999.000,9999.000,9999.000
202605171912,  -0.408,  -0.268,9999.000,9999.000,9999.000,9999.000,9999.000,9999.000,9999.000
202605171918,  -0.409,  -0.288,9999.000,9999.000,9999.000,9999.000,9999.000,9999.000,9999.000
202605171924,  -0.407,  -0.288,9999.000,9999.000,9999.000,9999.000,9999.000,9999.000,9999.000
202605171930,  -0.400,  -0.298,9999.000,9999.000,9999.000,9999.000,9999.000,9999.000,9999.000
202605171936,  -0.390,  -0.308,9999.000,9999.000,9999.000,9999.000,9999.000,9999.000,9999.000
202605171942,  -0.375,  -0.331,9999.000,9999.000,9999.000,9999.000,9999.000,9999.000,9999.000
202605171948,  -0.356,  -0.321,9999.000,9999.000,9999.000,9999.000,9999.000,9999.000,9999.000
202605171954,  -0.332,  -0.298,9999.000,9999.000,9999.000,9999.000,9999.000,9999.000,9999.000
202605172000,  -0.305,  -0.268,   0.000,   0.037,  -0.268,  -0.100,  -0.368,   0.000,  -0.268
202605172006,  -0.274,  -0.259,9999.000,9999.000,9999.000,9999.000,9999.000,9999.000,9999.000
202605172012,  -0.238,  -0.200,9999.000,9999.000,9999.000,9999.000,9999.000,9999.000,9999.000
202605172018,  -0.198,  -0.170,9999.000,9999.000,9999.000,9999.000,9999.000,9999.000,9999.000
202605172024,  -0.154,  -0.150,9999.000,9999.000,9999.000,9999.000,9999.000,9999.000,9999.000
202605172030,  -0.107,  -0.111,9999.000,9999.000,9999.000,9999.000,9999.000,9999.000,9999.000
202605172036,  -0.055,  -0.078,9999.000,9999.000,9999.000,9999.000,9999.000,9999.000,9999.000
202605172042,   0.000,  -0.009,9999.000,9999.000,9999.000,9999.000,9999.000,9999.000,9999.000
202605172048,   0.058,   0.780,9999.000,9999.000,9999.000,9999.000,9999.000,9999.000,9999.000
202605172054,   0.121,   0.610,9999.000,9999.000,9999.000,9999.000,9999.000,9999.000,9999.000
202605172100,   0.187,   0.718,   0.000,   0.531,   0.718,  -0.100,   0.618,   0.000,   0.718
202605172106,   0.256,   0.970,9999.000,9999.000,9999.000,9999.000,9999.000,9999.000,9999.000
202605172112,   0.329,   0.321,9999.000,9999.000,9999.000,9999.000,9999.000,9999.000,9999.000
202605172118,   0.404,   0.409,9999.000,9999.000,9999.000,9999.000,9999.000,9999.000,9999.000
202605172124,   0.483,   0.498,9999.000,9999.000,9999.000,9999.000,9999.000,9999.000,9999.000
202605172130,   0.564,   0.541,9999.000,9999.000,9999.000,9999.000,9999.000,9999.000,9999.000
202605172136,   0.647,   0.649,9999.000,9999.000,9999.000,9999.000,9999.000,9999.000,9999.000
202605172142,   0.733,   0.741,9999.000,9999.000,9999.000,9999.000,9999.000,9999.000,9999.000
202605172148,   0.821,   0.800,9999.000,9999.000,9999.000,9999.000,9999.000,9999.000,9999.000
202605172154,   0.910,   0.879,9999.000,9999.000,9999.000,9999.000,9999.000,9999.000,9999.000
202605172200,   1.001,   0.970,   0.000,  -0.031,   0.970,   0.000,   0.970,   0.000,   0.970
202605172206,   1.094,   1.049,9999.000,9999.000,9999.000,9999.000,9999.000,9999.000,9999.000
202605172212,   1.188,   1.118,9999.000,9999.000,9999.000,9999.000,9999.000,9999.000,9999.000
202605172218,   1.282,   1.229,9999.000,9999.000,9999.000,9999.000,9999.000,9999.000,9999.000
202605172224,   1.378,   1.269,9999.000,9999.000,9999.000,9999.000,9999.000,9999.000,9999.000
202605172230,   1.473,   1.348,9999.000,9999.000,9999.000,9999.000,9999.000,9999.000,9999.000
202605172236,   1.569,   1.410,9999.000,9999.000,9999.000,9999.000,9999.000,9999.000,9999.000
202605172242,   1.665,   1.508,9999.000,9999.000,9999.000,9999.000,9999.000,9999.000,9999.000
202605172248,   1.760,   1.580,9999.000,9999.000,9999.000,9999.000,9999.000,9999.000,9999.000
202605172254,   1.855,   1.669,9999.000,9999.000,9999.000,9999.000,9999.000,9999.000,9999.000
202605172300,   1.949,   1.728,   0.000,  -0.221,   1.728,   0.000,   1.728,   0.000,   1.728
202605172306,   2.042,   1.830,9999.000,9999.000,9999.000,9999.000,9999.000,9999.000,9999.000
202605172312,   2.133,   1.889,9999.000,9999.000,9999.000,9999.000,9999.000,9999.000,9999.000
202605172318,   2.223,   1.990,9999.000,9999.000,9999.000,9999.000,9999.000,9999.000,9999.000
202605172324,   2.311,   2.020,9999.000,9999.000,9999.000,9999.000,9999.000,9999.000,9999.000
202605172330,   2.397,   2.148,9999.000,9999.000,9999.000,9999.000,9999.000,9999.000,9999.000
202605172336,   2.480,   2.200,9999.000,9999.000,9999.000,9999.000,9999.000,9999.000,9999.000
202605172342,   2.561,   2.299,9999.000,9999.000,9999.000,9999.000,9999.000,9999.000,9999.000
202605172348,   2.640,9999.000,9999.000,9999.000,9999.000,9999.000,9999.000,9999.000,9999.000
202605172354,   2.715,   2.410,9999.000,9999.000,9999.000,9999.000,9999.000,9999.000,9999.000
202605180000,   2.787,   2.469,  -0.100,  -0.218,   2.469,  -0.100,   2.469,  -0.100,   2.469
202605180006,   2.856,   2.538,9999.000,9999.000,9999.000,9999.000,9999.000,9999.000,9999.000
202605180012,   2.921,   2.587,9999.000,9999.000,9999.000,9999.000,9999.000,9999.000,9999.000
202605180018,   2.983,   2.650,9999.000,9999.000,9999.000,9999.000,9999.000,9999.000,9999.000
202605180024,   3.040,   2.719,9999.000,9999.000,9999.000,9999.000,9999.000,9999.000,9999.000
202605180030,   3.094,   2.758,9999.000,9999.000,9999.000,9999.000,9999.000,9999.000,9999.000
202605180036,   3.144,   2.820,9999.000,9999.000,9999.000,9999.000,9999.000,9999.000,9999.000
202605180042,   3.189,   2.860,9999.000,9999.000,9999.000,9999.000,9999.000,9999.000,9999.000
202605180048,   3.230,   2.919,9999.000,9999.000,9999.000,9999.000,9999.000,9999.000,9999.000
202605180054,   3.267,   2.948,9999.000,9999.000,9999.000,9999.000,9999.000,9999.000,9999.000
202605180100,   3.299,   2.997,  -0.100,  -0.202,   2.997,  -0.100,   2.997,  -0.100,   2.997
202605180106,   3.326,   3.040,9999.000,9999.000,9999.000,9999.000,9999.000,9999.000,9999.000
202605180112,   3.349,   3.079,9999.000,9999.000,9999.000,9999.000,9999.000,9999.000,9999.000
202605180118,   3.368,   3.099,9999.000,9999.000,9999.000,9999.000,9999.000,9999.000,9999.000
202605180124,   3.381,   3.148,9999.000,9999.000,9999.000,9999.000,9999.000,9999.000,9999.000
202605180130,   3.390,   3.188,9999.000,9999.000,9999.000,9999.000,9999.000,9999.000,9999.000
202605180136,   3.394,   3.207,9999.000,9999.000,9999.000,9999.000,9999.000,9999.000,9999.000
202605180142,   3.394,   3.197,9999.000,9999.000,9999.000,9999.000,9999.000,9999.000,9999.000
202605180148,   3.389,   3.260,9999.000,9999.000,9999.000,9999.000,9999.000,9999.000,9999.000
202605180154,   3.379,   3.279,9999.000,9999.000,9999.000,9999.000,9999.000,9999.000,9999.000
202605180200,   3.365,   3.270,  -0.100,   0.005,   3.270,  -0.200,   3.170,  -0.100,   3.270
202605180206,   3.347,   3.279,9999.000,9999.000,9999.000,9999.000,9999.000,9999.000,9999.000
202605180212,   3.324,   3.289,9999.000,9999.000,9999.000,9999.000,9999.000,9999.000,9999.000
202605180218,   3.296,   3.289,9999.000,9999.000,9999.000,9999.000,9999.000,9999.000,9999.000
202605180224,   3.265,   3.299,9999.000,9999.000,9999.000,9999.000,9999.000,9999.000,9999.000
202605180230,   3.229,   3.289,9999.000,9999.000,9999.000,9999.000,9999.000,9999.000,9999.000
202605180236,   3.189,   3.289,9999.000,9999.000,9999.000,9999.000,9999.000,9999.000,9999.000
202605180242,   3.146,   3.270,9999.000,9999.000,9999.000,9999.000,9999.000,9999.000,9999.000
202605180248,   3.099,   3.260,9999.000,9999.000,9999.000,9999.000,9999.000,9999.000,9999.000
202605180254,   3.048,   3.230,9999.000,9999.000,9999.000,9999.000,9999.000,9999.000,9999.000
202605180300,   2.993,   3.230,  -0.100,   0.337,   3.230,  -0.200,   3.130,  -0.100,   3.230
202605180306,   2.936,   3.197,9999.000,9999.000,9999.000,9999.000,9999.000,9999.000,9999.000
202605180312,   2.875,   3.158,9999.000,9999.000,9999.000,9999.000,9999.000,9999.000,9999.000
202605180318,   2.811,   3.099,9999.000,9999.000,9999.000,9999.000,9999.000,9999.000,9999.000
202605180324,   2.745,   3.030,9999.000,9999.000,9999.000,9999.000,9999.000,9999.000,9999.000
202605180330,   2.675,   2.978,9999.000,9999.000,9999.000,9999.000,9999.000,9999.000,9999.000
202605180336,   2.604,   2.919,9999.000,9999.000,9999.000,9999.000,9999.000,9999.000,9999.000
202605180342,   2.530,   2.860,9999.000,9999.000,9999.000,9999.000,9999.000,9999.000,9999.000
202605180348,   2.454,   2.787,9999.000,9999.000,9999.000,9999.000,9999.000,9999.000,9999.000
202605180354,   2.376,   2.709,9999.000,9999.000,9999.000,9999.000,9999.000,9999.000,9999.000
202605180400,   2.296,   2.650,  -0.200,   0.554,   2.650,  -0.300,   2.550,  -0.100,   2.750
202605180406,   2.214,   2.610,9999.000,9999.000,9999.000,9999.000,9999.000,9999.000,9999.000
202605180412,   2.131,   2.548,9999.000,9999.000,9999.000,9999.000,9999.000,9999.000,9999.000
202605180418,   2.047,   2.479,9999.000,9999.000,9999.000,9999.000,9999.000,9999.000,9999.000
202605180424,   1.962,   2.430,9999.000,9999.000,9999.000,9999.000,9999.000,9999.000,9999.000
202605180430,   1.876,   2.358,9999.000,9999.000,9999.000,9999.000,9999.000,9999.000,9999.000
202605180436,   1.790,   2.269,9999.000,9999.000,9999.000,9999.000,9999.000,9999.000,9999.000
202605180442,   1.703,   2.210,9999.000,9999.000,9999.000,9999.000,9999.000,9999.000,9999.000
202605180448,   1.615,   2.128,9999.000,9999.000,9999.000,9999.000,9999.000,9999.000,9999.000
202605180454,   1.528,   2.069,9999.000,9999.000,9999.000,9999.000,9999.000,9999.000,9999.000
202605180500,   1.441,   1.990,  -0.200,   0.749,   1.990,  -0.300,   1.890,  -0.100,   2.090
202605180506,   1.353,   1.908,9999.000,9999.000,9999.000,9999.000,9999.000,9999.000,9999.000
202605180512,   1.267,   1.830,9999.000,9999.000,9999.000,9999.000,9999.000,9999.000,9999.000
202605180518,   1.181,   1.758,9999.000,9999.000,9999.000,9999.000,9999.000,9999.000,9999.000
202605180524,   1.095,   1.699,9999.000,9999.000,9999.000,9999.000,9999.000,9999.000,9999.000
202605180530,   1.011,   1.610,9999.000,9999.000,9999.000,9999.000,9999.000,9999.000,9999.000
202605180536,   0.927,   1.528,9999.000,9999.000,9999.000,9999.000,9999.000,9999.000,9999.000
202605180542,   0.845,   1.449,9999.000,9999.000,9999.000,9999.000,9999.000,9999.000,9999.000
202605180548,   0.765,   1.371,9999.000,9999.000,9999.000,9999.000,9999.000,9999.000,9999.000
202605180554,   0.686,   1.308,9999.000,9999.000,9999.000,9999.000,9999.000,9999.000,9999.000
202605180600,   0.609,   1.229,  -0.200,   0.820,   1.229,  -0.300,   1.129,  -0.200,   1.229
202605180606,   0.533,   1.161,9999.000,9999.000,9999.000,9999.000,9999.000,9999.000,9999.000
202605180612,   0.460,   1.088,9999.000,9999.000,9999.000,9999.000,9999.000,9999.000,9999.000
202605180618,   0.389,   1.029,9999.000,9999.000,9999.000,9999.000,9999.000,9999.000,9999.000
202605180624,   0.321,   0.970,9999.000,9999.000,9999.000,9999.000,9999.000,9999.000,9999.000
202605180630,   0.254,   0.888,9999.000,9999.000,9999.000,9999.000,9999.000,9999.000,9999.000
202605180636,   0.191,   0.839,9999.000,9999.000,9999.000,9999.000,9999.000,9999.000,9999.000
202605180642,   0.130,   0.770,9999.000,9999.000,9999.000,9999.000,9999.000,9999.000,9999.000
202605180648,   0.072,   0.698,9999.000,9999.000,9999.000,9999.000,9999.000,9999.000,9999.000
202605180654,   0.018,   0.649,9999.000,9999.000,9999.000,9999.000,9999.000,9999.000,9999.000
202605180700,  -0.033,   0.590,  -0.200,   0.823,   0.590,  -0.300,   0.490,  -0.200,   0.590
202605180706,  -0.081,   0.531,9999.000,9999.000,9999.000,9999.000,9999.000,9999.000,9999.000
202605180712,  -0.126,   0.469,9999.000,9999.000,9999.000,9999.000,9999.000,9999.000,9999.000
202605180718,  -0.168,   0.429,9999.000,9999.000,9999.000,9999.000,9999.000,9999.000,9999.000
202605180724,  -0.206,   0.380,9999.000,9999.000,9999.000,9999.000,9999.000,9999.000,9999.000
202605180730,  -0.240,   0.331,9999.000,9999.000,9999.000,9999.000,9999.000,9999.000,9999.000
202605180736,  -0.271,   0.278,9999.000,9999.000,9999.000,9999.000,9999.000,9999.000,9999.000
202605180742,  -0.298,   0.229,9999.000,9999.000,9999.000,9999.000,9999.000,9999.000,9999.000
202605180748,  -0.321,   0.190,9999.000,9999.000,9999.000,9999.000,9999.000,9999.000,9999.000
202605180754,  -0.340,   0.160,9999.000,9999.000,9999.000,9999.000,9999.000,9999.000,9999.000
202605180800,  -0.355,   0.121,  -0.200,   0.676,   0.121,  -0.300,   0.021,  -0.200,   0.121
202605180806,  -0.366,   0.088,9999.000,9999.000,9999.000,9999.000,9999.000,9999.000,9999.000
202605180812,  -0.373,   0.068,9999.000,9999.000,9999.000,9999.000,9999.000,9999.000,9999.000
202605180818,  -0.376,   0.039,9999.000,9999.000,9999.000,9999.000,9999.000,9999.000,9999.000
202605180824,  -0.374,   0.000,9999.000,9999.000,9999.000,9999.000,9999.000,9999.000,9999.000
202605180830,  -0.369,   0.000,9999.000,9999.000,9999.000,9999.000,9999.000,9999.000,9999.000
202605180836,  -0.360,   0.000,9999.000,9999.000,9999.000,9999.000,9999.000,9999.000,9999.000
202605180842,  -0.347,  -0.009,9999.000,9999.000,9999.000,9999.000,9999.000,9999.000,9999.000
202605180848,  -0.329,  -0.009,9999.000,9999.000,9999.000,9999.000,9999.000,9999.000,9999.000
202605180854,  -0.308,  -0.009,9999.000,9999.000,9999.000,9999.000,9999.000,9999.000,9999.000
202605180900,  -0.283,  -0.029,  -0.300,   0.554,  -0.029,  -0.300,  -0.029,  -0.200,   0.071
202605180906,  -0.254,  -0.009,9999.000,9999.000,9999.000,9999.000,9999.000,9999.000,9999.000
202605180912,  -0.221,  -0.019,9999.000,9999.000,9999.000,9999.000,9999.000,9999.000,9999.000
202605180918,  -0.185,   0.000,9999.000,9999.000,9999.000,9999.000,9999.000,9999.000,9999.000
202605180924,  -0.145,   0.009,9999.000,9999.000,9999.000,9999.000,9999.000,9999.000,9999.000
202605180930,  -0.101,   0.039,9999.000,9999.000,9999.000,9999.000,9999.000,9999.000,9999.000
202605180936,  -0.055,   0.039,9999.000,9999.000,9999.000,9999.000,9999.000,9999.000,9999.000
202605180942,  -0.005,   0.068,9999.000,9999.000,9999.000,9999.000,9999.000,9999.000,9999.000
202605180948,   0.047,   0.121,9999.000,9999.000,9999.000,9999.000,9999.000,9999.000,9999.000
202605180954,   0.103,   0.150,9999.000,9999.000,9999.000,9999.000,9999.000,9999.000,9999.000
202605181000,   0.162,   0.200,  -0.300,   0.338,   0.200,  -0.300,   0.200,  -0.200,   0.300
202605181006,   0.223,   0.219,9999.000,9999.000,9999.000,9999.000,9999.000,9999.000,9999.000
202605181012,   0.286,   0.278,9999.000,9999.000,9999.000,9999.000,9999.000,9999.000,9999.000
202605181018,   0.352,   0.341,9999.000,9999.000,9999.000,9999.000,9999.000,9999.000,9999.000
202605181024,   0.420,   0.390,9999.000,9999.000,9999.000,9999.000,9999.000,9999.000,9999.000
202605181030,   0.489,   0.439,9999.000,9999.000,9999.000,9999.000,9999.000,9999.000,9999.000
202605181036,   0.560,   0.508,9999.000,9999.000,9999.000,9999.000,9999.000,9999.000,9999.000
202605181042,   0.632,   0.551,9999.000,9999.000,9999.000,9999.000,9999.000,9999.000,9999.000
202605181048,   0.706,   0.639,9999.000,9999.000,9999.000,9999.000,9999.000,9999.000,9999.000
202605181054,   0.780,   0.708,9999.000,9999.000,9999.000,9999.000,9999.000,9999.000,9999.000
202605181100,   0.855,   0.780,  -0.300,   0.225,   0.780,  -0.300,   0.780,  -0.200,   0.880
202605181106,   0.930,   0.849,9999.000,9999.000,9999.000,9999.000,9999.000,9999.000,9999.000
202605181112,   1.006,   0.908,9999.000,9999.000,9999.000,9999.000,9999.000,9999.000,9999.000
202605181118,   1.081,   0.951,9999.000,9999.000,9999.000,9999.000,9999.000,9999.000,9999.000
202605181124,   1.156,   1.000,9999.000,9999.000,9999.000,9999.000,9999.000,9999.000,9999.000
202605181130,   1.231,   1.069,9999.000,9999.000,9999.000,9999.000,9999.000,9999.000,9999.000
202605181136,   1.304,   1.138,9999.000,9999.000,9999.000,9999.000,9999.000,9999.000,9999.000
202605181142,   1.377,   1.190,9999.000,9999.000,9999.000,9999.000,9999.000,9999.000,9999.000
202605181148,   1.449,   1.279,9999.000,9999.000,9999.000,9999.000,9999.000,9999.000,9999.000
202605181154,   1.519,   1.328,9999.000,9999.000,9999.000,9999.000,9999.000,9999.000,9999.000
202605181200,   1.587,   1.390,  -0.200,   0.003,   1.390,  -0.200,   1.390,  -0.100,   1.490
202605181206,   1.653,   1.459,9999.000,9999.000,9999.000,9999.000,9999.000,9999.000,9999.000
202605181212,   1.718,   1.518,9999.000,9999.000,9999.000,9999.000,9999.000,9999.000,9999.000
202605181218,   1.780,   1.548,9999.000,9999.000,9999.000,9999.000,9999.000,9999.000,9999.000
202605181224,   1.840,   1.620,9999.000,9999.000,9999.000,9999.000,9999.000,9999.000,9999.000
202605181230,   1.896,   1.669,9999.000,9999.000,9999.000,9999.000,9999.000,9999.000,9999.000
202605181236,   1.951,   1.708,9999.000,9999.000,9999.000,9999.000,9999.000,9999.000,9999.000
202605181242,   2.002,   1.748,9999.000,9999.000,9999.000,9999.000,9999.000,9999.000,9999.000
202605181248,   2.050,   1.790,9999.000,9999.000,9999.000,9999.000,9999.000,9999.000,9999.000
202605181254,   2.094,   1.830,9999.000,9999.000,9999.000,9999.000,9999.000,9999.000,9999.000
202605181300,   2.136,   1.889,  -0.200,  -0.047,   1.889,  -0.200,   1.889,  -0.100,   1.989
202605181306,   2.174,   1.908,9999.000,9999.000,9999.000,9999.000,9999.000,9999.000,9999.000
202605181312,   2.208,   1.958,9999.000,9999.000,9999.000,9999.000,9999.000,9999.000,9999.000
202605181318,   2.238,   2.010,9999.000,9999.000,9999.000,9999.000,9999.000,9999.000,9999.000
202605181324,   2.265,   2.040,9999.000,9999.000,9999.000,9999.000,9999.000,9999.000,9999.000
202605181330,   2.288,   2.089,9999.000,9999.000,9999.000,9999.000,9999.000,9999.000,9999.000
202605181336,   2.307,   2.099,9999.000,9999.000,9999.000,9999.000,9999.000,9999.000,9999.000
202605181342,   2.322,   2.118,9999.000,9999.000,9999.000,9999.000,9999.000,9999.000,9999.000
202605181348,   2.334,   2.148,9999.000,9999.000,9999.000,9999.000,9999.000,9999.000,9999.000
202605181354,   2.341,   2.168,9999.000,9999.000,9999.000,9999.000,9999.000,9999.000,9999.000
202605181400,   2.344,   2.177,  -0.200,   0.033,   2.177,  -0.200,   2.177,  -0.100,   2.277
202605181406,   2.344,   2.191,9999.000,9999.000,9999.000,9999.000,9999.000,9999.000,9999.000
202605181412,   2.339,   2.210,9999.000,9999.000,9999.000,9999.000,9999.000,9999.000,9999.000
202605181418,   2.331,   2.220,9999.000,9999.000,9999.000,9999.000,9999.000,9999.000,9999.000
202605181424,   2.319,   2.220,9999.000,9999.000,9999.000,9999.000,9999.000,9999.000,9999.000
202605181430,   2.303,   2.230,9999.000,9999.000,9999.000,9999.000,9999.000,9999.000,9999.000
202605181436,   2.284,   2.230,9999.000,9999.000,9999.000,9999.000,9999.000,9999.000,9999.000
202605181442,   2.261,   2.230,9999.000,9999.000,9999.000,9999.000,9999.000,9999.000,9999.000
202605181448,   2.234,   2.210,9999.000,9999.000,9999.000,9999.000,9999.000,9999.000,9999.000
202605181454,   2.204,   2.220,9999.000,9999.000,9999.000,9999.000,9999.000,9999.000,9999.000
202605181500,   2.171,   2.220,  -0.200,   0.249,   2.220,  -0.200,   2.220,  -0.100,   2.320
202605181506,   2.135,   2.191,9999.000,9999.000,9999.000,9999.000,9999.000,9999.000,9999.000
202605181512,   2.095,   2.168,9999.000,9999.000,9999.000,9999.000,9999.000,9999.000,9999.000
202605181518,   2.053,   2.158,9999.000,9999.000,9999.000,9999.000,9999.000,9999.000,9999.000
202605181524,   2.008,   2.128,9999.000,9999.000,9999.000,9999.000,9999.000,9999.000,9999.000
202605181530,   1.961,   2.089,9999.000,9999.000,9999.000,9999.000,9999.000,9999.000,9999.000
202605181536,   1.911,   2.079,9999.000,9999.000,9999.000,9999.000,9999.000,9999.000,9999.000
202605181542,   1.858,   2.040,9999.000,9999.000,9999.000,9999.000,9999.000,9999.000,9999.000
202605181548,   1.804,   2.000,9999.000,9999.000,9999.000,9999.000,9999.000,9999.000,9999.000
202605181554,   1.747,   1.928,9999.000,9999.000,9999.000,9999.000,9999.000,9999.000,9999.000
202605181600,   1.689,   1.879,  -0.200,   0.390,   1.879,  -0.200,   1.879,  -0.100,   1.979
202605181606,   1.629,   1.830,9999.000,9999.000,9999.000,9999.000,9999.000,9999.000,9999.000
202605181612,   1.568,   1.790,9999.000,9999.000,9999.000,9999.000,9999.000,9999.000,9999.000
202605181618,   1.505,   1.748,9999.000,9999.000,9999.000,9999.000,9999.000,9999.000,9999.000
202605181624,   1.441,   1.689,9999.000,9999.000,9999.000,9999.000,9999.000,9999.000,9999.000
202605181630,   1.377,   1.639,9999.000,9999.000,9999.000,9999.000,9999.000,9999.000,9999.000
202605181636,   1.311,   1.580,9999.000,9999.000,9999.000,9999.000,9999.000,9999.000,9999.000
202605181642,   1.245,   1.528,9999.000,9999.000,9999.000,9999.000,9999.000,9999.000,9999.000
202605181648,   1.178,   1.489,9999.000,9999.000,9999.000,9999.000,9999.000,9999.000,9999.000
202605181654,   1.111,   1.430,9999.000,9999.000,9999.000,9999.000,9999.000,9999.000,9999.000
202605181700,   1.044,   1.371,  -0.100,   0.427,   1.371,  -0.200,   1.271,  -0.100,   1.371
202605181706,   0.977,   1.318,9999.000,9999.000,9999.000,9999.000,9999.000,9999.000,9999.000
202605181712,   0.910,   1.249,9999.000,9999.000,9999.000,9999.000,9999.000,9999.000,9999.000
202605181718,   0.843,   1.200,9999.000,9999.000,9999.000,9999.000,9999.000,9999.000,9999.000
202605181724,   0.777,   1.118,9999.000,9999.000,9999.000,9999.000,9999.000,9999.000,9999.000
202605181730,   0.712,   1.069,9999.000,9999.000,9999.000,9999.000,9999.000,9999.000,9999.000
202605181736,   0.648,   1.010,9999.000,9999.000,9999.000,9999.000,9999.000,9999.000,9999.000
202605181742,   0.584,   0.928,9999.000,9999.000,9999.000,9999.000,9999.000,9999.000,9999.000
202605181748,   0.522,   0.888,9999.000,9999.000,9999.000,9999.000,9999.000,9999.000,9999.000
202605181754,   0.461,   0.829,9999.000,9999.000,9999.000,9999.000,9999.000,9999.000,9999.000
202605181800,   0.401,   0.770,  -0.100,   0.469,   0.770,  -0.100,   0.770,   0.000,   0.870
202605181806,   0.343,   0.688,9999.000,9999.000,9999.000,9999.000,9999.000,9999.000,9999.000
202605181812,   0.287,   0.619,9999.000,9999.000,9999.000,9999.000,9999.000,9999.000,9999.000
202605181818,   0.233,   0.560,9999.000,9999.000,9999.000,9999.000,9999.000,9999.000,9999.000
202605181824,   0.180,   0.498,9999.000,9999.000,9999.000,9999.000,9999.000,9999.000,9999.000
202605181830,   0.130,   0.449,9999.000,9999.000,9999.000,9999.000,9999.000,9999.000,9999.000
202605181836,   0.082,   0.400,9999.000,9999.000,9999.000,9999.000,9999.000,9999.000,9999.000
202605181842,   0.036,   0.350,9999.000,9999.000,9999.000,9999.000,9999.000,9999.000,9999.000
202605181848,  -0.006,   0.288,9999.000,9999.000,9999.000,9999.000,9999.000,9999.000,9999.000
202605181854,  -0.046,   0.229,9999.000,9999.000,9999.000,9999.000,9999.000,9999.000,9999.000
202605181900,  -0.084,   0.190,  -0.100,   0.374,   0.190,  -0.100,   0.190,   0.000,   0.290
202605181906,  -0.119,   0.131,9999.000,9999.000,9999.000,9999.000,9999.000,9999.000,9999.000
202605181912,  -0.151,   0.068,9999.000,9999.000,9999.000,9999.000,9999.000,9999.000,9999.000
202605181918,  -0.180,   0.029,9999.000,9999.000,9999.000,9999.000,9999.000,9999.000,9999.000
202605181924,  -0.206,  -0.009,9999.000,9999.000,9999.000,9999.000,9999.000,9999.000,9999.000
202605181930,  -0.228,  -0.049,9999.000,9999.000,9999.000,9999.000,9999.000,9999.000,9999.000
202605181936,  -0.247,  -0.111,9999.000,9999.000,9999.000,9999.000,9999.000,9999.000,9999.000
202605181942,  -0.263,  -0.121,9999.000,9999.000,9999.000,9999.000,9999.000,9999.000,9999.000
202605181948,  -0.276,  -0.180,9999.000,9999.000,9999.000,9999.000,9999.000,9999.000,9999.000
202605181954,  -0.285,  -0.200,9999.000,9999.000,9999.000,9999.000,9999.000,9999.000,9999.000
202605182000,  -0.290,  -0.209,  -0.100,   0.181,  -0.209,  -0.100,  -0.209,   0.000,  -0.109
202605182006,  -0.291,  -0.239,9999.000,9999.000,9999.000,9999.000,9999.000,9999.000,9999.000
202605182012,  -0.289,  -0.249,9999.000,9999.000,9999.000,9999.000,9999.000,9999.000,9999.000
202605182018,  -0.283,  -0.268,9999.000,9999.000,9999.000,9999.000,9999.000,9999.000,9999.000
202605182024,  -0.274,  -0.268,9999.000,9999.000,9999.000,9999.000,9999.000,9999.000,9999.000
202605182030,  -0.260,  -0.278,9999.000,9999.000,9999.000,9999.000,9999.000,9999.000,9999.000
202605182036,  -0.243,  -0.259,9999.000,9999.000,9999.000,9999.000,9999.000,9999.000,9999.000
202605182042,  -0.222,  -0.239,9999.000,9999.000,9999.000,9999.000,9999.000,9999.000,9999.000
202605182048,  -0.197,  -0.259,9999.000,9999.000,9999.000,9999.000,9999.000,9999.000,9999.000
202605182054,  -0.168,  -0.229,9999.000,9999.000,9999.000,9999.000,9999.000,9999.000,9999.000
202605182100,  -0.136,  -0.219,  -0.100,   0.017,  -0.219,  -0.100,  -0.219,  -0.100,  -0.219
202605182106,  -0.100,  -0.200,9999.000,9999.000,9999.000,9999.000,9999.000,9999.000,9999.000
202605182112,  -0.060,  -0.160,9999.000,9999.000,9999.000,9999.000,9999.000,9999.000,9999.000
202605182118,  -0.016,  -0.131,9999.000,9999.000,9999.000,9999.000,9999.000,9999.000,9999.000
202605182124,   0.030,  -0.088,9999.000,9999.000,9999.000,9999.000,9999.000,9999.000,9999.000
202605182130,   0.081,  -0.068,9999.000,9999.000,9999.000,9999.000,9999.000,9999.000,9999.000
202605182136,   0.135,   0.000,9999.000,9999.000,9999.000,9999.000,9999.000,9999.000,9999.000
202605182142,   0.192,   0.039,9999.000,9999.000,9999.000,9999.000,9999.000,9999.000,9999.000
202605182148,   0.253,   0.098,9999.000,9999.000,9999.000,9999.000,9999.000,9999.000,9999.000
202605182154,   0.317,   0.141,9999.000,9999.000,9999.000,9999.000,9999.000,9999.000,9999.000
202605182200,   0.383,   0.229,  -0.100,  -0.054,   0.229,  -0.200,   0.129,  -0.100,   0.229
202605182206,   0.453,   0.268,9999.000,9999.000,9999.000,9999.000,9999.000,9999.000,9999.000
202605182212,   0.525,   0.331,9999.000,9999.000,9999.000,9999.000,9999.000,9999.000,9999.000
202605182218,   0.600,   0.409,9999.000,9999.000,9999.000,9999.000,9999.000,9999.000,9999.000
202605182224,   0.677,   0.488,9999.000,9999.000,9999.000,9999.000,9999.000,9999.000,9999.000
202605182230,   0.756,   0.580,9999.000,9999.000,9999.000,9999.000,9999.000,9999.000,9999.000
202605182236,   0.838,   0.639,9999.000,9999.000,9999.000,9999.000,9999.000,9999.000,9999.000
202605182242,   0.921,   0.731,9999.000,9999.000,9999.000,9999.000,9999.000,9999.000,9999.000
202605182248,   1.005,   0.800,9999.000,9999.000,9999.000,9999.000,9999.000,9999.000,9999.000
202605182254,   1.091,   0.849,9999.000,9999.000,9999.000,9999.000,9999.000,9999.000,9999.000
202605182300,   1.179,   0.941,  -0.100,  -0.138,   0.941,  -0.200,   0.841,  -0.100,   0.941
202605182306,   1.267,   1.029,9999.000,9999.000,9999.000,9999.000,9999.000,9999.000,9999.000
202605182312,   1.356,   1.108,9999.000,9999.000,9999.000,9999.000,9999.000,9999.000,9999.000
202605182318,   1.445,   1.170,9999.000,9999.000,9999.000,9999.000,9999.000,9999.000,9999.000
202605182324,   1.535,   1.249,9999.000,9999.000,9999.000,9999.000,9999.000,9999.000,9999.000
202605182330,   1.624,   1.318,9999.000,9999.000,9999.000,9999.000,9999.000,9999.000,9999.000
202605182336,   1.714,   1.380,9999.000,9999.000,9999.000,9999.000,9999.000,9999.000,9999.000
202605182342,   1.803,   1.449,9999.000,9999.000,9999.000,9999.000,9999.000,9999.000,9999.000
202605182348,   1.891,   1.528,9999.000,9999.000,9999.000,9999.000,9999.000,9999.000,9999.000
202605182354,   1.978,   1.600,9999.000,9999.000,9999.000,9999.000,9999.000,9999.000,9999.000
202605190000,   2.064,   1.679,  -0.100,  -0.285,   1.679,  -0.200,   1.579,  -0.100,   1.679
202605190006,   2.149,9999.000,9999.000,9999.000,9999.000,9999.000,9999.000,9999.000,9999.000
202605190012,   2.232,   1.820,9999.000,9999.000,9999.000,9999.000,9999.000,9999.000,9999.000
202605190018,   2.313,   1.889,9999.000,9999.000,9999.000,9999.000,9999.000,9999.000,9999.000
202605190024,   2.393,   1.967,9999.000,9999.000,9999.000,9999.000,9999.000,9999.000,9999.000
202605190030,   2.469,   2.049,9999.000,9999.000,9999.000,9999.000,9999.000,9999.000,9999.000
202605190036,   2.544,   2.099,9999.000,9999.000,9999.000,9999.000,9999.000,9999.000,9999.000
202605190042,   2.615,   2.168,9999.000,9999.000,9999.000,9999.000,9999.000,9999.000,9999.000
202605190048,   2.684,   2.230,9999.000,9999.000,9999.000,9999.000,9999.000,9999.000,9999.000
202605190054,   2.749,   2.289,9999.000,9999.000,9999.000,9999.000,9999.000,9999.000,9999.000
202605190100,   2.811,   2.348,  -0.200,  -0.263,   2.348,  -0.200,   2.348,  -0.100,   2.448
202605190106,   2.870,   2.430,9999.000,9999.000,9999.000,9999.000,9999.000,9999.000,9999.000
202605190112,   2.926,   2.489,9999.000,9999.000,9999.000,9999.000,9999.000,9999.000,9999.000
202605190118,   2.977,   2.548,9999.000,9999.000,9999.000,9999.000,9999.000,9999.000,9999.000
202605190124,   3.025,   2.587,9999.000,9999.000,9999.000,9999.000,9999.000,9999.000,9999.000
202605190130,   3.068,   2.640,9999.000,9999.000,9999.000,9999.000,9999.000,9999.000,9999.000
202605190136,   3.108,   2.679,9999.000,9999.000,9999.000,9999.000,9999.000,9999.000,9999.000
202605190142,   3.143,   2.719,9999.000,9999.000,9999.000,9999.000,9999.000,9999.000,9999.000
202605190148,   3.174,   2.748,9999.000,9999.000,9999.000,9999.000,9999.000,9999.000,9999.000
202605190154,   3.201,   2.778,9999.000,9999.000,9999.000,9999.000,9999.000,9999.000,9999.000
202605190200,   3.224,   2.820,  -0.200,  -0.204,   2.820,  -0.200,   2.820,  -0.100,   2.920
202605190206,   3.242,   2.840,9999.000,9999.000,9999.000,9999.000,9999.000,9999.000,9999.000
202605190212,   3.256,   2.909,9999.000,9999.000,9999.000,9999.000,9999.000,9999.000,9999.000
202605190218,   3.265,   2.909,9999.000,9999.000,9999.000,9999.000,9999.000,9999.000,9999.000
202605190224,   3.270,   2.938,9999.000,9999.000,9999.000,9999.000,9999.000,9999.000,9999.000
202605190230,   3.270,   2.958,9999.000,9999.000,9999.000,9999.000,9999.000,9999.000,9999.000
202605190236,   3.266,   2.968,9999.000,9999.000,9999.000,9999.000,9999.000,9999.000,9999.000
202605190242,   3.258,   2.988,9999.000,9999.000,9999.000,9999.000,9999.000,9999.000,9999.000
202605190248,   3.245,   3.017,9999.000,9999.000,9999.000,9999.000,9999.000,9999.000,9999.000
202605190254,   3.228,   3.030,9999.000,9999.000,9999.000,9999.000,9999.000,9999.000,9999.000
202605190300,   3.207,   3.040,  -0.200,   0.033,   3.040,  -0.300,   2.940,  -0.100,   3.140
202605190306,   3.182,   3.030,9999.000,9999.000,9999.000,9999.000,9999.000,9999.000,9999.000
202605190312,   3.153,   3.040,9999.000,9999.000,9999.000,9999.000,9999.000,9999.000,9999.000
202605190318,   3.120,   3.040,9999.000,9999.000,9999.000,9999.000,9999.000,9999.000,9999.000
202605190324,   3.084,   3.040,9999.000,9999.000,9999.000,9999.000,9999.000,9999.000,9999.000
202605190330,   3.043,   3.050,9999.000,9999.000,9999.000,9999.000,9999.000,9999.000,9999.000
202605190336,   2.999,   3.040,9999.000,9999.000,9999.000,9999.000,9999.000,9999.000,9999.000
202605190342,   2.952,   3.007,9999.000,9999.000,9999.000,9999.000,9999.000,9999.000,9999.000
202605190348,   2.902,   2.997,9999.000,9999.000,9999.000,9999.000,9999.000,9999.000,9999.000
202605190354,   2.848,   2.988,9999.000,9999.000,9999.000,9999.000,9999.000,9999.000,9999.000
202605190400,   2.792,   2.988,  -0.300,   0.496,   2.988,  -0.300,   2.988,  -0.200,   3.088
202605190406,   2.732,   2.929,9999.000,9999.000,9999.000,9999.000,9999.000,9999.000,9999.000
202605190412,   2.670,   2.899,9999.000,9999.000,9999.000,9999.000,9999.000,9999.000,9999.000
202605190418,   2.606,   2.830,9999.000,9999.000,9999.000,9999.000,9999.000,9999.000,9999.000
202605190424,   2.539,   2.778,9999.000,9999.000,9999.000,9999.000,9999.000,9999.000,9999.000
202605190430,   2.470,   2.709,9999.000,9999.000,9999.000,9999.000,9999.000,9999.000,9999.000
202605190436,   2.400,   2.640,9999.000,9999.000,9999.000,9999.000,9999.000,9999.000,9999.000
202605190442,   2.327,   2.558,9999.000,9999.000,9999.000,9999.000,9999.000,9999.000,9999.000
202605190448,   2.253,9999.000,9999.000,9999.000,9999.000,9999.000,9999.000,9999.000,9999.000
202605190454,   2.177,   2.430,9999.000,9999.000,9999.000,9999.000,9999.000,9999.000,9999.000
202605190500,   2.100,   2.387,  -0.300,   0.587,   2.387,  -0.400,   2.287,  -0.200,   2.487
202605190506,   2.022,9999.000,9999.000,9999.000,9999.000,9999.000,9999.000,9999.000,9999.000
202605190512,   1.944,   2.269,9999.000,9999.000,9999.000,9999.000,9999.000,9999.000,9999.000
202605190518,   1.864,   2.220,9999.000,9999.000,9999.000,9999.000,9999.000,9999.000,9999.000
202605190524,   1.784,   2.138,9999.000,9999.000,9999.000,9999.000,9999.000,9999.000,9999.000
202605190530,   1.703,   2.069,9999.000,9999.000,9999.000,9999.000,9999.000,9999.000,9999.000
202605190536,   1.622,   2.000,9999.000,9999.000,9999.000,9999.000,9999.000,9999.000,9999.000
202605190542,   1.541,   1.938,9999.000,9999.000,9999.000,9999.000,9999.000,9999.000,9999.000
202605190548,   1.461,   1.869,9999.000,9999.000,9999.000,9999.000,9999.000,9999.000,9999.000
202605190554,   1.380,   1.781,9999.000,9999.000,9999.000,9999.000,9999.000,9999.000,9999.000
202605190600,   1.300,   1.708,  -0.200,   0.608,   1.708,  -0.300,   1.608,  -0.200,   1.708
202605190606,   1.220,   1.630,9999.000,9999.000,9999.000,9999.000,9999.000,9999.000,9999.000
202605190612,   1.141,   1.548,9999.000,9999.000,9999.000,9999.000,9999.000,9999.000,9999.000
202605190618,   1.063,   1.489,9999.000,9999.000,9999.000,9999.000,9999.000,9999.000,9999.000
202605190624,   0.986,   1.420,9999.000,9999.000,9999.000,9999.000,9999.000,9999.000,9999.000
202605190630,   0.910,   1.338,9999.000,9999.000,9999.000,9999.000,9999.000,9999.000,9999.000
202605190636,   0.836,   1.269,9999.000,9999.000,9999.000,9999.000,9999.000,9999.000,9999.000
202605190642,   0.763,   1.200,9999.000,9999.000,9999.000,9999.000,9999.000,9999.000,9999.000
202605190648,   0.691,   1.118,9999.000,9999.000,9999.000,9999.000,9999.000,9999.000,9999.000
202605190654,   0.621,   1.069,9999.000,9999.000,9999.000,9999.000,9999.000,9999.000,9999.000
202605190700,   0.553,   0.990,  -0.300,   0.737,   0.990,  -0.300,   0.990,  -0.200,   1.090
202605190706,   0.488,   0.918,9999.000,9999.000,9999.000,9999.000,9999.000,9999.000,9999.000
202605190712,   0.424,   0.849,9999.000,9999.000,9999.000,9999.000,9999.000,9999.000,9999.000
202605190718,   0.362,   0.780,9999.000,9999.000,9999.000,9999.000,9999.000,9999.000,9999.000
202605190724,   0.303,   0.718,9999.000,9999.000,9999.000,9999.000,9999.000,9999.000,9999.000
202605190730,   0.246,   0.669,9999.000,9999.000,9999.000,9999.000,9999.000,9999.000,9999.000
202605190736,   0.192,   0.619,9999.000,9999.000,9999.000,9999.000,9999.000,9999.000,9999.000
202605190742,   0.140,   0.580,9999.000,9999.000,9999.000,9999.000,9999.000,9999.000,9999.000
202605190748,   0.092,   0.488,9999.000,9999.000,9999.000,9999.000,9999.000,9999.000,9999.000
202605190754,   0.046,   0.449,9999.000,9999.000,9999.000,9999.000,9999.000,9999.000,9999.000
202605190800,   0.003,   0.400,  -0.300,   0.697,   0.400,  -0.300,   0.400,  -0.200,   0.500
202605190806,  -0.036,   0.350,9999.000,9999.000,9999.000,9999.000,9999.000,9999.000,9999.000
202605190812,  -0.072,   0.321,9999.000,9999.000,9999.000,9999.000,9999.000,9999.000,9999.000
202605190818,  -0.105,   0.249,9999.000,9999.000,9999.000,9999.000,9999.000,9999.000,9999.000
202605190824,  -0.135,   0.209,9999.000,9999.000,9999.000,9999.000,9999.000,9999.000,9999.000
202605190830,  -0.162,   0.170,9999.000,9999.000,9999.000,9999.000,9999.000,9999.000,9999.000
202605190836,  -0.185,   0.131,9999.000,9999.000,9999.000,9999.000,9999.000,9999.000,9999.000
202605190842,  -0.204,   0.078,9999.000,9999.000,9999.000,9999.000,9999.000,9999.000,9999.000
202605190848,  -0.220,   0.059,9999.000,9999.000,9999.000,9999.000,9999.000,9999.000,9999.000
202605190854,  -0.233,   0.029,9999.000,9999.000,9999.000,9999.000,9999.000,9999.000,9999.000
202605190900,  -0.242,  -0.009,  -0.300,   0.533,  -0.009,  -0.300,  -0.009,  -0.200,   0.091
202605190906,  -0.247,  -0.029,9999.000,9999.000,9999.000,9999.000,9999.000,9999.000,9999.000
202605190912,  -0.248,  -0.039,9999.000,9999.000,9999.000,9999.000,9999.000,9999.000,9999.000
202605190918,  -0.246,  -0.059,9999.000,9999.000,9999.000,9999.000,9999.000,9999.000,9999.000
202605190924,  -0.240,  -0.068,9999.000,9999.000,9999.000,9999.000,9999.000,9999.000,9999.000
202605190930,  -0.230,  -0.088,9999.000,9999.000,9999.000,9999.000,9999.000,9999.000,9999.000
202605190936,  -0.217,  -0.088,9999.000,9999.000,9999.000,9999.000,9999.000,9999.000,9999.000
202605190942,  -0.200,  -0.088,9999.000,9999.000,9999.000,9999.000,9999.000,9999.000,9999.000
202605190948,  -0.179,  -0.078,9999.000,9999.000,9999.000,9999.000,9999.000,9999.000,9999.000
202605190954,  -0.155,  -0.039,9999.000,9999.000,9999.000,9999.000,9999.000,9999.000,9999.000
202605191000,  -0.128,  -0.019,  -0.300,   0.409,  -0.019,  -0.300,  -0.019,  -0.200,   0.081
202605191006,  -0.097,  -0.019,9999.000,9999.000,9999.000,9999.000,9999.000,9999.000,9999.000
202605191012,  -0.062,   0.009,9999.000,9999.000,9999.000,9999.000,9999.000,9999.000,9999.000
202605191018,  -0.025,   0.029,9999.000,9999.000,9999.000,9999.000,9999.000,9999.000,9999.000
202605191024,   0.015,   0.059,9999.000,9999.000,9999.000,9999.000,9999.000,9999.000,9999.000
202605191030,   0.059,  -0.009,9999.000,9999.000,9999.000,9999.000,9999.000,9999.000,9999.000
202605191036,   0.105,   0.088,9999.000,9999.000,9999.000,9999.000,9999.000,9999.000,9999.000
202605191042,   0.155,   0.131,9999.000,9999.000,9999.000,9999.000,9999.000,9999.000,9999.000
202605191048,   0.207,   0.200,9999.000,9999.000,9999.000,9999.000,9999.000,9999.000,9999.000
202605191054,   0.261,   0.219,9999.000,9999.000,9999.000,9999.000,9999.000,9999.000,9999.000
202605191100,   0.318,   0.278,  -0.200,   0.160,   0.278,  -0.300,   0.178,  -0.200,   0.278
202605191106,   0.377,   0.341,9999.000,9999.000,9999.000,9999.000,9999.000,9999.000,9999.000
202605191112,   0.438,   0.400,9999.000,9999.000,9999.000,9999.000,9999.000,9999.000,9999.000
202605191118,   0.501,   0.449,9999.000,9999.000,9999.000,9999.000,9999.000,9999.000,9999.000
202605191124,   0.565,   0.518,9999.000,9999.000,9999.000,9999.000,9999.000,9999.000,9999.000
202605191130,   0.631,   0.570,9999.000,9999.000,9999.000,9999.000,9999.000,9999.000,9999.000
202605191136,   0.697,   0.629,9999.000,9999.000,9999.000,9999.000,9999.000,9999.000,9999.000
202605191142,   0.765,   0.669,9999.000,9999.000,9999.000,9999.000,9999.000,9999.000,9999.000
202605191148,   0.834,   0.741,9999.000,9999.000,9999.000,9999.000,9999.000,9999.000,9999.000
202605191154,   0.903,   0.790,9999.000,9999.000,9999.000,9999.000,9999.000,9999.000,9999.000
202605191200,   0.972,   0.849,  -0.200,   0.077,   0.849,  -0.200,   0.849,  -0.100,   0.949
202605191206,   1.042,   0.908,9999.000,9999.000,9999.000,9999.000,9999.000,9999.000,9999.000
202605191212,   1.111,   0.970,9999.000,9999.000,9999.000,9999.000,9999.000,9999.000,9999.000
202605191218,   1.180,   1.029,9999.000,9999.000,9999.000,9999.000,9999.000,9999.000,9999.000
202605191224,   1.249,   1.088,9999.000,9999.000,9999.000,9999.000,9999.000,9999.000,9999.000
202605191230,   1.317,   1.118,9999.000,9999.000,9999.000,9999.000,9999.000,9999.000,9999.000
202605191236,   1.383,   1.229,9999.000,9999.000,9999.000,9999.000,9999.000,9999.000,9999.000
202605191242,   1.449,   1.308,9999.000,9999.000,9999.000,9999.000,9999.000,9999.000,9999.000
202605191248,   1.513,   1.371,9999.000,9999.000,9999.000,9999.000,9999.000,9999.000,9999.000
202605191254,   1.576,   1.430,9999.000,9999.000,9999.000,9999.000,9999.000,9999.000,9999.000
202605191300,   1.636,   1.469,  -0.200,   0.033,   1.469,  -0.200,   1.469,  -0.100,   1.569
202605191306,   1.695,   1.528,9999.000,9999.000,9999.000,9999.000,9999.000,9999.000,9999.000
202605191312,   1.752,   1.600,9999.000,9999.000,9999.000,9999.000,9999.000,9999.000,9999.000
202605191318,   1.806,   1.639,9999.000,9999.000,9999.000,9999.000,9999.000,9999.000,9999.000
202605191324,   1.857,   1.679,9999.000,9999.000,9999.000,9999.000,9999.000,9999.000,9999.000
202605191330,   1.906,   1.781,9999.000,9999.000,9999.000,9999.000,9999.000,9999.000,9999.000
202605191336,   1.953,   1.810,9999.000,9999.000,9999.000,9999.000,9999.000,9999.000,9999.000
202605191342,   1.996,   1.859,9999.000,9999.000,9999.000,9999.000,9999.000,9999.000,9999.000
202605191348,   2.036,   1.899,9999.000,9999.000,9999.000,9999.000,9999.000,9999.000,9999.000
202605191354,   2.073,   1.948,9999.000,9999.000,9999.000,9999.000,9999.000,9999.000,9999.000
202605191400,   2.106,   2.020,  -0.200,   0.114,   2.020,  -0.200,   2.020,  -0.100,   2.120
202605191406,   2.137,   2.059,9999.000,9999.000,9999.000,9999.000,9999.000,9999.000,9999.000
202605191412,   2.163,   2.079,9999.000,9999.000,9999.000,9999.000,9999.000,9999.000,9999.000
202605191418,   2.187,   2.089,9999.000,9999.000,9999.000,9999.000,9999.000,9999.000,9999.000
202605191424,   2.206,   2.118,9999.000,9999.000,9999.000,9999.000,9999.000,9999.000,9999.000
202605191430,   2.222,   2.148,9999.000,9999.000,9999.000,9999.000,9999.000,9999.000,9999.000
202605191436,   2.235,   2.158,9999.000,9999.000,9999.000,9999.000,9999.000,9999.000,9999.000
202605191442,   2.244,   2.177,9999.000,9999.000,9999.000,9999.000,9999.000,9999.000,9999.000
202605191448,   2.249,   2.210,9999.000,9999.000,9999.000,9999.000,9999.000,9999.000,9999.000
202605191454,   2.250,   2.230,9999.000,9999.000,9999.000,9999.000,9999.000,9999.000,9999.000
202605191500,   2.248,   2.240,  -0.200,   0.192,   2.240,  -0.200,   2.240,  -0.100,   2.340
202605191506,   2.242,   2.240,9999.000,9999.000,9999.000,9999.000,9999.000,9999.000,9999.000
202605191512,   2.233,   2.269,9999.000,9999.000,9999.000,9999.000,9999.000,9999.000,9999.000
202605191518,   2.221,   2.289,9999.000,9999.000,9999.000,9999.000,9999.000,9999.000,9999.000
202605191524,   2.204,   2.299,9999.000,9999.000,9999.000,9999.000,9999.000,9999.000,9999.000
202605191530,   2.185,   2.289,9999.000,9999.000,9999.000,9999.000,9999.000,9999.000,9999.000
202605191536,   2.162,   2.289,9999.000,9999.000,9999.000,9999.000,9999.000,9999.000,9999.000
202605191542,   2.137,   2.269,9999.000,9999.000,9999.000,9999.000,9999.000,9999.000,9999.000
202605191548,   2.108,   2.279,9999.000,9999.000,9999.000,9999.000,9999.000,9999.000,9999.000
202605191554,   2.076,   2.250,9999.000,9999.000,9999.000,9999.000,9999.000,9999.000,9999.000
202605191600,   2.042,   2.230,  -0.200,   0.388,   2.230,  -0.200,   2.230,  -0.100,   2.330
202605191606,   2.005,   2.250,9999.000,9999.000,9999.000,9999.000,9999.000,9999.000,9999.000
202605191612,   1.965,   2.191,9999.000,9999.000,9999.000,9999.000,9999.000,9999.000,9999.000
202605191618,   1.923,   2.220,9999.000,9999.000,9999.000,9999.000,9999.000,9999.000,9999.000
202605191624,   1.878,   2.158,9999.000,9999.000,9999.000,9999.000,9999.000,9999.000,9999.000
202605191630,   1.832,   2.118,9999.000,9999.000,9999.000,9999.000,9999.000,9999.000,9999.000
202605191636,   1.783,   2.109,9999.000,9999.000,9999.000,9999.000,9999.000,9999.000,9999.000
202605191642,   1.733,   2.040,9999.000,9999.000,9999.000,9999.000,9999.000,9999.000,9999.000
202605191648,   1.681,   1.981,9999.000,9999.000,9999.000,9999.000,9999.000,9999.000,9999.000
202605191654,   1.627,   1.948,9999.000,9999.000,9999.000,9999.000,9999.000,9999.000,9999.000
202605191700,   1.572,   1.889,  -0.200,   0.517,   1.889,  -0.200,   1.889,  -0.100,   1.989
202605191706,   1.516,   1.869,9999.000,9999.000,9999.000,9999.000,9999.000,9999.000,9999.000
202605191712,   1.459,   1.810,9999.000,9999.000,9999.000,9999.000,9999.000,9999.000,9999.000
202605191718,   1.401,   1.781,9999.000,9999.000,9999.000,9999.000,9999.000,9999.000,9999.000
202605191724,   1.342,   1.718,9999.000,9999.000,9999.000,9999.000,9999.000,9999.000,9999.000
202605191730,   1.282,   1.669,9999.000,9999.000,9999.000,9999.000,9999.000,9999.000,9999.000
202605191736,   1.222,   1.630,9999.000,9999.000,9999.000,9999.000,9999.000,9999.000,9999.000
202605191742,   1.162,   1.590,9999.000,9999.000,9999.000,9999.000,9999.000,9999.000,9999.000
202605191748,   1.102,   1.538,9999.000,9999.000,9999.000,9999.000,9999.000,9999.000,9999.000
202605191754,   1.042,   1.469,9999.000,9999.000,9999.000,9999.000,9999.000,9999.000,9999.000
202605191800,   0.981,   1.410,  -0.100,   0.529,   1.410,  -0.100,   1.410,  -0.100,   1.410
202605191806,   0.922,   1.361,9999.000,9999.000,9999.000,9999.000,9999.000,9999.000,9999.000
202605191812,   0.862,   1.308,9999.000,9999.000,9999.000,9999.000,9999.000,9999.000,9999.000
202605191818,   0.803,   1.229,9999.000,9999.000,9999.000,9999.000,9999.000,9999.000,9999.000
202605191824,   0.745,   1.190,9999.000,9999.000,9999.000,9999.000,9999.000,9999.000,9999.000
202605191830,   0.688,   1.118,9999.000,9999.000,9999.000,9999.000,9999.000,9999.000,9999.000
202605191836,   0.632,   1.049,9999.000,9999.000,9999.000,9999.000,9999.000,9999.000,9999.000
202605191842,   0.577,   0.990,9999.000,9999.000,9999.000,9999.000,9999.000,9999.000,9999.000
202605191848,   0.523,   0.928,9999.000,9999.000,9999.000,9999.000,9999.000,9999.000,9999.000
202605191854,   0.470,   0.869,9999.000,9999.000,9999.000,9999.000,9999.000,9999.000,9999.000
202605191900,   0.419,   0.790,  -0.100,   0.471,   0.790,  -0.200,   0.690,  -0.100,   0.790
202605191906,   0.370,   0.741,9999.000,9999.000,9999.000,9999.000,9999.000,9999.000,9999.000
202605191912,   0.322,   0.669,9999.000,9999.000,9999.000,9999.000,9999.000,9999.000,9999.000
202605191918,   0.276,   0.600,9999.000,9999.000,9999.000,9999.000,9999.000,9999.000,9999.000
202605191924,   0.232,   0.551,9999.000,9999.000,9999.000,9999.000,9999.000,9999.000,9999.000
202605191930,   0.190,   0.508,9999.000,9999.000,9999.000,9999.000,9999.000,9999.000,9999.000
202605191936,   0.150,   0.469,9999.000,9999.000,9999.000,9999.000,9999.000,9999.000,9999.000
202605191942,   0.113,   0.350,9999.000,9999.000,9999.000,9999.000,9999.000,9999.000,9999.000
202605191948,   0.078,   0.370,9999.000,9999.000,9999.000,9999.000,9999.000,9999.000,9999.000
202605191954,   0.045,   0.288,9999.000,9999.000,9999.000,9999.000,9999.000,9999.000,9999.000
202605192000,   0.015,   0.278,  -0.100,   0.363,   0.278,  -0.200,   0.178,  -0.100,   0.278
202605192006,  -0.012,   0.219,9999.000,9999.000,9999.000,9999.000,9999.000,9999.000,9999.000
202605192012,  -0.037,   0.170,9999.000,9999.000,9999.000,9999.000,9999.000,9999.000,9999.000
202605192018,  -0.059,   0.121,9999.000,9999.000,9999.000,9999.000,9999.000,9999.000,9999.000
202605192024,  -0.078,   0.078,9999.000,9999.000,9999.000,9999.000,9999.000,9999.000,9999.000
202605192030,  -0.094,   0.019,9999.000,9999.000,9999.000,9999.000,9999.000,9999.000,9999.000
202605192036,  -0.108,  -0.019,9999.000,9999.000,9999.000,9999.000,9999.000,9999.000,9999.000
202605192042,  -0.118,  -0.059,9999.000,9999.000,9999.000,9999.000,9999.000,9999.000,9999.000
202605192048,  -0.125,  -0.068,9999.000,9999.000,9999.000,9999.000,9999.000,9999.000,9999.000
202605192054,  -0.129,  -0.088,9999.000,9999.000,9999.000,9999.000,9999.000,9999.000,9999.000
202605192100,  -0.130,  -0.111,  -0.100,   0.119,  -0.111,  -0.200,  -0.211,  -0.100,  -0.111
202605192106,  -0.127,  -0.141,9999.000,9999.000,9999.000,9999.000,9999.000,9999.000,9999.000
202605192112,  -0.121,  -0.160,9999.000,9999.000,9999.000,9999.000,9999.000,9999.000,9999.000
202605192118,  -0.112,  -0.170,9999.000,9999.000,9999.000,9999.000,9999.000,9999.000,9999.000
202605192124,  -0.099,  -0.180,9999.000,9999.000,9999.000,9999.000,9999.000,9999.000,9999.000
202605192130,  -0.083,  -0.190,9999.000,9999.000,9999.000,9999.000,9999.000,9999.000,9999.000
202605192136,  -0.064,  -0.190,9999.000,9999.000,9999.000,9999.000,9999.000,9999.000,9999.000
202605192142,  -0.041,  -0.190,9999.000,9999.000,9999.000,9999.000,9999.000,9999.000,9999.000
202605192148,  -0.015,  -0.150,9999.000,9999.000,9999.000,9999.000,9999.000,9999.000,9999.000
202605192154,   0.014,  -0.150,9999.000,9999.000,9999.000,9999.000,9999.000,9999.000,9999.000
202605192200,   0.047,  -0.150,  -0.200,   0.003,  -0.150,  -0.200,  -0.150,  -0.100,  -0.050
202605192206,   0.083,  -0.141,9999.000,9999.000,9999.000,9999.000,9999.000,9999.000,9999.000
202605192212,   0.123,  -0.098,9999.000,9999.000,9999.000,9999.000,9999.000,9999.000,9999.000
202605192218,   0.165,  -0.059,9999.000,9999.000,9999.000,9999.000,9999.000,9999.000,9999.000
202605192224,   0.211,   0.000,9999.000,9999.000,9999.000,9999.000,9999.000,9999.000,9999.000
202605192230,   0.260,   0.029,9999.000,9999.000,9999.000,9999.000,9999.000,9999.000,9999.000
202605192236,   0.312,   0.111,9999.000,9999.000,9999.000,9999.000,9999.000,9999.000,9999.000
202605192242,   0.367,   0.131,9999.000,9999.000,9999.000,9999.000,9999.000,9999.000,9999.000
202605192248,   0.424,   0.200,9999.000,9999.000,9999.000,9999.000,9999.000,9999.000,9999.000
202605192254,   0.485,   0.249,9999.000,9999.000,9999.000,9999.000,9999.000,9999.000,9999.000
202605192300,   0.548,   0.298,  -0.200,  -0.050,   0.298,  -0.200,   0.298,  -0.100,   0.398
202605192306,   0.613,   0.341,9999.000,9999.000,9999.000,9999.000,9999.000,9999.000,9999.000
202605192312,   0.680,   0.400,9999.000,9999.000,9999.000,9999.000,9999.000,9999.000,9999.000
202605192318,   0.750,   0.459,9999.000,9999.000,9999.000,9999.000,9999.000,9999.000,9999.000
202605192324,   0.822,   0.541,9999.000,9999.000,9999.000,9999.000,9999.000,9999.000,9999.000
202605192330,   0.895,   0.610,9999.000,9999.000,9999.000,9999.000,9999.000,9999.000,9999.000
202605192336,   0.970,   0.688,9999.000,9999.000,9999.000,9999.000,9999.000,9999.000,9999.000
202605192342,   1.047,   0.760,9999.000,9999.000,9999.000,9999.000,9999.000,9999.000,9999.000
202605192348,   1.124,   0.819,9999.000,9999.000,9999.000,9999.000,9999.000,9999.000,9999.000
202605192354,   1.203,   0.888,9999.000,9999.000,9999.000,9999.000,9999.000,9999.000,9999.000
202605200000,   1.283,   0.951,  -0.200,  -0.132,   0.951,  -0.200,   0.951,  -0.100,   1.051
202605200006,   1.363,   1.029,9999.000,9999.000,9999.000,9999.000,9999.000,9999.000,9999.000
202605200012,   1.444,   1.088,9999.000,9999.000,9999.000,9999.000,9999.000,9999.000,9999.000
202605200018,   1.525,   1.151,9999.000,9999.000,9999.000,9999.000,9999.000,9999.000,9999.000
202605200024,   1.606,   1.210,9999.000,9999.000,9999.000,9999.000,9999.000,9999.000,9999.000
202605200030,   1.686,   1.279,9999.000,9999.000,9999.000,9999.000,9999.000,9999.000,9999.000
202605200036,   1.767,   1.328,9999.000,9999.000,9999.000,9999.000,9999.000,9999.000,9999.000
202605200042,   1.846,   1.400,9999.000,9999.000,9999.000,9999.000,9999.000,9999.000,9999.000
202605200048,   1.925,   1.459,9999.000,9999.000,9999.000,9999.000,9999.000,9999.000,9999.000
202605200054,   2.003,   1.498,9999.000,9999.000,9999.000,9999.000,9999.000,9999.000,9999.000
202605200100,   2.079,   1.557,  -0.200,  -0.322,   1.557,  -0.300,   1.457,  -0.100,   1.657
202605200106,   2.154,   1.620,9999.000,9999.000,9999.000,9999.000,9999.000,9999.000,9999.000
202605200112,   2.227,   1.689,9999.000,9999.000,9999.000,9999.000,9999.000,9999.000,9999.000
202605200118,   2.298,   1.748,9999.000,9999.000,9999.000,9999.000,9999.000,9999.000,9999.000
202605200124,   2.367,   1.810,9999.000,9999.000,9999.000,9999.000,9999.000,9999.000,9999.000
202605200130,   2.433,   1.889,9999.000,9999.000,9999.000,9999.000,9999.000,9999.000,9999.000
202605200136,   2.498,   1.938,9999.000,9999.000,9999.000,9999.000,9999.000,9999.000,9999.000
202605200142,   2.559,   1.990,9999.000,9999.000,9999.000,9999.000,9999.000,9999.000,9999.000
202605200148,   2.617,   2.040,9999.000,9999.000,9999.000,9999.000,9999.000,9999.000,9999.000
202605200154,   2.673,   2.109,9999.000,9999.000,9999.000,9999.000,9999.000,9999.000,9999.000
202605200200,   2.725,   2.177,  -0.200,  -0.348,   2.177,  -0.300,   2.077,  -0.200,   2.177
202605200206,   2.774,   2.240,9999.000,9999.000,9999.000,9999.000,9999.000,9999.000,9999.000
202605200212,   2.820,   2.299,9999.000,9999.000,9999.000,9999.000,9999.000,9999.000,9999.000
202605200218,   2.862,   2.348,9999.000,9999.000,9999.000,9999.000,9999.000,9999.000,9999.000
202605200224,   2.900,   2.387,9999.000,9999.000,9999.000,9999.000,9999.000,9999.000,9999.000
202605200230,   2.935,   2.420,9999.000,9999.000,9999.000,9999.000,9999.000,9999.000,9999.000
202605200236,   2.966,   2.469,9999.000,9999.000,9999.000,9999.000,9999.000,9999.000,9999.000
202605200242,   2.993,   2.509,9999.000,9999.000,9999.000,9999.000,9999.000,9999.000,9999.000
202605200248,   3.016,   2.558,9999.000,9999.000,9999.000,9999.000,9999.000,9999.000,9999.000
202605200254,   3.035,   2.578,9999.000,9999.000,9999.000,9999.000,9999.000,9999.000,9999.000
202605200300,   3.050,   2.630,  -0.300,  -0.120,   2.630,  -0.400,   2.530,  -0.200,   2.730
202605200306,   3.061,   2.630,9999.000,9999.000,9999.000,9999.000,9999.000,9999.000,9999.000
202605200312,   3.068,   2.660,9999.000,9999.000,9999.000,9999.000,9999.000,9999.000,9999.000
202605200318,   3.071,   2.689,9999.000,9999.000,9999.000,9999.000,9999.000,9999.000,9999.000
202605200324,   3.070,   2.709,9999.000,9999.000,9999.000,9999.000,9999.000,9999.000,9999.000
202605200330,   3.065,   2.728,9999.000,9999.000,9999.000,9999.000,9999.000,9999.000,9999.000
202605200336,   3.056,   2.738,9999.000,9999.000,9999.000,9999.000,9999.000,9999.000,9999.000
202605200342,   3.043,   2.768,9999.000,9999.000,9999.000,9999.000,9999.000,9999.000,9999.000
202605200348,   3.027,   2.758,9999.000,9999.000,9999.000,9999.000,9999.000,9999.000,9999.000
202605200354,   3.006,   2.787,9999.000,9999.000,9999.000,9999.000,9999.000,9999.000,9999.000
202605200400,   2.982,   2.778,  -0.300,   0.096,   2.778,  -0.500,   2.578,  -0.200,   2.878
202605200406,   2.955,   2.797,9999.000,9999.000,9999.000,9999.000,9999.000,9999.000,9999.000
202605200412,   2.924,   2.778,9999.000,9999.000,9999.000,9999.000,9999.000,9999.000,9999.000
202605200418,   2.889,   2.778,9999.000,9999.000,9999.000,9999.000,9999.000,9999.000,9999.000
202605200424,   2.852,   2.758,9999.000,9999.000,9999.000,9999.000,9999.000,9999.000,9999.000
202605200430,   2.811,   2.748,9999.000,9999.000,9999.000,9999.000,9999.000,9999.000,9999.000
202605200436,   2.768,   2.728,9999.000,9999.000,9999.000,9999.000,9999.000,9999.000,9999.000
202605200442,   2.721,   2.719,9999.000,9999.000,9999.000,9999.000,9999.000,9999.000,9999.000
202605200448,   2.672,   2.709,9999.000,9999.000,9999.000,9999.000,9999.000,9999.000,9999.000
202605200454,   2.620,   2.669,9999.000,9999.000,9999.000,9999.000,9999.000,9999.000,9999.000
202605200500,   2.566,   2.640,  -0.400,   0.474,   2.640,  -0.500,   2.540,  -0.300,   2.740
202605200506,   2.510,   2.610,9999.000,9999.000,9999.000,9999.000,9999.000,9999.000,9999.000
202605200512,   2.451,   2.558,9999.000,9999.000,9999.000,9999.000,9999.000,9999.000,9999.000
202605200518,   2.391,   2.489,9999.000,9999.000,9999.000,9999.000,9999.000,9999.000,9999.000
202605200524,   2.328,   2.450,9999.000,9999.000,9999.000,9999.000,9999.000,9999.000,9999.000
202605200530,   2.264,   2.377,9999.000,9999.000,9999.000,9999.000,9999.000,9999.000,9999.000
202605200536,   2.199,   2.318,9999.000,9999.000,9999.000,9999.000,9999.000,9999.000,9999.000
202605200542,   2.132,   2.269,9999.000,9999.000,9999.000,9999.000,9999.000,9999.000,9999.000
202605200548,   2.064,   2.220,9999.000,9999.000,9999.000,9999.000,9999.000,9999.000,9999.000
202605200554,   1.995,   2.148,9999.000,9999.000,9999.000,9999.000,9999.000,9999.000,9999.000
202605200600,   1.925,   2.099,  -0.300,   0.474,   2.099,  -0.400,   1.999,  -0.300,   2.099
202605200606,   1.854,   2.049,9999.000,9999.000,9999.000,9999.000,9999.000,9999.000,9999.000
202605200612,   1.783,   1.990,9999.000,9999.000,9999.000,9999.000,9999.000,9999.000,9999.000
202605200618,   1.711,   1.938,9999.000,9999.000,9999.000,9999.000,9999.000,9999.000,9999.000
202605200624,   1.639,   1.869,9999.000,9999.000,9999.000,9999.000,9999.000,9999.000,9999.000
202605200630,   1.567,   1.820,9999.000,9999.000,9999.000,9999.000,9999.000,9999.000,9999.000
202605200636,   1.495,   1.738,9999.000,9999.000,9999.000,9999.000,9999.000,9999.000,9999.000
202605200642,   1.423,   1.689,9999.000,9999.000,9999.000,9999.000,9999.000,9999.000,9999.000
202605200648,   1.351,   1.610,9999.000,9999.000,9999.000,9999.000,9999.000,9999.000,9999.000
202605200654,   1.280,   1.538,9999.000,9999.000,9999.000,9999.000,9999.000,9999.000,9999.000
202605200700,   1.209,   1.459,  -0.300,   0.550,   1.459,  -0.400,   1.359,  -0.300,   1.459
202605200706,   1.139,   1.390,9999.000,9999.000,9999.000,9999.000,9999.000,9999.000,9999.000
202605200712,   1.069,   1.328,9999.000,9999.000,9999.000,9999.000,9999.000,9999.000,9999.000
202605200718,   1.001,   1.239,9999.000,9999.000,9999.000,9999.000,9999.000,9999.000,9999.000
202605200724,   0.933,   1.170,9999.000,9999.000,9999.000,9999.000,9999.000,9999.000,9999.000
202605200730,   0.867,   1.128,9999.000,9999.000,9999.000,9999.000,9999.000,9999.000,9999.000
202605200736,   0.802,   1.029,9999.000,9999.000,9999.000,9999.000,9999.000,9999.000,9999.000
202605200742,   0.738,   0.951,9999.000,9999.000,9999.000,9999.000,9999.000,9999.000,9999.000
202605200748,   0.676,   0.898,9999.000,9999.000,9999.000,9999.000,9999.000,9999.000,9999.000
202605200754,   0.616,   0.829,9999.000,9999.000,9999.000,9999.000,9999.000,9999.000,9999.000
202605200800,   0.557,   0.780,  -0.300,   0.523,   0.780,  -0.400,   0.680,  -0.300,   0.780
202605200806,   0.500,   0.688,9999.000,9999.000,9999.000,9999.000,9999.000,9999.000,9999.000
202605200812,   0.445,   0.649,9999.000,9999.000,9999.000,9999.000,9999.000,9999.000,9999.000
202605200818,   0.393,   0.590,9999.000,9999.000,9999.000,9999.000,9999.000,9999.000,9999.000
202605200824,   0.342,   0.531,9999.000,9999.000,9999.000,9999.000,9999.000,9999.000,9999.000
202605200830,   0.293,   0.478,9999.000,9999.000,9999.000,9999.000,9999.000,9999.000,9999.000
202605200836,   0.247,   0.429,9999.000,9999.000,9999.000,9999.000,9999.000,9999.000,9999.000
202605200842,   0.204,   0.370,9999.000,9999.000,9999.000,9999.000,9999.000,9999.000,9999.000
202605200848,   0.163,   0.298,9999.000,9999.000,9999.000,9999.000,9999.000,9999.000,9999.000
202605200854,   0.124,   0.278,9999.000,9999.000,9999.000,9999.000,9999.000,9999.000,9999.000
202605200900,   0.088,   0.219,  -0.300,   0.431,   0.219,  -0.400,   0.119,  -0.300,   0.219
202605200906,   0.055,   0.170,9999.000,9999.000,9999.000,9999.000,9999.000,9999.000,9999.000
202605200912,   0.025,   0.131,9999.000,9999.000,9999.000,9999.000,9999.000,9999.000,9999.000
202605200918,  -0.001,   0.068,9999.000,9999.000,9999.000,9999.000,9999.000,9999.000,9999.000
202605200924,  -0.025,   0.068,9999.000,9999.000,9999.000,9999.000,9999.000,9999.000,9999.000
202605200930,  -0.047,   0.019,9999.000,9999.000,9999.000,9999.000,9999.000,9999.000,9999.000
202605200936,  -0.065,   0.000,9999.000,9999.000,9999.000,9999.000,9999.000,9999.000,9999.000
202605200942,  -0.080,  -0.039,9999.000,9999.000,9999.000,9999.000,9999.000,9999.000,9999.000
202605200948,  -0.091,  -0.078,9999.000,9999.000,9999.000,9999.000,9999.000,9999.000,9999.000
202605200954,  -0.100,  -0.111,9999.000,9999.000,9999.000,9999.000,9999.000,9999.000,9999.000
202605201000,  -0.105,  -0.141,  -0.300,   0.264,  -0.141,  -0.400,  -0.241,  -0.300,  -0.141
202605201006,  -0.107,  -0.150,9999.000,9999.000,9999.000,9999.000,9999.000,9999.000,9999.000
202605201012,  -0.106,  -0.180,9999.000,9999.000,9999.000,9999.000,9999.000,9999.000,9999.000
202605201018,  -0.101,  -0.190,9999.000,9999.000,9999.000,9999.000,9999.000,9999.000,9999.000
202605201024,  -0.093,  -0.200,9999.000,9999.000,9999.000,9999.000,9999.000,9999.000,9999.000
202605201030,  -0.082,  -0.200,9999.000,9999.000,9999.000,9999.000,9999.000,9999.000,9999.000
202605201036,  -0.067,  -0.209,9999.000,9999.000,9999.000,9999.000,9999.000,9999.000,9999.000
202605201042,  -0.050,  -0.200,9999.000,9999.000,9999.000,9999.000,9999.000,9999.000,9999.000
202605201048,  -0.029,  -0.209,9999.000,9999.000,9999.000,9999.000,9999.000,9999.000,9999.000
202605201054,  -0.005,  -0.200,9999.000,9999.000,9999.000,9999.000,9999.000,9999.000,9999.000
202605201100,   0.022,  -0.190,  -0.400,   0.188,  -0.190,  -0.400,  -0.190,  -0.300,  -0.090
202605201106,   0.052,  -0.190,9999.000,9999.000,9999.000,9999.000,9999.000,9999.000,9999.000
202605201112,   0.085,  -0.170,9999.000,9999.000,9999.000,9999.000,9999.000,9999.000,9999.000
202605201118,   0.121,  -0.141,9999.000,9999.000,9999.000,9999.000,9999.000,9999.000,9999.000
202605201124,   0.160,  -0.131,9999.000,9999.000,9999.000,9999.000,9999.000,9999.000,9999.000
202605201130,   0.202,  -0.078,9999.000,9999.000,9999.000,9999.000,9999.000,9999.000,9999.000
202605201136,   0.246,  -0.049,9999.000,9999.000,9999.000,9999.000,9999.000,9999.000,9999.000
202605201142,   0.292,  -0.029,9999.000,9999.000,9999.000,9999.000,9999.000,9999.000,9999.000
202605201148,   0.341,   0.019,9999.000,9999.000,9999.000,9999.000,9999.000,9999.000,9999.000
202605201154,   0.392,   0.059,9999.000,9999.000,9999.000,9999.000,9999.000,9999.000,9999.000
202605201200,   0.445,   0.131,  -0.400,   0.086,   0.131,  -0.400,   0.131,  -0.300,   0.231
202605201206,   0.500,   0.180,9999.000,9999.000,9999.000,9999.000,9999.000,9999.000,9999.000
202605201212,   0.556,   0.219,9999.000,9999.000,9999.000,9999.000,9999.000,9999.000,9999.000
202605201218,   0.614,   0.259,9999.000,9999.000,9999.000,9999.000,9999.000,9999.000,9999.000
202605201224,   0.674,   0.341,9999.000,9999.000,9999.000,9999.000,9999.000,9999.000,9999.000
202605201230,   0.734,   0.419,9999.000,9999.000,9999.000,9999.000,9999.000,9999.000,9999.000
202605201236,   0.795,   0.488,9999.000,9999.000,9999.000,9999.000,9999.000,9999.000,9999.000
202605201242,   0.857,   0.570,9999.000,9999.000,9999.000,9999.000,9999.000,9999.000,9999.000
202605201248,   0.920,   0.629,9999.000,9999.000,9999.000,9999.000,9999.000,9999.000,9999.000
202605201254,   0.983,   0.688,9999.000,9999.000,9999.000,9999.000,9999.000,9999.000,9999.000
202605201300,   1.046,   0.751,  -0.400,   0.105,   0.751,  -0.400,   0.751,  -0.300,   0.851
202605201306,   1.109,   0.810,9999.000,9999.000,9999.000,9999.000,9999.000,9999.000,9999.000
202605201312,   1.172,   0.819,9999.000,9999.000,9999.000,9999.000,9999.000,9999.000,9999.000
202605201318,   1.235,   0.918,9999.000,9999.000,9999.000,9999.000,9999.000,9999.000,9999.000
202605201324,   1.296,   1.000,9999.000,9999.000,9999.000,9999.000,9999.000,9999.000,9999.000
202605201330,   1.357,   1.039,9999.000,9999.000,9999.000,9999.000,9999.000,9999.000,9999.000
202605201336,   1.417,   1.088,9999.000,9999.000,9999.000,9999.000,9999.000,9999.000,9999.000
202605201342,   1.475,   1.151,9999.000,9999.000,9999.000,9999.000,9999.000,9999.000,9999.000
202605201348,   1.533,   1.210,9999.000,9999.000,9999.000,9999.000,9999.000,9999.000,9999.000
202605201354,   1.588,   1.269,9999.000,9999.000,9999.000,9999.000,9999.000,9999.000,9999.000
202605201400,   1.642,   1.318,  -0.400,   0.076,   1.318,  -0.400,   1.318,  -0.300,   1.418
202605201406,   1.694,   1.380,9999.000,9999.000,9999.000,9999.000,9999.000,9999.000,9999.000
202605201412,   1.743,   1.420,9999.000,9999.000,9999.000,9999.000,9999.000,9999.000,9999.000
202605201418,   1.791,   1.469,9999.000,9999.000,9999.000,9999.000,9999.000,9999.000,9999.000
202605201424,   1.836,   1.508,9999.000,9999.000,9999.000,9999.000,9999.000,9999.000,9999.000
202605201430,   1.878,   1.571,9999.000,9999.000,9999.000,9999.000,9999.000,9999.000,9999.000
202605201436,   1.918,   1.610,9999.000,9999.000,9999.000,9999.000,9999.000,9999.000,9999.000
202605201442,   1.955,   1.659,9999.000,9999.000,9999.000,9999.000,9999.000,9999.000,9999.000
202605201448,   1.989,   1.708,9999.000,9999.000,9999.000,9999.000,9999.000,9999.000,9999.000
202605201454,   2.020,   1.758,9999.000,9999.000,9999.000,9999.000,9999.000,9999.000,9999.000
202605201500,   2.048,   1.790,  -0.400,   0.142,   1.790,  -0.400,   1.790,  -0.300,   1.890
202605201506,   2.073,   1.849,9999.000,9999.000,9999.000,9999.000,9999.000,9999.000,9999.000
202605201512,   2.095,   1.879,9999.000,9999.000,9999.000,9999.000,9999.000,9999.000,9999.000
202605201518,   2.113,   1.899,9999.000,9999.000,9999.000,9999.000,9999.000,9999.000,9999.000
202605201524,   2.129,   1.938,9999.000,9999.000,9999.000,9999.000,9999.000,9999.000,9999.000
202605201530,   2.141,   1.948,9999.000,9999.000,9999.000,9999.000,9999.000,9999.000,9999.000
202605201536,   2.150,   1.967,9999.000,9999.000,9999.000,9999.000,9999.000,9999.000,9999.000
202605201542,   2.155,   1.990,9999.000,9999.000,9999.000,9999.000,9999.000,9999.000,9999.000
202605201548,   2.158,   1.981,9999.000,9999.000,9999.000,9999.000,9999.000,9999.000,9999.000
202605201554,   2.157,   1.967,9999.000,9999.000,9999.000,9999.000,9999.000,9999.000,9999.000
202605201600,   2.153,   2.000,  -0.300,   0.147,   2.000,  -0.400,   1.900,  -0.300,   2.000
202605201606,   2.145,   2.030,9999.000,9999.000,9999.000,9999.000,9999.000,9999.000,9999.000
202605201612,   2.135,   2.000,9999.000,9999.000,9999.000,9999.000,9999.000,9999.000,9999.000
202605201618,   2.121,   2.010,9999.000,9999.000,9999.000,9999.000,9999.000,9999.000,9999.000
202605201624,   2.105,   2.030,9999.000,9999.000,9999.000,9999.000,9999.000,9999.000,9999.000
202605201630,   2.086,   2.030,9999.000,9999.000,9999.000,9999.000,9999.000,9999.000,9999.000
202605201636,   2.064,   2.030,9999.000,9999.000,9999.000,9999.000,9999.000,9999.000,9999.000
202605201642,   2.039,   2.020,9999.000,9999.000,9999.000,9999.000,9999.000,9999.000,9999.000
202605201648,   2.012,   1.990,9999.000,9999.000,9999.000,9999.000,9999.000,9999.000,9999.000
202605201654,   1.982,   2.020,9999.000,9999.000,9999.000,9999.000,9999.000,9999.000,9999.000
202605201700,   1.950,   1.967,  -0.300,   0.317,   1.967,  -0.400,   1.867,  -0.300,   1.967
202605201706,   1.916,   1.967,9999.000,9999.000,9999.000,9999.000,9999.000,9999.000,9999.000
202605201712,   1.879,   1.958,9999.000,9999.000,9999.000,9999.000,9999.000,9999.000,9999.000
202605201718,   1.840,   1.918,9999.000,9999.000,9999.000,9999.000,9999.000,9999.000,9999.000
202605201724,   1.800,   1.879,9999.000,9999.000,9999.000,9999.000,9999.000,9999.000,9999.000
202605201730,   1.758,   1.840,9999.000,9999.000,9999.000,9999.000,9999.000,9999.000,9999.000
202605201736,   1.714,   1.820,9999.000,9999.000,9999.000,9999.000,9999.000,9999.000,9999.000
202605201742,   1.669,   1.790,9999.000,9999.000,9999.000,9999.000,9999.000,9999.000,9999.000
202605201748,   1.622,   1.738,9999.000,9999.000,9999.000,9999.000,9999.000,9999.000,9999.000
202605201754,   1.575,   1.748,9999.000,9999.000,9999.000,9999.000,9999.000,9999.000,9999.000
202605201800,   1.526,   1.639,  -0.300,   0.413,   1.639,  -0.300,   1.639,  -0.200,   1.739
202605201806,   1.476,   1.620,9999.000,9999.000,9999.000,9999.000,9999.000,9999.000,9999.000
202605201812,   1.425,   1.590,9999.000,9999.000,9999.000,9999.000,9999.000,9999.000,9999.000
202605201818,   1.374,   1.557,9999.000,9999.000,9999.000,9999.000,9999.000,9999.000,9999.000
202605201824,   1.322,   1.489,9999.000,9999.000,9999.000,9999.000,9999.000,9999.000,9999.000
202605201830,   1.270,   1.469,9999.000,9999.000,9999.000,9999.000,9999.000,9999.000,9999.000
202605201836,   1.218,   1.400,9999.000,9999.000,9999.000,9999.000,9999.000,9999.000,9999.000
202605201842,   1.165,   1.318,9999.000,9999.000,9999.000,9999.000,9999.000,9999.000,9999.000
202605201848,   1.112,   1.289,9999.000,9999.000,9999.000,9999.000,9999.000,9999.000,9999.000
202605201854,   1.060,   1.229,9999.000,9999.000,9999.000,9999.000,9999.000,9999.000,9999.000
202605201900,   1.007,   1.180,  -0.300,   0.473,   1.180,  -0.300,   1.180,  -0.200,   1.280
202605201906,   0.955,   1.128,9999.000,9999.000,9999.000,9999.000,9999.000,9999.000,9999.000
202605201912,   0.904,   1.069,9999.000,9999.000,9999.000,9999.000,9999.000,9999.000,9999.000
202605201918,   0.853,   1.000,9999.000,9999.000,9999.000,9999.000,9999.000,9999.000,9999.000
202605201924,   0.802,   0.951,9999.000,9999.000,9999.000,9999.000,9999.000,9999.000,9999.000
202605201930,   0.753,   0.898,9999.000,9999.000,9999.000,9999.000,9999.000,9999.000,9999.000
202605201936,   0.704,   0.839,9999.000,9999.000,9999.000,9999.000,9999.000,9999.000,9999.000
202605201942,   0.656,   0.770,9999.000,9999.000,9999.000,9999.000,9999.000,9999.000,9999.000
202605201948,   0.610,   0.731,9999.000,9999.000,9999.000,9999.000,9999.000,9999.000,9999.000
202605201954,   0.564,   0.659,9999.000,9999.000,9999.000,9999.000,9999.000,9999.000,9999.000
202605202000,   0.520,   0.619,  -0.300,   0.399,   0.619,  -0.300,   0.619,  -0.200,   0.719
202605202006,   0.478,   0.560,9999.000,9999.000,9999.000,9999.000,9999.000,9999.000,9999.000
202605202012,   0.436,   0.498,9999.000,9999.000,9999.000,9999.000,9999.000,9999.000,9999.000
202605202018,   0.397,   0.449,9999.000,9999.000,9999.000,9999.000,9999.000,9999.000,9999.000
202605202024,   0.359,   0.321,9999.000,9999.000,9999.000,9999.000,9999.000,9999.000,9999.000
202605202030,   0.323,   0.341,9999.000,9999.000,9999.000,9999.000,9999.000,9999.000,9999.000
202605202036,   0.288,   0.268,9999.000,9999.000,9999.000,9999.000,9999.000,9999.000,9999.000
202605202042,   0.256,   0.229,9999.000,9999.000,9999.000,9999.000,9999.000,9999.000,9999.000
202605202048,   0.225,   0.180,9999.000,9999.000,9999.000,9999.000,9999.000,9999.000,9999.000
202605202054,   0.197,   0.131,9999.000,9999.000,9999.000,9999.000,9999.000,9999.000,9999.000
202605202100,   0.171,   0.078,  -0.300,   0.207,   0.078,  -0.300,   0.078,  -0.200,   0.178
202605202106,   0.147,   0.039,9999.000,9999.000,9999.000,9999.000,9999.000,9999.000,9999.000
202605202112,   0.126,   0.000,9999.000,9999.000,9999.000,9999.000,9999.000,9999.000,9999.000
202605202118,   0.107,  -0.049,9999.000,9999.000,9999.000,9999.000,9999.000,9999.000,9999.000
202605202124,   0.090,  -0.078,9999.000,9999.000,9999.000,9999.000,9999.000,9999.000,9999.000
202605202130,   0.076,  -0.098,9999.000,9999.000,9999.000,9999.000,9999.000,9999.000,9999.000
202605202136,   0.065,  -0.141,9999.000,9999.000,9999.000,9999.000,9999.000,9999.000,9999.000
202605202142,   0.056,  -0.170,9999.000,9999.000,9999.000,9999.000,9999.000,9999.000,9999.000
202605202148,   0.050,  -0.190,9999.000,9999.000,9999.000,9999.000,9999.000,9999.000,9999.000
202605202154,   0.047,  -0.209,9999.000,9999.000,9999.000,9999.000,9999.000,9999.000,9999.000
202605202200,   0.046,  -0.239,  -0.300,   0.015,  -0.239,  -0.300,  -0.239,  -0.200,  -0.139
202605202206,   0.049,  -0.249,9999.000,9999.000,9999.000,9999.000,9999.000,9999.000,9999.000
202605202212,   0.054,  -0.259,9999.000,9999.000,9999.000,9999.000,9999.000,9999.000,9999.000
202605202218,   0.063,  -0.259,9999.000,9999.000,9999.000,9999.000,9999.000,9999.000,9999.000
202605202224,   0.074,  -0.268,9999.000,9999.000,9999.000,9999.000,9999.000,9999.000,9999.000
202605202230,   0.088,  -0.288,9999.000,9999.000,9999.000,9999.000,9999.000,9999.000,9999.000
202605202236,   0.105,  -0.278,9999.000,9999.000,9999.000,9999.000,9999.000,9999.000,9999.000
202605202242,   0.126,  -0.288,9999.000,9999.000,9999.000,9999.000,9999.000,9999.000,9999.000
202605202248,   0.149,  -0.249,9999.000,9999.000,9999.000,9999.000,9999.000,9999.000,9999.000
202605202254,   0.175,  -0.219,9999.000,9999.000,9999.000,9999.000,9999.000,9999.000,9999.000
202605202300,   0.205,  -0.209,  -0.300,  -0.114,  -0.209,  -0.400,  -0.309,  -0.200,  -0.109
202605202306,   0.237,  -0.180,9999.000,9999.000,9999.000,9999.000,9999.000,9999.000,9999.000
202605202312,   0.272,  -0.180,9999.000,9999.000,9999.000,9999.000,9999.000,9999.000,9999.000
202605202318,   0.310,  -0.111,9999.000,9999.000,9999.000,9999.000,9999.000,9999.000,9999.000
202605202324,   0.350,  -0.068,9999.000,9999.000,9999.000,9999.000,9999.000,9999.000,9999.000
202605202330,   0.394,  -0.039,9999.000,9999.000,9999.000,9999.000,9999.000,9999.000,9999.000
202605202336,   0.440,   0.019,9999.000,9999.000,9999.000,9999.000,9999.000,9999.000,9999.000
202605202342,   0.489,   0.078,9999.000,9999.000,9999.000,9999.000,9999.000,9999.000,9999.000
202605202348,   0.540,   0.121,9999.000,9999.000,9999.000,9999.000,9999.000,9999.000,9999.000
202605202354,   0.593,   0.160,9999.000,9999.000,9999.000,9999.000,9999.000,9999.000,9999.000
202605210000,   0.649,   0.180,  -0.300,  -0.169,   0.180,  -0.400,   0.080,  -0.300,   0.180
202605210006,   0.707,   0.259,9999.000,9999.000,9999.000,9999.000,9999.000,9999.000,9999.000
202605210012,   0.767,   0.298,9999.000,9999.000,9999.000,9999.000,9999.000,9999.000,9999.000
202605210018,   0.829,   0.390,9999.000,9999.000,9999.000,9999.000,9999.000,9999.000,9999.000
202605210024,   0.892,   0.459,9999.000,9999.000,9999.000,9999.000,9999.000,9999.000,9999.000
202605210030,   0.957,   0.469,9999.000,9999.000,9999.000,9999.000,9999.000,9999.000,9999.000
202605210036,   1.024,   0.551,9999.000,9999.000,9999.000,9999.000,9999.000,9999.000,9999.000
202605210042,   1.091,   0.610,9999.000,9999.000,9999.000,9999.000,9999.000,9999.000,9999.000
202605210048,   1.160,   0.678,9999.000,9999.000,9999.000,9999.000,9999.000,9999.000,9999.000
202605210054,   1.230,9999.000,9999.000,9999.000,9999.000,9999.000,9999.000,9999.000,9999.000
202605210100,   1.300,   0.810,  -0.300,  -0.190,   0.810,  -0.400,   0.710,  -0.300,   0.810
202605210106,   1.371,   0.869,9999.000,9999.000,9999.000,9999.000,9999.000,9999.000,9999.000
202605210112,   1.442,   0.918,9999.000,9999.000,9999.000,9999.000,9999.000,9999.000,9999.000
202605210118,   1.513,   0.980,9999.000,9999.000,9999.000,9999.000,9999.000,9999.000,9999.000
202605210124,   1.584,   1.020,9999.000,9999.000,9999.000,9999.000,9999.000,9999.000,9999.000
202605210130,   1.655,   1.088,9999.000,9999.000,9999.000,9999.000,9999.000,9999.000,9999.000
202605210136,   1.725,   1.161,9999.000,9999.000,9999.000,9999.000,9999.000,9999.000,9999.000
202605210142,   1.795,   1.220,9999.000,9999.000,9999.000,9999.000,9999.000,9999.000,9999.000
202605210148,   1.864,   1.289,9999.000,9999.000,9999.000,9999.000,9999.000,9999.000,9999.000
202605210154,   1.932,   1.380,9999.000,9999.000,9999.000,9999.000,9999.000,9999.000,9999.000
202605210200,   1.998,   1.361,  -0.400,  -0.237,   1.361,  -0.400,   1.361,  -0.300,   1.461
202605210206,   2.063,   1.469,9999.000,9999.000,9999.000,9999.000,9999.000,9999.000,9999.000
202605210212,   2.126,   1.571,9999.000,9999.000,9999.000,9999.000,9999.000,9999.000,9999.000
202605210218,   2.188,   1.590,9999.000,9999.000,9999.000,9999.000,9999.000,9999.000,9999.000
202605210224,   2.247,   1.649,9999.000,9999.000,9999.000,9999.000,9999.000,9999.000,9999.000
202605210230,   2.304,   1.689,9999.000,9999.000,9999.000,9999.000,9999.000,9999.000,9999.000
202605210236,   2.359,   1.748,9999.000,9999.000,9999.000,9999.000,9999.000,9999.000,9999.000
202605210242,   2.412,   1.810,9999.000,9999.000,9999.000,9999.000,9999.000,9999.000,9999.000
202605210248,   2.462,   1.869,9999.000,9999.000,9999.000,9999.000,9999.000,9999.000,9999.000
202605210254,   2.509,   1.928,9999.000,9999.000,9999.000,9999.000,9999.000,9999.000,9999.000
202605210300,   2.553,   1.981,  -0.400,  -0.172,   1.981,  -0.500,   1.881,  -0.300,   2.081
202605210306,   2.594,   2.040,9999.000,9999.000,9999.000,9999.000,9999.000,9999.000,9999.000
202605210312,   2.632,   2.079,9999.000,9999.000,9999.000,9999.000,9999.000,9999.000,9999.000
202605210318,   2.667,   2.128,9999.000,9999.000,9999.000,9999.000,9999.000,9999.000,9999.000
202605210324,   2.699,   2.168,9999.000,9999.000,9999.000,9999.000,9999.000,9999.000,9999.000
202605210330,   2.727,   2.220,9999.000,9999.000,9999.000,9999.000,9999.000,9999.000,9999.000
202605210336,   2.752,   2.259,9999.000,9999.000,9999.000,9999.000,9999.000,9999.000,9999.000
202605210342,   2.773,   2.279,9999.000,9999.000,9999.000,9999.000,9999.000,9999.000,9999.000
202605210348,   2.791,   2.318,9999.000,9999.000,9999.000,9999.000,9999.000,9999.000,9999.000
202605210354,   2.805,   2.358,9999.000,9999.000,9999.000,9999.000,9999.000,9999.000,9999.000
202605210400,   2.816,   2.387,  -0.500,   0.071,   2.387,  -0.500,   2.387,  -0.300,   2.587
202605210406,   2.823,   2.430,9999.000,9999.000,9999.000,9999.000,9999.000,9999.000,9999.000
202605210412,   2.827,   2.489,9999.000,9999.000,9999.000,9999.000,9999.000,9999.000,9999.000
202605210418,   2.827,   2.469,9999.000,9999.000,9999.000,9999.000,9999.000,9999.000,9999.000
202605210424,   2.824,   2.499,9999.000,9999.000,9999.000,9999.000,9999.000,9999.000,9999.000
202605210430,   2.817,   2.509,9999.000,9999.000,9999.000,9999.000,9999.000,9999.000,9999.000
202605210436,   2.807,   2.509,9999.000,9999.000,9999.000,9999.000,9999.000,9999.000,9999.000
202605210442,   2.794,   2.519,9999.000,9999.000,9999.000,9999.000,9999.000,9999.000,9999.000
202605210448,   2.777,   2.548,9999.000,9999.000,9999.000,9999.000,9999.000,9999.000,9999.000
202605210454,   2.757,   2.538,9999.000,9999.000,9999.000,9999.000,9999.000,9999.000,9999.000
202605210500,   2.734,   2.558,  -0.500,   0.324,   2.558,  -0.500,   2.558,  -0.300,   2.758
202605210506,   2.708,   2.548,9999.000,9999.000,9999.000,9999.000,9999.000,9999.000,9999.000
202605210512,   2.679,   2.519,9999.000,9999.000,9999.000,9999.000,9999.000,9999.000,9999.000
202605210518,   2.647,   2.519,9999.000,9999.000,9999.000,9999.000,9999.000,9999.000,9999.000
202605210524,   2.613,   2.509,9999.000,9999.000,9999.000,9999.000,9999.000,9999.000,9999.000
202605210530,   2.576,   2.499,9999.000,9999.000,9999.000,9999.000,9999.000,9999.000,9999.000
202605210536,   2.536,   2.509,9999.000,9999.000,9999.000,9999.000,9999.000,9999.000,9999.000
202605210542,   2.494,   2.450,9999.000,9999.000,9999.000,9999.000,9999.000,9999.000,9999.000
202605210548,   2.450,   2.469,9999.000,9999.000,9999.000,9999.000,9999.000,9999.000,9999.000
202605210554,   2.403,   2.420,9999.000,9999.000,9999.000,9999.000,9999.000,9999.000,9999.000
202605210600,   2.355,   2.387,  -0.400,   0.432,   2.387,  -0.500,   2.287,  -0.300,   2.487
202605210606,   2.305,   2.400,9999.000,9999.000,9999.000,9999.000,9999.000,9999.000,9999.000
202605210612,   2.253,   2.377,9999.000,9999.000,9999.000,9999.000,9999.000,9999.000,9999.000
202605210618,   2.199,   2.328,9999.000,9999.000,9999.000,9999.000,9999.000,9999.000,9999.000
202605210624,   2.144,   2.299,9999.000,9999.000,9999.000,9999.000,9999.000,9999.000,9999.000
202605210630,   2.088,   2.240,9999.000,9999.000,9999.000,9999.000,9999.000,9999.000,9999.000
202605210636,   2.030,   2.200,9999.000,9999.000,9999.000,9999.000,9999.000,9999.000,9999.000
202605210642,   1.971,   2.177,9999.000,9999.000,9999.000,9999.000,9999.000,9999.000,9999.000
202605210648,   1.912,   2.089,9999.000,9999.000,9999.000,9999.000,9999.000,9999.000,9999.000
202605210654,   1.851,   2.099,9999.000,9999.000,9999.000,9999.000,9999.000,9999.000,9999.000
202605210700,   1.790,   1.948,  -0.300,   0.458,   1.948,  -0.500,   1.748,  -0.200,   2.048
202605210706,   1.728,   1.879,9999.000,9999.000,9999.000,9999.000,9999.000,9999.000,9999.000
202605210712,   1.666,   1.918,9999.000,9999.000,9999.000,9999.000,9999.000,9999.000,9999.000
202605210718,   1.603,   1.830,9999.000,9999.000,9999.000,9999.000,9999.000,9999.000,9999.000
202605210724,   1.540,   1.767,9999.000,9999.000,9999.000,9999.000,9999.000,9999.000,9999.000
202605210730,   1.478,   1.790,9999.000,9999.000,9999.000,9999.000,9999.000,9999.000,9999.000
202605210736,   1.415,   1.689,9999.000,9999.000,9999.000,9999.000,9999.000,9999.000,9999.000
202605210742,   1.352,   1.610,9999.000,9999.000,9999.000,9999.000,9999.000,9999.000,9999.000
202605210748,   1.289,   1.557,9999.000,9999.000,9999.000,9999.000,9999.000,9999.000,9999.000
202605210754,   1.227,   1.489,9999.000,9999.000,9999.000,9999.000,9999.000,9999.000,9999.000
202605210800,   1.165,   1.439,  -0.300,   0.574,   1.439,  -0.400,   1.339,  -0.200,   1.539
202605210806,   1.104,   1.371,9999.000,9999.000,9999.000,9999.000,9999.000,9999.000,9999.000
202605210812,   1.044,   1.289,9999.000,9999.000,9999.000,9999.000,9999.000,9999.000,9999.000
202605210818,   0.984,   1.249,9999.000,9999.000,9999.000,9999.000,9999.000,9999.000,9999.000
202605210824,   0.925,   1.170,9999.000,9999.000,9999.000,9999.000,9999.000,9999.000,9999.000
202605210830,   0.867,   1.108,9999.000,9999.000,9999.000,9999.000,9999.000,9999.000,9999.000
202605210836,   0.811,   1.079,9999.000,9999.000,9999.000,9999.000,9999.000,9999.000,9999.000
202605210842,   0.755,   1.010,9999.000,9999.000,9999.000,9999.000,9999.000,9999.000,9999.000
202605210848,   0.701,   0.951,9999.000,9999.000,9999.000,9999.000,9999.000,9999.000,9999.000
202605210854,   0.648,   0.859,9999.000,9999.000,9999.000,9999.000,9999.000,9999.000,9999.000
202605210900,   0.597,   0.800,  -0.200,   0.403,   0.800,  -0.300,   0.700,  -0.200,   0.800
202605210906,   0.547,   0.770,9999.000,9999.000,9999.000,9999.000,9999.000,9999.000,9999.000
202605210912,   0.499,   0.731,9999.000,9999.000,9999.000,9999.000,9999.000,9999.000,9999.000
202605210918,   0.452,   0.708,9999.000,9999.000,9999.000,9999.000,9999.000,9999.000,9999.000
202605210924,   0.408,   0.649,9999.000,9999.000,9999.000,9999.000,9999.000,9999.000,9999.000
202605210930,   0.365,   0.580,9999.000,9999.000,9999.000,9999.000,9999.000,9999.000,9999.000
202605210936,   0.325,   0.518,9999.000,9999.000,9999.000,9999.000,9999.000,9999.000,9999.000
202605210942,   0.286,   0.488,9999.000,9999.000,9999.000,9999.000,9999.000,9999.000,9999.000
202605210948,   0.250,   0.469,9999.000,9999.000,9999.000,9999.000,9999.000,9999.000,9999.000
202605210954,   0.216,   0.409,9999.000,9999.000,9999.000,9999.000,9999.000,9999.000,9999.000
202605211000,   0.185,   0.380,  -0.200,   0.395,   0.380,  -0.300,   0.280,  -0.200,   0.380
202605211006,   0.156,   0.341,9999.000,9999.000,9999.000,9999.000,9999.000,9999.000,9999.000
202605211012,   0.129,   0.321,9999.000,9999.000,9999.000,9999.000,9999.000,9999.000,9999.000
202605211018,   0.105,   0.308,9999.000,9999.000,9999.000,9999.000,9999.000,9999.000,9999.000
202605211024,   0.084,   0.249,9999.000,9999.000,9999.000,9999.000,9999.000,9999.000,9999.000
202605211030,   0.065,   0.229,9999.000,9999.000,9999.000,9999.000,9999.000,9999.000,9999.000
202605211036,   0.050,   0.209,9999.000,9999.000,9999.000,9999.000,9999.000,9999.000,9999.000
202605211042,   0.037,   0.141,9999.000,9999.000,9999.000,9999.000,9999.000,9999.000,9999.000
202605211048,   0.027,   0.111,9999.000,9999.000,9999.000,9999.000,9999.000,9999.000,9999.000
202605211054,   0.019,   0.088,9999.000,9999.000,9999.000,9999.000,9999.000,9999.000,9999.000
202605211100,   0.015,   0.078,  -0.200,   0.263,   0.078,  -0.300,  -0.022,  -0.100,   0.178
202605211106,   0.014,   0.039,9999.000,9999.000,9999.000,9999.000,9999.000,9999.000,9999.000
202605211112,   0.016,   0.039,9999.000,9999.000,9999.000,9999.000,9999.000,9999.000,9999.000
202605211118,   0.020,   0.009,9999.000,9999.000,9999.000,9999.000,9999.000,9999.000,9999.000
202605211124,   0.028,  -0.009,9999.000,9999.000,9999.000,9999.000,9999.000,9999.000,9999.000
202605211130,   0.039,   0.019,9999.000,9999.000,9999.000,9999.000,9999.000,9999.000,9999.000
202605211136,   0.053,   0.019,9999.000,9999.000,9999.000,9999.000,9999.000,9999.000,9999.000
202605211142,   0.069,   0.019,9999.000,9999.000,9999.000,9999.000,9999.000,9999.000,9999.000
202605211148,   0.089,   0.049,9999.000,9999.000,9999.000,9999.000,9999.000,9999.000,9999.000
202605211154,   0.111,9999.000,9999.000,9999.000,9999.000,9999.000,9999.000,9999.000,9999.000
202605211200,   0.137,9999.000,  -0.200,9999.000,  -0.063,  -0.200,  -0.063,  -0.100,   0.037
202605211206,   0.165,9999.000,9999.000,9999.000,9999.000,9999.000,9999.000,9999.000,9999.000
202605211212,   0.196,9999.000,9999.000,9999.000,9999.000,9999.000,9999.000,9999.000,9999.000
202605211218,   0.229,9999.000,9999.000,9999.000,9999.000,9999.000,9999.000,9999.000,9999.000
202605211224,   0.265,9999.000,9999.000,9999.000,9999.000,9999.000,9999.000,9999.000,9999.000
202605211230,   0.303,   0.200,9999.000,9999.000,9999.000,9999.000,9999.000,9999.000,9999.000
202605211236,   0.344,9999.000,9999.000,9999.000,9999.000,9999.000,9999.000,9999.000,9999.000
202605211242,   0.387,9999.000,9999.000,9999.000,9999.000,9999.000,9999.000,9999.000,9999.000
202605211248,   0.432,   0.321,9999.000,9999.000,9999.000,9999.000,9999.000,9999.000,9999.000
202605211254,   0.479,9999.000,9999.000,9999.000,9999.000,9999.000,9999.000,9999.000,9999.000
202605211300,   0.527,   0.459,  -0.100,   0.032,   0.459,  -0.200,   0.359,  -0.100,   0.459
202605211306,   0.578,   0.531,9999.000,9999.000,9999.000,9999.000,9999.000,9999.000,9999.000
202605211312,   0.630,   0.580,9999.000,9999.000,9999.000,9999.000,9999.000,9999.000,9999.000
202605211318,   0.683,   0.629,9999.000,9999.000,9999.000,9999.000,9999.000,9999.000,9999.000
202605211324,   0.737,   0.698,9999.000,9999.000,9999.000,9999.000,9999.000,9999.000,9999.000
202605211330,   0.793,   0.708,9999.000,9999.000,9999.000,9999.000,9999.000,9999.000,9999.000
202605211336,   0.849,   0.780,9999.000,9999.000,9999.000,9999.000,9999.000,9999.000,9999.000
202605211342,   0.906,   0.819,9999.000,9999.000,9999.000,9999.000,9999.000,9999.000,9999.000
202605211348,   0.963,   0.879,9999.000,9999.000,9999.000,9999.000,9999.000,9999.000,9999.000
202605211354,   1.021,   0.970,9999.000,9999.000,9999.000,9999.000,9999.000,9999.000,9999.000
202605211400,   1.079,   0.990,  -0.100,   0.011,   0.990,  -0.100,   0.990,   0.000,   1.090
202605211406,   1.136,   1.049,9999.000,9999.000,9999.000,9999.000,9999.000,9999.000,9999.000
202605211412,   1.194,   1.161,9999.000,9999.000,9999.000,9999.000,9999.000,9999.000,9999.000
202605211418,   1.251,   1.200,9999.000,9999.000,9999.000,9999.000,9999.000,9999.000,9999.000
202605211424,   1.307,   1.259,9999.000,9999.000,9999.000,9999.000,9999.000,9999.000,9999.000
202605211430,   1.363,   1.328,9999.000,9999.000,9999.000,9999.000,9999.000,9999.000,9999.000
202605211436,   1.417,   1.390,9999.000,9999.000,9999.000,9999.000,9999.000,9999.000,9999.000
202605211442,   1.470,   1.439,9999.000,9999.000,9999.000,9999.000,9999.000,9999.000,9999.000
202605211448,   1.522,   1.508,9999.000,9999.000,9999.000,9999.000,9999.000,9999.000,9999.000
202605211454,   1.573,   1.557,9999.000,9999.000,9999.000,9999.000,9999.000,9999.000,9999.000
202605211500,   1.622,   1.610,  -0.100,   0.088,   1.610,  -0.100,   1.610,   0.000,   1.710
202605211506,   1.669,   1.669,9999.000,9999.000,9999.000,9999.000,9999.000,9999.000,9999.000
202605211512,   1.714,   1.728,9999.000,9999.000,9999.000,9999.000,9999.000,9999.000,9999.000
202605211518,   1.757,   1.767,9999.000,9999.000,9999.000,9999.000,9999.000,9999.000,9999.000
202605211524,   1.798,   1.800,9999.000,9999.000,9999.000,9999.000,9999.000,9999.000,9999.000
202605211530,   1.836,   1.879,9999.000,9999.000,9999.000,9999.000,9999.000,9999.000,9999.000
202605211536,   1.873,   1.928,9999.000,9999.000,9999.000,9999.000,9999.000,9999.000,9999.000
202605211542,   1.906,   1.967,9999.000,9999.000,9999.000,9999.000,9999.000,9999.000,9999.000
202605211548,   1.937,   1.990,9999.000,9999.000,9999.000,9999.000,9999.000,9999.000,9999.000
202605211554,   1.966,   2.040,9999.000,9999.000,9999.000,9999.000,9999.000,9999.000,9999.000
202605211600,   1.992,   2.059,   0.000,   0.067,   2.059,   0.000,   2.059,   0.000,   2.059
202605211606,   2.014,   2.089,9999.000,9999.000,9999.000,9999.000,9999.000,9999.000,9999.000
202605211612,   2.035,   2.128,9999.000,9999.000,9999.000,9999.000,9999.000,9999.000,9999.000
202605211618,   2.052,   2.168,9999.000,9999.000,9999.000,9999.000,9999.000,9999.000,9999.000
202605211624,   2.066,   2.200,9999.000,9999.000,9999.000,9999.000,9999.000,9999.000,9999.000
202605211630,   2.078,   2.230,9999.000,9999.000,9999.000,9999.000,9999.000,9999.000,9999.000
202605211636,   2.086,   2.259,9999.000,9999.000,9999.000,9999.000,9999.000,9999.000,9999.000
202605211642,   2.092,   2.269,9999.000,9999.000,9999.000,9999.000,9999.000,9999.000,9999.000
202605211648,   2.095,   2.279,9999.000,9999.000,9999.000,9999.000,9999.000,9999.000,9999.000
202605211654,   2.095,   2.318,9999.000,9999.000,9999.000,9999.000,9999.000,9999.000,9999.000
202605211700,   2.092,   2.338,   0.000,   0.246,   2.338,   0.000,   2.338,   0.000,   2.338
202605211706,   2.087,   2.348,9999.000,9999.000,9999.000,9999.000,9999.000,9999.000,9999.000
202605211712,   2.078,   2.348,9999.000,9999.000,9999.000,9999.000,9999.000,9999.000,9999.000
202605211718,   2.068,   2.348,9999.000,9999.000,9999.000,9999.000,9999.000,9999.000,9999.000
202605211724,   2.054,   2.377,9999.000,9999.000,9999.000,9999.000,9999.000,9999.000,9999.000
202605211730,   2.038,   2.387,9999.000,9999.000,9999.000,9999.000,9999.000,9999.000,9999.000
202605211736,   2.020,   2.387,9999.000,9999.000,9999.000,9999.000,9999.000,9999.000,9999.000
202605211742,   1.999,   2.400,9999.000,9999.000,9999.000,9999.000,9999.000,9999.000,9999.000
202605211748,   1.976,   2.368,9999.000,9999.000,9999.000,9999.000,9999.000,9999.000,9999.000
202605211754,   1.951,   2.377,9999.000,9999.000,9999.000,9999.000,9999.000,9999.000,9999.000
202605211800,   1.924,   2.387,   0.000,   0.463,   2.387,   0.000,   2.387,   0.100,   2.487
202605211806,   1.895,   2.368,9999.000,9999.000,9999.000,9999.000,9999.000,9999.000,9999.000
202605211812,   1.864,   2.387,9999.000,9999.000,9999.000,9999.000,9999.000,9999.000,9999.000
202605211818,   1.831,   2.377,9999.000,9999.000,9999.000,9999.000,9999.000,9999.000,9999.000
202605211824,   1.797,   2.279,9999.000,9999.000,9999.000,9999.000,9999.000,9999.000,9999.000
202605211830,   1.761,   2.368,9999.000,9999.000,9999.000,9999.000,9999.000,9999.000,9999.000
202605211836,   1.723,   2.250,9999.000,9999.000,9999.000,9999.000,9999.000,9999.000,9999.000
202605211842,   1.685,   2.309,9999.000,9999.000,9999.000,9999.000,9999.000,9999.000,9999.000
202605211848,   1.645,   2.269,9999.000,9999.000,9999.000,9999.000,9999.000,9999.000,9999.000
202605211854,   1.604,   2.240,9999.000,9999.000,9999.000,9999.000,9999.000,9999.000,9999.000
202605211900,   1.562,   2.220,   0.100,   0.558,   2.220,   0.000,   2.120,   0.100,   2.220
202605211906,   1.519,   2.200,9999.000,9999.000,9999.000,9999.000,9999.000,9999.000,9999.000
202605211912,   1.475,   2.128,9999.000,9999.000,9999.000,9999.000,9999.000,9999.000,9999.000
202605211918,   1.431,   2.148,9999.000,9999.000,9999.000,9999.000,9999.000,9999.000,9999.000
202605211924,   1.386,   2.099,9999.000,9999.000,9999.000,9999.000,9999.000,9999.000,9999.000
202605211930,   1.341,   2.069,9999.000,9999.000,9999.000,9999.000,9999.000,9999.000,9999.000
202605211936,   1.295,   2.030,9999.000,9999.000,9999.000,9999.000,9999.000,9999.000,9999.000
202605211942,   1.250,   1.990,9999.000,9999.000,9999.000,9999.000,9999.000,9999.000,9999.000
202605211948,   1.204,   1.928,9999.000,9999.000,9999.000,9999.000,9999.000,9999.000,9999.000
202605211954,   1.158,   1.948,9999.000,9999.000,9999.000,9999.000,9999.000,9999.000,9999.000
202605212000,   1.112,   1.830,   0.200,   0.518,   1.830,   0.100,   1.730,   0.300,   1.930
202605212006,   1.066,   1.800,9999.000,9999.000,9999.000,9999.000,9999.000,9999.000,9999.000
202605212012,   1.020,   1.758,9999.000,9999.000,9999.000,9999.000,9999.000,9999.000,9999.000
202605212018,   0.975,   1.738,9999.000,9999.000,9999.000,9999.000,9999.000,9999.000,9999.000
202605212024,   0.930,   1.679,9999.000,9999.000,9999.000,9999.000,9999.000,9999.000,9999.000
202605212030,   0.886,   1.610,9999.000,9999.000,9999.000,9999.000,9999.000,9999.000,9999.000
202605212036,   0.842,   1.610,9999.000,9999.000,9999.000,9999.000,9999.000,9999.000,9999.000
202605212042,   0.799,   1.557,9999.000,9999.000,9999.000,9999.000,9999.000,9999.000,9999.000
202605212048,   0.757,   1.479,9999.000,9999.000,9999.000,9999.000,9999.000,9999.000,9999.000
202605212054,   0.715,   1.449,9999.000,9999.000,9999.000,9999.000,9999.000,9999.000,9999.000
202605212100,   0.675,   1.430,   0.300,   0.455,   1.430,   0.200,   1.330,   0.400,   1.530
202605212106,   0.635,   1.390,9999.000,9999.000,9999.000,9999.000,9999.000,9999.000,9999.000
202605212112,   0.597,   1.328,9999.000,9999.000,9999.000,9999.000,9999.000,9999.000,9999.000
202605212118,   0.560,   1.298,9999.000,9999.000,9999.000,9999.000,9999.000,9999.000,9999.000
202605212124,   0.525,   1.229,9999.000,9999.000,9999.000,9999.000,9999.000,9999.000,9999.000
202605212130,   0.490,   1.229,9999.000,9999.000,9999.000,9999.000,9999.000,9999.000,9999.000
202605212136,   0.458,   1.190,9999.000,9999.000,9999.000,9999.000,9999.000,9999.000,9999.000
202605212142,   0.426,   1.170,9999.000,9999.000,9999.000,9999.000,9999.000,9999.000,9999.000
202605212148,   0.397,   1.118,9999.000,9999.000,9999.000,9999.000,9999.000,9999.000,9999.000
202605212154,   0.369,   1.108,9999.000,9999.000,9999.000,9999.000,9999.000,9999.000,9999.000
202605212200,   0.343,   1.118,   0.500,   0.275,   1.118,   0.300,   0.918,   0.600,   1.218
202605212206,   0.319,   1.059,9999.000,9999.000,9999.000,9999.000,9999.000,9999.000,9999.000
202605212212,   0.297,   1.059,9999.000,9999.000,9999.000,9999.000,9999.000,9999.000,9999.000
202605212218,   0.276,   1.010,9999.000,9999.000,9999.000,9999.000,9999.000,9999.000,9999.000
202605212224,   0.258,   1.000,9999.000,9999.000,9999.000,9999.000,9999.000,9999.000,9999.000
202605212230,   0.243,   0.951,9999.000,9999.000,9999.000,9999.000,9999.000,9999.000,9999.000
202605212236,   0.229,   0.928,9999.000,9999.000,9999.000,9999.000,9999.000,9999.000,9999.000
202605212242,   0.218,   0.941,9999.000,9999.000,9999.000,9999.000,9999.000,9999.000,9999.000
202605212248,   0.209,   0.918,9999.000,9999.000,9999.000,9999.000,9999.000,9999.000,9999.000
202605212254,   0.203,   0.888,9999.000,9999.000,9999.000,9999.000,9999.000,9999.000,9999.000
202605212300,   0.199,   0.918,   0.500,   0.219,   0.918,   0.400,   0.818,   0.700,   1.118
202605212306,   0.197,   0.908,9999.000,9999.000,9999.000,9999.000,9999.000,9999.000,9999.000
202605212312,   0.199,   0.898,9999.000,9999.000,9999.000,9999.000,9999.000,9999.000,9999.000
202605212318,   0.203,   0.918,9999.000,9999.000,9999.000,9999.000,9999.000,9999.000,9999.000
202605212324,   0.209,   0.918,9999.000,9999.000,9999.000,9999.000,9999.000,9999.000,9999.000
202605212330,   0.218,   0.918,9999.000,9999.000,9999.000,9999.000,9999.000,9999.000,9999.000
202605212336,   0.230,   0.908,9999.000,9999.000,9999.000,9999.000,9999.000,9999.000,9999.000
202605212342,   0.245,   0.951,9999.000,9999.000,9999.000,9999.000,9999.000,9999.000,9999.000
202605212348,   0.263,   0.990,9999.000,9999.000,9999.000,9999.000,9999.000,9999.000,9999.000
202605212354,   0.283,   1.000,9999.000,9999.000,9999.000,9999.000,9999.000,9999.000,9999.000
202605220000,   0.306,   1.039,   0.500,   0.233,   1.039,   0.300,   0.839,   0.600,   1.139
202605220006,   0.331,   1.049,9999.000,9999.000,9999.000,9999.000,9999.000,9999.000,9999.000
202605220012,   0.360,   1.098,9999.000,9999.000,9999.000,9999.000,9999.000,9999.000,9999.000
202605220018,   0.390,   1.118,9999.000,9999.000,9999.000,9999.000,9999.000,9999.000,9999.000
202605220024,   0.424,   1.161,9999.000,9999.000,9999.000,9999.000,9999.000,9999.000,9999.000
202605220030,   0.460,   1.161,9999.000,9999.000,9999.000,9999.000,9999.000,9999.000,9999.000
202605220036,   0.498,   1.210,9999.000,9999.000,9999.000,9999.000,9999.000,9999.000,9999.000
202605220042,   0.539,   1.249,9999.000,9999.000,9999.000,9999.000,9999.000,9999.000,9999.000
202605220048,   0.582,   1.308,9999.000,9999.000,9999.000,9999.000,9999.000,9999.000,9999.000
202605220054,   0.628,   1.298,9999.000,9999.000,9999.000,9999.000,9999.000,9999.000,9999.000
202605220100,   0.675,   1.348,   0.600,   0.073,   1.348,   0.400,   1.148,   0.700,   1.448
202605220106,   0.725,   1.420,9999.000,9999.000,9999.000,9999.000,9999.000,9999.000,9999.000
202605220112,   0.776,   1.479,9999.000,9999.000,9999.000,9999.000,9999.000,9999.000,9999.000
202605220118,   0.829,   1.548,9999.000,9999.000,9999.000,9999.000,9999.000,9999.000,9999.000
202605220124,   0.884,   1.590,9999.000,9999.000,9999.000,9999.000,9999.000,9999.000,9999.000
202605220130,   0.940,   1.639,9999.000,9999.000,9999.000,9999.000,9999.000,9999.000,9999.000
202605220136,   0.998,   1.708,9999.000,9999.000,9999.000,9999.000,9999.000,9999.000,9999.000
202605220142,   1.056,   1.748,9999.000,9999.000,9999.000,9999.000,9999.000,9999.000,9999.000
202605220148,   1.116,   1.810,9999.000,9999.000,9999.000,9999.000,9999.000,9999.000,9999.000
202605220154,   1.177,   1.869,9999.000,9999.000,9999.000,9999.000,9999.000,9999.000,9999.000
202605220200,   1.238,   1.938,   0.600,   0.100,   1.938,   0.500,   1.838,   0.700,   2.038
202605220206,   1.299,   2.020,9999.000,9999.000,9999.000,9999.000,9999.000,9999.000,9999.000
202605220212,   1.362,   2.049,9999.000,9999.000,9999.000,9999.000,9999.000,9999.000,9999.000
202605220218,   1.424,   2.118,9999.000,9999.000,9999.000,9999.000,9999.000,9999.000,9999.000
202605220224,   1.486,   2.210,9999.000,9999.000,9999.000,9999.000,9999.000,9999.000,9999.000
202605220230,   1.548,   2.250,9999.000,9999.000,9999.000,9999.000,9999.000,9999.000,9999.000
202605220236,   1.609,   2.289,9999.000,9999.000,9999.000,9999.000,9999.000,9999.000,9999.000
202605220242,   1.670,   2.318,9999.000,9999.000,9999.000,9999.000,9999.000,9999.000,9999.000
202605220248,   1.731,   2.377,9999.000,9999.000,9999.000,9999.000,9999.000,9999.000,9999.000
202605220254,   1.790,   2.450,9999.000,9999.000,9999.000,9999.000,9999.000,9999.000,9999.000
202605220300,   1.848,   2.489,   0.700,  -0.059,   2.489,   0.500,   2.289,   0.800,   2.589
202605220306,   1.905,   2.548,9999.000,9999.000,9999.000,9999.000,9999.000,9999.000,9999.000
202605220312,   1.961,   2.610,9999.000,9999.000,9999.000,9999.000,9999.000,9999.000,9999.000
202605220318,   2.014,   2.689,9999.000,9999.000,9999.000,9999.000,9999.000,9999.000,9999.000
202605220324,   2.067,   2.758,9999.000,9999.000,9999.000,9999.000,9999.000,9999.000,9999.000
202605220330,   2.117,   2.768,9999.000,9999.000,9999.000,9999.000,9999.000,9999.000,9999.000
202605220336,   2.165,   2.850,9999.000,9999.000,9999.000,9999.000,9999.000,9999.000,9999.000
202605220342,   2.211,   2.899,9999.000,9999.000,9999.000,9999.000,9999.000,9999.000,9999.000
202605220348,   2.255,   2.968,9999.000,9999.000,9999.000,9999.000,9999.000,9999.000,9999.000
202605220354,   2.296,   3.007,9999.000,9999.000,9999.000,9999.000,9999.000,9999.000,9999.000
202605220400,   2.335,   3.060,   0.700,   0.025,   3.060,   0.500,   2.860,   0.800,   3.160
202605220406,   2.371,   3.099,9999.000,9999.000,9999.000,9999.000,9999.000,9999.000,9999.000
202605220412,   2.404,   3.168,9999.000,9999.000,9999.000,9999.000,9999.000,9999.000,9999.000
202605220418,   2.435,   3.188,9999.000,9999.000,9999.000,9999.000,9999.000,9999.000,9999.000
202605220424,   2.463,   3.217,9999.000,9999.000,9999.000,9999.000,9999.000,9999.000,9999.000
202605220430,   2.488,   3.289,9999.000,9999.000,9999.000,9999.000,9999.000,9999.000,9999.000
202605220436,   2.510,   3.319,9999.000,9999.000,9999.000,9999.000,9999.000,9999.000,9999.000
202605220442,   2.529,   3.358,9999.000,9999.000,9999.000,9999.000,9999.000,9999.000,9999.000
202605220448,   2.545,   3.388,9999.000,9999.000,9999.000,9999.000,9999.000,9999.000,9999.000
202605220454,   2.558,   3.417,9999.000,9999.000,9999.000,9999.000,9999.000,9999.000,9999.000
202605220500,   2.567,   3.450,   0.600,   0.283,   3.450,   0.500,   3.350,   0.800,   3.650
202605220506,   2.574,   3.470,9999.000,9999.000,9999.000,9999.000,9999.000,9999.000,9999.000
202605220512,   2.578,   3.480,9999.000,9999.000,9999.000,9999.000,9999.000,9999.000,9999.000
202605220518,   2.579,   3.509,9999.000,9999.000,9999.000,9999.000,9999.000,9999.000,9999.000
202605220524,   2.576,   3.509,9999.000,9999.000,9999.000,9999.000,9999.000,9999.000,9999.000
202605220530,   2.571,   3.539,9999.000,9999.000,9999.000,9999.000,9999.000,9999.000,9999.000
202605220536,   2.563,   3.578,9999.000,9999.000,9999.000,9999.000,9999.000,9999.000,9999.000
202605220542,   2.552,   3.588,9999.000,9999.000,9999.000,9999.000,9999.000,9999.000,9999.000
202605220548,   2.538,   3.588,9999.000,9999.000,9999.000,9999.000,9999.000,9999.000,9999.000
202605220554,   2.522,   3.588,9999.000,9999.000,9999.000,9999.000,9999.000,9999.000,9999.000
202605220600,   2.503,   3.578,   0.700,   0.375,   3.578,   0.500,   3.378,   0.800,   3.678
202605220606,   2.481,   3.607,9999.000,9999.000,9999.000,9999.000,9999.000,9999.000,9999.000
202605220612,   2.457,   3.607,9999.000,9999.000,9999.000,9999.000,9999.000,9999.000,9999.000
202605220618,   2.430,   3.588,9999.000,9999.000,9999.000,9999.000,9999.000,9999.000,9999.000
202605220624,   2.401,   3.588,9999.000,9999.000,9999.000,9999.000,9999.000,9999.000,9999.000
202605220630,   2.369,   3.578,9999.000,9999.000,9999.000,9999.000,9999.000,9999.000,9999.000
202605220636,   2.336,   3.568,9999.000,9999.000,9999.000,9999.000,9999.000,9999.000,9999.000
202605220642,   2.300,   3.529,9999.000,9999.000,9999.000,9999.000,9999.000,9999.000,9999.000
202605220648,   2.263,   3.499,9999.000,9999.000,9999.000,9999.000,9999.000,9999.000,9999.000
202605220654,   2.224,   3.480,9999.000,9999.000,9999.000,9999.000,9999.000,9999.000,9999.000
202605220700,   2.182,   3.450,   0.700,   0.568,   3.450,   0.600,   3.350,   0.900,   3.650
202605220706,   2.140,   3.388,9999.000,9999.000,9999.000,9999.000,9999.000,9999.000,9999.000
202605220712,   2.095,   3.348,9999.000,9999.000,9999.000,9999.000,9999.000,9999.000,9999.000
202605220718,   2.050,   3.329,9999.000,9999.000,9999.000,9999.000,9999.000,9999.000,9999.000
202605220724,   2.003,   3.270,9999.000,9999.000,9999.000,9999.000,9999.000,9999.000,9999.000
202605220730,   1.954,   3.240,9999.000,9999.000,9999.000,9999.000,9999.000,9999.000,9999.000
202605220736,   1.905,   3.197,9999.000,9999.000,9999.000,9999.000,9999.000,9999.000,9999.000
202605220742,   1.854,   3.158,9999.000,9999.000,9999.000,9999.000,9999.000,9999.000,9999.000
202605220748,   1.803,   3.138,9999.000,9999.000,9999.000,9999.000,9999.000,9999.000,9999.000
202605220754,   1.751,   3.089,9999.000,9999.000,9999.000,9999.000,9999.000,9999.000,9999.000
202605220800,   1.698,   3.017,   0.800,   0.519,   3.017,   0.600,   2.817,   0.900,   3.117
202605220806,   1.644,   3.007,9999.000,9999.000,9999.000,9999.000,9999.000,9999.000,9999.000
202605220812,   1.590,   2.938,9999.000,9999.000,9999.000,9999.000,9999.000,9999.000,9999.000
202605220818,   1.536,   2.919,9999.000,9999.000,9999.000,9999.000,9999.000,9999.000,9999.000
202605220824,   1.481,   2.860,9999.000,9999.000,9999.000,9999.000,9999.000,9999.000,9999.000
202605220830,   1.426,   2.807,9999.000,9999.000,9999.000,9999.000,9999.000,9999.000,9999.000
202605220836,   1.371,   2.768,9999.000,9999.000,9999.000,9999.000,9999.000,9999.000,9999.000
202605220842,   1.315,   2.719,9999.000,9999.000,9999.000,9999.000,9999.000,9999.000,9999.000
202605220848,   1.260,   2.650,9999.000,9999.000,9999.000,9999.000,9999.000,9999.000,9999.000
202605220854,   1.205,   2.610,9999.000,9999.000,9999.000,9999.000,9999.000,9999.000,9999.000
202605220900,   1.151,   2.538,   0.800,   0.587,   2.538,   0.700,   2.438,   0.900,   2.638
202605220906,   1.096,   2.499,9999.000,9999.000,9999.000,9999.000,9999.000,9999.000,9999.000
202605220912,   1.042,   2.450,9999.000,9999.000,9999.000,9999.000,9999.000,9999.000,9999.000
202605220918,   0.989,   2.400,9999.000,9999.000,9999.000,9999.000,9999.000,9999.000,9999.000
202605220924,   0.936,   2.338,9999.000,9999.000,9999.000,9999.000,9999.000,9999.000,9999.000
202605220930,   0.884,   2.299,9999.000,9999.000,9999.000,9999.000,9999.000,9999.000,9999.000
202605220936,   0.833,   2.230,9999.000,9999.000,9999.000,9999.000,9999.000,9999.000,9999.000
202605220942,   0.783,   2.191,9999.000,9999.000,9999.000,9999.000,9999.000,9999.000,9999.000
202605220948,   0.733,   2.128,9999.000,9999.000,9999.000,9999.000,9999.000,9999.000,9999.000
202605220954,   0.685,   2.079,9999.000,9999.000,9999.000,9999.000,9999.000,9999.000,9999.000
202605221000,   0.638,   2.030,   0.900,   0.492,   2.030,   0.700,   1.830,   1.000,   2.130
202605221006,   0.593,   1.981,9999.000,9999.000,9999.000,9999.000,9999.000,9999.000,9999.000
202605221012,   0.548,   1.918,9999.000,9999.000,9999.000,9999.000,9999.000,9999.000,9999.000
202605221018,   0.506,   1.869,9999.000,9999.000,9999.000,9999.000,9999.000,9999.000,9999.000
202605221024,   0.465,   1.830,9999.000,9999.000,9999.000,9999.000,9999.000,9999.000,9999.000
202605221030,   0.425,   1.810,9999.000,9999.000,9999.000,9999.000,9999.000,9999.000,9999.000
202605221036,   0.388,   1.728,9999.000,9999.000,9999.000,9999.000,9999.000,9999.000,9999.000
202605221042,   0.352,   1.708,9999.000,9999.000,9999.000,9999.000,9999.000,9999.000,9999.000
202605221048,   0.318,   1.659,9999.000,9999.000,9999.000,9999.000,9999.000,9999.000,9999.000
202605221054,   0.286,   1.610,9999.000,9999.000,9999.000,9999.000,9999.000,9999.000,9999.000
202605221100,   0.256,   1.590,   0.900,   0.434,   1.590,   0.700,   1.390,   1.000,   1.690
202605221106,   0.229,   1.548,9999.000,9999.000,9999.000,9999.000,9999.000,9999.000,9999.000
202605221112,   0.204,   1.489,9999.000,9999.000,9999.000,9999.000,9999.000,9999.000,9999.000
202605221118,   0.181,   1.459,9999.000,9999.000,9999.000,9999.000,9999.000,9999.000,9999.000
202605221124,   0.161,   1.459,9999.000,9999.000,9999.000,9999.000,9999.000,9999.000,9999.000
202605221130,   0.143,   1.420,9999.000,9999.000,9999.000,9999.000,9999.000,9999.000,9999.000
202605221136,   0.128,   1.400,9999.000,9999.000,9999.000,9999.000,9999.000,9999.000,9999.000
202605221142,   0.115,   1.371,9999.000,9999.000,9999.000,9999.000,9999.000,9999.000,9999.000
202605221148,   0.105,   1.361,9999.000,9999.000,9999.000,9999.000,9999.000,9999.000,9999.000
202605221154,   0.098,   1.348,9999.000,9999.000,9999.000,9999.000,9999.000,9999.000,9999.000
202605221200,   0.093,   1.338,   0.900,   0.345,   1.338,   0.800,   1.238,   0.900,   1.338
202605221206,   0.092,   1.289,9999.000,9999.000,9999.000,9999.000,9999.000,9999.000,9999.000
202605221212,   0.093,   1.308,9999.000,9999.000,9999.000,9999.000,9999.000,9999.000,9999.000
202605221218,   0.097,   1.289,9999.000,9999.000,9999.000,9999.000,9999.000,9999.000,9999.000
202605221224,   0.103,   1.298,9999.000,9999.000,9999.000,9999.000,9999.000,9999.000,9999.000
202605221230,   0.113,   1.279,9999.000,9999.000,9999.000,9999.000,9999.000,9999.000,9999.000
202605221236,   0.126,   1.269,9999.000,9999.000,9999.000,9999.000,9999.000,9999.000,9999.000
202605221242,   0.141,   1.269,9999.000,9999.000,9999.000,9999.000,9999.000,9999.000,9999.000
202605221248,   0.159,   1.328,9999.000,9999.000,9999.000,9999.000,9999.000,9999.000,9999.000
202605221254,   0.180,   1.318,9999.000,9999.000,9999.000,9999.000,9999.000,9999.000,9999.000
202605221300,   0.203,   1.308,   0.800,   0.305,   1.308,   0.800,   1.308,   0.900,   1.408
202605221306,   0.229,   1.328,9999.000,9999.000,9999.000,9999.000,9999.000,9999.000,9999.000
202605221312,   0.258,   1.390,9999.000,9999.000,9999.000,9999.000,9999.000,9999.000,9999.000
202605221318,   0.289,   1.328,9999.000,9999.000,9999.000,9999.000,9999.000,9999.000,9999.000
202605221324,   0.322,   1.410,9999.000,9999.000,9999.000,9999.000,9999.000,9999.000,9999.000
202605221330,   0.358,   1.380,9999.000,9999.000,9999.000,9999.000,9999.000,9999.000,9999.000
202605221336,   0.396,   1.469,9999.000,9999.000,9999.000,9999.000,9999.000,9999.000,9999.000
202605221342,   0.437,   1.498,9999.000,9999.000,9999.000,9999.000,9999.000,9999.000,9999.000
202605221348,   0.479,   1.479,9999.000,9999.000,9999.000,9999.000,9999.000,9999.000,9999.000
202605221354,   0.523,   1.518,9999.000,9999.000,9999.000,9999.000,9999.000,9999.000,9999.000
202605221400,   0.569,   1.538,   0.900,   0.069,   1.538,   0.800,   1.438,   1.000,   1.638
202605221406,   0.616,   1.639,9999.000,9999.000,9999.000,9999.000,9999.000,9999.000,9999.000
202605221412,   0.665,   1.659,9999.000,9999.000,9999.000,9999.000,9999.000,9999.000,9999.000
202605221418,   0.715,   1.728,9999.000,9999.000,9999.000,9999.000,9999.000,9999.000,9999.000
202605221424,   0.766,   1.728,9999.000,9999.000,9999.000,9999.000,9999.000,9999.000,9999.000
202605221430,   0.819,   1.790,9999.000,9999.000,9999.000,9999.000,9999.000,9999.000,9999.000
202605221436,   0.872,   1.849,9999.000,9999.000,9999.000,9999.000,9999.000,9999.000,9999.000
202605221442,   0.925,   1.889,9999.000,9999.000,9999.000,9999.000,9999.000,9999.000,9999.000
202605221448,   0.979,   1.908,9999.000,9999.000,9999.000,9999.000,9999.000,9999.000,9999.000
202605221454,   1.034,   1.981,9999.000,9999.000,9999.000,9999.000,9999.000,9999.000,9999.000
202605221500,   1.089,   2.010,   0.900,   0.021,   2.010,   0.800,   1.910,   1.000,   2.110
202605221506,   1.143,   2.069,9999.000,9999.000,9999.000,9999.000,9999.000,9999.000,9999.000
202605221512,   1.197,   2.148,9999.000,9999.000,9999.000,9999.000,9999.000,9999.000,9999.000
202605221518,   1.251,   2.200,9999.000,9999.000,9999.000,9999.000,9999.000,9999.000,9999.000
202605221524,   1.305,   2.259,9999.000,9999.000,9999.000,9999.000,9999.000,9999.000,9999.000
202605221530,   1.358,   2.299,9999.000,9999.000,9999.000,9999.000,9999.000,9999.000,9999.000
202605221536,   1.410,   2.338,9999.000,9999.000,9999.000,9999.000,9999.000,9999.000,9999.000
202605221542,   1.460,   2.430,9999.000,9999.000,9999.000,9999.000,9999.000,9999.000,9999.000
202605221548,   1.510,   2.489,9999.000,9999.000,9999.000,9999.000,9999.000,9999.000,9999.000
202605221554,   1.558,   2.519,9999.000,9999.000,9999.000,9999.000,9999.000,9999.000,9999.000
202605221600,   1.605,   2.578,   0.900,   0.073,   2.578,   0.800,   2.478,   1.000,   2.678
202605221606,   1.651,   2.650,9999.000,9999.000,9999.000,9999.000,9999.000,9999.000,9999.000
202605221612,   1.694,   2.660,9999.000,9999.000,9999.000,9999.000,9999.000,9999.000,9999.000
202605221618,   1.736,   2.709,9999.000,9999.000,9999.000,9999.000,9999.000,9999.000,9999.000
202605221624,   1.776,   2.768,9999.000,9999.000,9999.000,9999.000,9999.000,9999.000,9999.000
202605221630,   1.814,   2.797,9999.000,9999.000,9999.000,9999.000,9999.000,9999.000,9999.000
202605221636,   1.849,   2.840,9999.000,9999.000,9999.000,9999.000,9999.000,9999.000,9999.000
202605221642,   1.883,   2.869,9999.000,9999.000,9999.000,9999.000,9999.000,9999.000,9999.000
202605221648,   1.914,   2.889,9999.000,9999.000,9999.000,9999.000,9999.000,9999.000,9999.000
202605221654,   1.943,   2.948,9999.000,9999.000,9999.000,9999.000,9999.000,9999.000,9999.000
202605221700,   1.969,   2.988,   0.900,   0.119,   2.988,   0.800,   2.888,   1.000,   3.088
202605221706,   1.993,   3.040,9999.000,9999.000,9999.000,9999.000,9999.000,9999.000,9999.000
202605221712,   2.014,   3.050,9999.000,9999.000,9999.000,9999.000,9999.000,9999.000,9999.000
202605221718,   2.033,   3.089,9999.000,9999.000,9999.000,9999.000,9999.000,9999.000,9999.000
202605221724,   2.049,   3.119,9999.000,9999.000,9999.000,9999.000,9999.000,9999.000,9999.000
202605221730,   2.063,   3.148,9999.000,9999.000,9999.000,9999.000,9999.000,9999.000,9999.000
202605221736,   2.074,   3.178,9999.000,9999.000,9999.000,9999.000,9999.000,9999.000,9999.000
202605221742,   2.082,   3.207,9999.000,9999.000,9999.000,9999.000,9999.000,9999.000,9999.000
202605221748,   2.088,   3.250,9999.000,9999.000,9999.000,9999.000,9999.000,9999.000,9999.000
202605221754,   2.092,   3.289,9999.000,9999.000,9999.000,9999.000,9999.000,9999.000,9999.000
202605221800,   2.093,   3.309,   1.000,   0.250,   3.343,   0.800,   3.143,   1.100,   3.443
202605221806,   2.091,   3.329,9999.000,9999.000,9999.000,9999.000,9999.000,9999.000,9999.000
202605221812,   2.087,   3.339,9999.000,9999.000,9999.000,9999.000,9999.000,9999.000,9999.000
202605221818,   2.081,   3.348,9999.000,9999.000,9999.000,9999.000,9999.000,9999.000,9999.000
202605221824,   2.072,   3.358,9999.000,9999.000,9999.000,9999.000,9999.000,9999.000,9999.000
202605221830,   2.061,   3.368,9999.000,9999.000,9999.000,9999.000,9999.000,9999.000,9999.000
202605221836,   2.048,   3.358,9999.000,9999.000,9999.000,9999.000,9999.000,9999.000,9999.000
202605221842,   2.032,   3.348,9999.000,9999.000,9999.000,9999.000,9999.000,9999.000,9999.000
202605221848,   2.015,   3.368,9999.000,9999.000,9999.000,9999.000,9999.000,9999.000,9999.000
202605221854,   1.995,   3.368,9999.000,9999.000,9999.000,9999.000,9999.000,9999.000,9999.000
202605221900,   1.974,   3.358,   1.000,   0.301,   3.275,   0.900,   3.175,   1.100,   3.375
202605221906,   1.950,   3.339,9999.000,9999.000,9999.000,9999.000,9999.000,9999.000,9999.000
202605221912,   1.925,   3.329,9999.000,9999.000,9999.000,9999.000,9999.000,9999.000,9999.000
202605221918,   1.898,   3.319,9999.000,9999.000,9999.000,9999.000,9999.000,9999.000,9999.000
202605221924,   1.870,   3.309,9999.000,9999.000,9999.000,9999.000,9999.000,9999.000,9999.000
202605221930,   1.840,   3.260,9999.000,9999.000,9999.000,9999.000,9999.000,9999.000,9999.000
202605221936,   1.808,   3.250,9999.000,9999.000,9999.000,9999.000,9999.000,9999.000,9999.000
202605221942,   1.775,   3.178,9999.000,9999.000,9999.000,9999.000,9999.000,9999.000,9999.000
202605221948,   1.741,   3.178,9999.000,9999.000,9999.000,9999.000,9999.000,9999.000,9999.000
202605221954,   1.706,   3.129,9999.000,9999.000,9999.000,9999.000,9999.000,9999.000,9999.000
202605222000,   1.670,   3.089,   1.100,   0.322,   3.092,   1.000,   2.992,   1.200,   3.192
202605222006,   1.632,   3.050,9999.000,9999.000,9999.000,9999.000,9999.000,9999.000,9999.000
202605222012,   1.594,   3.007,9999.000,9999.000,9999.000,9999.000,9999.000,9999.000,9999.000
202605222018,   1.555,   2.988,9999.000,9999.000,9999.000,9999.000,9999.000,9999.000,9999.000
202605222024,   1.515,   2.958,9999.000,9999.000,9999.000,9999.000,9999.000,9999.000,9999.000
202605222030,   1.474,   2.929,9999.000,9999.000,9999.000,9999.000,9999.000,9999.000,9999.000
202605222036,   1.433,   2.889,9999.000,9999.000,9999.000,9999.000,9999.000,9999.000,9999.000
202605222042,   1.391,   2.840,9999.000,9999.000,9999.000,9999.000,9999.000,9999.000,9999.000
202605222048,   1.349,   2.797,9999.000,9999.000,9999.000,9999.000,9999.000,9999.000,9999.000
202605222054,   1.306,   2.748,9999.000,9999.000,9999.000,9999.000,9999.000,9999.000,9999.000
202605222100,   1.263,   2.679,   1.200,   0.298,   2.761,   1.000,   2.561,   1.300,   2.861
202605222106,   1.220,   2.650,9999.000,9999.000,9999.000,9999.000,9999.000,9999.000,9999.000
202605222112,   1.177,   2.610,9999.000,9999.000,9999.000,9999.000,9999.000,9999.000,9999.000
202605222118,   1.134,   2.568,9999.000,9999.000,9999.000,9999.000,9999.000,9999.000,9999.000
202605222124,   1.091,   2.528,9999.000,9999.000,9999.000,9999.000,9999.000,9999.000,9999.000
202605222130,   1.048,   2.469,9999.000,9999.000,9999.000,9999.000,9999.000,9999.000,9999.000
202605222136,   1.006,   2.420,9999.000,9999.000,9999.000,9999.000,9999.000,9999.000,9999.000
202605222142,   0.964,   2.368,9999.000,9999.000,9999.000,9999.000,9999.000,9999.000,9999.000
202605222148,   0.922,   2.318,9999.000,9999.000,9999.000,9999.000,9999.000,9999.000,9999.000
202605222154,   0.880,   2.269,9999.000,9999.000,9999.000,9999.000,9999.000,9999.000,9999.000
202605222200,   0.840,   2.240,   1.200,   0.244,   2.284,   1.100,   2.184,   1.400,   2.484
202605222206,   0.800,   2.200,9999.000,9999.000,9999.000,9999.000,9999.000,9999.000,9999.000
202605222212,   0.761,   2.158,9999.000,9999.000,9999.000,9999.000,9999.000,9999.000,9999.000
202605222218,   0.722,   2.109,9999.000,9999.000,9999.000,9999.000,9999.000,9999.000,9999.000
202605222224,   0.685,   2.059,9999.000,9999.000,9999.000,9999.000,9999.000,9999.000,9999.000
202605222230,   0.649,   2.000,9999.000,9999.000,9999.000,9999.000,9999.000,9999.000,9999.000
202605222236,   0.614,   1.958,9999.000,9999.000,9999.000,9999.000,9999.000,9999.000,9999.000
202605222242,   0.580,   1.928,9999.000,9999.000,9999.000,9999.000,9999.000,9999.000,9999.000
202605222248,   0.548,   1.889,9999.000,9999.000,9999.000,9999.000,9999.000,9999.000,9999.000
202605222254,   0.517,   1.869,9999.000,9999.000,9999.000,9999.000,9999.000,9999.000,9999.000
202605222300,   0.487,   1.810,   1.200,   0.163,   1.850,   1.100,   1.750,   1.400,   2.050
202605222306,   0.459,   1.790,9999.000,9999.000,9999.000,9999.000,9999.000,9999.000,9999.000
202605222312,   0.433,   1.748,9999.000,9999.000,9999.000,9999.000,9999.000,9999.000,9999.000
202605222318,   0.409,   1.728,9999.000,9999.000,9999.000,9999.000,9999.000,9999.000,9999.000
202605222324,   0.386,   1.699,9999.000,9999.000,9999.000,9999.000,9999.000,9999.000,9999.000
202605222330,   0.366,   1.689,9999.000,9999.000,9999.000,9999.000,9999.000,9999.000,9999.000
202605222336,   0.347,   1.659,9999.000,9999.000,9999.000,9999.000,9999.000,9999.000,9999.000
202605222342,   0.331,   1.630,9999.000,9999.000,9999.000,9999.000,9999.000,9999.000,9999.000
202605222348,   0.317,   1.600,9999.000,9999.000,9999.000,9999.000,9999.000,9999.000,9999.000
202605222354,   0.305,9999.000,9999.000,9999.000,9999.000,9999.000,9999.000,9999.000,9999.000
202605230000,   0.295,9999.000,   1.200,   0.066,   1.561,   1.100,   1.461,   1.400,   1.761
202605230006,   0.288,9999.000,9999.000,9999.000,9999.000,9999.000,9999.000,9999.000,9999.000
202605230012,   0.283,9999.000,9999.000,9999.000,9999.000,9999.000,9999.000,9999.000,9999.000
202605230018,   0.281,9999.000,9999.000,9999.000,9999.000,9999.000,9999.000,9999.000,9999.000
202605230024,   0.282,9999.000,9999.000,9999.000,9999.000,9999.000,9999.000,9999.000,9999.000
202605230030,   0.284,9999.000,9999.000,9999.000,9999.000,9999.000,9999.000,9999.000,9999.000
202605230036,   0.290,9999.000,9999.000,9999.000,9999.000,9999.000,9999.000,9999.000,9999.000
202605230042,   0.298,9999.000,9999.000,9999.000,9999.000,9999.000,9999.000,9999.000,9999.000
202605230048,   0.309,9999.000,9999.000,9999.000,9999.000,9999.000,9999.000,9999.000,9999.000
202605230054,   0.322,9999.000,9999.000,9999.000,9999.000,9999.000,9999.000,9999.000,9999.000
202605230100,   0.338,9999.000,   1.300,  -0.002,   1.636,   1.100,   1.436,   1.400,   1.736
202605230106,   0.357,9999.000,9999.000,9999.000,9999.000,9999.000,9999.000,9999.000,9999.000
202605230112,   0.378,9999.000,9999.000,9999.000,9999.000,9999.000,9999.000,9999.000,9999.000
202605230118,   0.402,9999.000,9999.000,9999.000,9999.000,9999.000,9999.000,9999.000,9999.000
202605230124,   0.428,9999.000,9999.000,9999.000,9999.000,9999.000,9999.000,9999.000,9999.000
202605230130,   0.457,9999.000,9999.000,9999.000,9999.000,9999.000,9999.000,9999.000,9999.000
202605230136,   0.488,9999.000,9999.000,9999.000,9999.000,9999.000,9999.000,9999.000,9999.000
202605230142,   0.521,9999.000,9999.000,9999.000,9999.000,9999.000,9999.000,9999.000,9999.000
202605230148,   0.557,9999.000,9999.000,9999.000,9999.000,9999.000,9999.000,9999.000,9999.000
202605230154,   0.595,9999.000,9999.000,9999.000,9999.000,9999.000,9999.000,9999.000,9999.000
202605230200,   0.635,9999.000,   1.200,  -0.006,   1.829,   1.100,   1.729,   1.400,   2.029
202605230206,   0.677,9999.000,9999.000,9999.000,9999.000,9999.000,9999.000,9999.000,9999.000
202605230212,   0.721,9999.000,9999.000,9999.000,9999.000,9999.000,9999.000,9999.000,9999.000
202605230218,   0.767,9999.000,9999.000,9999.000,9999.000,9999.000,9999.000,9999.000,9999.000
202605230224,   0.814,9999.000,9999.000,9999.000,9999.000,9999.000,9999.000,9999.000,9999.000
202605230230,   0.863,9999.000,9999.000,9999.000,9999.000,9999.000,9999.000,9999.000,9999.000
202605230236,   0.913,9999.000,9999.000,9999.000,9999.000,9999.000,9999.000,9999.000,9999.000
202605230242,   0.964,9999.000,9999.000,9999.000,9999.000,9999.000,9999.000,9999.000,9999.000
202605230248,   1.017,9999.000,9999.000,9999.000,9999.000,9999.000,9999.000,9999.000,9999.000
202605230254,   1.070,9999.000,9999.000,9999.000,9999.000,9999.000,9999.000,9999.000,9999.000
202605230300,   1.124,9999.000,   1.200,   0.029,   2.353,   1.000,   2.153,   1.400,   2.553
202605230306,   1.179,9999.000,9999.000,9999.000,9999.000,9999.000,9999.000,9999.000,9999.000
202605230312,   1.234,9999.000,9999.000,9999.000,9999.000,9999.000,9999.000,9999.000,9999.000
202605230318,   1.289,9999.000,9999.000,9999.000,9999.000,9999.000,9999.000,9999.000,9999.000
202605230324,   1.345,9999.000,9999.000,9999.000,9999.000,9999.000,9999.000,9999.000,9999.000
202605230330,   1.400,9999.000,9999.000,9999.000,9999.000,9999.000,9999.000,9999.000,9999.000
202605230336,   1.455,9999.000,9999.000,9999.000,9999.000,9999.000,9999.000,9999.000,9999.000
202605230342,   1.510,9999.000,9999.000,9999.000,9999.000,9999.000,9999.000,9999.000,9999.000
202605230348,   1.564,9999.000,9999.000,9999.000,9999.000,9999.000,9999.000,9999.000,9999.000
202605230354,   1.617,9999.000,9999.000,9999.000,9999.000,9999.000,9999.000,9999.000,9999.000
202605230400,   1.670,9999.000,   1.200,   0.062,   2.932,   1.000,   2.732,   1.300,   3.032
202605230406,   1.721,9999.000,9999.000,9999.000,9999.000,9999.000,9999.000,9999.000,9999.000
202605230412,   1.772,9999.000,9999.000,9999.000,9999.000,9999.000,9999.000,9999.000,9999.000
202605230418,   1.821,9999.000,9999.000,9999.000,9999.000,9999.000,9999.000,9999.000,9999.000
202605230424,   1.868,9999.000,9999.000,9999.000,9999.000,9999.000,9999.000,9999.000,9999.000
202605230430,   1.914,9999.000,9999.000,9999.000,9999.000,9999.000,9999.000,9999.000,9999.000
202605230436,   1.959,9999.000,9999.000,9999.000,9999.000,9999.000,9999.000,9999.000,9999.000
202605230442,   2.001,9999.000,9999.000,9999.000,9999.000,9999.000,9999.000,9999.000,9999.000
202605230448,   2.041,9999.000,9999.000,9999.000,9999.000,9999.000,9999.000,9999.000,9999.000
202605230454,   2.080,9999.000,9999.000,9999.000,9999.000,9999.000,9999.000,9999.000,9999.000
202605230500,   2.116,9999.000,   1.100,   0.107,   3.323,   1.000,   3.223,   1.300,   3.523
202605230506,   2.150,9999.000,9999.000,9999.000,9999.000,9999.000,9999.000,9999.000,9999.000
202605230512,   2.182,9999.000,9999.000,9999.000,9999.000,9999.000,9999.000,9999.000,9999.000
202605230518,   2.211,9999.000,9999.000,9999.000,9999.000,9999.000,9999.000,9999.000,9999.000
202605230524,   2.238,9999.000,9999.000,9999.000,9999.000,9999.000,9999.000,9999.000,9999.000
202605230530,   2.262,9999.000,9999.000,9999.000,9999.000,9999.000,9999.000,9999.000,9999.000
202605230536,   2.284,9999.000,9999.000,9999.000,9999.000,9999.000,9999.000,9999.000,9999.000
202605230542,   2.303,9999.000,9999.000,9999.000,9999.000,9999.000,9999.000,9999.000,9999.000
202605230548,   2.320,9999.000,9999.000,9999.000,9999.000,9999.000,9999.000,9999.000,9999.000
202605230554,   2.334,9999.000,9999.000,9999.000,9999.000,9999.000,9999.000,9999.000,9999.000
202605230600,   2.345,9999.000,   1.100,   0.191,   3.636,   1.000,   3.536,   1.300,   3.836
202605230606,   2.354,9999.000,9999.000,9999.000,9999.000,9999.000,9999.000,9999.000,9999.000
202605230612,   2.359,9999.000,9999.000,9999.000,9999.000,9999.000,9999.000,9999.000,9999.000
202605230618,   2.363,9999.000,9999.000,9999.000,9999.000,9999.000,9999.000,9999.000,9999.000
202605230624,   2.364,9999.000,9999.000,9999.000,9999.000,9999.000,9999.000,9999.000,9999.000
202605230630,   2.362,9999.000,9999.000,9999.000,9999.000,9999.000,9999.000,9999.000,9999.000
202605230636,   2.357,9999.000,9999.000,9999.000,9999.000,9999.000,9999.000,9999.000,9999.000
202605230642,   2.350,9999.000,9999.000,9999.000,9999.000,9999.000,9999.000,9999.000,9999.000
202605230648,   2.341,9999.000,9999.000,9999.000,9999.000,9999.000,9999.000,9999.000,9999.000
202605230654,   2.329,9999.000,9999.000,9999.000,9999.000,9999.000,9999.000,9999.000,9999.000
202605230700,   2.315,9999.000,   1.100,   0.281,   3.696,   1.000,   3.596,   1.300,   3.896
202605230706,   2.298,9999.000,9999.000,9999.000,9999.000,9999.000,9999.000,9999.000,9999.000
202605230712,   2.279,9999.000,9999.000,9999.000,9999.000,9999.000,9999.000,9999.000,9999.000
202605230718,   2.258,9999.000,9999.000,9999.000,9999.000,9999.000,9999.000,9999.000,9999.000
202605230724,   2.235,9999.000,9999.000,9999.000,9999.000,9999.000,9999.000,9999.000,9999.000
202605230730,   2.209,9999.000,9999.000,9999.000,9999.000,9999.000,9999.000,9999.000,9999.000
202605230736,   2.182,9999.000,9999.000,9999.000,9999.000,9999.000,9999.000,9999.000,9999.000
202605230742,   2.153,9999.000,9999.000,9999.000,9999.000,9999.000,9999.000,9999.000,9999.000
202605230748,   2.122,9999.000,9999.000,9999.000,9999.000,9999.000,9999.000,9999.000,9999.000
202605230754,   2.089,9999.000,9999.000,9999.000,9999.000,9999.000,9999.000,9999.000,9999.000
202605230800,   2.054,9999.000,   1.100,   0.327,   3.481,   1.000,   3.381,   1.200,   3.581
202605230806,   2.018,9999.000,9999.000,9999.000,9999.000,9999.000,9999.000,9999.000,9999.000
202605230812,   1.980,9999.000,9999.000,9999.000,9999.000,9999.000,9999.000,9999.000,9999.000
202605230818,   1.941,9999.000,9999.000,9999.000,9999.000,9999.000,9999.000,9999.000,9999.000
202605230824,   1.900,9999.000,9999.000,9999.000,9999.000,9999.000,9999.000,9999.000,9999.000
202605230830,   1.859,9999.000,9999.000,9999.000,9999.000,9999.000,9999.000,9999.000,9999.000
202605230836,   1.816,9999.000,9999.000,9999.000,9999.000,9999.000,9999.000,9999.000,9999.000
202605230842,   1.771,9999.000,9999.000,9999.000,9999.000,9999.000,9999.000,9999.000,9999.000
202605230848,   1.726,9999.000,9999.000,9999.000,9999.000,9999.000,9999.000,9999.000,9999.000
202605230854,   1.680,9999.000,9999.000,9999.000,9999.000,9999.000,9999.000,9999.000,9999.000
202605230900,   1.633,9999.000,   1.100,   0.346,   3.079,   1.000,   2.979,   1.200,   3.179
202605230906,   1.585,9999.000,9999.000,9999.000,9999.000,9999.000,9999.000,9999.000,9999.000
202605230912,   1.537,9999.000,9999.000,9999.000,9999.000,9999.000,9999.000,9999.000,9999.000
202605230918,   1.487,9999.000,9999.000,9999.000,9999.000,9999.000,9999.000,9999.000,9999.000
202605230924,   1.438,9999.000,9999.000,9999.000,9999.000,9999.000,9999.000,9999.000,9999.000
202605230930,   1.388,9999.000,9999.000,9999.000,9999.000,9999.000,9999.000,9999.000,9999.000
202605230936,   1.337,9999.000,9999.000,9999.000,9999.000,9999.000,9999.000,9999.000,9999.000
202605230942,   1.287,9999.000,9999.000,9999.000,9999.000,9999.000,9999.000,9999.000,9999.000
202605230948,   1.236,9999.000,9999.000,9999.000,9999.000,9999.000,9999.000,9999.000,9999.000
202605230954,   1.185,9999.000,9999.000,9999.000,9999.000,9999.000,9999.000,9999.000,9999.000
202605231000,   1.134,9999.000,   1.100,   0.385,   2.619,   0.900,   2.419,   1.200,   2.719
202605231006,   1.084,9999.000,9999.000,9999.000,9999.000,9999.000,9999.000,9999.000,9999.000
202605231012,   1.033,9999.000,9999.000,9999.000,9999.000,9999.000,9999.000,9999.000,9999.000
202605231018,   0.983,9999.000,9999.000,9999.000,9999.000,9999.000,9999.000,9999.000,9999.000
202605231024,   0.933,9999.000,9999.000,9999.000,9999.000,9999.000,9999.000,9999.000,9999.000
202605231030,   0.884,9999.000,9999.000,9999.000,9999.000,9999.000,9999.000,9999.000,9999.000
202605231036,   0.835,9999.000,9999.000,9999.000,9999.000,9999.000,9999.000,9999.000,9999.000
202605231042,   0.787,9999.000,9999.000,9999.000,9999.000,9999.000,9999.000,9999.000,9999.000
202605231048,   0.740,9999.000,9999.000,9999.000,9999.000,9999.000,9999.000,9999.000,9999.000
202605231054,   0.694,9999.000,9999.000,9999.000,9999.000,9999.000,9999.000,9999.000,9999.000
202605231100,   0.649,9999.000,   1.000,   0.429,   2.078,   0.900,   1.978,   1.100,   2.178
202605231106,   0.605,9999.000,9999.000,9999.000,9999.000,9999.000,9999.000,9999.000,9999.000
202605231112,   0.563,9999.000,9999.000,9999.000,9999.000,9999.000,9999.000,9999.000,9999.000
202605231118,   0.521,9999.000,9999.000,9999.000,9999.000,9999.000,9999.000,9999.000,9999.000
202605231124,   0.481,9999.000,9999.000,9999.000,9999.000,9999.000,9999.000,9999.000,9999.000
202605231130,   0.443,9999.000,9999.000,9999.000,9999.000,9999.000,9999.000,9999.000,9999.000
202605231136,   0.406,9999.000,9999.000,9999.000,9999.000,9999.000,9999.000,9999.000,9999.000
202605231142,   0.372,9999.000,9999.000,9999.000,9999.000,9999.000,9999.000,9999.000,9999.000
202605231148,   0.338,9999.000,9999.000,9999.000,9999.000,9999.000,9999.000,9999.000,9999.000
202605231154,   0.307,9999.000,9999.000,9999.000,9999.000,9999.000,9999.000,9999.000,9999.000
202605231200,   0.278,9999.000,   1.000,   0.423,   1.701,   0.900,   1.601,   1.200,   1.901
202605231206,   0.251,9999.000,9999.000,9999.000,9999.000,9999.000,9999.000,9999.000,9999.000
202605231212,   0.227,9999.000,9999.000,9999.000,9999.000,9999.000,9999.000,9999.000,9999.000
202605231218,   0.204,9999.000,9999.000,9999.000,9999.000,9999.000,9999.000,9999.000,9999.000
202605231224,   0.184,9999.000,9999.000,9999.000,9999.000,9999.000,9999.000,9999.000,9999.000
202605231230,   0.167,9999.000,9999.000,9999.000,9999.000,9999.000,9999.000,9999.000,9999.000
202605231236,   0.152,9999.000,9999.000,9999.000,9999.000,9999.000,9999.000,9999.000,9999.000
202605231242,   0.139,9999.000,9999.000,9999.000,9999.000,9999.000,9999.000,9999.000,9999.000
202605231248,   0.130,9999.000,9999.000,9999.000,9999.000,9999.000,9999.000,9999.000,9999.000
202605231254,   0.123,9999.000,9999.000,9999.000,9999.000,9999.000,9999.000,9999.000,9999.000
202605231300,   0.118,9999.000,   1.000,   0.367,   1.485,   0.900,   1.385,   1.200,   1.685
202605231306,   0.117,9999.000,9999.000,9999.000,9999.000,9999.000,9999.000,9999.000,9999.000
202605231312,   0.118,9999.000,9999.000,9999.000,9999.000,9999.000,9999.000,9999.000,9999.000
202605231318,   0.122,9999.000,9999.000,9999.000,9999.000,9999.000,9999.000,9999.000,9999.000
202605231324,   0.129,9999.000,9999.000,9999.000,9999.000,9999.000,9999.000,9999.000,9999.000
202605231330,   0.138,9999.000,9999.000,9999.000,9999.000,9999.000,9999.000,9999.000,9999.000
202605231336,   0.151,9999.000,9999.000,9999.000,9999.000,9999.000,9999.000,9999.000,9999.000
202605231342,   0.166,9999.000,9999.000,9999.000,9999.000,9999.000,9999.000,9999.000,9999.000
202605231348,   0.184,9999.000,9999.000,9999.000,9999.000,9999.000,9999.000,9999.000,9999.000
202605231354,   0.204,9999.000,9999.000,9999.000,9999.000,9999.000,9999.000,9999.000,9999.000
202605231400,   0.228,9999.000,   1.000,   0.313,   1.541,   0.800,   1.341,   1.100,   1.641
202605231406,   0.253,9999.000,9999.000,9999.000,9999.000,9999.000,9999.000,9999.000,9999.000
202605231412,   0.282,9999.000,9999.000,9999.000,9999.000,9999.000,9999.000,9999.000,9999.000
202605231418,   0.313,9999.000,9999.000,9999.000,9999.000,9999.000,9999.000,9999.000,9999.000
202605231424,   0.346,9999.000,9999.000,9999.000,9999.000,9999.000,9999.000,9999.000,9999.000
202605231430,   0.382,9999.000,9999.000,9999.000,9999.000,9999.000,9999.000,9999.000,9999.000
202605231436,   0.419,9999.000,9999.000,9999.000,9999.000,9999.000,9999.000,9999.000,9999.000
202605231442,   0.459,9999.000,9999.000,9999.000,9999.000,9999.000,9999.000,9999.000,9999.000
202605231448,   0.501,9999.000,9999.000,9999.000,9999.000,9999.000,9999.000,9999.000,9999.000
202605231454,   0.545,9999.000,9999.000,9999.000,9999.000,9999.000,9999.000,9999.000,9999.000
202605231500,   0.590,9999.000,   1.000,   0.279,   1.869,   0.800,   1.669,   1.100,   1.969
202605231506,   0.637,9999.000,9999.000,9999.000,9999.000,9999.000,9999.000,9999.000,9999.000
202605231512,   0.685,9999.000,9999.000,9999.000,9999.000,9999.000,9999.000,9999.000,9999.000
202605231518,   0.735,9999.000,9999.000,9999.000,9999.000,9999.000,9999.000,9999.000,9999.000
202605231524,   0.786,9999.000,9999.000,9999.000,9999.000,9999.000,9999.000,9999.000,9999.000
202605231530,   0.837,9999.000,9999.000,9999.000,9999.000,9999.000,9999.000,9999.000,9999.000
202605231536,   0.890,9999.000,9999.000,9999.000,9999.000,9999.000,9999.000,9999.000,9999.000
202605231542,   0.943,9999.000,9999.000,9999.000,9999.000,9999.000,9999.000,9999.000,9999.000
202605231548,   0.997,9999.000,9999.000,9999.000,9999.000,9999.000,9999.000,9999.000,9999.000
202605231554,   1.051,9999.000,9999.000,9999.000,9999.000,9999.000,9999.000,9999.000,9999.000
202605231600,   1.105,9999.000,   1.000,   0.238,   2.343,   0.800,   2.143,   1.100,   2.443
202605231606,   1.160,9999.000,9999.000,9999.000,9999.000,9999.000,9999.000,9999.000,9999.000
202605231612,   1.214,9999.000,9999.000,9999.000,9999.000,9999.000,9999.000,9999.000,9999.000
202605231618,   1.268,9999.000,9999.000,9999.000,9999.000,9999.000,9999.000,9999.000,9999.000
202605231624,   1.321,9999.000,9999.000,9999.000,9999.000,9999.000,9999.000,9999.000,9999.000
202605231630,   1.374,9999.000,9999.000,9999.000,9999.000,9999.000,9999.000,9999.000,9999.000
202605231636,   1.426,9999.000,9999.000,9999.000,9999.000,9999.000,9999.000,9999.000,9999.000
202605231642,   1.477,9999.000,9999.000,9999.000,9999.000,9999.000,9999.000,9999.000,9999.000
202605231648,   1.527,9999.000,9999.000,9999.000,9999.000,9999.000,9999.000,9999.000,9999.000
202605231654,   1.576,9999.000,9999.000,9999.000,9999.000,9999.000,9999.000,9999.000,9999.000
202605231700,   1.624,9999.000,   0.900,   0.196,   2.720,   0.800,   2.620,   1.100,   2.920
202605231706,   1.670,9999.000,9999.000,9999.000,9999.000,9999.000,9999.000,9999.000,9999.000
202605231712,   1.714,9999.000,9999.000,9999.000,9999.000,9999.000,9999.000,9999.000,9999.000
202605231718,   1.757,9999.000,9999.000,9999.000,9999.000,9999.000,9999.000,9999.000,9999.000
202605231724,   1.798,9999.000,9999.000,9999.000,9999.000,9999.000,9999.000,9999.000,9999.000
202605231730,   1.838,9999.000,9999.000,9999.000,9999.000,9999.000,9999.000,9999.000,9999.000
202605231736,   1.875,9999.000,9999.000,9999.000,9999.000,9999.000,9999.000,9999.000,9999.000
202605231742,   1.910,9999.000,9999.000,9999.000,9999.000,9999.000,9999.000,9999.000,9999.000
202605231748,   1.944,9999.000,9999.000,9999.000,9999.000,9999.000,9999.000,9999.000,9999.000
202605231754,   1.975,9999.000,9999.000,9999.000,9999.000,9999.000,9999.000,9999.000,9999.000
202605231800,   2.004,9999.000,   0.900,   0.188,   3.092,   0.700,   2.892,   1.100,   3.292
202605231806,   2.030,9999.000,9999.000,9999.000,9999.000,9999.000,9999.000,9999.000,9999.000
202605231812,   2.054,9999.000,9999.000,9999.000,9999.000,9999.000,9999.000,9999.000,9999.000
202605231818,   2.076,9999.000,9999.000,9999.000,9999.000,9999.000,9999.000,9999.000,9999.000
202605231824,   2.096,9999.000,9999.000,9999.000,9999.000,9999.000,9999.000,9999.000,9999.000
202605231830,   2.113,9999.000,9999.000,9999.000,9999.000,9999.000,9999.000,9999.000,9999.000
202605231836,   2.128,9999.000,9999.000,9999.000,9999.000,9999.000,9999.000,9999.000,9999.000
202605231842,   2.140,9999.000,9999.000,9999.000,9999.000,9999.000,9999.000,9999.000,9999.000
202605231848,   2.150,9999.000,9999.000,9999.000,9999.000,9999.000,9999.000,9999.000,9999.000
202605231854,   2.157,9999.000,9999.000,9999.000,9999.000,9999.000,9999.000,9999.000,9999.000
202605231900,   2.162,9999.000,   0.900,   0.218,   3.280,   0.700,   3.080,   1.100,   3.480
202605231906,   2.165,9999.000,9999.000,9999.000,9999.000,9999.000,9999.000,9999.000,9999.000
202605231912,   2.165,9999.000,9999.000,9999.000,9999.000,9999.000,9999.000,9999.000,9999.000
202605231918,   2.163,9999.000,9999.000,9999.000,9999.000,9999.000,9999.000,9999.000,9999.000
202605231924,   2.159,9999.000,9999.000,9999.000,9999.000,9999.000,9999.000,9999.000,9999.000
202605231930,   2.152,9999.000,9999.000,9999.000,9999.000,9999.000,9999.000,9999.000,9999.000
202605231936,   2.144,9999.000,9999.000,9999.000,9999.000,9999.000,9999.000,9999.000,9999.000
202605231942,   2.133,9999.000,9999.000,9999.000,9999.000,9999.000,9999.000,9999.000,9999.000
202605231948,   2.120,9999.000,9999.000,9999.000,9999.000,9999.000,9999.000,9999.000,9999.000
202605231954,   2.104,9999.000,9999.000,9999.000,9999.000,9999.000,9999.000,9999.000,9999.000
202605232000,   2.087,9999.000,   0.900,   0.246,   3.233,   0.700,   3.033,   1.100,   3.433
202605232006,   2.068,9999.000,9999.000,9999.000,9999.000,9999.000,9999.000,9999.000,9999.000
202605232012,   2.047,9999.000,9999.000,9999.000,9999.000,9999.000,9999.000,9999.000,9999.000
202605232018,   2.024,9999.000,9999.000,9999.000,9999.000,9999.000,9999.000,9999.000,9999.000
202605232024,   1.999,9999.000,9999.000,9999.000,9999.000,9999.000,9999.000,9999.000,9999.000
202605232030,   1.973,9999.000,9999.000,9999.000,9999.000,9999.000,9999.000,9999.000,9999.000
202605232036,   1.945,9999.000,9999.000,9999.000,9999.000,9999.000,9999.000,9999.000,9999.000
202605232042,   1.915,9999.000,9999.000,9999.000,9999.000,9999.000,9999.000,9999.000,9999.000
202605232048,   1.884,9999.000,9999.000,9999.000,9999.000,9999.000,9999.000,9999.000,9999.000
202605232054,   1.851,9999.000,9999.000,9999.000,9999.000,9999.000,9999.000,9999.000,9999.000
202605232100,   1.817,9999.000,   0.900,   0.243,   2.960,   0.700,   2.760,   1.100,   3.160
202605232106,   1.782,9999.000,9999.000,9999.000,9999.000,9999.000,9999.000,9999.000,9999.000
202605232112,   1.745,9999.000,9999.000,9999.000,9999.000,9999.000,9999.000,9999.000,9999.000
202605232118,   1.708,9999.000,9999.000,9999.000,9999.000,9999.000,9999.000,9999.000,9999.000
202605232124,   1.669,9999.000,9999.000,9999.000,9999.000,9999.000,9999.000,9999.000,9999.000
202605232130,   1.629,9999.000,9999.000,9999.000,9999.000,9999.000,9999.000,9999.000,9999.000
202605232136,   1.588,9999.000,9999.000,9999.000,9999.000,9999.000,9999.000,9999.000,9999.000
202605232142,   1.547,9999.000,9999.000,9999.000,9999.000,9999.000,9999.000,9999.000,9999.000
202605232148,   1.505,9999.000,9999.000,9999.000,9999.000,9999.000,9999.000,9999.000,9999.000
202605232154,   1.462,9999.000,9999.000,9999.000,9999.000,9999.000,9999.000,9999.000,9999.000
202605232200,   1.418,9999.000,   0.900,   0.218,   2.536,   0.700,   2.336,   1.000,   2.636
202605232206,   1.374,9999.000,9999.000,9999.000,9999.000,9999.000,9999.000,9999.000,9999.000
202605232212,   1.330,9999.000,9999.000,9999.000,9999.000,9999.000,9999.000,9999.000,9999.000
202605232218,   1.285,9999.000,9999.000,9999.000,9999.000,9999.000,9999.000,9999.000,9999.000
202605232224,   1.240,9999.000,9999.000,9999.000,9999.000,9999.000,9999.000,9999.000,9999.000
202605232230,   1.195,9999.000,9999.000,9999.000,9999.000,9999.000,9999.000,9999.000,9999.000
202605232236,   1.150,9999.000,9999.000,9999.000,9999.000,9999.000,9999.000,9999.000,9999.000
202605232242,   1.105,9999.000,9999.000,9999.000,9999.000,9999.000,9999.000,9999.000,9999.000
202605232248,   1.060,9999.000,9999.000,9999.000,9999.000,9999.000,9999.000,9999.000,9999.000
202605232254,   1.015,9999.000,9999.000,9999.000,9999.000,9999.000,9999.000,9999.000,9999.000
202605232300,   0.971,9999.000,   0.900,   0.180,   2.051,   0.700,   1.851,   1.000,   2.151
202605232306,   0.927,9999.000,9999.000,9999.000,9999.000,9999.000,9999.000,9999.000,9999.000
202605232312,   0.884,9999.000,9999.000,9999.000,9999.000,9999.000,9999.000,9999.000,9999.000
202605232318,   0.841,9999.000,9999.000,9999.000,9999.000,9999.000,9999.000,9999.000,9999.000
202605232324,   0.799,9999.000,9999.000,9999.000,9999.000,9999.000,9999.000,9999.000,9999.000
202605232330,   0.759,9999.000,9999.000,9999.000,9999.000,9999.000,9999.000,9999.000,9999.000
202605232336,   0.719,9999.000,9999.000,9999.000,9999.000,9999.000,9999.000,9999.000,9999.000
202605232342,   0.680,9999.000,9999.000,9999.000,9999.000,9999.000,9999.000,9999.000,9999.000
202605232348,   0.642,9999.000,9999.000,9999.000,9999.000,9999.000,9999.000,9999.000,9999.000
202605232354,   0.606,9999.000,9999.000,9999.000,9999.000,9999.000,9999.000,9999.000,9999.000
202605240000,   0.571,9999.000,   0.900,   0.142,   1.613,   0.700,   1.413,   1.000,   1.713
202605240006,   0.538,9999.000,9999.000,9999.000,9999.000,9999.000,9999.000,9999.000,9999.000
202605240012,   0.506,9999.000,9999.000,9999.000,9999.000,9999.000,9999.000,9999.000,9999.000
202605240018,   0.476,9999.000,9999.000,9999.000,9999.000,9999.000,9999.000,9999.000,9999.000
202605240024,   0.448,9999.000,9999.000,9999.000,9999.000,9999.000,9999.000,9999.000,9999.000
202605240030,   0.422,9999.000,9999.000,9999.000,9999.000,9999.000,9999.000,9999.000,9999.000
202605240036,   0.398,9999.000,9999.000,9999.000,9999.000,9999.000,9999.000,9999.000,9999.000
202605240042,   0.376,9999.000,9999.000,9999.000,9999.000,9999.000,9999.000,9999.000,9999.000
202605240048,   0.356,9999.000,9999.000,9999.000,9999.000,9999.000,9999.000,9999.000,9999.000
202605240054,   0.338,9999.000,9999.000,9999.000,9999.000,9999.000,9999.000,9999.000,9999.000
202605240100,   0.323,9999.000,   0.800,   0.126,   1.249,   0.700,   1.149,   1.000,   1.449
202605240106,   0.310,9999.000,9999.000,9999.000,9999.000,9999.000,9999.000,9999.000,9999.000
202605240112,   0.300,9999.000,9999.000,9999.000,9999.000,9999.000,9999.000,9999.000,9999.000
202605240118,   0.292,9999.000,9999.000,9999.000,9999.000,9999.000,9999.000,9999.000,9999.000
202605240124,   0.287,9999.000,9999.000,9999.000,9999.000,9999.000,9999.000,9999.000,9999.000
202605240130,   0.284,9999.000,9999.000,9999.000,9999.000,9999.000,9999.000,9999.000,9999.000
202605240136,   0.284,9999.000,9999.000,9999.000,9999.000,9999.000,9999.000,9999.000,9999.000
202605240142,   0.287,9999.000,9999.000,9999.000,9999.000,9999.000,9999.000,9999.000,9999.000
202605240148,   0.292,9999.000,9999.000,9999.000,9999.000,9999.000,9999.000,9999.000,9999.000
202605240154,   0.300,9999.000,9999.000,9999.000,9999.000,9999.000,9999.000,9999.000,9999.000
202605240200,   0.311,9999.000,   0.800,   0.142,   1.253,   0.700,   1.153,   1.000,   1.453
202605240206,   0.324,9999.000,9999.000,9999.000,9999.000,9999.000,9999.000,9999.000,9999.000
202605240212,   0.340,9999.000,9999.000,9999.000,9999.000,9999.000,9999.000,9999.000,9999.000
202605240218,   0.358,9999.000,9999.000,9999.000,9999.000,9999.000,9999.000,9999.000,9999.000
202605240224,   0.380,9999.000,9999.000,9999.000,9999.000,9999.000,9999.000,9999.000,9999.000
202605240230,   0.403,9999.000,9999.000,9999.000,9999.000,9999.000,9999.000,9999.000,9999.000
202605240236,   0.429,9999.000,9999.000,9999.000,9999.000,9999.000,9999.000,9999.000,9999.000
202605240242,   0.458,9999.000,9999.000,9999.000,9999.000,9999.000,9999.000,9999.000,9999.000
202605240248,   0.488,9999.000,9999.000,9999.000,9999.000,9999.000,9999.000,9999.000,9999.000
202605240254,   0.521,9999.000,9999.000,9999.000,9999.000,9999.000,9999.000,9999.000,9999.000
202605240300,   0.556,9999.000,   0.800,   0.158,   1.514,   0.600,   1.314,   1.000,   1.714
202605240306,   0.593,9999.000,9999.000,9999.000,9999.000,9999.000,9999.000,9999.000,9999.000
202605240312,   0.632,9999.000,9999.000,9999.000,9999.000,9999.000,9999.000,9999.000,9999.000
202605240318,   0.673,9999.000,9999.000,9999.000,9999.000,9999.000,9999.000,9999.000,9999.000
202605240324,   0.716,9999.000,9999.000,9999.000,9999.000,9999.000,9999.000,9999.000,9999.000
202605240330,   0.760,9999.000,9999.000,9999.000,9999.000,9999.000,9999.000,9999.000,9999.000
202605240336,   0.805,9999.000,9999.000,9999.000,9999.000,9999.000,9999.000,9999.000,9999.000
202605240342,   0.852,9999.000,9999.000,9999.000,9999.000,9999.000,9999.000,9999.000,9999.000
202605240348,   0.900,9999.000,9999.000,9999.000,9999.000,9999.000,9999.000,9999.000,9999.000
202605240354,   0.948,9999.000,9999.000,9999.000,9999.000,9999.000,9999.000,9999.000,9999.000
202605240400,   0.998,9999.000,   0.800,   0.147,   1.945,   0.600,   1.745,   0.900,   2.045
202605240406,   1.049,9999.000,9999.000,9999.000,9999.000,9999.000,9999.000,9999.000,9999.000
202605240412,   1.099,9999.000,9999.000,9999.000,9999.000,9999.000,9999.000,9999.000,9999.000
202605240418,   1.151,9999.000,9999.000,9999.000,9999.000,9999.000,9999.000,9999.000,9999.000
202605240424,   1.202,9999.000,9999.000,9999.000,9999.000,9999.000,9999.000,9999.000,9999.000
202605240430,   1.254,9999.000,9999.000,9999.000,9999.000,9999.000,9999.000,9999.000,9999.000
202605240436,   1.305,9999.000,9999.000,9999.000,9999.000,9999.000,9999.000,9999.000,9999.000
202605240442,   1.357,9999.000,9999.000,9999.000,9999.000,9999.000,9999.000,9999.000,9999.000
202605240448,   1.407,9999.000,9999.000,9999.000,9999.000,9999.000,9999.000,9999.000,9999.000
202605240454,   1.458,9999.000,9999.000,9999.000,9999.000,9999.000,9999.000,9999.000,9999.000
202605240500,   1.507,9999.000,   0.700,   0.136,   2.343,   0.600,   2.243,   0.900,   2.543
202605240506,   1.556,9999.000,9999.000,9999.000,9999.000,9999.000,9999.000,9999.000,9999.000
202605240512,   1.604,9999.000,9999.000,9999.000,9999.000,9999.000,9999.000,9999.000,9999.000
202605240518,   1.651,9999.000,9999.000,9999.000,9999.000,9999.000,9999.000,9999.000,9999.000
202605240524,   1.696,9999.000,9999.000,9999.000,9999.000,9999.000,9999.000,9999.000,9999.000
202605240530,   1.740,9999.000,9999.000,9999.000,9999.000,9999.000,9999.000,9999.000,9999.000
202605240536,   1.783,9999.000,9999.000,9999.000,9999.000,9999.000,9999.000,9999.000,9999.000
202605240542,   1.824,9999.000,9999.000,9999.000,9999.000,9999.000,9999.000,9999.000,9999.000
202605240548,   1.863,9999.000,9999.000,9999.000,9999.000,9999.000,9999.000,9999.000,9999.000
202605240554,   1.901,9999.000,9999.000,9999.000,9999.000,9999.000,9999.000,9999.000,9999.000
202605240600,   1.936,9999.000,   0.700,   0.159,   2.795,   0.500,   2.595,   0.800,   2.895
202605240606,   1.970,9999.000,9999.000,9999.000,9999.000,9999.000,9999.000,9999.000,9999.000
202605240612,   2.002,9999.000,9999.000,9999.000,9999.000,9999.000,9999.000,9999.000,9999.000
202605240618,   2.031,9999.000,9999.000,9999.000,9999.000,9999.000,9999.000,9999.000,9999.000
202605240624,   2.059,9999.000,9999.000,9999.000,9999.000,9999.000,9999.000,9999.000,9999.000
202605240630,   2.084,9999.000,9999.000,9999.000,9999.000,9999.000,9999.000,9999.000,9999.000
202605240636,   2.107,9999.000,9999.000,9999.000,9999.000,9999.000,9999.000,9999.000,9999.000
202605240642,   2.127,9999.000,9999.000,9999.000,9999.000,9999.000,9999.000,9999.000,9999.000
202605240648,   2.146,9999.000,9999.000,9999.000,9999.000,9999.000,9999.000,9999.000,9999.000
202605240654,   2.162,9999.000,9999.000,9999.000,9999.000,9999.000,9999.000,9999.000,9999.000
202605240700,   2.175,9999.000,   0.700,   0.197,   3.072,   0.500,   2.872,   0.800,   3.172
202605240706,   2.186,9999.000,9999.000,9999.000,9999.000,9999.000,9999.000,9999.000,9999.000
202605240712,   2.195,9999.000,9999.000,9999.000,9999.000,9999.000,9999.000,9999.000,9999.000
202605240718,   2.201,9999.000,9999.000,9999.000,9999.000,9999.000,9999.000,9999.000,9999.000
202605240724,   2.205,9999.000,9999.000,9999.000,9999.000,9999.000,9999.000,9999.000,9999.000
202605240730,   2.206,9999.000,9999.000,9999.000,9999.000,9999.000,9999.000,9999.000,9999.000
202605240736,   2.205,9999.000,9999.000,9999.000,9999.000,9999.000,9999.000,9999.000,9999.000
202605240742,   2.202,9999.000,9999.000,9999.000,9999.000,9999.000,9999.000,9999.000,9999.000
202605240748,   2.196,9999.000,9999.000,9999.000,9999.000,9999.000,9999.000,9999.000,9999.000
202605240754,   2.188,9999.000,9999.000,9999.000,9999.000,9999.000,9999.000,9999.000,9999.000
202605240800,   2.178,9999.000,   0.700,   0.213,   3.091,   0.500,   2.891,   0.800,   3.191
202605240806,   2.165,9999.000,9999.000,9999.000,9999.000,9999.000,9999.000,9999.000,9999.000
202605240812,   2.150,9999.000,9999.000,9999.000,9999.000,9999.000,9999.000,9999.000,9999.000
202605240818,   2.133,9999.000,9999.000,9999.000,9999.000,9999.000,9999.000,9999.000,9999.000
202605240824,   2.114,9999.000,9999.000,9999.000,9999.000,9999.000,9999.000,9999.000,9999.000
202605240830,   2.093,9999.000,9999.000,9999.000,9999.000,9999.000,9999.000,9999.000,9999.000
202605240836,   2.070,9999.000,9999.000,9999.000,9999.000,9999.000,9999.000,9999.000,9999.000
202605240842,   2.045,9999.000,9999.000,9999.000,9999.000,9999.000,9999.000,9999.000,9999.000
202605240848,   2.018,9999.000,9999.000,9999.000,9999.000,9999.000,9999.000,9999.000,9999.000
202605240854,   1.989,9999.000,9999.000,9999.000,9999.000,9999.000,9999.000,9999.000,9999.000
202605240900,   1.958,9999.000,   0.700,   0.225,   2.883,   0.500,   2.683,   0.800,   2.983
202605240906,   1.926,9999.000,9999.000,9999.000,9999.000,9999.000,9999.000,9999.000,9999.000
202605240912,   1.892,9999.000,9999.000,9999.000,9999.000,9999.000,9999.000,9999.000,9999.000
202605240918,   1.856,9999.000,9999.000,9999.000,9999.000,9999.000,9999.000,9999.000,9999.000
202605240924,   1.819,9999.000,9999.000,9999.000,9999.000,9999.000,9999.000,9999.000,9999.000
202605240930,   1.780,9999.000,9999.000,9999.000,9999.000,9999.000,9999.000,9999.000,9999.000
202605240936,   1.741,9999.000,9999.000,9999.000,9999.000,9999.000,9999.000,9999.000,9999.000
202605240942,   1.699,9999.000,9999.000,9999.000,9999.000,9999.000,9999.000,9999.000,9999.000
202605240948,   1.657,9999.000,9999.000,9999.000,9999.000,9999.000,9999.000,9999.000,9999.000
202605240954,   1.614,9999.000,9999.000,9999.000,9999.000,9999.000,9999.000,9999.000,9999.000
202605241000,   1.569,9999.000,   0.600,   0.276,   2.445,   0.400,   2.245,   0.800,   2.645
202605241006,   1.524,9999.000,9999.000,9999.000,9999.000,9999.000,9999.000,9999.000,9999.000
202605241012,   1.477,9999.000,9999.000,9999.000,9999.000,9999.000,9999.000,9999.000,9999.000
202605241018,   1.430,9999.000,9999.000,9999.000,9999.000,9999.000,9999.000,9999.000,9999.000
202605241024,   1.382,9999.000,9999.000,9999.000,9999.000,9999.000,9999.000,9999.000,9999.000
202605241030,   1.334,9999.000,9999.000,9999.000,9999.000,9999.000,9999.000,9999.000,9999.000
202605241036,   1.285,9999.000,9999.000,9999.000,9999.000,9999.000,9999.000,9999.000,9999.000
202605241042,   1.236,9999.000,9999.000,9999.000,9999.000,9999.000,9999.000,9999.000,9999.000
202605241048,   1.186,9999.000,9999.000,9999.000,9999.000,9999.000,9999.000,9999.000,9999.000
202605241054,   1.136,9999.000,9999.000,9999.000,9999.000,9999.000,9999.000,9999.000,9999.000
202605241100,   1.087,9999.000,   0.600,   0.351,   2.038,   0.400,   1.838,   0.800,   2.238
202605241106,   1.037,9999.000,9999.000,9999.000,9999.000,9999.000,9999.000,9999.000,9999.000
202605241112,   0.987,9999.000,9999.000,9999.000,9999.000,9999.000,9999.000,9999.000,9999.000
202605241118,   0.938,9999.000,9999.000,9999.000,9999.000,9999.000,9999.000,9999.000,9999.000
202605241124,   0.888,9999.000,9999.000,9999.000,9999.000,9999.000,9999.000,9999.000,9999.000
202605241130,   0.840,9999.000,9999.000,9999.000,9999.000,9999.000,9999.000,9999.000,9999.000
202605241136,   0.792,9999.000,9999.000,9999.000,9999.000,9999.000,9999.000,9999.000,9999.000
202605241142,   0.744,9999.000,9999.000,9999.000,9999.000,9999.000,9999.000,9999.000,9999.000
202605241148,   0.698,9999.000,9999.000,9999.000,9999.000,9999.000,9999.000,9999.000,9999.000
202605241154,   0.652,9999.000,9999.000,9999.000,9999.000,9999.000,9999.000,9999.000,9999.000
202605241200,   0.607,9999.000,   0.600,   0.394,   1.601,   0.400,   1.401,   0.700,   1.701
202605241206,   0.564,9999.000,9999.000,9999.000,9999.000,9999.000,9999.000,9999.000,9999.000
202605241212,   0.522,9999.000,9999.000,9999.000,9999.000,9999.000,9999.000,9999.000,9999.000
202605241218,   0.481,9999.000,9999.000,9999.000,9999.000,9999.000,9999.000,9999.000,9999.000
202605241224,   0.442,9999.000,9999.000,9999.000,9999.000,9999.000,9999.000,9999.000,9999.000
202605241230,   0.404,9999.000,9999.000,9999.000,9999.000,9999.000,9999.000,9999.000,9999.000
202605241236,   0.368,9999.000,9999.000,9999.000,9999.000,9999.000,9999.000,9999.000,9999.000
202605241242,   0.334,9999.000,9999.000,9999.000,9999.000,9999.000,9999.000,9999.000,9999.000
202605241248,   0.302,9999.000,9999.000,9999.000,9999.000,9999.000,9999.000,9999.000,9999.000
202605241254,   0.272,9999.000,9999.000,9999.000,9999.000,9999.000,9999.000,9999.000,9999.000
202605241300,   0.244,9999.000,   0.600,   0.393,   1.237,   0.400,   1.037,   0.700,   1.337
202605241306,   0.218,9999.000,9999.000,9999.000,9999.000,9999.000,9999.000,9999.000,9999.000
202605241312,   0.195,9999.000,9999.000,9999.000,9999.000,9999.000,9999.000,9999.000,9999.000
202605241318,   0.174,9999.000,9999.000,9999.000,9999.000,9999.000,9999.000,9999.000,9999.000
202605241324,   0.155,9999.000,9999.000,9999.000,9999.000,9999.000,9999.000,9999.000,9999.000
202605241330,   0.140,9999.000,9999.000,9999.000,9999.000,9999.000,9999.000,9999.000,9999.000
202605241336,   0.126,9999.000,9999.000,9999.000,9999.000,9999.000,9999.000,9999.000,9999.000
202605241342,   0.116,9999.000,9999.000,9999.000,9999.000,9999.000,9999.000,9999.000,9999.000
202605241348,   0.108,9999.000,9999.000,9999.000,9999.000,9999.000,9999.000,9999.000,9999.000
202605241354,   0.103,9999.000,9999.000,9999.000,9999.000,9999.000,9999.000,9999.000,9999.000
202605241400,   0.101,9999.000,   0.600,   0.379,   1.080,   0.400,   0.880,   0.700,   1.180
202605241406,   0.101,9999.000,9999.000,9999.000,9999.000,9999.000,9999.000,9999.000,9999.000
202605241412,   0.105,9999.000,9999.000,9999.000,9999.000,9999.000,9999.000,9999.000,9999.000
202605241418,   0.111,9999.000,9999.000,9999.000,9999.000,9999.000,9999.000,9999.000,9999.000
202605241424,   0.120,9999.000,9999.000,9999.000,9999.000,9999.000,9999.000,9999.000,9999.000
202605241430,   0.132,9999.000,9999.000,9999.000,9999.000,9999.000,9999.000,9999.000,9999.000
202605241436,   0.147,9999.000,9999.000,9999.000,9999.000,9999.000,9999.000,9999.000,9999.000
202605241442,   0.165,9999.000,9999.000,9999.000,9999.000,9999.000,9999.000,9999.000,9999.000
202605241448,   0.185,9999.000,9999.000,9999.000,9999.000,9999.000,9999.000,9999.000,9999.000
202605241454,   0.209,9999.000,9999.000,9999.000,9999.000,9999.000,9999.000,9999.000,9999.000
202605241500,   0.235,9999.000,   0.500,   0.356,   1.091,   0.300,   0.891,   0.700,   1.291
202605241506,   0.263,9999.000,9999.000,9999.000,9999.000,9999.000,9999.000,9999.000,9999.000
202605241512,   0.294,9999.000,9999.000,9999.000,9999.000,9999.000,9999.000,9999.000,9999.000
202605241518,   0.328,9999.000,9999.000,9999.000,9999.000,9999.000,9999.000,9999.000,9999.000
202605241524,   0.364,9999.000,9999.000,9999.000,9999.000,9999.000,9999.000,9999.000,9999.000
202605241530,   0.402,9999.000,9999.000,9999.000,9999.000,9999.000,9999.000,9999.000,9999.000
202605241536,   0.442,9999.000,9999.000,9999.000,9999.000,9999.000,9999.000,9999.000,9999.000
202605241542,   0.484,9999.000,9999.000,9999.000,9999.000,9999.000,9999.000,9999.000,9999.000
202605241548,   0.529,9999.000,9999.000,9999.000,9999.000,9999.000,9999.000,9999.000,9999.000
202605241554,   0.575,9999.000,9999.000,9999.000,9999.000,9999.000,9999.000,9999.000,9999.000
202605241600,   0.622,9999.000,   0.500,   0.300,   1.422,   0.300,   1.222,   0.700,   1.622
202605241606,   0.672,9999.000,9999.000,9999.000,9999.000,9999.000,9999.000,9999.000,9999.000
202605241612,   0.722,9999.000,9999.000,9999.000,9999.000,9999.000,9999.000,9999.000,9999.000
202605241618,   0.774,9999.000,9999.000,9999.000,9999.000,9999.000,9999.000,9999.000,9999.000
202605241624,   0.827,9999.000,9999.000,9999.000,9999.000,9999.000,9999.000,9999.000,9999.000
202605241630,   0.881,9999.000,9999.000,9999.000,9999.000,9999.000,9999.000,9999.000,9999.000
202605241636,   0.936,9999.000,9999.000,9999.000,9999.000,9999.000,9999.000,9999.000,9999.000
202605241642,   0.991,9999.000,9999.000,9999.000,9999.000,9999.000,9999.000,9999.000,9999.000
202605241648,   1.047,9999.000,9999.000,9999.000,9999.000,9999.000,9999.000,9999.000,9999.000
202605241654,   1.103,9999.000,9999.000,9999.000,9999.000,9999.000,9999.000,9999.000,9999.000
202605241700,   1.160,9999.000,   0.500,   0.219,   1.879,   0.300,   1.679,   0.700,   2.079
202605241706,   1.216,9999.000,9999.000,9999.000,9999.000,9999.000,9999.000,9999.000,9999.000
202605241712,   1.272,9999.000,9999.000,9999.000,9999.000,9999.000,9999.000,9999.000,9999.000
202605241718,   1.328,9999.000,9999.000,9999.000,9999.000,9999.000,9999.000,9999.000,9999.000
202605241724,   1.384,9999.000,9999.000,9999.000,9999.000,9999.000,9999.000,9999.000,9999.000
202605241730,   1.438,9999.000,9999.000,9999.000,9999.000,9999.000,9999.000,9999.000,9999.000
202605241736,   1.492,9999.000,9999.000,9999.000,9999.000,9999.000,9999.000,9999.000,9999.000
202605241742,   1.546,9999.000,9999.000,9999.000,9999.000,9999.000,9999.000,9999.000,9999.000
202605241748,   1.598,9999.000,9999.000,9999.000,9999.000,9999.000,9999.000,9999.000,9999.000
202605241754,   1.649,9999.000,9999.000,9999.000,9999.000,9999.000,9999.000,9999.000,9999.000
202605241800,   1.699,9999.000,   0.500,   0.162,   2.361,   0.300,   2.161,   0.600,   2.461
202605241806,   1.747,9999.000,9999.000,9999.000,9999.000,9999.000,9999.000,9999.000,9999.000
202605241812,   1.794,9999.000,9999.000,9999.000,9999.000,9999.000,9999.000,9999.000,9999.000
202605241818,   1.839,9999.000,9999.000,9999.000,9999.000,9999.000,9999.000,9999.000,9999.000
202605241824,   1.883,9999.000,9999.000,9999.000,9999.000,9999.000,9999.000,9999.000,9999.000
202605241830,   1.925,9999.000,9999.000,9999.000,9999.000,9999.000,9999.000,9999.000,9999.000
202605241836,   1.965,9999.000,9999.000,9999.000,9999.000,9999.000,9999.000,9999.000,9999.000
202605241842,   2.002,9999.000,9999.000,9999.000,9999.000,9999.000,9999.000,9999.000,9999.000
202605241848,   2.038,9999.000,9999.000,9999.000,9999.000,9999.000,9999.000,9999.000,9999.000
202605241854,   2.072,9999.000,9999.000,9999.000,9999.000,9999.000,9999.000,9999.000,9999.000
202605241900,   2.104,9999.000,   0.500,   0.152,   2.756,   0.300,   2.556,   0.700,   2.956
202605241906,   2.133,9999.000,9999.000,9999.000,9999.000,9999.000,9999.000,9999.000,9999.000
202605241912,   2.160,9999.000,9999.000,9999.000,9999.000,9999.000,9999.000,9999.000,9999.000
202605241918,   2.184,9999.000,9999.000,9999.000,9999.000,9999.000,9999.000,9999.000,9999.000
202605241924,   2.207,9999.000,9999.000,9999.000,9999.000,9999.000,9999.000,9999.000,9999.000
202605241930,   2.227,9999.000,9999.000,9999.000,9999.000,9999.000,9999.000,9999.000,9999.000
202605241936,   2.244,9999.000,9999.000,9999.000,9999.000,9999.000,9999.000,9999.000,9999.000
202605241942,   2.259,9999.000,9999.000,9999.000,9999.000,9999.000,9999.000,9999.000,9999.000
202605241948,   2.272,9999.000,9999.000,9999.000,9999.000,9999.000,9999.000,9999.000,9999.000
202605241954,   2.282,9999.000,9999.000,9999.000,9999.000,9999.000,9999.000,9999.000,9999.000
202605242000,   2.289,9999.000,   0.500,   0.162,   2.951,   0.300,   2.751,   0.700,   3.151
202605242006,   2.295,9999.000,9999.000,9999.000,9999.000,9999.000,9999.000,9999.000,9999.000
202605242012,   2.297,9999.000,9999.000,9999.000,9999.000,9999.000,9999.000,9999.000,9999.000
202605242018,   2.298,9999.000,9999.000,9999.000,9999.000,9999.000,9999.000,9999.000,9999.000
202605242024,   2.295,9999.000,9999.000,9999.000,9999.000,9999.000,9999.000,9999.000,9999.000
202605242030,   2.291,9999.000,9999.000,9999.000,9999.000,9999.000,9999.000,9999.000,9999.000
202605242036,   2.284,9999.000,9999.000,9999.000,9999.000,9999.000,9999.000,9999.000,9999.000
202605242042,   2.275,9999.000,9999.000,9999.000,9999.000,9999.000,9999.000,9999.000,9999.000
202605242048,   2.263,9999.000,9999.000,9999.000,9999.000,9999.000,9999.000,9999.000,9999.000
202605242054,   2.249,9999.000,9999.000,9999.000,9999.000,9999.000,9999.000,9999.000,9999.000
202605242100,   2.233,9999.000,   0.500,   0.161,   2.894,   0.300,   2.694,   0.700,   3.094
202605242106,   2.215,9999.000,9999.000,9999.000,9999.000,9999.000,9999.000,9999.000,9999.000
202605242112,   2.195,9999.000,9999.000,9999.000,9999.000,9999.000,9999.000,9999.000,9999.000
202605242118,   2.172,9999.000,9999.000,9999.000,9999.000,9999.000,9999.000,9999.000,9999.000
202605242124,   2.148,9999.000,9999.000,9999.000,9999.000,9999.000,9999.000,9999.000,9999.000
202605242130,   2.121,9999.000,9999.000,9999.000,9999.000,9999.000,9999.000,9999.000,9999.000
202605242136,   2.093,9999.000,9999.000,9999.000,9999.000,9999.000,9999.000,9999.000,9999.000
202605242142,   2.062,9999.000,9999.000,9999.000,9999.000,9999.000,9999.000,9999.000,9999.000
202605242148,   2.030,9999.000,9999.000,9999.000,9999.000,9999.000,9999.000,9999.000,9999.000
202605242154,   1.996,9999.000,9999.000,9999.000,9999.000,9999.000,9999.000,9999.000,9999.000
202605242200,   1.961,9999.000,   0.500,   0.154,   2.615,   0.200,   2.315,   0.700,   2.815
202605242206,   1.924,9999.000,9999.000,9999.000,9999.000,9999.000,9999.000,9999.000,9999.000
202605242212,   1.885,9999.000,9999.000,9999.000,9999.000,9999.000,9999.000,9999.000,9999.000
202605242218,   1.845,9999.000,9999.000,9999.000,9999.000,9999.000,9999.000,9999.000,9999.000
202605242224,   1.803,9999.000,9999.000,9999.000,9999.000,9999.000,9999.000,9999.000,9999.000
202605242230,   1.761,9999.000,9999.000,9999.000,9999.000,9999.000,9999.000,9999.000,9999.000
202605242236,   1.717,9999.000,9999.000,9999.000,9999.000,9999.000,9999.000,9999.000,9999.000
202605242242,   1.672,9999.000,9999.000,9999.000,9999.000,9999.000,9999.000,9999.000,9999.000
202605242248,   1.626,9999.000,9999.000,9999.000,9999.000,9999.000,9999.000,9999.000,9999.000
202605242254,   1.579,9999.000,9999.000,9999.000,9999.000,9999.000,9999.000,9999.000,9999.000
202605242300,   1.531,9999.000,   0.400,   0.158,   2.089,   0.200,   1.889,   0.600,   2.289
202605242306,   1.483,9999.000,9999.000,9999.000,9999.000,9999.000,9999.000,9999.000,9999.000
202605242312,   1.434,9999.000,9999.000,9999.000,9999.000,9999.000,9999.000,9999.000,9999.000
202605242318,   1.384,9999.000,9999.000,9999.000,9999.000,9999.000,9999.000,9999.000,9999.000
202605242324,   1.335,9999.000,9999.000,9999.000,9999.000,9999.000,9999.000,9999.000,9999.000
202605242330,   1.284,9999.000,9999.000,9999.000,9999.000,9999.000,9999.000,9999.000,9999.000
202605242336,   1.234,9999.000,9999.000,9999.000,9999.000,9999.000,9999.000,9999.000,9999.000
202605242342,   1.184,9999.000,9999.000,9999.000,9999.000,9999.000,9999.000,9999.000,9999.000
202605242348,   1.134,9999.000,9999.000,9999.000,9999.000,9999.000,9999.000,9999.000,9999.000
202605242354,   1.083,9999.000,9999.000,9999.000,9999.000,9999.000,9999.000,9999.000,9999.000
202605250000,   1.034,9999.000,   0.400,   0.183,   1.617,   0.200,   1.417,   0.600,   1.817
202605250006,   0.984,9999.000,9999.000,9999.000,9999.000,9999.000,9999.000,9999.000,9999.000
202605250012,   0.936,9999.000,9999.000,9999.000,9999.000,9999.000,9999.000,9999.000,9999.000
202605250018,   0.887,9999.000,9999.000,9999.000,9999.000,9999.000,9999.000,9999.000,9999.000
202605250024,   0.840,9999.000,9999.000,9999.000,9999.000,9999.000,9999.000,9999.000,9999.000
202605250030,   0.794,9999.000,9999.000,9999.000,9999.000,9999.000,9999.000,9999.000,9999.000
202605250036,   0.749,9999.000,9999.000,9999.000,9999.000,9999.000,9999.000,9999.000,9999.000
202605250042,   0.704,9999.000,9999.000,9999.000,9999.000,9999.000,9999.000,9999.000,9999.000
202605250048,   0.662,9999.000,9999.000,9999.000,9999.000,9999.000,9999.000,9999.000,9999.000
202605250054,   0.620,9999.000,9999.000,9999.000,9999.000,9999.000,9999.000,9999.000,9999.000
202605250100,   0.580,9999.000,   0.400,   0.233,   1.213,   0.200,   1.013,   0.600,   1.413
202605250106,   0.542,9999.000,9999.000,9999.000,9999.000,9999.000,9999.000,9999.000,9999.000
202605250112,   0.506,9999.000,9999.000,9999.000,9999.000,9999.000,9999.000,9999.000,9999.000
202605250118,   0.471,9999.000,9999.000,9999.000,9999.000,9999.000,9999.000,9999.000,9999.000
202605250124,   0.439,9999.000,9999.000,9999.000,9999.000,9999.000,9999.000,9999.000,9999.000
202605250130,   0.408,9999.000,9999.000,9999.000,9999.000,9999.000,9999.000,9999.000,9999.000
202605250136,   0.380,9999.000,9999.000,9999.000,9999.000,9999.000,9999.000,9999.000,9999.000
202605250142,   0.354,9999.000,9999.000,9999.000,9999.000,9999.000,9999.000,9999.000,9999.000
202605250148,   0.330,9999.000,9999.000,9999.000,9999.000,9999.000,9999.000,9999.000,9999.000
202605250154,   0.309,9999.000,9999.000,9999.000,9999.000,9999.000,9999.000,9999.000,9999.000
202605250200,   0.290,9999.000,   0.400,   0.288,   0.978,   0.200,   0.778,   0.600,   1.178
202605250206,   0.274,9999.000,9999.000,9999.000,9999.000,9999.000,9999.000,9999.000,9999.000
202605250212,   0.260,9999.000,9999.000,9999.000,9999.000,9999.000,9999.000,9999.000,9999.000
202605250218,   0.249,9999.000,9999.000,9999.000,9999.000,9999.000,9999.000,9999.000,9999.000
202605250224,   0.241,9999.000,9999.000,9999.000,9999.000,9999.000,9999.000,9999.000,9999.000
202605250230,   0.236,9999.000,9999.000,9999.000,9999.000,9999.000,9999.000,9999.000,9999.000
202605250236,   0.233,9999.000,9999.000,9999.000,9999.000,9999.000,9999.000,9999.000,9999.000
202605250242,   0.233,9999.000,9999.000,9999.000,9999.000,9999.000,9999.000,9999.000,9999.000
202605250248,   0.236,9999.000,9999.000,9999.000,9999.000,9999.000,9999.000,9999.000,9999.000
202605250254,   0.241,9999.000,9999.000,9999.000,9999.000,9999.000,9999.000,9999.000,9999.000
202605250300,   0.250,9999.000,   0.400,   0.308,   0.958,   0.200,   0.758,   0.600,   1.158
202605250306,   0.261,9999.000,9999.000,9999.000,9999.000,9999.000,9999.000,9999.000,9999.000
202605250312,   0.275,9999.000,9999.000,9999.000,9999.000,9999.000,9999.000,9999.000,9999.000
202605250318,   0.291,9999.000,9999.000,9999.000,9999.000,9999.000,9999.000,9999.000,9999.000
202605250324,   0.310,9999.000,9999.000,9999.000,9999.000,9999.000,9999.000,9999.000,9999.000
202605250330,   0.332,9999.000,9999.000,9999.000,9999.000,9999.000,9999.000,9999.000,9999.000
202605250336,   0.356,9999.000,9999.000,9999.000,9999.000,9999.000,9999.000,9999.000,9999.000
202605250342,   0.383,9999.000,9999.000,9999.000,9999.000,9999.000,9999.000,9999.000,9999.000
202605250348,   0.412,9999.000,9999.000,9999.000,9999.000,9999.000,9999.000,9999.000,9999.000
202605250354,   0.443,9999.000,9999.000,9999.000,9999.000,9999.000,9999.000,9999.000,9999.000
202605250400,   0.476,9999.000,   0.400,   0.275,   1.151,   0.100,   0.851,   0.600,   1.351
202605250406,   0.511,9999.000,9999.000,9999.000,9999.000,9999.000,9999.000,9999.000,9999.000
202605250412,   0.549,9999.000,9999.000,9999.000,9999.000,9999.000,9999.000,9999.000,9999.000
202605250418,   0.588,9999.000,9999.000,9999.000,9999.000,9999.000,9999.000,9999.000,9999.000
202605250424,   0.629,9999.000,9999.000,9999.000,9999.000,9999.000,9999.000,9999.000,9999.000
202605250430,   0.671,9999.000,9999.000,9999.000,9999.000,9999.000,9999.000,9999.000,9999.000
202605250436,   0.715,9999.000,9999.000,9999.000,9999.000,9999.000,9999.000,9999.000,9999.000
202605250442,   0.760,9999.000,9999.000,9999.000,9999.000,9999.000,9999.000,9999.000,9999.000
202605250448,   0.806,9999.000,9999.000,9999.000,9999.000,9999.000,9999.000,9999.000,9999.000
202605250454,   0.853,9999.000,9999.000,9999.000,9999.000,9999.000,9999.000,9999.000,9999.000
202605250500,   0.901,9999.000,   0.300,   0.219,   1.420,   0.100,   1.220,   0.600,   1.720
202605250506,   0.950,9999.000,9999.000,9999.000,9999.000,9999.000,9999.000,9999.000,9999.000
202605250512,   0.999,9999.000,9999.000,9999.000,9999.000,9999.000,9999.000,9999.000,9999.000
202605250518,   1.049,9999.000,9999.000,9999.000,9999.000,9999.000,9999.000,9999.000,9999.000
202605250524,   1.099,9999.000,9999.000,9999.000,9999.000,9999.000,9999.000,9999.000,9999.000
202605250530,   1.149,9999.000,9999.000,9999.000,9999.000,9999.000,9999.000,9999.000,9999.000
202605250536,   1.199,9999.000,9999.000,9999.000,9999.000,9999.000,9999.000,9999.000,9999.000
202605250542,   1.249,9999.000,9999.000,9999.000,9999.000,9999.000,9999.000,9999.000,9999.000
202605250548,   1.299,9999.000,9999.000,9999.000,9999.000,9999.000,9999.000,9999.000,9999.000
202605250554,   1.348,9999.000,9999.000,9999.000,9999.000,9999.000,9999.000,9999.000,9999.000
202605250600,   1.396,9999.000,   0.300,   0.182,   1.878,   0.000,   1.578,   0.500,   2.078
202605250606,   1.444,9999.000,9999.000,9999.000,9999.000,9999.000,9999.000,9999.000,9999.000
202605250612,   1.491,9999.000,9999.000,9999.000,9999.000,9999.000,9999.000,9999.000,9999.000
202605250618,   1.537,9999.000,9999.000,9999.000,9999.000,9999.000,9999.000,9999.000,9999.000
202605250624,   1.581,9999.000,9999.000,9999.000,9999.000,9999.000,9999.000,9999.000,9999.000
202605250630,   1.625,9999.000,9999.000,9999.000,9999.000,9999.000,9999.000,9999.000,9999.000
202605250636,   1.667,9999.000,9999.000,9999.000,9999.000,9999.000,9999.000,9999.000,9999.000
202605250642,   1.708,9999.000,9999.000,9999.000,9999.000,9999.000,9999.000,9999.000,9999.000
202605250648,   1.747,9999.000,9999.000,9999.000,9999.000,9999.000,9999.000,9999.000,9999.000
202605250654,   1.784,9999.000,9999.000,9999.000,9999.000,9999.000,9999.000,9999.000,9999.000
202605250700,   1.820,9999.000,   0.300,   0.158,   2.278,   0.000,   1.978,   0.500,   2.478
202605250706,   1.854,9999.000,9999.000,9999.000,9999.000,9999.000,9999.000,9999.000,9999.000
202605250712,   1.886,9999.000,9999.000,9999.000,9999.000,9999.000,9999.000,9999.000,9999.000
202605250718,   1.916,9999.000,9999.000,9999.000,9999.000,9999.000,9999.000,9999.000,9999.000
202605250724,   1.944,9999.000,9999.000,9999.000,9999.000,9999.000,9999.000,9999.000,9999.000
202605250730,   1.969,9999.000,9999.000,9999.000,9999.000,9999.000,9999.000,9999.000,9999.000
202605250736,   1.993,9999.000,9999.000,9999.000,9999.000,9999.000,9999.000,9999.000,9999.000
202605250742,   2.014,9999.000,9999.000,9999.000,9999.000,9999.000,9999.000,9999.000,9999.000
202605250748,   2.033,9999.000,9999.000,9999.000,9999.000,9999.000,9999.000,9999.000,9999.000
202605250754,   2.050,9999.000,9999.000,9999.000,9999.000,9999.000,9999.000,9999.000,9999.000
202605250800,   2.065,9999.000,   0.300,   0.126,   2.491,   0.000,   2.191,   0.600,   2.791
202605250806,   2.077,9999.000,9999.000,9999.000,9999.000,9999.000,9999.000,9999.000,9999.000
202605250812,   2.087,9999.000,9999.000,9999.000,9999.000,9999.000,9999.000,9999.000,9999.000
202605250818,   2.094,9999.000,9999.000,9999.000,9999.000,9999.000,9999.000,9999.000,9999.000
202605250824,   2.099,9999.000,9999.000,9999.000,9999.000,9999.000,9999.000,9999.000,9999.000
202605250830,   2.102,9999.000,9999.000,9999.000,9999.000,9999.000,9999.000,9999.000,9999.000
202605250836,   2.103,9999.000,9999.000,9999.000,9999.000,9999.000,9999.000,9999.000,9999.000
202605250842,   2.101,9999.000,9999.000,9999.000,9999.000,9999.000,9999.000,9999.000,9999.000
202605250848,   2.096,9999.000,9999.000,9999.000,9999.000,9999.000,9999.000,9999.000,9999.000
202605250854,   2.089,9999.000,9999.000,9999.000,9999.000,9999.000,9999.000,9999.000,9999.000
202605250900,   2.080,9999.000,   0.300,   0.108,   2.488,   0.000,   2.188,   0.600,   2.788
202605250906,   2.069,9999.000,9999.000,9999.000,9999.000,9999.000,9999.000,9999.000,9999.000
202605250912,   2.055,9999.000,9999.000,9999.000,9999.000,9999.000,9999.000,9999.000,9999.000
202605250918,   2.039,9999.000,9999.000,9999.000,9999.000,9999.000,9999.000,9999.000,9999.000
202605250924,   2.021,9999.000,9999.000,9999.000,9999.000,9999.000,9999.000,9999.000,9999.000
202605250930,   2.001,9999.000,9999.000,9999.000,9999.000,9999.000,9999.000,9999.000,9999.000
202605250936,   1.979,9999.000,9999.000,9999.000,9999.000,9999.000,9999.000,9999.000,9999.000
202605250942,   1.955,9999.000,9999.000,9999.000,9999.000,9999.000,9999.000,9999.000,9999.000
202605250948,   1.928,9999.000,9999.000,9999.000,9999.000,9999.000,9999.000,9999.000,9999.000
202605250954,   1.900,9999.000,9999.000,9999.000,9999.000,9999.000,9999.000,9999.000,9999.000
202605251000,   1.870,9999.000,   0.300,   0.145,   2.315,   0.000,   2.015,   0.600,   2.615
202605251006,   1.838,9999.000,9999.000,9999.000,9999.000,9999.000,9999.000,9999.000,9999.000
202605251012,   1.804,9999.000,9999.000,9999.000,9999.000,9999.000,9999.000,9999.000,9999.000
202605251018,   1.768,9999.000,9999.000,9999.000,9999.000,9999.000,9999.000,9999.000,9999.000
202605251024,   1.731,9999.000,9999.000,9999.000,9999.000,9999.000,9999.000,9999.000,9999.000
202605251030,   1.692,9999.000,9999.000,9999.000,9999.000,9999.000,9999.000,9999.000,9999.000
202605251036,   1.652,9999.000,9999.000,9999.000,9999.000,9999.000,9999.000,9999.000,9999.000
202605251042,   1.611,9999.000,9999.000,9999.000,9999.000,9999.000,9999.000,9999.000,9999.000
202605251048,   1.568,9999.000,9999.000,9999.000,9999.000,9999.000,9999.000,9999.000,9999.000
202605251054,   1.524,9999.000,9999.000,9999.000,9999.000,9999.000,9999.000,9999.000,9999.000
202605251100,   1.478,9999.000,   0.300,   0.232,   2.010,   0.000,   1.710,   0.600,   2.310
202605251106,   1.432,9999.000,9999.000,9999.000,9999.000,9999.000,9999.000,9999.000,9999.000
202605251112,   1.385,9999.000,9999.000,9999.000,9999.000,9999.000,9999.000,9999.000,9999.000
202605251118,   1.337,9999.000,9999.000,9999.000,9999.000,9999.000,9999.000,9999.000,9999.000
202605251124,   1.289,9999.000,9999.000,9999.000,9999.000,9999.000,9999.000,9999.000,9999.000
202605251130,   1.239,9999.000,9999.000,9999.000,9999.000,9999.000,9999.000,9999.000,9999.000
202605251136,   1.190,9999.000,9999.000,9999.000,9999.000,9999.000,9999.000,9999.000,9999.000
202605251142,   1.139,9999.000,9999.000,9999.000,9999.000,9999.000,9999.000,9999.000,9999.000
202605251148,   1.089,9999.000,9999.000,9999.000,9999.000,9999.000,9999.000,9999.000,9999.000
202605251154,   1.038,9999.000,9999.000,9999.000,9999.000,9999.000,9999.000,9999.000,9999.000
202605251200,   0.988,9999.000,   0.300,   0.318,   1.606,   0.000,   1.306,   0.600,   1.906
202605251206,   0.937,9999.000,9999.000,9999.000,9999.000,9999.000,9999.000,9999.000,9999.000
202605251212,   0.887,9999.000,9999.000,9999.000,9999.000,9999.000,9999.000,9999.000,9999.000
202605251218,   0.837,9999.000,9999.000,9999.000,9999.000,9999.000,9999.000,9999.000,9999.000
202605251224,   0.788,9999.000,9999.000,9999.000,9999.000,9999.000,9999.000,9999.000,9999.000
202605251230,   0.739,9999.000,9999.000,9999.000,9999.000,9999.000,9999.000,9999.000,9999.000
202605251236,   0.691,9999.000,9999.000,9999.000,9999.000,9999.000,9999.000,9999.000,9999.000
202605251242,   0.644,9999.000,9999.000,9999.000,9999.000,9999.000,9999.000,9999.000,9999.000
202605251248,   0.598,9999.000,9999.000,9999.000,9999.000,9999.000,9999.000,9999.000,9999.000
202605251254,   0.553,9999.000,9999.000,9999.000,9999.000,9999.000,9999.000,9999.000,9999.000
202605251300,   0.509,9999.000,   0.300,   0.376,   1.185,   0.000,   0.885,   0.600,   1.485
202605251306,   0.467,9999.000,9999.000,9999.000,9999.000,9999.000,9999.000,9999.000,9999.000
202605251312,   0.426,9999.000,9999.000,9999.000,9999.000,9999.000,9999.000,9999.000,9999.000
202605251318,   0.386,9999.000,9999.000,9999.000,9999.000,9999.000,9999.000,9999.000,9999.000
202605251324,   0.349,9999.000,9999.000,9999.000,9999.000,9999.000,9999.000,9999.000,9999.000
202605251330,   0.313,9999.000,9999.000,9999.000,9999.000,9999.000,9999.000,9999.000,9999.000
202605251336,   0.280,9999.000,9999.000,9999.000,9999.000,9999.000,9999.000,9999.000,9999.000
202605251342,   0.248,9999.000,9999.000,9999.000,9999.000,9999.000,9999.000,9999.000,9999.000
202605251348,   0.219,9999.000,9999.000,9999.000,9999.000,9999.000,9999.000,9999.000,9999.000
202605251354,   0.192,9999.000,9999.000,9999.000,9999.000,9999.000,9999.000,9999.000,9999.000
202605251400,   0.167,9999.000,   0.300,   0.414,   0.881,   0.000,   0.581,   0.600,   1.181
202605251406,   0.145,9999.000,9999.000,9999.000,9999.000,9999.000,9999.000,9999.000,9999.000
202605251412,   0.125,9999.000,9999.000,9999.000,9999.000,9999.000,9999.000,9999.000,9999.000
202605251418,   0.108,9999.000,9999.000,9999.000,9999.000,9999.000,9999.000,9999.000,9999.000
202605251424,   0.094,9999.000,9999.000,9999.000,9999.000,9999.000,9999.000,9999.000,9999.000
202605251430,   0.082,9999.000,9999.000,9999.000,9999.000,9999.000,9999.000,9999.000,9999.000
202605251436,   0.074,9999.000,9999.000,9999.000,9999.000,9999.000,9999.000,9999.000,9999.000
202605251442,   0.068,9999.000,9999.000,9999.000,9999.000,9999.000,9999.000,9999.000,9999.000
202605251448,   0.065,9999.000,9999.000,9999.000,9999.000,9999.000,9999.000,9999.000,9999.000
202605251454,   0.065,9999.000,9999.000,9999.000,9999.000,9999.000,9999.000,9999.000,9999.000
202605251500,   0.068,9999.000,   0.300,   0.425,   0.793,   0.000,   0.493,   0.600,   1.093
202605251506,   0.074,9999.000,9999.000,9999.000,9999.000,9999.000,9999.000,9999.000,9999.000
202605251512,   0.083,9999.000,9999.000,9999.000,9999.000,9999.000,9999.000,9999.000,9999.000
202605251518,   0.095,9999.000,9999.000,9999.000,9999.000,9999.000,9999.000,9999.000,9999.000
202605251524,   0.110,9999.000,9999.000,9999.000,9999.000,9999.000,9999.000,9999.000,9999.000
202605251530,   0.127,9999.000,9999.000,9999.000,9999.000,9999.000,9999.000,9999.000,9999.000
202605251536,   0.148,9999.000,9999.000,9999.000,9999.000,9999.000,9999.000,9999.000,9999.000
202605251542,   0.171,9999.000,9999.000,9999.000,9999.000,9999.000,9999.000,9999.000,9999.000
202605251548,   0.198,9999.000,9999.000,9999.000,9999.000,9999.000,9999.000,9999.000,9999.000
202605251554,   0.227,9999.000,9999.000,9999.000,9999.000,9999.000,9999.000,9999.000,9999.000
202605251600,   0.258,9999.000,   0.300,   0.378,   0.936,   0.000,   0.636,   0.600,   1.236
202605251606,   0.292,9999.000,9999.000,9999.000,9999.000,9999.000,9999.000,9999.000,9999.000
202605251612,   0.329,9999.000,9999.000,9999.000,9999.000,9999.000,9999.000,9999.000,9999.000
202605251618,   0.368,9999.000,9999.000,9999.000,9999.000,9999.000,9999.000,9999.000,9999.000
202605251624,   0.409,9999.000,9999.000,9999.000,9999.000,9999.000,9999.000,9999.000,9999.000
202605251630,   0.453,9999.000,9999.000,9999.000,9999.000,9999.000,9999.000,9999.000,9999.000
202605251636,   0.498,9999.000,9999.000,9999.000,9999.000,9999.000,9999.000,9999.000,9999.000
202605251642,   0.546,9999.000,9999.000,9999.000,9999.000,9999.000,9999.000,9999.000,9999.000
202605251648,   0.595,9999.000,9999.000,9999.000,9999.000,9999.000,9999.000,9999.000,9999.000
202605251654,   0.646,9999.000,9999.000,9999.000,9999.000,9999.000,9999.000,9999.000,9999.000
202605251700,   0.698,9999.000,   0.300,   0.278,   1.276,   0.000,   0.976,   0.600,   1.576
202605251706,   0.752,9999.000,9999.000,9999.000,9999.000,9999.000,9999.000,9999.000,9999.000
202605251712,   0.807,9999.000,9999.000,9999.000,9999.000,9999.000,9999.000,9999.000,9999.000
202605251718,   0.863,9999.000,9999.000,9999.000,9999.000,9999.000,9999.000,9999.000,9999.000
202605251724,   0.920,9999.000,9999.000,9999.000,9999.000,9999.000,9999.000,9999.000,9999.000
202605251730,   0.978,9999.000,9999.000,9999.000,9999.000,9999.000,9999.000,9999.000,9999.000
202605251736,   1.037,9999.000,9999.000,9999.000,9999.000,9999.000,9999.000,9999.000,9999.000
202605251742,   1.096,9999.000,9999.000,9999.000,9999.000,9999.000,9999.000,9999.000,9999.000
202605251748,   1.155,9999.000,9999.000,9999.000,9999.000,9999.000,9999.000,9999.000,9999.000
202605251754,   1.215,9999.000,9999.000,9999.000,9999.000,9999.000,9999.000,9999.000,9999.000
202605251800,   1.274,9999.000,   0.200,   0.176,   1.650,   0.000,   1.450,   0.600,   2.050
202605251806,   1.334,9999.000,9999.000,9999.000,9999.000,9999.000,9999.000,9999.000,9999.000
202605251812,   1.393,9999.000,9999.000,9999.000,9999.000,9999.000,9999.000,9999.000,9999.000
202605251818,   1.451,9999.000,9999.000,9999.000,9999.000,9999.000,9999.000,9999.000,9999.000
202605251824,   1.509,9999.000,9999.000,9999.000,9999.000,9999.000,9999.000,9999.000,9999.000
202605251830,   1.567,9999.000,9999.000,9999.000,9999.000,9999.000,9999.000,9999.000,9999.000
202605251836,   1.623,9999.000,9999.000,9999.000,9999.000,9999.000,9999.000,9999.000,9999.000
202605251842,   1.679,9999.000,9999.000,9999.000,9999.000,9999.000,9999.000,9999.000,9999.000
202605251848,   1.733,9999.000,9999.000,9999.000,9999.000,9999.000,9999.000,9999.000,9999.000
202605251854,   1.786,9999.000,9999.000,9999.000,9999.000,9999.000,9999.000,9999.000,9999.000
202605251900,   1.838,9999.000,   0.200,   0.115,   2.153,   0.000,   1.953,   0.600,   2.553
202605251906,   1.888,9999.000,9999.000,9999.000,9999.000,9999.000,9999.000,9999.000,9999.000
202605251912,   1.937,9999.000,9999.000,9999.000,9999.000,9999.000,9999.000,9999.000,9999.000
202605251918,   1.984,9999.000,9999.000,9999.000,9999.000,9999.000,9999.000,9999.000,9999.000
202605251924,   2.029,9999.000,9999.000,9999.000,9999.000,9999.000,9999.000,9999.000,9999.000
202605251930,   2.072,9999.000,9999.000,9999.000,9999.000,9999.000,9999.000,9999.000,9999.000
202605251936,   2.114,9999.000,9999.000,9999.000,9999.000,9999.000,9999.000,9999.000,9999.000
202605251942,   2.153,9999.000,9999.000,9999.000,9999.000,9999.000,9999.000,9999.000,9999.000
202605251948,   2.190,9999.000,9999.000,9999.000,9999.000,9999.000,9999.000,9999.000,9999.000
202605251954,   2.224,9999.000,9999.000,9999.000,9999.000,9999.000,9999.000,9999.000,9999.000
202605252000,   2.257,9999.000,   0.300,   0.087,   2.644,   0.000,   2.344,   0.600,   2.944
202605252006,   2.287,9999.000,9999.000,9999.000,9999.000,9999.000,9999.000,9999.000,9999.000
202605252012,   2.314,9999.000,9999.000,9999.000,9999.000,9999.000,9999.000,9999.000,9999.000
202605252018,   2.340,9999.000,9999.000,9999.000,9999.000,9999.000,9999.000,9999.000,9999.000
202605252024,   2.362,9999.000,9999.000,9999.000,9999.000,9999.000,9999.000,9999.000,9999.000
202605252030,   2.382,9999.000,9999.000,9999.000,9999.000,9999.000,9999.000,9999.000,9999.000
202605252036,   2.400,9999.000,9999.000,9999.000,9999.000,9999.000,9999.000,9999.000,9999.000
202605252042,   2.415,9999.000,9999.000,9999.000,9999.000,9999.000,9999.000,9999.000,9999.000
202605252048,   2.427,9999.000,9999.000,9999.000,9999.000,9999.000,9999.000,9999.000,9999.000
202605252054,   2.437,9999.000,9999.000,9999.000,9999.000,9999.000,9999.000,9999.000,9999.000
202605252100,   2.444,9999.000,   0.300,   0.069,   2.813,   0.000,   2.513,   0.600,   3.113
202605252106,   2.448,9999.000,9999.000,9999.000,9999.000,9999.000,9999.000,9999.000,9999.000
202605252112,   2.450,9999.000,9999.000,9999.000,9999.000,9999.000,9999.000,9999.000,9999.000
202605252118,   2.449,9999.000,9999.000,9999.000,9999.000,9999.000,9999.000,9999.000,9999.000
202605252124,   2.445,9999.000,9999.000,9999.000,9999.000,9999.000,9999.000,9999.000,9999.000
202605252130,   2.439,9999.000,9999.000,9999.000,9999.000,9999.000,9999.000,9999.000,9999.000
202605252136,   2.430,9999.000,9999.000,9999.000,9999.000,9999.000,9999.000,9999.000,9999.000
202605252142,   2.419,9999.000,9999.000,9999.000,9999.000,9999.000,9999.000,9999.000,9999.000
202605252148,   2.405,9999.000,9999.000,9999.000,9999.000,9999.000,9999.000,9999.000,9999.000
202605252154,   2.388,9999.000,9999.000,9999.000,9999.000,9999.000,9999.000,9999.000,9999.000
202605252200,   2.369,9999.000,   0.300,   0.065,   2.734,   0.000,   2.434,   0.600,   3.034
202605252206,   2.348,9999.000,9999.000,9999.000,9999.000,9999.000,9999.000,9999.000,9999.000
202605252212,   2.324,9999.000,9999.000,9999.000,9999.000,9999.000,9999.000,9999.000,9999.000
202605252218,   2.298,9999.000,9999.000,9999.000,9999.000,9999.000,9999.000,9999.000,9999.000
202605252224,   2.270,9999.000,9999.000,9999.000,9999.000,9999.000,9999.000,9999.000,9999.000
202605252230,   2.239,9999.000,9999.000,9999.000,9999.000,9999.000,9999.000,9999.000,9999.000
202605252236,   2.206,9999.000,9999.000,9999.000,9999.000,9999.000,9999.000,9999.000,9999.000
202605252242,   2.171,9999.000,9999.000,9999.000,9999.000,9999.000,9999.000,9999.000,9999.000
202605252248,   2.134,9999.000,9999.000,9999.000,9999.000,9999.000,9999.000,9999.000,9999.000
202605252254,   2.096,9999.000,9999.000,9999.000,9999.000,9999.000,9999.000,9999.000,9999.000
202605252300,   2.055,9999.000,   0.200,   0.100,   2.355,   0.000,   2.155,   0.600,   2.755
202605252306,   2.013,9999.000,9999.000,9999.000,9999.000,9999.000,9999.000,9999.000,9999.000
202605252312,   1.969,9999.000,9999.000,9999.000,9999.000,9999.000,9999.000,9999.000,9999.000
202605252318,   1.923,9999.000,9999.000,9999.000,9999.000,9999.000,9999.000,9999.000,9999.000
202605252324,   1.876,9999.000,9999.000,9999.000,9999.000,9999.000,9999.000,9999.000,9999.000
202605252330,   1.827,9999.000,9999.000,9999.000,9999.000,9999.000,9999.000,9999.000,9999.000
202605252336,   1.777,9999.000,9999.000,9999.000,9999.000,9999.000,9999.000,9999.000,9999.000
202605252342,   1.726,9999.000,9999.000,9999.000,9999.000,9999.000,9999.000,9999.000,9999.000
202605252348,   1.674,9999.000,9999.000,9999.000,9999.000,9999.000,9999.000,9999.000,9999.000
202605252354,   1.621,9999.000,9999.000,9999.000,9999.000,9999.000,9999.000,9999.000,9999.000
202605260000,   1.567,9999.000,   0.200,   0.183,   1.950,   0.000,   1.750,   0.600,   2.350
202605260006,   1.513,9999.000,9999.000,9999.000,9999.000,9999.000,9999.000,9999.000,9999.000
202605260012,   1.458,9999.000,9999.000,9999.000,9999.000,9999.000,9999.000,9999.000,9999.000
202605260018,   1.402,9999.000,9999.000,9999.000,9999.000,9999.000,9999.000,9999.000,9999.000
202605260024,   1.346,9999.000,9999.000,9999.000,9999.000,9999.000,9999.000,9999.000,9999.000
202605260030,   1.290,9999.000,9999.000,9999.000,9999.000,9999.000,9999.000,9999.000,9999.000
202605260036,   1.234,9999.000,9999.000,9999.000,9999.000,9999.000,9999.000,9999.000,9999.000
202605260042,   1.178,9999.000,9999.000,9999.000,9999.000,9999.000,9999.000,9999.000,9999.000
202605260048,   1.123,9999.000,9999.000,9999.000,9999.000,9999.000,9999.000,9999.000,9999.000
202605260054,   1.067,9999.000,9999.000,9999.000,9999.000,9999.000,9999.000,9999.000,9999.000
202605260100,   1.012,9999.000,   0.200,   0.298,   1.510,   0.000,   1.310,   0.600,   1.910
202605260106,   0.958,9999.000,9999.000,9999.000,9999.000,9999.000,9999.000,9999.000,9999.000
202605260112,   0.905,9999.000,9999.000,9999.000,9999.000,9999.000,9999.000,9999.000,9999.000
202605260118,   0.852,9999.000,9999.000,9999.000,9999.000,9999.000,9999.000,9999.000,9999.000
202605260124,   0.801,9999.000,9999.000,9999.000,9999.000,9999.000,9999.000,9999.000,9999.000
202605260130,   0.750,9999.000,9999.000,9999.000,9999.000,9999.000,9999.000,9999.000,9999.000
202605260136,   0.701,9999.000,9999.000,9999.000,9999.000,9999.000,9999.000,9999.000,9999.000
202605260142,   0.654,9999.000,9999.000,9999.000,9999.000,9999.000,9999.000,9999.000,9999.000
202605260148,   0.608,9999.000,9999.000,9999.000,9999.000,9999.000,9999.000,9999.000,9999.000
202605260154,   0.564,9999.000,9999.000,9999.000,9999.000,9999.000,9999.000,9999.000,9999.000
202605260200,   0.521,9999.000,   0.200,   0.403,   1.124,   0.000,   0.924,   0.500,   1.424
202605260206,   0.481,9999.000,9999.000,9999.000,9999.000,9999.000,9999.000,9999.000,9999.000
202605260212,   0.443,9999.000,9999.000,9999.000,9999.000,9999.000,9999.000,9999.000,9999.000
202605260218,   0.406,9999.000,9999.000,9999.000,9999.000,9999.000,9999.000,9999.000,9999.000
202605260224,   0.372,9999.000,9999.000,9999.000,9999.000,9999.000,9999.000,9999.000,9999.000
202605260230,   0.341,9999.000,9999.000,9999.000,9999.000,9999.000,9999.000,9999.000,9999.000
202605260236,   0.312,9999.000,9999.000,9999.000,9999.000,9999.000,9999.000,9999.000,9999.000
202605260242,   0.285,9999.000,9999.000,9999.000,9999.000,9999.000,9999.000,9999.000,9999.000
202605260248,   0.261,9999.000,9999.000,9999.000,9999.000,9999.000,9999.000,9999.000,9999.000
202605260254,   0.240,9999.000,9999.000,9999.000,9999.000,9999.000,9999.000,9999.000,9999.000
202605260300,   0.221,9999.000,   0.200,   0.451,   0.872,  -0.100,   0.572,   0.500,   1.172
202605260306,   0.205,9999.000,9999.000,9999.000,9999.000,9999.000,9999.000,9999.000,9999.000
202605260312,   0.192,9999.000,9999.000,9999.000,9999.000,9999.000,9999.000,9999.000,9999.000
202605260318,   0.182,9999.000,9999.000,9999.000,9999.000,9999.000,9999.000,9999.000,9999.000
202605260324,   0.174,9999.000,9999.000,9999.000,9999.000,9999.000,9999.000,9999.000,9999.000
202605260330,   0.170,9999.000,9999.000,9999.000,9999.000,9999.000,9999.000,9999.000,9999.000
202605260336,   0.168,9999.000,9999.000,9999.000,9999.000,9999.000,9999.000,9999.000,9999.000
202605260342,   0.170,9999.000,9999.000,9999.000,9999.000,9999.000,9999.000,9999.000,9999.000
202605260348,   0.174,9999.000,9999.000,9999.000,9999.000,9999.000,9999.000,9999.000,9999.000
202605260354,   0.181,9999.000,9999.000,9999.000,9999.000,9999.000,9999.000,9999.000,9999.000
202605260400,   0.191,9999.000,   0.100,   0.420,   0.711,  -0.200,   0.411,   0.500,   1.111
202605260406,   0.204,9999.000,9999.000,9999.000,9999.000,9999.000,9999.000,9999.000,9999.000
202605260412,   0.219,9999.000,9999.000,9999.000,9999.000,9999.000,9999.000,9999.000,9999.000
202605260418,   0.237,9999.000,9999.000,9999.000,9999.000,9999.000,9999.000,9999.000,9999.000
202605260424,   0.258,9999.000,9999.000,9999.000,9999.000,9999.000,9999.000,9999.000,9999.000
202605260430,   0.281,9999.000,9999.000,9999.000,9999.000,9999.000,9999.000,9999.000,9999.000
202605260436,   0.307,9999.000,9999.000,9999.000,9999.000,9999.000,9999.000,9999.000,9999.000
202605260442,   0.335,9999.000,9999.000,9999.000,9999.000,9999.000,9999.000,9999.000,9999.000
202605260448,   0.365,9999.000,9999.000,9999.000,9999.000,9999.000,9999.000,9999.000,9999.000
202605260454,   0.398,9999.000,9999.000,9999.000,9999.000,9999.000,9999.000,9999.000,9999.000
202605260500,   0.432,9999.000,   0.100,   0.340,   0.872,  -0.200,   0.572,   0.400,   1.172
202605260506,   0.469,9999.000,9999.000,9999.000,9999.000,9999.000,9999.000,9999.000,9999.000
202605260512,   0.507,9999.000,9999.000,9999.000,9999.000,9999.000,9999.000,9999.000,9999.000
202605260518,   0.548,9999.000,9999.000,9999.000,9999.000,9999.000,9999.000,9999.000,9999.000
202605260524,   0.589,9999.000,9999.000,9999.000,9999.000,9999.000,9999.000,9999.000,9999.000
202605260530,   0.632,9999.000,9999.000,9999.000,9999.000,9999.000,9999.000,9999.000,9999.000
202605260536,   0.677,9999.000,9999.000,9999.000,9999.000,9999.000,9999.000,9999.000,9999.000
202605260542,   0.723,9999.000,9999.000,9999.000,9999.000,9999.000,9999.000,9999.000,9999.000
202605260548,   0.769,9999.000,9999.000,9999.000,9999.000,9999.000,9999.000,9999.000,9999.000
202605260554,   0.817,9999.000,9999.000,9999.000,9999.000,9999.000,9999.000,9999.000,9999.000
202605260600,   0.865,9999.000,   0.100,   0.254,   1.219,  -0.200,   0.919,   0.400,   1.519
202605260606,   0.914,9999.000,9999.000,9999.000,9999.000,9999.000,9999.000,9999.000,9999.000
202605260612,   0.963,9999.000,9999.000,9999.000,9999.000,9999.000,9999.000,9999.000,9999.000
202605260618,   1.013,9999.000,9999.000,9999.000,9999.000,9999.000,9999.000,9999.000,9999.000
202605260624,   1.063,9999.000,9999.000,9999.000,9999.000,9999.000,9999.000,9999.000,9999.000
202605260630,   1.113,9999.000,9999.000,9999.000,9999.000,9999.000,9999.000,9999.000,9999.000
202605260636,   1.162,9999.000,9999.000,9999.000,9999.000,9999.000,9999.000,9999.000,9999.000
202605260642,   1.212,9999.000,9999.000,9999.000,9999.000,9999.000,9999.000,9999.000,9999.000
202605260648,   1.261,9999.000,9999.000,9999.000,9999.000,9999.000,9999.000,9999.000,9999.000
202605260654,   1.309,9999.000,9999.000,9999.000,9999.000,9999.000,9999.000,9999.000,9999.000
202605260700,   1.357,9999.000,   0.100,   0.172,   1.629,  -0.200,   1.329,   0.400,   1.929
202605260706,   1.404,9999.000,9999.000,9999.000,9999.000,9999.000,9999.000,9999.000,9999.000
202605260712,   1.450,9999.000,9999.000,9999.000,9999.000,9999.000,9999.000,9999.000,9999.000
202605260718,   1.495,9999.000,9999.000,9999.000,9999.000,9999.000,9999.000,9999.000,9999.000
202605260724,   1.539,9999.000,9999.000,9999.000,9999.000,9999.000,9999.000,9999.000,9999.000
202605260730,   1.582,9999.000,9999.000,9999.000,9999.000,9999.000,9999.000,9999.000,9999.000
202605260736,   1.623,9999.000,9999.000,9999.000,9999.000,9999.000,9999.000,9999.000,9999.000
202605260742,   1.662,9999.000,9999.000,9999.000,9999.000,9999.000,9999.000,9999.000,9999.000
202605260748,   1.700,9999.000,9999.000,9999.000,9999.000,9999.000,9999.000,9999.000,9999.000
202605260754,   1.737,9999.000,9999.000,9999.000,9999.000,9999.000,9999.000,9999.000,9999.000
202605260800,   1.771,9999.000,   0.100,   0.085,   1.956,  -0.200,   1.656,   0.400,   2.256
202605260806,   1.804,9999.000,9999.000,9999.000,9999.000,9999.000,9999.000,9999.000,9999.000
202605260812,   1.835,9999.000,9999.000,9999.000,9999.000,9999.000,9999.000,9999.000,9999.000
202605260818,   1.863,9999.000,9999.000,9999.000,9999.000,9999.000,9999.000,9999.000,9999.000
202605260824,   1.890,9999.000,9999.000,9999.000,9999.000,9999.000,9999.000,9999.000,9999.000
202605260830,   1.914,9999.000,9999.000,9999.000,9999.000,9999.000,9999.000,9999.000,9999.000
202605260836,   1.937,9999.000,9999.000,9999.000,9999.000,9999.000,9999.000,9999.000,9999.000
202605260842,   1.957,9999.000,9999.000,9999.000,9999.000,9999.000,9999.000,9999.000,9999.000
202605260848,   1.974,9999.000,9999.000,9999.000,9999.000,9999.000,9999.000,9999.000,9999.000
202605260854,   1.990,9999.000,9999.000,9999.000,9999.000,9999.000,9999.000,9999.000,9999.000
202605260900,   2.003,9999.000,   0.100,   0.017,   2.120,  -0.200,   1.820,   0.400,   2.420
202605260906,   2.013,9999.000,9999.000,9999.000,9999.000,9999.000,9999.000,9999.000,9999.000
202605260912,   2.022,9999.000,9999.000,9999.000,9999.000,9999.000,9999.000,9999.000,9999.000
202605260918,   2.027,9999.000,9999.000,9999.000,9999.000,9999.000,9999.000,9999.000,9999.000
202605260924,   2.031,9999.000,9999.000,9999.000,9999.000,9999.000,9999.000,9999.000,9999.000
202605260930,   2.032,9999.000,9999.000,9999.000,9999.000,9999.000,9999.000,9999.000,9999.000
202605260936,   2.030,9999.000,9999.000,9999.000,9999.000,9999.000,9999.000,9999.000,9999.000
202605260942,   2.026,9999.000,9999.000,9999.000,9999.000,9999.000,9999.000,9999.000,9999.000
202605260948,   2.020,9999.000,9999.000,9999.000,9999.000,9999.000,9999.000,9999.000,9999.000
202605260954,   2.011,9999.000,9999.000,9999.000,9999.000,9999.000,9999.000,9999.000,9999.000
202605261000,   1.999,9999.000,   0.100,   0.017,   2.116,  -0.200,   1.816,   0.400,   2.416
202605261006,   1.986,9999.000,9999.000,9999.000,9999.000,9999.000,9999.000,9999.000,9999.000
202605261012,   1.970,9999.000,9999.000,9999.000,9999.000,9999.000,9999.000,9999.000,9999.000
202605261018,   1.951,9999.000,9999.000,9999.000,9999.000,9999.000,9999.000,9999.000,9999.000
202605261024,   1.931,9999.000,9999.000,9999.000,9999.000,9999.000,9999.000,9999.000,9999.000
202605261030,   1.908,9999.000,9999.000,9999.000,9999.000,9999.000,9999.000,9999.000,9999.000
202605261036,   1.883,9999.000,9999.000,9999.000,9999.000,9999.000,9999.000,9999.000,9999.000
202605261042,   1.856,9999.000,9999.000,9999.000,9999.000,9999.000,9999.000,9999.000,9999.000
202605261048,   1.827,9999.000,9999.000,9999.000,9999.000,9999.000,9999.000,9999.000,9999.000
202605261054,   1.795,9999.000,9999.000,9999.000,9999.000,9999.000,9999.000,9999.000,9999.000
202605261100,   1.762,9999.000,   0.100,   0.095,   1.957,  -0.200,   1.657,   0.400,   2.257
202605261106,   1.727,9999.000,9999.000,9999.000,9999.000,9999.000,9999.000,9999.000,9999.000
202605261112,   1.690,9999.000,9999.000,9999.000,9999.000,9999.000,9999.000,9999.000,9999.000
202605261118,   1.652,9999.000,9999.000,9999.000,9999.000,9999.000,9999.000,9999.000,9999.000
202605261124,   1.612,9999.000,9999.000,9999.000,9999.000,9999.000,9999.000,9999.000,9999.000
202605261130,   1.570,9999.000,9999.000,9999.000,9999.000,9999.000,9999.000,9999.000,9999.000
202605261136,   1.527,9999.000,9999.000,9999.000,9999.000,9999.000,9999.000,9999.000,9999.000
202605261142,   1.482,9999.000,9999.000,9999.000,9999.000,9999.000,9999.000,9999.000,9999.000
202605261148,   1.437,9999.000,9999.000,9999.000,9999.000,9999.000,9999.000,9999.000,9999.000
202605261154,   1.390,9999.000,9999.000,9999.000,9999.000,9999.000,9999.000,9999.000,9999.000
202605261200,   1.342,9999.000,   0.100,   0.208,   1.650,  -0.100,   1.450,   0.400,   1.950
202605261206,   1.293,9999.000,9999.000,9999.000,9999.000,9999.000,9999.000,9999.000,9999.000
202605261212,   1.244,9999.000,9999.000,9999.000,9999.000,9999.000,9999.000,9999.000,9999.000
202605261218,   1.194,9999.000,9999.000,9999.000,9999.000,9999.000,9999.000,9999.000,9999.000
202605261224,   1.143,9999.000,9999.000,9999.000,9999.000,9999.000,9999.000,9999.000,9999.000
202605261230,   1.092,9999.000,9999.000,9999.000,9999.000,9999.000,9999.000,9999.000,9999.000
202605261236,   1.041,9999.000,9999.000,9999.000,9999.000,9999.000,9999.000,9999.000,9999.000
202605261242,   0.989,9999.000,9999.000,9999.000,9999.000,9999.000,9999.000,9999.000,9999.000
202605261248,   0.938,9999.000,9999.000,9999.000,9999.000,9999.000,9999.000,9999.000,9999.000
202605261254,   0.886,9999.000,9999.000,9999.000,9999.000,9999.000,9999.000,9999.000,9999.000
202605261300,   0.835,9999.000,   0.100,   0.318,   1.253,  -0.100,   1.053,   0.400,   1.553
202605261306,   0.784,9999.000,9999.000,9999.000,9999.000,9999.000,9999.000,9999.000,9999.000
202605261312,   0.734,9999.000,9999.000,9999.000,9999.000,9999.000,9999.000,9999.000,9999.000
202605261318,   0.685,9999.000,9999.000,9999.000,9999.000,9999.000,9999.000,9999.000,9999.000
202605261324,   0.636,9999.000,9999.000,9999.000,9999.000,9999.000,9999.000,9999.000,9999.000
202605261330,   0.588,9999.000,9999.000,9999.000,9999.000,9999.000,9999.000,9999.000,9999.000
202605261336,   0.542,9999.000,9999.000,9999.000,9999.000,9999.000,9999.000,9999.000,9999.000
202605261342,   0.496,9999.000,9999.000,9999.000,9999.000,9999.000,9999.000,9999.000,9999.000
202605261348,   0.453,9999.000,9999.000,9999.000,9999.000,9999.000,9999.000,9999.000,9999.000
202605261354,   0.410,9999.000,9999.000,9999.000,9999.000,9999.000,9999.000,9999.000,9999.000
202605261400,   0.369,9999.000,   0.100,   0.412,   0.881,  -0.100,   0.681,   0.400,   1.181
202605261406,   0.330,9999.000,9999.000,9999.000,9999.000,9999.000,9999.000,9999.000,9999.000
202605261412,   0.293,9999.000,9999.000,9999.000,9999.000,9999.000,9999.000,9999.000,9999.000
202605261418,   0.258,9999.000,9999.000,9999.000,9999.000,9999.000,9999.000,9999.000,9999.000
202605261424,   0.225,9999.000,9999.000,9999.000,9999.000,9999.000,9999.000,9999.000,9999.000
202605261430,   0.194,9999.000,9999.000,9999.000,9999.000,9999.000,9999.000,9999.000,9999.000
202605261436,   0.166,9999.000,9999.000,9999.000,9999.000,9999.000,9999.000,9999.000,9999.000
202605261442,   0.140,9999.000,9999.000,9999.000,9999.000,9999.000,9999.000,9999.000,9999.000
202605261448,   0.117,9999.000,9999.000,9999.000,9999.000,9999.000,9999.000,9999.000,9999.000
202605261454,   0.096,9999.000,9999.000,9999.000,9999.000,9999.000,9999.000,9999.000,9999.000
202605261500,   0.078,9999.000,   0.100,   0.472,   0.650,  -0.100,   0.450,   0.400,   0.950
202605261506,   0.062,9999.000,9999.000,9999.000,9999.000,9999.000,9999.000,9999.000,9999.000
202605261512,   0.050,9999.000,9999.000,9999.000,9999.000,9999.000,9999.000,9999.000,9999.000
202605261518,   0.040,9999.000,9999.000,9999.000,9999.000,9999.000,9999.000,9999.000,9999.000
202605261524,   0.034,9999.000,9999.000,9999.000,9999.000,9999.000,9999.000,9999.000,9999.000
202605261530,   0.030,9999.000,9999.000,9999.000,9999.000,9999.000,9999.000,9999.000,9999.000
202605261536,   0.029,9999.000,9999.000,9999.000,9999.000,9999.000,9999.000,9999.000,9999.000
202605261542,   0.032,9999.000,9999.000,9999.000,9999.000,9999.000,9999.000,9999.000,9999.000
202605261548,   0.037,9999.000,9999.000,9999.000,9999.000,9999.000,9999.000,9999.000,9999.000
202605261554,   0.046,9999.000,9999.000,9999.000,9999.000,9999.000,9999.000,9999.000,9999.000
202605261600,   0.057,9999.000,   0.100,   0.458,   0.615,  -0.100,   0.415,   0.400,   0.915
202605261606,   0.072,9999.000,9999.000,9999.000,9999.000,9999.000,9999.000,9999.000,9999.000
202605261612,   0.089,9999.000,9999.000,9999.000,9999.000,9999.000,9999.000,9999.000,9999.000
202605261618,   0.110,9999.000,9999.000,9999.000,9999.000,9999.000,9999.000,9999.000,9999.000
202605261624,   0.133,9999.000,9999.000,9999.000,9999.000,9999.000,9999.000,9999.000,9999.000
202605261630,   0.159,9999.000,9999.000,9999.000,9999.000,9999.000,9999.000,9999.000,9999.000
202605261636,   0.188,9999.000,9999.000,9999.000,9999.000,9999.000,9999.000,9999.000,9999.000
202605261642,   0.220,9999.000,9999.000,9999.000,9999.000,9999.000,9999.000,9999.000,9999.000
202605261648,   0.255,9999.000,9999.000,9999.000,9999.000,9999.000,9999.000,9999.000,9999.000
202605261654,   0.292,9999.000,9999.000,9999.000,9999.000,9999.000,9999.000,9999.000,9999.000
202605261700,   0.331,9999.000,   0.200,   0.361,   0.892,  -0.100,   0.592,   0.400,   1.092
202605261706,   0.373,9999.000,9999.000,9999.000,9999.000,9999.000,9999.000,9999.000,9999.000
202605261712,   0.418,9999.000,9999.000,9999.000,9999.000,9999.000,9999.000,9999.000,9999.000
202605261718,   0.464,9999.000,9999.000,9999.000,9999.000,9999.000,9999.000,9999.000,9999.000
202605261724,   0.512,9999.000,9999.000,9999.000,9999.000,9999.000,9999.000,9999.000,9999.000
202605261730,   0.563,9999.000,9999.000,9999.000,9999.000,9999.000,9999.000,9999.000,9999.000
202605261736,   0.615,9999.000,9999.000,9999.000,9999.000,9999.000,9999.000,9999.000,9999.000
202605261742,   0.669,9999.000,9999.000,9999.000,9999.000,9999.000,9999.000,9999.000,9999.000
202605261748,   0.724,9999.000,9999.000,9999.000,9999.000,9999.000,9999.000,9999.000,9999.000
202605261754,   0.781,9999.000,9999.000,9999.000,9999.000,9999.000,9999.000,9999.000,9999.000
202605261800,   0.839,9999.000,   0.200,   0.227,   1.266,   0.000,   1.066,   0.400,   1.466
202605261806,   0.899,9999.000,9999.000,9999.000,9999.000,9999.000,9999.000,9999.000,9999.000
202605261812,   0.959,9999.000,9999.000,9999.000,9999.000,9999.000,9999.000,9999.000,9999.000
202605261818,   1.020,9999.000,9999.000,9999.000,9999.000,9999.000,9999.000,9999.000,9999.000
202605261824,   1.081,9999.000,9999.000,9999.000,9999.000,9999.000,9999.000,9999.000,9999.000
202605261830,   1.143,9999.000,9999.000,9999.000,9999.000,9999.000,9999.000,9999.000,9999.000
202605261836,   1.206,9999.000,9999.000,9999.000,9999.000,9999.000,9999.000,9999.000,9999.000
202605261842,   1.268,9999.000,9999.000,9999.000,9999.000,9999.000,9999.000,9999.000,9999.000
202605261848,   1.331,9999.000,9999.000,9999.000,9999.000,9999.000,9999.000,9999.000,9999.000
202605261854,   1.393,9999.000,9999.000,9999.000,9999.000,9999.000,9999.000,9999.000,9999.000
202605261900,   1.456,9999.000,   0.200,   0.115,   1.771,   0.000,   1.571,   0.400,   1.971
202605261906,   1.517,9999.000,9999.000,9999.000,9999.000,9999.000,9999.000,9999.000,9999.000
202605261912,   1.579,9999.000,9999.000,9999.000,9999.000,9999.000,9999.000,9999.000,9999.000
202605261918,   1.639,9999.000,9999.000,9999.000,9999.000,9999.000,9999.000,9999.000,9999.000
202605261924,   1.699,9999.000,9999.000,9999.000,9999.000,9999.000,9999.000,9999.000,9999.000
202605261930,   1.757,9999.000,9999.000,9999.000,9999.000,9999.000,9999.000,9999.000,9999.000
202605261936,   1.815,9999.000,9999.000,9999.000,9999.000,9999.000,9999.000,9999.000,9999.000
202605261942,   1.871,9999.000,9999.000,9999.000,9999.000,9999.000,9999.000,9999.000,9999.000
202605261948,   1.926,9999.000,9999.000,9999.000,9999.000,9999.000,9999.000,9999.000,9999.000
202605261954,   1.979,9999.000,9999.000,9999.000,9999.000,9999.000,9999.000,9999.000,9999.000
202605262000,   2.031,9999.000,   0.200,   0.036,   2.267,   0.000,   2.067,   0.500,   2.567
202605262006,   2.081,9999.000,9999.000,9999.000,9999.000,9999.000,9999.000,9999.000,9999.000
202605262012,   2.129,9999.000,9999.000,9999.000,9999.000,9999.000,9999.000,9999.000,9999.000
202605262018,   2.175,9999.000,9999.000,9999.000,9999.000,9999.000,9999.000,9999.000,9999.000
202605262024,   2.219,9999.000,9999.000,9999.000,9999.000,9999.000,9999.000,9999.000,9999.000
202605262030,   2.261,9999.000,9999.000,9999.000,9999.000,9999.000,9999.000,9999.000,9999.000
202605262036,   2.300,9999.000,9999.000,9999.000,9999.000,9999.000,9999.000,9999.000,9999.000
202605262042,   2.338,9999.000,9999.000,9999.000,9999.000,9999.000,9999.000,9999.000,9999.000
202605262048,   2.373,9999.000,9999.000,9999.000,9999.000,9999.000,9999.000,9999.000,9999.000
202605262054,   2.405,9999.000,9999.000,9999.000,9999.000,9999.000,9999.000,9999.000,9999.000
202605262100,   2.435,9999.000,   0.300,  -0.016,   2.719,   0.000,   2.419,   0.500,   2.919
202605262106,   2.462,9999.000,9999.000,9999.000,9999.000,9999.000,9999.000,9999.000,9999.000
202605262112,   2.487,9999.000,9999.000,9999.000,9999.000,9999.000,9999.000,9999.000,9999.000
202605262118,   2.509,9999.000,9999.000,9999.000,9999.000,9999.000,9999.000,9999.000,9999.000
202605262124,   2.528,9999.000,9999.000,9999.000,9999.000,9999.000,9999.000,9999.000,9999.000
202605262130,   2.545,9999.000,9999.000,9999.000,9999.000,9999.000,9999.000,9999.000,9999.000
202605262136,   2.558,9999.000,9999.000,9999.000,9999.000,9999.000,9999.000,9999.000,9999.000
202605262142,   2.569,9999.000,9999.000,9999.000,9999.000,9999.000,9999.000,9999.000,9999.000
202605262148,   2.577,9999.000,9999.000,9999.000,9999.000,9999.000,9999.000,9999.000,9999.000
202605262154,   2.582,9999.000,9999.000,9999.000,9999.000,9999.000,9999.000,9999.000,9999.000
202605262200,   2.585,9999.000,   0.300,  -0.032,   2.853,   0.000,   2.553,   0.500,   3.053
202605262206,   2.584,9999.000,9999.000,9999.000,9999.000,9999.000,9999.000,9999.000,9999.000
202605262212,   2.581,9999.000,9999.000,9999.000,9999.000,9999.000,9999.000,9999.000,9999.000
202605262218,   2.574,9999.000,9999.000,9999.000,9999.000,9999.000,9999.000,9999.000,9999.000
202605262224,   2.565,9999.000,9999.000,9999.000,9999.000,9999.000,9999.000,9999.000,9999.000
202605262230,   2.553,9999.000,9999.000,9999.000,9999.000,9999.000,9999.000,9999.000,9999.000
202605262236,   2.538,9999.000,9999.000,9999.000,9999.000,9999.000,9999.000,9999.000,9999.000
202605262242,   2.521,9999.000,9999.000,9999.000,9999.000,9999.000,9999.000,9999.000,9999.000
202605262248,   2.500,9999.000,9999.000,9999.000,9999.000,9999.000,9999.000,9999.000,9999.000
202605262254,   2.477,9999.000,9999.000,9999.000,9999.000,9999.000,9999.000,9999.000,9999.000
202605262300,   2.452,9999.000,   0.300,   0.231,   2.983,   0.000,   2.683,   0.500,   3.183
202605262306,   2.424,9999.000,9999.000,9999.000,9999.000,9999.000,9999.000,9999.000,9999.000
202605262312,   2.393,9999.000,9999.000,9999.000,9999.000,9999.000,9999.000,9999.000,9999.000
202605262318,   2.360,9999.000,9999.000,9999.000,9999.000,9999.000,9999.000,9999.000,9999.000
202605262324,   2.324,9999.000,9999.000,9999.000,9999.000,9999.000,9999.000,9999.000,9999.000
202605262330,   2.286,9999.000,9999.000,9999.000,9999.000,9999.000,9999.000,9999.000,9999.000
202605262336,   2.246,9999.000,9999.000,9999.000,9999.000,9999.000,9999.000,9999.000,9999.000
202605262342,   2.204,9999.000,9999.000,9999.000,9999.000,9999.000,9999.000,9999.000,9999.000
202605262348,   2.160,9999.000,9999.000,9999.000,9999.000,9999.000,9999.000,9999.000,9999.000
202605262354,   2.114,9999.000,9999.000,9999.000,9999.000,9999.000,9999.000,9999.000,9999.000
202605270000,   2.066,9999.000,   0.300,   0.231,   2.597,   0.100,   2.397,   0.500,   2.797
