        TIME,    TIDE,      OB,   SURGE,    BIAS,     TWL,SURGE90p,  TWL90p,SURGE10p,   TWL10p
202607021800,   2.602,9999.000,   0.100,9999.000,   2.702,   0.000,   2.602,   0.100,   2.702
202607021806,   2.573,9999.000,9999.000,9999.000,9999.000,9999.000,9999.000,9999.000,9999.000
202607021812,   2.542,9999.000,9999.000,9999.000,9999.000,9999.000,9999.000,9999.000,9999.000
202607021818,   2.509,9999.000,9999.000,9999.000,9999.000,9999.000,9999.000,9999.000,9999.000
202607021824,   2.473,9999.000,9999.000,9999.000,9999.000,9999.000,9999.000,9999.000,9999.000
202607021830,   2.436,9999.000,9999.000,9999.000,9999.000,9999.000,9999.000,9999.000,9999.000
202607021836,   2.396,9999.000,9999.000,9999.000,9999.000,9999.000,9999.000,9999.000,9999.000
202607021842,   2.355,9999.000,9999.000,9999.000,9999.000,9999.000,9999.000,9999.000,9999.000
202607021848,   2.311,9999.000,9999.000,9999.000,9999.000,9999.000,9999.000,9999.000,9999.000
202607021854,   2.265,9999.000,9999.000,9999.000,9999.000,9999.000,9999.000,9999.000,9999.000
202607021900,   2.217,   2.459,   0.100,   0.142,   2.459,   0.000,   2.359,   0.100,   2.459
202607021906,   2.167,   2.387,9999.000,9999.000,9999.000,9999.000,9999.000,9999.000,9999.000
202607021912,   2.115,   2.299,9999.000,9999.000,9999.000,9999.000,9999.000,9999.000,9999.000
202607021918,   2.061,   2.210,9999.000,9999.000,9999.000,9999.000,9999.000,9999.000,9999.000
202607021924,   2.005,   2.128,9999.000,9999.000,9999.000,9999.000,9999.000,9999.000,9999.000
202607021930,   1.947,   2.049,9999.000,9999.000,9999.000,9999.000,9999.000,9999.000,9999.000
202607021936,   1.888,   1.967,9999.000,9999.000,9999.000,9999.000,9999.000,9999.000,9999.000
202607021942,   1.828,   1.889,9999.000,9999.000,9999.000,9999.000,9999.000,9999.000,9999.000
202607021948,   1.766,   1.810,9999.000,9999.000,9999.000,9999.000,9999.000,9999.000,9999.000
202607021954,   1.703,   1.728,9999.000,9999.000,9999.000,9999.000,9999.000,9999.000,9999.000
202607022000,   1.639,   1.669,   0.100,  -0.070,   1.669,   0.000,   1.569,   0.100,   1.669
202607022006,   1.575,   1.610,9999.000,9999.000,9999.000,9999.000,9999.000,9999.000,9999.000
202607022012,   1.511,   1.538,9999.000,9999.000,9999.000,9999.000,9999.000,9999.000,9999.000
202607022018,   1.446,   1.479,9999.000,9999.000,9999.000,9999.000,9999.000,9999.000,9999.000
202607022024,   1.381,   1.420,9999.000,9999.000,9999.000,9999.000,9999.000,9999.000,9999.000
202607022030,   1.317,   1.361,9999.000,9999.000,9999.000,9999.000,9999.000,9999.000,9999.000
202607022036,   1.254,   1.298,9999.000,9999.000,9999.000,9999.000,9999.000,9999.000,9999.000
202607022042,   1.192,   1.249,9999.000,9999.000,9999.000,9999.000,9999.000,9999.000,9999.000
202607022048,   1.132,   1.190,9999.000,9999.000,9999.000,9999.000,9999.000,9999.000,9999.000
202607022054,   1.073,   1.138,9999.000,9999.000,9999.000,9999.000,9999.000,9999.000,9999.000
202607022100,   1.016,   1.079,   0.100,  -0.037,   1.079,   0.000,   0.979,   0.100,   1.079
202607022106,   0.961,   1.020,9999.000,9999.000,9999.000,9999.000,9999.000,9999.000,9999.000
202607022112,   0.909,   0.961,9999.000,9999.000,9999.000,9999.000,9999.000,9999.000,9999.000
202607022118,   0.860,   0.898,9999.000,9999.000,9999.000,9999.000,9999.000,9999.000,9999.000
202607022124,   0.813,   0.839,9999.000,9999.000,9999.000,9999.000,9999.000,9999.000,9999.000
202607022130,   0.770,9999.000,9999.000,9999.000,9999.000,9999.000,9999.000,9999.000,9999.000
202607022136,   0.731,   0.718,9999.000,9999.000,9999.000,9999.000,9999.000,9999.000,9999.000
202607022142,   0.695,   0.669,9999.000,9999.000,9999.000,9999.000,9999.000,9999.000,9999.000
202607022148,   0.663,   0.619,9999.000,9999.000,9999.000,9999.000,9999.000,9999.000,9999.000
202607022154,   0.635,   0.570,9999.000,9999.000,9999.000,9999.000,9999.000,9999.000,9999.000
202607022200,   0.612,   0.551,   0.100,  -0.161,   0.551,   0.000,   0.451,   0.100,   0.551
202607022206,   0.593,   0.518,9999.000,9999.000,9999.000,9999.000,9999.000,9999.000,9999.000
202607022212,   0.578,   0.488,9999.000,9999.000,9999.000,9999.000,9999.000,9999.000,9999.000
202607022218,   0.567,   0.478,9999.000,9999.000,9999.000,9999.000,9999.000,9999.000,9999.000
202607022224,   0.562,   0.459,9999.000,9999.000,9999.000,9999.000,9999.000,9999.000,9999.000
202607022230,   0.560,   0.449,9999.000,9999.000,9999.000,9999.000,9999.000,9999.000,9999.000
202607022236,   0.563,   0.439,9999.000,9999.000,9999.000,9999.000,9999.000,9999.000,9999.000
202607022242,   0.571,   0.439,9999.000,9999.000,9999.000,9999.000,9999.000,9999.000,9999.000
202607022248,   0.584,   0.449,9999.000,9999.000,9999.000,9999.000,9999.000,9999.000,9999.000
202607022254,   0.601,   0.449,9999.000,9999.000,9999.000,9999.000,9999.000,9999.000,9999.000
202607022300,   0.622,   0.459,   0.000,  -0.163,   0.459,   0.000,   0.459,   0.100,   0.559
202607022306,   0.648,   0.459,9999.000,9999.000,9999.000,9999.000,9999.000,9999.000,9999.000
202607022312,   0.678,   0.478,9999.000,9999.000,9999.000,9999.000,9999.000,9999.000,9999.000
202607022318,   0.712,   0.488,9999.000,9999.000,9999.000,9999.000,9999.000,9999.000,9999.000
202607022324,   0.750,   0.541,9999.000,9999.000,9999.000,9999.000,9999.000,9999.000,9999.000
202607022330,   0.791,9999.000,9999.000,9999.000,9999.000,9999.000,9999.000,9999.000,9999.000
202607022336,   0.837,   0.649,9999.000,9999.000,9999.000,9999.000,9999.000,9999.000,9999.000
202607022342,   0.885,   0.708,9999.000,9999.000,9999.000,9999.000,9999.000,9999.000,9999.000
202607022348,   0.937,   0.770,9999.000,9999.000,9999.000,9999.000,9999.000,9999.000,9999.000
202607022354,   0.992,   0.829,9999.000,9999.000,9999.000,9999.000,9999.000,9999.000,9999.000
202607030000,   1.050,   0.888,   0.100,  -0.262,   0.888,   0.000,   0.788,   0.100,   0.888
202607030006,   1.110,   0.970,9999.000,9999.000,9999.000,9999.000,9999.000,9999.000,9999.000
202607030012,   1.172,   1.049,9999.000,9999.000,9999.000,9999.000,9999.000,9999.000,9999.000
202607030018,   1.237,   1.118,9999.000,9999.000,9999.000,9999.000,9999.000,9999.000,9999.000
202607030024,   1.303,   1.210,9999.000,9999.000,9999.000,9999.000,9999.000,9999.000,9999.000
202607030030,   1.370,   1.289,9999.000,9999.000,9999.000,9999.000,9999.000,9999.000,9999.000
202607030036,   1.439,   1.361,9999.000,9999.000,9999.000,9999.000,9999.000,9999.000,9999.000
202607030042,   1.509,   1.420,9999.000,9999.000,9999.000,9999.000,9999.000,9999.000,9999.000
202607030048,   1.579,   1.479,9999.000,9999.000,9999.000,9999.000,9999.000,9999.000,9999.000
202607030054,   1.650,   1.538,9999.000,9999.000,9999.000,9999.000,9999.000,9999.000,9999.000
202607030100,   1.722,   1.610,   0.100,  -0.212,   1.610,   0.000,   1.510,   0.100,   1.610
202607030106,   1.793,   1.689,9999.000,9999.000,9999.000,9999.000,9999.000,9999.000,9999.000
202607030112,   1.864,   1.767,9999.000,9999.000,9999.000,9999.000,9999.000,9999.000,9999.000
202607030118,   1.934,   1.859,9999.000,9999.000,9999.000,9999.000,9999.000,9999.000,9999.000
202607030124,   2.005,   1.948,9999.000,9999.000,9999.000,9999.000,9999.000,9999.000,9999.000
202607030130,   2.074,   2.030,9999.000,9999.000,9999.000,9999.000,9999.000,9999.000,9999.000
202607030136,   2.142,   2.109,9999.000,9999.000,9999.000,9999.000,9999.000,9999.000,9999.000
202607030142,   2.209,   2.191,9999.000,9999.000,9999.000,9999.000,9999.000,9999.000,9999.000
202607030148,   2.275,   2.269,9999.000,9999.000,9999.000,9999.000,9999.000,9999.000,9999.000
202607030154,   2.340,   2.328,9999.000,9999.000,9999.000,9999.000,9999.000,9999.000,9999.000
202607030200,   2.403,   2.328,   0.100,  -0.175,   2.328,   0.000,   2.228,   0.100,   2.328
202607030206,   2.464,   2.479,9999.000,9999.000,9999.000,9999.000,9999.000,9999.000,9999.000
202607030212,   2.524,   2.558,9999.000,9999.000,9999.000,9999.000,9999.000,9999.000,9999.000
202607030218,   2.582,   2.630,9999.000,9999.000,9999.000,9999.000,9999.000,9999.000,9999.000
202607030224,   2.637,   2.699,9999.000,9999.000,9999.000,9999.000,9999.000,9999.000,9999.000
202607030230,   2.691,   2.768,9999.000,9999.000,9999.000,9999.000,9999.000,9999.000,9999.000
202607030236,   2.742,   2.830,9999.000,9999.000,9999.000,9999.000,9999.000,9999.000,9999.000
202607030242,   2.791,   2.889,9999.000,9999.000,9999.000,9999.000,9999.000,9999.000,9999.000
202607030248,   2.838,   2.938,9999.000,9999.000,9999.000,9999.000,9999.000,9999.000,9999.000
202607030254,   2.882,   2.988,9999.000,9999.000,9999.000,9999.000,9999.000,9999.000,9999.000
202607030300,   2.924,   2.988,   0.000,   0.064,   2.988,   0.000,   2.988,   0.100,   3.088
202607030306,   2.964,   3.060,9999.000,9999.000,9999.000,9999.000,9999.000,9999.000,9999.000
202607030312,   3.000,   3.099,9999.000,9999.000,9999.000,9999.000,9999.000,9999.000,9999.000
202607030318,   3.035,   3.148,9999.000,9999.000,9999.000,9999.000,9999.000,9999.000,9999.000
202607030324,   3.067,   3.188,9999.000,9999.000,9999.000,9999.000,9999.000,9999.000,9999.000
202607030330,   3.096,9999.000,9999.000,9999.000,9999.000,9999.000,9999.000,9999.000,9999.000
202607030336,   3.122,   3.270,9999.000,9999.000,9999.000,9999.000,9999.000,9999.000,9999.000
202607030342,   3.146,   3.299,9999.000,9999.000,9999.000,9999.000,9999.000,9999.000,9999.000
202607030348,   3.168,   3.329,9999.000,9999.000,9999.000,9999.000,9999.000,9999.000,9999.000
202607030354,   3.187,   3.358,9999.000,9999.000,9999.000,9999.000,9999.000,9999.000,9999.000
202607030400,   3.203,   3.358,   0.000,   0.155,   3.358,   0.000,   3.358,   0.100,   3.458
202607030406,   3.217,   3.417,9999.000,9999.000,9999.000,9999.000,9999.000,9999.000,9999.000
202607030412,   3.229,   3.450,9999.000,9999.000,9999.000,9999.000,9999.000,9999.000,9999.000
202607030418,   3.238,   3.470,9999.000,9999.000,9999.000,9999.000,9999.000,9999.000,9999.000
202607030424,   3.245,   3.499,9999.000,9999.000,9999.000,9999.000,9999.000,9999.000,9999.000
202607030430,   3.250,   3.519,9999.000,9999.000,9999.000,9999.000,9999.000,9999.000,9999.000
202607030436,   3.252,   3.539,9999.000,9999.000,9999.000,9999.000,9999.000,9999.000,9999.000
202607030442,   3.252,   3.548,9999.000,9999.000,9999.000,9999.000,9999.000,9999.000,9999.000
202607030448,   3.250,   3.568,9999.000,9999.000,9999.000,9999.000,9999.000,9999.000,9999.000
202607030454,   3.246,   3.578,9999.000,9999.000,9999.000,9999.000,9999.000,9999.000,9999.000
202607030500,   3.239,   3.568,   0.000,   0.329,   3.568,   0.000,   3.568,   0.100,   3.668
202607030506,   3.231,   3.578,9999.000,9999.000,9999.000,9999.000,9999.000,9999.000,9999.000
202607030512,   3.220,   3.578,9999.000,9999.000,9999.000,9999.000,9999.000,9999.000,9999.000
202607030518,   3.207,   3.568,9999.000,9999.000,9999.000,9999.000,9999.000,9999.000,9999.000
202607030524,   3.192,   3.558,9999.000,9999.000,9999.000,9999.000,9999.000,9999.000,9999.000
202607030530,   3.175,9999.000,9999.000,9999.000,9999.000,9999.000,9999.000,9999.000,9999.000
202607030536,   3.155,   3.529,9999.000,9999.000,9999.000,9999.000,9999.000,9999.000,9999.000
202607030542,   3.134,   3.509,9999.000,9999.000,9999.000,9999.000,9999.000,9999.000,9999.000
202607030548,   3.111,   3.480,9999.000,9999.000,9999.000,9999.000,9999.000,9999.000,9999.000
202607030554,   3.085,   3.460,9999.000,9999.000,9999.000,9999.000,9999.000,9999.000,9999.000
202607030600,   3.057,   3.460,   0.000,   0.403,   3.460,   0.000,   3.460,   0.100,   3.560
202607030606,   3.027,   3.378,9999.000,9999.000,9999.000,9999.000,9999.000,9999.000,9999.000
202607030612,   2.995,   3.329,9999.000,9999.000,9999.000,9999.000,9999.000,9999.000,9999.000
202607030618,   2.961,   3.289,9999.000,9999.000,9999.000,9999.000,9999.000,9999.000,9999.000
202607030624,   2.924,   3.230,9999.000,9999.000,9999.000,9999.000,9999.000,9999.000,9999.000
202607030630,   2.885,9999.000,9999.000,9999.000,9999.000,9999.000,9999.000,9999.000,9999.000
202607030636,   2.844,   3.109,9999.000,9999.000,9999.000,9999.000,9999.000,9999.000,9999.000
202607030642,   2.801,   3.040,9999.000,9999.000,9999.000,9999.000,9999.000,9999.000,9999.000
202607030648,   2.755,   2.968,9999.000,9999.000,9999.000,9999.000,9999.000,9999.000,9999.000
202607030654,   2.706,   2.899,9999.000,9999.000,9999.000,9999.000,9999.000,9999.000,9999.000
202607030700,   2.656,   2.899,   0.000,   0.243,   2.899,   0.000,   2.899,   0.100,   2.999
202607030706,   2.602,   2.748,9999.000,9999.000,9999.000,9999.000,9999.000,9999.000,9999.000
202607030712,   2.547,   2.660,9999.000,9999.000,9999.000,9999.000,9999.000,9999.000,9999.000
202607030718,   2.489,   2.578,9999.000,9999.000,9999.000,9999.000,9999.000,9999.000,9999.000
202607030724,   2.429,   2.489,9999.000,9999.000,9999.000,9999.000,9999.000,9999.000,9999.000
202607030730,   2.366,   2.400,9999.000,9999.000,9999.000,9999.000,9999.000,9999.000,9999.000
202607030736,   2.301,   2.318,9999.000,9999.000,9999.000,9999.000,9999.000,9999.000,9999.000
202607030742,   2.235,   2.230,9999.000,9999.000,9999.000,9999.000,9999.000,9999.000,9999.000
202607030748,   2.166,   2.148,9999.000,9999.000,9999.000,9999.000,9999.000,9999.000,9999.000
202607030754,   2.095,   2.059,9999.000,9999.000,9999.000,9999.000,9999.000,9999.000,9999.000
202607030800,   2.023,   1.981,   0.000,  -0.042,   1.981,   0.000,   1.981,   0.000,   1.981
202607030806,   1.949,   1.899,9999.000,9999.000,9999.000,9999.000,9999.000,9999.000,9999.000
202607030812,   1.874,   1.820,9999.000,9999.000,9999.000,9999.000,9999.000,9999.000,9999.000
202607030818,   1.797,   1.748,9999.000,9999.000,9999.000,9999.000,9999.000,9999.000,9999.000
202607030824,   1.720,   1.689,9999.000,9999.000,9999.000,9999.000,9999.000,9999.000,9999.000
202607030830,   1.642,   1.610,9999.000,9999.000,9999.000,9999.000,9999.000,9999.000,9999.000
202607030836,   1.564,   1.548,9999.000,9999.000,9999.000,9999.000,9999.000,9999.000,9999.000
202607030842,   1.486,   1.489,9999.000,9999.000,9999.000,9999.000,9999.000,9999.000,9999.000
202607030848,   1.409,   1.430,9999.000,9999.000,9999.000,9999.000,9999.000,9999.000,9999.000
202607030854,   1.332,   1.371,9999.000,9999.000,9999.000,9999.000,9999.000,9999.000,9999.000
202607030900,   1.255,   1.308,   0.000,   0.053,   1.308,   0.000,   1.308,   0.000,   1.308
202607030906,   1.180,   1.249,9999.000,9999.000,9999.000,9999.000,9999.000,9999.000,9999.000
202607030912,   1.107,   1.190,9999.000,9999.000,9999.000,9999.000,9999.000,9999.000,9999.000
202607030918,   1.035,   1.138,9999.000,9999.000,9999.000,9999.000,9999.000,9999.000,9999.000
202607030924,   0.966,   1.069,9999.000,9999.000,9999.000,9999.000,9999.000,9999.000,9999.000
202607030930,   0.899,9999.000,9999.000,9999.000,9999.000,9999.000,9999.000,9999.000,9999.000
202607030936,   0.835,   0.941,9999.000,9999.000,9999.000,9999.000,9999.000,9999.000,9999.000
202607030942,   0.773,   0.869,9999.000,9999.000,9999.000,9999.000,9999.000,9999.000,9999.000
202607030948,   0.715,   0.800,9999.000,9999.000,9999.000,9999.000,9999.000,9999.000,9999.000
202607030954,   0.661,   0.731,9999.000,9999.000,9999.000,9999.000,9999.000,9999.000,9999.000
202607031000,   0.610,   0.669,   0.000,   0.059,   0.669,   0.000,   0.669,   0.000,   0.669
202607031006,   0.563,   0.600,9999.000,9999.000,9999.000,9999.000,9999.000,9999.000,9999.000
202607031012,   0.520,   0.531,9999.000,9999.000,9999.000,9999.000,9999.000,9999.000,9999.000
202607031018,   0.481,   0.478,9999.000,9999.000,9999.000,9999.000,9999.000,9999.000,9999.000
202607031024,   0.447,   0.419,9999.000,9999.000,9999.000,9999.000,9999.000,9999.000,9999.000
202607031030,   0.416,   0.370,9999.000,9999.000,9999.000,9999.000,9999.000,9999.000,9999.000
202607031036,   0.391,   0.321,9999.000,9999.000,9999.000,9999.000,9999.000,9999.000,9999.000
202607031042,   0.370,   0.278,9999.000,9999.000,9999.000,9999.000,9999.000,9999.000,9999.000
202607031048,   0.354,   0.249,9999.000,9999.000,9999.000,9999.000,9999.000,9999.000,9999.000
202607031054,   0.342,   0.229,9999.000,9999.000,9999.000,9999.000,9999.000,9999.000,9999.000
202607031100,   0.335,   0.209,   0.000,  -0.126,   0.209,   0.000,   0.209,   0.000,   0.209
202607031106,   0.333,   0.190,9999.000,9999.000,9999.000,9999.000,9999.000,9999.000,9999.000
202607031112,   0.336,   0.170,9999.000,9999.000,9999.000,9999.000,9999.000,9999.000,9999.000
202607031118,   0.343,   0.160,9999.000,9999.000,9999.000,9999.000,9999.000,9999.000,9999.000
202607031124,   0.354,   0.160,9999.000,9999.000,9999.000,9999.000,9999.000,9999.000,9999.000
202607031130,   0.371,   0.160,9999.000,9999.000,9999.000,9999.000,9999.000,9999.000,9999.000
202607031136,   0.391,   0.160,9999.000,9999.000,9999.000,9999.000,9999.000,9999.000,9999.000
202607031142,   0.416,   0.160,9999.000,9999.000,9999.000,9999.000,9999.000,9999.000,9999.000
202607031148,   0.446,   0.180,9999.000,9999.000,9999.000,9999.000,9999.000,9999.000,9999.000
202607031154,   0.479,   0.200,9999.000,9999.000,9999.000,9999.000,9999.000,9999.000,9999.000
202607031200,   0.516,   0.200,   0.000,  -0.316,   0.200,   0.000,   0.200,   0.100,   0.300
202607031206,   0.557,   0.268,9999.000,9999.000,9999.000,9999.000,9999.000,9999.000,9999.000
202607031212,   0.601,   0.341,9999.000,9999.000,9999.000,9999.000,9999.000,9999.000,9999.000
202607031218,   0.649,   0.409,9999.000,9999.000,9999.000,9999.000,9999.000,9999.000,9999.000
202607031224,   0.700,   0.488,9999.000,9999.000,9999.000,9999.000,9999.000,9999.000,9999.000
202607031230,   0.754,9999.000,9999.000,9999.000,9999.000,9999.000,9999.000,9999.000,9999.000
202607031236,   0.810,   0.649,9999.000,9999.000,9999.000,9999.000,9999.000,9999.000,9999.000
202607031242,   0.869,   0.741,9999.000,9999.000,9999.000,9999.000,9999.000,9999.000,9999.000
202607031248,   0.930,   0.829,9999.000,9999.000,9999.000,9999.000,9999.000,9999.000,9999.000
202607031254,   0.993,   0.918,9999.000,9999.000,9999.000,9999.000,9999.000,9999.000,9999.000
202607031300,   1.058,   1.010,   0.000,  -0.048,   1.010,   0.000,   1.010,   0.100,   1.110
202607031306,   1.123,   1.098,9999.000,9999.000,9999.000,9999.000,9999.000,9999.000,9999.000
202607031312,   1.191,   1.190,9999.000,9999.000,9999.000,9999.000,9999.000,9999.000,9999.000
202607031318,   1.258,   1.279,9999.000,9999.000,9999.000,9999.000,9999.000,9999.000,9999.000
202607031324,   1.327,   1.361,9999.000,9999.000,9999.000,9999.000,9999.000,9999.000,9999.000
202607031330,   1.396,9999.000,9999.000,9999.000,9999.000,9999.000,9999.000,9999.000,9999.000
202607031336,   1.465,   1.518,9999.000,9999.000,9999.000,9999.000,9999.000,9999.000,9999.000
202607031342,   1.534,   1.590,9999.000,9999.000,9999.000,9999.000,9999.000,9999.000,9999.000
202607031348,   1.603,   1.669,9999.000,9999.000,9999.000,9999.000,9999.000,9999.000,9999.000
202607031354,   1.671,   1.738,9999.000,9999.000,9999.000,9999.000,9999.000,9999.000,9999.000
202607031400,   1.739,   1.820,   0.000,   0.081,   1.820,   0.000,   1.820,   0.100,   1.920
202607031406,   1.805,   1.879,9999.000,9999.000,9999.000,9999.000,9999.000,9999.000,9999.000
202607031412,   1.871,   1.938,9999.000,9999.000,9999.000,9999.000,9999.000,9999.000,9999.000
202607031418,   1.935,   2.000,9999.000,9999.000,9999.000,9999.000,9999.000,9999.000,9999.000
202607031424,   1.998,   2.059,9999.000,9999.000,9999.000,9999.000,9999.000,9999.000,9999.000
202607031430,   2.059,   2.109,9999.000,9999.000,9999.000,9999.000,9999.000,9999.000,9999.000
202607031436,   2.119,   2.168,9999.000,9999.000,9999.000,9999.000,9999.000,9999.000,9999.000
202607031442,   2.177,   2.230,9999.000,9999.000,9999.000,9999.000,9999.000,9999.000,9999.000
202607031448,   2.233,   2.279,9999.000,9999.000,9999.000,9999.000,9999.000,9999.000,9999.000
202607031454,   2.287,   2.338,9999.000,9999.000,9999.000,9999.000,9999.000,9999.000,9999.000
202607031500,   2.338,   2.400,   0.000,   0.062,   2.400,   0.000,   2.400,   0.000,   2.400
202607031506,   2.388,   2.450,9999.000,9999.000,9999.000,9999.000,9999.000,9999.000,9999.000
202607031512,   2.435,   2.509,9999.000,9999.000,9999.000,9999.000,9999.000,9999.000,9999.000
202607031518,   2.480,   2.568,9999.000,9999.000,9999.000,9999.000,9999.000,9999.000,9999.000
202607031524,   2.522,   2.630,9999.000,9999.000,9999.000,9999.000,9999.000,9999.000,9999.000
202607031530,   2.562,   2.679,9999.000,9999.000,9999.000,9999.000,9999.000,9999.000,9999.000
202607031536,   2.600,   2.738,9999.000,9999.000,9999.000,9999.000,9999.000,9999.000,9999.000
202607031542,   2.635,   2.797,9999.000,9999.000,9999.000,9999.000,9999.000,9999.000,9999.000
202607031548,   2.667,   2.850,9999.000,9999.000,9999.000,9999.000,9999.000,9999.000,9999.000
202607031554,   2.697,   2.909,9999.000,9999.000,9999.000,9999.000,9999.000,9999.000,9999.000
202607031600,   2.724,   2.968,   0.000,   0.244,   2.968,   0.000,   2.968,   0.000,   2.968
202607031606,   2.749,   3.030,9999.000,9999.000,9999.000,9999.000,9999.000,9999.000,9999.000
202607031612,   2.771,   3.070,9999.000,9999.000,9999.000,9999.000,9999.000,9999.000,9999.000
202607031618,   2.791,   3.138,9999.000,9999.000,9999.000,9999.000,9999.000,9999.000,9999.000
202607031624,   2.808,   3.188,9999.000,9999.000,9999.000,9999.000,9999.000,9999.000,9999.000
202607031630,   2.823,   3.230,9999.000,9999.000,9999.000,9999.000,9999.000,9999.000,9999.000
202607031636,   2.836,   3.270,9999.000,9999.000,9999.000,9999.000,9999.000,9999.000,9999.000
202607031642,   2.846,   3.319,9999.000,9999.000,9999.000,9999.000,9999.000,9999.000,9999.000
202607031648,   2.854,9999.000,9999.000,9999.000,9999.000,9999.000,9999.000,9999.000,9999.000
202607031654,   2.860,   3.378,9999.000,9999.000,9999.000,9999.000,9999.000,9999.000,9999.000
202607031700,   2.864,   3.417,   0.000,   0.553,   3.417,   0.000,   3.417,   0.000,   3.417
202607031706,   2.866,   3.440,9999.000,9999.000,9999.000,9999.000,9999.000,9999.000,9999.000
202607031712,   2.865,   3.460,9999.000,9999.000,9999.000,9999.000,9999.000,9999.000,9999.000
202607031718,   2.863,   3.480,9999.000,9999.000,9999.000,9999.000,9999.000,9999.000,9999.000
202607031724,   2.858,   3.499,9999.000,9999.000,9999.000,9999.000,9999.000,9999.000,9999.000
202607031730,   2.852,   3.499,9999.000,9999.000,9999.000,9999.000,9999.000,9999.000,9999.000
202607031736,   2.844,   3.499,9999.000,9999.000,9999.000,9999.000,9999.000,9999.000,9999.000
202607031742,   2.835,   3.489,9999.000,9999.000,9999.000,9999.000,9999.000,9999.000,9999.000
202607031748,   2.823,   3.489,9999.000,9999.000,9999.000,9999.000,9999.000,9999.000,9999.000
202607031754,   2.810,   3.480,9999.000,9999.000,9999.000,9999.000,9999.000,9999.000,9999.000
202607031800,   2.794,   3.460,   0.000,   0.666,   3.460,   0.000,   3.460,   0.100,   3.560
202607031806,   2.778,   3.417,9999.000,9999.000,9999.000,9999.000,9999.000,9999.000,9999.000
202607031812,   2.759,   3.388,9999.000,9999.000,9999.000,9999.000,9999.000,9999.000,9999.000
202607031818,   2.738,   3.339,9999.000,9999.000,9999.000,9999.000,9999.000,9999.000,9999.000
202607031824,   2.716,   3.299,9999.000,9999.000,9999.000,9999.000,9999.000,9999.000,9999.000
202607031830,   2.691,   3.250,9999.000,9999.000,9999.000,9999.000,9999.000,9999.000,9999.000
202607031836,   2.665,   3.188,9999.000,9999.000,9999.000,9999.000,9999.000,9999.000,9999.000
202607031842,   2.637,   3.129,9999.000,9999.000,9999.000,9999.000,9999.000,9999.000,9999.000
202607031848,   2.607,   3.060,9999.000,9999.000,9999.000,9999.000,9999.000,9999.000,9999.000
202607031854,   2.575,   2.978,9999.000,9999.000,9999.000,9999.000,9999.000,9999.000,9999.000
202607031900,   2.541,   2.899,   0.000,   0.358,   2.899,   0.000,   2.899,   0.100,   2.999
202607031906,   2.505,   2.820,9999.000,9999.000,9999.000,9999.000,9999.000,9999.000,9999.000
202607031912,   2.467,   2.738,9999.000,9999.000,9999.000,9999.000,9999.000,9999.000,9999.000
202607031918,   2.427,   2.660,9999.000,9999.000,9999.000,9999.000,9999.000,9999.000,9999.000
202607031924,   2.385,   2.568,9999.000,9999.000,9999.000,9999.000,9999.000,9999.000,9999.000
202607031930,   2.340,   2.489,9999.000,9999.000,9999.000,9999.000,9999.000,9999.000,9999.000
202607031936,   2.294,   2.400,9999.000,9999.000,9999.000,9999.000,9999.000,9999.000,9999.000
202607031942,   2.246,   2.318,9999.000,9999.000,9999.000,9999.000,9999.000,9999.000,9999.000
202607031948,   2.195,   2.210,9999.000,9999.000,9999.000,9999.000,9999.000,9999.000,9999.000
202607031954,   2.143,   2.138,9999.000,9999.000,9999.000,9999.000,9999.000,9999.000,9999.000
202607032000,   2.089,   2.049,   0.100,  -0.140,   2.049,   0.000,   1.949,   0.100,   2.049
202607032006,   2.033,   1.990,9999.000,9999.000,9999.000,9999.000,9999.000,9999.000,9999.000
202607032012,   1.975,   1.899,9999.000,9999.000,9999.000,9999.000,9999.000,9999.000,9999.000
202607032018,   1.916,   1.820,9999.000,9999.000,9999.000,9999.000,9999.000,9999.000,9999.000
202607032024,   1.856,   1.758,9999.000,9999.000,9999.000,9999.000,9999.000,9999.000,9999.000
202607032030,   1.794,   1.689,9999.000,9999.000,9999.000,9999.000,9999.000,9999.000,9999.000
202607032036,   1.732,   1.620,9999.000,9999.000,9999.000,9999.000,9999.000,9999.000,9999.000
202607032042,   1.668,   1.557,9999.000,9999.000,9999.000,9999.000,9999.000,9999.000,9999.000
202607032048,   1.605,   1.498,9999.000,9999.000,9999.000,9999.000,9999.000,9999.000,9999.000
202607032054,   1.541,   1.449,9999.000,9999.000,9999.000,9999.000,9999.000,9999.000,9999.000
202607032100,   1.477,   1.390,   0.100,  -0.187,   1.390,   0.000,   1.290,   0.100,   1.390
202607032106,   1.414,   1.328,9999.000,9999.000,9999.000,9999.000,9999.000,9999.000,9999.000
202607032112,   1.351,   1.289,9999.000,9999.000,9999.000,9999.000,9999.000,9999.000,9999.000
202607032118,   1.289,   1.229,9999.000,9999.000,9999.000,9999.000,9999.000,9999.000,9999.000
202607032124,   1.229,   1.180,9999.000,9999.000,9999.000,9999.000,9999.000,9999.000,9999.000
202607032130,   1.169,   1.128,9999.000,9999.000,9999.000,9999.000,9999.000,9999.000,9999.000
202607032136,   1.112,   1.079,9999.000,9999.000,9999.000,9999.000,9999.000,9999.000,9999.000
202607032142,   1.057,   1.039,9999.000,9999.000,9999.000,9999.000,9999.000,9999.000,9999.000
202607032148,   1.005,   1.000,9999.000,9999.000,9999.000,9999.000,9999.000,9999.000,9999.000
202607032154,   0.954,   0.941,9999.000,9999.000,9999.000,9999.000,9999.000,9999.000,9999.000
202607032200,   0.907,   0.898,   0.100,  -0.109,   0.898,   0.000,   0.798,   0.100,   0.898
202607032206,   0.863,   0.839,9999.000,9999.000,9999.000,9999.000,9999.000,9999.000,9999.000
202607032212,   0.823,   0.800,9999.000,9999.000,9999.000,9999.000,9999.000,9999.000,9999.000
202607032218,   0.786,   0.741,9999.000,9999.000,9999.000,9999.000,9999.000,9999.000,9999.000
202607032224,   0.752,   0.688,9999.000,9999.000,9999.000,9999.000,9999.000,9999.000,9999.000
202607032230,   0.723,   0.639,9999.000,9999.000,9999.000,9999.000,9999.000,9999.000,9999.000
202607032236,   0.697,   0.600,9999.000,9999.000,9999.000,9999.000,9999.000,9999.000,9999.000
202607032242,   0.676,   0.560,9999.000,9999.000,9999.000,9999.000,9999.000,9999.000,9999.000
202607032248,   0.658,   0.518,9999.000,9999.000,9999.000,9999.000,9999.000,9999.000,9999.000
202607032254,   0.645,   0.478,9999.000,9999.000,9999.000,9999.000,9999.000,9999.000,9999.000
202607032300,   0.636,   0.449,   0.100,  -0.287,   0.449,   0.100,   0.449,   0.100,   0.449
202607032306,   0.631,   0.419,9999.000,9999.000,9999.000,9999.000,9999.000,9999.000,9999.000
202607032312,   0.631,   0.400,9999.000,9999.000,9999.000,9999.000,9999.000,9999.000,9999.000
202607032318,   0.635,   0.380,9999.000,9999.000,9999.000,9999.000,9999.000,9999.000,9999.000
202607032324,   0.643,   0.370,9999.000,9999.000,9999.000,9999.000,9999.000,9999.000,9999.000
202607032330,   0.656,   0.370,9999.000,9999.000,9999.000,9999.000,9999.000,9999.000,9999.000
202607032336,   0.672,   0.380,9999.000,9999.000,9999.000,9999.000,9999.000,9999.000,9999.000
202607032342,   0.693,9999.000,9999.000,9999.000,9999.000,9999.000,9999.000,9999.000,9999.000
202607032348,   0.718,   0.439,9999.000,9999.000,9999.000,9999.000,9999.000,9999.000,9999.000
202607032354,   0.746,   0.478,9999.000,9999.000,9999.000,9999.000,9999.000,9999.000,9999.000
202607040000,   0.779,   0.531,   0.100,  -0.348,   0.531,   0.100,   0.531,   0.200,   0.631
202607040006,   0.815,   0.590,9999.000,9999.000,9999.000,9999.000,9999.000,9999.000,9999.000
202607040012,   0.854,   0.649,9999.000,9999.000,9999.000,9999.000,9999.000,9999.000,9999.000
202607040018,   0.897,   0.708,9999.000,9999.000,9999.000,9999.000,9999.000,9999.000,9999.000
202607040024,   0.944,   0.780,9999.000,9999.000,9999.000,9999.000,9999.000,9999.000,9999.000
202607040030,   0.993,   0.839,9999.000,9999.000,9999.000,9999.000,9999.000,9999.000,9999.000
202607040036,   1.045,   0.908,9999.000,9999.000,9999.000,9999.000,9999.000,9999.000,9999.000
202607040042,   1.100,   0.980,9999.000,9999.000,9999.000,9999.000,9999.000,9999.000,9999.000
202607040048,   1.157,   1.059,9999.000,9999.000,9999.000,9999.000,9999.000,9999.000,9999.000
202607040054,   1.216,   1.151,9999.000,9999.000,9999.000,9999.000,9999.000,9999.000,9999.000
202607040100,   1.277,   1.239,   0.100,  -0.138,   1.239,   0.100,   1.239,   0.200,   1.339
202607040106,   1.341,   1.328,9999.000,9999.000,9999.000,9999.000,9999.000,9999.000,9999.000
202607040112,   1.405,   1.420,9999.000,9999.000,9999.000,9999.000,9999.000,9999.000,9999.000
202607040118,   1.471,   1.508,9999.000,9999.000,9999.000,9999.000,9999.000,9999.000,9999.000
202607040124,   1.538,   1.580,9999.000,9999.000,9999.000,9999.000,9999.000,9999.000,9999.000
202607040130,   1.605,   1.659,9999.000,9999.000,9999.000,9999.000,9999.000,9999.000,9999.000
202607040136,   1.673,   1.728,9999.000,9999.000,9999.000,9999.000,9999.000,9999.000,9999.000
202607040142,   1.742,   1.790,9999.000,9999.000,9999.000,9999.000,9999.000,9999.000,9999.000
202607040148,   1.810,   1.859,9999.000,9999.000,9999.000,9999.000,9999.000,9999.000,9999.000
202607040154,   1.879,   1.918,9999.000,9999.000,9999.000,9999.000,9999.000,9999.000,9999.000
202607040200,   1.947,   1.990,   0.100,  -0.057,   1.990,   0.100,   1.990,   0.200,   2.090
202607040206,   2.014,   2.059,9999.000,9999.000,9999.000,9999.000,9999.000,9999.000,9999.000
202607040212,   2.080,   2.128,9999.000,9999.000,9999.000,9999.000,9999.000,9999.000,9999.000
202607040218,   2.146,   2.200,9999.000,9999.000,9999.000,9999.000,9999.000,9999.000,9999.000
202607040224,   2.210,   2.269,9999.000,9999.000,9999.000,9999.000,9999.000,9999.000,9999.000
202607040230,   2.273,   2.348,9999.000,9999.000,9999.000,9999.000,9999.000,9999.000,9999.000
202607040236,   2.335,   2.420,9999.000,9999.000,9999.000,9999.000,9999.000,9999.000,9999.000
202607040242,   2.395,   2.489,9999.000,9999.000,9999.000,9999.000,9999.000,9999.000,9999.000
202607040248,   2.453,   2.558,9999.000,9999.000,9999.000,9999.000,9999.000,9999.000,9999.000
202607040254,   2.510,   2.620,9999.000,9999.000,9999.000,9999.000,9999.000,9999.000,9999.000
202607040300,   2.564,   2.669,   0.100,   0.005,   2.669,   0.100,   2.669,   0.200,   2.769
202607040306,   2.617,9999.000,9999.000,9999.000,9999.000,9999.000,9999.000,9999.000,9999.000
202607040312,   2.667,   2.768,9999.000,9999.000,9999.000,9999.000,9999.000,9999.000,9999.000
202607040318,   2.715,   2.820,9999.000,9999.000,9999.000,9999.000,9999.000,9999.000,9999.000
202607040324,   2.761,   2.879,9999.000,9999.000,9999.000,9999.000,9999.000,9999.000,9999.000
202607040330,   2.805,   2.929,9999.000,9999.000,9999.000,9999.000,9999.000,9999.000,9999.000
202607040336,   2.846,   2.978,9999.000,9999.000,9999.000,9999.000,9999.000,9999.000,9999.000
202607040342,   2.885,   3.040,9999.000,9999.000,9999.000,9999.000,9999.000,9999.000,9999.000
202607040348,   2.921,   3.099,9999.000,9999.000,9999.000,9999.000,9999.000,9999.000,9999.000
202607040354,   2.955,   3.158,9999.000,9999.000,9999.000,9999.000,9999.000,9999.000,9999.000
202607040400,   2.987,   3.158,   0.100,   0.071,   3.158,   0.100,   3.158,   0.200,   3.258
202607040406,   3.016,9999.000,9999.000,9999.000,9999.000,9999.000,9999.000,9999.000,9999.000
202607040412,   3.042,   3.279,9999.000,9999.000,9999.000,9999.000,9999.000,9999.000,9999.000
202607040418,   3.067,   3.319,9999.000,9999.000,9999.000,9999.000,9999.000,9999.000,9999.000
202607040424,   3.088,   3.368,9999.000,9999.000,9999.000,9999.000,9999.000,9999.000,9999.000
202607040430,   3.107,9999.000,9999.000,9999.000,9999.000,9999.000,9999.000,9999.000,9999.000
202607040436,   3.124,   3.427,9999.000,9999.000,9999.000,9999.000,9999.000,9999.000,9999.000
202607040442,   3.139,   3.460,9999.000,9999.000,9999.000,9999.000,9999.000,9999.000,9999.000
202607040448,   3.151,   3.480,9999.000,9999.000,9999.000,9999.000,9999.000,9999.000,9999.000
202607040454,   3.161,   3.509,9999.000,9999.000,9999.000,9999.000,9999.000,9999.000,9999.000
202607040500,   3.168,   3.529,   0.100,   0.261,   3.529,   0.100,   3.529,   0.200,   3.629
202607040506,   3.174,   3.548,9999.000,9999.000,9999.000,9999.000,9999.000,9999.000,9999.000
202607040512,   3.177,   3.568,9999.000,9999.000,9999.000,9999.000,9999.000,9999.000,9999.000
202607040518,   3.178,   3.578,9999.000,9999.000,9999.000,9999.000,9999.000,9999.000,9999.000
202607040524,   3.176,   3.598,9999.000,9999.000,9999.000,9999.000,9999.000,9999.000,9999.000
202607040530,   3.173,   3.607,9999.000,9999.000,9999.000,9999.000,9999.000,9999.000,9999.000
202607040536,   3.167,   3.617,9999.000,9999.000,9999.000,9999.000,9999.000,9999.000,9999.000
202607040542,   3.159,   3.607,9999.000,9999.000,9999.000,9999.000,9999.000,9999.000,9999.000
202607040548,   3.148,   3.617,9999.000,9999.000,9999.000,9999.000,9999.000,9999.000,9999.000
202607040554,   3.136,   3.617,9999.000,9999.000,9999.000,9999.000,9999.000,9999.000,9999.000
202607040600,   3.122,   3.607,   0.200,   0.285,   3.607,   0.100,   3.507,   0.200,   3.607
202607040606,   3.105,   3.607,9999.000,9999.000,9999.000,9999.000,9999.000,9999.000,9999.000
202607040612,   3.086,   3.598,9999.000,9999.000,9999.000,9999.000,9999.000,9999.000,9999.000
202607040618,   3.065,   3.588,9999.000,9999.000,9999.000,9999.000,9999.000,9999.000,9999.000
202607040624,   3.042,   3.568,9999.000,9999.000,9999.000,9999.000,9999.000,9999.000,9999.000
202607040630,   3.017,9999.000,9999.000,9999.000,9999.000,9999.000,9999.000,9999.000,9999.000
202607040636,   2.989,   3.519,9999.000,9999.000,9999.000,9999.000,9999.000,9999.000,9999.000
202607040642,   2.960,   3.489,9999.000,9999.000,9999.000,9999.000,9999.000,9999.000,9999.000
202607040648,   2.928,   3.460,9999.000,9999.000,9999.000,9999.000,9999.000,9999.000,9999.000
202607040654,   2.894,   3.427,9999.000,9999.000,9999.000,9999.000,9999.000,9999.000,9999.000
202607040700,   2.858,   3.388,   0.200,   0.330,   3.388,   0.100,   3.288,   0.200,   3.388
202607040706,   2.820,   3.348,9999.000,9999.000,9999.000,9999.000,9999.000,9999.000,9999.000
202607040712,   2.779,   3.319,9999.000,9999.000,9999.000,9999.000,9999.000,9999.000,9999.000
202607040718,   2.736,   3.260,9999.000,9999.000,9999.000,9999.000,9999.000,9999.000,9999.000
202607040724,   2.691,   3.207,9999.000,9999.000,9999.000,9999.000,9999.000,9999.000,9999.000
202607040730,   2.643,   3.148,9999.000,9999.000,9999.000,9999.000,9999.000,9999.000,9999.000
202607040736,   2.593,   3.079,9999.000,9999.000,9999.000,9999.000,9999.000,9999.000,9999.000
202607040742,   2.541,   3.007,9999.000,9999.000,9999.000,9999.000,9999.000,9999.000,9999.000
202607040748,   2.486,   2.938,9999.000,9999.000,9999.000,9999.000,9999.000,9999.000,9999.000
202607040754,   2.429,   2.869,9999.000,9999.000,9999.000,9999.000,9999.000,9999.000,9999.000
202607040800,   2.370,   2.787,   0.200,   0.217,   2.787,   0.100,   2.687,   0.200,   2.787
202607040806,   2.309,   2.699,9999.000,9999.000,9999.000,9999.000,9999.000,9999.000,9999.000
202607040812,   2.246,   2.620,9999.000,9999.000,9999.000,9999.000,9999.000,9999.000,9999.000
202607040818,   2.180,   2.538,9999.000,9999.000,9999.000,9999.000,9999.000,9999.000,9999.000
202607040824,   2.113,   2.450,9999.000,9999.000,9999.000,9999.000,9999.000,9999.000,9999.000
202607040830,   2.044,9999.000,9999.000,9999.000,9999.000,9999.000,9999.000,9999.000,9999.000
202607040836,   1.973,   2.279,9999.000,9999.000,9999.000,9999.000,9999.000,9999.000,9999.000
202607040842,   1.901,   2.191,9999.000,9999.000,9999.000,9999.000,9999.000,9999.000,9999.000
202607040848,   1.827,   2.109,9999.000,9999.000,9999.000,9999.000,9999.000,9999.000,9999.000
202607040854,   1.753,   2.030,9999.000,9999.000,9999.000,9999.000,9999.000,9999.000,9999.000
202607040900,   1.677,   2.030,   0.200,   0.153,   2.030,   0.100,   1.930,   0.200,   2.030
202607040906,   1.602,   1.859,9999.000,9999.000,9999.000,9999.000,9999.000,9999.000,9999.000
202607040912,   1.525,   1.781,9999.000,9999.000,9999.000,9999.000,9999.000,9999.000,9999.000
202607040918,   1.449,   1.708,9999.000,9999.000,9999.000,9999.000,9999.000,9999.000,9999.000
202607040924,   1.373,   1.630,9999.000,9999.000,9999.000,9999.000,9999.000,9999.000,9999.000
202607040930,   1.298,   1.557,9999.000,9999.000,9999.000,9999.000,9999.000,9999.000,9999.000
202607040936,   1.224,   1.479,9999.000,9999.000,9999.000,9999.000,9999.000,9999.000,9999.000
202607040942,   1.150,   1.410,9999.000,9999.000,9999.000,9999.000,9999.000,9999.000,9999.000
202607040948,   1.079,   1.348,9999.000,9999.000,9999.000,9999.000,9999.000,9999.000,9999.000
202607040954,   1.009,   1.279,9999.000,9999.000,9999.000,9999.000,9999.000,9999.000,9999.000
202607041000,   0.941,   1.279,   0.100,   0.238,   1.279,   0.100,   1.279,   0.200,   1.379
202607041006,   0.876,   1.138,9999.000,9999.000,9999.000,9999.000,9999.000,9999.000,9999.000
202607041012,   0.813,   1.079,9999.000,9999.000,9999.000,9999.000,9999.000,9999.000,9999.000
202607041018,   0.754,   1.020,9999.000,9999.000,9999.000,9999.000,9999.000,9999.000,9999.000
202607041024,   0.697,   0.951,9999.000,9999.000,9999.000,9999.000,9999.000,9999.000,9999.000
202607041030,   0.644,   0.908,9999.000,9999.000,9999.000,9999.000,9999.000,9999.000,9999.000
202607041036,   0.595,   0.849,9999.000,9999.000,9999.000,9999.000,9999.000,9999.000,9999.000
202607041042,   0.549,   0.790,9999.000,9999.000,9999.000,9999.000,9999.000,9999.000,9999.000
202607041048,   0.508,   0.731,9999.000,9999.000,9999.000,9999.000,9999.000,9999.000,9999.000
202607041054,   0.470,   0.678,9999.000,9999.000,9999.000,9999.000,9999.000,9999.000,9999.000
202607041100,   0.437,   0.619,   0.100,   0.082,   0.619,   0.100,   0.619,   0.200,   0.719
202607041106,   0.408,   0.560,9999.000,9999.000,9999.000,9999.000,9999.000,9999.000,9999.000
202607041112,   0.383,   0.508,9999.000,9999.000,9999.000,9999.000,9999.000,9999.000,9999.000
202607041118,   0.363,   0.469,9999.000,9999.000,9999.000,9999.000,9999.000,9999.000,9999.000
202607041124,   0.348,   0.419,9999.000,9999.000,9999.000,9999.000,9999.000,9999.000,9999.000
202607041130,   0.337,9999.000,9999.000,9999.000,9999.000,9999.000,9999.000,9999.000,9999.000
202607041136,   0.330,   0.380,9999.000,9999.000,9999.000,9999.000,9999.000,9999.000,9999.000
202607041142,   0.329,   0.360,9999.000,9999.000,9999.000,9999.000,9999.000,9999.000,9999.000
202607041148,   0.331,   0.350,9999.000,9999.000,9999.000,9999.000,9999.000,9999.000,9999.000
202607041154,   0.339,   0.331,9999.000,9999.000,9999.000,9999.000,9999.000,9999.000,9999.000
202607041200,   0.350,   0.298,   0.200,  -0.252,   0.298,   0.200,   0.298,   0.300,   0.398
202607041206,   0.367,   0.268,9999.000,9999.000,9999.000,9999.000,9999.000,9999.000,9999.000
202607041212,   0.387,   0.229,9999.000,9999.000,9999.000,9999.000,9999.000,9999.000,9999.000
202607041218,   0.412,   0.200,9999.000,9999.000,9999.000,9999.000,9999.000,9999.000,9999.000
202607041224,   0.441,   0.170,9999.000,9999.000,9999.000,9999.000,9999.000,9999.000,9999.000
202607041230,   0.474,9999.000,9999.000,9999.000,9999.000,9999.000,9999.000,9999.000,9999.000
202607041236,   0.511,   0.209,9999.000,9999.000,9999.000,9999.000,9999.000,9999.000,9999.000
202607041242,   0.552,   0.298,9999.000,9999.000,9999.000,9999.000,9999.000,9999.000,9999.000
202607041248,   0.596,   0.429,9999.000,9999.000,9999.000,9999.000,9999.000,9999.000,9999.000
202607041254,   0.644,   0.580,9999.000,9999.000,9999.000,9999.000,9999.000,9999.000,9999.000
202607041300,   0.695,   0.718,   0.200,  -0.177,   0.718,   0.200,   0.718,   0.300,   0.818
202607041306,   0.749,   0.839,9999.000,9999.000,9999.000,9999.000,9999.000,9999.000,9999.000
202607041312,   0.806,   0.941,9999.000,9999.000,9999.000,9999.000,9999.000,9999.000,9999.000
202607041318,   0.866,   1.020,9999.000,9999.000,9999.000,9999.000,9999.000,9999.000,9999.000
202607041324,   0.928,   1.088,9999.000,9999.000,9999.000,9999.000,9999.000,9999.000,9999.000
202607041330,   0.992,   1.170,9999.000,9999.000,9999.000,9999.000,9999.000,9999.000,9999.000
202607041336,   1.058,   1.249,9999.000,9999.000,9999.000,9999.000,9999.000,9999.000,9999.000
202607041342,   1.126,   1.338,9999.000,9999.000,9999.000,9999.000,9999.000,9999.000,9999.000
202607041348,   1.194,   1.430,9999.000,9999.000,9999.000,9999.000,9999.000,9999.000,9999.000
202607041354,   1.264,   1.518,9999.000,9999.000,9999.000,9999.000,9999.000,9999.000,9999.000
202607041400,   1.335,   1.610,   0.200,   0.075,   1.610,   0.200,   1.610,   0.300,   1.710
202607041406,   1.406,   1.699,9999.000,9999.000,9999.000,9999.000,9999.000,9999.000,9999.000
202607041412,   1.477,   1.781,9999.000,9999.000,9999.000,9999.000,9999.000,9999.000,9999.000
202607041418,   1.548,   1.849,9999.000,9999.000,9999.000,9999.000,9999.000,9999.000,9999.000
202607041424,   1.619,   1.918,9999.000,9999.000,9999.000,9999.000,9999.000,9999.000,9999.000
202607041430,   1.689,   1.981,9999.000,9999.000,9999.000,9999.000,9999.000,9999.000,9999.000
202607041436,   1.759,   2.040,9999.000,9999.000,9999.000,9999.000,9999.000,9999.000,9999.000
202607041442,   1.828,   2.099,9999.000,9999.000,9999.000,9999.000,9999.000,9999.000,9999.000
202607041448,   1.895,   2.148,9999.000,9999.000,9999.000,9999.000,9999.000,9999.000,9999.000
202607041454,   1.962,   2.200,9999.000,9999.000,9999.000,9999.000,9999.000,9999.000,9999.000
202607041500,   2.026,   2.200,   0.200,  -0.026,   2.200,   0.200,   2.200,   0.300,   2.300
202607041506,   2.090,   2.318,9999.000,9999.000,9999.000,9999.000,9999.000,9999.000,9999.000
202607041512,   2.151,   2.368,9999.000,9999.000,9999.000,9999.000,9999.000,9999.000,9999.000
202607041518,   2.211,   2.430,9999.000,9999.000,9999.000,9999.000,9999.000,9999.000,9999.000
202607041524,   2.268,   2.459,9999.000,9999.000,9999.000,9999.000,9999.000,9999.000,9999.000
202607041530,   2.324,9999.000,9999.000,9999.000,9999.000,9999.000,9999.000,9999.000,9999.000
202607041536,   2.377,   2.528,9999.000,9999.000,9999.000,9999.000,9999.000,9999.000,9999.000
202607041542,   2.428,   2.568,9999.000,9999.000,9999.000,9999.000,9999.000,9999.000,9999.000
202607041548,   2.477,   2.630,9999.000,9999.000,9999.000,9999.000,9999.000,9999.000,9999.000
202607041554,   2.523,   2.689,9999.000,9999.000,9999.000,9999.000,9999.000,9999.000,9999.000
202607041600,   2.567,   2.758,   0.200,  -0.009,   2.758,   0.200,   2.758,   0.300,   2.858
202607041606,   2.609,   2.820,9999.000,9999.000,9999.000,9999.000,9999.000,9999.000,9999.000
202607041612,   2.648,   2.879,9999.000,9999.000,9999.000,9999.000,9999.000,9999.000,9999.000
202607041618,   2.684,   2.948,9999.000,9999.000,9999.000,9999.000,9999.000,9999.000,9999.000
202607041624,   2.718,   3.007,9999.000,9999.000,9999.000,9999.000,9999.000,9999.000,9999.000
202607041630,   2.750,9999.000,9999.000,9999.000,9999.000,9999.000,9999.000,9999.000,9999.000
202607041636,   2.779,   3.138,9999.000,9999.000,9999.000,9999.000,9999.000,9999.000,9999.000
202607041642,   2.805,   3.197,9999.000,9999.000,9999.000,9999.000,9999.000,9999.000,9999.000
202607041648,   2.829,   3.270,9999.000,9999.000,9999.000,9999.000,9999.000,9999.000,9999.000
202607041654,   2.851,   3.329,9999.000,9999.000,9999.000,9999.000,9999.000,9999.000,9999.000
202607041700,   2.870,   3.378,   0.200,   0.308,   3.378,   0.200,   3.378,   0.300,   3.478
202607041706,   2.886,   3.427,9999.000,9999.000,9999.000,9999.000,9999.000,9999.000,9999.000
202607041712,   2.901,   3.480,9999.000,9999.000,9999.000,9999.000,9999.000,9999.000,9999.000
202607041718,   2.912,   3.519,9999.000,9999.000,9999.000,9999.000,9999.000,9999.000,9999.000
202607041724,   2.922,   3.548,9999.000,9999.000,9999.000,9999.000,9999.000,9999.000,9999.000
202607041730,   2.929,9999.000,9999.000,9999.000,9999.000,9999.000,9999.000,9999.000,9999.000
202607041736,   2.935,   3.617,9999.000,9999.000,9999.000,9999.000,9999.000,9999.000,9999.000
202607041742,   2.937,   3.650,9999.000,9999.000,9999.000,9999.000,9999.000,9999.000,9999.000
202607041748,   2.938,9999.000,9999.000,9999.000,9999.000,9999.000,9999.000,9999.000,9999.000
202607041754,   2.937,   3.670,9999.000,9999.000,9999.000,9999.000,9999.000,9999.000,9999.000
202607041800,   2.934,   3.709,   0.300,   0.475,   3.709,   0.200,   3.609,   0.300,   3.709
202607041806,   2.929,   3.709,9999.000,9999.000,9999.000,9999.000,9999.000,9999.000,9999.000
202607041812,   2.922,   3.709,9999.000,9999.000,9999.000,9999.000,9999.000,9999.000,9999.000
202607041818,   2.913,   3.709,9999.000,9999.000,9999.000,9999.000,9999.000,9999.000,9999.000
202607041824,   2.902,   3.699,9999.000,9999.000,9999.000,9999.000,9999.000,9999.000,9999.000
202607041830,   2.889,   3.680,9999.000,9999.000,9999.000,9999.000,9999.000,9999.000,9999.000
202607041836,   2.875,   3.660,9999.000,9999.000,9999.000,9999.000,9999.000,9999.000,9999.000
202607041842,   2.858,   3.637,9999.000,9999.000,9999.000,9999.000,9999.000,9999.000,9999.000
202607041848,   2.840,   3.627,9999.000,9999.000,9999.000,9999.000,9999.000,9999.000,9999.000
202607041854,   2.820,   3.578,9999.000,9999.000,9999.000,9999.000,9999.000,9999.000,9999.000
202607041900,   2.798,   3.558,   0.300,   0.460,   3.558,   0.300,   3.558,   0.300,   3.558
202607041906,   2.775,   3.539,9999.000,9999.000,9999.000,9999.000,9999.000,9999.000,9999.000
202607041912,   2.749,   3.509,9999.000,9999.000,9999.000,9999.000,9999.000,9999.000,9999.000
202607041918,   2.722,   3.450,9999.000,9999.000,9999.000,9999.000,9999.000,9999.000,9999.000
202607041924,   2.692,   3.427,9999.000,9999.000,9999.000,9999.000,9999.000,9999.000,9999.000
202607041930,   2.661,   3.358,9999.000,9999.000,9999.000,9999.000,9999.000,9999.000,9999.000
202607041936,   2.628,   3.339,9999.000,9999.000,9999.000,9999.000,9999.000,9999.000,9999.000
202607041942,   2.593,   3.289,9999.000,9999.000,9999.000,9999.000,9999.000,9999.000,9999.000
202607041948,   2.556,   3.230,9999.000,9999.000,9999.000,9999.000,9999.000,9999.000,9999.000
202607041954,   2.517,   3.168,9999.000,9999.000,9999.000,9999.000,9999.000,9999.000,9999.000
202607042000,   2.475,   3.109,   0.300,   0.334,   3.109,   0.300,   3.109,   0.300,   3.109
202607042006,   2.432,   3.040,9999.000,9999.000,9999.000,9999.000,9999.000,9999.000,9999.000
202607042012,   2.388,   2.968,9999.000,9999.000,9999.000,9999.000,9999.000,9999.000,9999.000
202607042018,   2.341,   2.899,9999.000,9999.000,9999.000,9999.000,9999.000,9999.000,9999.000
202607042024,   2.292,   2.830,9999.000,9999.000,9999.000,9999.000,9999.000,9999.000,9999.000
202607042030,   2.241,   2.748,9999.000,9999.000,9999.000,9999.000,9999.000,9999.000,9999.000
202607042036,   2.189,   2.669,9999.000,9999.000,9999.000,9999.000,9999.000,9999.000,9999.000
202607042042,   2.135,   2.587,9999.000,9999.000,9999.000,9999.000,9999.000,9999.000,9999.000
202607042048,   2.080,   2.499,9999.000,9999.000,9999.000,9999.000,9999.000,9999.000,9999.000
202607042054,   2.023,   2.430,9999.000,9999.000,9999.000,9999.000,9999.000,9999.000,9999.000
202607042100,   1.964,   2.348,   0.300,   0.084,   2.348,   0.300,   2.348,   0.300,   2.348
202607042106,   1.905,   2.259,9999.000,9999.000,9999.000,9999.000,9999.000,9999.000,9999.000
202607042112,   1.845,   2.191,9999.000,9999.000,9999.000,9999.000,9999.000,9999.000,9999.000
202607042118,   1.783,   2.109,9999.000,9999.000,9999.000,9999.000,9999.000,9999.000,9999.000
202607042124,   1.722,   2.030,9999.000,9999.000,9999.000,9999.000,9999.000,9999.000,9999.000
202607042130,   1.660,   1.948,9999.000,9999.000,9999.000,9999.000,9999.000,9999.000,9999.000
202607042136,   1.598,   1.879,9999.000,9999.000,9999.000,9999.000,9999.000,9999.000,9999.000
202607042142,   1.536,   1.800,9999.000,9999.000,9999.000,9999.000,9999.000,9999.000,9999.000
202607042148,   1.474,   1.728,9999.000,9999.000,9999.000,9999.000,9999.000,9999.000,9999.000
202607042154,   1.413,   1.659,9999.000,9999.000,9999.000,9999.000,9999.000,9999.000,9999.000
202607042200,   1.353,   1.590,   0.300,  -0.063,   1.590,   0.300,   1.590,   0.300,   1.590
202607042206,   1.295,   1.528,9999.000,9999.000,9999.000,9999.000,9999.000,9999.000,9999.000
202607042212,   1.237,   1.469,9999.000,9999.000,9999.000,9999.000,9999.000,9999.000,9999.000
202607042218,   1.182,   1.400,9999.000,9999.000,9999.000,9999.000,9999.000,9999.000,9999.000
202607042224,   1.129,   1.338,9999.000,9999.000,9999.000,9999.000,9999.000,9999.000,9999.000
202607042230,   1.078,   1.279,9999.000,9999.000,9999.000,9999.000,9999.000,9999.000,9999.000
202607042236,   1.029,   1.220,9999.000,9999.000,9999.000,9999.000,9999.000,9999.000,9999.000
202607042242,   0.983,   1.161,9999.000,9999.000,9999.000,9999.000,9999.000,9999.000,9999.000
202607042248,   0.940,   1.108,9999.000,9999.000,9999.000,9999.000,9999.000,9999.000,9999.000
202607042254,   0.900,   1.049,9999.000,9999.000,9999.000,9999.000,9999.000,9999.000,9999.000
202607042300,   0.863,   1.000,   0.300,  -0.163,   1.000,   0.300,   1.000,   0.400,   1.100
202607042306,   0.830,   0.951,9999.000,9999.000,9999.000,9999.000,9999.000,9999.000,9999.000
202607042312,   0.801,   0.908,9999.000,9999.000,9999.000,9999.000,9999.000,9999.000,9999.000
202607042318,   0.775,   0.859,9999.000,9999.000,9999.000,9999.000,9999.000,9999.000,9999.000
202607042324,   0.752,   0.819,9999.000,9999.000,9999.000,9999.000,9999.000,9999.000,9999.000
202607042330,   0.734,   0.770,9999.000,9999.000,9999.000,9999.000,9999.000,9999.000,9999.000
202607042336,   0.719,   0.741,9999.000,9999.000,9999.000,9999.000,9999.000,9999.000,9999.000
202607042342,   0.709,   0.698,9999.000,9999.000,9999.000,9999.000,9999.000,9999.000,9999.000
202607042348,   0.702,9999.000,9999.000,9999.000,9999.000,9999.000,9999.000,9999.000,9999.000
202607042354,   0.700,   0.639,9999.000,9999.000,9999.000,9999.000,9999.000,9999.000,9999.000
202607050000,   0.701,   0.610,   0.400,  -0.491,   0.610,   0.300,   0.510,   0.400,   0.610
202607050006,   0.706,   0.580,9999.000,9999.000,9999.000,9999.000,9999.000,9999.000,9999.000
202607050012,   0.716,   0.580,9999.000,9999.000,9999.000,9999.000,9999.000,9999.000,9999.000
202607050018,   0.729,   0.570,9999.000,9999.000,9999.000,9999.000,9999.000,9999.000,9999.000
202607050024,   0.746,   0.600,9999.000,9999.000,9999.000,9999.000,9999.000,9999.000,9999.000
202607050030,   0.767,   0.639,9999.000,9999.000,9999.000,9999.000,9999.000,9999.000,9999.000
202607050036,   0.792,   0.708,9999.000,9999.000,9999.000,9999.000,9999.000,9999.000,9999.000
202607050042,   0.820,   0.790,9999.000,9999.000,9999.000,9999.000,9999.000,9999.000,9999.000
202607050048,   0.852,   0.888,9999.000,9999.000,9999.000,9999.000,9999.000,9999.000,9999.000
202607050054,   0.888,   0.990,9999.000,9999.000,9999.000,9999.000,9999.000,9999.000,9999.000
202607050100,   0.927,   1.069,   0.400,  -0.258,   1.069,   0.300,   0.969,   0.400,   1.069
202607050106,   0.969,   1.151,9999.000,9999.000,9999.000,9999.000,9999.000,9999.000,9999.000
202607050112,   1.014,   1.220,9999.000,9999.000,9999.000,9999.000,9999.000,9999.000,9999.000
202607050118,   1.062,   1.289,9999.000,9999.000,9999.000,9999.000,9999.000,9999.000,9999.000
202607050124,   1.113,   1.348,9999.000,9999.000,9999.000,9999.000,9999.000,9999.000,9999.000
202607050130,   1.167,   1.420,9999.000,9999.000,9999.000,9999.000,9999.000,9999.000,9999.000
202607050136,   1.223,   1.479,9999.000,9999.000,9999.000,9999.000,9999.000,9999.000,9999.000
202607050142,   1.281,   1.548,9999.000,9999.000,9999.000,9999.000,9999.000,9999.000,9999.000
202607050148,   1.340,   1.620,9999.000,9999.000,9999.000,9999.000,9999.000,9999.000,9999.000
202607050154,   1.402,   1.689,9999.000,9999.000,9999.000,9999.000,9999.000,9999.000,9999.000
202607050200,   1.465,   1.758,   0.400,  -0.107,   1.758,   0.300,   1.658,   0.400,   1.758
202607050206,   1.529,   1.840,9999.000,9999.000,9999.000,9999.000,9999.000,9999.000,9999.000
202607050212,   1.593,   1.918,9999.000,9999.000,9999.000,9999.000,9999.000,9999.000,9999.000
202607050218,   1.659,   2.010,9999.000,9999.000,9999.000,9999.000,9999.000,9999.000,9999.000
202607050224,   1.725,   2.079,9999.000,9999.000,9999.000,9999.000,9999.000,9999.000,9999.000
202607050230,   1.791,   2.148,9999.000,9999.000,9999.000,9999.000,9999.000,9999.000,9999.000
202607050236,   1.856,   2.220,9999.000,9999.000,9999.000,9999.000,9999.000,9999.000,9999.000
202607050242,   1.922,   2.279,9999.000,9999.000,9999.000,9999.000,9999.000,9999.000,9999.000
202607050248,   1.987,   2.328,9999.000,9999.000,9999.000,9999.000,9999.000,9999.000,9999.000
202607050254,   2.051,   2.387,9999.000,9999.000,9999.000,9999.000,9999.000,9999.000,9999.000
202607050300,   2.114,   2.387,   0.400,  -0.127,   2.387,   0.300,   2.287,   0.400,   2.387
202607050306,   2.176,   2.499,9999.000,9999.000,9999.000,9999.000,9999.000,9999.000,9999.000
202607050312,   2.236,   2.548,9999.000,9999.000,9999.000,9999.000,9999.000,9999.000,9999.000
202607050318,   2.295,   2.610,9999.000,9999.000,9999.000,9999.000,9999.000,9999.000,9999.000
202607050324,   2.353,   2.660,9999.000,9999.000,9999.000,9999.000,9999.000,9999.000,9999.000
202607050330,   2.409,   2.719,9999.000,9999.000,9999.000,9999.000,9999.000,9999.000,9999.000
202607050336,   2.463,   2.778,9999.000,9999.000,9999.000,9999.000,9999.000,9999.000,9999.000
202607050342,   2.515,   2.820,9999.000,9999.000,9999.000,9999.000,9999.000,9999.000,9999.000
202607050348,   2.565,9999.000,9999.000,9999.000,9999.000,9999.000,9999.000,9999.000,9999.000
202607050354,   2.612,   2.929,9999.000,9999.000,9999.000,9999.000,9999.000,9999.000,9999.000
202607050400,   2.658,   2.929,   0.400,  -0.129,   2.929,   0.300,   2.829,   0.400,   2.929
202607050406,   2.702,   3.030,9999.000,9999.000,9999.000,9999.000,9999.000,9999.000,9999.000
202607050412,   2.743,   3.089,9999.000,9999.000,9999.000,9999.000,9999.000,9999.000,9999.000
202607050418,   2.782,   3.158,9999.000,9999.000,9999.000,9999.000,9999.000,9999.000,9999.000
202607050424,   2.818,   3.230,9999.000,9999.000,9999.000,9999.000,9999.000,9999.000,9999.000
202607050430,   2.853,   3.289,9999.000,9999.000,9999.000,9999.000,9999.000,9999.000,9999.000
202607050436,   2.885,   3.358,9999.000,9999.000,9999.000,9999.000,9999.000,9999.000,9999.000
202607050442,   2.914,   3.427,9999.000,9999.000,9999.000,9999.000,9999.000,9999.000,9999.000
202607050448,   2.942,   3.489,9999.000,9999.000,9999.000,9999.000,9999.000,9999.000,9999.000
202607050454,   2.967,   3.548,9999.000,9999.000,9999.000,9999.000,9999.000,9999.000,9999.000
202607050500,   2.989,   3.598,   0.400,   0.209,   3.598,   0.300,   3.498,   0.400,   3.598
202607050506,   3.010,   3.650,9999.000,9999.000,9999.000,9999.000,9999.000,9999.000,9999.000
202607050512,   3.028,   3.709,9999.000,9999.000,9999.000,9999.000,9999.000,9999.000,9999.000
202607050518,   3.044,   3.758,9999.000,9999.000,9999.000,9999.000,9999.000,9999.000,9999.000
202607050524,   3.057,   3.808,9999.000,9999.000,9999.000,9999.000,9999.000,9999.000,9999.000
202607050530,   3.068,   3.860,9999.000,9999.000,9999.000,9999.000,9999.000,9999.000,9999.000
202607050536,   3.077,   3.899,9999.000,9999.000,9999.000,9999.000,9999.000,9999.000,9999.000
202607050542,   3.084,   3.939,9999.000,9999.000,9999.000,9999.000,9999.000,9999.000,9999.000
202607050548,   3.089,   3.978,9999.000,9999.000,9999.000,9999.000,9999.000,9999.000,9999.000
202607050554,   3.091,   4.017,9999.000,9999.000,9999.000,9999.000,9999.000,9999.000,9999.000
202607050600,   3.091,   4.017,   0.400,   0.526,   4.017,   0.400,   4.017,   0.400,   4.017
202607050606,   3.089,   4.099,9999.000,9999.000,9999.000,9999.000,9999.000,9999.000,9999.000
202607050612,   3.085,   4.129,9999.000,9999.000,9999.000,9999.000,9999.000,9999.000,9999.000
202607050618,   3.078,   4.159,9999.000,9999.000,9999.000,9999.000,9999.000,9999.000,9999.000
202607050624,   3.069,   4.188,9999.000,9999.000,9999.000,9999.000,9999.000,9999.000,9999.000
202607050630,   3.058,   4.208,9999.000,9999.000,9999.000,9999.000,9999.000,9999.000,9999.000
202607050636,   3.045,   4.227,9999.000,9999.000,9999.000,9999.000,9999.000,9999.000,9999.000
202607050642,   3.029,   4.237,9999.000,9999.000,9999.000,9999.000,9999.000,9999.000,9999.000
202607050648,   3.011,   4.247,9999.000,9999.000,9999.000,9999.000,9999.000,9999.000,9999.000
202607050654,   2.991,   4.247,9999.000,9999.000,9999.000,9999.000,9999.000,9999.000,9999.000
202607050700,   2.969,   4.247,   0.400,   0.878,   4.247,   0.400,   4.247,   0.500,   4.347
202607050706,   2.945,   4.247,9999.000,9999.000,9999.000,9999.000,9999.000,9999.000,9999.000
202607050712,   2.918,   4.237,9999.000,9999.000,9999.000,9999.000,9999.000,9999.000,9999.000
202607050718,   2.889,   4.218,9999.000,9999.000,9999.000,9999.000,9999.000,9999.000,9999.000
202607050724,   2.858,   4.198,9999.000,9999.000,9999.000,9999.000,9999.000,9999.000,9999.000
202607050730,   2.825,   4.159,9999.000,9999.000,9999.000,9999.000,9999.000,9999.000,9999.000
202607050736,   2.790,   4.129,9999.000,9999.000,9999.000,9999.000,9999.000,9999.000,9999.000
202607050742,   2.752,   4.080,9999.000,9999.000,9999.000,9999.000,9999.000,9999.000,9999.000
202607050748,   2.712,   4.017,9999.000,9999.000,9999.000,9999.000,9999.000,9999.000,9999.000
202607050754,   2.670,   3.958,9999.000,9999.000,9999.000,9999.000,9999.000,9999.000,9999.000
202607050800,   2.626,   3.899,   0.400,   0.873,   3.899,   0.400,   3.899,   0.500,   3.999
202607050806,   2.580,   3.827,9999.000,9999.000,9999.000,9999.000,9999.000,9999.000,9999.000
202607050812,   2.531,   3.758,9999.000,9999.000,9999.000,9999.000,9999.000,9999.000,9999.000
202607050818,   2.480,   3.680,9999.000,9999.000,9999.000,9999.000,9999.000,9999.000,9999.000
202607050824,   2.428,   3.607,9999.000,9999.000,9999.000,9999.000,9999.000,9999.000,9999.000
202607050830,   2.373,9999.000,9999.000,9999.000,9999.000,9999.000,9999.000,9999.000,9999.000
202607050836,   2.316,   3.460,9999.000,9999.000,9999.000,9999.000,9999.000,9999.000,9999.000
202607050842,   2.257,   3.368,9999.000,9999.000,9999.000,9999.000,9999.000,9999.000,9999.000
202607050848,   2.196,   3.289,9999.000,9999.000,9999.000,9999.000,9999.000,9999.000,9999.000
202607050854,   2.133,   3.207,9999.000,9999.000,9999.000,9999.000,9999.000,9999.000,9999.000
202607050900,   2.069,   3.207,   0.400,   0.738,   3.207,   0.300,   3.107,   0.500,   3.307
202607050906,   2.002,   3.040,9999.000,9999.000,9999.000,9999.000,9999.000,9999.000,9999.000
202607050912,   1.935,   2.948,9999.000,9999.000,9999.000,9999.000,9999.000,9999.000,9999.000
202607050918,   1.866,   2.860,9999.000,9999.000,9999.000,9999.000,9999.000,9999.000,9999.000
202607050924,   1.796,   2.758,9999.000,9999.000,9999.000,9999.000,9999.000,9999.000,9999.000
202607050930,   1.724,   2.660,9999.000,9999.000,9999.000,9999.000,9999.000,9999.000,9999.000
202607050936,   1.652,   2.568,9999.000,9999.000,9999.000,9999.000,9999.000,9999.000,9999.000
202607050942,   1.580,   2.469,9999.000,9999.000,9999.000,9999.000,9999.000,9999.000,9999.000
202607050948,   1.507,   2.358,9999.000,9999.000,9999.000,9999.000,9999.000,9999.000,9999.000
202607050954,   1.434,   2.259,9999.000,9999.000,9999.000,9999.000,9999.000,9999.000,9999.000
202607051000,   1.361,   2.259,   0.400,   0.498,   2.259,   0.300,   2.159,   0.500,   2.359
202607051006,   1.289,   2.040,9999.000,9999.000,9999.000,9999.000,9999.000,9999.000,9999.000
202607051012,   1.217,   1.928,9999.000,9999.000,9999.000,9999.000,9999.000,9999.000,9999.000
202607051018,   1.146,   1.830,9999.000,9999.000,9999.000,9999.000,9999.000,9999.000,9999.000
202607051024,   1.077,   1.728,9999.000,9999.000,9999.000,9999.000,9999.000,9999.000,9999.000
202607051030,   1.009,   1.630,9999.000,9999.000,9999.000,9999.000,9999.000,9999.000,9999.000
202607051036,   0.943,   1.538,9999.000,9999.000,9999.000,9999.000,9999.000,9999.000,9999.000
202607051042,   0.879,   1.449,9999.000,9999.000,9999.000,9999.000,9999.000,9999.000,9999.000
202607051048,   0.817,   1.361,9999.000,9999.000,9999.000,9999.000,9999.000,9999.000,9999.000
202607051054,   0.759,   1.279,9999.000,9999.000,9999.000,9999.000,9999.000,9999.000,9999.000
202607051100,   0.703,   1.200,   0.400,   0.097,   1.200,   0.300,   1.100,   0.500,   1.300
202607051106,   0.650,   1.118,9999.000,9999.000,9999.000,9999.000,9999.000,9999.000,9999.000
202607051112,   0.600,   1.039,9999.000,9999.000,9999.000,9999.000,9999.000,9999.000,9999.000
202607051118,   0.554,   0.961,9999.000,9999.000,9999.000,9999.000,9999.000,9999.000,9999.000
202607051124,   0.512,   0.888,9999.000,9999.000,9999.000,9999.000,9999.000,9999.000,9999.000
202607051130,   0.473,9999.000,9999.000,9999.000,9999.000,9999.000,9999.000,9999.000,9999.000
202607051136,   0.439,   0.751,9999.000,9999.000,9999.000,9999.000,9999.000,9999.000,9999.000
202607051142,   0.409,   0.688,9999.000,9999.000,9999.000,9999.000,9999.000,9999.000,9999.000
202607051148,   0.383,   0.639,9999.000,9999.000,9999.000,9999.000,9999.000,9999.000,9999.000
202607051154,   0.361,   0.590,9999.000,9999.000,9999.000,9999.000,9999.000,9999.000,9999.000
202607051200,   0.344,   0.541,   0.400,  -0.203,   0.541,   0.400,   0.541,   0.500,   0.641
202607051206,   0.331,   0.488,9999.000,9999.000,9999.000,9999.000,9999.000,9999.000,9999.000
202607051212,   0.323,   0.449,9999.000,9999.000,9999.000,9999.000,9999.000,9999.000,9999.000
202607051218,   0.319,   0.419,9999.000,9999.000,9999.000,9999.000,9999.000,9999.000,9999.000
202607051224,   0.320,   0.390,9999.000,9999.000,9999.000,9999.000,9999.000,9999.000,9999.000
202607051230,   0.325,   0.390,9999.000,9999.000,9999.000,9999.000,9999.000,9999.000,9999.000
202607051236,   0.335,   0.400,9999.000,9999.000,9999.000,9999.000,9999.000,9999.000,9999.000
202607051242,   0.349,   0.439,9999.000,9999.000,9999.000,9999.000,9999.000,9999.000,9999.000
202607051248,   0.368,   0.478,9999.000,9999.000,9999.000,9999.000,9999.000,9999.000,9999.000
202607051254,   0.391,   0.531,9999.000,9999.000,9999.000,9999.000,9999.000,9999.000,9999.000
202607051300,   0.418,   0.590,   0.400,  -0.228,   0.590,   0.400,   0.590,   0.500,   0.690
202607051306,   0.450,   0.669,9999.000,9999.000,9999.000,9999.000,9999.000,9999.000,9999.000
202607051312,   0.486,   0.770,9999.000,9999.000,9999.000,9999.000,9999.000,9999.000,9999.000
202607051318,   0.526,   0.888,9999.000,9999.000,9999.000,9999.000,9999.000,9999.000,9999.000
202607051324,   0.570,   1.020,9999.000,9999.000,9999.000,9999.000,9999.000,9999.000,9999.000
202607051330,   0.617,9999.000,9999.000,9999.000,9999.000,9999.000,9999.000,9999.000,9999.000
202607051336,   0.668,   1.259,9999.000,9999.000,9999.000,9999.000,9999.000,9999.000,9999.000
202607051342,   0.722,   1.338,9999.000,9999.000,9999.000,9999.000,9999.000,9999.000,9999.000
202607051348,   0.780,   1.420,9999.000,9999.000,9999.000,9999.000,9999.000,9999.000,9999.000
202607051354,   0.840,   1.489,9999.000,9999.000,9999.000,9999.000,9999.000,9999.000,9999.000
202607051400,   0.903,   1.489,   0.400,   0.186,   1.489,   0.400,   1.489,   0.500,   1.589
202607051406,   0.968,   1.630,9999.000,9999.000,9999.000,9999.000,9999.000,9999.000,9999.000
202607051412,   1.036,   1.699,9999.000,9999.000,9999.000,9999.000,9999.000,9999.000,9999.000
202607051418,   1.105,   1.767,9999.000,9999.000,9999.000,9999.000,9999.000,9999.000,9999.000
202607051424,   1.176,   1.840,9999.000,9999.000,9999.000,9999.000,9999.000,9999.000,9999.000
202607051430,   1.248,   1.889,9999.000,9999.000,9999.000,9999.000,9999.000,9999.000,9999.000
202607051436,   1.321,   1.938,9999.000,9999.000,9999.000,9999.000,9999.000,9999.000,9999.000
202607051442,   1.395,   1.967,9999.000,9999.000,9999.000,9999.000,9999.000,9999.000,9999.000
202607051448,   1.469,   2.000,9999.000,9999.000,9999.000,9999.000,9999.000,9999.000,9999.000
202607051454,   1.543,   2.010,9999.000,9999.000,9999.000,9999.000,9999.000,9999.000,9999.000
202607051500,   1.617,   2.020,   0.400,   0.003,   2.020,   0.400,   2.020,   0.500,   2.120
202607051506,   1.690,   2.020,9999.000,9999.000,9999.000,9999.000,9999.000,9999.000,9999.000
202607051512,   1.763,   2.040,9999.000,9999.000,9999.000,9999.000,9999.000,9999.000,9999.000
202607051518,   1.835,   2.059,9999.000,9999.000,9999.000,9999.000,9999.000,9999.000,9999.000
202607051524,   1.906,   2.089,9999.000,9999.000,9999.000,9999.000,9999.000,9999.000,9999.000
202607051530,   1.975,   2.128,9999.000,9999.000,9999.000,9999.000,9999.000,9999.000,9999.000
202607051536,   2.043,   2.200,9999.000,9999.000,9999.000,9999.000,9999.000,9999.000,9999.000
202607051542,   2.109,   2.289,9999.000,9999.000,9999.000,9999.000,9999.000,9999.000,9999.000
202607051548,   2.174,   2.377,9999.000,9999.000,9999.000,9999.000,9999.000,9999.000,9999.000
202607051554,   2.237,   2.479,9999.000,9999.000,9999.000,9999.000,9999.000,9999.000,9999.000
202607051600,   2.297,   2.578,   0.400,  -0.119,   2.578,   0.400,   2.578,   0.500,   2.678
202607051606,   2.356,   2.679,9999.000,9999.000,9999.000,9999.000,9999.000,9999.000,9999.000
202607051612,   2.412,   2.778,9999.000,9999.000,9999.000,9999.000,9999.000,9999.000,9999.000
202607051618,   2.466,   2.869,9999.000,9999.000,9999.000,9999.000,9999.000,9999.000,9999.000
202607051624,   2.518,   2.948,9999.000,9999.000,9999.000,9999.000,9999.000,9999.000,9999.000
202607051630,   2.567,9999.000,9999.000,9999.000,9999.000,9999.000,9999.000,9999.000,9999.000
202607051636,   2.614,   3.099,9999.000,9999.000,9999.000,9999.000,9999.000,9999.000,9999.000
202607051642,   2.659,   3.158,9999.000,9999.000,9999.000,9999.000,9999.000,9999.000,9999.000
202607051648,   2.701,   3.207,9999.000,9999.000,9999.000,9999.000,9999.000,9999.000,9999.000
202607051654,   2.740,   3.260,9999.000,9999.000,9999.000,9999.000,9999.000,9999.000,9999.000
202607051700,   2.777,   3.299,   0.400,   0.122,   3.299,   0.400,   3.299,   0.500,   3.399
202607051706,   2.812,   3.339,9999.000,9999.000,9999.000,9999.000,9999.000,9999.000,9999.000
202607051712,   2.844,   3.378,9999.000,9999.000,9999.000,9999.000,9999.000,9999.000,9999.000
202607051718,   2.873,   3.417,9999.000,9999.000,9999.000,9999.000,9999.000,9999.000,9999.000
202607051724,   2.900,   3.450,9999.000,9999.000,9999.000,9999.000,9999.000,9999.000,9999.000
202607051730,   2.925,   3.489,9999.000,9999.000,9999.000,9999.000,9999.000,9999.000,9999.000
202607051736,   2.947,   3.519,9999.000,9999.000,9999.000,9999.000,9999.000,9999.000,9999.000
202607051742,   2.966,   3.558,9999.000,9999.000,9999.000,9999.000,9999.000,9999.000,9999.000
202607051748,   2.983,   3.607,9999.000,9999.000,9999.000,9999.000,9999.000,9999.000,9999.000
202607051754,   2.998,   3.637,9999.000,9999.000,9999.000,9999.000,9999.000,9999.000,9999.000
202607051800,   3.010,   3.670,   0.500,   0.160,   3.670,   0.400,   3.570,   0.500,   3.670
202607051806,   3.020,   3.709,9999.000,9999.000,9999.000,9999.000,9999.000,9999.000,9999.000
202607051812,   3.027,   3.739,9999.000,9999.000,9999.000,9999.000,9999.000,9999.000,9999.000
202607051818,   3.032,   3.749,9999.000,9999.000,9999.000,9999.000,9999.000,9999.000,9999.000
202607051824,   3.035,   3.768,9999.000,9999.000,9999.000,9999.000,9999.000,9999.000,9999.000
202607051830,   3.035,   3.788,9999.000,9999.000,9999.000,9999.000,9999.000,9999.000,9999.000
202607051836,   3.034,   3.817,9999.000,9999.000,9999.000,9999.000,9999.000,9999.000,9999.000
202607051842,   3.030,   3.817,9999.000,9999.000,9999.000,9999.000,9999.000,9999.000,9999.000
202607051848,   3.024,   3.817,9999.000,9999.000,9999.000,9999.000,9999.000,9999.000,9999.000
202607051854,   3.017,   3.817,9999.000,9999.000,9999.000,9999.000,9999.000,9999.000,9999.000
202607051900,   3.007,   3.817,   0.500,   0.310,   3.817,   0.400,   3.717,   0.500,   3.817
202607051906,   2.995,   3.817,9999.000,9999.000,9999.000,9999.000,9999.000,9999.000,9999.000
202607051912,   2.982,   3.788,9999.000,9999.000,9999.000,9999.000,9999.000,9999.000,9999.000
202607051918,   2.966,   3.798,9999.000,9999.000,9999.000,9999.000,9999.000,9999.000,9999.000
202607051924,   2.949,   3.778,9999.000,9999.000,9999.000,9999.000,9999.000,9999.000,9999.000
202607051930,   2.929,   3.778,9999.000,9999.000,9999.000,9999.000,9999.000,9999.000,9999.000
202607051936,   2.908,   3.778,9999.000,9999.000,9999.000,9999.000,9999.000,9999.000,9999.000
202607051942,   2.885,   3.758,9999.000,9999.000,9999.000,9999.000,9999.000,9999.000,9999.000
202607051948,   2.860,   3.758,9999.000,9999.000,9999.000,9999.000,9999.000,9999.000,9999.000
202607051954,   2.833,   3.758,9999.000,9999.000,9999.000,9999.000,9999.000,9999.000,9999.000
202607052000,   2.804,   3.749,   0.500,   0.445,   3.749,   0.400,   3.649,   0.500,   3.749
202607052006,   2.774,   3.739,9999.000,9999.000,9999.000,9999.000,9999.000,9999.000,9999.000
202607052012,   2.741,   3.719,9999.000,9999.000,9999.000,9999.000,9999.000,9999.000,9999.000
202607052018,   2.707,   3.699,9999.000,9999.000,9999.000,9999.000,9999.000,9999.000,9999.000
202607052024,   2.671,   3.660,9999.000,9999.000,9999.000,9999.000,9999.000,9999.000,9999.000
202607052030,   2.633,   3.627,9999.000,9999.000,9999.000,9999.000,9999.000,9999.000,9999.000
202607052036,   2.594,   3.588,9999.000,9999.000,9999.000,9999.000,9999.000,9999.000,9999.000
202607052042,   2.552,   3.548,9999.000,9999.000,9999.000,9999.000,9999.000,9999.000,9999.000
202607052048,   2.509,   3.509,9999.000,9999.000,9999.000,9999.000,9999.000,9999.000,9999.000
202607052054,   2.464,   3.470,9999.000,9999.000,9999.000,9999.000,9999.000,9999.000,9999.000
202607052100,   2.417,   3.417,   0.500,   0.500,   3.417,   0.400,   3.317,   0.500,   3.417
202607052106,   2.369,   3.358,9999.000,9999.000,9999.000,9999.000,9999.000,9999.000,9999.000
202607052112,   2.319,   3.289,9999.000,9999.000,9999.000,9999.000,9999.000,9999.000,9999.000
202607052118,   2.268,   3.230,9999.000,9999.000,9999.000,9999.000,9999.000,9999.000,9999.000
202607052124,   2.215,   3.138,9999.000,9999.000,9999.000,9999.000,9999.000,9999.000,9999.000
202607052130,   2.161,   3.060,9999.000,9999.000,9999.000,9999.000,9999.000,9999.000,9999.000
202607052136,   2.105,   2.978,9999.000,9999.000,9999.000,9999.000,9999.000,9999.000,9999.000
202607052142,   2.049,   2.899,9999.000,9999.000,9999.000,9999.000,9999.000,9999.000,9999.000
202607052148,   1.991,   2.807,9999.000,9999.000,9999.000,9999.000,9999.000,9999.000,9999.000
202607052154,   1.932,   2.709,9999.000,9999.000,9999.000,9999.000,9999.000,9999.000,9999.000
202607052200,   1.873,   2.610,   0.500,   0.237,   2.610,   0.400,   2.510,   0.500,   2.610
202607052206,   1.813,   2.509,9999.000,9999.000,9999.000,9999.000,9999.000,9999.000,9999.000
202607052212,   1.753,   2.410,9999.000,9999.000,9999.000,9999.000,9999.000,9999.000,9999.000
202607052218,   1.693,   2.309,9999.000,9999.000,9999.000,9999.000,9999.000,9999.000,9999.000
202607052224,   1.633,   2.220,9999.000,9999.000,9999.000,9999.000,9999.000,9999.000,9999.000
202607052230,   1.573,   2.128,9999.000,9999.000,9999.000,9999.000,9999.000,9999.000,9999.000
202607052236,   1.513,   2.030,9999.000,9999.000,9999.000,9999.000,9999.000,9999.000,9999.000
202607052242,   1.454,   1.948,9999.000,9999.000,9999.000,9999.000,9999.000,9999.000,9999.000
202607052248,   1.396,   1.869,9999.000,9999.000,9999.000,9999.000,9999.000,9999.000,9999.000
202607052254,   1.340,   1.790,9999.000,9999.000,9999.000,9999.000,9999.000,9999.000,9999.000
202607052300,   1.284,   1.728,   0.500,  -0.056,   1.728,   0.400,   1.628,   0.500,   1.728
202607052306,   1.231,   1.689,9999.000,9999.000,9999.000,9999.000,9999.000,9999.000,9999.000
202607052312,   1.179,   1.639,9999.000,9999.000,9999.000,9999.000,9999.000,9999.000,9999.000
202607052318,   1.129,   1.600,9999.000,9999.000,9999.000,9999.000,9999.000,9999.000,9999.000
202607052324,   1.082,   1.548,9999.000,9999.000,9999.000,9999.000,9999.000,9999.000,9999.000
202607052330,   1.037,   1.489,9999.000,9999.000,9999.000,9999.000,9999.000,9999.000,9999.000
202607052336,   0.995,   1.430,9999.000,9999.000,9999.000,9999.000,9999.000,9999.000,9999.000
202607052342,   0.955,   1.361,9999.000,9999.000,9999.000,9999.000,9999.000,9999.000,9999.000
202607052348,   0.919,   1.298,9999.000,9999.000,9999.000,9999.000,9999.000,9999.000,9999.000
202607052354,   0.886,   1.229,9999.000,9999.000,9999.000,9999.000,9999.000,9999.000,9999.000
202607060000,   0.856,   1.161,   0.500,  -0.195,   1.161,   0.400,   1.061,   0.600,   1.261
202607060006,   0.829,   1.088,9999.000,9999.000,9999.000,9999.000,9999.000,9999.000,9999.000
202607060012,   0.806,   1.029,9999.000,9999.000,9999.000,9999.000,9999.000,9999.000,9999.000
202607060018,   0.786,   0.980,9999.000,9999.000,9999.000,9999.000,9999.000,9999.000,9999.000
202607060024,   0.771,   0.918,9999.000,9999.000,9999.000,9999.000,9999.000,9999.000,9999.000
202607060030,   0.759,   0.869,9999.000,9999.000,9999.000,9999.000,9999.000,9999.000,9999.000
202607060036,   0.750,   0.829,9999.000,9999.000,9999.000,9999.000,9999.000,9999.000,9999.000
202607060042,   0.746,   0.790,9999.000,9999.000,9999.000,9999.000,9999.000,9999.000,9999.000
202607060048,   0.745,   0.770,9999.000,9999.000,9999.000,9999.000,9999.000,9999.000,9999.000
202607060054,   0.749,   0.741,9999.000,9999.000,9999.000,9999.000,9999.000,9999.000,9999.000
202607060100,   0.756,   0.718,   0.500,  -0.538,   0.718,   0.500,   0.718,   0.600,   0.818
202607060106,   0.767,   0.698,9999.000,9999.000,9999.000,9999.000,9999.000,9999.000,9999.000
202607060112,   0.782,   0.708,9999.000,9999.000,9999.000,9999.000,9999.000,9999.000,9999.000
202607060118,   0.801,   0.731,9999.000,9999.000,9999.000,9999.000,9999.000,9999.000,9999.000
202607060124,   0.823,   0.780,9999.000,9999.000,9999.000,9999.000,9999.000,9999.000,9999.000
202607060130,   0.849,   0.849,9999.000,9999.000,9999.000,9999.000,9999.000,9999.000,9999.000
202607060136,   0.879,   0.928,9999.000,9999.000,9999.000,9999.000,9999.000,9999.000,9999.000
202607060142,   0.913,   1.020,9999.000,9999.000,9999.000,9999.000,9999.000,9999.000,9999.000
202607060148,   0.949,   1.098,9999.000,9999.000,9999.000,9999.000,9999.000,9999.000,9999.000
202607060154,   0.990,   1.180,9999.000,9999.000,9999.000,9999.000,9999.000,9999.000,9999.000
202607060200,   1.033,   1.239,   0.500,  -0.294,   1.239,   0.500,   1.239,   0.500,   1.239
202607060206,   1.079,   1.279,9999.000,9999.000,9999.000,9999.000,9999.000,9999.000,9999.000
202607060212,   1.128,   1.318,9999.000,9999.000,9999.000,9999.000,9999.000,9999.000,9999.000
202607060218,   1.179,   1.348,9999.000,9999.000,9999.000,9999.000,9999.000,9999.000,9999.000
202607060224,   1.233,   1.390,9999.000,9999.000,9999.000,9999.000,9999.000,9999.000,9999.000
202607060230,   1.289,   1.449,9999.000,9999.000,9999.000,9999.000,9999.000,9999.000,9999.000
202607060236,   1.347,   1.518,9999.000,9999.000,9999.000,9999.000,9999.000,9999.000,9999.000
202607060242,   1.406,   1.610,9999.000,9999.000,9999.000,9999.000,9999.000,9999.000,9999.000
202607060248,   1.467,   1.689,9999.000,9999.000,9999.000,9999.000,9999.000,9999.000,9999.000
202607060254,   1.529,   1.781,9999.000,9999.000,9999.000,9999.000,9999.000,9999.000,9999.000
202607060300,   1.591,   1.879,   0.500,  -0.212,   1.879,   0.500,   1.879,   0.500,   1.879
202607060306,   1.654,   1.981,9999.000,9999.000,9999.000,9999.000,9999.000,9999.000,9999.000
202607060312,   1.718,   2.059,9999.000,9999.000,9999.000,9999.000,9999.000,9999.000,9999.000
202607060318,   1.781,   2.138,9999.000,9999.000,9999.000,9999.000,9999.000,9999.000,9999.000
202607060324,   1.844,   2.200,9999.000,9999.000,9999.000,9999.000,9999.000,9999.000,9999.000
202607060330,   1.907,   2.259,9999.000,9999.000,9999.000,9999.000,9999.000,9999.000,9999.000
202607060336,   1.969,   2.318,9999.000,9999.000,9999.000,9999.000,9999.000,9999.000,9999.000
202607060342,   2.030,   2.368,9999.000,9999.000,9999.000,9999.000,9999.000,9999.000,9999.000
202607060348,   2.090,   2.420,9999.000,9999.000,9999.000,9999.000,9999.000,9999.000,9999.000
202607060354,   2.149,   2.459,9999.000,9999.000,9999.000,9999.000,9999.000,9999.000,9999.000
202607060400,   2.207,   2.499,   0.500,  -0.208,   2.499,   0.400,   2.399,   0.500,   2.499
202607060406,   2.263,9999.000,9999.000,9999.000,9999.000,9999.000,9999.000,9999.000,9999.000
202607060412,   2.317,   2.587,9999.000,9999.000,9999.000,9999.000,9999.000,9999.000,9999.000
202607060418,   2.370,   2.640,9999.000,9999.000,9999.000,9999.000,9999.000,9999.000,9999.000
202607060424,   2.421,   2.679,9999.000,9999.000,9999.000,9999.000,9999.000,9999.000,9999.000
202607060430,   2.470,   2.728,9999.000,9999.000,9999.000,9999.000,9999.000,9999.000,9999.000
202607060436,   2.517,   2.787,9999.000,9999.000,9999.000,9999.000,9999.000,9999.000,9999.000
202607060442,   2.562,   2.850,9999.000,9999.000,9999.000,9999.000,9999.000,9999.000,9999.000
202607060448,   2.605,   2.919,9999.000,9999.000,9999.000,9999.000,9999.000,9999.000,9999.000
202607060454,   2.645,   2.978,9999.000,9999.000,9999.000,9999.000,9999.000,9999.000,9999.000
202607060500,   2.684,   3.050,   0.500,  -0.134,   3.050,   0.400,   2.950,   0.500,   3.050
202607060506,   2.720,   3.109,9999.000,9999.000,9999.000,9999.000,9999.000,9999.000,9999.000
202607060512,   2.754,   3.168,9999.000,9999.000,9999.000,9999.000,9999.000,9999.000,9999.000
202607060518,   2.786,   3.217,9999.000,9999.000,9999.000,9999.000,9999.000,9999.000,9999.000
202607060524,   2.816,   3.270,9999.000,9999.000,9999.000,9999.000,9999.000,9999.000,9999.000
202607060530,   2.843,   3.319,9999.000,9999.000,9999.000,9999.000,9999.000,9999.000,9999.000
202607060536,   2.868,   3.348,9999.000,9999.000,9999.000,9999.000,9999.000,9999.000,9999.000
202607060542,   2.891,   3.388,9999.000,9999.000,9999.000,9999.000,9999.000,9999.000,9999.000
202607060548,   2.911,   3.407,9999.000,9999.000,9999.000,9999.000,9999.000,9999.000,9999.000
202607060554,   2.930,   3.440,9999.000,9999.000,9999.000,9999.000,9999.000,9999.000,9999.000
202607060600,   2.946,   3.460,   0.500,   0.014,   3.460,   0.400,   3.360,   0.500,   3.460
202607060606,   2.959,   3.489,9999.000,9999.000,9999.000,9999.000,9999.000,9999.000,9999.000
202607060612,   2.971,   3.499,9999.000,9999.000,9999.000,9999.000,9999.000,9999.000,9999.000
202607060618,   2.980,   3.509,9999.000,9999.000,9999.000,9999.000,9999.000,9999.000,9999.000
202607060624,   2.987,   3.529,9999.000,9999.000,9999.000,9999.000,9999.000,9999.000,9999.000
202607060630,   2.992,   3.548,9999.000,9999.000,9999.000,9999.000,9999.000,9999.000,9999.000
202607060636,   2.995,   3.558,9999.000,9999.000,9999.000,9999.000,9999.000,9999.000,9999.000
202607060642,   2.995,   3.578,9999.000,9999.000,9999.000,9999.000,9999.000,9999.000,9999.000
202607060648,   2.994,   3.588,9999.000,9999.000,9999.000,9999.000,9999.000,9999.000,9999.000
202607060654,   2.989,   3.598,9999.000,9999.000,9999.000,9999.000,9999.000,9999.000,9999.000
202607060700,   2.983,   3.617,   0.500,   0.134,   3.617,   0.400,   3.517,   0.500,   3.617
202607060706,   2.974,   3.627,9999.000,9999.000,9999.000,9999.000,9999.000,9999.000,9999.000
202607060712,   2.963,   3.637,9999.000,9999.000,9999.000,9999.000,9999.000,9999.000,9999.000
202607060718,   2.950,   3.650,9999.000,9999.000,9999.000,9999.000,9999.000,9999.000,9999.000
202607060724,   2.934,   3.660,9999.000,9999.000,9999.000,9999.000,9999.000,9999.000,9999.000
202607060730,   2.916,   3.660,9999.000,9999.000,9999.000,9999.000,9999.000,9999.000,9999.000
202607060736,   2.896,   3.670,9999.000,9999.000,9999.000,9999.000,9999.000,9999.000,9999.000
202607060742,   2.873,   3.670,9999.000,9999.000,9999.000,9999.000,9999.000,9999.000,9999.000
202607060748,   2.849,   3.670,9999.000,9999.000,9999.000,9999.000,9999.000,9999.000,9999.000
202607060754,   2.822,   3.660,9999.000,9999.000,9999.000,9999.000,9999.000,9999.000,9999.000
202607060800,   2.793,   3.650,   0.500,   0.357,   3.650,   0.400,   3.550,   0.500,   3.650
202607060806,   2.762,   3.650,9999.000,9999.000,9999.000,9999.000,9999.000,9999.000,9999.000
202607060812,   2.728,   3.627,9999.000,9999.000,9999.000,9999.000,9999.000,9999.000,9999.000
202607060818,   2.693,   3.607,9999.000,9999.000,9999.000,9999.000,9999.000,9999.000,9999.000
202607060824,   2.656,   3.578,9999.000,9999.000,9999.000,9999.000,9999.000,9999.000,9999.000
202607060830,   2.616,   3.548,9999.000,9999.000,9999.000,9999.000,9999.000,9999.000,9999.000
202607060836,   2.574,   3.519,9999.000,9999.000,9999.000,9999.000,9999.000,9999.000,9999.000
202607060842,   2.531,   3.480,9999.000,9999.000,9999.000,9999.000,9999.000,9999.000,9999.000
202607060848,   2.485,   3.440,9999.000,9999.000,9999.000,9999.000,9999.000,9999.000,9999.000
202607060854,   2.437,   3.378,9999.000,9999.000,9999.000,9999.000,9999.000,9999.000,9999.000
202607060900,   2.388,   3.319,   0.500,   0.431,   3.319,   0.400,   3.219,   0.500,   3.319
202607060906,   2.337,   3.270,9999.000,9999.000,9999.000,9999.000,9999.000,9999.000,9999.000
202607060912,   2.283,   3.207,9999.000,9999.000,9999.000,9999.000,9999.000,9999.000,9999.000
202607060918,   2.228,   3.138,9999.000,9999.000,9999.000,9999.000,9999.000,9999.000,9999.000
202607060924,   2.172,   3.070,9999.000,9999.000,9999.000,9999.000,9999.000,9999.000,9999.000
202607060930,   2.113,   2.988,9999.000,9999.000,9999.000,9999.000,9999.000,9999.000,9999.000
202607060936,   2.053,   2.909,9999.000,9999.000,9999.000,9999.000,9999.000,9999.000,9999.000
202607060942,   1.992,   2.830,9999.000,9999.000,9999.000,9999.000,9999.000,9999.000,9999.000
202607060948,   1.929,   2.738,9999.000,9999.000,9999.000,9999.000,9999.000,9999.000,9999.000
202607060954,   1.864,   2.650,9999.000,9999.000,9999.000,9999.000,9999.000,9999.000,9999.000
202607061000,   1.799,   2.568,   0.500,   0.269,   2.568,   0.400,   2.468,   0.500,   2.568
202607061006,   1.733,   2.479,9999.000,9999.000,9999.000,9999.000,9999.000,9999.000,9999.000
202607061012,   1.665,   2.387,9999.000,9999.000,9999.000,9999.000,9999.000,9999.000,9999.000
202607061018,   1.597,   2.299,9999.000,9999.000,9999.000,9999.000,9999.000,9999.000,9999.000
202607061024,   1.528,   2.220,9999.000,9999.000,9999.000,9999.000,9999.000,9999.000,9999.000
202607061030,   1.459,   2.138,9999.000,9999.000,9999.000,9999.000,9999.000,9999.000,9999.000
202607061036,   1.390,   2.059,9999.000,9999.000,9999.000,9999.000,9999.000,9999.000,9999.000
202607061042,   1.321,   1.990,9999.000,9999.000,9999.000,9999.000,9999.000,9999.000,9999.000
202607061048,   1.252,   1.918,9999.000,9999.000,9999.000,9999.000,9999.000,9999.000,9999.000
202607061054,   1.184,   1.840,9999.000,9999.000,9999.000,9999.000,9999.000,9999.000,9999.000
202607061100,   1.116,   1.840,   0.500,   0.224,   1.840,   0.400,   1.740,   0.500,   1.840
202607061106,   1.050,   1.708,9999.000,9999.000,9999.000,9999.000,9999.000,9999.000,9999.000
202607061112,   0.985,   1.649,9999.000,9999.000,9999.000,9999.000,9999.000,9999.000,9999.000
202607061118,   0.921,   1.590,9999.000,9999.000,9999.000,9999.000,9999.000,9999.000,9999.000
202607061124,   0.859,   1.548,9999.000,9999.000,9999.000,9999.000,9999.000,9999.000,9999.000
202607061130,   0.799,   1.508,9999.000,9999.000,9999.000,9999.000,9999.000,9999.000,9999.000
202607061136,   0.742,   1.469,9999.000,9999.000,9999.000,9999.000,9999.000,9999.000,9999.000
202607061142,   0.687,   1.430,9999.000,9999.000,9999.000,9999.000,9999.000,9999.000,9999.000
202607061148,   0.635,   1.380,9999.000,9999.000,9999.000,9999.000,9999.000,9999.000,9999.000
202607061154,   0.587,   1.348,9999.000,9999.000,9999.000,9999.000,9999.000,9999.000,9999.000
202607061200,   0.541,   1.348,   0.500,   0.307,   1.348,   0.500,   1.348,   0.600,   1.448
202607061206,   0.499,   1.259,9999.000,9999.000,9999.000,9999.000,9999.000,9999.000,9999.000
202607061212,   0.461,   1.210,9999.000,9999.000,9999.000,9999.000,9999.000,9999.000,9999.000
202607061218,   0.426,9999.000,9999.000,9999.000,9999.000,9999.000,9999.000,9999.000,9999.000
202607061224,   0.396,   1.108,9999.000,9999.000,9999.000,9999.000,9999.000,9999.000,9999.000
202607061230,   0.369,   1.069,9999.000,9999.000,9999.000,9999.000,9999.000,9999.000,9999.000
202607061236,   0.347,   1.020,9999.000,9999.000,9999.000,9999.000,9999.000,9999.000,9999.000
202607061242,   0.330,   0.970,9999.000,9999.000,9999.000,9999.000,9999.000,9999.000,9999.000
202607061248,   0.317,   0.918,9999.000,9999.000,9999.000,9999.000,9999.000,9999.000,9999.000
202607061254,   0.308,   0.888,9999.000,9999.000,9999.000,9999.000,9999.000,9999.000,9999.000
202607061300,   0.304,   0.888,   0.500,   0.084,   0.888,   0.500,   0.888,   0.600,   0.988
202607061306,   0.305,   0.829,9999.000,9999.000,9999.000,9999.000,9999.000,9999.000,9999.000
202607061312,   0.310,   0.810,9999.000,9999.000,9999.000,9999.000,9999.000,9999.000,9999.000
202607061318,   0.320,   0.800,9999.000,9999.000,9999.000,9999.000,9999.000,9999.000,9999.000
202607061324,   0.335,   0.810,9999.000,9999.000,9999.000,9999.000,9999.000,9999.000,9999.000
202607061330,   0.354,9999.000,9999.000,9999.000,9999.000,9999.000,9999.000,9999.000,9999.000
202607061336,   0.378,   0.859,9999.000,9999.000,9999.000,9999.000,9999.000,9999.000,9999.000
202607061342,   0.406,   0.908,9999.000,9999.000,9999.000,9999.000,9999.000,9999.000,9999.000
202607061348,   0.439,   0.970,9999.000,9999.000,9999.000,9999.000,9999.000,9999.000,9999.000
202607061354,   0.476,   1.039,9999.000,9999.000,9999.000,9999.000,9999.000,9999.000,9999.000
202607061400,   0.517,   1.118,   0.500,   0.101,   1.118,   0.500,   1.118,   0.600,   1.218
202607061406,   0.563,   1.200,9999.000,9999.000,9999.000,9999.000,9999.000,9999.000,9999.000
202607061412,   0.612,   1.279,9999.000,9999.000,9999.000,9999.000,9999.000,9999.000,9999.000
202607061418,   0.665,   1.371,9999.000,9999.000,9999.000,9999.000,9999.000,9999.000,9999.000
202607061424,   0.721,   1.459,9999.000,9999.000,9999.000,9999.000,9999.000,9999.000,9999.000
202607061430,   0.781,   1.538,9999.000,9999.000,9999.000,9999.000,9999.000,9999.000,9999.000
202607061436,   0.843,   1.620,9999.000,9999.000,9999.000,9999.000,9999.000,9999.000,9999.000
202607061442,   0.909,   1.699,9999.000,9999.000,9999.000,9999.000,9999.000,9999.000,9999.000
202607061448,   0.976,   1.781,9999.000,9999.000,9999.000,9999.000,9999.000,9999.000,9999.000
202607061454,   1.046,   1.849,9999.000,9999.000,9999.000,9999.000,9999.000,9999.000,9999.000
202607061500,   1.118,   1.938,   0.500,   0.320,   1.938,   0.500,   1.938,   0.600,   2.038
202607061506,   1.192,   2.020,9999.000,9999.000,9999.000,9999.000,9999.000,9999.000,9999.000
202607061512,   1.267,   2.099,9999.000,9999.000,9999.000,9999.000,9999.000,9999.000,9999.000
202607061518,   1.343,   2.168,9999.000,9999.000,9999.000,9999.000,9999.000,9999.000,9999.000
202607061524,   1.419,   2.230,9999.000,9999.000,9999.000,9999.000,9999.000,9999.000,9999.000
202607061530,   1.496,   2.289,9999.000,9999.000,9999.000,9999.000,9999.000,9999.000,9999.000
202607061536,   1.573,   2.338,9999.000,9999.000,9999.000,9999.000,9999.000,9999.000,9999.000
202607061542,   1.650,   2.377,9999.000,9999.000,9999.000,9999.000,9999.000,9999.000,9999.000
202607061548,   1.726,   2.410,9999.000,9999.000,9999.000,9999.000,9999.000,9999.000,9999.000
202607061554,   1.802,   2.459,9999.000,9999.000,9999.000,9999.000,9999.000,9999.000,9999.000
202607061600,   1.877,   2.499,   0.500,   0.122,   2.499,   0.500,   2.499,   0.600,   2.599
202607061606,   1.951,   2.548,9999.000,9999.000,9999.000,9999.000,9999.000,9999.000,9999.000
202607061612,   2.024,   2.597,9999.000,9999.000,9999.000,9999.000,9999.000,9999.000,9999.000
202607061618,   2.095,   2.660,9999.000,9999.000,9999.000,9999.000,9999.000,9999.000,9999.000
202607061624,   2.164,   2.719,9999.000,9999.000,9999.000,9999.000,9999.000,9999.000,9999.000
202607061630,   2.231,   2.768,9999.000,9999.000,9999.000,9999.000,9999.000,9999.000,9999.000
202607061636,   2.297,   2.830,9999.000,9999.000,9999.000,9999.000,9999.000,9999.000,9999.000
202607061642,   2.361,   2.889,9999.000,9999.000,9999.000,9999.000,9999.000,9999.000,9999.000
202607061648,   2.422,   2.948,9999.000,9999.000,9999.000,9999.000,9999.000,9999.000,9999.000
202607061654,   2.481,   3.017,9999.000,9999.000,9999.000,9999.000,9999.000,9999.000,9999.000
202607061700,   2.538,   3.070,   0.500,   0.032,   3.070,   0.500,   3.070,   0.600,   3.170
202607061706,   2.593,   3.129,9999.000,9999.000,9999.000,9999.000,9999.000,9999.000,9999.000
202607061712,   2.645,   3.197,9999.000,9999.000,9999.000,9999.000,9999.000,9999.000,9999.000
202607061718,   2.695,   3.260,9999.000,9999.000,9999.000,9999.000,9999.000,9999.000,9999.000
202607061724,   2.742,   3.329,9999.000,9999.000,9999.000,9999.000,9999.000,9999.000,9999.000
202607061730,   2.786,   3.398,9999.000,9999.000,9999.000,9999.000,9999.000,9999.000,9999.000
202607061736,   2.828,   3.460,9999.000,9999.000,9999.000,9999.000,9999.000,9999.000,9999.000
202607061742,   2.868,   3.519,9999.000,9999.000,9999.000,9999.000,9999.000,9999.000,9999.000
202607061748,   2.905,   3.578,9999.000,9999.000,9999.000,9999.000,9999.000,9999.000,9999.000
202607061754,   2.939,   3.627,9999.000,9999.000,9999.000,9999.000,9999.000,9999.000,9999.000
202607061800,   2.970,   3.680,   0.600,   0.110,   3.680,   0.500,   3.580,   0.600,   3.680
202607061806,   2.999,   3.729,9999.000,9999.000,9999.000,9999.000,9999.000,9999.000,9999.000
202607061812,   3.026,   3.768,9999.000,9999.000,9999.000,9999.000,9999.000,9999.000,9999.000
202607061818,   3.049,   3.808,9999.000,9999.000,9999.000,9999.000,9999.000,9999.000,9999.000
202607061824,   3.071,   3.847,9999.000,9999.000,9999.000,9999.000,9999.000,9999.000,9999.000
202607061830,   3.089,   3.890,9999.000,9999.000,9999.000,9999.000,9999.000,9999.000,9999.000
202607061836,   3.105,   3.929,9999.000,9999.000,9999.000,9999.000,9999.000,9999.000,9999.000
202607061842,   3.119,   3.949,9999.000,9999.000,9999.000,9999.000,9999.000,9999.000,9999.000
202607061848,   3.129,   3.988,9999.000,9999.000,9999.000,9999.000,9999.000,9999.000,9999.000
202607061854,   3.138,   4.017,9999.000,9999.000,9999.000,9999.000,9999.000,9999.000,9999.000
202607061900,   3.144,   4.047,   0.600,   0.303,   4.047,   0.500,   3.947,   0.600,   4.047
202607061906,   3.147,   4.080,9999.000,9999.000,9999.000,9999.000,9999.000,9999.000,9999.000
202607061912,   3.148,   4.099,9999.000,9999.000,9999.000,9999.000,9999.000,9999.000,9999.000
202607061918,   3.147,   4.129,9999.000,9999.000,9999.000,9999.000,9999.000,9999.000,9999.000
202607061924,   3.144,   4.149,9999.000,9999.000,9999.000,9999.000,9999.000,9999.000,9999.000
202607061930,   3.138,   4.168,9999.000,9999.000,9999.000,9999.000,9999.000,9999.000,9999.000
202607061936,   3.131,   4.188,9999.000,9999.000,9999.000,9999.000,9999.000,9999.000,9999.000
202607061942,   3.121,   4.198,9999.000,9999.000,9999.000,9999.000,9999.000,9999.000,9999.000
202607061948,   3.109,   4.208,9999.000,9999.000,9999.000,9999.000,9999.000,9999.000,9999.000
202607061954,   3.095,   4.218,9999.000,9999.000,9999.000,9999.000,9999.000,9999.000,9999.000
202607062000,   3.080,   4.227,   0.600,   0.547,   4.227,   0.500,   4.127,   0.600,   4.227
202607062006,   3.062,   4.237,9999.000,9999.000,9999.000,9999.000,9999.000,9999.000,9999.000
202607062012,   3.042,   4.247,9999.000,9999.000,9999.000,9999.000,9999.000,9999.000,9999.000
202607062018,   3.021,   4.247,9999.000,9999.000,9999.000,9999.000,9999.000,9999.000,9999.000
202607062024,   2.997,   4.247,9999.000,9999.000,9999.000,9999.000,9999.000,9999.000,9999.000
202607062030,   2.972,   4.247,9999.000,9999.000,9999.000,9999.000,9999.000,9999.000,9999.000
202607062036,   2.945,   4.237,9999.000,9999.000,9999.000,9999.000,9999.000,9999.000,9999.000
202607062042,   2.916,   4.227,9999.000,9999.000,9999.000,9999.000,9999.000,9999.000,9999.000
202607062048,   2.886,   4.218,9999.000,9999.000,9999.000,9999.000,9999.000,9999.000,9999.000
202607062054,   2.854,   4.198,9999.000,9999.000,9999.000,9999.000,9999.000,9999.000,9999.000
202607062100,   2.820,   4.178,   0.600,   0.758,   4.178,   0.500,   4.078,   0.600,   4.178
202607062106,   2.784,   4.129,9999.000,9999.000,9999.000,9999.000,9999.000,9999.000,9999.000
202607062112,   2.747,   4.109,9999.000,9999.000,9999.000,9999.000,9999.000,9999.000,9999.000
202607062118,   2.708,   4.080,9999.000,9999.000,9999.000,9999.000,9999.000,9999.000,9999.000
202607062124,   2.667,   4.037,9999.000,9999.000,9999.000,9999.000,9999.000,9999.000,9999.000
202607062130,   2.625,   3.988,9999.000,9999.000,9999.000,9999.000,9999.000,9999.000,9999.000
202607062136,   2.582,   3.949,9999.000,9999.000,9999.000,9999.000,9999.000,9999.000,9999.000
202607062142,   2.537,   3.899,9999.000,9999.000,9999.000,9999.000,9999.000,9999.000,9999.000
202607062148,   2.490,   3.860,9999.000,9999.000,9999.000,9999.000,9999.000,9999.000,9999.000
202607062154,   2.442,   3.808,9999.000,9999.000,9999.000,9999.000,9999.000,9999.000,9999.000
202607062200,   2.392,   3.758,   0.600,   0.766,   3.758,   0.600,   3.758,   0.600,   3.758
202607062206,   2.341,   3.709,9999.000,9999.000,9999.000,9999.000,9999.000,9999.000,9999.000
202607062212,   2.289,   3.637,9999.000,9999.000,9999.000,9999.000,9999.000,9999.000,9999.000
202607062218,   2.236,   3.578,9999.000,9999.000,9999.000,9999.000,9999.000,9999.000,9999.000
202607062224,   2.181,   3.509,9999.000,9999.000,9999.000,9999.000,9999.000,9999.000,9999.000
202607062230,   2.125,   3.450,9999.000,9999.000,9999.000,9999.000,9999.000,9999.000,9999.000
202607062236,   2.069,   3.378,9999.000,9999.000,9999.000,9999.000,9999.000,9999.000,9999.000
202607062242,   2.011,   3.299,9999.000,9999.000,9999.000,9999.000,9999.000,9999.000,9999.000
202607062248,   1.953,   3.217,9999.000,9999.000,9999.000,9999.000,9999.000,9999.000,9999.000
202607062254,   1.894,   3.129,9999.000,9999.000,9999.000,9999.000,9999.000,9999.000,9999.000
202607062300,   1.834,   3.030,   0.600,   0.596,   3.030,   0.600,   3.030,   0.600,   3.030
202607062306,   1.775,   2.938,9999.000,9999.000,9999.000,9999.000,9999.000,9999.000,9999.000
202607062312,   1.715,   2.850,9999.000,9999.000,9999.000,9999.000,9999.000,9999.000,9999.000
202607062318,   1.655,   2.758,9999.000,9999.000,9999.000,9999.000,9999.000,9999.000,9999.000
202607062324,   1.595,   2.660,9999.000,9999.000,9999.000,9999.000,9999.000,9999.000,9999.000
202607062330,   1.536,   2.548,9999.000,9999.000,9999.000,9999.000,9999.000,9999.000,9999.000
202607062336,   1.478,   2.440,9999.000,9999.000,9999.000,9999.000,9999.000,9999.000,9999.000
202607062342,   1.420,   2.328,9999.000,9999.000,9999.000,9999.000,9999.000,9999.000,9999.000
202607062348,   1.363,   2.230,9999.000,9999.000,9999.000,9999.000,9999.000,9999.000,9999.000
202607062354,   1.308,   2.109,9999.000,9999.000,9999.000,9999.000,9999.000,9999.000,9999.000
202607070000,   1.254,   2.000,   0.600,   0.146,   2.000,   0.600,   2.000,   0.600,   2.000
202607070006,   1.202,   1.889,9999.000,9999.000,9999.000,9999.000,9999.000,9999.000,9999.000
202607070012,   1.153,   1.800,9999.000,9999.000,9999.000,9999.000,9999.000,9999.000,9999.000
202607070018,   1.105,   1.699,9999.000,9999.000,9999.000,9999.000,9999.000,9999.000,9999.000
202607070024,   1.059,   1.620,9999.000,9999.000,9999.000,9999.000,9999.000,9999.000,9999.000
202607070030,   1.016,   1.548,9999.000,9999.000,9999.000,9999.000,9999.000,9999.000,9999.000
202607070036,   0.976,   1.479,9999.000,9999.000,9999.000,9999.000,9999.000,9999.000,9999.000
202607070042,   0.939,   1.400,9999.000,9999.000,9999.000,9999.000,9999.000,9999.000,9999.000
202607070048,   0.905,   1.328,9999.000,9999.000,9999.000,9999.000,9999.000,9999.000,9999.000
202607070054,   0.874,   1.259,9999.000,9999.000,9999.000,9999.000,9999.000,9999.000,9999.000
202607070100,   0.847,   1.200,   0.600,  -0.247,   1.200,   0.600,   1.200,   0.600,   1.200
202607070106,   0.823,   1.138,9999.000,9999.000,9999.000,9999.000,9999.000,9999.000,9999.000
202607070112,   0.802,   1.088,9999.000,9999.000,9999.000,9999.000,9999.000,9999.000,9999.000
202607070118,   0.786,   1.049,9999.000,9999.000,9999.000,9999.000,9999.000,9999.000,9999.000
202607070124,   0.773,   1.010,9999.000,9999.000,9999.000,9999.000,9999.000,9999.000,9999.000
202607070130,   0.764,   0.970,9999.000,9999.000,9999.000,9999.000,9999.000,9999.000,9999.000
202607070136,   0.758,   0.928,9999.000,9999.000,9999.000,9999.000,9999.000,9999.000,9999.000
202607070142,   0.757,   0.908,9999.000,9999.000,9999.000,9999.000,9999.000,9999.000,9999.000
202607070148,   0.760,   0.888,9999.000,9999.000,9999.000,9999.000,9999.000,9999.000,9999.000
202607070154,   0.766,   0.879,9999.000,9999.000,9999.000,9999.000,9999.000,9999.000,9999.000
202607070200,   0.776,   0.888,   0.600,  -0.488,   0.888,   0.600,   0.888,   0.600,   0.888
202607070206,   0.791,   0.918,9999.000,9999.000,9999.000,9999.000,9999.000,9999.000,9999.000
202607070212,   0.809,   0.970,9999.000,9999.000,9999.000,9999.000,9999.000,9999.000,9999.000
202607070218,   0.831,   1.059,9999.000,9999.000,9999.000,9999.000,9999.000,9999.000,9999.000
202607070224,   0.856,   1.151,9999.000,9999.000,9999.000,9999.000,9999.000,9999.000,9999.000
202607070230,   0.886,   1.239,9999.000,9999.000,9999.000,9999.000,9999.000,9999.000,9999.000
202607070236,   0.918,   1.328,9999.000,9999.000,9999.000,9999.000,9999.000,9999.000,9999.000
202607070242,   0.955,   1.420,9999.000,9999.000,9999.000,9999.000,9999.000,9999.000,9999.000
202607070248,   0.994,   1.498,9999.000,9999.000,9999.000,9999.000,9999.000,9999.000,9999.000
202607070254,   1.036,   1.580,9999.000,9999.000,9999.000,9999.000,9999.000,9999.000,9999.000
202607070300,   1.082,   1.649,   0.600,  -0.033,   1.649,   0.600,   1.649,   0.600,   1.649
202607070306,   1.130,   1.708,9999.000,9999.000,9999.000,9999.000,9999.000,9999.000,9999.000
202607070312,   1.180,   1.767,9999.000,9999.000,9999.000,9999.000,9999.000,9999.000,9999.000
202607070318,   1.232,   1.840,9999.000,9999.000,9999.000,9999.000,9999.000,9999.000,9999.000
202607070324,   1.287,   1.908,9999.000,9999.000,9999.000,9999.000,9999.000,9999.000,9999.000
202607070330,   1.343,   1.981,9999.000,9999.000,9999.000,9999.000,9999.000,9999.000,9999.000
202607070336,   1.401,   2.040,9999.000,9999.000,9999.000,9999.000,9999.000,9999.000,9999.000
202607070342,   1.460,   2.109,9999.000,9999.000,9999.000,9999.000,9999.000,9999.000,9999.000
202607070348,   1.520,   2.177,9999.000,9999.000,9999.000,9999.000,9999.000,9999.000,9999.000
202607070354,   1.580,   2.240,9999.000,9999.000,9999.000,9999.000,9999.000,9999.000,9999.000
202607070400,   1.641,   2.309,   0.600,   0.068,   2.309,   0.600,   2.309,   0.600,   2.309
202607070406,   1.702,   2.377,9999.000,9999.000,9999.000,9999.000,9999.000,9999.000,9999.000
202607070412,   1.763,   2.450,9999.000,9999.000,9999.000,9999.000,9999.000,9999.000,9999.000
202607070418,   1.824,   2.519,9999.000,9999.000,9999.000,9999.000,9999.000,9999.000,9999.000
202607070424,   1.884,   2.587,9999.000,9999.000,9999.000,9999.000,9999.000,9999.000,9999.000
202607070430,   1.944,   2.650,9999.000,9999.000,9999.000,9999.000,9999.000,9999.000,9999.000
202607070436,   2.002,   2.709,9999.000,9999.000,9999.000,9999.000,9999.000,9999.000,9999.000
202607070442,   2.060,   2.768,9999.000,9999.000,9999.000,9999.000,9999.000,9999.000,9999.000
202607070448,   2.116,   2.830,9999.000,9999.000,9999.000,9999.000,9999.000,9999.000,9999.000
202607070454,   2.171,9999.000,9999.000,9999.000,9999.000,9999.000,9999.000,9999.000,9999.000
202607070500,   2.225,   2.948,   0.600,   0.123,   2.948,   0.600,   2.948,   0.700,   3.048
202607070506,   2.277,   3.007,9999.000,9999.000,9999.000,9999.000,9999.000,9999.000,9999.000
202607070512,   2.327,9999.000,9999.000,9999.000,9999.000,9999.000,9999.000,9999.000,9999.000
202607070518,   2.375,   3.109,9999.000,9999.000,9999.000,9999.000,9999.000,9999.000,9999.000
202607070524,   2.421,   3.148,9999.000,9999.000,9999.000,9999.000,9999.000,9999.000,9999.000
202607070530,   2.466,   3.197,9999.000,9999.000,9999.000,9999.000,9999.000,9999.000,9999.000
202607070536,   2.508,   3.240,9999.000,9999.000,9999.000,9999.000,9999.000,9999.000,9999.000
202607070542,   2.548,   3.279,9999.000,9999.000,9999.000,9999.000,9999.000,9999.000,9999.000
202607070548,   2.586,   3.319,9999.000,9999.000,9999.000,9999.000,9999.000,9999.000,9999.000
202607070554,   2.622,   3.348,9999.000,9999.000,9999.000,9999.000,9999.000,9999.000,9999.000
202607070600,   2.656,   3.398,   0.600,   0.142,   3.398,   0.600,   3.398,   0.700,   3.498
202607070606,   2.687,   3.427,9999.000,9999.000,9999.000,9999.000,9999.000,9999.000,9999.000
202607070612,   2.716,   3.470,9999.000,9999.000,9999.000,9999.000,9999.000,9999.000,9999.000
202607070618,   2.743,   3.509,9999.000,9999.000,9999.000,9999.000,9999.000,9999.000,9999.000
202607070624,   2.768,   3.548,9999.000,9999.000,9999.000,9999.000,9999.000,9999.000,9999.000
202607070630,   2.790,   3.578,9999.000,9999.000,9999.000,9999.000,9999.000,9999.000,9999.000
202607070636,   2.810,   3.617,9999.000,9999.000,9999.000,9999.000,9999.000,9999.000,9999.000
202607070642,   2.828,   3.670,9999.000,9999.000,9999.000,9999.000,9999.000,9999.000,9999.000
202607070648,   2.843,   3.719,9999.000,9999.000,9999.000,9999.000,9999.000,9999.000,9999.000
202607070654,   2.856,   3.758,9999.000,9999.000,9999.000,9999.000,9999.000,9999.000,9999.000
202607070700,   2.867,   3.808,   0.600,   0.341,   3.808,   0.600,   3.808,   0.700,   3.908
202607070706,   2.876,   3.847,9999.000,9999.000,9999.000,9999.000,9999.000,9999.000,9999.000
202607070712,   2.882,   3.890,9999.000,9999.000,9999.000,9999.000,9999.000,9999.000,9999.000
202607070718,   2.887,   3.929,9999.000,9999.000,9999.000,9999.000,9999.000,9999.000,9999.000
202607070724,   2.889,   3.958,9999.000,9999.000,9999.000,9999.000,9999.000,9999.000,9999.000
202607070730,   2.888,   3.998,9999.000,9999.000,9999.000,9999.000,9999.000,9999.000,9999.000
202607070736,   2.886,   4.027,9999.000,9999.000,9999.000,9999.000,9999.000,9999.000,9999.000
202607070742,   2.881,   4.070,9999.000,9999.000,9999.000,9999.000,9999.000,9999.000,9999.000
202607070748,   2.874,   4.090,9999.000,9999.000,9999.000,9999.000,9999.000,9999.000,9999.000
202607070754,   2.864,   4.119,9999.000,9999.000,9999.000,9999.000,9999.000,9999.000,9999.000
202607070800,   2.853,   4.139,   0.600,   0.686,   4.139,   0.600,   4.139,   0.700,   4.239
202607070806,   2.839,   4.159,9999.000,9999.000,9999.000,9999.000,9999.000,9999.000,9999.000
202607070812,   2.823,   4.168,9999.000,9999.000,9999.000,9999.000,9999.000,9999.000,9999.000
202607070818,   2.804,   4.188,9999.000,9999.000,9999.000,9999.000,9999.000,9999.000,9999.000
202607070824,   2.783,   4.198,9999.000,9999.000,9999.000,9999.000,9999.000,9999.000,9999.000
202607070830,   2.761,   4.198,9999.000,9999.000,9999.000,9999.000,9999.000,9999.000,9999.000
202607070836,   2.736,   4.208,9999.000,9999.000,9999.000,9999.000,9999.000,9999.000,9999.000
202607070842,   2.709,   4.208,9999.000,9999.000,9999.000,9999.000,9999.000,9999.000,9999.000
202607070848,   2.680,   4.208,9999.000,9999.000,9999.000,9999.000,9999.000,9999.000,9999.000
202607070854,   2.649,   4.198,9999.000,9999.000,9999.000,9999.000,9999.000,9999.000,9999.000
202607070900,   2.616,   4.188,   0.600,   0.972,   4.188,   0.600,   4.188,   0.700,   4.288
202607070906,   2.581,   4.178,9999.000,9999.000,9999.000,9999.000,9999.000,9999.000,9999.000
202607070912,   2.545,   4.168,9999.000,9999.000,9999.000,9999.000,9999.000,9999.000,9999.000
202607070918,   2.506,   4.139,9999.000,9999.000,9999.000,9999.000,9999.000,9999.000,9999.000
202607070924,   2.466,   4.099,9999.000,9999.000,9999.000,9999.000,9999.000,9999.000,9999.000
202607070930,   2.424,   4.070,9999.000,9999.000,9999.000,9999.000,9999.000,9999.000,9999.000
202607070936,   2.380,   4.027,9999.000,9999.000,9999.000,9999.000,9999.000,9999.000,9999.000
202607070942,   2.334,   3.988,9999.000,9999.000,9999.000,9999.000,9999.000,9999.000,9999.000
202607070948,   2.287,   3.929,9999.000,9999.000,9999.000,9999.000,9999.000,9999.000,9999.000
202607070954,   2.238,   3.890,9999.000,9999.000,9999.000,9999.000,9999.000,9999.000,9999.000
202607071000,   2.187,   3.827,   0.600,   1.040,   3.827,   0.600,   3.827,   0.700,   3.927
202607071006,   2.135,   3.768,9999.000,9999.000,9999.000,9999.000,9999.000,9999.000,9999.000
202607071012,   2.081,   3.709,9999.000,9999.000,9999.000,9999.000,9999.000,9999.000,9999.000
202607071018,   2.026,   3.650,9999.000,9999.000,9999.000,9999.000,9999.000,9999.000,9999.000
202607071024,   1.969,   3.578,9999.000,9999.000,9999.000,9999.000,9999.000,9999.000,9999.000
202607071030,   1.911,   3.499,9999.000,9999.000,9999.000,9999.000,9999.000,9999.000,9999.000
202607071036,   1.851,   3.427,9999.000,9999.000,9999.000,9999.000,9999.000,9999.000,9999.000
202607071042,   1.791,   3.348,9999.000,9999.000,9999.000,9999.000,9999.000,9999.000,9999.000
202607071048,   1.729,   3.279,9999.000,9999.000,9999.000,9999.000,9999.000,9999.000,9999.000
202607071054,   1.666,   3.197,9999.000,9999.000,9999.000,9999.000,9999.000,9999.000,9999.000
202607071100,   1.602,   3.119,   0.600,   0.917,   3.119,   0.600,   3.119,   0.700,   3.219
202607071106,   1.537,   3.050,9999.000,9999.000,9999.000,9999.000,9999.000,9999.000,9999.000
202607071112,   1.472,   2.978,9999.000,9999.000,9999.000,9999.000,9999.000,9999.000,9999.000
202607071118,   1.406,   2.899,9999.000,9999.000,9999.000,9999.000,9999.000,9999.000,9999.000
202607071124,   1.340,   2.820,9999.000,9999.000,9999.000,9999.000,9999.000,9999.000,9999.000
202607071130,   1.273,   2.738,9999.000,9999.000,9999.000,9999.000,9999.000,9999.000,9999.000
202607071136,   1.207,   2.650,9999.000,9999.000,9999.000,9999.000,9999.000,9999.000,9999.000
202607071142,   1.141,   2.568,9999.000,9999.000,9999.000,9999.000,9999.000,9999.000,9999.000
202607071148,   1.076,   2.469,9999.000,9999.000,9999.000,9999.000,9999.000,9999.000,9999.000
202607071154,   1.012,   2.377,9999.000,9999.000,9999.000,9999.000,9999.000,9999.000,9999.000
202607071200,   0.948,   2.289,   0.700,   0.641,   2.289,   0.600,   2.189,   0.700,   2.289
202607071206,   0.887,   2.191,9999.000,9999.000,9999.000,9999.000,9999.000,9999.000,9999.000
202607071212,   0.826,   2.099,9999.000,9999.000,9999.000,9999.000,9999.000,9999.000,9999.000
202607071218,   0.768,   2.000,9999.000,9999.000,9999.000,9999.000,9999.000,9999.000,9999.000
202607071224,   0.712,   1.908,9999.000,9999.000,9999.000,9999.000,9999.000,9999.000,9999.000
202607071230,   0.658,   1.820,9999.000,9999.000,9999.000,9999.000,9999.000,9999.000,9999.000
202607071236,   0.607,   1.728,9999.000,9999.000,9999.000,9999.000,9999.000,9999.000,9999.000
202607071242,   0.559,   1.649,9999.000,9999.000,9999.000,9999.000,9999.000,9999.000,9999.000
202607071248,   0.515,   1.580,9999.000,9999.000,9999.000,9999.000,9999.000,9999.000,9999.000
202607071254,   0.473,   1.498,9999.000,9999.000,9999.000,9999.000,9999.000,9999.000,9999.000
202607071300,   0.436,   1.439,   0.700,   0.303,   1.439,   0.600,   1.339,   0.700,   1.439
202607071306,   0.402,   1.380,9999.000,9999.000,9999.000,9999.000,9999.000,9999.000,9999.000
202607071312,   0.373,   1.338,9999.000,9999.000,9999.000,9999.000,9999.000,9999.000,9999.000
202607071318,   0.347,   1.298,9999.000,9999.000,9999.000,9999.000,9999.000,9999.000,9999.000
202607071324,   0.326,   1.259,9999.000,9999.000,9999.000,9999.000,9999.000,9999.000,9999.000
202607071330,   0.310,   1.229,9999.000,9999.000,9999.000,9999.000,9999.000,9999.000,9999.000
202607071336,   0.298,   1.210,9999.000,9999.000,9999.000,9999.000,9999.000,9999.000,9999.000
202607071342,   0.291,   1.190,9999.000,9999.000,9999.000,9999.000,9999.000,9999.000,9999.000
202607071348,   0.289,   1.180,9999.000,9999.000,9999.000,9999.000,9999.000,9999.000,9999.000
202607071354,   0.291,   1.180,9999.000,9999.000,9999.000,9999.000,9999.000,9999.000,9999.000
202607071400,   0.298,   1.190,   0.700,   0.192,   1.190,   0.600,   1.090,   0.700,   1.190
202607071406,   0.310,   1.200,9999.000,9999.000,9999.000,9999.000,9999.000,9999.000,9999.000
202607071412,   0.327,   1.220,9999.000,9999.000,9999.000,9999.000,9999.000,9999.000,9999.000
202607071418,   0.349,   1.229,9999.000,9999.000,9999.000,9999.000,9999.000,9999.000,9999.000
202607071424,   0.375,   1.259,9999.000,9999.000,9999.000,9999.000,9999.000,9999.000,9999.000
202607071430,   0.406,   1.289,9999.000,9999.000,9999.000,9999.000,9999.000,9999.000,9999.000
202607071436,   0.441,   1.328,9999.000,9999.000,9999.000,9999.000,9999.000,9999.000,9999.000
202607071442,   0.481,   1.400,9999.000,9999.000,9999.000,9999.000,9999.000,9999.000,9999.000
202607071448,   0.525,   1.479,9999.000,9999.000,9999.000,9999.000,9999.000,9999.000,9999.000
202607071454,   0.573,   1.571,9999.000,9999.000,9999.000,9999.000,9999.000,9999.000,9999.000
202607071500,   0.624,   1.649,   0.700,   0.325,   1.649,   0.600,   1.549,   0.700,   1.649
202607071506,   0.680,   1.728,9999.000,9999.000,9999.000,9999.000,9999.000,9999.000,9999.000
202607071512,   0.739,   1.810,9999.000,9999.000,9999.000,9999.000,9999.000,9999.000,9999.000
202607071518,   0.801,   1.879,9999.000,9999.000,9999.000,9999.000,9999.000,9999.000,9999.000
202607071524,   0.867,   1.938,9999.000,9999.000,9999.000,9999.000,9999.000,9999.000,9999.000
202607071530,   0.935,   2.000,9999.000,9999.000,9999.000,9999.000,9999.000,9999.000,9999.000
202607071536,   1.005,   2.069,9999.000,9999.000,9999.000,9999.000,9999.000,9999.000,9999.000
202607071542,   1.078,   2.138,9999.000,9999.000,9999.000,9999.000,9999.000,9999.000,9999.000
202607071548,   1.153,   2.220,9999.000,9999.000,9999.000,9999.000,9999.000,9999.000,9999.000
202607071554,   1.229,   2.299,9999.000,9999.000,9999.000,9999.000,9999.000,9999.000,9999.000
202607071600,   1.307,   2.387,   0.700,   0.380,   2.387,   0.700,   2.387,   0.700,   2.387
202607071606,   1.386,   2.479,9999.000,9999.000,9999.000,9999.000,9999.000,9999.000,9999.000
202607071612,   1.465,   2.568,9999.000,9999.000,9999.000,9999.000,9999.000,9999.000,9999.000
202607071618,   1.545,   2.650,9999.000,9999.000,9999.000,9999.000,9999.000,9999.000,9999.000
202607071624,   1.625,   2.719,9999.000,9999.000,9999.000,9999.000,9999.000,9999.000,9999.000
202607071630,   1.705,   2.778,9999.000,9999.000,9999.000,9999.000,9999.000,9999.000,9999.000
202607071636,   1.784,   2.840,9999.000,9999.000,9999.000,9999.000,9999.000,9999.000,9999.000
202607071642,   1.863,   2.889,9999.000,9999.000,9999.000,9999.000,9999.000,9999.000,9999.000
202607071648,   1.941,   2.948,9999.000,9999.000,9999.000,9999.000,9999.000,9999.000,9999.000
202607071654,   2.018,   2.997,9999.000,9999.000,9999.000,9999.000,9999.000,9999.000,9999.000
202607071700,   2.094,   3.060,   0.700,   0.266,   3.060,   0.700,   3.060,   0.700,   3.060
202607071706,   2.168,   3.119,9999.000,9999.000,9999.000,9999.000,9999.000,9999.000,9999.000
202607071712,   2.240,   3.188,9999.000,9999.000,9999.000,9999.000,9999.000,9999.000,9999.000
202607071718,   2.311,   3.250,9999.000,9999.000,9999.000,9999.000,9999.000,9999.000,9999.000
202607071724,   2.379,   3.309,9999.000,9999.000,9999.000,9999.000,9999.000,9999.000,9999.000
202607071730,   2.446,   3.368,9999.000,9999.000,9999.000,9999.000,9999.000,9999.000,9999.000
202607071736,   2.510,   3.427,9999.000,9999.000,9999.000,9999.000,9999.000,9999.000,9999.000
202607071742,   2.572,   3.480,9999.000,9999.000,9999.000,9999.000,9999.000,9999.000,9999.000
202607071748,   2.632,   3.529,9999.000,9999.000,9999.000,9999.000,9999.000,9999.000,9999.000
202607071754,   2.689,   3.578,9999.000,9999.000,9999.000,9999.000,9999.000,9999.000,9999.000
202607071800,   2.743,   3.627,   0.700,   0.184,   3.627,   0.700,   3.627,   0.700,   3.627
202607071806,   2.795,   3.670,9999.000,9999.000,9999.000,9999.000,9999.000,9999.000,9999.000
202607071812,   2.844,   3.729,9999.000,9999.000,9999.000,9999.000,9999.000,9999.000,9999.000
202607071818,   2.891,   3.768,9999.000,9999.000,9999.000,9999.000,9999.000,9999.000,9999.000
202607071824,   2.935,   3.817,9999.000,9999.000,9999.000,9999.000,9999.000,9999.000,9999.000
202607071830,   2.976,   3.870,9999.000,9999.000,9999.000,9999.000,9999.000,9999.000,9999.000
202607071836,   3.014,   3.899,9999.000,9999.000,9999.000,9999.000,9999.000,9999.000,9999.000
202607071842,   3.049,   3.949,9999.000,9999.000,9999.000,9999.000,9999.000,9999.000,9999.000
202607071848,   3.082,   3.988,9999.000,9999.000,9999.000,9999.000,9999.000,9999.000,9999.000
202607071854,   3.112,   4.017,9999.000,9999.000,9999.000,9999.000,9999.000,9999.000,9999.000
202607071900,   3.139,   4.057,   0.700,   0.218,   4.057,   0.700,   4.057,   0.700,   4.057
202607071906,   3.163,   4.099,9999.000,9999.000,9999.000,9999.000,9999.000,9999.000,9999.000
202607071912,   3.185,   4.129,9999.000,9999.000,9999.000,9999.000,9999.000,9999.000,9999.000
202607071918,   3.204,   4.159,9999.000,9999.000,9999.000,9999.000,9999.000,9999.000,9999.000
202607071924,   3.220,   4.198,9999.000,9999.000,9999.000,9999.000,9999.000,9999.000,9999.000
202607071930,   3.233,   4.227,9999.000,9999.000,9999.000,9999.000,9999.000,9999.000,9999.000
202607071936,   3.244,   4.257,9999.000,9999.000,9999.000,9999.000,9999.000,9999.000,9999.000
202607071942,   3.253,   4.290,9999.000,9999.000,9999.000,9999.000,9999.000,9999.000,9999.000
202607071948,   3.258,   4.329,9999.000,9999.000,9999.000,9999.000,9999.000,9999.000,9999.000
202607071954,   3.262,   4.368,9999.000,9999.000,9999.000,9999.000,9999.000,9999.000,9999.000
202607072000,   3.262,   4.398,   0.700,   0.436,   4.398,   0.700,   4.398,   0.800,   4.498
202607072006,   3.261,   4.427,9999.000,9999.000,9999.000,9999.000,9999.000,9999.000,9999.000
202607072012,   3.257,   4.457,9999.000,9999.000,9999.000,9999.000,9999.000,9999.000,9999.000
202607072018,   3.251,   4.480,9999.000,9999.000,9999.000,9999.000,9999.000,9999.000,9999.000
202607072024,   3.243,   4.509,9999.000,9999.000,9999.000,9999.000,9999.000,9999.000,9999.000
202607072030,   3.233,   4.549,9999.000,9999.000,9999.000,9999.000,9999.000,9999.000,9999.000
202607072036,   3.221,   4.569,9999.000,9999.000,9999.000,9999.000,9999.000,9999.000,9999.000
202607072042,   3.207,   4.588,9999.000,9999.000,9999.000,9999.000,9999.000,9999.000,9999.000
202607072048,   3.191,   4.608,9999.000,9999.000,9999.000,9999.000,9999.000,9999.000,9999.000
202607072054,   3.173,   4.628,9999.000,9999.000,9999.000,9999.000,9999.000,9999.000,9999.000
202607072100,   3.154,   4.647,   0.700,   0.793,   4.647,   0.700,   4.647,   0.800,   4.747
202607072106,   3.132,   4.657,9999.000,9999.000,9999.000,9999.000,9999.000,9999.000,9999.000
202607072112,   3.109,   4.667,9999.000,9999.000,9999.000,9999.000,9999.000,9999.000,9999.000
202607072118,   3.084,   4.667,9999.000,9999.000,9999.000,9999.000,9999.000,9999.000,9999.000
202607072124,   3.057,   4.667,9999.000,9999.000,9999.000,9999.000,9999.000,9999.000,9999.000
202607072130,   3.029,   4.657,9999.000,9999.000,9999.000,9999.000,9999.000,9999.000,9999.000
202607072136,   2.999,   4.657,9999.000,9999.000,9999.000,9999.000,9999.000,9999.000,9999.000
202607072142,   2.968,   4.647,9999.000,9999.000,9999.000,9999.000,9999.000,9999.000,9999.000
202607072148,   2.934,   4.618,9999.000,9999.000,9999.000,9999.000,9999.000,9999.000,9999.000
202607072154,   2.900,   4.598,9999.000,9999.000,9999.000,9999.000,9999.000,9999.000,9999.000
202607072200,   2.864,   4.569,   0.700,   1.005,   4.569,   0.700,   4.569,   0.800,   4.669
202607072206,   2.826,   4.529,9999.000,9999.000,9999.000,9999.000,9999.000,9999.000,9999.000
202607072212,   2.786,   4.490,9999.000,9999.000,9999.000,9999.000,9999.000,9999.000,9999.000
202607072218,   2.746,   4.447,9999.000,9999.000,9999.000,9999.000,9999.000,9999.000,9999.000
202607072224,   2.703,   4.398,9999.000,9999.000,9999.000,9999.000,9999.000,9999.000,9999.000
202607072230,   2.660,   4.349,9999.000,9999.000,9999.000,9999.000,9999.000,9999.000,9999.000
202607072236,   2.614,   4.290,9999.000,9999.000,9999.000,9999.000,9999.000,9999.000,9999.000
202607072242,   2.567,   4.257,9999.000,9999.000,9999.000,9999.000,9999.000,9999.000,9999.000
202607072248,   2.519,   4.188,9999.000,9999.000,9999.000,9999.000,9999.000,9999.000,9999.000
202607072254,   2.469,   4.129,9999.000,9999.000,9999.000,9999.000,9999.000,9999.000,9999.000
202607072300,   2.418,   4.070,   0.800,   0.852,   4.070,   0.700,   3.970,   0.800,   4.070
202607072306,   2.365,   4.008,9999.000,9999.000,9999.000,9999.000,9999.000,9999.000,9999.000
202607072312,   2.311,   3.949,9999.000,9999.000,9999.000,9999.000,9999.000,9999.000,9999.000
202607072318,   2.256,   3.890,9999.000,9999.000,9999.000,9999.000,9999.000,9999.000,9999.000
202607072324,   2.200,   3.817,9999.000,9999.000,9999.000,9999.000,9999.000,9999.000,9999.000
202607072330,   2.142,   3.749,9999.000,9999.000,9999.000,9999.000,9999.000,9999.000,9999.000
202607072336,   2.083,   3.689,9999.000,9999.000,9999.000,9999.000,9999.000,9999.000,9999.000
202607072342,   2.023,   3.627,9999.000,9999.000,9999.000,9999.000,9999.000,9999.000,9999.000
202607072348,   1.963,   3.558,9999.000,9999.000,9999.000,9999.000,9999.000,9999.000,9999.000
202607072354,   1.902,   3.489,9999.000,9999.000,9999.000,9999.000,9999.000,9999.000,9999.000
202607080000,   1.840,   3.489,   0.800,   0.849,   3.489,   0.700,   3.389,   0.800,   3.489
202607080006,   1.778,9999.000,9999.000,9999.000,9999.000,9999.000,9999.000,9999.000,9999.000
202607080012,   1.716,9999.000,9999.000,9999.000,9999.000,9999.000,9999.000,9999.000,9999.000
202607080018,   1.654,9999.000,9999.000,9999.000,9999.000,9999.000,9999.000,9999.000,9999.000
202607080024,   1.592,9999.000,9999.000,9999.000,9999.000,9999.000,9999.000,9999.000,9999.000
202607080030,   1.531,9999.000,9999.000,9999.000,9999.000,9999.000,9999.000,9999.000,9999.000
202607080036,   1.470,9999.000,9999.000,9999.000,9999.000,9999.000,9999.000,9999.000,9999.000
202607080042,   1.410,9999.000,9999.000,9999.000,9999.000,9999.000,9999.000,9999.000,9999.000
202607080048,   1.352,9999.000,9999.000,9999.000,9999.000,9999.000,9999.000,9999.000,9999.000
202607080054,   1.295,9999.000,9999.000,9999.000,9999.000,9999.000,9999.000,9999.000,9999.000
202607080100,   1.240,9999.000,   0.800,   0.792,   2.832,   0.800,   2.832,   0.900,   2.932
202607080106,   1.186,9999.000,9999.000,9999.000,9999.000,9999.000,9999.000,9999.000,9999.000
202607080112,   1.135,9999.000,9999.000,9999.000,9999.000,9999.000,9999.000,9999.000,9999.000
202607080118,   1.086,9999.000,9999.000,9999.000,9999.000,9999.000,9999.000,9999.000,9999.000
202607080124,   1.039,9999.000,9999.000,9999.000,9999.000,9999.000,9999.000,9999.000,9999.000
202607080130,   0.996,9999.000,9999.000,9999.000,9999.000,9999.000,9999.000,9999.000,9999.000
202607080136,   0.955,9999.000,9999.000,9999.000,9999.000,9999.000,9999.000,9999.000,9999.000
202607080142,   0.917,9999.000,9999.000,9999.000,9999.000,9999.000,9999.000,9999.000,9999.000
202607080148,   0.882,9999.000,9999.000,9999.000,9999.000,9999.000,9999.000,9999.000,9999.000
202607080154,   0.851,9999.000,9999.000,9999.000,9999.000,9999.000,9999.000,9999.000,9999.000
202607080200,   0.824,9999.000,   0.800,   0.735,   2.359,   0.800,   2.359,   0.900,   2.459
202607080206,   0.799,9999.000,9999.000,9999.000,9999.000,9999.000,9999.000,9999.000,9999.000
202607080212,   0.779,9999.000,9999.000,9999.000,9999.000,9999.000,9999.000,9999.000,9999.000
202607080218,   0.762,9999.000,9999.000,9999.000,9999.000,9999.000,9999.000,9999.000,9999.000
202607080224,   0.750,9999.000,9999.000,9999.000,9999.000,9999.000,9999.000,9999.000,9999.000
202607080230,   0.741,9999.000,9999.000,9999.000,9999.000,9999.000,9999.000,9999.000,9999.000
202607080236,   0.736,9999.000,9999.000,9999.000,9999.000,9999.000,9999.000,9999.000,9999.000
202607080242,   0.735,9999.000,9999.000,9999.000,9999.000,9999.000,9999.000,9999.000,9999.000
202607080248,   0.738,9999.000,9999.000,9999.000,9999.000,9999.000,9999.000,9999.000,9999.000
202607080254,   0.744,9999.000,9999.000,9999.000,9999.000,9999.000,9999.000,9999.000,9999.000
202607080300,   0.755,9999.000,   0.900,   0.679,   2.334,   0.800,   2.234,   0.900,   2.334
202607080306,   0.770,9999.000,9999.000,9999.000,9999.000,9999.000,9999.000,9999.000,9999.000
202607080312,   0.788,9999.000,9999.000,9999.000,9999.000,9999.000,9999.000,9999.000,9999.000
202607080318,   0.810,9999.000,9999.000,9999.000,9999.000,9999.000,9999.000,9999.000,9999.000
202607080324,   0.836,9999.000,9999.000,9999.000,9999.000,9999.000,9999.000,9999.000,9999.000
202607080330,   0.865,9999.000,9999.000,9999.000,9999.000,9999.000,9999.000,9999.000,9999.000
202607080336,   0.898,9999.000,9999.000,9999.000,9999.000,9999.000,9999.000,9999.000,9999.000
202607080342,   0.934,9999.000,9999.000,9999.000,9999.000,9999.000,9999.000,9999.000,9999.000
202607080348,   0.974,9999.000,9999.000,9999.000,9999.000,9999.000,9999.000,9999.000,9999.000
202607080354,   1.016,9999.000,9999.000,9999.000,9999.000,9999.000,9999.000,9999.000,9999.000
202607080400,   1.061,9999.000,   0.900,   0.622,   2.583,   0.800,   2.483,   0.900,   2.583
202607080406,   1.109,9999.000,9999.000,9999.000,9999.000,9999.000,9999.000,9999.000,9999.000
202607080412,   1.159,9999.000,9999.000,9999.000,9999.000,9999.000,9999.000,9999.000,9999.000
202607080418,   1.211,9999.000,9999.000,9999.000,9999.000,9999.000,9999.000,9999.000,9999.000
202607080424,   1.265,9999.000,9999.000,9999.000,9999.000,9999.000,9999.000,9999.000,9999.000
202607080430,   1.321,9999.000,9999.000,9999.000,9999.000,9999.000,9999.000,9999.000,9999.000
202607080436,   1.378,9999.000,9999.000,9999.000,9999.000,9999.000,9999.000,9999.000,9999.000
202607080442,   1.436,9999.000,9999.000,9999.000,9999.000,9999.000,9999.000,9999.000,9999.000
202607080448,   1.495,9999.000,9999.000,9999.000,9999.000,9999.000,9999.000,9999.000,9999.000
202607080454,   1.555,9999.000,9999.000,9999.000,9999.000,9999.000,9999.000,9999.000,9999.000
202607080500,   1.615,9999.000,   0.900,   0.565,   3.080,   0.800,   2.980,   1.000,   3.180
202607080506,   1.675,9999.000,9999.000,9999.000,9999.000,9999.000,9999.000,9999.000,9999.000
202607080512,   1.735,9999.000,9999.000,9999.000,9999.000,9999.000,9999.000,9999.000,9999.000
202607080518,   1.795,9999.000,9999.000,9999.000,9999.000,9999.000,9999.000,9999.000,9999.000
202607080524,   1.854,9999.000,9999.000,9999.000,9999.000,9999.000,9999.000,9999.000,9999.000
202607080530,   1.912,9999.000,9999.000,9999.000,9999.000,9999.000,9999.000,9999.000,9999.000
202607080536,   1.970,9999.000,9999.000,9999.000,9999.000,9999.000,9999.000,9999.000,9999.000
202607080542,   2.026,9999.000,9999.000,9999.000,9999.000,9999.000,9999.000,9999.000,9999.000
202607080548,   2.081,9999.000,9999.000,9999.000,9999.000,9999.000,9999.000,9999.000,9999.000
202607080554,   2.134,9999.000,9999.000,9999.000,9999.000,9999.000,9999.000,9999.000,9999.000
202607080600,   2.186,9999.000,   0.900,   0.508,   3.594,   0.800,   3.494,   1.000,   3.694
202607080606,   2.236,9999.000,9999.000,9999.000,9999.000,9999.000,9999.000,9999.000,9999.000
202607080612,   2.284,9999.000,9999.000,9999.000,9999.000,9999.000,9999.000,9999.000,9999.000
202607080618,   2.330,9999.000,9999.000,9999.000,9999.000,9999.000,9999.000,9999.000,9999.000
202607080624,   2.374,9999.000,9999.000,9999.000,9999.000,9999.000,9999.000,9999.000,9999.000
202607080630,   2.416,9999.000,9999.000,9999.000,9999.000,9999.000,9999.000,9999.000,9999.000
202607080636,   2.455,9999.000,9999.000,9999.000,9999.000,9999.000,9999.000,9999.000,9999.000
202607080642,   2.493,9999.000,9999.000,9999.000,9999.000,9999.000,9999.000,9999.000,9999.000
202607080648,   2.528,9999.000,9999.000,9999.000,9999.000,9999.000,9999.000,9999.000,9999.000
202607080654,   2.561,9999.000,9999.000,9999.000,9999.000,9999.000,9999.000,9999.000,9999.000
202607080700,   2.591,9999.000,   0.900,   0.452,   3.943,   0.800,   3.843,   1.000,   4.043
202607080706,   2.619,9999.000,9999.000,9999.000,9999.000,9999.000,9999.000,9999.000,9999.000
202607080712,   2.645,9999.000,9999.000,9999.000,9999.000,9999.000,9999.000,9999.000,9999.000
202607080718,   2.668,9999.000,9999.000,9999.000,9999.000,9999.000,9999.000,9999.000,9999.000
202607080724,   2.689,9999.000,9999.000,9999.000,9999.000,9999.000,9999.000,9999.000,9999.000
202607080730,   2.708,9999.000,9999.000,9999.000,9999.000,9999.000,9999.000,9999.000,9999.000
202607080736,   2.724,9999.000,9999.000,9999.000,9999.000,9999.000,9999.000,9999.000,9999.000
202607080742,   2.739,9999.000,9999.000,9999.000,9999.000,9999.000,9999.000,9999.000,9999.000
202607080748,   2.751,9999.000,9999.000,9999.000,9999.000,9999.000,9999.000,9999.000,9999.000
202607080754,   2.760,9999.000,9999.000,9999.000,9999.000,9999.000,9999.000,9999.000,9999.000
202607080800,   2.768,9999.000,   0.900,   0.395,   4.063,   0.800,   3.963,   1.000,   4.163
202607080806,   2.773,9999.000,9999.000,9999.000,9999.000,9999.000,9999.000,9999.000,9999.000
202607080812,   2.776,9999.000,9999.000,9999.000,9999.000,9999.000,9999.000,9999.000,9999.000
202607080818,   2.777,9999.000,9999.000,9999.000,9999.000,9999.000,9999.000,9999.000,9999.000
202607080824,   2.776,9999.000,9999.000,9999.000,9999.000,9999.000,9999.000,9999.000,9999.000
202607080830,   2.773,9999.000,9999.000,9999.000,9999.000,9999.000,9999.000,9999.000,9999.000
202607080836,   2.767,9999.000,9999.000,9999.000,9999.000,9999.000,9999.000,9999.000,9999.000
202607080842,   2.760,9999.000,9999.000,9999.000,9999.000,9999.000,9999.000,9999.000,9999.000
202607080848,   2.750,9999.000,9999.000,9999.000,9999.000,9999.000,9999.000,9999.000,9999.000
202607080854,   2.738,9999.000,9999.000,9999.000,9999.000,9999.000,9999.000,9999.000,9999.000
202607080900,   2.724,9999.000,   0.900,   0.338,   3.962,   0.800,   3.862,   1.000,   4.062
202607080906,   2.708,9999.000,9999.000,9999.000,9999.000,9999.000,9999.000,9999.000,9999.000
202607080912,   2.690,9999.000,9999.000,9999.000,9999.000,9999.000,9999.000,9999.000,9999.000
202607080918,   2.670,9999.000,9999.000,9999.000,9999.000,9999.000,9999.000,9999.000,9999.000
202607080924,   2.648,9999.000,9999.000,9999.000,9999.000,9999.000,9999.000,9999.000,9999.000
202607080930,   2.624,9999.000,9999.000,9999.000,9999.000,9999.000,9999.000,9999.000,9999.000
202607080936,   2.599,9999.000,9999.000,9999.000,9999.000,9999.000,9999.000,9999.000,9999.000
202607080942,   2.571,9999.000,9999.000,9999.000,9999.000,9999.000,9999.000,9999.000,9999.000
202607080948,   2.542,9999.000,9999.000,9999.000,9999.000,9999.000,9999.000,9999.000,9999.000
202607080954,   2.511,9999.000,9999.000,9999.000,9999.000,9999.000,9999.000,9999.000,9999.000
202607081000,   2.478,9999.000,   0.900,   0.281,   3.659,   0.800,   3.559,   1.000,   3.759
202607081006,   2.444,9999.000,9999.000,9999.000,9999.000,9999.000,9999.000,9999.000,9999.000
202607081012,   2.407,9999.000,9999.000,9999.000,9999.000,9999.000,9999.000,9999.000,9999.000
202607081018,   2.370,9999.000,9999.000,9999.000,9999.000,9999.000,9999.000,9999.000,9999.000
202607081024,   2.330,9999.000,9999.000,9999.000,9999.000,9999.000,9999.000,9999.000,9999.000
202607081030,   2.289,9999.000,9999.000,9999.000,9999.000,9999.000,9999.000,9999.000,9999.000
202607081036,   2.246,9999.000,9999.000,9999.000,9999.000,9999.000,9999.000,9999.000,9999.000
202607081042,   2.201,9999.000,9999.000,9999.000,9999.000,9999.000,9999.000,9999.000,9999.000
202607081048,   2.155,9999.000,9999.000,9999.000,9999.000,9999.000,9999.000,9999.000,9999.000
202607081054,   2.107,9999.000,9999.000,9999.000,9999.000,9999.000,9999.000,9999.000,9999.000
202607081100,   2.058,9999.000,   0.900,   0.224,   3.182,   0.800,   3.082,   1.100,   3.382
202607081106,   2.006,9999.000,9999.000,9999.000,9999.000,9999.000,9999.000,9999.000,9999.000
202607081112,   1.954,9999.000,9999.000,9999.000,9999.000,9999.000,9999.000,9999.000,9999.000
202607081118,   1.899,9999.000,9999.000,9999.000,9999.000,9999.000,9999.000,9999.000,9999.000
202607081124,   1.844,9999.000,9999.000,9999.000,9999.000,9999.000,9999.000,9999.000,9999.000
202607081130,   1.786,9999.000,9999.000,9999.000,9999.000,9999.000,9999.000,9999.000,9999.000
202607081136,   1.728,9999.000,9999.000,9999.000,9999.000,9999.000,9999.000,9999.000,9999.000
202607081142,   1.668,9999.000,9999.000,9999.000,9999.000,9999.000,9999.000,9999.000,9999.000
202607081148,   1.606,9999.000,9999.000,9999.000,9999.000,9999.000,9999.000,9999.000,9999.000
202607081154,   1.544,9999.000,9999.000,9999.000,9999.000,9999.000,9999.000,9999.000,9999.000
202607081200,   1.481,9999.000,   0.900,   0.168,   2.549,   0.800,   2.449,   1.100,   2.749
202607081206,   1.417,9999.000,9999.000,9999.000,9999.000,9999.000,9999.000,9999.000,9999.000
202607081212,   1.352,9999.000,9999.000,9999.000,9999.000,9999.000,9999.000,9999.000,9999.000
202607081218,   1.287,9999.000,9999.000,9999.000,9999.000,9999.000,9999.000,9999.000,9999.000
202607081224,   1.222,9999.000,9999.000,9999.000,9999.000,9999.000,9999.000,9999.000,9999.000
202607081230,   1.157,9999.000,9999.000,9999.000,9999.000,9999.000,9999.000,9999.000,9999.000
202607081236,   1.092,9999.000,9999.000,9999.000,9999.000,9999.000,9999.000,9999.000,9999.000
202607081242,   1.028,9999.000,9999.000,9999.000,9999.000,9999.000,9999.000,9999.000,9999.000
202607081248,   0.964,9999.000,9999.000,9999.000,9999.000,9999.000,9999.000,9999.000,9999.000
202607081254,   0.902,9999.000,9999.000,9999.000,9999.000,9999.000,9999.000,9999.000,9999.000
202607081300,   0.841,9999.000,   1.000,   0.168,   2.009,   0.800,   1.809,   1.100,   2.109
202607081306,   0.781,9999.000,9999.000,9999.000,9999.000,9999.000,9999.000,9999.000,9999.000
202607081312,   0.724,9999.000,9999.000,9999.000,9999.000,9999.000,9999.000,9999.000,9999.000
202607081318,   0.669,9999.000,9999.000,9999.000,9999.000,9999.000,9999.000,9999.000,9999.000
202607081324,   0.617,9999.000,9999.000,9999.000,9999.000,9999.000,9999.000,9999.000,9999.000
202607081330,   0.567,9999.000,9999.000,9999.000,9999.000,9999.000,9999.000,9999.000,9999.000
202607081336,   0.520,9999.000,9999.000,9999.000,9999.000,9999.000,9999.000,9999.000,9999.000
202607081342,   0.477,9999.000,9999.000,9999.000,9999.000,9999.000,9999.000,9999.000,9999.000
202607081348,   0.438,9999.000,9999.000,9999.000,9999.000,9999.000,9999.000,9999.000,9999.000
202607081354,   0.402,9999.000,9999.000,9999.000,9999.000,9999.000,9999.000,9999.000,9999.000
202607081400,   0.370,9999.000,   1.000,   0.168,   1.538,   0.800,   1.338,   1.100,   1.638
202607081406,   0.343,9999.000,9999.000,9999.000,9999.000,9999.000,9999.000,9999.000,9999.000
202607081412,   0.320,9999.000,9999.000,9999.000,9999.000,9999.000,9999.000,9999.000,9999.000
202607081418,   0.301,9999.000,9999.000,9999.000,9999.000,9999.000,9999.000,9999.000,9999.000
202607081424,   0.287,9999.000,9999.000,9999.000,9999.000,9999.000,9999.000,9999.000,9999.000
202607081430,   0.278,9999.000,9999.000,9999.000,9999.000,9999.000,9999.000,9999.000,9999.000
202607081436,   0.273,9999.000,9999.000,9999.000,9999.000,9999.000,9999.000,9999.000,9999.000
202607081442,   0.274,9999.000,9999.000,9999.000,9999.000,9999.000,9999.000,9999.000,9999.000
202607081448,   0.279,9999.000,9999.000,9999.000,9999.000,9999.000,9999.000,9999.000,9999.000
202607081454,   0.289,9999.000,9999.000,9999.000,9999.000,9999.000,9999.000,9999.000,9999.000
202607081500,   0.303,9999.000,   1.000,   0.168,   1.471,   0.800,   1.271,   1.100,   1.571
202607081506,   0.323,9999.000,9999.000,9999.000,9999.000,9999.000,9999.000,9999.000,9999.000
202607081512,   0.347,9999.000,9999.000,9999.000,9999.000,9999.000,9999.000,9999.000,9999.000
202607081518,   0.376,9999.000,9999.000,9999.000,9999.000,9999.000,9999.000,9999.000,9999.000
202607081524,   0.410,9999.000,9999.000,9999.000,9999.000,9999.000,9999.000,9999.000,9999.000
202607081530,   0.448,9999.000,9999.000,9999.000,9999.000,9999.000,9999.000,9999.000,9999.000
202607081536,   0.491,9999.000,9999.000,9999.000,9999.000,9999.000,9999.000,9999.000,9999.000
202607081542,   0.537,9999.000,9999.000,9999.000,9999.000,9999.000,9999.000,9999.000,9999.000
202607081548,   0.588,9999.000,9999.000,9999.000,9999.000,9999.000,9999.000,9999.000,9999.000
202607081554,   0.643,9999.000,9999.000,9999.000,9999.000,9999.000,9999.000,9999.000,9999.000
202607081600,   0.702,9999.000,   1.000,   0.168,   1.870,   0.800,   1.670,   1.100,   1.970
202607081606,   0.764,9999.000,9999.000,9999.000,9999.000,9999.000,9999.000,9999.000,9999.000
202607081612,   0.829,9999.000,9999.000,9999.000,9999.000,9999.000,9999.000,9999.000,9999.000
202607081618,   0.897,9999.000,9999.000,9999.000,9999.000,9999.000,9999.000,9999.000,9999.000
202607081624,   0.969,9999.000,9999.000,9999.000,9999.000,9999.000,9999.000,9999.000,9999.000
202607081630,   1.042,9999.000,9999.000,9999.000,9999.000,9999.000,9999.000,9999.000,9999.000
202607081636,   1.118,9999.000,9999.000,9999.000,9999.000,9999.000,9999.000,9999.000,9999.000
202607081642,   1.197,9999.000,9999.000,9999.000,9999.000,9999.000,9999.000,9999.000,9999.000
202607081648,   1.276,9999.000,9999.000,9999.000,9999.000,9999.000,9999.000,9999.000,9999.000
202607081654,   1.357,9999.000,9999.000,9999.000,9999.000,9999.000,9999.000,9999.000,9999.000
202607081700,   1.439,9999.000,   1.000,   0.168,   2.607,   0.800,   2.407,   1.100,   2.707
202607081706,   1.522,9999.000,9999.000,9999.000,9999.000,9999.000,9999.000,9999.000,9999.000
202607081712,   1.606,9999.000,9999.000,9999.000,9999.000,9999.000,9999.000,9999.000,9999.000
202607081718,   1.689,9999.000,9999.000,9999.000,9999.000,9999.000,9999.000,9999.000,9999.000
202607081724,   1.773,9999.000,9999.000,9999.000,9999.000,9999.000,9999.000,9999.000,9999.000
202607081730,   1.856,9999.000,9999.000,9999.000,9999.000,9999.000,9999.000,9999.000,9999.000
202607081736,   1.938,9999.000,9999.000,9999.000,9999.000,9999.000,9999.000,9999.000,9999.000
202607081742,   2.020,9999.000,9999.000,9999.000,9999.000,9999.000,9999.000,9999.000,9999.000
202607081748,   2.100,9999.000,9999.000,9999.000,9999.000,9999.000,9999.000,9999.000,9999.000
202607081754,   2.179,9999.000,9999.000,9999.000,9999.000,9999.000,9999.000,9999.000,9999.000
202607081800,   2.256,9999.000,   1.000,   0.168,   3.424,   0.800,   3.224,   1.100,   3.524
202607081806,   2.331,9999.000,9999.000,9999.000,9999.000,9999.000,9999.000,9999.000,9999.000
202607081812,   2.404,9999.000,9999.000,9999.000,9999.000,9999.000,9999.000,9999.000,9999.000
202607081818,   2.476,9999.000,9999.000,9999.000,9999.000,9999.000,9999.000,9999.000,9999.000
202607081824,   2.544,9999.000,9999.000,9999.000,9999.000,9999.000,9999.000,9999.000,9999.000
202607081830,   2.611,9999.000,9999.000,9999.000,9999.000,9999.000,9999.000,9999.000,9999.000
202607081836,   2.675,9999.000,9999.000,9999.000,9999.000,9999.000,9999.000,9999.000,9999.000
202607081842,   2.736,9999.000,9999.000,9999.000,9999.000,9999.000,9999.000,9999.000,9999.000
202607081848,   2.795,9999.000,9999.000,9999.000,9999.000,9999.000,9999.000,9999.000,9999.000
202607081854,   2.851,9999.000,9999.000,9999.000,9999.000,9999.000,9999.000,9999.000,9999.000
202607081900,   2.903,9999.000,   1.000,   0.168,   4.071,   0.800,   3.871,   1.100,   4.171
202607081906,   2.954,9999.000,9999.000,9999.000,9999.000,9999.000,9999.000,9999.000,9999.000
202607081912,   3.001,9999.000,9999.000,9999.000,9999.000,9999.000,9999.000,9999.000,9999.000
202607081918,   3.045,9999.000,9999.000,9999.000,9999.000,9999.000,9999.000,9999.000,9999.000
202607081924,   3.086,9999.000,9999.000,9999.000,9999.000,9999.000,9999.000,9999.000,9999.000
202607081930,   3.125,9999.000,9999.000,9999.000,9999.000,9999.000,9999.000,9999.000,9999.000
202607081936,   3.160,9999.000,9999.000,9999.000,9999.000,9999.000,9999.000,9999.000,9999.000
202607081942,   3.193,9999.000,9999.000,9999.000,9999.000,9999.000,9999.000,9999.000,9999.000
202607081948,   3.223,9999.000,9999.000,9999.000,9999.000,9999.000,9999.000,9999.000,9999.000
202607081954,   3.250,9999.000,9999.000,9999.000,9999.000,9999.000,9999.000,9999.000,9999.000
202607082000,   3.274,9999.000,   1.000,   0.168,   4.442,   0.800,   4.242,   1.100,   4.542
202607082006,   3.295,9999.000,9999.000,9999.000,9999.000,9999.000,9999.000,9999.000,9999.000
202607082012,   3.313,9999.000,9999.000,9999.000,9999.000,9999.000,9999.000,9999.000,9999.000
202607082018,   3.329,9999.000,9999.000,9999.000,9999.000,9999.000,9999.000,9999.000,9999.000
202607082024,   3.342,9999.000,9999.000,9999.000,9999.000,9999.000,9999.000,9999.000,9999.000
202607082030,   3.353,9999.000,9999.000,9999.000,9999.000,9999.000,9999.000,9999.000,9999.000
202607082036,   3.361,9999.000,9999.000,9999.000,9999.000,9999.000,9999.000,9999.000,9999.000
202607082042,   3.366,9999.000,9999.000,9999.000,9999.000,9999.000,9999.000,9999.000,9999.000
202607082048,   3.370,9999.000,9999.000,9999.000,9999.000,9999.000,9999.000,9999.000,9999.000
202607082054,   3.370,9999.000,9999.000,9999.000,9999.000,9999.000,9999.000,9999.000,9999.000
202607082100,   3.369,9999.000,   1.000,   0.168,   4.537,   0.900,   4.437,   1.100,   4.637
202607082106,   3.365,9999.000,9999.000,9999.000,9999.000,9999.000,9999.000,9999.000,9999.000
202607082112,   3.360,9999.000,9999.000,9999.000,9999.000,9999.000,9999.000,9999.000,9999.000
202607082118,   3.352,9999.000,9999.000,9999.000,9999.000,9999.000,9999.000,9999.000,9999.000
202607082124,   3.342,9999.000,9999.000,9999.000,9999.000,9999.000,9999.000,9999.000,9999.000
202607082130,   3.331,9999.000,9999.000,9999.000,9999.000,9999.000,9999.000,9999.000,9999.000
202607082136,   3.317,9999.000,9999.000,9999.000,9999.000,9999.000,9999.000,9999.000,9999.000
202607082142,   3.302,9999.000,9999.000,9999.000,9999.000,9999.000,9999.000,9999.000,9999.000
202607082148,   3.285,9999.000,9999.000,9999.000,9999.000,9999.000,9999.000,9999.000,9999.000
202607082154,   3.266,9999.000,9999.000,9999.000,9999.000,9999.000,9999.000,9999.000,9999.000
202607082200,   3.246,9999.000,   1.000,   0.168,   4.414,   0.900,   4.314,   1.100,   4.514
202607082206,   3.223,9999.000,9999.000,9999.000,9999.000,9999.000,9999.000,9999.000,9999.000
202607082212,   3.200,9999.000,9999.000,9999.000,9999.000,9999.000,9999.000,9999.000,9999.000
202607082218,   3.174,9999.000,9999.000,9999.000,9999.000,9999.000,9999.000,9999.000,9999.000
202607082224,   3.147,9999.000,9999.000,9999.000,9999.000,9999.000,9999.000,9999.000,9999.000
202607082230,   3.118,9999.000,9999.000,9999.000,9999.000,9999.000,9999.000,9999.000,9999.000
202607082236,   3.088,9999.000,9999.000,9999.000,9999.000,9999.000,9999.000,9999.000,9999.000
202607082242,   3.055,9999.000,9999.000,9999.000,9999.000,9999.000,9999.000,9999.000,9999.000
202607082248,   3.022,9999.000,9999.000,9999.000,9999.000,9999.000,9999.000,9999.000,9999.000
202607082254,   2.986,9999.000,9999.000,9999.000,9999.000,9999.000,9999.000,9999.000,9999.000
202607082300,   2.949,9999.000,   1.000,   0.168,   4.117,   0.900,   4.017,   1.100,   4.217
202607082306,   2.911,9999.000,9999.000,9999.000,9999.000,9999.000,9999.000,9999.000,9999.000
202607082312,   2.870,9999.000,9999.000,9999.000,9999.000,9999.000,9999.000,9999.000,9999.000
202607082318,   2.828,9999.000,9999.000,9999.000,9999.000,9999.000,9999.000,9999.000,9999.000
202607082324,   2.785,9999.000,9999.000,9999.000,9999.000,9999.000,9999.000,9999.000,9999.000
202607082330,   2.739,9999.000,9999.000,9999.000,9999.000,9999.000,9999.000,9999.000,9999.000
202607082336,   2.692,9999.000,9999.000,9999.000,9999.000,9999.000,9999.000,9999.000,9999.000
202607082342,   2.643,9999.000,9999.000,9999.000,9999.000,9999.000,9999.000,9999.000,9999.000
202607082348,   2.592,9999.000,9999.000,9999.000,9999.000,9999.000,9999.000,9999.000,9999.000
202607082354,   2.540,9999.000,9999.000,9999.000,9999.000,9999.000,9999.000,9999.000,9999.000
202607090000,   2.486,9999.000,   1.000,   0.168,   3.654,   0.800,   3.454,   1.100,   3.754
202607090006,   2.430,9999.000,9999.000,9999.000,9999.000,9999.000,9999.000,9999.000,9999.000
202607090012,   2.372,9999.000,9999.000,9999.000,9999.000,9999.000,9999.000,9999.000,9999.000
202607090018,   2.314,9999.000,9999.000,9999.000,9999.000,9999.000,9999.000,9999.000,9999.000
202607090024,   2.253,9999.000,9999.000,9999.000,9999.000,9999.000,9999.000,9999.000,9999.000
202607090030,   2.192,9999.000,9999.000,9999.000,9999.000,9999.000,9999.000,9999.000,9999.000
202607090036,   2.129,9999.000,9999.000,9999.000,9999.000,9999.000,9999.000,9999.000,9999.000
202607090042,   2.065,9999.000,9999.000,9999.000,9999.000,9999.000,9999.000,9999.000,9999.000
202607090048,   2.001,9999.000,9999.000,9999.000,9999.000,9999.000,9999.000,9999.000,9999.000
202607090054,   1.935,9999.000,9999.000,9999.000,9999.000,9999.000,9999.000,9999.000,9999.000
202607090100,   1.869,9999.000,   1.000,   0.168,   3.037,   0.900,   2.937,   1.100,   3.137
202607090106,   1.803,9999.000,9999.000,9999.000,9999.000,9999.000,9999.000,9999.000,9999.000
202607090112,   1.737,9999.000,9999.000,9999.000,9999.000,9999.000,9999.000,9999.000,9999.000
202607090118,   1.671,9999.000,9999.000,9999.000,9999.000,9999.000,9999.000,9999.000,9999.000
202607090124,   1.605,9999.000,9999.000,9999.000,9999.000,9999.000,9999.000,9999.000,9999.000
202607090130,   1.539,9999.000,9999.000,9999.000,9999.000,9999.000,9999.000,9999.000,9999.000
202607090136,   1.475,9999.000,9999.000,9999.000,9999.000,9999.000,9999.000,9999.000,9999.000
202607090142,   1.412,9999.000,9999.000,9999.000,9999.000,9999.000,9999.000,9999.000,9999.000
202607090148,   1.349,9999.000,9999.000,9999.000,9999.000,9999.000,9999.000,9999.000,9999.000
202607090154,   1.289,9999.000,9999.000,9999.000,9999.000,9999.000,9999.000,9999.000,9999.000
202607090200,   1.230,9999.000,   1.000,   0.168,   2.398,   0.900,   2.298,   1.100,   2.498
202607090206,   1.173,9999.000,9999.000,9999.000,9999.000,9999.000,9999.000,9999.000,9999.000
202607090212,   1.118,9999.000,9999.000,9999.000,9999.000,9999.000,9999.000,9999.000,9999.000
202607090218,   1.066,9999.000,9999.000,9999.000,9999.000,9999.000,9999.000,9999.000,9999.000
202607090224,   1.016,9999.000,9999.000,9999.000,9999.000,9999.000,9999.000,9999.000,9999.000
202607090230,   0.969,9999.000,9999.000,9999.000,9999.000,9999.000,9999.000,9999.000,9999.000
202607090236,   0.925,9999.000,9999.000,9999.000,9999.000,9999.000,9999.000,9999.000,9999.000
202607090242,   0.884,9999.000,9999.000,9999.000,9999.000,9999.000,9999.000,9999.000,9999.000
202607090248,   0.847,9999.000,9999.000,9999.000,9999.000,9999.000,9999.000,9999.000,9999.000
202607090254,   0.812,9999.000,9999.000,9999.000,9999.000,9999.000,9999.000,9999.000,9999.000
202607090300,   0.781,9999.000,   1.000,   0.168,   1.949,   0.900,   1.849,   1.100,   2.049
202607090306,   0.754,9999.000,9999.000,9999.000,9999.000,9999.000,9999.000,9999.000,9999.000
202607090312,   0.730,9999.000,9999.000,9999.000,9999.000,9999.000,9999.000,9999.000,9999.000
202607090318,   0.710,9999.000,9999.000,9999.000,9999.000,9999.000,9999.000,9999.000,9999.000
202607090324,   0.694,9999.000,9999.000,9999.000,9999.000,9999.000,9999.000,9999.000,9999.000
202607090330,   0.682,9999.000,9999.000,9999.000,9999.000,9999.000,9999.000,9999.000,9999.000
202607090336,   0.674,9999.000,9999.000,9999.000,9999.000,9999.000,9999.000,9999.000,9999.000
202607090342,   0.670,9999.000,9999.000,9999.000,9999.000,9999.000,9999.000,9999.000,9999.000
202607090348,   0.670,9999.000,9999.000,9999.000,9999.000,9999.000,9999.000,9999.000,9999.000
202607090354,   0.674,9999.000,9999.000,9999.000,9999.000,9999.000,9999.000,9999.000,9999.000
202607090400,   0.682,9999.000,   1.000,   0.168,   1.850,   0.900,   1.750,   1.100,   1.950
202607090406,   0.694,9999.000,9999.000,9999.000,9999.000,9999.000,9999.000,9999.000,9999.000
202607090412,   0.709,9999.000,9999.000,9999.000,9999.000,9999.000,9999.000,9999.000,9999.000
202607090418,   0.729,9999.000,9999.000,9999.000,9999.000,9999.000,9999.000,9999.000,9999.000
202607090424,   0.753,9999.000,9999.000,9999.000,9999.000,9999.000,9999.000,9999.000,9999.000
202607090430,   0.781,9999.000,9999.000,9999.000,9999.000,9999.000,9999.000,9999.000,9999.000
202607090436,   0.812,9999.000,9999.000,9999.000,9999.000,9999.000,9999.000,9999.000,9999.000
202607090442,   0.847,9999.000,9999.000,9999.000,9999.000,9999.000,9999.000,9999.000,9999.000
202607090448,   0.885,9999.000,9999.000,9999.000,9999.000,9999.000,9999.000,9999.000,9999.000
202607090454,   0.927,9999.000,9999.000,9999.000,9999.000,9999.000,9999.000,9999.000,9999.000
202607090500,   0.972,9999.000,   1.000,   0.168,   2.140,   0.800,   1.940,   1.100,   2.240
202607090506,   1.019,9999.000,9999.000,9999.000,9999.000,9999.000,9999.000,9999.000,9999.000
202607090512,   1.069,9999.000,9999.000,9999.000,9999.000,9999.000,9999.000,9999.000,9999.000
202607090518,   1.122,9999.000,9999.000,9999.000,9999.000,9999.000,9999.000,9999.000,9999.000
202607090524,   1.176,9999.000,9999.000,9999.000,9999.000,9999.000,9999.000,9999.000,9999.000
202607090530,   1.233,9999.000,9999.000,9999.000,9999.000,9999.000,9999.000,9999.000,9999.000
202607090536,   1.291,9999.000,9999.000,9999.000,9999.000,9999.000,9999.000,9999.000,9999.000
202607090542,   1.350,9999.000,9999.000,9999.000,9999.000,9999.000,9999.000,9999.000,9999.000
202607090548,   1.410,9999.000,9999.000,9999.000,9999.000,9999.000,9999.000,9999.000,9999.000
202607090554,   1.471,9999.000,9999.000,9999.000,9999.000,9999.000,9999.000,9999.000,9999.000
202607090600,   1.532,9999.000,   0.900,   0.168,   2.600,   0.800,   2.500,   1.100,   2.800
202607090606,   1.593,9999.000,9999.000,9999.000,9999.000,9999.000,9999.000,9999.000,9999.000
202607090612,   1.655,9999.000,9999.000,9999.000,9999.000,9999.000,9999.000,9999.000,9999.000
202607090618,   1.715,9999.000,9999.000,9999.000,9999.000,9999.000,9999.000,9999.000,9999.000
202607090624,   1.775,9999.000,9999.000,9999.000,9999.000,9999.000,9999.000,9999.000,9999.000
202607090630,   1.835,9999.000,9999.000,9999.000,9999.000,9999.000,9999.000,9999.000,9999.000
202607090636,   1.893,9999.000,9999.000,9999.000,9999.000,9999.000,9999.000,9999.000,9999.000
202607090642,   1.949,9999.000,9999.000,9999.000,9999.000,9999.000,9999.000,9999.000,9999.000
202607090648,   2.005,9999.000,9999.000,9999.000,9999.000,9999.000,9999.000,9999.000,9999.000
202607090654,   2.058,9999.000,9999.000,9999.000,9999.000,9999.000,9999.000,9999.000,9999.000
202607090700,   2.110,9999.000,   0.900,   0.168,   3.178,   0.800,   3.078,   1.000,   3.278
202607090706,   2.160,9999.000,9999.000,9999.000,9999.000,9999.000,9999.000,9999.000,9999.000
202607090712,   2.208,9999.000,9999.000,9999.000,9999.000,9999.000,9999.000,9999.000,9999.000
202607090718,   2.253,9999.000,9999.000,9999.000,9999.000,9999.000,9999.000,9999.000,9999.000
202607090724,   2.297,9999.000,9999.000,9999.000,9999.000,9999.000,9999.000,9999.000,9999.000
202607090730,   2.338,9999.000,9999.000,9999.000,9999.000,9999.000,9999.000,9999.000,9999.000
202607090736,   2.377,9999.000,9999.000,9999.000,9999.000,9999.000,9999.000,9999.000,9999.000
202607090742,   2.413,9999.000,9999.000,9999.000,9999.000,9999.000,9999.000,9999.000,9999.000
202607090748,   2.448,9999.000,9999.000,9999.000,9999.000,9999.000,9999.000,9999.000,9999.000
202607090754,   2.479,9999.000,9999.000,9999.000,9999.000,9999.000,9999.000,9999.000,9999.000
202607090800,   2.509,9999.000,   0.900,   0.168,   3.577,   0.800,   3.477,   1.000,   3.677
202607090806,   2.536,9999.000,9999.000,9999.000,9999.000,9999.000,9999.000,9999.000,9999.000
202607090812,   2.560,9999.000,9999.000,9999.000,9999.000,9999.000,9999.000,9999.000,9999.000
202607090818,   2.583,9999.000,9999.000,9999.000,9999.000,9999.000,9999.000,9999.000,9999.000
202607090824,   2.603,9999.000,9999.000,9999.000,9999.000,9999.000,9999.000,9999.000,9999.000
202607090830,   2.621,9999.000,9999.000,9999.000,9999.000,9999.000,9999.000,9999.000,9999.000
202607090836,   2.636,9999.000,9999.000,9999.000,9999.000,9999.000,9999.000,9999.000,9999.000
202607090842,   2.649,9999.000,9999.000,9999.000,9999.000,9999.000,9999.000,9999.000,9999.000
202607090848,   2.661,9999.000,9999.000,9999.000,9999.000,9999.000,9999.000,9999.000,9999.000
202607090854,   2.670,9999.000,9999.000,9999.000,9999.000,9999.000,9999.000,9999.000,9999.000
202607090900,   2.677,9999.000,   0.900,   0.168,   3.745,   0.800,   3.645,   1.000,   3.845
202607090906,   2.682,9999.000,9999.000,9999.000,9999.000,9999.000,9999.000,9999.000,9999.000
202607090912,   2.684,9999.000,9999.000,9999.000,9999.000,9999.000,9999.000,9999.000,9999.000
202607090918,   2.686,9999.000,9999.000,9999.000,9999.000,9999.000,9999.000,9999.000,9999.000
202607090924,   2.685,9999.000,9999.000,9999.000,9999.000,9999.000,9999.000,9999.000,9999.000
202607090930,   2.681,9999.000,9999.000,9999.000,9999.000,9999.000,9999.000,9999.000,9999.000
202607090936,   2.676,9999.000,9999.000,9999.000,9999.000,9999.000,9999.000,9999.000,9999.000
202607090942,   2.669,9999.000,9999.000,9999.000,9999.000,9999.000,9999.000,9999.000,9999.000
202607090948,   2.660,9999.000,9999.000,9999.000,9999.000,9999.000,9999.000,9999.000,9999.000
202607090954,   2.649,9999.000,9999.000,9999.000,9999.000,9999.000,9999.000,9999.000,9999.000
202607091000,   2.637,9999.000,   0.900,   0.168,   3.705,   0.800,   3.605,   1.000,   3.805
202607091006,   2.622,9999.000,9999.000,9999.000,9999.000,9999.000,9999.000,9999.000,9999.000
202607091012,   2.605,9999.000,9999.000,9999.000,9999.000,9999.000,9999.000,9999.000,9999.000
202607091018,   2.587,9999.000,9999.000,9999.000,9999.000,9999.000,9999.000,9999.000,9999.000
202607091024,   2.567,9999.000,9999.000,9999.000,9999.000,9999.000,9999.000,9999.000,9999.000
202607091030,   2.545,9999.000,9999.000,9999.000,9999.000,9999.000,9999.000,9999.000,9999.000
202607091036,   2.521,9999.000,9999.000,9999.000,9999.000,9999.000,9999.000,9999.000,9999.000
202607091042,   2.496,9999.000,9999.000,9999.000,9999.000,9999.000,9999.000,9999.000,9999.000
202607091048,   2.468,9999.000,9999.000,9999.000,9999.000,9999.000,9999.000,9999.000,9999.000
202607091054,   2.439,9999.000,9999.000,9999.000,9999.000,9999.000,9999.000,9999.000,9999.000
202607091100,   2.408,9999.000,   0.900,   0.168,   3.476,   0.800,   3.376,   1.000,   3.576
202607091106,   2.376,9999.000,9999.000,9999.000,9999.000,9999.000,9999.000,9999.000,9999.000
202607091112,   2.341,9999.000,9999.000,9999.000,9999.000,9999.000,9999.000,9999.000,9999.000
202607091118,   2.305,9999.000,9999.000,9999.000,9999.000,9999.000,9999.000,9999.000,9999.000
202607091124,   2.267,9999.000,9999.000,9999.000,9999.000,9999.000,9999.000,9999.000,9999.000
202607091130,   2.227,9999.000,9999.000,9999.000,9999.000,9999.000,9999.000,9999.000,9999.000
202607091136,   2.186,9999.000,9999.000,9999.000,9999.000,9999.000,9999.000,9999.000,9999.000
202607091142,   2.142,9999.000,9999.000,9999.000,9999.000,9999.000,9999.000,9999.000,9999.000
202607091148,   2.097,9999.000,9999.000,9999.000,9999.000,9999.000,9999.000,9999.000,9999.000
202607091154,   2.049,9999.000,9999.000,9999.000,9999.000,9999.000,9999.000,9999.000,9999.000
202607091200,   2.000,9999.000,   0.900,   0.168,   3.068,   0.800,   2.968,   1.000,   3.168
202607091206,   1.949,9999.000,9999.000,9999.000,9999.000,9999.000,9999.000,9999.000,9999.000
202607091212,   1.897,9999.000,9999.000,9999.000,9999.000,9999.000,9999.000,9999.000,9999.000
202607091218,   1.842,9999.000,9999.000,9999.000,9999.000,9999.000,9999.000,9999.000,9999.000
202607091224,   1.786,9999.000,9999.000,9999.000,9999.000,9999.000,9999.000,9999.000,9999.000
202607091230,   1.728,9999.000,9999.000,9999.000,9999.000,9999.000,9999.000,9999.000,9999.000
202607091236,   1.669,9999.000,9999.000,9999.000,9999.000,9999.000,9999.000,9999.000,9999.000
202607091242,   1.608,9999.000,9999.000,9999.000,9999.000,9999.000,9999.000,9999.000,9999.000
202607091248,   1.546,9999.000,9999.000,9999.000,9999.000,9999.000,9999.000,9999.000,9999.000
202607091254,   1.483,9999.000,9999.000,9999.000,9999.000,9999.000,9999.000,9999.000,9999.000
202607091300,   1.419,9999.000,   0.900,   0.168,   2.487,   0.800,   2.387,   1.000,   2.587
202607091306,   1.354,9999.000,9999.000,9999.000,9999.000,9999.000,9999.000,9999.000,9999.000
202607091312,   1.289,9999.000,9999.000,9999.000,9999.000,9999.000,9999.000,9999.000,9999.000
202607091318,   1.223,9999.000,9999.000,9999.000,9999.000,9999.000,9999.000,9999.000,9999.000
202607091324,   1.158,9999.000,9999.000,9999.000,9999.000,9999.000,9999.000,9999.000,9999.000
202607091330,   1.092,9999.000,9999.000,9999.000,9999.000,9999.000,9999.000,9999.000,9999.000
202607091336,   1.027,9999.000,9999.000,9999.000,9999.000,9999.000,9999.000,9999.000,9999.000
202607091342,   0.963,9999.000,9999.000,9999.000,9999.000,9999.000,9999.000,9999.000,9999.000
202607091348,   0.899,9999.000,9999.000,9999.000,9999.000,9999.000,9999.000,9999.000,9999.000
202607091354,   0.837,9999.000,9999.000,9999.000,9999.000,9999.000,9999.000,9999.000,9999.000
202607091400,   0.777,9999.000,   0.900,   0.168,   1.845,   0.800,   1.745,   1.000,   1.945
202607091406,   0.719,9999.000,9999.000,9999.000,9999.000,9999.000,9999.000,9999.000,9999.000
202607091412,   0.663,9999.000,9999.000,9999.000,9999.000,9999.000,9999.000,9999.000,9999.000
202607091418,   0.609,9999.000,9999.000,9999.000,9999.000,9999.000,9999.000,9999.000,9999.000
202607091424,   0.558,9999.000,9999.000,9999.000,9999.000,9999.000,9999.000,9999.000,9999.000
202607091430,   0.510,9999.000,9999.000,9999.000,9999.000,9999.000,9999.000,9999.000,9999.000
202607091436,   0.465,9999.000,9999.000,9999.000,9999.000,9999.000,9999.000,9999.000,9999.000
202607091442,   0.424,9999.000,9999.000,9999.000,9999.000,9999.000,9999.000,9999.000,9999.000
202607091448,   0.387,9999.000,9999.000,9999.000,9999.000,9999.000,9999.000,9999.000,9999.000
202607091454,   0.353,9999.000,9999.000,9999.000,9999.000,9999.000,9999.000,9999.000,9999.000
202607091500,   0.324,9999.000,   0.900,   0.168,   1.392,   0.800,   1.292,   1.000,   1.492
202607091506,   0.299,9999.000,9999.000,9999.000,9999.000,9999.000,9999.000,9999.000,9999.000
202607091512,   0.278,9999.000,9999.000,9999.000,9999.000,9999.000,9999.000,9999.000,9999.000
202607091518,   0.262,9999.000,9999.000,9999.000,9999.000,9999.000,9999.000,9999.000,9999.000
202607091524,   0.250,9999.000,9999.000,9999.000,9999.000,9999.000,9999.000,9999.000,9999.000
202607091530,   0.244,9999.000,9999.000,9999.000,9999.000,9999.000,9999.000,9999.000,9999.000
202607091536,   0.242,9999.000,9999.000,9999.000,9999.000,9999.000,9999.000,9999.000,9999.000
202607091542,   0.245,9999.000,9999.000,9999.000,9999.000,9999.000,9999.000,9999.000,9999.000
202607091548,   0.252,9999.000,9999.000,9999.000,9999.000,9999.000,9999.000,9999.000,9999.000
202607091554,   0.265,9999.000,9999.000,9999.000,9999.000,9999.000,9999.000,9999.000,9999.000
202607091600,   0.283,9999.000,   0.900,   0.168,   1.351,   0.700,   1.151,   1.000,   1.451
202607091606,   0.306,9999.000,9999.000,9999.000,9999.000,9999.000,9999.000,9999.000,9999.000
202607091612,   0.333,9999.000,9999.000,9999.000,9999.000,9999.000,9999.000,9999.000,9999.000
202607091618,   0.365,9999.000,9999.000,9999.000,9999.000,9999.000,9999.000,9999.000,9999.000
202607091624,   0.402,9999.000,9999.000,9999.000,9999.000,9999.000,9999.000,9999.000,9999.000
202607091630,   0.444,9999.000,9999.000,9999.000,9999.000,9999.000,9999.000,9999.000,9999.000
202607091636,   0.490,9999.000,9999.000,9999.000,9999.000,9999.000,9999.000,9999.000,9999.000
202607091642,   0.541,9999.000,9999.000,9999.000,9999.000,9999.000,9999.000,9999.000,9999.000
202607091648,   0.596,9999.000,9999.000,9999.000,9999.000,9999.000,9999.000,9999.000,9999.000
202607091654,   0.655,9999.000,9999.000,9999.000,9999.000,9999.000,9999.000,9999.000,9999.000
202607091700,   0.718,9999.000,   0.800,   0.168,   1.686,   0.700,   1.586,   0.900,   1.786
202607091706,   0.785,9999.000,9999.000,9999.000,9999.000,9999.000,9999.000,9999.000,9999.000
202607091712,   0.855,9999.000,9999.000,9999.000,9999.000,9999.000,9999.000,9999.000,9999.000
202607091718,   0.928,9999.000,9999.000,9999.000,9999.000,9999.000,9999.000,9999.000,9999.000
202607091724,   1.004,9999.000,9999.000,9999.000,9999.000,9999.000,9999.000,9999.000,9999.000
202607091730,   1.083,9999.000,9999.000,9999.000,9999.000,9999.000,9999.000,9999.000,9999.000
202607091736,   1.164,9999.000,9999.000,9999.000,9999.000,9999.000,9999.000,9999.000,9999.000
202607091742,   1.247,9999.000,9999.000,9999.000,9999.000,9999.000,9999.000,9999.000,9999.000
202607091748,   1.332,9999.000,9999.000,9999.000,9999.000,9999.000,9999.000,9999.000,9999.000
202607091754,   1.418,9999.000,9999.000,9999.000,9999.000,9999.000,9999.000,9999.000,9999.000
202607091800,   1.505,9999.000,   0.800,   0.168,   2.473,   0.700,   2.373,   0.900,   2.573
202607091806,   1.592,9999.000,9999.000,9999.000,9999.000,9999.000,9999.000,9999.000,9999.000
202607091812,   1.680,9999.000,9999.000,9999.000,9999.000,9999.000,9999.000,9999.000,9999.000
202607091818,   1.768,9999.000,9999.000,9999.000,9999.000,9999.000,9999.000,9999.000,9999.000
202607091824,   1.855,9999.000,9999.000,9999.000,9999.000,9999.000,9999.000,9999.000,9999.000
202607091830,   1.942,9999.000,9999.000,9999.000,9999.000,9999.000,9999.000,9999.000,9999.000
202607091836,   2.027,9999.000,9999.000,9999.000,9999.000,9999.000,9999.000,9999.000,9999.000
202607091842,   2.112,9999.000,9999.000,9999.000,9999.000,9999.000,9999.000,9999.000,9999.000
202607091848,   2.195,9999.000,9999.000,9999.000,9999.000,9999.000,9999.000,9999.000,9999.000
202607091854,   2.276,9999.000,9999.000,9999.000,9999.000,9999.000,9999.000,9999.000,9999.000
202607091900,   2.356,9999.000,   0.800,   0.168,   3.324,   0.700,   3.224,   0.900,   3.424
202607091906,   2.433,9999.000,9999.000,9999.000,9999.000,9999.000,9999.000,9999.000,9999.000
202607091912,   2.508,9999.000,9999.000,9999.000,9999.000,9999.000,9999.000,9999.000,9999.000
202607091918,   2.581,9999.000,9999.000,9999.000,9999.000,9999.000,9999.000,9999.000,9999.000
202607091924,   2.651,9999.000,9999.000,9999.000,9999.000,9999.000,9999.000,9999.000,9999.000
202607091930,   2.718,9999.000,9999.000,9999.000,9999.000,9999.000,9999.000,9999.000,9999.000
202607091936,   2.783,9999.000,9999.000,9999.000,9999.000,9999.000,9999.000,9999.000,9999.000
202607091942,   2.845,9999.000,9999.000,9999.000,9999.000,9999.000,9999.000,9999.000,9999.000
202607091948,   2.904,9999.000,9999.000,9999.000,9999.000,9999.000,9999.000,9999.000,9999.000
202607091954,   2.960,9999.000,9999.000,9999.000,9999.000,9999.000,9999.000,9999.000,9999.000
202607092000,   3.013,9999.000,   0.800,   0.168,   3.981,   0.700,   3.881,   0.900,   4.081
202607092006,   3.064,9999.000,9999.000,9999.000,9999.000,9999.000,9999.000,9999.000,9999.000
202607092012,   3.111,9999.000,9999.000,9999.000,9999.000,9999.000,9999.000,9999.000,9999.000
202607092018,   3.155,9999.000,9999.000,9999.000,9999.000,9999.000,9999.000,9999.000,9999.000
202607092024,   3.197,9999.000,9999.000,9999.000,9999.000,9999.000,9999.000,9999.000,9999.000
202607092030,   3.235,9999.000,9999.000,9999.000,9999.000,9999.000,9999.000,9999.000,9999.000
202607092036,   3.271,9999.000,9999.000,9999.000,9999.000,9999.000,9999.000,9999.000,9999.000
202607092042,   3.303,9999.000,9999.000,9999.000,9999.000,9999.000,9999.000,9999.000,9999.000
202607092048,   3.333,9999.000,9999.000,9999.000,9999.000,9999.000,9999.000,9999.000,9999.000
202607092054,   3.360,9999.000,9999.000,9999.000,9999.000,9999.000,9999.000,9999.000,9999.000
202607092100,   3.384,9999.000,   0.800,   0.168,   4.352,   0.700,   4.252,   0.900,   4.452
202607092106,   3.406,9999.000,9999.000,9999.000,9999.000,9999.000,9999.000,9999.000,9999.000
202607092112,   3.425,9999.000,9999.000,9999.000,9999.000,9999.000,9999.000,9999.000,9999.000
202607092118,   3.441,9999.000,9999.000,9999.000,9999.000,9999.000,9999.000,9999.000,9999.000
202607092124,   3.455,9999.000,9999.000,9999.000,9999.000,9999.000,9999.000,9999.000,9999.000
202607092130,   3.466,9999.000,9999.000,9999.000,9999.000,9999.000,9999.000,9999.000,9999.000
202607092136,   3.474,9999.000,9999.000,9999.000,9999.000,9999.000,9999.000,9999.000,9999.000
202607092142,   3.481,9999.000,9999.000,9999.000,9999.000,9999.000,9999.000,9999.000,9999.000
202607092148,   3.485,9999.000,9999.000,9999.000,9999.000,9999.000,9999.000,9999.000,9999.000
202607092154,   3.486,9999.000,9999.000,9999.000,9999.000,9999.000,9999.000,9999.000,9999.000
202607092200,   3.486,9999.000,   0.800,   0.168,   4.454,   0.700,   4.354,   0.800,   4.454
202607092206,   3.483,9999.000,9999.000,9999.000,9999.000,9999.000,9999.000,9999.000,9999.000
202607092212,   3.478,9999.000,9999.000,9999.000,9999.000,9999.000,9999.000,9999.000,9999.000
202607092218,   3.472,9999.000,9999.000,9999.000,9999.000,9999.000,9999.000,9999.000,9999.000
202607092224,   3.463,9999.000,9999.000,9999.000,9999.000,9999.000,9999.000,9999.000,9999.000
202607092230,   3.452,9999.000,9999.000,9999.000,9999.000,9999.000,9999.000,9999.000,9999.000
202607092236,   3.440,9999.000,9999.000,9999.000,9999.000,9999.000,9999.000,9999.000,9999.000
202607092242,   3.425,9999.000,9999.000,9999.000,9999.000,9999.000,9999.000,9999.000,9999.000
202607092248,   3.409,9999.000,9999.000,9999.000,9999.000,9999.000,9999.000,9999.000,9999.000
202607092254,   3.391,9999.000,9999.000,9999.000,9999.000,9999.000,9999.000,9999.000,9999.000
202607092300,   3.371,9999.000,   0.800,   0.168,   4.339,   0.700,   4.239,   0.900,   4.439
202607092306,   3.349,9999.000,9999.000,9999.000,9999.000,9999.000,9999.000,9999.000,9999.000
202607092312,   3.325,9999.000,9999.000,9999.000,9999.000,9999.000,9999.000,9999.000,9999.000
202607092318,   3.300,9999.000,9999.000,9999.000,9999.000,9999.000,9999.000,9999.000,9999.000
202607092324,   3.273,9999.000,9999.000,9999.000,9999.000,9999.000,9999.000,9999.000,9999.000
202607092330,   3.244,9999.000,9999.000,9999.000,9999.000,9999.000,9999.000,9999.000,9999.000
202607092336,   3.213,9999.000,9999.000,9999.000,9999.000,9999.000,9999.000,9999.000,9999.000
202607092342,   3.180,9999.000,9999.000,9999.000,9999.000,9999.000,9999.000,9999.000,9999.000
202607092348,   3.145,9999.000,9999.000,9999.000,9999.000,9999.000,9999.000,9999.000,9999.000
202607092354,   3.109,9999.000,9999.000,9999.000,9999.000,9999.000,9999.000,9999.000,9999.000
202607100000,   3.070,9999.000,   0.700,   0.168,   3.938,   0.700,   3.938,   0.800,   4.038
202607100006,   3.030,9999.000,9999.000,9999.000,9999.000,9999.000,9999.000,9999.000,9999.000
202607100012,   2.987,9999.000,9999.000,9999.000,9999.000,9999.000,9999.000,9999.000,9999.000
202607100018,   2.943,9999.000,9999.000,9999.000,9999.000,9999.000,9999.000,9999.000,9999.000
202607100024,   2.896,9999.000,9999.000,9999.000,9999.000,9999.000,9999.000,9999.000,9999.000
202607100030,   2.848,9999.000,9999.000,9999.000,9999.000,9999.000,9999.000,9999.000,9999.000
202607100036,   2.798,9999.000,9999.000,9999.000,9999.000,9999.000,9999.000,9999.000,9999.000
202607100042,   2.745,9999.000,9999.000,9999.000,9999.000,9999.000,9999.000,9999.000,9999.000
202607100048,   2.691,9999.000,9999.000,9999.000,9999.000,9999.000,9999.000,9999.000,9999.000
202607100054,   2.634,9999.000,9999.000,9999.000,9999.000,9999.000,9999.000,9999.000,9999.000
202607100100,   2.576,9999.000,   0.700,   0.168,   3.444,   0.700,   3.444,   0.800,   3.544
202607100106,   2.516,9999.000,9999.000,9999.000,9999.000,9999.000,9999.000,9999.000,9999.000
202607100112,   2.454,9999.000,9999.000,9999.000,9999.000,9999.000,9999.000,9999.000,9999.000
202607100118,   2.391,9999.000,9999.000,9999.000,9999.000,9999.000,9999.000,9999.000,9999.000
202607100124,   2.326,9999.000,9999.000,9999.000,9999.000,9999.000,9999.000,9999.000,9999.000
202607100130,   2.259,9999.000,9999.000,9999.000,9999.000,9999.000,9999.000,9999.000,9999.000
202607100136,   2.192,9999.000,9999.000,9999.000,9999.000,9999.000,9999.000,9999.000,9999.000
202607100142,   2.123,9999.000,9999.000,9999.000,9999.000,9999.000,9999.000,9999.000,9999.000
202607100148,   2.053,9999.000,9999.000,9999.000,9999.000,9999.000,9999.000,9999.000,9999.000
202607100154,   1.982,9999.000,9999.000,9999.000,9999.000,9999.000,9999.000,9999.000,9999.000
202607100200,   1.911,9999.000,   0.700,   0.168,   2.779,   0.600,   2.679,   0.800,   2.879
202607100206,   1.840,9999.000,9999.000,9999.000,9999.000,9999.000,9999.000,9999.000,9999.000
202607100212,   1.768,9999.000,9999.000,9999.000,9999.000,9999.000,9999.000,9999.000,9999.000
202607100218,   1.697,9999.000,9999.000,9999.000,9999.000,9999.000,9999.000,9999.000,9999.000
202607100224,   1.626,9999.000,9999.000,9999.000,9999.000,9999.000,9999.000,9999.000,9999.000
202607100230,   1.555,9999.000,9999.000,9999.000,9999.000,9999.000,9999.000,9999.000,9999.000
202607100236,   1.485,9999.000,9999.000,9999.000,9999.000,9999.000,9999.000,9999.000,9999.000
202607100242,   1.416,9999.000,9999.000,9999.000,9999.000,9999.000,9999.000,9999.000,9999.000
202607100248,   1.349,9999.000,9999.000,9999.000,9999.000,9999.000,9999.000,9999.000,9999.000
202607100254,   1.282,9999.000,9999.000,9999.000,9999.000,9999.000,9999.000,9999.000,9999.000
202607100300,   1.218,9999.000,   0.700,   0.168,   2.086,   0.600,   1.986,   0.800,   2.186
202607100306,   1.155,9999.000,9999.000,9999.000,9999.000,9999.000,9999.000,9999.000,9999.000
202607100312,   1.094,9999.000,9999.000,9999.000,9999.000,9999.000,9999.000,9999.000,9999.000
202607100318,   1.036,9999.000,9999.000,9999.000,9999.000,9999.000,9999.000,9999.000,9999.000
202607100324,   0.980,9999.000,9999.000,9999.000,9999.000,9999.000,9999.000,9999.000,9999.000
202607100330,   0.927,9999.000,9999.000,9999.000,9999.000,9999.000,9999.000,9999.000,9999.000
202607100336,   0.877,9999.000,9999.000,9999.000,9999.000,9999.000,9999.000,9999.000,9999.000
202607100342,   0.829,9999.000,9999.000,9999.000,9999.000,9999.000,9999.000,9999.000,9999.000
202607100348,   0.785,9999.000,9999.000,9999.000,9999.000,9999.000,9999.000,9999.000,9999.000
202607100354,   0.744,9999.000,9999.000,9999.000,9999.000,9999.000,9999.000,9999.000,9999.000
202607100400,   0.707,9999.000,   0.700,   0.168,   1.575,   0.600,   1.475,   0.800,   1.675
202607100406,   0.673,9999.000,9999.000,9999.000,9999.000,9999.000,9999.000,9999.000,9999.000
202607100412,   0.643,9999.000,9999.000,9999.000,9999.000,9999.000,9999.000,9999.000,9999.000
202607100418,   0.618,9999.000,9999.000,9999.000,9999.000,9999.000,9999.000,9999.000,9999.000
202607100424,   0.596,9999.000,9999.000,9999.000,9999.000,9999.000,9999.000,9999.000,9999.000
202607100430,   0.578,9999.000,9999.000,9999.000,9999.000,9999.000,9999.000,9999.000,9999.000
202607100436,   0.564,9999.000,9999.000,9999.000,9999.000,9999.000,9999.000,9999.000,9999.000
202607100442,   0.555,9999.000,9999.000,9999.000,9999.000,9999.000,9999.000,9999.000,9999.000
202607100448,   0.551,9999.000,9999.000,9999.000,9999.000,9999.000,9999.000,9999.000,9999.000
202607100454,   0.550,9999.000,9999.000,9999.000,9999.000,9999.000,9999.000,9999.000,9999.000
202607100500,   0.555,9999.000,   0.700,   0.168,   1.423,   0.600,   1.323,   0.800,   1.523
202607100506,   0.563,9999.000,9999.000,9999.000,9999.000,9999.000,9999.000,9999.000,9999.000
202607100512,   0.577,9999.000,9999.000,9999.000,9999.000,9999.000,9999.000,9999.000,9999.000
202607100518,   0.594,9999.000,9999.000,9999.000,9999.000,9999.000,9999.000,9999.000,9999.000
202607100524,   0.616,9999.000,9999.000,9999.000,9999.000,9999.000,9999.000,9999.000,9999.000
202607100530,   0.642,9999.000,9999.000,9999.000,9999.000,9999.000,9999.000,9999.000,9999.000
202607100536,   0.673,9999.000,9999.000,9999.000,9999.000,9999.000,9999.000,9999.000,9999.000
202607100542,   0.707,9999.000,9999.000,9999.000,9999.000,9999.000,9999.000,9999.000,9999.000
202607100548,   0.746,9999.000,9999.000,9999.000,9999.000,9999.000,9999.000,9999.000,9999.000
202607100554,   0.788,9999.000,9999.000,9999.000,9999.000,9999.000,9999.000,9999.000,9999.000
202607100600,   0.833,9999.000,   0.700,   0.168,   1.701,   0.600,   1.601,   0.800,   1.801
202607100606,   0.882,9999.000,9999.000,9999.000,9999.000,9999.000,9999.000,9999.000,9999.000
202607100612,   0.934,9999.000,9999.000,9999.000,9999.000,9999.000,9999.000,9999.000,9999.000
202607100618,   0.988,9999.000,9999.000,9999.000,9999.000,9999.000,9999.000,9999.000,9999.000
202607100624,   1.044,9999.000,9999.000,9999.000,9999.000,9999.000,9999.000,9999.000,9999.000
202607100630,   1.103,9999.000,9999.000,9999.000,9999.000,9999.000,9999.000,9999.000,9999.000
202607100636,   1.163,9999.000,9999.000,9999.000,9999.000,9999.000,9999.000,9999.000,9999.000
202607100642,   1.224,9999.000,9999.000,9999.000,9999.000,9999.000,9999.000,9999.000,9999.000
202607100648,   1.287,9999.000,9999.000,9999.000,9999.000,9999.000,9999.000,9999.000,9999.000
202607100654,   1.350,9999.000,9999.000,9999.000,9999.000,9999.000,9999.000,9999.000,9999.000
202607100700,   1.414,9999.000,   0.700,   0.168,   2.282,   0.600,   2.182,   0.700,   2.282
202607100706,   1.478,9999.000,9999.000,9999.000,9999.000,9999.000,9999.000,9999.000,9999.000
202607100712,   1.542,9999.000,9999.000,9999.000,9999.000,9999.000,9999.000,9999.000,9999.000
202607100718,   1.605,9999.000,9999.000,9999.000,9999.000,9999.000,9999.000,9999.000,9999.000
202607100724,   1.668,9999.000,9999.000,9999.000,9999.000,9999.000,9999.000,9999.000,9999.000
202607100730,   1.729,9999.000,9999.000,9999.000,9999.000,9999.000,9999.000,9999.000,9999.000
202607100736,   1.790,9999.000,9999.000,9999.000,9999.000,9999.000,9999.000,9999.000,9999.000
202607100742,   1.849,9999.000,9999.000,9999.000,9999.000,9999.000,9999.000,9999.000,9999.000
202607100748,   1.907,9999.000,9999.000,9999.000,9999.000,9999.000,9999.000,9999.000,9999.000
202607100754,   1.963,9999.000,9999.000,9999.000,9999.000,9999.000,9999.000,9999.000,9999.000
202607100800,   2.018,9999.000,   0.600,   0.168,   2.786,   0.600,   2.786,   0.700,   2.886
202607100806,   2.070,9999.000,9999.000,9999.000,9999.000,9999.000,9999.000,9999.000,9999.000
202607100812,   2.121,9999.000,9999.000,9999.000,9999.000,9999.000,9999.000,9999.000,9999.000
202607100818,   2.169,9999.000,9999.000,9999.000,9999.000,9999.000,9999.000,9999.000,9999.000
202607100824,   2.215,9999.000,9999.000,9999.000,9999.000,9999.000,9999.000,9999.000,9999.000
202607100830,   2.259,9999.000,9999.000,9999.000,9999.000,9999.000,9999.000,9999.000,9999.000
202607100836,   2.301,9999.000,9999.000,9999.000,9999.000,9999.000,9999.000,9999.000,9999.000
202607100842,   2.340,9999.000,9999.000,9999.000,9999.000,9999.000,9999.000,9999.000,9999.000
202607100848,   2.377,9999.000,9999.000,9999.000,9999.000,9999.000,9999.000,9999.000,9999.000
202607100854,   2.412,9999.000,9999.000,9999.000,9999.000,9999.000,9999.000,9999.000,9999.000
202607100900,   2.444,9999.000,   0.600,   0.168,   3.212,   0.600,   3.212,   0.700,   3.312
202607100906,   2.474,9999.000,9999.000,9999.000,9999.000,9999.000,9999.000,9999.000,9999.000
202607100912,   2.502,9999.000,9999.000,9999.000,9999.000,9999.000,9999.000,9999.000,9999.000
202607100918,   2.527,9999.000,9999.000,9999.000,9999.000,9999.000,9999.000,9999.000,9999.000
202607100924,   2.550,9999.000,9999.000,9999.000,9999.000,9999.000,9999.000,9999.000,9999.000
202607100930,   2.570,9999.000,9999.000,9999.000,9999.000,9999.000,9999.000,9999.000,9999.000
202607100936,   2.589,9999.000,9999.000,9999.000,9999.000,9999.000,9999.000,9999.000,9999.000
202607100942,   2.605,9999.000,9999.000,9999.000,9999.000,9999.000,9999.000,9999.000,9999.000
202607100948,   2.619,9999.000,9999.000,9999.000,9999.000,9999.000,9999.000,9999.000,9999.000
202607100954,   2.630,9999.000,9999.000,9999.000,9999.000,9999.000,9999.000,9999.000,9999.000
202607101000,   2.640,9999.000,   0.600,   0.168,   3.408,   0.500,   3.308,   0.700,   3.508
202607101006,   2.647,9999.000,9999.000,9999.000,9999.000,9999.000,9999.000,9999.000,9999.000
202607101012,   2.653,9999.000,9999.000,9999.000,9999.000,9999.000,9999.000,9999.000,9999.000
202607101018,   2.656,9999.000,9999.000,9999.000,9999.000,9999.000,9999.000,9999.000,9999.000
202607101024,   2.658,9999.000,9999.000,9999.000,9999.000,9999.000,9999.000,9999.000,9999.000
202607101030,   2.657,9999.000,9999.000,9999.000,9999.000,9999.000,9999.000,9999.000,9999.000
202607101036,   2.655,9999.000,9999.000,9999.000,9999.000,9999.000,9999.000,9999.000,9999.000
202607101042,   2.650,9999.000,9999.000,9999.000,9999.000,9999.000,9999.000,9999.000,9999.000
202607101048,   2.644,9999.000,9999.000,9999.000,9999.000,9999.000,9999.000,9999.000,9999.000
202607101054,   2.635,9999.000,9999.000,9999.000,9999.000,9999.000,9999.000,9999.000,9999.000
202607101100,   2.624,9999.000,   0.600,   0.168,   3.392,   0.500,   3.292,   0.700,   3.492
202607101106,   2.612,9999.000,9999.000,9999.000,9999.000,9999.000,9999.000,9999.000,9999.000
202607101112,   2.597,9999.000,9999.000,9999.000,9999.000,9999.000,9999.000,9999.000,9999.000
202607101118,   2.581,9999.000,9999.000,9999.000,9999.000,9999.000,9999.000,9999.000,9999.000
202607101124,   2.563,9999.000,9999.000,9999.000,9999.000,9999.000,9999.000,9999.000,9999.000
202607101130,   2.543,9999.000,9999.000,9999.000,9999.000,9999.000,9999.000,9999.000,9999.000
202607101136,   2.521,9999.000,9999.000,9999.000,9999.000,9999.000,9999.000,9999.000,9999.000
202607101142,   2.496,9999.000,9999.000,9999.000,9999.000,9999.000,9999.000,9999.000,9999.000
202607101148,   2.471,9999.000,9999.000,9999.000,9999.000,9999.000,9999.000,9999.000,9999.000
202607101154,   2.443,9999.000,9999.000,9999.000,9999.000,9999.000,9999.000,9999.000,9999.000
202607101200,   2.413,9999.000,   0.600,   0.168,   3.181,   0.500,   3.081,   0.700,   3.281
202607101206,   2.381,9999.000,9999.000,9999.000,9999.000,9999.000,9999.000,9999.000,9999.000
202607101212,   2.347,9999.000,9999.000,9999.000,9999.000,9999.000,9999.000,9999.000,9999.000
202607101218,   2.311,9999.000,9999.000,9999.000,9999.000,9999.000,9999.000,9999.000,9999.000
202607101224,   2.273,9999.000,9999.000,9999.000,9999.000,9999.000,9999.000,9999.000,9999.000
202607101230,   2.233,9999.000,9999.000,9999.000,9999.000,9999.000,9999.000,9999.000,9999.000
202607101236,   2.191,9999.000,9999.000,9999.000,9999.000,9999.000,9999.000,9999.000,9999.000
202607101242,   2.147,9999.000,9999.000,9999.000,9999.000,9999.000,9999.000,9999.000,9999.000
202607101248,   2.101,9999.000,9999.000,9999.000,9999.000,9999.000,9999.000,9999.000,9999.000
202607101254,   2.053,9999.000,9999.000,9999.000,9999.000,9999.000,9999.000,9999.000,9999.000
202607101300,   2.002,9999.000,   0.600,   0.168,   2.770,   0.500,   2.670,   0.700,   2.870
202607101306,   1.950,9999.000,9999.000,9999.000,9999.000,9999.000,9999.000,9999.000,9999.000
202607101312,   1.896,9999.000,9999.000,9999.000,9999.000,9999.000,9999.000,9999.000,9999.000
202607101318,   1.840,9999.000,9999.000,9999.000,9999.000,9999.000,9999.000,9999.000,9999.000
202607101324,   1.782,9999.000,9999.000,9999.000,9999.000,9999.000,9999.000,9999.000,9999.000
202607101330,   1.722,9999.000,9999.000,9999.000,9999.000,9999.000,9999.000,9999.000,9999.000
202607101336,   1.661,9999.000,9999.000,9999.000,9999.000,9999.000,9999.000,9999.000,9999.000
202607101342,   1.598,9999.000,9999.000,9999.000,9999.000,9999.000,9999.000,9999.000,9999.000
202607101348,   1.534,9999.000,9999.000,9999.000,9999.000,9999.000,9999.000,9999.000,9999.000
202607101354,   1.469,9999.000,9999.000,9999.000,9999.000,9999.000,9999.000,9999.000,9999.000
202607101400,   1.403,9999.000,   0.600,   0.168,   2.171,   0.500,   2.071,   0.700,   2.271
202607101406,   1.336,9999.000,9999.000,9999.000,9999.000,9999.000,9999.000,9999.000,9999.000
202607101412,   1.268,9999.000,9999.000,9999.000,9999.000,9999.000,9999.000,9999.000,9999.000
202607101418,   1.201,9999.000,9999.000,9999.000,9999.000,9999.000,9999.000,9999.000,9999.000
202607101424,   1.133,9999.000,9999.000,9999.000,9999.000,9999.000,9999.000,9999.000,9999.000
202607101430,   1.065,9999.000,9999.000,9999.000,9999.000,9999.000,9999.000,9999.000,9999.000
202607101436,   0.998,9999.000,9999.000,9999.000,9999.000,9999.000,9999.000,9999.000,9999.000
202607101442,   0.931,9999.000,9999.000,9999.000,9999.000,9999.000,9999.000,9999.000,9999.000
202607101448,   0.866,9999.000,9999.000,9999.000,9999.000,9999.000,9999.000,9999.000,9999.000
202607101454,   0.802,9999.000,9999.000,9999.000,9999.000,9999.000,9999.000,9999.000,9999.000
202607101500,   0.739,9999.000,   0.600,   0.168,   1.507,   0.500,   1.407,   0.700,   1.607
202607101506,   0.679,9999.000,9999.000,9999.000,9999.000,9999.000,9999.000,9999.000,9999.000
202607101512,   0.620,9999.000,9999.000,9999.000,9999.000,9999.000,9999.000,9999.000,9999.000
202607101518,   0.564,9999.000,9999.000,9999.000,9999.000,9999.000,9999.000,9999.000,9999.000
202607101524,   0.511,9999.000,9999.000,9999.000,9999.000,9999.000,9999.000,9999.000,9999.000
202607101530,   0.461,9999.000,9999.000,9999.000,9999.000,9999.000,9999.000,9999.000,9999.000
202607101536,   0.414,9999.000,9999.000,9999.000,9999.000,9999.000,9999.000,9999.000,9999.000
202607101542,   0.370,9999.000,9999.000,9999.000,9999.000,9999.000,9999.000,9999.000,9999.000
202607101548,   0.331,9999.000,9999.000,9999.000,9999.000,9999.000,9999.000,9999.000,9999.000
202607101554,   0.295,9999.000,9999.000,9999.000,9999.000,9999.000,9999.000,9999.000,9999.000
202607101600,   0.264,9999.000,   0.600,   0.168,   1.032,   0.400,   0.832,   0.700,   1.132
202607101606,   0.236,9999.000,9999.000,9999.000,9999.000,9999.000,9999.000,9999.000,9999.000
202607101612,   0.214,9999.000,9999.000,9999.000,9999.000,9999.000,9999.000,9999.000,9999.000
202607101618,   0.196,9999.000,9999.000,9999.000,9999.000,9999.000,9999.000,9999.000,9999.000
202607101624,   0.183,9999.000,9999.000,9999.000,9999.000,9999.000,9999.000,9999.000,9999.000
202607101630,   0.174,9999.000,9999.000,9999.000,9999.000,9999.000,9999.000,9999.000,9999.000
202607101636,   0.171,9999.000,9999.000,9999.000,9999.000,9999.000,9999.000,9999.000,9999.000
202607101642,   0.173,9999.000,9999.000,9999.000,9999.000,9999.000,9999.000,9999.000,9999.000
202607101648,   0.181,9999.000,9999.000,9999.000,9999.000,9999.000,9999.000,9999.000,9999.000
202607101654,   0.193,9999.000,9999.000,9999.000,9999.000,9999.000,9999.000,9999.000,9999.000
202607101700,   0.211,9999.000,   0.600,   0.168,   0.979,   0.400,   0.779,   0.700,   1.079
202607101706,   0.234,9999.000,9999.000,9999.000,9999.000,9999.000,9999.000,9999.000,9999.000
202607101712,   0.263,9999.000,9999.000,9999.000,9999.000,9999.000,9999.000,9999.000,9999.000
202607101718,   0.296,9999.000,9999.000,9999.000,9999.000,9999.000,9999.000,9999.000,9999.000
202607101724,   0.335,9999.000,9999.000,9999.000,9999.000,9999.000,9999.000,9999.000,9999.000
202607101730,   0.379,9999.000,9999.000,9999.000,9999.000,9999.000,9999.000,9999.000,9999.000
202607101736,   0.428,9999.000,9999.000,9999.000,9999.000,9999.000,9999.000,9999.000,9999.000
202607101742,   0.482,9999.000,9999.000,9999.000,9999.000,9999.000,9999.000,9999.000,9999.000
202607101748,   0.540,9999.000,9999.000,9999.000,9999.000,9999.000,9999.000,9999.000,9999.000
202607101754,   0.602,9999.000,9999.000,9999.000,9999.000,9999.000,9999.000,9999.000,9999.000
202607101800,   0.669,9999.000,   0.500,   0.168,   1.337,   0.400,   1.237,   0.700,   1.537
202607101806,   0.740,9999.000,9999.000,9999.000,9999.000,9999.000,9999.000,9999.000,9999.000
202607101812,   0.814,9999.000,9999.000,9999.000,9999.000,9999.000,9999.000,9999.000,9999.000
202607101818,   0.892,9999.000,9999.000,9999.000,9999.000,9999.000,9999.000,9999.000,9999.000
202607101824,   0.972,9999.000,9999.000,9999.000,9999.000,9999.000,9999.000,9999.000,9999.000
202607101830,   1.056,9999.000,9999.000,9999.000,9999.000,9999.000,9999.000,9999.000,9999.000
202607101836,   1.141,9999.000,9999.000,9999.000,9999.000,9999.000,9999.000,9999.000,9999.000
202607101842,   1.229,9999.000,9999.000,9999.000,9999.000,9999.000,9999.000,9999.000,9999.000
202607101848,   1.318,9999.000,9999.000,9999.000,9999.000,9999.000,9999.000,9999.000,9999.000
202607101854,   1.408,9999.000,9999.000,9999.000,9999.000,9999.000,9999.000,9999.000,9999.000
202607101900,   1.500,9999.000,   0.500,   0.168,   2.168,   0.400,   2.068,   0.700,   2.368
202607101906,   1.591,9999.000,9999.000,9999.000,9999.000,9999.000,9999.000,9999.000,9999.000
202607101912,   1.683,9999.000,9999.000,9999.000,9999.000,9999.000,9999.000,9999.000,9999.000
202607101918,   1.775,9999.000,9999.000,9999.000,9999.000,9999.000,9999.000,9999.000,9999.000
202607101924,   1.866,9999.000,9999.000,9999.000,9999.000,9999.000,9999.000,9999.000,9999.000
202607101930,   1.957,9999.000,9999.000,9999.000,9999.000,9999.000,9999.000,9999.000,9999.000
202607101936,   2.046,9999.000,9999.000,9999.000,9999.000,9999.000,9999.000,9999.000,9999.000
202607101942,   2.134,9999.000,9999.000,9999.000,9999.000,9999.000,9999.000,9999.000,9999.000
202607101948,   2.221,9999.000,9999.000,9999.000,9999.000,9999.000,9999.000,9999.000,9999.000
202607101954,   2.306,9999.000,9999.000,9999.000,9999.000,9999.000,9999.000,9999.000,9999.000
202607102000,   2.389,9999.000,   0.500,   0.168,   3.057,   0.400,   2.957,   0.700,   3.257
202607102006,   2.470,9999.000,9999.000,9999.000,9999.000,9999.000,9999.000,9999.000,9999.000
202607102012,   2.549,9999.000,9999.000,9999.000,9999.000,9999.000,9999.000,9999.000,9999.000
202607102018,   2.625,9999.000,9999.000,9999.000,9999.000,9999.000,9999.000,9999.000,9999.000
202607102024,   2.699,9999.000,9999.000,9999.000,9999.000,9999.000,9999.000,9999.000,9999.000
202607102030,   2.770,9999.000,9999.000,9999.000,9999.000,9999.000,9999.000,9999.000,9999.000
202607102036,   2.839,9999.000,9999.000,9999.000,9999.000,9999.000,9999.000,9999.000,9999.000
202607102042,   2.904,9999.000,9999.000,9999.000,9999.000,9999.000,9999.000,9999.000,9999.000
202607102048,   2.967,9999.000,9999.000,9999.000,9999.000,9999.000,9999.000,9999.000,9999.000
202607102054,   3.028,9999.000,9999.000,9999.000,9999.000,9999.000,9999.000,9999.000,9999.000
202607102100,   3.085,9999.000,   0.500,   0.168,   3.753,   0.300,   3.553,   0.700,   3.953
202607102106,   3.139,9999.000,9999.000,9999.000,9999.000,9999.000,9999.000,9999.000,9999.000
202607102112,   3.191,9999.000,9999.000,9999.000,9999.000,9999.000,9999.000,9999.000,9999.000
202607102118,   3.239,9999.000,9999.000,9999.000,9999.000,9999.000,9999.000,9999.000,9999.000
202607102124,   3.285,9999.000,9999.000,9999.000,9999.000,9999.000,9999.000,9999.000,9999.000
202607102130,   3.327,9999.000,9999.000,9999.000,9999.000,9999.000,9999.000,9999.000,9999.000
202607102136,   3.367,9999.000,9999.000,9999.000,9999.000,9999.000,9999.000,9999.000,9999.000
202607102142,   3.403,9999.000,9999.000,9999.000,9999.000,9999.000,9999.000,9999.000,9999.000
202607102148,   3.437,9999.000,9999.000,9999.000,9999.000,9999.000,9999.000,9999.000,9999.000
202607102154,   3.468,9999.000,9999.000,9999.000,9999.000,9999.000,9999.000,9999.000,9999.000
202607102200,   3.496,9999.000,   0.500,   0.168,   4.164,   0.300,   3.964,   0.700,   4.364
202607102206,   3.521,9999.000,9999.000,9999.000,9999.000,9999.000,9999.000,9999.000,9999.000
202607102212,   3.544,9999.000,9999.000,9999.000,9999.000,9999.000,9999.000,9999.000,9999.000
202607102218,   3.563,9999.000,9999.000,9999.000,9999.000,9999.000,9999.000,9999.000,9999.000
202607102224,   3.580,9999.000,9999.000,9999.000,9999.000,9999.000,9999.000,9999.000,9999.000
202607102230,   3.594,9999.000,9999.000,9999.000,9999.000,9999.000,9999.000,9999.000,9999.000
202607102236,   3.606,9999.000,9999.000,9999.000,9999.000,9999.000,9999.000,9999.000,9999.000
202607102242,   3.615,9999.000,9999.000,9999.000,9999.000,9999.000,9999.000,9999.000,9999.000
202607102248,   3.621,9999.000,9999.000,9999.000,9999.000,9999.000,9999.000,9999.000,9999.000
202607102254,   3.626,9999.000,9999.000,9999.000,9999.000,9999.000,9999.000,9999.000,9999.000
202607102300,   3.627,9999.000,   0.500,   0.168,   4.295,   0.300,   4.095,   0.700,   4.495
202607102306,   3.627,9999.000,9999.000,9999.000,9999.000,9999.000,9999.000,9999.000,9999.000
202607102312,   3.624,9999.000,9999.000,9999.000,9999.000,9999.000,9999.000,9999.000,9999.000
202607102318,   3.618,9999.000,9999.000,9999.000,9999.000,9999.000,9999.000,9999.000,9999.000
202607102324,   3.611,9999.000,9999.000,9999.000,9999.000,9999.000,9999.000,9999.000,9999.000
202607102330,   3.602,9999.000,9999.000,9999.000,9999.000,9999.000,9999.000,9999.000,9999.000
202607102336,   3.590,9999.000,9999.000,9999.000,9999.000,9999.000,9999.000,9999.000,9999.000
202607102342,   3.576,9999.000,9999.000,9999.000,9999.000,9999.000,9999.000,9999.000,9999.000
202607102348,   3.560,9999.000,9999.000,9999.000,9999.000,9999.000,9999.000,9999.000,9999.000
202607102354,   3.542,9999.000,9999.000,9999.000,9999.000,9999.000,9999.000,9999.000,9999.000
202607110000,   3.522,9999.000,   0.500,   0.168,   4.190,   0.300,   3.990,   0.700,   4.390
202607110006,   3.501,9999.000,9999.000,9999.000,9999.000,9999.000,9999.000,9999.000,9999.000
202607110012,   3.476,9999.000,9999.000,9999.000,9999.000,9999.000,9999.000,9999.000,9999.000
202607110018,   3.450,9999.000,9999.000,9999.000,9999.000,9999.000,9999.000,9999.000,9999.000
202607110024,   3.422,9999.000,9999.000,9999.000,9999.000,9999.000,9999.000,9999.000,9999.000
202607110030,   3.392,9999.000,9999.000,9999.000,9999.000,9999.000,9999.000,9999.000,9999.000
202607110036,   3.360,9999.000,9999.000,9999.000,9999.000,9999.000,9999.000,9999.000,9999.000
202607110042,   3.325,9999.000,9999.000,9999.000,9999.000,9999.000,9999.000,9999.000,9999.000
202607110048,   3.289,9999.000,9999.000,9999.000,9999.000,9999.000,9999.000,9999.000,9999.000
202607110054,   3.250,9999.000,9999.000,9999.000,9999.000,9999.000,9999.000,9999.000,9999.000
202607110100,   3.209,9999.000,   0.500,   0.168,   3.877,   0.300,   3.677,   0.700,   4.077
202607110106,   3.166,9999.000,9999.000,9999.000,9999.000,9999.000,9999.000,9999.000,9999.000
202607110112,   3.120,9999.000,9999.000,9999.000,9999.000,9999.000,9999.000,9999.000,9999.000
202607110118,   3.073,9999.000,9999.000,9999.000,9999.000,9999.000,9999.000,9999.000,9999.000
202607110124,   3.023,9999.000,9999.000,9999.000,9999.000,9999.000,9999.000,9999.000,9999.000
202607110130,   2.971,9999.000,9999.000,9999.000,9999.000,9999.000,9999.000,9999.000,9999.000
202607110136,   2.916,9999.000,9999.000,9999.000,9999.000,9999.000,9999.000,9999.000,9999.000
202607110142,   2.860,9999.000,9999.000,9999.000,9999.000,9999.000,9999.000,9999.000,9999.000
202607110148,   2.801,9999.000,9999.000,9999.000,9999.000,9999.000,9999.000,9999.000,9999.000
202607110154,   2.740,9999.000,9999.000,9999.000,9999.000,9999.000,9999.000,9999.000,9999.000
202607110200,   2.677,9999.000,   0.500,   0.168,   3.345,   0.300,   3.145,   0.700,   3.545
202607110206,   2.612,9999.000,9999.000,9999.000,9999.000,9999.000,9999.000,9999.000,9999.000
202607110212,   2.545,9999.000,9999.000,9999.000,9999.000,9999.000,9999.000,9999.000,9999.000
202607110218,   2.476,9999.000,9999.000,9999.000,9999.000,9999.000,9999.000,9999.000,9999.000
202607110224,   2.405,9999.000,9999.000,9999.000,9999.000,9999.000,9999.000,9999.000,9999.000
202607110230,   2.333,9999.000,9999.000,9999.000,9999.000,9999.000,9999.000,9999.000,9999.000
202607110236,   2.259,9999.000,9999.000,9999.000,9999.000,9999.000,9999.000,9999.000,9999.000
202607110242,   2.184,9999.000,9999.000,9999.000,9999.000,9999.000,9999.000,9999.000,9999.000
202607110248,   2.108,9999.000,9999.000,9999.000,9999.000,9999.000,9999.000,9999.000,9999.000
202607110254,   2.030,9999.000,9999.000,9999.000,9999.000,9999.000,9999.000,9999.000,9999.000
202607110300,   1.953,9999.000,   0.500,   0.168,   2.621,   0.300,   2.421,   0.700,   2.821
202607110306,   1.875,9999.000,9999.000,9999.000,9999.000,9999.000,9999.000,9999.000,9999.000
202607110312,   1.796,9999.000,9999.000,9999.000,9999.000,9999.000,9999.000,9999.000,9999.000
202607110318,   1.717,9999.000,9999.000,9999.000,9999.000,9999.000,9999.000,9999.000,9999.000
202607110324,   1.639,9999.000,9999.000,9999.000,9999.000,9999.000,9999.000,9999.000,9999.000
202607110330,   1.560,9999.000,9999.000,9999.000,9999.000,9999.000,9999.000,9999.000,9999.000
202607110336,   1.483,9999.000,9999.000,9999.000,9999.000,9999.000,9999.000,9999.000,9999.000
202607110342,   1.406,9999.000,9999.000,9999.000,9999.000,9999.000,9999.000,9999.000,9999.000
202607110348,   1.330,9999.000,9999.000,9999.000,9999.000,9999.000,9999.000,9999.000,9999.000
202607110354,   1.256,9999.000,9999.000,9999.000,9999.000,9999.000,9999.000,9999.000,9999.000
202607110400,   1.183,9999.000,   0.500,   0.168,   1.851,   0.400,   1.751,   0.700,   2.051
202607110406,   1.112,9999.000,9999.000,9999.000,9999.000,9999.000,9999.000,9999.000,9999.000
202607110412,   1.043,9999.000,9999.000,9999.000,9999.000,9999.000,9999.000,9999.000,9999.000
202607110418,   0.977,9999.000,9999.000,9999.000,9999.000,9999.000,9999.000,9999.000,9999.000
202607110424,   0.913,9999.000,9999.000,9999.000,9999.000,9999.000,9999.000,9999.000,9999.000
202607110430,   0.851,9999.000,9999.000,9999.000,9999.000,9999.000,9999.000,9999.000,9999.000
202607110436,   0.793,9999.000,9999.000,9999.000,9999.000,9999.000,9999.000,9999.000,9999.000
202607110442,   0.738,9999.000,9999.000,9999.000,9999.000,9999.000,9999.000,9999.000,9999.000
202607110448,   0.686,9999.000,9999.000,9999.000,9999.000,9999.000,9999.000,9999.000,9999.000
202607110454,   0.638,9999.000,9999.000,9999.000,9999.000,9999.000,9999.000,9999.000,9999.000
202607110500,   0.593,9999.000,   0.500,   0.168,   1.261,   0.400,   1.161,   0.700,   1.461
202607110506,   0.553,9999.000,9999.000,9999.000,9999.000,9999.000,9999.000,9999.000,9999.000
202607110512,   0.517,9999.000,9999.000,9999.000,9999.000,9999.000,9999.000,9999.000,9999.000
202607110518,   0.485,9999.000,9999.000,9999.000,9999.000,9999.000,9999.000,9999.000,9999.000
202607110524,   0.457,9999.000,9999.000,9999.000,9999.000,9999.000,9999.000,9999.000,9999.000
202607110530,   0.435,9999.000,9999.000,9999.000,9999.000,9999.000,9999.000,9999.000,9999.000
202607110536,   0.416,9999.000,9999.000,9999.000,9999.000,9999.000,9999.000,9999.000,9999.000
202607110542,   0.403,9999.000,9999.000,9999.000,9999.000,9999.000,9999.000,9999.000,9999.000
202607110548,   0.395,9999.000,9999.000,9999.000,9999.000,9999.000,9999.000,9999.000,9999.000
202607110554,   0.392,9999.000,9999.000,9999.000,9999.000,9999.000,9999.000,9999.000,9999.000
202607110600,   0.393,9999.000,   0.500,   0.168,   1.061,   0.400,   0.961,   0.700,   1.261
202607110606,   0.400,9999.000,9999.000,9999.000,9999.000,9999.000,9999.000,9999.000,9999.000
202607110612,   0.411,9999.000,9999.000,9999.000,9999.000,9999.000,9999.000,9999.000,9999.000
202607110618,   0.428,9999.000,9999.000,9999.000,9999.000,9999.000,9999.000,9999.000,9999.000
202607110624,   0.449,9999.000,9999.000,9999.000,9999.000,9999.000,9999.000,9999.000,9999.000
202607110630,   0.475,9999.000,9999.000,9999.000,9999.000,9999.000,9999.000,9999.000,9999.000
202607110636,   0.506,9999.000,9999.000,9999.000,9999.000,9999.000,9999.000,9999.000,9999.000
202607110642,   0.541,9999.000,9999.000,9999.000,9999.000,9999.000,9999.000,9999.000,9999.000
202607110648,   0.580,9999.000,9999.000,9999.000,9999.000,9999.000,9999.000,9999.000,9999.000
202607110654,   0.623,9999.000,9999.000,9999.000,9999.000,9999.000,9999.000,9999.000,9999.000
202607110700,   0.670,9999.000,   0.500,   0.168,   1.338,   0.400,   1.238,   0.700,   1.538
202607110706,   0.720,9999.000,9999.000,9999.000,9999.000,9999.000,9999.000,9999.000,9999.000
202607110712,   0.774,9999.000,9999.000,9999.000,9999.000,9999.000,9999.000,9999.000,9999.000
202607110718,   0.830,9999.000,9999.000,9999.000,9999.000,9999.000,9999.000,9999.000,9999.000
202607110724,   0.889,9999.000,9999.000,9999.000,9999.000,9999.000,9999.000,9999.000,9999.000
202607110730,   0.950,9999.000,9999.000,9999.000,9999.000,9999.000,9999.000,9999.000,9999.000
202607110736,   1.013,9999.000,9999.000,9999.000,9999.000,9999.000,9999.000,9999.000,9999.000
202607110742,   1.078,9999.000,9999.000,9999.000,9999.000,9999.000,9999.000,9999.000,9999.000
202607110748,   1.144,9999.000,9999.000,9999.000,9999.000,9999.000,9999.000,9999.000,9999.000
202607110754,   1.211,9999.000,9999.000,9999.000,9999.000,9999.000,9999.000,9999.000,9999.000
202607110800,   1.279,9999.000,   0.500,   0.168,   1.947,   0.400,   1.847,   0.700,   2.147
202607110806,   1.347,9999.000,9999.000,9999.000,9999.000,9999.000,9999.000,9999.000,9999.000
202607110812,   1.415,9999.000,9999.000,9999.000,9999.000,9999.000,9999.000,9999.000,9999.000
202607110818,   1.483,9999.000,9999.000,9999.000,9999.000,9999.000,9999.000,9999.000,9999.000
202607110824,   1.551,9999.000,9999.000,9999.000,9999.000,9999.000,9999.000,9999.000,9999.000
202607110830,   1.618,9999.000,9999.000,9999.000,9999.000,9999.000,9999.000,9999.000,9999.000
202607110836,   1.684,9999.000,9999.000,9999.000,9999.000,9999.000,9999.000,9999.000,9999.000
202607110842,   1.750,9999.000,9999.000,9999.000,9999.000,9999.000,9999.000,9999.000,9999.000
202607110848,   1.814,9999.000,9999.000,9999.000,9999.000,9999.000,9999.000,9999.000,9999.000
202607110854,   1.876,9999.000,9999.000,9999.000,9999.000,9999.000,9999.000,9999.000,9999.000
202607110900,   1.939,9999.000,   0.500,   0.168,   2.607,   0.300,   2.407,   0.700,   2.807
202607110906,   1.997,9999.000,9999.000,9999.000,9999.000,9999.000,9999.000,9999.000,9999.000
202607110912,   2.054,9999.000,9999.000,9999.000,9999.000,9999.000,9999.000,9999.000,9999.000
202607110918,   2.110,9999.000,9999.000,9999.000,9999.000,9999.000,9999.000,9999.000,9999.000
202607110924,   2.163,9999.000,9999.000,9999.000,9999.000,9999.000,9999.000,9999.000,9999.000
202607110930,   2.214,9999.000,9999.000,9999.000,9999.000,9999.000,9999.000,9999.000,9999.000
202607110936,   2.263,9999.000,9999.000,9999.000,9999.000,9999.000,9999.000,9999.000,9999.000
202607110942,   2.309,9999.000,9999.000,9999.000,9999.000,9999.000,9999.000,9999.000,9999.000
202607110948,   2.353,9999.000,9999.000,9999.000,9999.000,9999.000,9999.000,9999.000,9999.000
202607110954,   2.395,9999.000,9999.000,9999.000,9999.000,9999.000,9999.000,9999.000,9999.000
202607111000,   2.434,9999.000,   0.500,   0.168,   3.102,   0.300,   2.902,   0.700,   3.302
202607111006,   2.470,9999.000,9999.000,9999.000,9999.000,9999.000,9999.000,9999.000,9999.000
202607111012,   2.504,9999.000,9999.000,9999.000,9999.000,9999.000,9999.000,9999.000,9999.000
202607111018,   2.535,9999.000,9999.000,9999.000,9999.000,9999.000,9999.000,9999.000,9999.000
202607111024,   2.563,9999.000,9999.000,9999.000,9999.000,9999.000,9999.000,9999.000,9999.000
202607111030,   2.589,9999.000,9999.000,9999.000,9999.000,9999.000,9999.000,9999.000,9999.000
202607111036,   2.612,9999.000,9999.000,9999.000,9999.000,9999.000,9999.000,9999.000,9999.000
202607111042,   2.633,9999.000,9999.000,9999.000,9999.000,9999.000,9999.000,9999.000,9999.000
202607111048,   2.651,9999.000,9999.000,9999.000,9999.000,9999.000,9999.000,9999.000,9999.000
202607111054,   2.667,9999.000,9999.000,9999.000,9999.000,9999.000,9999.000,9999.000,9999.000
202607111100,   2.680,9999.000,   0.500,   0.168,   3.348,   0.300,   3.148,   0.700,   3.548
202607111106,   2.691,9999.000,9999.000,9999.000,9999.000,9999.000,9999.000,9999.000,9999.000
202607111112,   2.700,9999.000,9999.000,9999.000,9999.000,9999.000,9999.000,9999.000,9999.000
202607111118,   2.706,9999.000,9999.000,9999.000,9999.000,9999.000,9999.000,9999.000,9999.000
202607111124,   2.710,9999.000,9999.000,9999.000,9999.000,9999.000,9999.000,9999.000,9999.000
202607111130,   2.712,9999.000,9999.000,9999.000,9999.000,9999.000,9999.000,9999.000,9999.000
202607111136,   2.712,9999.000,9999.000,9999.000,9999.000,9999.000,9999.000,9999.000,9999.000
202607111142,   2.709,9999.000,9999.000,9999.000,9999.000,9999.000,9999.000,9999.000,9999.000
202607111148,   2.704,9999.000,9999.000,9999.000,9999.000,9999.000,9999.000,9999.000,9999.000
202607111154,   2.697,9999.000,9999.000,9999.000,9999.000,9999.000,9999.000,9999.000,9999.000
202607111200,   2.688,9999.000,   0.500,   0.168,   3.356,   0.300,   3.156,   0.700,   3.556
202607111206,   2.676,9999.000,9999.000,9999.000,9999.000,9999.000,9999.000,9999.000,9999.000
202607111212,   2.663,9999.000,9999.000,9999.000,9999.000,9999.000,9999.000,9999.000,9999.000
202607111218,   2.647,9999.000,9999.000,9999.000,9999.000,9999.000,9999.000,9999.000,9999.000
202607111224,   2.630,9999.000,9999.000,9999.000,9999.000,9999.000,9999.000,9999.000,9999.000
202607111230,   2.610,9999.000,9999.000,9999.000,9999.000,9999.000,9999.000,9999.000,9999.000
202607111236,   2.588,9999.000,9999.000,9999.000,9999.000,9999.000,9999.000,9999.000,9999.000
202607111242,   2.564,9999.000,9999.000,9999.000,9999.000,9999.000,9999.000,9999.000,9999.000
202607111248,   2.538,9999.000,9999.000,9999.000,9999.000,9999.000,9999.000,9999.000,9999.000
202607111254,   2.509,9999.000,9999.000,9999.000,9999.000,9999.000,9999.000,9999.000,9999.000
202607111300,   2.479,9999.000,   0.500,   0.168,   3.147,   0.300,   2.947,   0.700,   3.347
202607111306,   2.446,9999.000,9999.000,9999.000,9999.000,9999.000,9999.000,9999.000,9999.000
202607111312,   2.411,9999.000,9999.000,9999.000,9999.000,9999.000,9999.000,9999.000,9999.000
202607111318,   2.374,9999.000,9999.000,9999.000,9999.000,9999.000,9999.000,9999.000,9999.000
202607111324,   2.335,9999.000,9999.000,9999.000,9999.000,9999.000,9999.000,9999.000,9999.000
202607111330,   2.294,9999.000,9999.000,9999.000,9999.000,9999.000,9999.000,9999.000,9999.000
202607111336,   2.250,9999.000,9999.000,9999.000,9999.000,9999.000,9999.000,9999.000,9999.000
202607111342,   2.204,9999.000,9999.000,9999.000,9999.000,9999.000,9999.000,9999.000,9999.000
202607111348,   2.156,9999.000,9999.000,9999.000,9999.000,9999.000,9999.000,9999.000,9999.000
202607111354,   2.105,9999.000,9999.000,9999.000,9999.000,9999.000,9999.000,9999.000,9999.000
202607111400,   2.052,9999.000,   0.500,   0.168,   2.720,   0.400,   2.620,   0.700,   2.920
202607111406,   1.997,9999.000,9999.000,9999.000,9999.000,9999.000,9999.000,9999.000,9999.000
202607111412,   1.940,9999.000,9999.000,9999.000,9999.000,9999.000,9999.000,9999.000,9999.000
202607111418,   1.881,9999.000,9999.000,9999.000,9999.000,9999.000,9999.000,9999.000,9999.000
202607111424,   1.819,9999.000,9999.000,9999.000,9999.000,9999.000,9999.000,9999.000,9999.000
202607111430,   1.756,9999.000,9999.000,9999.000,9999.000,9999.000,9999.000,9999.000,9999.000
202607111436,   1.691,9999.000,9999.000,9999.000,9999.000,9999.000,9999.000,9999.000,9999.000
202607111442,   1.624,9999.000,9999.000,9999.000,9999.000,9999.000,9999.000,9999.000,9999.000
202607111448,   1.556,9999.000,9999.000,9999.000,9999.000,9999.000,9999.000,9999.000,9999.000
202607111454,   1.487,9999.000,9999.000,9999.000,9999.000,9999.000,9999.000,9999.000,9999.000
202607111500,   1.416,9999.000,   0.500,   0.168,   2.084,   0.400,   1.984,   0.700,   2.284
202607111506,   1.344,9999.000,9999.000,9999.000,9999.000,9999.000,9999.000,9999.000,9999.000
202607111512,   1.272,9999.000,9999.000,9999.000,9999.000,9999.000,9999.000,9999.000,9999.000
202607111518,   1.199,9999.000,9999.000,9999.000,9999.000,9999.000,9999.000,9999.000,9999.000
202607111524,   1.126,9999.000,9999.000,9999.000,9999.000,9999.000,9999.000,9999.000,9999.000
202607111530,   1.053,9999.000,9999.000,9999.000,9999.000,9999.000,9999.000,9999.000,9999.000
202607111536,   0.981,9999.000,9999.000,9999.000,9999.000,9999.000,9999.000,9999.000,9999.000
202607111542,   0.909,9999.000,9999.000,9999.000,9999.000,9999.000,9999.000,9999.000,9999.000
202607111548,   0.838,9999.000,9999.000,9999.000,9999.000,9999.000,9999.000,9999.000,9999.000
202607111554,   0.768,9999.000,9999.000,9999.000,9999.000,9999.000,9999.000,9999.000,9999.000
202607111600,   0.700,9999.000,   0.600,   0.168,   1.468,   0.400,   1.268,   0.700,   1.568
202607111606,   0.633,9999.000,9999.000,9999.000,9999.000,9999.000,9999.000,9999.000,9999.000
202607111612,   0.569,9999.000,9999.000,9999.000,9999.000,9999.000,9999.000,9999.000,9999.000
202607111618,   0.508,9999.000,9999.000,9999.000,9999.000,9999.000,9999.000,9999.000,9999.000
202607111624,   0.449,9999.000,9999.000,9999.000,9999.000,9999.000,9999.000,9999.000,9999.000
202607111630,   0.393,9999.000,9999.000,9999.000,9999.000,9999.000,9999.000,9999.000,9999.000
202607111636,   0.341,9999.000,9999.000,9999.000,9999.000,9999.000,9999.000,9999.000,9999.000
202607111642,   0.292,9999.000,9999.000,9999.000,9999.000,9999.000,9999.000,9999.000,9999.000
202607111648,   0.248,9999.000,9999.000,9999.000,9999.000,9999.000,9999.000,9999.000,9999.000
202607111654,   0.207,9999.000,9999.000,9999.000,9999.000,9999.000,9999.000,9999.000,9999.000
202607111700,   0.171,9999.000,   0.600,   0.168,   0.939,   0.500,   0.839,   0.700,   1.039
202607111706,   0.140,9999.000,9999.000,9999.000,9999.000,9999.000,9999.000,9999.000,9999.000
202607111712,   0.113,9999.000,9999.000,9999.000,9999.000,9999.000,9999.000,9999.000,9999.000
202607111718,   0.092,9999.000,9999.000,9999.000,9999.000,9999.000,9999.000,9999.000,9999.000
202607111724,   0.076,9999.000,9999.000,9999.000,9999.000,9999.000,9999.000,9999.000,9999.000
202607111730,   0.065,9999.000,9999.000,9999.000,9999.000,9999.000,9999.000,9999.000,9999.000
202607111736,   0.059,9999.000,9999.000,9999.000,9999.000,9999.000,9999.000,9999.000,9999.000
202607111742,   0.059,9999.000,9999.000,9999.000,9999.000,9999.000,9999.000,9999.000,9999.000
202607111748,   0.065,9999.000,9999.000,9999.000,9999.000,9999.000,9999.000,9999.000,9999.000
202607111754,   0.077,9999.000,9999.000,9999.000,9999.000,9999.000,9999.000,9999.000,9999.000
202607111800,   0.094,9999.000,   0.600,   0.168,   0.862,   0.500,   0.762,   0.800,   1.062
202607111806,   0.117,9999.000,9999.000,9999.000,9999.000,9999.000,9999.000,9999.000,9999.000
202607111812,   0.145,9999.000,9999.000,9999.000,9999.000,9999.000,9999.000,9999.000,9999.000
202607111818,   0.180,9999.000,9999.000,9999.000,9999.000,9999.000,9999.000,9999.000,9999.000
202607111824,   0.219,9999.000,9999.000,9999.000,9999.000,9999.000,9999.000,9999.000,9999.000
202607111830,   0.264,9999.000,9999.000,9999.000,9999.000,9999.000,9999.000,9999.000,9999.000
202607111836,   0.315,9999.000,9999.000,9999.000,9999.000,9999.000,9999.000,9999.000,9999.000
202607111842,   0.370,9999.000,9999.000,9999.000,9999.000,9999.000,9999.000,9999.000,9999.000
202607111848,   0.430,9999.000,9999.000,9999.000,9999.000,9999.000,9999.000,9999.000,9999.000
202607111854,   0.495,9999.000,9999.000,9999.000,9999.000,9999.000,9999.000,9999.000,9999.000
202607111900,   0.565,9999.000,   0.600,   0.168,   1.333,   0.500,   1.233,   0.800,   1.533
202607111906,   0.638,9999.000,9999.000,9999.000,9999.000,9999.000,9999.000,9999.000,9999.000
202607111912,   0.715,9999.000,9999.000,9999.000,9999.000,9999.000,9999.000,9999.000,9999.000
202607111918,   0.796,9999.000,9999.000,9999.000,9999.000,9999.000,9999.000,9999.000,9999.000
202607111924,   0.879,9999.000,9999.000,9999.000,9999.000,9999.000,9999.000,9999.000,9999.000
202607111930,   0.966,9999.000,9999.000,9999.000,9999.000,9999.000,9999.000,9999.000,9999.000
202607111936,   1.055,9999.000,9999.000,9999.000,9999.000,9999.000,9999.000,9999.000,9999.000
202607111942,   1.146,9999.000,9999.000,9999.000,9999.000,9999.000,9999.000,9999.000,9999.000
202607111948,   1.239,9999.000,9999.000,9999.000,9999.000,9999.000,9999.000,9999.000,9999.000
202607111954,   1.333,9999.000,9999.000,9999.000,9999.000,9999.000,9999.000,9999.000,9999.000
202607112000,   1.428,9999.000,   0.600,   0.168,   2.196,   0.500,   2.096,   0.800,   2.396
202607112006,   1.524,9999.000,9999.000,9999.000,9999.000,9999.000,9999.000,9999.000,9999.000
202607112012,   1.621,9999.000,9999.000,9999.000,9999.000,9999.000,9999.000,9999.000,9999.000
202607112018,   1.717,9999.000,9999.000,9999.000,9999.000,9999.000,9999.000,9999.000,9999.000
202607112024,   1.813,9999.000,9999.000,9999.000,9999.000,9999.000,9999.000,9999.000,9999.000
202607112030,   1.909,9999.000,9999.000,9999.000,9999.000,9999.000,9999.000,9999.000,9999.000
202607112036,   2.004,9999.000,9999.000,9999.000,9999.000,9999.000,9999.000,9999.000,9999.000
202607112042,   2.098,9999.000,9999.000,9999.000,9999.000,9999.000,9999.000,9999.000,9999.000
202607112048,   2.191,9999.000,9999.000,9999.000,9999.000,9999.000,9999.000,9999.000,9999.000
202607112054,   2.282,9999.000,9999.000,9999.000,9999.000,9999.000,9999.000,9999.000,9999.000
202607112100,   2.372,9999.000,   0.600,   0.168,   3.140,   0.500,   3.040,   0.900,   3.440
202607112106,   2.460,9999.000,9999.000,9999.000,9999.000,9999.000,9999.000,9999.000,9999.000
202607112112,   2.546,9999.000,9999.000,9999.000,9999.000,9999.000,9999.000,9999.000,9999.000
202607112118,   2.629,9999.000,9999.000,9999.000,9999.000,9999.000,9999.000,9999.000,9999.000
202607112124,   2.710,9999.000,9999.000,9999.000,9999.000,9999.000,9999.000,9999.000,9999.000
202607112130,   2.789,9999.000,9999.000,9999.000,9999.000,9999.000,9999.000,9999.000,9999.000
202607112136,   2.865,9999.000,9999.000,9999.000,9999.000,9999.000,9999.000,9999.000,9999.000
202607112142,   2.939,9999.000,9999.000,9999.000,9999.000,9999.000,9999.000,9999.000,9999.000
202607112148,   3.009,9999.000,9999.000,9999.000,9999.000,9999.000,9999.000,9999.000,9999.000
202607112154,   3.077,9999.000,9999.000,9999.000,9999.000,9999.000,9999.000,9999.000,9999.000
202607112200,   3.142,9999.000,   0.700,   0.168,   4.010,   0.500,   3.810,   0.900,   4.210
202607112206,   3.203,9999.000,9999.000,9999.000,9999.000,9999.000,9999.000,9999.000,9999.000
202607112212,   3.262,9999.000,9999.000,9999.000,9999.000,9999.000,9999.000,9999.000,9999.000
202607112218,   3.317,9999.000,9999.000,9999.000,9999.000,9999.000,9999.000,9999.000,9999.000
202607112224,   3.369,9999.000,9999.000,9999.000,9999.000,9999.000,9999.000,9999.000,9999.000
202607112230,   3.418,9999.000,9999.000,9999.000,9999.000,9999.000,9999.000,9999.000,9999.000
202607112236,   3.464,9999.000,9999.000,9999.000,9999.000,9999.000,9999.000,9999.000,9999.000
202607112242,   3.506,9999.000,9999.000,9999.000,9999.000,9999.000,9999.000,9999.000,9999.000
202607112248,   3.545,9999.000,9999.000,9999.000,9999.000,9999.000,9999.000,9999.000,9999.000
202607112254,   3.581,9999.000,9999.000,9999.000,9999.000,9999.000,9999.000,9999.000,9999.000
202607112300,   3.613,9999.000,   0.700,   0.168,   4.481,   0.500,   4.281,   0.900,   4.681
202607112306,   3.643,9999.000,9999.000,9999.000,9999.000,9999.000,9999.000,9999.000,9999.000
202607112312,   3.669,9999.000,9999.000,9999.000,9999.000,9999.000,9999.000,9999.000,9999.000
202607112318,   3.692,9999.000,9999.000,9999.000,9999.000,9999.000,9999.000,9999.000,9999.000
202607112324,   3.713,9999.000,9999.000,9999.000,9999.000,9999.000,9999.000,9999.000,9999.000
202607112330,   3.730,9999.000,9999.000,9999.000,9999.000,9999.000,9999.000,9999.000,9999.000
202607112336,   3.744,9999.000,9999.000,9999.000,9999.000,9999.000,9999.000,9999.000,9999.000
202607112342,   3.756,9999.000,9999.000,9999.000,9999.000,9999.000,9999.000,9999.000,9999.000
202607112348,   3.764,9999.000,9999.000,9999.000,9999.000,9999.000,9999.000,9999.000,9999.000
202607112354,   3.770,9999.000,9999.000,9999.000,9999.000,9999.000,9999.000,9999.000,9999.000
202607120000,   3.774,9999.000,   0.700,   0.168,   4.642,   0.500,   4.442,   0.900,   4.842
