        TIME,    TIDE,      OB,   SURGE,    BIAS,     TWL,SURGE90p,  TWL90p,SURGE10p,   TWL10p
202606051800,   1.224,   1.918,   0.500,   0.194,   1.918,   0.500,   1.918,   0.500,   1.918
202606051806,   1.300,9999.000,9999.000,9999.000,9999.000,9999.000,9999.000,9999.000,9999.000
202606051812,   1.376,   2.000,9999.000,9999.000,9999.000,9999.000,9999.000,9999.000,9999.000
202606051818,   1.452,9999.000,9999.000,9999.000,9999.000,9999.000,9999.000,9999.000,9999.000
202606051824,   1.529,   2.210,9999.000,9999.000,9999.000,9999.000,9999.000,9999.000,9999.000
202606051830,   1.606,9999.000,9999.000,9999.000,9999.000,9999.000,9999.000,9999.000,9999.000
202606051836,   1.683,   2.377,9999.000,9999.000,9999.000,9999.000,9999.000,9999.000,9999.000
202606051842,   1.760,9999.000,9999.000,9999.000,9999.000,9999.000,9999.000,9999.000,9999.000
202606051848,   1.836,   2.377,9999.000,9999.000,9999.000,9999.000,9999.000,9999.000,9999.000
202606051854,   1.912,9999.000,9999.000,9999.000,9999.000,9999.000,9999.000,9999.000,9999.000
202606051900,   1.987,   2.758,   0.500,   0.271,   2.758,   0.400,   2.658,   0.500,   2.758
202606051906,   2.061,   2.597,9999.000,9999.000,9999.000,9999.000,9999.000,9999.000,9999.000
202606051912,   2.134,   2.778,9999.000,9999.000,9999.000,9999.000,9999.000,9999.000,9999.000
202606051918,   2.206,   2.997,9999.000,9999.000,9999.000,9999.000,9999.000,9999.000,9999.000
202606051924,   2.277,   2.850,9999.000,9999.000,9999.000,9999.000,9999.000,9999.000,9999.000
202606051930,   2.347,   3.017,9999.000,9999.000,9999.000,9999.000,9999.000,9999.000,9999.000
202606051936,   2.415,   2.968,9999.000,9999.000,9999.000,9999.000,9999.000,9999.000,9999.000
202606051942,   2.482,   3.109,9999.000,9999.000,9999.000,9999.000,9999.000,9999.000,9999.000
202606051948,   2.547,   3.070,9999.000,9999.000,9999.000,9999.000,9999.000,9999.000,9999.000
202606051954,   2.610,   3.289,9999.000,9999.000,9999.000,9999.000,9999.000,9999.000,9999.000
202606052000,   2.672,   3.329,   0.500,   0.157,   3.329,   0.500,   3.329,   0.600,   3.429
202606052006,   2.731,   3.289,9999.000,9999.000,9999.000,9999.000,9999.000,9999.000,9999.000
202606052012,   2.789,   3.319,9999.000,9999.000,9999.000,9999.000,9999.000,9999.000,9999.000
202606052018,   2.844,   3.509,9999.000,9999.000,9999.000,9999.000,9999.000,9999.000,9999.000
202606052024,   2.898,   3.348,9999.000,9999.000,9999.000,9999.000,9999.000,9999.000,9999.000
202606052030,   2.949,   3.650,9999.000,9999.000,9999.000,9999.000,9999.000,9999.000,9999.000
202606052036,   2.998,   3.539,9999.000,9999.000,9999.000,9999.000,9999.000,9999.000,9999.000
202606052042,   3.044,   3.670,9999.000,9999.000,9999.000,9999.000,9999.000,9999.000,9999.000
202606052048,   3.088,   3.637,9999.000,9999.000,9999.000,9999.000,9999.000,9999.000,9999.000
202606052054,   3.130,   3.689,9999.000,9999.000,9999.000,9999.000,9999.000,9999.000,9999.000
202606052100,   3.169,   3.788,   0.600,   0.019,   3.788,   0.600,   3.788,   0.600,   3.788
202606052106,   3.206,   3.749,9999.000,9999.000,9999.000,9999.000,9999.000,9999.000,9999.000
202606052112,   3.240,   3.798,9999.000,9999.000,9999.000,9999.000,9999.000,9999.000,9999.000
202606052118,   3.271,   3.827,9999.000,9999.000,9999.000,9999.000,9999.000,9999.000,9999.000
202606052124,   3.300,   3.880,9999.000,9999.000,9999.000,9999.000,9999.000,9999.000,9999.000
202606052130,   3.327,   3.827,9999.000,9999.000,9999.000,9999.000,9999.000,9999.000,9999.000
202606052136,   3.350,   3.939,9999.000,9999.000,9999.000,9999.000,9999.000,9999.000,9999.000
202606052142,   3.371,   3.880,9999.000,9999.000,9999.000,9999.000,9999.000,9999.000,9999.000
202606052148,   3.390,   3.880,9999.000,9999.000,9999.000,9999.000,9999.000,9999.000,9999.000
202606052154,   3.406,   3.817,9999.000,9999.000,9999.000,9999.000,9999.000,9999.000,9999.000
202606052200,   3.420,   3.939,   0.500,   0.019,   3.939,   0.500,   3.939,   0.600,   4.039
202606052206,   3.431,   3.929,9999.000,9999.000,9999.000,9999.000,9999.000,9999.000,9999.000
202606052212,   3.440,   3.909,9999.000,9999.000,9999.000,9999.000,9999.000,9999.000,9999.000
202606052218,   3.447,   4.080,9999.000,9999.000,9999.000,9999.000,9999.000,9999.000,9999.000
202606052224,   3.451,   3.939,9999.000,9999.000,9999.000,9999.000,9999.000,9999.000,9999.000
202606052230,   3.454,   3.968,9999.000,9999.000,9999.000,9999.000,9999.000,9999.000,9999.000
202606052236,   3.454,   3.919,9999.000,9999.000,9999.000,9999.000,9999.000,9999.000,9999.000
202606052242,   3.453,   4.070,9999.000,9999.000,9999.000,9999.000,9999.000,9999.000,9999.000
202606052248,   3.450,   3.939,9999.000,9999.000,9999.000,9999.000,9999.000,9999.000,9999.000
202606052254,   3.446,   3.968,9999.000,9999.000,9999.000,9999.000,9999.000,9999.000,9999.000
202606052300,   3.440,   3.939,   0.500,  -0.001,   3.939,   0.500,   3.939,   0.500,   3.939
202606052306,   3.432,   3.909,9999.000,9999.000,9999.000,9999.000,9999.000,9999.000,9999.000
202606052312,   3.424,   4.027,9999.000,9999.000,9999.000,9999.000,9999.000,9999.000,9999.000
202606052318,   3.414,   3.949,9999.000,9999.000,9999.000,9999.000,9999.000,9999.000,9999.000
202606052324,   3.403,   3.909,9999.000,9999.000,9999.000,9999.000,9999.000,9999.000,9999.000
202606052330,   3.392,   3.880,9999.000,9999.000,9999.000,9999.000,9999.000,9999.000,9999.000
202606052336,   3.379,   3.890,9999.000,9999.000,9999.000,9999.000,9999.000,9999.000,9999.000
202606052342,   3.366,   3.919,9999.000,9999.000,9999.000,9999.000,9999.000,9999.000,9999.000
202606052348,   3.352,   3.837,9999.000,9999.000,9999.000,9999.000,9999.000,9999.000,9999.000
202606052354,   3.338,   3.880,9999.000,9999.000,9999.000,9999.000,9999.000,9999.000,9999.000
202606060000,   3.324,   3.719,   0.500,  -0.105,   3.719,   0.500,   3.719,   0.600,   3.819
202606060006,   3.309,   3.837,9999.000,9999.000,9999.000,9999.000,9999.000,9999.000,9999.000
202606060012,   3.294,   3.680,9999.000,9999.000,9999.000,9999.000,9999.000,9999.000,9999.000
202606060018,   3.278,   3.880,9999.000,9999.000,9999.000,9999.000,9999.000,9999.000,9999.000
202606060024,   3.263,   3.739,9999.000,9999.000,9999.000,9999.000,9999.000,9999.000,9999.000
202606060030,   3.248,   3.680,9999.000,9999.000,9999.000,9999.000,9999.000,9999.000,9999.000
202606060036,   3.233,   3.847,9999.000,9999.000,9999.000,9999.000,9999.000,9999.000,9999.000
202606060042,   3.218,   3.670,9999.000,9999.000,9999.000,9999.000,9999.000,9999.000,9999.000
202606060048,   3.203,   3.689,9999.000,9999.000,9999.000,9999.000,9999.000,9999.000,9999.000
202606060054,   3.189,   3.650,9999.000,9999.000,9999.000,9999.000,9999.000,9999.000,9999.000
202606060100,   3.175,   3.719,   0.600,  -0.056,   3.719,   0.500,   3.619,   0.600,   3.719
202606060106,   3.162,   3.539,9999.000,9999.000,9999.000,9999.000,9999.000,9999.000,9999.000
202606060112,   3.150,   3.749,9999.000,9999.000,9999.000,9999.000,9999.000,9999.000,9999.000
202606060118,   3.138,   3.519,9999.000,9999.000,9999.000,9999.000,9999.000,9999.000,9999.000
202606060124,   3.127,   3.719,9999.000,9999.000,9999.000,9999.000,9999.000,9999.000,9999.000
202606060130,   3.118,   3.509,9999.000,9999.000,9999.000,9999.000,9999.000,9999.000,9999.000
202606060136,   3.109,   3.680,9999.000,9999.000,9999.000,9999.000,9999.000,9999.000,9999.000
202606060142,   3.101,   3.489,9999.000,9999.000,9999.000,9999.000,9999.000,9999.000,9999.000
202606060148,   3.095,   3.548,9999.000,9999.000,9999.000,9999.000,9999.000,9999.000,9999.000
202606060154,   3.090,   3.607,9999.000,9999.000,9999.000,9999.000,9999.000,9999.000,9999.000
202606060200,   3.087,   3.529,   0.500,  -0.058,   3.529,   0.500,   3.529,   0.600,   3.629
202606060206,   3.085,   3.558,9999.000,9999.000,9999.000,9999.000,9999.000,9999.000,9999.000
202606060212,   3.085,   3.499,9999.000,9999.000,9999.000,9999.000,9999.000,9999.000,9999.000
202606060218,   3.086,   3.558,9999.000,9999.000,9999.000,9999.000,9999.000,9999.000,9999.000
202606060224,   3.089,   3.539,9999.000,9999.000,9999.000,9999.000,9999.000,9999.000,9999.000
202606060230,   3.094,   3.489,9999.000,9999.000,9999.000,9999.000,9999.000,9999.000,9999.000
202606060236,   3.101,   3.627,9999.000,9999.000,9999.000,9999.000,9999.000,9999.000,9999.000
202606060242,   3.110,   3.558,9999.000,9999.000,9999.000,9999.000,9999.000,9999.000,9999.000
202606060248,   3.120,   3.637,9999.000,9999.000,9999.000,9999.000,9999.000,9999.000,9999.000
202606060254,   3.133,   3.650,9999.000,9999.000,9999.000,9999.000,9999.000,9999.000,9999.000
202606060300,   3.147,   3.637,   0.500,  -0.010,   3.637,   0.500,   3.637,   0.500,   3.637
202606060306,   3.163,   3.617,9999.000,9999.000,9999.000,9999.000,9999.000,9999.000,9999.000
202606060312,   3.181,   3.709,9999.000,9999.000,9999.000,9999.000,9999.000,9999.000,9999.000
202606060318,   3.201,   3.607,9999.000,9999.000,9999.000,9999.000,9999.000,9999.000,9999.000
202606060324,   3.222,   3.798,9999.000,9999.000,9999.000,9999.000,9999.000,9999.000,9999.000
202606060330,   3.245,   3.719,9999.000,9999.000,9999.000,9999.000,9999.000,9999.000,9999.000
202606060336,   3.269,   3.778,9999.000,9999.000,9999.000,9999.000,9999.000,9999.000,9999.000
202606060342,   3.295,   3.880,9999.000,9999.000,9999.000,9999.000,9999.000,9999.000,9999.000
202606060348,   3.322,   3.788,9999.000,9999.000,9999.000,9999.000,9999.000,9999.000,9999.000
202606060354,   3.351,   3.788,9999.000,9999.000,9999.000,9999.000,9999.000,9999.000,9999.000
202606060400,   3.381,   3.958,   0.600,  -0.023,   3.958,   0.500,   3.858,   0.600,   3.958
202606060406,   3.412,   3.870,9999.000,9999.000,9999.000,9999.000,9999.000,9999.000,9999.000
202606060412,   3.444,   3.998,9999.000,9999.000,9999.000,9999.000,9999.000,9999.000,9999.000
202606060418,   3.477,   3.847,9999.000,9999.000,9999.000,9999.000,9999.000,9999.000,9999.000
202606060424,   3.511,   4.139,9999.000,9999.000,9999.000,9999.000,9999.000,9999.000,9999.000
202606060430,   3.546,   3.890,9999.000,9999.000,9999.000,9999.000,9999.000,9999.000,9999.000
202606060436,   3.581,   4.188,9999.000,9999.000,9999.000,9999.000,9999.000,9999.000,9999.000
202606060442,   3.617,   3.968,9999.000,9999.000,9999.000,9999.000,9999.000,9999.000,9999.000
202606060448,   3.654,   4.218,9999.000,9999.000,9999.000,9999.000,9999.000,9999.000,9999.000
202606060454,   3.691,   4.168,9999.000,9999.000,9999.000,9999.000,9999.000,9999.000,9999.000
202606060500,   3.728,   4.319,   0.600,  -0.009,   4.319,   0.500,   4.219,   0.600,   4.319
202606060506,   3.766,   4.247,9999.000,9999.000,9999.000,9999.000,9999.000,9999.000,9999.000
202606060512,   3.804,   4.267,9999.000,9999.000,9999.000,9999.000,9999.000,9999.000,9999.000
202606060518,   3.843,   4.378,9999.000,9999.000,9999.000,9999.000,9999.000,9999.000,9999.000
202606060524,   3.881,   4.398,9999.000,9999.000,9999.000,9999.000,9999.000,9999.000,9999.000
202606060530,   3.919,   4.408,9999.000,9999.000,9999.000,9999.000,9999.000,9999.000,9999.000
202606060536,   3.958,   4.447,9999.000,9999.000,9999.000,9999.000,9999.000,9999.000,9999.000
202606060542,   3.996,   4.519,9999.000,9999.000,9999.000,9999.000,9999.000,9999.000,9999.000
202606060548,   4.033,   4.637,9999.000,9999.000,9999.000,9999.000,9999.000,9999.000,9999.000
202606060554,   4.071,   4.618,9999.000,9999.000,9999.000,9999.000,9999.000,9999.000,9999.000
202606060600,   4.108,   4.559,   0.500,  -0.049,   4.559,   0.500,   4.559,   0.500,   4.559
202606060606,   4.144,   4.710,9999.000,9999.000,9999.000,9999.000,9999.000,9999.000,9999.000
202606060612,   4.179,   4.657,9999.000,9999.000,9999.000,9999.000,9999.000,9999.000,9999.000
202606060618,   4.214,   4.769,9999.000,9999.000,9999.000,9999.000,9999.000,9999.000,9999.000
202606060624,   4.247,   4.808,9999.000,9999.000,9999.000,9999.000,9999.000,9999.000,9999.000
202606060630,   4.280,   4.759,9999.000,9999.000,9999.000,9999.000,9999.000,9999.000,9999.000
202606060636,   4.311,   4.798,9999.000,9999.000,9999.000,9999.000,9999.000,9999.000,9999.000
202606060642,   4.341,   4.939,9999.000,9999.000,9999.000,9999.000,9999.000,9999.000,9999.000
202606060648,   4.369,   4.919,9999.000,9999.000,9999.000,9999.000,9999.000,9999.000,9999.000
202606060654,   4.396,   4.798,9999.000,9999.000,9999.000,9999.000,9999.000,9999.000,9999.000
202606060700,   4.420,   5.097,   0.500,   0.177,   5.097,   0.500,   5.097,   0.500,   5.097
202606060706,   4.443,   4.887,9999.000,9999.000,9999.000,9999.000,9999.000,9999.000,9999.000
202606060712,   4.464,   5.057,9999.000,9999.000,9999.000,9999.000,9999.000,9999.000,9999.000
202606060718,   4.483,   4.900,9999.000,9999.000,9999.000,9999.000,9999.000,9999.000,9999.000
202606060724,   4.500,   5.110,9999.000,9999.000,9999.000,9999.000,9999.000,9999.000,9999.000
202606060730,   4.514,   5.047,9999.000,9999.000,9999.000,9999.000,9999.000,9999.000,9999.000
202606060736,   4.526,   5.077,9999.000,9999.000,9999.000,9999.000,9999.000,9999.000,9999.000
202606060742,   4.535,   5.087,9999.000,9999.000,9999.000,9999.000,9999.000,9999.000,9999.000
202606060748,   4.542,   5.047,9999.000,9999.000,9999.000,9999.000,9999.000,9999.000,9999.000
202606060754,   4.547,   4.979,9999.000,9999.000,9999.000,9999.000,9999.000,9999.000,9999.000
202606060800,   4.548,   5.277,   0.600,   0.129,   5.277,   0.500,   5.177,   0.600,   5.277
202606060806,   4.547,   5.008,9999.000,9999.000,9999.000,9999.000,9999.000,9999.000,9999.000
202606060812,   4.543,   5.120,9999.000,9999.000,9999.000,9999.000,9999.000,9999.000,9999.000
202606060818,   4.537,   4.949,9999.000,9999.000,9999.000,9999.000,9999.000,9999.000,9999.000
202606060824,   4.527,   5.208,9999.000,9999.000,9999.000,9999.000,9999.000,9999.000,9999.000
202606060830,   4.515,   5.028,9999.000,9999.000,9999.000,9999.000,9999.000,9999.000,9999.000
202606060836,   4.499,   4.998,9999.000,9999.000,9999.000,9999.000,9999.000,9999.000,9999.000
202606060842,   4.481,   5.077,9999.000,9999.000,9999.000,9999.000,9999.000,9999.000,9999.000
202606060848,   4.460,   4.778,9999.000,9999.000,9999.000,9999.000,9999.000,9999.000,9999.000
202606060854,   4.436,   5.228,9999.000,9999.000,9999.000,9999.000,9999.000,9999.000,9999.000
202606060900,   4.409,   4.749,   0.600,  -0.260,   4.749,   0.600,   4.749,   0.600,   4.749
202606060906,   4.379,   5.129,9999.000,9999.000,9999.000,9999.000,9999.000,9999.000,9999.000
202606060912,   4.346,   4.759,9999.000,9999.000,9999.000,9999.000,9999.000,9999.000,9999.000
202606060918,   4.310,   4.877,9999.000,9999.000,9999.000,9999.000,9999.000,9999.000,9999.000
202606060924,   4.271,   4.929,9999.000,9999.000,9999.000,9999.000,9999.000,9999.000,9999.000
202606060930,   4.229,   4.647,9999.000,9999.000,9999.000,9999.000,9999.000,9999.000,9999.000
202606060936,   4.185,   4.719,9999.000,9999.000,9999.000,9999.000,9999.000,9999.000,9999.000
202606060942,   4.137,   4.778,9999.000,9999.000,9999.000,9999.000,9999.000,9999.000,9999.000
202606060948,   4.087,   4.588,9999.000,9999.000,9999.000,9999.000,9999.000,9999.000,9999.000
202606060954,   4.033,   4.569,9999.000,9999.000,9999.000,9999.000,9999.000,9999.000,9999.000
202606061000,   3.977,   4.519,   0.500,   0.042,   4.519,   0.500,   4.519,   0.500,   4.519
202606061006,   3.919,   4.480,9999.000,9999.000,9999.000,9999.000,9999.000,9999.000,9999.000
202606061012,   3.857,   4.329,9999.000,9999.000,9999.000,9999.000,9999.000,9999.000,9999.000
202606061018,   3.794,   4.490,9999.000,9999.000,9999.000,9999.000,9999.000,9999.000,9999.000
202606061024,   3.727,   4.218,9999.000,9999.000,9999.000,9999.000,9999.000,9999.000,9999.000
202606061030,   3.659,   4.218,9999.000,9999.000,9999.000,9999.000,9999.000,9999.000,9999.000
202606061036,   3.588,   4.368,9999.000,9999.000,9999.000,9999.000,9999.000,9999.000,9999.000
202606061042,   3.515,   3.909,9999.000,9999.000,9999.000,9999.000,9999.000,9999.000,9999.000
202606061048,   3.440,   4.237,9999.000,9999.000,9999.000,9999.000,9999.000,9999.000,9999.000
202606061054,   3.363,   3.890,9999.000,9999.000,9999.000,9999.000,9999.000,9999.000,9999.000
202606061100,   3.284,   3.958,   0.500,   0.174,   3.958,   0.500,   3.958,   0.500,   3.958
202606061106,   3.204,   3.758,9999.000,9999.000,9999.000,9999.000,9999.000,9999.000,9999.000
202606061112,   3.122,   3.778,9999.000,9999.000,9999.000,9999.000,9999.000,9999.000,9999.000
202606061118,   3.039,   3.558,9999.000,9999.000,9999.000,9999.000,9999.000,9999.000,9999.000
202606061124,   2.955,   3.670,9999.000,9999.000,9999.000,9999.000,9999.000,9999.000,9999.000
202606061130,   2.870,   3.329,9999.000,9999.000,9999.000,9999.000,9999.000,9999.000,9999.000
202606061136,   2.784,   3.470,9999.000,9999.000,9999.000,9999.000,9999.000,9999.000,9999.000
202606061142,   2.697,   3.207,9999.000,9999.000,9999.000,9999.000,9999.000,9999.000,9999.000
202606061148,   2.609,   3.217,9999.000,9999.000,9999.000,9999.000,9999.000,9999.000,9999.000
202606061154,   2.521,   2.958,9999.000,9999.000,9999.000,9999.000,9999.000,9999.000,9999.000
202606061200,   2.433,   3.099,   0.600,   0.066,   3.099,   0.500,   2.999,   0.600,   3.099
202606061206,   2.345,   2.778,9999.000,9999.000,9999.000,9999.000,9999.000,9999.000,9999.000
202606061212,   2.257,   2.958,9999.000,9999.000,9999.000,9999.000,9999.000,9999.000,9999.000
202606061218,   2.169,   2.558,9999.000,9999.000,9999.000,9999.000,9999.000,9999.000,9999.000
202606061224,   2.081,   2.840,9999.000,9999.000,9999.000,9999.000,9999.000,9999.000,9999.000
202606061230,   1.993,   2.489,9999.000,9999.000,9999.000,9999.000,9999.000,9999.000,9999.000
202606061236,   1.906,   2.548,9999.000,9999.000,9999.000,9999.000,9999.000,9999.000,9999.000
202606061242,   1.820,   2.400,9999.000,9999.000,9999.000,9999.000,9999.000,9999.000,9999.000
202606061248,   1.734,   2.348,9999.000,9999.000,9999.000,9999.000,9999.000,9999.000,9999.000
202606061254,   1.650,   2.200,9999.000,9999.000,9999.000,9999.000,9999.000,9999.000,9999.000
202606061300,   1.566,   2.269,   0.600,   0.103,   2.269,   0.600,   2.269,   0.700,   2.369
202606061306,   1.484,   2.049,9999.000,9999.000,9999.000,9999.000,9999.000,9999.000,9999.000
202606061312,   1.402,   2.099,9999.000,9999.000,9999.000,9999.000,9999.000,9999.000,9999.000
202606061318,   1.323,   1.918,9999.000,9999.000,9999.000,9999.000,9999.000,9999.000,9999.000
202606061324,   1.245,   1.810,9999.000,9999.000,9999.000,9999.000,9999.000,9999.000,9999.000
202606061330,   1.168,   1.758,9999.000,9999.000,9999.000,9999.000,9999.000,9999.000,9999.000
202606061336,   1.094,   1.748,9999.000,9999.000,9999.000,9999.000,9999.000,9999.000,9999.000
202606061342,   1.021,   1.748,9999.000,9999.000,9999.000,9999.000,9999.000,9999.000,9999.000
202606061348,   0.951,   1.459,9999.000,9999.000,9999.000,9999.000,9999.000,9999.000,9999.000
202606061354,   0.883,   1.548,9999.000,9999.000,9999.000,9999.000,9999.000,9999.000,9999.000
202606061400,   0.818,   1.249,   0.600,  -0.169,   1.249,   0.500,   1.149,   0.600,   1.249
202606061406,   0.755,   1.649,9999.000,9999.000,9999.000,9999.000,9999.000,9999.000,9999.000
202606061412,   0.695,   1.180,9999.000,9999.000,9999.000,9999.000,9999.000,9999.000,9999.000
202606061418,   0.637,   1.289,9999.000,9999.000,9999.000,9999.000,9999.000,9999.000,9999.000
202606061424,   0.583,   1.298,9999.000,9999.000,9999.000,9999.000,9999.000,9999.000,9999.000
202606061430,   0.532,   1.118,9999.000,9999.000,9999.000,9999.000,9999.000,9999.000,9999.000
202606061436,   0.484,   1.069,9999.000,9999.000,9999.000,9999.000,9999.000,9999.000,9999.000
202606061442,   0.439,   1.069,9999.000,9999.000,9999.000,9999.000,9999.000,9999.000,9999.000
202606061448,   0.398,   1.088,9999.000,9999.000,9999.000,9999.000,9999.000,9999.000,9999.000
202606061454,   0.361,   1.020,9999.000,9999.000,9999.000,9999.000,9999.000,9999.000,9999.000
202606061500,   0.327,   0.810,   0.500,  -0.017,   0.810,   0.500,   0.810,   0.500,   0.810
202606061506,   0.296,   1.151,9999.000,9999.000,9999.000,9999.000,9999.000,9999.000,9999.000
202606061512,   0.270,   0.731,9999.000,9999.000,9999.000,9999.000,9999.000,9999.000,9999.000
202606061518,   0.247,   1.138,9999.000,9999.000,9999.000,9999.000,9999.000,9999.000,9999.000
202606061524,   0.227,   0.849,9999.000,9999.000,9999.000,9999.000,9999.000,9999.000,9999.000
202606061530,   0.212,   0.888,9999.000,9999.000,9999.000,9999.000,9999.000,9999.000,9999.000
202606061536,   0.200,   0.770,9999.000,9999.000,9999.000,9999.000,9999.000,9999.000,9999.000
202606061542,   0.192,   0.849,9999.000,9999.000,9999.000,9999.000,9999.000,9999.000,9999.000
202606061548,   0.188,   0.951,9999.000,9999.000,9999.000,9999.000,9999.000,9999.000,9999.000
202606061554,   0.187,   0.829,9999.000,9999.000,9999.000,9999.000,9999.000,9999.000,9999.000
202606061600,   0.190,   0.810,   0.500,   0.120,   0.810,   0.500,   0.810,   0.500,   0.810
202606061606,   0.196,   0.970,9999.000,9999.000,9999.000,9999.000,9999.000,9999.000,9999.000
202606061612,   0.206,   0.760,9999.000,9999.000,9999.000,9999.000,9999.000,9999.000,9999.000
202606061618,   0.220,   0.951,9999.000,9999.000,9999.000,9999.000,9999.000,9999.000,9999.000
202606061624,   0.237,   0.898,9999.000,9999.000,9999.000,9999.000,9999.000,9999.000,9999.000
202606061630,   0.257,   1.020,9999.000,9999.000,9999.000,9999.000,9999.000,9999.000,9999.000
202606061636,   0.280,   0.908,9999.000,9999.000,9999.000,9999.000,9999.000,9999.000,9999.000
202606061642,   0.307,   1.049,9999.000,9999.000,9999.000,9999.000,9999.000,9999.000,9999.000
202606061648,   0.337,   1.029,9999.000,9999.000,9999.000,9999.000,9999.000,9999.000,9999.000
202606061654,   0.370,   0.898,9999.000,9999.000,9999.000,9999.000,9999.000,9999.000,9999.000
202606061700,   0.405,   1.239,   0.600,   0.234,   1.239,   0.600,   1.239,   0.600,   1.239
202606061706,   0.444,   1.010,9999.000,9999.000,9999.000,9999.000,9999.000,9999.000,9999.000
202606061712,   0.486,   1.170,9999.000,9999.000,9999.000,9999.000,9999.000,9999.000,9999.000
202606061718,   0.530,   1.108,9999.000,9999.000,9999.000,9999.000,9999.000,9999.000,9999.000
202606061724,   0.578,   1.190,9999.000,9999.000,9999.000,9999.000,9999.000,9999.000,9999.000
202606061730,   0.627,   1.469,9999.000,9999.000,9999.000,9999.000,9999.000,9999.000,9999.000
202606061736,   0.680,   1.279,9999.000,9999.000,9999.000,9999.000,9999.000,9999.000,9999.000
202606061742,   0.735,   1.390,9999.000,9999.000,9999.000,9999.000,9999.000,9999.000,9999.000
202606061748,   0.792,   1.449,9999.000,9999.000,9999.000,9999.000,9999.000,9999.000,9999.000
202606061754,   0.852,   1.479,9999.000,9999.000,9999.000,9999.000,9999.000,9999.000,9999.000
202606061800,   0.914,   1.508,   0.500,   0.094,   1.508,   0.500,   1.508,   0.500,   1.508
202606061806,   0.977,   1.669,9999.000,9999.000,9999.000,9999.000,9999.000,9999.000,9999.000
202606061812,   1.043,   1.748,9999.000,9999.000,9999.000,9999.000,9999.000,9999.000,9999.000
202606061818,   1.111,   1.728,9999.000,9999.000,9999.000,9999.000,9999.000,9999.000,9999.000
202606061824,   1.180,   1.840,9999.000,9999.000,9999.000,9999.000,9999.000,9999.000,9999.000
202606061830,   1.251,   1.869,9999.000,9999.000,9999.000,9999.000,9999.000,9999.000,9999.000
202606061836,   1.323,   1.990,9999.000,9999.000,9999.000,9999.000,9999.000,9999.000,9999.000
202606061842,   1.397,   2.020,9999.000,9999.000,9999.000,9999.000,9999.000,9999.000,9999.000
202606061848,   1.471,   2.079,9999.000,9999.000,9999.000,9999.000,9999.000,9999.000,9999.000
202606061854,   1.547,   2.128,9999.000,9999.000,9999.000,9999.000,9999.000,9999.000,9999.000
202606061900,   1.623,   2.210,   0.500,   0.087,   2.210,   0.400,   2.110,   0.500,   2.210
202606061906,   1.699,   2.410,9999.000,9999.000,9999.000,9999.000,9999.000,9999.000,9999.000
202606061912,   1.776,   2.368,9999.000,9999.000,9999.000,9999.000,9999.000,9999.000,9999.000
202606061918,   1.854,   2.387,9999.000,9999.000,9999.000,9999.000,9999.000,9999.000,9999.000
202606061924,   1.931,   2.558,9999.000,9999.000,9999.000,9999.000,9999.000,9999.000,9999.000
202606061930,   2.008,   2.630,9999.000,9999.000,9999.000,9999.000,9999.000,9999.000,9999.000
202606061936,   2.084,   2.650,9999.000,9999.000,9999.000,9999.000,9999.000,9999.000,9999.000
202606061942,   2.160,   2.919,9999.000,9999.000,9999.000,9999.000,9999.000,9999.000,9999.000
202606061948,   2.236,   2.778,9999.000,9999.000,9999.000,9999.000,9999.000,9999.000,9999.000
202606061954,   2.310,   2.978,9999.000,9999.000,9999.000,9999.000,9999.000,9999.000,9999.000
202606062000,   2.384,   2.919,   0.500,   0.035,   2.919,   0.500,   2.919,   0.600,   3.019
202606062006,   2.456,   3.079,9999.000,9999.000,9999.000,9999.000,9999.000,9999.000,9999.000
202606062012,   2.527,   3.119,9999.000,9999.000,9999.000,9999.000,9999.000,9999.000,9999.000
202606062018,   2.597,   3.129,9999.000,9999.000,9999.000,9999.000,9999.000,9999.000,9999.000
202606062024,   2.666,   3.309,9999.000,9999.000,9999.000,9999.000,9999.000,9999.000,9999.000
202606062030,   2.732,   3.119,9999.000,9999.000,9999.000,9999.000,9999.000,9999.000,9999.000
202606062036,   2.797,   3.480,9999.000,9999.000,9999.000,9999.000,9999.000,9999.000,9999.000
202606062042,   2.861,   3.388,9999.000,9999.000,9999.000,9999.000,9999.000,9999.000,9999.000
202606062048,   2.922,   3.519,9999.000,9999.000,9999.000,9999.000,9999.000,9999.000,9999.000
202606062054,   2.981,   3.489,9999.000,9999.000,9999.000,9999.000,9999.000,9999.000,9999.000
202606062100,   3.039,   3.680,   0.600,   0.041,   3.680,   0.600,   3.680,   0.600,   3.680
202606062106,   3.094,   3.539,9999.000,9999.000,9999.000,9999.000,9999.000,9999.000,9999.000
202606062112,   3.147,   3.778,9999.000,9999.000,9999.000,9999.000,9999.000,9999.000,9999.000
202606062118,   3.198,   3.778,9999.000,9999.000,9999.000,9999.000,9999.000,9999.000,9999.000
202606062124,   3.247,   3.939,9999.000,9999.000,9999.000,9999.000,9999.000,9999.000,9999.000
202606062130,   3.293,   3.860,9999.000,9999.000,9999.000,9999.000,9999.000,9999.000,9999.000
202606062136,   3.337,   3.909,9999.000,9999.000,9999.000,9999.000,9999.000,9999.000,9999.000
202606062142,   3.378,   4.037,9999.000,9999.000,9999.000,9999.000,9999.000,9999.000,9999.000
202606062148,   3.417,   3.939,9999.000,9999.000,9999.000,9999.000,9999.000,9999.000,9999.000
202606062154,   3.453,   4.090,9999.000,9999.000,9999.000,9999.000,9999.000,9999.000,9999.000
202606062200,   3.487,   4.198,   0.500,   0.211,   4.198,   0.500,   4.198,   0.600,   4.298
202606062206,   3.518,   4.057,9999.000,9999.000,9999.000,9999.000,9999.000,9999.000,9999.000
202606062212,   3.547,   4.227,9999.000,9999.000,9999.000,9999.000,9999.000,9999.000,9999.000
202606062218,   3.573,   4.080,9999.000,9999.000,9999.000,9999.000,9999.000,9999.000,9999.000
202606062224,   3.596,   4.329,9999.000,9999.000,9999.000,9999.000,9999.000,9999.000,9999.000
202606062230,   3.617,   3.988,9999.000,9999.000,9999.000,9999.000,9999.000,9999.000,9999.000
202606062236,   3.635,   4.408,9999.000,9999.000,9999.000,9999.000,9999.000,9999.000,9999.000
202606062242,   3.650,   4.070,9999.000,9999.000,9999.000,9999.000,9999.000,9999.000,9999.000
202606062248,   3.663,   4.339,9999.000,9999.000,9999.000,9999.000,9999.000,9999.000,9999.000
202606062254,   3.674,   4.129,9999.000,9999.000,9999.000,9999.000,9999.000,9999.000,9999.000
202606062300,   3.682,   4.319,   0.500,   0.137,   4.319,   0.400,   4.219,   0.500,   4.319
202606062306,   3.688,   4.198,9999.000,9999.000,9999.000,9999.000,9999.000,9999.000,9999.000
202606062312,   3.691,   4.168,9999.000,9999.000,9999.000,9999.000,9999.000,9999.000,9999.000
202606062318,   3.692,   4.109,9999.000,9999.000,9999.000,9999.000,9999.000,9999.000,9999.000
202606062324,   3.691,   4.267,9999.000,9999.000,9999.000,9999.000,9999.000,9999.000,9999.000
202606062330,   3.688,   4.149,9999.000,9999.000,9999.000,9999.000,9999.000,9999.000,9999.000
202606062336,   3.682,   4.319,9999.000,9999.000,9999.000,9999.000,9999.000,9999.000,9999.000
202606062342,   3.675,   4.178,9999.000,9999.000,9999.000,9999.000,9999.000,9999.000,9999.000
202606062348,   3.666,   4.218,9999.000,9999.000,9999.000,9999.000,9999.000,9999.000,9999.000
202606062354,   3.656,   4.149,9999.000,9999.000,9999.000,9999.000,9999.000,9999.000,9999.000
202606070000,   3.644,   4.139,   0.500,  -0.005,   4.139,   0.500,   4.139,   0.600,   4.239
202606070006,   3.630,   4.329,9999.000,9999.000,9999.000,9999.000,9999.000,9999.000,9999.000
202606070012,   3.615,   4.037,9999.000,9999.000,9999.000,9999.000,9999.000,9999.000,9999.000
202606070018,   3.599,   4.208,9999.000,9999.000,9999.000,9999.000,9999.000,9999.000,9999.000
202606070024,   3.581,   4.070,9999.000,9999.000,9999.000,9999.000,9999.000,9999.000,9999.000
202606070030,   3.562,   4.149,9999.000,9999.000,9999.000,9999.000,9999.000,9999.000,9999.000
202606070036,   3.543,   4.090,9999.000,9999.000,9999.000,9999.000,9999.000,9999.000,9999.000
202606070042,   3.523,   4.070,9999.000,9999.000,9999.000,9999.000,9999.000,9999.000,9999.000
202606070048,   3.502,   4.047,9999.000,9999.000,9999.000,9999.000,9999.000,9999.000,9999.000
202606070054,   3.480,   3.899,9999.000,9999.000,9999.000,9999.000,9999.000,9999.000,9999.000
202606070100,   3.458,   3.880,   0.700,  -0.278,   3.880,   0.600,   3.780,   0.700,   3.880
202606070106,   3.435,   4.008,9999.000,9999.000,9999.000,9999.000,9999.000,9999.000,9999.000
202606070112,   3.412,   3.899,9999.000,9999.000,9999.000,9999.000,9999.000,9999.000,9999.000
202606070118,   3.388,   3.870,9999.000,9999.000,9999.000,9999.000,9999.000,9999.000,9999.000
202606070124,   3.365,   3.837,9999.000,9999.000,9999.000,9999.000,9999.000,9999.000,9999.000
202606070130,   3.341,   3.788,9999.000,9999.000,9999.000,9999.000,9999.000,9999.000,9999.000
202606070136,   3.318,   3.650,9999.000,9999.000,9999.000,9999.000,9999.000,9999.000,9999.000
202606070142,   3.294,   3.837,9999.000,9999.000,9999.000,9999.000,9999.000,9999.000,9999.000
202606070148,   3.271,   3.660,9999.000,9999.000,9999.000,9999.000,9999.000,9999.000,9999.000
202606070154,   3.248,   3.768,9999.000,9999.000,9999.000,9999.000,9999.000,9999.000,9999.000
202606070200,   3.226,   3.660,   0.600,  -0.166,   3.660,   0.500,   3.560,   0.600,   3.660
202606070206,   3.204,   3.680,9999.000,9999.000,9999.000,9999.000,9999.000,9999.000,9999.000
202606070212,   3.183,   3.539,9999.000,9999.000,9999.000,9999.000,9999.000,9999.000,9999.000
202606070218,   3.162,   3.689,9999.000,9999.000,9999.000,9999.000,9999.000,9999.000,9999.000
202606070224,   3.143,   3.539,9999.000,9999.000,9999.000,9999.000,9999.000,9999.000,9999.000
202606070230,   3.125,   3.650,9999.000,9999.000,9999.000,9999.000,9999.000,9999.000,9999.000
202606070236,   3.107,   3.519,9999.000,9999.000,9999.000,9999.000,9999.000,9999.000,9999.000
202606070242,   3.091,   3.489,9999.000,9999.000,9999.000,9999.000,9999.000,9999.000,9999.000
202606070248,   3.076,   3.650,9999.000,9999.000,9999.000,9999.000,9999.000,9999.000,9999.000
202606070254,   3.063,   3.489,9999.000,9999.000,9999.000,9999.000,9999.000,9999.000,9999.000
202606070300,   3.051,   3.558,   0.500,   0.007,   3.558,   0.500,   3.558,   0.500,   3.558
202606070306,   3.040,   3.417,9999.000,9999.000,9999.000,9999.000,9999.000,9999.000,9999.000
202606070312,   3.031,   3.407,9999.000,9999.000,9999.000,9999.000,9999.000,9999.000,9999.000
202606070318,   3.024,   3.388,9999.000,9999.000,9999.000,9999.000,9999.000,9999.000,9999.000
202606070324,   3.018,   3.509,9999.000,9999.000,9999.000,9999.000,9999.000,9999.000,9999.000
202606070330,   3.014,   3.309,9999.000,9999.000,9999.000,9999.000,9999.000,9999.000,9999.000
202606070336,   3.012,   3.509,9999.000,9999.000,9999.000,9999.000,9999.000,9999.000,9999.000
202606070342,   3.011,   3.348,9999.000,9999.000,9999.000,9999.000,9999.000,9999.000,9999.000
202606070348,   3.013,   3.279,9999.000,9999.000,9999.000,9999.000,9999.000,9999.000,9999.000
202606070354,   3.015,   3.539,9999.000,9999.000,9999.000,9999.000,9999.000,9999.000,9999.000
202606070400,   3.020,   3.329,   0.600,  -0.291,   3.329,   0.500,   3.229,   0.600,   3.329
202606070406,   3.026,   3.509,9999.000,9999.000,9999.000,9999.000,9999.000,9999.000,9999.000
202606070412,   3.034,   3.548,9999.000,9999.000,9999.000,9999.000,9999.000,9999.000,9999.000
202606070418,   3.043,   3.407,9999.000,9999.000,9999.000,9999.000,9999.000,9999.000,9999.000
202606070424,   3.054,   3.588,9999.000,9999.000,9999.000,9999.000,9999.000,9999.000,9999.000
202606070430,   3.066,   3.499,9999.000,9999.000,9999.000,9999.000,9999.000,9999.000,9999.000
202606070436,   3.080,   3.519,9999.000,9999.000,9999.000,9999.000,9999.000,9999.000,9999.000
202606070442,   3.095,   3.539,9999.000,9999.000,9999.000,9999.000,9999.000,9999.000,9999.000
202606070448,   3.112,   3.578,9999.000,9999.000,9999.000,9999.000,9999.000,9999.000,9999.000
202606070454,   3.129,   3.407,9999.000,9999.000,9999.000,9999.000,9999.000,9999.000,9999.000
202606070500,   3.148,   3.607,   0.600,  -0.141,   3.607,   0.600,   3.607,   0.600,   3.607
202606070506,   3.168,   3.627,9999.000,9999.000,9999.000,9999.000,9999.000,9999.000,9999.000
202606070512,   3.189,   3.637,9999.000,9999.000,9999.000,9999.000,9999.000,9999.000,9999.000
202606070518,   3.211,   3.578,9999.000,9999.000,9999.000,9999.000,9999.000,9999.000,9999.000
202606070524,   3.234,   3.607,9999.000,9999.000,9999.000,9999.000,9999.000,9999.000,9999.000
202606070530,   3.258,   3.699,9999.000,9999.000,9999.000,9999.000,9999.000,9999.000,9999.000
202606070536,   3.283,   3.650,9999.000,9999.000,9999.000,9999.000,9999.000,9999.000,9999.000
202606070542,   3.309,   3.817,9999.000,9999.000,9999.000,9999.000,9999.000,9999.000,9999.000
202606070548,   3.336,   3.788,9999.000,9999.000,9999.000,9999.000,9999.000,9999.000,9999.000
202606070554,   3.363,   3.837,9999.000,9999.000,9999.000,9999.000,9999.000,9999.000,9999.000
202606070600,   3.391,   3.847,   0.500,  -0.044,   3.847,   0.500,   3.847,   0.600,   3.947
202606070606,   3.420,   3.968,9999.000,9999.000,9999.000,9999.000,9999.000,9999.000,9999.000
202606070612,   3.449,   3.870,9999.000,9999.000,9999.000,9999.000,9999.000,9999.000,9999.000
202606070618,   3.479,   4.008,9999.000,9999.000,9999.000,9999.000,9999.000,9999.000,9999.000
202606070624,   3.510,   3.949,9999.000,9999.000,9999.000,9999.000,9999.000,9999.000,9999.000
202606070630,   3.540,   4.080,9999.000,9999.000,9999.000,9999.000,9999.000,9999.000,9999.000
202606070636,   3.571,   3.998,9999.000,9999.000,9999.000,9999.000,9999.000,9999.000,9999.000
202606070642,   3.602,   4.027,9999.000,9999.000,9999.000,9999.000,9999.000,9999.000,9999.000
202606070648,   3.633,   4.309,9999.000,9999.000,9999.000,9999.000,9999.000,9999.000,9999.000
202606070654,   3.664,   4.090,9999.000,9999.000,9999.000,9999.000,9999.000,9999.000,9999.000
202606070700,   3.695,   4.198,   0.500,   0.003,   4.198,   0.500,   4.198,   0.500,   4.198
202606070706,   3.726,   4.188,9999.000,9999.000,9999.000,9999.000,9999.000,9999.000,9999.000
202606070712,   3.756,   4.198,9999.000,9999.000,9999.000,9999.000,9999.000,9999.000,9999.000
202606070718,   3.786,   4.349,9999.000,9999.000,9999.000,9999.000,9999.000,9999.000,9999.000
202606070724,   3.815,   4.378,9999.000,9999.000,9999.000,9999.000,9999.000,9999.000,9999.000
202606070730,   3.843,   4.237,9999.000,9999.000,9999.000,9999.000,9999.000,9999.000,9999.000
202606070736,   3.870,   4.319,9999.000,9999.000,9999.000,9999.000,9999.000,9999.000,9999.000
202606070742,   3.896,   4.309,9999.000,9999.000,9999.000,9999.000,9999.000,9999.000,9999.000
202606070748,   3.920,   4.457,9999.000,9999.000,9999.000,9999.000,9999.000,9999.000,9999.000
202606070754,   3.944,   4.378,9999.000,9999.000,9999.000,9999.000,9999.000,9999.000,9999.000
202606070800,   3.966,   4.408,   0.600,  -0.158,   4.408,   0.500,   4.308,   0.600,   4.408
202606070806,   3.986,   4.588,9999.000,9999.000,9999.000,9999.000,9999.000,9999.000,9999.000
202606070812,   4.004,   4.500,9999.000,9999.000,9999.000,9999.000,9999.000,9999.000,9999.000
202606070818,   4.021,   4.608,9999.000,9999.000,9999.000,9999.000,9999.000,9999.000,9999.000
202606070824,   4.036,   4.608,9999.000,9999.000,9999.000,9999.000,9999.000,9999.000,9999.000
202606070830,   4.048,   4.569,9999.000,9999.000,9999.000,9999.000,9999.000,9999.000,9999.000
202606070836,   4.059,   4.608,9999.000,9999.000,9999.000,9999.000,9999.000,9999.000,9999.000
202606070842,   4.067,   4.559,9999.000,9999.000,9999.000,9999.000,9999.000,9999.000,9999.000
202606070848,   4.074,   4.569,9999.000,9999.000,9999.000,9999.000,9999.000,9999.000,9999.000
202606070854,   4.077,   4.559,9999.000,9999.000,9999.000,9999.000,9999.000,9999.000,9999.000
202606070900,   4.079,   4.657,   0.600,  -0.022,   4.657,   0.600,   4.657,   0.600,   4.657
202606070906,   4.078,   4.559,9999.000,9999.000,9999.000,9999.000,9999.000,9999.000,9999.000
202606070912,   4.075,   4.628,9999.000,9999.000,9999.000,9999.000,9999.000,9999.000,9999.000
202606070918,   4.070,   4.427,9999.000,9999.000,9999.000,9999.000,9999.000,9999.000,9999.000
202606070924,   4.062,   4.480,9999.000,9999.000,9999.000,9999.000,9999.000,9999.000,9999.000
202606070930,   4.051,   4.529,9999.000,9999.000,9999.000,9999.000,9999.000,9999.000,9999.000
202606070936,   4.038,   4.490,9999.000,9999.000,9999.000,9999.000,9999.000,9999.000,9999.000
202606070942,   4.023,   4.549,9999.000,9999.000,9999.000,9999.000,9999.000,9999.000,9999.000
202606070948,   4.005,   4.368,9999.000,9999.000,9999.000,9999.000,9999.000,9999.000,9999.000
202606070954,   3.984,   4.578,9999.000,9999.000,9999.000,9999.000,9999.000,9999.000,9999.000
202606071000,   3.961,   4.368,   0.500,  -0.093,   4.368,   0.500,   4.368,   0.600,   4.468
202606071006,   3.935,   4.549,9999.000,9999.000,9999.000,9999.000,9999.000,9999.000,9999.000
202606071012,   3.907,   4.388,9999.000,9999.000,9999.000,9999.000,9999.000,9999.000,9999.000
202606071018,   3.877,   4.467,9999.000,9999.000,9999.000,9999.000,9999.000,9999.000,9999.000
202606071024,   3.843,   4.427,9999.000,9999.000,9999.000,9999.000,9999.000,9999.000,9999.000
202606071030,   3.808,   4.467,9999.000,9999.000,9999.000,9999.000,9999.000,9999.000,9999.000
202606071036,   3.770,   4.257,9999.000,9999.000,9999.000,9999.000,9999.000,9999.000,9999.000
202606071042,   3.729,   4.349,9999.000,9999.000,9999.000,9999.000,9999.000,9999.000,9999.000
202606071048,   3.686,   4.280,9999.000,9999.000,9999.000,9999.000,9999.000,9999.000,9999.000
202606071054,   3.640,   4.057,9999.000,9999.000,9999.000,9999.000,9999.000,9999.000,9999.000
202606071100,   3.592,   4.168,   0.500,   0.076,   4.168,   0.500,   4.168,   0.500,   4.168
202606071106,   3.542,   4.149,9999.000,9999.000,9999.000,9999.000,9999.000,9999.000,9999.000
202606071112,   3.489,   4.027,9999.000,9999.000,9999.000,9999.000,9999.000,9999.000,9999.000
202606071118,   3.434,   4.017,9999.000,9999.000,9999.000,9999.000,9999.000,9999.000,9999.000
202606071124,   3.377,   3.870,9999.000,9999.000,9999.000,9999.000,9999.000,9999.000,9999.000
202606071130,   3.318,   3.808,9999.000,9999.000,9999.000,9999.000,9999.000,9999.000,9999.000
202606071136,   3.257,   3.808,9999.000,9999.000,9999.000,9999.000,9999.000,9999.000,9999.000
202606071142,   3.194,   3.739,9999.000,9999.000,9999.000,9999.000,9999.000,9999.000,9999.000
202606071148,   3.129,   3.607,9999.000,9999.000,9999.000,9999.000,9999.000,9999.000,9999.000
202606071154,   3.062,   3.637,9999.000,9999.000,9999.000,9999.000,9999.000,9999.000,9999.000
202606071200,   2.994,   3.440,   0.500,  -0.054,   3.440,   0.500,   3.440,   0.500,   3.440
202606071206,   2.925,   3.519,9999.000,9999.000,9999.000,9999.000,9999.000,9999.000,9999.000
202606071212,   2.854,   3.368,9999.000,9999.000,9999.000,9999.000,9999.000,9999.000,9999.000
202606071218,   2.782,   3.348,9999.000,9999.000,9999.000,9999.000,9999.000,9999.000,9999.000
202606071224,   2.709,   3.188,9999.000,9999.000,9999.000,9999.000,9999.000,9999.000,9999.000
202606071230,   2.635,   3.260,9999.000,9999.000,9999.000,9999.000,9999.000,9999.000,9999.000
202606071236,   2.560,   3.079,9999.000,9999.000,9999.000,9999.000,9999.000,9999.000,9999.000
202606071242,   2.485,   3.030,9999.000,9999.000,9999.000,9999.000,9999.000,9999.000,9999.000
202606071248,   2.409,   2.968,9999.000,9999.000,9999.000,9999.000,9999.000,9999.000,9999.000
202606071254,   2.333,   2.968,9999.000,9999.000,9999.000,9999.000,9999.000,9999.000,9999.000
202606071300,   2.257,   2.797,   0.600,  -0.060,   2.797,   0.500,   2.697,   0.600,   2.797
202606071306,   2.180,   2.738,9999.000,9999.000,9999.000,9999.000,9999.000,9999.000,9999.000
202606071312,   2.104,   2.669,9999.000,9999.000,9999.000,9999.000,9999.000,9999.000,9999.000
202606071318,   2.028,   2.597,9999.000,9999.000,9999.000,9999.000,9999.000,9999.000,9999.000
202606071324,   1.952,   2.578,9999.000,9999.000,9999.000,9999.000,9999.000,9999.000,9999.000
202606071330,   1.876,   2.509,9999.000,9999.000,9999.000,9999.000,9999.000,9999.000,9999.000
202606071336,   1.802,   2.368,9999.000,9999.000,9999.000,9999.000,9999.000,9999.000,9999.000
202606071342,   1.728,   2.377,9999.000,9999.000,9999.000,9999.000,9999.000,9999.000,9999.000
202606071348,   1.654,   2.191,9999.000,9999.000,9999.000,9999.000,9999.000,9999.000,9999.000
202606071354,   1.582,   2.309,9999.000,9999.000,9999.000,9999.000,9999.000,9999.000,9999.000
202606071400,   1.511,   1.918,   0.500,  -0.093,   1.918,   0.500,   1.918,   0.500,   1.918
202606071406,   1.441,   2.049,9999.000,9999.000,9999.000,9999.000,9999.000,9999.000,9999.000
202606071412,   1.373,   1.908,9999.000,9999.000,9999.000,9999.000,9999.000,9999.000,9999.000
202606071418,   1.306,   1.790,9999.000,9999.000,9999.000,9999.000,9999.000,9999.000,9999.000
202606071424,   1.241,   1.869,9999.000,9999.000,9999.000,9999.000,9999.000,9999.000,9999.000
202606071430,   1.177,   1.728,9999.000,9999.000,9999.000,9999.000,9999.000,9999.000,9999.000
202606071436,   1.116,   1.659,9999.000,9999.000,9999.000,9999.000,9999.000,9999.000,9999.000
202606071442,   1.056,   1.548,9999.000,9999.000,9999.000,9999.000,9999.000,9999.000,9999.000
202606071448,   0.999,   1.538,9999.000,9999.000,9999.000,9999.000,9999.000,9999.000,9999.000
202606071454,   0.944,   1.479,9999.000,9999.000,9999.000,9999.000,9999.000,9999.000,9999.000
202606071500,   0.892,   1.410,   0.400,   0.118,   1.410,   0.400,   1.410,   0.500,   1.510
202606071506,   0.842,   1.400,9999.000,9999.000,9999.000,9999.000,9999.000,9999.000,9999.000
202606071512,   0.795,   1.400,9999.000,9999.000,9999.000,9999.000,9999.000,9999.000,9999.000
202606071518,   0.751,   1.371,9999.000,9999.000,9999.000,9999.000,9999.000,9999.000,9999.000
202606071524,   0.710,   1.289,9999.000,9999.000,9999.000,9999.000,9999.000,9999.000,9999.000
202606071530,   0.671,   1.210,9999.000,9999.000,9999.000,9999.000,9999.000,9999.000,9999.000
202606071536,   0.636,   1.249,9999.000,9999.000,9999.000,9999.000,9999.000,9999.000,9999.000
202606071542,   0.604,   1.220,9999.000,9999.000,9999.000,9999.000,9999.000,9999.000,9999.000
202606071548,   0.575,   1.180,9999.000,9999.000,9999.000,9999.000,9999.000,9999.000,9999.000
202606071554,   0.550,   1.108,9999.000,9999.000,9999.000,9999.000,9999.000,9999.000,9999.000
202606071600,   0.528,   1.098,   0.500,   0.070,   1.098,   0.400,   0.998,   0.500,   1.098
202606071606,   0.509,   1.220,9999.000,9999.000,9999.000,9999.000,9999.000,9999.000,9999.000
202606071612,   0.494,   1.098,9999.000,9999.000,9999.000,9999.000,9999.000,9999.000,9999.000
202606071618,   0.482,   1.029,9999.000,9999.000,9999.000,9999.000,9999.000,9999.000,9999.000
202606071624,   0.474,   0.961,9999.000,9999.000,9999.000,9999.000,9999.000,9999.000,9999.000
202606071630,   0.469,   1.039,9999.000,9999.000,9999.000,9999.000,9999.000,9999.000,9999.000
202606071636,   0.467,   1.161,9999.000,9999.000,9999.000,9999.000,9999.000,9999.000,9999.000
202606071642,   0.469,   1.000,9999.000,9999.000,9999.000,9999.000,9999.000,9999.000,9999.000
202606071648,   0.474,   1.108,9999.000,9999.000,9999.000,9999.000,9999.000,9999.000,9999.000
202606071654,   0.483,   1.098,9999.000,9999.000,9999.000,9999.000,9999.000,9999.000,9999.000
202606071700,   0.495,   0.970,   0.600,  -0.125,   0.970,   0.500,   0.870,   0.600,   0.970
202606071706,   0.510,   1.128,9999.000,9999.000,9999.000,9999.000,9999.000,9999.000,9999.000
202606071712,   0.528,   1.029,9999.000,9999.000,9999.000,9999.000,9999.000,9999.000,9999.000
202606071718,   0.550,   1.118,9999.000,9999.000,9999.000,9999.000,9999.000,9999.000,9999.000
202606071724,   0.575,   1.249,9999.000,9999.000,9999.000,9999.000,9999.000,9999.000,9999.000
202606071730,   0.603,   1.200,9999.000,9999.000,9999.000,9999.000,9999.000,9999.000,9999.000
202606071736,   0.634,   1.259,9999.000,9999.000,9999.000,9999.000,9999.000,9999.000,9999.000
202606071742,   0.668,   1.269,9999.000,9999.000,9999.000,9999.000,9999.000,9999.000,9999.000
202606071748,   0.705,   1.318,9999.000,9999.000,9999.000,9999.000,9999.000,9999.000,9999.000
202606071754,   0.745,   1.420,9999.000,9999.000,9999.000,9999.000,9999.000,9999.000,9999.000
202606071800,   0.789,   1.289,   0.300,   0.200,   1.289,   0.300,   1.289,   0.400,   1.389
202606071806,   0.834,   1.430,9999.000,9999.000,9999.000,9999.000,9999.000,9999.000,9999.000
202606071812,   0.883,   1.469,9999.000,9999.000,9999.000,9999.000,9999.000,9999.000,9999.000
202606071818,   0.935,   1.538,9999.000,9999.000,9999.000,9999.000,9999.000,9999.000,9999.000
202606071824,   0.989,   1.557,9999.000,9999.000,9999.000,9999.000,9999.000,9999.000,9999.000
202606071830,   1.045,   1.557,9999.000,9999.000,9999.000,9999.000,9999.000,9999.000,9999.000
202606071836,   1.105,   1.738,9999.000,9999.000,9999.000,9999.000,9999.000,9999.000,9999.000
202606071842,   1.166,   1.610,9999.000,9999.000,9999.000,9999.000,9999.000,9999.000,9999.000
202606071848,   1.230,   1.918,9999.000,9999.000,9999.000,9999.000,9999.000,9999.000,9999.000
202606071854,   1.296,   1.859,9999.000,9999.000,9999.000,9999.000,9999.000,9999.000,9999.000
202606071900,   1.364,   2.000,   0.300,   0.336,   2.000,   0.300,   2.000,   0.400,   2.100
202606071906,   1.434,   1.967,9999.000,9999.000,9999.000,9999.000,9999.000,9999.000,9999.000
202606071912,   1.506,   2.000,9999.000,9999.000,9999.000,9999.000,9999.000,9999.000,9999.000
202606071918,   1.579,   2.191,9999.000,9999.000,9999.000,9999.000,9999.000,9999.000,9999.000
202606071924,   1.654,   2.148,9999.000,9999.000,9999.000,9999.000,9999.000,9999.000,9999.000
202606071930,   1.730,   2.259,9999.000,9999.000,9999.000,9999.000,9999.000,9999.000,9999.000
202606071936,   1.807,   2.387,9999.000,9999.000,9999.000,9999.000,9999.000,9999.000,9999.000
202606071942,   1.885,   2.348,9999.000,9999.000,9999.000,9999.000,9999.000,9999.000,9999.000
202606071948,   1.963,   2.528,9999.000,9999.000,9999.000,9999.000,9999.000,9999.000,9999.000
202606071954,   2.043,   2.519,9999.000,9999.000,9999.000,9999.000,9999.000,9999.000,9999.000
202606072000,   2.122,   2.719,   0.400,   0.197,   2.719,   0.300,   2.619,   0.400,   2.719
202606072006,   2.202,   2.650,9999.000,9999.000,9999.000,9999.000,9999.000,9999.000,9999.000
202606072012,   2.281,   2.778,9999.000,9999.000,9999.000,9999.000,9999.000,9999.000,9999.000
202606072018,   2.360,   2.797,9999.000,9999.000,9999.000,9999.000,9999.000,9999.000,9999.000
202606072024,   2.439,   2.958,9999.000,9999.000,9999.000,9999.000,9999.000,9999.000,9999.000
202606072030,   2.517,   2.988,9999.000,9999.000,9999.000,9999.000,9999.000,9999.000,9999.000
202606072036,   2.595,   3.270,9999.000,9999.000,9999.000,9999.000,9999.000,9999.000,9999.000
202606072042,   2.671,   3.168,9999.000,9999.000,9999.000,9999.000,9999.000,9999.000,9999.000
202606072048,   2.747,   3.250,9999.000,9999.000,9999.000,9999.000,9999.000,9999.000,9999.000
202606072054,   2.821,   3.440,9999.000,9999.000,9999.000,9999.000,9999.000,9999.000,9999.000
202606072100,   2.894,   3.319,   0.400,   0.025,   3.319,   0.400,   3.319,   0.500,   3.419
202606072106,   2.965,   3.558,9999.000,9999.000,9999.000,9999.000,9999.000,9999.000,9999.000
202606072112,   3.035,   3.680,9999.000,9999.000,9999.000,9999.000,9999.000,9999.000,9999.000
202606072118,   3.103,   3.607,9999.000,9999.000,9999.000,9999.000,9999.000,9999.000,9999.000
202606072124,   3.169,   3.808,9999.000,9999.000,9999.000,9999.000,9999.000,9999.000,9999.000
202606072130,   3.233,   3.650,9999.000,9999.000,9999.000,9999.000,9999.000,9999.000,9999.000
202606072136,   3.296,   3.899,9999.000,9999.000,9999.000,9999.000,9999.000,9999.000,9999.000
202606072142,   3.356,   3.837,9999.000,9999.000,9999.000,9999.000,9999.000,9999.000,9999.000
202606072148,   3.414,   3.968,9999.000,9999.000,9999.000,9999.000,9999.000,9999.000,9999.000
202606072154,   3.470,   3.909,9999.000,9999.000,9999.000,9999.000,9999.000,9999.000,9999.000
202606072200,   3.524,   4.037,   0.400,   0.113,   4.037,   0.300,   3.937,   0.400,   4.037
202606072206,   3.575,   4.027,9999.000,9999.000,9999.000,9999.000,9999.000,9999.000,9999.000
202606072212,   3.624,   4.149,9999.000,9999.000,9999.000,9999.000,9999.000,9999.000,9999.000
202606072218,   3.670,   4.149,9999.000,9999.000,9999.000,9999.000,9999.000,9999.000,9999.000
202606072224,   3.714,   4.168,9999.000,9999.000,9999.000,9999.000,9999.000,9999.000,9999.000
202606072230,   3.756,   4.149,9999.000,9999.000,9999.000,9999.000,9999.000,9999.000,9999.000
202606072236,   3.794,   4.329,9999.000,9999.000,9999.000,9999.000,9999.000,9999.000,9999.000
202606072242,   3.830,   4.247,9999.000,9999.000,9999.000,9999.000,9999.000,9999.000,9999.000
202606072248,   3.863,   4.457,9999.000,9999.000,9999.000,9999.000,9999.000,9999.000,9999.000
202606072254,   3.893,   4.408,9999.000,9999.000,9999.000,9999.000,9999.000,9999.000,9999.000
202606072300,   3.920,   4.467,   0.400,   0.147,   4.467,   0.400,   4.467,   0.400,   4.467
202606072306,   3.945,   4.490,9999.000,9999.000,9999.000,9999.000,9999.000,9999.000,9999.000
202606072312,   3.966,   4.437,9999.000,9999.000,9999.000,9999.000,9999.000,9999.000,9999.000
202606072318,   3.985,   4.519,9999.000,9999.000,9999.000,9999.000,9999.000,9999.000,9999.000
202606072324,   4.000,   4.509,9999.000,9999.000,9999.000,9999.000,9999.000,9999.000,9999.000
202606072330,   4.013,   4.588,9999.000,9999.000,9999.000,9999.000,9999.000,9999.000,9999.000
202606072336,   4.022,   4.578,9999.000,9999.000,9999.000,9999.000,9999.000,9999.000,9999.000
202606072342,   4.029,   4.569,9999.000,9999.000,9999.000,9999.000,9999.000,9999.000,9999.000
202606072348,   4.033,   4.549,9999.000,9999.000,9999.000,9999.000,9999.000,9999.000,9999.000
202606072354,   4.033,   4.437,9999.000,9999.000,9999.000,9999.000,9999.000,9999.000,9999.000
202606080000,   4.031,   4.578,   0.400,   0.147,   4.578,   0.300,   4.478,   0.400,   4.578
202606080006,   4.027,   4.418,9999.000,9999.000,9999.000,9999.000,9999.000,9999.000,9999.000
202606080012,   4.019,   4.529,9999.000,9999.000,9999.000,9999.000,9999.000,9999.000,9999.000
202606080018,   4.009,   4.408,9999.000,9999.000,9999.000,9999.000,9999.000,9999.000,9999.000
202606080024,   3.997,   4.457,9999.000,9999.000,9999.000,9999.000,9999.000,9999.000,9999.000
202606080030,   3.982,   4.490,9999.000,9999.000,9999.000,9999.000,9999.000,9999.000,9999.000
202606080036,   3.964,   4.437,9999.000,9999.000,9999.000,9999.000,9999.000,9999.000,9999.000
202606080042,   3.945,   4.437,9999.000,9999.000,9999.000,9999.000,9999.000,9999.000,9999.000
202606080048,   3.923,   4.398,9999.000,9999.000,9999.000,9999.000,9999.000,9999.000,9999.000
202606080054,   3.900,   4.457,9999.000,9999.000,9999.000,9999.000,9999.000,9999.000,9999.000
202606080100,   3.874,   4.418,   0.500,   0.044,   4.418,   0.400,   4.318,   0.500,   4.418
202606080106,   3.847,   4.378,9999.000,9999.000,9999.000,9999.000,9999.000,9999.000,9999.000
202606080112,   3.818,   4.339,9999.000,9999.000,9999.000,9999.000,9999.000,9999.000,9999.000
202606080118,   3.788,   4.319,9999.000,9999.000,9999.000,9999.000,9999.000,9999.000,9999.000
202606080124,   3.756,   4.319,9999.000,9999.000,9999.000,9999.000,9999.000,9999.000,9999.000
202606080130,   3.723,   4.159,9999.000,9999.000,9999.000,9999.000,9999.000,9999.000,9999.000
202606080136,   3.689,   4.188,9999.000,9999.000,9999.000,9999.000,9999.000,9999.000,9999.000
202606080142,   3.654,   4.168,9999.000,9999.000,9999.000,9999.000,9999.000,9999.000,9999.000
202606080148,   3.619,   4.070,9999.000,9999.000,9999.000,9999.000,9999.000,9999.000,9999.000
202606080154,   3.582,   4.099,9999.000,9999.000,9999.000,9999.000,9999.000,9999.000,9999.000
202606080200,   3.545,   3.968,   0.400,   0.023,   3.968,   0.400,   3.968,   0.400,   3.968
202606080206,   3.507,   3.949,9999.000,9999.000,9999.000,9999.000,9999.000,9999.000,9999.000
202606080212,   3.469,   3.929,9999.000,9999.000,9999.000,9999.000,9999.000,9999.000,9999.000
202606080218,   3.430,   3.870,9999.000,9999.000,9999.000,9999.000,9999.000,9999.000,9999.000
202606080224,   3.391,   3.870,9999.000,9999.000,9999.000,9999.000,9999.000,9999.000,9999.000
202606080230,   3.352,   3.817,9999.000,9999.000,9999.000,9999.000,9999.000,9999.000,9999.000
202606080236,   3.313,   3.699,9999.000,9999.000,9999.000,9999.000,9999.000,9999.000,9999.000
202606080242,   3.275,   3.998,9999.000,9999.000,9999.000,9999.000,9999.000,9999.000,9999.000
202606080248,   3.236,   3.749,9999.000,9999.000,9999.000,9999.000,9999.000,9999.000,9999.000
202606080254,   3.198,   3.699,9999.000,9999.000,9999.000,9999.000,9999.000,9999.000,9999.000
202606080300,   3.161,   3.739,   0.300,   0.278,   3.739,   0.300,   3.739,   0.400,   3.839
202606080306,   3.124,   3.670,9999.000,9999.000,9999.000,9999.000,9999.000,9999.000,9999.000
202606080312,   3.087,   3.617,9999.000,9999.000,9999.000,9999.000,9999.000,9999.000,9999.000
202606080318,   3.052,   3.578,9999.000,9999.000,9999.000,9999.000,9999.000,9999.000,9999.000
202606080324,   3.017,   3.519,9999.000,9999.000,9999.000,9999.000,9999.000,9999.000,9999.000
202606080330,   2.984,   3.548,9999.000,9999.000,9999.000,9999.000,9999.000,9999.000,9999.000
202606080336,   2.951,   3.499,9999.000,9999.000,9999.000,9999.000,9999.000,9999.000,9999.000
202606080342,   2.920,   3.309,9999.000,9999.000,9999.000,9999.000,9999.000,9999.000,9999.000
202606080348,   2.890,   3.378,9999.000,9999.000,9999.000,9999.000,9999.000,9999.000,9999.000
202606080354,   2.862,   3.319,9999.000,9999.000,9999.000,9999.000,9999.000,9999.000,9999.000
202606080400,   2.835,   3.240,   0.400,   0.005,   3.240,   0.300,   3.140,   0.400,   3.240
202606080406,   2.810,   3.270,9999.000,9999.000,9999.000,9999.000,9999.000,9999.000,9999.000
202606080412,   2.786,   3.129,9999.000,9999.000,9999.000,9999.000,9999.000,9999.000,9999.000
202606080418,   2.764,   3.299,9999.000,9999.000,9999.000,9999.000,9999.000,9999.000,9999.000
202606080424,   2.744,   3.197,9999.000,9999.000,9999.000,9999.000,9999.000,9999.000,9999.000
202606080430,   2.725,   3.240,9999.000,9999.000,9999.000,9999.000,9999.000,9999.000,9999.000
202606080436,   2.709,   3.168,9999.000,9999.000,9999.000,9999.000,9999.000,9999.000,9999.000
202606080442,   2.694,   3.230,9999.000,9999.000,9999.000,9999.000,9999.000,9999.000,9999.000
202606080448,   2.681,   3.158,9999.000,9999.000,9999.000,9999.000,9999.000,9999.000,9999.000
202606080454,   2.670,   3.378,9999.000,9999.000,9999.000,9999.000,9999.000,9999.000,9999.000
202606080500,   2.660,   3.119,   0.400,   0.059,   3.119,   0.400,   3.119,   0.500,   3.219
202606080506,   2.653,   3.440,9999.000,9999.000,9999.000,9999.000,9999.000,9999.000,9999.000
202606080512,   2.647,   3.138,9999.000,9999.000,9999.000,9999.000,9999.000,9999.000,9999.000
202606080518,   2.643,   3.309,9999.000,9999.000,9999.000,9999.000,9999.000,9999.000,9999.000
202606080524,   2.641,   3.260,9999.000,9999.000,9999.000,9999.000,9999.000,9999.000,9999.000
202606080530,   2.641,   3.129,9999.000,9999.000,9999.000,9999.000,9999.000,9999.000,9999.000
202606080536,   2.643,   3.158,9999.000,9999.000,9999.000,9999.000,9999.000,9999.000,9999.000
202606080542,   2.646,   3.207,9999.000,9999.000,9999.000,9999.000,9999.000,9999.000,9999.000
202606080548,   2.651,   3.148,9999.000,9999.000,9999.000,9999.000,9999.000,9999.000,9999.000
202606080554,   2.658,   3.260,9999.000,9999.000,9999.000,9999.000,9999.000,9999.000,9999.000
202606080600,   2.667,   3.040,   0.300,   0.073,   3.040,   0.300,   3.040,   0.400,   3.140
202606080606,   2.677,   3.230,9999.000,9999.000,9999.000,9999.000,9999.000,9999.000,9999.000
202606080612,   2.689,   3.060,9999.000,9999.000,9999.000,9999.000,9999.000,9999.000,9999.000
202606080618,   2.702,   3.299,9999.000,9999.000,9999.000,9999.000,9999.000,9999.000,9999.000
202606080624,   2.717,   3.060,9999.000,9999.000,9999.000,9999.000,9999.000,9999.000,9999.000
202606080630,   2.734,   3.319,9999.000,9999.000,9999.000,9999.000,9999.000,9999.000,9999.000
202606080636,   2.752,   3.207,9999.000,9999.000,9999.000,9999.000,9999.000,9999.000,9999.000
202606080642,   2.772,   3.368,9999.000,9999.000,9999.000,9999.000,9999.000,9999.000,9999.000
202606080648,   2.793,   3.207,9999.000,9999.000,9999.000,9999.000,9999.000,9999.000,9999.000
202606080654,   2.815,   3.368,9999.000,9999.000,9999.000,9999.000,9999.000,9999.000,9999.000
202606080700,   2.839,   3.417,   0.300,   0.278,   3.417,   0.300,   3.417,   0.400,   3.517
202606080706,   2.864,   3.440,9999.000,9999.000,9999.000,9999.000,9999.000,9999.000,9999.000
202606080712,   2.890,   3.450,9999.000,9999.000,9999.000,9999.000,9999.000,9999.000,9999.000
202606080718,   2.917,   3.509,9999.000,9999.000,9999.000,9999.000,9999.000,9999.000,9999.000
202606080724,   2.945,   3.470,9999.000,9999.000,9999.000,9999.000,9999.000,9999.000,9999.000
202606080730,   2.974,   3.568,9999.000,9999.000,9999.000,9999.000,9999.000,9999.000,9999.000
202606080736,   3.004,   3.539,9999.000,9999.000,9999.000,9999.000,9999.000,9999.000,9999.000
202606080742,   3.034,   3.568,9999.000,9999.000,9999.000,9999.000,9999.000,9999.000,9999.000
202606080748,   3.065,   3.548,9999.000,9999.000,9999.000,9999.000,9999.000,9999.000,9999.000
202606080754,   3.097,   3.617,9999.000,9999.000,9999.000,9999.000,9999.000,9999.000,9999.000
202606080800,   3.128,   3.568,   0.400,   0.040,   3.568,   0.400,   3.568,   0.500,   3.668
202606080806,   3.160,   3.808,9999.000,9999.000,9999.000,9999.000,9999.000,9999.000,9999.000
202606080812,   3.191,   3.588,9999.000,9999.000,9999.000,9999.000,9999.000,9999.000,9999.000
202606080818,   3.222,   3.890,9999.000,9999.000,9999.000,9999.000,9999.000,9999.000,9999.000
202606080824,   3.253,   3.588,9999.000,9999.000,9999.000,9999.000,9999.000,9999.000,9999.000
202606080830,   3.284,   3.870,9999.000,9999.000,9999.000,9999.000,9999.000,9999.000,9999.000
202606080836,   3.313,   3.729,9999.000,9999.000,9999.000,9999.000,9999.000,9999.000,9999.000
202606080842,   3.342,   3.890,9999.000,9999.000,9999.000,9999.000,9999.000,9999.000,9999.000
202606080848,   3.370,   3.919,9999.000,9999.000,9999.000,9999.000,9999.000,9999.000,9999.000
202606080854,   3.397,   3.929,9999.000,9999.000,9999.000,9999.000,9999.000,9999.000,9999.000
202606080900,   3.423,   3.958,   0.400,   0.135,   3.958,   0.400,   3.958,   0.500,   4.058
202606080906,   3.447,   3.929,9999.000,9999.000,9999.000,9999.000,9999.000,9999.000,9999.000
202606080912,   3.470,   4.017,9999.000,9999.000,9999.000,9999.000,9999.000,9999.000,9999.000
202606080918,   3.492,   3.968,9999.000,9999.000,9999.000,9999.000,9999.000,9999.000,9999.000
202606080924,   3.512,   3.998,9999.000,9999.000,9999.000,9999.000,9999.000,9999.000,9999.000
202606080930,   3.530,   4.070,9999.000,9999.000,9999.000,9999.000,9999.000,9999.000,9999.000
202606080936,   3.547,   4.080,9999.000,9999.000,9999.000,9999.000,9999.000,9999.000,9999.000
202606080942,   3.562,   4.159,9999.000,9999.000,9999.000,9999.000,9999.000,9999.000,9999.000
202606080948,   3.575,   4.070,9999.000,9999.000,9999.000,9999.000,9999.000,9999.000,9999.000
202606080954,   3.587,   4.099,9999.000,9999.000,9999.000,9999.000,9999.000,9999.000,9999.000
202606081000,   3.596,   4.139,   0.400,   0.143,   4.139,   0.300,   4.039,   0.400,   4.139
202606081006,   3.603,   4.070,9999.000,9999.000,9999.000,9999.000,9999.000,9999.000,9999.000
202606081012,   3.609,   4.198,9999.000,9999.000,9999.000,9999.000,9999.000,9999.000,9999.000
202606081018,   3.612,   4.188,9999.000,9999.000,9999.000,9999.000,9999.000,9999.000,9999.000
202606081024,   3.613,   4.099,9999.000,9999.000,9999.000,9999.000,9999.000,9999.000,9999.000
202606081030,   3.612,   4.267,9999.000,9999.000,9999.000,9999.000,9999.000,9999.000,9999.000
202606081036,   3.609,   4.047,9999.000,9999.000,9999.000,9999.000,9999.000,9999.000,9999.000
202606081042,   3.604,   4.208,9999.000,9999.000,9999.000,9999.000,9999.000,9999.000,9999.000
202606081048,   3.596,   4.129,9999.000,9999.000,9999.000,9999.000,9999.000,9999.000,9999.000
202606081054,   3.587,   4.149,9999.000,9999.000,9999.000,9999.000,9999.000,9999.000,9999.000
202606081100,   3.574,   4.218,   0.400,   0.244,   4.218,   0.300,   4.118,   0.400,   4.218
202606081106,   3.560,   4.037,9999.000,9999.000,9999.000,9999.000,9999.000,9999.000,9999.000
202606081112,   3.543,   4.208,9999.000,9999.000,9999.000,9999.000,9999.000,9999.000,9999.000
202606081118,   3.524,   4.099,9999.000,9999.000,9999.000,9999.000,9999.000,9999.000,9999.000
202606081124,   3.502,   4.109,9999.000,9999.000,9999.000,9999.000,9999.000,9999.000,9999.000
202606081130,   3.478,   3.949,9999.000,9999.000,9999.000,9999.000,9999.000,9999.000,9999.000
202606081136,   3.451,   4.047,9999.000,9999.000,9999.000,9999.000,9999.000,9999.000,9999.000
202606081142,   3.422,   3.880,9999.000,9999.000,9999.000,9999.000,9999.000,9999.000,9999.000
202606081148,   3.391,   3.899,9999.000,9999.000,9999.000,9999.000,9999.000,9999.000,9999.000
202606081154,   3.357,   3.929,9999.000,9999.000,9999.000,9999.000,9999.000,9999.000,9999.000
202606081200,   3.320,   3.778,   0.400,   0.058,   3.778,   0.400,   3.778,   0.500,   3.878
202606081206,   3.281,   3.817,9999.000,9999.000,9999.000,9999.000,9999.000,9999.000,9999.000
202606081212,   3.240,   3.709,9999.000,9999.000,9999.000,9999.000,9999.000,9999.000,9999.000
202606081218,   3.197,   3.719,9999.000,9999.000,9999.000,9999.000,9999.000,9999.000,9999.000
202606081224,   3.151,   3.650,9999.000,9999.000,9999.000,9999.000,9999.000,9999.000,9999.000
202606081230,   3.103,   3.650,9999.000,9999.000,9999.000,9999.000,9999.000,9999.000,9999.000
202606081236,   3.053,   3.558,9999.000,9999.000,9999.000,9999.000,9999.000,9999.000,9999.000
202606081242,   3.002,   3.680,9999.000,9999.000,9999.000,9999.000,9999.000,9999.000,9999.000
202606081248,   2.948,   3.450,9999.000,9999.000,9999.000,9999.000,9999.000,9999.000,9999.000
202606081254,   2.893,   3.480,9999.000,9999.000,9999.000,9999.000,9999.000,9999.000,9999.000
202606081300,   2.836,   3.378,   0.500,   0.042,   3.378,   0.400,   3.278,   0.500,   3.378
202606081306,   2.777,   3.388,9999.000,9999.000,9999.000,9999.000,9999.000,9999.000,9999.000
202606081312,   2.718,   3.230,9999.000,9999.000,9999.000,9999.000,9999.000,9999.000,9999.000
202606081318,   2.657,   3.388,9999.000,9999.000,9999.000,9999.000,9999.000,9999.000,9999.000
202606081324,   2.595,   2.997,9999.000,9999.000,9999.000,9999.000,9999.000,9999.000,9999.000
202606081330,   2.532,   3.207,9999.000,9999.000,9999.000,9999.000,9999.000,9999.000,9999.000
202606081336,   2.468,   3.050,9999.000,9999.000,9999.000,9999.000,9999.000,9999.000,9999.000
202606081342,   2.404,   2.850,9999.000,9999.000,9999.000,9999.000,9999.000,9999.000,9999.000
202606081348,   2.340,   2.787,9999.000,9999.000,9999.000,9999.000,9999.000,9999.000,9999.000
202606081354,   2.275,   2.787,9999.000,9999.000,9999.000,9999.000,9999.000,9999.000,9999.000
202606081400,   2.209,   2.597,   0.400,  -0.012,   2.597,   0.400,   2.597,   0.500,   2.697
202606081406,   2.144,   2.797,9999.000,9999.000,9999.000,9999.000,9999.000,9999.000,9999.000
202606081412,   2.079,   2.328,9999.000,9999.000,9999.000,9999.000,9999.000,9999.000,9999.000
202606081418,   2.014,   2.699,9999.000,9999.000,9999.000,9999.000,9999.000,9999.000,9999.000
202606081424,   1.950,   2.279,9999.000,9999.000,9999.000,9999.000,9999.000,9999.000,9999.000
202606081430,   1.886,   2.509,9999.000,9999.000,9999.000,9999.000,9999.000,9999.000,9999.000
202606081436,   1.822,   2.259,9999.000,9999.000,9999.000,9999.000,9999.000,9999.000,9999.000
202606081442,   1.759,   2.368,9999.000,9999.000,9999.000,9999.000,9999.000,9999.000,9999.000
202606081448,   1.697,   2.168,9999.000,9999.000,9999.000,9999.000,9999.000,9999.000,9999.000
202606081454,   1.636,   2.269,9999.000,9999.000,9999.000,9999.000,9999.000,9999.000,9999.000
202606081500,   1.577,   2.118,   0.300,   0.241,   2.118,   0.300,   2.118,   0.400,   2.218
202606081506,   1.518,   2.138,9999.000,9999.000,9999.000,9999.000,9999.000,9999.000,9999.000
202606081512,   1.461,   2.040,9999.000,9999.000,9999.000,9999.000,9999.000,9999.000,9999.000
202606081518,   1.405,   2.000,9999.000,9999.000,9999.000,9999.000,9999.000,9999.000,9999.000
202606081524,   1.351,   1.840,9999.000,9999.000,9999.000,9999.000,9999.000,9999.000,9999.000
202606081530,   1.298,   1.869,9999.000,9999.000,9999.000,9999.000,9999.000,9999.000,9999.000
202606081536,   1.248,   1.748,9999.000,9999.000,9999.000,9999.000,9999.000,9999.000,9999.000
202606081542,   1.199,   1.689,9999.000,9999.000,9999.000,9999.000,9999.000,9999.000,9999.000
202606081548,   1.153,   1.748,9999.000,9999.000,9999.000,9999.000,9999.000,9999.000,9999.000
202606081554,   1.108,   1.469,9999.000,9999.000,9999.000,9999.000,9999.000,9999.000,9999.000
202606081600,   1.067,   1.639,   0.400,   0.172,   1.639,   0.300,   1.539,   0.400,   1.639
202606081606,   1.027,   1.390,9999.000,9999.000,9999.000,9999.000,9999.000,9999.000,9999.000
202606081612,   0.991,   1.459,9999.000,9999.000,9999.000,9999.000,9999.000,9999.000,9999.000
202606081618,   0.956,   1.479,9999.000,9999.000,9999.000,9999.000,9999.000,9999.000,9999.000
202606081624,   0.925,   1.371,9999.000,9999.000,9999.000,9999.000,9999.000,9999.000,9999.000
202606081630,   0.897,   1.410,9999.000,9999.000,9999.000,9999.000,9999.000,9999.000,9999.000
202606081636,   0.872,   1.538,9999.000,9999.000,9999.000,9999.000,9999.000,9999.000,9999.000
202606081642,   0.849,   1.210,9999.000,9999.000,9999.000,9999.000,9999.000,9999.000,9999.000
202606081648,   0.830,   1.538,9999.000,9999.000,9999.000,9999.000,9999.000,9999.000,9999.000
202606081654,   0.814,   1.328,9999.000,9999.000,9999.000,9999.000,9999.000,9999.000,9999.000
202606081700,   0.802,   1.289,   0.500,  -0.013,   1.289,   0.400,   1.189,   0.500,   1.289
202606081706,   0.792,   1.308,9999.000,9999.000,9999.000,9999.000,9999.000,9999.000,9999.000
202606081712,   0.786,   1.298,9999.000,9999.000,9999.000,9999.000,9999.000,9999.000,9999.000
202606081718,   0.784,   1.269,9999.000,9999.000,9999.000,9999.000,9999.000,9999.000,9999.000
202606081724,   0.784,   1.338,9999.000,9999.000,9999.000,9999.000,9999.000,9999.000,9999.000
202606081730,   0.788,   1.229,9999.000,9999.000,9999.000,9999.000,9999.000,9999.000,9999.000
202606081736,   0.796,   1.239,9999.000,9999.000,9999.000,9999.000,9999.000,9999.000,9999.000
202606081742,   0.807,   1.269,9999.000,9999.000,9999.000,9999.000,9999.000,9999.000,9999.000
202606081748,   0.821,   1.239,9999.000,9999.000,9999.000,9999.000,9999.000,9999.000,9999.000
202606081754,   0.839,   1.371,9999.000,9999.000,9999.000,9999.000,9999.000,9999.000,9999.000
202606081800,   0.860,   1.289,   0.400,   0.029,   1.289,   0.300,   1.189,   0.400,   1.289
202606081806,   0.885,   1.380,9999.000,9999.000,9999.000,9999.000,9999.000,9999.000,9999.000
202606081812,   0.912,   1.449,9999.000,9999.000,9999.000,9999.000,9999.000,9999.000,9999.000
202606081818,   0.943,   1.630,9999.000,9999.000,9999.000,9999.000,9999.000,9999.000,9999.000
202606081824,   0.978,   1.249,9999.000,9999.000,9999.000,9999.000,9999.000,9999.000,9999.000
202606081830,   1.015,   1.679,9999.000,9999.000,9999.000,9999.000,9999.000,9999.000,9999.000
202606081836,   1.056,   1.469,9999.000,9999.000,9999.000,9999.000,9999.000,9999.000,9999.000
202606081842,   1.100,   1.840,9999.000,9999.000,9999.000,9999.000,9999.000,9999.000,9999.000
202606081848,   1.146,   1.548,9999.000,9999.000,9999.000,9999.000,9999.000,9999.000,9999.000
202606081854,   1.196,   1.748,9999.000,9999.000,9999.000,9999.000,9999.000,9999.000,9999.000
202606081900,   1.249,   1.820,   0.300,   0.271,   1.820,   0.300,   1.820,   0.400,   1.920
202606081906,   1.305,   1.849,9999.000,9999.000,9999.000,9999.000,9999.000,9999.000,9999.000
202606081912,   1.363,   1.869,9999.000,9999.000,9999.000,9999.000,9999.000,9999.000,9999.000
202606081918,   1.424,   2.020,9999.000,9999.000,9999.000,9999.000,9999.000,9999.000,9999.000
202606081924,   1.488,   1.918,9999.000,9999.000,9999.000,9999.000,9999.000,9999.000,9999.000
202606081930,   1.554,   2.059,9999.000,9999.000,9999.000,9999.000,9999.000,9999.000,9999.000
202606081936,   1.622,   2.200,9999.000,9999.000,9999.000,9999.000,9999.000,9999.000,9999.000
202606081942,   1.693,   2.158,9999.000,9999.000,9999.000,9999.000,9999.000,9999.000,9999.000
202606081948,   1.766,   2.191,9999.000,9999.000,9999.000,9999.000,9999.000,9999.000,9999.000
202606081954,   1.840,   2.459,9999.000,9999.000,9999.000,9999.000,9999.000,9999.000,9999.000
202606082000,   1.916,   2.259,   0.400,  -0.057,   2.259,   0.300,   2.159,   0.400,   2.259
202606082006,   1.994,   2.479,9999.000,9999.000,9999.000,9999.000,9999.000,9999.000,9999.000
202606082012,   2.074,   2.558,9999.000,9999.000,9999.000,9999.000,9999.000,9999.000,9999.000
202606082018,   2.154,   2.587,9999.000,9999.000,9999.000,9999.000,9999.000,9999.000,9999.000
202606082024,   2.236,   2.807,9999.000,9999.000,9999.000,9999.000,9999.000,9999.000,9999.000
202606082030,   2.318,   2.830,9999.000,9999.000,9999.000,9999.000,9999.000,9999.000,9999.000
202606082036,   2.401,   2.879,9999.000,9999.000,9999.000,9999.000,9999.000,9999.000,9999.000
202606082042,   2.484,   2.909,9999.000,9999.000,9999.000,9999.000,9999.000,9999.000,9999.000
202606082048,   2.568,   3.040,9999.000,9999.000,9999.000,9999.000,9999.000,9999.000,9999.000
202606082054,   2.652,   3.079,9999.000,9999.000,9999.000,9999.000,9999.000,9999.000,9999.000
202606082100,   2.735,   3.260,   0.400,   0.125,   3.260,   0.400,   3.260,   0.500,   3.360
202606082106,   2.818,   3.197,9999.000,9999.000,9999.000,9999.000,9999.000,9999.000,9999.000
202606082112,   2.901,   3.339,9999.000,9999.000,9999.000,9999.000,9999.000,9999.000,9999.000
202606082118,   2.983,   3.617,9999.000,9999.000,9999.000,9999.000,9999.000,9999.000,9999.000
202606082124,   3.064,   3.450,9999.000,9999.000,9999.000,9999.000,9999.000,9999.000,9999.000
202606082130,   3.144,   3.689,9999.000,9999.000,9999.000,9999.000,9999.000,9999.000,9999.000
202606082136,   3.223,   3.670,9999.000,9999.000,9999.000,9999.000,9999.000,9999.000,9999.000
202606082142,   3.300,   3.739,9999.000,9999.000,9999.000,9999.000,9999.000,9999.000,9999.000
202606082148,   3.376,   3.929,9999.000,9999.000,9999.000,9999.000,9999.000,9999.000,9999.000
202606082154,   3.451,   3.958,9999.000,9999.000,9999.000,9999.000,9999.000,9999.000,9999.000
202606082200,   3.523,   3.998,   0.400,   0.075,   3.998,   0.400,   3.998,   0.500,   4.098
202606082206,   3.594,   4.149,9999.000,9999.000,9999.000,9999.000,9999.000,9999.000,9999.000
202606082212,   3.663,   4.070,9999.000,9999.000,9999.000,9999.000,9999.000,9999.000,9999.000
202606082218,   3.729,   4.290,9999.000,9999.000,9999.000,9999.000,9999.000,9999.000,9999.000
202606082224,   3.794,   4.139,9999.000,9999.000,9999.000,9999.000,9999.000,9999.000,9999.000
202606082230,   3.856,   4.208,9999.000,9999.000,9999.000,9999.000,9999.000,9999.000,9999.000
202606082236,   3.916,   4.467,9999.000,9999.000,9999.000,9999.000,9999.000,9999.000,9999.000
202606082242,   3.973,   4.457,9999.000,9999.000,9999.000,9999.000,9999.000,9999.000,9999.000
202606082248,   4.027,   4.247,9999.000,9999.000,9999.000,9999.000,9999.000,9999.000,9999.000
202606082254,   4.079,   4.509,9999.000,9999.000,9999.000,9999.000,9999.000,9999.000,9999.000
202606082300,   4.128,   4.608,   0.400,   0.080,   4.608,   0.300,   4.508,   0.400,   4.608
202606082306,   4.174,   4.549,9999.000,9999.000,9999.000,9999.000,9999.000,9999.000,9999.000
202606082312,   4.217,   4.588,9999.000,9999.000,9999.000,9999.000,9999.000,9999.000,9999.000
202606082318,   4.257,   4.769,9999.000,9999.000,9999.000,9999.000,9999.000,9999.000,9999.000
202606082324,   4.294,   4.637,9999.000,9999.000,9999.000,9999.000,9999.000,9999.000,9999.000
202606082330,   4.328,   4.877,9999.000,9999.000,9999.000,9999.000,9999.000,9999.000,9999.000
202606082336,   4.358,   4.739,9999.000,9999.000,9999.000,9999.000,9999.000,9999.000,9999.000
202606082342,   4.385,   5.038,9999.000,9999.000,9999.000,9999.000,9999.000,9999.000,9999.000
202606082348,   4.409,   4.618,9999.000,9999.000,9999.000,9999.000,9999.000,9999.000,9999.000
202606082354,   4.429,   5.047,9999.000,9999.000,9999.000,9999.000,9999.000,9999.000,9999.000
202606090000,   4.445,   4.788,   0.400,  -0.057,   4.788,   0.400,   4.788,   0.500,   4.888
202606090006,   4.458,   4.910,9999.000,9999.000,9999.000,9999.000,9999.000,9999.000,9999.000
202606090012,   4.467,   4.887,9999.000,9999.000,9999.000,9999.000,9999.000,9999.000,9999.000
202606090018,   4.473,   4.959,9999.000,9999.000,9999.000,9999.000,9999.000,9999.000,9999.000
202606090024,   4.475,   5.008,9999.000,9999.000,9999.000,9999.000,9999.000,9999.000,9999.000
202606090030,   4.473,   4.857,9999.000,9999.000,9999.000,9999.000,9999.000,9999.000,9999.000
202606090036,   4.468,   4.769,9999.000,9999.000,9999.000,9999.000,9999.000,9999.000,9999.000
202606090042,   4.459,   4.988,9999.000,9999.000,9999.000,9999.000,9999.000,9999.000,9999.000
202606090048,   4.447,   4.808,9999.000,9999.000,9999.000,9999.000,9999.000,9999.000,9999.000
202606090054,   4.431,   4.949,9999.000,9999.000,9999.000,9999.000,9999.000,9999.000,9999.000
202606090100,   4.412,   4.877,   0.500,  -0.035,   4.877,   0.400,   4.777,   0.500,   4.877
202606090106,   4.390,   4.778,9999.000,9999.000,9999.000,9999.000,9999.000,9999.000,9999.000
202606090112,   4.365,   4.857,9999.000,9999.000,9999.000,9999.000,9999.000,9999.000,9999.000
202606090118,   4.336,   4.700,9999.000,9999.000,9999.000,9999.000,9999.000,9999.000,9999.000
202606090124,   4.305,   4.939,9999.000,9999.000,9999.000,9999.000,9999.000,9999.000,9999.000
202606090130,   4.271,   4.637,9999.000,9999.000,9999.000,9999.000,9999.000,9999.000,9999.000
202606090136,   4.234,   4.667,9999.000,9999.000,9999.000,9999.000,9999.000,9999.000,9999.000
202606090142,   4.195,   4.700,9999.000,9999.000,9999.000,9999.000,9999.000,9999.000,9999.000
202606090148,   4.153,   4.618,9999.000,9999.000,9999.000,9999.000,9999.000,9999.000,9999.000
202606090154,   4.109,   4.569,9999.000,9999.000,9999.000,9999.000,9999.000,9999.000,9999.000
202606090200,   4.063,   4.647,   0.400,   0.184,   4.647,   0.300,   4.547,   0.500,   4.747
202606090206,   4.016,   4.608,9999.000,9999.000,9999.000,9999.000,9999.000,9999.000,9999.000
202606090212,   3.966,   4.290,9999.000,9999.000,9999.000,9999.000,9999.000,9999.000,9999.000
202606090218,   3.915,   4.398,9999.000,9999.000,9999.000,9999.000,9999.000,9999.000,9999.000
202606090224,   3.862,   4.368,9999.000,9999.000,9999.000,9999.000,9999.000,9999.000,9999.000
202606090230,   3.808,   4.319,9999.000,9999.000,9999.000,9999.000,9999.000,9999.000,9999.000
202606090236,   3.753,   4.437,9999.000,9999.000,9999.000,9999.000,9999.000,9999.000,9999.000
202606090242,   3.696,   4.159,9999.000,9999.000,9999.000,9999.000,9999.000,9999.000,9999.000
202606090248,   3.639,   4.168,9999.000,9999.000,9999.000,9999.000,9999.000,9999.000,9999.000
202606090254,   3.580,   4.139,9999.000,9999.000,9999.000,9999.000,9999.000,9999.000,9999.000
202606090300,   3.521,   3.808,   0.400,  -0.113,   3.808,   0.300,   3.708,   0.400,   3.808
202606090306,   3.462,   4.090,9999.000,9999.000,9999.000,9999.000,9999.000,9999.000,9999.000
202606090312,   3.402,   3.847,9999.000,9999.000,9999.000,9999.000,9999.000,9999.000,9999.000
202606090318,   3.341,   4.037,9999.000,9999.000,9999.000,9999.000,9999.000,9999.000,9999.000
202606090324,   3.281,   3.699,9999.000,9999.000,9999.000,9999.000,9999.000,9999.000,9999.000
202606090330,   3.220,   3.749,9999.000,9999.000,9999.000,9999.000,9999.000,9999.000,9999.000
202606090336,   3.159,   3.778,9999.000,9999.000,9999.000,9999.000,9999.000,9999.000,9999.000
202606090342,   3.099,   3.568,9999.000,9999.000,9999.000,9999.000,9999.000,9999.000,9999.000
202606090348,   3.038,   3.519,9999.000,9999.000,9999.000,9999.000,9999.000,9999.000,9999.000
202606090354,   2.979,   3.519,9999.000,9999.000,9999.000,9999.000,9999.000,9999.000,9999.000
202606090400,   2.920,   3.339,   0.400,   0.019,   3.339,   0.300,   3.239,   0.500,   3.439
202606090406,   2.861,   3.617,9999.000,9999.000,9999.000,9999.000,9999.000,9999.000,9999.000
202606090412,   2.803,   3.148,9999.000,9999.000,9999.000,9999.000,9999.000,9999.000,9999.000
202606090418,   2.747,   3.480,9999.000,9999.000,9999.000,9999.000,9999.000,9999.000,9999.000
202606090424,   2.691,   3.060,9999.000,9999.000,9999.000,9999.000,9999.000,9999.000,9999.000
202606090430,   2.637,   3.109,9999.000,9999.000,9999.000,9999.000,9999.000,9999.000,9999.000
202606090436,   2.585,   3.158,9999.000,9999.000,9999.000,9999.000,9999.000,9999.000,9999.000
202606090442,   2.533,   2.929,9999.000,9999.000,9999.000,9999.000,9999.000,9999.000,9999.000
202606090448,   2.484,   3.207,9999.000,9999.000,9999.000,9999.000,9999.000,9999.000,9999.000
202606090454,   2.436,   2.840,9999.000,9999.000,9999.000,9999.000,9999.000,9999.000,9999.000
202606090500,   2.390,   3.050,   0.400,   0.260,   3.050,   0.400,   3.050,   0.400,   3.050
202606090506,   2.346,   2.820,9999.000,9999.000,9999.000,9999.000,9999.000,9999.000,9999.000
202606090512,   2.305,   2.699,9999.000,9999.000,9999.000,9999.000,9999.000,9999.000,9999.000
202606090518,   2.265,   2.860,9999.000,9999.000,9999.000,9999.000,9999.000,9999.000,9999.000
202606090524,   2.228,   2.738,9999.000,9999.000,9999.000,9999.000,9999.000,9999.000,9999.000
202606090530,   2.193,   2.748,9999.000,9999.000,9999.000,9999.000,9999.000,9999.000,9999.000
202606090536,   2.160,   2.669,9999.000,9999.000,9999.000,9999.000,9999.000,9999.000,9999.000
202606090542,   2.130,   2.650,9999.000,9999.000,9999.000,9999.000,9999.000,9999.000,9999.000
202606090548,   2.102,   2.689,9999.000,9999.000,9999.000,9999.000,9999.000,9999.000,9999.000
202606090554,   2.077,   2.578,9999.000,9999.000,9999.000,9999.000,9999.000,9999.000,9999.000
202606090600,   2.054,   2.509,   0.400,   0.055,   2.509,   0.400,   2.509,   0.500,   2.609
202606090606,   2.034,   2.597,9999.000,9999.000,9999.000,9999.000,9999.000,9999.000,9999.000
202606090612,   2.017,   2.309,9999.000,9999.000,9999.000,9999.000,9999.000,9999.000,9999.000
202606090618,   2.002,   2.807,9999.000,9999.000,9999.000,9999.000,9999.000,9999.000,9999.000
202606090624,   1.990,   2.420,9999.000,9999.000,9999.000,9999.000,9999.000,9999.000,9999.000
202606090630,   1.980,   2.699,9999.000,9999.000,9999.000,9999.000,9999.000,9999.000,9999.000
202606090636,   1.973,   2.358,9999.000,9999.000,9999.000,9999.000,9999.000,9999.000,9999.000
202606090642,   1.969,   2.528,9999.000,9999.000,9999.000,9999.000,9999.000,9999.000,9999.000
202606090648,   1.967,   2.420,9999.000,9999.000,9999.000,9999.000,9999.000,9999.000,9999.000
202606090654,   1.968,   2.519,9999.000,9999.000,9999.000,9999.000,9999.000,9999.000,9999.000
202606090700,   1.971,   2.669,   0.400,   0.298,   2.669,   0.400,   2.669,   0.400,   2.669
202606090706,   1.977,   2.377,9999.000,9999.000,9999.000,9999.000,9999.000,9999.000,9999.000
202606090712,   1.985,   2.768,9999.000,9999.000,9999.000,9999.000,9999.000,9999.000,9999.000
202606090718,   1.996,   2.410,9999.000,9999.000,9999.000,9999.000,9999.000,9999.000,9999.000
202606090724,   2.008,   2.669,9999.000,9999.000,9999.000,9999.000,9999.000,9999.000,9999.000
202606090730,   2.024,   2.578,9999.000,9999.000,9999.000,9999.000,9999.000,9999.000,9999.000
202606090736,   2.041,   2.548,9999.000,9999.000,9999.000,9999.000,9999.000,9999.000,9999.000
202606090742,   2.061,   2.620,9999.000,9999.000,9999.000,9999.000,9999.000,9999.000,9999.000
202606090748,   2.083,   2.528,9999.000,9999.000,9999.000,9999.000,9999.000,9999.000,9999.000
202606090754,   2.107,   2.787,9999.000,9999.000,9999.000,9999.000,9999.000,9999.000,9999.000
202606090800,   2.133,   2.489,   0.400,  -0.044,   2.489,   0.300,   2.389,   0.500,   2.589
202606090806,   2.161,   2.997,9999.000,9999.000,9999.000,9999.000,9999.000,9999.000,9999.000
202606090812,   2.190,   2.620,9999.000,9999.000,9999.000,9999.000,9999.000,9999.000,9999.000
202606090818,   2.222,   2.748,9999.000,9999.000,9999.000,9999.000,9999.000,9999.000,9999.000
202606090824,   2.254,   2.787,9999.000,9999.000,9999.000,9999.000,9999.000,9999.000,9999.000
202606090830,   2.289,   2.778,9999.000,9999.000,9999.000,9999.000,9999.000,9999.000,9999.000
202606090836,   2.324,   2.778,9999.000,9999.000,9999.000,9999.000,9999.000,9999.000,9999.000
202606090842,   2.360,   3.158,9999.000,9999.000,9999.000,9999.000,9999.000,9999.000,9999.000
202606090848,   2.398,   2.919,9999.000,9999.000,9999.000,9999.000,9999.000,9999.000,9999.000
202606090854,   2.436,   2.948,9999.000,9999.000,9999.000,9999.000,9999.000,9999.000,9999.000
202606090900,   2.475,   3.250,   0.500,   0.275,   3.250,   0.400,   3.150,   0.500,   3.250
202606090906,   2.515,   2.787,9999.000,9999.000,9999.000,9999.000,9999.000,9999.000,9999.000
202606090912,   2.554,   3.279,9999.000,9999.000,9999.000,9999.000,9999.000,9999.000,9999.000
202606090918,   2.594,   2.988,9999.000,9999.000,9999.000,9999.000,9999.000,9999.000,9999.000
202606090924,   2.634,   3.217,9999.000,9999.000,9999.000,9999.000,9999.000,9999.000,9999.000
202606090930,   2.674,   3.358,9999.000,9999.000,9999.000,9999.000,9999.000,9999.000,9999.000
202606090936,   2.714,   3.207,9999.000,9999.000,9999.000,9999.000,9999.000,9999.000,9999.000
202606090942,   2.754,   3.348,9999.000,9999.000,9999.000,9999.000,9999.000,9999.000,9999.000
202606090948,   2.792,   3.309,9999.000,9999.000,9999.000,9999.000,9999.000,9999.000,9999.000
202606090954,   2.831,   3.240,9999.000,9999.000,9999.000,9999.000,9999.000,9999.000,9999.000
202606091000,   2.868,   3.460,   0.500,   0.092,   3.460,   0.400,   3.360,   0.500,   3.460
202606091006,   2.905,   3.427,9999.000,9999.000,9999.000,9999.000,9999.000,9999.000,9999.000
202606091012,   2.940,   3.499,9999.000,9999.000,9999.000,9999.000,9999.000,9999.000,9999.000
202606091018,   2.975,   3.758,9999.000,9999.000,9999.000,9999.000,9999.000,9999.000,9999.000
202606091024,   3.008,   3.329,9999.000,9999.000,9999.000,9999.000,9999.000,9999.000,9999.000
202606091030,   3.040,   3.739,9999.000,9999.000,9999.000,9999.000,9999.000,9999.000,9999.000
202606091036,   3.070,   3.339,9999.000,9999.000,9999.000,9999.000,9999.000,9999.000,9999.000
202606091042,   3.099,   3.768,9999.000,9999.000,9999.000,9999.000,9999.000,9999.000,9999.000
202606091048,   3.127,   3.709,9999.000,9999.000,9999.000,9999.000,9999.000,9999.000,9999.000
202606091054,   3.153,   3.758,9999.000,9999.000,9999.000,9999.000,9999.000,9999.000,9999.000
202606091100,   3.177,   3.798,   0.400,   0.221,   3.798,   0.400,   3.798,   0.500,   3.898
202606091106,   3.199,   3.798,9999.000,9999.000,9999.000,9999.000,9999.000,9999.000,9999.000
202606091112,   3.220,   3.719,9999.000,9999.000,9999.000,9999.000,9999.000,9999.000,9999.000
202606091118,   3.238,   3.768,9999.000,9999.000,9999.000,9999.000,9999.000,9999.000,9999.000
202606091124,   3.255,   3.778,9999.000,9999.000,9999.000,9999.000,9999.000,9999.000,9999.000
202606091130,   3.269,   3.919,9999.000,9999.000,9999.000,9999.000,9999.000,9999.000,9999.000
202606091136,   3.281,   3.798,9999.000,9999.000,9999.000,9999.000,9999.000,9999.000,9999.000
202606091142,   3.291,   3.988,9999.000,9999.000,9999.000,9999.000,9999.000,9999.000,9999.000
202606091148,   3.298,   3.847,9999.000,9999.000,9999.000,9999.000,9999.000,9999.000,9999.000
202606091154,   3.303,   3.978,9999.000,9999.000,9999.000,9999.000,9999.000,9999.000,9999.000
202606091200,   3.306,   3.798,   0.500,  -0.008,   3.798,   0.500,   3.798,   0.500,   3.798
202606091206,   3.305,   3.827,9999.000,9999.000,9999.000,9999.000,9999.000,9999.000,9999.000
202606091212,   3.303,   3.929,9999.000,9999.000,9999.000,9999.000,9999.000,9999.000,9999.000
202606091218,   3.297,   3.689,9999.000,9999.000,9999.000,9999.000,9999.000,9999.000,9999.000
202606091224,   3.289,   3.978,9999.000,9999.000,9999.000,9999.000,9999.000,9999.000,9999.000
202606091230,   3.278,   3.870,9999.000,9999.000,9999.000,9999.000,9999.000,9999.000,9999.000
202606091236,   3.265,   3.870,9999.000,9999.000,9999.000,9999.000,9999.000,9999.000,9999.000
202606091242,   3.248,   3.847,9999.000,9999.000,9999.000,9999.000,9999.000,9999.000,9999.000
202606091248,   3.229,   3.749,9999.000,9999.000,9999.000,9999.000,9999.000,9999.000,9999.000
202606091254,   3.208,   3.758,9999.000,9999.000,9999.000,9999.000,9999.000,9999.000,9999.000
202606091300,   3.183,   3.650,   0.600,  -0.133,   3.650,   0.600,   3.650,   0.600,   3.650
202606091306,   3.156,   3.660,9999.000,9999.000,9999.000,9999.000,9999.000,9999.000,9999.000
202606091312,   3.126,   3.768,9999.000,9999.000,9999.000,9999.000,9999.000,9999.000,9999.000
202606091318,   3.094,   3.627,9999.000,9999.000,9999.000,9999.000,9999.000,9999.000,9999.000
202606091324,   3.060,   3.847,9999.000,9999.000,9999.000,9999.000,9999.000,9999.000,9999.000
202606091330,   3.023,   3.637,9999.000,9999.000,9999.000,9999.000,9999.000,9999.000,9999.000
202606091336,   2.984,   3.607,9999.000,9999.000,9999.000,9999.000,9999.000,9999.000,9999.000
202606091342,   2.943,   3.417,9999.000,9999.000,9999.000,9999.000,9999.000,9999.000,9999.000
202606091348,   2.900,   3.539,9999.000,9999.000,9999.000,9999.000,9999.000,9999.000,9999.000
202606091354,   2.855,   3.319,9999.000,9999.000,9999.000,9999.000,9999.000,9999.000,9999.000
202606091400,   2.808,   3.539,   0.500,   0.231,   3.539,   0.500,   3.539,   0.600,   3.639
202606091406,   2.760,   3.378,9999.000,9999.000,9999.000,9999.000,9999.000,9999.000,9999.000
202606091412,   2.711,   3.339,9999.000,9999.000,9999.000,9999.000,9999.000,9999.000,9999.000
202606091418,   2.660,   3.279,9999.000,9999.000,9999.000,9999.000,9999.000,9999.000,9999.000
202606091424,   2.608,   3.089,9999.000,9999.000,9999.000,9999.000,9999.000,9999.000,9999.000
202606091430,   2.555,   3.017,9999.000,9999.000,9999.000,9999.000,9999.000,9999.000,9999.000
202606091436,   2.502,   2.840,9999.000,9999.000,9999.000,9999.000,9999.000,9999.000,9999.000
202606091442,   2.447,   3.099,9999.000,9999.000,9999.000,9999.000,9999.000,9999.000,9999.000
202606091448,   2.393,   2.699,9999.000,9999.000,9999.000,9999.000,9999.000,9999.000,9999.000
202606091454,   2.337,   2.997,9999.000,9999.000,9999.000,9999.000,9999.000,9999.000,9999.000
202606091500,   2.282,   2.787,   0.400,   0.105,   2.787,   0.400,   2.787,   0.500,   2.887
202606091506,   2.226,   2.679,9999.000,9999.000,9999.000,9999.000,9999.000,9999.000,9999.000
202606091512,   2.170,   2.669,9999.000,9999.000,9999.000,9999.000,9999.000,9999.000,9999.000
202606091518,   2.114,   2.630,9999.000,9999.000,9999.000,9999.000,9999.000,9999.000,9999.000
202606091524,   2.059,   2.568,9999.000,9999.000,9999.000,9999.000,9999.000,9999.000,9999.000
202606091530,   2.003,   2.548,9999.000,9999.000,9999.000,9999.000,9999.000,9999.000,9999.000
202606091536,   1.948,   2.519,9999.000,9999.000,9999.000,9999.000,9999.000,9999.000,9999.000
202606091542,   1.894,   2.528,9999.000,9999.000,9999.000,9999.000,9999.000,9999.000,9999.000
202606091548,   1.841,   2.328,9999.000,9999.000,9999.000,9999.000,9999.000,9999.000,9999.000
202606091554,   1.788,   2.400,9999.000,9999.000,9999.000,9999.000,9999.000,9999.000,9999.000
202606091600,   1.736,   2.138,   0.500,  -0.098,   2.138,   0.400,   2.038,   0.500,   2.138
202606091606,   1.686,   2.377,9999.000,9999.000,9999.000,9999.000,9999.000,9999.000,9999.000
202606091612,   1.636,   2.049,9999.000,9999.000,9999.000,9999.000,9999.000,9999.000,9999.000
202606091618,   1.588,   2.128,9999.000,9999.000,9999.000,9999.000,9999.000,9999.000,9999.000
202606091624,   1.542,   1.990,9999.000,9999.000,9999.000,9999.000,9999.000,9999.000,9999.000
202606091630,   1.497,   2.128,9999.000,9999.000,9999.000,9999.000,9999.000,9999.000,9999.000
202606091636,   1.454,   2.020,9999.000,9999.000,9999.000,9999.000,9999.000,9999.000,9999.000
202606091642,   1.413,   1.938,9999.000,9999.000,9999.000,9999.000,9999.000,9999.000,9999.000
202606091648,   1.374,   1.899,9999.000,9999.000,9999.000,9999.000,9999.000,9999.000,9999.000
202606091654,   1.337,   1.728,9999.000,9999.000,9999.000,9999.000,9999.000,9999.000,9999.000
202606091700,   1.303,   1.908,   0.600,   0.005,   1.908,   0.600,   1.908,   0.600,   1.908
202606091706,   1.272,   1.790,9999.000,9999.000,9999.000,9999.000,9999.000,9999.000,9999.000
202606091712,   1.243,   1.767,9999.000,9999.000,9999.000,9999.000,9999.000,9999.000,9999.000
202606091718,   1.216,   1.767,9999.000,9999.000,9999.000,9999.000,9999.000,9999.000,9999.000
202606091724,   1.193,   1.800,9999.000,9999.000,9999.000,9999.000,9999.000,9999.000,9999.000
202606091730,   1.173,   1.649,9999.000,9999.000,9999.000,9999.000,9999.000,9999.000,9999.000
202606091736,   1.156,   1.610,9999.000,9999.000,9999.000,9999.000,9999.000,9999.000,9999.000
202606091742,   1.143,   1.659,9999.000,9999.000,9999.000,9999.000,9999.000,9999.000,9999.000
202606091748,   1.132,   1.649,9999.000,9999.000,9999.000,9999.000,9999.000,9999.000,9999.000
202606091754,   1.125,   1.689,9999.000,9999.000,9999.000,9999.000,9999.000,9999.000,9999.000
202606091800,   1.122,   1.738,   0.500,   0.116,   1.738,   0.500,   1.738,   0.600,   1.838
202606091806,   1.122,   1.620,9999.000,9999.000,9999.000,9999.000,9999.000,9999.000,9999.000
202606091812,   1.126,   1.830,9999.000,9999.000,9999.000,9999.000,9999.000,9999.000,9999.000
202606091818,   1.133,   1.590,9999.000,9999.000,9999.000,9999.000,9999.000,9999.000,9999.000
202606091824,   1.144,   1.659,9999.000,9999.000,9999.000,9999.000,9999.000,9999.000,9999.000
202606091830,   1.158,   1.748,9999.000,9999.000,9999.000,9999.000,9999.000,9999.000,9999.000
202606091836,   1.176,   1.639,9999.000,9999.000,9999.000,9999.000,9999.000,9999.000,9999.000
202606091842,   1.198,   1.849,9999.000,9999.000,9999.000,9999.000,9999.000,9999.000,9999.000
202606091848,   1.223,   1.869,9999.000,9999.000,9999.000,9999.000,9999.000,9999.000,9999.000
202606091854,   1.252,   1.708,9999.000,9999.000,9999.000,9999.000,9999.000,9999.000,9999.000
202606091900,   1.284,   1.840,   0.500,   0.056,   1.840,   0.500,   1.840,   0.500,   1.840
202606091906,   1.320,   1.571,9999.000,9999.000,9999.000,9999.000,9999.000,9999.000,9999.000
202606091912,   1.359,   2.030,9999.000,9999.000,9999.000,9999.000,9999.000,9999.000,9999.000
202606091918,   1.402,   1.639,9999.000,9999.000,9999.000,9999.000,9999.000,9999.000,9999.000
202606091924,   1.448,   2.177,9999.000,9999.000,9999.000,9999.000,9999.000,9999.000,9999.000
202606091930,   1.497,   1.981,9999.000,9999.000,9999.000,9999.000,9999.000,9999.000,9999.000
202606091936,   1.550,   2.177,9999.000,9999.000,9999.000,9999.000,9999.000,9999.000,9999.000
202606091942,   1.605,   2.177,9999.000,9999.000,9999.000,9999.000,9999.000,9999.000,9999.000
202606091948,   1.664,   2.079,9999.000,9999.000,9999.000,9999.000,9999.000,9999.000,9999.000
202606091954,   1.725,   2.377,9999.000,9999.000,9999.000,9999.000,9999.000,9999.000,9999.000
202606092000,   1.789,   2.318,   0.600,  -0.071,   2.318,   0.500,   2.218,   0.600,   2.318
202606092006,   1.856,   2.479,9999.000,9999.000,9999.000,9999.000,9999.000,9999.000,9999.000
202606092012,   1.926,   2.528,9999.000,9999.000,9999.000,9999.000,9999.000,9999.000,9999.000
202606092018,   1.998,   2.538,9999.000,9999.000,9999.000,9999.000,9999.000,9999.000,9999.000
202606092024,   2.073,   2.738,9999.000,9999.000,9999.000,9999.000,9999.000,9999.000,9999.000
202606092030,   2.149,   2.787,9999.000,9999.000,9999.000,9999.000,9999.000,9999.000,9999.000
202606092036,   2.228,   2.669,9999.000,9999.000,9999.000,9999.000,9999.000,9999.000,9999.000
202606092042,   2.309,   2.968,9999.000,9999.000,9999.000,9999.000,9999.000,9999.000,9999.000
202606092048,   2.391,   2.728,9999.000,9999.000,9999.000,9999.000,9999.000,9999.000,9999.000
202606092054,   2.475,   3.070,9999.000,9999.000,9999.000,9999.000,9999.000,9999.000,9999.000
202606092100,   2.560,   3.260,   0.600,   0.100,   3.260,   0.600,   3.260,   0.700,   3.360
202606092106,   2.647,   3.099,9999.000,9999.000,9999.000,9999.000,9999.000,9999.000,9999.000
202606092112,   2.734,   3.398,9999.000,9999.000,9999.000,9999.000,9999.000,9999.000,9999.000
202606092118,   2.823,   3.178,9999.000,9999.000,9999.000,9999.000,9999.000,9999.000,9999.000
202606092124,   2.912,   3.539,9999.000,9999.000,9999.000,9999.000,9999.000,9999.000,9999.000
202606092130,   3.001,   3.509,9999.000,9999.000,9999.000,9999.000,9999.000,9999.000,9999.000
202606092136,   3.090,   3.529,9999.000,9999.000,9999.000,9999.000,9999.000,9999.000,9999.000
202606092142,   3.180,   3.837,9999.000,9999.000,9999.000,9999.000,9999.000,9999.000,9999.000
202606092148,   3.269,   3.617,9999.000,9999.000,9999.000,9999.000,9999.000,9999.000,9999.000
202606092154,   3.358,   4.218,9999.000,9999.000,9999.000,9999.000,9999.000,9999.000,9999.000
202606092200,   3.446,   3.798,   0.600,  -0.248,   3.798,   0.600,   3.798,   0.600,   3.798
202606092206,   3.534,   4.247,9999.000,9999.000,9999.000,9999.000,9999.000,9999.000,9999.000
202606092212,   3.620,   3.860,9999.000,9999.000,9999.000,9999.000,9999.000,9999.000,9999.000
202606092218,   3.705,   4.309,9999.000,9999.000,9999.000,9999.000,9999.000,9999.000,9999.000
202606092224,   3.789,   4.227,9999.000,9999.000,9999.000,9999.000,9999.000,9999.000,9999.000
202606092230,   3.871,   4.267,9999.000,9999.000,9999.000,9999.000,9999.000,9999.000,9999.000
202606092236,   3.952,   4.598,9999.000,9999.000,9999.000,9999.000,9999.000,9999.000,9999.000
202606092242,   4.030,   4.598,9999.000,9999.000,9999.000,9999.000,9999.000,9999.000,9999.000
202606092248,   4.107,   4.700,9999.000,9999.000,9999.000,9999.000,9999.000,9999.000,9999.000
202606092254,   4.181,   4.608,9999.000,9999.000,9999.000,9999.000,9999.000,9999.000,9999.000
202606092300,   4.253,   4.847,   0.600,  -0.006,   4.847,   0.500,   4.747,   0.600,   4.847
202606092306,   4.323,   4.657,9999.000,9999.000,9999.000,9999.000,9999.000,9999.000,9999.000
202606092312,   4.389,   5.110,9999.000,9999.000,9999.000,9999.000,9999.000,9999.000,9999.000
202606092318,   4.453,   4.910,9999.000,9999.000,9999.000,9999.000,9999.000,9999.000,9999.000
202606092324,   4.514,   5.287,9999.000,9999.000,9999.000,9999.000,9999.000,9999.000,9999.000
202606092330,   4.572,   5.139,9999.000,9999.000,9999.000,9999.000,9999.000,9999.000,9999.000
202606092336,   4.627,   5.228,9999.000,9999.000,9999.000,9999.000,9999.000,9999.000,9999.000
202606092342,   4.679,   5.228,9999.000,9999.000,9999.000,9999.000,9999.000,9999.000,9999.000
202606092348,   4.727,   5.277,9999.000,9999.000,9999.000,9999.000,9999.000,9999.000,9999.000
202606092354,   4.771,   5.218,9999.000,9999.000,9999.000,9999.000,9999.000,9999.000,9999.000
202606100000,   4.812,   5.389,   0.600,  -0.023,   5.389,   0.600,   5.389,   0.600,   5.389
202606100006,   4.849,   5.457,9999.000,9999.000,9999.000,9999.000,9999.000,9999.000,9999.000
202606100012,   4.882,   5.257,9999.000,9999.000,9999.000,9999.000,9999.000,9999.000,9999.000
202606100018,   4.911,   5.549,9999.000,9999.000,9999.000,9999.000,9999.000,9999.000,9999.000
202606100024,   4.936,   5.329,9999.000,9999.000,9999.000,9999.000,9999.000,9999.000,9999.000
202606100030,   4.957,   5.359,9999.000,9999.000,9999.000,9999.000,9999.000,9999.000,9999.000
202606100036,   4.974,   5.628,9999.000,9999.000,9999.000,9999.000,9999.000,9999.000,9999.000
202606100042,   4.986,   5.349,9999.000,9999.000,9999.000,9999.000,9999.000,9999.000,9999.000
202606100048,   4.994,   5.598,9999.000,9999.000,9999.000,9999.000,9999.000,9999.000,9999.000
202606100054,   4.998,   5.497,9999.000,9999.000,9999.000,9999.000,9999.000,9999.000,9999.000
202606100100,   4.997,   5.549,   0.700,  -0.148,   5.549,   0.600,   5.449,   0.700,   5.549
202606100106,   4.992,   5.438,9999.000,9999.000,9999.000,9999.000,9999.000,9999.000,9999.000
202606100112,   4.983,   5.438,9999.000,9999.000,9999.000,9999.000,9999.000,9999.000,9999.000
202606100118,   4.969,   5.307,9999.000,9999.000,9999.000,9999.000,9999.000,9999.000,9999.000
202606100124,   4.951,   5.408,9999.000,9999.000,9999.000,9999.000,9999.000,9999.000,9999.000
202606100130,   4.929,   5.428,9999.000,9999.000,9999.000,9999.000,9999.000,9999.000,9999.000
202606100136,   4.902,   5.530,9999.000,9999.000,9999.000,9999.000,9999.000,9999.000,9999.000
202606100142,   4.871,   5.257,9999.000,9999.000,9999.000,9999.000,9999.000,9999.000,9999.000
202606100148,   4.837,   5.389,9999.000,9999.000,9999.000,9999.000,9999.000,9999.000,9999.000
202606100154,   4.798,   5.208,9999.000,9999.000,9999.000,9999.000,9999.000,9999.000,9999.000
202606100200,   4.756,   5.487,   0.600,   0.131,   5.487,   0.600,   5.487,   0.600,   5.487
202606100206,   4.710,   5.120,9999.000,9999.000,9999.000,9999.000,9999.000,9999.000,9999.000
202606100212,   4.660,   5.408,9999.000,9999.000,9999.000,9999.000,9999.000,9999.000,9999.000
202606100218,   4.607,   5.139,9999.000,9999.000,9999.000,9999.000,9999.000,9999.000,9999.000
202606100224,   4.551,   5.247,9999.000,9999.000,9999.000,9999.000,9999.000,9999.000,9999.000
202606100230,   4.492,   5.067,9999.000,9999.000,9999.000,9999.000,9999.000,9999.000,9999.000
202606100236,   4.430,   5.008,9999.000,9999.000,9999.000,9999.000,9999.000,9999.000,9999.000
202606100242,   4.365,   4.910,9999.000,9999.000,9999.000,9999.000,9999.000,9999.000,9999.000
202606100248,   4.297,   4.939,9999.000,9999.000,9999.000,9999.000,9999.000,9999.000,9999.000
202606100254,   4.227,   4.739,9999.000,9999.000,9999.000,9999.000,9999.000,9999.000,9999.000
202606100300,   4.155,   4.857,   0.500,   0.202,   4.857,   0.500,   4.857,   0.600,   4.957
202606100306,   4.081,   4.710,9999.000,9999.000,9999.000,9999.000,9999.000,9999.000,9999.000
202606100312,   4.004,   4.418,9999.000,9999.000,9999.000,9999.000,9999.000,9999.000,9999.000
202606100318,   3.926,   4.719,9999.000,9999.000,9999.000,9999.000,9999.000,9999.000,9999.000
202606100324,   3.847,   4.149,9999.000,9999.000,9999.000,9999.000,9999.000,9999.000,9999.000
202606100330,   3.765,   4.368,9999.000,9999.000,9999.000,9999.000,9999.000,9999.000,9999.000
202606100336,   3.683,   4.008,9999.000,9999.000,9999.000,9999.000,9999.000,9999.000,9999.000
202606100342,   3.599,   4.447,9999.000,9999.000,9999.000,9999.000,9999.000,9999.000,9999.000
202606100348,   3.514,   3.870,9999.000,9999.000,9999.000,9999.000,9999.000,9999.000,9999.000
202606100354,   3.428,   4.329,9999.000,9999.000,9999.000,9999.000,9999.000,9999.000,9999.000
202606100400,   3.342,   3.739,   0.600,  -0.203,   3.739,   0.600,   3.739,   0.600,   3.739
202606100406,   3.255,   4.129,9999.000,9999.000,9999.000,9999.000,9999.000,9999.000,9999.000
202606100412,   3.167,   3.637,9999.000,9999.000,9999.000,9999.000,9999.000,9999.000,9999.000
202606100418,   3.080,   3.929,9999.000,9999.000,9999.000,9999.000,9999.000,9999.000,9999.000
202606100424,   2.992,   3.637,9999.000,9999.000,9999.000,9999.000,9999.000,9999.000,9999.000
202606100430,   2.904,   3.598,9999.000,9999.000,9999.000,9999.000,9999.000,9999.000,9999.000
202606100436,   2.817,   3.427,9999.000,9999.000,9999.000,9999.000,9999.000,9999.000,9999.000
202606100442,   2.730,   3.539,9999.000,9999.000,9999.000,9999.000,9999.000,9999.000,9999.000
202606100448,   2.643,   3.270,9999.000,9999.000,9999.000,9999.000,9999.000,9999.000,9999.000
202606100454,   2.558,   3.358,9999.000,9999.000,9999.000,9999.000,9999.000,9999.000,9999.000
202606100500,   2.474,   2.919,   0.700,  -0.255,   2.919,   0.600,   2.819,   0.700,   2.919
202606100506,   2.390,   3.099,9999.000,9999.000,9999.000,9999.000,9999.000,9999.000,9999.000
202606100512,   2.309,   2.909,9999.000,9999.000,9999.000,9999.000,9999.000,9999.000,9999.000
202606100518,   2.228,   2.787,9999.000,9999.000,9999.000,9999.000,9999.000,9999.000,9999.000
202606100524,   2.150,   2.807,9999.000,9999.000,9999.000,9999.000,9999.000,9999.000,9999.000
202606100530,   2.074,   2.709,9999.000,9999.000,9999.000,9999.000,9999.000,9999.000,9999.000
202606100536,   1.999,   2.519,9999.000,9999.000,9999.000,9999.000,9999.000,9999.000,9999.000
202606100542,   1.927,   2.728,9999.000,9999.000,9999.000,9999.000,9999.000,9999.000,9999.000
202606100548,   1.858,   2.168,9999.000,9999.000,9999.000,9999.000,9999.000,9999.000,9999.000
202606100554,   1.791,   2.699,9999.000,9999.000,9999.000,9999.000,9999.000,9999.000,9999.000
202606100600,   1.727,   2.230,   0.500,   0.003,   2.230,   0.400,   2.130,   0.500,   2.230
202606100606,   1.666,   2.578,9999.000,9999.000,9999.000,9999.000,9999.000,9999.000,9999.000
202606100612,   1.608,   2.168,9999.000,9999.000,9999.000,9999.000,9999.000,9999.000,9999.000
202606100618,   1.553,   2.328,9999.000,9999.000,9999.000,9999.000,9999.000,9999.000,9999.000
202606100624,   1.501,   2.210,9999.000,9999.000,9999.000,9999.000,9999.000,9999.000,9999.000
202606100630,   1.453,   2.177,9999.000,9999.000,9999.000,9999.000,9999.000,9999.000,9999.000
202606100636,   1.408,   2.148,9999.000,9999.000,9999.000,9999.000,9999.000,9999.000,9999.000
202606100642,   1.366,   2.020,9999.000,9999.000,9999.000,9999.000,9999.000,9999.000,9999.000
202606100648,   1.328,   1.981,9999.000,9999.000,9999.000,9999.000,9999.000,9999.000,9999.000
202606100654,   1.294,   2.109,9999.000,9999.000,9999.000,9999.000,9999.000,9999.000,9999.000
202606100700,   1.263,   1.938,   0.400,   0.275,   1.938,   0.400,   1.938,   0.500,   2.038
202606100706,   1.235,   2.030,9999.000,9999.000,9999.000,9999.000,9999.000,9999.000,9999.000
202606100712,   1.211,   1.790,9999.000,9999.000,9999.000,9999.000,9999.000,9999.000,9999.000
202606100718,   1.191,   1.967,9999.000,9999.000,9999.000,9999.000,9999.000,9999.000,9999.000
202606100724,   1.174,   1.830,9999.000,9999.000,9999.000,9999.000,9999.000,9999.000,9999.000
202606100730,   1.161,   1.869,9999.000,9999.000,9999.000,9999.000,9999.000,9999.000,9999.000
202606100736,   1.152,   1.899,9999.000,9999.000,9999.000,9999.000,9999.000,9999.000,9999.000
202606100742,   1.145,   1.738,9999.000,9999.000,9999.000,9999.000,9999.000,9999.000,9999.000
202606100748,   1.143,   1.899,9999.000,9999.000,9999.000,9999.000,9999.000,9999.000,9999.000
202606100754,   1.143,   1.948,9999.000,9999.000,9999.000,9999.000,9999.000,9999.000,9999.000
202606100800,   1.148,   1.728,   0.500,   0.080,   1.728,   0.500,   1.728,   0.600,   1.828
202606100806,   1.155,   2.000,9999.000,9999.000,9999.000,9999.000,9999.000,9999.000,9999.000
202606100812,   1.166,   1.810,9999.000,9999.000,9999.000,9999.000,9999.000,9999.000,9999.000
202606100818,   1.180,   2.109,9999.000,9999.000,9999.000,9999.000,9999.000,9999.000,9999.000
202606100824,   1.197,   1.718,9999.000,9999.000,9999.000,9999.000,9999.000,9999.000,9999.000
202606100830,   1.217,   2.030,9999.000,9999.000,9999.000,9999.000,9999.000,9999.000,9999.000
202606100836,   1.241,   1.849,9999.000,9999.000,9999.000,9999.000,9999.000,9999.000,9999.000
202606100842,   1.267,   1.918,9999.000,9999.000,9999.000,9999.000,9999.000,9999.000,9999.000
202606100848,   1.296,   2.099,9999.000,9999.000,9999.000,9999.000,9999.000,9999.000,9999.000
202606100854,   1.328,   1.800,9999.000,9999.000,9999.000,9999.000,9999.000,9999.000,9999.000
202606100900,   1.363,   1.990,   0.600,   0.027,   1.990,   0.500,   1.890,   0.600,   1.990
202606100906,   1.400,   2.079,9999.000,9999.000,9999.000,9999.000,9999.000,9999.000,9999.000
202606100912,   1.440,   2.040,9999.000,9999.000,9999.000,9999.000,9999.000,9999.000,9999.000
202606100918,   1.482,   2.177,9999.000,9999.000,9999.000,9999.000,9999.000,9999.000,9999.000
202606100924,   1.526,   2.191,9999.000,9999.000,9999.000,9999.000,9999.000,9999.000,9999.000
202606100930,   1.572,   2.191,9999.000,9999.000,9999.000,9999.000,9999.000,9999.000,9999.000
202606100936,   1.620,   2.377,9999.000,9999.000,9999.000,9999.000,9999.000,9999.000,9999.000
202606100942,   1.669,   2.348,9999.000,9999.000,9999.000,9999.000,9999.000,9999.000,9999.000
202606100948,   1.720,   2.358,9999.000,9999.000,9999.000,9999.000,9999.000,9999.000,9999.000
202606100954,   1.773,   2.620,9999.000,9999.000,9999.000,9999.000,9999.000,9999.000,9999.000
202606101000,   1.826,   2.358,   0.500,   0.032,   2.358,   0.500,   2.358,   0.500,   2.358
202606101006,   1.881,   2.728,9999.000,9999.000,9999.000,9999.000,9999.000,9999.000,9999.000
202606101012,   1.936,   2.558,9999.000,9999.000,9999.000,9999.000,9999.000,9999.000,9999.000
202606101018,   1.992,   2.768,9999.000,9999.000,9999.000,9999.000,9999.000,9999.000,9999.000
202606101024,   2.049,   2.738,9999.000,9999.000,9999.000,9999.000,9999.000,9999.000,9999.000
202606101030,   2.106,   2.860,9999.000,9999.000,9999.000,9999.000,9999.000,9999.000,9999.000
202606101036,   2.162,   2.797,9999.000,9999.000,9999.000,9999.000,9999.000,9999.000,9999.000
202606101042,   2.219,   2.889,9999.000,9999.000,9999.000,9999.000,9999.000,9999.000,9999.000
202606101048,   2.276,   2.738,9999.000,9999.000,9999.000,9999.000,9999.000,9999.000,9999.000
202606101054,   2.332,   3.148,9999.000,9999.000,9999.000,9999.000,9999.000,9999.000,9999.000
202606101100,   2.388,   2.830,   0.500,  -0.058,   2.830,   0.400,   2.730,   0.500,   2.830
202606101106,   2.443,   3.309,9999.000,9999.000,9999.000,9999.000,9999.000,9999.000,9999.000
202606101112,   2.497,   2.860,9999.000,9999.000,9999.000,9999.000,9999.000,9999.000,9999.000
202606101118,   2.550,   3.309,9999.000,9999.000,9999.000,9999.000,9999.000,9999.000,9999.000
202606101124,   2.602,   3.030,9999.000,9999.000,9999.000,9999.000,9999.000,9999.000,9999.000
202606101130,   2.652,   3.460,9999.000,9999.000,9999.000,9999.000,9999.000,9999.000,9999.000
202606101136,   2.702,   3.339,9999.000,9999.000,9999.000,9999.000,9999.000,9999.000,9999.000
202606101142,   2.749,   3.460,9999.000,9999.000,9999.000,9999.000,9999.000,9999.000,9999.000
202606101148,   2.795,   3.440,9999.000,9999.000,9999.000,9999.000,9999.000,9999.000,9999.000
202606101154,   2.839,   3.558,9999.000,9999.000,9999.000,9999.000,9999.000,9999.000,9999.000
202606101200,   2.882,   3.529,   0.500,   0.147,   3.529,   0.500,   3.529,   0.500,   3.529
202606101206,   2.922,   3.739,9999.000,9999.000,9999.000,9999.000,9999.000,9999.000,9999.000
202606101212,   2.960,   3.558,9999.000,9999.000,9999.000,9999.000,9999.000,9999.000,9999.000
202606101218,   2.995,   3.689,9999.000,9999.000,9999.000,9999.000,9999.000,9999.000,9999.000
202606101224,   3.029,   3.650,9999.000,9999.000,9999.000,9999.000,9999.000,9999.000,9999.000
202606101230,   3.060,   3.870,9999.000,9999.000,9999.000,9999.000,9999.000,9999.000,9999.000
202606101236,   3.088,   3.788,9999.000,9999.000,9999.000,9999.000,9999.000,9999.000,9999.000
202606101242,   3.113,   3.758,9999.000,9999.000,9999.000,9999.000,9999.000,9999.000,9999.000
202606101248,   3.136,   3.729,9999.000,9999.000,9999.000,9999.000,9999.000,9999.000,9999.000
202606101254,   3.156,   3.758,9999.000,9999.000,9999.000,9999.000,9999.000,9999.000,9999.000
202606101300,   3.173,   3.817,   0.600,   0.044,   3.817,   0.500,   3.717,   0.600,   3.817
202606101306,   3.187,   3.817,9999.000,9999.000,9999.000,9999.000,9999.000,9999.000,9999.000
202606101312,   3.198,   3.847,9999.000,9999.000,9999.000,9999.000,9999.000,9999.000,9999.000
202606101318,   3.206,   3.919,9999.000,9999.000,9999.000,9999.000,9999.000,9999.000,9999.000
202606101324,   3.210,   3.909,9999.000,9999.000,9999.000,9999.000,9999.000,9999.000,9999.000
202606101330,   3.212,   3.870,9999.000,9999.000,9999.000,9999.000,9999.000,9999.000,9999.000
202606101336,   3.210,   3.808,9999.000,9999.000,9999.000,9999.000,9999.000,9999.000,9999.000
202606101342,   3.206,   4.070,9999.000,9999.000,9999.000,9999.000,9999.000,9999.000,9999.000
202606101348,   3.198,   3.817,9999.000,9999.000,9999.000,9999.000,9999.000,9999.000,9999.000
202606101354,   3.187,   3.880,9999.000,9999.000,9999.000,9999.000,9999.000,9999.000,9999.000
202606101400,   3.174,   3.939,   0.500,   0.265,   3.939,   0.500,   3.939,   0.500,   3.939
202606101406,   3.157,   3.778,9999.000,9999.000,9999.000,9999.000,9999.000,9999.000,9999.000
202606101412,   3.138,   3.837,9999.000,9999.000,9999.000,9999.000,9999.000,9999.000,9999.000
202606101418,   3.115,   3.890,9999.000,9999.000,9999.000,9999.000,9999.000,9999.000,9999.000
202606101424,   3.091,   3.689,9999.000,9999.000,9999.000,9999.000,9999.000,9999.000,9999.000
202606101430,   3.063,   3.758,9999.000,9999.000,9999.000,9999.000,9999.000,9999.000,9999.000
202606101436,   3.033,   3.519,9999.000,9999.000,9999.000,9999.000,9999.000,9999.000,9999.000
202606101442,   3.001,   3.827,9999.000,9999.000,9999.000,9999.000,9999.000,9999.000,9999.000
202606101448,   2.967,   3.539,9999.000,9999.000,9999.000,9999.000,9999.000,9999.000,9999.000
202606101454,   2.931,   3.539,9999.000,9999.000,9999.000,9999.000,9999.000,9999.000,9999.000
202606101500,   2.892,   3.617,   0.400,   0.325,   3.617,   0.400,   3.617,   0.500,   3.717
202606101506,   2.852,   3.548,9999.000,9999.000,9999.000,9999.000,9999.000,9999.000,9999.000
202606101512,   2.811,   3.417,9999.000,9999.000,9999.000,9999.000,9999.000,9999.000,9999.000
202606101518,   2.767,   3.398,9999.000,9999.000,9999.000,9999.000,9999.000,9999.000,9999.000
202606101524,   2.723,   3.568,9999.000,9999.000,9999.000,9999.000,9999.000,9999.000,9999.000
202606101530,   2.677,   3.279,9999.000,9999.000,9999.000,9999.000,9999.000,9999.000,9999.000
202606101536,   2.630,   3.358,9999.000,9999.000,9999.000,9999.000,9999.000,9999.000,9999.000
202606101542,   2.583,   3.299,9999.000,9999.000,9999.000,9999.000,9999.000,9999.000,9999.000
202606101548,   2.534,   3.207,9999.000,9999.000,9999.000,9999.000,9999.000,9999.000,9999.000
202606101554,   2.485,   3.148,9999.000,9999.000,9999.000,9999.000,9999.000,9999.000,9999.000
202606101600,   2.435,   3.240,   0.500,   0.305,   3.240,   0.400,   3.140,   0.500,   3.240
202606101606,   2.385,   3.109,9999.000,9999.000,9999.000,9999.000,9999.000,9999.000,9999.000
202606101612,   2.334,   2.929,9999.000,9999.000,9999.000,9999.000,9999.000,9999.000,9999.000
202606101618,   2.284,   3.040,9999.000,9999.000,9999.000,9999.000,9999.000,9999.000,9999.000
202606101624,   2.233,   2.850,9999.000,9999.000,9999.000,9999.000,9999.000,9999.000,9999.000
202606101630,   2.183,   2.787,9999.000,9999.000,9999.000,9999.000,9999.000,9999.000,9999.000
202606101636,   2.132,   2.850,9999.000,9999.000,9999.000,9999.000,9999.000,9999.000,9999.000
202606101642,   2.083,   2.630,9999.000,9999.000,9999.000,9999.000,9999.000,9999.000,9999.000
202606101648,   2.034,   2.650,9999.000,9999.000,9999.000,9999.000,9999.000,9999.000,9999.000
202606101654,   1.986,   2.489,9999.000,9999.000,9999.000,9999.000,9999.000,9999.000,9999.000
202606101700,   1.938,   2.650,   0.500,   0.212,   2.650,   0.500,   2.650,   0.600,   2.750
202606101706,   1.892,   2.499,9999.000,9999.000,9999.000,9999.000,9999.000,9999.000,9999.000
202606101712,   1.848,   2.528,9999.000,9999.000,9999.000,9999.000,9999.000,9999.000,9999.000
202606101718,   1.804,   2.338,9999.000,9999.000,9999.000,9999.000,9999.000,9999.000,9999.000
202606101724,   1.763,   2.597,9999.000,9999.000,9999.000,9999.000,9999.000,9999.000,9999.000
202606101730,   1.723,   2.210,9999.000,9999.000,9999.000,9999.000,9999.000,9999.000,9999.000
202606101736,   1.686,   2.519,9999.000,9999.000,9999.000,9999.000,9999.000,9999.000,9999.000
202606101742,   1.651,   2.230,9999.000,9999.000,9999.000,9999.000,9999.000,9999.000,9999.000
202606101748,   1.618,   2.377,9999.000,9999.000,9999.000,9999.000,9999.000,9999.000,9999.000
202606101754,   1.588,   2.377,9999.000,9999.000,9999.000,9999.000,9999.000,9999.000,9999.000
202606101800,   1.561,   2.177,   0.500,   0.116,   2.177,   0.500,   2.177,   0.600,   2.277
202606101806,   1.536,   2.299,9999.000,9999.000,9999.000,9999.000,9999.000,9999.000,9999.000
202606101812,   1.515,   2.191,9999.000,9999.000,9999.000,9999.000,9999.000,9999.000,9999.000
202606101818,   1.497,   2.118,9999.000,9999.000,9999.000,9999.000,9999.000,9999.000,9999.000
202606101824,   1.482,   2.177,9999.000,9999.000,9999.000,9999.000,9999.000,9999.000,9999.000
202606101830,   1.471,   1.849,9999.000,9999.000,9999.000,9999.000,9999.000,9999.000,9999.000
202606101836,   1.463,   2.240,9999.000,9999.000,9999.000,9999.000,9999.000,9999.000,9999.000
202606101842,   1.459,   1.869,9999.000,9999.000,9999.000,9999.000,9999.000,9999.000,9999.000
202606101848,   1.459,   2.158,9999.000,9999.000,9999.000,9999.000,9999.000,9999.000,9999.000
202606101854,   1.463,   1.899,9999.000,9999.000,9999.000,9999.000,9999.000,9999.000,9999.000
202606101900,   1.470,   2.020,   0.500,   0.050,   2.020,   0.500,   2.020,   0.600,   2.120
202606101906,   1.481,   2.089,9999.000,9999.000,9999.000,9999.000,9999.000,9999.000,9999.000
202606101912,   1.496,   1.948,9999.000,9999.000,9999.000,9999.000,9999.000,9999.000,9999.000
202606101918,   1.514,   2.240,9999.000,9999.000,9999.000,9999.000,9999.000,9999.000,9999.000
202606101924,   1.537,   2.168,9999.000,9999.000,9999.000,9999.000,9999.000,9999.000,9999.000
202606101930,   1.563,   2.289,9999.000,9999.000,9999.000,9999.000,9999.000,9999.000,9999.000
202606101936,   1.594,   2.269,9999.000,9999.000,9999.000,9999.000,9999.000,9999.000,9999.000
202606101942,   1.627,   2.269,9999.000,9999.000,9999.000,9999.000,9999.000,9999.000,9999.000
202606101948,   1.665,   2.377,9999.000,9999.000,9999.000,9999.000,9999.000,9999.000,9999.000
202606101954,   1.706,   2.420,9999.000,9999.000,9999.000,9999.000,9999.000,9999.000,9999.000
202606102000,   1.751,   2.479,   0.600,   0.128,   2.479,   0.600,   2.479,   0.600,   2.479
202606102006,   1.799,   2.459,9999.000,9999.000,9999.000,9999.000,9999.000,9999.000,9999.000
202606102012,   1.851,   2.479,9999.000,9999.000,9999.000,9999.000,9999.000,9999.000,9999.000
202606102018,   1.906,   2.699,9999.000,9999.000,9999.000,9999.000,9999.000,9999.000,9999.000
202606102024,   1.965,   2.538,9999.000,9999.000,9999.000,9999.000,9999.000,9999.000,9999.000
202606102030,   2.026,   2.620,9999.000,9999.000,9999.000,9999.000,9999.000,9999.000,9999.000
202606102036,   2.091,   2.778,9999.000,9999.000,9999.000,9999.000,9999.000,9999.000,9999.000
202606102042,   2.159,   2.709,9999.000,9999.000,9999.000,9999.000,9999.000,9999.000,9999.000
202606102048,   2.230,   2.869,9999.000,9999.000,9999.000,9999.000,9999.000,9999.000,9999.000
202606102054,   2.303,   2.978,9999.000,9999.000,9999.000,9999.000,9999.000,9999.000,9999.000
202606102100,   2.380,   3.040,   0.700,  -0.040,   3.040,   0.600,   2.940,   0.700,   3.040
202606102106,   2.459,   3.089,9999.000,9999.000,9999.000,9999.000,9999.000,9999.000,9999.000
202606102112,   2.540,   3.119,9999.000,9999.000,9999.000,9999.000,9999.000,9999.000,9999.000
202606102118,   2.623,   3.407,9999.000,9999.000,9999.000,9999.000,9999.000,9999.000,9999.000
202606102124,   2.709,   3.197,9999.000,9999.000,9999.000,9999.000,9999.000,9999.000,9999.000
202606102130,   2.797,   3.680,9999.000,9999.000,9999.000,9999.000,9999.000,9999.000,9999.000
202606102136,   2.887,   3.489,9999.000,9999.000,9999.000,9999.000,9999.000,9999.000,9999.000
202606102142,   2.978,   3.719,9999.000,9999.000,9999.000,9999.000,9999.000,9999.000,9999.000
202606102148,   3.070,   3.788,9999.000,9999.000,9999.000,9999.000,9999.000,9999.000,9999.000
202606102154,   3.164,   3.870,9999.000,9999.000,9999.000,9999.000,9999.000,9999.000,9999.000
202606102200,   3.259,   3.949,   0.600,   0.090,   3.949,   0.600,   3.949,   0.700,   4.049
202606102206,   3.355,   4.027,9999.000,9999.000,9999.000,9999.000,9999.000,9999.000,9999.000
202606102212,   3.451,   4.090,9999.000,9999.000,9999.000,9999.000,9999.000,9999.000,9999.000
202606102218,   3.548,   4.218,9999.000,9999.000,9999.000,9999.000,9999.000,9999.000,9999.000
202606102224,   3.645,   4.168,9999.000,9999.000,9999.000,9999.000,9999.000,9999.000,9999.000
202606102230,   3.742,   4.578,9999.000,9999.000,9999.000,9999.000,9999.000,9999.000,9999.000
202606102236,   3.839,   4.319,9999.000,9999.000,9999.000,9999.000,9999.000,9999.000,9999.000
202606102242,   3.935,   4.798,9999.000,9999.000,9999.000,9999.000,9999.000,9999.000,9999.000
202606102248,   4.030,   4.578,9999.000,9999.000,9999.000,9999.000,9999.000,9999.000,9999.000
202606102254,   4.124,   4.818,9999.000,9999.000,9999.000,9999.000,9999.000,9999.000,9999.000
202606102300,   4.217,   4.798,   0.600,  -0.019,   4.798,   0.500,   4.698,   0.600,   4.798
202606102306,   4.308,   4.988,9999.000,9999.000,9999.000,9999.000,9999.000,9999.000,9999.000
202606102312,   4.398,   5.120,9999.000,9999.000,9999.000,9999.000,9999.000,9999.000,9999.000
202606102318,   4.486,   5.208,9999.000,9999.000,9999.000,9999.000,9999.000,9999.000,9999.000
202606102324,   4.571,   5.277,9999.000,9999.000,9999.000,9999.000,9999.000,9999.000,9999.000
202606102330,   4.655,   5.198,9999.000,9999.000,9999.000,9999.000,9999.000,9999.000,9999.000
202606102336,   4.735,   5.438,9999.000,9999.000,9999.000,9999.000,9999.000,9999.000,9999.000
202606102342,   4.813,   5.497,9999.000,9999.000,9999.000,9999.000,9999.000,9999.000,9999.000
202606102348,   4.888,   5.589,9999.000,9999.000,9999.000,9999.000,9999.000,9999.000,9999.000
202606102354,   4.960,9999.000,9999.000,9999.000,9999.000,9999.000,9999.000,9999.000,9999.000
202606110000,   5.029,9999.000,   0.700,  -0.013,   5.716,   0.600,   5.616,   0.700,   5.716
202606110006,   5.094,9999.000,9999.000,9999.000,9999.000,9999.000,9999.000,9999.000,9999.000
202606110012,   5.156,9999.000,9999.000,9999.000,9999.000,9999.000,9999.000,9999.000,9999.000
202606110018,   5.213,9999.000,9999.000,9999.000,9999.000,9999.000,9999.000,9999.000,9999.000
202606110024,   5.267,9999.000,9999.000,9999.000,9999.000,9999.000,9999.000,9999.000,9999.000
202606110030,   5.317,9999.000,9999.000,9999.000,9999.000,9999.000,9999.000,9999.000,9999.000
202606110036,   5.363,9999.000,9999.000,9999.000,9999.000,9999.000,9999.000,9999.000,9999.000
202606110042,   5.404,9999.000,9999.000,9999.000,9999.000,9999.000,9999.000,9999.000,9999.000
202606110048,   5.441,9999.000,9999.000,9999.000,9999.000,9999.000,9999.000,9999.000,9999.000
202606110054,   5.473,9999.000,9999.000,9999.000,9999.000,9999.000,9999.000,9999.000,9999.000
202606110100,   5.501,9999.000,   0.700,  -0.007,   6.194,   0.700,   6.194,   0.800,   6.294
202606110106,   5.524,9999.000,9999.000,9999.000,9999.000,9999.000,9999.000,9999.000,9999.000
202606110112,   5.541,9999.000,9999.000,9999.000,9999.000,9999.000,9999.000,9999.000,9999.000
202606110118,   5.555,9999.000,9999.000,9999.000,9999.000,9999.000,9999.000,9999.000,9999.000
202606110124,   5.563,9999.000,9999.000,9999.000,9999.000,9999.000,9999.000,9999.000,9999.000
202606110130,   5.566,9999.000,9999.000,9999.000,9999.000,9999.000,9999.000,9999.000,9999.000
202606110136,   5.563,9999.000,9999.000,9999.000,9999.000,9999.000,9999.000,9999.000,9999.000
202606110142,   5.556,9999.000,9999.000,9999.000,9999.000,9999.000,9999.000,9999.000,9999.000
202606110148,   5.544,9999.000,9999.000,9999.000,9999.000,9999.000,9999.000,9999.000,9999.000
202606110154,   5.526,9999.000,9999.000,9999.000,9999.000,9999.000,9999.000,9999.000,9999.000
202606110200,   5.504,9999.000,   0.600,  -0.001,   6.103,   0.600,   6.103,   0.700,   6.203
202606110206,   5.476,9999.000,9999.000,9999.000,9999.000,9999.000,9999.000,9999.000,9999.000
202606110212,   5.443,9999.000,9999.000,9999.000,9999.000,9999.000,9999.000,9999.000,9999.000
202606110218,   5.405,9999.000,9999.000,9999.000,9999.000,9999.000,9999.000,9999.000,9999.000
202606110224,   5.362,9999.000,9999.000,9999.000,9999.000,9999.000,9999.000,9999.000,9999.000
202606110230,   5.315,9999.000,9999.000,9999.000,9999.000,9999.000,9999.000,9999.000,9999.000
202606110236,   5.262,9999.000,9999.000,9999.000,9999.000,9999.000,9999.000,9999.000,9999.000
202606110242,   5.205,9999.000,9999.000,9999.000,9999.000,9999.000,9999.000,9999.000,9999.000
202606110248,   5.144,9999.000,9999.000,9999.000,9999.000,9999.000,9999.000,9999.000,9999.000
202606110254,   5.078,9999.000,9999.000,9999.000,9999.000,9999.000,9999.000,9999.000,9999.000
202606110300,   5.008,9999.000,   0.600,   0.005,   5.613,   0.500,   5.513,   0.600,   5.613
202606110306,   4.934,9999.000,9999.000,9999.000,9999.000,9999.000,9999.000,9999.000,9999.000
202606110312,   4.856,9999.000,9999.000,9999.000,9999.000,9999.000,9999.000,9999.000,9999.000
202606110318,   4.774,9999.000,9999.000,9999.000,9999.000,9999.000,9999.000,9999.000,9999.000
202606110324,   4.689,9999.000,9999.000,9999.000,9999.000,9999.000,9999.000,9999.000,9999.000
202606110330,   4.601,9999.000,9999.000,9999.000,9999.000,9999.000,9999.000,9999.000,9999.000
202606110336,   4.509,9999.000,9999.000,9999.000,9999.000,9999.000,9999.000,9999.000,9999.000
202606110342,   4.414,9999.000,9999.000,9999.000,9999.000,9999.000,9999.000,9999.000,9999.000
202606110348,   4.316,9999.000,9999.000,9999.000,9999.000,9999.000,9999.000,9999.000,9999.000
202606110354,   4.216,9999.000,9999.000,9999.000,9999.000,9999.000,9999.000,9999.000,9999.000
202606110400,   4.113,9999.000,   0.700,   0.011,   4.824,   0.600,   4.724,   0.700,   4.824
202606110406,   4.008,9999.000,9999.000,9999.000,9999.000,9999.000,9999.000,9999.000,9999.000
202606110412,   3.901,9999.000,9999.000,9999.000,9999.000,9999.000,9999.000,9999.000,9999.000
202606110418,   3.792,9999.000,9999.000,9999.000,9999.000,9999.000,9999.000,9999.000,9999.000
202606110424,   3.681,9999.000,9999.000,9999.000,9999.000,9999.000,9999.000,9999.000,9999.000
202606110430,   3.569,9999.000,9999.000,9999.000,9999.000,9999.000,9999.000,9999.000,9999.000
202606110436,   3.456,9999.000,9999.000,9999.000,9999.000,9999.000,9999.000,9999.000,9999.000
202606110442,   3.341,9999.000,9999.000,9999.000,9999.000,9999.000,9999.000,9999.000,9999.000
202606110448,   3.225,9999.000,9999.000,9999.000,9999.000,9999.000,9999.000,9999.000,9999.000
202606110454,   3.109,9999.000,9999.000,9999.000,9999.000,9999.000,9999.000,9999.000,9999.000
202606110500,   2.993,9999.000,   0.700,   0.017,   3.710,   0.700,   3.710,   0.700,   3.710
202606110506,   2.876,9999.000,9999.000,9999.000,9999.000,9999.000,9999.000,9999.000,9999.000
202606110512,   2.759,9999.000,9999.000,9999.000,9999.000,9999.000,9999.000,9999.000,9999.000
202606110518,   2.643,9999.000,9999.000,9999.000,9999.000,9999.000,9999.000,9999.000,9999.000
202606110524,   2.527,9999.000,9999.000,9999.000,9999.000,9999.000,9999.000,9999.000,9999.000
202606110530,   2.411,9999.000,9999.000,9999.000,9999.000,9999.000,9999.000,9999.000,9999.000
202606110536,   2.297,9999.000,9999.000,9999.000,9999.000,9999.000,9999.000,9999.000,9999.000
202606110542,   2.184,9999.000,9999.000,9999.000,9999.000,9999.000,9999.000,9999.000,9999.000
202606110548,   2.072,9999.000,9999.000,9999.000,9999.000,9999.000,9999.000,9999.000,9999.000
202606110554,   1.962,9999.000,9999.000,9999.000,9999.000,9999.000,9999.000,9999.000,9999.000
202606110600,   1.854,9999.000,   0.600,   0.023,   2.477,   0.500,   2.377,   0.600,   2.477
202606110606,   1.748,9999.000,9999.000,9999.000,9999.000,9999.000,9999.000,9999.000,9999.000
202606110612,   1.644,9999.000,9999.000,9999.000,9999.000,9999.000,9999.000,9999.000,9999.000
202606110618,   1.543,9999.000,9999.000,9999.000,9999.000,9999.000,9999.000,9999.000,9999.000
202606110624,   1.445,9999.000,9999.000,9999.000,9999.000,9999.000,9999.000,9999.000,9999.000
202606110630,   1.351,9999.000,9999.000,9999.000,9999.000,9999.000,9999.000,9999.000,9999.000
202606110636,   1.259,9999.000,9999.000,9999.000,9999.000,9999.000,9999.000,9999.000,9999.000
202606110642,   1.171,9999.000,9999.000,9999.000,9999.000,9999.000,9999.000,9999.000,9999.000
202606110648,   1.086,9999.000,9999.000,9999.000,9999.000,9999.000,9999.000,9999.000,9999.000
202606110654,   1.005,9999.000,9999.000,9999.000,9999.000,9999.000,9999.000,9999.000,9999.000
202606110700,   0.928,9999.000,   0.500,   0.029,   1.457,   0.500,   1.457,   0.600,   1.557
202606110706,   0.855,9999.000,9999.000,9999.000,9999.000,9999.000,9999.000,9999.000,9999.000
202606110712,   0.786,9999.000,9999.000,9999.000,9999.000,9999.000,9999.000,9999.000,9999.000
202606110718,   0.722,9999.000,9999.000,9999.000,9999.000,9999.000,9999.000,9999.000,9999.000
202606110724,   0.661,9999.000,9999.000,9999.000,9999.000,9999.000,9999.000,9999.000,9999.000
202606110730,   0.605,9999.000,9999.000,9999.000,9999.000,9999.000,9999.000,9999.000,9999.000
202606110736,   0.554,9999.000,9999.000,9999.000,9999.000,9999.000,9999.000,9999.000,9999.000
202606110742,   0.507,9999.000,9999.000,9999.000,9999.000,9999.000,9999.000,9999.000,9999.000
202606110748,   0.464,9999.000,9999.000,9999.000,9999.000,9999.000,9999.000,9999.000,9999.000
202606110754,   0.426,9999.000,9999.000,9999.000,9999.000,9999.000,9999.000,9999.000,9999.000
202606110800,   0.392,9999.000,   0.700,   0.035,   1.127,   0.600,   1.027,   0.700,   1.127
202606110806,   0.363,9999.000,9999.000,9999.000,9999.000,9999.000,9999.000,9999.000,9999.000
202606110812,   0.339,9999.000,9999.000,9999.000,9999.000,9999.000,9999.000,9999.000,9999.000
202606110818,   0.319,9999.000,9999.000,9999.000,9999.000,9999.000,9999.000,9999.000,9999.000
202606110824,   0.303,9999.000,9999.000,9999.000,9999.000,9999.000,9999.000,9999.000,9999.000
202606110830,   0.292,9999.000,9999.000,9999.000,9999.000,9999.000,9999.000,9999.000,9999.000
202606110836,   0.286,9999.000,9999.000,9999.000,9999.000,9999.000,9999.000,9999.000,9999.000
202606110842,   0.283,9999.000,9999.000,9999.000,9999.000,9999.000,9999.000,9999.000,9999.000
202606110848,   0.286,9999.000,9999.000,9999.000,9999.000,9999.000,9999.000,9999.000,9999.000
202606110854,   0.292,9999.000,9999.000,9999.000,9999.000,9999.000,9999.000,9999.000,9999.000
202606110900,   0.303,9999.000,   0.700,   0.041,   1.044,   0.700,   1.044,   0.700,   1.044
202606110906,   0.318,9999.000,9999.000,9999.000,9999.000,9999.000,9999.000,9999.000,9999.000
202606110912,   0.337,9999.000,9999.000,9999.000,9999.000,9999.000,9999.000,9999.000,9999.000
202606110918,   0.361,9999.000,9999.000,9999.000,9999.000,9999.000,9999.000,9999.000,9999.000
202606110924,   0.388,9999.000,9999.000,9999.000,9999.000,9999.000,9999.000,9999.000,9999.000
202606110930,   0.419,9999.000,9999.000,9999.000,9999.000,9999.000,9999.000,9999.000,9999.000
202606110936,   0.455,9999.000,9999.000,9999.000,9999.000,9999.000,9999.000,9999.000,9999.000
202606110942,   0.494,9999.000,9999.000,9999.000,9999.000,9999.000,9999.000,9999.000,9999.000
202606110948,   0.536,9999.000,9999.000,9999.000,9999.000,9999.000,9999.000,9999.000,9999.000
202606110954,   0.583,9999.000,9999.000,9999.000,9999.000,9999.000,9999.000,9999.000,9999.000
202606111000,   0.632,9999.000,   0.600,   0.047,   1.279,   0.600,   1.279,   0.600,   1.279
202606111006,   0.685,9999.000,9999.000,9999.000,9999.000,9999.000,9999.000,9999.000,9999.000
202606111012,   0.741,9999.000,9999.000,9999.000,9999.000,9999.000,9999.000,9999.000,9999.000
202606111018,   0.800,9999.000,9999.000,9999.000,9999.000,9999.000,9999.000,9999.000,9999.000
202606111024,   0.861,9999.000,9999.000,9999.000,9999.000,9999.000,9999.000,9999.000,9999.000
202606111030,   0.925,9999.000,9999.000,9999.000,9999.000,9999.000,9999.000,9999.000,9999.000
202606111036,   0.992,9999.000,9999.000,9999.000,9999.000,9999.000,9999.000,9999.000,9999.000
202606111042,   1.060,9999.000,9999.000,9999.000,9999.000,9999.000,9999.000,9999.000,9999.000
202606111048,   1.131,9999.000,9999.000,9999.000,9999.000,9999.000,9999.000,9999.000,9999.000
202606111054,   1.203,9999.000,9999.000,9999.000,9999.000,9999.000,9999.000,9999.000,9999.000
202606111100,   1.277,9999.000,   0.600,   0.053,   1.930,   0.500,   1.830,   0.600,   1.930
202606111106,   1.352,9999.000,9999.000,9999.000,9999.000,9999.000,9999.000,9999.000,9999.000
202606111112,   1.428,9999.000,9999.000,9999.000,9999.000,9999.000,9999.000,9999.000,9999.000
202606111118,   1.504,9999.000,9999.000,9999.000,9999.000,9999.000,9999.000,9999.000,9999.000
202606111124,   1.582,9999.000,9999.000,9999.000,9999.000,9999.000,9999.000,9999.000,9999.000
202606111130,   1.659,9999.000,9999.000,9999.000,9999.000,9999.000,9999.000,9999.000,9999.000
202606111136,   1.737,9999.000,9999.000,9999.000,9999.000,9999.000,9999.000,9999.000,9999.000
202606111142,   1.815,9999.000,9999.000,9999.000,9999.000,9999.000,9999.000,9999.000,9999.000
202606111148,   1.892,9999.000,9999.000,9999.000,9999.000,9999.000,9999.000,9999.000,9999.000
202606111154,   1.969,9999.000,9999.000,9999.000,9999.000,9999.000,9999.000,9999.000,9999.000
202606111200,   2.045,9999.000,   0.700,   0.053,   2.798,   0.600,   2.698,   0.700,   2.798
202606111206,   2.120,9999.000,9999.000,9999.000,9999.000,9999.000,9999.000,9999.000,9999.000
202606111212,   2.194,9999.000,9999.000,9999.000,9999.000,9999.000,9999.000,9999.000,9999.000
202606111218,   2.267,9999.000,9999.000,9999.000,9999.000,9999.000,9999.000,9999.000,9999.000
202606111224,   2.339,9999.000,9999.000,9999.000,9999.000,9999.000,9999.000,9999.000,9999.000
202606111230,   2.408,9999.000,9999.000,9999.000,9999.000,9999.000,9999.000,9999.000,9999.000
202606111236,   2.476,9999.000,9999.000,9999.000,9999.000,9999.000,9999.000,9999.000,9999.000
202606111242,   2.543,9999.000,9999.000,9999.000,9999.000,9999.000,9999.000,9999.000,9999.000
202606111248,   2.607,9999.000,9999.000,9999.000,9999.000,9999.000,9999.000,9999.000,9999.000
202606111254,   2.669,9999.000,9999.000,9999.000,9999.000,9999.000,9999.000,9999.000,9999.000
202606111300,   2.728,9999.000,   0.700,   0.053,   3.481,   0.700,   3.481,   0.700,   3.481
202606111306,   2.785,9999.000,9999.000,9999.000,9999.000,9999.000,9999.000,9999.000,9999.000
202606111312,   2.839,9999.000,9999.000,9999.000,9999.000,9999.000,9999.000,9999.000,9999.000
202606111318,   2.891,9999.000,9999.000,9999.000,9999.000,9999.000,9999.000,9999.000,9999.000
202606111324,   2.940,9999.000,9999.000,9999.000,9999.000,9999.000,9999.000,9999.000,9999.000
202606111330,   2.985,9999.000,9999.000,9999.000,9999.000,9999.000,9999.000,9999.000,9999.000
202606111336,   3.028,9999.000,9999.000,9999.000,9999.000,9999.000,9999.000,9999.000,9999.000
202606111342,   3.067,9999.000,9999.000,9999.000,9999.000,9999.000,9999.000,9999.000,9999.000
202606111348,   3.103,9999.000,9999.000,9999.000,9999.000,9999.000,9999.000,9999.000,9999.000
202606111354,   3.136,9999.000,9999.000,9999.000,9999.000,9999.000,9999.000,9999.000,9999.000
202606111400,   3.166,9999.000,   0.600,   0.053,   3.819,   0.600,   3.819,   0.600,   3.819
202606111406,   3.192,9999.000,9999.000,9999.000,9999.000,9999.000,9999.000,9999.000,9999.000
202606111412,   3.214,9999.000,9999.000,9999.000,9999.000,9999.000,9999.000,9999.000,9999.000
202606111418,   3.233,9999.000,9999.000,9999.000,9999.000,9999.000,9999.000,9999.000,9999.000
202606111424,   3.248,9999.000,9999.000,9999.000,9999.000,9999.000,9999.000,9999.000,9999.000
202606111430,   3.260,9999.000,9999.000,9999.000,9999.000,9999.000,9999.000,9999.000,9999.000
202606111436,   3.268,9999.000,9999.000,9999.000,9999.000,9999.000,9999.000,9999.000,9999.000
202606111442,   3.272,9999.000,9999.000,9999.000,9999.000,9999.000,9999.000,9999.000,9999.000
202606111448,   3.273,9999.000,9999.000,9999.000,9999.000,9999.000,9999.000,9999.000,9999.000
202606111454,   3.271,9999.000,9999.000,9999.000,9999.000,9999.000,9999.000,9999.000,9999.000
202606111500,   3.265,9999.000,   0.600,   0.053,   3.918,   0.500,   3.818,   0.600,   3.918
202606111506,   3.256,9999.000,9999.000,9999.000,9999.000,9999.000,9999.000,9999.000,9999.000
202606111512,   3.244,9999.000,9999.000,9999.000,9999.000,9999.000,9999.000,9999.000,9999.000
202606111518,   3.228,9999.000,9999.000,9999.000,9999.000,9999.000,9999.000,9999.000,9999.000
202606111524,   3.210,9999.000,9999.000,9999.000,9999.000,9999.000,9999.000,9999.000,9999.000
202606111530,   3.188,9999.000,9999.000,9999.000,9999.000,9999.000,9999.000,9999.000,9999.000
202606111536,   3.164,9999.000,9999.000,9999.000,9999.000,9999.000,9999.000,9999.000,9999.000
202606111542,   3.137,9999.000,9999.000,9999.000,9999.000,9999.000,9999.000,9999.000,9999.000
202606111548,   3.107,9999.000,9999.000,9999.000,9999.000,9999.000,9999.000,9999.000,9999.000
202606111554,   3.075,9999.000,9999.000,9999.000,9999.000,9999.000,9999.000,9999.000,9999.000
202606111600,   3.041,9999.000,   0.600,   0.053,   3.694,   0.500,   3.594,   0.600,   3.694
202606111606,   3.005,9999.000,9999.000,9999.000,9999.000,9999.000,9999.000,9999.000,9999.000
202606111612,   2.966,9999.000,9999.000,9999.000,9999.000,9999.000,9999.000,9999.000,9999.000
202606111618,   2.926,9999.000,9999.000,9999.000,9999.000,9999.000,9999.000,9999.000,9999.000
202606111624,   2.885,9999.000,9999.000,9999.000,9999.000,9999.000,9999.000,9999.000,9999.000
202606111630,   2.841,9999.000,9999.000,9999.000,9999.000,9999.000,9999.000,9999.000,9999.000
202606111636,   2.797,9999.000,9999.000,9999.000,9999.000,9999.000,9999.000,9999.000,9999.000
202606111642,   2.751,9999.000,9999.000,9999.000,9999.000,9999.000,9999.000,9999.000,9999.000
202606111648,   2.704,9999.000,9999.000,9999.000,9999.000,9999.000,9999.000,9999.000,9999.000
202606111654,   2.657,9999.000,9999.000,9999.000,9999.000,9999.000,9999.000,9999.000,9999.000
202606111700,   2.608,9999.000,   0.600,   0.053,   3.261,   0.600,   3.261,   0.700,   3.361
202606111706,   2.560,9999.000,9999.000,9999.000,9999.000,9999.000,9999.000,9999.000,9999.000
202606111712,   2.511,9999.000,9999.000,9999.000,9999.000,9999.000,9999.000,9999.000,9999.000
202606111718,   2.462,9999.000,9999.000,9999.000,9999.000,9999.000,9999.000,9999.000,9999.000
202606111724,   2.413,9999.000,9999.000,9999.000,9999.000,9999.000,9999.000,9999.000,9999.000
202606111730,   2.364,9999.000,9999.000,9999.000,9999.000,9999.000,9999.000,9999.000,9999.000
202606111736,   2.316,9999.000,9999.000,9999.000,9999.000,9999.000,9999.000,9999.000,9999.000
202606111742,   2.268,9999.000,9999.000,9999.000,9999.000,9999.000,9999.000,9999.000,9999.000
202606111748,   2.222,9999.000,9999.000,9999.000,9999.000,9999.000,9999.000,9999.000,9999.000
202606111754,   2.176,9999.000,9999.000,9999.000,9999.000,9999.000,9999.000,9999.000,9999.000
202606111800,   2.132,9999.000,   0.600,   0.053,   2.785,   0.600,   2.785,   0.600,   2.785
202606111806,   2.090,9999.000,9999.000,9999.000,9999.000,9999.000,9999.000,9999.000,9999.000
202606111812,   2.049,9999.000,9999.000,9999.000,9999.000,9999.000,9999.000,9999.000,9999.000
202606111818,   2.010,9999.000,9999.000,9999.000,9999.000,9999.000,9999.000,9999.000,9999.000
202606111824,   1.974,9999.000,9999.000,9999.000,9999.000,9999.000,9999.000,9999.000,9999.000
202606111830,   1.940,9999.000,9999.000,9999.000,9999.000,9999.000,9999.000,9999.000,9999.000
202606111836,   1.908,9999.000,9999.000,9999.000,9999.000,9999.000,9999.000,9999.000,9999.000
202606111842,   1.879,9999.000,9999.000,9999.000,9999.000,9999.000,9999.000,9999.000,9999.000
202606111848,   1.853,9999.000,9999.000,9999.000,9999.000,9999.000,9999.000,9999.000,9999.000
202606111854,   1.830,9999.000,9999.000,9999.000,9999.000,9999.000,9999.000,9999.000,9999.000
202606111900,   1.811,9999.000,   0.500,   0.053,   2.364,   0.500,   2.364,   0.500,   2.364
202606111906,   1.795,9999.000,9999.000,9999.000,9999.000,9999.000,9999.000,9999.000,9999.000
202606111912,   1.782,9999.000,9999.000,9999.000,9999.000,9999.000,9999.000,9999.000,9999.000
202606111918,   1.773,9999.000,9999.000,9999.000,9999.000,9999.000,9999.000,9999.000,9999.000
202606111924,   1.768,9999.000,9999.000,9999.000,9999.000,9999.000,9999.000,9999.000,9999.000
202606111930,   1.767,9999.000,9999.000,9999.000,9999.000,9999.000,9999.000,9999.000,9999.000
202606111936,   1.769,9999.000,9999.000,9999.000,9999.000,9999.000,9999.000,9999.000,9999.000
202606111942,   1.776,9999.000,9999.000,9999.000,9999.000,9999.000,9999.000,9999.000,9999.000
202606111948,   1.786,9999.000,9999.000,9999.000,9999.000,9999.000,9999.000,9999.000,9999.000
202606111954,   1.801,9999.000,9999.000,9999.000,9999.000,9999.000,9999.000,9999.000,9999.000
202606112000,   1.819,9999.000,   0.600,   0.053,   2.472,   0.600,   2.472,   0.600,   2.472
202606112006,   1.842,9999.000,9999.000,9999.000,9999.000,9999.000,9999.000,9999.000,9999.000
202606112012,   1.868,9999.000,9999.000,9999.000,9999.000,9999.000,9999.000,9999.000,9999.000
202606112018,   1.899,9999.000,9999.000,9999.000,9999.000,9999.000,9999.000,9999.000,9999.000
202606112024,   1.933,9999.000,9999.000,9999.000,9999.000,9999.000,9999.000,9999.000,9999.000
202606112030,   1.971,9999.000,9999.000,9999.000,9999.000,9999.000,9999.000,9999.000,9999.000
202606112036,   2.014,9999.000,9999.000,9999.000,9999.000,9999.000,9999.000,9999.000,9999.000
202606112042,   2.060,9999.000,9999.000,9999.000,9999.000,9999.000,9999.000,9999.000,9999.000
202606112048,   2.110,9999.000,9999.000,9999.000,9999.000,9999.000,9999.000,9999.000,9999.000
202606112054,   2.163,9999.000,9999.000,9999.000,9999.000,9999.000,9999.000,9999.000,9999.000
202606112100,   2.220,9999.000,   0.700,   0.053,   2.973,   0.600,   2.873,   0.700,   2.973
202606112106,   2.281,9999.000,9999.000,9999.000,9999.000,9999.000,9999.000,9999.000,9999.000
202606112112,   2.345,9999.000,9999.000,9999.000,9999.000,9999.000,9999.000,9999.000,9999.000
202606112118,   2.413,9999.000,9999.000,9999.000,9999.000,9999.000,9999.000,9999.000,9999.000
202606112124,   2.484,9999.000,9999.000,9999.000,9999.000,9999.000,9999.000,9999.000,9999.000
202606112130,   2.558,9999.000,9999.000,9999.000,9999.000,9999.000,9999.000,9999.000,9999.000
202606112136,   2.635,9999.000,9999.000,9999.000,9999.000,9999.000,9999.000,9999.000,9999.000
202606112142,   2.716,9999.000,9999.000,9999.000,9999.000,9999.000,9999.000,9999.000,9999.000
202606112148,   2.799,9999.000,9999.000,9999.000,9999.000,9999.000,9999.000,9999.000,9999.000
202606112154,   2.885,9999.000,9999.000,9999.000,9999.000,9999.000,9999.000,9999.000,9999.000
202606112200,   2.974,9999.000,   0.600,   0.053,   3.627,   0.600,   3.627,   0.600,   3.627
202606112206,   3.065,9999.000,9999.000,9999.000,9999.000,9999.000,9999.000,9999.000,9999.000
202606112212,   3.158,9999.000,9999.000,9999.000,9999.000,9999.000,9999.000,9999.000,9999.000
202606112218,   3.254,9999.000,9999.000,9999.000,9999.000,9999.000,9999.000,9999.000,9999.000
202606112224,   3.352,9999.000,9999.000,9999.000,9999.000,9999.000,9999.000,9999.000,9999.000
202606112230,   3.451,9999.000,9999.000,9999.000,9999.000,9999.000,9999.000,9999.000,9999.000
202606112236,   3.552,9999.000,9999.000,9999.000,9999.000,9999.000,9999.000,9999.000,9999.000
202606112242,   3.654,9999.000,9999.000,9999.000,9999.000,9999.000,9999.000,9999.000,9999.000
202606112248,   3.757,9999.000,9999.000,9999.000,9999.000,9999.000,9999.000,9999.000,9999.000
202606112254,   3.861,9999.000,9999.000,9999.000,9999.000,9999.000,9999.000,9999.000,9999.000
202606112300,   3.966,9999.000,   0.500,   0.053,   4.519,   0.500,   4.519,   0.600,   4.619
202606112306,   4.071,9999.000,9999.000,9999.000,9999.000,9999.000,9999.000,9999.000,9999.000
202606112312,   4.176,9999.000,9999.000,9999.000,9999.000,9999.000,9999.000,9999.000,9999.000
202606112318,   4.281,9999.000,9999.000,9999.000,9999.000,9999.000,9999.000,9999.000,9999.000
202606112324,   4.385,9999.000,9999.000,9999.000,9999.000,9999.000,9999.000,9999.000,9999.000
202606112330,   4.488,9999.000,9999.000,9999.000,9999.000,9999.000,9999.000,9999.000,9999.000
202606112336,   4.591,9999.000,9999.000,9999.000,9999.000,9999.000,9999.000,9999.000,9999.000
202606112342,   4.692,9999.000,9999.000,9999.000,9999.000,9999.000,9999.000,9999.000,9999.000
202606112348,   4.791,9999.000,9999.000,9999.000,9999.000,9999.000,9999.000,9999.000,9999.000
202606112354,   4.889,9999.000,9999.000,9999.000,9999.000,9999.000,9999.000,9999.000,9999.000
202606120000,   4.984,9999.000,   0.600,   0.053,   5.637,   0.600,   5.637,   0.700,   5.737
202606120006,   5.077,9999.000,9999.000,9999.000,9999.000,9999.000,9999.000,9999.000,9999.000
202606120012,   5.168,9999.000,9999.000,9999.000,9999.000,9999.000,9999.000,9999.000,9999.000
202606120018,   5.255,9999.000,9999.000,9999.000,9999.000,9999.000,9999.000,9999.000,9999.000
202606120024,   5.340,9999.000,9999.000,9999.000,9999.000,9999.000,9999.000,9999.000,9999.000
202606120030,   5.421,9999.000,9999.000,9999.000,9999.000,9999.000,9999.000,9999.000,9999.000
202606120036,   5.498,9999.000,9999.000,9999.000,9999.000,9999.000,9999.000,9999.000,9999.000
202606120042,   5.572,9999.000,9999.000,9999.000,9999.000,9999.000,9999.000,9999.000,9999.000
202606120048,   5.642,9999.000,9999.000,9999.000,9999.000,9999.000,9999.000,9999.000,9999.000
202606120054,   5.708,9999.000,9999.000,9999.000,9999.000,9999.000,9999.000,9999.000,9999.000
202606120100,   5.769,9999.000,   0.700,   0.053,   6.522,   0.700,   6.522,   0.700,   6.522
202606120106,   5.826,9999.000,9999.000,9999.000,9999.000,9999.000,9999.000,9999.000,9999.000
202606120112,   5.879,9999.000,9999.000,9999.000,9999.000,9999.000,9999.000,9999.000,9999.000
202606120118,   5.927,9999.000,9999.000,9999.000,9999.000,9999.000,9999.000,9999.000,9999.000
202606120124,   5.969,9999.000,9999.000,9999.000,9999.000,9999.000,9999.000,9999.000,9999.000
202606120130,   6.007,9999.000,9999.000,9999.000,9999.000,9999.000,9999.000,9999.000,9999.000
202606120136,   6.040,9999.000,9999.000,9999.000,9999.000,9999.000,9999.000,9999.000,9999.000
202606120142,   6.067,9999.000,9999.000,9999.000,9999.000,9999.000,9999.000,9999.000,9999.000
202606120148,   6.089,9999.000,9999.000,9999.000,9999.000,9999.000,9999.000,9999.000,9999.000
202606120154,   6.106,9999.000,9999.000,9999.000,9999.000,9999.000,9999.000,9999.000,9999.000
202606120200,   6.117,9999.000,   0.600,   0.053,   6.770,   0.500,   6.670,   0.600,   6.770
202606120206,   6.122,9999.000,9999.000,9999.000,9999.000,9999.000,9999.000,9999.000,9999.000
202606120212,   6.122,9999.000,9999.000,9999.000,9999.000,9999.000,9999.000,9999.000,9999.000
202606120218,   6.116,9999.000,9999.000,9999.000,9999.000,9999.000,9999.000,9999.000,9999.000
202606120224,   6.103,9999.000,9999.000,9999.000,9999.000,9999.000,9999.000,9999.000,9999.000
202606120230,   6.086,9999.000,9999.000,9999.000,9999.000,9999.000,9999.000,9999.000,9999.000
202606120236,   6.062,9999.000,9999.000,9999.000,9999.000,9999.000,9999.000,9999.000,9999.000
202606120242,   6.032,9999.000,9999.000,9999.000,9999.000,9999.000,9999.000,9999.000,9999.000
202606120248,   5.997,9999.000,9999.000,9999.000,9999.000,9999.000,9999.000,9999.000,9999.000
202606120254,   5.955,9999.000,9999.000,9999.000,9999.000,9999.000,9999.000,9999.000,9999.000
202606120300,   5.908,9999.000,   0.500,   0.053,   6.461,   0.500,   6.461,   0.600,   6.561
202606120306,   5.855,9999.000,9999.000,9999.000,9999.000,9999.000,9999.000,9999.000,9999.000
202606120312,   5.796,9999.000,9999.000,9999.000,9999.000,9999.000,9999.000,9999.000,9999.000
202606120318,   5.732,9999.000,9999.000,9999.000,9999.000,9999.000,9999.000,9999.000,9999.000
202606120324,   5.662,9999.000,9999.000,9999.000,9999.000,9999.000,9999.000,9999.000,9999.000
202606120330,   5.586,9999.000,9999.000,9999.000,9999.000,9999.000,9999.000,9999.000,9999.000
202606120336,   5.506,9999.000,9999.000,9999.000,9999.000,9999.000,9999.000,9999.000,9999.000
202606120342,   5.420,9999.000,9999.000,9999.000,9999.000,9999.000,9999.000,9999.000,9999.000
202606120348,   5.330,9999.000,9999.000,9999.000,9999.000,9999.000,9999.000,9999.000,9999.000
202606120354,   5.234,9999.000,9999.000,9999.000,9999.000,9999.000,9999.000,9999.000,9999.000
202606120400,   5.134,9999.000,   0.600,   0.053,   5.787,   0.600,   5.787,   0.700,   5.887
202606120406,   5.030,9999.000,9999.000,9999.000,9999.000,9999.000,9999.000,9999.000,9999.000
202606120412,   4.921,9999.000,9999.000,9999.000,9999.000,9999.000,9999.000,9999.000,9999.000
202606120418,   4.809,9999.000,9999.000,9999.000,9999.000,9999.000,9999.000,9999.000,9999.000
202606120424,   4.692,9999.000,9999.000,9999.000,9999.000,9999.000,9999.000,9999.000,9999.000
202606120430,   4.572,9999.000,9999.000,9999.000,9999.000,9999.000,9999.000,9999.000,9999.000
202606120436,   4.449,9999.000,9999.000,9999.000,9999.000,9999.000,9999.000,9999.000,9999.000
202606120442,   4.322,9999.000,9999.000,9999.000,9999.000,9999.000,9999.000,9999.000,9999.000
202606120448,   4.193,9999.000,9999.000,9999.000,9999.000,9999.000,9999.000,9999.000,9999.000
202606120454,   4.061,9999.000,9999.000,9999.000,9999.000,9999.000,9999.000,9999.000,9999.000
202606120500,   3.927,9999.000,   0.600,   0.053,   4.580,   0.600,   4.580,   0.700,   4.680
202606120506,   3.791,9999.000,9999.000,9999.000,9999.000,9999.000,9999.000,9999.000,9999.000
202606120512,   3.652,9999.000,9999.000,9999.000,9999.000,9999.000,9999.000,9999.000,9999.000
202606120518,   3.513,9999.000,9999.000,9999.000,9999.000,9999.000,9999.000,9999.000,9999.000
202606120524,   3.371,9999.000,9999.000,9999.000,9999.000,9999.000,9999.000,9999.000,9999.000
202606120530,   3.229,9999.000,9999.000,9999.000,9999.000,9999.000,9999.000,9999.000,9999.000
202606120536,   3.086,9999.000,9999.000,9999.000,9999.000,9999.000,9999.000,9999.000,9999.000
202606120542,   2.942,9999.000,9999.000,9999.000,9999.000,9999.000,9999.000,9999.000,9999.000
202606120548,   2.798,9999.000,9999.000,9999.000,9999.000,9999.000,9999.000,9999.000,9999.000
202606120554,   2.654,9999.000,9999.000,9999.000,9999.000,9999.000,9999.000,9999.000,9999.000
202606120600,   2.510,9999.000,   0.500,   0.053,   3.063,   0.500,   3.063,   0.500,   3.063
202606120606,   2.367,9999.000,9999.000,9999.000,9999.000,9999.000,9999.000,9999.000,9999.000
202606120612,   2.225,9999.000,9999.000,9999.000,9999.000,9999.000,9999.000,9999.000,9999.000
202606120618,   2.084,9999.000,9999.000,9999.000,9999.000,9999.000,9999.000,9999.000,9999.000
202606120624,   1.944,9999.000,9999.000,9999.000,9999.000,9999.000,9999.000,9999.000,9999.000
202606120630,   1.806,9999.000,9999.000,9999.000,9999.000,9999.000,9999.000,9999.000,9999.000
202606120636,   1.670,9999.000,9999.000,9999.000,9999.000,9999.000,9999.000,9999.000,9999.000
202606120642,   1.536,9999.000,9999.000,9999.000,9999.000,9999.000,9999.000,9999.000,9999.000
202606120648,   1.404,9999.000,9999.000,9999.000,9999.000,9999.000,9999.000,9999.000,9999.000
202606120654,   1.275,9999.000,9999.000,9999.000,9999.000,9999.000,9999.000,9999.000,9999.000
202606120700,   1.150,9999.000,   0.500,   0.053,   1.703,   0.400,   1.603,   0.500,   1.703
202606120706,   1.027,9999.000,9999.000,9999.000,9999.000,9999.000,9999.000,9999.000,9999.000
202606120712,   0.909,9999.000,9999.000,9999.000,9999.000,9999.000,9999.000,9999.000,9999.000
202606120718,   0.793,9999.000,9999.000,9999.000,9999.000,9999.000,9999.000,9999.000,9999.000
202606120724,   0.682,9999.000,9999.000,9999.000,9999.000,9999.000,9999.000,9999.000,9999.000
202606120730,   0.575,9999.000,9999.000,9999.000,9999.000,9999.000,9999.000,9999.000,9999.000
202606120736,   0.472,9999.000,9999.000,9999.000,9999.000,9999.000,9999.000,9999.000,9999.000
202606120742,   0.374,9999.000,9999.000,9999.000,9999.000,9999.000,9999.000,9999.000,9999.000
202606120748,   0.281,9999.000,9999.000,9999.000,9999.000,9999.000,9999.000,9999.000,9999.000
202606120754,   0.192,9999.000,9999.000,9999.000,9999.000,9999.000,9999.000,9999.000,9999.000
202606120800,   0.108,9999.000,   0.600,   0.053,   0.761,   0.600,   0.761,   0.600,   0.761
202606120806,   0.029,9999.000,9999.000,9999.000,9999.000,9999.000,9999.000,9999.000,9999.000
202606120812,  -0.044,9999.000,9999.000,9999.000,9999.000,9999.000,9999.000,9999.000,9999.000
202606120818,  -0.112,9999.000,9999.000,9999.000,9999.000,9999.000,9999.000,9999.000,9999.000
202606120824,  -0.175,9999.000,9999.000,9999.000,9999.000,9999.000,9999.000,9999.000,9999.000
202606120830,  -0.233,9999.000,9999.000,9999.000,9999.000,9999.000,9999.000,9999.000,9999.000
202606120836,  -0.286,9999.000,9999.000,9999.000,9999.000,9999.000,9999.000,9999.000,9999.000
202606120842,  -0.333,9999.000,9999.000,9999.000,9999.000,9999.000,9999.000,9999.000,9999.000
202606120848,  -0.375,9999.000,9999.000,9999.000,9999.000,9999.000,9999.000,9999.000,9999.000
202606120854,  -0.411,9999.000,9999.000,9999.000,9999.000,9999.000,9999.000,9999.000,9999.000
202606120900,  -0.442,9999.000,   0.600,   0.053,   0.211,   0.600,   0.211,   0.700,   0.311
202606120906,  -0.467,9999.000,9999.000,9999.000,9999.000,9999.000,9999.000,9999.000,9999.000
202606120912,  -0.487,9999.000,9999.000,9999.000,9999.000,9999.000,9999.000,9999.000,9999.000
202606120918,  -0.501,9999.000,9999.000,9999.000,9999.000,9999.000,9999.000,9999.000,9999.000
202606120924,  -0.510,9999.000,9999.000,9999.000,9999.000,9999.000,9999.000,9999.000,9999.000
202606120930,  -0.514,9999.000,9999.000,9999.000,9999.000,9999.000,9999.000,9999.000,9999.000
202606120936,  -0.512,9999.000,9999.000,9999.000,9999.000,9999.000,9999.000,9999.000,9999.000
202606120942,  -0.505,9999.000,9999.000,9999.000,9999.000,9999.000,9999.000,9999.000,9999.000
202606120948,  -0.492,9999.000,9999.000,9999.000,9999.000,9999.000,9999.000,9999.000,9999.000
202606120954,  -0.474,9999.000,9999.000,9999.000,9999.000,9999.000,9999.000,9999.000,9999.000
202606121000,  -0.451,9999.000,   0.500,   0.053,   0.102,   0.500,   0.102,   0.600,   0.202
202606121006,  -0.423,9999.000,9999.000,9999.000,9999.000,9999.000,9999.000,9999.000,9999.000
202606121012,  -0.390,9999.000,9999.000,9999.000,9999.000,9999.000,9999.000,9999.000,9999.000
202606121018,  -0.352,9999.000,9999.000,9999.000,9999.000,9999.000,9999.000,9999.000,9999.000
202606121024,  -0.309,9999.000,9999.000,9999.000,9999.000,9999.000,9999.000,9999.000,9999.000
202606121030,  -0.262,9999.000,9999.000,9999.000,9999.000,9999.000,9999.000,9999.000,9999.000
202606121036,  -0.209,9999.000,9999.000,9999.000,9999.000,9999.000,9999.000,9999.000,9999.000
202606121042,  -0.153,9999.000,9999.000,9999.000,9999.000,9999.000,9999.000,9999.000,9999.000
202606121048,  -0.092,9999.000,9999.000,9999.000,9999.000,9999.000,9999.000,9999.000,9999.000
202606121054,  -0.027,9999.000,9999.000,9999.000,9999.000,9999.000,9999.000,9999.000,9999.000
202606121100,   0.041,9999.000,   0.500,   0.053,   0.594,   0.500,   0.594,   0.500,   0.594
202606121106,   0.114,9999.000,9999.000,9999.000,9999.000,9999.000,9999.000,9999.000,9999.000
202606121112,   0.190,9999.000,9999.000,9999.000,9999.000,9999.000,9999.000,9999.000,9999.000
202606121118,   0.269,9999.000,9999.000,9999.000,9999.000,9999.000,9999.000,9999.000,9999.000
202606121124,   0.351,9999.000,9999.000,9999.000,9999.000,9999.000,9999.000,9999.000,9999.000
202606121130,   0.436,9999.000,9999.000,9999.000,9999.000,9999.000,9999.000,9999.000,9999.000
202606121136,   0.524,9999.000,9999.000,9999.000,9999.000,9999.000,9999.000,9999.000,9999.000
202606121142,   0.613,9999.000,9999.000,9999.000,9999.000,9999.000,9999.000,9999.000,9999.000
202606121148,   0.705,9999.000,9999.000,9999.000,9999.000,9999.000,9999.000,9999.000,9999.000
202606121154,   0.798,9999.000,9999.000,9999.000,9999.000,9999.000,9999.000,9999.000,9999.000
202606121200,   0.893,9999.000,   0.600,   0.053,   1.546,   0.500,   1.446,   0.600,   1.546
202606121206,   0.989,9999.000,9999.000,9999.000,9999.000,9999.000,9999.000,9999.000,9999.000
202606121212,   1.086,9999.000,9999.000,9999.000,9999.000,9999.000,9999.000,9999.000,9999.000
202606121218,   1.183,9999.000,9999.000,9999.000,9999.000,9999.000,9999.000,9999.000,9999.000
202606121224,   1.281,9999.000,9999.000,9999.000,9999.000,9999.000,9999.000,9999.000,9999.000
202606121230,   1.378,9999.000,9999.000,9999.000,9999.000,9999.000,9999.000,9999.000,9999.000
202606121236,   1.476,9999.000,9999.000,9999.000,9999.000,9999.000,9999.000,9999.000,9999.000
202606121242,   1.573,9999.000,9999.000,9999.000,9999.000,9999.000,9999.000,9999.000,9999.000
202606121248,   1.670,9999.000,9999.000,9999.000,9999.000,9999.000,9999.000,9999.000,9999.000
202606121254,   1.765,9999.000,9999.000,9999.000,9999.000,9999.000,9999.000,9999.000,9999.000
202606121300,   1.860,9999.000,   0.600,   0.053,   2.513,   0.600,   2.513,   0.600,   2.513
202606121306,   1.953,9999.000,9999.000,9999.000,9999.000,9999.000,9999.000,9999.000,9999.000
202606121312,   2.045,9999.000,9999.000,9999.000,9999.000,9999.000,9999.000,9999.000,9999.000
202606121318,   2.135,9999.000,9999.000,9999.000,9999.000,9999.000,9999.000,9999.000,9999.000
202606121324,   2.224,9999.000,9999.000,9999.000,9999.000,9999.000,9999.000,9999.000,9999.000
202606121330,   2.310,9999.000,9999.000,9999.000,9999.000,9999.000,9999.000,9999.000,9999.000
202606121336,   2.394,9999.000,9999.000,9999.000,9999.000,9999.000,9999.000,9999.000,9999.000
202606121342,   2.476,9999.000,9999.000,9999.000,9999.000,9999.000,9999.000,9999.000,9999.000
202606121348,   2.555,9999.000,9999.000,9999.000,9999.000,9999.000,9999.000,9999.000,9999.000
202606121354,   2.631,9999.000,9999.000,9999.000,9999.000,9999.000,9999.000,9999.000,9999.000
202606121400,   2.705,9999.000,   0.500,   0.053,   3.258,   0.500,   3.258,   0.500,   3.258
202606121406,   2.776,9999.000,9999.000,9999.000,9999.000,9999.000,9999.000,9999.000,9999.000
202606121412,   2.843,9999.000,9999.000,9999.000,9999.000,9999.000,9999.000,9999.000,9999.000
202606121418,   2.907,9999.000,9999.000,9999.000,9999.000,9999.000,9999.000,9999.000,9999.000
202606121424,   2.968,9999.000,9999.000,9999.000,9999.000,9999.000,9999.000,9999.000,9999.000
202606121430,   3.025,9999.000,9999.000,9999.000,9999.000,9999.000,9999.000,9999.000,9999.000
202606121436,   3.079,9999.000,9999.000,9999.000,9999.000,9999.000,9999.000,9999.000,9999.000
202606121442,   3.129,9999.000,9999.000,9999.000,9999.000,9999.000,9999.000,9999.000,9999.000
202606121448,   3.175,9999.000,9999.000,9999.000,9999.000,9999.000,9999.000,9999.000,9999.000
202606121454,   3.217,9999.000,9999.000,9999.000,9999.000,9999.000,9999.000,9999.000,9999.000
202606121500,   3.255,9999.000,   0.500,   0.053,   3.808,   0.500,   3.808,   0.500,   3.808
202606121506,   3.289,9999.000,9999.000,9999.000,9999.000,9999.000,9999.000,9999.000,9999.000
202606121512,   3.319,9999.000,9999.000,9999.000,9999.000,9999.000,9999.000,9999.000,9999.000
202606121518,   3.344,9999.000,9999.000,9999.000,9999.000,9999.000,9999.000,9999.000,9999.000
202606121524,   3.366,9999.000,9999.000,9999.000,9999.000,9999.000,9999.000,9999.000,9999.000
202606121530,   3.383,9999.000,9999.000,9999.000,9999.000,9999.000,9999.000,9999.000,9999.000
202606121536,   3.396,9999.000,9999.000,9999.000,9999.000,9999.000,9999.000,9999.000,9999.000
202606121542,   3.405,9999.000,9999.000,9999.000,9999.000,9999.000,9999.000,9999.000,9999.000
202606121548,   3.410,9999.000,9999.000,9999.000,9999.000,9999.000,9999.000,9999.000,9999.000
202606121554,   3.411,9999.000,9999.000,9999.000,9999.000,9999.000,9999.000,9999.000,9999.000
202606121600,   3.409,9999.000,   0.500,   0.053,   3.962,   0.500,   3.962,   0.600,   4.062
202606121606,   3.402,9999.000,9999.000,9999.000,9999.000,9999.000,9999.000,9999.000,9999.000
202606121612,   3.391,9999.000,9999.000,9999.000,9999.000,9999.000,9999.000,9999.000,9999.000
202606121618,   3.377,9999.000,9999.000,9999.000,9999.000,9999.000,9999.000,9999.000,9999.000
202606121624,   3.360,9999.000,9999.000,9999.000,9999.000,9999.000,9999.000,9999.000,9999.000
202606121630,   3.339,9999.000,9999.000,9999.000,9999.000,9999.000,9999.000,9999.000,9999.000
202606121636,   3.315,9999.000,9999.000,9999.000,9999.000,9999.000,9999.000,9999.000,9999.000
202606121642,   3.288,9999.000,9999.000,9999.000,9999.000,9999.000,9999.000,9999.000,9999.000
202606121648,   3.258,9999.000,9999.000,9999.000,9999.000,9999.000,9999.000,9999.000,9999.000
202606121654,   3.226,9999.000,9999.000,9999.000,9999.000,9999.000,9999.000,9999.000,9999.000
202606121700,   3.191,9999.000,   0.600,   0.053,   3.844,   0.500,   3.744,   0.600,   3.844
202606121706,   3.153,9999.000,9999.000,9999.000,9999.000,9999.000,9999.000,9999.000,9999.000
202606121712,   3.114,9999.000,9999.000,9999.000,9999.000,9999.000,9999.000,9999.000,9999.000
202606121718,   3.073,9999.000,9999.000,9999.000,9999.000,9999.000,9999.000,9999.000,9999.000
202606121724,   3.030,9999.000,9999.000,9999.000,9999.000,9999.000,9999.000,9999.000,9999.000
202606121730,   2.986,9999.000,9999.000,9999.000,9999.000,9999.000,9999.000,9999.000,9999.000
202606121736,   2.940,9999.000,9999.000,9999.000,9999.000,9999.000,9999.000,9999.000,9999.000
202606121742,   2.894,9999.000,9999.000,9999.000,9999.000,9999.000,9999.000,9999.000,9999.000
202606121748,   2.846,9999.000,9999.000,9999.000,9999.000,9999.000,9999.000,9999.000,9999.000
202606121754,   2.798,9999.000,9999.000,9999.000,9999.000,9999.000,9999.000,9999.000,9999.000
202606121800,   2.749,9999.000,   0.500,   0.053,   3.302,   0.500,   3.302,   0.500,   3.302
202606121806,   2.701,9999.000,9999.000,9999.000,9999.000,9999.000,9999.000,9999.000,9999.000
202606121812,   2.652,9999.000,9999.000,9999.000,9999.000,9999.000,9999.000,9999.000,9999.000
202606121818,   2.603,9999.000,9999.000,9999.000,9999.000,9999.000,9999.000,9999.000,9999.000
202606121824,   2.555,9999.000,9999.000,9999.000,9999.000,9999.000,9999.000,9999.000,9999.000
202606121830,   2.508,9999.000,9999.000,9999.000,9999.000,9999.000,9999.000,9999.000,9999.000
202606121836,   2.461,9999.000,9999.000,9999.000,9999.000,9999.000,9999.000,9999.000,9999.000
202606121842,   2.416,9999.000,9999.000,9999.000,9999.000,9999.000,9999.000,9999.000,9999.000
202606121848,   2.372,9999.000,9999.000,9999.000,9999.000,9999.000,9999.000,9999.000,9999.000
202606121854,   2.330,9999.000,9999.000,9999.000,9999.000,9999.000,9999.000,9999.000,9999.000
202606121900,   2.290,9999.000,   0.500,   0.053,   2.843,   0.500,   2.843,   0.500,   2.843
202606121906,   2.251,9999.000,9999.000,9999.000,9999.000,9999.000,9999.000,9999.000,9999.000
202606121912,   2.215,9999.000,9999.000,9999.000,9999.000,9999.000,9999.000,9999.000,9999.000
202606121918,   2.181,9999.000,9999.000,9999.000,9999.000,9999.000,9999.000,9999.000,9999.000
202606121924,   2.150,9999.000,9999.000,9999.000,9999.000,9999.000,9999.000,9999.000,9999.000
202606121930,   2.122,9999.000,9999.000,9999.000,9999.000,9999.000,9999.000,9999.000,9999.000
202606121936,   2.097,9999.000,9999.000,9999.000,9999.000,9999.000,9999.000,9999.000,9999.000
202606121942,   2.074,9999.000,9999.000,9999.000,9999.000,9999.000,9999.000,9999.000,9999.000
202606121948,   2.056,9999.000,9999.000,9999.000,9999.000,9999.000,9999.000,9999.000,9999.000
202606121954,   2.041,9999.000,9999.000,9999.000,9999.000,9999.000,9999.000,9999.000,9999.000
202606122000,   2.029,9999.000,   0.600,   0.053,   2.682,   0.500,   2.582,   0.600,   2.682
202606122006,   2.021,9999.000,9999.000,9999.000,9999.000,9999.000,9999.000,9999.000,9999.000
202606122012,   2.017,9999.000,9999.000,9999.000,9999.000,9999.000,9999.000,9999.000,9999.000
202606122018,   2.017,9999.000,9999.000,9999.000,9999.000,9999.000,9999.000,9999.000,9999.000
202606122024,   2.021,9999.000,9999.000,9999.000,9999.000,9999.000,9999.000,9999.000,9999.000
202606122030,   2.029,9999.000,9999.000,9999.000,9999.000,9999.000,9999.000,9999.000,9999.000
202606122036,   2.042,9999.000,9999.000,9999.000,9999.000,9999.000,9999.000,9999.000,9999.000
202606122042,   2.058,9999.000,9999.000,9999.000,9999.000,9999.000,9999.000,9999.000,9999.000
202606122048,   2.079,9999.000,9999.000,9999.000,9999.000,9999.000,9999.000,9999.000,9999.000
202606122054,   2.104,9999.000,9999.000,9999.000,9999.000,9999.000,9999.000,9999.000,9999.000
202606122100,   2.133,9999.000,   0.600,   0.053,   2.786,   0.600,   2.786,   0.600,   2.786
202606122106,   2.166,9999.000,9999.000,9999.000,9999.000,9999.000,9999.000,9999.000,9999.000
202606122112,   2.203,9999.000,9999.000,9999.000,9999.000,9999.000,9999.000,9999.000,9999.000
202606122118,   2.245,9999.000,9999.000,9999.000,9999.000,9999.000,9999.000,9999.000,9999.000
202606122124,   2.291,9999.000,9999.000,9999.000,9999.000,9999.000,9999.000,9999.000,9999.000
202606122130,   2.341,9999.000,9999.000,9999.000,9999.000,9999.000,9999.000,9999.000,9999.000
202606122136,   2.394,9999.000,9999.000,9999.000,9999.000,9999.000,9999.000,9999.000,9999.000
202606122142,   2.452,9999.000,9999.000,9999.000,9999.000,9999.000,9999.000,9999.000,9999.000
202606122148,   2.514,9999.000,9999.000,9999.000,9999.000,9999.000,9999.000,9999.000,9999.000
202606122154,   2.580,9999.000,9999.000,9999.000,9999.000,9999.000,9999.000,9999.000,9999.000
202606122200,   2.649,9999.000,   0.500,   0.053,   3.202,   0.500,   3.202,   0.600,   3.302
202606122206,   2.722,9999.000,9999.000,9999.000,9999.000,9999.000,9999.000,9999.000,9999.000
202606122212,   2.799,9999.000,9999.000,9999.000,9999.000,9999.000,9999.000,9999.000,9999.000
202606122218,   2.879,9999.000,9999.000,9999.000,9999.000,9999.000,9999.000,9999.000,9999.000
202606122224,   2.963,9999.000,9999.000,9999.000,9999.000,9999.000,9999.000,9999.000,9999.000
202606122230,   3.050,9999.000,9999.000,9999.000,9999.000,9999.000,9999.000,9999.000,9999.000
202606122236,   3.140,9999.000,9999.000,9999.000,9999.000,9999.000,9999.000,9999.000,9999.000
202606122242,   3.233,9999.000,9999.000,9999.000,9999.000,9999.000,9999.000,9999.000,9999.000
202606122248,   3.329,9999.000,9999.000,9999.000,9999.000,9999.000,9999.000,9999.000,9999.000
202606122254,   3.427,9999.000,9999.000,9999.000,9999.000,9999.000,9999.000,9999.000,9999.000
202606122300,   3.528,9999.000,   0.500,   0.053,   4.081,   0.500,   4.081,   0.600,   4.181
202606122306,   3.631,9999.000,9999.000,9999.000,9999.000,9999.000,9999.000,9999.000,9999.000
202606122312,   3.736,9999.000,9999.000,9999.000,9999.000,9999.000,9999.000,9999.000,9999.000
202606122318,   3.843,9999.000,9999.000,9999.000,9999.000,9999.000,9999.000,9999.000,9999.000
202606122324,   3.952,9999.000,9999.000,9999.000,9999.000,9999.000,9999.000,9999.000,9999.000
202606122330,   4.062,9999.000,9999.000,9999.000,9999.000,9999.000,9999.000,9999.000,9999.000
202606122336,   4.173,9999.000,9999.000,9999.000,9999.000,9999.000,9999.000,9999.000,9999.000
202606122342,   4.284,9999.000,9999.000,9999.000,9999.000,9999.000,9999.000,9999.000,9999.000
202606122348,   4.396,9999.000,9999.000,9999.000,9999.000,9999.000,9999.000,9999.000,9999.000
202606122354,   4.509,9999.000,9999.000,9999.000,9999.000,9999.000,9999.000,9999.000,9999.000
202606130000,   4.621,9999.000,   0.600,   0.053,   5.274,   0.600,   5.274,   0.600,   5.274
202606130006,   4.733,9999.000,9999.000,9999.000,9999.000,9999.000,9999.000,9999.000,9999.000
202606130012,   4.844,9999.000,9999.000,9999.000,9999.000,9999.000,9999.000,9999.000,9999.000
202606130018,   4.954,9999.000,9999.000,9999.000,9999.000,9999.000,9999.000,9999.000,9999.000
202606130024,   5.062,9999.000,9999.000,9999.000,9999.000,9999.000,9999.000,9999.000,9999.000
202606130030,   5.169,9999.000,9999.000,9999.000,9999.000,9999.000,9999.000,9999.000,9999.000
202606130036,   5.274,9999.000,9999.000,9999.000,9999.000,9999.000,9999.000,9999.000,9999.000
202606130042,   5.377,9999.000,9999.000,9999.000,9999.000,9999.000,9999.000,9999.000,9999.000
202606130048,   5.477,9999.000,9999.000,9999.000,9999.000,9999.000,9999.000,9999.000,9999.000
202606130054,   5.575,9999.000,9999.000,9999.000,9999.000,9999.000,9999.000,9999.000,9999.000
202606130100,   5.669,9999.000,   0.600,   0.053,   6.322,   0.600,   6.322,   0.700,   6.422
202606130106,   5.761,9999.000,9999.000,9999.000,9999.000,9999.000,9999.000,9999.000,9999.000
202606130112,   5.848,9999.000,9999.000,9999.000,9999.000,9999.000,9999.000,9999.000,9999.000
202606130118,   5.932,9999.000,9999.000,9999.000,9999.000,9999.000,9999.000,9999.000,9999.000
202606130124,   6.012,9999.000,9999.000,9999.000,9999.000,9999.000,9999.000,9999.000,9999.000
202606130130,   6.088,9999.000,9999.000,9999.000,9999.000,9999.000,9999.000,9999.000,9999.000
202606130136,   6.159,9999.000,9999.000,9999.000,9999.000,9999.000,9999.000,9999.000,9999.000
202606130142,   6.226,9999.000,9999.000,9999.000,9999.000,9999.000,9999.000,9999.000,9999.000
202606130148,   6.288,9999.000,9999.000,9999.000,9999.000,9999.000,9999.000,9999.000,9999.000
202606130154,   6.345,9999.000,9999.000,9999.000,9999.000,9999.000,9999.000,9999.000,9999.000
202606130200,   6.397,9999.000,   0.500,   0.053,   6.950,   0.500,   6.950,   0.600,   7.050
202606130206,   6.444,9999.000,9999.000,9999.000,9999.000,9999.000,9999.000,9999.000,9999.000
202606130212,   6.485,9999.000,9999.000,9999.000,9999.000,9999.000,9999.000,9999.000,9999.000
202606130218,   6.520,9999.000,9999.000,9999.000,9999.000,9999.000,9999.000,9999.000,9999.000
202606130224,   6.550,9999.000,9999.000,9999.000,9999.000,9999.000,9999.000,9999.000,9999.000
202606130230,   6.574,9999.000,9999.000,9999.000,9999.000,9999.000,9999.000,9999.000,9999.000
202606130236,   6.592,9999.000,9999.000,9999.000,9999.000,9999.000,9999.000,9999.000,9999.000
202606130242,   6.604,9999.000,9999.000,9999.000,9999.000,9999.000,9999.000,9999.000,9999.000
202606130248,   6.610,9999.000,9999.000,9999.000,9999.000,9999.000,9999.000,9999.000,9999.000
202606130254,   6.609,9999.000,9999.000,9999.000,9999.000,9999.000,9999.000,9999.000,9999.000
202606130300,   6.602,9999.000,   0.500,   0.053,   7.155,   0.500,   7.155,   0.600,   7.255
202606130306,   6.588,9999.000,9999.000,9999.000,9999.000,9999.000,9999.000,9999.000,9999.000
202606130312,   6.568,9999.000,9999.000,9999.000,9999.000,9999.000,9999.000,9999.000,9999.000
202606130318,   6.542,9999.000,9999.000,9999.000,9999.000,9999.000,9999.000,9999.000,9999.000
202606130324,   6.508,9999.000,9999.000,9999.000,9999.000,9999.000,9999.000,9999.000,9999.000
202606130330,   6.468,9999.000,9999.000,9999.000,9999.000,9999.000,9999.000,9999.000,9999.000
202606130336,   6.422,9999.000,9999.000,9999.000,9999.000,9999.000,9999.000,9999.000,9999.000
202606130342,   6.368,9999.000,9999.000,9999.000,9999.000,9999.000,9999.000,9999.000,9999.000
202606130348,   6.308,9999.000,9999.000,9999.000,9999.000,9999.000,9999.000,9999.000,9999.000
202606130354,   6.242,9999.000,9999.000,9999.000,9999.000,9999.000,9999.000,9999.000,9999.000
202606130400,   6.169,9999.000,   0.600,   0.053,   6.822,   0.600,   6.822,   0.700,   6.922
202606130406,   6.090,9999.000,9999.000,9999.000,9999.000,9999.000,9999.000,9999.000,9999.000
202606130412,   6.005,9999.000,9999.000,9999.000,9999.000,9999.000,9999.000,9999.000,9999.000
202606130418,   5.913,9999.000,9999.000,9999.000,9999.000,9999.000,9999.000,9999.000,9999.000
202606130424,   5.815,9999.000,9999.000,9999.000,9999.000,9999.000,9999.000,9999.000,9999.000
202606130430,   5.712,9999.000,9999.000,9999.000,9999.000,9999.000,9999.000,9999.000,9999.000
202606130436,   5.603,9999.000,9999.000,9999.000,9999.000,9999.000,9999.000,9999.000,9999.000
202606130442,   5.489,9999.000,9999.000,9999.000,9999.000,9999.000,9999.000,9999.000,9999.000
202606130448,   5.369,9999.000,9999.000,9999.000,9999.000,9999.000,9999.000,9999.000,9999.000
202606130454,   5.245,9999.000,9999.000,9999.000,9999.000,9999.000,9999.000,9999.000,9999.000
202606130500,   5.115,9999.000,   0.600,   0.053,   5.768,   0.600,   5.768,   0.700,   5.868
202606130506,   4.982,9999.000,9999.000,9999.000,9999.000,9999.000,9999.000,9999.000,9999.000
202606130512,   4.844,9999.000,9999.000,9999.000,9999.000,9999.000,9999.000,9999.000,9999.000
202606130518,   4.702,9999.000,9999.000,9999.000,9999.000,9999.000,9999.000,9999.000,9999.000
202606130524,   4.557,9999.000,9999.000,9999.000,9999.000,9999.000,9999.000,9999.000,9999.000
202606130530,   4.408,9999.000,9999.000,9999.000,9999.000,9999.000,9999.000,9999.000,9999.000
202606130536,   4.256,9999.000,9999.000,9999.000,9999.000,9999.000,9999.000,9999.000,9999.000
202606130542,   4.102,9999.000,9999.000,9999.000,9999.000,9999.000,9999.000,9999.000,9999.000
202606130548,   3.944,9999.000,9999.000,9999.000,9999.000,9999.000,9999.000,9999.000,9999.000
202606130554,   3.785,9999.000,9999.000,9999.000,9999.000,9999.000,9999.000,9999.000,9999.000
202606130600,   3.624,9999.000,   0.500,   0.053,   4.177,   0.400,   4.077,   0.500,   4.177
202606130606,   3.461,9999.000,9999.000,9999.000,9999.000,9999.000,9999.000,9999.000,9999.000
202606130612,   3.297,9999.000,9999.000,9999.000,9999.000,9999.000,9999.000,9999.000,9999.000
202606130618,   3.132,9999.000,9999.000,9999.000,9999.000,9999.000,9999.000,9999.000,9999.000
202606130624,   2.966,9999.000,9999.000,9999.000,9999.000,9999.000,9999.000,9999.000,9999.000
202606130630,   2.800,9999.000,9999.000,9999.000,9999.000,9999.000,9999.000,9999.000,9999.000
202606130636,   2.634,9999.000,9999.000,9999.000,9999.000,9999.000,9999.000,9999.000,9999.000
202606130642,   2.468,9999.000,9999.000,9999.000,9999.000,9999.000,9999.000,9999.000,9999.000
202606130648,   2.303,9999.000,9999.000,9999.000,9999.000,9999.000,9999.000,9999.000,9999.000
202606130654,   2.138,9999.000,9999.000,9999.000,9999.000,9999.000,9999.000,9999.000,9999.000
202606130700,   1.975,9999.000,   0.500,   0.053,   2.528,   0.400,   2.428,   0.500,   2.528
202606130706,   1.812,9999.000,9999.000,9999.000,9999.000,9999.000,9999.000,9999.000,9999.000
202606130712,   1.652,9999.000,9999.000,9999.000,9999.000,9999.000,9999.000,9999.000,9999.000
202606130718,   1.494,9999.000,9999.000,9999.000,9999.000,9999.000,9999.000,9999.000,9999.000
202606130724,   1.338,9999.000,9999.000,9999.000,9999.000,9999.000,9999.000,9999.000,9999.000
202606130730,   1.185,9999.000,9999.000,9999.000,9999.000,9999.000,9999.000,9999.000,9999.000
202606130736,   1.034,9999.000,9999.000,9999.000,9999.000,9999.000,9999.000,9999.000,9999.000
202606130742,   0.887,9999.000,9999.000,9999.000,9999.000,9999.000,9999.000,9999.000,9999.000
202606130748,   0.743,9999.000,9999.000,9999.000,9999.000,9999.000,9999.000,9999.000,9999.000
202606130754,   0.603,9999.000,9999.000,9999.000,9999.000,9999.000,9999.000,9999.000,9999.000
202606130800,   0.467,9999.000,   0.600,   0.053,   1.120,   0.600,   1.120,   0.700,   1.220
202606130806,   0.335,9999.000,9999.000,9999.000,9999.000,9999.000,9999.000,9999.000,9999.000
202606130812,   0.208,9999.000,9999.000,9999.000,9999.000,9999.000,9999.000,9999.000,9999.000
202606130818,   0.085,9999.000,9999.000,9999.000,9999.000,9999.000,9999.000,9999.000,9999.000
202606130824,  -0.032,9999.000,9999.000,9999.000,9999.000,9999.000,9999.000,9999.000,9999.000
202606130830,  -0.144,9999.000,9999.000,9999.000,9999.000,9999.000,9999.000,9999.000,9999.000
202606130836,  -0.252,9999.000,9999.000,9999.000,9999.000,9999.000,9999.000,9999.000,9999.000
202606130842,  -0.354,9999.000,9999.000,9999.000,9999.000,9999.000,9999.000,9999.000,9999.000
202606130848,  -0.450,9999.000,9999.000,9999.000,9999.000,9999.000,9999.000,9999.000,9999.000
202606130854,  -0.541,9999.000,9999.000,9999.000,9999.000,9999.000,9999.000,9999.000,9999.000
202606130900,  -0.626,9999.000,   0.600,   0.053,   0.027,   0.600,   0.027,   0.700,   0.127
202606130906,  -0.705,9999.000,9999.000,9999.000,9999.000,9999.000,9999.000,9999.000,9999.000
202606130912,  -0.778,9999.000,9999.000,9999.000,9999.000,9999.000,9999.000,9999.000,9999.000
202606130918,  -0.845,9999.000,9999.000,9999.000,9999.000,9999.000,9999.000,9999.000,9999.000
202606130924,  -0.905,9999.000,9999.000,9999.000,9999.000,9999.000,9999.000,9999.000,9999.000
202606130930,  -0.960,9999.000,9999.000,9999.000,9999.000,9999.000,9999.000,9999.000,9999.000
202606130936,  -1.008,9999.000,9999.000,9999.000,9999.000,9999.000,9999.000,9999.000,9999.000
202606130942,  -1.050,9999.000,9999.000,9999.000,9999.000,9999.000,9999.000,9999.000,9999.000
202606130948,  -1.085,9999.000,9999.000,9999.000,9999.000,9999.000,9999.000,9999.000,9999.000
202606130954,  -1.115,9999.000,9999.000,9999.000,9999.000,9999.000,9999.000,9999.000,9999.000
202606131000,  -1.137,9999.000,   0.500,   0.053,  -0.584,   0.500,  -0.584,   0.600,  -0.484
202606131006,  -1.154,9999.000,9999.000,9999.000,9999.000,9999.000,9999.000,9999.000,9999.000
202606131012,  -1.164,9999.000,9999.000,9999.000,9999.000,9999.000,9999.000,9999.000,9999.000
202606131018,  -1.168,9999.000,9999.000,9999.000,9999.000,9999.000,9999.000,9999.000,9999.000
202606131024,  -1.165,9999.000,9999.000,9999.000,9999.000,9999.000,9999.000,9999.000,9999.000
202606131030,  -1.156,9999.000,9999.000,9999.000,9999.000,9999.000,9999.000,9999.000,9999.000
202606131036,  -1.141,9999.000,9999.000,9999.000,9999.000,9999.000,9999.000,9999.000,9999.000
202606131042,  -1.120,9999.000,9999.000,9999.000,9999.000,9999.000,9999.000,9999.000,9999.000
202606131048,  -1.093,9999.000,9999.000,9999.000,9999.000,9999.000,9999.000,9999.000,9999.000
202606131054,  -1.060,9999.000,9999.000,9999.000,9999.000,9999.000,9999.000,9999.000,9999.000
202606131100,  -1.021,9999.000,   0.500,   0.053,  -0.468,   0.500,  -0.468,   0.600,  -0.368
202606131106,  -0.976,9999.000,9999.000,9999.000,9999.000,9999.000,9999.000,9999.000,9999.000
202606131112,  -0.926,9999.000,9999.000,9999.000,9999.000,9999.000,9999.000,9999.000,9999.000
202606131118,  -0.870,9999.000,9999.000,9999.000,9999.000,9999.000,9999.000,9999.000,9999.000
202606131124,  -0.809,9999.000,9999.000,9999.000,9999.000,9999.000,9999.000,9999.000,9999.000
202606131130,  -0.743,9999.000,9999.000,9999.000,9999.000,9999.000,9999.000,9999.000,9999.000
202606131136,  -0.672,9999.000,9999.000,9999.000,9999.000,9999.000,9999.000,9999.000,9999.000
202606131142,  -0.597,9999.000,9999.000,9999.000,9999.000,9999.000,9999.000,9999.000,9999.000
202606131148,  -0.516,9999.000,9999.000,9999.000,9999.000,9999.000,9999.000,9999.000,9999.000
202606131154,  -0.432,9999.000,9999.000,9999.000,9999.000,9999.000,9999.000,9999.000,9999.000
202606131200,  -0.344,9999.000,   0.600,   0.053,   0.309,   0.600,   0.309,   0.700,   0.409
202606131206,  -0.252,9999.000,9999.000,9999.000,9999.000,9999.000,9999.000,9999.000,9999.000
202606131212,  -0.156,9999.000,9999.000,9999.000,9999.000,9999.000,9999.000,9999.000,9999.000
202606131218,  -0.057,9999.000,9999.000,9999.000,9999.000,9999.000,9999.000,9999.000,9999.000
202606131224,   0.043,9999.000,9999.000,9999.000,9999.000,9999.000,9999.000,9999.000,9999.000
202606131230,   0.147,9999.000,9999.000,9999.000,9999.000,9999.000,9999.000,9999.000,9999.000
202606131236,   0.254,9999.000,9999.000,9999.000,9999.000,9999.000,9999.000,9999.000,9999.000
202606131242,   0.362,9999.000,9999.000,9999.000,9999.000,9999.000,9999.000,9999.000,9999.000
202606131248,   0.472,9999.000,9999.000,9999.000,9999.000,9999.000,9999.000,9999.000,9999.000
202606131254,   0.584,9999.000,9999.000,9999.000,9999.000,9999.000,9999.000,9999.000,9999.000
202606131300,   0.697,9999.000,   0.600,   0.053,   1.350,   0.600,   1.350,   0.700,   1.450
202606131306,   0.810,9999.000,9999.000,9999.000,9999.000,9999.000,9999.000,9999.000,9999.000
202606131312,   0.924,9999.000,9999.000,9999.000,9999.000,9999.000,9999.000,9999.000,9999.000
202606131318,   1.038,9999.000,9999.000,9999.000,9999.000,9999.000,9999.000,9999.000,9999.000
202606131324,   1.153,9999.000,9999.000,9999.000,9999.000,9999.000,9999.000,9999.000,9999.000
202606131330,   1.267,9999.000,9999.000,9999.000,9999.000,9999.000,9999.000,9999.000,9999.000
202606131336,   1.380,9999.000,9999.000,9999.000,9999.000,9999.000,9999.000,9999.000,9999.000
202606131342,   1.493,9999.000,9999.000,9999.000,9999.000,9999.000,9999.000,9999.000,9999.000
202606131348,   1.605,9999.000,9999.000,9999.000,9999.000,9999.000,9999.000,9999.000,9999.000
202606131354,   1.715,9999.000,9999.000,9999.000,9999.000,9999.000,9999.000,9999.000,9999.000
202606131400,   1.824,9999.000,   0.500,   0.053,   2.377,   0.500,   2.377,   0.600,   2.477
202606131406,   1.932,9999.000,9999.000,9999.000,9999.000,9999.000,9999.000,9999.000,9999.000
202606131412,   2.037,9999.000,9999.000,9999.000,9999.000,9999.000,9999.000,9999.000,9999.000
202606131418,   2.140,9999.000,9999.000,9999.000,9999.000,9999.000,9999.000,9999.000,9999.000
202606131424,   2.241,9999.000,9999.000,9999.000,9999.000,9999.000,9999.000,9999.000,9999.000
202606131430,   2.340,9999.000,9999.000,9999.000,9999.000,9999.000,9999.000,9999.000,9999.000
202606131436,   2.436,9999.000,9999.000,9999.000,9999.000,9999.000,9999.000,9999.000,9999.000
202606131442,   2.529,9999.000,9999.000,9999.000,9999.000,9999.000,9999.000,9999.000,9999.000
202606131448,   2.618,9999.000,9999.000,9999.000,9999.000,9999.000,9999.000,9999.000,9999.000
202606131454,   2.705,9999.000,9999.000,9999.000,9999.000,9999.000,9999.000,9999.000,9999.000
202606131500,   2.788,9999.000,   0.500,   0.053,   3.341,   0.400,   3.241,   0.600,   3.441
202606131506,   2.867,9999.000,9999.000,9999.000,9999.000,9999.000,9999.000,9999.000,9999.000
202606131512,   2.943,9999.000,9999.000,9999.000,9999.000,9999.000,9999.000,9999.000,9999.000
202606131518,   3.015,9999.000,9999.000,9999.000,9999.000,9999.000,9999.000,9999.000,9999.000
202606131524,   3.082,9999.000,9999.000,9999.000,9999.000,9999.000,9999.000,9999.000,9999.000
202606131530,   3.146,9999.000,9999.000,9999.000,9999.000,9999.000,9999.000,9999.000,9999.000
202606131536,   3.205,9999.000,9999.000,9999.000,9999.000,9999.000,9999.000,9999.000,9999.000
202606131542,   3.259,9999.000,9999.000,9999.000,9999.000,9999.000,9999.000,9999.000,9999.000
202606131548,   3.309,9999.000,9999.000,9999.000,9999.000,9999.000,9999.000,9999.000,9999.000
202606131554,   3.355,9999.000,9999.000,9999.000,9999.000,9999.000,9999.000,9999.000,9999.000
202606131600,   3.395,9999.000,   0.500,   0.053,   3.948,   0.500,   3.948,   0.600,   4.048
202606131606,   3.431,9999.000,9999.000,9999.000,9999.000,9999.000,9999.000,9999.000,9999.000
202606131612,   3.462,9999.000,9999.000,9999.000,9999.000,9999.000,9999.000,9999.000,9999.000
202606131618,   3.489,9999.000,9999.000,9999.000,9999.000,9999.000,9999.000,9999.000,9999.000
202606131624,   3.511,9999.000,9999.000,9999.000,9999.000,9999.000,9999.000,9999.000,9999.000
202606131630,   3.527,9999.000,9999.000,9999.000,9999.000,9999.000,9999.000,9999.000,9999.000
202606131636,   3.540,9999.000,9999.000,9999.000,9999.000,9999.000,9999.000,9999.000,9999.000
202606131642,   3.548,9999.000,9999.000,9999.000,9999.000,9999.000,9999.000,9999.000,9999.000
202606131648,   3.551,9999.000,9999.000,9999.000,9999.000,9999.000,9999.000,9999.000,9999.000
202606131654,   3.550,9999.000,9999.000,9999.000,9999.000,9999.000,9999.000,9999.000,9999.000
202606131700,   3.544,9999.000,   0.600,   0.053,   4.197,   0.500,   4.097,   0.600,   4.197
202606131706,   3.535,9999.000,9999.000,9999.000,9999.000,9999.000,9999.000,9999.000,9999.000
202606131712,   3.521,9999.000,9999.000,9999.000,9999.000,9999.000,9999.000,9999.000,9999.000
202606131718,   3.504,9999.000,9999.000,9999.000,9999.000,9999.000,9999.000,9999.000,9999.000
202606131724,   3.484,9999.000,9999.000,9999.000,9999.000,9999.000,9999.000,9999.000,9999.000
202606131730,   3.459,9999.000,9999.000,9999.000,9999.000,9999.000,9999.000,9999.000,9999.000
202606131736,   3.432,9999.000,9999.000,9999.000,9999.000,9999.000,9999.000,9999.000,9999.000
202606131742,   3.402,9999.000,9999.000,9999.000,9999.000,9999.000,9999.000,9999.000,9999.000
202606131748,   3.369,9999.000,9999.000,9999.000,9999.000,9999.000,9999.000,9999.000,9999.000
202606131754,   3.333,9999.000,9999.000,9999.000,9999.000,9999.000,9999.000,9999.000,9999.000
202606131800,   3.295,9999.000,   0.500,   0.053,   3.848,   0.500,   3.848,   0.600,   3.948
202606131806,   3.255,9999.000,9999.000,9999.000,9999.000,9999.000,9999.000,9999.000,9999.000
202606131812,   3.213,9999.000,9999.000,9999.000,9999.000,9999.000,9999.000,9999.000,9999.000
202606131818,   3.170,9999.000,9999.000,9999.000,9999.000,9999.000,9999.000,9999.000,9999.000
202606131824,   3.125,9999.000,9999.000,9999.000,9999.000,9999.000,9999.000,9999.000,9999.000
202606131830,   3.078,9999.000,9999.000,9999.000,9999.000,9999.000,9999.000,9999.000,9999.000
202606131836,   3.031,9999.000,9999.000,9999.000,9999.000,9999.000,9999.000,9999.000,9999.000
202606131842,   2.983,9999.000,9999.000,9999.000,9999.000,9999.000,9999.000,9999.000,9999.000
202606131848,   2.935,9999.000,9999.000,9999.000,9999.000,9999.000,9999.000,9999.000,9999.000
202606131854,   2.886,9999.000,9999.000,9999.000,9999.000,9999.000,9999.000,9999.000,9999.000
202606131900,   2.837,9999.000,   0.500,   0.053,   3.390,   0.400,   3.290,   0.500,   3.390
202606131906,   2.789,9999.000,9999.000,9999.000,9999.000,9999.000,9999.000,9999.000,9999.000
202606131912,   2.740,9999.000,9999.000,9999.000,9999.000,9999.000,9999.000,9999.000,9999.000
202606131918,   2.693,9999.000,9999.000,9999.000,9999.000,9999.000,9999.000,9999.000,9999.000
202606131924,   2.646,9999.000,9999.000,9999.000,9999.000,9999.000,9999.000,9999.000,9999.000
202606131930,   2.600,9999.000,9999.000,9999.000,9999.000,9999.000,9999.000,9999.000,9999.000
202606131936,   2.556,9999.000,9999.000,9999.000,9999.000,9999.000,9999.000,9999.000,9999.000
202606131942,   2.513,9999.000,9999.000,9999.000,9999.000,9999.000,9999.000,9999.000,9999.000
202606131948,   2.472,9999.000,9999.000,9999.000,9999.000,9999.000,9999.000,9999.000,9999.000
202606131954,   2.433,9999.000,9999.000,9999.000,9999.000,9999.000,9999.000,9999.000,9999.000
202606132000,   2.396,9999.000,   0.500,   0.053,   2.949,   0.500,   2.949,   0.600,   3.049
202606132006,   2.362,9999.000,9999.000,9999.000,9999.000,9999.000,9999.000,9999.000,9999.000
202606132012,   2.330,9999.000,9999.000,9999.000,9999.000,9999.000,9999.000,9999.000,9999.000
202606132018,   2.301,9999.000,9999.000,9999.000,9999.000,9999.000,9999.000,9999.000,9999.000
202606132024,   2.275,9999.000,9999.000,9999.000,9999.000,9999.000,9999.000,9999.000,9999.000
202606132030,   2.252,9999.000,9999.000,9999.000,9999.000,9999.000,9999.000,9999.000,9999.000
202606132036,   2.233,9999.000,9999.000,9999.000,9999.000,9999.000,9999.000,9999.000,9999.000
202606132042,   2.217,9999.000,9999.000,9999.000,9999.000,9999.000,9999.000,9999.000,9999.000
202606132048,   2.204,9999.000,9999.000,9999.000,9999.000,9999.000,9999.000,9999.000,9999.000
202606132054,   2.196,9999.000,9999.000,9999.000,9999.000,9999.000,9999.000,9999.000,9999.000
202606132100,   2.192,9999.000,   0.600,   0.053,   2.845,   0.500,   2.745,   0.600,   2.845
202606132106,   2.191,9999.000,9999.000,9999.000,9999.000,9999.000,9999.000,9999.000,9999.000
202606132112,   2.195,9999.000,9999.000,9999.000,9999.000,9999.000,9999.000,9999.000,9999.000
202606132118,   2.203,9999.000,9999.000,9999.000,9999.000,9999.000,9999.000,9999.000,9999.000
202606132124,   2.216,9999.000,9999.000,9999.000,9999.000,9999.000,9999.000,9999.000,9999.000
202606132130,   2.232,9999.000,9999.000,9999.000,9999.000,9999.000,9999.000,9999.000,9999.000
202606132136,   2.254,9999.000,9999.000,9999.000,9999.000,9999.000,9999.000,9999.000,9999.000
202606132142,   2.279,9999.000,9999.000,9999.000,9999.000,9999.000,9999.000,9999.000,9999.000
202606132148,   2.309,9999.000,9999.000,9999.000,9999.000,9999.000,9999.000,9999.000,9999.000
202606132154,   2.344,9999.000,9999.000,9999.000,9999.000,9999.000,9999.000,9999.000,9999.000
202606132200,   2.383,9999.000,   0.500,   0.053,   2.936,   0.500,   2.936,   0.600,   3.036
202606132206,   2.427,9999.000,9999.000,9999.000,9999.000,9999.000,9999.000,9999.000,9999.000
202606132212,   2.475,9999.000,9999.000,9999.000,9999.000,9999.000,9999.000,9999.000,9999.000
202606132218,   2.527,9999.000,9999.000,9999.000,9999.000,9999.000,9999.000,9999.000,9999.000
202606132224,   2.584,9999.000,9999.000,9999.000,9999.000,9999.000,9999.000,9999.000,9999.000
202606132230,   2.645,9999.000,9999.000,9999.000,9999.000,9999.000,9999.000,9999.000,9999.000
202606132236,   2.710,9999.000,9999.000,9999.000,9999.000,9999.000,9999.000,9999.000,9999.000
202606132242,   2.780,9999.000,9999.000,9999.000,9999.000,9999.000,9999.000,9999.000,9999.000
202606132248,   2.853,9999.000,9999.000,9999.000,9999.000,9999.000,9999.000,9999.000,9999.000
202606132254,   2.930,9999.000,9999.000,9999.000,9999.000,9999.000,9999.000,9999.000,9999.000
202606132300,   3.011,9999.000,   0.500,   0.053,   3.564,   0.400,   3.464,   0.600,   3.664
202606132306,   3.096,9999.000,9999.000,9999.000,9999.000,9999.000,9999.000,9999.000,9999.000
202606132312,   3.184,9999.000,9999.000,9999.000,9999.000,9999.000,9999.000,9999.000,9999.000
202606132318,   3.276,9999.000,9999.000,9999.000,9999.000,9999.000,9999.000,9999.000,9999.000
202606132324,   3.371,9999.000,9999.000,9999.000,9999.000,9999.000,9999.000,9999.000,9999.000
202606132330,   3.469,9999.000,9999.000,9999.000,9999.000,9999.000,9999.000,9999.000,9999.000
202606132336,   3.570,9999.000,9999.000,9999.000,9999.000,9999.000,9999.000,9999.000,9999.000
202606132342,   3.674,9999.000,9999.000,9999.000,9999.000,9999.000,9999.000,9999.000,9999.000
202606132348,   3.781,9999.000,9999.000,9999.000,9999.000,9999.000,9999.000,9999.000,9999.000
202606132354,   3.889,9999.000,9999.000,9999.000,9999.000,9999.000,9999.000,9999.000,9999.000
202606140000,   4.000,9999.000,   0.600,   0.053,   4.653,   0.500,   4.553,   0.600,   4.653
202606140006,   4.112,9999.000,9999.000,9999.000,9999.000,9999.000,9999.000,9999.000,9999.000
202606140012,   4.226,9999.000,9999.000,9999.000,9999.000,9999.000,9999.000,9999.000,9999.000
202606140018,   4.342,9999.000,9999.000,9999.000,9999.000,9999.000,9999.000,9999.000,9999.000
202606140024,   4.458,9999.000,9999.000,9999.000,9999.000,9999.000,9999.000,9999.000,9999.000
202606140030,   4.575,9999.000,9999.000,9999.000,9999.000,9999.000,9999.000,9999.000,9999.000
202606140036,   4.692,9999.000,9999.000,9999.000,9999.000,9999.000,9999.000,9999.000,9999.000
202606140042,   4.810,9999.000,9999.000,9999.000,9999.000,9999.000,9999.000,9999.000,9999.000
202606140048,   4.927,9999.000,9999.000,9999.000,9999.000,9999.000,9999.000,9999.000,9999.000
202606140054,   5.044,9999.000,9999.000,9999.000,9999.000,9999.000,9999.000,9999.000,9999.000
202606140100,   5.160,9999.000,   0.600,   0.053,   5.813,   0.600,   5.813,   0.700,   5.913
202606140106,   5.274,9999.000,9999.000,9999.000,9999.000,9999.000,9999.000,9999.000,9999.000
202606140112,   5.388,9999.000,9999.000,9999.000,9999.000,9999.000,9999.000,9999.000,9999.000
202606140118,   5.499,9999.000,9999.000,9999.000,9999.000,9999.000,9999.000,9999.000,9999.000
202606140124,   5.608,9999.000,9999.000,9999.000,9999.000,9999.000,9999.000,9999.000,9999.000
202606140130,   5.715,9999.000,9999.000,9999.000,9999.000,9999.000,9999.000,9999.000,9999.000
202606140136,   5.820,9999.000,9999.000,9999.000,9999.000,9999.000,9999.000,9999.000,9999.000
202606140142,   5.921,9999.000,9999.000,9999.000,9999.000,9999.000,9999.000,9999.000,9999.000
202606140148,   6.019,9999.000,9999.000,9999.000,9999.000,9999.000,9999.000,9999.000,9999.000
202606140154,   6.114,9999.000,9999.000,9999.000,9999.000,9999.000,9999.000,9999.000,9999.000
202606140200,   6.205,9999.000,   0.500,   0.053,   6.758,   0.500,   6.758,   0.600,   6.858
202606140206,   6.292,9999.000,9999.000,9999.000,9999.000,9999.000,9999.000,9999.000,9999.000
202606140212,   6.375,9999.000,9999.000,9999.000,9999.000,9999.000,9999.000,9999.000,9999.000
202606140218,   6.453,9999.000,9999.000,9999.000,9999.000,9999.000,9999.000,9999.000,9999.000
202606140224,   6.526,9999.000,9999.000,9999.000,9999.000,9999.000,9999.000,9999.000,9999.000
202606140230,   6.595,9999.000,9999.000,9999.000,9999.000,9999.000,9999.000,9999.000,9999.000
202606140236,   6.658,9999.000,9999.000,9999.000,9999.000,9999.000,9999.000,9999.000,9999.000
202606140242,   6.716,9999.000,9999.000,9999.000,9999.000,9999.000,9999.000,9999.000,9999.000
202606140248,   6.769,9999.000,9999.000,9999.000,9999.000,9999.000,9999.000,9999.000,9999.000
202606140254,   6.816,9999.000,9999.000,9999.000,9999.000,9999.000,9999.000,9999.000,9999.000
202606140300,   6.857,9999.000,   0.500,   0.053,   7.410,   0.500,   7.410,   0.600,   7.510
202606140306,   6.892,9999.000,9999.000,9999.000,9999.000,9999.000,9999.000,9999.000,9999.000
202606140312,   6.921,9999.000,9999.000,9999.000,9999.000,9999.000,9999.000,9999.000,9999.000
202606140318,   6.943,9999.000,9999.000,9999.000,9999.000,9999.000,9999.000,9999.000,9999.000
202606140324,   6.959,9999.000,9999.000,9999.000,9999.000,9999.000,9999.000,9999.000,9999.000
202606140330,   6.968,9999.000,9999.000,9999.000,9999.000,9999.000,9999.000,9999.000,9999.000
202606140336,   6.970,9999.000,9999.000,9999.000,9999.000,9999.000,9999.000,9999.000,9999.000
202606140342,   6.966,9999.000,9999.000,9999.000,9999.000,9999.000,9999.000,9999.000,9999.000
202606140348,   6.954,9999.000,9999.000,9999.000,9999.000,9999.000,9999.000,9999.000,9999.000
202606140354,   6.936,9999.000,9999.000,9999.000,9999.000,9999.000,9999.000,9999.000,9999.000
202606140400,   6.910,9999.000,   0.600,   0.053,   7.563,   0.500,   7.463,   0.600,   7.563
202606140406,   6.877,9999.000,9999.000,9999.000,9999.000,9999.000,9999.000,9999.000,9999.000
202606140412,   6.837,9999.000,9999.000,9999.000,9999.000,9999.000,9999.000,9999.000,9999.000
202606140418,   6.789,9999.000,9999.000,9999.000,9999.000,9999.000,9999.000,9999.000,9999.000
202606140424,   6.735,9999.000,9999.000,9999.000,9999.000,9999.000,9999.000,9999.000,9999.000
202606140430,   6.673,9999.000,9999.000,9999.000,9999.000,9999.000,9999.000,9999.000,9999.000
202606140436,   6.603,9999.000,9999.000,9999.000,9999.000,9999.000,9999.000,9999.000,9999.000
202606140442,   6.527,9999.000,9999.000,9999.000,9999.000,9999.000,9999.000,9999.000,9999.000
202606140448,   6.444,9999.000,9999.000,9999.000,9999.000,9999.000,9999.000,9999.000,9999.000
202606140454,   6.354,9999.000,9999.000,9999.000,9999.000,9999.000,9999.000,9999.000,9999.000
202606140500,   6.257,9999.000,   0.600,   0.053,   6.910,   0.500,   6.810,   0.600,   6.910
202606140506,   6.153,9999.000,9999.000,9999.000,9999.000,9999.000,9999.000,9999.000,9999.000
202606140512,   6.043,9999.000,9999.000,9999.000,9999.000,9999.000,9999.000,9999.000,9999.000
202606140518,   5.927,9999.000,9999.000,9999.000,9999.000,9999.000,9999.000,9999.000,9999.000
202606140524,   5.805,9999.000,9999.000,9999.000,9999.000,9999.000,9999.000,9999.000,9999.000
202606140530,   5.677,9999.000,9999.000,9999.000,9999.000,9999.000,9999.000,9999.000,9999.000
202606140536,   5.543,9999.000,9999.000,9999.000,9999.000,9999.000,9999.000,9999.000,9999.000
202606140542,   5.405,9999.000,9999.000,9999.000,9999.000,9999.000,9999.000,9999.000,9999.000
202606140548,   5.261,9999.000,9999.000,9999.000,9999.000,9999.000,9999.000,9999.000,9999.000
202606140554,   5.113,9999.000,9999.000,9999.000,9999.000,9999.000,9999.000,9999.000,9999.000
202606140600,   4.960,9999.000,   0.500,   0.053,   5.513,   0.400,   5.413,   0.500,   5.513
202606140606,   4.803,9999.000,9999.000,9999.000,9999.000,9999.000,9999.000,9999.000,9999.000
202606140612,   4.643,9999.000,9999.000,9999.000,9999.000,9999.000,9999.000,9999.000,9999.000
202606140618,   4.479,9999.000,9999.000,9999.000,9999.000,9999.000,9999.000,9999.000,9999.000
202606140624,   4.312,9999.000,9999.000,9999.000,9999.000,9999.000,9999.000,9999.000,9999.000
202606140630,   4.142,9999.000,9999.000,9999.000,9999.000,9999.000,9999.000,9999.000,9999.000
202606140636,   3.969,9999.000,9999.000,9999.000,9999.000,9999.000,9999.000,9999.000,9999.000
202606140642,   3.794,9999.000,9999.000,9999.000,9999.000,9999.000,9999.000,9999.000,9999.000
202606140648,   3.618,9999.000,9999.000,9999.000,9999.000,9999.000,9999.000,9999.000,9999.000
202606140654,   3.439,9999.000,9999.000,9999.000,9999.000,9999.000,9999.000,9999.000,9999.000
202606140700,   3.260,9999.000,   0.500,   0.053,   3.813,   0.400,   3.713,   0.500,   3.813
202606140706,   3.080,9999.000,9999.000,9999.000,9999.000,9999.000,9999.000,9999.000,9999.000
202606140712,   2.899,9999.000,9999.000,9999.000,9999.000,9999.000,9999.000,9999.000,9999.000
202606140718,   2.717,9999.000,9999.000,9999.000,9999.000,9999.000,9999.000,9999.000,9999.000
202606140724,   2.536,9999.000,9999.000,9999.000,9999.000,9999.000,9999.000,9999.000,9999.000
202606140730,   2.355,9999.000,9999.000,9999.000,9999.000,9999.000,9999.000,9999.000,9999.000
202606140736,   2.175,9999.000,9999.000,9999.000,9999.000,9999.000,9999.000,9999.000,9999.000
202606140742,   1.995,9999.000,9999.000,9999.000,9999.000,9999.000,9999.000,9999.000,9999.000
202606140748,   1.817,9999.000,9999.000,9999.000,9999.000,9999.000,9999.000,9999.000,9999.000
202606140754,   1.640,9999.000,9999.000,9999.000,9999.000,9999.000,9999.000,9999.000,9999.000
202606140800,   1.465,9999.000,   0.600,   0.053,   2.118,   0.500,   2.018,   0.600,   2.118
202606140806,   1.293,9999.000,9999.000,9999.000,9999.000,9999.000,9999.000,9999.000,9999.000
202606140812,   1.123,9999.000,9999.000,9999.000,9999.000,9999.000,9999.000,9999.000,9999.000
202606140818,   0.956,9999.000,9999.000,9999.000,9999.000,9999.000,9999.000,9999.000,9999.000
202606140824,   0.791,9999.000,9999.000,9999.000,9999.000,9999.000,9999.000,9999.000,9999.000
202606140830,   0.631,9999.000,9999.000,9999.000,9999.000,9999.000,9999.000,9999.000,9999.000
202606140836,   0.474,9999.000,9999.000,9999.000,9999.000,9999.000,9999.000,9999.000,9999.000
202606140842,   0.320,9999.000,9999.000,9999.000,9999.000,9999.000,9999.000,9999.000,9999.000
202606140848,   0.172,9999.000,9999.000,9999.000,9999.000,9999.000,9999.000,9999.000,9999.000
202606140854,   0.027,9999.000,9999.000,9999.000,9999.000,9999.000,9999.000,9999.000,9999.000
202606140900,  -0.111,9999.000,   0.600,   0.053,   0.542,   0.500,   0.442,   0.600,   0.542
202606140906,  -0.245,9999.000,9999.000,9999.000,9999.000,9999.000,9999.000,9999.000,9999.000
202606140912,  -0.374,9999.000,9999.000,9999.000,9999.000,9999.000,9999.000,9999.000,9999.000
202606140918,  -0.498,9999.000,9999.000,9999.000,9999.000,9999.000,9999.000,9999.000,9999.000
202606140924,  -0.616,9999.000,9999.000,9999.000,9999.000,9999.000,9999.000,9999.000,9999.000
202606140930,  -0.728,9999.000,9999.000,9999.000,9999.000,9999.000,9999.000,9999.000,9999.000
202606140936,  -0.833,9999.000,9999.000,9999.000,9999.000,9999.000,9999.000,9999.000,9999.000
202606140942,  -0.933,9999.000,9999.000,9999.000,9999.000,9999.000,9999.000,9999.000,9999.000
202606140948,  -1.026,9999.000,9999.000,9999.000,9999.000,9999.000,9999.000,9999.000,9999.000
202606140954,  -1.113,9999.000,9999.000,9999.000,9999.000,9999.000,9999.000,9999.000,9999.000
202606141000,  -1.193,9999.000,   0.500,   0.053,  -0.640,   0.500,  -0.640,   0.600,  -0.540
202606141006,  -1.266,9999.000,9999.000,9999.000,9999.000,9999.000,9999.000,9999.000,9999.000
202606141012,  -1.332,9999.000,9999.000,9999.000,9999.000,9999.000,9999.000,9999.000,9999.000
202606141018,  -1.392,9999.000,9999.000,9999.000,9999.000,9999.000,9999.000,9999.000,9999.000
202606141024,  -1.444,9999.000,9999.000,9999.000,9999.000,9999.000,9999.000,9999.000,9999.000
202606141030,  -1.490,9999.000,9999.000,9999.000,9999.000,9999.000,9999.000,9999.000,9999.000
202606141036,  -1.528,9999.000,9999.000,9999.000,9999.000,9999.000,9999.000,9999.000,9999.000
202606141042,  -1.560,9999.000,9999.000,9999.000,9999.000,9999.000,9999.000,9999.000,9999.000
202606141048,  -1.584,9999.000,9999.000,9999.000,9999.000,9999.000,9999.000,9999.000,9999.000
202606141054,  -1.602,9999.000,9999.000,9999.000,9999.000,9999.000,9999.000,9999.000,9999.000
202606141100,  -1.613,9999.000,   0.500,   0.053,  -1.060,   0.400,  -1.160,   0.500,  -1.060
202606141106,  -1.616,9999.000,9999.000,9999.000,9999.000,9999.000,9999.000,9999.000,9999.000
202606141112,  -1.613,9999.000,9999.000,9999.000,9999.000,9999.000,9999.000,9999.000,9999.000
202606141118,  -1.603,9999.000,9999.000,9999.000,9999.000,9999.000,9999.000,9999.000,9999.000
202606141124,  -1.586,9999.000,9999.000,9999.000,9999.000,9999.000,9999.000,9999.000,9999.000
202606141130,  -1.562,9999.000,9999.000,9999.000,9999.000,9999.000,9999.000,9999.000,9999.000
202606141136,  -1.532,9999.000,9999.000,9999.000,9999.000,9999.000,9999.000,9999.000,9999.000
202606141142,  -1.496,9999.000,9999.000,9999.000,9999.000,9999.000,9999.000,9999.000,9999.000
202606141148,  -1.453,9999.000,9999.000,9999.000,9999.000,9999.000,9999.000,9999.000,9999.000
202606141154,  -1.403,9999.000,9999.000,9999.000,9999.000,9999.000,9999.000,9999.000,9999.000
202606141200,  -1.348,9999.000,   0.600,   0.053,  -0.695,   0.500,  -0.795,   0.600,  -0.695
202606141206,  -1.287,9999.000,9999.000,9999.000,9999.000,9999.000,9999.000,9999.000,9999.000
202606141212,  -1.220,9999.000,9999.000,9999.000,9999.000,9999.000,9999.000,9999.000,9999.000
202606141218,  -1.148,9999.000,9999.000,9999.000,9999.000,9999.000,9999.000,9999.000,9999.000
202606141224,  -1.070,9999.000,9999.000,9999.000,9999.000,9999.000,9999.000,9999.000,9999.000
202606141230,  -0.988,9999.000,9999.000,9999.000,9999.000,9999.000,9999.000,9999.000,9999.000
202606141236,  -0.900,9999.000,9999.000,9999.000,9999.000,9999.000,9999.000,9999.000,9999.000
202606141242,  -0.808,9999.000,9999.000,9999.000,9999.000,9999.000,9999.000,9999.000,9999.000
202606141248,  -0.711,9999.000,9999.000,9999.000,9999.000,9999.000,9999.000,9999.000,9999.000
202606141254,  -0.611,9999.000,9999.000,9999.000,9999.000,9999.000,9999.000,9999.000,9999.000
202606141300,  -0.506,9999.000,   0.600,   0.053,   0.147,   0.500,   0.047,   0.600,   0.147
202606141306,  -0.398,9999.000,9999.000,9999.000,9999.000,9999.000,9999.000,9999.000,9999.000
202606141312,  -0.287,9999.000,9999.000,9999.000,9999.000,9999.000,9999.000,9999.000,9999.000
202606141318,  -0.173,9999.000,9999.000,9999.000,9999.000,9999.000,9999.000,9999.000,9999.000
202606141324,  -0.056,9999.000,9999.000,9999.000,9999.000,9999.000,9999.000,9999.000,9999.000
202606141330,   0.062,9999.000,9999.000,9999.000,9999.000,9999.000,9999.000,9999.000,9999.000
202606141336,   0.183,9999.000,9999.000,9999.000,9999.000,9999.000,9999.000,9999.000,9999.000
202606141342,   0.305,9999.000,9999.000,9999.000,9999.000,9999.000,9999.000,9999.000,9999.000
202606141348,   0.429,9999.000,9999.000,9999.000,9999.000,9999.000,9999.000,9999.000,9999.000
202606141354,   0.555,9999.000,9999.000,9999.000,9999.000,9999.000,9999.000,9999.000,9999.000
202606141400,   0.680,9999.000,   0.500,   0.053,   1.233,   0.500,   1.233,   0.600,   1.333
202606141406,   0.807,9999.000,9999.000,9999.000,9999.000,9999.000,9999.000,9999.000,9999.000
202606141412,   0.933,9999.000,9999.000,9999.000,9999.000,9999.000,9999.000,9999.000,9999.000
202606141418,   1.060,9999.000,9999.000,9999.000,9999.000,9999.000,9999.000,9999.000,9999.000
202606141424,   1.186,9999.000,9999.000,9999.000,9999.000,9999.000,9999.000,9999.000,9999.000
202606141430,   1.311,9999.000,9999.000,9999.000,9999.000,9999.000,9999.000,9999.000,9999.000
202606141436,   1.436,9999.000,9999.000,9999.000,9999.000,9999.000,9999.000,9999.000,9999.000
202606141442,   1.559,9999.000,9999.000,9999.000,9999.000,9999.000,9999.000,9999.000,9999.000
202606141448,   1.681,9999.000,9999.000,9999.000,9999.000,9999.000,9999.000,9999.000,9999.000
202606141454,   1.801,9999.000,9999.000,9999.000,9999.000,9999.000,9999.000,9999.000,9999.000
202606141500,   1.919,9999.000,   0.400,   0.053,   2.372,   0.400,   2.372,   0.500,   2.472
202606141506,   2.034,9999.000,9999.000,9999.000,9999.000,9999.000,9999.000,9999.000,9999.000
202606141512,   2.148,9999.000,9999.000,9999.000,9999.000,9999.000,9999.000,9999.000,9999.000
202606141518,   2.258,9999.000,9999.000,9999.000,9999.000,9999.000,9999.000,9999.000,9999.000
202606141524,   2.366,9999.000,9999.000,9999.000,9999.000,9999.000,9999.000,9999.000,9999.000
202606141530,   2.471,9999.000,9999.000,9999.000,9999.000,9999.000,9999.000,9999.000,9999.000
202606141536,   2.572,9999.000,9999.000,9999.000,9999.000,9999.000,9999.000,9999.000,9999.000
202606141542,   2.669,9999.000,9999.000,9999.000,9999.000,9999.000,9999.000,9999.000,9999.000
202606141548,   2.763,9999.000,9999.000,9999.000,9999.000,9999.000,9999.000,9999.000,9999.000
202606141554,   2.853,9999.000,9999.000,9999.000,9999.000,9999.000,9999.000,9999.000,9999.000
202606141600,   2.939,9999.000,   0.500,   0.053,   3.492,   0.400,   3.392,   0.600,   3.592
202606141606,   3.020,9999.000,9999.000,9999.000,9999.000,9999.000,9999.000,9999.000,9999.000
202606141612,   3.097,9999.000,9999.000,9999.000,9999.000,9999.000,9999.000,9999.000,9999.000
202606141618,   3.169,9999.000,9999.000,9999.000,9999.000,9999.000,9999.000,9999.000,9999.000
202606141624,   3.237,9999.000,9999.000,9999.000,9999.000,9999.000,9999.000,9999.000,9999.000
202606141630,   3.299,9999.000,9999.000,9999.000,9999.000,9999.000,9999.000,9999.000,9999.000
202606141636,   3.357,9999.000,9999.000,9999.000,9999.000,9999.000,9999.000,9999.000,9999.000
202606141642,   3.410,9999.000,9999.000,9999.000,9999.000,9999.000,9999.000,9999.000,9999.000
202606141648,   3.457,9999.000,9999.000,9999.000,9999.000,9999.000,9999.000,9999.000,9999.000
202606141654,   3.499,9999.000,9999.000,9999.000,9999.000,9999.000,9999.000,9999.000,9999.000
202606141700,   3.537,9999.000,   0.500,   0.053,   4.090,   0.500,   4.090,   0.600,   4.190
202606141706,   3.569,9999.000,9999.000,9999.000,9999.000,9999.000,9999.000,9999.000,9999.000
202606141712,   3.596,9999.000,9999.000,9999.000,9999.000,9999.000,9999.000,9999.000,9999.000
202606141718,   3.618,9999.000,9999.000,9999.000,9999.000,9999.000,9999.000,9999.000,9999.000
202606141724,   3.635,9999.000,9999.000,9999.000,9999.000,9999.000,9999.000,9999.000,9999.000
202606141730,   3.647,9999.000,9999.000,9999.000,9999.000,9999.000,9999.000,9999.000,9999.000
202606141736,   3.654,9999.000,9999.000,9999.000,9999.000,9999.000,9999.000,9999.000,9999.000
202606141742,   3.656,9999.000,9999.000,9999.000,9999.000,9999.000,9999.000,9999.000,9999.000
202606141748,   3.654,9999.000,9999.000,9999.000,9999.000,9999.000,9999.000,9999.000,9999.000
202606141754,   3.648,9999.000,9999.000,9999.000,9999.000,9999.000,9999.000,9999.000,9999.000
202606141800,   3.638,9999.000,   0.500,   0.053,   4.191,   0.400,   4.091,   0.500,   4.191
202606141806,   3.623,9999.000,9999.000,9999.000,9999.000,9999.000,9999.000,9999.000,9999.000
202606141812,   3.605,9999.000,9999.000,9999.000,9999.000,9999.000,9999.000,9999.000,9999.000
202606141818,   3.583,9999.000,9999.000,9999.000,9999.000,9999.000,9999.000,9999.000,9999.000
202606141824,   3.558,9999.000,9999.000,9999.000,9999.000,9999.000,9999.000,9999.000,9999.000
202606141830,   3.529,9999.000,9999.000,9999.000,9999.000,9999.000,9999.000,9999.000,9999.000
202606141836,   3.498,9999.000,9999.000,9999.000,9999.000,9999.000,9999.000,9999.000,9999.000
202606141842,   3.464,9999.000,9999.000,9999.000,9999.000,9999.000,9999.000,9999.000,9999.000
202606141848,   3.427,9999.000,9999.000,9999.000,9999.000,9999.000,9999.000,9999.000,9999.000
202606141854,   3.388,9999.000,9999.000,9999.000,9999.000,9999.000,9999.000,9999.000,9999.000
202606141900,   3.347,9999.000,   0.400,   0.053,   3.800,   0.400,   3.800,   0.500,   3.900
202606141906,   3.304,9999.000,9999.000,9999.000,9999.000,9999.000,9999.000,9999.000,9999.000
202606141912,   3.260,9999.000,9999.000,9999.000,9999.000,9999.000,9999.000,9999.000,9999.000
202606141918,   3.214,9999.000,9999.000,9999.000,9999.000,9999.000,9999.000,9999.000,9999.000
202606141924,   3.168,9999.000,9999.000,9999.000,9999.000,9999.000,9999.000,9999.000,9999.000
202606141930,   3.120,9999.000,9999.000,9999.000,9999.000,9999.000,9999.000,9999.000,9999.000
202606141936,   3.071,9999.000,9999.000,9999.000,9999.000,9999.000,9999.000,9999.000,9999.000
202606141942,   3.022,9999.000,9999.000,9999.000,9999.000,9999.000,9999.000,9999.000,9999.000
202606141948,   2.973,9999.000,9999.000,9999.000,9999.000,9999.000,9999.000,9999.000,9999.000
202606141954,   2.924,9999.000,9999.000,9999.000,9999.000,9999.000,9999.000,9999.000,9999.000
202606142000,   2.875,9999.000,   0.500,   0.053,   3.428,   0.400,   3.328,   0.600,   3.528
202606142006,   2.827,9999.000,9999.000,9999.000,9999.000,9999.000,9999.000,9999.000,9999.000
202606142012,   2.780,9999.000,9999.000,9999.000,9999.000,9999.000,9999.000,9999.000,9999.000
202606142018,   2.732,9999.000,9999.000,9999.000,9999.000,9999.000,9999.000,9999.000,9999.000
202606142024,   2.686,9999.000,9999.000,9999.000,9999.000,9999.000,9999.000,9999.000,9999.000
202606142030,   2.642,9999.000,9999.000,9999.000,9999.000,9999.000,9999.000,9999.000,9999.000
202606142036,   2.599,9999.000,9999.000,9999.000,9999.000,9999.000,9999.000,9999.000,9999.000
202606142042,   2.558,9999.000,9999.000,9999.000,9999.000,9999.000,9999.000,9999.000,9999.000
202606142048,   2.519,9999.000,9999.000,9999.000,9999.000,9999.000,9999.000,9999.000,9999.000
202606142054,   2.483,9999.000,9999.000,9999.000,9999.000,9999.000,9999.000,9999.000,9999.000
202606142100,   2.449,9999.000,   0.500,   0.053,   3.002,   0.500,   3.002,   0.600,   3.102
202606142106,   2.417,9999.000,9999.000,9999.000,9999.000,9999.000,9999.000,9999.000,9999.000
202606142112,   2.389,9999.000,9999.000,9999.000,9999.000,9999.000,9999.000,9999.000,9999.000
202606142118,   2.364,9999.000,9999.000,9999.000,9999.000,9999.000,9999.000,9999.000,9999.000
202606142124,   2.343,9999.000,9999.000,9999.000,9999.000,9999.000,9999.000,9999.000,9999.000
202606142130,   2.325,9999.000,9999.000,9999.000,9999.000,9999.000,9999.000,9999.000,9999.000
202606142136,   2.311,9999.000,9999.000,9999.000,9999.000,9999.000,9999.000,9999.000,9999.000
202606142142,   2.300,9999.000,9999.000,9999.000,9999.000,9999.000,9999.000,9999.000,9999.000
202606142148,   2.294,9999.000,9999.000,9999.000,9999.000,9999.000,9999.000,9999.000,9999.000
202606142154,   2.292,9999.000,9999.000,9999.000,9999.000,9999.000,9999.000,9999.000,9999.000
202606142200,   2.294,9999.000,   0.500,   0.053,   2.847,   0.400,   2.747,   0.500,   2.847
202606142206,   2.301,9999.000,9999.000,9999.000,9999.000,9999.000,9999.000,9999.000,9999.000
202606142212,   2.312,9999.000,9999.000,9999.000,9999.000,9999.000,9999.000,9999.000,9999.000
202606142218,   2.328,9999.000,9999.000,9999.000,9999.000,9999.000,9999.000,9999.000,9999.000
202606142224,   2.348,9999.000,9999.000,9999.000,9999.000,9999.000,9999.000,9999.000,9999.000
202606142230,   2.373,9999.000,9999.000,9999.000,9999.000,9999.000,9999.000,9999.000,9999.000
202606142236,   2.403,9999.000,9999.000,9999.000,9999.000,9999.000,9999.000,9999.000,9999.000
202606142242,   2.437,9999.000,9999.000,9999.000,9999.000,9999.000,9999.000,9999.000,9999.000
202606142248,   2.477,9999.000,9999.000,9999.000,9999.000,9999.000,9999.000,9999.000,9999.000
202606142254,   2.520,9999.000,9999.000,9999.000,9999.000,9999.000,9999.000,9999.000,9999.000
202606142300,   2.569,9999.000,   0.400,   0.053,   3.022,   0.400,   3.022,   0.500,   3.122
202606142306,   2.621,9999.000,9999.000,9999.000,9999.000,9999.000,9999.000,9999.000,9999.000
202606142312,   2.679,9999.000,9999.000,9999.000,9999.000,9999.000,9999.000,9999.000,9999.000
202606142318,   2.741,9999.000,9999.000,9999.000,9999.000,9999.000,9999.000,9999.000,9999.000
202606142324,   2.807,9999.000,9999.000,9999.000,9999.000,9999.000,9999.000,9999.000,9999.000
202606142330,   2.877,9999.000,9999.000,9999.000,9999.000,9999.000,9999.000,9999.000,9999.000
202606142336,   2.952,9999.000,9999.000,9999.000,9999.000,9999.000,9999.000,9999.000,9999.000
202606142342,   3.030,9999.000,9999.000,9999.000,9999.000,9999.000,9999.000,9999.000,9999.000
202606142348,   3.113,9999.000,9999.000,9999.000,9999.000,9999.000,9999.000,9999.000,9999.000
202606142354,   3.199,9999.000,9999.000,9999.000,9999.000,9999.000,9999.000,9999.000,9999.000
202606150000,   3.289,9999.000,   0.600,   0.053,   3.942,   0.500,   3.842,   0.600,   3.942
