        TIME,    TIDE,      OB,   SURGE,    BIAS,     TWL,SURGE90p,  TWL90p,SURGE10p,   TWL10p
202606051800,   2.440,   2.191,   0.300,  -0.549,   2.191,   0.200,   2.091,   0.300,   2.191
202606051806,   2.507,9999.000,9999.000,9999.000,9999.000,9999.000,9999.000,9999.000,9999.000
202606051812,   2.571,   2.289,9999.000,9999.000,9999.000,9999.000,9999.000,9999.000,9999.000
202606051818,   2.632,9999.000,9999.000,9999.000,9999.000,9999.000,9999.000,9999.000,9999.000
202606051824,   2.690,   2.387,9999.000,9999.000,9999.000,9999.000,9999.000,9999.000,9999.000
202606051830,   2.744,9999.000,9999.000,9999.000,9999.000,9999.000,9999.000,9999.000,9999.000
202606051836,   2.796,   2.479,9999.000,9999.000,9999.000,9999.000,9999.000,9999.000,9999.000
202606051842,   2.843,9999.000,9999.000,9999.000,9999.000,9999.000,9999.000,9999.000,9999.000
202606051848,   2.887,   2.578,9999.000,9999.000,9999.000,9999.000,9999.000,9999.000,9999.000
202606051854,   2.928,9999.000,9999.000,9999.000,9999.000,9999.000,9999.000,9999.000,9999.000
202606051900,   2.964,   2.660,   0.300,  -0.604,   2.660,   0.300,   2.660,   0.400,   2.760
202606051906,   2.996,   2.699,9999.000,9999.000,9999.000,9999.000,9999.000,9999.000,9999.000
202606051912,   3.024,   2.738,9999.000,9999.000,9999.000,9999.000,9999.000,9999.000,9999.000
202606051918,   3.047,   2.778,9999.000,9999.000,9999.000,9999.000,9999.000,9999.000,9999.000
202606051924,   3.066,   2.807,9999.000,9999.000,9999.000,9999.000,9999.000,9999.000,9999.000
202606051930,   3.081,   2.840,9999.000,9999.000,9999.000,9999.000,9999.000,9999.000,9999.000
202606051936,   3.091,   2.869,9999.000,9999.000,9999.000,9999.000,9999.000,9999.000,9999.000
202606051942,   3.096,   2.899,9999.000,9999.000,9999.000,9999.000,9999.000,9999.000,9999.000
202606051948,   3.097,   2.919,9999.000,9999.000,9999.000,9999.000,9999.000,9999.000,9999.000
202606051954,   3.094,   2.938,9999.000,9999.000,9999.000,9999.000,9999.000,9999.000,9999.000
202606052000,   3.086,   2.948,   0.400,  -0.538,   2.948,   0.300,   2.848,   0.400,   2.948
202606052006,   3.073,   2.958,9999.000,9999.000,9999.000,9999.000,9999.000,9999.000,9999.000
202606052012,   3.057,   2.968,9999.000,9999.000,9999.000,9999.000,9999.000,9999.000,9999.000
202606052018,   3.036,   2.968,9999.000,9999.000,9999.000,9999.000,9999.000,9999.000,9999.000
202606052024,   3.012,   2.978,9999.000,9999.000,9999.000,9999.000,9999.000,9999.000,9999.000
202606052030,   2.984,   2.988,9999.000,9999.000,9999.000,9999.000,9999.000,9999.000,9999.000
202606052036,   2.952,   2.988,9999.000,9999.000,9999.000,9999.000,9999.000,9999.000,9999.000
202606052042,   2.917,   2.988,9999.000,9999.000,9999.000,9999.000,9999.000,9999.000,9999.000
202606052048,   2.879,   2.988,9999.000,9999.000,9999.000,9999.000,9999.000,9999.000,9999.000
202606052054,   2.838,   2.978,9999.000,9999.000,9999.000,9999.000,9999.000,9999.000,9999.000
202606052100,   2.795,   2.958,   0.400,  -0.237,   2.958,   0.300,   2.858,   0.400,   2.958
202606052106,   2.749,   2.929,9999.000,9999.000,9999.000,9999.000,9999.000,9999.000,9999.000
202606052112,   2.700,   2.919,9999.000,9999.000,9999.000,9999.000,9999.000,9999.000,9999.000
202606052118,   2.650,   2.889,9999.000,9999.000,9999.000,9999.000,9999.000,9999.000,9999.000
202606052124,   2.598,   2.869,9999.000,9999.000,9999.000,9999.000,9999.000,9999.000,9999.000
202606052130,   2.544,   2.850,9999.000,9999.000,9999.000,9999.000,9999.000,9999.000,9999.000
202606052136,   2.489,   2.820,9999.000,9999.000,9999.000,9999.000,9999.000,9999.000,9999.000
202606052142,   2.433,   2.778,9999.000,9999.000,9999.000,9999.000,9999.000,9999.000,9999.000
202606052148,   2.375,   2.748,9999.000,9999.000,9999.000,9999.000,9999.000,9999.000,9999.000
202606052154,   2.316,   2.709,9999.000,9999.000,9999.000,9999.000,9999.000,9999.000,9999.000
202606052200,   2.257,   2.669,   0.400,   0.012,   2.669,   0.300,   2.569,   0.400,   2.669
202606052206,   2.196,   2.630,9999.000,9999.000,9999.000,9999.000,9999.000,9999.000,9999.000
202606052212,   2.135,   2.597,9999.000,9999.000,9999.000,9999.000,9999.000,9999.000,9999.000
202606052218,   2.073,   2.558,9999.000,9999.000,9999.000,9999.000,9999.000,9999.000,9999.000
202606052224,   2.011,   2.519,9999.000,9999.000,9999.000,9999.000,9999.000,9999.000,9999.000
202606052230,   1.948,   2.479,9999.000,9999.000,9999.000,9999.000,9999.000,9999.000,9999.000
202606052236,   1.885,   2.440,9999.000,9999.000,9999.000,9999.000,9999.000,9999.000,9999.000
202606052242,   1.821,   2.387,9999.000,9999.000,9999.000,9999.000,9999.000,9999.000,9999.000
202606052248,   1.758,   2.338,9999.000,9999.000,9999.000,9999.000,9999.000,9999.000,9999.000
202606052254,   1.694,   2.279,9999.000,9999.000,9999.000,9999.000,9999.000,9999.000,9999.000
202606052300,   1.630,   2.230,   0.400,   0.200,   2.230,   0.300,   2.130,   0.400,   2.230
202606052306,   1.567,   2.177,9999.000,9999.000,9999.000,9999.000,9999.000,9999.000,9999.000
202606052312,   1.504,   2.118,9999.000,9999.000,9999.000,9999.000,9999.000,9999.000,9999.000
202606052318,   1.441,   2.069,9999.000,9999.000,9999.000,9999.000,9999.000,9999.000,9999.000
202606052324,   1.379,   2.010,9999.000,9999.000,9999.000,9999.000,9999.000,9999.000,9999.000
202606052330,   1.317,   1.958,9999.000,9999.000,9999.000,9999.000,9999.000,9999.000,9999.000
202606052336,   1.257,   1.918,9999.000,9999.000,9999.000,9999.000,9999.000,9999.000,9999.000
202606052342,   1.197,   1.869,9999.000,9999.000,9999.000,9999.000,9999.000,9999.000,9999.000
202606052348,   1.138,   1.830,9999.000,9999.000,9999.000,9999.000,9999.000,9999.000,9999.000
202606052354,   1.080,   1.800,9999.000,9999.000,9999.000,9999.000,9999.000,9999.000,9999.000
202606060000,   1.023,   1.758,   0.300,   0.435,   1.758,   0.200,   1.658,   0.300,   1.758
202606060006,   0.968,   1.718,9999.000,9999.000,9999.000,9999.000,9999.000,9999.000,9999.000
202606060012,   0.914,   1.669,9999.000,9999.000,9999.000,9999.000,9999.000,9999.000,9999.000
202606060018,   0.861,   1.630,9999.000,9999.000,9999.000,9999.000,9999.000,9999.000,9999.000
202606060024,   0.811,   1.590,9999.000,9999.000,9999.000,9999.000,9999.000,9999.000,9999.000
202606060030,   0.761,   1.538,9999.000,9999.000,9999.000,9999.000,9999.000,9999.000,9999.000
202606060036,   0.714,   1.498,9999.000,9999.000,9999.000,9999.000,9999.000,9999.000,9999.000
202606060042,   0.669,   1.459,9999.000,9999.000,9999.000,9999.000,9999.000,9999.000,9999.000
202606060048,   0.625,   1.439,9999.000,9999.000,9999.000,9999.000,9999.000,9999.000,9999.000
202606060054,   0.584,   1.400,9999.000,9999.000,9999.000,9999.000,9999.000,9999.000,9999.000
202606060100,   0.544,   1.371,   0.300,   0.527,   1.371,   0.200,   1.271,   0.300,   1.371
202606060106,   0.507,   1.338,9999.000,9999.000,9999.000,9999.000,9999.000,9999.000,9999.000
202606060112,   0.472,   1.298,9999.000,9999.000,9999.000,9999.000,9999.000,9999.000,9999.000
202606060118,   0.440,   1.279,9999.000,9999.000,9999.000,9999.000,9999.000,9999.000,9999.000
202606060124,   0.410,   1.249,9999.000,9999.000,9999.000,9999.000,9999.000,9999.000,9999.000
202606060130,   0.383,   1.229,9999.000,9999.000,9999.000,9999.000,9999.000,9999.000,9999.000
202606060136,   0.358,   1.210,9999.000,9999.000,9999.000,9999.000,9999.000,9999.000,9999.000
202606060142,   0.337,   1.190,9999.000,9999.000,9999.000,9999.000,9999.000,9999.000,9999.000
202606060148,   0.318,   1.180,9999.000,9999.000,9999.000,9999.000,9999.000,9999.000,9999.000
202606060154,   0.304,   1.161,9999.000,9999.000,9999.000,9999.000,9999.000,9999.000,9999.000
202606060200,   0.292,   1.151,   0.300,   0.559,   1.151,   0.300,   1.151,   0.300,   1.151
202606060206,   0.284,   1.128,9999.000,9999.000,9999.000,9999.000,9999.000,9999.000,9999.000
202606060212,   0.281,   1.118,9999.000,9999.000,9999.000,9999.000,9999.000,9999.000,9999.000
202606060218,   0.281,   1.098,9999.000,9999.000,9999.000,9999.000,9999.000,9999.000,9999.000
202606060224,   0.285,   1.088,9999.000,9999.000,9999.000,9999.000,9999.000,9999.000,9999.000
202606060230,   0.294,   1.079,9999.000,9999.000,9999.000,9999.000,9999.000,9999.000,9999.000
202606060236,   0.308,   1.069,9999.000,9999.000,9999.000,9999.000,9999.000,9999.000,9999.000
202606060242,   0.326,   1.069,9999.000,9999.000,9999.000,9999.000,9999.000,9999.000,9999.000
202606060248,   0.349,   1.069,9999.000,9999.000,9999.000,9999.000,9999.000,9999.000,9999.000
202606060254,   0.377,   1.059,9999.000,9999.000,9999.000,9999.000,9999.000,9999.000,9999.000
202606060300,   0.410,   1.059,   0.300,   0.349,   1.059,   0.300,   1.059,   0.400,   1.159
202606060306,   0.448,   1.069,9999.000,9999.000,9999.000,9999.000,9999.000,9999.000,9999.000
202606060312,   0.491,   1.088,9999.000,9999.000,9999.000,9999.000,9999.000,9999.000,9999.000
202606060318,   0.539,   1.108,9999.000,9999.000,9999.000,9999.000,9999.000,9999.000,9999.000
202606060324,   0.592,   1.151,9999.000,9999.000,9999.000,9999.000,9999.000,9999.000,9999.000
202606060330,   0.649,   1.190,9999.000,9999.000,9999.000,9999.000,9999.000,9999.000,9999.000
202606060336,   0.711,   1.239,9999.000,9999.000,9999.000,9999.000,9999.000,9999.000,9999.000
202606060342,   0.777,   1.279,9999.000,9999.000,9999.000,9999.000,9999.000,9999.000,9999.000
202606060348,   0.847,   1.328,9999.000,9999.000,9999.000,9999.000,9999.000,9999.000,9999.000
202606060354,   0.921,   1.380,9999.000,9999.000,9999.000,9999.000,9999.000,9999.000,9999.000
202606060400,   0.999,   1.420,   0.300,   0.121,   1.420,   0.300,   1.420,   0.400,   1.520
202606060406,   1.079,   1.469,9999.000,9999.000,9999.000,9999.000,9999.000,9999.000,9999.000
202606060412,   1.162,   1.518,9999.000,9999.000,9999.000,9999.000,9999.000,9999.000,9999.000
202606060418,   1.248,   1.571,9999.000,9999.000,9999.000,9999.000,9999.000,9999.000,9999.000
202606060424,   1.335,   1.630,9999.000,9999.000,9999.000,9999.000,9999.000,9999.000,9999.000
202606060430,   1.424,   1.699,9999.000,9999.000,9999.000,9999.000,9999.000,9999.000,9999.000
202606060436,   1.514,   1.758,9999.000,9999.000,9999.000,9999.000,9999.000,9999.000,9999.000
202606060442,   1.605,   1.840,9999.000,9999.000,9999.000,9999.000,9999.000,9999.000,9999.000
202606060448,   1.696,   1.899,9999.000,9999.000,9999.000,9999.000,9999.000,9999.000,9999.000
202606060454,   1.787,   1.958,9999.000,9999.000,9999.000,9999.000,9999.000,9999.000,9999.000
202606060500,   1.878,   2.020,   0.400,  -0.258,   2.020,   0.300,   1.920,   0.400,   2.020
202606060506,   1.968,   2.069,9999.000,9999.000,9999.000,9999.000,9999.000,9999.000,9999.000
202606060512,   2.058,   2.118,9999.000,9999.000,9999.000,9999.000,9999.000,9999.000,9999.000
202606060518,   2.146,   2.168,9999.000,9999.000,9999.000,9999.000,9999.000,9999.000,9999.000
202606060524,   2.232,   2.230,9999.000,9999.000,9999.000,9999.000,9999.000,9999.000,9999.000
202606060530,   2.317,   2.279,9999.000,9999.000,9999.000,9999.000,9999.000,9999.000,9999.000
202606060536,   2.400,   2.328,9999.000,9999.000,9999.000,9999.000,9999.000,9999.000,9999.000
202606060542,   2.481,   2.387,9999.000,9999.000,9999.000,9999.000,9999.000,9999.000,9999.000
202606060548,   2.560,   2.440,9999.000,9999.000,9999.000,9999.000,9999.000,9999.000,9999.000
202606060554,   2.636,   2.499,9999.000,9999.000,9999.000,9999.000,9999.000,9999.000,9999.000
202606060600,   2.709,   2.548,   0.300,  -0.461,   2.548,   0.300,   2.548,   0.300,   2.548
202606060606,   2.780,   2.620,9999.000,9999.000,9999.000,9999.000,9999.000,9999.000,9999.000
202606060612,   2.848,   2.679,9999.000,9999.000,9999.000,9999.000,9999.000,9999.000,9999.000
202606060618,   2.913,   2.748,9999.000,9999.000,9999.000,9999.000,9999.000,9999.000,9999.000
202606060624,   2.974,   2.820,9999.000,9999.000,9999.000,9999.000,9999.000,9999.000,9999.000
202606060630,   3.033,   2.879,9999.000,9999.000,9999.000,9999.000,9999.000,9999.000,9999.000
202606060636,   3.088,   2.938,9999.000,9999.000,9999.000,9999.000,9999.000,9999.000,9999.000
202606060642,   3.140,   2.978,9999.000,9999.000,9999.000,9999.000,9999.000,9999.000,9999.000
202606060648,   3.188,   3.030,9999.000,9999.000,9999.000,9999.000,9999.000,9999.000,9999.000
202606060654,   3.232,   3.070,9999.000,9999.000,9999.000,9999.000,9999.000,9999.000,9999.000
202606060700,   3.272,   3.099,   0.400,  -0.573,   3.099,   0.300,   2.999,   0.400,   3.099
202606060706,   3.308,   3.129,9999.000,9999.000,9999.000,9999.000,9999.000,9999.000,9999.000
202606060712,   3.340,   3.158,9999.000,9999.000,9999.000,9999.000,9999.000,9999.000,9999.000
202606060718,   3.368,   3.178,9999.000,9999.000,9999.000,9999.000,9999.000,9999.000,9999.000
202606060724,   3.391,   3.197,9999.000,9999.000,9999.000,9999.000,9999.000,9999.000,9999.000
202606060730,   3.410,   3.230,9999.000,9999.000,9999.000,9999.000,9999.000,9999.000,9999.000
202606060736,   3.424,   3.250,9999.000,9999.000,9999.000,9999.000,9999.000,9999.000,9999.000
202606060742,   3.434,   3.270,9999.000,9999.000,9999.000,9999.000,9999.000,9999.000,9999.000
202606060748,   3.439,   3.299,9999.000,9999.000,9999.000,9999.000,9999.000,9999.000,9999.000
202606060754,   3.438,   3.319,9999.000,9999.000,9999.000,9999.000,9999.000,9999.000,9999.000
202606060800,   3.434,   3.348,   0.400,  -0.486,   3.348,   0.300,   3.248,   0.400,   3.348
202606060806,   3.424,   3.378,9999.000,9999.000,9999.000,9999.000,9999.000,9999.000,9999.000
202606060812,   3.409,   3.398,9999.000,9999.000,9999.000,9999.000,9999.000,9999.000,9999.000
202606060818,   3.390,   3.417,9999.000,9999.000,9999.000,9999.000,9999.000,9999.000,9999.000
202606060824,   3.367,   3.427,9999.000,9999.000,9999.000,9999.000,9999.000,9999.000,9999.000
202606060830,   3.338,   3.440,9999.000,9999.000,9999.000,9999.000,9999.000,9999.000,9999.000
202606060836,   3.306,   3.440,9999.000,9999.000,9999.000,9999.000,9999.000,9999.000,9999.000
202606060842,   3.269,   3.440,9999.000,9999.000,9999.000,9999.000,9999.000,9999.000,9999.000
202606060848,   3.229,   3.427,9999.000,9999.000,9999.000,9999.000,9999.000,9999.000,9999.000
202606060854,   3.185,   3.407,9999.000,9999.000,9999.000,9999.000,9999.000,9999.000,9999.000
202606060900,   3.137,   3.378,   0.400,  -0.159,   3.378,   0.400,   3.378,   0.400,   3.378
202606060906,   3.086,   3.339,9999.000,9999.000,9999.000,9999.000,9999.000,9999.000,9999.000
202606060912,   3.032,   3.299,9999.000,9999.000,9999.000,9999.000,9999.000,9999.000,9999.000
202606060918,   2.975,   3.250,9999.000,9999.000,9999.000,9999.000,9999.000,9999.000,9999.000
202606060924,   2.916,   3.207,9999.000,9999.000,9999.000,9999.000,9999.000,9999.000,9999.000
202606060930,   2.854,   3.168,9999.000,9999.000,9999.000,9999.000,9999.000,9999.000,9999.000
202606060936,   2.790,   3.129,9999.000,9999.000,9999.000,9999.000,9999.000,9999.000,9999.000
202606060942,   2.725,   3.079,9999.000,9999.000,9999.000,9999.000,9999.000,9999.000,9999.000
202606060948,   2.658,   3.050,9999.000,9999.000,9999.000,9999.000,9999.000,9999.000,9999.000
202606060954,   2.589,   3.007,9999.000,9999.000,9999.000,9999.000,9999.000,9999.000,9999.000
202606061000,   2.519,   2.958,   0.400,   0.039,   2.958,   0.400,   2.958,   0.400,   2.958
202606061006,   2.448,   2.929,9999.000,9999.000,9999.000,9999.000,9999.000,9999.000,9999.000
202606061012,   2.377,   2.889,9999.000,9999.000,9999.000,9999.000,9999.000,9999.000,9999.000
202606061018,   2.304,   2.850,9999.000,9999.000,9999.000,9999.000,9999.000,9999.000,9999.000
202606061024,   2.231,   2.807,9999.000,9999.000,9999.000,9999.000,9999.000,9999.000,9999.000
202606061030,   2.157,   2.778,9999.000,9999.000,9999.000,9999.000,9999.000,9999.000,9999.000
202606061036,   2.083,   2.719,9999.000,9999.000,9999.000,9999.000,9999.000,9999.000,9999.000
202606061042,   2.008,   2.669,9999.000,9999.000,9999.000,9999.000,9999.000,9999.000,9999.000
202606061048,   1.933,   2.610,9999.000,9999.000,9999.000,9999.000,9999.000,9999.000,9999.000
202606061054,   1.858,   2.548,9999.000,9999.000,9999.000,9999.000,9999.000,9999.000,9999.000
202606061100,   1.783,   2.489,   0.400,   0.306,   2.489,   0.400,   2.489,   0.400,   2.489
202606061106,   1.709,   2.430,9999.000,9999.000,9999.000,9999.000,9999.000,9999.000,9999.000
202606061112,   1.634,   2.377,9999.000,9999.000,9999.000,9999.000,9999.000,9999.000,9999.000
202606061118,   1.559,   2.318,9999.000,9999.000,9999.000,9999.000,9999.000,9999.000,9999.000
202606061124,   1.485,   2.259,9999.000,9999.000,9999.000,9999.000,9999.000,9999.000,9999.000
202606061130,   1.411,   2.210,9999.000,9999.000,9999.000,9999.000,9999.000,9999.000,9999.000
202606061136,   1.338,   2.158,9999.000,9999.000,9999.000,9999.000,9999.000,9999.000,9999.000
202606061142,   1.265,   2.099,9999.000,9999.000,9999.000,9999.000,9999.000,9999.000,9999.000
202606061148,   1.193,   2.049,9999.000,9999.000,9999.000,9999.000,9999.000,9999.000,9999.000
202606061154,   1.122,   2.010,9999.000,9999.000,9999.000,9999.000,9999.000,9999.000,9999.000
202606061200,   1.052,   1.967,   0.400,   0.515,   1.967,   0.400,   1.967,   0.500,   2.067
202606061206,   0.983,   1.928,9999.000,9999.000,9999.000,9999.000,9999.000,9999.000,9999.000
202606061212,   0.915,   1.879,9999.000,9999.000,9999.000,9999.000,9999.000,9999.000,9999.000
202606061218,   0.848,   1.840,9999.000,9999.000,9999.000,9999.000,9999.000,9999.000,9999.000
202606061224,   0.783,   1.800,9999.000,9999.000,9999.000,9999.000,9999.000,9999.000,9999.000
202606061230,   0.719,   1.748,9999.000,9999.000,9999.000,9999.000,9999.000,9999.000,9999.000
202606061236,   0.657,   1.708,9999.000,9999.000,9999.000,9999.000,9999.000,9999.000,9999.000
202606061242,   0.596,   1.659,9999.000,9999.000,9999.000,9999.000,9999.000,9999.000,9999.000
202606061248,   0.537,   1.610,9999.000,9999.000,9999.000,9999.000,9999.000,9999.000,9999.000
202606061254,   0.480,   1.557,9999.000,9999.000,9999.000,9999.000,9999.000,9999.000,9999.000
202606061300,   0.424,   1.508,   0.500,   0.584,   1.508,   0.400,   1.408,   0.500,   1.508
202606061306,   0.371,   1.459,9999.000,9999.000,9999.000,9999.000,9999.000,9999.000,9999.000
202606061312,   0.319,   1.410,9999.000,9999.000,9999.000,9999.000,9999.000,9999.000,9999.000
202606061318,   0.270,   1.371,9999.000,9999.000,9999.000,9999.000,9999.000,9999.000,9999.000
202606061324,   0.223,   1.318,9999.000,9999.000,9999.000,9999.000,9999.000,9999.000,9999.000
202606061330,   0.178,   1.269,9999.000,9999.000,9999.000,9999.000,9999.000,9999.000,9999.000
202606061336,   0.135,   1.220,9999.000,9999.000,9999.000,9999.000,9999.000,9999.000,9999.000
202606061342,   0.095,   1.170,9999.000,9999.000,9999.000,9999.000,9999.000,9999.000,9999.000
202606061348,   0.057,   1.128,9999.000,9999.000,9999.000,9999.000,9999.000,9999.000,9999.000
202606061354,   0.022,   1.088,9999.000,9999.000,9999.000,9999.000,9999.000,9999.000,9999.000
202606061400,  -0.009,   1.049,   0.500,   0.558,   1.049,   0.400,   0.949,   0.500,   1.049
202606061406,  -0.039,   1.010,9999.000,9999.000,9999.000,9999.000,9999.000,9999.000,9999.000
202606061412,  -0.065,   0.970,9999.000,9999.000,9999.000,9999.000,9999.000,9999.000,9999.000
202606061418,  -0.088,   0.951,9999.000,9999.000,9999.000,9999.000,9999.000,9999.000,9999.000
202606061424,  -0.107,   0.918,9999.000,9999.000,9999.000,9999.000,9999.000,9999.000,9999.000
202606061430,  -0.123,   0.888,9999.000,9999.000,9999.000,9999.000,9999.000,9999.000,9999.000
202606061436,  -0.134,   0.869,9999.000,9999.000,9999.000,9999.000,9999.000,9999.000,9999.000
202606061442,  -0.142,   0.849,9999.000,9999.000,9999.000,9999.000,9999.000,9999.000,9999.000
202606061448,  -0.145,   0.839,9999.000,9999.000,9999.000,9999.000,9999.000,9999.000,9999.000
202606061454,  -0.144,   0.819,9999.000,9999.000,9999.000,9999.000,9999.000,9999.000,9999.000
202606061500,  -0.138,   0.800,   0.500,   0.438,   0.800,   0.400,   0.700,   0.500,   0.800
202606061506,  -0.128,   0.790,9999.000,9999.000,9999.000,9999.000,9999.000,9999.000,9999.000
202606061512,  -0.112,   0.770,9999.000,9999.000,9999.000,9999.000,9999.000,9999.000,9999.000
202606061518,  -0.092,   0.760,9999.000,9999.000,9999.000,9999.000,9999.000,9999.000,9999.000
202606061524,  -0.066,   0.760,9999.000,9999.000,9999.000,9999.000,9999.000,9999.000,9999.000
202606061530,  -0.035,   0.760,9999.000,9999.000,9999.000,9999.000,9999.000,9999.000,9999.000
202606061536,   0.000,   0.780,9999.000,9999.000,9999.000,9999.000,9999.000,9999.000,9999.000
202606061542,   0.041,   0.800,9999.000,9999.000,9999.000,9999.000,9999.000,9999.000,9999.000
202606061548,   0.087,   0.839,9999.000,9999.000,9999.000,9999.000,9999.000,9999.000,9999.000
202606061554,   0.139,   0.898,9999.000,9999.000,9999.000,9999.000,9999.000,9999.000,9999.000
202606061600,   0.195,   0.951,   0.500,   0.256,   0.951,   0.400,   0.851,   0.500,   0.951
202606061606,   0.255,   1.020,9999.000,9999.000,9999.000,9999.000,9999.000,9999.000,9999.000
202606061612,   0.320,   1.098,9999.000,9999.000,9999.000,9999.000,9999.000,9999.000,9999.000
202606061618,   0.390,   1.170,9999.000,9999.000,9999.000,9999.000,9999.000,9999.000,9999.000
202606061624,   0.463,   1.239,9999.000,9999.000,9999.000,9999.000,9999.000,9999.000,9999.000
202606061630,   0.539,   1.298,9999.000,9999.000,9999.000,9999.000,9999.000,9999.000,9999.000
202606061636,   0.619,   1.348,9999.000,9999.000,9999.000,9999.000,9999.000,9999.000,9999.000
202606061642,   0.701,   1.410,9999.000,9999.000,9999.000,9999.000,9999.000,9999.000,9999.000
202606061648,   0.786,   1.459,9999.000,9999.000,9999.000,9999.000,9999.000,9999.000,9999.000
202606061654,   0.874,   1.518,9999.000,9999.000,9999.000,9999.000,9999.000,9999.000,9999.000
202606061700,   0.962,   1.580,   0.500,   0.118,   1.580,   0.400,   1.480,   0.500,   1.580
202606061706,   1.053,   1.639,9999.000,9999.000,9999.000,9999.000,9999.000,9999.000,9999.000
202606061712,   1.144,   1.699,9999.000,9999.000,9999.000,9999.000,9999.000,9999.000,9999.000
202606061718,   1.236,   1.758,9999.000,9999.000,9999.000,9999.000,9999.000,9999.000,9999.000
202606061724,   1.328,   1.820,9999.000,9999.000,9999.000,9999.000,9999.000,9999.000,9999.000
202606061730,   1.420,   1.869,9999.000,9999.000,9999.000,9999.000,9999.000,9999.000,9999.000
202606061736,   1.512,   1.918,9999.000,9999.000,9999.000,9999.000,9999.000,9999.000,9999.000
202606061742,   1.603,   1.967,9999.000,9999.000,9999.000,9999.000,9999.000,9999.000,9999.000
202606061748,   1.694,   2.030,9999.000,9999.000,9999.000,9999.000,9999.000,9999.000,9999.000
202606061754,   1.783,   2.099,9999.000,9999.000,9999.000,9999.000,9999.000,9999.000,9999.000
202606061800,   1.871,   2.168,   0.500,  -0.203,   2.168,   0.400,   2.068,   0.600,   2.268
202606061806,   1.958,   2.240,9999.000,9999.000,9999.000,9999.000,9999.000,9999.000,9999.000
202606061812,   2.043,   2.299,9999.000,9999.000,9999.000,9999.000,9999.000,9999.000,9999.000
202606061818,   2.126,   2.348,9999.000,9999.000,9999.000,9999.000,9999.000,9999.000,9999.000
202606061824,   2.208,   2.400,9999.000,9999.000,9999.000,9999.000,9999.000,9999.000,9999.000
202606061830,   2.287,   2.430,9999.000,9999.000,9999.000,9999.000,9999.000,9999.000,9999.000
202606061836,   2.364,   2.469,9999.000,9999.000,9999.000,9999.000,9999.000,9999.000,9999.000
202606061842,   2.439,   2.519,9999.000,9999.000,9999.000,9999.000,9999.000,9999.000,9999.000
202606061848,   2.512,   2.568,9999.000,9999.000,9999.000,9999.000,9999.000,9999.000,9999.000
202606061854,   2.581,   2.630,9999.000,9999.000,9999.000,9999.000,9999.000,9999.000,9999.000
202606061900,   2.648,   2.630,   0.500,  -0.518,   2.630,   0.400,   2.530,   0.600,   2.730
202606061906,   2.712,9999.000,9999.000,9999.000,9999.000,9999.000,9999.000,9999.000,9999.000
202606061912,   2.774,9999.000,9999.000,9999.000,9999.000,9999.000,9999.000,9999.000,9999.000
202606061918,   2.831,9999.000,9999.000,9999.000,9999.000,9999.000,9999.000,9999.000,9999.000
202606061924,   2.886, -16.426,9999.000,9999.000,9999.000,9999.000,9999.000,9999.000,9999.000
202606061930,   2.937,9999.000,9999.000,9999.000,9999.000,9999.000,9999.000,9999.000,9999.000
202606061936,   2.984,9999.000,9999.000,9999.000,9999.000,9999.000,9999.000,9999.000,9999.000
202606061942,   3.027,9999.000,9999.000,9999.000,9999.000,9999.000,9999.000,9999.000,9999.000
202606061948,   3.067, 738.219,9999.000,9999.000,9999.000,9999.000,9999.000,9999.000,9999.000
202606061954,   3.102,9999.000,9999.000,9999.000,9999.000,9999.000,9999.000,9999.000,9999.000
202606062000,   3.133,   3.158,   0.500,  -0.475,   3.158,   0.400,   3.058,   0.600,   3.258
202606062006,   3.160,   3.197,9999.000,9999.000,9999.000,9999.000,9999.000,9999.000,9999.000
202606062012,   3.182,   3.240,9999.000,9999.000,9999.000,9999.000,9999.000,9999.000,9999.000
202606062018,   3.200,   3.270,9999.000,9999.000,9999.000,9999.000,9999.000,9999.000,9999.000
202606062024,   3.213,9999.000,9999.000,9999.000,9999.000,9999.000,9999.000,9999.000,9999.000
202606062030,   3.221,   3.348,9999.000,9999.000,9999.000,9999.000,9999.000,9999.000,9999.000
202606062036,   3.225,   3.378,9999.000,9999.000,9999.000,9999.000,9999.000,9999.000,9999.000
202606062042,   3.225,   3.398,9999.000,9999.000,9999.000,9999.000,9999.000,9999.000,9999.000
202606062048,   3.219,9999.000,9999.000,9999.000,9999.000,9999.000,9999.000,9999.000,9999.000
202606062054,   3.210,   3.450,9999.000,9999.000,9999.000,9999.000,9999.000,9999.000,9999.000
202606062100,   3.196,   3.460,   0.500,  -0.236,   3.460,   0.400,   3.360,   0.600,   3.560
202606062106,   3.178,   3.460,9999.000,9999.000,9999.000,9999.000,9999.000,9999.000,9999.000
202606062112,   3.155,   3.460,9999.000,9999.000,9999.000,9999.000,9999.000,9999.000,9999.000
202606062118,   3.129,   3.460,9999.000,9999.000,9999.000,9999.000,9999.000,9999.000,9999.000
202606062124,   3.099,   3.450,9999.000,9999.000,9999.000,9999.000,9999.000,9999.000,9999.000
202606062130,   3.066,   3.440,9999.000,9999.000,9999.000,9999.000,9999.000,9999.000,9999.000
202606062136,   3.029,   3.440,9999.000,9999.000,9999.000,9999.000,9999.000,9999.000,9999.000
202606062142,   2.990,   3.440,9999.000,9999.000,9999.000,9999.000,9999.000,9999.000,9999.000
202606062148,   2.947,   3.427,9999.000,9999.000,9999.000,9999.000,9999.000,9999.000,9999.000
202606062154,   2.902,   3.427,9999.000,9999.000,9999.000,9999.000,9999.000,9999.000,9999.000
202606062200,   2.855,   3.440,   0.500,   0.085,   3.440,   0.400,   3.340,   0.600,   3.540
202606062206,   2.805,   3.417,9999.000,9999.000,9999.000,9999.000,9999.000,9999.000,9999.000
202606062212,   2.753,   3.388,9999.000,9999.000,9999.000,9999.000,9999.000,9999.000,9999.000
202606062218,   2.699,   3.368,9999.000,9999.000,9999.000,9999.000,9999.000,9999.000,9999.000
202606062224,   2.644,   3.319,9999.000,9999.000,9999.000,9999.000,9999.000,9999.000,9999.000
202606062230,   2.587,   3.270,9999.000,9999.000,9999.000,9999.000,9999.000,9999.000,9999.000
202606062236,   2.529,   3.217,9999.000,9999.000,9999.000,9999.000,9999.000,9999.000,9999.000
202606062242,   2.469,   3.178,9999.000,9999.000,9999.000,9999.000,9999.000,9999.000,9999.000
202606062248,   2.408,   3.119,9999.000,9999.000,9999.000,9999.000,9999.000,9999.000,9999.000
202606062254,   2.346,   3.070,9999.000,9999.000,9999.000,9999.000,9999.000,9999.000,9999.000
202606062300,   2.283,   3.007,   0.500,   0.224,   3.007,   0.400,   2.907,   0.500,   3.007
202606062306,   2.220,   2.958,9999.000,9999.000,9999.000,9999.000,9999.000,9999.000,9999.000
202606062312,   2.155,   2.889,9999.000,9999.000,9999.000,9999.000,9999.000,9999.000,9999.000
202606062318,   2.090,   2.830,9999.000,9999.000,9999.000,9999.000,9999.000,9999.000,9999.000
202606062324,   2.025,   2.768,9999.000,9999.000,9999.000,9999.000,9999.000,9999.000,9999.000
202606062330,   1.959,   2.719,9999.000,9999.000,9999.000,9999.000,9999.000,9999.000,9999.000
202606062336,   1.892,   2.660,9999.000,9999.000,9999.000,9999.000,9999.000,9999.000,9999.000
202606062342,   1.825,   2.597,9999.000,9999.000,9999.000,9999.000,9999.000,9999.000,9999.000
202606062348,   1.759,   2.548,9999.000,9999.000,9999.000,9999.000,9999.000,9999.000,9999.000
202606062354,   1.692,   2.499,9999.000,9999.000,9999.000,9999.000,9999.000,9999.000,9999.000
202606070000,   1.625,   2.440,   0.500,   0.315,   2.440,   0.500,   2.440,   0.600,   2.540
202606070006,   1.558,   2.377,9999.000,9999.000,9999.000,9999.000,9999.000,9999.000,9999.000
202606070012,   1.491,   2.318,9999.000,9999.000,9999.000,9999.000,9999.000,9999.000,9999.000
202606070018,   1.425,   2.259,9999.000,9999.000,9999.000,9999.000,9999.000,9999.000,9999.000
202606070024,   1.359,   2.191,9999.000,9999.000,9999.000,9999.000,9999.000,9999.000,9999.000
202606070030,   1.294,   2.128,9999.000,9999.000,9999.000,9999.000,9999.000,9999.000,9999.000
202606070036,   1.230,   2.069,9999.000,9999.000,9999.000,9999.000,9999.000,9999.000,9999.000
202606070042,   1.166,   2.020,9999.000,9999.000,9999.000,9999.000,9999.000,9999.000,9999.000
202606070048,   1.104,   1.990,9999.000,9999.000,9999.000,9999.000,9999.000,9999.000,9999.000
202606070054,   1.043,   1.938,9999.000,9999.000,9999.000,9999.000,9999.000,9999.000,9999.000
202606070100,   0.983,   1.908,   0.500,   0.425,   1.908,   0.400,   1.808,   0.600,   2.008
202606070106,   0.924,   1.869,9999.000,9999.000,9999.000,9999.000,9999.000,9999.000,9999.000
202606070112,   0.866,   1.810,9999.000,9999.000,9999.000,9999.000,9999.000,9999.000,9999.000
202606070118,   0.811,   1.728,9999.000,9999.000,9999.000,9999.000,9999.000,9999.000,9999.000
202606070124,   0.756,   1.639,9999.000,9999.000,9999.000,9999.000,9999.000,9999.000,9999.000
202606070130,   0.704,   1.538,9999.000,9999.000,9999.000,9999.000,9999.000,9999.000,9999.000
202606070136,   0.653,   1.469,9999.000,9999.000,9999.000,9999.000,9999.000,9999.000,9999.000
202606070142,   0.604,   1.410,9999.000,9999.000,9999.000,9999.000,9999.000,9999.000,9999.000
202606070148,   0.557,   1.371,9999.000,9999.000,9999.000,9999.000,9999.000,9999.000,9999.000
202606070154,   0.513,   1.361,9999.000,9999.000,9999.000,9999.000,9999.000,9999.000,9999.000
202606070200,   0.470,   1.361,   0.500,   0.391,   1.361,   0.400,   1.261,   0.600,   1.461
202606070206,   0.430,   1.361,9999.000,9999.000,9999.000,9999.000,9999.000,9999.000,9999.000
202606070212,   0.392,   1.400,9999.000,9999.000,9999.000,9999.000,9999.000,9999.000,9999.000
202606070218,   0.357,   1.459,9999.000,9999.000,9999.000,9999.000,9999.000,9999.000,9999.000
202606070224,   0.324,   1.508,9999.000,9999.000,9999.000,9999.000,9999.000,9999.000,9999.000
202606070230,   0.294,   1.557,9999.000,9999.000,9999.000,9999.000,9999.000,9999.000,9999.000
202606070236,   0.268,   1.580,9999.000,9999.000,9999.000,9999.000,9999.000,9999.000,9999.000
202606070242,   0.244,   1.571,9999.000,9999.000,9999.000,9999.000,9999.000,9999.000,9999.000
202606070248,   0.224,   1.538,9999.000,9999.000,9999.000,9999.000,9999.000,9999.000,9999.000
202606070254,   0.208,   1.459,9999.000,9999.000,9999.000,9999.000,9999.000,9999.000,9999.000
202606070300,   0.195,   1.390,   0.500,   0.695,   1.390,   0.500,   1.390,   0.600,   1.490
202606070306,   0.187,   1.338,9999.000,9999.000,9999.000,9999.000,9999.000,9999.000,9999.000
202606070312,   0.183,   1.259,9999.000,9999.000,9999.000,9999.000,9999.000,9999.000,9999.000
202606070318,   0.183,   1.190,9999.000,9999.000,9999.000,9999.000,9999.000,9999.000,9999.000
202606070324,   0.188,   1.170,9999.000,9999.000,9999.000,9999.000,9999.000,9999.000,9999.000
202606070330,   0.197,   1.128,9999.000,9999.000,9999.000,9999.000,9999.000,9999.000,9999.000
202606070336,   0.212,   1.088,9999.000,9999.000,9999.000,9999.000,9999.000,9999.000,9999.000
202606070342,   0.231,   1.079,9999.000,9999.000,9999.000,9999.000,9999.000,9999.000,9999.000
202606070348,   0.256,   1.098,9999.000,9999.000,9999.000,9999.000,9999.000,9999.000,9999.000
202606070354,   0.285,   1.088,9999.000,9999.000,9999.000,9999.000,9999.000,9999.000,9999.000
202606070400,   0.320,   1.118,   0.500,   0.298,   1.118,   0.500,   1.118,   0.600,   1.218
202606070406,   0.360,   1.200,9999.000,9999.000,9999.000,9999.000,9999.000,9999.000,9999.000
202606070412,   0.405,   1.298,9999.000,9999.000,9999.000,9999.000,9999.000,9999.000,9999.000
202606070418,   0.455,   1.420,9999.000,9999.000,9999.000,9999.000,9999.000,9999.000,9999.000
202606070424,   0.509,   1.571,9999.000,9999.000,9999.000,9999.000,9999.000,9999.000,9999.000
202606070430,   0.568,   1.708,9999.000,9999.000,9999.000,9999.000,9999.000,9999.000,9999.000
202606070436,   0.632,   1.758,9999.000,9999.000,9999.000,9999.000,9999.000,9999.000,9999.000
202606070442,   0.700,   1.800,9999.000,9999.000,9999.000,9999.000,9999.000,9999.000,9999.000
202606070448,   0.771,   1.767,9999.000,9999.000,9999.000,9999.000,9999.000,9999.000,9999.000
202606070454,   0.846,   1.689,9999.000,9999.000,9999.000,9999.000,9999.000,9999.000,9999.000
202606070500,   0.924,   1.639,   0.500,   0.215,   1.639,   0.500,   1.639,   0.600,   1.739
202606070506,   1.005,   1.620,9999.000,9999.000,9999.000,9999.000,9999.000,9999.000,9999.000
202606070512,   1.088,   1.600,9999.000,9999.000,9999.000,9999.000,9999.000,9999.000,9999.000
202606070518,   1.173,   1.639,9999.000,9999.000,9999.000,9999.000,9999.000,9999.000,9999.000
202606070524,   1.260,   1.679,9999.000,9999.000,9999.000,9999.000,9999.000,9999.000,9999.000
202606070530,   1.348,   1.767,9999.000,9999.000,9999.000,9999.000,9999.000,9999.000,9999.000
202606070536,   1.437,   1.810,9999.000,9999.000,9999.000,9999.000,9999.000,9999.000,9999.000
202606070542,   1.526,   1.869,9999.000,9999.000,9999.000,9999.000,9999.000,9999.000,9999.000
202606070548,   1.616,   1.938,9999.000,9999.000,9999.000,9999.000,9999.000,9999.000,9999.000
202606070554,   1.705,   1.981,9999.000,9999.000,9999.000,9999.000,9999.000,9999.000,9999.000
202606070600,   1.794,   2.049,   0.500,  -0.245,   2.049,   0.500,   2.049,   0.600,   2.149
202606070606,   1.882,   2.138,9999.000,9999.000,9999.000,9999.000,9999.000,9999.000,9999.000
202606070612,   1.969,   2.220,9999.000,9999.000,9999.000,9999.000,9999.000,9999.000,9999.000
202606070618,   2.055,   2.299,9999.000,9999.000,9999.000,9999.000,9999.000,9999.000,9999.000
202606070624,   2.139,   2.358,9999.000,9999.000,9999.000,9999.000,9999.000,9999.000,9999.000
202606070630,   2.222,   2.420,9999.000,9999.000,9999.000,9999.000,9999.000,9999.000,9999.000
202606070636,   2.303,   2.440,9999.000,9999.000,9999.000,9999.000,9999.000,9999.000,9999.000
202606070642,   2.382,   2.450,9999.000,9999.000,9999.000,9999.000,9999.000,9999.000,9999.000
202606070648,   2.458,   2.450,9999.000,9999.000,9999.000,9999.000,9999.000,9999.000,9999.000
202606070654,   2.533,   2.440,9999.000,9999.000,9999.000,9999.000,9999.000,9999.000,9999.000
202606070700,   2.605,   2.469,   0.500,  -0.636,   2.469,   0.400,   2.369,   0.600,   2.569
202606070706,   2.674,   2.519,9999.000,9999.000,9999.000,9999.000,9999.000,9999.000,9999.000
202606070712,   2.741,   2.587,9999.000,9999.000,9999.000,9999.000,9999.000,9999.000,9999.000
202606070718,   2.804,   2.669,9999.000,9999.000,9999.000,9999.000,9999.000,9999.000,9999.000
202606070724,   2.865,   2.778,9999.000,9999.000,9999.000,9999.000,9999.000,9999.000,9999.000
202606070730,   2.923,   2.860,9999.000,9999.000,9999.000,9999.000,9999.000,9999.000,9999.000
202606070736,   2.977,   2.929,9999.000,9999.000,9999.000,9999.000,9999.000,9999.000,9999.000
202606070742,   3.028,   2.978,9999.000,9999.000,9999.000,9999.000,9999.000,9999.000,9999.000
202606070748,   3.075,   3.030,9999.000,9999.000,9999.000,9999.000,9999.000,9999.000,9999.000
202606070754,   3.119,   3.060,9999.000,9999.000,9999.000,9999.000,9999.000,9999.000,9999.000
202606070800,   3.158,   3.109,   0.500,  -0.549,   3.109,   0.400,   3.009,   0.600,   3.209
202606070806,   3.194,   3.158,9999.000,9999.000,9999.000,9999.000,9999.000,9999.000,9999.000
202606070812,   3.225,   3.188,9999.000,9999.000,9999.000,9999.000,9999.000,9999.000,9999.000
202606070818,   3.253,   3.217,9999.000,9999.000,9999.000,9999.000,9999.000,9999.000,9999.000
202606070824,   3.275,   3.240,9999.000,9999.000,9999.000,9999.000,9999.000,9999.000,9999.000
202606070830,   3.294,   3.240,9999.000,9999.000,9999.000,9999.000,9999.000,9999.000,9999.000
202606070836,   3.307,   3.240,9999.000,9999.000,9999.000,9999.000,9999.000,9999.000,9999.000
202606070842,   3.316,   3.240,9999.000,9999.000,9999.000,9999.000,9999.000,9999.000,9999.000
202606070848,   3.320,   3.250,9999.000,9999.000,9999.000,9999.000,9999.000,9999.000,9999.000
202606070854,   3.320,   3.260,9999.000,9999.000,9999.000,9999.000,9999.000,9999.000,9999.000
202606070900,   3.314,   3.289,   0.500,  -0.525,   3.289,   0.300,   3.089,   0.600,   3.389
202606070906,   3.304,   3.299,9999.000,9999.000,9999.000,9999.000,9999.000,9999.000,9999.000
202606070912,   3.290,   3.309,9999.000,9999.000,9999.000,9999.000,9999.000,9999.000,9999.000
202606070918,   3.271,   3.309,9999.000,9999.000,9999.000,9999.000,9999.000,9999.000,9999.000
202606070924,   3.247,   3.289,9999.000,9999.000,9999.000,9999.000,9999.000,9999.000,9999.000
202606070930,   3.219,   3.270,9999.000,9999.000,9999.000,9999.000,9999.000,9999.000,9999.000
202606070936,   3.187,   3.240,9999.000,9999.000,9999.000,9999.000,9999.000,9999.000,9999.000
202606070942,   3.152,   3.207,9999.000,9999.000,9999.000,9999.000,9999.000,9999.000,9999.000
202606070948,   3.112,   3.178,9999.000,9999.000,9999.000,9999.000,9999.000,9999.000,9999.000
202606070954,   3.069,   3.148,9999.000,9999.000,9999.000,9999.000,9999.000,9999.000,9999.000
202606071000,   3.023,   3.129,   0.500,  -0.394,   3.129,   0.300,   2.929,   0.600,   3.229
202606071006,   2.973,   3.099,9999.000,9999.000,9999.000,9999.000,9999.000,9999.000,9999.000
202606071012,   2.921,   3.070,9999.000,9999.000,9999.000,9999.000,9999.000,9999.000,9999.000
202606071018,   2.866,   3.030,9999.000,9999.000,9999.000,9999.000,9999.000,9999.000,9999.000
202606071024,   2.809,   2.978,9999.000,9999.000,9999.000,9999.000,9999.000,9999.000,9999.000
202606071030,   2.749,   2.919,9999.000,9999.000,9999.000,9999.000,9999.000,9999.000,9999.000
202606071036,   2.688,   2.860,9999.000,9999.000,9999.000,9999.000,9999.000,9999.000,9999.000
202606071042,   2.625,   2.797,9999.000,9999.000,9999.000,9999.000,9999.000,9999.000,9999.000
202606071048,   2.560,   2.738,9999.000,9999.000,9999.000,9999.000,9999.000,9999.000,9999.000
202606071054,   2.494,   2.689,9999.000,9999.000,9999.000,9999.000,9999.000,9999.000,9999.000
202606071100,   2.426,   2.650,   0.400,  -0.176,   2.650,   0.300,   2.550,   0.500,   2.750
202606071106,   2.358,   2.610,9999.000,9999.000,9999.000,9999.000,9999.000,9999.000,9999.000
202606071112,   2.288,   2.578,9999.000,9999.000,9999.000,9999.000,9999.000,9999.000,9999.000
202606071118,   2.218,   2.558,9999.000,9999.000,9999.000,9999.000,9999.000,9999.000,9999.000
202606071124,   2.147,   2.519,9999.000,9999.000,9999.000,9999.000,9999.000,9999.000,9999.000
202606071130,   2.075,   2.489,9999.000,9999.000,9999.000,9999.000,9999.000,9999.000,9999.000
202606071136,   2.002,   2.459,9999.000,9999.000,9999.000,9999.000,9999.000,9999.000,9999.000
202606071142,   1.929,   2.410,9999.000,9999.000,9999.000,9999.000,9999.000,9999.000,9999.000
202606071148,   1.856,   2.348,9999.000,9999.000,9999.000,9999.000,9999.000,9999.000,9999.000
202606071154,   1.783,   2.299,9999.000,9999.000,9999.000,9999.000,9999.000,9999.000,9999.000
202606071200,   1.709,   2.230,   0.500,   0.021,   2.230,   0.300,   2.030,   0.600,   2.330
202606071206,   1.635,   2.168,9999.000,9999.000,9999.000,9999.000,9999.000,9999.000,9999.000
202606071212,   1.561,   2.109,9999.000,9999.000,9999.000,9999.000,9999.000,9999.000,9999.000
202606071218,   1.488,   2.049,9999.000,9999.000,9999.000,9999.000,9999.000,9999.000,9999.000
202606071224,   1.414,   2.010,9999.000,9999.000,9999.000,9999.000,9999.000,9999.000,9999.000
202606071230,   1.341,   1.948,9999.000,9999.000,9999.000,9999.000,9999.000,9999.000,9999.000
202606071236,   1.269,   1.899,9999.000,9999.000,9999.000,9999.000,9999.000,9999.000,9999.000
202606071242,   1.197,   1.849,9999.000,9999.000,9999.000,9999.000,9999.000,9999.000,9999.000
202606071248,   1.125,   1.810,9999.000,9999.000,9999.000,9999.000,9999.000,9999.000,9999.000
202606071254,   1.055,   1.767,9999.000,9999.000,9999.000,9999.000,9999.000,9999.000,9999.000
202606071300,   0.985,   1.728,   0.500,   0.243,   1.728,   0.300,   1.528,   0.500,   1.728
202606071306,   0.917,   1.669,9999.000,9999.000,9999.000,9999.000,9999.000,9999.000,9999.000
202606071312,   0.850,   1.620,9999.000,9999.000,9999.000,9999.000,9999.000,9999.000,9999.000
202606071318,   0.784,   1.571,9999.000,9999.000,9999.000,9999.000,9999.000,9999.000,9999.000
202606071324,   0.719,   1.508,9999.000,9999.000,9999.000,9999.000,9999.000,9999.000,9999.000
202606071330,   0.656,   1.459,9999.000,9999.000,9999.000,9999.000,9999.000,9999.000,9999.000
202606071336,   0.595,   1.400,9999.000,9999.000,9999.000,9999.000,9999.000,9999.000,9999.000
202606071342,   0.535,   1.348,9999.000,9999.000,9999.000,9999.000,9999.000,9999.000,9999.000
202606071348,   0.477,   1.298,9999.000,9999.000,9999.000,9999.000,9999.000,9999.000,9999.000
202606071354,   0.420,   1.259,9999.000,9999.000,9999.000,9999.000,9999.000,9999.000,9999.000
202606071400,   0.366,   1.229,   0.400,   0.463,   1.229,   0.300,   1.129,   0.500,   1.329
202606071406,   0.314,   1.200,9999.000,9999.000,9999.000,9999.000,9999.000,9999.000,9999.000
202606071412,   0.264,   1.161,9999.000,9999.000,9999.000,9999.000,9999.000,9999.000,9999.000
202606071418,   0.216,   1.128,9999.000,9999.000,9999.000,9999.000,9999.000,9999.000,9999.000
202606071424,   0.170,   1.079,9999.000,9999.000,9999.000,9999.000,9999.000,9999.000,9999.000
202606071430,   0.127,   1.020,9999.000,9999.000,9999.000,9999.000,9999.000,9999.000,9999.000
202606071436,   0.086,   0.970,9999.000,9999.000,9999.000,9999.000,9999.000,9999.000,9999.000
202606071442,   0.048,   0.898,9999.000,9999.000,9999.000,9999.000,9999.000,9999.000,9999.000
202606071448,   0.012,   0.849,9999.000,9999.000,9999.000,9999.000,9999.000,9999.000,9999.000
202606071454,  -0.019,   0.810,9999.000,9999.000,9999.000,9999.000,9999.000,9999.000,9999.000
202606071500,  -0.048,   0.770,   0.400,   0.418,   0.770,   0.300,   0.670,   0.500,   0.870
202606071506,  -0.074,   0.760,9999.000,9999.000,9999.000,9999.000,9999.000,9999.000,9999.000
202606071512,  -0.096,   0.751,9999.000,9999.000,9999.000,9999.000,9999.000,9999.000,9999.000
202606071518,  -0.115,   0.708,9999.000,9999.000,9999.000,9999.000,9999.000,9999.000,9999.000
202606071524,  -0.130,   0.698,9999.000,9999.000,9999.000,9999.000,9999.000,9999.000,9999.000
202606071530,  -0.141,   0.688,9999.000,9999.000,9999.000,9999.000,9999.000,9999.000,9999.000
202606071536,  -0.147,   0.659,9999.000,9999.000,9999.000,9999.000,9999.000,9999.000,9999.000
202606071542,  -0.149,   0.629,9999.000,9999.000,9999.000,9999.000,9999.000,9999.000,9999.000
202606071548,  -0.146,   0.619,9999.000,9999.000,9999.000,9999.000,9999.000,9999.000,9999.000
202606071554,  -0.138,   0.639,9999.000,9999.000,9999.000,9999.000,9999.000,9999.000,9999.000
202606071600,  -0.126,   0.629,   0.400,   0.355,   0.629,   0.300,   0.529,   0.500,   0.729
202606071606,  -0.108,   0.649,9999.000,9999.000,9999.000,9999.000,9999.000,9999.000,9999.000
202606071612,  -0.085,   0.649,9999.000,9999.000,9999.000,9999.000,9999.000,9999.000,9999.000
202606071618,  -0.056,   0.678,9999.000,9999.000,9999.000,9999.000,9999.000,9999.000,9999.000
202606071624,  -0.023,   0.718,9999.000,9999.000,9999.000,9999.000,9999.000,9999.000,9999.000
202606071630,   0.015,   0.751,9999.000,9999.000,9999.000,9999.000,9999.000,9999.000,9999.000
202606071636,   0.059,   0.800,9999.000,9999.000,9999.000,9999.000,9999.000,9999.000,9999.000
202606071642,   0.109,   0.839,9999.000,9999.000,9999.000,9999.000,9999.000,9999.000,9999.000
202606071648,   0.163,   0.888,9999.000,9999.000,9999.000,9999.000,9999.000,9999.000,9999.000
202606071654,   0.222,   0.918,9999.000,9999.000,9999.000,9999.000,9999.000,9999.000,9999.000
202606071700,   0.286,   0.970,   0.400,   0.284,   0.970,   0.300,   0.870,   0.500,   1.070
202606071706,   0.355,   1.000,9999.000,9999.000,9999.000,9999.000,9999.000,9999.000,9999.000
202606071712,   0.427,   1.049,9999.000,9999.000,9999.000,9999.000,9999.000,9999.000,9999.000
202606071718,   0.503,   1.098,9999.000,9999.000,9999.000,9999.000,9999.000,9999.000,9999.000
202606071724,   0.583,   1.161,9999.000,9999.000,9999.000,9999.000,9999.000,9999.000,9999.000
202606071730,   0.666,   1.229,9999.000,9999.000,9999.000,9999.000,9999.000,9999.000,9999.000
202606071736,   0.752,   1.298,9999.000,9999.000,9999.000,9999.000,9999.000,9999.000,9999.000
202606071742,   0.840,   1.371,9999.000,9999.000,9999.000,9999.000,9999.000,9999.000,9999.000
202606071748,   0.930,   1.430,9999.000,9999.000,9999.000,9999.000,9999.000,9999.000,9999.000
202606071754,   1.022,   1.489,9999.000,9999.000,9999.000,9999.000,9999.000,9999.000,9999.000
202606071800,   1.115,   1.557,   0.400,   0.042,   1.557,   0.300,   1.457,   0.500,   1.657
202606071806,   1.209,   1.610,9999.000,9999.000,9999.000,9999.000,9999.000,9999.000,9999.000
202606071812,   1.303,   1.659,9999.000,9999.000,9999.000,9999.000,9999.000,9999.000,9999.000
202606071818,   1.398,   1.708,9999.000,9999.000,9999.000,9999.000,9999.000,9999.000,9999.000
202606071824,   1.493,   1.758,9999.000,9999.000,9999.000,9999.000,9999.000,9999.000,9999.000
202606071830,   1.588,   1.820,9999.000,9999.000,9999.000,9999.000,9999.000,9999.000,9999.000
202606071836,   1.682,   1.879,9999.000,9999.000,9999.000,9999.000,9999.000,9999.000,9999.000
202606071842,   1.775,   1.958,9999.000,9999.000,9999.000,9999.000,9999.000,9999.000,9999.000
202606071848,   1.867,   2.040,9999.000,9999.000,9999.000,9999.000,9999.000,9999.000,9999.000
202606071854,   1.958,   2.099,9999.000,9999.000,9999.000,9999.000,9999.000,9999.000,9999.000
202606071900,   2.048,   2.148,   0.400,  -0.300,   2.148,   0.300,   2.048,   0.400,   2.148
202606071906,   2.136,   2.191,9999.000,9999.000,9999.000,9999.000,9999.000,9999.000,9999.000
202606071912,   2.222,   2.230,9999.000,9999.000,9999.000,9999.000,9999.000,9999.000,9999.000
202606071918,   2.307,   2.269,9999.000,9999.000,9999.000,9999.000,9999.000,9999.000,9999.000
202606071924,   2.389,   2.328,9999.000,9999.000,9999.000,9999.000,9999.000,9999.000,9999.000
202606071930,   2.469,   2.377,9999.000,9999.000,9999.000,9999.000,9999.000,9999.000,9999.000
202606071936,   2.547,   2.430,9999.000,9999.000,9999.000,9999.000,9999.000,9999.000,9999.000
202606071942,   2.623,   2.499,9999.000,9999.000,9999.000,9999.000,9999.000,9999.000,9999.000
202606071948,   2.695,   2.558,9999.000,9999.000,9999.000,9999.000,9999.000,9999.000,9999.000
202606071954,   2.765,   2.610,9999.000,9999.000,9999.000,9999.000,9999.000,9999.000,9999.000
202606072000,   2.832,   2.689,   0.400,  -0.543,   2.689,   0.300,   2.589,   0.400,   2.689
202606072006,   2.896,   2.748,9999.000,9999.000,9999.000,9999.000,9999.000,9999.000,9999.000
202606072012,   2.957,   2.797,9999.000,9999.000,9999.000,9999.000,9999.000,9999.000,9999.000
202606072018,   3.014,   2.840,9999.000,9999.000,9999.000,9999.000,9999.000,9999.000,9999.000
202606072024,   3.067,   2.889,9999.000,9999.000,9999.000,9999.000,9999.000,9999.000,9999.000
202606072030,   3.117,   2.929,9999.000,9999.000,9999.000,9999.000,9999.000,9999.000,9999.000
202606072036,   3.163,   2.978,9999.000,9999.000,9999.000,9999.000,9999.000,9999.000,9999.000
202606072042,   3.204,   3.017,9999.000,9999.000,9999.000,9999.000,9999.000,9999.000,9999.000
202606072048,   3.242,   3.070,9999.000,9999.000,9999.000,9999.000,9999.000,9999.000,9999.000
202606072054,   3.275,   3.089,9999.000,9999.000,9999.000,9999.000,9999.000,9999.000,9999.000
202606072100,   3.303,   3.148,   0.400,  -0.555,   3.148,   0.300,   3.048,   0.400,   3.148
202606072106,   3.327,   3.230,9999.000,9999.000,9999.000,9999.000,9999.000,9999.000,9999.000
202606072112,   3.346,   3.289,9999.000,9999.000,9999.000,9999.000,9999.000,9999.000,9999.000
202606072118,   3.360,   3.368,9999.000,9999.000,9999.000,9999.000,9999.000,9999.000,9999.000
202606072124,   3.370,   3.427,9999.000,9999.000,9999.000,9999.000,9999.000,9999.000,9999.000
202606072130,   3.375,   3.398,9999.000,9999.000,9999.000,9999.000,9999.000,9999.000,9999.000
202606072136,   3.375,   3.398,9999.000,9999.000,9999.000,9999.000,9999.000,9999.000,9999.000
202606072142,   3.370,   3.378,9999.000,9999.000,9999.000,9999.000,9999.000,9999.000,9999.000
202606072148,   3.361,   3.407,9999.000,9999.000,9999.000,9999.000,9999.000,9999.000,9999.000
202606072154,   3.348,   3.398,9999.000,9999.000,9999.000,9999.000,9999.000,9999.000,9999.000
202606072200,   3.330,   3.440,   0.400,  -0.290,   3.440,   0.300,   3.340,   0.400,   3.440
202606072206,   3.308,   3.460,9999.000,9999.000,9999.000,9999.000,9999.000,9999.000,9999.000
202606072212,   3.281,   3.417,9999.000,9999.000,9999.000,9999.000,9999.000,9999.000,9999.000
202606072218,   3.251,   3.417,9999.000,9999.000,9999.000,9999.000,9999.000,9999.000,9999.000
202606072224,   3.218,   3.398,9999.000,9999.000,9999.000,9999.000,9999.000,9999.000,9999.000
202606072230,   3.181,   3.388,9999.000,9999.000,9999.000,9999.000,9999.000,9999.000,9999.000
202606072236,   3.141,   3.388,9999.000,9999.000,9999.000,9999.000,9999.000,9999.000,9999.000
202606072242,   3.097,   3.398,9999.000,9999.000,9999.000,9999.000,9999.000,9999.000,9999.000
202606072248,   3.051,   3.378,9999.000,9999.000,9999.000,9999.000,9999.000,9999.000,9999.000
202606072254,   3.003,   3.368,9999.000,9999.000,9999.000,9999.000,9999.000,9999.000,9999.000
202606072300,   2.952,   3.339,   0.400,  -0.013,   3.339,   0.300,   3.239,   0.400,   3.339
202606072306,   2.899,   3.329,9999.000,9999.000,9999.000,9999.000,9999.000,9999.000,9999.000
202606072312,   2.843,   3.299,9999.000,9999.000,9999.000,9999.000,9999.000,9999.000,9999.000
202606072318,   2.786,   3.289,9999.000,9999.000,9999.000,9999.000,9999.000,9999.000,9999.000
202606072324,   2.727,   3.240,9999.000,9999.000,9999.000,9999.000,9999.000,9999.000,9999.000
202606072330,   2.667,   3.188,9999.000,9999.000,9999.000,9999.000,9999.000,9999.000,9999.000
202606072336,   2.605,   3.148,9999.000,9999.000,9999.000,9999.000,9999.000,9999.000,9999.000
202606072342,   2.541,   3.099,9999.000,9999.000,9999.000,9999.000,9999.000,9999.000,9999.000
202606072348,   2.477,   3.060,9999.000,9999.000,9999.000,9999.000,9999.000,9999.000,9999.000
202606072354,   2.411,   3.007,9999.000,9999.000,9999.000,9999.000,9999.000,9999.000,9999.000
202606080000,   2.344,   2.978,   0.400,   0.234,   2.978,   0.300,   2.878,   0.400,   2.978
202606080006,   2.276,   2.919,9999.000,9999.000,9999.000,9999.000,9999.000,9999.000,9999.000
202606080012,   2.208,   2.850,9999.000,9999.000,9999.000,9999.000,9999.000,9999.000,9999.000
202606080018,   2.138,   2.797,9999.000,9999.000,9999.000,9999.000,9999.000,9999.000,9999.000
202606080024,   2.068,   2.728,9999.000,9999.000,9999.000,9999.000,9999.000,9999.000,9999.000
202606080030,   1.997,   2.669,9999.000,9999.000,9999.000,9999.000,9999.000,9999.000,9999.000
202606080036,   1.926,   2.610,9999.000,9999.000,9999.000,9999.000,9999.000,9999.000,9999.000
202606080042,   1.855,   2.548,9999.000,9999.000,9999.000,9999.000,9999.000,9999.000,9999.000
202606080048,   1.783,   2.479,9999.000,9999.000,9999.000,9999.000,9999.000,9999.000,9999.000
202606080054,   1.711,   2.420,9999.000,9999.000,9999.000,9999.000,9999.000,9999.000,9999.000
202606080100,   1.639,   2.358,   0.400,   0.319,   2.358,   0.400,   2.358,   0.500,   2.458
202606080106,   1.568,   2.299,9999.000,9999.000,9999.000,9999.000,9999.000,9999.000,9999.000
202606080112,   1.496,   2.240,9999.000,9999.000,9999.000,9999.000,9999.000,9999.000,9999.000
202606080118,   1.425,   2.191,9999.000,9999.000,9999.000,9999.000,9999.000,9999.000,9999.000
202606080124,   1.354,   2.128,9999.000,9999.000,9999.000,9999.000,9999.000,9999.000,9999.000
202606080130,   1.285,   2.069,9999.000,9999.000,9999.000,9999.000,9999.000,9999.000,9999.000
202606080136,   1.215,   2.040,9999.000,9999.000,9999.000,9999.000,9999.000,9999.000,9999.000
202606080142,   1.147,   1.990,9999.000,9999.000,9999.000,9999.000,9999.000,9999.000,9999.000
202606080148,   1.080,   1.958,9999.000,9999.000,9999.000,9999.000,9999.000,9999.000,9999.000
202606080154,   1.014,   1.918,9999.000,9999.000,9999.000,9999.000,9999.000,9999.000,9999.000
202606080200,   0.949,   1.879,   0.400,   0.530,   1.879,   0.400,   1.879,   0.500,   1.979
202606080206,   0.885,   1.840,9999.000,9999.000,9999.000,9999.000,9999.000,9999.000,9999.000
202606080212,   0.823,   1.790,9999.000,9999.000,9999.000,9999.000,9999.000,9999.000,9999.000
202606080218,   0.762,   1.738,9999.000,9999.000,9999.000,9999.000,9999.000,9999.000,9999.000
202606080224,   0.703,   1.699,9999.000,9999.000,9999.000,9999.000,9999.000,9999.000,9999.000
202606080230,   0.645,   1.649,9999.000,9999.000,9999.000,9999.000,9999.000,9999.000,9999.000
202606080236,   0.590,   1.610,9999.000,9999.000,9999.000,9999.000,9999.000,9999.000,9999.000
202606080242,   0.536,   1.580,9999.000,9999.000,9999.000,9999.000,9999.000,9999.000,9999.000
202606080248,   0.484,   1.548,9999.000,9999.000,9999.000,9999.000,9999.000,9999.000,9999.000
202606080254,   0.435,   1.528,9999.000,9999.000,9999.000,9999.000,9999.000,9999.000,9999.000
202606080300,   0.387,   1.498,   0.400,   0.711,   1.498,   0.400,   1.498,   0.500,   1.598
202606080306,   0.342,   1.469,9999.000,9999.000,9999.000,9999.000,9999.000,9999.000,9999.000
202606080312,   0.300,   1.439,9999.000,9999.000,9999.000,9999.000,9999.000,9999.000,9999.000
202606080318,   0.260,   1.400,9999.000,9999.000,9999.000,9999.000,9999.000,9999.000,9999.000
202606080324,   0.224,   1.361,9999.000,9999.000,9999.000,9999.000,9999.000,9999.000,9999.000
202606080330,   0.190,   1.328,9999.000,9999.000,9999.000,9999.000,9999.000,9999.000,9999.000
202606080336,   0.160,   1.308,9999.000,9999.000,9999.000,9999.000,9999.000,9999.000,9999.000
202606080342,   0.133,   1.289,9999.000,9999.000,9999.000,9999.000,9999.000,9999.000,9999.000
202606080348,   0.110,   1.279,9999.000,9999.000,9999.000,9999.000,9999.000,9999.000,9999.000
202606080354,   0.091,   1.269,9999.000,9999.000,9999.000,9999.000,9999.000,9999.000,9999.000
202606080400,   0.076,   1.279,   0.500,   0.703,   1.279,   0.400,   1.179,   0.500,   1.279
202606080406,   0.065,   1.279,9999.000,9999.000,9999.000,9999.000,9999.000,9999.000,9999.000
202606080412,   0.059,   1.308,9999.000,9999.000,9999.000,9999.000,9999.000,9999.000,9999.000
202606080418,   0.058,   1.410,9999.000,9999.000,9999.000,9999.000,9999.000,9999.000,9999.000
202606080424,   0.062,   1.528,9999.000,9999.000,9999.000,9999.000,9999.000,9999.000,9999.000
202606080430,   0.070,   1.630,9999.000,9999.000,9999.000,9999.000,9999.000,9999.000,9999.000
202606080436,   0.084,   1.718,9999.000,9999.000,9999.000,9999.000,9999.000,9999.000,9999.000
202606080442,   0.103,   1.767,9999.000,9999.000,9999.000,9999.000,9999.000,9999.000,9999.000
202606080448,   0.128,   1.767,9999.000,9999.000,9999.000,9999.000,9999.000,9999.000,9999.000
202606080454,   0.157,   1.728,9999.000,9999.000,9999.000,9999.000,9999.000,9999.000,9999.000
202606080500,   0.192,   1.708,   0.500,   1.016,   1.708,   0.500,   1.708,   0.500,   1.708
202606080506,   0.232,   1.699,9999.000,9999.000,9999.000,9999.000,9999.000,9999.000,9999.000
202606080512,   0.277,   1.758,9999.000,9999.000,9999.000,9999.000,9999.000,9999.000,9999.000
202606080518,   0.328,   1.820,9999.000,9999.000,9999.000,9999.000,9999.000,9999.000,9999.000
202606080524,   0.383,   1.849,9999.000,9999.000,9999.000,9999.000,9999.000,9999.000,9999.000
202606080530,   0.442,   1.879,9999.000,9999.000,9999.000,9999.000,9999.000,9999.000,9999.000
202606080536,   0.506,   1.889,9999.000,9999.000,9999.000,9999.000,9999.000,9999.000,9999.000
202606080542,   0.573,   1.859,9999.000,9999.000,9999.000,9999.000,9999.000,9999.000,9999.000
202606080548,   0.645,   1.830,9999.000,9999.000,9999.000,9999.000,9999.000,9999.000,9999.000
202606080554,   0.719,   1.849,9999.000,9999.000,9999.000,9999.000,9999.000,9999.000,9999.000
202606080600,   0.797,   1.879,   0.500,   0.582,   1.879,   0.500,   1.879,   0.500,   1.879
202606080606,   0.877,   1.967,9999.000,9999.000,9999.000,9999.000,9999.000,9999.000,9999.000
202606080612,   0.959,   2.079,9999.000,9999.000,9999.000,9999.000,9999.000,9999.000,9999.000
202606080618,   1.043,   2.200,9999.000,9999.000,9999.000,9999.000,9999.000,9999.000,9999.000
202606080624,   1.129,   2.279,9999.000,9999.000,9999.000,9999.000,9999.000,9999.000,9999.000
202606080630,   1.216,   2.338,9999.000,9999.000,9999.000,9999.000,9999.000,9999.000,9999.000
202606080636,   1.304,   2.368,9999.000,9999.000,9999.000,9999.000,9999.000,9999.000,9999.000
202606080642,   1.392,   2.377,9999.000,9999.000,9999.000,9999.000,9999.000,9999.000,9999.000
202606080648,   1.480,   2.368,9999.000,9999.000,9999.000,9999.000,9999.000,9999.000,9999.000
202606080654,   1.569,   2.400,9999.000,9999.000,9999.000,9999.000,9999.000,9999.000,9999.000
202606080700,   1.657,   2.440,   0.600,   0.183,   2.440,   0.500,   2.340,   0.600,   2.440
202606080706,   1.744,   2.489,9999.000,9999.000,9999.000,9999.000,9999.000,9999.000,9999.000
202606080712,   1.830,   2.558,9999.000,9999.000,9999.000,9999.000,9999.000,9999.000,9999.000
202606080718,   1.916,   2.640,9999.000,9999.000,9999.000,9999.000,9999.000,9999.000,9999.000
202606080724,   2.000,   2.709,9999.000,9999.000,9999.000,9999.000,9999.000,9999.000,9999.000
202606080730,   2.083,   2.758,9999.000,9999.000,9999.000,9999.000,9999.000,9999.000,9999.000
202606080736,   2.164,   2.807,9999.000,9999.000,9999.000,9999.000,9999.000,9999.000,9999.000
202606080742,   2.243,   2.850,9999.000,9999.000,9999.000,9999.000,9999.000,9999.000,9999.000
202606080748,   2.321,   2.869,9999.000,9999.000,9999.000,9999.000,9999.000,9999.000,9999.000
202606080754,   2.397,   2.899,9999.000,9999.000,9999.000,9999.000,9999.000,9999.000,9999.000
202606080800,   2.470,   2.919,   0.600,  -0.151,   2.919,   0.500,   2.819,   0.600,   2.919
202606080806,   2.541,   2.938,9999.000,9999.000,9999.000,9999.000,9999.000,9999.000,9999.000
202606080812,   2.609,   2.948,9999.000,9999.000,9999.000,9999.000,9999.000,9999.000,9999.000
202606080818,   2.675,   2.968,9999.000,9999.000,9999.000,9999.000,9999.000,9999.000,9999.000
202606080824,   2.738,   2.978,9999.000,9999.000,9999.000,9999.000,9999.000,9999.000,9999.000
202606080830,   2.798,   2.988,9999.000,9999.000,9999.000,9999.000,9999.000,9999.000,9999.000
202606080836,   2.855,   2.988,9999.000,9999.000,9999.000,9999.000,9999.000,9999.000,9999.000
202606080842,   2.909,   3.017,9999.000,9999.000,9999.000,9999.000,9999.000,9999.000,9999.000
202606080848,   2.959,   3.070,9999.000,9999.000,9999.000,9999.000,9999.000,9999.000,9999.000
202606080854,   3.005,   3.119,9999.000,9999.000,9999.000,9999.000,9999.000,9999.000,9999.000
202606080900,   3.047,   3.197,   0.600,  -0.450,   3.197,   0.500,   3.097,   0.600,   3.197
202606080906,   3.085,   3.270,9999.000,9999.000,9999.000,9999.000,9999.000,9999.000,9999.000
202606080912,   3.119,   3.319,9999.000,9999.000,9999.000,9999.000,9999.000,9999.000,9999.000
202606080918,   3.149,   3.348,9999.000,9999.000,9999.000,9999.000,9999.000,9999.000,9999.000
202606080924,   3.174,   3.348,9999.000,9999.000,9999.000,9999.000,9999.000,9999.000,9999.000
202606080930,   3.195,   3.348,9999.000,9999.000,9999.000,9999.000,9999.000,9999.000,9999.000
202606080936,   3.210,   3.319,9999.000,9999.000,9999.000,9999.000,9999.000,9999.000,9999.000
202606080942,   3.222,   3.299,9999.000,9999.000,9999.000,9999.000,9999.000,9999.000,9999.000
202606080948,   3.228,   3.289,9999.000,9999.000,9999.000,9999.000,9999.000,9999.000,9999.000
202606080954,   3.229,   3.299,9999.000,9999.000,9999.000,9999.000,9999.000,9999.000,9999.000
202606081000,   3.226,   3.309,   0.600,  -0.517,   3.309,   0.600,   3.309,   0.700,   3.409
202606081006,   3.218,   3.329,9999.000,9999.000,9999.000,9999.000,9999.000,9999.000,9999.000
202606081012,   3.205,   3.348,9999.000,9999.000,9999.000,9999.000,9999.000,9999.000,9999.000
202606081018,   3.188,   3.358,9999.000,9999.000,9999.000,9999.000,9999.000,9999.000,9999.000
202606081024,   3.167,   3.368,9999.000,9999.000,9999.000,9999.000,9999.000,9999.000,9999.000
202606081030,   3.141,   3.388,9999.000,9999.000,9999.000,9999.000,9999.000,9999.000,9999.000
202606081036,   3.111,   3.388,9999.000,9999.000,9999.000,9999.000,9999.000,9999.000,9999.000
202606081042,   3.077,   3.388,9999.000,9999.000,9999.000,9999.000,9999.000,9999.000,9999.000
202606081048,   3.040,   3.368,9999.000,9999.000,9999.000,9999.000,9999.000,9999.000,9999.000
202606081054,   2.999,   3.348,9999.000,9999.000,9999.000,9999.000,9999.000,9999.000,9999.000
202606081100,   2.955,   3.309,   0.600,  -0.246,   3.309,   0.600,   3.309,   0.700,   3.409
202606081106,   2.908,   3.270,9999.000,9999.000,9999.000,9999.000,9999.000,9999.000,9999.000
202606081112,   2.858,   3.240,9999.000,9999.000,9999.000,9999.000,9999.000,9999.000,9999.000
202606081118,   2.805,   3.207,9999.000,9999.000,9999.000,9999.000,9999.000,9999.000,9999.000
202606081124,   2.750,   3.178,9999.000,9999.000,9999.000,9999.000,9999.000,9999.000,9999.000
202606081130,   2.692,   3.148,9999.000,9999.000,9999.000,9999.000,9999.000,9999.000,9999.000
202606081136,   2.633,   3.129,9999.000,9999.000,9999.000,9999.000,9999.000,9999.000,9999.000
202606081142,   2.572,   3.099,9999.000,9999.000,9999.000,9999.000,9999.000,9999.000,9999.000
202606081148,   2.509,   3.070,9999.000,9999.000,9999.000,9999.000,9999.000,9999.000,9999.000
202606081154,   2.444,   3.060,9999.000,9999.000,9999.000,9999.000,9999.000,9999.000,9999.000
202606081200,   2.378,   3.050,   0.600,   0.072,   3.050,   0.400,   2.850,   0.700,   3.150
202606081206,   2.311,   3.030,9999.000,9999.000,9999.000,9999.000,9999.000,9999.000,9999.000
202606081212,   2.242,   3.007,9999.000,9999.000,9999.000,9999.000,9999.000,9999.000,9999.000
202606081218,   2.173,   2.958,9999.000,9999.000,9999.000,9999.000,9999.000,9999.000,9999.000
202606081224,   2.102,   2.919,9999.000,9999.000,9999.000,9999.000,9999.000,9999.000,9999.000
202606081230,   2.031,   2.860,9999.000,9999.000,9999.000,9999.000,9999.000,9999.000,9999.000
202606081236,   1.959,   2.787,9999.000,9999.000,9999.000,9999.000,9999.000,9999.000,9999.000
202606081242,   1.886,   2.728,9999.000,9999.000,9999.000,9999.000,9999.000,9999.000,9999.000
202606081248,   1.813,   2.640,9999.000,9999.000,9999.000,9999.000,9999.000,9999.000,9999.000
202606081254,   1.739,   2.558,9999.000,9999.000,9999.000,9999.000,9999.000,9999.000,9999.000
202606081300,   1.665,   2.469,   0.600,   0.204,   2.469,   0.400,   2.269,   0.700,   2.569
202606081306,   1.591,   2.400,9999.000,9999.000,9999.000,9999.000,9999.000,9999.000,9999.000
202606081312,   1.517,   2.348,9999.000,9999.000,9999.000,9999.000,9999.000,9999.000,9999.000
202606081318,   1.443,   2.318,9999.000,9999.000,9999.000,9999.000,9999.000,9999.000,9999.000
202606081324,   1.369,   2.299,9999.000,9999.000,9999.000,9999.000,9999.000,9999.000,9999.000
202606081330,   1.295,   2.299,9999.000,9999.000,9999.000,9999.000,9999.000,9999.000,9999.000
202606081336,   1.222,   2.259,9999.000,9999.000,9999.000,9999.000,9999.000,9999.000,9999.000
202606081342,   1.150,   2.220,9999.000,9999.000,9999.000,9999.000,9999.000,9999.000,9999.000
202606081348,   1.078,   2.158,9999.000,9999.000,9999.000,9999.000,9999.000,9999.000,9999.000
202606081354,   1.007,   2.099,9999.000,9999.000,9999.000,9999.000,9999.000,9999.000,9999.000
202606081400,   0.937,   2.040,   0.600,   0.503,   2.040,   0.400,   1.840,   0.700,   2.140
202606081406,   0.868,   1.981,9999.000,9999.000,9999.000,9999.000,9999.000,9999.000,9999.000
202606081412,   0.801,   1.918,9999.000,9999.000,9999.000,9999.000,9999.000,9999.000,9999.000
202606081418,   0.735,   1.859,9999.000,9999.000,9999.000,9999.000,9999.000,9999.000,9999.000
202606081424,   0.670,   1.800,9999.000,9999.000,9999.000,9999.000,9999.000,9999.000,9999.000
202606081430,   0.607,   1.728,9999.000,9999.000,9999.000,9999.000,9999.000,9999.000,9999.000
202606081436,   0.545,   1.679,9999.000,9999.000,9999.000,9999.000,9999.000,9999.000,9999.000
202606081442,   0.485,   1.620,9999.000,9999.000,9999.000,9999.000,9999.000,9999.000,9999.000
202606081448,   0.427,   1.571,9999.000,9999.000,9999.000,9999.000,9999.000,9999.000,9999.000
202606081454,   0.371,   1.528,9999.000,9999.000,9999.000,9999.000,9999.000,9999.000,9999.000
202606081500,   0.317,   1.489,   0.600,   0.572,   1.489,   0.500,   1.389,   0.700,   1.589
202606081506,   0.265,   1.459,9999.000,9999.000,9999.000,9999.000,9999.000,9999.000,9999.000
202606081512,   0.216,   1.400,9999.000,9999.000,9999.000,9999.000,9999.000,9999.000,9999.000
202606081518,   0.169,   1.371,9999.000,9999.000,9999.000,9999.000,9999.000,9999.000,9999.000
202606081524,   0.124,   1.338,9999.000,9999.000,9999.000,9999.000,9999.000,9999.000,9999.000
202606081530,   0.081,   1.289,9999.000,9999.000,9999.000,9999.000,9999.000,9999.000,9999.000
202606081536,   0.042,   1.239,9999.000,9999.000,9999.000,9999.000,9999.000,9999.000,9999.000
202606081542,   0.005,   1.200,9999.000,9999.000,9999.000,9999.000,9999.000,9999.000,9999.000
202606081548,  -0.027,   1.170,9999.000,9999.000,9999.000,9999.000,9999.000,9999.000,9999.000
202606081554,  -0.057,   1.128,9999.000,9999.000,9999.000,9999.000,9999.000,9999.000,9999.000
202606081600,  -0.084,   1.098,   0.600,   0.582,   1.098,   0.500,   0.998,   0.700,   1.198
202606081606,  -0.107,   1.088,9999.000,9999.000,9999.000,9999.000,9999.000,9999.000,9999.000
202606081612,  -0.126,   1.088,9999.000,9999.000,9999.000,9999.000,9999.000,9999.000,9999.000
202606081618,  -0.142,   1.069,9999.000,9999.000,9999.000,9999.000,9999.000,9999.000,9999.000
202606081624,  -0.152,   1.069,9999.000,9999.000,9999.000,9999.000,9999.000,9999.000,9999.000
202606081630,  -0.159,   1.049,9999.000,9999.000,9999.000,9999.000,9999.000,9999.000,9999.000
202606081636,  -0.160,   1.029,9999.000,9999.000,9999.000,9999.000,9999.000,9999.000,9999.000
202606081642,  -0.157,   1.010,9999.000,9999.000,9999.000,9999.000,9999.000,9999.000,9999.000
202606081648,  -0.149,   0.990,9999.000,9999.000,9999.000,9999.000,9999.000,9999.000,9999.000
202606081654,  -0.135,   0.970,9999.000,9999.000,9999.000,9999.000,9999.000,9999.000,9999.000
202606081700,  -0.117,   0.970,   0.600,   0.487,   0.970,   0.500,   0.870,   0.700,   1.070
202606081706,  -0.092,   0.970,9999.000,9999.000,9999.000,9999.000,9999.000,9999.000,9999.000
202606081712,  -0.063,   0.970,9999.000,9999.000,9999.000,9999.000,9999.000,9999.000,9999.000
202606081718,  -0.028,   0.990,9999.000,9999.000,9999.000,9999.000,9999.000,9999.000,9999.000
202606081724,   0.012,   1.020,9999.000,9999.000,9999.000,9999.000,9999.000,9999.000,9999.000
202606081730,   0.058,   1.059,9999.000,9999.000,9999.000,9999.000,9999.000,9999.000,9999.000
202606081736,   0.109,   1.098,9999.000,9999.000,9999.000,9999.000,9999.000,9999.000,9999.000
202606081742,   0.165,   1.161,9999.000,9999.000,9999.000,9999.000,9999.000,9999.000,9999.000
202606081748,   0.227,   1.220,9999.000,9999.000,9999.000,9999.000,9999.000,9999.000,9999.000
202606081754,   0.293,   1.289,9999.000,9999.000,9999.000,9999.000,9999.000,9999.000,9999.000
202606081800,   0.363,   1.371,   0.500,   0.508,   1.371,   0.500,   1.371,   0.600,   1.471
202606081806,   0.438,   1.449,9999.000,9999.000,9999.000,9999.000,9999.000,9999.000,9999.000
202606081812,   0.517,   1.518,9999.000,9999.000,9999.000,9999.000,9999.000,9999.000,9999.000
202606081818,   0.599,   1.580,9999.000,9999.000,9999.000,9999.000,9999.000,9999.000,9999.000
202606081824,   0.684,   1.630,9999.000,9999.000,9999.000,9999.000,9999.000,9999.000,9999.000
202606081830,   0.773,   1.669,9999.000,9999.000,9999.000,9999.000,9999.000,9999.000,9999.000
202606081836,   0.863,   1.699,9999.000,9999.000,9999.000,9999.000,9999.000,9999.000,9999.000
202606081842,   0.956,   1.728,9999.000,9999.000,9999.000,9999.000,9999.000,9999.000,9999.000
202606081848,   1.051,   1.781,9999.000,9999.000,9999.000,9999.000,9999.000,9999.000,9999.000
202606081854,   1.147,   1.830,9999.000,9999.000,9999.000,9999.000,9999.000,9999.000,9999.000
202606081900,   1.244,   1.899,   0.500,   0.155,   1.899,   0.500,   1.899,   0.600,   1.999
202606081906,   1.342,   1.967,9999.000,9999.000,9999.000,9999.000,9999.000,9999.000,9999.000
202606081912,   1.440,   2.049,9999.000,9999.000,9999.000,9999.000,9999.000,9999.000,9999.000
202606081918,   1.538,   2.118,9999.000,9999.000,9999.000,9999.000,9999.000,9999.000,9999.000
202606081924,   1.637,   2.191,9999.000,9999.000,9999.000,9999.000,9999.000,9999.000,9999.000
202606081930,   1.734,   2.259,9999.000,9999.000,9999.000,9999.000,9999.000,9999.000,9999.000
202606081936,   1.832,   2.318,9999.000,9999.000,9999.000,9999.000,9999.000,9999.000,9999.000
202606081942,   1.928,   2.400,9999.000,9999.000,9999.000,9999.000,9999.000,9999.000,9999.000
202606081948,   2.023,   2.459,9999.000,9999.000,9999.000,9999.000,9999.000,9999.000,9999.000
202606081954,   2.117,   2.528,9999.000,9999.000,9999.000,9999.000,9999.000,9999.000,9999.000
202606082000,   2.210,   2.597,   0.500,  -0.113,   2.597,   0.500,   2.597,   0.600,   2.697
202606082006,   2.301,   2.660,9999.000,9999.000,9999.000,9999.000,9999.000,9999.000,9999.000
202606082012,   2.390,   2.719,9999.000,9999.000,9999.000,9999.000,9999.000,9999.000,9999.000
202606082018,   2.477,   2.778,9999.000,9999.000,9999.000,9999.000,9999.000,9999.000,9999.000
202606082024,   2.562,   2.820,9999.000,9999.000,9999.000,9999.000,9999.000,9999.000,9999.000
202606082030,   2.645,   2.869,9999.000,9999.000,9999.000,9999.000,9999.000,9999.000,9999.000
202606082036,   2.726,   2.909,9999.000,9999.000,9999.000,9999.000,9999.000,9999.000,9999.000
202606082042,   2.804,   2.958,9999.000,9999.000,9999.000,9999.000,9999.000,9999.000,9999.000
202606082048,   2.879,   3.007,9999.000,9999.000,9999.000,9999.000,9999.000,9999.000,9999.000
202606082054,   2.951,   3.060,9999.000,9999.000,9999.000,9999.000,9999.000,9999.000,9999.000
202606082100,   3.020,   3.099,   0.500,  -0.421,   3.099,   0.500,   3.099,   0.600,   3.199
202606082106,   3.086,   3.148,9999.000,9999.000,9999.000,9999.000,9999.000,9999.000,9999.000
202606082112,   3.148,   3.178,9999.000,9999.000,9999.000,9999.000,9999.000,9999.000,9999.000
202606082118,   3.206,   3.207,9999.000,9999.000,9999.000,9999.000,9999.000,9999.000,9999.000
202606082124,   3.260,   3.230,9999.000,9999.000,9999.000,9999.000,9999.000,9999.000,9999.000
202606082130,   3.311,   3.270,9999.000,9999.000,9999.000,9999.000,9999.000,9999.000,9999.000
202606082136,   3.356,   3.289,9999.000,9999.000,9999.000,9999.000,9999.000,9999.000,9999.000
202606082142,   3.398,   3.319,9999.000,9999.000,9999.000,9999.000,9999.000,9999.000,9999.000
202606082148,   3.435,   3.358,9999.000,9999.000,9999.000,9999.000,9999.000,9999.000,9999.000
202606082154,   3.467,   3.378,9999.000,9999.000,9999.000,9999.000,9999.000,9999.000,9999.000
202606082200,   3.494,   3.398,   0.500,  -0.596,   3.398,   0.500,   3.398,   0.600,   3.498
202606082206,   3.516,   3.407,9999.000,9999.000,9999.000,9999.000,9999.000,9999.000,9999.000
202606082212,   3.533,   3.417,9999.000,9999.000,9999.000,9999.000,9999.000,9999.000,9999.000
202606082218,   3.545,   3.427,9999.000,9999.000,9999.000,9999.000,9999.000,9999.000,9999.000
202606082224,   3.552,   3.440,9999.000,9999.000,9999.000,9999.000,9999.000,9999.000,9999.000
202606082230,   3.554,   3.460,9999.000,9999.000,9999.000,9999.000,9999.000,9999.000,9999.000
202606082236,   3.552,   3.470,9999.000,9999.000,9999.000,9999.000,9999.000,9999.000,9999.000
202606082242,   3.544,   3.470,9999.000,9999.000,9999.000,9999.000,9999.000,9999.000,9999.000
202606082248,   3.532,   3.480,9999.000,9999.000,9999.000,9999.000,9999.000,9999.000,9999.000
202606082254,   3.515,   3.480,9999.000,9999.000,9999.000,9999.000,9999.000,9999.000,9999.000
202606082300,   3.493,   3.470,   0.500,  -0.523,   3.470,   0.500,   3.470,   0.600,   3.570
202606082306,   3.467,   3.470,9999.000,9999.000,9999.000,9999.000,9999.000,9999.000,9999.000
202606082312,   3.438,   3.450,9999.000,9999.000,9999.000,9999.000,9999.000,9999.000,9999.000
202606082318,   3.404,   3.440,9999.000,9999.000,9999.000,9999.000,9999.000,9999.000,9999.000
202606082324,   3.367,   3.417,9999.000,9999.000,9999.000,9999.000,9999.000,9999.000,9999.000
202606082330,   3.326,   3.417,9999.000,9999.000,9999.000,9999.000,9999.000,9999.000,9999.000
202606082336,   3.282,   3.398,9999.000,9999.000,9999.000,9999.000,9999.000,9999.000,9999.000
202606082342,   3.234,   3.388,9999.000,9999.000,9999.000,9999.000,9999.000,9999.000,9999.000
202606082348,   3.184,   3.368,9999.000,9999.000,9999.000,9999.000,9999.000,9999.000,9999.000
202606082354,   3.132,   3.348,9999.000,9999.000,9999.000,9999.000,9999.000,9999.000,9999.000
202606090000,   3.077,   3.319,   0.400,  -0.158,   3.319,   0.400,   3.319,   0.500,   3.419
202606090006,   3.019,   3.289,9999.000,9999.000,9999.000,9999.000,9999.000,9999.000,9999.000
202606090012,   2.959,   3.240,9999.000,9999.000,9999.000,9999.000,9999.000,9999.000,9999.000
202606090018,   2.898,   3.197,9999.000,9999.000,9999.000,9999.000,9999.000,9999.000,9999.000
202606090024,   2.834,   3.148,9999.000,9999.000,9999.000,9999.000,9999.000,9999.000,9999.000
202606090030,   2.769,   3.099,9999.000,9999.000,9999.000,9999.000,9999.000,9999.000,9999.000
202606090036,   2.702,   3.040,9999.000,9999.000,9999.000,9999.000,9999.000,9999.000,9999.000
202606090042,   2.634,   2.978,9999.000,9999.000,9999.000,9999.000,9999.000,9999.000,9999.000
202606090048,   2.564,   2.909,9999.000,9999.000,9999.000,9999.000,9999.000,9999.000,9999.000
202606090054,   2.493,   2.850,9999.000,9999.000,9999.000,9999.000,9999.000,9999.000,9999.000
202606090100,   2.421,   2.787,   0.400,  -0.034,   2.787,   0.400,   2.787,   0.500,   2.887
202606090106,   2.347,   2.738,9999.000,9999.000,9999.000,9999.000,9999.000,9999.000,9999.000
202606090112,   2.273,   2.689,9999.000,9999.000,9999.000,9999.000,9999.000,9999.000,9999.000
202606090118,   2.198,   2.640,9999.000,9999.000,9999.000,9999.000,9999.000,9999.000,9999.000
202606090124,   2.122,   2.597,9999.000,9999.000,9999.000,9999.000,9999.000,9999.000,9999.000
202606090130,   2.046,   2.548,9999.000,9999.000,9999.000,9999.000,9999.000,9999.000,9999.000
202606090136,   1.969,   2.509,9999.000,9999.000,9999.000,9999.000,9999.000,9999.000,9999.000
202606090142,   1.891,   2.459,9999.000,9999.000,9999.000,9999.000,9999.000,9999.000,9999.000
202606090148,   1.814,   2.410,9999.000,9999.000,9999.000,9999.000,9999.000,9999.000,9999.000
202606090154,   1.736,   2.348,9999.000,9999.000,9999.000,9999.000,9999.000,9999.000,9999.000
202606090200,   1.658,   2.299,   0.400,   0.241,   2.299,   0.400,   2.299,   0.500,   2.399
202606090206,   1.581,   2.250,9999.000,9999.000,9999.000,9999.000,9999.000,9999.000,9999.000
202606090212,   1.503,   2.191,9999.000,9999.000,9999.000,9999.000,9999.000,9999.000,9999.000
202606090218,   1.427,   2.138,9999.000,9999.000,9999.000,9999.000,9999.000,9999.000,9999.000
202606090224,   1.350,   2.079,9999.000,9999.000,9999.000,9999.000,9999.000,9999.000,9999.000
202606090230,   1.275,   2.020,9999.000,9999.000,9999.000,9999.000,9999.000,9999.000,9999.000
202606090236,   1.200,   1.948,9999.000,9999.000,9999.000,9999.000,9999.000,9999.000,9999.000
202606090242,   1.126,   1.889,9999.000,9999.000,9999.000,9999.000,9999.000,9999.000,9999.000
202606090248,   1.053,   1.840,9999.000,9999.000,9999.000,9999.000,9999.000,9999.000,9999.000
202606090254,   0.981,   1.781,9999.000,9999.000,9999.000,9999.000,9999.000,9999.000,9999.000
202606090300,   0.910,   1.728,   0.400,   0.418,   1.728,   0.400,   1.728,   0.500,   1.828
202606090306,   0.841,   1.689,9999.000,9999.000,9999.000,9999.000,9999.000,9999.000,9999.000
202606090312,   0.773,   1.639,9999.000,9999.000,9999.000,9999.000,9999.000,9999.000,9999.000
202606090318,   0.707,   1.600,9999.000,9999.000,9999.000,9999.000,9999.000,9999.000,9999.000
202606090324,   0.642,   1.548,9999.000,9999.000,9999.000,9999.000,9999.000,9999.000,9999.000
202606090330,   0.579,   1.508,9999.000,9999.000,9999.000,9999.000,9999.000,9999.000,9999.000
202606090336,   0.517,   1.469,9999.000,9999.000,9999.000,9999.000,9999.000,9999.000,9999.000
202606090342,   0.458,   1.420,9999.000,9999.000,9999.000,9999.000,9999.000,9999.000,9999.000
202606090348,   0.401,   1.371,9999.000,9999.000,9999.000,9999.000,9999.000,9999.000,9999.000
202606090354,   0.346,   1.318,9999.000,9999.000,9999.000,9999.000,9999.000,9999.000,9999.000
202606090400,   0.293,   1.269,   0.400,   0.576,   1.269,   0.300,   1.169,   0.400,   1.269
202606090406,   0.243,   1.220,9999.000,9999.000,9999.000,9999.000,9999.000,9999.000,9999.000
202606090412,   0.195,   1.170,9999.000,9999.000,9999.000,9999.000,9999.000,9999.000,9999.000
202606090418,   0.151,   1.118,9999.000,9999.000,9999.000,9999.000,9999.000,9999.000,9999.000
202606090424,   0.109,   1.079,9999.000,9999.000,9999.000,9999.000,9999.000,9999.000,9999.000
202606090430,   0.071,   1.029,9999.000,9999.000,9999.000,9999.000,9999.000,9999.000,9999.000
202606090436,   0.036,   0.990,9999.000,9999.000,9999.000,9999.000,9999.000,9999.000,9999.000
202606090442,   0.006,   0.961,9999.000,9999.000,9999.000,9999.000,9999.000,9999.000,9999.000
202606090448,  -0.020,   0.928,9999.000,9999.000,9999.000,9999.000,9999.000,9999.000,9999.000
202606090454,  -0.043,   0.898,9999.000,9999.000,9999.000,9999.000,9999.000,9999.000,9999.000
202606090500,  -0.061,   0.869,   0.400,   0.530,   0.869,   0.300,   0.769,   0.400,   0.869
202606090506,  -0.074,   0.849,9999.000,9999.000,9999.000,9999.000,9999.000,9999.000,9999.000
202606090512,  -0.083,   0.819,9999.000,9999.000,9999.000,9999.000,9999.000,9999.000,9999.000
202606090518,  -0.086,   0.790,9999.000,9999.000,9999.000,9999.000,9999.000,9999.000,9999.000
202606090524,  -0.084,   0.760,9999.000,9999.000,9999.000,9999.000,9999.000,9999.000,9999.000
202606090530,  -0.077,   0.741,9999.000,9999.000,9999.000,9999.000,9999.000,9999.000,9999.000
202606090536,  -0.065,   0.718,9999.000,9999.000,9999.000,9999.000,9999.000,9999.000,9999.000
202606090542,  -0.047,   0.708,9999.000,9999.000,9999.000,9999.000,9999.000,9999.000,9999.000
202606090548,  -0.023,   0.708,9999.000,9999.000,9999.000,9999.000,9999.000,9999.000,9999.000
202606090554,   0.005,   0.708,9999.000,9999.000,9999.000,9999.000,9999.000,9999.000,9999.000
202606090600,   0.039,   0.741,   0.300,   0.402,   0.741,   0.200,   0.641,   0.300,   0.741
202606090606,   0.079,   0.780,9999.000,9999.000,9999.000,9999.000,9999.000,9999.000,9999.000
202606090612,   0.124,   0.829,9999.000,9999.000,9999.000,9999.000,9999.000,9999.000,9999.000
202606090618,   0.174,   0.888,9999.000,9999.000,9999.000,9999.000,9999.000,9999.000,9999.000
202606090624,   0.228,   0.961,9999.000,9999.000,9999.000,9999.000,9999.000,9999.000,9999.000
202606090630,   0.287,   1.029,9999.000,9999.000,9999.000,9999.000,9999.000,9999.000,9999.000
202606090636,   0.351,   1.088,9999.000,9999.000,9999.000,9999.000,9999.000,9999.000,9999.000
202606090642,   0.418,   1.138,9999.000,9999.000,9999.000,9999.000,9999.000,9999.000,9999.000
202606090648,   0.489,   1.180,9999.000,9999.000,9999.000,9999.000,9999.000,9999.000,9999.000
202606090654,   0.563,   1.210,9999.000,9999.000,9999.000,9999.000,9999.000,9999.000,9999.000
202606090700,   0.640,   1.239,   0.300,   0.299,   1.239,   0.200,   1.139,   0.300,   1.239
202606090706,   0.720,   1.269,9999.000,9999.000,9999.000,9999.000,9999.000,9999.000,9999.000
202606090712,   0.801,   1.308,9999.000,9999.000,9999.000,9999.000,9999.000,9999.000,9999.000
202606090718,   0.885,   1.361,9999.000,9999.000,9999.000,9999.000,9999.000,9999.000,9999.000
202606090724,   0.971,   1.410,9999.000,9999.000,9999.000,9999.000,9999.000,9999.000,9999.000
202606090730,   1.057,   1.459,9999.000,9999.000,9999.000,9999.000,9999.000,9999.000,9999.000
202606090736,   1.145,   1.518,9999.000,9999.000,9999.000,9999.000,9999.000,9999.000,9999.000
202606090742,   1.233,   1.571,9999.000,9999.000,9999.000,9999.000,9999.000,9999.000,9999.000
202606090748,   1.322,   1.639,9999.000,9999.000,9999.000,9999.000,9999.000,9999.000,9999.000
202606090754,   1.411,   1.689,9999.000,9999.000,9999.000,9999.000,9999.000,9999.000,9999.000
202606090800,   1.500,   1.748,   0.300,  -0.052,   1.748,   0.200,   1.648,   0.300,   1.748
202606090806,   1.588,   1.800,9999.000,9999.000,9999.000,9999.000,9999.000,9999.000,9999.000
202606090812,   1.676,   1.859,9999.000,9999.000,9999.000,9999.000,9999.000,9999.000,9999.000
202606090818,   1.763,   1.908,9999.000,9999.000,9999.000,9999.000,9999.000,9999.000,9999.000
202606090824,   1.850,   1.948,9999.000,9999.000,9999.000,9999.000,9999.000,9999.000,9999.000
202606090830,   1.935,   2.010,9999.000,9999.000,9999.000,9999.000,9999.000,9999.000,9999.000
202606090836,   2.019,   2.049,9999.000,9999.000,9999.000,9999.000,9999.000,9999.000,9999.000
202606090842,   2.102,   2.109,9999.000,9999.000,9999.000,9999.000,9999.000,9999.000,9999.000
202606090848,   2.183,   2.158,9999.000,9999.000,9999.000,9999.000,9999.000,9999.000,9999.000
202606090854,   2.262,   2.210,9999.000,9999.000,9999.000,9999.000,9999.000,9999.000,9999.000
202606090900,   2.340,   2.259,   0.200,  -0.281,   2.259,   0.200,   2.259,   0.300,   2.359
202606090906,   2.415,   2.309,9999.000,9999.000,9999.000,9999.000,9999.000,9999.000,9999.000
202606090912,   2.488,   2.358,9999.000,9999.000,9999.000,9999.000,9999.000,9999.000,9999.000
202606090918,   2.558,   2.400,9999.000,9999.000,9999.000,9999.000,9999.000,9999.000,9999.000
202606090924,   2.626,   2.450,9999.000,9999.000,9999.000,9999.000,9999.000,9999.000,9999.000
202606090930,   2.691,   2.479,9999.000,9999.000,9999.000,9999.000,9999.000,9999.000,9999.000
202606090936,   2.752,   2.519,9999.000,9999.000,9999.000,9999.000,9999.000,9999.000,9999.000
202606090942,   2.810,   2.548,9999.000,9999.000,9999.000,9999.000,9999.000,9999.000,9999.000
202606090948,   2.865,   2.568,9999.000,9999.000,9999.000,9999.000,9999.000,9999.000,9999.000
202606090954,   2.915,   2.587,9999.000,9999.000,9999.000,9999.000,9999.000,9999.000,9999.000
202606091000,   2.962,   2.597,   0.200,  -0.565,   2.597,   0.200,   2.597,   0.300,   2.697
202606091006,   3.004,   2.620,9999.000,9999.000,9999.000,9999.000,9999.000,9999.000,9999.000
202606091012,   3.042,   2.630,9999.000,9999.000,9999.000,9999.000,9999.000,9999.000,9999.000
202606091018,   3.075,   2.650,9999.000,9999.000,9999.000,9999.000,9999.000,9999.000,9999.000
202606091024,   3.104,   2.679,9999.000,9999.000,9999.000,9999.000,9999.000,9999.000,9999.000
202606091030,   3.127,   2.709,9999.000,9999.000,9999.000,9999.000,9999.000,9999.000,9999.000
202606091036,   3.146,   2.738,9999.000,9999.000,9999.000,9999.000,9999.000,9999.000,9999.000
202606091042,   3.160,   2.778,9999.000,9999.000,9999.000,9999.000,9999.000,9999.000,9999.000
202606091048,   3.169,   2.797,9999.000,9999.000,9999.000,9999.000,9999.000,9999.000,9999.000
202606091054,   3.173,   2.820,9999.000,9999.000,9999.000,9999.000,9999.000,9999.000,9999.000
202606091100,   3.172,   2.820,   0.200,  -0.552,   2.820,   0.200,   2.820,   0.200,   2.820
202606091106,   3.166,   2.820,9999.000,9999.000,9999.000,9999.000,9999.000,9999.000,9999.000
202606091112,   3.155,   2.807,9999.000,9999.000,9999.000,9999.000,9999.000,9999.000,9999.000
202606091118,   3.140,   2.787,9999.000,9999.000,9999.000,9999.000,9999.000,9999.000,9999.000
202606091124,   3.120,   2.778,9999.000,9999.000,9999.000,9999.000,9999.000,9999.000,9999.000
202606091130,   3.096,   2.758,9999.000,9999.000,9999.000,9999.000,9999.000,9999.000,9999.000
202606091136,   3.067,   2.738,9999.000,9999.000,9999.000,9999.000,9999.000,9999.000,9999.000
202606091142,   3.035,   2.719,9999.000,9999.000,9999.000,9999.000,9999.000,9999.000,9999.000
202606091148,   2.999,   2.699,9999.000,9999.000,9999.000,9999.000,9999.000,9999.000,9999.000
202606091154,   2.959,   2.679,9999.000,9999.000,9999.000,9999.000,9999.000,9999.000,9999.000
202606091200,   2.916,   2.650,   0.200,  -0.466,   2.650,   0.100,   2.550,   0.200,   2.650
202606091206,   2.870,   2.620,9999.000,9999.000,9999.000,9999.000,9999.000,9999.000,9999.000
202606091212,   2.821,   2.597,9999.000,9999.000,9999.000,9999.000,9999.000,9999.000,9999.000
202606091218,   2.769,   2.568,9999.000,9999.000,9999.000,9999.000,9999.000,9999.000,9999.000
202606091224,   2.715,   2.528,9999.000,9999.000,9999.000,9999.000,9999.000,9999.000,9999.000
202606091230,   2.658,   2.479,9999.000,9999.000,9999.000,9999.000,9999.000,9999.000,9999.000
202606091236,   2.599,   2.410,9999.000,9999.000,9999.000,9999.000,9999.000,9999.000,9999.000
202606091242,   2.538,   2.348,9999.000,9999.000,9999.000,9999.000,9999.000,9999.000,9999.000
202606091248,   2.475,   2.299,9999.000,9999.000,9999.000,9999.000,9999.000,9999.000,9999.000
202606091254,   2.410,   2.240,9999.000,9999.000,9999.000,9999.000,9999.000,9999.000,9999.000
202606091300,   2.344,   2.191,   0.200,  -0.353,   2.191,   0.100,   2.091,   0.200,   2.191
202606091306,   2.276,   2.148,9999.000,9999.000,9999.000,9999.000,9999.000,9999.000,9999.000
202606091312,   2.207,   2.099,9999.000,9999.000,9999.000,9999.000,9999.000,9999.000,9999.000
202606091318,   2.137,   2.059,9999.000,9999.000,9999.000,9999.000,9999.000,9999.000,9999.000
202606091324,   2.066,   2.020,9999.000,9999.000,9999.000,9999.000,9999.000,9999.000,9999.000
202606091330,   1.993,   1.990,9999.000,9999.000,9999.000,9999.000,9999.000,9999.000,9999.000
202606091336,   1.920,   1.938,9999.000,9999.000,9999.000,9999.000,9999.000,9999.000,9999.000
202606091342,   1.846,   1.899,9999.000,9999.000,9999.000,9999.000,9999.000,9999.000,9999.000
202606091348,   1.772,   1.859,9999.000,9999.000,9999.000,9999.000,9999.000,9999.000,9999.000
202606091354,   1.697,   1.810,9999.000,9999.000,9999.000,9999.000,9999.000,9999.000,9999.000
202606091400,   1.622,   1.748,   0.100,   0.026,   1.748,   0.100,   1.748,   0.200,   1.848
202606091406,   1.546,   1.679,9999.000,9999.000,9999.000,9999.000,9999.000,9999.000,9999.000
202606091412,   1.471,   1.630,9999.000,9999.000,9999.000,9999.000,9999.000,9999.000,9999.000
202606091418,   1.396,   1.571,9999.000,9999.000,9999.000,9999.000,9999.000,9999.000,9999.000
202606091424,   1.321,   1.518,9999.000,9999.000,9999.000,9999.000,9999.000,9999.000,9999.000
202606091430,   1.246,   1.469,9999.000,9999.000,9999.000,9999.000,9999.000,9999.000,9999.000
202606091436,   1.172,   1.420,9999.000,9999.000,9999.000,9999.000,9999.000,9999.000,9999.000
202606091442,   1.099,   1.380,9999.000,9999.000,9999.000,9999.000,9999.000,9999.000,9999.000
202606091448,   1.026,   1.328,9999.000,9999.000,9999.000,9999.000,9999.000,9999.000,9999.000
202606091454,   0.954,   1.269,9999.000,9999.000,9999.000,9999.000,9999.000,9999.000,9999.000
202606091500,   0.884,   1.220,   0.100,   0.236,   1.220,   0.100,   1.220,   0.200,   1.320
202606091506,   0.815,   1.170,9999.000,9999.000,9999.000,9999.000,9999.000,9999.000,9999.000
202606091512,   0.747,   1.128,9999.000,9999.000,9999.000,9999.000,9999.000,9999.000,9999.000
202606091518,   0.680,   1.088,9999.000,9999.000,9999.000,9999.000,9999.000,9999.000,9999.000
202606091524,   0.615,   1.059,9999.000,9999.000,9999.000,9999.000,9999.000,9999.000,9999.000
202606091530,   0.552,   1.039,9999.000,9999.000,9999.000,9999.000,9999.000,9999.000,9999.000
202606091536,   0.491,   1.010,9999.000,9999.000,9999.000,9999.000,9999.000,9999.000,9999.000
202606091542,   0.431,   0.970,9999.000,9999.000,9999.000,9999.000,9999.000,9999.000,9999.000
202606091548,   0.373,   0.928,9999.000,9999.000,9999.000,9999.000,9999.000,9999.000,9999.000
202606091554,   0.318,   0.888,9999.000,9999.000,9999.000,9999.000,9999.000,9999.000,9999.000
202606091600,   0.264,   0.819,   0.100,   0.455,   0.819,   0.100,   0.819,   0.200,   0.919
202606091606,   0.213,   0.760,9999.000,9999.000,9999.000,9999.000,9999.000,9999.000,9999.000
202606091612,   0.164,   0.731,9999.000,9999.000,9999.000,9999.000,9999.000,9999.000,9999.000
202606091618,   0.117,   0.688,9999.000,9999.000,9999.000,9999.000,9999.000,9999.000,9999.000
202606091624,   0.074,   0.649,9999.000,9999.000,9999.000,9999.000,9999.000,9999.000,9999.000
202606091630,   0.033,   0.619,9999.000,9999.000,9999.000,9999.000,9999.000,9999.000,9999.000
202606091636,  -0.004,   0.580,9999.000,9999.000,9999.000,9999.000,9999.000,9999.000,9999.000
202606091642,  -0.039,   0.541,9999.000,9999.000,9999.000,9999.000,9999.000,9999.000,9999.000
202606091648,  -0.070,   0.508,9999.000,9999.000,9999.000,9999.000,9999.000,9999.000,9999.000
202606091654,  -0.098,   0.449,9999.000,9999.000,9999.000,9999.000,9999.000,9999.000,9999.000
202606091700,  -0.122,   0.419,   0.100,   0.441,   0.419,   0.100,   0.419,   0.100,   0.419
202606091706,  -0.142,   0.380,9999.000,9999.000,9999.000,9999.000,9999.000,9999.000,9999.000
202606091712,  -0.158,   0.350,9999.000,9999.000,9999.000,9999.000,9999.000,9999.000,9999.000
202606091718,  -0.169,   0.341,9999.000,9999.000,9999.000,9999.000,9999.000,9999.000,9999.000
202606091724,  -0.176,   0.350,9999.000,9999.000,9999.000,9999.000,9999.000,9999.000,9999.000
202606091730,  -0.178,   0.350,9999.000,9999.000,9999.000,9999.000,9999.000,9999.000,9999.000
202606091736,  -0.175,   0.380,9999.000,9999.000,9999.000,9999.000,9999.000,9999.000,9999.000
202606091742,  -0.166,   0.419,9999.000,9999.000,9999.000,9999.000,9999.000,9999.000,9999.000
202606091748,  -0.152,   0.449,9999.000,9999.000,9999.000,9999.000,9999.000,9999.000,9999.000
202606091754,  -0.133,   0.518,9999.000,9999.000,9999.000,9999.000,9999.000,9999.000,9999.000
202606091800,  -0.108,   0.560,   0.100,   0.568,   0.560,   0.000,   0.460,   0.100,   0.560
202606091806,  -0.077,   0.580,9999.000,9999.000,9999.000,9999.000,9999.000,9999.000,9999.000
202606091812,  -0.041,   0.629,9999.000,9999.000,9999.000,9999.000,9999.000,9999.000,9999.000
202606091818,   0.000,   0.669,9999.000,9999.000,9999.000,9999.000,9999.000,9999.000,9999.000
202606091824,   0.047,   0.698,9999.000,9999.000,9999.000,9999.000,9999.000,9999.000,9999.000
202606091830,   0.100,   0.741,9999.000,9999.000,9999.000,9999.000,9999.000,9999.000,9999.000
202606091836,   0.158,   0.800,9999.000,9999.000,9999.000,9999.000,9999.000,9999.000,9999.000
202606091842,   0.221,   0.849,9999.000,9999.000,9999.000,9999.000,9999.000,9999.000,9999.000
202606091848,   0.289,   0.898,9999.000,9999.000,9999.000,9999.000,9999.000,9999.000,9999.000
202606091854,   0.361,   0.951,9999.000,9999.000,9999.000,9999.000,9999.000,9999.000,9999.000
202606091900,   0.438,   0.990,   0.100,   0.452,   0.990,   0.000,   0.890,   0.100,   0.990
202606091906,   0.519,   1.039,9999.000,9999.000,9999.000,9999.000,9999.000,9999.000,9999.000
202606091912,   0.604,   1.098,9999.000,9999.000,9999.000,9999.000,9999.000,9999.000,9999.000
202606091918,   0.692,   1.138,9999.000,9999.000,9999.000,9999.000,9999.000,9999.000,9999.000
202606091924,   0.783,   1.190,9999.000,9999.000,9999.000,9999.000,9999.000,9999.000,9999.000
202606091930,   0.877,   1.259,9999.000,9999.000,9999.000,9999.000,9999.000,9999.000,9999.000
202606091936,   0.973,   1.328,9999.000,9999.000,9999.000,9999.000,9999.000,9999.000,9999.000
202606091942,   1.070,   1.410,9999.000,9999.000,9999.000,9999.000,9999.000,9999.000,9999.000
202606091948,   1.170,   1.469,9999.000,9999.000,9999.000,9999.000,9999.000,9999.000,9999.000
202606091954,   1.271,   1.548,9999.000,9999.000,9999.000,9999.000,9999.000,9999.000,9999.000
202606092000,   1.372,   1.630,   0.100,   0.158,   1.630,   0.000,   1.530,   0.100,   1.630
202606092006,   1.475,   1.708,9999.000,9999.000,9999.000,9999.000,9999.000,9999.000,9999.000
202606092012,   1.578,   1.781,9999.000,9999.000,9999.000,9999.000,9999.000,9999.000,9999.000
202606092018,   1.680,   1.840,9999.000,9999.000,9999.000,9999.000,9999.000,9999.000,9999.000
202606092024,   1.783,   1.899,9999.000,9999.000,9999.000,9999.000,9999.000,9999.000,9999.000
202606092030,   1.885,   1.948,9999.000,9999.000,9999.000,9999.000,9999.000,9999.000,9999.000
202606092036,   1.987,   2.000,9999.000,9999.000,9999.000,9999.000,9999.000,9999.000,9999.000
202606092042,   2.088,   2.049,9999.000,9999.000,9999.000,9999.000,9999.000,9999.000,9999.000
202606092048,   2.187,   2.089,9999.000,9999.000,9999.000,9999.000,9999.000,9999.000,9999.000
202606092054,   2.286,   2.128,9999.000,9999.000,9999.000,9999.000,9999.000,9999.000,9999.000
202606092100,   2.383,   2.177,   0.000,  -0.206,   2.177,   0.000,   2.177,   0.100,   2.277
202606092106,   2.478,   2.230,9999.000,9999.000,9999.000,9999.000,9999.000,9999.000,9999.000
202606092112,   2.572,   2.269,9999.000,9999.000,9999.000,9999.000,9999.000,9999.000,9999.000
202606092118,   2.664,   2.309,9999.000,9999.000,9999.000,9999.000,9999.000,9999.000,9999.000
202606092124,   2.753,   2.348,9999.000,9999.000,9999.000,9999.000,9999.000,9999.000,9999.000
202606092130,   2.840,   2.387,9999.000,9999.000,9999.000,9999.000,9999.000,9999.000,9999.000
202606092136,   2.925,   2.450,9999.000,9999.000,9999.000,9999.000,9999.000,9999.000,9999.000
202606092142,   3.006,   2.509,9999.000,9999.000,9999.000,9999.000,9999.000,9999.000,9999.000
202606092148,   3.085,   2.558,9999.000,9999.000,9999.000,9999.000,9999.000,9999.000,9999.000
202606092154,   3.160,   2.630,9999.000,9999.000,9999.000,9999.000,9999.000,9999.000,9999.000
202606092200,   3.232,   2.689,   0.000,  -0.543,   2.689,   0.000,   2.689,   0.100,   2.789
202606092206,   3.300,   2.748,9999.000,9999.000,9999.000,9999.000,9999.000,9999.000,9999.000
202606092212,   3.365,   2.797,9999.000,9999.000,9999.000,9999.000,9999.000,9999.000,9999.000
202606092218,   3.425,   2.840,9999.000,9999.000,9999.000,9999.000,9999.000,9999.000,9999.000
202606092224,   3.480,   2.889,9999.000,9999.000,9999.000,9999.000,9999.000,9999.000,9999.000
202606092230,   3.531,   2.919,9999.000,9999.000,9999.000,9999.000,9999.000,9999.000,9999.000
202606092236,   3.577,   2.958,9999.000,9999.000,9999.000,9999.000,9999.000,9999.000,9999.000
202606092242,   3.618,   2.988,9999.000,9999.000,9999.000,9999.000,9999.000,9999.000,9999.000
202606092248,   3.654,   3.030,9999.000,9999.000,9999.000,9999.000,9999.000,9999.000,9999.000
202606092254,   3.685,   3.060,9999.000,9999.000,9999.000,9999.000,9999.000,9999.000,9999.000
202606092300,   3.711,   3.060,   0.000,  -0.651,   3.060,   0.000,   3.060,   0.000,   3.060
202606092306,   3.731,9999.000,9999.000,9999.000,9999.000,9999.000,9999.000,9999.000,9999.000
202606092312,   3.746,9999.000,9999.000,9999.000,9999.000,9999.000,9999.000,9999.000,9999.000
202606092318,   3.755,9999.000,9999.000,9999.000,9999.000,9999.000,9999.000,9999.000,9999.000
202606092324,   3.759,9999.000,9999.000,9999.000,9999.000,9999.000,9999.000,9999.000,9999.000
202606092330,   3.758,9999.000,9999.000,9999.000,9999.000,9999.000,9999.000,9999.000,9999.000
202606092336,   3.751,9999.000,9999.000,9999.000,9999.000,9999.000,9999.000,9999.000,9999.000
202606092342,   3.740,9999.000,9999.000,9999.000,9999.000,9999.000,9999.000,9999.000,9999.000
202606092348,   3.723,9999.000,9999.000,9999.000,9999.000,9999.000,9999.000,9999.000,9999.000
202606092354,   3.702,9999.000,9999.000,9999.000,9999.000,9999.000,9999.000,9999.000,9999.000
202606100000,   3.676,   3.279,   0.000,  -0.397,   3.279,   0.000,   3.279,   0.100,   3.379
202606100006,   3.645,   3.270,9999.000,9999.000,9999.000,9999.000,9999.000,9999.000,9999.000
202606100012,   3.611,   3.260,9999.000,9999.000,9999.000,9999.000,9999.000,9999.000,9999.000
202606100018,   3.572,   3.240,9999.000,9999.000,9999.000,9999.000,9999.000,9999.000,9999.000
202606100024,   3.530,   3.230,9999.000,9999.000,9999.000,9999.000,9999.000,9999.000,9999.000
202606100030,   3.484,   3.217,9999.000,9999.000,9999.000,9999.000,9999.000,9999.000,9999.000
202606100036,   3.434,   3.197,9999.000,9999.000,9999.000,9999.000,9999.000,9999.000,9999.000
202606100042,   3.382,   3.197,9999.000,9999.000,9999.000,9999.000,9999.000,9999.000,9999.000
202606100048,   3.326,   3.178,9999.000,9999.000,9999.000,9999.000,9999.000,9999.000,9999.000
202606100054,   3.268,   3.148,9999.000,9999.000,9999.000,9999.000,9999.000,9999.000,9999.000
202606100100,   3.207,   3.129,   0.000,  -0.078,   3.129,   0.000,   3.129,   0.100,   3.229
202606100106,   3.144,   3.089,9999.000,9999.000,9999.000,9999.000,9999.000,9999.000,9999.000
202606100112,   3.079,   3.050,9999.000,9999.000,9999.000,9999.000,9999.000,9999.000,9999.000
202606100118,   3.011,   2.997,9999.000,9999.000,9999.000,9999.000,9999.000,9999.000,9999.000
202606100124,   2.942,   2.948,9999.000,9999.000,9999.000,9999.000,9999.000,9999.000,9999.000
202606100130,   2.870,   2.899,9999.000,9999.000,9999.000,9999.000,9999.000,9999.000,9999.000
202606100136,   2.797,   2.830,9999.000,9999.000,9999.000,9999.000,9999.000,9999.000,9999.000
202606100142,   2.722,   2.758,9999.000,9999.000,9999.000,9999.000,9999.000,9999.000,9999.000
202606100148,   2.646,   2.689,9999.000,9999.000,9999.000,9999.000,9999.000,9999.000,9999.000
202606100154,   2.569,   2.620,9999.000,9999.000,9999.000,9999.000,9999.000,9999.000,9999.000
202606100200,   2.490,   2.558,   0.000,   0.068,   2.558,   0.000,   2.558,   0.100,   2.658
202606100206,   2.410,   2.489,9999.000,9999.000,9999.000,9999.000,9999.000,9999.000,9999.000
202606100212,   2.330,   2.430,9999.000,9999.000,9999.000,9999.000,9999.000,9999.000,9999.000
202606100218,   2.248,   2.377,9999.000,9999.000,9999.000,9999.000,9999.000,9999.000,9999.000
202606100224,   2.166,   2.318,9999.000,9999.000,9999.000,9999.000,9999.000,9999.000,9999.000
202606100230,   2.083,   2.259,9999.000,9999.000,9999.000,9999.000,9999.000,9999.000,9999.000
202606100236,   2.000,   2.210,9999.000,9999.000,9999.000,9999.000,9999.000,9999.000,9999.000
202606100242,   1.916,   2.138,9999.000,9999.000,9999.000,9999.000,9999.000,9999.000,9999.000
202606100248,   1.832,   2.069,9999.000,9999.000,9999.000,9999.000,9999.000,9999.000,9999.000
202606100254,   1.748,   2.010,9999.000,9999.000,9999.000,9999.000,9999.000,9999.000,9999.000
202606100300,   1.665,   1.948,   0.000,   0.283,   1.948,   0.000,   1.948,   0.100,   2.048
202606100306,   1.581,   1.889,9999.000,9999.000,9999.000,9999.000,9999.000,9999.000,9999.000
202606100312,   1.498,   1.849,9999.000,9999.000,9999.000,9999.000,9999.000,9999.000,9999.000
202606100318,   1.415,   1.800,9999.000,9999.000,9999.000,9999.000,9999.000,9999.000,9999.000
202606100324,   1.333,   1.758,9999.000,9999.000,9999.000,9999.000,9999.000,9999.000,9999.000
202606100330,   1.252,   1.718,9999.000,9999.000,9999.000,9999.000,9999.000,9999.000,9999.000
202606100336,   1.171,   1.669,9999.000,9999.000,9999.000,9999.000,9999.000,9999.000,9999.000
202606100342,   1.092,   1.620,9999.000,9999.000,9999.000,9999.000,9999.000,9999.000,9999.000
202606100348,   1.013,   1.571,9999.000,9999.000,9999.000,9999.000,9999.000,9999.000,9999.000
202606100354,   0.936,   1.508,9999.000,9999.000,9999.000,9999.000,9999.000,9999.000,9999.000
202606100400,   0.859,   1.449,   0.000,   0.590,   1.449,   0.000,   1.449,   0.100,   1.549
202606100406,   0.784,   1.390,9999.000,9999.000,9999.000,9999.000,9999.000,9999.000,9999.000
202606100412,   0.711,   1.328,9999.000,9999.000,9999.000,9999.000,9999.000,9999.000,9999.000
202606100418,   0.639,   1.269,9999.000,9999.000,9999.000,9999.000,9999.000,9999.000,9999.000
202606100424,   0.568,   1.220,9999.000,9999.000,9999.000,9999.000,9999.000,9999.000,9999.000
202606100430,   0.499,   1.161,9999.000,9999.000,9999.000,9999.000,9999.000,9999.000,9999.000
202606100436,   0.433,   1.108,9999.000,9999.000,9999.000,9999.000,9999.000,9999.000,9999.000
202606100442,   0.368,   1.059,9999.000,9999.000,9999.000,9999.000,9999.000,9999.000,9999.000
202606100448,   0.305,   1.010,9999.000,9999.000,9999.000,9999.000,9999.000,9999.000,9999.000
202606100454,   0.244,   0.961,9999.000,9999.000,9999.000,9999.000,9999.000,9999.000,9999.000
202606100500,   0.186,   0.918,   0.000,   0.732,   0.918,   0.000,   0.918,   0.000,   0.918
202606100506,   0.131,   0.869,9999.000,9999.000,9999.000,9999.000,9999.000,9999.000,9999.000
202606100512,   0.078,   0.829,9999.000,9999.000,9999.000,9999.000,9999.000,9999.000,9999.000
202606100518,   0.029,   0.800,9999.000,9999.000,9999.000,9999.000,9999.000,9999.000,9999.000
202606100524,  -0.017,   0.751,9999.000,9999.000,9999.000,9999.000,9999.000,9999.000,9999.000
202606100530,  -0.059,   0.708,9999.000,9999.000,9999.000,9999.000,9999.000,9999.000,9999.000
202606100536,  -0.098,   0.678,9999.000,9999.000,9999.000,9999.000,9999.000,9999.000,9999.000
202606100542,  -0.132,   0.629,9999.000,9999.000,9999.000,9999.000,9999.000,9999.000,9999.000
202606100548,  -0.163,   0.600,9999.000,9999.000,9999.000,9999.000,9999.000,9999.000,9999.000
202606100554,  -0.188,   0.560,9999.000,9999.000,9999.000,9999.000,9999.000,9999.000,9999.000
202606100600,  -0.209,   0.518,   0.000,   0.727,   0.518,   0.000,   0.518,   0.100,   0.618
202606100606,  -0.225,   0.488,9999.000,9999.000,9999.000,9999.000,9999.000,9999.000,9999.000
202606100612,  -0.236,   0.459,9999.000,9999.000,9999.000,9999.000,9999.000,9999.000,9999.000
202606100618,  -0.241,   0.439,9999.000,9999.000,9999.000,9999.000,9999.000,9999.000,9999.000
202606100624,  -0.241,   0.429,9999.000,9999.000,9999.000,9999.000,9999.000,9999.000,9999.000
202606100630,  -0.235,   0.409,9999.000,9999.000,9999.000,9999.000,9999.000,9999.000,9999.000
202606100636,  -0.223,   0.400,9999.000,9999.000,9999.000,9999.000,9999.000,9999.000,9999.000
202606100642,  -0.206,   0.400,9999.000,9999.000,9999.000,9999.000,9999.000,9999.000,9999.000
202606100648,  -0.183,   0.409,9999.000,9999.000,9999.000,9999.000,9999.000,9999.000,9999.000
202606100654,  -0.155,   0.429,9999.000,9999.000,9999.000,9999.000,9999.000,9999.000,9999.000
202606100700,  -0.121,   0.449,   0.000,   0.570,   0.449,   0.000,   0.449,   0.100,   0.549
202606100706,  -0.081,   0.469,9999.000,9999.000,9999.000,9999.000,9999.000,9999.000,9999.000
202606100712,  -0.036,   0.508,9999.000,9999.000,9999.000,9999.000,9999.000,9999.000,9999.000
202606100718,   0.013,   0.560,9999.000,9999.000,9999.000,9999.000,9999.000,9999.000,9999.000
202606100724,   0.067,   0.619,9999.000,9999.000,9999.000,9999.000,9999.000,9999.000,9999.000
202606100730,   0.127,   0.669,9999.000,9999.000,9999.000,9999.000,9999.000,9999.000,9999.000
202606100736,   0.190,   0.731,9999.000,9999.000,9999.000,9999.000,9999.000,9999.000,9999.000
202606100742,   0.257,   0.790,9999.000,9999.000,9999.000,9999.000,9999.000,9999.000,9999.000
202606100748,   0.329,   0.849,9999.000,9999.000,9999.000,9999.000,9999.000,9999.000,9999.000
202606100754,   0.403,   0.898,9999.000,9999.000,9999.000,9999.000,9999.000,9999.000,9999.000
202606100800,   0.481,   0.951,   0.000,   0.470,   0.951,   0.000,   0.951,   0.100,   1.051
202606100806,   0.561,   1.000,9999.000,9999.000,9999.000,9999.000,9999.000,9999.000,9999.000
202606100812,   0.643,   1.049,9999.000,9999.000,9999.000,9999.000,9999.000,9999.000,9999.000
202606100818,   0.728,   1.098,9999.000,9999.000,9999.000,9999.000,9999.000,9999.000,9999.000
202606100824,   0.815,   1.161,9999.000,9999.000,9999.000,9999.000,9999.000,9999.000,9999.000
202606100830,   0.902,   1.210,9999.000,9999.000,9999.000,9999.000,9999.000,9999.000,9999.000
202606100836,   0.992,   1.259,9999.000,9999.000,9999.000,9999.000,9999.000,9999.000,9999.000
202606100842,   1.082,   1.328,9999.000,9999.000,9999.000,9999.000,9999.000,9999.000,9999.000
202606100848,   1.173,   1.390,9999.000,9999.000,9999.000,9999.000,9999.000,9999.000,9999.000
202606100854,   1.264,   1.439,9999.000,9999.000,9999.000,9999.000,9999.000,9999.000,9999.000
202606100900,   1.356,   1.508,   0.000,   0.152,   1.508,   0.000,   1.508,   0.100,   1.608
202606100906,   1.447,   1.571,9999.000,9999.000,9999.000,9999.000,9999.000,9999.000,9999.000
202606100912,   1.539,   1.630,9999.000,9999.000,9999.000,9999.000,9999.000,9999.000,9999.000
202606100918,   1.630,   1.689,9999.000,9999.000,9999.000,9999.000,9999.000,9999.000,9999.000
202606100924,   1.721,   1.758,9999.000,9999.000,9999.000,9999.000,9999.000,9999.000,9999.000
202606100930,   1.810,   1.830,9999.000,9999.000,9999.000,9999.000,9999.000,9999.000,9999.000
202606100936,   1.899,   1.899,9999.000,9999.000,9999.000,9999.000,9999.000,9999.000,9999.000
202606100942,   1.987,   1.958,9999.000,9999.000,9999.000,9999.000,9999.000,9999.000,9999.000
202606100948,   2.073,   2.020,9999.000,9999.000,9999.000,9999.000,9999.000,9999.000,9999.000
202606100954,   2.158,   2.059,9999.000,9999.000,9999.000,9999.000,9999.000,9999.000,9999.000
202606101000,   2.241,   2.109,   0.000,  -0.132,   2.109,   0.000,   2.109,   0.100,   2.209
202606101006,   2.322,   2.148,9999.000,9999.000,9999.000,9999.000,9999.000,9999.000,9999.000
202606101012,   2.400,   2.191,9999.000,9999.000,9999.000,9999.000,9999.000,9999.000,9999.000
202606101018,   2.476,   2.240,9999.000,9999.000,9999.000,9999.000,9999.000,9999.000,9999.000
202606101024,   2.549,   2.299,9999.000,9999.000,9999.000,9999.000,9999.000,9999.000,9999.000
202606101030,   2.619,   2.348,9999.000,9999.000,9999.000,9999.000,9999.000,9999.000,9999.000
202606101036,   2.685,   2.400,9999.000,9999.000,9999.000,9999.000,9999.000,9999.000,9999.000
202606101042,   2.748,   2.440,9999.000,9999.000,9999.000,9999.000,9999.000,9999.000,9999.000
202606101048,   2.807,   2.489,9999.000,9999.000,9999.000,9999.000,9999.000,9999.000,9999.000
202606101054,   2.862,   2.519,9999.000,9999.000,9999.000,9999.000,9999.000,9999.000,9999.000
202606101100,   2.912,   2.548,   0.000,  -0.364,   2.548,   0.000,   2.548,   0.100,   2.648
202606101106,   2.958,   2.587,9999.000,9999.000,9999.000,9999.000,9999.000,9999.000,9999.000
202606101112,   2.999,   2.620,9999.000,9999.000,9999.000,9999.000,9999.000,9999.000,9999.000
202606101118,   3.035,   2.650,9999.000,9999.000,9999.000,9999.000,9999.000,9999.000,9999.000
202606101124,   3.065,   2.679,9999.000,9999.000,9999.000,9999.000,9999.000,9999.000,9999.000
202606101130,   3.091,   2.719,9999.000,9999.000,9999.000,9999.000,9999.000,9999.000,9999.000
202606101136,   3.112,   2.748,9999.000,9999.000,9999.000,9999.000,9999.000,9999.000,9999.000
202606101142,   3.127,   2.778,9999.000,9999.000,9999.000,9999.000,9999.000,9999.000,9999.000
202606101148,   3.137,   2.787,9999.000,9999.000,9999.000,9999.000,9999.000,9999.000,9999.000
202606101154,   3.142,   2.797,9999.000,9999.000,9999.000,9999.000,9999.000,9999.000,9999.000
202606101200,   3.141,   2.787,   0.100,  -0.454,   2.787,   0.000,   2.687,   0.200,   2.887
202606101206,   3.136,   2.787,9999.000,9999.000,9999.000,9999.000,9999.000,9999.000,9999.000
202606101212,   3.125,   2.778,9999.000,9999.000,9999.000,9999.000,9999.000,9999.000,9999.000
202606101218,   3.110,   2.768,9999.000,9999.000,9999.000,9999.000,9999.000,9999.000,9999.000
202606101224,   3.090,   2.758,9999.000,9999.000,9999.000,9999.000,9999.000,9999.000,9999.000
202606101230,   3.066,   2.748,9999.000,9999.000,9999.000,9999.000,9999.000,9999.000,9999.000
202606101236,   3.037,   2.728,9999.000,9999.000,9999.000,9999.000,9999.000,9999.000,9999.000
202606101242,   3.004,   2.699,9999.000,9999.000,9999.000,9999.000,9999.000,9999.000,9999.000
202606101248,   2.967,   2.679,9999.000,9999.000,9999.000,9999.000,9999.000,9999.000,9999.000
202606101254,   2.927,   2.650,9999.000,9999.000,9999.000,9999.000,9999.000,9999.000,9999.000
202606101300,   2.883,   2.630,   0.100,  -0.353,   2.630,   0.000,   2.530,   0.200,   2.730
202606101306,   2.836,   2.610,9999.000,9999.000,9999.000,9999.000,9999.000,9999.000,9999.000
202606101312,   2.786,   2.587,9999.000,9999.000,9999.000,9999.000,9999.000,9999.000,9999.000
202606101318,   2.733,   2.568,9999.000,9999.000,9999.000,9999.000,9999.000,9999.000,9999.000
202606101324,   2.677,   2.548,9999.000,9999.000,9999.000,9999.000,9999.000,9999.000,9999.000
202606101330,   2.619,   2.519,9999.000,9999.000,9999.000,9999.000,9999.000,9999.000,9999.000
202606101336,   2.559,   2.479,9999.000,9999.000,9999.000,9999.000,9999.000,9999.000,9999.000
202606101342,   2.496,   2.440,9999.000,9999.000,9999.000,9999.000,9999.000,9999.000,9999.000
202606101348,   2.432,   2.400,9999.000,9999.000,9999.000,9999.000,9999.000,9999.000,9999.000
202606101354,   2.366,   2.348,9999.000,9999.000,9999.000,9999.000,9999.000,9999.000,9999.000
202606101400,   2.298,   2.309,   0.200,  -0.189,   2.309,   0.000,   2.109,   0.200,   2.309
202606101406,   2.228,   2.269,9999.000,9999.000,9999.000,9999.000,9999.000,9999.000,9999.000
202606101412,   2.157,   2.230,9999.000,9999.000,9999.000,9999.000,9999.000,9999.000,9999.000
202606101418,   2.085,   2.191,9999.000,9999.000,9999.000,9999.000,9999.000,9999.000,9999.000
202606101424,   2.012,   2.138,9999.000,9999.000,9999.000,9999.000,9999.000,9999.000,9999.000
202606101430,   1.938,   2.069,9999.000,9999.000,9999.000,9999.000,9999.000,9999.000,9999.000
202606101436,   1.863,   2.010,9999.000,9999.000,9999.000,9999.000,9999.000,9999.000,9999.000
202606101442,   1.788,   1.948,9999.000,9999.000,9999.000,9999.000,9999.000,9999.000,9999.000
202606101448,   1.712,   1.889,9999.000,9999.000,9999.000,9999.000,9999.000,9999.000,9999.000
202606101454,   1.635,   1.840,9999.000,9999.000,9999.000,9999.000,9999.000,9999.000,9999.000
202606101500,   1.559,   1.790,   0.200,   0.031,   1.790,   0.100,   1.690,   0.200,   1.790
202606101506,   1.482,   1.748,9999.000,9999.000,9999.000,9999.000,9999.000,9999.000,9999.000
202606101512,   1.406,   1.699,9999.000,9999.000,9999.000,9999.000,9999.000,9999.000,9999.000
202606101518,   1.329,   1.649,9999.000,9999.000,9999.000,9999.000,9999.000,9999.000,9999.000
202606101524,   1.254,   1.600,9999.000,9999.000,9999.000,9999.000,9999.000,9999.000,9999.000
202606101530,   1.178,   1.557,9999.000,9999.000,9999.000,9999.000,9999.000,9999.000,9999.000
202606101536,   1.104,   1.528,9999.000,9999.000,9999.000,9999.000,9999.000,9999.000,9999.000
202606101542,   1.030,   1.479,9999.000,9999.000,9999.000,9999.000,9999.000,9999.000,9999.000
202606101548,   0.958,   1.439,9999.000,9999.000,9999.000,9999.000,9999.000,9999.000,9999.000
202606101554,   0.886,   1.390,9999.000,9999.000,9999.000,9999.000,9999.000,9999.000,9999.000
202606101600,   0.816,   1.348,   0.200,   0.332,   1.348,   0.100,   1.248,   0.300,   1.448
202606101606,   0.747,   1.298,9999.000,9999.000,9999.000,9999.000,9999.000,9999.000,9999.000
202606101612,   0.680,   1.249,9999.000,9999.000,9999.000,9999.000,9999.000,9999.000,9999.000
202606101618,   0.614,   1.210,9999.000,9999.000,9999.000,9999.000,9999.000,9999.000,9999.000
202606101624,   0.550,   1.180,9999.000,9999.000,9999.000,9999.000,9999.000,9999.000,9999.000
202606101630,   0.487,   1.138,9999.000,9999.000,9999.000,9999.000,9999.000,9999.000,9999.000
202606101636,   0.427,   1.108,9999.000,9999.000,9999.000,9999.000,9999.000,9999.000,9999.000
202606101642,   0.368,   1.079,9999.000,9999.000,9999.000,9999.000,9999.000,9999.000,9999.000
202606101648,   0.311,   1.049,9999.000,9999.000,9999.000,9999.000,9999.000,9999.000,9999.000
202606101654,   0.257,   1.010,9999.000,9999.000,9999.000,9999.000,9999.000,9999.000,9999.000
202606101700,   0.205,   0.951,   0.200,   0.546,   0.951,   0.100,   0.851,   0.300,   1.051
202606101706,   0.155,   0.908,9999.000,9999.000,9999.000,9999.000,9999.000,9999.000,9999.000
202606101712,   0.108,   0.869,9999.000,9999.000,9999.000,9999.000,9999.000,9999.000,9999.000
202606101718,   0.063,   0.829,9999.000,9999.000,9999.000,9999.000,9999.000,9999.000,9999.000
202606101724,   0.021,   0.800,9999.000,9999.000,9999.000,9999.000,9999.000,9999.000,9999.000
202606101730,  -0.016,   0.770,9999.000,9999.000,9999.000,9999.000,9999.000,9999.000,9999.000
202606101736,  -0.052,   0.751,9999.000,9999.000,9999.000,9999.000,9999.000,9999.000,9999.000
202606101742,  -0.084,   0.718,9999.000,9999.000,9999.000,9999.000,9999.000,9999.000,9999.000
202606101748,  -0.112,   0.698,9999.000,9999.000,9999.000,9999.000,9999.000,9999.000,9999.000
202606101754,  -0.137,   0.678,9999.000,9999.000,9999.000,9999.000,9999.000,9999.000,9999.000
202606101800,  -0.157,   0.659,   0.300,   0.628,   0.771,   0.100,   0.571,   0.300,   0.771
202606101806,  -0.173,   0.639,9999.000,9999.000,9999.000,9999.000,9999.000,9999.000,9999.000
202606101812,  -0.184,   0.619,9999.000,9999.000,9999.000,9999.000,9999.000,9999.000,9999.000
202606101818,  -0.191,   0.619,9999.000,9999.000,9999.000,9999.000,9999.000,9999.000,9999.000
202606101824,  -0.193,   0.610,9999.000,9999.000,9999.000,9999.000,9999.000,9999.000,9999.000
202606101830,  -0.189,   0.619,9999.000,9999.000,9999.000,9999.000,9999.000,9999.000,9999.000
202606101836,  -0.180,   0.639,9999.000,9999.000,9999.000,9999.000,9999.000,9999.000,9999.000
202606101842,  -0.166,   0.659,9999.000,9999.000,9999.000,9999.000,9999.000,9999.000,9999.000
202606101848,  -0.146,   0.688,9999.000,9999.000,9999.000,9999.000,9999.000,9999.000,9999.000
202606101854,  -0.120,   0.718,9999.000,9999.000,9999.000,9999.000,9999.000,9999.000,9999.000
202606101900,  -0.088,   0.751,   0.300,   0.466,   0.678,   0.200,   0.578,   0.400,   0.778
202606101906,  -0.051,   0.790,9999.000,9999.000,9999.000,9999.000,9999.000,9999.000,9999.000
202606101912,  -0.007,   0.829,9999.000,9999.000,9999.000,9999.000,9999.000,9999.000,9999.000
202606101918,   0.040,   0.879,9999.000,9999.000,9999.000,9999.000,9999.000,9999.000,9999.000
202606101924,   0.095,   0.928,9999.000,9999.000,9999.000,9999.000,9999.000,9999.000,9999.000
202606101930,   0.155,   1.000,9999.000,9999.000,9999.000,9999.000,9999.000,9999.000,9999.000
202606101936,   0.220,   1.069,9999.000,9999.000,9999.000,9999.000,9999.000,9999.000,9999.000
202606101942,   0.290,   1.151,9999.000,9999.000,9999.000,9999.000,9999.000,9999.000,9999.000
202606101948,   0.365,   1.239,9999.000,9999.000,9999.000,9999.000,9999.000,9999.000,9999.000
202606101954,   0.445,   1.328,9999.000,9999.000,9999.000,9999.000,9999.000,9999.000,9999.000
202606102000,   0.528,   1.420,   0.300,   0.178,   1.006,   0.200,   0.906,   0.400,   1.106
202606102006,   0.616,   1.498,9999.000,9999.000,9999.000,9999.000,9999.000,9999.000,9999.000
202606102012,   0.707,   1.571,9999.000,9999.000,9999.000,9999.000,9999.000,9999.000,9999.000
202606102018,   0.801,   1.639,9999.000,9999.000,9999.000,9999.000,9999.000,9999.000,9999.000
202606102024,   0.898,   1.689,9999.000,9999.000,9999.000,9999.000,9999.000,9999.000,9999.000
202606102030,   0.998,   1.748,9999.000,9999.000,9999.000,9999.000,9999.000,9999.000,9999.000
202606102036,   1.100,   1.800,9999.000,9999.000,9999.000,9999.000,9999.000,9999.000,9999.000
202606102042,   1.203,   1.849,9999.000,9999.000,9999.000,9999.000,9999.000,9999.000,9999.000
202606102048,   1.308,   1.899,9999.000,9999.000,9999.000,9999.000,9999.000,9999.000,9999.000
202606102054,   1.415,   1.958,9999.000,9999.000,9999.000,9999.000,9999.000,9999.000,9999.000
202606102100,   1.522,   2.030,   0.300,  -0.144,   1.678,   0.200,   1.578,   0.400,   1.778
202606102106,   1.630,   2.099,9999.000,9999.000,9999.000,9999.000,9999.000,9999.000,9999.000
202606102112,   1.738,   2.168,9999.000,9999.000,9999.000,9999.000,9999.000,9999.000,9999.000
202606102118,   1.846,   2.240,9999.000,9999.000,9999.000,9999.000,9999.000,9999.000,9999.000
202606102124,   1.954,   2.309,9999.000,9999.000,9999.000,9999.000,9999.000,9999.000,9999.000
202606102130,   2.062,   2.377,9999.000,9999.000,9999.000,9999.000,9999.000,9999.000,9999.000
202606102136,   2.169,   2.450,9999.000,9999.000,9999.000,9999.000,9999.000,9999.000,9999.000
202606102142,   2.275,   2.519,9999.000,9999.000,9999.000,9999.000,9999.000,9999.000,9999.000
202606102148,   2.380,   2.597,9999.000,9999.000,9999.000,9999.000,9999.000,9999.000,9999.000
202606102154,   2.484,   2.669,9999.000,9999.000,9999.000,9999.000,9999.000,9999.000,9999.000
202606102200,   2.586,   2.738,   0.300,  -0.419,   2.467,   0.200,   2.367,   0.400,   2.567
202606102206,   2.686,   2.797,9999.000,9999.000,9999.000,9999.000,9999.000,9999.000,9999.000
202606102212,   2.785,   2.860,9999.000,9999.000,9999.000,9999.000,9999.000,9999.000,9999.000
202606102218,   2.881,   2.909,9999.000,9999.000,9999.000,9999.000,9999.000,9999.000,9999.000
202606102224,   2.975,   2.968,9999.000,9999.000,9999.000,9999.000,9999.000,9999.000,9999.000
202606102230,   3.067,   3.007,9999.000,9999.000,9999.000,9999.000,9999.000,9999.000,9999.000
202606102236,   3.155,   3.079,9999.000,9999.000,9999.000,9999.000,9999.000,9999.000,9999.000
202606102242,   3.240,   3.129,9999.000,9999.000,9999.000,9999.000,9999.000,9999.000,9999.000
202606102248,   3.322,   3.188,9999.000,9999.000,9999.000,9999.000,9999.000,9999.000,9999.000
202606102254,   3.400,   3.240,9999.000,9999.000,9999.000,9999.000,9999.000,9999.000,9999.000
202606102300,   3.474,   3.289,   0.300,  -0.595,   3.179,   0.200,   3.079,   0.400,   3.279
202606102306,   3.543,   3.348,9999.000,9999.000,9999.000,9999.000,9999.000,9999.000,9999.000
202606102312,   3.608,   3.398,9999.000,9999.000,9999.000,9999.000,9999.000,9999.000,9999.000
202606102318,   3.669,   3.450,9999.000,9999.000,9999.000,9999.000,9999.000,9999.000,9999.000
202606102324,   3.724,   3.499,9999.000,9999.000,9999.000,9999.000,9999.000,9999.000,9999.000
202606102330,   3.774,   3.548,9999.000,9999.000,9999.000,9999.000,9999.000,9999.000,9999.000
202606102336,   3.819,   3.598,9999.000,9999.000,9999.000,9999.000,9999.000,9999.000,9999.000
202606102342,   3.858,   3.637,9999.000,9999.000,9999.000,9999.000,9999.000,9999.000,9999.000
202606102348,   3.892,   3.670,9999.000,9999.000,9999.000,9999.000,9999.000,9999.000,9999.000
202606102354,   3.920,   3.709,9999.000,9999.000,9999.000,9999.000,9999.000,9999.000,9999.000
202606110000,   3.942,   3.709,   0.400,  -0.637,   3.705,   0.200,   3.505,   0.400,   3.705
202606110006,   3.958,9999.000,9999.000,9999.000,9999.000,9999.000,9999.000,9999.000,9999.000
202606110012,   3.968,9999.000,9999.000,9999.000,9999.000,9999.000,9999.000,9999.000,9999.000
202606110018,   3.973,9999.000,9999.000,9999.000,9999.000,9999.000,9999.000,9999.000,9999.000
202606110024,   3.972,9999.000,9999.000,9999.000,9999.000,9999.000,9999.000,9999.000,9999.000
202606110030,   3.965,9999.000,9999.000,9999.000,9999.000,9999.000,9999.000,9999.000,9999.000
202606110036,   3.953,9999.000,9999.000,9999.000,9999.000,9999.000,9999.000,9999.000,9999.000
202606110042,   3.935,9999.000,9999.000,9999.000,9999.000,9999.000,9999.000,9999.000,9999.000
202606110048,   3.912,9999.000,9999.000,9999.000,9999.000,9999.000,9999.000,9999.000,9999.000
202606110054,   3.884,9999.000,9999.000,9999.000,9999.000,9999.000,9999.000,9999.000,9999.000
202606110100,   3.852,9999.000,   0.400,  -0.516,   3.736,   0.300,   3.636,   0.400,   3.736
202606110106,   3.815,9999.000,9999.000,9999.000,9999.000,9999.000,9999.000,9999.000,9999.000
202606110112,   3.774,9999.000,9999.000,9999.000,9999.000,9999.000,9999.000,9999.000,9999.000
202606110118,   3.729,9999.000,9999.000,9999.000,9999.000,9999.000,9999.000,9999.000,9999.000
202606110124,   3.679,9999.000,9999.000,9999.000,9999.000,9999.000,9999.000,9999.000,9999.000
202606110130,   3.627,9999.000,9999.000,9999.000,9999.000,9999.000,9999.000,9999.000,9999.000
202606110136,   3.570,9999.000,9999.000,9999.000,9999.000,9999.000,9999.000,9999.000,9999.000
202606110142,   3.511,9999.000,9999.000,9999.000,9999.000,9999.000,9999.000,9999.000,9999.000
202606110148,   3.449,9999.000,9999.000,9999.000,9999.000,9999.000,9999.000,9999.000,9999.000
202606110154,   3.383,9999.000,9999.000,9999.000,9999.000,9999.000,9999.000,9999.000,9999.000
202606110200,   3.316,9999.000,   0.400,  -0.234,   3.482,   0.300,   3.382,   0.400,   3.482
202606110206,   3.245,9999.000,9999.000,9999.000,9999.000,9999.000,9999.000,9999.000,9999.000
202606110212,   3.173,9999.000,9999.000,9999.000,9999.000,9999.000,9999.000,9999.000,9999.000
202606110218,   3.098,9999.000,9999.000,9999.000,9999.000,9999.000,9999.000,9999.000,9999.000
202606110224,   3.022,9999.000,9999.000,9999.000,9999.000,9999.000,9999.000,9999.000,9999.000
202606110230,   2.943,9999.000,9999.000,9999.000,9999.000,9999.000,9999.000,9999.000,9999.000
202606110236,   2.863,9999.000,9999.000,9999.000,9999.000,9999.000,9999.000,9999.000,9999.000
202606110242,   2.782,9999.000,9999.000,9999.000,9999.000,9999.000,9999.000,9999.000,9999.000
202606110248,   2.699,9999.000,9999.000,9999.000,9999.000,9999.000,9999.000,9999.000,9999.000
202606110254,   2.615,9999.000,9999.000,9999.000,9999.000,9999.000,9999.000,9999.000,9999.000
202606110300,   2.529,9999.000,   0.400,   0.148,   3.077,   0.300,   2.977,   0.400,   3.077
202606110306,   2.443,9999.000,9999.000,9999.000,9999.000,9999.000,9999.000,9999.000,9999.000
202606110312,   2.356,9999.000,9999.000,9999.000,9999.000,9999.000,9999.000,9999.000,9999.000
202606110318,   2.268,9999.000,9999.000,9999.000,9999.000,9999.000,9999.000,9999.000,9999.000
202606110324,   2.180,9999.000,9999.000,9999.000,9999.000,9999.000,9999.000,9999.000,9999.000
202606110330,   2.091,9999.000,9999.000,9999.000,9999.000,9999.000,9999.000,9999.000,9999.000
202606110336,   2.002,9999.000,9999.000,9999.000,9999.000,9999.000,9999.000,9999.000,9999.000
202606110342,   1.912,9999.000,9999.000,9999.000,9999.000,9999.000,9999.000,9999.000,9999.000
202606110348,   1.823,9999.000,9999.000,9999.000,9999.000,9999.000,9999.000,9999.000,9999.000
202606110354,   1.734,9999.000,9999.000,9999.000,9999.000,9999.000,9999.000,9999.000,9999.000
202606110400,   1.644,9999.000,   0.400,   0.519,   2.563,   0.300,   2.463,   0.400,   2.563
202606110406,   1.556,9999.000,9999.000,9999.000,9999.000,9999.000,9999.000,9999.000,9999.000
202606110412,   1.468,9999.000,9999.000,9999.000,9999.000,9999.000,9999.000,9999.000,9999.000
202606110418,   1.380,9999.000,9999.000,9999.000,9999.000,9999.000,9999.000,9999.000,9999.000
202606110424,   1.293,9999.000,9999.000,9999.000,9999.000,9999.000,9999.000,9999.000,9999.000
202606110430,   1.207,9999.000,9999.000,9999.000,9999.000,9999.000,9999.000,9999.000,9999.000
202606110436,   1.121,9999.000,9999.000,9999.000,9999.000,9999.000,9999.000,9999.000,9999.000
202606110442,   1.037,9999.000,9999.000,9999.000,9999.000,9999.000,9999.000,9999.000,9999.000
202606110448,   0.953,9999.000,9999.000,9999.000,9999.000,9999.000,9999.000,9999.000,9999.000
202606110454,   0.871,9999.000,9999.000,9999.000,9999.000,9999.000,9999.000,9999.000,9999.000
202606110500,   0.790,9999.000,   0.300,   0.765,   1.855,   0.300,   1.855,   0.400,   1.955
202606110506,   0.710,9999.000,9999.000,9999.000,9999.000,9999.000,9999.000,9999.000,9999.000
202606110512,   0.632,9999.000,9999.000,9999.000,9999.000,9999.000,9999.000,9999.000,9999.000
202606110518,   0.555,9999.000,9999.000,9999.000,9999.000,9999.000,9999.000,9999.000,9999.000
202606110524,   0.479,9999.000,9999.000,9999.000,9999.000,9999.000,9999.000,9999.000,9999.000
202606110530,   0.406,9999.000,9999.000,9999.000,9999.000,9999.000,9999.000,9999.000,9999.000
202606110536,   0.334,9999.000,9999.000,9999.000,9999.000,9999.000,9999.000,9999.000,9999.000
202606110542,   0.264,9999.000,9999.000,9999.000,9999.000,9999.000,9999.000,9999.000,9999.000
202606110548,   0.196,9999.000,9999.000,9999.000,9999.000,9999.000,9999.000,9999.000,9999.000
202606110554,   0.131,9999.000,9999.000,9999.000,9999.000,9999.000,9999.000,9999.000,9999.000
202606110600,   0.068,9999.000,   0.300,   0.827,   1.195,   0.300,   1.195,   0.400,   1.295
202606110606,   0.009,9999.000,9999.000,9999.000,9999.000,9999.000,9999.000,9999.000,9999.000
202606110612,  -0.047,9999.000,9999.000,9999.000,9999.000,9999.000,9999.000,9999.000,9999.000
202606110618,  -0.100,9999.000,9999.000,9999.000,9999.000,9999.000,9999.000,9999.000,9999.000
202606110624,  -0.150,9999.000,9999.000,9999.000,9999.000,9999.000,9999.000,9999.000,9999.000
202606110630,  -0.196,9999.000,9999.000,9999.000,9999.000,9999.000,9999.000,9999.000,9999.000
202606110636,  -0.238,9999.000,9999.000,9999.000,9999.000,9999.000,9999.000,9999.000,9999.000
202606110642,  -0.275,9999.000,9999.000,9999.000,9999.000,9999.000,9999.000,9999.000,9999.000
202606110648,  -0.308,9999.000,9999.000,9999.000,9999.000,9999.000,9999.000,9999.000,9999.000
202606110654,  -0.335,9999.000,9999.000,9999.000,9999.000,9999.000,9999.000,9999.000,9999.000
202606110700,  -0.358,9999.000,   0.300,   0.706,   0.648,   0.300,   0.648,   0.400,   0.748
202606110706,  -0.375,9999.000,9999.000,9999.000,9999.000,9999.000,9999.000,9999.000,9999.000
202606110712,  -0.387,9999.000,9999.000,9999.000,9999.000,9999.000,9999.000,9999.000,9999.000
202606110718,  -0.393,9999.000,9999.000,9999.000,9999.000,9999.000,9999.000,9999.000,9999.000
202606110724,  -0.393,9999.000,9999.000,9999.000,9999.000,9999.000,9999.000,9999.000,9999.000
202606110730,  -0.387,9999.000,9999.000,9999.000,9999.000,9999.000,9999.000,9999.000,9999.000
202606110736,  -0.375,9999.000,9999.000,9999.000,9999.000,9999.000,9999.000,9999.000,9999.000
202606110742,  -0.358,9999.000,9999.000,9999.000,9999.000,9999.000,9999.000,9999.000,9999.000
202606110748,  -0.334,9999.000,9999.000,9999.000,9999.000,9999.000,9999.000,9999.000,9999.000
202606110754,  -0.305,9999.000,9999.000,9999.000,9999.000,9999.000,9999.000,9999.000,9999.000
202606110800,  -0.270,9999.000,   0.300,   0.448,   0.478,   0.200,   0.378,   0.400,   0.578
202606110806,  -0.229,9999.000,9999.000,9999.000,9999.000,9999.000,9999.000,9999.000,9999.000
202606110812,  -0.183,9999.000,9999.000,9999.000,9999.000,9999.000,9999.000,9999.000,9999.000
202606110818,  -0.132,9999.000,9999.000,9999.000,9999.000,9999.000,9999.000,9999.000,9999.000
202606110824,  -0.076,9999.000,9999.000,9999.000,9999.000,9999.000,9999.000,9999.000,9999.000
202606110830,  -0.016,9999.000,9999.000,9999.000,9999.000,9999.000,9999.000,9999.000,9999.000
202606110836,   0.048,9999.000,9999.000,9999.000,9999.000,9999.000,9999.000,9999.000,9999.000
202606110842,   0.117,9999.000,9999.000,9999.000,9999.000,9999.000,9999.000,9999.000,9999.000
202606110848,   0.190,9999.000,9999.000,9999.000,9999.000,9999.000,9999.000,9999.000,9999.000
202606110854,   0.267,9999.000,9999.000,9999.000,9999.000,9999.000,9999.000,9999.000,9999.000
202606110900,   0.346,9999.000,   0.300,   0.113,   0.759,   0.200,   0.659,   0.400,   0.859
202606110906,   0.428,9999.000,9999.000,9999.000,9999.000,9999.000,9999.000,9999.000,9999.000
202606110912,   0.513,9999.000,9999.000,9999.000,9999.000,9999.000,9999.000,9999.000,9999.000
202606110918,   0.600,9999.000,9999.000,9999.000,9999.000,9999.000,9999.000,9999.000,9999.000
202606110924,   0.689,9999.000,9999.000,9999.000,9999.000,9999.000,9999.000,9999.000,9999.000
202606110930,   0.780,9999.000,9999.000,9999.000,9999.000,9999.000,9999.000,9999.000,9999.000
202606110936,   0.873,9999.000,9999.000,9999.000,9999.000,9999.000,9999.000,9999.000,9999.000
202606110942,   0.966,9999.000,9999.000,9999.000,9999.000,9999.000,9999.000,9999.000,9999.000
202606110948,   1.061,9999.000,9999.000,9999.000,9999.000,9999.000,9999.000,9999.000,9999.000
202606110954,   1.156,9999.000,9999.000,9999.000,9999.000,9999.000,9999.000,9999.000,9999.000
202606111000,   1.252,9999.000,   0.300,  -0.219,   1.333,   0.200,   1.233,   0.400,   1.433
202606111006,   1.349,9999.000,9999.000,9999.000,9999.000,9999.000,9999.000,9999.000,9999.000
202606111012,   1.445,9999.000,9999.000,9999.000,9999.000,9999.000,9999.000,9999.000,9999.000
202606111018,   1.541,9999.000,9999.000,9999.000,9999.000,9999.000,9999.000,9999.000,9999.000
202606111024,   1.637,9999.000,9999.000,9999.000,9999.000,9999.000,9999.000,9999.000,9999.000
202606111030,   1.732,9999.000,9999.000,9999.000,9999.000,9999.000,9999.000,9999.000,9999.000
202606111036,   1.827,9999.000,9999.000,9999.000,9999.000,9999.000,9999.000,9999.000,9999.000
202606111042,   1.920,9999.000,9999.000,9999.000,9999.000,9999.000,9999.000,9999.000,9999.000
202606111048,   2.012,9999.000,9999.000,9999.000,9999.000,9999.000,9999.000,9999.000,9999.000
202606111054,   2.102,9999.000,9999.000,9999.000,9999.000,9999.000,9999.000,9999.000,9999.000
202606111100,   2.190,9999.000,   0.300,  -0.453,   2.037,   0.200,   1.937,   0.400,   2.137
202606111106,   2.276,9999.000,9999.000,9999.000,9999.000,9999.000,9999.000,9999.000,9999.000
202606111112,   2.359,9999.000,9999.000,9999.000,9999.000,9999.000,9999.000,9999.000,9999.000
202606111118,   2.440,9999.000,9999.000,9999.000,9999.000,9999.000,9999.000,9999.000,9999.000
202606111124,   2.517,9999.000,9999.000,9999.000,9999.000,9999.000,9999.000,9999.000,9999.000
202606111130,   2.591,9999.000,9999.000,9999.000,9999.000,9999.000,9999.000,9999.000,9999.000
202606111136,   2.661,9999.000,9999.000,9999.000,9999.000,9999.000,9999.000,9999.000,9999.000
202606111142,   2.727,9999.000,9999.000,9999.000,9999.000,9999.000,9999.000,9999.000,9999.000
202606111148,   2.788,9999.000,9999.000,9999.000,9999.000,9999.000,9999.000,9999.000,9999.000
202606111154,   2.845,9999.000,9999.000,9999.000,9999.000,9999.000,9999.000,9999.000,9999.000
202606111200,   2.897,9999.000,   0.300,  -0.531,   2.666,   0.200,   2.566,   0.400,   2.766
202606111206,   2.944,9999.000,9999.000,9999.000,9999.000,9999.000,9999.000,9999.000,9999.000
202606111212,   2.985,9999.000,9999.000,9999.000,9999.000,9999.000,9999.000,9999.000,9999.000
202606111218,   3.022,9999.000,9999.000,9999.000,9999.000,9999.000,9999.000,9999.000,9999.000
202606111224,   3.053,9999.000,9999.000,9999.000,9999.000,9999.000,9999.000,9999.000,9999.000
202606111230,   3.078,9999.000,9999.000,9999.000,9999.000,9999.000,9999.000,9999.000,9999.000
202606111236,   3.097,9999.000,9999.000,9999.000,9999.000,9999.000,9999.000,9999.000,9999.000
202606111242,   3.112,9999.000,9999.000,9999.000,9999.000,9999.000,9999.000,9999.000,9999.000
202606111248,   3.120,9999.000,9999.000,9999.000,9999.000,9999.000,9999.000,9999.000,9999.000
202606111254,   3.123,9999.000,9999.000,9999.000,9999.000,9999.000,9999.000,9999.000,9999.000
202606111300,   3.121,9999.000,   0.300,  -0.456,   2.965,   0.200,   2.865,   0.400,   3.065
202606111306,   3.113,9999.000,9999.000,9999.000,9999.000,9999.000,9999.000,9999.000,9999.000
202606111312,   3.100,9999.000,9999.000,9999.000,9999.000,9999.000,9999.000,9999.000,9999.000
202606111318,   3.082,9999.000,9999.000,9999.000,9999.000,9999.000,9999.000,9999.000,9999.000
202606111324,   3.060,9999.000,9999.000,9999.000,9999.000,9999.000,9999.000,9999.000,9999.000
202606111330,   3.033,9999.000,9999.000,9999.000,9999.000,9999.000,9999.000,9999.000,9999.000
202606111336,   3.001,9999.000,9999.000,9999.000,9999.000,9999.000,9999.000,9999.000,9999.000
202606111342,   2.966,9999.000,9999.000,9999.000,9999.000,9999.000,9999.000,9999.000,9999.000
202606111348,   2.926,9999.000,9999.000,9999.000,9999.000,9999.000,9999.000,9999.000,9999.000
202606111354,   2.883,9999.000,9999.000,9999.000,9999.000,9999.000,9999.000,9999.000,9999.000
202606111400,   2.837,9999.000,   0.300,  -0.272,   2.865,   0.200,   2.765,   0.300,   2.865
202606111406,   2.787,9999.000,9999.000,9999.000,9999.000,9999.000,9999.000,9999.000,9999.000
202606111412,   2.734,9999.000,9999.000,9999.000,9999.000,9999.000,9999.000,9999.000,9999.000
202606111418,   2.678,9999.000,9999.000,9999.000,9999.000,9999.000,9999.000,9999.000,9999.000
202606111424,   2.620,9999.000,9999.000,9999.000,9999.000,9999.000,9999.000,9999.000,9999.000
202606111430,   2.559,9999.000,9999.000,9999.000,9999.000,9999.000,9999.000,9999.000,9999.000
202606111436,   2.496,9999.000,9999.000,9999.000,9999.000,9999.000,9999.000,9999.000,9999.000
202606111442,   2.431,9999.000,9999.000,9999.000,9999.000,9999.000,9999.000,9999.000,9999.000
202606111448,   2.364,9999.000,9999.000,9999.000,9999.000,9999.000,9999.000,9999.000,9999.000
202606111454,   2.296,9999.000,9999.000,9999.000,9999.000,9999.000,9999.000,9999.000,9999.000
202606111500,   2.225,9999.000,   0.300,  -0.010,   2.515,   0.200,   2.415,   0.400,   2.615
202606111506,   2.154,9999.000,9999.000,9999.000,9999.000,9999.000,9999.000,9999.000,9999.000
202606111512,   2.081,9999.000,9999.000,9999.000,9999.000,9999.000,9999.000,9999.000,9999.000
202606111518,   2.007,9999.000,9999.000,9999.000,9999.000,9999.000,9999.000,9999.000,9999.000
202606111524,   1.932,9999.000,9999.000,9999.000,9999.000,9999.000,9999.000,9999.000,9999.000
202606111530,   1.856,9999.000,9999.000,9999.000,9999.000,9999.000,9999.000,9999.000,9999.000
202606111536,   1.780,9999.000,9999.000,9999.000,9999.000,9999.000,9999.000,9999.000,9999.000
202606111542,   1.703,9999.000,9999.000,9999.000,9999.000,9999.000,9999.000,9999.000,9999.000
202606111548,   1.626,9999.000,9999.000,9999.000,9999.000,9999.000,9999.000,9999.000,9999.000
202606111554,   1.549,9999.000,9999.000,9999.000,9999.000,9999.000,9999.000,9999.000,9999.000
202606111600,   1.472,9999.000,   0.300,   0.302,   2.074,   0.200,   1.974,   0.300,   2.074
202606111606,   1.395,9999.000,9999.000,9999.000,9999.000,9999.000,9999.000,9999.000,9999.000
202606111612,   1.319,9999.000,9999.000,9999.000,9999.000,9999.000,9999.000,9999.000,9999.000
202606111618,   1.243,9999.000,9999.000,9999.000,9999.000,9999.000,9999.000,9999.000,9999.000
202606111624,   1.168,9999.000,9999.000,9999.000,9999.000,9999.000,9999.000,9999.000,9999.000
202606111630,   1.093,9999.000,9999.000,9999.000,9999.000,9999.000,9999.000,9999.000,9999.000
202606111636,   1.020,9999.000,9999.000,9999.000,9999.000,9999.000,9999.000,9999.000,9999.000
202606111642,   0.947,9999.000,9999.000,9999.000,9999.000,9999.000,9999.000,9999.000,9999.000
202606111648,   0.876,9999.000,9999.000,9999.000,9999.000,9999.000,9999.000,9999.000,9999.000
202606111654,   0.806,9999.000,9999.000,9999.000,9999.000,9999.000,9999.000,9999.000,9999.000
202606111700,   0.737,9999.000,   0.300,   0.586,   1.623,   0.200,   1.523,   0.300,   1.623
202606111706,   0.670,9999.000,9999.000,9999.000,9999.000,9999.000,9999.000,9999.000,9999.000
202606111712,   0.605,9999.000,9999.000,9999.000,9999.000,9999.000,9999.000,9999.000,9999.000
202606111718,   0.541,9999.000,9999.000,9999.000,9999.000,9999.000,9999.000,9999.000,9999.000
202606111724,   0.479,9999.000,9999.000,9999.000,9999.000,9999.000,9999.000,9999.000,9999.000
202606111730,   0.419,9999.000,9999.000,9999.000,9999.000,9999.000,9999.000,9999.000,9999.000
202606111736,   0.360,9999.000,9999.000,9999.000,9999.000,9999.000,9999.000,9999.000,9999.000
202606111742,   0.304,9999.000,9999.000,9999.000,9999.000,9999.000,9999.000,9999.000,9999.000
202606111748,   0.250,9999.000,9999.000,9999.000,9999.000,9999.000,9999.000,9999.000,9999.000
202606111754,   0.198,9999.000,9999.000,9999.000,9999.000,9999.000,9999.000,9999.000,9999.000
202606111800,   0.148,9999.000,   0.300,   0.725,   1.173,   0.200,   1.073,   0.300,   1.173
202606111806,   0.101,9999.000,9999.000,9999.000,9999.000,9999.000,9999.000,9999.000,9999.000
202606111812,   0.057,9999.000,9999.000,9999.000,9999.000,9999.000,9999.000,9999.000,9999.000
202606111818,   0.015,9999.000,9999.000,9999.000,9999.000,9999.000,9999.000,9999.000,9999.000
202606111824,  -0.023,9999.000,9999.000,9999.000,9999.000,9999.000,9999.000,9999.000,9999.000
202606111830,  -0.058,9999.000,9999.000,9999.000,9999.000,9999.000,9999.000,9999.000,9999.000
202606111836,  -0.090,9999.000,9999.000,9999.000,9999.000,9999.000,9999.000,9999.000,9999.000
202606111842,  -0.118,9999.000,9999.000,9999.000,9999.000,9999.000,9999.000,9999.000,9999.000
202606111848,  -0.142,9999.000,9999.000,9999.000,9999.000,9999.000,9999.000,9999.000,9999.000
202606111854,  -0.162,9999.000,9999.000,9999.000,9999.000,9999.000,9999.000,9999.000,9999.000
202606111900,  -0.177,9999.000,   0.300,   0.652,   0.775,   0.200,   0.675,   0.400,   0.875
202606111906,  -0.188,9999.000,9999.000,9999.000,9999.000,9999.000,9999.000,9999.000,9999.000
202606111912,  -0.194,9999.000,9999.000,9999.000,9999.000,9999.000,9999.000,9999.000,9999.000
202606111918,  -0.195,9999.000,9999.000,9999.000,9999.000,9999.000,9999.000,9999.000,9999.000
202606111924,  -0.190,9999.000,9999.000,9999.000,9999.000,9999.000,9999.000,9999.000,9999.000
202606111930,  -0.180,9999.000,9999.000,9999.000,9999.000,9999.000,9999.000,9999.000,9999.000
202606111936,  -0.165,9999.000,9999.000,9999.000,9999.000,9999.000,9999.000,9999.000,9999.000
202606111942,  -0.143,9999.000,9999.000,9999.000,9999.000,9999.000,9999.000,9999.000,9999.000
202606111948,  -0.116,9999.000,9999.000,9999.000,9999.000,9999.000,9999.000,9999.000,9999.000
202606111954,  -0.083,9999.000,9999.000,9999.000,9999.000,9999.000,9999.000,9999.000,9999.000
202606112000,  -0.043,9999.000,   0.300,   0.401,   0.658,   0.200,   0.558,   0.400,   0.758
202606112006,   0.001,9999.000,9999.000,9999.000,9999.000,9999.000,9999.000,9999.000,9999.000
202606112012,   0.052,9999.000,9999.000,9999.000,9999.000,9999.000,9999.000,9999.000,9999.000
202606112018,   0.108,9999.000,9999.000,9999.000,9999.000,9999.000,9999.000,9999.000,9999.000
202606112024,   0.170,9999.000,9999.000,9999.000,9999.000,9999.000,9999.000,9999.000,9999.000
202606112030,   0.238,9999.000,9999.000,9999.000,9999.000,9999.000,9999.000,9999.000,9999.000
202606112036,   0.311,9999.000,9999.000,9999.000,9999.000,9999.000,9999.000,9999.000,9999.000
202606112042,   0.388,9999.000,9999.000,9999.000,9999.000,9999.000,9999.000,9999.000,9999.000
202606112048,   0.471,9999.000,9999.000,9999.000,9999.000,9999.000,9999.000,9999.000,9999.000
202606112054,   0.557,9999.000,9999.000,9999.000,9999.000,9999.000,9999.000,9999.000,9999.000
202606112100,   0.648,9999.000,   0.300,   0.066,   1.014,   0.200,   0.914,   0.400,   1.114
202606112106,   0.743,9999.000,9999.000,9999.000,9999.000,9999.000,9999.000,9999.000,9999.000
202606112112,   0.840,9999.000,9999.000,9999.000,9999.000,9999.000,9999.000,9999.000,9999.000
202606112118,   0.941,9999.000,9999.000,9999.000,9999.000,9999.000,9999.000,9999.000,9999.000
202606112124,   1.045,9999.000,9999.000,9999.000,9999.000,9999.000,9999.000,9999.000,9999.000
202606112130,   1.151,9999.000,9999.000,9999.000,9999.000,9999.000,9999.000,9999.000,9999.000
202606112136,   1.258,9999.000,9999.000,9999.000,9999.000,9999.000,9999.000,9999.000,9999.000
202606112142,   1.368,9999.000,9999.000,9999.000,9999.000,9999.000,9999.000,9999.000,9999.000
202606112148,   1.479,9999.000,9999.000,9999.000,9999.000,9999.000,9999.000,9999.000,9999.000
202606112154,   1.591,9999.000,9999.000,9999.000,9999.000,9999.000,9999.000,9999.000,9999.000
202606112200,   1.704,9999.000,   0.300,  -0.265,   1.739,   0.200,   1.639,   0.400,   1.839
202606112206,   1.817,9999.000,9999.000,9999.000,9999.000,9999.000,9999.000,9999.000,9999.000
202606112212,   1.931,9999.000,9999.000,9999.000,9999.000,9999.000,9999.000,9999.000,9999.000
202606112218,   2.045,9999.000,9999.000,9999.000,9999.000,9999.000,9999.000,9999.000,9999.000
202606112224,   2.158,9999.000,9999.000,9999.000,9999.000,9999.000,9999.000,9999.000,9999.000
202606112230,   2.271,9999.000,9999.000,9999.000,9999.000,9999.000,9999.000,9999.000,9999.000
202606112236,   2.383,9999.000,9999.000,9999.000,9999.000,9999.000,9999.000,9999.000,9999.000
202606112242,   2.494,9999.000,9999.000,9999.000,9999.000,9999.000,9999.000,9999.000,9999.000
202606112248,   2.604,9999.000,9999.000,9999.000,9999.000,9999.000,9999.000,9999.000,9999.000
202606112254,   2.713,9999.000,9999.000,9999.000,9999.000,9999.000,9999.000,9999.000,9999.000
202606112300,   2.819,9999.000,   0.300,  -0.530,   2.589,   0.300,   2.589,   0.400,   2.689
202606112306,   2.924,9999.000,9999.000,9999.000,9999.000,9999.000,9999.000,9999.000,9999.000
202606112312,   3.026,9999.000,9999.000,9999.000,9999.000,9999.000,9999.000,9999.000,9999.000
202606112318,   3.126,9999.000,9999.000,9999.000,9999.000,9999.000,9999.000,9999.000,9999.000
202606112324,   3.223,9999.000,9999.000,9999.000,9999.000,9999.000,9999.000,9999.000,9999.000
202606112330,   3.317,9999.000,9999.000,9999.000,9999.000,9999.000,9999.000,9999.000,9999.000
202606112336,   3.407,9999.000,9999.000,9999.000,9999.000,9999.000,9999.000,9999.000,9999.000
202606112342,   3.494,9999.000,9999.000,9999.000,9999.000,9999.000,9999.000,9999.000,9999.000
202606112348,   3.576,9999.000,9999.000,9999.000,9999.000,9999.000,9999.000,9999.000,9999.000
202606112354,   3.654,9999.000,9999.000,9999.000,9999.000,9999.000,9999.000,9999.000,9999.000
202606120000,   3.728,9999.000,   0.400,  -0.680,   3.448,   0.300,   3.348,   0.400,   3.448
202606120006,   3.796,9999.000,9999.000,9999.000,9999.000,9999.000,9999.000,9999.000,9999.000
202606120012,   3.860,9999.000,9999.000,9999.000,9999.000,9999.000,9999.000,9999.000,9999.000
202606120018,   3.918,9999.000,9999.000,9999.000,9999.000,9999.000,9999.000,9999.000,9999.000
202606120024,   3.970,9999.000,9999.000,9999.000,9999.000,9999.000,9999.000,9999.000,9999.000
202606120030,   4.016,9999.000,9999.000,9999.000,9999.000,9999.000,9999.000,9999.000,9999.000
202606120036,   4.057,9999.000,9999.000,9999.000,9999.000,9999.000,9999.000,9999.000,9999.000
202606120042,   4.091,9999.000,9999.000,9999.000,9999.000,9999.000,9999.000,9999.000,9999.000
202606120048,   4.119,9999.000,9999.000,9999.000,9999.000,9999.000,9999.000,9999.000,9999.000
202606120054,   4.141,9999.000,9999.000,9999.000,9999.000,9999.000,9999.000,9999.000,9999.000
202606120100,   4.157,9999.000,   0.400,  -0.672,   3.885,   0.300,   3.785,   0.500,   3.985
202606120106,   4.166,9999.000,9999.000,9999.000,9999.000,9999.000,9999.000,9999.000,9999.000
202606120112,   4.169,9999.000,9999.000,9999.000,9999.000,9999.000,9999.000,9999.000,9999.000
202606120118,   4.166,9999.000,9999.000,9999.000,9999.000,9999.000,9999.000,9999.000,9999.000
202606120124,   4.157,9999.000,9999.000,9999.000,9999.000,9999.000,9999.000,9999.000,9999.000
202606120130,   4.143,9999.000,9999.000,9999.000,9999.000,9999.000,9999.000,9999.000,9999.000
202606120136,   4.122,9999.000,9999.000,9999.000,9999.000,9999.000,9999.000,9999.000,9999.000
202606120142,   4.097,9999.000,9999.000,9999.000,9999.000,9999.000,9999.000,9999.000,9999.000
202606120148,   4.065,9999.000,9999.000,9999.000,9999.000,9999.000,9999.000,9999.000,9999.000
202606120154,   4.029,9999.000,9999.000,9999.000,9999.000,9999.000,9999.000,9999.000,9999.000
202606120200,   3.989,9999.000,   0.400,  -0.483,   3.906,   0.300,   3.806,   0.500,   4.006
202606120206,   3.943,9999.000,9999.000,9999.000,9999.000,9999.000,9999.000,9999.000,9999.000
202606120212,   3.894,9999.000,9999.000,9999.000,9999.000,9999.000,9999.000,9999.000,9999.000
202606120218,   3.840,9999.000,9999.000,9999.000,9999.000,9999.000,9999.000,9999.000,9999.000
202606120224,   3.783,9999.000,9999.000,9999.000,9999.000,9999.000,9999.000,9999.000,9999.000
202606120230,   3.722,9999.000,9999.000,9999.000,9999.000,9999.000,9999.000,9999.000,9999.000
202606120236,   3.658,9999.000,9999.000,9999.000,9999.000,9999.000,9999.000,9999.000,9999.000
202606120242,   3.591,9999.000,9999.000,9999.000,9999.000,9999.000,9999.000,9999.000,9999.000
202606120248,   3.521,9999.000,9999.000,9999.000,9999.000,9999.000,9999.000,9999.000,9999.000
202606120254,   3.448,9999.000,9999.000,9999.000,9999.000,9999.000,9999.000,9999.000,9999.000
202606120300,   3.372,9999.000,   0.400,  -0.133,   3.639,   0.300,   3.539,   0.500,   3.739
202606120306,   3.295,9999.000,9999.000,9999.000,9999.000,9999.000,9999.000,9999.000,9999.000
202606120312,   3.215,9999.000,9999.000,9999.000,9999.000,9999.000,9999.000,9999.000,9999.000
202606120318,   3.134,9999.000,9999.000,9999.000,9999.000,9999.000,9999.000,9999.000,9999.000
202606120324,   3.050,9999.000,9999.000,9999.000,9999.000,9999.000,9999.000,9999.000,9999.000
202606120330,   2.965,9999.000,9999.000,9999.000,9999.000,9999.000,9999.000,9999.000,9999.000
202606120336,   2.878,9999.000,9999.000,9999.000,9999.000,9999.000,9999.000,9999.000,9999.000
202606120342,   2.790,9999.000,9999.000,9999.000,9999.000,9999.000,9999.000,9999.000,9999.000
202606120348,   2.701,9999.000,9999.000,9999.000,9999.000,9999.000,9999.000,9999.000,9999.000
202606120354,   2.611,9999.000,9999.000,9999.000,9999.000,9999.000,9999.000,9999.000,9999.000
202606120400,   2.520,9999.000,   0.400,   0.283,   3.203,   0.300,   3.103,   0.500,   3.303
202606120406,   2.428,9999.000,9999.000,9999.000,9999.000,9999.000,9999.000,9999.000,9999.000
202606120412,   2.336,9999.000,9999.000,9999.000,9999.000,9999.000,9999.000,9999.000,9999.000
202606120418,   2.243,9999.000,9999.000,9999.000,9999.000,9999.000,9999.000,9999.000,9999.000
202606120424,   2.149,9999.000,9999.000,9999.000,9999.000,9999.000,9999.000,9999.000,9999.000
202606120430,   2.056,9999.000,9999.000,9999.000,9999.000,9999.000,9999.000,9999.000,9999.000
202606120436,   1.962,9999.000,9999.000,9999.000,9999.000,9999.000,9999.000,9999.000,9999.000
202606120442,   1.869,9999.000,9999.000,9999.000,9999.000,9999.000,9999.000,9999.000,9999.000
202606120448,   1.775,9999.000,9999.000,9999.000,9999.000,9999.000,9999.000,9999.000,9999.000
202606120454,   1.682,9999.000,9999.000,9999.000,9999.000,9999.000,9999.000,9999.000,9999.000
202606120500,   1.589,9999.000,   0.400,   0.621,   2.610,   0.300,   2.510,   0.500,   2.710
202606120506,   1.497,9999.000,9999.000,9999.000,9999.000,9999.000,9999.000,9999.000,9999.000
202606120512,   1.405,9999.000,9999.000,9999.000,9999.000,9999.000,9999.000,9999.000,9999.000
202606120518,   1.314,9999.000,9999.000,9999.000,9999.000,9999.000,9999.000,9999.000,9999.000
202606120524,   1.224,9999.000,9999.000,9999.000,9999.000,9999.000,9999.000,9999.000,9999.000
202606120530,   1.134,9999.000,9999.000,9999.000,9999.000,9999.000,9999.000,9999.000,9999.000
202606120536,   1.045,9999.000,9999.000,9999.000,9999.000,9999.000,9999.000,9999.000,9999.000
202606120542,   0.957,9999.000,9999.000,9999.000,9999.000,9999.000,9999.000,9999.000,9999.000
202606120548,   0.871,9999.000,9999.000,9999.000,9999.000,9999.000,9999.000,9999.000,9999.000
202606120554,   0.785,9999.000,9999.000,9999.000,9999.000,9999.000,9999.000,9999.000,9999.000
202606120600,   0.700,9999.000,   0.400,   0.785,   1.885,   0.400,   1.885,   0.500,   1.985
202606120606,   0.617,9999.000,9999.000,9999.000,9999.000,9999.000,9999.000,9999.000,9999.000
202606120612,   0.535,9999.000,9999.000,9999.000,9999.000,9999.000,9999.000,9999.000,9999.000
202606120618,   0.454,9999.000,9999.000,9999.000,9999.000,9999.000,9999.000,9999.000,9999.000
202606120624,   0.376,9999.000,9999.000,9999.000,9999.000,9999.000,9999.000,9999.000,9999.000
202606120630,   0.298,9999.000,9999.000,9999.000,9999.000,9999.000,9999.000,9999.000,9999.000
202606120636,   0.223,9999.000,9999.000,9999.000,9999.000,9999.000,9999.000,9999.000,9999.000
202606120642,   0.150,9999.000,9999.000,9999.000,9999.000,9999.000,9999.000,9999.000,9999.000
202606120648,   0.079,9999.000,9999.000,9999.000,9999.000,9999.000,9999.000,9999.000,9999.000
202606120654,   0.011,9999.000,9999.000,9999.000,9999.000,9999.000,9999.000,9999.000,9999.000
202606120700,  -0.054,9999.000,   0.400,   0.772,   1.118,   0.300,   1.018,   0.500,   1.218
202606120706,  -0.116,9999.000,9999.000,9999.000,9999.000,9999.000,9999.000,9999.000,9999.000
202606120712,  -0.175,9999.000,9999.000,9999.000,9999.000,9999.000,9999.000,9999.000,9999.000
202606120718,  -0.231,9999.000,9999.000,9999.000,9999.000,9999.000,9999.000,9999.000,9999.000
202606120724,  -0.282,9999.000,9999.000,9999.000,9999.000,9999.000,9999.000,9999.000,9999.000
202606120730,  -0.330,9999.000,9999.000,9999.000,9999.000,9999.000,9999.000,9999.000,9999.000
202606120736,  -0.372,9999.000,9999.000,9999.000,9999.000,9999.000,9999.000,9999.000,9999.000
202606120742,  -0.411,9999.000,9999.000,9999.000,9999.000,9999.000,9999.000,9999.000,9999.000
202606120748,  -0.444,9999.000,9999.000,9999.000,9999.000,9999.000,9999.000,9999.000,9999.000
202606120754,  -0.471,9999.000,9999.000,9999.000,9999.000,9999.000,9999.000,9999.000,9999.000
202606120800,  -0.494,9999.000,   0.500,   0.620,   0.626,   0.300,   0.426,   0.600,   0.726
202606120806,  -0.510,9999.000,9999.000,9999.000,9999.000,9999.000,9999.000,9999.000,9999.000
202606120812,  -0.521,9999.000,9999.000,9999.000,9999.000,9999.000,9999.000,9999.000,9999.000
202606120818,  -0.525,9999.000,9999.000,9999.000,9999.000,9999.000,9999.000,9999.000,9999.000
202606120824,  -0.524,9999.000,9999.000,9999.000,9999.000,9999.000,9999.000,9999.000,9999.000
202606120830,  -0.516,9999.000,9999.000,9999.000,9999.000,9999.000,9999.000,9999.000,9999.000
202606120836,  -0.502,9999.000,9999.000,9999.000,9999.000,9999.000,9999.000,9999.000,9999.000
202606120842,  -0.483,9999.000,9999.000,9999.000,9999.000,9999.000,9999.000,9999.000,9999.000
202606120848,  -0.457,9999.000,9999.000,9999.000,9999.000,9999.000,9999.000,9999.000,9999.000
202606120854,  -0.425,9999.000,9999.000,9999.000,9999.000,9999.000,9999.000,9999.000,9999.000
202606120900,  -0.387,9999.000,   0.500,   0.348,   0.461,   0.400,   0.361,   0.600,   0.561
202606120906,  -0.343,9999.000,9999.000,9999.000,9999.000,9999.000,9999.000,9999.000,9999.000
202606120912,  -0.295,9999.000,9999.000,9999.000,9999.000,9999.000,9999.000,9999.000,9999.000
202606120918,  -0.241,9999.000,9999.000,9999.000,9999.000,9999.000,9999.000,9999.000,9999.000
202606120924,  -0.182,9999.000,9999.000,9999.000,9999.000,9999.000,9999.000,9999.000,9999.000
202606120930,  -0.118,9999.000,9999.000,9999.000,9999.000,9999.000,9999.000,9999.000,9999.000
202606120936,  -0.050,9999.000,9999.000,9999.000,9999.000,9999.000,9999.000,9999.000,9999.000
202606120942,   0.022,9999.000,9999.000,9999.000,9999.000,9999.000,9999.000,9999.000,9999.000
202606120948,   0.098,9999.000,9999.000,9999.000,9999.000,9999.000,9999.000,9999.000,9999.000
202606120954,   0.178,9999.000,9999.000,9999.000,9999.000,9999.000,9999.000,9999.000,9999.000
202606121000,   0.260,9999.000,   0.500,  -0.006,   0.754,   0.400,   0.654,   0.600,   0.854
202606121006,   0.346,9999.000,9999.000,9999.000,9999.000,9999.000,9999.000,9999.000,9999.000
202606121012,   0.435,9999.000,9999.000,9999.000,9999.000,9999.000,9999.000,9999.000,9999.000
202606121018,   0.526,9999.000,9999.000,9999.000,9999.000,9999.000,9999.000,9999.000,9999.000
202606121024,   0.619,9999.000,9999.000,9999.000,9999.000,9999.000,9999.000,9999.000,9999.000
202606121030,   0.715,9999.000,9999.000,9999.000,9999.000,9999.000,9999.000,9999.000,9999.000
202606121036,   0.811,9999.000,9999.000,9999.000,9999.000,9999.000,9999.000,9999.000,9999.000
202606121042,   0.909,9999.000,9999.000,9999.000,9999.000,9999.000,9999.000,9999.000,9999.000
202606121048,   1.009,9999.000,9999.000,9999.000,9999.000,9999.000,9999.000,9999.000,9999.000
202606121054,   1.109,9999.000,9999.000,9999.000,9999.000,9999.000,9999.000,9999.000,9999.000
202606121100,   1.210,9999.000,   0.500,  -0.329,   1.381,   0.400,   1.281,   0.600,   1.481
202606121106,   1.311,9999.000,9999.000,9999.000,9999.000,9999.000,9999.000,9999.000,9999.000
202606121112,   1.413,9999.000,9999.000,9999.000,9999.000,9999.000,9999.000,9999.000,9999.000
202606121118,   1.514,9999.000,9999.000,9999.000,9999.000,9999.000,9999.000,9999.000,9999.000
202606121124,   1.615,9999.000,9999.000,9999.000,9999.000,9999.000,9999.000,9999.000,9999.000
202606121130,   1.715,9999.000,9999.000,9999.000,9999.000,9999.000,9999.000,9999.000,9999.000
202606121136,   1.814,9999.000,9999.000,9999.000,9999.000,9999.000,9999.000,9999.000,9999.000
202606121142,   1.912,9999.000,9999.000,9999.000,9999.000,9999.000,9999.000,9999.000,9999.000
202606121148,   2.008,9999.000,9999.000,9999.000,9999.000,9999.000,9999.000,9999.000,9999.000
202606121154,   2.102,9999.000,9999.000,9999.000,9999.000,9999.000,9999.000,9999.000,9999.000
202606121200,   2.194,9999.000,   0.500,  -0.497,   2.197,   0.400,   2.097,   0.600,   2.297
202606121206,   2.283,9999.000,9999.000,9999.000,9999.000,9999.000,9999.000,9999.000,9999.000
202606121212,   2.369,9999.000,9999.000,9999.000,9999.000,9999.000,9999.000,9999.000,9999.000
202606121218,   2.452,9999.000,9999.000,9999.000,9999.000,9999.000,9999.000,9999.000,9999.000
202606121224,   2.531,9999.000,9999.000,9999.000,9999.000,9999.000,9999.000,9999.000,9999.000
202606121230,   2.606,9999.000,9999.000,9999.000,9999.000,9999.000,9999.000,9999.000,9999.000
202606121236,   2.676,9999.000,9999.000,9999.000,9999.000,9999.000,9999.000,9999.000,9999.000
202606121242,   2.742,9999.000,9999.000,9999.000,9999.000,9999.000,9999.000,9999.000,9999.000
202606121248,   2.803,9999.000,9999.000,9999.000,9999.000,9999.000,9999.000,9999.000,9999.000
202606121254,   2.859,9999.000,9999.000,9999.000,9999.000,9999.000,9999.000,9999.000,9999.000
202606121300,   2.909,9999.000,   0.500,  -0.491,   2.918,   0.400,   2.818,   0.600,   3.018
202606121306,   2.954,9999.000,9999.000,9999.000,9999.000,9999.000,9999.000,9999.000,9999.000
202606121312,   2.993,9999.000,9999.000,9999.000,9999.000,9999.000,9999.000,9999.000,9999.000
202606121318,   3.027,9999.000,9999.000,9999.000,9999.000,9999.000,9999.000,9999.000,9999.000
202606121324,   3.054,9999.000,9999.000,9999.000,9999.000,9999.000,9999.000,9999.000,9999.000
202606121330,   3.076,9999.000,9999.000,9999.000,9999.000,9999.000,9999.000,9999.000,9999.000
202606121336,   3.092,9999.000,9999.000,9999.000,9999.000,9999.000,9999.000,9999.000,9999.000
202606121342,   3.101,9999.000,9999.000,9999.000,9999.000,9999.000,9999.000,9999.000,9999.000
202606121348,   3.106,9999.000,9999.000,9999.000,9999.000,9999.000,9999.000,9999.000,9999.000
202606121354,   3.104,9999.000,9999.000,9999.000,9999.000,9999.000,9999.000,9999.000,9999.000
202606121400,   3.097,9999.000,   0.600,  -0.373,   3.324,   0.400,   3.124,   0.600,   3.324
202606121406,   3.084,9999.000,9999.000,9999.000,9999.000,9999.000,9999.000,9999.000,9999.000
202606121412,   3.067,9999.000,9999.000,9999.000,9999.000,9999.000,9999.000,9999.000,9999.000
202606121418,   3.044,9999.000,9999.000,9999.000,9999.000,9999.000,9999.000,9999.000,9999.000
202606121424,   3.017,9999.000,9999.000,9999.000,9999.000,9999.000,9999.000,9999.000,9999.000
202606121430,   2.986,9999.000,9999.000,9999.000,9999.000,9999.000,9999.000,9999.000,9999.000
202606121436,   2.950,9999.000,9999.000,9999.000,9999.000,9999.000,9999.000,9999.000,9999.000
202606121442,   2.910,9999.000,9999.000,9999.000,9999.000,9999.000,9999.000,9999.000,9999.000
202606121448,   2.866,9999.000,9999.000,9999.000,9999.000,9999.000,9999.000,9999.000,9999.000
202606121454,   2.819,9999.000,9999.000,9999.000,9999.000,9999.000,9999.000,9999.000,9999.000
202606121500,   2.768,9999.000,   0.600,  -0.168,   3.200,   0.500,   3.100,   0.700,   3.300
202606121506,   2.715,9999.000,9999.000,9999.000,9999.000,9999.000,9999.000,9999.000,9999.000
202606121512,   2.658,9999.000,9999.000,9999.000,9999.000,9999.000,9999.000,9999.000,9999.000
202606121518,   2.599,9999.000,9999.000,9999.000,9999.000,9999.000,9999.000,9999.000,9999.000
202606121524,   2.537,9999.000,9999.000,9999.000,9999.000,9999.000,9999.000,9999.000,9999.000
202606121530,   2.474,9999.000,9999.000,9999.000,9999.000,9999.000,9999.000,9999.000,9999.000
202606121536,   2.408,9999.000,9999.000,9999.000,9999.000,9999.000,9999.000,9999.000,9999.000
202606121542,   2.340,9999.000,9999.000,9999.000,9999.000,9999.000,9999.000,9999.000,9999.000
202606121548,   2.271,9999.000,9999.000,9999.000,9999.000,9999.000,9999.000,9999.000,9999.000
202606121554,   2.200,9999.000,9999.000,9999.000,9999.000,9999.000,9999.000,9999.000,9999.000
202606121600,   2.128,9999.000,   0.600,   0.134,   2.862,   0.500,   2.762,   0.700,   2.962
202606121606,   2.055,9999.000,9999.000,9999.000,9999.000,9999.000,9999.000,9999.000,9999.000
202606121612,   1.981,9999.000,9999.000,9999.000,9999.000,9999.000,9999.000,9999.000,9999.000
202606121618,   1.906,9999.000,9999.000,9999.000,9999.000,9999.000,9999.000,9999.000,9999.000
202606121624,   1.830,9999.000,9999.000,9999.000,9999.000,9999.000,9999.000,9999.000,9999.000
202606121630,   1.754,9999.000,9999.000,9999.000,9999.000,9999.000,9999.000,9999.000,9999.000
202606121636,   1.678,9999.000,9999.000,9999.000,9999.000,9999.000,9999.000,9999.000,9999.000
202606121642,   1.601,9999.000,9999.000,9999.000,9999.000,9999.000,9999.000,9999.000,9999.000
202606121648,   1.525,9999.000,9999.000,9999.000,9999.000,9999.000,9999.000,9999.000,9999.000
202606121654,   1.448,9999.000,9999.000,9999.000,9999.000,9999.000,9999.000,9999.000,9999.000
202606121700,   1.372,9999.000,   0.600,   0.477,   2.449,   0.500,   2.349,   0.700,   2.549
202606121706,   1.297,9999.000,9999.000,9999.000,9999.000,9999.000,9999.000,9999.000,9999.000
202606121712,   1.222,9999.000,9999.000,9999.000,9999.000,9999.000,9999.000,9999.000,9999.000
202606121718,   1.148,9999.000,9999.000,9999.000,9999.000,9999.000,9999.000,9999.000,9999.000
202606121724,   1.075,9999.000,9999.000,9999.000,9999.000,9999.000,9999.000,9999.000,9999.000
202606121730,   1.003,9999.000,9999.000,9999.000,9999.000,9999.000,9999.000,9999.000,9999.000
202606121736,   0.932,9999.000,9999.000,9999.000,9999.000,9999.000,9999.000,9999.000,9999.000
202606121742,   0.863,9999.000,9999.000,9999.000,9999.000,9999.000,9999.000,9999.000,9999.000
202606121748,   0.794,9999.000,9999.000,9999.000,9999.000,9999.000,9999.000,9999.000,9999.000
202606121754,   0.727,9999.000,9999.000,9999.000,9999.000,9999.000,9999.000,9999.000,9999.000
202606121800,   0.662,9999.000,   0.600,   0.718,   1.980,   0.500,   1.880,   0.700,   2.080
202606121806,   0.598,9999.000,9999.000,9999.000,9999.000,9999.000,9999.000,9999.000,9999.000
202606121812,   0.535,9999.000,9999.000,9999.000,9999.000,9999.000,9999.000,9999.000,9999.000
202606121818,   0.475,9999.000,9999.000,9999.000,9999.000,9999.000,9999.000,9999.000,9999.000
202606121824,   0.416,9999.000,9999.000,9999.000,9999.000,9999.000,9999.000,9999.000,9999.000
202606121830,   0.359,9999.000,9999.000,9999.000,9999.000,9999.000,9999.000,9999.000,9999.000
202606121836,   0.304,9999.000,9999.000,9999.000,9999.000,9999.000,9999.000,9999.000,9999.000
202606121842,   0.251,9999.000,9999.000,9999.000,9999.000,9999.000,9999.000,9999.000,9999.000
202606121848,   0.200,9999.000,9999.000,9999.000,9999.000,9999.000,9999.000,9999.000,9999.000
202606121854,   0.152,9999.000,9999.000,9999.000,9999.000,9999.000,9999.000,9999.000,9999.000
202606121900,   0.106,9999.000,   0.600,   0.750,   1.456,   0.500,   1.356,   0.700,   1.556
202606121906,   0.063,9999.000,9999.000,9999.000,9999.000,9999.000,9999.000,9999.000,9999.000
202606121912,   0.022,9999.000,9999.000,9999.000,9999.000,9999.000,9999.000,9999.000,9999.000
202606121918,  -0.014,9999.000,9999.000,9999.000,9999.000,9999.000,9999.000,9999.000,9999.000
202606121924,  -0.049,9999.000,9999.000,9999.000,9999.000,9999.000,9999.000,9999.000,9999.000
202606121930,  -0.079,9999.000,9999.000,9999.000,9999.000,9999.000,9999.000,9999.000,9999.000
202606121936,  -0.106,9999.000,9999.000,9999.000,9999.000,9999.000,9999.000,9999.000,9999.000
202606121942,  -0.130,9999.000,9999.000,9999.000,9999.000,9999.000,9999.000,9999.000,9999.000
202606121948,  -0.148,9999.000,9999.000,9999.000,9999.000,9999.000,9999.000,9999.000,9999.000
202606121954,  -0.163,9999.000,9999.000,9999.000,9999.000,9999.000,9999.000,9999.000,9999.000
202606122000,  -0.172,9999.000,   0.700,   0.580,   1.108,   0.600,   1.008,   0.800,   1.208
202606122006,  -0.177,9999.000,9999.000,9999.000,9999.000,9999.000,9999.000,9999.000,9999.000
202606122012,  -0.177,9999.000,9999.000,9999.000,9999.000,9999.000,9999.000,9999.000,9999.000
202606122018,  -0.171,9999.000,9999.000,9999.000,9999.000,9999.000,9999.000,9999.000,9999.000
202606122024,  -0.159,9999.000,9999.000,9999.000,9999.000,9999.000,9999.000,9999.000,9999.000
202606122030,  -0.142,9999.000,9999.000,9999.000,9999.000,9999.000,9999.000,9999.000,9999.000
202606122036,  -0.119,9999.000,9999.000,9999.000,9999.000,9999.000,9999.000,9999.000,9999.000
202606122042,  -0.090,9999.000,9999.000,9999.000,9999.000,9999.000,9999.000,9999.000,9999.000
202606122048,  -0.054,9999.000,9999.000,9999.000,9999.000,9999.000,9999.000,9999.000,9999.000
202606122054,  -0.013,9999.000,9999.000,9999.000,9999.000,9999.000,9999.000,9999.000,9999.000
202606122100,   0.033,9999.000,   0.700,   0.287,   1.020,   0.600,   0.920,   0.800,   1.120
202606122106,   0.086,9999.000,9999.000,9999.000,9999.000,9999.000,9999.000,9999.000,9999.000
202606122112,   0.145,9999.000,9999.000,9999.000,9999.000,9999.000,9999.000,9999.000,9999.000
202606122118,   0.210,9999.000,9999.000,9999.000,9999.000,9999.000,9999.000,9999.000,9999.000
202606122124,   0.280,9999.000,9999.000,9999.000,9999.000,9999.000,9999.000,9999.000,9999.000
202606122130,   0.355,9999.000,9999.000,9999.000,9999.000,9999.000,9999.000,9999.000,9999.000
202606122136,   0.436,9999.000,9999.000,9999.000,9999.000,9999.000,9999.000,9999.000,9999.000
202606122142,   0.521,9999.000,9999.000,9999.000,9999.000,9999.000,9999.000,9999.000,9999.000
202606122148,   0.610,9999.000,9999.000,9999.000,9999.000,9999.000,9999.000,9999.000,9999.000
202606122154,   0.704,9999.000,9999.000,9999.000,9999.000,9999.000,9999.000,9999.000,9999.000
202606122200,   0.802,9999.000,   0.700,  -0.053,   1.449,   0.600,   1.349,   0.800,   1.549
202606122206,   0.903,9999.000,9999.000,9999.000,9999.000,9999.000,9999.000,9999.000,9999.000
202606122212,   1.007,9999.000,9999.000,9999.000,9999.000,9999.000,9999.000,9999.000,9999.000
202606122218,   1.114,9999.000,9999.000,9999.000,9999.000,9999.000,9999.000,9999.000,9999.000
202606122224,   1.223,9999.000,9999.000,9999.000,9999.000,9999.000,9999.000,9999.000,9999.000
202606122230,   1.335,9999.000,9999.000,9999.000,9999.000,9999.000,9999.000,9999.000,9999.000
202606122236,   1.448,9999.000,9999.000,9999.000,9999.000,9999.000,9999.000,9999.000,9999.000
202606122242,   1.563,9999.000,9999.000,9999.000,9999.000,9999.000,9999.000,9999.000,9999.000
202606122248,   1.679,9999.000,9999.000,9999.000,9999.000,9999.000,9999.000,9999.000,9999.000
202606122254,   1.796,9999.000,9999.000,9999.000,9999.000,9999.000,9999.000,9999.000,9999.000
202606122300,   1.914,9999.000,   0.700,  -0.373,   2.241,   0.600,   2.141,   0.800,   2.341
202606122306,   2.032,9999.000,9999.000,9999.000,9999.000,9999.000,9999.000,9999.000,9999.000
202606122312,   2.150,9999.000,9999.000,9999.000,9999.000,9999.000,9999.000,9999.000,9999.000
202606122318,   2.268,9999.000,9999.000,9999.000,9999.000,9999.000,9999.000,9999.000,9999.000
202606122324,   2.385,9999.000,9999.000,9999.000,9999.000,9999.000,9999.000,9999.000,9999.000
202606122330,   2.502,9999.000,9999.000,9999.000,9999.000,9999.000,9999.000,9999.000,9999.000
202606122336,   2.618,9999.000,9999.000,9999.000,9999.000,9999.000,9999.000,9999.000,9999.000
202606122342,   2.732,9999.000,9999.000,9999.000,9999.000,9999.000,9999.000,9999.000,9999.000
202606122348,   2.845,9999.000,9999.000,9999.000,9999.000,9999.000,9999.000,9999.000,9999.000
202606122354,   2.956,9999.000,9999.000,9999.000,9999.000,9999.000,9999.000,9999.000,9999.000
202606130000,   3.065,9999.000,   0.700,  -0.616,   3.149,   0.600,   3.049,   0.800,   3.249
202606130006,   3.171,9999.000,9999.000,9999.000,9999.000,9999.000,9999.000,9999.000,9999.000
202606130012,   3.274,9999.000,9999.000,9999.000,9999.000,9999.000,9999.000,9999.000,9999.000
202606130018,   3.375,9999.000,9999.000,9999.000,9999.000,9999.000,9999.000,9999.000,9999.000
202606130024,   3.472,9999.000,9999.000,9999.000,9999.000,9999.000,9999.000,9999.000,9999.000
202606130030,   3.565,9999.000,9999.000,9999.000,9999.000,9999.000,9999.000,9999.000,9999.000
202606130036,   3.654,9999.000,9999.000,9999.000,9999.000,9999.000,9999.000,9999.000,9999.000
202606130042,   3.739,9999.000,9999.000,9999.000,9999.000,9999.000,9999.000,9999.000,9999.000
202606130048,   3.818,9999.000,9999.000,9999.000,9999.000,9999.000,9999.000,9999.000,9999.000
202606130054,   3.893,9999.000,9999.000,9999.000,9999.000,9999.000,9999.000,9999.000,9999.000
202606130100,   3.963,9999.000,   0.700,  -0.729,   3.934,   0.600,   3.834,   0.900,   4.134
202606130106,   4.026,9999.000,9999.000,9999.000,9999.000,9999.000,9999.000,9999.000,9999.000
202606130112,   4.084,9999.000,9999.000,9999.000,9999.000,9999.000,9999.000,9999.000,9999.000
202606130118,   4.136,9999.000,9999.000,9999.000,9999.000,9999.000,9999.000,9999.000,9999.000
202606130124,   4.182,9999.000,9999.000,9999.000,9999.000,9999.000,9999.000,9999.000,9999.000
202606130130,   4.221,9999.000,9999.000,9999.000,9999.000,9999.000,9999.000,9999.000,9999.000
202606130136,   4.254,9999.000,9999.000,9999.000,9999.000,9999.000,9999.000,9999.000,9999.000
202606130142,   4.280,9999.000,9999.000,9999.000,9999.000,9999.000,9999.000,9999.000,9999.000
202606130148,   4.299,9999.000,9999.000,9999.000,9999.000,9999.000,9999.000,9999.000,9999.000
202606130154,   4.312,9999.000,9999.000,9999.000,9999.000,9999.000,9999.000,9999.000,9999.000
202606130200,   4.318,9999.000,   0.800,  -0.666,   4.452,   0.700,   4.352,   0.900,   4.552
202606130206,   4.318,9999.000,9999.000,9999.000,9999.000,9999.000,9999.000,9999.000,9999.000
202606130212,   4.312,9999.000,9999.000,9999.000,9999.000,9999.000,9999.000,9999.000,9999.000
202606130218,   4.299,9999.000,9999.000,9999.000,9999.000,9999.000,9999.000,9999.000,9999.000
202606130224,   4.280,9999.000,9999.000,9999.000,9999.000,9999.000,9999.000,9999.000,9999.000
202606130230,   4.255,9999.000,9999.000,9999.000,9999.000,9999.000,9999.000,9999.000,9999.000
202606130236,   4.225,9999.000,9999.000,9999.000,9999.000,9999.000,9999.000,9999.000,9999.000
202606130242,   4.190,9999.000,9999.000,9999.000,9999.000,9999.000,9999.000,9999.000,9999.000
202606130248,   4.149,9999.000,9999.000,9999.000,9999.000,9999.000,9999.000,9999.000,9999.000
202606130254,   4.104,9999.000,9999.000,9999.000,9999.000,9999.000,9999.000,9999.000,9999.000
202606130300,   4.053,9999.000,   0.800,  -0.405,   4.448,   0.700,   4.348,   0.900,   4.548
202606130306,   3.999,9999.000,9999.000,9999.000,9999.000,9999.000,9999.000,9999.000,9999.000
202606130312,   3.941,9999.000,9999.000,9999.000,9999.000,9999.000,9999.000,9999.000,9999.000
202606130318,   3.878,9999.000,9999.000,9999.000,9999.000,9999.000,9999.000,9999.000,9999.000
202606130324,   3.813,9999.000,9999.000,9999.000,9999.000,9999.000,9999.000,9999.000,9999.000
202606130330,   3.744,9999.000,9999.000,9999.000,9999.000,9999.000,9999.000,9999.000,9999.000
202606130336,   3.672,9999.000,9999.000,9999.000,9999.000,9999.000,9999.000,9999.000,9999.000
202606130342,   3.597,9999.000,9999.000,9999.000,9999.000,9999.000,9999.000,9999.000,9999.000
202606130348,   3.520,9999.000,9999.000,9999.000,9999.000,9999.000,9999.000,9999.000,9999.000
202606130354,   3.440,9999.000,9999.000,9999.000,9999.000,9999.000,9999.000,9999.000,9999.000
202606130400,   3.358,9999.000,   0.800,  -0.008,   4.150,   0.700,   4.050,   0.900,   4.250
202606130406,   3.274,9999.000,9999.000,9999.000,9999.000,9999.000,9999.000,9999.000,9999.000
202606130412,   3.188,9999.000,9999.000,9999.000,9999.000,9999.000,9999.000,9999.000,9999.000
202606130418,   3.100,9999.000,9999.000,9999.000,9999.000,9999.000,9999.000,9999.000,9999.000
202606130424,   3.011,9999.000,9999.000,9999.000,9999.000,9999.000,9999.000,9999.000,9999.000
202606130430,   2.921,9999.000,9999.000,9999.000,9999.000,9999.000,9999.000,9999.000,9999.000
202606130436,   2.829,9999.000,9999.000,9999.000,9999.000,9999.000,9999.000,9999.000,9999.000
202606130442,   2.737,9999.000,9999.000,9999.000,9999.000,9999.000,9999.000,9999.000,9999.000
202606130448,   2.643,9999.000,9999.000,9999.000,9999.000,9999.000,9999.000,9999.000,9999.000
202606130454,   2.549,9999.000,9999.000,9999.000,9999.000,9999.000,9999.000,9999.000,9999.000
202606130500,   2.454,9999.000,   0.800,   0.375,   3.629,   0.700,   3.529,   0.900,   3.729
202606130506,   2.359,9999.000,9999.000,9999.000,9999.000,9999.000,9999.000,9999.000,9999.000
202606130512,   2.263,9999.000,9999.000,9999.000,9999.000,9999.000,9999.000,9999.000,9999.000
202606130518,   2.167,9999.000,9999.000,9999.000,9999.000,9999.000,9999.000,9999.000,9999.000
202606130524,   2.071,9999.000,9999.000,9999.000,9999.000,9999.000,9999.000,9999.000,9999.000
202606130530,   1.975,9999.000,9999.000,9999.000,9999.000,9999.000,9999.000,9999.000,9999.000
202606130536,   1.879,9999.000,9999.000,9999.000,9999.000,9999.000,9999.000,9999.000,9999.000
202606130542,   1.783,9999.000,9999.000,9999.000,9999.000,9999.000,9999.000,9999.000,9999.000
202606130548,   1.688,9999.000,9999.000,9999.000,9999.000,9999.000,9999.000,9999.000,9999.000
202606130554,   1.593,9999.000,9999.000,9999.000,9999.000,9999.000,9999.000,9999.000,9999.000
202606130600,   1.499,9999.000,   0.800,   0.621,   2.920,   0.700,   2.820,   0.900,   3.020
202606130606,   1.405,9999.000,9999.000,9999.000,9999.000,9999.000,9999.000,9999.000,9999.000
202606130612,   1.311,9999.000,9999.000,9999.000,9999.000,9999.000,9999.000,9999.000,9999.000
202606130618,   1.219,9999.000,9999.000,9999.000,9999.000,9999.000,9999.000,9999.000,9999.000
202606130624,   1.127,9999.000,9999.000,9999.000,9999.000,9999.000,9999.000,9999.000,9999.000
202606130630,   1.036,9999.000,9999.000,9999.000,9999.000,9999.000,9999.000,9999.000,9999.000
202606130636,   0.946,9999.000,9999.000,9999.000,9999.000,9999.000,9999.000,9999.000,9999.000
202606130642,   0.856,9999.000,9999.000,9999.000,9999.000,9999.000,9999.000,9999.000,9999.000
202606130648,   0.768,9999.000,9999.000,9999.000,9999.000,9999.000,9999.000,9999.000,9999.000
202606130654,   0.680,9999.000,9999.000,9999.000,9999.000,9999.000,9999.000,9999.000,9999.000
202606130700,   0.594,9999.000,   0.800,   0.722,   2.116,   0.700,   2.016,   0.900,   2.216
202606130706,   0.509,9999.000,9999.000,9999.000,9999.000,9999.000,9999.000,9999.000,9999.000
202606130712,   0.425,9999.000,9999.000,9999.000,9999.000,9999.000,9999.000,9999.000,9999.000
202606130718,   0.343,9999.000,9999.000,9999.000,9999.000,9999.000,9999.000,9999.000,9999.000
202606130724,   0.263,9999.000,9999.000,9999.000,9999.000,9999.000,9999.000,9999.000,9999.000
202606130730,   0.184,9999.000,9999.000,9999.000,9999.000,9999.000,9999.000,9999.000,9999.000
202606130736,   0.107,9999.000,9999.000,9999.000,9999.000,9999.000,9999.000,9999.000,9999.000
202606130742,   0.033,9999.000,9999.000,9999.000,9999.000,9999.000,9999.000,9999.000,9999.000
202606130748,  -0.038,9999.000,9999.000,9999.000,9999.000,9999.000,9999.000,9999.000,9999.000
202606130754,  -0.107,9999.000,9999.000,9999.000,9999.000,9999.000,9999.000,9999.000,9999.000
202606130800,  -0.173,9999.000,   0.800,   0.707,   1.334,   0.700,   1.234,   0.900,   1.434
202606130806,  -0.236,9999.000,9999.000,9999.000,9999.000,9999.000,9999.000,9999.000,9999.000
202606130812,  -0.295,9999.000,9999.000,9999.000,9999.000,9999.000,9999.000,9999.000,9999.000
202606130818,  -0.351,9999.000,9999.000,9999.000,9999.000,9999.000,9999.000,9999.000,9999.000
202606130824,  -0.401,9999.000,9999.000,9999.000,9999.000,9999.000,9999.000,9999.000,9999.000
202606130830,  -0.448,9999.000,9999.000,9999.000,9999.000,9999.000,9999.000,9999.000,9999.000
202606130836,  -0.489,9999.000,9999.000,9999.000,9999.000,9999.000,9999.000,9999.000,9999.000
202606130842,  -0.525,9999.000,9999.000,9999.000,9999.000,9999.000,9999.000,9999.000,9999.000
202606130848,  -0.556,9999.000,9999.000,9999.000,9999.000,9999.000,9999.000,9999.000,9999.000
202606130854,  -0.581,9999.000,9999.000,9999.000,9999.000,9999.000,9999.000,9999.000,9999.000
202606130900,  -0.601,9999.000,   0.800,   0.548,   0.747,   0.700,   0.647,   0.900,   0.847
202606130906,  -0.614,9999.000,9999.000,9999.000,9999.000,9999.000,9999.000,9999.000,9999.000
202606130912,  -0.621,9999.000,9999.000,9999.000,9999.000,9999.000,9999.000,9999.000,9999.000
202606130918,  -0.622,9999.000,9999.000,9999.000,9999.000,9999.000,9999.000,9999.000,9999.000
202606130924,  -0.616,9999.000,9999.000,9999.000,9999.000,9999.000,9999.000,9999.000,9999.000
202606130930,  -0.604,9999.000,9999.000,9999.000,9999.000,9999.000,9999.000,9999.000,9999.000
202606130936,  -0.586,9999.000,9999.000,9999.000,9999.000,9999.000,9999.000,9999.000,9999.000
202606130942,  -0.562,9999.000,9999.000,9999.000,9999.000,9999.000,9999.000,9999.000,9999.000
202606130948,  -0.531,9999.000,9999.000,9999.000,9999.000,9999.000,9999.000,9999.000,9999.000
202606130954,  -0.494,9999.000,9999.000,9999.000,9999.000,9999.000,9999.000,9999.000,9999.000
202606131000,  -0.452,9999.000,   0.800,   0.231,   0.579,   0.700,   0.479,   0.900,   0.679
202606131006,  -0.404,9999.000,9999.000,9999.000,9999.000,9999.000,9999.000,9999.000,9999.000
202606131012,  -0.350,9999.000,9999.000,9999.000,9999.000,9999.000,9999.000,9999.000,9999.000
202606131018,  -0.291,9999.000,9999.000,9999.000,9999.000,9999.000,9999.000,9999.000,9999.000
202606131024,  -0.227,9999.000,9999.000,9999.000,9999.000,9999.000,9999.000,9999.000,9999.000
202606131030,  -0.159,9999.000,9999.000,9999.000,9999.000,9999.000,9999.000,9999.000,9999.000
202606131036,  -0.086,9999.000,9999.000,9999.000,9999.000,9999.000,9999.000,9999.000,9999.000
202606131042,  -0.009,9999.000,9999.000,9999.000,9999.000,9999.000,9999.000,9999.000,9999.000
202606131048,   0.071,9999.000,9999.000,9999.000,9999.000,9999.000,9999.000,9999.000,9999.000
202606131054,   0.155,9999.000,9999.000,9999.000,9999.000,9999.000,9999.000,9999.000,9999.000
202606131100,   0.243,9999.000,   0.800,  -0.126,   0.917,   0.700,   0.817,   0.900,   1.017
202606131106,   0.333,9999.000,9999.000,9999.000,9999.000,9999.000,9999.000,9999.000,9999.000
202606131112,   0.426,9999.000,9999.000,9999.000,9999.000,9999.000,9999.000,9999.000,9999.000
202606131118,   0.522,9999.000,9999.000,9999.000,9999.000,9999.000,9999.000,9999.000,9999.000
202606131124,   0.620,9999.000,9999.000,9999.000,9999.000,9999.000,9999.000,9999.000,9999.000
202606131130,   0.720,9999.000,9999.000,9999.000,9999.000,9999.000,9999.000,9999.000,9999.000
202606131136,   0.821,9999.000,9999.000,9999.000,9999.000,9999.000,9999.000,9999.000,9999.000
202606131142,   0.924,9999.000,9999.000,9999.000,9999.000,9999.000,9999.000,9999.000,9999.000
202606131148,   1.028,9999.000,9999.000,9999.000,9999.000,9999.000,9999.000,9999.000,9999.000
202606131154,   1.132,9999.000,9999.000,9999.000,9999.000,9999.000,9999.000,9999.000,9999.000
202606131200,   1.238,9999.000,   0.800,  -0.358,   1.680,   0.600,   1.480,   0.900,   1.780
202606131206,   1.343,9999.000,9999.000,9999.000,9999.000,9999.000,9999.000,9999.000,9999.000
202606131212,   1.449,9999.000,9999.000,9999.000,9999.000,9999.000,9999.000,9999.000,9999.000
202606131218,   1.554,9999.000,9999.000,9999.000,9999.000,9999.000,9999.000,9999.000,9999.000
202606131224,   1.658,9999.000,9999.000,9999.000,9999.000,9999.000,9999.000,9999.000,9999.000
202606131230,   1.761,9999.000,9999.000,9999.000,9999.000,9999.000,9999.000,9999.000,9999.000
202606131236,   1.863,9999.000,9999.000,9999.000,9999.000,9999.000,9999.000,9999.000,9999.000
202606131242,   1.963,9999.000,9999.000,9999.000,9999.000,9999.000,9999.000,9999.000,9999.000
202606131248,   2.061,9999.000,9999.000,9999.000,9999.000,9999.000,9999.000,9999.000,9999.000
202606131254,   2.156,9999.000,9999.000,9999.000,9999.000,9999.000,9999.000,9999.000,9999.000
202606131300,   2.249,9999.000,   0.800,  -0.423,   2.626,   0.600,   2.426,   0.900,   2.726
202606131306,   2.338,9999.000,9999.000,9999.000,9999.000,9999.000,9999.000,9999.000,9999.000
202606131312,   2.424,9999.000,9999.000,9999.000,9999.000,9999.000,9999.000,9999.000,9999.000
202606131318,   2.506,9999.000,9999.000,9999.000,9999.000,9999.000,9999.000,9999.000,9999.000
202606131324,   2.583,9999.000,9999.000,9999.000,9999.000,9999.000,9999.000,9999.000,9999.000
202606131330,   2.656,9999.000,9999.000,9999.000,9999.000,9999.000,9999.000,9999.000,9999.000
202606131336,   2.723,9999.000,9999.000,9999.000,9999.000,9999.000,9999.000,9999.000,9999.000
202606131342,   2.786,9999.000,9999.000,9999.000,9999.000,9999.000,9999.000,9999.000,9999.000
202606131348,   2.843,9999.000,9999.000,9999.000,9999.000,9999.000,9999.000,9999.000,9999.000
202606131354,   2.894,9999.000,9999.000,9999.000,9999.000,9999.000,9999.000,9999.000,9999.000
202606131400,   2.940,9999.000,   0.800,  -0.392,   3.348,   0.600,   3.148,   0.900,   3.448
202606131406,   2.979,9999.000,9999.000,9999.000,9999.000,9999.000,9999.000,9999.000,9999.000
202606131412,   3.013,9999.000,9999.000,9999.000,9999.000,9999.000,9999.000,9999.000,9999.000
202606131418,   3.040,9999.000,9999.000,9999.000,9999.000,9999.000,9999.000,9999.000,9999.000
202606131424,   3.061,9999.000,9999.000,9999.000,9999.000,9999.000,9999.000,9999.000,9999.000
202606131430,   3.076,9999.000,9999.000,9999.000,9999.000,9999.000,9999.000,9999.000,9999.000
202606131436,   3.085,9999.000,9999.000,9999.000,9999.000,9999.000,9999.000,9999.000,9999.000
202606131442,   3.089,9999.000,9999.000,9999.000,9999.000,9999.000,9999.000,9999.000,9999.000
202606131448,   3.086,9999.000,9999.000,9999.000,9999.000,9999.000,9999.000,9999.000,9999.000
202606131454,   3.078,9999.000,9999.000,9999.000,9999.000,9999.000,9999.000,9999.000,9999.000
202606131500,   3.064,9999.000,   0.700,  -0.281,   3.483,   0.600,   3.383,   0.900,   3.683
202606131506,   3.045,9999.000,9999.000,9999.000,9999.000,9999.000,9999.000,9999.000,9999.000
202606131512,   3.022,9999.000,9999.000,9999.000,9999.000,9999.000,9999.000,9999.000,9999.000
202606131518,   2.993,9999.000,9999.000,9999.000,9999.000,9999.000,9999.000,9999.000,9999.000
202606131524,   2.960,9999.000,9999.000,9999.000,9999.000,9999.000,9999.000,9999.000,9999.000
202606131530,   2.923,9999.000,9999.000,9999.000,9999.000,9999.000,9999.000,9999.000,9999.000
202606131536,   2.882,9999.000,9999.000,9999.000,9999.000,9999.000,9999.000,9999.000,9999.000
202606131542,   2.837,9999.000,9999.000,9999.000,9999.000,9999.000,9999.000,9999.000,9999.000
202606131548,   2.788,9999.000,9999.000,9999.000,9999.000,9999.000,9999.000,9999.000,9999.000
202606131554,   2.737,9999.000,9999.000,9999.000,9999.000,9999.000,9999.000,9999.000,9999.000
202606131600,   2.682,9999.000,   0.700,  -0.040,   3.342,   0.600,   3.242,   0.900,   3.542
202606131606,   2.625,9999.000,9999.000,9999.000,9999.000,9999.000,9999.000,9999.000,9999.000
202606131612,   2.565,9999.000,9999.000,9999.000,9999.000,9999.000,9999.000,9999.000,9999.000
202606131618,   2.503,9999.000,9999.000,9999.000,9999.000,9999.000,9999.000,9999.000,9999.000
202606131624,   2.439,9999.000,9999.000,9999.000,9999.000,9999.000,9999.000,9999.000,9999.000
202606131630,   2.373,9999.000,9999.000,9999.000,9999.000,9999.000,9999.000,9999.000,9999.000
202606131636,   2.305,9999.000,9999.000,9999.000,9999.000,9999.000,9999.000,9999.000,9999.000
202606131642,   2.235,9999.000,9999.000,9999.000,9999.000,9999.000,9999.000,9999.000,9999.000
202606131648,   2.165,9999.000,9999.000,9999.000,9999.000,9999.000,9999.000,9999.000,9999.000
202606131654,   2.093,9999.000,9999.000,9999.000,9999.000,9999.000,9999.000,9999.000,9999.000
202606131700,   2.020,9999.000,   0.700,   0.305,   3.025,   0.600,   2.925,   0.900,   3.225
202606131706,   1.947,9999.000,9999.000,9999.000,9999.000,9999.000,9999.000,9999.000,9999.000
202606131712,   1.873,9999.000,9999.000,9999.000,9999.000,9999.000,9999.000,9999.000,9999.000
202606131718,   1.798,9999.000,9999.000,9999.000,9999.000,9999.000,9999.000,9999.000,9999.000
202606131724,   1.724,9999.000,9999.000,9999.000,9999.000,9999.000,9999.000,9999.000,9999.000
202606131730,   1.649,9999.000,9999.000,9999.000,9999.000,9999.000,9999.000,9999.000,9999.000
202606131736,   1.574,9999.000,9999.000,9999.000,9999.000,9999.000,9999.000,9999.000,9999.000
202606131742,   1.499,9999.000,9999.000,9999.000,9999.000,9999.000,9999.000,9999.000,9999.000
202606131748,   1.425,9999.000,9999.000,9999.000,9999.000,9999.000,9999.000,9999.000,9999.000
202606131754,   1.351,9999.000,9999.000,9999.000,9999.000,9999.000,9999.000,9999.000,9999.000
202606131800,   1.278,9999.000,   0.800,   0.609,   2.687,   0.600,   2.487,   0.900,   2.787
202606131806,   1.205,9999.000,9999.000,9999.000,9999.000,9999.000,9999.000,9999.000,9999.000
202606131812,   1.134,9999.000,9999.000,9999.000,9999.000,9999.000,9999.000,9999.000,9999.000
202606131818,   1.063,9999.000,9999.000,9999.000,9999.000,9999.000,9999.000,9999.000,9999.000
202606131824,   0.994,9999.000,9999.000,9999.000,9999.000,9999.000,9999.000,9999.000,9999.000
202606131830,   0.925,9999.000,9999.000,9999.000,9999.000,9999.000,9999.000,9999.000,9999.000
202606131836,   0.858,9999.000,9999.000,9999.000,9999.000,9999.000,9999.000,9999.000,9999.000
202606131842,   0.792,9999.000,9999.000,9999.000,9999.000,9999.000,9999.000,9999.000,9999.000
202606131848,   0.728,9999.000,9999.000,9999.000,9999.000,9999.000,9999.000,9999.000,9999.000
202606131854,   0.665,9999.000,9999.000,9999.000,9999.000,9999.000,9999.000,9999.000,9999.000
202606131900,   0.603,9999.000,   0.800,   0.739,   2.142,   0.600,   1.942,   0.900,   2.242
202606131906,   0.543,9999.000,9999.000,9999.000,9999.000,9999.000,9999.000,9999.000,9999.000
202606131912,   0.485,9999.000,9999.000,9999.000,9999.000,9999.000,9999.000,9999.000,9999.000
202606131918,   0.428,9999.000,9999.000,9999.000,9999.000,9999.000,9999.000,9999.000,9999.000
202606131924,   0.373,9999.000,9999.000,9999.000,9999.000,9999.000,9999.000,9999.000,9999.000
202606131930,   0.320,9999.000,9999.000,9999.000,9999.000,9999.000,9999.000,9999.000,9999.000
202606131936,   0.269,9999.000,9999.000,9999.000,9999.000,9999.000,9999.000,9999.000,9999.000
202606131942,   0.220,9999.000,9999.000,9999.000,9999.000,9999.000,9999.000,9999.000,9999.000
202606131948,   0.174,9999.000,9999.000,9999.000,9999.000,9999.000,9999.000,9999.000,9999.000
202606131954,   0.129,9999.000,9999.000,9999.000,9999.000,9999.000,9999.000,9999.000,9999.000
202606132000,   0.087,9999.000,   0.800,   0.678,   1.565,   0.600,   1.365,   0.900,   1.665
202606132006,   0.048,9999.000,9999.000,9999.000,9999.000,9999.000,9999.000,9999.000,9999.000
202606132012,   0.012,9999.000,9999.000,9999.000,9999.000,9999.000,9999.000,9999.000,9999.000
202606132018,  -0.020,9999.000,9999.000,9999.000,9999.000,9999.000,9999.000,9999.000,9999.000
202606132024,  -0.049,9999.000,9999.000,9999.000,9999.000,9999.000,9999.000,9999.000,9999.000
202606132030,  -0.075,9999.000,9999.000,9999.000,9999.000,9999.000,9999.000,9999.000,9999.000
202606132036,  -0.097,9999.000,9999.000,9999.000,9999.000,9999.000,9999.000,9999.000,9999.000
202606132042,  -0.114,9999.000,9999.000,9999.000,9999.000,9999.000,9999.000,9999.000,9999.000
202606132048,  -0.127,9999.000,9999.000,9999.000,9999.000,9999.000,9999.000,9999.000,9999.000
202606132054,  -0.135,9999.000,9999.000,9999.000,9999.000,9999.000,9999.000,9999.000,9999.000
202606132100,  -0.139,9999.000,   0.800,   0.474,   1.135,   0.600,   0.935,   0.900,   1.235
202606132106,  -0.137,9999.000,9999.000,9999.000,9999.000,9999.000,9999.000,9999.000,9999.000
202606132112,  -0.129,9999.000,9999.000,9999.000,9999.000,9999.000,9999.000,9999.000,9999.000
202606132118,  -0.116,9999.000,9999.000,9999.000,9999.000,9999.000,9999.000,9999.000,9999.000
202606132124,  -0.097,9999.000,9999.000,9999.000,9999.000,9999.000,9999.000,9999.000,9999.000
202606132130,  -0.072,9999.000,9999.000,9999.000,9999.000,9999.000,9999.000,9999.000,9999.000
202606132136,  -0.041,9999.000,9999.000,9999.000,9999.000,9999.000,9999.000,9999.000,9999.000
202606132142,  -0.004,9999.000,9999.000,9999.000,9999.000,9999.000,9999.000,9999.000,9999.000
202606132148,   0.038,9999.000,9999.000,9999.000,9999.000,9999.000,9999.000,9999.000,9999.000
202606132154,   0.087,9999.000,9999.000,9999.000,9999.000,9999.000,9999.000,9999.000,9999.000
202606132200,   0.142,9999.000,   0.800,   0.177,   1.119,   0.700,   1.019,   0.900,   1.219
202606132206,   0.203,9999.000,9999.000,9999.000,9999.000,9999.000,9999.000,9999.000,9999.000
202606132212,   0.269,9999.000,9999.000,9999.000,9999.000,9999.000,9999.000,9999.000,9999.000
202606132218,   0.341,9999.000,9999.000,9999.000,9999.000,9999.000,9999.000,9999.000,9999.000
202606132224,   0.419,9999.000,9999.000,9999.000,9999.000,9999.000,9999.000,9999.000,9999.000
202606132230,   0.501,9999.000,9999.000,9999.000,9999.000,9999.000,9999.000,9999.000,9999.000
202606132236,   0.588,9999.000,9999.000,9999.000,9999.000,9999.000,9999.000,9999.000,9999.000
202606132242,   0.680,9999.000,9999.000,9999.000,9999.000,9999.000,9999.000,9999.000,9999.000
202606132248,   0.776,9999.000,9999.000,9999.000,9999.000,9999.000,9999.000,9999.000,9999.000
202606132254,   0.876,9999.000,9999.000,9999.000,9999.000,9999.000,9999.000,9999.000,9999.000
202606132300,   0.979,9999.000,   0.800,  -0.157,   1.622,   0.700,   1.522,   0.900,   1.722
202606132306,   1.085,9999.000,9999.000,9999.000,9999.000,9999.000,9999.000,9999.000,9999.000
202606132312,   1.194,9999.000,9999.000,9999.000,9999.000,9999.000,9999.000,9999.000,9999.000
202606132318,   1.306,9999.000,9999.000,9999.000,9999.000,9999.000,9999.000,9999.000,9999.000
202606132324,   1.420,9999.000,9999.000,9999.000,9999.000,9999.000,9999.000,9999.000,9999.000
202606132330,   1.535,9999.000,9999.000,9999.000,9999.000,9999.000,9999.000,9999.000,9999.000
202606132336,   1.653,9999.000,9999.000,9999.000,9999.000,9999.000,9999.000,9999.000,9999.000
202606132342,   1.771,9999.000,9999.000,9999.000,9999.000,9999.000,9999.000,9999.000,9999.000
202606132348,   1.890,9999.000,9999.000,9999.000,9999.000,9999.000,9999.000,9999.000,9999.000
202606132354,   2.010,9999.000,9999.000,9999.000,9999.000,9999.000,9999.000,9999.000,9999.000
202606140000,   2.131,9999.000,   0.800,  -0.459,   2.472,   0.700,   2.372,   0.900,   2.572
202606140006,   2.251,9999.000,9999.000,9999.000,9999.000,9999.000,9999.000,9999.000,9999.000
202606140012,   2.371,9999.000,9999.000,9999.000,9999.000,9999.000,9999.000,9999.000,9999.000
202606140018,   2.491,9999.000,9999.000,9999.000,9999.000,9999.000,9999.000,9999.000,9999.000
202606140024,   2.610,9999.000,9999.000,9999.000,9999.000,9999.000,9999.000,9999.000,9999.000
202606140030,   2.727,9999.000,9999.000,9999.000,9999.000,9999.000,9999.000,9999.000,9999.000
202606140036,   2.844,9999.000,9999.000,9999.000,9999.000,9999.000,9999.000,9999.000,9999.000
202606140042,   2.958,9999.000,9999.000,9999.000,9999.000,9999.000,9999.000,9999.000,9999.000
202606140048,   3.071,9999.000,9999.000,9999.000,9999.000,9999.000,9999.000,9999.000,9999.000
202606140054,   3.181,9999.000,9999.000,9999.000,9999.000,9999.000,9999.000,9999.000,9999.000
202606140100,   3.288,9999.000,   0.800,  -0.675,   3.413,   0.700,   3.313,   0.900,   3.513
202606140106,   3.393,9999.000,9999.000,9999.000,9999.000,9999.000,9999.000,9999.000,9999.000
202606140112,   3.494,9999.000,9999.000,9999.000,9999.000,9999.000,9999.000,9999.000,9999.000
202606140118,   3.591,9999.000,9999.000,9999.000,9999.000,9999.000,9999.000,9999.000,9999.000
202606140124,   3.684,9999.000,9999.000,9999.000,9999.000,9999.000,9999.000,9999.000,9999.000
202606140130,   3.773,9999.000,9999.000,9999.000,9999.000,9999.000,9999.000,9999.000,9999.000
202606140136,   3.856,9999.000,9999.000,9999.000,9999.000,9999.000,9999.000,9999.000,9999.000
202606140142,   3.935,9999.000,9999.000,9999.000,9999.000,9999.000,9999.000,9999.000,9999.000
202606140148,   4.009,9999.000,9999.000,9999.000,9999.000,9999.000,9999.000,9999.000,9999.000
202606140154,   4.076,9999.000,9999.000,9999.000,9999.000,9999.000,9999.000,9999.000,9999.000
202606140200,   4.138,9999.000,   0.800,  -0.746,   4.192,   0.700,   4.092,   0.900,   4.292
202606140206,   4.193,9999.000,9999.000,9999.000,9999.000,9999.000,9999.000,9999.000,9999.000
202606140212,   4.242,9999.000,9999.000,9999.000,9999.000,9999.000,9999.000,9999.000,9999.000
202606140218,   4.285,9999.000,9999.000,9999.000,9999.000,9999.000,9999.000,9999.000,9999.000
202606140224,   4.320,9999.000,9999.000,9999.000,9999.000,9999.000,9999.000,9999.000,9999.000
202606140230,   4.349,9999.000,9999.000,9999.000,9999.000,9999.000,9999.000,9999.000,9999.000
202606140236,   4.372,9999.000,9999.000,9999.000,9999.000,9999.000,9999.000,9999.000,9999.000
202606140242,   4.387,9999.000,9999.000,9999.000,9999.000,9999.000,9999.000,9999.000,9999.000
202606140248,   4.395,9999.000,9999.000,9999.000,9999.000,9999.000,9999.000,9999.000,9999.000
202606140254,   4.397,9999.000,9999.000,9999.000,9999.000,9999.000,9999.000,9999.000,9999.000
202606140300,   4.392,9999.000,   0.800,  -0.613,   4.579,   0.600,   4.379,   0.900,   4.679
202606140306,   4.381,9999.000,9999.000,9999.000,9999.000,9999.000,9999.000,9999.000,9999.000
202606140312,   4.364,9999.000,9999.000,9999.000,9999.000,9999.000,9999.000,9999.000,9999.000
202606140318,   4.340,9999.000,9999.000,9999.000,9999.000,9999.000,9999.000,9999.000,9999.000
202606140324,   4.311,9999.000,9999.000,9999.000,9999.000,9999.000,9999.000,9999.000,9999.000
202606140330,   4.275,9999.000,9999.000,9999.000,9999.000,9999.000,9999.000,9999.000,9999.000
202606140336,   4.235,9999.000,9999.000,9999.000,9999.000,9999.000,9999.000,9999.000,9999.000
202606140342,   4.190,9999.000,9999.000,9999.000,9999.000,9999.000,9999.000,9999.000,9999.000
202606140348,   4.140,9999.000,9999.000,9999.000,9999.000,9999.000,9999.000,9999.000,9999.000
202606140354,   4.085,9999.000,9999.000,9999.000,9999.000,9999.000,9999.000,9999.000,9999.000
202606140400,   4.026,9999.000,   0.800,  -0.296,   4.530,   0.600,   4.330,   0.900,   4.630
202606140406,   3.963,9999.000,9999.000,9999.000,9999.000,9999.000,9999.000,9999.000,9999.000
202606140412,   3.897,9999.000,9999.000,9999.000,9999.000,9999.000,9999.000,9999.000,9999.000
202606140418,   3.827,9999.000,9999.000,9999.000,9999.000,9999.000,9999.000,9999.000,9999.000
202606140424,   3.755,9999.000,9999.000,9999.000,9999.000,9999.000,9999.000,9999.000,9999.000
202606140430,   3.679,9999.000,9999.000,9999.000,9999.000,9999.000,9999.000,9999.000,9999.000
202606140436,   3.601,9999.000,9999.000,9999.000,9999.000,9999.000,9999.000,9999.000,9999.000
202606140442,   3.520,9999.000,9999.000,9999.000,9999.000,9999.000,9999.000,9999.000,9999.000
202606140448,   3.437,9999.000,9999.000,9999.000,9999.000,9999.000,9999.000,9999.000,9999.000
202606140454,   3.352,9999.000,9999.000,9999.000,9999.000,9999.000,9999.000,9999.000,9999.000
202606140500,   3.266,9999.000,   0.800,   0.074,   4.140,   0.600,   3.940,   0.900,   4.240
202606140506,   3.177,9999.000,9999.000,9999.000,9999.000,9999.000,9999.000,9999.000,9999.000
202606140512,   3.087,9999.000,9999.000,9999.000,9999.000,9999.000,9999.000,9999.000,9999.000
202606140518,   2.996,9999.000,9999.000,9999.000,9999.000,9999.000,9999.000,9999.000,9999.000
202606140524,   2.904,9999.000,9999.000,9999.000,9999.000,9999.000,9999.000,9999.000,9999.000
202606140530,   2.811,9999.000,9999.000,9999.000,9999.000,9999.000,9999.000,9999.000,9999.000
202606140536,   2.717,9999.000,9999.000,9999.000,9999.000,9999.000,9999.000,9999.000,9999.000
202606140542,   2.622,9999.000,9999.000,9999.000,9999.000,9999.000,9999.000,9999.000,9999.000
202606140548,   2.527,9999.000,9999.000,9999.000,9999.000,9999.000,9999.000,9999.000,9999.000
202606140554,   2.431,9999.000,9999.000,9999.000,9999.000,9999.000,9999.000,9999.000,9999.000
202606140600,   2.335,9999.000,   0.800,   0.368,   3.503,   0.600,   3.303,   0.900,   3.603
202606140606,   2.239,9999.000,9999.000,9999.000,9999.000,9999.000,9999.000,9999.000,9999.000
202606140612,   2.143,9999.000,9999.000,9999.000,9999.000,9999.000,9999.000,9999.000,9999.000
202606140618,   2.046,9999.000,9999.000,9999.000,9999.000,9999.000,9999.000,9999.000,9999.000
202606140624,   1.950,9999.000,9999.000,9999.000,9999.000,9999.000,9999.000,9999.000,9999.000
202606140630,   1.854,9999.000,9999.000,9999.000,9999.000,9999.000,9999.000,9999.000,9999.000
202606140636,   1.758,9999.000,9999.000,9999.000,9999.000,9999.000,9999.000,9999.000,9999.000
202606140642,   1.663,9999.000,9999.000,9999.000,9999.000,9999.000,9999.000,9999.000,9999.000
202606140648,   1.568,9999.000,9999.000,9999.000,9999.000,9999.000,9999.000,9999.000,9999.000
202606140654,   1.474,9999.000,9999.000,9999.000,9999.000,9999.000,9999.000,9999.000,9999.000
202606140700,   1.380,9999.000,   0.700,   0.569,   2.649,   0.600,   2.549,   0.800,   2.749
202606140706,   1.287,9999.000,9999.000,9999.000,9999.000,9999.000,9999.000,9999.000,9999.000
202606140712,   1.194,9999.000,9999.000,9999.000,9999.000,9999.000,9999.000,9999.000,9999.000
202606140718,   1.102,9999.000,9999.000,9999.000,9999.000,9999.000,9999.000,9999.000,9999.000
202606140724,   1.011,9999.000,9999.000,9999.000,9999.000,9999.000,9999.000,9999.000,9999.000
202606140730,   0.920,9999.000,9999.000,9999.000,9999.000,9999.000,9999.000,9999.000,9999.000
202606140736,   0.830,9999.000,9999.000,9999.000,9999.000,9999.000,9999.000,9999.000,9999.000
202606140742,   0.741,9999.000,9999.000,9999.000,9999.000,9999.000,9999.000,9999.000,9999.000
202606140748,   0.653,9999.000,9999.000,9999.000,9999.000,9999.000,9999.000,9999.000,9999.000
202606140754,   0.566,9999.000,9999.000,9999.000,9999.000,9999.000,9999.000,9999.000,9999.000
202606140800,   0.480,9999.000,   0.700,   0.693,   1.873,   0.600,   1.773,   0.800,   1.973
202606140806,   0.396,9999.000,9999.000,9999.000,9999.000,9999.000,9999.000,9999.000,9999.000
202606140812,   0.312,9999.000,9999.000,9999.000,9999.000,9999.000,9999.000,9999.000,9999.000
202606140818,   0.231,9999.000,9999.000,9999.000,9999.000,9999.000,9999.000,9999.000,9999.000
202606140824,   0.151,9999.000,9999.000,9999.000,9999.000,9999.000,9999.000,9999.000,9999.000
202606140830,   0.073,9999.000,9999.000,9999.000,9999.000,9999.000,9999.000,9999.000,9999.000
202606140836,  -0.002,9999.000,9999.000,9999.000,9999.000,9999.000,9999.000,9999.000,9999.000
202606140842,  -0.075,9999.000,9999.000,9999.000,9999.000,9999.000,9999.000,9999.000,9999.000
202606140848,  -0.146,9999.000,9999.000,9999.000,9999.000,9999.000,9999.000,9999.000,9999.000
202606140854,  -0.213,9999.000,9999.000,9999.000,9999.000,9999.000,9999.000,9999.000,9999.000
202606140900,  -0.278,9999.000,   0.700,   0.673,   1.095,   0.600,   0.995,   0.800,   1.195
202606140906,  -0.338,9999.000,9999.000,9999.000,9999.000,9999.000,9999.000,9999.000,9999.000
202606140912,  -0.394,9999.000,9999.000,9999.000,9999.000,9999.000,9999.000,9999.000,9999.000
202606140918,  -0.446,9999.000,9999.000,9999.000,9999.000,9999.000,9999.000,9999.000,9999.000
202606140924,  -0.494,9999.000,9999.000,9999.000,9999.000,9999.000,9999.000,9999.000,9999.000
202606140930,  -0.536,9999.000,9999.000,9999.000,9999.000,9999.000,9999.000,9999.000,9999.000
202606140936,  -0.573,9999.000,9999.000,9999.000,9999.000,9999.000,9999.000,9999.000,9999.000
202606140942,  -0.605,9999.000,9999.000,9999.000,9999.000,9999.000,9999.000,9999.000,9999.000
202606140948,  -0.630,9999.000,9999.000,9999.000,9999.000,9999.000,9999.000,9999.000,9999.000
202606140954,  -0.650,9999.000,9999.000,9999.000,9999.000,9999.000,9999.000,9999.000,9999.000
202606141000,  -0.664,9999.000,   0.700,   0.447,   0.483,   0.600,   0.383,   0.800,   0.583
202606141006,  -0.671,9999.000,9999.000,9999.000,9999.000,9999.000,9999.000,9999.000,9999.000
202606141012,  -0.672,9999.000,9999.000,9999.000,9999.000,9999.000,9999.000,9999.000,9999.000
202606141018,  -0.666,9999.000,9999.000,9999.000,9999.000,9999.000,9999.000,9999.000,9999.000
202606141024,  -0.654,9999.000,9999.000,9999.000,9999.000,9999.000,9999.000,9999.000,9999.000
202606141030,  -0.636,9999.000,9999.000,9999.000,9999.000,9999.000,9999.000,9999.000,9999.000
202606141036,  -0.611,9999.000,9999.000,9999.000,9999.000,9999.000,9999.000,9999.000,9999.000
202606141042,  -0.580,9999.000,9999.000,9999.000,9999.000,9999.000,9999.000,9999.000,9999.000
202606141048,  -0.542,9999.000,9999.000,9999.000,9999.000,9999.000,9999.000,9999.000,9999.000
202606141054,  -0.499,9999.000,9999.000,9999.000,9999.000,9999.000,9999.000,9999.000,9999.000
202606141100,  -0.450,9999.000,   0.700,   0.115,   0.365,   0.600,   0.265,   0.800,   0.465
202606141106,  -0.396,9999.000,9999.000,9999.000,9999.000,9999.000,9999.000,9999.000,9999.000
202606141112,  -0.336,9999.000,9999.000,9999.000,9999.000,9999.000,9999.000,9999.000,9999.000
202606141118,  -0.271,9999.000,9999.000,9999.000,9999.000,9999.000,9999.000,9999.000,9999.000
202606141124,  -0.201,9999.000,9999.000,9999.000,9999.000,9999.000,9999.000,9999.000,9999.000
202606141130,  -0.127,9999.000,9999.000,9999.000,9999.000,9999.000,9999.000,9999.000,9999.000
202606141136,  -0.048,9999.000,9999.000,9999.000,9999.000,9999.000,9999.000,9999.000,9999.000
202606141142,   0.033,9999.000,9999.000,9999.000,9999.000,9999.000,9999.000,9999.000,9999.000
202606141148,   0.119,9999.000,9999.000,9999.000,9999.000,9999.000,9999.000,9999.000,9999.000
202606141154,   0.209,9999.000,9999.000,9999.000,9999.000,9999.000,9999.000,9999.000,9999.000
202606141200,   0.301,9999.000,   0.700,  -0.141,   0.860,   0.600,   0.760,   0.800,   0.960
202606141206,   0.396,9999.000,9999.000,9999.000,9999.000,9999.000,9999.000,9999.000,9999.000
202606141212,   0.494,9999.000,9999.000,9999.000,9999.000,9999.000,9999.000,9999.000,9999.000
202606141218,   0.594,9999.000,9999.000,9999.000,9999.000,9999.000,9999.000,9999.000,9999.000
202606141224,   0.696,9999.000,9999.000,9999.000,9999.000,9999.000,9999.000,9999.000,9999.000
202606141230,   0.800,9999.000,9999.000,9999.000,9999.000,9999.000,9999.000,9999.000,9999.000
202606141236,   0.905,9999.000,9999.000,9999.000,9999.000,9999.000,9999.000,9999.000,9999.000
202606141242,   1.012,9999.000,9999.000,9999.000,9999.000,9999.000,9999.000,9999.000,9999.000
202606141248,   1.119,9999.000,9999.000,9999.000,9999.000,9999.000,9999.000,9999.000,9999.000
202606141254,   1.226,9999.000,9999.000,9999.000,9999.000,9999.000,9999.000,9999.000,9999.000
202606141300,   1.334,9999.000,   0.700,  -0.265,   1.769,   0.600,   1.669,   0.800,   1.869
202606141306,   1.442,9999.000,9999.000,9999.000,9999.000,9999.000,9999.000,9999.000,9999.000
202606141312,   1.549,9999.000,9999.000,9999.000,9999.000,9999.000,9999.000,9999.000,9999.000
202606141318,   1.656,9999.000,9999.000,9999.000,9999.000,9999.000,9999.000,9999.000,9999.000
202606141324,   1.761,9999.000,9999.000,9999.000,9999.000,9999.000,9999.000,9999.000,9999.000
202606141330,   1.865,9999.000,9999.000,9999.000,9999.000,9999.000,9999.000,9999.000,9999.000
202606141336,   1.966,9999.000,9999.000,9999.000,9999.000,9999.000,9999.000,9999.000,9999.000
202606141342,   2.066,9999.000,9999.000,9999.000,9999.000,9999.000,9999.000,9999.000,9999.000
202606141348,   2.162,9999.000,9999.000,9999.000,9999.000,9999.000,9999.000,9999.000,9999.000
202606141354,   2.256,9999.000,9999.000,9999.000,9999.000,9999.000,9999.000,9999.000,9999.000
202606141400,   2.346,9999.000,   0.700,  -0.326,   2.720,   0.600,   2.620,   0.800,   2.820
202606141406,   2.432,9999.000,9999.000,9999.000,9999.000,9999.000,9999.000,9999.000,9999.000
202606141412,   2.514,9999.000,9999.000,9999.000,9999.000,9999.000,9999.000,9999.000,9999.000
202606141418,   2.591,9999.000,9999.000,9999.000,9999.000,9999.000,9999.000,9999.000,9999.000
202606141424,   2.663,9999.000,9999.000,9999.000,9999.000,9999.000,9999.000,9999.000,9999.000
202606141430,   2.730,9999.000,9999.000,9999.000,9999.000,9999.000,9999.000,9999.000,9999.000
202606141436,   2.792,9999.000,9999.000,9999.000,9999.000,9999.000,9999.000,9999.000,9999.000
202606141442,   2.848,9999.000,9999.000,9999.000,9999.000,9999.000,9999.000,9999.000,9999.000
202606141448,   2.898,9999.000,9999.000,9999.000,9999.000,9999.000,9999.000,9999.000,9999.000
202606141454,   2.942,9999.000,9999.000,9999.000,9999.000,9999.000,9999.000,9999.000,9999.000
202606141500,   2.979,9999.000,   0.700,  -0.328,   3.351,   0.600,   3.251,   0.800,   3.451
202606141506,   3.011,9999.000,9999.000,9999.000,9999.000,9999.000,9999.000,9999.000,9999.000
202606141512,   3.036,9999.000,9999.000,9999.000,9999.000,9999.000,9999.000,9999.000,9999.000
202606141518,   3.055,9999.000,9999.000,9999.000,9999.000,9999.000,9999.000,9999.000,9999.000
202606141524,   3.068,9999.000,9999.000,9999.000,9999.000,9999.000,9999.000,9999.000,9999.000
202606141530,   3.075,9999.000,9999.000,9999.000,9999.000,9999.000,9999.000,9999.000,9999.000
202606141536,   3.076,9999.000,9999.000,9999.000,9999.000,9999.000,9999.000,9999.000,9999.000
202606141542,   3.071,9999.000,9999.000,9999.000,9999.000,9999.000,9999.000,9999.000,9999.000
202606141548,   3.061,9999.000,9999.000,9999.000,9999.000,9999.000,9999.000,9999.000,9999.000
202606141554,   3.045,9999.000,9999.000,9999.000,9999.000,9999.000,9999.000,9999.000,9999.000
202606141600,   3.024,9999.000,   0.700,  -0.187,   3.537,   0.600,   3.437,   0.800,   3.637
202606141606,   2.999,9999.000,9999.000,9999.000,9999.000,9999.000,9999.000,9999.000,9999.000
202606141612,   2.968,9999.000,9999.000,9999.000,9999.000,9999.000,9999.000,9999.000,9999.000
202606141618,   2.934,9999.000,9999.000,9999.000,9999.000,9999.000,9999.000,9999.000,9999.000
202606141624,   2.895,9999.000,9999.000,9999.000,9999.000,9999.000,9999.000,9999.000,9999.000
202606141630,   2.852,9999.000,9999.000,9999.000,9999.000,9999.000,9999.000,9999.000,9999.000
202606141636,   2.806,9999.000,9999.000,9999.000,9999.000,9999.000,9999.000,9999.000,9999.000
202606141642,   2.757,9999.000,9999.000,9999.000,9999.000,9999.000,9999.000,9999.000,9999.000
202606141648,   2.705,9999.000,9999.000,9999.000,9999.000,9999.000,9999.000,9999.000,9999.000
202606141654,   2.650,9999.000,9999.000,9999.000,9999.000,9999.000,9999.000,9999.000,9999.000
202606141700,   2.592,9999.000,   0.700,   0.105,   3.397,   0.600,   3.297,   0.700,   3.397
202606141706,   2.532,9999.000,9999.000,9999.000,9999.000,9999.000,9999.000,9999.000,9999.000
202606141712,   2.470,9999.000,9999.000,9999.000,9999.000,9999.000,9999.000,9999.000,9999.000
202606141718,   2.406,9999.000,9999.000,9999.000,9999.000,9999.000,9999.000,9999.000,9999.000
202606141724,   2.340,9999.000,9999.000,9999.000,9999.000,9999.000,9999.000,9999.000,9999.000
202606141730,   2.273,9999.000,9999.000,9999.000,9999.000,9999.000,9999.000,9999.000,9999.000
202606141736,   2.205,9999.000,9999.000,9999.000,9999.000,9999.000,9999.000,9999.000,9999.000
202606141742,   2.135,9999.000,9999.000,9999.000,9999.000,9999.000,9999.000,9999.000,9999.000
202606141748,   2.065,9999.000,9999.000,9999.000,9999.000,9999.000,9999.000,9999.000,9999.000
202606141754,   1.994,9999.000,9999.000,9999.000,9999.000,9999.000,9999.000,9999.000,9999.000
202606141800,   1.922,9999.000,   0.700,   0.418,   3.040,   0.600,   2.940,   0.700,   3.040
202606141806,   1.850,9999.000,9999.000,9999.000,9999.000,9999.000,9999.000,9999.000,9999.000
202606141812,   1.777,9999.000,9999.000,9999.000,9999.000,9999.000,9999.000,9999.000,9999.000
202606141818,   1.705,9999.000,9999.000,9999.000,9999.000,9999.000,9999.000,9999.000,9999.000
202606141824,   1.632,9999.000,9999.000,9999.000,9999.000,9999.000,9999.000,9999.000,9999.000
202606141830,   1.560,9999.000,9999.000,9999.000,9999.000,9999.000,9999.000,9999.000,9999.000
202606141836,   1.488,9999.000,9999.000,9999.000,9999.000,9999.000,9999.000,9999.000,9999.000
202606141842,   1.416,9999.000,9999.000,9999.000,9999.000,9999.000,9999.000,9999.000,9999.000
202606141848,   1.345,9999.000,9999.000,9999.000,9999.000,9999.000,9999.000,9999.000,9999.000
202606141854,   1.275,9999.000,9999.000,9999.000,9999.000,9999.000,9999.000,9999.000,9999.000
202606141900,   1.206,9999.000,   0.700,   0.621,   2.527,   0.600,   2.427,   0.700,   2.527
202606141906,   1.137,9999.000,9999.000,9999.000,9999.000,9999.000,9999.000,9999.000,9999.000
202606141912,   1.069,9999.000,9999.000,9999.000,9999.000,9999.000,9999.000,9999.000,9999.000
202606141918,   1.003,9999.000,9999.000,9999.000,9999.000,9999.000,9999.000,9999.000,9999.000
202606141924,   0.938,9999.000,9999.000,9999.000,9999.000,9999.000,9999.000,9999.000,9999.000
202606141930,   0.873,9999.000,9999.000,9999.000,9999.000,9999.000,9999.000,9999.000,9999.000
202606141936,   0.810,9999.000,9999.000,9999.000,9999.000,9999.000,9999.000,9999.000,9999.000
202606141942,   0.749,9999.000,9999.000,9999.000,9999.000,9999.000,9999.000,9999.000,9999.000
202606141948,   0.688,9999.000,9999.000,9999.000,9999.000,9999.000,9999.000,9999.000,9999.000
202606141954,   0.629,9999.000,9999.000,9999.000,9999.000,9999.000,9999.000,9999.000,9999.000
202606142000,   0.572,9999.000,   0.600,   0.677,   1.849,   0.500,   1.749,   0.700,   1.949
202606142006,   0.516,9999.000,9999.000,9999.000,9999.000,9999.000,9999.000,9999.000,9999.000
202606142012,   0.461,9999.000,9999.000,9999.000,9999.000,9999.000,9999.000,9999.000,9999.000
202606142018,   0.408,9999.000,9999.000,9999.000,9999.000,9999.000,9999.000,9999.000,9999.000
202606142024,   0.357,9999.000,9999.000,9999.000,9999.000,9999.000,9999.000,9999.000,9999.000
202606142030,   0.308,9999.000,9999.000,9999.000,9999.000,9999.000,9999.000,9999.000,9999.000
202606142036,   0.261,9999.000,9999.000,9999.000,9999.000,9999.000,9999.000,9999.000,9999.000
202606142042,   0.215,9999.000,9999.000,9999.000,9999.000,9999.000,9999.000,9999.000,9999.000
202606142048,   0.172,9999.000,9999.000,9999.000,9999.000,9999.000,9999.000,9999.000,9999.000
202606142054,   0.132,9999.000,9999.000,9999.000,9999.000,9999.000,9999.000,9999.000,9999.000
202606142100,   0.094,9999.000,   0.600,   0.592,   1.286,   0.500,   1.186,   0.700,   1.386
202606142106,   0.059,9999.000,9999.000,9999.000,9999.000,9999.000,9999.000,9999.000,9999.000
202606142112,   0.027,9999.000,9999.000,9999.000,9999.000,9999.000,9999.000,9999.000,9999.000
202606142118,   0.000,9999.000,9999.000,9999.000,9999.000,9999.000,9999.000,9999.000,9999.000
202606142124,  -0.025,9999.000,9999.000,9999.000,9999.000,9999.000,9999.000,9999.000,9999.000
202606142130,  -0.046,9999.000,9999.000,9999.000,9999.000,9999.000,9999.000,9999.000,9999.000
202606142136,  -0.062,9999.000,9999.000,9999.000,9999.000,9999.000,9999.000,9999.000,9999.000
202606142142,  -0.074,9999.000,9999.000,9999.000,9999.000,9999.000,9999.000,9999.000,9999.000
202606142148,  -0.081,9999.000,9999.000,9999.000,9999.000,9999.000,9999.000,9999.000,9999.000
202606142154,  -0.084,9999.000,9999.000,9999.000,9999.000,9999.000,9999.000,9999.000,9999.000
202606142200,  -0.081,9999.000,   0.600,   0.378,   0.897,   0.500,   0.797,   0.700,   0.997
202606142206,  -0.072,9999.000,9999.000,9999.000,9999.000,9999.000,9999.000,9999.000,9999.000
202606142212,  -0.058,9999.000,9999.000,9999.000,9999.000,9999.000,9999.000,9999.000,9999.000
202606142218,  -0.038,9999.000,9999.000,9999.000,9999.000,9999.000,9999.000,9999.000,9999.000
202606142224,  -0.012,9999.000,9999.000,9999.000,9999.000,9999.000,9999.000,9999.000,9999.000
202606142230,   0.019,9999.000,9999.000,9999.000,9999.000,9999.000,9999.000,9999.000,9999.000
202606142236,   0.057,9999.000,9999.000,9999.000,9999.000,9999.000,9999.000,9999.000,9999.000
202606142242,   0.101,9999.000,9999.000,9999.000,9999.000,9999.000,9999.000,9999.000,9999.000
202606142248,   0.151,9999.000,9999.000,9999.000,9999.000,9999.000,9999.000,9999.000,9999.000
202606142254,   0.207,9999.000,9999.000,9999.000,9999.000,9999.000,9999.000,9999.000,9999.000
202606142300,   0.269,9999.000,   0.600,   0.066,   0.935,   0.400,   0.735,   0.700,   1.035
202606142306,   0.337,9999.000,9999.000,9999.000,9999.000,9999.000,9999.000,9999.000,9999.000
202606142312,   0.410,9999.000,9999.000,9999.000,9999.000,9999.000,9999.000,9999.000,9999.000
202606142318,   0.488,9999.000,9999.000,9999.000,9999.000,9999.000,9999.000,9999.000,9999.000
202606142324,   0.571,9999.000,9999.000,9999.000,9999.000,9999.000,9999.000,9999.000,9999.000
202606142330,   0.659,9999.000,9999.000,9999.000,9999.000,9999.000,9999.000,9999.000,9999.000
202606142336,   0.751,9999.000,9999.000,9999.000,9999.000,9999.000,9999.000,9999.000,9999.000
202606142342,   0.848,9999.000,9999.000,9999.000,9999.000,9999.000,9999.000,9999.000,9999.000
202606142348,   0.948,9999.000,9999.000,9999.000,9999.000,9999.000,9999.000,9999.000,9999.000
202606142354,   1.051,9999.000,9999.000,9999.000,9999.000,9999.000,9999.000,9999.000,9999.000
202606150000,   1.158,9999.000,   0.600,   0.066,   1.824,   0.400,   1.624,   0.700,   1.924
