        TIME,    TIDE,      OB,   SURGE,    BIAS,     TWL,SURGE90p,  TWL90p,SURGE10p,   TWL10p
202605260000,   1.196,   1.390,   0.600,  -0.406,   1.390,   0.500,   1.290,   0.600,   1.390
202605260006,   1.248,9999.000,9999.000,9999.000,9999.000,9999.000,9999.000,9999.000,9999.000
202605260012,   1.304,   1.508,9999.000,9999.000,9999.000,9999.000,9999.000,9999.000,9999.000
202605260018,   1.365,9999.000,9999.000,9999.000,9999.000,9999.000,9999.000,9999.000,9999.000
202605260024,   1.429,   1.659,9999.000,9999.000,9999.000,9999.000,9999.000,9999.000,9999.000
202605260030,   1.498,9999.000,9999.000,9999.000,9999.000,9999.000,9999.000,9999.000,9999.000
202605260036,   1.570,   1.800,9999.000,9999.000,9999.000,9999.000,9999.000,9999.000,9999.000
202605260042,   1.646,9999.000,9999.000,9999.000,9999.000,9999.000,9999.000,9999.000,9999.000
202605260048,   1.725,   1.958,9999.000,9999.000,9999.000,9999.000,9999.000,9999.000,9999.000
202605260054,   1.807,9999.000,9999.000,9999.000,9999.000,9999.000,9999.000,9999.000,9999.000
202605260100,   1.892,   2.138,   0.600,  -0.354,   2.138,   0.600,   2.138,   0.600,   2.138
202605260106,   1.979,   2.250,9999.000,9999.000,9999.000,9999.000,9999.000,9999.000,9999.000
202605260112,   2.068,   2.348,9999.000,9999.000,9999.000,9999.000,9999.000,9999.000,9999.000
202605260118,   2.159,   2.440,9999.000,9999.000,9999.000,9999.000,9999.000,9999.000,9999.000
202605260124,   2.252,   2.548,9999.000,9999.000,9999.000,9999.000,9999.000,9999.000,9999.000
202605260130,   2.346,   2.679,9999.000,9999.000,9999.000,9999.000,9999.000,9999.000,9999.000
202605260136,   2.442,   2.778,9999.000,9999.000,9999.000,9999.000,9999.000,9999.000,9999.000
202605260142,   2.538,   2.879,9999.000,9999.000,9999.000,9999.000,9999.000,9999.000,9999.000
202605260148,   2.635,   2.988,9999.000,9999.000,9999.000,9999.000,9999.000,9999.000,9999.000
202605260154,   2.732,   3.109,9999.000,9999.000,9999.000,9999.000,9999.000,9999.000,9999.000
202605260200,   2.829,   3.207,   0.600,  -0.222,   3.207,   0.600,   3.207,   0.600,   3.207
202605260206,   2.927,   3.319,9999.000,9999.000,9999.000,9999.000,9999.000,9999.000,9999.000
202605260212,   3.024,   3.427,9999.000,9999.000,9999.000,9999.000,9999.000,9999.000,9999.000
202605260218,   3.121,   3.529,9999.000,9999.000,9999.000,9999.000,9999.000,9999.000,9999.000
202605260224,   3.217,   3.627,9999.000,9999.000,9999.000,9999.000,9999.000,9999.000,9999.000
202605260230,   3.312,   3.768,9999.000,9999.000,9999.000,9999.000,9999.000,9999.000,9999.000
202605260236,   3.407,   3.870,9999.000,9999.000,9999.000,9999.000,9999.000,9999.000,9999.000
202605260242,   3.500,   3.988,9999.000,9999.000,9999.000,9999.000,9999.000,9999.000,9999.000
202605260248,   3.592,   4.099,9999.000,9999.000,9999.000,9999.000,9999.000,9999.000,9999.000
202605260254,   3.682,   4.208,9999.000,9999.000,9999.000,9999.000,9999.000,9999.000,9999.000
202605260300,   3.771,   4.300,   0.600,  -0.071,   4.300,   0.600,   4.300,   0.600,   4.300
202605260306,   3.858,   4.398,9999.000,9999.000,9999.000,9999.000,9999.000,9999.000,9999.000
202605260312,   3.943,   4.480,9999.000,9999.000,9999.000,9999.000,9999.000,9999.000,9999.000
202605260318,   4.026,   4.578,9999.000,9999.000,9999.000,9999.000,9999.000,9999.000,9999.000
202605260324,   4.107,   4.647,9999.000,9999.000,9999.000,9999.000,9999.000,9999.000,9999.000
202605260330,   4.185,   4.769,9999.000,9999.000,9999.000,9999.000,9999.000,9999.000,9999.000
202605260336,   4.261,   4.837,9999.000,9999.000,9999.000,9999.000,9999.000,9999.000,9999.000
202605260342,   4.335,   4.919,9999.000,9999.000,9999.000,9999.000,9999.000,9999.000,9999.000
202605260348,   4.405,   4.979,9999.000,9999.000,9999.000,9999.000,9999.000,9999.000,9999.000
202605260354,   4.473,   5.057,9999.000,9999.000,9999.000,9999.000,9999.000,9999.000,9999.000
202605260400,   4.537,   5.110,   0.600,  -0.027,   5.110,   0.600,   5.110,   0.700,   5.210
202605260406,   4.599,   5.169,9999.000,9999.000,9999.000,9999.000,9999.000,9999.000,9999.000
202605260412,   4.657,   5.218,9999.000,9999.000,9999.000,9999.000,9999.000,9999.000,9999.000
202605260418,   4.711,   5.287,9999.000,9999.000,9999.000,9999.000,9999.000,9999.000,9999.000
202605260424,   4.762,   5.339,9999.000,9999.000,9999.000,9999.000,9999.000,9999.000,9999.000
202605260430,   4.810,   5.389,9999.000,9999.000,9999.000,9999.000,9999.000,9999.000,9999.000
202605260436,   4.854,   5.418,9999.000,9999.000,9999.000,9999.000,9999.000,9999.000,9999.000
202605260442,   4.893,   5.438,9999.000,9999.000,9999.000,9999.000,9999.000,9999.000,9999.000
202605260448,   4.929,   5.487,9999.000,9999.000,9999.000,9999.000,9999.000,9999.000,9999.000
202605260454,   4.961,   5.530,9999.000,9999.000,9999.000,9999.000,9999.000,9999.000,9999.000
202605260500,   4.988,   5.569,   0.600,  -0.019,   5.569,   0.600,   5.569,   0.700,   5.669
202605260506,   5.012,   5.608,9999.000,9999.000,9999.000,9999.000,9999.000,9999.000,9999.000
202605260512,   5.031,   5.628,9999.000,9999.000,9999.000,9999.000,9999.000,9999.000,9999.000
202605260518,   5.045,   5.657,9999.000,9999.000,9999.000,9999.000,9999.000,9999.000,9999.000
202605260524,   5.056,   5.667,9999.000,9999.000,9999.000,9999.000,9999.000,9999.000,9999.000
202605260530,   5.061,   5.677,9999.000,9999.000,9999.000,9999.000,9999.000,9999.000,9999.000
202605260536,   5.063,   5.667,9999.000,9999.000,9999.000,9999.000,9999.000,9999.000,9999.000
202605260542,   5.059,   5.667,9999.000,9999.000,9999.000,9999.000,9999.000,9999.000,9999.000
202605260548,   5.051,   5.657,9999.000,9999.000,9999.000,9999.000,9999.000,9999.000,9999.000
202605260554,   5.038,   5.638,9999.000,9999.000,9999.000,9999.000,9999.000,9999.000,9999.000
202605260600,   5.021,   5.648,   0.600,   0.027,   5.648,   0.600,   5.648,   0.700,   5.748
202605260606,   4.999,   5.608,9999.000,9999.000,9999.000,9999.000,9999.000,9999.000,9999.000
202605260612,   4.973,   5.638,9999.000,9999.000,9999.000,9999.000,9999.000,9999.000,9999.000
202605260618,   4.942,   5.598,9999.000,9999.000,9999.000,9999.000,9999.000,9999.000,9999.000
202605260624,   4.906,   5.559,9999.000,9999.000,9999.000,9999.000,9999.000,9999.000,9999.000
202605260630,   4.866,   5.539,9999.000,9999.000,9999.000,9999.000,9999.000,9999.000,9999.000
202605260636,   4.822,   5.507,9999.000,9999.000,9999.000,9999.000,9999.000,9999.000,9999.000
202605260642,   4.774,   5.467,9999.000,9999.000,9999.000,9999.000,9999.000,9999.000,9999.000
202605260648,   4.721,   5.428,9999.000,9999.000,9999.000,9999.000,9999.000,9999.000,9999.000
202605260654,   4.664,   5.389,9999.000,9999.000,9999.000,9999.000,9999.000,9999.000,9999.000
202605260700,   4.604,   5.287,   0.600,   0.083,   5.287,   0.600,   5.287,   0.700,   5.387
202605260706,   4.540,   5.228,9999.000,9999.000,9999.000,9999.000,9999.000,9999.000,9999.000
202605260712,   4.472,   5.149,9999.000,9999.000,9999.000,9999.000,9999.000,9999.000,9999.000
202605260718,   4.401,   5.097,9999.000,9999.000,9999.000,9999.000,9999.000,9999.000,9999.000
202605260724,   4.327,   5.047,9999.000,9999.000,9999.000,9999.000,9999.000,9999.000,9999.000
202605260730,   4.250,   4.929,9999.000,9999.000,9999.000,9999.000,9999.000,9999.000,9999.000
202605260736,   4.170,   4.877,9999.000,9999.000,9999.000,9999.000,9999.000,9999.000,9999.000
202605260742,   4.088,   4.769,9999.000,9999.000,9999.000,9999.000,9999.000,9999.000,9999.000
202605260748,   4.003,   4.677,9999.000,9999.000,9999.000,9999.000,9999.000,9999.000,9999.000
202605260754,   3.916,   4.578,9999.000,9999.000,9999.000,9999.000,9999.000,9999.000,9999.000
202605260800,   3.827,   4.500,   0.600,   0.073,   4.500,   0.600,   4.500,   0.700,   4.600
202605260806,   3.737,   4.388,9999.000,9999.000,9999.000,9999.000,9999.000,9999.000,9999.000
202605260812,   3.645,   4.280,9999.000,9999.000,9999.000,9999.000,9999.000,9999.000,9999.000
202605260818,   3.552,   4.208,9999.000,9999.000,9999.000,9999.000,9999.000,9999.000,9999.000
202605260824,   3.458,   4.080,9999.000,9999.000,9999.000,9999.000,9999.000,9999.000,9999.000
202605260830,   3.363,   3.968,9999.000,9999.000,9999.000,9999.000,9999.000,9999.000,9999.000
202605260836,   3.267,   3.847,9999.000,9999.000,9999.000,9999.000,9999.000,9999.000,9999.000
202605260842,   3.171,   3.749,9999.000,9999.000,9999.000,9999.000,9999.000,9999.000,9999.000
202605260848,   3.074,   3.650,9999.000,9999.000,9999.000,9999.000,9999.000,9999.000,9999.000
202605260854,   2.978,   3.529,9999.000,9999.000,9999.000,9999.000,9999.000,9999.000,9999.000
202605260900,   2.881,   3.407,   0.600,  -0.074,   3.407,   0.600,   3.407,   0.700,   3.507
202605260906,   2.785,   3.309,9999.000,9999.000,9999.000,9999.000,9999.000,9999.000,9999.000
202605260912,   2.688,   3.207,9999.000,9999.000,9999.000,9999.000,9999.000,9999.000,9999.000
202605260918,   2.593,   3.109,9999.000,9999.000,9999.000,9999.000,9999.000,9999.000,9999.000
202605260924,   2.498,   2.997,9999.000,9999.000,9999.000,9999.000,9999.000,9999.000,9999.000
202605260930,   2.403,   2.919,9999.000,9999.000,9999.000,9999.000,9999.000,9999.000,9999.000
202605260936,   2.310,   2.797,9999.000,9999.000,9999.000,9999.000,9999.000,9999.000,9999.000
202605260942,   2.218,   2.719,9999.000,9999.000,9999.000,9999.000,9999.000,9999.000,9999.000
202605260948,   2.126,   2.620,9999.000,9999.000,9999.000,9999.000,9999.000,9999.000,9999.000
202605260954,   2.037,   2.548,9999.000,9999.000,9999.000,9999.000,9999.000,9999.000,9999.000
202605261000,   1.948,   2.469,   0.600,  -0.079,   2.469,   0.600,   2.469,   0.700,   2.569
202605261006,   1.862,   2.400,9999.000,9999.000,9999.000,9999.000,9999.000,9999.000,9999.000
202605261012,   1.777,   2.299,9999.000,9999.000,9999.000,9999.000,9999.000,9999.000,9999.000
202605261018,   1.694,   2.230,9999.000,9999.000,9999.000,9999.000,9999.000,9999.000,9999.000
202605261024,   1.614,   2.148,9999.000,9999.000,9999.000,9999.000,9999.000,9999.000,9999.000
202605261030,   1.536,   2.089,9999.000,9999.000,9999.000,9999.000,9999.000,9999.000,9999.000
202605261036,   1.461,   2.020,9999.000,9999.000,9999.000,9999.000,9999.000,9999.000,9999.000
202605261042,   1.389,   1.958,9999.000,9999.000,9999.000,9999.000,9999.000,9999.000,9999.000
202605261048,   1.319,   1.899,9999.000,9999.000,9999.000,9999.000,9999.000,9999.000,9999.000
202605261054,   1.254,   1.830,9999.000,9999.000,9999.000,9999.000,9999.000,9999.000,9999.000
202605261100,   1.191,   1.781,   0.600,  -0.010,   1.781,   0.600,   1.781,   0.700,   1.881
202605261106,   1.133,   1.738,9999.000,9999.000,9999.000,9999.000,9999.000,9999.000,9999.000
202605261112,   1.078,   1.699,9999.000,9999.000,9999.000,9999.000,9999.000,9999.000,9999.000
202605261118,   1.028,   1.649,9999.000,9999.000,9999.000,9999.000,9999.000,9999.000,9999.000
202605261124,   0.982,   1.620,9999.000,9999.000,9999.000,9999.000,9999.000,9999.000,9999.000
202605261130,   0.940,   1.600,9999.000,9999.000,9999.000,9999.000,9999.000,9999.000,9999.000
202605261136,   0.904,   1.571,9999.000,9999.000,9999.000,9999.000,9999.000,9999.000,9999.000
202605261142,   0.871,   1.548,9999.000,9999.000,9999.000,9999.000,9999.000,9999.000,9999.000
202605261148,   0.844,   1.528,9999.000,9999.000,9999.000,9999.000,9999.000,9999.000,9999.000
202605261154,   0.822,   1.479,9999.000,9999.000,9999.000,9999.000,9999.000,9999.000,9999.000
202605261200,   0.805,   1.439,   0.600,   0.034,   1.439,   0.600,   1.439,   0.600,   1.439
202605261206,   0.793,   1.390,9999.000,9999.000,9999.000,9999.000,9999.000,9999.000,9999.000
202605261212,   0.786,   1.348,9999.000,9999.000,9999.000,9999.000,9999.000,9999.000,9999.000
202605261218,   0.784,   1.338,9999.000,9999.000,9999.000,9999.000,9999.000,9999.000,9999.000
202605261224,   0.788,   1.308,9999.000,9999.000,9999.000,9999.000,9999.000,9999.000,9999.000
202605261230,   0.796,   1.279,9999.000,9999.000,9999.000,9999.000,9999.000,9999.000,9999.000
202605261236,   0.808,   1.259,9999.000,9999.000,9999.000,9999.000,9999.000,9999.000,9999.000
202605261242,   0.826,   1.269,9999.000,9999.000,9999.000,9999.000,9999.000,9999.000,9999.000
202605261248,   0.848,   1.259,9999.000,9999.000,9999.000,9999.000,9999.000,9999.000,9999.000
202605261254,   0.875,   1.269,9999.000,9999.000,9999.000,9999.000,9999.000,9999.000,9999.000
202605261300,   0.905,   1.259,   0.600,  -0.246,   1.259,   0.600,   1.259,   0.600,   1.259
202605261306,   0.940,   1.249,9999.000,9999.000,9999.000,9999.000,9999.000,9999.000,9999.000
202605261312,   0.978,   1.269,9999.000,9999.000,9999.000,9999.000,9999.000,9999.000,9999.000
202605261318,   1.020,   1.308,9999.000,9999.000,9999.000,9999.000,9999.000,9999.000,9999.000
202605261324,   1.065,   1.318,9999.000,9999.000,9999.000,9999.000,9999.000,9999.000,9999.000
202605261330,   1.114,   1.338,9999.000,9999.000,9999.000,9999.000,9999.000,9999.000,9999.000
202605261336,   1.165,   1.390,9999.000,9999.000,9999.000,9999.000,9999.000,9999.000,9999.000
202605261342,   1.218,   1.420,9999.000,9999.000,9999.000,9999.000,9999.000,9999.000,9999.000
202605261348,   1.274,   1.489,9999.000,9999.000,9999.000,9999.000,9999.000,9999.000,9999.000
202605261354,   1.332,   1.548,9999.000,9999.000,9999.000,9999.000,9999.000,9999.000,9999.000
202605261400,   1.392,   1.610,   0.600,  -0.382,   1.610,   0.600,   1.610,   0.600,   1.610
202605261406,   1.454,   1.699,9999.000,9999.000,9999.000,9999.000,9999.000,9999.000,9999.000
202605261412,   1.516,   1.748,9999.000,9999.000,9999.000,9999.000,9999.000,9999.000,9999.000
202605261418,   1.581,   1.849,9999.000,9999.000,9999.000,9999.000,9999.000,9999.000,9999.000
202605261424,   1.646,   1.938,9999.000,9999.000,9999.000,9999.000,9999.000,9999.000,9999.000
202605261430,   1.712,   2.010,9999.000,9999.000,9999.000,9999.000,9999.000,9999.000,9999.000
202605261436,   1.778,   2.089,9999.000,9999.000,9999.000,9999.000,9999.000,9999.000,9999.000
202605261442,   1.845,   2.168,9999.000,9999.000,9999.000,9999.000,9999.000,9999.000,9999.000
202605261448,   1.913,   2.250,9999.000,9999.000,9999.000,9999.000,9999.000,9999.000,9999.000
202605261454,   1.980,   2.289,9999.000,9999.000,9999.000,9999.000,9999.000,9999.000,9999.000
202605261500,   2.048,   2.400,   0.600,  -0.248,   2.400,   0.600,   2.400,   0.600,   2.400
202605261506,   2.115,   2.479,9999.000,9999.000,9999.000,9999.000,9999.000,9999.000,9999.000
202605261512,   2.182,   2.578,9999.000,9999.000,9999.000,9999.000,9999.000,9999.000,9999.000
202605261518,   2.249,   2.679,9999.000,9999.000,9999.000,9999.000,9999.000,9999.000,9999.000
202605261524,   2.315,   2.778,9999.000,9999.000,9999.000,9999.000,9999.000,9999.000,9999.000
202605261530,   2.380,   2.860,9999.000,9999.000,9999.000,9999.000,9999.000,9999.000,9999.000
202605261536,   2.444,   2.978,9999.000,9999.000,9999.000,9999.000,9999.000,9999.000,9999.000
202605261542,   2.508,   3.089,9999.000,9999.000,9999.000,9999.000,9999.000,9999.000,9999.000
202605261548,   2.570,   3.148,9999.000,9999.000,9999.000,9999.000,9999.000,9999.000,9999.000
202605261554,   2.631,   3.250,9999.000,9999.000,9999.000,9999.000,9999.000,9999.000,9999.000
202605261600,   2.691,   3.319,   0.600,   0.028,   3.319,   0.600,   3.319,   0.600,   3.319
202605261606,   2.750,   3.417,9999.000,9999.000,9999.000,9999.000,9999.000,9999.000,9999.000
202605261612,   2.806,   3.499,9999.000,9999.000,9999.000,9999.000,9999.000,9999.000,9999.000
202605261618,   2.861,   3.548,9999.000,9999.000,9999.000,9999.000,9999.000,9999.000,9999.000
202605261624,   2.914,   3.627,9999.000,9999.000,9999.000,9999.000,9999.000,9999.000,9999.000
202605261630,   2.966,   3.699,9999.000,9999.000,9999.000,9999.000,9999.000,9999.000,9999.000
202605261636,   3.015,   3.739,9999.000,9999.000,9999.000,9999.000,9999.000,9999.000,9999.000
202605261642,   3.062,   3.827,9999.000,9999.000,9999.000,9999.000,9999.000,9999.000,9999.000
202605261648,   3.106,   3.909,9999.000,9999.000,9999.000,9999.000,9999.000,9999.000,9999.000
202605261654,   3.148,   3.998,9999.000,9999.000,9999.000,9999.000,9999.000,9999.000,9999.000
202605261700,   3.188,   4.057,   0.600,   0.269,   4.057,   0.600,   4.057,   0.600,   4.057
202605261706,   3.225,   4.090,9999.000,9999.000,9999.000,9999.000,9999.000,9999.000,9999.000
202605261712,   3.259,   4.159,9999.000,9999.000,9999.000,9999.000,9999.000,9999.000,9999.000
202605261718,   3.290,   4.208,9999.000,9999.000,9999.000,9999.000,9999.000,9999.000,9999.000
202605261724,   3.318,   4.247,9999.000,9999.000,9999.000,9999.000,9999.000,9999.000,9999.000
202605261730,   3.344,   4.300,9999.000,9999.000,9999.000,9999.000,9999.000,9999.000,9999.000
202605261736,   3.366,   4.319,9999.000,9999.000,9999.000,9999.000,9999.000,9999.000,9999.000
202605261742,   3.385,   4.349,9999.000,9999.000,9999.000,9999.000,9999.000,9999.000,9999.000
202605261748,   3.400,   4.378,9999.000,9999.000,9999.000,9999.000,9999.000,9999.000,9999.000
202605261754,   3.413,   4.398,9999.000,9999.000,9999.000,9999.000,9999.000,9999.000,9999.000
202605261800,   3.422,   4.418,   0.600,   0.396,   4.418,   0.600,   4.418,   0.600,   4.418
202605261806,   3.427,   4.398,9999.000,9999.000,9999.000,9999.000,9999.000,9999.000,9999.000
202605261812,   3.429,   4.427,9999.000,9999.000,9999.000,9999.000,9999.000,9999.000,9999.000
202605261818,   3.428,   4.437,9999.000,9999.000,9999.000,9999.000,9999.000,9999.000,9999.000
202605261824,   3.423,   4.418,9999.000,9999.000,9999.000,9999.000,9999.000,9999.000,9999.000
202605261830,   3.415,   4.447,9999.000,9999.000,9999.000,9999.000,9999.000,9999.000,9999.000
202605261836,   3.403,   4.427,9999.000,9999.000,9999.000,9999.000,9999.000,9999.000,9999.000
202605261842,   3.388,   4.457,9999.000,9999.000,9999.000,9999.000,9999.000,9999.000,9999.000
202605261848,   3.369,   4.418,9999.000,9999.000,9999.000,9999.000,9999.000,9999.000,9999.000
202605261854,   3.347,   4.408,9999.000,9999.000,9999.000,9999.000,9999.000,9999.000,9999.000
202605261900,   3.322,   4.408,   0.600,   0.486,   4.408,   0.600,   4.408,   0.600,   4.408
202605261906,   3.294,   4.368,9999.000,9999.000,9999.000,9999.000,9999.000,9999.000,9999.000
202605261912,   3.262,   4.339,9999.000,9999.000,9999.000,9999.000,9999.000,9999.000,9999.000
202605261918,   3.228,   4.300,9999.000,9999.000,9999.000,9999.000,9999.000,9999.000,9999.000
202605261924,   3.191,   4.247,9999.000,9999.000,9999.000,9999.000,9999.000,9999.000,9999.000
202605261930,   3.151,   4.198,9999.000,9999.000,9999.000,9999.000,9999.000,9999.000,9999.000
202605261936,   3.108,   4.168,9999.000,9999.000,9999.000,9999.000,9999.000,9999.000,9999.000
202605261942,   3.064,   4.080,9999.000,9999.000,9999.000,9999.000,9999.000,9999.000,9999.000
202605261948,   3.017,   4.037,9999.000,9999.000,9999.000,9999.000,9999.000,9999.000,9999.000
202605261954,   2.968,   3.998,9999.000,9999.000,9999.000,9999.000,9999.000,9999.000,9999.000
202605262000,   2.917,   3.939,   0.600,   0.422,   3.939,   0.600,   3.939,   0.600,   3.939
202605262006,   2.865,   3.899,9999.000,9999.000,9999.000,9999.000,9999.000,9999.000,9999.000
202605262012,   2.811,   3.847,9999.000,9999.000,9999.000,9999.000,9999.000,9999.000,9999.000
202605262018,   2.756,   3.798,9999.000,9999.000,9999.000,9999.000,9999.000,9999.000,9999.000
202605262024,   2.700,   3.719,9999.000,9999.000,9999.000,9999.000,9999.000,9999.000,9999.000
202605262030,   2.644,   3.670,9999.000,9999.000,9999.000,9999.000,9999.000,9999.000,9999.000
202605262036,   2.586,   3.588,9999.000,9999.000,9999.000,9999.000,9999.000,9999.000,9999.000
202605262042,   2.529,   3.519,9999.000,9999.000,9999.000,9999.000,9999.000,9999.000,9999.000
202605262048,   2.471,   3.407,9999.000,9999.000,9999.000,9999.000,9999.000,9999.000,9999.000
202605262054,   2.413,   3.329,9999.000,9999.000,9999.000,9999.000,9999.000,9999.000,9999.000
202605262100,   2.355,   3.230,   0.600,   0.275,   3.230,   0.600,   3.230,   0.600,   3.230
202605262106,   2.297,   3.148,9999.000,9999.000,9999.000,9999.000,9999.000,9999.000,9999.000
202605262112,   2.240,   3.089,9999.000,9999.000,9999.000,9999.000,9999.000,9999.000,9999.000
202605262118,   2.183,   2.997,9999.000,9999.000,9999.000,9999.000,9999.000,9999.000,9999.000
202605262124,   2.127,   2.929,9999.000,9999.000,9999.000,9999.000,9999.000,9999.000,9999.000
202605262130,   2.071,   2.869,9999.000,9999.000,9999.000,9999.000,9999.000,9999.000,9999.000
202605262136,   2.017,   2.797,9999.000,9999.000,9999.000,9999.000,9999.000,9999.000,9999.000
202605262142,   1.963,   2.728,9999.000,9999.000,9999.000,9999.000,9999.000,9999.000,9999.000
202605262148,   1.911,   2.669,9999.000,9999.000,9999.000,9999.000,9999.000,9999.000,9999.000
202605262154,   1.860,   2.610,9999.000,9999.000,9999.000,9999.000,9999.000,9999.000,9999.000
202605262200,   1.810,   2.538,   0.600,   0.128,   2.538,   0.600,   2.538,   0.600,   2.538
202605262206,   1.762,   2.450,9999.000,9999.000,9999.000,9999.000,9999.000,9999.000,9999.000
202605262212,   1.715,   2.400,9999.000,9999.000,9999.000,9999.000,9999.000,9999.000,9999.000
202605262218,   1.670,   2.309,9999.000,9999.000,9999.000,9999.000,9999.000,9999.000,9999.000
202605262224,   1.627,   2.250,9999.000,9999.000,9999.000,9999.000,9999.000,9999.000,9999.000
202605262230,   1.586,   2.177,9999.000,9999.000,9999.000,9999.000,9999.000,9999.000,9999.000
202605262236,   1.547,   2.128,9999.000,9999.000,9999.000,9999.000,9999.000,9999.000,9999.000
202605262242,   1.511,   2.079,9999.000,9999.000,9999.000,9999.000,9999.000,9999.000,9999.000
202605262248,   1.477,   2.049,9999.000,9999.000,9999.000,9999.000,9999.000,9999.000,9999.000
202605262254,   1.445,   2.000,9999.000,9999.000,9999.000,9999.000,9999.000,9999.000,9999.000
202605262300,   1.417,   1.967,   0.600,  -0.050,   1.967,   0.600,   1.967,   0.600,   1.967
202605262306,   1.391,   1.938,9999.000,9999.000,9999.000,9999.000,9999.000,9999.000,9999.000
202605262312,   1.369,   1.918,9999.000,9999.000,9999.000,9999.000,9999.000,9999.000,9999.000
202605262318,   1.350,   1.918,9999.000,9999.000,9999.000,9999.000,9999.000,9999.000,9999.000
202605262324,   1.335,   1.908,9999.000,9999.000,9999.000,9999.000,9999.000,9999.000,9999.000
202605262330,   1.323,   1.889,9999.000,9999.000,9999.000,9999.000,9999.000,9999.000,9999.000
202605262336,   1.316,   1.879,9999.000,9999.000,9999.000,9999.000,9999.000,9999.000,9999.000
202605262342,   1.313,   1.879,9999.000,9999.000,9999.000,9999.000,9999.000,9999.000,9999.000
202605262348,   1.313,   1.859,9999.000,9999.000,9999.000,9999.000,9999.000,9999.000,9999.000
202605262354,   1.319,   1.849,9999.000,9999.000,9999.000,9999.000,9999.000,9999.000,9999.000
202605270000,   1.329,   1.830,   0.700,  -0.199,   1.830,   0.700,   1.830,   0.800,   1.930
202605270006,   1.343,   1.849,9999.000,9999.000,9999.000,9999.000,9999.000,9999.000,9999.000
202605270012,   1.362,   1.859,9999.000,9999.000,9999.000,9999.000,9999.000,9999.000,9999.000
202605270018,   1.386,   1.889,9999.000,9999.000,9999.000,9999.000,9999.000,9999.000,9999.000
202605270024,   1.415,   1.899,9999.000,9999.000,9999.000,9999.000,9999.000,9999.000,9999.000
202605270030,   1.449,   1.948,9999.000,9999.000,9999.000,9999.000,9999.000,9999.000,9999.000
202605270036,   1.487,   2.000,9999.000,9999.000,9999.000,9999.000,9999.000,9999.000,9999.000
202605270042,   1.530,   2.040,9999.000,9999.000,9999.000,9999.000,9999.000,9999.000,9999.000
202605270048,   1.578,   2.109,9999.000,9999.000,9999.000,9999.000,9999.000,9999.000,9999.000
202605270054,   1.630,   2.148,9999.000,9999.000,9999.000,9999.000,9999.000,9999.000,9999.000
202605270100,   1.687,   2.230,   0.700,  -0.157,   2.230,   0.700,   2.230,   0.800,   2.330
202605270106,   1.748,   2.299,9999.000,9999.000,9999.000,9999.000,9999.000,9999.000,9999.000
202605270112,   1.812,   2.400,9999.000,9999.000,9999.000,9999.000,9999.000,9999.000,9999.000
202605270118,   1.881,   2.469,9999.000,9999.000,9999.000,9999.000,9999.000,9999.000,9999.000
202605270124,   1.953,   2.509,9999.000,9999.000,9999.000,9999.000,9999.000,9999.000,9999.000
202605270130,   2.029,   2.558,9999.000,9999.000,9999.000,9999.000,9999.000,9999.000,9999.000
202605270136,   2.107,   2.620,9999.000,9999.000,9999.000,9999.000,9999.000,9999.000,9999.000
202605270142,   2.189,   2.669,9999.000,9999.000,9999.000,9999.000,9999.000,9999.000,9999.000
202605270148,   2.273,   2.709,9999.000,9999.000,9999.000,9999.000,9999.000,9999.000,9999.000
202605270154,   2.359,   2.778,9999.000,9999.000,9999.000,9999.000,9999.000,9999.000,9999.000
202605270200,   2.447,   2.860,   0.700,  -0.287,   2.860,   0.700,   2.860,   0.800,   2.960
202605270206,   2.537,   2.958,9999.000,9999.000,9999.000,9999.000,9999.000,9999.000,9999.000
202605270212,   2.629,   3.040,9999.000,9999.000,9999.000,9999.000,9999.000,9999.000,9999.000
202605270218,   2.721,   3.129,9999.000,9999.000,9999.000,9999.000,9999.000,9999.000,9999.000
202605270224,   2.815,   3.270,9999.000,9999.000,9999.000,9999.000,9999.000,9999.000,9999.000
202605270230,   2.909,   3.388,9999.000,9999.000,9999.000,9999.000,9999.000,9999.000,9999.000
202605270236,   3.004,   3.489,9999.000,9999.000,9999.000,9999.000,9999.000,9999.000,9999.000
202605270242,   3.099,   3.598,9999.000,9999.000,9999.000,9999.000,9999.000,9999.000,9999.000
202605270248,   3.193,   3.719,9999.000,9999.000,9999.000,9999.000,9999.000,9999.000,9999.000
202605270254,   3.288,   3.808,9999.000,9999.000,9999.000,9999.000,9999.000,9999.000,9999.000
202605270300,   3.382,   3.899,   0.800,  -0.283,   3.899,   0.700,   3.799,   0.800,   3.899
202605270306,   3.475,   3.998,9999.000,9999.000,9999.000,9999.000,9999.000,9999.000,9999.000
202605270312,   3.568,   4.037,9999.000,9999.000,9999.000,9999.000,9999.000,9999.000,9999.000
202605270318,   3.660,   4.090,9999.000,9999.000,9999.000,9999.000,9999.000,9999.000,9999.000
202605270324,   3.750,   4.168,9999.000,9999.000,9999.000,9999.000,9999.000,9999.000,9999.000
202605270330,   3.839,   4.257,9999.000,9999.000,9999.000,9999.000,9999.000,9999.000,9999.000
202605270336,   3.927,   4.349,9999.000,9999.000,9999.000,9999.000,9999.000,9999.000,9999.000
202605270342,   4.013,   4.418,9999.000,9999.000,9999.000,9999.000,9999.000,9999.000,9999.000
202605270348,   4.097,   4.539,9999.000,9999.000,9999.000,9999.000,9999.000,9999.000,9999.000
202605270354,   4.179,   4.657,9999.000,9999.000,9999.000,9999.000,9999.000,9999.000,9999.000
202605270400,   4.259,   4.739,   0.800,  -0.320,   4.739,   0.700,   4.639,   0.800,   4.739
202605270406,   4.337,   4.828,9999.000,9999.000,9999.000,9999.000,9999.000,9999.000,9999.000
202605270412,   4.413,   4.910,9999.000,9999.000,9999.000,9999.000,9999.000,9999.000,9999.000
202605270418,   4.486,   4.969,9999.000,9999.000,9999.000,9999.000,9999.000,9999.000,9999.000
202605270424,   4.556,   5.077,9999.000,9999.000,9999.000,9999.000,9999.000,9999.000,9999.000
202605270430,   4.623,   5.159,9999.000,9999.000,9999.000,9999.000,9999.000,9999.000,9999.000
202605270436,   4.688,   5.228,9999.000,9999.000,9999.000,9999.000,9999.000,9999.000,9999.000
202605270442,   4.749,   5.287,9999.000,9999.000,9999.000,9999.000,9999.000,9999.000,9999.000
202605270448,   4.808,   5.329,9999.000,9999.000,9999.000,9999.000,9999.000,9999.000,9999.000
202605270454,   4.863,   5.389,9999.000,9999.000,9999.000,9999.000,9999.000,9999.000,9999.000
202605270500,   4.914,   5.457,   0.800,  -0.257,   5.457,   0.700,   5.357,   0.800,   5.457
202605270506,   4.962,   5.457,9999.000,9999.000,9999.000,9999.000,9999.000,9999.000,9999.000
202605270512,   5.006,   5.477,9999.000,9999.000,9999.000,9999.000,9999.000,9999.000,9999.000
202605270518,   5.047,   5.579,9999.000,9999.000,9999.000,9999.000,9999.000,9999.000,9999.000
202605270524,   5.083,   5.618,9999.000,9999.000,9999.000,9999.000,9999.000,9999.000,9999.000
202605270530,   5.116,   5.638,9999.000,9999.000,9999.000,9999.000,9999.000,9999.000,9999.000
202605270536,   5.144,   5.657,9999.000,9999.000,9999.000,9999.000,9999.000,9999.000,9999.000
202605270542,   5.168,   5.687,9999.000,9999.000,9999.000,9999.000,9999.000,9999.000,9999.000
202605270548,   5.187,   5.697,9999.000,9999.000,9999.000,9999.000,9999.000,9999.000,9999.000
202605270554,   5.202,   5.730,9999.000,9999.000,9999.000,9999.000,9999.000,9999.000,9999.000
202605270600,   5.213,   5.749,   0.800,  -0.264,   5.749,   0.700,   5.649,   0.800,   5.749
202605270606,   5.219,   5.779,9999.000,9999.000,9999.000,9999.000,9999.000,9999.000,9999.000
202605270612,   5.220,   5.749,9999.000,9999.000,9999.000,9999.000,9999.000,9999.000,9999.000
202605270618,   5.216,   5.759,9999.000,9999.000,9999.000,9999.000,9999.000,9999.000,9999.000
202605270624,   5.208,   5.759,9999.000,9999.000,9999.000,9999.000,9999.000,9999.000,9999.000
202605270630,   5.195,   5.749,9999.000,9999.000,9999.000,9999.000,9999.000,9999.000,9999.000
202605270636,   5.177,   5.739,9999.000,9999.000,9999.000,9999.000,9999.000,9999.000,9999.000
202605270642,   5.154,   5.707,9999.000,9999.000,9999.000,9999.000,9999.000,9999.000,9999.000
202605270648,   5.127,   5.717,9999.000,9999.000,9999.000,9999.000,9999.000,9999.000,9999.000
202605270654,   5.094,   5.667,9999.000,9999.000,9999.000,9999.000,9999.000,9999.000,9999.000
202605270700,   5.057,   5.677,   0.800,  -0.180,   5.677,   0.700,   5.577,   0.800,   5.677
202605270706,   5.015,   5.618,9999.000,9999.000,9999.000,9999.000,9999.000,9999.000,9999.000
202605270712,   4.969,   5.579,9999.000,9999.000,9999.000,9999.000,9999.000,9999.000,9999.000
202605270718,   4.918,   5.507,9999.000,9999.000,9999.000,9999.000,9999.000,9999.000,9999.000
202605270724,   4.862,   5.467,9999.000,9999.000,9999.000,9999.000,9999.000,9999.000,9999.000
202605270730,   4.802,   5.398,9999.000,9999.000,9999.000,9999.000,9999.000,9999.000,9999.000
202605270736,   4.738,   5.349,9999.000,9999.000,9999.000,9999.000,9999.000,9999.000,9999.000
202605270742,   4.670,   5.277,9999.000,9999.000,9999.000,9999.000,9999.000,9999.000,9999.000
202605270748,   4.597,   5.218,9999.000,9999.000,9999.000,9999.000,9999.000,9999.000,9999.000
202605270754,   4.521,   5.139,9999.000,9999.000,9999.000,9999.000,9999.000,9999.000,9999.000
202605270800,   4.442,   5.067,   0.800,  -0.175,   5.067,   0.700,   4.967,   0.800,   5.067
202605270806,   4.359,   4.988,9999.000,9999.000,9999.000,9999.000,9999.000,9999.000,9999.000
202605270812,   4.273,   4.910,9999.000,9999.000,9999.000,9999.000,9999.000,9999.000,9999.000
202605270818,   4.184,   4.818,9999.000,9999.000,9999.000,9999.000,9999.000,9999.000,9999.000
202605270824,   4.092,   4.710,9999.000,9999.000,9999.000,9999.000,9999.000,9999.000,9999.000
202605270830,   3.998,   4.598,9999.000,9999.000,9999.000,9999.000,9999.000,9999.000,9999.000
202605270836,   3.901,   4.500,9999.000,9999.000,9999.000,9999.000,9999.000,9999.000,9999.000
202605270842,   3.802,   4.398,9999.000,9999.000,9999.000,9999.000,9999.000,9999.000,9999.000
202605270848,   3.702,   4.290,9999.000,9999.000,9999.000,9999.000,9999.000,9999.000,9999.000
202605270854,   3.600,   4.168,9999.000,9999.000,9999.000,9999.000,9999.000,9999.000,9999.000
202605270900,   3.496,   4.047,   0.800,  -0.249,   4.047,   0.700,   3.947,   0.800,   4.047
202605270906,   3.392,   3.919,9999.000,9999.000,9999.000,9999.000,9999.000,9999.000,9999.000
202605270912,   3.286,   3.808,9999.000,9999.000,9999.000,9999.000,9999.000,9999.000,9999.000
202605270918,   3.180,   3.709,9999.000,9999.000,9999.000,9999.000,9999.000,9999.000,9999.000
202605270924,   3.073,   3.588,9999.000,9999.000,9999.000,9999.000,9999.000,9999.000,9999.000
202605270930,   2.966,   3.470,9999.000,9999.000,9999.000,9999.000,9999.000,9999.000,9999.000
202605270936,   2.858,   3.358,9999.000,9999.000,9999.000,9999.000,9999.000,9999.000,9999.000
202605270942,   2.751,   3.240,9999.000,9999.000,9999.000,9999.000,9999.000,9999.000,9999.000
202605270948,   2.643,   3.129,9999.000,9999.000,9999.000,9999.000,9999.000,9999.000,9999.000
202605270954,   2.536,   3.017,9999.000,9999.000,9999.000,9999.000,9999.000,9999.000,9999.000
202605271000,   2.430,   2.899,   0.700,  -0.231,   2.899,   0.700,   2.899,   0.800,   2.999
202605271006,   2.324,   2.797,9999.000,9999.000,9999.000,9999.000,9999.000,9999.000,9999.000
202605271012,   2.219,   2.679,9999.000,9999.000,9999.000,9999.000,9999.000,9999.000,9999.000
202605271018,   2.115,   2.578,9999.000,9999.000,9999.000,9999.000,9999.000,9999.000,9999.000
202605271024,   2.012,   2.479,9999.000,9999.000,9999.000,9999.000,9999.000,9999.000,9999.000
202605271030,   1.910,   2.377,9999.000,9999.000,9999.000,9999.000,9999.000,9999.000,9999.000
202605271036,   1.810,   2.289,9999.000,9999.000,9999.000,9999.000,9999.000,9999.000,9999.000
202605271042,   1.711,   2.200,9999.000,9999.000,9999.000,9999.000,9999.000,9999.000,9999.000
202605271048,   1.614,   2.118,9999.000,9999.000,9999.000,9999.000,9999.000,9999.000,9999.000
202605271054,   1.519,   2.040,9999.000,9999.000,9999.000,9999.000,9999.000,9999.000,9999.000
202605271100,   1.427,   1.967,   0.700,  -0.160,   1.967,   0.700,   1.967,   0.800,   2.067
202605271106,   1.336,   1.889,9999.000,9999.000,9999.000,9999.000,9999.000,9999.000,9999.000
202605271112,   1.248,   1.830,9999.000,9999.000,9999.000,9999.000,9999.000,9999.000,9999.000
202605271118,   1.163,   1.767,9999.000,9999.000,9999.000,9999.000,9999.000,9999.000,9999.000
202605271124,   1.081,   1.708,9999.000,9999.000,9999.000,9999.000,9999.000,9999.000,9999.000
202605271130,   1.002,   1.630,9999.000,9999.000,9999.000,9999.000,9999.000,9999.000,9999.000
202605271136,   0.927,   1.571,9999.000,9999.000,9999.000,9999.000,9999.000,9999.000,9999.000
202605271142,   0.855,   1.508,9999.000,9999.000,9999.000,9999.000,9999.000,9999.000,9999.000
202605271148,   0.787,   1.430,9999.000,9999.000,9999.000,9999.000,9999.000,9999.000,9999.000
202605271154,   0.723,   1.380,9999.000,9999.000,9999.000,9999.000,9999.000,9999.000,9999.000
202605271200,   0.664,   1.338,   0.600,   0.074,   1.338,   0.600,   1.338,   0.600,   1.338
202605271206,   0.609,   1.289,9999.000,9999.000,9999.000,9999.000,9999.000,9999.000,9999.000
202605271212,   0.559,   1.229,9999.000,9999.000,9999.000,9999.000,9999.000,9999.000,9999.000
202605271218,   0.514,   1.190,9999.000,9999.000,9999.000,9999.000,9999.000,9999.000,9999.000
202605271224,   0.474,   1.151,9999.000,9999.000,9999.000,9999.000,9999.000,9999.000,9999.000
202605271230,   0.439,   1.088,9999.000,9999.000,9999.000,9999.000,9999.000,9999.000,9999.000
202605271236,   0.410,   1.049,9999.000,9999.000,9999.000,9999.000,9999.000,9999.000,9999.000
202605271242,   0.386,   1.010,9999.000,9999.000,9999.000,9999.000,9999.000,9999.000,9999.000
202605271248,   0.367,   0.961,9999.000,9999.000,9999.000,9999.000,9999.000,9999.000,9999.000
202605271254,   0.354,   0.941,9999.000,9999.000,9999.000,9999.000,9999.000,9999.000,9999.000
202605271300,   0.347,   0.908,   0.600,  -0.039,   0.908,   0.600,   0.908,   0.600,   0.908
202605271306,   0.345,   0.879,9999.000,9999.000,9999.000,9999.000,9999.000,9999.000,9999.000
202605271312,   0.348,9999.000,9999.000,9999.000,9999.000,9999.000,9999.000,9999.000,9999.000
202605271318,   0.357,   0.819,9999.000,9999.000,9999.000,9999.000,9999.000,9999.000,9999.000
202605271324,   0.371,   0.800,9999.000,9999.000,9999.000,9999.000,9999.000,9999.000,9999.000
202605271330,   0.390,   0.770,9999.000,9999.000,9999.000,9999.000,9999.000,9999.000,9999.000
202605271336,   0.414,   0.760,9999.000,9999.000,9999.000,9999.000,9999.000,9999.000,9999.000
202605271342,   0.443,   0.760,9999.000,9999.000,9999.000,9999.000,9999.000,9999.000,9999.000
202605271348,   0.476,   0.760,9999.000,9999.000,9999.000,9999.000,9999.000,9999.000,9999.000
202605271354,   0.514,   0.751,9999.000,9999.000,9999.000,9999.000,9999.000,9999.000,9999.000
202605271400,   0.555,   0.770,   0.600,  -0.385,   0.770,   0.600,   0.770,   0.600,   0.770
202605271406,   0.601,   0.780,9999.000,9999.000,9999.000,9999.000,9999.000,9999.000,9999.000
202605271412,   0.650,   0.819,9999.000,9999.000,9999.000,9999.000,9999.000,9999.000,9999.000
202605271418,   0.703,   0.849,9999.000,9999.000,9999.000,9999.000,9999.000,9999.000,9999.000
202605271424,   0.758,   0.908,9999.000,9999.000,9999.000,9999.000,9999.000,9999.000,9999.000
202605271430,   0.817,   0.951,9999.000,9999.000,9999.000,9999.000,9999.000,9999.000,9999.000
202605271436,   0.878,   1.010,9999.000,9999.000,9999.000,9999.000,9999.000,9999.000,9999.000
202605271442,   0.941,   1.069,9999.000,9999.000,9999.000,9999.000,9999.000,9999.000,9999.000
202605271448,   1.007,   1.151,9999.000,9999.000,9999.000,9999.000,9999.000,9999.000,9999.000
202605271454,   1.075,   1.239,9999.000,9999.000,9999.000,9999.000,9999.000,9999.000,9999.000
202605271500,   1.144,   1.318,   0.600,  -0.426,   1.318,   0.600,   1.318,   0.600,   1.318
202605271506,   1.214,   1.410,9999.000,9999.000,9999.000,9999.000,9999.000,9999.000,9999.000
202605271512,   1.286,   1.498,9999.000,9999.000,9999.000,9999.000,9999.000,9999.000,9999.000
202605271518,   1.359,   1.590,9999.000,9999.000,9999.000,9999.000,9999.000,9999.000,9999.000
202605271524,   1.433,   1.679,9999.000,9999.000,9999.000,9999.000,9999.000,9999.000,9999.000
202605271530,   1.508,   1.758,9999.000,9999.000,9999.000,9999.000,9999.000,9999.000,9999.000
202605271536,   1.583,   1.840,9999.000,9999.000,9999.000,9999.000,9999.000,9999.000,9999.000
202605271542,   1.658,   1.938,9999.000,9999.000,9999.000,9999.000,9999.000,9999.000,9999.000
202605271548,   1.734,   2.049,9999.000,9999.000,9999.000,9999.000,9999.000,9999.000,9999.000
202605271554,   1.809,   2.148,9999.000,9999.000,9999.000,9999.000,9999.000,9999.000,9999.000
202605271600,   1.885,   2.220,   0.600,  -0.265,   2.220,   0.600,   2.220,   0.600,   2.220
202605271606,   1.960,   2.338,9999.000,9999.000,9999.000,9999.000,9999.000,9999.000,9999.000
202605271612,   2.035,   2.420,9999.000,9999.000,9999.000,9999.000,9999.000,9999.000,9999.000
202605271618,   2.109,   2.538,9999.000,9999.000,9999.000,9999.000,9999.000,9999.000,9999.000
202605271624,   2.183,   2.620,9999.000,9999.000,9999.000,9999.000,9999.000,9999.000,9999.000
202605271630,   2.256,   2.748,9999.000,9999.000,9999.000,9999.000,9999.000,9999.000,9999.000
202605271636,   2.328,   2.850,9999.000,9999.000,9999.000,9999.000,9999.000,9999.000,9999.000
202605271642,   2.399,   2.938,9999.000,9999.000,9999.000,9999.000,9999.000,9999.000,9999.000
202605271648,   2.468,   3.070,9999.000,9999.000,9999.000,9999.000,9999.000,9999.000,9999.000
202605271654,   2.537,   3.129,9999.000,9999.000,9999.000,9999.000,9999.000,9999.000,9999.000
202605271700,   2.603,   3.230,   0.600,   0.027,   3.230,   0.600,   3.230,   0.600,   3.230
202605271706,   2.668,   3.319,9999.000,9999.000,9999.000,9999.000,9999.000,9999.000,9999.000
202605271712,   2.732,   3.407,9999.000,9999.000,9999.000,9999.000,9999.000,9999.000,9999.000
202605271718,   2.793,   3.480,9999.000,9999.000,9999.000,9999.000,9999.000,9999.000,9999.000
202605271724,   2.853,   3.568,9999.000,9999.000,9999.000,9999.000,9999.000,9999.000,9999.000
202605271730,   2.910,   3.670,9999.000,9999.000,9999.000,9999.000,9999.000,9999.000,9999.000
202605271736,   2.965,   3.758,9999.000,9999.000,9999.000,9999.000,9999.000,9999.000,9999.000
202605271742,   3.017,   3.817,9999.000,9999.000,9999.000,9999.000,9999.000,9999.000,9999.000
202605271748,   3.067,   3.909,9999.000,9999.000,9999.000,9999.000,9999.000,9999.000,9999.000
202605271754,   3.114,   3.998,9999.000,9999.000,9999.000,9999.000,9999.000,9999.000,9999.000
202605271800,   3.159,   4.057,   0.600,   0.298,   4.057,   0.600,   4.057,   0.600,   4.057
202605271806,   3.200,   4.119,9999.000,9999.000,9999.000,9999.000,9999.000,9999.000,9999.000
202605271812,   3.239,   4.198,9999.000,9999.000,9999.000,9999.000,9999.000,9999.000,9999.000
202605271818,   3.274,   4.247,9999.000,9999.000,9999.000,9999.000,9999.000,9999.000,9999.000
202605271824,   3.306,   4.290,9999.000,9999.000,9999.000,9999.000,9999.000,9999.000,9999.000
202605271830,   3.335,   4.359,9999.000,9999.000,9999.000,9999.000,9999.000,9999.000,9999.000
202605271836,   3.360,   4.427,9999.000,9999.000,9999.000,9999.000,9999.000,9999.000,9999.000
202605271842,   3.382,   4.447,9999.000,9999.000,9999.000,9999.000,9999.000,9999.000,9999.000
202605271848,   3.400,   4.457,9999.000,9999.000,9999.000,9999.000,9999.000,9999.000,9999.000
202605271854,   3.415,   4.467,9999.000,9999.000,9999.000,9999.000,9999.000,9999.000,9999.000
202605271900,   3.426,   4.500,   0.600,   0.474,   4.500,   0.600,   4.500,   0.600,   4.500
202605271906,   3.434,   4.539,9999.000,9999.000,9999.000,9999.000,9999.000,9999.000,9999.000
202605271912,   3.438,   4.569,9999.000,9999.000,9999.000,9999.000,9999.000,9999.000,9999.000
202605271918,   3.438,   4.578,9999.000,9999.000,9999.000,9999.000,9999.000,9999.000,9999.000
202605271924,   3.435,   4.578,9999.000,9999.000,9999.000,9999.000,9999.000,9999.000,9999.000
202605271930,   3.428,   4.598,9999.000,9999.000,9999.000,9999.000,9999.000,9999.000,9999.000
202605271936,   3.418,   4.598,9999.000,9999.000,9999.000,9999.000,9999.000,9999.000,9999.000
202605271942,   3.404,   4.578,9999.000,9999.000,9999.000,9999.000,9999.000,9999.000,9999.000
202605271948,   3.387,   4.578,9999.000,9999.000,9999.000,9999.000,9999.000,9999.000,9999.000
202605271954,   3.367,   4.569,9999.000,9999.000,9999.000,9999.000,9999.000,9999.000,9999.000
202605272000,   3.344,   4.559,   0.600,   0.615,   4.559,   0.600,   4.559,   0.600,   4.559
202605272006,   3.317,   4.549,9999.000,9999.000,9999.000,9999.000,9999.000,9999.000,9999.000
202605272012,   3.287,   4.509,9999.000,9999.000,9999.000,9999.000,9999.000,9999.000,9999.000
202605272018,   3.255,   4.509,9999.000,9999.000,9999.000,9999.000,9999.000,9999.000,9999.000
202605272024,   3.220,   4.480,9999.000,9999.000,9999.000,9999.000,9999.000,9999.000,9999.000
202605272030,   3.183,   4.457,9999.000,9999.000,9999.000,9999.000,9999.000,9999.000,9999.000
202605272036,   3.143,   4.378,9999.000,9999.000,9999.000,9999.000,9999.000,9999.000,9999.000
202605272042,   3.102,   4.349,9999.000,9999.000,9999.000,9999.000,9999.000,9999.000,9999.000
202605272048,   3.058,   4.309,9999.000,9999.000,9999.000,9999.000,9999.000,9999.000,9999.000
202605272054,   3.013,   4.280,9999.000,9999.000,9999.000,9999.000,9999.000,9999.000,9999.000
202605272100,   2.966,   4.218,   0.600,   0.652,   4.218,   0.600,   4.218,   0.600,   4.218
202605272106,   2.918,   4.159,9999.000,9999.000,9999.000,9999.000,9999.000,9999.000,9999.000
202605272112,   2.869,   4.109,9999.000,9999.000,9999.000,9999.000,9999.000,9999.000,9999.000
202605272118,   2.819,   4.047,9999.000,9999.000,9999.000,9999.000,9999.000,9999.000,9999.000
202605272124,   2.768,   3.998,9999.000,9999.000,9999.000,9999.000,9999.000,9999.000,9999.000
202605272130,   2.716,   3.949,9999.000,9999.000,9999.000,9999.000,9999.000,9999.000,9999.000
202605272136,   2.665,   3.890,9999.000,9999.000,9999.000,9999.000,9999.000,9999.000,9999.000
202605272142,   2.613,   3.827,9999.000,9999.000,9999.000,9999.000,9999.000,9999.000,9999.000
202605272148,   2.560,   3.758,9999.000,9999.000,9999.000,9999.000,9999.000,9999.000,9999.000
202605272154,   2.508,   3.689,9999.000,9999.000,9999.000,9999.000,9999.000,9999.000,9999.000
202605272200,   2.457,   3.617,   0.600,   0.560,   3.617,   0.600,   3.617,   0.600,   3.617
202605272206,   2.405,   3.529,9999.000,9999.000,9999.000,9999.000,9999.000,9999.000,9999.000
202605272212,   2.355,   3.470,9999.000,9999.000,9999.000,9999.000,9999.000,9999.000,9999.000
202605272218,   2.304,   3.398,9999.000,9999.000,9999.000,9999.000,9999.000,9999.000,9999.000
202605272224,   2.255,   3.339,9999.000,9999.000,9999.000,9999.000,9999.000,9999.000,9999.000
202605272230,   2.207,   3.260,9999.000,9999.000,9999.000,9999.000,9999.000,9999.000,9999.000
202605272236,   2.159,   3.197,9999.000,9999.000,9999.000,9999.000,9999.000,9999.000,9999.000
202605272242,   2.113,   3.119,9999.000,9999.000,9999.000,9999.000,9999.000,9999.000,9999.000
202605272248,   2.068,   3.050,9999.000,9999.000,9999.000,9999.000,9999.000,9999.000,9999.000
202605272254,   2.024,   2.978,9999.000,9999.000,9999.000,9999.000,9999.000,9999.000,9999.000
202605272300,   1.982,   2.899,   0.600,   0.317,   2.899,   0.600,   2.899,   0.600,   2.899
202605272306,   1.941,   2.850,9999.000,9999.000,9999.000,9999.000,9999.000,9999.000,9999.000
202605272312,   1.902,   2.807,9999.000,9999.000,9999.000,9999.000,9999.000,9999.000,9999.000
202605272318,   1.866,   2.768,9999.000,9999.000,9999.000,9999.000,9999.000,9999.000,9999.000
202605272324,   1.831,   2.699,9999.000,9999.000,9999.000,9999.000,9999.000,9999.000,9999.000
202605272330,   1.798,   2.640,9999.000,9999.000,9999.000,9999.000,9999.000,9999.000,9999.000
202605272336,   1.768,   2.597,9999.000,9999.000,9999.000,9999.000,9999.000,9999.000,9999.000
202605272342,   1.740,   2.558,9999.000,9999.000,9999.000,9999.000,9999.000,9999.000,9999.000
202605272348,   1.716,   2.509,9999.000,9999.000,9999.000,9999.000,9999.000,9999.000,9999.000
202605272354,   1.694,   2.489,9999.000,9999.000,9999.000,9999.000,9999.000,9999.000,9999.000
202605280000,   1.675,   2.450,   0.800,  -0.025,   2.450,   0.700,   2.350,   0.800,   2.450
202605280006,   1.660,   2.420,9999.000,9999.000,9999.000,9999.000,9999.000,9999.000,9999.000
202605280012,   1.648,   2.400,9999.000,9999.000,9999.000,9999.000,9999.000,9999.000,9999.000
202605280018,   1.640,   2.377,9999.000,9999.000,9999.000,9999.000,9999.000,9999.000,9999.000
202605280024,   1.635,   2.358,9999.000,9999.000,9999.000,9999.000,9999.000,9999.000,9999.000
202605280030,   1.635,   2.358,9999.000,9999.000,9999.000,9999.000,9999.000,9999.000,9999.000
202605280036,   1.639,   2.338,9999.000,9999.000,9999.000,9999.000,9999.000,9999.000,9999.000
202605280042,   1.647,   2.338,9999.000,9999.000,9999.000,9999.000,9999.000,9999.000,9999.000
202605280048,   1.660,   2.348,9999.000,9999.000,9999.000,9999.000,9999.000,9999.000,9999.000
202605280054,   1.677,   2.368,9999.000,9999.000,9999.000,9999.000,9999.000,9999.000,9999.000
202605280100,   1.699,   2.368,   0.800,  -0.131,   2.368,   0.700,   2.268,   0.800,   2.368
202605280106,   1.725,   2.400,9999.000,9999.000,9999.000,9999.000,9999.000,9999.000,9999.000
202605280112,   1.757,   2.420,9999.000,9999.000,9999.000,9999.000,9999.000,9999.000,9999.000
202605280118,   1.792,   2.450,9999.000,9999.000,9999.000,9999.000,9999.000,9999.000,9999.000
202605280124,   1.833,   2.479,9999.000,9999.000,9999.000,9999.000,9999.000,9999.000,9999.000
202605280130,   1.878,   2.538,9999.000,9999.000,9999.000,9999.000,9999.000,9999.000,9999.000
202605280136,   1.927,   2.587,9999.000,9999.000,9999.000,9999.000,9999.000,9999.000,9999.000
202605280142,   1.981,   2.669,9999.000,9999.000,9999.000,9999.000,9999.000,9999.000,9999.000
202605280148,   2.039,   2.728,9999.000,9999.000,9999.000,9999.000,9999.000,9999.000,9999.000
202605280154,   2.101,   2.778,9999.000,9999.000,9999.000,9999.000,9999.000,9999.000,9999.000
202605280200,   2.166,   2.850,   0.800,  -0.116,   2.850,   0.700,   2.750,   0.800,   2.850
202605280206,   2.236,   2.889,9999.000,9999.000,9999.000,9999.000,9999.000,9999.000,9999.000
202605280212,   2.309,   2.929,9999.000,9999.000,9999.000,9999.000,9999.000,9999.000,9999.000
202605280218,   2.384,   3.070,9999.000,9999.000,9999.000,9999.000,9999.000,9999.000,9999.000
202605280224,   2.463,   3.129,9999.000,9999.000,9999.000,9999.000,9999.000,9999.000,9999.000
202605280230,   2.544,   3.197,9999.000,9999.000,9999.000,9999.000,9999.000,9999.000,9999.000
202605280236,   2.628,   3.289,9999.000,9999.000,9999.000,9999.000,9999.000,9999.000,9999.000
202605280242,   2.714,   3.358,9999.000,9999.000,9999.000,9999.000,9999.000,9999.000,9999.000
202605280248,   2.801,   3.470,9999.000,9999.000,9999.000,9999.000,9999.000,9999.000,9999.000
202605280254,   2.890,   3.558,9999.000,9999.000,9999.000,9999.000,9999.000,9999.000,9999.000
202605280300,   2.980,   3.670,   0.800,  -0.110,   3.670,   0.800,   3.670,   0.800,   3.670
202605280306,   3.071,   3.768,9999.000,9999.000,9999.000,9999.000,9999.000,9999.000,9999.000
202605280312,   3.163,   3.837,9999.000,9999.000,9999.000,9999.000,9999.000,9999.000,9999.000
202605280318,   3.255,   3.949,9999.000,9999.000,9999.000,9999.000,9999.000,9999.000,9999.000
202605280324,   3.347,   4.027,9999.000,9999.000,9999.000,9999.000,9999.000,9999.000,9999.000
202605280330,   3.439,   4.129,9999.000,9999.000,9999.000,9999.000,9999.000,9999.000,9999.000
202605280336,   3.531,   4.208,9999.000,9999.000,9999.000,9999.000,9999.000,9999.000,9999.000
202605280342,   3.623,   4.309,9999.000,9999.000,9999.000,9999.000,9999.000,9999.000,9999.000
202605280348,   3.713,   4.378,9999.000,9999.000,9999.000,9999.000,9999.000,9999.000,9999.000
202605280354,   3.803,   4.457,9999.000,9999.000,9999.000,9999.000,9999.000,9999.000,9999.000
202605280400,   3.892,   4.559,   0.800,  -0.133,   4.559,   0.800,   4.559,   0.800,   4.559
202605280406,   3.980,   4.647,9999.000,9999.000,9999.000,9999.000,9999.000,9999.000,9999.000
202605280412,   4.066,   4.729,9999.000,9999.000,9999.000,9999.000,9999.000,9999.000,9999.000
202605280418,   4.150,   4.837,9999.000,9999.000,9999.000,9999.000,9999.000,9999.000,9999.000
202605280424,   4.233,   4.919,9999.000,9999.000,9999.000,9999.000,9999.000,9999.000,9999.000
202605280430,   4.314,   5.018,9999.000,9999.000,9999.000,9999.000,9999.000,9999.000,9999.000
202605280436,   4.393,   5.110,9999.000,9999.000,9999.000,9999.000,9999.000,9999.000,9999.000
202605280442,   4.470,   5.179,9999.000,9999.000,9999.000,9999.000,9999.000,9999.000,9999.000
202605280448,   4.544,   5.257,9999.000,9999.000,9999.000,9999.000,9999.000,9999.000,9999.000
202605280454,   4.616,   5.339,9999.000,9999.000,9999.000,9999.000,9999.000,9999.000,9999.000
202605280500,   4.686,   5.398,   0.800,  -0.088,   5.398,   0.800,   5.398,   0.800,   5.398
202605280506,   4.752,   5.477,9999.000,9999.000,9999.000,9999.000,9999.000,9999.000,9999.000
202605280512,   4.816,   5.569,9999.000,9999.000,9999.000,9999.000,9999.000,9999.000,9999.000
202605280518,   4.876,   5.618,9999.000,9999.000,9999.000,9999.000,9999.000,9999.000,9999.000
202605280524,   4.934,   5.648,9999.000,9999.000,9999.000,9999.000,9999.000,9999.000,9999.000
202605280530,   4.988,   5.687,9999.000,9999.000,9999.000,9999.000,9999.000,9999.000,9999.000
202605280536,   5.038,   5.739,9999.000,9999.000,9999.000,9999.000,9999.000,9999.000,9999.000
202605280542,   5.085,   5.769,9999.000,9999.000,9999.000,9999.000,9999.000,9999.000,9999.000
202605280548,   5.129,   5.808,9999.000,9999.000,9999.000,9999.000,9999.000,9999.000,9999.000
202605280554,   5.168,   5.838,9999.000,9999.000,9999.000,9999.000,9999.000,9999.000,9999.000
202605280600,   5.203,   5.858,   0.800,  -0.145,   5.858,   0.800,   5.858,   0.900,   5.958
202605280606,   5.235,   5.867,9999.000,9999.000,9999.000,9999.000,9999.000,9999.000,9999.000
202605280612,   5.262,   5.907,9999.000,9999.000,9999.000,9999.000,9999.000,9999.000,9999.000
202605280618,   5.284,   5.969,9999.000,9999.000,9999.000,9999.000,9999.000,9999.000,9999.000
202605280624,   5.302,   5.979,9999.000,9999.000,9999.000,9999.000,9999.000,9999.000,9999.000
202605280630,   5.316,   5.979,9999.000,9999.000,9999.000,9999.000,9999.000,9999.000,9999.000
202605280636,   5.325,   5.989,9999.000,9999.000,9999.000,9999.000,9999.000,9999.000,9999.000
202605280642,   5.330,   5.969,9999.000,9999.000,9999.000,9999.000,9999.000,9999.000,9999.000
202605280648,   5.329,   5.969,9999.000,9999.000,9999.000,9999.000,9999.000,9999.000,9999.000
202605280654,   5.324,   5.979,9999.000,9999.000,9999.000,9999.000,9999.000,9999.000,9999.000
202605280700,   5.314,   5.969,   0.800,  -0.145,   5.969,   0.800,   5.969,   0.900,   6.069
202605280706,   5.299,   5.949,9999.000,9999.000,9999.000,9999.000,9999.000,9999.000,9999.000
202605280712,   5.279,   5.926,9999.000,9999.000,9999.000,9999.000,9999.000,9999.000,9999.000
202605280718,   5.254,   5.917,9999.000,9999.000,9999.000,9999.000,9999.000,9999.000,9999.000
202605280724,   5.224,   5.907,9999.000,9999.000,9999.000,9999.000,9999.000,9999.000,9999.000
202605280730,   5.190,   5.867,9999.000,9999.000,9999.000,9999.000,9999.000,9999.000,9999.000
202605280736,   5.150,   5.838,9999.000,9999.000,9999.000,9999.000,9999.000,9999.000,9999.000
202605280742,   5.106,   5.799,9999.000,9999.000,9999.000,9999.000,9999.000,9999.000,9999.000
202605280748,   5.056,   5.739,9999.000,9999.000,9999.000,9999.000,9999.000,9999.000,9999.000
202605280754,   5.002,   5.697,9999.000,9999.000,9999.000,9999.000,9999.000,9999.000,9999.000
202605280800,   4.943,   5.628,   0.800,  -0.115,   5.628,   0.800,   5.628,   0.900,   5.728
202605280806,   4.880,   5.569,9999.000,9999.000,9999.000,9999.000,9999.000,9999.000,9999.000
202605280812,   4.812,   5.497,9999.000,9999.000,9999.000,9999.000,9999.000,9999.000,9999.000
202605280818,   4.740,   5.428,9999.000,9999.000,9999.000,9999.000,9999.000,9999.000,9999.000
202605280824,   4.664,   5.359,9999.000,9999.000,9999.000,9999.000,9999.000,9999.000,9999.000
202605280830,   4.584,   5.287,9999.000,9999.000,9999.000,9999.000,9999.000,9999.000,9999.000
202605280836,   4.500,   5.208,9999.000,9999.000,9999.000,9999.000,9999.000,9999.000,9999.000
202605280842,   4.412,   5.129,9999.000,9999.000,9999.000,9999.000,9999.000,9999.000,9999.000
202605280848,   4.321,   5.028,9999.000,9999.000,9999.000,9999.000,9999.000,9999.000,9999.000
202605280854,   4.226,   4.919,9999.000,9999.000,9999.000,9999.000,9999.000,9999.000,9999.000
202605280900,   4.129,   4.818,   0.800,  -0.111,   4.818,   0.800,   4.818,   0.900,   4.918
202605280906,   4.029,   4.719,9999.000,9999.000,9999.000,9999.000,9999.000,9999.000,9999.000
202605280912,   3.926,   4.598,9999.000,9999.000,9999.000,9999.000,9999.000,9999.000,9999.000
202605280918,   3.820,   4.509,9999.000,9999.000,9999.000,9999.000,9999.000,9999.000,9999.000
202605280924,   3.713,   4.388,9999.000,9999.000,9999.000,9999.000,9999.000,9999.000,9999.000
202605280930,   3.603,   4.267,9999.000,9999.000,9999.000,9999.000,9999.000,9999.000,9999.000
202605280936,   3.492,   4.159,9999.000,9999.000,9999.000,9999.000,9999.000,9999.000,9999.000
202605280942,   3.380,   4.037,9999.000,9999.000,9999.000,9999.000,9999.000,9999.000,9999.000
202605280948,   3.266,   3.919,9999.000,9999.000,9999.000,9999.000,9999.000,9999.000,9999.000
202605280954,   3.152,   3.808,9999.000,9999.000,9999.000,9999.000,9999.000,9999.000,9999.000
202605281000,   3.036,   3.699,   0.800,  -0.137,   3.699,   0.800,   3.699,   0.800,   3.699
202605281006,   2.920,   3.568,9999.000,9999.000,9999.000,9999.000,9999.000,9999.000,9999.000
202605281012,   2.804,   3.470,9999.000,9999.000,9999.000,9999.000,9999.000,9999.000,9999.000
202605281018,   2.688,   3.348,9999.000,9999.000,9999.000,9999.000,9999.000,9999.000,9999.000
202605281024,   2.572,   3.240,9999.000,9999.000,9999.000,9999.000,9999.000,9999.000,9999.000
202605281030,   2.456,   3.129,9999.000,9999.000,9999.000,9999.000,9999.000,9999.000,9999.000
202605281036,   2.340,   3.017,9999.000,9999.000,9999.000,9999.000,9999.000,9999.000,9999.000
202605281042,   2.225,   2.889,9999.000,9999.000,9999.000,9999.000,9999.000,9999.000,9999.000
202605281048,   2.111,   2.787,9999.000,9999.000,9999.000,9999.000,9999.000,9999.000,9999.000
202605281054,   1.998,   2.699,9999.000,9999.000,9999.000,9999.000,9999.000,9999.000,9999.000
202605281100,   1.886,   2.597,   0.800,  -0.089,   2.597,   0.800,   2.597,   0.800,   2.597
202605281106,   1.776,   2.499,9999.000,9999.000,9999.000,9999.000,9999.000,9999.000,9999.000
202605281112,   1.667,   2.410,9999.000,9999.000,9999.000,9999.000,9999.000,9999.000,9999.000
202605281118,   1.559,   2.318,9999.000,9999.000,9999.000,9999.000,9999.000,9999.000,9999.000
202605281124,   1.454,   2.230,9999.000,9999.000,9999.000,9999.000,9999.000,9999.000,9999.000
202605281130,   1.350,   2.138,9999.000,9999.000,9999.000,9999.000,9999.000,9999.000,9999.000
202605281136,   1.249,   2.049,9999.000,9999.000,9999.000,9999.000,9999.000,9999.000,9999.000
202605281142,   1.150,   1.967,9999.000,9999.000,9999.000,9999.000,9999.000,9999.000,9999.000
202605281148,   1.053,   1.889,9999.000,9999.000,9999.000,9999.000,9999.000,9999.000,9999.000
202605281154,   0.960,   1.830,9999.000,9999.000,9999.000,9999.000,9999.000,9999.000,9999.000
202605281200,   0.869,   1.758,   0.700,   0.189,   1.758,   0.700,   1.758,   0.700,   1.758
202605281206,   0.781,   1.699,9999.000,9999.000,9999.000,9999.000,9999.000,9999.000,9999.000
202605281212,   0.697,   1.639,9999.000,9999.000,9999.000,9999.000,9999.000,9999.000,9999.000
202605281218,   0.617,   1.580,9999.000,9999.000,9999.000,9999.000,9999.000,9999.000,9999.000
202605281224,   0.541,   1.518,9999.000,9999.000,9999.000,9999.000,9999.000,9999.000,9999.000
202605281230,   0.468,   1.459,9999.000,9999.000,9999.000,9999.000,9999.000,9999.000,9999.000
202605281236,   0.400,   1.390,9999.000,9999.000,9999.000,9999.000,9999.000,9999.000,9999.000
202605281242,   0.337,   1.338,9999.000,9999.000,9999.000,9999.000,9999.000,9999.000,9999.000
202605281248,   0.278,   1.269,9999.000,9999.000,9999.000,9999.000,9999.000,9999.000,9999.000
202605281254,   0.224,   1.220,9999.000,9999.000,9999.000,9999.000,9999.000,9999.000,9999.000
202605281300,   0.175,   1.170,   0.700,   0.295,   1.170,   0.700,   1.170,   0.700,   1.170
202605281306,   0.132,   1.118,9999.000,9999.000,9999.000,9999.000,9999.000,9999.000,9999.000
202605281312,   0.094,   1.059,9999.000,9999.000,9999.000,9999.000,9999.000,9999.000,9999.000
202605281318,   0.062,   1.010,9999.000,9999.000,9999.000,9999.000,9999.000,9999.000,9999.000
202605281324,   0.035,   0.970,9999.000,9999.000,9999.000,9999.000,9999.000,9999.000,9999.000
202605281330,   0.014,   0.928,9999.000,9999.000,9999.000,9999.000,9999.000,9999.000,9999.000
202605281336,   0.000,   0.879,9999.000,9999.000,9999.000,9999.000,9999.000,9999.000,9999.000
202605281342,  -0.010,   0.849,9999.000,9999.000,9999.000,9999.000,9999.000,9999.000,9999.000
202605281348,  -0.014,   0.810,9999.000,9999.000,9999.000,9999.000,9999.000,9999.000,9999.000
202605281354,  -0.011,   0.780,9999.000,9999.000,9999.000,9999.000,9999.000,9999.000,9999.000
202605281400,  -0.004,   0.751,   0.700,   0.055,   0.751,   0.700,   0.751,   0.700,   0.751
202605281406,   0.009,   0.731,9999.000,9999.000,9999.000,9999.000,9999.000,9999.000,9999.000
202605281412,   0.027,   0.708,9999.000,9999.000,9999.000,9999.000,9999.000,9999.000,9999.000
202605281418,   0.052,   0.688,9999.000,9999.000,9999.000,9999.000,9999.000,9999.000,9999.000
202605281424,   0.081,   0.669,9999.000,9999.000,9999.000,9999.000,9999.000,9999.000,9999.000
202605281430,   0.115,   0.639,9999.000,9999.000,9999.000,9999.000,9999.000,9999.000,9999.000
202605281436,   0.154,   0.639,9999.000,9999.000,9999.000,9999.000,9999.000,9999.000,9999.000
202605281442,   0.198,   0.629,9999.000,9999.000,9999.000,9999.000,9999.000,9999.000,9999.000
202605281448,   0.246,   0.639,9999.000,9999.000,9999.000,9999.000,9999.000,9999.000,9999.000
202605281454,   0.298,   0.649,9999.000,9999.000,9999.000,9999.000,9999.000,9999.000,9999.000
202605281500,   0.353,   0.669,   0.700,  -0.384,   0.669,   0.700,   0.669,   0.700,   0.669
202605281506,   0.412,   0.688,9999.000,9999.000,9999.000,9999.000,9999.000,9999.000,9999.000
202605281512,   0.475,   0.708,9999.000,9999.000,9999.000,9999.000,9999.000,9999.000,9999.000
202605281518,   0.541,   0.760,9999.000,9999.000,9999.000,9999.000,9999.000,9999.000,9999.000
202605281524,   0.609,   0.819,9999.000,9999.000,9999.000,9999.000,9999.000,9999.000,9999.000
202605281530,   0.680,   0.898,9999.000,9999.000,9999.000,9999.000,9999.000,9999.000,9999.000
202605281536,   0.753,   0.990,9999.000,9999.000,9999.000,9999.000,9999.000,9999.000,9999.000
202605281542,   0.828,   1.069,9999.000,9999.000,9999.000,9999.000,9999.000,9999.000,9999.000
202605281548,   0.905,   1.180,9999.000,9999.000,9999.000,9999.000,9999.000,9999.000,9999.000
202605281554,   0.983,   1.279,9999.000,9999.000,9999.000,9999.000,9999.000,9999.000,9999.000
202605281600,   1.063,   1.380,   0.700,  -0.383,   1.380,   0.700,   1.380,   0.700,   1.380
202605281606,   1.144,   1.489,9999.000,9999.000,9999.000,9999.000,9999.000,9999.000,9999.000
202605281612,   1.226,   1.580,9999.000,9999.000,9999.000,9999.000,9999.000,9999.000,9999.000
202605281618,   1.309,   1.659,9999.000,9999.000,9999.000,9999.000,9999.000,9999.000,9999.000
202605281624,   1.393,   1.758,9999.000,9999.000,9999.000,9999.000,9999.000,9999.000,9999.000
202605281630,   1.477,   1.859,9999.000,9999.000,9999.000,9999.000,9999.000,9999.000,9999.000
202605281636,   1.561,   1.938,9999.000,9999.000,9999.000,9999.000,9999.000,9999.000,9999.000
202605281642,   1.645,   2.040,9999.000,9999.000,9999.000,9999.000,9999.000,9999.000,9999.000
202605281648,   1.729,   2.128,9999.000,9999.000,9999.000,9999.000,9999.000,9999.000,9999.000
202605281654,   1.813,   2.220,9999.000,9999.000,9999.000,9999.000,9999.000,9999.000,9999.000
202605281700,   1.896,   2.338,   0.700,  -0.258,   2.338,   0.700,   2.338,   0.700,   2.338
202605281706,   1.979,   2.420,9999.000,9999.000,9999.000,9999.000,9999.000,9999.000,9999.000
202605281712,   2.061,   2.528,9999.000,9999.000,9999.000,9999.000,9999.000,9999.000,9999.000
202605281718,   2.142,   2.620,9999.000,9999.000,9999.000,9999.000,9999.000,9999.000,9999.000
202605281724,   2.223,   2.719,9999.000,9999.000,9999.000,9999.000,9999.000,9999.000,9999.000
202605281730,   2.302,   2.850,9999.000,9999.000,9999.000,9999.000,9999.000,9999.000,9999.000
202605281736,   2.380,   2.968,9999.000,9999.000,9999.000,9999.000,9999.000,9999.000,9999.000
202605281742,   2.456,   3.079,9999.000,9999.000,9999.000,9999.000,9999.000,9999.000,9999.000
202605281748,   2.531,   3.168,9999.000,9999.000,9999.000,9999.000,9999.000,9999.000,9999.000
202605281754,   2.604,   3.270,9999.000,9999.000,9999.000,9999.000,9999.000,9999.000,9999.000
202605281800,   2.675,   3.378,   0.700,   0.003,   3.378,   0.600,   3.278,   0.700,   3.378
202605281806,   2.744,   3.470,9999.000,9999.000,9999.000,9999.000,9999.000,9999.000,9999.000
202605281812,   2.811,   3.539,9999.000,9999.000,9999.000,9999.000,9999.000,9999.000,9999.000
202605281818,   2.875,   3.588,9999.000,9999.000,9999.000,9999.000,9999.000,9999.000,9999.000
202605281824,   2.937,   3.660,9999.000,9999.000,9999.000,9999.000,9999.000,9999.000,9999.000
202605281830,   2.996,   3.758,9999.000,9999.000,9999.000,9999.000,9999.000,9999.000,9999.000
202605281836,   3.053,   3.817,9999.000,9999.000,9999.000,9999.000,9999.000,9999.000,9999.000
202605281842,   3.106,   3.890,9999.000,9999.000,9999.000,9999.000,9999.000,9999.000,9999.000
202605281848,   3.157,   3.949,9999.000,9999.000,9999.000,9999.000,9999.000,9999.000,9999.000
202605281854,   3.204,   4.027,9999.000,9999.000,9999.000,9999.000,9999.000,9999.000,9999.000
202605281900,   3.249,   4.090,   0.700,   0.141,   4.090,   0.600,   3.990,   0.700,   4.090
202605281906,   3.290,   4.159,9999.000,9999.000,9999.000,9999.000,9999.000,9999.000,9999.000
202605281912,   3.327,   4.198,9999.000,9999.000,9999.000,9999.000,9999.000,9999.000,9999.000
202605281918,   3.361,   4.247,9999.000,9999.000,9999.000,9999.000,9999.000,9999.000,9999.000
202605281924,   3.392,   4.309,9999.000,9999.000,9999.000,9999.000,9999.000,9999.000,9999.000
202605281930,   3.419,   4.319,9999.000,9999.000,9999.000,9999.000,9999.000,9999.000,9999.000
202605281936,   3.442,   4.388,9999.000,9999.000,9999.000,9999.000,9999.000,9999.000,9999.000
202605281942,   3.462,   4.408,9999.000,9999.000,9999.000,9999.000,9999.000,9999.000,9999.000
202605281948,   3.478,   4.418,9999.000,9999.000,9999.000,9999.000,9999.000,9999.000,9999.000
202605281954,   3.491,   4.457,9999.000,9999.000,9999.000,9999.000,9999.000,9999.000,9999.000
202605282000,   3.500,   4.467,   0.600,   0.367,   4.467,   0.600,   4.467,   0.700,   4.567
202605282006,   3.505,   4.490,9999.000,9999.000,9999.000,9999.000,9999.000,9999.000,9999.000
202605282012,   3.506,   4.490,9999.000,9999.000,9999.000,9999.000,9999.000,9999.000,9999.000
202605282018,   3.504,   4.519,9999.000,9999.000,9999.000,9999.000,9999.000,9999.000,9999.000
202605282024,   3.498,   4.549,9999.000,9999.000,9999.000,9999.000,9999.000,9999.000,9999.000
202605282030,   3.489,   4.559,9999.000,9999.000,9999.000,9999.000,9999.000,9999.000,9999.000
202605282036,   3.476,   4.539,9999.000,9999.000,9999.000,9999.000,9999.000,9999.000,9999.000
202605282042,   3.460,   4.519,9999.000,9999.000,9999.000,9999.000,9999.000,9999.000,9999.000
202605282048,   3.441,   4.509,9999.000,9999.000,9999.000,9999.000,9999.000,9999.000,9999.000
202605282054,   3.419,   4.480,9999.000,9999.000,9999.000,9999.000,9999.000,9999.000,9999.000
202605282100,   3.393,   4.457,   0.600,   0.464,   4.457,   0.600,   4.457,   0.600,   4.457
202605282106,   3.365,   4.467,9999.000,9999.000,9999.000,9999.000,9999.000,9999.000,9999.000
202605282112,   3.335,   4.447,9999.000,9999.000,9999.000,9999.000,9999.000,9999.000,9999.000
202605282118,   3.302,   4.427,9999.000,9999.000,9999.000,9999.000,9999.000,9999.000,9999.000
202605282124,   3.266,   4.398,9999.000,9999.000,9999.000,9999.000,9999.000,9999.000,9999.000
202605282130,   3.228,   4.359,9999.000,9999.000,9999.000,9999.000,9999.000,9999.000,9999.000
202605282136,   3.189,   4.300,9999.000,9999.000,9999.000,9999.000,9999.000,9999.000,9999.000
202605282142,   3.147,   4.257,9999.000,9999.000,9999.000,9999.000,9999.000,9999.000,9999.000
202605282148,   3.104,   4.208,9999.000,9999.000,9999.000,9999.000,9999.000,9999.000,9999.000
202605282154,   3.060,   4.168,9999.000,9999.000,9999.000,9999.000,9999.000,9999.000,9999.000
202605282200,   3.014,   4.099,   0.600,   0.485,   4.099,   0.600,   4.099,   0.600,   4.099
202605282206,   2.968,   4.070,9999.000,9999.000,9999.000,9999.000,9999.000,9999.000,9999.000
202605282212,   2.921,   4.017,9999.000,9999.000,9999.000,9999.000,9999.000,9999.000,9999.000
202605282218,   2.873,   3.978,9999.000,9999.000,9999.000,9999.000,9999.000,9999.000,9999.000
202605282224,   2.824,   3.909,9999.000,9999.000,9999.000,9999.000,9999.000,9999.000,9999.000
202605282230,   2.776,   3.847,9999.000,9999.000,9999.000,9999.000,9999.000,9999.000,9999.000
202605282236,   2.727,   3.798,9999.000,9999.000,9999.000,9999.000,9999.000,9999.000,9999.000
202605282242,   2.679,   3.739,9999.000,9999.000,9999.000,9999.000,9999.000,9999.000,9999.000
202605282248,   2.630,   3.680,9999.000,9999.000,9999.000,9999.000,9999.000,9999.000,9999.000
202605282254,   2.583,   3.617,9999.000,9999.000,9999.000,9999.000,9999.000,9999.000,9999.000
202605282300,   2.535,   3.558,   0.600,   0.423,   3.558,   0.600,   3.558,   0.600,   3.558
202605282306,   2.489,   3.480,9999.000,9999.000,9999.000,9999.000,9999.000,9999.000,9999.000
202605282312,   2.443,   3.407,9999.000,9999.000,9999.000,9999.000,9999.000,9999.000,9999.000
202605282318,   2.398,   3.319,9999.000,9999.000,9999.000,9999.000,9999.000,9999.000,9999.000
202605282324,   2.354,   3.250,9999.000,9999.000,9999.000,9999.000,9999.000,9999.000,9999.000
202605282330,   2.311,   3.178,9999.000,9999.000,9999.000,9999.000,9999.000,9999.000,9999.000
202605282336,   2.270,   3.119,9999.000,9999.000,9999.000,9999.000,9999.000,9999.000,9999.000
202605282342,   2.230,   3.070,9999.000,9999.000,9999.000,9999.000,9999.000,9999.000,9999.000
202605282348,   2.192,   3.030,9999.000,9999.000,9999.000,9999.000,9999.000,9999.000,9999.000
202605282354,   2.155,   2.968,9999.000,9999.000,9999.000,9999.000,9999.000,9999.000,9999.000
202605290000,   2.121,   2.948,   0.800,   0.027,   2.948,   0.700,   2.848,   0.800,   2.948
202605290006,   2.088,   2.889,9999.000,9999.000,9999.000,9999.000,9999.000,9999.000,9999.000
202605290012,   2.057,   2.830,9999.000,9999.000,9999.000,9999.000,9999.000,9999.000,9999.000
202605290018,   2.029,   2.778,9999.000,9999.000,9999.000,9999.000,9999.000,9999.000,9999.000
202605290024,   2.003,   2.748,9999.000,9999.000,9999.000,9999.000,9999.000,9999.000,9999.000
202605290030,   1.980,   2.699,9999.000,9999.000,9999.000,9999.000,9999.000,9999.000,9999.000
202605290036,   1.959,   2.650,9999.000,9999.000,9999.000,9999.000,9999.000,9999.000,9999.000
202605290042,   1.942,   2.640,9999.000,9999.000,9999.000,9999.000,9999.000,9999.000,9999.000
202605290048,   1.927,   2.620,9999.000,9999.000,9999.000,9999.000,9999.000,9999.000,9999.000
202605290054,   1.916,   2.587,9999.000,9999.000,9999.000,9999.000,9999.000,9999.000,9999.000
202605290100,   1.909,   2.587,   0.700,  -0.022,   2.587,   0.700,   2.587,   0.800,   2.687
202605290106,   1.905,   2.587,9999.000,9999.000,9999.000,9999.000,9999.000,9999.000,9999.000
202605290112,   1.904,   2.597,9999.000,9999.000,9999.000,9999.000,9999.000,9999.000,9999.000
202605290118,   1.908,   2.597,9999.000,9999.000,9999.000,9999.000,9999.000,9999.000,9999.000
202605290124,   1.916,   2.620,9999.000,9999.000,9999.000,9999.000,9999.000,9999.000,9999.000
202605290130,   1.928,   2.630,9999.000,9999.000,9999.000,9999.000,9999.000,9999.000,9999.000
202605290136,   1.944,   2.640,9999.000,9999.000,9999.000,9999.000,9999.000,9999.000,9999.000
202605290142,   1.964,   2.650,9999.000,9999.000,9999.000,9999.000,9999.000,9999.000,9999.000
202605290148,   1.989,   2.669,9999.000,9999.000,9999.000,9999.000,9999.000,9999.000,9999.000
202605290154,   2.019,   2.689,9999.000,9999.000,9999.000,9999.000,9999.000,9999.000,9999.000
202605290200,   2.053,   2.719,   0.700,  -0.034,   2.719,   0.700,   2.719,   0.800,   2.819
202605290206,   2.091,   2.748,9999.000,9999.000,9999.000,9999.000,9999.000,9999.000,9999.000
202605290212,   2.134,   2.797,9999.000,9999.000,9999.000,9999.000,9999.000,9999.000,9999.000
202605290218,   2.181,   2.860,9999.000,9999.000,9999.000,9999.000,9999.000,9999.000,9999.000
202605290224,   2.232,   2.929,9999.000,9999.000,9999.000,9999.000,9999.000,9999.000,9999.000
202605290230,   2.287,   2.997,9999.000,9999.000,9999.000,9999.000,9999.000,9999.000,9999.000
202605290236,   2.347,   3.050,9999.000,9999.000,9999.000,9999.000,9999.000,9999.000,9999.000
202605290242,   2.410,   3.109,9999.000,9999.000,9999.000,9999.000,9999.000,9999.000,9999.000
202605290248,   2.476,   3.168,9999.000,9999.000,9999.000,9999.000,9999.000,9999.000,9999.000
202605290254,   2.546,   3.270,9999.000,9999.000,9999.000,9999.000,9999.000,9999.000,9999.000
202605290300,   2.619,   3.348,   0.700,   0.029,   3.348,   0.700,   3.348,   0.800,   3.448
202605290306,   2.695,   3.417,9999.000,9999.000,9999.000,9999.000,9999.000,9999.000,9999.000
202605290312,   2.774,   3.519,9999.000,9999.000,9999.000,9999.000,9999.000,9999.000,9999.000
202605290318,   2.855,   3.617,9999.000,9999.000,9999.000,9999.000,9999.000,9999.000,9999.000
202605290324,   2.938,   3.709,9999.000,9999.000,9999.000,9999.000,9999.000,9999.000,9999.000
202605290330,   3.023,   3.788,9999.000,9999.000,9999.000,9999.000,9999.000,9999.000,9999.000
202605290336,   3.109,   3.827,9999.000,9999.000,9999.000,9999.000,9999.000,9999.000,9999.000
202605290342,   3.197,   3.890,9999.000,9999.000,9999.000,9999.000,9999.000,9999.000,9999.000
202605290348,   3.286,   3.968,9999.000,9999.000,9999.000,9999.000,9999.000,9999.000,9999.000
202605290354,   3.375,   4.027,9999.000,9999.000,9999.000,9999.000,9999.000,9999.000,9999.000
202605290400,   3.465,   4.090,   0.700,  -0.075,   4.090,   0.700,   4.090,   0.800,   4.190
202605290406,   3.555,   4.178,9999.000,9999.000,9999.000,9999.000,9999.000,9999.000,9999.000
202605290412,   3.645,   4.267,9999.000,9999.000,9999.000,9999.000,9999.000,9999.000,9999.000
202605290418,   3.734,   4.368,9999.000,9999.000,9999.000,9999.000,9999.000,9999.000,9999.000
202605290424,   3.823,   4.427,9999.000,9999.000,9999.000,9999.000,9999.000,9999.000,9999.000
202605290430,   3.912,   4.539,9999.000,9999.000,9999.000,9999.000,9999.000,9999.000,9999.000
202605290436,   3.999,   4.667,9999.000,9999.000,9999.000,9999.000,9999.000,9999.000,9999.000
202605290442,   4.085,   4.788,9999.000,9999.000,9999.000,9999.000,9999.000,9999.000,9999.000
202605290448,   4.170,   4.847,9999.000,9999.000,9999.000,9999.000,9999.000,9999.000,9999.000
202605290454,   4.254,   4.939,9999.000,9999.000,9999.000,9999.000,9999.000,9999.000,9999.000
202605290500,   4.335,   4.988,   0.700,  -0.047,   4.988,   0.700,   4.988,   0.800,   5.088
202605290506,   4.415,   5.038,9999.000,9999.000,9999.000,9999.000,9999.000,9999.000,9999.000
202605290512,   4.493,   5.110,9999.000,9999.000,9999.000,9999.000,9999.000,9999.000,9999.000
202605290518,   4.568,   5.159,9999.000,9999.000,9999.000,9999.000,9999.000,9999.000,9999.000
202605290524,   4.641,   5.218,9999.000,9999.000,9999.000,9999.000,9999.000,9999.000,9999.000
202605290530,   4.712,   5.277,9999.000,9999.000,9999.000,9999.000,9999.000,9999.000,9999.000
202605290536,   4.780,   5.320,9999.000,9999.000,9999.000,9999.000,9999.000,9999.000,9999.000
202605290542,   4.845,   5.428,9999.000,9999.000,9999.000,9999.000,9999.000,9999.000,9999.000
202605290548,   4.907,   5.477,9999.000,9999.000,9999.000,9999.000,9999.000,9999.000,9999.000
202605290554,   4.966,   5.539,9999.000,9999.000,9999.000,9999.000,9999.000,9999.000,9999.000
202605290600,   5.022,   5.598,   0.800,  -0.224,   5.598,   0.700,   5.498,   0.800,   5.598
202605290606,   5.074,   5.648,9999.000,9999.000,9999.000,9999.000,9999.000,9999.000,9999.000
202605290612,   5.123,   5.697,9999.000,9999.000,9999.000,9999.000,9999.000,9999.000,9999.000
202605290618,   5.168,   5.739,9999.000,9999.000,9999.000,9999.000,9999.000,9999.000,9999.000
202605290624,   5.209,   5.749,9999.000,9999.000,9999.000,9999.000,9999.000,9999.000,9999.000
202605290630,   5.247,   5.769,9999.000,9999.000,9999.000,9999.000,9999.000,9999.000,9999.000
202605290636,   5.280,   5.779,9999.000,9999.000,9999.000,9999.000,9999.000,9999.000,9999.000
202605290642,   5.309,   5.789,9999.000,9999.000,9999.000,9999.000,9999.000,9999.000,9999.000
202605290648,   5.334,   5.838,9999.000,9999.000,9999.000,9999.000,9999.000,9999.000,9999.000
202605290654,   5.355,   5.887,9999.000,9999.000,9999.000,9999.000,9999.000,9999.000,9999.000
202605290700,   5.371,   5.897,   0.700,  -0.174,   5.897,   0.700,   5.897,   0.800,   5.997
202605290706,   5.382,   5.926,9999.000,9999.000,9999.000,9999.000,9999.000,9999.000,9999.000
202605290712,   5.389,   5.926,9999.000,9999.000,9999.000,9999.000,9999.000,9999.000,9999.000
202605290718,   5.391,   5.926,9999.000,9999.000,9999.000,9999.000,9999.000,9999.000,9999.000
202605290724,   5.388,   5.926,9999.000,9999.000,9999.000,9999.000,9999.000,9999.000,9999.000
202605290730,   5.381,   5.926,9999.000,9999.000,9999.000,9999.000,9999.000,9999.000,9999.000
202605290736,   5.368,   5.917,9999.000,9999.000,9999.000,9999.000,9999.000,9999.000,9999.000
202605290742,   5.351,   5.907,9999.000,9999.000,9999.000,9999.000,9999.000,9999.000,9999.000
202605290748,   5.329,   5.867,9999.000,9999.000,9999.000,9999.000,9999.000,9999.000,9999.000
202605290754,   5.302,   5.818,9999.000,9999.000,9999.000,9999.000,9999.000,9999.000,9999.000
202605290800,   5.269,   5.779,   0.700,  -0.190,   5.779,   0.700,   5.779,   0.800,   5.879
202605290806,   5.232,   5.730,9999.000,9999.000,9999.000,9999.000,9999.000,9999.000,9999.000
202605290812,   5.190,   5.687,9999.000,9999.000,9999.000,9999.000,9999.000,9999.000,9999.000
202605290818,   5.143,   5.638,9999.000,9999.000,9999.000,9999.000,9999.000,9999.000,9999.000
202605290824,   5.092,   5.589,9999.000,9999.000,9999.000,9999.000,9999.000,9999.000,9999.000
202605290830,   5.035,   5.530,9999.000,9999.000,9999.000,9999.000,9999.000,9999.000,9999.000
202605290836,   4.974,   5.467,9999.000,9999.000,9999.000,9999.000,9999.000,9999.000,9999.000
202605290842,   4.908,   5.408,9999.000,9999.000,9999.000,9999.000,9999.000,9999.000,9999.000
202605290848,   4.837,   5.349,9999.000,9999.000,9999.000,9999.000,9999.000,9999.000,9999.000
202605290854,   4.763,   5.267,9999.000,9999.000,9999.000,9999.000,9999.000,9999.000,9999.000
202605290900,   4.683,   5.198,   0.700,  -0.185,   5.198,   0.700,   5.198,   0.700,   5.198
202605290906,   4.600,   5.087,9999.000,9999.000,9999.000,9999.000,9999.000,9999.000,9999.000
202605290912,   4.513,   5.008,9999.000,9999.000,9999.000,9999.000,9999.000,9999.000,9999.000
202605290918,   4.421,   4.919,9999.000,9999.000,9999.000,9999.000,9999.000,9999.000,9999.000
202605290924,   4.326,   4.837,9999.000,9999.000,9999.000,9999.000,9999.000,9999.000,9999.000
202605290930,   4.228,   4.719,9999.000,9999.000,9999.000,9999.000,9999.000,9999.000,9999.000
202605290936,   4.126,   4.608,9999.000,9999.000,9999.000,9999.000,9999.000,9999.000,9999.000
202605290942,   4.022,   4.509,9999.000,9999.000,9999.000,9999.000,9999.000,9999.000,9999.000
202605290948,   3.914,   4.388,9999.000,9999.000,9999.000,9999.000,9999.000,9999.000,9999.000
202605290954,   3.804,   4.280,9999.000,9999.000,9999.000,9999.000,9999.000,9999.000,9999.000
202605291000,   3.691,   4.159,   0.700,  -0.232,   4.159,   0.700,   4.159,   0.700,   4.159
202605291006,   3.577,   4.047,9999.000,9999.000,9999.000,9999.000,9999.000,9999.000,9999.000
202605291012,   3.460,   3.909,9999.000,9999.000,9999.000,9999.000,9999.000,9999.000,9999.000
202605291018,   3.342,   3.798,9999.000,9999.000,9999.000,9999.000,9999.000,9999.000,9999.000
202605291024,   3.222,   3.680,9999.000,9999.000,9999.000,9999.000,9999.000,9999.000,9999.000
202605291030,   3.101,   3.568,9999.000,9999.000,9999.000,9999.000,9999.000,9999.000,9999.000
202605291036,   2.980,   3.460,9999.000,9999.000,9999.000,9999.000,9999.000,9999.000,9999.000
202605291042,   2.858,   3.348,9999.000,9999.000,9999.000,9999.000,9999.000,9999.000,9999.000
202605291048,   2.735,   3.240,9999.000,9999.000,9999.000,9999.000,9999.000,9999.000,9999.000
202605291054,   2.612,   3.119,9999.000,9999.000,9999.000,9999.000,9999.000,9999.000,9999.000
202605291100,   2.489,   3.017,   0.700,  -0.172,   3.017,   0.700,   3.017,   0.700,   3.017
202605291106,   2.367,   2.909,9999.000,9999.000,9999.000,9999.000,9999.000,9999.000,9999.000
202605291112,   2.245,   2.807,9999.000,9999.000,9999.000,9999.000,9999.000,9999.000,9999.000
202605291118,   2.124,   2.709,9999.000,9999.000,9999.000,9999.000,9999.000,9999.000,9999.000
202605291124,   2.003,   2.597,9999.000,9999.000,9999.000,9999.000,9999.000,9999.000,9999.000
202605291130,   1.884,   2.499,9999.000,9999.000,9999.000,9999.000,9999.000,9999.000,9999.000
202605291136,   1.766,   2.377,9999.000,9999.000,9999.000,9999.000,9999.000,9999.000,9999.000
202605291142,   1.649,   2.269,9999.000,9999.000,9999.000,9999.000,9999.000,9999.000,9999.000
202605291148,   1.535,   2.168,9999.000,9999.000,9999.000,9999.000,9999.000,9999.000,9999.000
202605291154,   1.422,   2.069,9999.000,9999.000,9999.000,9999.000,9999.000,9999.000,9999.000
202605291200,   1.311,   1.981,   0.600,   0.070,   1.981,   0.600,   1.981,   0.600,   1.981
202605291206,   1.202,   1.889,9999.000,9999.000,9999.000,9999.000,9999.000,9999.000,9999.000
202605291212,   1.095,   1.810,9999.000,9999.000,9999.000,9999.000,9999.000,9999.000,9999.000
202605291218,   0.991,   1.738,9999.000,9999.000,9999.000,9999.000,9999.000,9999.000,9999.000
202605291224,   0.890,   1.679,9999.000,9999.000,9999.000,9999.000,9999.000,9999.000,9999.000
202605291230,   0.791,   1.600,9999.000,9999.000,9999.000,9999.000,9999.000,9999.000,9999.000
202605291236,   0.696,   1.528,9999.000,9999.000,9999.000,9999.000,9999.000,9999.000,9999.000
202605291242,   0.604,   1.459,9999.000,9999.000,9999.000,9999.000,9999.000,9999.000,9999.000
202605291248,   0.515,   1.400,9999.000,9999.000,9999.000,9999.000,9999.000,9999.000,9999.000
202605291254,   0.430,   1.338,9999.000,9999.000,9999.000,9999.000,9999.000,9999.000,9999.000
202605291300,   0.349,   1.279,   0.600,   0.330,   1.279,   0.600,   1.279,   0.600,   1.279
202605291306,   0.272,   1.210,9999.000,9999.000,9999.000,9999.000,9999.000,9999.000,9999.000
202605291312,   0.199,   1.151,9999.000,9999.000,9999.000,9999.000,9999.000,9999.000,9999.000
202605291318,   0.131,   1.088,9999.000,9999.000,9999.000,9999.000,9999.000,9999.000,9999.000
202605291324,   0.067,   1.020,9999.000,9999.000,9999.000,9999.000,9999.000,9999.000,9999.000
202605291330,   0.008,   0.970,9999.000,9999.000,9999.000,9999.000,9999.000,9999.000,9999.000
202605291336,  -0.045,   0.918,9999.000,9999.000,9999.000,9999.000,9999.000,9999.000,9999.000
202605291342,  -0.094,   0.879,9999.000,9999.000,9999.000,9999.000,9999.000,9999.000,9999.000
202605291348,  -0.137,   0.800,9999.000,9999.000,9999.000,9999.000,9999.000,9999.000,9999.000
202605291354,  -0.175,   0.708,9999.000,9999.000,9999.000,9999.000,9999.000,9999.000,9999.000
202605291400,  -0.208,   0.649,   0.600,   0.257,   0.649,   0.600,   0.649,   0.600,   0.649
202605291406,  -0.234,   0.590,9999.000,9999.000,9999.000,9999.000,9999.000,9999.000,9999.000
202605291412,  -0.255,   0.541,9999.000,9999.000,9999.000,9999.000,9999.000,9999.000,9999.000
202605291418,  -0.270,   0.488,9999.000,9999.000,9999.000,9999.000,9999.000,9999.000,9999.000
202605291424,  -0.279,   0.469,9999.000,9999.000,9999.000,9999.000,9999.000,9999.000,9999.000
202605291430,  -0.282,   0.449,9999.000,9999.000,9999.000,9999.000,9999.000,9999.000,9999.000
202605291436,  -0.279,   0.429,9999.000,9999.000,9999.000,9999.000,9999.000,9999.000,9999.000
202605291442,  -0.270,   0.380,9999.000,9999.000,9999.000,9999.000,9999.000,9999.000,9999.000
202605291448,  -0.255,   0.360,9999.000,9999.000,9999.000,9999.000,9999.000,9999.000,9999.000
202605291454,  -0.235,   0.341,9999.000,9999.000,9999.000,9999.000,9999.000,9999.000,9999.000
202605291500,  -0.209,   0.321,   0.600,  -0.070,   0.321,   0.600,   0.321,   0.600,   0.321
202605291506,  -0.178,   0.321,9999.000,9999.000,9999.000,9999.000,9999.000,9999.000,9999.000
202605291512,  -0.141,   0.278,9999.000,9999.000,9999.000,9999.000,9999.000,9999.000,9999.000
202605291518,  -0.099,   0.268,9999.000,9999.000,9999.000,9999.000,9999.000,9999.000,9999.000
202605291524,  -0.053,   0.278,9999.000,9999.000,9999.000,9999.000,9999.000,9999.000,9999.000
202605291530,  -0.002,   0.288,9999.000,9999.000,9999.000,9999.000,9999.000,9999.000,9999.000
202605291536,   0.053,   0.321,9999.000,9999.000,9999.000,9999.000,9999.000,9999.000,9999.000
202605291542,   0.113,   0.360,9999.000,9999.000,9999.000,9999.000,9999.000,9999.000,9999.000
202605291548,   0.177,   0.409,9999.000,9999.000,9999.000,9999.000,9999.000,9999.000,9999.000
202605291554,   0.244,   0.478,9999.000,9999.000,9999.000,9999.000,9999.000,9999.000,9999.000
202605291600,   0.315,   0.570,   0.600,  -0.345,   0.570,   0.600,   0.570,   0.600,   0.570
202605291606,   0.388,   0.649,9999.000,9999.000,9999.000,9999.000,9999.000,9999.000,9999.000
202605291612,   0.465,   0.731,9999.000,9999.000,9999.000,9999.000,9999.000,9999.000,9999.000
202605291618,   0.544,   0.849,9999.000,9999.000,9999.000,9999.000,9999.000,9999.000,9999.000
202605291624,   0.626,   0.941,9999.000,9999.000,9999.000,9999.000,9999.000,9999.000,9999.000
202605291630,   0.709,   1.069,9999.000,9999.000,9999.000,9999.000,9999.000,9999.000,9999.000
202605291636,   0.795,   1.138,9999.000,9999.000,9999.000,9999.000,9999.000,9999.000,9999.000
202605291642,   0.882,   1.239,9999.000,9999.000,9999.000,9999.000,9999.000,9999.000,9999.000
202605291648,   0.970,   1.318,9999.000,9999.000,9999.000,9999.000,9999.000,9999.000,9999.000
202605291654,   1.059,   1.410,9999.000,9999.000,9999.000,9999.000,9999.000,9999.000,9999.000
202605291700,   1.150,   1.498,   0.600,  -0.252,   1.498,   0.600,   1.498,   0.600,   1.498
202605291706,   1.241,   1.580,9999.000,9999.000,9999.000,9999.000,9999.000,9999.000,9999.000
202605291712,   1.332,   1.649,9999.000,9999.000,9999.000,9999.000,9999.000,9999.000,9999.000
202605291718,   1.424,   1.767,9999.000,9999.000,9999.000,9999.000,9999.000,9999.000,9999.000
202605291724,   1.516,   1.889,9999.000,9999.000,9999.000,9999.000,9999.000,9999.000,9999.000
202605291730,   1.607,   2.000,9999.000,9999.000,9999.000,9999.000,9999.000,9999.000,9999.000
202605291736,   1.699,   2.089,9999.000,9999.000,9999.000,9999.000,9999.000,9999.000,9999.000
202605291742,   1.790,   2.210,9999.000,9999.000,9999.000,9999.000,9999.000,9999.000,9999.000
202605291748,   1.880,   2.328,9999.000,9999.000,9999.000,9999.000,9999.000,9999.000,9999.000
202605291754,   1.970,   2.450,9999.000,9999.000,9999.000,9999.000,9999.000,9999.000,9999.000
202605291800,   2.058,   2.558,   0.500,   0.000,   2.558,   0.500,   2.558,   0.600,   2.658
202605291806,   2.146,   2.660,9999.000,9999.000,9999.000,9999.000,9999.000,9999.000,9999.000
202605291812,   2.232,   2.778,9999.000,9999.000,9999.000,9999.000,9999.000,9999.000,9999.000
202605291818,   2.317,   2.879,9999.000,9999.000,9999.000,9999.000,9999.000,9999.000,9999.000
202605291824,   2.400,   2.978,9999.000,9999.000,9999.000,9999.000,9999.000,9999.000,9999.000
202605291830,   2.482,   3.070,9999.000,9999.000,9999.000,9999.000,9999.000,9999.000,9999.000
202605291836,   2.561,   3.168,9999.000,9999.000,9999.000,9999.000,9999.000,9999.000,9999.000
202605291842,   2.639,   3.250,9999.000,9999.000,9999.000,9999.000,9999.000,9999.000,9999.000
202605291848,   2.714,   3.339,9999.000,9999.000,9999.000,9999.000,9999.000,9999.000,9999.000
202605291854,   2.787,   3.417,9999.000,9999.000,9999.000,9999.000,9999.000,9999.000,9999.000
202605291900,   2.858,   3.509,   0.500,   0.151,   3.509,   0.500,   3.509,   0.500,   3.509
202605291906,   2.926,   3.607,9999.000,9999.000,9999.000,9999.000,9999.000,9999.000,9999.000
202605291912,   2.991,   3.680,9999.000,9999.000,9999.000,9999.000,9999.000,9999.000,9999.000
202605291918,   3.053,   3.788,9999.000,9999.000,9999.000,9999.000,9999.000,9999.000,9999.000
202605291924,   3.113,   3.837,9999.000,9999.000,9999.000,9999.000,9999.000,9999.000,9999.000
202605291930,   3.169,   3.939,9999.000,9999.000,9999.000,9999.000,9999.000,9999.000,9999.000
202605291936,   3.222,   3.998,9999.000,9999.000,9999.000,9999.000,9999.000,9999.000,9999.000
202605291942,   3.272,   4.047,9999.000,9999.000,9999.000,9999.000,9999.000,9999.000,9999.000
202605291948,   3.318,   4.119,9999.000,9999.000,9999.000,9999.000,9999.000,9999.000,9999.000
202605291954,   3.362,   4.178,9999.000,9999.000,9999.000,9999.000,9999.000,9999.000,9999.000
202605292000,   3.401,   4.218,   0.500,   0.317,   4.218,   0.500,   4.218,   0.500,   4.218
202605292006,   3.437,   4.257,9999.000,9999.000,9999.000,9999.000,9999.000,9999.000,9999.000
202605292012,   3.470,   4.309,9999.000,9999.000,9999.000,9999.000,9999.000,9999.000,9999.000
202605292018,   3.499,   4.349,9999.000,9999.000,9999.000,9999.000,9999.000,9999.000,9999.000
202605292024,   3.524,   4.408,9999.000,9999.000,9999.000,9999.000,9999.000,9999.000,9999.000
202605292030,   3.545,   4.447,9999.000,9999.000,9999.000,9999.000,9999.000,9999.000,9999.000
202605292036,   3.563,   4.467,9999.000,9999.000,9999.000,9999.000,9999.000,9999.000,9999.000
202605292042,   3.577,   4.490,9999.000,9999.000,9999.000,9999.000,9999.000,9999.000,9999.000
202605292048,   3.587,   4.500,9999.000,9999.000,9999.000,9999.000,9999.000,9999.000,9999.000
202605292054,   3.594,   4.539,9999.000,9999.000,9999.000,9999.000,9999.000,9999.000,9999.000
202605292100,   3.596,   4.529,   0.500,   0.433,   4.529,   0.500,   4.529,   0.500,   4.529
202605292106,   3.596,   4.539,9999.000,9999.000,9999.000,9999.000,9999.000,9999.000,9999.000
202605292112,   3.591,   4.559,9999.000,9999.000,9999.000,9999.000,9999.000,9999.000,9999.000
202605292118,   3.584,   4.549,9999.000,9999.000,9999.000,9999.000,9999.000,9999.000,9999.000
202605292124,   3.572,   4.549,9999.000,9999.000,9999.000,9999.000,9999.000,9999.000,9999.000
202605292130,   3.558,   4.539,9999.000,9999.000,9999.000,9999.000,9999.000,9999.000,9999.000
202605292136,   3.540,   4.519,9999.000,9999.000,9999.000,9999.000,9999.000,9999.000,9999.000
202605292142,   3.519,   4.529,9999.000,9999.000,9999.000,9999.000,9999.000,9999.000,9999.000
202605292148,   3.495,   4.519,9999.000,9999.000,9999.000,9999.000,9999.000,9999.000,9999.000
202605292154,   3.468,   4.509,9999.000,9999.000,9999.000,9999.000,9999.000,9999.000,9999.000
202605292200,   3.439,   4.467,   0.500,   0.528,   4.467,   0.500,   4.467,   0.500,   4.467
202605292206,   3.407,   4.457,9999.000,9999.000,9999.000,9999.000,9999.000,9999.000,9999.000
202605292212,   3.373,   4.467,9999.000,9999.000,9999.000,9999.000,9999.000,9999.000,9999.000
202605292218,   3.336,   4.437,9999.000,9999.000,9999.000,9999.000,9999.000,9999.000,9999.000
202605292224,   3.298,   4.398,9999.000,9999.000,9999.000,9999.000,9999.000,9999.000,9999.000
202605292230,   3.258,   4.378,9999.000,9999.000,9999.000,9999.000,9999.000,9999.000,9999.000
202605292236,   3.216,   4.329,9999.000,9999.000,9999.000,9999.000,9999.000,9999.000,9999.000
202605292242,   3.173,   4.280,9999.000,9999.000,9999.000,9999.000,9999.000,9999.000,9999.000
202605292248,   3.129,   4.227,9999.000,9999.000,9999.000,9999.000,9999.000,9999.000,9999.000
202605292254,   3.084,   4.178,9999.000,9999.000,9999.000,9999.000,9999.000,9999.000,9999.000
202605292300,   3.038,   4.129,   0.500,   0.591,   4.129,   0.500,   4.129,   0.500,   4.129
202605292306,   2.992,   4.070,9999.000,9999.000,9999.000,9999.000,9999.000,9999.000,9999.000
202605292312,   2.946,   4.017,9999.000,9999.000,9999.000,9999.000,9999.000,9999.000,9999.000
202605292318,   2.899,   3.958,9999.000,9999.000,9999.000,9999.000,9999.000,9999.000,9999.000
202605292324,   2.852,   3.909,9999.000,9999.000,9999.000,9999.000,9999.000,9999.000,9999.000
202605292330,   2.806,   3.860,9999.000,9999.000,9999.000,9999.000,9999.000,9999.000,9999.000
202605292336,   2.760,   3.788,9999.000,9999.000,9999.000,9999.000,9999.000,9999.000,9999.000
202605292342,   2.714,   3.749,9999.000,9999.000,9999.000,9999.000,9999.000,9999.000,9999.000
202605292348,   2.670,   3.699,9999.000,9999.000,9999.000,9999.000,9999.000,9999.000,9999.000
202605292354,   2.626,   3.617,9999.000,9999.000,9999.000,9999.000,9999.000,9999.000,9999.000
202605300000,   2.583,   3.568,   0.700,   0.285,   3.568,   0.700,   3.568,   0.700,   3.568
202605300006,   2.541,   3.499,9999.000,9999.000,9999.000,9999.000,9999.000,9999.000,9999.000
202605300012,   2.501,   3.440,9999.000,9999.000,9999.000,9999.000,9999.000,9999.000,9999.000
202605300018,   2.462,   3.378,9999.000,9999.000,9999.000,9999.000,9999.000,9999.000,9999.000
202605300024,   2.424,   3.309,9999.000,9999.000,9999.000,9999.000,9999.000,9999.000,9999.000
202605300030,   2.388,   3.260,9999.000,9999.000,9999.000,9999.000,9999.000,9999.000,9999.000
202605300036,   2.354,   3.207,9999.000,9999.000,9999.000,9999.000,9999.000,9999.000,9999.000
202605300042,   2.321,   3.119,9999.000,9999.000,9999.000,9999.000,9999.000,9999.000,9999.000
202605300048,   2.291,   3.060,9999.000,9999.000,9999.000,9999.000,9999.000,9999.000,9999.000
202605300054,   2.263,   3.017,9999.000,9999.000,9999.000,9999.000,9999.000,9999.000,9999.000
202605300100,   2.237,   2.968,   0.700,   0.031,   2.968,   0.600,   2.868,   0.700,   2.968
202605300106,   2.213,   2.919,9999.000,9999.000,9999.000,9999.000,9999.000,9999.000,9999.000
202605300112,   2.192,   2.889,9999.000,9999.000,9999.000,9999.000,9999.000,9999.000,9999.000
202605300118,   2.173,   2.850,9999.000,9999.000,9999.000,9999.000,9999.000,9999.000,9999.000
202605300124,   2.157,   2.820,9999.000,9999.000,9999.000,9999.000,9999.000,9999.000,9999.000
202605300130,   2.144,   2.797,9999.000,9999.000,9999.000,9999.000,9999.000,9999.000,9999.000
202605300136,   2.134,   2.778,9999.000,9999.000,9999.000,9999.000,9999.000,9999.000,9999.000
202605300142,   2.128,   2.778,9999.000,9999.000,9999.000,9999.000,9999.000,9999.000,9999.000
202605300148,   2.124,   2.768,9999.000,9999.000,9999.000,9999.000,9999.000,9999.000,9999.000
202605300154,   2.124,   2.768,9999.000,9999.000,9999.000,9999.000,9999.000,9999.000,9999.000
202605300200,   2.128,   2.758,   0.600,   0.030,   2.758,   0.600,   2.758,   0.700,   2.858
202605300206,   2.136,   2.787,9999.000,9999.000,9999.000,9999.000,9999.000,9999.000,9999.000
202605300212,   2.147,   2.797,9999.000,9999.000,9999.000,9999.000,9999.000,9999.000,9999.000
202605300218,   2.162,   2.820,9999.000,9999.000,9999.000,9999.000,9999.000,9999.000,9999.000
202605300224,   2.182,   2.830,9999.000,9999.000,9999.000,9999.000,9999.000,9999.000,9999.000
202605300230,   2.205,   2.850,9999.000,9999.000,9999.000,9999.000,9999.000,9999.000,9999.000
202605300236,   2.233,   2.879,9999.000,9999.000,9999.000,9999.000,9999.000,9999.000,9999.000
202605300242,   2.265,   2.899,9999.000,9999.000,9999.000,9999.000,9999.000,9999.000,9999.000
202605300248,   2.301,   2.929,9999.000,9999.000,9999.000,9999.000,9999.000,9999.000,9999.000
202605300254,   2.342,   2.978,9999.000,9999.000,9999.000,9999.000,9999.000,9999.000,9999.000
202605300300,   2.386,   3.017,   0.600,   0.031,   3.017,   0.600,   3.017,   0.700,   3.117
202605300306,   2.435,   3.050,9999.000,9999.000,9999.000,9999.000,9999.000,9999.000,9999.000
202605300312,   2.488,   3.109,9999.000,9999.000,9999.000,9999.000,9999.000,9999.000,9999.000
202605300318,   2.544,   3.178,9999.000,9999.000,9999.000,9999.000,9999.000,9999.000,9999.000
202605300324,   2.604,   3.240,9999.000,9999.000,9999.000,9999.000,9999.000,9999.000,9999.000
202605300330,   2.668,   3.329,9999.000,9999.000,9999.000,9999.000,9999.000,9999.000,9999.000
202605300336,   2.735,   3.388,9999.000,9999.000,9999.000,9999.000,9999.000,9999.000,9999.000
202605300342,   2.806,   3.489,9999.000,9999.000,9999.000,9999.000,9999.000,9999.000,9999.000
202605300348,   2.879,   3.578,9999.000,9999.000,9999.000,9999.000,9999.000,9999.000,9999.000
202605300354,   2.955,   3.650,9999.000,9999.000,9999.000,9999.000,9999.000,9999.000,9999.000
202605300400,   3.033,   3.719,   0.600,   0.086,   3.719,   0.600,   3.719,   0.700,   3.819
202605300406,   3.114,   3.798,9999.000,9999.000,9999.000,9999.000,9999.000,9999.000,9999.000
202605300412,   3.197,   3.890,9999.000,9999.000,9999.000,9999.000,9999.000,9999.000,9999.000
202605300418,   3.281,   3.978,9999.000,9999.000,9999.000,9999.000,9999.000,9999.000,9999.000
202605300424,   3.366,   4.037,9999.000,9999.000,9999.000,9999.000,9999.000,9999.000,9999.000
202605300430,   3.452,   4.129,9999.000,9999.000,9999.000,9999.000,9999.000,9999.000,9999.000
202605300436,   3.540,   4.198,9999.000,9999.000,9999.000,9999.000,9999.000,9999.000,9999.000
202605300442,   3.627,   4.280,9999.000,9999.000,9999.000,9999.000,9999.000,9999.000,9999.000
202605300448,   3.715,   4.368,9999.000,9999.000,9999.000,9999.000,9999.000,9999.000,9999.000
202605300454,   3.803,   4.437,9999.000,9999.000,9999.000,9999.000,9999.000,9999.000,9999.000
202605300500,   3.890,   4.529,   0.600,   0.039,   4.529,   0.600,   4.529,   0.700,   4.629
202605300506,   3.977,   4.598,9999.000,9999.000,9999.000,9999.000,9999.000,9999.000,9999.000
202605300512,   4.063,   4.677,9999.000,9999.000,9999.000,9999.000,9999.000,9999.000,9999.000
202605300518,   4.148,   4.759,9999.000,9999.000,9999.000,9999.000,9999.000,9999.000,9999.000
202605300524,   4.232,   4.867,9999.000,9999.000,9999.000,9999.000,9999.000,9999.000,9999.000
202605300530,   4.314,   4.939,9999.000,9999.000,9999.000,9999.000,9999.000,9999.000,9999.000
202605300536,   4.394,   5.018,9999.000,9999.000,9999.000,9999.000,9999.000,9999.000,9999.000
202605300542,   4.473,   5.120,9999.000,9999.000,9999.000,9999.000,9999.000,9999.000,9999.000
202605300548,   4.549,   5.169,9999.000,9999.000,9999.000,9999.000,9999.000,9999.000,9999.000
202605300554,   4.623,   5.218,9999.000,9999.000,9999.000,9999.000,9999.000,9999.000,9999.000
202605300600,   4.695,   5.277,   0.600,  -0.018,   5.277,   0.600,   5.277,   0.600,   5.277
202605300606,   4.764,   5.329,9999.000,9999.000,9999.000,9999.000,9999.000,9999.000,9999.000
202605300612,   4.831,   5.379,9999.000,9999.000,9999.000,9999.000,9999.000,9999.000,9999.000
202605300618,   4.894,   5.448,9999.000,9999.000,9999.000,9999.000,9999.000,9999.000,9999.000
202605300624,   4.954,   5.497,9999.000,9999.000,9999.000,9999.000,9999.000,9999.000,9999.000
202605300630,   5.011,   5.549,9999.000,9999.000,9999.000,9999.000,9999.000,9999.000,9999.000
202605300636,   5.065,   5.598,9999.000,9999.000,9999.000,9999.000,9999.000,9999.000,9999.000
202605300642,   5.115,   5.638,9999.000,9999.000,9999.000,9999.000,9999.000,9999.000,9999.000
202605300648,   5.162,   5.707,9999.000,9999.000,9999.000,9999.000,9999.000,9999.000,9999.000
202605300654,   5.205,   5.759,9999.000,9999.000,9999.000,9999.000,9999.000,9999.000,9999.000
202605300700,   5.244,   5.818,   0.600,  -0.026,   5.818,   0.600,   5.818,   0.600,   5.818
202605300706,   5.279,   5.838,9999.000,9999.000,9999.000,9999.000,9999.000,9999.000,9999.000
202605300712,   5.310,   5.848,9999.000,9999.000,9999.000,9999.000,9999.000,9999.000,9999.000
202605300718,   5.337,   5.838,9999.000,9999.000,9999.000,9999.000,9999.000,9999.000,9999.000
202605300724,   5.360,   5.867,9999.000,9999.000,9999.000,9999.000,9999.000,9999.000,9999.000
202605300730,   5.378,   5.877,9999.000,9999.000,9999.000,9999.000,9999.000,9999.000,9999.000
202605300736,   5.391,   5.887,9999.000,9999.000,9999.000,9999.000,9999.000,9999.000,9999.000
202605300742,   5.401,   5.867,9999.000,9999.000,9999.000,9999.000,9999.000,9999.000,9999.000
202605300748,   5.405,   5.848,9999.000,9999.000,9999.000,9999.000,9999.000,9999.000,9999.000
202605300754,   5.405,   5.828,9999.000,9999.000,9999.000,9999.000,9999.000,9999.000,9999.000
202605300800,   5.400,   5.818,   0.600,  -0.182,   5.818,   0.600,   5.818,   0.600,   5.818
202605300806,   5.391,   5.789,9999.000,9999.000,9999.000,9999.000,9999.000,9999.000,9999.000
202605300812,   5.376,   5.769,9999.000,9999.000,9999.000,9999.000,9999.000,9999.000,9999.000
202605300818,   5.357,   5.749,9999.000,9999.000,9999.000,9999.000,9999.000,9999.000,9999.000
202605300824,   5.333,   5.730,9999.000,9999.000,9999.000,9999.000,9999.000,9999.000,9999.000
202605300830,   5.304,   5.717,9999.000,9999.000,9999.000,9999.000,9999.000,9999.000,9999.000
202605300836,   5.270,   5.687,9999.000,9999.000,9999.000,9999.000,9999.000,9999.000,9999.000
202605300842,   5.231,   5.648,9999.000,9999.000,9999.000,9999.000,9999.000,9999.000,9999.000
202605300848,   5.187,   5.589,9999.000,9999.000,9999.000,9999.000,9999.000,9999.000,9999.000
202605300854,   5.139,   5.559,9999.000,9999.000,9999.000,9999.000,9999.000,9999.000,9999.000
202605300900,   5.086,   5.467,   0.600,  -0.219,   5.467,   0.600,   5.467,   0.600,   5.467
202605300906,   5.028,   5.398,9999.000,9999.000,9999.000,9999.000,9999.000,9999.000,9999.000
202605300912,   4.965,   5.320,9999.000,9999.000,9999.000,9999.000,9999.000,9999.000,9999.000
202605300918,   4.897,   5.247,9999.000,9999.000,9999.000,9999.000,9999.000,9999.000,9999.000
202605300924,   4.825,   5.169,9999.000,9999.000,9999.000,9999.000,9999.000,9999.000,9999.000
202605300930,   4.749,   5.087,9999.000,9999.000,9999.000,9999.000,9999.000,9999.000,9999.000
202605300936,   4.668,   5.008,9999.000,9999.000,9999.000,9999.000,9999.000,9999.000,9999.000
202605300942,   4.583,   4.919,9999.000,9999.000,9999.000,9999.000,9999.000,9999.000,9999.000
202605300948,   4.494,   4.828,9999.000,9999.000,9999.000,9999.000,9999.000,9999.000,9999.000
202605300954,   4.401,   4.729,9999.000,9999.000,9999.000,9999.000,9999.000,9999.000,9999.000
202605301000,   4.304,   4.598,   0.600,  -0.306,   4.598,   0.600,   4.598,   0.600,   4.598
202605301006,   4.203,   4.490,9999.000,9999.000,9999.000,9999.000,9999.000,9999.000,9999.000
202605301012,   4.099,   4.388,9999.000,9999.000,9999.000,9999.000,9999.000,9999.000,9999.000
202605301018,   3.992,   4.280,9999.000,9999.000,9999.000,9999.000,9999.000,9999.000,9999.000
202605301024,   3.882,   4.168,9999.000,9999.000,9999.000,9999.000,9999.000,9999.000,9999.000
202605301030,   3.769,   4.047,9999.000,9999.000,9999.000,9999.000,9999.000,9999.000,9999.000
202605301036,   3.654,   3.929,9999.000,9999.000,9999.000,9999.000,9999.000,9999.000,9999.000
202605301042,   3.536,   3.817,9999.000,9999.000,9999.000,9999.000,9999.000,9999.000,9999.000
202605301048,   3.416,   3.699,9999.000,9999.000,9999.000,9999.000,9999.000,9999.000,9999.000
202605301054,   3.294,   3.578,9999.000,9999.000,9999.000,9999.000,9999.000,9999.000,9999.000
202605301100,   3.171,   3.460,   0.600,  -0.311,   3.460,   0.600,   3.460,   0.600,   3.460
202605301106,   3.046,   3.339,9999.000,9999.000,9999.000,9999.000,9999.000,9999.000,9999.000
202605301112,   2.921,   3.230,9999.000,9999.000,9999.000,9999.000,9999.000,9999.000,9999.000
202605301118,   2.795,   3.099,9999.000,9999.000,9999.000,9999.000,9999.000,9999.000,9999.000
202605301124,   2.668,   2.978,9999.000,9999.000,9999.000,9999.000,9999.000,9999.000,9999.000
202605301130,   2.541,   2.869,9999.000,9999.000,9999.000,9999.000,9999.000,9999.000,9999.000
202605301136,   2.415,   2.758,9999.000,9999.000,9999.000,9999.000,9999.000,9999.000,9999.000
202605301142,   2.288,   2.660,9999.000,9999.000,9999.000,9999.000,9999.000,9999.000,9999.000
202605301148,   2.162,   2.548,9999.000,9999.000,9999.000,9999.000,9999.000,9999.000,9999.000
202605301154,   2.037,   2.450,9999.000,9999.000,9999.000,9999.000,9999.000,9999.000,9999.000
202605301200,   1.913,   2.348,   0.500,  -0.065,   2.348,   0.500,   2.348,   0.500,   2.348
202605301206,   1.790,   2.250,9999.000,9999.000,9999.000,9999.000,9999.000,9999.000,9999.000
202605301212,   1.669,   2.158,9999.000,9999.000,9999.000,9999.000,9999.000,9999.000,9999.000
202605301218,   1.549,   2.069,9999.000,9999.000,9999.000,9999.000,9999.000,9999.000,9999.000
202605301224,   1.432,   1.990,9999.000,9999.000,9999.000,9999.000,9999.000,9999.000,9999.000
202605301230,   1.316,   1.899,9999.000,9999.000,9999.000,9999.000,9999.000,9999.000,9999.000
202605301236,   1.202,   1.810,9999.000,9999.000,9999.000,9999.000,9999.000,9999.000,9999.000
202605301242,   1.091,   1.738,9999.000,9999.000,9999.000,9999.000,9999.000,9999.000,9999.000
202605301248,   0.982,   1.649,9999.000,9999.000,9999.000,9999.000,9999.000,9999.000,9999.000
202605301254,   0.876,   1.600,9999.000,9999.000,9999.000,9999.000,9999.000,9999.000,9999.000
202605301300,   0.772,   1.518,   0.500,   0.246,   1.518,   0.500,   1.518,   0.500,   1.518
202605301306,   0.672,   1.459,9999.000,9999.000,9999.000,9999.000,9999.000,9999.000,9999.000
202605301312,   0.575,   1.390,9999.000,9999.000,9999.000,9999.000,9999.000,9999.000,9999.000
202605301318,   0.481,   1.318,9999.000,9999.000,9999.000,9999.000,9999.000,9999.000,9999.000
202605301324,   0.390,   1.249,9999.000,9999.000,9999.000,9999.000,9999.000,9999.000,9999.000
202605301330,   0.304,   1.170,9999.000,9999.000,9999.000,9999.000,9999.000,9999.000,9999.000
202605301336,   0.220,   1.098,9999.000,9999.000,9999.000,9999.000,9999.000,9999.000,9999.000
202605301342,   0.141,   1.029,9999.000,9999.000,9999.000,9999.000,9999.000,9999.000,9999.000
202605301348,   0.066,   0.951,9999.000,9999.000,9999.000,9999.000,9999.000,9999.000,9999.000
202605301354,  -0.004,   0.879,9999.000,9999.000,9999.000,9999.000,9999.000,9999.000,9999.000
202605301400,  -0.070,   0.810,   0.500,   0.380,   0.810,   0.500,   0.810,   0.500,   0.810
202605301406,  -0.132,   0.718,9999.000,9999.000,9999.000,9999.000,9999.000,9999.000,9999.000
202605301412,  -0.189,   0.659,9999.000,9999.000,9999.000,9999.000,9999.000,9999.000,9999.000
202605301418,  -0.241,   0.610,9999.000,9999.000,9999.000,9999.000,9999.000,9999.000,9999.000
202605301424,  -0.287,   0.541,9999.000,9999.000,9999.000,9999.000,9999.000,9999.000,9999.000
202605301430,  -0.329,   0.488,9999.000,9999.000,9999.000,9999.000,9999.000,9999.000,9999.000
202605301436,  -0.365,   0.429,9999.000,9999.000,9999.000,9999.000,9999.000,9999.000,9999.000
202605301442,  -0.395,   0.390,9999.000,9999.000,9999.000,9999.000,9999.000,9999.000,9999.000
202605301448,  -0.420,   0.341,9999.000,9999.000,9999.000,9999.000,9999.000,9999.000,9999.000
202605301454,  -0.439,   0.278,9999.000,9999.000,9999.000,9999.000,9999.000,9999.000,9999.000
202605301500,  -0.452,   0.239,   0.500,   0.191,   0.239,   0.500,   0.239,   0.500,   0.239
202605301506,  -0.459,   0.200,9999.000,9999.000,9999.000,9999.000,9999.000,9999.000,9999.000
202605301512,  -0.460,   0.150,9999.000,9999.000,9999.000,9999.000,9999.000,9999.000,9999.000
202605301518,  -0.455,   0.141,9999.000,9999.000,9999.000,9999.000,9999.000,9999.000,9999.000
202605301524,  -0.444,   0.098,9999.000,9999.000,9999.000,9999.000,9999.000,9999.000,9999.000
202605301530,  -0.427,   0.068,9999.000,9999.000,9999.000,9999.000,9999.000,9999.000,9999.000
202605301536,  -0.404,   0.049,9999.000,9999.000,9999.000,9999.000,9999.000,9999.000,9999.000
202605301542,  -0.376,   0.029,9999.000,9999.000,9999.000,9999.000,9999.000,9999.000,9999.000
202605301548,  -0.342,   0.029,9999.000,9999.000,9999.000,9999.000,9999.000,9999.000,9999.000
202605301554,  -0.302,   0.049,9999.000,9999.000,9999.000,9999.000,9999.000,9999.000,9999.000
202605301600,  -0.257,   0.059,   0.500,  -0.184,   0.059,   0.500,   0.059,   0.500,   0.059
202605301606,  -0.207,   0.088,9999.000,9999.000,9999.000,9999.000,9999.000,9999.000,9999.000
202605301612,  -0.152,   0.111,9999.000,9999.000,9999.000,9999.000,9999.000,9999.000,9999.000
202605301618,  -0.093,   0.141,9999.000,9999.000,9999.000,9999.000,9999.000,9999.000,9999.000
202605301624,  -0.028,   0.190,9999.000,9999.000,9999.000,9999.000,9999.000,9999.000,9999.000
202605301630,   0.039,   0.239,9999.000,9999.000,9999.000,9999.000,9999.000,9999.000,9999.000
202605301636,   0.111,   0.278,9999.000,9999.000,9999.000,9999.000,9999.000,9999.000,9999.000
202605301642,   0.187,   0.360,9999.000,9999.000,9999.000,9999.000,9999.000,9999.000,9999.000
202605301648,   0.266,   0.439,9999.000,9999.000,9999.000,9999.000,9999.000,9999.000,9999.000
202605301654,   0.348,   0.498,9999.000,9999.000,9999.000,9999.000,9999.000,9999.000,9999.000
202605301700,   0.433,   0.600,   0.400,  -0.233,   0.600,   0.400,   0.600,   0.500,   0.700
202605301706,   0.520,   0.688,9999.000,9999.000,9999.000,9999.000,9999.000,9999.000,9999.000
202605301712,   0.610,   0.790,9999.000,9999.000,9999.000,9999.000,9999.000,9999.000,9999.000
202605301718,   0.701,   0.898,9999.000,9999.000,9999.000,9999.000,9999.000,9999.000,9999.000
202605301724,   0.795,   1.020,9999.000,9999.000,9999.000,9999.000,9999.000,9999.000,9999.000
202605301730,   0.889,   1.128,9999.000,9999.000,9999.000,9999.000,9999.000,9999.000,9999.000
202605301736,   0.985,   1.229,9999.000,9999.000,9999.000,9999.000,9999.000,9999.000,9999.000
202605301742,   1.081,   1.328,9999.000,9999.000,9999.000,9999.000,9999.000,9999.000,9999.000
202605301748,   1.178,   1.439,9999.000,9999.000,9999.000,9999.000,9999.000,9999.000,9999.000
202605301754,   1.276,   1.548,9999.000,9999.000,9999.000,9999.000,9999.000,9999.000,9999.000
202605301800,   1.373,   1.639,   0.400,  -0.134,   1.639,   0.400,   1.639,   0.400,   1.639
202605301806,   1.471,   1.781,9999.000,9999.000,9999.000,9999.000,9999.000,9999.000,9999.000
202605301812,   1.568,   1.908,9999.000,9999.000,9999.000,9999.000,9999.000,9999.000,9999.000
202605301818,   1.665,   1.981,9999.000,9999.000,9999.000,9999.000,9999.000,9999.000,9999.000
202605301824,   1.762,   2.099,9999.000,9999.000,9999.000,9999.000,9999.000,9999.000,9999.000
202605301830,   1.857,   2.200,9999.000,9999.000,9999.000,9999.000,9999.000,9999.000,9999.000
202605301836,   1.952,   2.299,9999.000,9999.000,9999.000,9999.000,9999.000,9999.000,9999.000
202605301842,   2.045,   2.400,9999.000,9999.000,9999.000,9999.000,9999.000,9999.000,9999.000
202605301848,   2.137,   2.509,9999.000,9999.000,9999.000,9999.000,9999.000,9999.000,9999.000
202605301854,   2.228,   2.650,9999.000,9999.000,9999.000,9999.000,9999.000,9999.000,9999.000
202605301900,   2.317,   2.738,   0.400,   0.021,   2.738,   0.400,   2.738,   0.400,   2.738
202605301906,   2.405,   2.850,9999.000,9999.000,9999.000,9999.000,9999.000,9999.000,9999.000
202605301912,   2.490,   2.978,9999.000,9999.000,9999.000,9999.000,9999.000,9999.000,9999.000
202605301918,   2.573,   3.079,9999.000,9999.000,9999.000,9999.000,9999.000,9999.000,9999.000
202605301924,   2.655,   3.178,9999.000,9999.000,9999.000,9999.000,9999.000,9999.000,9999.000
202605301930,   2.734,   3.299,9999.000,9999.000,9999.000,9999.000,9999.000,9999.000,9999.000
202605301936,   2.810,   3.378,9999.000,9999.000,9999.000,9999.000,9999.000,9999.000,9999.000
202605301942,   2.884,   3.440,9999.000,9999.000,9999.000,9999.000,9999.000,9999.000,9999.000
202605301948,   2.955,   3.539,9999.000,9999.000,9999.000,9999.000,9999.000,9999.000,9999.000
202605301954,   3.024,   3.617,9999.000,9999.000,9999.000,9999.000,9999.000,9999.000,9999.000
202605302000,   3.089,   3.689,   0.400,   0.200,   3.689,   0.400,   3.689,   0.400,   3.689
202605302006,   3.152,   3.798,9999.000,9999.000,9999.000,9999.000,9999.000,9999.000,9999.000
202605302012,   3.211,   3.870,9999.000,9999.000,9999.000,9999.000,9999.000,9999.000,9999.000
202605302018,   3.267,   3.929,9999.000,9999.000,9999.000,9999.000,9999.000,9999.000,9999.000
202605302024,   3.320,   3.978,9999.000,9999.000,9999.000,9999.000,9999.000,9999.000,9999.000
202605302030,   3.370,   4.047,9999.000,9999.000,9999.000,9999.000,9999.000,9999.000,9999.000
202605302036,   3.416,   4.099,9999.000,9999.000,9999.000,9999.000,9999.000,9999.000,9999.000
202605302042,   3.459,   4.178,9999.000,9999.000,9999.000,9999.000,9999.000,9999.000,9999.000
202605302048,   3.498,   4.247,9999.000,9999.000,9999.000,9999.000,9999.000,9999.000,9999.000
202605302054,   3.533,   4.319,9999.000,9999.000,9999.000,9999.000,9999.000,9999.000,9999.000
202605302100,   3.565,   4.319,   0.400,   0.354,   4.319,   0.400,   4.319,   0.400,   4.319
202605302106,   3.593,   4.368,9999.000,9999.000,9999.000,9999.000,9999.000,9999.000,9999.000
202605302112,   3.617,   4.408,9999.000,9999.000,9999.000,9999.000,9999.000,9999.000,9999.000
202605302118,   3.638,   4.418,9999.000,9999.000,9999.000,9999.000,9999.000,9999.000,9999.000
202605302124,   3.655,   4.447,9999.000,9999.000,9999.000,9999.000,9999.000,9999.000,9999.000
202605302130,   3.668,   4.480,9999.000,9999.000,9999.000,9999.000,9999.000,9999.000,9999.000
202605302136,   3.677,   4.500,9999.000,9999.000,9999.000,9999.000,9999.000,9999.000,9999.000
202605302142,   3.683,   4.529,9999.000,9999.000,9999.000,9999.000,9999.000,9999.000,9999.000
202605302148,   3.685,   4.519,9999.000,9999.000,9999.000,9999.000,9999.000,9999.000,9999.000
202605302154,   3.683,   4.519,9999.000,9999.000,9999.000,9999.000,9999.000,9999.000,9999.000
202605302200,   3.678,   4.509,   0.400,   0.431,   4.509,   0.400,   4.509,   0.400,   4.509
202605302206,   3.670,   4.519,9999.000,9999.000,9999.000,9999.000,9999.000,9999.000,9999.000
202605302212,   3.657,   4.529,9999.000,9999.000,9999.000,9999.000,9999.000,9999.000,9999.000
202605302218,   3.642,   4.539,9999.000,9999.000,9999.000,9999.000,9999.000,9999.000,9999.000
202605302224,   3.623,   4.559,9999.000,9999.000,9999.000,9999.000,9999.000,9999.000,9999.000
202605302230,   3.602,   4.549,9999.000,9999.000,9999.000,9999.000,9999.000,9999.000,9999.000
202605302236,   3.577,   4.539,9999.000,9999.000,9999.000,9999.000,9999.000,9999.000,9999.000
202605302242,   3.550,   4.509,9999.000,9999.000,9999.000,9999.000,9999.000,9999.000,9999.000
202605302248,   3.520,   4.519,9999.000,9999.000,9999.000,9999.000,9999.000,9999.000,9999.000
202605302254,   3.487,   4.519,9999.000,9999.000,9999.000,9999.000,9999.000,9999.000,9999.000
202605302300,   3.453,   4.480,   0.400,   0.627,   4.480,   0.400,   4.480,   0.400,   4.480
202605302306,   3.416,   4.447,9999.000,9999.000,9999.000,9999.000,9999.000,9999.000,9999.000
202605302312,   3.378,   4.398,9999.000,9999.000,9999.000,9999.000,9999.000,9999.000,9999.000
202605302318,   3.337,   4.349,9999.000,9999.000,9999.000,9999.000,9999.000,9999.000,9999.000
202605302324,   3.296,   4.309,9999.000,9999.000,9999.000,9999.000,9999.000,9999.000,9999.000
202605302330,   3.253,   4.267,9999.000,9999.000,9999.000,9999.000,9999.000,9999.000,9999.000
202605302336,   3.210,   4.218,9999.000,9999.000,9999.000,9999.000,9999.000,9999.000,9999.000
202605302342,   3.165,   4.188,9999.000,9999.000,9999.000,9999.000,9999.000,9999.000,9999.000
202605302348,   3.120,   4.149,9999.000,9999.000,9999.000,9999.000,9999.000,9999.000,9999.000
202605302354,   3.075,   4.099,9999.000,9999.000,9999.000,9999.000,9999.000,9999.000,9999.000
202605310000,   3.030,   4.037,   0.500,   0.507,   4.037,   0.500,   4.037,   0.600,   4.137
202605310006,   2.985,   3.988,9999.000,9999.000,9999.000,9999.000,9999.000,9999.000,9999.000
202605310012,   2.940,   3.939,9999.000,9999.000,9999.000,9999.000,9999.000,9999.000,9999.000
202605310018,   2.896,   3.890,9999.000,9999.000,9999.000,9999.000,9999.000,9999.000,9999.000
202605310024,   2.852,   3.847,9999.000,9999.000,9999.000,9999.000,9999.000,9999.000,9999.000
202605310030,   2.809,   3.788,9999.000,9999.000,9999.000,9999.000,9999.000,9999.000,9999.000
202605310036,   2.767,   3.739,9999.000,9999.000,9999.000,9999.000,9999.000,9999.000,9999.000
202605310042,   2.726,   3.680,9999.000,9999.000,9999.000,9999.000,9999.000,9999.000,9999.000
202605310048,   2.687,   3.607,9999.000,9999.000,9999.000,9999.000,9999.000,9999.000,9999.000
202605310054,   2.648,   3.548,9999.000,9999.000,9999.000,9999.000,9999.000,9999.000,9999.000
202605310100,   2.612,   3.470,   0.500,   0.358,   3.470,   0.500,   3.470,   0.600,   3.570
202605310106,   2.576,   3.417,9999.000,9999.000,9999.000,9999.000,9999.000,9999.000,9999.000
202605310112,   2.543,   3.358,9999.000,9999.000,9999.000,9999.000,9999.000,9999.000,9999.000
202605310118,   2.511,   3.309,9999.000,9999.000,9999.000,9999.000,9999.000,9999.000,9999.000
202605310124,   2.481,   3.260,9999.000,9999.000,9999.000,9999.000,9999.000,9999.000,9999.000
202605310130,   2.453,   3.217,9999.000,9999.000,9999.000,9999.000,9999.000,9999.000,9999.000
202605310136,   2.427,   3.158,9999.000,9999.000,9999.000,9999.000,9999.000,9999.000,9999.000
202605310142,   2.403,   3.138,9999.000,9999.000,9999.000,9999.000,9999.000,9999.000,9999.000
202605310148,   2.381,   3.109,9999.000,9999.000,9999.000,9999.000,9999.000,9999.000,9999.000
202605310154,   2.362,   3.089,9999.000,9999.000,9999.000,9999.000,9999.000,9999.000,9999.000
202605310200,   2.345,   3.040,   0.500,   0.195,   3.040,   0.500,   3.040,   0.600,   3.140
202605310206,   2.331,   3.030,9999.000,9999.000,9999.000,9999.000,9999.000,9999.000,9999.000
202605310212,   2.319,   2.997,9999.000,9999.000,9999.000,9999.000,9999.000,9999.000,9999.000
202605310218,   2.310,   2.988,9999.000,9999.000,9999.000,9999.000,9999.000,9999.000,9999.000
202605310224,   2.305,   2.968,9999.000,9999.000,9999.000,9999.000,9999.000,9999.000,9999.000
202605310230,   2.302,   2.948,9999.000,9999.000,9999.000,9999.000,9999.000,9999.000,9999.000
202605310236,   2.302,   2.938,9999.000,9999.000,9999.000,9999.000,9999.000,9999.000,9999.000
202605310242,   2.306,   2.948,9999.000,9999.000,9999.000,9999.000,9999.000,9999.000,9999.000
202605310248,   2.313,   2.938,9999.000,9999.000,9999.000,9999.000,9999.000,9999.000,9999.000
202605310254,   2.324,   2.958,9999.000,9999.000,9999.000,9999.000,9999.000,9999.000,9999.000
202605310300,   2.338,   2.958,   0.500,   0.120,   2.958,   0.500,   2.958,   0.600,   3.058
202605310306,   2.356,   2.968,9999.000,9999.000,9999.000,9999.000,9999.000,9999.000,9999.000
202605310312,   2.379,   2.997,9999.000,9999.000,9999.000,9999.000,9999.000,9999.000,9999.000
202605310318,   2.405,   3.040,9999.000,9999.000,9999.000,9999.000,9999.000,9999.000,9999.000
202605310324,   2.435,   3.099,9999.000,9999.000,9999.000,9999.000,9999.000,9999.000,9999.000
202605310330,   2.469,   3.138,9999.000,9999.000,9999.000,9999.000,9999.000,9999.000,9999.000
202605310336,   2.507,   3.188,9999.000,9999.000,9999.000,9999.000,9999.000,9999.000,9999.000
202605310342,   2.549,   3.240,9999.000,9999.000,9999.000,9999.000,9999.000,9999.000,9999.000
202605310348,   2.595,   3.299,9999.000,9999.000,9999.000,9999.000,9999.000,9999.000,9999.000
202605310354,   2.644,   3.358,9999.000,9999.000,9999.000,9999.000,9999.000,9999.000,9999.000
202605310400,   2.698,   3.407,   0.500,   0.209,   3.407,   0.500,   3.407,   0.600,   3.507
202605310406,   2.756,   3.470,9999.000,9999.000,9999.000,9999.000,9999.000,9999.000,9999.000
202605310412,   2.817,   3.548,9999.000,9999.000,9999.000,9999.000,9999.000,9999.000,9999.000
202605310418,   2.881,   3.588,9999.000,9999.000,9999.000,9999.000,9999.000,9999.000,9999.000
202605310424,   2.949,   3.689,9999.000,9999.000,9999.000,9999.000,9999.000,9999.000,9999.000
202605310430,   3.019,   3.758,9999.000,9999.000,9999.000,9999.000,9999.000,9999.000,9999.000
202605310436,   3.092,   3.827,9999.000,9999.000,9999.000,9999.000,9999.000,9999.000,9999.000
202605310442,   3.168,   3.909,9999.000,9999.000,9999.000,9999.000,9999.000,9999.000,9999.000
202605310448,   3.246,   3.998,9999.000,9999.000,9999.000,9999.000,9999.000,9999.000,9999.000
202605310454,   3.326,   4.099,9999.000,9999.000,9999.000,9999.000,9999.000,9999.000,9999.000
202605310500,   3.408,   4.168,   0.500,   0.260,   4.168,   0.500,   4.168,   0.600,   4.268
202605310506,   3.490,   4.257,9999.000,9999.000,9999.000,9999.000,9999.000,9999.000,9999.000
202605310512,   3.574,   4.349,9999.000,9999.000,9999.000,9999.000,9999.000,9999.000,9999.000
202605310518,   3.659,   4.437,9999.000,9999.000,9999.000,9999.000,9999.000,9999.000,9999.000
202605310524,   3.744,   4.519,9999.000,9999.000,9999.000,9999.000,9999.000,9999.000,9999.000
202605310530,   3.830,   4.608,9999.000,9999.000,9999.000,9999.000,9999.000,9999.000,9999.000
202605310536,   3.915,   4.700,9999.000,9999.000,9999.000,9999.000,9999.000,9999.000,9999.000
202605310542,   4.000,   4.769,9999.000,9999.000,9999.000,9999.000,9999.000,9999.000,9999.000
202605310548,   4.084,   4.847,9999.000,9999.000,9999.000,9999.000,9999.000,9999.000,9999.000
202605310554,   4.167,   4.910,9999.000,9999.000,9999.000,9999.000,9999.000,9999.000,9999.000
202605310600,   4.249,   4.910,   0.500,   0.161,   4.910,   0.500,   4.910,   0.600,   5.010
202605310606,   4.330,9999.000,9999.000,9999.000,9999.000,9999.000,9999.000,9999.000,9999.000
202605310612,   4.409,9999.000,9999.000,9999.000,9999.000,9999.000,9999.000,9999.000,9999.000
202605310618,   4.486,9999.000,9999.000,9999.000,9999.000,9999.000,9999.000,9999.000,9999.000
202605310624,   4.560,9999.000,9999.000,9999.000,9999.000,9999.000,9999.000,9999.000,9999.000
202605310630,   4.633,9999.000,9999.000,9999.000,9999.000,9999.000,9999.000,9999.000,9999.000
202605310636,   4.703,9999.000,9999.000,9999.000,9999.000,9999.000,9999.000,9999.000,9999.000
202605310642,   4.770,9999.000,9999.000,9999.000,9999.000,9999.000,9999.000,9999.000,9999.000
202605310648,   4.835,9999.000,9999.000,9999.000,9999.000,9999.000,9999.000,9999.000,9999.000
202605310654,   4.896,9999.000,9999.000,9999.000,9999.000,9999.000,9999.000,9999.000,9999.000
202605310700,   4.955,9999.000,   0.500,   0.150,   5.605,   0.500,   5.605,   0.600,   5.705
202605310706,   5.010,9999.000,9999.000,9999.000,9999.000,9999.000,9999.000,9999.000,9999.000
202605310712,   5.062,9999.000,9999.000,9999.000,9999.000,9999.000,9999.000,9999.000,9999.000
202605310718,   5.110,9999.000,9999.000,9999.000,9999.000,9999.000,9999.000,9999.000,9999.000
202605310724,   5.155,9999.000,9999.000,9999.000,9999.000,9999.000,9999.000,9999.000,9999.000
202605310730,   5.195,9999.000,9999.000,9999.000,9999.000,9999.000,9999.000,9999.000,9999.000
202605310736,   5.232,9999.000,9999.000,9999.000,9999.000,9999.000,9999.000,9999.000,9999.000
202605310742,   5.265,9999.000,9999.000,9999.000,9999.000,9999.000,9999.000,9999.000,9999.000
202605310748,   5.294,9999.000,9999.000,9999.000,9999.000,9999.000,9999.000,9999.000,9999.000
202605310754,   5.319,9999.000,9999.000,9999.000,9999.000,9999.000,9999.000,9999.000,9999.000
202605310800,   5.340,9999.000,   0.500,   0.138,   5.978,   0.500,   5.978,   0.600,   6.078
202605310806,   5.356,9999.000,9999.000,9999.000,9999.000,9999.000,9999.000,9999.000,9999.000
202605310812,   5.368,9999.000,9999.000,9999.000,9999.000,9999.000,9999.000,9999.000,9999.000
202605310818,   5.375,9999.000,9999.000,9999.000,9999.000,9999.000,9999.000,9999.000,9999.000
202605310824,   5.378,9999.000,9999.000,9999.000,9999.000,9999.000,9999.000,9999.000,9999.000
202605310830,   5.377,9999.000,9999.000,9999.000,9999.000,9999.000,9999.000,9999.000,9999.000
202605310836,   5.370,9999.000,9999.000,9999.000,9999.000,9999.000,9999.000,9999.000,9999.000
202605310842,   5.360,9999.000,9999.000,9999.000,9999.000,9999.000,9999.000,9999.000,9999.000
202605310848,   5.344,9999.000,9999.000,9999.000,9999.000,9999.000,9999.000,9999.000,9999.000
202605310854,   5.324,9999.000,9999.000,9999.000,9999.000,9999.000,9999.000,9999.000,9999.000
202605310900,   5.298,9999.000,   0.500,   0.127,   5.925,   0.500,   5.925,   0.600,   6.025
202605310906,   5.269,9999.000,9999.000,9999.000,9999.000,9999.000,9999.000,9999.000,9999.000
202605310912,   5.234,9999.000,9999.000,9999.000,9999.000,9999.000,9999.000,9999.000,9999.000
202605310918,   5.194,9999.000,9999.000,9999.000,9999.000,9999.000,9999.000,9999.000,9999.000
202605310924,   5.150,9999.000,9999.000,9999.000,9999.000,9999.000,9999.000,9999.000,9999.000
202605310930,   5.101,9999.000,9999.000,9999.000,9999.000,9999.000,9999.000,9999.000,9999.000
202605310936,   5.048,9999.000,9999.000,9999.000,9999.000,9999.000,9999.000,9999.000,9999.000
202605310942,   4.989,9999.000,9999.000,9999.000,9999.000,9999.000,9999.000,9999.000,9999.000
202605310948,   4.926,9999.000,9999.000,9999.000,9999.000,9999.000,9999.000,9999.000,9999.000
202605310954,   4.858,9999.000,9999.000,9999.000,9999.000,9999.000,9999.000,9999.000,9999.000
202605311000,   4.786,9999.000,   0.500,   0.115,   5.401,   0.500,   5.401,   0.500,   5.401
202605311006,   4.710,9999.000,9999.000,9999.000,9999.000,9999.000,9999.000,9999.000,9999.000
202605311012,   4.629,9999.000,9999.000,9999.000,9999.000,9999.000,9999.000,9999.000,9999.000
202605311018,   4.544,9999.000,9999.000,9999.000,9999.000,9999.000,9999.000,9999.000,9999.000
202605311024,   4.454,9999.000,9999.000,9999.000,9999.000,9999.000,9999.000,9999.000,9999.000
202605311030,   4.361,9999.000,9999.000,9999.000,9999.000,9999.000,9999.000,9999.000,9999.000
202605311036,   4.264,9999.000,9999.000,9999.000,9999.000,9999.000,9999.000,9999.000,9999.000
202605311042,   4.163,9999.000,9999.000,9999.000,9999.000,9999.000,9999.000,9999.000,9999.000
202605311048,   4.059,9999.000,9999.000,9999.000,9999.000,9999.000,9999.000,9999.000,9999.000
202605311054,   3.951,9999.000,9999.000,9999.000,9999.000,9999.000,9999.000,9999.000,9999.000
202605311100,   3.841,9999.000,   0.500,   0.104,   4.445,   0.500,   4.445,   0.500,   4.445
202605311106,   3.727,9999.000,9999.000,9999.000,9999.000,9999.000,9999.000,9999.000,9999.000
202605311112,   3.611,9999.000,9999.000,9999.000,9999.000,9999.000,9999.000,9999.000,9999.000
202605311118,   3.493,9999.000,9999.000,9999.000,9999.000,9999.000,9999.000,9999.000,9999.000
202605311124,   3.372,9999.000,9999.000,9999.000,9999.000,9999.000,9999.000,9999.000,9999.000
202605311130,   3.249,9999.000,9999.000,9999.000,9999.000,9999.000,9999.000,9999.000,9999.000
202605311136,   3.125,9999.000,9999.000,9999.000,9999.000,9999.000,9999.000,9999.000,9999.000
202605311142,   3.000,9999.000,9999.000,9999.000,9999.000,9999.000,9999.000,9999.000,9999.000
202605311148,   2.873,9999.000,9999.000,9999.000,9999.000,9999.000,9999.000,9999.000,9999.000
202605311154,   2.746,9999.000,9999.000,9999.000,9999.000,9999.000,9999.000,9999.000,9999.000
202605311200,   2.618,9999.000,   0.500,   0.092,   3.210,   0.500,   3.210,   0.600,   3.310
202605311206,   2.490,9999.000,9999.000,9999.000,9999.000,9999.000,9999.000,9999.000,9999.000
202605311212,   2.362,9999.000,9999.000,9999.000,9999.000,9999.000,9999.000,9999.000,9999.000
202605311218,   2.234,9999.000,9999.000,9999.000,9999.000,9999.000,9999.000,9999.000,9999.000
202605311224,   2.107,9999.000,9999.000,9999.000,9999.000,9999.000,9999.000,9999.000,9999.000
202605311230,   1.981,9999.000,9999.000,9999.000,9999.000,9999.000,9999.000,9999.000,9999.000
202605311236,   1.856,9999.000,9999.000,9999.000,9999.000,9999.000,9999.000,9999.000,9999.000
202605311242,   1.732,9999.000,9999.000,9999.000,9999.000,9999.000,9999.000,9999.000,9999.000
202605311248,   1.610,9999.000,9999.000,9999.000,9999.000,9999.000,9999.000,9999.000,9999.000
202605311254,   1.489,9999.000,9999.000,9999.000,9999.000,9999.000,9999.000,9999.000,9999.000
202605311300,   1.371,9999.000,   0.500,   0.081,   1.952,   0.500,   1.952,   0.500,   1.952
202605311306,   1.254,9999.000,9999.000,9999.000,9999.000,9999.000,9999.000,9999.000,9999.000
202605311312,   1.140,9999.000,9999.000,9999.000,9999.000,9999.000,9999.000,9999.000,9999.000
202605311318,   1.028,9999.000,9999.000,9999.000,9999.000,9999.000,9999.000,9999.000,9999.000
202605311324,   0.919,9999.000,9999.000,9999.000,9999.000,9999.000,9999.000,9999.000,9999.000
202605311330,   0.813,9999.000,9999.000,9999.000,9999.000,9999.000,9999.000,9999.000,9999.000
202605311336,   0.710,9999.000,9999.000,9999.000,9999.000,9999.000,9999.000,9999.000,9999.000
202605311342,   0.609,9999.000,9999.000,9999.000,9999.000,9999.000,9999.000,9999.000,9999.000
202605311348,   0.512,9999.000,9999.000,9999.000,9999.000,9999.000,9999.000,9999.000,9999.000
202605311354,   0.418,9999.000,9999.000,9999.000,9999.000,9999.000,9999.000,9999.000,9999.000
202605311400,   0.327,9999.000,   0.500,   0.070,   0.897,   0.500,   0.897,   0.500,   0.897
202605311406,   0.240,9999.000,9999.000,9999.000,9999.000,9999.000,9999.000,9999.000,9999.000
202605311412,   0.157,9999.000,9999.000,9999.000,9999.000,9999.000,9999.000,9999.000,9999.000
202605311418,   0.077,9999.000,9999.000,9999.000,9999.000,9999.000,9999.000,9999.000,9999.000
202605311424,   0.001,9999.000,9999.000,9999.000,9999.000,9999.000,9999.000,9999.000,9999.000
202605311430,  -0.069,9999.000,9999.000,9999.000,9999.000,9999.000,9999.000,9999.000,9999.000
202605311436,  -0.136,9999.000,9999.000,9999.000,9999.000,9999.000,9999.000,9999.000,9999.000
202605311442,  -0.199,9999.000,9999.000,9999.000,9999.000,9999.000,9999.000,9999.000,9999.000
202605311448,  -0.258,9999.000,9999.000,9999.000,9999.000,9999.000,9999.000,9999.000,9999.000
202605311454,  -0.311,9999.000,9999.000,9999.000,9999.000,9999.000,9999.000,9999.000,9999.000
202605311500,  -0.360,9999.000,   0.500,   0.058,   0.198,   0.500,   0.198,   0.600,   0.298
202605311506,  -0.403,9999.000,9999.000,9999.000,9999.000,9999.000,9999.000,9999.000,9999.000
202605311512,  -0.442,9999.000,9999.000,9999.000,9999.000,9999.000,9999.000,9999.000,9999.000
202605311518,  -0.475,9999.000,9999.000,9999.000,9999.000,9999.000,9999.000,9999.000,9999.000
202605311524,  -0.502,9999.000,9999.000,9999.000,9999.000,9999.000,9999.000,9999.000,9999.000
202605311530,  -0.524,9999.000,9999.000,9999.000,9999.000,9999.000,9999.000,9999.000,9999.000
202605311536,  -0.541,9999.000,9999.000,9999.000,9999.000,9999.000,9999.000,9999.000,9999.000
202605311542,  -0.551,9999.000,9999.000,9999.000,9999.000,9999.000,9999.000,9999.000,9999.000
202605311548,  -0.556,9999.000,9999.000,9999.000,9999.000,9999.000,9999.000,9999.000,9999.000
202605311554,  -0.554,9999.000,9999.000,9999.000,9999.000,9999.000,9999.000,9999.000,9999.000
202605311600,  -0.547,9999.000,   0.500,   0.047,  -0.000,   0.500,  -0.000,   0.600,   0.100
202605311606,  -0.533,9999.000,9999.000,9999.000,9999.000,9999.000,9999.000,9999.000,9999.000
202605311612,  -0.514,9999.000,9999.000,9999.000,9999.000,9999.000,9999.000,9999.000,9999.000
202605311618,  -0.488,9999.000,9999.000,9999.000,9999.000,9999.000,9999.000,9999.000,9999.000
202605311624,  -0.457,9999.000,9999.000,9999.000,9999.000,9999.000,9999.000,9999.000,9999.000
202605311630,  -0.420,9999.000,9999.000,9999.000,9999.000,9999.000,9999.000,9999.000,9999.000
202605311636,  -0.378,9999.000,9999.000,9999.000,9999.000,9999.000,9999.000,9999.000,9999.000
202605311642,  -0.330,9999.000,9999.000,9999.000,9999.000,9999.000,9999.000,9999.000,9999.000
202605311648,  -0.276,9999.000,9999.000,9999.000,9999.000,9999.000,9999.000,9999.000,9999.000
202605311654,  -0.218,9999.000,9999.000,9999.000,9999.000,9999.000,9999.000,9999.000,9999.000
202605311700,  -0.155,9999.000,   0.500,   0.035,   0.380,   0.500,   0.380,   0.600,   0.480
202605311706,  -0.087,9999.000,9999.000,9999.000,9999.000,9999.000,9999.000,9999.000,9999.000
202605311712,  -0.015,9999.000,9999.000,9999.000,9999.000,9999.000,9999.000,9999.000,9999.000
202605311718,   0.060,9999.000,9999.000,9999.000,9999.000,9999.000,9999.000,9999.000,9999.000
202605311724,   0.140,9999.000,9999.000,9999.000,9999.000,9999.000,9999.000,9999.000,9999.000
202605311730,   0.223,9999.000,9999.000,9999.000,9999.000,9999.000,9999.000,9999.000,9999.000
202605311736,   0.309,9999.000,9999.000,9999.000,9999.000,9999.000,9999.000,9999.000,9999.000
202605311742,   0.398,9999.000,9999.000,9999.000,9999.000,9999.000,9999.000,9999.000,9999.000
202605311748,   0.490,9999.000,9999.000,9999.000,9999.000,9999.000,9999.000,9999.000,9999.000
202605311754,   0.584,9999.000,9999.000,9999.000,9999.000,9999.000,9999.000,9999.000,9999.000
202605311800,   0.680,9999.000,   0.500,   0.024,   1.204,   0.500,   1.204,   0.600,   1.304
202605311806,   0.777,9999.000,9999.000,9999.000,9999.000,9999.000,9999.000,9999.000,9999.000
202605311812,   0.876,9999.000,9999.000,9999.000,9999.000,9999.000,9999.000,9999.000,9999.000
202605311818,   0.975,9999.000,9999.000,9999.000,9999.000,9999.000,9999.000,9999.000,9999.000
202605311824,   1.076,9999.000,9999.000,9999.000,9999.000,9999.000,9999.000,9999.000,9999.000
202605311830,   1.177,9999.000,9999.000,9999.000,9999.000,9999.000,9999.000,9999.000,9999.000
202605311836,   1.278,9999.000,9999.000,9999.000,9999.000,9999.000,9999.000,9999.000,9999.000
202605311842,   1.379,9999.000,9999.000,9999.000,9999.000,9999.000,9999.000,9999.000,9999.000
202605311848,   1.480,9999.000,9999.000,9999.000,9999.000,9999.000,9999.000,9999.000,9999.000
202605311854,   1.581,9999.000,9999.000,9999.000,9999.000,9999.000,9999.000,9999.000,9999.000
202605311900,   1.681,9999.000,   0.500,   0.024,   2.205,   0.500,   2.205,   0.600,   2.305
202605311906,   1.780,9999.000,9999.000,9999.000,9999.000,9999.000,9999.000,9999.000,9999.000
202605311912,   1.879,9999.000,9999.000,9999.000,9999.000,9999.000,9999.000,9999.000,9999.000
202605311918,   1.976,9999.000,9999.000,9999.000,9999.000,9999.000,9999.000,9999.000,9999.000
202605311924,   2.072,9999.000,9999.000,9999.000,9999.000,9999.000,9999.000,9999.000,9999.000
202605311930,   2.166,9999.000,9999.000,9999.000,9999.000,9999.000,9999.000,9999.000,9999.000
202605311936,   2.259,9999.000,9999.000,9999.000,9999.000,9999.000,9999.000,9999.000,9999.000
202605311942,   2.350,9999.000,9999.000,9999.000,9999.000,9999.000,9999.000,9999.000,9999.000
202605311948,   2.440,9999.000,9999.000,9999.000,9999.000,9999.000,9999.000,9999.000,9999.000
202605311954,   2.527,9999.000,9999.000,9999.000,9999.000,9999.000,9999.000,9999.000,9999.000
202605312000,   2.612,9999.000,   0.500,   0.024,   3.136,   0.500,   3.136,   0.600,   3.236
202605312006,   2.695,9999.000,9999.000,9999.000,9999.000,9999.000,9999.000,9999.000,9999.000
202605312012,   2.775,9999.000,9999.000,9999.000,9999.000,9999.000,9999.000,9999.000,9999.000
202605312018,   2.853,9999.000,9999.000,9999.000,9999.000,9999.000,9999.000,9999.000,9999.000
202605312024,   2.928,9999.000,9999.000,9999.000,9999.000,9999.000,9999.000,9999.000,9999.000
202605312030,   3.001,9999.000,9999.000,9999.000,9999.000,9999.000,9999.000,9999.000,9999.000
202605312036,   3.071,9999.000,9999.000,9999.000,9999.000,9999.000,9999.000,9999.000,9999.000
202605312042,   3.138,9999.000,9999.000,9999.000,9999.000,9999.000,9999.000,9999.000,9999.000
202605312048,   3.201,9999.000,9999.000,9999.000,9999.000,9999.000,9999.000,9999.000,9999.000
202605312054,   3.262,9999.000,9999.000,9999.000,9999.000,9999.000,9999.000,9999.000,9999.000
202605312100,   3.319,9999.000,   0.500,   0.024,   3.843,   0.500,   3.843,   0.600,   3.943
202605312106,   3.374,9999.000,9999.000,9999.000,9999.000,9999.000,9999.000,9999.000,9999.000
202605312112,   3.424,9999.000,9999.000,9999.000,9999.000,9999.000,9999.000,9999.000,9999.000
202605312118,   3.472,9999.000,9999.000,9999.000,9999.000,9999.000,9999.000,9999.000,9999.000
202605312124,   3.516,9999.000,9999.000,9999.000,9999.000,9999.000,9999.000,9999.000,9999.000
202605312130,   3.556,9999.000,9999.000,9999.000,9999.000,9999.000,9999.000,9999.000,9999.000
202605312136,   3.593,9999.000,9999.000,9999.000,9999.000,9999.000,9999.000,9999.000,9999.000
202605312142,   3.626,9999.000,9999.000,9999.000,9999.000,9999.000,9999.000,9999.000,9999.000
202605312148,   3.655,9999.000,9999.000,9999.000,9999.000,9999.000,9999.000,9999.000,9999.000
202605312154,   3.680,9999.000,9999.000,9999.000,9999.000,9999.000,9999.000,9999.000,9999.000
202605312200,   3.702,9999.000,   0.500,   0.024,   4.226,   0.500,   4.226,   0.600,   4.326
202605312206,   3.720,9999.000,9999.000,9999.000,9999.000,9999.000,9999.000,9999.000,9999.000
202605312212,   3.735,9999.000,9999.000,9999.000,9999.000,9999.000,9999.000,9999.000,9999.000
202605312218,   3.745,9999.000,9999.000,9999.000,9999.000,9999.000,9999.000,9999.000,9999.000
202605312224,   3.752,9999.000,9999.000,9999.000,9999.000,9999.000,9999.000,9999.000,9999.000
202605312230,   3.756,9999.000,9999.000,9999.000,9999.000,9999.000,9999.000,9999.000,9999.000
202605312236,   3.755,9999.000,9999.000,9999.000,9999.000,9999.000,9999.000,9999.000,9999.000
202605312242,   3.751,9999.000,9999.000,9999.000,9999.000,9999.000,9999.000,9999.000,9999.000
202605312248,   3.744,9999.000,9999.000,9999.000,9999.000,9999.000,9999.000,9999.000,9999.000
202605312254,   3.733,9999.000,9999.000,9999.000,9999.000,9999.000,9999.000,9999.000,9999.000
202605312300,   3.719,9999.000,   0.500,   0.024,   4.243,   0.500,   4.243,   0.600,   4.343
202605312306,   3.702,9999.000,9999.000,9999.000,9999.000,9999.000,9999.000,9999.000,9999.000
202605312312,   3.681,9999.000,9999.000,9999.000,9999.000,9999.000,9999.000,9999.000,9999.000
202605312318,   3.658,9999.000,9999.000,9999.000,9999.000,9999.000,9999.000,9999.000,9999.000
202605312324,   3.632,9999.000,9999.000,9999.000,9999.000,9999.000,9999.000,9999.000,9999.000
202605312330,   3.603,9999.000,9999.000,9999.000,9999.000,9999.000,9999.000,9999.000,9999.000
202605312336,   3.572,9999.000,9999.000,9999.000,9999.000,9999.000,9999.000,9999.000,9999.000
202605312342,   3.539,9999.000,9999.000,9999.000,9999.000,9999.000,9999.000,9999.000,9999.000
202605312348,   3.504,9999.000,9999.000,9999.000,9999.000,9999.000,9999.000,9999.000,9999.000
202605312354,   3.467,9999.000,9999.000,9999.000,9999.000,9999.000,9999.000,9999.000,9999.000
202606010000,   3.428,9999.000,   0.600,   0.024,   4.052,   0.500,   3.952,   0.600,   4.052
202606010006,   3.388,9999.000,9999.000,9999.000,9999.000,9999.000,9999.000,9999.000,9999.000
202606010012,   3.347,9999.000,9999.000,9999.000,9999.000,9999.000,9999.000,9999.000,9999.000
202606010018,   3.305,9999.000,9999.000,9999.000,9999.000,9999.000,9999.000,9999.000,9999.000
202606010024,   3.263,9999.000,9999.000,9999.000,9999.000,9999.000,9999.000,9999.000,9999.000
202606010030,   3.219,9999.000,9999.000,9999.000,9999.000,9999.000,9999.000,9999.000,9999.000
202606010036,   3.176,9999.000,9999.000,9999.000,9999.000,9999.000,9999.000,9999.000,9999.000
202606010042,   3.132,9999.000,9999.000,9999.000,9999.000,9999.000,9999.000,9999.000,9999.000
202606010048,   3.089,9999.000,9999.000,9999.000,9999.000,9999.000,9999.000,9999.000,9999.000
202606010054,   3.046,9999.000,9999.000,9999.000,9999.000,9999.000,9999.000,9999.000,9999.000
202606010100,   3.004,9999.000,   0.600,   0.024,   3.628,   0.600,   3.628,   0.600,   3.628
202606010106,   2.962,9999.000,9999.000,9999.000,9999.000,9999.000,9999.000,9999.000,9999.000
202606010112,   2.921,9999.000,9999.000,9999.000,9999.000,9999.000,9999.000,9999.000,9999.000
202606010118,   2.881,9999.000,9999.000,9999.000,9999.000,9999.000,9999.000,9999.000,9999.000
202606010124,   2.842,9999.000,9999.000,9999.000,9999.000,9999.000,9999.000,9999.000,9999.000
202606010130,   2.805,9999.000,9999.000,9999.000,9999.000,9999.000,9999.000,9999.000,9999.000
202606010136,   2.769,9999.000,9999.000,9999.000,9999.000,9999.000,9999.000,9999.000,9999.000
202606010142,   2.734,9999.000,9999.000,9999.000,9999.000,9999.000,9999.000,9999.000,9999.000
202606010148,   2.701,9999.000,9999.000,9999.000,9999.000,9999.000,9999.000,9999.000,9999.000
202606010154,   2.670,9999.000,9999.000,9999.000,9999.000,9999.000,9999.000,9999.000,9999.000
202606010200,   2.640,9999.000,   0.600,   0.024,   3.264,   0.600,   3.264,   0.600,   3.264
202606010206,   2.612,9999.000,9999.000,9999.000,9999.000,9999.000,9999.000,9999.000,9999.000
202606010212,   2.586,9999.000,9999.000,9999.000,9999.000,9999.000,9999.000,9999.000,9999.000
202606010218,   2.562,9999.000,9999.000,9999.000,9999.000,9999.000,9999.000,9999.000,9999.000
202606010224,   2.540,9999.000,9999.000,9999.000,9999.000,9999.000,9999.000,9999.000,9999.000
202606010230,   2.520,9999.000,9999.000,9999.000,9999.000,9999.000,9999.000,9999.000,9999.000
202606010236,   2.502,9999.000,9999.000,9999.000,9999.000,9999.000,9999.000,9999.000,9999.000
202606010242,   2.487,9999.000,9999.000,9999.000,9999.000,9999.000,9999.000,9999.000,9999.000
202606010248,   2.474,9999.000,9999.000,9999.000,9999.000,9999.000,9999.000,9999.000,9999.000
202606010254,   2.463,9999.000,9999.000,9999.000,9999.000,9999.000,9999.000,9999.000,9999.000
202606010300,   2.455,9999.000,   0.600,   0.024,   3.079,   0.600,   3.079,   0.600,   3.079
202606010306,   2.450,9999.000,9999.000,9999.000,9999.000,9999.000,9999.000,9999.000,9999.000
202606010312,   2.447,9999.000,9999.000,9999.000,9999.000,9999.000,9999.000,9999.000,9999.000
202606010318,   2.448,9999.000,9999.000,9999.000,9999.000,9999.000,9999.000,9999.000,9999.000
202606010324,   2.451,9999.000,9999.000,9999.000,9999.000,9999.000,9999.000,9999.000,9999.000
202606010330,   2.458,9999.000,9999.000,9999.000,9999.000,9999.000,9999.000,9999.000,9999.000
202606010336,   2.468,9999.000,9999.000,9999.000,9999.000,9999.000,9999.000,9999.000,9999.000
202606010342,   2.481,9999.000,9999.000,9999.000,9999.000,9999.000,9999.000,9999.000,9999.000
202606010348,   2.498,9999.000,9999.000,9999.000,9999.000,9999.000,9999.000,9999.000,9999.000
202606010354,   2.519,9999.000,9999.000,9999.000,9999.000,9999.000,9999.000,9999.000,9999.000
202606010400,   2.543,9999.000,   0.600,   0.024,   3.167,   0.600,   3.167,   0.600,   3.167
202606010406,   2.571,9999.000,9999.000,9999.000,9999.000,9999.000,9999.000,9999.000,9999.000
202606010412,   2.603,9999.000,9999.000,9999.000,9999.000,9999.000,9999.000,9999.000,9999.000
202606010418,   2.638,9999.000,9999.000,9999.000,9999.000,9999.000,9999.000,9999.000,9999.000
202606010424,   2.678,9999.000,9999.000,9999.000,9999.000,9999.000,9999.000,9999.000,9999.000
202606010430,   2.721,9999.000,9999.000,9999.000,9999.000,9999.000,9999.000,9999.000,9999.000
202606010436,   2.768,9999.000,9999.000,9999.000,9999.000,9999.000,9999.000,9999.000,9999.000
202606010442,   2.819,9999.000,9999.000,9999.000,9999.000,9999.000,9999.000,9999.000,9999.000
202606010448,   2.873,9999.000,9999.000,9999.000,9999.000,9999.000,9999.000,9999.000,9999.000
202606010454,   2.931,9999.000,9999.000,9999.000,9999.000,9999.000,9999.000,9999.000,9999.000
202606010500,   2.992,9999.000,   0.600,   0.024,   3.616,   0.600,   3.616,   0.700,   3.716
202606010506,   3.057,9999.000,9999.000,9999.000,9999.000,9999.000,9999.000,9999.000,9999.000
202606010512,   3.124,9999.000,9999.000,9999.000,9999.000,9999.000,9999.000,9999.000,9999.000
202606010518,   3.194,9999.000,9999.000,9999.000,9999.000,9999.000,9999.000,9999.000,9999.000
202606010524,   3.267,9999.000,9999.000,9999.000,9999.000,9999.000,9999.000,9999.000,9999.000
202606010530,   3.341,9999.000,9999.000,9999.000,9999.000,9999.000,9999.000,9999.000,9999.000
202606010536,   3.418,9999.000,9999.000,9999.000,9999.000,9999.000,9999.000,9999.000,9999.000
202606010542,   3.496,9999.000,9999.000,9999.000,9999.000,9999.000,9999.000,9999.000,9999.000
202606010548,   3.576,9999.000,9999.000,9999.000,9999.000,9999.000,9999.000,9999.000,9999.000
202606010554,   3.657,9999.000,9999.000,9999.000,9999.000,9999.000,9999.000,9999.000,9999.000
202606010600,   3.738,9999.000,   0.600,   0.024,   4.362,   0.600,   4.362,   0.700,   4.462
202606010606,   3.820,9999.000,9999.000,9999.000,9999.000,9999.000,9999.000,9999.000,9999.000
202606010612,   3.902,9999.000,9999.000,9999.000,9999.000,9999.000,9999.000,9999.000,9999.000
202606010618,   3.983,9999.000,9999.000,9999.000,9999.000,9999.000,9999.000,9999.000,9999.000
202606010624,   4.065,9999.000,9999.000,9999.000,9999.000,9999.000,9999.000,9999.000,9999.000
202606010630,   4.145,9999.000,9999.000,9999.000,9999.000,9999.000,9999.000,9999.000,9999.000
202606010636,   4.225,9999.000,9999.000,9999.000,9999.000,9999.000,9999.000,9999.000,9999.000
202606010642,   4.303,9999.000,9999.000,9999.000,9999.000,9999.000,9999.000,9999.000,9999.000
202606010648,   4.379,9999.000,9999.000,9999.000,9999.000,9999.000,9999.000,9999.000,9999.000
202606010654,   4.454,9999.000,9999.000,9999.000,9999.000,9999.000,9999.000,9999.000,9999.000
202606010700,   4.527,9999.000,   0.600,   0.024,   5.151,   0.600,   5.151,   0.700,   5.251
202606010706,   4.597,9999.000,9999.000,9999.000,9999.000,9999.000,9999.000,9999.000,9999.000
202606010712,   4.665,9999.000,9999.000,9999.000,9999.000,9999.000,9999.000,9999.000,9999.000
202606010718,   4.730,9999.000,9999.000,9999.000,9999.000,9999.000,9999.000,9999.000,9999.000
202606010724,   4.793,9999.000,9999.000,9999.000,9999.000,9999.000,9999.000,9999.000,9999.000
202606010730,   4.852,9999.000,9999.000,9999.000,9999.000,9999.000,9999.000,9999.000,9999.000
202606010736,   4.909,9999.000,9999.000,9999.000,9999.000,9999.000,9999.000,9999.000,9999.000
202606010742,   4.962,9999.000,9999.000,9999.000,9999.000,9999.000,9999.000,9999.000,9999.000
202606010748,   5.012,9999.000,9999.000,9999.000,9999.000,9999.000,9999.000,9999.000,9999.000
202606010754,   5.058,9999.000,9999.000,9999.000,9999.000,9999.000,9999.000,9999.000,9999.000
202606010800,   5.101,9999.000,   0.600,   0.024,   5.725,   0.600,   5.725,   0.700,   5.825
202606010806,   5.140,9999.000,9999.000,9999.000,9999.000,9999.000,9999.000,9999.000,9999.000
202606010812,   5.176,9999.000,9999.000,9999.000,9999.000,9999.000,9999.000,9999.000,9999.000
202606010818,   5.207,9999.000,9999.000,9999.000,9999.000,9999.000,9999.000,9999.000,9999.000
202606010824,   5.235,9999.000,9999.000,9999.000,9999.000,9999.000,9999.000,9999.000,9999.000
202606010830,   5.258,9999.000,9999.000,9999.000,9999.000,9999.000,9999.000,9999.000,9999.000
202606010836,   5.277,9999.000,9999.000,9999.000,9999.000,9999.000,9999.000,9999.000,9999.000
202606010842,   5.292,9999.000,9999.000,9999.000,9999.000,9999.000,9999.000,9999.000,9999.000
202606010848,   5.303,9999.000,9999.000,9999.000,9999.000,9999.000,9999.000,9999.000,9999.000
202606010854,   5.310,9999.000,9999.000,9999.000,9999.000,9999.000,9999.000,9999.000,9999.000
202606010900,   5.312,9999.000,   0.600,   0.024,   5.936,   0.600,   5.936,   0.700,   6.036
202606010906,   5.309,9999.000,9999.000,9999.000,9999.000,9999.000,9999.000,9999.000,9999.000
202606010912,   5.303,9999.000,9999.000,9999.000,9999.000,9999.000,9999.000,9999.000,9999.000
202606010918,   5.291,9999.000,9999.000,9999.000,9999.000,9999.000,9999.000,9999.000,9999.000
202606010924,   5.275,9999.000,9999.000,9999.000,9999.000,9999.000,9999.000,9999.000,9999.000
202606010930,   5.255,9999.000,9999.000,9999.000,9999.000,9999.000,9999.000,9999.000,9999.000
202606010936,   5.230,9999.000,9999.000,9999.000,9999.000,9999.000,9999.000,9999.000,9999.000
202606010942,   5.200,9999.000,9999.000,9999.000,9999.000,9999.000,9999.000,9999.000,9999.000
202606010948,   5.165,9999.000,9999.000,9999.000,9999.000,9999.000,9999.000,9999.000,9999.000
202606010954,   5.126,9999.000,9999.000,9999.000,9999.000,9999.000,9999.000,9999.000,9999.000
202606011000,   5.083,9999.000,   0.600,   0.024,   5.707,   0.600,   5.707,   0.700,   5.807
202606011006,   5.034,9999.000,9999.000,9999.000,9999.000,9999.000,9999.000,9999.000,9999.000
202606011012,   4.981,9999.000,9999.000,9999.000,9999.000,9999.000,9999.000,9999.000,9999.000
202606011018,   4.924,9999.000,9999.000,9999.000,9999.000,9999.000,9999.000,9999.000,9999.000
202606011024,   4.861,9999.000,9999.000,9999.000,9999.000,9999.000,9999.000,9999.000,9999.000
202606011030,   4.795,9999.000,9999.000,9999.000,9999.000,9999.000,9999.000,9999.000,9999.000
202606011036,   4.724,9999.000,9999.000,9999.000,9999.000,9999.000,9999.000,9999.000,9999.000
202606011042,   4.649,9999.000,9999.000,9999.000,9999.000,9999.000,9999.000,9999.000,9999.000
202606011048,   4.569,9999.000,9999.000,9999.000,9999.000,9999.000,9999.000,9999.000,9999.000
202606011054,   4.485,9999.000,9999.000,9999.000,9999.000,9999.000,9999.000,9999.000,9999.000
202606011100,   4.398,9999.000,   0.600,   0.024,   5.022,   0.600,   5.022,   0.700,   5.122
202606011106,   4.306,9999.000,9999.000,9999.000,9999.000,9999.000,9999.000,9999.000,9999.000
202606011112,   4.211,9999.000,9999.000,9999.000,9999.000,9999.000,9999.000,9999.000,9999.000
202606011118,   4.112,9999.000,9999.000,9999.000,9999.000,9999.000,9999.000,9999.000,9999.000
202606011124,   4.009,9999.000,9999.000,9999.000,9999.000,9999.000,9999.000,9999.000,9999.000
202606011130,   3.904,9999.000,9999.000,9999.000,9999.000,9999.000,9999.000,9999.000,9999.000
202606011136,   3.795,9999.000,9999.000,9999.000,9999.000,9999.000,9999.000,9999.000,9999.000
202606011142,   3.684,9999.000,9999.000,9999.000,9999.000,9999.000,9999.000,9999.000,9999.000
202606011148,   3.569,9999.000,9999.000,9999.000,9999.000,9999.000,9999.000,9999.000,9999.000
202606011154,   3.453,9999.000,9999.000,9999.000,9999.000,9999.000,9999.000,9999.000,9999.000
202606011200,   3.334,9999.000,   0.700,   0.024,   4.058,   0.600,   3.958,   0.700,   4.058
202606011206,   3.213,9999.000,9999.000,9999.000,9999.000,9999.000,9999.000,9999.000,9999.000
202606011212,   3.091,9999.000,9999.000,9999.000,9999.000,9999.000,9999.000,9999.000,9999.000
202606011218,   2.967,9999.000,9999.000,9999.000,9999.000,9999.000,9999.000,9999.000,9999.000
202606011224,   2.842,9999.000,9999.000,9999.000,9999.000,9999.000,9999.000,9999.000,9999.000
202606011230,   2.717,9999.000,9999.000,9999.000,9999.000,9999.000,9999.000,9999.000,9999.000
202606011236,   2.591,9999.000,9999.000,9999.000,9999.000,9999.000,9999.000,9999.000,9999.000
202606011242,   2.464,9999.000,9999.000,9999.000,9999.000,9999.000,9999.000,9999.000,9999.000
202606011248,   2.338,9999.000,9999.000,9999.000,9999.000,9999.000,9999.000,9999.000,9999.000
202606011254,   2.211,9999.000,9999.000,9999.000,9999.000,9999.000,9999.000,9999.000,9999.000
202606011300,   2.085,9999.000,   0.700,   0.024,   2.809,   0.600,   2.709,   0.700,   2.809
202606011306,   1.961,9999.000,9999.000,9999.000,9999.000,9999.000,9999.000,9999.000,9999.000
202606011312,   1.837,9999.000,9999.000,9999.000,9999.000,9999.000,9999.000,9999.000,9999.000
202606011318,   1.714,9999.000,9999.000,9999.000,9999.000,9999.000,9999.000,9999.000,9999.000
202606011324,   1.593,9999.000,9999.000,9999.000,9999.000,9999.000,9999.000,9999.000,9999.000
202606011330,   1.473,9999.000,9999.000,9999.000,9999.000,9999.000,9999.000,9999.000,9999.000
202606011336,   1.356,9999.000,9999.000,9999.000,9999.000,9999.000,9999.000,9999.000,9999.000
202606011342,   1.240,9999.000,9999.000,9999.000,9999.000,9999.000,9999.000,9999.000,9999.000
202606011348,   1.127,9999.000,9999.000,9999.000,9999.000,9999.000,9999.000,9999.000,9999.000
202606011354,   1.016,9999.000,9999.000,9999.000,9999.000,9999.000,9999.000,9999.000,9999.000
202606011400,   0.908,9999.000,   0.700,   0.024,   1.632,   0.600,   1.532,   0.700,   1.632
202606011406,   0.803,9999.000,9999.000,9999.000,9999.000,9999.000,9999.000,9999.000,9999.000
202606011412,   0.700,9999.000,9999.000,9999.000,9999.000,9999.000,9999.000,9999.000,9999.000
202606011418,   0.601,9999.000,9999.000,9999.000,9999.000,9999.000,9999.000,9999.000,9999.000
202606011424,   0.505,9999.000,9999.000,9999.000,9999.000,9999.000,9999.000,9999.000,9999.000
202606011430,   0.412,9999.000,9999.000,9999.000,9999.000,9999.000,9999.000,9999.000,9999.000
202606011436,   0.322,9999.000,9999.000,9999.000,9999.000,9999.000,9999.000,9999.000,9999.000
202606011442,   0.236,9999.000,9999.000,9999.000,9999.000,9999.000,9999.000,9999.000,9999.000
202606011448,   0.153,9999.000,9999.000,9999.000,9999.000,9999.000,9999.000,9999.000,9999.000
202606011454,   0.074,9999.000,9999.000,9999.000,9999.000,9999.000,9999.000,9999.000,9999.000
202606011500,   0.000,9999.000,   0.700,   0.024,   0.724,   0.600,   0.624,   0.700,   0.724
202606011506,  -0.071,9999.000,9999.000,9999.000,9999.000,9999.000,9999.000,9999.000,9999.000
202606011512,  -0.139,9999.000,9999.000,9999.000,9999.000,9999.000,9999.000,9999.000,9999.000
202606011518,  -0.202,9999.000,9999.000,9999.000,9999.000,9999.000,9999.000,9999.000,9999.000
202606011524,  -0.260,9999.000,9999.000,9999.000,9999.000,9999.000,9999.000,9999.000,9999.000
202606011530,  -0.314,9999.000,9999.000,9999.000,9999.000,9999.000,9999.000,9999.000,9999.000
202606011536,  -0.364,9999.000,9999.000,9999.000,9999.000,9999.000,9999.000,9999.000,9999.000
202606011542,  -0.408,9999.000,9999.000,9999.000,9999.000,9999.000,9999.000,9999.000,9999.000
202606011548,  -0.448,9999.000,9999.000,9999.000,9999.000,9999.000,9999.000,9999.000,9999.000
202606011554,  -0.483,9999.000,9999.000,9999.000,9999.000,9999.000,9999.000,9999.000,9999.000
202606011600,  -0.512,9999.000,   0.700,   0.024,   0.212,   0.700,   0.212,   0.700,   0.212
202606011606,  -0.537,9999.000,9999.000,9999.000,9999.000,9999.000,9999.000,9999.000,9999.000
202606011612,  -0.555,9999.000,9999.000,9999.000,9999.000,9999.000,9999.000,9999.000,9999.000
202606011618,  -0.568,9999.000,9999.000,9999.000,9999.000,9999.000,9999.000,9999.000,9999.000
202606011624,  -0.576,9999.000,9999.000,9999.000,9999.000,9999.000,9999.000,9999.000,9999.000
202606011630,  -0.577,9999.000,9999.000,9999.000,9999.000,9999.000,9999.000,9999.000,9999.000
202606011636,  -0.573,9999.000,9999.000,9999.000,9999.000,9999.000,9999.000,9999.000,9999.000
202606011642,  -0.563,9999.000,9999.000,9999.000,9999.000,9999.000,9999.000,9999.000,9999.000
202606011648,  -0.547,9999.000,9999.000,9999.000,9999.000,9999.000,9999.000,9999.000,9999.000
202606011654,  -0.525,9999.000,9999.000,9999.000,9999.000,9999.000,9999.000,9999.000,9999.000
202606011700,  -0.498,9999.000,   0.700,   0.024,   0.226,   0.700,   0.226,   0.700,   0.226
202606011706,  -0.464,9999.000,9999.000,9999.000,9999.000,9999.000,9999.000,9999.000,9999.000
202606011712,  -0.425,9999.000,9999.000,9999.000,9999.000,9999.000,9999.000,9999.000,9999.000
202606011718,  -0.380,9999.000,9999.000,9999.000,9999.000,9999.000,9999.000,9999.000,9999.000
202606011724,  -0.330,9999.000,9999.000,9999.000,9999.000,9999.000,9999.000,9999.000,9999.000
202606011730,  -0.275,9999.000,9999.000,9999.000,9999.000,9999.000,9999.000,9999.000,9999.000
202606011736,  -0.214,9999.000,9999.000,9999.000,9999.000,9999.000,9999.000,9999.000,9999.000
202606011742,  -0.149,9999.000,9999.000,9999.000,9999.000,9999.000,9999.000,9999.000,9999.000
202606011748,  -0.079,9999.000,9999.000,9999.000,9999.000,9999.000,9999.000,9999.000,9999.000
202606011754,  -0.005,9999.000,9999.000,9999.000,9999.000,9999.000,9999.000,9999.000,9999.000
202606011800,   0.072,9999.000,   0.700,   0.024,   0.796,   0.700,   0.796,   0.700,   0.796
202606011806,   0.154,9999.000,9999.000,9999.000,9999.000,9999.000,9999.000,9999.000,9999.000
202606011812,   0.239,9999.000,9999.000,9999.000,9999.000,9999.000,9999.000,9999.000,9999.000
202606011818,   0.328,9999.000,9999.000,9999.000,9999.000,9999.000,9999.000,9999.000,9999.000
202606011824,   0.419,9999.000,9999.000,9999.000,9999.000,9999.000,9999.000,9999.000,9999.000
202606011830,   0.513,9999.000,9999.000,9999.000,9999.000,9999.000,9999.000,9999.000,9999.000
202606011836,   0.609,9999.000,9999.000,9999.000,9999.000,9999.000,9999.000,9999.000,9999.000
202606011842,   0.706,9999.000,9999.000,9999.000,9999.000,9999.000,9999.000,9999.000,9999.000
202606011848,   0.806,9999.000,9999.000,9999.000,9999.000,9999.000,9999.000,9999.000,9999.000
202606011854,   0.906,9999.000,9999.000,9999.000,9999.000,9999.000,9999.000,9999.000,9999.000
202606011900,   1.008,9999.000,   0.700,   0.024,   1.732,   0.700,   1.732,   0.700,   1.732
202606011906,   1.110,9999.000,9999.000,9999.000,9999.000,9999.000,9999.000,9999.000,9999.000
202606011912,   1.213,9999.000,9999.000,9999.000,9999.000,9999.000,9999.000,9999.000,9999.000
202606011918,   1.315,9999.000,9999.000,9999.000,9999.000,9999.000,9999.000,9999.000,9999.000
202606011924,   1.418,9999.000,9999.000,9999.000,9999.000,9999.000,9999.000,9999.000,9999.000
202606011930,   1.521,9999.000,9999.000,9999.000,9999.000,9999.000,9999.000,9999.000,9999.000
202606011936,   1.623,9999.000,9999.000,9999.000,9999.000,9999.000,9999.000,9999.000,9999.000
202606011942,   1.724,9999.000,9999.000,9999.000,9999.000,9999.000,9999.000,9999.000,9999.000
202606011948,   1.824,9999.000,9999.000,9999.000,9999.000,9999.000,9999.000,9999.000,9999.000
202606011954,   1.923,9999.000,9999.000,9999.000,9999.000,9999.000,9999.000,9999.000,9999.000
202606012000,   2.021,9999.000,   0.700,   0.024,   2.745,   0.600,   2.645,   0.700,   2.745
202606012006,   2.118,9999.000,9999.000,9999.000,9999.000,9999.000,9999.000,9999.000,9999.000
202606012012,   2.213,9999.000,9999.000,9999.000,9999.000,9999.000,9999.000,9999.000,9999.000
202606012018,   2.306,9999.000,9999.000,9999.000,9999.000,9999.000,9999.000,9999.000,9999.000
202606012024,   2.398,9999.000,9999.000,9999.000,9999.000,9999.000,9999.000,9999.000,9999.000
202606012030,   2.487,9999.000,9999.000,9999.000,9999.000,9999.000,9999.000,9999.000,9999.000
202606012036,   2.575,9999.000,9999.000,9999.000,9999.000,9999.000,9999.000,9999.000,9999.000
202606012042,   2.660,9999.000,9999.000,9999.000,9999.000,9999.000,9999.000,9999.000,9999.000
202606012048,   2.743,9999.000,9999.000,9999.000,9999.000,9999.000,9999.000,9999.000,9999.000
202606012054,   2.824,9999.000,9999.000,9999.000,9999.000,9999.000,9999.000,9999.000,9999.000
202606012100,   2.902,9999.000,   0.700,   0.024,   3.626,   0.600,   3.526,   0.700,   3.626
202606012106,   2.977,9999.000,9999.000,9999.000,9999.000,9999.000,9999.000,9999.000,9999.000
202606012112,   3.050,9999.000,9999.000,9999.000,9999.000,9999.000,9999.000,9999.000,9999.000
202606012118,   3.119,9999.000,9999.000,9999.000,9999.000,9999.000,9999.000,9999.000,9999.000
202606012124,   3.186,9999.000,9999.000,9999.000,9999.000,9999.000,9999.000,9999.000,9999.000
202606012130,   3.250,9999.000,9999.000,9999.000,9999.000,9999.000,9999.000,9999.000,9999.000
202606012136,   3.310,9999.000,9999.000,9999.000,9999.000,9999.000,9999.000,9999.000,9999.000
202606012142,   3.368,9999.000,9999.000,9999.000,9999.000,9999.000,9999.000,9999.000,9999.000
202606012148,   3.422,9999.000,9999.000,9999.000,9999.000,9999.000,9999.000,9999.000,9999.000
202606012154,   3.472,9999.000,9999.000,9999.000,9999.000,9999.000,9999.000,9999.000,9999.000
202606012200,   3.520,9999.000,   0.700,   0.024,   4.244,   0.600,   4.144,   0.700,   4.244
202606012206,   3.563,9999.000,9999.000,9999.000,9999.000,9999.000,9999.000,9999.000,9999.000
202606012212,   3.604,9999.000,9999.000,9999.000,9999.000,9999.000,9999.000,9999.000,9999.000
202606012218,   3.640,9999.000,9999.000,9999.000,9999.000,9999.000,9999.000,9999.000,9999.000
202606012224,   3.673,9999.000,9999.000,9999.000,9999.000,9999.000,9999.000,9999.000,9999.000
202606012230,   3.703,9999.000,9999.000,9999.000,9999.000,9999.000,9999.000,9999.000,9999.000
202606012236,   3.728,9999.000,9999.000,9999.000,9999.000,9999.000,9999.000,9999.000,9999.000
202606012242,   3.750,9999.000,9999.000,9999.000,9999.000,9999.000,9999.000,9999.000,9999.000
202606012248,   3.769,9999.000,9999.000,9999.000,9999.000,9999.000,9999.000,9999.000,9999.000
202606012254,   3.783,9999.000,9999.000,9999.000,9999.000,9999.000,9999.000,9999.000,9999.000
202606012300,   3.794,9999.000,   0.700,   0.024,   4.518,   0.600,   4.418,   0.700,   4.518
202606012306,   3.802,9999.000,9999.000,9999.000,9999.000,9999.000,9999.000,9999.000,9999.000
202606012312,   3.806,9999.000,9999.000,9999.000,9999.000,9999.000,9999.000,9999.000,9999.000
202606012318,   3.806,9999.000,9999.000,9999.000,9999.000,9999.000,9999.000,9999.000,9999.000
202606012324,   3.803,9999.000,9999.000,9999.000,9999.000,9999.000,9999.000,9999.000,9999.000
202606012330,   3.796,9999.000,9999.000,9999.000,9999.000,9999.000,9999.000,9999.000,9999.000
202606012336,   3.787,9999.000,9999.000,9999.000,9999.000,9999.000,9999.000,9999.000,9999.000
202606012342,   3.774,9999.000,9999.000,9999.000,9999.000,9999.000,9999.000,9999.000,9999.000
202606012348,   3.758,9999.000,9999.000,9999.000,9999.000,9999.000,9999.000,9999.000,9999.000
202606012354,   3.739,9999.000,9999.000,9999.000,9999.000,9999.000,9999.000,9999.000,9999.000
202606020000,   3.717,9999.000,   0.700,   0.024,   4.441,   0.700,   4.441,   0.700,   4.441
202606020006,   3.693,9999.000,9999.000,9999.000,9999.000,9999.000,9999.000,9999.000,9999.000
202606020012,   3.666,9999.000,9999.000,9999.000,9999.000,9999.000,9999.000,9999.000,9999.000
202606020018,   3.637,9999.000,9999.000,9999.000,9999.000,9999.000,9999.000,9999.000,9999.000
202606020024,   3.605,9999.000,9999.000,9999.000,9999.000,9999.000,9999.000,9999.000,9999.000
202606020030,   3.572,9999.000,9999.000,9999.000,9999.000,9999.000,9999.000,9999.000,9999.000
202606020036,   3.537,9999.000,9999.000,9999.000,9999.000,9999.000,9999.000,9999.000,9999.000
202606020042,   3.501,9999.000,9999.000,9999.000,9999.000,9999.000,9999.000,9999.000,9999.000
202606020048,   3.463,9999.000,9999.000,9999.000,9999.000,9999.000,9999.000,9999.000,9999.000
202606020054,   3.424,9999.000,9999.000,9999.000,9999.000,9999.000,9999.000,9999.000,9999.000
202606020100,   3.384,9999.000,   0.700,   0.024,   4.108,   0.600,   4.008,   0.700,   4.108
202606020106,   3.344,9999.000,9999.000,9999.000,9999.000,9999.000,9999.000,9999.000,9999.000
202606020112,   3.303,9999.000,9999.000,9999.000,9999.000,9999.000,9999.000,9999.000,9999.000
202606020118,   3.261,9999.000,9999.000,9999.000,9999.000,9999.000,9999.000,9999.000,9999.000
202606020124,   3.220,9999.000,9999.000,9999.000,9999.000,9999.000,9999.000,9999.000,9999.000
202606020130,   3.179,9999.000,9999.000,9999.000,9999.000,9999.000,9999.000,9999.000,9999.000
202606020136,   3.138,9999.000,9999.000,9999.000,9999.000,9999.000,9999.000,9999.000,9999.000
202606020142,   3.097,9999.000,9999.000,9999.000,9999.000,9999.000,9999.000,9999.000,9999.000
202606020148,   3.058,9999.000,9999.000,9999.000,9999.000,9999.000,9999.000,9999.000,9999.000
202606020154,   3.019,9999.000,9999.000,9999.000,9999.000,9999.000,9999.000,9999.000,9999.000
202606020200,   2.981,9999.000,   0.700,   0.024,   3.705,   0.700,   3.705,   0.700,   3.705
202606020206,   2.944,9999.000,9999.000,9999.000,9999.000,9999.000,9999.000,9999.000,9999.000
202606020212,   2.908,9999.000,9999.000,9999.000,9999.000,9999.000,9999.000,9999.000,9999.000
202606020218,   2.874,9999.000,9999.000,9999.000,9999.000,9999.000,9999.000,9999.000,9999.000
202606020224,   2.841,9999.000,9999.000,9999.000,9999.000,9999.000,9999.000,9999.000,9999.000
202606020230,   2.809,9999.000,9999.000,9999.000,9999.000,9999.000,9999.000,9999.000,9999.000
202606020236,   2.780,9999.000,9999.000,9999.000,9999.000,9999.000,9999.000,9999.000,9999.000
202606020242,   2.751,9999.000,9999.000,9999.000,9999.000,9999.000,9999.000,9999.000,9999.000
202606020248,   2.725,9999.000,9999.000,9999.000,9999.000,9999.000,9999.000,9999.000,9999.000
202606020254,   2.701,9999.000,9999.000,9999.000,9999.000,9999.000,9999.000,9999.000,9999.000
202606020300,   2.678,9999.000,   0.700,   0.024,   3.402,   0.700,   3.402,   0.700,   3.402
202606020306,   2.657,9999.000,9999.000,9999.000,9999.000,9999.000,9999.000,9999.000,9999.000
202606020312,   2.638,9999.000,9999.000,9999.000,9999.000,9999.000,9999.000,9999.000,9999.000
202606020318,   2.622,9999.000,9999.000,9999.000,9999.000,9999.000,9999.000,9999.000,9999.000
202606020324,   2.607,9999.000,9999.000,9999.000,9999.000,9999.000,9999.000,9999.000,9999.000
202606020330,   2.595,9999.000,9999.000,9999.000,9999.000,9999.000,9999.000,9999.000,9999.000
202606020336,   2.585,9999.000,9999.000,9999.000,9999.000,9999.000,9999.000,9999.000,9999.000
202606020342,   2.578,9999.000,9999.000,9999.000,9999.000,9999.000,9999.000,9999.000,9999.000
202606020348,   2.573,9999.000,9999.000,9999.000,9999.000,9999.000,9999.000,9999.000,9999.000
202606020354,   2.570,9999.000,9999.000,9999.000,9999.000,9999.000,9999.000,9999.000,9999.000
202606020400,   2.571,9999.000,   0.700,   0.024,   3.295,   0.700,   3.295,   0.700,   3.295
202606020406,   2.574,9999.000,9999.000,9999.000,9999.000,9999.000,9999.000,9999.000,9999.000
202606020412,   2.580,9999.000,9999.000,9999.000,9999.000,9999.000,9999.000,9999.000,9999.000
202606020418,   2.589,9999.000,9999.000,9999.000,9999.000,9999.000,9999.000,9999.000,9999.000
202606020424,   2.601,9999.000,9999.000,9999.000,9999.000,9999.000,9999.000,9999.000,9999.000
202606020430,   2.617,9999.000,9999.000,9999.000,9999.000,9999.000,9999.000,9999.000,9999.000
202606020436,   2.636,9999.000,9999.000,9999.000,9999.000,9999.000,9999.000,9999.000,9999.000
202606020442,   2.658,9999.000,9999.000,9999.000,9999.000,9999.000,9999.000,9999.000,9999.000
202606020448,   2.684,9999.000,9999.000,9999.000,9999.000,9999.000,9999.000,9999.000,9999.000
202606020454,   2.713,9999.000,9999.000,9999.000,9999.000,9999.000,9999.000,9999.000,9999.000
202606020500,   2.746,9999.000,   0.700,   0.024,   3.470,   0.700,   3.470,   0.700,   3.470
202606020506,   2.783,9999.000,9999.000,9999.000,9999.000,9999.000,9999.000,9999.000,9999.000
202606020512,   2.823,9999.000,9999.000,9999.000,9999.000,9999.000,9999.000,9999.000,9999.000
202606020518,   2.867,9999.000,9999.000,9999.000,9999.000,9999.000,9999.000,9999.000,9999.000
202606020524,   2.914,9999.000,9999.000,9999.000,9999.000,9999.000,9999.000,9999.000,9999.000
202606020530,   2.964,9999.000,9999.000,9999.000,9999.000,9999.000,9999.000,9999.000,9999.000
202606020536,   3.018,9999.000,9999.000,9999.000,9999.000,9999.000,9999.000,9999.000,9999.000
202606020542,   3.075,9999.000,9999.000,9999.000,9999.000,9999.000,9999.000,9999.000,9999.000
202606020548,   3.136,9999.000,9999.000,9999.000,9999.000,9999.000,9999.000,9999.000,9999.000
202606020554,   3.198,9999.000,9999.000,9999.000,9999.000,9999.000,9999.000,9999.000,9999.000
202606020600,   3.264,9999.000,   0.700,   0.024,   3.988,   0.700,   3.988,   0.700,   3.988
202606020606,   3.332,9999.000,9999.000,9999.000,9999.000,9999.000,9999.000,9999.000,9999.000
202606020612,   3.402,9999.000,9999.000,9999.000,9999.000,9999.000,9999.000,9999.000,9999.000
202606020618,   3.474,9999.000,9999.000,9999.000,9999.000,9999.000,9999.000,9999.000,9999.000
202606020624,   3.548,9999.000,9999.000,9999.000,9999.000,9999.000,9999.000,9999.000,9999.000
202606020630,   3.623,9999.000,9999.000,9999.000,9999.000,9999.000,9999.000,9999.000,9999.000
202606020636,   3.699,9999.000,9999.000,9999.000,9999.000,9999.000,9999.000,9999.000,9999.000
202606020642,   3.775,9999.000,9999.000,9999.000,9999.000,9999.000,9999.000,9999.000,9999.000
202606020648,   3.852,9999.000,9999.000,9999.000,9999.000,9999.000,9999.000,9999.000,9999.000
202606020654,   3.929,9999.000,9999.000,9999.000,9999.000,9999.000,9999.000,9999.000,9999.000
202606020700,   4.006,9999.000,   0.700,   0.024,   4.730,   0.700,   4.730,   0.700,   4.730
202606020706,   4.083,9999.000,9999.000,9999.000,9999.000,9999.000,9999.000,9999.000,9999.000
202606020712,   4.158,9999.000,9999.000,9999.000,9999.000,9999.000,9999.000,9999.000,9999.000
202606020718,   4.233,9999.000,9999.000,9999.000,9999.000,9999.000,9999.000,9999.000,9999.000
202606020724,   4.306,9999.000,9999.000,9999.000,9999.000,9999.000,9999.000,9999.000,9999.000
202606020730,   4.378,9999.000,9999.000,9999.000,9999.000,9999.000,9999.000,9999.000,9999.000
202606020736,   4.448,9999.000,9999.000,9999.000,9999.000,9999.000,9999.000,9999.000,9999.000
202606020742,   4.516,9999.000,9999.000,9999.000,9999.000,9999.000,9999.000,9999.000,9999.000
202606020748,   4.581,9999.000,9999.000,9999.000,9999.000,9999.000,9999.000,9999.000,9999.000
202606020754,   4.644,9999.000,9999.000,9999.000,9999.000,9999.000,9999.000,9999.000,9999.000
202606020800,   4.705,9999.000,   0.700,   0.024,   5.429,   0.700,   5.429,   0.700,   5.429
202606020806,   4.762,9999.000,9999.000,9999.000,9999.000,9999.000,9999.000,9999.000,9999.000
202606020812,   4.817,9999.000,9999.000,9999.000,9999.000,9999.000,9999.000,9999.000,9999.000
202606020818,   4.868,9999.000,9999.000,9999.000,9999.000,9999.000,9999.000,9999.000,9999.000
202606020824,   4.917,9999.000,9999.000,9999.000,9999.000,9999.000,9999.000,9999.000,9999.000
202606020830,   4.961,9999.000,9999.000,9999.000,9999.000,9999.000,9999.000,9999.000,9999.000
202606020836,   5.003,9999.000,9999.000,9999.000,9999.000,9999.000,9999.000,9999.000,9999.000
202606020842,   5.041,9999.000,9999.000,9999.000,9999.000,9999.000,9999.000,9999.000,9999.000
202606020848,   5.075,9999.000,9999.000,9999.000,9999.000,9999.000,9999.000,9999.000,9999.000
202606020854,   5.105,9999.000,9999.000,9999.000,9999.000,9999.000,9999.000,9999.000,9999.000
202606020900,   5.132,9999.000,   0.700,   0.024,   5.856,   0.700,   5.856,   0.700,   5.856
202606020906,   5.154,9999.000,9999.000,9999.000,9999.000,9999.000,9999.000,9999.000,9999.000
202606020912,   5.173,9999.000,9999.000,9999.000,9999.000,9999.000,9999.000,9999.000,9999.000
202606020918,   5.187,9999.000,9999.000,9999.000,9999.000,9999.000,9999.000,9999.000,9999.000
202606020924,   5.198,9999.000,9999.000,9999.000,9999.000,9999.000,9999.000,9999.000,9999.000
202606020930,   5.204,9999.000,9999.000,9999.000,9999.000,9999.000,9999.000,9999.000,9999.000
202606020936,   5.206,9999.000,9999.000,9999.000,9999.000,9999.000,9999.000,9999.000,9999.000
202606020942,   5.204,9999.000,9999.000,9999.000,9999.000,9999.000,9999.000,9999.000,9999.000
202606020948,   5.197,9999.000,9999.000,9999.000,9999.000,9999.000,9999.000,9999.000,9999.000
202606020954,   5.186,9999.000,9999.000,9999.000,9999.000,9999.000,9999.000,9999.000,9999.000
202606021000,   5.170,9999.000,   0.700,   0.024,   5.894,   0.700,   5.894,   0.700,   5.894
202606021006,   5.150,9999.000,9999.000,9999.000,9999.000,9999.000,9999.000,9999.000,9999.000
202606021012,   5.126,9999.000,9999.000,9999.000,9999.000,9999.000,9999.000,9999.000,9999.000
202606021018,   5.097,9999.000,9999.000,9999.000,9999.000,9999.000,9999.000,9999.000,9999.000
202606021024,   5.064,9999.000,9999.000,9999.000,9999.000,9999.000,9999.000,9999.000,9999.000
202606021030,   5.026,9999.000,9999.000,9999.000,9999.000,9999.000,9999.000,9999.000,9999.000
202606021036,   4.984,9999.000,9999.000,9999.000,9999.000,9999.000,9999.000,9999.000,9999.000
202606021042,   4.937,9999.000,9999.000,9999.000,9999.000,9999.000,9999.000,9999.000,9999.000
202606021048,   4.886,9999.000,9999.000,9999.000,9999.000,9999.000,9999.000,9999.000,9999.000
202606021054,   4.830,9999.000,9999.000,9999.000,9999.000,9999.000,9999.000,9999.000,9999.000
202606021100,   4.770,9999.000,   0.700,   0.024,   5.494,   0.700,   5.494,   0.700,   5.494
202606021106,   4.706,9999.000,9999.000,9999.000,9999.000,9999.000,9999.000,9999.000,9999.000
202606021112,   4.638,9999.000,9999.000,9999.000,9999.000,9999.000,9999.000,9999.000,9999.000
202606021118,   4.565,9999.000,9999.000,9999.000,9999.000,9999.000,9999.000,9999.000,9999.000
202606021124,   4.489,9999.000,9999.000,9999.000,9999.000,9999.000,9999.000,9999.000,9999.000
202606021130,   4.408,9999.000,9999.000,9999.000,9999.000,9999.000,9999.000,9999.000,9999.000
202606021136,   4.324,9999.000,9999.000,9999.000,9999.000,9999.000,9999.000,9999.000,9999.000
202606021142,   4.236,9999.000,9999.000,9999.000,9999.000,9999.000,9999.000,9999.000,9999.000
202606021148,   4.144,9999.000,9999.000,9999.000,9999.000,9999.000,9999.000,9999.000,9999.000
202606021154,   4.049,9999.000,9999.000,9999.000,9999.000,9999.000,9999.000,9999.000,9999.000
202606021200,   3.951,9999.000,   0.700,   0.024,   4.675,   0.700,   4.675,   0.700,   4.675
202606021206,   3.850,9999.000,9999.000,9999.000,9999.000,9999.000,9999.000,9999.000,9999.000
202606021212,   3.745,9999.000,9999.000,9999.000,9999.000,9999.000,9999.000,9999.000,9999.000
202606021218,   3.638,9999.000,9999.000,9999.000,9999.000,9999.000,9999.000,9999.000,9999.000
202606021224,   3.528,9999.000,9999.000,9999.000,9999.000,9999.000,9999.000,9999.000,9999.000
202606021230,   3.416,9999.000,9999.000,9999.000,9999.000,9999.000,9999.000,9999.000,9999.000
202606021236,   3.302,9999.000,9999.000,9999.000,9999.000,9999.000,9999.000,9999.000,9999.000
202606021242,   3.186,9999.000,9999.000,9999.000,9999.000,9999.000,9999.000,9999.000,9999.000
202606021248,   3.068,9999.000,9999.000,9999.000,9999.000,9999.000,9999.000,9999.000,9999.000
202606021254,   2.948,9999.000,9999.000,9999.000,9999.000,9999.000,9999.000,9999.000,9999.000
202606021300,   2.828,9999.000,   0.700,   0.024,   3.552,   0.700,   3.552,   0.700,   3.552
202606021306,   2.706,9999.000,9999.000,9999.000,9999.000,9999.000,9999.000,9999.000,9999.000
202606021312,   2.584,9999.000,9999.000,9999.000,9999.000,9999.000,9999.000,9999.000,9999.000
202606021318,   2.462,9999.000,9999.000,9999.000,9999.000,9999.000,9999.000,9999.000,9999.000
202606021324,   2.339,9999.000,9999.000,9999.000,9999.000,9999.000,9999.000,9999.000,9999.000
202606021330,   2.216,9999.000,9999.000,9999.000,9999.000,9999.000,9999.000,9999.000,9999.000
202606021336,   2.094,9999.000,9999.000,9999.000,9999.000,9999.000,9999.000,9999.000,9999.000
202606021342,   1.972,9999.000,9999.000,9999.000,9999.000,9999.000,9999.000,9999.000,9999.000
202606021348,   1.851,9999.000,9999.000,9999.000,9999.000,9999.000,9999.000,9999.000,9999.000
202606021354,   1.731,9999.000,9999.000,9999.000,9999.000,9999.000,9999.000,9999.000,9999.000
202606021400,   1.613,9999.000,   0.700,   0.024,   2.337,   0.700,   2.337,   0.700,   2.337
202606021406,   1.496,9999.000,9999.000,9999.000,9999.000,9999.000,9999.000,9999.000,9999.000
202606021412,   1.381,9999.000,9999.000,9999.000,9999.000,9999.000,9999.000,9999.000,9999.000
202606021418,   1.268,9999.000,9999.000,9999.000,9999.000,9999.000,9999.000,9999.000,9999.000
202606021424,   1.157,9999.000,9999.000,9999.000,9999.000,9999.000,9999.000,9999.000,9999.000
202606021430,   1.048,9999.000,9999.000,9999.000,9999.000,9999.000,9999.000,9999.000,9999.000
202606021436,   0.942,9999.000,9999.000,9999.000,9999.000,9999.000,9999.000,9999.000,9999.000
202606021442,   0.838,9999.000,9999.000,9999.000,9999.000,9999.000,9999.000,9999.000,9999.000
202606021448,   0.738,9999.000,9999.000,9999.000,9999.000,9999.000,9999.000,9999.000,9999.000
202606021454,   0.640,9999.000,9999.000,9999.000,9999.000,9999.000,9999.000,9999.000,9999.000
202606021500,   0.545,9999.000,   0.700,   0.024,   1.269,   0.700,   1.269,   0.700,   1.269
202606021506,   0.454,9999.000,9999.000,9999.000,9999.000,9999.000,9999.000,9999.000,9999.000
202606021512,   0.366,9999.000,9999.000,9999.000,9999.000,9999.000,9999.000,9999.000,9999.000
202606021518,   0.281,9999.000,9999.000,9999.000,9999.000,9999.000,9999.000,9999.000,9999.000
202606021524,   0.200,9999.000,9999.000,9999.000,9999.000,9999.000,9999.000,9999.000,9999.000
202606021530,   0.122,9999.000,9999.000,9999.000,9999.000,9999.000,9999.000,9999.000,9999.000
202606021536,   0.048,9999.000,9999.000,9999.000,9999.000,9999.000,9999.000,9999.000,9999.000
202606021542,  -0.021,9999.000,9999.000,9999.000,9999.000,9999.000,9999.000,9999.000,9999.000
202606021548,  -0.087,9999.000,9999.000,9999.000,9999.000,9999.000,9999.000,9999.000,9999.000
202606021554,  -0.149,9999.000,9999.000,9999.000,9999.000,9999.000,9999.000,9999.000,9999.000
202606021600,  -0.207,9999.000,   0.700,   0.024,   0.517,   0.700,   0.517,   0.700,   0.517
202606021606,  -0.260,9999.000,9999.000,9999.000,9999.000,9999.000,9999.000,9999.000,9999.000
202606021612,  -0.310,9999.000,9999.000,9999.000,9999.000,9999.000,9999.000,9999.000,9999.000
202606021618,  -0.354,9999.000,9999.000,9999.000,9999.000,9999.000,9999.000,9999.000,9999.000
202606021624,  -0.394,9999.000,9999.000,9999.000,9999.000,9999.000,9999.000,9999.000,9999.000
202606021630,  -0.430,9999.000,9999.000,9999.000,9999.000,9999.000,9999.000,9999.000,9999.000
202606021636,  -0.460,9999.000,9999.000,9999.000,9999.000,9999.000,9999.000,9999.000,9999.000
202606021642,  -0.486,9999.000,9999.000,9999.000,9999.000,9999.000,9999.000,9999.000,9999.000
202606021648,  -0.506,9999.000,9999.000,9999.000,9999.000,9999.000,9999.000,9999.000,9999.000
202606021654,  -0.521,9999.000,9999.000,9999.000,9999.000,9999.000,9999.000,9999.000,9999.000
202606021700,  -0.531,9999.000,   0.700,   0.024,   0.193,   0.700,   0.193,   0.700,   0.193
202606021706,  -0.535,9999.000,9999.000,9999.000,9999.000,9999.000,9999.000,9999.000,9999.000
202606021712,  -0.534,9999.000,9999.000,9999.000,9999.000,9999.000,9999.000,9999.000,9999.000
202606021718,  -0.527,9999.000,9999.000,9999.000,9999.000,9999.000,9999.000,9999.000,9999.000
202606021724,  -0.515,9999.000,9999.000,9999.000,9999.000,9999.000,9999.000,9999.000,9999.000
202606021730,  -0.497,9999.000,9999.000,9999.000,9999.000,9999.000,9999.000,9999.000,9999.000
202606021736,  -0.473,9999.000,9999.000,9999.000,9999.000,9999.000,9999.000,9999.000,9999.000
202606021742,  -0.444,9999.000,9999.000,9999.000,9999.000,9999.000,9999.000,9999.000,9999.000
202606021748,  -0.409,9999.000,9999.000,9999.000,9999.000,9999.000,9999.000,9999.000,9999.000
202606021754,  -0.369,9999.000,9999.000,9999.000,9999.000,9999.000,9999.000,9999.000,9999.000
202606021800,  -0.323,9999.000,   0.700,   0.024,   0.401,   0.700,   0.401,   0.700,   0.401
202606021806,  -0.272,9999.000,9999.000,9999.000,9999.000,9999.000,9999.000,9999.000,9999.000
202606021812,  -0.216,9999.000,9999.000,9999.000,9999.000,9999.000,9999.000,9999.000,9999.000
202606021818,  -0.155,9999.000,9999.000,9999.000,9999.000,9999.000,9999.000,9999.000,9999.000
202606021824,  -0.089,9999.000,9999.000,9999.000,9999.000,9999.000,9999.000,9999.000,9999.000
202606021830,  -0.019,9999.000,9999.000,9999.000,9999.000,9999.000,9999.000,9999.000,9999.000
202606021836,   0.054,9999.000,9999.000,9999.000,9999.000,9999.000,9999.000,9999.000,9999.000
202606021842,   0.132,9999.000,9999.000,9999.000,9999.000,9999.000,9999.000,9999.000,9999.000
202606021848,   0.214,9999.000,9999.000,9999.000,9999.000,9999.000,9999.000,9999.000,9999.000
202606021854,   0.300,9999.000,9999.000,9999.000,9999.000,9999.000,9999.000,9999.000,9999.000
202606021900,   0.388,9999.000,   0.700,   0.024,   1.112,   0.700,   1.112,   0.700,   1.112
202606021906,   0.480,9999.000,9999.000,9999.000,9999.000,9999.000,9999.000,9999.000,9999.000
202606021912,   0.573,9999.000,9999.000,9999.000,9999.000,9999.000,9999.000,9999.000,9999.000
202606021918,   0.669,9999.000,9999.000,9999.000,9999.000,9999.000,9999.000,9999.000,9999.000
202606021924,   0.767,9999.000,9999.000,9999.000,9999.000,9999.000,9999.000,9999.000,9999.000
202606021930,   0.866,9999.000,9999.000,9999.000,9999.000,9999.000,9999.000,9999.000,9999.000
202606021936,   0.967,9999.000,9999.000,9999.000,9999.000,9999.000,9999.000,9999.000,9999.000
202606021942,   1.069,9999.000,9999.000,9999.000,9999.000,9999.000,9999.000,9999.000,9999.000
202606021948,   1.171,9999.000,9999.000,9999.000,9999.000,9999.000,9999.000,9999.000,9999.000
202606021954,   1.273,9999.000,9999.000,9999.000,9999.000,9999.000,9999.000,9999.000,9999.000
202606022000,   1.376,9999.000,   0.700,   0.024,   2.100,   0.700,   2.100,   0.700,   2.100
202606022006,   1.479,9999.000,9999.000,9999.000,9999.000,9999.000,9999.000,9999.000,9999.000
202606022012,   1.581,9999.000,9999.000,9999.000,9999.000,9999.000,9999.000,9999.000,9999.000
202606022018,   1.683,9999.000,9999.000,9999.000,9999.000,9999.000,9999.000,9999.000,9999.000
202606022024,   1.784,9999.000,9999.000,9999.000,9999.000,9999.000,9999.000,9999.000,9999.000
202606022030,   1.884,9999.000,9999.000,9999.000,9999.000,9999.000,9999.000,9999.000,9999.000
202606022036,   1.983,9999.000,9999.000,9999.000,9999.000,9999.000,9999.000,9999.000,9999.000
202606022042,   2.081,9999.000,9999.000,9999.000,9999.000,9999.000,9999.000,9999.000,9999.000
202606022048,   2.177,9999.000,9999.000,9999.000,9999.000,9999.000,9999.000,9999.000,9999.000
202606022054,   2.272,9999.000,9999.000,9999.000,9999.000,9999.000,9999.000,9999.000,9999.000
202606022100,   2.364,9999.000,   0.700,   0.024,   3.088,   0.600,   2.988,   0.700,   3.088
202606022106,   2.455,9999.000,9999.000,9999.000,9999.000,9999.000,9999.000,9999.000,9999.000
202606022112,   2.544,9999.000,9999.000,9999.000,9999.000,9999.000,9999.000,9999.000,9999.000
202606022118,   2.631,9999.000,9999.000,9999.000,9999.000,9999.000,9999.000,9999.000,9999.000
202606022124,   2.716,9999.000,9999.000,9999.000,9999.000,9999.000,9999.000,9999.000,9999.000
202606022130,   2.798,9999.000,9999.000,9999.000,9999.000,9999.000,9999.000,9999.000,9999.000
202606022136,   2.877,9999.000,9999.000,9999.000,9999.000,9999.000,9999.000,9999.000,9999.000
202606022142,   2.954,9999.000,9999.000,9999.000,9999.000,9999.000,9999.000,9999.000,9999.000
202606022148,   3.029,9999.000,9999.000,9999.000,9999.000,9999.000,9999.000,9999.000,9999.000
202606022154,   3.100,9999.000,9999.000,9999.000,9999.000,9999.000,9999.000,9999.000,9999.000
202606022200,   3.169,9999.000,   0.700,   0.024,   3.893,   0.600,   3.793,   0.700,   3.893
202606022206,   3.235,9999.000,9999.000,9999.000,9999.000,9999.000,9999.000,9999.000,9999.000
202606022212,   3.297,9999.000,9999.000,9999.000,9999.000,9999.000,9999.000,9999.000,9999.000
202606022218,   3.357,9999.000,9999.000,9999.000,9999.000,9999.000,9999.000,9999.000,9999.000
202606022224,   3.413,9999.000,9999.000,9999.000,9999.000,9999.000,9999.000,9999.000,9999.000
202606022230,   3.466,9999.000,9999.000,9999.000,9999.000,9999.000,9999.000,9999.000,9999.000
202606022236,   3.516,9999.000,9999.000,9999.000,9999.000,9999.000,9999.000,9999.000,9999.000
202606022242,   3.562,9999.000,9999.000,9999.000,9999.000,9999.000,9999.000,9999.000,9999.000
202606022248,   3.605,9999.000,9999.000,9999.000,9999.000,9999.000,9999.000,9999.000,9999.000
202606022254,   3.645,9999.000,9999.000,9999.000,9999.000,9999.000,9999.000,9999.000,9999.000
202606022300,   3.681,9999.000,   0.700,   0.024,   4.405,   0.600,   4.305,   0.700,   4.405
202606022306,   3.713,9999.000,9999.000,9999.000,9999.000,9999.000,9999.000,9999.000,9999.000
202606022312,   3.742,9999.000,9999.000,9999.000,9999.000,9999.000,9999.000,9999.000,9999.000
202606022318,   3.767,9999.000,9999.000,9999.000,9999.000,9999.000,9999.000,9999.000,9999.000
202606022324,   3.789,9999.000,9999.000,9999.000,9999.000,9999.000,9999.000,9999.000,9999.000
202606022330,   3.808,9999.000,9999.000,9999.000,9999.000,9999.000,9999.000,9999.000,9999.000
202606022336,   3.822,9999.000,9999.000,9999.000,9999.000,9999.000,9999.000,9999.000,9999.000
202606022342,   3.834,9999.000,9999.000,9999.000,9999.000,9999.000,9999.000,9999.000,9999.000
202606022348,   3.842,9999.000,9999.000,9999.000,9999.000,9999.000,9999.000,9999.000,9999.000
202606022354,   3.846,9999.000,9999.000,9999.000,9999.000,9999.000,9999.000,9999.000,9999.000
202606030000,   3.848,9999.000,   0.700,   0.024,   4.572,   0.600,   4.472,   0.700,   4.572
202606030006,   3.846,9999.000,9999.000,9999.000,9999.000,9999.000,9999.000,9999.000,9999.000
202606030012,   3.840,9999.000,9999.000,9999.000,9999.000,9999.000,9999.000,9999.000,9999.000
202606030018,   3.832,9999.000,9999.000,9999.000,9999.000,9999.000,9999.000,9999.000,9999.000
202606030024,   3.821,9999.000,9999.000,9999.000,9999.000,9999.000,9999.000,9999.000,9999.000
202606030030,   3.807,9999.000,9999.000,9999.000,9999.000,9999.000,9999.000,9999.000,9999.000
202606030036,   3.790,9999.000,9999.000,9999.000,9999.000,9999.000,9999.000,9999.000,9999.000
202606030042,   3.770,9999.000,9999.000,9999.000,9999.000,9999.000,9999.000,9999.000,9999.000
202606030048,   3.748,9999.000,9999.000,9999.000,9999.000,9999.000,9999.000,9999.000,9999.000
202606030054,   3.723,9999.000,9999.000,9999.000,9999.000,9999.000,9999.000,9999.000,9999.000
202606030100,   3.696,9999.000,   0.700,   0.024,   4.420,   0.600,   4.320,   0.700,   4.420
202606030106,   3.667,9999.000,9999.000,9999.000,9999.000,9999.000,9999.000,9999.000,9999.000
202606030112,   3.637,9999.000,9999.000,9999.000,9999.000,9999.000,9999.000,9999.000,9999.000
202606030118,   3.604,9999.000,9999.000,9999.000,9999.000,9999.000,9999.000,9999.000,9999.000
202606030124,   3.570,9999.000,9999.000,9999.000,9999.000,9999.000,9999.000,9999.000,9999.000
202606030130,   3.534,9999.000,9999.000,9999.000,9999.000,9999.000,9999.000,9999.000,9999.000
202606030136,   3.498,9999.000,9999.000,9999.000,9999.000,9999.000,9999.000,9999.000,9999.000
202606030142,   3.460,9999.000,9999.000,9999.000,9999.000,9999.000,9999.000,9999.000,9999.000
202606030148,   3.422,9999.000,9999.000,9999.000,9999.000,9999.000,9999.000,9999.000,9999.000
202606030154,   3.383,9999.000,9999.000,9999.000,9999.000,9999.000,9999.000,9999.000,9999.000
202606030200,   3.344,9999.000,   0.700,   0.024,   4.068,   0.600,   3.968,   0.700,   4.068
202606030206,   3.304,9999.000,9999.000,9999.000,9999.000,9999.000,9999.000,9999.000,9999.000
202606030212,   3.265,9999.000,9999.000,9999.000,9999.000,9999.000,9999.000,9999.000,9999.000
202606030218,   3.225,9999.000,9999.000,9999.000,9999.000,9999.000,9999.000,9999.000,9999.000
202606030224,   3.186,9999.000,9999.000,9999.000,9999.000,9999.000,9999.000,9999.000,9999.000
202606030230,   3.148,9999.000,9999.000,9999.000,9999.000,9999.000,9999.000,9999.000,9999.000
202606030236,   3.110,9999.000,9999.000,9999.000,9999.000,9999.000,9999.000,9999.000,9999.000
202606030242,   3.074,9999.000,9999.000,9999.000,9999.000,9999.000,9999.000,9999.000,9999.000
202606030248,   3.038,9999.000,9999.000,9999.000,9999.000,9999.000,9999.000,9999.000,9999.000
202606030254,   3.003,9999.000,9999.000,9999.000,9999.000,9999.000,9999.000,9999.000,9999.000
202606030300,   2.970,9999.000,   0.700,   0.024,   3.694,   0.600,   3.594,   0.700,   3.694
202606030306,   2.938,9999.000,9999.000,9999.000,9999.000,9999.000,9999.000,9999.000,9999.000
202606030312,   2.907,9999.000,9999.000,9999.000,9999.000,9999.000,9999.000,9999.000,9999.000
202606030318,   2.878,9999.000,9999.000,9999.000,9999.000,9999.000,9999.000,9999.000,9999.000
202606030324,   2.851,9999.000,9999.000,9999.000,9999.000,9999.000,9999.000,9999.000,9999.000
202606030330,   2.825,9999.000,9999.000,9999.000,9999.000,9999.000,9999.000,9999.000,9999.000
202606030336,   2.801,9999.000,9999.000,9999.000,9999.000,9999.000,9999.000,9999.000,9999.000
202606030342,   2.779,9999.000,9999.000,9999.000,9999.000,9999.000,9999.000,9999.000,9999.000
202606030348,   2.759,9999.000,9999.000,9999.000,9999.000,9999.000,9999.000,9999.000,9999.000
202606030354,   2.741,9999.000,9999.000,9999.000,9999.000,9999.000,9999.000,9999.000,9999.000
202606030400,   2.725,9999.000,   0.700,   0.024,   3.449,   0.700,   3.449,   0.700,   3.449
202606030406,   2.711,9999.000,9999.000,9999.000,9999.000,9999.000,9999.000,9999.000,9999.000
202606030412,   2.699,9999.000,9999.000,9999.000,9999.000,9999.000,9999.000,9999.000,9999.000
202606030418,   2.689,9999.000,9999.000,9999.000,9999.000,9999.000,9999.000,9999.000,9999.000
202606030424,   2.682,9999.000,9999.000,9999.000,9999.000,9999.000,9999.000,9999.000,9999.000
202606030430,   2.677,9999.000,9999.000,9999.000,9999.000,9999.000,9999.000,9999.000,9999.000
202606030436,   2.674,9999.000,9999.000,9999.000,9999.000,9999.000,9999.000,9999.000,9999.000
202606030442,   2.674,9999.000,9999.000,9999.000,9999.000,9999.000,9999.000,9999.000,9999.000
202606030448,   2.676,9999.000,9999.000,9999.000,9999.000,9999.000,9999.000,9999.000,9999.000
202606030454,   2.681,9999.000,9999.000,9999.000,9999.000,9999.000,9999.000,9999.000,9999.000
202606030500,   2.689,9999.000,   0.700,   0.024,   3.413,   0.700,   3.413,   0.700,   3.413
202606030506,   2.700,9999.000,9999.000,9999.000,9999.000,9999.000,9999.000,9999.000,9999.000
202606030512,   2.714,9999.000,9999.000,9999.000,9999.000,9999.000,9999.000,9999.000,9999.000
202606030518,   2.730,9999.000,9999.000,9999.000,9999.000,9999.000,9999.000,9999.000,9999.000
202606030524,   2.750,9999.000,9999.000,9999.000,9999.000,9999.000,9999.000,9999.000,9999.000
202606030530,   2.773,9999.000,9999.000,9999.000,9999.000,9999.000,9999.000,9999.000,9999.000
202606030536,   2.799,9999.000,9999.000,9999.000,9999.000,9999.000,9999.000,9999.000,9999.000
202606030542,   2.829,9999.000,9999.000,9999.000,9999.000,9999.000,9999.000,9999.000,9999.000
202606030548,   2.861,9999.000,9999.000,9999.000,9999.000,9999.000,9999.000,9999.000,9999.000
202606030554,   2.897,9999.000,9999.000,9999.000,9999.000,9999.000,9999.000,9999.000,9999.000
202606030600,   2.936,9999.000,   0.700,   0.024,   3.660,   0.700,   3.660,   0.700,   3.660
202606030606,   2.979,9999.000,9999.000,9999.000,9999.000,9999.000,9999.000,9999.000,9999.000
202606030612,   3.024,9999.000,9999.000,9999.000,9999.000,9999.000,9999.000,9999.000,9999.000
202606030618,   3.073,9999.000,9999.000,9999.000,9999.000,9999.000,9999.000,9999.000,9999.000
202606030624,   3.124,9999.000,9999.000,9999.000,9999.000,9999.000,9999.000,9999.000,9999.000
202606030630,   3.179,9999.000,9999.000,9999.000,9999.000,9999.000,9999.000,9999.000,9999.000
202606030636,   3.236,9999.000,9999.000,9999.000,9999.000,9999.000,9999.000,9999.000,9999.000
202606030642,   3.295,9999.000,9999.000,9999.000,9999.000,9999.000,9999.000,9999.000,9999.000
202606030648,   3.357,9999.000,9999.000,9999.000,9999.000,9999.000,9999.000,9999.000,9999.000
202606030654,   3.421,9999.000,9999.000,9999.000,9999.000,9999.000,9999.000,9999.000,9999.000
202606030700,   3.487,9999.000,   0.700,   0.024,   4.211,   0.700,   4.211,   0.700,   4.211
202606030706,   3.554,9999.000,9999.000,9999.000,9999.000,9999.000,9999.000,9999.000,9999.000
202606030712,   3.623,9999.000,9999.000,9999.000,9999.000,9999.000,9999.000,9999.000,9999.000
202606030718,   3.693,9999.000,9999.000,9999.000,9999.000,9999.000,9999.000,9999.000,9999.000
202606030724,   3.763,9999.000,9999.000,9999.000,9999.000,9999.000,9999.000,9999.000,9999.000
202606030730,   3.834,9999.000,9999.000,9999.000,9999.000,9999.000,9999.000,9999.000,9999.000
202606030736,   3.906,9999.000,9999.000,9999.000,9999.000,9999.000,9999.000,9999.000,9999.000
202606030742,   3.977,9999.000,9999.000,9999.000,9999.000,9999.000,9999.000,9999.000,9999.000
202606030748,   4.047,9999.000,9999.000,9999.000,9999.000,9999.000,9999.000,9999.000,9999.000
202606030754,   4.117,9999.000,9999.000,9999.000,9999.000,9999.000,9999.000,9999.000,9999.000
202606030800,   4.186,9999.000,   0.700,   0.024,   4.910,   0.600,   4.810,   0.700,   4.910
202606030806,   4.254,9999.000,9999.000,9999.000,9999.000,9999.000,9999.000,9999.000,9999.000
202606030812,   4.321,9999.000,9999.000,9999.000,9999.000,9999.000,9999.000,9999.000,9999.000
202606030818,   4.385,9999.000,9999.000,9999.000,9999.000,9999.000,9999.000,9999.000,9999.000
202606030824,   4.448,9999.000,9999.000,9999.000,9999.000,9999.000,9999.000,9999.000,9999.000
202606030830,   4.508,9999.000,9999.000,9999.000,9999.000,9999.000,9999.000,9999.000,9999.000
202606030836,   4.567,9999.000,9999.000,9999.000,9999.000,9999.000,9999.000,9999.000,9999.000
202606030842,   4.622,9999.000,9999.000,9999.000,9999.000,9999.000,9999.000,9999.000,9999.000
202606030848,   4.675,9999.000,9999.000,9999.000,9999.000,9999.000,9999.000,9999.000,9999.000
202606030854,   4.725,9999.000,9999.000,9999.000,9999.000,9999.000,9999.000,9999.000,9999.000
202606030900,   4.772,9999.000,   0.700,   0.024,   5.496,   0.600,   5.396,   0.700,   5.496
202606030906,   4.816,9999.000,9999.000,9999.000,9999.000,9999.000,9999.000,9999.000,9999.000
202606030912,   4.856,9999.000,9999.000,9999.000,9999.000,9999.000,9999.000,9999.000,9999.000
202606030918,   4.893,9999.000,9999.000,9999.000,9999.000,9999.000,9999.000,9999.000,9999.000
202606030924,   4.926,9999.000,9999.000,9999.000,9999.000,9999.000,9999.000,9999.000,9999.000
202606030930,   4.956,9999.000,9999.000,9999.000,9999.000,9999.000,9999.000,9999.000,9999.000
202606030936,   4.982,9999.000,9999.000,9999.000,9999.000,9999.000,9999.000,9999.000,9999.000
202606030942,   5.005,9999.000,9999.000,9999.000,9999.000,9999.000,9999.000,9999.000,9999.000
202606030948,   5.023,9999.000,9999.000,9999.000,9999.000,9999.000,9999.000,9999.000,9999.000
202606030954,   5.038,9999.000,9999.000,9999.000,9999.000,9999.000,9999.000,9999.000,9999.000
202606031000,   5.048,9999.000,   0.700,   0.024,   5.772,   0.600,   5.672,   0.700,   5.772
202606031006,   5.055,9999.000,9999.000,9999.000,9999.000,9999.000,9999.000,9999.000,9999.000
202606031012,   5.057,9999.000,9999.000,9999.000,9999.000,9999.000,9999.000,9999.000,9999.000
202606031018,   5.055,9999.000,9999.000,9999.000,9999.000,9999.000,9999.000,9999.000,9999.000
202606031024,   5.050,9999.000,9999.000,9999.000,9999.000,9999.000,9999.000,9999.000,9999.000
202606031030,   5.040,9999.000,9999.000,9999.000,9999.000,9999.000,9999.000,9999.000,9999.000
202606031036,   5.025,9999.000,9999.000,9999.000,9999.000,9999.000,9999.000,9999.000,9999.000
202606031042,   5.007,9999.000,9999.000,9999.000,9999.000,9999.000,9999.000,9999.000,9999.000
202606031048,   4.984,9999.000,9999.000,9999.000,9999.000,9999.000,9999.000,9999.000,9999.000
202606031054,   4.957,9999.000,9999.000,9999.000,9999.000,9999.000,9999.000,9999.000,9999.000
202606031100,   4.926,9999.000,   0.700,   0.024,   5.650,   0.600,   5.550,   0.700,   5.650
202606031106,   4.890,9999.000,9999.000,9999.000,9999.000,9999.000,9999.000,9999.000,9999.000
202606031112,   4.851,9999.000,9999.000,9999.000,9999.000,9999.000,9999.000,9999.000,9999.000
202606031118,   4.807,9999.000,9999.000,9999.000,9999.000,9999.000,9999.000,9999.000,9999.000
202606031124,   4.759,9999.000,9999.000,9999.000,9999.000,9999.000,9999.000,9999.000,9999.000
202606031130,   4.707,9999.000,9999.000,9999.000,9999.000,9999.000,9999.000,9999.000,9999.000
202606031136,   4.651,9999.000,9999.000,9999.000,9999.000,9999.000,9999.000,9999.000,9999.000
202606031142,   4.590,9999.000,9999.000,9999.000,9999.000,9999.000,9999.000,9999.000,9999.000
202606031148,   4.526,9999.000,9999.000,9999.000,9999.000,9999.000,9999.000,9999.000,9999.000
202606031154,   4.458,9999.000,9999.000,9999.000,9999.000,9999.000,9999.000,9999.000,9999.000
202606031200,   4.387,9999.000,   0.700,   0.024,   5.111,   0.600,   5.011,   0.700,   5.111
202606031206,   4.311,9999.000,9999.000,9999.000,9999.000,9999.000,9999.000,9999.000,9999.000
202606031212,   4.232,9999.000,9999.000,9999.000,9999.000,9999.000,9999.000,9999.000,9999.000
202606031218,   4.150,9999.000,9999.000,9999.000,9999.000,9999.000,9999.000,9999.000,9999.000
202606031224,   4.064,9999.000,9999.000,9999.000,9999.000,9999.000,9999.000,9999.000,9999.000
202606031230,   3.975,9999.000,9999.000,9999.000,9999.000,9999.000,9999.000,9999.000,9999.000
202606031236,   3.883,9999.000,9999.000,9999.000,9999.000,9999.000,9999.000,9999.000,9999.000
202606031242,   3.788,9999.000,9999.000,9999.000,9999.000,9999.000,9999.000,9999.000,9999.000
202606031248,   3.690,9999.000,9999.000,9999.000,9999.000,9999.000,9999.000,9999.000,9999.000
202606031254,   3.589,9999.000,9999.000,9999.000,9999.000,9999.000,9999.000,9999.000,9999.000
202606031300,   3.486,9999.000,   0.700,   0.024,   4.210,   0.600,   4.110,   0.700,   4.210
202606031306,   3.380,9999.000,9999.000,9999.000,9999.000,9999.000,9999.000,9999.000,9999.000
202606031312,   3.273,9999.000,9999.000,9999.000,9999.000,9999.000,9999.000,9999.000,9999.000
202606031318,   3.163,9999.000,9999.000,9999.000,9999.000,9999.000,9999.000,9999.000,9999.000
202606031324,   3.052,9999.000,9999.000,9999.000,9999.000,9999.000,9999.000,9999.000,9999.000
202606031330,   2.939,9999.000,9999.000,9999.000,9999.000,9999.000,9999.000,9999.000,9999.000
202606031336,   2.825,9999.000,9999.000,9999.000,9999.000,9999.000,9999.000,9999.000,9999.000
202606031342,   2.709,9999.000,9999.000,9999.000,9999.000,9999.000,9999.000,9999.000,9999.000
202606031348,   2.593,9999.000,9999.000,9999.000,9999.000,9999.000,9999.000,9999.000,9999.000
202606031354,   2.477,9999.000,9999.000,9999.000,9999.000,9999.000,9999.000,9999.000,9999.000
202606031400,   2.359,9999.000,   0.700,   0.024,   3.083,   0.600,   2.983,   0.700,   3.083
202606031406,   2.242,9999.000,9999.000,9999.000,9999.000,9999.000,9999.000,9999.000,9999.000
202606031412,   2.125,9999.000,9999.000,9999.000,9999.000,9999.000,9999.000,9999.000,9999.000
202606031418,   2.008,9999.000,9999.000,9999.000,9999.000,9999.000,9999.000,9999.000,9999.000
202606031424,   1.891,9999.000,9999.000,9999.000,9999.000,9999.000,9999.000,9999.000,9999.000
202606031430,   1.776,9999.000,9999.000,9999.000,9999.000,9999.000,9999.000,9999.000,9999.000
202606031436,   1.662,9999.000,9999.000,9999.000,9999.000,9999.000,9999.000,9999.000,9999.000
202606031442,   1.549,9999.000,9999.000,9999.000,9999.000,9999.000,9999.000,9999.000,9999.000
202606031448,   1.437,9999.000,9999.000,9999.000,9999.000,9999.000,9999.000,9999.000,9999.000
202606031454,   1.327,9999.000,9999.000,9999.000,9999.000,9999.000,9999.000,9999.000,9999.000
202606031500,   1.219,9999.000,   0.600,   0.024,   1.843,   0.600,   1.843,   0.700,   1.943
202606031506,   1.114,9999.000,9999.000,9999.000,9999.000,9999.000,9999.000,9999.000,9999.000
202606031512,   1.011,9999.000,9999.000,9999.000,9999.000,9999.000,9999.000,9999.000,9999.000
202606031518,   0.910,9999.000,9999.000,9999.000,9999.000,9999.000,9999.000,9999.000,9999.000
202606031524,   0.812,9999.000,9999.000,9999.000,9999.000,9999.000,9999.000,9999.000,9999.000
202606031530,   0.717,9999.000,9999.000,9999.000,9999.000,9999.000,9999.000,9999.000,9999.000
202606031536,   0.624,9999.000,9999.000,9999.000,9999.000,9999.000,9999.000,9999.000,9999.000
202606031542,   0.535,9999.000,9999.000,9999.000,9999.000,9999.000,9999.000,9999.000,9999.000
202606031548,   0.450,9999.000,9999.000,9999.000,9999.000,9999.000,9999.000,9999.000,9999.000
202606031554,   0.367,9999.000,9999.000,9999.000,9999.000,9999.000,9999.000,9999.000,9999.000
202606031600,   0.288,9999.000,   0.700,   0.024,   1.012,   0.600,   0.912,   0.700,   1.012
202606031606,   0.213,9999.000,9999.000,9999.000,9999.000,9999.000,9999.000,9999.000,9999.000
202606031612,   0.141,9999.000,9999.000,9999.000,9999.000,9999.000,9999.000,9999.000,9999.000
202606031618,   0.073,9999.000,9999.000,9999.000,9999.000,9999.000,9999.000,9999.000,9999.000
202606031624,   0.009,9999.000,9999.000,9999.000,9999.000,9999.000,9999.000,9999.000,9999.000
202606031630,  -0.050,9999.000,9999.000,9999.000,9999.000,9999.000,9999.000,9999.000,9999.000
202606031636,  -0.107,9999.000,9999.000,9999.000,9999.000,9999.000,9999.000,9999.000,9999.000
202606031642,  -0.159,9999.000,9999.000,9999.000,9999.000,9999.000,9999.000,9999.000,9999.000
202606031648,  -0.207,9999.000,9999.000,9999.000,9999.000,9999.000,9999.000,9999.000,9999.000
202606031654,  -0.251,9999.000,9999.000,9999.000,9999.000,9999.000,9999.000,9999.000,9999.000
202606031700,  -0.290,9999.000,   0.600,   0.024,   0.334,   0.600,   0.334,   0.700,   0.434
202606031706,  -0.325,9999.000,9999.000,9999.000,9999.000,9999.000,9999.000,9999.000,9999.000
202606031712,  -0.356,9999.000,9999.000,9999.000,9999.000,9999.000,9999.000,9999.000,9999.000
202606031718,  -0.382,9999.000,9999.000,9999.000,9999.000,9999.000,9999.000,9999.000,9999.000
202606031724,  -0.403,9999.000,9999.000,9999.000,9999.000,9999.000,9999.000,9999.000,9999.000
202606031730,  -0.419,9999.000,9999.000,9999.000,9999.000,9999.000,9999.000,9999.000,9999.000
202606031736,  -0.431,9999.000,9999.000,9999.000,9999.000,9999.000,9999.000,9999.000,9999.000
202606031742,  -0.437,9999.000,9999.000,9999.000,9999.000,9999.000,9999.000,9999.000,9999.000
202606031748,  -0.439,9999.000,9999.000,9999.000,9999.000,9999.000,9999.000,9999.000,9999.000
202606031754,  -0.435,9999.000,9999.000,9999.000,9999.000,9999.000,9999.000,9999.000,9999.000
202606031800,  -0.426,9999.000,   0.600,   0.024,   0.198,   0.600,   0.198,   0.700,   0.298
202606031806,  -0.412,9999.000,9999.000,9999.000,9999.000,9999.000,9999.000,9999.000,9999.000
202606031812,  -0.393,9999.000,9999.000,9999.000,9999.000,9999.000,9999.000,9999.000,9999.000
202606031818,  -0.368,9999.000,9999.000,9999.000,9999.000,9999.000,9999.000,9999.000,9999.000
202606031824,  -0.338,9999.000,9999.000,9999.000,9999.000,9999.000,9999.000,9999.000,9999.000
202606031830,  -0.303,9999.000,9999.000,9999.000,9999.000,9999.000,9999.000,9999.000,9999.000
202606031836,  -0.263,9999.000,9999.000,9999.000,9999.000,9999.000,9999.000,9999.000,9999.000
202606031842,  -0.217,9999.000,9999.000,9999.000,9999.000,9999.000,9999.000,9999.000,9999.000
202606031848,  -0.167,9999.000,9999.000,9999.000,9999.000,9999.000,9999.000,9999.000,9999.000
202606031854,  -0.112,9999.000,9999.000,9999.000,9999.000,9999.000,9999.000,9999.000,9999.000
202606031900,  -0.052,9999.000,   0.600,   0.024,   0.572,   0.600,   0.572,   0.700,   0.672
202606031906,   0.012,9999.000,9999.000,9999.000,9999.000,9999.000,9999.000,9999.000,9999.000
202606031912,   0.081,9999.000,9999.000,9999.000,9999.000,9999.000,9999.000,9999.000,9999.000
202606031918,   0.154,9999.000,9999.000,9999.000,9999.000,9999.000,9999.000,9999.000,9999.000
202606031924,   0.231,9999.000,9999.000,9999.000,9999.000,9999.000,9999.000,9999.000,9999.000
202606031930,   0.312,9999.000,9999.000,9999.000,9999.000,9999.000,9999.000,9999.000,9999.000
202606031936,   0.396,9999.000,9999.000,9999.000,9999.000,9999.000,9999.000,9999.000,9999.000
202606031942,   0.483,9999.000,9999.000,9999.000,9999.000,9999.000,9999.000,9999.000,9999.000
202606031948,   0.573,9999.000,9999.000,9999.000,9999.000,9999.000,9999.000,9999.000,9999.000
202606031954,   0.666,9999.000,9999.000,9999.000,9999.000,9999.000,9999.000,9999.000,9999.000
202606032000,   0.761,9999.000,   0.600,   0.024,   1.385,   0.600,   1.385,   0.700,   1.485
202606032006,   0.857,9999.000,9999.000,9999.000,9999.000,9999.000,9999.000,9999.000,9999.000
202606032012,   0.956,9999.000,9999.000,9999.000,9999.000,9999.000,9999.000,9999.000,9999.000
202606032018,   1.055,9999.000,9999.000,9999.000,9999.000,9999.000,9999.000,9999.000,9999.000
202606032024,   1.156,9999.000,9999.000,9999.000,9999.000,9999.000,9999.000,9999.000,9999.000
202606032030,   1.257,9999.000,9999.000,9999.000,9999.000,9999.000,9999.000,9999.000,9999.000
202606032036,   1.359,9999.000,9999.000,9999.000,9999.000,9999.000,9999.000,9999.000,9999.000
202606032042,   1.461,9999.000,9999.000,9999.000,9999.000,9999.000,9999.000,9999.000,9999.000
202606032048,   1.563,9999.000,9999.000,9999.000,9999.000,9999.000,9999.000,9999.000,9999.000
202606032054,   1.665,9999.000,9999.000,9999.000,9999.000,9999.000,9999.000,9999.000,9999.000
202606032100,   1.766,9999.000,   0.600,   0.024,   2.390,   0.600,   2.390,   0.700,   2.490
202606032106,   1.866,9999.000,9999.000,9999.000,9999.000,9999.000,9999.000,9999.000,9999.000
202606032112,   1.965,9999.000,9999.000,9999.000,9999.000,9999.000,9999.000,9999.000,9999.000
202606032118,   2.063,9999.000,9999.000,9999.000,9999.000,9999.000,9999.000,9999.000,9999.000
202606032124,   2.160,9999.000,9999.000,9999.000,9999.000,9999.000,9999.000,9999.000,9999.000
202606032130,   2.255,9999.000,9999.000,9999.000,9999.000,9999.000,9999.000,9999.000,9999.000
202606032136,   2.349,9999.000,9999.000,9999.000,9999.000,9999.000,9999.000,9999.000,9999.000
202606032142,   2.441,9999.000,9999.000,9999.000,9999.000,9999.000,9999.000,9999.000,9999.000
202606032148,   2.530,9999.000,9999.000,9999.000,9999.000,9999.000,9999.000,9999.000,9999.000
202606032154,   2.618,9999.000,9999.000,9999.000,9999.000,9999.000,9999.000,9999.000,9999.000
202606032200,   2.704,9999.000,   0.600,   0.024,   3.328,   0.600,   3.328,   0.700,   3.428
202606032206,   2.787,9999.000,9999.000,9999.000,9999.000,9999.000,9999.000,9999.000,9999.000
202606032212,   2.867,9999.000,9999.000,9999.000,9999.000,9999.000,9999.000,9999.000,9999.000
202606032218,   2.945,9999.000,9999.000,9999.000,9999.000,9999.000,9999.000,9999.000,9999.000
202606032224,   3.021,9999.000,9999.000,9999.000,9999.000,9999.000,9999.000,9999.000,9999.000
202606032230,   3.094,9999.000,9999.000,9999.000,9999.000,9999.000,9999.000,9999.000,9999.000
202606032236,   3.164,9999.000,9999.000,9999.000,9999.000,9999.000,9999.000,9999.000,9999.000
202606032242,   3.231,9999.000,9999.000,9999.000,9999.000,9999.000,9999.000,9999.000,9999.000
202606032248,   3.295,9999.000,9999.000,9999.000,9999.000,9999.000,9999.000,9999.000,9999.000
202606032254,   3.356,9999.000,9999.000,9999.000,9999.000,9999.000,9999.000,9999.000,9999.000
202606032300,   3.414,9999.000,   0.600,   0.024,   4.038,   0.600,   4.038,   0.700,   4.138
202606032306,   3.469,9999.000,9999.000,9999.000,9999.000,9999.000,9999.000,9999.000,9999.000
202606032312,   3.521,9999.000,9999.000,9999.000,9999.000,9999.000,9999.000,9999.000,9999.000
202606032318,   3.569,9999.000,9999.000,9999.000,9999.000,9999.000,9999.000,9999.000,9999.000
202606032324,   3.614,9999.000,9999.000,9999.000,9999.000,9999.000,9999.000,9999.000,9999.000
202606032330,   3.656,9999.000,9999.000,9999.000,9999.000,9999.000,9999.000,9999.000,9999.000
202606032336,   3.695,9999.000,9999.000,9999.000,9999.000,9999.000,9999.000,9999.000,9999.000
202606032342,   3.730,9999.000,9999.000,9999.000,9999.000,9999.000,9999.000,9999.000,9999.000
202606032348,   3.762,9999.000,9999.000,9999.000,9999.000,9999.000,9999.000,9999.000,9999.000
202606032354,   3.791,9999.000,9999.000,9999.000,9999.000,9999.000,9999.000,9999.000,9999.000
202606040000,   3.816,9999.000,   0.600,   0.024,   4.440,   0.600,   4.440,   0.700,   4.540
202606040006,   3.838,9999.000,9999.000,9999.000,9999.000,9999.000,9999.000,9999.000,9999.000
202606040012,   3.856,9999.000,9999.000,9999.000,9999.000,9999.000,9999.000,9999.000,9999.000
202606040018,   3.872,9999.000,9999.000,9999.000,9999.000,9999.000,9999.000,9999.000,9999.000
202606040024,   3.884,9999.000,9999.000,9999.000,9999.000,9999.000,9999.000,9999.000,9999.000
202606040030,   3.892,9999.000,9999.000,9999.000,9999.000,9999.000,9999.000,9999.000,9999.000
202606040036,   3.898,9999.000,9999.000,9999.000,9999.000,9999.000,9999.000,9999.000,9999.000
202606040042,   3.900,9999.000,9999.000,9999.000,9999.000,9999.000,9999.000,9999.000,9999.000
202606040048,   3.900,9999.000,9999.000,9999.000,9999.000,9999.000,9999.000,9999.000,9999.000
202606040054,   3.896,9999.000,9999.000,9999.000,9999.000,9999.000,9999.000,9999.000,9999.000
202606040100,   3.889,9999.000,   0.600,   0.024,   4.513,   0.600,   4.513,   0.700,   4.613
202606040106,   3.880,9999.000,9999.000,9999.000,9999.000,9999.000,9999.000,9999.000,9999.000
202606040112,   3.867,9999.000,9999.000,9999.000,9999.000,9999.000,9999.000,9999.000,9999.000
202606040118,   3.852,9999.000,9999.000,9999.000,9999.000,9999.000,9999.000,9999.000,9999.000
202606040124,   3.834,9999.000,9999.000,9999.000,9999.000,9999.000,9999.000,9999.000,9999.000
202606040130,   3.814,9999.000,9999.000,9999.000,9999.000,9999.000,9999.000,9999.000,9999.000
202606040136,   3.792,9999.000,9999.000,9999.000,9999.000,9999.000,9999.000,9999.000,9999.000
202606040142,   3.767,9999.000,9999.000,9999.000,9999.000,9999.000,9999.000,9999.000,9999.000
202606040148,   3.740,9999.000,9999.000,9999.000,9999.000,9999.000,9999.000,9999.000,9999.000
202606040154,   3.711,9999.000,9999.000,9999.000,9999.000,9999.000,9999.000,9999.000,9999.000
202606040200,   3.680,9999.000,   0.600,   0.024,   4.304,   0.600,   4.304,   0.700,   4.404
202606040206,   3.648,9999.000,9999.000,9999.000,9999.000,9999.000,9999.000,9999.000,9999.000
202606040212,   3.614,9999.000,9999.000,9999.000,9999.000,9999.000,9999.000,9999.000,9999.000
202606040218,   3.579,9999.000,9999.000,9999.000,9999.000,9999.000,9999.000,9999.000,9999.000
202606040224,   3.543,9999.000,9999.000,9999.000,9999.000,9999.000,9999.000,9999.000,9999.000
202606040230,   3.506,9999.000,9999.000,9999.000,9999.000,9999.000,9999.000,9999.000,9999.000
202606040236,   3.468,9999.000,9999.000,9999.000,9999.000,9999.000,9999.000,9999.000,9999.000
202606040242,   3.429,9999.000,9999.000,9999.000,9999.000,9999.000,9999.000,9999.000,9999.000
202606040248,   3.391,9999.000,9999.000,9999.000,9999.000,9999.000,9999.000,9999.000,9999.000
202606040254,   3.352,9999.000,9999.000,9999.000,9999.000,9999.000,9999.000,9999.000,9999.000
202606040300,   3.313,9999.000,   0.700,   0.024,   4.037,   0.600,   3.937,   0.700,   4.037
202606040306,   3.274,9999.000,9999.000,9999.000,9999.000,9999.000,9999.000,9999.000,9999.000
202606040312,   3.236,9999.000,9999.000,9999.000,9999.000,9999.000,9999.000,9999.000,9999.000
202606040318,   3.199,9999.000,9999.000,9999.000,9999.000,9999.000,9999.000,9999.000,9999.000
202606040324,   3.162,9999.000,9999.000,9999.000,9999.000,9999.000,9999.000,9999.000,9999.000
202606040330,   3.126,9999.000,9999.000,9999.000,9999.000,9999.000,9999.000,9999.000,9999.000
202606040336,   3.091,9999.000,9999.000,9999.000,9999.000,9999.000,9999.000,9999.000,9999.000
202606040342,   3.058,9999.000,9999.000,9999.000,9999.000,9999.000,9999.000,9999.000,9999.000
202606040348,   3.025,9999.000,9999.000,9999.000,9999.000,9999.000,9999.000,9999.000,9999.000
202606040354,   2.994,9999.000,9999.000,9999.000,9999.000,9999.000,9999.000,9999.000,9999.000
202606040400,   2.965,9999.000,   0.700,   0.024,   3.689,   0.600,   3.589,   0.700,   3.689
202606040406,   2.937,9999.000,9999.000,9999.000,9999.000,9999.000,9999.000,9999.000,9999.000
202606040412,   2.911,9999.000,9999.000,9999.000,9999.000,9999.000,9999.000,9999.000,9999.000
202606040418,   2.887,9999.000,9999.000,9999.000,9999.000,9999.000,9999.000,9999.000,9999.000
202606040424,   2.864,9999.000,9999.000,9999.000,9999.000,9999.000,9999.000,9999.000,9999.000
202606040430,   2.844,9999.000,9999.000,9999.000,9999.000,9999.000,9999.000,9999.000,9999.000
202606040436,   2.825,9999.000,9999.000,9999.000,9999.000,9999.000,9999.000,9999.000,9999.000
202606040442,   2.808,9999.000,9999.000,9999.000,9999.000,9999.000,9999.000,9999.000,9999.000
202606040448,   2.794,9999.000,9999.000,9999.000,9999.000,9999.000,9999.000,9999.000,9999.000
202606040454,   2.781,9999.000,9999.000,9999.000,9999.000,9999.000,9999.000,9999.000,9999.000
202606040500,   2.770,9999.000,   0.700,   0.024,   3.494,   0.600,   3.394,   0.700,   3.494
202606040506,   2.762,9999.000,9999.000,9999.000,9999.000,9999.000,9999.000,9999.000,9999.000
202606040512,   2.756,9999.000,9999.000,9999.000,9999.000,9999.000,9999.000,9999.000,9999.000
202606040518,   2.751,9999.000,9999.000,9999.000,9999.000,9999.000,9999.000,9999.000,9999.000
202606040524,   2.750,9999.000,9999.000,9999.000,9999.000,9999.000,9999.000,9999.000,9999.000
202606040530,   2.750,9999.000,9999.000,9999.000,9999.000,9999.000,9999.000,9999.000,9999.000
202606040536,   2.753,9999.000,9999.000,9999.000,9999.000,9999.000,9999.000,9999.000,9999.000
202606040542,   2.758,9999.000,9999.000,9999.000,9999.000,9999.000,9999.000,9999.000,9999.000
202606040548,   2.766,9999.000,9999.000,9999.000,9999.000,9999.000,9999.000,9999.000,9999.000
202606040554,   2.777,9999.000,9999.000,9999.000,9999.000,9999.000,9999.000,9999.000,9999.000
202606040600,   2.790,9999.000,   0.700,   0.024,   3.514,   0.600,   3.414,   0.700,   3.514
