        TIME,    TIDE,      OB,   SURGE,    BIAS,     TWL,SURGE90p,  TWL90p,SURGE10p,   TWL10p
202603161800,   0.320,   2.450,   1.300,   0.830,   2.450,   1.100,   2.250,   1.400,   2.550
202603161806,   0.349,9999.000,9999.000,9999.000,9999.000,9999.000,9999.000,9999.000,9999.000
202603161812,   0.378,   2.459,9999.000,9999.000,9999.000,9999.000,9999.000,9999.000,9999.000
202603161818,   0.407,9999.000,9999.000,9999.000,9999.000,9999.000,9999.000,9999.000,9999.000
202603161824,   0.436,   2.479,9999.000,9999.000,9999.000,9999.000,9999.000,9999.000,9999.000
202603161830,   0.465,9999.000,9999.000,9999.000,9999.000,9999.000,9999.000,9999.000,9999.000
202603161836,   0.493,   2.499,9999.000,9999.000,9999.000,9999.000,9999.000,9999.000,9999.000
202603161842,   0.522,9999.000,9999.000,9999.000,9999.000,9999.000,9999.000,9999.000,9999.000
202603161848,   0.550,   2.509,9999.000,9999.000,9999.000,9999.000,9999.000,9999.000,9999.000
202603161854,   0.579,9999.000,9999.000,9999.000,9999.000,9999.000,9999.000,9999.000,9999.000
202603161900,   0.607,   2.587,   1.300,   0.680,   2.587,   1.100,   2.387,   1.400,   2.687
202603161906,   0.634,   2.620,9999.000,9999.000,9999.000,9999.000,9999.000,9999.000,9999.000
202603161912,   0.662,   2.650,9999.000,9999.000,9999.000,9999.000,9999.000,9999.000,9999.000
202603161918,   0.688,   2.679,9999.000,9999.000,9999.000,9999.000,9999.000,9999.000,9999.000
202603161924,   0.715,   2.738,9999.000,9999.000,9999.000,9999.000,9999.000,9999.000,9999.000
202603161930,   0.741,   2.807,9999.000,9999.000,9999.000,9999.000,9999.000,9999.000,9999.000
202603161936,   0.767,   2.860,9999.000,9999.000,9999.000,9999.000,9999.000,9999.000,9999.000
202603161942,   0.792,   2.860,9999.000,9999.000,9999.000,9999.000,9999.000,9999.000,9999.000
202603161948,   0.816,   2.879,9999.000,9999.000,9999.000,9999.000,9999.000,9999.000,9999.000
202603161954,   0.840,   2.889,9999.000,9999.000,9999.000,9999.000,9999.000,9999.000,9999.000
202603162000,   0.864,   2.899,   1.300,   0.735,   2.899,   1.200,   2.799,   1.400,   2.999
202603162006,   0.886,   2.909,9999.000,9999.000,9999.000,9999.000,9999.000,9999.000,9999.000
202603162012,   0.908,   2.909,9999.000,9999.000,9999.000,9999.000,9999.000,9999.000,9999.000
202603162018,   0.930,   2.919,9999.000,9999.000,9999.000,9999.000,9999.000,9999.000,9999.000
202603162024,   0.950,   2.909,9999.000,9999.000,9999.000,9999.000,9999.000,9999.000,9999.000
202603162030,   0.969,   2.929,9999.000,9999.000,9999.000,9999.000,9999.000,9999.000,9999.000
202603162036,   0.988,   2.938,9999.000,9999.000,9999.000,9999.000,9999.000,9999.000,9999.000
202603162042,   1.005,   2.938,9999.000,9999.000,9999.000,9999.000,9999.000,9999.000,9999.000
202603162048,   1.022,   2.978,9999.000,9999.000,9999.000,9999.000,9999.000,9999.000,9999.000
202603162054,   1.037,   3.007,9999.000,9999.000,9999.000,9999.000,9999.000,9999.000,9999.000
202603162100,   1.051,   3.050,   1.400,   0.599,   3.050,   1.200,   2.850,   1.500,   3.150
202603162106,   1.063,   3.109,9999.000,9999.000,9999.000,9999.000,9999.000,9999.000,9999.000
202603162112,   1.075,   3.148,9999.000,9999.000,9999.000,9999.000,9999.000,9999.000,9999.000
202603162118,   1.085,   3.188,9999.000,9999.000,9999.000,9999.000,9999.000,9999.000,9999.000
202603162124,   1.093,   3.207,9999.000,9999.000,9999.000,9999.000,9999.000,9999.000,9999.000
202603162130,   1.100,   3.230,9999.000,9999.000,9999.000,9999.000,9999.000,9999.000,9999.000
202603162136,   1.106,   3.250,9999.000,9999.000,9999.000,9999.000,9999.000,9999.000,9999.000
202603162142,   1.110,   3.279,9999.000,9999.000,9999.000,9999.000,9999.000,9999.000,9999.000
202603162148,   1.113,   3.309,9999.000,9999.000,9999.000,9999.000,9999.000,9999.000,9999.000
202603162154,   1.114,   3.309,9999.000,9999.000,9999.000,9999.000,9999.000,9999.000,9999.000
202603162200,   1.114,   3.309,   1.400,   0.795,   3.309,   1.200,   3.109,   1.500,   3.409
202603162206,   1.113,   3.289,9999.000,9999.000,9999.000,9999.000,9999.000,9999.000,9999.000
202603162212,   1.110,   3.279,9999.000,9999.000,9999.000,9999.000,9999.000,9999.000,9999.000
202603162218,   1.105,   3.270,9999.000,9999.000,9999.000,9999.000,9999.000,9999.000,9999.000
202603162224,   1.100,   3.260,9999.000,9999.000,9999.000,9999.000,9999.000,9999.000,9999.000
202603162230,   1.093,   3.270,9999.000,9999.000,9999.000,9999.000,9999.000,9999.000,9999.000
202603162236,   1.085,   3.270,9999.000,9999.000,9999.000,9999.000,9999.000,9999.000,9999.000
202603162242,   1.076,   3.270,9999.000,9999.000,9999.000,9999.000,9999.000,9999.000,9999.000
202603162248,   1.066,   3.279,9999.000,9999.000,9999.000,9999.000,9999.000,9999.000,9999.000
202603162254,   1.055,   3.260,9999.000,9999.000,9999.000,9999.000,9999.000,9999.000,9999.000
202603162300,   1.042,   3.240,   1.500,   0.698,   3.240,   1.200,   2.940,   1.600,   3.340
202603162306,   1.029,   3.230,9999.000,9999.000,9999.000,9999.000,9999.000,9999.000,9999.000
202603162312,   1.015,   3.207,9999.000,9999.000,9999.000,9999.000,9999.000,9999.000,9999.000
202603162318,   1.001,   3.207,9999.000,9999.000,9999.000,9999.000,9999.000,9999.000,9999.000
202603162324,   0.985,   3.197,9999.000,9999.000,9999.000,9999.000,9999.000,9999.000,9999.000
202603162330,   0.969,   3.188,9999.000,9999.000,9999.000,9999.000,9999.000,9999.000,9999.000
202603162336,   0.952,   3.178,9999.000,9999.000,9999.000,9999.000,9999.000,9999.000,9999.000
202603162342,   0.935,   3.168,9999.000,9999.000,9999.000,9999.000,9999.000,9999.000,9999.000
202603162348,   0.917,   3.158,9999.000,9999.000,9999.000,9999.000,9999.000,9999.000,9999.000
202603162354,   0.898,   3.106,9999.000,9999.000,9999.000,9999.000,9999.000,9999.000,9999.000
202603170000,   0.880,   3.106,   1.500,   0.726,   3.106,   1.300,   2.906,   1.700,   3.306
202603170006,   0.860,   3.129,9999.000,9999.000,9999.000,9999.000,9999.000,9999.000,9999.000
202603170012,   0.841,   3.119,9999.000,9999.000,9999.000,9999.000,9999.000,9999.000,9999.000
202603170018,   0.821,   3.119,9999.000,9999.000,9999.000,9999.000,9999.000,9999.000,9999.000
202603170024,   0.800,   3.109,9999.000,9999.000,9999.000,9999.000,9999.000,9999.000,9999.000
202603170030,   0.780,   3.109,9999.000,9999.000,9999.000,9999.000,9999.000,9999.000,9999.000
202603170036,   0.759,   3.089,9999.000,9999.000,9999.000,9999.000,9999.000,9999.000,9999.000
202603170042,   0.738,   3.079,9999.000,9999.000,9999.000,9999.000,9999.000,9999.000,9999.000
202603170048,   0.717,   3.070,9999.000,9999.000,9999.000,9999.000,9999.000,9999.000,9999.000
202603170054,   0.696,   3.040,9999.000,9999.000,9999.000,9999.000,9999.000,9999.000,9999.000
202603170100,   0.675,   3.030,   1.600,   0.755,   3.030,   1.400,   2.830,   1.800,   3.230
202603170106,   0.653,   3.017,9999.000,9999.000,9999.000,9999.000,9999.000,9999.000,9999.000
202603170112,   0.632,   2.997,9999.000,9999.000,9999.000,9999.000,9999.000,9999.000,9999.000
202603170118,   0.611,   2.978,9999.000,9999.000,9999.000,9999.000,9999.000,9999.000,9999.000
202603170124,   0.590,   2.958,9999.000,9999.000,9999.000,9999.000,9999.000,9999.000,9999.000
202603170130,   0.569,   2.948,9999.000,9999.000,9999.000,9999.000,9999.000,9999.000,9999.000
202603170136,   0.548,   2.869,9999.000,9999.000,9999.000,9999.000,9999.000,9999.000,9999.000
202603170142,   0.527,   2.820,9999.000,9999.000,9999.000,9999.000,9999.000,9999.000,9999.000
202603170148,   0.507,   2.719,9999.000,9999.000,9999.000,9999.000,9999.000,9999.000,9999.000
202603170154,   0.486,   2.597,9999.000,9999.000,9999.000,9999.000,9999.000,9999.000,9999.000
202603170200,   0.466,   2.499,   1.500,   0.533,   2.499,   1.300,   2.299,   1.700,   2.699
202603170206,   0.446,   2.400,9999.000,9999.000,9999.000,9999.000,9999.000,9999.000,9999.000
202603170212,   0.427,   2.299,9999.000,9999.000,9999.000,9999.000,9999.000,9999.000,9999.000
202603170218,   0.408,   2.210,9999.000,9999.000,9999.000,9999.000,9999.000,9999.000,9999.000
202603170224,   0.389,   2.109,9999.000,9999.000,9999.000,9999.000,9999.000,9999.000,9999.000
202603170230,   0.370,   1.990,9999.000,9999.000,9999.000,9999.000,9999.000,9999.000,9999.000
202603170236,   0.352,   1.849,9999.000,9999.000,9999.000,9999.000,9999.000,9999.000,9999.000
202603170242,   0.334,   1.689,9999.000,9999.000,9999.000,9999.000,9999.000,9999.000,9999.000
202603170248,   0.316,   1.538,9999.000,9999.000,9999.000,9999.000,9999.000,9999.000,9999.000
202603170254,   0.299,   1.348,9999.000,9999.000,9999.000,9999.000,9999.000,9999.000,9999.000
202603170300,   0.282,   1.210,   1.400,  -0.472,   1.210,   1.200,   1.010,   1.500,   1.310
202603170306,   0.266,   1.151,9999.000,9999.000,9999.000,9999.000,9999.000,9999.000,9999.000
202603170312,   0.251,   1.190,9999.000,9999.000,9999.000,9999.000,9999.000,9999.000,9999.000
202603170318,   0.236,   1.348,9999.000,9999.000,9999.000,9999.000,9999.000,9999.000,9999.000
202603170324,   0.221,   1.538,9999.000,9999.000,9999.000,9999.000,9999.000,9999.000,9999.000
202603170330,   0.208,   1.689,9999.000,9999.000,9999.000,9999.000,9999.000,9999.000,9999.000
202603170336,   0.195,   1.767,9999.000,9999.000,9999.000,9999.000,9999.000,9999.000,9999.000
202603170342,   0.183,   1.767,9999.000,9999.000,9999.000,9999.000,9999.000,9999.000,9999.000
202603170348,   0.172,   1.767,9999.000,9999.000,9999.000,9999.000,9999.000,9999.000,9999.000
202603170354,   0.162,   1.781,9999.000,9999.000,9999.000,9999.000,9999.000,9999.000,9999.000
202603170400,   0.154,   1.859,   1.100,   0.605,   1.859,   1.000,   1.759,   1.200,   1.959
202603170406,   0.146,   1.938,9999.000,9999.000,9999.000,9999.000,9999.000,9999.000,9999.000
202603170412,   0.140,   1.990,9999.000,9999.000,9999.000,9999.000,9999.000,9999.000,9999.000
202603170418,   0.135,   2.010,9999.000,9999.000,9999.000,9999.000,9999.000,9999.000,9999.000
202603170424,   0.131,   2.000,9999.000,9999.000,9999.000,9999.000,9999.000,9999.000,9999.000
202603170430,   0.129,   1.990,9999.000,9999.000,9999.000,9999.000,9999.000,9999.000,9999.000
202603170436,   0.128,   2.000,9999.000,9999.000,9999.000,9999.000,9999.000,9999.000,9999.000
202603170442,   0.129,   2.010,9999.000,9999.000,9999.000,9999.000,9999.000,9999.000,9999.000
202603170448,   0.132,   2.010,9999.000,9999.000,9999.000,9999.000,9999.000,9999.000,9999.000
202603170454,   0.136,   1.990,9999.000,9999.000,9999.000,9999.000,9999.000,9999.000,9999.000
202603170500,   0.141,   1.948,   0.900,   0.907,   1.948,   0.700,   1.748,   1.000,   2.048
202603170506,   0.148,   1.908,9999.000,9999.000,9999.000,9999.000,9999.000,9999.000,9999.000
202603170512,   0.157,   1.869,9999.000,9999.000,9999.000,9999.000,9999.000,9999.000,9999.000
202603170518,   0.167,   1.830,9999.000,9999.000,9999.000,9999.000,9999.000,9999.000,9999.000
202603170524,   0.179,   1.767,9999.000,9999.000,9999.000,9999.000,9999.000,9999.000,9999.000
202603170530,   0.192,   1.718,9999.000,9999.000,9999.000,9999.000,9999.000,9999.000,9999.000
202603170536,   0.206,   1.679,9999.000,9999.000,9999.000,9999.000,9999.000,9999.000,9999.000
202603170542,   0.222,   1.669,9999.000,9999.000,9999.000,9999.000,9999.000,9999.000,9999.000
202603170548,   0.239,   1.689,9999.000,9999.000,9999.000,9999.000,9999.000,9999.000,9999.000
202603170554,   0.257,   1.718,9999.000,9999.000,9999.000,9999.000,9999.000,9999.000,9999.000
202603170600,   0.276,   1.748,   1.200,   0.272,   1.748,   0.800,   1.348,   1.400,   1.948
202603170606,   0.296,   1.767,9999.000,9999.000,9999.000,9999.000,9999.000,9999.000,9999.000
202603170612,   0.317,   1.781,9999.000,9999.000,9999.000,9999.000,9999.000,9999.000,9999.000
202603170618,   0.338,   1.781,9999.000,9999.000,9999.000,9999.000,9999.000,9999.000,9999.000
202603170624,   0.360,   1.800,9999.000,9999.000,9999.000,9999.000,9999.000,9999.000,9999.000
202603170630,   0.383,   1.830,9999.000,9999.000,9999.000,9999.000,9999.000,9999.000,9999.000
202603170636,   0.405,   1.869,9999.000,9999.000,9999.000,9999.000,9999.000,9999.000,9999.000
202603170642,   0.429,   1.908,9999.000,9999.000,9999.000,9999.000,9999.000,9999.000,9999.000
202603170648,   0.452,   1.958,9999.000,9999.000,9999.000,9999.000,9999.000,9999.000,9999.000
202603170654,   0.476,   1.958,9999.000,9999.000,9999.000,9999.000,9999.000,9999.000,9999.000
202603170700,   0.500,   1.958,   1.100,   0.358,   1.958,   0.900,   1.758,   1.300,   2.158
202603170706,   0.524,   1.967,9999.000,9999.000,9999.000,9999.000,9999.000,9999.000,9999.000
202603170712,   0.548,   1.958,9999.000,9999.000,9999.000,9999.000,9999.000,9999.000,9999.000
202603170718,   0.572,   1.981,9999.000,9999.000,9999.000,9999.000,9999.000,9999.000,9999.000
202603170724,   0.595,   2.010,9999.000,9999.000,9999.000,9999.000,9999.000,9999.000,9999.000
202603170730,   0.619,   2.030,9999.000,9999.000,9999.000,9999.000,9999.000,9999.000,9999.000
202603170736,   0.642,   2.040,9999.000,9999.000,9999.000,9999.000,9999.000,9999.000,9999.000
202603170742,   0.665,   2.020,9999.000,9999.000,9999.000,9999.000,9999.000,9999.000,9999.000
202603170748,   0.688,   2.000,9999.000,9999.000,9999.000,9999.000,9999.000,9999.000,9999.000
202603170754,   0.711,   1.981,9999.000,9999.000,9999.000,9999.000,9999.000,9999.000,9999.000
202603170800,   0.733,   1.958,   1.000,   0.225,   1.958,   0.900,   1.858,   1.100,   2.058
202603170806,   0.754,   1.948,9999.000,9999.000,9999.000,9999.000,9999.000,9999.000,9999.000
202603170812,   0.775,   1.908,9999.000,9999.000,9999.000,9999.000,9999.000,9999.000,9999.000
202603170818,   0.796,   1.849,9999.000,9999.000,9999.000,9999.000,9999.000,9999.000,9999.000
202603170824,   0.816,   1.810,9999.000,9999.000,9999.000,9999.000,9999.000,9999.000,9999.000
202603170830,   0.835,   1.767,9999.000,9999.000,9999.000,9999.000,9999.000,9999.000,9999.000
202603170836,   0.853,   1.738,9999.000,9999.000,9999.000,9999.000,9999.000,9999.000,9999.000
202603170842,   0.871,   1.708,9999.000,9999.000,9999.000,9999.000,9999.000,9999.000,9999.000
202603170848,   0.888,   1.669,9999.000,9999.000,9999.000,9999.000,9999.000,9999.000,9999.000
202603170854,   0.903,   1.630,9999.000,9999.000,9999.000,9999.000,9999.000,9999.000,9999.000
202603170900,   0.918,   1.571,   0.900,  -0.247,   1.571,   0.800,   1.471,   1.000,   1.671
202603170906,   0.931,   1.548,9999.000,9999.000,9999.000,9999.000,9999.000,9999.000,9999.000
202603170912,   0.944,   1.548,9999.000,9999.000,9999.000,9999.000,9999.000,9999.000,9999.000
202603170918,   0.955,   1.548,9999.000,9999.000,9999.000,9999.000,9999.000,9999.000,9999.000
202603170924,   0.965,   1.538,9999.000,9999.000,9999.000,9999.000,9999.000,9999.000,9999.000
202603170930,   0.973,   1.528,9999.000,9999.000,9999.000,9999.000,9999.000,9999.000,9999.000
202603170936,   0.980,   1.538,9999.000,9999.000,9999.000,9999.000,9999.000,9999.000,9999.000
202603170942,   0.985,   1.557,9999.000,9999.000,9999.000,9999.000,9999.000,9999.000,9999.000
202603170948,   0.990,   1.580,9999.000,9999.000,9999.000,9999.000,9999.000,9999.000,9999.000
202603170954,   0.992,   1.620,9999.000,9999.000,9999.000,9999.000,9999.000,9999.000,9999.000
202603171000,   0.993,   1.649,   0.900,  -0.244,   1.649,   0.800,   1.549,   0.900,   1.649
202603171006,   0.992,   1.689,9999.000,9999.000,9999.000,9999.000,9999.000,9999.000,9999.000
202603171012,   0.990,   1.728,9999.000,9999.000,9999.000,9999.000,9999.000,9999.000,9999.000
202603171018,   0.987,   1.758,9999.000,9999.000,9999.000,9999.000,9999.000,9999.000,9999.000
202603171024,   0.982,   1.800,9999.000,9999.000,9999.000,9999.000,9999.000,9999.000,9999.000
202603171030,   0.975,   1.800,9999.000,9999.000,9999.000,9999.000,9999.000,9999.000,9999.000
202603171036,   0.967,   1.810,9999.000,9999.000,9999.000,9999.000,9999.000,9999.000,9999.000
202603171042,   0.958,   1.820,9999.000,9999.000,9999.000,9999.000,9999.000,9999.000,9999.000
202603171048,   0.947,   1.800,9999.000,9999.000,9999.000,9999.000,9999.000,9999.000,9999.000
202603171054,   0.935,   1.781,9999.000,9999.000,9999.000,9999.000,9999.000,9999.000,9999.000
202603171100,   0.922,   1.767,   0.800,   0.045,   1.767,   0.700,   1.667,   0.900,   1.867
202603171106,   0.907,   1.758,9999.000,9999.000,9999.000,9999.000,9999.000,9999.000,9999.000
202603171112,   0.892,   1.748,9999.000,9999.000,9999.000,9999.000,9999.000,9999.000,9999.000
202603171118,   0.875,   1.728,9999.000,9999.000,9999.000,9999.000,9999.000,9999.000,9999.000
202603171124,   0.857,   1.699,9999.000,9999.000,9999.000,9999.000,9999.000,9999.000,9999.000
202603171130,   0.839,   1.659,9999.000,9999.000,9999.000,9999.000,9999.000,9999.000,9999.000
202603171136,   0.820,   1.610,9999.000,9999.000,9999.000,9999.000,9999.000,9999.000,9999.000
202603171142,   0.799,   1.557,9999.000,9999.000,9999.000,9999.000,9999.000,9999.000,9999.000
202603171148,   0.779,   1.528,9999.000,9999.000,9999.000,9999.000,9999.000,9999.000,9999.000
202603171154,   0.757,   1.498,9999.000,9999.000,9999.000,9999.000,9999.000,9999.000,9999.000
202603171200,   0.735,   1.469,   0.800,  -0.066,   1.469,   0.700,   1.369,   0.900,   1.569
202603171206,   0.712,   1.439,9999.000,9999.000,9999.000,9999.000,9999.000,9999.000,9999.000
202603171212,   0.689,   1.390,9999.000,9999.000,9999.000,9999.000,9999.000,9999.000,9999.000
202603171218,   0.665,   1.348,9999.000,9999.000,9999.000,9999.000,9999.000,9999.000,9999.000
202603171224,   0.641,   1.308,9999.000,9999.000,9999.000,9999.000,9999.000,9999.000,9999.000
202603171230,   0.617,   1.279,9999.000,9999.000,9999.000,9999.000,9999.000,9999.000,9999.000
202603171236,   0.592,   1.249,9999.000,9999.000,9999.000,9999.000,9999.000,9999.000,9999.000
202603171242,   0.567,   1.220,9999.000,9999.000,9999.000,9999.000,9999.000,9999.000,9999.000
202603171248,   0.542,   1.161,9999.000,9999.000,9999.000,9999.000,9999.000,9999.000,9999.000
202603171254,   0.517,   1.088,9999.000,9999.000,9999.000,9999.000,9999.000,9999.000,9999.000
202603171300,   0.491,   1.039,   0.700,  -0.152,   1.039,   0.600,   0.939,   0.800,   1.139
202603171306,   0.466,   1.000,9999.000,9999.000,9999.000,9999.000,9999.000,9999.000,9999.000
202603171312,   0.441,   1.000,9999.000,9999.000,9999.000,9999.000,9999.000,9999.000,9999.000
202603171318,   0.416,   1.010,9999.000,9999.000,9999.000,9999.000,9999.000,9999.000,9999.000
202603171324,   0.391,   1.000,9999.000,9999.000,9999.000,9999.000,9999.000,9999.000,9999.000
202603171330,   0.366,   1.000,9999.000,9999.000,9999.000,9999.000,9999.000,9999.000,9999.000
202603171336,   0.341,   1.000,9999.000,9999.000,9999.000,9999.000,9999.000,9999.000,9999.000
202603171342,   0.317,   1.000,9999.000,9999.000,9999.000,9999.000,9999.000,9999.000,9999.000
202603171348,   0.293,   1.000,9999.000,9999.000,9999.000,9999.000,9999.000,9999.000,9999.000
202603171354,   0.270,   0.980,9999.000,9999.000,9999.000,9999.000,9999.000,9999.000,9999.000
202603171400,   0.247,   0.961,   0.600,   0.114,   0.961,   0.500,   0.861,   0.700,   1.061
202603171406,   0.225,   0.928,9999.000,9999.000,9999.000,9999.000,9999.000,9999.000,9999.000
202603171412,   0.203,   0.898,9999.000,9999.000,9999.000,9999.000,9999.000,9999.000,9999.000
202603171418,   0.182,   0.879,9999.000,9999.000,9999.000,9999.000,9999.000,9999.000,9999.000
202603171424,   0.161,   0.829,9999.000,9999.000,9999.000,9999.000,9999.000,9999.000,9999.000
202603171430,   0.141,   0.810,9999.000,9999.000,9999.000,9999.000,9999.000,9999.000,9999.000
202603171436,   0.121,   0.770,9999.000,9999.000,9999.000,9999.000,9999.000,9999.000,9999.000
202603171442,   0.103,   0.718,9999.000,9999.000,9999.000,9999.000,9999.000,9999.000,9999.000
202603171448,   0.085,   0.669,9999.000,9999.000,9999.000,9999.000,9999.000,9999.000,9999.000
202603171454,   0.067,   0.629,9999.000,9999.000,9999.000,9999.000,9999.000,9999.000,9999.000
202603171500,   0.051,   0.590,   0.600,  -0.061,   0.590,   0.500,   0.490,   0.700,   0.690
202603171506,   0.035,   0.570,9999.000,9999.000,9999.000,9999.000,9999.000,9999.000,9999.000
202603171512,   0.020,   0.551,9999.000,9999.000,9999.000,9999.000,9999.000,9999.000,9999.000
202603171518,   0.006,   0.551,9999.000,9999.000,9999.000,9999.000,9999.000,9999.000,9999.000
202603171524,  -0.006,   0.518,9999.000,9999.000,9999.000,9999.000,9999.000,9999.000,9999.000
202603171530,  -0.019,   0.508,9999.000,9999.000,9999.000,9999.000,9999.000,9999.000,9999.000
202603171536,  -0.031,   0.478,9999.000,9999.000,9999.000,9999.000,9999.000,9999.000,9999.000
202603171542,  -0.041,   0.449,9999.000,9999.000,9999.000,9999.000,9999.000,9999.000,9999.000
202603171548,  -0.051,   0.429,9999.000,9999.000,9999.000,9999.000,9999.000,9999.000,9999.000
202603171554,  -0.060,   0.409,9999.000,9999.000,9999.000,9999.000,9999.000,9999.000,9999.000
202603171600,  -0.067,   0.390,   0.500,  -0.043,   0.390,   0.400,   0.290,   0.600,   0.490
202603171606,  -0.074,   0.370,9999.000,9999.000,9999.000,9999.000,9999.000,9999.000,9999.000
202603171612,  -0.079,   0.360,9999.000,9999.000,9999.000,9999.000,9999.000,9999.000,9999.000
202603171618,  -0.083,   0.341,9999.000,9999.000,9999.000,9999.000,9999.000,9999.000,9999.000
202603171624,  -0.086,   0.321,9999.000,9999.000,9999.000,9999.000,9999.000,9999.000,9999.000
202603171630,  -0.087,   0.308,9999.000,9999.000,9999.000,9999.000,9999.000,9999.000,9999.000
202603171636,  -0.087,   0.288,9999.000,9999.000,9999.000,9999.000,9999.000,9999.000,9999.000
202603171642,  -0.086,   0.278,9999.000,9999.000,9999.000,9999.000,9999.000,9999.000,9999.000
202603171648,  -0.083,   0.268,9999.000,9999.000,9999.000,9999.000,9999.000,9999.000,9999.000
202603171654,  -0.078,   0.249,9999.000,9999.000,9999.000,9999.000,9999.000,9999.000,9999.000
202603171700,  -0.072,   0.239,   0.400,  -0.089,   0.239,   0.300,   0.139,   0.500,   0.339
202603171706,  -0.064,   0.219,9999.000,9999.000,9999.000,9999.000,9999.000,9999.000,9999.000
202603171712,  -0.055,   0.180,9999.000,9999.000,9999.000,9999.000,9999.000,9999.000,9999.000
202603171718,  -0.044,   0.170,9999.000,9999.000,9999.000,9999.000,9999.000,9999.000,9999.000
202603171724,  -0.031,   0.141,9999.000,9999.000,9999.000,9999.000,9999.000,9999.000,9999.000
202603171730,  -0.016,   0.131,9999.000,9999.000,9999.000,9999.000,9999.000,9999.000,9999.000
202603171736,   0.000,   0.121,9999.000,9999.000,9999.000,9999.000,9999.000,9999.000,9999.000
202603171742,   0.016,   0.111,9999.000,9999.000,9999.000,9999.000,9999.000,9999.000,9999.000
202603171748,   0.036,   0.098,9999.000,9999.000,9999.000,9999.000,9999.000,9999.000,9999.000
202603171754,   0.056,   0.088,9999.000,9999.000,9999.000,9999.000,9999.000,9999.000,9999.000
202603171800,   0.078,   0.088,   0.300,  -0.290,   0.088,   0.200,  -0.012,   0.400,   0.188
202603171806,   0.102,   0.111,9999.000,9999.000,9999.000,9999.000,9999.000,9999.000,9999.000
202603171812,   0.126,   0.121,9999.000,9999.000,9999.000,9999.000,9999.000,9999.000,9999.000
202603171818,   0.152,   0.131,9999.000,9999.000,9999.000,9999.000,9999.000,9999.000,9999.000
202603171824,   0.179,   0.121,9999.000,9999.000,9999.000,9999.000,9999.000,9999.000,9999.000
202603171830,   0.206,   0.121,9999.000,9999.000,9999.000,9999.000,9999.000,9999.000,9999.000
202603171836,   0.235,   0.141,9999.000,9999.000,9999.000,9999.000,9999.000,9999.000,9999.000
202603171842,   0.264,   0.160,9999.000,9999.000,9999.000,9999.000,9999.000,9999.000,9999.000
202603171848,   0.294,   0.180,9999.000,9999.000,9999.000,9999.000,9999.000,9999.000,9999.000
202603171854,   0.324,   0.190,9999.000,9999.000,9999.000,9999.000,9999.000,9999.000,9999.000
202603171900,   0.354,   0.170,   0.300,  -0.484,   0.170,   0.200,   0.070,   0.400,   0.270
202603171906,   0.385,   0.170,9999.000,9999.000,9999.000,9999.000,9999.000,9999.000,9999.000
202603171912,   0.416,   0.170,9999.000,9999.000,9999.000,9999.000,9999.000,9999.000,9999.000
202603171918,   0.447,   0.170,9999.000,9999.000,9999.000,9999.000,9999.000,9999.000,9999.000
202603171924,   0.479,   0.219,9999.000,9999.000,9999.000,9999.000,9999.000,9999.000,9999.000
202603171930,   0.510,   0.229,9999.000,9999.000,9999.000,9999.000,9999.000,9999.000,9999.000
202603171936,   0.541,   0.239,9999.000,9999.000,9999.000,9999.000,9999.000,9999.000,9999.000
202603171942,   0.572,   0.229,9999.000,9999.000,9999.000,9999.000,9999.000,9999.000,9999.000
202603171948,   0.602,   0.209,9999.000,9999.000,9999.000,9999.000,9999.000,9999.000,9999.000
202603171954,   0.632,   0.229,9999.000,9999.000,9999.000,9999.000,9999.000,9999.000,9999.000
202603172000,   0.662,   0.219,   0.200,  -0.643,   0.219,   0.100,   0.119,   0.300,   0.319
202603172006,   0.691,   0.249,9999.000,9999.000,9999.000,9999.000,9999.000,9999.000,9999.000
202603172012,   0.720,   0.268,9999.000,9999.000,9999.000,9999.000,9999.000,9999.000,9999.000
202603172018,   0.748,   0.278,9999.000,9999.000,9999.000,9999.000,9999.000,9999.000,9999.000
202603172024,   0.776,   0.298,9999.000,9999.000,9999.000,9999.000,9999.000,9999.000,9999.000
202603172030,   0.803,   0.331,9999.000,9999.000,9999.000,9999.000,9999.000,9999.000,9999.000
202603172036,   0.829,   0.331,9999.000,9999.000,9999.000,9999.000,9999.000,9999.000,9999.000
202603172042,   0.855,   0.341,9999.000,9999.000,9999.000,9999.000,9999.000,9999.000,9999.000
202603172048,   0.879,   0.360,9999.000,9999.000,9999.000,9999.000,9999.000,9999.000,9999.000
202603172054,   0.903,   0.380,9999.000,9999.000,9999.000,9999.000,9999.000,9999.000,9999.000
202603172100,   0.926,   0.400,   0.200,  -0.726,   0.400,   0.100,   0.300,   0.300,   0.500
202603172106,   0.948,   0.419,9999.000,9999.000,9999.000,9999.000,9999.000,9999.000,9999.000
202603172112,   0.968,   0.459,9999.000,9999.000,9999.000,9999.000,9999.000,9999.000,9999.000
202603172118,   0.988,   0.488,9999.000,9999.000,9999.000,9999.000,9999.000,9999.000,9999.000
202603172124,   1.006,   0.508,9999.000,9999.000,9999.000,9999.000,9999.000,9999.000,9999.000
202603172130,   1.023,   0.518,9999.000,9999.000,9999.000,9999.000,9999.000,9999.000,9999.000
202603172136,   1.039,   0.531,9999.000,9999.000,9999.000,9999.000,9999.000,9999.000,9999.000
202603172142,   1.053,   0.541,9999.000,9999.000,9999.000,9999.000,9999.000,9999.000,9999.000
202603172148,   1.066,   0.560,9999.000,9999.000,9999.000,9999.000,9999.000,9999.000,9999.000
202603172154,   1.078,   0.570,9999.000,9999.000,9999.000,9999.000,9999.000,9999.000,9999.000
202603172200,   1.088,   0.570,   0.100,  -0.618,   0.570,   0.000,   0.470,   0.200,   0.670
202603172206,   1.096,   0.580,9999.000,9999.000,9999.000,9999.000,9999.000,9999.000,9999.000
202603172212,   1.103,   0.570,9999.000,9999.000,9999.000,9999.000,9999.000,9999.000,9999.000
202603172218,   1.108,   0.560,9999.000,9999.000,9999.000,9999.000,9999.000,9999.000,9999.000
202603172224,   1.112,   0.570,9999.000,9999.000,9999.000,9999.000,9999.000,9999.000,9999.000
202603172230,   1.114,   0.551,9999.000,9999.000,9999.000,9999.000,9999.000,9999.000,9999.000
202603172236,   1.115,   0.570,9999.000,9999.000,9999.000,9999.000,9999.000,9999.000,9999.000
202603172242,   1.114,   0.580,9999.000,9999.000,9999.000,9999.000,9999.000,9999.000,9999.000
202603172248,   1.112,   0.580,9999.000,9999.000,9999.000,9999.000,9999.000,9999.000,9999.000
202603172254,   1.108,   0.570,9999.000,9999.000,9999.000,9999.000,9999.000,9999.000,9999.000
202603172300,   1.102,   0.551,   0.100,  -0.651,   0.551,   0.000,   0.451,   0.200,   0.651
202603172306,   1.095,   0.541,9999.000,9999.000,9999.000,9999.000,9999.000,9999.000,9999.000
202603172312,   1.087,   0.508,9999.000,9999.000,9999.000,9999.000,9999.000,9999.000,9999.000
202603172318,   1.078,   0.488,9999.000,9999.000,9999.000,9999.000,9999.000,9999.000,9999.000
202603172324,   1.067,   0.488,9999.000,9999.000,9999.000,9999.000,9999.000,9999.000,9999.000
202603172330,   1.055,   0.478,9999.000,9999.000,9999.000,9999.000,9999.000,9999.000,9999.000
202603172336,   1.042,   0.469,9999.000,9999.000,9999.000,9999.000,9999.000,9999.000,9999.000
202603172342,   1.028,   0.449,9999.000,9999.000,9999.000,9999.000,9999.000,9999.000,9999.000
202603172348,   1.013,   0.439,9999.000,9999.000,9999.000,9999.000,9999.000,9999.000,9999.000
202603172354,   0.997,   0.327,9999.000,9999.000,9999.000,9999.000,9999.000,9999.000,9999.000
202603180000,   0.980,   0.327,   0.000,  -0.653,   0.327,   0.000,   0.327,   0.100,   0.427
202603180006,   0.962,   0.380,9999.000,9999.000,9999.000,9999.000,9999.000,9999.000,9999.000
202603180012,   0.944,   0.360,9999.000,9999.000,9999.000,9999.000,9999.000,9999.000,9999.000
202603180018,   0.924,   0.341,9999.000,9999.000,9999.000,9999.000,9999.000,9999.000,9999.000
202603180024,   0.904,   0.331,9999.000,9999.000,9999.000,9999.000,9999.000,9999.000,9999.000
202603180030,   0.884,   0.331,9999.000,9999.000,9999.000,9999.000,9999.000,9999.000,9999.000
202603180036,   0.862,   0.308,9999.000,9999.000,9999.000,9999.000,9999.000,9999.000,9999.000
202603180042,   0.840,   0.288,9999.000,9999.000,9999.000,9999.000,9999.000,9999.000,9999.000
202603180048,   0.818,   0.259,9999.000,9999.000,9999.000,9999.000,9999.000,9999.000,9999.000
202603180054,   0.795,   0.239,9999.000,9999.000,9999.000,9999.000,9999.000,9999.000,9999.000
202603180100,   0.772,   0.200,   0.000,  -0.572,   0.200,   0.000,   0.200,   0.000,   0.200
202603180106,   0.748,   0.190,9999.000,9999.000,9999.000,9999.000,9999.000,9999.000,9999.000
202603180112,   0.724,   0.160,9999.000,9999.000,9999.000,9999.000,9999.000,9999.000,9999.000
202603180118,   0.700,   0.131,9999.000,9999.000,9999.000,9999.000,9999.000,9999.000,9999.000
202603180124,   0.676,   0.098,9999.000,9999.000,9999.000,9999.000,9999.000,9999.000,9999.000
202603180130,   0.652,   0.068,9999.000,9999.000,9999.000,9999.000,9999.000,9999.000,9999.000
202603180136,   0.627,   0.039,9999.000,9999.000,9999.000,9999.000,9999.000,9999.000,9999.000
202603180142,   0.603,   0.019,9999.000,9999.000,9999.000,9999.000,9999.000,9999.000,9999.000
202603180148,   0.578,  -0.019,9999.000,9999.000,9999.000,9999.000,9999.000,9999.000,9999.000
202603180154,   0.554,  -0.039,9999.000,9999.000,9999.000,9999.000,9999.000,9999.000,9999.000
202603180200,   0.530,  -0.068,   0.000,  -0.598,  -0.068,   0.000,  -0.068,   0.000,  -0.068
202603180206,   0.506,  -0.088,9999.000,9999.000,9999.000,9999.000,9999.000,9999.000,9999.000
202603180212,   0.483,  -0.121,9999.000,9999.000,9999.000,9999.000,9999.000,9999.000,9999.000
202603180218,   0.459,  -0.150,9999.000,9999.000,9999.000,9999.000,9999.000,9999.000,9999.000
202603180224,   0.437,  -0.180,9999.000,9999.000,9999.000,9999.000,9999.000,9999.000,9999.000
202603180230,   0.414,  -0.219,9999.000,9999.000,9999.000,9999.000,9999.000,9999.000,9999.000
202603180236,   0.392,  -0.249,9999.000,9999.000,9999.000,9999.000,9999.000,9999.000,9999.000
202603180242,   0.371,  -0.288,9999.000,9999.000,9999.000,9999.000,9999.000,9999.000,9999.000
202603180248,   0.350,  -0.308,9999.000,9999.000,9999.000,9999.000,9999.000,9999.000,9999.000
202603180254,   0.329,  -0.350,9999.000,9999.000,9999.000,9999.000,9999.000,9999.000,9999.000
202603180300,   0.309,  -0.380,   0.000,  -0.689,  -0.380,  -0.100,  -0.480,   0.000,  -0.380
202603180306,   0.290,  -0.400,9999.000,9999.000,9999.000,9999.000,9999.000,9999.000,9999.000
202603180312,   0.271,  -0.429,9999.000,9999.000,9999.000,9999.000,9999.000,9999.000,9999.000
202603180318,   0.253,  -0.439,9999.000,9999.000,9999.000,9999.000,9999.000,9999.000,9999.000
202603180324,   0.236,  -0.439,9999.000,9999.000,9999.000,9999.000,9999.000,9999.000,9999.000
202603180330,   0.219,  -0.459,9999.000,9999.000,9999.000,9999.000,9999.000,9999.000,9999.000
202603180336,   0.203,  -0.459,9999.000,9999.000,9999.000,9999.000,9999.000,9999.000,9999.000
202603180342,   0.187,  -0.449,9999.000,9999.000,9999.000,9999.000,9999.000,9999.000,9999.000
202603180348,   0.173,  -0.429,9999.000,9999.000,9999.000,9999.000,9999.000,9999.000,9999.000
202603180354,   0.159,  -0.400,9999.000,9999.000,9999.000,9999.000,9999.000,9999.000,9999.000
202603180400,   0.145,  -0.370,   0.000,  -0.515,  -0.370,  -0.100,  -0.470,   0.000,  -0.370
202603180406,   0.133,  -0.341,9999.000,9999.000,9999.000,9999.000,9999.000,9999.000,9999.000
202603180412,   0.121,  -0.321,9999.000,9999.000,9999.000,9999.000,9999.000,9999.000,9999.000
202603180418,   0.110,  -0.308,9999.000,9999.000,9999.000,9999.000,9999.000,9999.000,9999.000
202603180424,   0.101,  -0.308,9999.000,9999.000,9999.000,9999.000,9999.000,9999.000,9999.000
202603180430,   0.092,  -0.288,9999.000,9999.000,9999.000,9999.000,9999.000,9999.000,9999.000
202603180436,   0.084,  -0.278,9999.000,9999.000,9999.000,9999.000,9999.000,9999.000,9999.000
202603180442,   0.077,  -0.268,9999.000,9999.000,9999.000,9999.000,9999.000,9999.000,9999.000
202603180448,   0.072,  -0.268,9999.000,9999.000,9999.000,9999.000,9999.000,9999.000,9999.000
202603180454,   0.068,  -0.259,9999.000,9999.000,9999.000,9999.000,9999.000,9999.000,9999.000
202603180500,   0.065,  -0.268,   0.000,  -0.333,  -0.268,  -0.100,  -0.368,   0.000,  -0.268
202603180506,   0.063,  -0.278,9999.000,9999.000,9999.000,9999.000,9999.000,9999.000,9999.000
202603180512,   0.063,  -0.288,9999.000,9999.000,9999.000,9999.000,9999.000,9999.000,9999.000
202603180518,   0.065,  -0.278,9999.000,9999.000,9999.000,9999.000,9999.000,9999.000,9999.000
202603180524,   0.068,  -0.268,9999.000,9999.000,9999.000,9999.000,9999.000,9999.000,9999.000
202603180530,   0.072,  -0.249,9999.000,9999.000,9999.000,9999.000,9999.000,9999.000,9999.000
202603180536,   0.079,  -0.229,9999.000,9999.000,9999.000,9999.000,9999.000,9999.000,9999.000
202603180542,   0.087,  -0.219,9999.000,9999.000,9999.000,9999.000,9999.000,9999.000,9999.000
202603180548,   0.096,  -0.209,9999.000,9999.000,9999.000,9999.000,9999.000,9999.000,9999.000
202603180554,   0.108,  -0.219,9999.000,9999.000,9999.000,9999.000,9999.000,9999.000,9999.000
202603180600,   0.121,  -0.209,  -0.200,  -0.130,  -0.209,  -0.200,  -0.209,  -0.100,  -0.109
202603180606,   0.136,  -0.209,9999.000,9999.000,9999.000,9999.000,9999.000,9999.000,9999.000
202603180612,   0.152,  -0.190,9999.000,9999.000,9999.000,9999.000,9999.000,9999.000,9999.000
202603180618,   0.170,  -0.180,9999.000,9999.000,9999.000,9999.000,9999.000,9999.000,9999.000
202603180624,   0.189,  -0.180,9999.000,9999.000,9999.000,9999.000,9999.000,9999.000,9999.000
202603180630,   0.210,  -0.170,9999.000,9999.000,9999.000,9999.000,9999.000,9999.000,9999.000
202603180636,   0.232,  -0.160,9999.000,9999.000,9999.000,9999.000,9999.000,9999.000,9999.000
202603180642,   0.256,  -0.141,9999.000,9999.000,9999.000,9999.000,9999.000,9999.000,9999.000
202603180648,   0.281,  -0.131,9999.000,9999.000,9999.000,9999.000,9999.000,9999.000,9999.000
202603180654,   0.306,  -0.121,9999.000,9999.000,9999.000,9999.000,9999.000,9999.000,9999.000
202603180700,   0.333,  -0.088,  -0.200,  -0.221,  -0.088,  -0.300,  -0.188,  -0.100,   0.012
202603180706,   0.360,  -0.059,9999.000,9999.000,9999.000,9999.000,9999.000,9999.000,9999.000
202603180712,   0.388,  -0.039,9999.000,9999.000,9999.000,9999.000,9999.000,9999.000,9999.000
202603180718,   0.417,   0.000,9999.000,9999.000,9999.000,9999.000,9999.000,9999.000,9999.000
202603180724,   0.447,   0.029,9999.000,9999.000,9999.000,9999.000,9999.000,9999.000,9999.000
202603180730,   0.476,   0.049,9999.000,9999.000,9999.000,9999.000,9999.000,9999.000,9999.000
202603180736,   0.506,   0.088,9999.000,9999.000,9999.000,9999.000,9999.000,9999.000,9999.000
202603180742,   0.536,   0.121,9999.000,9999.000,9999.000,9999.000,9999.000,9999.000,9999.000
202603180748,   0.566,   0.150,9999.000,9999.000,9999.000,9999.000,9999.000,9999.000,9999.000
202603180754,   0.596,   0.170,9999.000,9999.000,9999.000,9999.000,9999.000,9999.000,9999.000
202603180800,   0.626,   0.209,  -0.200,  -0.217,   0.209,  -0.300,   0.109,  -0.100,   0.309
202603180806,   0.656,   0.209,9999.000,9999.000,9999.000,9999.000,9999.000,9999.000,9999.000
202603180812,   0.686,   0.239,9999.000,9999.000,9999.000,9999.000,9999.000,9999.000,9999.000
202603180818,   0.715,   0.288,9999.000,9999.000,9999.000,9999.000,9999.000,9999.000,9999.000
202603180824,   0.743,   0.308,9999.000,9999.000,9999.000,9999.000,9999.000,9999.000,9999.000
202603180830,   0.772,   0.350,9999.000,9999.000,9999.000,9999.000,9999.000,9999.000,9999.000
202603180836,   0.799,   0.370,9999.000,9999.000,9999.000,9999.000,9999.000,9999.000,9999.000
202603180842,   0.826,   0.409,9999.000,9999.000,9999.000,9999.000,9999.000,9999.000,9999.000
202603180848,   0.852,   0.439,9999.000,9999.000,9999.000,9999.000,9999.000,9999.000,9999.000
202603180854,   0.878,   0.459,9999.000,9999.000,9999.000,9999.000,9999.000,9999.000,9999.000
202603180900,   0.903,   0.488,  -0.200,  -0.215,   0.488,  -0.300,   0.388,  -0.200,   0.488
202603180906,   0.926,   0.498,9999.000,9999.000,9999.000,9999.000,9999.000,9999.000,9999.000
202603180912,   0.949,   0.508,9999.000,9999.000,9999.000,9999.000,9999.000,9999.000,9999.000
202603180918,   0.971,   0.531,9999.000,9999.000,9999.000,9999.000,9999.000,9999.000,9999.000
202603180924,   0.992,   0.531,9999.000,9999.000,9999.000,9999.000,9999.000,9999.000,9999.000
202603180930,   1.012,   0.541,9999.000,9999.000,9999.000,9999.000,9999.000,9999.000,9999.000
202603180936,   1.030,   0.541,9999.000,9999.000,9999.000,9999.000,9999.000,9999.000,9999.000
202603180942,   1.047,   0.541,9999.000,9999.000,9999.000,9999.000,9999.000,9999.000,9999.000
202603180948,   1.063,   0.531,9999.000,9999.000,9999.000,9999.000,9999.000,9999.000,9999.000
202603180954,   1.078,   0.518,9999.000,9999.000,9999.000,9999.000,9999.000,9999.000,9999.000
202603181000,   1.091,   0.541,  -0.200,  -0.350,   0.541,  -0.300,   0.441,  -0.200,   0.541
202603181006,   1.102,   0.531,9999.000,9999.000,9999.000,9999.000,9999.000,9999.000,9999.000
202603181012,   1.112,   0.518,9999.000,9999.000,9999.000,9999.000,9999.000,9999.000,9999.000
202603181018,   1.121,   0.518,9999.000,9999.000,9999.000,9999.000,9999.000,9999.000,9999.000
202603181024,   1.128,   0.508,9999.000,9999.000,9999.000,9999.000,9999.000,9999.000,9999.000
202603181030,   1.133,   0.508,9999.000,9999.000,9999.000,9999.000,9999.000,9999.000,9999.000
202603181036,   1.137,   0.488,9999.000,9999.000,9999.000,9999.000,9999.000,9999.000,9999.000
202603181042,   1.139,   0.469,9999.000,9999.000,9999.000,9999.000,9999.000,9999.000,9999.000
202603181048,   1.139,   0.459,9999.000,9999.000,9999.000,9999.000,9999.000,9999.000,9999.000
202603181054,   1.138,   0.429,9999.000,9999.000,9999.000,9999.000,9999.000,9999.000,9999.000
202603181100,   1.135,   0.419,  -0.300,  -0.416,   0.419,  -0.300,   0.419,  -0.200,   0.519
202603181106,   1.130,   0.390,9999.000,9999.000,9999.000,9999.000,9999.000,9999.000,9999.000
202603181112,   1.124,   0.360,9999.000,9999.000,9999.000,9999.000,9999.000,9999.000,9999.000
202603181118,   1.116,   0.350,9999.000,9999.000,9999.000,9999.000,9999.000,9999.000,9999.000
202603181124,   1.107,   0.331,9999.000,9999.000,9999.000,9999.000,9999.000,9999.000,9999.000
202603181130,   1.096,   0.298,9999.000,9999.000,9999.000,9999.000,9999.000,9999.000,9999.000
202603181136,   1.084,   0.288,9999.000,9999.000,9999.000,9999.000,9999.000,9999.000,9999.000
202603181142,   1.070,   0.268,9999.000,9999.000,9999.000,9999.000,9999.000,9999.000,9999.000
202603181148,   1.055,   0.259,9999.000,9999.000,9999.000,9999.000,9999.000,9999.000,9999.000
202603181154,   1.038,   0.249,9999.000,9999.000,9999.000,9999.000,9999.000,9999.000,9999.000
202603181200,   1.021,   0.249,  -0.500,  -0.272,   0.249,  -0.500,   0.249,  -0.400,   0.349
202603181206,   1.002,   0.239,9999.000,9999.000,9999.000,9999.000,9999.000,9999.000,9999.000
202603181212,   0.982,   0.229,9999.000,9999.000,9999.000,9999.000,9999.000,9999.000,9999.000
202603181218,   0.961,   0.219,9999.000,9999.000,9999.000,9999.000,9999.000,9999.000,9999.000
202603181224,   0.939,   0.200,9999.000,9999.000,9999.000,9999.000,9999.000,9999.000,9999.000
202603181230,   0.917,   0.190,9999.000,9999.000,9999.000,9999.000,9999.000,9999.000,9999.000
202603181236,   0.893,   0.170,9999.000,9999.000,9999.000,9999.000,9999.000,9999.000,9999.000
202603181242,   0.868,   0.170,9999.000,9999.000,9999.000,9999.000,9999.000,9999.000,9999.000
202603181248,   0.843,   0.160,9999.000,9999.000,9999.000,9999.000,9999.000,9999.000,9999.000
202603181254,   0.817,   0.141,9999.000,9999.000,9999.000,9999.000,9999.000,9999.000,9999.000
202603181300,   0.791,   0.131,  -0.500,  -0.160,   0.131,  -0.500,   0.131,  -0.400,   0.231
202603181306,   0.764,   0.098,9999.000,9999.000,9999.000,9999.000,9999.000,9999.000,9999.000
202603181312,   0.736,   0.088,9999.000,9999.000,9999.000,9999.000,9999.000,9999.000,9999.000
202603181318,   0.708,   0.059,9999.000,9999.000,9999.000,9999.000,9999.000,9999.000,9999.000
202603181324,   0.680,   0.019,9999.000,9999.000,9999.000,9999.000,9999.000,9999.000,9999.000
202603181330,   0.652,   0.000,9999.000,9999.000,9999.000,9999.000,9999.000,9999.000,9999.000
202603181336,   0.623,  -0.029,9999.000,9999.000,9999.000,9999.000,9999.000,9999.000,9999.000
202603181342,   0.594,  -0.049,9999.000,9999.000,9999.000,9999.000,9999.000,9999.000,9999.000
202603181348,   0.565,  -0.068,9999.000,9999.000,9999.000,9999.000,9999.000,9999.000,9999.000
202603181354,   0.536,  -0.098,9999.000,9999.000,9999.000,9999.000,9999.000,9999.000,9999.000
202603181400,   0.507,  -0.121,  -0.500,  -0.128,  -0.121,  -0.500,  -0.121,  -0.400,  -0.021
202603181406,   0.478,  -0.160,9999.000,9999.000,9999.000,9999.000,9999.000,9999.000,9999.000
202603181412,   0.450,  -0.190,9999.000,9999.000,9999.000,9999.000,9999.000,9999.000,9999.000
202603181418,   0.422,  -0.219,9999.000,9999.000,9999.000,9999.000,9999.000,9999.000,9999.000
202603181424,   0.394,  -0.239,9999.000,9999.000,9999.000,9999.000,9999.000,9999.000,9999.000
202603181430,   0.367,  -0.268,9999.000,9999.000,9999.000,9999.000,9999.000,9999.000,9999.000
202603181436,   0.340,  -0.298,9999.000,9999.000,9999.000,9999.000,9999.000,9999.000,9999.000
202603181442,   0.314,  -0.321,9999.000,9999.000,9999.000,9999.000,9999.000,9999.000,9999.000
202603181448,   0.288,  -0.341,9999.000,9999.000,9999.000,9999.000,9999.000,9999.000,9999.000
202603181454,   0.263,  -0.360,9999.000,9999.000,9999.000,9999.000,9999.000,9999.000,9999.000
202603181500,   0.239,  -0.370,  -0.500,  -0.109,  -0.370,  -0.500,  -0.370,  -0.400,  -0.270
202603181506,   0.215,  -0.390,9999.000,9999.000,9999.000,9999.000,9999.000,9999.000,9999.000
202603181512,   0.192,  -0.400,9999.000,9999.000,9999.000,9999.000,9999.000,9999.000,9999.000
202603181518,   0.170,  -0.419,9999.000,9999.000,9999.000,9999.000,9999.000,9999.000,9999.000
202603181524,   0.148,  -0.429,9999.000,9999.000,9999.000,9999.000,9999.000,9999.000,9999.000
202603181530,   0.128,  -0.449,9999.000,9999.000,9999.000,9999.000,9999.000,9999.000,9999.000
202603181536,   0.108,  -0.439,9999.000,9999.000,9999.000,9999.000,9999.000,9999.000,9999.000
202603181542,   0.089,  -0.429,9999.000,9999.000,9999.000,9999.000,9999.000,9999.000,9999.000
202603181548,   0.071,  -0.439,9999.000,9999.000,9999.000,9999.000,9999.000,9999.000,9999.000
202603181554,   0.053,  -0.439,9999.000,9999.000,9999.000,9999.000,9999.000,9999.000,9999.000
202603181600,   0.037,  -0.449,  -0.500,   0.014,  -0.449,  -0.500,  -0.449,  -0.400,  -0.349
202603181606,   0.021,  -0.449,9999.000,9999.000,9999.000,9999.000,9999.000,9999.000,9999.000
202603181612,   0.006,  -0.449,9999.000,9999.000,9999.000,9999.000,9999.000,9999.000,9999.000
202603181618,  -0.007,  -0.469,9999.000,9999.000,9999.000,9999.000,9999.000,9999.000,9999.000
202603181624,  -0.020,  -0.469,9999.000,9999.000,9999.000,9999.000,9999.000,9999.000,9999.000
202603181630,  -0.032,  -0.478,9999.000,9999.000,9999.000,9999.000,9999.000,9999.000,9999.000
202603181636,  -0.044,  -0.498,9999.000,9999.000,9999.000,9999.000,9999.000,9999.000,9999.000
202603181642,  -0.054,  -0.518,9999.000,9999.000,9999.000,9999.000,9999.000,9999.000,9999.000
202603181648,  -0.063,  -0.518,9999.000,9999.000,9999.000,9999.000,9999.000,9999.000,9999.000
202603181654,  -0.072,  -0.531,9999.000,9999.000,9999.000,9999.000,9999.000,9999.000,9999.000
202603181700,  -0.079,  -0.560,  -0.500,   0.019,  -0.560,  -0.600,  -0.660,  -0.400,  -0.460
202603181706,  -0.085,  -0.551,9999.000,9999.000,9999.000,9999.000,9999.000,9999.000,9999.000
202603181712,  -0.089,  -0.560,9999.000,9999.000,9999.000,9999.000,9999.000,9999.000,9999.000
202603181718,  -0.093,  -0.570,9999.000,9999.000,9999.000,9999.000,9999.000,9999.000,9999.000
202603181724,  -0.094,  -0.560,9999.000,9999.000,9999.000,9999.000,9999.000,9999.000,9999.000
202603181730,  -0.095,  -0.580,9999.000,9999.000,9999.000,9999.000,9999.000,9999.000,9999.000
202603181736,  -0.094,  -0.590,9999.000,9999.000,9999.000,9999.000,9999.000,9999.000,9999.000
202603181742,  -0.091,  -0.580,9999.000,9999.000,9999.000,9999.000,9999.000,9999.000,9999.000
202603181748,  -0.086,  -0.610,9999.000,9999.000,9999.000,9999.000,9999.000,9999.000,9999.000
202603181754,  -0.080,  -0.610,9999.000,9999.000,9999.000,9999.000,9999.000,9999.000,9999.000
202603181800,  -0.072,  -0.600,  -0.500,  -0.028,  -0.600,  -0.600,  -0.700,  -0.400,  -0.500
202603181806,  -0.063,  -0.580,9999.000,9999.000,9999.000,9999.000,9999.000,9999.000,9999.000
202603181812,  -0.051,  -0.541,9999.000,9999.000,9999.000,9999.000,9999.000,9999.000,9999.000
202603181818,  -0.038,  -0.518,9999.000,9999.000,9999.000,9999.000,9999.000,9999.000,9999.000
202603181824,  -0.023,  -0.488,9999.000,9999.000,9999.000,9999.000,9999.000,9999.000,9999.000
202603181830,  -0.006,  -0.469,9999.000,9999.000,9999.000,9999.000,9999.000,9999.000,9999.000
202603181836,   0.011,  -0.439,9999.000,9999.000,9999.000,9999.000,9999.000,9999.000,9999.000
202603181842,   0.032,  -0.409,9999.000,9999.000,9999.000,9999.000,9999.000,9999.000,9999.000
202603181848,   0.053,  -0.370,9999.000,9999.000,9999.000,9999.000,9999.000,9999.000,9999.000
202603181854,   0.077,  -0.308,9999.000,9999.000,9999.000,9999.000,9999.000,9999.000,9999.000
202603181900,   0.102,  -0.268,  -0.500,   0.130,  -0.268,  -0.600,  -0.368,  -0.400,  -0.168
202603181906,   0.128,  -0.229,9999.000,9999.000,9999.000,9999.000,9999.000,9999.000,9999.000
202603181912,   0.155,  -0.190,9999.000,9999.000,9999.000,9999.000,9999.000,9999.000,9999.000
202603181918,   0.184,  -0.170,9999.000,9999.000,9999.000,9999.000,9999.000,9999.000,9999.000
202603181924,   0.213,  -0.141,9999.000,9999.000,9999.000,9999.000,9999.000,9999.000,9999.000
202603181930,   0.243,  -0.088,9999.000,9999.000,9999.000,9999.000,9999.000,9999.000,9999.000
202603181936,   0.274,  -0.068,9999.000,9999.000,9999.000,9999.000,9999.000,9999.000,9999.000
202603181942,   0.306,   0.000,9999.000,9999.000,9999.000,9999.000,9999.000,9999.000,9999.000
202603181948,   0.338,   0.039,9999.000,9999.000,9999.000,9999.000,9999.000,9999.000,9999.000
202603181954,   0.371,   0.068,9999.000,9999.000,9999.000,9999.000,9999.000,9999.000,9999.000
202603182000,   0.404,   0.111,  -0.500,   0.207,   0.111,  -0.500,   0.111,  -0.400,   0.211
202603182006,   0.437,   0.150,9999.000,9999.000,9999.000,9999.000,9999.000,9999.000,9999.000
202603182012,   0.470,   0.190,9999.000,9999.000,9999.000,9999.000,9999.000,9999.000,9999.000
202603182018,   0.502,   0.219,9999.000,9999.000,9999.000,9999.000,9999.000,9999.000,9999.000
202603182024,   0.535,   0.259,9999.000,9999.000,9999.000,9999.000,9999.000,9999.000,9999.000
202603182030,   0.567,   0.278,9999.000,9999.000,9999.000,9999.000,9999.000,9999.000,9999.000
202603182036,   0.599,   0.298,9999.000,9999.000,9999.000,9999.000,9999.000,9999.000,9999.000
202603182042,   0.631,   0.331,9999.000,9999.000,9999.000,9999.000,9999.000,9999.000,9999.000
202603182048,   0.662,   0.360,9999.000,9999.000,9999.000,9999.000,9999.000,9999.000,9999.000
202603182054,   0.692,   0.390,9999.000,9999.000,9999.000,9999.000,9999.000,9999.000,9999.000
202603182100,   0.722,   0.419,  -0.500,   0.197,   0.419,  -0.500,   0.419,  -0.400,   0.519
202603182106,   0.751,   0.439,9999.000,9999.000,9999.000,9999.000,9999.000,9999.000,9999.000
202603182112,   0.779,   0.469,9999.000,9999.000,9999.000,9999.000,9999.000,9999.000,9999.000
202603182118,   0.807,   0.498,9999.000,9999.000,9999.000,9999.000,9999.000,9999.000,9999.000
202603182124,   0.833,   0.531,9999.000,9999.000,9999.000,9999.000,9999.000,9999.000,9999.000
202603182130,   0.859,   0.570,9999.000,9999.000,9999.000,9999.000,9999.000,9999.000,9999.000
202603182136,   0.883,   0.600,9999.000,9999.000,9999.000,9999.000,9999.000,9999.000,9999.000
202603182142,   0.907,   0.639,9999.000,9999.000,9999.000,9999.000,9999.000,9999.000,9999.000
202603182148,   0.929,   0.659,9999.000,9999.000,9999.000,9999.000,9999.000,9999.000,9999.000
202603182154,   0.950,   0.678,9999.000,9999.000,9999.000,9999.000,9999.000,9999.000,9999.000
202603182200,   0.970,   0.718,  -0.500,   0.248,   0.718,  -0.500,   0.718,  -0.400,   0.818
202603182206,   0.988,   0.731,9999.000,9999.000,9999.000,9999.000,9999.000,9999.000,9999.000
202603182212,   1.006,   0.770,9999.000,9999.000,9999.000,9999.000,9999.000,9999.000,9999.000
202603182218,   1.022,   0.810,9999.000,9999.000,9999.000,9999.000,9999.000,9999.000,9999.000
202603182224,   1.036,   0.829,9999.000,9999.000,9999.000,9999.000,9999.000,9999.000,9999.000
202603182230,   1.049,   0.859,9999.000,9999.000,9999.000,9999.000,9999.000,9999.000,9999.000
202603182236,   1.060,   0.879,9999.000,9999.000,9999.000,9999.000,9999.000,9999.000,9999.000
202603182242,   1.070,   0.908,9999.000,9999.000,9999.000,9999.000,9999.000,9999.000,9999.000
202603182248,   1.079,   0.941,9999.000,9999.000,9999.000,9999.000,9999.000,9999.000,9999.000
202603182254,   1.085,   0.961,9999.000,9999.000,9999.000,9999.000,9999.000,9999.000,9999.000
202603182300,   1.090,   0.980,  -0.500,   0.390,   0.980,  -0.500,   0.980,  -0.400,   1.080
202603182306,   1.094,   1.000,9999.000,9999.000,9999.000,9999.000,9999.000,9999.000,9999.000
202603182312,   1.096,   1.010,9999.000,9999.000,9999.000,9999.000,9999.000,9999.000,9999.000
202603182318,   1.096,   1.029,9999.000,9999.000,9999.000,9999.000,9999.000,9999.000,9999.000
202603182324,   1.094,   1.029,9999.000,9999.000,9999.000,9999.000,9999.000,9999.000,9999.000
202603182330,   1.091,   1.039,9999.000,9999.000,9999.000,9999.000,9999.000,9999.000,9999.000
202603182336,   1.086,   1.039,9999.000,9999.000,9999.000,9999.000,9999.000,9999.000,9999.000
202603182342,   1.080,   1.029,9999.000,9999.000,9999.000,9999.000,9999.000,9999.000,9999.000
202603182348,   1.072,   1.029,9999.000,9999.000,9999.000,9999.000,9999.000,9999.000,9999.000
202603182354,   1.063,   0.977,9999.000,9999.000,9999.000,9999.000,9999.000,9999.000,9999.000
202603190000,   1.052,   0.977,  -0.100,   0.025,   0.977,  -0.200,   0.877,  -0.100,   0.977
202603190006,   1.040,   1.020,9999.000,9999.000,9999.000,9999.000,9999.000,9999.000,9999.000
202603190012,   1.026,   1.010,9999.000,9999.000,9999.000,9999.000,9999.000,9999.000,9999.000
202603190018,   1.011,   1.000,9999.000,9999.000,9999.000,9999.000,9999.000,9999.000,9999.000
202603190024,   0.995,   0.990,9999.000,9999.000,9999.000,9999.000,9999.000,9999.000,9999.000
202603190030,   0.978,   0.980,9999.000,9999.000,9999.000,9999.000,9999.000,9999.000,9999.000
202603190036,   0.960,   0.970,9999.000,9999.000,9999.000,9999.000,9999.000,9999.000,9999.000
202603190042,   0.940,   0.951,9999.000,9999.000,9999.000,9999.000,9999.000,9999.000,9999.000
202603190048,   0.920,   0.941,9999.000,9999.000,9999.000,9999.000,9999.000,9999.000,9999.000
202603190054,   0.898,   0.918,9999.000,9999.000,9999.000,9999.000,9999.000,9999.000,9999.000
202603190100,   0.876,   0.898,  -0.100,   0.122,   0.898,  -0.200,   0.798,  -0.100,   0.898
202603190106,   0.853,   0.879,9999.000,9999.000,9999.000,9999.000,9999.000,9999.000,9999.000
202603190112,   0.829,   0.849,9999.000,9999.000,9999.000,9999.000,9999.000,9999.000,9999.000
202603190118,   0.805,   0.839,9999.000,9999.000,9999.000,9999.000,9999.000,9999.000,9999.000
202603190124,   0.780,   0.819,9999.000,9999.000,9999.000,9999.000,9999.000,9999.000,9999.000
202603190130,   0.754,   0.800,9999.000,9999.000,9999.000,9999.000,9999.000,9999.000,9999.000
202603190136,   0.728,   0.780,9999.000,9999.000,9999.000,9999.000,9999.000,9999.000,9999.000
202603190142,   0.702,   0.751,9999.000,9999.000,9999.000,9999.000,9999.000,9999.000,9999.000
202603190148,   0.675,   0.731,9999.000,9999.000,9999.000,9999.000,9999.000,9999.000,9999.000
202603190154,   0.649,   0.708,9999.000,9999.000,9999.000,9999.000,9999.000,9999.000,9999.000
202603190200,   0.622,   0.688,  -0.100,   0.166,   0.688,  -0.200,   0.588,  -0.100,   0.688
202603190206,   0.595,   0.669,9999.000,9999.000,9999.000,9999.000,9999.000,9999.000,9999.000
202603190212,   0.568,   0.649,9999.000,9999.000,9999.000,9999.000,9999.000,9999.000,9999.000
202603190218,   0.541,   0.629,9999.000,9999.000,9999.000,9999.000,9999.000,9999.000,9999.000
202603190224,   0.514,   0.610,9999.000,9999.000,9999.000,9999.000,9999.000,9999.000,9999.000
202603190230,   0.487,   0.580,9999.000,9999.000,9999.000,9999.000,9999.000,9999.000,9999.000
202603190236,   0.461,   0.570,9999.000,9999.000,9999.000,9999.000,9999.000,9999.000,9999.000
202603190242,   0.435,   0.551,9999.000,9999.000,9999.000,9999.000,9999.000,9999.000,9999.000
202603190248,   0.410,   0.531,9999.000,9999.000,9999.000,9999.000,9999.000,9999.000,9999.000
202603190254,   0.385,   0.518,9999.000,9999.000,9999.000,9999.000,9999.000,9999.000,9999.000
202603190300,   0.361,   0.498,  -0.100,   0.237,   0.498,  -0.200,   0.398,  -0.100,   0.498
202603190306,   0.337,   0.478,9999.000,9999.000,9999.000,9999.000,9999.000,9999.000,9999.000
202603190312,   0.314,   0.478,9999.000,9999.000,9999.000,9999.000,9999.000,9999.000,9999.000
202603190318,   0.292,   0.488,9999.000,9999.000,9999.000,9999.000,9999.000,9999.000,9999.000
202603190324,   0.270,   0.469,9999.000,9999.000,9999.000,9999.000,9999.000,9999.000,9999.000
202603190330,   0.249,   0.439,9999.000,9999.000,9999.000,9999.000,9999.000,9999.000,9999.000
202603190336,   0.229,   0.409,9999.000,9999.000,9999.000,9999.000,9999.000,9999.000,9999.000
202603190342,   0.210,   0.390,9999.000,9999.000,9999.000,9999.000,9999.000,9999.000,9999.000
202603190348,   0.191,   0.360,9999.000,9999.000,9999.000,9999.000,9999.000,9999.000,9999.000
202603190354,   0.174,   0.380,9999.000,9999.000,9999.000,9999.000,9999.000,9999.000,9999.000
202603190400,   0.157,   0.370,  -0.100,   0.313,   0.370,  -0.200,   0.270,  -0.100,   0.370
202603190406,   0.141,   0.341,9999.000,9999.000,9999.000,9999.000,9999.000,9999.000,9999.000
202603190412,   0.125,   0.331,9999.000,9999.000,9999.000,9999.000,9999.000,9999.000,9999.000
202603190418,   0.111,   0.308,9999.000,9999.000,9999.000,9999.000,9999.000,9999.000,9999.000
202603190424,   0.097,   0.298,9999.000,9999.000,9999.000,9999.000,9999.000,9999.000,9999.000
202603190430,   0.084,   0.288,9999.000,9999.000,9999.000,9999.000,9999.000,9999.000,9999.000
202603190436,   0.072,   0.278,9999.000,9999.000,9999.000,9999.000,9999.000,9999.000,9999.000
202603190442,   0.061,   0.278,9999.000,9999.000,9999.000,9999.000,9999.000,9999.000,9999.000
202603190448,   0.050,   0.249,9999.000,9999.000,9999.000,9999.000,9999.000,9999.000,9999.000
202603190454,   0.040,   0.249,9999.000,9999.000,9999.000,9999.000,9999.000,9999.000,9999.000
202603190500,   0.032,   0.239,  -0.100,   0.307,   0.239,  -0.200,   0.139,  -0.100,   0.239
202603190506,   0.024,   0.229,9999.000,9999.000,9999.000,9999.000,9999.000,9999.000,9999.000
202603190512,   0.017,   0.229,9999.000,9999.000,9999.000,9999.000,9999.000,9999.000,9999.000
202603190518,   0.011,   0.229,9999.000,9999.000,9999.000,9999.000,9999.000,9999.000,9999.000
202603190524,   0.007,   0.219,9999.000,9999.000,9999.000,9999.000,9999.000,9999.000,9999.000
202603190530,   0.003,   0.219,9999.000,9999.000,9999.000,9999.000,9999.000,9999.000,9999.000
202603190536,   0.001,   0.219,9999.000,9999.000,9999.000,9999.000,9999.000,9999.000,9999.000
202603190542,   0.001,   0.229,9999.000,9999.000,9999.000,9999.000,9999.000,9999.000,9999.000
202603190548,   0.001,   0.229,9999.000,9999.000,9999.000,9999.000,9999.000,9999.000,9999.000
202603190554,   0.003,   0.249,9999.000,9999.000,9999.000,9999.000,9999.000,9999.000,9999.000
202603190600,   0.007,   0.259,   0.000,   0.252,   0.259,   0.000,   0.259,   0.100,   0.359
202603190606,   0.012,   0.268,9999.000,9999.000,9999.000,9999.000,9999.000,9999.000,9999.000
202603190612,   0.019,   0.278,9999.000,9999.000,9999.000,9999.000,9999.000,9999.000,9999.000
202603190618,   0.028,   0.288,9999.000,9999.000,9999.000,9999.000,9999.000,9999.000,9999.000
202603190624,   0.039,   0.308,9999.000,9999.000,9999.000,9999.000,9999.000,9999.000,9999.000
202603190630,   0.051,   0.341,9999.000,9999.000,9999.000,9999.000,9999.000,9999.000,9999.000
202603190636,   0.066,   0.370,9999.000,9999.000,9999.000,9999.000,9999.000,9999.000,9999.000
202603190642,   0.082,   0.390,9999.000,9999.000,9999.000,9999.000,9999.000,9999.000,9999.000
202603190648,   0.100,   0.390,9999.000,9999.000,9999.000,9999.000,9999.000,9999.000,9999.000
202603190654,   0.120,   0.409,9999.000,9999.000,9999.000,9999.000,9999.000,9999.000,9999.000
202603190700,   0.141,   0.429,   0.000,   0.288,   0.429,   0.000,   0.429,   0.100,   0.529
202603190706,   0.165,   0.449,9999.000,9999.000,9999.000,9999.000,9999.000,9999.000,9999.000
202603190712,   0.190,   0.488,9999.000,9999.000,9999.000,9999.000,9999.000,9999.000,9999.000
202603190718,   0.217,   0.518,9999.000,9999.000,9999.000,9999.000,9999.000,9999.000,9999.000
202603190724,   0.245,   0.531,9999.000,9999.000,9999.000,9999.000,9999.000,9999.000,9999.000
202603190730,   0.274,   0.551,9999.000,9999.000,9999.000,9999.000,9999.000,9999.000,9999.000
202603190736,   0.305,   0.580,9999.000,9999.000,9999.000,9999.000,9999.000,9999.000,9999.000
202603190742,   0.337,   0.610,9999.000,9999.000,9999.000,9999.000,9999.000,9999.000,9999.000
202603190748,   0.370,   0.639,9999.000,9999.000,9999.000,9999.000,9999.000,9999.000,9999.000
202603190754,   0.403,   0.649,9999.000,9999.000,9999.000,9999.000,9999.000,9999.000,9999.000
202603190800,   0.438,   0.669,   0.000,   0.231,   0.669,   0.000,   0.669,   0.100,   0.769
202603190806,   0.472,   0.688,9999.000,9999.000,9999.000,9999.000,9999.000,9999.000,9999.000
202603190812,   0.508,   0.718,9999.000,9999.000,9999.000,9999.000,9999.000,9999.000,9999.000
202603190818,   0.543,   0.751,9999.000,9999.000,9999.000,9999.000,9999.000,9999.000,9999.000
202603190824,   0.579,   0.780,9999.000,9999.000,9999.000,9999.000,9999.000,9999.000,9999.000
202603190830,   0.615,   0.810,9999.000,9999.000,9999.000,9999.000,9999.000,9999.000,9999.000
202603190836,   0.651,   0.839,9999.000,9999.000,9999.000,9999.000,9999.000,9999.000,9999.000
202603190842,   0.686,   0.869,9999.000,9999.000,9999.000,9999.000,9999.000,9999.000,9999.000
202603190848,   0.721,   0.898,9999.000,9999.000,9999.000,9999.000,9999.000,9999.000,9999.000
202603190854,   0.756,   0.941,9999.000,9999.000,9999.000,9999.000,9999.000,9999.000,9999.000
202603190900,   0.790,   0.980,   0.100,   0.090,   0.980,   0.000,   0.880,   0.100,   0.980
202603190906,   0.823,   1.020,9999.000,9999.000,9999.000,9999.000,9999.000,9999.000,9999.000
202603190912,   0.856,   1.049,9999.000,9999.000,9999.000,9999.000,9999.000,9999.000,9999.000
202603190918,   0.888,   1.079,9999.000,9999.000,9999.000,9999.000,9999.000,9999.000,9999.000
202603190924,   0.919,   1.108,9999.000,9999.000,9999.000,9999.000,9999.000,9999.000,9999.000
202603190930,   0.950,   1.151,9999.000,9999.000,9999.000,9999.000,9999.000,9999.000,9999.000
202603190936,   0.979,   1.190,9999.000,9999.000,9999.000,9999.000,9999.000,9999.000,9999.000
202603190942,   1.007,   1.220,9999.000,9999.000,9999.000,9999.000,9999.000,9999.000,9999.000
202603190948,   1.034,   1.239,9999.000,9999.000,9999.000,9999.000,9999.000,9999.000,9999.000
202603190954,   1.060,   1.269,9999.000,9999.000,9999.000,9999.000,9999.000,9999.000,9999.000
202603191000,   1.085,   1.289,   0.100,   0.104,   1.289,   0.000,   1.189,   0.100,   1.289
202603191006,   1.109,   1.318,9999.000,9999.000,9999.000,9999.000,9999.000,9999.000,9999.000
202603191012,   1.131,   1.338,9999.000,9999.000,9999.000,9999.000,9999.000,9999.000,9999.000
202603191018,   1.152,   1.361,9999.000,9999.000,9999.000,9999.000,9999.000,9999.000,9999.000
202603191024,   1.172,   1.380,9999.000,9999.000,9999.000,9999.000,9999.000,9999.000,9999.000
202603191030,   1.190,   1.400,9999.000,9999.000,9999.000,9999.000,9999.000,9999.000,9999.000
202603191036,   1.207,   1.410,9999.000,9999.000,9999.000,9999.000,9999.000,9999.000,9999.000
202603191042,   1.222,   1.420,9999.000,9999.000,9999.000,9999.000,9999.000,9999.000,9999.000
202603191048,   1.235,   1.439,9999.000,9999.000,9999.000,9999.000,9999.000,9999.000,9999.000
202603191054,   1.247,   1.439,9999.000,9999.000,9999.000,9999.000,9999.000,9999.000,9999.000
202603191100,   1.257,   1.449,   0.000,   0.192,   1.449,   0.000,   1.449,   0.100,   1.549
202603191106,   1.266,   1.459,9999.000,9999.000,9999.000,9999.000,9999.000,9999.000,9999.000
202603191112,   1.273,   1.459,9999.000,9999.000,9999.000,9999.000,9999.000,9999.000,9999.000
202603191118,   1.278,   1.459,9999.000,9999.000,9999.000,9999.000,9999.000,9999.000,9999.000
202603191124,   1.281,   1.469,9999.000,9999.000,9999.000,9999.000,9999.000,9999.000,9999.000
202603191130,   1.282,   1.479,9999.000,9999.000,9999.000,9999.000,9999.000,9999.000,9999.000
202603191136,   1.282,   1.479,9999.000,9999.000,9999.000,9999.000,9999.000,9999.000,9999.000
202603191142,   1.280,   1.479,9999.000,9999.000,9999.000,9999.000,9999.000,9999.000,9999.000
202603191148,   1.276,   1.469,9999.000,9999.000,9999.000,9999.000,9999.000,9999.000,9999.000
202603191154,   1.270,   1.479,9999.000,9999.000,9999.000,9999.000,9999.000,9999.000,9999.000
202603191200,   1.262,   1.469,   0.200,   0.007,   1.469,   0.200,   1.469,   0.300,   1.569
202603191206,   1.253,   1.469,9999.000,9999.000,9999.000,9999.000,9999.000,9999.000,9999.000
202603191212,   1.242,   1.459,9999.000,9999.000,9999.000,9999.000,9999.000,9999.000,9999.000
202603191218,   1.229,   1.449,9999.000,9999.000,9999.000,9999.000,9999.000,9999.000,9999.000
202603191224,   1.215,   1.439,9999.000,9999.000,9999.000,9999.000,9999.000,9999.000,9999.000
202603191230,   1.199,   1.430,9999.000,9999.000,9999.000,9999.000,9999.000,9999.000,9999.000
202603191236,   1.182,   1.420,9999.000,9999.000,9999.000,9999.000,9999.000,9999.000,9999.000
202603191242,   1.163,   1.410,9999.000,9999.000,9999.000,9999.000,9999.000,9999.000,9999.000
202603191248,   1.143,   1.390,9999.000,9999.000,9999.000,9999.000,9999.000,9999.000,9999.000
202603191254,   1.121,   1.371,9999.000,9999.000,9999.000,9999.000,9999.000,9999.000,9999.000
202603191300,   1.099,   1.348,   0.200,   0.049,   1.348,   0.200,   1.348,   0.300,   1.448
202603191306,   1.075,   1.328,9999.000,9999.000,9999.000,9999.000,9999.000,9999.000,9999.000
202603191312,   1.050,   1.308,9999.000,9999.000,9999.000,9999.000,9999.000,9999.000,9999.000
202603191318,   1.024,   1.279,9999.000,9999.000,9999.000,9999.000,9999.000,9999.000,9999.000
202603191324,   0.997,   1.249,9999.000,9999.000,9999.000,9999.000,9999.000,9999.000,9999.000
202603191330,   0.969,   1.220,9999.000,9999.000,9999.000,9999.000,9999.000,9999.000,9999.000
202603191336,   0.941,   1.190,9999.000,9999.000,9999.000,9999.000,9999.000,9999.000,9999.000
202603191342,   0.911,   1.161,9999.000,9999.000,9999.000,9999.000,9999.000,9999.000,9999.000
202603191348,   0.882,   1.138,9999.000,9999.000,9999.000,9999.000,9999.000,9999.000,9999.000
202603191354,   0.851,   1.118,9999.000,9999.000,9999.000,9999.000,9999.000,9999.000,9999.000
202603191400,   0.821,   1.088,   0.200,   0.067,   1.088,   0.200,   1.088,   0.300,   1.188
202603191406,   0.790,   1.069,9999.000,9999.000,9999.000,9999.000,9999.000,9999.000,9999.000
202603191412,   0.758,   1.039,9999.000,9999.000,9999.000,9999.000,9999.000,9999.000,9999.000
202603191418,   0.727,   1.020,9999.000,9999.000,9999.000,9999.000,9999.000,9999.000,9999.000
202603191424,   0.695,   0.990,9999.000,9999.000,9999.000,9999.000,9999.000,9999.000,9999.000
202603191430,   0.664,   0.961,9999.000,9999.000,9999.000,9999.000,9999.000,9999.000,9999.000
202603191436,   0.632,   0.941,9999.000,9999.000,9999.000,9999.000,9999.000,9999.000,9999.000
202603191442,   0.601,   0.928,9999.000,9999.000,9999.000,9999.000,9999.000,9999.000,9999.000
202603191448,   0.570,   0.908,9999.000,9999.000,9999.000,9999.000,9999.000,9999.000,9999.000
202603191454,   0.539,   0.879,9999.000,9999.000,9999.000,9999.000,9999.000,9999.000,9999.000
202603191500,   0.508,   0.859,   0.200,   0.151,   0.859,   0.200,   0.859,   0.300,   0.959
202603191506,   0.478,   0.829,9999.000,9999.000,9999.000,9999.000,9999.000,9999.000,9999.000
202603191512,   0.449,   0.810,9999.000,9999.000,9999.000,9999.000,9999.000,9999.000,9999.000
202603191518,   0.420,   0.800,9999.000,9999.000,9999.000,9999.000,9999.000,9999.000,9999.000
202603191524,   0.391,   0.780,9999.000,9999.000,9999.000,9999.000,9999.000,9999.000,9999.000
202603191530,   0.364,   0.770,9999.000,9999.000,9999.000,9999.000,9999.000,9999.000,9999.000
202603191536,   0.337,   0.760,9999.000,9999.000,9999.000,9999.000,9999.000,9999.000,9999.000
202603191542,   0.310,   0.741,9999.000,9999.000,9999.000,9999.000,9999.000,9999.000,9999.000
202603191548,   0.285,   0.731,9999.000,9999.000,9999.000,9999.000,9999.000,9999.000,9999.000
202603191554,   0.260,   0.708,9999.000,9999.000,9999.000,9999.000,9999.000,9999.000,9999.000
202603191600,   0.236,   0.698,   0.200,   0.262,   0.698,   0.200,   0.698,   0.300,   0.798
202603191606,   0.212,   0.688,9999.000,9999.000,9999.000,9999.000,9999.000,9999.000,9999.000
202603191612,   0.190,   0.669,9999.000,9999.000,9999.000,9999.000,9999.000,9999.000,9999.000
202603191618,   0.168,   0.649,9999.000,9999.000,9999.000,9999.000,9999.000,9999.000,9999.000
202603191624,   0.147,   0.639,9999.000,9999.000,9999.000,9999.000,9999.000,9999.000,9999.000
202603191630,   0.126,   0.619,9999.000,9999.000,9999.000,9999.000,9999.000,9999.000,9999.000
202603191636,   0.107,   0.610,9999.000,9999.000,9999.000,9999.000,9999.000,9999.000,9999.000
202603191642,   0.088,   0.600,9999.000,9999.000,9999.000,9999.000,9999.000,9999.000,9999.000
202603191648,   0.070,   0.590,9999.000,9999.000,9999.000,9999.000,9999.000,9999.000,9999.000
202603191654,   0.052,   0.570,9999.000,9999.000,9999.000,9999.000,9999.000,9999.000,9999.000
202603191700,   0.036,   0.560,   0.200,   0.324,   0.560,   0.200,   0.560,   0.300,   0.660
202603191706,   0.020,   0.551,9999.000,9999.000,9999.000,9999.000,9999.000,9999.000,9999.000
202603191712,   0.005,   0.541,9999.000,9999.000,9999.000,9999.000,9999.000,9999.000,9999.000
202603191718,  -0.008,   0.541,9999.000,9999.000,9999.000,9999.000,9999.000,9999.000,9999.000
202603191724,  -0.022,   0.541,9999.000,9999.000,9999.000,9999.000,9999.000,9999.000,9999.000
202603191730,  -0.034,   0.541,9999.000,9999.000,9999.000,9999.000,9999.000,9999.000,9999.000
202603191736,  -0.046,   0.541,9999.000,9999.000,9999.000,9999.000,9999.000,9999.000,9999.000
202603191742,  -0.056,   0.541,9999.000,9999.000,9999.000,9999.000,9999.000,9999.000,9999.000
202603191748,  -0.066,   0.541,9999.000,9999.000,9999.000,9999.000,9999.000,9999.000,9999.000
202603191754,  -0.074,   0.551,9999.000,9999.000,9999.000,9999.000,9999.000,9999.000,9999.000
202603191800,  -0.081,   0.560,   0.400,   0.241,   0.560,   0.300,   0.460,   0.500,   0.660
202603191806,  -0.086,   0.570,9999.000,9999.000,9999.000,9999.000,9999.000,9999.000,9999.000
202603191812,  -0.090,   0.570,9999.000,9999.000,9999.000,9999.000,9999.000,9999.000,9999.000
202603191818,  -0.093,   0.580,9999.000,9999.000,9999.000,9999.000,9999.000,9999.000,9999.000
202603191824,  -0.093,   0.600,9999.000,9999.000,9999.000,9999.000,9999.000,9999.000,9999.000
202603191830,  -0.093,   0.610,9999.000,9999.000,9999.000,9999.000,9999.000,9999.000,9999.000
202603191836,  -0.090,   0.619,9999.000,9999.000,9999.000,9999.000,9999.000,9999.000,9999.000
202603191842,  -0.085,   0.639,9999.000,9999.000,9999.000,9999.000,9999.000,9999.000,9999.000
202603191848,  -0.079,   0.659,9999.000,9999.000,9999.000,9999.000,9999.000,9999.000,9999.000
202603191854,  -0.071,   0.678,9999.000,9999.000,9999.000,9999.000,9999.000,9999.000,9999.000
202603191900,  -0.061,   0.698,   0.400,   0.359,   0.698,   0.300,   0.598,   0.500,   0.798
202603191906,  -0.048,   0.708,9999.000,9999.000,9999.000,9999.000,9999.000,9999.000,9999.000
202603191912,  -0.034,   0.731,9999.000,9999.000,9999.000,9999.000,9999.000,9999.000,9999.000
202603191918,  -0.018,   0.751,9999.000,9999.000,9999.000,9999.000,9999.000,9999.000,9999.000
202603191924,   0.000,   0.770,9999.000,9999.000,9999.000,9999.000,9999.000,9999.000,9999.000
202603191930,   0.018,   0.780,9999.000,9999.000,9999.000,9999.000,9999.000,9999.000,9999.000
202603191936,   0.040,   0.810,9999.000,9999.000,9999.000,9999.000,9999.000,9999.000,9999.000
202603191942,   0.063,   0.829,9999.000,9999.000,9999.000,9999.000,9999.000,9999.000,9999.000
202603191948,   0.088,   0.859,9999.000,9999.000,9999.000,9999.000,9999.000,9999.000,9999.000
202603191954,   0.114,   0.879,9999.000,9999.000,9999.000,9999.000,9999.000,9999.000,9999.000
202603192000,   0.142,   0.879,   0.400,   0.337,   0.879,   0.300,   0.779,   0.500,   0.979
202603192006,   0.170,   0.928,9999.000,9999.000,9999.000,9999.000,9999.000,9999.000,9999.000
202603192012,   0.200,   0.951,9999.000,9999.000,9999.000,9999.000,9999.000,9999.000,9999.000
202603192018,   0.231,   0.980,9999.000,9999.000,9999.000,9999.000,9999.000,9999.000,9999.000
202603192024,   0.263,   1.020,9999.000,9999.000,9999.000,9999.000,9999.000,9999.000,9999.000
202603192030,   0.295,   1.049,9999.000,9999.000,9999.000,9999.000,9999.000,9999.000,9999.000
202603192036,   0.327,   1.079,9999.000,9999.000,9999.000,9999.000,9999.000,9999.000,9999.000
202603192042,   0.360,   1.108,9999.000,9999.000,9999.000,9999.000,9999.000,9999.000,9999.000
202603192048,   0.393,   1.138,9999.000,9999.000,9999.000,9999.000,9999.000,9999.000,9999.000
202603192054,   0.427,   1.170,9999.000,9999.000,9999.000,9999.000,9999.000,9999.000,9999.000
202603192100,   0.460,   1.210,   0.400,   0.350,   1.210,   0.300,   1.110,   0.500,   1.310
202603192106,   0.493,   1.239,9999.000,9999.000,9999.000,9999.000,9999.000,9999.000,9999.000
202603192112,   0.526,   1.269,9999.000,9999.000,9999.000,9999.000,9999.000,9999.000,9999.000
202603192118,   0.558,   1.308,9999.000,9999.000,9999.000,9999.000,9999.000,9999.000,9999.000
202603192124,   0.590,   1.338,9999.000,9999.000,9999.000,9999.000,9999.000,9999.000,9999.000
202603192130,   0.621,   1.371,9999.000,9999.000,9999.000,9999.000,9999.000,9999.000,9999.000
202603192136,   0.652,   1.400,9999.000,9999.000,9999.000,9999.000,9999.000,9999.000,9999.000
202603192142,   0.682,   1.420,9999.000,9999.000,9999.000,9999.000,9999.000,9999.000,9999.000
202603192148,   0.712,   1.469,9999.000,9999.000,9999.000,9999.000,9999.000,9999.000,9999.000
202603192154,   0.740,   1.489,9999.000,9999.000,9999.000,9999.000,9999.000,9999.000,9999.000
202603192200,   0.768,   1.538,   0.400,   0.370,   1.538,   0.300,   1.438,   0.500,   1.638
202603192206,   0.794,   1.571,9999.000,9999.000,9999.000,9999.000,9999.000,9999.000,9999.000
202603192212,   0.820,   1.580,9999.000,9999.000,9999.000,9999.000,9999.000,9999.000,9999.000
202603192218,   0.845,   1.620,9999.000,9999.000,9999.000,9999.000,9999.000,9999.000,9999.000
202603192224,   0.868,   1.630,9999.000,9999.000,9999.000,9999.000,9999.000,9999.000,9999.000
202603192230,   0.891,   1.649,9999.000,9999.000,9999.000,9999.000,9999.000,9999.000,9999.000
202603192236,   0.912,   1.679,9999.000,9999.000,9999.000,9999.000,9999.000,9999.000,9999.000
202603192242,   0.932,   1.699,9999.000,9999.000,9999.000,9999.000,9999.000,9999.000,9999.000
202603192248,   0.951,   1.718,9999.000,9999.000,9999.000,9999.000,9999.000,9999.000,9999.000
202603192254,   0.968,   1.728,9999.000,9999.000,9999.000,9999.000,9999.000,9999.000,9999.000
202603192300,   0.984,   1.748,   0.400,   0.364,   1.748,   0.300,   1.648,   0.500,   1.848
202603192306,   0.999,   1.758,9999.000,9999.000,9999.000,9999.000,9999.000,9999.000,9999.000
202603192312,   1.012,   1.767,9999.000,9999.000,9999.000,9999.000,9999.000,9999.000,9999.000
202603192318,   1.024,   1.790,9999.000,9999.000,9999.000,9999.000,9999.000,9999.000,9999.000
202603192324,   1.034,   1.800,9999.000,9999.000,9999.000,9999.000,9999.000,9999.000,9999.000
202603192330,   1.042,   1.810,9999.000,9999.000,9999.000,9999.000,9999.000,9999.000,9999.000
202603192336,   1.049,   1.810,9999.000,9999.000,9999.000,9999.000,9999.000,9999.000,9999.000
202603192342,   1.054,   1.830,9999.000,9999.000,9999.000,9999.000,9999.000,9999.000,9999.000
202603192348,   1.058,   1.830,9999.000,9999.000,9999.000,9999.000,9999.000,9999.000,9999.000
202603192354,   1.059,   1.790,9999.000,9999.000,9999.000,9999.000,9999.000,9999.000,9999.000
202603200000,   1.059,   1.790,   0.500,   0.231,   1.790,   0.500,   1.790,   0.500,   1.790
202603200006,   1.057,   1.810,9999.000,9999.000,9999.000,9999.000,9999.000,9999.000,9999.000
202603200012,   1.054,   1.820,9999.000,9999.000,9999.000,9999.000,9999.000,9999.000,9999.000
202603200018,   1.048,   1.820,9999.000,9999.000,9999.000,9999.000,9999.000,9999.000,9999.000
202603200024,   1.041,   1.800,9999.000,9999.000,9999.000,9999.000,9999.000,9999.000,9999.000
202603200030,   1.032,   1.790,9999.000,9999.000,9999.000,9999.000,9999.000,9999.000,9999.000
202603200036,   1.022,   1.758,9999.000,9999.000,9999.000,9999.000,9999.000,9999.000,9999.000
202603200042,   1.010,   1.758,9999.000,9999.000,9999.000,9999.000,9999.000,9999.000,9999.000
202603200048,   0.996,   1.748,9999.000,9999.000,9999.000,9999.000,9999.000,9999.000,9999.000
202603200054,   0.981,   1.718,9999.000,9999.000,9999.000,9999.000,9999.000,9999.000,9999.000
202603200100,   0.964,   1.708,   0.500,   0.244,   1.708,   0.500,   1.708,   0.500,   1.708
202603200106,   0.946,   1.689,9999.000,9999.000,9999.000,9999.000,9999.000,9999.000,9999.000
202603200112,   0.927,   1.659,9999.000,9999.000,9999.000,9999.000,9999.000,9999.000,9999.000
202603200118,   0.906,   1.649,9999.000,9999.000,9999.000,9999.000,9999.000,9999.000,9999.000
202603200124,   0.885,   1.620,9999.000,9999.000,9999.000,9999.000,9999.000,9999.000,9999.000
202603200130,   0.862,   1.590,9999.000,9999.000,9999.000,9999.000,9999.000,9999.000,9999.000
202603200136,   0.838,   1.571,9999.000,9999.000,9999.000,9999.000,9999.000,9999.000,9999.000
202603200142,   0.813,   1.538,9999.000,9999.000,9999.000,9999.000,9999.000,9999.000,9999.000
202603200148,   0.788,   1.528,9999.000,9999.000,9999.000,9999.000,9999.000,9999.000,9999.000
202603200154,   0.762,   1.508,9999.000,9999.000,9999.000,9999.000,9999.000,9999.000,9999.000
202603200200,   0.735,   1.489,   0.500,   0.254,   1.489,   0.500,   1.489,   0.500,   1.489
202603200206,   0.708,   1.469,9999.000,9999.000,9999.000,9999.000,9999.000,9999.000,9999.000
202603200212,   0.680,   1.439,9999.000,9999.000,9999.000,9999.000,9999.000,9999.000,9999.000
202603200218,   0.652,   1.420,9999.000,9999.000,9999.000,9999.000,9999.000,9999.000,9999.000
202603200224,   0.624,   1.390,9999.000,9999.000,9999.000,9999.000,9999.000,9999.000,9999.000
202603200230,   0.595,   1.361,9999.000,9999.000,9999.000,9999.000,9999.000,9999.000,9999.000
202603200236,   0.567,   1.338,9999.000,9999.000,9999.000,9999.000,9999.000,9999.000,9999.000
202603200242,   0.538,   1.308,9999.000,9999.000,9999.000,9999.000,9999.000,9999.000,9999.000
202603200248,   0.510,   1.279,9999.000,9999.000,9999.000,9999.000,9999.000,9999.000,9999.000
202603200254,   0.482,   1.249,9999.000,9999.000,9999.000,9999.000,9999.000,9999.000,9999.000
202603200300,   0.454,   1.220,   0.500,   0.266,   1.220,   0.500,   1.220,   0.500,   1.220
202603200306,   0.426,   1.190,9999.000,9999.000,9999.000,9999.000,9999.000,9999.000,9999.000
202603200312,   0.399,   1.170,9999.000,9999.000,9999.000,9999.000,9999.000,9999.000,9999.000
202603200318,   0.373,   1.161,9999.000,9999.000,9999.000,9999.000,9999.000,9999.000,9999.000
202603200324,   0.346,   1.128,9999.000,9999.000,9999.000,9999.000,9999.000,9999.000,9999.000
202603200330,   0.321,   1.098,9999.000,9999.000,9999.000,9999.000,9999.000,9999.000,9999.000
202603200336,   0.296,   1.069,9999.000,9999.000,9999.000,9999.000,9999.000,9999.000,9999.000
202603200342,   0.272,   1.039,9999.000,9999.000,9999.000,9999.000,9999.000,9999.000,9999.000
202603200348,   0.249,   1.029,9999.000,9999.000,9999.000,9999.000,9999.000,9999.000,9999.000
202603200354,   0.226,   1.020,9999.000,9999.000,9999.000,9999.000,9999.000,9999.000,9999.000
202603200400,   0.204,   1.010,   0.500,   0.306,   1.010,   0.500,   1.010,   0.500,   1.010
202603200406,   0.183,   0.980,9999.000,9999.000,9999.000,9999.000,9999.000,9999.000,9999.000
202603200412,   0.163,   0.961,9999.000,9999.000,9999.000,9999.000,9999.000,9999.000,9999.000
202603200418,   0.144,   0.941,9999.000,9999.000,9999.000,9999.000,9999.000,9999.000,9999.000
202603200424,   0.126,   0.928,9999.000,9999.000,9999.000,9999.000,9999.000,9999.000,9999.000
202603200430,   0.109,   0.908,9999.000,9999.000,9999.000,9999.000,9999.000,9999.000,9999.000
202603200436,   0.092,   0.898,9999.000,9999.000,9999.000,9999.000,9999.000,9999.000,9999.000
202603200442,   0.076,   0.879,9999.000,9999.000,9999.000,9999.000,9999.000,9999.000,9999.000
202603200448,   0.062,   0.869,9999.000,9999.000,9999.000,9999.000,9999.000,9999.000,9999.000
202603200454,   0.048,   0.869,9999.000,9999.000,9999.000,9999.000,9999.000,9999.000,9999.000
202603200500,   0.035,   0.859,   0.500,   0.324,   0.859,   0.500,   0.859,   0.500,   0.859
202603200506,   0.022,   0.859,9999.000,9999.000,9999.000,9999.000,9999.000,9999.000,9999.000
202603200512,   0.011,   0.849,9999.000,9999.000,9999.000,9999.000,9999.000,9999.000,9999.000
202603200518,   0.001,   0.839,9999.000,9999.000,9999.000,9999.000,9999.000,9999.000,9999.000
202603200524,  -0.008,   0.829,9999.000,9999.000,9999.000,9999.000,9999.000,9999.000,9999.000
202603200530,  -0.017,   0.829,9999.000,9999.000,9999.000,9999.000,9999.000,9999.000,9999.000
202603200536,  -0.025,   0.829,9999.000,9999.000,9999.000,9999.000,9999.000,9999.000,9999.000
202603200542,  -0.032,   0.839,9999.000,9999.000,9999.000,9999.000,9999.000,9999.000,9999.000
202603200548,  -0.038,   0.829,9999.000,9999.000,9999.000,9999.000,9999.000,9999.000,9999.000
202603200554,  -0.042,   0.829,9999.000,9999.000,9999.000,9999.000,9999.000,9999.000,9999.000
202603200600,  -0.046,   0.829,   0.500,   0.375,   0.829,   0.500,   0.829,   0.500,   0.829
202603200606,  -0.049,   0.829,9999.000,9999.000,9999.000,9999.000,9999.000,9999.000,9999.000
202603200612,  -0.050,   0.829,9999.000,9999.000,9999.000,9999.000,9999.000,9999.000,9999.000
202603200618,  -0.050,   0.829,9999.000,9999.000,9999.000,9999.000,9999.000,9999.000,9999.000
202603200624,  -0.049,   0.829,9999.000,9999.000,9999.000,9999.000,9999.000,9999.000,9999.000
202603200630,  -0.046,   0.839,9999.000,9999.000,9999.000,9999.000,9999.000,9999.000,9999.000
202603200636,  -0.042,   0.839,9999.000,9999.000,9999.000,9999.000,9999.000,9999.000,9999.000
202603200642,  -0.036,   0.849,9999.000,9999.000,9999.000,9999.000,9999.000,9999.000,9999.000
202603200648,  -0.028,   0.849,9999.000,9999.000,9999.000,9999.000,9999.000,9999.000,9999.000
202603200654,  -0.019,   0.859,9999.000,9999.000,9999.000,9999.000,9999.000,9999.000,9999.000
202603200700,  -0.007,   0.869,   0.500,   0.376,   0.869,   0.500,   0.869,   0.500,   0.869
202603200706,   0.005,   0.879,9999.000,9999.000,9999.000,9999.000,9999.000,9999.000,9999.000
202603200712,   0.020,   0.908,9999.000,9999.000,9999.000,9999.000,9999.000,9999.000,9999.000
202603200718,   0.037,   0.928,9999.000,9999.000,9999.000,9999.000,9999.000,9999.000,9999.000
202603200724,   0.056,   0.951,9999.000,9999.000,9999.000,9999.000,9999.000,9999.000,9999.000
202603200730,   0.078,   0.970,9999.000,9999.000,9999.000,9999.000,9999.000,9999.000,9999.000
202603200736,   0.101,   0.990,9999.000,9999.000,9999.000,9999.000,9999.000,9999.000,9999.000
202603200742,   0.126,   1.020,9999.000,9999.000,9999.000,9999.000,9999.000,9999.000,9999.000
202603200748,   0.152,   1.049,9999.000,9999.000,9999.000,9999.000,9999.000,9999.000,9999.000
202603200754,   0.181,   1.079,9999.000,9999.000,9999.000,9999.000,9999.000,9999.000,9999.000
202603200800,   0.211,   1.108,   0.500,   0.397,   1.108,   0.500,   1.108,   0.500,   1.108
202603200806,   0.243,   1.151,9999.000,9999.000,9999.000,9999.000,9999.000,9999.000,9999.000
202603200812,   0.276,   1.180,9999.000,9999.000,9999.000,9999.000,9999.000,9999.000,9999.000
202603200818,   0.311,   1.210,9999.000,9999.000,9999.000,9999.000,9999.000,9999.000,9999.000
202603200824,   0.347,   1.249,9999.000,9999.000,9999.000,9999.000,9999.000,9999.000,9999.000
202603200830,   0.384,   1.289,9999.000,9999.000,9999.000,9999.000,9999.000,9999.000,9999.000
202603200836,   0.422,   1.318,9999.000,9999.000,9999.000,9999.000,9999.000,9999.000,9999.000
202603200842,   0.460,   1.348,9999.000,9999.000,9999.000,9999.000,9999.000,9999.000,9999.000
202603200848,   0.499,   1.371,9999.000,9999.000,9999.000,9999.000,9999.000,9999.000,9999.000
202603200854,   0.539,   1.400,9999.000,9999.000,9999.000,9999.000,9999.000,9999.000,9999.000
202603200900,   0.578,   1.430,   0.500,   0.352,   1.430,   0.500,   1.430,   0.600,   1.530
202603200906,   0.618,   1.459,9999.000,9999.000,9999.000,9999.000,9999.000,9999.000,9999.000
202603200912,   0.658,   1.498,9999.000,9999.000,9999.000,9999.000,9999.000,9999.000,9999.000
202603200918,   0.698,   1.528,9999.000,9999.000,9999.000,9999.000,9999.000,9999.000,9999.000
202603200924,   0.737,   1.548,9999.000,9999.000,9999.000,9999.000,9999.000,9999.000,9999.000
202603200930,   0.776,   1.580,9999.000,9999.000,9999.000,9999.000,9999.000,9999.000,9999.000
202603200936,   0.815,   1.610,9999.000,9999.000,9999.000,9999.000,9999.000,9999.000,9999.000
202603200942,   0.853,   1.630,9999.000,9999.000,9999.000,9999.000,9999.000,9999.000,9999.000
202603200948,   0.890,   1.659,9999.000,9999.000,9999.000,9999.000,9999.000,9999.000,9999.000
202603200954,   0.926,   1.689,9999.000,9999.000,9999.000,9999.000,9999.000,9999.000,9999.000
202603201000,   0.962,   1.718,   0.500,   0.256,   1.718,   0.500,   1.718,   0.600,   1.818
202603201006,   0.996,   1.748,9999.000,9999.000,9999.000,9999.000,9999.000,9999.000,9999.000
202603201012,   1.030,   1.781,9999.000,9999.000,9999.000,9999.000,9999.000,9999.000,9999.000
202603201018,   1.062,   1.800,9999.000,9999.000,9999.000,9999.000,9999.000,9999.000,9999.000
202603201024,   1.093,   1.830,9999.000,9999.000,9999.000,9999.000,9999.000,9999.000,9999.000
202603201030,   1.123,   1.859,9999.000,9999.000,9999.000,9999.000,9999.000,9999.000,9999.000
202603201036,   1.152,   1.879,9999.000,9999.000,9999.000,9999.000,9999.000,9999.000,9999.000
202603201042,   1.180,   1.908,9999.000,9999.000,9999.000,9999.000,9999.000,9999.000,9999.000
202603201048,   1.206,   1.938,9999.000,9999.000,9999.000,9999.000,9999.000,9999.000,9999.000
202603201054,   1.231,   1.967,9999.000,9999.000,9999.000,9999.000,9999.000,9999.000,9999.000
202603201100,   1.254,   1.990,   0.500,   0.236,   1.990,   0.500,   1.990,   0.600,   2.090
202603201106,   1.276,   1.990,9999.000,9999.000,9999.000,9999.000,9999.000,9999.000,9999.000
202603201112,   1.297,   2.010,9999.000,9999.000,9999.000,9999.000,9999.000,9999.000,9999.000
202603201118,   1.316,   2.030,9999.000,9999.000,9999.000,9999.000,9999.000,9999.000,9999.000
202603201124,   1.333,   2.049,9999.000,9999.000,9999.000,9999.000,9999.000,9999.000,9999.000
202603201130,   1.348,   2.079,9999.000,9999.000,9999.000,9999.000,9999.000,9999.000,9999.000
202603201136,   1.362,   2.099,9999.000,9999.000,9999.000,9999.000,9999.000,9999.000,9999.000
202603201142,   1.374,   2.118,9999.000,9999.000,9999.000,9999.000,9999.000,9999.000,9999.000
202603201148,   1.384,   2.128,9999.000,9999.000,9999.000,9999.000,9999.000,9999.000,9999.000
202603201154,   1.393,   2.128,9999.000,9999.000,9999.000,9999.000,9999.000,9999.000,9999.000
202603201200,   1.399,   2.128,   0.500,   0.229,   2.128,   0.500,   2.128,   0.500,   2.128
202603201206,   1.404,   2.138,9999.000,9999.000,9999.000,9999.000,9999.000,9999.000,9999.000
202603201212,   1.406,   2.148,9999.000,9999.000,9999.000,9999.000,9999.000,9999.000,9999.000
202603201218,   1.407,   2.148,9999.000,9999.000,9999.000,9999.000,9999.000,9999.000,9999.000
202603201224,   1.405,   2.148,9999.000,9999.000,9999.000,9999.000,9999.000,9999.000,9999.000
202603201230,   1.402,   2.128,9999.000,9999.000,9999.000,9999.000,9999.000,9999.000,9999.000
202603201236,   1.396,   2.118,9999.000,9999.000,9999.000,9999.000,9999.000,9999.000,9999.000
202603201242,   1.389,   2.109,9999.000,9999.000,9999.000,9999.000,9999.000,9999.000,9999.000
202603201248,   1.380,   2.089,9999.000,9999.000,9999.000,9999.000,9999.000,9999.000,9999.000
202603201254,   1.369,   2.079,9999.000,9999.000,9999.000,9999.000,9999.000,9999.000,9999.000
202603201300,   1.355,   2.079,   0.500,   0.224,   2.079,   0.500,   2.079,   0.500,   2.079
202603201306,   1.341,   2.059,9999.000,9999.000,9999.000,9999.000,9999.000,9999.000,9999.000
202603201312,   1.324,   2.040,9999.000,9999.000,9999.000,9999.000,9999.000,9999.000,9999.000
202603201318,   1.306,   2.010,9999.000,9999.000,9999.000,9999.000,9999.000,9999.000,9999.000
202603201324,   1.286,   1.990,9999.000,9999.000,9999.000,9999.000,9999.000,9999.000,9999.000
202603201330,   1.265,   1.967,9999.000,9999.000,9999.000,9999.000,9999.000,9999.000,9999.000
202603201336,   1.242,   1.938,9999.000,9999.000,9999.000,9999.000,9999.000,9999.000,9999.000
202603201342,   1.218,   1.918,9999.000,9999.000,9999.000,9999.000,9999.000,9999.000,9999.000
202603201348,   1.192,   1.899,9999.000,9999.000,9999.000,9999.000,9999.000,9999.000,9999.000
202603201354,   1.166,   1.869,9999.000,9999.000,9999.000,9999.000,9999.000,9999.000,9999.000
202603201400,   1.138,   1.840,   0.500,   0.202,   1.840,   0.500,   1.840,   0.600,   1.940
202603201406,   1.110,   1.820,9999.000,9999.000,9999.000,9999.000,9999.000,9999.000,9999.000
202603201412,   1.081,   1.790,9999.000,9999.000,9999.000,9999.000,9999.000,9999.000,9999.000
202603201418,   1.051,   1.767,9999.000,9999.000,9999.000,9999.000,9999.000,9999.000,9999.000
202603201424,   1.020,   1.758,9999.000,9999.000,9999.000,9999.000,9999.000,9999.000,9999.000
202603201430,   0.989,   1.748,9999.000,9999.000,9999.000,9999.000,9999.000,9999.000,9999.000
202603201436,   0.957,   1.728,9999.000,9999.000,9999.000,9999.000,9999.000,9999.000,9999.000
202603201442,   0.925,   1.699,9999.000,9999.000,9999.000,9999.000,9999.000,9999.000,9999.000
202603201448,   0.893,   1.679,9999.000,9999.000,9999.000,9999.000,9999.000,9999.000,9999.000
202603201454,   0.860,   1.649,9999.000,9999.000,9999.000,9999.000,9999.000,9999.000,9999.000
202603201500,   0.828,   1.630,   0.500,   0.302,   1.630,   0.500,   1.630,   0.600,   1.730
202603201506,   0.795,   1.610,9999.000,9999.000,9999.000,9999.000,9999.000,9999.000,9999.000
202603201512,   0.762,   1.590,9999.000,9999.000,9999.000,9999.000,9999.000,9999.000,9999.000
202603201518,   0.730,   1.557,9999.000,9999.000,9999.000,9999.000,9999.000,9999.000,9999.000
202603201524,   0.698,   1.548,9999.000,9999.000,9999.000,9999.000,9999.000,9999.000,9999.000
202603201530,   0.666,   1.518,9999.000,9999.000,9999.000,9999.000,9999.000,9999.000,9999.000
202603201536,   0.634,   1.508,9999.000,9999.000,9999.000,9999.000,9999.000,9999.000,9999.000
202603201542,   0.603,   1.489,9999.000,9999.000,9999.000,9999.000,9999.000,9999.000,9999.000
202603201548,   0.572,   1.479,9999.000,9999.000,9999.000,9999.000,9999.000,9999.000,9999.000
202603201554,   0.541,   1.459,9999.000,9999.000,9999.000,9999.000,9999.000,9999.000,9999.000
202603201600,   0.511,   1.449,   0.600,   0.338,   1.449,   0.500,   1.349,   0.600,   1.449
202603201606,   0.482,   1.439,9999.000,9999.000,9999.000,9999.000,9999.000,9999.000,9999.000
202603201612,   0.453,   1.420,9999.000,9999.000,9999.000,9999.000,9999.000,9999.000,9999.000
202603201618,   0.425,   1.420,9999.000,9999.000,9999.000,9999.000,9999.000,9999.000,9999.000
202603201624,   0.397,   1.390,9999.000,9999.000,9999.000,9999.000,9999.000,9999.000,9999.000
202603201630,   0.370,   1.361,9999.000,9999.000,9999.000,9999.000,9999.000,9999.000,9999.000
202603201636,   0.344,   1.348,9999.000,9999.000,9999.000,9999.000,9999.000,9999.000,9999.000
202603201642,   0.318,   1.279,9999.000,9999.000,9999.000,9999.000,9999.000,9999.000,9999.000
202603201648,   0.293,   1.289,9999.000,9999.000,9999.000,9999.000,9999.000,9999.000,9999.000
202603201654,   0.269,   1.279,9999.000,9999.000,9999.000,9999.000,9999.000,9999.000,9999.000
202603201700,   0.245,   1.239,   0.600,   0.394,   1.239,   0.600,   1.239,   0.600,   1.239
202603201706,   0.222,   1.249,9999.000,9999.000,9999.000,9999.000,9999.000,9999.000,9999.000
202603201712,   0.200,   1.220,9999.000,9999.000,9999.000,9999.000,9999.000,9999.000,9999.000
202603201718,   0.178,   1.220,9999.000,9999.000,9999.000,9999.000,9999.000,9999.000,9999.000
202603201724,   0.157,   1.200,9999.000,9999.000,9999.000,9999.000,9999.000,9999.000,9999.000
202603201730,   0.136,   1.180,9999.000,9999.000,9999.000,9999.000,9999.000,9999.000,9999.000
202603201736,   0.117,   1.170,9999.000,9999.000,9999.000,9999.000,9999.000,9999.000,9999.000
202603201742,   0.097,   1.151,9999.000,9999.000,9999.000,9999.000,9999.000,9999.000,9999.000
202603201748,   0.079,   1.151,9999.000,9999.000,9999.000,9999.000,9999.000,9999.000,9999.000
202603201754,   0.061,   1.138,9999.000,9999.000,9999.000,9999.000,9999.000,9999.000,9999.000
202603201800,   0.044,   1.108,   0.600,   0.464,   1.108,   0.600,   1.108,   0.700,   1.208
202603201806,   0.028,   1.098,9999.000,9999.000,9999.000,9999.000,9999.000,9999.000,9999.000
202603201812,   0.013,   1.069,9999.000,9999.000,9999.000,9999.000,9999.000,9999.000,9999.000
202603201818,  -0.001,   1.059,9999.000,9999.000,9999.000,9999.000,9999.000,9999.000,9999.000
202603201824,  -0.014,   1.049,9999.000,9999.000,9999.000,9999.000,9999.000,9999.000,9999.000
202603201830,  -0.027,   1.029,9999.000,9999.000,9999.000,9999.000,9999.000,9999.000,9999.000
202603201836,  -0.038,   1.020,9999.000,9999.000,9999.000,9999.000,9999.000,9999.000,9999.000
202603201842,  -0.048,   1.000,9999.000,9999.000,9999.000,9999.000,9999.000,9999.000,9999.000
202603201848,  -0.057,   1.010,9999.000,9999.000,9999.000,9999.000,9999.000,9999.000,9999.000
202603201854,  -0.064,   1.000,9999.000,9999.000,9999.000,9999.000,9999.000,9999.000,9999.000
202603201900,  -0.070,   1.000,   0.700,   0.370,   1.000,   0.600,   0.900,   0.700,   1.000
202603201906,  -0.074,   1.000,9999.000,9999.000,9999.000,9999.000,9999.000,9999.000,9999.000
202603201912,  -0.076,   1.000,9999.000,9999.000,9999.000,9999.000,9999.000,9999.000,9999.000
202603201918,  -0.077,   1.000,9999.000,9999.000,9999.000,9999.000,9999.000,9999.000,9999.000
202603201924,  -0.076,   1.010,9999.000,9999.000,9999.000,9999.000,9999.000,9999.000,9999.000
202603201930,  -0.073,   1.020,9999.000,9999.000,9999.000,9999.000,9999.000,9999.000,9999.000
202603201936,  -0.068,   1.029,9999.000,9999.000,9999.000,9999.000,9999.000,9999.000,9999.000
202603201942,  -0.061,   1.039,9999.000,9999.000,9999.000,9999.000,9999.000,9999.000,9999.000
202603201948,  -0.052,   1.059,9999.000,9999.000,9999.000,9999.000,9999.000,9999.000,9999.000
202603201954,  -0.041,   1.069,9999.000,9999.000,9999.000,9999.000,9999.000,9999.000,9999.000
202603202000,  -0.028,   1.098,   0.700,   0.426,   1.098,   0.600,   0.998,   0.800,   1.198
202603202006,  -0.013,   1.128,9999.000,9999.000,9999.000,9999.000,9999.000,9999.000,9999.000
202603202012,   0.003,   1.161,9999.000,9999.000,9999.000,9999.000,9999.000,9999.000,9999.000
202603202018,   0.021,   1.200,9999.000,9999.000,9999.000,9999.000,9999.000,9999.000,9999.000
202603202024,   0.042,   1.229,9999.000,9999.000,9999.000,9999.000,9999.000,9999.000,9999.000
202603202030,   0.064,   1.259,9999.000,9999.000,9999.000,9999.000,9999.000,9999.000,9999.000
202603202036,   0.087,   1.279,9999.000,9999.000,9999.000,9999.000,9999.000,9999.000,9999.000
202603202042,   0.112,   1.298,9999.000,9999.000,9999.000,9999.000,9999.000,9999.000,9999.000
202603202048,   0.139,   1.328,9999.000,9999.000,9999.000,9999.000,9999.000,9999.000,9999.000
202603202054,   0.166,   1.371,9999.000,9999.000,9999.000,9999.000,9999.000,9999.000,9999.000
202603202100,   0.195,   1.410,   0.700,   0.515,   1.410,   0.700,   1.410,   0.800,   1.510
202603202106,   0.225,   1.449,9999.000,9999.000,9999.000,9999.000,9999.000,9999.000,9999.000
202603202112,   0.255,   1.489,9999.000,9999.000,9999.000,9999.000,9999.000,9999.000,9999.000
202603202118,   0.286,   1.518,9999.000,9999.000,9999.000,9999.000,9999.000,9999.000,9999.000
202603202124,   0.317,   1.557,9999.000,9999.000,9999.000,9999.000,9999.000,9999.000,9999.000
202603202130,   0.349,   1.590,9999.000,9999.000,9999.000,9999.000,9999.000,9999.000,9999.000
202603202136,   0.381,   1.639,9999.000,9999.000,9999.000,9999.000,9999.000,9999.000,9999.000
202603202142,   0.413,   1.689,9999.000,9999.000,9999.000,9999.000,9999.000,9999.000,9999.000
202603202148,   0.445,   1.728,9999.000,9999.000,9999.000,9999.000,9999.000,9999.000,9999.000
202603202154,   0.477,   1.781,9999.000,9999.000,9999.000,9999.000,9999.000,9999.000,9999.000
202603202200,   0.508,   1.820,   0.800,   0.512,   1.820,   0.700,   1.720,   0.800,   1.820
202603202206,   0.539,   1.840,9999.000,9999.000,9999.000,9999.000,9999.000,9999.000,9999.000
202603202212,   0.570,   1.879,9999.000,9999.000,9999.000,9999.000,9999.000,9999.000,9999.000
202603202218,   0.600,   1.908,9999.000,9999.000,9999.000,9999.000,9999.000,9999.000,9999.000
202603202224,   0.630,   1.938,9999.000,9999.000,9999.000,9999.000,9999.000,9999.000,9999.000
202603202230,   0.659,   1.981,9999.000,9999.000,9999.000,9999.000,9999.000,9999.000,9999.000
202603202236,   0.687,   2.000,9999.000,9999.000,9999.000,9999.000,9999.000,9999.000,9999.000
202603202242,   0.714,   2.030,9999.000,9999.000,9999.000,9999.000,9999.000,9999.000,9999.000
202603202248,   0.741,   2.059,9999.000,9999.000,9999.000,9999.000,9999.000,9999.000,9999.000
202603202254,   0.766,   2.079,9999.000,9999.000,9999.000,9999.000,9999.000,9999.000,9999.000
202603202300,   0.791,   2.089,   0.800,   0.498,   2.089,   0.700,   1.989,   0.800,   2.089
202603202306,   0.814,   2.099,9999.000,9999.000,9999.000,9999.000,9999.000,9999.000,9999.000
202603202312,   0.837,   2.118,9999.000,9999.000,9999.000,9999.000,9999.000,9999.000,9999.000
202603202318,   0.858,   2.138,9999.000,9999.000,9999.000,9999.000,9999.000,9999.000,9999.000
202603202324,   0.879,   2.168,9999.000,9999.000,9999.000,9999.000,9999.000,9999.000,9999.000
202603202330,   0.898,   2.191,9999.000,9999.000,9999.000,9999.000,9999.000,9999.000,9999.000
202603202336,   0.915,   2.220,9999.000,9999.000,9999.000,9999.000,9999.000,9999.000,9999.000
202603202342,   0.932,   2.259,9999.000,9999.000,9999.000,9999.000,9999.000,9999.000,9999.000
202603202348,   0.947,   2.289,9999.000,9999.000,9999.000,9999.000,9999.000,9999.000,9999.000
202603202354,   0.960,   2.407,9999.000,9999.000,9999.000,9999.000,9999.000,9999.000,9999.000
202603210000,   0.972,   2.407,   0.700,   0.735,   2.407,   0.500,   2.207,   0.800,   2.507
202603210006,   0.982,   2.368,9999.000,9999.000,9999.000,9999.000,9999.000,9999.000,9999.000
202603210012,   0.991,   2.377,9999.000,9999.000,9999.000,9999.000,9999.000,9999.000,9999.000
202603210018,   0.998,   2.387,9999.000,9999.000,9999.000,9999.000,9999.000,9999.000,9999.000
202603210024,   1.003,   2.400,9999.000,9999.000,9999.000,9999.000,9999.000,9999.000,9999.000
202603210030,   1.006,   2.410,9999.000,9999.000,9999.000,9999.000,9999.000,9999.000,9999.000
202603210036,   1.008,   2.410,9999.000,9999.000,9999.000,9999.000,9999.000,9999.000,9999.000
202603210042,   1.007,   2.420,9999.000,9999.000,9999.000,9999.000,9999.000,9999.000,9999.000
202603210048,   1.005,   2.410,9999.000,9999.000,9999.000,9999.000,9999.000,9999.000,9999.000
202603210054,   1.001,   2.400,9999.000,9999.000,9999.000,9999.000,9999.000,9999.000,9999.000
202603210100,   0.995,   2.387,   0.700,   0.692,   2.387,   0.500,   2.187,   0.800,   2.487
202603210106,   0.988,   2.387,9999.000,9999.000,9999.000,9999.000,9999.000,9999.000,9999.000
202603210112,   0.978,   2.377,9999.000,9999.000,9999.000,9999.000,9999.000,9999.000,9999.000
202603210118,   0.967,   2.368,9999.000,9999.000,9999.000,9999.000,9999.000,9999.000,9999.000
202603210124,   0.954,   2.348,9999.000,9999.000,9999.000,9999.000,9999.000,9999.000,9999.000
202603210130,   0.939,   2.318,9999.000,9999.000,9999.000,9999.000,9999.000,9999.000,9999.000
202603210136,   0.923,   2.309,9999.000,9999.000,9999.000,9999.000,9999.000,9999.000,9999.000
202603210142,   0.906,   2.289,9999.000,9999.000,9999.000,9999.000,9999.000,9999.000,9999.000
202603210148,   0.886,   2.269,9999.000,9999.000,9999.000,9999.000,9999.000,9999.000,9999.000
202603210154,   0.866,   2.230,9999.000,9999.000,9999.000,9999.000,9999.000,9999.000,9999.000
202603210200,   0.844,   2.200,   0.700,   0.656,   2.200,   0.500,   2.000,   0.800,   2.300
202603210206,   0.821,   2.168,9999.000,9999.000,9999.000,9999.000,9999.000,9999.000,9999.000
202603210212,   0.798,   2.118,9999.000,9999.000,9999.000,9999.000,9999.000,9999.000,9999.000
202603210218,   0.773,   2.089,9999.000,9999.000,9999.000,9999.000,9999.000,9999.000,9999.000
202603210224,   0.747,   2.010,9999.000,9999.000,9999.000,9999.000,9999.000,9999.000,9999.000
202603210230,   0.721,   1.981,9999.000,9999.000,9999.000,9999.000,9999.000,9999.000,9999.000
202603210236,   0.694,   1.958,9999.000,9999.000,9999.000,9999.000,9999.000,9999.000,9999.000
202603210242,   0.667,   1.938,9999.000,9999.000,9999.000,9999.000,9999.000,9999.000,9999.000
202603210248,   0.639,   1.938,9999.000,9999.000,9999.000,9999.000,9999.000,9999.000,9999.000
202603210254,   0.611,   1.899,9999.000,9999.000,9999.000,9999.000,9999.000,9999.000,9999.000
202603210300,   0.582,   1.899,   0.700,   0.617,   1.899,   0.600,   1.799,   0.800,   1.999
202603210306,   0.554,   1.879,9999.000,9999.000,9999.000,9999.000,9999.000,9999.000,9999.000
202603210312,   0.525,   1.840,9999.000,9999.000,9999.000,9999.000,9999.000,9999.000,9999.000
202603210318,   0.497,   1.869,9999.000,9999.000,9999.000,9999.000,9999.000,9999.000,9999.000
202603210324,   0.468,   1.849,9999.000,9999.000,9999.000,9999.000,9999.000,9999.000,9999.000
202603210330,   0.440,   1.859,9999.000,9999.000,9999.000,9999.000,9999.000,9999.000,9999.000
202603210336,   0.412,   1.859,9999.000,9999.000,9999.000,9999.000,9999.000,9999.000,9999.000
202603210342,   0.385,   1.830,9999.000,9999.000,9999.000,9999.000,9999.000,9999.000,9999.000
202603210348,   0.358,   1.810,9999.000,9999.000,9999.000,9999.000,9999.000,9999.000,9999.000
202603210354,   0.331,   1.767,9999.000,9999.000,9999.000,9999.000,9999.000,9999.000,9999.000
202603210400,   0.305,   1.738,   0.700,   0.733,   1.738,   0.600,   1.638,   0.800,   1.838
202603210406,   0.280,   1.708,9999.000,9999.000,9999.000,9999.000,9999.000,9999.000,9999.000
202603210412,   0.255,   1.679,9999.000,9999.000,9999.000,9999.000,9999.000,9999.000,9999.000
202603210418,   0.231,   1.659,9999.000,9999.000,9999.000,9999.000,9999.000,9999.000,9999.000
202603210424,   0.207,   1.630,9999.000,9999.000,9999.000,9999.000,9999.000,9999.000,9999.000
202603210430,   0.185,   1.610,9999.000,9999.000,9999.000,9999.000,9999.000,9999.000,9999.000
202603210436,   0.163,   1.557,9999.000,9999.000,9999.000,9999.000,9999.000,9999.000,9999.000
202603210442,   0.142,   1.538,9999.000,9999.000,9999.000,9999.000,9999.000,9999.000,9999.000
202603210448,   0.122,   1.508,9999.000,9999.000,9999.000,9999.000,9999.000,9999.000,9999.000
202603210454,   0.103,   1.459,9999.000,9999.000,9999.000,9999.000,9999.000,9999.000,9999.000
202603210500,   0.084,   1.449,   0.700,   0.665,   1.449,   0.600,   1.349,   0.800,   1.549
202603210506,   0.067,   1.410,9999.000,9999.000,9999.000,9999.000,9999.000,9999.000,9999.000
202603210512,   0.050,   1.348,9999.000,9999.000,9999.000,9999.000,9999.000,9999.000,9999.000
202603210518,   0.034,   1.318,9999.000,9999.000,9999.000,9999.000,9999.000,9999.000,9999.000
202603210524,   0.020,   1.269,9999.000,9999.000,9999.000,9999.000,9999.000,9999.000,9999.000
202603210530,   0.006,   1.239,9999.000,9999.000,9999.000,9999.000,9999.000,9999.000,9999.000
202603210536,  -0.006,   1.220,9999.000,9999.000,9999.000,9999.000,9999.000,9999.000,9999.000
202603210542,  -0.018,   1.200,9999.000,9999.000,9999.000,9999.000,9999.000,9999.000,9999.000
202603210548,  -0.029,   1.180,9999.000,9999.000,9999.000,9999.000,9999.000,9999.000,9999.000
202603210554,  -0.040,   1.151,9999.000,9999.000,9999.000,9999.000,9999.000,9999.000,9999.000
202603210600,  -0.049,   1.118,   0.700,   0.467,   1.118,   0.600,   1.018,   0.800,   1.218
202603210606,  -0.057,   1.108,9999.000,9999.000,9999.000,9999.000,9999.000,9999.000,9999.000
202603210612,  -0.064,   1.098,9999.000,9999.000,9999.000,9999.000,9999.000,9999.000,9999.000
202603210618,  -0.071,   1.098,9999.000,9999.000,9999.000,9999.000,9999.000,9999.000,9999.000
202603210624,  -0.076,   1.088,9999.000,9999.000,9999.000,9999.000,9999.000,9999.000,9999.000
202603210630,  -0.080,   1.079,9999.000,9999.000,9999.000,9999.000,9999.000,9999.000,9999.000
202603210636,  -0.083,   1.059,9999.000,9999.000,9999.000,9999.000,9999.000,9999.000,9999.000
202603210642,  -0.085,   1.049,9999.000,9999.000,9999.000,9999.000,9999.000,9999.000,9999.000
202603210648,  -0.086,   1.049,9999.000,9999.000,9999.000,9999.000,9999.000,9999.000,9999.000
202603210654,  -0.086,   1.059,9999.000,9999.000,9999.000,9999.000,9999.000,9999.000,9999.000
202603210700,  -0.084,   1.069,   0.700,   0.453,   1.069,   0.600,   0.969,   0.800,   1.169
202603210706,  -0.080,   1.069,9999.000,9999.000,9999.000,9999.000,9999.000,9999.000,9999.000
202603210712,  -0.076,   1.079,9999.000,9999.000,9999.000,9999.000,9999.000,9999.000,9999.000
202603210718,  -0.069,   1.059,9999.000,9999.000,9999.000,9999.000,9999.000,9999.000,9999.000
202603210724,  -0.061,   1.049,9999.000,9999.000,9999.000,9999.000,9999.000,9999.000,9999.000
202603210730,  -0.051,   1.039,9999.000,9999.000,9999.000,9999.000,9999.000,9999.000,9999.000
202603210736,  -0.040,   1.029,9999.000,9999.000,9999.000,9999.000,9999.000,9999.000,9999.000
202603210742,  -0.027,   1.049,9999.000,9999.000,9999.000,9999.000,9999.000,9999.000,9999.000
202603210748,  -0.011,   1.069,9999.000,9999.000,9999.000,9999.000,9999.000,9999.000,9999.000
202603210754,   0.005,   1.098,9999.000,9999.000,9999.000,9999.000,9999.000,9999.000,9999.000
202603210800,   0.024,   1.108,   0.700,   0.384,   1.108,   0.600,   1.008,   0.800,   1.208
202603210806,   0.045,   1.118,9999.000,9999.000,9999.000,9999.000,9999.000,9999.000,9999.000
202603210812,   0.068,   1.138,9999.000,9999.000,9999.000,9999.000,9999.000,9999.000,9999.000
202603210818,   0.093,   1.151,9999.000,9999.000,9999.000,9999.000,9999.000,9999.000,9999.000
202603210824,   0.119,   1.170,9999.000,9999.000,9999.000,9999.000,9999.000,9999.000,9999.000
202603210830,   0.148,   1.200,9999.000,9999.000,9999.000,9999.000,9999.000,9999.000,9999.000
202603210836,   0.178,   1.239,9999.000,9999.000,9999.000,9999.000,9999.000,9999.000,9999.000
202603210842,   0.210,   1.259,9999.000,9999.000,9999.000,9999.000,9999.000,9999.000,9999.000
202603210848,   0.244,   1.279,9999.000,9999.000,9999.000,9999.000,9999.000,9999.000,9999.000
202603210854,   0.279,   1.308,9999.000,9999.000,9999.000,9999.000,9999.000,9999.000,9999.000
202603210900,   0.315,   1.318,   0.700,   0.303,   1.318,   0.600,   1.218,   0.800,   1.418
202603210906,   0.353,   1.338,9999.000,9999.000,9999.000,9999.000,9999.000,9999.000,9999.000
202603210912,   0.392,   1.371,9999.000,9999.000,9999.000,9999.000,9999.000,9999.000,9999.000
202603210918,   0.432,   1.400,9999.000,9999.000,9999.000,9999.000,9999.000,9999.000,9999.000
202603210924,   0.472,   1.439,9999.000,9999.000,9999.000,9999.000,9999.000,9999.000,9999.000
202603210930,   0.513,   1.489,9999.000,9999.000,9999.000,9999.000,9999.000,9999.000,9999.000
202603210936,   0.555,   1.518,9999.000,9999.000,9999.000,9999.000,9999.000,9999.000,9999.000
202603210942,   0.597,   1.538,9999.000,9999.000,9999.000,9999.000,9999.000,9999.000,9999.000
202603210948,   0.639,   1.580,9999.000,9999.000,9999.000,9999.000,9999.000,9999.000,9999.000
202603210954,   0.681,   1.610,9999.000,9999.000,9999.000,9999.000,9999.000,9999.000,9999.000
202603211000,   0.723,   1.639,   0.700,   0.216,   1.639,   0.600,   1.539,   0.800,   1.739
202603211006,   0.765,   1.699,9999.000,9999.000,9999.000,9999.000,9999.000,9999.000,9999.000
202603211012,   0.807,   1.728,9999.000,9999.000,9999.000,9999.000,9999.000,9999.000,9999.000
202603211018,   0.848,   1.758,9999.000,9999.000,9999.000,9999.000,9999.000,9999.000,9999.000
202603211024,   0.888,   1.790,9999.000,9999.000,9999.000,9999.000,9999.000,9999.000,9999.000
202603211030,   0.928,   1.800,9999.000,9999.000,9999.000,9999.000,9999.000,9999.000,9999.000
202603211036,   0.967,   1.840,9999.000,9999.000,9999.000,9999.000,9999.000,9999.000,9999.000
202603211042,   1.005,   1.859,9999.000,9999.000,9999.000,9999.000,9999.000,9999.000,9999.000
202603211048,   1.042,   1.889,9999.000,9999.000,9999.000,9999.000,9999.000,9999.000,9999.000
202603211054,   1.078,   1.928,9999.000,9999.000,9999.000,9999.000,9999.000,9999.000,9999.000
202603211100,   1.113,   1.958,   0.700,   0.145,   1.958,   0.600,   1.858,   0.800,   2.058
202603211106,   1.146,   1.981,9999.000,9999.000,9999.000,9999.000,9999.000,9999.000,9999.000
202603211112,   1.179,   2.000,9999.000,9999.000,9999.000,9999.000,9999.000,9999.000,9999.000
202603211118,   1.210,   2.030,9999.000,9999.000,9999.000,9999.000,9999.000,9999.000,9999.000
202603211124,   1.240,   2.059,9999.000,9999.000,9999.000,9999.000,9999.000,9999.000,9999.000
202603211130,   1.269,   2.089,9999.000,9999.000,9999.000,9999.000,9999.000,9999.000,9999.000
202603211136,   1.296,   2.118,9999.000,9999.000,9999.000,9999.000,9999.000,9999.000,9999.000
202603211142,   1.321,   2.128,9999.000,9999.000,9999.000,9999.000,9999.000,9999.000,9999.000
202603211148,   1.345,   2.148,9999.000,9999.000,9999.000,9999.000,9999.000,9999.000,9999.000
202603211154,   1.368,   2.158,9999.000,9999.000,9999.000,9999.000,9999.000,9999.000,9999.000
202603211200,   1.389,   2.177,   0.700,   0.088,   2.177,   0.500,   1.977,   0.800,   2.277
202603211206,   1.408,   2.191,9999.000,9999.000,9999.000,9999.000,9999.000,9999.000,9999.000
202603211212,   1.425,   2.210,9999.000,9999.000,9999.000,9999.000,9999.000,9999.000,9999.000
202603211218,   1.440,   2.220,9999.000,9999.000,9999.000,9999.000,9999.000,9999.000,9999.000
202603211224,   1.454,   2.230,9999.000,9999.000,9999.000,9999.000,9999.000,9999.000,9999.000
202603211230,   1.466,   2.230,9999.000,9999.000,9999.000,9999.000,9999.000,9999.000,9999.000
202603211236,   1.475,   2.220,9999.000,9999.000,9999.000,9999.000,9999.000,9999.000,9999.000
202603211242,   1.483,   2.220,9999.000,9999.000,9999.000,9999.000,9999.000,9999.000,9999.000
202603211248,   1.489,   2.220,9999.000,9999.000,9999.000,9999.000,9999.000,9999.000,9999.000
202603211254,   1.492,   2.210,9999.000,9999.000,9999.000,9999.000,9999.000,9999.000,9999.000
202603211300,   1.494,   2.210,   0.600,   0.116,   2.210,   0.500,   2.110,   0.700,   2.310
202603211306,   1.493,   2.200,9999.000,9999.000,9999.000,9999.000,9999.000,9999.000,9999.000
202603211312,   1.490,   2.191,9999.000,9999.000,9999.000,9999.000,9999.000,9999.000,9999.000
202603211318,   1.485,   2.158,9999.000,9999.000,9999.000,9999.000,9999.000,9999.000,9999.000
202603211324,   1.479,   2.138,9999.000,9999.000,9999.000,9999.000,9999.000,9999.000,9999.000
202603211330,   1.470,   2.118,9999.000,9999.000,9999.000,9999.000,9999.000,9999.000,9999.000
202603211336,   1.459,   2.099,9999.000,9999.000,9999.000,9999.000,9999.000,9999.000,9999.000
202603211342,   1.446,   2.089,9999.000,9999.000,9999.000,9999.000,9999.000,9999.000,9999.000
202603211348,   1.432,   2.069,9999.000,9999.000,9999.000,9999.000,9999.000,9999.000,9999.000
202603211354,   1.415,   2.049,9999.000,9999.000,9999.000,9999.000,9999.000,9999.000,9999.000
202603211400,   1.397,   2.020,   0.600,   0.023,   2.020,   0.500,   1.920,   0.700,   2.120
202603211406,   1.377,   1.990,9999.000,9999.000,9999.000,9999.000,9999.000,9999.000,9999.000
202603211412,   1.356,   1.958,9999.000,9999.000,9999.000,9999.000,9999.000,9999.000,9999.000
202603211418,   1.334,   1.928,9999.000,9999.000,9999.000,9999.000,9999.000,9999.000,9999.000
202603211424,   1.310,   1.899,9999.000,9999.000,9999.000,9999.000,9999.000,9999.000,9999.000
202603211430,   1.285,   1.879,9999.000,9999.000,9999.000,9999.000,9999.000,9999.000,9999.000
202603211436,   1.258,   1.849,9999.000,9999.000,9999.000,9999.000,9999.000,9999.000,9999.000
202603211442,   1.231,   1.830,9999.000,9999.000,9999.000,9999.000,9999.000,9999.000,9999.000
202603211448,   1.203,   1.790,9999.000,9999.000,9999.000,9999.000,9999.000,9999.000,9999.000
202603211454,   1.174,   1.767,9999.000,9999.000,9999.000,9999.000,9999.000,9999.000,9999.000
202603211500,   1.145,   1.748,   0.600,   0.003,   1.748,   0.500,   1.648,   0.700,   1.848
202603211506,   1.114,   1.728,9999.000,9999.000,9999.000,9999.000,9999.000,9999.000,9999.000
202603211512,   1.084,   1.718,9999.000,9999.000,9999.000,9999.000,9999.000,9999.000,9999.000
202603211518,   1.053,   1.699,9999.000,9999.000,9999.000,9999.000,9999.000,9999.000,9999.000
202603211524,   1.021,   1.669,9999.000,9999.000,9999.000,9999.000,9999.000,9999.000,9999.000
202603211530,   0.990,   1.649,9999.000,9999.000,9999.000,9999.000,9999.000,9999.000,9999.000
202603211536,   0.958,   1.620,9999.000,9999.000,9999.000,9999.000,9999.000,9999.000,9999.000
202603211542,   0.926,   1.590,9999.000,9999.000,9999.000,9999.000,9999.000,9999.000,9999.000
202603211548,   0.894,   1.580,9999.000,9999.000,9999.000,9999.000,9999.000,9999.000,9999.000
202603211554,   0.862,   1.538,9999.000,9999.000,9999.000,9999.000,9999.000,9999.000,9999.000
202603211600,   0.830,   1.518,   0.500,   0.188,   1.518,   0.400,   1.418,   0.600,   1.618
202603211606,   0.798,   1.498,9999.000,9999.000,9999.000,9999.000,9999.000,9999.000,9999.000
202603211612,   0.767,   1.459,9999.000,9999.000,9999.000,9999.000,9999.000,9999.000,9999.000
202603211618,   0.735,   1.430,9999.000,9999.000,9999.000,9999.000,9999.000,9999.000,9999.000
202603211624,   0.704,   1.410,9999.000,9999.000,9999.000,9999.000,9999.000,9999.000,9999.000
202603211630,   0.674,   1.380,9999.000,9999.000,9999.000,9999.000,9999.000,9999.000,9999.000
202603211636,   0.643,   1.348,9999.000,9999.000,9999.000,9999.000,9999.000,9999.000,9999.000
202603211642,   0.613,   1.318,9999.000,9999.000,9999.000,9999.000,9999.000,9999.000,9999.000
202603211648,   0.583,   1.289,9999.000,9999.000,9999.000,9999.000,9999.000,9999.000,9999.000
202603211654,   0.554,   1.269,9999.000,9999.000,9999.000,9999.000,9999.000,9999.000,9999.000
202603211700,   0.525,   1.229,   0.500,   0.204,   1.229,   0.400,   1.129,   0.600,   1.329
202603211706,   0.497,   1.200,9999.000,9999.000,9999.000,9999.000,9999.000,9999.000,9999.000
202603211712,   0.469,   1.151,9999.000,9999.000,9999.000,9999.000,9999.000,9999.000,9999.000
202603211718,   0.442,   1.118,9999.000,9999.000,9999.000,9999.000,9999.000,9999.000,9999.000
202603211724,   0.415,   1.098,9999.000,9999.000,9999.000,9999.000,9999.000,9999.000,9999.000
202603211730,   0.389,   1.069,9999.000,9999.000,9999.000,9999.000,9999.000,9999.000,9999.000
202603211736,   0.363,   1.049,9999.000,9999.000,9999.000,9999.000,9999.000,9999.000,9999.000
202603211742,   0.338,   1.020,9999.000,9999.000,9999.000,9999.000,9999.000,9999.000,9999.000
202603211748,   0.314,   1.000,9999.000,9999.000,9999.000,9999.000,9999.000,9999.000,9999.000
202603211754,   0.290,   0.980,9999.000,9999.000,9999.000,9999.000,9999.000,9999.000,9999.000
202603211800,   0.266,   0.961,   0.500,   0.195,   0.961,   0.400,   0.861,   0.600,   1.061
202603211806,   0.243,   0.941,9999.000,9999.000,9999.000,9999.000,9999.000,9999.000,9999.000
202603211812,   0.221,   0.898,9999.000,9999.000,9999.000,9999.000,9999.000,9999.000,9999.000
202603211818,   0.200,   0.869,9999.000,9999.000,9999.000,9999.000,9999.000,9999.000,9999.000
202603211824,   0.179,   0.849,9999.000,9999.000,9999.000,9999.000,9999.000,9999.000,9999.000
202603211830,   0.158,   0.829,9999.000,9999.000,9999.000,9999.000,9999.000,9999.000,9999.000
202603211836,   0.139,   0.800,9999.000,9999.000,9999.000,9999.000,9999.000,9999.000,9999.000
202603211842,   0.120,   0.780,9999.000,9999.000,9999.000,9999.000,9999.000,9999.000,9999.000
202603211848,   0.102,   0.770,9999.000,9999.000,9999.000,9999.000,9999.000,9999.000,9999.000
202603211854,   0.084,   0.741,9999.000,9999.000,9999.000,9999.000,9999.000,9999.000,9999.000
202603211900,   0.068,   0.708,   0.500,   0.140,   0.708,   0.300,   0.508,   0.600,   0.808
202603211906,   0.052,   0.669,9999.000,9999.000,9999.000,9999.000,9999.000,9999.000,9999.000
202603211912,   0.037,   0.659,9999.000,9999.000,9999.000,9999.000,9999.000,9999.000,9999.000
202603211918,   0.024,   0.639,9999.000,9999.000,9999.000,9999.000,9999.000,9999.000,9999.000
202603211924,   0.011,   0.629,9999.000,9999.000,9999.000,9999.000,9999.000,9999.000,9999.000
202603211930,   0.000,   0.610,9999.000,9999.000,9999.000,9999.000,9999.000,9999.000,9999.000
202603211936,  -0.009,   0.570,9999.000,9999.000,9999.000,9999.000,9999.000,9999.000,9999.000
202603211942,  -0.017,   0.560,9999.000,9999.000,9999.000,9999.000,9999.000,9999.000,9999.000
202603211948,  -0.024,   0.551,9999.000,9999.000,9999.000,9999.000,9999.000,9999.000,9999.000
202603211954,  -0.030,   0.531,9999.000,9999.000,9999.000,9999.000,9999.000,9999.000,9999.000
202603212000,  -0.034,   0.518,   0.400,   0.152,   0.518,   0.300,   0.418,   0.500,   0.618
202603212006,  -0.036,   0.508,9999.000,9999.000,9999.000,9999.000,9999.000,9999.000,9999.000
202603212012,  -0.037,   0.498,9999.000,9999.000,9999.000,9999.000,9999.000,9999.000,9999.000
202603212018,  -0.036,   0.488,9999.000,9999.000,9999.000,9999.000,9999.000,9999.000,9999.000
202603212024,  -0.033,   0.478,9999.000,9999.000,9999.000,9999.000,9999.000,9999.000,9999.000
202603212030,  -0.028,   0.478,9999.000,9999.000,9999.000,9999.000,9999.000,9999.000,9999.000
202603212036,  -0.021,   0.478,9999.000,9999.000,9999.000,9999.000,9999.000,9999.000,9999.000
202603212042,  -0.012,   0.478,9999.000,9999.000,9999.000,9999.000,9999.000,9999.000,9999.000
202603212048,  -0.001,   0.478,9999.000,9999.000,9999.000,9999.000,9999.000,9999.000,9999.000
202603212054,   0.010,   0.478,9999.000,9999.000,9999.000,9999.000,9999.000,9999.000,9999.000
202603212100,   0.025,   0.488,   0.400,   0.063,   0.488,   0.300,   0.388,   0.500,   0.588
202603212106,   0.041,   0.498,9999.000,9999.000,9999.000,9999.000,9999.000,9999.000,9999.000
202603212112,   0.058,   0.508,9999.000,9999.000,9999.000,9999.000,9999.000,9999.000,9999.000
202603212118,   0.078,   0.518,9999.000,9999.000,9999.000,9999.000,9999.000,9999.000,9999.000
202603212124,   0.099,   0.541,9999.000,9999.000,9999.000,9999.000,9999.000,9999.000,9999.000
202603212130,   0.121,   0.560,9999.000,9999.000,9999.000,9999.000,9999.000,9999.000,9999.000
202603212136,   0.145,   0.590,9999.000,9999.000,9999.000,9999.000,9999.000,9999.000,9999.000
202603212142,   0.170,   0.610,9999.000,9999.000,9999.000,9999.000,9999.000,9999.000,9999.000
202603212148,   0.196,   0.639,9999.000,9999.000,9999.000,9999.000,9999.000,9999.000,9999.000
202603212154,   0.223,   0.669,9999.000,9999.000,9999.000,9999.000,9999.000,9999.000,9999.000
202603212200,   0.251,   0.708,   0.400,   0.057,   0.708,   0.300,   0.608,   0.500,   0.808
202603212206,   0.279,   0.731,9999.000,9999.000,9999.000,9999.000,9999.000,9999.000,9999.000
202603212212,   0.308,   0.751,9999.000,9999.000,9999.000,9999.000,9999.000,9999.000,9999.000
202603212218,   0.337,   0.780,9999.000,9999.000,9999.000,9999.000,9999.000,9999.000,9999.000
202603212224,   0.367,   0.800,9999.000,9999.000,9999.000,9999.000,9999.000,9999.000,9999.000
202603212230,   0.396,   0.829,9999.000,9999.000,9999.000,9999.000,9999.000,9999.000,9999.000
202603212236,   0.426,   0.859,9999.000,9999.000,9999.000,9999.000,9999.000,9999.000,9999.000
202603212242,   0.456,   0.879,9999.000,9999.000,9999.000,9999.000,9999.000,9999.000,9999.000
202603212248,   0.485,   0.928,9999.000,9999.000,9999.000,9999.000,9999.000,9999.000,9999.000
202603212254,   0.515,   0.918,9999.000,9999.000,9999.000,9999.000,9999.000,9999.000,9999.000
202603212300,   0.544,   0.961,   0.400,   0.017,   0.961,   0.300,   0.861,   0.500,   1.061
202603212306,   0.572,   0.980,9999.000,9999.000,9999.000,9999.000,9999.000,9999.000,9999.000
202603212312,   0.600,   1.000,9999.000,9999.000,9999.000,9999.000,9999.000,9999.000,9999.000
202603212318,   0.627,   1.029,9999.000,9999.000,9999.000,9999.000,9999.000,9999.000,9999.000
202603212324,   0.654,   1.049,9999.000,9999.000,9999.000,9999.000,9999.000,9999.000,9999.000
202603212330,   0.680,   1.079,9999.000,9999.000,9999.000,9999.000,9999.000,9999.000,9999.000
202603212336,   0.705,   1.098,9999.000,9999.000,9999.000,9999.000,9999.000,9999.000,9999.000
202603212342,   0.729,   1.118,9999.000,9999.000,9999.000,9999.000,9999.000,9999.000,9999.000
202603212348,   0.752,   1.138,9999.000,9999.000,9999.000,9999.000,9999.000,9999.000,9999.000
202603212354,   0.775,9999.000,9999.000,9999.000,9999.000,9999.000,9999.000,9999.000,9999.000
202603220000,   0.796,9999.000,   0.400,   0.029,   1.225,   0.300,   1.125,   0.500,   1.325
202603220006,   0.816,9999.000,9999.000,9999.000,9999.000,9999.000,9999.000,9999.000,9999.000
202603220012,   0.835,9999.000,9999.000,9999.000,9999.000,9999.000,9999.000,9999.000,9999.000
202603220018,   0.852,9999.000,9999.000,9999.000,9999.000,9999.000,9999.000,9999.000,9999.000
202603220024,   0.869,9999.000,9999.000,9999.000,9999.000,9999.000,9999.000,9999.000,9999.000
202603220030,   0.884,9999.000,9999.000,9999.000,9999.000,9999.000,9999.000,9999.000,9999.000
202603220036,   0.897,9999.000,9999.000,9999.000,9999.000,9999.000,9999.000,9999.000,9999.000
202603220042,   0.909,9999.000,9999.000,9999.000,9999.000,9999.000,9999.000,9999.000,9999.000
202603220048,   0.919,9999.000,9999.000,9999.000,9999.000,9999.000,9999.000,9999.000,9999.000
202603220054,   0.928,9999.000,9999.000,9999.000,9999.000,9999.000,9999.000,9999.000,9999.000
202603220100,   0.935,9999.000,   0.400,   0.041,   1.376,   0.300,   1.276,   0.400,   1.376
202603220106,   0.940,9999.000,9999.000,9999.000,9999.000,9999.000,9999.000,9999.000,9999.000
202603220112,   0.943,9999.000,9999.000,9999.000,9999.000,9999.000,9999.000,9999.000,9999.000
202603220118,   0.945,9999.000,9999.000,9999.000,9999.000,9999.000,9999.000,9999.000,9999.000
202603220124,   0.944,9999.000,9999.000,9999.000,9999.000,9999.000,9999.000,9999.000,9999.000
202603220130,   0.942,9999.000,9999.000,9999.000,9999.000,9999.000,9999.000,9999.000,9999.000
202603220136,   0.939,9999.000,9999.000,9999.000,9999.000,9999.000,9999.000,9999.000,9999.000
202603220142,   0.933,9999.000,9999.000,9999.000,9999.000,9999.000,9999.000,9999.000,9999.000
202603220148,   0.925,9999.000,9999.000,9999.000,9999.000,9999.000,9999.000,9999.000,9999.000
202603220154,   0.916,9999.000,9999.000,9999.000,9999.000,9999.000,9999.000,9999.000,9999.000
202603220200,   0.905,9999.000,   0.400,   0.053,   1.358,   0.300,   1.258,   0.500,   1.458
202603220206,   0.892,9999.000,9999.000,9999.000,9999.000,9999.000,9999.000,9999.000,9999.000
202603220212,   0.878,9999.000,9999.000,9999.000,9999.000,9999.000,9999.000,9999.000,9999.000
202603220218,   0.862,9999.000,9999.000,9999.000,9999.000,9999.000,9999.000,9999.000,9999.000
202603220224,   0.845,9999.000,9999.000,9999.000,9999.000,9999.000,9999.000,9999.000,9999.000
202603220230,   0.827,9999.000,9999.000,9999.000,9999.000,9999.000,9999.000,9999.000,9999.000
202603220236,   0.807,9999.000,9999.000,9999.000,9999.000,9999.000,9999.000,9999.000,9999.000
202603220242,   0.786,9999.000,9999.000,9999.000,9999.000,9999.000,9999.000,9999.000,9999.000
202603220248,   0.764,9999.000,9999.000,9999.000,9999.000,9999.000,9999.000,9999.000,9999.000
202603220254,   0.741,9999.000,9999.000,9999.000,9999.000,9999.000,9999.000,9999.000,9999.000
202603220300,   0.717,9999.000,   0.400,   0.065,   1.182,   0.300,   1.082,   0.500,   1.282
202603220306,   0.692,9999.000,9999.000,9999.000,9999.000,9999.000,9999.000,9999.000,9999.000
202603220312,   0.667,9999.000,9999.000,9999.000,9999.000,9999.000,9999.000,9999.000,9999.000
202603220318,   0.641,9999.000,9999.000,9999.000,9999.000,9999.000,9999.000,9999.000,9999.000
202603220324,   0.615,9999.000,9999.000,9999.000,9999.000,9999.000,9999.000,9999.000,9999.000
202603220330,   0.588,9999.000,9999.000,9999.000,9999.000,9999.000,9999.000,9999.000,9999.000
202603220336,   0.561,9999.000,9999.000,9999.000,9999.000,9999.000,9999.000,9999.000,9999.000
202603220342,   0.534,9999.000,9999.000,9999.000,9999.000,9999.000,9999.000,9999.000,9999.000
202603220348,   0.507,9999.000,9999.000,9999.000,9999.000,9999.000,9999.000,9999.000,9999.000
202603220354,   0.480,9999.000,9999.000,9999.000,9999.000,9999.000,9999.000,9999.000,9999.000
202603220400,   0.452,9999.000,   0.400,   0.077,   0.929,   0.300,   0.829,   0.500,   1.029
202603220406,   0.425,9999.000,9999.000,9999.000,9999.000,9999.000,9999.000,9999.000,9999.000
202603220412,   0.398,9999.000,9999.000,9999.000,9999.000,9999.000,9999.000,9999.000,9999.000
202603220418,   0.372,9999.000,9999.000,9999.000,9999.000,9999.000,9999.000,9999.000,9999.000
202603220424,   0.345,9999.000,9999.000,9999.000,9999.000,9999.000,9999.000,9999.000,9999.000
202603220430,   0.319,9999.000,9999.000,9999.000,9999.000,9999.000,9999.000,9999.000,9999.000
202603220436,   0.294,9999.000,9999.000,9999.000,9999.000,9999.000,9999.000,9999.000,9999.000
202603220442,   0.268,9999.000,9999.000,9999.000,9999.000,9999.000,9999.000,9999.000,9999.000
202603220448,   0.244,9999.000,9999.000,9999.000,9999.000,9999.000,9999.000,9999.000,9999.000
202603220454,   0.220,9999.000,9999.000,9999.000,9999.000,9999.000,9999.000,9999.000,9999.000
202603220500,   0.196,9999.000,   0.400,   0.089,   0.685,   0.400,   0.685,   0.500,   0.785
202603220506,   0.173,9999.000,9999.000,9999.000,9999.000,9999.000,9999.000,9999.000,9999.000
202603220512,   0.151,9999.000,9999.000,9999.000,9999.000,9999.000,9999.000,9999.000,9999.000
202603220518,   0.130,9999.000,9999.000,9999.000,9999.000,9999.000,9999.000,9999.000,9999.000
202603220524,   0.109,9999.000,9999.000,9999.000,9999.000,9999.000,9999.000,9999.000,9999.000
202603220530,   0.090,9999.000,9999.000,9999.000,9999.000,9999.000,9999.000,9999.000,9999.000
202603220536,   0.071,9999.000,9999.000,9999.000,9999.000,9999.000,9999.000,9999.000,9999.000
202603220542,   0.053,9999.000,9999.000,9999.000,9999.000,9999.000,9999.000,9999.000,9999.000
202603220548,   0.035,9999.000,9999.000,9999.000,9999.000,9999.000,9999.000,9999.000,9999.000
202603220554,   0.019,9999.000,9999.000,9999.000,9999.000,9999.000,9999.000,9999.000,9999.000
202603220600,   0.004,9999.000,   0.500,   0.101,   0.605,   0.400,   0.505,   0.600,   0.705
202603220606,  -0.009,9999.000,9999.000,9999.000,9999.000,9999.000,9999.000,9999.000,9999.000
202603220612,  -0.023,9999.000,9999.000,9999.000,9999.000,9999.000,9999.000,9999.000,9999.000
202603220618,  -0.035,9999.000,9999.000,9999.000,9999.000,9999.000,9999.000,9999.000,9999.000
202603220624,  -0.046,9999.000,9999.000,9999.000,9999.000,9999.000,9999.000,9999.000,9999.000
202603220630,  -0.057,9999.000,9999.000,9999.000,9999.000,9999.000,9999.000,9999.000,9999.000
202603220636,  -0.066,9999.000,9999.000,9999.000,9999.000,9999.000,9999.000,9999.000,9999.000
202603220642,  -0.074,9999.000,9999.000,9999.000,9999.000,9999.000,9999.000,9999.000,9999.000
202603220648,  -0.081,9999.000,9999.000,9999.000,9999.000,9999.000,9999.000,9999.000,9999.000
202603220654,  -0.087,9999.000,9999.000,9999.000,9999.000,9999.000,9999.000,9999.000,9999.000
202603220700,  -0.093,9999.000,   0.500,   0.113,   0.520,   0.400,   0.420,   0.600,   0.620
202603220706,  -0.096,9999.000,9999.000,9999.000,9999.000,9999.000,9999.000,9999.000,9999.000
202603220712,  -0.099,9999.000,9999.000,9999.000,9999.000,9999.000,9999.000,9999.000,9999.000
202603220718,  -0.101,9999.000,9999.000,9999.000,9999.000,9999.000,9999.000,9999.000,9999.000
202603220724,  -0.102,9999.000,9999.000,9999.000,9999.000,9999.000,9999.000,9999.000,9999.000
202603220730,  -0.101,9999.000,9999.000,9999.000,9999.000,9999.000,9999.000,9999.000,9999.000
202603220736,  -0.099,9999.000,9999.000,9999.000,9999.000,9999.000,9999.000,9999.000,9999.000
202603220742,  -0.096,9999.000,9999.000,9999.000,9999.000,9999.000,9999.000,9999.000,9999.000
202603220748,  -0.091,9999.000,9999.000,9999.000,9999.000,9999.000,9999.000,9999.000,9999.000
202603220754,  -0.085,9999.000,9999.000,9999.000,9999.000,9999.000,9999.000,9999.000,9999.000
202603220800,  -0.077,9999.000,   0.500,   0.125,   0.548,   0.400,   0.448,   0.600,   0.648
202603220806,  -0.069,9999.000,9999.000,9999.000,9999.000,9999.000,9999.000,9999.000,9999.000
202603220812,  -0.058,9999.000,9999.000,9999.000,9999.000,9999.000,9999.000,9999.000,9999.000
202603220818,  -0.046,9999.000,9999.000,9999.000,9999.000,9999.000,9999.000,9999.000,9999.000
202603220824,  -0.032,9999.000,9999.000,9999.000,9999.000,9999.000,9999.000,9999.000,9999.000
202603220830,  -0.016,9999.000,9999.000,9999.000,9999.000,9999.000,9999.000,9999.000,9999.000
202603220836,   0.000,9999.000,9999.000,9999.000,9999.000,9999.000,9999.000,9999.000,9999.000
202603220842,   0.019,9999.000,9999.000,9999.000,9999.000,9999.000,9999.000,9999.000,9999.000
202603220848,   0.040,9999.000,9999.000,9999.000,9999.000,9999.000,9999.000,9999.000,9999.000
202603220854,   0.063,9999.000,9999.000,9999.000,9999.000,9999.000,9999.000,9999.000,9999.000
202603220900,   0.087,9999.000,   0.600,   0.137,   0.824,   0.500,   0.724,   0.700,   0.924
202603220906,   0.113,9999.000,9999.000,9999.000,9999.000,9999.000,9999.000,9999.000,9999.000
202603220912,   0.142,9999.000,9999.000,9999.000,9999.000,9999.000,9999.000,9999.000,9999.000
202603220918,   0.171,9999.000,9999.000,9999.000,9999.000,9999.000,9999.000,9999.000,9999.000
202603220924,   0.203,9999.000,9999.000,9999.000,9999.000,9999.000,9999.000,9999.000,9999.000
202603220930,   0.236,9999.000,9999.000,9999.000,9999.000,9999.000,9999.000,9999.000,9999.000
202603220936,   0.270,9999.000,9999.000,9999.000,9999.000,9999.000,9999.000,9999.000,9999.000
202603220942,   0.306,9999.000,9999.000,9999.000,9999.000,9999.000,9999.000,9999.000,9999.000
202603220948,   0.343,9999.000,9999.000,9999.000,9999.000,9999.000,9999.000,9999.000,9999.000
202603220954,   0.382,9999.000,9999.000,9999.000,9999.000,9999.000,9999.000,9999.000,9999.000
202603221000,   0.421,9999.000,   0.600,   0.149,   1.170,   0.500,   1.070,   0.700,   1.270
202603221006,   0.462,9999.000,9999.000,9999.000,9999.000,9999.000,9999.000,9999.000,9999.000
202603221012,   0.503,9999.000,9999.000,9999.000,9999.000,9999.000,9999.000,9999.000,9999.000
202603221018,   0.544,9999.000,9999.000,9999.000,9999.000,9999.000,9999.000,9999.000,9999.000
202603221024,   0.587,9999.000,9999.000,9999.000,9999.000,9999.000,9999.000,9999.000,9999.000
202603221030,   0.629,9999.000,9999.000,9999.000,9999.000,9999.000,9999.000,9999.000,9999.000
202603221036,   0.672,9999.000,9999.000,9999.000,9999.000,9999.000,9999.000,9999.000,9999.000
202603221042,   0.715,9999.000,9999.000,9999.000,9999.000,9999.000,9999.000,9999.000,9999.000
202603221048,   0.757,9999.000,9999.000,9999.000,9999.000,9999.000,9999.000,9999.000,9999.000
202603221054,   0.800,9999.000,9999.000,9999.000,9999.000,9999.000,9999.000,9999.000,9999.000
202603221100,   0.842,9999.000,   0.600,   0.161,   1.603,   0.500,   1.503,   0.700,   1.703
202603221106,   0.884,9999.000,9999.000,9999.000,9999.000,9999.000,9999.000,9999.000,9999.000
202603221112,   0.925,9999.000,9999.000,9999.000,9999.000,9999.000,9999.000,9999.000,9999.000
202603221118,   0.965,9999.000,9999.000,9999.000,9999.000,9999.000,9999.000,9999.000,9999.000
202603221124,   1.004,9999.000,9999.000,9999.000,9999.000,9999.000,9999.000,9999.000,9999.000
202603221130,   1.043,9999.000,9999.000,9999.000,9999.000,9999.000,9999.000,9999.000,9999.000
202603221136,   1.081,9999.000,9999.000,9999.000,9999.000,9999.000,9999.000,9999.000,9999.000
202603221142,   1.117,9999.000,9999.000,9999.000,9999.000,9999.000,9999.000,9999.000,9999.000
202603221148,   1.153,9999.000,9999.000,9999.000,9999.000,9999.000,9999.000,9999.000,9999.000
202603221154,   1.187,9999.000,9999.000,9999.000,9999.000,9999.000,9999.000,9999.000,9999.000
202603221200,   1.220,9999.000,   0.600,   0.161,   1.981,   0.500,   1.881,   0.700,   2.081
202603221206,   1.251,9999.000,9999.000,9999.000,9999.000,9999.000,9999.000,9999.000,9999.000
202603221212,   1.281,9999.000,9999.000,9999.000,9999.000,9999.000,9999.000,9999.000,9999.000
202603221218,   1.310,9999.000,9999.000,9999.000,9999.000,9999.000,9999.000,9999.000,9999.000
202603221224,   1.337,9999.000,9999.000,9999.000,9999.000,9999.000,9999.000,9999.000,9999.000
202603221230,   1.363,9999.000,9999.000,9999.000,9999.000,9999.000,9999.000,9999.000,9999.000
202603221236,   1.387,9999.000,9999.000,9999.000,9999.000,9999.000,9999.000,9999.000,9999.000
202603221242,   1.409,9999.000,9999.000,9999.000,9999.000,9999.000,9999.000,9999.000,9999.000
202603221248,   1.429,9999.000,9999.000,9999.000,9999.000,9999.000,9999.000,9999.000,9999.000
202603221254,   1.448,9999.000,9999.000,9999.000,9999.000,9999.000,9999.000,9999.000,9999.000
202603221300,   1.465,9999.000,   0.700,   0.161,   2.326,   0.600,   2.226,   0.800,   2.426
202603221306,   1.479,9999.000,9999.000,9999.000,9999.000,9999.000,9999.000,9999.000,9999.000
202603221312,   1.492,9999.000,9999.000,9999.000,9999.000,9999.000,9999.000,9999.000,9999.000
202603221318,   1.503,9999.000,9999.000,9999.000,9999.000,9999.000,9999.000,9999.000,9999.000
202603221324,   1.512,9999.000,9999.000,9999.000,9999.000,9999.000,9999.000,9999.000,9999.000
202603221330,   1.519,9999.000,9999.000,9999.000,9999.000,9999.000,9999.000,9999.000,9999.000
202603221336,   1.524,9999.000,9999.000,9999.000,9999.000,9999.000,9999.000,9999.000,9999.000
202603221342,   1.527,9999.000,9999.000,9999.000,9999.000,9999.000,9999.000,9999.000,9999.000
202603221348,   1.528,9999.000,9999.000,9999.000,9999.000,9999.000,9999.000,9999.000,9999.000
202603221354,   1.527,9999.000,9999.000,9999.000,9999.000,9999.000,9999.000,9999.000,9999.000
202603221400,   1.524,9999.000,   0.700,   0.161,   2.385,   0.600,   2.285,   0.800,   2.485
202603221406,   1.519,9999.000,9999.000,9999.000,9999.000,9999.000,9999.000,9999.000,9999.000
202603221412,   1.512,9999.000,9999.000,9999.000,9999.000,9999.000,9999.000,9999.000,9999.000
202603221418,   1.503,9999.000,9999.000,9999.000,9999.000,9999.000,9999.000,9999.000,9999.000
202603221424,   1.492,9999.000,9999.000,9999.000,9999.000,9999.000,9999.000,9999.000,9999.000
202603221430,   1.479,9999.000,9999.000,9999.000,9999.000,9999.000,9999.000,9999.000,9999.000
202603221436,   1.465,9999.000,9999.000,9999.000,9999.000,9999.000,9999.000,9999.000,9999.000
202603221442,   1.449,9999.000,9999.000,9999.000,9999.000,9999.000,9999.000,9999.000,9999.000
202603221448,   1.432,9999.000,9999.000,9999.000,9999.000,9999.000,9999.000,9999.000,9999.000
202603221454,   1.413,9999.000,9999.000,9999.000,9999.000,9999.000,9999.000,9999.000,9999.000
202603221500,   1.393,9999.000,   0.700,   0.161,   2.254,   0.600,   2.154,   0.800,   2.354
202603221506,   1.371,9999.000,9999.000,9999.000,9999.000,9999.000,9999.000,9999.000,9999.000
202603221512,   1.349,9999.000,9999.000,9999.000,9999.000,9999.000,9999.000,9999.000,9999.000
202603221518,   1.325,9999.000,9999.000,9999.000,9999.000,9999.000,9999.000,9999.000,9999.000
202603221524,   1.301,9999.000,9999.000,9999.000,9999.000,9999.000,9999.000,9999.000,9999.000
202603221530,   1.275,9999.000,9999.000,9999.000,9999.000,9999.000,9999.000,9999.000,9999.000
202603221536,   1.249,9999.000,9999.000,9999.000,9999.000,9999.000,9999.000,9999.000,9999.000
202603221542,   1.222,9999.000,9999.000,9999.000,9999.000,9999.000,9999.000,9999.000,9999.000
202603221548,   1.195,9999.000,9999.000,9999.000,9999.000,9999.000,9999.000,9999.000,9999.000
202603221554,   1.167,9999.000,9999.000,9999.000,9999.000,9999.000,9999.000,9999.000,9999.000
202603221600,   1.138,9999.000,   0.700,   0.161,   1.999,   0.600,   1.899,   0.800,   2.099
202603221606,   1.109,9999.000,9999.000,9999.000,9999.000,9999.000,9999.000,9999.000,9999.000
202603221612,   1.080,9999.000,9999.000,9999.000,9999.000,9999.000,9999.000,9999.000,9999.000
202603221618,   1.050,9999.000,9999.000,9999.000,9999.000,9999.000,9999.000,9999.000,9999.000
202603221624,   1.020,9999.000,9999.000,9999.000,9999.000,9999.000,9999.000,9999.000,9999.000
202603221630,   0.990,9999.000,9999.000,9999.000,9999.000,9999.000,9999.000,9999.000,9999.000
202603221636,   0.960,9999.000,9999.000,9999.000,9999.000,9999.000,9999.000,9999.000,9999.000
202603221642,   0.930,9999.000,9999.000,9999.000,9999.000,9999.000,9999.000,9999.000,9999.000
202603221648,   0.900,9999.000,9999.000,9999.000,9999.000,9999.000,9999.000,9999.000,9999.000
202603221654,   0.870,9999.000,9999.000,9999.000,9999.000,9999.000,9999.000,9999.000,9999.000
202603221700,   0.840,9999.000,   0.700,   0.161,   1.701,   0.600,   1.601,   0.800,   1.801
202603221706,   0.810,9999.000,9999.000,9999.000,9999.000,9999.000,9999.000,9999.000,9999.000
202603221712,   0.780,9999.000,9999.000,9999.000,9999.000,9999.000,9999.000,9999.000,9999.000
202603221718,   0.750,9999.000,9999.000,9999.000,9999.000,9999.000,9999.000,9999.000,9999.000
202603221724,   0.721,9999.000,9999.000,9999.000,9999.000,9999.000,9999.000,9999.000,9999.000
202603221730,   0.692,9999.000,9999.000,9999.000,9999.000,9999.000,9999.000,9999.000,9999.000
202603221736,   0.663,9999.000,9999.000,9999.000,9999.000,9999.000,9999.000,9999.000,9999.000
202603221742,   0.634,9999.000,9999.000,9999.000,9999.000,9999.000,9999.000,9999.000,9999.000
202603221748,   0.606,9999.000,9999.000,9999.000,9999.000,9999.000,9999.000,9999.000,9999.000
202603221754,   0.578,9999.000,9999.000,9999.000,9999.000,9999.000,9999.000,9999.000,9999.000
202603221800,   0.551,9999.000,   0.700,   0.161,   1.412,   0.600,   1.312,   0.800,   1.512
202603221806,   0.524,9999.000,9999.000,9999.000,9999.000,9999.000,9999.000,9999.000,9999.000
202603221812,   0.497,9999.000,9999.000,9999.000,9999.000,9999.000,9999.000,9999.000,9999.000
202603221818,   0.471,9999.000,9999.000,9999.000,9999.000,9999.000,9999.000,9999.000,9999.000
202603221824,   0.446,9999.000,9999.000,9999.000,9999.000,9999.000,9999.000,9999.000,9999.000
202603221830,   0.421,9999.000,9999.000,9999.000,9999.000,9999.000,9999.000,9999.000,9999.000
202603221836,   0.397,9999.000,9999.000,9999.000,9999.000,9999.000,9999.000,9999.000,9999.000
202603221842,   0.373,9999.000,9999.000,9999.000,9999.000,9999.000,9999.000,9999.000,9999.000
202603221848,   0.349,9999.000,9999.000,9999.000,9999.000,9999.000,9999.000,9999.000,9999.000
202603221854,   0.327,9999.000,9999.000,9999.000,9999.000,9999.000,9999.000,9999.000,9999.000
202603221900,   0.304,9999.000,   0.800,   0.161,   1.265,   0.700,   1.165,   0.900,   1.365
202603221906,   0.283,9999.000,9999.000,9999.000,9999.000,9999.000,9999.000,9999.000,9999.000
202603221912,   0.262,9999.000,9999.000,9999.000,9999.000,9999.000,9999.000,9999.000,9999.000
202603221918,   0.242,9999.000,9999.000,9999.000,9999.000,9999.000,9999.000,9999.000,9999.000
202603221924,   0.222,9999.000,9999.000,9999.000,9999.000,9999.000,9999.000,9999.000,9999.000
202603221930,   0.203,9999.000,9999.000,9999.000,9999.000,9999.000,9999.000,9999.000,9999.000
202603221936,   0.184,9999.000,9999.000,9999.000,9999.000,9999.000,9999.000,9999.000,9999.000
202603221942,   0.167,9999.000,9999.000,9999.000,9999.000,9999.000,9999.000,9999.000,9999.000
202603221948,   0.150,9999.000,9999.000,9999.000,9999.000,9999.000,9999.000,9999.000,9999.000
202603221954,   0.134,9999.000,9999.000,9999.000,9999.000,9999.000,9999.000,9999.000,9999.000
202603222000,   0.118,9999.000,   0.800,   0.161,   1.079,   0.700,   0.979,   0.900,   1.179
202603222006,   0.104,9999.000,9999.000,9999.000,9999.000,9999.000,9999.000,9999.000,9999.000
202603222012,   0.091,9999.000,9999.000,9999.000,9999.000,9999.000,9999.000,9999.000,9999.000
202603222018,   0.078,9999.000,9999.000,9999.000,9999.000,9999.000,9999.000,9999.000,9999.000
202603222024,   0.067,9999.000,9999.000,9999.000,9999.000,9999.000,9999.000,9999.000,9999.000
202603222030,   0.057,9999.000,9999.000,9999.000,9999.000,9999.000,9999.000,9999.000,9999.000
202603222036,   0.048,9999.000,9999.000,9999.000,9999.000,9999.000,9999.000,9999.000,9999.000
202603222042,   0.040,9999.000,9999.000,9999.000,9999.000,9999.000,9999.000,9999.000,9999.000
202603222048,   0.034,9999.000,9999.000,9999.000,9999.000,9999.000,9999.000,9999.000,9999.000
202603222054,   0.030,9999.000,9999.000,9999.000,9999.000,9999.000,9999.000,9999.000,9999.000
202603222100,   0.027,9999.000,   0.800,   0.161,   0.988,   0.700,   0.888,   0.900,   1.088
202603222106,   0.025,9999.000,9999.000,9999.000,9999.000,9999.000,9999.000,9999.000,9999.000
202603222112,   0.025,9999.000,9999.000,9999.000,9999.000,9999.000,9999.000,9999.000,9999.000
202603222118,   0.027,9999.000,9999.000,9999.000,9999.000,9999.000,9999.000,9999.000,9999.000
202603222124,   0.031,9999.000,9999.000,9999.000,9999.000,9999.000,9999.000,9999.000,9999.000
202603222130,   0.036,9999.000,9999.000,9999.000,9999.000,9999.000,9999.000,9999.000,9999.000
202603222136,   0.043,9999.000,9999.000,9999.000,9999.000,9999.000,9999.000,9999.000,9999.000
202603222142,   0.052,9999.000,9999.000,9999.000,9999.000,9999.000,9999.000,9999.000,9999.000
202603222148,   0.063,9999.000,9999.000,9999.000,9999.000,9999.000,9999.000,9999.000,9999.000
202603222154,   0.075,9999.000,9999.000,9999.000,9999.000,9999.000,9999.000,9999.000,9999.000
202603222200,   0.090,9999.000,   0.800,   0.161,   1.051,   0.700,   0.951,   0.900,   1.151
202603222206,   0.105,9999.000,9999.000,9999.000,9999.000,9999.000,9999.000,9999.000,9999.000
202603222212,   0.123,9999.000,9999.000,9999.000,9999.000,9999.000,9999.000,9999.000,9999.000
202603222218,   0.141,9999.000,9999.000,9999.000,9999.000,9999.000,9999.000,9999.000,9999.000
202603222224,   0.161,9999.000,9999.000,9999.000,9999.000,9999.000,9999.000,9999.000,9999.000
202603222230,   0.183,9999.000,9999.000,9999.000,9999.000,9999.000,9999.000,9999.000,9999.000
202603222236,   0.205,9999.000,9999.000,9999.000,9999.000,9999.000,9999.000,9999.000,9999.000
202603222242,   0.229,9999.000,9999.000,9999.000,9999.000,9999.000,9999.000,9999.000,9999.000
202603222248,   0.253,9999.000,9999.000,9999.000,9999.000,9999.000,9999.000,9999.000,9999.000
202603222254,   0.278,9999.000,9999.000,9999.000,9999.000,9999.000,9999.000,9999.000,9999.000
202603222300,   0.304,9999.000,   0.800,   0.161,   1.265,   0.700,   1.165,   0.900,   1.365
202603222306,   0.330,9999.000,9999.000,9999.000,9999.000,9999.000,9999.000,9999.000,9999.000
202603222312,   0.357,9999.000,9999.000,9999.000,9999.000,9999.000,9999.000,9999.000,9999.000
202603222318,   0.384,9999.000,9999.000,9999.000,9999.000,9999.000,9999.000,9999.000,9999.000
202603222324,   0.411,9999.000,9999.000,9999.000,9999.000,9999.000,9999.000,9999.000,9999.000
202603222330,   0.438,9999.000,9999.000,9999.000,9999.000,9999.000,9999.000,9999.000,9999.000
202603222336,   0.465,9999.000,9999.000,9999.000,9999.000,9999.000,9999.000,9999.000,9999.000
202603222342,   0.492,9999.000,9999.000,9999.000,9999.000,9999.000,9999.000,9999.000,9999.000
202603222348,   0.519,9999.000,9999.000,9999.000,9999.000,9999.000,9999.000,9999.000,9999.000
202603222354,   0.545,9999.000,9999.000,9999.000,9999.000,9999.000,9999.000,9999.000,9999.000
202603230000,   0.571,9999.000,   0.800,   0.161,   1.532,   0.700,   1.432,   0.900,   1.632
202603230006,   0.596,9999.000,9999.000,9999.000,9999.000,9999.000,9999.000,9999.000,9999.000
202603230012,   0.621,9999.000,9999.000,9999.000,9999.000,9999.000,9999.000,9999.000,9999.000
202603230018,   0.644,9999.000,9999.000,9999.000,9999.000,9999.000,9999.000,9999.000,9999.000
202603230024,   0.667,9999.000,9999.000,9999.000,9999.000,9999.000,9999.000,9999.000,9999.000
202603230030,   0.690,9999.000,9999.000,9999.000,9999.000,9999.000,9999.000,9999.000,9999.000
202603230036,   0.711,9999.000,9999.000,9999.000,9999.000,9999.000,9999.000,9999.000,9999.000
202603230042,   0.731,9999.000,9999.000,9999.000,9999.000,9999.000,9999.000,9999.000,9999.000
202603230048,   0.750,9999.000,9999.000,9999.000,9999.000,9999.000,9999.000,9999.000,9999.000
202603230054,   0.768,9999.000,9999.000,9999.000,9999.000,9999.000,9999.000,9999.000,9999.000
202603230100,   0.785,9999.000,   0.900,   0.161,   1.846,   0.700,   1.646,   1.000,   1.946
202603230106,   0.801,9999.000,9999.000,9999.000,9999.000,9999.000,9999.000,9999.000,9999.000
202603230112,   0.815,9999.000,9999.000,9999.000,9999.000,9999.000,9999.000,9999.000,9999.000
202603230118,   0.828,9999.000,9999.000,9999.000,9999.000,9999.000,9999.000,9999.000,9999.000
202603230124,   0.840,9999.000,9999.000,9999.000,9999.000,9999.000,9999.000,9999.000,9999.000
202603230130,   0.850,9999.000,9999.000,9999.000,9999.000,9999.000,9999.000,9999.000,9999.000
202603230136,   0.858,9999.000,9999.000,9999.000,9999.000,9999.000,9999.000,9999.000,9999.000
202603230142,   0.866,9999.000,9999.000,9999.000,9999.000,9999.000,9999.000,9999.000,9999.000
202603230148,   0.871,9999.000,9999.000,9999.000,9999.000,9999.000,9999.000,9999.000,9999.000
202603230154,   0.875,9999.000,9999.000,9999.000,9999.000,9999.000,9999.000,9999.000,9999.000
202603230200,   0.877,9999.000,   0.900,   0.161,   1.938,   0.700,   1.738,   1.000,   2.038
202603230206,   0.878,9999.000,9999.000,9999.000,9999.000,9999.000,9999.000,9999.000,9999.000
202603230212,   0.877,9999.000,9999.000,9999.000,9999.000,9999.000,9999.000,9999.000,9999.000
202603230218,   0.874,9999.000,9999.000,9999.000,9999.000,9999.000,9999.000,9999.000,9999.000
202603230224,   0.870,9999.000,9999.000,9999.000,9999.000,9999.000,9999.000,9999.000,9999.000
202603230230,   0.864,9999.000,9999.000,9999.000,9999.000,9999.000,9999.000,9999.000,9999.000
202603230236,   0.856,9999.000,9999.000,9999.000,9999.000,9999.000,9999.000,9999.000,9999.000
202603230242,   0.847,9999.000,9999.000,9999.000,9999.000,9999.000,9999.000,9999.000,9999.000
202603230248,   0.837,9999.000,9999.000,9999.000,9999.000,9999.000,9999.000,9999.000,9999.000
202603230254,   0.825,9999.000,9999.000,9999.000,9999.000,9999.000,9999.000,9999.000,9999.000
202603230300,   0.811,9999.000,   0.900,   0.161,   1.872,   0.700,   1.672,   1.000,   1.972
202603230306,   0.796,9999.000,9999.000,9999.000,9999.000,9999.000,9999.000,9999.000,9999.000
202603230312,   0.780,9999.000,9999.000,9999.000,9999.000,9999.000,9999.000,9999.000,9999.000
202603230318,   0.763,9999.000,9999.000,9999.000,9999.000,9999.000,9999.000,9999.000,9999.000
202603230324,   0.745,9999.000,9999.000,9999.000,9999.000,9999.000,9999.000,9999.000,9999.000
202603230330,   0.725,9999.000,9999.000,9999.000,9999.000,9999.000,9999.000,9999.000,9999.000
202603230336,   0.705,9999.000,9999.000,9999.000,9999.000,9999.000,9999.000,9999.000,9999.000
202603230342,   0.684,9999.000,9999.000,9999.000,9999.000,9999.000,9999.000,9999.000,9999.000
202603230348,   0.662,9999.000,9999.000,9999.000,9999.000,9999.000,9999.000,9999.000,9999.000
202603230354,   0.639,9999.000,9999.000,9999.000,9999.000,9999.000,9999.000,9999.000,9999.000
202603230400,   0.615,9999.000,   0.900,   0.161,   1.676,   0.700,   1.476,   0.900,   1.676
202603230406,   0.592,9999.000,9999.000,9999.000,9999.000,9999.000,9999.000,9999.000,9999.000
202603230412,   0.567,9999.000,9999.000,9999.000,9999.000,9999.000,9999.000,9999.000,9999.000
202603230418,   0.543,9999.000,9999.000,9999.000,9999.000,9999.000,9999.000,9999.000,9999.000
202603230424,   0.518,9999.000,9999.000,9999.000,9999.000,9999.000,9999.000,9999.000,9999.000
202603230430,   0.492,9999.000,9999.000,9999.000,9999.000,9999.000,9999.000,9999.000,9999.000
202603230436,   0.467,9999.000,9999.000,9999.000,9999.000,9999.000,9999.000,9999.000,9999.000
202603230442,   0.441,9999.000,9999.000,9999.000,9999.000,9999.000,9999.000,9999.000,9999.000
202603230448,   0.416,9999.000,9999.000,9999.000,9999.000,9999.000,9999.000,9999.000,9999.000
202603230454,   0.390,9999.000,9999.000,9999.000,9999.000,9999.000,9999.000,9999.000,9999.000
202603230500,   0.365,9999.000,   0.900,   0.161,   1.426,   0.800,   1.326,   0.900,   1.426
202603230506,   0.340,9999.000,9999.000,9999.000,9999.000,9999.000,9999.000,9999.000,9999.000
202603230512,   0.314,9999.000,9999.000,9999.000,9999.000,9999.000,9999.000,9999.000,9999.000
202603230518,   0.290,9999.000,9999.000,9999.000,9999.000,9999.000,9999.000,9999.000,9999.000
202603230524,   0.265,9999.000,9999.000,9999.000,9999.000,9999.000,9999.000,9999.000,9999.000
202603230530,   0.241,9999.000,9999.000,9999.000,9999.000,9999.000,9999.000,9999.000,9999.000
202603230536,   0.218,9999.000,9999.000,9999.000,9999.000,9999.000,9999.000,9999.000,9999.000
202603230542,   0.194,9999.000,9999.000,9999.000,9999.000,9999.000,9999.000,9999.000,9999.000
202603230548,   0.172,9999.000,9999.000,9999.000,9999.000,9999.000,9999.000,9999.000,9999.000
202603230554,   0.150,9999.000,9999.000,9999.000,9999.000,9999.000,9999.000,9999.000,9999.000
202603230600,   0.129,9999.000,   0.900,   0.161,   1.190,   0.800,   1.090,   0.900,   1.190
202603230606,   0.108,9999.000,9999.000,9999.000,9999.000,9999.000,9999.000,9999.000,9999.000
202603230612,   0.089,9999.000,9999.000,9999.000,9999.000,9999.000,9999.000,9999.000,9999.000
202603230618,   0.070,9999.000,9999.000,9999.000,9999.000,9999.000,9999.000,9999.000,9999.000
202603230624,   0.052,9999.000,9999.000,9999.000,9999.000,9999.000,9999.000,9999.000,9999.000
202603230630,   0.035,9999.000,9999.000,9999.000,9999.000,9999.000,9999.000,9999.000,9999.000
202603230636,   0.019,9999.000,9999.000,9999.000,9999.000,9999.000,9999.000,9999.000,9999.000
202603230642,   0.004,9999.000,9999.000,9999.000,9999.000,9999.000,9999.000,9999.000,9999.000
202603230648,  -0.009,9999.000,9999.000,9999.000,9999.000,9999.000,9999.000,9999.000,9999.000
202603230654,  -0.022,9999.000,9999.000,9999.000,9999.000,9999.000,9999.000,9999.000,9999.000
202603230700,  -0.034,9999.000,   0.800,   0.161,   0.927,   0.700,   0.827,   0.900,   1.027
202603230706,  -0.045,9999.000,9999.000,9999.000,9999.000,9999.000,9999.000,9999.000,9999.000
202603230712,  -0.055,9999.000,9999.000,9999.000,9999.000,9999.000,9999.000,9999.000,9999.000
202603230718,  -0.063,9999.000,9999.000,9999.000,9999.000,9999.000,9999.000,9999.000,9999.000
202603230724,  -0.071,9999.000,9999.000,9999.000,9999.000,9999.000,9999.000,9999.000,9999.000
202603230730,  -0.078,9999.000,9999.000,9999.000,9999.000,9999.000,9999.000,9999.000,9999.000
202603230736,  -0.083,9999.000,9999.000,9999.000,9999.000,9999.000,9999.000,9999.000,9999.000
202603230742,  -0.088,9999.000,9999.000,9999.000,9999.000,9999.000,9999.000,9999.000,9999.000
202603230748,  -0.091,9999.000,9999.000,9999.000,9999.000,9999.000,9999.000,9999.000,9999.000
202603230754,  -0.093,9999.000,9999.000,9999.000,9999.000,9999.000,9999.000,9999.000,9999.000
202603230800,  -0.094,9999.000,   0.800,   0.161,   0.867,   0.700,   0.767,   0.900,   0.967
202603230806,  -0.095,9999.000,9999.000,9999.000,9999.000,9999.000,9999.000,9999.000,9999.000
202603230812,  -0.094,9999.000,9999.000,9999.000,9999.000,9999.000,9999.000,9999.000,9999.000
202603230818,  -0.092,9999.000,9999.000,9999.000,9999.000,9999.000,9999.000,9999.000,9999.000
202603230824,  -0.088,9999.000,9999.000,9999.000,9999.000,9999.000,9999.000,9999.000,9999.000
202603230830,  -0.084,9999.000,9999.000,9999.000,9999.000,9999.000,9999.000,9999.000,9999.000
202603230836,  -0.078,9999.000,9999.000,9999.000,9999.000,9999.000,9999.000,9999.000,9999.000
202603230842,  -0.071,9999.000,9999.000,9999.000,9999.000,9999.000,9999.000,9999.000,9999.000
202603230848,  -0.063,9999.000,9999.000,9999.000,9999.000,9999.000,9999.000,9999.000,9999.000
202603230854,  -0.054,9999.000,9999.000,9999.000,9999.000,9999.000,9999.000,9999.000,9999.000
202603230900,  -0.043,9999.000,   0.800,   0.161,   0.918,   0.700,   0.818,   0.900,   1.018
202603230906,  -0.031,9999.000,9999.000,9999.000,9999.000,9999.000,9999.000,9999.000,9999.000
202603230912,  -0.017,9999.000,9999.000,9999.000,9999.000,9999.000,9999.000,9999.000,9999.000
202603230918,  -0.001,9999.000,9999.000,9999.000,9999.000,9999.000,9999.000,9999.000,9999.000
202603230924,   0.014,9999.000,9999.000,9999.000,9999.000,9999.000,9999.000,9999.000,9999.000
202603230930,   0.033,9999.000,9999.000,9999.000,9999.000,9999.000,9999.000,9999.000,9999.000
202603230936,   0.053,9999.000,9999.000,9999.000,9999.000,9999.000,9999.000,9999.000,9999.000
202603230942,   0.075,9999.000,9999.000,9999.000,9999.000,9999.000,9999.000,9999.000,9999.000
202603230948,   0.099,9999.000,9999.000,9999.000,9999.000,9999.000,9999.000,9999.000,9999.000
202603230954,   0.124,9999.000,9999.000,9999.000,9999.000,9999.000,9999.000,9999.000,9999.000
202603231000,   0.151,9999.000,   0.800,   0.161,   1.112,   0.700,   1.012,   0.900,   1.212
202603231006,   0.180,9999.000,9999.000,9999.000,9999.000,9999.000,9999.000,9999.000,9999.000
202603231012,   0.210,9999.000,9999.000,9999.000,9999.000,9999.000,9999.000,9999.000,9999.000
202603231018,   0.241,9999.000,9999.000,9999.000,9999.000,9999.000,9999.000,9999.000,9999.000
202603231024,   0.275,9999.000,9999.000,9999.000,9999.000,9999.000,9999.000,9999.000,9999.000
202603231030,   0.309,9999.000,9999.000,9999.000,9999.000,9999.000,9999.000,9999.000,9999.000
202603231036,   0.345,9999.000,9999.000,9999.000,9999.000,9999.000,9999.000,9999.000,9999.000
202603231042,   0.383,9999.000,9999.000,9999.000,9999.000,9999.000,9999.000,9999.000,9999.000
202603231048,   0.421,9999.000,9999.000,9999.000,9999.000,9999.000,9999.000,9999.000,9999.000
202603231054,   0.460,9999.000,9999.000,9999.000,9999.000,9999.000,9999.000,9999.000,9999.000
202603231100,   0.500,9999.000,   0.800,   0.161,   1.461,   0.600,   1.261,   0.900,   1.561
202603231106,   0.541,9999.000,9999.000,9999.000,9999.000,9999.000,9999.000,9999.000,9999.000
202603231112,   0.582,9999.000,9999.000,9999.000,9999.000,9999.000,9999.000,9999.000,9999.000
202603231118,   0.624,9999.000,9999.000,9999.000,9999.000,9999.000,9999.000,9999.000,9999.000
202603231124,   0.665,9999.000,9999.000,9999.000,9999.000,9999.000,9999.000,9999.000,9999.000
202603231130,   0.707,9999.000,9999.000,9999.000,9999.000,9999.000,9999.000,9999.000,9999.000
202603231136,   0.749,9999.000,9999.000,9999.000,9999.000,9999.000,9999.000,9999.000,9999.000
202603231142,   0.791,9999.000,9999.000,9999.000,9999.000,9999.000,9999.000,9999.000,9999.000
202603231148,   0.832,9999.000,9999.000,9999.000,9999.000,9999.000,9999.000,9999.000,9999.000
202603231154,   0.873,9999.000,9999.000,9999.000,9999.000,9999.000,9999.000,9999.000,9999.000
202603231200,   0.914,9999.000,   0.700,   0.161,   1.775,   0.600,   1.675,   0.900,   1.975
202603231206,   0.953,9999.000,9999.000,9999.000,9999.000,9999.000,9999.000,9999.000,9999.000
202603231212,   0.992,9999.000,9999.000,9999.000,9999.000,9999.000,9999.000,9999.000,9999.000
202603231218,   1.030,9999.000,9999.000,9999.000,9999.000,9999.000,9999.000,9999.000,9999.000
202603231224,   1.067,9999.000,9999.000,9999.000,9999.000,9999.000,9999.000,9999.000,9999.000
202603231230,   1.102,9999.000,9999.000,9999.000,9999.000,9999.000,9999.000,9999.000,9999.000
202603231236,   1.137,9999.000,9999.000,9999.000,9999.000,9999.000,9999.000,9999.000,9999.000
202603231242,   1.170,9999.000,9999.000,9999.000,9999.000,9999.000,9999.000,9999.000,9999.000
202603231248,   1.202,9999.000,9999.000,9999.000,9999.000,9999.000,9999.000,9999.000,9999.000
202603231254,   1.233,9999.000,9999.000,9999.000,9999.000,9999.000,9999.000,9999.000,9999.000
202603231300,   1.262,9999.000,   0.700,   0.161,   2.123,   0.600,   2.023,   0.800,   2.223
202603231306,   1.290,9999.000,9999.000,9999.000,9999.000,9999.000,9999.000,9999.000,9999.000
202603231312,   1.316,9999.000,9999.000,9999.000,9999.000,9999.000,9999.000,9999.000,9999.000
202603231318,   1.341,9999.000,9999.000,9999.000,9999.000,9999.000,9999.000,9999.000,9999.000
202603231324,   1.364,9999.000,9999.000,9999.000,9999.000,9999.000,9999.000,9999.000,9999.000
202603231330,   1.386,9999.000,9999.000,9999.000,9999.000,9999.000,9999.000,9999.000,9999.000
202603231336,   1.405,9999.000,9999.000,9999.000,9999.000,9999.000,9999.000,9999.000,9999.000
202603231342,   1.424,9999.000,9999.000,9999.000,9999.000,9999.000,9999.000,9999.000,9999.000
202603231348,   1.440,9999.000,9999.000,9999.000,9999.000,9999.000,9999.000,9999.000,9999.000
202603231354,   1.455,9999.000,9999.000,9999.000,9999.000,9999.000,9999.000,9999.000,9999.000
202603231400,   1.468,9999.000,   0.600,   0.161,   2.229,   0.500,   2.129,   0.700,   2.329
202603231406,   1.479,9999.000,9999.000,9999.000,9999.000,9999.000,9999.000,9999.000,9999.000
202603231412,   1.488,9999.000,9999.000,9999.000,9999.000,9999.000,9999.000,9999.000,9999.000
202603231418,   1.496,9999.000,9999.000,9999.000,9999.000,9999.000,9999.000,9999.000,9999.000
202603231424,   1.501,9999.000,9999.000,9999.000,9999.000,9999.000,9999.000,9999.000,9999.000
202603231430,   1.505,9999.000,9999.000,9999.000,9999.000,9999.000,9999.000,9999.000,9999.000
202603231436,   1.507,9999.000,9999.000,9999.000,9999.000,9999.000,9999.000,9999.000,9999.000
202603231442,   1.508,9999.000,9999.000,9999.000,9999.000,9999.000,9999.000,9999.000,9999.000
202603231448,   1.506,9999.000,9999.000,9999.000,9999.000,9999.000,9999.000,9999.000,9999.000
202603231454,   1.503,9999.000,9999.000,9999.000,9999.000,9999.000,9999.000,9999.000,9999.000
202603231500,   1.498,9999.000,   0.500,   0.161,   2.159,   0.400,   2.059,   0.600,   2.259
202603231506,   1.491,9999.000,9999.000,9999.000,9999.000,9999.000,9999.000,9999.000,9999.000
202603231512,   1.483,9999.000,9999.000,9999.000,9999.000,9999.000,9999.000,9999.000,9999.000
202603231518,   1.473,9999.000,9999.000,9999.000,9999.000,9999.000,9999.000,9999.000,9999.000
202603231524,   1.462,9999.000,9999.000,9999.000,9999.000,9999.000,9999.000,9999.000,9999.000
202603231530,   1.449,9999.000,9999.000,9999.000,9999.000,9999.000,9999.000,9999.000,9999.000
202603231536,   1.435,9999.000,9999.000,9999.000,9999.000,9999.000,9999.000,9999.000,9999.000
202603231542,   1.420,9999.000,9999.000,9999.000,9999.000,9999.000,9999.000,9999.000,9999.000
202603231548,   1.403,9999.000,9999.000,9999.000,9999.000,9999.000,9999.000,9999.000,9999.000
202603231554,   1.385,9999.000,9999.000,9999.000,9999.000,9999.000,9999.000,9999.000,9999.000
202603231600,   1.366,9999.000,   0.400,   0.161,   1.927,   0.300,   1.827,   0.500,   2.027
202603231606,   1.346,9999.000,9999.000,9999.000,9999.000,9999.000,9999.000,9999.000,9999.000
202603231612,   1.326,9999.000,9999.000,9999.000,9999.000,9999.000,9999.000,9999.000,9999.000
202603231618,   1.304,9999.000,9999.000,9999.000,9999.000,9999.000,9999.000,9999.000,9999.000
202603231624,   1.281,9999.000,9999.000,9999.000,9999.000,9999.000,9999.000,9999.000,9999.000
202603231630,   1.258,9999.000,9999.000,9999.000,9999.000,9999.000,9999.000,9999.000,9999.000
202603231636,   1.234,9999.000,9999.000,9999.000,9999.000,9999.000,9999.000,9999.000,9999.000
202603231642,   1.209,9999.000,9999.000,9999.000,9999.000,9999.000,9999.000,9999.000,9999.000
202603231648,   1.184,9999.000,9999.000,9999.000,9999.000,9999.000,9999.000,9999.000,9999.000
202603231654,   1.158,9999.000,9999.000,9999.000,9999.000,9999.000,9999.000,9999.000,9999.000
202603231700,   1.132,9999.000,   0.400,   0.161,   1.693,   0.200,   1.493,   0.500,   1.793
202603231706,   1.105,9999.000,9999.000,9999.000,9999.000,9999.000,9999.000,9999.000,9999.000
202603231712,   1.079,9999.000,9999.000,9999.000,9999.000,9999.000,9999.000,9999.000,9999.000
202603231718,   1.051,9999.000,9999.000,9999.000,9999.000,9999.000,9999.000,9999.000,9999.000
202603231724,   1.024,9999.000,9999.000,9999.000,9999.000,9999.000,9999.000,9999.000,9999.000
202603231730,   0.996,9999.000,9999.000,9999.000,9999.000,9999.000,9999.000,9999.000,9999.000
202603231736,   0.969,9999.000,9999.000,9999.000,9999.000,9999.000,9999.000,9999.000,9999.000
202603231742,   0.941,9999.000,9999.000,9999.000,9999.000,9999.000,9999.000,9999.000,9999.000
202603231748,   0.913,9999.000,9999.000,9999.000,9999.000,9999.000,9999.000,9999.000,9999.000
202603231754,   0.885,9999.000,9999.000,9999.000,9999.000,9999.000,9999.000,9999.000,9999.000
202603231800,   0.857,9999.000,   0.300,   0.161,   1.318,   0.100,   1.118,   0.500,   1.518
202603231806,   0.830,9999.000,9999.000,9999.000,9999.000,9999.000,9999.000,9999.000,9999.000
202603231812,   0.802,9999.000,9999.000,9999.000,9999.000,9999.000,9999.000,9999.000,9999.000
202603231818,   0.775,9999.000,9999.000,9999.000,9999.000,9999.000,9999.000,9999.000,9999.000
202603231824,   0.748,9999.000,9999.000,9999.000,9999.000,9999.000,9999.000,9999.000,9999.000
202603231830,   0.721,9999.000,9999.000,9999.000,9999.000,9999.000,9999.000,9999.000,9999.000
202603231836,   0.694,9999.000,9999.000,9999.000,9999.000,9999.000,9999.000,9999.000,9999.000
202603231842,   0.668,9999.000,9999.000,9999.000,9999.000,9999.000,9999.000,9999.000,9999.000
202603231848,   0.642,9999.000,9999.000,9999.000,9999.000,9999.000,9999.000,9999.000,9999.000
202603231854,   0.617,9999.000,9999.000,9999.000,9999.000,9999.000,9999.000,9999.000,9999.000
202603231900,   0.592,9999.000,   0.200,   0.161,   0.953,   0.000,   0.753,   0.400,   1.153
202603231906,   0.568,9999.000,9999.000,9999.000,9999.000,9999.000,9999.000,9999.000,9999.000
202603231912,   0.544,9999.000,9999.000,9999.000,9999.000,9999.000,9999.000,9999.000,9999.000
202603231918,   0.520,9999.000,9999.000,9999.000,9999.000,9999.000,9999.000,9999.000,9999.000
202603231924,   0.497,9999.000,9999.000,9999.000,9999.000,9999.000,9999.000,9999.000,9999.000
202603231930,   0.475,9999.000,9999.000,9999.000,9999.000,9999.000,9999.000,9999.000,9999.000
202603231936,   0.453,9999.000,9999.000,9999.000,9999.000,9999.000,9999.000,9999.000,9999.000
202603231942,   0.431,9999.000,9999.000,9999.000,9999.000,9999.000,9999.000,9999.000,9999.000
202603231948,   0.410,9999.000,9999.000,9999.000,9999.000,9999.000,9999.000,9999.000,9999.000
202603231954,   0.389,9999.000,9999.000,9999.000,9999.000,9999.000,9999.000,9999.000,9999.000
202603232000,   0.369,9999.000,   0.200,   0.161,   0.730,   0.000,   0.530,   0.400,   0.930
202603232006,   0.350,9999.000,9999.000,9999.000,9999.000,9999.000,9999.000,9999.000,9999.000
202603232012,   0.330,9999.000,9999.000,9999.000,9999.000,9999.000,9999.000,9999.000,9999.000
202603232018,   0.311,9999.000,9999.000,9999.000,9999.000,9999.000,9999.000,9999.000,9999.000
202603232024,   0.293,9999.000,9999.000,9999.000,9999.000,9999.000,9999.000,9999.000,9999.000
202603232030,   0.275,9999.000,9999.000,9999.000,9999.000,9999.000,9999.000,9999.000,9999.000
202603232036,   0.258,9999.000,9999.000,9999.000,9999.000,9999.000,9999.000,9999.000,9999.000
202603232042,   0.241,9999.000,9999.000,9999.000,9999.000,9999.000,9999.000,9999.000,9999.000
202603232048,   0.225,9999.000,9999.000,9999.000,9999.000,9999.000,9999.000,9999.000,9999.000
202603232054,   0.210,9999.000,9999.000,9999.000,9999.000,9999.000,9999.000,9999.000,9999.000
202603232100,   0.195,9999.000,   0.100,   0.161,   0.456,  -0.100,   0.256,   0.300,   0.656
202603232106,   0.181,9999.000,9999.000,9999.000,9999.000,9999.000,9999.000,9999.000,9999.000
202603232112,   0.167,9999.000,9999.000,9999.000,9999.000,9999.000,9999.000,9999.000,9999.000
202603232118,   0.155,9999.000,9999.000,9999.000,9999.000,9999.000,9999.000,9999.000,9999.000
202603232124,   0.144,9999.000,9999.000,9999.000,9999.000,9999.000,9999.000,9999.000,9999.000
202603232130,   0.134,9999.000,9999.000,9999.000,9999.000,9999.000,9999.000,9999.000,9999.000
202603232136,   0.125,9999.000,9999.000,9999.000,9999.000,9999.000,9999.000,9999.000,9999.000
202603232142,   0.117,9999.000,9999.000,9999.000,9999.000,9999.000,9999.000,9999.000,9999.000
202603232148,   0.111,9999.000,9999.000,9999.000,9999.000,9999.000,9999.000,9999.000,9999.000
202603232154,   0.106,9999.000,9999.000,9999.000,9999.000,9999.000,9999.000,9999.000,9999.000
202603232200,   0.102,9999.000,   0.100,   0.161,   0.363,  -0.100,   0.163,   0.300,   0.563
202603232206,   0.100,9999.000,9999.000,9999.000,9999.000,9999.000,9999.000,9999.000,9999.000
202603232212,   0.100,9999.000,9999.000,9999.000,9999.000,9999.000,9999.000,9999.000,9999.000
202603232218,   0.102,9999.000,9999.000,9999.000,9999.000,9999.000,9999.000,9999.000,9999.000
202603232224,   0.105,9999.000,9999.000,9999.000,9999.000,9999.000,9999.000,9999.000,9999.000
202603232230,   0.110,9999.000,9999.000,9999.000,9999.000,9999.000,9999.000,9999.000,9999.000
202603232236,   0.116,9999.000,9999.000,9999.000,9999.000,9999.000,9999.000,9999.000,9999.000
202603232242,   0.125,9999.000,9999.000,9999.000,9999.000,9999.000,9999.000,9999.000,9999.000
202603232248,   0.135,9999.000,9999.000,9999.000,9999.000,9999.000,9999.000,9999.000,9999.000
202603232254,   0.146,9999.000,9999.000,9999.000,9999.000,9999.000,9999.000,9999.000,9999.000
202603232300,   0.159,9999.000,   0.000,   0.161,   0.320,  -0.100,   0.220,   0.300,   0.620
202603232306,   0.174,9999.000,9999.000,9999.000,9999.000,9999.000,9999.000,9999.000,9999.000
202603232312,   0.190,9999.000,9999.000,9999.000,9999.000,9999.000,9999.000,9999.000,9999.000
202603232318,   0.208,9999.000,9999.000,9999.000,9999.000,9999.000,9999.000,9999.000,9999.000
202603232324,   0.226,9999.000,9999.000,9999.000,9999.000,9999.000,9999.000,9999.000,9999.000
202603232330,   0.246,9999.000,9999.000,9999.000,9999.000,9999.000,9999.000,9999.000,9999.000
202603232336,   0.267,9999.000,9999.000,9999.000,9999.000,9999.000,9999.000,9999.000,9999.000
202603232342,   0.288,9999.000,9999.000,9999.000,9999.000,9999.000,9999.000,9999.000,9999.000
202603232348,   0.311,9999.000,9999.000,9999.000,9999.000,9999.000,9999.000,9999.000,9999.000
202603232354,   0.333,9999.000,9999.000,9999.000,9999.000,9999.000,9999.000,9999.000,9999.000
202603240000,   0.357,9999.000,   0.000,   0.161,   0.518,  -0.200,   0.318,   0.200,   0.718
202603240006,   0.380,9999.000,9999.000,9999.000,9999.000,9999.000,9999.000,9999.000,9999.000
202603240012,   0.404,9999.000,9999.000,9999.000,9999.000,9999.000,9999.000,9999.000,9999.000
202603240018,   0.428,9999.000,9999.000,9999.000,9999.000,9999.000,9999.000,9999.000,9999.000
202603240024,   0.452,9999.000,9999.000,9999.000,9999.000,9999.000,9999.000,9999.000,9999.000
202603240030,   0.476,9999.000,9999.000,9999.000,9999.000,9999.000,9999.000,9999.000,9999.000
202603240036,   0.499,9999.000,9999.000,9999.000,9999.000,9999.000,9999.000,9999.000,9999.000
202603240042,   0.522,9999.000,9999.000,9999.000,9999.000,9999.000,9999.000,9999.000,9999.000
202603240048,   0.545,9999.000,9999.000,9999.000,9999.000,9999.000,9999.000,9999.000,9999.000
202603240054,   0.567,9999.000,9999.000,9999.000,9999.000,9999.000,9999.000,9999.000,9999.000
202603240100,   0.589,9999.000,   0.000,   0.161,   0.750,  -0.200,   0.550,   0.200,   0.950
202603240106,   0.610,9999.000,9999.000,9999.000,9999.000,9999.000,9999.000,9999.000,9999.000
202603240112,   0.630,9999.000,9999.000,9999.000,9999.000,9999.000,9999.000,9999.000,9999.000
202603240118,   0.649,9999.000,9999.000,9999.000,9999.000,9999.000,9999.000,9999.000,9999.000
202603240124,   0.668,9999.000,9999.000,9999.000,9999.000,9999.000,9999.000,9999.000,9999.000
202603240130,   0.686,9999.000,9999.000,9999.000,9999.000,9999.000,9999.000,9999.000,9999.000
202603240136,   0.703,9999.000,9999.000,9999.000,9999.000,9999.000,9999.000,9999.000,9999.000
202603240142,   0.719,9999.000,9999.000,9999.000,9999.000,9999.000,9999.000,9999.000,9999.000
202603240148,   0.733,9999.000,9999.000,9999.000,9999.000,9999.000,9999.000,9999.000,9999.000
202603240154,   0.747,9999.000,9999.000,9999.000,9999.000,9999.000,9999.000,9999.000,9999.000
202603240200,   0.760,9999.000,   0.000,   0.161,   0.921,  -0.200,   0.721,   0.200,   1.121
202603240206,   0.772,9999.000,9999.000,9999.000,9999.000,9999.000,9999.000,9999.000,9999.000
202603240212,   0.782,9999.000,9999.000,9999.000,9999.000,9999.000,9999.000,9999.000,9999.000
202603240218,   0.792,9999.000,9999.000,9999.000,9999.000,9999.000,9999.000,9999.000,9999.000
202603240224,   0.800,9999.000,9999.000,9999.000,9999.000,9999.000,9999.000,9999.000,9999.000
202603240230,   0.807,9999.000,9999.000,9999.000,9999.000,9999.000,9999.000,9999.000,9999.000
202603240236,   0.812,9999.000,9999.000,9999.000,9999.000,9999.000,9999.000,9999.000,9999.000
202603240242,   0.816,9999.000,9999.000,9999.000,9999.000,9999.000,9999.000,9999.000,9999.000
202603240248,   0.819,9999.000,9999.000,9999.000,9999.000,9999.000,9999.000,9999.000,9999.000
202603240254,   0.821,9999.000,9999.000,9999.000,9999.000,9999.000,9999.000,9999.000,9999.000
202603240300,   0.821,9999.000,   0.000,   0.161,   0.982,  -0.300,   0.682,   0.200,   1.182
202603240306,   0.819,9999.000,9999.000,9999.000,9999.000,9999.000,9999.000,9999.000,9999.000
202603240312,   0.817,9999.000,9999.000,9999.000,9999.000,9999.000,9999.000,9999.000,9999.000
202603240318,   0.812,9999.000,9999.000,9999.000,9999.000,9999.000,9999.000,9999.000,9999.000
202603240324,   0.807,9999.000,9999.000,9999.000,9999.000,9999.000,9999.000,9999.000,9999.000
202603240330,   0.800,9999.000,9999.000,9999.000,9999.000,9999.000,9999.000,9999.000,9999.000
202603240336,   0.792,9999.000,9999.000,9999.000,9999.000,9999.000,9999.000,9999.000,9999.000
202603240342,   0.782,9999.000,9999.000,9999.000,9999.000,9999.000,9999.000,9999.000,9999.000
202603240348,   0.771,9999.000,9999.000,9999.000,9999.000,9999.000,9999.000,9999.000,9999.000
202603240354,   0.759,9999.000,9999.000,9999.000,9999.000,9999.000,9999.000,9999.000,9999.000
202603240400,   0.746,9999.000,  -0.100,   0.161,   0.807,  -0.300,   0.607,   0.200,   1.107
202603240406,   0.731,9999.000,9999.000,9999.000,9999.000,9999.000,9999.000,9999.000,9999.000
202603240412,   0.716,9999.000,9999.000,9999.000,9999.000,9999.000,9999.000,9999.000,9999.000
202603240418,   0.699,9999.000,9999.000,9999.000,9999.000,9999.000,9999.000,9999.000,9999.000
202603240424,   0.681,9999.000,9999.000,9999.000,9999.000,9999.000,9999.000,9999.000,9999.000
202603240430,   0.663,9999.000,9999.000,9999.000,9999.000,9999.000,9999.000,9999.000,9999.000
202603240436,   0.643,9999.000,9999.000,9999.000,9999.000,9999.000,9999.000,9999.000,9999.000
202603240442,   0.623,9999.000,9999.000,9999.000,9999.000,9999.000,9999.000,9999.000,9999.000
202603240448,   0.602,9999.000,9999.000,9999.000,9999.000,9999.000,9999.000,9999.000,9999.000
202603240454,   0.580,9999.000,9999.000,9999.000,9999.000,9999.000,9999.000,9999.000,9999.000
202603240500,   0.558,9999.000,  -0.100,   0.161,   0.619,  -0.300,   0.419,   0.200,   0.919
202603240506,   0.535,9999.000,9999.000,9999.000,9999.000,9999.000,9999.000,9999.000,9999.000
202603240512,   0.512,9999.000,9999.000,9999.000,9999.000,9999.000,9999.000,9999.000,9999.000
202603240518,   0.489,9999.000,9999.000,9999.000,9999.000,9999.000,9999.000,9999.000,9999.000
202603240524,   0.465,9999.000,9999.000,9999.000,9999.000,9999.000,9999.000,9999.000,9999.000
202603240530,   0.441,9999.000,9999.000,9999.000,9999.000,9999.000,9999.000,9999.000,9999.000
202603240536,   0.417,9999.000,9999.000,9999.000,9999.000,9999.000,9999.000,9999.000,9999.000
202603240542,   0.393,9999.000,9999.000,9999.000,9999.000,9999.000,9999.000,9999.000,9999.000
202603240548,   0.369,9999.000,9999.000,9999.000,9999.000,9999.000,9999.000,9999.000,9999.000
202603240554,   0.344,9999.000,9999.000,9999.000,9999.000,9999.000,9999.000,9999.000,9999.000
202603240600,   0.320,9999.000,  -0.100,   0.161,   0.381,  -0.300,   0.181,   0.200,   0.681
202603240606,   0.297,9999.000,9999.000,9999.000,9999.000,9999.000,9999.000,9999.000,9999.000
202603240612,   0.273,9999.000,9999.000,9999.000,9999.000,9999.000,9999.000,9999.000,9999.000
202603240618,   0.250,9999.000,9999.000,9999.000,9999.000,9999.000,9999.000,9999.000,9999.000
202603240624,   0.227,9999.000,9999.000,9999.000,9999.000,9999.000,9999.000,9999.000,9999.000
202603240630,   0.205,9999.000,9999.000,9999.000,9999.000,9999.000,9999.000,9999.000,9999.000
202603240636,   0.184,9999.000,9999.000,9999.000,9999.000,9999.000,9999.000,9999.000,9999.000
202603240642,   0.163,9999.000,9999.000,9999.000,9999.000,9999.000,9999.000,9999.000,9999.000
202603240648,   0.142,9999.000,9999.000,9999.000,9999.000,9999.000,9999.000,9999.000,9999.000
202603240654,   0.123,9999.000,9999.000,9999.000,9999.000,9999.000,9999.000,9999.000,9999.000
202603240700,   0.104,9999.000,  -0.100,   0.161,   0.165,  -0.300,  -0.035,   0.200,   0.465
202603240706,   0.086,9999.000,9999.000,9999.000,9999.000,9999.000,9999.000,9999.000,9999.000
202603240712,   0.069,9999.000,9999.000,9999.000,9999.000,9999.000,9999.000,9999.000,9999.000
202603240718,   0.053,9999.000,9999.000,9999.000,9999.000,9999.000,9999.000,9999.000,9999.000
202603240724,   0.038,9999.000,9999.000,9999.000,9999.000,9999.000,9999.000,9999.000,9999.000
202603240730,   0.024,9999.000,9999.000,9999.000,9999.000,9999.000,9999.000,9999.000,9999.000
202603240736,   0.011,9999.000,9999.000,9999.000,9999.000,9999.000,9999.000,9999.000,9999.000
202603240742,   0.000,9999.000,9999.000,9999.000,9999.000,9999.000,9999.000,9999.000,9999.000
202603240748,  -0.011,9999.000,9999.000,9999.000,9999.000,9999.000,9999.000,9999.000,9999.000
202603240754,  -0.021,9999.000,9999.000,9999.000,9999.000,9999.000,9999.000,9999.000,9999.000
202603240800,  -0.030,9999.000,  -0.100,   0.161,   0.031,  -0.300,  -0.169,   0.200,   0.331
202603240806,  -0.038,9999.000,9999.000,9999.000,9999.000,9999.000,9999.000,9999.000,9999.000
202603240812,  -0.045,9999.000,9999.000,9999.000,9999.000,9999.000,9999.000,9999.000,9999.000
202603240818,  -0.051,9999.000,9999.000,9999.000,9999.000,9999.000,9999.000,9999.000,9999.000
202603240824,  -0.056,9999.000,9999.000,9999.000,9999.000,9999.000,9999.000,9999.000,9999.000
202603240830,  -0.060,9999.000,9999.000,9999.000,9999.000,9999.000,9999.000,9999.000,9999.000
202603240836,  -0.064,9999.000,9999.000,9999.000,9999.000,9999.000,9999.000,9999.000,9999.000
202603240842,  -0.066,9999.000,9999.000,9999.000,9999.000,9999.000,9999.000,9999.000,9999.000
202603240848,  -0.067,9999.000,9999.000,9999.000,9999.000,9999.000,9999.000,9999.000,9999.000
202603240854,  -0.068,9999.000,9999.000,9999.000,9999.000,9999.000,9999.000,9999.000,9999.000
202603240900,  -0.067,9999.000,  -0.100,   0.161,  -0.006,  -0.300,  -0.206,   0.200,   0.294
202603240906,  -0.066,9999.000,9999.000,9999.000,9999.000,9999.000,9999.000,9999.000,9999.000
202603240912,  -0.064,9999.000,9999.000,9999.000,9999.000,9999.000,9999.000,9999.000,9999.000
202603240918,  -0.061,9999.000,9999.000,9999.000,9999.000,9999.000,9999.000,9999.000,9999.000
202603240924,  -0.056,9999.000,9999.000,9999.000,9999.000,9999.000,9999.000,9999.000,9999.000
202603240930,  -0.051,9999.000,9999.000,9999.000,9999.000,9999.000,9999.000,9999.000,9999.000
202603240936,  -0.044,9999.000,9999.000,9999.000,9999.000,9999.000,9999.000,9999.000,9999.000
202603240942,  -0.037,9999.000,9999.000,9999.000,9999.000,9999.000,9999.000,9999.000,9999.000
202603240948,  -0.028,9999.000,9999.000,9999.000,9999.000,9999.000,9999.000,9999.000,9999.000
202603240954,  -0.018,9999.000,9999.000,9999.000,9999.000,9999.000,9999.000,9999.000,9999.000
202603241000,  -0.006,9999.000,   0.000,   0.161,   0.155,  -0.300,  -0.145,   0.200,   0.355
202603241006,   0.006,9999.000,9999.000,9999.000,9999.000,9999.000,9999.000,9999.000,9999.000
202603241012,   0.020,9999.000,9999.000,9999.000,9999.000,9999.000,9999.000,9999.000,9999.000
202603241018,   0.036,9999.000,9999.000,9999.000,9999.000,9999.000,9999.000,9999.000,9999.000
202603241024,   0.053,9999.000,9999.000,9999.000,9999.000,9999.000,9999.000,9999.000,9999.000
202603241030,   0.073,9999.000,9999.000,9999.000,9999.000,9999.000,9999.000,9999.000,9999.000
202603241036,   0.093,9999.000,9999.000,9999.000,9999.000,9999.000,9999.000,9999.000,9999.000
202603241042,   0.116,9999.000,9999.000,9999.000,9999.000,9999.000,9999.000,9999.000,9999.000
202603241048,   0.140,9999.000,9999.000,9999.000,9999.000,9999.000,9999.000,9999.000,9999.000
202603241054,   0.165,9999.000,9999.000,9999.000,9999.000,9999.000,9999.000,9999.000,9999.000
202603241100,   0.193,9999.000,   0.000,   0.161,   0.354,  -0.300,   0.054,   0.200,   0.554
202603241106,   0.222,9999.000,9999.000,9999.000,9999.000,9999.000,9999.000,9999.000,9999.000
202603241112,   0.252,9999.000,9999.000,9999.000,9999.000,9999.000,9999.000,9999.000,9999.000
202603241118,   0.284,9999.000,9999.000,9999.000,9999.000,9999.000,9999.000,9999.000,9999.000
202603241124,   0.317,9999.000,9999.000,9999.000,9999.000,9999.000,9999.000,9999.000,9999.000
202603241130,   0.351,9999.000,9999.000,9999.000,9999.000,9999.000,9999.000,9999.000,9999.000
202603241136,   0.387,9999.000,9999.000,9999.000,9999.000,9999.000,9999.000,9999.000,9999.000
202603241142,   0.423,9999.000,9999.000,9999.000,9999.000,9999.000,9999.000,9999.000,9999.000
202603241148,   0.461,9999.000,9999.000,9999.000,9999.000,9999.000,9999.000,9999.000,9999.000
202603241154,   0.499,9999.000,9999.000,9999.000,9999.000,9999.000,9999.000,9999.000,9999.000
202603241200,   0.537,9999.000,   0.000,   0.161,   0.698,  -0.300,   0.398,   0.200,   0.898
202603241206,   0.576,9999.000,9999.000,9999.000,9999.000,9999.000,9999.000,9999.000,9999.000
202603241212,   0.615,9999.000,9999.000,9999.000,9999.000,9999.000,9999.000,9999.000,9999.000
202603241218,   0.655,9999.000,9999.000,9999.000,9999.000,9999.000,9999.000,9999.000,9999.000
202603241224,   0.694,9999.000,9999.000,9999.000,9999.000,9999.000,9999.000,9999.000,9999.000
202603241230,   0.733,9999.000,9999.000,9999.000,9999.000,9999.000,9999.000,9999.000,9999.000
202603241236,   0.772,9999.000,9999.000,9999.000,9999.000,9999.000,9999.000,9999.000,9999.000
202603241242,   0.811,9999.000,9999.000,9999.000,9999.000,9999.000,9999.000,9999.000,9999.000
202603241248,   0.849,9999.000,9999.000,9999.000,9999.000,9999.000,9999.000,9999.000,9999.000
202603241254,   0.886,9999.000,9999.000,9999.000,9999.000,9999.000,9999.000,9999.000,9999.000
202603241300,   0.922,9999.000,   0.000,   0.161,   1.083,  -0.200,   0.883,   0.300,   1.383
202603241306,   0.958,9999.000,9999.000,9999.000,9999.000,9999.000,9999.000,9999.000,9999.000
202603241312,   0.993,9999.000,9999.000,9999.000,9999.000,9999.000,9999.000,9999.000,9999.000
202603241318,   1.026,9999.000,9999.000,9999.000,9999.000,9999.000,9999.000,9999.000,9999.000
202603241324,   1.059,9999.000,9999.000,9999.000,9999.000,9999.000,9999.000,9999.000,9999.000
202603241330,   1.091,9999.000,9999.000,9999.000,9999.000,9999.000,9999.000,9999.000,9999.000
202603241336,   1.121,9999.000,9999.000,9999.000,9999.000,9999.000,9999.000,9999.000,9999.000
202603241342,   1.150,9999.000,9999.000,9999.000,9999.000,9999.000,9999.000,9999.000,9999.000
202603241348,   1.178,9999.000,9999.000,9999.000,9999.000,9999.000,9999.000,9999.000,9999.000
202603241354,   1.205,9999.000,9999.000,9999.000,9999.000,9999.000,9999.000,9999.000,9999.000
202603241400,   1.230,9999.000,   0.000,   0.161,   1.391,  -0.200,   1.191,   0.300,   1.691
202603241406,   1.255,9999.000,9999.000,9999.000,9999.000,9999.000,9999.000,9999.000,9999.000
202603241412,   1.277,9999.000,9999.000,9999.000,9999.000,9999.000,9999.000,9999.000,9999.000
202603241418,   1.299,9999.000,9999.000,9999.000,9999.000,9999.000,9999.000,9999.000,9999.000
202603241424,   1.319,9999.000,9999.000,9999.000,9999.000,9999.000,9999.000,9999.000,9999.000
202603241430,   1.338,9999.000,9999.000,9999.000,9999.000,9999.000,9999.000,9999.000,9999.000
202603241436,   1.355,9999.000,9999.000,9999.000,9999.000,9999.000,9999.000,9999.000,9999.000
202603241442,   1.371,9999.000,9999.000,9999.000,9999.000,9999.000,9999.000,9999.000,9999.000
202603241448,   1.386,9999.000,9999.000,9999.000,9999.000,9999.000,9999.000,9999.000,9999.000
202603241454,   1.399,9999.000,9999.000,9999.000,9999.000,9999.000,9999.000,9999.000,9999.000
202603241500,   1.411,9999.000,   0.100,   0.161,   1.672,  -0.200,   1.372,   0.300,   1.872
202603241506,   1.421,9999.000,9999.000,9999.000,9999.000,9999.000,9999.000,9999.000,9999.000
202603241512,   1.429,9999.000,9999.000,9999.000,9999.000,9999.000,9999.000,9999.000,9999.000
202603241518,   1.436,9999.000,9999.000,9999.000,9999.000,9999.000,9999.000,9999.000,9999.000
202603241524,   1.442,9999.000,9999.000,9999.000,9999.000,9999.000,9999.000,9999.000,9999.000
202603241530,   1.446,9999.000,9999.000,9999.000,9999.000,9999.000,9999.000,9999.000,9999.000
202603241536,   1.449,9999.000,9999.000,9999.000,9999.000,9999.000,9999.000,9999.000,9999.000
202603241542,   1.450,9999.000,9999.000,9999.000,9999.000,9999.000,9999.000,9999.000,9999.000
202603241548,   1.449,9999.000,9999.000,9999.000,9999.000,9999.000,9999.000,9999.000,9999.000
202603241554,   1.447,9999.000,9999.000,9999.000,9999.000,9999.000,9999.000,9999.000,9999.000
202603241600,   1.444,9999.000,   0.100,   0.161,   1.705,  -0.100,   1.505,   0.300,   1.905
202603241606,   1.439,9999.000,9999.000,9999.000,9999.000,9999.000,9999.000,9999.000,9999.000
202603241612,   1.432,9999.000,9999.000,9999.000,9999.000,9999.000,9999.000,9999.000,9999.000
202603241618,   1.424,9999.000,9999.000,9999.000,9999.000,9999.000,9999.000,9999.000,9999.000
202603241624,   1.415,9999.000,9999.000,9999.000,9999.000,9999.000,9999.000,9999.000,9999.000
202603241630,   1.405,9999.000,9999.000,9999.000,9999.000,9999.000,9999.000,9999.000,9999.000
202603241636,   1.393,9999.000,9999.000,9999.000,9999.000,9999.000,9999.000,9999.000,9999.000
202603241642,   1.380,9999.000,9999.000,9999.000,9999.000,9999.000,9999.000,9999.000,9999.000
202603241648,   1.366,9999.000,9999.000,9999.000,9999.000,9999.000,9999.000,9999.000,9999.000
202603241654,   1.350,9999.000,9999.000,9999.000,9999.000,9999.000,9999.000,9999.000,9999.000
202603241700,   1.334,9999.000,   0.100,   0.161,   1.595,  -0.100,   1.395,   0.400,   1.895
202603241706,   1.317,9999.000,9999.000,9999.000,9999.000,9999.000,9999.000,9999.000,9999.000
202603241712,   1.299,9999.000,9999.000,9999.000,9999.000,9999.000,9999.000,9999.000,9999.000
202603241718,   1.280,9999.000,9999.000,9999.000,9999.000,9999.000,9999.000,9999.000,9999.000
202603241724,   1.260,9999.000,9999.000,9999.000,9999.000,9999.000,9999.000,9999.000,9999.000
202603241730,   1.239,9999.000,9999.000,9999.000,9999.000,9999.000,9999.000,9999.000,9999.000
202603241736,   1.218,9999.000,9999.000,9999.000,9999.000,9999.000,9999.000,9999.000,9999.000
202603241742,   1.196,9999.000,9999.000,9999.000,9999.000,9999.000,9999.000,9999.000,9999.000
202603241748,   1.174,9999.000,9999.000,9999.000,9999.000,9999.000,9999.000,9999.000,9999.000
202603241754,   1.151,9999.000,9999.000,9999.000,9999.000,9999.000,9999.000,9999.000,9999.000
202603241800,   1.128,9999.000,   0.200,   0.161,   1.489,   0.000,   1.289,   0.400,   1.689
202603241806,   1.104,9999.000,9999.000,9999.000,9999.000,9999.000,9999.000,9999.000,9999.000
202603241812,   1.080,9999.000,9999.000,9999.000,9999.000,9999.000,9999.000,9999.000,9999.000
202603241818,   1.056,9999.000,9999.000,9999.000,9999.000,9999.000,9999.000,9999.000,9999.000
202603241824,   1.032,9999.000,9999.000,9999.000,9999.000,9999.000,9999.000,9999.000,9999.000
202603241830,   1.007,9999.000,9999.000,9999.000,9999.000,9999.000,9999.000,9999.000,9999.000
202603241836,   0.983,9999.000,9999.000,9999.000,9999.000,9999.000,9999.000,9999.000,9999.000
202603241842,   0.958,9999.000,9999.000,9999.000,9999.000,9999.000,9999.000,9999.000,9999.000
202603241848,   0.934,9999.000,9999.000,9999.000,9999.000,9999.000,9999.000,9999.000,9999.000
202603241854,   0.909,9999.000,9999.000,9999.000,9999.000,9999.000,9999.000,9999.000,9999.000
202603241900,   0.885,9999.000,   0.200,   0.161,   1.246,   0.000,   1.046,   0.400,   1.446
202603241906,   0.861,9999.000,9999.000,9999.000,9999.000,9999.000,9999.000,9999.000,9999.000
202603241912,   0.837,9999.000,9999.000,9999.000,9999.000,9999.000,9999.000,9999.000,9999.000
202603241918,   0.813,9999.000,9999.000,9999.000,9999.000,9999.000,9999.000,9999.000,9999.000
202603241924,   0.790,9999.000,9999.000,9999.000,9999.000,9999.000,9999.000,9999.000,9999.000
202603241930,   0.766,9999.000,9999.000,9999.000,9999.000,9999.000,9999.000,9999.000,9999.000
202603241936,   0.743,9999.000,9999.000,9999.000,9999.000,9999.000,9999.000,9999.000,9999.000
202603241942,   0.721,9999.000,9999.000,9999.000,9999.000,9999.000,9999.000,9999.000,9999.000
202603241948,   0.698,9999.000,9999.000,9999.000,9999.000,9999.000,9999.000,9999.000,9999.000
202603241954,   0.676,9999.000,9999.000,9999.000,9999.000,9999.000,9999.000,9999.000,9999.000
202603242000,   0.655,9999.000,   0.200,   0.161,   1.016,   0.000,   0.816,   0.400,   1.216
202603242006,   0.633,9999.000,9999.000,9999.000,9999.000,9999.000,9999.000,9999.000,9999.000
202603242012,   0.612,9999.000,9999.000,9999.000,9999.000,9999.000,9999.000,9999.000,9999.000
202603242018,   0.592,9999.000,9999.000,9999.000,9999.000,9999.000,9999.000,9999.000,9999.000
202603242024,   0.571,9999.000,9999.000,9999.000,9999.000,9999.000,9999.000,9999.000,9999.000
202603242030,   0.551,9999.000,9999.000,9999.000,9999.000,9999.000,9999.000,9999.000,9999.000
202603242036,   0.531,9999.000,9999.000,9999.000,9999.000,9999.000,9999.000,9999.000,9999.000
202603242042,   0.511,9999.000,9999.000,9999.000,9999.000,9999.000,9999.000,9999.000,9999.000
202603242048,   0.492,9999.000,9999.000,9999.000,9999.000,9999.000,9999.000,9999.000,9999.000
202603242054,   0.473,9999.000,9999.000,9999.000,9999.000,9999.000,9999.000,9999.000,9999.000
202603242100,   0.454,9999.000,   0.300,   0.161,   0.915,   0.000,   0.615,   0.500,   1.115
202603242106,   0.435,9999.000,9999.000,9999.000,9999.000,9999.000,9999.000,9999.000,9999.000
202603242112,   0.416,9999.000,9999.000,9999.000,9999.000,9999.000,9999.000,9999.000,9999.000
202603242118,   0.398,9999.000,9999.000,9999.000,9999.000,9999.000,9999.000,9999.000,9999.000
202603242124,   0.379,9999.000,9999.000,9999.000,9999.000,9999.000,9999.000,9999.000,9999.000
202603242130,   0.362,9999.000,9999.000,9999.000,9999.000,9999.000,9999.000,9999.000,9999.000
202603242136,   0.344,9999.000,9999.000,9999.000,9999.000,9999.000,9999.000,9999.000,9999.000
202603242142,   0.327,9999.000,9999.000,9999.000,9999.000,9999.000,9999.000,9999.000,9999.000
202603242148,   0.310,9999.000,9999.000,9999.000,9999.000,9999.000,9999.000,9999.000,9999.000
202603242154,   0.294,9999.000,9999.000,9999.000,9999.000,9999.000,9999.000,9999.000,9999.000
202603242200,   0.279,9999.000,   0.300,   0.161,   0.740,   0.100,   0.540,   0.500,   0.940
202603242206,   0.264,9999.000,9999.000,9999.000,9999.000,9999.000,9999.000,9999.000,9999.000
202603242212,   0.250,9999.000,9999.000,9999.000,9999.000,9999.000,9999.000,9999.000,9999.000
202603242218,   0.237,9999.000,9999.000,9999.000,9999.000,9999.000,9999.000,9999.000,9999.000
202603242224,   0.225,9999.000,9999.000,9999.000,9999.000,9999.000,9999.000,9999.000,9999.000
202603242230,   0.214,9999.000,9999.000,9999.000,9999.000,9999.000,9999.000,9999.000,9999.000
202603242236,   0.204,9999.000,9999.000,9999.000,9999.000,9999.000,9999.000,9999.000,9999.000
202603242242,   0.196,9999.000,9999.000,9999.000,9999.000,9999.000,9999.000,9999.000,9999.000
202603242248,   0.189,9999.000,9999.000,9999.000,9999.000,9999.000,9999.000,9999.000,9999.000
202603242254,   0.183,9999.000,9999.000,9999.000,9999.000,9999.000,9999.000,9999.000,9999.000
202603242300,   0.180,9999.000,   0.300,   0.161,   0.641,   0.100,   0.441,   0.500,   0.841
202603242306,   0.177,9999.000,9999.000,9999.000,9999.000,9999.000,9999.000,9999.000,9999.000
202603242312,   0.176,9999.000,9999.000,9999.000,9999.000,9999.000,9999.000,9999.000,9999.000
202603242318,   0.177,9999.000,9999.000,9999.000,9999.000,9999.000,9999.000,9999.000,9999.000
202603242324,   0.180,9999.000,9999.000,9999.000,9999.000,9999.000,9999.000,9999.000,9999.000
202603242330,   0.184,9999.000,9999.000,9999.000,9999.000,9999.000,9999.000,9999.000,9999.000
202603242336,   0.190,9999.000,9999.000,9999.000,9999.000,9999.000,9999.000,9999.000,9999.000
202603242342,   0.198,9999.000,9999.000,9999.000,9999.000,9999.000,9999.000,9999.000,9999.000
202603242348,   0.207,9999.000,9999.000,9999.000,9999.000,9999.000,9999.000,9999.000,9999.000
202603242354,   0.217,9999.000,9999.000,9999.000,9999.000,9999.000,9999.000,9999.000,9999.000
202603250000,   0.229,9999.000,   0.400,   0.161,   0.790,   0.200,   0.590,   0.600,   0.990
202603250006,   0.242,9999.000,9999.000,9999.000,9999.000,9999.000,9999.000,9999.000,9999.000
202603250012,   0.257,9999.000,9999.000,9999.000,9999.000,9999.000,9999.000,9999.000,9999.000
202603250018,   0.272,9999.000,9999.000,9999.000,9999.000,9999.000,9999.000,9999.000,9999.000
202603250024,   0.289,9999.000,9999.000,9999.000,9999.000,9999.000,9999.000,9999.000,9999.000
202603250030,   0.306,9999.000,9999.000,9999.000,9999.000,9999.000,9999.000,9999.000,9999.000
202603250036,   0.324,9999.000,9999.000,9999.000,9999.000,9999.000,9999.000,9999.000,9999.000
202603250042,   0.343,9999.000,9999.000,9999.000,9999.000,9999.000,9999.000,9999.000,9999.000
202603250048,   0.362,9999.000,9999.000,9999.000,9999.000,9999.000,9999.000,9999.000,9999.000
202603250054,   0.381,9999.000,9999.000,9999.000,9999.000,9999.000,9999.000,9999.000,9999.000
202603250100,   0.401,9999.000,   0.400,   0.161,   0.962,   0.200,   0.762,   0.600,   1.162
202603250106,   0.421,9999.000,9999.000,9999.000,9999.000,9999.000,9999.000,9999.000,9999.000
202603250112,   0.441,9999.000,9999.000,9999.000,9999.000,9999.000,9999.000,9999.000,9999.000
202603250118,   0.461,9999.000,9999.000,9999.000,9999.000,9999.000,9999.000,9999.000,9999.000
202603250124,   0.480,9999.000,9999.000,9999.000,9999.000,9999.000,9999.000,9999.000,9999.000
202603250130,   0.500,9999.000,9999.000,9999.000,9999.000,9999.000,9999.000,9999.000,9999.000
202603250136,   0.519,9999.000,9999.000,9999.000,9999.000,9999.000,9999.000,9999.000,9999.000
202603250142,   0.538,9999.000,9999.000,9999.000,9999.000,9999.000,9999.000,9999.000,9999.000
202603250148,   0.557,9999.000,9999.000,9999.000,9999.000,9999.000,9999.000,9999.000,9999.000
202603250154,   0.575,9999.000,9999.000,9999.000,9999.000,9999.000,9999.000,9999.000,9999.000
202603250200,   0.593,9999.000,   0.500,   0.161,   1.254,   0.300,   1.054,   0.700,   1.454
202603250206,   0.610,9999.000,9999.000,9999.000,9999.000,9999.000,9999.000,9999.000,9999.000
202603250212,   0.627,9999.000,9999.000,9999.000,9999.000,9999.000,9999.000,9999.000,9999.000
202603250218,   0.643,9999.000,9999.000,9999.000,9999.000,9999.000,9999.000,9999.000,9999.000
202603250224,   0.658,9999.000,9999.000,9999.000,9999.000,9999.000,9999.000,9999.000,9999.000
202603250230,   0.673,9999.000,9999.000,9999.000,9999.000,9999.000,9999.000,9999.000,9999.000
202603250236,   0.687,9999.000,9999.000,9999.000,9999.000,9999.000,9999.000,9999.000,9999.000
202603250242,   0.701,9999.000,9999.000,9999.000,9999.000,9999.000,9999.000,9999.000,9999.000
202603250248,   0.714,9999.000,9999.000,9999.000,9999.000,9999.000,9999.000,9999.000,9999.000
202603250254,   0.726,9999.000,9999.000,9999.000,9999.000,9999.000,9999.000,9999.000,9999.000
202603250300,   0.737,9999.000,   0.500,   0.161,   1.398,   0.300,   1.198,   0.700,   1.598
202603250306,   0.747,9999.000,9999.000,9999.000,9999.000,9999.000,9999.000,9999.000,9999.000
202603250312,   0.757,9999.000,9999.000,9999.000,9999.000,9999.000,9999.000,9999.000,9999.000
202603250318,   0.765,9999.000,9999.000,9999.000,9999.000,9999.000,9999.000,9999.000,9999.000
202603250324,   0.772,9999.000,9999.000,9999.000,9999.000,9999.000,9999.000,9999.000,9999.000
202603250330,   0.779,9999.000,9999.000,9999.000,9999.000,9999.000,9999.000,9999.000,9999.000
202603250336,   0.784,9999.000,9999.000,9999.000,9999.000,9999.000,9999.000,9999.000,9999.000
202603250342,   0.788,9999.000,9999.000,9999.000,9999.000,9999.000,9999.000,9999.000,9999.000
202603250348,   0.791,9999.000,9999.000,9999.000,9999.000,9999.000,9999.000,9999.000,9999.000
202603250354,   0.793,9999.000,9999.000,9999.000,9999.000,9999.000,9999.000,9999.000,9999.000
202603250400,   0.793,9999.000,   0.600,   0.161,   1.554,   0.400,   1.354,   0.800,   1.754
202603250406,   0.792,9999.000,9999.000,9999.000,9999.000,9999.000,9999.000,9999.000,9999.000
202603250412,   0.790,9999.000,9999.000,9999.000,9999.000,9999.000,9999.000,9999.000,9999.000
202603250418,   0.786,9999.000,9999.000,9999.000,9999.000,9999.000,9999.000,9999.000,9999.000
202603250424,   0.782,9999.000,9999.000,9999.000,9999.000,9999.000,9999.000,9999.000,9999.000
202603250430,   0.775,9999.000,9999.000,9999.000,9999.000,9999.000,9999.000,9999.000,9999.000
202603250436,   0.768,9999.000,9999.000,9999.000,9999.000,9999.000,9999.000,9999.000,9999.000
202603250442,   0.759,9999.000,9999.000,9999.000,9999.000,9999.000,9999.000,9999.000,9999.000
202603250448,   0.749,9999.000,9999.000,9999.000,9999.000,9999.000,9999.000,9999.000,9999.000
202603250454,   0.737,9999.000,9999.000,9999.000,9999.000,9999.000,9999.000,9999.000,9999.000
202603250500,   0.725,9999.000,   0.600,   0.161,   1.486,   0.400,   1.286,   0.800,   1.686
202603250506,   0.711,9999.000,9999.000,9999.000,9999.000,9999.000,9999.000,9999.000,9999.000
202603250512,   0.696,9999.000,9999.000,9999.000,9999.000,9999.000,9999.000,9999.000,9999.000
202603250518,   0.680,9999.000,9999.000,9999.000,9999.000,9999.000,9999.000,9999.000,9999.000
202603250524,   0.663,9999.000,9999.000,9999.000,9999.000,9999.000,9999.000,9999.000,9999.000
202603250530,   0.646,9999.000,9999.000,9999.000,9999.000,9999.000,9999.000,9999.000,9999.000
202603250536,   0.627,9999.000,9999.000,9999.000,9999.000,9999.000,9999.000,9999.000,9999.000
202603250542,   0.607,9999.000,9999.000,9999.000,9999.000,9999.000,9999.000,9999.000,9999.000
202603250548,   0.587,9999.000,9999.000,9999.000,9999.000,9999.000,9999.000,9999.000,9999.000
202603250554,   0.566,9999.000,9999.000,9999.000,9999.000,9999.000,9999.000,9999.000,9999.000
202603250600,   0.545,9999.000,   0.600,   0.161,   1.306,   0.500,   1.206,   0.800,   1.506
202603250606,   0.523,9999.000,9999.000,9999.000,9999.000,9999.000,9999.000,9999.000,9999.000
202603250612,   0.501,9999.000,9999.000,9999.000,9999.000,9999.000,9999.000,9999.000,9999.000
202603250618,   0.479,9999.000,9999.000,9999.000,9999.000,9999.000,9999.000,9999.000,9999.000
202603250624,   0.456,9999.000,9999.000,9999.000,9999.000,9999.000,9999.000,9999.000,9999.000
202603250630,   0.433,9999.000,9999.000,9999.000,9999.000,9999.000,9999.000,9999.000,9999.000
202603250636,   0.411,9999.000,9999.000,9999.000,9999.000,9999.000,9999.000,9999.000,9999.000
202603250642,   0.388,9999.000,9999.000,9999.000,9999.000,9999.000,9999.000,9999.000,9999.000
202603250648,   0.365,9999.000,9999.000,9999.000,9999.000,9999.000,9999.000,9999.000,9999.000
202603250654,   0.343,9999.000,9999.000,9999.000,9999.000,9999.000,9999.000,9999.000,9999.000
202603250700,   0.320,9999.000,   0.700,   0.161,   1.181,   0.500,   0.981,   0.900,   1.381
202603250706,   0.298,9999.000,9999.000,9999.000,9999.000,9999.000,9999.000,9999.000,9999.000
202603250712,   0.277,9999.000,9999.000,9999.000,9999.000,9999.000,9999.000,9999.000,9999.000
202603250718,   0.256,9999.000,9999.000,9999.000,9999.000,9999.000,9999.000,9999.000,9999.000
202603250724,   0.235,9999.000,9999.000,9999.000,9999.000,9999.000,9999.000,9999.000,9999.000
202603250730,   0.215,9999.000,9999.000,9999.000,9999.000,9999.000,9999.000,9999.000,9999.000
202603250736,   0.196,9999.000,9999.000,9999.000,9999.000,9999.000,9999.000,9999.000,9999.000
202603250742,   0.177,9999.000,9999.000,9999.000,9999.000,9999.000,9999.000,9999.000,9999.000
202603250748,   0.159,9999.000,9999.000,9999.000,9999.000,9999.000,9999.000,9999.000,9999.000
202603250754,   0.142,9999.000,9999.000,9999.000,9999.000,9999.000,9999.000,9999.000,9999.000
202603250800,   0.125,9999.000,   0.700,   0.161,   0.986,   0.500,   0.786,   0.900,   1.186
202603250806,   0.110,9999.000,9999.000,9999.000,9999.000,9999.000,9999.000,9999.000,9999.000
202603250812,   0.095,9999.000,9999.000,9999.000,9999.000,9999.000,9999.000,9999.000,9999.000
202603250818,   0.081,9999.000,9999.000,9999.000,9999.000,9999.000,9999.000,9999.000,9999.000
202603250824,   0.068,9999.000,9999.000,9999.000,9999.000,9999.000,9999.000,9999.000,9999.000
202603250830,   0.056,9999.000,9999.000,9999.000,9999.000,9999.000,9999.000,9999.000,9999.000
202603250836,   0.044,9999.000,9999.000,9999.000,9999.000,9999.000,9999.000,9999.000,9999.000
202603250842,   0.034,9999.000,9999.000,9999.000,9999.000,9999.000,9999.000,9999.000,9999.000
202603250848,   0.024,9999.000,9999.000,9999.000,9999.000,9999.000,9999.000,9999.000,9999.000
202603250854,   0.015,9999.000,9999.000,9999.000,9999.000,9999.000,9999.000,9999.000,9999.000
202603250900,   0.007,9999.000,   0.700,   0.161,   0.868,   0.500,   0.668,   0.900,   1.068
202603250906,   0.000,9999.000,9999.000,9999.000,9999.000,9999.000,9999.000,9999.000,9999.000
202603250912,  -0.006,9999.000,9999.000,9999.000,9999.000,9999.000,9999.000,9999.000,9999.000
202603250918,  -0.012,9999.000,9999.000,9999.000,9999.000,9999.000,9999.000,9999.000,9999.000
202603250924,  -0.017,9999.000,9999.000,9999.000,9999.000,9999.000,9999.000,9999.000,9999.000
202603250930,  -0.022,9999.000,9999.000,9999.000,9999.000,9999.000,9999.000,9999.000,9999.000
202603250936,  -0.025,9999.000,9999.000,9999.000,9999.000,9999.000,9999.000,9999.000,9999.000
202603250942,  -0.028,9999.000,9999.000,9999.000,9999.000,9999.000,9999.000,9999.000,9999.000
202603250948,  -0.030,9999.000,9999.000,9999.000,9999.000,9999.000,9999.000,9999.000,9999.000
202603250954,  -0.032,9999.000,9999.000,9999.000,9999.000,9999.000,9999.000,9999.000,9999.000
202603251000,  -0.032,9999.000,   0.700,   0.161,   0.829,   0.500,   0.629,   0.900,   1.029
202603251006,  -0.032,9999.000,9999.000,9999.000,9999.000,9999.000,9999.000,9999.000,9999.000
202603251012,  -0.031,9999.000,9999.000,9999.000,9999.000,9999.000,9999.000,9999.000,9999.000
202603251018,  -0.029,9999.000,9999.000,9999.000,9999.000,9999.000,9999.000,9999.000,9999.000
202603251024,  -0.026,9999.000,9999.000,9999.000,9999.000,9999.000,9999.000,9999.000,9999.000
202603251030,  -0.022,9999.000,9999.000,9999.000,9999.000,9999.000,9999.000,9999.000,9999.000
202603251036,  -0.017,9999.000,9999.000,9999.000,9999.000,9999.000,9999.000,9999.000,9999.000
202603251042,  -0.010,9999.000,9999.000,9999.000,9999.000,9999.000,9999.000,9999.000,9999.000
202603251048,  -0.002,9999.000,9999.000,9999.000,9999.000,9999.000,9999.000,9999.000,9999.000
202603251054,   0.006,9999.000,9999.000,9999.000,9999.000,9999.000,9999.000,9999.000,9999.000
202603251100,   0.016,9999.000,   0.700,   0.161,   0.877,   0.500,   0.677,   0.900,   1.077
202603251106,   0.028,9999.000,9999.000,9999.000,9999.000,9999.000,9999.000,9999.000,9999.000
202603251112,   0.042,9999.000,9999.000,9999.000,9999.000,9999.000,9999.000,9999.000,9999.000
202603251118,   0.057,9999.000,9999.000,9999.000,9999.000,9999.000,9999.000,9999.000,9999.000
202603251124,   0.073,9999.000,9999.000,9999.000,9999.000,9999.000,9999.000,9999.000,9999.000
202603251130,   0.091,9999.000,9999.000,9999.000,9999.000,9999.000,9999.000,9999.000,9999.000
202603251136,   0.111,9999.000,9999.000,9999.000,9999.000,9999.000,9999.000,9999.000,9999.000
202603251142,   0.132,9999.000,9999.000,9999.000,9999.000,9999.000,9999.000,9999.000,9999.000
202603251148,   0.155,9999.000,9999.000,9999.000,9999.000,9999.000,9999.000,9999.000,9999.000
202603251154,   0.180,9999.000,9999.000,9999.000,9999.000,9999.000,9999.000,9999.000,9999.000
202603251200,   0.206,9999.000,   0.700,   0.161,   1.067,   0.500,   0.867,   0.900,   1.267
202603251206,   0.233,9999.000,9999.000,9999.000,9999.000,9999.000,9999.000,9999.000,9999.000
202603251212,   0.261,9999.000,9999.000,9999.000,9999.000,9999.000,9999.000,9999.000,9999.000
202603251218,   0.291,9999.000,9999.000,9999.000,9999.000,9999.000,9999.000,9999.000,9999.000
202603251224,   0.322,9999.000,9999.000,9999.000,9999.000,9999.000,9999.000,9999.000,9999.000
202603251230,   0.354,9999.000,9999.000,9999.000,9999.000,9999.000,9999.000,9999.000,9999.000
202603251236,   0.387,9999.000,9999.000,9999.000,9999.000,9999.000,9999.000,9999.000,9999.000
202603251242,   0.420,9999.000,9999.000,9999.000,9999.000,9999.000,9999.000,9999.000,9999.000
202603251248,   0.454,9999.000,9999.000,9999.000,9999.000,9999.000,9999.000,9999.000,9999.000
202603251254,   0.489,9999.000,9999.000,9999.000,9999.000,9999.000,9999.000,9999.000,9999.000
202603251300,   0.524,9999.000,   0.700,   0.161,   1.385,   0.500,   1.185,   0.900,   1.585
202603251306,   0.559,9999.000,9999.000,9999.000,9999.000,9999.000,9999.000,9999.000,9999.000
202603251312,   0.594,9999.000,9999.000,9999.000,9999.000,9999.000,9999.000,9999.000,9999.000
202603251318,   0.629,9999.000,9999.000,9999.000,9999.000,9999.000,9999.000,9999.000,9999.000
202603251324,   0.664,9999.000,9999.000,9999.000,9999.000,9999.000,9999.000,9999.000,9999.000
202603251330,   0.698,9999.000,9999.000,9999.000,9999.000,9999.000,9999.000,9999.000,9999.000
202603251336,   0.733,9999.000,9999.000,9999.000,9999.000,9999.000,9999.000,9999.000,9999.000
202603251342,   0.767,9999.000,9999.000,9999.000,9999.000,9999.000,9999.000,9999.000,9999.000
202603251348,   0.800,9999.000,9999.000,9999.000,9999.000,9999.000,9999.000,9999.000,9999.000
202603251354,   0.833,9999.000,9999.000,9999.000,9999.000,9999.000,9999.000,9999.000,9999.000
202603251400,   0.865,9999.000,   0.700,   0.161,   1.726,   0.500,   1.526,   0.900,   1.926
202603251406,   0.896,9999.000,9999.000,9999.000,9999.000,9999.000,9999.000,9999.000,9999.000
202603251412,   0.927,9999.000,9999.000,9999.000,9999.000,9999.000,9999.000,9999.000,9999.000
202603251418,   0.957,9999.000,9999.000,9999.000,9999.000,9999.000,9999.000,9999.000,9999.000
202603251424,   0.986,9999.000,9999.000,9999.000,9999.000,9999.000,9999.000,9999.000,9999.000
202603251430,   1.015,9999.000,9999.000,9999.000,9999.000,9999.000,9999.000,9999.000,9999.000
202603251436,   1.042,9999.000,9999.000,9999.000,9999.000,9999.000,9999.000,9999.000,9999.000
202603251442,   1.069,9999.000,9999.000,9999.000,9999.000,9999.000,9999.000,9999.000,9999.000
202603251448,   1.095,9999.000,9999.000,9999.000,9999.000,9999.000,9999.000,9999.000,9999.000
202603251454,   1.119,9999.000,9999.000,9999.000,9999.000,9999.000,9999.000,9999.000,9999.000
202603251500,   1.143,9999.000,   0.700,   0.161,   2.004,   0.500,   1.804,   0.900,   2.204
202603251506,   1.166,9999.000,9999.000,9999.000,9999.000,9999.000,9999.000,9999.000,9999.000
202603251512,   1.189,9999.000,9999.000,9999.000,9999.000,9999.000,9999.000,9999.000,9999.000
202603251518,   1.210,9999.000,9999.000,9999.000,9999.000,9999.000,9999.000,9999.000,9999.000
202603251524,   1.230,9999.000,9999.000,9999.000,9999.000,9999.000,9999.000,9999.000,9999.000
202603251530,   1.249,9999.000,9999.000,9999.000,9999.000,9999.000,9999.000,9999.000,9999.000
202603251536,   1.267,9999.000,9999.000,9999.000,9999.000,9999.000,9999.000,9999.000,9999.000
202603251542,   1.284,9999.000,9999.000,9999.000,9999.000,9999.000,9999.000,9999.000,9999.000
202603251548,   1.299,9999.000,9999.000,9999.000,9999.000,9999.000,9999.000,9999.000,9999.000
202603251554,   1.314,9999.000,9999.000,9999.000,9999.000,9999.000,9999.000,9999.000,9999.000
202603251600,   1.327,9999.000,   0.700,   0.161,   2.188,   0.500,   1.988,   0.900,   2.388
202603251606,   1.338,9999.000,9999.000,9999.000,9999.000,9999.000,9999.000,9999.000,9999.000
202603251612,   1.349,9999.000,9999.000,9999.000,9999.000,9999.000,9999.000,9999.000,9999.000
202603251618,   1.358,9999.000,9999.000,9999.000,9999.000,9999.000,9999.000,9999.000,9999.000
202603251624,   1.366,9999.000,9999.000,9999.000,9999.000,9999.000,9999.000,9999.000,9999.000
202603251630,   1.372,9999.000,9999.000,9999.000,9999.000,9999.000,9999.000,9999.000,9999.000
202603251636,   1.377,9999.000,9999.000,9999.000,9999.000,9999.000,9999.000,9999.000,9999.000
202603251642,   1.380,9999.000,9999.000,9999.000,9999.000,9999.000,9999.000,9999.000,9999.000
202603251648,   1.382,9999.000,9999.000,9999.000,9999.000,9999.000,9999.000,9999.000,9999.000
202603251654,   1.383,9999.000,9999.000,9999.000,9999.000,9999.000,9999.000,9999.000,9999.000
202603251700,   1.382,9999.000,   0.700,   0.161,   2.243,   0.500,   2.043,   0.800,   2.343
202603251706,   1.379,9999.000,9999.000,9999.000,9999.000,9999.000,9999.000,9999.000,9999.000
202603251712,   1.375,9999.000,9999.000,9999.000,9999.000,9999.000,9999.000,9999.000,9999.000
202603251718,   1.370,9999.000,9999.000,9999.000,9999.000,9999.000,9999.000,9999.000,9999.000
202603251724,   1.363,9999.000,9999.000,9999.000,9999.000,9999.000,9999.000,9999.000,9999.000
202603251730,   1.356,9999.000,9999.000,9999.000,9999.000,9999.000,9999.000,9999.000,9999.000
202603251736,   1.347,9999.000,9999.000,9999.000,9999.000,9999.000,9999.000,9999.000,9999.000
202603251742,   1.336,9999.000,9999.000,9999.000,9999.000,9999.000,9999.000,9999.000,9999.000
202603251748,   1.325,9999.000,9999.000,9999.000,9999.000,9999.000,9999.000,9999.000,9999.000
202603251754,   1.313,9999.000,9999.000,9999.000,9999.000,9999.000,9999.000,9999.000,9999.000
202603251800,   1.300,9999.000,   0.700,   0.161,   2.161,   0.500,   1.961,   0.800,   2.261
202603251806,   1.285,9999.000,9999.000,9999.000,9999.000,9999.000,9999.000,9999.000,9999.000
202603251812,   1.270,9999.000,9999.000,9999.000,9999.000,9999.000,9999.000,9999.000,9999.000
202603251818,   1.255,9999.000,9999.000,9999.000,9999.000,9999.000,9999.000,9999.000,9999.000
202603251824,   1.238,9999.000,9999.000,9999.000,9999.000,9999.000,9999.000,9999.000,9999.000
202603251830,   1.221,9999.000,9999.000,9999.000,9999.000,9999.000,9999.000,9999.000,9999.000
202603251836,   1.203,9999.000,9999.000,9999.000,9999.000,9999.000,9999.000,9999.000,9999.000
202603251842,   1.185,9999.000,9999.000,9999.000,9999.000,9999.000,9999.000,9999.000,9999.000
202603251848,   1.166,9999.000,9999.000,9999.000,9999.000,9999.000,9999.000,9999.000,9999.000
202603251854,   1.147,9999.000,9999.000,9999.000,9999.000,9999.000,9999.000,9999.000,9999.000
202603251900,   1.128,9999.000,   0.700,   0.161,   1.989,   0.500,   1.789,   0.900,   2.189
202603251906,   1.108,9999.000,9999.000,9999.000,9999.000,9999.000,9999.000,9999.000,9999.000
202603251912,   1.088,9999.000,9999.000,9999.000,9999.000,9999.000,9999.000,9999.000,9999.000
202603251918,   1.068,9999.000,9999.000,9999.000,9999.000,9999.000,9999.000,9999.000,9999.000
202603251924,   1.048,9999.000,9999.000,9999.000,9999.000,9999.000,9999.000,9999.000,9999.000
202603251930,   1.027,9999.000,9999.000,9999.000,9999.000,9999.000,9999.000,9999.000,9999.000
202603251936,   1.007,9999.000,9999.000,9999.000,9999.000,9999.000,9999.000,9999.000,9999.000
202603251942,   0.986,9999.000,9999.000,9999.000,9999.000,9999.000,9999.000,9999.000,9999.000
202603251948,   0.966,9999.000,9999.000,9999.000,9999.000,9999.000,9999.000,9999.000,9999.000
202603251954,   0.946,9999.000,9999.000,9999.000,9999.000,9999.000,9999.000,9999.000,9999.000
202603252000,   0.925,9999.000,   0.700,   0.161,   1.786,   0.500,   1.586,   0.800,   1.886
202603252006,   0.905,9999.000,9999.000,9999.000,9999.000,9999.000,9999.000,9999.000,9999.000
202603252012,   0.885,9999.000,9999.000,9999.000,9999.000,9999.000,9999.000,9999.000,9999.000
202603252018,   0.864,9999.000,9999.000,9999.000,9999.000,9999.000,9999.000,9999.000,9999.000
202603252024,   0.844,9999.000,9999.000,9999.000,9999.000,9999.000,9999.000,9999.000,9999.000
202603252030,   0.824,9999.000,9999.000,9999.000,9999.000,9999.000,9999.000,9999.000,9999.000
202603252036,   0.805,9999.000,9999.000,9999.000,9999.000,9999.000,9999.000,9999.000,9999.000
202603252042,   0.785,9999.000,9999.000,9999.000,9999.000,9999.000,9999.000,9999.000,9999.000
202603252048,   0.765,9999.000,9999.000,9999.000,9999.000,9999.000,9999.000,9999.000,9999.000
202603252054,   0.746,9999.000,9999.000,9999.000,9999.000,9999.000,9999.000,9999.000,9999.000
202603252100,   0.726,9999.000,   0.700,   0.161,   1.587,   0.500,   1.387,   0.900,   1.787
202603252106,   0.707,9999.000,9999.000,9999.000,9999.000,9999.000,9999.000,9999.000,9999.000
202603252112,   0.688,9999.000,9999.000,9999.000,9999.000,9999.000,9999.000,9999.000,9999.000
202603252118,   0.668,9999.000,9999.000,9999.000,9999.000,9999.000,9999.000,9999.000,9999.000
202603252124,   0.649,9999.000,9999.000,9999.000,9999.000,9999.000,9999.000,9999.000,9999.000
202603252130,   0.630,9999.000,9999.000,9999.000,9999.000,9999.000,9999.000,9999.000,9999.000
202603252136,   0.610,9999.000,9999.000,9999.000,9999.000,9999.000,9999.000,9999.000,9999.000
202603252142,   0.591,9999.000,9999.000,9999.000,9999.000,9999.000,9999.000,9999.000,9999.000
202603252148,   0.572,9999.000,9999.000,9999.000,9999.000,9999.000,9999.000,9999.000,9999.000
202603252154,   0.552,9999.000,9999.000,9999.000,9999.000,9999.000,9999.000,9999.000,9999.000
202603252200,   0.533,9999.000,   0.700,   0.161,   1.394,   0.500,   1.194,   0.900,   1.594
202603252206,   0.514,9999.000,9999.000,9999.000,9999.000,9999.000,9999.000,9999.000,9999.000
202603252212,   0.495,9999.000,9999.000,9999.000,9999.000,9999.000,9999.000,9999.000,9999.000
202603252218,   0.476,9999.000,9999.000,9999.000,9999.000,9999.000,9999.000,9999.000,9999.000
202603252224,   0.457,9999.000,9999.000,9999.000,9999.000,9999.000,9999.000,9999.000,9999.000
202603252230,   0.438,9999.000,9999.000,9999.000,9999.000,9999.000,9999.000,9999.000,9999.000
202603252236,   0.420,9999.000,9999.000,9999.000,9999.000,9999.000,9999.000,9999.000,9999.000
202603252242,   0.402,9999.000,9999.000,9999.000,9999.000,9999.000,9999.000,9999.000,9999.000
202603252248,   0.384,9999.000,9999.000,9999.000,9999.000,9999.000,9999.000,9999.000,9999.000
202603252254,   0.368,9999.000,9999.000,9999.000,9999.000,9999.000,9999.000,9999.000,9999.000
202603252300,   0.351,9999.000,   0.700,   0.161,   1.212,   0.500,   1.012,   0.900,   1.412
202603252306,   0.336,9999.000,9999.000,9999.000,9999.000,9999.000,9999.000,9999.000,9999.000
202603252312,   0.321,9999.000,9999.000,9999.000,9999.000,9999.000,9999.000,9999.000,9999.000
202603252318,   0.308,9999.000,9999.000,9999.000,9999.000,9999.000,9999.000,9999.000,9999.000
202603252324,   0.295,9999.000,9999.000,9999.000,9999.000,9999.000,9999.000,9999.000,9999.000
202603252330,   0.284,9999.000,9999.000,9999.000,9999.000,9999.000,9999.000,9999.000,9999.000
202603252336,   0.274,9999.000,9999.000,9999.000,9999.000,9999.000,9999.000,9999.000,9999.000
202603252342,   0.265,9999.000,9999.000,9999.000,9999.000,9999.000,9999.000,9999.000,9999.000
202603252348,   0.258,9999.000,9999.000,9999.000,9999.000,9999.000,9999.000,9999.000,9999.000
202603252354,   0.252,9999.000,9999.000,9999.000,9999.000,9999.000,9999.000,9999.000,9999.000
202603260000,   0.247,9999.000,   0.700,   0.161,   1.108,   0.500,   0.908,   0.900,   1.308
