        TIME,    TIDE,      OB,   SURGE,    BIAS,     TWL,SURGE90p,  TWL90p,SURGE10p,   TWL10p
202608051200,   3.448,9999.000,   0.200,9999.000,   3.648,   0.200,   3.648,   0.200,   3.648
202608051206,   3.256,9999.000,9999.000,9999.000,9999.000,9999.000,9999.000,9999.000,9999.000
202608051212,   3.066,9999.000,9999.000,9999.000,9999.000,9999.000,9999.000,9999.000,9999.000
202608051218,   2.880,9999.000,9999.000,9999.000,9999.000,9999.000,9999.000,9999.000,9999.000
202608051224,   2.697,9999.000,9999.000,9999.000,9999.000,9999.000,9999.000,9999.000,9999.000
202608051230,   2.518,9999.000,9999.000,9999.000,9999.000,9999.000,9999.000,9999.000,9999.000
202608051236,   2.344,9999.000,9999.000,9999.000,9999.000,9999.000,9999.000,9999.000,9999.000
202608051242,   2.176,9999.000,9999.000,9999.000,9999.000,9999.000,9999.000,9999.000,9999.000
202608051248,   2.013,9999.000,9999.000,9999.000,9999.000,9999.000,9999.000,9999.000,9999.000
202608051254,   1.857,9999.000,9999.000,9999.000,9999.000,9999.000,9999.000,9999.000,9999.000
202608051300,   1.708,   1.899,   0.200,  -0.009,   1.899,   0.200,   1.899,   0.300,   1.999
202608051306,   1.567,   1.728,9999.000,9999.000,9999.000,9999.000,9999.000,9999.000,9999.000
202608051312,   1.433,   1.590,9999.000,9999.000,9999.000,9999.000,9999.000,9999.000,9999.000
202608051318,   1.307,   1.469,9999.000,9999.000,9999.000,9999.000,9999.000,9999.000,9999.000
202608051324,   1.190,   1.328,9999.000,9999.000,9999.000,9999.000,9999.000,9999.000,9999.000
202608051330,   1.083,   1.210,9999.000,9999.000,9999.000,9999.000,9999.000,9999.000,9999.000
202608051336,   0.984,   1.118,9999.000,9999.000,9999.000,9999.000,9999.000,9999.000,9999.000
202608051342,   0.895,   1.039,9999.000,9999.000,9999.000,9999.000,9999.000,9999.000,9999.000
202608051348,   0.816,   0.970,9999.000,9999.000,9999.000,9999.000,9999.000,9999.000,9999.000
202608051354,   0.747,   0.898,9999.000,9999.000,9999.000,9999.000,9999.000,9999.000,9999.000
202608051400,   0.688,   0.819,   0.200,  -0.069,   0.819,   0.200,   0.819,   0.300,   0.919
202608051406,   0.640,   0.780,9999.000,9999.000,9999.000,9999.000,9999.000,9999.000,9999.000
202608051412,   0.602,   0.708,9999.000,9999.000,9999.000,9999.000,9999.000,9999.000,9999.000
202608051418,   0.576,   0.688,9999.000,9999.000,9999.000,9999.000,9999.000,9999.000,9999.000
202608051424,   0.559,   0.678,9999.000,9999.000,9999.000,9999.000,9999.000,9999.000,9999.000
202608051430,   0.554,   0.678,9999.000,9999.000,9999.000,9999.000,9999.000,9999.000,9999.000
202608051436,   0.559,   0.659,9999.000,9999.000,9999.000,9999.000,9999.000,9999.000,9999.000
202608051442,   0.575,   0.659,9999.000,9999.000,9999.000,9999.000,9999.000,9999.000,9999.000
202608051448,   0.602,   0.698,9999.000,9999.000,9999.000,9999.000,9999.000,9999.000,9999.000
202608051454,   0.639,   0.741,9999.000,9999.000,9999.000,9999.000,9999.000,9999.000,9999.000
202608051500,   0.687,   0.780,   0.300,  -0.207,   0.780,   0.200,   0.680,   0.300,   0.780
202608051506,   0.745,   0.819,9999.000,9999.000,9999.000,9999.000,9999.000,9999.000,9999.000
202608051512,   0.814,   0.941,9999.000,9999.000,9999.000,9999.000,9999.000,9999.000,9999.000
202608051518,   0.892,   0.990,9999.000,9999.000,9999.000,9999.000,9999.000,9999.000,9999.000
202608051524,   0.980,   1.079,9999.000,9999.000,9999.000,9999.000,9999.000,9999.000,9999.000
202608051530,   1.078,   1.180,9999.000,9999.000,9999.000,9999.000,9999.000,9999.000,9999.000
202608051536,   1.185,   1.259,9999.000,9999.000,9999.000,9999.000,9999.000,9999.000,9999.000
202608051542,   1.300,   1.371,9999.000,9999.000,9999.000,9999.000,9999.000,9999.000,9999.000
202608051548,   1.425,   1.479,9999.000,9999.000,9999.000,9999.000,9999.000,9999.000,9999.000
202608051554,   1.557,   1.610,9999.000,9999.000,9999.000,9999.000,9999.000,9999.000,9999.000
202608051600,   1.697,   1.738,   0.300,  -0.259,   1.738,   0.200,   1.638,   0.300,   1.738
202608051606,   1.845,   1.849,9999.000,9999.000,9999.000,9999.000,9999.000,9999.000,9999.000
202608051612,   2.000,   2.000,9999.000,9999.000,9999.000,9999.000,9999.000,9999.000,9999.000
202608051618,   2.161,   2.168,9999.000,9999.000,9999.000,9999.000,9999.000,9999.000,9999.000
202608051624,   2.329,   2.338,9999.000,9999.000,9999.000,9999.000,9999.000,9999.000,9999.000
202608051630,   2.502,   2.509,9999.000,9999.000,9999.000,9999.000,9999.000,9999.000,9999.000
202608051636,   2.681,   2.689,9999.000,9999.000,9999.000,9999.000,9999.000,9999.000,9999.000
202608051642,   2.864,   2.840,9999.000,9999.000,9999.000,9999.000,9999.000,9999.000,9999.000
202608051648,   3.051,   3.007,9999.000,9999.000,9999.000,9999.000,9999.000,9999.000,9999.000
202608051654,   3.243,   3.197,9999.000,9999.000,9999.000,9999.000,9999.000,9999.000,9999.000
202608051700,   3.437,   3.378,   0.300,  -0.359,   3.378,   0.300,   3.378,   0.300,   3.378
202608051706,   3.634,   3.588,9999.000,9999.000,9999.000,9999.000,9999.000,9999.000,9999.000
202608051712,   3.834,   3.788,9999.000,9999.000,9999.000,9999.000,9999.000,9999.000,9999.000
202608051718,   4.035,   3.978,9999.000,9999.000,9999.000,9999.000,9999.000,9999.000,9999.000
202608051724,   4.238,   4.178,9999.000,9999.000,9999.000,9999.000,9999.000,9999.000,9999.000
202608051730,   4.442,   4.349,9999.000,9999.000,9999.000,9999.000,9999.000,9999.000,9999.000
202608051736,   4.645,   4.539,9999.000,9999.000,9999.000,9999.000,9999.000,9999.000,9999.000
202608051742,   4.849,   4.739,9999.000,9999.000,9999.000,9999.000,9999.000,9999.000,9999.000
202608051748,   5.052,   4.949,9999.000,9999.000,9999.000,9999.000,9999.000,9999.000,9999.000
202608051754,   5.254,   5.149,9999.000,9999.000,9999.000,9999.000,9999.000,9999.000,9999.000
202608051800,   5.454,   5.329,   0.300,  -0.425,   5.329,   0.300,   5.329,   0.300,   5.329
202608051806,   5.652,   5.516,9999.000,9999.000,9999.000,9999.000,9999.000,9999.000,9999.000
202608051812,   5.848,   5.677,9999.000,9999.000,9999.000,9999.000,9999.000,9999.000,9999.000
202608051818,   6.041,   5.877,9999.000,9999.000,9999.000,9999.000,9999.000,9999.000,9999.000
202608051824,   6.230,   6.067,9999.000,9999.000,9999.000,9999.000,9999.000,9999.000,9999.000
202608051830,   6.416,   6.258,9999.000,9999.000,9999.000,9999.000,9999.000,9999.000,9999.000
202608051836,   6.597,   6.438,9999.000,9999.000,9999.000,9999.000,9999.000,9999.000,9999.000
202608051842,   6.774,   6.619,9999.000,9999.000,9999.000,9999.000,9999.000,9999.000,9999.000
202608051848,   6.945,   6.799,9999.000,9999.000,9999.000,9999.000,9999.000,9999.000,9999.000
202608051854,   7.112,   6.956,9999.000,9999.000,9999.000,9999.000,9999.000,9999.000,9999.000
202608051900,   7.272,   7.097,   0.300,  -0.475,   7.097,   0.300,   7.097,   0.300,   7.097
202608051906,   7.426,   7.248,9999.000,9999.000,9999.000,9999.000,9999.000,9999.000,9999.000
202608051912,   7.574,   7.419,9999.000,9999.000,9999.000,9999.000,9999.000,9999.000,9999.000
202608051918,   7.714,   7.566,9999.000,9999.000,9999.000,9999.000,9999.000,9999.000,9999.000
202608051924,   7.848,   7.707,9999.000,9999.000,9999.000,9999.000,9999.000,9999.000,9999.000
202608051930,   7.973,   7.849,9999.000,9999.000,9999.000,9999.000,9999.000,9999.000,9999.000
202608051936,   8.091,   7.976,9999.000,9999.000,9999.000,9999.000,9999.000,9999.000,9999.000
202608051942,   8.201,   8.078,9999.000,9999.000,9999.000,9999.000,9999.000,9999.000,9999.000
202608051948,   8.303,   8.196,9999.000,9999.000,9999.000,9999.000,9999.000,9999.000,9999.000
202608051954,   8.396,   8.288,9999.000,9999.000,9999.000,9999.000,9999.000,9999.000,9999.000
202608052000,   8.480,   8.377,   0.300,  -0.403,   8.377,   0.300,   8.377,   0.300,   8.377
202608052006,   8.555,   8.459,9999.000,9999.000,9999.000,9999.000,9999.000,9999.000,9999.000
202608052012,   8.622,   8.518,9999.000,9999.000,9999.000,9999.000,9999.000,9999.000,9999.000
202608052018,   8.678,   8.577,9999.000,9999.000,9999.000,9999.000,9999.000,9999.000,9999.000
202608052024,   8.726,   8.636,9999.000,9999.000,9999.000,9999.000,9999.000,9999.000,9999.000
202608052030,   8.764,   8.678,9999.000,9999.000,9999.000,9999.000,9999.000,9999.000,9999.000
202608052036,   8.793,   8.708,9999.000,9999.000,9999.000,9999.000,9999.000,9999.000,9999.000
202608052042,   8.812,   8.747,9999.000,9999.000,9999.000,9999.000,9999.000,9999.000,9999.000
202608052048,   8.821,   8.767,9999.000,9999.000,9999.000,9999.000,9999.000,9999.000,9999.000
202608052054,   8.822,   8.767,9999.000,9999.000,9999.000,9999.000,9999.000,9999.000,9999.000
202608052100,   8.812,   8.777,   0.300,  -0.335,   8.777,   0.300,   8.777,   0.400,   8.877
202608052106,   8.793,   8.767,9999.000,9999.000,9999.000,9999.000,9999.000,9999.000,9999.000
202608052112,   8.765,   8.757,9999.000,9999.000,9999.000,9999.000,9999.000,9999.000,9999.000
202608052118,   8.727,   8.728,9999.000,9999.000,9999.000,9999.000,9999.000,9999.000,9999.000
202608052124,   8.681,   8.698,9999.000,9999.000,9999.000,9999.000,9999.000,9999.000,9999.000
202608052130,   8.625,   8.678,9999.000,9999.000,9999.000,9999.000,9999.000,9999.000,9999.000
202608052136,   8.560,   8.649,9999.000,9999.000,9999.000,9999.000,9999.000,9999.000,9999.000
202608052142,   8.487,   8.577,9999.000,9999.000,9999.000,9999.000,9999.000,9999.000,9999.000
202608052148,   8.404,   8.488,9999.000,9999.000,9999.000,9999.000,9999.000,9999.000,9999.000
202608052154,   8.314,   8.386,9999.000,9999.000,9999.000,9999.000,9999.000,9999.000,9999.000
202608052200,   8.215,   8.278,   0.300,  -0.237,   8.278,   0.300,   8.278,   0.400,   8.378
202608052206,   8.107,   8.196,9999.000,9999.000,9999.000,9999.000,9999.000,9999.000,9999.000
202608052212,   7.992,   8.088,9999.000,9999.000,9999.000,9999.000,9999.000,9999.000,9999.000
202608052218,   7.869,   7.957,9999.000,9999.000,9999.000,9999.000,9999.000,9999.000,9999.000
202608052224,   7.739,   7.829,9999.000,9999.000,9999.000,9999.000,9999.000,9999.000,9999.000
202608052230,   7.601,   7.688,9999.000,9999.000,9999.000,9999.000,9999.000,9999.000,9999.000
202608052236,   7.457,   7.557,9999.000,9999.000,9999.000,9999.000,9999.000,9999.000,9999.000
202608052242,   7.305,   7.419,9999.000,9999.000,9999.000,9999.000,9999.000,9999.000,9999.000
202608052248,   7.147,   7.268,9999.000,9999.000,9999.000,9999.000,9999.000,9999.000,9999.000
202608052254,   6.983,   7.117,9999.000,9999.000,9999.000,9999.000,9999.000,9999.000,9999.000
202608052300,   6.813,   6.956,   0.300,  -0.157,   6.956,   0.300,   6.956,   0.400,   7.056
202608052306,   6.637,   6.779,9999.000,9999.000,9999.000,9999.000,9999.000,9999.000,9999.000
202608052312,   6.457,   6.599,9999.000,9999.000,9999.000,9999.000,9999.000,9999.000,9999.000
202608052318,   6.271,   6.428,9999.000,9999.000,9999.000,9999.000,9999.000,9999.000,9999.000
202608052324,   6.081,   6.258,9999.000,9999.000,9999.000,9999.000,9999.000,9999.000,9999.000
202608052330,   5.887,   6.058,9999.000,9999.000,9999.000,9999.000,9999.000,9999.000,9999.000
202608052336,   5.689,   5.828,9999.000,9999.000,9999.000,9999.000,9999.000,9999.000,9999.000
202608052342,   5.489,   5.569,9999.000,9999.000,9999.000,9999.000,9999.000,9999.000,9999.000
202608052348,   5.285,   5.349,9999.000,9999.000,9999.000,9999.000,9999.000,9999.000,9999.000
202608052354,   5.080,   5.139,9999.000,9999.000,9999.000,9999.000,9999.000,9999.000,9999.000
202608060000,   4.873,   4.910,   0.300,  -0.263,   4.910,   0.200,   4.810,   0.300,   4.910
202608060006,   4.665,   4.700,9999.000,9999.000,9999.000,9999.000,9999.000,9999.000,9999.000
202608060012,   4.457,   4.500,9999.000,9999.000,9999.000,9999.000,9999.000,9999.000,9999.000
202608060018,   4.248,   4.280,9999.000,9999.000,9999.000,9999.000,9999.000,9999.000,9999.000
202608060024,   4.040,   4.099,9999.000,9999.000,9999.000,9999.000,9999.000,9999.000,9999.000
202608060030,   3.834,   3.899,9999.000,9999.000,9999.000,9999.000,9999.000,9999.000,9999.000
202608060036,   3.629,   3.719,9999.000,9999.000,9999.000,9999.000,9999.000,9999.000,9999.000
202608060042,   3.426,   3.509,9999.000,9999.000,9999.000,9999.000,9999.000,9999.000,9999.000
202608060048,   3.227,   3.299,9999.000,9999.000,9999.000,9999.000,9999.000,9999.000,9999.000
202608060054,   3.031,   3.099,9999.000,9999.000,9999.000,9999.000,9999.000,9999.000,9999.000
202608060100,   2.839,   2.929,   0.300,  -0.210,   2.929,   0.200,   2.829,   0.300,   2.929
202608060106,   2.651,   2.728,9999.000,9999.000,9999.000,9999.000,9999.000,9999.000,9999.000
202608060112,   2.469,   2.568,9999.000,9999.000,9999.000,9999.000,9999.000,9999.000,9999.000
202608060118,   2.292,   2.387,9999.000,9999.000,9999.000,9999.000,9999.000,9999.000,9999.000
202608060124,   2.122,   2.191,9999.000,9999.000,9999.000,9999.000,9999.000,9999.000,9999.000
202608060130,   1.957,   2.030,9999.000,9999.000,9999.000,9999.000,9999.000,9999.000,9999.000
202608060136,   1.800,   1.879,9999.000,9999.000,9999.000,9999.000,9999.000,9999.000,9999.000
202608060142,   1.651,   1.748,9999.000,9999.000,9999.000,9999.000,9999.000,9999.000,9999.000
202608060148,   1.509,   1.600,9999.000,9999.000,9999.000,9999.000,9999.000,9999.000,9999.000
202608060154,   1.376,   1.479,9999.000,9999.000,9999.000,9999.000,9999.000,9999.000,9999.000
202608060200,   1.251,   1.318,   0.300,  -0.233,   1.318,   0.200,   1.218,   0.300,   1.318
202608060206,   1.134,   1.220,9999.000,9999.000,9999.000,9999.000,9999.000,9999.000,9999.000
202608060212,   1.027,   1.108,9999.000,9999.000,9999.000,9999.000,9999.000,9999.000,9999.000
202608060218,   0.930,   1.029,9999.000,9999.000,9999.000,9999.000,9999.000,9999.000,9999.000
202608060224,   0.842,   0.941,9999.000,9999.000,9999.000,9999.000,9999.000,9999.000,9999.000
202608060230,   0.764,   0.859,9999.000,9999.000,9999.000,9999.000,9999.000,9999.000,9999.000
202608060236,   0.695,   0.800,9999.000,9999.000,9999.000,9999.000,9999.000,9999.000,9999.000
202608060242,   0.637,   0.760,9999.000,9999.000,9999.000,9999.000,9999.000,9999.000,9999.000
202608060248,   0.589,   0.678,9999.000,9999.000,9999.000,9999.000,9999.000,9999.000,9999.000
202608060254,   0.552,   0.619,9999.000,9999.000,9999.000,9999.000,9999.000,9999.000,9999.000
202608060300,   0.525,   0.590,   0.200,  -0.135,   0.590,   0.200,   0.590,   0.300,   0.690
202608060306,   0.508,   0.580,9999.000,9999.000,9999.000,9999.000,9999.000,9999.000,9999.000
202608060312,   0.501,   0.570,9999.000,9999.000,9999.000,9999.000,9999.000,9999.000,9999.000
202608060318,   0.505,   0.580,9999.000,9999.000,9999.000,9999.000,9999.000,9999.000,9999.000
202608060324,   0.519,   0.590,9999.000,9999.000,9999.000,9999.000,9999.000,9999.000,9999.000
202608060330,   0.544,   0.619,9999.000,9999.000,9999.000,9999.000,9999.000,9999.000,9999.000
202608060336,   0.578,   0.659,9999.000,9999.000,9999.000,9999.000,9999.000,9999.000,9999.000
202608060342,   0.622,   0.718,9999.000,9999.000,9999.000,9999.000,9999.000,9999.000,9999.000
202608060348,   0.676,   0.741,9999.000,9999.000,9999.000,9999.000,9999.000,9999.000,9999.000
202608060354,   0.739,   0.810,9999.000,9999.000,9999.000,9999.000,9999.000,9999.000,9999.000
202608060400,   0.812,   0.888,   0.200,  -0.124,   0.888,   0.200,   0.888,   0.300,   0.988
202608060406,   0.894,   0.970,9999.000,9999.000,9999.000,9999.000,9999.000,9999.000,9999.000
202608060412,   0.984,   1.059,9999.000,9999.000,9999.000,9999.000,9999.000,9999.000,9999.000
202608060418,   1.083,   1.170,9999.000,9999.000,9999.000,9999.000,9999.000,9999.000,9999.000
202608060424,   1.190,   1.249,9999.000,9999.000,9999.000,9999.000,9999.000,9999.000,9999.000
202608060430,   1.305,   1.371,9999.000,9999.000,9999.000,9999.000,9999.000,9999.000,9999.000
202608060436,   1.427,   1.489,9999.000,9999.000,9999.000,9999.000,9999.000,9999.000,9999.000
202608060442,   1.556,   1.610,9999.000,9999.000,9999.000,9999.000,9999.000,9999.000,9999.000
202608060448,   1.692,   1.738,9999.000,9999.000,9999.000,9999.000,9999.000,9999.000,9999.000
202608060454,   1.833,   1.879,9999.000,9999.000,9999.000,9999.000,9999.000,9999.000,9999.000
202608060500,   1.981,   2.030,   0.200,  -0.151,   2.030,   0.200,   2.030,   0.200,   2.030
202608060506,   2.134,   2.158,9999.000,9999.000,9999.000,9999.000,9999.000,9999.000,9999.000
202608060512,   2.292,   2.299,9999.000,9999.000,9999.000,9999.000,9999.000,9999.000,9999.000
202608060518,   2.454,   2.440,9999.000,9999.000,9999.000,9999.000,9999.000,9999.000,9999.000
202608060524,   2.621,   2.597,9999.000,9999.000,9999.000,9999.000,9999.000,9999.000,9999.000
202608060530,   2.790,   2.787,9999.000,9999.000,9999.000,9999.000,9999.000,9999.000,9999.000
202608060536,   2.963,   2.958,9999.000,9999.000,9999.000,9999.000,9999.000,9999.000,9999.000
202608060542,   3.139,   3.129,9999.000,9999.000,9999.000,9999.000,9999.000,9999.000,9999.000
202608060548,   3.317,   3.299,9999.000,9999.000,9999.000,9999.000,9999.000,9999.000,9999.000
202608060554,   3.496,   3.480,9999.000,9999.000,9999.000,9999.000,9999.000,9999.000,9999.000
202608060600,   3.677,   3.670,   0.100,  -0.107,   3.670,   0.100,   3.670,   0.200,   3.770
202608060606,   3.858,   3.870,9999.000,9999.000,9999.000,9999.000,9999.000,9999.000,9999.000
202608060612,   4.040,   4.080,9999.000,9999.000,9999.000,9999.000,9999.000,9999.000,9999.000
202608060618,   4.222,   4.257,9999.000,9999.000,9999.000,9999.000,9999.000,9999.000,9999.000
202608060624,   4.403,   4.427,9999.000,9999.000,9999.000,9999.000,9999.000,9999.000,9999.000
202608060630,   4.584,   4.578,9999.000,9999.000,9999.000,9999.000,9999.000,9999.000,9999.000
202608060636,   4.762,   4.788,9999.000,9999.000,9999.000,9999.000,9999.000,9999.000,9999.000
202608060642,   4.940,   4.979,9999.000,9999.000,9999.000,9999.000,9999.000,9999.000,9999.000
202608060648,   5.114,   5.159,9999.000,9999.000,9999.000,9999.000,9999.000,9999.000,9999.000
202608060654,   5.287,   5.329,9999.000,9999.000,9999.000,9999.000,9999.000,9999.000,9999.000
202608060700,   5.456,   5.477,   0.100,  -0.079,   5.477,   0.100,   5.477,   0.100,   5.477
202608060706,   5.622,   5.638,9999.000,9999.000,9999.000,9999.000,9999.000,9999.000,9999.000
202608060712,   5.783,   5.828,9999.000,9999.000,9999.000,9999.000,9999.000,9999.000,9999.000
202608060718,   5.941,   6.008,9999.000,9999.000,9999.000,9999.000,9999.000,9999.000,9999.000
202608060724,   6.094,   6.169,9999.000,9999.000,9999.000,9999.000,9999.000,9999.000,9999.000
202608060730,   6.242,   6.317,9999.000,9999.000,9999.000,9999.000,9999.000,9999.000,9999.000
202608060736,   6.385,   6.468,9999.000,9999.000,9999.000,9999.000,9999.000,9999.000,9999.000
202608060742,   6.521,   6.628,9999.000,9999.000,9999.000,9999.000,9999.000,9999.000,9999.000
202608060748,   6.652,   6.756,9999.000,9999.000,9999.000,9999.000,9999.000,9999.000,9999.000
202608060754,   6.777,   6.878,9999.000,9999.000,9999.000,9999.000,9999.000,9999.000,9999.000
202608060800,   6.894,   6.989,   0.100,  -0.005,   6.989,   0.100,   6.989,   0.100,   6.989
202608060806,   7.005,   7.088,9999.000,9999.000,9999.000,9999.000,9999.000,9999.000,9999.000
202608060812,   7.109,   7.199,9999.000,9999.000,9999.000,9999.000,9999.000,9999.000,9999.000
202608060818,   7.205,   7.307,9999.000,9999.000,9999.000,9999.000,9999.000,9999.000,9999.000
202608060824,   7.293,   7.409,9999.000,9999.000,9999.000,9999.000,9999.000,9999.000,9999.000
202608060830,   7.373,   7.507,9999.000,9999.000,9999.000,9999.000,9999.000,9999.000,9999.000
202608060836,   7.445,   7.576,9999.000,9999.000,9999.000,9999.000,9999.000,9999.000,9999.000
202608060842,   7.509,   7.668,9999.000,9999.000,9999.000,9999.000,9999.000,9999.000,9999.000
202608060848,   7.564,   7.747,9999.000,9999.000,9999.000,9999.000,9999.000,9999.000,9999.000
202608060854,   7.611,   7.786,9999.000,9999.000,9999.000,9999.000,9999.000,9999.000,9999.000
202608060900,   7.649,   7.829,   0.100,   0.080,   7.829,   0.100,   7.829,   0.200,   7.929
202608060906,   7.679,   7.878,9999.000,9999.000,9999.000,9999.000,9999.000,9999.000,9999.000
202608060912,   7.700,   7.898,9999.000,9999.000,9999.000,9999.000,9999.000,9999.000,9999.000
202608060918,   7.712,   7.908,9999.000,9999.000,9999.000,9999.000,9999.000,9999.000,9999.000
202608060924,   7.715,   7.908,9999.000,9999.000,9999.000,9999.000,9999.000,9999.000,9999.000
202608060930,   7.709,   7.898,9999.000,9999.000,9999.000,9999.000,9999.000,9999.000,9999.000
202608060936,   7.695,   7.898,9999.000,9999.000,9999.000,9999.000,9999.000,9999.000,9999.000
202608060942,   7.672,   7.878,9999.000,9999.000,9999.000,9999.000,9999.000,9999.000,9999.000
202608060948,   7.641,   7.858,9999.000,9999.000,9999.000,9999.000,9999.000,9999.000,9999.000
202608060954,   7.601,   7.829,9999.000,9999.000,9999.000,9999.000,9999.000,9999.000,9999.000
202608061000,   7.552,   7.786,   0.200,   0.034,   7.786,   0.100,   7.686,   0.200,   7.786
202608061006,   7.496,   7.717,9999.000,9999.000,9999.000,9999.000,9999.000,9999.000,9999.000
202608061012,   7.431,   7.658,9999.000,9999.000,9999.000,9999.000,9999.000,9999.000,9999.000
202608061018,   7.359,   7.609,9999.000,9999.000,9999.000,9999.000,9999.000,9999.000,9999.000
202608061024,   7.278,   7.537,9999.000,9999.000,9999.000,9999.000,9999.000,9999.000,9999.000
202608061030,   7.190,   7.468,9999.000,9999.000,9999.000,9999.000,9999.000,9999.000,9999.000
202608061036,   7.094,   7.366,9999.000,9999.000,9999.000,9999.000,9999.000,9999.000,9999.000
202608061042,   6.991,   7.278,9999.000,9999.000,9999.000,9999.000,9999.000,9999.000,9999.000
202608061048,   6.881,   7.176,9999.000,9999.000,9999.000,9999.000,9999.000,9999.000,9999.000
202608061054,   6.764,   7.048,9999.000,9999.000,9999.000,9999.000,9999.000,9999.000,9999.000
202608061100,   6.641,   6.917,   0.200,   0.076,   6.917,   0.100,   6.817,   0.200,   6.917
202608061106,   6.511,   6.799,9999.000,9999.000,9999.000,9999.000,9999.000,9999.000,9999.000
202608061112,   6.375,   6.668,9999.000,9999.000,9999.000,9999.000,9999.000,9999.000,9999.000
202608061118,   6.233,   6.507,9999.000,9999.000,9999.000,9999.000,9999.000,9999.000,9999.000
202608061124,   6.085,   6.379,9999.000,9999.000,9999.000,9999.000,9999.000,9999.000,9999.000
202608061130,   5.932,   6.218,9999.000,9999.000,9999.000,9999.000,9999.000,9999.000,9999.000
202608061136,   5.775,   6.038,9999.000,9999.000,9999.000,9999.000,9999.000,9999.000,9999.000
202608061142,   5.612,   5.877,9999.000,9999.000,9999.000,9999.000,9999.000,9999.000,9999.000
202608061148,   5.446,   5.730,9999.000,9999.000,9999.000,9999.000,9999.000,9999.000,9999.000
202608061154,   5.275,   5.569,9999.000,9999.000,9999.000,9999.000,9999.000,9999.000,9999.000
202608061200,   5.102,   5.398,   0.200,   0.096,   5.398,   0.200,   5.398,   0.200,   5.398
202608061206,   4.925,   5.228,9999.000,9999.000,9999.000,9999.000,9999.000,9999.000,9999.000
202608061212,   4.746,   5.008,9999.000,9999.000,9999.000,9999.000,9999.000,9999.000,9999.000
202608061218,   4.565,   4.778,9999.000,9999.000,9999.000,9999.000,9999.000,9999.000,9999.000
202608061224,   4.382,   4.588,9999.000,9999.000,9999.000,9999.000,9999.000,9999.000,9999.000
202608061230,   4.198,   4.388,9999.000,9999.000,9999.000,9999.000,9999.000,9999.000,9999.000
202608061236,   4.014,   4.227,9999.000,9999.000,9999.000,9999.000,9999.000,9999.000,9999.000
202608061242,   3.830,   4.070,9999.000,9999.000,9999.000,9999.000,9999.000,9999.000,9999.000
202608061248,   3.646,   3.890,9999.000,9999.000,9999.000,9999.000,9999.000,9999.000,9999.000
202608061254,   3.464,   3.719,9999.000,9999.000,9999.000,9999.000,9999.000,9999.000,9999.000
202608061300,   3.284,   3.558,   0.200,   0.074,   3.558,   0.200,   3.558,   0.200,   3.558
202608061306,   3.105,   3.348,9999.000,9999.000,9999.000,9999.000,9999.000,9999.000,9999.000
202608061312,   2.930,   3.197,9999.000,9999.000,9999.000,9999.000,9999.000,9999.000,9999.000
202608061318,   2.758,   3.030,9999.000,9999.000,9999.000,9999.000,9999.000,9999.000,9999.000
202608061324,   2.590,   2.830,9999.000,9999.000,9999.000,9999.000,9999.000,9999.000,9999.000
202608061330,   2.426,   2.650,9999.000,9999.000,9999.000,9999.000,9999.000,9999.000,9999.000
202608061336,   2.268,   2.499,9999.000,9999.000,9999.000,9999.000,9999.000,9999.000,9999.000
202608061342,   2.115,   2.348,9999.000,9999.000,9999.000,9999.000,9999.000,9999.000,9999.000
202608061348,   1.968,   2.240,9999.000,9999.000,9999.000,9999.000,9999.000,9999.000,9999.000
202608061354,   1.828,   2.069,9999.000,9999.000,9999.000,9999.000,9999.000,9999.000,9999.000
202608061400,   1.694,   1.928,   0.200,   0.034,   1.928,   0.200,   1.928,   0.200,   1.928
202608061406,   1.568,   1.790,9999.000,9999.000,9999.000,9999.000,9999.000,9999.000,9999.000
202608061412,   1.450,   1.639,9999.000,9999.000,9999.000,9999.000,9999.000,9999.000,9999.000
202608061418,   1.340,   1.528,9999.000,9999.000,9999.000,9999.000,9999.000,9999.000,9999.000
202608061424,   1.238,   1.439,9999.000,9999.000,9999.000,9999.000,9999.000,9999.000,9999.000
202608061430,   1.146,   1.380,9999.000,9999.000,9999.000,9999.000,9999.000,9999.000,9999.000
202608061436,   1.062,   1.298,9999.000,9999.000,9999.000,9999.000,9999.000,9999.000,9999.000
202608061442,   0.988,   1.220,9999.000,9999.000,9999.000,9999.000,9999.000,9999.000,9999.000
202608061448,   0.924,   1.170,9999.000,9999.000,9999.000,9999.000,9999.000,9999.000,9999.000
202608061454,   0.869,   1.098,9999.000,9999.000,9999.000,9999.000,9999.000,9999.000,9999.000
202608061500,   0.824,   1.059,   0.200,   0.035,   1.059,   0.200,   1.059,   0.200,   1.059
202608061506,   0.790,   1.039,9999.000,9999.000,9999.000,9999.000,9999.000,9999.000,9999.000
202608061512,   0.766,   1.020,9999.000,9999.000,9999.000,9999.000,9999.000,9999.000,9999.000
202608061518,   0.752,   1.020,9999.000,9999.000,9999.000,9999.000,9999.000,9999.000,9999.000
202608061524,   0.749,   1.010,9999.000,9999.000,9999.000,9999.000,9999.000,9999.000,9999.000
202608061530,   0.756,   1.000,9999.000,9999.000,9999.000,9999.000,9999.000,9999.000,9999.000
202608061536,   0.773,   1.029,9999.000,9999.000,9999.000,9999.000,9999.000,9999.000,9999.000
202608061542,   0.801,   1.049,9999.000,9999.000,9999.000,9999.000,9999.000,9999.000,9999.000
202608061548,   0.839,   1.088,9999.000,9999.000,9999.000,9999.000,9999.000,9999.000,9999.000
202608061554,   0.887,   1.118,9999.000,9999.000,9999.000,9999.000,9999.000,9999.000,9999.000
202608061600,   0.946,   1.200,   0.200,   0.054,   1.200,   0.200,   1.200,   0.200,   1.200
202608061606,   1.014,   1.279,9999.000,9999.000,9999.000,9999.000,9999.000,9999.000,9999.000
202608061612,   1.092,   1.338,9999.000,9999.000,9999.000,9999.000,9999.000,9999.000,9999.000
202608061618,   1.179,   1.430,9999.000,9999.000,9999.000,9999.000,9999.000,9999.000,9999.000
202608061624,   1.276,   1.528,9999.000,9999.000,9999.000,9999.000,9999.000,9999.000,9999.000
202608061630,   1.382,   1.620,9999.000,9999.000,9999.000,9999.000,9999.000,9999.000,9999.000
202608061636,   1.496,   1.728,9999.000,9999.000,9999.000,9999.000,9999.000,9999.000,9999.000
202608061642,   1.618,   1.849,9999.000,9999.000,9999.000,9999.000,9999.000,9999.000,9999.000
202608061648,   1.749,   1.990,9999.000,9999.000,9999.000,9999.000,9999.000,9999.000,9999.000
202608061654,   1.887,   2.128,9999.000,9999.000,9999.000,9999.000,9999.000,9999.000,9999.000
202608061700,   2.032,   2.259,   0.200,   0.027,   2.259,   0.200,   2.259,   0.200,   2.259
202608061706,   2.185,   2.420,9999.000,9999.000,9999.000,9999.000,9999.000,9999.000,9999.000
202608061712,   2.343,   2.578,9999.000,9999.000,9999.000,9999.000,9999.000,9999.000,9999.000
202608061718,   2.508,   2.719,9999.000,9999.000,9999.000,9999.000,9999.000,9999.000,9999.000
202608061724,   2.678,   2.889,9999.000,9999.000,9999.000,9999.000,9999.000,9999.000,9999.000
202608061730,   2.853,   3.040,9999.000,9999.000,9999.000,9999.000,9999.000,9999.000,9999.000
202608061736,   3.032,   3.207,9999.000,9999.000,9999.000,9999.000,9999.000,9999.000,9999.000
202608061742,   3.216,   3.398,9999.000,9999.000,9999.000,9999.000,9999.000,9999.000,9999.000
202608061748,   3.403,   3.588,9999.000,9999.000,9999.000,9999.000,9999.000,9999.000,9999.000
202608061754,   3.594,   3.758,9999.000,9999.000,9999.000,9999.000,9999.000,9999.000,9999.000
202608061800,   3.787,   3.949,   0.300,  -0.138,   3.949,   0.300,   3.949,   0.300,   3.949
202608061806,   3.982,   4.149,9999.000,9999.000,9999.000,9999.000,9999.000,9999.000,9999.000
202608061812,   4.179,   4.359,9999.000,9999.000,9999.000,9999.000,9999.000,9999.000,9999.000
202608061818,   4.378,   4.539,9999.000,9999.000,9999.000,9999.000,9999.000,9999.000,9999.000
202608061824,   4.577,   4.729,9999.000,9999.000,9999.000,9999.000,9999.000,9999.000,9999.000
202608061830,   4.776,   4.919,9999.000,9999.000,9999.000,9999.000,9999.000,9999.000,9999.000
202608061836,   4.976,   5.120,9999.000,9999.000,9999.000,9999.000,9999.000,9999.000,9999.000
202608061842,   5.175,   5.329,9999.000,9999.000,9999.000,9999.000,9999.000,9999.000,9999.000
202608061848,   5.372,   5.539,9999.000,9999.000,9999.000,9999.000,9999.000,9999.000,9999.000
202608061854,   5.569,   5.697,9999.000,9999.000,9999.000,9999.000,9999.000,9999.000,9999.000
202608061900,   5.763,   5.887,   0.300,  -0.176,   5.887,   0.300,   5.887,   0.300,   5.887
202608061906,   5.955,   6.087,9999.000,9999.000,9999.000,9999.000,9999.000,9999.000,9999.000
202608061912,   6.144,   6.307,9999.000,9999.000,9999.000,9999.000,9999.000,9999.000,9999.000
202608061918,   6.330,   6.477,9999.000,9999.000,9999.000,9999.000,9999.000,9999.000,9999.000
202608061924,   6.512,   6.638,9999.000,9999.000,9999.000,9999.000,9999.000,9999.000,9999.000
202608061930,   6.691,   6.809,9999.000,9999.000,9999.000,9999.000,9999.000,9999.000,9999.000
202608061936,   6.864,   6.999,9999.000,9999.000,9999.000,9999.000,9999.000,9999.000,9999.000
202608061942,   7.033,   7.166,9999.000,9999.000,9999.000,9999.000,9999.000,9999.000,9999.000
202608061948,   7.197,   7.317,9999.000,9999.000,9999.000,9999.000,9999.000,9999.000,9999.000
202608061954,   7.355,   7.468,9999.000,9999.000,9999.000,9999.000,9999.000,9999.000,9999.000
202608062000,   7.507,   7.629,   0.300,  -0.178,   7.629,   0.300,   7.629,   0.400,   7.729
202608062006,   7.653,   7.786,9999.000,9999.000,9999.000,9999.000,9999.000,9999.000,9999.000
202608062012,   7.792,   7.917,9999.000,9999.000,9999.000,9999.000,9999.000,9999.000,9999.000
202608062018,   7.923,   8.039,9999.000,9999.000,9999.000,9999.000,9999.000,9999.000,9999.000
202608062024,   8.048,   8.177,9999.000,9999.000,9999.000,9999.000,9999.000,9999.000,9999.000
202608062030,   8.165,   8.278,9999.000,9999.000,9999.000,9999.000,9999.000,9999.000,9999.000
202608062036,   8.274,   8.377,9999.000,9999.000,9999.000,9999.000,9999.000,9999.000,9999.000
202608062042,   8.375,   8.468,9999.000,9999.000,9999.000,9999.000,9999.000,9999.000,9999.000
202608062048,   8.467,   8.587,9999.000,9999.000,9999.000,9999.000,9999.000,9999.000,9999.000
202608062054,   8.551,   8.698,9999.000,9999.000,9999.000,9999.000,9999.000,9999.000,9999.000
202608062100,   8.626,   8.787,   0.300,  -0.139,   8.787,   0.300,   8.787,   0.400,   8.887
202608062106,   8.691,   8.816,9999.000,9999.000,9999.000,9999.000,9999.000,9999.000,9999.000
202608062112,   8.748,   8.888,9999.000,9999.000,9999.000,9999.000,9999.000,9999.000,9999.000
202608062118,   8.796,   8.967,9999.000,9999.000,9999.000,9999.000,9999.000,9999.000,9999.000
202608062124,   8.834,   9.026,9999.000,9999.000,9999.000,9999.000,9999.000,9999.000,9999.000
202608062130,   8.863,   9.069,9999.000,9999.000,9999.000,9999.000,9999.000,9999.000,9999.000
202608062136,   8.883,   9.098,9999.000,9999.000,9999.000,9999.000,9999.000,9999.000,9999.000
202608062142,   8.893,   9.118,9999.000,9999.000,9999.000,9999.000,9999.000,9999.000,9999.000
202608062148,   8.894,   9.098,9999.000,9999.000,9999.000,9999.000,9999.000,9999.000,9999.000
202608062154,   8.885,   9.098,9999.000,9999.000,9999.000,9999.000,9999.000,9999.000,9999.000
202608062200,   8.867,   9.098,   0.400,  -0.169,   9.098,   0.300,   8.998,   0.400,   9.098
202608062206,   8.840,   9.098,9999.000,9999.000,9999.000,9999.000,9999.000,9999.000,9999.000
202608062212,   8.804,   9.079,9999.000,9999.000,9999.000,9999.000,9999.000,9999.000,9999.000
202608062218,   8.759,   9.016,9999.000,9999.000,9999.000,9999.000,9999.000,9999.000,9999.000
202608062224,   8.705,   8.947,9999.000,9999.000,9999.000,9999.000,9999.000,9999.000,9999.000
202608062230,   8.642,   8.869,9999.000,9999.000,9999.000,9999.000,9999.000,9999.000,9999.000
202608062236,   8.571,   8.806,9999.000,9999.000,9999.000,9999.000,9999.000,9999.000,9999.000
202608062242,   8.491,   8.737,9999.000,9999.000,9999.000,9999.000,9999.000,9999.000,9999.000
202608062248,   8.403,   8.659,9999.000,9999.000,9999.000,9999.000,9999.000,9999.000,9999.000
202608062254,   8.306,   8.567,9999.000,9999.000,9999.000,9999.000,9999.000,9999.000,9999.000
202608062300,   8.202,   8.449,   0.400,  -0.153,   8.449,   0.300,   8.349,   0.400,   8.449
202608062306,   8.090,   8.327,9999.000,9999.000,9999.000,9999.000,9999.000,9999.000,9999.000
202608062312,   7.970,   8.229,9999.000,9999.000,9999.000,9999.000,9999.000,9999.000,9999.000
202608062318,   7.843,   8.098,9999.000,9999.000,9999.000,9999.000,9999.000,9999.000,9999.000
202608062324,   7.709,   7.967,9999.000,9999.000,9999.000,9999.000,9999.000,9999.000,9999.000
202608062330,   7.568,   7.839,9999.000,9999.000,9999.000,9999.000,9999.000,9999.000,9999.000
202608062336,   7.420,   7.698,9999.000,9999.000,9999.000,9999.000,9999.000,9999.000,9999.000
202608062342,   7.266,   7.537,9999.000,9999.000,9999.000,9999.000,9999.000,9999.000,9999.000
202608062348,   7.105,   7.376,9999.000,9999.000,9999.000,9999.000,9999.000,9999.000,9999.000
202608062354,   6.939,   7.219,9999.000,9999.000,9999.000,9999.000,9999.000,9999.000,9999.000
202608070000,   6.768,   7.048,   0.400,  -0.120,   7.048,   0.400,   7.048,   0.400,   7.048
202608070006,   6.591,   6.868,9999.000,9999.000,9999.000,9999.000,9999.000,9999.000,9999.000
202608070012,   6.409,   6.687,9999.000,9999.000,9999.000,9999.000,9999.000,9999.000,9999.000
202608070018,   6.223,   6.477,9999.000,9999.000,9999.000,9999.000,9999.000,9999.000,9999.000
202608070024,   6.033,   6.297,9999.000,9999.000,9999.000,9999.000,9999.000,9999.000,9999.000
202608070030,   5.839,   6.058,9999.000,9999.000,9999.000,9999.000,9999.000,9999.000,9999.000
202608070036,   5.641,   5.858,9999.000,9999.000,9999.000,9999.000,9999.000,9999.000,9999.000
202608070042,   5.441,   5.628,9999.000,9999.000,9999.000,9999.000,9999.000,9999.000,9999.000
202608070048,   5.239,   5.408,9999.000,9999.000,9999.000,9999.000,9999.000,9999.000,9999.000
202608070054,   5.034,   5.188,9999.000,9999.000,9999.000,9999.000,9999.000,9999.000,9999.000
202608070100,   4.829,   4.988,   0.400,  -0.241,   4.988,   0.400,   4.988,   0.400,   4.988
202608070106,   4.622,   4.808,9999.000,9999.000,9999.000,9999.000,9999.000,9999.000,9999.000
202608070112,   4.415,   4.588,9999.000,9999.000,9999.000,9999.000,9999.000,9999.000,9999.000
202608070118,   4.209,   4.408,9999.000,9999.000,9999.000,9999.000,9999.000,9999.000,9999.000
202608070124,   4.003,   4.218,9999.000,9999.000,9999.000,9999.000,9999.000,9999.000,9999.000
202608070130,   3.798,   4.027,9999.000,9999.000,9999.000,9999.000,9999.000,9999.000,9999.000
202608070136,   3.596,   3.827,9999.000,9999.000,9999.000,9999.000,9999.000,9999.000,9999.000
202608070142,   3.395,   3.617,9999.000,9999.000,9999.000,9999.000,9999.000,9999.000,9999.000
202608070148,   3.198,   3.398,9999.000,9999.000,9999.000,9999.000,9999.000,9999.000,9999.000
202608070154,   3.004,   3.207,9999.000,9999.000,9999.000,9999.000,9999.000,9999.000,9999.000
202608070200,   2.814,   3.017,   0.400,  -0.197,   3.017,   0.400,   3.017,   0.400,   3.017
202608070206,   2.629,   2.860,9999.000,9999.000,9999.000,9999.000,9999.000,9999.000,9999.000
202608070212,   2.449,   2.650,9999.000,9999.000,9999.000,9999.000,9999.000,9999.000,9999.000
202608070218,   2.274,   2.499,9999.000,9999.000,9999.000,9999.000,9999.000,9999.000,9999.000
202608070224,   2.105,   2.299,9999.000,9999.000,9999.000,9999.000,9999.000,9999.000,9999.000
202608070230,   1.943,   2.118,9999.000,9999.000,9999.000,9999.000,9999.000,9999.000,9999.000
202608070236,   1.788,   2.020,9999.000,9999.000,9999.000,9999.000,9999.000,9999.000,9999.000
202608070242,   1.640,   1.879,9999.000,9999.000,9999.000,9999.000,9999.000,9999.000,9999.000
202608070248,   1.499,   1.718,9999.000,9999.000,9999.000,9999.000,9999.000,9999.000,9999.000
202608070254,   1.367,   1.610,9999.000,9999.000,9999.000,9999.000,9999.000,9999.000,9999.000
202608070300,   1.243,   1.459,   0.400,  -0.184,   1.459,   0.400,   1.459,   0.400,   1.459
202608070306,   1.128,   1.338,9999.000,9999.000,9999.000,9999.000,9999.000,9999.000,9999.000
202608070312,   1.021,   1.239,9999.000,9999.000,9999.000,9999.000,9999.000,9999.000,9999.000
202608070318,   0.924,   1.138,9999.000,9999.000,9999.000,9999.000,9999.000,9999.000,9999.000
202608070324,   0.836,   1.049,9999.000,9999.000,9999.000,9999.000,9999.000,9999.000,9999.000
202608070330,   0.758,   0.990,9999.000,9999.000,9999.000,9999.000,9999.000,9999.000,9999.000
202608070336,   0.690,   0.928,9999.000,9999.000,9999.000,9999.000,9999.000,9999.000,9999.000
202608070342,   0.631,   0.859,9999.000,9999.000,9999.000,9999.000,9999.000,9999.000,9999.000
202608070348,   0.583,   0.819,9999.000,9999.000,9999.000,9999.000,9999.000,9999.000,9999.000
202608070354,   0.544,   0.810,9999.000,9999.000,9999.000,9999.000,9999.000,9999.000,9999.000
202608070400,   0.516,   0.770,   0.400,  -0.146,   0.770,   0.400,   0.770,   0.400,   0.770
202608070406,   0.498,   0.731,9999.000,9999.000,9999.000,9999.000,9999.000,9999.000,9999.000
202608070412,   0.490,   0.698,9999.000,9999.000,9999.000,9999.000,9999.000,9999.000,9999.000
202608070418,   0.492,   0.698,9999.000,9999.000,9999.000,9999.000,9999.000,9999.000,9999.000
202608070424,   0.504,   0.708,9999.000,9999.000,9999.000,9999.000,9999.000,9999.000,9999.000
202608070430,   0.525,   0.731,9999.000,9999.000,9999.000,9999.000,9999.000,9999.000,9999.000
202608070436,   0.557,   0.770,9999.000,9999.000,9999.000,9999.000,9999.000,9999.000,9999.000
202608070442,   0.598,   0.829,9999.000,9999.000,9999.000,9999.000,9999.000,9999.000,9999.000
202608070448,   0.649,   0.849,9999.000,9999.000,9999.000,9999.000,9999.000,9999.000,9999.000
202608070454,   0.709,   0.888,9999.000,9999.000,9999.000,9999.000,9999.000,9999.000,9999.000
202608070500,   0.778,   0.961,   0.400,  -0.217,   0.961,   0.400,   0.961,   0.400,   0.961
202608070506,   0.855,   1.049,9999.000,9999.000,9999.000,9999.000,9999.000,9999.000,9999.000
202608070512,   0.941,   1.151,9999.000,9999.000,9999.000,9999.000,9999.000,9999.000,9999.000
202608070518,   1.036,   1.220,9999.000,9999.000,9999.000,9999.000,9999.000,9999.000,9999.000
202608070524,   1.138,   1.318,9999.000,9999.000,9999.000,9999.000,9999.000,9999.000,9999.000
202608070530,   1.247,   1.449,9999.000,9999.000,9999.000,9999.000,9999.000,9999.000,9999.000
202608070536,   1.364,   1.548,9999.000,9999.000,9999.000,9999.000,9999.000,9999.000,9999.000
202608070542,   1.487,   1.679,9999.000,9999.000,9999.000,9999.000,9999.000,9999.000,9999.000
202608070548,   1.617,   1.800,9999.000,9999.000,9999.000,9999.000,9999.000,9999.000,9999.000
202608070554,   1.752,   1.928,9999.000,9999.000,9999.000,9999.000,9999.000,9999.000,9999.000
202608070600,   1.894,   2.089,   0.400,  -0.205,   2.089,   0.400,   2.089,   0.400,   2.089
202608070606,   2.040,   2.220,9999.000,9999.000,9999.000,9999.000,9999.000,9999.000,9999.000
202608070612,   2.191,   2.368,9999.000,9999.000,9999.000,9999.000,9999.000,9999.000,9999.000
202608070618,   2.347,   2.499,9999.000,9999.000,9999.000,9999.000,9999.000,9999.000,9999.000
202608070624,   2.507,   2.660,9999.000,9999.000,9999.000,9999.000,9999.000,9999.000,9999.000
202608070630,   2.670,   2.830,9999.000,9999.000,9999.000,9999.000,9999.000,9999.000,9999.000
202608070636,   2.836,   3.007,9999.000,9999.000,9999.000,9999.000,9999.000,9999.000,9999.000
202608070642,   3.005,   3.188,9999.000,9999.000,9999.000,9999.000,9999.000,9999.000,9999.000
202608070648,   3.176,   3.368,9999.000,9999.000,9999.000,9999.000,9999.000,9999.000,9999.000
202608070654,   3.349,   3.529,9999.000,9999.000,9999.000,9999.000,9999.000,9999.000,9999.000
202608070700,   3.523,   3.699,   0.400,  -0.224,   3.699,   0.300,   3.599,   0.400,   3.699
202608070706,   3.698,   3.880,9999.000,9999.000,9999.000,9999.000,9999.000,9999.000,9999.000
202608070712,   3.874,   4.047,9999.000,9999.000,9999.000,9999.000,9999.000,9999.000,9999.000
202608070718,   4.050,   4.247,9999.000,9999.000,9999.000,9999.000,9999.000,9999.000,9999.000
202608070724,   4.226,   4.418,9999.000,9999.000,9999.000,9999.000,9999.000,9999.000,9999.000
202608070730,   4.401,   4.598,9999.000,9999.000,9999.000,9999.000,9999.000,9999.000,9999.000
202608070736,   4.575,   4.788,9999.000,9999.000,9999.000,9999.000,9999.000,9999.000,9999.000
202608070742,   4.747,   4.969,9999.000,9999.000,9999.000,9999.000,9999.000,9999.000,9999.000
202608070748,   4.918,   5.139,9999.000,9999.000,9999.000,9999.000,9999.000,9999.000,9999.000
202608070754,   5.086,   5.307,9999.000,9999.000,9999.000,9999.000,9999.000,9999.000,9999.000
202608070800,   5.251,   5.438,   0.400,  -0.213,   5.438,   0.300,   5.338,   0.400,   5.438
202608070806,   5.413,   5.608,9999.000,9999.000,9999.000,9999.000,9999.000,9999.000,9999.000
202608070812,   5.572,   5.789,9999.000,9999.000,9999.000,9999.000,9999.000,9999.000,9999.000
202608070818,   5.726,   5.969,9999.000,9999.000,9999.000,9999.000,9999.000,9999.000,9999.000
202608070824,   5.876,   6.127,9999.000,9999.000,9999.000,9999.000,9999.000,9999.000,9999.000
202608070830,   6.022,   6.287,9999.000,9999.000,9999.000,9999.000,9999.000,9999.000,9999.000
202608070836,   6.162,   6.428,9999.000,9999.000,9999.000,9999.000,9999.000,9999.000,9999.000
202608070842,   6.297,   6.546,9999.000,9999.000,9999.000,9999.000,9999.000,9999.000,9999.000
202608070848,   6.425,   6.687,9999.000,9999.000,9999.000,9999.000,9999.000,9999.000,9999.000
202608070854,   6.548,   6.848,9999.000,9999.000,9999.000,9999.000,9999.000,9999.000,9999.000
202608070900,   6.664,   6.956,   0.400,  -0.108,   6.956,   0.400,   6.956,   0.400,   6.956
202608070906,   6.774,   7.068,9999.000,9999.000,9999.000,9999.000,9999.000,9999.000,9999.000
202608070912,   6.876,   7.199,9999.000,9999.000,9999.000,9999.000,9999.000,9999.000,9999.000
202608070918,   6.971,   7.278,9999.000,9999.000,9999.000,9999.000,9999.000,9999.000,9999.000
202608070924,   7.059,   7.366,9999.000,9999.000,9999.000,9999.000,9999.000,9999.000,9999.000
202608070930,   7.139,   7.439,9999.000,9999.000,9999.000,9999.000,9999.000,9999.000,9999.000
202608070936,   7.210,   7.488,9999.000,9999.000,9999.000,9999.000,9999.000,9999.000,9999.000
202608070942,   7.274,   7.547,9999.000,9999.000,9999.000,9999.000,9999.000,9999.000,9999.000
202608070948,   7.330,   7.619,9999.000,9999.000,9999.000,9999.000,9999.000,9999.000,9999.000
202608070954,   7.378,   7.668,9999.000,9999.000,9999.000,9999.000,9999.000,9999.000,9999.000
202608071000,   7.417,   7.717,   0.400,  -0.100,   7.717,   0.400,   7.717,   0.400,   7.717
202608071006,   7.448,   7.747,9999.000,9999.000,9999.000,9999.000,9999.000,9999.000,9999.000
202608071012,   7.470,   7.786,9999.000,9999.000,9999.000,9999.000,9999.000,9999.000,9999.000
202608071018,   7.484,   7.796,9999.000,9999.000,9999.000,9999.000,9999.000,9999.000,9999.000
202608071024,   7.490,   7.796,9999.000,9999.000,9999.000,9999.000,9999.000,9999.000,9999.000
202608071030,   7.487,   7.806,9999.000,9999.000,9999.000,9999.000,9999.000,9999.000,9999.000
202608071036,   7.476,   7.819,9999.000,9999.000,9999.000,9999.000,9999.000,9999.000,9999.000
202608071042,   7.457,   7.786,9999.000,9999.000,9999.000,9999.000,9999.000,9999.000,9999.000
202608071048,   7.429,   7.767,9999.000,9999.000,9999.000,9999.000,9999.000,9999.000,9999.000
202608071054,   7.394,   7.727,9999.000,9999.000,9999.000,9999.000,9999.000,9999.000,9999.000
202608071100,   7.350,   7.668,   0.400,  -0.082,   7.668,   0.400,   7.668,   0.400,   7.668
202608071106,   7.299,   7.629,9999.000,9999.000,9999.000,9999.000,9999.000,9999.000,9999.000
202608071112,   7.240,   7.576,9999.000,9999.000,9999.000,9999.000,9999.000,9999.000,9999.000
202608071118,   7.173,   7.507,9999.000,9999.000,9999.000,9999.000,9999.000,9999.000,9999.000
202608071124,   7.099,   7.448,9999.000,9999.000,9999.000,9999.000,9999.000,9999.000,9999.000
202608071130,   7.018,   7.357,9999.000,9999.000,9999.000,9999.000,9999.000,9999.000,9999.000
202608071136,   6.929,   7.258,9999.000,9999.000,9999.000,9999.000,9999.000,9999.000,9999.000
202608071142,   6.833,   7.156,9999.000,9999.000,9999.000,9999.000,9999.000,9999.000,9999.000
202608071148,   6.731,   7.058,9999.000,9999.000,9999.000,9999.000,9999.000,9999.000,9999.000
202608071154,   6.622,   6.937,9999.000,9999.000,9999.000,9999.000,9999.000,9999.000,9999.000
202608071200,   6.507,   6.838,   0.400,  -0.069,   6.838,   0.400,   6.838,   0.400,   6.838
202608071206,   6.385,   6.727,9999.000,9999.000,9999.000,9999.000,9999.000,9999.000,9999.000
202608071212,   6.257,   6.609,9999.000,9999.000,9999.000,9999.000,9999.000,9999.000,9999.000
202608071218,   6.124,   6.497,9999.000,9999.000,9999.000,9999.000,9999.000,9999.000,9999.000
202608071224,   5.985,   6.346,9999.000,9999.000,9999.000,9999.000,9999.000,9999.000,9999.000
202608071230,   5.841,   6.199,9999.000,9999.000,9999.000,9999.000,9999.000,9999.000,9999.000
202608071236,   5.693,   6.048,9999.000,9999.000,9999.000,9999.000,9999.000,9999.000,9999.000
202608071242,   5.539,   5.897,9999.000,9999.000,9999.000,9999.000,9999.000,9999.000,9999.000
202608071248,   5.382,   5.739,9999.000,9999.000,9999.000,9999.000,9999.000,9999.000,9999.000
202608071254,   5.220,   5.559,9999.000,9999.000,9999.000,9999.000,9999.000,9999.000,9999.000
202608071300,   5.056,   5.389,   0.400,  -0.067,   5.389,   0.400,   5.389,   0.400,   5.389
202608071306,   4.888,   5.198,9999.000,9999.000,9999.000,9999.000,9999.000,9999.000,9999.000
202608071312,   4.718,   4.969,9999.000,9999.000,9999.000,9999.000,9999.000,9999.000,9999.000
202608071318,   4.545,   4.749,9999.000,9999.000,9999.000,9999.000,9999.000,9999.000,9999.000
202608071324,   4.371,   4.559,9999.000,9999.000,9999.000,9999.000,9999.000,9999.000,9999.000
202608071330,   4.196,   4.368,9999.000,9999.000,9999.000,9999.000,9999.000,9999.000,9999.000
202608071336,   4.021,   4.168,9999.000,9999.000,9999.000,9999.000,9999.000,9999.000,9999.000
202608071342,   3.845,   4.027,9999.000,9999.000,9999.000,9999.000,9999.000,9999.000,9999.000
202608071348,   3.670,   3.827,9999.000,9999.000,9999.000,9999.000,9999.000,9999.000,9999.000
202608071354,   3.496,   3.670,9999.000,9999.000,9999.000,9999.000,9999.000,9999.000,9999.000
202608071400,   3.323,   3.499,   0.400,  -0.224,   3.499,   0.400,   3.499,   0.400,   3.499
202608071406,   3.153,   3.329,9999.000,9999.000,9999.000,9999.000,9999.000,9999.000,9999.000
202608071412,   2.985,   3.148,9999.000,9999.000,9999.000,9999.000,9999.000,9999.000,9999.000
202608071418,   2.821,   2.978,9999.000,9999.000,9999.000,9999.000,9999.000,9999.000,9999.000
202608071424,   2.660,   2.820,9999.000,9999.000,9999.000,9999.000,9999.000,9999.000,9999.000
202608071430,   2.503,   2.660,9999.000,9999.000,9999.000,9999.000,9999.000,9999.000,9999.000
202608071436,   2.352,   2.548,9999.000,9999.000,9999.000,9999.000,9999.000,9999.000,9999.000
202608071442,   2.206,   2.420,9999.000,9999.000,9999.000,9999.000,9999.000,9999.000,9999.000
202608071448,   2.065,   2.240,9999.000,9999.000,9999.000,9999.000,9999.000,9999.000,9999.000
202608071454,   1.931,   2.099,9999.000,9999.000,9999.000,9999.000,9999.000,9999.000,9999.000
202608071500,   1.803,   1.948,   0.400,  -0.255,   1.948,   0.400,   1.948,   0.500,   2.048
202608071506,   1.683,   1.810,9999.000,9999.000,9999.000,9999.000,9999.000,9999.000,9999.000
202608071512,   1.570,   1.699,9999.000,9999.000,9999.000,9999.000,9999.000,9999.000,9999.000
202608071518,   1.466,   1.610,9999.000,9999.000,9999.000,9999.000,9999.000,9999.000,9999.000
202608071524,   1.369,   1.518,9999.000,9999.000,9999.000,9999.000,9999.000,9999.000,9999.000
202608071530,   1.281,   1.489,9999.000,9999.000,9999.000,9999.000,9999.000,9999.000,9999.000
202608071536,   1.202,   1.400,9999.000,9999.000,9999.000,9999.000,9999.000,9999.000,9999.000
202608071542,   1.132,   1.338,9999.000,9999.000,9999.000,9999.000,9999.000,9999.000,9999.000
202608071548,   1.071,   1.269,9999.000,9999.000,9999.000,9999.000,9999.000,9999.000,9999.000
202608071554,   1.020,   1.229,9999.000,9999.000,9999.000,9999.000,9999.000,9999.000,9999.000
202608071600,   0.979,   1.190,   0.400,  -0.189,   1.190,   0.400,   1.190,   0.500,   1.290
202608071606,   0.948,   1.138,9999.000,9999.000,9999.000,9999.000,9999.000,9999.000,9999.000
202608071612,   0.926,   1.138,9999.000,9999.000,9999.000,9999.000,9999.000,9999.000,9999.000
202608071618,   0.915,   1.128,9999.000,9999.000,9999.000,9999.000,9999.000,9999.000,9999.000
202608071624,   0.913,   1.138,9999.000,9999.000,9999.000,9999.000,9999.000,9999.000,9999.000
202608071630,   0.922,   1.161,9999.000,9999.000,9999.000,9999.000,9999.000,9999.000,9999.000
202608071636,   0.941,   1.180,9999.000,9999.000,9999.000,9999.000,9999.000,9999.000,9999.000
202608071642,   0.970,   1.210,9999.000,9999.000,9999.000,9999.000,9999.000,9999.000,9999.000
202608071648,   1.008,   1.229,9999.000,9999.000,9999.000,9999.000,9999.000,9999.000,9999.000
202608071654,   1.057,   1.279,9999.000,9999.000,9999.000,9999.000,9999.000,9999.000,9999.000
202608071700,   1.116,   1.371,   0.500,  -0.245,   1.371,   0.400,   1.271,   0.500,   1.371
202608071706,   1.183,   1.469,9999.000,9999.000,9999.000,9999.000,9999.000,9999.000,9999.000
202608071712,   1.261,   1.557,9999.000,9999.000,9999.000,9999.000,9999.000,9999.000,9999.000
202608071718,   1.347,   1.669,9999.000,9999.000,9999.000,9999.000,9999.000,9999.000,9999.000
202608071724,   1.443,   1.758,9999.000,9999.000,9999.000,9999.000,9999.000,9999.000,9999.000
202608071730,   1.547,   1.849,9999.000,9999.000,9999.000,9999.000,9999.000,9999.000,9999.000
202608071736,   1.659,   1.948,9999.000,9999.000,9999.000,9999.000,9999.000,9999.000,9999.000
202608071742,   1.779,   2.118,9999.000,9999.000,9999.000,9999.000,9999.000,9999.000,9999.000
202608071748,   1.907,   2.289,9999.000,9999.000,9999.000,9999.000,9999.000,9999.000,9999.000
202608071754,   2.042,   2.420,9999.000,9999.000,9999.000,9999.000,9999.000,9999.000,9999.000
202608071800,   2.185,   2.587,   0.500,  -0.098,   2.587,   0.400,   2.487,   0.500,   2.587
202608071806,   2.334,   2.699,9999.000,9999.000,9999.000,9999.000,9999.000,9999.000,9999.000
202608071812,   2.489,   2.840,9999.000,9999.000,9999.000,9999.000,9999.000,9999.000,9999.000
202608071818,   2.650,   2.958,9999.000,9999.000,9999.000,9999.000,9999.000,9999.000,9999.000
202608071824,   2.816,   3.119,9999.000,9999.000,9999.000,9999.000,9999.000,9999.000,9999.000
202608071830,   2.987,   3.279,9999.000,9999.000,9999.000,9999.000,9999.000,9999.000,9999.000
202608071836,   3.163,   3.470,9999.000,9999.000,9999.000,9999.000,9999.000,9999.000,9999.000
202608071842,   3.343,   3.660,9999.000,9999.000,9999.000,9999.000,9999.000,9999.000,9999.000
202608071848,   3.526,   3.860,9999.000,9999.000,9999.000,9999.000,9999.000,9999.000,9999.000
202608071854,   3.713,   4.047,9999.000,9999.000,9999.000,9999.000,9999.000,9999.000,9999.000
202608071900,   3.903,   4.247,   0.500,  -0.156,   4.247,   0.400,   4.147,   0.500,   4.247
202608071906,   4.094,   4.457,9999.000,9999.000,9999.000,9999.000,9999.000,9999.000,9999.000
202608071912,   4.288,   4.637,9999.000,9999.000,9999.000,9999.000,9999.000,9999.000,9999.000
202608071918,   4.483,   4.818,9999.000,9999.000,9999.000,9999.000,9999.000,9999.000,9999.000
202608071924,   4.679,   4.998,9999.000,9999.000,9999.000,9999.000,9999.000,9999.000,9999.000
202608071930,   4.876,   5.218,9999.000,9999.000,9999.000,9999.000,9999.000,9999.000,9999.000
202608071936,   5.072,   5.418,9999.000,9999.000,9999.000,9999.000,9999.000,9999.000,9999.000
202608071942,   5.269,   5.618,9999.000,9999.000,9999.000,9999.000,9999.000,9999.000,9999.000
202608071948,   5.464,   5.789,9999.000,9999.000,9999.000,9999.000,9999.000,9999.000,9999.000
202608071954,   5.658,   5.949,9999.000,9999.000,9999.000,9999.000,9999.000,9999.000,9999.000
202608072000,   5.851,   6.107,   0.500,  -0.244,   6.107,   0.500,   6.107,   0.500,   6.107
202608072006,   6.041,   6.307,9999.000,9999.000,9999.000,9999.000,9999.000,9999.000,9999.000
202608072012,   6.229,   6.487,9999.000,9999.000,9999.000,9999.000,9999.000,9999.000,9999.000
202608072018,   6.413,   6.678,9999.000,9999.000,9999.000,9999.000,9999.000,9999.000,9999.000
202608072024,   6.595,   6.868,9999.000,9999.000,9999.000,9999.000,9999.000,9999.000,9999.000
202608072030,   6.772,   7.038,9999.000,9999.000,9999.000,9999.000,9999.000,9999.000,9999.000
202608072036,   6.945,   7.219,9999.000,9999.000,9999.000,9999.000,9999.000,9999.000,9999.000
202608072042,   7.113,   7.399,9999.000,9999.000,9999.000,9999.000,9999.000,9999.000,9999.000
202608072048,   7.276,   7.547,9999.000,9999.000,9999.000,9999.000,9999.000,9999.000,9999.000
202608072054,   7.433,   7.717,9999.000,9999.000,9999.000,9999.000,9999.000,9999.000,9999.000
202608072100,   7.584,   7.868,   0.500,  -0.216,   7.868,   0.500,   7.868,   0.500,   7.868
202608072106,   7.729,   8.016,9999.000,9999.000,9999.000,9999.000,9999.000,9999.000,9999.000
202608072112,   7.868,   8.147,9999.000,9999.000,9999.000,9999.000,9999.000,9999.000,9999.000
202608072118,   7.999,   8.288,9999.000,9999.000,9999.000,9999.000,9999.000,9999.000,9999.000
202608072124,   8.123,   8.386,9999.000,9999.000,9999.000,9999.000,9999.000,9999.000,9999.000
202608072130,   8.239,   8.518,9999.000,9999.000,9999.000,9999.000,9999.000,9999.000,9999.000
202608072136,   8.348,   8.626,9999.000,9999.000,9999.000,9999.000,9999.000,9999.000,9999.000
202608072142,   8.448,   8.708,9999.000,9999.000,9999.000,9999.000,9999.000,9999.000,9999.000
202608072148,   8.540,   8.816,9999.000,9999.000,9999.000,9999.000,9999.000,9999.000,9999.000
202608072154,   8.623,   8.898,9999.000,9999.000,9999.000,9999.000,9999.000,9999.000,9999.000
202608072200,   8.698,   8.967,   0.500,  -0.231,   8.967,   0.500,   8.967,   0.500,   8.967
202608072206,   8.763,   9.046,9999.000,9999.000,9999.000,9999.000,9999.000,9999.000,9999.000
202608072212,   8.820,   9.088,9999.000,9999.000,9999.000,9999.000,9999.000,9999.000,9999.000
202608072218,   8.868,   9.147,9999.000,9999.000,9999.000,9999.000,9999.000,9999.000,9999.000
202608072224,   8.906,   9.177,9999.000,9999.000,9999.000,9999.000,9999.000,9999.000,9999.000
202608072230,   8.935,   9.226,9999.000,9999.000,9999.000,9999.000,9999.000,9999.000,9999.000
202608072236,   8.955,   9.226,9999.000,9999.000,9999.000,9999.000,9999.000,9999.000,9999.000
202608072242,   8.966,   9.256,9999.000,9999.000,9999.000,9999.000,9999.000,9999.000,9999.000
202608072248,   8.968,   9.288,9999.000,9999.000,9999.000,9999.000,9999.000,9999.000,9999.000
202608072254,   8.961,   9.288,9999.000,9999.000,9999.000,9999.000,9999.000,9999.000,9999.000
202608072300,   8.944,   9.279,   0.500,  -0.165,   9.279,   0.500,   9.279,   0.500,   9.279
202608072306,   8.919,   9.236,9999.000,9999.000,9999.000,9999.000,9999.000,9999.000,9999.000
202608072312,   8.884,   9.197,9999.000,9999.000,9999.000,9999.000,9999.000,9999.000,9999.000
202608072318,   8.841,   9.157,9999.000,9999.000,9999.000,9999.000,9999.000,9999.000,9999.000
202608072324,   8.789,   9.088,9999.000,9999.000,9999.000,9999.000,9999.000,9999.000,9999.000
202608072330,   8.729,   9.016,9999.000,9999.000,9999.000,9999.000,9999.000,9999.000,9999.000
202608072336,   8.660,   8.977,9999.000,9999.000,9999.000,9999.000,9999.000,9999.000,9999.000
202608072342,   8.583,   8.928,9999.000,9999.000,9999.000,9999.000,9999.000,9999.000,9999.000
202608072348,   8.498,   8.836,9999.000,9999.000,9999.000,9999.000,9999.000,9999.000,9999.000
202608072354,   8.404,   8.718,9999.000,9999.000,9999.000,9999.000,9999.000,9999.000,9999.000
202608080000,   8.303,   8.626,   0.400,  -0.077,   8.626,   0.400,   8.626,   0.500,   8.726
202608080006,   8.194,   8.488,9999.000,9999.000,9999.000,9999.000,9999.000,9999.000,9999.000
202608080012,   8.077,   8.337,9999.000,9999.000,9999.000,9999.000,9999.000,9999.000,9999.000
202608080018,   7.953,   8.206,9999.000,9999.000,9999.000,9999.000,9999.000,9999.000,9999.000
202608080024,   7.822,   8.098,9999.000,9999.000,9999.000,9999.000,9999.000,9999.000,9999.000
202608080030,   7.683,   7.967,9999.000,9999.000,9999.000,9999.000,9999.000,9999.000,9999.000
202608080036,   7.538,   7.829,9999.000,9999.000,9999.000,9999.000,9999.000,9999.000,9999.000
202608080042,   7.386,   7.668,9999.000,9999.000,9999.000,9999.000,9999.000,9999.000,9999.000
202608080048,   7.228,   7.498,9999.000,9999.000,9999.000,9999.000,9999.000,9999.000,9999.000
202608080054,   7.064,   7.337,9999.000,9999.000,9999.000,9999.000,9999.000,9999.000,9999.000
202608080100,   6.894,   7.166,   0.500,  -0.228,   7.166,   0.400,   7.066,   0.500,   7.166
202608080106,   6.718,   6.999,9999.000,9999.000,9999.000,9999.000,9999.000,9999.000,9999.000
202608080112,   6.538,   6.819,9999.000,9999.000,9999.000,9999.000,9999.000,9999.000,9999.000
202608080118,   6.352,   6.638,9999.000,9999.000,9999.000,9999.000,9999.000,9999.000,9999.000
202608080124,   6.162,   6.428,9999.000,9999.000,9999.000,9999.000,9999.000,9999.000,9999.000
202608080130,   5.968,   6.189,9999.000,9999.000,9999.000,9999.000,9999.000,9999.000,9999.000
202608080136,   5.771,   5.979,9999.000,9999.000,9999.000,9999.000,9999.000,9999.000,9999.000
202608080142,   5.570,   5.749,9999.000,9999.000,9999.000,9999.000,9999.000,9999.000,9999.000
202608080148,   5.366,   5.539,9999.000,9999.000,9999.000,9999.000,9999.000,9999.000,9999.000
202608080154,   5.161,   5.339,9999.000,9999.000,9999.000,9999.000,9999.000,9999.000,9999.000
202608080200,   4.953,   5.129,   0.500,  -0.324,   5.129,   0.400,   5.029,   0.500,   5.129
202608080206,   4.745,   4.919,9999.000,9999.000,9999.000,9999.000,9999.000,9999.000,9999.000
202608080212,   4.535,   4.719,9999.000,9999.000,9999.000,9999.000,9999.000,9999.000,9999.000
202608080218,   4.326,   4.509,9999.000,9999.000,9999.000,9999.000,9999.000,9999.000,9999.000
202608080224,   4.117,   4.309,9999.000,9999.000,9999.000,9999.000,9999.000,9999.000,9999.000
202608080230,   3.909,   4.099,9999.000,9999.000,9999.000,9999.000,9999.000,9999.000,9999.000
202608080236,   3.703,   3.880,9999.000,9999.000,9999.000,9999.000,9999.000,9999.000,9999.000
202608080242,   3.499,   3.670,9999.000,9999.000,9999.000,9999.000,9999.000,9999.000,9999.000
202608080248,   3.297,   3.509,9999.000,9999.000,9999.000,9999.000,9999.000,9999.000,9999.000
202608080254,   3.099,   3.329,9999.000,9999.000,9999.000,9999.000,9999.000,9999.000,9999.000
202608080300,   2.904,   3.079,   0.500,  -0.325,   3.079,   0.400,   2.979,   0.500,   3.079
202608080306,   2.714,   2.889,9999.000,9999.000,9999.000,9999.000,9999.000,9999.000,9999.000
202608080312,   2.528,   2.679,9999.000,9999.000,9999.000,9999.000,9999.000,9999.000,9999.000
202608080318,   2.348,   2.538,9999.000,9999.000,9999.000,9999.000,9999.000,9999.000,9999.000
202608080324,   2.173,   2.338,9999.000,9999.000,9999.000,9999.000,9999.000,9999.000,9999.000
202608080330,   2.005,   2.148,9999.000,9999.000,9999.000,9999.000,9999.000,9999.000,9999.000
202608080336,   1.843,   2.020,9999.000,9999.000,9999.000,9999.000,9999.000,9999.000,9999.000
202608080342,   1.689,   1.869,9999.000,9999.000,9999.000,9999.000,9999.000,9999.000,9999.000
202608080348,   1.541,   1.689,9999.000,9999.000,9999.000,9999.000,9999.000,9999.000,9999.000
202608080354,   1.402,   1.600,9999.000,9999.000,9999.000,9999.000,9999.000,9999.000,9999.000
202608080400,   1.271,   1.449,   0.400,  -0.222,   1.449,   0.400,   1.449,   0.500,   1.549
202608080406,   1.148,   1.338,9999.000,9999.000,9999.000,9999.000,9999.000,9999.000,9999.000
202608080412,   1.034,   1.229,9999.000,9999.000,9999.000,9999.000,9999.000,9999.000,9999.000
202608080418,   0.929,   1.108,9999.000,9999.000,9999.000,9999.000,9999.000,9999.000,9999.000
202608080424,   0.833,   1.049,9999.000,9999.000,9999.000,9999.000,9999.000,9999.000,9999.000
202608080430,   0.746,   0.951,9999.000,9999.000,9999.000,9999.000,9999.000,9999.000,9999.000
202608080436,   0.669,   0.859,9999.000,9999.000,9999.000,9999.000,9999.000,9999.000,9999.000
202608080442,   0.602,   0.810,9999.000,9999.000,9999.000,9999.000,9999.000,9999.000,9999.000
202608080448,   0.544,   0.741,9999.000,9999.000,9999.000,9999.000,9999.000,9999.000,9999.000
202608080454,   0.497,   0.669,9999.000,9999.000,9999.000,9999.000,9999.000,9999.000,9999.000
202608080500,   0.459,   0.619,   0.400,  -0.240,   0.619,   0.400,   0.619,   0.500,   0.719
202608080506,   0.431,   0.590,9999.000,9999.000,9999.000,9999.000,9999.000,9999.000,9999.000
202608080512,   0.414,   0.600,9999.000,9999.000,9999.000,9999.000,9999.000,9999.000,9999.000
202608080518,   0.406,   0.610,9999.000,9999.000,9999.000,9999.000,9999.000,9999.000,9999.000
202608080524,   0.408,   0.590,9999.000,9999.000,9999.000,9999.000,9999.000,9999.000,9999.000
202608080530,   0.420,   0.590,9999.000,9999.000,9999.000,9999.000,9999.000,9999.000,9999.000
202608080536,   0.441,   0.570,9999.000,9999.000,9999.000,9999.000,9999.000,9999.000,9999.000
202608080542,   0.473,   0.600,9999.000,9999.000,9999.000,9999.000,9999.000,9999.000,9999.000
202608080548,   0.513,   0.659,9999.000,9999.000,9999.000,9999.000,9999.000,9999.000,9999.000
202608080554,   0.563,   0.698,9999.000,9999.000,9999.000,9999.000,9999.000,9999.000,9999.000
202608080600,   0.622,   0.780,   0.400,  -0.242,   0.780,   0.400,   0.780,   0.400,   0.780
202608080606,   0.690,   0.800,9999.000,9999.000,9999.000,9999.000,9999.000,9999.000,9999.000
202608080612,   0.766,   0.879,9999.000,9999.000,9999.000,9999.000,9999.000,9999.000,9999.000
202608080618,   0.850,   0.961,9999.000,9999.000,9999.000,9999.000,9999.000,9999.000,9999.000
202608080624,   0.943,   1.039,9999.000,9999.000,9999.000,9999.000,9999.000,9999.000,9999.000
202608080630,   1.043,   1.190,9999.000,9999.000,9999.000,9999.000,9999.000,9999.000,9999.000
202608080636,   1.151,   1.338,9999.000,9999.000,9999.000,9999.000,9999.000,9999.000,9999.000
202608080642,   1.266,   1.479,9999.000,9999.000,9999.000,9999.000,9999.000,9999.000,9999.000
202608080648,   1.387,   1.630,9999.000,9999.000,9999.000,9999.000,9999.000,9999.000,9999.000
202608080654,   1.515,   1.790,9999.000,9999.000,9999.000,9999.000,9999.000,9999.000,9999.000
202608080700,   1.649,   1.918,   0.400,  -0.131,   1.918,   0.300,   1.818,   0.400,   1.918
202608080706,   1.789,   1.990,9999.000,9999.000,9999.000,9999.000,9999.000,9999.000,9999.000
202608080712,   1.934,   2.069,9999.000,9999.000,9999.000,9999.000,9999.000,9999.000,9999.000
202608080718,   2.084,   2.177,9999.000,9999.000,9999.000,9999.000,9999.000,9999.000,9999.000
202608080724,   2.238,   2.377,9999.000,9999.000,9999.000,9999.000,9999.000,9999.000,9999.000
202608080730,   2.396,   2.597,9999.000,9999.000,9999.000,9999.000,9999.000,9999.000,9999.000
202608080736,   2.559,   2.738,9999.000,9999.000,9999.000,9999.000,9999.000,9999.000,9999.000
202608080742,   2.724,   2.889,9999.000,9999.000,9999.000,9999.000,9999.000,9999.000,9999.000
202608080748,   2.892,   3.060,9999.000,9999.000,9999.000,9999.000,9999.000,9999.000,9999.000
202608080754,   3.063,   3.260,9999.000,9999.000,9999.000,9999.000,9999.000,9999.000,9999.000
202608080800,   3.236,   3.450,   0.400,  -0.186,   3.450,   0.400,   3.450,   0.400,   3.450
202608080806,   3.411,   3.617,9999.000,9999.000,9999.000,9999.000,9999.000,9999.000,9999.000
202608080812,   3.586,   3.847,9999.000,9999.000,9999.000,9999.000,9999.000,9999.000,9999.000
202608080818,   3.763,   4.037,9999.000,9999.000,9999.000,9999.000,9999.000,9999.000,9999.000
202608080824,   3.939,   4.208,9999.000,9999.000,9999.000,9999.000,9999.000,9999.000,9999.000
202608080830,   4.116,   4.388,9999.000,9999.000,9999.000,9999.000,9999.000,9999.000,9999.000
202608080836,   4.292,   4.608,9999.000,9999.000,9999.000,9999.000,9999.000,9999.000,9999.000
202608080842,   4.467,   4.818,9999.000,9999.000,9999.000,9999.000,9999.000,9999.000,9999.000
202608080848,   4.640,   4.979,9999.000,9999.000,9999.000,9999.000,9999.000,9999.000,9999.000
202608080854,   4.812,   5.149,9999.000,9999.000,9999.000,9999.000,9999.000,9999.000,9999.000
202608080900,   4.981,   5.329,   0.400,  -0.052,   5.329,   0.400,   5.329,   0.400,   5.329
202608080906,   5.147,   5.487,9999.000,9999.000,9999.000,9999.000,9999.000,9999.000,9999.000
202608080912,   5.310,   5.667,9999.000,9999.000,9999.000,9999.000,9999.000,9999.000,9999.000
202608080918,   5.469,   5.838,9999.000,9999.000,9999.000,9999.000,9999.000,9999.000,9999.000
202608080924,   5.624,   5.989,9999.000,9999.000,9999.000,9999.000,9999.000,9999.000,9999.000
202608080930,   5.775,   6.136,9999.000,9999.000,9999.000,9999.000,9999.000,9999.000,9999.000
202608080936,   5.921,   6.287,9999.000,9999.000,9999.000,9999.000,9999.000,9999.000,9999.000
202608080942,   6.062,   6.438,9999.000,9999.000,9999.000,9999.000,9999.000,9999.000,9999.000
202608080948,   6.196,   6.569,9999.000,9999.000,9999.000,9999.000,9999.000,9999.000,9999.000
202608080954,   6.325,   6.687,9999.000,9999.000,9999.000,9999.000,9999.000,9999.000,9999.000
202608081000,   6.448,   6.799,   0.400,  -0.049,   6.799,   0.400,   6.799,   0.400,   6.799
202608081006,   6.564,   6.937,9999.000,9999.000,9999.000,9999.000,9999.000,9999.000,9999.000
202608081012,   6.674,   7.068,9999.000,9999.000,9999.000,9999.000,9999.000,9999.000,9999.000
202608081018,   6.776,   7.209,9999.000,9999.000,9999.000,9999.000,9999.000,9999.000,9999.000
202608081024,   6.871,   7.347,9999.000,9999.000,9999.000,9999.000,9999.000,9999.000,9999.000
202608081030,   6.959,   7.419,9999.000,9999.000,9999.000,9999.000,9999.000,9999.000,9999.000
202608081036,   7.039,   7.468,9999.000,9999.000,9999.000,9999.000,9999.000,9999.000,9999.000
202608081042,   7.111,   7.537,9999.000,9999.000,9999.000,9999.000,9999.000,9999.000,9999.000
202608081048,   7.176,   7.586,9999.000,9999.000,9999.000,9999.000,9999.000,9999.000,9999.000
202608081054,   7.232,   7.658,9999.000,9999.000,9999.000,9999.000,9999.000,9999.000,9999.000
202608081100,   7.280,   7.717,   0.400,   0.037,   7.717,   0.400,   7.717,   0.400,   7.717
202608081106,   7.321,   7.767,9999.000,9999.000,9999.000,9999.000,9999.000,9999.000,9999.000
202608081112,   7.353,   7.786,9999.000,9999.000,9999.000,9999.000,9999.000,9999.000,9999.000
202608081118,   7.377,   7.806,9999.000,9999.000,9999.000,9999.000,9999.000,9999.000,9999.000
202608081124,   7.393,   7.829,9999.000,9999.000,9999.000,9999.000,9999.000,9999.000,9999.000
202608081130,   7.401,   7.839,9999.000,9999.000,9999.000,9999.000,9999.000,9999.000,9999.000
202608081136,   7.401,   7.849,9999.000,9999.000,9999.000,9999.000,9999.000,9999.000,9999.000
202608081142,   7.393,   7.839,9999.000,9999.000,9999.000,9999.000,9999.000,9999.000,9999.000
202608081148,   7.377,   7.819,9999.000,9999.000,9999.000,9999.000,9999.000,9999.000,9999.000
202608081154,   7.353,   7.819,9999.000,9999.000,9999.000,9999.000,9999.000,9999.000,9999.000
202608081200,   7.321,   7.796,   0.400,   0.075,   7.796,   0.300,   7.696,   0.400,   7.796
202608081206,   7.281,   7.776,9999.000,9999.000,9999.000,9999.000,9999.000,9999.000,9999.000
202608081212,   7.233,   7.698,9999.000,9999.000,9999.000,9999.000,9999.000,9999.000,9999.000
202608081218,   7.178,   7.619,9999.000,9999.000,9999.000,9999.000,9999.000,9999.000,9999.000
202608081224,   7.116,   7.557,9999.000,9999.000,9999.000,9999.000,9999.000,9999.000,9999.000
202608081230,   7.045,   7.498,9999.000,9999.000,9999.000,9999.000,9999.000,9999.000,9999.000
202608081236,   6.968,   7.458,9999.000,9999.000,9999.000,9999.000,9999.000,9999.000,9999.000
202608081242,   6.883,   7.366,9999.000,9999.000,9999.000,9999.000,9999.000,9999.000,9999.000
202608081248,   6.791,   7.229,9999.000,9999.000,9999.000,9999.000,9999.000,9999.000,9999.000
202608081254,   6.692,   7.107,9999.000,9999.000,9999.000,9999.000,9999.000,9999.000,9999.000
202608081300,   6.586,   6.989,   0.400,   0.003,   6.989,   0.300,   6.889,   0.400,   6.989
202608081306,   6.474,   6.878,9999.000,9999.000,9999.000,9999.000,9999.000,9999.000,9999.000
202608081312,   6.355,   6.789,9999.000,9999.000,9999.000,9999.000,9999.000,9999.000,9999.000
202608081318,   6.230,   6.678,9999.000,9999.000,9999.000,9999.000,9999.000,9999.000,9999.000
202608081324,   6.099,   6.537,9999.000,9999.000,9999.000,9999.000,9999.000,9999.000,9999.000
202608081330,   5.962,   6.399,9999.000,9999.000,9999.000,9999.000,9999.000,9999.000,9999.000
202608081336,   5.820,   6.268,9999.000,9999.000,9999.000,9999.000,9999.000,9999.000,9999.000
202608081342,   5.673,   6.117,9999.000,9999.000,9999.000,9999.000,9999.000,9999.000,9999.000
202608081348,   5.521,   5.959,9999.000,9999.000,9999.000,9999.000,9999.000,9999.000,9999.000
202608081354,   5.364,   5.789,9999.000,9999.000,9999.000,9999.000,9999.000,9999.000,9999.000
202608081400,   5.204,   5.628,   0.400,   0.024,   5.628,   0.400,   5.628,   0.400,   5.628
202608081406,   5.040,   5.448,9999.000,9999.000,9999.000,9999.000,9999.000,9999.000,9999.000
202608081412,   4.873,   5.257,9999.000,9999.000,9999.000,9999.000,9999.000,9999.000,9999.000
202608081418,   4.704,   5.047,9999.000,9999.000,9999.000,9999.000,9999.000,9999.000,9999.000
202608081424,   4.532,   4.837,9999.000,9999.000,9999.000,9999.000,9999.000,9999.000,9999.000
202608081430,   4.359,   4.647,9999.000,9999.000,9999.000,9999.000,9999.000,9999.000,9999.000
202608081436,   4.184,   4.457,9999.000,9999.000,9999.000,9999.000,9999.000,9999.000,9999.000
202608081442,   4.010,   4.257,9999.000,9999.000,9999.000,9999.000,9999.000,9999.000,9999.000
202608081448,   3.835,   4.109,9999.000,9999.000,9999.000,9999.000,9999.000,9999.000,9999.000
202608081454,   3.661,   3.949,9999.000,9999.000,9999.000,9999.000,9999.000,9999.000,9999.000
202608081500,   3.488,   3.768,   0.400,  -0.120,   3.768,   0.400,   3.768,   0.400,   3.768
202608081506,   3.317,   3.558,9999.000,9999.000,9999.000,9999.000,9999.000,9999.000,9999.000
202608081512,   3.148,   3.398,9999.000,9999.000,9999.000,9999.000,9999.000,9999.000,9999.000
202608081518,   2.982,   3.260,9999.000,9999.000,9999.000,9999.000,9999.000,9999.000,9999.000
202608081524,   2.820,   3.089,9999.000,9999.000,9999.000,9999.000,9999.000,9999.000,9999.000
202608081530,   2.661,   2.938,9999.000,9999.000,9999.000,9999.000,9999.000,9999.000,9999.000
202608081536,   2.507,   2.758,9999.000,9999.000,9999.000,9999.000,9999.000,9999.000,9999.000
202608081542,   2.358,   2.610,9999.000,9999.000,9999.000,9999.000,9999.000,9999.000,9999.000
202608081548,   2.214,   2.489,9999.000,9999.000,9999.000,9999.000,9999.000,9999.000,9999.000
202608081554,   2.077,   2.269,9999.000,9999.000,9999.000,9999.000,9999.000,9999.000,9999.000
202608081600,   1.946,   2.138,   0.400,  -0.208,   2.138,   0.400,   2.138,   0.400,   2.138
202608081606,   1.821,   2.030,9999.000,9999.000,9999.000,9999.000,9999.000,9999.000,9999.000
202608081612,   1.704,   1.899,9999.000,9999.000,9999.000,9999.000,9999.000,9999.000,9999.000
202608081618,   1.595,   1.767,9999.000,9999.000,9999.000,9999.000,9999.000,9999.000,9999.000
202608081624,   1.493,   1.679,9999.000,9999.000,9999.000,9999.000,9999.000,9999.000,9999.000
202608081630,   1.400,   1.580,9999.000,9999.000,9999.000,9999.000,9999.000,9999.000,9999.000
202608081636,   1.315,   1.498,9999.000,9999.000,9999.000,9999.000,9999.000,9999.000,9999.000
202608081642,   1.240,   1.449,9999.000,9999.000,9999.000,9999.000,9999.000,9999.000,9999.000
202608081648,   1.173,   1.410,9999.000,9999.000,9999.000,9999.000,9999.000,9999.000,9999.000
202608081654,   1.115,   1.328,9999.000,9999.000,9999.000,9999.000,9999.000,9999.000,9999.000
202608081700,   1.067,   1.298,   0.400,  -0.169,   1.298,   0.400,   1.298,   0.400,   1.298
202608081706,   1.029,   1.269,9999.000,9999.000,9999.000,9999.000,9999.000,9999.000,9999.000
202608081712,   1.000,   1.259,9999.000,9999.000,9999.000,9999.000,9999.000,9999.000,9999.000
202608081718,   0.981,   1.249,9999.000,9999.000,9999.000,9999.000,9999.000,9999.000,9999.000
202608081724,   0.972,   1.289,9999.000,9999.000,9999.000,9999.000,9999.000,9999.000,9999.000
202608081730,   0.973,   1.259,9999.000,9999.000,9999.000,9999.000,9999.000,9999.000,9999.000
202608081736,   0.984,   1.269,9999.000,9999.000,9999.000,9999.000,9999.000,9999.000,9999.000
202608081742,   1.005,   1.249,9999.000,9999.000,9999.000,9999.000,9999.000,9999.000,9999.000
202608081748,   1.036,   1.289,9999.000,9999.000,9999.000,9999.000,9999.000,9999.000,9999.000
202608081754,   1.077,   1.371,9999.000,9999.000,9999.000,9999.000,9999.000,9999.000,9999.000
202608081800,   1.127,   1.420,   0.500,  -0.207,   1.420,   0.500,   1.420,   0.500,   1.420
202608081806,   1.187,   1.479,9999.000,9999.000,9999.000,9999.000,9999.000,9999.000,9999.000
202608081812,   1.256,   1.580,9999.000,9999.000,9999.000,9999.000,9999.000,9999.000,9999.000
202608081818,   1.335,   1.659,9999.000,9999.000,9999.000,9999.000,9999.000,9999.000,9999.000
202608081824,   1.422,   1.767,9999.000,9999.000,9999.000,9999.000,9999.000,9999.000,9999.000
202608081830,   1.519,   1.879,9999.000,9999.000,9999.000,9999.000,9999.000,9999.000,9999.000
202608081836,   1.624,   2.010,9999.000,9999.000,9999.000,9999.000,9999.000,9999.000,9999.000
202608081842,   1.737,   2.148,9999.000,9999.000,9999.000,9999.000,9999.000,9999.000,9999.000
202608081848,   1.859,   2.289,9999.000,9999.000,9999.000,9999.000,9999.000,9999.000,9999.000
202608081854,   1.988,   2.420,9999.000,9999.000,9999.000,9999.000,9999.000,9999.000,9999.000
202608081900,   2.124,   2.548,   0.500,  -0.076,   2.548,   0.500,   2.548,   0.500,   2.548
202608081906,   2.268,   2.660,9999.000,9999.000,9999.000,9999.000,9999.000,9999.000,9999.000
202608081912,   2.418,   2.807,9999.000,9999.000,9999.000,9999.000,9999.000,9999.000,9999.000
202608081918,   2.574,   2.968,9999.000,9999.000,9999.000,9999.000,9999.000,9999.000,9999.000
202608081924,   2.737,   3.158,9999.000,9999.000,9999.000,9999.000,9999.000,9999.000,9999.000
202608081930,   2.904,   3.319,9999.000,9999.000,9999.000,9999.000,9999.000,9999.000,9999.000
202608081936,   3.077,   3.480,9999.000,9999.000,9999.000,9999.000,9999.000,9999.000,9999.000
202608081942,   3.255,   3.670,9999.000,9999.000,9999.000,9999.000,9999.000,9999.000,9999.000
202608081948,   3.437,   3.870,9999.000,9999.000,9999.000,9999.000,9999.000,9999.000,9999.000
202608081954,   3.623,   4.027,9999.000,9999.000,9999.000,9999.000,9999.000,9999.000,9999.000
202608082000,   3.812,   4.218,   0.500,  -0.094,   4.218,   0.500,   4.218,   0.500,   4.218
202608082006,   4.004,   4.418,9999.000,9999.000,9999.000,9999.000,9999.000,9999.000,9999.000
202608082012,   4.198,   4.628,9999.000,9999.000,9999.000,9999.000,9999.000,9999.000,9999.000
202608082018,   4.395,   4.828,9999.000,9999.000,9999.000,9999.000,9999.000,9999.000,9999.000
202608082024,   4.593,   5.008,9999.000,9999.000,9999.000,9999.000,9999.000,9999.000,9999.000
202608082030,   4.792,   5.198,9999.000,9999.000,9999.000,9999.000,9999.000,9999.000,9999.000
202608082036,   4.992,   5.418,9999.000,9999.000,9999.000,9999.000,9999.000,9999.000,9999.000
202608082042,   5.191,   5.628,9999.000,9999.000,9999.000,9999.000,9999.000,9999.000,9999.000
202608082048,   5.391,   5.838,9999.000,9999.000,9999.000,9999.000,9999.000,9999.000,9999.000
202608082054,   5.589,   6.038,9999.000,9999.000,9999.000,9999.000,9999.000,9999.000,9999.000
202608082100,   5.786,   6.228,   0.500,  -0.058,   6.228,   0.500,   6.228,   0.500,   6.228
202608082106,   5.982,   6.428,9999.000,9999.000,9999.000,9999.000,9999.000,9999.000,9999.000
202608082112,   6.175,   6.619,9999.000,9999.000,9999.000,9999.000,9999.000,9999.000,9999.000
202608082118,   6.365,   6.828,9999.000,9999.000,9999.000,9999.000,9999.000,9999.000,9999.000
202608082124,   6.552,   7.009,9999.000,9999.000,9999.000,9999.000,9999.000,9999.000,9999.000
202608082130,   6.736,   7.209,9999.000,9999.000,9999.000,9999.000,9999.000,9999.000,9999.000
202608082136,   6.915,   7.376,9999.000,9999.000,9999.000,9999.000,9999.000,9999.000,9999.000
202608082142,   7.089,   7.527,9999.000,9999.000,9999.000,9999.000,9999.000,9999.000,9999.000
202608082148,   7.259,   7.707,9999.000,9999.000,9999.000,9999.000,9999.000,9999.000,9999.000
202608082154,   7.423,   7.888,9999.000,9999.000,9999.000,9999.000,9999.000,9999.000,9999.000
202608082200,   7.581,   8.078,   0.500,  -0.003,   8.078,   0.500,   8.078,   0.500,   8.078
202608082206,   7.733,   8.239,9999.000,9999.000,9999.000,9999.000,9999.000,9999.000,9999.000
202608082212,   7.879,   8.357,9999.000,9999.000,9999.000,9999.000,9999.000,9999.000,9999.000
202608082218,   8.017,   8.478,9999.000,9999.000,9999.000,9999.000,9999.000,9999.000,9999.000
202608082224,   8.148,   8.596,9999.000,9999.000,9999.000,9999.000,9999.000,9999.000,9999.000
202608082230,   8.272,   8.747,9999.000,9999.000,9999.000,9999.000,9999.000,9999.000,9999.000
202608082236,   8.388,   8.869,9999.000,9999.000,9999.000,9999.000,9999.000,9999.000,9999.000
202608082242,   8.496,   8.957,9999.000,9999.000,9999.000,9999.000,9999.000,9999.000,9999.000
202608082248,   8.595,   9.056,9999.000,9999.000,9999.000,9999.000,9999.000,9999.000,9999.000
202608082254,   8.686,   9.167,9999.000,9999.000,9999.000,9999.000,9999.000,9999.000,9999.000
202608082300,   8.769,   9.265,   0.500,  -0.004,   9.265,   0.500,   9.265,   0.500,   9.265
202608082306,   8.843,   9.387,9999.000,9999.000,9999.000,9999.000,9999.000,9999.000,9999.000
202608082312,   8.907,   9.466,9999.000,9999.000,9999.000,9999.000,9999.000,9999.000,9999.000
202608082318,   8.963,   9.489,9999.000,9999.000,9999.000,9999.000,9999.000,9999.000,9999.000
202608082324,   9.010,   9.538,9999.000,9999.000,9999.000,9999.000,9999.000,9999.000,9999.000
202608082330,   9.048,   9.607,9999.000,9999.000,9999.000,9999.000,9999.000,9999.000,9999.000
202608082336,   9.077,   9.636,9999.000,9999.000,9999.000,9999.000,9999.000,9999.000,9999.000
202608082342,   9.097,   9.656,9999.000,9999.000,9999.000,9999.000,9999.000,9999.000,9999.000
202608082348,   9.108,   9.646,9999.000,9999.000,9999.000,9999.000,9999.000,9999.000,9999.000
202608082354,   9.109,   9.636,9999.000,9999.000,9999.000,9999.000,9999.000,9999.000,9999.000
202608090000,   9.102,   9.656,   0.600,  -0.046,   9.656,   0.600,   9.656,   0.600,   9.656
202608090006,   9.085,   9.666,9999.000,9999.000,9999.000,9999.000,9999.000,9999.000,9999.000
202608090012,   9.060,   9.626,9999.000,9999.000,9999.000,9999.000,9999.000,9999.000,9999.000
202608090018,   9.025,   9.577,9999.000,9999.000,9999.000,9999.000,9999.000,9999.000,9999.000
202608090024,   8.982,   9.538,9999.000,9999.000,9999.000,9999.000,9999.000,9999.000,9999.000
202608090030,   8.930,   9.479,9999.000,9999.000,9999.000,9999.000,9999.000,9999.000,9999.000
202608090036,   8.869,   9.426,9999.000,9999.000,9999.000,9999.000,9999.000,9999.000,9999.000
202608090042,   8.799,   9.367,9999.000,9999.000,9999.000,9999.000,9999.000,9999.000,9999.000
202608090048,   8.721,   9.256,9999.000,9999.000,9999.000,9999.000,9999.000,9999.000,9999.000
202608090054,   8.635,   9.138,9999.000,9999.000,9999.000,9999.000,9999.000,9999.000,9999.000
202608090100,   8.539,   9.026,   0.600,  -0.113,   9.026,   0.600,   9.026,   0.600,   9.026
202608090106,   8.436,   8.937,9999.000,9999.000,9999.000,9999.000,9999.000,9999.000,9999.000
202608090112,   8.324,   8.836,9999.000,9999.000,9999.000,9999.000,9999.000,9999.000,9999.000
202608090118,   8.205,   8.718,9999.000,9999.000,9999.000,9999.000,9999.000,9999.000,9999.000
202608090124,   8.077,   8.577,9999.000,9999.000,9999.000,9999.000,9999.000,9999.000,9999.000
202608090130,   7.942,   8.426,9999.000,9999.000,9999.000,9999.000,9999.000,9999.000,9999.000
202608090136,   7.799,   8.288,9999.000,9999.000,9999.000,9999.000,9999.000,9999.000,9999.000
202608090142,   7.648,   8.137,9999.000,9999.000,9999.000,9999.000,9999.000,9999.000,9999.000
202608090148,   7.491,   7.957,9999.000,9999.000,9999.000,9999.000,9999.000,9999.000,9999.000
202608090154,   7.327,   7.786,9999.000,9999.000,9999.000,9999.000,9999.000,9999.000,9999.000
202608090200,   7.156,   7.619,   0.600,  -0.137,   7.619,   0.600,   7.619,   0.600,   7.619
202608090206,   6.979,   7.439,9999.000,9999.000,9999.000,9999.000,9999.000,9999.000,9999.000
202608090212,   6.796,   7.268,9999.000,9999.000,9999.000,9999.000,9999.000,9999.000,9999.000
202608090218,   6.607,   7.097,9999.000,9999.000,9999.000,9999.000,9999.000,9999.000,9999.000
202608090224,   6.413,   6.868,9999.000,9999.000,9999.000,9999.000,9999.000,9999.000,9999.000
202608090230,   6.215,   6.658,9999.000,9999.000,9999.000,9999.000,9999.000,9999.000,9999.000
202608090236,   6.012,   6.448,9999.000,9999.000,9999.000,9999.000,9999.000,9999.000,9999.000
202608090242,   5.806,   6.209,9999.000,9999.000,9999.000,9999.000,9999.000,9999.000,9999.000
202608090248,   5.596,   5.949,9999.000,9999.000,9999.000,9999.000,9999.000,9999.000,9999.000
202608090254,   5.383,   5.717,9999.000,9999.000,9999.000,9999.000,9999.000,9999.000,9999.000
202608090300,   5.168,   5.477,   0.600,  -0.291,   5.477,   0.600,   5.477,   0.600,   5.477
202608090306,   4.952,   5.257,9999.000,9999.000,9999.000,9999.000,9999.000,9999.000,9999.000
202608090312,   4.734,   5.047,9999.000,9999.000,9999.000,9999.000,9999.000,9999.000,9999.000
202608090318,   4.516,   4.837,9999.000,9999.000,9999.000,9999.000,9999.000,9999.000,9999.000
202608090324,   4.298,   4.647,9999.000,9999.000,9999.000,9999.000,9999.000,9999.000,9999.000
202608090330,   4.080,   4.418,9999.000,9999.000,9999.000,9999.000,9999.000,9999.000,9999.000
202608090336,   3.864,   4.208,9999.000,9999.000,9999.000,9999.000,9999.000,9999.000,9999.000
202608090342,   3.649,   3.988,9999.000,9999.000,9999.000,9999.000,9999.000,9999.000,9999.000
202608090348,   3.437,   3.798,9999.000,9999.000,9999.000,9999.000,9999.000,9999.000,9999.000
202608090354,   3.227,   3.568,9999.000,9999.000,9999.000,9999.000,9999.000,9999.000,9999.000
202608090400,   3.021,   3.388,   0.600,  -0.233,   3.388,   0.600,   3.388,   0.600,   3.388
202608090406,   2.819,   3.188,9999.000,9999.000,9999.000,9999.000,9999.000,9999.000,9999.000
202608090412,   2.621,   2.997,9999.000,9999.000,9999.000,9999.000,9999.000,9999.000,9999.000
202608090418,   2.428,   2.797,9999.000,9999.000,9999.000,9999.000,9999.000,9999.000,9999.000
202608090424,   2.241,   2.587,9999.000,9999.000,9999.000,9999.000,9999.000,9999.000,9999.000
202608090430,   2.060,   2.420,9999.000,9999.000,9999.000,9999.000,9999.000,9999.000,9999.000
202608090436,   1.885,   2.230,9999.000,9999.000,9999.000,9999.000,9999.000,9999.000,9999.000
202608090442,   1.717,   2.079,9999.000,9999.000,9999.000,9999.000,9999.000,9999.000,9999.000
202608090448,   1.556,   1.908,9999.000,9999.000,9999.000,9999.000,9999.000,9999.000,9999.000
202608090454,   1.402,   1.767,9999.000,9999.000,9999.000,9999.000,9999.000,9999.000,9999.000
202608090500,   1.257,   1.600,   0.600,  -0.257,   1.600,   0.500,   1.500,   0.600,   1.600
202608090506,   1.119,   1.430,9999.000,9999.000,9999.000,9999.000,9999.000,9999.000,9999.000
202608090512,   0.991,   1.289,9999.000,9999.000,9999.000,9999.000,9999.000,9999.000,9999.000
202608090518,   0.871,   1.170,9999.000,9999.000,9999.000,9999.000,9999.000,9999.000,9999.000
202608090524,   0.760,   1.049,9999.000,9999.000,9999.000,9999.000,9999.000,9999.000,9999.000
202608090530,   0.658,   0.941,9999.000,9999.000,9999.000,9999.000,9999.000,9999.000,9999.000
202608090536,   0.566,   0.859,9999.000,9999.000,9999.000,9999.000,9999.000,9999.000,9999.000
202608090542,   0.484,   0.790,9999.000,9999.000,9999.000,9999.000,9999.000,9999.000,9999.000
202608090548,   0.411,   0.708,9999.000,9999.000,9999.000,9999.000,9999.000,9999.000,9999.000
202608090554,   0.349,   0.659,9999.000,9999.000,9999.000,9999.000,9999.000,9999.000,9999.000
202608090600,   0.296,   0.600,   0.600,  -0.296,   0.600,   0.500,   0.500,   0.600,   0.600
202608090606,   0.254,   0.541,9999.000,9999.000,9999.000,9999.000,9999.000,9999.000,9999.000
202608090612,   0.222,   0.531,9999.000,9999.000,9999.000,9999.000,9999.000,9999.000,9999.000
202608090618,   0.200,   0.478,9999.000,9999.000,9999.000,9999.000,9999.000,9999.000,9999.000
202608090624,   0.189,   0.459,9999.000,9999.000,9999.000,9999.000,9999.000,9999.000,9999.000
202608090630,   0.187,   0.478,9999.000,9999.000,9999.000,9999.000,9999.000,9999.000,9999.000
202608090636,   0.196,   0.488,9999.000,9999.000,9999.000,9999.000,9999.000,9999.000,9999.000
202608090642,   0.215,   0.560,9999.000,9999.000,9999.000,9999.000,9999.000,9999.000,9999.000
202608090648,   0.244,   0.570,9999.000,9999.000,9999.000,9999.000,9999.000,9999.000,9999.000
202608090654,   0.282,   0.590,9999.000,9999.000,9999.000,9999.000,9999.000,9999.000,9999.000
202608090700,   0.330,   0.639,   0.600,  -0.291,   0.639,   0.500,   0.539,   0.600,   0.639
202608090706,   0.388,   0.659,9999.000,9999.000,9999.000,9999.000,9999.000,9999.000,9999.000
202608090712,   0.455,   0.741,9999.000,9999.000,9999.000,9999.000,9999.000,9999.000,9999.000
202608090718,   0.532,   0.829,9999.000,9999.000,9999.000,9999.000,9999.000,9999.000,9999.000
202608090724,   0.616,   0.918,9999.000,9999.000,9999.000,9999.000,9999.000,9999.000,9999.000
202608090730,   0.710,   1.020,9999.000,9999.000,9999.000,9999.000,9999.000,9999.000,9999.000
202608090736,   0.812,   1.098,9999.000,9999.000,9999.000,9999.000,9999.000,9999.000,9999.000
202608090742,   0.922,   1.200,9999.000,9999.000,9999.000,9999.000,9999.000,9999.000,9999.000
202608090748,   1.039,   1.338,9999.000,9999.000,9999.000,9999.000,9999.000,9999.000,9999.000
202608090754,   1.164,   1.469,9999.000,9999.000,9999.000,9999.000,9999.000,9999.000,9999.000
202608090800,   1.295,   1.620,   0.500,  -0.175,   1.620,   0.500,   1.620,   0.600,   1.720
202608090806,   1.434,   1.790,9999.000,9999.000,9999.000,9999.000,9999.000,9999.000,9999.000
202608090812,   1.578,   1.958,9999.000,9999.000,9999.000,9999.000,9999.000,9999.000,9999.000
202608090818,   1.728,   2.109,9999.000,9999.000,9999.000,9999.000,9999.000,9999.000,9999.000
202608090824,   1.884,   2.250,9999.000,9999.000,9999.000,9999.000,9999.000,9999.000,9999.000
202608090830,   2.044,   2.430,9999.000,9999.000,9999.000,9999.000,9999.000,9999.000,9999.000
202608090836,   2.209,   2.597,9999.000,9999.000,9999.000,9999.000,9999.000,9999.000,9999.000
202608090842,   2.379,   2.778,9999.000,9999.000,9999.000,9999.000,9999.000,9999.000,9999.000
202608090848,   2.552,   2.958,9999.000,9999.000,9999.000,9999.000,9999.000,9999.000,9999.000
202608090854,   2.728,   3.129,9999.000,9999.000,9999.000,9999.000,9999.000,9999.000,9999.000
202608090900,   2.907,   3.319,   0.500,  -0.088,   3.319,   0.500,   3.319,   0.500,   3.319
202608090906,   3.088,   3.509,9999.000,9999.000,9999.000,9999.000,9999.000,9999.000,9999.000
202608090912,   3.271,   3.680,9999.000,9999.000,9999.000,9999.000,9999.000,9999.000,9999.000
202608090918,   3.455,   3.860,9999.000,9999.000,9999.000,9999.000,9999.000,9999.000,9999.000
202608090924,   3.640,   4.037,9999.000,9999.000,9999.000,9999.000,9999.000,9999.000,9999.000
202608090930,   3.825,   4.237,9999.000,9999.000,9999.000,9999.000,9999.000,9999.000,9999.000
202608090936,   4.011,   4.447,9999.000,9999.000,9999.000,9999.000,9999.000,9999.000,9999.000
202608090942,   4.195,   4.647,9999.000,9999.000,9999.000,9999.000,9999.000,9999.000,9999.000
202608090948,   4.379,   4.808,9999.000,9999.000,9999.000,9999.000,9999.000,9999.000,9999.000
202608090954,   4.561,   4.998,9999.000,9999.000,9999.000,9999.000,9999.000,9999.000,9999.000
202608091000,   4.741,   5.169,   0.500,  -0.072,   5.169,   0.500,   5.169,   0.500,   5.169
202608091006,   4.919,   5.359,9999.000,9999.000,9999.000,9999.000,9999.000,9999.000,9999.000
202608091012,   5.093,   5.516,9999.000,9999.000,9999.000,9999.000,9999.000,9999.000,9999.000
202608091018,   5.264,   5.687,9999.000,9999.000,9999.000,9999.000,9999.000,9999.000,9999.000
202608091024,   5.431,   5.858,9999.000,9999.000,9999.000,9999.000,9999.000,9999.000,9999.000
202608091030,   5.594,   6.038,9999.000,9999.000,9999.000,9999.000,9999.000,9999.000,9999.000
202608091036,   5.753,   6.238,9999.000,9999.000,9999.000,9999.000,9999.000,9999.000,9999.000
202608091042,   5.906,   6.399,9999.000,9999.000,9999.000,9999.000,9999.000,9999.000,9999.000
202608091048,   6.054,   6.537,9999.000,9999.000,9999.000,9999.000,9999.000,9999.000,9999.000
202608091054,   6.196,   6.687,9999.000,9999.000,9999.000,9999.000,9999.000,9999.000,9999.000
202608091100,   6.332,   6.838,   0.500,   0.006,   6.838,   0.500,   6.838,   0.500,   6.838
202608091106,   6.462,   6.966,9999.000,9999.000,9999.000,9999.000,9999.000,9999.000,9999.000
202608091112,   6.585,   7.107,9999.000,9999.000,9999.000,9999.000,9999.000,9999.000,9999.000
202608091118,   6.702,   7.219,9999.000,9999.000,9999.000,9999.000,9999.000,9999.000,9999.000
202608091124,   6.811,   7.327,9999.000,9999.000,9999.000,9999.000,9999.000,9999.000,9999.000
202608091130,   6.913,   7.419,9999.000,9999.000,9999.000,9999.000,9999.000,9999.000,9999.000
202608091136,   7.007,   7.507,9999.000,9999.000,9999.000,9999.000,9999.000,9999.000,9999.000
202608091142,   7.094,   7.609,9999.000,9999.000,9999.000,9999.000,9999.000,9999.000,9999.000
202608091148,   7.173,   7.698,9999.000,9999.000,9999.000,9999.000,9999.000,9999.000,9999.000
202608091154,   7.244,   7.767,9999.000,9999.000,9999.000,9999.000,9999.000,9999.000,9999.000
202608091200,   7.308,   7.819,   0.500,   0.011,   7.819,   0.500,   7.819,   0.500,   7.819
202608091206,   7.363,   7.868,9999.000,9999.000,9999.000,9999.000,9999.000,9999.000,9999.000
202608091212,   7.410,   7.927,9999.000,9999.000,9999.000,9999.000,9999.000,9999.000,9999.000
202608091218,   7.449,   7.967,9999.000,9999.000,9999.000,9999.000,9999.000,9999.000,9999.000
202608091224,   7.479,   8.016,9999.000,9999.000,9999.000,9999.000,9999.000,9999.000,9999.000
202608091230,   7.502,   8.058,9999.000,9999.000,9999.000,9999.000,9999.000,9999.000,9999.000
202608091236,   7.516,   8.068,9999.000,9999.000,9999.000,9999.000,9999.000,9999.000,9999.000
202608091242,   7.522,   8.068,9999.000,9999.000,9999.000,9999.000,9999.000,9999.000,9999.000
202608091248,   7.519,   8.049,9999.000,9999.000,9999.000,9999.000,9999.000,9999.000,9999.000
202608091254,   7.508,   8.029,9999.000,9999.000,9999.000,9999.000,9999.000,9999.000,9999.000
202608091300,   7.489,   8.006,   0.500,   0.017,   8.006,   0.500,   8.006,   0.500,   8.006
202608091306,   7.461,   7.996,9999.000,9999.000,9999.000,9999.000,9999.000,9999.000,9999.000
202608091312,   7.425,   7.976,9999.000,9999.000,9999.000,9999.000,9999.000,9999.000,9999.000
202608091318,   7.380,   7.917,9999.000,9999.000,9999.000,9999.000,9999.000,9999.000,9999.000
202608091324,   7.328,   7.858,9999.000,9999.000,9999.000,9999.000,9999.000,9999.000,9999.000
202608091330,   7.267,   7.829,9999.000,9999.000,9999.000,9999.000,9999.000,9999.000,9999.000
202608091336,   7.198,   7.747,9999.000,9999.000,9999.000,9999.000,9999.000,9999.000,9999.000
202608091342,   7.120,   7.639,9999.000,9999.000,9999.000,9999.000,9999.000,9999.000,9999.000
202608091348,   7.035,   7.537,9999.000,9999.000,9999.000,9999.000,9999.000,9999.000,9999.000
202608091354,   6.942,   7.429,9999.000,9999.000,9999.000,9999.000,9999.000,9999.000,9999.000
202608091400,   6.842,   7.327,   0.500,  -0.015,   7.327,   0.500,   7.327,   0.500,   7.327
202608091406,   6.733,   7.219,9999.000,9999.000,9999.000,9999.000,9999.000,9999.000,9999.000
202608091412,   6.618,   7.107,9999.000,9999.000,9999.000,9999.000,9999.000,9999.000,9999.000
202608091418,   6.495,   6.989,9999.000,9999.000,9999.000,9999.000,9999.000,9999.000,9999.000
202608091424,   6.366,   6.868,9999.000,9999.000,9999.000,9999.000,9999.000,9999.000,9999.000
202608091430,   6.229,   6.737,9999.000,9999.000,9999.000,9999.000,9999.000,9999.000,9999.000
202608091436,   6.087,   6.609,9999.000,9999.000,9999.000,9999.000,9999.000,9999.000,9999.000
202608091442,   5.939,   6.458,9999.000,9999.000,9999.000,9999.000,9999.000,9999.000,9999.000
202608091448,   5.785,   6.287,9999.000,9999.000,9999.000,9999.000,9999.000,9999.000,9999.000
202608091454,   5.626,   6.107,9999.000,9999.000,9999.000,9999.000,9999.000,9999.000,9999.000
202608091500,   5.463,   5.926,   0.500,  -0.037,   5.926,   0.500,   5.926,   0.500,   5.926
202608091506,   5.295,   5.749,9999.000,9999.000,9999.000,9999.000,9999.000,9999.000,9999.000
202608091512,   5.124,   5.559,9999.000,9999.000,9999.000,9999.000,9999.000,9999.000,9999.000
202608091518,   4.949,   5.359,9999.000,9999.000,9999.000,9999.000,9999.000,9999.000,9999.000
202608091524,   4.772,   5.149,9999.000,9999.000,9999.000,9999.000,9999.000,9999.000,9999.000
202608091530,   4.592,   4.939,9999.000,9999.000,9999.000,9999.000,9999.000,9999.000,9999.000
202608091536,   4.411,   4.739,9999.000,9999.000,9999.000,9999.000,9999.000,9999.000,9999.000
202608091542,   4.229,   4.549,9999.000,9999.000,9999.000,9999.000,9999.000,9999.000,9999.000
202608091548,   4.047,   4.319,9999.000,9999.000,9999.000,9999.000,9999.000,9999.000,9999.000
202608091554,   3.865,   4.149,9999.000,9999.000,9999.000,9999.000,9999.000,9999.000,9999.000
202608091600,   3.683,   3.958,   0.500,  -0.225,   3.958,   0.500,   3.958,   0.500,   3.958
202608091606,   3.503,   3.749,9999.000,9999.000,9999.000,9999.000,9999.000,9999.000,9999.000
202608091612,   3.325,   3.588,9999.000,9999.000,9999.000,9999.000,9999.000,9999.000,9999.000
202608091618,   3.149,   3.460,9999.000,9999.000,9999.000,9999.000,9999.000,9999.000,9999.000
202608091624,   2.976,   3.250,9999.000,9999.000,9999.000,9999.000,9999.000,9999.000,9999.000
202608091630,   2.807,   3.109,9999.000,9999.000,9999.000,9999.000,9999.000,9999.000,9999.000
202608091636,   2.642,   2.929,9999.000,9999.000,9999.000,9999.000,9999.000,9999.000,9999.000
202608091642,   2.482,   2.778,9999.000,9999.000,9999.000,9999.000,9999.000,9999.000,9999.000
202608091648,   2.326,   2.578,9999.000,9999.000,9999.000,9999.000,9999.000,9999.000,9999.000
202608091654,   2.177,   2.430,9999.000,9999.000,9999.000,9999.000,9999.000,9999.000,9999.000
202608091700,   2.033,   2.289,   0.500,  -0.244,   2.289,   0.500,   2.289,   0.500,   2.289
202608091706,   1.896,   2.138,9999.000,9999.000,9999.000,9999.000,9999.000,9999.000,9999.000
202608091712,   1.766,   1.990,9999.000,9999.000,9999.000,9999.000,9999.000,9999.000,9999.000
202608091718,   1.644,   1.869,9999.000,9999.000,9999.000,9999.000,9999.000,9999.000,9999.000
202608091724,   1.529,   1.758,9999.000,9999.000,9999.000,9999.000,9999.000,9999.000,9999.000
202608091730,   1.422,   1.689,9999.000,9999.000,9999.000,9999.000,9999.000,9999.000,9999.000
202608091736,   1.324,   1.557,9999.000,9999.000,9999.000,9999.000,9999.000,9999.000,9999.000
202608091742,   1.234,   1.479,9999.000,9999.000,9999.000,9999.000,9999.000,9999.000,9999.000
202608091748,   1.154,   1.380,9999.000,9999.000,9999.000,9999.000,9999.000,9999.000,9999.000
202608091754,   1.082,   1.289,9999.000,9999.000,9999.000,9999.000,9999.000,9999.000,9999.000
202608091800,   1.020,   1.249,   0.600,  -0.371,   1.249,   0.500,   1.149,   0.600,   1.249
202608091806,   0.968,   1.200,9999.000,9999.000,9999.000,9999.000,9999.000,9999.000,9999.000
202608091812,   0.926,   1.170,9999.000,9999.000,9999.000,9999.000,9999.000,9999.000,9999.000
202608091818,   0.894,   1.151,9999.000,9999.000,9999.000,9999.000,9999.000,9999.000,9999.000
202608091824,   0.872,   1.118,9999.000,9999.000,9999.000,9999.000,9999.000,9999.000,9999.000
202608091830,   0.860,   1.098,9999.000,9999.000,9999.000,9999.000,9999.000,9999.000,9999.000
202608091836,   0.859,   1.118,9999.000,9999.000,9999.000,9999.000,9999.000,9999.000,9999.000
202608091842,   0.868,   1.151,9999.000,9999.000,9999.000,9999.000,9999.000,9999.000,9999.000
202608091848,   0.887,   1.180,9999.000,9999.000,9999.000,9999.000,9999.000,9999.000,9999.000
202608091854,   0.917,   1.210,9999.000,9999.000,9999.000,9999.000,9999.000,9999.000,9999.000
202608091900,   0.957,   1.269,   0.600,  -0.288,   1.269,   0.500,   1.169,   0.600,   1.269
202608091906,   1.007,   1.338,9999.000,9999.000,9999.000,9999.000,9999.000,9999.000,9999.000
202608091912,   1.067,   1.430,9999.000,9999.000,9999.000,9999.000,9999.000,9999.000,9999.000
202608091918,   1.137,   1.498,9999.000,9999.000,9999.000,9999.000,9999.000,9999.000,9999.000
202608091924,   1.217,   1.580,9999.000,9999.000,9999.000,9999.000,9999.000,9999.000,9999.000
202608091930,   1.307,   1.689,9999.000,9999.000,9999.000,9999.000,9999.000,9999.000,9999.000
202608091936,   1.406,   1.790,9999.000,9999.000,9999.000,9999.000,9999.000,9999.000,9999.000
202608091942,   1.514,   1.899,9999.000,9999.000,9999.000,9999.000,9999.000,9999.000,9999.000
202608091948,   1.631,   2.040,9999.000,9999.000,9999.000,9999.000,9999.000,9999.000,9999.000
202608091954,   1.757,   2.177,9999.000,9999.000,9999.000,9999.000,9999.000,9999.000,9999.000
202608092000,   1.891,   2.289,   0.600,  -0.202,   2.289,   0.500,   2.189,   0.600,   2.289
202608092006,   2.033,   2.450,9999.000,9999.000,9999.000,9999.000,9999.000,9999.000,9999.000
202608092012,   2.182,   2.597,9999.000,9999.000,9999.000,9999.000,9999.000,9999.000,9999.000
202608092018,   2.339,   2.778,9999.000,9999.000,9999.000,9999.000,9999.000,9999.000,9999.000
202608092024,   2.502,   2.938,9999.000,9999.000,9999.000,9999.000,9999.000,9999.000,9999.000
202608092030,   2.671,   3.119,9999.000,9999.000,9999.000,9999.000,9999.000,9999.000,9999.000
202608092036,   2.847,   3.289,9999.000,9999.000,9999.000,9999.000,9999.000,9999.000,9999.000
202608092042,   3.028,   3.470,9999.000,9999.000,9999.000,9999.000,9999.000,9999.000,9999.000
202608092048,   3.214,   3.670,9999.000,9999.000,9999.000,9999.000,9999.000,9999.000,9999.000
202608092054,   3.405,   3.890,9999.000,9999.000,9999.000,9999.000,9999.000,9999.000,9999.000
202608092100,   3.599,   4.090,   0.600,  -0.109,   4.090,   0.500,   3.990,   0.600,   4.090
202608092106,   3.798,   4.300,9999.000,9999.000,9999.000,9999.000,9999.000,9999.000,9999.000
202608092112,   3.999,   4.500,9999.000,9999.000,9999.000,9999.000,9999.000,9999.000,9999.000
202608092118,   4.203,   4.719,9999.000,9999.000,9999.000,9999.000,9999.000,9999.000,9999.000
202608092124,   4.409,   4.919,9999.000,9999.000,9999.000,9999.000,9999.000,9999.000,9999.000
202608092130,   4.617,   5.120,9999.000,9999.000,9999.000,9999.000,9999.000,9999.000,9999.000
202608092136,   4.826,   5.307,9999.000,9999.000,9999.000,9999.000,9999.000,9999.000,9999.000
202608092142,   5.035,   5.516,9999.000,9999.000,9999.000,9999.000,9999.000,9999.000,9999.000
202608092148,   5.245,   5.707,9999.000,9999.000,9999.000,9999.000,9999.000,9999.000,9999.000
202608092154,   5.454,   5.940,9999.000,9999.000,9999.000,9999.000,9999.000,9999.000,9999.000
202608092200,   5.662,   6.136,   0.600,  -0.126,   6.136,   0.500,   6.036,   0.600,   6.136
202608092206,   5.868,   6.359,9999.000,9999.000,9999.000,9999.000,9999.000,9999.000,9999.000
202608092212,   6.073,   6.569,9999.000,9999.000,9999.000,9999.000,9999.000,9999.000,9999.000
202608092218,   6.275,   6.766,9999.000,9999.000,9999.000,9999.000,9999.000,9999.000,9999.000
202608092224,   6.474,   6.956,9999.000,9999.000,9999.000,9999.000,9999.000,9999.000,9999.000
202608092230,   6.669,   7.147,9999.000,9999.000,9999.000,9999.000,9999.000,9999.000,9999.000
202608092236,   6.861,   7.337,9999.000,9999.000,9999.000,9999.000,9999.000,9999.000,9999.000
202608092242,   7.048,   7.537,9999.000,9999.000,9999.000,9999.000,9999.000,9999.000,9999.000
202608092248,   7.230,   7.727,9999.000,9999.000,9999.000,9999.000,9999.000,9999.000,9999.000
202608092254,   7.407,   7.908,9999.000,9999.000,9999.000,9999.000,9999.000,9999.000,9999.000
202608092300,   7.578,   8.068,   0.600,  -0.110,   8.068,   0.500,   7.968,   0.600,   8.068
202608092306,   7.743,   8.239,9999.000,9999.000,9999.000,9999.000,9999.000,9999.000,9999.000
202608092312,   7.901,   8.406,9999.000,9999.000,9999.000,9999.000,9999.000,9999.000,9999.000
202608092318,   8.053,   8.587,9999.000,9999.000,9999.000,9999.000,9999.000,9999.000,9999.000
202608092324,   8.198,   8.728,9999.000,9999.000,9999.000,9999.000,9999.000,9999.000,9999.000
202608092330,   8.335,   8.878,9999.000,9999.000,9999.000,9999.000,9999.000,9999.000,9999.000
202608092336,   8.464,   9.016,9999.000,9999.000,9999.000,9999.000,9999.000,9999.000,9999.000
202608092342,   8.585,   9.138,9999.000,9999.000,9999.000,9999.000,9999.000,9999.000,9999.000
202608092348,   8.698,   9.265,9999.000,9999.000,9999.000,9999.000,9999.000,9999.000,9999.000
202608092354,   8.803,   9.377,9999.000,9999.000,9999.000,9999.000,9999.000,9999.000,9999.000
202608100000,   8.899,   9.489,   0.600,  -0.010,   9.489,   0.600,   9.489,   0.600,   9.489
202608100006,   8.986,   9.557,9999.000,9999.000,9999.000,9999.000,9999.000,9999.000,9999.000
202608100012,   9.064,   9.626,9999.000,9999.000,9999.000,9999.000,9999.000,9999.000,9999.000
202608100018,   9.133,   9.689,9999.000,9999.000,9999.000,9999.000,9999.000,9999.000,9999.000
202608100024,   9.193,   9.757,9999.000,9999.000,9999.000,9999.000,9999.000,9999.000,9999.000
202608100030,   9.244,   9.817,9999.000,9999.000,9999.000,9999.000,9999.000,9999.000,9999.000
202608100036,   9.285,   9.856,9999.000,9999.000,9999.000,9999.000,9999.000,9999.000,9999.000
202608100042,   9.317,   9.885,9999.000,9999.000,9999.000,9999.000,9999.000,9999.000,9999.000
202608100048,   9.340,   9.876,9999.000,9999.000,9999.000,9999.000,9999.000,9999.000,9999.000
202608100054,   9.353,   9.899,9999.000,9999.000,9999.000,9999.000,9999.000,9999.000,9999.000
202608100100,   9.356,   9.899,   0.600,  -0.057,   9.899,   0.600,   9.899,   0.600,   9.899
202608100106,   9.350,   9.876,9999.000,9999.000,9999.000,9999.000,9999.000,9999.000,9999.000
202608100112,   9.334,   9.856,9999.000,9999.000,9999.000,9999.000,9999.000,9999.000,9999.000
202608100118,   9.309,   9.817,9999.000,9999.000,9999.000,9999.000,9999.000,9999.000,9999.000
202608100124,   9.274,   9.757,9999.000,9999.000,9999.000,9999.000,9999.000,9999.000,9999.000
202608100130,   9.230,   9.708,9999.000,9999.000,9999.000,9999.000,9999.000,9999.000,9999.000
202608100136,   9.175,   9.646,9999.000,9999.000,9999.000,9999.000,9999.000,9999.000,9999.000
202608100142,   9.112,   9.577,9999.000,9999.000,9999.000,9999.000,9999.000,9999.000,9999.000
202608100148,   9.039,   9.508,9999.000,9999.000,9999.000,9999.000,9999.000,9999.000,9999.000
202608100154,   8.956,   9.416,9999.000,9999.000,9999.000,9999.000,9999.000,9999.000,9999.000
202608100200,   8.864,   9.298,   0.600,  -0.166,   9.298,   0.500,   9.198,   0.600,   9.298
202608100206,   8.763,   9.177,9999.000,9999.000,9999.000,9999.000,9999.000,9999.000,9999.000
202608100212,   8.653,   9.069,9999.000,9999.000,9999.000,9999.000,9999.000,9999.000,9999.000
202608100218,   8.534,   8.947,9999.000,9999.000,9999.000,9999.000,9999.000,9999.000,9999.000
202608100224,   8.405,   8.806,9999.000,9999.000,9999.000,9999.000,9999.000,9999.000,9999.000
202608100230,   8.268,   8.649,9999.000,9999.000,9999.000,9999.000,9999.000,9999.000,9999.000
202608100236,   8.123,   8.498,9999.000,9999.000,9999.000,9999.000,9999.000,9999.000,9999.000
202608100242,   7.969,   8.347,9999.000,9999.000,9999.000,9999.000,9999.000,9999.000,9999.000
202608100248,   7.807,   8.196,9999.000,9999.000,9999.000,9999.000,9999.000,9999.000,9999.000
202608100254,   7.638,   8.016,9999.000,9999.000,9999.000,9999.000,9999.000,9999.000,9999.000
202608100300,   7.461,   7.829,   0.600,  -0.232,   7.829,   0.500,   7.729,   0.600,   7.829
202608100306,   7.276,   7.648,9999.000,9999.000,9999.000,9999.000,9999.000,9999.000,9999.000
202608100312,   7.086,   7.458,9999.000,9999.000,9999.000,9999.000,9999.000,9999.000,9999.000
202608100318,   6.888,   7.278,9999.000,9999.000,9999.000,9999.000,9999.000,9999.000,9999.000
202608100324,   6.686,   7.078,9999.000,9999.000,9999.000,9999.000,9999.000,9999.000,9999.000
202608100330,   6.477,   6.858,9999.000,9999.000,9999.000,9999.000,9999.000,9999.000,9999.000
202608100336,   6.264,   6.619,9999.000,9999.000,9999.000,9999.000,9999.000,9999.000,9999.000
202608100342,   6.046,   6.379,9999.000,9999.000,9999.000,9999.000,9999.000,9999.000,9999.000
202608100348,   5.824,   6.117,9999.000,9999.000,9999.000,9999.000,9999.000,9999.000,9999.000
202608100354,   5.600,   5.887,9999.000,9999.000,9999.000,9999.000,9999.000,9999.000,9999.000
202608100400,   5.372,   5.667,   0.500,  -0.205,   5.667,   0.500,   5.667,   0.600,   5.767
202608100406,   5.142,   5.418,9999.000,9999.000,9999.000,9999.000,9999.000,9999.000,9999.000
202608100412,   4.911,   5.198,9999.000,9999.000,9999.000,9999.000,9999.000,9999.000,9999.000
202608100418,   4.678,   4.969,9999.000,9999.000,9999.000,9999.000,9999.000,9999.000,9999.000
202608100424,   4.445,   4.759,9999.000,9999.000,9999.000,9999.000,9999.000,9999.000,9999.000
202608100430,   4.212,   4.539,9999.000,9999.000,9999.000,9999.000,9999.000,9999.000,9999.000
202608100436,   3.981,   4.290,9999.000,9999.000,9999.000,9999.000,9999.000,9999.000,9999.000
202608100442,   3.750,   4.057,9999.000,9999.000,9999.000,9999.000,9999.000,9999.000,9999.000
202608100448,   3.521,   3.837,9999.000,9999.000,9999.000,9999.000,9999.000,9999.000,9999.000
202608100454,   3.295,   3.617,9999.000,9999.000,9999.000,9999.000,9999.000,9999.000,9999.000
202608100500,   3.072,   3.378,   0.500,  -0.194,   3.378,   0.500,   3.378,   0.600,   3.478
202608100506,   2.853,   3.188,9999.000,9999.000,9999.000,9999.000,9999.000,9999.000,9999.000
202608100512,   2.638,   2.958,9999.000,9999.000,9999.000,9999.000,9999.000,9999.000,9999.000
202608100518,   2.428,   2.719,9999.000,9999.000,9999.000,9999.000,9999.000,9999.000,9999.000
202608100524,   2.223,   2.469,9999.000,9999.000,9999.000,9999.000,9999.000,9999.000,9999.000
202608100530,   2.024,   2.279,9999.000,9999.000,9999.000,9999.000,9999.000,9999.000,9999.000
202608100536,   1.831,   2.099,9999.000,9999.000,9999.000,9999.000,9999.000,9999.000,9999.000
202608100542,   1.644,   1.918,9999.000,9999.000,9999.000,9999.000,9999.000,9999.000,9999.000
202608100548,   1.465,   1.699,9999.000,9999.000,9999.000,9999.000,9999.000,9999.000,9999.000
202608100554,   1.294,   1.518,9999.000,9999.000,9999.000,9999.000,9999.000,9999.000,9999.000
202608100600,   1.130,   1.328,   0.500,  -0.302,   1.328,   0.500,   1.328,   0.600,   1.428
202608100606,   0.975,   1.210,9999.000,9999.000,9999.000,9999.000,9999.000,9999.000,9999.000
202608100612,   0.829,   1.088,9999.000,9999.000,9999.000,9999.000,9999.000,9999.000,9999.000
202608100618,   0.691,   0.941,9999.000,9999.000,9999.000,9999.000,9999.000,9999.000,9999.000
202608100624,   0.563,   0.819,9999.000,9999.000,9999.000,9999.000,9999.000,9999.000,9999.000
202608100630,   0.445,   0.731,9999.000,9999.000,9999.000,9999.000,9999.000,9999.000,9999.000
202608100636,   0.337,   0.600,9999.000,9999.000,9999.000,9999.000,9999.000,9999.000,9999.000
202608100642,   0.239,   0.518,9999.000,9999.000,9999.000,9999.000,9999.000,9999.000,9999.000
202608100648,   0.151,   0.439,9999.000,9999.000,9999.000,9999.000,9999.000,9999.000,9999.000
202608100654,   0.074,   0.350,9999.000,9999.000,9999.000,9999.000,9999.000,9999.000,9999.000
202608100700,   0.008,   0.239,   0.500,  -0.269,   0.239,   0.500,   0.239,   0.500,   0.239
202608100706,  -0.046,   0.229,9999.000,9999.000,9999.000,9999.000,9999.000,9999.000,9999.000
202608100712,  -0.090,   0.131,9999.000,9999.000,9999.000,9999.000,9999.000,9999.000,9999.000
202608100718,  -0.123,   0.078,9999.000,9999.000,9999.000,9999.000,9999.000,9999.000,9999.000
202608100724,  -0.145,   0.088,9999.000,9999.000,9999.000,9999.000,9999.000,9999.000,9999.000
202608100730,  -0.156,   0.068,9999.000,9999.000,9999.000,9999.000,9999.000,9999.000,9999.000
202608100736,  -0.156,   0.059,9999.000,9999.000,9999.000,9999.000,9999.000,9999.000,9999.000
202608100742,  -0.144,   0.088,9999.000,9999.000,9999.000,9999.000,9999.000,9999.000,9999.000
202608100748,  -0.122,   0.121,9999.000,9999.000,9999.000,9999.000,9999.000,9999.000,9999.000
202608100754,  -0.089,   0.160,9999.000,9999.000,9999.000,9999.000,9999.000,9999.000,9999.000
202608100800,  -0.045,   0.180,   0.500,  -0.275,   0.180,   0.500,   0.180,   0.500,   0.180
202608100806,   0.009,   0.259,9999.000,9999.000,9999.000,9999.000,9999.000,9999.000,9999.000
202608100812,   0.073,   0.331,9999.000,9999.000,9999.000,9999.000,9999.000,9999.000,9999.000
202608100818,   0.148,   0.370,9999.000,9999.000,9999.000,9999.000,9999.000,9999.000,9999.000
202608100824,   0.233,   0.439,9999.000,9999.000,9999.000,9999.000,9999.000,9999.000,9999.000
202608100830,   0.328,   0.560,9999.000,9999.000,9999.000,9999.000,9999.000,9999.000,9999.000
202608100836,   0.431,   0.688,9999.000,9999.000,9999.000,9999.000,9999.000,9999.000,9999.000
202608100842,   0.544,   0.760,9999.000,9999.000,9999.000,9999.000,9999.000,9999.000,9999.000
202608100848,   0.665,   0.879,9999.000,9999.000,9999.000,9999.000,9999.000,9999.000,9999.000
202608100854,   0.795,   1.039,9999.000,9999.000,9999.000,9999.000,9999.000,9999.000,9999.000
202608100900,   0.932,   1.200,   0.500,  -0.232,   1.200,   0.500,   1.200,   0.600,   1.300
202608100906,   1.077,   1.371,9999.000,9999.000,9999.000,9999.000,9999.000,9999.000,9999.000
202608100912,   1.228,   1.557,9999.000,9999.000,9999.000,9999.000,9999.000,9999.000,9999.000
202608100918,   1.387,   1.728,9999.000,9999.000,9999.000,9999.000,9999.000,9999.000,9999.000
202608100924,   1.551,   1.899,9999.000,9999.000,9999.000,9999.000,9999.000,9999.000,9999.000
202608100930,   1.722,   2.059,9999.000,9999.000,9999.000,9999.000,9999.000,9999.000,9999.000
202608100936,   1.897,   2.220,9999.000,9999.000,9999.000,9999.000,9999.000,9999.000,9999.000
202608100942,   2.078,   2.400,9999.000,9999.000,9999.000,9999.000,9999.000,9999.000,9999.000
202608100948,   2.262,   2.578,9999.000,9999.000,9999.000,9999.000,9999.000,9999.000,9999.000
202608100954,   2.451,   2.768,9999.000,9999.000,9999.000,9999.000,9999.000,9999.000,9999.000
202608101000,   2.642,   2.968,   0.500,  -0.174,   2.968,   0.500,   2.968,   0.600,   3.068
202608101006,   2.837,   3.178,9999.000,9999.000,9999.000,9999.000,9999.000,9999.000,9999.000
202608101012,   3.034,   3.407,9999.000,9999.000,9999.000,9999.000,9999.000,9999.000,9999.000
202608101018,   3.232,   3.607,9999.000,9999.000,9999.000,9999.000,9999.000,9999.000,9999.000
202608101024,   3.432,   3.798,9999.000,9999.000,9999.000,9999.000,9999.000,9999.000,9999.000
202608101030,   3.632,   3.988,9999.000,9999.000,9999.000,9999.000,9999.000,9999.000,9999.000
202608101036,   3.833,   4.188,9999.000,9999.000,9999.000,9999.000,9999.000,9999.000,9999.000
202608101042,   4.033,   4.398,9999.000,9999.000,9999.000,9999.000,9999.000,9999.000,9999.000
202608101048,   4.233,   4.598,9999.000,9999.000,9999.000,9999.000,9999.000,9999.000,9999.000
202608101054,   4.431,   4.828,9999.000,9999.000,9999.000,9999.000,9999.000,9999.000,9999.000
202608101100,   4.628,   5.038,   0.600,  -0.190,   5.038,   0.500,   4.938,   0.600,   5.038
202608101106,   4.822,   5.238,9999.000,9999.000,9999.000,9999.000,9999.000,9999.000,9999.000
202608101112,   5.013,   5.428,9999.000,9999.000,9999.000,9999.000,9999.000,9999.000,9999.000
202608101118,   5.201,   5.608,9999.000,9999.000,9999.000,9999.000,9999.000,9999.000,9999.000
202608101124,   5.385,   5.808,9999.000,9999.000,9999.000,9999.000,9999.000,9999.000,9999.000
202608101130,   5.565,   5.969,9999.000,9999.000,9999.000,9999.000,9999.000,9999.000,9999.000
202608101136,   5.741,   6.169,9999.000,9999.000,9999.000,9999.000,9999.000,9999.000,9999.000
202608101142,   5.911,   6.346,9999.000,9999.000,9999.000,9999.000,9999.000,9999.000,9999.000
202608101148,   6.076,   6.537,9999.000,9999.000,9999.000,9999.000,9999.000,9999.000,9999.000
202608101154,   6.235,   6.687,9999.000,9999.000,9999.000,9999.000,9999.000,9999.000,9999.000
202608101200,   6.389,   6.828,   0.500,  -0.327,   6.562,   0.500,   6.562,   0.500,   6.562
202608101206,   6.535,   6.989,9999.000,9999.000,9999.000,9999.000,9999.000,9999.000,9999.000
202608101212,   6.675,   7.147,9999.000,9999.000,9999.000,9999.000,9999.000,9999.000,9999.000
202608101218,   6.808,   7.288,9999.000,9999.000,9999.000,9999.000,9999.000,9999.000,9999.000
202608101224,   6.934,   7.439,9999.000,9999.000,9999.000,9999.000,9999.000,9999.000,9999.000
202608101230,   7.052,   7.557,9999.000,9999.000,9999.000,9999.000,9999.000,9999.000,9999.000
202608101236,   7.163,   7.668,9999.000,9999.000,9999.000,9999.000,9999.000,9999.000,9999.000
202608101242,   7.265,   7.776,9999.000,9999.000,9999.000,9999.000,9999.000,9999.000,9999.000
202608101248,   7.360,   7.888,9999.000,9999.000,9999.000,9999.000,9999.000,9999.000,9999.000
202608101254,   7.446,   7.967,9999.000,9999.000,9999.000,9999.000,9999.000,9999.000,9999.000
202608101300,   7.524,   8.029,   0.500,  -0.333,   7.691,   0.500,   7.691,   0.500,   7.691
202608101306,   7.593,   8.127,9999.000,9999.000,9999.000,9999.000,9999.000,9999.000,9999.000
202608101312,   7.653,   8.196,9999.000,9999.000,9999.000,9999.000,9999.000,9999.000,9999.000
202608101318,   7.705,   8.216,9999.000,9999.000,9999.000,9999.000,9999.000,9999.000,9999.000
202608101324,   7.748,   8.259,9999.000,9999.000,9999.000,9999.000,9999.000,9999.000,9999.000
202608101330,   7.782,   8.308,9999.000,9999.000,9999.000,9999.000,9999.000,9999.000,9999.000
202608101336,   7.806,   8.298,9999.000,9999.000,9999.000,9999.000,9999.000,9999.000,9999.000
202608101342,   7.822,   8.298,9999.000,9999.000,9999.000,9999.000,9999.000,9999.000,9999.000
202608101348,   7.828,   8.298,9999.000,9999.000,9999.000,9999.000,9999.000,9999.000,9999.000
202608101354,   7.826,   8.278,9999.000,9999.000,9999.000,9999.000,9999.000,9999.000,9999.000
202608101400,   7.813,   8.259,   0.500,  -0.273,   8.040,   0.500,   8.040,   0.500,   8.040
202608101406,   7.792,   8.239,9999.000,9999.000,9999.000,9999.000,9999.000,9999.000,9999.000
202608101412,   7.761,   8.206,9999.000,9999.000,9999.000,9999.000,9999.000,9999.000,9999.000
202608101418,   7.721,   8.147,9999.000,9999.000,9999.000,9999.000,9999.000,9999.000,9999.000
202608101424,   7.672,   8.108,9999.000,9999.000,9999.000,9999.000,9999.000,9999.000,9999.000
202608101430,   7.613,   8.058,9999.000,9999.000,9999.000,9999.000,9999.000,9999.000,9999.000
202608101436,   7.546,   7.996,9999.000,9999.000,9999.000,9999.000,9999.000,9999.000,9999.000
202608101442,   7.469,   7.937,9999.000,9999.000,9999.000,9999.000,9999.000,9999.000,9999.000
202608101448,   7.383,   7.858,9999.000,9999.000,9999.000,9999.000,9999.000,9999.000,9999.000
202608101454,   7.289,   7.776,9999.000,9999.000,9999.000,9999.000,9999.000,9999.000,9999.000
202608101500,   7.185,   7.668,   0.500,  -0.138,   7.547,   0.500,   7.547,   0.600,   7.647
202608101506,   7.073,   7.547,9999.000,9999.000,9999.000,9999.000,9999.000,9999.000,9999.000
202608101512,   6.953,   7.419,9999.000,9999.000,9999.000,9999.000,9999.000,9999.000,9999.000
202608101518,   6.825,   7.288,9999.000,9999.000,9999.000,9999.000,9999.000,9999.000,9999.000
202608101524,   6.690,   7.137,9999.000,9999.000,9999.000,9999.000,9999.000,9999.000,9999.000
202608101530,   6.546,   6.999,9999.000,9999.000,9999.000,9999.000,9999.000,9999.000,9999.000
202608101536,   6.396,   6.848,9999.000,9999.000,9999.000,9999.000,9999.000,9999.000,9999.000
202608101542,   6.239,   6.687,9999.000,9999.000,9999.000,9999.000,9999.000,9999.000,9999.000
202608101548,   6.076,   6.546,9999.000,9999.000,9999.000,9999.000,9999.000,9999.000,9999.000
202608101554,   5.908,   6.389,9999.000,9999.000,9999.000,9999.000,9999.000,9999.000,9999.000
202608101600,   5.733,   6.189,   0.500,  -0.002,   6.231,   0.500,   6.231,   0.600,   6.331
202608101606,   5.554,   5.999,9999.000,9999.000,9999.000,9999.000,9999.000,9999.000,9999.000
202608101612,   5.371,   5.828,9999.000,9999.000,9999.000,9999.000,9999.000,9999.000,9999.000
202608101618,   5.184,   5.628,9999.000,9999.000,9999.000,9999.000,9999.000,9999.000,9999.000
202608101624,   4.993,   5.408,9999.000,9999.000,9999.000,9999.000,9999.000,9999.000,9999.000
202608101630,   4.800,   5.149,9999.000,9999.000,9999.000,9999.000,9999.000,9999.000,9999.000
202608101636,   4.605,   4.949,9999.000,9999.000,9999.000,9999.000,9999.000,9999.000,9999.000
202608101642,   4.409,   4.759,9999.000,9999.000,9999.000,9999.000,9999.000,9999.000,9999.000
202608101648,   4.212,   4.549,9999.000,9999.000,9999.000,9999.000,9999.000,9999.000,9999.000
202608101654,   4.014,   4.309,9999.000,9999.000,9999.000,9999.000,9999.000,9999.000,9999.000
202608101700,   3.817,   4.119,   0.600,   0.082,   4.499,   0.500,   4.399,   0.600,   4.499
202608101706,   3.620,   3.939,9999.000,9999.000,9999.000,9999.000,9999.000,9999.000,9999.000
202608101712,   3.426,   3.749,9999.000,9999.000,9999.000,9999.000,9999.000,9999.000,9999.000
202608101718,   3.233,   3.568,9999.000,9999.000,9999.000,9999.000,9999.000,9999.000,9999.000
202608101724,   3.043,   3.388,9999.000,9999.000,9999.000,9999.000,9999.000,9999.000,9999.000
202608101730,   2.857,   3.188,9999.000,9999.000,9999.000,9999.000,9999.000,9999.000,9999.000
202608101736,   2.674,   2.997,9999.000,9999.000,9999.000,9999.000,9999.000,9999.000,9999.000
202608101742,   2.496,   2.820,9999.000,9999.000,9999.000,9999.000,9999.000,9999.000,9999.000
202608101748,   2.323,   2.689,9999.000,9999.000,9999.000,9999.000,9999.000,9999.000,9999.000
202608101754,   2.156,9999.000,9999.000,9999.000,9999.000,9999.000,9999.000,9999.000,9999.000
202608101800,   1.995,9999.000,   0.600,   0.117,   2.712,   0.500,   2.612,   0.600,   2.712
202608101806,   1.840,9999.000,9999.000,9999.000,9999.000,9999.000,9999.000,9999.000,9999.000
202608101812,   1.692,9999.000,9999.000,9999.000,9999.000,9999.000,9999.000,9999.000,9999.000
202608101818,   1.552,9999.000,9999.000,9999.000,9999.000,9999.000,9999.000,9999.000,9999.000
202608101824,   1.420,9999.000,9999.000,9999.000,9999.000,9999.000,9999.000,9999.000,9999.000
202608101830,   1.296,9999.000,9999.000,9999.000,9999.000,9999.000,9999.000,9999.000,9999.000
202608101836,   1.181,9999.000,9999.000,9999.000,9999.000,9999.000,9999.000,9999.000,9999.000
202608101842,   1.075,9999.000,9999.000,9999.000,9999.000,9999.000,9999.000,9999.000,9999.000
202608101848,   0.979,9999.000,9999.000,9999.000,9999.000,9999.000,9999.000,9999.000,9999.000
202608101854,   0.893,9999.000,9999.000,9999.000,9999.000,9999.000,9999.000,9999.000,9999.000
202608101900,   0.816,9999.000,   0.600,   0.093,   1.509,   0.500,   1.409,   0.600,   1.509
202608101906,   0.750,9999.000,9999.000,9999.000,9999.000,9999.000,9999.000,9999.000,9999.000
202608101912,   0.695,9999.000,9999.000,9999.000,9999.000,9999.000,9999.000,9999.000,9999.000
202608101918,   0.650,9999.000,9999.000,9999.000,9999.000,9999.000,9999.000,9999.000,9999.000
202608101924,   0.617,9999.000,9999.000,9999.000,9999.000,9999.000,9999.000,9999.000,9999.000
202608101930,   0.594,9999.000,9999.000,9999.000,9999.000,9999.000,9999.000,9999.000,9999.000
202608101936,   0.583,9999.000,9999.000,9999.000,9999.000,9999.000,9999.000,9999.000,9999.000
202608101942,   0.583,9999.000,9999.000,9999.000,9999.000,9999.000,9999.000,9999.000,9999.000
202608101948,   0.594,9999.000,9999.000,9999.000,9999.000,9999.000,9999.000,9999.000,9999.000
202608101954,   0.617,9999.000,9999.000,9999.000,9999.000,9999.000,9999.000,9999.000,9999.000
202608102000,   0.651,9999.000,   0.600,  -0.019,   1.232,   0.600,   1.232,   0.600,   1.232
202608102006,   0.696,9999.000,9999.000,9999.000,9999.000,9999.000,9999.000,9999.000,9999.000
202608102012,   0.753,9999.000,9999.000,9999.000,9999.000,9999.000,9999.000,9999.000,9999.000
202608102018,   0.820,9999.000,9999.000,9999.000,9999.000,9999.000,9999.000,9999.000,9999.000
202608102024,   0.898,9999.000,9999.000,9999.000,9999.000,9999.000,9999.000,9999.000,9999.000
202608102030,   0.987,9999.000,9999.000,9999.000,9999.000,9999.000,9999.000,9999.000,9999.000
202608102036,   1.086,9999.000,9999.000,9999.000,9999.000,9999.000,9999.000,9999.000,9999.000
202608102042,   1.195,9999.000,9999.000,9999.000,9999.000,9999.000,9999.000,9999.000,9999.000
202608102048,   1.314,9999.000,9999.000,9999.000,9999.000,9999.000,9999.000,9999.000,9999.000
202608102054,   1.443,9999.000,9999.000,9999.000,9999.000,9999.000,9999.000,9999.000,9999.000
202608102100,   1.580,9999.000,   0.600,  -0.195,   1.985,   0.600,   1.985,   0.600,   1.985
202608102106,   1.727,9999.000,9999.000,9999.000,9999.000,9999.000,9999.000,9999.000,9999.000
202608102112,   1.881,9999.000,9999.000,9999.000,9999.000,9999.000,9999.000,9999.000,9999.000
202608102118,   2.044,9999.000,9999.000,9999.000,9999.000,9999.000,9999.000,9999.000,9999.000
202608102124,   2.214,9999.000,9999.000,9999.000,9999.000,9999.000,9999.000,9999.000,9999.000
202608102130,   2.392,9999.000,9999.000,9999.000,9999.000,9999.000,9999.000,9999.000,9999.000
202608102136,   2.576,9999.000,9999.000,9999.000,9999.000,9999.000,9999.000,9999.000,9999.000
202608102142,   2.766,9999.000,9999.000,9999.000,9999.000,9999.000,9999.000,9999.000,9999.000
202608102148,   2.962,9999.000,9999.000,9999.000,9999.000,9999.000,9999.000,9999.000,9999.000
202608102154,   3.163,9999.000,9999.000,9999.000,9999.000,9999.000,9999.000,9999.000,9999.000
202608102200,   3.368,9999.000,   0.600,  -0.351,   3.617,   0.600,   3.617,   0.600,   3.617
202608102206,   3.578,9999.000,9999.000,9999.000,9999.000,9999.000,9999.000,9999.000,9999.000
202608102212,   3.792,9999.000,9999.000,9999.000,9999.000,9999.000,9999.000,9999.000,9999.000
202608102218,   4.008,9999.000,9999.000,9999.000,9999.000,9999.000,9999.000,9999.000,9999.000
202608102224,   4.227,9999.000,9999.000,9999.000,9999.000,9999.000,9999.000,9999.000,9999.000
202608102230,   4.448,9999.000,9999.000,9999.000,9999.000,9999.000,9999.000,9999.000,9999.000
202608102236,   4.671,9999.000,9999.000,9999.000,9999.000,9999.000,9999.000,9999.000,9999.000
202608102242,   4.894,9999.000,9999.000,9999.000,9999.000,9999.000,9999.000,9999.000,9999.000
202608102248,   5.118,9999.000,9999.000,9999.000,9999.000,9999.000,9999.000,9999.000,9999.000
202608102254,   5.342,9999.000,9999.000,9999.000,9999.000,9999.000,9999.000,9999.000,9999.000
202608102300,   5.565,9999.000,   0.600,  -0.437,   5.728,   0.600,   5.728,   0.700,   5.828
202608102306,   5.787,9999.000,9999.000,9999.000,9999.000,9999.000,9999.000,9999.000,9999.000
202608102312,   6.007,9999.000,9999.000,9999.000,9999.000,9999.000,9999.000,9999.000,9999.000
202608102318,   6.224,9999.000,9999.000,9999.000,9999.000,9999.000,9999.000,9999.000,9999.000
202608102324,   6.439,9999.000,9999.000,9999.000,9999.000,9999.000,9999.000,9999.000,9999.000
202608102330,   6.650,9999.000,9999.000,9999.000,9999.000,9999.000,9999.000,9999.000,9999.000
202608102336,   6.857,9999.000,9999.000,9999.000,9999.000,9999.000,9999.000,9999.000,9999.000
202608102342,   7.060,9999.000,9999.000,9999.000,9999.000,9999.000,9999.000,9999.000,9999.000
202608102348,   7.258,9999.000,9999.000,9999.000,9999.000,9999.000,9999.000,9999.000,9999.000
202608102354,   7.451,9999.000,9999.000,9999.000,9999.000,9999.000,9999.000,9999.000,9999.000
202608110000,   7.637,9999.000,   0.600,  -0.467,   7.770,   0.600,   7.770,   0.700,   7.870
202608110006,   7.818,9999.000,9999.000,9999.000,9999.000,9999.000,9999.000,9999.000,9999.000
202608110012,   7.992,9999.000,9999.000,9999.000,9999.000,9999.000,9999.000,9999.000,9999.000
202608110018,   8.159,9999.000,9999.000,9999.000,9999.000,9999.000,9999.000,9999.000,9999.000
202608110024,   8.318,9999.000,9999.000,9999.000,9999.000,9999.000,9999.000,9999.000,9999.000
202608110030,   8.470,9999.000,9999.000,9999.000,9999.000,9999.000,9999.000,9999.000,9999.000
202608110036,   8.614,9999.000,9999.000,9999.000,9999.000,9999.000,9999.000,9999.000,9999.000
202608110042,   8.749,9999.000,9999.000,9999.000,9999.000,9999.000,9999.000,9999.000,9999.000
202608110048,   8.876,9999.000,9999.000,9999.000,9999.000,9999.000,9999.000,9999.000,9999.000
202608110054,   8.994,9999.000,9999.000,9999.000,9999.000,9999.000,9999.000,9999.000,9999.000
202608110100,   9.103,9999.000,   0.700,  -0.447,   9.356,   0.600,   9.256,   0.700,   9.356
202608110106,   9.202,9999.000,9999.000,9999.000,9999.000,9999.000,9999.000,9999.000,9999.000
202608110112,   9.292,9999.000,9999.000,9999.000,9999.000,9999.000,9999.000,9999.000,9999.000
202608110118,   9.373,9999.000,9999.000,9999.000,9999.000,9999.000,9999.000,9999.000,9999.000
202608110124,   9.444,9999.000,9999.000,9999.000,9999.000,9999.000,9999.000,9999.000,9999.000
202608110130,   9.504,9999.000,9999.000,9999.000,9999.000,9999.000,9999.000,9999.000,9999.000
202608110136,   9.555,9999.000,9999.000,9999.000,9999.000,9999.000,9999.000,9999.000,9999.000
202608110142,   9.596,9999.000,9999.000,9999.000,9999.000,9999.000,9999.000,9999.000,9999.000
202608110148,   9.626,9999.000,9999.000,9999.000,9999.000,9999.000,9999.000,9999.000,9999.000
202608110154,   9.647,9999.000,9999.000,9999.000,9999.000,9999.000,9999.000,9999.000,9999.000
202608110200,   9.656,9999.000,   0.600,  -0.353,   9.903,   0.600,   9.903,   0.700,  10.003
202608110206,   9.656,9999.000,9999.000,9999.000,9999.000,9999.000,9999.000,9999.000,9999.000
202608110212,   9.645,9999.000,9999.000,9999.000,9999.000,9999.000,9999.000,9999.000,9999.000
202608110218,   9.623,9999.000,9999.000,9999.000,9999.000,9999.000,9999.000,9999.000,9999.000
202608110224,   9.591,9999.000,9999.000,9999.000,9999.000,9999.000,9999.000,9999.000,9999.000
202608110230,   9.549,9999.000,9999.000,9999.000,9999.000,9999.000,9999.000,9999.000,9999.000
202608110236,   9.496,9999.000,9999.000,9999.000,9999.000,9999.000,9999.000,9999.000,9999.000
202608110242,   9.432,9999.000,9999.000,9999.000,9999.000,9999.000,9999.000,9999.000,9999.000
202608110248,   9.358,9999.000,9999.000,9999.000,9999.000,9999.000,9999.000,9999.000,9999.000
202608110254,   9.274,9999.000,9999.000,9999.000,9999.000,9999.000,9999.000,9999.000,9999.000
202608110300,   9.179,9999.000,   0.600,  -0.194,   9.585,   0.600,   9.585,   0.700,   9.685
202608110306,   9.074,9999.000,9999.000,9999.000,9999.000,9999.000,9999.000,9999.000,9999.000
202608110312,   8.959,9999.000,9999.000,9999.000,9999.000,9999.000,9999.000,9999.000,9999.000
202608110318,   8.834,9999.000,9999.000,9999.000,9999.000,9999.000,9999.000,9999.000,9999.000
202608110324,   8.700,9999.000,9999.000,9999.000,9999.000,9999.000,9999.000,9999.000,9999.000
202608110330,   8.555,9999.000,9999.000,9999.000,9999.000,9999.000,9999.000,9999.000,9999.000
202608110336,   8.402,9999.000,9999.000,9999.000,9999.000,9999.000,9999.000,9999.000,9999.000
202608110342,   8.239,9999.000,9999.000,9999.000,9999.000,9999.000,9999.000,9999.000,9999.000
202608110348,   8.067,9999.000,9999.000,9999.000,9999.000,9999.000,9999.000,9999.000,9999.000
202608110354,   7.887,9999.000,9999.000,9999.000,9999.000,9999.000,9999.000,9999.000,9999.000
202608110400,   7.698,9999.000,   0.600,  -0.023,   8.275,   0.600,   8.275,   0.700,   8.375
202608110406,   7.502,9999.000,9999.000,9999.000,9999.000,9999.000,9999.000,9999.000,9999.000
202608110412,   7.298,9999.000,9999.000,9999.000,9999.000,9999.000,9999.000,9999.000,9999.000
202608110418,   7.088,9999.000,9999.000,9999.000,9999.000,9999.000,9999.000,9999.000,9999.000
202608110424,   6.871,9999.000,9999.000,9999.000,9999.000,9999.000,9999.000,9999.000,9999.000
202608110430,   6.648,9999.000,9999.000,9999.000,9999.000,9999.000,9999.000,9999.000,9999.000
202608110436,   6.419,9999.000,9999.000,9999.000,9999.000,9999.000,9999.000,9999.000,9999.000
202608110442,   6.186,9999.000,9999.000,9999.000,9999.000,9999.000,9999.000,9999.000,9999.000
202608110448,   5.948,9999.000,9999.000,9999.000,9999.000,9999.000,9999.000,9999.000,9999.000
202608110454,   5.707,9999.000,9999.000,9999.000,9999.000,9999.000,9999.000,9999.000,9999.000
202608110500,   5.462,9999.000,   0.600,   0.119,   6.181,   0.600,   6.181,   0.600,   6.181
202608110506,   5.215,9999.000,9999.000,9999.000,9999.000,9999.000,9999.000,9999.000,9999.000
202608110512,   4.966,9999.000,9999.000,9999.000,9999.000,9999.000,9999.000,9999.000,9999.000
202608110518,   4.715,9999.000,9999.000,9999.000,9999.000,9999.000,9999.000,9999.000,9999.000
202608110524,   4.464,9999.000,9999.000,9999.000,9999.000,9999.000,9999.000,9999.000,9999.000
202608110530,   4.213,9999.000,9999.000,9999.000,9999.000,9999.000,9999.000,9999.000,9999.000
202608110536,   3.963,9999.000,9999.000,9999.000,9999.000,9999.000,9999.000,9999.000,9999.000
202608110542,   3.714,9999.000,9999.000,9999.000,9999.000,9999.000,9999.000,9999.000,9999.000
202608110548,   3.466,9999.000,9999.000,9999.000,9999.000,9999.000,9999.000,9999.000,9999.000
202608110554,   3.221,9999.000,9999.000,9999.000,9999.000,9999.000,9999.000,9999.000,9999.000
202608110600,   2.980,9999.000,   0.600,   0.210,   3.790,   0.600,   3.790,   0.600,   3.790
202608110606,   2.742,9999.000,9999.000,9999.000,9999.000,9999.000,9999.000,9999.000,9999.000
202608110612,   2.508,9999.000,9999.000,9999.000,9999.000,9999.000,9999.000,9999.000,9999.000
202608110618,   2.280,9999.000,9999.000,9999.000,9999.000,9999.000,9999.000,9999.000,9999.000
202608110624,   2.057,9999.000,9999.000,9999.000,9999.000,9999.000,9999.000,9999.000,9999.000
202608110630,   1.840,9999.000,9999.000,9999.000,9999.000,9999.000,9999.000,9999.000,9999.000
202608110636,   1.630,9999.000,9999.000,9999.000,9999.000,9999.000,9999.000,9999.000,9999.000
202608110642,   1.427,9999.000,9999.000,9999.000,9999.000,9999.000,9999.000,9999.000,9999.000
202608110648,   1.231,9999.000,9999.000,9999.000,9999.000,9999.000,9999.000,9999.000,9999.000
202608110654,   1.044,9999.000,9999.000,9999.000,9999.000,9999.000,9999.000,9999.000,9999.000
202608110700,   0.866,9999.000,   0.600,   0.206,   1.672,   0.500,   1.572,   0.600,   1.672
202608110706,   0.696,9999.000,9999.000,9999.000,9999.000,9999.000,9999.000,9999.000,9999.000
202608110712,   0.537,9999.000,9999.000,9999.000,9999.000,9999.000,9999.000,9999.000,9999.000
202608110718,   0.387,9999.000,9999.000,9999.000,9999.000,9999.000,9999.000,9999.000,9999.000
202608110724,   0.247,9999.000,9999.000,9999.000,9999.000,9999.000,9999.000,9999.000,9999.000
202608110730,   0.118,9999.000,9999.000,9999.000,9999.000,9999.000,9999.000,9999.000,9999.000
202608110736,   0.000,9999.000,9999.000,9999.000,9999.000,9999.000,9999.000,9999.000,9999.000
202608110742,  -0.105,9999.000,9999.000,9999.000,9999.000,9999.000,9999.000,9999.000,9999.000
202608110748,  -0.201,9999.000,9999.000,9999.000,9999.000,9999.000,9999.000,9999.000,9999.000
202608110754,  -0.284,9999.000,9999.000,9999.000,9999.000,9999.000,9999.000,9999.000,9999.000
202608110800,  -0.356,9999.000,   0.600,   0.078,   0.322,   0.500,   0.222,   0.600,   0.322
202608110806,  -0.415,9999.000,9999.000,9999.000,9999.000,9999.000,9999.000,9999.000,9999.000
202608110812,  -0.463,9999.000,9999.000,9999.000,9999.000,9999.000,9999.000,9999.000,9999.000
202608110818,  -0.498,9999.000,9999.000,9999.000,9999.000,9999.000,9999.000,9999.000,9999.000
202608110824,  -0.521,9999.000,9999.000,9999.000,9999.000,9999.000,9999.000,9999.000,9999.000
202608110830,  -0.531,9999.000,9999.000,9999.000,9999.000,9999.000,9999.000,9999.000,9999.000
202608110836,  -0.530,9999.000,9999.000,9999.000,9999.000,9999.000,9999.000,9999.000,9999.000
202608110842,  -0.516,9999.000,9999.000,9999.000,9999.000,9999.000,9999.000,9999.000,9999.000
202608110848,  -0.491,9999.000,9999.000,9999.000,9999.000,9999.000,9999.000,9999.000,9999.000
202608110854,  -0.453,9999.000,9999.000,9999.000,9999.000,9999.000,9999.000,9999.000,9999.000
202608110900,  -0.404,9999.000,   0.600,  -0.112,   0.084,   0.500,  -0.016,   0.600,   0.084
202608110906,  -0.343,9999.000,9999.000,9999.000,9999.000,9999.000,9999.000,9999.000,9999.000
202608110912,  -0.271,9999.000,9999.000,9999.000,9999.000,9999.000,9999.000,9999.000,9999.000
202608110918,  -0.188,9999.000,9999.000,9999.000,9999.000,9999.000,9999.000,9999.000,9999.000
202608110924,  -0.095,9999.000,9999.000,9999.000,9999.000,9999.000,9999.000,9999.000,9999.000
202608110930,   0.008,9999.000,9999.000,9999.000,9999.000,9999.000,9999.000,9999.000,9999.000
202608110936,   0.123,9999.000,9999.000,9999.000,9999.000,9999.000,9999.000,9999.000,9999.000
202608110942,   0.246,9999.000,9999.000,9999.000,9999.000,9999.000,9999.000,9999.000,9999.000
202608110948,   0.380,9999.000,9999.000,9999.000,9999.000,9999.000,9999.000,9999.000,9999.000
202608110954,   0.522,9999.000,9999.000,9999.000,9999.000,9999.000,9999.000,9999.000,9999.000
202608111000,   0.672,9999.000,   0.600,  -0.261,   1.011,   0.500,   0.911,   0.600,   1.011
202608111006,   0.831,9999.000,9999.000,9999.000,9999.000,9999.000,9999.000,9999.000,9999.000
202608111012,   0.997,9999.000,9999.000,9999.000,9999.000,9999.000,9999.000,9999.000,9999.000
202608111018,   1.171,9999.000,9999.000,9999.000,9999.000,9999.000,9999.000,9999.000,9999.000
202608111024,   1.351,9999.000,9999.000,9999.000,9999.000,9999.000,9999.000,9999.000,9999.000
202608111030,   1.537,9999.000,9999.000,9999.000,9999.000,9999.000,9999.000,9999.000,9999.000
202608111036,   1.729,9999.000,9999.000,9999.000,9999.000,9999.000,9999.000,9999.000,9999.000
202608111042,   1.926,9999.000,9999.000,9999.000,9999.000,9999.000,9999.000,9999.000,9999.000
202608111048,   2.128,9999.000,9999.000,9999.000,9999.000,9999.000,9999.000,9999.000,9999.000
202608111054,   2.334,9999.000,9999.000,9999.000,9999.000,9999.000,9999.000,9999.000,9999.000
202608111100,   2.544,9999.000,   0.600,  -0.341,   2.803,   0.500,   2.703,   0.600,   2.803
202608111106,   2.756,9999.000,9999.000,9999.000,9999.000,9999.000,9999.000,9999.000,9999.000
202608111112,   2.972,9999.000,9999.000,9999.000,9999.000,9999.000,9999.000,9999.000,9999.000
202608111118,   3.189,9999.000,9999.000,9999.000,9999.000,9999.000,9999.000,9999.000,9999.000
202608111124,   3.407,9999.000,9999.000,9999.000,9999.000,9999.000,9999.000,9999.000,9999.000
202608111130,   3.626,9999.000,9999.000,9999.000,9999.000,9999.000,9999.000,9999.000,9999.000
202608111136,   3.846,9999.000,9999.000,9999.000,9999.000,9999.000,9999.000,9999.000,9999.000
202608111142,   4.065,9999.000,9999.000,9999.000,9999.000,9999.000,9999.000,9999.000,9999.000
202608111148,   4.283,9999.000,9999.000,9999.000,9999.000,9999.000,9999.000,9999.000,9999.000
202608111154,   4.500,9999.000,9999.000,9999.000,9999.000,9999.000,9999.000,9999.000,9999.000
202608111200,   4.715,9999.000,   0.600,  -0.395,   4.920,   0.500,   4.820,   0.600,   4.920
202608111206,   4.927,9999.000,9999.000,9999.000,9999.000,9999.000,9999.000,9999.000,9999.000
202608111212,   5.136,9999.000,9999.000,9999.000,9999.000,9999.000,9999.000,9999.000,9999.000
202608111218,   5.342,9999.000,9999.000,9999.000,9999.000,9999.000,9999.000,9999.000,9999.000
202608111224,   5.544,9999.000,9999.000,9999.000,9999.000,9999.000,9999.000,9999.000,9999.000
202608111230,   5.741,9999.000,9999.000,9999.000,9999.000,9999.000,9999.000,9999.000,9999.000
202608111236,   5.933,9999.000,9999.000,9999.000,9999.000,9999.000,9999.000,9999.000,9999.000
202608111242,   6.120,9999.000,9999.000,9999.000,9999.000,9999.000,9999.000,9999.000,9999.000
202608111248,   6.300,9999.000,9999.000,9999.000,9999.000,9999.000,9999.000,9999.000,9999.000
202608111254,   6.475,9999.000,9999.000,9999.000,9999.000,9999.000,9999.000,9999.000,9999.000
202608111300,   6.643,9999.000,   0.600,  -0.418,   6.825,   0.500,   6.725,   0.600,   6.825
202608111306,   6.804,9999.000,9999.000,9999.000,9999.000,9999.000,9999.000,9999.000,9999.000
202608111312,   6.957,9999.000,9999.000,9999.000,9999.000,9999.000,9999.000,9999.000,9999.000
202608111318,   7.103,9999.000,9999.000,9999.000,9999.000,9999.000,9999.000,9999.000,9999.000
202608111324,   7.241,9999.000,9999.000,9999.000,9999.000,9999.000,9999.000,9999.000,9999.000
202608111330,   7.371,9999.000,9999.000,9999.000,9999.000,9999.000,9999.000,9999.000,9999.000
202608111336,   7.492,9999.000,9999.000,9999.000,9999.000,9999.000,9999.000,9999.000,9999.000
202608111342,   7.605,9999.000,9999.000,9999.000,9999.000,9999.000,9999.000,9999.000,9999.000
202608111348,   7.709,9999.000,9999.000,9999.000,9999.000,9999.000,9999.000,9999.000,9999.000
202608111354,   7.803,9999.000,9999.000,9999.000,9999.000,9999.000,9999.000,9999.000,9999.000
202608111400,   7.889,9999.000,   0.600,  -0.356,   8.133,   0.500,   8.033,   0.600,   8.133
202608111406,   7.965,9999.000,9999.000,9999.000,9999.000,9999.000,9999.000,9999.000,9999.000
202608111412,   8.032,9999.000,9999.000,9999.000,9999.000,9999.000,9999.000,9999.000,9999.000
202608111418,   8.089,9999.000,9999.000,9999.000,9999.000,9999.000,9999.000,9999.000,9999.000
202608111424,   8.136,9999.000,9999.000,9999.000,9999.000,9999.000,9999.000,9999.000,9999.000
202608111430,   8.173,9999.000,9999.000,9999.000,9999.000,9999.000,9999.000,9999.000,9999.000
202608111436,   8.200,9999.000,9999.000,9999.000,9999.000,9999.000,9999.000,9999.000,9999.000
202608111442,   8.218,9999.000,9999.000,9999.000,9999.000,9999.000,9999.000,9999.000,9999.000
202608111448,   8.225,9999.000,9999.000,9999.000,9999.000,9999.000,9999.000,9999.000,9999.000
202608111454,   8.222,9999.000,9999.000,9999.000,9999.000,9999.000,9999.000,9999.000,9999.000
202608111500,   8.208,9999.000,   0.600,  -0.207,   8.601,   0.500,   8.501,   0.700,   8.701
202608111506,   8.185,9999.000,9999.000,9999.000,9999.000,9999.000,9999.000,9999.000,9999.000
202608111512,   8.151,9999.000,9999.000,9999.000,9999.000,9999.000,9999.000,9999.000,9999.000
202608111518,   8.107,9999.000,9999.000,9999.000,9999.000,9999.000,9999.000,9999.000,9999.000
202608111524,   8.053,9999.000,9999.000,9999.000,9999.000,9999.000,9999.000,9999.000,9999.000
202608111530,   7.988,9999.000,9999.000,9999.000,9999.000,9999.000,9999.000,9999.000,9999.000
202608111536,   7.914,9999.000,9999.000,9999.000,9999.000,9999.000,9999.000,9999.000,9999.000
202608111542,   7.829,9999.000,9999.000,9999.000,9999.000,9999.000,9999.000,9999.000,9999.000
202608111548,   7.735,9999.000,9999.000,9999.000,9999.000,9999.000,9999.000,9999.000,9999.000
202608111554,   7.631,9999.000,9999.000,9999.000,9999.000,9999.000,9999.000,9999.000,9999.000
202608111600,   7.517,9999.000,   0.600,  -0.046,   8.071,   0.500,   7.971,   0.700,   8.171
202608111606,   7.394,9999.000,9999.000,9999.000,9999.000,9999.000,9999.000,9999.000,9999.000
202608111612,   7.262,9999.000,9999.000,9999.000,9999.000,9999.000,9999.000,9999.000,9999.000
202608111618,   7.122,9999.000,9999.000,9999.000,9999.000,9999.000,9999.000,9999.000,9999.000
202608111624,   6.972,9999.000,9999.000,9999.000,9999.000,9999.000,9999.000,9999.000,9999.000
202608111630,   6.815,9999.000,9999.000,9999.000,9999.000,9999.000,9999.000,9999.000,9999.000
202608111636,   6.650,9999.000,9999.000,9999.000,9999.000,9999.000,9999.000,9999.000,9999.000
202608111642,   6.478,9999.000,9999.000,9999.000,9999.000,9999.000,9999.000,9999.000,9999.000
202608111648,   6.299,9999.000,9999.000,9999.000,9999.000,9999.000,9999.000,9999.000,9999.000
202608111654,   6.113,9999.000,9999.000,9999.000,9999.000,9999.000,9999.000,9999.000,9999.000
202608111700,   5.922,9999.000,   0.600,   0.074,   6.596,   0.500,   6.496,   0.700,   6.696
202608111706,   5.725,9999.000,9999.000,9999.000,9999.000,9999.000,9999.000,9999.000,9999.000
202608111712,   5.523,9999.000,9999.000,9999.000,9999.000,9999.000,9999.000,9999.000,9999.000
202608111718,   5.318,9999.000,9999.000,9999.000,9999.000,9999.000,9999.000,9999.000,9999.000
202608111724,   5.109,9999.000,9999.000,9999.000,9999.000,9999.000,9999.000,9999.000,9999.000
202608111730,   4.896,9999.000,9999.000,9999.000,9999.000,9999.000,9999.000,9999.000,9999.000
202608111736,   4.682,9999.000,9999.000,9999.000,9999.000,9999.000,9999.000,9999.000,9999.000
202608111742,   4.466,9999.000,9999.000,9999.000,9999.000,9999.000,9999.000,9999.000,9999.000
202608111748,   4.249,9999.000,9999.000,9999.000,9999.000,9999.000,9999.000,9999.000,9999.000
202608111754,   4.031,9999.000,9999.000,9999.000,9999.000,9999.000,9999.000,9999.000,9999.000
202608111800,   3.814,9999.000,   0.600,   0.145,   4.559,   0.500,   4.459,   0.700,   4.659
202608111806,   3.598,9999.000,9999.000,9999.000,9999.000,9999.000,9999.000,9999.000,9999.000
202608111812,   3.383,9999.000,9999.000,9999.000,9999.000,9999.000,9999.000,9999.000,9999.000
202608111818,   3.171,9999.000,9999.000,9999.000,9999.000,9999.000,9999.000,9999.000,9999.000
202608111824,   2.962,9999.000,9999.000,9999.000,9999.000,9999.000,9999.000,9999.000,9999.000
202608111830,   2.756,9999.000,9999.000,9999.000,9999.000,9999.000,9999.000,9999.000,9999.000
202608111836,   2.555,9999.000,9999.000,9999.000,9999.000,9999.000,9999.000,9999.000,9999.000
202608111842,   2.358,9999.000,9999.000,9999.000,9999.000,9999.000,9999.000,9999.000,9999.000
202608111848,   2.167,9999.000,9999.000,9999.000,9999.000,9999.000,9999.000,9999.000,9999.000
202608111854,   1.982,9999.000,9999.000,9999.000,9999.000,9999.000,9999.000,9999.000,9999.000
202608111900,   1.804,9999.000,   0.600,   0.148,   2.552,   0.500,   2.452,   0.700,   2.652
202608111906,   1.633,9999.000,9999.000,9999.000,9999.000,9999.000,9999.000,9999.000,9999.000
202608111912,   1.470,9999.000,9999.000,9999.000,9999.000,9999.000,9999.000,9999.000,9999.000
202608111918,   1.315,9999.000,9999.000,9999.000,9999.000,9999.000,9999.000,9999.000,9999.000
202608111924,   1.169,9999.000,9999.000,9999.000,9999.000,9999.000,9999.000,9999.000,9999.000
202608111930,   1.032,9999.000,9999.000,9999.000,9999.000,9999.000,9999.000,9999.000,9999.000
202608111936,   0.904,9999.000,9999.000,9999.000,9999.000,9999.000,9999.000,9999.000,9999.000
202608111942,   0.787,9999.000,9999.000,9999.000,9999.000,9999.000,9999.000,9999.000,9999.000
202608111948,   0.680,9999.000,9999.000,9999.000,9999.000,9999.000,9999.000,9999.000,9999.000
202608111954,   0.584,9999.000,9999.000,9999.000,9999.000,9999.000,9999.000,9999.000,9999.000
202608112000,   0.500,9999.000,   0.600,   0.045,   1.145,   0.500,   1.045,   0.700,   1.245
202608112006,   0.426,9999.000,9999.000,9999.000,9999.000,9999.000,9999.000,9999.000,9999.000
202608112012,   0.365,9999.000,9999.000,9999.000,9999.000,9999.000,9999.000,9999.000,9999.000
202608112018,   0.315,9999.000,9999.000,9999.000,9999.000,9999.000,9999.000,9999.000,9999.000
202608112024,   0.277,9999.000,9999.000,9999.000,9999.000,9999.000,9999.000,9999.000,9999.000
202608112030,   0.251,9999.000,9999.000,9999.000,9999.000,9999.000,9999.000,9999.000,9999.000
202608112036,   0.238,9999.000,9999.000,9999.000,9999.000,9999.000,9999.000,9999.000,9999.000
202608112042,   0.237,9999.000,9999.000,9999.000,9999.000,9999.000,9999.000,9999.000,9999.000
202608112048,   0.248,9999.000,9999.000,9999.000,9999.000,9999.000,9999.000,9999.000,9999.000
202608112054,   0.271,9999.000,9999.000,9999.000,9999.000,9999.000,9999.000,9999.000,9999.000
202608112100,   0.307,9999.000,   0.600,  -0.137,   0.770,   0.500,   0.670,   0.700,   0.870
202608112106,   0.355,9999.000,9999.000,9999.000,9999.000,9999.000,9999.000,9999.000,9999.000
202608112112,   0.415,9999.000,9999.000,9999.000,9999.000,9999.000,9999.000,9999.000,9999.000
202608112118,   0.487,9999.000,9999.000,9999.000,9999.000,9999.000,9999.000,9999.000,9999.000
202608112124,   0.570,9999.000,9999.000,9999.000,9999.000,9999.000,9999.000,9999.000,9999.000
202608112130,   0.665,9999.000,9999.000,9999.000,9999.000,9999.000,9999.000,9999.000,9999.000
202608112136,   0.770,9999.000,9999.000,9999.000,9999.000,9999.000,9999.000,9999.000,9999.000
202608112142,   0.887,9999.000,9999.000,9999.000,9999.000,9999.000,9999.000,9999.000,9999.000
202608112148,   1.014,9999.000,9999.000,9999.000,9999.000,9999.000,9999.000,9999.000,9999.000
202608112154,   1.152,9999.000,9999.000,9999.000,9999.000,9999.000,9999.000,9999.000,9999.000
202608112200,   1.299,9999.000,   0.600,  -0.312,   1.587,   0.500,   1.487,   0.700,   1.687
202608112206,   1.455,9999.000,9999.000,9999.000,9999.000,9999.000,9999.000,9999.000,9999.000
202608112212,   1.621,9999.000,9999.000,9999.000,9999.000,9999.000,9999.000,9999.000,9999.000
202608112218,   1.795,9999.000,9999.000,9999.000,9999.000,9999.000,9999.000,9999.000,9999.000
202608112224,   1.977,9999.000,9999.000,9999.000,9999.000,9999.000,9999.000,9999.000,9999.000
202608112230,   2.166,9999.000,9999.000,9999.000,9999.000,9999.000,9999.000,9999.000,9999.000
202608112236,   2.363,9999.000,9999.000,9999.000,9999.000,9999.000,9999.000,9999.000,9999.000
202608112242,   2.566,9999.000,9999.000,9999.000,9999.000,9999.000,9999.000,9999.000,9999.000
202608112248,   2.776,9999.000,9999.000,9999.000,9999.000,9999.000,9999.000,9999.000,9999.000
202608112254,   2.991,9999.000,9999.000,9999.000,9999.000,9999.000,9999.000,9999.000,9999.000
202608112300,   3.211,9999.000,   0.600,  -0.427,   3.384,   0.500,   3.284,   0.700,   3.484
202608112306,   3.435,9999.000,9999.000,9999.000,9999.000,9999.000,9999.000,9999.000,9999.000
202608112312,   3.663,9999.000,9999.000,9999.000,9999.000,9999.000,9999.000,9999.000,9999.000
202608112318,   3.895,9999.000,9999.000,9999.000,9999.000,9999.000,9999.000,9999.000,9999.000
202608112324,   4.130,9999.000,9999.000,9999.000,9999.000,9999.000,9999.000,9999.000,9999.000
202608112330,   4.366,9999.000,9999.000,9999.000,9999.000,9999.000,9999.000,9999.000,9999.000
202608112336,   4.604,9999.000,9999.000,9999.000,9999.000,9999.000,9999.000,9999.000,9999.000
202608112342,   4.844,9999.000,9999.000,9999.000,9999.000,9999.000,9999.000,9999.000,9999.000
202608112348,   5.083,9999.000,9999.000,9999.000,9999.000,9999.000,9999.000,9999.000,9999.000
202608112354,   5.323,9999.000,9999.000,9999.000,9999.000,9999.000,9999.000,9999.000,9999.000
202608120000,   5.561,9999.000,   0.600,  -0.486,   5.675,   0.500,   5.575,   0.700,   5.775
202608120006,   5.799,9999.000,9999.000,9999.000,9999.000,9999.000,9999.000,9999.000,9999.000
202608120012,   6.034,9999.000,9999.000,9999.000,9999.000,9999.000,9999.000,9999.000,9999.000
202608120018,   6.266,9999.000,9999.000,9999.000,9999.000,9999.000,9999.000,9999.000,9999.000
202608120024,   6.496,9999.000,9999.000,9999.000,9999.000,9999.000,9999.000,9999.000,9999.000
202608120030,   6.722,9999.000,9999.000,9999.000,9999.000,9999.000,9999.000,9999.000,9999.000
202608120036,   6.943,9999.000,9999.000,9999.000,9999.000,9999.000,9999.000,9999.000,9999.000
202608120042,   7.160,9999.000,9999.000,9999.000,9999.000,9999.000,9999.000,9999.000,9999.000
202608120048,   7.371,9999.000,9999.000,9999.000,9999.000,9999.000,9999.000,9999.000,9999.000
202608120054,   7.577,9999.000,9999.000,9999.000,9999.000,9999.000,9999.000,9999.000,9999.000
202608120100,   7.776,9999.000,   0.600,  -0.487,   7.889,   0.600,   7.889,   0.700,   7.989
202608120106,   7.968,9999.000,9999.000,9999.000,9999.000,9999.000,9999.000,9999.000,9999.000
202608120112,   8.153,9999.000,9999.000,9999.000,9999.000,9999.000,9999.000,9999.000,9999.000
202608120118,   8.331,9999.000,9999.000,9999.000,9999.000,9999.000,9999.000,9999.000,9999.000
202608120124,   8.501,9999.000,9999.000,9999.000,9999.000,9999.000,9999.000,9999.000,9999.000
202608120130,   8.662,9999.000,9999.000,9999.000,9999.000,9999.000,9999.000,9999.000,9999.000
202608120136,   8.814,9999.000,9999.000,9999.000,9999.000,9999.000,9999.000,9999.000,9999.000
202608120142,   8.958,9999.000,9999.000,9999.000,9999.000,9999.000,9999.000,9999.000,9999.000
202608120148,   9.092,9999.000,9999.000,9999.000,9999.000,9999.000,9999.000,9999.000,9999.000
202608120154,   9.217,9999.000,9999.000,9999.000,9999.000,9999.000,9999.000,9999.000,9999.000
202608120200,   9.332,9999.000,   0.600,  -0.406,   9.526,   0.600,   9.526,   0.700,   9.626
202608120206,   9.437,9999.000,9999.000,9999.000,9999.000,9999.000,9999.000,9999.000,9999.000
202608120212,   9.532,9999.000,9999.000,9999.000,9999.000,9999.000,9999.000,9999.000,9999.000
202608120218,   9.617,9999.000,9999.000,9999.000,9999.000,9999.000,9999.000,9999.000,9999.000
202608120224,   9.691,9999.000,9999.000,9999.000,9999.000,9999.000,9999.000,9999.000,9999.000
202608120230,   9.754,9999.000,9999.000,9999.000,9999.000,9999.000,9999.000,9999.000,9999.000
202608120236,   9.807,9999.000,9999.000,9999.000,9999.000,9999.000,9999.000,9999.000,9999.000
202608120242,   9.849,9999.000,9999.000,9999.000,9999.000,9999.000,9999.000,9999.000,9999.000
202608120248,   9.880,9999.000,9999.000,9999.000,9999.000,9999.000,9999.000,9999.000,9999.000
202608120254,   9.900,9999.000,9999.000,9999.000,9999.000,9999.000,9999.000,9999.000,9999.000
202608120300,   9.909,9999.000,   0.600,  -0.250,  10.259,   0.500,  10.159,   0.700,  10.359
202608120306,   9.907,9999.000,9999.000,9999.000,9999.000,9999.000,9999.000,9999.000,9999.000
202608120312,   9.893,9999.000,9999.000,9999.000,9999.000,9999.000,9999.000,9999.000,9999.000
202608120318,   9.868,9999.000,9999.000,9999.000,9999.000,9999.000,9999.000,9999.000,9999.000
202608120324,   9.832,9999.000,9999.000,9999.000,9999.000,9999.000,9999.000,9999.000,9999.000
202608120330,   9.785,9999.000,9999.000,9999.000,9999.000,9999.000,9999.000,9999.000,9999.000
202608120336,   9.726,9999.000,9999.000,9999.000,9999.000,9999.000,9999.000,9999.000,9999.000
202608120342,   9.656,9999.000,9999.000,9999.000,9999.000,9999.000,9999.000,9999.000,9999.000
202608120348,   9.575,9999.000,9999.000,9999.000,9999.000,9999.000,9999.000,9999.000,9999.000
202608120354,   9.483,9999.000,9999.000,9999.000,9999.000,9999.000,9999.000,9999.000,9999.000
202608120400,   9.379,9999.000,   0.600,  -0.064,   9.915,   0.500,   9.815,   0.700,  10.015
202608120406,   9.265,9999.000,9999.000,9999.000,9999.000,9999.000,9999.000,9999.000,9999.000
202608120412,   9.140,9999.000,9999.000,9999.000,9999.000,9999.000,9999.000,9999.000,9999.000
202608120418,   9.003,9999.000,9999.000,9999.000,9999.000,9999.000,9999.000,9999.000,9999.000
202608120424,   8.857,9999.000,9999.000,9999.000,9999.000,9999.000,9999.000,9999.000,9999.000
202608120430,   8.700,9999.000,9999.000,9999.000,9999.000,9999.000,9999.000,9999.000,9999.000
202608120436,   8.533,9999.000,9999.000,9999.000,9999.000,9999.000,9999.000,9999.000,9999.000
202608120442,   8.356,9999.000,9999.000,9999.000,9999.000,9999.000,9999.000,9999.000,9999.000
202608120448,   8.170,9999.000,9999.000,9999.000,9999.000,9999.000,9999.000,9999.000,9999.000
202608120454,   7.975,9999.000,9999.000,9999.000,9999.000,9999.000,9999.000,9999.000,9999.000
202608120500,   7.771,9999.000,   0.600,   0.113,   8.484,   0.500,   8.384,   0.600,   8.484
202608120506,   7.559,9999.000,9999.000,9999.000,9999.000,9999.000,9999.000,9999.000,9999.000
202608120512,   7.339,9999.000,9999.000,9999.000,9999.000,9999.000,9999.000,9999.000,9999.000
202608120518,   7.111,9999.000,9999.000,9999.000,9999.000,9999.000,9999.000,9999.000,9999.000
202608120524,   6.877,9999.000,9999.000,9999.000,9999.000,9999.000,9999.000,9999.000,9999.000
202608120530,   6.636,9999.000,9999.000,9999.000,9999.000,9999.000,9999.000,9999.000,9999.000
202608120536,   6.390,9999.000,9999.000,9999.000,9999.000,9999.000,9999.000,9999.000,9999.000
202608120542,   6.139,9999.000,9999.000,9999.000,9999.000,9999.000,9999.000,9999.000,9999.000
202608120548,   5.883,9999.000,9999.000,9999.000,9999.000,9999.000,9999.000,9999.000,9999.000
202608120554,   5.624,9999.000,9999.000,9999.000,9999.000,9999.000,9999.000,9999.000,9999.000
202608120600,   5.361,9999.000,   0.600,   0.246,   6.207,   0.500,   6.107,   0.600,   6.207
202608120606,   5.096,9999.000,9999.000,9999.000,9999.000,9999.000,9999.000,9999.000,9999.000
202608120612,   4.829,9999.000,9999.000,9999.000,9999.000,9999.000,9999.000,9999.000,9999.000
202608120618,   4.561,9999.000,9999.000,9999.000,9999.000,9999.000,9999.000,9999.000,9999.000
202608120624,   4.293,9999.000,9999.000,9999.000,9999.000,9999.000,9999.000,9999.000,9999.000
202608120630,   4.025,9999.000,9999.000,9999.000,9999.000,9999.000,9999.000,9999.000,9999.000
202608120636,   3.758,9999.000,9999.000,9999.000,9999.000,9999.000,9999.000,9999.000,9999.000
202608120642,   3.493,9999.000,9999.000,9999.000,9999.000,9999.000,9999.000,9999.000,9999.000
202608120648,   3.230,9999.000,9999.000,9999.000,9999.000,9999.000,9999.000,9999.000,9999.000
202608120654,   2.971,9999.000,9999.000,9999.000,9999.000,9999.000,9999.000,9999.000,9999.000
202608120700,   2.715,9999.000,   0.500,   0.273,   3.488,   0.500,   3.488,   0.600,   3.588
202608120706,   2.464,9999.000,9999.000,9999.000,9999.000,9999.000,9999.000,9999.000,9999.000
202608120712,   2.218,9999.000,9999.000,9999.000,9999.000,9999.000,9999.000,9999.000,9999.000
202608120718,   1.977,9999.000,9999.000,9999.000,9999.000,9999.000,9999.000,9999.000,9999.000
202608120724,   1.744,9999.000,9999.000,9999.000,9999.000,9999.000,9999.000,9999.000,9999.000
202608120730,   1.517,9999.000,9999.000,9999.000,9999.000,9999.000,9999.000,9999.000,9999.000
202608120736,   1.298,9999.000,9999.000,9999.000,9999.000,9999.000,9999.000,9999.000,9999.000
202608120742,   1.087,9999.000,9999.000,9999.000,9999.000,9999.000,9999.000,9999.000,9999.000
202608120748,   0.885,9999.000,9999.000,9999.000,9999.000,9999.000,9999.000,9999.000,9999.000
202608120754,   0.692,9999.000,9999.000,9999.000,9999.000,9999.000,9999.000,9999.000,9999.000
202608120800,   0.509,9999.000,   0.500,   0.159,   1.168,   0.400,   1.068,   0.600,   1.268
202608120806,   0.336,9999.000,9999.000,9999.000,9999.000,9999.000,9999.000,9999.000,9999.000
202608120812,   0.174,9999.000,9999.000,9999.000,9999.000,9999.000,9999.000,9999.000,9999.000
202608120818,   0.023,9999.000,9999.000,9999.000,9999.000,9999.000,9999.000,9999.000,9999.000
202608120824,  -0.116,9999.000,9999.000,9999.000,9999.000,9999.000,9999.000,9999.000,9999.000
202608120830,  -0.244,9999.000,9999.000,9999.000,9999.000,9999.000,9999.000,9999.000,9999.000
202608120836,  -0.360,9999.000,9999.000,9999.000,9999.000,9999.000,9999.000,9999.000,9999.000
202608120842,  -0.463,9999.000,9999.000,9999.000,9999.000,9999.000,9999.000,9999.000,9999.000
202608120848,  -0.554,9999.000,9999.000,9999.000,9999.000,9999.000,9999.000,9999.000,9999.000
202608120854,  -0.632,9999.000,9999.000,9999.000,9999.000,9999.000,9999.000,9999.000,9999.000
202608120900,  -0.697,9999.000,   0.500,  -0.034,  -0.231,   0.500,  -0.231,   0.600,  -0.131
202608120906,  -0.750,9999.000,9999.000,9999.000,9999.000,9999.000,9999.000,9999.000,9999.000
202608120912,  -0.789,9999.000,9999.000,9999.000,9999.000,9999.000,9999.000,9999.000,9999.000
202608120918,  -0.815,9999.000,9999.000,9999.000,9999.000,9999.000,9999.000,9999.000,9999.000
202608120924,  -0.828,9999.000,9999.000,9999.000,9999.000,9999.000,9999.000,9999.000,9999.000
202608120930,  -0.827,9999.000,9999.000,9999.000,9999.000,9999.000,9999.000,9999.000,9999.000
202608120936,  -0.814,9999.000,9999.000,9999.000,9999.000,9999.000,9999.000,9999.000,9999.000
202608120942,  -0.788,9999.000,9999.000,9999.000,9999.000,9999.000,9999.000,9999.000,9999.000
202608120948,  -0.749,9999.000,9999.000,9999.000,9999.000,9999.000,9999.000,9999.000,9999.000
202608120954,  -0.698,9999.000,9999.000,9999.000,9999.000,9999.000,9999.000,9999.000,9999.000
202608121000,  -0.634,9999.000,   0.600,  -0.207,  -0.241,   0.500,  -0.341,   0.600,  -0.241
202608121006,  -0.558,9999.000,9999.000,9999.000,9999.000,9999.000,9999.000,9999.000,9999.000
202608121012,  -0.471,9999.000,9999.000,9999.000,9999.000,9999.000,9999.000,9999.000,9999.000
202608121018,  -0.371,9999.000,9999.000,9999.000,9999.000,9999.000,9999.000,9999.000,9999.000
202608121024,  -0.261,9999.000,9999.000,9999.000,9999.000,9999.000,9999.000,9999.000,9999.000
202608121030,  -0.140,9999.000,9999.000,9999.000,9999.000,9999.000,9999.000,9999.000,9999.000
202608121036,  -0.008,9999.000,9999.000,9999.000,9999.000,9999.000,9999.000,9999.000,9999.000
202608121042,   0.133,9999.000,9999.000,9999.000,9999.000,9999.000,9999.000,9999.000,9999.000
202608121048,   0.285,9999.000,9999.000,9999.000,9999.000,9999.000,9999.000,9999.000,9999.000
202608121054,   0.445,9999.000,9999.000,9999.000,9999.000,9999.000,9999.000,9999.000,9999.000
202608121100,   0.615,9999.000,   0.600,  -0.328,   0.887,   0.500,   0.787,   0.700,   0.987
202608121106,   0.793,9999.000,9999.000,9999.000,9999.000,9999.000,9999.000,9999.000,9999.000
202608121112,   0.979,9999.000,9999.000,9999.000,9999.000,9999.000,9999.000,9999.000,9999.000
202608121118,   1.172,9999.000,9999.000,9999.000,9999.000,9999.000,9999.000,9999.000,9999.000
202608121124,   1.372,9999.000,9999.000,9999.000,9999.000,9999.000,9999.000,9999.000,9999.000
202608121130,   1.578,9999.000,9999.000,9999.000,9999.000,9999.000,9999.000,9999.000,9999.000
202608121136,   1.789,9999.000,9999.000,9999.000,9999.000,9999.000,9999.000,9999.000,9999.000
202608121142,   2.006,9999.000,9999.000,9999.000,9999.000,9999.000,9999.000,9999.000,9999.000
202608121148,   2.228,9999.000,9999.000,9999.000,9999.000,9999.000,9999.000,9999.000,9999.000
202608121154,   2.454,9999.000,9999.000,9999.000,9999.000,9999.000,9999.000,9999.000,9999.000
202608121200,   2.683,9999.000,   0.600,  -0.421,   2.862,   0.600,   2.862,   0.700,   2.962
202608121206,   2.914,9999.000,9999.000,9999.000,9999.000,9999.000,9999.000,9999.000,9999.000
202608121212,   3.148,9999.000,9999.000,9999.000,9999.000,9999.000,9999.000,9999.000,9999.000
202608121218,   3.384,9999.000,9999.000,9999.000,9999.000,9999.000,9999.000,9999.000,9999.000
202608121224,   3.620,9999.000,9999.000,9999.000,9999.000,9999.000,9999.000,9999.000,9999.000
202608121230,   3.857,9999.000,9999.000,9999.000,9999.000,9999.000,9999.000,9999.000,9999.000
202608121236,   4.094,9999.000,9999.000,9999.000,9999.000,9999.000,9999.000,9999.000,9999.000
202608121242,   4.329,9999.000,9999.000,9999.000,9999.000,9999.000,9999.000,9999.000,9999.000
202608121248,   4.563,9999.000,9999.000,9999.000,9999.000,9999.000,9999.000,9999.000,9999.000
202608121254,   4.795,9999.000,9999.000,9999.000,9999.000,9999.000,9999.000,9999.000,9999.000
202608121300,   5.025,9999.000,   0.700,  -0.471,   5.254,   0.600,   5.154,   0.700,   5.254
202608121306,   5.251,9999.000,9999.000,9999.000,9999.000,9999.000,9999.000,9999.000,9999.000
202608121312,   5.473,9999.000,9999.000,9999.000,9999.000,9999.000,9999.000,9999.000,9999.000
202608121318,   5.691,9999.000,9999.000,9999.000,9999.000,9999.000,9999.000,9999.000,9999.000
202608121324,   5.904,9999.000,9999.000,9999.000,9999.000,9999.000,9999.000,9999.000,9999.000
202608121330,   6.112,9999.000,9999.000,9999.000,9999.000,9999.000,9999.000,9999.000,9999.000
202608121336,   6.313,9999.000,9999.000,9999.000,9999.000,9999.000,9999.000,9999.000,9999.000
202608121342,   6.509,9999.000,9999.000,9999.000,9999.000,9999.000,9999.000,9999.000,9999.000
202608121348,   6.698,9999.000,9999.000,9999.000,9999.000,9999.000,9999.000,9999.000,9999.000
202608121354,   6.879,9999.000,9999.000,9999.000,9999.000,9999.000,9999.000,9999.000,9999.000
202608121400,   7.053,9999.000,   0.700,  -0.424,   7.329,   0.600,   7.229,   0.800,   7.429
202608121406,   7.220,9999.000,9999.000,9999.000,9999.000,9999.000,9999.000,9999.000,9999.000
202608121412,   7.378,9999.000,9999.000,9999.000,9999.000,9999.000,9999.000,9999.000,9999.000
202608121418,   7.528,9999.000,9999.000,9999.000,9999.000,9999.000,9999.000,9999.000,9999.000
202608121424,   7.669,9999.000,9999.000,9999.000,9999.000,9999.000,9999.000,9999.000,9999.000
202608121430,   7.800,9999.000,9999.000,9999.000,9999.000,9999.000,9999.000,9999.000,9999.000
202608121436,   7.923,9999.000,9999.000,9999.000,9999.000,9999.000,9999.000,9999.000,9999.000
202608121442,   8.036,9999.000,9999.000,9999.000,9999.000,9999.000,9999.000,9999.000,9999.000
202608121448,   8.140,9999.000,9999.000,9999.000,9999.000,9999.000,9999.000,9999.000,9999.000
202608121454,   8.234,9999.000,9999.000,9999.000,9999.000,9999.000,9999.000,9999.000,9999.000
202608121500,   8.318,9999.000,   0.700,  -0.286,   8.732,   0.600,   8.632,   0.800,   8.832
202608121506,   8.391,9999.000,9999.000,9999.000,9999.000,9999.000,9999.000,9999.000,9999.000
202608121512,   8.455,9999.000,9999.000,9999.000,9999.000,9999.000,9999.000,9999.000,9999.000
202608121518,   8.507,9999.000,9999.000,9999.000,9999.000,9999.000,9999.000,9999.000,9999.000
202608121524,   8.550,9999.000,9999.000,9999.000,9999.000,9999.000,9999.000,9999.000,9999.000
202608121530,   8.581,9999.000,9999.000,9999.000,9999.000,9999.000,9999.000,9999.000,9999.000
202608121536,   8.602,9999.000,9999.000,9999.000,9999.000,9999.000,9999.000,9999.000,9999.000
202608121542,   8.612,9999.000,9999.000,9999.000,9999.000,9999.000,9999.000,9999.000,9999.000
202608121548,   8.612,9999.000,9999.000,9999.000,9999.000,9999.000,9999.000,9999.000,9999.000
202608121554,   8.600,9999.000,9999.000,9999.000,9999.000,9999.000,9999.000,9999.000,9999.000
202608121600,   8.577,9999.000,   0.700,  -0.120,   9.157,   0.600,   9.057,   0.800,   9.257
202608121606,   8.543,9999.000,9999.000,9999.000,9999.000,9999.000,9999.000,9999.000,9999.000
202608121612,   8.498,9999.000,9999.000,9999.000,9999.000,9999.000,9999.000,9999.000,9999.000
202608121618,   8.442,9999.000,9999.000,9999.000,9999.000,9999.000,9999.000,9999.000,9999.000
202608121624,   8.375,9999.000,9999.000,9999.000,9999.000,9999.000,9999.000,9999.000,9999.000
202608121630,   8.297,9999.000,9999.000,9999.000,9999.000,9999.000,9999.000,9999.000,9999.000
202608121636,   8.208,9999.000,9999.000,9999.000,9999.000,9999.000,9999.000,9999.000,9999.000
202608121642,   8.108,9999.000,9999.000,9999.000,9999.000,9999.000,9999.000,9999.000,9999.000
202608121648,   7.998,9999.000,9999.000,9999.000,9999.000,9999.000,9999.000,9999.000,9999.000
202608121654,   7.877,9999.000,9999.000,9999.000,9999.000,9999.000,9999.000,9999.000,9999.000
202608121700,   7.746,9999.000,   0.700,   0.024,   8.470,   0.600,   8.370,   0.800,   8.570
202608121706,   7.606,9999.000,9999.000,9999.000,9999.000,9999.000,9999.000,9999.000,9999.000
202608121712,   7.455,9999.000,9999.000,9999.000,9999.000,9999.000,9999.000,9999.000,9999.000
202608121718,   7.295,9999.000,9999.000,9999.000,9999.000,9999.000,9999.000,9999.000,9999.000
202608121724,   7.127,9999.000,9999.000,9999.000,9999.000,9999.000,9999.000,9999.000,9999.000
202608121730,   6.949,9999.000,9999.000,9999.000,9999.000,9999.000,9999.000,9999.000,9999.000
202608121736,   6.764,9999.000,9999.000,9999.000,9999.000,9999.000,9999.000,9999.000,9999.000
202608121742,   6.571,9999.000,9999.000,9999.000,9999.000,9999.000,9999.000,9999.000,9999.000
202608121748,   6.371,9999.000,9999.000,9999.000,9999.000,9999.000,9999.000,9999.000,9999.000
202608121754,   6.165,9999.000,9999.000,9999.000,9999.000,9999.000,9999.000,9999.000,9999.000
202608121800,   5.952,9999.000,   0.700,   0.129,   6.781,   0.600,   6.681,   0.800,   6.881
202608121806,   5.734,9999.000,9999.000,9999.000,9999.000,9999.000,9999.000,9999.000,9999.000
202608121812,   5.512,9999.000,9999.000,9999.000,9999.000,9999.000,9999.000,9999.000,9999.000
202608121818,   5.285,9999.000,9999.000,9999.000,9999.000,9999.000,9999.000,9999.000,9999.000
202608121824,   5.055,9999.000,9999.000,9999.000,9999.000,9999.000,9999.000,9999.000,9999.000
202608121830,   4.823,9999.000,9999.000,9999.000,9999.000,9999.000,9999.000,9999.000,9999.000
202608121836,   4.588,9999.000,9999.000,9999.000,9999.000,9999.000,9999.000,9999.000,9999.000
202608121842,   4.353,9999.000,9999.000,9999.000,9999.000,9999.000,9999.000,9999.000,9999.000
202608121848,   4.116,9999.000,9999.000,9999.000,9999.000,9999.000,9999.000,9999.000,9999.000
202608121854,   3.880,9999.000,9999.000,9999.000,9999.000,9999.000,9999.000,9999.000,9999.000
202608121900,   3.645,9999.000,   0.700,   0.163,   4.508,   0.600,   4.408,   0.800,   4.608
202608121906,   3.412,9999.000,9999.000,9999.000,9999.000,9999.000,9999.000,9999.000,9999.000
202608121912,   3.180,9999.000,9999.000,9999.000,9999.000,9999.000,9999.000,9999.000,9999.000
202608121918,   2.952,9999.000,9999.000,9999.000,9999.000,9999.000,9999.000,9999.000,9999.000
202608121924,   2.728,9999.000,9999.000,9999.000,9999.000,9999.000,9999.000,9999.000,9999.000
202608121930,   2.508,9999.000,9999.000,9999.000,9999.000,9999.000,9999.000,9999.000,9999.000
202608121936,   2.294,9999.000,9999.000,9999.000,9999.000,9999.000,9999.000,9999.000,9999.000
202608121942,   2.085,9999.000,9999.000,9999.000,9999.000,9999.000,9999.000,9999.000,9999.000
202608121948,   1.883,9999.000,9999.000,9999.000,9999.000,9999.000,9999.000,9999.000,9999.000
202608121954,   1.688,9999.000,9999.000,9999.000,9999.000,9999.000,9999.000,9999.000,9999.000
202608122000,   1.500,9999.000,   0.700,   0.089,   2.289,   0.600,   2.189,   0.800,   2.389
202608122006,   1.321,9999.000,9999.000,9999.000,9999.000,9999.000,9999.000,9999.000,9999.000
202608122012,   1.151,9999.000,9999.000,9999.000,9999.000,9999.000,9999.000,9999.000,9999.000
202608122018,   0.989,9999.000,9999.000,9999.000,9999.000,9999.000,9999.000,9999.000,9999.000
202608122024,   0.838,9999.000,9999.000,9999.000,9999.000,9999.000,9999.000,9999.000,9999.000
202608122030,   0.697,9999.000,9999.000,9999.000,9999.000,9999.000,9999.000,9999.000,9999.000
202608122036,   0.567,9999.000,9999.000,9999.000,9999.000,9999.000,9999.000,9999.000,9999.000
202608122042,   0.448,9999.000,9999.000,9999.000,9999.000,9999.000,9999.000,9999.000,9999.000
202608122048,   0.340,9999.000,9999.000,9999.000,9999.000,9999.000,9999.000,9999.000,9999.000
202608122054,   0.244,9999.000,9999.000,9999.000,9999.000,9999.000,9999.000,9999.000,9999.000
202608122100,   0.161,9999.000,   0.700,  -0.071,   0.790,   0.600,   0.690,   0.800,   0.890
202608122106,   0.089,9999.000,9999.000,9999.000,9999.000,9999.000,9999.000,9999.000,9999.000
202608122112,   0.031,9999.000,9999.000,9999.000,9999.000,9999.000,9999.000,9999.000,9999.000
202608122118,  -0.015,9999.000,9999.000,9999.000,9999.000,9999.000,9999.000,9999.000,9999.000
202608122124,  -0.048,9999.000,9999.000,9999.000,9999.000,9999.000,9999.000,9999.000,9999.000
202608122130,  -0.068,9999.000,9999.000,9999.000,9999.000,9999.000,9999.000,9999.000,9999.000
202608122136,  -0.075,9999.000,9999.000,9999.000,9999.000,9999.000,9999.000,9999.000,9999.000
202608122142,  -0.069,9999.000,9999.000,9999.000,9999.000,9999.000,9999.000,9999.000,9999.000
202608122148,  -0.050,9999.000,9999.000,9999.000,9999.000,9999.000,9999.000,9999.000,9999.000
202608122154,  -0.019,9999.000,9999.000,9999.000,9999.000,9999.000,9999.000,9999.000,9999.000
202608122200,   0.025,9999.000,   0.700,  -0.241,   0.484,   0.600,   0.384,   0.800,   0.584
202608122206,   0.082,9999.000,9999.000,9999.000,9999.000,9999.000,9999.000,9999.000,9999.000
202608122212,   0.152,9999.000,9999.000,9999.000,9999.000,9999.000,9999.000,9999.000,9999.000
202608122218,   0.235,9999.000,9999.000,9999.000,9999.000,9999.000,9999.000,9999.000,9999.000
202608122224,   0.329,9999.000,9999.000,9999.000,9999.000,9999.000,9999.000,9999.000,9999.000
202608122230,   0.435,9999.000,9999.000,9999.000,9999.000,9999.000,9999.000,9999.000,9999.000
202608122236,   0.553,9999.000,9999.000,9999.000,9999.000,9999.000,9999.000,9999.000,9999.000
202608122242,   0.682,9999.000,9999.000,9999.000,9999.000,9999.000,9999.000,9999.000,9999.000
202608122248,   0.822,9999.000,9999.000,9999.000,9999.000,9999.000,9999.000,9999.000,9999.000
202608122254,   0.973,9999.000,9999.000,9999.000,9999.000,9999.000,9999.000,9999.000,9999.000
202608122300,   1.133,9999.000,   0.700,  -0.375,   1.458,   0.700,   1.458,   0.800,   1.558
202608122306,   1.303,9999.000,9999.000,9999.000,9999.000,9999.000,9999.000,9999.000,9999.000
202608122312,   1.483,9999.000,9999.000,9999.000,9999.000,9999.000,9999.000,9999.000,9999.000
202608122318,   1.671,9999.000,9999.000,9999.000,9999.000,9999.000,9999.000,9999.000,9999.000
202608122324,   1.867,9999.000,9999.000,9999.000,9999.000,9999.000,9999.000,9999.000,9999.000
202608122330,   2.071,9999.000,9999.000,9999.000,9999.000,9999.000,9999.000,9999.000,9999.000
202608122336,   2.282,9999.000,9999.000,9999.000,9999.000,9999.000,9999.000,9999.000,9999.000
202608122342,   2.500,9999.000,9999.000,9999.000,9999.000,9999.000,9999.000,9999.000,9999.000
202608122348,   2.724,9999.000,9999.000,9999.000,9999.000,9999.000,9999.000,9999.000,9999.000
202608122354,   2.953,9999.000,9999.000,9999.000,9999.000,9999.000,9999.000,9999.000,9999.000
202608130000,   3.188,9999.000,   0.700,  -0.464,   3.424,   0.700,   3.424,   0.800,   3.524
202608130006,   3.427,9999.000,9999.000,9999.000,9999.000,9999.000,9999.000,9999.000,9999.000
202608130012,   3.669,9999.000,9999.000,9999.000,9999.000,9999.000,9999.000,9999.000,9999.000
202608130018,   3.915,9999.000,9999.000,9999.000,9999.000,9999.000,9999.000,9999.000,9999.000
202608130024,   4.163,9999.000,9999.000,9999.000,9999.000,9999.000,9999.000,9999.000,9999.000
202608130030,   4.412,9999.000,9999.000,9999.000,9999.000,9999.000,9999.000,9999.000,9999.000
202608130036,   4.663,9999.000,9999.000,9999.000,9999.000,9999.000,9999.000,9999.000,9999.000
202608130042,   4.915,9999.000,9999.000,9999.000,9999.000,9999.000,9999.000,9999.000,9999.000
202608130048,   5.166,9999.000,9999.000,9999.000,9999.000,9999.000,9999.000,9999.000,9999.000
202608130054,   5.417,9999.000,9999.000,9999.000,9999.000,9999.000,9999.000,9999.000,9999.000
202608130100,   5.666,9999.000,   0.800,  -0.495,   5.971,   0.700,   5.871,   0.800,   5.971
202608130106,   5.914,9999.000,9999.000,9999.000,9999.000,9999.000,9999.000,9999.000,9999.000
202608130112,   6.158,9999.000,9999.000,9999.000,9999.000,9999.000,9999.000,9999.000,9999.000
202608130118,   6.400,9999.000,9999.000,9999.000,9999.000,9999.000,9999.000,9999.000,9999.000
202608130124,   6.637,9999.000,9999.000,9999.000,9999.000,9999.000,9999.000,9999.000,9999.000
202608130130,   6.870,9999.000,9999.000,9999.000,9999.000,9999.000,9999.000,9999.000,9999.000
202608130136,   7.098,9999.000,9999.000,9999.000,9999.000,9999.000,9999.000,9999.000,9999.000
202608130142,   7.321,9999.000,9999.000,9999.000,9999.000,9999.000,9999.000,9999.000,9999.000
202608130148,   7.537,9999.000,9999.000,9999.000,9999.000,9999.000,9999.000,9999.000,9999.000
202608130154,   7.747,9999.000,9999.000,9999.000,9999.000,9999.000,9999.000,9999.000,9999.000
202608130200,   7.949,9999.000,   0.800,  -0.442,   8.307,   0.700,   8.207,   0.800,   8.307
202608130206,   8.145,9999.000,9999.000,9999.000,9999.000,9999.000,9999.000,9999.000,9999.000
202608130212,   8.332,9999.000,9999.000,9999.000,9999.000,9999.000,9999.000,9999.000,9999.000
202608130218,   8.511,9999.000,9999.000,9999.000,9999.000,9999.000,9999.000,9999.000,9999.000
202608130224,   8.681,9999.000,9999.000,9999.000,9999.000,9999.000,9999.000,9999.000,9999.000
202608130230,   8.843,9999.000,9999.000,9999.000,9999.000,9999.000,9999.000,9999.000,9999.000
202608130236,   8.995,9999.000,9999.000,9999.000,9999.000,9999.000,9999.000,9999.000,9999.000
202608130242,   9.137,9999.000,9999.000,9999.000,9999.000,9999.000,9999.000,9999.000,9999.000
202608130248,   9.270,9999.000,9999.000,9999.000,9999.000,9999.000,9999.000,9999.000,9999.000
202608130254,   9.393,9999.000,9999.000,9999.000,9999.000,9999.000,9999.000,9999.000,9999.000
202608130300,   9.505,9999.000,   0.800,  -0.311,   9.994,   0.700,   9.894,   0.800,   9.994
202608130306,   9.607,9999.000,9999.000,9999.000,9999.000,9999.000,9999.000,9999.000,9999.000
202608130312,   9.698,9999.000,9999.000,9999.000,9999.000,9999.000,9999.000,9999.000,9999.000
202608130318,   9.778,9999.000,9999.000,9999.000,9999.000,9999.000,9999.000,9999.000,9999.000
202608130324,   9.847,9999.000,9999.000,9999.000,9999.000,9999.000,9999.000,9999.000,9999.000
202608130330,   9.905,9999.000,9999.000,9999.000,9999.000,9999.000,9999.000,9999.000,9999.000
202608130336,   9.952,9999.000,9999.000,9999.000,9999.000,9999.000,9999.000,9999.000,9999.000
202608130342,   9.988,9999.000,9999.000,9999.000,9999.000,9999.000,9999.000,9999.000,9999.000
202608130348,  10.012,9999.000,9999.000,9999.000,9999.000,9999.000,9999.000,9999.000,9999.000
202608130354,  10.024,9999.000,9999.000,9999.000,9999.000,9999.000,9999.000,9999.000,9999.000
202608130400,  10.025,9999.000,   0.700,  -0.134,  10.591,   0.700,  10.591,   0.800,  10.691
202608130406,  10.014,9999.000,9999.000,9999.000,9999.000,9999.000,9999.000,9999.000,9999.000
202608130412,   9.991,9999.000,9999.000,9999.000,9999.000,9999.000,9999.000,9999.000,9999.000
202608130418,   9.957,9999.000,9999.000,9999.000,9999.000,9999.000,9999.000,9999.000,9999.000
202608130424,   9.910,9999.000,9999.000,9999.000,9999.000,9999.000,9999.000,9999.000,9999.000
202608130430,   9.852,9999.000,9999.000,9999.000,9999.000,9999.000,9999.000,9999.000,9999.000
202608130436,   9.782,9999.000,9999.000,9999.000,9999.000,9999.000,9999.000,9999.000,9999.000
202608130442,   9.700,9999.000,9999.000,9999.000,9999.000,9999.000,9999.000,9999.000,9999.000
202608130448,   9.606,9999.000,9999.000,9999.000,9999.000,9999.000,9999.000,9999.000,9999.000
202608130454,   9.500,9999.000,9999.000,9999.000,9999.000,9999.000,9999.000,9999.000,9999.000
202608130500,   9.382,9999.000,   0.700,   0.061,  10.143,   0.700,  10.143,   0.800,  10.243
202608130506,   9.254,9999.000,9999.000,9999.000,9999.000,9999.000,9999.000,9999.000,9999.000
202608130512,   9.113,9999.000,9999.000,9999.000,9999.000,9999.000,9999.000,9999.000,9999.000
202608130518,   8.962,9999.000,9999.000,9999.000,9999.000,9999.000,9999.000,9999.000,9999.000
202608130524,   8.799,9999.000,9999.000,9999.000,9999.000,9999.000,9999.000,9999.000,9999.000
202608130530,   8.626,9999.000,9999.000,9999.000,9999.000,9999.000,9999.000,9999.000,9999.000
202608130536,   8.443,9999.000,9999.000,9999.000,9999.000,9999.000,9999.000,9999.000,9999.000
202608130542,   8.249,9999.000,9999.000,9999.000,9999.000,9999.000,9999.000,9999.000,9999.000
202608130548,   8.046,9999.000,9999.000,9999.000,9999.000,9999.000,9999.000,9999.000,9999.000
202608130554,   7.834,9999.000,9999.000,9999.000,9999.000,9999.000,9999.000,9999.000,9999.000
202608130600,   7.612,9999.000,   0.700,   0.228,   8.540,   0.600,   8.440,   0.800,   8.640
202608130606,   7.383,9999.000,9999.000,9999.000,9999.000,9999.000,9999.000,9999.000,9999.000
202608130612,   7.146,9999.000,9999.000,9999.000,9999.000,9999.000,9999.000,9999.000,9999.000
202608130618,   6.902,9999.000,9999.000,9999.000,9999.000,9999.000,9999.000,9999.000,9999.000
202608130624,   6.651,9999.000,9999.000,9999.000,9999.000,9999.000,9999.000,9999.000,9999.000
202608130630,   6.395,9999.000,9999.000,9999.000,9999.000,9999.000,9999.000,9999.000,9999.000
202608130636,   6.133,9999.000,9999.000,9999.000,9999.000,9999.000,9999.000,9999.000,9999.000
202608130642,   5.867,9999.000,9999.000,9999.000,9999.000,9999.000,9999.000,9999.000,9999.000
202608130648,   5.596,9999.000,9999.000,9999.000,9999.000,9999.000,9999.000,9999.000,9999.000
202608130654,   5.323,9999.000,9999.000,9999.000,9999.000,9999.000,9999.000,9999.000,9999.000
202608130700,   5.047,9999.000,   0.700,   0.294,   6.041,   0.600,   5.941,   0.700,   6.041
202608130706,   4.770,9999.000,9999.000,9999.000,9999.000,9999.000,9999.000,9999.000,9999.000
202608130712,   4.492,9999.000,9999.000,9999.000,9999.000,9999.000,9999.000,9999.000,9999.000
202608130718,   4.213,9999.000,9999.000,9999.000,9999.000,9999.000,9999.000,9999.000,9999.000
202608130724,   3.936,9999.000,9999.000,9999.000,9999.000,9999.000,9999.000,9999.000,9999.000
202608130730,   3.659,9999.000,9999.000,9999.000,9999.000,9999.000,9999.000,9999.000,9999.000
202608130736,   3.385,9999.000,9999.000,9999.000,9999.000,9999.000,9999.000,9999.000,9999.000
202608130742,   3.114,9999.000,9999.000,9999.000,9999.000,9999.000,9999.000,9999.000,9999.000
202608130748,   2.846,9999.000,9999.000,9999.000,9999.000,9999.000,9999.000,9999.000,9999.000
202608130754,   2.582,9999.000,9999.000,9999.000,9999.000,9999.000,9999.000,9999.000,9999.000
202608130800,   2.324,9999.000,   0.600,   0.219,   3.143,   0.600,   3.143,   0.700,   3.243
202608130806,   2.071,9999.000,9999.000,9999.000,9999.000,9999.000,9999.000,9999.000,9999.000
202608130812,   1.825,9999.000,9999.000,9999.000,9999.000,9999.000,9999.000,9999.000,9999.000
202608130818,   1.585,9999.000,9999.000,9999.000,9999.000,9999.000,9999.000,9999.000,9999.000
202608130824,   1.353,9999.000,9999.000,9999.000,9999.000,9999.000,9999.000,9999.000,9999.000
202608130830,   1.130,9999.000,9999.000,9999.000,9999.000,9999.000,9999.000,9999.000,9999.000
202608130836,   0.915,9999.000,9999.000,9999.000,9999.000,9999.000,9999.000,9999.000,9999.000
202608130842,   0.710,9999.000,9999.000,9999.000,9999.000,9999.000,9999.000,9999.000,9999.000
202608130848,   0.514,9999.000,9999.000,9999.000,9999.000,9999.000,9999.000,9999.000,9999.000
202608130854,   0.329,9999.000,9999.000,9999.000,9999.000,9999.000,9999.000,9999.000,9999.000
202608130900,   0.155,9999.000,   0.600,   0.052,   0.807,   0.500,   0.707,   0.700,   0.907
202608130906,  -0.007,9999.000,9999.000,9999.000,9999.000,9999.000,9999.000,9999.000,9999.000
202608130912,  -0.158,9999.000,9999.000,9999.000,9999.000,9999.000,9999.000,9999.000,9999.000
202608130918,  -0.298,9999.000,9999.000,9999.000,9999.000,9999.000,9999.000,9999.000,9999.000
202608130924,  -0.424,9999.000,9999.000,9999.000,9999.000,9999.000,9999.000,9999.000,9999.000
202608130930,  -0.539,9999.000,9999.000,9999.000,9999.000,9999.000,9999.000,9999.000,9999.000
202608130936,  -0.640,9999.000,9999.000,9999.000,9999.000,9999.000,9999.000,9999.000,9999.000
202608130942,  -0.728,9999.000,9999.000,9999.000,9999.000,9999.000,9999.000,9999.000,9999.000
202608130948,  -0.803,9999.000,9999.000,9999.000,9999.000,9999.000,9999.000,9999.000,9999.000
202608130954,  -0.864,9999.000,9999.000,9999.000,9999.000,9999.000,9999.000,9999.000,9999.000
202608131000,  -0.912,9999.000,   0.600,  -0.122,  -0.434,   0.500,  -0.534,   0.700,  -0.334
202608131006,  -0.946,9999.000,9999.000,9999.000,9999.000,9999.000,9999.000,9999.000,9999.000
202608131012,  -0.966,9999.000,9999.000,9999.000,9999.000,9999.000,9999.000,9999.000,9999.000
202608131018,  -0.973,9999.000,9999.000,9999.000,9999.000,9999.000,9999.000,9999.000,9999.000
202608131024,  -0.966,9999.000,9999.000,9999.000,9999.000,9999.000,9999.000,9999.000,9999.000
202608131030,  -0.946,9999.000,9999.000,9999.000,9999.000,9999.000,9999.000,9999.000,9999.000
202608131036,  -0.912,9999.000,9999.000,9999.000,9999.000,9999.000,9999.000,9999.000,9999.000
202608131042,  -0.865,9999.000,9999.000,9999.000,9999.000,9999.000,9999.000,9999.000,9999.000
202608131048,  -0.805,9999.000,9999.000,9999.000,9999.000,9999.000,9999.000,9999.000,9999.000
202608131054,  -0.732,9999.000,9999.000,9999.000,9999.000,9999.000,9999.000,9999.000,9999.000
202608131100,  -0.646,9999.000,   0.700,  -0.271,  -0.217,   0.500,  -0.417,   0.700,  -0.217
202608131106,  -0.549,9999.000,9999.000,9999.000,9999.000,9999.000,9999.000,9999.000,9999.000
202608131112,  -0.439,9999.000,9999.000,9999.000,9999.000,9999.000,9999.000,9999.000,9999.000
202608131118,  -0.318,9999.000,9999.000,9999.000,9999.000,9999.000,9999.000,9999.000,9999.000
202608131124,  -0.185,9999.000,9999.000,9999.000,9999.000,9999.000,9999.000,9999.000,9999.000
202608131130,  -0.042,9999.000,9999.000,9999.000,9999.000,9999.000,9999.000,9999.000,9999.000
202608131136,   0.111,9999.000,9999.000,9999.000,9999.000,9999.000,9999.000,9999.000,9999.000
202608131142,   0.274,9999.000,9999.000,9999.000,9999.000,9999.000,9999.000,9999.000,9999.000
202608131148,   0.448,9999.000,9999.000,9999.000,9999.000,9999.000,9999.000,9999.000,9999.000
202608131154,   0.630,9999.000,9999.000,9999.000,9999.000,9999.000,9999.000,9999.000,9999.000
202608131200,   0.821,9999.000,   0.700,  -0.400,   1.121,   0.600,   1.021,   0.700,   1.121
202608131206,   1.019,9999.000,9999.000,9999.000,9999.000,9999.000,9999.000,9999.000,9999.000
202608131212,   1.225,9999.000,9999.000,9999.000,9999.000,9999.000,9999.000,9999.000,9999.000
202608131218,   1.438,9999.000,9999.000,9999.000,9999.000,9999.000,9999.000,9999.000,9999.000
202608131224,   1.658,9999.000,9999.000,9999.000,9999.000,9999.000,9999.000,9999.000,9999.000
202608131230,   1.883,9999.000,9999.000,9999.000,9999.000,9999.000,9999.000,9999.000,9999.000
202608131236,   2.113,9999.000,9999.000,9999.000,9999.000,9999.000,9999.000,9999.000,9999.000
202608131242,   2.347,9999.000,9999.000,9999.000,9999.000,9999.000,9999.000,9999.000,9999.000
202608131248,   2.585,9999.000,9999.000,9999.000,9999.000,9999.000,9999.000,9999.000,9999.000
202608131254,   2.827,9999.000,9999.000,9999.000,9999.000,9999.000,9999.000,9999.000,9999.000
202608131300,   3.071,9999.000,   0.700,  -0.480,   3.291,   0.600,   3.191,   0.800,   3.391
202608131306,   3.317,9999.000,9999.000,9999.000,9999.000,9999.000,9999.000,9999.000,9999.000
202608131312,   3.564,9999.000,9999.000,9999.000,9999.000,9999.000,9999.000,9999.000,9999.000
202608131318,   3.812,9999.000,9999.000,9999.000,9999.000,9999.000,9999.000,9999.000,9999.000
202608131324,   4.060,9999.000,9999.000,9999.000,9999.000,9999.000,9999.000,9999.000,9999.000
202608131330,   4.307,9999.000,9999.000,9999.000,9999.000,9999.000,9999.000,9999.000,9999.000
202608131336,   4.553,9999.000,9999.000,9999.000,9999.000,9999.000,9999.000,9999.000,9999.000
202608131342,   4.796,9999.000,9999.000,9999.000,9999.000,9999.000,9999.000,9999.000,9999.000
202608131348,   5.038,9999.000,9999.000,9999.000,9999.000,9999.000,9999.000,9999.000,9999.000
202608131354,   5.276,9999.000,9999.000,9999.000,9999.000,9999.000,9999.000,9999.000,9999.000
202608131400,   5.510,9999.000,   0.700,  -0.464,   5.746,   0.600,   5.646,   0.800,   5.846
202608131406,   5.740,9999.000,9999.000,9999.000,9999.000,9999.000,9999.000,9999.000,9999.000
202608131412,   5.965,9999.000,9999.000,9999.000,9999.000,9999.000,9999.000,9999.000,9999.000
202608131418,   6.185,9999.000,9999.000,9999.000,9999.000,9999.000,9999.000,9999.000,9999.000
202608131424,   6.399,9999.000,9999.000,9999.000,9999.000,9999.000,9999.000,9999.000,9999.000
202608131430,   6.606,9999.000,9999.000,9999.000,9999.000,9999.000,9999.000,9999.000,9999.000
202608131436,   6.807,9999.000,9999.000,9999.000,9999.000,9999.000,9999.000,9999.000,9999.000
202608131442,   7.001,9999.000,9999.000,9999.000,9999.000,9999.000,9999.000,9999.000,9999.000
202608131448,   7.187,9999.000,9999.000,9999.000,9999.000,9999.000,9999.000,9999.000,9999.000
202608131454,   7.365,9999.000,9999.000,9999.000,9999.000,9999.000,9999.000,9999.000,9999.000
202608131500,   7.535,9999.000,   0.700,  -0.357,   7.878,   0.600,   7.778,   0.800,   7.978
202608131506,   7.696,9999.000,9999.000,9999.000,9999.000,9999.000,9999.000,9999.000,9999.000
202608131512,   7.849,9999.000,9999.000,9999.000,9999.000,9999.000,9999.000,9999.000,9999.000
202608131518,   7.992,9999.000,9999.000,9999.000,9999.000,9999.000,9999.000,9999.000,9999.000
202608131524,   8.126,9999.000,9999.000,9999.000,9999.000,9999.000,9999.000,9999.000,9999.000
202608131530,   8.250,9999.000,9999.000,9999.000,9999.000,9999.000,9999.000,9999.000,9999.000
202608131536,   8.364,9999.000,9999.000,9999.000,9999.000,9999.000,9999.000,9999.000,9999.000
202608131542,   8.468,9999.000,9999.000,9999.000,9999.000,9999.000,9999.000,9999.000,9999.000
202608131548,   8.562,9999.000,9999.000,9999.000,9999.000,9999.000,9999.000,9999.000,9999.000
202608131554,   8.646,9999.000,9999.000,9999.000,9999.000,9999.000,9999.000,9999.000,9999.000
202608131600,   8.719,9999.000,   0.700,  -0.209,   9.210,   0.600,   9.110,   0.800,   9.310
202608131606,   8.781,9999.000,9999.000,9999.000,9999.000,9999.000,9999.000,9999.000,9999.000
202608131612,   8.832,9999.000,9999.000,9999.000,9999.000,9999.000,9999.000,9999.000,9999.000
202608131618,   8.872,9999.000,9999.000,9999.000,9999.000,9999.000,9999.000,9999.000,9999.000
202608131624,   8.901,9999.000,9999.000,9999.000,9999.000,9999.000,9999.000,9999.000,9999.000
202608131630,   8.919,9999.000,9999.000,9999.000,9999.000,9999.000,9999.000,9999.000,9999.000
202608131636,   8.925,9999.000,9999.000,9999.000,9999.000,9999.000,9999.000,9999.000,9999.000
202608131642,   8.919,9999.000,9999.000,9999.000,9999.000,9999.000,9999.000,9999.000,9999.000
202608131648,   8.902,9999.000,9999.000,9999.000,9999.000,9999.000,9999.000,9999.000,9999.000
202608131654,   8.874,9999.000,9999.000,9999.000,9999.000,9999.000,9999.000,9999.000,9999.000
202608131700,   8.834,9999.000,   0.700,  -0.059,   9.475,   0.600,   9.375,   0.800,   9.575
202608131706,   8.782,9999.000,9999.000,9999.000,9999.000,9999.000,9999.000,9999.000,9999.000
202608131712,   8.718,9999.000,9999.000,9999.000,9999.000,9999.000,9999.000,9999.000,9999.000
202608131718,   8.643,9999.000,9999.000,9999.000,9999.000,9999.000,9999.000,9999.000,9999.000
202608131724,   8.556,9999.000,9999.000,9999.000,9999.000,9999.000,9999.000,9999.000,9999.000
202608131730,   8.458,9999.000,9999.000,9999.000,9999.000,9999.000,9999.000,9999.000,9999.000
202608131736,   8.348,9999.000,9999.000,9999.000,9999.000,9999.000,9999.000,9999.000,9999.000
202608131742,   8.227,9999.000,9999.000,9999.000,9999.000,9999.000,9999.000,9999.000,9999.000
202608131748,   8.095,9999.000,9999.000,9999.000,9999.000,9999.000,9999.000,9999.000,9999.000
202608131754,   7.953,9999.000,9999.000,9999.000,9999.000,9999.000,9999.000,9999.000,9999.000
202608131800,   7.800,9999.000,   0.700,   0.070,   8.570,   0.600,   8.470,   0.800,   8.670
202608131806,   7.637,9999.000,9999.000,9999.000,9999.000,9999.000,9999.000,9999.000,9999.000
202608131812,   7.464,9999.000,9999.000,9999.000,9999.000,9999.000,9999.000,9999.000,9999.000
202608131818,   7.282,9999.000,9999.000,9999.000,9999.000,9999.000,9999.000,9999.000,9999.000
202608131824,   7.092,9999.000,9999.000,9999.000,9999.000,9999.000,9999.000,9999.000,9999.000
202608131830,   6.893,9999.000,9999.000,9999.000,9999.000,9999.000,9999.000,9999.000,9999.000
202608131836,   6.686,9999.000,9999.000,9999.000,9999.000,9999.000,9999.000,9999.000,9999.000
202608131842,   6.472,9999.000,9999.000,9999.000,9999.000,9999.000,9999.000,9999.000,9999.000
202608131848,   6.251,9999.000,9999.000,9999.000,9999.000,9999.000,9999.000,9999.000,9999.000
202608131854,   6.025,9999.000,9999.000,9999.000,9999.000,9999.000,9999.000,9999.000,9999.000
202608131900,   5.793,9999.000,   0.700,   0.136,   6.629,   0.600,   6.529,   0.800,   6.729
202608131906,   5.557,9999.000,9999.000,9999.000,9999.000,9999.000,9999.000,9999.000,9999.000
202608131912,   5.316,9999.000,9999.000,9999.000,9999.000,9999.000,9999.000,9999.000,9999.000
202608131918,   5.073,9999.000,9999.000,9999.000,9999.000,9999.000,9999.000,9999.000,9999.000
202608131924,   4.827,9999.000,9999.000,9999.000,9999.000,9999.000,9999.000,9999.000,9999.000
202608131930,   4.579,9999.000,9999.000,9999.000,9999.000,9999.000,9999.000,9999.000,9999.000
202608131936,   4.330,9999.000,9999.000,9999.000,9999.000,9999.000,9999.000,9999.000,9999.000
202608131942,   4.082,9999.000,9999.000,9999.000,9999.000,9999.000,9999.000,9999.000,9999.000
202608131948,   3.833,9999.000,9999.000,9999.000,9999.000,9999.000,9999.000,9999.000,9999.000
202608131954,   3.586,9999.000,9999.000,9999.000,9999.000,9999.000,9999.000,9999.000,9999.000
202608132000,   3.342,9999.000,   0.700,   0.105,   4.147,   0.600,   4.047,   0.800,   4.247
202608132006,   3.099,9999.000,9999.000,9999.000,9999.000,9999.000,9999.000,9999.000,9999.000
202608132012,   2.861,9999.000,9999.000,9999.000,9999.000,9999.000,9999.000,9999.000,9999.000
202608132018,   2.627,9999.000,9999.000,9999.000,9999.000,9999.000,9999.000,9999.000,9999.000
202608132024,   2.397,9999.000,9999.000,9999.000,9999.000,9999.000,9999.000,9999.000,9999.000
202608132030,   2.174,9999.000,9999.000,9999.000,9999.000,9999.000,9999.000,9999.000,9999.000
202608132036,   1.956,9999.000,9999.000,9999.000,9999.000,9999.000,9999.000,9999.000,9999.000
202608132042,   1.746,9999.000,9999.000,9999.000,9999.000,9999.000,9999.000,9999.000,9999.000
202608132048,   1.543,9999.000,9999.000,9999.000,9999.000,9999.000,9999.000,9999.000,9999.000
202608132054,   1.349,9999.000,9999.000,9999.000,9999.000,9999.000,9999.000,9999.000,9999.000
202608132100,   1.163,9999.000,   0.700,  -0.009,   1.854,   0.600,   1.754,   0.800,   1.954
202608132106,   0.986,9999.000,9999.000,9999.000,9999.000,9999.000,9999.000,9999.000,9999.000
202608132112,   0.819,9999.000,9999.000,9999.000,9999.000,9999.000,9999.000,9999.000,9999.000
202608132118,   0.663,9999.000,9999.000,9999.000,9999.000,9999.000,9999.000,9999.000,9999.000
202608132124,   0.517,9999.000,9999.000,9999.000,9999.000,9999.000,9999.000,9999.000,9999.000
202608132130,   0.382,9999.000,9999.000,9999.000,9999.000,9999.000,9999.000,9999.000,9999.000
202608132136,   0.259,9999.000,9999.000,9999.000,9999.000,9999.000,9999.000,9999.000,9999.000
202608132142,   0.148,9999.000,9999.000,9999.000,9999.000,9999.000,9999.000,9999.000,9999.000
202608132148,   0.049,9999.000,9999.000,9999.000,9999.000,9999.000,9999.000,9999.000,9999.000
202608132154,  -0.037,9999.000,9999.000,9999.000,9999.000,9999.000,9999.000,9999.000,9999.000
202608132200,  -0.110,9999.000,   0.700,  -0.152,   0.438,   0.600,   0.338,   0.800,   0.538
202608132206,  -0.171,9999.000,9999.000,9999.000,9999.000,9999.000,9999.000,9999.000,9999.000
202608132212,  -0.218,9999.000,9999.000,9999.000,9999.000,9999.000,9999.000,9999.000,9999.000
202608132218,  -0.253,9999.000,9999.000,9999.000,9999.000,9999.000,9999.000,9999.000,9999.000
202608132224,  -0.274,9999.000,9999.000,9999.000,9999.000,9999.000,9999.000,9999.000,9999.000
202608132230,  -0.281,9999.000,9999.000,9999.000,9999.000,9999.000,9999.000,9999.000,9999.000
202608132236,  -0.275,9999.000,9999.000,9999.000,9999.000,9999.000,9999.000,9999.000,9999.000
202608132242,  -0.256,9999.000,9999.000,9999.000,9999.000,9999.000,9999.000,9999.000,9999.000
202608132248,  -0.223,9999.000,9999.000,9999.000,9999.000,9999.000,9999.000,9999.000,9999.000
202608132254,  -0.177,9999.000,9999.000,9999.000,9999.000,9999.000,9999.000,9999.000,9999.000
202608132300,  -0.118,9999.000,   0.700,  -0.291,   0.291,   0.600,   0.191,   0.800,   0.391
202608132306,  -0.046,9999.000,9999.000,9999.000,9999.000,9999.000,9999.000,9999.000,9999.000
202608132312,   0.038,9999.000,9999.000,9999.000,9999.000,9999.000,9999.000,9999.000,9999.000
202608132318,   0.135,9999.000,9999.000,9999.000,9999.000,9999.000,9999.000,9999.000,9999.000
202608132324,   0.245,9999.000,9999.000,9999.000,9999.000,9999.000,9999.000,9999.000,9999.000
202608132330,   0.366,9999.000,9999.000,9999.000,9999.000,9999.000,9999.000,9999.000,9999.000
202608132336,   0.499,9999.000,9999.000,9999.000,9999.000,9999.000,9999.000,9999.000,9999.000
202608132342,   0.642,9999.000,9999.000,9999.000,9999.000,9999.000,9999.000,9999.000,9999.000
202608132348,   0.797,9999.000,9999.000,9999.000,9999.000,9999.000,9999.000,9999.000,9999.000
202608132354,   0.962,9999.000,9999.000,9999.000,9999.000,9999.000,9999.000,9999.000,9999.000
202608140000,   1.137,9999.000,   0.700,  -0.406,   1.431,   0.600,   1.331,   0.800,   1.531
202608140006,   1.321,9999.000,9999.000,9999.000,9999.000,9999.000,9999.000,9999.000,9999.000
202608140012,   1.514,9999.000,9999.000,9999.000,9999.000,9999.000,9999.000,9999.000,9999.000
202608140018,   1.715,9999.000,9999.000,9999.000,9999.000,9999.000,9999.000,9999.000,9999.000
202608140024,   1.925,9999.000,9999.000,9999.000,9999.000,9999.000,9999.000,9999.000,9999.000
202608140030,   2.141,9999.000,9999.000,9999.000,9999.000,9999.000,9999.000,9999.000,9999.000
202608140036,   2.364,9999.000,9999.000,9999.000,9999.000,9999.000,9999.000,9999.000,9999.000
202608140042,   2.594,9999.000,9999.000,9999.000,9999.000,9999.000,9999.000,9999.000,9999.000
202608140048,   2.828,9999.000,9999.000,9999.000,9999.000,9999.000,9999.000,9999.000,9999.000
202608140054,   3.068,9999.000,9999.000,9999.000,9999.000,9999.000,9999.000,9999.000,9999.000
202608140100,   3.312,9999.000,   0.700,  -0.468,   3.544,   0.600,   3.444,   0.800,   3.644
202608140106,   3.559,9999.000,9999.000,9999.000,9999.000,9999.000,9999.000,9999.000,9999.000
202608140112,   3.809,9999.000,9999.000,9999.000,9999.000,9999.000,9999.000,9999.000,9999.000
202608140118,   4.062,9999.000,9999.000,9999.000,9999.000,9999.000,9999.000,9999.000,9999.000
202608140124,   4.316,9999.000,9999.000,9999.000,9999.000,9999.000,9999.000,9999.000,9999.000
202608140130,   4.572,9999.000,9999.000,9999.000,9999.000,9999.000,9999.000,9999.000,9999.000
202608140136,   4.827,9999.000,9999.000,9999.000,9999.000,9999.000,9999.000,9999.000,9999.000
202608140142,   5.082,9999.000,9999.000,9999.000,9999.000,9999.000,9999.000,9999.000,9999.000
202608140148,   5.337,9999.000,9999.000,9999.000,9999.000,9999.000,9999.000,9999.000,9999.000
202608140154,   5.589,9999.000,9999.000,9999.000,9999.000,9999.000,9999.000,9999.000,9999.000
202608140200,   5.840,9999.000,   0.600,  -0.454,   5.986,   0.500,   5.886,   0.700,   6.086
202608140206,   6.087,9999.000,9999.000,9999.000,9999.000,9999.000,9999.000,9999.000,9999.000
202608140212,   6.331,9999.000,9999.000,9999.000,9999.000,9999.000,9999.000,9999.000,9999.000
202608140218,   6.571,9999.000,9999.000,9999.000,9999.000,9999.000,9999.000,9999.000,9999.000
202608140224,   6.806,9999.000,9999.000,9999.000,9999.000,9999.000,9999.000,9999.000,9999.000
202608140230,   7.035,9999.000,9999.000,9999.000,9999.000,9999.000,9999.000,9999.000,9999.000
202608140236,   7.260,9999.000,9999.000,9999.000,9999.000,9999.000,9999.000,9999.000,9999.000
202608140242,   7.477,9999.000,9999.000,9999.000,9999.000,9999.000,9999.000,9999.000,9999.000
202608140248,   7.688,9999.000,9999.000,9999.000,9999.000,9999.000,9999.000,9999.000,9999.000
202608140254,   7.892,9999.000,9999.000,9999.000,9999.000,9999.000,9999.000,9999.000,9999.000
202608140300,   8.088,9999.000,   0.600,  -0.365,   8.323,   0.500,   8.223,   0.700,   8.423
202608140306,   8.277,9999.000,9999.000,9999.000,9999.000,9999.000,9999.000,9999.000,9999.000
202608140312,   8.456,9999.000,9999.000,9999.000,9999.000,9999.000,9999.000,9999.000,9999.000
202608140318,   8.627,9999.000,9999.000,9999.000,9999.000,9999.000,9999.000,9999.000,9999.000
202608140324,   8.789,9999.000,9999.000,9999.000,9999.000,9999.000,9999.000,9999.000,9999.000
202608140330,   8.941,9999.000,9999.000,9999.000,9999.000,9999.000,9999.000,9999.000,9999.000
202608140336,   9.084,9999.000,9999.000,9999.000,9999.000,9999.000,9999.000,9999.000,9999.000
202608140342,   9.217,9999.000,9999.000,9999.000,9999.000,9999.000,9999.000,9999.000,9999.000
202608140348,   9.339,9999.000,9999.000,9999.000,9999.000,9999.000,9999.000,9999.000,9999.000
202608140354,   9.452,9999.000,9999.000,9999.000,9999.000,9999.000,9999.000,9999.000,9999.000
202608140400,   9.553,9999.000,   0.600,  -0.219,   9.934,   0.500,   9.834,   0.700,  10.034
202608140406,   9.644,9999.000,9999.000,9999.000,9999.000,9999.000,9999.000,9999.000,9999.000
202608140412,   9.723,9999.000,9999.000,9999.000,9999.000,9999.000,9999.000,9999.000,9999.000
202608140418,   9.792,9999.000,9999.000,9999.000,9999.000,9999.000,9999.000,9999.000,9999.000
202608140424,   9.849,9999.000,9999.000,9999.000,9999.000,9999.000,9999.000,9999.000,9999.000
202608140430,   9.895,9999.000,9999.000,9999.000,9999.000,9999.000,9999.000,9999.000,9999.000
202608140436,   9.929,9999.000,9999.000,9999.000,9999.000,9999.000,9999.000,9999.000,9999.000
202608140442,   9.951,9999.000,9999.000,9999.000,9999.000,9999.000,9999.000,9999.000,9999.000
202608140448,   9.962,9999.000,9999.000,9999.000,9999.000,9999.000,9999.000,9999.000,9999.000
202608140454,   9.960,9999.000,9999.000,9999.000,9999.000,9999.000,9999.000,9999.000,9999.000
202608140500,   9.947,9999.000,   0.600,  -0.027,  10.520,   0.500,  10.420,   0.700,  10.620
202608140506,   9.921,9999.000,9999.000,9999.000,9999.000,9999.000,9999.000,9999.000,9999.000
202608140512,   9.883,9999.000,9999.000,9999.000,9999.000,9999.000,9999.000,9999.000,9999.000
202608140518,   9.833,9999.000,9999.000,9999.000,9999.000,9999.000,9999.000,9999.000,9999.000
202608140524,   9.771,9999.000,9999.000,9999.000,9999.000,9999.000,9999.000,9999.000,9999.000
202608140530,   9.697,9999.000,9999.000,9999.000,9999.000,9999.000,9999.000,9999.000,9999.000
202608140536,   9.610,9999.000,9999.000,9999.000,9999.000,9999.000,9999.000,9999.000,9999.000
202608140542,   9.511,9999.000,9999.000,9999.000,9999.000,9999.000,9999.000,9999.000,9999.000
202608140548,   9.401,9999.000,9999.000,9999.000,9999.000,9999.000,9999.000,9999.000,9999.000
202608140554,   9.278,9999.000,9999.000,9999.000,9999.000,9999.000,9999.000,9999.000,9999.000
202608140600,   9.144,9999.000,   0.500,   0.161,   9.805,   0.400,   9.705,   0.700,  10.005
202608140606,   8.997,9999.000,9999.000,9999.000,9999.000,9999.000,9999.000,9999.000,9999.000
202608140612,   8.840,9999.000,9999.000,9999.000,9999.000,9999.000,9999.000,9999.000,9999.000
202608140618,   8.672,9999.000,9999.000,9999.000,9999.000,9999.000,9999.000,9999.000,9999.000
202608140624,   8.493,9999.000,9999.000,9999.000,9999.000,9999.000,9999.000,9999.000,9999.000
202608140630,   8.303,9999.000,9999.000,9999.000,9999.000,9999.000,9999.000,9999.000,9999.000
202608140636,   8.104,9999.000,9999.000,9999.000,9999.000,9999.000,9999.000,9999.000,9999.000
202608140642,   7.894,9999.000,9999.000,9999.000,9999.000,9999.000,9999.000,9999.000,9999.000
202608140648,   7.676,9999.000,9999.000,9999.000,9999.000,9999.000,9999.000,9999.000,9999.000
202608140654,   7.450,9999.000,9999.000,9999.000,9999.000,9999.000,9999.000,9999.000,9999.000
202608140700,   7.215,9999.000,   0.500,   0.267,   7.982,   0.400,   7.882,   0.600,   8.082
202608140706,   6.973,9999.000,9999.000,9999.000,9999.000,9999.000,9999.000,9999.000,9999.000
202608140712,   6.724,9999.000,9999.000,9999.000,9999.000,9999.000,9999.000,9999.000,9999.000
202608140718,   6.469,9999.000,9999.000,9999.000,9999.000,9999.000,9999.000,9999.000,9999.000
202608140724,   6.209,9999.000,9999.000,9999.000,9999.000,9999.000,9999.000,9999.000,9999.000
202608140730,   5.944,9999.000,9999.000,9999.000,9999.000,9999.000,9999.000,9999.000,9999.000
202608140736,   5.674,9999.000,9999.000,9999.000,9999.000,9999.000,9999.000,9999.000,9999.000
202608140742,   5.402,9999.000,9999.000,9999.000,9999.000,9999.000,9999.000,9999.000,9999.000
202608140748,   5.127,9999.000,9999.000,9999.000,9999.000,9999.000,9999.000,9999.000,9999.000
202608140754,   4.850,9999.000,9999.000,9999.000,9999.000,9999.000,9999.000,9999.000,9999.000
202608140800,   4.572,9999.000,   0.500,   0.244,   5.316,   0.400,   5.216,   0.600,   5.416
202608140806,   4.294,9999.000,9999.000,9999.000,9999.000,9999.000,9999.000,9999.000,9999.000
202608140812,   4.016,9999.000,9999.000,9999.000,9999.000,9999.000,9999.000,9999.000,9999.000
202608140818,   3.739,9999.000,9999.000,9999.000,9999.000,9999.000,9999.000,9999.000,9999.000
202608140824,   3.465,9999.000,9999.000,9999.000,9999.000,9999.000,9999.000,9999.000,9999.000
202608140830,   3.193,9999.000,9999.000,9999.000,9999.000,9999.000,9999.000,9999.000,9999.000
202608140836,   2.924,9999.000,9999.000,9999.000,9999.000,9999.000,9999.000,9999.000,9999.000
202608140842,   2.660,9999.000,9999.000,9999.000,9999.000,9999.000,9999.000,9999.000,9999.000
202608140848,   2.401,9999.000,9999.000,9999.000,9999.000,9999.000,9999.000,9999.000,9999.000
202608140854,   2.147,9999.000,9999.000,9999.000,9999.000,9999.000,9999.000,9999.000,9999.000
202608140900,   1.900,9999.000,   0.500,   0.127,   2.527,   0.300,   2.327,   0.600,   2.627
202608140906,   1.659,9999.000,9999.000,9999.000,9999.000,9999.000,9999.000,9999.000,9999.000
202608140912,   1.426,9999.000,9999.000,9999.000,9999.000,9999.000,9999.000,9999.000,9999.000
202608140918,   1.201,9999.000,9999.000,9999.000,9999.000,9999.000,9999.000,9999.000,9999.000
202608140924,   0.985,9999.000,9999.000,9999.000,9999.000,9999.000,9999.000,9999.000,9999.000
202608140930,   0.778,9999.000,9999.000,9999.000,9999.000,9999.000,9999.000,9999.000,9999.000
202608140936,   0.581,9999.000,9999.000,9999.000,9999.000,9999.000,9999.000,9999.000,9999.000
202608140942,   0.395,9999.000,9999.000,9999.000,9999.000,9999.000,9999.000,9999.000,9999.000
202608140948,   0.219,9999.000,9999.000,9999.000,9999.000,9999.000,9999.000,9999.000,9999.000
202608140954,   0.054,9999.000,9999.000,9999.000,9999.000,9999.000,9999.000,9999.000,9999.000
202608141000,  -0.098,9999.000,   0.500,  -0.023,   0.379,   0.300,   0.179,   0.600,   0.479
202608141006,  -0.239,9999.000,9999.000,9999.000,9999.000,9999.000,9999.000,9999.000,9999.000
202608141012,  -0.367,9999.000,9999.000,9999.000,9999.000,9999.000,9999.000,9999.000,9999.000
202608141018,  -0.483,9999.000,9999.000,9999.000,9999.000,9999.000,9999.000,9999.000,9999.000
202608141024,  -0.586,9999.000,9999.000,9999.000,9999.000,9999.000,9999.000,9999.000,9999.000
202608141030,  -0.676,9999.000,9999.000,9999.000,9999.000,9999.000,9999.000,9999.000,9999.000
202608141036,  -0.752,9999.000,9999.000,9999.000,9999.000,9999.000,9999.000,9999.000,9999.000
202608141042,  -0.815,9999.000,9999.000,9999.000,9999.000,9999.000,9999.000,9999.000,9999.000
202608141048,  -0.864,9999.000,9999.000,9999.000,9999.000,9999.000,9999.000,9999.000,9999.000
202608141054,  -0.899,9999.000,9999.000,9999.000,9999.000,9999.000,9999.000,9999.000,9999.000
202608141100,  -0.920,9999.000,   0.500,  -0.182,  -0.602,   0.300,  -0.802,   0.600,  -0.502
202608141106,  -0.928,9999.000,9999.000,9999.000,9999.000,9999.000,9999.000,9999.000,9999.000
202608141112,  -0.922,9999.000,9999.000,9999.000,9999.000,9999.000,9999.000,9999.000,9999.000
202608141118,  -0.902,9999.000,9999.000,9999.000,9999.000,9999.000,9999.000,9999.000,9999.000
202608141124,  -0.869,9999.000,9999.000,9999.000,9999.000,9999.000,9999.000,9999.000,9999.000
202608141130,  -0.822,9999.000,9999.000,9999.000,9999.000,9999.000,9999.000,9999.000,9999.000
202608141136,  -0.761,9999.000,9999.000,9999.000,9999.000,9999.000,9999.000,9999.000,9999.000
202608141142,  -0.688,9999.000,9999.000,9999.000,9999.000,9999.000,9999.000,9999.000,9999.000
202608141148,  -0.602,9999.000,9999.000,9999.000,9999.000,9999.000,9999.000,9999.000,9999.000
202608141154,  -0.504,9999.000,9999.000,9999.000,9999.000,9999.000,9999.000,9999.000,9999.000
202608141200,  -0.393,9999.000,   0.500,  -0.336,  -0.229,   0.300,  -0.429,   0.600,  -0.129
202608141206,  -0.271,9999.000,9999.000,9999.000,9999.000,9999.000,9999.000,9999.000,9999.000
202608141212,  -0.137,9999.000,9999.000,9999.000,9999.000,9999.000,9999.000,9999.000,9999.000
202608141218,   0.006,9999.000,9999.000,9999.000,9999.000,9999.000,9999.000,9999.000,9999.000
202608141224,   0.162,9999.000,9999.000,9999.000,9999.000,9999.000,9999.000,9999.000,9999.000
202608141230,   0.327,9999.000,9999.000,9999.000,9999.000,9999.000,9999.000,9999.000,9999.000
202608141236,   0.502,9999.000,9999.000,9999.000,9999.000,9999.000,9999.000,9999.000,9999.000
202608141242,   0.686,9999.000,9999.000,9999.000,9999.000,9999.000,9999.000,9999.000,9999.000
202608141248,   0.879,9999.000,9999.000,9999.000,9999.000,9999.000,9999.000,9999.000,9999.000
202608141254,   1.080,9999.000,9999.000,9999.000,9999.000,9999.000,9999.000,9999.000,9999.000
202608141300,   1.288,9999.000,   0.500,  -0.445,   1.343,   0.300,   1.143,   0.600,   1.443
202608141306,   1.504,9999.000,9999.000,9999.000,9999.000,9999.000,9999.000,9999.000,9999.000
202608141312,   1.725,9999.000,9999.000,9999.000,9999.000,9999.000,9999.000,9999.000,9999.000
202608141318,   1.952,9999.000,9999.000,9999.000,9999.000,9999.000,9999.000,9999.000,9999.000
202608141324,   2.185,9999.000,9999.000,9999.000,9999.000,9999.000,9999.000,9999.000,9999.000
202608141330,   2.422,9999.000,9999.000,9999.000,9999.000,9999.000,9999.000,9999.000,9999.000
202608141336,   2.662,9999.000,9999.000,9999.000,9999.000,9999.000,9999.000,9999.000,9999.000
202608141342,   2.906,9999.000,9999.000,9999.000,9999.000,9999.000,9999.000,9999.000,9999.000
202608141348,   3.153,9999.000,9999.000,9999.000,9999.000,9999.000,9999.000,9999.000,9999.000
202608141354,   3.401,9999.000,9999.000,9999.000,9999.000,9999.000,9999.000,9999.000,9999.000
202608141400,   3.651,9999.000,   0.500,  -0.467,   3.684,   0.300,   3.484,   0.600,   3.784
202608141406,   3.901,9999.000,9999.000,9999.000,9999.000,9999.000,9999.000,9999.000,9999.000
202608141412,   4.152,9999.000,9999.000,9999.000,9999.000,9999.000,9999.000,9999.000,9999.000
202608141418,   4.401,9999.000,9999.000,9999.000,9999.000,9999.000,9999.000,9999.000,9999.000
202608141424,   4.650,9999.000,9999.000,9999.000,9999.000,9999.000,9999.000,9999.000,9999.000
202608141430,   4.896,9999.000,9999.000,9999.000,9999.000,9999.000,9999.000,9999.000,9999.000
202608141436,   5.140,9999.000,9999.000,9999.000,9999.000,9999.000,9999.000,9999.000,9999.000
202608141442,   5.381,9999.000,9999.000,9999.000,9999.000,9999.000,9999.000,9999.000,9999.000
202608141448,   5.619,9999.000,9999.000,9999.000,9999.000,9999.000,9999.000,9999.000,9999.000
202608141454,   5.852,9999.000,9999.000,9999.000,9999.000,9999.000,9999.000,9999.000,9999.000
202608141500,   6.080,9999.000,   0.500,  -0.407,   6.173,   0.300,   5.973,   0.600,   6.273
202608141506,   6.303,9999.000,9999.000,9999.000,9999.000,9999.000,9999.000,9999.000,9999.000
202608141512,   6.520,9999.000,9999.000,9999.000,9999.000,9999.000,9999.000,9999.000,9999.000
202608141518,   6.731,9999.000,9999.000,9999.000,9999.000,9999.000,9999.000,9999.000,9999.000
202608141524,   6.935,9999.000,9999.000,9999.000,9999.000,9999.000,9999.000,9999.000,9999.000
202608141530,   7.133,9999.000,9999.000,9999.000,9999.000,9999.000,9999.000,9999.000,9999.000
202608141536,   7.322,9999.000,9999.000,9999.000,9999.000,9999.000,9999.000,9999.000,9999.000
202608141542,   7.504,9999.000,9999.000,9999.000,9999.000,9999.000,9999.000,9999.000,9999.000
202608141548,   7.677,9999.000,9999.000,9999.000,9999.000,9999.000,9999.000,9999.000,9999.000
202608141554,   7.842,9999.000,9999.000,9999.000,9999.000,9999.000,9999.000,9999.000,9999.000
202608141600,   7.998,9999.000,   0.500,  -0.295,   8.203,   0.300,   8.003,   0.600,   8.303
202608141606,   8.145,9999.000,9999.000,9999.000,9999.000,9999.000,9999.000,9999.000,9999.000
202608141612,   8.283,9999.000,9999.000,9999.000,9999.000,9999.000,9999.000,9999.000,9999.000
202608141618,   8.410,9999.000,9999.000,9999.000,9999.000,9999.000,9999.000,9999.000,9999.000
202608141624,   8.528,9999.000,9999.000,9999.000,9999.000,9999.000,9999.000,9999.000,9999.000
202608141630,   8.636,9999.000,9999.000,9999.000,9999.000,9999.000,9999.000,9999.000,9999.000
202608141636,   8.733,9999.000,9999.000,9999.000,9999.000,9999.000,9999.000,9999.000,9999.000
202608141642,   8.819,9999.000,9999.000,9999.000,9999.000,9999.000,9999.000,9999.000,9999.000
202608141648,   8.895,9999.000,9999.000,9999.000,9999.000,9999.000,9999.000,9999.000,9999.000
202608141654,   8.960,9999.000,9999.000,9999.000,9999.000,9999.000,9999.000,9999.000,9999.000
202608141700,   9.014,9999.000,   0.400,  -0.145,   9.269,   0.300,   9.169,   0.600,   9.469
202608141706,   9.056,9999.000,9999.000,9999.000,9999.000,9999.000,9999.000,9999.000,9999.000
202608141712,   9.087,9999.000,9999.000,9999.000,9999.000,9999.000,9999.000,9999.000,9999.000
202608141718,   9.107,9999.000,9999.000,9999.000,9999.000,9999.000,9999.000,9999.000,9999.000
202608141724,   9.114,9999.000,9999.000,9999.000,9999.000,9999.000,9999.000,9999.000,9999.000
202608141730,   9.111,9999.000,9999.000,9999.000,9999.000,9999.000,9999.000,9999.000,9999.000
202608141736,   9.095,9999.000,9999.000,9999.000,9999.000,9999.000,9999.000,9999.000,9999.000
202608141742,   9.067,9999.000,9999.000,9999.000,9999.000,9999.000,9999.000,9999.000,9999.000
202608141748,   9.027,9999.000,9999.000,9999.000,9999.000,9999.000,9999.000,9999.000,9999.000
202608141754,   8.976,9999.000,9999.000,9999.000,9999.000,9999.000,9999.000,9999.000,9999.000
202608141800,   8.912,9999.000,   0.400,  -0.145,   9.167,   0.200,   8.967,   0.600,   9.367
