        TIME,    TIDE,      OB,   SURGE,    BIAS,     TWL,SURGE90p,  TWL90p,SURGE10p,   TWL10p
202605131800,   0.390,   1.249,   0.400,   0.459,   1.249,   0.400,   1.249,   0.400,   1.249
202605131806,   0.392,9999.000,9999.000,9999.000,9999.000,9999.000,9999.000,9999.000,9999.000
202605131812,   0.395,   1.229,9999.000,9999.000,9999.000,9999.000,9999.000,9999.000,9999.000
202605131818,   0.398,9999.000,9999.000,9999.000,9999.000,9999.000,9999.000,9999.000,9999.000
202605131824,   0.401,   1.220,9999.000,9999.000,9999.000,9999.000,9999.000,9999.000,9999.000
202605131830,   0.404,9999.000,9999.000,9999.000,9999.000,9999.000,9999.000,9999.000,9999.000
202605131836,   0.407,   1.210,9999.000,9999.000,9999.000,9999.000,9999.000,9999.000,9999.000
202605131842,   0.410,9999.000,9999.000,9999.000,9999.000,9999.000,9999.000,9999.000,9999.000
202605131848,   0.413,   1.200,9999.000,9999.000,9999.000,9999.000,9999.000,9999.000,9999.000
202605131854,   0.416,9999.000,9999.000,9999.000,9999.000,9999.000,9999.000,9999.000,9999.000
202605131900,   0.419,   1.200,   0.400,   0.381,   1.200,   0.400,   1.200,   0.400,   1.200
202605131906,   0.422,   1.200,9999.000,9999.000,9999.000,9999.000,9999.000,9999.000,9999.000
202605131912,   0.425,   1.200,9999.000,9999.000,9999.000,9999.000,9999.000,9999.000,9999.000
202605131918,   0.429,   1.190,9999.000,9999.000,9999.000,9999.000,9999.000,9999.000,9999.000
202605131924,   0.432,   1.180,9999.000,9999.000,9999.000,9999.000,9999.000,9999.000,9999.000
202605131930,   0.435,   1.180,9999.000,9999.000,9999.000,9999.000,9999.000,9999.000,9999.000
202605131936,   0.439,   1.180,9999.000,9999.000,9999.000,9999.000,9999.000,9999.000,9999.000
202605131942,   0.442,   1.180,9999.000,9999.000,9999.000,9999.000,9999.000,9999.000,9999.000
202605131948,   0.445,   1.180,9999.000,9999.000,9999.000,9999.000,9999.000,9999.000,9999.000
202605131954,   0.449,   1.180,9999.000,9999.000,9999.000,9999.000,9999.000,9999.000,9999.000
202605132000,   0.452,   1.180,   0.400,   0.328,   1.180,   0.400,   1.180,   0.400,   1.180
202605132006,   0.455,   1.180,9999.000,9999.000,9999.000,9999.000,9999.000,9999.000,9999.000
202605132012,   0.459,   1.180,9999.000,9999.000,9999.000,9999.000,9999.000,9999.000,9999.000
202605132018,   0.462,   1.180,9999.000,9999.000,9999.000,9999.000,9999.000,9999.000,9999.000
202605132024,   0.465,   1.180,9999.000,9999.000,9999.000,9999.000,9999.000,9999.000,9999.000
202605132030,   0.468,   1.170,9999.000,9999.000,9999.000,9999.000,9999.000,9999.000,9999.000
202605132036,   0.471,   1.170,9999.000,9999.000,9999.000,9999.000,9999.000,9999.000,9999.000
202605132042,   0.474,   1.170,9999.000,9999.000,9999.000,9999.000,9999.000,9999.000,9999.000
202605132048,   0.477,   1.161,9999.000,9999.000,9999.000,9999.000,9999.000,9999.000,9999.000
202605132054,   0.479,   1.151,9999.000,9999.000,9999.000,9999.000,9999.000,9999.000,9999.000
202605132100,   0.482,   1.161,   0.400,   0.279,   1.161,   0.400,   1.161,   0.400,   1.161
202605132106,   0.485,   1.161,9999.000,9999.000,9999.000,9999.000,9999.000,9999.000,9999.000
202605132112,   0.487,   1.151,9999.000,9999.000,9999.000,9999.000,9999.000,9999.000,9999.000
202605132118,   0.489,   1.138,9999.000,9999.000,9999.000,9999.000,9999.000,9999.000,9999.000
202605132124,   0.491,   1.128,9999.000,9999.000,9999.000,9999.000,9999.000,9999.000,9999.000
202605132130,   0.493,   1.138,9999.000,9999.000,9999.000,9999.000,9999.000,9999.000,9999.000
202605132136,   0.495,   1.128,9999.000,9999.000,9999.000,9999.000,9999.000,9999.000,9999.000
202605132142,   0.497,   1.118,9999.000,9999.000,9999.000,9999.000,9999.000,9999.000,9999.000
202605132148,   0.498,   1.108,9999.000,9999.000,9999.000,9999.000,9999.000,9999.000,9999.000
202605132154,   0.500,   1.108,9999.000,9999.000,9999.000,9999.000,9999.000,9999.000,9999.000
202605132200,   0.501,   1.108,   0.400,   0.207,   1.108,   0.400,   1.108,   0.400,   1.108
202605132206,   0.502,   1.108,9999.000,9999.000,9999.000,9999.000,9999.000,9999.000,9999.000
202605132212,   0.503,   1.098,9999.000,9999.000,9999.000,9999.000,9999.000,9999.000,9999.000
202605132218,   0.504,   1.098,9999.000,9999.000,9999.000,9999.000,9999.000,9999.000,9999.000
202605132224,   0.504,   1.108,9999.000,9999.000,9999.000,9999.000,9999.000,9999.000,9999.000
202605132230,   0.505,   1.108,9999.000,9999.000,9999.000,9999.000,9999.000,9999.000,9999.000
202605132236,   0.505,   1.098,9999.000,9999.000,9999.000,9999.000,9999.000,9999.000,9999.000
202605132242,   0.505,   1.088,9999.000,9999.000,9999.000,9999.000,9999.000,9999.000,9999.000
202605132248,   0.505,   1.088,9999.000,9999.000,9999.000,9999.000,9999.000,9999.000,9999.000
202605132254,   0.505,   1.108,9999.000,9999.000,9999.000,9999.000,9999.000,9999.000,9999.000
202605132300,   0.504,   1.098,   0.400,   0.194,   1.098,   0.400,   1.098,   0.400,   1.098
202605132306,   0.504,   1.088,9999.000,9999.000,9999.000,9999.000,9999.000,9999.000,9999.000
202605132312,   0.503,   1.079,9999.000,9999.000,9999.000,9999.000,9999.000,9999.000,9999.000
202605132318,   0.502,   1.088,9999.000,9999.000,9999.000,9999.000,9999.000,9999.000,9999.000
202605132324,   0.501,   1.079,9999.000,9999.000,9999.000,9999.000,9999.000,9999.000,9999.000
202605132330,   0.500,   1.069,9999.000,9999.000,9999.000,9999.000,9999.000,9999.000,9999.000
202605132336,   0.499,   1.069,9999.000,9999.000,9999.000,9999.000,9999.000,9999.000,9999.000
202605132342,   0.497,   1.069,9999.000,9999.000,9999.000,9999.000,9999.000,9999.000,9999.000
202605132348,   0.496,   1.069,9999.000,9999.000,9999.000,9999.000,9999.000,9999.000,9999.000
202605132354,   0.494,   1.059,9999.000,9999.000,9999.000,9999.000,9999.000,9999.000,9999.000
202605140000,   0.492,   1.059,   0.300,   0.267,   1.059,   0.300,   1.059,   0.300,   1.059
202605140006,   0.490,   1.049,9999.000,9999.000,9999.000,9999.000,9999.000,9999.000,9999.000
202605140012,   0.488,   1.049,9999.000,9999.000,9999.000,9999.000,9999.000,9999.000,9999.000
202605140018,   0.485,   1.039,9999.000,9999.000,9999.000,9999.000,9999.000,9999.000,9999.000
202605140024,   0.483,   1.039,9999.000,9999.000,9999.000,9999.000,9999.000,9999.000,9999.000
202605140030,   0.480,   1.029,9999.000,9999.000,9999.000,9999.000,9999.000,9999.000,9999.000
202605140036,   0.478,   1.020,9999.000,9999.000,9999.000,9999.000,9999.000,9999.000,9999.000
202605140042,   0.475,   1.029,9999.000,9999.000,9999.000,9999.000,9999.000,9999.000,9999.000
202605140048,   0.472,   1.029,9999.000,9999.000,9999.000,9999.000,9999.000,9999.000,9999.000
202605140054,   0.469,   1.020,9999.000,9999.000,9999.000,9999.000,9999.000,9999.000,9999.000
202605140100,   0.466,   1.020,   0.300,   0.254,   1.020,   0.300,   1.020,   0.300,   1.020
202605140106,   0.463,   1.010,9999.000,9999.000,9999.000,9999.000,9999.000,9999.000,9999.000
202605140112,   0.459,   1.020,9999.000,9999.000,9999.000,9999.000,9999.000,9999.000,9999.000
202605140118,   0.456,   1.010,9999.000,9999.000,9999.000,9999.000,9999.000,9999.000,9999.000
202605140124,   0.453,   1.000,9999.000,9999.000,9999.000,9999.000,9999.000,9999.000,9999.000
202605140130,   0.449,   1.010,9999.000,9999.000,9999.000,9999.000,9999.000,9999.000,9999.000
202605140136,   0.445,   1.010,9999.000,9999.000,9999.000,9999.000,9999.000,9999.000,9999.000
202605140142,   0.442,   1.000,9999.000,9999.000,9999.000,9999.000,9999.000,9999.000,9999.000
202605140148,   0.438,   0.990,9999.000,9999.000,9999.000,9999.000,9999.000,9999.000,9999.000
202605140154,   0.434,   1.000,9999.000,9999.000,9999.000,9999.000,9999.000,9999.000,9999.000
202605140200,   0.430,   1.000,   0.300,   0.270,   1.000,   0.300,   1.000,   0.300,   1.000
202605140206,   0.426,   0.990,9999.000,9999.000,9999.000,9999.000,9999.000,9999.000,9999.000
202605140212,   0.422,   0.980,9999.000,9999.000,9999.000,9999.000,9999.000,9999.000,9999.000
202605140218,   0.418,   0.990,9999.000,9999.000,9999.000,9999.000,9999.000,9999.000,9999.000
202605140224,   0.413,   0.990,9999.000,9999.000,9999.000,9999.000,9999.000,9999.000,9999.000
202605140230,   0.409,   0.970,9999.000,9999.000,9999.000,9999.000,9999.000,9999.000,9999.000
202605140236,   0.405,   0.961,9999.000,9999.000,9999.000,9999.000,9999.000,9999.000,9999.000
202605140242,   0.400,   0.961,9999.000,9999.000,9999.000,9999.000,9999.000,9999.000,9999.000
202605140248,   0.396,   0.970,9999.000,9999.000,9999.000,9999.000,9999.000,9999.000,9999.000
202605140254,   0.392,   0.961,9999.000,9999.000,9999.000,9999.000,9999.000,9999.000,9999.000
202605140300,   0.387,   0.941,   0.300,   0.254,   0.941,   0.300,   0.941,   0.300,   0.941
202605140306,   0.382,   0.941,9999.000,9999.000,9999.000,9999.000,9999.000,9999.000,9999.000
202605140312,   0.378,   0.941,9999.000,9999.000,9999.000,9999.000,9999.000,9999.000,9999.000
202605140318,   0.373,   0.928,9999.000,9999.000,9999.000,9999.000,9999.000,9999.000,9999.000
202605140324,   0.369,   0.928,9999.000,9999.000,9999.000,9999.000,9999.000,9999.000,9999.000
202605140330,   0.364,   0.928,9999.000,9999.000,9999.000,9999.000,9999.000,9999.000,9999.000
202605140336,   0.360,   0.918,9999.000,9999.000,9999.000,9999.000,9999.000,9999.000,9999.000
202605140342,   0.355,   0.918,9999.000,9999.000,9999.000,9999.000,9999.000,9999.000,9999.000
202605140348,   0.350,   0.918,9999.000,9999.000,9999.000,9999.000,9999.000,9999.000,9999.000
202605140354,   0.346,   0.918,9999.000,9999.000,9999.000,9999.000,9999.000,9999.000,9999.000
202605140400,   0.341,   0.908,   0.300,   0.267,   0.908,   0.300,   0.908,   0.300,   0.908
202605140406,   0.337,   0.888,9999.000,9999.000,9999.000,9999.000,9999.000,9999.000,9999.000
202605140412,   0.332,   0.888,9999.000,9999.000,9999.000,9999.000,9999.000,9999.000,9999.000
202605140418,   0.328,   0.898,9999.000,9999.000,9999.000,9999.000,9999.000,9999.000,9999.000
202605140424,   0.324,   0.898,9999.000,9999.000,9999.000,9999.000,9999.000,9999.000,9999.000
202605140430,   0.319,   0.888,9999.000,9999.000,9999.000,9999.000,9999.000,9999.000,9999.000
202605140436,   0.315,   0.879,9999.000,9999.000,9999.000,9999.000,9999.000,9999.000,9999.000
202605140442,   0.311,   0.879,9999.000,9999.000,9999.000,9999.000,9999.000,9999.000,9999.000
202605140448,   0.307,   0.888,9999.000,9999.000,9999.000,9999.000,9999.000,9999.000,9999.000
202605140454,   0.303,   0.879,9999.000,9999.000,9999.000,9999.000,9999.000,9999.000,9999.000
202605140500,   0.299,   0.879,   0.300,   0.280,   0.879,   0.300,   0.879,   0.300,   0.879
202605140506,   0.295,   0.888,9999.000,9999.000,9999.000,9999.000,9999.000,9999.000,9999.000
202605140512,   0.292,   0.888,9999.000,9999.000,9999.000,9999.000,9999.000,9999.000,9999.000
202605140518,   0.288,   0.888,9999.000,9999.000,9999.000,9999.000,9999.000,9999.000,9999.000
202605140524,   0.285,   0.888,9999.000,9999.000,9999.000,9999.000,9999.000,9999.000,9999.000
202605140530,   0.281,   0.879,9999.000,9999.000,9999.000,9999.000,9999.000,9999.000,9999.000
202605140536,   0.278,   0.869,9999.000,9999.000,9999.000,9999.000,9999.000,9999.000,9999.000
202605140542,   0.275,   0.869,9999.000,9999.000,9999.000,9999.000,9999.000,9999.000,9999.000
202605140548,   0.272,   0.859,9999.000,9999.000,9999.000,9999.000,9999.000,9999.000,9999.000
202605140554,   0.270,   0.859,9999.000,9999.000,9999.000,9999.000,9999.000,9999.000,9999.000
202605140600,   0.267,   0.839,   0.300,   0.272,   0.839,   0.300,   0.839,   0.300,   0.839
202605140606,   0.264,   0.829,9999.000,9999.000,9999.000,9999.000,9999.000,9999.000,9999.000
202605140612,   0.262,   0.819,9999.000,9999.000,9999.000,9999.000,9999.000,9999.000,9999.000
202605140618,   0.259,   0.819,9999.000,9999.000,9999.000,9999.000,9999.000,9999.000,9999.000
202605140624,   0.257,   0.810,9999.000,9999.000,9999.000,9999.000,9999.000,9999.000,9999.000
202605140630,   0.255,   0.790,9999.000,9999.000,9999.000,9999.000,9999.000,9999.000,9999.000
202605140636,   0.253,   0.780,9999.000,9999.000,9999.000,9999.000,9999.000,9999.000,9999.000
202605140642,   0.252,   0.780,9999.000,9999.000,9999.000,9999.000,9999.000,9999.000,9999.000
202605140648,   0.250,   0.770,9999.000,9999.000,9999.000,9999.000,9999.000,9999.000,9999.000
202605140654,   0.249,   0.770,9999.000,9999.000,9999.000,9999.000,9999.000,9999.000,9999.000
202605140700,   0.247,   0.760,   0.300,   0.213,   0.760,   0.300,   0.760,   0.300,   0.760
202605140706,   0.246,   0.760,9999.000,9999.000,9999.000,9999.000,9999.000,9999.000,9999.000
202605140712,   0.245,   0.760,9999.000,9999.000,9999.000,9999.000,9999.000,9999.000,9999.000
202605140718,   0.244,   0.760,9999.000,9999.000,9999.000,9999.000,9999.000,9999.000,9999.000
202605140724,   0.243,   0.760,9999.000,9999.000,9999.000,9999.000,9999.000,9999.000,9999.000
202605140730,   0.242,   0.751,9999.000,9999.000,9999.000,9999.000,9999.000,9999.000,9999.000
202605140736,   0.241,   0.751,9999.000,9999.000,9999.000,9999.000,9999.000,9999.000,9999.000
202605140742,   0.241,   0.751,9999.000,9999.000,9999.000,9999.000,9999.000,9999.000,9999.000
202605140748,   0.240,   0.751,9999.000,9999.000,9999.000,9999.000,9999.000,9999.000,9999.000
202605140754,   0.240,   0.731,9999.000,9999.000,9999.000,9999.000,9999.000,9999.000,9999.000
202605140800,   0.240,   0.731,   0.300,   0.191,   0.731,   0.300,   0.731,   0.300,   0.731
202605140806,   0.239,   0.741,9999.000,9999.000,9999.000,9999.000,9999.000,9999.000,9999.000
202605140812,   0.239,   0.751,9999.000,9999.000,9999.000,9999.000,9999.000,9999.000,9999.000
202605140818,   0.239,   0.751,9999.000,9999.000,9999.000,9999.000,9999.000,9999.000,9999.000
202605140824,   0.239,   0.741,9999.000,9999.000,9999.000,9999.000,9999.000,9999.000,9999.000
202605140830,   0.239,   0.741,9999.000,9999.000,9999.000,9999.000,9999.000,9999.000,9999.000
202605140836,   0.239,   0.741,9999.000,9999.000,9999.000,9999.000,9999.000,9999.000,9999.000
202605140842,   0.239,   0.751,9999.000,9999.000,9999.000,9999.000,9999.000,9999.000,9999.000
202605140848,   0.239,   0.751,9999.000,9999.000,9999.000,9999.000,9999.000,9999.000,9999.000
202605140854,   0.239,   0.741,9999.000,9999.000,9999.000,9999.000,9999.000,9999.000,9999.000
202605140900,   0.239,   0.731,   0.300,   0.192,   0.731,   0.300,   0.731,   0.300,   0.731
202605140906,   0.239,   0.731,9999.000,9999.000,9999.000,9999.000,9999.000,9999.000,9999.000
202605140912,   0.239,   0.731,9999.000,9999.000,9999.000,9999.000,9999.000,9999.000,9999.000
202605140918,   0.239,   0.718,9999.000,9999.000,9999.000,9999.000,9999.000,9999.000,9999.000
202605140924,   0.240,   0.708,9999.000,9999.000,9999.000,9999.000,9999.000,9999.000,9999.000
202605140930,   0.240,   0.698,9999.000,9999.000,9999.000,9999.000,9999.000,9999.000,9999.000
202605140936,   0.240,   0.698,9999.000,9999.000,9999.000,9999.000,9999.000,9999.000,9999.000
202605140942,   0.240,   0.698,9999.000,9999.000,9999.000,9999.000,9999.000,9999.000,9999.000
202605140948,   0.240,   0.698,9999.000,9999.000,9999.000,9999.000,9999.000,9999.000,9999.000
202605140954,   0.241,   0.698,9999.000,9999.000,9999.000,9999.000,9999.000,9999.000,9999.000
202605141000,   0.241,   0.698,   0.300,   0.157,   0.698,   0.300,   0.698,   0.300,   0.698
202605141006,   0.241,   0.688,9999.000,9999.000,9999.000,9999.000,9999.000,9999.000,9999.000
202605141012,   0.241,   0.678,9999.000,9999.000,9999.000,9999.000,9999.000,9999.000,9999.000
202605141018,   0.242,   0.678,9999.000,9999.000,9999.000,9999.000,9999.000,9999.000,9999.000
202605141024,   0.242,   0.678,9999.000,9999.000,9999.000,9999.000,9999.000,9999.000,9999.000
202605141030,   0.242,   0.678,9999.000,9999.000,9999.000,9999.000,9999.000,9999.000,9999.000
202605141036,   0.242,   0.669,9999.000,9999.000,9999.000,9999.000,9999.000,9999.000,9999.000
202605141042,   0.243,   0.678,9999.000,9999.000,9999.000,9999.000,9999.000,9999.000,9999.000
202605141048,   0.243,   0.688,9999.000,9999.000,9999.000,9999.000,9999.000,9999.000,9999.000
202605141054,   0.244,   0.688,9999.000,9999.000,9999.000,9999.000,9999.000,9999.000,9999.000
202605141100,   0.244,   0.688,   0.300,   0.144,   0.688,   0.300,   0.688,   0.300,   0.688
202605141106,   0.245,   0.698,9999.000,9999.000,9999.000,9999.000,9999.000,9999.000,9999.000
202605141112,   0.245,   0.708,9999.000,9999.000,9999.000,9999.000,9999.000,9999.000,9999.000
202605141118,   0.246,   0.708,9999.000,9999.000,9999.000,9999.000,9999.000,9999.000,9999.000
202605141124,   0.246,   0.708,9999.000,9999.000,9999.000,9999.000,9999.000,9999.000,9999.000
202605141130,   0.247,   0.718,9999.000,9999.000,9999.000,9999.000,9999.000,9999.000,9999.000
202605141136,   0.248,   0.718,9999.000,9999.000,9999.000,9999.000,9999.000,9999.000,9999.000
202605141142,   0.249,   0.718,9999.000,9999.000,9999.000,9999.000,9999.000,9999.000,9999.000
202605141148,   0.250,   0.708,9999.000,9999.000,9999.000,9999.000,9999.000,9999.000,9999.000
202605141154,   0.251,   0.731,9999.000,9999.000,9999.000,9999.000,9999.000,9999.000,9999.000
202605141200,   0.252,   0.731,   0.400,   0.079,   0.731,   0.400,   0.731,   0.400,   0.731
202605141206,   0.253,   0.731,9999.000,9999.000,9999.000,9999.000,9999.000,9999.000,9999.000
202605141212,   0.254,   0.731,9999.000,9999.000,9999.000,9999.000,9999.000,9999.000,9999.000
202605141218,   0.255,   0.741,9999.000,9999.000,9999.000,9999.000,9999.000,9999.000,9999.000
202605141224,   0.257,   0.751,9999.000,9999.000,9999.000,9999.000,9999.000,9999.000,9999.000
202605141230,   0.258,   0.751,9999.000,9999.000,9999.000,9999.000,9999.000,9999.000,9999.000
202605141236,   0.260,   0.751,9999.000,9999.000,9999.000,9999.000,9999.000,9999.000,9999.000
202605141242,   0.262,   0.731,9999.000,9999.000,9999.000,9999.000,9999.000,9999.000,9999.000
202605141248,   0.263,   0.731,9999.000,9999.000,9999.000,9999.000,9999.000,9999.000,9999.000
202605141254,   0.265,   0.731,9999.000,9999.000,9999.000,9999.000,9999.000,9999.000,9999.000
202605141300,   0.267,   0.731,   0.400,   0.064,   0.731,   0.400,   0.731,   0.400,   0.731
202605141306,   0.270,   0.731,9999.000,9999.000,9999.000,9999.000,9999.000,9999.000,9999.000
202605141312,   0.271,   0.718,9999.000,9999.000,9999.000,9999.000,9999.000,9999.000,9999.000
202605141318,   0.273,   0.731,9999.000,9999.000,9999.000,9999.000,9999.000,9999.000,9999.000
202605141324,   0.275,   0.760,9999.000,9999.000,9999.000,9999.000,9999.000,9999.000,9999.000
202605141330,   0.278,   0.770,9999.000,9999.000,9999.000,9999.000,9999.000,9999.000,9999.000
202605141336,   0.280,   0.780,9999.000,9999.000,9999.000,9999.000,9999.000,9999.000,9999.000
202605141342,   0.282,   0.790,9999.000,9999.000,9999.000,9999.000,9999.000,9999.000,9999.000
202605141348,   0.285,   0.800,9999.000,9999.000,9999.000,9999.000,9999.000,9999.000,9999.000
202605141354,   0.288,   0.780,9999.000,9999.000,9999.000,9999.000,9999.000,9999.000,9999.000
202605141400,   0.290,   0.760,   0.400,   0.070,   0.760,   0.400,   0.760,   0.400,   0.760
202605141406,   0.293,   0.760,9999.000,9999.000,9999.000,9999.000,9999.000,9999.000,9999.000
202605141412,   0.296,   0.770,9999.000,9999.000,9999.000,9999.000,9999.000,9999.000,9999.000
202605141418,   0.298,   0.770,9999.000,9999.000,9999.000,9999.000,9999.000,9999.000,9999.000
202605141424,   0.301,   0.760,9999.000,9999.000,9999.000,9999.000,9999.000,9999.000,9999.000
202605141430,   0.304,   0.760,9999.000,9999.000,9999.000,9999.000,9999.000,9999.000,9999.000
202605141436,   0.307,   0.770,9999.000,9999.000,9999.000,9999.000,9999.000,9999.000,9999.000
202605141442,   0.310,   0.780,9999.000,9999.000,9999.000,9999.000,9999.000,9999.000,9999.000
202605141448,   0.313,   0.790,9999.000,9999.000,9999.000,9999.000,9999.000,9999.000,9999.000
202605141454,   0.316,   0.780,9999.000,9999.000,9999.000,9999.000,9999.000,9999.000,9999.000
202605141500,   0.319,   0.770,   0.400,   0.051,   0.770,   0.400,   0.770,   0.400,   0.770
202605141506,   0.322,   0.770,9999.000,9999.000,9999.000,9999.000,9999.000,9999.000,9999.000
202605141512,   0.326,   0.790,9999.000,9999.000,9999.000,9999.000,9999.000,9999.000,9999.000
202605141518,   0.329,   0.810,9999.000,9999.000,9999.000,9999.000,9999.000,9999.000,9999.000
202605141524,   0.332,   0.800,9999.000,9999.000,9999.000,9999.000,9999.000,9999.000,9999.000
202605141530,   0.335,   0.780,9999.000,9999.000,9999.000,9999.000,9999.000,9999.000,9999.000
202605141536,   0.338,   0.790,9999.000,9999.000,9999.000,9999.000,9999.000,9999.000,9999.000
202605141542,   0.342,   0.819,9999.000,9999.000,9999.000,9999.000,9999.000,9999.000,9999.000
202605141548,   0.345,   0.819,9999.000,9999.000,9999.000,9999.000,9999.000,9999.000,9999.000
202605141554,   0.348,   0.810,9999.000,9999.000,9999.000,9999.000,9999.000,9999.000,9999.000
202605141600,   0.352,   0.819,   0.400,   0.067,   0.819,   0.400,   0.819,   0.400,   0.819
202605141606,   0.355,   0.839,9999.000,9999.000,9999.000,9999.000,9999.000,9999.000,9999.000
202605141612,   0.358,   0.849,9999.000,9999.000,9999.000,9999.000,9999.000,9999.000,9999.000
202605141618,   0.362,   0.839,9999.000,9999.000,9999.000,9999.000,9999.000,9999.000,9999.000
202605141624,   0.365,   0.859,9999.000,9999.000,9999.000,9999.000,9999.000,9999.000,9999.000
202605141630,   0.369,   0.879,9999.000,9999.000,9999.000,9999.000,9999.000,9999.000,9999.000
202605141636,   0.372,   0.888,9999.000,9999.000,9999.000,9999.000,9999.000,9999.000,9999.000
202605141642,   0.376,   0.869,9999.000,9999.000,9999.000,9999.000,9999.000,9999.000,9999.000
202605141648,   0.379,   0.859,9999.000,9999.000,9999.000,9999.000,9999.000,9999.000,9999.000
202605141654,   0.383,   0.869,9999.000,9999.000,9999.000,9999.000,9999.000,9999.000,9999.000
202605141700,   0.386,   0.879,   0.400,   0.093,   0.879,   0.400,   0.879,   0.400,   0.879
202605141706,   0.390,   0.879,9999.000,9999.000,9999.000,9999.000,9999.000,9999.000,9999.000
202605141712,   0.394,   0.879,9999.000,9999.000,9999.000,9999.000,9999.000,9999.000,9999.000
202605141718,   0.397,   0.888,9999.000,9999.000,9999.000,9999.000,9999.000,9999.000,9999.000
202605141724,   0.401,   0.898,9999.000,9999.000,9999.000,9999.000,9999.000,9999.000,9999.000
202605141730,   0.405,   0.908,9999.000,9999.000,9999.000,9999.000,9999.000,9999.000,9999.000
202605141736,   0.409,   0.908,9999.000,9999.000,9999.000,9999.000,9999.000,9999.000,9999.000
202605141742,   0.413,   0.908,9999.000,9999.000,9999.000,9999.000,9999.000,9999.000,9999.000
202605141748,   0.417,   0.918,9999.000,9999.000,9999.000,9999.000,9999.000,9999.000,9999.000
202605141754,   0.421,   0.918,9999.000,9999.000,9999.000,9999.000,9999.000,9999.000,9999.000
202605141800,   0.425,   0.918,   0.400,   0.093,   0.918,   0.400,   0.918,   0.400,   0.918
202605141806,   0.429,   0.908,9999.000,9999.000,9999.000,9999.000,9999.000,9999.000,9999.000
202605141812,   0.433,   0.928,9999.000,9999.000,9999.000,9999.000,9999.000,9999.000,9999.000
202605141818,   0.437,   0.928,9999.000,9999.000,9999.000,9999.000,9999.000,9999.000,9999.000
202605141824,   0.441,   0.928,9999.000,9999.000,9999.000,9999.000,9999.000,9999.000,9999.000
202605141830,   0.446,   0.941,9999.000,9999.000,9999.000,9999.000,9999.000,9999.000,9999.000
202605141836,   0.450,   0.951,9999.000,9999.000,9999.000,9999.000,9999.000,9999.000,9999.000
202605141842,   0.454,   0.951,9999.000,9999.000,9999.000,9999.000,9999.000,9999.000,9999.000
202605141848,   0.459,   0.941,9999.000,9999.000,9999.000,9999.000,9999.000,9999.000,9999.000
202605141854,   0.463,   0.951,9999.000,9999.000,9999.000,9999.000,9999.000,9999.000,9999.000
202605141900,   0.467,   0.961,   0.400,   0.094,   0.961,   0.400,   0.961,   0.400,   0.961
202605141906,   0.472,   0.970,9999.000,9999.000,9999.000,9999.000,9999.000,9999.000,9999.000
202605141912,   0.476,   0.970,9999.000,9999.000,9999.000,9999.000,9999.000,9999.000,9999.000
202605141918,   0.481,   0.970,9999.000,9999.000,9999.000,9999.000,9999.000,9999.000,9999.000
202605141924,   0.485,   0.970,9999.000,9999.000,9999.000,9999.000,9999.000,9999.000,9999.000
202605141930,   0.489,   0.980,9999.000,9999.000,9999.000,9999.000,9999.000,9999.000,9999.000
202605141936,   0.494,   0.980,9999.000,9999.000,9999.000,9999.000,9999.000,9999.000,9999.000
202605141942,   0.498,   0.990,9999.000,9999.000,9999.000,9999.000,9999.000,9999.000,9999.000
202605141948,   0.502,   0.990,9999.000,9999.000,9999.000,9999.000,9999.000,9999.000,9999.000
202605141954,   0.506,   0.990,9999.000,9999.000,9999.000,9999.000,9999.000,9999.000,9999.000
202605142000,   0.511,   1.000,   0.400,   0.089,   1.000,   0.400,   1.000,   0.400,   1.000
202605142006,   0.515,   1.010,9999.000,9999.000,9999.000,9999.000,9999.000,9999.000,9999.000
202605142012,   0.519,   1.020,9999.000,9999.000,9999.000,9999.000,9999.000,9999.000,9999.000
202605142018,   0.523,   1.020,9999.000,9999.000,9999.000,9999.000,9999.000,9999.000,9999.000
202605142024,   0.526,   1.020,9999.000,9999.000,9999.000,9999.000,9999.000,9999.000,9999.000
202605142030,   0.530,   1.029,9999.000,9999.000,9999.000,9999.000,9999.000,9999.000,9999.000
202605142036,   0.534,   1.029,9999.000,9999.000,9999.000,9999.000,9999.000,9999.000,9999.000
202605142042,   0.537,   1.029,9999.000,9999.000,9999.000,9999.000,9999.000,9999.000,9999.000
202605142048,   0.541,   1.029,9999.000,9999.000,9999.000,9999.000,9999.000,9999.000,9999.000
202605142054,   0.544,   1.029,9999.000,9999.000,9999.000,9999.000,9999.000,9999.000,9999.000
202605142100,   0.547,   1.029,   0.400,   0.082,   1.029,   0.400,   1.029,   0.400,   1.029
202605142106,   0.550,   1.020,9999.000,9999.000,9999.000,9999.000,9999.000,9999.000,9999.000
202605142112,   0.553,   1.039,9999.000,9999.000,9999.000,9999.000,9999.000,9999.000,9999.000
202605142118,   0.556,   1.049,9999.000,9999.000,9999.000,9999.000,9999.000,9999.000,9999.000
202605142124,   0.558,   1.049,9999.000,9999.000,9999.000,9999.000,9999.000,9999.000,9999.000
202605142130,   0.561,   1.039,9999.000,9999.000,9999.000,9999.000,9999.000,9999.000,9999.000
202605142136,   0.563,   1.049,9999.000,9999.000,9999.000,9999.000,9999.000,9999.000,9999.000
202605142142,   0.565,   1.059,9999.000,9999.000,9999.000,9999.000,9999.000,9999.000,9999.000
202605142148,   0.567,   1.059,9999.000,9999.000,9999.000,9999.000,9999.000,9999.000,9999.000
202605142154,   0.569,   1.059,9999.000,9999.000,9999.000,9999.000,9999.000,9999.000,9999.000
202605142200,   0.570,   1.059,   0.400,   0.089,   1.059,   0.400,   1.059,   0.400,   1.059
202605142206,   0.571,   1.069,9999.000,9999.000,9999.000,9999.000,9999.000,9999.000,9999.000
202605142212,   0.573,   1.069,9999.000,9999.000,9999.000,9999.000,9999.000,9999.000,9999.000
202605142218,   0.573,   1.069,9999.000,9999.000,9999.000,9999.000,9999.000,9999.000,9999.000
202605142224,   0.574,   1.069,9999.000,9999.000,9999.000,9999.000,9999.000,9999.000,9999.000
202605142230,   0.575,   1.069,9999.000,9999.000,9999.000,9999.000,9999.000,9999.000,9999.000
202605142236,   0.575,   1.059,9999.000,9999.000,9999.000,9999.000,9999.000,9999.000,9999.000
202605142242,   0.575,   1.069,9999.000,9999.000,9999.000,9999.000,9999.000,9999.000,9999.000
202605142248,   0.575,   1.079,9999.000,9999.000,9999.000,9999.000,9999.000,9999.000,9999.000
202605142254,   0.575,   1.069,9999.000,9999.000,9999.000,9999.000,9999.000,9999.000,9999.000
202605142300,   0.574,   1.079,   0.400,   0.105,   1.079,   0.400,   1.079,   0.400,   1.079
202605142306,   0.574,   1.079,9999.000,9999.000,9999.000,9999.000,9999.000,9999.000,9999.000
202605142312,   0.573,   1.079,9999.000,9999.000,9999.000,9999.000,9999.000,9999.000,9999.000
202605142318,   0.572,   1.069,9999.000,9999.000,9999.000,9999.000,9999.000,9999.000,9999.000
202605142324,   0.571,   1.069,9999.000,9999.000,9999.000,9999.000,9999.000,9999.000,9999.000
202605142330,   0.569,   1.059,9999.000,9999.000,9999.000,9999.000,9999.000,9999.000,9999.000
202605142336,   0.568,   1.069,9999.000,9999.000,9999.000,9999.000,9999.000,9999.000,9999.000
202605142342,   0.566,   1.059,9999.000,9999.000,9999.000,9999.000,9999.000,9999.000,9999.000
202605142348,   0.564,   1.059,9999.000,9999.000,9999.000,9999.000,9999.000,9999.000,9999.000
202605142354,   0.562,   1.059,9999.000,9999.000,9999.000,9999.000,9999.000,9999.000,9999.000
202605150000,   0.560,   1.059,   0.500,  -0.001,   1.059,   0.500,   1.059,   0.500,   1.059
202605150006,   0.557,   1.049,9999.000,9999.000,9999.000,9999.000,9999.000,9999.000,9999.000
202605150012,   0.554,   1.049,9999.000,9999.000,9999.000,9999.000,9999.000,9999.000,9999.000
202605150018,   0.552,   1.049,9999.000,9999.000,9999.000,9999.000,9999.000,9999.000,9999.000
202605150024,   0.549,   1.049,9999.000,9999.000,9999.000,9999.000,9999.000,9999.000,9999.000
202605150030,   0.546,   1.049,9999.000,9999.000,9999.000,9999.000,9999.000,9999.000,9999.000
202605150036,   0.542,   1.049,9999.000,9999.000,9999.000,9999.000,9999.000,9999.000,9999.000
202605150042,   0.539,   1.039,9999.000,9999.000,9999.000,9999.000,9999.000,9999.000,9999.000
202605150048,   0.535,   1.029,9999.000,9999.000,9999.000,9999.000,9999.000,9999.000,9999.000
202605150054,   0.532,   1.020,9999.000,9999.000,9999.000,9999.000,9999.000,9999.000,9999.000
202605150100,   0.528,   1.020,   0.500,  -0.008,   1.020,   0.500,   1.020,   0.500,   1.020
202605150106,   0.524,   1.020,9999.000,9999.000,9999.000,9999.000,9999.000,9999.000,9999.000
202605150112,   0.519,   1.010,9999.000,9999.000,9999.000,9999.000,9999.000,9999.000,9999.000
202605150118,   0.515,   1.000,9999.000,9999.000,9999.000,9999.000,9999.000,9999.000,9999.000
202605150124,   0.511,   1.010,9999.000,9999.000,9999.000,9999.000,9999.000,9999.000,9999.000
202605150130,   0.506,   1.000,9999.000,9999.000,9999.000,9999.000,9999.000,9999.000,9999.000
202605150136,   0.501,   0.990,9999.000,9999.000,9999.000,9999.000,9999.000,9999.000,9999.000
202605150142,   0.497,   0.990,9999.000,9999.000,9999.000,9999.000,9999.000,9999.000,9999.000
202605150148,   0.492,   0.990,9999.000,9999.000,9999.000,9999.000,9999.000,9999.000,9999.000
202605150154,   0.487,   0.980,9999.000,9999.000,9999.000,9999.000,9999.000,9999.000,9999.000
202605150200,   0.481,   0.970,   0.500,  -0.011,   0.970,   0.500,   0.970,   0.500,   0.970
202605150206,   0.476,   0.970,9999.000,9999.000,9999.000,9999.000,9999.000,9999.000,9999.000
202605150212,   0.471,   0.970,9999.000,9999.000,9999.000,9999.000,9999.000,9999.000,9999.000
202605150218,   0.465,   0.961,9999.000,9999.000,9999.000,9999.000,9999.000,9999.000,9999.000
202605150224,   0.460,   0.951,9999.000,9999.000,9999.000,9999.000,9999.000,9999.000,9999.000
202605150230,   0.454,   0.951,9999.000,9999.000,9999.000,9999.000,9999.000,9999.000,9999.000
202605150236,   0.448,   0.951,9999.000,9999.000,9999.000,9999.000,9999.000,9999.000,9999.000
202605150242,   0.442,   0.941,9999.000,9999.000,9999.000,9999.000,9999.000,9999.000,9999.000
202605150248,   0.436,   0.928,9999.000,9999.000,9999.000,9999.000,9999.000,9999.000,9999.000
202605150254,   0.430,   0.918,9999.000,9999.000,9999.000,9999.000,9999.000,9999.000,9999.000
202605150300,   0.424,   0.918,   0.500,  -0.006,   0.918,   0.500,   0.918,   0.500,   0.918
202605150306,   0.418,   0.918,9999.000,9999.000,9999.000,9999.000,9999.000,9999.000,9999.000
202605150312,   0.412,   0.908,9999.000,9999.000,9999.000,9999.000,9999.000,9999.000,9999.000
202605150318,   0.405,   0.898,9999.000,9999.000,9999.000,9999.000,9999.000,9999.000,9999.000
202605150324,   0.399,   0.898,9999.000,9999.000,9999.000,9999.000,9999.000,9999.000,9999.000
202605150330,   0.393,   0.888,9999.000,9999.000,9999.000,9999.000,9999.000,9999.000,9999.000
202605150336,   0.386,   0.888,9999.000,9999.000,9999.000,9999.000,9999.000,9999.000,9999.000
202605150342,   0.380,   0.869,9999.000,9999.000,9999.000,9999.000,9999.000,9999.000,9999.000
202605150348,   0.373,   0.869,9999.000,9999.000,9999.000,9999.000,9999.000,9999.000,9999.000
202605150354,   0.367,   0.849,9999.000,9999.000,9999.000,9999.000,9999.000,9999.000,9999.000
202605150400,   0.361,   0.849,   0.500,  -0.012,   0.849,   0.500,   0.849,   0.500,   0.849
202605150406,   0.354,   0.849,9999.000,9999.000,9999.000,9999.000,9999.000,9999.000,9999.000
202605150412,   0.348,   0.849,9999.000,9999.000,9999.000,9999.000,9999.000,9999.000,9999.000
202605150418,   0.341,   0.849,9999.000,9999.000,9999.000,9999.000,9999.000,9999.000,9999.000
202605150424,   0.335,   0.839,9999.000,9999.000,9999.000,9999.000,9999.000,9999.000,9999.000
202605150430,   0.329,   0.839,9999.000,9999.000,9999.000,9999.000,9999.000,9999.000,9999.000
202605150436,   0.322,   0.839,9999.000,9999.000,9999.000,9999.000,9999.000,9999.000,9999.000
202605150442,   0.316,   0.839,9999.000,9999.000,9999.000,9999.000,9999.000,9999.000,9999.000
202605150448,   0.310,   0.829,9999.000,9999.000,9999.000,9999.000,9999.000,9999.000,9999.000
202605150454,   0.304,   0.819,9999.000,9999.000,9999.000,9999.000,9999.000,9999.000,9999.000
202605150500,   0.298,   0.819,   0.500,   0.021,   0.819,   0.500,   0.819,   0.500,   0.819
202605150506,   0.292,   0.819,9999.000,9999.000,9999.000,9999.000,9999.000,9999.000,9999.000
202605150512,   0.287,   0.810,9999.000,9999.000,9999.000,9999.000,9999.000,9999.000,9999.000
202605150518,   0.281,   0.790,9999.000,9999.000,9999.000,9999.000,9999.000,9999.000,9999.000
202605150524,   0.276,   0.790,9999.000,9999.000,9999.000,9999.000,9999.000,9999.000,9999.000
202605150530,   0.270,   0.790,9999.000,9999.000,9999.000,9999.000,9999.000,9999.000,9999.000
202605150536,   0.265,   0.780,9999.000,9999.000,9999.000,9999.000,9999.000,9999.000,9999.000
202605150542,   0.260,   0.770,9999.000,9999.000,9999.000,9999.000,9999.000,9999.000,9999.000
202605150548,   0.255,   0.760,9999.000,9999.000,9999.000,9999.000,9999.000,9999.000,9999.000
202605150554,   0.250,   0.760,9999.000,9999.000,9999.000,9999.000,9999.000,9999.000,9999.000
202605150600,   0.246,   0.760,   0.400,   0.114,   0.760,   0.400,   0.760,   0.500,   0.860
202605150606,   0.241,   0.741,9999.000,9999.000,9999.000,9999.000,9999.000,9999.000,9999.000
202605150612,   0.237,   0.731,9999.000,9999.000,9999.000,9999.000,9999.000,9999.000,9999.000
202605150618,   0.233,   0.731,9999.000,9999.000,9999.000,9999.000,9999.000,9999.000,9999.000
202605150624,   0.229,   0.731,9999.000,9999.000,9999.000,9999.000,9999.000,9999.000,9999.000
202605150630,   0.225,   0.708,9999.000,9999.000,9999.000,9999.000,9999.000,9999.000,9999.000
202605150636,   0.221,   0.698,9999.000,9999.000,9999.000,9999.000,9999.000,9999.000,9999.000
202605150642,   0.217,   0.698,9999.000,9999.000,9999.000,9999.000,9999.000,9999.000,9999.000
202605150648,   0.214,   0.708,9999.000,9999.000,9999.000,9999.000,9999.000,9999.000,9999.000
202605150654,   0.211,   0.698,9999.000,9999.000,9999.000,9999.000,9999.000,9999.000,9999.000
202605150700,   0.208,   0.698,   0.400,   0.090,   0.698,   0.400,   0.698,   0.500,   0.798
202605150706,   0.205,   0.698,9999.000,9999.000,9999.000,9999.000,9999.000,9999.000,9999.000
202605150712,   0.202,   0.688,9999.000,9999.000,9999.000,9999.000,9999.000,9999.000,9999.000
202605150718,   0.200,   0.678,9999.000,9999.000,9999.000,9999.000,9999.000,9999.000,9999.000
202605150724,   0.197,   0.678,9999.000,9999.000,9999.000,9999.000,9999.000,9999.000,9999.000
202605150730,   0.195,   0.678,9999.000,9999.000,9999.000,9999.000,9999.000,9999.000,9999.000
202605150736,   0.193,   0.688,9999.000,9999.000,9999.000,9999.000,9999.000,9999.000,9999.000
202605150742,   0.190,   0.678,9999.000,9999.000,9999.000,9999.000,9999.000,9999.000,9999.000
202605150748,   0.189,   0.678,9999.000,9999.000,9999.000,9999.000,9999.000,9999.000,9999.000
202605150754,   0.187,   0.678,9999.000,9999.000,9999.000,9999.000,9999.000,9999.000,9999.000
202605150800,   0.185,   0.678,   0.400,   0.093,   0.678,   0.400,   0.678,   0.500,   0.778
202605150806,   0.183,   0.678,9999.000,9999.000,9999.000,9999.000,9999.000,9999.000,9999.000
202605150812,   0.182,   0.669,9999.000,9999.000,9999.000,9999.000,9999.000,9999.000,9999.000
202605150818,   0.181,   0.669,9999.000,9999.000,9999.000,9999.000,9999.000,9999.000,9999.000
202605150824,   0.179,   0.659,9999.000,9999.000,9999.000,9999.000,9999.000,9999.000,9999.000
202605150830,   0.178,   0.649,9999.000,9999.000,9999.000,9999.000,9999.000,9999.000,9999.000
202605150836,   0.177,   0.639,9999.000,9999.000,9999.000,9999.000,9999.000,9999.000,9999.000
202605150842,   0.176,   0.649,9999.000,9999.000,9999.000,9999.000,9999.000,9999.000,9999.000
202605150848,   0.175,   0.649,9999.000,9999.000,9999.000,9999.000,9999.000,9999.000,9999.000
202605150854,   0.174,   0.649,9999.000,9999.000,9999.000,9999.000,9999.000,9999.000,9999.000
202605150900,   0.173,   0.639,   0.400,   0.066,   0.639,   0.400,   0.639,   0.500,   0.739
202605150906,   0.173,   0.629,9999.000,9999.000,9999.000,9999.000,9999.000,9999.000,9999.000
202605150912,   0.172,   0.639,9999.000,9999.000,9999.000,9999.000,9999.000,9999.000,9999.000
202605150918,   0.171,   0.639,9999.000,9999.000,9999.000,9999.000,9999.000,9999.000,9999.000
202605150924,   0.171,   0.639,9999.000,9999.000,9999.000,9999.000,9999.000,9999.000,9999.000
202605150930,   0.170,   0.629,9999.000,9999.000,9999.000,9999.000,9999.000,9999.000,9999.000
202605150936,   0.170,   0.629,9999.000,9999.000,9999.000,9999.000,9999.000,9999.000,9999.000
202605150942,   0.169,   0.629,9999.000,9999.000,9999.000,9999.000,9999.000,9999.000,9999.000
202605150948,   0.169,   0.629,9999.000,9999.000,9999.000,9999.000,9999.000,9999.000,9999.000
202605150954,   0.169,   0.629,9999.000,9999.000,9999.000,9999.000,9999.000,9999.000,9999.000
202605151000,   0.168,   0.610,   0.400,   0.042,   0.610,   0.400,   0.610,   0.500,   0.710
202605151006,   0.168,   0.619,9999.000,9999.000,9999.000,9999.000,9999.000,9999.000,9999.000
202605151012,   0.168,   0.629,9999.000,9999.000,9999.000,9999.000,9999.000,9999.000,9999.000
202605151018,   0.168,   0.639,9999.000,9999.000,9999.000,9999.000,9999.000,9999.000,9999.000
202605151024,   0.168,   0.639,9999.000,9999.000,9999.000,9999.000,9999.000,9999.000,9999.000
202605151030,   0.168,   0.649,9999.000,9999.000,9999.000,9999.000,9999.000,9999.000,9999.000
202605151036,   0.168,   0.659,9999.000,9999.000,9999.000,9999.000,9999.000,9999.000,9999.000
202605151042,   0.168,   0.659,9999.000,9999.000,9999.000,9999.000,9999.000,9999.000,9999.000
202605151048,   0.168,   0.659,9999.000,9999.000,9999.000,9999.000,9999.000,9999.000,9999.000
202605151054,   0.169,   0.659,9999.000,9999.000,9999.000,9999.000,9999.000,9999.000,9999.000
202605151100,   0.169,   0.669,   0.400,   0.100,   0.669,   0.400,   0.669,   0.500,   0.769
202605151106,   0.170,   0.669,9999.000,9999.000,9999.000,9999.000,9999.000,9999.000,9999.000
202605151112,   0.170,   0.669,9999.000,9999.000,9999.000,9999.000,9999.000,9999.000,9999.000
202605151118,   0.171,   0.678,9999.000,9999.000,9999.000,9999.000,9999.000,9999.000,9999.000
202605151124,   0.172,   0.688,9999.000,9999.000,9999.000,9999.000,9999.000,9999.000,9999.000
202605151130,   0.173,   0.688,9999.000,9999.000,9999.000,9999.000,9999.000,9999.000,9999.000
202605151136,   0.173,   0.678,9999.000,9999.000,9999.000,9999.000,9999.000,9999.000,9999.000
202605151142,   0.175,   0.688,9999.000,9999.000,9999.000,9999.000,9999.000,9999.000,9999.000
202605151148,   0.176,   0.688,9999.000,9999.000,9999.000,9999.000,9999.000,9999.000,9999.000
202605151154,   0.177,   0.688,9999.000,9999.000,9999.000,9999.000,9999.000,9999.000,9999.000
202605151200,   0.178,   0.688,   0.400,   0.110,   0.688,   0.400,   0.688,   0.400,   0.688
202605151206,   0.180,   0.698,9999.000,9999.000,9999.000,9999.000,9999.000,9999.000,9999.000
202605151212,   0.182,   0.708,9999.000,9999.000,9999.000,9999.000,9999.000,9999.000,9999.000
202605151218,   0.183,   0.698,9999.000,9999.000,9999.000,9999.000,9999.000,9999.000,9999.000
202605151224,   0.185,   0.708,9999.000,9999.000,9999.000,9999.000,9999.000,9999.000,9999.000
202605151230,   0.187,   0.708,9999.000,9999.000,9999.000,9999.000,9999.000,9999.000,9999.000
202605151236,   0.189,   0.708,9999.000,9999.000,9999.000,9999.000,9999.000,9999.000,9999.000
202605151242,   0.192,   0.718,9999.000,9999.000,9999.000,9999.000,9999.000,9999.000,9999.000
202605151248,   0.194,   0.731,9999.000,9999.000,9999.000,9999.000,9999.000,9999.000,9999.000
202605151254,   0.196,   0.731,9999.000,9999.000,9999.000,9999.000,9999.000,9999.000,9999.000
202605151300,   0.199,   0.751,   0.400,   0.152,   0.751,   0.400,   0.751,   0.400,   0.751
202605151306,   0.202,   0.770,9999.000,9999.000,9999.000,9999.000,9999.000,9999.000,9999.000
202605151312,   0.205,   0.780,9999.000,9999.000,9999.000,9999.000,9999.000,9999.000,9999.000
202605151318,   0.208,   0.800,9999.000,9999.000,9999.000,9999.000,9999.000,9999.000,9999.000
202605151324,   0.211,   0.810,9999.000,9999.000,9999.000,9999.000,9999.000,9999.000,9999.000
202605151330,   0.214,   0.810,9999.000,9999.000,9999.000,9999.000,9999.000,9999.000,9999.000
202605151336,   0.217,   0.829,9999.000,9999.000,9999.000,9999.000,9999.000,9999.000,9999.000
202605151342,   0.221,   0.839,9999.000,9999.000,9999.000,9999.000,9999.000,9999.000,9999.000
202605151348,   0.224,   0.859,9999.000,9999.000,9999.000,9999.000,9999.000,9999.000,9999.000
202605151354,   0.228,   0.869,9999.000,9999.000,9999.000,9999.000,9999.000,9999.000,9999.000
202605151400,   0.231,   0.869,   0.400,   0.238,   0.869,   0.400,   0.869,   0.400,   0.869
202605151406,   0.235,   0.879,9999.000,9999.000,9999.000,9999.000,9999.000,9999.000,9999.000
202605151412,   0.239,   0.898,9999.000,9999.000,9999.000,9999.000,9999.000,9999.000,9999.000
202605151418,   0.243,   0.908,9999.000,9999.000,9999.000,9999.000,9999.000,9999.000,9999.000
202605151424,   0.247,   0.918,9999.000,9999.000,9999.000,9999.000,9999.000,9999.000,9999.000
202605151430,   0.251,   0.918,9999.000,9999.000,9999.000,9999.000,9999.000,9999.000,9999.000
202605151436,   0.255,   0.918,9999.000,9999.000,9999.000,9999.000,9999.000,9999.000,9999.000
202605151442,   0.260,   0.928,9999.000,9999.000,9999.000,9999.000,9999.000,9999.000,9999.000
202605151448,   0.264,   0.941,9999.000,9999.000,9999.000,9999.000,9999.000,9999.000,9999.000
202605151454,   0.268,   0.951,9999.000,9999.000,9999.000,9999.000,9999.000,9999.000,9999.000
202605151500,   0.273,   0.951,   0.400,   0.278,   0.951,   0.400,   0.951,   0.400,   0.951
202605151506,   0.277,   0.951,9999.000,9999.000,9999.000,9999.000,9999.000,9999.000,9999.000
202605151512,   0.282,   0.970,9999.000,9999.000,9999.000,9999.000,9999.000,9999.000,9999.000
202605151518,   0.286,   0.970,9999.000,9999.000,9999.000,9999.000,9999.000,9999.000,9999.000
202605151524,   0.291,   0.970,9999.000,9999.000,9999.000,9999.000,9999.000,9999.000,9999.000
202605151530,   0.296,   0.980,9999.000,9999.000,9999.000,9999.000,9999.000,9999.000,9999.000
202605151536,   0.301,   0.990,9999.000,9999.000,9999.000,9999.000,9999.000,9999.000,9999.000
202605151542,   0.305,   1.010,9999.000,9999.000,9999.000,9999.000,9999.000,9999.000,9999.000
202605151548,   0.310,   1.020,9999.000,9999.000,9999.000,9999.000,9999.000,9999.000,9999.000
202605151554,   0.315,   1.029,9999.000,9999.000,9999.000,9999.000,9999.000,9999.000,9999.000
202605151600,   0.320,   1.049,   0.400,   0.329,   1.049,   0.400,   1.049,   0.400,   1.049
202605151606,   0.325,   1.059,9999.000,9999.000,9999.000,9999.000,9999.000,9999.000,9999.000
202605151612,   0.330,   1.069,9999.000,9999.000,9999.000,9999.000,9999.000,9999.000,9999.000
202605151618,   0.335,   1.069,9999.000,9999.000,9999.000,9999.000,9999.000,9999.000,9999.000
202605151624,   0.340,   1.079,9999.000,9999.000,9999.000,9999.000,9999.000,9999.000,9999.000
202605151630,   0.345,   1.079,9999.000,9999.000,9999.000,9999.000,9999.000,9999.000,9999.000
202605151636,   0.350,   1.088,9999.000,9999.000,9999.000,9999.000,9999.000,9999.000,9999.000
202605151642,   0.355,   1.088,9999.000,9999.000,9999.000,9999.000,9999.000,9999.000,9999.000
202605151648,   0.360,   1.088,9999.000,9999.000,9999.000,9999.000,9999.000,9999.000,9999.000
202605151654,   0.365,   1.088,9999.000,9999.000,9999.000,9999.000,9999.000,9999.000,9999.000
202605151700,   0.370,   1.088,   0.400,   0.318,   1.088,   0.400,   1.088,   0.400,   1.088
202605151706,   0.376,   1.108,9999.000,9999.000,9999.000,9999.000,9999.000,9999.000,9999.000
202605151712,   0.381,   1.108,9999.000,9999.000,9999.000,9999.000,9999.000,9999.000,9999.000
202605151718,   0.386,   1.118,9999.000,9999.000,9999.000,9999.000,9999.000,9999.000,9999.000
202605151724,   0.392,   1.118,9999.000,9999.000,9999.000,9999.000,9999.000,9999.000,9999.000
202605151730,   0.397,   1.118,9999.000,9999.000,9999.000,9999.000,9999.000,9999.000,9999.000
202605151736,   0.403,   1.118,9999.000,9999.000,9999.000,9999.000,9999.000,9999.000,9999.000
202605151742,   0.408,   1.118,9999.000,9999.000,9999.000,9999.000,9999.000,9999.000,9999.000
202605151748,   0.414,   1.128,9999.000,9999.000,9999.000,9999.000,9999.000,9999.000,9999.000
202605151754,   0.419,   1.151,9999.000,9999.000,9999.000,9999.000,9999.000,9999.000,9999.000
202605151800,   0.425,   1.151,   0.400,   0.326,   1.151,   0.400,   1.151,   0.500,   1.251
202605151806,   0.430,   1.161,9999.000,9999.000,9999.000,9999.000,9999.000,9999.000,9999.000
202605151812,   0.436,   1.170,9999.000,9999.000,9999.000,9999.000,9999.000,9999.000,9999.000
202605151818,   0.442,   1.190,9999.000,9999.000,9999.000,9999.000,9999.000,9999.000,9999.000
202605151824,   0.447,   1.200,9999.000,9999.000,9999.000,9999.000,9999.000,9999.000,9999.000
202605151830,   0.453,   1.200,9999.000,9999.000,9999.000,9999.000,9999.000,9999.000,9999.000
202605151836,   0.459,   1.210,9999.000,9999.000,9999.000,9999.000,9999.000,9999.000,9999.000
202605151842,   0.465,   1.220,9999.000,9999.000,9999.000,9999.000,9999.000,9999.000,9999.000
202605151848,   0.471,   1.220,9999.000,9999.000,9999.000,9999.000,9999.000,9999.000,9999.000
202605151854,   0.476,   1.220,9999.000,9999.000,9999.000,9999.000,9999.000,9999.000,9999.000
202605151900,   0.482,   1.220,   0.500,   0.238,   1.220,   0.400,   1.120,   0.500,   1.220
202605151906,   0.488,   1.229,9999.000,9999.000,9999.000,9999.000,9999.000,9999.000,9999.000
202605151912,   0.494,   1.239,9999.000,9999.000,9999.000,9999.000,9999.000,9999.000,9999.000
202605151918,   0.499,   1.239,9999.000,9999.000,9999.000,9999.000,9999.000,9999.000,9999.000
202605151924,   0.505,   1.239,9999.000,9999.000,9999.000,9999.000,9999.000,9999.000,9999.000
202605151930,   0.511,   1.249,9999.000,9999.000,9999.000,9999.000,9999.000,9999.000,9999.000
202605151936,   0.516,   1.249,9999.000,9999.000,9999.000,9999.000,9999.000,9999.000,9999.000
202605151942,   0.522,   1.249,9999.000,9999.000,9999.000,9999.000,9999.000,9999.000,9999.000
202605151948,   0.528,   1.249,9999.000,9999.000,9999.000,9999.000,9999.000,9999.000,9999.000
202605151954,   0.533,   1.259,9999.000,9999.000,9999.000,9999.000,9999.000,9999.000,9999.000
202605152000,   0.539,   1.269,   0.400,   0.330,   1.269,   0.400,   1.269,   0.500,   1.369
202605152006,   0.544,   1.269,9999.000,9999.000,9999.000,9999.000,9999.000,9999.000,9999.000
202605152012,   0.549,   1.259,9999.000,9999.000,9999.000,9999.000,9999.000,9999.000,9999.000
202605152018,   0.554,   1.269,9999.000,9999.000,9999.000,9999.000,9999.000,9999.000,9999.000
202605152024,   0.559,   1.269,9999.000,9999.000,9999.000,9999.000,9999.000,9999.000,9999.000
202605152030,   0.564,   1.279,9999.000,9999.000,9999.000,9999.000,9999.000,9999.000,9999.000
202605152036,   0.569,   1.279,9999.000,9999.000,9999.000,9999.000,9999.000,9999.000,9999.000
202605152042,   0.574,   1.279,9999.000,9999.000,9999.000,9999.000,9999.000,9999.000,9999.000
202605152048,   0.578,   1.289,9999.000,9999.000,9999.000,9999.000,9999.000,9999.000,9999.000
202605152054,   0.583,   1.289,9999.000,9999.000,9999.000,9999.000,9999.000,9999.000,9999.000
202605152100,   0.587,   1.298,   0.400,   0.311,   1.298,   0.400,   1.298,   0.500,   1.398
202605152106,   0.591,   1.298,9999.000,9999.000,9999.000,9999.000,9999.000,9999.000,9999.000
202605152112,   0.595,   1.308,9999.000,9999.000,9999.000,9999.000,9999.000,9999.000,9999.000
202605152118,   0.599,   1.318,9999.000,9999.000,9999.000,9999.000,9999.000,9999.000,9999.000
202605152124,   0.602,   1.318,9999.000,9999.000,9999.000,9999.000,9999.000,9999.000,9999.000
202605152130,   0.606,   1.318,9999.000,9999.000,9999.000,9999.000,9999.000,9999.000,9999.000
202605152136,   0.609,   1.328,9999.000,9999.000,9999.000,9999.000,9999.000,9999.000,9999.000
202605152142,   0.612,   1.328,9999.000,9999.000,9999.000,9999.000,9999.000,9999.000,9999.000
202605152148,   0.615,   1.328,9999.000,9999.000,9999.000,9999.000,9999.000,9999.000,9999.000
202605152154,   0.617,   1.338,9999.000,9999.000,9999.000,9999.000,9999.000,9999.000,9999.000
202605152200,   0.620,   1.348,   0.500,   0.228,   1.348,   0.400,   1.248,   0.500,   1.348
202605152206,   0.622,   1.348,9999.000,9999.000,9999.000,9999.000,9999.000,9999.000,9999.000
202605152212,   0.624,   1.348,9999.000,9999.000,9999.000,9999.000,9999.000,9999.000,9999.000
202605152218,   0.626,   1.338,9999.000,9999.000,9999.000,9999.000,9999.000,9999.000,9999.000
202605152224,   0.627,   1.348,9999.000,9999.000,9999.000,9999.000,9999.000,9999.000,9999.000
202605152230,   0.628,   1.361,9999.000,9999.000,9999.000,9999.000,9999.000,9999.000,9999.000
202605152236,   0.630,   1.361,9999.000,9999.000,9999.000,9999.000,9999.000,9999.000,9999.000
202605152242,   0.631,   1.348,9999.000,9999.000,9999.000,9999.000,9999.000,9999.000,9999.000
202605152248,   0.631,   1.348,9999.000,9999.000,9999.000,9999.000,9999.000,9999.000,9999.000
202605152254,   0.632,   1.348,9999.000,9999.000,9999.000,9999.000,9999.000,9999.000,9999.000
202605152300,   0.632,   1.348,   0.400,   0.316,   1.348,   0.400,   1.348,   0.500,   1.448
202605152306,   0.632,   1.338,9999.000,9999.000,9999.000,9999.000,9999.000,9999.000,9999.000
202605152312,   0.632,   1.328,9999.000,9999.000,9999.000,9999.000,9999.000,9999.000,9999.000
202605152318,   0.632,   1.328,9999.000,9999.000,9999.000,9999.000,9999.000,9999.000,9999.000
202605152324,   0.631,   1.348,9999.000,9999.000,9999.000,9999.000,9999.000,9999.000,9999.000
202605152330,   0.630,   1.338,9999.000,9999.000,9999.000,9999.000,9999.000,9999.000,9999.000
202605152336,   0.629,   1.328,9999.000,9999.000,9999.000,9999.000,9999.000,9999.000,9999.000
202605152342,   0.628,   1.328,9999.000,9999.000,9999.000,9999.000,9999.000,9999.000,9999.000
202605152348,   0.627,   1.338,9999.000,9999.000,9999.000,9999.000,9999.000,9999.000,9999.000
202605152354,   0.625,   1.328,9999.000,9999.000,9999.000,9999.000,9999.000,9999.000,9999.000
202605160000,   0.623,   1.318,   0.400,   0.295,   1.318,   0.400,   1.318,   0.400,   1.318
202605160006,   0.621,   1.328,9999.000,9999.000,9999.000,9999.000,9999.000,9999.000,9999.000
202605160012,   0.619,   1.338,9999.000,9999.000,9999.000,9999.000,9999.000,9999.000,9999.000
202605160018,   0.617,   1.338,9999.000,9999.000,9999.000,9999.000,9999.000,9999.000,9999.000
202605160024,   0.614,   1.328,9999.000,9999.000,9999.000,9999.000,9999.000,9999.000,9999.000
202605160030,   0.611,   1.328,9999.000,9999.000,9999.000,9999.000,9999.000,9999.000,9999.000
202605160036,   0.608,   1.318,9999.000,9999.000,9999.000,9999.000,9999.000,9999.000,9999.000
202605160042,   0.605,   1.318,9999.000,9999.000,9999.000,9999.000,9999.000,9999.000,9999.000
202605160048,   0.602,   1.318,9999.000,9999.000,9999.000,9999.000,9999.000,9999.000,9999.000
202605160054,   0.598,   1.318,9999.000,9999.000,9999.000,9999.000,9999.000,9999.000,9999.000
202605160100,   0.595,   1.308,   0.400,   0.313,   1.308,   0.400,   1.308,   0.400,   1.308
202605160106,   0.591,   1.298,9999.000,9999.000,9999.000,9999.000,9999.000,9999.000,9999.000
202605160112,   0.587,   1.298,9999.000,9999.000,9999.000,9999.000,9999.000,9999.000,9999.000
202605160118,   0.582,   1.298,9999.000,9999.000,9999.000,9999.000,9999.000,9999.000,9999.000
202605160124,   0.578,   1.289,9999.000,9999.000,9999.000,9999.000,9999.000,9999.000,9999.000
202605160130,   0.573,   1.259,9999.000,9999.000,9999.000,9999.000,9999.000,9999.000,9999.000
202605160136,   0.569,   1.249,9999.000,9999.000,9999.000,9999.000,9999.000,9999.000,9999.000
202605160142,   0.564,   1.259,9999.000,9999.000,9999.000,9999.000,9999.000,9999.000,9999.000
202605160148,   0.559,   1.269,9999.000,9999.000,9999.000,9999.000,9999.000,9999.000,9999.000
202605160154,   0.553,   1.259,9999.000,9999.000,9999.000,9999.000,9999.000,9999.000,9999.000
202605160200,   0.548,   1.249,   0.400,   0.301,   1.249,   0.400,   1.249,   0.400,   1.249
202605160206,   0.542,   1.239,9999.000,9999.000,9999.000,9999.000,9999.000,9999.000,9999.000
202605160212,   0.536,   1.249,9999.000,9999.000,9999.000,9999.000,9999.000,9999.000,9999.000
202605160218,   0.531,   1.239,9999.000,9999.000,9999.000,9999.000,9999.000,9999.000,9999.000
202605160224,   0.525,   1.229,9999.000,9999.000,9999.000,9999.000,9999.000,9999.000,9999.000
202605160230,   0.518,   1.229,9999.000,9999.000,9999.000,9999.000,9999.000,9999.000,9999.000
202605160236,   0.512,   1.229,9999.000,9999.000,9999.000,9999.000,9999.000,9999.000,9999.000
202605160242,   0.505,   1.220,9999.000,9999.000,9999.000,9999.000,9999.000,9999.000,9999.000
202605160248,   0.499,   1.220,9999.000,9999.000,9999.000,9999.000,9999.000,9999.000,9999.000
202605160254,   0.492,   1.229,9999.000,9999.000,9999.000,9999.000,9999.000,9999.000,9999.000
202605160300,   0.485,   1.239,   0.400,   0.354,   1.239,   0.400,   1.239,   0.400,   1.239
202605160306,   0.478,   1.229,9999.000,9999.000,9999.000,9999.000,9999.000,9999.000,9999.000
202605160312,   0.471,   1.229,9999.000,9999.000,9999.000,9999.000,9999.000,9999.000,9999.000
202605160318,   0.464,   1.220,9999.000,9999.000,9999.000,9999.000,9999.000,9999.000,9999.000
202605160324,   0.457,   1.220,9999.000,9999.000,9999.000,9999.000,9999.000,9999.000,9999.000
202605160330,   0.450,   1.210,9999.000,9999.000,9999.000,9999.000,9999.000,9999.000,9999.000
202605160336,   0.442,   1.200,9999.000,9999.000,9999.000,9999.000,9999.000,9999.000,9999.000
202605160342,   0.435,   1.200,9999.000,9999.000,9999.000,9999.000,9999.000,9999.000,9999.000
202605160348,   0.427,   1.190,9999.000,9999.000,9999.000,9999.000,9999.000,9999.000,9999.000
202605160354,   0.419,   1.180,9999.000,9999.000,9999.000,9999.000,9999.000,9999.000,9999.000
202605160400,   0.412,   1.180,   0.400,   0.368,   1.180,   0.400,   1.180,   0.400,   1.180
202605160406,   0.404,   1.170,9999.000,9999.000,9999.000,9999.000,9999.000,9999.000,9999.000
202605160412,   0.396,   1.170,9999.000,9999.000,9999.000,9999.000,9999.000,9999.000,9999.000
202605160418,   0.389,   1.161,9999.000,9999.000,9999.000,9999.000,9999.000,9999.000,9999.000
202605160424,   0.381,   1.151,9999.000,9999.000,9999.000,9999.000,9999.000,9999.000,9999.000
202605160430,   0.373,   1.151,9999.000,9999.000,9999.000,9999.000,9999.000,9999.000,9999.000
202605160436,   0.366,   1.151,9999.000,9999.000,9999.000,9999.000,9999.000,9999.000,9999.000
202605160442,   0.358,   1.138,9999.000,9999.000,9999.000,9999.000,9999.000,9999.000,9999.000
202605160448,   0.351,   1.128,9999.000,9999.000,9999.000,9999.000,9999.000,9999.000,9999.000
202605160454,   0.343,   1.118,9999.000,9999.000,9999.000,9999.000,9999.000,9999.000,9999.000
202605160500,   0.336,   1.108,   0.400,   0.372,   1.108,   0.400,   1.108,   0.400,   1.108
202605160506,   0.328,   1.098,9999.000,9999.000,9999.000,9999.000,9999.000,9999.000,9999.000
202605160512,   0.321,   1.088,9999.000,9999.000,9999.000,9999.000,9999.000,9999.000,9999.000
202605160518,   0.314,   1.088,9999.000,9999.000,9999.000,9999.000,9999.000,9999.000,9999.000
202605160524,   0.306,   1.079,9999.000,9999.000,9999.000,9999.000,9999.000,9999.000,9999.000
202605160530,   0.299,   1.069,9999.000,9999.000,9999.000,9999.000,9999.000,9999.000,9999.000
202605160536,   0.292,   1.079,9999.000,9999.000,9999.000,9999.000,9999.000,9999.000,9999.000
202605160542,   0.286,   1.079,9999.000,9999.000,9999.000,9999.000,9999.000,9999.000,9999.000
202605160548,   0.279,   1.069,9999.000,9999.000,9999.000,9999.000,9999.000,9999.000,9999.000
202605160554,   0.272,   1.059,9999.000,9999.000,9999.000,9999.000,9999.000,9999.000,9999.000
202605160600,   0.266,   1.059,   0.400,   0.393,   1.059,   0.300,   0.959,   0.400,   1.059
202605160606,   0.260,   1.059,9999.000,9999.000,9999.000,9999.000,9999.000,9999.000,9999.000
202605160612,   0.253,   1.059,9999.000,9999.000,9999.000,9999.000,9999.000,9999.000,9999.000
202605160618,   0.247,   1.059,9999.000,9999.000,9999.000,9999.000,9999.000,9999.000,9999.000
202605160624,   0.242,   1.059,9999.000,9999.000,9999.000,9999.000,9999.000,9999.000,9999.000
202605160630,   0.236,   1.059,9999.000,9999.000,9999.000,9999.000,9999.000,9999.000,9999.000
202605160636,   0.230,   1.039,9999.000,9999.000,9999.000,9999.000,9999.000,9999.000,9999.000
202605160642,   0.225,   1.029,9999.000,9999.000,9999.000,9999.000,9999.000,9999.000,9999.000
202605160648,   0.220,   1.029,9999.000,9999.000,9999.000,9999.000,9999.000,9999.000,9999.000
202605160654,   0.215,   1.020,9999.000,9999.000,9999.000,9999.000,9999.000,9999.000,9999.000
202605160700,   0.210,   1.010,   0.400,   0.400,   1.010,   0.300,   0.910,   0.400,   1.010
202605160706,   0.205,   1.000,9999.000,9999.000,9999.000,9999.000,9999.000,9999.000,9999.000
202605160712,   0.201,   0.990,9999.000,9999.000,9999.000,9999.000,9999.000,9999.000,9999.000
202605160718,   0.196,   0.990,9999.000,9999.000,9999.000,9999.000,9999.000,9999.000,9999.000
202605160724,   0.192,   0.970,9999.000,9999.000,9999.000,9999.000,9999.000,9999.000,9999.000
202605160730,   0.188,   0.961,9999.000,9999.000,9999.000,9999.000,9999.000,9999.000,9999.000
202605160736,   0.184,   0.961,9999.000,9999.000,9999.000,9999.000,9999.000,9999.000,9999.000
202605160742,   0.180,   0.961,9999.000,9999.000,9999.000,9999.000,9999.000,9999.000,9999.000
202605160748,   0.176,   0.951,9999.000,9999.000,9999.000,9999.000,9999.000,9999.000,9999.000
202605160754,   0.173,   0.941,9999.000,9999.000,9999.000,9999.000,9999.000,9999.000,9999.000
202605160800,   0.169,   0.941,   0.400,   0.372,   0.941,   0.300,   0.841,   0.400,   0.941
202605160806,   0.166,   0.941,9999.000,9999.000,9999.000,9999.000,9999.000,9999.000,9999.000
202605160812,   0.163,   0.928,9999.000,9999.000,9999.000,9999.000,9999.000,9999.000,9999.000
202605160818,   0.160,   0.918,9999.000,9999.000,9999.000,9999.000,9999.000,9999.000,9999.000
202605160824,   0.157,   0.918,9999.000,9999.000,9999.000,9999.000,9999.000,9999.000,9999.000
202605160830,   0.154,   0.928,9999.000,9999.000,9999.000,9999.000,9999.000,9999.000,9999.000
202605160836,   0.151,   0.918,9999.000,9999.000,9999.000,9999.000,9999.000,9999.000,9999.000
202605160842,   0.149,   0.908,9999.000,9999.000,9999.000,9999.000,9999.000,9999.000,9999.000
202605160848,   0.146,   0.908,9999.000,9999.000,9999.000,9999.000,9999.000,9999.000,9999.000
202605160854,   0.144,   0.908,9999.000,9999.000,9999.000,9999.000,9999.000,9999.000,9999.000
202605160900,   0.142,   0.908,   0.400,   0.366,   0.908,   0.300,   0.808,   0.400,   0.908
202605160906,   0.139,   0.898,9999.000,9999.000,9999.000,9999.000,9999.000,9999.000,9999.000
202605160912,   0.137,   0.898,9999.000,9999.000,9999.000,9999.000,9999.000,9999.000,9999.000
202605160918,   0.135,   0.898,9999.000,9999.000,9999.000,9999.000,9999.000,9999.000,9999.000
202605160924,   0.133,   0.888,9999.000,9999.000,9999.000,9999.000,9999.000,9999.000,9999.000
202605160930,   0.131,   0.888,9999.000,9999.000,9999.000,9999.000,9999.000,9999.000,9999.000
202605160936,   0.129,   0.879,9999.000,9999.000,9999.000,9999.000,9999.000,9999.000,9999.000
202605160942,   0.128,   0.869,9999.000,9999.000,9999.000,9999.000,9999.000,9999.000,9999.000
202605160948,   0.126,   0.859,9999.000,9999.000,9999.000,9999.000,9999.000,9999.000,9999.000
202605160954,   0.124,   0.859,9999.000,9999.000,9999.000,9999.000,9999.000,9999.000,9999.000
202605161000,   0.123,   0.849,   0.400,   0.326,   0.849,   0.300,   0.749,   0.400,   0.849
202605161006,   0.121,   0.859,9999.000,9999.000,9999.000,9999.000,9999.000,9999.000,9999.000
202605161012,   0.120,   0.849,9999.000,9999.000,9999.000,9999.000,9999.000,9999.000,9999.000
202605161018,   0.119,   0.839,9999.000,9999.000,9999.000,9999.000,9999.000,9999.000,9999.000
202605161024,   0.118,   0.829,9999.000,9999.000,9999.000,9999.000,9999.000,9999.000,9999.000
202605161030,   0.117,   0.829,9999.000,9999.000,9999.000,9999.000,9999.000,9999.000,9999.000
202605161036,   0.116,   0.829,9999.000,9999.000,9999.000,9999.000,9999.000,9999.000,9999.000
202605161042,   0.115,   0.819,9999.000,9999.000,9999.000,9999.000,9999.000,9999.000,9999.000
202605161048,   0.114,   0.819,9999.000,9999.000,9999.000,9999.000,9999.000,9999.000,9999.000
202605161054,   0.113,   0.829,9999.000,9999.000,9999.000,9999.000,9999.000,9999.000,9999.000
202605161100,   0.113,   0.829,   0.400,   0.316,   0.829,   0.300,   0.729,   0.400,   0.829
202605161106,   0.112,   0.819,9999.000,9999.000,9999.000,9999.000,9999.000,9999.000,9999.000
202605161112,   0.112,   0.819,9999.000,9999.000,9999.000,9999.000,9999.000,9999.000,9999.000
202605161118,   0.112,   0.819,9999.000,9999.000,9999.000,9999.000,9999.000,9999.000,9999.000
202605161124,   0.112,   0.819,9999.000,9999.000,9999.000,9999.000,9999.000,9999.000,9999.000
202605161130,   0.112,   0.810,9999.000,9999.000,9999.000,9999.000,9999.000,9999.000,9999.000
202605161136,   0.112,   0.810,9999.000,9999.000,9999.000,9999.000,9999.000,9999.000,9999.000
202605161142,   0.113,   0.819,9999.000,9999.000,9999.000,9999.000,9999.000,9999.000,9999.000
202605161148,   0.113,   0.810,9999.000,9999.000,9999.000,9999.000,9999.000,9999.000,9999.000
202605161154,   0.114,   0.800,9999.000,9999.000,9999.000,9999.000,9999.000,9999.000,9999.000
202605161200,   0.114,   0.810,   0.400,   0.296,   0.810,   0.400,   0.810,   0.400,   0.810
202605161206,   0.115,   0.810,9999.000,9999.000,9999.000,9999.000,9999.000,9999.000,9999.000
202605161212,   0.116,   0.810,9999.000,9999.000,9999.000,9999.000,9999.000,9999.000,9999.000
202605161218,   0.118,   0.800,9999.000,9999.000,9999.000,9999.000,9999.000,9999.000,9999.000
202605161224,   0.119,   0.790,9999.000,9999.000,9999.000,9999.000,9999.000,9999.000,9999.000
202605161230,   0.121,   0.800,9999.000,9999.000,9999.000,9999.000,9999.000,9999.000,9999.000
202605161236,   0.122,   0.810,9999.000,9999.000,9999.000,9999.000,9999.000,9999.000,9999.000
202605161242,   0.124,   0.810,9999.000,9999.000,9999.000,9999.000,9999.000,9999.000,9999.000
202605161248,   0.126,   0.810,9999.000,9999.000,9999.000,9999.000,9999.000,9999.000,9999.000
202605161254,   0.128,   0.800,9999.000,9999.000,9999.000,9999.000,9999.000,9999.000,9999.000
202605161300,   0.131,   0.810,   0.400,   0.279,   0.810,   0.400,   0.810,   0.500,   0.910
202605161306,   0.133,   0.819,9999.000,9999.000,9999.000,9999.000,9999.000,9999.000,9999.000
202605161312,   0.136,   0.819,9999.000,9999.000,9999.000,9999.000,9999.000,9999.000,9999.000
202605161318,   0.139,   0.810,9999.000,9999.000,9999.000,9999.000,9999.000,9999.000,9999.000
202605161324,   0.141,   0.819,9999.000,9999.000,9999.000,9999.000,9999.000,9999.000,9999.000
202605161330,   0.145,   0.839,9999.000,9999.000,9999.000,9999.000,9999.000,9999.000,9999.000
202605161336,   0.148,   0.859,9999.000,9999.000,9999.000,9999.000,9999.000,9999.000,9999.000
202605161342,   0.151,   0.869,9999.000,9999.000,9999.000,9999.000,9999.000,9999.000,9999.000
202605161348,   0.155,   0.869,9999.000,9999.000,9999.000,9999.000,9999.000,9999.000,9999.000
202605161354,   0.158,   0.869,9999.000,9999.000,9999.000,9999.000,9999.000,9999.000,9999.000
202605161400,   0.162,   0.879,   0.400,   0.317,   0.879,   0.400,   0.879,   0.400,   0.879
202605161406,   0.166,   0.869,9999.000,9999.000,9999.000,9999.000,9999.000,9999.000,9999.000
202605161412,   0.170,   0.859,9999.000,9999.000,9999.000,9999.000,9999.000,9999.000,9999.000
202605161418,   0.174,   0.859,9999.000,9999.000,9999.000,9999.000,9999.000,9999.000,9999.000
202605161424,   0.179,   0.829,9999.000,9999.000,9999.000,9999.000,9999.000,9999.000,9999.000
202605161430,   0.183,   0.829,9999.000,9999.000,9999.000,9999.000,9999.000,9999.000,9999.000
202605161436,   0.188,   0.849,9999.000,9999.000,9999.000,9999.000,9999.000,9999.000,9999.000
202605161442,   0.192,   0.859,9999.000,9999.000,9999.000,9999.000,9999.000,9999.000,9999.000
202605161448,   0.197,   0.859,9999.000,9999.000,9999.000,9999.000,9999.000,9999.000,9999.000
202605161454,   0.202,   0.849,9999.000,9999.000,9999.000,9999.000,9999.000,9999.000,9999.000
202605161500,   0.207,   0.869,   0.400,   0.262,   0.869,   0.400,   0.869,   0.400,   0.869
202605161506,   0.212,   0.888,9999.000,9999.000,9999.000,9999.000,9999.000,9999.000,9999.000
202605161512,   0.217,   0.888,9999.000,9999.000,9999.000,9999.000,9999.000,9999.000,9999.000
202605161518,   0.222,   0.898,9999.000,9999.000,9999.000,9999.000,9999.000,9999.000,9999.000
202605161524,   0.227,   0.908,9999.000,9999.000,9999.000,9999.000,9999.000,9999.000,9999.000
202605161530,   0.232,   0.898,9999.000,9999.000,9999.000,9999.000,9999.000,9999.000,9999.000
202605161536,   0.238,   0.908,9999.000,9999.000,9999.000,9999.000,9999.000,9999.000,9999.000
202605161542,   0.243,   0.928,9999.000,9999.000,9999.000,9999.000,9999.000,9999.000,9999.000
202605161548,   0.249,   0.941,9999.000,9999.000,9999.000,9999.000,9999.000,9999.000,9999.000
202605161554,   0.254,   0.928,9999.000,9999.000,9999.000,9999.000,9999.000,9999.000,9999.000
202605161600,   0.260,   0.918,   0.400,   0.258,   0.918,   0.400,   0.918,   0.400,   0.918
202605161606,   0.266,   0.928,9999.000,9999.000,9999.000,9999.000,9999.000,9999.000,9999.000
202605161612,   0.272,   0.951,9999.000,9999.000,9999.000,9999.000,9999.000,9999.000,9999.000
202605161618,   0.277,   0.951,9999.000,9999.000,9999.000,9999.000,9999.000,9999.000,9999.000
202605161624,   0.283,   0.951,9999.000,9999.000,9999.000,9999.000,9999.000,9999.000,9999.000
202605161630,   0.289,   0.961,9999.000,9999.000,9999.000,9999.000,9999.000,9999.000,9999.000
202605161636,   0.295,   0.970,9999.000,9999.000,9999.000,9999.000,9999.000,9999.000,9999.000
202605161642,   0.302,   0.980,9999.000,9999.000,9999.000,9999.000,9999.000,9999.000,9999.000
202605161648,   0.308,   0.990,9999.000,9999.000,9999.000,9999.000,9999.000,9999.000,9999.000
202605161654,   0.314,   1.000,9999.000,9999.000,9999.000,9999.000,9999.000,9999.000,9999.000
202605161700,   0.320,   1.020,   0.400,   0.300,   1.020,   0.400,   1.020,   0.400,   1.020
202605161706,   0.327,   1.029,9999.000,9999.000,9999.000,9999.000,9999.000,9999.000,9999.000
202605161712,   0.333,   1.010,9999.000,9999.000,9999.000,9999.000,9999.000,9999.000,9999.000
202605161718,   0.339,   1.029,9999.000,9999.000,9999.000,9999.000,9999.000,9999.000,9999.000
202605161724,   0.346,   1.069,9999.000,9999.000,9999.000,9999.000,9999.000,9999.000,9999.000
202605161730,   0.352,   1.079,9999.000,9999.000,9999.000,9999.000,9999.000,9999.000,9999.000
202605161736,   0.359,   1.079,9999.000,9999.000,9999.000,9999.000,9999.000,9999.000,9999.000
202605161742,   0.366,   1.079,9999.000,9999.000,9999.000,9999.000,9999.000,9999.000,9999.000
202605161748,   0.373,   1.088,9999.000,9999.000,9999.000,9999.000,9999.000,9999.000,9999.000
202605161754,   0.379,   1.108,9999.000,9999.000,9999.000,9999.000,9999.000,9999.000,9999.000
202605161800,   0.386,   1.108,   0.500,   0.222,   1.108,   0.500,   1.108,   0.500,   1.108
202605161806,   0.393,   1.118,9999.000,9999.000,9999.000,9999.000,9999.000,9999.000,9999.000
202605161812,   0.400,   1.108,9999.000,9999.000,9999.000,9999.000,9999.000,9999.000,9999.000
202605161818,   0.407,   1.118,9999.000,9999.000,9999.000,9999.000,9999.000,9999.000,9999.000
202605161824,   0.414,   1.118,9999.000,9999.000,9999.000,9999.000,9999.000,9999.000,9999.000
202605161830,   0.421,   1.138,9999.000,9999.000,9999.000,9999.000,9999.000,9999.000,9999.000
202605161836,   0.428,   1.138,9999.000,9999.000,9999.000,9999.000,9999.000,9999.000,9999.000
202605161842,   0.435,   1.128,9999.000,9999.000,9999.000,9999.000,9999.000,9999.000,9999.000
202605161848,   0.442,   1.151,9999.000,9999.000,9999.000,9999.000,9999.000,9999.000,9999.000
202605161854,   0.449,   1.151,9999.000,9999.000,9999.000,9999.000,9999.000,9999.000,9999.000
202605161900,   0.456,   1.151,   0.500,   0.195,   1.151,   0.500,   1.151,   0.500,   1.151
202605161906,   0.463,   1.138,9999.000,9999.000,9999.000,9999.000,9999.000,9999.000,9999.000
202605161912,   0.470,   1.151,9999.000,9999.000,9999.000,9999.000,9999.000,9999.000,9999.000
202605161918,   0.478,   1.180,9999.000,9999.000,9999.000,9999.000,9999.000,9999.000,9999.000
202605161924,   0.485,   1.180,9999.000,9999.000,9999.000,9999.000,9999.000,9999.000,9999.000
202605161930,   0.492,   1.190,9999.000,9999.000,9999.000,9999.000,9999.000,9999.000,9999.000
202605161936,   0.499,   1.200,9999.000,9999.000,9999.000,9999.000,9999.000,9999.000,9999.000
202605161942,   0.506,   1.210,9999.000,9999.000,9999.000,9999.000,9999.000,9999.000,9999.000
202605161948,   0.512,   1.190,9999.000,9999.000,9999.000,9999.000,9999.000,9999.000,9999.000
202605161954,   0.519,   1.200,9999.000,9999.000,9999.000,9999.000,9999.000,9999.000,9999.000
202605162000,   0.526,   1.220,   0.500,   0.194,   1.220,   0.500,   1.220,   0.500,   1.220
202605162006,   0.533,   1.239,9999.000,9999.000,9999.000,9999.000,9999.000,9999.000,9999.000
202605162012,   0.539,   1.239,9999.000,9999.000,9999.000,9999.000,9999.000,9999.000,9999.000
202605162018,   0.546,   1.239,9999.000,9999.000,9999.000,9999.000,9999.000,9999.000,9999.000
202605162024,   0.552,   1.269,9999.000,9999.000,9999.000,9999.000,9999.000,9999.000,9999.000
202605162030,   0.558,   1.259,9999.000,9999.000,9999.000,9999.000,9999.000,9999.000,9999.000
202605162036,   0.565,   1.259,9999.000,9999.000,9999.000,9999.000,9999.000,9999.000,9999.000
202605162042,   0.571,   1.269,9999.000,9999.000,9999.000,9999.000,9999.000,9999.000,9999.000
202605162048,   0.576,   1.279,9999.000,9999.000,9999.000,9999.000,9999.000,9999.000,9999.000
202605162054,   0.582,   1.289,9999.000,9999.000,9999.000,9999.000,9999.000,9999.000,9999.000
202605162100,   0.588,   1.298,   0.500,   0.210,   1.298,   0.500,   1.298,   0.500,   1.298
202605162106,   0.593,   1.289,9999.000,9999.000,9999.000,9999.000,9999.000,9999.000,9999.000
202605162112,   0.599,   1.298,9999.000,9999.000,9999.000,9999.000,9999.000,9999.000,9999.000
202605162118,   0.604,   1.308,9999.000,9999.000,9999.000,9999.000,9999.000,9999.000,9999.000
202605162124,   0.609,   1.298,9999.000,9999.000,9999.000,9999.000,9999.000,9999.000,9999.000
202605162130,   0.613,   1.308,9999.000,9999.000,9999.000,9999.000,9999.000,9999.000,9999.000
202605162136,   0.618,   1.318,9999.000,9999.000,9999.000,9999.000,9999.000,9999.000,9999.000
202605162142,   0.622,   1.328,9999.000,9999.000,9999.000,9999.000,9999.000,9999.000,9999.000
202605162148,   0.626,   1.318,9999.000,9999.000,9999.000,9999.000,9999.000,9999.000,9999.000
202605162154,   0.630,   1.318,9999.000,9999.000,9999.000,9999.000,9999.000,9999.000,9999.000
202605162200,   0.634,   1.328,   0.500,   0.194,   1.328,   0.500,   1.328,   0.500,   1.328
202605162206,   0.638,   1.328,9999.000,9999.000,9999.000,9999.000,9999.000,9999.000,9999.000
202605162212,   0.641,   1.318,9999.000,9999.000,9999.000,9999.000,9999.000,9999.000,9999.000
202605162218,   0.644,   1.318,9999.000,9999.000,9999.000,9999.000,9999.000,9999.000,9999.000
202605162224,   0.647,   1.328,9999.000,9999.000,9999.000,9999.000,9999.000,9999.000,9999.000
202605162230,   0.650,   1.328,9999.000,9999.000,9999.000,9999.000,9999.000,9999.000,9999.000
202605162236,   0.653,   1.328,9999.000,9999.000,9999.000,9999.000,9999.000,9999.000,9999.000
202605162242,   0.655,   1.338,9999.000,9999.000,9999.000,9999.000,9999.000,9999.000,9999.000
202605162248,   0.657,   1.348,9999.000,9999.000,9999.000,9999.000,9999.000,9999.000,9999.000
202605162254,   0.659,   1.361,9999.000,9999.000,9999.000,9999.000,9999.000,9999.000,9999.000
202605162300,   0.661,   1.338,   0.500,   0.177,   1.338,   0.500,   1.338,   0.500,   1.338
202605162306,   0.662,   1.338,9999.000,9999.000,9999.000,9999.000,9999.000,9999.000,9999.000
202605162312,   0.663,   1.361,9999.000,9999.000,9999.000,9999.000,9999.000,9999.000,9999.000
202605162318,   0.664,   1.371,9999.000,9999.000,9999.000,9999.000,9999.000,9999.000,9999.000
202605162324,   0.665,   1.361,9999.000,9999.000,9999.000,9999.000,9999.000,9999.000,9999.000
202605162330,   0.666,   1.371,9999.000,9999.000,9999.000,9999.000,9999.000,9999.000,9999.000
202605162336,   0.666,   1.380,9999.000,9999.000,9999.000,9999.000,9999.000,9999.000,9999.000
202605162342,   0.666,   1.361,9999.000,9999.000,9999.000,9999.000,9999.000,9999.000,9999.000
202605162348,   0.666,   1.338,9999.000,9999.000,9999.000,9999.000,9999.000,9999.000,9999.000
202605162354,   0.666,   1.361,9999.000,9999.000,9999.000,9999.000,9999.000,9999.000,9999.000
202605170000,   0.666,   1.361,   0.500,   0.195,   1.361,   0.500,   1.361,   0.500,   1.361
202605170006,   0.665,   1.348,9999.000,9999.000,9999.000,9999.000,9999.000,9999.000,9999.000
202605170012,   0.664,   1.338,9999.000,9999.000,9999.000,9999.000,9999.000,9999.000,9999.000
202605170018,   0.663,   1.338,9999.000,9999.000,9999.000,9999.000,9999.000,9999.000,9999.000
202605170024,   0.662,   1.348,9999.000,9999.000,9999.000,9999.000,9999.000,9999.000,9999.000
202605170030,   0.660,   1.328,9999.000,9999.000,9999.000,9999.000,9999.000,9999.000,9999.000
202605170036,   0.659,   1.318,9999.000,9999.000,9999.000,9999.000,9999.000,9999.000,9999.000
202605170042,   0.657,   1.328,9999.000,9999.000,9999.000,9999.000,9999.000,9999.000,9999.000
202605170048,   0.655,   1.328,9999.000,9999.000,9999.000,9999.000,9999.000,9999.000,9999.000
202605170054,   0.652,   1.308,9999.000,9999.000,9999.000,9999.000,9999.000,9999.000,9999.000
202605170100,   0.650,   1.298,   0.500,   0.148,   1.298,   0.500,   1.298,   0.500,   1.298
202605170106,   0.647,   1.298,9999.000,9999.000,9999.000,9999.000,9999.000,9999.000,9999.000
202605170112,   0.644,   1.298,9999.000,9999.000,9999.000,9999.000,9999.000,9999.000,9999.000
202605170118,   0.641,   1.298,9999.000,9999.000,9999.000,9999.000,9999.000,9999.000,9999.000
202605170124,   0.637,   1.289,9999.000,9999.000,9999.000,9999.000,9999.000,9999.000,9999.000
202605170130,   0.634,   1.279,9999.000,9999.000,9999.000,9999.000,9999.000,9999.000,9999.000
202605170136,   0.630,   1.289,9999.000,9999.000,9999.000,9999.000,9999.000,9999.000,9999.000
202605170142,   0.626,   1.289,9999.000,9999.000,9999.000,9999.000,9999.000,9999.000,9999.000
202605170148,   0.622,   1.269,9999.000,9999.000,9999.000,9999.000,9999.000,9999.000,9999.000
202605170154,   0.618,   1.259,9999.000,9999.000,9999.000,9999.000,9999.000,9999.000,9999.000
202605170200,   0.613,   1.269,   0.500,   0.156,   1.269,   0.500,   1.269,   0.500,   1.269
202605170206,   0.608,   1.279,9999.000,9999.000,9999.000,9999.000,9999.000,9999.000,9999.000
202605170212,   0.603,   1.269,9999.000,9999.000,9999.000,9999.000,9999.000,9999.000,9999.000
202605170218,   0.598,   1.239,9999.000,9999.000,9999.000,9999.000,9999.000,9999.000,9999.000
202605170224,   0.593,   1.249,9999.000,9999.000,9999.000,9999.000,9999.000,9999.000,9999.000
202605170230,   0.587,   1.259,9999.000,9999.000,9999.000,9999.000,9999.000,9999.000,9999.000
202605170236,   0.581,   1.249,9999.000,9999.000,9999.000,9999.000,9999.000,9999.000,9999.000
202605170242,   0.575,   1.229,9999.000,9999.000,9999.000,9999.000,9999.000,9999.000,9999.000
202605170248,   0.569,   1.239,9999.000,9999.000,9999.000,9999.000,9999.000,9999.000,9999.000
202605170254,   0.563,   1.239,9999.000,9999.000,9999.000,9999.000,9999.000,9999.000,9999.000
202605170300,   0.557,   1.229,   0.500,   0.172,   1.229,   0.500,   1.229,   0.500,   1.229
202605170306,   0.550,   1.210,9999.000,9999.000,9999.000,9999.000,9999.000,9999.000,9999.000
202605170312,   0.543,   1.210,9999.000,9999.000,9999.000,9999.000,9999.000,9999.000,9999.000
202605170318,   0.536,   1.210,9999.000,9999.000,9999.000,9999.000,9999.000,9999.000,9999.000
202605170324,   0.529,   1.200,9999.000,9999.000,9999.000,9999.000,9999.000,9999.000,9999.000
202605170330,   0.522,   1.190,9999.000,9999.000,9999.000,9999.000,9999.000,9999.000,9999.000
202605170336,   0.515,   1.190,9999.000,9999.000,9999.000,9999.000,9999.000,9999.000,9999.000
202605170342,   0.507,   1.190,9999.000,9999.000,9999.000,9999.000,9999.000,9999.000,9999.000
202605170348,   0.500,   1.190,9999.000,9999.000,9999.000,9999.000,9999.000,9999.000,9999.000
202605170354,   0.492,   1.180,9999.000,9999.000,9999.000,9999.000,9999.000,9999.000,9999.000
202605170400,   0.484,   1.180,   0.500,   0.196,   1.180,   0.500,   1.180,   0.500,   1.180
202605170406,   0.476,   1.200,9999.000,9999.000,9999.000,9999.000,9999.000,9999.000,9999.000
202605170412,   0.468,   1.190,9999.000,9999.000,9999.000,9999.000,9999.000,9999.000,9999.000
202605170418,   0.460,   1.161,9999.000,9999.000,9999.000,9999.000,9999.000,9999.000,9999.000
202605170424,   0.452,   1.138,9999.000,9999.000,9999.000,9999.000,9999.000,9999.000,9999.000
202605170430,   0.444,   1.128,9999.000,9999.000,9999.000,9999.000,9999.000,9999.000,9999.000
202605170436,   0.436,   1.138,9999.000,9999.000,9999.000,9999.000,9999.000,9999.000,9999.000
202605170442,   0.428,   1.151,9999.000,9999.000,9999.000,9999.000,9999.000,9999.000,9999.000
202605170448,   0.420,   1.151,9999.000,9999.000,9999.000,9999.000,9999.000,9999.000,9999.000
202605170454,   0.412,   1.138,9999.000,9999.000,9999.000,9999.000,9999.000,9999.000,9999.000
202605170500,   0.404,   1.138,   0.500,   0.234,   1.138,   0.500,   1.138,   0.500,   1.138
202605170506,   0.395,   1.108,9999.000,9999.000,9999.000,9999.000,9999.000,9999.000,9999.000
202605170512,   0.387,   1.088,9999.000,9999.000,9999.000,9999.000,9999.000,9999.000,9999.000
202605170518,   0.379,   1.079,9999.000,9999.000,9999.000,9999.000,9999.000,9999.000,9999.000
202605170524,   0.371,   1.098,9999.000,9999.000,9999.000,9999.000,9999.000,9999.000,9999.000
202605170530,   0.363,   1.098,9999.000,9999.000,9999.000,9999.000,9999.000,9999.000,9999.000
202605170536,   0.355,   1.069,9999.000,9999.000,9999.000,9999.000,9999.000,9999.000,9999.000
202605170542,   0.347,   1.049,9999.000,9999.000,9999.000,9999.000,9999.000,9999.000,9999.000
202605170548,   0.340,   1.049,9999.000,9999.000,9999.000,9999.000,9999.000,9999.000,9999.000
202605170554,   0.332,   1.049,9999.000,9999.000,9999.000,9999.000,9999.000,9999.000,9999.000
202605170600,   0.324,   1.029,   0.300,   0.405,   1.029,   0.300,   1.029,   0.400,   1.129
202605170606,   0.317,   1.010,9999.000,9999.000,9999.000,9999.000,9999.000,9999.000,9999.000
202605170612,   0.310,   1.010,9999.000,9999.000,9999.000,9999.000,9999.000,9999.000,9999.000
202605170618,   0.302,   1.020,9999.000,9999.000,9999.000,9999.000,9999.000,9999.000,9999.000
202605170624,   0.295,   1.010,9999.000,9999.000,9999.000,9999.000,9999.000,9999.000,9999.000
202605170630,   0.288,   0.990,9999.000,9999.000,9999.000,9999.000,9999.000,9999.000,9999.000
202605170636,   0.281,   0.990,9999.000,9999.000,9999.000,9999.000,9999.000,9999.000,9999.000
202605170642,   0.275,   1.000,9999.000,9999.000,9999.000,9999.000,9999.000,9999.000,9999.000
202605170648,   0.268,   0.990,9999.000,9999.000,9999.000,9999.000,9999.000,9999.000,9999.000
202605170654,   0.261,   0.980,9999.000,9999.000,9999.000,9999.000,9999.000,9999.000,9999.000
202605170700,   0.255,   0.970,   0.300,   0.415,   0.970,   0.300,   0.970,   0.400,   1.070
202605170706,   0.249,   0.970,9999.000,9999.000,9999.000,9999.000,9999.000,9999.000,9999.000
202605170712,   0.243,   0.961,9999.000,9999.000,9999.000,9999.000,9999.000,9999.000,9999.000
202605170718,   0.237,   0.970,9999.000,9999.000,9999.000,9999.000,9999.000,9999.000,9999.000
202605170724,   0.231,   0.980,9999.000,9999.000,9999.000,9999.000,9999.000,9999.000,9999.000
202605170730,   0.225,   0.970,9999.000,9999.000,9999.000,9999.000,9999.000,9999.000,9999.000
202605170736,   0.220,   0.951,9999.000,9999.000,9999.000,9999.000,9999.000,9999.000,9999.000
202605170742,   0.214,   0.941,9999.000,9999.000,9999.000,9999.000,9999.000,9999.000,9999.000
202605170748,   0.209,   0.961,9999.000,9999.000,9999.000,9999.000,9999.000,9999.000,9999.000
202605170754,   0.204,   0.951,9999.000,9999.000,9999.000,9999.000,9999.000,9999.000,9999.000
202605170800,   0.199,   0.928,   0.300,   0.429,   0.928,   0.300,   0.928,   0.400,   1.028
202605170806,   0.194,   0.918,9999.000,9999.000,9999.000,9999.000,9999.000,9999.000,9999.000
202605170812,   0.189,   0.928,9999.000,9999.000,9999.000,9999.000,9999.000,9999.000,9999.000
202605170818,   0.184,   0.918,9999.000,9999.000,9999.000,9999.000,9999.000,9999.000,9999.000
202605170824,   0.179,   0.908,9999.000,9999.000,9999.000,9999.000,9999.000,9999.000,9999.000
202605170830,   0.175,   0.888,9999.000,9999.000,9999.000,9999.000,9999.000,9999.000,9999.000
202605170836,   0.170,   0.888,9999.000,9999.000,9999.000,9999.000,9999.000,9999.000,9999.000
202605170842,   0.166,   0.888,9999.000,9999.000,9999.000,9999.000,9999.000,9999.000,9999.000
202605170848,   0.162,   0.879,9999.000,9999.000,9999.000,9999.000,9999.000,9999.000,9999.000
202605170854,   0.158,   0.859,9999.000,9999.000,9999.000,9999.000,9999.000,9999.000,9999.000
202605170900,   0.153,   0.849,   0.300,   0.396,   0.849,   0.300,   0.849,   0.400,   0.949
202605170906,   0.149,   0.869,9999.000,9999.000,9999.000,9999.000,9999.000,9999.000,9999.000
202605170912,   0.146,   0.879,9999.000,9999.000,9999.000,9999.000,9999.000,9999.000,9999.000
202605170918,   0.142,   0.869,9999.000,9999.000,9999.000,9999.000,9999.000,9999.000,9999.000
202605170924,   0.138,   0.849,9999.000,9999.000,9999.000,9999.000,9999.000,9999.000,9999.000
202605170930,   0.134,   0.849,9999.000,9999.000,9999.000,9999.000,9999.000,9999.000,9999.000
202605170936,   0.131,   0.859,9999.000,9999.000,9999.000,9999.000,9999.000,9999.000,9999.000
202605170942,   0.127,   0.849,9999.000,9999.000,9999.000,9999.000,9999.000,9999.000,9999.000
202605170948,   0.124,   0.829,9999.000,9999.000,9999.000,9999.000,9999.000,9999.000,9999.000
202605170954,   0.121,   0.829,9999.000,9999.000,9999.000,9999.000,9999.000,9999.000,9999.000
202605171000,   0.117,   0.849,   0.300,   0.432,   0.849,   0.300,   0.849,   0.400,   0.949
202605171006,   0.114,   0.859,9999.000,9999.000,9999.000,9999.000,9999.000,9999.000,9999.000
202605171012,   0.111,   0.829,9999.000,9999.000,9999.000,9999.000,9999.000,9999.000,9999.000
202605171018,   0.108,   0.819,9999.000,9999.000,9999.000,9999.000,9999.000,9999.000,9999.000
202605171024,   0.105,   0.829,9999.000,9999.000,9999.000,9999.000,9999.000,9999.000,9999.000
202605171030,   0.103,   0.829,9999.000,9999.000,9999.000,9999.000,9999.000,9999.000,9999.000
202605171036,   0.100,   0.819,9999.000,9999.000,9999.000,9999.000,9999.000,9999.000,9999.000
202605171042,   0.098,   0.800,9999.000,9999.000,9999.000,9999.000,9999.000,9999.000,9999.000
202605171048,   0.095,   0.800,9999.000,9999.000,9999.000,9999.000,9999.000,9999.000,9999.000
202605171054,   0.093,   0.800,9999.000,9999.000,9999.000,9999.000,9999.000,9999.000,9999.000
202605171100,   0.091,   0.780,   0.300,   0.389,   0.780,   0.300,   0.780,   0.400,   0.880
202605171106,   0.089,   0.770,9999.000,9999.000,9999.000,9999.000,9999.000,9999.000,9999.000
202605171112,   0.087,   0.770,9999.000,9999.000,9999.000,9999.000,9999.000,9999.000,9999.000
202605171118,   0.085,   0.780,9999.000,9999.000,9999.000,9999.000,9999.000,9999.000,9999.000
202605171124,   0.083,   0.780,9999.000,9999.000,9999.000,9999.000,9999.000,9999.000,9999.000
202605171130,   0.082,   0.770,9999.000,9999.000,9999.000,9999.000,9999.000,9999.000,9999.000
202605171136,   0.080,   0.770,9999.000,9999.000,9999.000,9999.000,9999.000,9999.000,9999.000
202605171142,   0.079,   0.770,9999.000,9999.000,9999.000,9999.000,9999.000,9999.000,9999.000
202605171148,   0.078,   0.770,9999.000,9999.000,9999.000,9999.000,9999.000,9999.000,9999.000
202605171154,   0.077,   0.760,9999.000,9999.000,9999.000,9999.000,9999.000,9999.000,9999.000
202605171200,   0.076,   0.751,   0.400,   0.275,   0.751,   0.400,   0.751,   0.400,   0.751
202605171206,   0.076,   0.760,9999.000,9999.000,9999.000,9999.000,9999.000,9999.000,9999.000
202605171212,   0.076,   0.760,9999.000,9999.000,9999.000,9999.000,9999.000,9999.000,9999.000
202605171218,   0.075,   0.770,9999.000,9999.000,9999.000,9999.000,9999.000,9999.000,9999.000
202605171224,   0.075,   0.760,9999.000,9999.000,9999.000,9999.000,9999.000,9999.000,9999.000
202605171230,   0.075,   0.760,9999.000,9999.000,9999.000,9999.000,9999.000,9999.000,9999.000
202605171236,   0.076,   0.760,9999.000,9999.000,9999.000,9999.000,9999.000,9999.000,9999.000
202605171242,   0.076,   0.770,9999.000,9999.000,9999.000,9999.000,9999.000,9999.000,9999.000
202605171248,   0.077,   0.760,9999.000,9999.000,9999.000,9999.000,9999.000,9999.000,9999.000
202605171254,   0.078,   0.760,9999.000,9999.000,9999.000,9999.000,9999.000,9999.000,9999.000
202605171300,   0.079,   0.760,   0.400,   0.281,   0.760,   0.400,   0.760,   0.400,   0.760
202605171306,   0.080,   0.760,9999.000,9999.000,9999.000,9999.000,9999.000,9999.000,9999.000
202605171312,   0.082,   0.760,9999.000,9999.000,9999.000,9999.000,9999.000,9999.000,9999.000
202605171318,   0.083,   0.760,9999.000,9999.000,9999.000,9999.000,9999.000,9999.000,9999.000
202605171324,   0.085,   0.770,9999.000,9999.000,9999.000,9999.000,9999.000,9999.000,9999.000
202605171330,   0.087,   0.770,9999.000,9999.000,9999.000,9999.000,9999.000,9999.000,9999.000
202605171336,   0.089,   0.790,9999.000,9999.000,9999.000,9999.000,9999.000,9999.000,9999.000
202605171342,   0.092,   0.770,9999.000,9999.000,9999.000,9999.000,9999.000,9999.000,9999.000
202605171348,   0.094,   0.760,9999.000,9999.000,9999.000,9999.000,9999.000,9999.000,9999.000
202605171354,   0.097,   0.770,9999.000,9999.000,9999.000,9999.000,9999.000,9999.000,9999.000
202605171400,   0.100,   0.800,   0.400,   0.300,   0.800,   0.400,   0.800,   0.400,   0.800
202605171406,   0.103,   0.800,9999.000,9999.000,9999.000,9999.000,9999.000,9999.000,9999.000
202605171412,   0.106,   0.790,9999.000,9999.000,9999.000,9999.000,9999.000,9999.000,9999.000
202605171418,   0.109,   0.810,9999.000,9999.000,9999.000,9999.000,9999.000,9999.000,9999.000
202605171424,   0.113,   0.829,9999.000,9999.000,9999.000,9999.000,9999.000,9999.000,9999.000
202605171430,   0.116,   0.829,9999.000,9999.000,9999.000,9999.000,9999.000,9999.000,9999.000
202605171436,   0.120,   0.819,9999.000,9999.000,9999.000,9999.000,9999.000,9999.000,9999.000
202605171442,   0.124,   0.839,9999.000,9999.000,9999.000,9999.000,9999.000,9999.000,9999.000
202605171448,   0.128,   0.888,9999.000,9999.000,9999.000,9999.000,9999.000,9999.000,9999.000
202605171454,   0.132,   0.898,9999.000,9999.000,9999.000,9999.000,9999.000,9999.000,9999.000
202605171500,   0.136,   0.888,   0.400,   0.352,   0.888,   0.400,   0.888,   0.400,   0.888
202605171506,   0.141,   0.888,9999.000,9999.000,9999.000,9999.000,9999.000,9999.000,9999.000
202605171512,   0.145,   0.908,9999.000,9999.000,9999.000,9999.000,9999.000,9999.000,9999.000
202605171518,   0.150,   0.908,9999.000,9999.000,9999.000,9999.000,9999.000,9999.000,9999.000
202605171524,   0.155,   0.908,9999.000,9999.000,9999.000,9999.000,9999.000,9999.000,9999.000
202605171530,   0.160,   0.898,9999.000,9999.000,9999.000,9999.000,9999.000,9999.000,9999.000
202605171536,   0.165,   0.928,9999.000,9999.000,9999.000,9999.000,9999.000,9999.000,9999.000
202605171542,   0.170,   0.941,9999.000,9999.000,9999.000,9999.000,9999.000,9999.000,9999.000
202605171548,   0.175,   0.928,9999.000,9999.000,9999.000,9999.000,9999.000,9999.000,9999.000
202605171554,   0.181,   0.928,9999.000,9999.000,9999.000,9999.000,9999.000,9999.000,9999.000
202605171600,   0.186,   0.941,   0.400,   0.355,   0.941,   0.300,   0.841,   0.400,   0.941
202605171606,   0.192,   0.951,9999.000,9999.000,9999.000,9999.000,9999.000,9999.000,9999.000
202605171612,   0.198,   0.928,9999.000,9999.000,9999.000,9999.000,9999.000,9999.000,9999.000
202605171618,   0.203,   0.928,9999.000,9999.000,9999.000,9999.000,9999.000,9999.000,9999.000
202605171624,   0.209,   0.951,9999.000,9999.000,9999.000,9999.000,9999.000,9999.000,9999.000
202605171630,   0.215,   0.970,9999.000,9999.000,9999.000,9999.000,9999.000,9999.000,9999.000
202605171636,   0.221,   0.970,9999.000,9999.000,9999.000,9999.000,9999.000,9999.000,9999.000
202605171642,   0.228,   0.970,9999.000,9999.000,9999.000,9999.000,9999.000,9999.000,9999.000
202605171648,   0.234,   0.990,9999.000,9999.000,9999.000,9999.000,9999.000,9999.000,9999.000
202605171654,   0.240,   1.000,9999.000,9999.000,9999.000,9999.000,9999.000,9999.000,9999.000
202605171700,   0.247,   1.010,   0.400,   0.363,   1.010,   0.300,   0.910,   0.400,   1.010
202605171706,   0.253,   1.010,9999.000,9999.000,9999.000,9999.000,9999.000,9999.000,9999.000
202605171712,   0.260,   1.010,9999.000,9999.000,9999.000,9999.000,9999.000,9999.000,9999.000
202605171718,   0.267,   1.039,9999.000,9999.000,9999.000,9999.000,9999.000,9999.000,9999.000
202605171724,   0.274,   1.059,9999.000,9999.000,9999.000,9999.000,9999.000,9999.000,9999.000
202605171730,   0.281,   1.059,9999.000,9999.000,9999.000,9999.000,9999.000,9999.000,9999.000
202605171736,   0.288,   1.039,9999.000,9999.000,9999.000,9999.000,9999.000,9999.000,9999.000
202605171742,   0.295,   1.049,9999.000,9999.000,9999.000,9999.000,9999.000,9999.000,9999.000
202605171748,   0.302,   1.079,9999.000,9999.000,9999.000,9999.000,9999.000,9999.000,9999.000
202605171754,   0.309,   1.098,9999.000,9999.000,9999.000,9999.000,9999.000,9999.000,9999.000
202605171800,   0.317,   1.079,   0.600,   0.162,   1.079,   0.600,   1.079,   0.600,   1.079
202605171806,   0.324,   1.079,9999.000,9999.000,9999.000,9999.000,9999.000,9999.000,9999.000
202605171812,   0.332,   1.098,9999.000,9999.000,9999.000,9999.000,9999.000,9999.000,9999.000
202605171818,   0.339,   1.108,9999.000,9999.000,9999.000,9999.000,9999.000,9999.000,9999.000
202605171824,   0.347,   1.098,9999.000,9999.000,9999.000,9999.000,9999.000,9999.000,9999.000
202605171830,   0.355,   1.098,9999.000,9999.000,9999.000,9999.000,9999.000,9999.000,9999.000
202605171836,   0.363,   1.128,9999.000,9999.000,9999.000,9999.000,9999.000,9999.000,9999.000
202605171842,   0.370,   1.151,9999.000,9999.000,9999.000,9999.000,9999.000,9999.000,9999.000
202605171848,   0.378,   1.151,9999.000,9999.000,9999.000,9999.000,9999.000,9999.000,9999.000
202605171854,   0.386,   1.161,9999.000,9999.000,9999.000,9999.000,9999.000,9999.000,9999.000
202605171900,   0.394,   1.180,   0.600,   0.186,   1.180,   0.600,   1.180,   0.600,   1.180
202605171906,   0.402,   1.190,9999.000,9999.000,9999.000,9999.000,9999.000,9999.000,9999.000
202605171912,   0.410,   1.170,9999.000,9999.000,9999.000,9999.000,9999.000,9999.000,9999.000
202605171918,   0.418,   1.161,9999.000,9999.000,9999.000,9999.000,9999.000,9999.000,9999.000
202605171924,   0.426,   1.210,9999.000,9999.000,9999.000,9999.000,9999.000,9999.000,9999.000
202605171930,   0.434,   1.239,9999.000,9999.000,9999.000,9999.000,9999.000,9999.000,9999.000
202605171936,   0.442,   1.200,9999.000,9999.000,9999.000,9999.000,9999.000,9999.000,9999.000
202605171942,   0.450,   1.161,9999.000,9999.000,9999.000,9999.000,9999.000,9999.000,9999.000
202605171948,   0.458,   1.180,9999.000,9999.000,9999.000,9999.000,9999.000,9999.000,9999.000
202605171954,   0.466,   1.190,9999.000,9999.000,9999.000,9999.000,9999.000,9999.000,9999.000
202605172000,   0.473,   1.190,   0.600,   0.117,   1.190,   0.600,   1.190,   0.600,   1.190
202605172006,   0.481,   1.190,9999.000,9999.000,9999.000,9999.000,9999.000,9999.000,9999.000
202605172012,   0.489,   1.220,9999.000,9999.000,9999.000,9999.000,9999.000,9999.000,9999.000
202605172018,   0.496,   1.239,9999.000,9999.000,9999.000,9999.000,9999.000,9999.000,9999.000
202605172024,   0.504,   1.259,9999.000,9999.000,9999.000,9999.000,9999.000,9999.000,9999.000
202605172030,   0.511,   1.259,9999.000,9999.000,9999.000,9999.000,9999.000,9999.000,9999.000
202605172036,   0.519,   1.249,9999.000,9999.000,9999.000,9999.000,9999.000,9999.000,9999.000
202605172042,   0.526,   1.239,9999.000,9999.000,9999.000,9999.000,9999.000,9999.000,9999.000
202605172048,   0.533,   1.259,9999.000,9999.000,9999.000,9999.000,9999.000,9999.000,9999.000
202605172054,   0.540,   1.298,9999.000,9999.000,9999.000,9999.000,9999.000,9999.000,9999.000
202605172100,   0.547,   1.298,   0.600,   0.151,   1.298,   0.600,   1.298,   0.600,   1.298
202605172106,   0.554,   1.279,9999.000,9999.000,9999.000,9999.000,9999.000,9999.000,9999.000
202605172112,   0.560,   1.289,9999.000,9999.000,9999.000,9999.000,9999.000,9999.000,9999.000
202605172118,   0.567,   1.328,9999.000,9999.000,9999.000,9999.000,9999.000,9999.000,9999.000
202605172124,   0.573,   1.348,9999.000,9999.000,9999.000,9999.000,9999.000,9999.000,9999.000
202605172130,   0.579,   1.328,9999.000,9999.000,9999.000,9999.000,9999.000,9999.000,9999.000
202605172136,   0.585,   1.328,9999.000,9999.000,9999.000,9999.000,9999.000,9999.000,9999.000
202605172142,   0.591,   1.328,9999.000,9999.000,9999.000,9999.000,9999.000,9999.000,9999.000
202605172148,   0.597,   1.318,9999.000,9999.000,9999.000,9999.000,9999.000,9999.000,9999.000
202605172154,   0.602,   1.298,9999.000,9999.000,9999.000,9999.000,9999.000,9999.000,9999.000
202605172200,   0.608,   1.318,   0.600,   0.110,   1.318,   0.600,   1.318,   0.600,   1.318
202605172206,   0.613,   1.348,9999.000,9999.000,9999.000,9999.000,9999.000,9999.000,9999.000
202605172212,   0.618,   1.371,9999.000,9999.000,9999.000,9999.000,9999.000,9999.000,9999.000
202605172218,   0.622,   1.361,9999.000,9999.000,9999.000,9999.000,9999.000,9999.000,9999.000
202605172224,   0.627,   1.380,9999.000,9999.000,9999.000,9999.000,9999.000,9999.000,9999.000
202605172230,   0.631,   1.410,9999.000,9999.000,9999.000,9999.000,9999.000,9999.000,9999.000
202605172236,   0.635,   1.430,9999.000,9999.000,9999.000,9999.000,9999.000,9999.000,9999.000
202605172242,   0.639,   1.410,9999.000,9999.000,9999.000,9999.000,9999.000,9999.000,9999.000
202605172248,   0.643,   1.390,9999.000,9999.000,9999.000,9999.000,9999.000,9999.000,9999.000
202605172254,   0.647,   1.400,9999.000,9999.000,9999.000,9999.000,9999.000,9999.000,9999.000
202605172300,   0.650,   1.430,   0.600,   0.180,   1.430,   0.600,   1.430,   0.600,   1.430
202605172306,   0.653,   1.430,9999.000,9999.000,9999.000,9999.000,9999.000,9999.000,9999.000
202605172312,   0.656,   1.420,9999.000,9999.000,9999.000,9999.000,9999.000,9999.000,9999.000
202605172318,   0.659,   1.420,9999.000,9999.000,9999.000,9999.000,9999.000,9999.000,9999.000
202605172324,   0.662,   1.430,9999.000,9999.000,9999.000,9999.000,9999.000,9999.000,9999.000
202605172330,   0.664,   1.439,9999.000,9999.000,9999.000,9999.000,9999.000,9999.000,9999.000
202605172336,   0.667,   1.430,9999.000,9999.000,9999.000,9999.000,9999.000,9999.000,9999.000
202605172342,   0.669,   1.400,9999.000,9999.000,9999.000,9999.000,9999.000,9999.000,9999.000
202605172348,   0.670,   1.420,9999.000,9999.000,9999.000,9999.000,9999.000,9999.000,9999.000
202605172354,   0.672,   1.449,9999.000,9999.000,9999.000,9999.000,9999.000,9999.000,9999.000
202605180000,   0.673,   1.469,   0.600,   0.196,   1.469,   0.600,   1.469,   0.600,   1.469
202605180006,   0.675,   1.489,9999.000,9999.000,9999.000,9999.000,9999.000,9999.000,9999.000
202605180012,   0.676,   1.498,9999.000,9999.000,9999.000,9999.000,9999.000,9999.000,9999.000
202605180018,   0.677,   1.498,9999.000,9999.000,9999.000,9999.000,9999.000,9999.000,9999.000
202605180024,   0.677,   1.489,9999.000,9999.000,9999.000,9999.000,9999.000,9999.000,9999.000
202605180030,   0.678,   1.479,9999.000,9999.000,9999.000,9999.000,9999.000,9999.000,9999.000
202605180036,   0.678,   1.479,9999.000,9999.000,9999.000,9999.000,9999.000,9999.000,9999.000
202605180042,   0.678,   1.479,9999.000,9999.000,9999.000,9999.000,9999.000,9999.000,9999.000
202605180048,   0.678,   1.469,9999.000,9999.000,9999.000,9999.000,9999.000,9999.000,9999.000
202605180054,   0.677,   1.459,9999.000,9999.000,9999.000,9999.000,9999.000,9999.000,9999.000
202605180100,   0.677,   1.469,   0.600,   0.192,   1.469,   0.600,   1.469,   0.600,   1.469
202605180106,   0.676,   1.479,9999.000,9999.000,9999.000,9999.000,9999.000,9999.000,9999.000
202605180112,   0.675,   1.469,9999.000,9999.000,9999.000,9999.000,9999.000,9999.000,9999.000
202605180118,   0.674,   1.449,9999.000,9999.000,9999.000,9999.000,9999.000,9999.000,9999.000
202605180124,   0.672,   1.459,9999.000,9999.000,9999.000,9999.000,9999.000,9999.000,9999.000
202605180130,   0.671,   1.489,9999.000,9999.000,9999.000,9999.000,9999.000,9999.000,9999.000
202605180136,   0.669,   1.479,9999.000,9999.000,9999.000,9999.000,9999.000,9999.000,9999.000
202605180142,   0.667,   1.459,9999.000,9999.000,9999.000,9999.000,9999.000,9999.000,9999.000
202605180148,   0.664,   1.469,9999.000,9999.000,9999.000,9999.000,9999.000,9999.000,9999.000
202605180154,   0.662,   1.498,9999.000,9999.000,9999.000,9999.000,9999.000,9999.000,9999.000
202605180200,   0.659,   1.498,   0.600,   0.239,   1.498,   0.600,   1.498,   0.600,   1.498
202605180206,   0.656,   1.469,9999.000,9999.000,9999.000,9999.000,9999.000,9999.000,9999.000
202605180212,   0.653,   1.449,9999.000,9999.000,9999.000,9999.000,9999.000,9999.000,9999.000
202605180218,   0.650,   1.469,9999.000,9999.000,9999.000,9999.000,9999.000,9999.000,9999.000
202605180224,   0.646,   1.489,9999.000,9999.000,9999.000,9999.000,9999.000,9999.000,9999.000
202605180230,   0.642,   1.489,9999.000,9999.000,9999.000,9999.000,9999.000,9999.000,9999.000
202605180236,   0.638,   1.479,9999.000,9999.000,9999.000,9999.000,9999.000,9999.000,9999.000
202605180242,   0.634,   1.489,9999.000,9999.000,9999.000,9999.000,9999.000,9999.000,9999.000
202605180248,   0.629,   1.498,9999.000,9999.000,9999.000,9999.000,9999.000,9999.000,9999.000
202605180254,   0.624,   1.498,9999.000,9999.000,9999.000,9999.000,9999.000,9999.000,9999.000
202605180300,   0.620,   1.498,   0.600,   0.278,   1.498,   0.600,   1.498,   0.700,   1.598
202605180306,   0.614,   1.479,9999.000,9999.000,9999.000,9999.000,9999.000,9999.000,9999.000
202605180312,   0.609,   1.479,9999.000,9999.000,9999.000,9999.000,9999.000,9999.000,9999.000
202605180318,   0.603,   1.469,9999.000,9999.000,9999.000,9999.000,9999.000,9999.000,9999.000
202605180324,   0.598,   1.469,9999.000,9999.000,9999.000,9999.000,9999.000,9999.000,9999.000
202605180330,   0.592,   1.459,9999.000,9999.000,9999.000,9999.000,9999.000,9999.000,9999.000
202605180336,   0.586,   1.439,9999.000,9999.000,9999.000,9999.000,9999.000,9999.000,9999.000
202605180342,   0.579,   1.439,9999.000,9999.000,9999.000,9999.000,9999.000,9999.000,9999.000
202605180348,   0.573,   1.449,9999.000,9999.000,9999.000,9999.000,9999.000,9999.000,9999.000
202605180354,   0.566,   1.449,9999.000,9999.000,9999.000,9999.000,9999.000,9999.000,9999.000
202605180400,   0.560,   1.439,   0.600,   0.279,   1.439,   0.600,   1.439,   0.700,   1.539
202605180406,   0.553,   1.410,9999.000,9999.000,9999.000,9999.000,9999.000,9999.000,9999.000
202605180412,   0.546,   1.410,9999.000,9999.000,9999.000,9999.000,9999.000,9999.000,9999.000
202605180418,   0.539,   1.430,9999.000,9999.000,9999.000,9999.000,9999.000,9999.000,9999.000
202605180424,   0.531,   1.420,9999.000,9999.000,9999.000,9999.000,9999.000,9999.000,9999.000
202605180430,   0.524,   1.410,9999.000,9999.000,9999.000,9999.000,9999.000,9999.000,9999.000
202605180436,   0.516,   1.390,9999.000,9999.000,9999.000,9999.000,9999.000,9999.000,9999.000
202605180442,   0.509,   1.361,9999.000,9999.000,9999.000,9999.000,9999.000,9999.000,9999.000
202605180448,   0.501,   1.348,9999.000,9999.000,9999.000,9999.000,9999.000,9999.000,9999.000
202605180454,   0.494,   1.361,9999.000,9999.000,9999.000,9999.000,9999.000,9999.000,9999.000
202605180500,   0.486,   1.338,   0.600,   0.252,   1.338,   0.600,   1.338,   0.700,   1.438
202605180506,   0.478,   1.328,9999.000,9999.000,9999.000,9999.000,9999.000,9999.000,9999.000
202605180512,   0.470,   1.338,9999.000,9999.000,9999.000,9999.000,9999.000,9999.000,9999.000
202605180518,   0.462,   1.371,9999.000,9999.000,9999.000,9999.000,9999.000,9999.000,9999.000
202605180524,   0.454,   1.361,9999.000,9999.000,9999.000,9999.000,9999.000,9999.000,9999.000
202605180530,   0.447,   1.338,9999.000,9999.000,9999.000,9999.000,9999.000,9999.000,9999.000
202605180536,   0.439,   1.338,9999.000,9999.000,9999.000,9999.000,9999.000,9999.000,9999.000
202605180542,   0.431,   1.371,9999.000,9999.000,9999.000,9999.000,9999.000,9999.000,9999.000
202605180548,   0.423,   1.361,9999.000,9999.000,9999.000,9999.000,9999.000,9999.000,9999.000
202605180554,   0.415,   1.338,9999.000,9999.000,9999.000,9999.000,9999.000,9999.000,9999.000
202605180600,   0.407,   1.328,   0.500,   0.421,   1.328,   0.500,   1.328,   0.600,   1.428
202605180606,   0.400,   1.318,9999.000,9999.000,9999.000,9999.000,9999.000,9999.000,9999.000
202605180612,   0.392,   1.318,9999.000,9999.000,9999.000,9999.000,9999.000,9999.000,9999.000
202605180618,   0.384,   1.308,9999.000,9999.000,9999.000,9999.000,9999.000,9999.000,9999.000
202605180624,   0.377,   1.318,9999.000,9999.000,9999.000,9999.000,9999.000,9999.000,9999.000
202605180630,   0.369,   1.318,9999.000,9999.000,9999.000,9999.000,9999.000,9999.000,9999.000
202605180636,   0.362,   1.308,9999.000,9999.000,9999.000,9999.000,9999.000,9999.000,9999.000
202605180642,   0.355,   1.298,9999.000,9999.000,9999.000,9999.000,9999.000,9999.000,9999.000
202605180648,   0.347,   1.279,9999.000,9999.000,9999.000,9999.000,9999.000,9999.000,9999.000
202605180654,   0.340,   1.269,9999.000,9999.000,9999.000,9999.000,9999.000,9999.000,9999.000
202605180700,   0.333,   1.249,   0.500,   0.416,   1.249,   0.500,   1.249,   0.600,   1.349
202605180706,   0.326,   1.249,9999.000,9999.000,9999.000,9999.000,9999.000,9999.000,9999.000
202605180712,   0.319,   1.249,9999.000,9999.000,9999.000,9999.000,9999.000,9999.000,9999.000
202605180718,   0.312,   1.249,9999.000,9999.000,9999.000,9999.000,9999.000,9999.000,9999.000
202605180724,   0.305,   1.229,9999.000,9999.000,9999.000,9999.000,9999.000,9999.000,9999.000
202605180730,   0.299,   1.200,9999.000,9999.000,9999.000,9999.000,9999.000,9999.000,9999.000
202605180736,   0.292,   1.200,9999.000,9999.000,9999.000,9999.000,9999.000,9999.000,9999.000
202605180742,   0.286,   1.220,9999.000,9999.000,9999.000,9999.000,9999.000,9999.000,9999.000
202605180748,   0.279,   1.220,9999.000,9999.000,9999.000,9999.000,9999.000,9999.000,9999.000
202605180754,   0.273,   1.200,9999.000,9999.000,9999.000,9999.000,9999.000,9999.000,9999.000
202605180800,   0.266,   1.190,   0.500,   0.424,   1.190,   0.500,   1.190,   0.600,   1.290
202605180806,   0.260,   1.210,9999.000,9999.000,9999.000,9999.000,9999.000,9999.000,9999.000
202605180812,   0.254,   1.210,9999.000,9999.000,9999.000,9999.000,9999.000,9999.000,9999.000
202605180818,   0.248,   1.180,9999.000,9999.000,9999.000,9999.000,9999.000,9999.000,9999.000
202605180824,   0.242,   1.161,9999.000,9999.000,9999.000,9999.000,9999.000,9999.000,9999.000
202605180830,   0.236,   1.161,9999.000,9999.000,9999.000,9999.000,9999.000,9999.000,9999.000
202605180836,   0.230,   1.170,9999.000,9999.000,9999.000,9999.000,9999.000,9999.000,9999.000
202605180842,   0.224,   1.161,9999.000,9999.000,9999.000,9999.000,9999.000,9999.000,9999.000
202605180848,   0.219,   1.138,9999.000,9999.000,9999.000,9999.000,9999.000,9999.000,9999.000
202605180854,   0.213,   1.151,9999.000,9999.000,9999.000,9999.000,9999.000,9999.000,9999.000
202605180900,   0.207,   1.170,   0.500,   0.463,   1.170,   0.500,   1.170,   0.600,   1.270
202605180906,   0.202,   1.161,9999.000,9999.000,9999.000,9999.000,9999.000,9999.000,9999.000
202605180912,   0.196,   1.151,9999.000,9999.000,9999.000,9999.000,9999.000,9999.000,9999.000
202605180918,   0.191,   1.161,9999.000,9999.000,9999.000,9999.000,9999.000,9999.000,9999.000
202605180924,   0.186,   1.170,9999.000,9999.000,9999.000,9999.000,9999.000,9999.000,9999.000
202605180930,   0.180,   1.151,9999.000,9999.000,9999.000,9999.000,9999.000,9999.000,9999.000
202605180936,   0.175,   1.138,9999.000,9999.000,9999.000,9999.000,9999.000,9999.000,9999.000
202605180942,   0.170,   1.151,9999.000,9999.000,9999.000,9999.000,9999.000,9999.000,9999.000
202605180948,   0.165,   1.151,9999.000,9999.000,9999.000,9999.000,9999.000,9999.000,9999.000
202605180954,   0.160,   1.138,9999.000,9999.000,9999.000,9999.000,9999.000,9999.000,9999.000
202605181000,   0.155,   1.118,   0.500,   0.463,   1.118,   0.500,   1.118,   0.600,   1.218
202605181006,   0.150,   1.118,9999.000,9999.000,9999.000,9999.000,9999.000,9999.000,9999.000
202605181012,   0.145,   1.108,9999.000,9999.000,9999.000,9999.000,9999.000,9999.000,9999.000
202605181018,   0.140,   1.098,9999.000,9999.000,9999.000,9999.000,9999.000,9999.000,9999.000
202605181024,   0.135,   1.098,9999.000,9999.000,9999.000,9999.000,9999.000,9999.000,9999.000
202605181030,   0.131,   1.098,9999.000,9999.000,9999.000,9999.000,9999.000,9999.000,9999.000
202605181036,   0.126,   1.088,9999.000,9999.000,9999.000,9999.000,9999.000,9999.000,9999.000
202605181042,   0.122,   1.088,9999.000,9999.000,9999.000,9999.000,9999.000,9999.000,9999.000
202605181048,   0.118,   1.088,9999.000,9999.000,9999.000,9999.000,9999.000,9999.000,9999.000
202605181054,   0.113,   1.079,9999.000,9999.000,9999.000,9999.000,9999.000,9999.000,9999.000
202605181100,   0.109,   1.049,   0.500,   0.440,   1.049,   0.500,   1.049,   0.600,   1.149
202605181106,   0.105,   1.029,9999.000,9999.000,9999.000,9999.000,9999.000,9999.000,9999.000
202605181112,   0.101,   1.029,9999.000,9999.000,9999.000,9999.000,9999.000,9999.000,9999.000
202605181118,   0.098,   1.029,9999.000,9999.000,9999.000,9999.000,9999.000,9999.000,9999.000
202605181124,   0.094,   1.010,9999.000,9999.000,9999.000,9999.000,9999.000,9999.000,9999.000
202605181130,   0.091,   1.010,9999.000,9999.000,9999.000,9999.000,9999.000,9999.000,9999.000
202605181136,   0.087,   1.020,9999.000,9999.000,9999.000,9999.000,9999.000,9999.000,9999.000
202605181142,   0.084,   1.020,9999.000,9999.000,9999.000,9999.000,9999.000,9999.000,9999.000
202605181148,   0.081,   0.990,9999.000,9999.000,9999.000,9999.000,9999.000,9999.000,9999.000
202605181154,   0.078,   0.980,9999.000,9999.000,9999.000,9999.000,9999.000,9999.000,9999.000
202605181200,   0.076,   0.980,   0.500,   0.404,   0.980,   0.500,   0.980,   0.500,   0.980
202605181206,   0.073,   0.990,9999.000,9999.000,9999.000,9999.000,9999.000,9999.000,9999.000
202605181212,   0.071,   0.980,9999.000,9999.000,9999.000,9999.000,9999.000,9999.000,9999.000
202605181218,   0.068,   0.980,9999.000,9999.000,9999.000,9999.000,9999.000,9999.000,9999.000
202605181224,   0.066,   0.990,9999.000,9999.000,9999.000,9999.000,9999.000,9999.000,9999.000
202605181230,   0.065,   0.990,9999.000,9999.000,9999.000,9999.000,9999.000,9999.000,9999.000
202605181236,   0.063,   0.980,9999.000,9999.000,9999.000,9999.000,9999.000,9999.000,9999.000
202605181242,   0.062,   0.980,9999.000,9999.000,9999.000,9999.000,9999.000,9999.000,9999.000
202605181248,   0.060,   0.990,9999.000,9999.000,9999.000,9999.000,9999.000,9999.000,9999.000
202605181254,   0.059,   0.980,9999.000,9999.000,9999.000,9999.000,9999.000,9999.000,9999.000
202605181300,   0.058,   0.970,   0.500,   0.412,   0.970,   0.500,   0.970,   0.500,   0.970
202605181306,   0.058,   0.970,9999.000,9999.000,9999.000,9999.000,9999.000,9999.000,9999.000
202605181312,   0.057,   0.990,9999.000,9999.000,9999.000,9999.000,9999.000,9999.000,9999.000
202605181318,   0.057,   0.980,9999.000,9999.000,9999.000,9999.000,9999.000,9999.000,9999.000
202605181324,   0.057,   0.990,9999.000,9999.000,9999.000,9999.000,9999.000,9999.000,9999.000
202605181330,   0.057,   0.990,9999.000,9999.000,9999.000,9999.000,9999.000,9999.000,9999.000
202605181336,   0.057,   1.010,9999.000,9999.000,9999.000,9999.000,9999.000,9999.000,9999.000
202605181342,   0.058,   1.000,9999.000,9999.000,9999.000,9999.000,9999.000,9999.000,9999.000
202605181348,   0.058,   1.000,9999.000,9999.000,9999.000,9999.000,9999.000,9999.000,9999.000
202605181354,   0.059,   0.990,9999.000,9999.000,9999.000,9999.000,9999.000,9999.000,9999.000
202605181400,   0.060,   1.000,   0.500,   0.440,   1.000,   0.500,   1.000,   0.500,   1.000
202605181406,   0.061,   1.000,9999.000,9999.000,9999.000,9999.000,9999.000,9999.000,9999.000
202605181412,   0.063,   1.000,9999.000,9999.000,9999.000,9999.000,9999.000,9999.000,9999.000
202605181418,   0.064,   0.980,9999.000,9999.000,9999.000,9999.000,9999.000,9999.000,9999.000
202605181424,   0.066,   0.990,9999.000,9999.000,9999.000,9999.000,9999.000,9999.000,9999.000
202605181430,   0.068,   0.990,9999.000,9999.000,9999.000,9999.000,9999.000,9999.000,9999.000
202605181436,   0.070,   0.990,9999.000,9999.000,9999.000,9999.000,9999.000,9999.000,9999.000
202605181442,   0.073,   1.010,9999.000,9999.000,9999.000,9999.000,9999.000,9999.000,9999.000
202605181448,   0.075,   1.020,9999.000,9999.000,9999.000,9999.000,9999.000,9999.000,9999.000
202605181454,   0.078,   1.020,9999.000,9999.000,9999.000,9999.000,9999.000,9999.000,9999.000
202605181500,   0.081,   1.020,   0.500,   0.439,   1.020,   0.500,   1.020,   0.500,   1.020
202605181506,   0.084,   1.029,9999.000,9999.000,9999.000,9999.000,9999.000,9999.000,9999.000
202605181512,   0.087,   1.049,9999.000,9999.000,9999.000,9999.000,9999.000,9999.000,9999.000
202605181518,   0.090,   1.039,9999.000,9999.000,9999.000,9999.000,9999.000,9999.000,9999.000
202605181524,   0.093,   1.029,9999.000,9999.000,9999.000,9999.000,9999.000,9999.000,9999.000
202605181530,   0.097,   1.039,9999.000,9999.000,9999.000,9999.000,9999.000,9999.000,9999.000
202605181536,   0.101,   1.059,9999.000,9999.000,9999.000,9999.000,9999.000,9999.000,9999.000
202605181542,   0.105,   1.069,9999.000,9999.000,9999.000,9999.000,9999.000,9999.000,9999.000
202605181548,   0.109,   1.069,9999.000,9999.000,9999.000,9999.000,9999.000,9999.000,9999.000
202605181554,   0.113,   1.069,9999.000,9999.000,9999.000,9999.000,9999.000,9999.000,9999.000
202605181600,   0.117,   1.108,   0.500,   0.491,   1.108,   0.400,   1.008,   0.500,   1.108
202605181606,   0.122,   1.118,9999.000,9999.000,9999.000,9999.000,9999.000,9999.000,9999.000
202605181612,   0.126,   1.108,9999.000,9999.000,9999.000,9999.000,9999.000,9999.000,9999.000
202605181618,   0.131,   1.098,9999.000,9999.000,9999.000,9999.000,9999.000,9999.000,9999.000
202605181624,   0.136,   1.108,9999.000,9999.000,9999.000,9999.000,9999.000,9999.000,9999.000
202605181630,   0.141,   1.118,9999.000,9999.000,9999.000,9999.000,9999.000,9999.000,9999.000
202605181636,   0.146,   1.108,9999.000,9999.000,9999.000,9999.000,9999.000,9999.000,9999.000
202605181642,   0.152,   1.098,9999.000,9999.000,9999.000,9999.000,9999.000,9999.000,9999.000
202605181648,   0.157,   1.108,9999.000,9999.000,9999.000,9999.000,9999.000,9999.000,9999.000
202605181654,   0.163,   1.138,9999.000,9999.000,9999.000,9999.000,9999.000,9999.000,9999.000
202605181700,   0.168,   1.151,   0.500,   0.483,   1.151,   0.400,   1.051,   0.500,   1.151
202605181706,   0.174,   1.128,9999.000,9999.000,9999.000,9999.000,9999.000,9999.000,9999.000
202605181712,   0.180,   1.138,9999.000,9999.000,9999.000,9999.000,9999.000,9999.000,9999.000
202605181718,   0.187,   1.161,9999.000,9999.000,9999.000,9999.000,9999.000,9999.000,9999.000
202605181724,   0.193,   1.170,9999.000,9999.000,9999.000,9999.000,9999.000,9999.000,9999.000
202605181730,   0.199,   1.170,9999.000,9999.000,9999.000,9999.000,9999.000,9999.000,9999.000
202605181736,   0.206,   1.161,9999.000,9999.000,9999.000,9999.000,9999.000,9999.000,9999.000
202605181742,   0.213,   1.161,9999.000,9999.000,9999.000,9999.000,9999.000,9999.000,9999.000
202605181748,   0.220,   1.151,9999.000,9999.000,9999.000,9999.000,9999.000,9999.000,9999.000
202605181754,   0.226,   1.180,9999.000,9999.000,9999.000,9999.000,9999.000,9999.000,9999.000
202605181800,   0.234,   1.190,   0.500,   0.456,   1.190,   0.500,   1.190,   0.500,   1.190
202605181806,   0.241,   1.220,9999.000,9999.000,9999.000,9999.000,9999.000,9999.000,9999.000
202605181812,   0.248,   1.210,9999.000,9999.000,9999.000,9999.000,9999.000,9999.000,9999.000
202605181818,   0.255,   1.220,9999.000,9999.000,9999.000,9999.000,9999.000,9999.000,9999.000
202605181824,   0.263,   1.220,9999.000,9999.000,9999.000,9999.000,9999.000,9999.000,9999.000
202605181830,   0.271,   1.249,9999.000,9999.000,9999.000,9999.000,9999.000,9999.000,9999.000
202605181836,   0.278,   1.259,9999.000,9999.000,9999.000,9999.000,9999.000,9999.000,9999.000
202605181842,   0.286,   1.259,9999.000,9999.000,9999.000,9999.000,9999.000,9999.000,9999.000
202605181848,   0.294,   1.249,9999.000,9999.000,9999.000,9999.000,9999.000,9999.000,9999.000
202605181854,   0.302,   1.239,9999.000,9999.000,9999.000,9999.000,9999.000,9999.000,9999.000
202605181900,   0.310,   1.229,   0.500,   0.419,   1.229,   0.500,   1.229,   0.500,   1.229
202605181906,   0.318,   1.259,9999.000,9999.000,9999.000,9999.000,9999.000,9999.000,9999.000
202605181912,   0.326,   1.269,9999.000,9999.000,9999.000,9999.000,9999.000,9999.000,9999.000
202605181918,   0.334,   1.279,9999.000,9999.000,9999.000,9999.000,9999.000,9999.000,9999.000
202605181924,   0.343,   1.279,9999.000,9999.000,9999.000,9999.000,9999.000,9999.000,9999.000
202605181930,   0.351,   1.289,9999.000,9999.000,9999.000,9999.000,9999.000,9999.000,9999.000
202605181936,   0.359,   1.318,9999.000,9999.000,9999.000,9999.000,9999.000,9999.000,9999.000
202605181942,   0.367,   1.348,9999.000,9999.000,9999.000,9999.000,9999.000,9999.000,9999.000
202605181948,   0.376,   1.361,9999.000,9999.000,9999.000,9999.000,9999.000,9999.000,9999.000
202605181954,   0.384,   1.361,9999.000,9999.000,9999.000,9999.000,9999.000,9999.000,9999.000
202605182000,   0.392,   1.390,   0.500,   0.498,   1.390,   0.500,   1.390,   0.500,   1.390
202605182006,   0.401,   1.430,9999.000,9999.000,9999.000,9999.000,9999.000,9999.000,9999.000
202605182012,   0.409,   1.449,9999.000,9999.000,9999.000,9999.000,9999.000,9999.000,9999.000
202605182018,   0.417,   1.489,9999.000,9999.000,9999.000,9999.000,9999.000,9999.000,9999.000
202605182024,   0.425,   1.508,9999.000,9999.000,9999.000,9999.000,9999.000,9999.000,9999.000
202605182030,   0.433,   1.508,9999.000,9999.000,9999.000,9999.000,9999.000,9999.000,9999.000
202605182036,   0.441,   1.469,9999.000,9999.000,9999.000,9999.000,9999.000,9999.000,9999.000
202605182042,   0.449,   1.420,9999.000,9999.000,9999.000,9999.000,9999.000,9999.000,9999.000
202605182048,   0.457,   1.380,9999.000,9999.000,9999.000,9999.000,9999.000,9999.000,9999.000
202605182054,   0.465,   1.338,9999.000,9999.000,9999.000,9999.000,9999.000,9999.000,9999.000
202605182100,   0.473,   1.318,   0.500,   0.345,   1.318,   0.500,   1.318,   0.500,   1.318
202605182106,   0.480,   1.328,9999.000,9999.000,9999.000,9999.000,9999.000,9999.000,9999.000
202605182112,   0.488,   1.338,9999.000,9999.000,9999.000,9999.000,9999.000,9999.000,9999.000
202605182118,   0.495,   1.338,9999.000,9999.000,9999.000,9999.000,9999.000,9999.000,9999.000
202605182124,   0.503,   1.338,9999.000,9999.000,9999.000,9999.000,9999.000,9999.000,9999.000
202605182130,   0.510,   1.348,9999.000,9999.000,9999.000,9999.000,9999.000,9999.000,9999.000
202605182136,   0.517,   1.390,9999.000,9999.000,9999.000,9999.000,9999.000,9999.000,9999.000
202605182142,   0.524,   1.410,9999.000,9999.000,9999.000,9999.000,9999.000,9999.000,9999.000
202605182148,   0.530,   1.430,9999.000,9999.000,9999.000,9999.000,9999.000,9999.000,9999.000
202605182154,   0.537,   1.449,9999.000,9999.000,9999.000,9999.000,9999.000,9999.000,9999.000
202605182200,   0.544,   1.479,   0.500,   0.435,   1.479,   0.500,   1.479,   0.500,   1.479
202605182206,   0.550,   1.508,9999.000,9999.000,9999.000,9999.000,9999.000,9999.000,9999.000
202605182212,   0.556,   1.528,9999.000,9999.000,9999.000,9999.000,9999.000,9999.000,9999.000
202605182218,   0.562,   1.518,9999.000,9999.000,9999.000,9999.000,9999.000,9999.000,9999.000
202605182224,   0.568,   1.498,9999.000,9999.000,9999.000,9999.000,9999.000,9999.000,9999.000
202605182230,   0.574,   1.479,9999.000,9999.000,9999.000,9999.000,9999.000,9999.000,9999.000
202605182236,   0.580,   1.498,9999.000,9999.000,9999.000,9999.000,9999.000,9999.000,9999.000
202605182242,   0.585,   1.528,9999.000,9999.000,9999.000,9999.000,9999.000,9999.000,9999.000
202605182248,   0.590,   1.557,9999.000,9999.000,9999.000,9999.000,9999.000,9999.000,9999.000
202605182254,   0.595,   1.548,9999.000,9999.000,9999.000,9999.000,9999.000,9999.000,9999.000
202605182300,   0.600,   1.548,   0.500,   0.448,   1.548,   0.500,   1.548,   0.500,   1.548
202605182306,   0.605,   1.557,9999.000,9999.000,9999.000,9999.000,9999.000,9999.000,9999.000
202605182312,   0.610,   1.571,9999.000,9999.000,9999.000,9999.000,9999.000,9999.000,9999.000
202605182318,   0.615,   1.580,9999.000,9999.000,9999.000,9999.000,9999.000,9999.000,9999.000
202605182324,   0.619,   1.590,9999.000,9999.000,9999.000,9999.000,9999.000,9999.000,9999.000
202605182330,   0.623,   1.600,9999.000,9999.000,9999.000,9999.000,9999.000,9999.000,9999.000
202605182336,   0.627,   1.610,9999.000,9999.000,9999.000,9999.000,9999.000,9999.000,9999.000
202605182342,   0.631,   1.610,9999.000,9999.000,9999.000,9999.000,9999.000,9999.000,9999.000
202605182348,   0.635,   1.620,9999.000,9999.000,9999.000,9999.000,9999.000,9999.000,9999.000
202605182354,   0.638,   1.620,9999.000,9999.000,9999.000,9999.000,9999.000,9999.000,9999.000
202605190000,   0.642,   1.620,   0.500,   0.478,   1.620,   0.500,   1.620,   0.500,   1.620
202605190006,   0.645,9999.000,9999.000,9999.000,9999.000,9999.000,9999.000,9999.000,9999.000
202605190012,   0.648,9999.000,9999.000,9999.000,9999.000,9999.000,9999.000,9999.000,9999.000
202605190018,   0.651,9999.000,9999.000,9999.000,9999.000,9999.000,9999.000,9999.000,9999.000
202605190024,   0.654,9999.000,9999.000,9999.000,9999.000,9999.000,9999.000,9999.000,9999.000
202605190030,   0.656,9999.000,9999.000,9999.000,9999.000,9999.000,9999.000,9999.000,9999.000
202605190036,   0.659,9999.000,9999.000,9999.000,9999.000,9999.000,9999.000,9999.000,9999.000
202605190042,   0.661,9999.000,9999.000,9999.000,9999.000,9999.000,9999.000,9999.000,9999.000
202605190048,   0.663,9999.000,9999.000,9999.000,9999.000,9999.000,9999.000,9999.000,9999.000
202605190054,   0.665,9999.000,9999.000,9999.000,9999.000,9999.000,9999.000,9999.000,9999.000
202605190100,   0.667,9999.000,   0.500,   0.460,   1.627,   0.500,   1.627,   0.500,   1.627
202605190106,   0.668,9999.000,9999.000,9999.000,9999.000,9999.000,9999.000,9999.000,9999.000
202605190112,   0.669,9999.000,9999.000,9999.000,9999.000,9999.000,9999.000,9999.000,9999.000
202605190118,   0.671,9999.000,9999.000,9999.000,9999.000,9999.000,9999.000,9999.000,9999.000
202605190124,   0.671,9999.000,9999.000,9999.000,9999.000,9999.000,9999.000,9999.000,9999.000
202605190130,   0.672,9999.000,9999.000,9999.000,9999.000,9999.000,9999.000,9999.000,9999.000
202605190136,   0.673,9999.000,9999.000,9999.000,9999.000,9999.000,9999.000,9999.000,9999.000
202605190142,   0.673,9999.000,9999.000,9999.000,9999.000,9999.000,9999.000,9999.000,9999.000
202605190148,   0.673,9999.000,9999.000,9999.000,9999.000,9999.000,9999.000,9999.000,9999.000
202605190154,   0.673,9999.000,9999.000,9999.000,9999.000,9999.000,9999.000,9999.000,9999.000
202605190200,   0.672,9999.000,   0.500,   0.441,   1.613,   0.500,   1.613,   0.600,   1.713
202605190206,   0.672,9999.000,9999.000,9999.000,9999.000,9999.000,9999.000,9999.000,9999.000
202605190212,   0.671,9999.000,9999.000,9999.000,9999.000,9999.000,9999.000,9999.000,9999.000
202605190218,   0.670,9999.000,9999.000,9999.000,9999.000,9999.000,9999.000,9999.000,9999.000
202605190224,   0.669,9999.000,9999.000,9999.000,9999.000,9999.000,9999.000,9999.000,9999.000
202605190230,   0.667,9999.000,9999.000,9999.000,9999.000,9999.000,9999.000,9999.000,9999.000
202605190236,   0.666,9999.000,9999.000,9999.000,9999.000,9999.000,9999.000,9999.000,9999.000
202605190242,   0.664,9999.000,9999.000,9999.000,9999.000,9999.000,9999.000,9999.000,9999.000
202605190248,   0.661,9999.000,9999.000,9999.000,9999.000,9999.000,9999.000,9999.000,9999.000
202605190254,   0.659,9999.000,9999.000,9999.000,9999.000,9999.000,9999.000,9999.000,9999.000
202605190300,   0.656,9999.000,   0.600,   0.423,   1.679,   0.500,   1.579,   0.600,   1.679
202605190306,   0.653,9999.000,9999.000,9999.000,9999.000,9999.000,9999.000,9999.000,9999.000
202605190312,   0.650,9999.000,9999.000,9999.000,9999.000,9999.000,9999.000,9999.000,9999.000
202605190318,   0.647,9999.000,9999.000,9999.000,9999.000,9999.000,9999.000,9999.000,9999.000
202605190324,   0.643,9999.000,9999.000,9999.000,9999.000,9999.000,9999.000,9999.000,9999.000
202605190330,   0.640,9999.000,9999.000,9999.000,9999.000,9999.000,9999.000,9999.000,9999.000
202605190336,   0.636,9999.000,9999.000,9999.000,9999.000,9999.000,9999.000,9999.000,9999.000
202605190342,   0.631,9999.000,9999.000,9999.000,9999.000,9999.000,9999.000,9999.000,9999.000
202605190348,   0.627,9999.000,9999.000,9999.000,9999.000,9999.000,9999.000,9999.000,9999.000
202605190354,   0.623,9999.000,9999.000,9999.000,9999.000,9999.000,9999.000,9999.000,9999.000
202605190400,   0.618,9999.000,   0.600,   0.404,   1.622,   0.500,   1.522,   0.600,   1.622
202605190406,   0.613,9999.000,9999.000,9999.000,9999.000,9999.000,9999.000,9999.000,9999.000
202605190412,   0.608,9999.000,9999.000,9999.000,9999.000,9999.000,9999.000,9999.000,9999.000
202605190418,   0.602,9999.000,9999.000,9999.000,9999.000,9999.000,9999.000,9999.000,9999.000
202605190424,   0.597,9999.000,9999.000,9999.000,9999.000,9999.000,9999.000,9999.000,9999.000
202605190430,   0.591,9999.000,9999.000,9999.000,9999.000,9999.000,9999.000,9999.000,9999.000
202605190436,   0.585,9999.000,9999.000,9999.000,9999.000,9999.000,9999.000,9999.000,9999.000
202605190442,   0.579,9999.000,9999.000,9999.000,9999.000,9999.000,9999.000,9999.000,9999.000
202605190448,   0.573,9999.000,9999.000,9999.000,9999.000,9999.000,9999.000,9999.000,9999.000
202605190454,   0.567,9999.000,9999.000,9999.000,9999.000,9999.000,9999.000,9999.000,9999.000
202605190500,   0.561,9999.000,   0.600,   0.386,   1.547,   0.500,   1.447,   0.600,   1.547
202605190506,   0.554,9999.000,9999.000,9999.000,9999.000,9999.000,9999.000,9999.000,9999.000
202605190512,   0.548,9999.000,9999.000,9999.000,9999.000,9999.000,9999.000,9999.000,9999.000
202605190518,   0.541,9999.000,9999.000,9999.000,9999.000,9999.000,9999.000,9999.000,9999.000
202605190524,   0.535,9999.000,9999.000,9999.000,9999.000,9999.000,9999.000,9999.000,9999.000
202605190530,   0.528,9999.000,9999.000,9999.000,9999.000,9999.000,9999.000,9999.000,9999.000
202605190536,   0.521,9999.000,9999.000,9999.000,9999.000,9999.000,9999.000,9999.000,9999.000
202605190542,   0.514,9999.000,9999.000,9999.000,9999.000,9999.000,9999.000,9999.000,9999.000
202605190548,   0.508,9999.000,9999.000,9999.000,9999.000,9999.000,9999.000,9999.000,9999.000
202605190554,   0.501,9999.000,9999.000,9999.000,9999.000,9999.000,9999.000,9999.000,9999.000
202605190600,   0.494,9999.000,   0.600,   0.367,   1.461,   0.600,   1.461,   0.600,   1.461
202605190606,   0.487,9999.000,9999.000,9999.000,9999.000,9999.000,9999.000,9999.000,9999.000
202605190612,   0.480,9999.000,9999.000,9999.000,9999.000,9999.000,9999.000,9999.000,9999.000
202605190618,   0.473,9999.000,9999.000,9999.000,9999.000,9999.000,9999.000,9999.000,9999.000
202605190624,   0.466,9999.000,9999.000,9999.000,9999.000,9999.000,9999.000,9999.000,9999.000
202605190630,   0.459,9999.000,9999.000,9999.000,9999.000,9999.000,9999.000,9999.000,9999.000
202605190636,   0.452,9999.000,9999.000,9999.000,9999.000,9999.000,9999.000,9999.000,9999.000
202605190642,   0.445,9999.000,9999.000,9999.000,9999.000,9999.000,9999.000,9999.000,9999.000
202605190648,   0.438,9999.000,9999.000,9999.000,9999.000,9999.000,9999.000,9999.000,9999.000
202605190654,   0.431,9999.000,9999.000,9999.000,9999.000,9999.000,9999.000,9999.000,9999.000
202605190700,   0.424,9999.000,   0.600,   0.349,   1.373,   0.600,   1.373,   0.600,   1.373
202605190706,   0.417,9999.000,9999.000,9999.000,9999.000,9999.000,9999.000,9999.000,9999.000
202605190712,   0.410,9999.000,9999.000,9999.000,9999.000,9999.000,9999.000,9999.000,9999.000
202605190718,   0.403,9999.000,9999.000,9999.000,9999.000,9999.000,9999.000,9999.000,9999.000
202605190724,   0.397,9999.000,9999.000,9999.000,9999.000,9999.000,9999.000,9999.000,9999.000
202605190730,   0.390,9999.000,9999.000,9999.000,9999.000,9999.000,9999.000,9999.000,9999.000
202605190736,   0.383,9999.000,9999.000,9999.000,9999.000,9999.000,9999.000,9999.000,9999.000
202605190742,   0.376,9999.000,9999.000,9999.000,9999.000,9999.000,9999.000,9999.000,9999.000
202605190748,   0.369,9999.000,9999.000,9999.000,9999.000,9999.000,9999.000,9999.000,9999.000
202605190754,   0.363,9999.000,9999.000,9999.000,9999.000,9999.000,9999.000,9999.000,9999.000
202605190800,   0.356,9999.000,   0.600,   0.330,   1.286,   0.600,   1.286,   0.600,   1.286
202605190806,   0.349,9999.000,9999.000,9999.000,9999.000,9999.000,9999.000,9999.000,9999.000
202605190812,   0.343,9999.000,9999.000,9999.000,9999.000,9999.000,9999.000,9999.000,9999.000
202605190818,   0.336,9999.000,9999.000,9999.000,9999.000,9999.000,9999.000,9999.000,9999.000
202605190824,   0.329,9999.000,9999.000,9999.000,9999.000,9999.000,9999.000,9999.000,9999.000
202605190830,   0.323,9999.000,9999.000,9999.000,9999.000,9999.000,9999.000,9999.000,9999.000
202605190836,   0.316,9999.000,9999.000,9999.000,9999.000,9999.000,9999.000,9999.000,9999.000
202605190842,   0.310,9999.000,9999.000,9999.000,9999.000,9999.000,9999.000,9999.000,9999.000
202605190848,   0.303,9999.000,9999.000,9999.000,9999.000,9999.000,9999.000,9999.000,9999.000
202605190854,   0.297,9999.000,9999.000,9999.000,9999.000,9999.000,9999.000,9999.000,9999.000
202605190900,   0.290,9999.000,   0.600,   0.312,   1.202,   0.600,   1.202,   0.600,   1.202
202605190906,   0.284,9999.000,9999.000,9999.000,9999.000,9999.000,9999.000,9999.000,9999.000
202605190912,   0.277,9999.000,9999.000,9999.000,9999.000,9999.000,9999.000,9999.000,9999.000
202605190918,   0.271,9999.000,9999.000,9999.000,9999.000,9999.000,9999.000,9999.000,9999.000
202605190924,   0.264,9999.000,9999.000,9999.000,9999.000,9999.000,9999.000,9999.000,9999.000
202605190930,   0.258,9999.000,9999.000,9999.000,9999.000,9999.000,9999.000,9999.000,9999.000
202605190936,   0.251,9999.000,9999.000,9999.000,9999.000,9999.000,9999.000,9999.000,9999.000
202605190942,   0.245,9999.000,9999.000,9999.000,9999.000,9999.000,9999.000,9999.000,9999.000
202605190948,   0.238,9999.000,9999.000,9999.000,9999.000,9999.000,9999.000,9999.000,9999.000
202605190954,   0.232,9999.000,9999.000,9999.000,9999.000,9999.000,9999.000,9999.000,9999.000
202605191000,   0.226,9999.000,   0.600,   0.293,   1.119,   0.600,   1.119,   0.600,   1.119
202605191006,   0.219,9999.000,9999.000,9999.000,9999.000,9999.000,9999.000,9999.000,9999.000
202605191012,   0.213,9999.000,9999.000,9999.000,9999.000,9999.000,9999.000,9999.000,9999.000
202605191018,   0.207,9999.000,9999.000,9999.000,9999.000,9999.000,9999.000,9999.000,9999.000
202605191024,   0.201,9999.000,9999.000,9999.000,9999.000,9999.000,9999.000,9999.000,9999.000
202605191030,   0.195,9999.000,9999.000,9999.000,9999.000,9999.000,9999.000,9999.000,9999.000
202605191036,   0.188,9999.000,9999.000,9999.000,9999.000,9999.000,9999.000,9999.000,9999.000
202605191042,   0.182,9999.000,9999.000,9999.000,9999.000,9999.000,9999.000,9999.000,9999.000
202605191048,   0.176,9999.000,9999.000,9999.000,9999.000,9999.000,9999.000,9999.000,9999.000
202605191054,   0.171,9999.000,9999.000,9999.000,9999.000,9999.000,9999.000,9999.000,9999.000
202605191100,   0.165,9999.000,   0.600,   0.275,   1.040,   0.600,   1.040,   0.600,   1.040
202605191106,   0.159,9999.000,9999.000,9999.000,9999.000,9999.000,9999.000,9999.000,9999.000
202605191112,   0.153,9999.000,9999.000,9999.000,9999.000,9999.000,9999.000,9999.000,9999.000
202605191118,   0.148,9999.000,9999.000,9999.000,9999.000,9999.000,9999.000,9999.000,9999.000
202605191124,   0.142,9999.000,9999.000,9999.000,9999.000,9999.000,9999.000,9999.000,9999.000
202605191130,   0.137,9999.000,9999.000,9999.000,9999.000,9999.000,9999.000,9999.000,9999.000
202605191136,   0.132,9999.000,9999.000,9999.000,9999.000,9999.000,9999.000,9999.000,9999.000
202605191142,   0.127,9999.000,9999.000,9999.000,9999.000,9999.000,9999.000,9999.000,9999.000
202605191148,   0.122,9999.000,9999.000,9999.000,9999.000,9999.000,9999.000,9999.000,9999.000
202605191154,   0.117,9999.000,9999.000,9999.000,9999.000,9999.000,9999.000,9999.000,9999.000
202605191200,   0.112,9999.000,   0.600,   0.256,   0.968,   0.600,   0.968,   0.600,   0.968
202605191206,   0.108,9999.000,9999.000,9999.000,9999.000,9999.000,9999.000,9999.000,9999.000
202605191212,   0.103,9999.000,9999.000,9999.000,9999.000,9999.000,9999.000,9999.000,9999.000
202605191218,   0.099,9999.000,9999.000,9999.000,9999.000,9999.000,9999.000,9999.000,9999.000
202605191224,   0.095,9999.000,9999.000,9999.000,9999.000,9999.000,9999.000,9999.000,9999.000
202605191230,   0.091,9999.000,9999.000,9999.000,9999.000,9999.000,9999.000,9999.000,9999.000
202605191236,   0.088,9999.000,9999.000,9999.000,9999.000,9999.000,9999.000,9999.000,9999.000
202605191242,   0.084,9999.000,9999.000,9999.000,9999.000,9999.000,9999.000,9999.000,9999.000
202605191248,   0.081,9999.000,9999.000,9999.000,9999.000,9999.000,9999.000,9999.000,9999.000
202605191254,   0.077,9999.000,9999.000,9999.000,9999.000,9999.000,9999.000,9999.000,9999.000
202605191300,   0.074,9999.000,   0.600,   0.256,   0.930,   0.600,   0.930,   0.600,   0.930
202605191306,   0.072,9999.000,9999.000,9999.000,9999.000,9999.000,9999.000,9999.000,9999.000
202605191312,   0.069,9999.000,9999.000,9999.000,9999.000,9999.000,9999.000,9999.000,9999.000
202605191318,   0.067,9999.000,9999.000,9999.000,9999.000,9999.000,9999.000,9999.000,9999.000
202605191324,   0.064,9999.000,9999.000,9999.000,9999.000,9999.000,9999.000,9999.000,9999.000
202605191330,   0.062,9999.000,9999.000,9999.000,9999.000,9999.000,9999.000,9999.000,9999.000
202605191336,   0.060,9999.000,9999.000,9999.000,9999.000,9999.000,9999.000,9999.000,9999.000
202605191342,   0.059,9999.000,9999.000,9999.000,9999.000,9999.000,9999.000,9999.000,9999.000
202605191348,   0.057,9999.000,9999.000,9999.000,9999.000,9999.000,9999.000,9999.000,9999.000
202605191354,   0.056,9999.000,9999.000,9999.000,9999.000,9999.000,9999.000,9999.000,9999.000
202605191400,   0.055,9999.000,   0.600,   0.256,   0.911,   0.600,   0.911,   0.600,   0.911
202605191406,   0.054,9999.000,9999.000,9999.000,9999.000,9999.000,9999.000,9999.000,9999.000
202605191412,   0.053,9999.000,9999.000,9999.000,9999.000,9999.000,9999.000,9999.000,9999.000
202605191418,   0.052,9999.000,9999.000,9999.000,9999.000,9999.000,9999.000,9999.000,9999.000
202605191424,   0.052,9999.000,9999.000,9999.000,9999.000,9999.000,9999.000,9999.000,9999.000
202605191430,   0.052,9999.000,9999.000,9999.000,9999.000,9999.000,9999.000,9999.000,9999.000
202605191436,   0.052,9999.000,9999.000,9999.000,9999.000,9999.000,9999.000,9999.000,9999.000
202605191442,   0.052,9999.000,9999.000,9999.000,9999.000,9999.000,9999.000,9999.000,9999.000
202605191448,   0.052,9999.000,9999.000,9999.000,9999.000,9999.000,9999.000,9999.000,9999.000
202605191454,   0.053,9999.000,9999.000,9999.000,9999.000,9999.000,9999.000,9999.000,9999.000
202605191500,   0.054,9999.000,   0.600,   0.256,   0.910,   0.600,   0.910,   0.600,   0.910
202605191506,   0.055,9999.000,9999.000,9999.000,9999.000,9999.000,9999.000,9999.000,9999.000
202605191512,   0.056,9999.000,9999.000,9999.000,9999.000,9999.000,9999.000,9999.000,9999.000
202605191518,   0.057,9999.000,9999.000,9999.000,9999.000,9999.000,9999.000,9999.000,9999.000
202605191524,   0.058,9999.000,9999.000,9999.000,9999.000,9999.000,9999.000,9999.000,9999.000
202605191530,   0.060,9999.000,9999.000,9999.000,9999.000,9999.000,9999.000,9999.000,9999.000
202605191536,   0.062,9999.000,9999.000,9999.000,9999.000,9999.000,9999.000,9999.000,9999.000
202605191542,   0.064,9999.000,9999.000,9999.000,9999.000,9999.000,9999.000,9999.000,9999.000
202605191548,   0.066,9999.000,9999.000,9999.000,9999.000,9999.000,9999.000,9999.000,9999.000
202605191554,   0.068,9999.000,9999.000,9999.000,9999.000,9999.000,9999.000,9999.000,9999.000
202605191600,   0.071,9999.000,   0.600,   0.256,   0.927,   0.600,   0.927,   0.600,   0.927
202605191606,   0.073,9999.000,9999.000,9999.000,9999.000,9999.000,9999.000,9999.000,9999.000
202605191612,   0.076,9999.000,9999.000,9999.000,9999.000,9999.000,9999.000,9999.000,9999.000
202605191618,   0.079,9999.000,9999.000,9999.000,9999.000,9999.000,9999.000,9999.000,9999.000
202605191624,   0.082,9999.000,9999.000,9999.000,9999.000,9999.000,9999.000,9999.000,9999.000
202605191630,   0.086,9999.000,9999.000,9999.000,9999.000,9999.000,9999.000,9999.000,9999.000
202605191636,   0.089,9999.000,9999.000,9999.000,9999.000,9999.000,9999.000,9999.000,9999.000
202605191642,   0.093,9999.000,9999.000,9999.000,9999.000,9999.000,9999.000,9999.000,9999.000
202605191648,   0.097,9999.000,9999.000,9999.000,9999.000,9999.000,9999.000,9999.000,9999.000
202605191654,   0.101,9999.000,9999.000,9999.000,9999.000,9999.000,9999.000,9999.000,9999.000
202605191700,   0.105,9999.000,   0.600,   0.256,   0.961,   0.600,   0.961,   0.600,   0.961
202605191706,   0.110,9999.000,9999.000,9999.000,9999.000,9999.000,9999.000,9999.000,9999.000
202605191712,   0.115,9999.000,9999.000,9999.000,9999.000,9999.000,9999.000,9999.000,9999.000
202605191718,   0.119,9999.000,9999.000,9999.000,9999.000,9999.000,9999.000,9999.000,9999.000
202605191724,   0.124,9999.000,9999.000,9999.000,9999.000,9999.000,9999.000,9999.000,9999.000
202605191730,   0.129,9999.000,9999.000,9999.000,9999.000,9999.000,9999.000,9999.000,9999.000
202605191736,   0.135,9999.000,9999.000,9999.000,9999.000,9999.000,9999.000,9999.000,9999.000
202605191742,   0.140,9999.000,9999.000,9999.000,9999.000,9999.000,9999.000,9999.000,9999.000
202605191748,   0.146,9999.000,9999.000,9999.000,9999.000,9999.000,9999.000,9999.000,9999.000
202605191754,   0.152,9999.000,9999.000,9999.000,9999.000,9999.000,9999.000,9999.000,9999.000
202605191800,   0.158,9999.000,   0.600,   0.256,   1.014,   0.600,   1.014,   0.600,   1.014
202605191806,   0.164,9999.000,9999.000,9999.000,9999.000,9999.000,9999.000,9999.000,9999.000
202605191812,   0.170,9999.000,9999.000,9999.000,9999.000,9999.000,9999.000,9999.000,9999.000
202605191818,   0.177,9999.000,9999.000,9999.000,9999.000,9999.000,9999.000,9999.000,9999.000
202605191824,   0.183,9999.000,9999.000,9999.000,9999.000,9999.000,9999.000,9999.000,9999.000
202605191830,   0.190,9999.000,9999.000,9999.000,9999.000,9999.000,9999.000,9999.000,9999.000
202605191836,   0.197,9999.000,9999.000,9999.000,9999.000,9999.000,9999.000,9999.000,9999.000
202605191842,   0.204,9999.000,9999.000,9999.000,9999.000,9999.000,9999.000,9999.000,9999.000
202605191848,   0.211,9999.000,9999.000,9999.000,9999.000,9999.000,9999.000,9999.000,9999.000
202605191854,   0.218,9999.000,9999.000,9999.000,9999.000,9999.000,9999.000,9999.000,9999.000
202605191900,   0.225,9999.000,   0.600,   0.256,   1.081,   0.600,   1.081,   0.600,   1.081
202605191906,   0.233,9999.000,9999.000,9999.000,9999.000,9999.000,9999.000,9999.000,9999.000
202605191912,   0.240,9999.000,9999.000,9999.000,9999.000,9999.000,9999.000,9999.000,9999.000
202605191918,   0.248,9999.000,9999.000,9999.000,9999.000,9999.000,9999.000,9999.000,9999.000
202605191924,   0.256,9999.000,9999.000,9999.000,9999.000,9999.000,9999.000,9999.000,9999.000
202605191930,   0.264,9999.000,9999.000,9999.000,9999.000,9999.000,9999.000,9999.000,9999.000
202605191936,   0.271,9999.000,9999.000,9999.000,9999.000,9999.000,9999.000,9999.000,9999.000
202605191942,   0.279,9999.000,9999.000,9999.000,9999.000,9999.000,9999.000,9999.000,9999.000
202605191948,   0.287,9999.000,9999.000,9999.000,9999.000,9999.000,9999.000,9999.000,9999.000
202605191954,   0.295,9999.000,9999.000,9999.000,9999.000,9999.000,9999.000,9999.000,9999.000
202605192000,   0.303,9999.000,   0.600,   0.256,   1.159,   0.600,   1.159,   0.600,   1.159
202605192006,   0.311,9999.000,9999.000,9999.000,9999.000,9999.000,9999.000,9999.000,9999.000
202605192012,   0.319,9999.000,9999.000,9999.000,9999.000,9999.000,9999.000,9999.000,9999.000
202605192018,   0.327,9999.000,9999.000,9999.000,9999.000,9999.000,9999.000,9999.000,9999.000
202605192024,   0.335,9999.000,9999.000,9999.000,9999.000,9999.000,9999.000,9999.000,9999.000
202605192030,   0.343,9999.000,9999.000,9999.000,9999.000,9999.000,9999.000,9999.000,9999.000
202605192036,   0.351,9999.000,9999.000,9999.000,9999.000,9999.000,9999.000,9999.000,9999.000
202605192042,   0.359,9999.000,9999.000,9999.000,9999.000,9999.000,9999.000,9999.000,9999.000
202605192048,   0.367,9999.000,9999.000,9999.000,9999.000,9999.000,9999.000,9999.000,9999.000
202605192054,   0.375,9999.000,9999.000,9999.000,9999.000,9999.000,9999.000,9999.000,9999.000
202605192100,   0.383,9999.000,   0.600,   0.256,   1.239,   0.600,   1.239,   0.600,   1.239
202605192106,   0.391,9999.000,9999.000,9999.000,9999.000,9999.000,9999.000,9999.000,9999.000
202605192112,   0.398,9999.000,9999.000,9999.000,9999.000,9999.000,9999.000,9999.000,9999.000
202605192118,   0.406,9999.000,9999.000,9999.000,9999.000,9999.000,9999.000,9999.000,9999.000
202605192124,   0.414,9999.000,9999.000,9999.000,9999.000,9999.000,9999.000,9999.000,9999.000
202605192130,   0.421,9999.000,9999.000,9999.000,9999.000,9999.000,9999.000,9999.000,9999.000
202605192136,   0.429,9999.000,9999.000,9999.000,9999.000,9999.000,9999.000,9999.000,9999.000
202605192142,   0.436,9999.000,9999.000,9999.000,9999.000,9999.000,9999.000,9999.000,9999.000
202605192148,   0.443,9999.000,9999.000,9999.000,9999.000,9999.000,9999.000,9999.000,9999.000
202605192154,   0.450,9999.000,9999.000,9999.000,9999.000,9999.000,9999.000,9999.000,9999.000
202605192200,   0.457,9999.000,   0.600,   0.256,   1.313,   0.600,   1.313,   0.600,   1.313
202605192206,   0.464,9999.000,9999.000,9999.000,9999.000,9999.000,9999.000,9999.000,9999.000
202605192212,   0.471,9999.000,9999.000,9999.000,9999.000,9999.000,9999.000,9999.000,9999.000
202605192218,   0.478,9999.000,9999.000,9999.000,9999.000,9999.000,9999.000,9999.000,9999.000
202605192224,   0.485,9999.000,9999.000,9999.000,9999.000,9999.000,9999.000,9999.000,9999.000
202605192230,   0.491,9999.000,9999.000,9999.000,9999.000,9999.000,9999.000,9999.000,9999.000
202605192236,   0.498,9999.000,9999.000,9999.000,9999.000,9999.000,9999.000,9999.000,9999.000
202605192242,   0.504,9999.000,9999.000,9999.000,9999.000,9999.000,9999.000,9999.000,9999.000
202605192248,   0.510,9999.000,9999.000,9999.000,9999.000,9999.000,9999.000,9999.000,9999.000
202605192254,   0.516,9999.000,9999.000,9999.000,9999.000,9999.000,9999.000,9999.000,9999.000
202605192300,   0.522,9999.000,   0.600,   0.256,   1.378,   0.600,   1.378,   0.600,   1.378
202605192306,   0.528,9999.000,9999.000,9999.000,9999.000,9999.000,9999.000,9999.000,9999.000
202605192312,   0.534,9999.000,9999.000,9999.000,9999.000,9999.000,9999.000,9999.000,9999.000
202605192318,   0.540,9999.000,9999.000,9999.000,9999.000,9999.000,9999.000,9999.000,9999.000
202605192324,   0.545,9999.000,9999.000,9999.000,9999.000,9999.000,9999.000,9999.000,9999.000
202605192330,   0.551,9999.000,9999.000,9999.000,9999.000,9999.000,9999.000,9999.000,9999.000
202605192336,   0.556,9999.000,9999.000,9999.000,9999.000,9999.000,9999.000,9999.000,9999.000
202605192342,   0.562,9999.000,9999.000,9999.000,9999.000,9999.000,9999.000,9999.000,9999.000
202605192348,   0.567,9999.000,9999.000,9999.000,9999.000,9999.000,9999.000,9999.000,9999.000
202605192354,   0.572,9999.000,9999.000,9999.000,9999.000,9999.000,9999.000,9999.000,9999.000
202605200000,   0.577,9999.000,   0.600,   0.256,   1.433,   0.600,   1.433,   0.600,   1.433
202605200006,   0.582,9999.000,9999.000,9999.000,9999.000,9999.000,9999.000,9999.000,9999.000
202605200012,   0.586,9999.000,9999.000,9999.000,9999.000,9999.000,9999.000,9999.000,9999.000
202605200018,   0.591,9999.000,9999.000,9999.000,9999.000,9999.000,9999.000,9999.000,9999.000
202605200024,   0.595,9999.000,9999.000,9999.000,9999.000,9999.000,9999.000,9999.000,9999.000
202605200030,   0.600,9999.000,9999.000,9999.000,9999.000,9999.000,9999.000,9999.000,9999.000
202605200036,   0.604,9999.000,9999.000,9999.000,9999.000,9999.000,9999.000,9999.000,9999.000
202605200042,   0.608,9999.000,9999.000,9999.000,9999.000,9999.000,9999.000,9999.000,9999.000
202605200048,   0.612,9999.000,9999.000,9999.000,9999.000,9999.000,9999.000,9999.000,9999.000
202605200054,   0.616,9999.000,9999.000,9999.000,9999.000,9999.000,9999.000,9999.000,9999.000
202605200100,   0.620,9999.000,   0.600,   0.256,   1.476,   0.600,   1.476,   0.600,   1.476
202605200106,   0.623,9999.000,9999.000,9999.000,9999.000,9999.000,9999.000,9999.000,9999.000
202605200112,   0.627,9999.000,9999.000,9999.000,9999.000,9999.000,9999.000,9999.000,9999.000
202605200118,   0.630,9999.000,9999.000,9999.000,9999.000,9999.000,9999.000,9999.000,9999.000
202605200124,   0.633,9999.000,9999.000,9999.000,9999.000,9999.000,9999.000,9999.000,9999.000
202605200130,   0.636,9999.000,9999.000,9999.000,9999.000,9999.000,9999.000,9999.000,9999.000
202605200136,   0.638,9999.000,9999.000,9999.000,9999.000,9999.000,9999.000,9999.000,9999.000
202605200142,   0.641,9999.000,9999.000,9999.000,9999.000,9999.000,9999.000,9999.000,9999.000
202605200148,   0.643,9999.000,9999.000,9999.000,9999.000,9999.000,9999.000,9999.000,9999.000
202605200154,   0.646,9999.000,9999.000,9999.000,9999.000,9999.000,9999.000,9999.000,9999.000
202605200200,   0.648,9999.000,   0.600,   0.256,   1.504,   0.600,   1.504,   0.600,   1.504
202605200206,   0.649,9999.000,9999.000,9999.000,9999.000,9999.000,9999.000,9999.000,9999.000
202605200212,   0.651,9999.000,9999.000,9999.000,9999.000,9999.000,9999.000,9999.000,9999.000
202605200218,   0.652,9999.000,9999.000,9999.000,9999.000,9999.000,9999.000,9999.000,9999.000
202605200224,   0.654,9999.000,9999.000,9999.000,9999.000,9999.000,9999.000,9999.000,9999.000
202605200230,   0.655,9999.000,9999.000,9999.000,9999.000,9999.000,9999.000,9999.000,9999.000
202605200236,   0.655,9999.000,9999.000,9999.000,9999.000,9999.000,9999.000,9999.000,9999.000
202605200242,   0.656,9999.000,9999.000,9999.000,9999.000,9999.000,9999.000,9999.000,9999.000
202605200248,   0.656,9999.000,9999.000,9999.000,9999.000,9999.000,9999.000,9999.000,9999.000
202605200254,   0.656,9999.000,9999.000,9999.000,9999.000,9999.000,9999.000,9999.000,9999.000
202605200300,   0.656,9999.000,   0.600,   0.256,   1.512,   0.600,   1.512,   0.600,   1.512
202605200306,   0.656,9999.000,9999.000,9999.000,9999.000,9999.000,9999.000,9999.000,9999.000
202605200312,   0.655,9999.000,9999.000,9999.000,9999.000,9999.000,9999.000,9999.000,9999.000
202605200318,   0.654,9999.000,9999.000,9999.000,9999.000,9999.000,9999.000,9999.000,9999.000
202605200324,   0.653,9999.000,9999.000,9999.000,9999.000,9999.000,9999.000,9999.000,9999.000
202605200330,   0.652,9999.000,9999.000,9999.000,9999.000,9999.000,9999.000,9999.000,9999.000
202605200336,   0.651,9999.000,9999.000,9999.000,9999.000,9999.000,9999.000,9999.000,9999.000
202605200342,   0.649,9999.000,9999.000,9999.000,9999.000,9999.000,9999.000,9999.000,9999.000
202605200348,   0.647,9999.000,9999.000,9999.000,9999.000,9999.000,9999.000,9999.000,9999.000
202605200354,   0.645,9999.000,9999.000,9999.000,9999.000,9999.000,9999.000,9999.000,9999.000
202605200400,   0.643,9999.000,   0.600,   0.256,   1.499,   0.600,   1.499,   0.600,   1.499
202605200406,   0.640,9999.000,9999.000,9999.000,9999.000,9999.000,9999.000,9999.000,9999.000
202605200412,   0.637,9999.000,9999.000,9999.000,9999.000,9999.000,9999.000,9999.000,9999.000
202605200418,   0.634,9999.000,9999.000,9999.000,9999.000,9999.000,9999.000,9999.000,9999.000
202605200424,   0.631,9999.000,9999.000,9999.000,9999.000,9999.000,9999.000,9999.000,9999.000
202605200430,   0.628,9999.000,9999.000,9999.000,9999.000,9999.000,9999.000,9999.000,9999.000
202605200436,   0.624,9999.000,9999.000,9999.000,9999.000,9999.000,9999.000,9999.000,9999.000
202605200442,   0.621,9999.000,9999.000,9999.000,9999.000,9999.000,9999.000,9999.000,9999.000
202605200448,   0.617,9999.000,9999.000,9999.000,9999.000,9999.000,9999.000,9999.000,9999.000
202605200454,   0.613,9999.000,9999.000,9999.000,9999.000,9999.000,9999.000,9999.000,9999.000
202605200500,   0.609,9999.000,   0.600,   0.256,   1.465,   0.600,   1.465,   0.600,   1.465
202605200506,   0.604,9999.000,9999.000,9999.000,9999.000,9999.000,9999.000,9999.000,9999.000
202605200512,   0.600,9999.000,9999.000,9999.000,9999.000,9999.000,9999.000,9999.000,9999.000
202605200518,   0.596,9999.000,9999.000,9999.000,9999.000,9999.000,9999.000,9999.000,9999.000
202605200524,   0.591,9999.000,9999.000,9999.000,9999.000,9999.000,9999.000,9999.000,9999.000
202605200530,   0.586,9999.000,9999.000,9999.000,9999.000,9999.000,9999.000,9999.000,9999.000
202605200536,   0.581,9999.000,9999.000,9999.000,9999.000,9999.000,9999.000,9999.000,9999.000
202605200542,   0.576,9999.000,9999.000,9999.000,9999.000,9999.000,9999.000,9999.000,9999.000
202605200548,   0.571,9999.000,9999.000,9999.000,9999.000,9999.000,9999.000,9999.000,9999.000
202605200554,   0.566,9999.000,9999.000,9999.000,9999.000,9999.000,9999.000,9999.000,9999.000
202605200600,   0.561,9999.000,   0.600,   0.256,   1.417,   0.600,   1.417,   0.600,   1.417
202605200606,   0.555,9999.000,9999.000,9999.000,9999.000,9999.000,9999.000,9999.000,9999.000
202605200612,   0.550,9999.000,9999.000,9999.000,9999.000,9999.000,9999.000,9999.000,9999.000
202605200618,   0.544,9999.000,9999.000,9999.000,9999.000,9999.000,9999.000,9999.000,9999.000
202605200624,   0.539,9999.000,9999.000,9999.000,9999.000,9999.000,9999.000,9999.000,9999.000
202605200630,   0.533,9999.000,9999.000,9999.000,9999.000,9999.000,9999.000,9999.000,9999.000
202605200636,   0.528,9999.000,9999.000,9999.000,9999.000,9999.000,9999.000,9999.000,9999.000
202605200642,   0.522,9999.000,9999.000,9999.000,9999.000,9999.000,9999.000,9999.000,9999.000
202605200648,   0.516,9999.000,9999.000,9999.000,9999.000,9999.000,9999.000,9999.000,9999.000
202605200654,   0.510,9999.000,9999.000,9999.000,9999.000,9999.000,9999.000,9999.000,9999.000
202605200700,   0.505,9999.000,   0.600,   0.256,   1.361,   0.600,   1.361,   0.600,   1.361
202605200706,   0.499,9999.000,9999.000,9999.000,9999.000,9999.000,9999.000,9999.000,9999.000
202605200712,   0.493,9999.000,9999.000,9999.000,9999.000,9999.000,9999.000,9999.000,9999.000
202605200718,   0.487,9999.000,9999.000,9999.000,9999.000,9999.000,9999.000,9999.000,9999.000
202605200724,   0.481,9999.000,9999.000,9999.000,9999.000,9999.000,9999.000,9999.000,9999.000
202605200730,   0.475,9999.000,9999.000,9999.000,9999.000,9999.000,9999.000,9999.000,9999.000
202605200736,   0.469,9999.000,9999.000,9999.000,9999.000,9999.000,9999.000,9999.000,9999.000
202605200742,   0.463,9999.000,9999.000,9999.000,9999.000,9999.000,9999.000,9999.000,9999.000
202605200748,   0.457,9999.000,9999.000,9999.000,9999.000,9999.000,9999.000,9999.000,9999.000
202605200754,   0.450,9999.000,9999.000,9999.000,9999.000,9999.000,9999.000,9999.000,9999.000
202605200800,   0.444,9999.000,   0.600,   0.256,   1.300,   0.600,   1.300,   0.700,   1.400
202605200806,   0.438,9999.000,9999.000,9999.000,9999.000,9999.000,9999.000,9999.000,9999.000
202605200812,   0.432,9999.000,9999.000,9999.000,9999.000,9999.000,9999.000,9999.000,9999.000
202605200818,   0.425,9999.000,9999.000,9999.000,9999.000,9999.000,9999.000,9999.000,9999.000
202605200824,   0.419,9999.000,9999.000,9999.000,9999.000,9999.000,9999.000,9999.000,9999.000
202605200830,   0.413,9999.000,9999.000,9999.000,9999.000,9999.000,9999.000,9999.000,9999.000
202605200836,   0.406,9999.000,9999.000,9999.000,9999.000,9999.000,9999.000,9999.000,9999.000
202605200842,   0.400,9999.000,9999.000,9999.000,9999.000,9999.000,9999.000,9999.000,9999.000
202605200848,   0.393,9999.000,9999.000,9999.000,9999.000,9999.000,9999.000,9999.000,9999.000
202605200854,   0.387,9999.000,9999.000,9999.000,9999.000,9999.000,9999.000,9999.000,9999.000
202605200900,   0.380,9999.000,   0.600,   0.256,   1.236,   0.600,   1.236,   0.700,   1.336
202605200906,   0.373,9999.000,9999.000,9999.000,9999.000,9999.000,9999.000,9999.000,9999.000
202605200912,   0.367,9999.000,9999.000,9999.000,9999.000,9999.000,9999.000,9999.000,9999.000
202605200918,   0.360,9999.000,9999.000,9999.000,9999.000,9999.000,9999.000,9999.000,9999.000
202605200924,   0.353,9999.000,9999.000,9999.000,9999.000,9999.000,9999.000,9999.000,9999.000
202605200930,   0.346,9999.000,9999.000,9999.000,9999.000,9999.000,9999.000,9999.000,9999.000
202605200936,   0.340,9999.000,9999.000,9999.000,9999.000,9999.000,9999.000,9999.000,9999.000
202605200942,   0.333,9999.000,9999.000,9999.000,9999.000,9999.000,9999.000,9999.000,9999.000
202605200948,   0.326,9999.000,9999.000,9999.000,9999.000,9999.000,9999.000,9999.000,9999.000
202605200954,   0.319,9999.000,9999.000,9999.000,9999.000,9999.000,9999.000,9999.000,9999.000
202605201000,   0.312,9999.000,   0.600,   0.256,   1.168,   0.600,   1.168,   0.700,   1.268
202605201006,   0.305,9999.000,9999.000,9999.000,9999.000,9999.000,9999.000,9999.000,9999.000
202605201012,   0.298,9999.000,9999.000,9999.000,9999.000,9999.000,9999.000,9999.000,9999.000
202605201018,   0.291,9999.000,9999.000,9999.000,9999.000,9999.000,9999.000,9999.000,9999.000
202605201024,   0.284,9999.000,9999.000,9999.000,9999.000,9999.000,9999.000,9999.000,9999.000
202605201030,   0.277,9999.000,9999.000,9999.000,9999.000,9999.000,9999.000,9999.000,9999.000
202605201036,   0.270,9999.000,9999.000,9999.000,9999.000,9999.000,9999.000,9999.000,9999.000
202605201042,   0.263,9999.000,9999.000,9999.000,9999.000,9999.000,9999.000,9999.000,9999.000
202605201048,   0.256,9999.000,9999.000,9999.000,9999.000,9999.000,9999.000,9999.000,9999.000
202605201054,   0.249,9999.000,9999.000,9999.000,9999.000,9999.000,9999.000,9999.000,9999.000
202605201100,   0.242,9999.000,   0.600,   0.256,   1.098,   0.600,   1.098,   0.700,   1.198
202605201106,   0.236,9999.000,9999.000,9999.000,9999.000,9999.000,9999.000,9999.000,9999.000
202605201112,   0.229,9999.000,9999.000,9999.000,9999.000,9999.000,9999.000,9999.000,9999.000
202605201118,   0.222,9999.000,9999.000,9999.000,9999.000,9999.000,9999.000,9999.000,9999.000
202605201124,   0.216,9999.000,9999.000,9999.000,9999.000,9999.000,9999.000,9999.000,9999.000
202605201130,   0.209,9999.000,9999.000,9999.000,9999.000,9999.000,9999.000,9999.000,9999.000
202605201136,   0.202,9999.000,9999.000,9999.000,9999.000,9999.000,9999.000,9999.000,9999.000
202605201142,   0.196,9999.000,9999.000,9999.000,9999.000,9999.000,9999.000,9999.000,9999.000
202605201148,   0.190,9999.000,9999.000,9999.000,9999.000,9999.000,9999.000,9999.000,9999.000
202605201154,   0.184,9999.000,9999.000,9999.000,9999.000,9999.000,9999.000,9999.000,9999.000
202605201200,   0.177,9999.000,   0.600,   0.256,   1.033,   0.600,   1.033,   0.700,   1.133
202605201206,   0.171,9999.000,9999.000,9999.000,9999.000,9999.000,9999.000,9999.000,9999.000
202605201212,   0.165,9999.000,9999.000,9999.000,9999.000,9999.000,9999.000,9999.000,9999.000
202605201218,   0.160,9999.000,9999.000,9999.000,9999.000,9999.000,9999.000,9999.000,9999.000
202605201224,   0.154,9999.000,9999.000,9999.000,9999.000,9999.000,9999.000,9999.000,9999.000
202605201230,   0.149,9999.000,9999.000,9999.000,9999.000,9999.000,9999.000,9999.000,9999.000
202605201236,   0.143,9999.000,9999.000,9999.000,9999.000,9999.000,9999.000,9999.000,9999.000
202605201242,   0.138,9999.000,9999.000,9999.000,9999.000,9999.000,9999.000,9999.000,9999.000
202605201248,   0.133,9999.000,9999.000,9999.000,9999.000,9999.000,9999.000,9999.000,9999.000
202605201254,   0.128,9999.000,9999.000,9999.000,9999.000,9999.000,9999.000,9999.000,9999.000
202605201300,   0.123,9999.000,   0.600,   0.256,   0.979,   0.600,   0.979,   0.700,   1.079
202605201306,   0.118,9999.000,9999.000,9999.000,9999.000,9999.000,9999.000,9999.000,9999.000
202605201312,   0.114,9999.000,9999.000,9999.000,9999.000,9999.000,9999.000,9999.000,9999.000
202605201318,   0.110,9999.000,9999.000,9999.000,9999.000,9999.000,9999.000,9999.000,9999.000
202605201324,   0.105,9999.000,9999.000,9999.000,9999.000,9999.000,9999.000,9999.000,9999.000
202605201330,   0.102,9999.000,9999.000,9999.000,9999.000,9999.000,9999.000,9999.000,9999.000
202605201336,   0.098,9999.000,9999.000,9999.000,9999.000,9999.000,9999.000,9999.000,9999.000
202605201342,   0.094,9999.000,9999.000,9999.000,9999.000,9999.000,9999.000,9999.000,9999.000
202605201348,   0.091,9999.000,9999.000,9999.000,9999.000,9999.000,9999.000,9999.000,9999.000
202605201354,   0.087,9999.000,9999.000,9999.000,9999.000,9999.000,9999.000,9999.000,9999.000
202605201400,   0.084,9999.000,   0.600,   0.256,   0.940,   0.600,   0.940,   0.700,   1.040
202605201406,   0.081,9999.000,9999.000,9999.000,9999.000,9999.000,9999.000,9999.000,9999.000
202605201412,   0.078,9999.000,9999.000,9999.000,9999.000,9999.000,9999.000,9999.000,9999.000
202605201418,   0.076,9999.000,9999.000,9999.000,9999.000,9999.000,9999.000,9999.000,9999.000
202605201424,   0.073,9999.000,9999.000,9999.000,9999.000,9999.000,9999.000,9999.000,9999.000
202605201430,   0.071,9999.000,9999.000,9999.000,9999.000,9999.000,9999.000,9999.000,9999.000
202605201436,   0.069,9999.000,9999.000,9999.000,9999.000,9999.000,9999.000,9999.000,9999.000
202605201442,   0.067,9999.000,9999.000,9999.000,9999.000,9999.000,9999.000,9999.000,9999.000
202605201448,   0.065,9999.000,9999.000,9999.000,9999.000,9999.000,9999.000,9999.000,9999.000
202605201454,   0.064,9999.000,9999.000,9999.000,9999.000,9999.000,9999.000,9999.000,9999.000
202605201500,   0.062,9999.000,   0.600,   0.256,   0.918,   0.600,   0.918,   0.700,   1.018
202605201506,   0.061,9999.000,9999.000,9999.000,9999.000,9999.000,9999.000,9999.000,9999.000
202605201512,   0.060,9999.000,9999.000,9999.000,9999.000,9999.000,9999.000,9999.000,9999.000
202605201518,   0.059,9999.000,9999.000,9999.000,9999.000,9999.000,9999.000,9999.000,9999.000
202605201524,   0.059,9999.000,9999.000,9999.000,9999.000,9999.000,9999.000,9999.000,9999.000
202605201530,   0.058,9999.000,9999.000,9999.000,9999.000,9999.000,9999.000,9999.000,9999.000
202605201536,   0.058,9999.000,9999.000,9999.000,9999.000,9999.000,9999.000,9999.000,9999.000
202605201542,   0.058,9999.000,9999.000,9999.000,9999.000,9999.000,9999.000,9999.000,9999.000
202605201548,   0.058,9999.000,9999.000,9999.000,9999.000,9999.000,9999.000,9999.000,9999.000
202605201554,   0.058,9999.000,9999.000,9999.000,9999.000,9999.000,9999.000,9999.000,9999.000
202605201600,   0.059,9999.000,   0.600,   0.256,   0.915,   0.600,   0.915,   0.700,   1.015
202605201606,   0.059,9999.000,9999.000,9999.000,9999.000,9999.000,9999.000,9999.000,9999.000
202605201612,   0.060,9999.000,9999.000,9999.000,9999.000,9999.000,9999.000,9999.000,9999.000
202605201618,   0.061,9999.000,9999.000,9999.000,9999.000,9999.000,9999.000,9999.000,9999.000
202605201624,   0.062,9999.000,9999.000,9999.000,9999.000,9999.000,9999.000,9999.000,9999.000
202605201630,   0.064,9999.000,9999.000,9999.000,9999.000,9999.000,9999.000,9999.000,9999.000
202605201636,   0.065,9999.000,9999.000,9999.000,9999.000,9999.000,9999.000,9999.000,9999.000
202605201642,   0.067,9999.000,9999.000,9999.000,9999.000,9999.000,9999.000,9999.000,9999.000
202605201648,   0.069,9999.000,9999.000,9999.000,9999.000,9999.000,9999.000,9999.000,9999.000
202605201654,   0.071,9999.000,9999.000,9999.000,9999.000,9999.000,9999.000,9999.000,9999.000
202605201700,   0.074,9999.000,   0.600,   0.256,   0.930,   0.600,   0.930,   0.600,   0.930
202605201706,   0.076,9999.000,9999.000,9999.000,9999.000,9999.000,9999.000,9999.000,9999.000
202605201712,   0.079,9999.000,9999.000,9999.000,9999.000,9999.000,9999.000,9999.000,9999.000
202605201718,   0.082,9999.000,9999.000,9999.000,9999.000,9999.000,9999.000,9999.000,9999.000
202605201724,   0.085,9999.000,9999.000,9999.000,9999.000,9999.000,9999.000,9999.000,9999.000
202605201730,   0.089,9999.000,9999.000,9999.000,9999.000,9999.000,9999.000,9999.000,9999.000
202605201736,   0.092,9999.000,9999.000,9999.000,9999.000,9999.000,9999.000,9999.000,9999.000
202605201742,   0.096,9999.000,9999.000,9999.000,9999.000,9999.000,9999.000,9999.000,9999.000
202605201748,   0.100,9999.000,9999.000,9999.000,9999.000,9999.000,9999.000,9999.000,9999.000
202605201754,   0.104,9999.000,9999.000,9999.000,9999.000,9999.000,9999.000,9999.000,9999.000
202605201800,   0.109,9999.000,   0.600,   0.256,   0.965,   0.600,   0.965,   0.600,   0.965
202605201806,   0.113,9999.000,9999.000,9999.000,9999.000,9999.000,9999.000,9999.000,9999.000
202605201812,   0.118,9999.000,9999.000,9999.000,9999.000,9999.000,9999.000,9999.000,9999.000
202605201818,   0.123,9999.000,9999.000,9999.000,9999.000,9999.000,9999.000,9999.000,9999.000
202605201824,   0.128,9999.000,9999.000,9999.000,9999.000,9999.000,9999.000,9999.000,9999.000
202605201830,   0.133,9999.000,9999.000,9999.000,9999.000,9999.000,9999.000,9999.000,9999.000
202605201836,   0.139,9999.000,9999.000,9999.000,9999.000,9999.000,9999.000,9999.000,9999.000
202605201842,   0.144,9999.000,9999.000,9999.000,9999.000,9999.000,9999.000,9999.000,9999.000
202605201848,   0.150,9999.000,9999.000,9999.000,9999.000,9999.000,9999.000,9999.000,9999.000
202605201854,   0.156,9999.000,9999.000,9999.000,9999.000,9999.000,9999.000,9999.000,9999.000
202605201900,   0.162,9999.000,   0.600,   0.256,   1.018,   0.600,   1.018,   0.600,   1.018
202605201906,   0.168,9999.000,9999.000,9999.000,9999.000,9999.000,9999.000,9999.000,9999.000
202605201912,   0.175,9999.000,9999.000,9999.000,9999.000,9999.000,9999.000,9999.000,9999.000
202605201918,   0.181,9999.000,9999.000,9999.000,9999.000,9999.000,9999.000,9999.000,9999.000
202605201924,   0.187,9999.000,9999.000,9999.000,9999.000,9999.000,9999.000,9999.000,9999.000
202605201930,   0.194,9999.000,9999.000,9999.000,9999.000,9999.000,9999.000,9999.000,9999.000
202605201936,   0.201,9999.000,9999.000,9999.000,9999.000,9999.000,9999.000,9999.000,9999.000
202605201942,   0.208,9999.000,9999.000,9999.000,9999.000,9999.000,9999.000,9999.000,9999.000
202605201948,   0.215,9999.000,9999.000,9999.000,9999.000,9999.000,9999.000,9999.000,9999.000
202605201954,   0.221,9999.000,9999.000,9999.000,9999.000,9999.000,9999.000,9999.000,9999.000
202605202000,   0.228,9999.000,   0.600,   0.256,   1.084,   0.600,   1.084,   0.600,   1.084
202605202006,   0.236,9999.000,9999.000,9999.000,9999.000,9999.000,9999.000,9999.000,9999.000
202605202012,   0.243,9999.000,9999.000,9999.000,9999.000,9999.000,9999.000,9999.000,9999.000
202605202018,   0.250,9999.000,9999.000,9999.000,9999.000,9999.000,9999.000,9999.000,9999.000
202605202024,   0.257,9999.000,9999.000,9999.000,9999.000,9999.000,9999.000,9999.000,9999.000
202605202030,   0.264,9999.000,9999.000,9999.000,9999.000,9999.000,9999.000,9999.000,9999.000
202605202036,   0.271,9999.000,9999.000,9999.000,9999.000,9999.000,9999.000,9999.000,9999.000
202605202042,   0.279,9999.000,9999.000,9999.000,9999.000,9999.000,9999.000,9999.000,9999.000
202605202048,   0.286,9999.000,9999.000,9999.000,9999.000,9999.000,9999.000,9999.000,9999.000
202605202054,   0.293,9999.000,9999.000,9999.000,9999.000,9999.000,9999.000,9999.000,9999.000
202605202100,   0.300,9999.000,   0.600,   0.256,   1.156,   0.600,   1.156,   0.600,   1.156
202605202106,   0.307,9999.000,9999.000,9999.000,9999.000,9999.000,9999.000,9999.000,9999.000
202605202112,   0.315,9999.000,9999.000,9999.000,9999.000,9999.000,9999.000,9999.000,9999.000
202605202118,   0.322,9999.000,9999.000,9999.000,9999.000,9999.000,9999.000,9999.000,9999.000
202605202124,   0.329,9999.000,9999.000,9999.000,9999.000,9999.000,9999.000,9999.000,9999.000
202605202130,   0.336,9999.000,9999.000,9999.000,9999.000,9999.000,9999.000,9999.000,9999.000
202605202136,   0.343,9999.000,9999.000,9999.000,9999.000,9999.000,9999.000,9999.000,9999.000
202605202142,   0.350,9999.000,9999.000,9999.000,9999.000,9999.000,9999.000,9999.000,9999.000
202605202148,   0.357,9999.000,9999.000,9999.000,9999.000,9999.000,9999.000,9999.000,9999.000
202605202154,   0.363,9999.000,9999.000,9999.000,9999.000,9999.000,9999.000,9999.000,9999.000
202605202200,   0.370,9999.000,   0.600,   0.256,   1.226,   0.600,   1.226,   0.700,   1.326
202605202206,   0.377,9999.000,9999.000,9999.000,9999.000,9999.000,9999.000,9999.000,9999.000
202605202212,   0.384,9999.000,9999.000,9999.000,9999.000,9999.000,9999.000,9999.000,9999.000
202605202218,   0.390,9999.000,9999.000,9999.000,9999.000,9999.000,9999.000,9999.000,9999.000
202605202224,   0.397,9999.000,9999.000,9999.000,9999.000,9999.000,9999.000,9999.000,9999.000
202605202230,   0.403,9999.000,9999.000,9999.000,9999.000,9999.000,9999.000,9999.000,9999.000
202605202236,   0.410,9999.000,9999.000,9999.000,9999.000,9999.000,9999.000,9999.000,9999.000
202605202242,   0.416,9999.000,9999.000,9999.000,9999.000,9999.000,9999.000,9999.000,9999.000
202605202248,   0.423,9999.000,9999.000,9999.000,9999.000,9999.000,9999.000,9999.000,9999.000
202605202254,   0.429,9999.000,9999.000,9999.000,9999.000,9999.000,9999.000,9999.000,9999.000
202605202300,   0.435,9999.000,   0.600,   0.256,   1.291,   0.600,   1.291,   0.700,   1.391
202605202306,   0.441,9999.000,9999.000,9999.000,9999.000,9999.000,9999.000,9999.000,9999.000
202605202312,   0.447,9999.000,9999.000,9999.000,9999.000,9999.000,9999.000,9999.000,9999.000
202605202318,   0.453,9999.000,9999.000,9999.000,9999.000,9999.000,9999.000,9999.000,9999.000
202605202324,   0.459,9999.000,9999.000,9999.000,9999.000,9999.000,9999.000,9999.000,9999.000
202605202330,   0.465,9999.000,9999.000,9999.000,9999.000,9999.000,9999.000,9999.000,9999.000
202605202336,   0.471,9999.000,9999.000,9999.000,9999.000,9999.000,9999.000,9999.000,9999.000
202605202342,   0.477,9999.000,9999.000,9999.000,9999.000,9999.000,9999.000,9999.000,9999.000
202605202348,   0.483,9999.000,9999.000,9999.000,9999.000,9999.000,9999.000,9999.000,9999.000
202605202354,   0.488,9999.000,9999.000,9999.000,9999.000,9999.000,9999.000,9999.000,9999.000
202605210000,   0.494,9999.000,   0.600,   0.256,   1.350,   0.600,   1.350,   0.700,   1.450
202605210006,   0.500,9999.000,9999.000,9999.000,9999.000,9999.000,9999.000,9999.000,9999.000
202605210012,   0.505,9999.000,9999.000,9999.000,9999.000,9999.000,9999.000,9999.000,9999.000
202605210018,   0.511,9999.000,9999.000,9999.000,9999.000,9999.000,9999.000,9999.000,9999.000
202605210024,   0.516,9999.000,9999.000,9999.000,9999.000,9999.000,9999.000,9999.000,9999.000
202605210030,   0.521,9999.000,9999.000,9999.000,9999.000,9999.000,9999.000,9999.000,9999.000
202605210036,   0.526,9999.000,9999.000,9999.000,9999.000,9999.000,9999.000,9999.000,9999.000
202605210042,   0.532,9999.000,9999.000,9999.000,9999.000,9999.000,9999.000,9999.000,9999.000
202605210048,   0.537,9999.000,9999.000,9999.000,9999.000,9999.000,9999.000,9999.000,9999.000
202605210054,   0.542,9999.000,9999.000,9999.000,9999.000,9999.000,9999.000,9999.000,9999.000
202605210100,   0.547,9999.000,   0.600,   0.256,   1.403,   0.600,   1.403,   0.700,   1.503
202605210106,   0.551,9999.000,9999.000,9999.000,9999.000,9999.000,9999.000,9999.000,9999.000
202605210112,   0.556,9999.000,9999.000,9999.000,9999.000,9999.000,9999.000,9999.000,9999.000
202605210118,   0.561,9999.000,9999.000,9999.000,9999.000,9999.000,9999.000,9999.000,9999.000
202605210124,   0.565,9999.000,9999.000,9999.000,9999.000,9999.000,9999.000,9999.000,9999.000
202605210130,   0.570,9999.000,9999.000,9999.000,9999.000,9999.000,9999.000,9999.000,9999.000
202605210136,   0.574,9999.000,9999.000,9999.000,9999.000,9999.000,9999.000,9999.000,9999.000
202605210142,   0.578,9999.000,9999.000,9999.000,9999.000,9999.000,9999.000,9999.000,9999.000
202605210148,   0.582,9999.000,9999.000,9999.000,9999.000,9999.000,9999.000,9999.000,9999.000
202605210154,   0.586,9999.000,9999.000,9999.000,9999.000,9999.000,9999.000,9999.000,9999.000
202605210200,   0.590,9999.000,   0.600,   0.256,   1.446,   0.600,   1.446,   0.700,   1.546
202605210206,   0.593,9999.000,9999.000,9999.000,9999.000,9999.000,9999.000,9999.000,9999.000
202605210212,   0.597,9999.000,9999.000,9999.000,9999.000,9999.000,9999.000,9999.000,9999.000
202605210218,   0.600,9999.000,9999.000,9999.000,9999.000,9999.000,9999.000,9999.000,9999.000
202605210224,   0.603,9999.000,9999.000,9999.000,9999.000,9999.000,9999.000,9999.000,9999.000
202605210230,   0.606,9999.000,9999.000,9999.000,9999.000,9999.000,9999.000,9999.000,9999.000
202605210236,   0.609,9999.000,9999.000,9999.000,9999.000,9999.000,9999.000,9999.000,9999.000
202605210242,   0.611,9999.000,9999.000,9999.000,9999.000,9999.000,9999.000,9999.000,9999.000
202605210248,   0.614,9999.000,9999.000,9999.000,9999.000,9999.000,9999.000,9999.000,9999.000
202605210254,   0.616,9999.000,9999.000,9999.000,9999.000,9999.000,9999.000,9999.000,9999.000
202605210300,   0.618,9999.000,   0.600,   0.256,   1.474,   0.600,   1.474,   0.700,   1.574
202605210306,   0.620,9999.000,9999.000,9999.000,9999.000,9999.000,9999.000,9999.000,9999.000
202605210312,   0.622,9999.000,9999.000,9999.000,9999.000,9999.000,9999.000,9999.000,9999.000
202605210318,   0.623,9999.000,9999.000,9999.000,9999.000,9999.000,9999.000,9999.000,9999.000
202605210324,   0.624,9999.000,9999.000,9999.000,9999.000,9999.000,9999.000,9999.000,9999.000
202605210330,   0.625,9999.000,9999.000,9999.000,9999.000,9999.000,9999.000,9999.000,9999.000
202605210336,   0.626,9999.000,9999.000,9999.000,9999.000,9999.000,9999.000,9999.000,9999.000
202605210342,   0.627,9999.000,9999.000,9999.000,9999.000,9999.000,9999.000,9999.000,9999.000
202605210348,   0.627,9999.000,9999.000,9999.000,9999.000,9999.000,9999.000,9999.000,9999.000
202605210354,   0.627,9999.000,9999.000,9999.000,9999.000,9999.000,9999.000,9999.000,9999.000
202605210400,   0.627,9999.000,   0.600,   0.256,   1.483,   0.600,   1.483,   0.700,   1.583
202605210406,   0.627,9999.000,9999.000,9999.000,9999.000,9999.000,9999.000,9999.000,9999.000
202605210412,   0.627,9999.000,9999.000,9999.000,9999.000,9999.000,9999.000,9999.000,9999.000
202605210418,   0.626,9999.000,9999.000,9999.000,9999.000,9999.000,9999.000,9999.000,9999.000
202605210424,   0.625,9999.000,9999.000,9999.000,9999.000,9999.000,9999.000,9999.000,9999.000
202605210430,   0.624,9999.000,9999.000,9999.000,9999.000,9999.000,9999.000,9999.000,9999.000
202605210436,   0.623,9999.000,9999.000,9999.000,9999.000,9999.000,9999.000,9999.000,9999.000
202605210442,   0.622,9999.000,9999.000,9999.000,9999.000,9999.000,9999.000,9999.000,9999.000
202605210448,   0.620,9999.000,9999.000,9999.000,9999.000,9999.000,9999.000,9999.000,9999.000
202605210454,   0.619,9999.000,9999.000,9999.000,9999.000,9999.000,9999.000,9999.000,9999.000
202605210500,   0.617,9999.000,   0.600,   0.256,   1.473,   0.600,   1.473,   0.700,   1.573
202605210506,   0.615,9999.000,9999.000,9999.000,9999.000,9999.000,9999.000,9999.000,9999.000
202605210512,   0.613,9999.000,9999.000,9999.000,9999.000,9999.000,9999.000,9999.000,9999.000
202605210518,   0.611,9999.000,9999.000,9999.000,9999.000,9999.000,9999.000,9999.000,9999.000
202605210524,   0.608,9999.000,9999.000,9999.000,9999.000,9999.000,9999.000,9999.000,9999.000
202605210530,   0.606,9999.000,9999.000,9999.000,9999.000,9999.000,9999.000,9999.000,9999.000
202605210536,   0.603,9999.000,9999.000,9999.000,9999.000,9999.000,9999.000,9999.000,9999.000
202605210542,   0.600,9999.000,9999.000,9999.000,9999.000,9999.000,9999.000,9999.000,9999.000
202605210548,   0.597,9999.000,9999.000,9999.000,9999.000,9999.000,9999.000,9999.000,9999.000
202605210554,   0.594,9999.000,9999.000,9999.000,9999.000,9999.000,9999.000,9999.000,9999.000
202605210600,   0.591,9999.000,   0.600,   0.256,   1.447,   0.600,   1.447,   0.700,   1.547
202605210606,   0.588,9999.000,9999.000,9999.000,9999.000,9999.000,9999.000,9999.000,9999.000
202605210612,   0.584,9999.000,9999.000,9999.000,9999.000,9999.000,9999.000,9999.000,9999.000
202605210618,   0.581,9999.000,9999.000,9999.000,9999.000,9999.000,9999.000,9999.000,9999.000
202605210624,   0.577,9999.000,9999.000,9999.000,9999.000,9999.000,9999.000,9999.000,9999.000
202605210630,   0.573,9999.000,9999.000,9999.000,9999.000,9999.000,9999.000,9999.000,9999.000
202605210636,   0.570,9999.000,9999.000,9999.000,9999.000,9999.000,9999.000,9999.000,9999.000
202605210642,   0.566,9999.000,9999.000,9999.000,9999.000,9999.000,9999.000,9999.000,9999.000
202605210648,   0.562,9999.000,9999.000,9999.000,9999.000,9999.000,9999.000,9999.000,9999.000
202605210654,   0.558,9999.000,9999.000,9999.000,9999.000,9999.000,9999.000,9999.000,9999.000
202605210700,   0.554,9999.000,   0.600,   0.256,   1.410,   0.600,   1.410,   0.700,   1.510
202605210706,   0.549,9999.000,9999.000,9999.000,9999.000,9999.000,9999.000,9999.000,9999.000
202605210712,   0.545,9999.000,9999.000,9999.000,9999.000,9999.000,9999.000,9999.000,9999.000
202605210718,   0.541,9999.000,9999.000,9999.000,9999.000,9999.000,9999.000,9999.000,9999.000
202605210724,   0.536,9999.000,9999.000,9999.000,9999.000,9999.000,9999.000,9999.000,9999.000
202605210730,   0.532,9999.000,9999.000,9999.000,9999.000,9999.000,9999.000,9999.000,9999.000
202605210736,   0.527,9999.000,9999.000,9999.000,9999.000,9999.000,9999.000,9999.000,9999.000
202605210742,   0.522,9999.000,9999.000,9999.000,9999.000,9999.000,9999.000,9999.000,9999.000
202605210748,   0.518,9999.000,9999.000,9999.000,9999.000,9999.000,9999.000,9999.000,9999.000
202605210754,   0.513,9999.000,9999.000,9999.000,9999.000,9999.000,9999.000,9999.000,9999.000
202605210800,   0.508,9999.000,   0.600,   0.256,   1.364,   0.600,   1.364,   0.700,   1.464
202605210806,   0.503,9999.000,9999.000,9999.000,9999.000,9999.000,9999.000,9999.000,9999.000
202605210812,   0.498,9999.000,9999.000,9999.000,9999.000,9999.000,9999.000,9999.000,9999.000
202605210818,   0.492,9999.000,9999.000,9999.000,9999.000,9999.000,9999.000,9999.000,9999.000
202605210824,   0.487,9999.000,9999.000,9999.000,9999.000,9999.000,9999.000,9999.000,9999.000
202605210830,   0.482,9999.000,9999.000,9999.000,9999.000,9999.000,9999.000,9999.000,9999.000
202605210836,   0.476,9999.000,9999.000,9999.000,9999.000,9999.000,9999.000,9999.000,9999.000
202605210842,   0.471,9999.000,9999.000,9999.000,9999.000,9999.000,9999.000,9999.000,9999.000
202605210848,   0.465,9999.000,9999.000,9999.000,9999.000,9999.000,9999.000,9999.000,9999.000
202605210854,   0.459,9999.000,9999.000,9999.000,9999.000,9999.000,9999.000,9999.000,9999.000
202605210900,   0.453,9999.000,   0.600,   0.256,   1.309,   0.600,   1.309,   0.700,   1.409
202605210906,   0.448,9999.000,9999.000,9999.000,9999.000,9999.000,9999.000,9999.000,9999.000
202605210912,   0.442,9999.000,9999.000,9999.000,9999.000,9999.000,9999.000,9999.000,9999.000
202605210918,   0.435,9999.000,9999.000,9999.000,9999.000,9999.000,9999.000,9999.000,9999.000
202605210924,   0.429,9999.000,9999.000,9999.000,9999.000,9999.000,9999.000,9999.000,9999.000
202605210930,   0.423,9999.000,9999.000,9999.000,9999.000,9999.000,9999.000,9999.000,9999.000
202605210936,   0.417,9999.000,9999.000,9999.000,9999.000,9999.000,9999.000,9999.000,9999.000
202605210942,   0.410,9999.000,9999.000,9999.000,9999.000,9999.000,9999.000,9999.000,9999.000
202605210948,   0.404,9999.000,9999.000,9999.000,9999.000,9999.000,9999.000,9999.000,9999.000
202605210954,   0.397,9999.000,9999.000,9999.000,9999.000,9999.000,9999.000,9999.000,9999.000
202605211000,   0.391,9999.000,   0.600,   0.256,   1.247,   0.600,   1.247,   0.700,   1.347
202605211006,   0.384,9999.000,9999.000,9999.000,9999.000,9999.000,9999.000,9999.000,9999.000
202605211012,   0.377,9999.000,9999.000,9999.000,9999.000,9999.000,9999.000,9999.000,9999.000
202605211018,   0.370,9999.000,9999.000,9999.000,9999.000,9999.000,9999.000,9999.000,9999.000
202605211024,   0.363,9999.000,9999.000,9999.000,9999.000,9999.000,9999.000,9999.000,9999.000
202605211030,   0.357,9999.000,9999.000,9999.000,9999.000,9999.000,9999.000,9999.000,9999.000
202605211036,   0.350,9999.000,9999.000,9999.000,9999.000,9999.000,9999.000,9999.000,9999.000
202605211042,   0.343,9999.000,9999.000,9999.000,9999.000,9999.000,9999.000,9999.000,9999.000
202605211048,   0.336,9999.000,9999.000,9999.000,9999.000,9999.000,9999.000,9999.000,9999.000
202605211054,   0.329,9999.000,9999.000,9999.000,9999.000,9999.000,9999.000,9999.000,9999.000
202605211100,   0.322,9999.000,   0.600,   0.256,   1.178,   0.600,   1.178,   0.700,   1.278
202605211106,   0.315,9999.000,9999.000,9999.000,9999.000,9999.000,9999.000,9999.000,9999.000
202605211112,   0.308,9999.000,9999.000,9999.000,9999.000,9999.000,9999.000,9999.000,9999.000
202605211118,   0.301,9999.000,9999.000,9999.000,9999.000,9999.000,9999.000,9999.000,9999.000
202605211124,   0.294,9999.000,9999.000,9999.000,9999.000,9999.000,9999.000,9999.000,9999.000
202605211130,   0.287,9999.000,9999.000,9999.000,9999.000,9999.000,9999.000,9999.000,9999.000
202605211136,   0.280,9999.000,9999.000,9999.000,9999.000,9999.000,9999.000,9999.000,9999.000
202605211142,   0.273,9999.000,9999.000,9999.000,9999.000,9999.000,9999.000,9999.000,9999.000
202605211148,   0.266,9999.000,9999.000,9999.000,9999.000,9999.000,9999.000,9999.000,9999.000
202605211154,   0.259,9999.000,9999.000,9999.000,9999.000,9999.000,9999.000,9999.000,9999.000
202605211200,   0.253,9999.000,   0.600,   0.256,   1.109,   0.600,   1.109,   0.700,   1.209
202605211206,   0.246,9999.000,9999.000,9999.000,9999.000,9999.000,9999.000,9999.000,9999.000
202605211212,   0.240,9999.000,9999.000,9999.000,9999.000,9999.000,9999.000,9999.000,9999.000
202605211218,   0.233,9999.000,9999.000,9999.000,9999.000,9999.000,9999.000,9999.000,9999.000
202605211224,   0.227,9999.000,9999.000,9999.000,9999.000,9999.000,9999.000,9999.000,9999.000
202605211230,   0.220,9999.000,9999.000,9999.000,9999.000,9999.000,9999.000,9999.000,9999.000
202605211236,   0.214,9999.000,9999.000,9999.000,9999.000,9999.000,9999.000,9999.000,9999.000
202605211242,   0.208,9999.000,9999.000,9999.000,9999.000,9999.000,9999.000,9999.000,9999.000
202605211248,   0.202,9999.000,9999.000,9999.000,9999.000,9999.000,9999.000,9999.000,9999.000
202605211254,   0.196,9999.000,9999.000,9999.000,9999.000,9999.000,9999.000,9999.000,9999.000
202605211300,   0.190,9999.000,   0.600,   0.256,   1.046,   0.600,   1.046,   0.700,   1.146
202605211306,   0.185,9999.000,9999.000,9999.000,9999.000,9999.000,9999.000,9999.000,9999.000
202605211312,   0.179,9999.000,9999.000,9999.000,9999.000,9999.000,9999.000,9999.000,9999.000
202605211318,   0.174,9999.000,9999.000,9999.000,9999.000,9999.000,9999.000,9999.000,9999.000
202605211324,   0.169,9999.000,9999.000,9999.000,9999.000,9999.000,9999.000,9999.000,9999.000
202605211330,   0.164,9999.000,9999.000,9999.000,9999.000,9999.000,9999.000,9999.000,9999.000
202605211336,   0.159,9999.000,9999.000,9999.000,9999.000,9999.000,9999.000,9999.000,9999.000
202605211342,   0.154,9999.000,9999.000,9999.000,9999.000,9999.000,9999.000,9999.000,9999.000
202605211348,   0.149,9999.000,9999.000,9999.000,9999.000,9999.000,9999.000,9999.000,9999.000
202605211354,   0.144,9999.000,9999.000,9999.000,9999.000,9999.000,9999.000,9999.000,9999.000
202605211400,   0.140,9999.000,   0.600,   0.256,   0.996,   0.600,   0.996,   0.700,   1.096
202605211406,   0.136,9999.000,9999.000,9999.000,9999.000,9999.000,9999.000,9999.000,9999.000
202605211412,   0.131,9999.000,9999.000,9999.000,9999.000,9999.000,9999.000,9999.000,9999.000
202605211418,   0.127,9999.000,9999.000,9999.000,9999.000,9999.000,9999.000,9999.000,9999.000
202605211424,   0.123,9999.000,9999.000,9999.000,9999.000,9999.000,9999.000,9999.000,9999.000
202605211430,   0.120,9999.000,9999.000,9999.000,9999.000,9999.000,9999.000,9999.000,9999.000
202605211436,   0.116,9999.000,9999.000,9999.000,9999.000,9999.000,9999.000,9999.000,9999.000
202605211442,   0.113,9999.000,9999.000,9999.000,9999.000,9999.000,9999.000,9999.000,9999.000
202605211448,   0.110,9999.000,9999.000,9999.000,9999.000,9999.000,9999.000,9999.000,9999.000
202605211454,   0.106,9999.000,9999.000,9999.000,9999.000,9999.000,9999.000,9999.000,9999.000
202605211500,   0.103,9999.000,   0.600,   0.256,   0.959,   0.600,   0.959,   0.700,   1.059
202605211506,   0.101,9999.000,9999.000,9999.000,9999.000,9999.000,9999.000,9999.000,9999.000
202605211512,   0.098,9999.000,9999.000,9999.000,9999.000,9999.000,9999.000,9999.000,9999.000
202605211518,   0.096,9999.000,9999.000,9999.000,9999.000,9999.000,9999.000,9999.000,9999.000
202605211524,   0.093,9999.000,9999.000,9999.000,9999.000,9999.000,9999.000,9999.000,9999.000
202605211530,   0.091,9999.000,9999.000,9999.000,9999.000,9999.000,9999.000,9999.000,9999.000
202605211536,   0.089,9999.000,9999.000,9999.000,9999.000,9999.000,9999.000,9999.000,9999.000
202605211542,   0.087,9999.000,9999.000,9999.000,9999.000,9999.000,9999.000,9999.000,9999.000
202605211548,   0.086,9999.000,9999.000,9999.000,9999.000,9999.000,9999.000,9999.000,9999.000
202605211554,   0.084,9999.000,9999.000,9999.000,9999.000,9999.000,9999.000,9999.000,9999.000
202605211600,   0.083,9999.000,   0.600,   0.256,   0.939,   0.600,   0.939,   0.700,   1.039
202605211606,   0.082,9999.000,9999.000,9999.000,9999.000,9999.000,9999.000,9999.000,9999.000
202605211612,   0.081,9999.000,9999.000,9999.000,9999.000,9999.000,9999.000,9999.000,9999.000
202605211618,   0.080,9999.000,9999.000,9999.000,9999.000,9999.000,9999.000,9999.000,9999.000
202605211624,   0.080,9999.000,9999.000,9999.000,9999.000,9999.000,9999.000,9999.000,9999.000
202605211630,   0.079,9999.000,9999.000,9999.000,9999.000,9999.000,9999.000,9999.000,9999.000
202605211636,   0.079,9999.000,9999.000,9999.000,9999.000,9999.000,9999.000,9999.000,9999.000
202605211642,   0.079,9999.000,9999.000,9999.000,9999.000,9999.000,9999.000,9999.000,9999.000
202605211648,   0.080,9999.000,9999.000,9999.000,9999.000,9999.000,9999.000,9999.000,9999.000
202605211654,   0.080,9999.000,9999.000,9999.000,9999.000,9999.000,9999.000,9999.000,9999.000
202605211700,   0.081,9999.000,   0.600,   0.256,   0.937,   0.600,   0.937,   0.700,   1.037
202605211706,   0.081,9999.000,9999.000,9999.000,9999.000,9999.000,9999.000,9999.000,9999.000
202605211712,   0.083,9999.000,9999.000,9999.000,9999.000,9999.000,9999.000,9999.000,9999.000
202605211718,   0.084,9999.000,9999.000,9999.000,9999.000,9999.000,9999.000,9999.000,9999.000
202605211724,   0.085,9999.000,9999.000,9999.000,9999.000,9999.000,9999.000,9999.000,9999.000
202605211730,   0.087,9999.000,9999.000,9999.000,9999.000,9999.000,9999.000,9999.000,9999.000
202605211736,   0.089,9999.000,9999.000,9999.000,9999.000,9999.000,9999.000,9999.000,9999.000
202605211742,   0.091,9999.000,9999.000,9999.000,9999.000,9999.000,9999.000,9999.000,9999.000
202605211748,   0.093,9999.000,9999.000,9999.000,9999.000,9999.000,9999.000,9999.000,9999.000
202605211754,   0.096,9999.000,9999.000,9999.000,9999.000,9999.000,9999.000,9999.000,9999.000
202605211800,   0.098,9999.000,   0.600,   0.256,   0.954,   0.600,   0.954,   0.700,   1.054
202605211806,   0.101,9999.000,9999.000,9999.000,9999.000,9999.000,9999.000,9999.000,9999.000
202605211812,   0.104,9999.000,9999.000,9999.000,9999.000,9999.000,9999.000,9999.000,9999.000
202605211818,   0.108,9999.000,9999.000,9999.000,9999.000,9999.000,9999.000,9999.000,9999.000
202605211824,   0.111,9999.000,9999.000,9999.000,9999.000,9999.000,9999.000,9999.000,9999.000
202605211830,   0.115,9999.000,9999.000,9999.000,9999.000,9999.000,9999.000,9999.000,9999.000
202605211836,   0.118,9999.000,9999.000,9999.000,9999.000,9999.000,9999.000,9999.000,9999.000
202605211842,   0.122,9999.000,9999.000,9999.000,9999.000,9999.000,9999.000,9999.000,9999.000
202605211848,   0.127,9999.000,9999.000,9999.000,9999.000,9999.000,9999.000,9999.000,9999.000
202605211854,   0.131,9999.000,9999.000,9999.000,9999.000,9999.000,9999.000,9999.000,9999.000
202605211900,   0.135,9999.000,   0.600,   0.256,   0.991,   0.600,   0.991,   0.700,   1.091
202605211906,   0.140,9999.000,9999.000,9999.000,9999.000,9999.000,9999.000,9999.000,9999.000
202605211912,   0.145,9999.000,9999.000,9999.000,9999.000,9999.000,9999.000,9999.000,9999.000
202605211918,   0.150,9999.000,9999.000,9999.000,9999.000,9999.000,9999.000,9999.000,9999.000
202605211924,   0.155,9999.000,9999.000,9999.000,9999.000,9999.000,9999.000,9999.000,9999.000
202605211930,   0.160,9999.000,9999.000,9999.000,9999.000,9999.000,9999.000,9999.000,9999.000
202605211936,   0.165,9999.000,9999.000,9999.000,9999.000,9999.000,9999.000,9999.000,9999.000
202605211942,   0.171,9999.000,9999.000,9999.000,9999.000,9999.000,9999.000,9999.000,9999.000
202605211948,   0.176,9999.000,9999.000,9999.000,9999.000,9999.000,9999.000,9999.000,9999.000
202605211954,   0.182,9999.000,9999.000,9999.000,9999.000,9999.000,9999.000,9999.000,9999.000
202605212000,   0.187,9999.000,   0.600,   0.256,   1.043,   0.600,   1.043,   0.700,   1.143
202605212006,   0.193,9999.000,9999.000,9999.000,9999.000,9999.000,9999.000,9999.000,9999.000
202605212012,   0.199,9999.000,9999.000,9999.000,9999.000,9999.000,9999.000,9999.000,9999.000
202605212018,   0.204,9999.000,9999.000,9999.000,9999.000,9999.000,9999.000,9999.000,9999.000
202605212024,   0.210,9999.000,9999.000,9999.000,9999.000,9999.000,9999.000,9999.000,9999.000
202605212030,   0.216,9999.000,9999.000,9999.000,9999.000,9999.000,9999.000,9999.000,9999.000
202605212036,   0.222,9999.000,9999.000,9999.000,9999.000,9999.000,9999.000,9999.000,9999.000
202605212042,   0.228,9999.000,9999.000,9999.000,9999.000,9999.000,9999.000,9999.000,9999.000
202605212048,   0.234,9999.000,9999.000,9999.000,9999.000,9999.000,9999.000,9999.000,9999.000
202605212054,   0.240,9999.000,9999.000,9999.000,9999.000,9999.000,9999.000,9999.000,9999.000
202605212100,   0.246,9999.000,   0.600,   0.256,   1.102,   0.600,   1.102,   0.700,   1.202
202605212106,   0.252,9999.000,9999.000,9999.000,9999.000,9999.000,9999.000,9999.000,9999.000
202605212112,   0.258,9999.000,9999.000,9999.000,9999.000,9999.000,9999.000,9999.000,9999.000
202605212118,   0.264,9999.000,9999.000,9999.000,9999.000,9999.000,9999.000,9999.000,9999.000
202605212124,   0.270,9999.000,9999.000,9999.000,9999.000,9999.000,9999.000,9999.000,9999.000
202605212130,   0.275,9999.000,9999.000,9999.000,9999.000,9999.000,9999.000,9999.000,9999.000
202605212136,   0.281,9999.000,9999.000,9999.000,9999.000,9999.000,9999.000,9999.000,9999.000
202605212142,   0.287,9999.000,9999.000,9999.000,9999.000,9999.000,9999.000,9999.000,9999.000
202605212148,   0.293,9999.000,9999.000,9999.000,9999.000,9999.000,9999.000,9999.000,9999.000
202605212154,   0.299,9999.000,9999.000,9999.000,9999.000,9999.000,9999.000,9999.000,9999.000
202605212200,   0.304,9999.000,   0.600,   0.256,   1.160,   0.600,   1.160,   0.700,   1.260
202605212206,   0.310,9999.000,9999.000,9999.000,9999.000,9999.000,9999.000,9999.000,9999.000
202605212212,   0.316,9999.000,9999.000,9999.000,9999.000,9999.000,9999.000,9999.000,9999.000
202605212218,   0.322,9999.000,9999.000,9999.000,9999.000,9999.000,9999.000,9999.000,9999.000
202605212224,   0.327,9999.000,9999.000,9999.000,9999.000,9999.000,9999.000,9999.000,9999.000
202605212230,   0.333,9999.000,9999.000,9999.000,9999.000,9999.000,9999.000,9999.000,9999.000
202605212236,   0.338,9999.000,9999.000,9999.000,9999.000,9999.000,9999.000,9999.000,9999.000
202605212242,   0.344,9999.000,9999.000,9999.000,9999.000,9999.000,9999.000,9999.000,9999.000
202605212248,   0.349,9999.000,9999.000,9999.000,9999.000,9999.000,9999.000,9999.000,9999.000
202605212254,   0.355,9999.000,9999.000,9999.000,9999.000,9999.000,9999.000,9999.000,9999.000
202605212300,   0.360,9999.000,   0.600,   0.256,   1.216,   0.600,   1.216,   0.700,   1.316
202605212306,   0.366,9999.000,9999.000,9999.000,9999.000,9999.000,9999.000,9999.000,9999.000
202605212312,   0.371,9999.000,9999.000,9999.000,9999.000,9999.000,9999.000,9999.000,9999.000
202605212318,   0.377,9999.000,9999.000,9999.000,9999.000,9999.000,9999.000,9999.000,9999.000
202605212324,   0.382,9999.000,9999.000,9999.000,9999.000,9999.000,9999.000,9999.000,9999.000
202605212330,   0.387,9999.000,9999.000,9999.000,9999.000,9999.000,9999.000,9999.000,9999.000
202605212336,   0.393,9999.000,9999.000,9999.000,9999.000,9999.000,9999.000,9999.000,9999.000
202605212342,   0.398,9999.000,9999.000,9999.000,9999.000,9999.000,9999.000,9999.000,9999.000
202605212348,   0.403,9999.000,9999.000,9999.000,9999.000,9999.000,9999.000,9999.000,9999.000
202605212354,   0.409,9999.000,9999.000,9999.000,9999.000,9999.000,9999.000,9999.000,9999.000
202605220000,   0.414,9999.000,   0.600,   0.256,   1.270,   0.600,   1.270,   0.700,   1.370
202605220006,   0.419,9999.000,9999.000,9999.000,9999.000,9999.000,9999.000,9999.000,9999.000
202605220012,   0.424,9999.000,9999.000,9999.000,9999.000,9999.000,9999.000,9999.000,9999.000
202605220018,   0.430,9999.000,9999.000,9999.000,9999.000,9999.000,9999.000,9999.000,9999.000
202605220024,   0.435,9999.000,9999.000,9999.000,9999.000,9999.000,9999.000,9999.000,9999.000
202605220030,   0.440,9999.000,9999.000,9999.000,9999.000,9999.000,9999.000,9999.000,9999.000
202605220036,   0.445,9999.000,9999.000,9999.000,9999.000,9999.000,9999.000,9999.000,9999.000
202605220042,   0.450,9999.000,9999.000,9999.000,9999.000,9999.000,9999.000,9999.000,9999.000
202605220048,   0.456,9999.000,9999.000,9999.000,9999.000,9999.000,9999.000,9999.000,9999.000
202605220054,   0.461,9999.000,9999.000,9999.000,9999.000,9999.000,9999.000,9999.000,9999.000
202605220100,   0.466,9999.000,   0.600,   0.256,   1.322,   0.600,   1.322,   0.700,   1.422
202605220106,   0.471,9999.000,9999.000,9999.000,9999.000,9999.000,9999.000,9999.000,9999.000
202605220112,   0.476,9999.000,9999.000,9999.000,9999.000,9999.000,9999.000,9999.000,9999.000
202605220118,   0.481,9999.000,9999.000,9999.000,9999.000,9999.000,9999.000,9999.000,9999.000
202605220124,   0.486,9999.000,9999.000,9999.000,9999.000,9999.000,9999.000,9999.000,9999.000
202605220130,   0.490,9999.000,9999.000,9999.000,9999.000,9999.000,9999.000,9999.000,9999.000
202605220136,   0.495,9999.000,9999.000,9999.000,9999.000,9999.000,9999.000,9999.000,9999.000
202605220142,   0.500,9999.000,9999.000,9999.000,9999.000,9999.000,9999.000,9999.000,9999.000
202605220148,   0.504,9999.000,9999.000,9999.000,9999.000,9999.000,9999.000,9999.000,9999.000
202605220154,   0.509,9999.000,9999.000,9999.000,9999.000,9999.000,9999.000,9999.000,9999.000
202605220200,   0.513,9999.000,   0.600,   0.256,   1.369,   0.600,   1.369,   0.700,   1.469
202605220206,   0.518,9999.000,9999.000,9999.000,9999.000,9999.000,9999.000,9999.000,9999.000
202605220212,   0.522,9999.000,9999.000,9999.000,9999.000,9999.000,9999.000,9999.000,9999.000
202605220218,   0.526,9999.000,9999.000,9999.000,9999.000,9999.000,9999.000,9999.000,9999.000
202605220224,   0.530,9999.000,9999.000,9999.000,9999.000,9999.000,9999.000,9999.000,9999.000
202605220230,   0.534,9999.000,9999.000,9999.000,9999.000,9999.000,9999.000,9999.000,9999.000
202605220236,   0.538,9999.000,9999.000,9999.000,9999.000,9999.000,9999.000,9999.000,9999.000
202605220242,   0.542,9999.000,9999.000,9999.000,9999.000,9999.000,9999.000,9999.000,9999.000
202605220248,   0.545,9999.000,9999.000,9999.000,9999.000,9999.000,9999.000,9999.000,9999.000
202605220254,   0.549,9999.000,9999.000,9999.000,9999.000,9999.000,9999.000,9999.000,9999.000
202605220300,   0.552,9999.000,   0.600,   0.256,   1.408,   0.600,   1.408,   0.700,   1.508
202605220306,   0.555,9999.000,9999.000,9999.000,9999.000,9999.000,9999.000,9999.000,9999.000
202605220312,   0.558,9999.000,9999.000,9999.000,9999.000,9999.000,9999.000,9999.000,9999.000
202605220318,   0.561,9999.000,9999.000,9999.000,9999.000,9999.000,9999.000,9999.000,9999.000
202605220324,   0.563,9999.000,9999.000,9999.000,9999.000,9999.000,9999.000,9999.000,9999.000
202605220330,   0.566,9999.000,9999.000,9999.000,9999.000,9999.000,9999.000,9999.000,9999.000
202605220336,   0.568,9999.000,9999.000,9999.000,9999.000,9999.000,9999.000,9999.000,9999.000
202605220342,   0.570,9999.000,9999.000,9999.000,9999.000,9999.000,9999.000,9999.000,9999.000
202605220348,   0.572,9999.000,9999.000,9999.000,9999.000,9999.000,9999.000,9999.000,9999.000
202605220354,   0.574,9999.000,9999.000,9999.000,9999.000,9999.000,9999.000,9999.000,9999.000
202605220400,   0.576,9999.000,   0.600,   0.256,   1.432,   0.600,   1.432,   0.700,   1.532
202605220406,   0.577,9999.000,9999.000,9999.000,9999.000,9999.000,9999.000,9999.000,9999.000
202605220412,   0.579,9999.000,9999.000,9999.000,9999.000,9999.000,9999.000,9999.000,9999.000
202605220418,   0.580,9999.000,9999.000,9999.000,9999.000,9999.000,9999.000,9999.000,9999.000
202605220424,   0.581,9999.000,9999.000,9999.000,9999.000,9999.000,9999.000,9999.000,9999.000
202605220430,   0.582,9999.000,9999.000,9999.000,9999.000,9999.000,9999.000,9999.000,9999.000
202605220436,   0.582,9999.000,9999.000,9999.000,9999.000,9999.000,9999.000,9999.000,9999.000
202605220442,   0.583,9999.000,9999.000,9999.000,9999.000,9999.000,9999.000,9999.000,9999.000
202605220448,   0.583,9999.000,9999.000,9999.000,9999.000,9999.000,9999.000,9999.000,9999.000
202605220454,   0.584,9999.000,9999.000,9999.000,9999.000,9999.000,9999.000,9999.000,9999.000
202605220500,   0.584,9999.000,   0.600,   0.256,   1.440,   0.600,   1.440,   0.700,   1.540
202605220506,   0.584,9999.000,9999.000,9999.000,9999.000,9999.000,9999.000,9999.000,9999.000
202605220512,   0.583,9999.000,9999.000,9999.000,9999.000,9999.000,9999.000,9999.000,9999.000
202605220518,   0.583,9999.000,9999.000,9999.000,9999.000,9999.000,9999.000,9999.000,9999.000
202605220524,   0.583,9999.000,9999.000,9999.000,9999.000,9999.000,9999.000,9999.000,9999.000
202605220530,   0.582,9999.000,9999.000,9999.000,9999.000,9999.000,9999.000,9999.000,9999.000
202605220536,   0.581,9999.000,9999.000,9999.000,9999.000,9999.000,9999.000,9999.000,9999.000
202605220542,   0.580,9999.000,9999.000,9999.000,9999.000,9999.000,9999.000,9999.000,9999.000
202605220548,   0.579,9999.000,9999.000,9999.000,9999.000,9999.000,9999.000,9999.000,9999.000
202605220554,   0.578,9999.000,9999.000,9999.000,9999.000,9999.000,9999.000,9999.000,9999.000
202605220600,   0.577,9999.000,   0.600,   0.256,   1.433,   0.600,   1.433,   0.700,   1.533
202605220606,   0.576,9999.000,9999.000,9999.000,9999.000,9999.000,9999.000,9999.000,9999.000
202605220612,   0.574,9999.000,9999.000,9999.000,9999.000,9999.000,9999.000,9999.000,9999.000
202605220618,   0.573,9999.000,9999.000,9999.000,9999.000,9999.000,9999.000,9999.000,9999.000
202605220624,   0.571,9999.000,9999.000,9999.000,9999.000,9999.000,9999.000,9999.000,9999.000
202605220630,   0.569,9999.000,9999.000,9999.000,9999.000,9999.000,9999.000,9999.000,9999.000
202605220636,   0.568,9999.000,9999.000,9999.000,9999.000,9999.000,9999.000,9999.000,9999.000
202605220642,   0.566,9999.000,9999.000,9999.000,9999.000,9999.000,9999.000,9999.000,9999.000
202605220648,   0.564,9999.000,9999.000,9999.000,9999.000,9999.000,9999.000,9999.000,9999.000
202605220654,   0.561,9999.000,9999.000,9999.000,9999.000,9999.000,9999.000,9999.000,9999.000
202605220700,   0.559,9999.000,   0.600,   0.256,   1.415,   0.600,   1.415,   0.700,   1.515
202605220706,   0.557,9999.000,9999.000,9999.000,9999.000,9999.000,9999.000,9999.000,9999.000
202605220712,   0.554,9999.000,9999.000,9999.000,9999.000,9999.000,9999.000,9999.000,9999.000
202605220718,   0.552,9999.000,9999.000,9999.000,9999.000,9999.000,9999.000,9999.000,9999.000
202605220724,   0.549,9999.000,9999.000,9999.000,9999.000,9999.000,9999.000,9999.000,9999.000
202605220730,   0.546,9999.000,9999.000,9999.000,9999.000,9999.000,9999.000,9999.000,9999.000
202605220736,   0.544,9999.000,9999.000,9999.000,9999.000,9999.000,9999.000,9999.000,9999.000
202605220742,   0.541,9999.000,9999.000,9999.000,9999.000,9999.000,9999.000,9999.000,9999.000
202605220748,   0.537,9999.000,9999.000,9999.000,9999.000,9999.000,9999.000,9999.000,9999.000
202605220754,   0.534,9999.000,9999.000,9999.000,9999.000,9999.000,9999.000,9999.000,9999.000
202605220800,   0.531,9999.000,   0.600,   0.256,   1.387,   0.600,   1.387,   0.700,   1.487
202605220806,   0.528,9999.000,9999.000,9999.000,9999.000,9999.000,9999.000,9999.000,9999.000
202605220812,   0.524,9999.000,9999.000,9999.000,9999.000,9999.000,9999.000,9999.000,9999.000
202605220818,   0.520,9999.000,9999.000,9999.000,9999.000,9999.000,9999.000,9999.000,9999.000
202605220824,   0.517,9999.000,9999.000,9999.000,9999.000,9999.000,9999.000,9999.000,9999.000
202605220830,   0.513,9999.000,9999.000,9999.000,9999.000,9999.000,9999.000,9999.000,9999.000
202605220836,   0.509,9999.000,9999.000,9999.000,9999.000,9999.000,9999.000,9999.000,9999.000
202605220842,   0.505,9999.000,9999.000,9999.000,9999.000,9999.000,9999.000,9999.000,9999.000
202605220848,   0.501,9999.000,9999.000,9999.000,9999.000,9999.000,9999.000,9999.000,9999.000
202605220854,   0.496,9999.000,9999.000,9999.000,9999.000,9999.000,9999.000,9999.000,9999.000
202605220900,   0.492,9999.000,   0.600,   0.256,   1.348,   0.600,   1.348,   0.700,   1.448
202605220906,   0.487,9999.000,9999.000,9999.000,9999.000,9999.000,9999.000,9999.000,9999.000
202605220912,   0.483,9999.000,9999.000,9999.000,9999.000,9999.000,9999.000,9999.000,9999.000
202605220918,   0.478,9999.000,9999.000,9999.000,9999.000,9999.000,9999.000,9999.000,9999.000
202605220924,   0.473,9999.000,9999.000,9999.000,9999.000,9999.000,9999.000,9999.000,9999.000
202605220930,   0.468,9999.000,9999.000,9999.000,9999.000,9999.000,9999.000,9999.000,9999.000
202605220936,   0.463,9999.000,9999.000,9999.000,9999.000,9999.000,9999.000,9999.000,9999.000
202605220942,   0.457,9999.000,9999.000,9999.000,9999.000,9999.000,9999.000,9999.000,9999.000
202605220948,   0.452,9999.000,9999.000,9999.000,9999.000,9999.000,9999.000,9999.000,9999.000
202605220954,   0.447,9999.000,9999.000,9999.000,9999.000,9999.000,9999.000,9999.000,9999.000
202605221000,   0.441,9999.000,   0.600,   0.256,   1.297,   0.600,   1.297,   0.700,   1.397
202605221006,   0.435,9999.000,9999.000,9999.000,9999.000,9999.000,9999.000,9999.000,9999.000
202605221012,   0.430,9999.000,9999.000,9999.000,9999.000,9999.000,9999.000,9999.000,9999.000
202605221018,   0.424,9999.000,9999.000,9999.000,9999.000,9999.000,9999.000,9999.000,9999.000
202605221024,   0.418,9999.000,9999.000,9999.000,9999.000,9999.000,9999.000,9999.000,9999.000
202605221030,   0.412,9999.000,9999.000,9999.000,9999.000,9999.000,9999.000,9999.000,9999.000
202605221036,   0.406,9999.000,9999.000,9999.000,9999.000,9999.000,9999.000,9999.000,9999.000
202605221042,   0.400,9999.000,9999.000,9999.000,9999.000,9999.000,9999.000,9999.000,9999.000
202605221048,   0.394,9999.000,9999.000,9999.000,9999.000,9999.000,9999.000,9999.000,9999.000
202605221054,   0.387,9999.000,9999.000,9999.000,9999.000,9999.000,9999.000,9999.000,9999.000
202605221100,   0.381,9999.000,   0.600,   0.256,   1.237,   0.600,   1.237,   0.700,   1.337
202605221106,   0.375,9999.000,9999.000,9999.000,9999.000,9999.000,9999.000,9999.000,9999.000
202605221112,   0.369,9999.000,9999.000,9999.000,9999.000,9999.000,9999.000,9999.000,9999.000
202605221118,   0.362,9999.000,9999.000,9999.000,9999.000,9999.000,9999.000,9999.000,9999.000
202605221124,   0.356,9999.000,9999.000,9999.000,9999.000,9999.000,9999.000,9999.000,9999.000
202605221130,   0.350,9999.000,9999.000,9999.000,9999.000,9999.000,9999.000,9999.000,9999.000
202605221136,   0.343,9999.000,9999.000,9999.000,9999.000,9999.000,9999.000,9999.000,9999.000
202605221142,   0.337,9999.000,9999.000,9999.000,9999.000,9999.000,9999.000,9999.000,9999.000
202605221148,   0.331,9999.000,9999.000,9999.000,9999.000,9999.000,9999.000,9999.000,9999.000
202605221154,   0.324,9999.000,9999.000,9999.000,9999.000,9999.000,9999.000,9999.000,9999.000
202605221200,   0.318,9999.000,   0.600,   0.256,   1.174,   0.600,   1.174,   0.700,   1.274
202605221206,   0.312,9999.000,9999.000,9999.000,9999.000,9999.000,9999.000,9999.000,9999.000
202605221212,   0.306,9999.000,9999.000,9999.000,9999.000,9999.000,9999.000,9999.000,9999.000
202605221218,   0.300,9999.000,9999.000,9999.000,9999.000,9999.000,9999.000,9999.000,9999.000
202605221224,   0.293,9999.000,9999.000,9999.000,9999.000,9999.000,9999.000,9999.000,9999.000
202605221230,   0.287,9999.000,9999.000,9999.000,9999.000,9999.000,9999.000,9999.000,9999.000
202605221236,   0.281,9999.000,9999.000,9999.000,9999.000,9999.000,9999.000,9999.000,9999.000
202605221242,   0.275,9999.000,9999.000,9999.000,9999.000,9999.000,9999.000,9999.000,9999.000
202605221248,   0.270,9999.000,9999.000,9999.000,9999.000,9999.000,9999.000,9999.000,9999.000
202605221254,   0.264,9999.000,9999.000,9999.000,9999.000,9999.000,9999.000,9999.000,9999.000
202605221300,   0.258,9999.000,   0.600,   0.256,   1.114,   0.600,   1.114,   0.700,   1.214
202605221306,   0.252,9999.000,9999.000,9999.000,9999.000,9999.000,9999.000,9999.000,9999.000
202605221312,   0.247,9999.000,9999.000,9999.000,9999.000,9999.000,9999.000,9999.000,9999.000
202605221318,   0.241,9999.000,9999.000,9999.000,9999.000,9999.000,9999.000,9999.000,9999.000
202605221324,   0.236,9999.000,9999.000,9999.000,9999.000,9999.000,9999.000,9999.000,9999.000
202605221330,   0.231,9999.000,9999.000,9999.000,9999.000,9999.000,9999.000,9999.000,9999.000
202605221336,   0.226,9999.000,9999.000,9999.000,9999.000,9999.000,9999.000,9999.000,9999.000
202605221342,   0.221,9999.000,9999.000,9999.000,9999.000,9999.000,9999.000,9999.000,9999.000
202605221348,   0.216,9999.000,9999.000,9999.000,9999.000,9999.000,9999.000,9999.000,9999.000
202605221354,   0.211,9999.000,9999.000,9999.000,9999.000,9999.000,9999.000,9999.000,9999.000
202605221400,   0.206,9999.000,   0.600,   0.256,   1.062,   0.600,   1.062,   0.700,   1.162
202605221406,   0.201,9999.000,9999.000,9999.000,9999.000,9999.000,9999.000,9999.000,9999.000
202605221412,   0.197,9999.000,9999.000,9999.000,9999.000,9999.000,9999.000,9999.000,9999.000
202605221418,   0.192,9999.000,9999.000,9999.000,9999.000,9999.000,9999.000,9999.000,9999.000
202605221424,   0.188,9999.000,9999.000,9999.000,9999.000,9999.000,9999.000,9999.000,9999.000
202605221430,   0.184,9999.000,9999.000,9999.000,9999.000,9999.000,9999.000,9999.000,9999.000
202605221436,   0.180,9999.000,9999.000,9999.000,9999.000,9999.000,9999.000,9999.000,9999.000
202605221442,   0.176,9999.000,9999.000,9999.000,9999.000,9999.000,9999.000,9999.000,9999.000
202605221448,   0.172,9999.000,9999.000,9999.000,9999.000,9999.000,9999.000,9999.000,9999.000
202605221454,   0.168,9999.000,9999.000,9999.000,9999.000,9999.000,9999.000,9999.000,9999.000
202605221500,   0.164,9999.000,   0.600,   0.256,   1.020,   0.600,   1.020,   0.700,   1.120
202605221506,   0.161,9999.000,9999.000,9999.000,9999.000,9999.000,9999.000,9999.000,9999.000
202605221512,   0.157,9999.000,9999.000,9999.000,9999.000,9999.000,9999.000,9999.000,9999.000
202605221518,   0.154,9999.000,9999.000,9999.000,9999.000,9999.000,9999.000,9999.000,9999.000
202605221524,   0.151,9999.000,9999.000,9999.000,9999.000,9999.000,9999.000,9999.000,9999.000
202605221530,   0.148,9999.000,9999.000,9999.000,9999.000,9999.000,9999.000,9999.000,9999.000
202605221536,   0.145,9999.000,9999.000,9999.000,9999.000,9999.000,9999.000,9999.000,9999.000
202605221542,   0.143,9999.000,9999.000,9999.000,9999.000,9999.000,9999.000,9999.000,9999.000
202605221548,   0.140,9999.000,9999.000,9999.000,9999.000,9999.000,9999.000,9999.000,9999.000
202605221554,   0.138,9999.000,9999.000,9999.000,9999.000,9999.000,9999.000,9999.000,9999.000
202605221600,   0.135,9999.000,   0.600,   0.256,   0.991,   0.600,   0.991,   0.700,   1.091
202605221606,   0.133,9999.000,9999.000,9999.000,9999.000,9999.000,9999.000,9999.000,9999.000
202605221612,   0.131,9999.000,9999.000,9999.000,9999.000,9999.000,9999.000,9999.000,9999.000
202605221618,   0.130,9999.000,9999.000,9999.000,9999.000,9999.000,9999.000,9999.000,9999.000
202605221624,   0.128,9999.000,9999.000,9999.000,9999.000,9999.000,9999.000,9999.000,9999.000
202605221630,   0.127,9999.000,9999.000,9999.000,9999.000,9999.000,9999.000,9999.000,9999.000
202605221636,   0.125,9999.000,9999.000,9999.000,9999.000,9999.000,9999.000,9999.000,9999.000
202605221642,   0.124,9999.000,9999.000,9999.000,9999.000,9999.000,9999.000,9999.000,9999.000
202605221648,   0.123,9999.000,9999.000,9999.000,9999.000,9999.000,9999.000,9999.000,9999.000
202605221654,   0.123,9999.000,9999.000,9999.000,9999.000,9999.000,9999.000,9999.000,9999.000
202605221700,   0.122,9999.000,   0.600,   0.256,   0.978,   0.600,   0.978,   0.700,   1.078
202605221706,   0.122,9999.000,9999.000,9999.000,9999.000,9999.000,9999.000,9999.000,9999.000
202605221712,   0.122,9999.000,9999.000,9999.000,9999.000,9999.000,9999.000,9999.000,9999.000
202605221718,   0.122,9999.000,9999.000,9999.000,9999.000,9999.000,9999.000,9999.000,9999.000
202605221724,   0.122,9999.000,9999.000,9999.000,9999.000,9999.000,9999.000,9999.000,9999.000
202605221730,   0.122,9999.000,9999.000,9999.000,9999.000,9999.000,9999.000,9999.000,9999.000
202605221736,   0.123,9999.000,9999.000,9999.000,9999.000,9999.000,9999.000,9999.000,9999.000
202605221742,   0.124,9999.000,9999.000,9999.000,9999.000,9999.000,9999.000,9999.000,9999.000
202605221748,   0.125,9999.000,9999.000,9999.000,9999.000,9999.000,9999.000,9999.000,9999.000
202605221754,   0.126,9999.000,9999.000,9999.000,9999.000,9999.000,9999.000,9999.000,9999.000
202605221800,   0.127,9999.000,   0.600,   0.256,   0.983,   0.600,   0.983,   0.700,   1.083
202605221806,   0.129,9999.000,9999.000,9999.000,9999.000,9999.000,9999.000,9999.000,9999.000
202605221812,   0.131,9999.000,9999.000,9999.000,9999.000,9999.000,9999.000,9999.000,9999.000
202605221818,   0.133,9999.000,9999.000,9999.000,9999.000,9999.000,9999.000,9999.000,9999.000
202605221824,   0.135,9999.000,9999.000,9999.000,9999.000,9999.000,9999.000,9999.000,9999.000
202605221830,   0.137,9999.000,9999.000,9999.000,9999.000,9999.000,9999.000,9999.000,9999.000
202605221836,   0.139,9999.000,9999.000,9999.000,9999.000,9999.000,9999.000,9999.000,9999.000
202605221842,   0.142,9999.000,9999.000,9999.000,9999.000,9999.000,9999.000,9999.000,9999.000
202605221848,   0.145,9999.000,9999.000,9999.000,9999.000,9999.000,9999.000,9999.000,9999.000
202605221854,   0.148,9999.000,9999.000,9999.000,9999.000,9999.000,9999.000,9999.000,9999.000
202605221900,   0.151,9999.000,   0.600,   0.256,   1.007,   0.600,   1.007,   0.700,   1.107
202605221906,   0.154,9999.000,9999.000,9999.000,9999.000,9999.000,9999.000,9999.000,9999.000
202605221912,   0.157,9999.000,9999.000,9999.000,9999.000,9999.000,9999.000,9999.000,9999.000
202605221918,   0.161,9999.000,9999.000,9999.000,9999.000,9999.000,9999.000,9999.000,9999.000
202605221924,   0.165,9999.000,9999.000,9999.000,9999.000,9999.000,9999.000,9999.000,9999.000
202605221930,   0.168,9999.000,9999.000,9999.000,9999.000,9999.000,9999.000,9999.000,9999.000
202605221936,   0.172,9999.000,9999.000,9999.000,9999.000,9999.000,9999.000,9999.000,9999.000
202605221942,   0.176,9999.000,9999.000,9999.000,9999.000,9999.000,9999.000,9999.000,9999.000
202605221948,   0.180,9999.000,9999.000,9999.000,9999.000,9999.000,9999.000,9999.000,9999.000
202605221954,   0.184,9999.000,9999.000,9999.000,9999.000,9999.000,9999.000,9999.000,9999.000
202605222000,   0.188,9999.000,   0.600,   0.256,   1.044,   0.600,   1.044,   0.700,   1.144
202605222006,   0.193,9999.000,9999.000,9999.000,9999.000,9999.000,9999.000,9999.000,9999.000
202605222012,   0.197,9999.000,9999.000,9999.000,9999.000,9999.000,9999.000,9999.000,9999.000
202605222018,   0.201,9999.000,9999.000,9999.000,9999.000,9999.000,9999.000,9999.000,9999.000
202605222024,   0.206,9999.000,9999.000,9999.000,9999.000,9999.000,9999.000,9999.000,9999.000
202605222030,   0.210,9999.000,9999.000,9999.000,9999.000,9999.000,9999.000,9999.000,9999.000
202605222036,   0.214,9999.000,9999.000,9999.000,9999.000,9999.000,9999.000,9999.000,9999.000
202605222042,   0.219,9999.000,9999.000,9999.000,9999.000,9999.000,9999.000,9999.000,9999.000
202605222048,   0.223,9999.000,9999.000,9999.000,9999.000,9999.000,9999.000,9999.000,9999.000
202605222054,   0.228,9999.000,9999.000,9999.000,9999.000,9999.000,9999.000,9999.000,9999.000
202605222100,   0.232,9999.000,   0.600,   0.256,   1.088,   0.600,   1.088,   0.700,   1.188
202605222106,   0.237,9999.000,9999.000,9999.000,9999.000,9999.000,9999.000,9999.000,9999.000
202605222112,   0.241,9999.000,9999.000,9999.000,9999.000,9999.000,9999.000,9999.000,9999.000
202605222118,   0.245,9999.000,9999.000,9999.000,9999.000,9999.000,9999.000,9999.000,9999.000
202605222124,   0.250,9999.000,9999.000,9999.000,9999.000,9999.000,9999.000,9999.000,9999.000
202605222130,   0.254,9999.000,9999.000,9999.000,9999.000,9999.000,9999.000,9999.000,9999.000
202605222136,   0.259,9999.000,9999.000,9999.000,9999.000,9999.000,9999.000,9999.000,9999.000
202605222142,   0.263,9999.000,9999.000,9999.000,9999.000,9999.000,9999.000,9999.000,9999.000
202605222148,   0.267,9999.000,9999.000,9999.000,9999.000,9999.000,9999.000,9999.000,9999.000
202605222154,   0.272,9999.000,9999.000,9999.000,9999.000,9999.000,9999.000,9999.000,9999.000
202605222200,   0.276,9999.000,   0.600,   0.256,   1.132,   0.600,   1.132,   0.700,   1.232
202605222206,   0.280,9999.000,9999.000,9999.000,9999.000,9999.000,9999.000,9999.000,9999.000
202605222212,   0.284,9999.000,9999.000,9999.000,9999.000,9999.000,9999.000,9999.000,9999.000
202605222218,   0.288,9999.000,9999.000,9999.000,9999.000,9999.000,9999.000,9999.000,9999.000
202605222224,   0.292,9999.000,9999.000,9999.000,9999.000,9999.000,9999.000,9999.000,9999.000
202605222230,   0.297,9999.000,9999.000,9999.000,9999.000,9999.000,9999.000,9999.000,9999.000
202605222236,   0.301,9999.000,9999.000,9999.000,9999.000,9999.000,9999.000,9999.000,9999.000
202605222242,   0.305,9999.000,9999.000,9999.000,9999.000,9999.000,9999.000,9999.000,9999.000
202605222248,   0.309,9999.000,9999.000,9999.000,9999.000,9999.000,9999.000,9999.000,9999.000
202605222254,   0.313,9999.000,9999.000,9999.000,9999.000,9999.000,9999.000,9999.000,9999.000
202605222300,   0.317,9999.000,   0.600,   0.256,   1.173,   0.600,   1.173,   0.700,   1.273
202605222306,   0.321,9999.000,9999.000,9999.000,9999.000,9999.000,9999.000,9999.000,9999.000
202605222312,   0.325,9999.000,9999.000,9999.000,9999.000,9999.000,9999.000,9999.000,9999.000
202605222318,   0.329,9999.000,9999.000,9999.000,9999.000,9999.000,9999.000,9999.000,9999.000
202605222324,   0.333,9999.000,9999.000,9999.000,9999.000,9999.000,9999.000,9999.000,9999.000
202605222330,   0.337,9999.000,9999.000,9999.000,9999.000,9999.000,9999.000,9999.000,9999.000
202605222336,   0.341,9999.000,9999.000,9999.000,9999.000,9999.000,9999.000,9999.000,9999.000
202605222342,   0.345,9999.000,9999.000,9999.000,9999.000,9999.000,9999.000,9999.000,9999.000
202605222348,   0.348,9999.000,9999.000,9999.000,9999.000,9999.000,9999.000,9999.000,9999.000
202605222354,   0.352,9999.000,9999.000,9999.000,9999.000,9999.000,9999.000,9999.000,9999.000
202605230000,   0.356,9999.000,   0.700,   0.256,   1.312,   0.600,   1.212,   0.700,   1.312
