        TIME,    TIDE,      OB,   SURGE,    BIAS,     TWL,SURGE90p,  TWL90p,SURGE10p,   TWL10p
202604150000,   0.816,   2.118,   0.900,   0.402,   2.118,   0.800,   2.018,   1.000,   2.218
202604150006,   0.802,9999.000,9999.000,9999.000,9999.000,9999.000,9999.000,9999.000,9999.000
202604150012,   0.789,   2.099,9999.000,9999.000,9999.000,9999.000,9999.000,9999.000,9999.000
202604150018,   0.776,9999.000,9999.000,9999.000,9999.000,9999.000,9999.000,9999.000,9999.000
202604150024,   0.765,   2.109,9999.000,9999.000,9999.000,9999.000,9999.000,9999.000,9999.000
202604150030,   0.754,9999.000,9999.000,9999.000,9999.000,9999.000,9999.000,9999.000,9999.000
202604150036,   0.744,   2.089,9999.000,9999.000,9999.000,9999.000,9999.000,9999.000,9999.000
202604150042,   0.735,9999.000,9999.000,9999.000,9999.000,9999.000,9999.000,9999.000,9999.000
202604150048,   0.726,   2.089,9999.000,9999.000,9999.000,9999.000,9999.000,9999.000,9999.000
202604150054,   0.719,9999.000,9999.000,9999.000,9999.000,9999.000,9999.000,9999.000,9999.000
202604150100,   0.713,   2.030,   0.900,   0.417,   2.030,   0.800,   1.930,   1.000,   2.130
202604150106,   0.707,   2.030,9999.000,9999.000,9999.000,9999.000,9999.000,9999.000,9999.000
202604150112,   0.703,   2.020,9999.000,9999.000,9999.000,9999.000,9999.000,9999.000,9999.000
202604150118,   0.699,   2.010,9999.000,9999.000,9999.000,9999.000,9999.000,9999.000,9999.000
202604150124,   0.697,   2.040,9999.000,9999.000,9999.000,9999.000,9999.000,9999.000,9999.000
202604150130,   0.695,   2.010,9999.000,9999.000,9999.000,9999.000,9999.000,9999.000,9999.000
202604150136,   0.694,   1.990,9999.000,9999.000,9999.000,9999.000,9999.000,9999.000,9999.000
202604150142,   0.694,   1.967,9999.000,9999.000,9999.000,9999.000,9999.000,9999.000,9999.000
202604150148,   0.695,   1.990,9999.000,9999.000,9999.000,9999.000,9999.000,9999.000,9999.000
202604150154,   0.696,   1.981,9999.000,9999.000,9999.000,9999.000,9999.000,9999.000,9999.000
202604150200,   0.699,   2.010,   0.900,   0.411,   2.010,   0.800,   1.910,   1.000,   2.110
202604150206,   0.702,   2.010,9999.000,9999.000,9999.000,9999.000,9999.000,9999.000,9999.000
202604150212,   0.707,   2.010,9999.000,9999.000,9999.000,9999.000,9999.000,9999.000,9999.000
202604150218,   0.712,   2.010,9999.000,9999.000,9999.000,9999.000,9999.000,9999.000,9999.000
202604150224,   0.718,   2.000,9999.000,9999.000,9999.000,9999.000,9999.000,9999.000,9999.000
202604150230,   0.725,   2.000,9999.000,9999.000,9999.000,9999.000,9999.000,9999.000,9999.000
202604150236,   0.733,   2.020,9999.000,9999.000,9999.000,9999.000,9999.000,9999.000,9999.000
202604150242,   0.741,   2.030,9999.000,9999.000,9999.000,9999.000,9999.000,9999.000,9999.000
202604150248,   0.751,   2.010,9999.000,9999.000,9999.000,9999.000,9999.000,9999.000,9999.000
202604150254,   0.761,   2.040,9999.000,9999.000,9999.000,9999.000,9999.000,9999.000,9999.000
202604150300,   0.772,   2.049,   1.000,   0.277,   2.049,   0.900,   1.949,   1.100,   2.149
202604150306,   0.784,   2.020,9999.000,9999.000,9999.000,9999.000,9999.000,9999.000,9999.000
202604150312,   0.797,   2.030,9999.000,9999.000,9999.000,9999.000,9999.000,9999.000,9999.000
202604150318,   0.811,   2.049,9999.000,9999.000,9999.000,9999.000,9999.000,9999.000,9999.000
202604150324,   0.825,   2.109,9999.000,9999.000,9999.000,9999.000,9999.000,9999.000,9999.000
202604150330,   0.840,   2.118,9999.000,9999.000,9999.000,9999.000,9999.000,9999.000,9999.000
202604150336,   0.856,   2.158,9999.000,9999.000,9999.000,9999.000,9999.000,9999.000,9999.000
202604150342,   0.873,   2.200,9999.000,9999.000,9999.000,9999.000,9999.000,9999.000,9999.000
202604150348,   0.890,   2.230,9999.000,9999.000,9999.000,9999.000,9999.000,9999.000,9999.000
202604150354,   0.908,   2.230,9999.000,9999.000,9999.000,9999.000,9999.000,9999.000,9999.000
202604150400,   0.926,   2.269,   1.000,   0.343,   2.269,   0.900,   2.169,   1.100,   2.369
202604150406,   0.946,   2.259,9999.000,9999.000,9999.000,9999.000,9999.000,9999.000,9999.000
202604150412,   0.965,   2.259,9999.000,9999.000,9999.000,9999.000,9999.000,9999.000,9999.000
202604150418,   0.986,   2.269,9999.000,9999.000,9999.000,9999.000,9999.000,9999.000,9999.000
202604150424,   1.006,   2.299,9999.000,9999.000,9999.000,9999.000,9999.000,9999.000,9999.000
202604150430,   1.027,   2.338,9999.000,9999.000,9999.000,9999.000,9999.000,9999.000,9999.000
202604150436,   1.049,   2.358,9999.000,9999.000,9999.000,9999.000,9999.000,9999.000,9999.000
202604150442,   1.071,   2.400,9999.000,9999.000,9999.000,9999.000,9999.000,9999.000,9999.000
202604150448,   1.092,   2.430,9999.000,9999.000,9999.000,9999.000,9999.000,9999.000,9999.000
202604150454,   1.115,   2.450,9999.000,9999.000,9999.000,9999.000,9999.000,9999.000,9999.000
202604150500,   1.137,   2.489,   1.000,   0.352,   2.489,   0.900,   2.389,   1.100,   2.589
202604150506,   1.159,   2.509,9999.000,9999.000,9999.000,9999.000,9999.000,9999.000,9999.000
202604150512,   1.181,   2.528,9999.000,9999.000,9999.000,9999.000,9999.000,9999.000,9999.000
202604150518,   1.203,   2.548,9999.000,9999.000,9999.000,9999.000,9999.000,9999.000,9999.000
202604150524,   1.225,   2.578,9999.000,9999.000,9999.000,9999.000,9999.000,9999.000,9999.000
202604150530,   1.247,   2.558,9999.000,9999.000,9999.000,9999.000,9999.000,9999.000,9999.000
202604150536,   1.268,   2.620,9999.000,9999.000,9999.000,9999.000,9999.000,9999.000,9999.000
202604150542,   1.289,   2.689,9999.000,9999.000,9999.000,9999.000,9999.000,9999.000,9999.000
202604150548,   1.309,   2.709,9999.000,9999.000,9999.000,9999.000,9999.000,9999.000,9999.000
202604150554,   1.329,   2.719,9999.000,9999.000,9999.000,9999.000,9999.000,9999.000,9999.000
202604150600,   1.349,   2.719,   1.000,   0.370,   2.719,   0.900,   2.619,   1.100,   2.819
202604150606,   1.368,   2.689,9999.000,9999.000,9999.000,9999.000,9999.000,9999.000,9999.000
202604150612,   1.386,   2.728,9999.000,9999.000,9999.000,9999.000,9999.000,9999.000,9999.000
202604150618,   1.403,   2.738,9999.000,9999.000,9999.000,9999.000,9999.000,9999.000,9999.000
202604150624,   1.420,   2.768,9999.000,9999.000,9999.000,9999.000,9999.000,9999.000,9999.000
202604150630,   1.436,   2.758,9999.000,9999.000,9999.000,9999.000,9999.000,9999.000,9999.000
202604150636,   1.451,   2.797,9999.000,9999.000,9999.000,9999.000,9999.000,9999.000,9999.000
202604150642,   1.466,   2.830,9999.000,9999.000,9999.000,9999.000,9999.000,9999.000,9999.000
202604150648,   1.479,   2.820,9999.000,9999.000,9999.000,9999.000,9999.000,9999.000,9999.000
202604150654,   1.492,   2.820,9999.000,9999.000,9999.000,9999.000,9999.000,9999.000,9999.000
202604150700,   1.503,   2.787,   1.000,   0.284,   2.787,   0.900,   2.687,   1.100,   2.887
202604150706,   1.514,   2.787,9999.000,9999.000,9999.000,9999.000,9999.000,9999.000,9999.000
202604150712,   1.524,   2.807,9999.000,9999.000,9999.000,9999.000,9999.000,9999.000,9999.000
202604150718,   1.533,   2.860,9999.000,9999.000,9999.000,9999.000,9999.000,9999.000,9999.000
202604150724,   1.540,   2.879,9999.000,9999.000,9999.000,9999.000,9999.000,9999.000,9999.000
202604150730,   1.547,   2.869,9999.000,9999.000,9999.000,9999.000,9999.000,9999.000,9999.000
202604150736,   1.553,   2.889,9999.000,9999.000,9999.000,9999.000,9999.000,9999.000,9999.000
202604150742,   1.558,   2.909,9999.000,9999.000,9999.000,9999.000,9999.000,9999.000,9999.000
202604150748,   1.561,   2.919,9999.000,9999.000,9999.000,9999.000,9999.000,9999.000,9999.000
202604150754,   1.564,   2.889,9999.000,9999.000,9999.000,9999.000,9999.000,9999.000,9999.000
202604150800,   1.565,   2.879,   1.000,   0.314,   2.879,   0.900,   2.779,   1.100,   2.979
202604150806,   1.566,   2.889,9999.000,9999.000,9999.000,9999.000,9999.000,9999.000,9999.000
202604150812,   1.565,   2.889,9999.000,9999.000,9999.000,9999.000,9999.000,9999.000,9999.000
202604150818,   1.564,   2.879,9999.000,9999.000,9999.000,9999.000,9999.000,9999.000,9999.000
202604150824,   1.561,   2.860,9999.000,9999.000,9999.000,9999.000,9999.000,9999.000,9999.000
202604150830,   1.557,   2.860,9999.000,9999.000,9999.000,9999.000,9999.000,9999.000,9999.000
202604150836,   1.552,   2.850,9999.000,9999.000,9999.000,9999.000,9999.000,9999.000,9999.000
202604150842,   1.546,   2.869,9999.000,9999.000,9999.000,9999.000,9999.000,9999.000,9999.000
202604150848,   1.539,   2.879,9999.000,9999.000,9999.000,9999.000,9999.000,9999.000,9999.000
202604150854,   1.531,   2.879,9999.000,9999.000,9999.000,9999.000,9999.000,9999.000,9999.000
202604150900,   1.521,   2.899,   1.100,   0.278,   2.899,   1.000,   2.799,   1.100,   2.899
202604150906,   1.511,   2.879,9999.000,9999.000,9999.000,9999.000,9999.000,9999.000,9999.000
202604150912,   1.499,   2.889,9999.000,9999.000,9999.000,9999.000,9999.000,9999.000,9999.000
202604150918,   1.487,   2.889,9999.000,9999.000,9999.000,9999.000,9999.000,9999.000,9999.000
202604150924,   1.473,   2.860,9999.000,9999.000,9999.000,9999.000,9999.000,9999.000,9999.000
202604150930,   1.458,   2.840,9999.000,9999.000,9999.000,9999.000,9999.000,9999.000,9999.000
202604150936,   1.443,   2.820,9999.000,9999.000,9999.000,9999.000,9999.000,9999.000,9999.000
202604150942,   1.426,   2.797,9999.000,9999.000,9999.000,9999.000,9999.000,9999.000,9999.000
202604150948,   1.408,   2.758,9999.000,9999.000,9999.000,9999.000,9999.000,9999.000,9999.000
202604150954,   1.390,   2.748,9999.000,9999.000,9999.000,9999.000,9999.000,9999.000,9999.000
202604151000,   1.371,   2.709,   1.100,   0.238,   2.709,   1.000,   2.609,   1.100,   2.709
202604151006,   1.351,   2.669,9999.000,9999.000,9999.000,9999.000,9999.000,9999.000,9999.000
202604151012,   1.330,   2.640,9999.000,9999.000,9999.000,9999.000,9999.000,9999.000,9999.000
202604151018,   1.309,   2.597,9999.000,9999.000,9999.000,9999.000,9999.000,9999.000,9999.000
202604151024,   1.287,   2.587,9999.000,9999.000,9999.000,9999.000,9999.000,9999.000,9999.000
202604151030,   1.264,   2.558,9999.000,9999.000,9999.000,9999.000,9999.000,9999.000,9999.000
202604151036,   1.241,   2.519,9999.000,9999.000,9999.000,9999.000,9999.000,9999.000,9999.000
202604151042,   1.218,   2.499,9999.000,9999.000,9999.000,9999.000,9999.000,9999.000,9999.000
202604151048,   1.194,   2.469,9999.000,9999.000,9999.000,9999.000,9999.000,9999.000,9999.000
202604151054,   1.171,   2.459,9999.000,9999.000,9999.000,9999.000,9999.000,9999.000,9999.000
202604151100,   1.147,   2.450,   1.100,   0.203,   2.450,   1.000,   2.350,   1.100,   2.450
202604151106,   1.123,   2.430,9999.000,9999.000,9999.000,9999.000,9999.000,9999.000,9999.000
202604151112,   1.099,   2.420,9999.000,9999.000,9999.000,9999.000,9999.000,9999.000,9999.000
202604151118,   1.076,   2.400,9999.000,9999.000,9999.000,9999.000,9999.000,9999.000,9999.000
202604151124,   1.053,   2.377,9999.000,9999.000,9999.000,9999.000,9999.000,9999.000,9999.000
202604151130,   1.030,   2.358,9999.000,9999.000,9999.000,9999.000,9999.000,9999.000,9999.000
202604151136,   1.007,   2.358,9999.000,9999.000,9999.000,9999.000,9999.000,9999.000,9999.000
202604151142,   0.985,   2.328,9999.000,9999.000,9999.000,9999.000,9999.000,9999.000,9999.000
202604151148,   0.963,   2.318,9999.000,9999.000,9999.000,9999.000,9999.000,9999.000,9999.000
202604151154,   0.943,   2.299,9999.000,9999.000,9999.000,9999.000,9999.000,9999.000,9999.000
202604151200,   0.922,   2.269,   0.900,   0.447,   2.269,   0.900,   2.269,   1.000,   2.369
202604151206,   0.903,   2.240,9999.000,9999.000,9999.000,9999.000,9999.000,9999.000,9999.000
202604151212,   0.884,   2.210,9999.000,9999.000,9999.000,9999.000,9999.000,9999.000,9999.000
202604151218,   0.866,   2.200,9999.000,9999.000,9999.000,9999.000,9999.000,9999.000,9999.000
202604151224,   0.849,   2.191,9999.000,9999.000,9999.000,9999.000,9999.000,9999.000,9999.000
202604151230,   0.833,   2.168,9999.000,9999.000,9999.000,9999.000,9999.000,9999.000,9999.000
202604151236,   0.818,   2.148,9999.000,9999.000,9999.000,9999.000,9999.000,9999.000,9999.000
202604151242,   0.804,   2.099,9999.000,9999.000,9999.000,9999.000,9999.000,9999.000,9999.000
202604151248,   0.790,   2.059,9999.000,9999.000,9999.000,9999.000,9999.000,9999.000,9999.000
202604151254,   0.778,   2.059,9999.000,9999.000,9999.000,9999.000,9999.000,9999.000,9999.000
202604151300,   0.767,   2.079,   0.900,   0.412,   2.079,   0.900,   2.079,   1.000,   2.179
202604151306,   0.756,   2.089,9999.000,9999.000,9999.000,9999.000,9999.000,9999.000,9999.000
202604151312,   0.747,   2.109,9999.000,9999.000,9999.000,9999.000,9999.000,9999.000,9999.000
202604151318,   0.738,   2.059,9999.000,9999.000,9999.000,9999.000,9999.000,9999.000,9999.000
202604151324,   0.730,   2.059,9999.000,9999.000,9999.000,9999.000,9999.000,9999.000,9999.000
202604151330,   0.724,   2.030,9999.000,9999.000,9999.000,9999.000,9999.000,9999.000,9999.000
202604151336,   0.718,   2.020,9999.000,9999.000,9999.000,9999.000,9999.000,9999.000,9999.000
202604151342,   0.713,   2.010,9999.000,9999.000,9999.000,9999.000,9999.000,9999.000,9999.000
202604151348,   0.709,   1.990,9999.000,9999.000,9999.000,9999.000,9999.000,9999.000,9999.000
202604151354,   0.705,   1.981,9999.000,9999.000,9999.000,9999.000,9999.000,9999.000,9999.000
202604151400,   0.703,   1.958,   0.900,   0.355,   1.958,   0.900,   1.958,   1.000,   2.058
202604151406,   0.701,   1.928,9999.000,9999.000,9999.000,9999.000,9999.000,9999.000,9999.000
202604151412,   0.700,   1.918,9999.000,9999.000,9999.000,9999.000,9999.000,9999.000,9999.000
202604151418,   0.700,   1.908,9999.000,9999.000,9999.000,9999.000,9999.000,9999.000,9999.000
202604151424,   0.700,   1.879,9999.000,9999.000,9999.000,9999.000,9999.000,9999.000,9999.000
202604151430,   0.702,   1.840,9999.000,9999.000,9999.000,9999.000,9999.000,9999.000,9999.000
202604151436,   0.704,   1.840,9999.000,9999.000,9999.000,9999.000,9999.000,9999.000,9999.000
202604151442,   0.707,   1.830,9999.000,9999.000,9999.000,9999.000,9999.000,9999.000,9999.000
202604151448,   0.711,   1.810,9999.000,9999.000,9999.000,9999.000,9999.000,9999.000,9999.000
202604151454,   0.715,   1.830,9999.000,9999.000,9999.000,9999.000,9999.000,9999.000,9999.000
202604151500,   0.720,   1.820,   0.900,   0.200,   1.820,   0.900,   1.820,   1.000,   1.920
202604151506,   0.726,   1.849,9999.000,9999.000,9999.000,9999.000,9999.000,9999.000,9999.000
202604151512,   0.733,   1.849,9999.000,9999.000,9999.000,9999.000,9999.000,9999.000,9999.000
202604151518,   0.740,   1.869,9999.000,9999.000,9999.000,9999.000,9999.000,9999.000,9999.000
202604151524,   0.748,   1.869,9999.000,9999.000,9999.000,9999.000,9999.000,9999.000,9999.000
202604151530,   0.757,   1.869,9999.000,9999.000,9999.000,9999.000,9999.000,9999.000,9999.000
202604151536,   0.767,   1.840,9999.000,9999.000,9999.000,9999.000,9999.000,9999.000,9999.000
202604151542,   0.778,   1.879,9999.000,9999.000,9999.000,9999.000,9999.000,9999.000,9999.000
202604151548,   0.789,   1.908,9999.000,9999.000,9999.000,9999.000,9999.000,9999.000,9999.000
202604151554,   0.801,   1.918,9999.000,9999.000,9999.000,9999.000,9999.000,9999.000,9999.000
202604151600,   0.813,   1.938,   0.900,   0.225,   1.938,   0.900,   1.938,   0.900,   1.938
202604151606,   0.827,   1.967,9999.000,9999.000,9999.000,9999.000,9999.000,9999.000,9999.000
202604151612,   0.841,   2.000,9999.000,9999.000,9999.000,9999.000,9999.000,9999.000,9999.000
202604151618,   0.856,   2.040,9999.000,9999.000,9999.000,9999.000,9999.000,9999.000,9999.000
202604151624,   0.871,   2.040,9999.000,9999.000,9999.000,9999.000,9999.000,9999.000,9999.000
202604151630,   0.887,   2.069,9999.000,9999.000,9999.000,9999.000,9999.000,9999.000,9999.000
202604151636,   0.904,   2.089,9999.000,9999.000,9999.000,9999.000,9999.000,9999.000,9999.000
202604151642,   0.921,   2.079,9999.000,9999.000,9999.000,9999.000,9999.000,9999.000,9999.000
202604151648,   0.938,   2.109,9999.000,9999.000,9999.000,9999.000,9999.000,9999.000,9999.000
202604151654,   0.956,   2.118,9999.000,9999.000,9999.000,9999.000,9999.000,9999.000,9999.000
202604151700,   0.975,   2.118,   0.800,   0.343,   2.118,   0.800,   2.118,   0.900,   2.218
202604151706,   0.993,   2.138,9999.000,9999.000,9999.000,9999.000,9999.000,9999.000,9999.000
202604151712,   1.012,   2.148,9999.000,9999.000,9999.000,9999.000,9999.000,9999.000,9999.000
202604151718,   1.031,   2.191,9999.000,9999.000,9999.000,9999.000,9999.000,9999.000,9999.000
202604151724,   1.050,   2.210,9999.000,9999.000,9999.000,9999.000,9999.000,9999.000,9999.000
202604151730,   1.068,   2.240,9999.000,9999.000,9999.000,9999.000,9999.000,9999.000,9999.000
202604151736,   1.087,   2.230,9999.000,9999.000,9999.000,9999.000,9999.000,9999.000,9999.000
202604151742,   1.106,   2.259,9999.000,9999.000,9999.000,9999.000,9999.000,9999.000,9999.000
202604151748,   1.124,   2.279,9999.000,9999.000,9999.000,9999.000,9999.000,9999.000,9999.000
202604151754,   1.143,   2.289,9999.000,9999.000,9999.000,9999.000,9999.000,9999.000,9999.000
202604151800,   1.160,   2.289,   0.900,   0.229,   2.289,   0.700,   2.089,   0.900,   2.289
202604151806,   1.178,   2.318,9999.000,9999.000,9999.000,9999.000,9999.000,9999.000,9999.000
202604151812,   1.194,   2.328,9999.000,9999.000,9999.000,9999.000,9999.000,9999.000,9999.000
202604151818,   1.211,   2.338,9999.000,9999.000,9999.000,9999.000,9999.000,9999.000,9999.000
202604151824,   1.226,   2.348,9999.000,9999.000,9999.000,9999.000,9999.000,9999.000,9999.000
202604151830,   1.241,   2.348,9999.000,9999.000,9999.000,9999.000,9999.000,9999.000,9999.000
202604151836,   1.256,   2.318,9999.000,9999.000,9999.000,9999.000,9999.000,9999.000,9999.000
202604151842,   1.269,   2.328,9999.000,9999.000,9999.000,9999.000,9999.000,9999.000,9999.000
202604151848,   1.282,   2.318,9999.000,9999.000,9999.000,9999.000,9999.000,9999.000,9999.000
202604151854,   1.294,   2.318,9999.000,9999.000,9999.000,9999.000,9999.000,9999.000,9999.000
202604151900,   1.305,   2.358,   0.900,   0.153,   2.358,   0.700,   2.158,   0.900,   2.358
202604151906,   1.315,   2.358,9999.000,9999.000,9999.000,9999.000,9999.000,9999.000,9999.000
202604151912,   1.324,   2.377,9999.000,9999.000,9999.000,9999.000,9999.000,9999.000,9999.000
202604151918,   1.332,   2.410,9999.000,9999.000,9999.000,9999.000,9999.000,9999.000,9999.000
202604151924,   1.339,   2.430,9999.000,9999.000,9999.000,9999.000,9999.000,9999.000,9999.000
202604151930,   1.346,   2.377,9999.000,9999.000,9999.000,9999.000,9999.000,9999.000,9999.000
202604151936,   1.351,   2.387,9999.000,9999.000,9999.000,9999.000,9999.000,9999.000,9999.000
202604151942,   1.355,   2.400,9999.000,9999.000,9999.000,9999.000,9999.000,9999.000,9999.000
202604151948,   1.358,   2.400,9999.000,9999.000,9999.000,9999.000,9999.000,9999.000,9999.000
202604151954,   1.360,   2.420,9999.000,9999.000,9999.000,9999.000,9999.000,9999.000,9999.000
202604152000,   1.362,   2.410,   0.900,   0.148,   2.410,   0.800,   2.310,   0.900,   2.410
202604152006,   1.362,   2.430,9999.000,9999.000,9999.000,9999.000,9999.000,9999.000,9999.000
202604152012,   1.361,   2.509,9999.000,9999.000,9999.000,9999.000,9999.000,9999.000,9999.000
202604152018,   1.359,   2.489,9999.000,9999.000,9999.000,9999.000,9999.000,9999.000,9999.000
202604152024,   1.356,   2.410,9999.000,9999.000,9999.000,9999.000,9999.000,9999.000,9999.000
202604152030,   1.351,   2.479,9999.000,9999.000,9999.000,9999.000,9999.000,9999.000,9999.000
202604152036,   1.346,   2.509,9999.000,9999.000,9999.000,9999.000,9999.000,9999.000,9999.000
202604152042,   1.340,   2.528,9999.000,9999.000,9999.000,9999.000,9999.000,9999.000,9999.000
202604152048,   1.332,   2.509,9999.000,9999.000,9999.000,9999.000,9999.000,9999.000,9999.000
202604152054,   1.324,   2.479,9999.000,9999.000,9999.000,9999.000,9999.000,9999.000,9999.000
202604152100,   1.314,   2.459,   0.900,   0.245,   2.459,   0.800,   2.359,   0.900,   2.459
202604152106,   1.303,   2.479,9999.000,9999.000,9999.000,9999.000,9999.000,9999.000,9999.000
202604152112,   1.291,   2.538,9999.000,9999.000,9999.000,9999.000,9999.000,9999.000,9999.000
202604152118,   1.278,   2.430,9999.000,9999.000,9999.000,9999.000,9999.000,9999.000,9999.000
202604152124,   1.264,   2.400,9999.000,9999.000,9999.000,9999.000,9999.000,9999.000,9999.000
202604152130,   1.248,   2.440,9999.000,9999.000,9999.000,9999.000,9999.000,9999.000,9999.000
202604152136,   1.232,   2.459,9999.000,9999.000,9999.000,9999.000,9999.000,9999.000,9999.000
202604152142,   1.215,   2.410,9999.000,9999.000,9999.000,9999.000,9999.000,9999.000,9999.000
202604152148,   1.196,   2.387,9999.000,9999.000,9999.000,9999.000,9999.000,9999.000,9999.000
202604152154,   1.177,   2.318,9999.000,9999.000,9999.000,9999.000,9999.000,9999.000,9999.000
202604152200,   1.156,   2.259,   0.900,   0.203,   2.259,   0.800,   2.159,   0.900,   2.259
202604152206,   1.135,   2.230,9999.000,9999.000,9999.000,9999.000,9999.000,9999.000,9999.000
202604152212,   1.112,   2.210,9999.000,9999.000,9999.000,9999.000,9999.000,9999.000,9999.000
202604152218,   1.089,   2.230,9999.000,9999.000,9999.000,9999.000,9999.000,9999.000,9999.000
202604152224,   1.065,   2.210,9999.000,9999.000,9999.000,9999.000,9999.000,9999.000,9999.000
202604152230,   1.040,   2.210,9999.000,9999.000,9999.000,9999.000,9999.000,9999.000,9999.000
202604152236,   1.015,   2.168,9999.000,9999.000,9999.000,9999.000,9999.000,9999.000,9999.000
202604152242,   0.989,   2.177,9999.000,9999.000,9999.000,9999.000,9999.000,9999.000,9999.000
202604152248,   0.963,   2.177,9999.000,9999.000,9999.000,9999.000,9999.000,9999.000,9999.000
202604152254,   0.936,   2.177,9999.000,9999.000,9999.000,9999.000,9999.000,9999.000,9999.000
202604152300,   0.909,   2.128,   0.900,   0.319,   2.128,   0.800,   2.028,   1.000,   2.228
202604152306,   0.882,   2.148,9999.000,9999.000,9999.000,9999.000,9999.000,9999.000,9999.000
202604152312,   0.855,   2.118,9999.000,9999.000,9999.000,9999.000,9999.000,9999.000,9999.000
202604152318,   0.827,   2.069,9999.000,9999.000,9999.000,9999.000,9999.000,9999.000,9999.000
202604152324,   0.800,   2.010,9999.000,9999.000,9999.000,9999.000,9999.000,9999.000,9999.000
202604152330,   0.773,   1.990,9999.000,9999.000,9999.000,9999.000,9999.000,9999.000,9999.000
202604152336,   0.746,   1.967,9999.000,9999.000,9999.000,9999.000,9999.000,9999.000,9999.000
202604152342,   0.720,   1.948,9999.000,9999.000,9999.000,9999.000,9999.000,9999.000,9999.000
202604152348,   0.695,   1.908,9999.000,9999.000,9999.000,9999.000,9999.000,9999.000,9999.000
202604152354,   0.670,   1.800,9999.000,9999.000,9999.000,9999.000,9999.000,9999.000,9999.000
202604160000,   0.645,   1.800,   0.900,   0.255,   1.800,   0.800,   1.700,   0.900,   1.800
202604160006,   0.622,   1.820,9999.000,9999.000,9999.000,9999.000,9999.000,9999.000,9999.000
202604160012,   0.599,   1.767,9999.000,9999.000,9999.000,9999.000,9999.000,9999.000,9999.000
202604160018,   0.577,   1.758,9999.000,9999.000,9999.000,9999.000,9999.000,9999.000,9999.000
202604160024,   0.557,   1.758,9999.000,9999.000,9999.000,9999.000,9999.000,9999.000,9999.000
202604160030,   0.537,   1.718,9999.000,9999.000,9999.000,9999.000,9999.000,9999.000,9999.000
202604160036,   0.518,   1.708,9999.000,9999.000,9999.000,9999.000,9999.000,9999.000,9999.000
202604160042,   0.501,   1.620,9999.000,9999.000,9999.000,9999.000,9999.000,9999.000,9999.000
202604160048,   0.485,   1.518,9999.000,9999.000,9999.000,9999.000,9999.000,9999.000,9999.000
202604160054,   0.470,   1.557,9999.000,9999.000,9999.000,9999.000,9999.000,9999.000,9999.000
202604160100,   0.456,   1.528,   0.900,   0.172,   1.528,   0.800,   1.428,   0.900,   1.528
202604160106,   0.444,   1.528,9999.000,9999.000,9999.000,9999.000,9999.000,9999.000,9999.000
202604160112,   0.433,   1.571,9999.000,9999.000,9999.000,9999.000,9999.000,9999.000,9999.000
202604160118,   0.423,   1.571,9999.000,9999.000,9999.000,9999.000,9999.000,9999.000,9999.000
202604160124,   0.414,   1.528,9999.000,9999.000,9999.000,9999.000,9999.000,9999.000,9999.000
202604160130,   0.407,   1.548,9999.000,9999.000,9999.000,9999.000,9999.000,9999.000,9999.000
202604160136,   0.401,   1.557,9999.000,9999.000,9999.000,9999.000,9999.000,9999.000,9999.000
202604160142,   0.396,   1.580,9999.000,9999.000,9999.000,9999.000,9999.000,9999.000,9999.000
202604160148,   0.392,   1.590,9999.000,9999.000,9999.000,9999.000,9999.000,9999.000,9999.000
202604160154,   0.390,   1.528,9999.000,9999.000,9999.000,9999.000,9999.000,9999.000,9999.000
202604160200,   0.389,   1.538,   0.900,   0.249,   1.538,   0.800,   1.438,   0.900,   1.538
202604160206,   0.388,   1.528,9999.000,9999.000,9999.000,9999.000,9999.000,9999.000,9999.000
202604160212,   0.389,   1.538,9999.000,9999.000,9999.000,9999.000,9999.000,9999.000,9999.000
202604160218,   0.392,   1.557,9999.000,9999.000,9999.000,9999.000,9999.000,9999.000,9999.000
202604160224,   0.395,   1.590,9999.000,9999.000,9999.000,9999.000,9999.000,9999.000,9999.000
202604160230,   0.399,   1.610,9999.000,9999.000,9999.000,9999.000,9999.000,9999.000,9999.000
202604160236,   0.404,   1.630,9999.000,9999.000,9999.000,9999.000,9999.000,9999.000,9999.000
202604160242,   0.411,   1.649,9999.000,9999.000,9999.000,9999.000,9999.000,9999.000,9999.000
202604160248,   0.418,   1.639,9999.000,9999.000,9999.000,9999.000,9999.000,9999.000,9999.000
202604160254,   0.427,   1.620,9999.000,9999.000,9999.000,9999.000,9999.000,9999.000,9999.000
202604160300,   0.436,   1.610,   0.900,   0.274,   1.610,   0.800,   1.510,   0.900,   1.610
202604160306,   0.447,   1.580,9999.000,9999.000,9999.000,9999.000,9999.000,9999.000,9999.000
202604160312,   0.459,   1.600,9999.000,9999.000,9999.000,9999.000,9999.000,9999.000,9999.000
202604160318,   0.471,   1.610,9999.000,9999.000,9999.000,9999.000,9999.000,9999.000,9999.000
202604160324,   0.485,   1.630,9999.000,9999.000,9999.000,9999.000,9999.000,9999.000,9999.000
202604160330,   0.500,   1.620,9999.000,9999.000,9999.000,9999.000,9999.000,9999.000,9999.000
202604160336,   0.516,   1.649,9999.000,9999.000,9999.000,9999.000,9999.000,9999.000,9999.000
202604160342,   0.533,   1.669,9999.000,9999.000,9999.000,9999.000,9999.000,9999.000,9999.000
202604160348,   0.551,   1.669,9999.000,9999.000,9999.000,9999.000,9999.000,9999.000,9999.000
202604160354,   0.570,   1.708,9999.000,9999.000,9999.000,9999.000,9999.000,9999.000,9999.000
202604160400,   0.590,   1.708,   0.900,   0.218,   1.708,   0.800,   1.608,   1.000,   1.808
202604160406,   0.611,   1.728,9999.000,9999.000,9999.000,9999.000,9999.000,9999.000,9999.000
202604160412,   0.633,   1.781,9999.000,9999.000,9999.000,9999.000,9999.000,9999.000,9999.000
202604160418,   0.656,   1.790,9999.000,9999.000,9999.000,9999.000,9999.000,9999.000,9999.000
202604160424,   0.681,   1.849,9999.000,9999.000,9999.000,9999.000,9999.000,9999.000,9999.000
202604160430,   0.706,   1.879,9999.000,9999.000,9999.000,9999.000,9999.000,9999.000,9999.000
202604160436,   0.732,   1.918,9999.000,9999.000,9999.000,9999.000,9999.000,9999.000,9999.000
202604160442,   0.759,   1.958,9999.000,9999.000,9999.000,9999.000,9999.000,9999.000,9999.000
202604160448,   0.787,   1.948,9999.000,9999.000,9999.000,9999.000,9999.000,9999.000,9999.000
202604160454,   0.816,   2.020,9999.000,9999.000,9999.000,9999.000,9999.000,9999.000,9999.000
202604160500,   0.845,   2.069,   0.800,   0.424,   2.069,   0.800,   2.069,   0.900,   2.169
202604160506,   0.875,   2.109,9999.000,9999.000,9999.000,9999.000,9999.000,9999.000,9999.000
202604160512,   0.906,   2.148,9999.000,9999.000,9999.000,9999.000,9999.000,9999.000,9999.000
202604160518,   0.937,   2.191,9999.000,9999.000,9999.000,9999.000,9999.000,9999.000,9999.000
202604160524,   0.970,   2.220,9999.000,9999.000,9999.000,9999.000,9999.000,9999.000,9999.000
202604160530,   1.001,   2.259,9999.000,9999.000,9999.000,9999.000,9999.000,9999.000,9999.000
202604160536,   1.033,   2.309,9999.000,9999.000,9999.000,9999.000,9999.000,9999.000,9999.000
202604160542,   1.065,   2.328,9999.000,9999.000,9999.000,9999.000,9999.000,9999.000,9999.000
202604160548,   1.098,   2.328,9999.000,9999.000,9999.000,9999.000,9999.000,9999.000,9999.000
202604160554,   1.130,   2.368,9999.000,9999.000,9999.000,9999.000,9999.000,9999.000,9999.000
202604160600,   1.163,   2.420,   0.900,   0.357,   2.420,   0.800,   2.320,   0.900,   2.420
202604160606,   1.195,   2.440,9999.000,9999.000,9999.000,9999.000,9999.000,9999.000,9999.000
202604160612,   1.227,   2.489,9999.000,9999.000,9999.000,9999.000,9999.000,9999.000,9999.000
202604160618,   1.258,   2.538,9999.000,9999.000,9999.000,9999.000,9999.000,9999.000,9999.000
202604160624,   1.289,   2.587,9999.000,9999.000,9999.000,9999.000,9999.000,9999.000,9999.000
202604160630,   1.320,   2.597,9999.000,9999.000,9999.000,9999.000,9999.000,9999.000,9999.000
202604160636,   1.350,   2.578,9999.000,9999.000,9999.000,9999.000,9999.000,9999.000,9999.000
202604160642,   1.379,   2.528,9999.000,9999.000,9999.000,9999.000,9999.000,9999.000,9999.000
202604160648,   1.407,   2.568,9999.000,9999.000,9999.000,9999.000,9999.000,9999.000,9999.000
202604160654,   1.435,   2.597,9999.000,9999.000,9999.000,9999.000,9999.000,9999.000,9999.000
202604160700,   1.462,   2.650,   0.900,   0.288,   2.650,   0.800,   2.550,   0.900,   2.650
202604160706,   1.487,   2.679,9999.000,9999.000,9999.000,9999.000,9999.000,9999.000,9999.000
202604160712,   1.512,   2.699,9999.000,9999.000,9999.000,9999.000,9999.000,9999.000,9999.000
202604160718,   1.536,   2.709,9999.000,9999.000,9999.000,9999.000,9999.000,9999.000,9999.000
202604160724,   1.559,   2.719,9999.000,9999.000,9999.000,9999.000,9999.000,9999.000,9999.000
202604160730,   1.581,   2.719,9999.000,9999.000,9999.000,9999.000,9999.000,9999.000,9999.000
202604160736,   1.602,   2.728,9999.000,9999.000,9999.000,9999.000,9999.000,9999.000,9999.000
202604160742,   1.621,   2.758,9999.000,9999.000,9999.000,9999.000,9999.000,9999.000,9999.000
202604160748,   1.639,   2.787,9999.000,9999.000,9999.000,9999.000,9999.000,9999.000,9999.000
202604160754,   1.657,   2.830,9999.000,9999.000,9999.000,9999.000,9999.000,9999.000,9999.000
202604160800,   1.673,   2.840,   0.900,   0.267,   2.840,   0.800,   2.740,   1.000,   2.940
202604160806,   1.688,   2.850,9999.000,9999.000,9999.000,9999.000,9999.000,9999.000,9999.000
202604160812,   1.701,   2.869,9999.000,9999.000,9999.000,9999.000,9999.000,9999.000,9999.000
202604160818,   1.714,   2.909,9999.000,9999.000,9999.000,9999.000,9999.000,9999.000,9999.000
202604160824,   1.725,   2.899,9999.000,9999.000,9999.000,9999.000,9999.000,9999.000,9999.000
202604160830,   1.735,   2.909,9999.000,9999.000,9999.000,9999.000,9999.000,9999.000,9999.000
202604160836,   1.743,   2.938,9999.000,9999.000,9999.000,9999.000,9999.000,9999.000,9999.000
202604160842,   1.751,   2.938,9999.000,9999.000,9999.000,9999.000,9999.000,9999.000,9999.000
202604160848,   1.757,   2.958,9999.000,9999.000,9999.000,9999.000,9999.000,9999.000,9999.000
202604160854,   1.761,   2.948,9999.000,9999.000,9999.000,9999.000,9999.000,9999.000,9999.000
202604160900,   1.765,   2.968,   0.900,   0.303,   2.968,   0.800,   2.868,   1.000,   3.068
202604160906,   1.767,   2.968,9999.000,9999.000,9999.000,9999.000,9999.000,9999.000,9999.000
202604160912,   1.768,   2.978,9999.000,9999.000,9999.000,9999.000,9999.000,9999.000,9999.000
202604160918,   1.767,   2.968,9999.000,9999.000,9999.000,9999.000,9999.000,9999.000,9999.000
202604160924,   1.765,   2.978,9999.000,9999.000,9999.000,9999.000,9999.000,9999.000,9999.000
202604160930,   1.762,   2.968,9999.000,9999.000,9999.000,9999.000,9999.000,9999.000,9999.000
202604160936,   1.757,   2.968,9999.000,9999.000,9999.000,9999.000,9999.000,9999.000,9999.000
202604160942,   1.751,   2.978,9999.000,9999.000,9999.000,9999.000,9999.000,9999.000,9999.000
202604160948,   1.744,   2.958,9999.000,9999.000,9999.000,9999.000,9999.000,9999.000,9999.000
202604160954,   1.735,   2.909,9999.000,9999.000,9999.000,9999.000,9999.000,9999.000,9999.000
202604161000,   1.725,   2.889,   0.900,   0.264,   2.889,   0.800,   2.789,   0.900,   2.889
202604161006,   1.714,   2.899,9999.000,9999.000,9999.000,9999.000,9999.000,9999.000,9999.000
202604161012,   1.701,   2.889,9999.000,9999.000,9999.000,9999.000,9999.000,9999.000,9999.000
202604161018,   1.687,   2.830,9999.000,9999.000,9999.000,9999.000,9999.000,9999.000,9999.000
202604161024,   1.672,   2.807,9999.000,9999.000,9999.000,9999.000,9999.000,9999.000,9999.000
202604161030,   1.656,   2.778,9999.000,9999.000,9999.000,9999.000,9999.000,9999.000,9999.000
202604161036,   1.638,   2.807,9999.000,9999.000,9999.000,9999.000,9999.000,9999.000,9999.000
202604161042,   1.620,   2.778,9999.000,9999.000,9999.000,9999.000,9999.000,9999.000,9999.000
202604161048,   1.601,   2.768,9999.000,9999.000,9999.000,9999.000,9999.000,9999.000,9999.000
202604161054,   1.580,   2.748,9999.000,9999.000,9999.000,9999.000,9999.000,9999.000,9999.000
202604161100,   1.559,   2.699,   0.900,   0.240,   2.699,   0.800,   2.599,   0.900,   2.699
202604161106,   1.537,   2.669,9999.000,9999.000,9999.000,9999.000,9999.000,9999.000,9999.000
202604161112,   1.515,   2.597,9999.000,9999.000,9999.000,9999.000,9999.000,9999.000,9999.000
202604161118,   1.491,   2.578,9999.000,9999.000,9999.000,9999.000,9999.000,9999.000,9999.000
202604161124,   1.468,   2.528,9999.000,9999.000,9999.000,9999.000,9999.000,9999.000,9999.000
202604161130,   1.444,   2.528,9999.000,9999.000,9999.000,9999.000,9999.000,9999.000,9999.000
202604161136,   1.419,   2.499,9999.000,9999.000,9999.000,9999.000,9999.000,9999.000,9999.000
202604161142,   1.395,   2.440,9999.000,9999.000,9999.000,9999.000,9999.000,9999.000,9999.000
202604161148,   1.371,   2.430,9999.000,9999.000,9999.000,9999.000,9999.000,9999.000,9999.000
202604161154,   1.346,   2.400,9999.000,9999.000,9999.000,9999.000,9999.000,9999.000,9999.000
202604161200,   1.322,   2.387,   0.800,   0.265,   2.387,   0.700,   2.287,   0.800,   2.387
202604161206,   1.298,   2.348,9999.000,9999.000,9999.000,9999.000,9999.000,9999.000,9999.000
202604161212,   1.274,   2.348,9999.000,9999.000,9999.000,9999.000,9999.000,9999.000,9999.000
202604161218,   1.251,   2.328,9999.000,9999.000,9999.000,9999.000,9999.000,9999.000,9999.000
202604161224,   1.228,   2.309,9999.000,9999.000,9999.000,9999.000,9999.000,9999.000,9999.000
202604161230,   1.206,   2.299,9999.000,9999.000,9999.000,9999.000,9999.000,9999.000,9999.000
202604161236,   1.184,   2.289,9999.000,9999.000,9999.000,9999.000,9999.000,9999.000,9999.000
202604161242,   1.163,   2.269,9999.000,9999.000,9999.000,9999.000,9999.000,9999.000,9999.000
202604161248,   1.143,   2.279,9999.000,9999.000,9999.000,9999.000,9999.000,9999.000,9999.000
202604161254,   1.124,   2.269,9999.000,9999.000,9999.000,9999.000,9999.000,9999.000,9999.000
202604161300,   1.106,   2.269,   0.800,   0.363,   2.269,   0.700,   2.169,   0.800,   2.269
202604161306,   1.088,   2.259,9999.000,9999.000,9999.000,9999.000,9999.000,9999.000,9999.000
202604161312,   1.071,   2.240,9999.000,9999.000,9999.000,9999.000,9999.000,9999.000,9999.000
202604161318,   1.055,   2.240,9999.000,9999.000,9999.000,9999.000,9999.000,9999.000,9999.000
202604161324,   1.040,   2.210,9999.000,9999.000,9999.000,9999.000,9999.000,9999.000,9999.000
202604161330,   1.026,   2.177,9999.000,9999.000,9999.000,9999.000,9999.000,9999.000,9999.000
202604161336,   1.013,   2.200,9999.000,9999.000,9999.000,9999.000,9999.000,9999.000,9999.000
202604161342,   1.001,   2.158,9999.000,9999.000,9999.000,9999.000,9999.000,9999.000,9999.000
202604161348,   0.989,   2.168,9999.000,9999.000,9999.000,9999.000,9999.000,9999.000,9999.000
202604161354,   0.978,   2.200,9999.000,9999.000,9999.000,9999.000,9999.000,9999.000,9999.000
202604161400,   0.970,   2.148,   0.700,   0.478,   2.148,   0.700,   2.148,   0.800,   2.248
202604161406,   0.959,   2.118,9999.000,9999.000,9999.000,9999.000,9999.000,9999.000,9999.000
202604161412,   0.951,   2.128,9999.000,9999.000,9999.000,9999.000,9999.000,9999.000,9999.000
202604161418,   0.943,   2.118,9999.000,9999.000,9999.000,9999.000,9999.000,9999.000,9999.000
202604161424,   0.937,   2.148,9999.000,9999.000,9999.000,9999.000,9999.000,9999.000,9999.000
202604161430,   0.930,   2.128,9999.000,9999.000,9999.000,9999.000,9999.000,9999.000,9999.000
202604161436,   0.925,   2.148,9999.000,9999.000,9999.000,9999.000,9999.000,9999.000,9999.000
202604161442,   0.920,   2.099,9999.000,9999.000,9999.000,9999.000,9999.000,9999.000,9999.000
202604161448,   0.916,   2.089,9999.000,9999.000,9999.000,9999.000,9999.000,9999.000,9999.000
202604161454,   0.912,   2.049,9999.000,9999.000,9999.000,9999.000,9999.000,9999.000,9999.000
202604161500,   0.909,   2.030,   0.700,   0.421,   2.030,   0.700,   2.030,   0.800,   2.130
202604161506,   0.907,   2.010,9999.000,9999.000,9999.000,9999.000,9999.000,9999.000,9999.000
202604161512,   0.905,   2.040,9999.000,9999.000,9999.000,9999.000,9999.000,9999.000,9999.000
202604161518,   0.904,   2.040,9999.000,9999.000,9999.000,9999.000,9999.000,9999.000,9999.000
202604161524,   0.903,   2.000,9999.000,9999.000,9999.000,9999.000,9999.000,9999.000,9999.000
202604161530,   0.904,   1.981,9999.000,9999.000,9999.000,9999.000,9999.000,9999.000,9999.000
202604161536,   0.905,   2.000,9999.000,9999.000,9999.000,9999.000,9999.000,9999.000,9999.000
202604161542,   0.906,   1.981,9999.000,9999.000,9999.000,9999.000,9999.000,9999.000,9999.000
202604161548,   0.909,   1.981,9999.000,9999.000,9999.000,9999.000,9999.000,9999.000,9999.000
202604161554,   0.912,   1.967,9999.000,9999.000,9999.000,9999.000,9999.000,9999.000,9999.000
202604161600,   0.915,   1.990,   0.700,   0.375,   1.990,   0.700,   1.990,   0.800,   2.090
202604161606,   0.920,   1.958,9999.000,9999.000,9999.000,9999.000,9999.000,9999.000,9999.000
202604161612,   0.925,   1.948,9999.000,9999.000,9999.000,9999.000,9999.000,9999.000,9999.000
202604161618,   0.931,   1.938,9999.000,9999.000,9999.000,9999.000,9999.000,9999.000,9999.000
202604161624,   0.938,   1.958,9999.000,9999.000,9999.000,9999.000,9999.000,9999.000,9999.000
202604161630,   0.946,   1.990,9999.000,9999.000,9999.000,9999.000,9999.000,9999.000,9999.000
202604161636,   0.955,   1.990,9999.000,9999.000,9999.000,9999.000,9999.000,9999.000,9999.000
202604161642,   0.964,   2.010,9999.000,9999.000,9999.000,9999.000,9999.000,9999.000,9999.000
202604161648,   0.974,   2.030,9999.000,9999.000,9999.000,9999.000,9999.000,9999.000,9999.000
202604161654,   0.985,   2.020,9999.000,9999.000,9999.000,9999.000,9999.000,9999.000,9999.000
202604161700,   0.997,   2.010,   0.700,   0.313,   2.010,   0.700,   2.010,   0.800,   2.110
202604161706,   1.009,   2.040,9999.000,9999.000,9999.000,9999.000,9999.000,9999.000,9999.000
202604161712,   1.022,   2.000,9999.000,9999.000,9999.000,9999.000,9999.000,9999.000,9999.000
202604161718,   1.035,   1.990,9999.000,9999.000,9999.000,9999.000,9999.000,9999.000,9999.000
202604161724,   1.049,   2.049,9999.000,9999.000,9999.000,9999.000,9999.000,9999.000,9999.000
202604161730,   1.064,   2.059,9999.000,9999.000,9999.000,9999.000,9999.000,9999.000,9999.000
202604161736,   1.079,   2.099,9999.000,9999.000,9999.000,9999.000,9999.000,9999.000,9999.000
202604161742,   1.094,   2.089,9999.000,9999.000,9999.000,9999.000,9999.000,9999.000,9999.000
202604161748,   1.110,   2.128,9999.000,9999.000,9999.000,9999.000,9999.000,9999.000,9999.000
202604161754,   1.125,   2.138,9999.000,9999.000,9999.000,9999.000,9999.000,9999.000,9999.000
202604161800,   1.141,   2.158,   0.700,   0.317,   2.158,   0.700,   2.158,   0.800,   2.258
202604161806,   1.157,   2.210,9999.000,9999.000,9999.000,9999.000,9999.000,9999.000,9999.000
202604161812,   1.173,   2.191,9999.000,9999.000,9999.000,9999.000,9999.000,9999.000,9999.000
202604161818,   1.188,   2.191,9999.000,9999.000,9999.000,9999.000,9999.000,9999.000,9999.000
202604161824,   1.204,   2.200,9999.000,9999.000,9999.000,9999.000,9999.000,9999.000,9999.000
202604161830,   1.219,   2.230,9999.000,9999.000,9999.000,9999.000,9999.000,9999.000,9999.000
202604161836,   1.234,   2.259,9999.000,9999.000,9999.000,9999.000,9999.000,9999.000,9999.000
202604161842,   1.248,   2.289,9999.000,9999.000,9999.000,9999.000,9999.000,9999.000,9999.000
202604161848,   1.262,   2.318,9999.000,9999.000,9999.000,9999.000,9999.000,9999.000,9999.000
202604161854,   1.275,   2.410,9999.000,9999.000,9999.000,9999.000,9999.000,9999.000,9999.000
202604161900,   1.287,   2.318,   0.700,   0.331,   2.318,   0.700,   2.318,   0.800,   2.418
202604161906,   1.299,   2.358,9999.000,9999.000,9999.000,9999.000,9999.000,9999.000,9999.000
202604161912,   1.309,   2.377,9999.000,9999.000,9999.000,9999.000,9999.000,9999.000,9999.000
202604161918,   1.319,   2.387,9999.000,9999.000,9999.000,9999.000,9999.000,9999.000,9999.000
202604161924,   1.328,   2.400,9999.000,9999.000,9999.000,9999.000,9999.000,9999.000,9999.000
202604161930,   1.336,   2.410,9999.000,9999.000,9999.000,9999.000,9999.000,9999.000,9999.000
202604161936,   1.344,   2.410,9999.000,9999.000,9999.000,9999.000,9999.000,9999.000,9999.000
202604161942,   1.350,   2.420,9999.000,9999.000,9999.000,9999.000,9999.000,9999.000,9999.000
202604161948,   1.355,   2.410,9999.000,9999.000,9999.000,9999.000,9999.000,9999.000,9999.000
202604161954,   1.359,   2.420,9999.000,9999.000,9999.000,9999.000,9999.000,9999.000,9999.000
202604162000,   1.362,   2.400,   0.800,   0.238,   2.400,   0.700,   2.300,   0.800,   2.400
202604162006,   1.364,   2.377,9999.000,9999.000,9999.000,9999.000,9999.000,9999.000,9999.000
202604162012,   1.365,   2.348,9999.000,9999.000,9999.000,9999.000,9999.000,9999.000,9999.000
202604162018,   1.364,   2.348,9999.000,9999.000,9999.000,9999.000,9999.000,9999.000,9999.000
202604162024,   1.363,   2.318,9999.000,9999.000,9999.000,9999.000,9999.000,9999.000,9999.000
202604162030,   1.360,   2.338,9999.000,9999.000,9999.000,9999.000,9999.000,9999.000,9999.000
202604162036,   1.356,   2.368,9999.000,9999.000,9999.000,9999.000,9999.000,9999.000,9999.000
202604162042,   1.351,   2.400,9999.000,9999.000,9999.000,9999.000,9999.000,9999.000,9999.000
202604162048,   1.345,   2.420,9999.000,9999.000,9999.000,9999.000,9999.000,9999.000,9999.000
202604162054,   1.338,   2.420,9999.000,9999.000,9999.000,9999.000,9999.000,9999.000,9999.000
202604162100,   1.329,   2.377,   0.800,   0.248,   2.377,   0.700,   2.277,   0.800,   2.377
202604162106,   1.319,   2.348,9999.000,9999.000,9999.000,9999.000,9999.000,9999.000,9999.000
202604162112,   1.308,   2.348,9999.000,9999.000,9999.000,9999.000,9999.000,9999.000,9999.000
202604162118,   1.296,   2.177,9999.000,9999.000,9999.000,9999.000,9999.000,9999.000,9999.000
202604162124,   1.283,   2.158,9999.000,9999.000,9999.000,9999.000,9999.000,9999.000,9999.000
202604162130,   1.268,   2.191,9999.000,9999.000,9999.000,9999.000,9999.000,9999.000,9999.000
202604162136,   1.252,   2.210,9999.000,9999.000,9999.000,9999.000,9999.000,9999.000,9999.000
202604162142,   1.235,   2.210,9999.000,9999.000,9999.000,9999.000,9999.000,9999.000,9999.000
202604162148,   1.217,   2.230,9999.000,9999.000,9999.000,9999.000,9999.000,9999.000,9999.000
202604162154,   1.197,   2.191,9999.000,9999.000,9999.000,9999.000,9999.000,9999.000,9999.000
202604162200,   1.176,   2.148,   0.800,   0.172,   2.148,   0.700,   2.048,   0.800,   2.148
202604162206,   1.154,   2.118,9999.000,9999.000,9999.000,9999.000,9999.000,9999.000,9999.000
202604162212,   1.131,   2.079,9999.000,9999.000,9999.000,9999.000,9999.000,9999.000,9999.000
202604162218,   1.107,   2.040,9999.000,9999.000,9999.000,9999.000,9999.000,9999.000,9999.000
202604162224,   1.081,   2.020,9999.000,9999.000,9999.000,9999.000,9999.000,9999.000,9999.000
202604162230,   1.054,   1.981,9999.000,9999.000,9999.000,9999.000,9999.000,9999.000,9999.000
202604162236,   1.026,   1.948,9999.000,9999.000,9999.000,9999.000,9999.000,9999.000,9999.000
202604162242,   0.998,   1.928,9999.000,9999.000,9999.000,9999.000,9999.000,9999.000,9999.000
202604162248,   0.968,   1.899,9999.000,9999.000,9999.000,9999.000,9999.000,9999.000,9999.000
202604162254,   0.937,   1.869,9999.000,9999.000,9999.000,9999.000,9999.000,9999.000,9999.000
202604162300,   0.906,   1.849,   0.800,   0.143,   1.849,   0.800,   1.849,   0.900,   1.949
202604162306,   0.874,   1.781,9999.000,9999.000,9999.000,9999.000,9999.000,9999.000,9999.000
202604162312,   0.841,   1.790,9999.000,9999.000,9999.000,9999.000,9999.000,9999.000,9999.000
202604162318,   0.808,   1.790,9999.000,9999.000,9999.000,9999.000,9999.000,9999.000,9999.000
202604162324,   0.774,   1.689,9999.000,9999.000,9999.000,9999.000,9999.000,9999.000,9999.000
202604162330,   0.740,   1.649,9999.000,9999.000,9999.000,9999.000,9999.000,9999.000,9999.000
202604162336,   0.706,   1.620,9999.000,9999.000,9999.000,9999.000,9999.000,9999.000,9999.000
202604162342,   0.672,   1.571,9999.000,9999.000,9999.000,9999.000,9999.000,9999.000,9999.000
202604162348,   0.637,   1.557,9999.000,9999.000,9999.000,9999.000,9999.000,9999.000,9999.000
202604162354,   0.603,   1.538,9999.000,9999.000,9999.000,9999.000,9999.000,9999.000,9999.000
202604170000,   0.569,   1.489,   0.800,   0.120,   1.489,   0.700,   1.389,   0.800,   1.489
202604170006,   0.536,   1.430,9999.000,9999.000,9999.000,9999.000,9999.000,9999.000,9999.000
202604170012,   0.503,   1.400,9999.000,9999.000,9999.000,9999.000,9999.000,9999.000,9999.000
202604170018,   0.471,   1.338,9999.000,9999.000,9999.000,9999.000,9999.000,9999.000,9999.000
202604170024,   0.439,   1.318,9999.000,9999.000,9999.000,9999.000,9999.000,9999.000,9999.000
202604170030,   0.408,   1.249,9999.000,9999.000,9999.000,9999.000,9999.000,9999.000,9999.000
202604170036,   0.379,   1.200,9999.000,9999.000,9999.000,9999.000,9999.000,9999.000,9999.000
202604170042,   0.350,   1.180,9999.000,9999.000,9999.000,9999.000,9999.000,9999.000,9999.000
202604170048,   0.322,   1.151,9999.000,9999.000,9999.000,9999.000,9999.000,9999.000,9999.000
202604170054,   0.296,   1.180,9999.000,9999.000,9999.000,9999.000,9999.000,9999.000,9999.000
202604170100,   0.271,   1.161,   0.800,   0.090,   1.161,   0.700,   1.061,   0.800,   1.161
202604170106,   0.247,   1.108,9999.000,9999.000,9999.000,9999.000,9999.000,9999.000,9999.000
202604170112,   0.225,   1.059,9999.000,9999.000,9999.000,9999.000,9999.000,9999.000,9999.000
202604170118,   0.204,   1.039,9999.000,9999.000,9999.000,9999.000,9999.000,9999.000,9999.000
202604170124,   0.185,   1.020,9999.000,9999.000,9999.000,9999.000,9999.000,9999.000,9999.000
202604170130,   0.167,   0.990,9999.000,9999.000,9999.000,9999.000,9999.000,9999.000,9999.000
202604170136,   0.150,   1.000,9999.000,9999.000,9999.000,9999.000,9999.000,9999.000,9999.000
202604170142,   0.136,   1.010,9999.000,9999.000,9999.000,9999.000,9999.000,9999.000,9999.000
202604170148,   0.122,   1.000,9999.000,9999.000,9999.000,9999.000,9999.000,9999.000,9999.000
202604170154,   0.111,   0.970,9999.000,9999.000,9999.000,9999.000,9999.000,9999.000,9999.000
202604170200,   0.100,   0.941,   0.800,   0.041,   0.941,   0.800,   0.941,   0.800,   0.941
202604170206,   0.092,   0.941,9999.000,9999.000,9999.000,9999.000,9999.000,9999.000,9999.000
202604170212,   0.085,   0.951,9999.000,9999.000,9999.000,9999.000,9999.000,9999.000,9999.000
202604170218,   0.079,   0.970,9999.000,9999.000,9999.000,9999.000,9999.000,9999.000,9999.000
202604170224,   0.075,   0.970,9999.000,9999.000,9999.000,9999.000,9999.000,9999.000,9999.000
202604170230,   0.072,   0.980,9999.000,9999.000,9999.000,9999.000,9999.000,9999.000,9999.000
202604170236,   0.071,   0.970,9999.000,9999.000,9999.000,9999.000,9999.000,9999.000,9999.000
202604170242,   0.071,   0.980,9999.000,9999.000,9999.000,9999.000,9999.000,9999.000,9999.000
202604170248,   0.073,   1.000,9999.000,9999.000,9999.000,9999.000,9999.000,9999.000,9999.000
202604170254,   0.076,   1.039,9999.000,9999.000,9999.000,9999.000,9999.000,9999.000,9999.000
202604170300,   0.080,   1.010,   0.800,   0.130,   1.010,   0.700,   0.910,   0.800,   1.010
202604170306,   0.086,   1.000,9999.000,9999.000,9999.000,9999.000,9999.000,9999.000,9999.000
202604170312,   0.093,   1.000,9999.000,9999.000,9999.000,9999.000,9999.000,9999.000,9999.000
202604170318,   0.101,   1.069,9999.000,9999.000,9999.000,9999.000,9999.000,9999.000,9999.000
202604170324,   0.111,   1.069,9999.000,9999.000,9999.000,9999.000,9999.000,9999.000,9999.000
202604170330,   0.122,   1.118,9999.000,9999.000,9999.000,9999.000,9999.000,9999.000,9999.000
202604170336,   0.134,   1.108,9999.000,9999.000,9999.000,9999.000,9999.000,9999.000,9999.000
202604170342,   0.148,   1.079,9999.000,9999.000,9999.000,9999.000,9999.000,9999.000,9999.000
202604170348,   0.162,   1.108,9999.000,9999.000,9999.000,9999.000,9999.000,9999.000,9999.000
202604170354,   0.179,   1.151,9999.000,9999.000,9999.000,9999.000,9999.000,9999.000,9999.000
202604170400,   0.196,   1.161,   0.800,   0.165,   1.161,   0.700,   1.061,   0.800,   1.161
202604170406,   0.215,   1.200,9999.000,9999.000,9999.000,9999.000,9999.000,9999.000,9999.000
202604170412,   0.235,   1.220,9999.000,9999.000,9999.000,9999.000,9999.000,9999.000,9999.000
202604170418,   0.257,   1.279,9999.000,9999.000,9999.000,9999.000,9999.000,9999.000,9999.000
202604170424,   0.280,   1.298,9999.000,9999.000,9999.000,9999.000,9999.000,9999.000,9999.000
202604170430,   0.304,   1.338,9999.000,9999.000,9999.000,9999.000,9999.000,9999.000,9999.000
202604170436,   0.330,   1.371,9999.000,9999.000,9999.000,9999.000,9999.000,9999.000,9999.000
202604170442,   0.357,   1.380,9999.000,9999.000,9999.000,9999.000,9999.000,9999.000,9999.000
202604170448,   0.385,   1.400,9999.000,9999.000,9999.000,9999.000,9999.000,9999.000,9999.000
202604170454,   0.415,   1.459,9999.000,9999.000,9999.000,9999.000,9999.000,9999.000,9999.000
202604170500,   0.446,   1.508,   0.800,   0.262,   1.508,   0.700,   1.408,   0.800,   1.508
202604170506,   0.478,   1.518,9999.000,9999.000,9999.000,9999.000,9999.000,9999.000,9999.000
202604170512,   0.511,   1.557,9999.000,9999.000,9999.000,9999.000,9999.000,9999.000,9999.000
202604170518,   0.546,   1.620,9999.000,9999.000,9999.000,9999.000,9999.000,9999.000,9999.000
202604170524,   0.581,   1.649,9999.000,9999.000,9999.000,9999.000,9999.000,9999.000,9999.000
202604170530,   0.618,   1.689,9999.000,9999.000,9999.000,9999.000,9999.000,9999.000,9999.000
202604170536,   0.655,   1.738,9999.000,9999.000,9999.000,9999.000,9999.000,9999.000,9999.000
202604170542,   0.693,   1.748,9999.000,9999.000,9999.000,9999.000,9999.000,9999.000,9999.000
202604170548,   0.732,   1.800,9999.000,9999.000,9999.000,9999.000,9999.000,9999.000,9999.000
202604170554,   0.772,   1.830,9999.000,9999.000,9999.000,9999.000,9999.000,9999.000,9999.000
202604170600,   0.812,   1.879,   0.800,   0.267,   1.879,   0.800,   1.879,   0.800,   1.879
202604170606,   0.853,   1.918,9999.000,9999.000,9999.000,9999.000,9999.000,9999.000,9999.000
202604170612,   0.895,   1.958,9999.000,9999.000,9999.000,9999.000,9999.000,9999.000,9999.000
202604170618,   0.936,   1.981,9999.000,9999.000,9999.000,9999.000,9999.000,9999.000,9999.000
202604170624,   0.978,   2.030,9999.000,9999.000,9999.000,9999.000,9999.000,9999.000,9999.000
202604170630,   1.020,   2.069,9999.000,9999.000,9999.000,9999.000,9999.000,9999.000,9999.000
202604170636,   1.061,   2.118,9999.000,9999.000,9999.000,9999.000,9999.000,9999.000,9999.000
202604170642,   1.103,   2.128,9999.000,9999.000,9999.000,9999.000,9999.000,9999.000,9999.000
202604170648,   1.144,   2.200,9999.000,9999.000,9999.000,9999.000,9999.000,9999.000,9999.000
202604170654,   1.185,   2.230,9999.000,9999.000,9999.000,9999.000,9999.000,9999.000,9999.000
202604170700,   1.226,   2.259,   0.800,   0.233,   2.259,   0.800,   2.259,   0.900,   2.359
202604170706,   1.266,   2.309,9999.000,9999.000,9999.000,9999.000,9999.000,9999.000,9999.000
202604170712,   1.306,   2.338,9999.000,9999.000,9999.000,9999.000,9999.000,9999.000,9999.000
202604170718,   1.345,   2.368,9999.000,9999.000,9999.000,9999.000,9999.000,9999.000,9999.000
202604170724,   1.383,   2.400,9999.000,9999.000,9999.000,9999.000,9999.000,9999.000,9999.000
202604170730,   1.420,   2.430,9999.000,9999.000,9999.000,9999.000,9999.000,9999.000,9999.000
202604170736,   1.456,   2.459,9999.000,9999.000,9999.000,9999.000,9999.000,9999.000,9999.000
202604170742,   1.492,   2.528,9999.000,9999.000,9999.000,9999.000,9999.000,9999.000,9999.000
202604170748,   1.526,   2.519,9999.000,9999.000,9999.000,9999.000,9999.000,9999.000,9999.000
202604170754,   1.559,   2.479,9999.000,9999.000,9999.000,9999.000,9999.000,9999.000,9999.000
202604170800,   1.591,   2.558,   0.800,   0.167,   2.558,   0.800,   2.558,   0.900,   2.658
202604170806,   1.622,   2.587,9999.000,9999.000,9999.000,9999.000,9999.000,9999.000,9999.000
202604170812,   1.652,   2.610,9999.000,9999.000,9999.000,9999.000,9999.000,9999.000,9999.000
202604170818,   1.681,   2.640,9999.000,9999.000,9999.000,9999.000,9999.000,9999.000,9999.000
202604170824,   1.708,   2.689,9999.000,9999.000,9999.000,9999.000,9999.000,9999.000,9999.000
202604170830,   1.734,   2.748,9999.000,9999.000,9999.000,9999.000,9999.000,9999.000,9999.000
202604170836,   1.758,   2.768,9999.000,9999.000,9999.000,9999.000,9999.000,9999.000,9999.000
202604170842,   1.782,   2.650,9999.000,9999.000,9999.000,9999.000,9999.000,9999.000,9999.000
202604170848,   1.804,   2.758,9999.000,9999.000,9999.000,9999.000,9999.000,9999.000,9999.000
202604170854,   1.824,   2.807,9999.000,9999.000,9999.000,9999.000,9999.000,9999.000,9999.000
202604170900,   1.843,   2.860,   0.900,   0.117,   2.860,   0.800,   2.760,   0.900,   2.860
202604170906,   1.861,   2.860,9999.000,9999.000,9999.000,9999.000,9999.000,9999.000,9999.000
202604170912,   1.877,   2.919,9999.000,9999.000,9999.000,9999.000,9999.000,9999.000,9999.000
202604170918,   1.892,   2.909,9999.000,9999.000,9999.000,9999.000,9999.000,9999.000,9999.000
202604170924,   1.905,   2.919,9999.000,9999.000,9999.000,9999.000,9999.000,9999.000,9999.000
202604170930,   1.917,   2.958,9999.000,9999.000,9999.000,9999.000,9999.000,9999.000,9999.000
202604170936,   1.927,   2.968,9999.000,9999.000,9999.000,9999.000,9999.000,9999.000,9999.000
202604170942,   1.936,   2.968,9999.000,9999.000,9999.000,9999.000,9999.000,9999.000,9999.000
202604170948,   1.943,   2.978,9999.000,9999.000,9999.000,9999.000,9999.000,9999.000,9999.000
202604170954,   1.948,   2.988,9999.000,9999.000,9999.000,9999.000,9999.000,9999.000,9999.000
202604171000,   1.952,   2.968,   0.900,   0.116,   2.968,   0.900,   2.968,   1.000,   3.068
202604171006,   1.955,   2.948,9999.000,9999.000,9999.000,9999.000,9999.000,9999.000,9999.000
202604171012,   1.955,   2.938,9999.000,9999.000,9999.000,9999.000,9999.000,9999.000,9999.000
202604171018,   1.954,   2.938,9999.000,9999.000,9999.000,9999.000,9999.000,9999.000,9999.000
202604171024,   1.952,   2.919,9999.000,9999.000,9999.000,9999.000,9999.000,9999.000,9999.000
202604171030,   1.948,   2.938,9999.000,9999.000,9999.000,9999.000,9999.000,9999.000,9999.000
202604171036,   1.943,   2.938,9999.000,9999.000,9999.000,9999.000,9999.000,9999.000,9999.000
202604171042,   1.935,   2.919,9999.000,9999.000,9999.000,9999.000,9999.000,9999.000,9999.000
202604171048,   1.927,   2.909,9999.000,9999.000,9999.000,9999.000,9999.000,9999.000,9999.000
202604171054,   1.917,   2.909,9999.000,9999.000,9999.000,9999.000,9999.000,9999.000,9999.000
202604171100,   1.905,   2.919,   1.000,   0.014,   2.919,   0.900,   2.819,   1.000,   2.919
202604171106,   1.893,   2.909,9999.000,9999.000,9999.000,9999.000,9999.000,9999.000,9999.000
202604171112,   1.879,   2.889,9999.000,9999.000,9999.000,9999.000,9999.000,9999.000,9999.000
202604171118,   1.863,   2.879,9999.000,9999.000,9999.000,9999.000,9999.000,9999.000,9999.000
202604171124,   1.847,   2.860,9999.000,9999.000,9999.000,9999.000,9999.000,9999.000,9999.000
202604171130,   1.829,   2.850,9999.000,9999.000,9999.000,9999.000,9999.000,9999.000,9999.000
202604171136,   1.811,   2.820,9999.000,9999.000,9999.000,9999.000,9999.000,9999.000,9999.000
202604171142,   1.791,   2.797,9999.000,9999.000,9999.000,9999.000,9999.000,9999.000,9999.000
202604171148,   1.771,   2.787,9999.000,9999.000,9999.000,9999.000,9999.000,9999.000,9999.000
202604171154,   1.750,   2.758,9999.000,9999.000,9999.000,9999.000,9999.000,9999.000,9999.000
202604171200,   1.728,   2.728,   0.900,   0.100,   2.728,   0.800,   2.628,   0.900,   2.728
202604171206,   1.706,   2.709,9999.000,9999.000,9999.000,9999.000,9999.000,9999.000,9999.000
202604171212,   1.684,   2.669,9999.000,9999.000,9999.000,9999.000,9999.000,9999.000,9999.000
202604171218,   1.661,   2.650,9999.000,9999.000,9999.000,9999.000,9999.000,9999.000,9999.000
202604171224,   1.638,   2.650,9999.000,9999.000,9999.000,9999.000,9999.000,9999.000,9999.000
202604171230,   1.615,   2.630,9999.000,9999.000,9999.000,9999.000,9999.000,9999.000,9999.000
202604171236,   1.592,   2.630,9999.000,9999.000,9999.000,9999.000,9999.000,9999.000,9999.000
202604171242,   1.569,   2.620,9999.000,9999.000,9999.000,9999.000,9999.000,9999.000,9999.000
202604171248,   1.546,   2.620,9999.000,9999.000,9999.000,9999.000,9999.000,9999.000,9999.000
202604171254,   1.523,   2.610,9999.000,9999.000,9999.000,9999.000,9999.000,9999.000,9999.000
202604171300,   1.501,   2.578,   0.900,   0.177,   2.578,   0.900,   2.578,   0.900,   2.578
202604171306,   1.479,   2.568,9999.000,9999.000,9999.000,9999.000,9999.000,9999.000,9999.000
202604171312,   1.458,   2.548,9999.000,9999.000,9999.000,9999.000,9999.000,9999.000,9999.000
202604171318,   1.437,   2.528,9999.000,9999.000,9999.000,9999.000,9999.000,9999.000,9999.000
202604171324,   1.417,   2.509,9999.000,9999.000,9999.000,9999.000,9999.000,9999.000,9999.000
202604171330,   1.398,   2.528,9999.000,9999.000,9999.000,9999.000,9999.000,9999.000,9999.000
202604171336,   1.379,   2.509,9999.000,9999.000,9999.000,9999.000,9999.000,9999.000,9999.000
202604171342,   1.361,   2.499,9999.000,9999.000,9999.000,9999.000,9999.000,9999.000,9999.000
202604171348,   1.343,   2.499,9999.000,9999.000,9999.000,9999.000,9999.000,9999.000,9999.000
202604171354,   1.326,   2.499,9999.000,9999.000,9999.000,9999.000,9999.000,9999.000,9999.000
202604171400,   1.310,   2.459,   0.900,   0.249,   2.459,   0.900,   2.459,   1.000,   2.559
202604171406,   1.295,   2.459,9999.000,9999.000,9999.000,9999.000,9999.000,9999.000,9999.000
202604171412,   1.280,   2.430,9999.000,9999.000,9999.000,9999.000,9999.000,9999.000,9999.000
202604171418,   1.267,   2.410,9999.000,9999.000,9999.000,9999.000,9999.000,9999.000,9999.000
202604171424,   1.253,   2.410,9999.000,9999.000,9999.000,9999.000,9999.000,9999.000,9999.000
202604171430,   1.241,   2.400,9999.000,9999.000,9999.000,9999.000,9999.000,9999.000,9999.000
202604171436,   1.229,   2.358,9999.000,9999.000,9999.000,9999.000,9999.000,9999.000,9999.000
202604171442,   1.218,   2.368,9999.000,9999.000,9999.000,9999.000,9999.000,9999.000,9999.000
202604171448,   1.207,   2.377,9999.000,9999.000,9999.000,9999.000,9999.000,9999.000,9999.000
202604171454,   1.197,   2.368,9999.000,9999.000,9999.000,9999.000,9999.000,9999.000,9999.000
202604171500,   1.188,   2.358,   1.000,   0.170,   2.358,   0.900,   2.258,   1.000,   2.358
202604171506,   1.179,   2.338,9999.000,9999.000,9999.000,9999.000,9999.000,9999.000,9999.000
202604171512,   1.171,   2.328,9999.000,9999.000,9999.000,9999.000,9999.000,9999.000,9999.000
202604171518,   1.163,   2.338,9999.000,9999.000,9999.000,9999.000,9999.000,9999.000,9999.000
202604171524,   1.156,   2.328,9999.000,9999.000,9999.000,9999.000,9999.000,9999.000,9999.000
202604171530,   1.149,   2.309,9999.000,9999.000,9999.000,9999.000,9999.000,9999.000,9999.000
202604171536,   1.143,   2.269,9999.000,9999.000,9999.000,9999.000,9999.000,9999.000,9999.000
202604171542,   1.137,   2.299,9999.000,9999.000,9999.000,9999.000,9999.000,9999.000,9999.000
202604171548,   1.132,   2.309,9999.000,9999.000,9999.000,9999.000,9999.000,9999.000,9999.000
202604171554,   1.128,   2.289,9999.000,9999.000,9999.000,9999.000,9999.000,9999.000,9999.000
202604171600,   1.124,   2.289,   1.000,   0.165,   2.289,   0.900,   2.189,   1.000,   2.289
202604171606,   1.121,   2.309,9999.000,9999.000,9999.000,9999.000,9999.000,9999.000,9999.000
202604171612,   1.118,   2.259,9999.000,9999.000,9999.000,9999.000,9999.000,9999.000,9999.000
202604171618,   1.116,   2.200,9999.000,9999.000,9999.000,9999.000,9999.000,9999.000,9999.000
202604171624,   1.115,   2.200,9999.000,9999.000,9999.000,9999.000,9999.000,9999.000,9999.000
202604171630,   1.115,   2.230,9999.000,9999.000,9999.000,9999.000,9999.000,9999.000,9999.000
202604171636,   1.115,   2.240,9999.000,9999.000,9999.000,9999.000,9999.000,9999.000,9999.000
202604171642,   1.116,   2.230,9999.000,9999.000,9999.000,9999.000,9999.000,9999.000,9999.000
202604171648,   1.117,   2.220,9999.000,9999.000,9999.000,9999.000,9999.000,9999.000,9999.000
202604171654,   1.119,   2.220,9999.000,9999.000,9999.000,9999.000,9999.000,9999.000,9999.000
202604171700,   1.123,   2.230,   0.900,   0.207,   2.230,   0.900,   2.230,   1.000,   2.330
202604171706,   1.126,   2.200,9999.000,9999.000,9999.000,9999.000,9999.000,9999.000,9999.000
202604171712,   1.131,   2.200,9999.000,9999.000,9999.000,9999.000,9999.000,9999.000,9999.000
202604171718,   1.136,   2.240,9999.000,9999.000,9999.000,9999.000,9999.000,9999.000,9999.000
202604171724,   1.143,   2.230,9999.000,9999.000,9999.000,9999.000,9999.000,9999.000,9999.000
202604171730,   1.149,   2.210,9999.000,9999.000,9999.000,9999.000,9999.000,9999.000,9999.000
202604171736,   1.157,   2.269,9999.000,9999.000,9999.000,9999.000,9999.000,9999.000,9999.000
202604171742,   1.165,   2.279,9999.000,9999.000,9999.000,9999.000,9999.000,9999.000,9999.000
202604171748,   1.174,   2.279,9999.000,9999.000,9999.000,9999.000,9999.000,9999.000,9999.000
202604171754,   1.183,   2.299,9999.000,9999.000,9999.000,9999.000,9999.000,9999.000,9999.000
202604171800,   1.193,   2.318,   1.000,   0.125,   2.318,   0.900,   2.218,   1.100,   2.418
202604171806,   1.204,   2.289,9999.000,9999.000,9999.000,9999.000,9999.000,9999.000,9999.000
202604171812,   1.214,   2.338,9999.000,9999.000,9999.000,9999.000,9999.000,9999.000,9999.000
202604171818,   1.225,   2.338,9999.000,9999.000,9999.000,9999.000,9999.000,9999.000,9999.000
202604171824,   1.237,   2.338,9999.000,9999.000,9999.000,9999.000,9999.000,9999.000,9999.000
202604171830,   1.248,   2.358,9999.000,9999.000,9999.000,9999.000,9999.000,9999.000,9999.000
202604171836,   1.260,   2.387,9999.000,9999.000,9999.000,9999.000,9999.000,9999.000,9999.000
202604171842,   1.271,   2.410,9999.000,9999.000,9999.000,9999.000,9999.000,9999.000,9999.000
202604171848,   1.283,   2.420,9999.000,9999.000,9999.000,9999.000,9999.000,9999.000,9999.000
202604171854,   1.294,   2.450,9999.000,9999.000,9999.000,9999.000,9999.000,9999.000,9999.000
202604171900,   1.306,   2.450,   1.000,   0.144,   2.450,   0.900,   2.350,   1.100,   2.550
202604171906,   1.316,   2.469,9999.000,9999.000,9999.000,9999.000,9999.000,9999.000,9999.000
202604171912,   1.327,   2.499,9999.000,9999.000,9999.000,9999.000,9999.000,9999.000,9999.000
202604171918,   1.337,   2.489,9999.000,9999.000,9999.000,9999.000,9999.000,9999.000,9999.000
202604171924,   1.346,   2.479,9999.000,9999.000,9999.000,9999.000,9999.000,9999.000,9999.000
202604171930,   1.355,   2.499,9999.000,9999.000,9999.000,9999.000,9999.000,9999.000,9999.000
202604171936,   1.364,   2.469,9999.000,9999.000,9999.000,9999.000,9999.000,9999.000,9999.000
202604171942,   1.371,   2.469,9999.000,9999.000,9999.000,9999.000,9999.000,9999.000,9999.000
202604171948,   1.378,   2.489,9999.000,9999.000,9999.000,9999.000,9999.000,9999.000,9999.000
202604171954,   1.384,   2.499,9999.000,9999.000,9999.000,9999.000,9999.000,9999.000,9999.000
202604172000,   1.388,   2.499,   1.000,   0.111,   2.499,   0.900,   2.399,   1.100,   2.599
202604172006,   1.392,   2.479,9999.000,9999.000,9999.000,9999.000,9999.000,9999.000,9999.000
202604172012,   1.395,   2.509,9999.000,9999.000,9999.000,9999.000,9999.000,9999.000,9999.000
202604172018,   1.397,   2.499,9999.000,9999.000,9999.000,9999.000,9999.000,9999.000,9999.000
202604172024,   1.398,   2.469,9999.000,9999.000,9999.000,9999.000,9999.000,9999.000,9999.000
202604172030,   1.398,   2.479,9999.000,9999.000,9999.000,9999.000,9999.000,9999.000,9999.000
202604172036,   1.397,   2.479,9999.000,9999.000,9999.000,9999.000,9999.000,9999.000,9999.000
202604172042,   1.394,   2.469,9999.000,9999.000,9999.000,9999.000,9999.000,9999.000,9999.000
202604172048,   1.391,   2.450,9999.000,9999.000,9999.000,9999.000,9999.000,9999.000,9999.000
202604172054,   1.386,   2.450,9999.000,9999.000,9999.000,9999.000,9999.000,9999.000,9999.000
202604172100,   1.380,   2.519,   1.100,   0.039,   2.519,   1.000,   2.419,   1.100,   2.519
202604172106,   1.372,   2.499,9999.000,9999.000,9999.000,9999.000,9999.000,9999.000,9999.000
202604172112,   1.364,   2.489,9999.000,9999.000,9999.000,9999.000,9999.000,9999.000,9999.000
202604172118,   1.354,   2.420,9999.000,9999.000,9999.000,9999.000,9999.000,9999.000,9999.000
202604172124,   1.343,   2.440,9999.000,9999.000,9999.000,9999.000,9999.000,9999.000,9999.000
202604172130,   1.330,   2.430,9999.000,9999.000,9999.000,9999.000,9999.000,9999.000,9999.000
202604172136,   1.317,   2.430,9999.000,9999.000,9999.000,9999.000,9999.000,9999.000,9999.000
202604172142,   1.301,   2.377,9999.000,9999.000,9999.000,9999.000,9999.000,9999.000,9999.000
202604172148,   1.285,   2.368,9999.000,9999.000,9999.000,9999.000,9999.000,9999.000,9999.000
202604172154,   1.267,   2.338,9999.000,9999.000,9999.000,9999.000,9999.000,9999.000,9999.000
202604172200,   1.248,   2.289,   1.100,  -0.059,   2.289,   1.000,   2.189,   1.200,   2.389
202604172206,   1.228,   2.289,9999.000,9999.000,9999.000,9999.000,9999.000,9999.000,9999.000
202604172212,   1.206,   2.318,9999.000,9999.000,9999.000,9999.000,9999.000,9999.000,9999.000
202604172218,   1.183,   2.289,9999.000,9999.000,9999.000,9999.000,9999.000,9999.000,9999.000
202604172224,   1.159,   2.279,9999.000,9999.000,9999.000,9999.000,9999.000,9999.000,9999.000
202604172230,   1.133,   2.230,9999.000,9999.000,9999.000,9999.000,9999.000,9999.000,9999.000
202604172236,   1.106,   2.220,9999.000,9999.000,9999.000,9999.000,9999.000,9999.000,9999.000
202604172242,   1.078,   2.191,9999.000,9999.000,9999.000,9999.000,9999.000,9999.000,9999.000
202604172248,   1.048,   2.128,9999.000,9999.000,9999.000,9999.000,9999.000,9999.000,9999.000
202604172254,   1.018,   2.079,9999.000,9999.000,9999.000,9999.000,9999.000,9999.000,9999.000
202604172300,   0.986,   2.079,   1.200,  -0.107,   2.079,   1.100,   1.979,   1.200,   2.079
202604172306,   0.953,   2.020,9999.000,9999.000,9999.000,9999.000,9999.000,9999.000,9999.000
202604172312,   0.919,   1.981,9999.000,9999.000,9999.000,9999.000,9999.000,9999.000,9999.000
202604172318,   0.884,   1.948,9999.000,9999.000,9999.000,9999.000,9999.000,9999.000,9999.000
202604172324,   0.848,   1.859,9999.000,9999.000,9999.000,9999.000,9999.000,9999.000,9999.000
202604172330,   0.811,   1.781,9999.000,9999.000,9999.000,9999.000,9999.000,9999.000,9999.000
202604172336,   0.774,   1.708,9999.000,9999.000,9999.000,9999.000,9999.000,9999.000,9999.000
202604172342,   0.736,   1.610,9999.000,9999.000,9999.000,9999.000,9999.000,9999.000,9999.000
202604172348,   0.697,   1.548,9999.000,9999.000,9999.000,9999.000,9999.000,9999.000,9999.000
202604172354,   0.658,   1.528,9999.000,9999.000,9999.000,9999.000,9999.000,9999.000,9999.000
202604180000,   0.618,   1.498,   1.000,  -0.120,   1.498,   1.000,   1.498,   1.100,   1.598
202604180006,   0.578,   1.430,9999.000,9999.000,9999.000,9999.000,9999.000,9999.000,9999.000
202604180012,   0.539,   1.380,9999.000,9999.000,9999.000,9999.000,9999.000,9999.000,9999.000
202604180018,   0.499,   1.348,9999.000,9999.000,9999.000,9999.000,9999.000,9999.000,9999.000
202604180024,   0.459,   1.289,9999.000,9999.000,9999.000,9999.000,9999.000,9999.000,9999.000
202604180030,   0.419,   1.259,9999.000,9999.000,9999.000,9999.000,9999.000,9999.000,9999.000
202604180036,   0.380,   1.180,9999.000,9999.000,9999.000,9999.000,9999.000,9999.000,9999.000
202604180042,   0.342,   1.098,9999.000,9999.000,9999.000,9999.000,9999.000,9999.000,9999.000
202604180048,   0.304,   1.059,9999.000,9999.000,9999.000,9999.000,9999.000,9999.000,9999.000
202604180054,   0.266,   1.039,9999.000,9999.000,9999.000,9999.000,9999.000,9999.000,9999.000
202604180100,   0.230,   0.941,   1.000,  -0.289,   0.941,   1.000,   0.941,   1.100,   1.041
202604180106,   0.194,   0.928,9999.000,9999.000,9999.000,9999.000,9999.000,9999.000,9999.000
202604180112,   0.160,   0.908,9999.000,9999.000,9999.000,9999.000,9999.000,9999.000,9999.000
202604180118,   0.126,   0.908,9999.000,9999.000,9999.000,9999.000,9999.000,9999.000,9999.000
202604180124,   0.094,   0.869,9999.000,9999.000,9999.000,9999.000,9999.000,9999.000,9999.000
202604180130,   0.063,   0.859,9999.000,9999.000,9999.000,9999.000,9999.000,9999.000,9999.000
202604180136,   0.034,   0.800,9999.000,9999.000,9999.000,9999.000,9999.000,9999.000,9999.000
202604180142,   0.006,   0.790,9999.000,9999.000,9999.000,9999.000,9999.000,9999.000,9999.000
202604180148,  -0.020,   0.790,9999.000,9999.000,9999.000,9999.000,9999.000,9999.000,9999.000
202604180154,  -0.045,   0.810,9999.000,9999.000,9999.000,9999.000,9999.000,9999.000,9999.000
202604180200,  -0.068,   0.849,   1.000,  -0.083,   0.849,   1.000,   0.849,   1.100,   0.949
202604180206,  -0.090,   0.790,9999.000,9999.000,9999.000,9999.000,9999.000,9999.000,9999.000
202604180212,  -0.110,   0.800,9999.000,9999.000,9999.000,9999.000,9999.000,9999.000,9999.000
202604180218,  -0.128,   0.790,9999.000,9999.000,9999.000,9999.000,9999.000,9999.000,9999.000
202604180224,  -0.145,   0.839,9999.000,9999.000,9999.000,9999.000,9999.000,9999.000,9999.000
202604180230,  -0.160,   0.829,9999.000,9999.000,9999.000,9999.000,9999.000,9999.000,9999.000
202604180236,  -0.173,   0.810,9999.000,9999.000,9999.000,9999.000,9999.000,9999.000,9999.000
202604180242,  -0.184,   0.790,9999.000,9999.000,9999.000,9999.000,9999.000,9999.000,9999.000
202604180248,  -0.194,   0.790,9999.000,9999.000,9999.000,9999.000,9999.000,9999.000,9999.000
202604180254,  -0.202,   0.780,9999.000,9999.000,9999.000,9999.000,9999.000,9999.000,9999.000
202604180300,  -0.208,   0.780,   1.100,  -0.112,   0.780,   1.000,   0.680,   1.100,   0.780
202604180306,  -0.212,   0.760,9999.000,9999.000,9999.000,9999.000,9999.000,9999.000,9999.000
202604180312,  -0.215,   0.760,9999.000,9999.000,9999.000,9999.000,9999.000,9999.000,9999.000
202604180318,  -0.216,   0.678,9999.000,9999.000,9999.000,9999.000,9999.000,9999.000,9999.000
202604180324,  -0.216,   0.741,9999.000,9999.000,9999.000,9999.000,9999.000,9999.000,9999.000
202604180330,  -0.213,   0.708,9999.000,9999.000,9999.000,9999.000,9999.000,9999.000,9999.000
202604180336,  -0.210,   0.688,9999.000,9999.000,9999.000,9999.000,9999.000,9999.000,9999.000
202604180342,  -0.204,   0.688,9999.000,9999.000,9999.000,9999.000,9999.000,9999.000,9999.000
202604180348,  -0.197,   0.688,9999.000,9999.000,9999.000,9999.000,9999.000,9999.000,9999.000
202604180354,  -0.188,   0.688,9999.000,9999.000,9999.000,9999.000,9999.000,9999.000,9999.000
202604180400,  -0.177,   0.731,   1.100,  -0.192,   0.731,   1.000,   0.631,   1.100,   0.731
202604180406,  -0.165,   0.741,9999.000,9999.000,9999.000,9999.000,9999.000,9999.000,9999.000
202604180412,  -0.151,   0.760,9999.000,9999.000,9999.000,9999.000,9999.000,9999.000,9999.000
202604180418,  -0.136,   0.790,9999.000,9999.000,9999.000,9999.000,9999.000,9999.000,9999.000
202604180424,  -0.119,   0.819,9999.000,9999.000,9999.000,9999.000,9999.000,9999.000,9999.000
202604180430,  -0.100,   0.849,9999.000,9999.000,9999.000,9999.000,9999.000,9999.000,9999.000
202604180436,  -0.080,   0.859,9999.000,9999.000,9999.000,9999.000,9999.000,9999.000,9999.000
202604180442,  -0.058,   0.879,9999.000,9999.000,9999.000,9999.000,9999.000,9999.000,9999.000
202604180448,  -0.035,   0.879,9999.000,9999.000,9999.000,9999.000,9999.000,9999.000,9999.000
202604180454,  -0.010,   0.941,9999.000,9999.000,9999.000,9999.000,9999.000,9999.000,9999.000
202604180500,   0.016,   0.990,   1.000,  -0.026,   0.990,   1.000,   0.990,   1.100,   1.090
202604180506,   0.044,   1.029,9999.000,9999.000,9999.000,9999.000,9999.000,9999.000,9999.000
202604180512,   0.074,   1.079,9999.000,9999.000,9999.000,9999.000,9999.000,9999.000,9999.000
202604180518,   0.105,   1.161,9999.000,9999.000,9999.000,9999.000,9999.000,9999.000,9999.000
202604180524,   0.138,   1.170,9999.000,9999.000,9999.000,9999.000,9999.000,9999.000,9999.000
202604180530,   0.172,   1.200,9999.000,9999.000,9999.000,9999.000,9999.000,9999.000,9999.000
202604180536,   0.207,   1.249,9999.000,9999.000,9999.000,9999.000,9999.000,9999.000,9999.000
202604180542,   0.244,   1.279,9999.000,9999.000,9999.000,9999.000,9999.000,9999.000,9999.000
202604180548,   0.283,   1.318,9999.000,9999.000,9999.000,9999.000,9999.000,9999.000,9999.000
202604180554,   0.322,   1.380,9999.000,9999.000,9999.000,9999.000,9999.000,9999.000,9999.000
202604180600,   0.363,   1.430,   1.000,   0.067,   1.430,   0.900,   1.330,   1.000,   1.430
202604180606,   0.405,   1.459,9999.000,9999.000,9999.000,9999.000,9999.000,9999.000,9999.000
202604180612,   0.448,   1.498,9999.000,9999.000,9999.000,9999.000,9999.000,9999.000,9999.000
202604180618,   0.492,   1.538,9999.000,9999.000,9999.000,9999.000,9999.000,9999.000,9999.000
202604180624,   0.537,   1.571,9999.000,9999.000,9999.000,9999.000,9999.000,9999.000,9999.000
202604180630,   0.583,   1.580,9999.000,9999.000,9999.000,9999.000,9999.000,9999.000,9999.000
202604180636,   0.629,   1.659,9999.000,9999.000,9999.000,9999.000,9999.000,9999.000,9999.000
202604180642,   0.676,   1.708,9999.000,9999.000,9999.000,9999.000,9999.000,9999.000,9999.000
202604180648,   0.724,   1.748,9999.000,9999.000,9999.000,9999.000,9999.000,9999.000,9999.000
202604180654,   0.772,   1.820,9999.000,9999.000,9999.000,9999.000,9999.000,9999.000,9999.000
202604180700,   0.820,   1.889,   1.000,   0.069,   1.889,   0.900,   1.789,   1.000,   1.889
202604180706,   0.869,   1.938,9999.000,9999.000,9999.000,9999.000,9999.000,9999.000,9999.000
202604180712,   0.917,   2.000,9999.000,9999.000,9999.000,9999.000,9999.000,9999.000,9999.000
202604180718,   0.966,   2.049,9999.000,9999.000,9999.000,9999.000,9999.000,9999.000,9999.000
202604180724,   1.015,   2.109,9999.000,9999.000,9999.000,9999.000,9999.000,9999.000,9999.000
202604180730,   1.063,   2.177,9999.000,9999.000,9999.000,9999.000,9999.000,9999.000,9999.000
202604180736,   1.111,   2.240,9999.000,9999.000,9999.000,9999.000,9999.000,9999.000,9999.000
202604180742,   1.159,   2.299,9999.000,9999.000,9999.000,9999.000,9999.000,9999.000,9999.000
202604180748,   1.206,   2.338,9999.000,9999.000,9999.000,9999.000,9999.000,9999.000,9999.000
202604180754,   1.252,   2.400,9999.000,9999.000,9999.000,9999.000,9999.000,9999.000,9999.000
202604180800,   1.298,   2.440,   1.000,   0.142,   2.440,   0.900,   2.340,   1.100,   2.540
202604180806,   1.343,   2.489,9999.000,9999.000,9999.000,9999.000,9999.000,9999.000,9999.000
202604180812,   1.388,   2.489,9999.000,9999.000,9999.000,9999.000,9999.000,9999.000,9999.000
202604180818,   1.431,   2.548,9999.000,9999.000,9999.000,9999.000,9999.000,9999.000,9999.000
202604180824,   1.473,   2.548,9999.000,9999.000,9999.000,9999.000,9999.000,9999.000,9999.000
202604180830,   1.515,   2.597,9999.000,9999.000,9999.000,9999.000,9999.000,9999.000,9999.000
202604180836,   1.555,   2.669,9999.000,9999.000,9999.000,9999.000,9999.000,9999.000,9999.000
202604180842,   1.594,   2.650,9999.000,9999.000,9999.000,9999.000,9999.000,9999.000,9999.000
202604180848,   1.632,   2.689,9999.000,9999.000,9999.000,9999.000,9999.000,9999.000,9999.000
202604180854,   1.669,   2.738,9999.000,9999.000,9999.000,9999.000,9999.000,9999.000,9999.000
202604180900,   1.704,   2.728,   1.000,   0.024,   2.728,   0.900,   2.628,   1.100,   2.828
202604180906,   1.738,   2.778,9999.000,9999.000,9999.000,9999.000,9999.000,9999.000,9999.000
202604180912,   1.771,   2.807,9999.000,9999.000,9999.000,9999.000,9999.000,9999.000,9999.000
202604180918,   1.802,   2.820,9999.000,9999.000,9999.000,9999.000,9999.000,9999.000,9999.000
202604180924,   1.831,   2.850,9999.000,9999.000,9999.000,9999.000,9999.000,9999.000,9999.000
202604180930,   1.859,   2.860,9999.000,9999.000,9999.000,9999.000,9999.000,9999.000,9999.000
202604180936,   1.886,   2.889,9999.000,9999.000,9999.000,9999.000,9999.000,9999.000,9999.000
202604180942,   1.911,   2.938,9999.000,9999.000,9999.000,9999.000,9999.000,9999.000,9999.000
202604180948,   1.934,   2.938,9999.000,9999.000,9999.000,9999.000,9999.000,9999.000,9999.000
202604180954,   1.956,   2.988,9999.000,9999.000,9999.000,9999.000,9999.000,9999.000,9999.000
202604181000,   1.976,   2.997,   1.000,   0.021,   2.997,   0.900,   2.897,   1.000,   2.997
202604181006,   1.995,   3.017,9999.000,9999.000,9999.000,9999.000,9999.000,9999.000,9999.000
202604181012,   2.012,   3.040,9999.000,9999.000,9999.000,9999.000,9999.000,9999.000,9999.000
202604181018,   2.027,   3.050,9999.000,9999.000,9999.000,9999.000,9999.000,9999.000,9999.000
202604181024,   2.040,   3.079,9999.000,9999.000,9999.000,9999.000,9999.000,9999.000,9999.000
202604181030,   2.052,   3.060,9999.000,9999.000,9999.000,9999.000,9999.000,9999.000,9999.000
202604181036,   2.062,   3.060,9999.000,9999.000,9999.000,9999.000,9999.000,9999.000,9999.000
202604181042,   2.071,   3.089,9999.000,9999.000,9999.000,9999.000,9999.000,9999.000,9999.000
202604181048,   2.077,   3.109,9999.000,9999.000,9999.000,9999.000,9999.000,9999.000,9999.000
202604181054,   2.082,   3.119,9999.000,9999.000,9999.000,9999.000,9999.000,9999.000,9999.000
202604181100,   2.086,   3.089,   1.000,   0.003,   3.089,   0.900,   2.989,   1.000,   3.089
202604181106,   2.087,   3.129,9999.000,9999.000,9999.000,9999.000,9999.000,9999.000,9999.000
202604181112,   2.087,   3.138,9999.000,9999.000,9999.000,9999.000,9999.000,9999.000,9999.000
202604181118,   2.086,   3.168,9999.000,9999.000,9999.000,9999.000,9999.000,9999.000,9999.000
202604181124,   2.083,   3.148,9999.000,9999.000,9999.000,9999.000,9999.000,9999.000,9999.000
202604181130,   2.078,   3.119,9999.000,9999.000,9999.000,9999.000,9999.000,9999.000,9999.000
202604181136,   2.072,   3.119,9999.000,9999.000,9999.000,9999.000,9999.000,9999.000,9999.000
202604181142,   2.064,   3.099,9999.000,9999.000,9999.000,9999.000,9999.000,9999.000,9999.000
202604181148,   2.056,   3.070,9999.000,9999.000,9999.000,9999.000,9999.000,9999.000,9999.000
202604181154,   2.045,   3.089,9999.000,9999.000,9999.000,9999.000,9999.000,9999.000,9999.000
202604181200,   2.034,   3.070,   0.900,   0.136,   3.070,   0.800,   2.970,   0.900,   3.070
202604181206,   2.021,   3.050,9999.000,9999.000,9999.000,9999.000,9999.000,9999.000,9999.000
202604181212,   2.008,   3.030,9999.000,9999.000,9999.000,9999.000,9999.000,9999.000,9999.000
202604181218,   1.993,   3.017,9999.000,9999.000,9999.000,9999.000,9999.000,9999.000,9999.000
202604181224,   1.978,   2.958,9999.000,9999.000,9999.000,9999.000,9999.000,9999.000,9999.000
202604181230,   1.961,   2.978,9999.000,9999.000,9999.000,9999.000,9999.000,9999.000,9999.000
202604181236,   1.944,   2.997,9999.000,9999.000,9999.000,9999.000,9999.000,9999.000,9999.000
202604181242,   1.926,   2.968,9999.000,9999.000,9999.000,9999.000,9999.000,9999.000,9999.000
202604181248,   1.908,   2.958,9999.000,9999.000,9999.000,9999.000,9999.000,9999.000,9999.000
202604181254,   1.889,   2.919,9999.000,9999.000,9999.000,9999.000,9999.000,9999.000,9999.000
202604181300,   1.870,   2.879,   0.800,   0.209,   2.879,   0.800,   2.879,   0.900,   2.979
202604181306,   1.850,   2.830,9999.000,9999.000,9999.000,9999.000,9999.000,9999.000,9999.000
202604181312,   1.830,   2.820,9999.000,9999.000,9999.000,9999.000,9999.000,9999.000,9999.000
202604181318,   1.811,   2.830,9999.000,9999.000,9999.000,9999.000,9999.000,9999.000,9999.000
202604181324,   1.791,   2.787,9999.000,9999.000,9999.000,9999.000,9999.000,9999.000,9999.000
202604181330,   1.771,   2.758,9999.000,9999.000,9999.000,9999.000,9999.000,9999.000,9999.000
202604181336,   1.751,   2.728,9999.000,9999.000,9999.000,9999.000,9999.000,9999.000,9999.000
202604181342,   1.731,   2.728,9999.000,9999.000,9999.000,9999.000,9999.000,9999.000,9999.000
202604181348,   1.712,   2.699,9999.000,9999.000,9999.000,9999.000,9999.000,9999.000,9999.000
202604181354,   1.693,   2.679,9999.000,9999.000,9999.000,9999.000,9999.000,9999.000,9999.000
202604181400,   1.674,   2.640,   0.800,   0.166,   2.640,   0.800,   2.640,   0.900,   2.740
202604181406,   1.655,   2.640,9999.000,9999.000,9999.000,9999.000,9999.000,9999.000,9999.000
202604181412,   1.637,   2.620,9999.000,9999.000,9999.000,9999.000,9999.000,9999.000,9999.000
202604181418,   1.619,   2.610,9999.000,9999.000,9999.000,9999.000,9999.000,9999.000,9999.000
202604181424,   1.602,   2.597,9999.000,9999.000,9999.000,9999.000,9999.000,9999.000,9999.000
202604181430,   1.585,   2.578,9999.000,9999.000,9999.000,9999.000,9999.000,9999.000,9999.000
202604181436,   1.569,   2.578,9999.000,9999.000,9999.000,9999.000,9999.000,9999.000,9999.000
202604181442,   1.554,   2.548,9999.000,9999.000,9999.000,9999.000,9999.000,9999.000,9999.000
202604181448,   1.538,   2.587,9999.000,9999.000,9999.000,9999.000,9999.000,9999.000,9999.000
202604181454,   1.524,   2.558,9999.000,9999.000,9999.000,9999.000,9999.000,9999.000,9999.000
202604181500,   1.510,   2.519,   0.800,   0.209,   2.519,   0.800,   2.519,   0.800,   2.519
202604181506,   1.496,   2.509,9999.000,9999.000,9999.000,9999.000,9999.000,9999.000,9999.000
202604181512,   1.483,   2.499,9999.000,9999.000,9999.000,9999.000,9999.000,9999.000,9999.000
202604181518,   1.470,   2.450,9999.000,9999.000,9999.000,9999.000,9999.000,9999.000,9999.000
202604181524,   1.458,   2.479,9999.000,9999.000,9999.000,9999.000,9999.000,9999.000,9999.000
202604181530,   1.447,   2.528,9999.000,9999.000,9999.000,9999.000,9999.000,9999.000,9999.000
202604181536,   1.436,   2.509,9999.000,9999.000,9999.000,9999.000,9999.000,9999.000,9999.000
202604181542,   1.425,   2.519,9999.000,9999.000,9999.000,9999.000,9999.000,9999.000,9999.000
202604181548,   1.416,   2.499,9999.000,9999.000,9999.000,9999.000,9999.000,9999.000,9999.000
202604181554,   1.406,   2.489,9999.000,9999.000,9999.000,9999.000,9999.000,9999.000,9999.000
202604181600,   1.397,   2.479,   0.800,   0.282,   2.479,   0.700,   2.379,   0.800,   2.479
202604181606,   1.389,   2.459,9999.000,9999.000,9999.000,9999.000,9999.000,9999.000,9999.000
202604181612,   1.381,   2.430,9999.000,9999.000,9999.000,9999.000,9999.000,9999.000,9999.000
202604181618,   1.373,   2.420,9999.000,9999.000,9999.000,9999.000,9999.000,9999.000,9999.000
202604181624,   1.366,   2.387,9999.000,9999.000,9999.000,9999.000,9999.000,9999.000,9999.000
202604181630,   1.360,   2.328,9999.000,9999.000,9999.000,9999.000,9999.000,9999.000,9999.000
202604181636,   1.354,   2.358,9999.000,9999.000,9999.000,9999.000,9999.000,9999.000,9999.000
202604181642,   1.349,   2.328,9999.000,9999.000,9999.000,9999.000,9999.000,9999.000,9999.000
202604181648,   1.344,   2.368,9999.000,9999.000,9999.000,9999.000,9999.000,9999.000,9999.000
202604181654,   1.340,   2.348,9999.000,9999.000,9999.000,9999.000,9999.000,9999.000,9999.000
202604181700,   1.336,   2.318,   0.700,   0.282,   2.318,   0.600,   2.218,   0.700,   2.318
202604181706,   1.333,   2.328,9999.000,9999.000,9999.000,9999.000,9999.000,9999.000,9999.000
202604181712,   1.330,   2.348,9999.000,9999.000,9999.000,9999.000,9999.000,9999.000,9999.000
202604181718,   1.329,   2.279,9999.000,9999.000,9999.000,9999.000,9999.000,9999.000,9999.000
202604181724,   1.327,   2.240,9999.000,9999.000,9999.000,9999.000,9999.000,9999.000,9999.000
202604181730,   1.327,   2.250,9999.000,9999.000,9999.000,9999.000,9999.000,9999.000,9999.000
202604181736,   1.326,   2.230,9999.000,9999.000,9999.000,9999.000,9999.000,9999.000,9999.000
202604181742,   1.327,   2.230,9999.000,9999.000,9999.000,9999.000,9999.000,9999.000,9999.000
202604181748,   1.328,   2.200,9999.000,9999.000,9999.000,9999.000,9999.000,9999.000,9999.000
202604181754,   1.330,   2.158,9999.000,9999.000,9999.000,9999.000,9999.000,9999.000,9999.000
202604181800,   1.332,   2.168,   0.600,   0.236,   2.168,   0.600,   2.168,   0.700,   2.268
202604181806,   1.335,   2.168,9999.000,9999.000,9999.000,9999.000,9999.000,9999.000,9999.000
202604181812,   1.338,   2.148,9999.000,9999.000,9999.000,9999.000,9999.000,9999.000,9999.000
202604181818,   1.342,   2.191,9999.000,9999.000,9999.000,9999.000,9999.000,9999.000,9999.000
202604181824,   1.347,   2.177,9999.000,9999.000,9999.000,9999.000,9999.000,9999.000,9999.000
202604181830,   1.352,   2.177,9999.000,9999.000,9999.000,9999.000,9999.000,9999.000,9999.000
202604181836,   1.357,   2.177,9999.000,9999.000,9999.000,9999.000,9999.000,9999.000,9999.000
202604181842,   1.363,   2.168,9999.000,9999.000,9999.000,9999.000,9999.000,9999.000,9999.000
202604181848,   1.369,   2.138,9999.000,9999.000,9999.000,9999.000,9999.000,9999.000,9999.000
202604181854,   1.375,   2.158,9999.000,9999.000,9999.000,9999.000,9999.000,9999.000,9999.000
202604181900,   1.381,   2.138,   0.600,   0.157,   2.138,   0.500,   2.038,   0.600,   2.138
202604181906,   1.388,   2.138,9999.000,9999.000,9999.000,9999.000,9999.000,9999.000,9999.000
202604181912,   1.395,   2.138,9999.000,9999.000,9999.000,9999.000,9999.000,9999.000,9999.000
202604181918,   1.401,   2.138,9999.000,9999.000,9999.000,9999.000,9999.000,9999.000,9999.000
202604181924,   1.408,   2.128,9999.000,9999.000,9999.000,9999.000,9999.000,9999.000,9999.000
202604181930,   1.415,   2.128,9999.000,9999.000,9999.000,9999.000,9999.000,9999.000,9999.000
202604181936,   1.421,   2.138,9999.000,9999.000,9999.000,9999.000,9999.000,9999.000,9999.000
202604181942,   1.427,   2.128,9999.000,9999.000,9999.000,9999.000,9999.000,9999.000,9999.000
202604181948,   1.433,   2.148,9999.000,9999.000,9999.000,9999.000,9999.000,9999.000,9999.000
202604181954,   1.439,   2.158,9999.000,9999.000,9999.000,9999.000,9999.000,9999.000,9999.000
202604182000,   1.444,   2.148,   0.600,   0.104,   2.148,   0.500,   2.048,   0.600,   2.148
202604182006,   1.448,   2.158,9999.000,9999.000,9999.000,9999.000,9999.000,9999.000,9999.000
202604182012,   1.452,   2.138,9999.000,9999.000,9999.000,9999.000,9999.000,9999.000,9999.000
202604182018,   1.455,   2.128,9999.000,9999.000,9999.000,9999.000,9999.000,9999.000,9999.000
202604182024,   1.458,   2.158,9999.000,9999.000,9999.000,9999.000,9999.000,9999.000,9999.000
202604182030,   1.460,   2.191,9999.000,9999.000,9999.000,9999.000,9999.000,9999.000,9999.000
202604182036,   1.461,   2.177,9999.000,9999.000,9999.000,9999.000,9999.000,9999.000,9999.000
202604182042,   1.461,   2.200,9999.000,9999.000,9999.000,9999.000,9999.000,9999.000,9999.000
202604182048,   1.460,   2.138,9999.000,9999.000,9999.000,9999.000,9999.000,9999.000,9999.000
202604182054,   1.458,   2.059,9999.000,9999.000,9999.000,9999.000,9999.000,9999.000,9999.000
202604182100,   1.455,   2.089,   0.600,   0.034,   2.089,   0.500,   1.989,   0.600,   2.089
202604182106,   1.451,   2.109,9999.000,9999.000,9999.000,9999.000,9999.000,9999.000,9999.000
202604182112,   1.446,   2.040,9999.000,9999.000,9999.000,9999.000,9999.000,9999.000,9999.000
202604182118,   1.440,   1.990,9999.000,9999.000,9999.000,9999.000,9999.000,9999.000,9999.000
202604182124,   1.432,   2.040,9999.000,9999.000,9999.000,9999.000,9999.000,9999.000,9999.000
202604182130,   1.423,   2.059,9999.000,9999.000,9999.000,9999.000,9999.000,9999.000,9999.000
202604182136,   1.413,   2.069,9999.000,9999.000,9999.000,9999.000,9999.000,9999.000,9999.000
202604182142,   1.402,   2.089,9999.000,9999.000,9999.000,9999.000,9999.000,9999.000,9999.000
202604182148,   1.389,   2.040,9999.000,9999.000,9999.000,9999.000,9999.000,9999.000,9999.000
202604182154,   1.375,   2.030,9999.000,9999.000,9999.000,9999.000,9999.000,9999.000,9999.000
202604182200,   1.360,   2.010,   0.600,   0.050,   2.010,   0.500,   1.910,   0.600,   2.010
202604182206,   1.343,   1.981,9999.000,9999.000,9999.000,9999.000,9999.000,9999.000,9999.000
202604182212,   1.325,   1.981,9999.000,9999.000,9999.000,9999.000,9999.000,9999.000,9999.000
202604182218,   1.306,   1.958,9999.000,9999.000,9999.000,9999.000,9999.000,9999.000,9999.000
202604182224,   1.285,   1.938,9999.000,9999.000,9999.000,9999.000,9999.000,9999.000,9999.000
202604182230,   1.263,   1.928,9999.000,9999.000,9999.000,9999.000,9999.000,9999.000,9999.000
202604182236,   1.239,   1.928,9999.000,9999.000,9999.000,9999.000,9999.000,9999.000,9999.000
202604182242,   1.214,   1.889,9999.000,9999.000,9999.000,9999.000,9999.000,9999.000,9999.000
202604182248,   1.188,   1.840,9999.000,9999.000,9999.000,9999.000,9999.000,9999.000,9999.000
202604182254,   1.161,   1.810,9999.000,9999.000,9999.000,9999.000,9999.000,9999.000,9999.000
202604182300,   1.132,   1.738,   0.700,  -0.094,   1.738,   0.600,   1.638,   0.700,   1.738
202604182306,   1.102,   1.738,9999.000,9999.000,9999.000,9999.000,9999.000,9999.000,9999.000
202604182312,   1.070,   1.748,9999.000,9999.000,9999.000,9999.000,9999.000,9999.000,9999.000
202604182318,   1.038,   1.728,9999.000,9999.000,9999.000,9999.000,9999.000,9999.000,9999.000
202604182324,   1.004,   1.699,9999.000,9999.000,9999.000,9999.000,9999.000,9999.000,9999.000
202604182330,   0.970,   1.699,9999.000,9999.000,9999.000,9999.000,9999.000,9999.000,9999.000
202604182336,   0.933,   1.708,9999.000,9999.000,9999.000,9999.000,9999.000,9999.000,9999.000
202604182342,   0.896,   1.708,9999.000,9999.000,9999.000,9999.000,9999.000,9999.000,9999.000
202604182348,   0.859,   1.610,9999.000,9999.000,9999.000,9999.000,9999.000,9999.000,9999.000
202604182354,   0.820,   1.469,9999.000,9999.000,9999.000,9999.000,9999.000,9999.000,9999.000
202604190000,   0.780,   1.410,   0.500,   0.130,   1.410,   0.500,   1.410,   0.500,   1.410
202604190006,   0.740,   1.259,9999.000,9999.000,9999.000,9999.000,9999.000,9999.000,9999.000
202604190012,   0.699,   1.200,9999.000,9999.000,9999.000,9999.000,9999.000,9999.000,9999.000
202604190018,   0.657,   1.161,9999.000,9999.000,9999.000,9999.000,9999.000,9999.000,9999.000
202604190024,   0.615,   1.118,9999.000,9999.000,9999.000,9999.000,9999.000,9999.000,9999.000
202604190030,   0.573,   1.049,9999.000,9999.000,9999.000,9999.000,9999.000,9999.000,9999.000
202604190036,   0.530,   0.990,9999.000,9999.000,9999.000,9999.000,9999.000,9999.000,9999.000
202604190042,   0.487,   0.941,9999.000,9999.000,9999.000,9999.000,9999.000,9999.000,9999.000
202604190048,   0.444,   0.888,9999.000,9999.000,9999.000,9999.000,9999.000,9999.000,9999.000
202604190054,   0.400,   0.849,9999.000,9999.000,9999.000,9999.000,9999.000,9999.000,9999.000
202604190100,   0.357,   0.810,   0.500,  -0.047,   0.810,   0.500,   0.810,   0.500,   0.810
202604190106,   0.315,   0.741,9999.000,9999.000,9999.000,9999.000,9999.000,9999.000,9999.000
202604190112,   0.272,   0.698,9999.000,9999.000,9999.000,9999.000,9999.000,9999.000,9999.000
202604190118,   0.230,   0.659,9999.000,9999.000,9999.000,9999.000,9999.000,9999.000,9999.000
202604190124,   0.188,   0.629,9999.000,9999.000,9999.000,9999.000,9999.000,9999.000,9999.000
202604190130,   0.147,   0.508,9999.000,9999.000,9999.000,9999.000,9999.000,9999.000,9999.000
202604190136,   0.107,   0.419,9999.000,9999.000,9999.000,9999.000,9999.000,9999.000,9999.000
202604190142,   0.068,   0.439,9999.000,9999.000,9999.000,9999.000,9999.000,9999.000,9999.000
202604190148,   0.029,   0.419,9999.000,9999.000,9999.000,9999.000,9999.000,9999.000,9999.000
202604190154,  -0.007,   0.478,9999.000,9999.000,9999.000,9999.000,9999.000,9999.000,9999.000
202604190200,  -0.043,   0.478,   0.500,   0.021,   0.478,   0.500,   0.478,   0.500,   0.478
202604190206,  -0.078,   0.390,9999.000,9999.000,9999.000,9999.000,9999.000,9999.000,9999.000
202604190212,  -0.112,   0.350,9999.000,9999.000,9999.000,9999.000,9999.000,9999.000,9999.000
202604190218,  -0.145,   0.331,9999.000,9999.000,9999.000,9999.000,9999.000,9999.000,9999.000
202604190224,  -0.176,   0.268,9999.000,9999.000,9999.000,9999.000,9999.000,9999.000,9999.000
202604190230,  -0.205,   0.229,9999.000,9999.000,9999.000,9999.000,9999.000,9999.000,9999.000
202604190236,  -0.233,   0.170,9999.000,9999.000,9999.000,9999.000,9999.000,9999.000,9999.000
202604190242,  -0.259,   0.150,9999.000,9999.000,9999.000,9999.000,9999.000,9999.000,9999.000
202604190248,  -0.284,   0.170,9999.000,9999.000,9999.000,9999.000,9999.000,9999.000,9999.000
202604190254,  -0.306,   0.170,9999.000,9999.000,9999.000,9999.000,9999.000,9999.000,9999.000
202604190300,  -0.327,   0.121,   0.500,  -0.052,   0.121,   0.400,   0.021,   0.500,   0.121
202604190306,  -0.347,   0.019,9999.000,9999.000,9999.000,9999.000,9999.000,9999.000,9999.000
202604190312,  -0.364,   0.078,9999.000,9999.000,9999.000,9999.000,9999.000,9999.000,9999.000
202604190318,  -0.379,   0.059,9999.000,9999.000,9999.000,9999.000,9999.000,9999.000,9999.000
202604190324,  -0.393,   0.059,9999.000,9999.000,9999.000,9999.000,9999.000,9999.000,9999.000
202604190330,  -0.404,   0.068,9999.000,9999.000,9999.000,9999.000,9999.000,9999.000,9999.000
202604190336,  -0.414,   0.009,9999.000,9999.000,9999.000,9999.000,9999.000,9999.000,9999.000
202604190342,  -0.422,  -0.009,9999.000,9999.000,9999.000,9999.000,9999.000,9999.000,9999.000
202604190348,  -0.428,  -0.029,9999.000,9999.000,9999.000,9999.000,9999.000,9999.000,9999.000
202604190354,  -0.431,   0.009,9999.000,9999.000,9999.000,9999.000,9999.000,9999.000,9999.000
202604190400,  -0.433,  -0.019,   0.400,   0.014,  -0.019,   0.300,  -0.119,   0.400,  -0.019
202604190406,  -0.433,   0.000,9999.000,9999.000,9999.000,9999.000,9999.000,9999.000,9999.000
202604190412,  -0.431,   0.059,9999.000,9999.000,9999.000,9999.000,9999.000,9999.000,9999.000
202604190418,  -0.427,   0.088,9999.000,9999.000,9999.000,9999.000,9999.000,9999.000,9999.000
202604190424,  -0.421,   0.078,9999.000,9999.000,9999.000,9999.000,9999.000,9999.000,9999.000
202604190430,  -0.414,   0.059,9999.000,9999.000,9999.000,9999.000,9999.000,9999.000,9999.000
202604190436,  -0.404,   0.059,9999.000,9999.000,9999.000,9999.000,9999.000,9999.000,9999.000
202604190442,  -0.392,   0.049,9999.000,9999.000,9999.000,9999.000,9999.000,9999.000,9999.000
202604190448,  -0.379,   0.068,9999.000,9999.000,9999.000,9999.000,9999.000,9999.000,9999.000
202604190454,  -0.364,   0.088,9999.000,9999.000,9999.000,9999.000,9999.000,9999.000,9999.000
202604190500,  -0.347,   0.150,   0.200,   0.297,   0.150,   0.100,   0.050,   0.300,   0.250
202604190506,  -0.328,   0.200,9999.000,9999.000,9999.000,9999.000,9999.000,9999.000,9999.000
202604190512,  -0.307,   0.209,9999.000,9999.000,9999.000,9999.000,9999.000,9999.000,9999.000
202604190518,  -0.284,   0.239,9999.000,9999.000,9999.000,9999.000,9999.000,9999.000,9999.000
202604190524,  -0.260,   0.249,9999.000,9999.000,9999.000,9999.000,9999.000,9999.000,9999.000
202604190530,  -0.234,   0.288,9999.000,9999.000,9999.000,9999.000,9999.000,9999.000,9999.000
202604190536,  -0.207,   0.321,9999.000,9999.000,9999.000,9999.000,9999.000,9999.000,9999.000
202604190542,  -0.177,   0.341,9999.000,9999.000,9999.000,9999.000,9999.000,9999.000,9999.000
202604190548,  -0.146,   0.360,9999.000,9999.000,9999.000,9999.000,9999.000,9999.000,9999.000
202604190554,  -0.114,   0.370,9999.000,9999.000,9999.000,9999.000,9999.000,9999.000,9999.000
202604190600,  -0.080,   0.341,   0.000,   0.421,   0.341,   0.000,   0.341,   0.100,   0.441
202604190606,  -0.044,   0.400,9999.000,9999.000,9999.000,9999.000,9999.000,9999.000,9999.000
202604190612,  -0.007,   0.429,9999.000,9999.000,9999.000,9999.000,9999.000,9999.000,9999.000
202604190618,   0.030,   0.469,9999.000,9999.000,9999.000,9999.000,9999.000,9999.000,9999.000
202604190624,   0.070,   0.518,9999.000,9999.000,9999.000,9999.000,9999.000,9999.000,9999.000
202604190630,   0.112,   0.518,9999.000,9999.000,9999.000,9999.000,9999.000,9999.000,9999.000
202604190636,   0.154,   0.518,9999.000,9999.000,9999.000,9999.000,9999.000,9999.000,9999.000
202604190642,   0.198,   0.551,9999.000,9999.000,9999.000,9999.000,9999.000,9999.000,9999.000
202604190648,   0.243,   0.541,9999.000,9999.000,9999.000,9999.000,9999.000,9999.000,9999.000
202604190654,   0.289,   0.580,9999.000,9999.000,9999.000,9999.000,9999.000,9999.000,9999.000
202604190700,   0.335,   0.570,   0.000,   0.235,   0.570,  -0.100,   0.470,   0.000,   0.570
202604190706,   0.383,   0.610,9999.000,9999.000,9999.000,9999.000,9999.000,9999.000,9999.000
202604190712,   0.432,   0.669,9999.000,9999.000,9999.000,9999.000,9999.000,9999.000,9999.000
202604190718,   0.481,   0.741,9999.000,9999.000,9999.000,9999.000,9999.000,9999.000,9999.000
202604190724,   0.532,   0.751,9999.000,9999.000,9999.000,9999.000,9999.000,9999.000,9999.000
202604190730,   0.582,   0.810,9999.000,9999.000,9999.000,9999.000,9999.000,9999.000,9999.000
202604190736,   0.633,   0.869,9999.000,9999.000,9999.000,9999.000,9999.000,9999.000,9999.000
202604190742,   0.685,   0.918,9999.000,9999.000,9999.000,9999.000,9999.000,9999.000,9999.000
202604190748,   0.737,   0.908,9999.000,9999.000,9999.000,9999.000,9999.000,9999.000,9999.000
202604190754,   0.789,   1.010,9999.000,9999.000,9999.000,9999.000,9999.000,9999.000,9999.000
202604190800,   0.841,   1.039,  -0.100,   0.298,   1.039,  -0.200,   0.939,   0.000,   1.139
202604190806,   0.894,   1.088,9999.000,9999.000,9999.000,9999.000,9999.000,9999.000,9999.000
202604190812,   0.946,   1.170,9999.000,9999.000,9999.000,9999.000,9999.000,9999.000,9999.000
202604190818,   0.998,   1.190,9999.000,9999.000,9999.000,9999.000,9999.000,9999.000,9999.000
202604190824,   1.049,   1.259,9999.000,9999.000,9999.000,9999.000,9999.000,9999.000,9999.000
202604190830,   1.101,   1.308,9999.000,9999.000,9999.000,9999.000,9999.000,9999.000,9999.000
202604190836,   1.152,   1.410,9999.000,9999.000,9999.000,9999.000,9999.000,9999.000,9999.000
202604190842,   1.202,   1.449,9999.000,9999.000,9999.000,9999.000,9999.000,9999.000,9999.000
202604190848,   1.251,   1.518,9999.000,9999.000,9999.000,9999.000,9999.000,9999.000,9999.000
202604190854,   1.300,   1.548,9999.000,9999.000,9999.000,9999.000,9999.000,9999.000,9999.000
202604190900,   1.348,   1.600,  -0.200,   0.452,   1.600,  -0.300,   1.500,   0.000,   1.800
202604190906,   1.395,   1.679,9999.000,9999.000,9999.000,9999.000,9999.000,9999.000,9999.000
202604190912,   1.441,   1.738,9999.000,9999.000,9999.000,9999.000,9999.000,9999.000,9999.000
202604190918,   1.486,   1.800,9999.000,9999.000,9999.000,9999.000,9999.000,9999.000,9999.000
202604190924,   1.530,   1.869,9999.000,9999.000,9999.000,9999.000,9999.000,9999.000,9999.000
202604190930,   1.572,   1.938,9999.000,9999.000,9999.000,9999.000,9999.000,9999.000,9999.000
202604190936,   1.614,   1.981,9999.000,9999.000,9999.000,9999.000,9999.000,9999.000,9999.000
202604190942,   1.654,   2.069,9999.000,9999.000,9999.000,9999.000,9999.000,9999.000,9999.000
202604190948,   1.692,   2.099,9999.000,9999.000,9999.000,9999.000,9999.000,9999.000,9999.000
202604190954,   1.729,   2.148,9999.000,9999.000,9999.000,9999.000,9999.000,9999.000,9999.000
202604191000,   1.765,   2.220,  -0.200,   0.655,   2.220,  -0.300,   2.120,   0.000,   2.420
202604191006,   1.799,   2.269,9999.000,9999.000,9999.000,9999.000,9999.000,9999.000,9999.000
202604191012,   1.832,   2.259,9999.000,9999.000,9999.000,9999.000,9999.000,9999.000,9999.000
202604191018,   1.863,   2.318,9999.000,9999.000,9999.000,9999.000,9999.000,9999.000,9999.000
202604191024,   1.892,   2.338,9999.000,9999.000,9999.000,9999.000,9999.000,9999.000,9999.000
202604191030,   1.920,   2.318,9999.000,9999.000,9999.000,9999.000,9999.000,9999.000,9999.000
202604191036,   1.946,   2.358,9999.000,9999.000,9999.000,9999.000,9999.000,9999.000,9999.000
202604191042,   1.971,   2.400,9999.000,9999.000,9999.000,9999.000,9999.000,9999.000,9999.000
202604191048,   1.994,   2.479,9999.000,9999.000,9999.000,9999.000,9999.000,9999.000,9999.000
202604191054,   2.015,   2.489,9999.000,9999.000,9999.000,9999.000,9999.000,9999.000,9999.000
202604191100,   2.034,   2.509,  -0.200,   0.675,   2.509,  -0.300,   2.409,   0.000,   2.709
202604191106,   2.052,   2.528,9999.000,9999.000,9999.000,9999.000,9999.000,9999.000,9999.000
202604191112,   2.068,   2.558,9999.000,9999.000,9999.000,9999.000,9999.000,9999.000,9999.000
202604191118,   2.083,   2.538,9999.000,9999.000,9999.000,9999.000,9999.000,9999.000,9999.000
202604191124,   2.096,   2.509,9999.000,9999.000,9999.000,9999.000,9999.000,9999.000,9999.000
202604191130,   2.107,   2.479,9999.000,9999.000,9999.000,9999.000,9999.000,9999.000,9999.000
202604191136,   2.117,   2.479,9999.000,9999.000,9999.000,9999.000,9999.000,9999.000,9999.000
202604191142,   2.125,   2.469,9999.000,9999.000,9999.000,9999.000,9999.000,9999.000,9999.000
202604191148,   2.132,   2.469,9999.000,9999.000,9999.000,9999.000,9999.000,9999.000,9999.000
202604191154,   2.137,   2.479,9999.000,9999.000,9999.000,9999.000,9999.000,9999.000,9999.000
202604191200,   2.141,   2.509,  -0.200,   0.568,   2.509,  -0.400,   2.309,   0.000,   2.709
202604191206,   2.143,   2.450,9999.000,9999.000,9999.000,9999.000,9999.000,9999.000,9999.000
202604191212,   2.144,   2.459,9999.000,9999.000,9999.000,9999.000,9999.000,9999.000,9999.000
202604191218,   2.143,   2.479,9999.000,9999.000,9999.000,9999.000,9999.000,9999.000,9999.000
202604191224,   2.141,   2.479,9999.000,9999.000,9999.000,9999.000,9999.000,9999.000,9999.000
202604191230,   2.138,   2.528,9999.000,9999.000,9999.000,9999.000,9999.000,9999.000,9999.000
202604191236,   2.134,   2.528,9999.000,9999.000,9999.000,9999.000,9999.000,9999.000,9999.000
202604191242,   2.128,   2.558,9999.000,9999.000,9999.000,9999.000,9999.000,9999.000,9999.000
202604191248,   2.122,   2.597,9999.000,9999.000,9999.000,9999.000,9999.000,9999.000,9999.000
202604191254,   2.114,   2.650,9999.000,9999.000,9999.000,9999.000,9999.000,9999.000,9999.000
202604191300,   2.105,   2.640,  -0.100,   0.635,   2.640,  -0.200,   2.540,   0.000,   2.740
202604191306,   2.095,   2.630,9999.000,9999.000,9999.000,9999.000,9999.000,9999.000,9999.000
202604191312,   2.085,   2.597,9999.000,9999.000,9999.000,9999.000,9999.000,9999.000,9999.000
202604191318,   2.073,   2.587,9999.000,9999.000,9999.000,9999.000,9999.000,9999.000,9999.000
202604191324,   2.061,   2.558,9999.000,9999.000,9999.000,9999.000,9999.000,9999.000,9999.000
202604191330,   2.048,   2.499,9999.000,9999.000,9999.000,9999.000,9999.000,9999.000,9999.000
202604191336,   2.035,   2.558,9999.000,9999.000,9999.000,9999.000,9999.000,9999.000,9999.000
202604191342,   2.020,   2.548,9999.000,9999.000,9999.000,9999.000,9999.000,9999.000,9999.000
202604191348,   2.006,   2.548,9999.000,9999.000,9999.000,9999.000,9999.000,9999.000,9999.000
202604191354,   1.991,   2.568,9999.000,9999.000,9999.000,9999.000,9999.000,9999.000,9999.000
202604191400,   1.975,   2.568,  -0.100,   0.693,   2.568,  -0.200,   2.468,   0.000,   2.668
202604191406,   1.959,   2.578,9999.000,9999.000,9999.000,9999.000,9999.000,9999.000,9999.000
202604191412,   1.943,   2.578,9999.000,9999.000,9999.000,9999.000,9999.000,9999.000,9999.000
202604191418,   1.927,   2.528,9999.000,9999.000,9999.000,9999.000,9999.000,9999.000,9999.000
202604191424,   1.911,   2.469,9999.000,9999.000,9999.000,9999.000,9999.000,9999.000,9999.000
202604191430,   1.895,   2.509,9999.000,9999.000,9999.000,9999.000,9999.000,9999.000,9999.000
202604191436,   1.878,   2.509,9999.000,9999.000,9999.000,9999.000,9999.000,9999.000,9999.000
202604191442,   1.862,   2.528,9999.000,9999.000,9999.000,9999.000,9999.000,9999.000,9999.000
202604191448,   1.846,   2.538,9999.000,9999.000,9999.000,9999.000,9999.000,9999.000,9999.000
202604191454,   1.830,   2.538,9999.000,9999.000,9999.000,9999.000,9999.000,9999.000,9999.000
202604191500,   1.814,   2.528,   0.000,   0.714,   2.528,  -0.100,   2.428,   0.000,   2.528
202604191506,   1.798,   2.519,9999.000,9999.000,9999.000,9999.000,9999.000,9999.000,9999.000
202604191512,   1.783,   2.430,9999.000,9999.000,9999.000,9999.000,9999.000,9999.000,9999.000
202604191518,   1.768,   2.400,9999.000,9999.000,9999.000,9999.000,9999.000,9999.000,9999.000
202604191524,   1.754,   2.348,9999.000,9999.000,9999.000,9999.000,9999.000,9999.000,9999.000
202604191530,   1.739,   2.400,9999.000,9999.000,9999.000,9999.000,9999.000,9999.000,9999.000
202604191536,   1.726,   2.368,9999.000,9999.000,9999.000,9999.000,9999.000,9999.000,9999.000
202604191542,   1.712,   2.430,9999.000,9999.000,9999.000,9999.000,9999.000,9999.000,9999.000
202604191548,   1.700,   2.469,9999.000,9999.000,9999.000,9999.000,9999.000,9999.000,9999.000
202604191554,   1.687,   2.509,9999.000,9999.000,9999.000,9999.000,9999.000,9999.000,9999.000
202604191600,   1.675,   2.538,   0.000,   0.863,   2.538,   0.000,   2.538,   0.100,   2.638
202604191606,   1.664,   2.558,9999.000,9999.000,9999.000,9999.000,9999.000,9999.000,9999.000
202604191612,   1.653,   2.538,9999.000,9999.000,9999.000,9999.000,9999.000,9999.000,9999.000
202604191618,   1.642,   2.499,9999.000,9999.000,9999.000,9999.000,9999.000,9999.000,9999.000
202604191624,   1.632,   2.450,9999.000,9999.000,9999.000,9999.000,9999.000,9999.000,9999.000
202604191630,   1.622,   2.400,9999.000,9999.000,9999.000,9999.000,9999.000,9999.000,9999.000
202604191636,   1.613,   2.289,9999.000,9999.000,9999.000,9999.000,9999.000,9999.000,9999.000
202604191642,   1.605,   2.348,9999.000,9999.000,9999.000,9999.000,9999.000,9999.000,9999.000
202604191648,   1.597,   2.338,9999.000,9999.000,9999.000,9999.000,9999.000,9999.000,9999.000
202604191654,   1.589,   2.348,9999.000,9999.000,9999.000,9999.000,9999.000,9999.000,9999.000
202604191700,   1.581,   2.348,   0.100,   0.667,   2.348,   0.000,   2.248,   0.200,   2.448
202604191706,   1.575,   2.318,9999.000,9999.000,9999.000,9999.000,9999.000,9999.000,9999.000
202604191712,   1.568,   2.309,9999.000,9999.000,9999.000,9999.000,9999.000,9999.000,9999.000
202604191718,   1.562,   2.259,9999.000,9999.000,9999.000,9999.000,9999.000,9999.000,9999.000
202604191724,   1.556,   2.220,9999.000,9999.000,9999.000,9999.000,9999.000,9999.000,9999.000
202604191730,   1.551,   2.200,9999.000,9999.000,9999.000,9999.000,9999.000,9999.000,9999.000
202604191736,   1.546,   2.148,9999.000,9999.000,9999.000,9999.000,9999.000,9999.000,9999.000
202604191742,   1.542,   2.148,9999.000,9999.000,9999.000,9999.000,9999.000,9999.000,9999.000
202604191748,   1.538,   2.148,9999.000,9999.000,9999.000,9999.000,9999.000,9999.000,9999.000
202604191754,   1.534,   2.109,9999.000,9999.000,9999.000,9999.000,9999.000,9999.000,9999.000
202604191800,   1.530,   2.089,   0.000,   0.559,   2.089,   0.000,   2.089,   0.100,   2.189
202604191806,   1.527,   2.191,9999.000,9999.000,9999.000,9999.000,9999.000,9999.000,9999.000
202604191812,   1.525,   2.210,9999.000,9999.000,9999.000,9999.000,9999.000,9999.000,9999.000
202604191818,   1.523,   2.259,9999.000,9999.000,9999.000,9999.000,9999.000,9999.000,9999.000
202604191824,   1.521,   2.299,9999.000,9999.000,9999.000,9999.000,9999.000,9999.000,9999.000
202604191830,   1.519,   2.250,9999.000,9999.000,9999.000,9999.000,9999.000,9999.000,9999.000
202604191836,   1.518,   2.279,9999.000,9999.000,9999.000,9999.000,9999.000,9999.000,9999.000
202604191842,   1.517,   2.250,9999.000,9999.000,9999.000,9999.000,9999.000,9999.000,9999.000
202604191848,   1.517,   2.279,9999.000,9999.000,9999.000,9999.000,9999.000,9999.000,9999.000
202604191854,   1.517,   2.309,9999.000,9999.000,9999.000,9999.000,9999.000,9999.000,9999.000
202604191900,   1.517,   2.309,   0.100,   0.692,   2.309,   0.000,   2.209,   0.200,   2.409
202604191906,   1.517,   2.279,9999.000,9999.000,9999.000,9999.000,9999.000,9999.000,9999.000
202604191912,   1.518,   2.289,9999.000,9999.000,9999.000,9999.000,9999.000,9999.000,9999.000
202604191918,   1.519,   2.338,9999.000,9999.000,9999.000,9999.000,9999.000,9999.000,9999.000
202604191924,   1.521,   2.358,9999.000,9999.000,9999.000,9999.000,9999.000,9999.000,9999.000
202604191930,   1.522,   2.368,9999.000,9999.000,9999.000,9999.000,9999.000,9999.000,9999.000
202604191936,   1.524,   2.440,9999.000,9999.000,9999.000,9999.000,9999.000,9999.000,9999.000
202604191942,   1.526,   2.459,9999.000,9999.000,9999.000,9999.000,9999.000,9999.000,9999.000
202604191948,   1.528,   2.538,9999.000,9999.000,9999.000,9999.000,9999.000,9999.000,9999.000
202604191954,   1.530,   2.538,9999.000,9999.000,9999.000,9999.000,9999.000,9999.000,9999.000
202604192000,   1.532,   2.499,   0.200,   0.767,   2.499,   0.100,   2.399,   0.400,   2.699
202604192006,   1.534,   2.509,9999.000,9999.000,9999.000,9999.000,9999.000,9999.000,9999.000
202604192012,   1.536,   2.479,9999.000,9999.000,9999.000,9999.000,9999.000,9999.000,9999.000
202604192018,   1.538,   2.509,9999.000,9999.000,9999.000,9999.000,9999.000,9999.000,9999.000
202604192024,   1.540,   2.489,9999.000,9999.000,9999.000,9999.000,9999.000,9999.000,9999.000
202604192030,   1.541,   2.479,9999.000,9999.000,9999.000,9999.000,9999.000,9999.000,9999.000
202604192036,   1.542,   2.489,9999.000,9999.000,9999.000,9999.000,9999.000,9999.000,9999.000
202604192042,   1.543,   2.479,9999.000,9999.000,9999.000,9999.000,9999.000,9999.000,9999.000
202604192048,   1.543,   2.528,9999.000,9999.000,9999.000,9999.000,9999.000,9999.000,9999.000
202604192054,   1.542,   2.558,9999.000,9999.000,9999.000,9999.000,9999.000,9999.000,9999.000
202604192100,   1.542,   2.587,   0.300,   0.745,   2.587,   0.200,   2.487,   0.500,   2.787
202604192106,   1.540,   2.528,9999.000,9999.000,9999.000,9999.000,9999.000,9999.000,9999.000
202604192112,   1.538,   2.568,9999.000,9999.000,9999.000,9999.000,9999.000,9999.000,9999.000
202604192118,   1.534,   2.400,9999.000,9999.000,9999.000,9999.000,9999.000,9999.000,9999.000
202604192124,   1.530,   2.499,9999.000,9999.000,9999.000,9999.000,9999.000,9999.000,9999.000
202604192130,   1.525,   2.440,9999.000,9999.000,9999.000,9999.000,9999.000,9999.000,9999.000
202604192136,   1.519,   2.338,9999.000,9999.000,9999.000,9999.000,9999.000,9999.000,9999.000
202604192142,   1.512,   2.318,9999.000,9999.000,9999.000,9999.000,9999.000,9999.000,9999.000
202604192148,   1.504,   2.279,9999.000,9999.000,9999.000,9999.000,9999.000,9999.000,9999.000
202604192154,   1.495,   2.259,9999.000,9999.000,9999.000,9999.000,9999.000,9999.000,9999.000
202604192200,   1.485,   2.279,   0.300,   0.494,   2.279,   0.200,   2.179,   0.500,   2.479
202604192206,   1.473,   2.250,9999.000,9999.000,9999.000,9999.000,9999.000,9999.000,9999.000
202604192212,   1.460,   2.220,9999.000,9999.000,9999.000,9999.000,9999.000,9999.000,9999.000
202604192218,   1.446,   2.099,9999.000,9999.000,9999.000,9999.000,9999.000,9999.000,9999.000
202604192224,   1.431,   2.089,9999.000,9999.000,9999.000,9999.000,9999.000,9999.000,9999.000
202604192230,   1.414,   2.079,9999.000,9999.000,9999.000,9999.000,9999.000,9999.000,9999.000
202604192236,   1.396,   2.030,9999.000,9999.000,9999.000,9999.000,9999.000,9999.000,9999.000
202604192242,   1.377,   1.948,9999.000,9999.000,9999.000,9999.000,9999.000,9999.000,9999.000
202604192248,   1.356,   1.938,9999.000,9999.000,9999.000,9999.000,9999.000,9999.000,9999.000
202604192254,   1.335,   1.938,9999.000,9999.000,9999.000,9999.000,9999.000,9999.000,9999.000
202604192300,   1.311,   1.938,   0.400,   0.227,   1.938,   0.300,   1.838,   0.500,   2.038
202604192306,   1.287,   1.938,9999.000,9999.000,9999.000,9999.000,9999.000,9999.000,9999.000
202604192312,   1.261,   1.899,9999.000,9999.000,9999.000,9999.000,9999.000,9999.000,9999.000
202604192318,   1.234,   1.889,9999.000,9999.000,9999.000,9999.000,9999.000,9999.000,9999.000
202604192324,   1.206,   1.849,9999.000,9999.000,9999.000,9999.000,9999.000,9999.000,9999.000
202604192330,   1.177,   1.781,9999.000,9999.000,9999.000,9999.000,9999.000,9999.000,9999.000
202604192336,   1.146,   1.699,9999.000,9999.000,9999.000,9999.000,9999.000,9999.000,9999.000
202604192342,   1.114,   1.669,9999.000,9999.000,9999.000,9999.000,9999.000,9999.000,9999.000
202604192348,   1.082,   1.630,9999.000,9999.000,9999.000,9999.000,9999.000,9999.000,9999.000
202604192354,   1.048,   1.639,9999.000,9999.000,9999.000,9999.000,9999.000,9999.000,9999.000
202604200000,   1.013,   1.571,   0.300,   0.258,   1.571,   0.300,   1.571,   0.400,   1.671
202604200006,   0.977,   1.518,9999.000,9999.000,9999.000,9999.000,9999.000,9999.000,9999.000
202604200012,   0.940,   1.518,9999.000,9999.000,9999.000,9999.000,9999.000,9999.000,9999.000
202604200018,   0.903,   1.528,9999.000,9999.000,9999.000,9999.000,9999.000,9999.000,9999.000
202604200024,   0.864,   1.479,9999.000,9999.000,9999.000,9999.000,9999.000,9999.000,9999.000
202604200030,   0.825,   1.449,9999.000,9999.000,9999.000,9999.000,9999.000,9999.000,9999.000
202604200036,   0.785,   1.420,9999.000,9999.000,9999.000,9999.000,9999.000,9999.000,9999.000
202604200042,   0.744,   1.410,9999.000,9999.000,9999.000,9999.000,9999.000,9999.000,9999.000
202604200048,   0.703,   1.380,9999.000,9999.000,9999.000,9999.000,9999.000,9999.000,9999.000
202604200054,   0.661,   1.318,9999.000,9999.000,9999.000,9999.000,9999.000,9999.000,9999.000
202604200100,   0.619,   1.200,   0.300,   0.281,   1.200,   0.200,   1.100,   0.400,   1.300
202604200106,   0.576,   1.151,9999.000,9999.000,9999.000,9999.000,9999.000,9999.000,9999.000
202604200112,   0.533,   1.151,9999.000,9999.000,9999.000,9999.000,9999.000,9999.000,9999.000
202604200118,   0.489,   1.118,9999.000,9999.000,9999.000,9999.000,9999.000,9999.000,9999.000
202604200124,   0.445,   1.039,9999.000,9999.000,9999.000,9999.000,9999.000,9999.000,9999.000
202604200130,   0.402,   0.990,9999.000,9999.000,9999.000,9999.000,9999.000,9999.000,9999.000
202604200136,   0.358,   0.961,9999.000,9999.000,9999.000,9999.000,9999.000,9999.000,9999.000
202604200142,   0.314,   0.888,9999.000,9999.000,9999.000,9999.000,9999.000,9999.000,9999.000
202604200148,   0.270,   0.819,9999.000,9999.000,9999.000,9999.000,9999.000,9999.000,9999.000
202604200154,   0.227,   0.760,9999.000,9999.000,9999.000,9999.000,9999.000,9999.000,9999.000
202604200200,   0.183,   0.718,   0.300,   0.235,   0.718,   0.200,   0.618,   0.400,   0.818
202604200206,   0.140,   0.678,9999.000,9999.000,9999.000,9999.000,9999.000,9999.000,9999.000
202604200212,   0.098,   0.639,9999.000,9999.000,9999.000,9999.000,9999.000,9999.000,9999.000
202604200218,   0.056,   0.600,9999.000,9999.000,9999.000,9999.000,9999.000,9999.000,9999.000
202604200224,   0.015,   0.610,9999.000,9999.000,9999.000,9999.000,9999.000,9999.000,9999.000
202604200230,  -0.025,   0.600,9999.000,9999.000,9999.000,9999.000,9999.000,9999.000,9999.000
202604200236,  -0.064,   0.580,9999.000,9999.000,9999.000,9999.000,9999.000,9999.000,9999.000
202604200242,  -0.103,   0.518,9999.000,9999.000,9999.000,9999.000,9999.000,9999.000,9999.000
202604200248,  -0.140,   0.469,9999.000,9999.000,9999.000,9999.000,9999.000,9999.000,9999.000
202604200254,  -0.176,   0.469,9999.000,9999.000,9999.000,9999.000,9999.000,9999.000,9999.000
202604200300,  -0.211,   0.469,   0.300,   0.380,   0.469,   0.200,   0.369,   0.400,   0.569
202604200306,  -0.245,   0.459,9999.000,9999.000,9999.000,9999.000,9999.000,9999.000,9999.000
202604200312,  -0.277,   0.449,9999.000,9999.000,9999.000,9999.000,9999.000,9999.000,9999.000
202604200318,  -0.308,   0.439,9999.000,9999.000,9999.000,9999.000,9999.000,9999.000,9999.000
202604200324,  -0.337,   0.400,9999.000,9999.000,9999.000,9999.000,9999.000,9999.000,9999.000
202604200330,  -0.365,   0.409,9999.000,9999.000,9999.000,9999.000,9999.000,9999.000,9999.000
202604200336,  -0.390,   0.350,9999.000,9999.000,9999.000,9999.000,9999.000,9999.000,9999.000
202604200342,  -0.414,   0.331,9999.000,9999.000,9999.000,9999.000,9999.000,9999.000,9999.000
202604200348,  -0.436,   0.341,9999.000,9999.000,9999.000,9999.000,9999.000,9999.000,9999.000
202604200354,  -0.456,   0.298,9999.000,9999.000,9999.000,9999.000,9999.000,9999.000,9999.000
202604200400,  -0.474,   0.288,   0.300,   0.462,   0.288,   0.200,   0.188,   0.400,   0.388
202604200406,  -0.490,   0.209,9999.000,9999.000,9999.000,9999.000,9999.000,9999.000,9999.000
202604200412,  -0.504,   0.200,9999.000,9999.000,9999.000,9999.000,9999.000,9999.000,9999.000
202604200418,  -0.516,   0.170,9999.000,9999.000,9999.000,9999.000,9999.000,9999.000,9999.000
202604200424,  -0.526,   0.209,9999.000,9999.000,9999.000,9999.000,9999.000,9999.000,9999.000
202604200430,  -0.534,   0.239,9999.000,9999.000,9999.000,9999.000,9999.000,9999.000,9999.000
202604200436,  -0.539,   0.249,9999.000,9999.000,9999.000,9999.000,9999.000,9999.000,9999.000
202604200442,  -0.543,   0.239,9999.000,9999.000,9999.000,9999.000,9999.000,9999.000,9999.000
202604200448,  -0.544,   0.249,9999.000,9999.000,9999.000,9999.000,9999.000,9999.000,9999.000
202604200454,  -0.543,   0.278,9999.000,9999.000,9999.000,9999.000,9999.000,9999.000,9999.000
202604200500,  -0.541,   0.321,   0.300,   0.562,   0.321,   0.200,   0.221,   0.400,   0.421
202604200506,  -0.536,   0.400,9999.000,9999.000,9999.000,9999.000,9999.000,9999.000,9999.000
202604200512,  -0.529,   0.370,9999.000,9999.000,9999.000,9999.000,9999.000,9999.000,9999.000
202604200518,  -0.520,   0.419,9999.000,9999.000,9999.000,9999.000,9999.000,9999.000,9999.000
202604200524,  -0.509,   0.449,9999.000,9999.000,9999.000,9999.000,9999.000,9999.000,9999.000
202604200530,  -0.497,   0.498,9999.000,9999.000,9999.000,9999.000,9999.000,9999.000,9999.000
202604200536,  -0.482,   0.518,9999.000,9999.000,9999.000,9999.000,9999.000,9999.000,9999.000
202604200542,  -0.465,   0.518,9999.000,9999.000,9999.000,9999.000,9999.000,9999.000,9999.000
202604200548,  -0.447,   0.541,9999.000,9999.000,9999.000,9999.000,9999.000,9999.000,9999.000
202604200554,  -0.427,9999.000,9999.000,9999.000,9999.000,9999.000,9999.000,9999.000,9999.000
202604200600,  -0.405,9999.000,   0.300,   0.536,   0.431,   0.200,   0.331,   0.400,   0.531
202604200606,  -0.382,9999.000,9999.000,9999.000,9999.000,9999.000,9999.000,9999.000,9999.000
202604200612,  -0.356,9999.000,9999.000,9999.000,9999.000,9999.000,9999.000,9999.000,9999.000
202604200618,  -0.329,9999.000,9999.000,9999.000,9999.000,9999.000,9999.000,9999.000,9999.000
202604200624,  -0.301,9999.000,9999.000,9999.000,9999.000,9999.000,9999.000,9999.000,9999.000
202604200630,  -0.271,9999.000,9999.000,9999.000,9999.000,9999.000,9999.000,9999.000,9999.000
202604200636,  -0.239,9999.000,9999.000,9999.000,9999.000,9999.000,9999.000,9999.000,9999.000
202604200642,  -0.206,9999.000,9999.000,9999.000,9999.000,9999.000,9999.000,9999.000,9999.000
202604200648,  -0.172,9999.000,9999.000,9999.000,9999.000,9999.000,9999.000,9999.000,9999.000
202604200654,  -0.136,9999.000,9999.000,9999.000,9999.000,9999.000,9999.000,9999.000,9999.000
202604200700,  -0.098,9999.000,   0.300,   0.510,   0.712,   0.200,   0.612,   0.400,   0.812
202604200706,  -0.060,9999.000,9999.000,9999.000,9999.000,9999.000,9999.000,9999.000,9999.000
202604200712,  -0.020,9999.000,9999.000,9999.000,9999.000,9999.000,9999.000,9999.000,9999.000
202604200718,   0.020,9999.000,9999.000,9999.000,9999.000,9999.000,9999.000,9999.000,9999.000
202604200724,   0.063,9999.000,9999.000,9999.000,9999.000,9999.000,9999.000,9999.000,9999.000
202604200730,   0.106,9999.000,9999.000,9999.000,9999.000,9999.000,9999.000,9999.000,9999.000
202604200736,   0.151,9999.000,9999.000,9999.000,9999.000,9999.000,9999.000,9999.000,9999.000
202604200742,   0.197,9999.000,9999.000,9999.000,9999.000,9999.000,9999.000,9999.000,9999.000
202604200748,   0.243,9999.000,9999.000,9999.000,9999.000,9999.000,9999.000,9999.000,9999.000
202604200754,   0.291,9999.000,9999.000,9999.000,9999.000,9999.000,9999.000,9999.000,9999.000
202604200800,   0.339,9999.000,   0.400,   0.484,   1.223,   0.300,   1.123,   0.500,   1.323
202604200806,   0.389,9999.000,9999.000,9999.000,9999.000,9999.000,9999.000,9999.000,9999.000
202604200812,   0.439,9999.000,9999.000,9999.000,9999.000,9999.000,9999.000,9999.000,9999.000
202604200818,   0.489,9999.000,9999.000,9999.000,9999.000,9999.000,9999.000,9999.000,9999.000
202604200824,   0.540,9999.000,9999.000,9999.000,9999.000,9999.000,9999.000,9999.000,9999.000
202604200830,   0.592,9999.000,9999.000,9999.000,9999.000,9999.000,9999.000,9999.000,9999.000
202604200836,   0.644,9999.000,9999.000,9999.000,9999.000,9999.000,9999.000,9999.000,9999.000
202604200842,   0.696,9999.000,9999.000,9999.000,9999.000,9999.000,9999.000,9999.000,9999.000
202604200848,   0.748,9999.000,9999.000,9999.000,9999.000,9999.000,9999.000,9999.000,9999.000
202604200854,   0.800,9999.000,9999.000,9999.000,9999.000,9999.000,9999.000,9999.000,9999.000
202604200900,   0.853,9999.000,   0.400,   0.458,   1.711,   0.300,   1.611,   0.500,   1.811
202604200906,   0.905,9999.000,9999.000,9999.000,9999.000,9999.000,9999.000,9999.000,9999.000
202604200912,   0.957,9999.000,9999.000,9999.000,9999.000,9999.000,9999.000,9999.000,9999.000
202604200918,   1.008,9999.000,9999.000,9999.000,9999.000,9999.000,9999.000,9999.000,9999.000
202604200924,   1.059,9999.000,9999.000,9999.000,9999.000,9999.000,9999.000,9999.000,9999.000
202604200930,   1.110,9999.000,9999.000,9999.000,9999.000,9999.000,9999.000,9999.000,9999.000
202604200936,   1.160,9999.000,9999.000,9999.000,9999.000,9999.000,9999.000,9999.000,9999.000
202604200942,   1.209,9999.000,9999.000,9999.000,9999.000,9999.000,9999.000,9999.000,9999.000
202604200948,   1.257,9999.000,9999.000,9999.000,9999.000,9999.000,9999.000,9999.000,9999.000
202604200954,   1.305,9999.000,9999.000,9999.000,9999.000,9999.000,9999.000,9999.000,9999.000
202604201000,   1.351,9999.000,   0.400,   0.432,   2.183,   0.300,   2.083,   0.500,   2.283
202604201006,   1.397,9999.000,9999.000,9999.000,9999.000,9999.000,9999.000,9999.000,9999.000
202604201012,   1.441,9999.000,9999.000,9999.000,9999.000,9999.000,9999.000,9999.000,9999.000
202604201018,   1.484,9999.000,9999.000,9999.000,9999.000,9999.000,9999.000,9999.000,9999.000
202604201024,   1.526,9999.000,9999.000,9999.000,9999.000,9999.000,9999.000,9999.000,9999.000
202604201030,   1.567,9999.000,9999.000,9999.000,9999.000,9999.000,9999.000,9999.000,9999.000
202604201036,   1.606,9999.000,9999.000,9999.000,9999.000,9999.000,9999.000,9999.000,9999.000
202604201042,   1.644,9999.000,9999.000,9999.000,9999.000,9999.000,9999.000,9999.000,9999.000
202604201048,   1.680,9999.000,9999.000,9999.000,9999.000,9999.000,9999.000,9999.000,9999.000
202604201054,   1.715,9999.000,9999.000,9999.000,9999.000,9999.000,9999.000,9999.000,9999.000
202604201100,   1.749,9999.000,   0.400,   0.405,   2.554,   0.300,   2.454,   0.500,   2.654
202604201106,   1.781,9999.000,9999.000,9999.000,9999.000,9999.000,9999.000,9999.000,9999.000
202604201112,   1.812,9999.000,9999.000,9999.000,9999.000,9999.000,9999.000,9999.000,9999.000
202604201118,   1.841,9999.000,9999.000,9999.000,9999.000,9999.000,9999.000,9999.000,9999.000
202604201124,   1.869,9999.000,9999.000,9999.000,9999.000,9999.000,9999.000,9999.000,9999.000
202604201130,   1.896,9999.000,9999.000,9999.000,9999.000,9999.000,9999.000,9999.000,9999.000
202604201136,   1.921,9999.000,9999.000,9999.000,9999.000,9999.000,9999.000,9999.000,9999.000
202604201142,   1.944,9999.000,9999.000,9999.000,9999.000,9999.000,9999.000,9999.000,9999.000
202604201148,   1.966,9999.000,9999.000,9999.000,9999.000,9999.000,9999.000,9999.000,9999.000
202604201154,   1.987,9999.000,9999.000,9999.000,9999.000,9999.000,9999.000,9999.000,9999.000
202604201200,   2.006,9999.000,   0.400,   0.379,   2.785,   0.300,   2.685,   0.500,   2.885
202604201206,   2.024,9999.000,9999.000,9999.000,9999.000,9999.000,9999.000,9999.000,9999.000
202604201212,   2.041,9999.000,9999.000,9999.000,9999.000,9999.000,9999.000,9999.000,9999.000
202604201218,   2.056,9999.000,9999.000,9999.000,9999.000,9999.000,9999.000,9999.000,9999.000
202604201224,   2.070,9999.000,9999.000,9999.000,9999.000,9999.000,9999.000,9999.000,9999.000
202604201230,   2.082,9999.000,9999.000,9999.000,9999.000,9999.000,9999.000,9999.000,9999.000
202604201236,   2.093,9999.000,9999.000,9999.000,9999.000,9999.000,9999.000,9999.000,9999.000
202604201242,   2.103,9999.000,9999.000,9999.000,9999.000,9999.000,9999.000,9999.000,9999.000
202604201248,   2.112,9999.000,9999.000,9999.000,9999.000,9999.000,9999.000,9999.000,9999.000
202604201254,   2.119,9999.000,9999.000,9999.000,9999.000,9999.000,9999.000,9999.000,9999.000
202604201300,   2.125,9999.000,   0.400,   0.353,   2.878,   0.300,   2.778,   0.500,   2.978
202604201306,   2.130,9999.000,9999.000,9999.000,9999.000,9999.000,9999.000,9999.000,9999.000
202604201312,   2.134,9999.000,9999.000,9999.000,9999.000,9999.000,9999.000,9999.000,9999.000
202604201318,   2.137,9999.000,9999.000,9999.000,9999.000,9999.000,9999.000,9999.000,9999.000
202604201324,   2.138,9999.000,9999.000,9999.000,9999.000,9999.000,9999.000,9999.000,9999.000
202604201330,   2.138,9999.000,9999.000,9999.000,9999.000,9999.000,9999.000,9999.000,9999.000
202604201336,   2.137,9999.000,9999.000,9999.000,9999.000,9999.000,9999.000,9999.000,9999.000
202604201342,   2.135,9999.000,9999.000,9999.000,9999.000,9999.000,9999.000,9999.000,9999.000
202604201348,   2.132,9999.000,9999.000,9999.000,9999.000,9999.000,9999.000,9999.000,9999.000
202604201354,   2.128,9999.000,9999.000,9999.000,9999.000,9999.000,9999.000,9999.000,9999.000
202604201400,   2.123,9999.000,   0.400,   0.327,   2.850,   0.300,   2.750,   0.600,   3.050
202604201406,   2.117,9999.000,9999.000,9999.000,9999.000,9999.000,9999.000,9999.000,9999.000
202604201412,   2.110,9999.000,9999.000,9999.000,9999.000,9999.000,9999.000,9999.000,9999.000
202604201418,   2.102,9999.000,9999.000,9999.000,9999.000,9999.000,9999.000,9999.000,9999.000
202604201424,   2.093,9999.000,9999.000,9999.000,9999.000,9999.000,9999.000,9999.000,9999.000
202604201430,   2.084,9999.000,9999.000,9999.000,9999.000,9999.000,9999.000,9999.000,9999.000
202604201436,   2.074,9999.000,9999.000,9999.000,9999.000,9999.000,9999.000,9999.000,9999.000
202604201442,   2.063,9999.000,9999.000,9999.000,9999.000,9999.000,9999.000,9999.000,9999.000
202604201448,   2.052,9999.000,9999.000,9999.000,9999.000,9999.000,9999.000,9999.000,9999.000
202604201454,   2.040,9999.000,9999.000,9999.000,9999.000,9999.000,9999.000,9999.000,9999.000
202604201500,   2.028,9999.000,   0.500,   0.301,   2.829,   0.300,   2.629,   0.600,   2.929
202604201506,   2.016,9999.000,9999.000,9999.000,9999.000,9999.000,9999.000,9999.000,9999.000
202604201512,   2.003,9999.000,9999.000,9999.000,9999.000,9999.000,9999.000,9999.000,9999.000
202604201518,   1.990,9999.000,9999.000,9999.000,9999.000,9999.000,9999.000,9999.000,9999.000
202604201524,   1.977,9999.000,9999.000,9999.000,9999.000,9999.000,9999.000,9999.000,9999.000
202604201530,   1.964,9999.000,9999.000,9999.000,9999.000,9999.000,9999.000,9999.000,9999.000
202604201536,   1.951,9999.000,9999.000,9999.000,9999.000,9999.000,9999.000,9999.000,9999.000
202604201542,   1.938,9999.000,9999.000,9999.000,9999.000,9999.000,9999.000,9999.000,9999.000
202604201548,   1.925,9999.000,9999.000,9999.000,9999.000,9999.000,9999.000,9999.000,9999.000
202604201554,   1.912,9999.000,9999.000,9999.000,9999.000,9999.000,9999.000,9999.000,9999.000
202604201600,   1.900,9999.000,   0.500,   0.275,   2.675,   0.300,   2.475,   0.600,   2.775
202604201606,   1.888,9999.000,9999.000,9999.000,9999.000,9999.000,9999.000,9999.000,9999.000
202604201612,   1.876,9999.000,9999.000,9999.000,9999.000,9999.000,9999.000,9999.000,9999.000
202604201618,   1.864,9999.000,9999.000,9999.000,9999.000,9999.000,9999.000,9999.000,9999.000
202604201624,   1.853,9999.000,9999.000,9999.000,9999.000,9999.000,9999.000,9999.000,9999.000
202604201630,   1.842,9999.000,9999.000,9999.000,9999.000,9999.000,9999.000,9999.000,9999.000
202604201636,   1.832,9999.000,9999.000,9999.000,9999.000,9999.000,9999.000,9999.000,9999.000
202604201642,   1.822,9999.000,9999.000,9999.000,9999.000,9999.000,9999.000,9999.000,9999.000
202604201648,   1.812,9999.000,9999.000,9999.000,9999.000,9999.000,9999.000,9999.000,9999.000
202604201654,   1.803,9999.000,9999.000,9999.000,9999.000,9999.000,9999.000,9999.000,9999.000
202604201700,   1.794,9999.000,   0.500,   0.249,   2.543,   0.300,   2.343,   0.600,   2.643
202604201706,   1.786,9999.000,9999.000,9999.000,9999.000,9999.000,9999.000,9999.000,9999.000
202604201712,   1.778,9999.000,9999.000,9999.000,9999.000,9999.000,9999.000,9999.000,9999.000
202604201718,   1.771,9999.000,9999.000,9999.000,9999.000,9999.000,9999.000,9999.000,9999.000
202604201724,   1.763,9999.000,9999.000,9999.000,9999.000,9999.000,9999.000,9999.000,9999.000
202604201730,   1.757,9999.000,9999.000,9999.000,9999.000,9999.000,9999.000,9999.000,9999.000
202604201736,   1.750,9999.000,9999.000,9999.000,9999.000,9999.000,9999.000,9999.000,9999.000
202604201742,   1.744,9999.000,9999.000,9999.000,9999.000,9999.000,9999.000,9999.000,9999.000
202604201748,   1.738,9999.000,9999.000,9999.000,9999.000,9999.000,9999.000,9999.000,9999.000
202604201754,   1.732,9999.000,9999.000,9999.000,9999.000,9999.000,9999.000,9999.000,9999.000
202604201800,   1.726,9999.000,   0.500,   0.249,   2.475,   0.300,   2.275,   0.700,   2.675
202604201806,   1.721,9999.000,9999.000,9999.000,9999.000,9999.000,9999.000,9999.000,9999.000
202604201812,   1.716,9999.000,9999.000,9999.000,9999.000,9999.000,9999.000,9999.000,9999.000
202604201818,   1.710,9999.000,9999.000,9999.000,9999.000,9999.000,9999.000,9999.000,9999.000
202604201824,   1.705,9999.000,9999.000,9999.000,9999.000,9999.000,9999.000,9999.000,9999.000
202604201830,   1.701,9999.000,9999.000,9999.000,9999.000,9999.000,9999.000,9999.000,9999.000
202604201836,   1.696,9999.000,9999.000,9999.000,9999.000,9999.000,9999.000,9999.000,9999.000
202604201842,   1.691,9999.000,9999.000,9999.000,9999.000,9999.000,9999.000,9999.000,9999.000
202604201848,   1.687,9999.000,9999.000,9999.000,9999.000,9999.000,9999.000,9999.000,9999.000
202604201854,   1.682,9999.000,9999.000,9999.000,9999.000,9999.000,9999.000,9999.000,9999.000
202604201900,   1.678,9999.000,   0.500,   0.249,   2.427,   0.300,   2.227,   0.700,   2.627
202604201906,   1.674,9999.000,9999.000,9999.000,9999.000,9999.000,9999.000,9999.000,9999.000
202604201912,   1.670,9999.000,9999.000,9999.000,9999.000,9999.000,9999.000,9999.000,9999.000
202604201918,   1.667,9999.000,9999.000,9999.000,9999.000,9999.000,9999.000,9999.000,9999.000
202604201924,   1.663,9999.000,9999.000,9999.000,9999.000,9999.000,9999.000,9999.000,9999.000
202604201930,   1.659,9999.000,9999.000,9999.000,9999.000,9999.000,9999.000,9999.000,9999.000
202604201936,   1.656,9999.000,9999.000,9999.000,9999.000,9999.000,9999.000,9999.000,9999.000
202604201942,   1.653,9999.000,9999.000,9999.000,9999.000,9999.000,9999.000,9999.000,9999.000
202604201948,   1.650,9999.000,9999.000,9999.000,9999.000,9999.000,9999.000,9999.000,9999.000
202604201954,   1.648,9999.000,9999.000,9999.000,9999.000,9999.000,9999.000,9999.000,9999.000
202604202000,   1.645,9999.000,   0.600,   0.249,   2.494,   0.300,   2.194,   0.800,   2.694
202604202006,   1.643,9999.000,9999.000,9999.000,9999.000,9999.000,9999.000,9999.000,9999.000
202604202012,   1.641,9999.000,9999.000,9999.000,9999.000,9999.000,9999.000,9999.000,9999.000
202604202018,   1.639,9999.000,9999.000,9999.000,9999.000,9999.000,9999.000,9999.000,9999.000
202604202024,   1.637,9999.000,9999.000,9999.000,9999.000,9999.000,9999.000,9999.000,9999.000
202604202030,   1.635,9999.000,9999.000,9999.000,9999.000,9999.000,9999.000,9999.000,9999.000
202604202036,   1.634,9999.000,9999.000,9999.000,9999.000,9999.000,9999.000,9999.000,9999.000
202604202042,   1.632,9999.000,9999.000,9999.000,9999.000,9999.000,9999.000,9999.000,9999.000
202604202048,   1.630,9999.000,9999.000,9999.000,9999.000,9999.000,9999.000,9999.000,9999.000
202604202054,   1.629,9999.000,9999.000,9999.000,9999.000,9999.000,9999.000,9999.000,9999.000
202604202100,   1.627,9999.000,   0.600,   0.249,   2.476,   0.300,   2.176,   0.800,   2.676
202604202106,   1.625,9999.000,9999.000,9999.000,9999.000,9999.000,9999.000,9999.000,9999.000
202604202112,   1.623,9999.000,9999.000,9999.000,9999.000,9999.000,9999.000,9999.000,9999.000
202604202118,   1.621,9999.000,9999.000,9999.000,9999.000,9999.000,9999.000,9999.000,9999.000
202604202124,   1.618,9999.000,9999.000,9999.000,9999.000,9999.000,9999.000,9999.000,9999.000
202604202130,   1.615,9999.000,9999.000,9999.000,9999.000,9999.000,9999.000,9999.000,9999.000
202604202136,   1.611,9999.000,9999.000,9999.000,9999.000,9999.000,9999.000,9999.000,9999.000
202604202142,   1.607,9999.000,9999.000,9999.000,9999.000,9999.000,9999.000,9999.000,9999.000
202604202148,   1.603,9999.000,9999.000,9999.000,9999.000,9999.000,9999.000,9999.000,9999.000
202604202154,   1.597,9999.000,9999.000,9999.000,9999.000,9999.000,9999.000,9999.000,9999.000
202604202200,   1.591,9999.000,   0.600,   0.249,   2.440,   0.300,   2.140,   0.700,   2.540
202604202206,   1.584,9999.000,9999.000,9999.000,9999.000,9999.000,9999.000,9999.000,9999.000
202604202212,   1.576,9999.000,9999.000,9999.000,9999.000,9999.000,9999.000,9999.000,9999.000
202604202218,   1.568,9999.000,9999.000,9999.000,9999.000,9999.000,9999.000,9999.000,9999.000
202604202224,   1.558,9999.000,9999.000,9999.000,9999.000,9999.000,9999.000,9999.000,9999.000
202604202230,   1.547,9999.000,9999.000,9999.000,9999.000,9999.000,9999.000,9999.000,9999.000
202604202236,   1.536,9999.000,9999.000,9999.000,9999.000,9999.000,9999.000,9999.000,9999.000
202604202242,   1.523,9999.000,9999.000,9999.000,9999.000,9999.000,9999.000,9999.000,9999.000
202604202248,   1.509,9999.000,9999.000,9999.000,9999.000,9999.000,9999.000,9999.000,9999.000
202604202254,   1.494,9999.000,9999.000,9999.000,9999.000,9999.000,9999.000,9999.000,9999.000
202604202300,   1.478,9999.000,   0.600,   0.249,   2.327,   0.400,   2.127,   0.700,   2.427
202604202306,   1.461,9999.000,9999.000,9999.000,9999.000,9999.000,9999.000,9999.000,9999.000
202604202312,   1.443,9999.000,9999.000,9999.000,9999.000,9999.000,9999.000,9999.000,9999.000
202604202318,   1.423,9999.000,9999.000,9999.000,9999.000,9999.000,9999.000,9999.000,9999.000
202604202324,   1.403,9999.000,9999.000,9999.000,9999.000,9999.000,9999.000,9999.000,9999.000
202604202330,   1.381,9999.000,9999.000,9999.000,9999.000,9999.000,9999.000,9999.000,9999.000
202604202336,   1.358,9999.000,9999.000,9999.000,9999.000,9999.000,9999.000,9999.000,9999.000
202604202342,   1.335,9999.000,9999.000,9999.000,9999.000,9999.000,9999.000,9999.000,9999.000
202604202348,   1.310,9999.000,9999.000,9999.000,9999.000,9999.000,9999.000,9999.000,9999.000
202604202354,   1.284,9999.000,9999.000,9999.000,9999.000,9999.000,9999.000,9999.000,9999.000
202604210000,   1.257,9999.000,   0.600,   0.249,   2.106,   0.400,   1.906,   0.700,   2.206
202604210006,   1.229,9999.000,9999.000,9999.000,9999.000,9999.000,9999.000,9999.000,9999.000
202604210012,   1.200,9999.000,9999.000,9999.000,9999.000,9999.000,9999.000,9999.000,9999.000
202604210018,   1.171,9999.000,9999.000,9999.000,9999.000,9999.000,9999.000,9999.000,9999.000
202604210024,   1.140,9999.000,9999.000,9999.000,9999.000,9999.000,9999.000,9999.000,9999.000
202604210030,   1.108,9999.000,9999.000,9999.000,9999.000,9999.000,9999.000,9999.000,9999.000
202604210036,   1.076,9999.000,9999.000,9999.000,9999.000,9999.000,9999.000,9999.000,9999.000
202604210042,   1.043,9999.000,9999.000,9999.000,9999.000,9999.000,9999.000,9999.000,9999.000
202604210048,   1.009,9999.000,9999.000,9999.000,9999.000,9999.000,9999.000,9999.000,9999.000
202604210054,   0.974,9999.000,9999.000,9999.000,9999.000,9999.000,9999.000,9999.000,9999.000
202604210100,   0.938,9999.000,   0.600,   0.249,   1.787,   0.400,   1.587,   0.700,   1.887
202604210106,   0.902,9999.000,9999.000,9999.000,9999.000,9999.000,9999.000,9999.000,9999.000
202604210112,   0.865,9999.000,9999.000,9999.000,9999.000,9999.000,9999.000,9999.000,9999.000
202604210118,   0.827,9999.000,9999.000,9999.000,9999.000,9999.000,9999.000,9999.000,9999.000
202604210124,   0.789,9999.000,9999.000,9999.000,9999.000,9999.000,9999.000,9999.000,9999.000
202604210130,   0.750,9999.000,9999.000,9999.000,9999.000,9999.000,9999.000,9999.000,9999.000
202604210136,   0.710,9999.000,9999.000,9999.000,9999.000,9999.000,9999.000,9999.000,9999.000
202604210142,   0.670,9999.000,9999.000,9999.000,9999.000,9999.000,9999.000,9999.000,9999.000
202604210148,   0.629,9999.000,9999.000,9999.000,9999.000,9999.000,9999.000,9999.000,9999.000
202604210154,   0.588,9999.000,9999.000,9999.000,9999.000,9999.000,9999.000,9999.000,9999.000
202604210200,   0.546,9999.000,   0.500,   0.249,   1.295,   0.400,   1.195,   0.700,   1.495
202604210206,   0.504,9999.000,9999.000,9999.000,9999.000,9999.000,9999.000,9999.000,9999.000
202604210212,   0.462,9999.000,9999.000,9999.000,9999.000,9999.000,9999.000,9999.000,9999.000
202604210218,   0.419,9999.000,9999.000,9999.000,9999.000,9999.000,9999.000,9999.000,9999.000
202604210224,   0.377,9999.000,9999.000,9999.000,9999.000,9999.000,9999.000,9999.000,9999.000
202604210230,   0.334,9999.000,9999.000,9999.000,9999.000,9999.000,9999.000,9999.000,9999.000
202604210236,   0.291,9999.000,9999.000,9999.000,9999.000,9999.000,9999.000,9999.000,9999.000
202604210242,   0.248,9999.000,9999.000,9999.000,9999.000,9999.000,9999.000,9999.000,9999.000
202604210248,   0.205,9999.000,9999.000,9999.000,9999.000,9999.000,9999.000,9999.000,9999.000
202604210254,   0.163,9999.000,9999.000,9999.000,9999.000,9999.000,9999.000,9999.000,9999.000
202604210300,   0.121,9999.000,   0.500,   0.249,   0.870,   0.400,   0.770,   0.700,   1.070
202604210306,   0.079,9999.000,9999.000,9999.000,9999.000,9999.000,9999.000,9999.000,9999.000
202604210312,   0.038,9999.000,9999.000,9999.000,9999.000,9999.000,9999.000,9999.000,9999.000
202604210318,  -0.002,9999.000,9999.000,9999.000,9999.000,9999.000,9999.000,9999.000,9999.000
202604210324,  -0.041,9999.000,9999.000,9999.000,9999.000,9999.000,9999.000,9999.000,9999.000
202604210330,  -0.080,9999.000,9999.000,9999.000,9999.000,9999.000,9999.000,9999.000,9999.000
202604210336,  -0.118,9999.000,9999.000,9999.000,9999.000,9999.000,9999.000,9999.000,9999.000
202604210342,  -0.154,9999.000,9999.000,9999.000,9999.000,9999.000,9999.000,9999.000,9999.000
202604210348,  -0.190,9999.000,9999.000,9999.000,9999.000,9999.000,9999.000,9999.000,9999.000
202604210354,  -0.224,9999.000,9999.000,9999.000,9999.000,9999.000,9999.000,9999.000,9999.000
202604210400,  -0.257,9999.000,   0.500,   0.249,   0.492,   0.400,   0.392,   0.700,   0.692
202604210406,  -0.288,9999.000,9999.000,9999.000,9999.000,9999.000,9999.000,9999.000,9999.000
202604210412,  -0.317,9999.000,9999.000,9999.000,9999.000,9999.000,9999.000,9999.000,9999.000
202604210418,  -0.345,9999.000,9999.000,9999.000,9999.000,9999.000,9999.000,9999.000,9999.000
202604210424,  -0.371,9999.000,9999.000,9999.000,9999.000,9999.000,9999.000,9999.000,9999.000
202604210430,  -0.395,9999.000,9999.000,9999.000,9999.000,9999.000,9999.000,9999.000,9999.000
202604210436,  -0.418,9999.000,9999.000,9999.000,9999.000,9999.000,9999.000,9999.000,9999.000
202604210442,  -0.438,9999.000,9999.000,9999.000,9999.000,9999.000,9999.000,9999.000,9999.000
202604210448,  -0.457,9999.000,9999.000,9999.000,9999.000,9999.000,9999.000,9999.000,9999.000
202604210454,  -0.473,9999.000,9999.000,9999.000,9999.000,9999.000,9999.000,9999.000,9999.000
202604210500,  -0.487,9999.000,   0.500,   0.249,   0.262,   0.400,   0.162,   0.700,   0.462
202604210506,  -0.499,9999.000,9999.000,9999.000,9999.000,9999.000,9999.000,9999.000,9999.000
202604210512,  -0.510,9999.000,9999.000,9999.000,9999.000,9999.000,9999.000,9999.000,9999.000
202604210518,  -0.518,9999.000,9999.000,9999.000,9999.000,9999.000,9999.000,9999.000,9999.000
202604210524,  -0.524,9999.000,9999.000,9999.000,9999.000,9999.000,9999.000,9999.000,9999.000
202604210530,  -0.528,9999.000,9999.000,9999.000,9999.000,9999.000,9999.000,9999.000,9999.000
202604210536,  -0.530,9999.000,9999.000,9999.000,9999.000,9999.000,9999.000,9999.000,9999.000
202604210542,  -0.530,9999.000,9999.000,9999.000,9999.000,9999.000,9999.000,9999.000,9999.000
202604210548,  -0.528,9999.000,9999.000,9999.000,9999.000,9999.000,9999.000,9999.000,9999.000
202604210554,  -0.524,9999.000,9999.000,9999.000,9999.000,9999.000,9999.000,9999.000,9999.000
202604210600,  -0.518,9999.000,   0.500,   0.249,   0.231,   0.400,   0.131,   0.700,   0.431
202604210606,  -0.510,9999.000,9999.000,9999.000,9999.000,9999.000,9999.000,9999.000,9999.000
202604210612,  -0.501,9999.000,9999.000,9999.000,9999.000,9999.000,9999.000,9999.000,9999.000
202604210618,  -0.490,9999.000,9999.000,9999.000,9999.000,9999.000,9999.000,9999.000,9999.000
202604210624,  -0.477,9999.000,9999.000,9999.000,9999.000,9999.000,9999.000,9999.000,9999.000
202604210630,  -0.462,9999.000,9999.000,9999.000,9999.000,9999.000,9999.000,9999.000,9999.000
202604210636,  -0.446,9999.000,9999.000,9999.000,9999.000,9999.000,9999.000,9999.000,9999.000
202604210642,  -0.428,9999.000,9999.000,9999.000,9999.000,9999.000,9999.000,9999.000,9999.000
202604210648,  -0.408,9999.000,9999.000,9999.000,9999.000,9999.000,9999.000,9999.000,9999.000
202604210654,  -0.387,9999.000,9999.000,9999.000,9999.000,9999.000,9999.000,9999.000,9999.000
202604210700,  -0.365,9999.000,   0.500,   0.249,   0.384,   0.400,   0.284,   0.700,   0.584
202604210706,  -0.341,9999.000,9999.000,9999.000,9999.000,9999.000,9999.000,9999.000,9999.000
202604210712,  -0.315,9999.000,9999.000,9999.000,9999.000,9999.000,9999.000,9999.000,9999.000
202604210718,  -0.288,9999.000,9999.000,9999.000,9999.000,9999.000,9999.000,9999.000,9999.000
202604210724,  -0.260,9999.000,9999.000,9999.000,9999.000,9999.000,9999.000,9999.000,9999.000
202604210730,  -0.230,9999.000,9999.000,9999.000,9999.000,9999.000,9999.000,9999.000,9999.000
202604210736,  -0.199,9999.000,9999.000,9999.000,9999.000,9999.000,9999.000,9999.000,9999.000
202604210742,  -0.167,9999.000,9999.000,9999.000,9999.000,9999.000,9999.000,9999.000,9999.000
202604210748,  -0.133,9999.000,9999.000,9999.000,9999.000,9999.000,9999.000,9999.000,9999.000
202604210754,  -0.098,9999.000,9999.000,9999.000,9999.000,9999.000,9999.000,9999.000,9999.000
202604210800,  -0.062,9999.000,   0.500,   0.249,   0.687,   0.400,   0.587,   0.700,   0.887
202604210806,  -0.025,9999.000,9999.000,9999.000,9999.000,9999.000,9999.000,9999.000,9999.000
202604210812,   0.013,9999.000,9999.000,9999.000,9999.000,9999.000,9999.000,9999.000,9999.000
202604210818,   0.053,9999.000,9999.000,9999.000,9999.000,9999.000,9999.000,9999.000,9999.000
202604210824,   0.093,9999.000,9999.000,9999.000,9999.000,9999.000,9999.000,9999.000,9999.000
202604210830,   0.135,9999.000,9999.000,9999.000,9999.000,9999.000,9999.000,9999.000,9999.000
202604210836,   0.178,9999.000,9999.000,9999.000,9999.000,9999.000,9999.000,9999.000,9999.000
202604210842,   0.222,9999.000,9999.000,9999.000,9999.000,9999.000,9999.000,9999.000,9999.000
202604210848,   0.266,9999.000,9999.000,9999.000,9999.000,9999.000,9999.000,9999.000,9999.000
202604210854,   0.312,9999.000,9999.000,9999.000,9999.000,9999.000,9999.000,9999.000,9999.000
202604210900,   0.358,9999.000,   0.500,   0.249,   1.107,   0.400,   1.007,   0.600,   1.207
202604210906,   0.405,9999.000,9999.000,9999.000,9999.000,9999.000,9999.000,9999.000,9999.000
202604210912,   0.452,9999.000,9999.000,9999.000,9999.000,9999.000,9999.000,9999.000,9999.000
202604210918,   0.500,9999.000,9999.000,9999.000,9999.000,9999.000,9999.000,9999.000,9999.000
202604210924,   0.548,9999.000,9999.000,9999.000,9999.000,9999.000,9999.000,9999.000,9999.000
202604210930,   0.597,9999.000,9999.000,9999.000,9999.000,9999.000,9999.000,9999.000,9999.000
202604210936,   0.646,9999.000,9999.000,9999.000,9999.000,9999.000,9999.000,9999.000,9999.000
202604210942,   0.694,9999.000,9999.000,9999.000,9999.000,9999.000,9999.000,9999.000,9999.000
202604210948,   0.743,9999.000,9999.000,9999.000,9999.000,9999.000,9999.000,9999.000,9999.000
202604210954,   0.792,9999.000,9999.000,9999.000,9999.000,9999.000,9999.000,9999.000,9999.000
202604211000,   0.841,9999.000,   0.500,   0.249,   1.590,   0.400,   1.490,   0.600,   1.690
202604211006,   0.889,9999.000,9999.000,9999.000,9999.000,9999.000,9999.000,9999.000,9999.000
202604211012,   0.937,9999.000,9999.000,9999.000,9999.000,9999.000,9999.000,9999.000,9999.000
202604211018,   0.984,9999.000,9999.000,9999.000,9999.000,9999.000,9999.000,9999.000,9999.000
202604211024,   1.031,9999.000,9999.000,9999.000,9999.000,9999.000,9999.000,9999.000,9999.000
202604211030,   1.077,9999.000,9999.000,9999.000,9999.000,9999.000,9999.000,9999.000,9999.000
202604211036,   1.123,9999.000,9999.000,9999.000,9999.000,9999.000,9999.000,9999.000,9999.000
202604211042,   1.168,9999.000,9999.000,9999.000,9999.000,9999.000,9999.000,9999.000,9999.000
202604211048,   1.212,9999.000,9999.000,9999.000,9999.000,9999.000,9999.000,9999.000,9999.000
202604211054,   1.255,9999.000,9999.000,9999.000,9999.000,9999.000,9999.000,9999.000,9999.000
202604211100,   1.297,9999.000,   0.500,   0.249,   2.046,   0.400,   1.946,   0.700,   2.246
202604211106,   1.339,9999.000,9999.000,9999.000,9999.000,9999.000,9999.000,9999.000,9999.000
202604211112,   1.379,9999.000,9999.000,9999.000,9999.000,9999.000,9999.000,9999.000,9999.000
202604211118,   1.418,9999.000,9999.000,9999.000,9999.000,9999.000,9999.000,9999.000,9999.000
202604211124,   1.456,9999.000,9999.000,9999.000,9999.000,9999.000,9999.000,9999.000,9999.000
202604211130,   1.493,9999.000,9999.000,9999.000,9999.000,9999.000,9999.000,9999.000,9999.000
202604211136,   1.529,9999.000,9999.000,9999.000,9999.000,9999.000,9999.000,9999.000,9999.000
202604211142,   1.564,9999.000,9999.000,9999.000,9999.000,9999.000,9999.000,9999.000,9999.000
202604211148,   1.598,9999.000,9999.000,9999.000,9999.000,9999.000,9999.000,9999.000,9999.000
202604211154,   1.630,9999.000,9999.000,9999.000,9999.000,9999.000,9999.000,9999.000,9999.000
202604211200,   1.662,9999.000,   0.500,   0.249,   2.411,   0.400,   2.311,   0.700,   2.611
202604211206,   1.693,9999.000,9999.000,9999.000,9999.000,9999.000,9999.000,9999.000,9999.000
202604211212,   1.722,9999.000,9999.000,9999.000,9999.000,9999.000,9999.000,9999.000,9999.000
202604211218,   1.750,9999.000,9999.000,9999.000,9999.000,9999.000,9999.000,9999.000,9999.000
202604211224,   1.777,9999.000,9999.000,9999.000,9999.000,9999.000,9999.000,9999.000,9999.000
202604211230,   1.803,9999.000,9999.000,9999.000,9999.000,9999.000,9999.000,9999.000,9999.000
202604211236,   1.828,9999.000,9999.000,9999.000,9999.000,9999.000,9999.000,9999.000,9999.000
202604211242,   1.852,9999.000,9999.000,9999.000,9999.000,9999.000,9999.000,9999.000,9999.000
202604211248,   1.875,9999.000,9999.000,9999.000,9999.000,9999.000,9999.000,9999.000,9999.000
202604211254,   1.897,9999.000,9999.000,9999.000,9999.000,9999.000,9999.000,9999.000,9999.000
202604211300,   1.917,9999.000,   0.500,   0.249,   2.666,   0.400,   2.566,   0.700,   2.866
202604211306,   1.937,9999.000,9999.000,9999.000,9999.000,9999.000,9999.000,9999.000,9999.000
202604211312,   1.955,9999.000,9999.000,9999.000,9999.000,9999.000,9999.000,9999.000,9999.000
202604211318,   1.972,9999.000,9999.000,9999.000,9999.000,9999.000,9999.000,9999.000,9999.000
202604211324,   1.988,9999.000,9999.000,9999.000,9999.000,9999.000,9999.000,9999.000,9999.000
202604211330,   2.003,9999.000,9999.000,9999.000,9999.000,9999.000,9999.000,9999.000,9999.000
202604211336,   2.017,9999.000,9999.000,9999.000,9999.000,9999.000,9999.000,9999.000,9999.000
202604211342,   2.030,9999.000,9999.000,9999.000,9999.000,9999.000,9999.000,9999.000,9999.000
202604211348,   2.041,9999.000,9999.000,9999.000,9999.000,9999.000,9999.000,9999.000,9999.000
202604211354,   2.051,9999.000,9999.000,9999.000,9999.000,9999.000,9999.000,9999.000,9999.000
202604211400,   2.060,9999.000,   0.500,   0.249,   2.809,   0.400,   2.709,   0.700,   3.009
202604211406,   2.068,9999.000,9999.000,9999.000,9999.000,9999.000,9999.000,9999.000,9999.000
202604211412,   2.075,9999.000,9999.000,9999.000,9999.000,9999.000,9999.000,9999.000,9999.000
202604211418,   2.080,9999.000,9999.000,9999.000,9999.000,9999.000,9999.000,9999.000,9999.000
202604211424,   2.084,9999.000,9999.000,9999.000,9999.000,9999.000,9999.000,9999.000,9999.000
202604211430,   2.087,9999.000,9999.000,9999.000,9999.000,9999.000,9999.000,9999.000,9999.000
202604211436,   2.089,9999.000,9999.000,9999.000,9999.000,9999.000,9999.000,9999.000,9999.000
202604211442,   2.090,9999.000,9999.000,9999.000,9999.000,9999.000,9999.000,9999.000,9999.000
202604211448,   2.089,9999.000,9999.000,9999.000,9999.000,9999.000,9999.000,9999.000,9999.000
202604211454,   2.088,9999.000,9999.000,9999.000,9999.000,9999.000,9999.000,9999.000,9999.000
202604211500,   2.085,9999.000,   0.500,   0.249,   2.834,   0.300,   2.634,   0.600,   2.934
202604211506,   2.082,9999.000,9999.000,9999.000,9999.000,9999.000,9999.000,9999.000,9999.000
202604211512,   2.078,9999.000,9999.000,9999.000,9999.000,9999.000,9999.000,9999.000,9999.000
202604211518,   2.073,9999.000,9999.000,9999.000,9999.000,9999.000,9999.000,9999.000,9999.000
202604211524,   2.067,9999.000,9999.000,9999.000,9999.000,9999.000,9999.000,9999.000,9999.000
202604211530,   2.060,9999.000,9999.000,9999.000,9999.000,9999.000,9999.000,9999.000,9999.000
202604211536,   2.053,9999.000,9999.000,9999.000,9999.000,9999.000,9999.000,9999.000,9999.000
202604211542,   2.045,9999.000,9999.000,9999.000,9999.000,9999.000,9999.000,9999.000,9999.000
202604211548,   2.037,9999.000,9999.000,9999.000,9999.000,9999.000,9999.000,9999.000,9999.000
202604211554,   2.028,9999.000,9999.000,9999.000,9999.000,9999.000,9999.000,9999.000,9999.000
202604211600,   2.019,9999.000,   0.500,   0.249,   2.768,   0.300,   2.568,   0.700,   2.968
202604211606,   2.010,9999.000,9999.000,9999.000,9999.000,9999.000,9999.000,9999.000,9999.000
202604211612,   2.001,9999.000,9999.000,9999.000,9999.000,9999.000,9999.000,9999.000,9999.000
202604211618,   1.992,9999.000,9999.000,9999.000,9999.000,9999.000,9999.000,9999.000,9999.000
202604211624,   1.982,9999.000,9999.000,9999.000,9999.000,9999.000,9999.000,9999.000,9999.000
202604211630,   1.973,9999.000,9999.000,9999.000,9999.000,9999.000,9999.000,9999.000,9999.000
202604211636,   1.963,9999.000,9999.000,9999.000,9999.000,9999.000,9999.000,9999.000,9999.000
202604211642,   1.954,9999.000,9999.000,9999.000,9999.000,9999.000,9999.000,9999.000,9999.000
202604211648,   1.945,9999.000,9999.000,9999.000,9999.000,9999.000,9999.000,9999.000,9999.000
202604211654,   1.937,9999.000,9999.000,9999.000,9999.000,9999.000,9999.000,9999.000,9999.000
202604211700,   1.928,9999.000,   0.500,   0.249,   2.677,   0.300,   2.477,   0.600,   2.777
202604211706,   1.920,9999.000,9999.000,9999.000,9999.000,9999.000,9999.000,9999.000,9999.000
202604211712,   1.912,9999.000,9999.000,9999.000,9999.000,9999.000,9999.000,9999.000,9999.000
202604211718,   1.905,9999.000,9999.000,9999.000,9999.000,9999.000,9999.000,9999.000,9999.000
202604211724,   1.897,9999.000,9999.000,9999.000,9999.000,9999.000,9999.000,9999.000,9999.000
202604211730,   1.891,9999.000,9999.000,9999.000,9999.000,9999.000,9999.000,9999.000,9999.000
202604211736,   1.884,9999.000,9999.000,9999.000,9999.000,9999.000,9999.000,9999.000,9999.000
202604211742,   1.877,9999.000,9999.000,9999.000,9999.000,9999.000,9999.000,9999.000,9999.000
202604211748,   1.871,9999.000,9999.000,9999.000,9999.000,9999.000,9999.000,9999.000,9999.000
202604211754,   1.865,9999.000,9999.000,9999.000,9999.000,9999.000,9999.000,9999.000,9999.000
202604211800,   1.860,9999.000,   0.500,   0.249,   2.609,   0.300,   2.409,   0.600,   2.709
202604211806,   1.854,9999.000,9999.000,9999.000,9999.000,9999.000,9999.000,9999.000,9999.000
202604211812,   1.848,9999.000,9999.000,9999.000,9999.000,9999.000,9999.000,9999.000,9999.000
202604211818,   1.843,9999.000,9999.000,9999.000,9999.000,9999.000,9999.000,9999.000,9999.000
202604211824,   1.838,9999.000,9999.000,9999.000,9999.000,9999.000,9999.000,9999.000,9999.000
202604211830,   1.832,9999.000,9999.000,9999.000,9999.000,9999.000,9999.000,9999.000,9999.000
202604211836,   1.827,9999.000,9999.000,9999.000,9999.000,9999.000,9999.000,9999.000,9999.000
202604211842,   1.822,9999.000,9999.000,9999.000,9999.000,9999.000,9999.000,9999.000,9999.000
202604211848,   1.817,9999.000,9999.000,9999.000,9999.000,9999.000,9999.000,9999.000,9999.000
202604211854,   1.811,9999.000,9999.000,9999.000,9999.000,9999.000,9999.000,9999.000,9999.000
202604211900,   1.806,9999.000,   0.400,   0.249,   2.455,   0.300,   2.355,   0.600,   2.655
202604211906,   1.801,9999.000,9999.000,9999.000,9999.000,9999.000,9999.000,9999.000,9999.000
202604211912,   1.795,9999.000,9999.000,9999.000,9999.000,9999.000,9999.000,9999.000,9999.000
202604211918,   1.789,9999.000,9999.000,9999.000,9999.000,9999.000,9999.000,9999.000,9999.000
202604211924,   1.784,9999.000,9999.000,9999.000,9999.000,9999.000,9999.000,9999.000,9999.000
202604211930,   1.778,9999.000,9999.000,9999.000,9999.000,9999.000,9999.000,9999.000,9999.000
202604211936,   1.772,9999.000,9999.000,9999.000,9999.000,9999.000,9999.000,9999.000,9999.000
202604211942,   1.766,9999.000,9999.000,9999.000,9999.000,9999.000,9999.000,9999.000,9999.000
202604211948,   1.761,9999.000,9999.000,9999.000,9999.000,9999.000,9999.000,9999.000,9999.000
202604211954,   1.755,9999.000,9999.000,9999.000,9999.000,9999.000,9999.000,9999.000,9999.000
202604212000,   1.749,9999.000,   0.500,   0.249,   2.498,   0.300,   2.298,   0.600,   2.598
202604212006,   1.744,9999.000,9999.000,9999.000,9999.000,9999.000,9999.000,9999.000,9999.000
202604212012,   1.738,9999.000,9999.000,9999.000,9999.000,9999.000,9999.000,9999.000,9999.000
202604212018,   1.732,9999.000,9999.000,9999.000,9999.000,9999.000,9999.000,9999.000,9999.000
202604212024,   1.727,9999.000,9999.000,9999.000,9999.000,9999.000,9999.000,9999.000,9999.000
202604212030,   1.722,9999.000,9999.000,9999.000,9999.000,9999.000,9999.000,9999.000,9999.000
202604212036,   1.717,9999.000,9999.000,9999.000,9999.000,9999.000,9999.000,9999.000,9999.000
202604212042,   1.712,9999.000,9999.000,9999.000,9999.000,9999.000,9999.000,9999.000,9999.000
202604212048,   1.707,9999.000,9999.000,9999.000,9999.000,9999.000,9999.000,9999.000,9999.000
202604212054,   1.702,9999.000,9999.000,9999.000,9999.000,9999.000,9999.000,9999.000,9999.000
202604212100,   1.698,9999.000,   0.500,   0.249,   2.447,   0.300,   2.247,   0.600,   2.547
202604212106,   1.693,9999.000,9999.000,9999.000,9999.000,9999.000,9999.000,9999.000,9999.000
202604212112,   1.689,9999.000,9999.000,9999.000,9999.000,9999.000,9999.000,9999.000,9999.000
202604212118,   1.685,9999.000,9999.000,9999.000,9999.000,9999.000,9999.000,9999.000,9999.000
202604212124,   1.681,9999.000,9999.000,9999.000,9999.000,9999.000,9999.000,9999.000,9999.000
202604212130,   1.677,9999.000,9999.000,9999.000,9999.000,9999.000,9999.000,9999.000,9999.000
202604212136,   1.673,9999.000,9999.000,9999.000,9999.000,9999.000,9999.000,9999.000,9999.000
202604212142,   1.669,9999.000,9999.000,9999.000,9999.000,9999.000,9999.000,9999.000,9999.000
202604212148,   1.664,9999.000,9999.000,9999.000,9999.000,9999.000,9999.000,9999.000,9999.000
202604212154,   1.660,9999.000,9999.000,9999.000,9999.000,9999.000,9999.000,9999.000,9999.000
202604212200,   1.655,9999.000,   0.500,   0.249,   2.404,   0.400,   2.304,   0.600,   2.504
202604212206,   1.651,9999.000,9999.000,9999.000,9999.000,9999.000,9999.000,9999.000,9999.000
202604212212,   1.646,9999.000,9999.000,9999.000,9999.000,9999.000,9999.000,9999.000,9999.000
202604212218,   1.640,9999.000,9999.000,9999.000,9999.000,9999.000,9999.000,9999.000,9999.000
202604212224,   1.634,9999.000,9999.000,9999.000,9999.000,9999.000,9999.000,9999.000,9999.000
202604212230,   1.628,9999.000,9999.000,9999.000,9999.000,9999.000,9999.000,9999.000,9999.000
202604212236,   1.621,9999.000,9999.000,9999.000,9999.000,9999.000,9999.000,9999.000,9999.000
202604212242,   1.613,9999.000,9999.000,9999.000,9999.000,9999.000,9999.000,9999.000,9999.000
202604212248,   1.605,9999.000,9999.000,9999.000,9999.000,9999.000,9999.000,9999.000,9999.000
202604212254,   1.596,9999.000,9999.000,9999.000,9999.000,9999.000,9999.000,9999.000,9999.000
202604212300,   1.587,9999.000,   0.500,   0.249,   2.336,   0.400,   2.236,   0.600,   2.436
202604212306,   1.577,9999.000,9999.000,9999.000,9999.000,9999.000,9999.000,9999.000,9999.000
202604212312,   1.566,9999.000,9999.000,9999.000,9999.000,9999.000,9999.000,9999.000,9999.000
202604212318,   1.554,9999.000,9999.000,9999.000,9999.000,9999.000,9999.000,9999.000,9999.000
202604212324,   1.541,9999.000,9999.000,9999.000,9999.000,9999.000,9999.000,9999.000,9999.000
202604212330,   1.528,9999.000,9999.000,9999.000,9999.000,9999.000,9999.000,9999.000,9999.000
202604212336,   1.514,9999.000,9999.000,9999.000,9999.000,9999.000,9999.000,9999.000,9999.000
202604212342,   1.499,9999.000,9999.000,9999.000,9999.000,9999.000,9999.000,9999.000,9999.000
202604212348,   1.483,9999.000,9999.000,9999.000,9999.000,9999.000,9999.000,9999.000,9999.000
202604212354,   1.466,9999.000,9999.000,9999.000,9999.000,9999.000,9999.000,9999.000,9999.000
202604220000,   1.449,9999.000,   0.500,   0.249,   2.198,   0.400,   2.098,   0.700,   2.398
202604220006,   1.430,9999.000,9999.000,9999.000,9999.000,9999.000,9999.000,9999.000,9999.000
202604220012,   1.411,9999.000,9999.000,9999.000,9999.000,9999.000,9999.000,9999.000,9999.000
202604220018,   1.391,9999.000,9999.000,9999.000,9999.000,9999.000,9999.000,9999.000,9999.000
202604220024,   1.370,9999.000,9999.000,9999.000,9999.000,9999.000,9999.000,9999.000,9999.000
202604220030,   1.349,9999.000,9999.000,9999.000,9999.000,9999.000,9999.000,9999.000,9999.000
202604220036,   1.327,9999.000,9999.000,9999.000,9999.000,9999.000,9999.000,9999.000,9999.000
202604220042,   1.303,9999.000,9999.000,9999.000,9999.000,9999.000,9999.000,9999.000,9999.000
202604220048,   1.280,9999.000,9999.000,9999.000,9999.000,9999.000,9999.000,9999.000,9999.000
202604220054,   1.255,9999.000,9999.000,9999.000,9999.000,9999.000,9999.000,9999.000,9999.000
202604220100,   1.230,9999.000,   0.500,   0.249,   1.979,   0.400,   1.879,   0.700,   2.179
202604220106,   1.204,9999.000,9999.000,9999.000,9999.000,9999.000,9999.000,9999.000,9999.000
202604220112,   1.177,9999.000,9999.000,9999.000,9999.000,9999.000,9999.000,9999.000,9999.000
202604220118,   1.149,9999.000,9999.000,9999.000,9999.000,9999.000,9999.000,9999.000,9999.000
202604220124,   1.121,9999.000,9999.000,9999.000,9999.000,9999.000,9999.000,9999.000,9999.000
202604220130,   1.092,9999.000,9999.000,9999.000,9999.000,9999.000,9999.000,9999.000,9999.000
202604220136,   1.062,9999.000,9999.000,9999.000,9999.000,9999.000,9999.000,9999.000,9999.000
202604220142,   1.032,9999.000,9999.000,9999.000,9999.000,9999.000,9999.000,9999.000,9999.000
202604220148,   1.000,9999.000,9999.000,9999.000,9999.000,9999.000,9999.000,9999.000,9999.000
202604220154,   0.968,9999.000,9999.000,9999.000,9999.000,9999.000,9999.000,9999.000,9999.000
202604220200,   0.935,9999.000,   0.500,   0.249,   1.684,   0.300,   1.484,   0.700,   1.884
202604220206,   0.902,9999.000,9999.000,9999.000,9999.000,9999.000,9999.000,9999.000,9999.000
202604220212,   0.868,9999.000,9999.000,9999.000,9999.000,9999.000,9999.000,9999.000,9999.000
202604220218,   0.833,9999.000,9999.000,9999.000,9999.000,9999.000,9999.000,9999.000,9999.000
202604220224,   0.797,9999.000,9999.000,9999.000,9999.000,9999.000,9999.000,9999.000,9999.000
202604220230,   0.760,9999.000,9999.000,9999.000,9999.000,9999.000,9999.000,9999.000,9999.000
202604220236,   0.723,9999.000,9999.000,9999.000,9999.000,9999.000,9999.000,9999.000,9999.000
202604220242,   0.686,9999.000,9999.000,9999.000,9999.000,9999.000,9999.000,9999.000,9999.000
202604220248,   0.647,9999.000,9999.000,9999.000,9999.000,9999.000,9999.000,9999.000,9999.000
202604220254,   0.609,9999.000,9999.000,9999.000,9999.000,9999.000,9999.000,9999.000,9999.000
202604220300,   0.569,9999.000,   0.500,   0.249,   1.318,   0.300,   1.118,   0.800,   1.618
202604220306,   0.530,9999.000,9999.000,9999.000,9999.000,9999.000,9999.000,9999.000,9999.000
202604220312,   0.490,9999.000,9999.000,9999.000,9999.000,9999.000,9999.000,9999.000,9999.000
202604220318,   0.449,9999.000,9999.000,9999.000,9999.000,9999.000,9999.000,9999.000,9999.000
202604220324,   0.409,9999.000,9999.000,9999.000,9999.000,9999.000,9999.000,9999.000,9999.000
202604220330,   0.368,9999.000,9999.000,9999.000,9999.000,9999.000,9999.000,9999.000,9999.000
202604220336,   0.328,9999.000,9999.000,9999.000,9999.000,9999.000,9999.000,9999.000,9999.000
202604220342,   0.287,9999.000,9999.000,9999.000,9999.000,9999.000,9999.000,9999.000,9999.000
202604220348,   0.247,9999.000,9999.000,9999.000,9999.000,9999.000,9999.000,9999.000,9999.000
202604220354,   0.207,9999.000,9999.000,9999.000,9999.000,9999.000,9999.000,9999.000,9999.000
202604220400,   0.168,9999.000,   0.500,   0.249,   0.917,   0.300,   0.717,   0.800,   1.217
202604220406,   0.129,9999.000,9999.000,9999.000,9999.000,9999.000,9999.000,9999.000,9999.000
202604220412,   0.091,9999.000,9999.000,9999.000,9999.000,9999.000,9999.000,9999.000,9999.000
202604220418,   0.053,9999.000,9999.000,9999.000,9999.000,9999.000,9999.000,9999.000,9999.000
202604220424,   0.017,9999.000,9999.000,9999.000,9999.000,9999.000,9999.000,9999.000,9999.000
202604220430,  -0.017,9999.000,9999.000,9999.000,9999.000,9999.000,9999.000,9999.000,9999.000
202604220436,  -0.052,9999.000,9999.000,9999.000,9999.000,9999.000,9999.000,9999.000,9999.000
202604220442,  -0.085,9999.000,9999.000,9999.000,9999.000,9999.000,9999.000,9999.000,9999.000
202604220448,  -0.116,9999.000,9999.000,9999.000,9999.000,9999.000,9999.000,9999.000,9999.000
202604220454,  -0.147,9999.000,9999.000,9999.000,9999.000,9999.000,9999.000,9999.000,9999.000
202604220500,  -0.176,9999.000,   0.500,   0.249,   0.573,   0.300,   0.373,   0.800,   0.873
202604220506,  -0.203,9999.000,9999.000,9999.000,9999.000,9999.000,9999.000,9999.000,9999.000
202604220512,  -0.228,9999.000,9999.000,9999.000,9999.000,9999.000,9999.000,9999.000,9999.000
202604220518,  -0.252,9999.000,9999.000,9999.000,9999.000,9999.000,9999.000,9999.000,9999.000
202604220524,  -0.275,9999.000,9999.000,9999.000,9999.000,9999.000,9999.000,9999.000,9999.000
202604220530,  -0.295,9999.000,9999.000,9999.000,9999.000,9999.000,9999.000,9999.000,9999.000
202604220536,  -0.314,9999.000,9999.000,9999.000,9999.000,9999.000,9999.000,9999.000,9999.000
202604220542,  -0.331,9999.000,9999.000,9999.000,9999.000,9999.000,9999.000,9999.000,9999.000
202604220548,  -0.346,9999.000,9999.000,9999.000,9999.000,9999.000,9999.000,9999.000,9999.000
202604220554,  -0.359,9999.000,9999.000,9999.000,9999.000,9999.000,9999.000,9999.000,9999.000
202604220600,  -0.370,9999.000,   0.600,   0.249,   0.479,   0.300,   0.179,   0.900,   0.779
202604220606,  -0.380,9999.000,9999.000,9999.000,9999.000,9999.000,9999.000,9999.000,9999.000
202604220612,  -0.388,9999.000,9999.000,9999.000,9999.000,9999.000,9999.000,9999.000,9999.000
202604220618,  -0.394,9999.000,9999.000,9999.000,9999.000,9999.000,9999.000,9999.000,9999.000
202604220624,  -0.398,9999.000,9999.000,9999.000,9999.000,9999.000,9999.000,9999.000,9999.000
202604220630,  -0.400,9999.000,9999.000,9999.000,9999.000,9999.000,9999.000,9999.000,9999.000
202604220636,  -0.401,9999.000,9999.000,9999.000,9999.000,9999.000,9999.000,9999.000,9999.000
202604220642,  -0.400,9999.000,9999.000,9999.000,9999.000,9999.000,9999.000,9999.000,9999.000
202604220648,  -0.398,9999.000,9999.000,9999.000,9999.000,9999.000,9999.000,9999.000,9999.000
202604220654,  -0.394,9999.000,9999.000,9999.000,9999.000,9999.000,9999.000,9999.000,9999.000
202604220700,  -0.388,9999.000,   0.600,   0.249,   0.461,   0.300,   0.161,   0.900,   0.761
202604220706,  -0.381,9999.000,9999.000,9999.000,9999.000,9999.000,9999.000,9999.000,9999.000
202604220712,  -0.373,9999.000,9999.000,9999.000,9999.000,9999.000,9999.000,9999.000,9999.000
202604220718,  -0.363,9999.000,9999.000,9999.000,9999.000,9999.000,9999.000,9999.000,9999.000
202604220724,  -0.351,9999.000,9999.000,9999.000,9999.000,9999.000,9999.000,9999.000,9999.000
202604220730,  -0.338,9999.000,9999.000,9999.000,9999.000,9999.000,9999.000,9999.000,9999.000
202604220736,  -0.324,9999.000,9999.000,9999.000,9999.000,9999.000,9999.000,9999.000,9999.000
202604220742,  -0.308,9999.000,9999.000,9999.000,9999.000,9999.000,9999.000,9999.000,9999.000
202604220748,  -0.291,9999.000,9999.000,9999.000,9999.000,9999.000,9999.000,9999.000,9999.000
202604220754,  -0.273,9999.000,9999.000,9999.000,9999.000,9999.000,9999.000,9999.000,9999.000
202604220800,  -0.254,9999.000,   0.700,   0.249,   0.695,   0.300,   0.295,   0.900,   0.895
202604220806,  -0.233,9999.000,9999.000,9999.000,9999.000,9999.000,9999.000,9999.000,9999.000
202604220812,  -0.210,9999.000,9999.000,9999.000,9999.000,9999.000,9999.000,9999.000,9999.000
202604220818,  -0.187,9999.000,9999.000,9999.000,9999.000,9999.000,9999.000,9999.000,9999.000
202604220824,  -0.162,9999.000,9999.000,9999.000,9999.000,9999.000,9999.000,9999.000,9999.000
202604220830,  -0.136,9999.000,9999.000,9999.000,9999.000,9999.000,9999.000,9999.000,9999.000
202604220836,  -0.109,9999.000,9999.000,9999.000,9999.000,9999.000,9999.000,9999.000,9999.000
202604220842,  -0.080,9999.000,9999.000,9999.000,9999.000,9999.000,9999.000,9999.000,9999.000
202604220848,  -0.051,9999.000,9999.000,9999.000,9999.000,9999.000,9999.000,9999.000,9999.000
202604220854,  -0.020,9999.000,9999.000,9999.000,9999.000,9999.000,9999.000,9999.000,9999.000
202604220900,   0.011,9999.000,   0.700,   0.249,   0.960,   0.400,   0.660,   1.000,   1.260
202604220906,   0.044,9999.000,9999.000,9999.000,9999.000,9999.000,9999.000,9999.000,9999.000
202604220912,   0.078,9999.000,9999.000,9999.000,9999.000,9999.000,9999.000,9999.000,9999.000
202604220918,   0.113,9999.000,9999.000,9999.000,9999.000,9999.000,9999.000,9999.000,9999.000
202604220924,   0.149,9999.000,9999.000,9999.000,9999.000,9999.000,9999.000,9999.000,9999.000
202604220930,   0.186,9999.000,9999.000,9999.000,9999.000,9999.000,9999.000,9999.000,9999.000
202604220936,   0.224,9999.000,9999.000,9999.000,9999.000,9999.000,9999.000,9999.000,9999.000
202604220942,   0.263,9999.000,9999.000,9999.000,9999.000,9999.000,9999.000,9999.000,9999.000
202604220948,   0.302,9999.000,9999.000,9999.000,9999.000,9999.000,9999.000,9999.000,9999.000
202604220954,   0.342,9999.000,9999.000,9999.000,9999.000,9999.000,9999.000,9999.000,9999.000
202604221000,   0.383,9999.000,   0.700,   0.249,   1.332,   0.400,   1.032,   1.000,   1.632
202604221006,   0.424,9999.000,9999.000,9999.000,9999.000,9999.000,9999.000,9999.000,9999.000
202604221012,   0.465,9999.000,9999.000,9999.000,9999.000,9999.000,9999.000,9999.000,9999.000
202604221018,   0.507,9999.000,9999.000,9999.000,9999.000,9999.000,9999.000,9999.000,9999.000
202604221024,   0.549,9999.000,9999.000,9999.000,9999.000,9999.000,9999.000,9999.000,9999.000
202604221030,   0.592,9999.000,9999.000,9999.000,9999.000,9999.000,9999.000,9999.000,9999.000
202604221036,   0.634,9999.000,9999.000,9999.000,9999.000,9999.000,9999.000,9999.000,9999.000
202604221042,   0.677,9999.000,9999.000,9999.000,9999.000,9999.000,9999.000,9999.000,9999.000
202604221048,   0.719,9999.000,9999.000,9999.000,9999.000,9999.000,9999.000,9999.000,9999.000
202604221054,   0.762,9999.000,9999.000,9999.000,9999.000,9999.000,9999.000,9999.000,9999.000
202604221100,   0.804,9999.000,   0.700,   0.249,   1.753,   0.400,   1.453,   1.000,   2.053
202604221106,   0.846,9999.000,9999.000,9999.000,9999.000,9999.000,9999.000,9999.000,9999.000
202604221112,   0.888,9999.000,9999.000,9999.000,9999.000,9999.000,9999.000,9999.000,9999.000
202604221118,   0.929,9999.000,9999.000,9999.000,9999.000,9999.000,9999.000,9999.000,9999.000
202604221124,   0.970,9999.000,9999.000,9999.000,9999.000,9999.000,9999.000,9999.000,9999.000
202604221130,   1.010,9999.000,9999.000,9999.000,9999.000,9999.000,9999.000,9999.000,9999.000
202604221136,   1.050,9999.000,9999.000,9999.000,9999.000,9999.000,9999.000,9999.000,9999.000
202604221142,   1.090,9999.000,9999.000,9999.000,9999.000,9999.000,9999.000,9999.000,9999.000
202604221148,   1.129,9999.000,9999.000,9999.000,9999.000,9999.000,9999.000,9999.000,9999.000
202604221154,   1.167,9999.000,9999.000,9999.000,9999.000,9999.000,9999.000,9999.000,9999.000
202604221200,   1.205,9999.000,   0.600,   0.249,   2.054,   0.300,   1.754,   0.900,   2.354
202604221206,   1.242,9999.000,9999.000,9999.000,9999.000,9999.000,9999.000,9999.000,9999.000
202604221212,   1.278,9999.000,9999.000,9999.000,9999.000,9999.000,9999.000,9999.000,9999.000
202604221218,   1.314,9999.000,9999.000,9999.000,9999.000,9999.000,9999.000,9999.000,9999.000
202604221224,   1.349,9999.000,9999.000,9999.000,9999.000,9999.000,9999.000,9999.000,9999.000
202604221230,   1.384,9999.000,9999.000,9999.000,9999.000,9999.000,9999.000,9999.000,9999.000
202604221236,   1.417,9999.000,9999.000,9999.000,9999.000,9999.000,9999.000,9999.000,9999.000
202604221242,   1.450,9999.000,9999.000,9999.000,9999.000,9999.000,9999.000,9999.000,9999.000
202604221248,   1.482,9999.000,9999.000,9999.000,9999.000,9999.000,9999.000,9999.000,9999.000
202604221254,   1.514,9999.000,9999.000,9999.000,9999.000,9999.000,9999.000,9999.000,9999.000
202604221300,   1.544,9999.000,   0.600,   0.249,   2.393,   0.300,   2.093,   0.900,   2.693
202604221306,   1.574,9999.000,9999.000,9999.000,9999.000,9999.000,9999.000,9999.000,9999.000
202604221312,   1.603,9999.000,9999.000,9999.000,9999.000,9999.000,9999.000,9999.000,9999.000
202604221318,   1.632,9999.000,9999.000,9999.000,9999.000,9999.000,9999.000,9999.000,9999.000
202604221324,   1.659,9999.000,9999.000,9999.000,9999.000,9999.000,9999.000,9999.000,9999.000
202604221330,   1.685,9999.000,9999.000,9999.000,9999.000,9999.000,9999.000,9999.000,9999.000
202604221336,   1.711,9999.000,9999.000,9999.000,9999.000,9999.000,9999.000,9999.000,9999.000
202604221342,   1.736,9999.000,9999.000,9999.000,9999.000,9999.000,9999.000,9999.000,9999.000
202604221348,   1.760,9999.000,9999.000,9999.000,9999.000,9999.000,9999.000,9999.000,9999.000
202604221354,   1.782,9999.000,9999.000,9999.000,9999.000,9999.000,9999.000,9999.000,9999.000
202604221400,   1.804,9999.000,   0.500,   0.249,   2.553,   0.200,   2.253,   0.800,   2.853
202604221406,   1.825,9999.000,9999.000,9999.000,9999.000,9999.000,9999.000,9999.000,9999.000
202604221412,   1.844,9999.000,9999.000,9999.000,9999.000,9999.000,9999.000,9999.000,9999.000
202604221418,   1.863,9999.000,9999.000,9999.000,9999.000,9999.000,9999.000,9999.000,9999.000
202604221424,   1.880,9999.000,9999.000,9999.000,9999.000,9999.000,9999.000,9999.000,9999.000
202604221430,   1.896,9999.000,9999.000,9999.000,9999.000,9999.000,9999.000,9999.000,9999.000
202604221436,   1.911,9999.000,9999.000,9999.000,9999.000,9999.000,9999.000,9999.000,9999.000
202604221442,   1.925,9999.000,9999.000,9999.000,9999.000,9999.000,9999.000,9999.000,9999.000
202604221448,   1.938,9999.000,9999.000,9999.000,9999.000,9999.000,9999.000,9999.000,9999.000
202604221454,   1.949,9999.000,9999.000,9999.000,9999.000,9999.000,9999.000,9999.000,9999.000
202604221500,   1.959,9999.000,   0.500,   0.249,   2.708,   0.200,   2.408,   0.700,   2.908
202604221506,   1.968,9999.000,9999.000,9999.000,9999.000,9999.000,9999.000,9999.000,9999.000
202604221512,   1.976,9999.000,9999.000,9999.000,9999.000,9999.000,9999.000,9999.000,9999.000
202604221518,   1.982,9999.000,9999.000,9999.000,9999.000,9999.000,9999.000,9999.000,9999.000
202604221524,   1.988,9999.000,9999.000,9999.000,9999.000,9999.000,9999.000,9999.000,9999.000
202604221530,   1.992,9999.000,9999.000,9999.000,9999.000,9999.000,9999.000,9999.000,9999.000
202604221536,   1.995,9999.000,9999.000,9999.000,9999.000,9999.000,9999.000,9999.000,9999.000
202604221542,   1.997,9999.000,9999.000,9999.000,9999.000,9999.000,9999.000,9999.000,9999.000
202604221548,   1.999,9999.000,9999.000,9999.000,9999.000,9999.000,9999.000,9999.000,9999.000
202604221554,   1.999,9999.000,9999.000,9999.000,9999.000,9999.000,9999.000,9999.000,9999.000
202604221600,   1.998,9999.000,   0.400,   0.249,   2.647,   0.200,   2.447,   0.700,   2.947
202604221606,   1.997,9999.000,9999.000,9999.000,9999.000,9999.000,9999.000,9999.000,9999.000
202604221612,   1.995,9999.000,9999.000,9999.000,9999.000,9999.000,9999.000,9999.000,9999.000
202604221618,   1.992,9999.000,9999.000,9999.000,9999.000,9999.000,9999.000,9999.000,9999.000
202604221624,   1.988,9999.000,9999.000,9999.000,9999.000,9999.000,9999.000,9999.000,9999.000
202604221630,   1.985,9999.000,9999.000,9999.000,9999.000,9999.000,9999.000,9999.000,9999.000
202604221636,   1.980,9999.000,9999.000,9999.000,9999.000,9999.000,9999.000,9999.000,9999.000
202604221642,   1.975,9999.000,9999.000,9999.000,9999.000,9999.000,9999.000,9999.000,9999.000
202604221648,   1.970,9999.000,9999.000,9999.000,9999.000,9999.000,9999.000,9999.000,9999.000
202604221654,   1.965,9999.000,9999.000,9999.000,9999.000,9999.000,9999.000,9999.000,9999.000
202604221700,   1.959,9999.000,   0.400,   0.249,   2.608,   0.200,   2.408,   0.700,   2.908
202604221706,   1.954,9999.000,9999.000,9999.000,9999.000,9999.000,9999.000,9999.000,9999.000
202604221712,   1.948,9999.000,9999.000,9999.000,9999.000,9999.000,9999.000,9999.000,9999.000
202604221718,   1.942,9999.000,9999.000,9999.000,9999.000,9999.000,9999.000,9999.000,9999.000
202604221724,   1.936,9999.000,9999.000,9999.000,9999.000,9999.000,9999.000,9999.000,9999.000
202604221730,   1.930,9999.000,9999.000,9999.000,9999.000,9999.000,9999.000,9999.000,9999.000
202604221736,   1.925,9999.000,9999.000,9999.000,9999.000,9999.000,9999.000,9999.000,9999.000
202604221742,   1.919,9999.000,9999.000,9999.000,9999.000,9999.000,9999.000,9999.000,9999.000
202604221748,   1.914,9999.000,9999.000,9999.000,9999.000,9999.000,9999.000,9999.000,9999.000
202604221754,   1.908,9999.000,9999.000,9999.000,9999.000,9999.000,9999.000,9999.000,9999.000
202604221800,   1.903,9999.000,   0.400,   0.249,   2.552,   0.200,   2.352,   0.700,   2.852
202604221806,   1.898,9999.000,9999.000,9999.000,9999.000,9999.000,9999.000,9999.000,9999.000
202604221812,   1.893,9999.000,9999.000,9999.000,9999.000,9999.000,9999.000,9999.000,9999.000
202604221818,   1.888,9999.000,9999.000,9999.000,9999.000,9999.000,9999.000,9999.000,9999.000
202604221824,   1.883,9999.000,9999.000,9999.000,9999.000,9999.000,9999.000,9999.000,9999.000
202604221830,   1.878,9999.000,9999.000,9999.000,9999.000,9999.000,9999.000,9999.000,9999.000
202604221836,   1.873,9999.000,9999.000,9999.000,9999.000,9999.000,9999.000,9999.000,9999.000
202604221842,   1.869,9999.000,9999.000,9999.000,9999.000,9999.000,9999.000,9999.000,9999.000
202604221848,   1.864,9999.000,9999.000,9999.000,9999.000,9999.000,9999.000,9999.000,9999.000
202604221854,   1.859,9999.000,9999.000,9999.000,9999.000,9999.000,9999.000,9999.000,9999.000
202604221900,   1.854,9999.000,   0.400,   0.249,   2.503,   0.200,   2.303,   0.700,   2.803
202604221906,   1.849,9999.000,9999.000,9999.000,9999.000,9999.000,9999.000,9999.000,9999.000
202604221912,   1.844,9999.000,9999.000,9999.000,9999.000,9999.000,9999.000,9999.000,9999.000
202604221918,   1.839,9999.000,9999.000,9999.000,9999.000,9999.000,9999.000,9999.000,9999.000
202604221924,   1.833,9999.000,9999.000,9999.000,9999.000,9999.000,9999.000,9999.000,9999.000
202604221930,   1.828,9999.000,9999.000,9999.000,9999.000,9999.000,9999.000,9999.000,9999.000
202604221936,   1.822,9999.000,9999.000,9999.000,9999.000,9999.000,9999.000,9999.000,9999.000
202604221942,   1.816,9999.000,9999.000,9999.000,9999.000,9999.000,9999.000,9999.000,9999.000
202604221948,   1.810,9999.000,9999.000,9999.000,9999.000,9999.000,9999.000,9999.000,9999.000
202604221954,   1.804,9999.000,9999.000,9999.000,9999.000,9999.000,9999.000,9999.000,9999.000
202604222000,   1.798,9999.000,   0.500,   0.249,   2.547,   0.200,   2.247,   0.800,   2.847
202604222006,   1.791,9999.000,9999.000,9999.000,9999.000,9999.000,9999.000,9999.000,9999.000
202604222012,   1.785,9999.000,9999.000,9999.000,9999.000,9999.000,9999.000,9999.000,9999.000
202604222018,   1.778,9999.000,9999.000,9999.000,9999.000,9999.000,9999.000,9999.000,9999.000
202604222024,   1.771,9999.000,9999.000,9999.000,9999.000,9999.000,9999.000,9999.000,9999.000
202604222030,   1.764,9999.000,9999.000,9999.000,9999.000,9999.000,9999.000,9999.000,9999.000
202604222036,   1.757,9999.000,9999.000,9999.000,9999.000,9999.000,9999.000,9999.000,9999.000
202604222042,   1.750,9999.000,9999.000,9999.000,9999.000,9999.000,9999.000,9999.000,9999.000
202604222048,   1.744,9999.000,9999.000,9999.000,9999.000,9999.000,9999.000,9999.000,9999.000
202604222054,   1.737,9999.000,9999.000,9999.000,9999.000,9999.000,9999.000,9999.000,9999.000
202604222100,   1.730,9999.000,   0.500,   0.249,   2.479,   0.200,   2.179,   0.800,   2.779
202604222106,   1.723,9999.000,9999.000,9999.000,9999.000,9999.000,9999.000,9999.000,9999.000
202604222112,   1.716,9999.000,9999.000,9999.000,9999.000,9999.000,9999.000,9999.000,9999.000
202604222118,   1.710,9999.000,9999.000,9999.000,9999.000,9999.000,9999.000,9999.000,9999.000
202604222124,   1.703,9999.000,9999.000,9999.000,9999.000,9999.000,9999.000,9999.000,9999.000
202604222130,   1.697,9999.000,9999.000,9999.000,9999.000,9999.000,9999.000,9999.000,9999.000
202604222136,   1.691,9999.000,9999.000,9999.000,9999.000,9999.000,9999.000,9999.000,9999.000
202604222142,   1.685,9999.000,9999.000,9999.000,9999.000,9999.000,9999.000,9999.000,9999.000
202604222148,   1.679,9999.000,9999.000,9999.000,9999.000,9999.000,9999.000,9999.000,9999.000
202604222154,   1.673,9999.000,9999.000,9999.000,9999.000,9999.000,9999.000,9999.000,9999.000
202604222200,   1.667,9999.000,   0.500,   0.249,   2.416,   0.200,   2.116,   0.900,   2.816
202604222206,   1.662,9999.000,9999.000,9999.000,9999.000,9999.000,9999.000,9999.000,9999.000
202604222212,   1.656,9999.000,9999.000,9999.000,9999.000,9999.000,9999.000,9999.000,9999.000
202604222218,   1.651,9999.000,9999.000,9999.000,9999.000,9999.000,9999.000,9999.000,9999.000
202604222224,   1.645,9999.000,9999.000,9999.000,9999.000,9999.000,9999.000,9999.000,9999.000
202604222230,   1.640,9999.000,9999.000,9999.000,9999.000,9999.000,9999.000,9999.000,9999.000
202604222236,   1.634,9999.000,9999.000,9999.000,9999.000,9999.000,9999.000,9999.000,9999.000
202604222242,   1.629,9999.000,9999.000,9999.000,9999.000,9999.000,9999.000,9999.000,9999.000
202604222248,   1.623,9999.000,9999.000,9999.000,9999.000,9999.000,9999.000,9999.000,9999.000
202604222254,   1.617,9999.000,9999.000,9999.000,9999.000,9999.000,9999.000,9999.000,9999.000
202604222300,   1.612,9999.000,   0.600,   0.249,   2.461,   0.300,   2.161,   0.900,   2.761
202604222306,   1.606,9999.000,9999.000,9999.000,9999.000,9999.000,9999.000,9999.000,9999.000
202604222312,   1.599,9999.000,9999.000,9999.000,9999.000,9999.000,9999.000,9999.000,9999.000
202604222318,   1.593,9999.000,9999.000,9999.000,9999.000,9999.000,9999.000,9999.000,9999.000
202604222324,   1.586,9999.000,9999.000,9999.000,9999.000,9999.000,9999.000,9999.000,9999.000
202604222330,   1.579,9999.000,9999.000,9999.000,9999.000,9999.000,9999.000,9999.000,9999.000
202604222336,   1.571,9999.000,9999.000,9999.000,9999.000,9999.000,9999.000,9999.000,9999.000
202604222342,   1.563,9999.000,9999.000,9999.000,9999.000,9999.000,9999.000,9999.000,9999.000
202604222348,   1.555,9999.000,9999.000,9999.000,9999.000,9999.000,9999.000,9999.000,9999.000
202604222354,   1.547,9999.000,9999.000,9999.000,9999.000,9999.000,9999.000,9999.000,9999.000
202604230000,   1.538,9999.000,   0.600,   0.249,   2.387,   0.300,   2.087,   0.900,   2.687
202604230006,   1.528,9999.000,9999.000,9999.000,9999.000,9999.000,9999.000,9999.000,9999.000
202604230012,   1.518,9999.000,9999.000,9999.000,9999.000,9999.000,9999.000,9999.000,9999.000
202604230018,   1.508,9999.000,9999.000,9999.000,9999.000,9999.000,9999.000,9999.000,9999.000
202604230024,   1.497,9999.000,9999.000,9999.000,9999.000,9999.000,9999.000,9999.000,9999.000
202604230030,   1.485,9999.000,9999.000,9999.000,9999.000,9999.000,9999.000,9999.000,9999.000
202604230036,   1.473,9999.000,9999.000,9999.000,9999.000,9999.000,9999.000,9999.000,9999.000
202604230042,   1.461,9999.000,9999.000,9999.000,9999.000,9999.000,9999.000,9999.000,9999.000
202604230048,   1.448,9999.000,9999.000,9999.000,9999.000,9999.000,9999.000,9999.000,9999.000
202604230054,   1.434,9999.000,9999.000,9999.000,9999.000,9999.000,9999.000,9999.000,9999.000
202604230100,   1.420,9999.000,   0.600,   0.249,   2.269,   0.400,   2.069,   0.900,   2.569
202604230106,   1.405,9999.000,9999.000,9999.000,9999.000,9999.000,9999.000,9999.000,9999.000
202604230112,   1.390,9999.000,9999.000,9999.000,9999.000,9999.000,9999.000,9999.000,9999.000
202604230118,   1.374,9999.000,9999.000,9999.000,9999.000,9999.000,9999.000,9999.000,9999.000
202604230124,   1.358,9999.000,9999.000,9999.000,9999.000,9999.000,9999.000,9999.000,9999.000
202604230130,   1.341,9999.000,9999.000,9999.000,9999.000,9999.000,9999.000,9999.000,9999.000
202604230136,   1.323,9999.000,9999.000,9999.000,9999.000,9999.000,9999.000,9999.000,9999.000
202604230142,   1.305,9999.000,9999.000,9999.000,9999.000,9999.000,9999.000,9999.000,9999.000
202604230148,   1.286,9999.000,9999.000,9999.000,9999.000,9999.000,9999.000,9999.000,9999.000
202604230154,   1.266,9999.000,9999.000,9999.000,9999.000,9999.000,9999.000,9999.000,9999.000
202604230200,   1.245,9999.000,   0.600,   0.249,   2.094,   0.400,   1.894,   0.900,   2.394
202604230206,   1.224,9999.000,9999.000,9999.000,9999.000,9999.000,9999.000,9999.000,9999.000
202604230212,   1.202,9999.000,9999.000,9999.000,9999.000,9999.000,9999.000,9999.000,9999.000
202604230218,   1.179,9999.000,9999.000,9999.000,9999.000,9999.000,9999.000,9999.000,9999.000
202604230224,   1.156,9999.000,9999.000,9999.000,9999.000,9999.000,9999.000,9999.000,9999.000
202604230230,   1.131,9999.000,9999.000,9999.000,9999.000,9999.000,9999.000,9999.000,9999.000
202604230236,   1.106,9999.000,9999.000,9999.000,9999.000,9999.000,9999.000,9999.000,9999.000
202604230242,   1.080,9999.000,9999.000,9999.000,9999.000,9999.000,9999.000,9999.000,9999.000
202604230248,   1.053,9999.000,9999.000,9999.000,9999.000,9999.000,9999.000,9999.000,9999.000
202604230254,   1.025,9999.000,9999.000,9999.000,9999.000,9999.000,9999.000,9999.000,9999.000
202604230300,   0.996,9999.000,   0.600,   0.249,   1.845,   0.400,   1.645,   0.900,   2.145
202604230306,   0.967,9999.000,9999.000,9999.000,9999.000,9999.000,9999.000,9999.000,9999.000
202604230312,   0.937,9999.000,9999.000,9999.000,9999.000,9999.000,9999.000,9999.000,9999.000
202604230318,   0.906,9999.000,9999.000,9999.000,9999.000,9999.000,9999.000,9999.000,9999.000
202604230324,   0.874,9999.000,9999.000,9999.000,9999.000,9999.000,9999.000,9999.000,9999.000
202604230330,   0.841,9999.000,9999.000,9999.000,9999.000,9999.000,9999.000,9999.000,9999.000
202604230336,   0.808,9999.000,9999.000,9999.000,9999.000,9999.000,9999.000,9999.000,9999.000
202604230342,   0.774,9999.000,9999.000,9999.000,9999.000,9999.000,9999.000,9999.000,9999.000
202604230348,   0.740,9999.000,9999.000,9999.000,9999.000,9999.000,9999.000,9999.000,9999.000
202604230354,   0.705,9999.000,9999.000,9999.000,9999.000,9999.000,9999.000,9999.000,9999.000
202604230400,   0.670,9999.000,   0.700,   0.249,   1.619,   0.500,   1.419,   1.000,   1.919
202604230406,   0.634,9999.000,9999.000,9999.000,9999.000,9999.000,9999.000,9999.000,9999.000
202604230412,   0.598,9999.000,9999.000,9999.000,9999.000,9999.000,9999.000,9999.000,9999.000
202604230418,   0.562,9999.000,9999.000,9999.000,9999.000,9999.000,9999.000,9999.000,9999.000
202604230424,   0.526,9999.000,9999.000,9999.000,9999.000,9999.000,9999.000,9999.000,9999.000
202604230430,   0.489,9999.000,9999.000,9999.000,9999.000,9999.000,9999.000,9999.000,9999.000
202604230436,   0.453,9999.000,9999.000,9999.000,9999.000,9999.000,9999.000,9999.000,9999.000
202604230442,   0.417,9999.000,9999.000,9999.000,9999.000,9999.000,9999.000,9999.000,9999.000
202604230448,   0.382,9999.000,9999.000,9999.000,9999.000,9999.000,9999.000,9999.000,9999.000
202604230454,   0.347,9999.000,9999.000,9999.000,9999.000,9999.000,9999.000,9999.000,9999.000
202604230500,   0.312,9999.000,   0.600,   0.249,   1.161,   0.400,   0.961,   0.900,   1.461
202604230506,   0.278,9999.000,9999.000,9999.000,9999.000,9999.000,9999.000,9999.000,9999.000
202604230512,   0.244,9999.000,9999.000,9999.000,9999.000,9999.000,9999.000,9999.000,9999.000
202604230518,   0.212,9999.000,9999.000,9999.000,9999.000,9999.000,9999.000,9999.000,9999.000
202604230524,   0.180,9999.000,9999.000,9999.000,9999.000,9999.000,9999.000,9999.000,9999.000
202604230530,   0.149,9999.000,9999.000,9999.000,9999.000,9999.000,9999.000,9999.000,9999.000
202604230536,   0.120,9999.000,9999.000,9999.000,9999.000,9999.000,9999.000,9999.000,9999.000
202604230542,   0.091,9999.000,9999.000,9999.000,9999.000,9999.000,9999.000,9999.000,9999.000
202604230548,   0.064,9999.000,9999.000,9999.000,9999.000,9999.000,9999.000,9999.000,9999.000
202604230554,   0.038,9999.000,9999.000,9999.000,9999.000,9999.000,9999.000,9999.000,9999.000
202604230600,   0.013,9999.000,   0.600,   0.249,   0.862,   0.400,   0.662,   0.900,   1.162
202604230606,  -0.010,9999.000,9999.000,9999.000,9999.000,9999.000,9999.000,9999.000,9999.000
202604230612,  -0.032,9999.000,9999.000,9999.000,9999.000,9999.000,9999.000,9999.000,9999.000
202604230618,  -0.053,9999.000,9999.000,9999.000,9999.000,9999.000,9999.000,9999.000,9999.000
202604230624,  -0.072,9999.000,9999.000,9999.000,9999.000,9999.000,9999.000,9999.000,9999.000
202604230630,  -0.090,9999.000,9999.000,9999.000,9999.000,9999.000,9999.000,9999.000,9999.000
202604230636,  -0.107,9999.000,9999.000,9999.000,9999.000,9999.000,9999.000,9999.000,9999.000
202604230642,  -0.122,9999.000,9999.000,9999.000,9999.000,9999.000,9999.000,9999.000,9999.000
202604230648,  -0.136,9999.000,9999.000,9999.000,9999.000,9999.000,9999.000,9999.000,9999.000
202604230654,  -0.148,9999.000,9999.000,9999.000,9999.000,9999.000,9999.000,9999.000,9999.000
202604230700,  -0.158,9999.000,   0.600,   0.249,   0.691,   0.400,   0.491,   0.900,   0.991
202604230706,  -0.168,9999.000,9999.000,9999.000,9999.000,9999.000,9999.000,9999.000,9999.000
202604230712,  -0.176,9999.000,9999.000,9999.000,9999.000,9999.000,9999.000,9999.000,9999.000
202604230718,  -0.182,9999.000,9999.000,9999.000,9999.000,9999.000,9999.000,9999.000,9999.000
202604230724,  -0.187,9999.000,9999.000,9999.000,9999.000,9999.000,9999.000,9999.000,9999.000
202604230730,  -0.191,9999.000,9999.000,9999.000,9999.000,9999.000,9999.000,9999.000,9999.000
202604230736,  -0.193,9999.000,9999.000,9999.000,9999.000,9999.000,9999.000,9999.000,9999.000
202604230742,  -0.194,9999.000,9999.000,9999.000,9999.000,9999.000,9999.000,9999.000,9999.000
202604230748,  -0.194,9999.000,9999.000,9999.000,9999.000,9999.000,9999.000,9999.000,9999.000
202604230754,  -0.193,9999.000,9999.000,9999.000,9999.000,9999.000,9999.000,9999.000,9999.000
202604230800,  -0.190,9999.000,   0.700,   0.249,   0.759,   0.400,   0.459,   0.900,   0.959
202604230806,  -0.186,9999.000,9999.000,9999.000,9999.000,9999.000,9999.000,9999.000,9999.000
202604230812,  -0.181,9999.000,9999.000,9999.000,9999.000,9999.000,9999.000,9999.000,9999.000
202604230818,  -0.174,9999.000,9999.000,9999.000,9999.000,9999.000,9999.000,9999.000,9999.000
202604230824,  -0.166,9999.000,9999.000,9999.000,9999.000,9999.000,9999.000,9999.000,9999.000
202604230830,  -0.157,9999.000,9999.000,9999.000,9999.000,9999.000,9999.000,9999.000,9999.000
202604230836,  -0.147,9999.000,9999.000,9999.000,9999.000,9999.000,9999.000,9999.000,9999.000
202604230842,  -0.136,9999.000,9999.000,9999.000,9999.000,9999.000,9999.000,9999.000,9999.000
202604230848,  -0.124,9999.000,9999.000,9999.000,9999.000,9999.000,9999.000,9999.000,9999.000
202604230854,  -0.110,9999.000,9999.000,9999.000,9999.000,9999.000,9999.000,9999.000,9999.000
202604230900,  -0.095,9999.000,   0.700,   0.249,   0.854,   0.500,   0.654,   0.900,   1.054
202604230906,  -0.079,9999.000,9999.000,9999.000,9999.000,9999.000,9999.000,9999.000,9999.000
202604230912,  -0.062,9999.000,9999.000,9999.000,9999.000,9999.000,9999.000,9999.000,9999.000
202604230918,  -0.044,9999.000,9999.000,9999.000,9999.000,9999.000,9999.000,9999.000,9999.000
202604230924,  -0.025,9999.000,9999.000,9999.000,9999.000,9999.000,9999.000,9999.000,9999.000
202604230930,  -0.004,9999.000,9999.000,9999.000,9999.000,9999.000,9999.000,9999.000,9999.000
202604230936,   0.016,9999.000,9999.000,9999.000,9999.000,9999.000,9999.000,9999.000,9999.000
202604230942,   0.039,9999.000,9999.000,9999.000,9999.000,9999.000,9999.000,9999.000,9999.000
202604230948,   0.062,9999.000,9999.000,9999.000,9999.000,9999.000,9999.000,9999.000,9999.000
202604230954,   0.087,9999.000,9999.000,9999.000,9999.000,9999.000,9999.000,9999.000,9999.000
202604231000,   0.112,9999.000,   0.700,   0.249,   1.061,   0.500,   0.861,   0.900,   1.261
202604231006,   0.139,9999.000,9999.000,9999.000,9999.000,9999.000,9999.000,9999.000,9999.000
202604231012,   0.166,9999.000,9999.000,9999.000,9999.000,9999.000,9999.000,9999.000,9999.000
202604231018,   0.194,9999.000,9999.000,9999.000,9999.000,9999.000,9999.000,9999.000,9999.000
202604231024,   0.224,9999.000,9999.000,9999.000,9999.000,9999.000,9999.000,9999.000,9999.000
202604231030,   0.253,9999.000,9999.000,9999.000,9999.000,9999.000,9999.000,9999.000,9999.000
202604231036,   0.284,9999.000,9999.000,9999.000,9999.000,9999.000,9999.000,9999.000,9999.000
202604231042,   0.315,9999.000,9999.000,9999.000,9999.000,9999.000,9999.000,9999.000,9999.000
202604231048,   0.347,9999.000,9999.000,9999.000,9999.000,9999.000,9999.000,9999.000,9999.000
202604231054,   0.380,9999.000,9999.000,9999.000,9999.000,9999.000,9999.000,9999.000,9999.000
202604231100,   0.413,9999.000,   0.700,   0.249,   1.362,   0.500,   1.162,   0.900,   1.562
202604231106,   0.447,9999.000,9999.000,9999.000,9999.000,9999.000,9999.000,9999.000,9999.000
202604231112,   0.481,9999.000,9999.000,9999.000,9999.000,9999.000,9999.000,9999.000,9999.000
202604231118,   0.516,9999.000,9999.000,9999.000,9999.000,9999.000,9999.000,9999.000,9999.000
202604231124,   0.551,9999.000,9999.000,9999.000,9999.000,9999.000,9999.000,9999.000,9999.000
202604231130,   0.586,9999.000,9999.000,9999.000,9999.000,9999.000,9999.000,9999.000,9999.000
202604231136,   0.621,9999.000,9999.000,9999.000,9999.000,9999.000,9999.000,9999.000,9999.000
202604231142,   0.657,9999.000,9999.000,9999.000,9999.000,9999.000,9999.000,9999.000,9999.000
202604231148,   0.693,9999.000,9999.000,9999.000,9999.000,9999.000,9999.000,9999.000,9999.000
202604231154,   0.729,9999.000,9999.000,9999.000,9999.000,9999.000,9999.000,9999.000,9999.000
202604231200,   0.765,9999.000,   0.700,   0.249,   1.714,   0.500,   1.514,   0.800,   1.814
202604231206,   0.801,9999.000,9999.000,9999.000,9999.000,9999.000,9999.000,9999.000,9999.000
202604231212,   0.837,9999.000,9999.000,9999.000,9999.000,9999.000,9999.000,9999.000,9999.000
202604231218,   0.873,9999.000,9999.000,9999.000,9999.000,9999.000,9999.000,9999.000,9999.000
202604231224,   0.908,9999.000,9999.000,9999.000,9999.000,9999.000,9999.000,9999.000,9999.000
202604231230,   0.944,9999.000,9999.000,9999.000,9999.000,9999.000,9999.000,9999.000,9999.000
202604231236,   0.980,9999.000,9999.000,9999.000,9999.000,9999.000,9999.000,9999.000,9999.000
202604231242,   1.015,9999.000,9999.000,9999.000,9999.000,9999.000,9999.000,9999.000,9999.000
202604231248,   1.050,9999.000,9999.000,9999.000,9999.000,9999.000,9999.000,9999.000,9999.000
202604231254,   1.085,9999.000,9999.000,9999.000,9999.000,9999.000,9999.000,9999.000,9999.000
202604231300,   1.119,9999.000,   0.700,   0.249,   2.068,   0.500,   1.868,   0.900,   2.268
202604231306,   1.153,9999.000,9999.000,9999.000,9999.000,9999.000,9999.000,9999.000,9999.000
202604231312,   1.187,9999.000,9999.000,9999.000,9999.000,9999.000,9999.000,9999.000,9999.000
202604231318,   1.220,9999.000,9999.000,9999.000,9999.000,9999.000,9999.000,9999.000,9999.000
202604231324,   1.253,9999.000,9999.000,9999.000,9999.000,9999.000,9999.000,9999.000,9999.000
202604231330,   1.285,9999.000,9999.000,9999.000,9999.000,9999.000,9999.000,9999.000,9999.000
202604231336,   1.317,9999.000,9999.000,9999.000,9999.000,9999.000,9999.000,9999.000,9999.000
202604231342,   1.348,9999.000,9999.000,9999.000,9999.000,9999.000,9999.000,9999.000,9999.000
202604231348,   1.379,9999.000,9999.000,9999.000,9999.000,9999.000,9999.000,9999.000,9999.000
202604231354,   1.409,9999.000,9999.000,9999.000,9999.000,9999.000,9999.000,9999.000,9999.000
202604231400,   1.438,9999.000,   0.600,   0.249,   2.287,   0.500,   2.187,   0.800,   2.487
202604231406,   1.467,9999.000,9999.000,9999.000,9999.000,9999.000,9999.000,9999.000,9999.000
202604231412,   1.495,9999.000,9999.000,9999.000,9999.000,9999.000,9999.000,9999.000,9999.000
202604231418,   1.522,9999.000,9999.000,9999.000,9999.000,9999.000,9999.000,9999.000,9999.000
202604231424,   1.549,9999.000,9999.000,9999.000,9999.000,9999.000,9999.000,9999.000,9999.000
202604231430,   1.574,9999.000,9999.000,9999.000,9999.000,9999.000,9999.000,9999.000,9999.000
202604231436,   1.599,9999.000,9999.000,9999.000,9999.000,9999.000,9999.000,9999.000,9999.000
202604231442,   1.623,9999.000,9999.000,9999.000,9999.000,9999.000,9999.000,9999.000,9999.000
202604231448,   1.646,9999.000,9999.000,9999.000,9999.000,9999.000,9999.000,9999.000,9999.000
202604231454,   1.667,9999.000,9999.000,9999.000,9999.000,9999.000,9999.000,9999.000,9999.000
202604231500,   1.688,9999.000,   0.600,   0.249,   2.537,   0.400,   2.337,   0.700,   2.637
202604231506,   1.708,9999.000,9999.000,9999.000,9999.000,9999.000,9999.000,9999.000,9999.000
202604231512,   1.727,9999.000,9999.000,9999.000,9999.000,9999.000,9999.000,9999.000,9999.000
202604231518,   1.744,9999.000,9999.000,9999.000,9999.000,9999.000,9999.000,9999.000,9999.000
202604231524,   1.761,9999.000,9999.000,9999.000,9999.000,9999.000,9999.000,9999.000,9999.000
202604231530,   1.776,9999.000,9999.000,9999.000,9999.000,9999.000,9999.000,9999.000,9999.000
202604231536,   1.791,9999.000,9999.000,9999.000,9999.000,9999.000,9999.000,9999.000,9999.000
202604231542,   1.804,9999.000,9999.000,9999.000,9999.000,9999.000,9999.000,9999.000,9999.000
202604231548,   1.816,9999.000,9999.000,9999.000,9999.000,9999.000,9999.000,9999.000,9999.000
202604231554,   1.827,9999.000,9999.000,9999.000,9999.000,9999.000,9999.000,9999.000,9999.000
202604231600,   1.837,9999.000,   0.600,   0.249,   2.686,   0.400,   2.486,   0.700,   2.786
202604231606,   1.846,9999.000,9999.000,9999.000,9999.000,9999.000,9999.000,9999.000,9999.000
202604231612,   1.853,9999.000,9999.000,9999.000,9999.000,9999.000,9999.000,9999.000,9999.000
202604231618,   1.860,9999.000,9999.000,9999.000,9999.000,9999.000,9999.000,9999.000,9999.000
202604231624,   1.866,9999.000,9999.000,9999.000,9999.000,9999.000,9999.000,9999.000,9999.000
202604231630,   1.871,9999.000,9999.000,9999.000,9999.000,9999.000,9999.000,9999.000,9999.000
202604231636,   1.875,9999.000,9999.000,9999.000,9999.000,9999.000,9999.000,9999.000,9999.000
202604231642,   1.878,9999.000,9999.000,9999.000,9999.000,9999.000,9999.000,9999.000,9999.000
202604231648,   1.880,9999.000,9999.000,9999.000,9999.000,9999.000,9999.000,9999.000,9999.000
202604231654,   1.882,9999.000,9999.000,9999.000,9999.000,9999.000,9999.000,9999.000,9999.000
202604231700,   1.883,9999.000,   0.500,   0.249,   2.632,   0.300,   2.432,   0.700,   2.832
202604231706,   1.883,9999.000,9999.000,9999.000,9999.000,9999.000,9999.000,9999.000,9999.000
202604231712,   1.882,9999.000,9999.000,9999.000,9999.000,9999.000,9999.000,9999.000,9999.000
202604231718,   1.881,9999.000,9999.000,9999.000,9999.000,9999.000,9999.000,9999.000,9999.000
202604231724,   1.880,9999.000,9999.000,9999.000,9999.000,9999.000,9999.000,9999.000,9999.000
202604231730,   1.878,9999.000,9999.000,9999.000,9999.000,9999.000,9999.000,9999.000,9999.000
202604231736,   1.875,9999.000,9999.000,9999.000,9999.000,9999.000,9999.000,9999.000,9999.000
202604231742,   1.872,9999.000,9999.000,9999.000,9999.000,9999.000,9999.000,9999.000,9999.000
202604231748,   1.869,9999.000,9999.000,9999.000,9999.000,9999.000,9999.000,9999.000,9999.000
202604231754,   1.866,9999.000,9999.000,9999.000,9999.000,9999.000,9999.000,9999.000,9999.000
202604231800,   1.862,9999.000,   0.500,   0.249,   2.611,   0.300,   2.411,   0.700,   2.811
202604231806,   1.858,9999.000,9999.000,9999.000,9999.000,9999.000,9999.000,9999.000,9999.000
202604231812,   1.854,9999.000,9999.000,9999.000,9999.000,9999.000,9999.000,9999.000,9999.000
202604231818,   1.850,9999.000,9999.000,9999.000,9999.000,9999.000,9999.000,9999.000,9999.000
202604231824,   1.846,9999.000,9999.000,9999.000,9999.000,9999.000,9999.000,9999.000,9999.000
202604231830,   1.842,9999.000,9999.000,9999.000,9999.000,9999.000,9999.000,9999.000,9999.000
202604231836,   1.837,9999.000,9999.000,9999.000,9999.000,9999.000,9999.000,9999.000,9999.000
202604231842,   1.833,9999.000,9999.000,9999.000,9999.000,9999.000,9999.000,9999.000,9999.000
202604231848,   1.828,9999.000,9999.000,9999.000,9999.000,9999.000,9999.000,9999.000,9999.000
202604231854,   1.823,9999.000,9999.000,9999.000,9999.000,9999.000,9999.000,9999.000,9999.000
202604231900,   1.819,9999.000,   0.500,   0.249,   2.568,   0.300,   2.368,   0.700,   2.768
202604231906,   1.814,9999.000,9999.000,9999.000,9999.000,9999.000,9999.000,9999.000,9999.000
202604231912,   1.809,9999.000,9999.000,9999.000,9999.000,9999.000,9999.000,9999.000,9999.000
202604231918,   1.804,9999.000,9999.000,9999.000,9999.000,9999.000,9999.000,9999.000,9999.000
202604231924,   1.799,9999.000,9999.000,9999.000,9999.000,9999.000,9999.000,9999.000,9999.000
202604231930,   1.793,9999.000,9999.000,9999.000,9999.000,9999.000,9999.000,9999.000,9999.000
202604231936,   1.788,9999.000,9999.000,9999.000,9999.000,9999.000,9999.000,9999.000,9999.000
202604231942,   1.783,9999.000,9999.000,9999.000,9999.000,9999.000,9999.000,9999.000,9999.000
202604231948,   1.777,9999.000,9999.000,9999.000,9999.000,9999.000,9999.000,9999.000,9999.000
202604231954,   1.771,9999.000,9999.000,9999.000,9999.000,9999.000,9999.000,9999.000,9999.000
202604232000,   1.765,9999.000,   0.600,   0.249,   2.614,   0.400,   2.414,   0.700,   2.714
202604232006,   1.759,9999.000,9999.000,9999.000,9999.000,9999.000,9999.000,9999.000,9999.000
202604232012,   1.753,9999.000,9999.000,9999.000,9999.000,9999.000,9999.000,9999.000,9999.000
202604232018,   1.747,9999.000,9999.000,9999.000,9999.000,9999.000,9999.000,9999.000,9999.000
202604232024,   1.740,9999.000,9999.000,9999.000,9999.000,9999.000,9999.000,9999.000,9999.000
202604232030,   1.733,9999.000,9999.000,9999.000,9999.000,9999.000,9999.000,9999.000,9999.000
202604232036,   1.727,9999.000,9999.000,9999.000,9999.000,9999.000,9999.000,9999.000,9999.000
202604232042,   1.719,9999.000,9999.000,9999.000,9999.000,9999.000,9999.000,9999.000,9999.000
202604232048,   1.712,9999.000,9999.000,9999.000,9999.000,9999.000,9999.000,9999.000,9999.000
202604232054,   1.705,9999.000,9999.000,9999.000,9999.000,9999.000,9999.000,9999.000,9999.000
202604232100,   1.697,9999.000,   0.600,   0.249,   2.546,   0.400,   2.346,   0.800,   2.746
202604232106,   1.690,9999.000,9999.000,9999.000,9999.000,9999.000,9999.000,9999.000,9999.000
202604232112,   1.682,9999.000,9999.000,9999.000,9999.000,9999.000,9999.000,9999.000,9999.000
202604232118,   1.674,9999.000,9999.000,9999.000,9999.000,9999.000,9999.000,9999.000,9999.000
202604232124,   1.667,9999.000,9999.000,9999.000,9999.000,9999.000,9999.000,9999.000,9999.000
202604232130,   1.659,9999.000,9999.000,9999.000,9999.000,9999.000,9999.000,9999.000,9999.000
202604232136,   1.651,9999.000,9999.000,9999.000,9999.000,9999.000,9999.000,9999.000,9999.000
202604232142,   1.643,9999.000,9999.000,9999.000,9999.000,9999.000,9999.000,9999.000,9999.000
202604232148,   1.636,9999.000,9999.000,9999.000,9999.000,9999.000,9999.000,9999.000,9999.000
202604232154,   1.628,9999.000,9999.000,9999.000,9999.000,9999.000,9999.000,9999.000,9999.000
202604232200,   1.620,9999.000,   0.600,   0.249,   2.469,   0.400,   2.269,   0.900,   2.769
202604232206,   1.613,9999.000,9999.000,9999.000,9999.000,9999.000,9999.000,9999.000,9999.000
202604232212,   1.605,9999.000,9999.000,9999.000,9999.000,9999.000,9999.000,9999.000,9999.000
202604232218,   1.598,9999.000,9999.000,9999.000,9999.000,9999.000,9999.000,9999.000,9999.000
202604232224,   1.591,9999.000,9999.000,9999.000,9999.000,9999.000,9999.000,9999.000,9999.000
202604232230,   1.584,9999.000,9999.000,9999.000,9999.000,9999.000,9999.000,9999.000,9999.000
202604232236,   1.578,9999.000,9999.000,9999.000,9999.000,9999.000,9999.000,9999.000,9999.000
202604232242,   1.571,9999.000,9999.000,9999.000,9999.000,9999.000,9999.000,9999.000,9999.000
202604232248,   1.565,9999.000,9999.000,9999.000,9999.000,9999.000,9999.000,9999.000,9999.000
202604232254,   1.559,9999.000,9999.000,9999.000,9999.000,9999.000,9999.000,9999.000,9999.000
202604232300,   1.553,9999.000,   0.700,   0.249,   2.502,   0.500,   2.302,   0.900,   2.702
202604232306,   1.548,9999.000,9999.000,9999.000,9999.000,9999.000,9999.000,9999.000,9999.000
202604232312,   1.542,9999.000,9999.000,9999.000,9999.000,9999.000,9999.000,9999.000,9999.000
202604232318,   1.537,9999.000,9999.000,9999.000,9999.000,9999.000,9999.000,9999.000,9999.000
202604232324,   1.532,9999.000,9999.000,9999.000,9999.000,9999.000,9999.000,9999.000,9999.000
202604232330,   1.528,9999.000,9999.000,9999.000,9999.000,9999.000,9999.000,9999.000,9999.000
202604232336,   1.523,9999.000,9999.000,9999.000,9999.000,9999.000,9999.000,9999.000,9999.000
202604232342,   1.519,9999.000,9999.000,9999.000,9999.000,9999.000,9999.000,9999.000,9999.000
202604232348,   1.515,9999.000,9999.000,9999.000,9999.000,9999.000,9999.000,9999.000,9999.000
202604232354,   1.511,9999.000,9999.000,9999.000,9999.000,9999.000,9999.000,9999.000,9999.000
202604240000,   1.507,9999.000,   0.700,   0.249,   2.456,   0.500,   2.256,   0.900,   2.656
202604240006,   1.503,9999.000,9999.000,9999.000,9999.000,9999.000,9999.000,9999.000,9999.000
202604240012,   1.499,9999.000,9999.000,9999.000,9999.000,9999.000,9999.000,9999.000,9999.000
202604240018,   1.495,9999.000,9999.000,9999.000,9999.000,9999.000,9999.000,9999.000,9999.000
202604240024,   1.491,9999.000,9999.000,9999.000,9999.000,9999.000,9999.000,9999.000,9999.000
202604240030,   1.487,9999.000,9999.000,9999.000,9999.000,9999.000,9999.000,9999.000,9999.000
202604240036,   1.484,9999.000,9999.000,9999.000,9999.000,9999.000,9999.000,9999.000,9999.000
202604240042,   1.480,9999.000,9999.000,9999.000,9999.000,9999.000,9999.000,9999.000,9999.000
202604240048,   1.476,9999.000,9999.000,9999.000,9999.000,9999.000,9999.000,9999.000,9999.000
202604240054,   1.471,9999.000,9999.000,9999.000,9999.000,9999.000,9999.000,9999.000,9999.000
202604240100,   1.467,9999.000,   0.700,   0.249,   2.416,   0.500,   2.216,   0.900,   2.616
202604240106,   1.462,9999.000,9999.000,9999.000,9999.000,9999.000,9999.000,9999.000,9999.000
202604240112,   1.457,9999.000,9999.000,9999.000,9999.000,9999.000,9999.000,9999.000,9999.000
202604240118,   1.452,9999.000,9999.000,9999.000,9999.000,9999.000,9999.000,9999.000,9999.000
202604240124,   1.447,9999.000,9999.000,9999.000,9999.000,9999.000,9999.000,9999.000,9999.000
202604240130,   1.441,9999.000,9999.000,9999.000,9999.000,9999.000,9999.000,9999.000,9999.000
202604240136,   1.435,9999.000,9999.000,9999.000,9999.000,9999.000,9999.000,9999.000,9999.000
202604240142,   1.428,9999.000,9999.000,9999.000,9999.000,9999.000,9999.000,9999.000,9999.000
202604240148,   1.421,9999.000,9999.000,9999.000,9999.000,9999.000,9999.000,9999.000,9999.000
202604240154,   1.414,9999.000,9999.000,9999.000,9999.000,9999.000,9999.000,9999.000,9999.000
202604240200,   1.406,9999.000,   0.700,   0.249,   2.355,   0.500,   2.155,   1.000,   2.655
202604240206,   1.397,9999.000,9999.000,9999.000,9999.000,9999.000,9999.000,9999.000,9999.000
202604240212,   1.388,9999.000,9999.000,9999.000,9999.000,9999.000,9999.000,9999.000,9999.000
202604240218,   1.378,9999.000,9999.000,9999.000,9999.000,9999.000,9999.000,9999.000,9999.000
202604240224,   1.368,9999.000,9999.000,9999.000,9999.000,9999.000,9999.000,9999.000,9999.000
202604240230,   1.356,9999.000,9999.000,9999.000,9999.000,9999.000,9999.000,9999.000,9999.000
202604240236,   1.345,9999.000,9999.000,9999.000,9999.000,9999.000,9999.000,9999.000,9999.000
202604240242,   1.332,9999.000,9999.000,9999.000,9999.000,9999.000,9999.000,9999.000,9999.000
202604240248,   1.319,9999.000,9999.000,9999.000,9999.000,9999.000,9999.000,9999.000,9999.000
202604240254,   1.305,9999.000,9999.000,9999.000,9999.000,9999.000,9999.000,9999.000,9999.000
202604240300,   1.290,9999.000,   0.700,   0.249,   2.239,   0.500,   2.039,   1.000,   2.539
202604240306,   1.274,9999.000,9999.000,9999.000,9999.000,9999.000,9999.000,9999.000,9999.000
202604240312,   1.258,9999.000,9999.000,9999.000,9999.000,9999.000,9999.000,9999.000,9999.000
202604240318,   1.241,9999.000,9999.000,9999.000,9999.000,9999.000,9999.000,9999.000,9999.000
202604240324,   1.223,9999.000,9999.000,9999.000,9999.000,9999.000,9999.000,9999.000,9999.000
202604240330,   1.204,9999.000,9999.000,9999.000,9999.000,9999.000,9999.000,9999.000,9999.000
202604240336,   1.184,9999.000,9999.000,9999.000,9999.000,9999.000,9999.000,9999.000,9999.000
202604240342,   1.163,9999.000,9999.000,9999.000,9999.000,9999.000,9999.000,9999.000,9999.000
202604240348,   1.142,9999.000,9999.000,9999.000,9999.000,9999.000,9999.000,9999.000,9999.000
202604240354,   1.119,9999.000,9999.000,9999.000,9999.000,9999.000,9999.000,9999.000,9999.000
202604240400,   1.096,9999.000,   0.700,   0.249,   2.045,   0.500,   1.845,   1.000,   2.345
202604240406,   1.072,9999.000,9999.000,9999.000,9999.000,9999.000,9999.000,9999.000,9999.000
202604240412,   1.048,9999.000,9999.000,9999.000,9999.000,9999.000,9999.000,9999.000,9999.000
202604240418,   1.022,9999.000,9999.000,9999.000,9999.000,9999.000,9999.000,9999.000,9999.000
202604240424,   0.996,9999.000,9999.000,9999.000,9999.000,9999.000,9999.000,9999.000,9999.000
202604240430,   0.970,9999.000,9999.000,9999.000,9999.000,9999.000,9999.000,9999.000,9999.000
202604240436,   0.942,9999.000,9999.000,9999.000,9999.000,9999.000,9999.000,9999.000,9999.000
202604240442,   0.914,9999.000,9999.000,9999.000,9999.000,9999.000,9999.000,9999.000,9999.000
202604240448,   0.886,9999.000,9999.000,9999.000,9999.000,9999.000,9999.000,9999.000,9999.000
202604240454,   0.857,9999.000,9999.000,9999.000,9999.000,9999.000,9999.000,9999.000,9999.000
202604240500,   0.827,9999.000,   0.700,   0.249,   1.776,   0.500,   1.576,   0.900,   1.976
202604240506,   0.798,9999.000,9999.000,9999.000,9999.000,9999.000,9999.000,9999.000,9999.000
202604240512,   0.768,9999.000,9999.000,9999.000,9999.000,9999.000,9999.000,9999.000,9999.000
202604240518,   0.738,9999.000,9999.000,9999.000,9999.000,9999.000,9999.000,9999.000,9999.000
202604240524,   0.708,9999.000,9999.000,9999.000,9999.000,9999.000,9999.000,9999.000,9999.000
202604240530,   0.677,9999.000,9999.000,9999.000,9999.000,9999.000,9999.000,9999.000,9999.000
202604240536,   0.647,9999.000,9999.000,9999.000,9999.000,9999.000,9999.000,9999.000,9999.000
202604240542,   0.617,9999.000,9999.000,9999.000,9999.000,9999.000,9999.000,9999.000,9999.000
202604240548,   0.587,9999.000,9999.000,9999.000,9999.000,9999.000,9999.000,9999.000,9999.000
202604240554,   0.557,9999.000,9999.000,9999.000,9999.000,9999.000,9999.000,9999.000,9999.000
202604240600,   0.528,9999.000,   0.700,   0.249,   1.477,   0.500,   1.277,   0.900,   1.677
