        TIME,    TIDE,      OB,   SURGE,    BIAS,     TWL,SURGE90p,  TWL90p,SURGE10p,   TWL10p
202607141200,   0.369,9999.000,   0.300,9999.000,   0.669,   0.300,   0.669,   0.300,   0.669
202607141206,   0.417,9999.000,9999.000,9999.000,9999.000,9999.000,9999.000,9999.000,9999.000
202607141212,   0.466,9999.000,9999.000,9999.000,9999.000,9999.000,9999.000,9999.000,9999.000
202607141218,   0.515,9999.000,9999.000,9999.000,9999.000,9999.000,9999.000,9999.000,9999.000
202607141224,   0.565,9999.000,9999.000,9999.000,9999.000,9999.000,9999.000,9999.000,9999.000
202607141230,   0.615,9999.000,9999.000,9999.000,9999.000,9999.000,9999.000,9999.000,9999.000
202607141236,   0.665,9999.000,9999.000,9999.000,9999.000,9999.000,9999.000,9999.000,9999.000
202607141242,   0.714,9999.000,9999.000,9999.000,9999.000,9999.000,9999.000,9999.000,9999.000
202607141248,   0.762,9999.000,9999.000,9999.000,9999.000,9999.000,9999.000,9999.000,9999.000
202607141254,   0.810,9999.000,9999.000,9999.000,9999.000,9999.000,9999.000,9999.000,9999.000
202607141300,   0.856,   1.590,   0.300,   0.434,   1.590,   0.300,   1.590,   0.300,   1.590
202607141306,   0.902,   1.600,9999.000,9999.000,9999.000,9999.000,9999.000,9999.000,9999.000
202607141312,   0.946,   1.580,9999.000,9999.000,9999.000,9999.000,9999.000,9999.000,9999.000
202607141318,   0.988,   1.620,9999.000,9999.000,9999.000,9999.000,9999.000,9999.000,9999.000
202607141324,   1.028,   1.649,9999.000,9999.000,9999.000,9999.000,9999.000,9999.000,9999.000
202607141330,   1.067,   1.669,9999.000,9999.000,9999.000,9999.000,9999.000,9999.000,9999.000
202607141336,   1.104,   1.708,9999.000,9999.000,9999.000,9999.000,9999.000,9999.000,9999.000
202607141342,   1.139,   1.728,9999.000,9999.000,9999.000,9999.000,9999.000,9999.000,9999.000
202607141348,   1.171,   1.748,9999.000,9999.000,9999.000,9999.000,9999.000,9999.000,9999.000
202607141354,   1.202,   1.800,9999.000,9999.000,9999.000,9999.000,9999.000,9999.000,9999.000
202607141400,   1.230,   1.820,   0.300,   0.290,   1.820,   0.300,   1.820,   0.300,   1.820
202607141406,   1.256,   1.840,9999.000,9999.000,9999.000,9999.000,9999.000,9999.000,9999.000
202607141412,   1.279,   1.820,9999.000,9999.000,9999.000,9999.000,9999.000,9999.000,9999.000
202607141418,   1.300,   1.840,9999.000,9999.000,9999.000,9999.000,9999.000,9999.000,9999.000
202607141424,   1.318,   1.849,9999.000,9999.000,9999.000,9999.000,9999.000,9999.000,9999.000
202607141430,   1.334,   1.859,9999.000,9999.000,9999.000,9999.000,9999.000,9999.000,9999.000
202607141436,   1.348,   1.859,9999.000,9999.000,9999.000,9999.000,9999.000,9999.000,9999.000
202607141442,   1.359,   1.879,9999.000,9999.000,9999.000,9999.000,9999.000,9999.000,9999.000
202607141448,   1.368,   1.889,9999.000,9999.000,9999.000,9999.000,9999.000,9999.000,9999.000
202607141454,   1.375,   1.879,9999.000,9999.000,9999.000,9999.000,9999.000,9999.000,9999.000
202607141500,   1.379,   1.889,   0.300,   0.210,   1.889,   0.300,   1.889,   0.300,   1.889
202607141506,   1.381,   1.899,9999.000,9999.000,9999.000,9999.000,9999.000,9999.000,9999.000
202607141512,   1.380,   1.879,9999.000,9999.000,9999.000,9999.000,9999.000,9999.000,9999.000
202607141518,   1.378,   1.859,9999.000,9999.000,9999.000,9999.000,9999.000,9999.000,9999.000
202607141524,   1.374,   1.840,9999.000,9999.000,9999.000,9999.000,9999.000,9999.000,9999.000
202607141530,   1.367,   1.820,9999.000,9999.000,9999.000,9999.000,9999.000,9999.000,9999.000
202607141536,   1.359,   1.800,9999.000,9999.000,9999.000,9999.000,9999.000,9999.000,9999.000
202607141542,   1.349,   1.767,9999.000,9999.000,9999.000,9999.000,9999.000,9999.000,9999.000
202607141548,   1.338,   1.738,9999.000,9999.000,9999.000,9999.000,9999.000,9999.000,9999.000
202607141554,   1.325,   1.679,9999.000,9999.000,9999.000,9999.000,9999.000,9999.000,9999.000
202607141600,   1.310,   1.649,   0.300,   0.039,   1.649,   0.300,   1.649,   0.300,   1.649
202607141606,   1.294,   1.620,9999.000,9999.000,9999.000,9999.000,9999.000,9999.000,9999.000
202607141612,   1.277,   1.600,9999.000,9999.000,9999.000,9999.000,9999.000,9999.000,9999.000
202607141618,   1.258,   1.557,9999.000,9999.000,9999.000,9999.000,9999.000,9999.000,9999.000
202607141624,   1.239,   1.508,9999.000,9999.000,9999.000,9999.000,9999.000,9999.000,9999.000
202607141630,   1.218,   1.479,9999.000,9999.000,9999.000,9999.000,9999.000,9999.000,9999.000
202607141636,   1.196,   1.459,9999.000,9999.000,9999.000,9999.000,9999.000,9999.000,9999.000
202607141642,   1.174,   1.410,9999.000,9999.000,9999.000,9999.000,9999.000,9999.000,9999.000
202607141648,   1.150,   1.380,9999.000,9999.000,9999.000,9999.000,9999.000,9999.000,9999.000
202607141654,   1.126,   1.361,9999.000,9999.000,9999.000,9999.000,9999.000,9999.000,9999.000
202607141700,   1.101,   1.298,   0.300,  -0.103,   1.298,   0.300,   1.298,   0.300,   1.298
202607141706,   1.076,   1.279,9999.000,9999.000,9999.000,9999.000,9999.000,9999.000,9999.000
202607141712,   1.050,   1.259,9999.000,9999.000,9999.000,9999.000,9999.000,9999.000,9999.000
202607141718,   1.023,   1.220,9999.000,9999.000,9999.000,9999.000,9999.000,9999.000,9999.000
202607141724,   0.997,   1.190,9999.000,9999.000,9999.000,9999.000,9999.000,9999.000,9999.000
202607141730,   0.969,   1.161,9999.000,9999.000,9999.000,9999.000,9999.000,9999.000,9999.000
202607141736,   0.942,   1.138,9999.000,9999.000,9999.000,9999.000,9999.000,9999.000,9999.000
202607141742,   0.914,   1.108,9999.000,9999.000,9999.000,9999.000,9999.000,9999.000,9999.000
202607141748,   0.886,   1.079,9999.000,9999.000,9999.000,9999.000,9999.000,9999.000,9999.000
202607141754,   0.857,   1.059,9999.000,9999.000,9999.000,9999.000,9999.000,9999.000,9999.000
202607141800,   0.829,   1.010,   0.300,  -0.119,   1.010,   0.300,   1.010,   0.300,   1.010
202607141806,   0.801,   0.980,9999.000,9999.000,9999.000,9999.000,9999.000,9999.000,9999.000
202607141812,   0.772,   0.961,9999.000,9999.000,9999.000,9999.000,9999.000,9999.000,9999.000
202607141818,   0.743,   0.918,9999.000,9999.000,9999.000,9999.000,9999.000,9999.000,9999.000
202607141824,   0.715,   0.898,9999.000,9999.000,9999.000,9999.000,9999.000,9999.000,9999.000
202607141830,   0.686,   0.879,9999.000,9999.000,9999.000,9999.000,9999.000,9999.000,9999.000
202607141836,   0.658,   0.859,9999.000,9999.000,9999.000,9999.000,9999.000,9999.000,9999.000
202607141842,   0.630,   0.819,9999.000,9999.000,9999.000,9999.000,9999.000,9999.000,9999.000
202607141848,   0.601,   0.800,9999.000,9999.000,9999.000,9999.000,9999.000,9999.000,9999.000
202607141854,   0.573,   0.790,9999.000,9999.000,9999.000,9999.000,9999.000,9999.000,9999.000
202607141900,   0.545,   0.770,   0.300,  -0.075,   0.770,   0.200,   0.670,   0.300,   0.770
202607141906,   0.518,   0.741,9999.000,9999.000,9999.000,9999.000,9999.000,9999.000,9999.000
202607141912,   0.490,   0.718,9999.000,9999.000,9999.000,9999.000,9999.000,9999.000,9999.000
202607141918,   0.463,   0.698,9999.000,9999.000,9999.000,9999.000,9999.000,9999.000,9999.000
202607141924,   0.436,   0.669,9999.000,9999.000,9999.000,9999.000,9999.000,9999.000,9999.000
202607141930,   0.409,   0.649,9999.000,9999.000,9999.000,9999.000,9999.000,9999.000,9999.000
202607141936,   0.383,   0.619,9999.000,9999.000,9999.000,9999.000,9999.000,9999.000,9999.000
202607141942,   0.357,   0.590,9999.000,9999.000,9999.000,9999.000,9999.000,9999.000,9999.000
202607141948,   0.332,   0.580,9999.000,9999.000,9999.000,9999.000,9999.000,9999.000,9999.000
202607141954,   0.306,   0.570,9999.000,9999.000,9999.000,9999.000,9999.000,9999.000,9999.000
202607142000,   0.282,   0.560,   0.300,  -0.022,   0.560,   0.200,   0.460,   0.300,   0.560
202607142006,   0.257,   0.541,9999.000,9999.000,9999.000,9999.000,9999.000,9999.000,9999.000
202607142012,   0.233,   0.508,9999.000,9999.000,9999.000,9999.000,9999.000,9999.000,9999.000
202607142018,   0.210,   0.478,9999.000,9999.000,9999.000,9999.000,9999.000,9999.000,9999.000
202607142024,   0.187,   0.459,9999.000,9999.000,9999.000,9999.000,9999.000,9999.000,9999.000
202607142030,   0.165,   0.449,9999.000,9999.000,9999.000,9999.000,9999.000,9999.000,9999.000
202607142036,   0.144,   0.429,9999.000,9999.000,9999.000,9999.000,9999.000,9999.000,9999.000
202607142042,   0.123,   0.400,9999.000,9999.000,9999.000,9999.000,9999.000,9999.000,9999.000
202607142048,   0.103,   0.390,9999.000,9999.000,9999.000,9999.000,9999.000,9999.000,9999.000
202607142054,   0.085,   0.380,9999.000,9999.000,9999.000,9999.000,9999.000,9999.000,9999.000
202607142100,   0.067,   0.360,   0.200,   0.093,   0.360,   0.200,   0.360,   0.300,   0.460
202607142106,   0.050,   0.350,9999.000,9999.000,9999.000,9999.000,9999.000,9999.000,9999.000
202607142112,   0.034,   0.331,9999.000,9999.000,9999.000,9999.000,9999.000,9999.000,9999.000
202607142118,   0.019,   0.298,9999.000,9999.000,9999.000,9999.000,9999.000,9999.000,9999.000
202607142124,   0.006,   0.298,9999.000,9999.000,9999.000,9999.000,9999.000,9999.000,9999.000
202607142130,  -0.006,   0.298,9999.000,9999.000,9999.000,9999.000,9999.000,9999.000,9999.000
202607142136,  -0.016,   0.288,9999.000,9999.000,9999.000,9999.000,9999.000,9999.000,9999.000
202607142142,  -0.025,   0.288,9999.000,9999.000,9999.000,9999.000,9999.000,9999.000,9999.000
202607142148,  -0.032,   0.331,9999.000,9999.000,9999.000,9999.000,9999.000,9999.000,9999.000
202607142154,  -0.037,   0.331,9999.000,9999.000,9999.000,9999.000,9999.000,9999.000,9999.000
202607142200,  -0.041,   0.350,   0.200,   0.191,   0.350,   0.200,   0.350,   0.300,   0.450
202607142206,  -0.042,   0.360,9999.000,9999.000,9999.000,9999.000,9999.000,9999.000,9999.000
202607142212,  -0.041,   0.341,9999.000,9999.000,9999.000,9999.000,9999.000,9999.000,9999.000
202607142218,  -0.037,   0.380,9999.000,9999.000,9999.000,9999.000,9999.000,9999.000,9999.000
202607142224,  -0.031,   0.409,9999.000,9999.000,9999.000,9999.000,9999.000,9999.000,9999.000
202607142230,  -0.023,   0.439,9999.000,9999.000,9999.000,9999.000,9999.000,9999.000,9999.000
202607142236,  -0.011,   0.478,9999.000,9999.000,9999.000,9999.000,9999.000,9999.000,9999.000
202607142242,   0.002,   0.518,9999.000,9999.000,9999.000,9999.000,9999.000,9999.000,9999.000
202607142248,   0.020,   0.560,9999.000,9999.000,9999.000,9999.000,9999.000,9999.000,9999.000
202607142254,   0.040,   0.610,9999.000,9999.000,9999.000,9999.000,9999.000,9999.000,9999.000
202607142300,   0.064,   0.731,   0.200,   0.467,   0.731,   0.200,   0.731,   0.200,   0.731
202607142306,   0.090,   0.760,9999.000,9999.000,9999.000,9999.000,9999.000,9999.000,9999.000
202607142312,   0.120,   0.741,9999.000,9999.000,9999.000,9999.000,9999.000,9999.000,9999.000
202607142318,   0.154,   0.780,9999.000,9999.000,9999.000,9999.000,9999.000,9999.000,9999.000
202607142324,   0.190,   0.829,9999.000,9999.000,9999.000,9999.000,9999.000,9999.000,9999.000
202607142330,   0.229,   0.869,9999.000,9999.000,9999.000,9999.000,9999.000,9999.000,9999.000
202607142336,   0.272,   0.918,9999.000,9999.000,9999.000,9999.000,9999.000,9999.000,9999.000
202607142342,   0.317,   0.951,9999.000,9999.000,9999.000,9999.000,9999.000,9999.000,9999.000
202607142348,   0.364,   1.000,9999.000,9999.000,9999.000,9999.000,9999.000,9999.000,9999.000
202607142354,   0.414,   1.029,9999.000,9999.000,9999.000,9999.000,9999.000,9999.000,9999.000
202607150000,   0.466,   1.161,   0.200,   0.495,   1.161,   0.200,   1.161,   0.200,   1.161
202607150006,   0.519,   1.200,9999.000,9999.000,9999.000,9999.000,9999.000,9999.000,9999.000
202607150012,   0.574,   1.180,9999.000,9999.000,9999.000,9999.000,9999.000,9999.000,9999.000
202607150018,   0.630,   1.229,9999.000,9999.000,9999.000,9999.000,9999.000,9999.000,9999.000
202607150024,   0.686,   1.269,9999.000,9999.000,9999.000,9999.000,9999.000,9999.000,9999.000
202607150030,   0.743,   1.318,9999.000,9999.000,9999.000,9999.000,9999.000,9999.000,9999.000
202607150036,   0.800,   1.371,9999.000,9999.000,9999.000,9999.000,9999.000,9999.000,9999.000
202607150042,   0.856,   1.420,9999.000,9999.000,9999.000,9999.000,9999.000,9999.000,9999.000
202607150048,   0.912,   1.459,9999.000,9999.000,9999.000,9999.000,9999.000,9999.000,9999.000
202607150054,   0.966,   1.508,9999.000,9999.000,9999.000,9999.000,9999.000,9999.000,9999.000
202607150100,   1.020,   1.630,   0.200,   0.410,   1.630,   0.100,   1.530,   0.200,   1.630
202607150106,   1.072,   1.679,9999.000,9999.000,9999.000,9999.000,9999.000,9999.000,9999.000
202607150112,   1.123,   1.659,9999.000,9999.000,9999.000,9999.000,9999.000,9999.000,9999.000
202607150118,   1.172,   1.699,9999.000,9999.000,9999.000,9999.000,9999.000,9999.000,9999.000
202607150124,   1.220,   1.748,9999.000,9999.000,9999.000,9999.000,9999.000,9999.000,9999.000
202607150130,   1.265,   1.810,9999.000,9999.000,9999.000,9999.000,9999.000,9999.000,9999.000
202607150136,   1.308,   1.830,9999.000,9999.000,9999.000,9999.000,9999.000,9999.000,9999.000
202607150142,   1.350,   1.869,9999.000,9999.000,9999.000,9999.000,9999.000,9999.000,9999.000
202607150148,   1.389,   1.908,9999.000,9999.000,9999.000,9999.000,9999.000,9999.000,9999.000
202607150154,   1.426,   1.948,9999.000,9999.000,9999.000,9999.000,9999.000,9999.000,9999.000
202607150200,   1.461,   2.020,   0.200,   0.359,   2.020,   0.100,   1.920,   0.200,   2.020
202607150206,   1.493,   2.079,9999.000,9999.000,9999.000,9999.000,9999.000,9999.000,9999.000
202607150212,   1.523,   2.059,9999.000,9999.000,9999.000,9999.000,9999.000,9999.000,9999.000
202607150218,   1.551,   2.089,9999.000,9999.000,9999.000,9999.000,9999.000,9999.000,9999.000
202607150224,   1.576,   2.099,9999.000,9999.000,9999.000,9999.000,9999.000,9999.000,9999.000
202607150230,   1.599,   2.128,9999.000,9999.000,9999.000,9999.000,9999.000,9999.000,9999.000
202607150236,   1.619,   2.158,9999.000,9999.000,9999.000,9999.000,9999.000,9999.000,9999.000
202607150242,   1.638,   2.191,9999.000,9999.000,9999.000,9999.000,9999.000,9999.000,9999.000
202607150248,   1.653,   2.200,9999.000,9999.000,9999.000,9999.000,9999.000,9999.000,9999.000
202607150254,   1.666,   2.279,9999.000,9999.000,9999.000,9999.000,9999.000,9999.000,9999.000
202607150300,   1.677,   2.289,   0.100,   0.512,   2.289,   0.100,   2.289,   0.200,   2.389
202607150306,   1.686,   2.318,9999.000,9999.000,9999.000,9999.000,9999.000,9999.000,9999.000
202607150312,   1.692,   2.299,9999.000,9999.000,9999.000,9999.000,9999.000,9999.000,9999.000
202607150318,   1.696,   2.309,9999.000,9999.000,9999.000,9999.000,9999.000,9999.000,9999.000
202607150324,   1.698,   2.328,9999.000,9999.000,9999.000,9999.000,9999.000,9999.000,9999.000
202607150330,   1.697,   2.318,9999.000,9999.000,9999.000,9999.000,9999.000,9999.000,9999.000
202607150336,   1.694,   2.328,9999.000,9999.000,9999.000,9999.000,9999.000,9999.000,9999.000
202607150342,   1.690,   2.348,9999.000,9999.000,9999.000,9999.000,9999.000,9999.000,9999.000
202607150348,   1.683,   2.338,9999.000,9999.000,9999.000,9999.000,9999.000,9999.000,9999.000
202607150354,   1.674,   2.338,9999.000,9999.000,9999.000,9999.000,9999.000,9999.000,9999.000
202607150400,   1.664,   2.328,   0.100,   0.564,   2.328,   0.100,   2.328,   0.100,   2.328
202607150406,   1.652,   2.309,9999.000,9999.000,9999.000,9999.000,9999.000,9999.000,9999.000
202607150412,   1.638,   2.289,9999.000,9999.000,9999.000,9999.000,9999.000,9999.000,9999.000
202607150418,   1.622,   2.259,9999.000,9999.000,9999.000,9999.000,9999.000,9999.000,9999.000
202607150424,   1.605,   2.230,9999.000,9999.000,9999.000,9999.000,9999.000,9999.000,9999.000
202607150430,   1.587,   2.191,9999.000,9999.000,9999.000,9999.000,9999.000,9999.000,9999.000
202607150436,   1.567,   2.148,9999.000,9999.000,9999.000,9999.000,9999.000,9999.000,9999.000
202607150442,   1.545,   2.128,9999.000,9999.000,9999.000,9999.000,9999.000,9999.000,9999.000
202607150448,   1.523,   2.089,9999.000,9999.000,9999.000,9999.000,9999.000,9999.000,9999.000
202607150454,   1.499,   2.040,9999.000,9999.000,9999.000,9999.000,9999.000,9999.000,9999.000
202607150500,   1.475,   1.990,   0.100,   0.415,   1.990,   0.000,   1.890,   0.100,   1.990
202607150506,   1.449,   1.948,9999.000,9999.000,9999.000,9999.000,9999.000,9999.000,9999.000
202607150512,   1.422,   1.928,9999.000,9999.000,9999.000,9999.000,9999.000,9999.000,9999.000
202607150518,   1.395,   1.899,9999.000,9999.000,9999.000,9999.000,9999.000,9999.000,9999.000
202607150524,   1.367,   1.859,9999.000,9999.000,9999.000,9999.000,9999.000,9999.000,9999.000
202607150530,   1.338,   1.830,9999.000,9999.000,9999.000,9999.000,9999.000,9999.000,9999.000
202607150536,   1.309,   1.781,9999.000,9999.000,9999.000,9999.000,9999.000,9999.000,9999.000
202607150542,   1.278,   1.748,9999.000,9999.000,9999.000,9999.000,9999.000,9999.000,9999.000
202607150548,   1.248,   1.728,9999.000,9999.000,9999.000,9999.000,9999.000,9999.000,9999.000
202607150554,   1.217,   1.679,9999.000,9999.000,9999.000,9999.000,9999.000,9999.000,9999.000
202607150600,   1.185,   1.610,   0.100,   0.325,   1.610,   0.000,   1.510,   0.100,   1.610
202607150606,   1.153,   1.580,9999.000,9999.000,9999.000,9999.000,9999.000,9999.000,9999.000
202607150612,   1.121,   1.557,9999.000,9999.000,9999.000,9999.000,9999.000,9999.000,9999.000
202607150618,   1.089,   1.518,9999.000,9999.000,9999.000,9999.000,9999.000,9999.000,9999.000
202607150624,   1.056,   1.479,9999.000,9999.000,9999.000,9999.000,9999.000,9999.000,9999.000
202607150630,   1.023,   1.439,9999.000,9999.000,9999.000,9999.000,9999.000,9999.000,9999.000
202607150636,   0.990,   1.400,9999.000,9999.000,9999.000,9999.000,9999.000,9999.000,9999.000
202607150642,   0.957,   1.361,9999.000,9999.000,9999.000,9999.000,9999.000,9999.000,9999.000
202607150648,   0.924,   1.318,9999.000,9999.000,9999.000,9999.000,9999.000,9999.000,9999.000
202607150654,   0.891,   1.298,9999.000,9999.000,9999.000,9999.000,9999.000,9999.000,9999.000
202607150700,   0.857,   1.249,   0.100,   0.292,   1.249,   0.000,   1.149,   0.100,   1.249
202607150706,   0.824,   1.220,9999.000,9999.000,9999.000,9999.000,9999.000,9999.000,9999.000
202607150712,   0.790,   1.210,9999.000,9999.000,9999.000,9999.000,9999.000,9999.000,9999.000
202607150718,   0.757,   1.170,9999.000,9999.000,9999.000,9999.000,9999.000,9999.000,9999.000
202607150724,   0.724,   1.138,9999.000,9999.000,9999.000,9999.000,9999.000,9999.000,9999.000
202607150730,   0.690,   1.118,9999.000,9999.000,9999.000,9999.000,9999.000,9999.000,9999.000
202607150736,   0.657,   1.088,9999.000,9999.000,9999.000,9999.000,9999.000,9999.000,9999.000
202607150742,   0.624,   1.069,9999.000,9999.000,9999.000,9999.000,9999.000,9999.000,9999.000
202607150748,   0.591,   1.049,9999.000,9999.000,9999.000,9999.000,9999.000,9999.000,9999.000
202607150754,   0.559,   1.020,9999.000,9999.000,9999.000,9999.000,9999.000,9999.000,9999.000
202607150800,   0.526,   0.990,   0.100,   0.364,   0.990,   0.000,   0.890,   0.100,   0.990
202607150806,   0.493,   0.970,9999.000,9999.000,9999.000,9999.000,9999.000,9999.000,9999.000
202607150812,   0.461,   0.951,9999.000,9999.000,9999.000,9999.000,9999.000,9999.000,9999.000
202607150818,   0.429,   0.928,9999.000,9999.000,9999.000,9999.000,9999.000,9999.000,9999.000
202607150824,   0.398,   0.898,9999.000,9999.000,9999.000,9999.000,9999.000,9999.000,9999.000
202607150830,   0.366,   0.879,9999.000,9999.000,9999.000,9999.000,9999.000,9999.000,9999.000
202607150836,   0.335,   0.849,9999.000,9999.000,9999.000,9999.000,9999.000,9999.000,9999.000
202607150842,   0.304,   0.839,9999.000,9999.000,9999.000,9999.000,9999.000,9999.000,9999.000
202607150848,   0.274,   0.810,9999.000,9999.000,9999.000,9999.000,9999.000,9999.000,9999.000
202607150854,   0.244,   0.790,9999.000,9999.000,9999.000,9999.000,9999.000,9999.000,9999.000
202607150900,   0.215,   0.760,   0.100,   0.445,   0.760,   0.000,   0.660,   0.100,   0.760
202607150906,   0.186,   0.741,9999.000,9999.000,9999.000,9999.000,9999.000,9999.000,9999.000
202607150912,   0.158,   0.718,9999.000,9999.000,9999.000,9999.000,9999.000,9999.000,9999.000
202607150918,   0.131,   0.678,9999.000,9999.000,9999.000,9999.000,9999.000,9999.000,9999.000
202607150924,   0.104,   0.669,9999.000,9999.000,9999.000,9999.000,9999.000,9999.000,9999.000
202607150930,   0.078,   0.639,9999.000,9999.000,9999.000,9999.000,9999.000,9999.000,9999.000
202607150936,   0.053,   0.619,9999.000,9999.000,9999.000,9999.000,9999.000,9999.000,9999.000
202607150942,   0.030,   0.600,9999.000,9999.000,9999.000,9999.000,9999.000,9999.000,9999.000
202607150948,   0.007,   0.580,9999.000,9999.000,9999.000,9999.000,9999.000,9999.000,9999.000
202607150954,  -0.014,   0.551,9999.000,9999.000,9999.000,9999.000,9999.000,9999.000,9999.000
202607151000,  -0.034,   0.531,   0.100,   0.465,   0.531,   0.000,   0.431,   0.100,   0.531
202607151006,  -0.053,   0.508,9999.000,9999.000,9999.000,9999.000,9999.000,9999.000,9999.000
202607151012,  -0.071,   0.488,9999.000,9999.000,9999.000,9999.000,9999.000,9999.000,9999.000
202607151018,  -0.086,   0.478,9999.000,9999.000,9999.000,9999.000,9999.000,9999.000,9999.000
202607151024,  -0.101,   0.459,9999.000,9999.000,9999.000,9999.000,9999.000,9999.000,9999.000
202607151030,  -0.113,   0.449,9999.000,9999.000,9999.000,9999.000,9999.000,9999.000,9999.000
202607151036,  -0.123,   0.439,9999.000,9999.000,9999.000,9999.000,9999.000,9999.000,9999.000
202607151042,  -0.132,   0.429,9999.000,9999.000,9999.000,9999.000,9999.000,9999.000,9999.000
202607151048,  -0.138,   0.409,9999.000,9999.000,9999.000,9999.000,9999.000,9999.000,9999.000
202607151054,  -0.142,   0.409,9999.000,9999.000,9999.000,9999.000,9999.000,9999.000,9999.000
202607151100,  -0.143,   0.390,   0.000,   0.533,   0.390,   0.000,   0.390,   0.100,   0.490
202607151106,  -0.142,   0.390,9999.000,9999.000,9999.000,9999.000,9999.000,9999.000,9999.000
202607151112,  -0.138,   0.370,9999.000,9999.000,9999.000,9999.000,9999.000,9999.000,9999.000
202607151118,  -0.132,   0.370,9999.000,9999.000,9999.000,9999.000,9999.000,9999.000,9999.000
202607151124,  -0.123,   0.380,9999.000,9999.000,9999.000,9999.000,9999.000,9999.000,9999.000
202607151130,  -0.110,   0.370,9999.000,9999.000,9999.000,9999.000,9999.000,9999.000,9999.000
202607151136,  -0.095,   0.380,9999.000,9999.000,9999.000,9999.000,9999.000,9999.000,9999.000
202607151142,  -0.076,   0.390,9999.000,9999.000,9999.000,9999.000,9999.000,9999.000,9999.000
202607151148,  -0.055,   0.409,9999.000,9999.000,9999.000,9999.000,9999.000,9999.000,9999.000
202607151154,  -0.030,   0.478,9999.000,9999.000,9999.000,9999.000,9999.000,9999.000,9999.000
202607151200,  -0.002,   0.508,   0.000,   0.510,   0.508,   0.000,   0.508,   0.100,   0.608
202607151206,   0.028,   0.531,9999.000,9999.000,9999.000,9999.000,9999.000,9999.000,9999.000
202607151212,   0.063,   0.508,9999.000,9999.000,9999.000,9999.000,9999.000,9999.000,9999.000
202607151218,   0.100,   0.551,9999.000,9999.000,9999.000,9999.000,9999.000,9999.000,9999.000
202607151224,   0.140,   0.580,9999.000,9999.000,9999.000,9999.000,9999.000,9999.000,9999.000
202607151230,   0.182,   0.629,9999.000,9999.000,9999.000,9999.000,9999.000,9999.000,9999.000
202607151236,   0.227,   0.669,9999.000,9999.000,9999.000,9999.000,9999.000,9999.000,9999.000
202607151242,   0.274,   0.698,9999.000,9999.000,9999.000,9999.000,9999.000,9999.000,9999.000
202607151248,   0.323,   0.741,9999.000,9999.000,9999.000,9999.000,9999.000,9999.000,9999.000
202607151254,   0.373,   0.839,9999.000,9999.000,9999.000,9999.000,9999.000,9999.000,9999.000
202607151300,   0.424,   0.879,   0.000,   0.455,   0.879,   0.000,   0.879,   0.100,   0.979
202607151306,   0.476,   0.918,9999.000,9999.000,9999.000,9999.000,9999.000,9999.000,9999.000
202607151312,   0.528,   0.898,9999.000,9999.000,9999.000,9999.000,9999.000,9999.000,9999.000
202607151318,   0.581,   0.941,9999.000,9999.000,9999.000,9999.000,9999.000,9999.000,9999.000
202607151324,   0.634,   0.990,9999.000,9999.000,9999.000,9999.000,9999.000,9999.000,9999.000
202607151330,   0.686,   1.029,9999.000,9999.000,9999.000,9999.000,9999.000,9999.000,9999.000
202607151336,   0.737,   1.079,9999.000,9999.000,9999.000,9999.000,9999.000,9999.000,9999.000
202607151342,   0.788,   1.108,9999.000,9999.000,9999.000,9999.000,9999.000,9999.000,9999.000
202607151348,   0.838,   1.161,9999.000,9999.000,9999.000,9999.000,9999.000,9999.000,9999.000
202607151354,   0.886,   1.190,9999.000,9999.000,9999.000,9999.000,9999.000,9999.000,9999.000
202607151400,   0.933,   1.289,   0.000,   0.356,   1.289,   0.000,   1.289,   0.100,   1.389
202607151406,   0.978,   1.318,9999.000,9999.000,9999.000,9999.000,9999.000,9999.000,9999.000
202607151412,   1.021,   1.298,9999.000,9999.000,9999.000,9999.000,9999.000,9999.000,9999.000
202607151418,   1.063,   1.328,9999.000,9999.000,9999.000,9999.000,9999.000,9999.000,9999.000
202607151424,   1.103,   1.371,9999.000,9999.000,9999.000,9999.000,9999.000,9999.000,9999.000
202607151430,   1.140,   1.390,9999.000,9999.000,9999.000,9999.000,9999.000,9999.000,9999.000
202607151436,   1.176,   1.430,9999.000,9999.000,9999.000,9999.000,9999.000,9999.000,9999.000
202607151442,   1.209,   1.449,9999.000,9999.000,9999.000,9999.000,9999.000,9999.000,9999.000
202607151448,   1.240,   1.479,9999.000,9999.000,9999.000,9999.000,9999.000,9999.000,9999.000
202607151454,   1.268,   1.508,9999.000,9999.000,9999.000,9999.000,9999.000,9999.000,9999.000
202607151500,   1.294,   1.557,   0.000,   0.263,   1.557,   0.000,   1.557,   0.100,   1.657
202607151506,   1.318,   1.590,9999.000,9999.000,9999.000,9999.000,9999.000,9999.000,9999.000
202607151512,   1.339,   1.571,9999.000,9999.000,9999.000,9999.000,9999.000,9999.000,9999.000
202607151518,   1.358,   1.590,9999.000,9999.000,9999.000,9999.000,9999.000,9999.000,9999.000
202607151524,   1.374,   1.610,9999.000,9999.000,9999.000,9999.000,9999.000,9999.000,9999.000
202607151530,   1.388,   1.620,9999.000,9999.000,9999.000,9999.000,9999.000,9999.000,9999.000
202607151536,   1.399,   1.630,9999.000,9999.000,9999.000,9999.000,9999.000,9999.000,9999.000
202607151542,   1.408,   1.639,9999.000,9999.000,9999.000,9999.000,9999.000,9999.000,9999.000
202607151548,   1.415,   1.649,9999.000,9999.000,9999.000,9999.000,9999.000,9999.000,9999.000
202607151554,   1.419,   1.669,9999.000,9999.000,9999.000,9999.000,9999.000,9999.000,9999.000
202607151600,   1.421,   1.699,   0.100,   0.178,   1.699,   0.000,   1.599,   0.100,   1.699
202607151606,   1.421,   1.689,9999.000,9999.000,9999.000,9999.000,9999.000,9999.000,9999.000
202607151612,   1.419,   1.669,9999.000,9999.000,9999.000,9999.000,9999.000,9999.000,9999.000
202607151618,   1.414,   1.649,9999.000,9999.000,9999.000,9999.000,9999.000,9999.000,9999.000
202607151624,   1.408,   1.659,9999.000,9999.000,9999.000,9999.000,9999.000,9999.000,9999.000
202607151630,   1.400,   1.659,9999.000,9999.000,9999.000,9999.000,9999.000,9999.000,9999.000
202607151636,   1.390,   1.649,9999.000,9999.000,9999.000,9999.000,9999.000,9999.000,9999.000
202607151642,   1.378,   1.600,9999.000,9999.000,9999.000,9999.000,9999.000,9999.000,9999.000
202607151648,   1.365,   1.571,9999.000,9999.000,9999.000,9999.000,9999.000,9999.000,9999.000
202607151654,   1.350,   1.538,9999.000,9999.000,9999.000,9999.000,9999.000,9999.000,9999.000
202607151700,   1.334,   1.498,   0.100,   0.064,   1.498,   0.000,   1.398,   0.100,   1.498
202607151706,   1.317,   1.459,9999.000,9999.000,9999.000,9999.000,9999.000,9999.000,9999.000
202607151712,   1.298,   1.439,9999.000,9999.000,9999.000,9999.000,9999.000,9999.000,9999.000
202607151718,   1.278,   1.400,9999.000,9999.000,9999.000,9999.000,9999.000,9999.000,9999.000
202607151724,   1.257,   1.371,9999.000,9999.000,9999.000,9999.000,9999.000,9999.000,9999.000
202607151730,   1.235,   1.338,9999.000,9999.000,9999.000,9999.000,9999.000,9999.000,9999.000
202607151736,   1.213,   1.289,9999.000,9999.000,9999.000,9999.000,9999.000,9999.000,9999.000
202607151742,   1.189,   1.269,9999.000,9999.000,9999.000,9999.000,9999.000,9999.000,9999.000
202607151748,   1.165,   1.229,9999.000,9999.000,9999.000,9999.000,9999.000,9999.000,9999.000
202607151754,   1.140,   1.170,9999.000,9999.000,9999.000,9999.000,9999.000,9999.000,9999.000
202607151800,   1.114,   1.151,   0.100,  -0.063,   1.151,   0.000,   1.051,   0.100,   1.151
202607151806,   1.088,   1.108,9999.000,9999.000,9999.000,9999.000,9999.000,9999.000,9999.000
202607151812,   1.061,   1.088,9999.000,9999.000,9999.000,9999.000,9999.000,9999.000,9999.000
202607151818,   1.034,   1.059,9999.000,9999.000,9999.000,9999.000,9999.000,9999.000,9999.000
202607151824,   1.006,   1.039,9999.000,9999.000,9999.000,9999.000,9999.000,9999.000,9999.000
202607151830,   0.978,   0.990,9999.000,9999.000,9999.000,9999.000,9999.000,9999.000,9999.000
202607151836,   0.950,   0.961,9999.000,9999.000,9999.000,9999.000,9999.000,9999.000,9999.000
202607151842,   0.922,   0.941,9999.000,9999.000,9999.000,9999.000,9999.000,9999.000,9999.000
202607151848,   0.893,   0.908,9999.000,9999.000,9999.000,9999.000,9999.000,9999.000,9999.000
202607151854,   0.864,   0.888,9999.000,9999.000,9999.000,9999.000,9999.000,9999.000,9999.000
202607151900,   0.836,   0.859,   0.100,  -0.077,   0.859,   0.100,   0.859,   0.100,   0.859
202607151906,   0.807,   0.849,9999.000,9999.000,9999.000,9999.000,9999.000,9999.000,9999.000
202607151912,   0.778,   0.829,9999.000,9999.000,9999.000,9999.000,9999.000,9999.000,9999.000
202607151918,   0.749,   0.790,9999.000,9999.000,9999.000,9999.000,9999.000,9999.000,9999.000
202607151924,   0.720,   0.770,9999.000,9999.000,9999.000,9999.000,9999.000,9999.000,9999.000
202607151930,   0.691,   0.741,9999.000,9999.000,9999.000,9999.000,9999.000,9999.000,9999.000
202607151936,   0.662,   0.718,9999.000,9999.000,9999.000,9999.000,9999.000,9999.000,9999.000
202607151942,   0.633,   0.698,9999.000,9999.000,9999.000,9999.000,9999.000,9999.000,9999.000
202607151948,   0.604,   0.678,9999.000,9999.000,9999.000,9999.000,9999.000,9999.000,9999.000
202607151954,   0.576,   0.659,9999.000,9999.000,9999.000,9999.000,9999.000,9999.000,9999.000
202607152000,   0.547,   0.649,   0.100,   0.002,   0.649,   0.100,   0.649,   0.100,   0.649
202607152006,   0.519,   0.629,9999.000,9999.000,9999.000,9999.000,9999.000,9999.000,9999.000
202607152012,   0.491,   0.590,9999.000,9999.000,9999.000,9999.000,9999.000,9999.000,9999.000
202607152018,   0.463,   0.590,9999.000,9999.000,9999.000,9999.000,9999.000,9999.000,9999.000
202607152024,   0.436,   0.560,9999.000,9999.000,9999.000,9999.000,9999.000,9999.000,9999.000
202607152030,   0.408,   0.560,9999.000,9999.000,9999.000,9999.000,9999.000,9999.000,9999.000
202607152036,   0.381,   0.541,9999.000,9999.000,9999.000,9999.000,9999.000,9999.000,9999.000
202607152042,   0.355,   0.518,9999.000,9999.000,9999.000,9999.000,9999.000,9999.000,9999.000
202607152048,   0.329,   0.498,9999.000,9999.000,9999.000,9999.000,9999.000,9999.000,9999.000
202607152054,   0.303,   0.488,9999.000,9999.000,9999.000,9999.000,9999.000,9999.000,9999.000
202607152100,   0.277,   0.459,   0.100,   0.082,   0.459,   0.100,   0.459,   0.100,   0.459
202607152106,   0.252,   0.439,9999.000,9999.000,9999.000,9999.000,9999.000,9999.000,9999.000
202607152112,   0.228,   0.419,9999.000,9999.000,9999.000,9999.000,9999.000,9999.000,9999.000
202607152118,   0.204,   0.400,9999.000,9999.000,9999.000,9999.000,9999.000,9999.000,9999.000
202607152124,   0.181,   0.380,9999.000,9999.000,9999.000,9999.000,9999.000,9999.000,9999.000
202607152130,   0.158,   0.370,9999.000,9999.000,9999.000,9999.000,9999.000,9999.000,9999.000
202607152136,   0.136,   0.341,9999.000,9999.000,9999.000,9999.000,9999.000,9999.000,9999.000
202607152142,   0.115,   0.331,9999.000,9999.000,9999.000,9999.000,9999.000,9999.000,9999.000
202607152148,   0.095,   0.308,9999.000,9999.000,9999.000,9999.000,9999.000,9999.000,9999.000
202607152154,   0.076,   0.298,9999.000,9999.000,9999.000,9999.000,9999.000,9999.000,9999.000
202607152200,   0.057,   0.298,   0.100,   0.141,   0.298,   0.100,   0.298,   0.200,   0.398
202607152206,   0.040,   0.278,9999.000,9999.000,9999.000,9999.000,9999.000,9999.000,9999.000
202607152212,   0.024,   0.278,9999.000,9999.000,9999.000,9999.000,9999.000,9999.000,9999.000
202607152218,   0.010,   0.259,9999.000,9999.000,9999.000,9999.000,9999.000,9999.000,9999.000
202607152224,  -0.002,   0.249,9999.000,9999.000,9999.000,9999.000,9999.000,9999.000,9999.000
202607152230,  -0.014,   0.259,9999.000,9999.000,9999.000,9999.000,9999.000,9999.000,9999.000
202607152236,  -0.024,   0.249,9999.000,9999.000,9999.000,9999.000,9999.000,9999.000,9999.000
202607152242,  -0.032,   0.259,9999.000,9999.000,9999.000,9999.000,9999.000,9999.000,9999.000
202607152248,  -0.038,   0.288,9999.000,9999.000,9999.000,9999.000,9999.000,9999.000,9999.000
202607152254,  -0.042,   0.308,9999.000,9999.000,9999.000,9999.000,9999.000,9999.000,9999.000
202607152300,  -0.044,   0.331,   0.100,   0.275,   0.331,   0.100,   0.331,   0.200,   0.431
202607152306,  -0.044,   0.380,9999.000,9999.000,9999.000,9999.000,9999.000,9999.000,9999.000
202607152312,  -0.041,   0.419,9999.000,9999.000,9999.000,9999.000,9999.000,9999.000,9999.000
202607152318,  -0.035,   0.439,9999.000,9999.000,9999.000,9999.000,9999.000,9999.000,9999.000
202607152324,  -0.027,   0.478,9999.000,9999.000,9999.000,9999.000,9999.000,9999.000,9999.000
202607152330,  -0.016,   0.541,9999.000,9999.000,9999.000,9999.000,9999.000,9999.000,9999.000
202607152336,  -0.002,   0.600,9999.000,9999.000,9999.000,9999.000,9999.000,9999.000,9999.000
202607152342,   0.015,   0.659,9999.000,9999.000,9999.000,9999.000,9999.000,9999.000,9999.000
202607152348,   0.036,   0.718,9999.000,9999.000,9999.000,9999.000,9999.000,9999.000,9999.000
202607152354,   0.059,   0.751,9999.000,9999.000,9999.000,9999.000,9999.000,9999.000,9999.000
202607160000,   0.087,   0.800,   0.200,   0.513,   0.800,   0.200,   0.800,   0.200,   0.800
202607160006,   0.117,   0.829,9999.000,9999.000,9999.000,9999.000,9999.000,9999.000,9999.000
202607160012,   0.151,   0.869,9999.000,9999.000,9999.000,9999.000,9999.000,9999.000,9999.000
202607160018,   0.188,   0.928,9999.000,9999.000,9999.000,9999.000,9999.000,9999.000,9999.000
202607160024,   0.229,   0.951,9999.000,9999.000,9999.000,9999.000,9999.000,9999.000,9999.000
202607160030,   0.272,   1.000,9999.000,9999.000,9999.000,9999.000,9999.000,9999.000,9999.000
202607160036,   0.318,   1.039,9999.000,9999.000,9999.000,9999.000,9999.000,9999.000,9999.000
202607160042,   0.367,   1.079,9999.000,9999.000,9999.000,9999.000,9999.000,9999.000,9999.000
202607160048,   0.417,   1.151,9999.000,9999.000,9999.000,9999.000,9999.000,9999.000,9999.000
202607160054,   0.470,   1.210,9999.000,9999.000,9999.000,9999.000,9999.000,9999.000,9999.000
202607160100,   0.524,   1.249,   0.200,   0.525,   1.249,   0.200,   1.249,   0.200,   1.249
202607160106,   0.580,   1.279,9999.000,9999.000,9999.000,9999.000,9999.000,9999.000,9999.000
202607160112,   0.636,   1.338,9999.000,9999.000,9999.000,9999.000,9999.000,9999.000,9999.000
202607160118,   0.692,   1.410,9999.000,9999.000,9999.000,9999.000,9999.000,9999.000,9999.000
202607160124,   0.749,   1.479,9999.000,9999.000,9999.000,9999.000,9999.000,9999.000,9999.000
202607160130,   0.806,   1.518,9999.000,9999.000,9999.000,9999.000,9999.000,9999.000,9999.000
202607160136,   0.861,   1.580,9999.000,9999.000,9999.000,9999.000,9999.000,9999.000,9999.000
202607160142,   0.916,   1.630,9999.000,9999.000,9999.000,9999.000,9999.000,9999.000,9999.000
202607160148,   0.970,   1.679,9999.000,9999.000,9999.000,9999.000,9999.000,9999.000,9999.000
202607160154,   1.023,   1.728,9999.000,9999.000,9999.000,9999.000,9999.000,9999.000,9999.000
202607160200,   1.074,   1.800,   0.200,   0.526,   1.800,   0.200,   1.800,   0.200,   1.800
202607160206,   1.123,   1.840,9999.000,9999.000,9999.000,9999.000,9999.000,9999.000,9999.000
202607160212,   1.171,   1.889,9999.000,9999.000,9999.000,9999.000,9999.000,9999.000,9999.000
202607160218,   1.216,   1.938,9999.000,9999.000,9999.000,9999.000,9999.000,9999.000,9999.000
202607160224,   1.260,   2.000,9999.000,9999.000,9999.000,9999.000,9999.000,9999.000,9999.000
202607160230,   1.302,   2.049,9999.000,9999.000,9999.000,9999.000,9999.000,9999.000,9999.000
202607160236,   1.341,   2.079,9999.000,9999.000,9999.000,9999.000,9999.000,9999.000,9999.000
202607160242,   1.379,   2.118,9999.000,9999.000,9999.000,9999.000,9999.000,9999.000,9999.000
202607160248,   1.414,   2.168,9999.000,9999.000,9999.000,9999.000,9999.000,9999.000,9999.000
202607160254,   1.447,   2.200,9999.000,9999.000,9999.000,9999.000,9999.000,9999.000,9999.000
202607160300,   1.477,   2.230,   0.200,   0.553,   2.230,   0.200,   2.230,   0.200,   2.230
202607160306,   1.506,   2.269,9999.000,9999.000,9999.000,9999.000,9999.000,9999.000,9999.000
202607160312,   1.532,   2.289,9999.000,9999.000,9999.000,9999.000,9999.000,9999.000,9999.000
202607160318,   1.556,   2.318,9999.000,9999.000,9999.000,9999.000,9999.000,9999.000,9999.000
202607160324,   1.577,   2.338,9999.000,9999.000,9999.000,9999.000,9999.000,9999.000,9999.000
202607160330,   1.596,   2.368,9999.000,9999.000,9999.000,9999.000,9999.000,9999.000,9999.000
202607160336,   1.613,   2.387,9999.000,9999.000,9999.000,9999.000,9999.000,9999.000,9999.000
202607160342,   1.627,   2.420,9999.000,9999.000,9999.000,9999.000,9999.000,9999.000,9999.000
202607160348,   1.639,   2.430,9999.000,9999.000,9999.000,9999.000,9999.000,9999.000,9999.000
202607160354,   1.649,   2.459,9999.000,9999.000,9999.000,9999.000,9999.000,9999.000,9999.000
202607160400,   1.657,   2.459,   0.200,   0.602,   2.459,   0.200,   2.459,   0.200,   2.459
202607160406,   1.662,   2.459,9999.000,9999.000,9999.000,9999.000,9999.000,9999.000,9999.000
202607160412,   1.665,   2.479,9999.000,9999.000,9999.000,9999.000,9999.000,9999.000,9999.000
202607160418,   1.666,   2.489,9999.000,9999.000,9999.000,9999.000,9999.000,9999.000,9999.000
202607160424,   1.665,   2.499,9999.000,9999.000,9999.000,9999.000,9999.000,9999.000,9999.000
202607160430,   1.661,   2.509,9999.000,9999.000,9999.000,9999.000,9999.000,9999.000,9999.000
202607160436,   1.656,   2.528,9999.000,9999.000,9999.000,9999.000,9999.000,9999.000,9999.000
202607160442,   1.649,   2.519,9999.000,9999.000,9999.000,9999.000,9999.000,9999.000,9999.000
202607160448,   1.640,   2.528,9999.000,9999.000,9999.000,9999.000,9999.000,9999.000,9999.000
202607160454,   1.629,   2.538,9999.000,9999.000,9999.000,9999.000,9999.000,9999.000,9999.000
202607160500,   1.616,   2.519,   0.200,   0.703,   2.519,   0.200,   2.519,   0.200,   2.519
202607160506,   1.602,   2.499,9999.000,9999.000,9999.000,9999.000,9999.000,9999.000,9999.000
202607160512,   1.586,   2.479,9999.000,9999.000,9999.000,9999.000,9999.000,9999.000,9999.000
202607160518,   1.569,   2.459,9999.000,9999.000,9999.000,9999.000,9999.000,9999.000,9999.000
202607160524,   1.550,   2.440,9999.000,9999.000,9999.000,9999.000,9999.000,9999.000,9999.000
202607160530,   1.530,   2.400,9999.000,9999.000,9999.000,9999.000,9999.000,9999.000,9999.000
202607160536,   1.509,   2.368,9999.000,9999.000,9999.000,9999.000,9999.000,9999.000,9999.000
202607160542,   1.487,   2.338,9999.000,9999.000,9999.000,9999.000,9999.000,9999.000,9999.000
202607160548,   1.463,   2.299,9999.000,9999.000,9999.000,9999.000,9999.000,9999.000,9999.000
202607160554,   1.438,   2.259,9999.000,9999.000,9999.000,9999.000,9999.000,9999.000,9999.000
202607160600,   1.413,   2.210,   0.200,   0.597,   2.210,   0.200,   2.210,   0.300,   2.310
202607160606,   1.386,   2.168,9999.000,9999.000,9999.000,9999.000,9999.000,9999.000,9999.000
202607160612,   1.359,   2.138,9999.000,9999.000,9999.000,9999.000,9999.000,9999.000,9999.000
202607160618,   1.331,   2.089,9999.000,9999.000,9999.000,9999.000,9999.000,9999.000,9999.000
202607160624,   1.302,   2.040,9999.000,9999.000,9999.000,9999.000,9999.000,9999.000,9999.000
202607160630,   1.273,   1.967,9999.000,9999.000,9999.000,9999.000,9999.000,9999.000,9999.000
202607160636,   1.243,   1.928,9999.000,9999.000,9999.000,9999.000,9999.000,9999.000,9999.000
202607160642,   1.213,   1.879,9999.000,9999.000,9999.000,9999.000,9999.000,9999.000,9999.000
202607160648,   1.182,   1.849,9999.000,9999.000,9999.000,9999.000,9999.000,9999.000,9999.000
202607160654,   1.151,   1.800,9999.000,9999.000,9999.000,9999.000,9999.000,9999.000,9999.000
202607160700,   1.119,   1.758,   0.300,   0.339,   1.758,   0.200,   1.658,   0.300,   1.758
202607160706,   1.087,   1.728,9999.000,9999.000,9999.000,9999.000,9999.000,9999.000,9999.000
202607160712,   1.055,   1.718,9999.000,9999.000,9999.000,9999.000,9999.000,9999.000,9999.000
202607160718,   1.023,   1.679,9999.000,9999.000,9999.000,9999.000,9999.000,9999.000,9999.000
202607160724,   0.990,   1.630,9999.000,9999.000,9999.000,9999.000,9999.000,9999.000,9999.000
202607160730,   0.957,   1.590,9999.000,9999.000,9999.000,9999.000,9999.000,9999.000,9999.000
202607160736,   0.924,   1.580,9999.000,9999.000,9999.000,9999.000,9999.000,9999.000,9999.000
202607160742,   0.891,   1.548,9999.000,9999.000,9999.000,9999.000,9999.000,9999.000,9999.000
202607160748,   0.858,   1.508,9999.000,9999.000,9999.000,9999.000,9999.000,9999.000,9999.000
202607160754,   0.825,   1.479,9999.000,9999.000,9999.000,9999.000,9999.000,9999.000,9999.000
202607160800,   0.792,   1.449,   0.300,   0.357,   1.449,   0.200,   1.349,   0.300,   1.449
202607160806,   0.759,   1.420,9999.000,9999.000,9999.000,9999.000,9999.000,9999.000,9999.000
202607160812,   0.725,   1.380,9999.000,9999.000,9999.000,9999.000,9999.000,9999.000,9999.000
202607160818,   0.692,   1.348,9999.000,9999.000,9999.000,9999.000,9999.000,9999.000,9999.000
202607160824,   0.659,   1.318,9999.000,9999.000,9999.000,9999.000,9999.000,9999.000,9999.000
202607160830,   0.626,   1.298,9999.000,9999.000,9999.000,9999.000,9999.000,9999.000,9999.000
202607160836,   0.593,   1.269,9999.000,9999.000,9999.000,9999.000,9999.000,9999.000,9999.000
202607160842,   0.560,   1.239,9999.000,9999.000,9999.000,9999.000,9999.000,9999.000,9999.000
202607160848,   0.527,   1.200,9999.000,9999.000,9999.000,9999.000,9999.000,9999.000,9999.000
202607160854,   0.495,   1.190,9999.000,9999.000,9999.000,9999.000,9999.000,9999.000,9999.000
202607160900,   0.462,   1.161,   0.300,   0.399,   1.161,   0.300,   1.161,   0.300,   1.161
202607160906,   0.430,   1.128,9999.000,9999.000,9999.000,9999.000,9999.000,9999.000,9999.000
202607160912,   0.398,   1.098,9999.000,9999.000,9999.000,9999.000,9999.000,9999.000,9999.000
202607160918,   0.366,   1.098,9999.000,9999.000,9999.000,9999.000,9999.000,9999.000,9999.000
202607160924,   0.335,   1.069,9999.000,9999.000,9999.000,9999.000,9999.000,9999.000,9999.000
202607160930,   0.303,   1.049,9999.000,9999.000,9999.000,9999.000,9999.000,9999.000,9999.000
202607160936,   0.273,   1.020,9999.000,9999.000,9999.000,9999.000,9999.000,9999.000,9999.000
202607160942,   0.242,   1.010,9999.000,9999.000,9999.000,9999.000,9999.000,9999.000,9999.000
202607160948,   0.213,   0.990,9999.000,9999.000,9999.000,9999.000,9999.000,9999.000,9999.000
202607160954,   0.183,   0.970,9999.000,9999.000,9999.000,9999.000,9999.000,9999.000,9999.000
202607161000,   0.155,   0.951,   0.300,   0.496,   0.951,   0.300,   0.951,   0.300,   0.951
202607161006,   0.127,   0.928,9999.000,9999.000,9999.000,9999.000,9999.000,9999.000,9999.000
202607161012,   0.099,   0.908,9999.000,9999.000,9999.000,9999.000,9999.000,9999.000,9999.000
202607161018,   0.073,   0.888,9999.000,9999.000,9999.000,9999.000,9999.000,9999.000,9999.000
202607161024,   0.047,   0.869,9999.000,9999.000,9999.000,9999.000,9999.000,9999.000,9999.000
202607161030,   0.023,   0.849,9999.000,9999.000,9999.000,9999.000,9999.000,9999.000,9999.000
202607161036,   0.000,   0.839,9999.000,9999.000,9999.000,9999.000,9999.000,9999.000,9999.000
202607161042,  -0.022,   0.819,9999.000,9999.000,9999.000,9999.000,9999.000,9999.000,9999.000
202607161048,  -0.043,   0.800,9999.000,9999.000,9999.000,9999.000,9999.000,9999.000,9999.000
202607161054,  -0.062,   0.780,9999.000,9999.000,9999.000,9999.000,9999.000,9999.000,9999.000
202607161100,  -0.080,   0.770,   0.300,   0.550,   0.770,   0.300,   0.770,   0.300,   0.770
202607161106,  -0.097,   0.751,9999.000,9999.000,9999.000,9999.000,9999.000,9999.000,9999.000
202607161112,  -0.112,   0.741,9999.000,9999.000,9999.000,9999.000,9999.000,9999.000,9999.000
202607161118,  -0.125,   0.731,9999.000,9999.000,9999.000,9999.000,9999.000,9999.000,9999.000
202607161124,  -0.136,   0.718,9999.000,9999.000,9999.000,9999.000,9999.000,9999.000,9999.000
202607161130,  -0.144,   0.708,9999.000,9999.000,9999.000,9999.000,9999.000,9999.000,9999.000
202607161136,  -0.151,   0.708,9999.000,9999.000,9999.000,9999.000,9999.000,9999.000,9999.000
202607161142,  -0.155,   0.708,9999.000,9999.000,9999.000,9999.000,9999.000,9999.000,9999.000
202607161148,  -0.157,   0.708,9999.000,9999.000,9999.000,9999.000,9999.000,9999.000,9999.000
202607161154,  -0.156,   0.718,9999.000,9999.000,9999.000,9999.000,9999.000,9999.000,9999.000
202607161200,  -0.153,   0.731,   0.300,   0.584,   0.731,   0.300,   0.731,   0.300,   0.731
202607161206,  -0.146,   0.760,9999.000,9999.000,9999.000,9999.000,9999.000,9999.000,9999.000
202607161212,  -0.137,   0.780,9999.000,9999.000,9999.000,9999.000,9999.000,9999.000,9999.000
202607161218,  -0.125,   0.829,9999.000,9999.000,9999.000,9999.000,9999.000,9999.000,9999.000
202607161224,  -0.109,   0.869,9999.000,9999.000,9999.000,9999.000,9999.000,9999.000,9999.000
202607161230,  -0.090,   0.918,9999.000,9999.000,9999.000,9999.000,9999.000,9999.000,9999.000
202607161236,  -0.068,   0.961,9999.000,9999.000,9999.000,9999.000,9999.000,9999.000,9999.000
202607161242,  -0.043,   1.000,9999.000,9999.000,9999.000,9999.000,9999.000,9999.000,9999.000
202607161248,  -0.015,   1.049,9999.000,9999.000,9999.000,9999.000,9999.000,9999.000,9999.000
202607161254,   0.016,   1.098,9999.000,9999.000,9999.000,9999.000,9999.000,9999.000,9999.000
202607161300,   0.051,   1.138,   0.300,   0.787,   1.138,   0.300,   1.138,   0.300,   1.138
202607161306,   0.089,   1.180,9999.000,9999.000,9999.000,9999.000,9999.000,9999.000,9999.000
202607161312,   0.129,   1.229,9999.000,9999.000,9999.000,9999.000,9999.000,9999.000,9999.000
202607161318,   0.172,   1.279,9999.000,9999.000,9999.000,9999.000,9999.000,9999.000,9999.000
202607161324,   0.217,   1.318,9999.000,9999.000,9999.000,9999.000,9999.000,9999.000,9999.000
202607161330,   0.265,   1.361,9999.000,9999.000,9999.000,9999.000,9999.000,9999.000,9999.000
202607161336,   0.314,   1.410,9999.000,9999.000,9999.000,9999.000,9999.000,9999.000,9999.000
202607161342,   0.364,   1.430,9999.000,9999.000,9999.000,9999.000,9999.000,9999.000,9999.000
202607161348,   0.415,   1.459,9999.000,9999.000,9999.000,9999.000,9999.000,9999.000,9999.000
202607161354,   0.468,   1.498,9999.000,9999.000,9999.000,9999.000,9999.000,9999.000,9999.000
202607161400,   0.520,   1.538,   0.300,   0.718,   1.538,   0.300,   1.538,   0.300,   1.538
202607161406,   0.573,   1.571,9999.000,9999.000,9999.000,9999.000,9999.000,9999.000,9999.000
202607161412,   0.625,   1.600,9999.000,9999.000,9999.000,9999.000,9999.000,9999.000,9999.000
202607161418,   0.677,   1.659,9999.000,9999.000,9999.000,9999.000,9999.000,9999.000,9999.000
202607161424,   0.728,   1.679,9999.000,9999.000,9999.000,9999.000,9999.000,9999.000,9999.000
202607161430,   0.779,   1.718,9999.000,9999.000,9999.000,9999.000,9999.000,9999.000,9999.000
202607161436,   0.828,   1.767,9999.000,9999.000,9999.000,9999.000,9999.000,9999.000,9999.000
202607161442,   0.876,   1.810,9999.000,9999.000,9999.000,9999.000,9999.000,9999.000,9999.000
202607161448,   0.923,   1.840,9999.000,9999.000,9999.000,9999.000,9999.000,9999.000,9999.000
202607161454,   0.968,   1.859,9999.000,9999.000,9999.000,9999.000,9999.000,9999.000,9999.000
202607161500,   1.012,   1.899,   0.300,   0.587,   1.899,   0.300,   1.899,   0.300,   1.899
202607161506,   1.053,   1.928,9999.000,9999.000,9999.000,9999.000,9999.000,9999.000,9999.000
202607161512,   1.094,   1.938,9999.000,9999.000,9999.000,9999.000,9999.000,9999.000,9999.000
202607161518,   1.132,   1.967,9999.000,9999.000,9999.000,9999.000,9999.000,9999.000,9999.000
202607161524,   1.168,   2.000,9999.000,9999.000,9999.000,9999.000,9999.000,9999.000,9999.000
202607161530,   1.202,   2.020,9999.000,9999.000,9999.000,9999.000,9999.000,9999.000,9999.000
202607161536,   1.234,   2.030,9999.000,9999.000,9999.000,9999.000,9999.000,9999.000,9999.000
202607161542,   1.264,   2.049,9999.000,9999.000,9999.000,9999.000,9999.000,9999.000,9999.000
202607161548,   1.291,   2.089,9999.000,9999.000,9999.000,9999.000,9999.000,9999.000,9999.000
202607161554,   1.317,   2.089,9999.000,9999.000,9999.000,9999.000,9999.000,9999.000,9999.000
202607161600,   1.339,   2.118,   0.300,   0.479,   2.118,   0.300,   2.118,   0.300,   2.118
202607161606,   1.360,   2.128,9999.000,9999.000,9999.000,9999.000,9999.000,9999.000,9999.000
202607161612,   1.378,   2.138,9999.000,9999.000,9999.000,9999.000,9999.000,9999.000,9999.000
202607161618,   1.394,   2.158,9999.000,9999.000,9999.000,9999.000,9999.000,9999.000,9999.000
202607161624,   1.407,   2.168,9999.000,9999.000,9999.000,9999.000,9999.000,9999.000,9999.000
202607161630,   1.418,   2.191,9999.000,9999.000,9999.000,9999.000,9999.000,9999.000,9999.000
202607161636,   1.427,   2.191,9999.000,9999.000,9999.000,9999.000,9999.000,9999.000,9999.000
202607161642,   1.433,   2.200,9999.000,9999.000,9999.000,9999.000,9999.000,9999.000,9999.000
202607161648,   1.437,   2.200,9999.000,9999.000,9999.000,9999.000,9999.000,9999.000,9999.000
202607161654,   1.439,   2.200,9999.000,9999.000,9999.000,9999.000,9999.000,9999.000,9999.000
202607161700,   1.439,   2.191,   0.300,   0.452,   2.191,   0.300,   2.191,   0.400,   2.291
202607161706,   1.437,   2.177,9999.000,9999.000,9999.000,9999.000,9999.000,9999.000,9999.000
202607161712,   1.432,   2.177,9999.000,9999.000,9999.000,9999.000,9999.000,9999.000,9999.000
202607161718,   1.426,   2.158,9999.000,9999.000,9999.000,9999.000,9999.000,9999.000,9999.000
202607161724,   1.418,   2.138,9999.000,9999.000,9999.000,9999.000,9999.000,9999.000,9999.000
202607161730,   1.408,   2.128,9999.000,9999.000,9999.000,9999.000,9999.000,9999.000,9999.000
202607161736,   1.397,   2.099,9999.000,9999.000,9999.000,9999.000,9999.000,9999.000,9999.000
202607161742,   1.384,   2.069,9999.000,9999.000,9999.000,9999.000,9999.000,9999.000,9999.000
202607161748,   1.369,   2.040,9999.000,9999.000,9999.000,9999.000,9999.000,9999.000,9999.000
202607161754,   1.354,   2.010,9999.000,9999.000,9999.000,9999.000,9999.000,9999.000,9999.000
202607161800,   1.336,   1.948,   0.400,   0.212,   1.948,   0.300,   1.848,   0.400,   1.948
202607161806,   1.318,   1.928,9999.000,9999.000,9999.000,9999.000,9999.000,9999.000,9999.000
202607161812,   1.299,   1.889,9999.000,9999.000,9999.000,9999.000,9999.000,9999.000,9999.000
202607161818,   1.278,   1.859,9999.000,9999.000,9999.000,9999.000,9999.000,9999.000,9999.000
202607161824,   1.257,   1.830,9999.000,9999.000,9999.000,9999.000,9999.000,9999.000,9999.000
202607161830,   1.234,   1.781,9999.000,9999.000,9999.000,9999.000,9999.000,9999.000,9999.000
202607161836,   1.211,   1.758,9999.000,9999.000,9999.000,9999.000,9999.000,9999.000,9999.000
202607161842,   1.187,   1.718,9999.000,9999.000,9999.000,9999.000,9999.000,9999.000,9999.000
202607161848,   1.163,   1.689,9999.000,9999.000,9999.000,9999.000,9999.000,9999.000,9999.000
202607161854,   1.137,   1.649,9999.000,9999.000,9999.000,9999.000,9999.000,9999.000,9999.000
202607161900,   1.111,   1.620,   0.400,   0.109,   1.620,   0.400,   1.620,   0.400,   1.620
202607161906,   1.085,   1.580,9999.000,9999.000,9999.000,9999.000,9999.000,9999.000,9999.000
202607161912,   1.058,   1.538,9999.000,9999.000,9999.000,9999.000,9999.000,9999.000,9999.000
202607161918,   1.031,   1.498,9999.000,9999.000,9999.000,9999.000,9999.000,9999.000,9999.000
202607161924,   1.004,   1.459,9999.000,9999.000,9999.000,9999.000,9999.000,9999.000,9999.000
202607161930,   0.976,   1.430,9999.000,9999.000,9999.000,9999.000,9999.000,9999.000,9999.000
202607161936,   0.948,   1.400,9999.000,9999.000,9999.000,9999.000,9999.000,9999.000,9999.000
202607161942,   0.920,   1.371,9999.000,9999.000,9999.000,9999.000,9999.000,9999.000,9999.000
202607161948,   0.891,   1.318,9999.000,9999.000,9999.000,9999.000,9999.000,9999.000,9999.000
202607161954,   0.863,   1.289,9999.000,9999.000,9999.000,9999.000,9999.000,9999.000,9999.000
202607162000,   0.834,   1.269,   0.400,   0.035,   1.269,   0.400,   1.269,   0.400,   1.269
202607162006,   0.805,   1.249,9999.000,9999.000,9999.000,9999.000,9999.000,9999.000,9999.000
202607162012,   0.776,   1.220,9999.000,9999.000,9999.000,9999.000,9999.000,9999.000,9999.000
202607162018,   0.747,   1.200,9999.000,9999.000,9999.000,9999.000,9999.000,9999.000,9999.000
202607162024,   0.719,   1.161,9999.000,9999.000,9999.000,9999.000,9999.000,9999.000,9999.000
202607162030,   0.690,   1.151,9999.000,9999.000,9999.000,9999.000,9999.000,9999.000,9999.000
202607162036,   0.661,   1.108,9999.000,9999.000,9999.000,9999.000,9999.000,9999.000,9999.000
202607162042,   0.632,   1.108,9999.000,9999.000,9999.000,9999.000,9999.000,9999.000,9999.000
202607162048,   0.604,   1.088,9999.000,9999.000,9999.000,9999.000,9999.000,9999.000,9999.000
202607162054,   0.575,   1.079,9999.000,9999.000,9999.000,9999.000,9999.000,9999.000,9999.000
202607162100,   0.547,   1.029,   0.400,   0.082,   1.029,   0.400,   1.029,   0.400,   1.029
202607162106,   0.518,   1.010,9999.000,9999.000,9999.000,9999.000,9999.000,9999.000,9999.000
202607162112,   0.490,   0.990,9999.000,9999.000,9999.000,9999.000,9999.000,9999.000,9999.000
202607162118,   0.463,   0.970,9999.000,9999.000,9999.000,9999.000,9999.000,9999.000,9999.000
202607162124,   0.435,   0.961,9999.000,9999.000,9999.000,9999.000,9999.000,9999.000,9999.000
202607162130,   0.408,   0.980,9999.000,9999.000,9999.000,9999.000,9999.000,9999.000,9999.000
202607162136,   0.381,   0.918,9999.000,9999.000,9999.000,9999.000,9999.000,9999.000,9999.000
202607162142,   0.354,   0.980,9999.000,9999.000,9999.000,9999.000,9999.000,9999.000,9999.000
202607162148,   0.328,   0.908,9999.000,9999.000,9999.000,9999.000,9999.000,9999.000,9999.000
202607162154,   0.302,   0.849,9999.000,9999.000,9999.000,9999.000,9999.000,9999.000,9999.000
202607162200,   0.277,   0.859,   0.400,   0.182,   0.859,   0.400,   0.859,   0.400,   0.859
202607162206,   0.252,   0.780,9999.000,9999.000,9999.000,9999.000,9999.000,9999.000,9999.000
202607162212,   0.228,   0.760,9999.000,9999.000,9999.000,9999.000,9999.000,9999.000,9999.000
202607162218,   0.204,   0.859,9999.000,9999.000,9999.000,9999.000,9999.000,9999.000,9999.000
202607162224,   0.181,   0.839,9999.000,9999.000,9999.000,9999.000,9999.000,9999.000,9999.000
202607162230,   0.159,   0.639,9999.000,9999.000,9999.000,9999.000,9999.000,9999.000,9999.000
202607162236,   0.137,   0.669,9999.000,9999.000,9999.000,9999.000,9999.000,9999.000,9999.000
202607162242,   0.117,   0.669,9999.000,9999.000,9999.000,9999.000,9999.000,9999.000,9999.000
202607162248,   0.098,   0.741,9999.000,9999.000,9999.000,9999.000,9999.000,9999.000,9999.000
202607162254,   0.079,   0.790,9999.000,9999.000,9999.000,9999.000,9999.000,9999.000,9999.000
202607162300,   0.062,   0.718,   0.400,   0.256,   0.718,   0.300,   0.618,   0.400,   0.718
202607162306,   0.046,   0.498,9999.000,9999.000,9999.000,9999.000,9999.000,9999.000,9999.000
202607162312,   0.031,   0.478,9999.000,9999.000,9999.000,9999.000,9999.000,9999.000,9999.000
202607162318,   0.018,   0.659,9999.000,9999.000,9999.000,9999.000,9999.000,9999.000,9999.000
202607162324,   0.007,   0.498,9999.000,9999.000,9999.000,9999.000,9999.000,9999.000,9999.000
202607162330,  -0.002,   0.331,9999.000,9999.000,9999.000,9999.000,9999.000,9999.000,9999.000
202607162336,  -0.009,   0.488,9999.000,9999.000,9999.000,9999.000,9999.000,9999.000,9999.000
202607162342,  -0.015,   0.409,9999.000,9999.000,9999.000,9999.000,9999.000,9999.000,9999.000
202607162348,  -0.019,   0.488,9999.000,9999.000,9999.000,9999.000,9999.000,9999.000,9999.000
202607162354,  -0.020,   0.419,9999.000,9999.000,9999.000,9999.000,9999.000,9999.000,9999.000
202607170000,  -0.019,   0.590,   0.500,   0.109,   0.590,   0.500,   0.590,   0.500,   0.590
202607170006,  -0.015,   0.600,9999.000,9999.000,9999.000,9999.000,9999.000,9999.000,9999.000
202607170012,  -0.009,   0.580,9999.000,9999.000,9999.000,9999.000,9999.000,9999.000,9999.000
202607170018,   0.000,   0.669,9999.000,9999.000,9999.000,9999.000,9999.000,9999.000,9999.000
202607170024,   0.012,   0.810,9999.000,9999.000,9999.000,9999.000,9999.000,9999.000,9999.000
202607170030,   0.028,   0.941,9999.000,9999.000,9999.000,9999.000,9999.000,9999.000,9999.000
202607170036,   0.046,   0.898,9999.000,9999.000,9999.000,9999.000,9999.000,9999.000,9999.000
202607170042,   0.068,   0.859,9999.000,9999.000,9999.000,9999.000,9999.000,9999.000,9999.000
202607170048,   0.093,   1.010,9999.000,9999.000,9999.000,9999.000,9999.000,9999.000,9999.000
202607170054,   0.122,   1.118,9999.000,9999.000,9999.000,9999.000,9999.000,9999.000,9999.000
202607170100,   0.153,   1.289,   0.500,   0.636,   1.289,   0.500,   1.289,   0.500,   1.289
202607170106,   0.188,   1.361,9999.000,9999.000,9999.000,9999.000,9999.000,9999.000,9999.000
202607170112,   0.226,   1.338,9999.000,9999.000,9999.000,9999.000,9999.000,9999.000,9999.000
202607170118,   0.267,   1.410,9999.000,9999.000,9999.000,9999.000,9999.000,9999.000,9999.000
202607170124,   0.311,   1.439,9999.000,9999.000,9999.000,9999.000,9999.000,9999.000,9999.000
202607170130,   0.356,   1.469,9999.000,9999.000,9999.000,9999.000,9999.000,9999.000,9999.000
202607170136,   0.405,   1.571,9999.000,9999.000,9999.000,9999.000,9999.000,9999.000,9999.000
202607170142,   0.455,   1.620,9999.000,9999.000,9999.000,9999.000,9999.000,9999.000,9999.000
202607170148,   0.506,   1.679,9999.000,9999.000,9999.000,9999.000,9999.000,9999.000,9999.000
202607170154,   0.558,   1.790,9999.000,9999.000,9999.000,9999.000,9999.000,9999.000,9999.000
202607170200,   0.612,   1.849,   0.500,   0.737,   1.849,   0.500,   1.849,   0.500,   1.849
202607170206,   0.665,   1.899,9999.000,9999.000,9999.000,9999.000,9999.000,9999.000,9999.000
202607170212,   0.719,   1.879,9999.000,9999.000,9999.000,9999.000,9999.000,9999.000,9999.000
202607170218,   0.772,   1.948,9999.000,9999.000,9999.000,9999.000,9999.000,9999.000,9999.000
202607170224,   0.824,   2.010,9999.000,9999.000,9999.000,9999.000,9999.000,9999.000,9999.000
202607170230,   0.876,   2.049,9999.000,9999.000,9999.000,9999.000,9999.000,9999.000,9999.000
202607170236,   0.927,   2.099,9999.000,9999.000,9999.000,9999.000,9999.000,9999.000,9999.000
202607170242,   0.976,   2.138,9999.000,9999.000,9999.000,9999.000,9999.000,9999.000,9999.000
202607170248,   1.024,   2.191,9999.000,9999.000,9999.000,9999.000,9999.000,9999.000,9999.000
202607170254,   1.071,   2.269,9999.000,9999.000,9999.000,9999.000,9999.000,9999.000,9999.000
202607170300,   1.116,   2.318,   0.500,   0.702,   2.318,   0.500,   2.318,   0.500,   2.318
202607170306,   1.159,   2.348,9999.000,9999.000,9999.000,9999.000,9999.000,9999.000,9999.000
202607170312,   1.200,   2.328,9999.000,9999.000,9999.000,9999.000,9999.000,9999.000,9999.000
202607170318,   1.239,   2.358,9999.000,9999.000,9999.000,9999.000,9999.000,9999.000,9999.000
202607170324,   1.277,   2.400,9999.000,9999.000,9999.000,9999.000,9999.000,9999.000,9999.000
202607170330,   1.313,   2.440,9999.000,9999.000,9999.000,9999.000,9999.000,9999.000,9999.000
202607170336,   1.346,   2.469,9999.000,9999.000,9999.000,9999.000,9999.000,9999.000,9999.000
202607170342,   1.378,   2.499,9999.000,9999.000,9999.000,9999.000,9999.000,9999.000,9999.000
202607170348,   1.408,   2.519,9999.000,9999.000,9999.000,9999.000,9999.000,9999.000,9999.000
202607170354,   1.435,   2.528,9999.000,9999.000,9999.000,9999.000,9999.000,9999.000,9999.000
202607170400,   1.461,   2.597,   0.500,   0.636,   2.597,   0.500,   2.597,   0.500,   2.597
202607170406,   1.484,   2.620,9999.000,9999.000,9999.000,9999.000,9999.000,9999.000,9999.000
202607170412,   1.506,   2.597,9999.000,9999.000,9999.000,9999.000,9999.000,9999.000,9999.000
202607170418,   1.525,   2.620,9999.000,9999.000,9999.000,9999.000,9999.000,9999.000,9999.000
202607170424,   1.542,   2.630,9999.000,9999.000,9999.000,9999.000,9999.000,9999.000,9999.000
202607170430,   1.557,   2.650,9999.000,9999.000,9999.000,9999.000,9999.000,9999.000,9999.000
202607170436,   1.569,   2.660,9999.000,9999.000,9999.000,9999.000,9999.000,9999.000,9999.000
202607170442,   1.580,   2.679,9999.000,9999.000,9999.000,9999.000,9999.000,9999.000,9999.000
202607170448,   1.588,   2.699,9999.000,9999.000,9999.000,9999.000,9999.000,9999.000,9999.000
202607170454,   1.595,   2.738,9999.000,9999.000,9999.000,9999.000,9999.000,9999.000,9999.000
202607170500,   1.599,   2.748,   0.500,   0.649,   2.748,   0.500,   2.748,   0.500,   2.748
202607170506,   1.601,   2.758,9999.000,9999.000,9999.000,9999.000,9999.000,9999.000,9999.000
202607170512,   1.601,   2.738,9999.000,9999.000,9999.000,9999.000,9999.000,9999.000,9999.000
202607170518,   1.599,   2.738,9999.000,9999.000,9999.000,9999.000,9999.000,9999.000,9999.000
202607170524,   1.595,   2.738,9999.000,9999.000,9999.000,9999.000,9999.000,9999.000,9999.000
202607170530,   1.590,   2.738,9999.000,9999.000,9999.000,9999.000,9999.000,9999.000,9999.000
202607170536,   1.582,   2.738,9999.000,9999.000,9999.000,9999.000,9999.000,9999.000,9999.000
202607170542,   1.573,   2.719,9999.000,9999.000,9999.000,9999.000,9999.000,9999.000,9999.000
202607170548,   1.562,   2.719,9999.000,9999.000,9999.000,9999.000,9999.000,9999.000,9999.000
202607170554,   1.549,   2.699,9999.000,9999.000,9999.000,9999.000,9999.000,9999.000,9999.000
202607170600,   1.535,   2.660,   0.600,   0.525,   2.660,   0.500,   2.560,   0.600,   2.660
202607170606,   1.519,   2.630,9999.000,9999.000,9999.000,9999.000,9999.000,9999.000,9999.000
202607170612,   1.502,   2.610,9999.000,9999.000,9999.000,9999.000,9999.000,9999.000,9999.000
202607170618,   1.484,   2.578,9999.000,9999.000,9999.000,9999.000,9999.000,9999.000,9999.000
202607170624,   1.464,   2.538,9999.000,9999.000,9999.000,9999.000,9999.000,9999.000,9999.000
202607170630,   1.443,   2.519,9999.000,9999.000,9999.000,9999.000,9999.000,9999.000,9999.000
202607170636,   1.421,   2.469,9999.000,9999.000,9999.000,9999.000,9999.000,9999.000,9999.000
202607170642,   1.398,   2.430,9999.000,9999.000,9999.000,9999.000,9999.000,9999.000,9999.000
202607170648,   1.375,   2.387,9999.000,9999.000,9999.000,9999.000,9999.000,9999.000,9999.000
202607170654,   1.350,   2.358,9999.000,9999.000,9999.000,9999.000,9999.000,9999.000,9999.000
202607170700,   1.324,   2.318,   0.600,   0.394,   2.318,   0.500,   2.218,   0.600,   2.318
202607170706,   1.297,   2.279,9999.000,9999.000,9999.000,9999.000,9999.000,9999.000,9999.000
202607170712,   1.270,   2.259,9999.000,9999.000,9999.000,9999.000,9999.000,9999.000,9999.000
202607170718,   1.242,   2.220,9999.000,9999.000,9999.000,9999.000,9999.000,9999.000,9999.000
202607170724,   1.214,   2.177,9999.000,9999.000,9999.000,9999.000,9999.000,9999.000,9999.000
202607170730,   1.185,   2.128,9999.000,9999.000,9999.000,9999.000,9999.000,9999.000,9999.000
202607170736,   1.156,   2.099,9999.000,9999.000,9999.000,9999.000,9999.000,9999.000,9999.000
202607170742,   1.126,   2.059,9999.000,9999.000,9999.000,9999.000,9999.000,9999.000,9999.000
202607170748,   1.095,   2.040,9999.000,9999.000,9999.000,9999.000,9999.000,9999.000,9999.000
202607170754,   1.065,   2.000,9999.000,9999.000,9999.000,9999.000,9999.000,9999.000,9999.000
202607170800,   1.034,   1.948,   0.600,   0.314,   1.948,   0.500,   1.848,   0.600,   1.948
202607170806,   1.003,   1.918,9999.000,9999.000,9999.000,9999.000,9999.000,9999.000,9999.000
202607170812,   0.971,   1.899,9999.000,9999.000,9999.000,9999.000,9999.000,9999.000,9999.000
202607170818,   0.940,   1.859,9999.000,9999.000,9999.000,9999.000,9999.000,9999.000,9999.000
202607170824,   0.908,   1.830,9999.000,9999.000,9999.000,9999.000,9999.000,9999.000,9999.000
202607170830,   0.876,   1.790,9999.000,9999.000,9999.000,9999.000,9999.000,9999.000,9999.000
202607170836,   0.844,   1.748,9999.000,9999.000,9999.000,9999.000,9999.000,9999.000,9999.000
202607170842,   0.812,   1.728,9999.000,9999.000,9999.000,9999.000,9999.000,9999.000,9999.000
202607170848,   0.780,   1.699,9999.000,9999.000,9999.000,9999.000,9999.000,9999.000,9999.000
202607170854,   0.747,   1.669,9999.000,9999.000,9999.000,9999.000,9999.000,9999.000,9999.000
202607170900,   0.715,   1.630,   0.600,   0.315,   1.630,   0.500,   1.530,   0.600,   1.630
202607170906,   0.683,   1.600,9999.000,9999.000,9999.000,9999.000,9999.000,9999.000,9999.000
202607170912,   0.650,   1.580,9999.000,9999.000,9999.000,9999.000,9999.000,9999.000,9999.000
202607170918,   0.618,   1.557,9999.000,9999.000,9999.000,9999.000,9999.000,9999.000,9999.000
202607170924,   0.586,   1.528,9999.000,9999.000,9999.000,9999.000,9999.000,9999.000,9999.000
202607170930,   0.554,   1.498,9999.000,9999.000,9999.000,9999.000,9999.000,9999.000,9999.000
202607170936,   0.522,   1.479,9999.000,9999.000,9999.000,9999.000,9999.000,9999.000,9999.000
202607170942,   0.490,   1.459,9999.000,9999.000,9999.000,9999.000,9999.000,9999.000,9999.000
202607170948,   0.458,   1.430,9999.000,9999.000,9999.000,9999.000,9999.000,9999.000,9999.000
202607170954,   0.427,   1.410,9999.000,9999.000,9999.000,9999.000,9999.000,9999.000,9999.000
202607171000,   0.396,   1.380,   0.600,   0.384,   1.380,   0.500,   1.280,   0.600,   1.380
202607171006,   0.365,   1.348,9999.000,9999.000,9999.000,9999.000,9999.000,9999.000,9999.000
202607171012,   0.334,   1.328,9999.000,9999.000,9999.000,9999.000,9999.000,9999.000,9999.000
202607171018,   0.304,   1.308,9999.000,9999.000,9999.000,9999.000,9999.000,9999.000,9999.000
202607171024,   0.274,   1.279,9999.000,9999.000,9999.000,9999.000,9999.000,9999.000,9999.000
202607171030,   0.244,   1.259,9999.000,9999.000,9999.000,9999.000,9999.000,9999.000,9999.000
202607171036,   0.215,   1.239,9999.000,9999.000,9999.000,9999.000,9999.000,9999.000,9999.000
202607171042,   0.187,   1.210,9999.000,9999.000,9999.000,9999.000,9999.000,9999.000,9999.000
202607171048,   0.159,   1.190,9999.000,9999.000,9999.000,9999.000,9999.000,9999.000,9999.000
202607171054,   0.132,   1.170,9999.000,9999.000,9999.000,9999.000,9999.000,9999.000,9999.000
202607171100,   0.106,   1.138,   0.600,   0.432,   1.138,   0.500,   1.038,   0.600,   1.138
202607171106,   0.080,   1.118,9999.000,9999.000,9999.000,9999.000,9999.000,9999.000,9999.000
202607171112,   0.056,   1.098,9999.000,9999.000,9999.000,9999.000,9999.000,9999.000,9999.000
202607171118,   0.032,   1.059,9999.000,9999.000,9999.000,9999.000,9999.000,9999.000,9999.000
202607171124,   0.010,   1.049,9999.000,9999.000,9999.000,9999.000,9999.000,9999.000,9999.000
202607171130,  -0.011,   1.020,9999.000,9999.000,9999.000,9999.000,9999.000,9999.000,9999.000
202607171136,  -0.031,   1.010,9999.000,9999.000,9999.000,9999.000,9999.000,9999.000,9999.000
202607171142,  -0.049,   0.980,9999.000,9999.000,9999.000,9999.000,9999.000,9999.000,9999.000
202607171148,  -0.066,   0.970,9999.000,9999.000,9999.000,9999.000,9999.000,9999.000,9999.000
202607171154,  -0.082,   0.951,9999.000,9999.000,9999.000,9999.000,9999.000,9999.000,9999.000
202607171200,  -0.096,   0.951,   0.600,   0.447,   0.951,   0.600,   0.951,   0.600,   0.951
202607171206,  -0.107,   0.928,9999.000,9999.000,9999.000,9999.000,9999.000,9999.000,9999.000
202607171212,  -0.117,   0.908,9999.000,9999.000,9999.000,9999.000,9999.000,9999.000,9999.000
202607171218,  -0.125,   0.888,9999.000,9999.000,9999.000,9999.000,9999.000,9999.000,9999.000
202607171224,  -0.131,   0.879,9999.000,9999.000,9999.000,9999.000,9999.000,9999.000,9999.000
202607171230,  -0.134,   0.879,9999.000,9999.000,9999.000,9999.000,9999.000,9999.000,9999.000
202607171236,  -0.135,   0.879,9999.000,9999.000,9999.000,9999.000,9999.000,9999.000,9999.000
202607171242,  -0.133,   0.869,9999.000,9999.000,9999.000,9999.000,9999.000,9999.000,9999.000
202607171248,  -0.129,   0.869,9999.000,9999.000,9999.000,9999.000,9999.000,9999.000,9999.000
202607171254,  -0.121,   0.879,9999.000,9999.000,9999.000,9999.000,9999.000,9999.000,9999.000
202607171300,  -0.111,   0.928,   0.600,   0.439,   0.928,   0.600,   0.928,   0.600,   0.928
202607171306,  -0.098,   0.951,9999.000,9999.000,9999.000,9999.000,9999.000,9999.000,9999.000
202607171312,  -0.082,   0.928,9999.000,9999.000,9999.000,9999.000,9999.000,9999.000,9999.000
202607171318,  -0.063,   0.961,9999.000,9999.000,9999.000,9999.000,9999.000,9999.000,9999.000
202607171324,  -0.040,   0.990,9999.000,9999.000,9999.000,9999.000,9999.000,9999.000,9999.000
202607171330,  -0.015,   1.029,9999.000,9999.000,9999.000,9999.000,9999.000,9999.000,9999.000
202607171336,   0.013,   1.069,9999.000,9999.000,9999.000,9999.000,9999.000,9999.000,9999.000
202607171342,   0.044,   1.108,9999.000,9999.000,9999.000,9999.000,9999.000,9999.000,9999.000
202607171348,   0.078,   1.151,9999.000,9999.000,9999.000,9999.000,9999.000,9999.000,9999.000
202607171354,   0.116,   1.180,9999.000,9999.000,9999.000,9999.000,9999.000,9999.000,9999.000
202607171400,   0.155,   1.289,   0.600,   0.534,   1.289,   0.600,   1.289,   0.600,   1.289
202607171406,   0.197,   1.338,9999.000,9999.000,9999.000,9999.000,9999.000,9999.000,9999.000
202607171412,   0.241,   1.318,9999.000,9999.000,9999.000,9999.000,9999.000,9999.000,9999.000
202607171418,   0.286,   1.361,9999.000,9999.000,9999.000,9999.000,9999.000,9999.000,9999.000
202607171424,   0.333,   1.390,9999.000,9999.000,9999.000,9999.000,9999.000,9999.000,9999.000
202607171430,   0.381,   1.439,9999.000,9999.000,9999.000,9999.000,9999.000,9999.000,9999.000
202607171436,   0.430,   1.479,9999.000,9999.000,9999.000,9999.000,9999.000,9999.000,9999.000
202607171442,   0.480,   1.518,9999.000,9999.000,9999.000,9999.000,9999.000,9999.000,9999.000
202607171448,   0.530,   1.548,9999.000,9999.000,9999.000,9999.000,9999.000,9999.000,9999.000
202607171454,   0.579,   1.600,9999.000,9999.000,9999.000,9999.000,9999.000,9999.000,9999.000
202607171500,   0.629,   1.708,   0.600,   0.479,   1.708,   0.600,   1.708,   0.600,   1.708
202607171506,   0.678,   1.748,9999.000,9999.000,9999.000,9999.000,9999.000,9999.000,9999.000
202607171512,   0.727,   1.728,9999.000,9999.000,9999.000,9999.000,9999.000,9999.000,9999.000
202607171518,   0.774,   1.758,9999.000,9999.000,9999.000,9999.000,9999.000,9999.000,9999.000
202607171524,   0.821,   1.800,9999.000,9999.000,9999.000,9999.000,9999.000,9999.000,9999.000
202607171530,   0.867,   1.849,9999.000,9999.000,9999.000,9999.000,9999.000,9999.000,9999.000
202607171536,   0.911,   1.889,9999.000,9999.000,9999.000,9999.000,9999.000,9999.000,9999.000
202607171542,   0.955,   1.928,9999.000,9999.000,9999.000,9999.000,9999.000,9999.000,9999.000
202607171548,   0.997,   1.958,9999.000,9999.000,9999.000,9999.000,9999.000,9999.000,9999.000
202607171554,   1.037,   2.000,9999.000,9999.000,9999.000,9999.000,9999.000,9999.000,9999.000
202607171600,   1.076,   2.079,   0.600,   0.403,   2.079,   0.600,   2.079,   0.600,   2.079
202607171606,   1.113,   2.109,9999.000,9999.000,9999.000,9999.000,9999.000,9999.000,9999.000
202607171612,   1.149,   2.089,9999.000,9999.000,9999.000,9999.000,9999.000,9999.000,9999.000
202607171618,   1.183,   2.109,9999.000,9999.000,9999.000,9999.000,9999.000,9999.000,9999.000
202607171624,   1.215,   2.128,9999.000,9999.000,9999.000,9999.000,9999.000,9999.000,9999.000
202607171630,   1.245,   2.158,9999.000,9999.000,9999.000,9999.000,9999.000,9999.000,9999.000
202607171636,   1.273,   2.168,9999.000,9999.000,9999.000,9999.000,9999.000,9999.000,9999.000
202607171642,   1.299,   2.191,9999.000,9999.000,9999.000,9999.000,9999.000,9999.000,9999.000
202607171648,   1.322,   2.210,9999.000,9999.000,9999.000,9999.000,9999.000,9999.000,9999.000
202607171654,   1.344,   2.250,9999.000,9999.000,9999.000,9999.000,9999.000,9999.000,9999.000
202607171700,   1.364,   2.259,   0.600,   0.295,   2.259,   0.600,   2.259,   0.600,   2.259
202607171706,   1.381,   2.269,9999.000,9999.000,9999.000,9999.000,9999.000,9999.000,9999.000
202607171712,   1.396,   2.250,9999.000,9999.000,9999.000,9999.000,9999.000,9999.000,9999.000
202607171718,   1.409,   2.250,9999.000,9999.000,9999.000,9999.000,9999.000,9999.000,9999.000
202607171724,   1.419,   2.250,9999.000,9999.000,9999.000,9999.000,9999.000,9999.000,9999.000
202607171730,   1.427,   2.259,9999.000,9999.000,9999.000,9999.000,9999.000,9999.000,9999.000
202607171736,   1.433,   2.259,9999.000,9999.000,9999.000,9999.000,9999.000,9999.000,9999.000
202607171742,   1.437,   2.259,9999.000,9999.000,9999.000,9999.000,9999.000,9999.000,9999.000
202607171748,   1.439,   2.250,9999.000,9999.000,9999.000,9999.000,9999.000,9999.000,9999.000
202607171754,   1.439,   2.240,9999.000,9999.000,9999.000,9999.000,9999.000,9999.000,9999.000
202607171800,   1.437,   2.230,   0.600,   0.193,   2.230,   0.600,   2.230,   0.600,   2.230
202607171806,   1.432,   2.200,9999.000,9999.000,9999.000,9999.000,9999.000,9999.000,9999.000
202607171812,   1.426,   2.177,9999.000,9999.000,9999.000,9999.000,9999.000,9999.000,9999.000
202607171818,   1.419,   2.168,9999.000,9999.000,9999.000,9999.000,9999.000,9999.000,9999.000
202607171824,   1.409,   2.138,9999.000,9999.000,9999.000,9999.000,9999.000,9999.000,9999.000
202607171830,   1.398,   2.109,9999.000,9999.000,9999.000,9999.000,9999.000,9999.000,9999.000
202607171836,   1.386,   2.079,9999.000,9999.000,9999.000,9999.000,9999.000,9999.000,9999.000
202607171842,   1.372,   2.040,9999.000,9999.000,9999.000,9999.000,9999.000,9999.000,9999.000
202607171848,   1.356,   2.000,9999.000,9999.000,9999.000,9999.000,9999.000,9999.000,9999.000
202607171854,   1.340,   1.948,9999.000,9999.000,9999.000,9999.000,9999.000,9999.000,9999.000
202607171900,   1.322,   1.908,   0.600,  -0.014,   1.908,   0.600,   1.908,   0.600,   1.908
202607171906,   1.303,   1.869,9999.000,9999.000,9999.000,9999.000,9999.000,9999.000,9999.000
202607171912,   1.283,   1.849,9999.000,9999.000,9999.000,9999.000,9999.000,9999.000,9999.000
202607171918,   1.262,   1.810,9999.000,9999.000,9999.000,9999.000,9999.000,9999.000,9999.000
202607171924,   1.241,   1.767,9999.000,9999.000,9999.000,9999.000,9999.000,9999.000,9999.000
202607171930,   1.218,   1.728,9999.000,9999.000,9999.000,9999.000,9999.000,9999.000,9999.000
202607171936,   1.195,   1.689,9999.000,9999.000,9999.000,9999.000,9999.000,9999.000,9999.000
202607171942,   1.171,   1.649,9999.000,9999.000,9999.000,9999.000,9999.000,9999.000,9999.000
202607171948,   1.147,   1.620,9999.000,9999.000,9999.000,9999.000,9999.000,9999.000,9999.000
202607171954,   1.122,   1.571,9999.000,9999.000,9999.000,9999.000,9999.000,9999.000,9999.000
202607172000,   1.096,   1.528,   0.600,  -0.168,   1.528,   0.600,   1.528,   0.600,   1.528
202607172006,   1.070,   1.498,9999.000,9999.000,9999.000,9999.000,9999.000,9999.000,9999.000
202607172012,   1.044,   1.479,9999.000,9999.000,9999.000,9999.000,9999.000,9999.000,9999.000
202607172018,   1.017,   1.439,9999.000,9999.000,9999.000,9999.000,9999.000,9999.000,9999.000
202607172024,   0.990,   1.410,9999.000,9999.000,9999.000,9999.000,9999.000,9999.000,9999.000
202607172030,   0.963,   1.390,9999.000,9999.000,9999.000,9999.000,9999.000,9999.000,9999.000
202607172036,   0.935,   1.361,9999.000,9999.000,9999.000,9999.000,9999.000,9999.000,9999.000
202607172042,   0.907,   1.318,9999.000,9999.000,9999.000,9999.000,9999.000,9999.000,9999.000
202607172048,   0.879,   1.298,9999.000,9999.000,9999.000,9999.000,9999.000,9999.000,9999.000
202607172054,   0.851,   1.269,9999.000,9999.000,9999.000,9999.000,9999.000,9999.000,9999.000
202607172100,   0.823,   1.249,   0.600,  -0.174,   1.249,   0.600,   1.249,   0.600,   1.249
202607172106,   0.795,   1.220,9999.000,9999.000,9999.000,9999.000,9999.000,9999.000,9999.000
202607172112,   0.767,   1.180,9999.000,9999.000,9999.000,9999.000,9999.000,9999.000,9999.000
202607172118,   0.738,   1.161,9999.000,9999.000,9999.000,9999.000,9999.000,9999.000,9999.000
202607172124,   0.710,   1.138,9999.000,9999.000,9999.000,9999.000,9999.000,9999.000,9999.000
202607172130,   0.682,   1.118,9999.000,9999.000,9999.000,9999.000,9999.000,9999.000,9999.000
202607172136,   0.654,   1.098,9999.000,9999.000,9999.000,9999.000,9999.000,9999.000,9999.000
202607172142,   0.626,   1.069,9999.000,9999.000,9999.000,9999.000,9999.000,9999.000,9999.000
202607172148,   0.598,   1.049,9999.000,9999.000,9999.000,9999.000,9999.000,9999.000,9999.000
202607172154,   0.570,   1.020,9999.000,9999.000,9999.000,9999.000,9999.000,9999.000,9999.000
202607172200,   0.542,   1.010,   0.600,  -0.132,   1.010,   0.600,   1.010,   0.600,   1.010
202607172206,   0.515,   0.990,9999.000,9999.000,9999.000,9999.000,9999.000,9999.000,9999.000
202607172212,   0.488,   0.970,9999.000,9999.000,9999.000,9999.000,9999.000,9999.000,9999.000
202607172218,   0.461,   0.941,9999.000,9999.000,9999.000,9999.000,9999.000,9999.000,9999.000
202607172224,   0.434,   0.928,9999.000,9999.000,9999.000,9999.000,9999.000,9999.000,9999.000
202607172230,   0.408,   0.908,9999.000,9999.000,9999.000,9999.000,9999.000,9999.000,9999.000
202607172236,   0.382,   0.879,9999.000,9999.000,9999.000,9999.000,9999.000,9999.000,9999.000
202607172242,   0.356,   0.859,9999.000,9999.000,9999.000,9999.000,9999.000,9999.000,9999.000
202607172248,   0.331,   0.849,9999.000,9999.000,9999.000,9999.000,9999.000,9999.000,9999.000
202607172254,   0.306,   0.829,9999.000,9999.000,9999.000,9999.000,9999.000,9999.000,9999.000
202607172300,   0.282,   0.819,   0.600,  -0.063,   0.819,   0.600,   0.819,   0.600,   0.819
202607172306,   0.259,   0.810,9999.000,9999.000,9999.000,9999.000,9999.000,9999.000,9999.000
202607172312,   0.236,   0.790,9999.000,9999.000,9999.000,9999.000,9999.000,9999.000,9999.000
202607172318,   0.214,   0.770,9999.000,9999.000,9999.000,9999.000,9999.000,9999.000,9999.000
202607172324,   0.193,   0.751,9999.000,9999.000,9999.000,9999.000,9999.000,9999.000,9999.000
202607172330,   0.173,   0.741,9999.000,9999.000,9999.000,9999.000,9999.000,9999.000,9999.000
202607172336,   0.154,   0.731,9999.000,9999.000,9999.000,9999.000,9999.000,9999.000,9999.000
202607172342,   0.135,   0.708,9999.000,9999.000,9999.000,9999.000,9999.000,9999.000,9999.000
202607172348,   0.118,   0.698,9999.000,9999.000,9999.000,9999.000,9999.000,9999.000,9999.000
202607172354,   0.102,   0.688,9999.000,9999.000,9999.000,9999.000,9999.000,9999.000,9999.000
202607180000,   0.088,   0.698,   0.600,   0.010,   0.698,   0.600,   0.698,   0.600,   0.698
202607180006,   0.075,   0.688,9999.000,9999.000,9999.000,9999.000,9999.000,9999.000,9999.000
202607180012,   0.063,   0.669,9999.000,9999.000,9999.000,9999.000,9999.000,9999.000,9999.000
202607180018,   0.054,   0.659,9999.000,9999.000,9999.000,9999.000,9999.000,9999.000,9999.000
202607180024,   0.046,   0.659,9999.000,9999.000,9999.000,9999.000,9999.000,9999.000,9999.000
202607180030,   0.039,   0.688,9999.000,9999.000,9999.000,9999.000,9999.000,9999.000,9999.000
202607180036,   0.035,   0.688,9999.000,9999.000,9999.000,9999.000,9999.000,9999.000,9999.000
202607180042,   0.033,   0.698,9999.000,9999.000,9999.000,9999.000,9999.000,9999.000,9999.000
202607180048,   0.034,   0.731,9999.000,9999.000,9999.000,9999.000,9999.000,9999.000,9999.000
202607180054,   0.037,   0.829,9999.000,9999.000,9999.000,9999.000,9999.000,9999.000,9999.000
202607180100,   0.042,   0.869,   0.600,   0.227,   0.869,   0.600,   0.869,   0.600,   0.869
202607180106,   0.050,   0.908,9999.000,9999.000,9999.000,9999.000,9999.000,9999.000,9999.000
202607180112,   0.061,   0.888,9999.000,9999.000,9999.000,9999.000,9999.000,9999.000,9999.000
202607180118,   0.075,   0.928,9999.000,9999.000,9999.000,9999.000,9999.000,9999.000,9999.000
202607180124,   0.091,   0.970,9999.000,9999.000,9999.000,9999.000,9999.000,9999.000,9999.000
202607180130,   0.111,   1.020,9999.000,9999.000,9999.000,9999.000,9999.000,9999.000,9999.000
202607180136,   0.133,   1.069,9999.000,9999.000,9999.000,9999.000,9999.000,9999.000,9999.000
202607180142,   0.159,   1.108,9999.000,9999.000,9999.000,9999.000,9999.000,9999.000,9999.000
202607180148,   0.188,   1.151,9999.000,9999.000,9999.000,9999.000,9999.000,9999.000,9999.000
202607180154,   0.219,   1.190,9999.000,9999.000,9999.000,9999.000,9999.000,9999.000,9999.000
202607180200,   0.253,   1.308,   0.600,   0.455,   1.308,   0.600,   1.308,   0.600,   1.308
202607180206,   0.290,   1.338,9999.000,9999.000,9999.000,9999.000,9999.000,9999.000,9999.000
202607180212,   0.329,   1.318,9999.000,9999.000,9999.000,9999.000,9999.000,9999.000,9999.000
202607180218,   0.371,   1.361,9999.000,9999.000,9999.000,9999.000,9999.000,9999.000,9999.000
202607180224,   0.414,   1.410,9999.000,9999.000,9999.000,9999.000,9999.000,9999.000,9999.000
202607180230,   0.459,   1.449,9999.000,9999.000,9999.000,9999.000,9999.000,9999.000,9999.000
202607180236,   0.505,   1.489,9999.000,9999.000,9999.000,9999.000,9999.000,9999.000,9999.000
202607180242,   0.552,   1.528,9999.000,9999.000,9999.000,9999.000,9999.000,9999.000,9999.000
202607180248,   0.600,   1.580,9999.000,9999.000,9999.000,9999.000,9999.000,9999.000,9999.000
202607180254,   0.647,   1.610,9999.000,9999.000,9999.000,9999.000,9999.000,9999.000,9999.000
202607180300,   0.695,   1.718,   0.600,   0.423,   1.718,   0.600,   1.718,   0.600,   1.718
202607180306,   0.743,   1.758,9999.000,9999.000,9999.000,9999.000,9999.000,9999.000,9999.000
202607180312,   0.790,   1.738,9999.000,9999.000,9999.000,9999.000,9999.000,9999.000,9999.000
202607180318,   0.836,   1.790,9999.000,9999.000,9999.000,9999.000,9999.000,9999.000,9999.000
202607180324,   0.881,   1.830,9999.000,9999.000,9999.000,9999.000,9999.000,9999.000,9999.000
202607180330,   0.926,   1.879,9999.000,9999.000,9999.000,9999.000,9999.000,9999.000,9999.000
202607180336,   0.969,   1.918,9999.000,9999.000,9999.000,9999.000,9999.000,9999.000,9999.000
202607180342,   1.010,   1.958,9999.000,9999.000,9999.000,9999.000,9999.000,9999.000,9999.000
202607180348,   1.051,   1.990,9999.000,9999.000,9999.000,9999.000,9999.000,9999.000,9999.000
202607180354,   1.090,   2.030,9999.000,9999.000,9999.000,9999.000,9999.000,9999.000,9999.000
202607180400,   1.127,   2.099,   0.600,   0.372,   2.099,   0.600,   2.099,   0.600,   2.099
202607180406,   1.163,   2.148,9999.000,9999.000,9999.000,9999.000,9999.000,9999.000,9999.000
202607180412,   1.198,   2.128,9999.000,9999.000,9999.000,9999.000,9999.000,9999.000,9999.000
202607180418,   1.230,   2.158,9999.000,9999.000,9999.000,9999.000,9999.000,9999.000,9999.000
202607180424,   1.262,   2.191,9999.000,9999.000,9999.000,9999.000,9999.000,9999.000,9999.000
202607180430,   1.291,   2.220,9999.000,9999.000,9999.000,9999.000,9999.000,9999.000,9999.000
202607180436,   1.319,   2.240,9999.000,9999.000,9999.000,9999.000,9999.000,9999.000,9999.000
202607180442,   1.345,   2.279,9999.000,9999.000,9999.000,9999.000,9999.000,9999.000,9999.000
202607180448,   1.369,   2.309,9999.000,9999.000,9999.000,9999.000,9999.000,9999.000,9999.000
202607180454,   1.392,   2.338,9999.000,9999.000,9999.000,9999.000,9999.000,9999.000,9999.000
202607180500,   1.413,   2.400,   0.600,   0.387,   2.400,   0.600,   2.400,   0.600,   2.400
202607180506,   1.431,   2.420,9999.000,9999.000,9999.000,9999.000,9999.000,9999.000,9999.000
202607180512,   1.448,   2.400,9999.000,9999.000,9999.000,9999.000,9999.000,9999.000,9999.000
202607180518,   1.463,   2.420,9999.000,9999.000,9999.000,9999.000,9999.000,9999.000,9999.000
202607180524,   1.476,   2.430,9999.000,9999.000,9999.000,9999.000,9999.000,9999.000,9999.000
202607180530,   1.487,   2.440,9999.000,9999.000,9999.000,9999.000,9999.000,9999.000,9999.000
202607180536,   1.497,   2.459,9999.000,9999.000,9999.000,9999.000,9999.000,9999.000,9999.000
202607180542,   1.504,   2.459,9999.000,9999.000,9999.000,9999.000,9999.000,9999.000,9999.000
202607180548,   1.509,   2.479,9999.000,9999.000,9999.000,9999.000,9999.000,9999.000,9999.000
202607180554,   1.512,   2.479,9999.000,9999.000,9999.000,9999.000,9999.000,9999.000,9999.000
202607180600,   1.513,   2.509,   0.600,   0.396,   2.509,   0.500,   2.409,   0.600,   2.509
202607180606,   1.513,   2.519,9999.000,9999.000,9999.000,9999.000,9999.000,9999.000,9999.000
202607180612,   1.511,   2.499,9999.000,9999.000,9999.000,9999.000,9999.000,9999.000,9999.000
202607180618,   1.506,   2.499,9999.000,9999.000,9999.000,9999.000,9999.000,9999.000,9999.000
202607180624,   1.500,   2.479,9999.000,9999.000,9999.000,9999.000,9999.000,9999.000,9999.000
202607180630,   1.493,   2.459,9999.000,9999.000,9999.000,9999.000,9999.000,9999.000,9999.000
202607180636,   1.484,   2.450,9999.000,9999.000,9999.000,9999.000,9999.000,9999.000,9999.000
202607180642,   1.473,   2.430,9999.000,9999.000,9999.000,9999.000,9999.000,9999.000,9999.000
202607180648,   1.460,   2.410,9999.000,9999.000,9999.000,9999.000,9999.000,9999.000,9999.000
202607180654,   1.446,   2.377,9999.000,9999.000,9999.000,9999.000,9999.000,9999.000,9999.000
202607180700,   1.431,   2.338,   0.600,   0.307,   2.338,   0.500,   2.238,   0.600,   2.338
202607180706,   1.415,   2.299,9999.000,9999.000,9999.000,9999.000,9999.000,9999.000,9999.000
202607180712,   1.397,   2.279,9999.000,9999.000,9999.000,9999.000,9999.000,9999.000,9999.000
202607180718,   1.378,   2.250,9999.000,9999.000,9999.000,9999.000,9999.000,9999.000,9999.000
202607180724,   1.358,   2.210,9999.000,9999.000,9999.000,9999.000,9999.000,9999.000,9999.000
202607180730,   1.337,   2.177,9999.000,9999.000,9999.000,9999.000,9999.000,9999.000,9999.000
202607180736,   1.314,   2.138,9999.000,9999.000,9999.000,9999.000,9999.000,9999.000,9999.000
202607180742,   1.291,   2.109,9999.000,9999.000,9999.000,9999.000,9999.000,9999.000,9999.000
202607180748,   1.268,   2.069,9999.000,9999.000,9999.000,9999.000,9999.000,9999.000,9999.000
202607180754,   1.243,   2.030,9999.000,9999.000,9999.000,9999.000,9999.000,9999.000,9999.000
202607180800,   1.218,   1.981,   0.600,   0.163,   1.981,   0.500,   1.881,   0.600,   1.981
202607180806,   1.192,   1.938,9999.000,9999.000,9999.000,9999.000,9999.000,9999.000,9999.000
202607180812,   1.165,   1.918,9999.000,9999.000,9999.000,9999.000,9999.000,9999.000,9999.000
202607180818,   1.138,   1.879,9999.000,9999.000,9999.000,9999.000,9999.000,9999.000,9999.000
202607180824,   1.110,   1.840,9999.000,9999.000,9999.000,9999.000,9999.000,9999.000,9999.000
202607180830,   1.082,   1.800,9999.000,9999.000,9999.000,9999.000,9999.000,9999.000,9999.000
202607180836,   1.053,   1.767,9999.000,9999.000,9999.000,9999.000,9999.000,9999.000,9999.000
202607180842,   1.024,   1.728,9999.000,9999.000,9999.000,9999.000,9999.000,9999.000,9999.000
202607180848,   0.995,   1.708,9999.000,9999.000,9999.000,9999.000,9999.000,9999.000,9999.000
202607180854,   0.966,   1.669,9999.000,9999.000,9999.000,9999.000,9999.000,9999.000,9999.000
202607180900,   0.936,   1.630,   0.600,   0.094,   1.630,   0.500,   1.530,   0.600,   1.630
202607180906,   0.906,   1.590,9999.000,9999.000,9999.000,9999.000,9999.000,9999.000,9999.000
202607180912,   0.876,   1.571,9999.000,9999.000,9999.000,9999.000,9999.000,9999.000,9999.000
202607180918,   0.846,   1.528,9999.000,9999.000,9999.000,9999.000,9999.000,9999.000,9999.000
202607180924,   0.815,   1.498,9999.000,9999.000,9999.000,9999.000,9999.000,9999.000,9999.000
202607180930,   0.785,   1.469,9999.000,9999.000,9999.000,9999.000,9999.000,9999.000,9999.000
202607180936,   0.755,   1.439,9999.000,9999.000,9999.000,9999.000,9999.000,9999.000,9999.000
202607180942,   0.724,   1.420,9999.000,9999.000,9999.000,9999.000,9999.000,9999.000,9999.000
202607180948,   0.694,   1.390,9999.000,9999.000,9999.000,9999.000,9999.000,9999.000,9999.000
202607180954,   0.663,   1.361,9999.000,9999.000,9999.000,9999.000,9999.000,9999.000,9999.000
202607181000,   0.633,   1.318,   0.600,   0.085,   1.318,   0.500,   1.218,   0.600,   1.318
202607181006,   0.602,   1.289,9999.000,9999.000,9999.000,9999.000,9999.000,9999.000,9999.000
202607181012,   0.572,   1.269,9999.000,9999.000,9999.000,9999.000,9999.000,9999.000,9999.000
202607181018,   0.542,   1.249,9999.000,9999.000,9999.000,9999.000,9999.000,9999.000,9999.000
202607181024,   0.512,   1.210,9999.000,9999.000,9999.000,9999.000,9999.000,9999.000,9999.000
202607181030,   0.482,   1.190,9999.000,9999.000,9999.000,9999.000,9999.000,9999.000,9999.000
202607181036,   0.453,   1.170,9999.000,9999.000,9999.000,9999.000,9999.000,9999.000,9999.000
202607181042,   0.423,   1.151,9999.000,9999.000,9999.000,9999.000,9999.000,9999.000,9999.000
202607181048,   0.394,   1.118,9999.000,9999.000,9999.000,9999.000,9999.000,9999.000,9999.000
202607181054,   0.365,   1.098,9999.000,9999.000,9999.000,9999.000,9999.000,9999.000,9999.000
202607181100,   0.337,   1.069,   0.600,   0.132,   1.069,   0.500,   0.969,   0.600,   1.069
202607181106,   0.309,   1.059,9999.000,9999.000,9999.000,9999.000,9999.000,9999.000,9999.000
202607181112,   0.281,   1.039,9999.000,9999.000,9999.000,9999.000,9999.000,9999.000,9999.000
202607181118,   0.254,   1.000,9999.000,9999.000,9999.000,9999.000,9999.000,9999.000,9999.000
202607181124,   0.228,   0.980,9999.000,9999.000,9999.000,9999.000,9999.000,9999.000,9999.000
202607181130,   0.202,   0.970,9999.000,9999.000,9999.000,9999.000,9999.000,9999.000,9999.000
202607181136,   0.177,   0.941,9999.000,9999.000,9999.000,9999.000,9999.000,9999.000,9999.000
202607181142,   0.152,   0.928,9999.000,9999.000,9999.000,9999.000,9999.000,9999.000,9999.000
202607181148,   0.128,   0.898,9999.000,9999.000,9999.000,9999.000,9999.000,9999.000,9999.000
202607181154,   0.105,   0.888,9999.000,9999.000,9999.000,9999.000,9999.000,9999.000,9999.000
202607181200,   0.083,   0.859,   0.500,   0.276,   0.859,   0.500,   0.859,   0.600,   0.959
202607181206,   0.062,   0.839,9999.000,9999.000,9999.000,9999.000,9999.000,9999.000,9999.000
202607181212,   0.042,   0.819,9999.000,9999.000,9999.000,9999.000,9999.000,9999.000,9999.000
202607181218,   0.023,   0.800,9999.000,9999.000,9999.000,9999.000,9999.000,9999.000,9999.000
202607181224,   0.006,   0.790,9999.000,9999.000,9999.000,9999.000,9999.000,9999.000,9999.000
202607181230,  -0.010,   0.770,9999.000,9999.000,9999.000,9999.000,9999.000,9999.000,9999.000
202607181236,  -0.024,   0.751,9999.000,9999.000,9999.000,9999.000,9999.000,9999.000,9999.000
202607181242,  -0.038,   0.741,9999.000,9999.000,9999.000,9999.000,9999.000,9999.000,9999.000
202607181248,  -0.049,   0.718,9999.000,9999.000,9999.000,9999.000,9999.000,9999.000,9999.000
202607181254,  -0.059,   0.698,9999.000,9999.000,9999.000,9999.000,9999.000,9999.000,9999.000
202607181300,  -0.067,   0.718,   0.500,   0.285,   0.718,   0.500,   0.718,   0.600,   0.818
202607181306,  -0.073,   0.731,9999.000,9999.000,9999.000,9999.000,9999.000,9999.000,9999.000
202607181312,  -0.077,   0.708,9999.000,9999.000,9999.000,9999.000,9999.000,9999.000,9999.000
202607181318,  -0.078,   0.688,9999.000,9999.000,9999.000,9999.000,9999.000,9999.000,9999.000
202607181324,  -0.078,   0.669,9999.000,9999.000,9999.000,9999.000,9999.000,9999.000,9999.000
202607181330,  -0.074,   0.698,9999.000,9999.000,9999.000,9999.000,9999.000,9999.000,9999.000
202607181336,  -0.069,   0.698,9999.000,9999.000,9999.000,9999.000,9999.000,9999.000,9999.000
202607181342,  -0.061,   0.708,9999.000,9999.000,9999.000,9999.000,9999.000,9999.000,9999.000
202607181348,  -0.050,   0.718,9999.000,9999.000,9999.000,9999.000,9999.000,9999.000,9999.000
202607181354,  -0.036,   0.751,9999.000,9999.000,9999.000,9999.000,9999.000,9999.000,9999.000
202607181400,  -0.020,   0.819,   0.500,   0.339,   0.819,   0.500,   0.819,   0.600,   0.919
202607181406,  -0.001,   0.849,9999.000,9999.000,9999.000,9999.000,9999.000,9999.000,9999.000
202607181412,   0.020,   0.829,9999.000,9999.000,9999.000,9999.000,9999.000,9999.000,9999.000
202607181418,   0.044,   0.859,9999.000,9999.000,9999.000,9999.000,9999.000,9999.000,9999.000
202607181424,   0.072,   0.888,9999.000,9999.000,9999.000,9999.000,9999.000,9999.000,9999.000
202607181430,   0.101,   0.928,9999.000,9999.000,9999.000,9999.000,9999.000,9999.000,9999.000
202607181436,   0.134,   0.961,9999.000,9999.000,9999.000,9999.000,9999.000,9999.000,9999.000
202607181442,   0.168,   1.000,9999.000,9999.000,9999.000,9999.000,9999.000,9999.000,9999.000
202607181448,   0.205,   1.049,9999.000,9999.000,9999.000,9999.000,9999.000,9999.000,9999.000
202607181454,   0.244,   1.088,9999.000,9999.000,9999.000,9999.000,9999.000,9999.000,9999.000
202607181500,   0.284,   1.200,   0.500,   0.416,   1.200,   0.500,   1.200,   0.600,   1.300
202607181506,   0.326,   1.220,9999.000,9999.000,9999.000,9999.000,9999.000,9999.000,9999.000
202607181512,   0.369,   1.210,9999.000,9999.000,9999.000,9999.000,9999.000,9999.000,9999.000
202607181518,   0.413,   1.259,9999.000,9999.000,9999.000,9999.000,9999.000,9999.000,9999.000
202607181524,   0.458,   1.289,9999.000,9999.000,9999.000,9999.000,9999.000,9999.000,9999.000
202607181530,   0.503,   1.318,9999.000,9999.000,9999.000,9999.000,9999.000,9999.000,9999.000
202607181536,   0.548,   1.371,9999.000,9999.000,9999.000,9999.000,9999.000,9999.000,9999.000
202607181542,   0.594,   1.400,9999.000,9999.000,9999.000,9999.000,9999.000,9999.000,9999.000
202607181548,   0.639,   1.439,9999.000,9999.000,9999.000,9999.000,9999.000,9999.000,9999.000
202607181554,   0.684,   1.479,9999.000,9999.000,9999.000,9999.000,9999.000,9999.000,9999.000
202607181600,   0.728,   1.557,   0.500,   0.329,   1.557,   0.500,   1.557,   0.600,   1.657
202607181606,   0.772,   1.590,9999.000,9999.000,9999.000,9999.000,9999.000,9999.000,9999.000
202607181612,   0.815,   1.571,9999.000,9999.000,9999.000,9999.000,9999.000,9999.000,9999.000
202607181618,   0.857,   1.610,9999.000,9999.000,9999.000,9999.000,9999.000,9999.000,9999.000
202607181624,   0.899,   1.630,9999.000,9999.000,9999.000,9999.000,9999.000,9999.000,9999.000
202607181630,   0.939,   1.669,9999.000,9999.000,9999.000,9999.000,9999.000,9999.000,9999.000
202607181636,   0.978,   1.689,9999.000,9999.000,9999.000,9999.000,9999.000,9999.000,9999.000
202607181642,   1.017,   1.708,9999.000,9999.000,9999.000,9999.000,9999.000,9999.000,9999.000
202607181648,   1.054,   1.748,9999.000,9999.000,9999.000,9999.000,9999.000,9999.000,9999.000
202607181654,   1.089,   1.781,9999.000,9999.000,9999.000,9999.000,9999.000,9999.000,9999.000
202607181700,   1.124,   1.840,   0.500,   0.216,   1.840,   0.500,   1.840,   0.600,   1.940
202607181706,   1.156,   1.869,9999.000,9999.000,9999.000,9999.000,9999.000,9999.000,9999.000
202607181712,   1.188,   1.849,9999.000,9999.000,9999.000,9999.000,9999.000,9999.000,9999.000
202607181718,   1.217,   1.869,9999.000,9999.000,9999.000,9999.000,9999.000,9999.000,9999.000
202607181724,   1.245,   1.889,9999.000,9999.000,9999.000,9999.000,9999.000,9999.000,9999.000
202607181730,   1.272,   1.918,9999.000,9999.000,9999.000,9999.000,9999.000,9999.000,9999.000
202607181736,   1.296,   1.938,9999.000,9999.000,9999.000,9999.000,9999.000,9999.000,9999.000
202607181742,   1.318,   1.958,9999.000,9999.000,9999.000,9999.000,9999.000,9999.000,9999.000
202607181748,   1.339,   1.990,9999.000,9999.000,9999.000,9999.000,9999.000,9999.000,9999.000
202607181754,   1.357,   2.030,9999.000,9999.000,9999.000,9999.000,9999.000,9999.000,9999.000
202607181800,   1.373,   2.069,   0.600,   0.096,   2.069,   0.500,   1.969,   0.600,   2.069
202607181806,   1.387,   2.099,9999.000,9999.000,9999.000,9999.000,9999.000,9999.000,9999.000
202607181812,   1.399,   2.079,9999.000,9999.000,9999.000,9999.000,9999.000,9999.000,9999.000
202607181818,   1.409,   2.089,9999.000,9999.000,9999.000,9999.000,9999.000,9999.000,9999.000
202607181824,   1.417,   2.109,9999.000,9999.000,9999.000,9999.000,9999.000,9999.000,9999.000
202607181830,   1.422,   2.118,9999.000,9999.000,9999.000,9999.000,9999.000,9999.000,9999.000
202607181836,   1.426,   2.128,9999.000,9999.000,9999.000,9999.000,9999.000,9999.000,9999.000
202607181842,   1.427,   2.138,9999.000,9999.000,9999.000,9999.000,9999.000,9999.000,9999.000
202607181848,   1.427,   2.148,9999.000,9999.000,9999.000,9999.000,9999.000,9999.000,9999.000
202607181854,   1.425,   2.168,9999.000,9999.000,9999.000,9999.000,9999.000,9999.000,9999.000
202607181900,   1.420,   2.158,   0.600,   0.138,   2.158,   0.600,   2.158,   0.600,   2.158
202607181906,   1.414,   2.148,9999.000,9999.000,9999.000,9999.000,9999.000,9999.000,9999.000
202607181912,   1.407,   2.128,9999.000,9999.000,9999.000,9999.000,9999.000,9999.000,9999.000
202607181918,   1.397,   2.138,9999.000,9999.000,9999.000,9999.000,9999.000,9999.000,9999.000
202607181924,   1.387,   2.128,9999.000,9999.000,9999.000,9999.000,9999.000,9999.000,9999.000
202607181930,   1.374,   2.118,9999.000,9999.000,9999.000,9999.000,9999.000,9999.000,9999.000
202607181936,   1.361,   2.109,9999.000,9999.000,9999.000,9999.000,9999.000,9999.000,9999.000
202607181942,   1.346,   2.079,9999.000,9999.000,9999.000,9999.000,9999.000,9999.000,9999.000
202607181948,   1.330,   2.059,9999.000,9999.000,9999.000,9999.000,9999.000,9999.000,9999.000
202607181954,   1.312,   2.040,9999.000,9999.000,9999.000,9999.000,9999.000,9999.000,9999.000
202607182000,   1.294,   2.020,   0.600,   0.126,   2.020,   0.600,   2.020,   0.600,   2.020
202607182006,   1.275,   1.990,9999.000,9999.000,9999.000,9999.000,9999.000,9999.000,9999.000
202607182012,   1.254,   1.967,9999.000,9999.000,9999.000,9999.000,9999.000,9999.000,9999.000
202607182018,   1.233,   1.938,9999.000,9999.000,9999.000,9999.000,9999.000,9999.000,9999.000
202607182024,   1.212,   1.908,9999.000,9999.000,9999.000,9999.000,9999.000,9999.000,9999.000
202607182030,   1.189,   1.879,9999.000,9999.000,9999.000,9999.000,9999.000,9999.000,9999.000
202607182036,   1.166,   1.869,9999.000,9999.000,9999.000,9999.000,9999.000,9999.000,9999.000
202607182042,   1.142,   1.830,9999.000,9999.000,9999.000,9999.000,9999.000,9999.000,9999.000
202607182048,   1.118,   1.800,9999.000,9999.000,9999.000,9999.000,9999.000,9999.000,9999.000
202607182054,   1.093,   1.758,9999.000,9999.000,9999.000,9999.000,9999.000,9999.000,9999.000
202607182100,   1.068,   1.718,   0.600,   0.050,   1.718,   0.600,   1.718,   0.600,   1.718
202607182106,   1.042,   1.669,9999.000,9999.000,9999.000,9999.000,9999.000,9999.000,9999.000
202607182112,   1.017,   1.649,9999.000,9999.000,9999.000,9999.000,9999.000,9999.000,9999.000
202607182118,   0.990,   1.630,9999.000,9999.000,9999.000,9999.000,9999.000,9999.000,9999.000
202607182124,   0.964,   1.590,9999.000,9999.000,9999.000,9999.000,9999.000,9999.000,9999.000
202607182130,   0.937,   1.538,9999.000,9999.000,9999.000,9999.000,9999.000,9999.000,9999.000
202607182136,   0.911,   1.508,9999.000,9999.000,9999.000,9999.000,9999.000,9999.000,9999.000
202607182142,   0.884,   1.489,9999.000,9999.000,9999.000,9999.000,9999.000,9999.000,9999.000
202607182148,   0.857,   1.449,9999.000,9999.000,9999.000,9999.000,9999.000,9999.000,9999.000
202607182154,   0.830,   1.420,9999.000,9999.000,9999.000,9999.000,9999.000,9999.000,9999.000
202607182200,   0.803,   1.380,   0.600,  -0.023,   1.380,   0.500,   1.280,   0.600,   1.380
202607182206,   0.776,   1.361,9999.000,9999.000,9999.000,9999.000,9999.000,9999.000,9999.000
202607182212,   0.749,   1.338,9999.000,9999.000,9999.000,9999.000,9999.000,9999.000,9999.000
202607182218,   0.722,   1.328,9999.000,9999.000,9999.000,9999.000,9999.000,9999.000,9999.000
202607182224,   0.695,   1.338,9999.000,9999.000,9999.000,9999.000,9999.000,9999.000,9999.000
202607182230,   0.668,   1.328,9999.000,9999.000,9999.000,9999.000,9999.000,9999.000,9999.000
202607182236,   0.641,   1.318,9999.000,9999.000,9999.000,9999.000,9999.000,9999.000,9999.000
202607182242,   0.615,   1.308,9999.000,9999.000,9999.000,9999.000,9999.000,9999.000,9999.000
202607182248,   0.589,   1.279,9999.000,9999.000,9999.000,9999.000,9999.000,9999.000,9999.000
202607182254,   0.563,   1.259,9999.000,9999.000,9999.000,9999.000,9999.000,9999.000,9999.000
202607182300,   0.537,   1.249,   0.600,   0.112,   1.249,   0.500,   1.149,   0.600,   1.249
202607182306,   0.511,   1.239,9999.000,9999.000,9999.000,9999.000,9999.000,9999.000,9999.000
202607182312,   0.486,   1.220,9999.000,9999.000,9999.000,9999.000,9999.000,9999.000,9999.000
202607182318,   0.461,   1.210,9999.000,9999.000,9999.000,9999.000,9999.000,9999.000,9999.000
202607182324,   0.437,   1.180,9999.000,9999.000,9999.000,9999.000,9999.000,9999.000,9999.000
202607182330,   0.413,   1.151,9999.000,9999.000,9999.000,9999.000,9999.000,9999.000,9999.000
202607182336,   0.389,   1.108,9999.000,9999.000,9999.000,9999.000,9999.000,9999.000,9999.000
202607182342,   0.366,   1.079,9999.000,9999.000,9999.000,9999.000,9999.000,9999.000,9999.000
202607182348,   0.344,   1.039,9999.000,9999.000,9999.000,9999.000,9999.000,9999.000,9999.000
202607182354,   0.322,   1.010,9999.000,9999.000,9999.000,9999.000,9999.000,9999.000,9999.000
202607190000,   0.301,   1.000,   0.600,   0.099,   1.000,   0.600,   1.000,   0.600,   1.000
202607190006,   0.281,   0.970,9999.000,9999.000,9999.000,9999.000,9999.000,9999.000,9999.000
202607190012,   0.261,   0.951,9999.000,9999.000,9999.000,9999.000,9999.000,9999.000,9999.000
202607190018,   0.242,   0.918,9999.000,9999.000,9999.000,9999.000,9999.000,9999.000,9999.000
202607190024,   0.224,   0.898,9999.000,9999.000,9999.000,9999.000,9999.000,9999.000,9999.000
202607190030,   0.207,   0.898,9999.000,9999.000,9999.000,9999.000,9999.000,9999.000,9999.000
202607190036,   0.191,   0.898,9999.000,9999.000,9999.000,9999.000,9999.000,9999.000,9999.000
202607190042,   0.177,   0.869,9999.000,9999.000,9999.000,9999.000,9999.000,9999.000,9999.000
202607190048,   0.163,   0.888,9999.000,9999.000,9999.000,9999.000,9999.000,9999.000,9999.000
202607190054,   0.151,   0.898,9999.000,9999.000,9999.000,9999.000,9999.000,9999.000,9999.000
202607190100,   0.140,   0.918,   0.600,   0.178,   0.918,   0.500,   0.818,   0.600,   0.918
202607190106,   0.131,   0.928,9999.000,9999.000,9999.000,9999.000,9999.000,9999.000,9999.000
202607190112,   0.123,   0.908,9999.000,9999.000,9999.000,9999.000,9999.000,9999.000,9999.000
202607190118,   0.117,   0.918,9999.000,9999.000,9999.000,9999.000,9999.000,9999.000,9999.000
202607190124,   0.113,   0.941,9999.000,9999.000,9999.000,9999.000,9999.000,9999.000,9999.000
202607190130,   0.111,   0.918,9999.000,9999.000,9999.000,9999.000,9999.000,9999.000,9999.000
202607190136,   0.111,   0.908,9999.000,9999.000,9999.000,9999.000,9999.000,9999.000,9999.000
202607190142,   0.112,   0.918,9999.000,9999.000,9999.000,9999.000,9999.000,9999.000,9999.000
202607190148,   0.117,   0.941,9999.000,9999.000,9999.000,9999.000,9999.000,9999.000,9999.000
202607190154,   0.123,   0.941,9999.000,9999.000,9999.000,9999.000,9999.000,9999.000,9999.000
202607190200,   0.132,   1.000,   0.600,   0.268,   1.000,   0.500,   0.900,   0.600,   1.000
202607190206,   0.143,   1.039,9999.000,9999.000,9999.000,9999.000,9999.000,9999.000,9999.000
202607190212,   0.157,   1.020,9999.000,9999.000,9999.000,9999.000,9999.000,9999.000,9999.000
202607190218,   0.173,   1.079,9999.000,9999.000,9999.000,9999.000,9999.000,9999.000,9999.000
202607190224,   0.192,   1.118,9999.000,9999.000,9999.000,9999.000,9999.000,9999.000,9999.000
202607190230,   0.213,   1.138,9999.000,9999.000,9999.000,9999.000,9999.000,9999.000,9999.000
202607190236,   0.238,   1.180,9999.000,9999.000,9999.000,9999.000,9999.000,9999.000,9999.000
202607190242,   0.264,   1.229,9999.000,9999.000,9999.000,9999.000,9999.000,9999.000,9999.000
202607190248,   0.293,   1.279,9999.000,9999.000,9999.000,9999.000,9999.000,9999.000,9999.000
202607190254,   0.324,   1.318,9999.000,9999.000,9999.000,9999.000,9999.000,9999.000,9999.000
202607190300,   0.357,   1.390,   0.600,   0.433,   1.390,   0.500,   1.290,   0.600,   1.390
202607190306,   0.392,   1.420,9999.000,9999.000,9999.000,9999.000,9999.000,9999.000,9999.000
202607190312,   0.429,   1.400,9999.000,9999.000,9999.000,9999.000,9999.000,9999.000,9999.000
202607190318,   0.467,   1.430,9999.000,9999.000,9999.000,9999.000,9999.000,9999.000,9999.000
202607190324,   0.506,   1.459,9999.000,9999.000,9999.000,9999.000,9999.000,9999.000,9999.000
202607190330,   0.546,   1.508,9999.000,9999.000,9999.000,9999.000,9999.000,9999.000,9999.000
202607190336,   0.587,   1.528,9999.000,9999.000,9999.000,9999.000,9999.000,9999.000,9999.000
202607190342,   0.628,   1.557,9999.000,9999.000,9999.000,9999.000,9999.000,9999.000,9999.000
202607190348,   0.669,   1.600,9999.000,9999.000,9999.000,9999.000,9999.000,9999.000,9999.000
202607190354,   0.709,   1.630,9999.000,9999.000,9999.000,9999.000,9999.000,9999.000,9999.000
202607190400,   0.750,   1.689,   0.500,   0.439,   1.689,   0.500,   1.689,   0.600,   1.789
202607190406,   0.790,   1.748,9999.000,9999.000,9999.000,9999.000,9999.000,9999.000,9999.000
202607190412,   0.829,   1.728,9999.000,9999.000,9999.000,9999.000,9999.000,9999.000,9999.000
202607190418,   0.867,   1.758,9999.000,9999.000,9999.000,9999.000,9999.000,9999.000,9999.000
202607190424,   0.905,   1.790,9999.000,9999.000,9999.000,9999.000,9999.000,9999.000,9999.000
202607190430,   0.942,   1.830,9999.000,9999.000,9999.000,9999.000,9999.000,9999.000,9999.000
202607190436,   0.977,   1.889,9999.000,9999.000,9999.000,9999.000,9999.000,9999.000,9999.000
202607190442,   1.012,   1.918,9999.000,9999.000,9999.000,9999.000,9999.000,9999.000,9999.000
202607190448,   1.045,   1.958,9999.000,9999.000,9999.000,9999.000,9999.000,9999.000,9999.000
202607190454,   1.077,   2.059,9999.000,9999.000,9999.000,9999.000,9999.000,9999.000,9999.000
202607190500,   1.108,   2.099,   0.500,   0.491,   2.099,   0.500,   2.099,   0.600,   2.199
202607190506,   1.138,   2.128,9999.000,9999.000,9999.000,9999.000,9999.000,9999.000,9999.000
202607190512,   1.166,   2.109,9999.000,9999.000,9999.000,9999.000,9999.000,9999.000,9999.000
202607190518,   1.194,   2.128,9999.000,9999.000,9999.000,9999.000,9999.000,9999.000,9999.000
202607190524,   1.220,   2.168,9999.000,9999.000,9999.000,9999.000,9999.000,9999.000,9999.000
202607190530,   1.244,   2.177,9999.000,9999.000,9999.000,9999.000,9999.000,9999.000,9999.000
202607190536,   1.267,   2.191,9999.000,9999.000,9999.000,9999.000,9999.000,9999.000,9999.000
202607190542,   1.289,   2.269,9999.000,9999.000,9999.000,9999.000,9999.000,9999.000,9999.000
202607190548,   1.309,   2.289,9999.000,9999.000,9999.000,9999.000,9999.000,9999.000,9999.000
202607190554,   1.327,   2.309,9999.000,9999.000,9999.000,9999.000,9999.000,9999.000,9999.000
202607190600,   1.344,   2.309,   0.500,   0.465,   2.309,   0.500,   2.309,   0.600,   2.409
202607190606,   1.359,   2.348,9999.000,9999.000,9999.000,9999.000,9999.000,9999.000,9999.000
202607190612,   1.372,   2.328,9999.000,9999.000,9999.000,9999.000,9999.000,9999.000,9999.000
202607190618,   1.383,   2.328,9999.000,9999.000,9999.000,9999.000,9999.000,9999.000,9999.000
202607190624,   1.393,   2.338,9999.000,9999.000,9999.000,9999.000,9999.000,9999.000,9999.000
202607190630,   1.401,   2.348,9999.000,9999.000,9999.000,9999.000,9999.000,9999.000,9999.000
202607190636,   1.407,   2.387,9999.000,9999.000,9999.000,9999.000,9999.000,9999.000,9999.000
202607190642,   1.411,   2.368,9999.000,9999.000,9999.000,9999.000,9999.000,9999.000,9999.000
202607190648,   1.414,   2.368,9999.000,9999.000,9999.000,9999.000,9999.000,9999.000,9999.000
202607190654,   1.414,   2.377,9999.000,9999.000,9999.000,9999.000,9999.000,9999.000,9999.000
202607190700,   1.413,   2.368,   0.500,   0.455,   2.368,   0.500,   2.368,   0.600,   2.468
202607190706,   1.411,   2.348,9999.000,9999.000,9999.000,9999.000,9999.000,9999.000,9999.000
202607190712,   1.406,   2.328,9999.000,9999.000,9999.000,9999.000,9999.000,9999.000,9999.000
202607190718,   1.400,   2.309,9999.000,9999.000,9999.000,9999.000,9999.000,9999.000,9999.000
202607190724,   1.392,   2.289,9999.000,9999.000,9999.000,9999.000,9999.000,9999.000,9999.000
202607190730,   1.383,   2.269,9999.000,9999.000,9999.000,9999.000,9999.000,9999.000,9999.000
202607190736,   1.372,   2.230,9999.000,9999.000,9999.000,9999.000,9999.000,9999.000,9999.000
202607190742,   1.360,   2.210,9999.000,9999.000,9999.000,9999.000,9999.000,9999.000,9999.000
202607190748,   1.346,   2.177,9999.000,9999.000,9999.000,9999.000,9999.000,9999.000,9999.000
202607190754,   1.331,   2.148,9999.000,9999.000,9999.000,9999.000,9999.000,9999.000,9999.000
202607190800,   1.315,   2.118,   0.500,   0.303,   2.118,   0.500,   2.118,   0.600,   2.218
202607190806,   1.298,   2.089,9999.000,9999.000,9999.000,9999.000,9999.000,9999.000,9999.000
202607190812,   1.280,   2.069,9999.000,9999.000,9999.000,9999.000,9999.000,9999.000,9999.000
202607190818,   1.260,   2.020,9999.000,9999.000,9999.000,9999.000,9999.000,9999.000,9999.000
202607190824,   1.240,   1.981,9999.000,9999.000,9999.000,9999.000,9999.000,9999.000,9999.000
202607190830,   1.219,   1.938,9999.000,9999.000,9999.000,9999.000,9999.000,9999.000,9999.000
202607190836,   1.197,   1.908,9999.000,9999.000,9999.000,9999.000,9999.000,9999.000,9999.000
202607190842,   1.174,   1.869,9999.000,9999.000,9999.000,9999.000,9999.000,9999.000,9999.000
202607190848,   1.150,   1.840,9999.000,9999.000,9999.000,9999.000,9999.000,9999.000,9999.000
202607190854,   1.126,   1.810,9999.000,9999.000,9999.000,9999.000,9999.000,9999.000,9999.000
202607190900,   1.101,   1.767,   0.500,   0.166,   1.767,   0.500,   1.767,   0.600,   1.867
202607190906,   1.076,   1.738,9999.000,9999.000,9999.000,9999.000,9999.000,9999.000,9999.000
202607190912,   1.050,   1.718,9999.000,9999.000,9999.000,9999.000,9999.000,9999.000,9999.000
202607190918,   1.024,   1.679,9999.000,9999.000,9999.000,9999.000,9999.000,9999.000,9999.000
202607190924,   0.998,   1.659,9999.000,9999.000,9999.000,9999.000,9999.000,9999.000,9999.000
202607190930,   0.971,   1.630,9999.000,9999.000,9999.000,9999.000,9999.000,9999.000,9999.000
202607190936,   0.944,   1.590,9999.000,9999.000,9999.000,9999.000,9999.000,9999.000,9999.000
202607190942,   0.916,   1.557,9999.000,9999.000,9999.000,9999.000,9999.000,9999.000,9999.000
202607190948,   0.889,   1.548,9999.000,9999.000,9999.000,9999.000,9999.000,9999.000,9999.000
202607190954,   0.861,   1.508,9999.000,9999.000,9999.000,9999.000,9999.000,9999.000,9999.000
202607191000,   0.834,   1.489,   0.500,   0.155,   1.489,   0.400,   1.389,   0.500,   1.489
202607191006,   0.806,   1.469,9999.000,9999.000,9999.000,9999.000,9999.000,9999.000,9999.000
202607191012,   0.778,   1.449,9999.000,9999.000,9999.000,9999.000,9999.000,9999.000,9999.000
202607191018,   0.750,   1.430,9999.000,9999.000,9999.000,9999.000,9999.000,9999.000,9999.000
202607191024,   0.722,   1.400,9999.000,9999.000,9999.000,9999.000,9999.000,9999.000,9999.000
202607191030,   0.694,   1.380,9999.000,9999.000,9999.000,9999.000,9999.000,9999.000,9999.000
202607191036,   0.666,   1.361,9999.000,9999.000,9999.000,9999.000,9999.000,9999.000,9999.000
202607191042,   0.639,   1.328,9999.000,9999.000,9999.000,9999.000,9999.000,9999.000,9999.000
202607191048,   0.611,   1.298,9999.000,9999.000,9999.000,9999.000,9999.000,9999.000,9999.000
202607191054,   0.584,   1.279,9999.000,9999.000,9999.000,9999.000,9999.000,9999.000,9999.000
202607191100,   0.557,   1.249,   0.500,   0.192,   1.249,   0.400,   1.149,   0.500,   1.249
202607191106,   0.530,   1.229,9999.000,9999.000,9999.000,9999.000,9999.000,9999.000,9999.000
202607191112,   0.503,   1.210,9999.000,9999.000,9999.000,9999.000,9999.000,9999.000,9999.000
202607191118,   0.476,   1.190,9999.000,9999.000,9999.000,9999.000,9999.000,9999.000,9999.000
202607191124,   0.450,   1.170,9999.000,9999.000,9999.000,9999.000,9999.000,9999.000,9999.000
202607191130,   0.424,   1.151,9999.000,9999.000,9999.000,9999.000,9999.000,9999.000,9999.000
202607191136,   0.399,   1.128,9999.000,9999.000,9999.000,9999.000,9999.000,9999.000,9999.000
202607191142,   0.373,   1.098,9999.000,9999.000,9999.000,9999.000,9999.000,9999.000,9999.000
202607191148,   0.349,   1.079,9999.000,9999.000,9999.000,9999.000,9999.000,9999.000,9999.000
202607191154,   0.324,   1.049,9999.000,9999.000,9999.000,9999.000,9999.000,9999.000,9999.000
202607191200,   0.300,   1.020,   0.500,   0.227,   1.027,   0.400,   0.927,   0.500,   1.027
202607191206,   0.277,   1.000,9999.000,9999.000,9999.000,9999.000,9999.000,9999.000,9999.000
202607191212,   0.254,   0.980,9999.000,9999.000,9999.000,9999.000,9999.000,9999.000,9999.000
202607191218,   0.232,   0.970,9999.000,9999.000,9999.000,9999.000,9999.000,9999.000,9999.000
202607191224,   0.210,   0.941,9999.000,9999.000,9999.000,9999.000,9999.000,9999.000,9999.000
202607191230,   0.189,   0.918,9999.000,9999.000,9999.000,9999.000,9999.000,9999.000,9999.000
202607191236,   0.169,   0.898,9999.000,9999.000,9999.000,9999.000,9999.000,9999.000,9999.000
202607191242,   0.150,   0.879,9999.000,9999.000,9999.000,9999.000,9999.000,9999.000,9999.000
202607191248,   0.131,   0.869,9999.000,9999.000,9999.000,9999.000,9999.000,9999.000,9999.000
202607191254,   0.114,   0.839,9999.000,9999.000,9999.000,9999.000,9999.000,9999.000,9999.000
202607191300,   0.097,   0.819,   0.500,   0.240,   0.837,   0.400,   0.737,   0.500,   0.837
202607191306,   0.081,   0.810,9999.000,9999.000,9999.000,9999.000,9999.000,9999.000,9999.000
202607191312,   0.067,   0.790,9999.000,9999.000,9999.000,9999.000,9999.000,9999.000,9999.000
202607191318,   0.054,   0.770,9999.000,9999.000,9999.000,9999.000,9999.000,9999.000,9999.000
202607191324,   0.042,   0.751,9999.000,9999.000,9999.000,9999.000,9999.000,9999.000,9999.000
202607191330,   0.031,   0.741,9999.000,9999.000,9999.000,9999.000,9999.000,9999.000,9999.000
202607191336,   0.022,   0.718,9999.000,9999.000,9999.000,9999.000,9999.000,9999.000,9999.000
202607191342,   0.015,   0.698,9999.000,9999.000,9999.000,9999.000,9999.000,9999.000,9999.000
202607191348,   0.009,   0.698,9999.000,9999.000,9999.000,9999.000,9999.000,9999.000,9999.000
202607191354,   0.005,   0.688,9999.000,9999.000,9999.000,9999.000,9999.000,9999.000,9999.000
202607191400,   0.003,   0.678,   0.500,   0.281,   0.784,   0.400,   0.684,   0.500,   0.784
202607191406,   0.003,   0.669,9999.000,9999.000,9999.000,9999.000,9999.000,9999.000,9999.000
202607191412,   0.004,   0.659,9999.000,9999.000,9999.000,9999.000,9999.000,9999.000,9999.000
202607191418,   0.008,   0.659,9999.000,9999.000,9999.000,9999.000,9999.000,9999.000,9999.000
202607191424,   0.014,   0.659,9999.000,9999.000,9999.000,9999.000,9999.000,9999.000,9999.000
202607191430,   0.022,   0.678,9999.000,9999.000,9999.000,9999.000,9999.000,9999.000,9999.000
202607191436,   0.033,   0.688,9999.000,9999.000,9999.000,9999.000,9999.000,9999.000,9999.000
202607191442,   0.046,   0.708,9999.000,9999.000,9999.000,9999.000,9999.000,9999.000,9999.000
202607191448,   0.061,   0.741,9999.000,9999.000,9999.000,9999.000,9999.000,9999.000,9999.000
202607191454,   0.079,   0.780,9999.000,9999.000,9999.000,9999.000,9999.000,9999.000,9999.000
202607191500,   0.099,   0.810,   0.500,   0.367,   0.966,   0.500,   0.966,   0.500,   0.966
202607191506,   0.121,   0.869,9999.000,9999.000,9999.000,9999.000,9999.000,9999.000,9999.000
202607191512,   0.146,   0.849,9999.000,9999.000,9999.000,9999.000,9999.000,9999.000,9999.000
202607191518,   0.173,   0.898,9999.000,9999.000,9999.000,9999.000,9999.000,9999.000,9999.000
202607191524,   0.202,   0.928,9999.000,9999.000,9999.000,9999.000,9999.000,9999.000,9999.000
202607191530,   0.233,   0.980,9999.000,9999.000,9999.000,9999.000,9999.000,9999.000,9999.000
202607191536,   0.266,   1.010,9999.000,9999.000,9999.000,9999.000,9999.000,9999.000,9999.000
202607191542,   0.300,   1.059,9999.000,9999.000,9999.000,9999.000,9999.000,9999.000,9999.000
202607191548,   0.336,   1.108,9999.000,9999.000,9999.000,9999.000,9999.000,9999.000,9999.000
202607191554,   0.373,   1.161,9999.000,9999.000,9999.000,9999.000,9999.000,9999.000,9999.000
202607191600,   0.412,   1.259,   0.500,   0.455,   1.367,   0.500,   1.367,   0.500,   1.367
202607191606,   0.451,   1.318,9999.000,9999.000,9999.000,9999.000,9999.000,9999.000,9999.000
202607191612,   0.491,   1.308,9999.000,9999.000,9999.000,9999.000,9999.000,9999.000,9999.000
202607191618,   0.531,   1.328,9999.000,9999.000,9999.000,9999.000,9999.000,9999.000,9999.000
202607191624,   0.571,   1.390,9999.000,9999.000,9999.000,9999.000,9999.000,9999.000,9999.000
202607191630,   0.612,   1.449,9999.000,9999.000,9999.000,9999.000,9999.000,9999.000,9999.000
202607191636,   0.653,   1.489,9999.000,9999.000,9999.000,9999.000,9999.000,9999.000,9999.000
202607191642,   0.693,   1.548,9999.000,9999.000,9999.000,9999.000,9999.000,9999.000,9999.000
202607191648,   0.733,   1.580,9999.000,9999.000,9999.000,9999.000,9999.000,9999.000,9999.000
202607191654,   0.773,   1.679,9999.000,9999.000,9999.000,9999.000,9999.000,9999.000,9999.000
202607191700,   0.812,   1.718,   0.500,   0.484,   1.796,   0.500,   1.796,   0.500,   1.796
202607191706,   0.851,   1.728,9999.000,9999.000,9999.000,9999.000,9999.000,9999.000,9999.000
202607191712,   0.889,   1.800,9999.000,9999.000,9999.000,9999.000,9999.000,9999.000,9999.000
202607191718,   0.926,   1.840,9999.000,9999.000,9999.000,9999.000,9999.000,9999.000,9999.000
202607191724,   0.963,   1.849,9999.000,9999.000,9999.000,9999.000,9999.000,9999.000,9999.000
202607191730,   0.998,   1.899,9999.000,9999.000,9999.000,9999.000,9999.000,9999.000,9999.000
202607191736,   1.033,   1.918,9999.000,9999.000,9999.000,9999.000,9999.000,9999.000,9999.000
202607191742,   1.067,   1.958,9999.000,9999.000,9999.000,9999.000,9999.000,9999.000,9999.000
202607191748,   1.099,   1.990,9999.000,9999.000,9999.000,9999.000,9999.000,9999.000,9999.000
202607191754,   1.131,9999.000,9999.000,9999.000,9999.000,9999.000,9999.000,9999.000,9999.000
202607191800,   1.161,9999.000,   0.500,   0.445,   2.106,   0.500,   2.106,   0.500,   2.106
202607191806,   1.190,9999.000,9999.000,9999.000,9999.000,9999.000,9999.000,9999.000,9999.000
202607191812,   1.218,9999.000,9999.000,9999.000,9999.000,9999.000,9999.000,9999.000,9999.000
202607191818,   1.244,9999.000,9999.000,9999.000,9999.000,9999.000,9999.000,9999.000,9999.000
202607191824,   1.268,9999.000,9999.000,9999.000,9999.000,9999.000,9999.000,9999.000,9999.000
202607191830,   1.291,9999.000,9999.000,9999.000,9999.000,9999.000,9999.000,9999.000,9999.000
202607191836,   1.311,9999.000,9999.000,9999.000,9999.000,9999.000,9999.000,9999.000,9999.000
202607191842,   1.330,9999.000,9999.000,9999.000,9999.000,9999.000,9999.000,9999.000,9999.000
202607191848,   1.347,9999.000,9999.000,9999.000,9999.000,9999.000,9999.000,9999.000,9999.000
202607191854,   1.362,9999.000,9999.000,9999.000,9999.000,9999.000,9999.000,9999.000,9999.000
202607191900,   1.375,9999.000,   0.500,   0.368,   2.243,   0.500,   2.243,   0.500,   2.243
202607191906,   1.386,9999.000,9999.000,9999.000,9999.000,9999.000,9999.000,9999.000,9999.000
202607191912,   1.394,9999.000,9999.000,9999.000,9999.000,9999.000,9999.000,9999.000,9999.000
202607191918,   1.401,9999.000,9999.000,9999.000,9999.000,9999.000,9999.000,9999.000,9999.000
202607191924,   1.406,9999.000,9999.000,9999.000,9999.000,9999.000,9999.000,9999.000,9999.000
202607191930,   1.408,9999.000,9999.000,9999.000,9999.000,9999.000,9999.000,9999.000,9999.000
202607191936,   1.409,9999.000,9999.000,9999.000,9999.000,9999.000,9999.000,9999.000,9999.000
202607191942,   1.408,9999.000,9999.000,9999.000,9999.000,9999.000,9999.000,9999.000,9999.000
202607191948,   1.405,9999.000,9999.000,9999.000,9999.000,9999.000,9999.000,9999.000,9999.000
202607191954,   1.400,9999.000,9999.000,9999.000,9999.000,9999.000,9999.000,9999.000,9999.000
202607192000,   1.394,9999.000,   0.500,   0.269,   2.163,   0.500,   2.163,   0.500,   2.163
202607192006,   1.385,9999.000,9999.000,9999.000,9999.000,9999.000,9999.000,9999.000,9999.000
202607192012,   1.376,9999.000,9999.000,9999.000,9999.000,9999.000,9999.000,9999.000,9999.000
202607192018,   1.365,9999.000,9999.000,9999.000,9999.000,9999.000,9999.000,9999.000,9999.000
202607192024,   1.352,9999.000,9999.000,9999.000,9999.000,9999.000,9999.000,9999.000,9999.000
202607192030,   1.338,9999.000,9999.000,9999.000,9999.000,9999.000,9999.000,9999.000,9999.000
202607192036,   1.323,9999.000,9999.000,9999.000,9999.000,9999.000,9999.000,9999.000,9999.000
202607192042,   1.307,9999.000,9999.000,9999.000,9999.000,9999.000,9999.000,9999.000,9999.000
202607192048,   1.290,9999.000,9999.000,9999.000,9999.000,9999.000,9999.000,9999.000,9999.000
202607192054,   1.272,9999.000,9999.000,9999.000,9999.000,9999.000,9999.000,9999.000,9999.000
202607192100,   1.253,9999.000,   0.500,   0.167,   1.920,   0.500,   1.920,   0.500,   1.920
202607192106,   1.233,9999.000,9999.000,9999.000,9999.000,9999.000,9999.000,9999.000,9999.000
202607192112,   1.212,9999.000,9999.000,9999.000,9999.000,9999.000,9999.000,9999.000,9999.000
202607192118,   1.191,9999.000,9999.000,9999.000,9999.000,9999.000,9999.000,9999.000,9999.000
202607192124,   1.169,9999.000,9999.000,9999.000,9999.000,9999.000,9999.000,9999.000,9999.000
202607192130,   1.146,9999.000,9999.000,9999.000,9999.000,9999.000,9999.000,9999.000,9999.000
202607192136,   1.124,9999.000,9999.000,9999.000,9999.000,9999.000,9999.000,9999.000,9999.000
202607192142,   1.100,9999.000,9999.000,9999.000,9999.000,9999.000,9999.000,9999.000,9999.000
202607192148,   1.076,9999.000,9999.000,9999.000,9999.000,9999.000,9999.000,9999.000,9999.000
202607192154,   1.052,9999.000,9999.000,9999.000,9999.000,9999.000,9999.000,9999.000,9999.000
202607192200,   1.028,9999.000,   0.500,   0.094,   1.622,   0.500,   1.622,   0.500,   1.622
202607192206,   1.003,9999.000,9999.000,9999.000,9999.000,9999.000,9999.000,9999.000,9999.000
202607192212,   0.978,9999.000,9999.000,9999.000,9999.000,9999.000,9999.000,9999.000,9999.000
202607192218,   0.953,9999.000,9999.000,9999.000,9999.000,9999.000,9999.000,9999.000,9999.000
202607192224,   0.928,9999.000,9999.000,9999.000,9999.000,9999.000,9999.000,9999.000,9999.000
202607192230,   0.903,9999.000,9999.000,9999.000,9999.000,9999.000,9999.000,9999.000,9999.000
202607192236,   0.878,9999.000,9999.000,9999.000,9999.000,9999.000,9999.000,9999.000,9999.000
202607192242,   0.853,9999.000,9999.000,9999.000,9999.000,9999.000,9999.000,9999.000,9999.000
202607192248,   0.827,9999.000,9999.000,9999.000,9999.000,9999.000,9999.000,9999.000,9999.000
202607192254,   0.802,9999.000,9999.000,9999.000,9999.000,9999.000,9999.000,9999.000,9999.000
202607192300,   0.777,9999.000,   0.500,   0.070,   1.347,   0.500,   1.347,   0.500,   1.347
202607192306,   0.752,9999.000,9999.000,9999.000,9999.000,9999.000,9999.000,9999.000,9999.000
202607192312,   0.728,9999.000,9999.000,9999.000,9999.000,9999.000,9999.000,9999.000,9999.000
202607192318,   0.703,9999.000,9999.000,9999.000,9999.000,9999.000,9999.000,9999.000,9999.000
202607192324,   0.679,9999.000,9999.000,9999.000,9999.000,9999.000,9999.000,9999.000,9999.000
202607192330,   0.654,9999.000,9999.000,9999.000,9999.000,9999.000,9999.000,9999.000,9999.000
202607192336,   0.631,9999.000,9999.000,9999.000,9999.000,9999.000,9999.000,9999.000,9999.000
202607192342,   0.607,9999.000,9999.000,9999.000,9999.000,9999.000,9999.000,9999.000,9999.000
202607192348,   0.584,9999.000,9999.000,9999.000,9999.000,9999.000,9999.000,9999.000,9999.000
202607192354,   0.561,9999.000,9999.000,9999.000,9999.000,9999.000,9999.000,9999.000,9999.000
202607200000,   0.538,9999.000,   0.500,   0.084,   1.122,   0.500,   1.122,   0.500,   1.122
202607200006,   0.516,9999.000,9999.000,9999.000,9999.000,9999.000,9999.000,9999.000,9999.000
202607200012,   0.494,9999.000,9999.000,9999.000,9999.000,9999.000,9999.000,9999.000,9999.000
202607200018,   0.472,9999.000,9999.000,9999.000,9999.000,9999.000,9999.000,9999.000,9999.000
202607200024,   0.451,9999.000,9999.000,9999.000,9999.000,9999.000,9999.000,9999.000,9999.000
202607200030,   0.431,9999.000,9999.000,9999.000,9999.000,9999.000,9999.000,9999.000,9999.000
202607200036,   0.410,9999.000,9999.000,9999.000,9999.000,9999.000,9999.000,9999.000,9999.000
202607200042,   0.391,9999.000,9999.000,9999.000,9999.000,9999.000,9999.000,9999.000,9999.000
202607200048,   0.372,9999.000,9999.000,9999.000,9999.000,9999.000,9999.000,9999.000,9999.000
202607200054,   0.354,9999.000,9999.000,9999.000,9999.000,9999.000,9999.000,9999.000,9999.000
202607200100,   0.336,9999.000,   0.500,   0.128,   0.964,   0.500,   0.964,   0.500,   0.964
202607200106,   0.319,9999.000,9999.000,9999.000,9999.000,9999.000,9999.000,9999.000,9999.000
202607200112,   0.303,9999.000,9999.000,9999.000,9999.000,9999.000,9999.000,9999.000,9999.000
202607200118,   0.288,9999.000,9999.000,9999.000,9999.000,9999.000,9999.000,9999.000,9999.000
202607200124,   0.274,9999.000,9999.000,9999.000,9999.000,9999.000,9999.000,9999.000,9999.000
202607200130,   0.260,9999.000,9999.000,9999.000,9999.000,9999.000,9999.000,9999.000,9999.000
202607200136,   0.248,9999.000,9999.000,9999.000,9999.000,9999.000,9999.000,9999.000,9999.000
202607200142,   0.237,9999.000,9999.000,9999.000,9999.000,9999.000,9999.000,9999.000,9999.000
202607200148,   0.227,9999.000,9999.000,9999.000,9999.000,9999.000,9999.000,9999.000,9999.000
202607200154,   0.218,9999.000,9999.000,9999.000,9999.000,9999.000,9999.000,9999.000,9999.000
202607200200,   0.210,9999.000,   0.500,   0.215,   0.925,   0.400,   0.825,   0.500,   0.925
202607200206,   0.204,9999.000,9999.000,9999.000,9999.000,9999.000,9999.000,9999.000,9999.000
202607200212,   0.199,9999.000,9999.000,9999.000,9999.000,9999.000,9999.000,9999.000,9999.000
202607200218,   0.196,9999.000,9999.000,9999.000,9999.000,9999.000,9999.000,9999.000,9999.000
202607200224,   0.195,9999.000,9999.000,9999.000,9999.000,9999.000,9999.000,9999.000,9999.000
202607200230,   0.195,9999.000,9999.000,9999.000,9999.000,9999.000,9999.000,9999.000,9999.000
202607200236,   0.197,9999.000,9999.000,9999.000,9999.000,9999.000,9999.000,9999.000,9999.000
202607200242,   0.201,9999.000,9999.000,9999.000,9999.000,9999.000,9999.000,9999.000,9999.000
202607200248,   0.207,9999.000,9999.000,9999.000,9999.000,9999.000,9999.000,9999.000,9999.000
202607200254,   0.214,9999.000,9999.000,9999.000,9999.000,9999.000,9999.000,9999.000,9999.000
202607200300,   0.224,9999.000,   0.500,   0.342,   1.066,   0.400,   0.966,   0.500,   1.066
202607200306,   0.236,9999.000,9999.000,9999.000,9999.000,9999.000,9999.000,9999.000,9999.000
202607200312,   0.250,9999.000,9999.000,9999.000,9999.000,9999.000,9999.000,9999.000,9999.000
202607200318,   0.267,9999.000,9999.000,9999.000,9999.000,9999.000,9999.000,9999.000,9999.000
202607200324,   0.285,9999.000,9999.000,9999.000,9999.000,9999.000,9999.000,9999.000,9999.000
202607200330,   0.306,9999.000,9999.000,9999.000,9999.000,9999.000,9999.000,9999.000,9999.000
202607200336,   0.328,9999.000,9999.000,9999.000,9999.000,9999.000,9999.000,9999.000,9999.000
202607200342,   0.353,9999.000,9999.000,9999.000,9999.000,9999.000,9999.000,9999.000,9999.000
202607200348,   0.379,9999.000,9999.000,9999.000,9999.000,9999.000,9999.000,9999.000,9999.000
202607200354,   0.407,9999.000,9999.000,9999.000,9999.000,9999.000,9999.000,9999.000,9999.000
202607200400,   0.437,9999.000,   0.500,   0.463,   1.400,   0.400,   1.300,   0.500,   1.400
202607200406,   0.468,9999.000,9999.000,9999.000,9999.000,9999.000,9999.000,9999.000,9999.000
202607200412,   0.500,9999.000,9999.000,9999.000,9999.000,9999.000,9999.000,9999.000,9999.000
202607200418,   0.532,9999.000,9999.000,9999.000,9999.000,9999.000,9999.000,9999.000,9999.000
202607200424,   0.566,9999.000,9999.000,9999.000,9999.000,9999.000,9999.000,9999.000,9999.000
202607200430,   0.600,9999.000,9999.000,9999.000,9999.000,9999.000,9999.000,9999.000,9999.000
202607200436,   0.634,9999.000,9999.000,9999.000,9999.000,9999.000,9999.000,9999.000,9999.000
202607200442,   0.668,9999.000,9999.000,9999.000,9999.000,9999.000,9999.000,9999.000,9999.000
202607200448,   0.703,9999.000,9999.000,9999.000,9999.000,9999.000,9999.000,9999.000,9999.000
202607200454,   0.737,9999.000,9999.000,9999.000,9999.000,9999.000,9999.000,9999.000,9999.000
202607200500,   0.770,9999.000,   0.500,   0.533,   1.803,   0.400,   1.703,   0.500,   1.803
202607200506,   0.803,9999.000,9999.000,9999.000,9999.000,9999.000,9999.000,9999.000,9999.000
202607200512,   0.836,9999.000,9999.000,9999.000,9999.000,9999.000,9999.000,9999.000,9999.000
202607200518,   0.868,9999.000,9999.000,9999.000,9999.000,9999.000,9999.000,9999.000,9999.000
202607200524,   0.899,9999.000,9999.000,9999.000,9999.000,9999.000,9999.000,9999.000,9999.000
202607200530,   0.930,9999.000,9999.000,9999.000,9999.000,9999.000,9999.000,9999.000,9999.000
202607200536,   0.959,9999.000,9999.000,9999.000,9999.000,9999.000,9999.000,9999.000,9999.000
202607200542,   0.988,9999.000,9999.000,9999.000,9999.000,9999.000,9999.000,9999.000,9999.000
202607200548,   1.016,9999.000,9999.000,9999.000,9999.000,9999.000,9999.000,9999.000,9999.000
202607200554,   1.044,9999.000,9999.000,9999.000,9999.000,9999.000,9999.000,9999.000,9999.000
202607200600,   1.070,9999.000,   0.500,   0.551,   2.121,   0.400,   2.021,   0.500,   2.121
202607200606,   1.095,9999.000,9999.000,9999.000,9999.000,9999.000,9999.000,9999.000,9999.000
202607200612,   1.119,9999.000,9999.000,9999.000,9999.000,9999.000,9999.000,9999.000,9999.000
202607200618,   1.143,9999.000,9999.000,9999.000,9999.000,9999.000,9999.000,9999.000,9999.000
202607200624,   1.164,9999.000,9999.000,9999.000,9999.000,9999.000,9999.000,9999.000,9999.000
202607200630,   1.185,9999.000,9999.000,9999.000,9999.000,9999.000,9999.000,9999.000,9999.000
202607200636,   1.205,9999.000,9999.000,9999.000,9999.000,9999.000,9999.000,9999.000,9999.000
202607200642,   1.223,9999.000,9999.000,9999.000,9999.000,9999.000,9999.000,9999.000,9999.000
202607200648,   1.239,9999.000,9999.000,9999.000,9999.000,9999.000,9999.000,9999.000,9999.000
202607200654,   1.254,9999.000,9999.000,9999.000,9999.000,9999.000,9999.000,9999.000,9999.000
202607200700,   1.268,9999.000,   0.500,   0.524,   2.292,   0.500,   2.292,   0.500,   2.292
202607200706,   1.279,9999.000,9999.000,9999.000,9999.000,9999.000,9999.000,9999.000,9999.000
202607200712,   1.290,9999.000,9999.000,9999.000,9999.000,9999.000,9999.000,9999.000,9999.000
202607200718,   1.298,9999.000,9999.000,9999.000,9999.000,9999.000,9999.000,9999.000,9999.000
202607200724,   1.305,9999.000,9999.000,9999.000,9999.000,9999.000,9999.000,9999.000,9999.000
202607200730,   1.310,9999.000,9999.000,9999.000,9999.000,9999.000,9999.000,9999.000,9999.000
202607200736,   1.313,9999.000,9999.000,9999.000,9999.000,9999.000,9999.000,9999.000,9999.000
202607200742,   1.314,9999.000,9999.000,9999.000,9999.000,9999.000,9999.000,9999.000,9999.000
202607200748,   1.314,9999.000,9999.000,9999.000,9999.000,9999.000,9999.000,9999.000,9999.000
202607200754,   1.312,9999.000,9999.000,9999.000,9999.000,9999.000,9999.000,9999.000,9999.000
202607200800,   1.309,9999.000,   0.500,   0.443,   2.252,   0.400,   2.152,   0.500,   2.252
202607200806,   1.304,9999.000,9999.000,9999.000,9999.000,9999.000,9999.000,9999.000,9999.000
202607200812,   1.297,9999.000,9999.000,9999.000,9999.000,9999.000,9999.000,9999.000,9999.000
202607200818,   1.289,9999.000,9999.000,9999.000,9999.000,9999.000,9999.000,9999.000,9999.000
202607200824,   1.279,9999.000,9999.000,9999.000,9999.000,9999.000,9999.000,9999.000,9999.000
202607200830,   1.268,9999.000,9999.000,9999.000,9999.000,9999.000,9999.000,9999.000,9999.000
202607200836,   1.256,9999.000,9999.000,9999.000,9999.000,9999.000,9999.000,9999.000,9999.000
202607200842,   1.242,9999.000,9999.000,9999.000,9999.000,9999.000,9999.000,9999.000,9999.000
202607200848,   1.228,9999.000,9999.000,9999.000,9999.000,9999.000,9999.000,9999.000,9999.000
202607200854,   1.212,9999.000,9999.000,9999.000,9999.000,9999.000,9999.000,9999.000,9999.000
202607200900,   1.195,9999.000,   0.500,   0.328,   2.023,   0.500,   2.023,   0.500,   2.023
202607200906,   1.177,9999.000,9999.000,9999.000,9999.000,9999.000,9999.000,9999.000,9999.000
202607200912,   1.158,9999.000,9999.000,9999.000,9999.000,9999.000,9999.000,9999.000,9999.000
202607200918,   1.139,9999.000,9999.000,9999.000,9999.000,9999.000,9999.000,9999.000,9999.000
202607200924,   1.119,9999.000,9999.000,9999.000,9999.000,9999.000,9999.000,9999.000,9999.000
202607200930,   1.098,9999.000,9999.000,9999.000,9999.000,9999.000,9999.000,9999.000,9999.000
202607200936,   1.076,9999.000,9999.000,9999.000,9999.000,9999.000,9999.000,9999.000,9999.000
202607200942,   1.054,9999.000,9999.000,9999.000,9999.000,9999.000,9999.000,9999.000,9999.000
202607200948,   1.031,9999.000,9999.000,9999.000,9999.000,9999.000,9999.000,9999.000,9999.000
202607200954,   1.008,9999.000,9999.000,9999.000,9999.000,9999.000,9999.000,9999.000,9999.000
202607201000,   0.985,9999.000,   0.500,   0.235,   1.720,   0.500,   1.720,   0.500,   1.720
202607201006,   0.961,9999.000,9999.000,9999.000,9999.000,9999.000,9999.000,9999.000,9999.000
202607201012,   0.937,9999.000,9999.000,9999.000,9999.000,9999.000,9999.000,9999.000,9999.000
202607201018,   0.912,9999.000,9999.000,9999.000,9999.000,9999.000,9999.000,9999.000,9999.000
202607201024,   0.888,9999.000,9999.000,9999.000,9999.000,9999.000,9999.000,9999.000,9999.000
202607201030,   0.863,9999.000,9999.000,9999.000,9999.000,9999.000,9999.000,9999.000,9999.000
202607201036,   0.839,9999.000,9999.000,9999.000,9999.000,9999.000,9999.000,9999.000,9999.000
202607201042,   0.814,9999.000,9999.000,9999.000,9999.000,9999.000,9999.000,9999.000,9999.000
202607201048,   0.789,9999.000,9999.000,9999.000,9999.000,9999.000,9999.000,9999.000,9999.000
202607201054,   0.764,9999.000,9999.000,9999.000,9999.000,9999.000,9999.000,9999.000,9999.000
202607201100,   0.740,9999.000,   0.500,   0.195,   1.435,   0.500,   1.435,   0.500,   1.435
202607201106,   0.715,9999.000,9999.000,9999.000,9999.000,9999.000,9999.000,9999.000,9999.000
202607201112,   0.690,9999.000,9999.000,9999.000,9999.000,9999.000,9999.000,9999.000,9999.000
202607201118,   0.666,9999.000,9999.000,9999.000,9999.000,9999.000,9999.000,9999.000,9999.000
202607201124,   0.642,9999.000,9999.000,9999.000,9999.000,9999.000,9999.000,9999.000,9999.000
202607201130,   0.618,9999.000,9999.000,9999.000,9999.000,9999.000,9999.000,9999.000,9999.000
202607201136,   0.594,9999.000,9999.000,9999.000,9999.000,9999.000,9999.000,9999.000,9999.000
202607201142,   0.571,9999.000,9999.000,9999.000,9999.000,9999.000,9999.000,9999.000,9999.000
202607201148,   0.547,9999.000,9999.000,9999.000,9999.000,9999.000,9999.000,9999.000,9999.000
202607201154,   0.524,9999.000,9999.000,9999.000,9999.000,9999.000,9999.000,9999.000,9999.000
202607201200,   0.502,9999.000,   0.500,   0.174,   1.176,   0.500,   1.176,   0.500,   1.176
202607201206,   0.479,9999.000,9999.000,9999.000,9999.000,9999.000,9999.000,9999.000,9999.000
202607201212,   0.457,9999.000,9999.000,9999.000,9999.000,9999.000,9999.000,9999.000,9999.000
202607201218,   0.436,9999.000,9999.000,9999.000,9999.000,9999.000,9999.000,9999.000,9999.000
202607201224,   0.414,9999.000,9999.000,9999.000,9999.000,9999.000,9999.000,9999.000,9999.000
202607201230,   0.393,9999.000,9999.000,9999.000,9999.000,9999.000,9999.000,9999.000,9999.000
202607201236,   0.373,9999.000,9999.000,9999.000,9999.000,9999.000,9999.000,9999.000,9999.000
202607201242,   0.353,9999.000,9999.000,9999.000,9999.000,9999.000,9999.000,9999.000,9999.000
202607201248,   0.333,9999.000,9999.000,9999.000,9999.000,9999.000,9999.000,9999.000,9999.000
202607201254,   0.314,9999.000,9999.000,9999.000,9999.000,9999.000,9999.000,9999.000,9999.000
202607201300,   0.295,9999.000,   0.500,   0.153,   0.948,   0.400,   0.848,   0.500,   0.948
202607201306,   0.277,9999.000,9999.000,9999.000,9999.000,9999.000,9999.000,9999.000,9999.000
202607201312,   0.260,9999.000,9999.000,9999.000,9999.000,9999.000,9999.000,9999.000,9999.000
202607201318,   0.243,9999.000,9999.000,9999.000,9999.000,9999.000,9999.000,9999.000,9999.000
202607201324,   0.226,9999.000,9999.000,9999.000,9999.000,9999.000,9999.000,9999.000,9999.000
202607201330,   0.211,9999.000,9999.000,9999.000,9999.000,9999.000,9999.000,9999.000,9999.000
202607201336,   0.196,9999.000,9999.000,9999.000,9999.000,9999.000,9999.000,9999.000,9999.000
202607201342,   0.182,9999.000,9999.000,9999.000,9999.000,9999.000,9999.000,9999.000,9999.000
202607201348,   0.168,9999.000,9999.000,9999.000,9999.000,9999.000,9999.000,9999.000,9999.000
202607201354,   0.156,9999.000,9999.000,9999.000,9999.000,9999.000,9999.000,9999.000,9999.000
202607201400,   0.144,9999.000,   0.500,   0.171,   0.815,   0.400,   0.715,   0.500,   0.815
202607201406,   0.134,9999.000,9999.000,9999.000,9999.000,9999.000,9999.000,9999.000,9999.000
202607201412,   0.124,9999.000,9999.000,9999.000,9999.000,9999.000,9999.000,9999.000,9999.000
202607201418,   0.116,9999.000,9999.000,9999.000,9999.000,9999.000,9999.000,9999.000,9999.000
202607201424,   0.109,9999.000,9999.000,9999.000,9999.000,9999.000,9999.000,9999.000,9999.000
202607201430,   0.103,9999.000,9999.000,9999.000,9999.000,9999.000,9999.000,9999.000,9999.000
202607201436,   0.099,9999.000,9999.000,9999.000,9999.000,9999.000,9999.000,9999.000,9999.000
202607201442,   0.096,9999.000,9999.000,9999.000,9999.000,9999.000,9999.000,9999.000,9999.000
202607201448,   0.094,9999.000,9999.000,9999.000,9999.000,9999.000,9999.000,9999.000,9999.000
202607201454,   0.094,9999.000,9999.000,9999.000,9999.000,9999.000,9999.000,9999.000,9999.000
202607201500,   0.096,9999.000,   0.500,   0.264,   0.860,   0.400,   0.760,   0.500,   0.860
202607201506,   0.100,9999.000,9999.000,9999.000,9999.000,9999.000,9999.000,9999.000,9999.000
202607201512,   0.105,9999.000,9999.000,9999.000,9999.000,9999.000,9999.000,9999.000,9999.000
202607201518,   0.113,9999.000,9999.000,9999.000,9999.000,9999.000,9999.000,9999.000,9999.000
202607201524,   0.122,9999.000,9999.000,9999.000,9999.000,9999.000,9999.000,9999.000,9999.000
202607201530,   0.133,9999.000,9999.000,9999.000,9999.000,9999.000,9999.000,9999.000,9999.000
202607201536,   0.147,9999.000,9999.000,9999.000,9999.000,9999.000,9999.000,9999.000,9999.000
202607201542,   0.162,9999.000,9999.000,9999.000,9999.000,9999.000,9999.000,9999.000,9999.000
202607201548,   0.180,9999.000,9999.000,9999.000,9999.000,9999.000,9999.000,9999.000,9999.000
202607201554,   0.199,9999.000,9999.000,9999.000,9999.000,9999.000,9999.000,9999.000,9999.000
202607201600,   0.221,9999.000,   0.500,   0.393,   1.114,   0.400,   1.014,   0.500,   1.114
202607201606,   0.244,9999.000,9999.000,9999.000,9999.000,9999.000,9999.000,9999.000,9999.000
202607201612,   0.270,9999.000,9999.000,9999.000,9999.000,9999.000,9999.000,9999.000,9999.000
202607201618,   0.297,9999.000,9999.000,9999.000,9999.000,9999.000,9999.000,9999.000,9999.000
202607201624,   0.325,9999.000,9999.000,9999.000,9999.000,9999.000,9999.000,9999.000,9999.000
202607201630,   0.356,9999.000,9999.000,9999.000,9999.000,9999.000,9999.000,9999.000,9999.000
202607201636,   0.387,9999.000,9999.000,9999.000,9999.000,9999.000,9999.000,9999.000,9999.000
202607201642,   0.420,9999.000,9999.000,9999.000,9999.000,9999.000,9999.000,9999.000,9999.000
202607201648,   0.454,9999.000,9999.000,9999.000,9999.000,9999.000,9999.000,9999.000,9999.000
202607201654,   0.489,9999.000,9999.000,9999.000,9999.000,9999.000,9999.000,9999.000,9999.000
202607201700,   0.524,9999.000,   0.500,   0.482,   1.506,   0.400,   1.406,   0.500,   1.506
202607201706,   0.560,9999.000,9999.000,9999.000,9999.000,9999.000,9999.000,9999.000,9999.000
202607201712,   0.596,9999.000,9999.000,9999.000,9999.000,9999.000,9999.000,9999.000,9999.000
202607201718,   0.633,9999.000,9999.000,9999.000,9999.000,9999.000,9999.000,9999.000,9999.000
202607201724,   0.669,9999.000,9999.000,9999.000,9999.000,9999.000,9999.000,9999.000,9999.000
202607201730,   0.706,9999.000,9999.000,9999.000,9999.000,9999.000,9999.000,9999.000,9999.000
202607201736,   0.742,9999.000,9999.000,9999.000,9999.000,9999.000,9999.000,9999.000,9999.000
202607201742,   0.778,9999.000,9999.000,9999.000,9999.000,9999.000,9999.000,9999.000,9999.000
202607201748,   0.814,9999.000,9999.000,9999.000,9999.000,9999.000,9999.000,9999.000,9999.000
202607201754,   0.850,9999.000,9999.000,9999.000,9999.000,9999.000,9999.000,9999.000,9999.000
202607201800,   0.885,9999.000,   0.500,   0.502,   1.887,   0.400,   1.787,   0.500,   1.887
202607201806,   0.919,9999.000,9999.000,9999.000,9999.000,9999.000,9999.000,9999.000,9999.000
202607201812,   0.953,9999.000,9999.000,9999.000,9999.000,9999.000,9999.000,9999.000,9999.000
202607201818,   0.987,9999.000,9999.000,9999.000,9999.000,9999.000,9999.000,9999.000,9999.000
202607201824,   1.019,9999.000,9999.000,9999.000,9999.000,9999.000,9999.000,9999.000,9999.000
202607201830,   1.051,9999.000,9999.000,9999.000,9999.000,9999.000,9999.000,9999.000,9999.000
202607201836,   1.083,9999.000,9999.000,9999.000,9999.000,9999.000,9999.000,9999.000,9999.000
202607201842,   1.113,9999.000,9999.000,9999.000,9999.000,9999.000,9999.000,9999.000,9999.000
202607201848,   1.142,9999.000,9999.000,9999.000,9999.000,9999.000,9999.000,9999.000,9999.000
202607201854,   1.170,9999.000,9999.000,9999.000,9999.000,9999.000,9999.000,9999.000,9999.000
202607201900,   1.196,9999.000,   0.500,   0.467,   2.163,   0.500,   2.163,   0.500,   2.163
202607201906,   1.222,9999.000,9999.000,9999.000,9999.000,9999.000,9999.000,9999.000,9999.000
202607201912,   1.245,9999.000,9999.000,9999.000,9999.000,9999.000,9999.000,9999.000,9999.000
202607201918,   1.268,9999.000,9999.000,9999.000,9999.000,9999.000,9999.000,9999.000,9999.000
202607201924,   1.288,9999.000,9999.000,9999.000,9999.000,9999.000,9999.000,9999.000,9999.000
202607201930,   1.307,9999.000,9999.000,9999.000,9999.000,9999.000,9999.000,9999.000,9999.000
202607201936,   1.324,9999.000,9999.000,9999.000,9999.000,9999.000,9999.000,9999.000,9999.000
202607201942,   1.338,9999.000,9999.000,9999.000,9999.000,9999.000,9999.000,9999.000,9999.000
202607201948,   1.351,9999.000,9999.000,9999.000,9999.000,9999.000,9999.000,9999.000,9999.000
202607201954,   1.362,9999.000,9999.000,9999.000,9999.000,9999.000,9999.000,9999.000,9999.000
202607202000,   1.371,9999.000,   0.500,   0.386,   2.257,   0.500,   2.257,   0.500,   2.257
202607202006,   1.378,9999.000,9999.000,9999.000,9999.000,9999.000,9999.000,9999.000,9999.000
202607202012,   1.383,9999.000,9999.000,9999.000,9999.000,9999.000,9999.000,9999.000,9999.000
202607202018,   1.386,9999.000,9999.000,9999.000,9999.000,9999.000,9999.000,9999.000,9999.000
202607202024,   1.387,9999.000,9999.000,9999.000,9999.000,9999.000,9999.000,9999.000,9999.000
202607202030,   1.386,9999.000,9999.000,9999.000,9999.000,9999.000,9999.000,9999.000,9999.000
202607202036,   1.383,9999.000,9999.000,9999.000,9999.000,9999.000,9999.000,9999.000,9999.000
202607202042,   1.378,9999.000,9999.000,9999.000,9999.000,9999.000,9999.000,9999.000,9999.000
202607202048,   1.372,9999.000,9999.000,9999.000,9999.000,9999.000,9999.000,9999.000,9999.000
202607202054,   1.365,9999.000,9999.000,9999.000,9999.000,9999.000,9999.000,9999.000,9999.000
202607202100,   1.355,9999.000,   0.500,   0.275,   2.130,   0.500,   2.130,   0.500,   2.130
202607202106,   1.345,9999.000,9999.000,9999.000,9999.000,9999.000,9999.000,9999.000,9999.000
202607202112,   1.333,9999.000,9999.000,9999.000,9999.000,9999.000,9999.000,9999.000,9999.000
202607202118,   1.320,9999.000,9999.000,9999.000,9999.000,9999.000,9999.000,9999.000,9999.000
202607202124,   1.306,9999.000,9999.000,9999.000,9999.000,9999.000,9999.000,9999.000,9999.000
202607202130,   1.290,9999.000,9999.000,9999.000,9999.000,9999.000,9999.000,9999.000,9999.000
202607202136,   1.274,9999.000,9999.000,9999.000,9999.000,9999.000,9999.000,9999.000,9999.000
202607202142,   1.257,9999.000,9999.000,9999.000,9999.000,9999.000,9999.000,9999.000,9999.000
202607202148,   1.239,9999.000,9999.000,9999.000,9999.000,9999.000,9999.000,9999.000,9999.000
202607202154,   1.220,9999.000,9999.000,9999.000,9999.000,9999.000,9999.000,9999.000,9999.000
202607202200,   1.200,9999.000,   0.500,   0.180,   1.880,   0.500,   1.880,   0.500,   1.880
202607202206,   1.180,9999.000,9999.000,9999.000,9999.000,9999.000,9999.000,9999.000,9999.000
202607202212,   1.160,9999.000,9999.000,9999.000,9999.000,9999.000,9999.000,9999.000,9999.000
202607202218,   1.139,9999.000,9999.000,9999.000,9999.000,9999.000,9999.000,9999.000,9999.000
202607202224,   1.117,9999.000,9999.000,9999.000,9999.000,9999.000,9999.000,9999.000,9999.000
202607202230,   1.095,9999.000,9999.000,9999.000,9999.000,9999.000,9999.000,9999.000,9999.000
202607202236,   1.073,9999.000,9999.000,9999.000,9999.000,9999.000,9999.000,9999.000,9999.000
202607202242,   1.051,9999.000,9999.000,9999.000,9999.000,9999.000,9999.000,9999.000,9999.000
202607202248,   1.028,9999.000,9999.000,9999.000,9999.000,9999.000,9999.000,9999.000,9999.000
202607202254,   1.005,9999.000,9999.000,9999.000,9999.000,9999.000,9999.000,9999.000,9999.000
202607202300,   0.983,9999.000,   0.500,   0.135,   1.618,   0.500,   1.618,   0.500,   1.618
202607202306,   0.960,9999.000,9999.000,9999.000,9999.000,9999.000,9999.000,9999.000,9999.000
202607202312,   0.937,9999.000,9999.000,9999.000,9999.000,9999.000,9999.000,9999.000,9999.000
202607202318,   0.914,9999.000,9999.000,9999.000,9999.000,9999.000,9999.000,9999.000,9999.000
202607202324,   0.891,9999.000,9999.000,9999.000,9999.000,9999.000,9999.000,9999.000,9999.000
202607202330,   0.868,9999.000,9999.000,9999.000,9999.000,9999.000,9999.000,9999.000,9999.000
202607202336,   0.846,9999.000,9999.000,9999.000,9999.000,9999.000,9999.000,9999.000,9999.000
202607202342,   0.823,9999.000,9999.000,9999.000,9999.000,9999.000,9999.000,9999.000,9999.000
202607202348,   0.801,9999.000,9999.000,9999.000,9999.000,9999.000,9999.000,9999.000,9999.000
202607202354,   0.778,9999.000,9999.000,9999.000,9999.000,9999.000,9999.000,9999.000,9999.000
202607210000,   0.756,9999.000,   0.500,   0.125,   1.381,   0.500,   1.381,   0.500,   1.381
202607210006,   0.734,9999.000,9999.000,9999.000,9999.000,9999.000,9999.000,9999.000,9999.000
202607210012,   0.713,9999.000,9999.000,9999.000,9999.000,9999.000,9999.000,9999.000,9999.000
202607210018,   0.692,9999.000,9999.000,9999.000,9999.000,9999.000,9999.000,9999.000,9999.000
202607210024,   0.670,9999.000,9999.000,9999.000,9999.000,9999.000,9999.000,9999.000,9999.000
202607210030,   0.650,9999.000,9999.000,9999.000,9999.000,9999.000,9999.000,9999.000,9999.000
202607210036,   0.629,9999.000,9999.000,9999.000,9999.000,9999.000,9999.000,9999.000,9999.000
202607210042,   0.609,9999.000,9999.000,9999.000,9999.000,9999.000,9999.000,9999.000,9999.000
202607210048,   0.589,9999.000,9999.000,9999.000,9999.000,9999.000,9999.000,9999.000,9999.000
202607210054,   0.569,9999.000,9999.000,9999.000,9999.000,9999.000,9999.000,9999.000,9999.000
202607210100,   0.550,9999.000,   0.500,   0.129,   1.179,   0.500,   1.179,   0.500,   1.179
202607210106,   0.531,9999.000,9999.000,9999.000,9999.000,9999.000,9999.000,9999.000,9999.000
202607210112,   0.513,9999.000,9999.000,9999.000,9999.000,9999.000,9999.000,9999.000,9999.000
202607210118,   0.495,9999.000,9999.000,9999.000,9999.000,9999.000,9999.000,9999.000,9999.000
202607210124,   0.477,9999.000,9999.000,9999.000,9999.000,9999.000,9999.000,9999.000,9999.000
202607210130,   0.460,9999.000,9999.000,9999.000,9999.000,9999.000,9999.000,9999.000,9999.000
202607210136,   0.443,9999.000,9999.000,9999.000,9999.000,9999.000,9999.000,9999.000,9999.000
202607210142,   0.427,9999.000,9999.000,9999.000,9999.000,9999.000,9999.000,9999.000,9999.000
202607210148,   0.411,9999.000,9999.000,9999.000,9999.000,9999.000,9999.000,9999.000,9999.000
202607210154,   0.396,9999.000,9999.000,9999.000,9999.000,9999.000,9999.000,9999.000,9999.000
202607210200,   0.381,9999.000,   0.500,   0.165,   1.046,   0.500,   1.046,   0.500,   1.046
202607210206,   0.367,9999.000,9999.000,9999.000,9999.000,9999.000,9999.000,9999.000,9999.000
202607210212,   0.354,9999.000,9999.000,9999.000,9999.000,9999.000,9999.000,9999.000,9999.000
202607210218,   0.341,9999.000,9999.000,9999.000,9999.000,9999.000,9999.000,9999.000,9999.000
202607210224,   0.329,9999.000,9999.000,9999.000,9999.000,9999.000,9999.000,9999.000,9999.000
202607210230,   0.318,9999.000,9999.000,9999.000,9999.000,9999.000,9999.000,9999.000,9999.000
202607210236,   0.308,9999.000,9999.000,9999.000,9999.000,9999.000,9999.000,9999.000,9999.000
202607210242,   0.299,9999.000,9999.000,9999.000,9999.000,9999.000,9999.000,9999.000,9999.000
202607210248,   0.291,9999.000,9999.000,9999.000,9999.000,9999.000,9999.000,9999.000,9999.000
202607210254,   0.283,9999.000,9999.000,9999.000,9999.000,9999.000,9999.000,9999.000,9999.000
202607210300,   0.277,9999.000,   0.500,   0.256,   1.033,   0.500,   1.033,   0.500,   1.033
202607210306,   0.273,9999.000,9999.000,9999.000,9999.000,9999.000,9999.000,9999.000,9999.000
202607210312,   0.269,9999.000,9999.000,9999.000,9999.000,9999.000,9999.000,9999.000,9999.000
202607210318,   0.267,9999.000,9999.000,9999.000,9999.000,9999.000,9999.000,9999.000,9999.000
202607210324,   0.266,9999.000,9999.000,9999.000,9999.000,9999.000,9999.000,9999.000,9999.000
202607210330,   0.267,9999.000,9999.000,9999.000,9999.000,9999.000,9999.000,9999.000,9999.000
202607210336,   0.269,9999.000,9999.000,9999.000,9999.000,9999.000,9999.000,9999.000,9999.000
202607210342,   0.273,9999.000,9999.000,9999.000,9999.000,9999.000,9999.000,9999.000,9999.000
202607210348,   0.279,9999.000,9999.000,9999.000,9999.000,9999.000,9999.000,9999.000,9999.000
202607210354,   0.286,9999.000,9999.000,9999.000,9999.000,9999.000,9999.000,9999.000,9999.000
202607210400,   0.295,9999.000,   0.500,   0.375,   1.170,   0.500,   1.170,   0.500,   1.170
202607210406,   0.306,9999.000,9999.000,9999.000,9999.000,9999.000,9999.000,9999.000,9999.000
202607210412,   0.319,9999.000,9999.000,9999.000,9999.000,9999.000,9999.000,9999.000,9999.000
202607210418,   0.333,9999.000,9999.000,9999.000,9999.000,9999.000,9999.000,9999.000,9999.000
202607210424,   0.350,9999.000,9999.000,9999.000,9999.000,9999.000,9999.000,9999.000,9999.000
202607210430,   0.368,9999.000,9999.000,9999.000,9999.000,9999.000,9999.000,9999.000,9999.000
202607210436,   0.388,9999.000,9999.000,9999.000,9999.000,9999.000,9999.000,9999.000,9999.000
202607210442,   0.409,9999.000,9999.000,9999.000,9999.000,9999.000,9999.000,9999.000,9999.000
202607210448,   0.432,9999.000,9999.000,9999.000,9999.000,9999.000,9999.000,9999.000,9999.000
202607210454,   0.457,9999.000,9999.000,9999.000,9999.000,9999.000,9999.000,9999.000,9999.000
202607210500,   0.482,9999.000,   0.500,   0.477,   1.459,   0.500,   1.459,   0.500,   1.459
202607210506,   0.509,9999.000,9999.000,9999.000,9999.000,9999.000,9999.000,9999.000,9999.000
202607210512,   0.536,9999.000,9999.000,9999.000,9999.000,9999.000,9999.000,9999.000,9999.000
202607210518,   0.564,9999.000,9999.000,9999.000,9999.000,9999.000,9999.000,9999.000,9999.000
202607210524,   0.593,9999.000,9999.000,9999.000,9999.000,9999.000,9999.000,9999.000,9999.000
202607210530,   0.622,9999.000,9999.000,9999.000,9999.000,9999.000,9999.000,9999.000,9999.000
202607210536,   0.651,9999.000,9999.000,9999.000,9999.000,9999.000,9999.000,9999.000,9999.000
202607210542,   0.680,9999.000,9999.000,9999.000,9999.000,9999.000,9999.000,9999.000,9999.000
202607210548,   0.709,9999.000,9999.000,9999.000,9999.000,9999.000,9999.000,9999.000,9999.000
202607210554,   0.738,9999.000,9999.000,9999.000,9999.000,9999.000,9999.000,9999.000,9999.000
202607210600,   0.767,9999.000,   0.500,   0.540,   1.807,   0.500,   1.807,   0.500,   1.807
202607210606,   0.796,9999.000,9999.000,9999.000,9999.000,9999.000,9999.000,9999.000,9999.000
202607210612,   0.824,9999.000,9999.000,9999.000,9999.000,9999.000,9999.000,9999.000,9999.000
202607210618,   0.851,9999.000,9999.000,9999.000,9999.000,9999.000,9999.000,9999.000,9999.000
202607210624,   0.878,9999.000,9999.000,9999.000,9999.000,9999.000,9999.000,9999.000,9999.000
202607210630,   0.905,9999.000,9999.000,9999.000,9999.000,9999.000,9999.000,9999.000,9999.000
202607210636,   0.931,9999.000,9999.000,9999.000,9999.000,9999.000,9999.000,9999.000,9999.000
202607210642,   0.956,9999.000,9999.000,9999.000,9999.000,9999.000,9999.000,9999.000,9999.000
202607210648,   0.981,9999.000,9999.000,9999.000,9999.000,9999.000,9999.000,9999.000,9999.000
202607210654,   1.005,9999.000,9999.000,9999.000,9999.000,9999.000,9999.000,9999.000,9999.000
202607210700,   1.028,9999.000,   0.500,   0.554,   2.082,   0.500,   2.082,   0.600,   2.182
202607210706,   1.050,9999.000,9999.000,9999.000,9999.000,9999.000,9999.000,9999.000,9999.000
202607210712,   1.072,9999.000,9999.000,9999.000,9999.000,9999.000,9999.000,9999.000,9999.000
202607210718,   1.092,9999.000,9999.000,9999.000,9999.000,9999.000,9999.000,9999.000,9999.000
202607210724,   1.111,9999.000,9999.000,9999.000,9999.000,9999.000,9999.000,9999.000,9999.000
202607210730,   1.128,9999.000,9999.000,9999.000,9999.000,9999.000,9999.000,9999.000,9999.000
202607210736,   1.145,9999.000,9999.000,9999.000,9999.000,9999.000,9999.000,9999.000,9999.000
202607210742,   1.160,9999.000,9999.000,9999.000,9999.000,9999.000,9999.000,9999.000,9999.000
202607210748,   1.173,9999.000,9999.000,9999.000,9999.000,9999.000,9999.000,9999.000,9999.000
202607210754,   1.185,9999.000,9999.000,9999.000,9999.000,9999.000,9999.000,9999.000,9999.000
202607210800,   1.195,9999.000,   0.500,   0.500,   2.195,   0.500,   2.195,   0.600,   2.295
202607210806,   1.203,9999.000,9999.000,9999.000,9999.000,9999.000,9999.000,9999.000,9999.000
202607210812,   1.210,9999.000,9999.000,9999.000,9999.000,9999.000,9999.000,9999.000,9999.000
202607210818,   1.215,9999.000,9999.000,9999.000,9999.000,9999.000,9999.000,9999.000,9999.000
202607210824,   1.219,9999.000,9999.000,9999.000,9999.000,9999.000,9999.000,9999.000,9999.000
202607210830,   1.221,9999.000,9999.000,9999.000,9999.000,9999.000,9999.000,9999.000,9999.000
202607210836,   1.221,9999.000,9999.000,9999.000,9999.000,9999.000,9999.000,9999.000,9999.000
202607210842,   1.219,9999.000,9999.000,9999.000,9999.000,9999.000,9999.000,9999.000,9999.000
202607210848,   1.216,9999.000,9999.000,9999.000,9999.000,9999.000,9999.000,9999.000,9999.000
202607210854,   1.212,9999.000,9999.000,9999.000,9999.000,9999.000,9999.000,9999.000,9999.000
202607210900,   1.206,9999.000,   0.500,   0.389,   2.095,   0.500,   2.095,   0.600,   2.195
202607210906,   1.198,9999.000,9999.000,9999.000,9999.000,9999.000,9999.000,9999.000,9999.000
202607210912,   1.189,9999.000,9999.000,9999.000,9999.000,9999.000,9999.000,9999.000,9999.000
202607210918,   1.179,9999.000,9999.000,9999.000,9999.000,9999.000,9999.000,9999.000,9999.000
202607210924,   1.168,9999.000,9999.000,9999.000,9999.000,9999.000,9999.000,9999.000,9999.000
202607210930,   1.156,9999.000,9999.000,9999.000,9999.000,9999.000,9999.000,9999.000,9999.000
202607210936,   1.142,9999.000,9999.000,9999.000,9999.000,9999.000,9999.000,9999.000,9999.000
202607210942,   1.128,9999.000,9999.000,9999.000,9999.000,9999.000,9999.000,9999.000,9999.000
202607210948,   1.112,9999.000,9999.000,9999.000,9999.000,9999.000,9999.000,9999.000,9999.000
202607210954,   1.096,9999.000,9999.000,9999.000,9999.000,9999.000,9999.000,9999.000,9999.000
202607211000,   1.079,9999.000,   0.500,   0.280,   1.859,   0.500,   1.859,   0.600,   1.959
202607211006,   1.062,9999.000,9999.000,9999.000,9999.000,9999.000,9999.000,9999.000,9999.000
202607211012,   1.043,9999.000,9999.000,9999.000,9999.000,9999.000,9999.000,9999.000,9999.000
202607211018,   1.024,9999.000,9999.000,9999.000,9999.000,9999.000,9999.000,9999.000,9999.000
202607211024,   1.005,9999.000,9999.000,9999.000,9999.000,9999.000,9999.000,9999.000,9999.000
202607211030,   0.985,9999.000,9999.000,9999.000,9999.000,9999.000,9999.000,9999.000,9999.000
202607211036,   0.965,9999.000,9999.000,9999.000,9999.000,9999.000,9999.000,9999.000,9999.000
202607211042,   0.944,9999.000,9999.000,9999.000,9999.000,9999.000,9999.000,9999.000,9999.000
202607211048,   0.924,9999.000,9999.000,9999.000,9999.000,9999.000,9999.000,9999.000,9999.000
202607211054,   0.903,9999.000,9999.000,9999.000,9999.000,9999.000,9999.000,9999.000,9999.000
202607211100,   0.881,9999.000,   0.500,   0.207,   1.588,   0.500,   1.588,   0.600,   1.688
202607211106,   0.860,9999.000,9999.000,9999.000,9999.000,9999.000,9999.000,9999.000,9999.000
202607211112,   0.839,9999.000,9999.000,9999.000,9999.000,9999.000,9999.000,9999.000,9999.000
202607211118,   0.817,9999.000,9999.000,9999.000,9999.000,9999.000,9999.000,9999.000,9999.000
202607211124,   0.796,9999.000,9999.000,9999.000,9999.000,9999.000,9999.000,9999.000,9999.000
202607211130,   0.774,9999.000,9999.000,9999.000,9999.000,9999.000,9999.000,9999.000,9999.000
202607211136,   0.753,9999.000,9999.000,9999.000,9999.000,9999.000,9999.000,9999.000,9999.000
202607211142,   0.732,9999.000,9999.000,9999.000,9999.000,9999.000,9999.000,9999.000,9999.000
202607211148,   0.711,9999.000,9999.000,9999.000,9999.000,9999.000,9999.000,9999.000,9999.000
202607211154,   0.690,9999.000,9999.000,9999.000,9999.000,9999.000,9999.000,9999.000,9999.000
202607211200,   0.669,9999.000,   0.500,   0.148,   1.317,   0.500,   1.317,   0.600,   1.417
202607211206,   0.649,9999.000,9999.000,9999.000,9999.000,9999.000,9999.000,9999.000,9999.000
202607211212,   0.629,9999.000,9999.000,9999.000,9999.000,9999.000,9999.000,9999.000,9999.000
202607211218,   0.609,9999.000,9999.000,9999.000,9999.000,9999.000,9999.000,9999.000,9999.000
202607211224,   0.589,9999.000,9999.000,9999.000,9999.000,9999.000,9999.000,9999.000,9999.000
202607211230,   0.570,9999.000,9999.000,9999.000,9999.000,9999.000,9999.000,9999.000,9999.000
202607211236,   0.550,9999.000,9999.000,9999.000,9999.000,9999.000,9999.000,9999.000,9999.000
202607211242,   0.532,9999.000,9999.000,9999.000,9999.000,9999.000,9999.000,9999.000,9999.000
202607211248,   0.513,9999.000,9999.000,9999.000,9999.000,9999.000,9999.000,9999.000,9999.000
202607211254,   0.495,9999.000,9999.000,9999.000,9999.000,9999.000,9999.000,9999.000,9999.000
202607211300,   0.477,9999.000,   0.500,   0.084,   1.061,   0.500,   1.061,   0.600,   1.161
202607211306,   0.460,9999.000,9999.000,9999.000,9999.000,9999.000,9999.000,9999.000,9999.000
202607211312,   0.442,9999.000,9999.000,9999.000,9999.000,9999.000,9999.000,9999.000,9999.000
202607211318,   0.426,9999.000,9999.000,9999.000,9999.000,9999.000,9999.000,9999.000,9999.000
202607211324,   0.409,9999.000,9999.000,9999.000,9999.000,9999.000,9999.000,9999.000,9999.000
202607211330,   0.393,9999.000,9999.000,9999.000,9999.000,9999.000,9999.000,9999.000,9999.000
202607211336,   0.377,9999.000,9999.000,9999.000,9999.000,9999.000,9999.000,9999.000,9999.000
202607211342,   0.362,9999.000,9999.000,9999.000,9999.000,9999.000,9999.000,9999.000,9999.000
202607211348,   0.347,9999.000,9999.000,9999.000,9999.000,9999.000,9999.000,9999.000,9999.000
202607211354,   0.332,9999.000,9999.000,9999.000,9999.000,9999.000,9999.000,9999.000,9999.000
202607211400,   0.318,9999.000,   0.500,   0.065,   0.883,   0.500,   0.883,   0.600,   0.983
202607211406,   0.304,9999.000,9999.000,9999.000,9999.000,9999.000,9999.000,9999.000,9999.000
202607211412,   0.291,9999.000,9999.000,9999.000,9999.000,9999.000,9999.000,9999.000,9999.000
202607211418,   0.278,9999.000,9999.000,9999.000,9999.000,9999.000,9999.000,9999.000,9999.000
202607211424,   0.266,9999.000,9999.000,9999.000,9999.000,9999.000,9999.000,9999.000,9999.000
202607211430,   0.254,9999.000,9999.000,9999.000,9999.000,9999.000,9999.000,9999.000,9999.000
202607211436,   0.243,9999.000,9999.000,9999.000,9999.000,9999.000,9999.000,9999.000,9999.000
202607211442,   0.233,9999.000,9999.000,9999.000,9999.000,9999.000,9999.000,9999.000,9999.000
202607211448,   0.223,9999.000,9999.000,9999.000,9999.000,9999.000,9999.000,9999.000,9999.000
202607211454,   0.214,9999.000,9999.000,9999.000,9999.000,9999.000,9999.000,9999.000,9999.000
202607211500,   0.206,9999.000,   0.500,   0.142,   0.848,   0.500,   0.848,   0.600,   0.948
202607211506,   0.199,9999.000,9999.000,9999.000,9999.000,9999.000,9999.000,9999.000,9999.000
202607211512,   0.193,9999.000,9999.000,9999.000,9999.000,9999.000,9999.000,9999.000,9999.000
202607211518,   0.188,9999.000,9999.000,9999.000,9999.000,9999.000,9999.000,9999.000,9999.000
202607211524,   0.184,9999.000,9999.000,9999.000,9999.000,9999.000,9999.000,9999.000,9999.000
202607211530,   0.181,9999.000,9999.000,9999.000,9999.000,9999.000,9999.000,9999.000,9999.000
202607211536,   0.179,9999.000,9999.000,9999.000,9999.000,9999.000,9999.000,9999.000,9999.000
202607211542,   0.179,9999.000,9999.000,9999.000,9999.000,9999.000,9999.000,9999.000,9999.000
202607211548,   0.180,9999.000,9999.000,9999.000,9999.000,9999.000,9999.000,9999.000,9999.000
202607211554,   0.183,9999.000,9999.000,9999.000,9999.000,9999.000,9999.000,9999.000,9999.000
202607211600,   0.187,9999.000,   0.500,   0.287,   0.974,   0.500,   0.974,   0.600,   1.074
202607211606,   0.193,9999.000,9999.000,9999.000,9999.000,9999.000,9999.000,9999.000,9999.000
202607211612,   0.201,9999.000,9999.000,9999.000,9999.000,9999.000,9999.000,9999.000,9999.000
202607211618,   0.210,9999.000,9999.000,9999.000,9999.000,9999.000,9999.000,9999.000,9999.000
202607211624,   0.222,9999.000,9999.000,9999.000,9999.000,9999.000,9999.000,9999.000,9999.000
202607211630,   0.235,9999.000,9999.000,9999.000,9999.000,9999.000,9999.000,9999.000,9999.000
202607211636,   0.249,9999.000,9999.000,9999.000,9999.000,9999.000,9999.000,9999.000,9999.000
202607211642,   0.266,9999.000,9999.000,9999.000,9999.000,9999.000,9999.000,9999.000,9999.000
202607211648,   0.285,9999.000,9999.000,9999.000,9999.000,9999.000,9999.000,9999.000,9999.000
202607211654,   0.305,9999.000,9999.000,9999.000,9999.000,9999.000,9999.000,9999.000,9999.000
202607211700,   0.327,9999.000,   0.500,   0.420,   1.247,   0.500,   1.247,   0.600,   1.347
202607211706,   0.351,9999.000,9999.000,9999.000,9999.000,9999.000,9999.000,9999.000,9999.000
202607211712,   0.377,9999.000,9999.000,9999.000,9999.000,9999.000,9999.000,9999.000,9999.000
202607211718,   0.403,9999.000,9999.000,9999.000,9999.000,9999.000,9999.000,9999.000,9999.000
202607211724,   0.432,9999.000,9999.000,9999.000,9999.000,9999.000,9999.000,9999.000,9999.000
202607211730,   0.461,9999.000,9999.000,9999.000,9999.000,9999.000,9999.000,9999.000,9999.000
202607211736,   0.491,9999.000,9999.000,9999.000,9999.000,9999.000,9999.000,9999.000,9999.000
202607211742,   0.523,9999.000,9999.000,9999.000,9999.000,9999.000,9999.000,9999.000,9999.000
202607211748,   0.555,9999.000,9999.000,9999.000,9999.000,9999.000,9999.000,9999.000,9999.000
202607211754,   0.587,9999.000,9999.000,9999.000,9999.000,9999.000,9999.000,9999.000,9999.000
202607211800,   0.621,9999.000,   0.500,   0.496,   1.617,   0.500,   1.617,   0.600,   1.717
202607211806,   0.654,9999.000,9999.000,9999.000,9999.000,9999.000,9999.000,9999.000,9999.000
202607211812,   0.688,9999.000,9999.000,9999.000,9999.000,9999.000,9999.000,9999.000,9999.000
202607211818,   0.721,9999.000,9999.000,9999.000,9999.000,9999.000,9999.000,9999.000,9999.000
202607211824,   0.755,9999.000,9999.000,9999.000,9999.000,9999.000,9999.000,9999.000,9999.000
202607211830,   0.789,9999.000,9999.000,9999.000,9999.000,9999.000,9999.000,9999.000,9999.000
202607211836,   0.822,9999.000,9999.000,9999.000,9999.000,9999.000,9999.000,9999.000,9999.000
202607211842,   0.856,9999.000,9999.000,9999.000,9999.000,9999.000,9999.000,9999.000,9999.000
202607211848,   0.889,9999.000,9999.000,9999.000,9999.000,9999.000,9999.000,9999.000,9999.000
202607211854,   0.921,9999.000,9999.000,9999.000,9999.000,9999.000,9999.000,9999.000,9999.000
202607211900,   0.953,9999.000,   0.500,   0.512,   1.965,   0.500,   1.965,   0.600,   2.065
202607211906,   0.985,9999.000,9999.000,9999.000,9999.000,9999.000,9999.000,9999.000,9999.000
202607211912,   1.016,9999.000,9999.000,9999.000,9999.000,9999.000,9999.000,9999.000,9999.000
202607211918,   1.046,9999.000,9999.000,9999.000,9999.000,9999.000,9999.000,9999.000,9999.000
202607211924,   1.076,9999.000,9999.000,9999.000,9999.000,9999.000,9999.000,9999.000,9999.000
202607211930,   1.104,9999.000,9999.000,9999.000,9999.000,9999.000,9999.000,9999.000,9999.000
202607211936,   1.132,9999.000,9999.000,9999.000,9999.000,9999.000,9999.000,9999.000,9999.000
202607211942,   1.159,9999.000,9999.000,9999.000,9999.000,9999.000,9999.000,9999.000,9999.000
202607211948,   1.184,9999.000,9999.000,9999.000,9999.000,9999.000,9999.000,9999.000,9999.000
202607211954,   1.208,9999.000,9999.000,9999.000,9999.000,9999.000,9999.000,9999.000,9999.000
202607212000,   1.231,9999.000,   0.500,   0.468,   2.199,   0.500,   2.199,   0.600,   2.299
202607212006,   1.251,9999.000,9999.000,9999.000,9999.000,9999.000,9999.000,9999.000,9999.000
202607212012,   1.271,9999.000,9999.000,9999.000,9999.000,9999.000,9999.000,9999.000,9999.000
202607212018,   1.288,9999.000,9999.000,9999.000,9999.000,9999.000,9999.000,9999.000,9999.000
202607212024,   1.304,9999.000,9999.000,9999.000,9999.000,9999.000,9999.000,9999.000,9999.000
202607212030,   1.318,9999.000,9999.000,9999.000,9999.000,9999.000,9999.000,9999.000,9999.000
202607212036,   1.330,9999.000,9999.000,9999.000,9999.000,9999.000,9999.000,9999.000,9999.000
202607212042,   1.340,9999.000,9999.000,9999.000,9999.000,9999.000,9999.000,9999.000,9999.000
202607212048,   1.348,9999.000,9999.000,9999.000,9999.000,9999.000,9999.000,9999.000,9999.000
202607212054,   1.354,9999.000,9999.000,9999.000,9999.000,9999.000,9999.000,9999.000,9999.000
202607212100,   1.358,9999.000,   0.500,   0.377,   2.235,   0.500,   2.235,   0.600,   2.335
202607212106,   1.361,9999.000,9999.000,9999.000,9999.000,9999.000,9999.000,9999.000,9999.000
202607212112,   1.361,9999.000,9999.000,9999.000,9999.000,9999.000,9999.000,9999.000,9999.000
202607212118,   1.360,9999.000,9999.000,9999.000,9999.000,9999.000,9999.000,9999.000,9999.000
202607212124,   1.357,9999.000,9999.000,9999.000,9999.000,9999.000,9999.000,9999.000,9999.000
202607212130,   1.353,9999.000,9999.000,9999.000,9999.000,9999.000,9999.000,9999.000,9999.000
202607212136,   1.346,9999.000,9999.000,9999.000,9999.000,9999.000,9999.000,9999.000,9999.000
202607212142,   1.339,9999.000,9999.000,9999.000,9999.000,9999.000,9999.000,9999.000,9999.000
202607212148,   1.330,9999.000,9999.000,9999.000,9999.000,9999.000,9999.000,9999.000,9999.000
202607212154,   1.320,9999.000,9999.000,9999.000,9999.000,9999.000,9999.000,9999.000,9999.000
202607212200,   1.308,9999.000,   0.500,   0.286,   2.094,   0.500,   2.094,   0.600,   2.194
202607212206,   1.296,9999.000,9999.000,9999.000,9999.000,9999.000,9999.000,9999.000,9999.000
202607212212,   1.282,9999.000,9999.000,9999.000,9999.000,9999.000,9999.000,9999.000,9999.000
202607212218,   1.268,9999.000,9999.000,9999.000,9999.000,9999.000,9999.000,9999.000,9999.000
202607212224,   1.253,9999.000,9999.000,9999.000,9999.000,9999.000,9999.000,9999.000,9999.000
202607212230,   1.236,9999.000,9999.000,9999.000,9999.000,9999.000,9999.000,9999.000,9999.000
202607212236,   1.220,9999.000,9999.000,9999.000,9999.000,9999.000,9999.000,9999.000,9999.000
202607212242,   1.202,9999.000,9999.000,9999.000,9999.000,9999.000,9999.000,9999.000,9999.000
202607212248,   1.184,9999.000,9999.000,9999.000,9999.000,9999.000,9999.000,9999.000,9999.000
202607212254,   1.166,9999.000,9999.000,9999.000,9999.000,9999.000,9999.000,9999.000,9999.000
202607212300,   1.147,9999.000,   0.500,   0.234,   1.881,   0.400,   1.781,   0.600,   1.981
202607212306,   1.127,9999.000,9999.000,9999.000,9999.000,9999.000,9999.000,9999.000,9999.000
202607212312,   1.108,9999.000,9999.000,9999.000,9999.000,9999.000,9999.000,9999.000,9999.000
202607212318,   1.088,9999.000,9999.000,9999.000,9999.000,9999.000,9999.000,9999.000,9999.000
202607212324,   1.067,9999.000,9999.000,9999.000,9999.000,9999.000,9999.000,9999.000,9999.000
202607212330,   1.047,9999.000,9999.000,9999.000,9999.000,9999.000,9999.000,9999.000,9999.000
202607212336,   1.027,9999.000,9999.000,9999.000,9999.000,9999.000,9999.000,9999.000,9999.000
202607212342,   1.006,9999.000,9999.000,9999.000,9999.000,9999.000,9999.000,9999.000,9999.000
202607212348,   0.986,9999.000,9999.000,9999.000,9999.000,9999.000,9999.000,9999.000,9999.000
202607212354,   0.965,9999.000,9999.000,9999.000,9999.000,9999.000,9999.000,9999.000,9999.000
202607220000,   0.945,9999.000,   0.500,   0.207,   1.652,   0.400,   1.552,   0.600,   1.752
202607220006,   0.924,9999.000,9999.000,9999.000,9999.000,9999.000,9999.000,9999.000,9999.000
202607220012,   0.904,9999.000,9999.000,9999.000,9999.000,9999.000,9999.000,9999.000,9999.000
202607220018,   0.884,9999.000,9999.000,9999.000,9999.000,9999.000,9999.000,9999.000,9999.000
202607220024,   0.863,9999.000,9999.000,9999.000,9999.000,9999.000,9999.000,9999.000,9999.000
202607220030,   0.844,9999.000,9999.000,9999.000,9999.000,9999.000,9999.000,9999.000,9999.000
202607220036,   0.824,9999.000,9999.000,9999.000,9999.000,9999.000,9999.000,9999.000,9999.000
202607220042,   0.804,9999.000,9999.000,9999.000,9999.000,9999.000,9999.000,9999.000,9999.000
202607220048,   0.785,9999.000,9999.000,9999.000,9999.000,9999.000,9999.000,9999.000,9999.000
202607220054,   0.766,9999.000,9999.000,9999.000,9999.000,9999.000,9999.000,9999.000,9999.000
202607220100,   0.747,9999.000,   0.500,   0.175,   1.422,   0.400,   1.322,   0.500,   1.422
202607220106,   0.728,9999.000,9999.000,9999.000,9999.000,9999.000,9999.000,9999.000,9999.000
202607220112,   0.709,9999.000,9999.000,9999.000,9999.000,9999.000,9999.000,9999.000,9999.000
202607220118,   0.691,9999.000,9999.000,9999.000,9999.000,9999.000,9999.000,9999.000,9999.000
202607220124,   0.673,9999.000,9999.000,9999.000,9999.000,9999.000,9999.000,9999.000,9999.000
202607220130,   0.655,9999.000,9999.000,9999.000,9999.000,9999.000,9999.000,9999.000,9999.000
202607220136,   0.637,9999.000,9999.000,9999.000,9999.000,9999.000,9999.000,9999.000,9999.000
202607220142,   0.620,9999.000,9999.000,9999.000,9999.000,9999.000,9999.000,9999.000,9999.000
202607220148,   0.602,9999.000,9999.000,9999.000,9999.000,9999.000,9999.000,9999.000,9999.000
202607220154,   0.585,9999.000,9999.000,9999.000,9999.000,9999.000,9999.000,9999.000,9999.000
202607220200,   0.569,9999.000,   0.500,   0.158,   1.227,   0.400,   1.127,   0.500,   1.227
202607220206,   0.552,9999.000,9999.000,9999.000,9999.000,9999.000,9999.000,9999.000,9999.000
202607220212,   0.536,9999.000,9999.000,9999.000,9999.000,9999.000,9999.000,9999.000,9999.000
202607220218,   0.520,9999.000,9999.000,9999.000,9999.000,9999.000,9999.000,9999.000,9999.000
202607220224,   0.504,9999.000,9999.000,9999.000,9999.000,9999.000,9999.000,9999.000,9999.000
202607220230,   0.489,9999.000,9999.000,9999.000,9999.000,9999.000,9999.000,9999.000,9999.000
202607220236,   0.474,9999.000,9999.000,9999.000,9999.000,9999.000,9999.000,9999.000,9999.000
202607220242,   0.459,9999.000,9999.000,9999.000,9999.000,9999.000,9999.000,9999.000,9999.000
202607220248,   0.445,9999.000,9999.000,9999.000,9999.000,9999.000,9999.000,9999.000,9999.000
202607220254,   0.431,9999.000,9999.000,9999.000,9999.000,9999.000,9999.000,9999.000,9999.000
202607220300,   0.418,9999.000,   0.400,   0.198,   1.016,   0.400,   1.016,   0.500,   1.116
202607220306,   0.405,9999.000,9999.000,9999.000,9999.000,9999.000,9999.000,9999.000,9999.000
202607220312,   0.393,9999.000,9999.000,9999.000,9999.000,9999.000,9999.000,9999.000,9999.000
202607220318,   0.381,9999.000,9999.000,9999.000,9999.000,9999.000,9999.000,9999.000,9999.000
202607220324,   0.370,9999.000,9999.000,9999.000,9999.000,9999.000,9999.000,9999.000,9999.000
202607220330,   0.360,9999.000,9999.000,9999.000,9999.000,9999.000,9999.000,9999.000,9999.000
202607220336,   0.350,9999.000,9999.000,9999.000,9999.000,9999.000,9999.000,9999.000,9999.000
202607220342,   0.341,9999.000,9999.000,9999.000,9999.000,9999.000,9999.000,9999.000,9999.000
202607220348,   0.333,9999.000,9999.000,9999.000,9999.000,9999.000,9999.000,9999.000,9999.000
202607220354,   0.327,9999.000,9999.000,9999.000,9999.000,9999.000,9999.000,9999.000,9999.000
202607220400,   0.321,9999.000,   0.400,   0.295,   1.016,   0.300,   0.916,   0.500,   1.116
202607220406,   0.316,9999.000,9999.000,9999.000,9999.000,9999.000,9999.000,9999.000,9999.000
202607220412,   0.313,9999.000,9999.000,9999.000,9999.000,9999.000,9999.000,9999.000,9999.000
202607220418,   0.310,9999.000,9999.000,9999.000,9999.000,9999.000,9999.000,9999.000,9999.000
202607220424,   0.309,9999.000,9999.000,9999.000,9999.000,9999.000,9999.000,9999.000,9999.000
202607220430,   0.309,9999.000,9999.000,9999.000,9999.000,9999.000,9999.000,9999.000,9999.000
202607220436,   0.311,9999.000,9999.000,9999.000,9999.000,9999.000,9999.000,9999.000,9999.000
202607220442,   0.314,9999.000,9999.000,9999.000,9999.000,9999.000,9999.000,9999.000,9999.000
202607220448,   0.319,9999.000,9999.000,9999.000,9999.000,9999.000,9999.000,9999.000,9999.000
202607220454,   0.326,9999.000,9999.000,9999.000,9999.000,9999.000,9999.000,9999.000,9999.000
202607220500,   0.334,9999.000,   0.400,   0.410,   1.144,   0.300,   1.044,   0.500,   1.244
202607220506,   0.343,9999.000,9999.000,9999.000,9999.000,9999.000,9999.000,9999.000,9999.000
202607220512,   0.354,9999.000,9999.000,9999.000,9999.000,9999.000,9999.000,9999.000,9999.000
202607220518,   0.368,9999.000,9999.000,9999.000,9999.000,9999.000,9999.000,9999.000,9999.000
202607220524,   0.382,9999.000,9999.000,9999.000,9999.000,9999.000,9999.000,9999.000,9999.000
202607220530,   0.398,9999.000,9999.000,9999.000,9999.000,9999.000,9999.000,9999.000,9999.000
202607220536,   0.416,9999.000,9999.000,9999.000,9999.000,9999.000,9999.000,9999.000,9999.000
202607220542,   0.435,9999.000,9999.000,9999.000,9999.000,9999.000,9999.000,9999.000,9999.000
202607220548,   0.456,9999.000,9999.000,9999.000,9999.000,9999.000,9999.000,9999.000,9999.000
202607220554,   0.478,9999.000,9999.000,9999.000,9999.000,9999.000,9999.000,9999.000,9999.000
202607220600,   0.501,9999.000,   0.400,   0.509,   1.410,   0.300,   1.310,   0.500,   1.510
202607220606,   0.525,9999.000,9999.000,9999.000,9999.000,9999.000,9999.000,9999.000,9999.000
202607220612,   0.549,9999.000,9999.000,9999.000,9999.000,9999.000,9999.000,9999.000,9999.000
202607220618,   0.574,9999.000,9999.000,9999.000,9999.000,9999.000,9999.000,9999.000,9999.000
202607220624,   0.600,9999.000,9999.000,9999.000,9999.000,9999.000,9999.000,9999.000,9999.000
202607220630,   0.626,9999.000,9999.000,9999.000,9999.000,9999.000,9999.000,9999.000,9999.000
202607220636,   0.652,9999.000,9999.000,9999.000,9999.000,9999.000,9999.000,9999.000,9999.000
202607220642,   0.679,9999.000,9999.000,9999.000,9999.000,9999.000,9999.000,9999.000,9999.000
202607220648,   0.705,9999.000,9999.000,9999.000,9999.000,9999.000,9999.000,9999.000,9999.000
202607220654,   0.731,9999.000,9999.000,9999.000,9999.000,9999.000,9999.000,9999.000,9999.000
202607220700,   0.758,9999.000,   0.400,   0.562,   1.720,   0.300,   1.620,   0.500,   1.820
202607220706,   0.784,9999.000,9999.000,9999.000,9999.000,9999.000,9999.000,9999.000,9999.000
202607220712,   0.809,9999.000,9999.000,9999.000,9999.000,9999.000,9999.000,9999.000,9999.000
202607220718,   0.834,9999.000,9999.000,9999.000,9999.000,9999.000,9999.000,9999.000,9999.000
202607220724,   0.859,9999.000,9999.000,9999.000,9999.000,9999.000,9999.000,9999.000,9999.000
202607220730,   0.883,9999.000,9999.000,9999.000,9999.000,9999.000,9999.000,9999.000,9999.000
202607220736,   0.907,9999.000,9999.000,9999.000,9999.000,9999.000,9999.000,9999.000,9999.000
202607220742,   0.930,9999.000,9999.000,9999.000,9999.000,9999.000,9999.000,9999.000,9999.000
202607220748,   0.952,9999.000,9999.000,9999.000,9999.000,9999.000,9999.000,9999.000,9999.000
202607220754,   0.974,9999.000,9999.000,9999.000,9999.000,9999.000,9999.000,9999.000,9999.000
202607220800,   0.994,9999.000,   0.400,   0.543,   1.937,   0.300,   1.837,   0.500,   2.037
202607220806,   1.014,9999.000,9999.000,9999.000,9999.000,9999.000,9999.000,9999.000,9999.000
202607220812,   1.032,9999.000,9999.000,9999.000,9999.000,9999.000,9999.000,9999.000,9999.000
202607220818,   1.049,9999.000,9999.000,9999.000,9999.000,9999.000,9999.000,9999.000,9999.000
202607220824,   1.065,9999.000,9999.000,9999.000,9999.000,9999.000,9999.000,9999.000,9999.000
202607220830,   1.080,9999.000,9999.000,9999.000,9999.000,9999.000,9999.000,9999.000,9999.000
202607220836,   1.093,9999.000,9999.000,9999.000,9999.000,9999.000,9999.000,9999.000,9999.000
202607220842,   1.104,9999.000,9999.000,9999.000,9999.000,9999.000,9999.000,9999.000,9999.000
202607220848,   1.114,9999.000,9999.000,9999.000,9999.000,9999.000,9999.000,9999.000,9999.000
202607220854,   1.122,9999.000,9999.000,9999.000,9999.000,9999.000,9999.000,9999.000,9999.000
202607220900,   1.129,9999.000,   0.400,   0.454,   1.983,   0.200,   1.783,   0.500,   2.083
202607220906,   1.134,9999.000,9999.000,9999.000,9999.000,9999.000,9999.000,9999.000,9999.000
202607220912,   1.137,9999.000,9999.000,9999.000,9999.000,9999.000,9999.000,9999.000,9999.000
202607220918,   1.139,9999.000,9999.000,9999.000,9999.000,9999.000,9999.000,9999.000,9999.000
202607220924,   1.139,9999.000,9999.000,9999.000,9999.000,9999.000,9999.000,9999.000,9999.000
202607220930,   1.138,9999.000,9999.000,9999.000,9999.000,9999.000,9999.000,9999.000,9999.000
202607220936,   1.135,9999.000,9999.000,9999.000,9999.000,9999.000,9999.000,9999.000,9999.000
202607220942,   1.131,9999.000,9999.000,9999.000,9999.000,9999.000,9999.000,9999.000,9999.000
202607220948,   1.126,9999.000,9999.000,9999.000,9999.000,9999.000,9999.000,9999.000,9999.000
202607220954,   1.119,9999.000,9999.000,9999.000,9999.000,9999.000,9999.000,9999.000,9999.000
202607221000,   1.111,9999.000,   0.300,   0.343,   1.754,   0.200,   1.654,   0.500,   1.954
202607221006,   1.102,9999.000,9999.000,9999.000,9999.000,9999.000,9999.000,9999.000,9999.000
202607221012,   1.092,9999.000,9999.000,9999.000,9999.000,9999.000,9999.000,9999.000,9999.000
202607221018,   1.081,9999.000,9999.000,9999.000,9999.000,9999.000,9999.000,9999.000,9999.000
202607221024,   1.069,9999.000,9999.000,9999.000,9999.000,9999.000,9999.000,9999.000,9999.000
202607221030,   1.057,9999.000,9999.000,9999.000,9999.000,9999.000,9999.000,9999.000,9999.000
202607221036,   1.043,9999.000,9999.000,9999.000,9999.000,9999.000,9999.000,9999.000,9999.000
202607221042,   1.029,9999.000,9999.000,9999.000,9999.000,9999.000,9999.000,9999.000,9999.000
202607221048,   1.014,9999.000,9999.000,9999.000,9999.000,9999.000,9999.000,9999.000,9999.000
202607221054,   0.999,9999.000,9999.000,9999.000,9999.000,9999.000,9999.000,9999.000,9999.000
202607221100,   0.983,9999.000,   0.300,   0.248,   1.531,   0.200,   1.431,   0.500,   1.731
202607221106,   0.966,9999.000,9999.000,9999.000,9999.000,9999.000,9999.000,9999.000,9999.000
202607221112,   0.949,9999.000,9999.000,9999.000,9999.000,9999.000,9999.000,9999.000,9999.000
202607221118,   0.932,9999.000,9999.000,9999.000,9999.000,9999.000,9999.000,9999.000,9999.000
202607221124,   0.915,9999.000,9999.000,9999.000,9999.000,9999.000,9999.000,9999.000,9999.000
202607221130,   0.897,9999.000,9999.000,9999.000,9999.000,9999.000,9999.000,9999.000,9999.000
202607221136,   0.879,9999.000,9999.000,9999.000,9999.000,9999.000,9999.000,9999.000,9999.000
202607221142,   0.861,9999.000,9999.000,9999.000,9999.000,9999.000,9999.000,9999.000,9999.000
202607221148,   0.843,9999.000,9999.000,9999.000,9999.000,9999.000,9999.000,9999.000,9999.000
202607221154,   0.825,9999.000,9999.000,9999.000,9999.000,9999.000,9999.000,9999.000,9999.000
202607221200,   0.807,9999.000,   0.300,   0.152,   1.259,   0.200,   1.159,   0.400,   1.359
202607221206,   0.789,9999.000,9999.000,9999.000,9999.000,9999.000,9999.000,9999.000,9999.000
202607221212,   0.771,9999.000,9999.000,9999.000,9999.000,9999.000,9999.000,9999.000,9999.000
202607221218,   0.753,9999.000,9999.000,9999.000,9999.000,9999.000,9999.000,9999.000,9999.000
202607221224,   0.735,9999.000,9999.000,9999.000,9999.000,9999.000,9999.000,9999.000,9999.000
202607221230,   0.717,9999.000,9999.000,9999.000,9999.000,9999.000,9999.000,9999.000,9999.000
202607221236,   0.699,9999.000,9999.000,9999.000,9999.000,9999.000,9999.000,9999.000,9999.000
202607221242,   0.682,9999.000,9999.000,9999.000,9999.000,9999.000,9999.000,9999.000,9999.000
202607221248,   0.665,9999.000,9999.000,9999.000,9999.000,9999.000,9999.000,9999.000,9999.000
202607221254,   0.648,9999.000,9999.000,9999.000,9999.000,9999.000,9999.000,9999.000,9999.000
202607221300,   0.631,9999.000,   0.300,   0.047,   0.978,   0.200,   0.878,   0.400,   1.078
202607221306,   0.615,9999.000,9999.000,9999.000,9999.000,9999.000,9999.000,9999.000,9999.000
202607221312,   0.599,9999.000,9999.000,9999.000,9999.000,9999.000,9999.000,9999.000,9999.000
202607221318,   0.583,9999.000,9999.000,9999.000,9999.000,9999.000,9999.000,9999.000,9999.000
202607221324,   0.567,9999.000,9999.000,9999.000,9999.000,9999.000,9999.000,9999.000,9999.000
202607221330,   0.552,9999.000,9999.000,9999.000,9999.000,9999.000,9999.000,9999.000,9999.000
202607221336,   0.537,9999.000,9999.000,9999.000,9999.000,9999.000,9999.000,9999.000,9999.000
202607221342,   0.522,9999.000,9999.000,9999.000,9999.000,9999.000,9999.000,9999.000,9999.000
202607221348,   0.507,9999.000,9999.000,9999.000,9999.000,9999.000,9999.000,9999.000,9999.000
202607221354,   0.493,9999.000,9999.000,9999.000,9999.000,9999.000,9999.000,9999.000,9999.000
202607221400,   0.479,9999.000,   0.300,  -0.016,   0.763,   0.100,   0.563,   0.400,   0.863
202607221406,   0.465,9999.000,9999.000,9999.000,9999.000,9999.000,9999.000,9999.000,9999.000
202607221412,   0.451,9999.000,9999.000,9999.000,9999.000,9999.000,9999.000,9999.000,9999.000
202607221418,   0.438,9999.000,9999.000,9999.000,9999.000,9999.000,9999.000,9999.000,9999.000
202607221424,   0.424,9999.000,9999.000,9999.000,9999.000,9999.000,9999.000,9999.000,9999.000
202607221430,   0.411,9999.000,9999.000,9999.000,9999.000,9999.000,9999.000,9999.000,9999.000
202607221436,   0.399,9999.000,9999.000,9999.000,9999.000,9999.000,9999.000,9999.000,9999.000
202607221442,   0.386,9999.000,9999.000,9999.000,9999.000,9999.000,9999.000,9999.000,9999.000
202607221448,   0.374,9999.000,9999.000,9999.000,9999.000,9999.000,9999.000,9999.000,9999.000
202607221454,   0.362,9999.000,9999.000,9999.000,9999.000,9999.000,9999.000,9999.000,9999.000
202607221500,   0.351,9999.000,   0.300,   0.024,   0.675,   0.100,   0.475,   0.400,   0.775
202607221506,   0.340,9999.000,9999.000,9999.000,9999.000,9999.000,9999.000,9999.000,9999.000
202607221512,   0.329,9999.000,9999.000,9999.000,9999.000,9999.000,9999.000,9999.000,9999.000
202607221518,   0.318,9999.000,9999.000,9999.000,9999.000,9999.000,9999.000,9999.000,9999.000
202607221524,   0.308,9999.000,9999.000,9999.000,9999.000,9999.000,9999.000,9999.000,9999.000
202607221530,   0.299,9999.000,9999.000,9999.000,9999.000,9999.000,9999.000,9999.000,9999.000
202607221536,   0.290,9999.000,9999.000,9999.000,9999.000,9999.000,9999.000,9999.000,9999.000
202607221542,   0.282,9999.000,9999.000,9999.000,9999.000,9999.000,9999.000,9999.000,9999.000
202607221548,   0.274,9999.000,9999.000,9999.000,9999.000,9999.000,9999.000,9999.000,9999.000
202607221554,   0.267,9999.000,9999.000,9999.000,9999.000,9999.000,9999.000,9999.000,9999.000
202607221600,   0.261,9999.000,   0.300,   0.157,   0.718,   0.100,   0.518,   0.400,   0.818
202607221606,   0.256,9999.000,9999.000,9999.000,9999.000,9999.000,9999.000,9999.000,9999.000
202607221612,   0.251,9999.000,9999.000,9999.000,9999.000,9999.000,9999.000,9999.000,9999.000
202607221618,   0.248,9999.000,9999.000,9999.000,9999.000,9999.000,9999.000,9999.000,9999.000
202607221624,   0.246,9999.000,9999.000,9999.000,9999.000,9999.000,9999.000,9999.000,9999.000
202607221630,   0.245,9999.000,9999.000,9999.000,9999.000,9999.000,9999.000,9999.000,9999.000
202607221636,   0.245,9999.000,9999.000,9999.000,9999.000,9999.000,9999.000,9999.000,9999.000
202607221642,   0.246,9999.000,9999.000,9999.000,9999.000,9999.000,9999.000,9999.000,9999.000
202607221648,   0.249,9999.000,9999.000,9999.000,9999.000,9999.000,9999.000,9999.000,9999.000
202607221654,   0.254,9999.000,9999.000,9999.000,9999.000,9999.000,9999.000,9999.000,9999.000
202607221700,   0.260,9999.000,   0.300,   0.311,   0.871,   0.100,   0.671,   0.400,   0.971
202607221706,   0.267,9999.000,9999.000,9999.000,9999.000,9999.000,9999.000,9999.000,9999.000
202607221712,   0.277,9999.000,9999.000,9999.000,9999.000,9999.000,9999.000,9999.000,9999.000
202607221718,   0.288,9999.000,9999.000,9999.000,9999.000,9999.000,9999.000,9999.000,9999.000
202607221724,   0.300,9999.000,9999.000,9999.000,9999.000,9999.000,9999.000,9999.000,9999.000
202607221730,   0.315,9999.000,9999.000,9999.000,9999.000,9999.000,9999.000,9999.000,9999.000
202607221736,   0.331,9999.000,9999.000,9999.000,9999.000,9999.000,9999.000,9999.000,9999.000
202607221742,   0.349,9999.000,9999.000,9999.000,9999.000,9999.000,9999.000,9999.000,9999.000
202607221748,   0.369,9999.000,9999.000,9999.000,9999.000,9999.000,9999.000,9999.000,9999.000
202607221754,   0.391,9999.000,9999.000,9999.000,9999.000,9999.000,9999.000,9999.000,9999.000
202607221800,   0.414,9999.000,   0.300,   0.430,   1.144,   0.100,   0.944,   0.400,   1.244
202607221806,   0.439,9999.000,9999.000,9999.000,9999.000,9999.000,9999.000,9999.000,9999.000
202607221812,   0.465,9999.000,9999.000,9999.000,9999.000,9999.000,9999.000,9999.000,9999.000
202607221818,   0.492,9999.000,9999.000,9999.000,9999.000,9999.000,9999.000,9999.000,9999.000
202607221824,   0.520,9999.000,9999.000,9999.000,9999.000,9999.000,9999.000,9999.000,9999.000
202607221830,   0.550,9999.000,9999.000,9999.000,9999.000,9999.000,9999.000,9999.000,9999.000
202607221836,   0.580,9999.000,9999.000,9999.000,9999.000,9999.000,9999.000,9999.000,9999.000
202607221842,   0.611,9999.000,9999.000,9999.000,9999.000,9999.000,9999.000,9999.000,9999.000
202607221848,   0.643,9999.000,9999.000,9999.000,9999.000,9999.000,9999.000,9999.000,9999.000
202607221854,   0.674,9999.000,9999.000,9999.000,9999.000,9999.000,9999.000,9999.000,9999.000
202607221900,   0.707,9999.000,   0.200,   0.495,   1.402,   0.100,   1.302,   0.400,   1.602
202607221906,   0.739,9999.000,9999.000,9999.000,9999.000,9999.000,9999.000,9999.000,9999.000
202607221912,   0.771,9999.000,9999.000,9999.000,9999.000,9999.000,9999.000,9999.000,9999.000
202607221918,   0.803,9999.000,9999.000,9999.000,9999.000,9999.000,9999.000,9999.000,9999.000
202607221924,   0.836,9999.000,9999.000,9999.000,9999.000,9999.000,9999.000,9999.000,9999.000
202607221930,   0.867,9999.000,9999.000,9999.000,9999.000,9999.000,9999.000,9999.000,9999.000
202607221936,   0.899,9999.000,9999.000,9999.000,9999.000,9999.000,9999.000,9999.000,9999.000
202607221942,   0.930,9999.000,9999.000,9999.000,9999.000,9999.000,9999.000,9999.000,9999.000
202607221948,   0.961,9999.000,9999.000,9999.000,9999.000,9999.000,9999.000,9999.000,9999.000
202607221954,   0.991,9999.000,9999.000,9999.000,9999.000,9999.000,9999.000,9999.000,9999.000
202607222000,   1.020,9999.000,   0.200,   0.499,   1.719,   0.100,   1.619,   0.400,   1.919
202607222006,   1.049,9999.000,9999.000,9999.000,9999.000,9999.000,9999.000,9999.000,9999.000
202607222012,   1.077,9999.000,9999.000,9999.000,9999.000,9999.000,9999.000,9999.000,9999.000
202607222018,   1.104,9999.000,9999.000,9999.000,9999.000,9999.000,9999.000,9999.000,9999.000
202607222024,   1.129,9999.000,9999.000,9999.000,9999.000,9999.000,9999.000,9999.000,9999.000
202607222030,   1.154,9999.000,9999.000,9999.000,9999.000,9999.000,9999.000,9999.000,9999.000
202607222036,   1.178,9999.000,9999.000,9999.000,9999.000,9999.000,9999.000,9999.000,9999.000
202607222042,   1.200,9999.000,9999.000,9999.000,9999.000,9999.000,9999.000,9999.000,9999.000
202607222048,   1.221,9999.000,9999.000,9999.000,9999.000,9999.000,9999.000,9999.000,9999.000
202607222054,   1.240,9999.000,9999.000,9999.000,9999.000,9999.000,9999.000,9999.000,9999.000
202607222100,   1.257,9999.000,   0.200,   0.451,   1.908,   0.100,   1.808,   0.400,   2.108
202607222106,   1.273,9999.000,9999.000,9999.000,9999.000,9999.000,9999.000,9999.000,9999.000
202607222112,   1.287,9999.000,9999.000,9999.000,9999.000,9999.000,9999.000,9999.000,9999.000
202607222118,   1.300,9999.000,9999.000,9999.000,9999.000,9999.000,9999.000,9999.000,9999.000
202607222124,   1.310,9999.000,9999.000,9999.000,9999.000,9999.000,9999.000,9999.000,9999.000
202607222130,   1.319,9999.000,9999.000,9999.000,9999.000,9999.000,9999.000,9999.000,9999.000
202607222136,   1.326,9999.000,9999.000,9999.000,9999.000,9999.000,9999.000,9999.000,9999.000
202607222142,   1.332,9999.000,9999.000,9999.000,9999.000,9999.000,9999.000,9999.000,9999.000
202607222148,   1.335,9999.000,9999.000,9999.000,9999.000,9999.000,9999.000,9999.000,9999.000
202607222154,   1.337,9999.000,9999.000,9999.000,9999.000,9999.000,9999.000,9999.000,9999.000
202607222200,   1.337,9999.000,   0.200,   0.389,   1.926,   0.100,   1.826,   0.400,   2.126
202607222206,   1.336,9999.000,9999.000,9999.000,9999.000,9999.000,9999.000,9999.000,9999.000
202607222212,   1.333,9999.000,9999.000,9999.000,9999.000,9999.000,9999.000,9999.000,9999.000
202607222218,   1.328,9999.000,9999.000,9999.000,9999.000,9999.000,9999.000,9999.000,9999.000
202607222224,   1.323,9999.000,9999.000,9999.000,9999.000,9999.000,9999.000,9999.000,9999.000
202607222230,   1.316,9999.000,9999.000,9999.000,9999.000,9999.000,9999.000,9999.000,9999.000
202607222236,   1.307,9999.000,9999.000,9999.000,9999.000,9999.000,9999.000,9999.000,9999.000
202607222242,   1.298,9999.000,9999.000,9999.000,9999.000,9999.000,9999.000,9999.000,9999.000
202607222248,   1.287,9999.000,9999.000,9999.000,9999.000,9999.000,9999.000,9999.000,9999.000
202607222254,   1.276,9999.000,9999.000,9999.000,9999.000,9999.000,9999.000,9999.000,9999.000
202607222300,   1.264,9999.000,   0.200,   0.348,   1.812,   0.100,   1.712,   0.300,   1.912
202607222306,   1.250,9999.000,9999.000,9999.000,9999.000,9999.000,9999.000,9999.000,9999.000
202607222312,   1.236,9999.000,9999.000,9999.000,9999.000,9999.000,9999.000,9999.000,9999.000
202607222318,   1.222,9999.000,9999.000,9999.000,9999.000,9999.000,9999.000,9999.000,9999.000
202607222324,   1.206,9999.000,9999.000,9999.000,9999.000,9999.000,9999.000,9999.000,9999.000
202607222330,   1.190,9999.000,9999.000,9999.000,9999.000,9999.000,9999.000,9999.000,9999.000
202607222336,   1.174,9999.000,9999.000,9999.000,9999.000,9999.000,9999.000,9999.000,9999.000
202607222342,   1.157,9999.000,9999.000,9999.000,9999.000,9999.000,9999.000,9999.000,9999.000
202607222348,   1.140,9999.000,9999.000,9999.000,9999.000,9999.000,9999.000,9999.000,9999.000
202607222354,   1.123,9999.000,9999.000,9999.000,9999.000,9999.000,9999.000,9999.000,9999.000
202607230000,   1.105,9999.000,   0.200,   0.314,   1.619,   0.100,   1.519,   0.300,   1.719
202607230006,   1.087,9999.000,9999.000,9999.000,9999.000,9999.000,9999.000,9999.000,9999.000
202607230012,   1.069,9999.000,9999.000,9999.000,9999.000,9999.000,9999.000,9999.000,9999.000
202607230018,   1.051,9999.000,9999.000,9999.000,9999.000,9999.000,9999.000,9999.000,9999.000
202607230024,   1.032,9999.000,9999.000,9999.000,9999.000,9999.000,9999.000,9999.000,9999.000
202607230030,   1.014,9999.000,9999.000,9999.000,9999.000,9999.000,9999.000,9999.000,9999.000
202607230036,   0.995,9999.000,9999.000,9999.000,9999.000,9999.000,9999.000,9999.000,9999.000
202607230042,   0.977,9999.000,9999.000,9999.000,9999.000,9999.000,9999.000,9999.000,9999.000
202607230048,   0.958,9999.000,9999.000,9999.000,9999.000,9999.000,9999.000,9999.000,9999.000
202607230054,   0.940,9999.000,9999.000,9999.000,9999.000,9999.000,9999.000,9999.000,9999.000
202607230100,   0.922,9999.000,   0.200,   0.257,   1.379,   0.000,   1.179,   0.300,   1.479
202607230106,   0.903,9999.000,9999.000,9999.000,9999.000,9999.000,9999.000,9999.000,9999.000
202607230112,   0.885,9999.000,9999.000,9999.000,9999.000,9999.000,9999.000,9999.000,9999.000
202607230118,   0.867,9999.000,9999.000,9999.000,9999.000,9999.000,9999.000,9999.000,9999.000
202607230124,   0.849,9999.000,9999.000,9999.000,9999.000,9999.000,9999.000,9999.000,9999.000
202607230130,   0.832,9999.000,9999.000,9999.000,9999.000,9999.000,9999.000,9999.000,9999.000
202607230136,   0.814,9999.000,9999.000,9999.000,9999.000,9999.000,9999.000,9999.000,9999.000
202607230142,   0.796,9999.000,9999.000,9999.000,9999.000,9999.000,9999.000,9999.000,9999.000
202607230148,   0.779,9999.000,9999.000,9999.000,9999.000,9999.000,9999.000,9999.000,9999.000
202607230154,   0.762,9999.000,9999.000,9999.000,9999.000,9999.000,9999.000,9999.000,9999.000
202607230200,   0.744,9999.000,   0.200,   0.195,   1.139,   0.000,   0.939,   0.300,   1.239
202607230206,   0.727,9999.000,9999.000,9999.000,9999.000,9999.000,9999.000,9999.000,9999.000
202607230212,   0.710,9999.000,9999.000,9999.000,9999.000,9999.000,9999.000,9999.000,9999.000
202607230218,   0.694,9999.000,9999.000,9999.000,9999.000,9999.000,9999.000,9999.000,9999.000
202607230224,   0.677,9999.000,9999.000,9999.000,9999.000,9999.000,9999.000,9999.000,9999.000
202607230230,   0.660,9999.000,9999.000,9999.000,9999.000,9999.000,9999.000,9999.000,9999.000
202607230236,   0.644,9999.000,9999.000,9999.000,9999.000,9999.000,9999.000,9999.000,9999.000
202607230242,   0.627,9999.000,9999.000,9999.000,9999.000,9999.000,9999.000,9999.000,9999.000
202607230248,   0.611,9999.000,9999.000,9999.000,9999.000,9999.000,9999.000,9999.000,9999.000
202607230254,   0.594,9999.000,9999.000,9999.000,9999.000,9999.000,9999.000,9999.000,9999.000
202607230300,   0.578,9999.000,   0.200,   0.179,   0.957,   0.000,   0.757,   0.300,   1.057
202607230306,   0.562,9999.000,9999.000,9999.000,9999.000,9999.000,9999.000,9999.000,9999.000
202607230312,   0.547,9999.000,9999.000,9999.000,9999.000,9999.000,9999.000,9999.000,9999.000
202607230318,   0.531,9999.000,9999.000,9999.000,9999.000,9999.000,9999.000,9999.000,9999.000
202607230324,   0.516,9999.000,9999.000,9999.000,9999.000,9999.000,9999.000,9999.000,9999.000
202607230330,   0.500,9999.000,9999.000,9999.000,9999.000,9999.000,9999.000,9999.000,9999.000
202607230336,   0.486,9999.000,9999.000,9999.000,9999.000,9999.000,9999.000,9999.000,9999.000
202607230342,   0.471,9999.000,9999.000,9999.000,9999.000,9999.000,9999.000,9999.000,9999.000
202607230348,   0.457,9999.000,9999.000,9999.000,9999.000,9999.000,9999.000,9999.000,9999.000
202607230354,   0.443,9999.000,9999.000,9999.000,9999.000,9999.000,9999.000,9999.000,9999.000
202607230400,   0.429,9999.000,   0.200,   0.237,   0.866,   0.000,   0.666,   0.300,   0.966
202607230406,   0.416,9999.000,9999.000,9999.000,9999.000,9999.000,9999.000,9999.000,9999.000
202607230412,   0.404,9999.000,9999.000,9999.000,9999.000,9999.000,9999.000,9999.000,9999.000
202607230418,   0.392,9999.000,9999.000,9999.000,9999.000,9999.000,9999.000,9999.000,9999.000
202607230424,   0.381,9999.000,9999.000,9999.000,9999.000,9999.000,9999.000,9999.000,9999.000
202607230430,   0.370,9999.000,9999.000,9999.000,9999.000,9999.000,9999.000,9999.000,9999.000
202607230436,   0.361,9999.000,9999.000,9999.000,9999.000,9999.000,9999.000,9999.000,9999.000
202607230442,   0.352,9999.000,9999.000,9999.000,9999.000,9999.000,9999.000,9999.000,9999.000
202607230448,   0.344,9999.000,9999.000,9999.000,9999.000,9999.000,9999.000,9999.000,9999.000
202607230454,   0.337,9999.000,9999.000,9999.000,9999.000,9999.000,9999.000,9999.000,9999.000
202607230500,   0.331,9999.000,   0.200,   0.346,   0.877,   0.000,   0.677,   0.300,   0.977
202607230506,   0.326,9999.000,9999.000,9999.000,9999.000,9999.000,9999.000,9999.000,9999.000
202607230512,   0.322,9999.000,9999.000,9999.000,9999.000,9999.000,9999.000,9999.000,9999.000
202607230518,   0.320,9999.000,9999.000,9999.000,9999.000,9999.000,9999.000,9999.000,9999.000
202607230524,   0.319,9999.000,9999.000,9999.000,9999.000,9999.000,9999.000,9999.000,9999.000
202607230530,   0.319,9999.000,9999.000,9999.000,9999.000,9999.000,9999.000,9999.000,9999.000
202607230536,   0.320,9999.000,9999.000,9999.000,9999.000,9999.000,9999.000,9999.000,9999.000
202607230542,   0.324,9999.000,9999.000,9999.000,9999.000,9999.000,9999.000,9999.000,9999.000
202607230548,   0.328,9999.000,9999.000,9999.000,9999.000,9999.000,9999.000,9999.000,9999.000
202607230554,   0.335,9999.000,9999.000,9999.000,9999.000,9999.000,9999.000,9999.000,9999.000
202607230600,   0.342,9999.000,   0.200,   0.463,   1.005,   0.000,   0.805,   0.300,   1.105
202607230606,   0.352,9999.000,9999.000,9999.000,9999.000,9999.000,9999.000,9999.000,9999.000
202607230612,   0.363,9999.000,9999.000,9999.000,9999.000,9999.000,9999.000,9999.000,9999.000
202607230618,   0.376,9999.000,9999.000,9999.000,9999.000,9999.000,9999.000,9999.000,9999.000
202607230624,   0.390,9999.000,9999.000,9999.000,9999.000,9999.000,9999.000,9999.000,9999.000
202607230630,   0.406,9999.000,9999.000,9999.000,9999.000,9999.000,9999.000,9999.000,9999.000
202607230636,   0.424,9999.000,9999.000,9999.000,9999.000,9999.000,9999.000,9999.000,9999.000
202607230642,   0.443,9999.000,9999.000,9999.000,9999.000,9999.000,9999.000,9999.000,9999.000
202607230648,   0.463,9999.000,9999.000,9999.000,9999.000,9999.000,9999.000,9999.000,9999.000
202607230654,   0.485,9999.000,9999.000,9999.000,9999.000,9999.000,9999.000,9999.000,9999.000
202607230700,   0.507,9999.000,   0.200,   0.547,   1.254,   0.000,   1.054,   0.300,   1.354
202607230706,   0.530,9999.000,9999.000,9999.000,9999.000,9999.000,9999.000,9999.000,9999.000
202607230712,   0.554,9999.000,9999.000,9999.000,9999.000,9999.000,9999.000,9999.000,9999.000
202607230718,   0.579,9999.000,9999.000,9999.000,9999.000,9999.000,9999.000,9999.000,9999.000
202607230724,   0.604,9999.000,9999.000,9999.000,9999.000,9999.000,9999.000,9999.000,9999.000
202607230730,   0.629,9999.000,9999.000,9999.000,9999.000,9999.000,9999.000,9999.000,9999.000
202607230736,   0.654,9999.000,9999.000,9999.000,9999.000,9999.000,9999.000,9999.000,9999.000
202607230742,   0.680,9999.000,9999.000,9999.000,9999.000,9999.000,9999.000,9999.000,9999.000
202607230748,   0.705,9999.000,9999.000,9999.000,9999.000,9999.000,9999.000,9999.000,9999.000
202607230754,   0.730,9999.000,9999.000,9999.000,9999.000,9999.000,9999.000,9999.000,9999.000
202607230800,   0.755,9999.000,   0.200,   0.564,   1.519,   0.000,   1.319,   0.300,   1.619
202607230806,   0.780,9999.000,9999.000,9999.000,9999.000,9999.000,9999.000,9999.000,9999.000
202607230812,   0.804,9999.000,9999.000,9999.000,9999.000,9999.000,9999.000,9999.000,9999.000
202607230818,   0.827,9999.000,9999.000,9999.000,9999.000,9999.000,9999.000,9999.000,9999.000
202607230824,   0.850,9999.000,9999.000,9999.000,9999.000,9999.000,9999.000,9999.000,9999.000
202607230830,   0.872,9999.000,9999.000,9999.000,9999.000,9999.000,9999.000,9999.000,9999.000
202607230836,   0.894,9999.000,9999.000,9999.000,9999.000,9999.000,9999.000,9999.000,9999.000
202607230842,   0.915,9999.000,9999.000,9999.000,9999.000,9999.000,9999.000,9999.000,9999.000
202607230848,   0.934,9999.000,9999.000,9999.000,9999.000,9999.000,9999.000,9999.000,9999.000
202607230854,   0.953,9999.000,9999.000,9999.000,9999.000,9999.000,9999.000,9999.000,9999.000
202607230900,   0.971,9999.000,   0.200,   0.508,   1.679,   0.100,   1.579,   0.300,   1.779
202607230906,   0.987,9999.000,9999.000,9999.000,9999.000,9999.000,9999.000,9999.000,9999.000
202607230912,   1.003,9999.000,9999.000,9999.000,9999.000,9999.000,9999.000,9999.000,9999.000
202607230918,   1.016,9999.000,9999.000,9999.000,9999.000,9999.000,9999.000,9999.000,9999.000
202607230924,   1.029,9999.000,9999.000,9999.000,9999.000,9999.000,9999.000,9999.000,9999.000
202607230930,   1.040,9999.000,9999.000,9999.000,9999.000,9999.000,9999.000,9999.000,9999.000
202607230936,   1.050,9999.000,9999.000,9999.000,9999.000,9999.000,9999.000,9999.000,9999.000
202607230942,   1.058,9999.000,9999.000,9999.000,9999.000,9999.000,9999.000,9999.000,9999.000
202607230948,   1.064,9999.000,9999.000,9999.000,9999.000,9999.000,9999.000,9999.000,9999.000
202607230954,   1.070,9999.000,9999.000,9999.000,9999.000,9999.000,9999.000,9999.000,9999.000
202607231000,   1.073,9999.000,   0.200,   0.413,   1.686,   0.100,   1.586,   0.300,   1.786
202607231006,   1.076,9999.000,9999.000,9999.000,9999.000,9999.000,9999.000,9999.000,9999.000
202607231012,   1.077,9999.000,9999.000,9999.000,9999.000,9999.000,9999.000,9999.000,9999.000
202607231018,   1.076,9999.000,9999.000,9999.000,9999.000,9999.000,9999.000,9999.000,9999.000
202607231024,   1.074,9999.000,9999.000,9999.000,9999.000,9999.000,9999.000,9999.000,9999.000
202607231030,   1.071,9999.000,9999.000,9999.000,9999.000,9999.000,9999.000,9999.000,9999.000
202607231036,   1.067,9999.000,9999.000,9999.000,9999.000,9999.000,9999.000,9999.000,9999.000
202607231042,   1.062,9999.000,9999.000,9999.000,9999.000,9999.000,9999.000,9999.000,9999.000
202607231048,   1.056,9999.000,9999.000,9999.000,9999.000,9999.000,9999.000,9999.000,9999.000
202607231054,   1.048,9999.000,9999.000,9999.000,9999.000,9999.000,9999.000,9999.000,9999.000
202607231100,   1.040,9999.000,   0.200,   0.308,   1.548,   0.100,   1.448,   0.300,   1.648
202607231106,   1.031,9999.000,9999.000,9999.000,9999.000,9999.000,9999.000,9999.000,9999.000
202607231112,   1.021,9999.000,9999.000,9999.000,9999.000,9999.000,9999.000,9999.000,9999.000
202607231118,   1.010,9999.000,9999.000,9999.000,9999.000,9999.000,9999.000,9999.000,9999.000
202607231124,   0.999,9999.000,9999.000,9999.000,9999.000,9999.000,9999.000,9999.000,9999.000
202607231130,   0.987,9999.000,9999.000,9999.000,9999.000,9999.000,9999.000,9999.000,9999.000
202607231136,   0.974,9999.000,9999.000,9999.000,9999.000,9999.000,9999.000,9999.000,9999.000
202607231142,   0.961,9999.000,9999.000,9999.000,9999.000,9999.000,9999.000,9999.000,9999.000
202607231148,   0.947,9999.000,9999.000,9999.000,9999.000,9999.000,9999.000,9999.000,9999.000
202607231154,   0.934,9999.000,9999.000,9999.000,9999.000,9999.000,9999.000,9999.000,9999.000
202607231200,   0.919,9999.000,   0.200,   0.187,   1.306,   0.100,   1.206,   0.300,   1.406
202607231206,   0.905,9999.000,9999.000,9999.000,9999.000,9999.000,9999.000,9999.000,9999.000
202607231212,   0.890,9999.000,9999.000,9999.000,9999.000,9999.000,9999.000,9999.000,9999.000
202607231218,   0.875,9999.000,9999.000,9999.000,9999.000,9999.000,9999.000,9999.000,9999.000
202607231224,   0.860,9999.000,9999.000,9999.000,9999.000,9999.000,9999.000,9999.000,9999.000
202607231230,   0.844,9999.000,9999.000,9999.000,9999.000,9999.000,9999.000,9999.000,9999.000
202607231236,   0.829,9999.000,9999.000,9999.000,9999.000,9999.000,9999.000,9999.000,9999.000
202607231242,   0.814,9999.000,9999.000,9999.000,9999.000,9999.000,9999.000,9999.000,9999.000
202607231248,   0.798,9999.000,9999.000,9999.000,9999.000,9999.000,9999.000,9999.000,9999.000
202607231254,   0.783,9999.000,9999.000,9999.000,9999.000,9999.000,9999.000,9999.000,9999.000
202607231300,   0.767,9999.000,   0.200,   0.049,   1.016,   0.100,   0.916,   0.300,   1.116
202607231306,   0.752,9999.000,9999.000,9999.000,9999.000,9999.000,9999.000,9999.000,9999.000
202607231312,   0.737,9999.000,9999.000,9999.000,9999.000,9999.000,9999.000,9999.000,9999.000
202607231318,   0.722,9999.000,9999.000,9999.000,9999.000,9999.000,9999.000,9999.000,9999.000
202607231324,   0.707,9999.000,9999.000,9999.000,9999.000,9999.000,9999.000,9999.000,9999.000
202607231330,   0.692,9999.000,9999.000,9999.000,9999.000,9999.000,9999.000,9999.000,9999.000
202607231336,   0.677,9999.000,9999.000,9999.000,9999.000,9999.000,9999.000,9999.000,9999.000
202607231342,   0.663,9999.000,9999.000,9999.000,9999.000,9999.000,9999.000,9999.000,9999.000
202607231348,   0.649,9999.000,9999.000,9999.000,9999.000,9999.000,9999.000,9999.000,9999.000
202607231354,   0.635,9999.000,9999.000,9999.000,9999.000,9999.000,9999.000,9999.000,9999.000
202607231400,   0.621,9999.000,   0.200,  -0.057,   0.764,   0.100,   0.664,   0.300,   0.864
202607231406,   0.607,9999.000,9999.000,9999.000,9999.000,9999.000,9999.000,9999.000,9999.000
202607231412,   0.593,9999.000,9999.000,9999.000,9999.000,9999.000,9999.000,9999.000,9999.000
202607231418,   0.580,9999.000,9999.000,9999.000,9999.000,9999.000,9999.000,9999.000,9999.000
202607231424,   0.566,9999.000,9999.000,9999.000,9999.000,9999.000,9999.000,9999.000,9999.000
202607231430,   0.553,9999.000,9999.000,9999.000,9999.000,9999.000,9999.000,9999.000,9999.000
202607231436,   0.540,9999.000,9999.000,9999.000,9999.000,9999.000,9999.000,9999.000,9999.000
202607231442,   0.527,9999.000,9999.000,9999.000,9999.000,9999.000,9999.000,9999.000,9999.000
202607231448,   0.515,9999.000,9999.000,9999.000,9999.000,9999.000,9999.000,9999.000,9999.000
202607231454,   0.502,9999.000,9999.000,9999.000,9999.000,9999.000,9999.000,9999.000,9999.000
202607231500,   0.489,9999.000,   0.200,  -0.065,   0.624,   0.100,   0.524,   0.300,   0.724
202607231506,   0.477,9999.000,9999.000,9999.000,9999.000,9999.000,9999.000,9999.000,9999.000
202607231512,   0.465,9999.000,9999.000,9999.000,9999.000,9999.000,9999.000,9999.000,9999.000
202607231518,   0.453,9999.000,9999.000,9999.000,9999.000,9999.000,9999.000,9999.000,9999.000
202607231524,   0.441,9999.000,9999.000,9999.000,9999.000,9999.000,9999.000,9999.000,9999.000
202607231530,   0.429,9999.000,9999.000,9999.000,9999.000,9999.000,9999.000,9999.000,9999.000
202607231536,   0.418,9999.000,9999.000,9999.000,9999.000,9999.000,9999.000,9999.000,9999.000
202607231542,   0.406,9999.000,9999.000,9999.000,9999.000,9999.000,9999.000,9999.000,9999.000
202607231548,   0.395,9999.000,9999.000,9999.000,9999.000,9999.000,9999.000,9999.000,9999.000
202607231554,   0.385,9999.000,9999.000,9999.000,9999.000,9999.000,9999.000,9999.000,9999.000
202607231600,   0.374,9999.000,   0.200,   0.031,   0.605,   0.100,   0.505,   0.300,   0.705
202607231606,   0.364,9999.000,9999.000,9999.000,9999.000,9999.000,9999.000,9999.000,9999.000
202607231612,   0.354,9999.000,9999.000,9999.000,9999.000,9999.000,9999.000,9999.000,9999.000
202607231618,   0.344,9999.000,9999.000,9999.000,9999.000,9999.000,9999.000,9999.000,9999.000
202607231624,   0.335,9999.000,9999.000,9999.000,9999.000,9999.000,9999.000,9999.000,9999.000
202607231630,   0.327,9999.000,9999.000,9999.000,9999.000,9999.000,9999.000,9999.000,9999.000
202607231636,   0.319,9999.000,9999.000,9999.000,9999.000,9999.000,9999.000,9999.000,9999.000
202607231642,   0.311,9999.000,9999.000,9999.000,9999.000,9999.000,9999.000,9999.000,9999.000
202607231648,   0.305,9999.000,9999.000,9999.000,9999.000,9999.000,9999.000,9999.000,9999.000
202607231654,   0.299,9999.000,9999.000,9999.000,9999.000,9999.000,9999.000,9999.000,9999.000
202607231700,   0.294,9999.000,   0.200,   0.303,   0.797,   0.100,   0.697,   0.300,   0.897
202607231706,   0.289,9999.000,9999.000,9999.000,9999.000,9999.000,9999.000,9999.000,9999.000
202607231712,   0.286,9999.000,9999.000,9999.000,9999.000,9999.000,9999.000,9999.000,9999.000
202607231718,   0.284,9999.000,9999.000,9999.000,9999.000,9999.000,9999.000,9999.000,9999.000
202607231724,   0.283,9999.000,9999.000,9999.000,9999.000,9999.000,9999.000,9999.000,9999.000
202607231730,   0.284,9999.000,9999.000,9999.000,9999.000,9999.000,9999.000,9999.000,9999.000
202607231736,   0.285,9999.000,9999.000,9999.000,9999.000,9999.000,9999.000,9999.000,9999.000
202607231742,   0.289,9999.000,9999.000,9999.000,9999.000,9999.000,9999.000,9999.000,9999.000
202607231748,   0.293,9999.000,9999.000,9999.000,9999.000,9999.000,9999.000,9999.000,9999.000
202607231754,   0.300,9999.000,9999.000,9999.000,9999.000,9999.000,9999.000,9999.000,9999.000
202607231800,   0.308,9999.000,   0.200,   0.303,   0.811,   0.100,   0.711,   0.300,   0.911
