        TIME,    TIDE,      OB,   SURGE,    BIAS,     TWL,SURGE90p,  TWL90p,SURGE10p,   TWL10p
202604161200,   3.971,   3.480,  -0.800,   0.309,   3.480,  -0.900,   3.380,  -0.800,   3.480
202604161206,   3.708,9999.000,9999.000,9999.000,9999.000,9999.000,9999.000,9999.000,9999.000
202604161212,   3.448,   2.968,9999.000,9999.000,9999.000,9999.000,9999.000,9999.000,9999.000
202604161218,   3.191,9999.000,9999.000,9999.000,9999.000,9999.000,9999.000,9999.000,9999.000
202604161224,   2.938,   2.459,9999.000,9999.000,9999.000,9999.000,9999.000,9999.000,9999.000
202604161230,   2.691,9999.000,9999.000,9999.000,9999.000,9999.000,9999.000,9999.000,9999.000
202604161236,   2.448,   2.000,9999.000,9999.000,9999.000,9999.000,9999.000,9999.000,9999.000
202604161242,   2.212,9999.000,9999.000,9999.000,9999.000,9999.000,9999.000,9999.000,9999.000
202604161248,   1.982,   1.538,9999.000,9999.000,9999.000,9999.000,9999.000,9999.000,9999.000
202604161254,   1.759,9999.000,9999.000,9999.000,9999.000,9999.000,9999.000,9999.000,9999.000
202604161300,   1.544,   1.098,  -0.800,   0.354,   1.098,  -0.900,   0.998,  -0.800,   1.098
202604161306,   1.338,   0.849,9999.000,9999.000,9999.000,9999.000,9999.000,9999.000,9999.000
202604161312,   1.139,   0.639,9999.000,9999.000,9999.000,9999.000,9999.000,9999.000,9999.000
202604161318,   0.951,   0.469,9999.000,9999.000,9999.000,9999.000,9999.000,9999.000,9999.000
202604161324,   0.771,   0.268,9999.000,9999.000,9999.000,9999.000,9999.000,9999.000,9999.000
202604161330,   0.602,   0.088,9999.000,9999.000,9999.000,9999.000,9999.000,9999.000,9999.000
202604161336,   0.444,  -0.059,9999.000,9999.000,9999.000,9999.000,9999.000,9999.000,9999.000
202604161342,   0.296,  -0.200,9999.000,9999.000,9999.000,9999.000,9999.000,9999.000,9999.000
202604161348,   0.160,  -0.331,9999.000,9999.000,9999.000,9999.000,9999.000,9999.000,9999.000
202604161354,   0.035,  -0.459,9999.000,9999.000,9999.000,9999.000,9999.000,9999.000,9999.000
202604161400,  -0.077,  -0.570,  -0.800,   0.307,  -0.570,  -0.900,  -0.670,  -0.800,  -0.570
202604161406,  -0.178,  -0.678,9999.000,9999.000,9999.000,9999.000,9999.000,9999.000,9999.000
202604161412,  -0.267,  -0.790,9999.000,9999.000,9999.000,9999.000,9999.000,9999.000,9999.000
202604161418,  -0.343,  -0.879,9999.000,9999.000,9999.000,9999.000,9999.000,9999.000,9999.000
202604161424,  -0.406,  -0.951,9999.000,9999.000,9999.000,9999.000,9999.000,9999.000,9999.000
202604161430,  -0.456,  -1.029,9999.000,9999.000,9999.000,9999.000,9999.000,9999.000,9999.000
202604161436,  -0.493,  -1.059,9999.000,9999.000,9999.000,9999.000,9999.000,9999.000,9999.000
202604161442,  -0.517,  -1.108,9999.000,9999.000,9999.000,9999.000,9999.000,9999.000,9999.000
202604161448,  -0.529,  -1.098,9999.000,9999.000,9999.000,9999.000,9999.000,9999.000,9999.000
202604161454,  -0.526,  -1.079,9999.000,9999.000,9999.000,9999.000,9999.000,9999.000,9999.000
202604161500,  -0.511,  -1.098,  -0.900,   0.313,  -1.098,  -0.900,  -1.098,  -0.800,  -0.998
202604161506,  -0.483,  -1.039,9999.000,9999.000,9999.000,9999.000,9999.000,9999.000,9999.000
202604161512,  -0.442,  -1.000,9999.000,9999.000,9999.000,9999.000,9999.000,9999.000,9999.000
202604161518,  -0.388,  -0.961,9999.000,9999.000,9999.000,9999.000,9999.000,9999.000,9999.000
202604161524,  -0.321,  -0.898,9999.000,9999.000,9999.000,9999.000,9999.000,9999.000,9999.000
202604161530,  -0.242,  -0.829,9999.000,9999.000,9999.000,9999.000,9999.000,9999.000,9999.000
202604161536,  -0.151,  -0.741,9999.000,9999.000,9999.000,9999.000,9999.000,9999.000,9999.000
202604161542,  -0.047,  -0.669,9999.000,9999.000,9999.000,9999.000,9999.000,9999.000,9999.000
202604161548,   0.067,  -0.570,9999.000,9999.000,9999.000,9999.000,9999.000,9999.000,9999.000
202604161554,   0.193,  -0.439,9999.000,9999.000,9999.000,9999.000,9999.000,9999.000,9999.000
202604161600,   0.331,  -0.321,  -0.900,   0.248,  -0.321,  -0.900,  -0.321,  -0.800,  -0.221
202604161606,   0.480,  -0.170,9999.000,9999.000,9999.000,9999.000,9999.000,9999.000,9999.000
202604161612,   0.638,  -0.009,9999.000,9999.000,9999.000,9999.000,9999.000,9999.000,9999.000
202604161618,   0.807,   0.150,9999.000,9999.000,9999.000,9999.000,9999.000,9999.000,9999.000
202604161624,   0.985,   0.370,9999.000,9999.000,9999.000,9999.000,9999.000,9999.000,9999.000
202604161630,   1.172,   0.541,9999.000,9999.000,9999.000,9999.000,9999.000,9999.000,9999.000
202604161636,   1.368,   0.708,9999.000,9999.000,9999.000,9999.000,9999.000,9999.000,9999.000
202604161642,   1.571,   0.908,9999.000,9999.000,9999.000,9999.000,9999.000,9999.000,9999.000
202604161648,   1.782,   1.108,9999.000,9999.000,9999.000,9999.000,9999.000,9999.000,9999.000
202604161654,   2.000,   1.338,9999.000,9999.000,9999.000,9999.000,9999.000,9999.000,9999.000
202604161700,   2.224,   1.538,  -0.900,   0.214,   1.538,  -0.900,   1.538,  -0.800,   1.638
202604161706,   2.454,   1.767,9999.000,9999.000,9999.000,9999.000,9999.000,9999.000,9999.000
202604161712,   2.689,   2.020,9999.000,9999.000,9999.000,9999.000,9999.000,9999.000,9999.000
202604161718,   2.929,   2.240,9999.000,9999.000,9999.000,9999.000,9999.000,9999.000,9999.000
202604161724,   3.172,   2.469,9999.000,9999.000,9999.000,9999.000,9999.000,9999.000,9999.000
202604161730,   3.419,   2.719,9999.000,9999.000,9999.000,9999.000,9999.000,9999.000,9999.000
202604161736,   3.669,   2.958,9999.000,9999.000,9999.000,9999.000,9999.000,9999.000,9999.000
202604161742,   3.920,   3.207,9999.000,9999.000,9999.000,9999.000,9999.000,9999.000,9999.000
202604161748,   4.173,   3.460,9999.000,9999.000,9999.000,9999.000,9999.000,9999.000,9999.000
202604161754,   4.426,   3.729,9999.000,9999.000,9999.000,9999.000,9999.000,9999.000,9999.000
202604161800,   4.680,   3.958,  -0.700,  -0.022,   3.958,  -0.800,   3.858,  -0.700,   3.958
202604161806,   4.933,   4.198,9999.000,9999.000,9999.000,9999.000,9999.000,9999.000,9999.000
202604161812,   5.184,   4.418,9999.000,9999.000,9999.000,9999.000,9999.000,9999.000,9999.000
202604161818,   5.434,   4.647,9999.000,9999.000,9999.000,9999.000,9999.000,9999.000,9999.000
202604161824,   5.681,   4.900,9999.000,9999.000,9999.000,9999.000,9999.000,9999.000,9999.000
202604161830,   5.925,   5.169,9999.000,9999.000,9999.000,9999.000,9999.000,9999.000,9999.000
202604161836,   6.165,   5.398,9999.000,9999.000,9999.000,9999.000,9999.000,9999.000,9999.000
202604161842,   6.401,   5.648,9999.000,9999.000,9999.000,9999.000,9999.000,9999.000,9999.000
202604161848,   6.631,   5.887,9999.000,9999.000,9999.000,9999.000,9999.000,9999.000,9999.000
202604161854,   6.857,   6.127,9999.000,9999.000,9999.000,9999.000,9999.000,9999.000,9999.000
202604161900,   7.075,   6.327,  -0.700,  -0.048,   6.327,  -0.800,   6.227,  -0.700,   6.327
202604161906,   7.288,   6.527,9999.000,9999.000,9999.000,9999.000,9999.000,9999.000,9999.000
202604161912,   7.493,   6.756,9999.000,9999.000,9999.000,9999.000,9999.000,9999.000,9999.000
202604161918,   7.690,   6.937,9999.000,9999.000,9999.000,9999.000,9999.000,9999.000,9999.000
202604161924,   7.878,   7.137,9999.000,9999.000,9999.000,9999.000,9999.000,9999.000,9999.000
202604161930,   8.059,   7.297,9999.000,9999.000,9999.000,9999.000,9999.000,9999.000,9999.000
202604161936,   8.229,   7.448,9999.000,9999.000,9999.000,9999.000,9999.000,9999.000,9999.000
202604161942,   8.391,   7.586,9999.000,9999.000,9999.000,9999.000,9999.000,9999.000,9999.000
202604161948,   8.542,   7.747,9999.000,9999.000,9999.000,9999.000,9999.000,9999.000,9999.000
202604161954,   8.683,   7.878,9999.000,9999.000,9999.000,9999.000,9999.000,9999.000,9999.000
202604162000,   8.813,   8.016,  -0.700,  -0.097,   8.016,  -0.800,   7.916,  -0.700,   8.016
202604162006,   8.932,   8.127,9999.000,9999.000,9999.000,9999.000,9999.000,9999.000,9999.000
202604162012,   9.040,   8.239,9999.000,9999.000,9999.000,9999.000,9999.000,9999.000,9999.000
202604162018,   9.136,   8.327,9999.000,9999.000,9999.000,9999.000,9999.000,9999.000,9999.000
202604162024,   9.220,   8.396,9999.000,9999.000,9999.000,9999.000,9999.000,9999.000,9999.000
202604162030,   9.293,   8.439,9999.000,9999.000,9999.000,9999.000,9999.000,9999.000,9999.000
202604162036,   9.353,   8.508,9999.000,9999.000,9999.000,9999.000,9999.000,9999.000,9999.000
202604162042,   9.401,   8.557,9999.000,9999.000,9999.000,9999.000,9999.000,9999.000,9999.000
202604162048,   9.436,   8.596,9999.000,9999.000,9999.000,9999.000,9999.000,9999.000,9999.000
202604162054,   9.459,   8.616,9999.000,9999.000,9999.000,9999.000,9999.000,9999.000,9999.000
202604162100,   9.470,   8.626,  -0.800,  -0.044,   8.626,  -0.800,   8.626,  -0.700,   8.726
202604162106,   9.468,   8.636,9999.000,9999.000,9999.000,9999.000,9999.000,9999.000,9999.000
202604162112,   9.454,   8.626,9999.000,9999.000,9999.000,9999.000,9999.000,9999.000,9999.000
202604162118,   9.427,   8.587,9999.000,9999.000,9999.000,9999.000,9999.000,9999.000,9999.000
202604162124,   9.389,   8.547,9999.000,9999.000,9999.000,9999.000,9999.000,9999.000,9999.000
202604162130,   9.338,   8.488,9999.000,9999.000,9999.000,9999.000,9999.000,9999.000,9999.000
202604162136,   9.275,   8.439,9999.000,9999.000,9999.000,9999.000,9999.000,9999.000,9999.000
202604162142,   9.200,   8.337,9999.000,9999.000,9999.000,9999.000,9999.000,9999.000,9999.000
202604162148,   9.114,   8.249,9999.000,9999.000,9999.000,9999.000,9999.000,9999.000,9999.000
202604162154,   9.017,   8.127,9999.000,9999.000,9999.000,9999.000,9999.000,9999.000,9999.000
202604162200,   8.909,   8.039,  -0.700,  -0.170,   8.039,  -0.800,   7.939,  -0.700,   8.039
202604162206,   8.790,   7.898,9999.000,9999.000,9999.000,9999.000,9999.000,9999.000,9999.000
202604162212,   8.661,   7.796,9999.000,9999.000,9999.000,9999.000,9999.000,9999.000,9999.000
202604162218,   8.522,   7.678,9999.000,9999.000,9999.000,9999.000,9999.000,9999.000,9999.000
202604162224,   8.374,   7.576,9999.000,9999.000,9999.000,9999.000,9999.000,9999.000,9999.000
202604162230,   8.217,   7.439,9999.000,9999.000,9999.000,9999.000,9999.000,9999.000,9999.000
202604162236,   8.051,   7.268,9999.000,9999.000,9999.000,9999.000,9999.000,9999.000,9999.000
202604162242,   7.877,   7.107,9999.000,9999.000,9999.000,9999.000,9999.000,9999.000,9999.000
202604162248,   7.696,   6.927,9999.000,9999.000,9999.000,9999.000,9999.000,9999.000,9999.000
202604162254,   7.507,   6.737,9999.000,9999.000,9999.000,9999.000,9999.000,9999.000,9999.000
202604162300,   7.312,   6.527,  -0.700,  -0.085,   6.527,  -0.800,   6.427,  -0.700,   6.527
202604162306,   7.111,   6.346,9999.000,9999.000,9999.000,9999.000,9999.000,9999.000,9999.000
202604162312,   6.905,   6.136,9999.000,9999.000,9999.000,9999.000,9999.000,9999.000,9999.000
202604162318,   6.693,   5.917,9999.000,9999.000,9999.000,9999.000,9999.000,9999.000,9999.000
202604162324,   6.478,   5.697,9999.000,9999.000,9999.000,9999.000,9999.000,9999.000,9999.000
202604162330,   6.259,   5.487,9999.000,9999.000,9999.000,9999.000,9999.000,9999.000,9999.000
202604162336,   6.037,   5.267,9999.000,9999.000,9999.000,9999.000,9999.000,9999.000,9999.000
202604162342,   5.813,   5.038,9999.000,9999.000,9999.000,9999.000,9999.000,9999.000,9999.000
202604162348,   5.587,   4.847,9999.000,9999.000,9999.000,9999.000,9999.000,9999.000,9999.000
202604162354,   5.360,   4.628,9999.000,9999.000,9999.000,9999.000,9999.000,9999.000,9999.000
202604170000,   5.133,   4.408,  -0.700,  -0.025,   4.408,  -0.700,   4.408,  -0.700,   4.408
202604170006,   4.906,   4.159,9999.000,9999.000,9999.000,9999.000,9999.000,9999.000,9999.000
202604170012,   4.680,   3.919,9999.000,9999.000,9999.000,9999.000,9999.000,9999.000,9999.000
202604170018,   4.455,   3.689,9999.000,9999.000,9999.000,9999.000,9999.000,9999.000,9999.000
202604170024,   4.233,   3.450,9999.000,9999.000,9999.000,9999.000,9999.000,9999.000,9999.000
202604170030,   4.014,   3.207,9999.000,9999.000,9999.000,9999.000,9999.000,9999.000,9999.000
202604170036,   3.798,   2.997,9999.000,9999.000,9999.000,9999.000,9999.000,9999.000,9999.000
202604170042,   3.586,   2.807,9999.000,9999.000,9999.000,9999.000,9999.000,9999.000,9999.000
202604170048,   3.379,   2.630,9999.000,9999.000,9999.000,9999.000,9999.000,9999.000,9999.000
202604170054,   3.177,   2.420,9999.000,9999.000,9999.000,9999.000,9999.000,9999.000,9999.000
202604170100,   2.981,   2.230,  -0.700,  -0.051,   2.230,  -0.800,   2.130,  -0.700,   2.230
202604170106,   2.791,   2.059,9999.000,9999.000,9999.000,9999.000,9999.000,9999.000,9999.000
202604170112,   2.609,   1.859,9999.000,9999.000,9999.000,9999.000,9999.000,9999.000,9999.000
202604170118,   2.434,   1.669,9999.000,9999.000,9999.000,9999.000,9999.000,9999.000,9999.000
202604170124,   2.267,   1.528,9999.000,9999.000,9999.000,9999.000,9999.000,9999.000,9999.000
202604170130,   2.109,   1.361,9999.000,9999.000,9999.000,9999.000,9999.000,9999.000,9999.000
202604170136,   1.959,   1.210,9999.000,9999.000,9999.000,9999.000,9999.000,9999.000,9999.000
202604170142,   1.820,   1.069,9999.000,9999.000,9999.000,9999.000,9999.000,9999.000,9999.000
202604170148,   1.690,   0.918,9999.000,9999.000,9999.000,9999.000,9999.000,9999.000,9999.000
202604170154,   1.570,   0.780,9999.000,9999.000,9999.000,9999.000,9999.000,9999.000,9999.000
202604170200,   1.461,   0.669,  -0.800,   0.008,   0.669,  -0.800,   0.669,  -0.700,   0.769
202604170206,   1.363,   0.570,9999.000,9999.000,9999.000,9999.000,9999.000,9999.000,9999.000
202604170212,   1.276,   0.498,9999.000,9999.000,9999.000,9999.000,9999.000,9999.000,9999.000
202604170218,   1.201,   0.439,9999.000,9999.000,9999.000,9999.000,9999.000,9999.000,9999.000
202604170224,   1.137,   0.409,9999.000,9999.000,9999.000,9999.000,9999.000,9999.000,9999.000
202604170230,   1.086,   0.350,9999.000,9999.000,9999.000,9999.000,9999.000,9999.000,9999.000
202604170236,   1.047,   0.298,9999.000,9999.000,9999.000,9999.000,9999.000,9999.000,9999.000
202604170242,   1.020,   0.288,9999.000,9999.000,9999.000,9999.000,9999.000,9999.000,9999.000
202604170248,   1.006,   0.249,9999.000,9999.000,9999.000,9999.000,9999.000,9999.000,9999.000
202604170254,   1.004,   0.239,9999.000,9999.000,9999.000,9999.000,9999.000,9999.000,9999.000
202604170300,   1.015,   0.249,  -0.800,   0.034,   0.249,  -0.800,   0.249,  -0.700,   0.349
202604170306,   1.039,   0.259,9999.000,9999.000,9999.000,9999.000,9999.000,9999.000,9999.000
202604170312,   1.075,   0.298,9999.000,9999.000,9999.000,9999.000,9999.000,9999.000,9999.000
202604170318,   1.124,   0.341,9999.000,9999.000,9999.000,9999.000,9999.000,9999.000,9999.000
202604170324,   1.185,   0.400,9999.000,9999.000,9999.000,9999.000,9999.000,9999.000,9999.000
202604170330,   1.259,   0.469,9999.000,9999.000,9999.000,9999.000,9999.000,9999.000,9999.000
202604170336,   1.345,   0.541,9999.000,9999.000,9999.000,9999.000,9999.000,9999.000,9999.000
202604170342,   1.443,   0.669,9999.000,9999.000,9999.000,9999.000,9999.000,9999.000,9999.000
202604170348,   1.552,   0.790,9999.000,9999.000,9999.000,9999.000,9999.000,9999.000,9999.000
202604170354,   1.674,   0.879,9999.000,9999.000,9999.000,9999.000,9999.000,9999.000,9999.000
202604170400,   1.806,   1.039,  -0.800,   0.033,   1.039,  -0.800,   1.039,  -0.700,   1.139
202604170406,   1.950,   1.190,9999.000,9999.000,9999.000,9999.000,9999.000,9999.000,9999.000
202604170412,   2.104,   1.328,9999.000,9999.000,9999.000,9999.000,9999.000,9999.000,9999.000
202604170418,   2.269,   1.489,9999.000,9999.000,9999.000,9999.000,9999.000,9999.000,9999.000
202604170424,   2.443,   1.639,9999.000,9999.000,9999.000,9999.000,9999.000,9999.000,9999.000
202604170430,   2.627,   1.849,9999.000,9999.000,9999.000,9999.000,9999.000,9999.000,9999.000
202604170436,   2.819,   2.010,9999.000,9999.000,9999.000,9999.000,9999.000,9999.000,9999.000
202604170442,   3.021,   2.230,9999.000,9999.000,9999.000,9999.000,9999.000,9999.000,9999.000
202604170448,   3.230,   2.450,9999.000,9999.000,9999.000,9999.000,9999.000,9999.000,9999.000
202604170454,   3.446,   2.650,9999.000,9999.000,9999.000,9999.000,9999.000,9999.000,9999.000
202604170500,   3.670,   2.909,  -0.700,  -0.061,   2.909,  -0.800,   2.809,  -0.700,   2.909
202604170506,   3.900,   3.148,9999.000,9999.000,9999.000,9999.000,9999.000,9999.000,9999.000
202604170512,   4.136,   3.358,9999.000,9999.000,9999.000,9999.000,9999.000,9999.000,9999.000
202604170518,   4.376,   3.617,9999.000,9999.000,9999.000,9999.000,9999.000,9999.000,9999.000
202604170524,   4.622,   3.870,9999.000,9999.000,9999.000,9999.000,9999.000,9999.000,9999.000
202604170530,   4.871,   4.129,9999.000,9999.000,9999.000,9999.000,9999.000,9999.000,9999.000
202604170536,   5.124,   4.368,9999.000,9999.000,9999.000,9999.000,9999.000,9999.000,9999.000
202604170542,   5.379,   4.598,9999.000,9999.000,9999.000,9999.000,9999.000,9999.000,9999.000
202604170548,   5.636,   4.900,9999.000,9999.000,9999.000,9999.000,9999.000,9999.000,9999.000
202604170554,   5.894,   5.120,9999.000,9999.000,9999.000,9999.000,9999.000,9999.000,9999.000
202604170600,   6.153,   5.408,  -0.900,   0.155,   5.408,  -0.900,   5.408,  -0.800,   5.508
202604170606,   6.412,   5.657,9999.000,9999.000,9999.000,9999.000,9999.000,9999.000,9999.000
202604170612,   6.670,   5.917,9999.000,9999.000,9999.000,9999.000,9999.000,9999.000,9999.000
202604170618,   6.926,   6.179,9999.000,9999.000,9999.000,9999.000,9999.000,9999.000,9999.000
202604170624,   7.181,   6.428,9999.000,9999.000,9999.000,9999.000,9999.000,9999.000,9999.000
202604170630,   7.432,   6.668,9999.000,9999.000,9999.000,9999.000,9999.000,9999.000,9999.000
202604170636,   7.680,   6.937,9999.000,9999.000,9999.000,9999.000,9999.000,9999.000,9999.000
202604170642,   7.924,   7.176,9999.000,9999.000,9999.000,9999.000,9999.000,9999.000,9999.000
202604170648,   8.164,   7.419,9999.000,9999.000,9999.000,9999.000,9999.000,9999.000,9999.000
202604170654,   8.397,   7.648,9999.000,9999.000,9999.000,9999.000,9999.000,9999.000,9999.000
202604170700,   8.625,   7.898,  -0.900,   0.173,   7.898,  -0.900,   7.898,  -0.800,   7.998
202604170706,   8.846,   8.127,9999.000,9999.000,9999.000,9999.000,9999.000,9999.000,9999.000
202604170712,   9.059,   8.318,9999.000,9999.000,9999.000,9999.000,9999.000,9999.000,9999.000
202604170718,   9.265,   8.518,9999.000,9999.000,9999.000,9999.000,9999.000,9999.000,9999.000
202604170724,   9.462,   8.708,9999.000,9999.000,9999.000,9999.000,9999.000,9999.000,9999.000
202604170730,   9.650,   8.928,9999.000,9999.000,9999.000,9999.000,9999.000,9999.000,9999.000
202604170736,   9.829,   9.108,9999.000,9999.000,9999.000,9999.000,9999.000,9999.000,9999.000
202604170742,   9.997,   9.256,9999.000,9999.000,9999.000,9999.000,9999.000,9999.000,9999.000
202604170748,  10.155,   9.416,9999.000,9999.000,9999.000,9999.000,9999.000,9999.000,9999.000
202604170754,  10.302,   9.548,9999.000,9999.000,9999.000,9999.000,9999.000,9999.000,9999.000
202604170800,  10.438,   9.675,  -0.900,   0.137,   9.675,  -0.900,   9.675,  -0.800,   9.775
202604170806,  10.562,   9.787,9999.000,9999.000,9999.000,9999.000,9999.000,9999.000,9999.000
202604170812,  10.673,   9.899,9999.000,9999.000,9999.000,9999.000,9999.000,9999.000,9999.000
202604170818,  10.772,   9.997,9999.000,9999.000,9999.000,9999.000,9999.000,9999.000,9999.000
202604170824,  10.859,  10.085,9999.000,9999.000,9999.000,9999.000,9999.000,9999.000,9999.000
202604170830,  10.932,  10.167,9999.000,9999.000,9999.000,9999.000,9999.000,9999.000,9999.000
202604170836,  10.992,  10.236,9999.000,9999.000,9999.000,9999.000,9999.000,9999.000,9999.000
202604170842,  11.038,  10.276,9999.000,9999.000,9999.000,9999.000,9999.000,9999.000,9999.000
202604170848,  11.070,  10.295,9999.000,9999.000,9999.000,9999.000,9999.000,9999.000,9999.000
202604170854,  11.089,  10.338,9999.000,9999.000,9999.000,9999.000,9999.000,9999.000,9999.000
202604170900,  11.093,  10.358,  -0.900,   0.165,  10.358,  -0.900,  10.358,  -0.800,  10.458
202604170906,  11.084,  10.348,9999.000,9999.000,9999.000,9999.000,9999.000,9999.000,9999.000
202604170912,  11.060,  10.328,9999.000,9999.000,9999.000,9999.000,9999.000,9999.000,9999.000
202604170918,  11.022,  10.305,9999.000,9999.000,9999.000,9999.000,9999.000,9999.000,9999.000
202604170924,  10.971,  10.256,9999.000,9999.000,9999.000,9999.000,9999.000,9999.000,9999.000
202604170930,  10.905,  10.177,9999.000,9999.000,9999.000,9999.000,9999.000,9999.000,9999.000
202604170936,  10.825,  10.085,9999.000,9999.000,9999.000,9999.000,9999.000,9999.000,9999.000
202604170942,  10.731,  10.007,9999.000,9999.000,9999.000,9999.000,9999.000,9999.000,9999.000
202604170948,  10.624,   9.918,9999.000,9999.000,9999.000,9999.000,9999.000,9999.000,9999.000
202604170954,  10.504,   9.787,9999.000,9999.000,9999.000,9999.000,9999.000,9999.000,9999.000
202604171000,  10.370,   9.656,  -0.900,   0.186,   9.656,  -0.900,   9.656,  -0.800,   9.756
202604171006,  10.223,   9.538,9999.000,9999.000,9999.000,9999.000,9999.000,9999.000,9999.000
202604171012,  10.064,   9.387,9999.000,9999.000,9999.000,9999.000,9999.000,9999.000,9999.000
202604171018,   9.893,   9.177,9999.000,9999.000,9999.000,9999.000,9999.000,9999.000,9999.000
202604171024,   9.710,   8.997,9999.000,9999.000,9999.000,9999.000,9999.000,9999.000,9999.000
202604171030,   9.515,   8.836,9999.000,9999.000,9999.000,9999.000,9999.000,9999.000,9999.000
202604171036,   9.310,   8.649,9999.000,9999.000,9999.000,9999.000,9999.000,9999.000,9999.000
202604171042,   9.093,   8.406,9999.000,9999.000,9999.000,9999.000,9999.000,9999.000,9999.000
202604171048,   8.867,   8.196,9999.000,9999.000,9999.000,9999.000,9999.000,9999.000,9999.000
202604171054,   8.631,   7.976,9999.000,9999.000,9999.000,9999.000,9999.000,9999.000,9999.000
202604171100,   8.386,   7.747,  -0.900,   0.261,   7.747,  -0.900,   7.747,  -0.800,   7.847
202604171106,   8.133,   7.478,9999.000,9999.000,9999.000,9999.000,9999.000,9999.000,9999.000
202604171112,   7.872,   7.219,9999.000,9999.000,9999.000,9999.000,9999.000,9999.000,9999.000
202604171118,   7.603,   6.979,9999.000,9999.000,9999.000,9999.000,9999.000,9999.000,9999.000
202604171124,   7.328,   6.707,9999.000,9999.000,9999.000,9999.000,9999.000,9999.000,9999.000
202604171130,   7.047,   6.409,9999.000,9999.000,9999.000,9999.000,9999.000,9999.000,9999.000
202604171136,   6.760,   6.117,9999.000,9999.000,9999.000,9999.000,9999.000,9999.000,9999.000
202604171142,   6.469,   5.828,9999.000,9999.000,9999.000,9999.000,9999.000,9999.000,9999.000
202604171148,   6.174,   5.530,9999.000,9999.000,9999.000,9999.000,9999.000,9999.000,9999.000
202604171154,   5.876,   5.208,9999.000,9999.000,9999.000,9999.000,9999.000,9999.000,9999.000
202604171200,   5.574,   4.900,  -0.900,   0.226,   4.900,  -1.000,   4.800,  -0.900,   4.900
202604171206,   5.271,   4.618,9999.000,9999.000,9999.000,9999.000,9999.000,9999.000,9999.000
202604171212,   4.967,   4.309,9999.000,9999.000,9999.000,9999.000,9999.000,9999.000,9999.000
202604171218,   4.662,   4.008,9999.000,9999.000,9999.000,9999.000,9999.000,9999.000,9999.000
202604171224,   4.358,   3.739,9999.000,9999.000,9999.000,9999.000,9999.000,9999.000,9999.000
202604171230,   4.054,   3.440,9999.000,9999.000,9999.000,9999.000,9999.000,9999.000,9999.000
202604171236,   3.753,   3.148,9999.000,9999.000,9999.000,9999.000,9999.000,9999.000,9999.000
202604171242,   3.453,   2.869,9999.000,9999.000,9999.000,9999.000,9999.000,9999.000,9999.000
202604171248,   3.157,   2.578,9999.000,9999.000,9999.000,9999.000,9999.000,9999.000,9999.000
202604171254,   2.864,   2.279,9999.000,9999.000,9999.000,9999.000,9999.000,9999.000,9999.000
202604171300,   2.576,   1.990,  -1.000,   0.414,   1.990,  -1.000,   1.990,  -0.900,   2.090
202604171306,   2.293,   1.718,9999.000,9999.000,9999.000,9999.000,9999.000,9999.000,9999.000
202604171312,   2.016,   1.449,9999.000,9999.000,9999.000,9999.000,9999.000,9999.000,9999.000
202604171318,   1.746,   1.170,9999.000,9999.000,9999.000,9999.000,9999.000,9999.000,9999.000
202604171324,   1.482,   0.869,9999.000,9999.000,9999.000,9999.000,9999.000,9999.000,9999.000
202604171330,   1.227,   0.639,9999.000,9999.000,9999.000,9999.000,9999.000,9999.000,9999.000
202604171336,   0.979,   0.390,9999.000,9999.000,9999.000,9999.000,9999.000,9999.000,9999.000
202604171342,   0.741,   0.111,9999.000,9999.000,9999.000,9999.000,9999.000,9999.000,9999.000
202604171348,   0.512,  -0.131,9999.000,9999.000,9999.000,9999.000,9999.000,9999.000,9999.000
202604171354,   0.293,  -0.341,9999.000,9999.000,9999.000,9999.000,9999.000,9999.000,9999.000
202604171400,   0.085,  -0.531,  -1.000,   0.384,  -0.531,  -1.000,  -0.531,  -1.000,  -0.531
202604171406,  -0.111,  -0.718,9999.000,9999.000,9999.000,9999.000,9999.000,9999.000,9999.000
202604171412,  -0.297,  -0.941,9999.000,9999.000,9999.000,9999.000,9999.000,9999.000,9999.000
202604171418,  -0.471,  -1.118,9999.000,9999.000,9999.000,9999.000,9999.000,9999.000,9999.000
202604171424,  -0.632,  -1.239,9999.000,9999.000,9999.000,9999.000,9999.000,9999.000,9999.000
202604171430,  -0.781,  -1.400,9999.000,9999.000,9999.000,9999.000,9999.000,9999.000,9999.000
202604171436,  -0.917,  -1.557,9999.000,9999.000,9999.000,9999.000,9999.000,9999.000,9999.000
202604171442,  -1.039,  -1.679,9999.000,9999.000,9999.000,9999.000,9999.000,9999.000,9999.000
202604171448,  -1.148,  -1.767,9999.000,9999.000,9999.000,9999.000,9999.000,9999.000,9999.000
202604171454,  -1.243,  -1.889,9999.000,9999.000,9999.000,9999.000,9999.000,9999.000,9999.000
202604171500,  -1.324,  -2.000,  -1.000,   0.324,  -2.000,  -1.000,  -2.000,  -1.000,  -2.000
202604171506,  -1.391,  -2.069,9999.000,9999.000,9999.000,9999.000,9999.000,9999.000,9999.000
202604171512,  -1.443,  -2.109,9999.000,9999.000,9999.000,9999.000,9999.000,9999.000,9999.000
202604171518,  -1.482,  -2.158,9999.000,9999.000,9999.000,9999.000,9999.000,9999.000,9999.000
202604171524,  -1.505,  -2.177,9999.000,9999.000,9999.000,9999.000,9999.000,9999.000,9999.000
202604171530,  -1.514,  -2.177,9999.000,9999.000,9999.000,9999.000,9999.000,9999.000,9999.000
202604171536,  -1.509,  -2.158,9999.000,9999.000,9999.000,9999.000,9999.000,9999.000,9999.000
202604171542,  -1.489,  -2.148,9999.000,9999.000,9999.000,9999.000,9999.000,9999.000,9999.000
202604171548,  -1.454,  -2.148,9999.000,9999.000,9999.000,9999.000,9999.000,9999.000,9999.000
202604171554,  -1.406,  -2.099,9999.000,9999.000,9999.000,9999.000,9999.000,9999.000,9999.000
202604171600,  -1.343,  -2.040,  -1.000,   0.303,  -2.040,  -1.000,  -2.040,  -0.900,  -1.940
202604171606,  -1.266,  -1.958,9999.000,9999.000,9999.000,9999.000,9999.000,9999.000,9999.000
202604171612,  -1.176,  -1.899,9999.000,9999.000,9999.000,9999.000,9999.000,9999.000,9999.000
202604171618,  -1.072,  -1.767,9999.000,9999.000,9999.000,9999.000,9999.000,9999.000,9999.000
202604171624,  -0.955,  -1.620,9999.000,9999.000,9999.000,9999.000,9999.000,9999.000,9999.000
202604171630,  -0.826,  -1.479,9999.000,9999.000,9999.000,9999.000,9999.000,9999.000,9999.000
202604171636,  -0.683,  -1.338,9999.000,9999.000,9999.000,9999.000,9999.000,9999.000,9999.000
202604171642,  -0.529,  -1.161,9999.000,9999.000,9999.000,9999.000,9999.000,9999.000,9999.000
202604171648,  -0.363,  -1.010,9999.000,9999.000,9999.000,9999.000,9999.000,9999.000,9999.000
202604171654,  -0.186,  -0.819,9999.000,9999.000,9999.000,9999.000,9999.000,9999.000,9999.000
202604171700,   0.001,  -0.639,  -0.900,   0.260,  -0.639,  -1.000,  -0.739,  -0.900,  -0.639
202604171706,   0.199,  -0.439,9999.000,9999.000,9999.000,9999.000,9999.000,9999.000,9999.000
202604171712,   0.407,  -0.249,9999.000,9999.000,9999.000,9999.000,9999.000,9999.000,9999.000
202604171718,   0.625,  -0.059,9999.000,9999.000,9999.000,9999.000,9999.000,9999.000,9999.000
202604171724,   0.850,   0.170,9999.000,9999.000,9999.000,9999.000,9999.000,9999.000,9999.000
202604171730,   1.084,   0.380,9999.000,9999.000,9999.000,9999.000,9999.000,9999.000,9999.000
202604171736,   1.326,   0.619,9999.000,9999.000,9999.000,9999.000,9999.000,9999.000,9999.000
202604171742,   1.574,   0.839,9999.000,9999.000,9999.000,9999.000,9999.000,9999.000,9999.000
202604171748,   1.828,   1.128,9999.000,9999.000,9999.000,9999.000,9999.000,9999.000,9999.000
202604171754,   2.088,   1.400,9999.000,9999.000,9999.000,9999.000,9999.000,9999.000,9999.000
202604171800,   2.353,   1.659,  -0.700,   0.006,   1.659,  -0.700,   1.659,  -0.700,   1.659
202604171806,   2.621,   1.958,9999.000,9999.000,9999.000,9999.000,9999.000,9999.000,9999.000
202604171812,   2.894,   2.220,9999.000,9999.000,9999.000,9999.000,9999.000,9999.000,9999.000
202604171818,   3.169,   2.489,9999.000,9999.000,9999.000,9999.000,9999.000,9999.000,9999.000
202604171824,   3.446,   2.778,9999.000,9999.000,9999.000,9999.000,9999.000,9999.000,9999.000
202604171830,   3.725,   3.050,9999.000,9999.000,9999.000,9999.000,9999.000,9999.000,9999.000
202604171836,   4.004,   3.348,9999.000,9999.000,9999.000,9999.000,9999.000,9999.000,9999.000
202604171842,   4.284,   3.627,9999.000,9999.000,9999.000,9999.000,9999.000,9999.000,9999.000
202604171848,   4.562,   3.890,9999.000,9999.000,9999.000,9999.000,9999.000,9999.000,9999.000
202604171854,   4.840,   4.149,9999.000,9999.000,9999.000,9999.000,9999.000,9999.000,9999.000
202604171900,   5.115,   4.418,  -0.700,   0.003,   4.418,  -0.700,   4.418,  -0.600,   4.518
202604171906,   5.387,   4.690,9999.000,9999.000,9999.000,9999.000,9999.000,9999.000,9999.000
202604171912,   5.656,   4.929,9999.000,9999.000,9999.000,9999.000,9999.000,9999.000,9999.000
202604171918,   5.921,   5.198,9999.000,9999.000,9999.000,9999.000,9999.000,9999.000,9999.000
202604171924,   6.181,   5.467,9999.000,9999.000,9999.000,9999.000,9999.000,9999.000,9999.000
202604171930,   6.435,   5.749,9999.000,9999.000,9999.000,9999.000,9999.000,9999.000,9999.000
202604171936,   6.684,   5.979,9999.000,9999.000,9999.000,9999.000,9999.000,9999.000,9999.000
202604171942,   6.926,   6.209,9999.000,9999.000,9999.000,9999.000,9999.000,9999.000,9999.000
202604171948,   7.160,   6.428,9999.000,9999.000,9999.000,9999.000,9999.000,9999.000,9999.000
202604171954,   7.387,   6.658,9999.000,9999.000,9999.000,9999.000,9999.000,9999.000,9999.000
202604172000,   7.606,   6.878,  -0.700,  -0.028,   6.878,  -0.700,   6.878,  -0.600,   6.978
202604172006,   7.815,   7.088,9999.000,9999.000,9999.000,9999.000,9999.000,9999.000,9999.000
202604172012,   8.016,   7.278,9999.000,9999.000,9999.000,9999.000,9999.000,9999.000,9999.000
202604172018,   8.206,   7.468,9999.000,9999.000,9999.000,9999.000,9999.000,9999.000,9999.000
202604172024,   8.386,   7.639,9999.000,9999.000,9999.000,9999.000,9999.000,9999.000,9999.000
202604172030,   8.556,   7.819,9999.000,9999.000,9999.000,9999.000,9999.000,9999.000,9999.000
202604172036,   8.714,   7.947,9999.000,9999.000,9999.000,9999.000,9999.000,9999.000,9999.000
202604172042,   8.861,   8.117,9999.000,9999.000,9999.000,9999.000,9999.000,9999.000,9999.000
202604172048,   8.996,   8.259,9999.000,9999.000,9999.000,9999.000,9999.000,9999.000,9999.000
202604172054,   9.119,   8.406,9999.000,9999.000,9999.000,9999.000,9999.000,9999.000,9999.000
202604172100,   9.230,   8.527,  -0.700,  -0.003,   8.527,  -0.800,   8.427,  -0.600,   8.627
202604172106,   9.328,   8.606,9999.000,9999.000,9999.000,9999.000,9999.000,9999.000,9999.000
202604172112,   9.414,   8.688,9999.000,9999.000,9999.000,9999.000,9999.000,9999.000,9999.000
202604172118,   9.487,   8.757,9999.000,9999.000,9999.000,9999.000,9999.000,9999.000,9999.000
202604172124,   9.546,   8.796,9999.000,9999.000,9999.000,9999.000,9999.000,9999.000,9999.000
202604172130,   9.593,   8.836,9999.000,9999.000,9999.000,9999.000,9999.000,9999.000,9999.000
202604172136,   9.626,   8.846,9999.000,9999.000,9999.000,9999.000,9999.000,9999.000,9999.000
202604172142,   9.646,   8.878,9999.000,9999.000,9999.000,9999.000,9999.000,9999.000,9999.000
202604172148,   9.654,   8.878,9999.000,9999.000,9999.000,9999.000,9999.000,9999.000,9999.000
202604172154,   9.648,   8.869,9999.000,9999.000,9999.000,9999.000,9999.000,9999.000,9999.000
202604172200,   9.629,   8.846,  -0.700,  -0.083,   8.846,  -0.700,   8.846,  -0.600,   8.946
202604172206,   9.597,   8.826,9999.000,9999.000,9999.000,9999.000,9999.000,9999.000,9999.000
202604172212,   9.552,   8.796,9999.000,9999.000,9999.000,9999.000,9999.000,9999.000,9999.000
202604172218,   9.495,   8.767,9999.000,9999.000,9999.000,9999.000,9999.000,9999.000,9999.000
202604172224,   9.426,   8.728,9999.000,9999.000,9999.000,9999.000,9999.000,9999.000,9999.000
202604172230,   9.344,   8.649,9999.000,9999.000,9999.000,9999.000,9999.000,9999.000,9999.000
202604172236,   9.251,   8.557,9999.000,9999.000,9999.000,9999.000,9999.000,9999.000,9999.000
202604172242,   9.147,   8.478,9999.000,9999.000,9999.000,9999.000,9999.000,9999.000,9999.000
202604172248,   9.031,   8.347,9999.000,9999.000,9999.000,9999.000,9999.000,9999.000,9999.000
202604172254,   8.905,   8.229,9999.000,9999.000,9999.000,9999.000,9999.000,9999.000,9999.000
202604172300,   8.768,   8.088,  -0.700,   0.020,   8.088,  -0.700,   8.088,  -0.600,   8.188
202604172306,   8.621,   7.957,9999.000,9999.000,9999.000,9999.000,9999.000,9999.000,9999.000
202604172312,   8.466,   7.829,9999.000,9999.000,9999.000,9999.000,9999.000,9999.000,9999.000
202604172318,   8.301,   7.658,9999.000,9999.000,9999.000,9999.000,9999.000,9999.000,9999.000
202604172324,   8.128,   7.507,9999.000,9999.000,9999.000,9999.000,9999.000,9999.000,9999.000
202604172330,   7.947,   7.347,9999.000,9999.000,9999.000,9999.000,9999.000,9999.000,9999.000
202604172336,   7.759,   7.166,9999.000,9999.000,9999.000,9999.000,9999.000,9999.000,9999.000
202604172342,   7.564,   6.999,9999.000,9999.000,9999.000,9999.000,9999.000,9999.000,9999.000
202604172348,   7.363,   6.789,9999.000,9999.000,9999.000,9999.000,9999.000,9999.000,9999.000
202604172354,   7.156,   6.599,9999.000,9999.000,9999.000,9999.000,9999.000,9999.000,9999.000
202604180000,   6.944,   6.379,  -0.600,   0.035,   6.379,  -0.700,   6.279,  -0.600,   6.379
202604180006,   6.729,   6.149,9999.000,9999.000,9999.000,9999.000,9999.000,9999.000,9999.000
202604180012,   6.509,   5.940,9999.000,9999.000,9999.000,9999.000,9999.000,9999.000,9999.000
202604180018,   6.287,   5.717,9999.000,9999.000,9999.000,9999.000,9999.000,9999.000,9999.000
202604180024,   6.063,   5.477,9999.000,9999.000,9999.000,9999.000,9999.000,9999.000,9999.000
202604180030,   5.837,   5.247,9999.000,9999.000,9999.000,9999.000,9999.000,9999.000,9999.000
202604180036,   5.609,   5.028,9999.000,9999.000,9999.000,9999.000,9999.000,9999.000,9999.000
202604180042,   5.382,   4.818,9999.000,9999.000,9999.000,9999.000,9999.000,9999.000,9999.000
202604180048,   5.155,   4.578,9999.000,9999.000,9999.000,9999.000,9999.000,9999.000,9999.000
202604180054,   4.929,   4.368,9999.000,9999.000,9999.000,9999.000,9999.000,9999.000,9999.000
202604180100,   4.705,   4.168,  -0.600,   0.063,   4.168,  -0.700,   4.068,  -0.600,   4.168
202604180106,   4.484,   3.958,9999.000,9999.000,9999.000,9999.000,9999.000,9999.000,9999.000
202604180112,   4.265,   3.709,9999.000,9999.000,9999.000,9999.000,9999.000,9999.000,9999.000
202604180118,   4.051,   3.519,9999.000,9999.000,9999.000,9999.000,9999.000,9999.000,9999.000
202604180124,   3.840,   3.319,9999.000,9999.000,9999.000,9999.000,9999.000,9999.000,9999.000
202604180130,   3.635,   3.119,9999.000,9999.000,9999.000,9999.000,9999.000,9999.000,9999.000
202604180136,   3.435,   2.899,9999.000,9999.000,9999.000,9999.000,9999.000,9999.000,9999.000
202604180142,   3.242,   2.719,9999.000,9999.000,9999.000,9999.000,9999.000,9999.000,9999.000
202604180148,   3.055,   2.528,9999.000,9999.000,9999.000,9999.000,9999.000,9999.000,9999.000
202604180154,   2.876,   2.368,9999.000,9999.000,9999.000,9999.000,9999.000,9999.000,9999.000
202604180200,   2.704,   2.191,  -0.600,   0.087,   2.191,  -0.700,   2.091,  -0.600,   2.191
202604180206,   2.541,   2.020,9999.000,9999.000,9999.000,9999.000,9999.000,9999.000,9999.000
202604180212,   2.388,   1.899,9999.000,9999.000,9999.000,9999.000,9999.000,9999.000,9999.000
202604180218,   2.243,   1.758,9999.000,9999.000,9999.000,9999.000,9999.000,9999.000,9999.000
202604180224,   2.108,   1.659,9999.000,9999.000,9999.000,9999.000,9999.000,9999.000,9999.000
202604180230,   1.984,   1.548,9999.000,9999.000,9999.000,9999.000,9999.000,9999.000,9999.000
202604180236,   1.870,   1.449,9999.000,9999.000,9999.000,9999.000,9999.000,9999.000,9999.000
202604180242,   1.768,   1.371,9999.000,9999.000,9999.000,9999.000,9999.000,9999.000,9999.000
202604180248,   1.676,   1.269,9999.000,9999.000,9999.000,9999.000,9999.000,9999.000,9999.000
202604180254,   1.597,   1.200,9999.000,9999.000,9999.000,9999.000,9999.000,9999.000,9999.000
202604180300,   1.529,   1.128,  -0.600,   0.199,   1.128,  -0.700,   1.028,  -0.600,   1.128
202604180306,   1.474,   1.039,9999.000,9999.000,9999.000,9999.000,9999.000,9999.000,9999.000
202604180312,   1.431,   1.000,9999.000,9999.000,9999.000,9999.000,9999.000,9999.000,9999.000
202604180318,   1.401,   0.980,9999.000,9999.000,9999.000,9999.000,9999.000,9999.000,9999.000
202604180324,   1.383,   0.961,9999.000,9999.000,9999.000,9999.000,9999.000,9999.000,9999.000
202604180330,   1.378,   0.941,9999.000,9999.000,9999.000,9999.000,9999.000,9999.000,9999.000
202604180336,   1.386,   0.961,9999.000,9999.000,9999.000,9999.000,9999.000,9999.000,9999.000
202604180342,   1.407,   1.000,9999.000,9999.000,9999.000,9999.000,9999.000,9999.000,9999.000
202604180348,   1.441,   1.049,9999.000,9999.000,9999.000,9999.000,9999.000,9999.000,9999.000
202604180354,   1.488,   1.079,9999.000,9999.000,9999.000,9999.000,9999.000,9999.000,9999.000
202604180400,   1.547,   1.161,  -0.600,   0.214,   1.161,  -0.700,   1.061,  -0.600,   1.161
202604180406,   1.620,   1.249,9999.000,9999.000,9999.000,9999.000,9999.000,9999.000,9999.000
202604180412,   1.704,   1.328,9999.000,9999.000,9999.000,9999.000,9999.000,9999.000,9999.000
202604180418,   1.802,   1.420,9999.000,9999.000,9999.000,9999.000,9999.000,9999.000,9999.000
202604180424,   1.911,   1.518,9999.000,9999.000,9999.000,9999.000,9999.000,9999.000,9999.000
202604180430,   2.032,   1.639,9999.000,9999.000,9999.000,9999.000,9999.000,9999.000,9999.000
202604180436,   2.165,   1.748,9999.000,9999.000,9999.000,9999.000,9999.000,9999.000,9999.000
202604180442,   2.309,   1.869,9999.000,9999.000,9999.000,9999.000,9999.000,9999.000,9999.000
202604180448,   2.465,   2.040,9999.000,9999.000,9999.000,9999.000,9999.000,9999.000,9999.000
202604180454,   2.630,   2.191,9999.000,9999.000,9999.000,9999.000,9999.000,9999.000,9999.000
202604180500,   2.806,   2.377,  -0.600,   0.171,   2.377,  -0.600,   2.377,  -0.600,   2.377
202604180506,   2.992,   2.568,9999.000,9999.000,9999.000,9999.000,9999.000,9999.000,9999.000
202604180512,   3.187,   2.778,9999.000,9999.000,9999.000,9999.000,9999.000,9999.000,9999.000
202604180518,   3.391,   3.017,9999.000,9999.000,9999.000,9999.000,9999.000,9999.000,9999.000
202604180524,   3.603,   3.240,9999.000,9999.000,9999.000,9999.000,9999.000,9999.000,9999.000
202604180530,   3.823,   3.440,9999.000,9999.000,9999.000,9999.000,9999.000,9999.000,9999.000
202604180536,   4.050,   3.670,9999.000,9999.000,9999.000,9999.000,9999.000,9999.000,9999.000
202604180542,   4.284,   3.919,9999.000,9999.000,9999.000,9999.000,9999.000,9999.000,9999.000
202604180548,   4.524,   4.159,9999.000,9999.000,9999.000,9999.000,9999.000,9999.000,9999.000
202604180554,   4.769,   4.408,9999.000,9999.000,9999.000,9999.000,9999.000,9999.000,9999.000
202604180600,   5.019,   4.657,  -0.700,   0.338,   4.657,  -0.700,   4.657,  -0.600,   4.757
202604180606,   5.272,   4.939,9999.000,9999.000,9999.000,9999.000,9999.000,9999.000,9999.000
202604180612,   5.530,   5.198,9999.000,9999.000,9999.000,9999.000,9999.000,9999.000,9999.000
202604180618,   5.790,   5.457,9999.000,9999.000,9999.000,9999.000,9999.000,9999.000,9999.000
202604180624,   6.052,   5.717,9999.000,9999.000,9999.000,9999.000,9999.000,9999.000,9999.000
202604180630,   6.316,   5.979,9999.000,9999.000,9999.000,9999.000,9999.000,9999.000,9999.000
202604180636,   6.580,   6.268,9999.000,9999.000,9999.000,9999.000,9999.000,9999.000,9999.000
202604180642,   6.845,   6.507,9999.000,9999.000,9999.000,9999.000,9999.000,9999.000,9999.000
202604180648,   7.108,   6.766,9999.000,9999.000,9999.000,9999.000,9999.000,9999.000,9999.000
202604180654,   7.370,   7.048,9999.000,9999.000,9999.000,9999.000,9999.000,9999.000,9999.000
202604180700,   7.630,   7.317,  -0.700,   0.387,   7.317,  -0.700,   7.317,  -0.600,   7.417
202604180706,   7.888,   7.547,9999.000,9999.000,9999.000,9999.000,9999.000,9999.000,9999.000
202604180712,   8.141,   7.796,9999.000,9999.000,9999.000,9999.000,9999.000,9999.000,9999.000
202604180718,   8.391,   8.039,9999.000,9999.000,9999.000,9999.000,9999.000,9999.000,9999.000
202604180724,   8.635,   8.249,9999.000,9999.000,9999.000,9999.000,9999.000,9999.000,9999.000
202604180730,   8.874,   8.478,9999.000,9999.000,9999.000,9999.000,9999.000,9999.000,9999.000
202604180736,   9.107,   8.718,9999.000,9999.000,9999.000,9999.000,9999.000,9999.000,9999.000
202604180742,   9.332,   8.928,9999.000,9999.000,9999.000,9999.000,9999.000,9999.000,9999.000
202604180748,   9.551,   9.157,9999.000,9999.000,9999.000,9999.000,9999.000,9999.000,9999.000
202604180754,   9.761,   9.367,9999.000,9999.000,9999.000,9999.000,9999.000,9999.000,9999.000
202604180800,   9.962,   9.577,  -0.600,   0.215,   9.577,  -0.700,   9.477,  -0.500,   9.677
202604180806,  10.154,   9.787,9999.000,9999.000,9999.000,9999.000,9999.000,9999.000,9999.000
202604180812,  10.336,   9.938,9999.000,9999.000,9999.000,9999.000,9999.000,9999.000,9999.000
202604180818,  10.508,  10.128,9999.000,9999.000,9999.000,9999.000,9999.000,9999.000,9999.000
202604180824,  10.669,  10.318,9999.000,9999.000,9999.000,9999.000,9999.000,9999.000,9999.000
202604180830,  10.819,  10.466,9999.000,9999.000,9999.000,9999.000,9999.000,9999.000,9999.000
202604180836,  10.957,  10.577,9999.000,9999.000,9999.000,9999.000,9999.000,9999.000,9999.000
202604180842,  11.082,  10.705,9999.000,9999.000,9999.000,9999.000,9999.000,9999.000,9999.000
202604180848,  11.195,  10.837,9999.000,9999.000,9999.000,9999.000,9999.000,9999.000,9999.000
202604180854,  11.295,  10.915,9999.000,9999.000,9999.000,9999.000,9999.000,9999.000,9999.000
202604180900,  11.382,  10.987,  -0.600,   0.205,  10.987,  -0.700,  10.887,  -0.500,  11.087
202604180906,  11.455,  11.066,9999.000,9999.000,9999.000,9999.000,9999.000,9999.000,9999.000
202604180912,  11.514,  11.135,9999.000,9999.000,9999.000,9999.000,9999.000,9999.000,9999.000
202604180918,  11.559,  11.168,9999.000,9999.000,9999.000,9999.000,9999.000,9999.000,9999.000
202604180924,  11.589,  11.197,9999.000,9999.000,9999.000,9999.000,9999.000,9999.000,9999.000
202604180930,  11.605,  11.207,9999.000,9999.000,9999.000,9999.000,9999.000,9999.000,9999.000
202604180936,  11.607,  11.247,9999.000,9999.000,9999.000,9999.000,9999.000,9999.000,9999.000
202604180942,  11.594,  11.207,9999.000,9999.000,9999.000,9999.000,9999.000,9999.000,9999.000
202604180948,  11.566,  11.188,9999.000,9999.000,9999.000,9999.000,9999.000,9999.000,9999.000
202604180954,  11.524,  11.148,9999.000,9999.000,9999.000,9999.000,9999.000,9999.000,9999.000
202604181000,  11.466,  11.086,  -0.600,   0.220,  11.086,  -0.700,  10.986,  -0.500,  11.186
202604181006,  11.394,  11.007,9999.000,9999.000,9999.000,9999.000,9999.000,9999.000,9999.000
202604181012,  11.308,  10.905,9999.000,9999.000,9999.000,9999.000,9999.000,9999.000,9999.000
202604181018,  11.207,  10.807,9999.000,9999.000,9999.000,9999.000,9999.000,9999.000,9999.000
202604181024,  11.092,  10.705,9999.000,9999.000,9999.000,9999.000,9999.000,9999.000,9999.000
202604181030,  10.962,  10.577,9999.000,9999.000,9999.000,9999.000,9999.000,9999.000,9999.000
202604181036,  10.819,  10.456,9999.000,9999.000,9999.000,9999.000,9999.000,9999.000,9999.000
202604181042,  10.663,  10.276,9999.000,9999.000,9999.000,9999.000,9999.000,9999.000,9999.000
202604181048,  10.493,  10.148,9999.000,9999.000,9999.000,9999.000,9999.000,9999.000,9999.000
202604181054,  10.310,   9.958,9999.000,9999.000,9999.000,9999.000,9999.000,9999.000,9999.000
202604181100,  10.115,   9.767,  -0.600,   0.252,   9.767,  -0.700,   9.667,  -0.600,   9.767
202604181106,   9.908,   9.567,9999.000,9999.000,9999.000,9999.000,9999.000,9999.000,9999.000
202604181112,   9.689,   9.347,9999.000,9999.000,9999.000,9999.000,9999.000,9999.000,9999.000
202604181118,   9.459,   9.128,9999.000,9999.000,9999.000,9999.000,9999.000,9999.000,9999.000
202604181124,   9.218,   8.859,9999.000,9999.000,9999.000,9999.000,9999.000,9999.000,9999.000
202604181130,   8.967,   8.616,9999.000,9999.000,9999.000,9999.000,9999.000,9999.000,9999.000
202604181136,   8.706,   8.337,9999.000,9999.000,9999.000,9999.000,9999.000,9999.000,9999.000
202604181142,   8.437,   8.068,9999.000,9999.000,9999.000,9999.000,9999.000,9999.000,9999.000
202604181148,   8.158,   7.796,9999.000,9999.000,9999.000,9999.000,9999.000,9999.000,9999.000
202604181154,   7.872,   7.517,9999.000,9999.000,9999.000,9999.000,9999.000,9999.000,9999.000
202604181200,   7.579,   7.238,  -0.700,   0.359,   7.238,  -0.700,   7.238,  -0.600,   7.338
202604181206,   7.280,   6.947,9999.000,9999.000,9999.000,9999.000,9999.000,9999.000,9999.000
202604181212,   6.974,   6.638,9999.000,9999.000,9999.000,9999.000,9999.000,9999.000,9999.000
202604181218,   6.663,   6.359,9999.000,9999.000,9999.000,9999.000,9999.000,9999.000,9999.000
202604181224,   6.348,   6.038,9999.000,9999.000,9999.000,9999.000,9999.000,9999.000,9999.000
202604181230,   6.029,   5.707,9999.000,9999.000,9999.000,9999.000,9999.000,9999.000,9999.000
202604181236,   5.707,   5.398,9999.000,9999.000,9999.000,9999.000,9999.000,9999.000,9999.000
202604181242,   5.383,   5.087,9999.000,9999.000,9999.000,9999.000,9999.000,9999.000,9999.000
202604181248,   5.057,   4.749,9999.000,9999.000,9999.000,9999.000,9999.000,9999.000,9999.000
202604181254,   4.731,   4.378,9999.000,9999.000,9999.000,9999.000,9999.000,9999.000,9999.000
202604181300,   4.404,   4.070,  -0.600,   0.266,   4.070,  -0.700,   3.970,  -0.600,   4.070
202604181306,   4.078,   3.768,9999.000,9999.000,9999.000,9999.000,9999.000,9999.000,9999.000
202604181312,   3.754,   3.427,9999.000,9999.000,9999.000,9999.000,9999.000,9999.000,9999.000
202604181318,   3.431,   3.099,9999.000,9999.000,9999.000,9999.000,9999.000,9999.000,9999.000
202604181324,   3.112,   2.807,9999.000,9999.000,9999.000,9999.000,9999.000,9999.000,9999.000
202604181330,   2.796,   2.519,9999.000,9999.000,9999.000,9999.000,9999.000,9999.000,9999.000
202604181336,   2.485,   2.200,9999.000,9999.000,9999.000,9999.000,9999.000,9999.000,9999.000
202604181342,   2.178,   1.889,9999.000,9999.000,9999.000,9999.000,9999.000,9999.000,9999.000
202604181348,   1.878,   1.580,9999.000,9999.000,9999.000,9999.000,9999.000,9999.000,9999.000
202604181354,   1.584,   1.298,9999.000,9999.000,9999.000,9999.000,9999.000,9999.000,9999.000
202604181400,   1.297,   1.029,  -0.600,   0.332,   1.029,  -0.700,   0.929,  -0.600,   1.029
202604181406,   1.018,   0.731,9999.000,9999.000,9999.000,9999.000,9999.000,9999.000,9999.000
202604181412,   0.747,   0.469,9999.000,9999.000,9999.000,9999.000,9999.000,9999.000,9999.000
202604181418,   0.485,   0.209,9999.000,9999.000,9999.000,9999.000,9999.000,9999.000,9999.000
202604181424,   0.234,  -0.078,9999.000,9999.000,9999.000,9999.000,9999.000,9999.000,9999.000
202604181430,  -0.007,  -0.321,9999.000,9999.000,9999.000,9999.000,9999.000,9999.000,9999.000
202604181436,  -0.238,  -0.531,9999.000,9999.000,9999.000,9999.000,9999.000,9999.000,9999.000
202604181442,  -0.458,  -0.751,9999.000,9999.000,9999.000,9999.000,9999.000,9999.000,9999.000
202604181448,  -0.666,  -0.941,9999.000,9999.000,9999.000,9999.000,9999.000,9999.000,9999.000
202604181454,  -0.862,  -1.151,9999.000,9999.000,9999.000,9999.000,9999.000,9999.000,9999.000
202604181500,  -1.045,  -1.338,  -0.600,   0.307,  -1.338,  -0.700,  -1.438,  -0.600,  -1.338
202604181506,  -1.215,  -1.498,9999.000,9999.000,9999.000,9999.000,9999.000,9999.000,9999.000
202604181512,  -1.371,  -1.659,9999.000,9999.000,9999.000,9999.000,9999.000,9999.000,9999.000
202604181518,  -1.514,  -1.840,9999.000,9999.000,9999.000,9999.000,9999.000,9999.000,9999.000
202604181524,  -1.643,  -1.958,9999.000,9999.000,9999.000,9999.000,9999.000,9999.000,9999.000
202604181530,  -1.758,  -2.069,9999.000,9999.000,9999.000,9999.000,9999.000,9999.000,9999.000
202604181536,  -1.858,  -2.177,9999.000,9999.000,9999.000,9999.000,9999.000,9999.000,9999.000
202604181542,  -1.943,  -2.269,9999.000,9999.000,9999.000,9999.000,9999.000,9999.000,9999.000
202604181548,  -2.013,  -2.338,9999.000,9999.000,9999.000,9999.000,9999.000,9999.000,9999.000
202604181554,  -2.068,  -2.387,9999.000,9999.000,9999.000,9999.000,9999.000,9999.000,9999.000
202604181600,  -2.108,  -2.430,  -0.600,   0.278,  -2.430,  -0.600,  -2.430,  -0.600,  -2.430
202604181606,  -2.133,  -2.479,9999.000,9999.000,9999.000,9999.000,9999.000,9999.000,9999.000
202604181612,  -2.143,  -2.450,9999.000,9999.000,9999.000,9999.000,9999.000,9999.000,9999.000
202604181618,  -2.137,  -2.450,9999.000,9999.000,9999.000,9999.000,9999.000,9999.000,9999.000
202604181624,  -2.117,  -2.459,9999.000,9999.000,9999.000,9999.000,9999.000,9999.000,9999.000
202604181630,  -2.081,  -2.387,9999.000,9999.000,9999.000,9999.000,9999.000,9999.000,9999.000
202604181636,  -2.031,  -2.348,9999.000,9999.000,9999.000,9999.000,9999.000,9999.000,9999.000
202604181642,  -1.966,  -2.289,9999.000,9999.000,9999.000,9999.000,9999.000,9999.000,9999.000
202604181648,  -1.886,  -2.200,9999.000,9999.000,9999.000,9999.000,9999.000,9999.000,9999.000
202604181654,  -1.792,  -2.118,9999.000,9999.000,9999.000,9999.000,9999.000,9999.000,9999.000
202604181700,  -1.685,  -2.000,  -0.600,   0.285,  -2.000,  -0.600,  -2.000,  -0.500,  -1.900
202604181706,  -1.563,  -1.879,9999.000,9999.000,9999.000,9999.000,9999.000,9999.000,9999.000
202604181712,  -1.428,  -1.738,9999.000,9999.000,9999.000,9999.000,9999.000,9999.000,9999.000
202604181718,  -1.280,  -1.610,9999.000,9999.000,9999.000,9999.000,9999.000,9999.000,9999.000
202604181724,  -1.120,  -1.489,9999.000,9999.000,9999.000,9999.000,9999.000,9999.000,9999.000
202604181730,  -0.948,  -1.308,9999.000,9999.000,9999.000,9999.000,9999.000,9999.000,9999.000
202604181736,  -0.763,  -1.128,9999.000,9999.000,9999.000,9999.000,9999.000,9999.000,9999.000
202604181742,  -0.568,  -0.918,9999.000,9999.000,9999.000,9999.000,9999.000,9999.000,9999.000
202604181748,  -0.362,  -0.731,9999.000,9999.000,9999.000,9999.000,9999.000,9999.000,9999.000
202604181754,  -0.146,  -0.518,9999.000,9999.000,9999.000,9999.000,9999.000,9999.000,9999.000
202604181800,   0.078,  -0.308,  -0.500,   0.114,  -0.308,  -0.500,  -0.308,  -0.400,  -0.208
202604181806,   0.313,  -0.068,9999.000,9999.000,9999.000,9999.000,9999.000,9999.000,9999.000
202604181812,   0.556,   0.160,9999.000,9999.000,9999.000,9999.000,9999.000,9999.000,9999.000
202604181818,   0.806,   0.429,9999.000,9999.000,9999.000,9999.000,9999.000,9999.000,9999.000
202604181824,   1.064,   0.688,9999.000,9999.000,9999.000,9999.000,9999.000,9999.000,9999.000
202604181830,   1.328,   0.970,9999.000,9999.000,9999.000,9999.000,9999.000,9999.000,9999.000
202604181836,   1.598,   1.259,9999.000,9999.000,9999.000,9999.000,9999.000,9999.000,9999.000
202604181842,   1.873,   1.518,9999.000,9999.000,9999.000,9999.000,9999.000,9999.000,9999.000
202604181848,   2.152,   1.800,9999.000,9999.000,9999.000,9999.000,9999.000,9999.000,9999.000
202604181854,   2.435,   2.099,9999.000,9999.000,9999.000,9999.000,9999.000,9999.000,9999.000
202604181900,   2.720,   2.377,  -0.500,   0.157,   2.377,  -0.500,   2.377,  -0.400,   2.477
202604181906,   3.009,   2.679,9999.000,9999.000,9999.000,9999.000,9999.000,9999.000,9999.000
202604181912,   3.298,   2.968,9999.000,9999.000,9999.000,9999.000,9999.000,9999.000,9999.000
202604181918,   3.589,   3.260,9999.000,9999.000,9999.000,9999.000,9999.000,9999.000,9999.000
202604181924,   3.879,   3.568,9999.000,9999.000,9999.000,9999.000,9999.000,9999.000,9999.000
202604181930,   4.169,   3.847,9999.000,9999.000,9999.000,9999.000,9999.000,9999.000,9999.000
202604181936,   4.457,   4.099,9999.000,9999.000,9999.000,9999.000,9999.000,9999.000,9999.000
202604181942,   4.744,   4.388,9999.000,9999.000,9999.000,9999.000,9999.000,9999.000,9999.000
202604181948,   5.027,   4.637,9999.000,9999.000,9999.000,9999.000,9999.000,9999.000,9999.000
202604181954,   5.308,   4.910,9999.000,9999.000,9999.000,9999.000,9999.000,9999.000,9999.000
202604182000,   5.584,   5.179,  -0.400,  -0.005,   5.179,  -0.500,   5.079,  -0.300,   5.279
202604182006,   5.855,   5.448,9999.000,9999.000,9999.000,9999.000,9999.000,9999.000,9999.000
202604182012,   6.121,   5.707,9999.000,9999.000,9999.000,9999.000,9999.000,9999.000,9999.000
202604182018,   6.381,   5.949,9999.000,9999.000,9999.000,9999.000,9999.000,9999.000,9999.000
202604182024,   6.634,   6.238,9999.000,9999.000,9999.000,9999.000,9999.000,9999.000,9999.000
202604182030,   6.880,   6.458,9999.000,9999.000,9999.000,9999.000,9999.000,9999.000,9999.000
202604182036,   7.118,   6.697,9999.000,9999.000,9999.000,9999.000,9999.000,9999.000,9999.000
202604182042,   7.348,   6.956,9999.000,9999.000,9999.000,9999.000,9999.000,9999.000,9999.000
202604182048,   7.568,   7.209,9999.000,9999.000,9999.000,9999.000,9999.000,9999.000,9999.000
202604182054,   7.780,   7.409,9999.000,9999.000,9999.000,9999.000,9999.000,9999.000,9999.000
202604182100,   7.981,   7.586,  -0.400,   0.005,   7.586,  -0.500,   7.486,  -0.300,   7.686
202604182106,   8.172,   7.776,9999.000,9999.000,9999.000,9999.000,9999.000,9999.000,9999.000
202604182112,   8.353,   7.947,9999.000,9999.000,9999.000,9999.000,9999.000,9999.000,9999.000
202604182118,   8.522,   8.078,9999.000,9999.000,9999.000,9999.000,9999.000,9999.000,9999.000
202604182124,   8.680,   8.229,9999.000,9999.000,9999.000,9999.000,9999.000,9999.000,9999.000
202604182130,   8.826,   8.377,9999.000,9999.000,9999.000,9999.000,9999.000,9999.000,9999.000
202604182136,   8.960,   8.518,9999.000,9999.000,9999.000,9999.000,9999.000,9999.000,9999.000
202604182142,   9.081,   8.659,9999.000,9999.000,9999.000,9999.000,9999.000,9999.000,9999.000
202604182148,   9.190,   8.737,9999.000,9999.000,9999.000,9999.000,9999.000,9999.000,9999.000
202604182154,   9.287,   8.846,9999.000,9999.000,9999.000,9999.000,9999.000,9999.000,9999.000
202604182200,   9.370,   8.937,  -0.400,  -0.033,   8.937,  -0.400,   8.937,  -0.300,   9.037
202604182206,   9.440,   9.006,9999.000,9999.000,9999.000,9999.000,9999.000,9999.000,9999.000
202604182212,   9.497,   9.056,9999.000,9999.000,9999.000,9999.000,9999.000,9999.000,9999.000
202604182218,   9.541,   9.108,9999.000,9999.000,9999.000,9999.000,9999.000,9999.000,9999.000
202604182224,   9.572,   9.147,9999.000,9999.000,9999.000,9999.000,9999.000,9999.000,9999.000
202604182230,   9.589,   9.167,9999.000,9999.000,9999.000,9999.000,9999.000,9999.000,9999.000
202604182236,   9.594,   9.187,9999.000,9999.000,9999.000,9999.000,9999.000,9999.000,9999.000
202604182242,   9.585,   9.177,9999.000,9999.000,9999.000,9999.000,9999.000,9999.000,9999.000
202604182248,   9.564,   9.147,9999.000,9999.000,9999.000,9999.000,9999.000,9999.000,9999.000
202604182254,   9.530,   9.138,9999.000,9999.000,9999.000,9999.000,9999.000,9999.000,9999.000
202604182300,   9.483,   9.108,  -0.400,   0.025,   9.108,  -0.400,   9.108,  -0.300,   9.208
202604182306,   9.424,   9.069,9999.000,9999.000,9999.000,9999.000,9999.000,9999.000,9999.000
202604182312,   9.353,   9.006,9999.000,9999.000,9999.000,9999.000,9999.000,9999.000,9999.000
202604182318,   9.270,   8.937,9999.000,9999.000,9999.000,9999.000,9999.000,9999.000,9999.000
202604182324,   9.176,   8.846,9999.000,9999.000,9999.000,9999.000,9999.000,9999.000,9999.000
202604182330,   9.071,   8.757,9999.000,9999.000,9999.000,9999.000,9999.000,9999.000,9999.000
202604182336,   8.955,   8.616,9999.000,9999.000,9999.000,9999.000,9999.000,9999.000,9999.000
202604182342,   8.828,   8.478,9999.000,9999.000,9999.000,9999.000,9999.000,9999.000,9999.000
202604182348,   8.692,   8.337,9999.000,9999.000,9999.000,9999.000,9999.000,9999.000,9999.000
202604182354,   8.547,   8.196,9999.000,9999.000,9999.000,9999.000,9999.000,9999.000,9999.000
202604190000,   8.393,   8.049,  -0.500,   0.156,   8.049,  -0.500,   8.049,  -0.400,   8.149
202604190006,   8.230,   7.888,9999.000,9999.000,9999.000,9999.000,9999.000,9999.000,9999.000
202604190012,   8.060,   7.727,9999.000,9999.000,9999.000,9999.000,9999.000,9999.000,9999.000
202604190018,   7.882,   7.576,9999.000,9999.000,9999.000,9999.000,9999.000,9999.000,9999.000
202604190024,   7.698,   7.376,9999.000,9999.000,9999.000,9999.000,9999.000,9999.000,9999.000
202604190030,   7.508,   7.209,9999.000,9999.000,9999.000,9999.000,9999.000,9999.000,9999.000
202604190036,   7.312,   7.058,9999.000,9999.000,9999.000,9999.000,9999.000,9999.000,9999.000
202604190042,   7.111,   6.887,9999.000,9999.000,9999.000,9999.000,9999.000,9999.000,9999.000
202604190048,   6.906,   6.678,9999.000,9999.000,9999.000,9999.000,9999.000,9999.000,9999.000
202604190054,   6.698,   6.477,9999.000,9999.000,9999.000,9999.000,9999.000,9999.000,9999.000
202604190100,   6.486,   6.297,  -0.500,   0.311,   6.297,  -0.500,   6.297,  -0.400,   6.397
202604190106,   6.273,   6.077,9999.000,9999.000,9999.000,9999.000,9999.000,9999.000,9999.000
202604190112,   6.057,   5.848,9999.000,9999.000,9999.000,9999.000,9999.000,9999.000,9999.000
202604190118,   5.841,   5.589,9999.000,9999.000,9999.000,9999.000,9999.000,9999.000,9999.000
202604190124,   5.625,   5.418,9999.000,9999.000,9999.000,9999.000,9999.000,9999.000,9999.000
202604190130,   5.409,   5.208,9999.000,9999.000,9999.000,9999.000,9999.000,9999.000,9999.000
202604190136,   5.194,   4.969,9999.000,9999.000,9999.000,9999.000,9999.000,9999.000,9999.000
202604190142,   4.980,   4.759,9999.000,9999.000,9999.000,9999.000,9999.000,9999.000,9999.000
202604190148,   4.770,   4.569,9999.000,9999.000,9999.000,9999.000,9999.000,9999.000,9999.000
202604190154,   4.562,   4.378,9999.000,9999.000,9999.000,9999.000,9999.000,9999.000,9999.000
202604190200,   4.358,   4.168,  -0.400,   0.210,   4.168,  -0.500,   4.068,  -0.400,   4.168
202604190206,   4.158,   3.978,9999.000,9999.000,9999.000,9999.000,9999.000,9999.000,9999.000
202604190212,   3.963,   3.798,9999.000,9999.000,9999.000,9999.000,9999.000,9999.000,9999.000
202604190218,   3.774,   3.627,9999.000,9999.000,9999.000,9999.000,9999.000,9999.000,9999.000
202604190224,   3.591,   3.407,9999.000,9999.000,9999.000,9999.000,9999.000,9999.000,9999.000
202604190230,   3.415,   3.270,9999.000,9999.000,9999.000,9999.000,9999.000,9999.000,9999.000
202604190236,   3.246,   3.119,9999.000,9999.000,9999.000,9999.000,9999.000,9999.000,9999.000
202604190242,   3.084,   2.948,9999.000,9999.000,9999.000,9999.000,9999.000,9999.000,9999.000
202604190248,   2.932,   2.797,9999.000,9999.000,9999.000,9999.000,9999.000,9999.000,9999.000
202604190254,   2.787,   2.669,9999.000,9999.000,9999.000,9999.000,9999.000,9999.000,9999.000
202604190300,   2.653,   2.568,  -0.400,   0.315,   2.568,  -0.500,   2.468,  -0.400,   2.568
202604190306,   2.527,   2.430,9999.000,9999.000,9999.000,9999.000,9999.000,9999.000,9999.000
202604190312,   2.412,   2.338,9999.000,9999.000,9999.000,9999.000,9999.000,9999.000,9999.000
202604190318,   2.308,   2.240,9999.000,9999.000,9999.000,9999.000,9999.000,9999.000,9999.000
202604190324,   2.214,   2.158,9999.000,9999.000,9999.000,9999.000,9999.000,9999.000,9999.000
202604190330,   2.131,   2.069,9999.000,9999.000,9999.000,9999.000,9999.000,9999.000,9999.000
202604190336,   2.060,   2.010,9999.000,9999.000,9999.000,9999.000,9999.000,9999.000,9999.000
202604190342,   2.001,   1.958,9999.000,9999.000,9999.000,9999.000,9999.000,9999.000,9999.000
202604190348,   1.953,   1.869,9999.000,9999.000,9999.000,9999.000,9999.000,9999.000,9999.000
202604190354,   1.918,   1.810,9999.000,9999.000,9999.000,9999.000,9999.000,9999.000,9999.000
202604190400,   1.895,   1.781,  -0.400,   0.286,   1.781,  -0.500,   1.681,  -0.400,   1.781
202604190406,   1.884,   1.767,9999.000,9999.000,9999.000,9999.000,9999.000,9999.000,9999.000
202604190412,   1.886,   1.738,9999.000,9999.000,9999.000,9999.000,9999.000,9999.000,9999.000
202604190418,   1.901,   1.728,9999.000,9999.000,9999.000,9999.000,9999.000,9999.000,9999.000
202604190424,   1.928,   1.748,9999.000,9999.000,9999.000,9999.000,9999.000,9999.000,9999.000
202604190430,   1.967,   1.830,9999.000,9999.000,9999.000,9999.000,9999.000,9999.000,9999.000
202604190436,   2.020,   1.889,9999.000,9999.000,9999.000,9999.000,9999.000,9999.000,9999.000
202604190442,   2.084,   1.928,9999.000,9999.000,9999.000,9999.000,9999.000,9999.000,9999.000
202604190448,   2.161,   2.030,9999.000,9999.000,9999.000,9999.000,9999.000,9999.000,9999.000
202604190454,   2.250,   2.148,9999.000,9999.000,9999.000,9999.000,9999.000,9999.000,9999.000
202604190500,   2.351,   2.279,  -0.400,   0.328,   2.279,  -0.400,   2.279,  -0.300,   2.379
202604190506,   2.464,   2.368,9999.000,9999.000,9999.000,9999.000,9999.000,9999.000,9999.000
202604190512,   2.588,   2.479,9999.000,9999.000,9999.000,9999.000,9999.000,9999.000,9999.000
202604190518,   2.723,   2.630,9999.000,9999.000,9999.000,9999.000,9999.000,9999.000,9999.000
202604190524,   2.870,   2.797,9999.000,9999.000,9999.000,9999.000,9999.000,9999.000,9999.000
202604190530,   3.026,   2.948,9999.000,9999.000,9999.000,9999.000,9999.000,9999.000,9999.000
202604190536,   3.193,   3.099,9999.000,9999.000,9999.000,9999.000,9999.000,9999.000,9999.000
202604190542,   3.370,   3.279,9999.000,9999.000,9999.000,9999.000,9999.000,9999.000,9999.000
202604190548,   3.556,   3.450,9999.000,9999.000,9999.000,9999.000,9999.000,9999.000,9999.000
202604190554,   3.751,   3.680,9999.000,9999.000,9999.000,9999.000,9999.000,9999.000,9999.000
202604190600,   3.954,   3.880,  -0.600,   0.526,   3.880,  -0.600,   3.880,  -0.500,   3.980
202604190606,   4.165,   4.057,9999.000,9999.000,9999.000,9999.000,9999.000,9999.000,9999.000
202604190612,   4.384,   4.309,9999.000,9999.000,9999.000,9999.000,9999.000,9999.000,9999.000
202604190618,   4.609,   4.529,9999.000,9999.000,9999.000,9999.000,9999.000,9999.000,9999.000
202604190624,   4.840,   4.749,9999.000,9999.000,9999.000,9999.000,9999.000,9999.000,9999.000
202604190630,   5.077,   4.998,9999.000,9999.000,9999.000,9999.000,9999.000,9999.000,9999.000
202604190636,   5.319,   5.208,9999.000,9999.000,9999.000,9999.000,9999.000,9999.000,9999.000
202604190642,   5.565,   5.457,9999.000,9999.000,9999.000,9999.000,9999.000,9999.000,9999.000
202604190648,   5.814,   5.697,9999.000,9999.000,9999.000,9999.000,9999.000,9999.000,9999.000
202604190654,   6.067,   5.940,9999.000,9999.000,9999.000,9999.000,9999.000,9999.000,9999.000
202604190700,   6.322,   6.169,  -0.500,   0.347,   6.169,  -0.600,   6.069,  -0.500,   6.169
202604190706,   6.579,   6.448,9999.000,9999.000,9999.000,9999.000,9999.000,9999.000,9999.000
202604190712,   6.837,   6.687,9999.000,9999.000,9999.000,9999.000,9999.000,9999.000,9999.000
202604190718,   7.095,   6.937,9999.000,9999.000,9999.000,9999.000,9999.000,9999.000,9999.000
202604190724,   7.352,   7.199,9999.000,9999.000,9999.000,9999.000,9999.000,9999.000,9999.000
202604190730,   7.609,   7.478,9999.000,9999.000,9999.000,9999.000,9999.000,9999.000,9999.000
202604190736,   7.863,   7.688,9999.000,9999.000,9999.000,9999.000,9999.000,9999.000,9999.000
202604190742,   8.116,   7.917,9999.000,9999.000,9999.000,9999.000,9999.000,9999.000,9999.000
202604190748,   8.365,   8.186,9999.000,9999.000,9999.000,9999.000,9999.000,9999.000,9999.000
202604190754,   8.610,   8.416,9999.000,9999.000,9999.000,9999.000,9999.000,9999.000,9999.000
202604190800,   8.850,   8.649,  -0.500,   0.299,   8.649,  -0.600,   8.549,  -0.500,   8.649
202604190806,   9.086,   8.888,9999.000,9999.000,9999.000,9999.000,9999.000,9999.000,9999.000
202604190812,   9.315,   9.079,9999.000,9999.000,9999.000,9999.000,9999.000,9999.000,9999.000
202604190818,   9.538,   9.308,9999.000,9999.000,9999.000,9999.000,9999.000,9999.000,9999.000
202604190824,   9.754,   9.489,9999.000,9999.000,9999.000,9999.000,9999.000,9999.000,9999.000
202604190830,   9.962,   9.689,9999.000,9999.000,9999.000,9999.000,9999.000,9999.000,9999.000
202604190836,  10.162,   9.876,9999.000,9999.000,9999.000,9999.000,9999.000,9999.000,9999.000
202604190842,  10.353,  10.085,9999.000,9999.000,9999.000,9999.000,9999.000,9999.000,9999.000
202604190848,  10.534,  10.276,9999.000,9999.000,9999.000,9999.000,9999.000,9999.000,9999.000
202604190854,  10.706,  10.427,9999.000,9999.000,9999.000,9999.000,9999.000,9999.000,9999.000
202604190900,  10.866,  10.568,  -0.500,   0.202,  10.568,  -0.500,  10.568,  -0.500,  10.568
202604190906,  11.016,  10.728,9999.000,9999.000,9999.000,9999.000,9999.000,9999.000,9999.000
202604190912,  11.155,  10.846,9999.000,9999.000,9999.000,9999.000,9999.000,9999.000,9999.000
202604190918,  11.281,  10.968,9999.000,9999.000,9999.000,9999.000,9999.000,9999.000,9999.000
202604190924,  11.395,  11.096,9999.000,9999.000,9999.000,9999.000,9999.000,9999.000,9999.000
202604190930,  11.496,  11.217,9999.000,9999.000,9999.000,9999.000,9999.000,9999.000,9999.000
202604190936,  11.585,  11.296,9999.000,9999.000,9999.000,9999.000,9999.000,9999.000,9999.000
202604190942,  11.660,  11.368,9999.000,9999.000,9999.000,9999.000,9999.000,9999.000,9999.000
202604190948,  11.721,  11.437,9999.000,9999.000,9999.000,9999.000,9999.000,9999.000,9999.000
202604190954,  11.769,  11.486,9999.000,9999.000,9999.000,9999.000,9999.000,9999.000,9999.000
202604191000,  11.802,  11.516,  -0.500,   0.214,  11.516,  -0.600,  11.416,  -0.500,  11.516
202604191006,  11.821,  11.525,9999.000,9999.000,9999.000,9999.000,9999.000,9999.000,9999.000
202604191012,  11.826,  11.555,9999.000,9999.000,9999.000,9999.000,9999.000,9999.000,9999.000
202604191018,  11.816,  11.555,9999.000,9999.000,9999.000,9999.000,9999.000,9999.000,9999.000
202604191024,  11.792,  11.545,9999.000,9999.000,9999.000,9999.000,9999.000,9999.000,9999.000
202604191030,  11.753,  11.486,9999.000,9999.000,9999.000,9999.000,9999.000,9999.000,9999.000
202604191036,  11.700,  11.437,9999.000,9999.000,9999.000,9999.000,9999.000,9999.000,9999.000
202604191042,  11.632,  11.345,9999.000,9999.000,9999.000,9999.000,9999.000,9999.000,9999.000
202604191048,  11.549,  11.237,9999.000,9999.000,9999.000,9999.000,9999.000,9999.000,9999.000
202604191054,  11.452,  11.115,9999.000,9999.000,9999.000,9999.000,9999.000,9999.000,9999.000
202604191100,  11.341,  11.017,  -0.500,   0.176,  11.017,  -0.600,  10.917,  -0.500,  11.017
202604191106,  11.215,  10.856,9999.000,9999.000,9999.000,9999.000,9999.000,9999.000,9999.000
202604191112,  11.076,  10.728,9999.000,9999.000,9999.000,9999.000,9999.000,9999.000,9999.000
202604191118,  10.923,  10.607,9999.000,9999.000,9999.000,9999.000,9999.000,9999.000,9999.000
202604191124,  10.757,  10.427,9999.000,9999.000,9999.000,9999.000,9999.000,9999.000,9999.000
202604191130,  10.578,  10.207,9999.000,9999.000,9999.000,9999.000,9999.000,9999.000,9999.000
202604191136,  10.386,  10.036,9999.000,9999.000,9999.000,9999.000,9999.000,9999.000,9999.000
202604191142,  10.182,   9.856,9999.000,9999.000,9999.000,9999.000,9999.000,9999.000,9999.000
202604191148,   9.966,   9.636,9999.000,9999.000,9999.000,9999.000,9999.000,9999.000,9999.000
202604191154,   9.739,   9.426,9999.000,9999.000,9999.000,9999.000,9999.000,9999.000,9999.000
202604191200,   9.500,   9.197,  -0.600,   0.297,   9.197,  -0.600,   9.197,  -0.600,   9.197
202604191206,   9.251,   8.977,9999.000,9999.000,9999.000,9999.000,9999.000,9999.000,9999.000
202604191212,   8.993,   8.747,9999.000,9999.000,9999.000,9999.000,9999.000,9999.000,9999.000
202604191218,   8.725,   8.439,9999.000,9999.000,9999.000,9999.000,9999.000,9999.000,9999.000
202604191224,   8.448,   8.157,9999.000,9999.000,9999.000,9999.000,9999.000,9999.000,9999.000
202604191230,   8.163,   7.868,9999.000,9999.000,9999.000,9999.000,9999.000,9999.000,9999.000
202604191236,   7.870,   7.566,9999.000,9999.000,9999.000,9999.000,9999.000,9999.000,9999.000
202604191242,   7.570,   7.268,9999.000,9999.000,9999.000,9999.000,9999.000,9999.000,9999.000
202604191248,   7.264,   6.966,9999.000,9999.000,9999.000,9999.000,9999.000,9999.000,9999.000
202604191254,   6.953,   6.658,9999.000,9999.000,9999.000,9999.000,9999.000,9999.000,9999.000
202604191300,   6.636,   6.346,  -0.600,   0.310,   6.346,  -0.600,   6.346,  -0.500,   6.446
202604191306,   6.315,   6.018,9999.000,9999.000,9999.000,9999.000,9999.000,9999.000,9999.000
202604191312,   5.991,   5.697,9999.000,9999.000,9999.000,9999.000,9999.000,9999.000,9999.000
202604191318,   5.664,   5.359,9999.000,9999.000,9999.000,9999.000,9999.000,9999.000,9999.000
202604191324,   5.334,   5.047,9999.000,9999.000,9999.000,9999.000,9999.000,9999.000,9999.000
202604191330,   5.004,   4.729,9999.000,9999.000,9999.000,9999.000,9999.000,9999.000,9999.000
202604191336,   4.672,   4.398,9999.000,9999.000,9999.000,9999.000,9999.000,9999.000,9999.000
202604191342,   4.341,   4.109,9999.000,9999.000,9999.000,9999.000,9999.000,9999.000,9999.000
202604191348,   4.011,   3.758,9999.000,9999.000,9999.000,9999.000,9999.000,9999.000,9999.000
202604191354,   3.682,   3.440,9999.000,9999.000,9999.000,9999.000,9999.000,9999.000,9999.000
202604191400,   3.355,   3.070,  -0.500,   0.215,   3.070,  -0.600,   2.970,  -0.500,   3.070
202604191406,   3.032,   2.728,9999.000,9999.000,9999.000,9999.000,9999.000,9999.000,9999.000
202604191412,   2.712,   2.400,9999.000,9999.000,9999.000,9999.000,9999.000,9999.000,9999.000
202604191418,   2.397,   2.089,9999.000,9999.000,9999.000,9999.000,9999.000,9999.000,9999.000
202604191424,   2.087,   1.748,9999.000,9999.000,9999.000,9999.000,9999.000,9999.000,9999.000
202604191430,   1.782,   1.449,9999.000,9999.000,9999.000,9999.000,9999.000,9999.000,9999.000
202604191436,   1.485,   1.161,9999.000,9999.000,9999.000,9999.000,9999.000,9999.000,9999.000
202604191442,   1.194,   0.879,9999.000,9999.000,9999.000,9999.000,9999.000,9999.000,9999.000
202604191448,   0.911,   0.560,9999.000,9999.000,9999.000,9999.000,9999.000,9999.000,9999.000
202604191454,   0.637,   0.298,9999.000,9999.000,9999.000,9999.000,9999.000,9999.000,9999.000
202604191500,   0.371,   0.059,  -0.600,   0.288,   0.059,  -0.600,   0.059,  -0.500,   0.159
202604191506,   0.116,  -0.219,9999.000,9999.000,9999.000,9999.000,9999.000,9999.000,9999.000
202604191512,  -0.129,  -0.439,9999.000,9999.000,9999.000,9999.000,9999.000,9999.000,9999.000
202604191518,  -0.364,  -0.649,9999.000,9999.000,9999.000,9999.000,9999.000,9999.000,9999.000
202604191524,  -0.587,  -0.888,9999.000,9999.000,9999.000,9999.000,9999.000,9999.000,9999.000
202604191530,  -0.799,  -1.128,9999.000,9999.000,9999.000,9999.000,9999.000,9999.000,9999.000
202604191536,  -0.999,  -1.298,9999.000,9999.000,9999.000,9999.000,9999.000,9999.000,9999.000
202604191542,  -1.187,  -1.508,9999.000,9999.000,9999.000,9999.000,9999.000,9999.000,9999.000
202604191548,  -1.361,  -1.738,9999.000,9999.000,9999.000,9999.000,9999.000,9999.000,9999.000
202604191554,  -1.522,  -1.918,9999.000,9999.000,9999.000,9999.000,9999.000,9999.000,9999.000
202604191600,  -1.669,  -2.030,  -0.600,   0.239,  -2.030,  -0.600,  -2.030,  -0.500,  -1.930
202604191606,  -1.803,  -2.168,9999.000,9999.000,9999.000,9999.000,9999.000,9999.000,9999.000
202604191612,  -1.922,  -2.299,9999.000,9999.000,9999.000,9999.000,9999.000,9999.000,9999.000
202604191618,  -2.027,  -2.368,9999.000,9999.000,9999.000,9999.000,9999.000,9999.000,9999.000
202604191624,  -2.117,  -2.469,9999.000,9999.000,9999.000,9999.000,9999.000,9999.000,9999.000
202604191630,  -2.193,  -2.528,9999.000,9999.000,9999.000,9999.000,9999.000,9999.000,9999.000
202604191636,  -2.253,  -2.587,9999.000,9999.000,9999.000,9999.000,9999.000,9999.000,9999.000
202604191642,  -2.299,  -2.650,9999.000,9999.000,9999.000,9999.000,9999.000,9999.000,9999.000
202604191648,  -2.329,  -2.660,9999.000,9999.000,9999.000,9999.000,9999.000,9999.000,9999.000
202604191654,  -2.345,  -2.669,9999.000,9999.000,9999.000,9999.000,9999.000,9999.000,9999.000
202604191700,  -2.346,  -2.679,  -0.600,   0.267,  -2.679,  -0.600,  -2.679,  -0.600,  -2.679
202604191706,  -2.331,  -2.699,9999.000,9999.000,9999.000,9999.000,9999.000,9999.000,9999.000
202604191712,  -2.302,  -2.719,9999.000,9999.000,9999.000,9999.000,9999.000,9999.000,9999.000
202604191718,  -2.258,  -2.660,9999.000,9999.000,9999.000,9999.000,9999.000,9999.000,9999.000
202604191724,  -2.200,  -2.640,9999.000,9999.000,9999.000,9999.000,9999.000,9999.000,9999.000
202604191730,  -2.127,  -2.587,9999.000,9999.000,9999.000,9999.000,9999.000,9999.000,9999.000
202604191736,  -2.040,  -2.479,9999.000,9999.000,9999.000,9999.000,9999.000,9999.000,9999.000
202604191742,  -1.939,  -2.358,9999.000,9999.000,9999.000,9999.000,9999.000,9999.000,9999.000
202604191748,  -1.825,  -2.230,9999.000,9999.000,9999.000,9999.000,9999.000,9999.000,9999.000
202604191754,  -1.697,  -2.099,9999.000,9999.000,9999.000,9999.000,9999.000,9999.000,9999.000
202604191800,  -1.557,  -1.928,  -0.500,   0.129,  -1.928,  -0.600,  -2.028,  -0.500,  -1.928
202604191806,  -1.404,  -1.758,9999.000,9999.000,9999.000,9999.000,9999.000,9999.000,9999.000
202604191812,  -1.239,  -1.600,9999.000,9999.000,9999.000,9999.000,9999.000,9999.000,9999.000
202604191818,  -1.062,  -1.449,9999.000,9999.000,9999.000,9999.000,9999.000,9999.000,9999.000
202604191824,  -0.875,  -1.259,9999.000,9999.000,9999.000,9999.000,9999.000,9999.000,9999.000
202604191830,  -0.676,  -1.049,9999.000,9999.000,9999.000,9999.000,9999.000,9999.000,9999.000
202604191836,  -0.468,  -0.888,9999.000,9999.000,9999.000,9999.000,9999.000,9999.000,9999.000
202604191842,  -0.250,  -0.688,9999.000,9999.000,9999.000,9999.000,9999.000,9999.000,9999.000
202604191848,  -0.023,  -0.449,9999.000,9999.000,9999.000,9999.000,9999.000,9999.000,9999.000
202604191854,   0.211,  -0.229,9999.000,9999.000,9999.000,9999.000,9999.000,9999.000,9999.000
202604191900,   0.454,   0.039,  -0.500,   0.085,   0.039,  -0.600,  -0.061,  -0.500,   0.039
202604191906,   0.704,   0.278,9999.000,9999.000,9999.000,9999.000,9999.000,9999.000,9999.000
202604191912,   0.961,   0.541,9999.000,9999.000,9999.000,9999.000,9999.000,9999.000,9999.000
202604191918,   1.224,   0.800,9999.000,9999.000,9999.000,9999.000,9999.000,9999.000,9999.000
202604191924,   1.492,   1.088,9999.000,9999.000,9999.000,9999.000,9999.000,9999.000,9999.000
202604191930,   1.764,   1.348,9999.000,9999.000,9999.000,9999.000,9999.000,9999.000,9999.000
202604191936,   2.040,   1.580,9999.000,9999.000,9999.000,9999.000,9999.000,9999.000,9999.000
202604191942,   2.320,   1.889,9999.000,9999.000,9999.000,9999.000,9999.000,9999.000,9999.000
202604191948,   2.602,   2.177,9999.000,9999.000,9999.000,9999.000,9999.000,9999.000,9999.000
202604191954,   2.885,   2.430,9999.000,9999.000,9999.000,9999.000,9999.000,9999.000,9999.000
202604192000,   3.170,   2.738,  -0.500,   0.068,   2.738,  -0.600,   2.638,  -0.400,   2.838
202604192006,   3.455,   2.988,9999.000,9999.000,9999.000,9999.000,9999.000,9999.000,9999.000
202604192012,   3.740,   3.270,9999.000,9999.000,9999.000,9999.000,9999.000,9999.000,9999.000
202604192018,   4.024,   3.568,9999.000,9999.000,9999.000,9999.000,9999.000,9999.000,9999.000
202604192024,   4.306,   3.837,9999.000,9999.000,9999.000,9999.000,9999.000,9999.000,9999.000
202604192030,   4.586,   4.070,9999.000,9999.000,9999.000,9999.000,9999.000,9999.000,9999.000
202604192036,   4.863,   4.359,9999.000,9999.000,9999.000,9999.000,9999.000,9999.000,9999.000
202604192042,   5.136,   4.637,9999.000,9999.000,9999.000,9999.000,9999.000,9999.000,9999.000
202604192048,   5.405,   4.857,9999.000,9999.000,9999.000,9999.000,9999.000,9999.000,9999.000
202604192054,   5.669,   5.129,9999.000,9999.000,9999.000,9999.000,9999.000,9999.000,9999.000
202604192100,   5.928,   5.398,  -0.500,  -0.030,   5.398,  -0.600,   5.298,  -0.400,   5.498
202604192106,   6.180,   5.628,9999.000,9999.000,9999.000,9999.000,9999.000,9999.000,9999.000
202604192112,   6.426,   5.867,9999.000,9999.000,9999.000,9999.000,9999.000,9999.000,9999.000
202604192118,   6.664,   6.107,9999.000,9999.000,9999.000,9999.000,9999.000,9999.000,9999.000
202604192124,   6.895,   6.307,9999.000,9999.000,9999.000,9999.000,9999.000,9999.000,9999.000
202604192130,   7.117,   6.517,9999.000,9999.000,9999.000,9999.000,9999.000,9999.000,9999.000
202604192136,   7.330,   6.746,9999.000,9999.000,9999.000,9999.000,9999.000,9999.000,9999.000
202604192142,   7.535,   6.956,9999.000,9999.000,9999.000,9999.000,9999.000,9999.000,9999.000
202604192148,   7.729,   7.147,9999.000,9999.000,9999.000,9999.000,9999.000,9999.000,9999.000
202604192154,   7.914,   7.376,9999.000,9999.000,9999.000,9999.000,9999.000,9999.000,9999.000
202604192200,   8.088,   7.547,  -0.500,  -0.041,   7.547,  -0.600,   7.447,  -0.500,   7.547
202604192206,   8.251,   7.698,9999.000,9999.000,9999.000,9999.000,9999.000,9999.000,9999.000
202604192212,   8.403,   7.878,9999.000,9999.000,9999.000,9999.000,9999.000,9999.000,9999.000
202604192218,   8.544,   7.996,9999.000,9999.000,9999.000,9999.000,9999.000,9999.000,9999.000
202604192224,   8.673,   8.137,9999.000,9999.000,9999.000,9999.000,9999.000,9999.000,9999.000
202604192230,   8.790,   8.229,9999.000,9999.000,9999.000,9999.000,9999.000,9999.000,9999.000
202604192236,   8.895,   8.357,9999.000,9999.000,9999.000,9999.000,9999.000,9999.000,9999.000
202604192242,   8.987,   8.426,9999.000,9999.000,9999.000,9999.000,9999.000,9999.000,9999.000
202604192248,   9.068,   8.488,9999.000,9999.000,9999.000,9999.000,9999.000,9999.000,9999.000
202604192254,   9.136,   8.537,9999.000,9999.000,9999.000,9999.000,9999.000,9999.000,9999.000
202604192300,   9.191,   8.587,  -0.500,  -0.104,   8.587,  -0.600,   8.487,  -0.500,   8.587
202604192306,   9.234,   8.616,9999.000,9999.000,9999.000,9999.000,9999.000,9999.000,9999.000
202604192312,   9.265,   8.688,9999.000,9999.000,9999.000,9999.000,9999.000,9999.000,9999.000
202604192318,   9.283,   8.698,9999.000,9999.000,9999.000,9999.000,9999.000,9999.000,9999.000
202604192324,   9.288,   8.718,9999.000,9999.000,9999.000,9999.000,9999.000,9999.000,9999.000
202604192330,   9.282,   8.718,9999.000,9999.000,9999.000,9999.000,9999.000,9999.000,9999.000
202604192336,   9.263,   8.728,9999.000,9999.000,9999.000,9999.000,9999.000,9999.000,9999.000
202604192342,   9.232,   8.688,9999.000,9999.000,9999.000,9999.000,9999.000,9999.000,9999.000
202604192348,   9.189,   8.708,9999.000,9999.000,9999.000,9999.000,9999.000,9999.000,9999.000
202604192354,   9.136,   8.659,9999.000,9999.000,9999.000,9999.000,9999.000,9999.000,9999.000
202604200000,   9.070,   8.626,  -0.600,   0.156,   8.626,  -0.600,   8.626,  -0.500,   8.726
202604200006,   8.994,   8.577,9999.000,9999.000,9999.000,9999.000,9999.000,9999.000,9999.000
202604200012,   8.908,   8.478,9999.000,9999.000,9999.000,9999.000,9999.000,9999.000,9999.000
202604200018,   8.811,   8.367,9999.000,9999.000,9999.000,9999.000,9999.000,9999.000,9999.000
202604200024,   8.704,   8.278,9999.000,9999.000,9999.000,9999.000,9999.000,9999.000,9999.000
202604200030,   8.588,   8.108,9999.000,9999.000,9999.000,9999.000,9999.000,9999.000,9999.000
202604200036,   8.462,   8.016,9999.000,9999.000,9999.000,9999.000,9999.000,9999.000,9999.000
202604200042,   8.329,   7.878,9999.000,9999.000,9999.000,9999.000,9999.000,9999.000,9999.000
202604200048,   8.187,   7.757,9999.000,9999.000,9999.000,9999.000,9999.000,9999.000,9999.000
202604200054,   8.038,   7.596,9999.000,9999.000,9999.000,9999.000,9999.000,9999.000,9999.000
202604200100,   7.881,   7.439,  -0.500,   0.058,   7.439,  -0.600,   7.339,  -0.500,   7.439
202604200106,   7.718,   7.268,9999.000,9999.000,9999.000,9999.000,9999.000,9999.000,9999.000
202604200112,   7.549,   7.107,9999.000,9999.000,9999.000,9999.000,9999.000,9999.000,9999.000
202604200118,   7.375,   6.966,9999.000,9999.000,9999.000,9999.000,9999.000,9999.000,9999.000
202604200124,   7.196,   6.756,9999.000,9999.000,9999.000,9999.000,9999.000,9999.000,9999.000
202604200130,   7.013,   6.609,9999.000,9999.000,9999.000,9999.000,9999.000,9999.000,9999.000
202604200136,   6.826,   6.458,9999.000,9999.000,9999.000,9999.000,9999.000,9999.000,9999.000
202604200142,   6.637,   6.268,9999.000,9999.000,9999.000,9999.000,9999.000,9999.000,9999.000
202604200148,   6.445,   6.107,9999.000,9999.000,9999.000,9999.000,9999.000,9999.000,9999.000
202604200154,   6.251,   5.940,9999.000,9999.000,9999.000,9999.000,9999.000,9999.000,9999.000
202604200200,   6.056,   5.739,  -0.500,   0.183,   5.739,  -0.600,   5.639,  -0.400,   5.839
202604200206,   5.860,   5.589,9999.000,9999.000,9999.000,9999.000,9999.000,9999.000,9999.000
202604200212,   5.665,   5.418,9999.000,9999.000,9999.000,9999.000,9999.000,9999.000,9999.000
202604200218,   5.471,   5.247,9999.000,9999.000,9999.000,9999.000,9999.000,9999.000,9999.000
202604200224,   5.278,   5.057,9999.000,9999.000,9999.000,9999.000,9999.000,9999.000,9999.000
202604200230,   5.087,   4.837,9999.000,9999.000,9999.000,9999.000,9999.000,9999.000,9999.000
202604200236,   4.898,   4.667,9999.000,9999.000,9999.000,9999.000,9999.000,9999.000,9999.000
202604200242,   4.713,   4.509,9999.000,9999.000,9999.000,9999.000,9999.000,9999.000,9999.000
202604200248,   4.532,   4.290,9999.000,9999.000,9999.000,9999.000,9999.000,9999.000,9999.000
202604200254,   4.355,   4.099,9999.000,9999.000,9999.000,9999.000,9999.000,9999.000,9999.000
202604200300,   4.183,   3.929,  -0.400,   0.146,   3.929,  -0.500,   3.829,  -0.400,   3.929
202604200306,   4.017,   3.788,9999.000,9999.000,9999.000,9999.000,9999.000,9999.000,9999.000
202604200312,   3.857,   3.598,9999.000,9999.000,9999.000,9999.000,9999.000,9999.000,9999.000
202604200318,   3.703,   3.460,9999.000,9999.000,9999.000,9999.000,9999.000,9999.000,9999.000
202604200324,   3.557,   3.319,9999.000,9999.000,9999.000,9999.000,9999.000,9999.000,9999.000
202604200330,   3.418,   3.168,9999.000,9999.000,9999.000,9999.000,9999.000,9999.000,9999.000
202604200336,   3.287,   3.070,9999.000,9999.000,9999.000,9999.000,9999.000,9999.000,9999.000
202604200342,   3.165,   2.929,9999.000,9999.000,9999.000,9999.000,9999.000,9999.000,9999.000
202604200348,   3.051,   2.830,9999.000,9999.000,9999.000,9999.000,9999.000,9999.000,9999.000
202604200354,   2.947,   2.778,9999.000,9999.000,9999.000,9999.000,9999.000,9999.000,9999.000
202604200400,   2.852,   2.650,  -0.400,   0.198,   2.650,  -0.500,   2.550,  -0.400,   2.650
202604200406,   2.768,   2.587,9999.000,9999.000,9999.000,9999.000,9999.000,9999.000,9999.000
202604200412,   2.693,   2.548,9999.000,9999.000,9999.000,9999.000,9999.000,9999.000,9999.000
202604200418,   2.630,   2.469,9999.000,9999.000,9999.000,9999.000,9999.000,9999.000,9999.000
202604200424,   2.577,   2.400,9999.000,9999.000,9999.000,9999.000,9999.000,9999.000,9999.000
202604200430,   2.535,   2.358,9999.000,9999.000,9999.000,9999.000,9999.000,9999.000,9999.000
202604200436,   2.504,   2.328,9999.000,9999.000,9999.000,9999.000,9999.000,9999.000,9999.000
202604200442,   2.484,   2.328,9999.000,9999.000,9999.000,9999.000,9999.000,9999.000,9999.000
202604200448,   2.476,   2.299,9999.000,9999.000,9999.000,9999.000,9999.000,9999.000,9999.000
202604200454,   2.480,   2.328,9999.000,9999.000,9999.000,9999.000,9999.000,9999.000,9999.000
202604200500,   2.495,   2.299,  -0.400,   0.204,   2.299,  -0.500,   2.199,  -0.400,   2.299
202604200506,   2.522,   2.338,9999.000,9999.000,9999.000,9999.000,9999.000,9999.000,9999.000
202604200512,   2.560,   2.358,9999.000,9999.000,9999.000,9999.000,9999.000,9999.000,9999.000
202604200518,   2.610,   2.410,9999.000,9999.000,9999.000,9999.000,9999.000,9999.000,9999.000
202604200524,   2.671,   2.440,9999.000,9999.000,9999.000,9999.000,9999.000,9999.000,9999.000
202604200530,   2.744,   2.509,9999.000,9999.000,9999.000,9999.000,9999.000,9999.000,9999.000
202604200536,   2.828,   2.620,9999.000,9999.000,9999.000,9999.000,9999.000,9999.000,9999.000
202604200542,   2.923,   2.709,9999.000,9999.000,9999.000,9999.000,9999.000,9999.000,9999.000
202604200548,   3.029,   2.807,9999.000,9999.000,9999.000,9999.000,9999.000,9999.000,9999.000
202604200554,   3.146,   2.929,9999.000,9999.000,9999.000,9999.000,9999.000,9999.000,9999.000
202604200600,   3.273,   3.060,  -0.600,   0.387,   3.060,  -0.700,   2.960,  -0.500,   3.160
202604200606,   3.410,   3.217,9999.000,9999.000,9999.000,9999.000,9999.000,9999.000,9999.000
202604200612,   3.556,   3.368,9999.000,9999.000,9999.000,9999.000,9999.000,9999.000,9999.000
202604200618,   3.713,   3.519,9999.000,9999.000,9999.000,9999.000,9999.000,9999.000,9999.000
202604200624,   3.878,   3.689,9999.000,9999.000,9999.000,9999.000,9999.000,9999.000,9999.000
202604200630,   4.051,   3.880,9999.000,9999.000,9999.000,9999.000,9999.000,9999.000,9999.000
202604200636,   4.233,   4.057,9999.000,9999.000,9999.000,9999.000,9999.000,9999.000,9999.000
202604200642,   4.423,   4.247,9999.000,9999.000,9999.000,9999.000,9999.000,9999.000,9999.000
202604200648,   4.620,   4.427,9999.000,9999.000,9999.000,9999.000,9999.000,9999.000,9999.000
202604200654,   4.823,   4.618,9999.000,9999.000,9999.000,9999.000,9999.000,9999.000,9999.000
202604200700,   5.033,   4.828,  -0.600,   0.395,   4.828,  -0.700,   4.728,  -0.500,   4.928
202604200706,   5.248,   5.038,9999.000,9999.000,9999.000,9999.000,9999.000,9999.000,9999.000
202604200712,   5.469,   5.218,9999.000,9999.000,9999.000,9999.000,9999.000,9999.000,9999.000
202604200718,   5.694,   5.457,9999.000,9999.000,9999.000,9999.000,9999.000,9999.000,9999.000
202604200724,   5.923,   5.687,9999.000,9999.000,9999.000,9999.000,9999.000,9999.000,9999.000
202604200730,   6.155,   5.917,9999.000,9999.000,9999.000,9999.000,9999.000,9999.000,9999.000
202604200736,   6.390,   6.169,9999.000,9999.000,9999.000,9999.000,9999.000,9999.000,9999.000
202604200742,   6.627,   6.369,9999.000,9999.000,9999.000,9999.000,9999.000,9999.000,9999.000
202604200748,   6.866,   6.628,9999.000,9999.000,9999.000,9999.000,9999.000,9999.000,9999.000
202604200754,   7.105,   6.848,9999.000,9999.000,9999.000,9999.000,9999.000,9999.000,9999.000
202604200800,   7.345,   7.078,  -0.700,   0.433,   7.078,  -0.800,   6.978,  -0.500,   7.278
202604200806,   7.584,   7.317,9999.000,9999.000,9999.000,9999.000,9999.000,9999.000,9999.000
202604200812,   7.822,   7.547,9999.000,9999.000,9999.000,9999.000,9999.000,9999.000,9999.000
202604200818,   8.058,   7.776,9999.000,9999.000,9999.000,9999.000,9999.000,9999.000,9999.000
202604200824,   8.292,   8.016,9999.000,9999.000,9999.000,9999.000,9999.000,9999.000,9999.000
202604200830,   8.523,   8.239,9999.000,9999.000,9999.000,9999.000,9999.000,9999.000,9999.000
202604200836,   8.750,   8.488,9999.000,9999.000,9999.000,9999.000,9999.000,9999.000,9999.000
202604200842,   8.973,   8.688,9999.000,9999.000,9999.000,9999.000,9999.000,9999.000,9999.000
202604200848,   9.191,   8.908,9999.000,9999.000,9999.000,9999.000,9999.000,9999.000,9999.000
202604200854,   9.404,   9.128,9999.000,9999.000,9999.000,9999.000,9999.000,9999.000,9999.000
202604200900,   9.610,   9.338,  -0.700,   0.428,   9.338,  -0.800,   9.238,  -0.600,   9.438
202604200906,   9.810,   9.528,9999.000,9999.000,9999.000,9999.000,9999.000,9999.000,9999.000
202604200912,  10.002,   9.718,9999.000,9999.000,9999.000,9999.000,9999.000,9999.000,9999.000
202604200918,  10.186,   9.918,9999.000,9999.000,9999.000,9999.000,9999.000,9999.000,9999.000
202604200924,  10.362,  10.066,9999.000,9999.000,9999.000,9999.000,9999.000,9999.000,9999.000
202604200930,  10.529,  10.207,9999.000,9999.000,9999.000,9999.000,9999.000,9999.000,9999.000
202604200936,  10.687,  10.338,9999.000,9999.000,9999.000,9999.000,9999.000,9999.000,9999.000
202604200942,  10.834,  10.486,9999.000,9999.000,9999.000,9999.000,9999.000,9999.000,9999.000
202604200948,  10.972,  10.607,9999.000,9999.000,9999.000,9999.000,9999.000,9999.000,9999.000
202604200954,  11.098,  10.715,9999.000,9999.000,9999.000,9999.000,9999.000,9999.000,9999.000
202604201000,  11.214,  10.846,  -0.600,   0.232,  10.846,  -0.700,  10.746,  -0.500,  10.946
202604201006,  11.318,  10.958,9999.000,9999.000,9999.000,9999.000,9999.000,9999.000,9999.000
202604201012,  11.410,  11.056,9999.000,9999.000,9999.000,9999.000,9999.000,9999.000,9999.000
202604201018,  11.489,  11.135,9999.000,9999.000,9999.000,9999.000,9999.000,9999.000,9999.000
202604201024,  11.556,  11.178,9999.000,9999.000,9999.000,9999.000,9999.000,9999.000,9999.000
202604201030,  11.611,  11.266,9999.000,9999.000,9999.000,9999.000,9999.000,9999.000,9999.000
202604201036,  11.652,  11.306,9999.000,9999.000,9999.000,9999.000,9999.000,9999.000,9999.000
202604201042,  11.680,  11.335,9999.000,9999.000,9999.000,9999.000,9999.000,9999.000,9999.000
202604201048,  11.695,  11.345,9999.000,9999.000,9999.000,9999.000,9999.000,9999.000,9999.000
202604201054,  11.696,  11.388,9999.000,9999.000,9999.000,9999.000,9999.000,9999.000,9999.000
202604201100,  11.683,  11.345,  -0.600,   0.262,  11.345,  -0.600,  11.345,  -0.600,  11.345
202604201106,  11.657,  11.315,9999.000,9999.000,9999.000,9999.000,9999.000,9999.000,9999.000
202604201112,  11.617,  11.266,9999.000,9999.000,9999.000,9999.000,9999.000,9999.000,9999.000
202604201118,  11.563,  11.217,9999.000,9999.000,9999.000,9999.000,9999.000,9999.000,9999.000
202604201124,  11.496,  11.148,9999.000,9999.000,9999.000,9999.000,9999.000,9999.000,9999.000
202604201130,  11.415,  11.047,9999.000,9999.000,9999.000,9999.000,9999.000,9999.000,9999.000
202604201136,  11.320,  11.007,9999.000,9999.000,9999.000,9999.000,9999.000,9999.000,9999.000
202604201142,  11.212,  10.905,9999.000,9999.000,9999.000,9999.000,9999.000,9999.000,9999.000
202604201148,  11.091,  10.758,9999.000,9999.000,9999.000,9999.000,9999.000,9999.000,9999.000
202604201154,  10.957,  10.646,9999.000,9999.000,9999.000,9999.000,9999.000,9999.000,9999.000
202604201200,  10.809,  10.505,  -0.600,   0.296,  10.505,  -0.600,  10.505,  -0.500,  10.605
202604201206,  10.650,  10.348,9999.000,9999.000,9999.000,9999.000,9999.000,9999.000,9999.000
202604201212,  10.478,  10.177,9999.000,9999.000,9999.000,9999.000,9999.000,9999.000,9999.000
202604201218,  10.294,   9.997,9999.000,9999.000,9999.000,9999.000,9999.000,9999.000,9999.000
202604201224,  10.098,   9.807,9999.000,9999.000,9999.000,9999.000,9999.000,9999.000,9999.000
202604201230,   9.891,   9.607,9999.000,9999.000,9999.000,9999.000,9999.000,9999.000,9999.000
202604201236,   9.673,   9.397,9999.000,9999.000,9999.000,9999.000,9999.000,9999.000,9999.000
202604201242,   9.445,   9.157,9999.000,9999.000,9999.000,9999.000,9999.000,9999.000,9999.000
202604201248,   9.207,   8.928,9999.000,9999.000,9999.000,9999.000,9999.000,9999.000,9999.000
202604201254,   8.960,   8.678,9999.000,9999.000,9999.000,9999.000,9999.000,9999.000,9999.000
202604201300,   8.704,   8.406,  -0.600,   0.302,   8.406,  -0.600,   8.406,  -0.500,   8.506
202604201306,   8.439,   8.177,9999.000,9999.000,9999.000,9999.000,9999.000,9999.000,9999.000
202604201312,   8.166,   7.908,9999.000,9999.000,9999.000,9999.000,9999.000,9999.000,9999.000
202604201318,   7.886,   7.609,9999.000,9999.000,9999.000,9999.000,9999.000,9999.000,9999.000
202604201324,   7.600,   7.347,9999.000,9999.000,9999.000,9999.000,9999.000,9999.000,9999.000
202604201330,   7.307,   7.088,9999.000,9999.000,9999.000,9999.000,9999.000,9999.000,9999.000
202604201336,   7.009,   6.756,9999.000,9999.000,9999.000,9999.000,9999.000,9999.000,9999.000
202604201342,   6.706,   6.458,9999.000,9999.000,9999.000,9999.000,9999.000,9999.000,9999.000
202604201348,   6.399,   6.149,9999.000,9999.000,9999.000,9999.000,9999.000,9999.000,9999.000
202604201354,   6.089,   5.858,9999.000,9999.000,9999.000,9999.000,9999.000,9999.000,9999.000
202604201400,   5.775,   5.549,  -0.600,   0.374,   5.549,  -0.700,   5.449,  -0.500,   5.649
202604201406,   5.459,   5.228,9999.000,9999.000,9999.000,9999.000,9999.000,9999.000,9999.000
202604201412,   5.142,   4.919,9999.000,9999.000,9999.000,9999.000,9999.000,9999.000,9999.000
202604201418,   4.824,   4.608,9999.000,9999.000,9999.000,9999.000,9999.000,9999.000,9999.000
202604201424,   4.506,   4.280,9999.000,9999.000,9999.000,9999.000,9999.000,9999.000,9999.000
202604201430,   4.189,   3.949,9999.000,9999.000,9999.000,9999.000,9999.000,9999.000,9999.000
202604201436,   3.873,   3.617,9999.000,9999.000,9999.000,9999.000,9999.000,9999.000,9999.000
202604201442,   3.558,   3.279,9999.000,9999.000,9999.000,9999.000,9999.000,9999.000,9999.000
202604201448,   3.246,   2.958,9999.000,9999.000,9999.000,9999.000,9999.000,9999.000,9999.000
202604201454,   2.938,   2.630,9999.000,9999.000,9999.000,9999.000,9999.000,9999.000,9999.000
202604201500,   2.633,   2.328,  -0.600,   0.295,   2.328,  -0.700,   2.228,  -0.500,   2.428
202604201506,   2.334,   2.030,9999.000,9999.000,9999.000,9999.000,9999.000,9999.000,9999.000
202604201512,   2.039,   1.728,9999.000,9999.000,9999.000,9999.000,9999.000,9999.000,9999.000
202604201518,   1.750,   1.439,9999.000,9999.000,9999.000,9999.000,9999.000,9999.000,9999.000
202604201524,   1.468,   1.151,9999.000,9999.000,9999.000,9999.000,9999.000,9999.000,9999.000
202604201530,   1.193,   0.859,9999.000,9999.000,9999.000,9999.000,9999.000,9999.000,9999.000
202604201536,   0.925,   0.619,9999.000,9999.000,9999.000,9999.000,9999.000,9999.000,9999.000
202604201542,   0.666,   0.370,9999.000,9999.000,9999.000,9999.000,9999.000,9999.000,9999.000
202604201548,   0.415,   0.131,9999.000,9999.000,9999.000,9999.000,9999.000,9999.000,9999.000
202604201554,   0.174,  -0.078,9999.000,9999.000,9999.000,9999.000,9999.000,9999.000,9999.000
202604201600,  -0.056,  -0.308,  -0.600,   0.348,  -0.308,  -0.700,  -0.408,  -0.600,  -0.308
202604201606,  -0.277,  -0.531,9999.000,9999.000,9999.000,9999.000,9999.000,9999.000,9999.000
202604201612,  -0.488,  -0.751,9999.000,9999.000,9999.000,9999.000,9999.000,9999.000,9999.000
202604201618,  -0.687,  -0.951,9999.000,9999.000,9999.000,9999.000,9999.000,9999.000,9999.000
202604201624,  -0.874,  -1.118,9999.000,9999.000,9999.000,9999.000,9999.000,9999.000,9999.000
202604201630,  -1.050,  -1.328,9999.000,9999.000,9999.000,9999.000,9999.000,9999.000,9999.000
202604201636,  -1.213,  -1.528,9999.000,9999.000,9999.000,9999.000,9999.000,9999.000,9999.000
202604201642,  -1.364,  -1.659,9999.000,9999.000,9999.000,9999.000,9999.000,9999.000,9999.000
202604201648,  -1.502,  -1.820,9999.000,9999.000,9999.000,9999.000,9999.000,9999.000,9999.000
202604201654,  -1.626,  -1.958,9999.000,9999.000,9999.000,9999.000,9999.000,9999.000,9999.000
202604201700,  -1.737,  -2.118,  -0.600,   0.219,  -2.118,  -0.700,  -2.218,  -0.600,  -2.118
202604201706,  -1.835,  -2.200,9999.000,9999.000,9999.000,9999.000,9999.000,9999.000,9999.000
202604201712,  -1.919,  -2.259,9999.000,9999.000,9999.000,9999.000,9999.000,9999.000,9999.000
202604201718,  -1.989,  -2.358,9999.000,9999.000,9999.000,9999.000,9999.000,9999.000,9999.000
202604201724,  -2.045,  -2.400,9999.000,9999.000,9999.000,9999.000,9999.000,9999.000,9999.000
202604201730,  -2.086,  -2.420,9999.000,9999.000,9999.000,9999.000,9999.000,9999.000,9999.000
202604201736,  -2.114,  -2.459,9999.000,9999.000,9999.000,9999.000,9999.000,9999.000,9999.000
202604201742,  -2.128,  -2.469,9999.000,9999.000,9999.000,9999.000,9999.000,9999.000,9999.000
202604201748,  -2.128,  -2.509,9999.000,9999.000,9999.000,9999.000,9999.000,9999.000,9999.000
202604201754,  -2.114,  -2.459,9999.000,9999.000,9999.000,9999.000,9999.000,9999.000,9999.000
202604201800,  -2.086,  -2.440,  -0.600,   0.246,  -2.440,  -0.600,  -2.440,  -0.500,  -2.340
202604201806,  -2.044,  -2.440,9999.000,9999.000,9999.000,9999.000,9999.000,9999.000,9999.000
202604201812,  -1.989,  -2.377,9999.000,9999.000,9999.000,9999.000,9999.000,9999.000,9999.000
202604201818,  -1.920,  -2.318,9999.000,9999.000,9999.000,9999.000,9999.000,9999.000,9999.000
202604201824,  -1.838,  -2.259,9999.000,9999.000,9999.000,9999.000,9999.000,9999.000,9999.000
202604201830,  -1.744,  -2.148,9999.000,9999.000,9999.000,9999.000,9999.000,9999.000,9999.000
202604201836,  -1.637,  -2.040,9999.000,9999.000,9999.000,9999.000,9999.000,9999.000,9999.000
202604201842,  -1.517,  -1.899,9999.000,9999.000,9999.000,9999.000,9999.000,9999.000,9999.000
202604201848,  -1.386,  -1.767,9999.000,9999.000,9999.000,9999.000,9999.000,9999.000,9999.000
202604201854,  -1.243,  -1.610,9999.000,9999.000,9999.000,9999.000,9999.000,9999.000,9999.000
202604201900,  -1.089,  -1.430,  -0.600,   0.259,  -1.430,  -0.600,  -1.430,  -0.600,  -1.430
202604201906,  -0.924,  -1.279,9999.000,9999.000,9999.000,9999.000,9999.000,9999.000,9999.000
202604201912,  -0.749,  -1.108,9999.000,9999.000,9999.000,9999.000,9999.000,9999.000,9999.000
202604201918,  -0.565,  -0.928,9999.000,9999.000,9999.000,9999.000,9999.000,9999.000,9999.000
202604201924,  -0.370,  -0.731,9999.000,9999.000,9999.000,9999.000,9999.000,9999.000,9999.000
202604201930,  -0.167,  -0.508,9999.000,9999.000,9999.000,9999.000,9999.000,9999.000,9999.000
202604201936,   0.043,  -0.350,9999.000,9999.000,9999.000,9999.000,9999.000,9999.000,9999.000
202604201942,   0.262,  -0.098,9999.000,9999.000,9999.000,9999.000,9999.000,9999.000,9999.000
202604201948,   0.488,   0.121,9999.000,9999.000,9999.000,9999.000,9999.000,9999.000,9999.000
202604201954,   0.720,   0.308,9999.000,9999.000,9999.000,9999.000,9999.000,9999.000,9999.000
202604202000,   0.959,   0.580,  -0.600,   0.221,   0.580,  -0.700,   0.480,  -0.600,   0.580
202604202006,   1.203,   0.819,9999.000,9999.000,9999.000,9999.000,9999.000,9999.000,9999.000
202604202012,   1.452,   1.088,9999.000,9999.000,9999.000,9999.000,9999.000,9999.000,9999.000
202604202018,   1.705,   1.308,9999.000,9999.000,9999.000,9999.000,9999.000,9999.000,9999.000
202604202024,   1.962,   1.538,9999.000,9999.000,9999.000,9999.000,9999.000,9999.000,9999.000
202604202030,   2.221,   1.800,9999.000,9999.000,9999.000,9999.000,9999.000,9999.000,9999.000
202604202036,   2.483,   2.030,9999.000,9999.000,9999.000,9999.000,9999.000,9999.000,9999.000
202604202042,   2.746,   2.289,9999.000,9999.000,9999.000,9999.000,9999.000,9999.000,9999.000
202604202048,   3.011,   2.538,9999.000,9999.000,9999.000,9999.000,9999.000,9999.000,9999.000
202604202054,   3.276,   2.768,9999.000,9999.000,9999.000,9999.000,9999.000,9999.000,9999.000
202604202100,   3.540,   3.030,  -0.600,   0.090,   3.030,  -0.700,   2.930,  -0.600,   3.030
202604202106,   3.804,   3.299,9999.000,9999.000,9999.000,9999.000,9999.000,9999.000,9999.000
202604202112,   4.066,   3.539,9999.000,9999.000,9999.000,9999.000,9999.000,9999.000,9999.000
202604202118,   4.326,   3.798,9999.000,9999.000,9999.000,9999.000,9999.000,9999.000,9999.000
202604202124,   4.583,   4.057,9999.000,9999.000,9999.000,9999.000,9999.000,9999.000,9999.000
202604202130,   4.838,   4.339,9999.000,9999.000,9999.000,9999.000,9999.000,9999.000,9999.000
202604202136,   5.088,   4.588,9999.000,9999.000,9999.000,9999.000,9999.000,9999.000,9999.000
202604202142,   5.333,   4.818,9999.000,9999.000,9999.000,9999.000,9999.000,9999.000,9999.000
202604202148,   5.574,   5.047,9999.000,9999.000,9999.000,9999.000,9999.000,9999.000,9999.000
202604202154,   5.809,   5.267,9999.000,9999.000,9999.000,9999.000,9999.000,9999.000,9999.000
202604202200,   6.038,   5.467,  -0.600,   0.029,   5.467,  -0.700,   5.367,  -0.600,   5.467
202604202206,   6.261,   5.730,9999.000,9999.000,9999.000,9999.000,9999.000,9999.000,9999.000
202604202212,   6.476,   5.907,9999.000,9999.000,9999.000,9999.000,9999.000,9999.000,9999.000
202604202218,   6.684,   6.136,9999.000,9999.000,9999.000,9999.000,9999.000,9999.000,9999.000
202604202224,   6.884,   6.327,9999.000,9999.000,9999.000,9999.000,9999.000,9999.000,9999.000
202604202230,   7.076,   6.517,9999.000,9999.000,9999.000,9999.000,9999.000,9999.000,9999.000
202604202236,   7.259,   6.668,9999.000,9999.000,9999.000,9999.000,9999.000,9999.000,9999.000
202604202242,   7.433,   6.838,9999.000,9999.000,9999.000,9999.000,9999.000,9999.000,9999.000
202604202248,   7.597,   6.999,9999.000,9999.000,9999.000,9999.000,9999.000,9999.000,9999.000
202604202254,   7.752,   7.156,9999.000,9999.000,9999.000,9999.000,9999.000,9999.000,9999.000
202604202300,   7.896,   7.317,  -0.600,   0.021,   7.317,  -0.700,   7.217,  -0.600,   7.317
202604202306,   8.030,   7.468,9999.000,9999.000,9999.000,9999.000,9999.000,9999.000,9999.000
202604202312,   8.154,   7.586,9999.000,9999.000,9999.000,9999.000,9999.000,9999.000,9999.000
202604202318,   8.267,   7.698,9999.000,9999.000,9999.000,9999.000,9999.000,9999.000,9999.000
202604202324,   8.370,   7.786,9999.000,9999.000,9999.000,9999.000,9999.000,9999.000,9999.000
202604202330,   8.461,   7.868,9999.000,9999.000,9999.000,9999.000,9999.000,9999.000,9999.000
202604202336,   8.541,   7.957,9999.000,9999.000,9999.000,9999.000,9999.000,9999.000,9999.000
202604202342,   8.610,   8.029,9999.000,9999.000,9999.000,9999.000,9999.000,9999.000,9999.000
202604202348,   8.668,   8.068,9999.000,9999.000,9999.000,9999.000,9999.000,9999.000,9999.000
202604202354,   8.714,   8.117,9999.000,9999.000,9999.000,9999.000,9999.000,9999.000,9999.000
202604210000,   8.749,   8.196,  -0.800,   0.247,   8.196,  -0.800,   8.196,  -0.700,   8.296
202604210006,   8.773,   8.259,9999.000,9999.000,9999.000,9999.000,9999.000,9999.000,9999.000
202604210012,   8.786,   8.249,9999.000,9999.000,9999.000,9999.000,9999.000,9999.000,9999.000
202604210018,   8.788,   8.268,9999.000,9999.000,9999.000,9999.000,9999.000,9999.000,9999.000
202604210024,   8.779,   8.278,9999.000,9999.000,9999.000,9999.000,9999.000,9999.000,9999.000
202604210030,   8.760,   8.268,9999.000,9999.000,9999.000,9999.000,9999.000,9999.000,9999.000
202604210036,   8.730,   8.259,9999.000,9999.000,9999.000,9999.000,9999.000,9999.000,9999.000
202604210042,   8.689,   8.229,9999.000,9999.000,9999.000,9999.000,9999.000,9999.000,9999.000
202604210048,   8.639,   8.177,9999.000,9999.000,9999.000,9999.000,9999.000,9999.000,9999.000
202604210054,   8.578,   8.117,9999.000,9999.000,9999.000,9999.000,9999.000,9999.000,9999.000
202604210100,   8.509,   8.029,  -0.800,   0.320,   8.029,  -0.800,   8.029,  -0.700,   8.129
202604210106,   8.430,   7.947,9999.000,9999.000,9999.000,9999.000,9999.000,9999.000,9999.000
202604210112,   8.342,   7.849,9999.000,9999.000,9999.000,9999.000,9999.000,9999.000,9999.000
202604210118,   8.246,   7.757,9999.000,9999.000,9999.000,9999.000,9999.000,9999.000,9999.000
202604210124,   8.142,   7.648,9999.000,9999.000,9999.000,9999.000,9999.000,9999.000,9999.000
202604210130,   8.031,   7.537,9999.000,9999.000,9999.000,9999.000,9999.000,9999.000,9999.000
202604210136,   7.912,   7.468,9999.000,9999.000,9999.000,9999.000,9999.000,9999.000,9999.000
202604210142,   7.786,   7.317,9999.000,9999.000,9999.000,9999.000,9999.000,9999.000,9999.000
202604210148,   7.655,   7.199,9999.000,9999.000,9999.000,9999.000,9999.000,9999.000,9999.000
202604210154,   7.517,   7.068,9999.000,9999.000,9999.000,9999.000,9999.000,9999.000,9999.000
202604210200,   7.374,   6.937,  -0.800,   0.363,   6.937,  -0.900,   6.837,  -0.700,   7.037
202604210206,   7.226,   6.799,9999.000,9999.000,9999.000,9999.000,9999.000,9999.000,9999.000
202604210212,   7.075,   6.638,9999.000,9999.000,9999.000,9999.000,9999.000,9999.000,9999.000
202604210218,   6.919,   6.497,9999.000,9999.000,9999.000,9999.000,9999.000,9999.000,9999.000
202604210224,   6.760,   6.359,9999.000,9999.000,9999.000,9999.000,9999.000,9999.000,9999.000
202604210230,   6.599,   6.209,9999.000,9999.000,9999.000,9999.000,9999.000,9999.000,9999.000
202604210236,   6.435,   6.058,9999.000,9999.000,9999.000,9999.000,9999.000,9999.000,9999.000
202604210242,   6.270,   5.897,9999.000,9999.000,9999.000,9999.000,9999.000,9999.000,9999.000
202604210248,   6.104,   5.730,9999.000,9999.000,9999.000,9999.000,9999.000,9999.000,9999.000
202604210254,   5.937,   5.579,9999.000,9999.000,9999.000,9999.000,9999.000,9999.000,9999.000
202604210300,   5.771,   5.418,  -0.800,   0.447,   5.418,  -0.800,   5.418,  -0.700,   5.518
202604210306,   5.605,   5.267,9999.000,9999.000,9999.000,9999.000,9999.000,9999.000,9999.000
202604210312,   5.441,   5.097,9999.000,9999.000,9999.000,9999.000,9999.000,9999.000,9999.000
202604210318,   5.278,   4.949,9999.000,9999.000,9999.000,9999.000,9999.000,9999.000,9999.000
202604210324,   5.118,   4.808,9999.000,9999.000,9999.000,9999.000,9999.000,9999.000,9999.000
202604210330,   4.961,   4.628,9999.000,9999.000,9999.000,9999.000,9999.000,9999.000,9999.000
202604210336,   4.807,   4.490,9999.000,9999.000,9999.000,9999.000,9999.000,9999.000,9999.000
202604210342,   4.657,   4.309,9999.000,9999.000,9999.000,9999.000,9999.000,9999.000,9999.000
202604210348,   4.511,   4.208,9999.000,9999.000,9999.000,9999.000,9999.000,9999.000,9999.000
202604210354,   4.370,   4.057,9999.000,9999.000,9999.000,9999.000,9999.000,9999.000,9999.000
202604210400,   4.235,   3.919,  -0.800,   0.484,   3.919,  -0.800,   3.919,  -0.700,   4.019
202604210406,   4.106,   3.788,9999.000,9999.000,9999.000,9999.000,9999.000,9999.000,9999.000
202604210412,   3.982,   3.650,9999.000,9999.000,9999.000,9999.000,9999.000,9999.000,9999.000
202604210418,   3.866,   3.558,9999.000,9999.000,9999.000,9999.000,9999.000,9999.000,9999.000
202604210424,   3.756,   3.427,9999.000,9999.000,9999.000,9999.000,9999.000,9999.000,9999.000
202604210430,   3.654,   3.329,9999.000,9999.000,9999.000,9999.000,9999.000,9999.000,9999.000
202604210436,   3.560,   3.250,9999.000,9999.000,9999.000,9999.000,9999.000,9999.000,9999.000
202604210442,   3.474,   3.178,9999.000,9999.000,9999.000,9999.000,9999.000,9999.000,9999.000
202604210448,   3.396,   3.079,9999.000,9999.000,9999.000,9999.000,9999.000,9999.000,9999.000
202604210454,   3.327,   2.988,9999.000,9999.000,9999.000,9999.000,9999.000,9999.000,9999.000
202604210500,   3.268,   2.948,  -0.700,   0.380,   2.948,  -0.800,   2.848,  -0.700,   2.948
202604210506,   3.217,   2.879,9999.000,9999.000,9999.000,9999.000,9999.000,9999.000,9999.000
202604210512,   3.176,   2.807,9999.000,9999.000,9999.000,9999.000,9999.000,9999.000,9999.000
202604210518,   3.145,   2.787,9999.000,9999.000,9999.000,9999.000,9999.000,9999.000,9999.000
202604210524,   3.123,   2.787,9999.000,9999.000,9999.000,9999.000,9999.000,9999.000,9999.000
202604210530,   3.111,   2.768,9999.000,9999.000,9999.000,9999.000,9999.000,9999.000,9999.000
202604210536,   3.110,   2.787,9999.000,9999.000,9999.000,9999.000,9999.000,9999.000,9999.000
202604210542,   3.118,   2.807,9999.000,9999.000,9999.000,9999.000,9999.000,9999.000,9999.000
202604210548,   3.136,   2.820,9999.000,9999.000,9999.000,9999.000,9999.000,9999.000,9999.000
202604210554,   3.165,   2.850,9999.000,9999.000,9999.000,9999.000,9999.000,9999.000,9999.000
202604210600,   3.204,   2.909,  -0.800,   0.505,   2.909,  -0.800,   2.909,  -0.800,   2.909
202604210606,   3.253,   2.958,9999.000,9999.000,9999.000,9999.000,9999.000,9999.000,9999.000
202604210612,   3.312,   3.030,9999.000,9999.000,9999.000,9999.000,9999.000,9999.000,9999.000
202604210618,   3.380,   3.099,9999.000,9999.000,9999.000,9999.000,9999.000,9999.000,9999.000
202604210624,   3.459,   3.168,9999.000,9999.000,9999.000,9999.000,9999.000,9999.000,9999.000
202604210630,   3.547,   3.240,9999.000,9999.000,9999.000,9999.000,9999.000,9999.000,9999.000
202604210636,   3.645,   3.299,9999.000,9999.000,9999.000,9999.000,9999.000,9999.000,9999.000
202604210642,   3.751,   3.378,9999.000,9999.000,9999.000,9999.000,9999.000,9999.000,9999.000
202604210648,   3.867,   3.509,9999.000,9999.000,9999.000,9999.000,9999.000,9999.000,9999.000
202604210654,   3.992,   3.627,9999.000,9999.000,9999.000,9999.000,9999.000,9999.000,9999.000
202604210700,   4.124,   3.768,  -0.800,   0.444,   3.768,  -0.900,   3.668,  -0.800,   3.768
202604210706,   4.265,   3.909,9999.000,9999.000,9999.000,9999.000,9999.000,9999.000,9999.000
202604210712,   4.414,   4.080,9999.000,9999.000,9999.000,9999.000,9999.000,9999.000,9999.000
202604210718,   4.570,   4.237,9999.000,9999.000,9999.000,9999.000,9999.000,9999.000,9999.000
202604210724,   4.733,   4.368,9999.000,9999.000,9999.000,9999.000,9999.000,9999.000,9999.000
202604210730,   4.902,   4.539,9999.000,9999.000,9999.000,9999.000,9999.000,9999.000,9999.000
202604210736,   5.078,   4.739,9999.000,9999.000,9999.000,9999.000,9999.000,9999.000,9999.000
202604210742,   5.260,   4.919,9999.000,9999.000,9999.000,9999.000,9999.000,9999.000,9999.000
202604210748,   5.446,   5.120,9999.000,9999.000,9999.000,9999.000,9999.000,9999.000,9999.000
202604210754,   5.638,   5.307,9999.000,9999.000,9999.000,9999.000,9999.000,9999.000,9999.000
202604210800,   5.833,   5.497,  -0.800,   0.464,   5.497,  -0.900,   5.397,  -0.800,   5.497
202604210806,   6.033,   5.687,9999.000,9999.000,9999.000,9999.000,9999.000,9999.000,9999.000
202604210812,   6.235,   5.867,9999.000,9999.000,9999.000,9999.000,9999.000,9999.000,9999.000
202604210818,   6.441,   6.087,9999.000,9999.000,9999.000,9999.000,9999.000,9999.000,9999.000
202604210824,   6.648,   6.268,9999.000,9999.000,9999.000,9999.000,9999.000,9999.000,9999.000
202604210830,   6.857,   6.507,9999.000,9999.000,9999.000,9999.000,9999.000,9999.000,9999.000
202604210836,   7.068,   6.717,9999.000,9999.000,9999.000,9999.000,9999.000,9999.000,9999.000
202604210842,   7.278,   6.907,9999.000,9999.000,9999.000,9999.000,9999.000,9999.000,9999.000
202604210848,   7.489,   7.117,9999.000,9999.000,9999.000,9999.000,9999.000,9999.000,9999.000
202604210854,   7.699,   7.307,9999.000,9999.000,9999.000,9999.000,9999.000,9999.000,9999.000
202604210900,   7.908,   7.488,  -0.800,   0.380,   7.488,  -0.900,   7.388,  -0.800,   7.488
202604210906,   8.115,   7.698,9999.000,9999.000,9999.000,9999.000,9999.000,9999.000,9999.000
202604210912,   8.319,   7.878,9999.000,9999.000,9999.000,9999.000,9999.000,9999.000,9999.000
202604210918,   8.521,   8.117,9999.000,9999.000,9999.000,9999.000,9999.000,9999.000,9999.000
202604210924,   8.719,   8.308,9999.000,9999.000,9999.000,9999.000,9999.000,9999.000,9999.000
202604210930,   8.913,   8.498,9999.000,9999.000,9999.000,9999.000,9999.000,9999.000,9999.000
202604210936,   9.103,   8.669,9999.000,9999.000,9999.000,9999.000,9999.000,9999.000,9999.000
202604210942,   9.287,   8.869,9999.000,9999.000,9999.000,9999.000,9999.000,9999.000,9999.000
202604210948,   9.466,   9.036,9999.000,9999.000,9999.000,9999.000,9999.000,9999.000,9999.000
202604210954,   9.638,   9.206,9999.000,9999.000,9999.000,9999.000,9999.000,9999.000,9999.000
202604211000,   9.804,   9.367,  -0.800,   0.363,   9.367,  -0.900,   9.267,  -0.800,   9.367
202604211006,   9.963,   9.538,9999.000,9999.000,9999.000,9999.000,9999.000,9999.000,9999.000
202604211012,  10.114,   9.698,9999.000,9999.000,9999.000,9999.000,9999.000,9999.000,9999.000
202604211018,  10.257,   9.836,9999.000,9999.000,9999.000,9999.000,9999.000,9999.000,9999.000
202604211024,  10.392,   9.967,9999.000,9999.000,9999.000,9999.000,9999.000,9999.000,9999.000
202604211030,  10.518,  10.085,9999.000,9999.000,9999.000,9999.000,9999.000,9999.000,9999.000
202604211036,  10.634,  10.187,9999.000,9999.000,9999.000,9999.000,9999.000,9999.000,9999.000
202604211042,  10.741,  10.286,9999.000,9999.000,9999.000,9999.000,9999.000,9999.000,9999.000
202604211048,  10.837,  10.387,9999.000,9999.000,9999.000,9999.000,9999.000,9999.000,9999.000
202604211054,  10.923,  10.476,9999.000,9999.000,9999.000,9999.000,9999.000,9999.000,9999.000
202604211100,  10.999,  10.568,  -0.800,   0.369,  10.568,  -0.900,  10.468,  -0.800,  10.568
202604211106,  11.063,  10.627,9999.000,9999.000,9999.000,9999.000,9999.000,9999.000,9999.000
202604211112,  11.117,  10.676,9999.000,9999.000,9999.000,9999.000,9999.000,9999.000,9999.000
202604211118,  11.159,  10.715,9999.000,9999.000,9999.000,9999.000,9999.000,9999.000,9999.000
202604211124,  11.189,  10.738,9999.000,9999.000,9999.000,9999.000,9999.000,9999.000,9999.000
202604211130,  11.208,  10.748,9999.000,9999.000,9999.000,9999.000,9999.000,9999.000,9999.000
202604211136,  11.214,  10.748,9999.000,9999.000,9999.000,9999.000,9999.000,9999.000,9999.000
202604211142,  11.209,  10.738,9999.000,9999.000,9999.000,9999.000,9999.000,9999.000,9999.000
202604211148,  11.191,  10.758,9999.000,9999.000,9999.000,9999.000,9999.000,9999.000,9999.000
202604211154,  11.161,  10.696,9999.000,9999.000,9999.000,9999.000,9999.000,9999.000,9999.000
202604211200,  11.119,  10.666,  -0.700,   0.266,  10.685,  -0.700,  10.685,  -0.700,  10.685
202604211206,  11.065,  10.597,9999.000,9999.000,9999.000,9999.000,9999.000,9999.000,9999.000
202604211212,  10.998,  10.505,9999.000,9999.000,9999.000,9999.000,9999.000,9999.000,9999.000
202604211218,  10.919,  10.427,9999.000,9999.000,9999.000,9999.000,9999.000,9999.000,9999.000
202604211224,  10.829,  10.368,9999.000,9999.000,9999.000,9999.000,9999.000,9999.000,9999.000
202604211230,  10.726,  10.236,9999.000,9999.000,9999.000,9999.000,9999.000,9999.000,9999.000
202604211236,  10.612,  10.158,9999.000,9999.000,9999.000,9999.000,9999.000,9999.000,9999.000
202604211242,  10.486,  10.046,9999.000,9999.000,9999.000,9999.000,9999.000,9999.000,9999.000
202604211248,  10.349,   9.908,9999.000,9999.000,9999.000,9999.000,9999.000,9999.000,9999.000
202604211254,  10.200,   9.757,9999.000,9999.000,9999.000,9999.000,9999.000,9999.000,9999.000
202604211300,  10.041,   9.607,  -0.700,   0.294,   9.635,  -0.800,   9.535,  -0.700,   9.635
202604211306,   9.871,   9.436,9999.000,9999.000,9999.000,9999.000,9999.000,9999.000,9999.000
202604211312,   9.690,   9.256,9999.000,9999.000,9999.000,9999.000,9999.000,9999.000,9999.000
202604211318,   9.500,   9.079,9999.000,9999.000,9999.000,9999.000,9999.000,9999.000,9999.000
202604211324,   9.300,   8.888,9999.000,9999.000,9999.000,9999.000,9999.000,9999.000,9999.000
202604211330,   9.091,   8.698,9999.000,9999.000,9999.000,9999.000,9999.000,9999.000,9999.000
202604211336,   8.873,   8.498,9999.000,9999.000,9999.000,9999.000,9999.000,9999.000,9999.000
202604211342,   8.647,   8.288,9999.000,9999.000,9999.000,9999.000,9999.000,9999.000,9999.000
202604211348,   8.413,   8.039,9999.000,9999.000,9999.000,9999.000,9999.000,9999.000,9999.000
202604211354,   8.171,   7.829,9999.000,9999.000,9999.000,9999.000,9999.000,9999.000,9999.000
202604211400,   7.923,   7.586,  -0.800,   0.284,   7.407,  -0.800,   7.407,  -0.700,   7.507
202604211406,   7.668,   7.317,9999.000,9999.000,9999.000,9999.000,9999.000,9999.000,9999.000
202604211412,   7.407,   7.038,9999.000,9999.000,9999.000,9999.000,9999.000,9999.000,9999.000
202604211418,   7.140,   6.809,9999.000,9999.000,9999.000,9999.000,9999.000,9999.000,9999.000
202604211424,   6.869,   6.517,9999.000,9999.000,9999.000,9999.000,9999.000,9999.000,9999.000
202604211430,   6.593,   6.228,9999.000,9999.000,9999.000,9999.000,9999.000,9999.000,9999.000
202604211436,   6.314,   5.926,9999.000,9999.000,9999.000,9999.000,9999.000,9999.000,9999.000
202604211442,   6.032,   5.657,9999.000,9999.000,9999.000,9999.000,9999.000,9999.000,9999.000
202604211448,   5.747,   5.379,9999.000,9999.000,9999.000,9999.000,9999.000,9999.000,9999.000
202604211454,   5.460,   5.057,9999.000,9999.000,9999.000,9999.000,9999.000,9999.000,9999.000
202604211500,   5.172,   4.778,  -0.800,   0.219,   4.591,  -0.800,   4.591,  -0.700,   4.691
202604211506,   4.883,   4.509,9999.000,9999.000,9999.000,9999.000,9999.000,9999.000,9999.000
202604211512,   4.593,   4.208,9999.000,9999.000,9999.000,9999.000,9999.000,9999.000,9999.000
202604211518,   4.305,   3.958,9999.000,9999.000,9999.000,9999.000,9999.000,9999.000,9999.000
202604211524,   4.017,   3.670,9999.000,9999.000,9999.000,9999.000,9999.000,9999.000,9999.000
202604211530,   3.731,   3.427,9999.000,9999.000,9999.000,9999.000,9999.000,9999.000,9999.000
202604211536,   3.447,   3.129,9999.000,9999.000,9999.000,9999.000,9999.000,9999.000,9999.000
202604211542,   3.166,   2.840,9999.000,9999.000,9999.000,9999.000,9999.000,9999.000,9999.000
202604211548,   2.888,   2.548,9999.000,9999.000,9999.000,9999.000,9999.000,9999.000,9999.000
202604211554,   2.615,   2.289,9999.000,9999.000,9999.000,9999.000,9999.000,9999.000,9999.000
202604211600,   2.346,   1.990,  -0.800,   0.138,   1.684,  -0.800,   1.684,  -0.700,   1.784
202604211606,   2.082,   1.708,9999.000,9999.000,9999.000,9999.000,9999.000,9999.000,9999.000
202604211612,   1.824,   1.449,9999.000,9999.000,9999.000,9999.000,9999.000,9999.000,9999.000
202604211618,   1.572,   1.180,9999.000,9999.000,9999.000,9999.000,9999.000,9999.000,9999.000
202604211624,   1.327,   0.928,9999.000,9999.000,9999.000,9999.000,9999.000,9999.000,9999.000
202604211630,   1.089,   0.669,9999.000,9999.000,9999.000,9999.000,9999.000,9999.000,9999.000
202604211636,   0.858,   0.419,9999.000,9999.000,9999.000,9999.000,9999.000,9999.000,9999.000
202604211642,   0.636,   0.219,9999.000,9999.000,9999.000,9999.000,9999.000,9999.000,9999.000
202604211648,   0.423,   0.000,9999.000,9999.000,9999.000,9999.000,9999.000,9999.000,9999.000
202604211654,   0.218,  -0.209,9999.000,9999.000,9999.000,9999.000,9999.000,9999.000,9999.000
202604211700,   0.023,  -0.370,  -0.800,   0.099,  -0.678,  -0.800,  -0.678,  -0.700,  -0.578
202604211706,  -0.161,  -0.560,9999.000,9999.000,9999.000,9999.000,9999.000,9999.000,9999.000
202604211712,  -0.336,  -0.751,9999.000,9999.000,9999.000,9999.000,9999.000,9999.000,9999.000
202604211718,  -0.500,  -0.908,9999.000,9999.000,9999.000,9999.000,9999.000,9999.000,9999.000
202604211724,  -0.654,  -1.088,9999.000,9999.000,9999.000,9999.000,9999.000,9999.000,9999.000
202604211730,  -0.796,  -1.229,9999.000,9999.000,9999.000,9999.000,9999.000,9999.000,9999.000
202604211736,  -0.928,  -1.380,9999.000,9999.000,9999.000,9999.000,9999.000,9999.000,9999.000
202604211742,  -1.047,  -1.508,9999.000,9999.000,9999.000,9999.000,9999.000,9999.000,9999.000
202604211748,  -1.155,  -1.590,9999.000,9999.000,9999.000,9999.000,9999.000,9999.000,9999.000
202604211754,  -1.250,  -1.708,9999.000,9999.000,9999.000,9999.000,9999.000,9999.000,9999.000
202604211800,  -1.334,  -1.708,  -0.800,   0.100,  -2.034,  -0.800,  -2.034,  -0.700,  -1.934
202604211806,  -1.405,9999.000,9999.000,9999.000,9999.000,9999.000,9999.000,9999.000,9999.000
202604211812,  -1.464,9999.000,9999.000,9999.000,9999.000,9999.000,9999.000,9999.000,9999.000
202604211818,  -1.510,9999.000,9999.000,9999.000,9999.000,9999.000,9999.000,9999.000,9999.000
202604211824,  -1.544,9999.000,9999.000,9999.000,9999.000,9999.000,9999.000,9999.000,9999.000
202604211830,  -1.566,9999.000,9999.000,9999.000,9999.000,9999.000,9999.000,9999.000,9999.000
202604211836,  -1.575,9999.000,9999.000,9999.000,9999.000,9999.000,9999.000,9999.000,9999.000
202604211842,  -1.571,9999.000,9999.000,9999.000,9999.000,9999.000,9999.000,9999.000,9999.000
202604211848,  -1.556,9999.000,9999.000,9999.000,9999.000,9999.000,9999.000,9999.000,9999.000
202604211854,  -1.528,9999.000,9999.000,9999.000,9999.000,9999.000,9999.000,9999.000,9999.000
202604211900,  -1.488,9999.000,  -0.800,   0.084,  -2.204,  -0.800,  -2.204,  -0.700,  -2.104
202604211906,  -1.436,9999.000,9999.000,9999.000,9999.000,9999.000,9999.000,9999.000,9999.000
202604211912,  -1.372,9999.000,9999.000,9999.000,9999.000,9999.000,9999.000,9999.000,9999.000
202604211918,  -1.297,9999.000,9999.000,9999.000,9999.000,9999.000,9999.000,9999.000,9999.000
202604211924,  -1.211,9999.000,9999.000,9999.000,9999.000,9999.000,9999.000,9999.000,9999.000
202604211930,  -1.113,9999.000,9999.000,9999.000,9999.000,9999.000,9999.000,9999.000,9999.000
202604211936,  -1.005,9999.000,9999.000,9999.000,9999.000,9999.000,9999.000,9999.000,9999.000
202604211942,  -0.886,9999.000,9999.000,9999.000,9999.000,9999.000,9999.000,9999.000,9999.000
202604211948,  -0.758,9999.000,9999.000,9999.000,9999.000,9999.000,9999.000,9999.000,9999.000
202604211954,  -0.619,9999.000,9999.000,9999.000,9999.000,9999.000,9999.000,9999.000,9999.000
202604212000,  -0.472,9999.000,  -0.800,   0.030,  -1.242,  -0.800,  -1.242,  -0.700,  -1.142
202604212006,  -0.315,9999.000,9999.000,9999.000,9999.000,9999.000,9999.000,9999.000,9999.000
202604212012,  -0.150,9999.000,9999.000,9999.000,9999.000,9999.000,9999.000,9999.000,9999.000
202604212018,   0.022,9999.000,9999.000,9999.000,9999.000,9999.000,9999.000,9999.000,9999.000
202604212024,   0.203,9999.000,9999.000,9999.000,9999.000,9999.000,9999.000,9999.000,9999.000
202604212030,   0.391,9999.000,9999.000,9999.000,9999.000,9999.000,9999.000,9999.000,9999.000
202604212036,   0.586,9999.000,9999.000,9999.000,9999.000,9999.000,9999.000,9999.000,9999.000
202604212042,   0.787,9999.000,9999.000,9999.000,9999.000,9999.000,9999.000,9999.000,9999.000
202604212048,   0.993,9999.000,9999.000,9999.000,9999.000,9999.000,9999.000,9999.000,9999.000
202604212054,   1.205,9999.000,9999.000,9999.000,9999.000,9999.000,9999.000,9999.000,9999.000
202604212100,   1.422,9999.000,  -0.800,  -0.009,   0.613,  -0.800,   0.613,  -0.700,   0.713
202604212106,   1.642,9999.000,9999.000,9999.000,9999.000,9999.000,9999.000,9999.000,9999.000
202604212112,   1.866,9999.000,9999.000,9999.000,9999.000,9999.000,9999.000,9999.000,9999.000
202604212118,   2.093,9999.000,9999.000,9999.000,9999.000,9999.000,9999.000,9999.000,9999.000
202604212124,   2.323,9999.000,9999.000,9999.000,9999.000,9999.000,9999.000,9999.000,9999.000
202604212130,   2.555,9999.000,9999.000,9999.000,9999.000,9999.000,9999.000,9999.000,9999.000
202604212136,   2.788,9999.000,9999.000,9999.000,9999.000,9999.000,9999.000,9999.000,9999.000
202604212142,   3.021,9999.000,9999.000,9999.000,9999.000,9999.000,9999.000,9999.000,9999.000
202604212148,   3.255,9999.000,9999.000,9999.000,9999.000,9999.000,9999.000,9999.000,9999.000
202604212154,   3.489,9999.000,9999.000,9999.000,9999.000,9999.000,9999.000,9999.000,9999.000
202604212200,   3.722,9999.000,  -0.800,   0.004,   2.926,  -0.800,   2.926,  -0.700,   3.026
202604212206,   3.954,9999.000,9999.000,9999.000,9999.000,9999.000,9999.000,9999.000,9999.000
202604212212,   4.184,9999.000,9999.000,9999.000,9999.000,9999.000,9999.000,9999.000,9999.000
202604212218,   4.412,9999.000,9999.000,9999.000,9999.000,9999.000,9999.000,9999.000,9999.000
202604212224,   4.636,9999.000,9999.000,9999.000,9999.000,9999.000,9999.000,9999.000,9999.000
202604212230,   4.857,9999.000,9999.000,9999.000,9999.000,9999.000,9999.000,9999.000,9999.000
202604212236,   5.075,9999.000,9999.000,9999.000,9999.000,9999.000,9999.000,9999.000,9999.000
202604212242,   5.288,9999.000,9999.000,9999.000,9999.000,9999.000,9999.000,9999.000,9999.000
202604212248,   5.496,9999.000,9999.000,9999.000,9999.000,9999.000,9999.000,9999.000,9999.000
202604212254,   5.699,9999.000,9999.000,9999.000,9999.000,9999.000,9999.000,9999.000,9999.000
202604212300,   5.897,9999.000,  -0.800,   0.040,   5.137,  -0.800,   5.137,  -0.800,   5.137
202604212306,   6.088,9999.000,9999.000,9999.000,9999.000,9999.000,9999.000,9999.000,9999.000
202604212312,   6.273,9999.000,9999.000,9999.000,9999.000,9999.000,9999.000,9999.000,9999.000
202604212318,   6.451,9999.000,9999.000,9999.000,9999.000,9999.000,9999.000,9999.000,9999.000
202604212324,   6.622,9999.000,9999.000,9999.000,9999.000,9999.000,9999.000,9999.000,9999.000
202604212330,   6.785,9999.000,9999.000,9999.000,9999.000,9999.000,9999.000,9999.000,9999.000
202604212336,   6.941,9999.000,9999.000,9999.000,9999.000,9999.000,9999.000,9999.000,9999.000
202604212342,   7.088,9999.000,9999.000,9999.000,9999.000,9999.000,9999.000,9999.000,9999.000
202604212348,   7.228,9999.000,9999.000,9999.000,9999.000,9999.000,9999.000,9999.000,9999.000
202604212354,   7.358,9999.000,9999.000,9999.000,9999.000,9999.000,9999.000,9999.000,9999.000
202604220000,   7.480,9999.000,  -0.800,   0.066,   6.746,  -0.900,   6.646,  -0.800,   6.746
202604220006,   7.593,9999.000,9999.000,9999.000,9999.000,9999.000,9999.000,9999.000,9999.000
202604220012,   7.696,9999.000,9999.000,9999.000,9999.000,9999.000,9999.000,9999.000,9999.000
202604220018,   7.791,9999.000,9999.000,9999.000,9999.000,9999.000,9999.000,9999.000,9999.000
202604220024,   7.876,9999.000,9999.000,9999.000,9999.000,9999.000,9999.000,9999.000,9999.000
202604220030,   7.951,9999.000,9999.000,9999.000,9999.000,9999.000,9999.000,9999.000,9999.000
202604220036,   8.017,9999.000,9999.000,9999.000,9999.000,9999.000,9999.000,9999.000,9999.000
202604220042,   8.074,9999.000,9999.000,9999.000,9999.000,9999.000,9999.000,9999.000,9999.000
202604220048,   8.121,9999.000,9999.000,9999.000,9999.000,9999.000,9999.000,9999.000,9999.000
202604220054,   8.158,9999.000,9999.000,9999.000,9999.000,9999.000,9999.000,9999.000,9999.000
202604220100,   8.186,9999.000,  -0.900,   0.108,   7.394,  -0.900,   7.394,  -0.800,   7.494
202604220106,   8.204,9999.000,9999.000,9999.000,9999.000,9999.000,9999.000,9999.000,9999.000
202604220112,   8.213,9999.000,9999.000,9999.000,9999.000,9999.000,9999.000,9999.000,9999.000
202604220118,   8.213,9999.000,9999.000,9999.000,9999.000,9999.000,9999.000,9999.000,9999.000
202604220124,   8.203,9999.000,9999.000,9999.000,9999.000,9999.000,9999.000,9999.000,9999.000
202604220130,   8.185,9999.000,9999.000,9999.000,9999.000,9999.000,9999.000,9999.000,9999.000
202604220136,   8.158,9999.000,9999.000,9999.000,9999.000,9999.000,9999.000,9999.000,9999.000
202604220142,   8.123,9999.000,9999.000,9999.000,9999.000,9999.000,9999.000,9999.000,9999.000
202604220148,   8.079,9999.000,9999.000,9999.000,9999.000,9999.000,9999.000,9999.000,9999.000
202604220154,   8.027,9999.000,9999.000,9999.000,9999.000,9999.000,9999.000,9999.000,9999.000
202604220200,   7.967,9999.000,  -0.900,   0.193,   7.260,  -0.900,   7.260,  -0.800,   7.360
202604220206,   7.900,9999.000,9999.000,9999.000,9999.000,9999.000,9999.000,9999.000,9999.000
202604220212,   7.826,9999.000,9999.000,9999.000,9999.000,9999.000,9999.000,9999.000,9999.000
202604220218,   7.745,9999.000,9999.000,9999.000,9999.000,9999.000,9999.000,9999.000,9999.000
202604220224,   7.658,9999.000,9999.000,9999.000,9999.000,9999.000,9999.000,9999.000,9999.000
202604220230,   7.564,9999.000,9999.000,9999.000,9999.000,9999.000,9999.000,9999.000,9999.000
202604220236,   7.465,9999.000,9999.000,9999.000,9999.000,9999.000,9999.000,9999.000,9999.000
202604220242,   7.360,9999.000,9999.000,9999.000,9999.000,9999.000,9999.000,9999.000,9999.000
202604220248,   7.251,9999.000,9999.000,9999.000,9999.000,9999.000,9999.000,9999.000,9999.000
202604220254,   7.137,9999.000,9999.000,9999.000,9999.000,9999.000,9999.000,9999.000,9999.000
202604220300,   7.019,9999.000,  -0.900,   0.288,   6.407,  -0.900,   6.407,  -0.800,   6.507
202604220306,   6.897,9999.000,9999.000,9999.000,9999.000,9999.000,9999.000,9999.000,9999.000
202604220312,   6.772,9999.000,9999.000,9999.000,9999.000,9999.000,9999.000,9999.000,9999.000
202604220318,   6.644,9999.000,9999.000,9999.000,9999.000,9999.000,9999.000,9999.000,9999.000
202604220324,   6.515,9999.000,9999.000,9999.000,9999.000,9999.000,9999.000,9999.000,9999.000
202604220330,   6.383,9999.000,9999.000,9999.000,9999.000,9999.000,9999.000,9999.000,9999.000
202604220336,   6.250,9999.000,9999.000,9999.000,9999.000,9999.000,9999.000,9999.000,9999.000
202604220342,   6.116,9999.000,9999.000,9999.000,9999.000,9999.000,9999.000,9999.000,9999.000
202604220348,   5.982,9999.000,9999.000,9999.000,9999.000,9999.000,9999.000,9999.000,9999.000
202604220354,   5.848,9999.000,9999.000,9999.000,9999.000,9999.000,9999.000,9999.000,9999.000
202604220400,   5.714,9999.000,  -0.900,   0.347,   5.161,  -0.900,   5.161,  -0.800,   5.261
202604220406,   5.581,9999.000,9999.000,9999.000,9999.000,9999.000,9999.000,9999.000,9999.000
202604220412,   5.450,9999.000,9999.000,9999.000,9999.000,9999.000,9999.000,9999.000,9999.000
202604220418,   5.321,9999.000,9999.000,9999.000,9999.000,9999.000,9999.000,9999.000,9999.000
202604220424,   5.194,9999.000,9999.000,9999.000,9999.000,9999.000,9999.000,9999.000,9999.000
202604220430,   5.070,9999.000,9999.000,9999.000,9999.000,9999.000,9999.000,9999.000,9999.000
202604220436,   4.949,9999.000,9999.000,9999.000,9999.000,9999.000,9999.000,9999.000,9999.000
202604220442,   4.832,9999.000,9999.000,9999.000,9999.000,9999.000,9999.000,9999.000,9999.000
202604220448,   4.719,9999.000,9999.000,9999.000,9999.000,9999.000,9999.000,9999.000,9999.000
202604220454,   4.610,9999.000,9999.000,9999.000,9999.000,9999.000,9999.000,9999.000,9999.000
202604220500,   4.506,9999.000,  -0.900,   0.381,   3.987,  -0.900,   3.987,  -0.900,   3.987
202604220506,   4.407,9999.000,9999.000,9999.000,9999.000,9999.000,9999.000,9999.000,9999.000
202604220512,   4.314,9999.000,9999.000,9999.000,9999.000,9999.000,9999.000,9999.000,9999.000
202604220518,   4.226,9999.000,9999.000,9999.000,9999.000,9999.000,9999.000,9999.000,9999.000
202604220524,   4.145,9999.000,9999.000,9999.000,9999.000,9999.000,9999.000,9999.000,9999.000
202604220530,   4.070,9999.000,9999.000,9999.000,9999.000,9999.000,9999.000,9999.000,9999.000
202604220536,   4.002,9999.000,9999.000,9999.000,9999.000,9999.000,9999.000,9999.000,9999.000
202604220542,   3.941,9999.000,9999.000,9999.000,9999.000,9999.000,9999.000,9999.000,9999.000
202604220548,   3.887,9999.000,9999.000,9999.000,9999.000,9999.000,9999.000,9999.000,9999.000
202604220554,   3.841,9999.000,9999.000,9999.000,9999.000,9999.000,9999.000,9999.000,9999.000
202604220600,   3.802,9999.000,  -0.900,   0.416,   3.318,  -0.900,   3.318,  -0.900,   3.318
202604220606,   3.771,9999.000,9999.000,9999.000,9999.000,9999.000,9999.000,9999.000,9999.000
202604220612,   3.748,9999.000,9999.000,9999.000,9999.000,9999.000,9999.000,9999.000,9999.000
202604220618,   3.733,9999.000,9999.000,9999.000,9999.000,9999.000,9999.000,9999.000,9999.000
202604220624,   3.727,9999.000,9999.000,9999.000,9999.000,9999.000,9999.000,9999.000,9999.000
202604220630,   3.728,9999.000,9999.000,9999.000,9999.000,9999.000,9999.000,9999.000,9999.000
202604220636,   3.738,9999.000,9999.000,9999.000,9999.000,9999.000,9999.000,9999.000,9999.000
202604220642,   3.756,9999.000,9999.000,9999.000,9999.000,9999.000,9999.000,9999.000,9999.000
202604220648,   3.783,9999.000,9999.000,9999.000,9999.000,9999.000,9999.000,9999.000,9999.000
202604220654,   3.818,9999.000,9999.000,9999.000,9999.000,9999.000,9999.000,9999.000,9999.000
202604220700,   3.861,9999.000,  -0.900,   0.438,   3.399,  -0.900,   3.399,  -0.900,   3.399
202604220706,   3.913,9999.000,9999.000,9999.000,9999.000,9999.000,9999.000,9999.000,9999.000
202604220712,   3.972,9999.000,9999.000,9999.000,9999.000,9999.000,9999.000,9999.000,9999.000
202604220718,   4.040,9999.000,9999.000,9999.000,9999.000,9999.000,9999.000,9999.000,9999.000
202604220724,   4.115,9999.000,9999.000,9999.000,9999.000,9999.000,9999.000,9999.000,9999.000
202604220730,   4.199,9999.000,9999.000,9999.000,9999.000,9999.000,9999.000,9999.000,9999.000
202604220736,   4.289,9999.000,9999.000,9999.000,9999.000,9999.000,9999.000,9999.000,9999.000
202604220742,   4.388,9999.000,9999.000,9999.000,9999.000,9999.000,9999.000,9999.000,9999.000
202604220748,   4.493,9999.000,9999.000,9999.000,9999.000,9999.000,9999.000,9999.000,9999.000
202604220754,   4.605,9999.000,9999.000,9999.000,9999.000,9999.000,9999.000,9999.000,9999.000
202604220800,   4.724,9999.000,  -0.900,   0.411,   4.235,  -0.900,   4.235,  -0.800,   4.335
202604220806,   4.849,9999.000,9999.000,9999.000,9999.000,9999.000,9999.000,9999.000,9999.000
202604220812,   4.980,9999.000,9999.000,9999.000,9999.000,9999.000,9999.000,9999.000,9999.000
202604220818,   5.116,9999.000,9999.000,9999.000,9999.000,9999.000,9999.000,9999.000,9999.000
202604220824,   5.258,9999.000,9999.000,9999.000,9999.000,9999.000,9999.000,9999.000,9999.000
202604220830,   5.405,9999.000,9999.000,9999.000,9999.000,9999.000,9999.000,9999.000,9999.000
202604220836,   5.557,9999.000,9999.000,9999.000,9999.000,9999.000,9999.000,9999.000,9999.000
202604220842,   5.713,9999.000,9999.000,9999.000,9999.000,9999.000,9999.000,9999.000,9999.000
202604220848,   5.872,9999.000,9999.000,9999.000,9999.000,9999.000,9999.000,9999.000,9999.000
202604220854,   6.035,9999.000,9999.000,9999.000,9999.000,9999.000,9999.000,9999.000,9999.000
202604220900,   6.201,9999.000,  -0.900,   0.347,   5.648,  -0.900,   5.648,  -0.800,   5.748
202604220906,   6.370,9999.000,9999.000,9999.000,9999.000,9999.000,9999.000,9999.000,9999.000
202604220912,   6.541,9999.000,9999.000,9999.000,9999.000,9999.000,9999.000,9999.000,9999.000
202604220918,   6.713,9999.000,9999.000,9999.000,9999.000,9999.000,9999.000,9999.000,9999.000
202604220924,   6.887,9999.000,9999.000,9999.000,9999.000,9999.000,9999.000,9999.000,9999.000
202604220930,   7.061,9999.000,9999.000,9999.000,9999.000,9999.000,9999.000,9999.000,9999.000
202604220936,   7.235,9999.000,9999.000,9999.000,9999.000,9999.000,9999.000,9999.000,9999.000
202604220942,   7.410,9999.000,9999.000,9999.000,9999.000,9999.000,9999.000,9999.000,9999.000
202604220948,   7.583,9999.000,9999.000,9999.000,9999.000,9999.000,9999.000,9999.000,9999.000
202604220954,   7.756,9999.000,9999.000,9999.000,9999.000,9999.000,9999.000,9999.000,9999.000
202604221000,   7.927,9999.000,  -0.900,   0.288,   7.315,  -0.900,   7.315,  -0.800,   7.415
202604221006,   8.095,9999.000,9999.000,9999.000,9999.000,9999.000,9999.000,9999.000,9999.000
202604221012,   8.261,9999.000,9999.000,9999.000,9999.000,9999.000,9999.000,9999.000,9999.000
202604221018,   8.425,9999.000,9999.000,9999.000,9999.000,9999.000,9999.000,9999.000,9999.000
202604221024,   8.584,9999.000,9999.000,9999.000,9999.000,9999.000,9999.000,9999.000,9999.000
202604221030,   8.740,9999.000,9999.000,9999.000,9999.000,9999.000,9999.000,9999.000,9999.000
202604221036,   8.891,9999.000,9999.000,9999.000,9999.000,9999.000,9999.000,9999.000,9999.000
202604221042,   9.037,9999.000,9999.000,9999.000,9999.000,9999.000,9999.000,9999.000,9999.000
202604221048,   9.179,9999.000,9999.000,9999.000,9999.000,9999.000,9999.000,9999.000,9999.000
202604221054,   9.314,9999.000,9999.000,9999.000,9999.000,9999.000,9999.000,9999.000,9999.000
202604221100,   9.443,9999.000,  -0.900,   0.261,   8.804,  -0.900,   8.804,  -0.800,   8.904
202604221106,   9.566,9999.000,9999.000,9999.000,9999.000,9999.000,9999.000,9999.000,9999.000
202604221112,   9.682,9999.000,9999.000,9999.000,9999.000,9999.000,9999.000,9999.000,9999.000
202604221118,   9.791,9999.000,9999.000,9999.000,9999.000,9999.000,9999.000,9999.000,9999.000
202604221124,   9.893,9999.000,9999.000,9999.000,9999.000,9999.000,9999.000,9999.000,9999.000
202604221130,   9.986,9999.000,9999.000,9999.000,9999.000,9999.000,9999.000,9999.000,9999.000
202604221136,  10.071,9999.000,9999.000,9999.000,9999.000,9999.000,9999.000,9999.000,9999.000
202604221142,  10.148,9999.000,9999.000,9999.000,9999.000,9999.000,9999.000,9999.000,9999.000
202604221148,  10.216,9999.000,9999.000,9999.000,9999.000,9999.000,9999.000,9999.000,9999.000
202604221154,  10.275,9999.000,9999.000,9999.000,9999.000,9999.000,9999.000,9999.000,9999.000
202604221200,  10.324,9999.000,  -0.900,   0.262,   9.686,  -0.900,   9.686,  -0.800,   9.786
202604221206,  10.365,9999.000,9999.000,9999.000,9999.000,9999.000,9999.000,9999.000,9999.000
202604221212,  10.395,9999.000,9999.000,9999.000,9999.000,9999.000,9999.000,9999.000,9999.000
202604221218,  10.416,9999.000,9999.000,9999.000,9999.000,9999.000,9999.000,9999.000,9999.000
202604221224,  10.427,9999.000,9999.000,9999.000,9999.000,9999.000,9999.000,9999.000,9999.000
202604221230,  10.428,9999.000,9999.000,9999.000,9999.000,9999.000,9999.000,9999.000,9999.000
202604221236,  10.418,9999.000,9999.000,9999.000,9999.000,9999.000,9999.000,9999.000,9999.000
202604221242,  10.399,9999.000,9999.000,9999.000,9999.000,9999.000,9999.000,9999.000,9999.000
202604221248,  10.369,9999.000,9999.000,9999.000,9999.000,9999.000,9999.000,9999.000,9999.000
202604221254,  10.329,9999.000,9999.000,9999.000,9999.000,9999.000,9999.000,9999.000,9999.000
202604221300,  10.278,9999.000,  -0.900,   0.270,   9.648,  -1.000,   9.548,  -0.900,   9.648
202604221306,  10.217,9999.000,9999.000,9999.000,9999.000,9999.000,9999.000,9999.000,9999.000
202604221312,  10.146,9999.000,9999.000,9999.000,9999.000,9999.000,9999.000,9999.000,9999.000
202604221318,  10.065,9999.000,9999.000,9999.000,9999.000,9999.000,9999.000,9999.000,9999.000
202604221324,   9.974,9999.000,9999.000,9999.000,9999.000,9999.000,9999.000,9999.000,9999.000
202604221330,   9.873,9999.000,9999.000,9999.000,9999.000,9999.000,9999.000,9999.000,9999.000
202604221336,   9.762,9999.000,9999.000,9999.000,9999.000,9999.000,9999.000,9999.000,9999.000
202604221342,   9.642,9999.000,9999.000,9999.000,9999.000,9999.000,9999.000,9999.000,9999.000
202604221348,   9.512,9999.000,9999.000,9999.000,9999.000,9999.000,9999.000,9999.000,9999.000
202604221354,   9.373,9999.000,9999.000,9999.000,9999.000,9999.000,9999.000,9999.000,9999.000
202604221400,   9.225,9999.000,  -1.000,   0.246,   8.471,  -1.100,   8.371,  -0.900,   8.571
202604221406,   9.068,9999.000,9999.000,9999.000,9999.000,9999.000,9999.000,9999.000,9999.000
202604221412,   8.903,9999.000,9999.000,9999.000,9999.000,9999.000,9999.000,9999.000,9999.000
202604221418,   8.729,9999.000,9999.000,9999.000,9999.000,9999.000,9999.000,9999.000,9999.000
202604221424,   8.548,9999.000,9999.000,9999.000,9999.000,9999.000,9999.000,9999.000,9999.000
202604221430,   8.360,9999.000,9999.000,9999.000,9999.000,9999.000,9999.000,9999.000,9999.000
202604221436,   8.164,9999.000,9999.000,9999.000,9999.000,9999.000,9999.000,9999.000,9999.000
202604221442,   7.962,9999.000,9999.000,9999.000,9999.000,9999.000,9999.000,9999.000,9999.000
202604221448,   7.753,9999.000,9999.000,9999.000,9999.000,9999.000,9999.000,9999.000,9999.000
202604221454,   7.538,9999.000,9999.000,9999.000,9999.000,9999.000,9999.000,9999.000,9999.000
202604221500,   7.318,9999.000,  -1.100,   0.167,   6.385,  -1.100,   6.385,  -1.000,   6.485
202604221506,   7.092,9999.000,9999.000,9999.000,9999.000,9999.000,9999.000,9999.000,9999.000
202604221512,   6.862,9999.000,9999.000,9999.000,9999.000,9999.000,9999.000,9999.000,9999.000
202604221518,   6.628,9999.000,9999.000,9999.000,9999.000,9999.000,9999.000,9999.000,9999.000
202604221524,   6.390,9999.000,9999.000,9999.000,9999.000,9999.000,9999.000,9999.000,9999.000
202604221530,   6.149,9999.000,9999.000,9999.000,9999.000,9999.000,9999.000,9999.000,9999.000
202604221536,   5.905,9999.000,9999.000,9999.000,9999.000,9999.000,9999.000,9999.000,9999.000
202604221542,   5.659,9999.000,9999.000,9999.000,9999.000,9999.000,9999.000,9999.000,9999.000
202604221548,   5.411,9999.000,9999.000,9999.000,9999.000,9999.000,9999.000,9999.000,9999.000
202604221554,   5.162,9999.000,9999.000,9999.000,9999.000,9999.000,9999.000,9999.000,9999.000
202604221600,   4.912,9999.000,  -1.100,   0.071,   3.883,  -1.200,   3.783,  -1.000,   3.983
202604221606,   4.662,9999.000,9999.000,9999.000,9999.000,9999.000,9999.000,9999.000,9999.000
202604221612,   4.412,9999.000,9999.000,9999.000,9999.000,9999.000,9999.000,9999.000,9999.000
202604221618,   4.162,9999.000,9999.000,9999.000,9999.000,9999.000,9999.000,9999.000,9999.000
202604221624,   3.914,9999.000,9999.000,9999.000,9999.000,9999.000,9999.000,9999.000,9999.000
202604221630,   3.668,9999.000,9999.000,9999.000,9999.000,9999.000,9999.000,9999.000,9999.000
202604221636,   3.424,9999.000,9999.000,9999.000,9999.000,9999.000,9999.000,9999.000,9999.000
202604221642,   3.183,9999.000,9999.000,9999.000,9999.000,9999.000,9999.000,9999.000,9999.000
202604221648,   2.944,9999.000,9999.000,9999.000,9999.000,9999.000,9999.000,9999.000,9999.000
202604221654,   2.710,9999.000,9999.000,9999.000,9999.000,9999.000,9999.000,9999.000,9999.000
202604221700,   2.480,9999.000,  -1.100,   0.029,   1.409,  -1.200,   1.309,  -1.100,   1.409
202604221706,   2.254,9999.000,9999.000,9999.000,9999.000,9999.000,9999.000,9999.000,9999.000
202604221712,   2.033,9999.000,9999.000,9999.000,9999.000,9999.000,9999.000,9999.000,9999.000
202604221718,   1.818,9999.000,9999.000,9999.000,9999.000,9999.000,9999.000,9999.000,9999.000
202604221724,   1.609,9999.000,9999.000,9999.000,9999.000,9999.000,9999.000,9999.000,9999.000
202604221730,   1.407,9999.000,9999.000,9999.000,9999.000,9999.000,9999.000,9999.000,9999.000
202604221736,   1.211,9999.000,9999.000,9999.000,9999.000,9999.000,9999.000,9999.000,9999.000
202604221742,   1.022,9999.000,9999.000,9999.000,9999.000,9999.000,9999.000,9999.000,9999.000
202604221748,   0.841,9999.000,9999.000,9999.000,9999.000,9999.000,9999.000,9999.000,9999.000
202604221754,   0.667,9999.000,9999.000,9999.000,9999.000,9999.000,9999.000,9999.000,9999.000
202604221800,   0.502,9999.000,  -1.100,   0.046,  -0.552,  -1.200,  -0.652,  -1.100,  -0.552
202604221806,   0.345,9999.000,9999.000,9999.000,9999.000,9999.000,9999.000,9999.000,9999.000
202604221812,   0.197,9999.000,9999.000,9999.000,9999.000,9999.000,9999.000,9999.000,9999.000
202604221818,   0.058,9999.000,9999.000,9999.000,9999.000,9999.000,9999.000,9999.000,9999.000
202604221824,  -0.071,9999.000,9999.000,9999.000,9999.000,9999.000,9999.000,9999.000,9999.000
202604221830,  -0.191,9999.000,9999.000,9999.000,9999.000,9999.000,9999.000,9999.000,9999.000
202604221836,  -0.301,9999.000,9999.000,9999.000,9999.000,9999.000,9999.000,9999.000,9999.000
202604221842,  -0.402,9999.000,9999.000,9999.000,9999.000,9999.000,9999.000,9999.000,9999.000
202604221848,  -0.492,9999.000,9999.000,9999.000,9999.000,9999.000,9999.000,9999.000,9999.000
202604221854,  -0.572,9999.000,9999.000,9999.000,9999.000,9999.000,9999.000,9999.000,9999.000
202604221900,  -0.642,9999.000,  -1.100,   0.054,  -1.688,  -1.200,  -1.788,  -1.100,  -1.688
202604221906,  -0.701,9999.000,9999.000,9999.000,9999.000,9999.000,9999.000,9999.000,9999.000
202604221912,  -0.750,9999.000,9999.000,9999.000,9999.000,9999.000,9999.000,9999.000,9999.000
202604221918,  -0.788,9999.000,9999.000,9999.000,9999.000,9999.000,9999.000,9999.000,9999.000
202604221924,  -0.816,9999.000,9999.000,9999.000,9999.000,9999.000,9999.000,9999.000,9999.000
202604221930,  -0.833,9999.000,9999.000,9999.000,9999.000,9999.000,9999.000,9999.000,9999.000
202604221936,  -0.839,9999.000,9999.000,9999.000,9999.000,9999.000,9999.000,9999.000,9999.000
202604221942,  -0.835,9999.000,9999.000,9999.000,9999.000,9999.000,9999.000,9999.000,9999.000
202604221948,  -0.821,9999.000,9999.000,9999.000,9999.000,9999.000,9999.000,9999.000,9999.000
202604221954,  -0.796,9999.000,9999.000,9999.000,9999.000,9999.000,9999.000,9999.000,9999.000
202604222000,  -0.761,9999.000,  -1.100,   0.021,  -1.840,  -1.200,  -1.940,  -1.100,  -1.840
202604222006,  -0.716,9999.000,9999.000,9999.000,9999.000,9999.000,9999.000,9999.000,9999.000
202604222012,  -0.661,9999.000,9999.000,9999.000,9999.000,9999.000,9999.000,9999.000,9999.000
202604222018,  -0.596,9999.000,9999.000,9999.000,9999.000,9999.000,9999.000,9999.000,9999.000
202604222024,  -0.522,9999.000,9999.000,9999.000,9999.000,9999.000,9999.000,9999.000,9999.000
202604222030,  -0.438,9999.000,9999.000,9999.000,9999.000,9999.000,9999.000,9999.000,9999.000
202604222036,  -0.345,9999.000,9999.000,9999.000,9999.000,9999.000,9999.000,9999.000,9999.000
202604222042,  -0.243,9999.000,9999.000,9999.000,9999.000,9999.000,9999.000,9999.000,9999.000
202604222048,  -0.133,9999.000,9999.000,9999.000,9999.000,9999.000,9999.000,9999.000,9999.000
202604222054,  -0.015,9999.000,9999.000,9999.000,9999.000,9999.000,9999.000,9999.000,9999.000
202604222100,   0.110,9999.000,  -1.100,  -0.007,  -0.997,  -1.200,  -1.097,  -1.100,  -0.997
202604222106,   0.244,9999.000,9999.000,9999.000,9999.000,9999.000,9999.000,9999.000,9999.000
202604222112,   0.385,9999.000,9999.000,9999.000,9999.000,9999.000,9999.000,9999.000,9999.000
202604222118,   0.533,9999.000,9999.000,9999.000,9999.000,9999.000,9999.000,9999.000,9999.000
202604222124,   0.688,9999.000,9999.000,9999.000,9999.000,9999.000,9999.000,9999.000,9999.000
202604222130,   0.849,9999.000,9999.000,9999.000,9999.000,9999.000,9999.000,9999.000,9999.000
202604222136,   1.015,9999.000,9999.000,9999.000,9999.000,9999.000,9999.000,9999.000,9999.000
202604222142,   1.187,9999.000,9999.000,9999.000,9999.000,9999.000,9999.000,9999.000,9999.000
202604222148,   1.363,9999.000,9999.000,9999.000,9999.000,9999.000,9999.000,9999.000,9999.000
202604222154,   1.544,9999.000,9999.000,9999.000,9999.000,9999.000,9999.000,9999.000,9999.000
202604222200,   1.729,9999.000,  -1.100,   0.007,   0.636,  -1.200,   0.536,  -1.100,   0.636
202604222206,   1.918,9999.000,9999.000,9999.000,9999.000,9999.000,9999.000,9999.000,9999.000
202604222212,   2.110,9999.000,9999.000,9999.000,9999.000,9999.000,9999.000,9999.000,9999.000
202604222218,   2.304,9999.000,9999.000,9999.000,9999.000,9999.000,9999.000,9999.000,9999.000
202604222224,   2.501,9999.000,9999.000,9999.000,9999.000,9999.000,9999.000,9999.000,9999.000
202604222230,   2.699,9999.000,9999.000,9999.000,9999.000,9999.000,9999.000,9999.000,9999.000
202604222236,   2.899,9999.000,9999.000,9999.000,9999.000,9999.000,9999.000,9999.000,9999.000
202604222242,   3.100,9999.000,9999.000,9999.000,9999.000,9999.000,9999.000,9999.000,9999.000
202604222248,   3.301,9999.000,9999.000,9999.000,9999.000,9999.000,9999.000,9999.000,9999.000
202604222254,   3.502,9999.000,9999.000,9999.000,9999.000,9999.000,9999.000,9999.000,9999.000
202604222300,   3.702,9999.000,  -1.100,   0.034,   2.636,  -1.200,   2.536,  -1.100,   2.636
202604222306,   3.902,9999.000,9999.000,9999.000,9999.000,9999.000,9999.000,9999.000,9999.000
202604222312,   4.100,9999.000,9999.000,9999.000,9999.000,9999.000,9999.000,9999.000,9999.000
202604222318,   4.297,9999.000,9999.000,9999.000,9999.000,9999.000,9999.000,9999.000,9999.000
202604222324,   4.491,9999.000,9999.000,9999.000,9999.000,9999.000,9999.000,9999.000,9999.000
202604222330,   4.683,9999.000,9999.000,9999.000,9999.000,9999.000,9999.000,9999.000,9999.000
202604222336,   4.871,9999.000,9999.000,9999.000,9999.000,9999.000,9999.000,9999.000,9999.000
202604222342,   5.056,9999.000,9999.000,9999.000,9999.000,9999.000,9999.000,9999.000,9999.000
202604222348,   5.238,9999.000,9999.000,9999.000,9999.000,9999.000,9999.000,9999.000,9999.000
202604222354,   5.415,9999.000,9999.000,9999.000,9999.000,9999.000,9999.000,9999.000,9999.000
202604230000,   5.588,9999.000,  -1.100,   0.053,   4.541,  -1.200,   4.441,  -1.100,   4.541
202604230006,   5.756,9999.000,9999.000,9999.000,9999.000,9999.000,9999.000,9999.000,9999.000
202604230012,   5.918,9999.000,9999.000,9999.000,9999.000,9999.000,9999.000,9999.000,9999.000
202604230018,   6.075,9999.000,9999.000,9999.000,9999.000,9999.000,9999.000,9999.000,9999.000
202604230024,   6.226,9999.000,9999.000,9999.000,9999.000,9999.000,9999.000,9999.000,9999.000
202604230030,   6.372,9999.000,9999.000,9999.000,9999.000,9999.000,9999.000,9999.000,9999.000
202604230036,   6.511,9999.000,9999.000,9999.000,9999.000,9999.000,9999.000,9999.000,9999.000
202604230042,   6.643,9999.000,9999.000,9999.000,9999.000,9999.000,9999.000,9999.000,9999.000
202604230048,   6.768,9999.000,9999.000,9999.000,9999.000,9999.000,9999.000,9999.000,9999.000
202604230054,   6.887,9999.000,9999.000,9999.000,9999.000,9999.000,9999.000,9999.000,9999.000
202604230100,   6.998,9999.000,  -1.100,   0.101,   5.999,  -1.200,   5.899,  -1.100,   5.999
202604230106,   7.102,9999.000,9999.000,9999.000,9999.000,9999.000,9999.000,9999.000,9999.000
202604230112,   7.199,9999.000,9999.000,9999.000,9999.000,9999.000,9999.000,9999.000,9999.000
202604230118,   7.287,9999.000,9999.000,9999.000,9999.000,9999.000,9999.000,9999.000,9999.000
202604230124,   7.369,9999.000,9999.000,9999.000,9999.000,9999.000,9999.000,9999.000,9999.000
202604230130,   7.442,9999.000,9999.000,9999.000,9999.000,9999.000,9999.000,9999.000,9999.000
202604230136,   7.507,9999.000,9999.000,9999.000,9999.000,9999.000,9999.000,9999.000,9999.000
202604230142,   7.565,9999.000,9999.000,9999.000,9999.000,9999.000,9999.000,9999.000,9999.000
202604230148,   7.615,9999.000,9999.000,9999.000,9999.000,9999.000,9999.000,9999.000,9999.000
202604230154,   7.656,9999.000,9999.000,9999.000,9999.000,9999.000,9999.000,9999.000,9999.000
202604230200,   7.690,9999.000,  -1.100,   0.195,   6.785,  -1.200,   6.685,  -1.100,   6.785
202604230206,   7.716,9999.000,9999.000,9999.000,9999.000,9999.000,9999.000,9999.000,9999.000
202604230212,   7.735,9999.000,9999.000,9999.000,9999.000,9999.000,9999.000,9999.000,9999.000
202604230218,   7.745,9999.000,9999.000,9999.000,9999.000,9999.000,9999.000,9999.000,9999.000
202604230224,   7.748,9999.000,9999.000,9999.000,9999.000,9999.000,9999.000,9999.000,9999.000
202604230230,   7.744,9999.000,9999.000,9999.000,9999.000,9999.000,9999.000,9999.000,9999.000
202604230236,   7.732,9999.000,9999.000,9999.000,9999.000,9999.000,9999.000,9999.000,9999.000
202604230242,   7.713,9999.000,9999.000,9999.000,9999.000,9999.000,9999.000,9999.000,9999.000
202604230248,   7.687,9999.000,9999.000,9999.000,9999.000,9999.000,9999.000,9999.000,9999.000
202604230254,   7.654,9999.000,9999.000,9999.000,9999.000,9999.000,9999.000,9999.000,9999.000
202604230300,   7.615,9999.000,  -1.200,   0.288,   6.703,  -1.200,   6.703,  -1.100,   6.803
202604230306,   7.570,9999.000,9999.000,9999.000,9999.000,9999.000,9999.000,9999.000,9999.000
202604230312,   7.518,9999.000,9999.000,9999.000,9999.000,9999.000,9999.000,9999.000,9999.000
202604230318,   7.460,9999.000,9999.000,9999.000,9999.000,9999.000,9999.000,9999.000,9999.000
202604230324,   7.397,9999.000,9999.000,9999.000,9999.000,9999.000,9999.000,9999.000,9999.000
202604230330,   7.329,9999.000,9999.000,9999.000,9999.000,9999.000,9999.000,9999.000,9999.000
202604230336,   7.256,9999.000,9999.000,9999.000,9999.000,9999.000,9999.000,9999.000,9999.000
202604230342,   7.178,9999.000,9999.000,9999.000,9999.000,9999.000,9999.000,9999.000,9999.000
202604230348,   7.096,9999.000,9999.000,9999.000,9999.000,9999.000,9999.000,9999.000,9999.000
202604230354,   7.009,9999.000,9999.000,9999.000,9999.000,9999.000,9999.000,9999.000,9999.000
202604230400,   6.920,9999.000,  -1.200,   0.339,   6.059,  -1.200,   6.059,  -1.100,   6.159
202604230406,   6.826,9999.000,9999.000,9999.000,9999.000,9999.000,9999.000,9999.000,9999.000
202604230412,   6.730,9999.000,9999.000,9999.000,9999.000,9999.000,9999.000,9999.000,9999.000
202604230418,   6.632,9999.000,9999.000,9999.000,9999.000,9999.000,9999.000,9999.000,9999.000
202604230424,   6.531,9999.000,9999.000,9999.000,9999.000,9999.000,9999.000,9999.000,9999.000
202604230430,   6.428,9999.000,9999.000,9999.000,9999.000,9999.000,9999.000,9999.000,9999.000
202604230436,   6.324,9999.000,9999.000,9999.000,9999.000,9999.000,9999.000,9999.000,9999.000
202604230442,   6.218,9999.000,9999.000,9999.000,9999.000,9999.000,9999.000,9999.000,9999.000
202604230448,   6.112,9999.000,9999.000,9999.000,9999.000,9999.000,9999.000,9999.000,9999.000
202604230454,   6.006,9999.000,9999.000,9999.000,9999.000,9999.000,9999.000,9999.000,9999.000
202604230500,   5.900,9999.000,  -1.200,   0.380,   5.080,  -1.300,   4.980,  -1.100,   5.180
202604230506,   5.794,9999.000,9999.000,9999.000,9999.000,9999.000,9999.000,9999.000,9999.000
202604230512,   5.689,9999.000,9999.000,9999.000,9999.000,9999.000,9999.000,9999.000,9999.000
202604230518,   5.585,9999.000,9999.000,9999.000,9999.000,9999.000,9999.000,9999.000,9999.000
202604230524,   5.482,9999.000,9999.000,9999.000,9999.000,9999.000,9999.000,9999.000,9999.000
202604230530,   5.382,9999.000,9999.000,9999.000,9999.000,9999.000,9999.000,9999.000,9999.000
202604230536,   5.284,9999.000,9999.000,9999.000,9999.000,9999.000,9999.000,9999.000,9999.000
202604230542,   5.188,9999.000,9999.000,9999.000,9999.000,9999.000,9999.000,9999.000,9999.000
202604230548,   5.095,9999.000,9999.000,9999.000,9999.000,9999.000,9999.000,9999.000,9999.000
202604230554,   5.006,9999.000,9999.000,9999.000,9999.000,9999.000,9999.000,9999.000,9999.000
202604230600,   4.919,9999.000,  -1.200,   0.445,   4.164,  -1.300,   4.064,  -1.100,   4.264
202604230606,   4.837,9999.000,9999.000,9999.000,9999.000,9999.000,9999.000,9999.000,9999.000
202604230612,   4.759,9999.000,9999.000,9999.000,9999.000,9999.000,9999.000,9999.000,9999.000
202604230618,   4.686,9999.000,9999.000,9999.000,9999.000,9999.000,9999.000,9999.000,9999.000
202604230624,   4.617,9999.000,9999.000,9999.000,9999.000,9999.000,9999.000,9999.000,9999.000
202604230630,   4.552,9999.000,9999.000,9999.000,9999.000,9999.000,9999.000,9999.000,9999.000
202604230636,   4.494,9999.000,9999.000,9999.000,9999.000,9999.000,9999.000,9999.000,9999.000
202604230642,   4.440,9999.000,9999.000,9999.000,9999.000,9999.000,9999.000,9999.000,9999.000
202604230648,   4.392,9999.000,9999.000,9999.000,9999.000,9999.000,9999.000,9999.000,9999.000
202604230654,   4.350,9999.000,9999.000,9999.000,9999.000,9999.000,9999.000,9999.000,9999.000
202604230700,   4.314,9999.000,  -1.200,   0.496,   3.610,  -1.300,   3.510,  -1.200,   3.610
202604230706,   4.283,9999.000,9999.000,9999.000,9999.000,9999.000,9999.000,9999.000,9999.000
202604230712,   4.260,9999.000,9999.000,9999.000,9999.000,9999.000,9999.000,9999.000,9999.000
202604230718,   4.242,9999.000,9999.000,9999.000,9999.000,9999.000,9999.000,9999.000,9999.000
202604230724,   4.231,9999.000,9999.000,9999.000,9999.000,9999.000,9999.000,9999.000,9999.000
202604230730,   4.226,9999.000,9999.000,9999.000,9999.000,9999.000,9999.000,9999.000,9999.000
202604230736,   4.228,9999.000,9999.000,9999.000,9999.000,9999.000,9999.000,9999.000,9999.000
202604230742,   4.236,9999.000,9999.000,9999.000,9999.000,9999.000,9999.000,9999.000,9999.000
202604230748,   4.252,9999.000,9999.000,9999.000,9999.000,9999.000,9999.000,9999.000,9999.000
202604230754,   4.273,9999.000,9999.000,9999.000,9999.000,9999.000,9999.000,9999.000,9999.000
202604230800,   4.302,9999.000,  -1.300,   0.483,   3.485,  -1.400,   3.385,  -1.200,   3.585
202604230806,   4.337,9999.000,9999.000,9999.000,9999.000,9999.000,9999.000,9999.000,9999.000
202604230812,   4.378,9999.000,9999.000,9999.000,9999.000,9999.000,9999.000,9999.000,9999.000
202604230818,   4.426,9999.000,9999.000,9999.000,9999.000,9999.000,9999.000,9999.000,9999.000
202604230824,   4.480,9999.000,9999.000,9999.000,9999.000,9999.000,9999.000,9999.000,9999.000
202604230830,   4.541,9999.000,9999.000,9999.000,9999.000,9999.000,9999.000,9999.000,9999.000
202604230836,   4.607,9999.000,9999.000,9999.000,9999.000,9999.000,9999.000,9999.000,9999.000
202604230842,   4.680,9999.000,9999.000,9999.000,9999.000,9999.000,9999.000,9999.000,9999.000
202604230848,   4.758,9999.000,9999.000,9999.000,9999.000,9999.000,9999.000,9999.000,9999.000
202604230854,   4.842,9999.000,9999.000,9999.000,9999.000,9999.000,9999.000,9999.000,9999.000
202604230900,   4.932,9999.000,  -1.300,   0.414,   4.046,  -1.400,   3.946,  -1.200,   4.146
202604230906,   5.026,9999.000,9999.000,9999.000,9999.000,9999.000,9999.000,9999.000,9999.000
202604230912,   5.126,9999.000,9999.000,9999.000,9999.000,9999.000,9999.000,9999.000,9999.000
202604230918,   5.230,9999.000,9999.000,9999.000,9999.000,9999.000,9999.000,9999.000,9999.000
202604230924,   5.339,9999.000,9999.000,9999.000,9999.000,9999.000,9999.000,9999.000,9999.000
202604230930,   5.451,9999.000,9999.000,9999.000,9999.000,9999.000,9999.000,9999.000,9999.000
202604230936,   5.568,9999.000,9999.000,9999.000,9999.000,9999.000,9999.000,9999.000,9999.000
202604230942,   5.688,9999.000,9999.000,9999.000,9999.000,9999.000,9999.000,9999.000,9999.000
202604230948,   5.812,9999.000,9999.000,9999.000,9999.000,9999.000,9999.000,9999.000,9999.000
202604230954,   5.939,9999.000,9999.000,9999.000,9999.000,9999.000,9999.000,9999.000,9999.000
202604231000,   6.068,9999.000,  -1.300,   0.340,   5.108,  -1.300,   5.108,  -1.200,   5.208
202604231006,   6.199,9999.000,9999.000,9999.000,9999.000,9999.000,9999.000,9999.000,9999.000
202604231012,   6.333,9999.000,9999.000,9999.000,9999.000,9999.000,9999.000,9999.000,9999.000
202604231018,   6.468,9999.000,9999.000,9999.000,9999.000,9999.000,9999.000,9999.000,9999.000
202604231024,   6.604,9999.000,9999.000,9999.000,9999.000,9999.000,9999.000,9999.000,9999.000
202604231030,   6.741,9999.000,9999.000,9999.000,9999.000,9999.000,9999.000,9999.000,9999.000
202604231036,   6.878,9999.000,9999.000,9999.000,9999.000,9999.000,9999.000,9999.000,9999.000
202604231042,   7.016,9999.000,9999.000,9999.000,9999.000,9999.000,9999.000,9999.000,9999.000
202604231048,   7.153,9999.000,9999.000,9999.000,9999.000,9999.000,9999.000,9999.000,9999.000
202604231054,   7.290,9999.000,9999.000,9999.000,9999.000,9999.000,9999.000,9999.000,9999.000
202604231100,   7.426,9999.000,  -1.300,   0.290,   6.416,  -1.300,   6.416,  -1.200,   6.516
202604231106,   7.560,9999.000,9999.000,9999.000,9999.000,9999.000,9999.000,9999.000,9999.000
202604231112,   7.692,9999.000,9999.000,9999.000,9999.000,9999.000,9999.000,9999.000,9999.000
202604231118,   7.822,9999.000,9999.000,9999.000,9999.000,9999.000,9999.000,9999.000,9999.000
202604231124,   7.950,9999.000,9999.000,9999.000,9999.000,9999.000,9999.000,9999.000,9999.000
202604231130,   8.075,9999.000,9999.000,9999.000,9999.000,9999.000,9999.000,9999.000,9999.000
202604231136,   8.196,9999.000,9999.000,9999.000,9999.000,9999.000,9999.000,9999.000,9999.000
202604231142,   8.314,9999.000,9999.000,9999.000,9999.000,9999.000,9999.000,9999.000,9999.000
202604231148,   8.428,9999.000,9999.000,9999.000,9999.000,9999.000,9999.000,9999.000,9999.000
202604231154,   8.538,9999.000,9999.000,9999.000,9999.000,9999.000,9999.000,9999.000,9999.000
202604231200,   8.643,9999.000,  -1.200,   0.268,   7.711,  -1.300,   7.611,  -1.200,   7.711
202604231206,   8.742,9999.000,9999.000,9999.000,9999.000,9999.000,9999.000,9999.000,9999.000
202604231212,   8.837,9999.000,9999.000,9999.000,9999.000,9999.000,9999.000,9999.000,9999.000
202604231218,   8.926,9999.000,9999.000,9999.000,9999.000,9999.000,9999.000,9999.000,9999.000
202604231224,   9.009,9999.000,9999.000,9999.000,9999.000,9999.000,9999.000,9999.000,9999.000
202604231230,   9.086,9999.000,9999.000,9999.000,9999.000,9999.000,9999.000,9999.000,9999.000
202604231236,   9.157,9999.000,9999.000,9999.000,9999.000,9999.000,9999.000,9999.000,9999.000
202604231242,   9.220,9999.000,9999.000,9999.000,9999.000,9999.000,9999.000,9999.000,9999.000
202604231248,   9.277,9999.000,9999.000,9999.000,9999.000,9999.000,9999.000,9999.000,9999.000
202604231254,   9.327,9999.000,9999.000,9999.000,9999.000,9999.000,9999.000,9999.000,9999.000
202604231300,   9.370,9999.000,  -1.200,   0.259,   8.429,  -1.300,   8.329,  -1.200,   8.429
202604231306,   9.405,9999.000,9999.000,9999.000,9999.000,9999.000,9999.000,9999.000,9999.000
202604231312,   9.432,9999.000,9999.000,9999.000,9999.000,9999.000,9999.000,9999.000,9999.000
202604231318,   9.451,9999.000,9999.000,9999.000,9999.000,9999.000,9999.000,9999.000,9999.000
202604231324,   9.463,9999.000,9999.000,9999.000,9999.000,9999.000,9999.000,9999.000,9999.000
202604231330,   9.466,9999.000,9999.000,9999.000,9999.000,9999.000,9999.000,9999.000,9999.000
202604231336,   9.461,9999.000,9999.000,9999.000,9999.000,9999.000,9999.000,9999.000,9999.000
202604231342,   9.448,9999.000,9999.000,9999.000,9999.000,9999.000,9999.000,9999.000,9999.000
202604231348,   9.427,9999.000,9999.000,9999.000,9999.000,9999.000,9999.000,9999.000,9999.000
202604231354,   9.397,9999.000,9999.000,9999.000,9999.000,9999.000,9999.000,9999.000,9999.000
202604231400,   9.359,9999.000,  -1.200,   0.224,   8.383,  -1.300,   8.283,  -1.200,   8.383
202604231406,   9.312,9999.000,9999.000,9999.000,9999.000,9999.000,9999.000,9999.000,9999.000
202604231412,   9.257,9999.000,9999.000,9999.000,9999.000,9999.000,9999.000,9999.000,9999.000
202604231418,   9.194,9999.000,9999.000,9999.000,9999.000,9999.000,9999.000,9999.000,9999.000
202604231424,   9.122,9999.000,9999.000,9999.000,9999.000,9999.000,9999.000,9999.000,9999.000
202604231430,   9.043,9999.000,9999.000,9999.000,9999.000,9999.000,9999.000,9999.000,9999.000
202604231436,   8.955,9999.000,9999.000,9999.000,9999.000,9999.000,9999.000,9999.000,9999.000
202604231442,   8.859,9999.000,9999.000,9999.000,9999.000,9999.000,9999.000,9999.000,9999.000
202604231448,   8.756,9999.000,9999.000,9999.000,9999.000,9999.000,9999.000,9999.000,9999.000
202604231454,   8.645,9999.000,9999.000,9999.000,9999.000,9999.000,9999.000,9999.000,9999.000
202604231500,   8.526,9999.000,  -1.300,   0.134,   7.360,  -1.300,   7.360,  -1.200,   7.460
202604231506,   8.400,9999.000,9999.000,9999.000,9999.000,9999.000,9999.000,9999.000,9999.000
202604231512,   8.267,9999.000,9999.000,9999.000,9999.000,9999.000,9999.000,9999.000,9999.000
202604231518,   8.127,9999.000,9999.000,9999.000,9999.000,9999.000,9999.000,9999.000,9999.000
202604231524,   7.980,9999.000,9999.000,9999.000,9999.000,9999.000,9999.000,9999.000,9999.000
202604231530,   7.827,9999.000,9999.000,9999.000,9999.000,9999.000,9999.000,9999.000,9999.000
202604231536,   7.668,9999.000,9999.000,9999.000,9999.000,9999.000,9999.000,9999.000,9999.000
202604231542,   7.503,9999.000,9999.000,9999.000,9999.000,9999.000,9999.000,9999.000,9999.000
202604231548,   7.332,9999.000,9999.000,9999.000,9999.000,9999.000,9999.000,9999.000,9999.000
202604231554,   7.157,9999.000,9999.000,9999.000,9999.000,9999.000,9999.000,9999.000,9999.000
202604231600,   6.976,9999.000,  -1.300,   0.029,   5.705,  -1.400,   5.605,  -1.200,   5.805
202604231606,   6.791,9999.000,9999.000,9999.000,9999.000,9999.000,9999.000,9999.000,9999.000
202604231612,   6.601,9999.000,9999.000,9999.000,9999.000,9999.000,9999.000,9999.000,9999.000
202604231618,   6.408,9999.000,9999.000,9999.000,9999.000,9999.000,9999.000,9999.000,9999.000
202604231624,   6.212,9999.000,9999.000,9999.000,9999.000,9999.000,9999.000,9999.000,9999.000
202604231630,   6.012,9999.000,9999.000,9999.000,9999.000,9999.000,9999.000,9999.000,9999.000
202604231636,   5.809,9999.000,9999.000,9999.000,9999.000,9999.000,9999.000,9999.000,9999.000
202604231642,   5.605,9999.000,9999.000,9999.000,9999.000,9999.000,9999.000,9999.000,9999.000
202604231648,   5.398,9999.000,9999.000,9999.000,9999.000,9999.000,9999.000,9999.000,9999.000
202604231654,   5.190,9999.000,9999.000,9999.000,9999.000,9999.000,9999.000,9999.000,9999.000
202604231700,   4.981,9999.000,  -1.300,  -0.015,   3.666,  -1.400,   3.566,  -1.200,   3.766
202604231706,   4.771,9999.000,9999.000,9999.000,9999.000,9999.000,9999.000,9999.000,9999.000
202604231712,   4.560,9999.000,9999.000,9999.000,9999.000,9999.000,9999.000,9999.000,9999.000
202604231718,   4.350,9999.000,9999.000,9999.000,9999.000,9999.000,9999.000,9999.000,9999.000
202604231724,   4.141,9999.000,9999.000,9999.000,9999.000,9999.000,9999.000,9999.000,9999.000
202604231730,   3.932,9999.000,9999.000,9999.000,9999.000,9999.000,9999.000,9999.000,9999.000
202604231736,   3.725,9999.000,9999.000,9999.000,9999.000,9999.000,9999.000,9999.000,9999.000
202604231742,   3.520,9999.000,9999.000,9999.000,9999.000,9999.000,9999.000,9999.000,9999.000
202604231748,   3.316,9999.000,9999.000,9999.000,9999.000,9999.000,9999.000,9999.000,9999.000
202604231754,   3.116,9999.000,9999.000,9999.000,9999.000,9999.000,9999.000,9999.000,9999.000
202604231800,   2.918,9999.000,  -1.300,   0.005,   1.623,  -1.400,   1.523,  -1.200,   1.723
202604231806,   2.724,9999.000,9999.000,9999.000,9999.000,9999.000,9999.000,9999.000,9999.000
202604231812,   2.533,9999.000,9999.000,9999.000,9999.000,9999.000,9999.000,9999.000,9999.000
202604231818,   2.347,9999.000,9999.000,9999.000,9999.000,9999.000,9999.000,9999.000,9999.000
202604231824,   2.165,9999.000,9999.000,9999.000,9999.000,9999.000,9999.000,9999.000,9999.000
202604231830,   1.988,9999.000,9999.000,9999.000,9999.000,9999.000,9999.000,9999.000,9999.000
202604231836,   1.816,9999.000,9999.000,9999.000,9999.000,9999.000,9999.000,9999.000,9999.000
202604231842,   1.650,9999.000,9999.000,9999.000,9999.000,9999.000,9999.000,9999.000,9999.000
202604231848,   1.490,9999.000,9999.000,9999.000,9999.000,9999.000,9999.000,9999.000,9999.000
202604231854,   1.336,9999.000,9999.000,9999.000,9999.000,9999.000,9999.000,9999.000,9999.000
202604231900,   1.188,9999.000,  -1.300,   0.023,  -0.089,  -1.400,  -0.189,  -1.200,   0.011
202604231906,   1.047,9999.000,9999.000,9999.000,9999.000,9999.000,9999.000,9999.000,9999.000
202604231912,   0.913,9999.000,9999.000,9999.000,9999.000,9999.000,9999.000,9999.000,9999.000
202604231918,   0.786,9999.000,9999.000,9999.000,9999.000,9999.000,9999.000,9999.000,9999.000
202604231924,   0.667,9999.000,9999.000,9999.000,9999.000,9999.000,9999.000,9999.000,9999.000
202604231930,   0.555,9999.000,9999.000,9999.000,9999.000,9999.000,9999.000,9999.000,9999.000
202604231936,   0.452,9999.000,9999.000,9999.000,9999.000,9999.000,9999.000,9999.000,9999.000
202604231942,   0.356,9999.000,9999.000,9999.000,9999.000,9999.000,9999.000,9999.000,9999.000
202604231948,   0.269,9999.000,9999.000,9999.000,9999.000,9999.000,9999.000,9999.000,9999.000
202604231954,   0.190,9999.000,9999.000,9999.000,9999.000,9999.000,9999.000,9999.000,9999.000
202604232000,   0.120,9999.000,  -1.300,   0.010,  -1.170,  -1.400,  -1.270,  -1.200,  -1.070
202604232006,   0.058,9999.000,9999.000,9999.000,9999.000,9999.000,9999.000,9999.000,9999.000
202604232012,   0.006,9999.000,9999.000,9999.000,9999.000,9999.000,9999.000,9999.000,9999.000
202604232018,  -0.038,9999.000,9999.000,9999.000,9999.000,9999.000,9999.000,9999.000,9999.000
202604232024,  -0.073,9999.000,9999.000,9999.000,9999.000,9999.000,9999.000,9999.000,9999.000
202604232030,  -0.099,9999.000,9999.000,9999.000,9999.000,9999.000,9999.000,9999.000,9999.000
202604232036,  -0.116,9999.000,9999.000,9999.000,9999.000,9999.000,9999.000,9999.000,9999.000
202604232042,  -0.125,9999.000,9999.000,9999.000,9999.000,9999.000,9999.000,9999.000,9999.000
202604232048,  -0.124,9999.000,9999.000,9999.000,9999.000,9999.000,9999.000,9999.000,9999.000
202604232054,  -0.115,9999.000,9999.000,9999.000,9999.000,9999.000,9999.000,9999.000,9999.000
202604232100,  -0.096,9999.000,  -1.300,   0.005,  -1.391,  -1.400,  -1.491,  -1.200,  -1.291
202604232106,  -0.070,9999.000,9999.000,9999.000,9999.000,9999.000,9999.000,9999.000,9999.000
202604232112,  -0.034,9999.000,9999.000,9999.000,9999.000,9999.000,9999.000,9999.000,9999.000
202604232118,   0.009,9999.000,9999.000,9999.000,9999.000,9999.000,9999.000,9999.000,9999.000
202604232124,   0.061,9999.000,9999.000,9999.000,9999.000,9999.000,9999.000,9999.000,9999.000
202604232130,   0.122,9999.000,9999.000,9999.000,9999.000,9999.000,9999.000,9999.000,9999.000
202604232136,   0.191,9999.000,9999.000,9999.000,9999.000,9999.000,9999.000,9999.000,9999.000
202604232142,   0.267,9999.000,9999.000,9999.000,9999.000,9999.000,9999.000,9999.000,9999.000
202604232148,   0.351,9999.000,9999.000,9999.000,9999.000,9999.000,9999.000,9999.000,9999.000
202604232154,   0.443,9999.000,9999.000,9999.000,9999.000,9999.000,9999.000,9999.000,9999.000
202604232200,   0.542,9999.000,  -1.300,   0.024,  -0.734,  -1.400,  -0.834,  -1.200,  -0.634
202604232206,   0.648,9999.000,9999.000,9999.000,9999.000,9999.000,9999.000,9999.000,9999.000
202604232212,   0.760,9999.000,9999.000,9999.000,9999.000,9999.000,9999.000,9999.000,9999.000
202604232218,   0.879,9999.000,9999.000,9999.000,9999.000,9999.000,9999.000,9999.000,9999.000
202604232224,   1.004,9999.000,9999.000,9999.000,9999.000,9999.000,9999.000,9999.000,9999.000
202604232230,   1.135,9999.000,9999.000,9999.000,9999.000,9999.000,9999.000,9999.000,9999.000
202604232236,   1.271,9999.000,9999.000,9999.000,9999.000,9999.000,9999.000,9999.000,9999.000
202604232242,   1.413,9999.000,9999.000,9999.000,9999.000,9999.000,9999.000,9999.000,9999.000
202604232248,   1.559,9999.000,9999.000,9999.000,9999.000,9999.000,9999.000,9999.000,9999.000
202604232254,   1.710,9999.000,9999.000,9999.000,9999.000,9999.000,9999.000,9999.000,9999.000
202604232300,   1.866,9999.000,  -1.300,   0.035,   0.601,  -1.400,   0.501,  -1.200,   0.701
202604232306,   2.025,9999.000,9999.000,9999.000,9999.000,9999.000,9999.000,9999.000,9999.000
202604232312,   2.187,9999.000,9999.000,9999.000,9999.000,9999.000,9999.000,9999.000,9999.000
202604232318,   2.353,9999.000,9999.000,9999.000,9999.000,9999.000,9999.000,9999.000,9999.000
202604232324,   2.521,9999.000,9999.000,9999.000,9999.000,9999.000,9999.000,9999.000,9999.000
202604232330,   2.691,9999.000,9999.000,9999.000,9999.000,9999.000,9999.000,9999.000,9999.000
202604232336,   2.864,9999.000,9999.000,9999.000,9999.000,9999.000,9999.000,9999.000,9999.000
202604232342,   3.038,9999.000,9999.000,9999.000,9999.000,9999.000,9999.000,9999.000,9999.000
202604232348,   3.213,9999.000,9999.000,9999.000,9999.000,9999.000,9999.000,9999.000,9999.000
202604232354,   3.390,9999.000,9999.000,9999.000,9999.000,9999.000,9999.000,9999.000,9999.000
202604240000,   3.566,9999.000,  -1.200,   0.039,   2.405,  -1.300,   2.305,  -1.200,   2.405
202604240006,   3.743,9999.000,9999.000,9999.000,9999.000,9999.000,9999.000,9999.000,9999.000
202604240012,   3.919,9999.000,9999.000,9999.000,9999.000,9999.000,9999.000,9999.000,9999.000
202604240018,   4.095,9999.000,9999.000,9999.000,9999.000,9999.000,9999.000,9999.000,9999.000
202604240024,   4.269,9999.000,9999.000,9999.000,9999.000,9999.000,9999.000,9999.000,9999.000
202604240030,   4.443,9999.000,9999.000,9999.000,9999.000,9999.000,9999.000,9999.000,9999.000
202604240036,   4.614,9999.000,9999.000,9999.000,9999.000,9999.000,9999.000,9999.000,9999.000
202604240042,   4.783,9999.000,9999.000,9999.000,9999.000,9999.000,9999.000,9999.000,9999.000
202604240048,   4.950,9999.000,9999.000,9999.000,9999.000,9999.000,9999.000,9999.000,9999.000
202604240054,   5.114,9999.000,9999.000,9999.000,9999.000,9999.000,9999.000,9999.000,9999.000
202604240100,   5.275,9999.000,  -1.200,   0.085,   4.160,  -1.300,   4.060,  -1.200,   4.160
202604240106,   5.432,9999.000,9999.000,9999.000,9999.000,9999.000,9999.000,9999.000,9999.000
202604240112,   5.586,9999.000,9999.000,9999.000,9999.000,9999.000,9999.000,9999.000,9999.000
202604240118,   5.736,9999.000,9999.000,9999.000,9999.000,9999.000,9999.000,9999.000,9999.000
202604240124,   5.881,9999.000,9999.000,9999.000,9999.000,9999.000,9999.000,9999.000,9999.000
202604240130,   6.022,9999.000,9999.000,9999.000,9999.000,9999.000,9999.000,9999.000,9999.000
202604240136,   6.157,9999.000,9999.000,9999.000,9999.000,9999.000,9999.000,9999.000,9999.000
202604240142,   6.288,9999.000,9999.000,9999.000,9999.000,9999.000,9999.000,9999.000,9999.000
202604240148,   6.414,9999.000,9999.000,9999.000,9999.000,9999.000,9999.000,9999.000,9999.000
202604240154,   6.533,9999.000,9999.000,9999.000,9999.000,9999.000,9999.000,9999.000,9999.000
202604240200,   6.648,9999.000,  -1.300,   0.182,   5.530,  -1.400,   5.430,  -1.200,   5.630
202604240206,   6.756,9999.000,9999.000,9999.000,9999.000,9999.000,9999.000,9999.000,9999.000
202604240212,   6.858,9999.000,9999.000,9999.000,9999.000,9999.000,9999.000,9999.000,9999.000
202604240218,   6.954,9999.000,9999.000,9999.000,9999.000,9999.000,9999.000,9999.000,9999.000
202604240224,   7.043,9999.000,9999.000,9999.000,9999.000,9999.000,9999.000,9999.000,9999.000
202604240230,   7.126,9999.000,9999.000,9999.000,9999.000,9999.000,9999.000,9999.000,9999.000
202604240236,   7.203,9999.000,9999.000,9999.000,9999.000,9999.000,9999.000,9999.000,9999.000
202604240242,   7.273,9999.000,9999.000,9999.000,9999.000,9999.000,9999.000,9999.000,9999.000
202604240248,   7.336,9999.000,9999.000,9999.000,9999.000,9999.000,9999.000,9999.000,9999.000
202604240254,   7.392,9999.000,9999.000,9999.000,9999.000,9999.000,9999.000,9999.000,9999.000
202604240300,   7.441,9999.000,  -1.300,   0.268,   6.409,  -1.400,   6.309,  -1.200,   6.509
202604240306,   7.484,9999.000,9999.000,9999.000,9999.000,9999.000,9999.000,9999.000,9999.000
202604240312,   7.520,9999.000,9999.000,9999.000,9999.000,9999.000,9999.000,9999.000,9999.000
202604240318,   7.549,9999.000,9999.000,9999.000,9999.000,9999.000,9999.000,9999.000,9999.000
202604240324,   7.571,9999.000,9999.000,9999.000,9999.000,9999.000,9999.000,9999.000,9999.000
202604240330,   7.587,9999.000,9999.000,9999.000,9999.000,9999.000,9999.000,9999.000,9999.000
202604240336,   7.595,9999.000,9999.000,9999.000,9999.000,9999.000,9999.000,9999.000,9999.000
202604240342,   7.598,9999.000,9999.000,9999.000,9999.000,9999.000,9999.000,9999.000,9999.000
202604240348,   7.594,9999.000,9999.000,9999.000,9999.000,9999.000,9999.000,9999.000,9999.000
202604240354,   7.583,9999.000,9999.000,9999.000,9999.000,9999.000,9999.000,9999.000,9999.000
202604240400,   7.567,9999.000,  -1.300,   0.312,   6.579,  -1.400,   6.479,  -1.200,   6.679
202604240406,   7.544,9999.000,9999.000,9999.000,9999.000,9999.000,9999.000,9999.000,9999.000
202604240412,   7.516,9999.000,9999.000,9999.000,9999.000,9999.000,9999.000,9999.000,9999.000
202604240418,   7.482,9999.000,9999.000,9999.000,9999.000,9999.000,9999.000,9999.000,9999.000
202604240424,   7.442,9999.000,9999.000,9999.000,9999.000,9999.000,9999.000,9999.000,9999.000
202604240430,   7.397,9999.000,9999.000,9999.000,9999.000,9999.000,9999.000,9999.000,9999.000
202604240436,   7.347,9999.000,9999.000,9999.000,9999.000,9999.000,9999.000,9999.000,9999.000
202604240442,   7.292,9999.000,9999.000,9999.000,9999.000,9999.000,9999.000,9999.000,9999.000
202604240448,   7.232,9999.000,9999.000,9999.000,9999.000,9999.000,9999.000,9999.000,9999.000
202604240454,   7.169,9999.000,9999.000,9999.000,9999.000,9999.000,9999.000,9999.000,9999.000
202604240500,   7.101,9999.000,  -1.300,   0.361,   6.162,  -1.400,   6.062,  -1.200,   6.262
202604240506,   7.029,9999.000,9999.000,9999.000,9999.000,9999.000,9999.000,9999.000,9999.000
202604240512,   6.954,9999.000,9999.000,9999.000,9999.000,9999.000,9999.000,9999.000,9999.000
202604240518,   6.875,9999.000,9999.000,9999.000,9999.000,9999.000,9999.000,9999.000,9999.000
202604240524,   6.794,9999.000,9999.000,9999.000,9999.000,9999.000,9999.000,9999.000,9999.000
202604240530,   6.709,9999.000,9999.000,9999.000,9999.000,9999.000,9999.000,9999.000,9999.000
202604240536,   6.623,9999.000,9999.000,9999.000,9999.000,9999.000,9999.000,9999.000,9999.000
202604240542,   6.534,9999.000,9999.000,9999.000,9999.000,9999.000,9999.000,9999.000,9999.000
202604240548,   6.444,9999.000,9999.000,9999.000,9999.000,9999.000,9999.000,9999.000,9999.000
202604240554,   6.352,9999.000,9999.000,9999.000,9999.000,9999.000,9999.000,9999.000,9999.000
202604240600,   6.259,9999.000,  -1.300,   0.448,   5.407,  -1.500,   5.207,  -1.200,   5.507
202604240606,   6.166,9999.000,9999.000,9999.000,9999.000,9999.000,9999.000,9999.000,9999.000
202604240612,   6.072,9999.000,9999.000,9999.000,9999.000,9999.000,9999.000,9999.000,9999.000
202604240618,   5.978,9999.000,9999.000,9999.000,9999.000,9999.000,9999.000,9999.000,9999.000
202604240624,   5.883,9999.000,9999.000,9999.000,9999.000,9999.000,9999.000,9999.000,9999.000
202604240630,   5.790,9999.000,9999.000,9999.000,9999.000,9999.000,9999.000,9999.000,9999.000
202604240636,   5.697,9999.000,9999.000,9999.000,9999.000,9999.000,9999.000,9999.000,9999.000
202604240642,   5.605,9999.000,9999.000,9999.000,9999.000,9999.000,9999.000,9999.000,9999.000
202604240648,   5.515,9999.000,9999.000,9999.000,9999.000,9999.000,9999.000,9999.000,9999.000
202604240654,   5.426,9999.000,9999.000,9999.000,9999.000,9999.000,9999.000,9999.000,9999.000
202604240700,   5.340,9999.000,  -1.300,   0.524,   4.564,  -1.500,   4.364,  -1.200,   4.664
202604240706,   5.255,9999.000,9999.000,9999.000,9999.000,9999.000,9999.000,9999.000,9999.000
202604240712,   5.174,9999.000,9999.000,9999.000,9999.000,9999.000,9999.000,9999.000,9999.000
202604240718,   5.095,9999.000,9999.000,9999.000,9999.000,9999.000,9999.000,9999.000,9999.000
202604240724,   5.019,9999.000,9999.000,9999.000,9999.000,9999.000,9999.000,9999.000,9999.000
202604240730,   4.946,9999.000,9999.000,9999.000,9999.000,9999.000,9999.000,9999.000,9999.000
202604240736,   4.877,9999.000,9999.000,9999.000,9999.000,9999.000,9999.000,9999.000,9999.000
202604240742,   4.812,9999.000,9999.000,9999.000,9999.000,9999.000,9999.000,9999.000,9999.000
202604240748,   4.751,9999.000,9999.000,9999.000,9999.000,9999.000,9999.000,9999.000,9999.000
202604240754,   4.694,9999.000,9999.000,9999.000,9999.000,9999.000,9999.000,9999.000,9999.000
202604240800,   4.641,9999.000,  -1.300,   0.529,   3.870,  -1.500,   3.670,  -1.200,   3.970
202604240806,   4.593,9999.000,9999.000,9999.000,9999.000,9999.000,9999.000,9999.000,9999.000
202604240812,   4.550,9999.000,9999.000,9999.000,9999.000,9999.000,9999.000,9999.000,9999.000
202604240818,   4.512,9999.000,9999.000,9999.000,9999.000,9999.000,9999.000,9999.000,9999.000
202604240824,   4.478,9999.000,9999.000,9999.000,9999.000,9999.000,9999.000,9999.000,9999.000
202604240830,   4.450,9999.000,9999.000,9999.000,9999.000,9999.000,9999.000,9999.000,9999.000
202604240836,   4.428,9999.000,9999.000,9999.000,9999.000,9999.000,9999.000,9999.000,9999.000
202604240842,   4.410,9999.000,9999.000,9999.000,9999.000,9999.000,9999.000,9999.000,9999.000
202604240848,   4.398,9999.000,9999.000,9999.000,9999.000,9999.000,9999.000,9999.000,9999.000
202604240854,   4.391,9999.000,9999.000,9999.000,9999.000,9999.000,9999.000,9999.000,9999.000
202604240900,   4.390,9999.000,  -1.300,   0.468,   3.558,  -1.400,   3.458,  -1.200,   3.658
202604240906,   4.395,9999.000,9999.000,9999.000,9999.000,9999.000,9999.000,9999.000,9999.000
202604240912,   4.405,9999.000,9999.000,9999.000,9999.000,9999.000,9999.000,9999.000,9999.000
202604240918,   4.421,9999.000,9999.000,9999.000,9999.000,9999.000,9999.000,9999.000,9999.000
202604240924,   4.442,9999.000,9999.000,9999.000,9999.000,9999.000,9999.000,9999.000,9999.000
202604240930,   4.469,9999.000,9999.000,9999.000,9999.000,9999.000,9999.000,9999.000,9999.000
202604240936,   4.501,9999.000,9999.000,9999.000,9999.000,9999.000,9999.000,9999.000,9999.000
202604240942,   4.539,9999.000,9999.000,9999.000,9999.000,9999.000,9999.000,9999.000,9999.000
202604240948,   4.582,9999.000,9999.000,9999.000,9999.000,9999.000,9999.000,9999.000,9999.000
202604240954,   4.630,9999.000,9999.000,9999.000,9999.000,9999.000,9999.000,9999.000,9999.000
202604241000,   4.683,9999.000,  -1.300,   0.387,   3.770,  -1.400,   3.670,  -1.200,   3.870
202604241006,   4.742,9999.000,9999.000,9999.000,9999.000,9999.000,9999.000,9999.000,9999.000
202604241012,   4.805,9999.000,9999.000,9999.000,9999.000,9999.000,9999.000,9999.000,9999.000
202604241018,   4.872,9999.000,9999.000,9999.000,9999.000,9999.000,9999.000,9999.000,9999.000
202604241024,   4.945,9999.000,9999.000,9999.000,9999.000,9999.000,9999.000,9999.000,9999.000
202604241030,   5.021,9999.000,9999.000,9999.000,9999.000,9999.000,9999.000,9999.000,9999.000
202604241036,   5.102,9999.000,9999.000,9999.000,9999.000,9999.000,9999.000,9999.000,9999.000
202604241042,   5.187,9999.000,9999.000,9999.000,9999.000,9999.000,9999.000,9999.000,9999.000
202604241048,   5.275,9999.000,9999.000,9999.000,9999.000,9999.000,9999.000,9999.000,9999.000
202604241054,   5.367,9999.000,9999.000,9999.000,9999.000,9999.000,9999.000,9999.000,9999.000
202604241100,   5.462,9999.000,  -1.300,   0.320,   4.482,  -1.500,   4.282,  -1.200,   4.582
202604241106,   5.560,9999.000,9999.000,9999.000,9999.000,9999.000,9999.000,9999.000,9999.000
202604241112,   5.660,9999.000,9999.000,9999.000,9999.000,9999.000,9999.000,9999.000,9999.000
202604241118,   5.763,9999.000,9999.000,9999.000,9999.000,9999.000,9999.000,9999.000,9999.000
202604241124,   5.868,9999.000,9999.000,9999.000,9999.000,9999.000,9999.000,9999.000,9999.000
202604241130,   5.975,9999.000,9999.000,9999.000,9999.000,9999.000,9999.000,9999.000,9999.000
202604241136,   6.084,9999.000,9999.000,9999.000,9999.000,9999.000,9999.000,9999.000,9999.000
202604241142,   6.194,9999.000,9999.000,9999.000,9999.000,9999.000,9999.000,9999.000,9999.000
202604241148,   6.304,9999.000,9999.000,9999.000,9999.000,9999.000,9999.000,9999.000,9999.000
202604241154,   6.416,9999.000,9999.000,9999.000,9999.000,9999.000,9999.000,9999.000,9999.000
202604241200,   6.528,9999.000,  -1.300,   0.282,   5.510,  -1.500,   5.310,  -1.200,   5.610
202604241206,   6.639,9999.000,9999.000,9999.000,9999.000,9999.000,9999.000,9999.000,9999.000
202604241212,   6.751,9999.000,9999.000,9999.000,9999.000,9999.000,9999.000,9999.000,9999.000
202604241218,   6.861,9999.000,9999.000,9999.000,9999.000,9999.000,9999.000,9999.000,9999.000
202604241224,   6.971,9999.000,9999.000,9999.000,9999.000,9999.000,9999.000,9999.000,9999.000
202604241230,   7.080,9999.000,9999.000,9999.000,9999.000,9999.000,9999.000,9999.000,9999.000
202604241236,   7.187,9999.000,9999.000,9999.000,9999.000,9999.000,9999.000,9999.000,9999.000
202604241242,   7.292,9999.000,9999.000,9999.000,9999.000,9999.000,9999.000,9999.000,9999.000
202604241248,   7.394,9999.000,9999.000,9999.000,9999.000,9999.000,9999.000,9999.000,9999.000
202604241254,   7.495,9999.000,9999.000,9999.000,9999.000,9999.000,9999.000,9999.000,9999.000
202604241300,   7.592,9999.000,  -1.300,   0.265,   6.557,  -1.500,   6.357,  -1.200,   6.657
202604241306,   7.686,9999.000,9999.000,9999.000,9999.000,9999.000,9999.000,9999.000,9999.000
202604241312,   7.777,9999.000,9999.000,9999.000,9999.000,9999.000,9999.000,9999.000,9999.000
202604241318,   7.864,9999.000,9999.000,9999.000,9999.000,9999.000,9999.000,9999.000,9999.000
202604241324,   7.947,9999.000,9999.000,9999.000,9999.000,9999.000,9999.000,9999.000,9999.000
202604241330,   8.026,9999.000,9999.000,9999.000,9999.000,9999.000,9999.000,9999.000,9999.000
202604241336,   8.100,9999.000,9999.000,9999.000,9999.000,9999.000,9999.000,9999.000,9999.000
202604241342,   8.170,9999.000,9999.000,9999.000,9999.000,9999.000,9999.000,9999.000,9999.000
202604241348,   8.234,9999.000,9999.000,9999.000,9999.000,9999.000,9999.000,9999.000,9999.000
202604241354,   8.293,9999.000,9999.000,9999.000,9999.000,9999.000,9999.000,9999.000,9999.000
202604241400,   8.347,9999.000,  -1.400,   0.222,   7.169,  -1.500,   7.069,  -1.200,   7.369
202604241406,   8.395,9999.000,9999.000,9999.000,9999.000,9999.000,9999.000,9999.000,9999.000
202604241412,   8.437,9999.000,9999.000,9999.000,9999.000,9999.000,9999.000,9999.000,9999.000
202604241418,   8.473,9999.000,9999.000,9999.000,9999.000,9999.000,9999.000,9999.000,9999.000
202604241424,   8.503,9999.000,9999.000,9999.000,9999.000,9999.000,9999.000,9999.000,9999.000
202604241430,   8.526,9999.000,9999.000,9999.000,9999.000,9999.000,9999.000,9999.000,9999.000
202604241436,   8.543,9999.000,9999.000,9999.000,9999.000,9999.000,9999.000,9999.000,9999.000
202604241442,   8.553,9999.000,9999.000,9999.000,9999.000,9999.000,9999.000,9999.000,9999.000
202604241448,   8.556,9999.000,9999.000,9999.000,9999.000,9999.000,9999.000,9999.000,9999.000
202604241454,   8.553,9999.000,9999.000,9999.000,9999.000,9999.000,9999.000,9999.000,9999.000
202604241500,   8.542,9999.000,  -1.400,   0.127,   7.269,  -1.500,   7.169,  -1.300,   7.369
202604241506,   8.525,9999.000,9999.000,9999.000,9999.000,9999.000,9999.000,9999.000,9999.000
202604241512,   8.501,9999.000,9999.000,9999.000,9999.000,9999.000,9999.000,9999.000,9999.000
202604241518,   8.469,9999.000,9999.000,9999.000,9999.000,9999.000,9999.000,9999.000,9999.000
202604241524,   8.430,9999.000,9999.000,9999.000,9999.000,9999.000,9999.000,9999.000,9999.000
202604241530,   8.385,9999.000,9999.000,9999.000,9999.000,9999.000,9999.000,9999.000,9999.000
202604241536,   8.332,9999.000,9999.000,9999.000,9999.000,9999.000,9999.000,9999.000,9999.000
202604241542,   8.272,9999.000,9999.000,9999.000,9999.000,9999.000,9999.000,9999.000,9999.000
202604241548,   8.205,9999.000,9999.000,9999.000,9999.000,9999.000,9999.000,9999.000,9999.000
202604241554,   8.131,9999.000,9999.000,9999.000,9999.000,9999.000,9999.000,9999.000,9999.000
202604241600,   8.051,9999.000,  -1.400,   0.021,   6.672,  -1.500,   6.572,  -1.300,   6.772
202604241606,   7.963,9999.000,9999.000,9999.000,9999.000,9999.000,9999.000,9999.000,9999.000
202604241612,   7.870,9999.000,9999.000,9999.000,9999.000,9999.000,9999.000,9999.000,9999.000
202604241618,   7.769,9999.000,9999.000,9999.000,9999.000,9999.000,9999.000,9999.000,9999.000
202604241624,   7.663,9999.000,9999.000,9999.000,9999.000,9999.000,9999.000,9999.000,9999.000
202604241630,   7.550,9999.000,9999.000,9999.000,9999.000,9999.000,9999.000,9999.000,9999.000
202604241636,   7.431,9999.000,9999.000,9999.000,9999.000,9999.000,9999.000,9999.000,9999.000
202604241642,   7.307,9999.000,9999.000,9999.000,9999.000,9999.000,9999.000,9999.000,9999.000
202604241648,   7.177,9999.000,9999.000,9999.000,9999.000,9999.000,9999.000,9999.000,9999.000
202604241654,   7.041,9999.000,9999.000,9999.000,9999.000,9999.000,9999.000,9999.000,9999.000
202604241700,   6.901,9999.000,  -1.400,  -0.026,   5.475,  -1.500,   5.375,  -1.200,   5.675
202604241706,   6.756,9999.000,9999.000,9999.000,9999.000,9999.000,9999.000,9999.000,9999.000
202604241712,   6.606,9999.000,9999.000,9999.000,9999.000,9999.000,9999.000,9999.000,9999.000
202604241718,   6.452,9999.000,9999.000,9999.000,9999.000,9999.000,9999.000,9999.000,9999.000
202604241724,   6.294,9999.000,9999.000,9999.000,9999.000,9999.000,9999.000,9999.000,9999.000
202604241730,   6.132,9999.000,9999.000,9999.000,9999.000,9999.000,9999.000,9999.000,9999.000
202604241736,   5.967,9999.000,9999.000,9999.000,9999.000,9999.000,9999.000,9999.000,9999.000
202604241742,   5.799,9999.000,9999.000,9999.000,9999.000,9999.000,9999.000,9999.000,9999.000
202604241748,   5.628,9999.000,9999.000,9999.000,9999.000,9999.000,9999.000,9999.000,9999.000
202604241754,   5.454,9999.000,9999.000,9999.000,9999.000,9999.000,9999.000,9999.000,9999.000
202604241800,   5.279,9999.000,  -1.400,  -0.017,   3.862,  -1.500,   3.762,  -1.200,   4.062
202604241806,   5.102,9999.000,9999.000,9999.000,9999.000,9999.000,9999.000,9999.000,9999.000
202604241812,   4.923,9999.000,9999.000,9999.000,9999.000,9999.000,9999.000,9999.000,9999.000
202604241818,   4.743,9999.000,9999.000,9999.000,9999.000,9999.000,9999.000,9999.000,9999.000
202604241824,   4.563,9999.000,9999.000,9999.000,9999.000,9999.000,9999.000,9999.000,9999.000
202604241830,   4.382,9999.000,9999.000,9999.000,9999.000,9999.000,9999.000,9999.000,9999.000
202604241836,   4.202,9999.000,9999.000,9999.000,9999.000,9999.000,9999.000,9999.000,9999.000
202604241842,   4.021,9999.000,9999.000,9999.000,9999.000,9999.000,9999.000,9999.000,9999.000
202604241848,   3.842,9999.000,9999.000,9999.000,9999.000,9999.000,9999.000,9999.000,9999.000
202604241854,   3.663,9999.000,9999.000,9999.000,9999.000,9999.000,9999.000,9999.000,9999.000
202604241900,   3.486,9999.000,  -1.400,  -0.005,   2.081,  -1.500,   1.981,  -1.300,   2.181
202604241906,   3.311,9999.000,9999.000,9999.000,9999.000,9999.000,9999.000,9999.000,9999.000
202604241912,   3.138,9999.000,9999.000,9999.000,9999.000,9999.000,9999.000,9999.000,9999.000
202604241918,   2.968,9999.000,9999.000,9999.000,9999.000,9999.000,9999.000,9999.000,9999.000
202604241924,   2.801,9999.000,9999.000,9999.000,9999.000,9999.000,9999.000,9999.000,9999.000
202604241930,   2.637,9999.000,9999.000,9999.000,9999.000,9999.000,9999.000,9999.000,9999.000
202604241936,   2.476,9999.000,9999.000,9999.000,9999.000,9999.000,9999.000,9999.000,9999.000
202604241942,   2.319,9999.000,9999.000,9999.000,9999.000,9999.000,9999.000,9999.000,9999.000
202604241948,   2.167,9999.000,9999.000,9999.000,9999.000,9999.000,9999.000,9999.000,9999.000
202604241954,   2.019,9999.000,9999.000,9999.000,9999.000,9999.000,9999.000,9999.000,9999.000
202604242000,   1.876,9999.000,  -1.400,   0.000,   0.476,  -1.500,   0.376,  -1.300,   0.576
202604242006,   1.738,9999.000,9999.000,9999.000,9999.000,9999.000,9999.000,9999.000,9999.000
202604242012,   1.605,9999.000,9999.000,9999.000,9999.000,9999.000,9999.000,9999.000,9999.000
202604242018,   1.479,9999.000,9999.000,9999.000,9999.000,9999.000,9999.000,9999.000,9999.000
202604242024,   1.358,9999.000,9999.000,9999.000,9999.000,9999.000,9999.000,9999.000,9999.000
202604242030,   1.243,9999.000,9999.000,9999.000,9999.000,9999.000,9999.000,9999.000,9999.000
202604242036,   1.135,9999.000,9999.000,9999.000,9999.000,9999.000,9999.000,9999.000,9999.000
202604242042,   1.033,9999.000,9999.000,9999.000,9999.000,9999.000,9999.000,9999.000,9999.000
202604242048,   0.938,9999.000,9999.000,9999.000,9999.000,9999.000,9999.000,9999.000,9999.000
202604242054,   0.851,9999.000,9999.000,9999.000,9999.000,9999.000,9999.000,9999.000,9999.000
202604242100,   0.770,9999.000,  -1.300,   0.025,  -0.505,  -1.500,  -0.705,  -1.200,  -0.405
202604242106,   0.697,9999.000,9999.000,9999.000,9999.000,9999.000,9999.000,9999.000,9999.000
202604242112,   0.632,9999.000,9999.000,9999.000,9999.000,9999.000,9999.000,9999.000,9999.000
202604242118,   0.574,9999.000,9999.000,9999.000,9999.000,9999.000,9999.000,9999.000,9999.000
202604242124,   0.524,9999.000,9999.000,9999.000,9999.000,9999.000,9999.000,9999.000,9999.000
202604242130,   0.481,9999.000,9999.000,9999.000,9999.000,9999.000,9999.000,9999.000,9999.000
202604242136,   0.447,9999.000,9999.000,9999.000,9999.000,9999.000,9999.000,9999.000,9999.000
202604242142,   0.421,9999.000,9999.000,9999.000,9999.000,9999.000,9999.000,9999.000,9999.000
202604242148,   0.403,9999.000,9999.000,9999.000,9999.000,9999.000,9999.000,9999.000,9999.000
202604242154,   0.392,9999.000,9999.000,9999.000,9999.000,9999.000,9999.000,9999.000,9999.000
202604242200,   0.390,9999.000,  -1.300,   0.053,  -0.857,  -1.400,  -0.957,  -1.200,  -0.757
202604242206,   0.396,9999.000,9999.000,9999.000,9999.000,9999.000,9999.000,9999.000,9999.000
202604242212,   0.411,9999.000,9999.000,9999.000,9999.000,9999.000,9999.000,9999.000,9999.000
202604242218,   0.433,9999.000,9999.000,9999.000,9999.000,9999.000,9999.000,9999.000,9999.000
202604242224,   0.463,9999.000,9999.000,9999.000,9999.000,9999.000,9999.000,9999.000,9999.000
202604242230,   0.501,9999.000,9999.000,9999.000,9999.000,9999.000,9999.000,9999.000,9999.000
202604242236,   0.546,9999.000,9999.000,9999.000,9999.000,9999.000,9999.000,9999.000,9999.000
202604242242,   0.600,9999.000,9999.000,9999.000,9999.000,9999.000,9999.000,9999.000,9999.000
202604242248,   0.661,9999.000,9999.000,9999.000,9999.000,9999.000,9999.000,9999.000,9999.000
202604242254,   0.729,9999.000,9999.000,9999.000,9999.000,9999.000,9999.000,9999.000,9999.000
202604242300,   0.804,9999.000,  -1.300,   0.045,  -0.451,  -1.400,  -0.551,  -1.200,  -0.351
202604242306,   0.887,9999.000,9999.000,9999.000,9999.000,9999.000,9999.000,9999.000,9999.000
202604242312,   0.977,9999.000,9999.000,9999.000,9999.000,9999.000,9999.000,9999.000,9999.000
202604242318,   1.073,9999.000,9999.000,9999.000,9999.000,9999.000,9999.000,9999.000,9999.000
202604242324,   1.175,9999.000,9999.000,9999.000,9999.000,9999.000,9999.000,9999.000,9999.000
202604242330,   1.284,9999.000,9999.000,9999.000,9999.000,9999.000,9999.000,9999.000,9999.000
202604242336,   1.399,9999.000,9999.000,9999.000,9999.000,9999.000,9999.000,9999.000,9999.000
202604242342,   1.519,9999.000,9999.000,9999.000,9999.000,9999.000,9999.000,9999.000,9999.000
202604242348,   1.645,9999.000,9999.000,9999.000,9999.000,9999.000,9999.000,9999.000,9999.000
202604242354,   1.777,9999.000,9999.000,9999.000,9999.000,9999.000,9999.000,9999.000,9999.000
202604250000,   1.913,9999.000,  -1.300,   0.025,   0.638,  -1.400,   0.538,  -1.200,   0.738
202604250006,   2.053,9999.000,9999.000,9999.000,9999.000,9999.000,9999.000,9999.000,9999.000
202604250012,   2.198,9999.000,9999.000,9999.000,9999.000,9999.000,9999.000,9999.000,9999.000
202604250018,   2.347,9999.000,9999.000,9999.000,9999.000,9999.000,9999.000,9999.000,9999.000
202604250024,   2.499,9999.000,9999.000,9999.000,9999.000,9999.000,9999.000,9999.000,9999.000
202604250030,   2.655,9999.000,9999.000,9999.000,9999.000,9999.000,9999.000,9999.000,9999.000
202604250036,   2.814,9999.000,9999.000,9999.000,9999.000,9999.000,9999.000,9999.000,9999.000
202604250042,   2.975,9999.000,9999.000,9999.000,9999.000,9999.000,9999.000,9999.000,9999.000
202604250048,   3.139,9999.000,9999.000,9999.000,9999.000,9999.000,9999.000,9999.000,9999.000
202604250054,   3.304,9999.000,9999.000,9999.000,9999.000,9999.000,9999.000,9999.000,9999.000
202604250100,   3.471,9999.000,  -1.300,   0.063,   2.234,  -1.400,   2.134,  -1.200,   2.334
202604250106,   3.639,9999.000,9999.000,9999.000,9999.000,9999.000,9999.000,9999.000,9999.000
202604250112,   3.808,9999.000,9999.000,9999.000,9999.000,9999.000,9999.000,9999.000,9999.000
202604250118,   3.978,9999.000,9999.000,9999.000,9999.000,9999.000,9999.000,9999.000,9999.000
202604250124,   4.147,9999.000,9999.000,9999.000,9999.000,9999.000,9999.000,9999.000,9999.000
202604250130,   4.317,9999.000,9999.000,9999.000,9999.000,9999.000,9999.000,9999.000,9999.000
202604250136,   4.486,9999.000,9999.000,9999.000,9999.000,9999.000,9999.000,9999.000,9999.000
202604250142,   4.653,9999.000,9999.000,9999.000,9999.000,9999.000,9999.000,9999.000,9999.000
202604250148,   4.820,9999.000,9999.000,9999.000,9999.000,9999.000,9999.000,9999.000,9999.000
202604250154,   4.985,9999.000,9999.000,9999.000,9999.000,9999.000,9999.000,9999.000,9999.000
202604250200,   5.148,9999.000,  -1.300,   0.156,   4.004,  -1.400,   3.904,  -1.200,   4.104
202604250206,   5.308,9999.000,9999.000,9999.000,9999.000,9999.000,9999.000,9999.000,9999.000
202604250212,   5.466,9999.000,9999.000,9999.000,9999.000,9999.000,9999.000,9999.000,9999.000
202604250218,   5.621,9999.000,9999.000,9999.000,9999.000,9999.000,9999.000,9999.000,9999.000
202604250224,   5.773,9999.000,9999.000,9999.000,9999.000,9999.000,9999.000,9999.000,9999.000
202604250230,   5.921,9999.000,9999.000,9999.000,9999.000,9999.000,9999.000,9999.000,9999.000
202604250236,   6.065,9999.000,9999.000,9999.000,9999.000,9999.000,9999.000,9999.000,9999.000
202604250242,   6.205,9999.000,9999.000,9999.000,9999.000,9999.000,9999.000,9999.000,9999.000
202604250248,   6.341,9999.000,9999.000,9999.000,9999.000,9999.000,9999.000,9999.000,9999.000
202604250254,   6.472,9999.000,9999.000,9999.000,9999.000,9999.000,9999.000,9999.000,9999.000
202604250300,   6.598,9999.000,  -1.300,   0.233,   5.531,  -1.400,   5.431,  -1.200,   5.631
202604250306,   6.719,9999.000,9999.000,9999.000,9999.000,9999.000,9999.000,9999.000,9999.000
202604250312,   6.835,9999.000,9999.000,9999.000,9999.000,9999.000,9999.000,9999.000,9999.000
202604250318,   6.945,9999.000,9999.000,9999.000,9999.000,9999.000,9999.000,9999.000,9999.000
202604250324,   7.049,9999.000,9999.000,9999.000,9999.000,9999.000,9999.000,9999.000,9999.000
202604250330,   7.148,9999.000,9999.000,9999.000,9999.000,9999.000,9999.000,9999.000,9999.000
202604250336,   7.240,9999.000,9999.000,9999.000,9999.000,9999.000,9999.000,9999.000,9999.000
202604250342,   7.326,9999.000,9999.000,9999.000,9999.000,9999.000,9999.000,9999.000,9999.000
202604250348,   7.405,9999.000,9999.000,9999.000,9999.000,9999.000,9999.000,9999.000,9999.000
202604250354,   7.478,9999.000,9999.000,9999.000,9999.000,9999.000,9999.000,9999.000,9999.000
202604250400,   7.545,9999.000,  -1.300,   0.271,   6.516,  -1.500,   6.316,  -1.200,   6.616
202604250406,   7.605,9999.000,9999.000,9999.000,9999.000,9999.000,9999.000,9999.000,9999.000
202604250412,   7.658,9999.000,9999.000,9999.000,9999.000,9999.000,9999.000,9999.000,9999.000
202604250418,   7.704,9999.000,9999.000,9999.000,9999.000,9999.000,9999.000,9999.000,9999.000
202604250424,   7.744,9999.000,9999.000,9999.000,9999.000,9999.000,9999.000,9999.000,9999.000
202604250430,   7.776,9999.000,9999.000,9999.000,9999.000,9999.000,9999.000,9999.000,9999.000
202604250436,   7.802,9999.000,9999.000,9999.000,9999.000,9999.000,9999.000,9999.000,9999.000
202604250442,   7.821,9999.000,9999.000,9999.000,9999.000,9999.000,9999.000,9999.000,9999.000
202604250448,   7.833,9999.000,9999.000,9999.000,9999.000,9999.000,9999.000,9999.000,9999.000
202604250454,   7.839,9999.000,9999.000,9999.000,9999.000,9999.000,9999.000,9999.000,9999.000
202604250500,   7.838,9999.000,  -1.300,   0.326,   6.864,  -1.500,   6.664,  -1.200,   6.964
202604250506,   7.830,9999.000,9999.000,9999.000,9999.000,9999.000,9999.000,9999.000,9999.000
202604250512,   7.816,9999.000,9999.000,9999.000,9999.000,9999.000,9999.000,9999.000,9999.000
202604250518,   7.795,9999.000,9999.000,9999.000,9999.000,9999.000,9999.000,9999.000,9999.000
202604250524,   7.768,9999.000,9999.000,9999.000,9999.000,9999.000,9999.000,9999.000,9999.000
202604250530,   7.735,9999.000,9999.000,9999.000,9999.000,9999.000,9999.000,9999.000,9999.000
202604250536,   7.696,9999.000,9999.000,9999.000,9999.000,9999.000,9999.000,9999.000,9999.000
202604250542,   7.652,9999.000,9999.000,9999.000,9999.000,9999.000,9999.000,9999.000,9999.000
202604250548,   7.601,9999.000,9999.000,9999.000,9999.000,9999.000,9999.000,9999.000,9999.000
202604250554,   7.546,9999.000,9999.000,9999.000,9999.000,9999.000,9999.000,9999.000,9999.000
202604250600,   7.485,9999.000,  -1.300,   0.425,   6.610,  -1.500,   6.410,  -1.200,   6.710
202604250606,   7.419,9999.000,9999.000,9999.000,9999.000,9999.000,9999.000,9999.000,9999.000
202604250612,   7.349,9999.000,9999.000,9999.000,9999.000,9999.000,9999.000,9999.000,9999.000
202604250618,   7.274,9999.000,9999.000,9999.000,9999.000,9999.000,9999.000,9999.000,9999.000
202604250624,   7.195,9999.000,9999.000,9999.000,9999.000,9999.000,9999.000,9999.000,9999.000
202604250630,   7.112,9999.000,9999.000,9999.000,9999.000,9999.000,9999.000,9999.000,9999.000
202604250636,   7.025,9999.000,9999.000,9999.000,9999.000,9999.000,9999.000,9999.000,9999.000
202604250642,   6.935,9999.000,9999.000,9999.000,9999.000,9999.000,9999.000,9999.000,9999.000
202604250648,   6.842,9999.000,9999.000,9999.000,9999.000,9999.000,9999.000,9999.000,9999.000
202604250654,   6.747,9999.000,9999.000,9999.000,9999.000,9999.000,9999.000,9999.000,9999.000
202604250700,   6.648,9999.000,  -1.300,   0.515,   5.863,  -1.500,   5.663,  -1.200,   5.963
202604250706,   6.548,9999.000,9999.000,9999.000,9999.000,9999.000,9999.000,9999.000,9999.000
202604250712,   6.445,9999.000,9999.000,9999.000,9999.000,9999.000,9999.000,9999.000,9999.000
202604250718,   6.341,9999.000,9999.000,9999.000,9999.000,9999.000,9999.000,9999.000,9999.000
202604250724,   6.236,9999.000,9999.000,9999.000,9999.000,9999.000,9999.000,9999.000,9999.000
202604250730,   6.130,9999.000,9999.000,9999.000,9999.000,9999.000,9999.000,9999.000,9999.000
202604250736,   6.023,9999.000,9999.000,9999.000,9999.000,9999.000,9999.000,9999.000,9999.000
202604250742,   5.916,9999.000,9999.000,9999.000,9999.000,9999.000,9999.000,9999.000,9999.000
202604250748,   5.810,9999.000,9999.000,9999.000,9999.000,9999.000,9999.000,9999.000,9999.000
202604250754,   5.703,9999.000,9999.000,9999.000,9999.000,9999.000,9999.000,9999.000,9999.000
202604250800,   5.597,9999.000,  -1.300,   0.539,   4.836,  -1.500,   4.636,  -1.200,   4.936
202604250806,   5.492,9999.000,9999.000,9999.000,9999.000,9999.000,9999.000,9999.000,9999.000
202604250812,   5.389,9999.000,9999.000,9999.000,9999.000,9999.000,9999.000,9999.000,9999.000
202604250818,   5.287,9999.000,9999.000,9999.000,9999.000,9999.000,9999.000,9999.000,9999.000
202604250824,   5.187,9999.000,9999.000,9999.000,9999.000,9999.000,9999.000,9999.000,9999.000
202604250830,   5.089,9999.000,9999.000,9999.000,9999.000,9999.000,9999.000,9999.000,9999.000
202604250836,   4.993,9999.000,9999.000,9999.000,9999.000,9999.000,9999.000,9999.000,9999.000
202604250842,   4.901,9999.000,9999.000,9999.000,9999.000,9999.000,9999.000,9999.000,9999.000
202604250848,   4.811,9999.000,9999.000,9999.000,9999.000,9999.000,9999.000,9999.000,9999.000
202604250854,   4.725,9999.000,9999.000,9999.000,9999.000,9999.000,9999.000,9999.000,9999.000
202604250900,   4.642,9999.000,  -1.300,   0.496,   3.838,  -1.500,   3.638,  -1.200,   3.938
202604250906,   4.563,9999.000,9999.000,9999.000,9999.000,9999.000,9999.000,9999.000,9999.000
202604250912,   4.488,9999.000,9999.000,9999.000,9999.000,9999.000,9999.000,9999.000,9999.000
202604250918,   4.417,9999.000,9999.000,9999.000,9999.000,9999.000,9999.000,9999.000,9999.000
202604250924,   4.351,9999.000,9999.000,9999.000,9999.000,9999.000,9999.000,9999.000,9999.000
202604250930,   4.289,9999.000,9999.000,9999.000,9999.000,9999.000,9999.000,9999.000,9999.000
202604250936,   4.232,9999.000,9999.000,9999.000,9999.000,9999.000,9999.000,9999.000,9999.000
202604250942,   4.180,9999.000,9999.000,9999.000,9999.000,9999.000,9999.000,9999.000,9999.000
202604250948,   4.133,9999.000,9999.000,9999.000,9999.000,9999.000,9999.000,9999.000,9999.000
202604250954,   4.092,9999.000,9999.000,9999.000,9999.000,9999.000,9999.000,9999.000,9999.000
202604251000,   4.055,9999.000,  -1.300,   0.419,   3.174,  -1.400,   3.074,  -1.100,   3.374
202604251006,   4.025,9999.000,9999.000,9999.000,9999.000,9999.000,9999.000,9999.000,9999.000
202604251012,   3.999,9999.000,9999.000,9999.000,9999.000,9999.000,9999.000,9999.000,9999.000
202604251018,   3.980,9999.000,9999.000,9999.000,9999.000,9999.000,9999.000,9999.000,9999.000
202604251024,   3.966,9999.000,9999.000,9999.000,9999.000,9999.000,9999.000,9999.000,9999.000
202604251030,   3.958,9999.000,9999.000,9999.000,9999.000,9999.000,9999.000,9999.000,9999.000
202604251036,   3.955,9999.000,9999.000,9999.000,9999.000,9999.000,9999.000,9999.000,9999.000
202604251042,   3.959,9999.000,9999.000,9999.000,9999.000,9999.000,9999.000,9999.000,9999.000
202604251048,   3.968,9999.000,9999.000,9999.000,9999.000,9999.000,9999.000,9999.000,9999.000
202604251054,   3.983,9999.000,9999.000,9999.000,9999.000,9999.000,9999.000,9999.000,9999.000
202604251100,   4.004,9999.000,  -1.200,   0.344,   3.148,  -1.400,   2.948,  -1.100,   3.248
202604251106,   4.030,9999.000,9999.000,9999.000,9999.000,9999.000,9999.000,9999.000,9999.000
202604251112,   4.062,9999.000,9999.000,9999.000,9999.000,9999.000,9999.000,9999.000,9999.000
202604251118,   4.100,9999.000,9999.000,9999.000,9999.000,9999.000,9999.000,9999.000,9999.000
202604251124,   4.143,9999.000,9999.000,9999.000,9999.000,9999.000,9999.000,9999.000,9999.000
202604251130,   4.191,9999.000,9999.000,9999.000,9999.000,9999.000,9999.000,9999.000,9999.000
202604251136,   4.244,9999.000,9999.000,9999.000,9999.000,9999.000,9999.000,9999.000,9999.000
202604251142,   4.303,9999.000,9999.000,9999.000,9999.000,9999.000,9999.000,9999.000,9999.000
202604251148,   4.366,9999.000,9999.000,9999.000,9999.000,9999.000,9999.000,9999.000,9999.000
202604251154,   4.434,9999.000,9999.000,9999.000,9999.000,9999.000,9999.000,9999.000,9999.000
202604251200,   4.507,9999.000,  -1.200,   0.302,   3.609,  -1.400,   3.409,  -1.100,   3.709
202604251206,   4.584,9999.000,9999.000,9999.000,9999.000,9999.000,9999.000,9999.000,9999.000
202604251212,   4.664,9999.000,9999.000,9999.000,9999.000,9999.000,9999.000,9999.000,9999.000
202604251218,   4.749,9999.000,9999.000,9999.000,9999.000,9999.000,9999.000,9999.000,9999.000
202604251224,   4.838,9999.000,9999.000,9999.000,9999.000,9999.000,9999.000,9999.000,9999.000
202604251230,   4.929,9999.000,9999.000,9999.000,9999.000,9999.000,9999.000,9999.000,9999.000
202604251236,   5.024,9999.000,9999.000,9999.000,9999.000,9999.000,9999.000,9999.000,9999.000
202604251242,   5.122,9999.000,9999.000,9999.000,9999.000,9999.000,9999.000,9999.000,9999.000
202604251248,   5.222,9999.000,9999.000,9999.000,9999.000,9999.000,9999.000,9999.000,9999.000
202604251254,   5.325,9999.000,9999.000,9999.000,9999.000,9999.000,9999.000,9999.000,9999.000
202604251300,   5.429,9999.000,  -1.200,   0.284,   4.513,  -1.400,   4.313,  -1.100,   4.613
202604251306,   5.536,9999.000,9999.000,9999.000,9999.000,9999.000,9999.000,9999.000,9999.000
202604251312,   5.644,9999.000,9999.000,9999.000,9999.000,9999.000,9999.000,9999.000,9999.000
202604251318,   5.752,9999.000,9999.000,9999.000,9999.000,9999.000,9999.000,9999.000,9999.000
202604251324,   5.862,9999.000,9999.000,9999.000,9999.000,9999.000,9999.000,9999.000,9999.000
202604251330,   5.972,9999.000,9999.000,9999.000,9999.000,9999.000,9999.000,9999.000,9999.000
202604251336,   6.082,9999.000,9999.000,9999.000,9999.000,9999.000,9999.000,9999.000,9999.000
202604251342,   6.192,9999.000,9999.000,9999.000,9999.000,9999.000,9999.000,9999.000,9999.000
202604251348,   6.301,9999.000,9999.000,9999.000,9999.000,9999.000,9999.000,9999.000,9999.000
202604251354,   6.410,9999.000,9999.000,9999.000,9999.000,9999.000,9999.000,9999.000,9999.000
202604251400,   6.518,9999.000,  -1.200,   0.241,   5.559,  -1.400,   5.359,  -1.100,   5.659
202604251406,   6.624,9999.000,9999.000,9999.000,9999.000,9999.000,9999.000,9999.000,9999.000
202604251412,   6.728,9999.000,9999.000,9999.000,9999.000,9999.000,9999.000,9999.000,9999.000
202604251418,   6.830,9999.000,9999.000,9999.000,9999.000,9999.000,9999.000,9999.000,9999.000
202604251424,   6.929,9999.000,9999.000,9999.000,9999.000,9999.000,9999.000,9999.000,9999.000
202604251430,   7.026,9999.000,9999.000,9999.000,9999.000,9999.000,9999.000,9999.000,9999.000
202604251436,   7.120,9999.000,9999.000,9999.000,9999.000,9999.000,9999.000,9999.000,9999.000
202604251442,   7.210,9999.000,9999.000,9999.000,9999.000,9999.000,9999.000,9999.000,9999.000
202604251448,   7.297,9999.000,9999.000,9999.000,9999.000,9999.000,9999.000,9999.000,9999.000
202604251454,   7.380,9999.000,9999.000,9999.000,9999.000,9999.000,9999.000,9999.000,9999.000
202604251500,   7.459,9999.000,  -1.200,   0.146,   6.405,  -1.400,   6.205,  -1.100,   6.505
202604251506,   7.533,9999.000,9999.000,9999.000,9999.000,9999.000,9999.000,9999.000,9999.000
202604251512,   7.603,9999.000,9999.000,9999.000,9999.000,9999.000,9999.000,9999.000,9999.000
202604251518,   7.667,9999.000,9999.000,9999.000,9999.000,9999.000,9999.000,9999.000,9999.000
202604251524,   7.727,9999.000,9999.000,9999.000,9999.000,9999.000,9999.000,9999.000,9999.000
202604251530,   7.781,9999.000,9999.000,9999.000,9999.000,9999.000,9999.000,9999.000,9999.000
202604251536,   7.829,9999.000,9999.000,9999.000,9999.000,9999.000,9999.000,9999.000,9999.000
202604251542,   7.872,9999.000,9999.000,9999.000,9999.000,9999.000,9999.000,9999.000,9999.000
202604251548,   7.908,9999.000,9999.000,9999.000,9999.000,9999.000,9999.000,9999.000,9999.000
202604251554,   7.939,9999.000,9999.000,9999.000,9999.000,9999.000,9999.000,9999.000,9999.000
202604251600,   7.963,9999.000,  -1.200,   0.047,   6.810,  -1.400,   6.610,  -1.100,   6.910
202604251606,   7.980,9999.000,9999.000,9999.000,9999.000,9999.000,9999.000,9999.000,9999.000
202604251612,   7.992,9999.000,9999.000,9999.000,9999.000,9999.000,9999.000,9999.000,9999.000
202604251618,   7.996,9999.000,9999.000,9999.000,9999.000,9999.000,9999.000,9999.000,9999.000
202604251624,   7.994,9999.000,9999.000,9999.000,9999.000,9999.000,9999.000,9999.000,9999.000
202604251630,   7.984,9999.000,9999.000,9999.000,9999.000,9999.000,9999.000,9999.000,9999.000
202604251636,   7.968,9999.000,9999.000,9999.000,9999.000,9999.000,9999.000,9999.000,9999.000
202604251642,   7.945,9999.000,9999.000,9999.000,9999.000,9999.000,9999.000,9999.000,9999.000
202604251648,   7.915,9999.000,9999.000,9999.000,9999.000,9999.000,9999.000,9999.000,9999.000
202604251654,   7.878,9999.000,9999.000,9999.000,9999.000,9999.000,9999.000,9999.000,9999.000
202604251700,   7.835,9999.000,  -1.200,   0.212,   6.847,  -1.400,   6.647,  -1.100,   6.947
202604251706,   7.784,9999.000,9999.000,9999.000,9999.000,9999.000,9999.000,9999.000,9999.000
202604251712,   7.726,9999.000,9999.000,9999.000,9999.000,9999.000,9999.000,9999.000,9999.000
202604251718,   7.662,9999.000,9999.000,9999.000,9999.000,9999.000,9999.000,9999.000,9999.000
202604251724,   7.590,9999.000,9999.000,9999.000,9999.000,9999.000,9999.000,9999.000,9999.000
202604251730,   7.513,9999.000,9999.000,9999.000,9999.000,9999.000,9999.000,9999.000,9999.000
202604251736,   7.428,9999.000,9999.000,9999.000,9999.000,9999.000,9999.000,9999.000,9999.000
202604251742,   7.338,9999.000,9999.000,9999.000,9999.000,9999.000,9999.000,9999.000,9999.000
202604251748,   7.241,9999.000,9999.000,9999.000,9999.000,9999.000,9999.000,9999.000,9999.000
202604251754,   7.138,9999.000,9999.000,9999.000,9999.000,9999.000,9999.000,9999.000,9999.000
202604251800,   7.029,9999.000,  -1.200,   0.212,   6.041,  -1.400,   5.841,  -1.100,   6.141
