        TIME,    TIDE,      OB,   SURGE,    BIAS,     TWL,SURGE90p,  TWL90p,SURGE10p,   TWL10p
202605251200,   1.164,   1.767,   0.400,   0.203,   1.767,   0.300,   1.667,   0.400,   1.767
202605251206,   1.091,9999.000,9999.000,9999.000,9999.000,9999.000,9999.000,9999.000,9999.000
202605251212,   1.020,   1.620,9999.000,9999.000,9999.000,9999.000,9999.000,9999.000,9999.000
202605251218,   0.951,9999.000,9999.000,9999.000,9999.000,9999.000,9999.000,9999.000,9999.000
202605251224,   0.885,   1.508,9999.000,9999.000,9999.000,9999.000,9999.000,9999.000,9999.000
202605251230,   0.823,9999.000,9999.000,9999.000,9999.000,9999.000,9999.000,9999.000,9999.000
202605251236,   0.763,   1.361,9999.000,9999.000,9999.000,9999.000,9999.000,9999.000,9999.000
202605251242,   0.706,9999.000,9999.000,9999.000,9999.000,9999.000,9999.000,9999.000,9999.000
202605251248,   0.653,   1.269,9999.000,9999.000,9999.000,9999.000,9999.000,9999.000,9999.000
202605251254,   0.603,9999.000,9999.000,9999.000,9999.000,9999.000,9999.000,9999.000,9999.000
202605251300,   0.558,   1.161,   0.300,   0.303,   1.161,   0.300,   1.161,   0.400,   1.261
202605251306,   0.516,   1.161,9999.000,9999.000,9999.000,9999.000,9999.000,9999.000,9999.000
202605251312,   0.478,   1.098,9999.000,9999.000,9999.000,9999.000,9999.000,9999.000,9999.000
202605251318,   0.445,   1.000,9999.000,9999.000,9999.000,9999.000,9999.000,9999.000,9999.000
202605251324,   0.416,   0.928,9999.000,9999.000,9999.000,9999.000,9999.000,9999.000,9999.000
202605251330,   0.392,   0.928,9999.000,9999.000,9999.000,9999.000,9999.000,9999.000,9999.000
202605251336,   0.372,   0.980,9999.000,9999.000,9999.000,9999.000,9999.000,9999.000,9999.000
202605251342,   0.358,   0.908,9999.000,9999.000,9999.000,9999.000,9999.000,9999.000,9999.000
202605251348,   0.348,   0.829,9999.000,9999.000,9999.000,9999.000,9999.000,9999.000,9999.000
202605251354,   0.343,   0.869,9999.000,9999.000,9999.000,9999.000,9999.000,9999.000,9999.000
202605251400,   0.343,   0.888,   0.300,   0.245,   0.888,   0.300,   0.888,   0.300,   0.888
202605251406,   0.349,   0.859,9999.000,9999.000,9999.000,9999.000,9999.000,9999.000,9999.000
202605251412,   0.359,   0.928,9999.000,9999.000,9999.000,9999.000,9999.000,9999.000,9999.000
202605251418,   0.375,   0.908,9999.000,9999.000,9999.000,9999.000,9999.000,9999.000,9999.000
202605251424,   0.396,   0.951,9999.000,9999.000,9999.000,9999.000,9999.000,9999.000,9999.000
202605251430,   0.421,   0.990,9999.000,9999.000,9999.000,9999.000,9999.000,9999.000,9999.000
202605251436,   0.452,   1.000,9999.000,9999.000,9999.000,9999.000,9999.000,9999.000,9999.000
202605251442,   0.488,   1.010,9999.000,9999.000,9999.000,9999.000,9999.000,9999.000,9999.000
202605251448,   0.528,   1.079,9999.000,9999.000,9999.000,9999.000,9999.000,9999.000,9999.000
202605251454,   0.573,   1.098,9999.000,9999.000,9999.000,9999.000,9999.000,9999.000,9999.000
202605251500,   0.622,   1.229,   0.300,   0.307,   1.229,   0.200,   1.129,   0.300,   1.229
202605251506,   0.676,   1.190,9999.000,9999.000,9999.000,9999.000,9999.000,9999.000,9999.000
202605251512,   0.734,   1.279,9999.000,9999.000,9999.000,9999.000,9999.000,9999.000,9999.000
202605251518,   0.796,   1.328,9999.000,9999.000,9999.000,9999.000,9999.000,9999.000,9999.000
202605251524,   0.862,   1.371,9999.000,9999.000,9999.000,9999.000,9999.000,9999.000,9999.000
202605251530,   0.931,   1.430,9999.000,9999.000,9999.000,9999.000,9999.000,9999.000,9999.000
202605251536,   1.003,   1.459,9999.000,9999.000,9999.000,9999.000,9999.000,9999.000,9999.000
202605251542,   1.078,   1.580,9999.000,9999.000,9999.000,9999.000,9999.000,9999.000,9999.000
202605251548,   1.156,   1.548,9999.000,9999.000,9999.000,9999.000,9999.000,9999.000,9999.000
202605251554,   1.237,   1.699,9999.000,9999.000,9999.000,9999.000,9999.000,9999.000,9999.000
202605251600,   1.319,   1.679,   0.300,   0.060,   1.679,   0.200,   1.579,   0.300,   1.679
202605251606,   1.404,   1.810,9999.000,9999.000,9999.000,9999.000,9999.000,9999.000,9999.000
202605251612,   1.490,   1.908,9999.000,9999.000,9999.000,9999.000,9999.000,9999.000,9999.000
202605251618,   1.578,   1.938,9999.000,9999.000,9999.000,9999.000,9999.000,9999.000,9999.000
202605251624,   1.667,   2.020,9999.000,9999.000,9999.000,9999.000,9999.000,9999.000,9999.000
202605251630,   1.757,   2.138,9999.000,9999.000,9999.000,9999.000,9999.000,9999.000,9999.000
202605251636,   1.848,   2.279,9999.000,9999.000,9999.000,9999.000,9999.000,9999.000,9999.000
202605251642,   1.939,   2.400,9999.000,9999.000,9999.000,9999.000,9999.000,9999.000,9999.000
202605251648,   2.031,   2.519,9999.000,9999.000,9999.000,9999.000,9999.000,9999.000,9999.000
202605251654,   2.123,   2.568,9999.000,9999.000,9999.000,9999.000,9999.000,9999.000,9999.000
202605251700,   2.214,   2.709,   0.300,   0.195,   2.709,   0.200,   2.609,   0.300,   2.709
202605251706,   2.305,   2.748,9999.000,9999.000,9999.000,9999.000,9999.000,9999.000,9999.000
202605251712,   2.396,   2.797,9999.000,9999.000,9999.000,9999.000,9999.000,9999.000,9999.000
202605251718,   2.486,   2.919,9999.000,9999.000,9999.000,9999.000,9999.000,9999.000,9999.000
202605251724,   2.575,   2.968,9999.000,9999.000,9999.000,9999.000,9999.000,9999.000,9999.000
202605251730,   2.663,   3.079,9999.000,9999.000,9999.000,9999.000,9999.000,9999.000,9999.000
202605251736,   2.750,   3.197,9999.000,9999.000,9999.000,9999.000,9999.000,9999.000,9999.000
202605251742,   2.836,   3.309,9999.000,9999.000,9999.000,9999.000,9999.000,9999.000,9999.000
202605251748,   2.920,   3.427,9999.000,9999.000,9999.000,9999.000,9999.000,9999.000,9999.000
202605251754,   3.003,   3.407,9999.000,9999.000,9999.000,9999.000,9999.000,9999.000,9999.000
202605251800,   3.084,   3.460,   0.300,   0.076,   3.460,   0.200,   3.360,   0.300,   3.460
202605251806,   3.163,   3.539,9999.000,9999.000,9999.000,9999.000,9999.000,9999.000,9999.000
202605251812,   3.240,   3.660,9999.000,9999.000,9999.000,9999.000,9999.000,9999.000,9999.000
202605251818,   3.315,   3.749,9999.000,9999.000,9999.000,9999.000,9999.000,9999.000,9999.000
202605251824,   3.388,   3.808,9999.000,9999.000,9999.000,9999.000,9999.000,9999.000,9999.000
202605251830,   3.458,   3.808,9999.000,9999.000,9999.000,9999.000,9999.000,9999.000,9999.000
202605251836,   3.526,   3.788,9999.000,9999.000,9999.000,9999.000,9999.000,9999.000,9999.000
202605251842,   3.591,   3.847,9999.000,9999.000,9999.000,9999.000,9999.000,9999.000,9999.000
202605251848,   3.653,   3.919,9999.000,9999.000,9999.000,9999.000,9999.000,9999.000,9999.000
202605251854,   3.713,   4.027,9999.000,9999.000,9999.000,9999.000,9999.000,9999.000,9999.000
202605251900,   3.769,   4.008,   0.300,  -0.061,   4.008,   0.200,   3.908,   0.300,   4.008
202605251906,   3.822,   4.070,9999.000,9999.000,9999.000,9999.000,9999.000,9999.000,9999.000
202605251912,   3.871,   4.037,9999.000,9999.000,9999.000,9999.000,9999.000,9999.000,9999.000
202605251918,   3.918,   4.057,9999.000,9999.000,9999.000,9999.000,9999.000,9999.000,9999.000
202605251924,   3.960,   4.178,9999.000,9999.000,9999.000,9999.000,9999.000,9999.000,9999.000
202605251930,   3.998,   4.267,9999.000,9999.000,9999.000,9999.000,9999.000,9999.000,9999.000
202605251936,   4.033,   4.300,9999.000,9999.000,9999.000,9999.000,9999.000,9999.000,9999.000
202605251942,   4.064,   4.339,9999.000,9999.000,9999.000,9999.000,9999.000,9999.000,9999.000
202605251948,   4.090,   4.378,9999.000,9999.000,9999.000,9999.000,9999.000,9999.000,9999.000
202605251954,   4.112,   4.388,9999.000,9999.000,9999.000,9999.000,9999.000,9999.000,9999.000
202605252000,   4.129,   4.418,   0.200,   0.089,   4.418,   0.200,   4.418,   0.300,   4.518
202605252006,   4.143,   4.447,9999.000,9999.000,9999.000,9999.000,9999.000,9999.000,9999.000
202605252012,   4.151,   4.398,9999.000,9999.000,9999.000,9999.000,9999.000,9999.000,9999.000
202605252018,   4.155,   4.408,9999.000,9999.000,9999.000,9999.000,9999.000,9999.000,9999.000
202605252024,   4.154,   4.418,9999.000,9999.000,9999.000,9999.000,9999.000,9999.000,9999.000
202605252030,   4.149,   4.418,9999.000,9999.000,9999.000,9999.000,9999.000,9999.000,9999.000
202605252036,   4.139,   4.329,9999.000,9999.000,9999.000,9999.000,9999.000,9999.000,9999.000
202605252042,   4.124,   4.257,9999.000,9999.000,9999.000,9999.000,9999.000,9999.000,9999.000
202605252048,   4.105,   4.359,9999.000,9999.000,9999.000,9999.000,9999.000,9999.000,9999.000
202605252054,   4.081,   4.349,9999.000,9999.000,9999.000,9999.000,9999.000,9999.000,9999.000
202605252100,   4.053,   4.257,   0.200,   0.004,   4.257,   0.200,   4.257,   0.300,   4.357
202605252106,   4.020,   4.218,9999.000,9999.000,9999.000,9999.000,9999.000,9999.000,9999.000
202605252112,   3.983,   4.208,9999.000,9999.000,9999.000,9999.000,9999.000,9999.000,9999.000
202605252118,   3.941,   4.218,9999.000,9999.000,9999.000,9999.000,9999.000,9999.000,9999.000
202605252124,   3.896,   4.139,9999.000,9999.000,9999.000,9999.000,9999.000,9999.000,9999.000
202605252130,   3.847,   4.149,9999.000,9999.000,9999.000,9999.000,9999.000,9999.000,9999.000
202605252136,   3.794,   4.119,9999.000,9999.000,9999.000,9999.000,9999.000,9999.000,9999.000
202605252142,   3.737,   4.070,9999.000,9999.000,9999.000,9999.000,9999.000,9999.000,9999.000
202605252148,   3.677,   3.978,9999.000,9999.000,9999.000,9999.000,9999.000,9999.000,9999.000
202605252154,   3.614,   3.949,9999.000,9999.000,9999.000,9999.000,9999.000,9999.000,9999.000
202605252200,   3.547,   3.939,   0.200,   0.192,   3.939,   0.200,   3.939,   0.300,   4.039
202605252206,   3.478,   3.837,9999.000,9999.000,9999.000,9999.000,9999.000,9999.000,9999.000
202605252212,   3.407,   3.749,9999.000,9999.000,9999.000,9999.000,9999.000,9999.000,9999.000
202605252218,   3.333,   3.719,9999.000,9999.000,9999.000,9999.000,9999.000,9999.000,9999.000
202605252224,   3.257,   3.558,9999.000,9999.000,9999.000,9999.000,9999.000,9999.000,9999.000
202605252230,   3.179,   3.470,9999.000,9999.000,9999.000,9999.000,9999.000,9999.000,9999.000
202605252236,   3.099,   3.450,9999.000,9999.000,9999.000,9999.000,9999.000,9999.000,9999.000
202605252242,   3.018,   3.358,9999.000,9999.000,9999.000,9999.000,9999.000,9999.000,9999.000
202605252248,   2.936,   3.207,9999.000,9999.000,9999.000,9999.000,9999.000,9999.000,9999.000
202605252254,   2.852,   3.188,9999.000,9999.000,9999.000,9999.000,9999.000,9999.000,9999.000
202605252300,   2.768,   3.089,   0.200,   0.121,   3.089,   0.200,   3.089,   0.300,   3.189
202605252306,   2.682,   2.919,9999.000,9999.000,9999.000,9999.000,9999.000,9999.000,9999.000
202605252312,   2.597,   2.820,9999.000,9999.000,9999.000,9999.000,9999.000,9999.000,9999.000
202605252318,   2.511,   2.768,9999.000,9999.000,9999.000,9999.000,9999.000,9999.000,9999.000
202605252324,   2.425,   2.620,9999.000,9999.000,9999.000,9999.000,9999.000,9999.000,9999.000
202605252330,   2.339,   2.519,9999.000,9999.000,9999.000,9999.000,9999.000,9999.000,9999.000
202605252336,   2.253,   2.318,9999.000,9999.000,9999.000,9999.000,9999.000,9999.000,9999.000
202605252342,   2.167,   2.210,9999.000,9999.000,9999.000,9999.000,9999.000,9999.000,9999.000
202605252348,   2.082,   2.269,9999.000,9999.000,9999.000,9999.000,9999.000,9999.000,9999.000
202605252354,   1.998,   2.089,9999.000,9999.000,9999.000,9999.000,9999.000,9999.000,9999.000
202605260000,   1.915,   2.069,   0.200,  -0.046,   2.069,   0.200,   2.069,   0.200,   2.069
202605260006,   1.833,   1.967,9999.000,9999.000,9999.000,9999.000,9999.000,9999.000,9999.000
202605260012,   1.753,   1.889,9999.000,9999.000,9999.000,9999.000,9999.000,9999.000,9999.000
202605260018,   1.673,   1.800,9999.000,9999.000,9999.000,9999.000,9999.000,9999.000,9999.000
202605260024,   1.596,   1.748,9999.000,9999.000,9999.000,9999.000,9999.000,9999.000,9999.000
202605260030,   1.520,   1.679,9999.000,9999.000,9999.000,9999.000,9999.000,9999.000,9999.000
202605260036,   1.446,   1.630,9999.000,9999.000,9999.000,9999.000,9999.000,9999.000,9999.000
202605260042,   1.375,   1.557,9999.000,9999.000,9999.000,9999.000,9999.000,9999.000,9999.000
202605260048,   1.306,   1.479,9999.000,9999.000,9999.000,9999.000,9999.000,9999.000,9999.000
202605260054,   1.239,   1.439,9999.000,9999.000,9999.000,9999.000,9999.000,9999.000,9999.000
202605260100,   1.176,   1.439,   0.200,   0.063,   1.439,   0.200,   1.439,   0.200,   1.439
202605260106,   1.115,   1.279,9999.000,9999.000,9999.000,9999.000,9999.000,9999.000,9999.000
202605260112,   1.057,   1.239,9999.000,9999.000,9999.000,9999.000,9999.000,9999.000,9999.000
202605260118,   1.003,   1.220,9999.000,9999.000,9999.000,9999.000,9999.000,9999.000,9999.000
202605260124,   0.953,   1.269,9999.000,9999.000,9999.000,9999.000,9999.000,9999.000,9999.000
202605260130,   0.906,   1.210,9999.000,9999.000,9999.000,9999.000,9999.000,9999.000,9999.000
202605260136,   0.864,   1.170,9999.000,9999.000,9999.000,9999.000,9999.000,9999.000,9999.000
202605260142,   0.825,   1.069,9999.000,9999.000,9999.000,9999.000,9999.000,9999.000,9999.000
202605260148,   0.791,   1.029,9999.000,9999.000,9999.000,9999.000,9999.000,9999.000,9999.000
202605260154,   0.761,   0.980,9999.000,9999.000,9999.000,9999.000,9999.000,9999.000,9999.000
202605260200,   0.736,   0.928,   0.200,  -0.008,   0.928,   0.200,   0.928,   0.200,   0.928
202605260206,   0.715,   0.970,9999.000,9999.000,9999.000,9999.000,9999.000,9999.000,9999.000
202605260212,   0.699,   0.928,9999.000,9999.000,9999.000,9999.000,9999.000,9999.000,9999.000
202605260218,   0.689,   0.918,9999.000,9999.000,9999.000,9999.000,9999.000,9999.000,9999.000
202605260224,   0.683,   0.898,9999.000,9999.000,9999.000,9999.000,9999.000,9999.000,9999.000
202605260230,   0.681,   0.908,9999.000,9999.000,9999.000,9999.000,9999.000,9999.000,9999.000
202605260236,   0.685,   0.941,9999.000,9999.000,9999.000,9999.000,9999.000,9999.000,9999.000
202605260242,   0.694,   0.908,9999.000,9999.000,9999.000,9999.000,9999.000,9999.000,9999.000
202605260248,   0.708,   0.980,9999.000,9999.000,9999.000,9999.000,9999.000,9999.000,9999.000
202605260254,   0.726,   0.928,9999.000,9999.000,9999.000,9999.000,9999.000,9999.000,9999.000
202605260300,   0.750,   0.990,   0.200,   0.040,   0.990,   0.200,   0.990,   0.300,   1.090
202605260306,   0.778,   0.980,9999.000,9999.000,9999.000,9999.000,9999.000,9999.000,9999.000
202605260312,   0.810,   1.010,9999.000,9999.000,9999.000,9999.000,9999.000,9999.000,9999.000
202605260318,   0.847,   1.010,9999.000,9999.000,9999.000,9999.000,9999.000,9999.000,9999.000
202605260324,   0.888,   1.029,9999.000,9999.000,9999.000,9999.000,9999.000,9999.000,9999.000
202605260330,   0.934,   1.039,9999.000,9999.000,9999.000,9999.000,9999.000,9999.000,9999.000
202605260336,   0.982,   1.098,9999.000,9999.000,9999.000,9999.000,9999.000,9999.000,9999.000
202605260342,   1.035,   1.170,9999.000,9999.000,9999.000,9999.000,9999.000,9999.000,9999.000
202605260348,   1.091,   1.289,9999.000,9999.000,9999.000,9999.000,9999.000,9999.000,9999.000
202605260354,   1.150,   1.308,9999.000,9999.000,9999.000,9999.000,9999.000,9999.000,9999.000
202605260400,   1.212,   1.390,   0.200,  -0.022,   1.390,   0.200,   1.390,   0.300,   1.490
202605260406,   1.276,   1.469,9999.000,9999.000,9999.000,9999.000,9999.000,9999.000,9999.000
202605260412,   1.343,   1.590,9999.000,9999.000,9999.000,9999.000,9999.000,9999.000,9999.000
202605260418,   1.412,   1.600,9999.000,9999.000,9999.000,9999.000,9999.000,9999.000,9999.000
202605260424,   1.483,   1.679,9999.000,9999.000,9999.000,9999.000,9999.000,9999.000,9999.000
202605260430,   1.555,   1.738,9999.000,9999.000,9999.000,9999.000,9999.000,9999.000,9999.000
202605260436,   1.628,   1.889,9999.000,9999.000,9999.000,9999.000,9999.000,9999.000,9999.000
202605260442,   1.703,   1.948,9999.000,9999.000,9999.000,9999.000,9999.000,9999.000,9999.000
202605260448,   1.779,   2.118,9999.000,9999.000,9999.000,9999.000,9999.000,9999.000,9999.000
202605260454,   1.855,   2.128,9999.000,9999.000,9999.000,9999.000,9999.000,9999.000,9999.000
202605260500,   1.931,   2.240,   0.200,   0.109,   2.240,   0.200,   2.240,   0.300,   2.340
202605260506,   2.008,   2.299,9999.000,9999.000,9999.000,9999.000,9999.000,9999.000,9999.000
202605260512,   2.085,   2.358,9999.000,9999.000,9999.000,9999.000,9999.000,9999.000,9999.000
202605260518,   2.162,   2.489,9999.000,9999.000,9999.000,9999.000,9999.000,9999.000,9999.000
202605260524,   2.238,   2.587,9999.000,9999.000,9999.000,9999.000,9999.000,9999.000,9999.000
202605260530,   2.314,   2.640,9999.000,9999.000,9999.000,9999.000,9999.000,9999.000,9999.000
202605260536,   2.389,   2.728,9999.000,9999.000,9999.000,9999.000,9999.000,9999.000,9999.000
202605260542,   2.463,   2.840,9999.000,9999.000,9999.000,9999.000,9999.000,9999.000,9999.000
202605260548,   2.537,   2.938,9999.000,9999.000,9999.000,9999.000,9999.000,9999.000,9999.000
202605260554,   2.609,   3.040,9999.000,9999.000,9999.000,9999.000,9999.000,9999.000,9999.000
202605260600,   2.680,   3.109,   0.300,   0.129,   3.109,   0.200,   3.009,   0.300,   3.109
202605260606,   2.750,   3.168,9999.000,9999.000,9999.000,9999.000,9999.000,9999.000,9999.000
202605260612,   2.819,   3.358,9999.000,9999.000,9999.000,9999.000,9999.000,9999.000,9999.000
202605260618,   2.886,   3.450,9999.000,9999.000,9999.000,9999.000,9999.000,9999.000,9999.000
202605260624,   2.952,   3.460,9999.000,9999.000,9999.000,9999.000,9999.000,9999.000,9999.000
202605260630,   3.015,   3.548,9999.000,9999.000,9999.000,9999.000,9999.000,9999.000,9999.000
202605260636,   3.077,   3.588,9999.000,9999.000,9999.000,9999.000,9999.000,9999.000,9999.000
202605260642,   3.138,   3.689,9999.000,9999.000,9999.000,9999.000,9999.000,9999.000,9999.000
202605260648,   3.196,   3.709,9999.000,9999.000,9999.000,9999.000,9999.000,9999.000,9999.000
202605260654,   3.252,   3.699,9999.000,9999.000,9999.000,9999.000,9999.000,9999.000,9999.000
202605260700,   3.305,   3.817,   0.300,   0.212,   3.817,   0.300,   3.817,   0.300,   3.817
202605260706,   3.356,   3.778,9999.000,9999.000,9999.000,9999.000,9999.000,9999.000,9999.000
202605260712,   3.405,   3.827,9999.000,9999.000,9999.000,9999.000,9999.000,9999.000,9999.000
202605260718,   3.451,   3.880,9999.000,9999.000,9999.000,9999.000,9999.000,9999.000,9999.000
202605260724,   3.495,   3.949,9999.000,9999.000,9999.000,9999.000,9999.000,9999.000,9999.000
202605260730,   3.535,   3.949,9999.000,9999.000,9999.000,9999.000,9999.000,9999.000,9999.000
202605260736,   3.572,   3.998,9999.000,9999.000,9999.000,9999.000,9999.000,9999.000,9999.000
202605260742,   3.606,   3.978,9999.000,9999.000,9999.000,9999.000,9999.000,9999.000,9999.000
202605260748,   3.637,   4.027,9999.000,9999.000,9999.000,9999.000,9999.000,9999.000,9999.000
202605260754,   3.664,   4.070,9999.000,9999.000,9999.000,9999.000,9999.000,9999.000,9999.000
202605260800,   3.687,   4.090,   0.300,   0.103,   4.090,   0.300,   4.090,   0.300,   4.090
202605260806,   3.707,   4.119,9999.000,9999.000,9999.000,9999.000,9999.000,9999.000,9999.000
202605260812,   3.723,   4.109,9999.000,9999.000,9999.000,9999.000,9999.000,9999.000,9999.000
202605260818,   3.735,   4.090,9999.000,9999.000,9999.000,9999.000,9999.000,9999.000,9999.000
202605260824,   3.743,   4.099,9999.000,9999.000,9999.000,9999.000,9999.000,9999.000,9999.000
202605260830,   3.747,   4.218,9999.000,9999.000,9999.000,9999.000,9999.000,9999.000,9999.000
202605260836,   3.747,   4.198,9999.000,9999.000,9999.000,9999.000,9999.000,9999.000,9999.000
202605260842,   3.742,   4.198,9999.000,9999.000,9999.000,9999.000,9999.000,9999.000,9999.000
202605260848,   3.734,   4.178,9999.000,9999.000,9999.000,9999.000,9999.000,9999.000,9999.000
202605260854,   3.721,   4.257,9999.000,9999.000,9999.000,9999.000,9999.000,9999.000,9999.000
202605260900,   3.703,   4.188,   0.300,   0.185,   4.188,   0.300,   4.188,   0.300,   4.188
202605260906,   3.682,   4.218,9999.000,9999.000,9999.000,9999.000,9999.000,9999.000,9999.000
202605260912,   3.656,   4.159,9999.000,9999.000,9999.000,9999.000,9999.000,9999.000,9999.000
202605260918,   3.626,   4.109,9999.000,9999.000,9999.000,9999.000,9999.000,9999.000,9999.000
202605260924,   3.593,   4.057,9999.000,9999.000,9999.000,9999.000,9999.000,9999.000,9999.000
202605260930,   3.555,   4.008,9999.000,9999.000,9999.000,9999.000,9999.000,9999.000,9999.000
202605260936,   3.514,   3.949,9999.000,9999.000,9999.000,9999.000,9999.000,9999.000,9999.000
202605260942,   3.468,   3.949,9999.000,9999.000,9999.000,9999.000,9999.000,9999.000,9999.000
202605260948,   3.420,   3.870,9999.000,9999.000,9999.000,9999.000,9999.000,9999.000,9999.000
202605260954,   3.368,   3.788,9999.000,9999.000,9999.000,9999.000,9999.000,9999.000,9999.000
202605261000,   3.312,   3.699,   0.300,   0.087,   3.699,   0.300,   3.699,   0.300,   3.699
202605261006,   3.254,   3.670,9999.000,9999.000,9999.000,9999.000,9999.000,9999.000,9999.000
202605261012,   3.193,   3.660,9999.000,9999.000,9999.000,9999.000,9999.000,9999.000,9999.000
202605261018,   3.129,   3.598,9999.000,9999.000,9999.000,9999.000,9999.000,9999.000,9999.000
202605261024,   3.063,   3.509,9999.000,9999.000,9999.000,9999.000,9999.000,9999.000,9999.000
202605261030,   2.994,   3.460,9999.000,9999.000,9999.000,9999.000,9999.000,9999.000,9999.000
202605261036,   2.924,   3.339,9999.000,9999.000,9999.000,9999.000,9999.000,9999.000,9999.000
202605261042,   2.851,   3.299,9999.000,9999.000,9999.000,9999.000,9999.000,9999.000,9999.000
202605261048,   2.777,   3.230,9999.000,9999.000,9999.000,9999.000,9999.000,9999.000,9999.000
202605261054,   2.701,   3.129,9999.000,9999.000,9999.000,9999.000,9999.000,9999.000,9999.000
202605261100,   2.624,   3.060,   0.300,   0.136,   3.060,   0.300,   3.060,   0.300,   3.060
202605261106,   2.546,   2.909,9999.000,9999.000,9999.000,9999.000,9999.000,9999.000,9999.000
202605261112,   2.467,   2.840,9999.000,9999.000,9999.000,9999.000,9999.000,9999.000,9999.000
202605261118,   2.387,   2.807,9999.000,9999.000,9999.000,9999.000,9999.000,9999.000,9999.000
202605261124,   2.306,   2.830,9999.000,9999.000,9999.000,9999.000,9999.000,9999.000,9999.000
202605261130,   2.225,   2.709,9999.000,9999.000,9999.000,9999.000,9999.000,9999.000,9999.000
202605261136,   2.143,   2.640,9999.000,9999.000,9999.000,9999.000,9999.000,9999.000,9999.000
202605261142,   2.062,   2.578,9999.000,9999.000,9999.000,9999.000,9999.000,9999.000,9999.000
202605261148,   1.980,   2.538,9999.000,9999.000,9999.000,9999.000,9999.000,9999.000,9999.000
202605261154,   1.899,   2.368,9999.000,9999.000,9999.000,9999.000,9999.000,9999.000,9999.000
202605261200,   1.818,   2.279,   0.300,   0.161,   2.279,   0.300,   2.279,   0.300,   2.279
202605261206,   1.737,   2.240,9999.000,9999.000,9999.000,9999.000,9999.000,9999.000,9999.000
202605261212,   1.657,   2.118,9999.000,9999.000,9999.000,9999.000,9999.000,9999.000,9999.000
202605261218,   1.577,   2.030,9999.000,9999.000,9999.000,9999.000,9999.000,9999.000,9999.000
202605261224,   1.499,   1.928,9999.000,9999.000,9999.000,9999.000,9999.000,9999.000,9999.000
202605261230,   1.421,   1.869,9999.000,9999.000,9999.000,9999.000,9999.000,9999.000,9999.000
202605261236,   1.345,   1.859,9999.000,9999.000,9999.000,9999.000,9999.000,9999.000,9999.000
202605261242,   1.270,   1.767,9999.000,9999.000,9999.000,9999.000,9999.000,9999.000,9999.000
202605261248,   1.197,   1.689,9999.000,9999.000,9999.000,9999.000,9999.000,9999.000,9999.000
202605261254,   1.125,   1.620,9999.000,9999.000,9999.000,9999.000,9999.000,9999.000,9999.000
202605261300,   1.056,   1.528,   0.300,   0.172,   1.528,   0.300,   1.528,   0.300,   1.528
202605261306,   0.988,   1.430,9999.000,9999.000,9999.000,9999.000,9999.000,9999.000,9999.000
202605261312,   0.923,   1.400,9999.000,9999.000,9999.000,9999.000,9999.000,9999.000,9999.000
202605261318,   0.861,   1.361,9999.000,9999.000,9999.000,9999.000,9999.000,9999.000,9999.000
202605261324,   0.801,   1.269,9999.000,9999.000,9999.000,9999.000,9999.000,9999.000,9999.000
202605261330,   0.745,   1.279,9999.000,9999.000,9999.000,9999.000,9999.000,9999.000,9999.000
202605261336,   0.692,   1.200,9999.000,9999.000,9999.000,9999.000,9999.000,9999.000,9999.000
202605261342,   0.642,   1.180,9999.000,9999.000,9999.000,9999.000,9999.000,9999.000,9999.000
202605261348,   0.596,   1.170,9999.000,9999.000,9999.000,9999.000,9999.000,9999.000,9999.000
202605261354,   0.553,   1.088,9999.000,9999.000,9999.000,9999.000,9999.000,9999.000,9999.000
202605261400,   0.515,   1.069,   0.300,   0.254,   1.069,   0.300,   1.069,   0.300,   1.069
202605261406,   0.481,   1.029,9999.000,9999.000,9999.000,9999.000,9999.000,9999.000,9999.000
202605261412,   0.452,   1.020,9999.000,9999.000,9999.000,9999.000,9999.000,9999.000,9999.000
202605261418,   0.427,   0.990,9999.000,9999.000,9999.000,9999.000,9999.000,9999.000,9999.000
202605261424,   0.408,   0.980,9999.000,9999.000,9999.000,9999.000,9999.000,9999.000,9999.000
202605261430,   0.393,   1.020,9999.000,9999.000,9999.000,9999.000,9999.000,9999.000,9999.000
202605261436,   0.383,   0.970,9999.000,9999.000,9999.000,9999.000,9999.000,9999.000,9999.000
202605261442,   0.378,   0.951,9999.000,9999.000,9999.000,9999.000,9999.000,9999.000,9999.000
202605261448,   0.378,   0.898,9999.000,9999.000,9999.000,9999.000,9999.000,9999.000,9999.000
202605261454,   0.384,   0.928,9999.000,9999.000,9999.000,9999.000,9999.000,9999.000,9999.000
202605261500,   0.395,   0.849,   0.300,   0.154,   0.849,   0.300,   0.849,   0.300,   0.849
202605261506,   0.412,   0.888,9999.000,9999.000,9999.000,9999.000,9999.000,9999.000,9999.000
202605261512,   0.433,   0.898,9999.000,9999.000,9999.000,9999.000,9999.000,9999.000,9999.000
202605261518,   0.460,   0.888,9999.000,9999.000,9999.000,9999.000,9999.000,9999.000,9999.000
202605261524,   0.492,   0.941,9999.000,9999.000,9999.000,9999.000,9999.000,9999.000,9999.000
202605261530,   0.529,   0.928,9999.000,9999.000,9999.000,9999.000,9999.000,9999.000,9999.000
202605261536,   0.571,   1.049,9999.000,9999.000,9999.000,9999.000,9999.000,9999.000,9999.000
202605261542,   0.617,   1.039,9999.000,9999.000,9999.000,9999.000,9999.000,9999.000,9999.000
202605261548,   0.668,   1.128,9999.000,9999.000,9999.000,9999.000,9999.000,9999.000,9999.000
202605261554,   0.724,   1.180,9999.000,9999.000,9999.000,9999.000,9999.000,9999.000,9999.000
202605261600,   0.783,   1.180,   0.300,   0.097,   1.180,   0.300,   1.180,   0.400,   1.280
202605261606,   0.847,   1.318,9999.000,9999.000,9999.000,9999.000,9999.000,9999.000,9999.000
202605261612,   0.914,   1.380,9999.000,9999.000,9999.000,9999.000,9999.000,9999.000,9999.000
202605261618,   0.985,   1.420,9999.000,9999.000,9999.000,9999.000,9999.000,9999.000,9999.000
202605261624,   1.059,   1.449,9999.000,9999.000,9999.000,9999.000,9999.000,9999.000,9999.000
202605261630,   1.136,   1.571,9999.000,9999.000,9999.000,9999.000,9999.000,9999.000,9999.000
202605261636,   1.216,   1.571,9999.000,9999.000,9999.000,9999.000,9999.000,9999.000,9999.000
202605261642,   1.298,   1.639,9999.000,9999.000,9999.000,9999.000,9999.000,9999.000,9999.000
202605261648,   1.382,   1.820,9999.000,9999.000,9999.000,9999.000,9999.000,9999.000,9999.000
202605261654,   1.469,   1.948,9999.000,9999.000,9999.000,9999.000,9999.000,9999.000,9999.000
202605261700,   1.556,   1.967,   0.300,   0.111,   1.967,   0.300,   1.967,   0.400,   2.067
202605261706,   1.646,   1.990,9999.000,9999.000,9999.000,9999.000,9999.000,9999.000,9999.000
202605261712,   1.736,   2.069,9999.000,9999.000,9999.000,9999.000,9999.000,9999.000,9999.000
202605261718,   1.828,   2.191,9999.000,9999.000,9999.000,9999.000,9999.000,9999.000,9999.000
202605261724,   1.920,   2.328,9999.000,9999.000,9999.000,9999.000,9999.000,9999.000,9999.000
202605261730,   2.013,   2.479,9999.000,9999.000,9999.000,9999.000,9999.000,9999.000,9999.000
202605261736,   2.106,   2.568,9999.000,9999.000,9999.000,9999.000,9999.000,9999.000,9999.000
202605261742,   2.200,   2.669,9999.000,9999.000,9999.000,9999.000,9999.000,9999.000,9999.000
202605261748,   2.293,   2.797,9999.000,9999.000,9999.000,9999.000,9999.000,9999.000,9999.000
202605261754,   2.386,   2.820,9999.000,9999.000,9999.000,9999.000,9999.000,9999.000,9999.000
202605261800,   2.479,   2.909,   0.300,   0.130,   2.909,   0.300,   2.909,   0.400,   3.009
202605261806,   2.571,   3.030,9999.000,9999.000,9999.000,9999.000,9999.000,9999.000,9999.000
202605261812,   2.663,   3.119,9999.000,9999.000,9999.000,9999.000,9999.000,9999.000,9999.000
202605261818,   2.754,   3.230,9999.000,9999.000,9999.000,9999.000,9999.000,9999.000,9999.000
202605261824,   2.844,   3.289,9999.000,9999.000,9999.000,9999.000,9999.000,9999.000,9999.000
202605261830,   2.933,   3.388,9999.000,9999.000,9999.000,9999.000,9999.000,9999.000,9999.000
202605261836,   3.020,   3.529,9999.000,9999.000,9999.000,9999.000,9999.000,9999.000,9999.000
202605261842,   3.107,   3.588,9999.000,9999.000,9999.000,9999.000,9999.000,9999.000,9999.000
202605261848,   3.191,   3.650,9999.000,9999.000,9999.000,9999.000,9999.000,9999.000,9999.000
202605261854,   3.274,   3.699,9999.000,9999.000,9999.000,9999.000,9999.000,9999.000,9999.000
202605261900,   3.355,   3.817,   0.300,   0.162,   3.817,   0.300,   3.817,   0.400,   3.917
202605261906,   3.435,   3.939,9999.000,9999.000,9999.000,9999.000,9999.000,9999.000,9999.000
202605261912,   3.511,   4.017,9999.000,9999.000,9999.000,9999.000,9999.000,9999.000,9999.000
202605261918,   3.586,   4.109,9999.000,9999.000,9999.000,9999.000,9999.000,9999.000,9999.000
202605261924,   3.658,   4.257,9999.000,9999.000,9999.000,9999.000,9999.000,9999.000,9999.000
202605261930,   3.728,   4.280,9999.000,9999.000,9999.000,9999.000,9999.000,9999.000,9999.000
202605261936,   3.794,   4.349,9999.000,9999.000,9999.000,9999.000,9999.000,9999.000,9999.000
202605261942,   3.858,   4.408,9999.000,9999.000,9999.000,9999.000,9999.000,9999.000,9999.000
202605261948,   3.918,   4.467,9999.000,9999.000,9999.000,9999.000,9999.000,9999.000,9999.000
202605261954,   3.975,   4.569,9999.000,9999.000,9999.000,9999.000,9999.000,9999.000,9999.000
202605262000,   4.028,   4.588,   0.300,   0.260,   4.588,   0.300,   4.588,   0.300,   4.588
202605262006,   4.078,   4.628,9999.000,9999.000,9999.000,9999.000,9999.000,9999.000,9999.000
202605262012,   4.123,   4.637,9999.000,9999.000,9999.000,9999.000,9999.000,9999.000,9999.000
202605262018,   4.164,   4.700,9999.000,9999.000,9999.000,9999.000,9999.000,9999.000,9999.000
202605262024,   4.202,   4.769,9999.000,9999.000,9999.000,9999.000,9999.000,9999.000,9999.000
202605262030,   4.234,   4.729,9999.000,9999.000,9999.000,9999.000,9999.000,9999.000,9999.000
202605262036,   4.263,   4.818,9999.000,9999.000,9999.000,9999.000,9999.000,9999.000,9999.000
202605262042,   4.286,   4.818,9999.000,9999.000,9999.000,9999.000,9999.000,9999.000,9999.000
202605262048,   4.305,   4.749,9999.000,9999.000,9999.000,9999.000,9999.000,9999.000,9999.000
202605262054,   4.319,   4.847,9999.000,9999.000,9999.000,9999.000,9999.000,9999.000,9999.000
202605262100,   4.328,   4.900,   0.300,   0.272,   4.900,   0.300,   4.900,   0.400,   5.000
202605262106,   4.332,   4.919,9999.000,9999.000,9999.000,9999.000,9999.000,9999.000,9999.000
202605262112,   4.331,   4.867,9999.000,9999.000,9999.000,9999.000,9999.000,9999.000,9999.000
202605262118,   4.325,   4.808,9999.000,9999.000,9999.000,9999.000,9999.000,9999.000,9999.000
202605262124,   4.314,   4.798,9999.000,9999.000,9999.000,9999.000,9999.000,9999.000,9999.000
202605262130,   4.299,   4.769,9999.000,9999.000,9999.000,9999.000,9999.000,9999.000,9999.000
202605262136,   4.278,   4.778,9999.000,9999.000,9999.000,9999.000,9999.000,9999.000,9999.000
202605262142,   4.253,   4.769,9999.000,9999.000,9999.000,9999.000,9999.000,9999.000,9999.000
202605262148,   4.223,   4.677,9999.000,9999.000,9999.000,9999.000,9999.000,9999.000,9999.000
202605262154,   4.188,   4.667,9999.000,9999.000,9999.000,9999.000,9999.000,9999.000,9999.000
202605262200,   4.149,   4.647,   0.400,   0.098,   4.647,   0.300,   4.547,   0.400,   4.647
202605262206,   4.106,   4.647,9999.000,9999.000,9999.000,9999.000,9999.000,9999.000,9999.000
202605262212,   4.059,   4.549,9999.000,9999.000,9999.000,9999.000,9999.000,9999.000,9999.000
202605262218,   4.008,   4.480,9999.000,9999.000,9999.000,9999.000,9999.000,9999.000,9999.000
202605262224,   3.953,   4.457,9999.000,9999.000,9999.000,9999.000,9999.000,9999.000,9999.000
202605262230,   3.894,   4.349,9999.000,9999.000,9999.000,9999.000,9999.000,9999.000,9999.000
202605262236,   3.832,   4.309,9999.000,9999.000,9999.000,9999.000,9999.000,9999.000,9999.000
202605262242,   3.767,   4.290,9999.000,9999.000,9999.000,9999.000,9999.000,9999.000,9999.000
202605262248,   3.699,   4.280,9999.000,9999.000,9999.000,9999.000,9999.000,9999.000,9999.000
202605262254,   3.629,   4.300,9999.000,9999.000,9999.000,9999.000,9999.000,9999.000,9999.000
202605262300,   3.555,   4.139,   0.400,   0.184,   4.139,   0.300,   4.039,   0.400,   4.139
202605262306,   3.480,   4.099,9999.000,9999.000,9999.000,9999.000,9999.000,9999.000,9999.000
202605262312,   3.402,   4.047,9999.000,9999.000,9999.000,9999.000,9999.000,9999.000,9999.000
202605262318,   3.322,   3.978,9999.000,9999.000,9999.000,9999.000,9999.000,9999.000,9999.000
202605262324,   3.241,   3.808,9999.000,9999.000,9999.000,9999.000,9999.000,9999.000,9999.000
202605262330,   3.158,   3.680,9999.000,9999.000,9999.000,9999.000,9999.000,9999.000,9999.000
202605262336,   3.073,   3.529,9999.000,9999.000,9999.000,9999.000,9999.000,9999.000,9999.000
202605262342,   2.988,   3.450,9999.000,9999.000,9999.000,9999.000,9999.000,9999.000,9999.000
202605262348,   2.901,   3.358,9999.000,9999.000,9999.000,9999.000,9999.000,9999.000,9999.000
202605262354,   2.813,   3.299,9999.000,9999.000,9999.000,9999.000,9999.000,9999.000,9999.000
202605270000,   2.725,   3.148,   0.300,   0.123,   3.148,   0.300,   3.148,   0.400,   3.248
202605270006,   2.636,   3.040,9999.000,9999.000,9999.000,9999.000,9999.000,9999.000,9999.000
202605270012,   2.547,   2.988,9999.000,9999.000,9999.000,9999.000,9999.000,9999.000,9999.000
202605270018,   2.457,   2.968,9999.000,9999.000,9999.000,9999.000,9999.000,9999.000,9999.000
202605270024,   2.367,   2.840,9999.000,9999.000,9999.000,9999.000,9999.000,9999.000,9999.000
202605270030,   2.278,   2.660,9999.000,9999.000,9999.000,9999.000,9999.000,9999.000,9999.000
202605270036,   2.188,   2.640,9999.000,9999.000,9999.000,9999.000,9999.000,9999.000,9999.000
202605270042,   2.099,   2.509,9999.000,9999.000,9999.000,9999.000,9999.000,9999.000,9999.000
202605270048,   2.011,   2.400,9999.000,9999.000,9999.000,9999.000,9999.000,9999.000,9999.000
202605270054,   1.923,   2.348,9999.000,9999.000,9999.000,9999.000,9999.000,9999.000,9999.000
202605270100,   1.837,   2.299,   0.300,   0.162,   2.299,   0.300,   2.299,   0.400,   2.399
202605270106,   1.751,   2.200,9999.000,9999.000,9999.000,9999.000,9999.000,9999.000,9999.000
202605270112,   1.667,   2.191,9999.000,9999.000,9999.000,9999.000,9999.000,9999.000,9999.000
202605270118,   1.584,   2.118,9999.000,9999.000,9999.000,9999.000,9999.000,9999.000,9999.000
202605270124,   1.503,   2.099,9999.000,9999.000,9999.000,9999.000,9999.000,9999.000,9999.000
202605270130,   1.425,   1.990,9999.000,9999.000,9999.000,9999.000,9999.000,9999.000,9999.000
202605270136,   1.348,   1.889,9999.000,9999.000,9999.000,9999.000,9999.000,9999.000,9999.000
202605270142,   1.274,   1.790,9999.000,9999.000,9999.000,9999.000,9999.000,9999.000,9999.000
202605270148,   1.202,   1.708,9999.000,9999.000,9999.000,9999.000,9999.000,9999.000,9999.000
202605270154,   1.134,   1.580,9999.000,9999.000,9999.000,9999.000,9999.000,9999.000,9999.000
202605270200,   1.069,   1.518,   0.300,   0.149,   1.518,   0.300,   1.518,   0.400,   1.618
202605270206,   1.007,   1.548,9999.000,9999.000,9999.000,9999.000,9999.000,9999.000,9999.000
202605270212,   0.949,   1.479,9999.000,9999.000,9999.000,9999.000,9999.000,9999.000,9999.000
202605270218,   0.894,   1.528,9999.000,9999.000,9999.000,9999.000,9999.000,9999.000,9999.000
202605270224,   0.844,   1.371,9999.000,9999.000,9999.000,9999.000,9999.000,9999.000,9999.000
202605270230,   0.798,   1.338,9999.000,9999.000,9999.000,9999.000,9999.000,9999.000,9999.000
202605270236,   0.756,   1.151,9999.000,9999.000,9999.000,9999.000,9999.000,9999.000,9999.000
202605270242,   0.719,   1.161,9999.000,9999.000,9999.000,9999.000,9999.000,9999.000,9999.000
202605270248,   0.687,   1.180,9999.000,9999.000,9999.000,9999.000,9999.000,9999.000,9999.000
202605270254,   0.660,   1.151,9999.000,9999.000,9999.000,9999.000,9999.000,9999.000,9999.000
202605270300,   0.638,   1.098,   0.300,   0.160,   1.098,   0.300,   1.098,   0.400,   1.198
202605270306,   0.620,   1.049,9999.000,9999.000,9999.000,9999.000,9999.000,9999.000,9999.000
202605270312,   0.608,   1.020,9999.000,9999.000,9999.000,9999.000,9999.000,9999.000,9999.000
202605270318,   0.601,   1.020,9999.000,9999.000,9999.000,9999.000,9999.000,9999.000,9999.000
202605270324,   0.599,   0.980,9999.000,9999.000,9999.000,9999.000,9999.000,9999.000,9999.000
202605270330,   0.603,   1.138,9999.000,9999.000,9999.000,9999.000,9999.000,9999.000,9999.000
202605270336,   0.611,   1.118,9999.000,9999.000,9999.000,9999.000,9999.000,9999.000,9999.000
202605270342,   0.625,   1.128,9999.000,9999.000,9999.000,9999.000,9999.000,9999.000,9999.000
202605270348,   0.643,   1.079,9999.000,9999.000,9999.000,9999.000,9999.000,9999.000,9999.000
202605270354,   0.666,   1.138,9999.000,9999.000,9999.000,9999.000,9999.000,9999.000,9999.000
202605270400,   0.694,   1.108,   0.300,   0.114,   1.108,   0.300,   1.108,   0.400,   1.208
202605270406,   0.727,   1.079,9999.000,9999.000,9999.000,9999.000,9999.000,9999.000,9999.000
202605270412,   0.763,   1.229,9999.000,9999.000,9999.000,9999.000,9999.000,9999.000,9999.000
202605270418,   0.804,   1.380,9999.000,9999.000,9999.000,9999.000,9999.000,9999.000,9999.000
202605270424,   0.849,   1.420,9999.000,9999.000,9999.000,9999.000,9999.000,9999.000,9999.000
202605270430,   0.897,   1.361,9999.000,9999.000,9999.000,9999.000,9999.000,9999.000,9999.000
202605270436,   0.949,   1.318,9999.000,9999.000,9999.000,9999.000,9999.000,9999.000,9999.000
202605270442,   1.004,   1.390,9999.000,9999.000,9999.000,9999.000,9999.000,9999.000,9999.000
202605270448,   1.063,   1.439,9999.000,9999.000,9999.000,9999.000,9999.000,9999.000,9999.000
202605270454,   1.123,   1.449,9999.000,9999.000,9999.000,9999.000,9999.000,9999.000,9999.000
202605270500,   1.187,   1.459,   0.300,  -0.028,   1.459,   0.300,   1.459,   0.300,   1.459
202605270506,   1.252,   1.508,9999.000,9999.000,9999.000,9999.000,9999.000,9999.000,9999.000
202605270512,   1.320,   1.590,9999.000,9999.000,9999.000,9999.000,9999.000,9999.000,9999.000
202605270518,   1.389,   1.800,9999.000,9999.000,9999.000,9999.000,9999.000,9999.000,9999.000
202605270524,   1.460,   1.859,9999.000,9999.000,9999.000,9999.000,9999.000,9999.000,9999.000
202605270530,   1.532,   1.990,9999.000,9999.000,9999.000,9999.000,9999.000,9999.000,9999.000
202605270536,   1.605,   1.918,9999.000,9999.000,9999.000,9999.000,9999.000,9999.000,9999.000
202605270542,   1.680,   2.099,9999.000,9999.000,9999.000,9999.000,9999.000,9999.000,9999.000
202605270548,   1.755,   2.168,9999.000,9999.000,9999.000,9999.000,9999.000,9999.000,9999.000
202605270554,   1.830,   2.210,9999.000,9999.000,9999.000,9999.000,9999.000,9999.000,9999.000
202605270600,   1.906,   2.289,   0.300,   0.083,   2.289,   0.200,   2.189,   0.400,   2.389
202605270606,   1.982,   2.440,9999.000,9999.000,9999.000,9999.000,9999.000,9999.000,9999.000
202605270612,   2.058,   2.469,9999.000,9999.000,9999.000,9999.000,9999.000,9999.000,9999.000
202605270618,   2.134,   2.509,9999.000,9999.000,9999.000,9999.000,9999.000,9999.000,9999.000
202605270624,   2.210,   2.689,9999.000,9999.000,9999.000,9999.000,9999.000,9999.000,9999.000
202605270630,   2.284,   2.807,9999.000,9999.000,9999.000,9999.000,9999.000,9999.000,9999.000
202605270636,   2.359,   2.929,9999.000,9999.000,9999.000,9999.000,9999.000,9999.000,9999.000
202605270642,   2.433,   2.919,9999.000,9999.000,9999.000,9999.000,9999.000,9999.000,9999.000
202605270648,   2.506,   2.879,9999.000,9999.000,9999.000,9999.000,9999.000,9999.000,9999.000
202605270654,   2.579,   3.079,9999.000,9999.000,9999.000,9999.000,9999.000,9999.000,9999.000
202605270700,   2.650,   3.050,   0.300,   0.100,   3.050,   0.300,   3.050,   0.400,   3.150
202605270706,   2.720,   3.089,9999.000,9999.000,9999.000,9999.000,9999.000,9999.000,9999.000
202605270712,   2.788,   3.207,9999.000,9999.000,9999.000,9999.000,9999.000,9999.000,9999.000
202605270718,   2.855,   3.358,9999.000,9999.000,9999.000,9999.000,9999.000,9999.000,9999.000
202605270724,   2.921,   3.309,9999.000,9999.000,9999.000,9999.000,9999.000,9999.000,9999.000
202605270730,   2.985,   3.398,9999.000,9999.000,9999.000,9999.000,9999.000,9999.000,9999.000
202605270736,   3.046,   3.480,9999.000,9999.000,9999.000,9999.000,9999.000,9999.000,9999.000
202605270742,   3.106,   3.529,9999.000,9999.000,9999.000,9999.000,9999.000,9999.000,9999.000
202605270748,   3.163,   3.578,9999.000,9999.000,9999.000,9999.000,9999.000,9999.000,9999.000
202605270754,   3.218,   3.598,9999.000,9999.000,9999.000,9999.000,9999.000,9999.000,9999.000
202605270800,   3.270,   3.627,   0.300,   0.057,   3.627,   0.300,   3.627,   0.400,   3.727
202605270806,   3.320,   3.709,9999.000,9999.000,9999.000,9999.000,9999.000,9999.000,9999.000
202605270812,   3.366,   3.778,9999.000,9999.000,9999.000,9999.000,9999.000,9999.000,9999.000
202605270818,   3.410,   3.788,9999.000,9999.000,9999.000,9999.000,9999.000,9999.000,9999.000
202605270824,   3.450,   3.860,9999.000,9999.000,9999.000,9999.000,9999.000,9999.000,9999.000
202605270830,   3.487,   3.929,9999.000,9999.000,9999.000,9999.000,9999.000,9999.000,9999.000
202605270836,   3.520,   3.890,9999.000,9999.000,9999.000,9999.000,9999.000,9999.000,9999.000
202605270842,   3.549,   3.899,9999.000,9999.000,9999.000,9999.000,9999.000,9999.000,9999.000
202605270848,   3.575,   3.939,9999.000,9999.000,9999.000,9999.000,9999.000,9999.000,9999.000
202605270854,   3.596,   3.968,9999.000,9999.000,9999.000,9999.000,9999.000,9999.000,9999.000
202605270900,   3.614,   4.070,   0.300,   0.156,   4.070,   0.300,   4.070,   0.400,   4.170
202605270906,   3.627,   4.008,9999.000,9999.000,9999.000,9999.000,9999.000,9999.000,9999.000
202605270912,   3.636,   4.037,9999.000,9999.000,9999.000,9999.000,9999.000,9999.000,9999.000
202605270918,   3.641,   4.037,9999.000,9999.000,9999.000,9999.000,9999.000,9999.000,9999.000
202605270924,   3.642,   4.057,9999.000,9999.000,9999.000,9999.000,9999.000,9999.000,9999.000
202605270930,   3.638,   4.037,9999.000,9999.000,9999.000,9999.000,9999.000,9999.000,9999.000
202605270936,   3.630,   4.080,9999.000,9999.000,9999.000,9999.000,9999.000,9999.000,9999.000
202605270942,   3.618,   4.008,9999.000,9999.000,9999.000,9999.000,9999.000,9999.000,9999.000
202605270948,   3.601,   3.949,9999.000,9999.000,9999.000,9999.000,9999.000,9999.000,9999.000
202605270954,   3.580,   3.939,9999.000,9999.000,9999.000,9999.000,9999.000,9999.000,9999.000
202605271000,   3.555,   3.949,   0.300,   0.094,   3.949,   0.300,   3.949,   0.400,   4.049
202605271006,   3.526,   3.899,9999.000,9999.000,9999.000,9999.000,9999.000,9999.000,9999.000
202605271012,   3.493,   3.899,9999.000,9999.000,9999.000,9999.000,9999.000,9999.000,9999.000
202605271018,   3.456,   3.899,9999.000,9999.000,9999.000,9999.000,9999.000,9999.000,9999.000
202605271024,   3.416,   3.788,9999.000,9999.000,9999.000,9999.000,9999.000,9999.000,9999.000
202605271030,   3.372,   3.739,9999.000,9999.000,9999.000,9999.000,9999.000,9999.000,9999.000
202605271036,   3.325,   3.837,9999.000,9999.000,9999.000,9999.000,9999.000,9999.000,9999.000
202605271042,   3.275,   3.699,9999.000,9999.000,9999.000,9999.000,9999.000,9999.000,9999.000
202605271048,   3.221,   3.670,9999.000,9999.000,9999.000,9999.000,9999.000,9999.000,9999.000
202605271054,   3.165,   3.598,9999.000,9999.000,9999.000,9999.000,9999.000,9999.000,9999.000
202605271100,   3.106,   3.617,   0.300,   0.211,   3.617,   0.300,   3.617,   0.400,   3.717
202605271106,   3.045,   3.509,9999.000,9999.000,9999.000,9999.000,9999.000,9999.000,9999.000
202605271112,   2.981,   3.378,9999.000,9999.000,9999.000,9999.000,9999.000,9999.000,9999.000
202605271118,   2.915,   3.407,9999.000,9999.000,9999.000,9999.000,9999.000,9999.000,9999.000
202605271124,   2.847,   3.378,9999.000,9999.000,9999.000,9999.000,9999.000,9999.000,9999.000
202605271130,   2.778,   3.289,9999.000,9999.000,9999.000,9999.000,9999.000,9999.000,9999.000
202605271136,   2.706,   3.158,9999.000,9999.000,9999.000,9999.000,9999.000,9999.000,9999.000
202605271142,   2.634,   3.148,9999.000,9999.000,9999.000,9999.000,9999.000,9999.000,9999.000
202605271148,   2.560,   3.109,9999.000,9999.000,9999.000,9999.000,9999.000,9999.000,9999.000
202605271154,   2.485,   2.938,9999.000,9999.000,9999.000,9999.000,9999.000,9999.000,9999.000
202605271200,   2.408,   2.830,   0.300,   0.122,   2.830,   0.300,   2.830,   0.300,   2.830
202605271206,   2.331,   2.807,9999.000,9999.000,9999.000,9999.000,9999.000,9999.000,9999.000
202605271212,   2.254,   2.699,9999.000,9999.000,9999.000,9999.000,9999.000,9999.000,9999.000
202605271218,   2.175,   2.499,9999.000,9999.000,9999.000,9999.000,9999.000,9999.000,9999.000
202605271224,   2.096,   2.430,9999.000,9999.000,9999.000,9999.000,9999.000,9999.000,9999.000
202605271230,   2.017,   2.400,9999.000,9999.000,9999.000,9999.000,9999.000,9999.000,9999.000
202605271236,   1.938,   2.259,9999.000,9999.000,9999.000,9999.000,9999.000,9999.000,9999.000
202605271242,   1.859,   2.289,9999.000,9999.000,9999.000,9999.000,9999.000,9999.000,9999.000
202605271248,   1.780,   2.158,9999.000,9999.000,9999.000,9999.000,9999.000,9999.000,9999.000
202605271254,   1.701,   2.079,9999.000,9999.000,9999.000,9999.000,9999.000,9999.000,9999.000
202605271300,   1.622,   1.967,   0.300,   0.045,   1.967,   0.300,   1.967,   0.400,   2.067
202605271306,   1.544,   1.938,9999.000,9999.000,9999.000,9999.000,9999.000,9999.000,9999.000
202605271312,   1.467,   1.748,9999.000,9999.000,9999.000,9999.000,9999.000,9999.000,9999.000
202605271318,   1.391,   1.708,9999.000,9999.000,9999.000,9999.000,9999.000,9999.000,9999.000
202605271324,   1.316,   1.590,9999.000,9999.000,9999.000,9999.000,9999.000,9999.000,9999.000
202605271330,   1.243,   1.610,9999.000,9999.000,9999.000,9999.000,9999.000,9999.000,9999.000
202605271336,   1.171,   1.557,9999.000,9999.000,9999.000,9999.000,9999.000,9999.000,9999.000
202605271342,   1.101,   1.498,9999.000,9999.000,9999.000,9999.000,9999.000,9999.000,9999.000
202605271348,   1.032,   1.390,9999.000,9999.000,9999.000,9999.000,9999.000,9999.000,9999.000
202605271354,   0.966,   1.328,9999.000,9999.000,9999.000,9999.000,9999.000,9999.000,9999.000
202605271400,   0.903,   1.289,   0.300,   0.086,   1.289,   0.300,   1.289,   0.400,   1.389
202605271406,   0.842,   1.210,9999.000,9999.000,9999.000,9999.000,9999.000,9999.000,9999.000
202605271412,   0.784,   1.098,9999.000,9999.000,9999.000,9999.000,9999.000,9999.000,9999.000
202605271418,   0.730,   1.059,9999.000,9999.000,9999.000,9999.000,9999.000,9999.000,9999.000
202605271424,   0.678,   0.990,9999.000,9999.000,9999.000,9999.000,9999.000,9999.000,9999.000
202605271430,   0.631,   1.020,9999.000,9999.000,9999.000,9999.000,9999.000,9999.000,9999.000
202605271436,   0.587,   0.908,9999.000,9999.000,9999.000,9999.000,9999.000,9999.000,9999.000
202605271442,   0.548,   0.980,9999.000,9999.000,9999.000,9999.000,9999.000,9999.000,9999.000
202605271448,   0.512,   0.908,9999.000,9999.000,9999.000,9999.000,9999.000,9999.000,9999.000
202605271454,   0.481,   0.770,9999.000,9999.000,9999.000,9999.000,9999.000,9999.000,9999.000
202605271500,   0.455,   0.810,   0.300,   0.055,   0.810,   0.300,   0.810,   0.400,   0.910
202605271506,   0.434,   0.770,9999.000,9999.000,9999.000,9999.000,9999.000,9999.000,9999.000
202605271512,   0.418,   0.708,9999.000,9999.000,9999.000,9999.000,9999.000,9999.000,9999.000
202605271518,   0.407,   0.770,9999.000,9999.000,9999.000,9999.000,9999.000,9999.000,9999.000
202605271524,   0.401,   0.639,9999.000,9999.000,9999.000,9999.000,9999.000,9999.000,9999.000
202605271530,   0.400,   0.590,9999.000,9999.000,9999.000,9999.000,9999.000,9999.000,9999.000
202605271536,   0.404,   0.708,9999.000,9999.000,9999.000,9999.000,9999.000,9999.000,9999.000
202605271542,   0.414,   0.751,9999.000,9999.000,9999.000,9999.000,9999.000,9999.000,9999.000
202605271548,   0.430,   0.731,9999.000,9999.000,9999.000,9999.000,9999.000,9999.000,9999.000
202605271554,   0.450,   0.760,9999.000,9999.000,9999.000,9999.000,9999.000,9999.000,9999.000
202605271600,   0.476,   0.688,   0.400,  -0.188,   0.688,   0.300,   0.588,   0.400,   0.688
202605271606,   0.507,   0.810,9999.000,9999.000,9999.000,9999.000,9999.000,9999.000,9999.000
202605271612,   0.543,   0.829,9999.000,9999.000,9999.000,9999.000,9999.000,9999.000,9999.000
202605271618,   0.584,   0.961,9999.000,9999.000,9999.000,9999.000,9999.000,9999.000,9999.000
202605271624,   0.629,   0.941,9999.000,9999.000,9999.000,9999.000,9999.000,9999.000,9999.000
202605271630,   0.680,   1.069,9999.000,9999.000,9999.000,9999.000,9999.000,9999.000,9999.000
202605271636,   0.735,   1.069,9999.000,9999.000,9999.000,9999.000,9999.000,9999.000,9999.000
202605271642,   0.794,   1.180,9999.000,9999.000,9999.000,9999.000,9999.000,9999.000,9999.000
202605271648,   0.857,   1.229,9999.000,9999.000,9999.000,9999.000,9999.000,9999.000,9999.000
202605271654,   0.924,   1.380,9999.000,9999.000,9999.000,9999.000,9999.000,9999.000,9999.000
202605271700,   0.995,   1.338,   0.300,   0.043,   1.338,   0.300,   1.338,   0.400,   1.438
202605271706,   1.069,   1.430,9999.000,9999.000,9999.000,9999.000,9999.000,9999.000,9999.000
202605271712,   1.146,   1.571,9999.000,9999.000,9999.000,9999.000,9999.000,9999.000,9999.000
202605271718,   1.226,   1.630,9999.000,9999.000,9999.000,9999.000,9999.000,9999.000,9999.000
202605271724,   1.309,   1.659,9999.000,9999.000,9999.000,9999.000,9999.000,9999.000,9999.000
202605271730,   1.394,   1.800,9999.000,9999.000,9999.000,9999.000,9999.000,9999.000,9999.000
202605271736,   1.481,   1.781,9999.000,9999.000,9999.000,9999.000,9999.000,9999.000,9999.000
202605271742,   1.571,   1.767,9999.000,9999.000,9999.000,9999.000,9999.000,9999.000,9999.000
202605271748,   1.662,   2.040,9999.000,9999.000,9999.000,9999.000,9999.000,9999.000,9999.000
202605271754,   1.754,   2.099,9999.000,9999.000,9999.000,9999.000,9999.000,9999.000,9999.000
202605271800,   1.848,   2.191,   0.400,  -0.057,   2.191,   0.300,   2.091,   0.400,   2.191
202605271806,   1.943,   2.269,9999.000,9999.000,9999.000,9999.000,9999.000,9999.000,9999.000
202605271812,   2.039,   2.459,9999.000,9999.000,9999.000,9999.000,9999.000,9999.000,9999.000
202605271818,   2.135,   2.489,9999.000,9999.000,9999.000,9999.000,9999.000,9999.000,9999.000
202605271824,   2.232,   2.587,9999.000,9999.000,9999.000,9999.000,9999.000,9999.000,9999.000
202605271830,   2.329,   2.669,9999.000,9999.000,9999.000,9999.000,9999.000,9999.000,9999.000
202605271836,   2.426,   2.850,9999.000,9999.000,9999.000,9999.000,9999.000,9999.000,9999.000
202605271842,   2.523,   2.860,9999.000,9999.000,9999.000,9999.000,9999.000,9999.000,9999.000
202605271848,   2.620,   2.958,9999.000,9999.000,9999.000,9999.000,9999.000,9999.000,9999.000
202605271854,   2.716,   3.070,9999.000,9999.000,9999.000,9999.000,9999.000,9999.000,9999.000
202605271900,   2.812,   3.119,   0.400,  -0.093,   3.119,   0.300,   3.019,   0.400,   3.119
202605271906,   2.907,   3.339,9999.000,9999.000,9999.000,9999.000,9999.000,9999.000,9999.000
202605271912,   3.001,   3.427,9999.000,9999.000,9999.000,9999.000,9999.000,9999.000,9999.000
202605271918,   3.094,   3.539,9999.000,9999.000,9999.000,9999.000,9999.000,9999.000,9999.000
202605271924,   3.185,   3.578,9999.000,9999.000,9999.000,9999.000,9999.000,9999.000,9999.000
202605271930,   3.275,   3.739,9999.000,9999.000,9999.000,9999.000,9999.000,9999.000,9999.000
202605271936,   3.363,   3.788,9999.000,9999.000,9999.000,9999.000,9999.000,9999.000,9999.000
202605271942,   3.449,   3.890,9999.000,9999.000,9999.000,9999.000,9999.000,9999.000,9999.000
202605271948,   3.533,   3.998,9999.000,9999.000,9999.000,9999.000,9999.000,9999.000,9999.000
202605271954,   3.615,   4.149,9999.000,9999.000,9999.000,9999.000,9999.000,9999.000,9999.000
202605272000,   3.694,   4.247,   0.400,   0.153,   4.247,   0.300,   4.147,   0.400,   4.247
202605272006,   3.771,   4.280,9999.000,9999.000,9999.000,9999.000,9999.000,9999.000,9999.000
202605272012,   3.845,   4.300,9999.000,9999.000,9999.000,9999.000,9999.000,9999.000,9999.000
202605272018,   3.915,   4.408,9999.000,9999.000,9999.000,9999.000,9999.000,9999.000,9999.000
202605272024,   3.982,   4.467,9999.000,9999.000,9999.000,9999.000,9999.000,9999.000,9999.000
202605272030,   4.046,   4.549,9999.000,9999.000,9999.000,9999.000,9999.000,9999.000,9999.000
202605272036,   4.106,   4.598,9999.000,9999.000,9999.000,9999.000,9999.000,9999.000,9999.000
202605272042,   4.163,   4.690,9999.000,9999.000,9999.000,9999.000,9999.000,9999.000,9999.000
202605272048,   4.215,   4.690,9999.000,9999.000,9999.000,9999.000,9999.000,9999.000,9999.000
202605272054,   4.263,   4.729,9999.000,9999.000,9999.000,9999.000,9999.000,9999.000,9999.000
202605272100,   4.307,   4.828,   0.400,   0.121,   4.828,   0.300,   4.728,   0.400,   4.828
202605272106,   4.346,   4.877,9999.000,9999.000,9999.000,9999.000,9999.000,9999.000,9999.000
202605272112,   4.380,   4.877,9999.000,9999.000,9999.000,9999.000,9999.000,9999.000,9999.000
202605272118,   4.410,   4.979,9999.000,9999.000,9999.000,9999.000,9999.000,9999.000,9999.000
202605272124,   4.435,   4.988,9999.000,9999.000,9999.000,9999.000,9999.000,9999.000,9999.000
202605272130,   4.455,   5.018,9999.000,9999.000,9999.000,9999.000,9999.000,9999.000,9999.000
202605272136,   4.470,   5.018,9999.000,9999.000,9999.000,9999.000,9999.000,9999.000,9999.000
202605272142,   4.481,   5.028,9999.000,9999.000,9999.000,9999.000,9999.000,9999.000,9999.000
202605272148,   4.486,   5.057,9999.000,9999.000,9999.000,9999.000,9999.000,9999.000,9999.000
202605272154,   4.485,   5.038,9999.000,9999.000,9999.000,9999.000,9999.000,9999.000,9999.000
202605272200,   4.480,   4.998,   0.400,   0.118,   4.998,   0.300,   4.898,   0.500,   5.098
202605272206,   4.470,   4.998,9999.000,9999.000,9999.000,9999.000,9999.000,9999.000,9999.000
202605272212,   4.455,   4.998,9999.000,9999.000,9999.000,9999.000,9999.000,9999.000,9999.000
202605272218,   4.435,   4.959,9999.000,9999.000,9999.000,9999.000,9999.000,9999.000,9999.000
202605272224,   4.411,   4.939,9999.000,9999.000,9999.000,9999.000,9999.000,9999.000,9999.000
202605272230,   4.381,   4.949,9999.000,9999.000,9999.000,9999.000,9999.000,9999.000,9999.000
202605272236,   4.347,   4.939,9999.000,9999.000,9999.000,9999.000,9999.000,9999.000,9999.000
202605272242,   4.309,   4.847,9999.000,9999.000,9999.000,9999.000,9999.000,9999.000,9999.000
202605272248,   4.266,   4.818,9999.000,9999.000,9999.000,9999.000,9999.000,9999.000,9999.000
202605272254,   4.219,   4.828,9999.000,9999.000,9999.000,9999.000,9999.000,9999.000,9999.000
202605272300,   4.168,   4.798,   0.400,   0.230,   4.798,   0.300,   4.698,   0.500,   4.898
202605272306,   4.113,   4.677,9999.000,9999.000,9999.000,9999.000,9999.000,9999.000,9999.000
202605272312,   4.055,   4.710,9999.000,9999.000,9999.000,9999.000,9999.000,9999.000,9999.000
202605272318,   3.993,   4.539,9999.000,9999.000,9999.000,9999.000,9999.000,9999.000,9999.000
202605272324,   3.927,   4.457,9999.000,9999.000,9999.000,9999.000,9999.000,9999.000,9999.000
202605272330,   3.859,   4.457,9999.000,9999.000,9999.000,9999.000,9999.000,9999.000,9999.000
202605272336,   3.788,   4.368,9999.000,9999.000,9999.000,9999.000,9999.000,9999.000,9999.000
202605272342,   3.713,   4.359,9999.000,9999.000,9999.000,9999.000,9999.000,9999.000,9999.000
202605272348,   3.637,   4.339,9999.000,9999.000,9999.000,9999.000,9999.000,9999.000,9999.000
202605272354,   3.558,   4.237,9999.000,9999.000,9999.000,9999.000,9999.000,9999.000,9999.000
202605280000,   3.476,   4.149,   0.400,   0.273,   4.149,   0.300,   4.049,   0.500,   4.249
202605280006,   3.393,   4.047,9999.000,9999.000,9999.000,9999.000,9999.000,9999.000,9999.000
202605280012,   3.307,   3.939,9999.000,9999.000,9999.000,9999.000,9999.000,9999.000,9999.000
202605280018,   3.220,   3.847,9999.000,9999.000,9999.000,9999.000,9999.000,9999.000,9999.000
202605280024,   3.131,   3.847,9999.000,9999.000,9999.000,9999.000,9999.000,9999.000,9999.000
202605280030,   3.041,   3.637,9999.000,9999.000,9999.000,9999.000,9999.000,9999.000,9999.000
202605280036,   2.950,   3.558,9999.000,9999.000,9999.000,9999.000,9999.000,9999.000,9999.000
202605280042,   2.857,   3.578,9999.000,9999.000,9999.000,9999.000,9999.000,9999.000,9999.000
202605280048,   2.764,   3.440,9999.000,9999.000,9999.000,9999.000,9999.000,9999.000,9999.000
202605280054,   2.670,   3.339,9999.000,9999.000,9999.000,9999.000,9999.000,9999.000,9999.000
202605280100,   2.575,   3.270,   0.400,   0.295,   3.270,   0.300,   3.170,   0.500,   3.370
202605280106,   2.480,   3.079,9999.000,9999.000,9999.000,9999.000,9999.000,9999.000,9999.000
202605280112,   2.385,   2.997,9999.000,9999.000,9999.000,9999.000,9999.000,9999.000,9999.000
202605280118,   2.290,   2.840,9999.000,9999.000,9999.000,9999.000,9999.000,9999.000,9999.000
202605280124,   2.194,   2.689,9999.000,9999.000,9999.000,9999.000,9999.000,9999.000,9999.000
202605280130,   2.100,   2.669,9999.000,9999.000,9999.000,9999.000,9999.000,9999.000,9999.000
202605280136,   2.005,   2.440,9999.000,9999.000,9999.000,9999.000,9999.000,9999.000,9999.000
202605280142,   1.912,   2.348,9999.000,9999.000,9999.000,9999.000,9999.000,9999.000,9999.000
202605280148,   1.820,   2.387,9999.000,9999.000,9999.000,9999.000,9999.000,9999.000,9999.000
202605280154,   1.729,   2.148,9999.000,9999.000,9999.000,9999.000,9999.000,9999.000,9999.000
202605280200,   1.639,   2.138,   0.400,   0.099,   2.138,   0.400,   2.138,   0.500,   2.238
202605280206,   1.551,   2.059,9999.000,9999.000,9999.000,9999.000,9999.000,9999.000,9999.000
202605280212,   1.465,   2.049,9999.000,9999.000,9999.000,9999.000,9999.000,9999.000,9999.000
202605280218,   1.381,   1.948,9999.000,9999.000,9999.000,9999.000,9999.000,9999.000,9999.000
202605280224,   1.300,   2.020,9999.000,9999.000,9999.000,9999.000,9999.000,9999.000,9999.000
202605280230,   1.221,   1.899,9999.000,9999.000,9999.000,9999.000,9999.000,9999.000,9999.000
202605280236,   1.145,   1.830,9999.000,9999.000,9999.000,9999.000,9999.000,9999.000,9999.000
202605280242,   1.073,   1.699,9999.000,9999.000,9999.000,9999.000,9999.000,9999.000,9999.000
202605280248,   1.004,   1.669,9999.000,9999.000,9999.000,9999.000,9999.000,9999.000,9999.000
202605280254,   0.939,   1.600,9999.000,9999.000,9999.000,9999.000,9999.000,9999.000,9999.000
202605280300,   0.877,   1.557,   0.400,   0.280,   1.557,   0.400,   1.557,   0.500,   1.657
202605280306,   0.820,   1.528,9999.000,9999.000,9999.000,9999.000,9999.000,9999.000,9999.000
202605280312,   0.767,   1.420,9999.000,9999.000,9999.000,9999.000,9999.000,9999.000,9999.000
202605280318,   0.718,   1.338,9999.000,9999.000,9999.000,9999.000,9999.000,9999.000,9999.000
202605280324,   0.674,   1.210,9999.000,9999.000,9999.000,9999.000,9999.000,9999.000,9999.000
202605280330,   0.635,   1.361,9999.000,9999.000,9999.000,9999.000,9999.000,9999.000,9999.000
202605280336,   0.601,   1.328,9999.000,9999.000,9999.000,9999.000,9999.000,9999.000,9999.000
202605280342,   0.571,   1.279,9999.000,9999.000,9999.000,9999.000,9999.000,9999.000,9999.000
202605280348,   0.547,   1.210,9999.000,9999.000,9999.000,9999.000,9999.000,9999.000,9999.000
202605280354,   0.528,   1.279,9999.000,9999.000,9999.000,9999.000,9999.000,9999.000,9999.000
202605280400,   0.515,   1.138,   0.400,   0.223,   1.138,   0.300,   1.038,   0.400,   1.138
202605280406,   0.506,   1.138,9999.000,9999.000,9999.000,9999.000,9999.000,9999.000,9999.000
202605280412,   0.503,   1.151,9999.000,9999.000,9999.000,9999.000,9999.000,9999.000,9999.000
202605280418,   0.505,   1.279,9999.000,9999.000,9999.000,9999.000,9999.000,9999.000,9999.000
202605280424,   0.512,   1.161,9999.000,9999.000,9999.000,9999.000,9999.000,9999.000,9999.000
202605280430,   0.524,   1.108,9999.000,9999.000,9999.000,9999.000,9999.000,9999.000,9999.000
202605280436,   0.541,   1.108,9999.000,9999.000,9999.000,9999.000,9999.000,9999.000,9999.000
202605280442,   0.563,   1.151,9999.000,9999.000,9999.000,9999.000,9999.000,9999.000,9999.000
202605280448,   0.589,   1.108,9999.000,9999.000,9999.000,9999.000,9999.000,9999.000,9999.000
202605280454,   0.620,   1.180,9999.000,9999.000,9999.000,9999.000,9999.000,9999.000,9999.000
202605280500,   0.656,   1.279,   0.400,   0.223,   1.279,   0.300,   1.179,   0.400,   1.279
202605280506,   0.695,   1.318,9999.000,9999.000,9999.000,9999.000,9999.000,9999.000,9999.000
202605280512,   0.739,   1.308,9999.000,9999.000,9999.000,9999.000,9999.000,9999.000,9999.000
202605280518,   0.786,   1.210,9999.000,9999.000,9999.000,9999.000,9999.000,9999.000,9999.000
202605280524,   0.837,   1.430,9999.000,9999.000,9999.000,9999.000,9999.000,9999.000,9999.000
202605280530,   0.891,   1.459,9999.000,9999.000,9999.000,9999.000,9999.000,9999.000,9999.000
202605280536,   0.949,   1.518,9999.000,9999.000,9999.000,9999.000,9999.000,9999.000,9999.000
202605280542,   1.009,   1.590,9999.000,9999.000,9999.000,9999.000,9999.000,9999.000,9999.000
202605280548,   1.073,   1.590,9999.000,9999.000,9999.000,9999.000,9999.000,9999.000,9999.000
202605280554,   1.138,   1.738,9999.000,9999.000,9999.000,9999.000,9999.000,9999.000,9999.000
202605280600,   1.206,   1.689,   0.400,   0.083,   1.689,   0.300,   1.589,   0.500,   1.789
202605280606,   1.276,   1.869,9999.000,9999.000,9999.000,9999.000,9999.000,9999.000,9999.000
202605280612,   1.348,   1.990,9999.000,9999.000,9999.000,9999.000,9999.000,9999.000,9999.000
202605280618,   1.421,   2.059,9999.000,9999.000,9999.000,9999.000,9999.000,9999.000,9999.000
202605280624,   1.496,   2.220,9999.000,9999.000,9999.000,9999.000,9999.000,9999.000,9999.000
202605280630,   1.572,   2.299,9999.000,9999.000,9999.000,9999.000,9999.000,9999.000,9999.000
202605280636,   1.648,   2.440,9999.000,9999.000,9999.000,9999.000,9999.000,9999.000,9999.000
202605280642,   1.726,   2.519,9999.000,9999.000,9999.000,9999.000,9999.000,9999.000,9999.000
202605280648,   1.804,   2.558,9999.000,9999.000,9999.000,9999.000,9999.000,9999.000,9999.000
202605280654,   1.883,   2.597,9999.000,9999.000,9999.000,9999.000,9999.000,9999.000,9999.000
202605280700,   1.962,   2.640,   0.500,   0.178,   2.640,   0.400,   2.540,   0.500,   2.640
202605280706,   2.041,   2.719,9999.000,9999.000,9999.000,9999.000,9999.000,9999.000,9999.000
202605280712,   2.120,   2.929,9999.000,9999.000,9999.000,9999.000,9999.000,9999.000,9999.000
202605280718,   2.198,   2.929,9999.000,9999.000,9999.000,9999.000,9999.000,9999.000,9999.000
202605280724,   2.276,   3.007,9999.000,9999.000,9999.000,9999.000,9999.000,9999.000,9999.000
202605280730,   2.353,   3.007,9999.000,9999.000,9999.000,9999.000,9999.000,9999.000,9999.000
202605280736,   2.430,   3.079,9999.000,9999.000,9999.000,9999.000,9999.000,9999.000,9999.000
202605280742,   2.505,   3.207,9999.000,9999.000,9999.000,9999.000,9999.000,9999.000,9999.000
202605280748,   2.580,   3.250,9999.000,9999.000,9999.000,9999.000,9999.000,9999.000,9999.000
202605280754,   2.652,   3.339,9999.000,9999.000,9999.000,9999.000,9999.000,9999.000,9999.000
202605280800,   2.724,   3.427,   0.500,   0.203,   3.427,   0.400,   3.327,   0.600,   3.527
202605280806,   2.793,   3.598,9999.000,9999.000,9999.000,9999.000,9999.000,9999.000,9999.000
202605280812,   2.861,   3.548,9999.000,9999.000,9999.000,9999.000,9999.000,9999.000,9999.000
202605280818,   2.926,   3.578,9999.000,9999.000,9999.000,9999.000,9999.000,9999.000,9999.000
202605280824,   2.990,   3.607,9999.000,9999.000,9999.000,9999.000,9999.000,9999.000,9999.000
202605280830,   3.051,   3.650,9999.000,9999.000,9999.000,9999.000,9999.000,9999.000,9999.000
202605280836,   3.109,   3.680,9999.000,9999.000,9999.000,9999.000,9999.000,9999.000,9999.000
202605280842,   3.164,   3.827,9999.000,9999.000,9999.000,9999.000,9999.000,9999.000,9999.000
202605280848,   3.217,   3.899,9999.000,9999.000,9999.000,9999.000,9999.000,9999.000,9999.000
202605280854,   3.266,   3.968,9999.000,9999.000,9999.000,9999.000,9999.000,9999.000,9999.000
202605280900,   3.312,   4.008,   0.600,   0.096,   4.008,   0.500,   3.908,   0.600,   4.008
202605280906,   3.355,   4.057,9999.000,9999.000,9999.000,9999.000,9999.000,9999.000,9999.000
202605280912,   3.394,   4.090,9999.000,9999.000,9999.000,9999.000,9999.000,9999.000,9999.000
202605280918,   3.430,   4.139,9999.000,9999.000,9999.000,9999.000,9999.000,9999.000,9999.000
202605280924,   3.461,   4.247,9999.000,9999.000,9999.000,9999.000,9999.000,9999.000,9999.000
202605280930,   3.489,   4.188,9999.000,9999.000,9999.000,9999.000,9999.000,9999.000,9999.000
202605280936,   3.513,   4.218,9999.000,9999.000,9999.000,9999.000,9999.000,9999.000,9999.000
202605280942,   3.533,   4.290,9999.000,9999.000,9999.000,9999.000,9999.000,9999.000,9999.000
202605280948,   3.548,   4.329,9999.000,9999.000,9999.000,9999.000,9999.000,9999.000,9999.000
202605280954,   3.560,   4.218,9999.000,9999.000,9999.000,9999.000,9999.000,9999.000,9999.000
202605281000,   3.567,   4.290,   0.600,   0.123,   4.290,   0.500,   4.190,   0.600,   4.290
202605281006,   3.570,   4.280,9999.000,9999.000,9999.000,9999.000,9999.000,9999.000,9999.000
202605281012,   3.569,   4.309,9999.000,9999.000,9999.000,9999.000,9999.000,9999.000,9999.000
202605281018,   3.563,   4.247,9999.000,9999.000,9999.000,9999.000,9999.000,9999.000,9999.000
202605281024,   3.553,   4.319,9999.000,9999.000,9999.000,9999.000,9999.000,9999.000,9999.000
202605281030,   3.539,   4.388,9999.000,9999.000,9999.000,9999.000,9999.000,9999.000,9999.000
202605281036,   3.521,   4.309,9999.000,9999.000,9999.000,9999.000,9999.000,9999.000,9999.000
202605281042,   3.499,   4.339,9999.000,9999.000,9999.000,9999.000,9999.000,9999.000,9999.000
202605281048,   3.473,   4.198,9999.000,9999.000,9999.000,9999.000,9999.000,9999.000,9999.000
202605281054,   3.444,   4.218,9999.000,9999.000,9999.000,9999.000,9999.000,9999.000,9999.000
202605281100,   3.410,   4.247,   0.600,   0.237,   4.247,   0.500,   4.147,   0.700,   4.347
202605281106,   3.373,   4.149,9999.000,9999.000,9999.000,9999.000,9999.000,9999.000,9999.000
202605281112,   3.332,   4.188,9999.000,9999.000,9999.000,9999.000,9999.000,9999.000,9999.000
202605281118,   3.288,   4.227,9999.000,9999.000,9999.000,9999.000,9999.000,9999.000,9999.000
202605281124,   3.241,   4.188,9999.000,9999.000,9999.000,9999.000,9999.000,9999.000,9999.000
202605281130,   3.190,   4.099,9999.000,9999.000,9999.000,9999.000,9999.000,9999.000,9999.000
202605281136,   3.137,   3.998,9999.000,9999.000,9999.000,9999.000,9999.000,9999.000,9999.000
202605281142,   3.081,   3.998,9999.000,9999.000,9999.000,9999.000,9999.000,9999.000,9999.000
202605281148,   3.022,   4.008,9999.000,9999.000,9999.000,9999.000,9999.000,9999.000,9999.000
202605281154,   2.961,   3.929,9999.000,9999.000,9999.000,9999.000,9999.000,9999.000,9999.000
202605281200,   2.898,   3.899,   0.700,   0.301,   3.899,   0.600,   3.799,   0.700,   3.899
202605281206,   2.832,   3.827,9999.000,9999.000,9999.000,9999.000,9999.000,9999.000,9999.000
202605281212,   2.764,   3.758,9999.000,9999.000,9999.000,9999.000,9999.000,9999.000,9999.000
202605281218,   2.695,   3.598,9999.000,9999.000,9999.000,9999.000,9999.000,9999.000,9999.000
202605281224,   2.624,   3.509,9999.000,9999.000,9999.000,9999.000,9999.000,9999.000,9999.000
202605281230,   2.551,   3.509,9999.000,9999.000,9999.000,9999.000,9999.000,9999.000,9999.000
202605281236,   2.477,   3.368,9999.000,9999.000,9999.000,9999.000,9999.000,9999.000,9999.000
202605281242,   2.402,   3.299,9999.000,9999.000,9999.000,9999.000,9999.000,9999.000,9999.000
202605281248,   2.325,   3.217,9999.000,9999.000,9999.000,9999.000,9999.000,9999.000,9999.000
202605281254,   2.248,   3.168,9999.000,9999.000,9999.000,9999.000,9999.000,9999.000,9999.000
202605281300,   2.170,   3.060,   0.700,   0.190,   3.060,   0.600,   2.960,   0.700,   3.060
202605281306,   2.091,   2.938,9999.000,9999.000,9999.000,9999.000,9999.000,9999.000,9999.000
202605281312,   2.012,   2.879,9999.000,9999.000,9999.000,9999.000,9999.000,9999.000,9999.000
202605281318,   1.933,   2.738,9999.000,9999.000,9999.000,9999.000,9999.000,9999.000,9999.000
202605281324,   1.853,   2.669,9999.000,9999.000,9999.000,9999.000,9999.000,9999.000,9999.000
202605281330,   1.774,   2.587,9999.000,9999.000,9999.000,9999.000,9999.000,9999.000,9999.000
202605281336,   1.695,   2.519,9999.000,9999.000,9999.000,9999.000,9999.000,9999.000,9999.000
202605281342,   1.616,   2.377,9999.000,9999.000,9999.000,9999.000,9999.000,9999.000,9999.000
202605281348,   1.538,   2.358,9999.000,9999.000,9999.000,9999.000,9999.000,9999.000,9999.000
202605281354,   1.461,   2.259,9999.000,9999.000,9999.000,9999.000,9999.000,9999.000,9999.000
202605281400,   1.385,   2.118,   0.700,   0.033,   2.118,   0.700,   2.118,   0.700,   2.118
202605281406,   1.310,   2.109,9999.000,9999.000,9999.000,9999.000,9999.000,9999.000,9999.000
202605281412,   1.237,   1.981,9999.000,9999.000,9999.000,9999.000,9999.000,9999.000,9999.000
202605281418,   1.165,   1.938,9999.000,9999.000,9999.000,9999.000,9999.000,9999.000,9999.000
202605281424,   1.095,   1.928,9999.000,9999.000,9999.000,9999.000,9999.000,9999.000,9999.000
202605281430,   1.028,   1.869,9999.000,9999.000,9999.000,9999.000,9999.000,9999.000,9999.000
202605281436,   0.962,   1.840,9999.000,9999.000,9999.000,9999.000,9999.000,9999.000,9999.000
202605281442,   0.900,   1.728,9999.000,9999.000,9999.000,9999.000,9999.000,9999.000,9999.000
202605281448,   0.840,   1.708,9999.000,9999.000,9999.000,9999.000,9999.000,9999.000,9999.000
202605281454,   0.783,   1.571,9999.000,9999.000,9999.000,9999.000,9999.000,9999.000,9999.000
202605281500,   0.730,   1.479,   0.700,   0.049,   1.479,   0.700,   1.479,   0.800,   1.579
202605281506,   0.680,   1.538,9999.000,9999.000,9999.000,9999.000,9999.000,9999.000,9999.000
202605281512,   0.634,   1.489,9999.000,9999.000,9999.000,9999.000,9999.000,9999.000,9999.000
202605281518,   0.591,   1.390,9999.000,9999.000,9999.000,9999.000,9999.000,9999.000,9999.000
202605281524,   0.553,   1.430,9999.000,9999.000,9999.000,9999.000,9999.000,9999.000,9999.000
202605281530,   0.519,   1.318,9999.000,9999.000,9999.000,9999.000,9999.000,9999.000,9999.000
202605281536,   0.490,   1.200,9999.000,9999.000,9999.000,9999.000,9999.000,9999.000,9999.000
202605281542,   0.465,   1.269,9999.000,9999.000,9999.000,9999.000,9999.000,9999.000,9999.000
202605281548,   0.445,   1.239,9999.000,9999.000,9999.000,9999.000,9999.000,9999.000,9999.000
202605281554,   0.430,   1.249,9999.000,9999.000,9999.000,9999.000,9999.000,9999.000,9999.000
202605281600,   0.420,   1.298,   0.800,   0.078,   1.298,   0.700,   1.198,   0.800,   1.298
202605281606,   0.415,   1.308,9999.000,9999.000,9999.000,9999.000,9999.000,9999.000,9999.000
202605281612,   0.415,   1.210,9999.000,9999.000,9999.000,9999.000,9999.000,9999.000,9999.000
202605281618,   0.421,   1.249,9999.000,9999.000,9999.000,9999.000,9999.000,9999.000,9999.000
202605281624,   0.431,   1.138,9999.000,9999.000,9999.000,9999.000,9999.000,9999.000,9999.000
202605281630,   0.447,   1.079,9999.000,9999.000,9999.000,9999.000,9999.000,9999.000,9999.000
202605281636,   0.468,   1.128,9999.000,9999.000,9999.000,9999.000,9999.000,9999.000,9999.000
202605281642,   0.495,   1.269,9999.000,9999.000,9999.000,9999.000,9999.000,9999.000,9999.000
202605281648,   0.526,   1.279,9999.000,9999.000,9999.000,9999.000,9999.000,9999.000,9999.000
202605281654,   0.563,   1.430,9999.000,9999.000,9999.000,9999.000,9999.000,9999.000,9999.000
202605281700,   0.604,   1.518,   0.800,   0.114,   1.518,   0.800,   1.518,   0.800,   1.518
202605281706,   0.651,   1.518,9999.000,9999.000,9999.000,9999.000,9999.000,9999.000,9999.000
202605281712,   0.702,   1.590,9999.000,9999.000,9999.000,9999.000,9999.000,9999.000,9999.000
202605281718,   0.757,   1.548,9999.000,9999.000,9999.000,9999.000,9999.000,9999.000,9999.000
202605281724,   0.817,   1.571,9999.000,9999.000,9999.000,9999.000,9999.000,9999.000,9999.000
202605281730,   0.882,   1.590,9999.000,9999.000,9999.000,9999.000,9999.000,9999.000,9999.000
202605281736,   0.950,   1.728,9999.000,9999.000,9999.000,9999.000,9999.000,9999.000,9999.000
202605281742,   1.022,   1.810,9999.000,9999.000,9999.000,9999.000,9999.000,9999.000,9999.000
202605281748,   1.098,   1.810,9999.000,9999.000,9999.000,9999.000,9999.000,9999.000,9999.000
202605281754,   1.177,   1.981,9999.000,9999.000,9999.000,9999.000,9999.000,9999.000,9999.000
202605281800,   1.259,   2.020,   0.800,  -0.039,   2.020,   0.800,   2.020,   0.800,   2.020
202605281806,   1.344,   2.000,9999.000,9999.000,9999.000,9999.000,9999.000,9999.000,9999.000
202605281812,   1.432,   2.040,9999.000,9999.000,9999.000,9999.000,9999.000,9999.000,9999.000
202605281818,   1.523,   2.168,9999.000,9999.000,9999.000,9999.000,9999.000,9999.000,9999.000
202605281824,   1.616,   2.299,9999.000,9999.000,9999.000,9999.000,9999.000,9999.000,9999.000
202605281830,   1.710,   2.269,9999.000,9999.000,9999.000,9999.000,9999.000,9999.000,9999.000
202605281836,   1.807,   2.410,9999.000,9999.000,9999.000,9999.000,9999.000,9999.000,9999.000
202605281842,   1.905,   2.499,9999.000,9999.000,9999.000,9999.000,9999.000,9999.000,9999.000
202605281848,   2.004,   2.587,9999.000,9999.000,9999.000,9999.000,9999.000,9999.000,9999.000
202605281854,   2.104,   2.709,9999.000,9999.000,9999.000,9999.000,9999.000,9999.000,9999.000
202605281900,   2.205,   2.699,   0.800,  -0.306,   2.699,   0.800,   2.699,   0.900,   2.799
202605281906,   2.307,   2.899,9999.000,9999.000,9999.000,9999.000,9999.000,9999.000,9999.000
202605281912,   2.409,   2.997,9999.000,9999.000,9999.000,9999.000,9999.000,9999.000,9999.000
202605281918,   2.511,   3.158,9999.000,9999.000,9999.000,9999.000,9999.000,9999.000,9999.000
202605281924,   2.613,   3.260,9999.000,9999.000,9999.000,9999.000,9999.000,9999.000,9999.000
202605281930,   2.715,   3.427,9999.000,9999.000,9999.000,9999.000,9999.000,9999.000,9999.000
202605281936,   2.816,   3.519,9999.000,9999.000,9999.000,9999.000,9999.000,9999.000,9999.000
202605281942,   2.916,   3.578,9999.000,9999.000,9999.000,9999.000,9999.000,9999.000,9999.000
202605281948,   3.015,   3.758,9999.000,9999.000,9999.000,9999.000,9999.000,9999.000,9999.000
202605281954,   3.113,   3.860,9999.000,9999.000,9999.000,9999.000,9999.000,9999.000,9999.000
202605282000,   3.210,   3.968,   0.800,  -0.042,   3.968,   0.800,   3.968,   0.900,   4.068
202605282006,   3.305,   4.070,9999.000,9999.000,9999.000,9999.000,9999.000,9999.000,9999.000
202605282012,   3.398,   4.208,9999.000,9999.000,9999.000,9999.000,9999.000,9999.000,9999.000
202605282018,   3.489,   4.309,9999.000,9999.000,9999.000,9999.000,9999.000,9999.000,9999.000
202605282024,   3.578,   4.427,9999.000,9999.000,9999.000,9999.000,9999.000,9999.000,9999.000
202605282030,   3.664,   4.427,9999.000,9999.000,9999.000,9999.000,9999.000,9999.000,9999.000
202605282036,   3.747,   4.509,9999.000,9999.000,9999.000,9999.000,9999.000,9999.000,9999.000
202605282042,   3.828,   4.628,9999.000,9999.000,9999.000,9999.000,9999.000,9999.000,9999.000
202605282048,   3.906,   4.667,9999.000,9999.000,9999.000,9999.000,9999.000,9999.000,9999.000
202605282054,   3.980,   4.759,9999.000,9999.000,9999.000,9999.000,9999.000,9999.000,9999.000
202605282100,   4.051,   4.867,   0.800,   0.016,   4.867,   0.800,   4.867,   0.800,   4.867
202605282106,   4.119,   4.959,9999.000,9999.000,9999.000,9999.000,9999.000,9999.000,9999.000
202605282112,   4.182,   4.988,9999.000,9999.000,9999.000,9999.000,9999.000,9999.000,9999.000
202605282118,   4.242,   5.067,9999.000,9999.000,9999.000,9999.000,9999.000,9999.000,9999.000
202605282124,   4.298,   5.120,9999.000,9999.000,9999.000,9999.000,9999.000,9999.000,9999.000
202605282130,   4.349,   5.097,9999.000,9999.000,9999.000,9999.000,9999.000,9999.000,9999.000
202605282136,   4.397,   5.129,9999.000,9999.000,9999.000,9999.000,9999.000,9999.000,9999.000
202605282142,   4.439,   5.139,9999.000,9999.000,9999.000,9999.000,9999.000,9999.000,9999.000
202605282148,   4.477,   5.139,9999.000,9999.000,9999.000,9999.000,9999.000,9999.000,9999.000
202605282154,   4.511,   5.267,9999.000,9999.000,9999.000,9999.000,9999.000,9999.000,9999.000
202605282200,   4.540,   5.307,   0.800,  -0.033,   5.307,   0.800,   5.307,   0.900,   5.407
202605282206,   4.564,   5.297,9999.000,9999.000,9999.000,9999.000,9999.000,9999.000,9999.000
202605282212,   4.583,   5.359,9999.000,9999.000,9999.000,9999.000,9999.000,9999.000,9999.000
202605282218,   4.597,   5.359,9999.000,9999.000,9999.000,9999.000,9999.000,9999.000,9999.000
202605282224,   4.606,   5.379,9999.000,9999.000,9999.000,9999.000,9999.000,9999.000,9999.000
202605282230,   4.610,   5.457,9999.000,9999.000,9999.000,9999.000,9999.000,9999.000,9999.000
202605282236,   4.609,   5.497,9999.000,9999.000,9999.000,9999.000,9999.000,9999.000,9999.000
202605282242,   4.603,   5.539,9999.000,9999.000,9999.000,9999.000,9999.000,9999.000,9999.000
202605282248,   4.592,   5.507,9999.000,9999.000,9999.000,9999.000,9999.000,9999.000,9999.000
202605282254,   4.576,   5.408,9999.000,9999.000,9999.000,9999.000,9999.000,9999.000,9999.000
202605282300,   4.556,   5.379,   0.800,   0.023,   5.379,   0.800,   5.379,   0.900,   5.479
202605282306,   4.530,   5.277,9999.000,9999.000,9999.000,9999.000,9999.000,9999.000,9999.000
202605282312,   4.500,   5.247,9999.000,9999.000,9999.000,9999.000,9999.000,9999.000,9999.000
202605282318,   4.466,   5.238,9999.000,9999.000,9999.000,9999.000,9999.000,9999.000,9999.000
202605282324,   4.426,   5.179,9999.000,9999.000,9999.000,9999.000,9999.000,9999.000,9999.000
202605282330,   4.383,   5.149,9999.000,9999.000,9999.000,9999.000,9999.000,9999.000,9999.000
202605282336,   4.335,   5.087,9999.000,9999.000,9999.000,9999.000,9999.000,9999.000,9999.000
202605282342,   4.282,   5.028,9999.000,9999.000,9999.000,9999.000,9999.000,9999.000,9999.000
202605282348,   4.226,   5.018,9999.000,9999.000,9999.000,9999.000,9999.000,9999.000,9999.000
202605282354,   4.166,   4.900,9999.000,9999.000,9999.000,9999.000,9999.000,9999.000,9999.000
202605290000,   4.102,   4.729,   0.800,  -0.173,   4.729,   0.700,   4.629,   0.800,   4.729
202605290006,   4.035,   4.759,9999.000,9999.000,9999.000,9999.000,9999.000,9999.000,9999.000
202605290012,   3.964,   4.719,9999.000,9999.000,9999.000,9999.000,9999.000,9999.000,9999.000
202605290018,   3.890,   4.647,9999.000,9999.000,9999.000,9999.000,9999.000,9999.000,9999.000
202605290024,   3.813,   4.539,9999.000,9999.000,9999.000,9999.000,9999.000,9999.000,9999.000
202605290030,   3.732,   4.427,9999.000,9999.000,9999.000,9999.000,9999.000,9999.000,9999.000
202605290036,   3.650,   4.398,9999.000,9999.000,9999.000,9999.000,9999.000,9999.000,9999.000
202605290042,   3.564,   4.300,9999.000,9999.000,9999.000,9999.000,9999.000,9999.000,9999.000
202605290048,   3.476,   4.188,9999.000,9999.000,9999.000,9999.000,9999.000,9999.000,9999.000
202605290054,   3.387,   4.090,9999.000,9999.000,9999.000,9999.000,9999.000,9999.000,9999.000
202605290100,   3.295,   3.968,   0.700,  -0.027,   3.968,   0.700,   3.968,   0.800,   4.068
202605290106,   3.201,   3.899,9999.000,9999.000,9999.000,9999.000,9999.000,9999.000,9999.000
202605290112,   3.106,   3.847,9999.000,9999.000,9999.000,9999.000,9999.000,9999.000,9999.000
202605290118,   3.009,   3.739,9999.000,9999.000,9999.000,9999.000,9999.000,9999.000,9999.000
202605290124,   2.911,   3.627,9999.000,9999.000,9999.000,9999.000,9999.000,9999.000,9999.000
202605290130,   2.812,   3.519,9999.000,9999.000,9999.000,9999.000,9999.000,9999.000,9999.000
202605290136,   2.713,   3.378,9999.000,9999.000,9999.000,9999.000,9999.000,9999.000,9999.000
202605290142,   2.613,   3.260,9999.000,9999.000,9999.000,9999.000,9999.000,9999.000,9999.000
202605290148,   2.512,   3.168,9999.000,9999.000,9999.000,9999.000,9999.000,9999.000,9999.000
202605290154,   2.411,   3.007,9999.000,9999.000,9999.000,9999.000,9999.000,9999.000,9999.000
202605290200,   2.311,   2.938,   0.700,  -0.073,   2.938,   0.700,   2.938,   0.800,   3.038
202605290206,   2.210,   2.807,9999.000,9999.000,9999.000,9999.000,9999.000,9999.000,9999.000
202605290212,   2.110,   2.738,9999.000,9999.000,9999.000,9999.000,9999.000,9999.000,9999.000
202605290218,   2.011,   2.640,9999.000,9999.000,9999.000,9999.000,9999.000,9999.000,9999.000
202605290224,   1.913,   2.489,9999.000,9999.000,9999.000,9999.000,9999.000,9999.000,9999.000
202605290230,   1.816,   2.430,9999.000,9999.000,9999.000,9999.000,9999.000,9999.000,9999.000
202605290236,   1.721,   2.377,9999.000,9999.000,9999.000,9999.000,9999.000,9999.000,9999.000
202605290242,   1.627,   2.328,9999.000,9999.000,9999.000,9999.000,9999.000,9999.000,9999.000
202605290248,   1.535,   2.191,9999.000,9999.000,9999.000,9999.000,9999.000,9999.000,9999.000
202605290254,   1.445,   2.079,9999.000,9999.000,9999.000,9999.000,9999.000,9999.000,9999.000
202605290300,   1.357,   1.967,   0.700,  -0.090,   1.967,   0.700,   1.967,   0.700,   1.967
202605290306,   1.272,   1.889,9999.000,9999.000,9999.000,9999.000,9999.000,9999.000,9999.000
202605290312,   1.190,   1.820,9999.000,9999.000,9999.000,9999.000,9999.000,9999.000,9999.000
202605290318,   1.111,   1.767,9999.000,9999.000,9999.000,9999.000,9999.000,9999.000,9999.000
202605290324,   1.035,   1.748,9999.000,9999.000,9999.000,9999.000,9999.000,9999.000,9999.000
202605290330,   0.963,   1.659,9999.000,9999.000,9999.000,9999.000,9999.000,9999.000,9999.000
202605290336,   0.894,   1.659,9999.000,9999.000,9999.000,9999.000,9999.000,9999.000,9999.000
202605290342,   0.830,   1.571,9999.000,9999.000,9999.000,9999.000,9999.000,9999.000,9999.000
202605290348,   0.769,   1.498,9999.000,9999.000,9999.000,9999.000,9999.000,9999.000,9999.000
202605290354,   0.712,   1.430,9999.000,9999.000,9999.000,9999.000,9999.000,9999.000,9999.000
202605290400,   0.660,   1.371,   0.700,   0.011,   1.371,   0.600,   1.271,   0.700,   1.371
202605290406,   0.613,   1.269,9999.000,9999.000,9999.000,9999.000,9999.000,9999.000,9999.000
202605290412,   0.570,   1.289,9999.000,9999.000,9999.000,9999.000,9999.000,9999.000,9999.000
202605290418,   0.532,   1.151,9999.000,9999.000,9999.000,9999.000,9999.000,9999.000,9999.000
202605290424,   0.499,   1.118,9999.000,9999.000,9999.000,9999.000,9999.000,9999.000,9999.000
202605290430,   0.471,   1.098,9999.000,9999.000,9999.000,9999.000,9999.000,9999.000,9999.000
202605290436,   0.449,   1.079,9999.000,9999.000,9999.000,9999.000,9999.000,9999.000,9999.000
202605290442,   0.431,   1.000,9999.000,9999.000,9999.000,9999.000,9999.000,9999.000,9999.000
202605290448,   0.419,   1.029,9999.000,9999.000,9999.000,9999.000,9999.000,9999.000,9999.000
202605290454,   0.411,   1.020,9999.000,9999.000,9999.000,9999.000,9999.000,9999.000,9999.000
202605290500,   0.409,   0.970,   0.700,  -0.139,   0.970,   0.600,   0.870,   0.700,   0.970
202605290506,   0.413,   0.970,9999.000,9999.000,9999.000,9999.000,9999.000,9999.000,9999.000
202605290512,   0.421,   0.961,9999.000,9999.000,9999.000,9999.000,9999.000,9999.000,9999.000
202605290518,   0.434,   0.990,9999.000,9999.000,9999.000,9999.000,9999.000,9999.000,9999.000
202605290524,   0.453,   1.029,9999.000,9999.000,9999.000,9999.000,9999.000,9999.000,9999.000
202605290530,   0.476,   1.069,9999.000,9999.000,9999.000,9999.000,9999.000,9999.000,9999.000
202605290536,   0.505,   1.098,9999.000,9999.000,9999.000,9999.000,9999.000,9999.000,9999.000
202605290542,   0.537,   1.128,9999.000,9999.000,9999.000,9999.000,9999.000,9999.000,9999.000
202605290548,   0.575,   1.190,9999.000,9999.000,9999.000,9999.000,9999.000,9999.000,9999.000
202605290554,   0.616,   1.239,9999.000,9999.000,9999.000,9999.000,9999.000,9999.000,9999.000
202605290600,   0.662,   1.308,   0.600,   0.046,   1.308,   0.500,   1.208,   0.600,   1.308
202605290606,   0.712,   1.328,9999.000,9999.000,9999.000,9999.000,9999.000,9999.000,9999.000
202605290612,   0.766,   1.380,9999.000,9999.000,9999.000,9999.000,9999.000,9999.000,9999.000
202605290618,   0.823,   1.439,9999.000,9999.000,9999.000,9999.000,9999.000,9999.000,9999.000
202605290624,   0.884,   1.498,9999.000,9999.000,9999.000,9999.000,9999.000,9999.000,9999.000
202605290630,   0.948,   1.610,9999.000,9999.000,9999.000,9999.000,9999.000,9999.000,9999.000
202605290636,   1.015,   1.689,9999.000,9999.000,9999.000,9999.000,9999.000,9999.000,9999.000
202605290642,   1.084,   1.738,9999.000,9999.000,9999.000,9999.000,9999.000,9999.000,9999.000
202605290648,   1.156,   1.810,9999.000,9999.000,9999.000,9999.000,9999.000,9999.000,9999.000
202605290654,   1.230,   1.830,9999.000,9999.000,9999.000,9999.000,9999.000,9999.000,9999.000
202605290700,   1.306,   1.908,   0.600,   0.002,   1.908,   0.500,   1.808,   0.600,   1.908
202605290706,   1.383,   2.040,9999.000,9999.000,9999.000,9999.000,9999.000,9999.000,9999.000
202605290712,   1.462,   2.109,9999.000,9999.000,9999.000,9999.000,9999.000,9999.000,9999.000
202605290718,   1.543,   2.128,9999.000,9999.000,9999.000,9999.000,9999.000,9999.000,9999.000
202605290724,   1.624,   2.230,9999.000,9999.000,9999.000,9999.000,9999.000,9999.000,9999.000
202605290730,   1.706,   2.259,9999.000,9999.000,9999.000,9999.000,9999.000,9999.000,9999.000
202605290736,   1.788,   2.328,9999.000,9999.000,9999.000,9999.000,9999.000,9999.000,9999.000
202605290742,   1.871,   2.450,9999.000,9999.000,9999.000,9999.000,9999.000,9999.000,9999.000
202605290748,   1.953,   2.578,9999.000,9999.000,9999.000,9999.000,9999.000,9999.000,9999.000
202605290754,   2.036,   2.630,9999.000,9999.000,9999.000,9999.000,9999.000,9999.000,9999.000
202605290800,   2.118,   2.728,   0.600,   0.010,   2.728,   0.500,   2.628,   0.600,   2.728
202605290806,   2.199,   2.830,9999.000,9999.000,9999.000,9999.000,9999.000,9999.000,9999.000
202605290812,   2.280,   2.948,9999.000,9999.000,9999.000,9999.000,9999.000,9999.000,9999.000
202605290818,   2.359,   3.007,9999.000,9999.000,9999.000,9999.000,9999.000,9999.000,9999.000
202605290824,   2.437,   3.109,9999.000,9999.000,9999.000,9999.000,9999.000,9999.000,9999.000
202605290830,   2.514,   3.230,9999.000,9999.000,9999.000,9999.000,9999.000,9999.000,9999.000
202605290836,   2.589,   3.319,9999.000,9999.000,9999.000,9999.000,9999.000,9999.000,9999.000
202605290842,   2.662,   3.378,9999.000,9999.000,9999.000,9999.000,9999.000,9999.000,9999.000
202605290848,   2.733,   3.427,9999.000,9999.000,9999.000,9999.000,9999.000,9999.000,9999.000
202605290854,   2.802,   3.460,9999.000,9999.000,9999.000,9999.000,9999.000,9999.000,9999.000
202605290900,   2.869,   3.578,   0.600,   0.109,   3.578,   0.600,   3.578,   0.600,   3.578
202605290906,   2.933,   3.627,9999.000,9999.000,9999.000,9999.000,9999.000,9999.000,9999.000
202605290912,   2.995,   3.719,9999.000,9999.000,9999.000,9999.000,9999.000,9999.000,9999.000
202605290918,   3.053,   3.758,9999.000,9999.000,9999.000,9999.000,9999.000,9999.000,9999.000
202605290924,   3.109,   3.758,9999.000,9999.000,9999.000,9999.000,9999.000,9999.000,9999.000
202605290930,   3.162,   3.827,9999.000,9999.000,9999.000,9999.000,9999.000,9999.000,9999.000
202605290936,   3.212,   3.929,9999.000,9999.000,9999.000,9999.000,9999.000,9999.000,9999.000
202605290942,   3.258,   3.929,9999.000,9999.000,9999.000,9999.000,9999.000,9999.000,9999.000
202605290948,   3.301,   4.017,9999.000,9999.000,9999.000,9999.000,9999.000,9999.000,9999.000
202605290954,   3.340,   4.080,9999.000,9999.000,9999.000,9999.000,9999.000,9999.000,9999.000
202605291000,   3.376,   4.129,   0.600,   0.153,   4.129,   0.600,   4.129,   0.700,   4.229
202605291006,   3.408,   4.168,9999.000,9999.000,9999.000,9999.000,9999.000,9999.000,9999.000
202605291012,   3.436,   4.178,9999.000,9999.000,9999.000,9999.000,9999.000,9999.000,9999.000
202605291018,   3.461,   4.188,9999.000,9999.000,9999.000,9999.000,9999.000,9999.000,9999.000
202605291024,   3.481,   4.168,9999.000,9999.000,9999.000,9999.000,9999.000,9999.000,9999.000
202605291030,   3.497,   4.208,9999.000,9999.000,9999.000,9999.000,9999.000,9999.000,9999.000
202605291036,   3.510,   4.247,9999.000,9999.000,9999.000,9999.000,9999.000,9999.000,9999.000
202605291042,   3.518,   4.227,9999.000,9999.000,9999.000,9999.000,9999.000,9999.000,9999.000
202605291048,   3.523,   4.290,9999.000,9999.000,9999.000,9999.000,9999.000,9999.000,9999.000
202605291054,   3.523,   4.267,9999.000,9999.000,9999.000,9999.000,9999.000,9999.000,9999.000
202605291100,   3.519,   4.280,   0.700,   0.061,   4.280,   0.600,   4.180,   0.700,   4.280
202605291106,   3.511,   4.329,9999.000,9999.000,9999.000,9999.000,9999.000,9999.000,9999.000
202605291112,   3.499,   4.339,9999.000,9999.000,9999.000,9999.000,9999.000,9999.000,9999.000
202605291118,   3.483,   4.198,9999.000,9999.000,9999.000,9999.000,9999.000,9999.000,9999.000
202605291124,   3.462,   4.300,9999.000,9999.000,9999.000,9999.000,9999.000,9999.000,9999.000
202605291130,   3.438,   4.319,9999.000,9999.000,9999.000,9999.000,9999.000,9999.000,9999.000
202605291136,   3.410,   4.300,9999.000,9999.000,9999.000,9999.000,9999.000,9999.000,9999.000
202605291142,   3.378,   4.280,9999.000,9999.000,9999.000,9999.000,9999.000,9999.000,9999.000
202605291148,   3.343,   4.237,9999.000,9999.000,9999.000,9999.000,9999.000,9999.000,9999.000
202605291154,   3.303,   4.198,9999.000,9999.000,9999.000,9999.000,9999.000,9999.000,9999.000
202605291200,   3.260,   4.178,   0.500,   0.418,   4.178,   0.400,   4.078,   0.600,   4.278
202605291206,   3.214,   4.149,9999.000,9999.000,9999.000,9999.000,9999.000,9999.000,9999.000
202605291212,   3.165,   4.099,9999.000,9999.000,9999.000,9999.000,9999.000,9999.000,9999.000
202605291218,   3.112,   4.037,9999.000,9999.000,9999.000,9999.000,9999.000,9999.000,9999.000
202605291224,   3.056,   3.588,9999.000,9999.000,9999.000,9999.000,9999.000,9999.000,9999.000
202605291230,   2.997,9999.000,9999.000,9999.000,9999.000,9999.000,9999.000,9999.000,9999.000
202605291236,   2.936,   3.847,9999.000,9999.000,9999.000,9999.000,9999.000,9999.000,9999.000
202605291242,   2.872,   3.768,9999.000,9999.000,9999.000,9999.000,9999.000,9999.000,9999.000
202605291248,   2.806,   3.709,9999.000,9999.000,9999.000,9999.000,9999.000,9999.000,9999.000
202605291254,   2.737,   3.637,9999.000,9999.000,9999.000,9999.000,9999.000,9999.000,9999.000
202605291300,   2.667,   3.588,   0.500,   0.421,   3.588,   0.400,   3.488,   0.500,   3.588
202605291306,   2.594,   3.529,9999.000,9999.000,9999.000,9999.000,9999.000,9999.000,9999.000
202605291312,   2.520,   3.417,9999.000,9999.000,9999.000,9999.000,9999.000,9999.000,9999.000
202605291318,   2.444,   3.368,9999.000,9999.000,9999.000,9999.000,9999.000,9999.000,9999.000
202605291324,   2.368,   3.309,9999.000,9999.000,9999.000,9999.000,9999.000,9999.000,9999.000
202605291330,   2.290,   3.207,9999.000,9999.000,9999.000,9999.000,9999.000,9999.000,9999.000
202605291336,   2.211,   3.168,9999.000,9999.000,9999.000,9999.000,9999.000,9999.000,9999.000
202605291342,   2.131,   2.997,9999.000,9999.000,9999.000,9999.000,9999.000,9999.000,9999.000
202605291348,   2.051,   2.938,9999.000,9999.000,9999.000,9999.000,9999.000,9999.000,9999.000
202605291354,   1.971,   2.879,9999.000,9999.000,9999.000,9999.000,9999.000,9999.000,9999.000
202605291400,   1.891,   2.850,   0.500,   0.459,   2.850,   0.500,   2.850,   0.600,   2.950
202605291406,   1.810,   2.797,9999.000,9999.000,9999.000,9999.000,9999.000,9999.000,9999.000
202605291412,   1.731,   2.738,9999.000,9999.000,9999.000,9999.000,9999.000,9999.000,9999.000
202605291418,   1.651,   2.630,9999.000,9999.000,9999.000,9999.000,9999.000,9999.000,9999.000
202605291424,   1.573,   2.479,9999.000,9999.000,9999.000,9999.000,9999.000,9999.000,9999.000
202605291430,   1.495,   2.338,9999.000,9999.000,9999.000,9999.000,9999.000,9999.000,9999.000
202605291436,   1.419,   2.259,9999.000,9999.000,9999.000,9999.000,9999.000,9999.000,9999.000
202605291442,   1.343,   2.168,9999.000,9999.000,9999.000,9999.000,9999.000,9999.000,9999.000
202605291448,   1.270,   2.158,9999.000,9999.000,9999.000,9999.000,9999.000,9999.000,9999.000
202605291454,   1.198,   2.109,9999.000,9999.000,9999.000,9999.000,9999.000,9999.000,9999.000
202605291500,   1.128,   2.040,   0.500,   0.412,   2.040,   0.500,   2.040,   0.600,   2.140
202605291506,   1.061,   1.918,9999.000,9999.000,9999.000,9999.000,9999.000,9999.000,9999.000
202605291512,   0.995,   1.889,9999.000,9999.000,9999.000,9999.000,9999.000,9999.000,9999.000
202605291518,   0.933,   1.849,9999.000,9999.000,9999.000,9999.000,9999.000,9999.000,9999.000
202605291524,   0.873,   1.679,9999.000,9999.000,9999.000,9999.000,9999.000,9999.000,9999.000
202605291530,   0.816,   1.630,9999.000,9999.000,9999.000,9999.000,9999.000,9999.000,9999.000
202605291536,   0.762,   1.580,9999.000,9999.000,9999.000,9999.000,9999.000,9999.000,9999.000
202605291542,   0.711,   1.459,9999.000,9999.000,9999.000,9999.000,9999.000,9999.000,9999.000
202605291548,   0.664,   1.400,9999.000,9999.000,9999.000,9999.000,9999.000,9999.000,9999.000
202605291554,   0.621,   1.390,9999.000,9999.000,9999.000,9999.000,9999.000,9999.000,9999.000
202605291600,   0.582,   1.328,   0.600,   0.146,   1.328,   0.500,   1.228,   0.600,   1.328
202605291606,   0.547,   1.279,9999.000,9999.000,9999.000,9999.000,9999.000,9999.000,9999.000
202605291612,   0.516,   1.298,9999.000,9999.000,9999.000,9999.000,9999.000,9999.000,9999.000
202605291618,   0.489,   1.249,9999.000,9999.000,9999.000,9999.000,9999.000,9999.000,9999.000
202605291624,   0.467,   1.239,9999.000,9999.000,9999.000,9999.000,9999.000,9999.000,9999.000
202605291630,   0.449,   1.269,9999.000,9999.000,9999.000,9999.000,9999.000,9999.000,9999.000
202605291636,   0.437,   1.210,9999.000,9999.000,9999.000,9999.000,9999.000,9999.000,9999.000
202605291642,   0.429,   1.220,9999.000,9999.000,9999.000,9999.000,9999.000,9999.000,9999.000
202605291648,   0.426,   1.210,9999.000,9999.000,9999.000,9999.000,9999.000,9999.000,9999.000
202605291654,   0.428,   1.118,9999.000,9999.000,9999.000,9999.000,9999.000,9999.000,9999.000
202605291700,   0.436,   1.088,   0.600,   0.052,   1.088,   0.500,   0.988,   0.600,   1.088
202605291706,   0.448,   1.079,9999.000,9999.000,9999.000,9999.000,9999.000,9999.000,9999.000
202605291712,   0.466,   1.138,9999.000,9999.000,9999.000,9999.000,9999.000,9999.000,9999.000
202605291718,   0.489,   1.170,9999.000,9999.000,9999.000,9999.000,9999.000,9999.000,9999.000
202605291724,   0.517,   1.190,9999.000,9999.000,9999.000,9999.000,9999.000,9999.000,9999.000
202605291730,   0.550,   1.289,9999.000,9999.000,9999.000,9999.000,9999.000,9999.000,9999.000
202605291736,   0.588,   1.318,9999.000,9999.000,9999.000,9999.000,9999.000,9999.000,9999.000
202605291742,   0.632,   1.400,9999.000,9999.000,9999.000,9999.000,9999.000,9999.000,9999.000
202605291748,   0.680,   1.361,9999.000,9999.000,9999.000,9999.000,9999.000,9999.000,9999.000
202605291754,   0.733,   1.439,9999.000,9999.000,9999.000,9999.000,9999.000,9999.000,9999.000
202605291800,   0.792,   1.410,   0.600,   0.018,   1.410,   0.500,   1.310,   0.600,   1.410
202605291806,   0.854,   1.518,9999.000,9999.000,9999.000,9999.000,9999.000,9999.000,9999.000
202605291812,   0.921,   1.508,9999.000,9999.000,9999.000,9999.000,9999.000,9999.000,9999.000
202605291818,   0.993,   1.590,9999.000,9999.000,9999.000,9999.000,9999.000,9999.000,9999.000
202605291824,   1.068,   1.758,9999.000,9999.000,9999.000,9999.000,9999.000,9999.000,9999.000
202605291830,   1.147,   1.810,9999.000,9999.000,9999.000,9999.000,9999.000,9999.000,9999.000
202605291836,   1.230,   1.840,9999.000,9999.000,9999.000,9999.000,9999.000,9999.000,9999.000
202605291842,   1.317,   1.967,9999.000,9999.000,9999.000,9999.000,9999.000,9999.000,9999.000
202605291848,   1.406,   2.079,9999.000,9999.000,9999.000,9999.000,9999.000,9999.000,9999.000
202605291854,   1.499,   2.158,9999.000,9999.000,9999.000,9999.000,9999.000,9999.000,9999.000
202605291900,   1.594,   2.279,   0.600,   0.085,   2.279,   0.600,   2.279,   0.600,   2.279
202605291906,   1.691,   2.387,9999.000,9999.000,9999.000,9999.000,9999.000,9999.000,9999.000
202605291912,   1.791,   2.469,9999.000,9999.000,9999.000,9999.000,9999.000,9999.000,9999.000
202605291918,   1.892,   2.650,9999.000,9999.000,9999.000,9999.000,9999.000,9999.000,9999.000
202605291924,   1.995,   2.738,9999.000,9999.000,9999.000,9999.000,9999.000,9999.000,9999.000
202605291930,   2.099,   2.807,9999.000,9999.000,9999.000,9999.000,9999.000,9999.000,9999.000
202605291936,   2.204,   2.938,9999.000,9999.000,9999.000,9999.000,9999.000,9999.000,9999.000
202605291942,   2.310,   2.997,9999.000,9999.000,9999.000,9999.000,9999.000,9999.000,9999.000
202605291948,   2.416,   3.089,9999.000,9999.000,9999.000,9999.000,9999.000,9999.000,9999.000
202605291954,   2.522,   3.260,9999.000,9999.000,9999.000,9999.000,9999.000,9999.000,9999.000
202605292000,   2.628,   3.299,   0.600,   0.071,   3.299,   0.600,   3.299,   0.600,   3.299
202605292006,   2.733,   3.378,9999.000,9999.000,9999.000,9999.000,9999.000,9999.000,9999.000
202605292012,   2.838,   3.519,9999.000,9999.000,9999.000,9999.000,9999.000,9999.000,9999.000
202605292018,   2.942,   3.598,9999.000,9999.000,9999.000,9999.000,9999.000,9999.000,9999.000
202605292024,   3.044,   3.739,9999.000,9999.000,9999.000,9999.000,9999.000,9999.000,9999.000
202605292030,   3.146,   3.870,9999.000,9999.000,9999.000,9999.000,9999.000,9999.000,9999.000
202605292036,   3.245,   4.008,9999.000,9999.000,9999.000,9999.000,9999.000,9999.000,9999.000
202605292042,   3.343,   4.047,9999.000,9999.000,9999.000,9999.000,9999.000,9999.000,9999.000
202605292048,   3.438,   4.218,9999.000,9999.000,9999.000,9999.000,9999.000,9999.000,9999.000
202605292054,   3.532,   4.280,9999.000,9999.000,9999.000,9999.000,9999.000,9999.000,9999.000
202605292100,   3.622,   4.349,   0.600,   0.127,   4.349,   0.500,   4.249,   0.600,   4.349
202605292106,   3.710,   4.418,9999.000,9999.000,9999.000,9999.000,9999.000,9999.000,9999.000
202605292112,   3.796,   4.490,9999.000,9999.000,9999.000,9999.000,9999.000,9999.000,9999.000
202605292118,   3.878,   4.608,9999.000,9999.000,9999.000,9999.000,9999.000,9999.000,9999.000
202605292124,   3.957,   4.667,9999.000,9999.000,9999.000,9999.000,9999.000,9999.000,9999.000
202605292130,   4.033,   4.729,9999.000,9999.000,9999.000,9999.000,9999.000,9999.000,9999.000
202605292136,   4.106,   4.808,9999.000,9999.000,9999.000,9999.000,9999.000,9999.000,9999.000
202605292142,   4.174,   4.857,9999.000,9999.000,9999.000,9999.000,9999.000,9999.000,9999.000
202605292148,   4.239,   4.877,9999.000,9999.000,9999.000,9999.000,9999.000,9999.000,9999.000
202605292154,   4.301,   4.969,9999.000,9999.000,9999.000,9999.000,9999.000,9999.000,9999.000
202605292200,   4.358,   4.998,   0.600,   0.040,   4.998,   0.500,   4.898,   0.600,   4.998
202605292206,   4.411,   5.057,9999.000,9999.000,9999.000,9999.000,9999.000,9999.000,9999.000
202605292212,   4.460,   5.097,9999.000,9999.000,9999.000,9999.000,9999.000,9999.000,9999.000
202605292218,   4.505,   5.139,9999.000,9999.000,9999.000,9999.000,9999.000,9999.000,9999.000
202605292224,   4.546,   5.228,9999.000,9999.000,9999.000,9999.000,9999.000,9999.000,9999.000
202605292230,   4.582,   5.267,9999.000,9999.000,9999.000,9999.000,9999.000,9999.000,9999.000
202605292236,   4.613,   5.287,9999.000,9999.000,9999.000,9999.000,9999.000,9999.000,9999.000
202605292242,   4.640,   5.307,9999.000,9999.000,9999.000,9999.000,9999.000,9999.000,9999.000
202605292248,   4.662,   5.287,9999.000,9999.000,9999.000,9999.000,9999.000,9999.000,9999.000
202605292254,   4.679,   5.307,9999.000,9999.000,9999.000,9999.000,9999.000,9999.000,9999.000
202605292300,   4.691,   5.320,   0.500,   0.129,   5.320,   0.500,   5.320,   0.600,   5.420
202605292306,   4.699,   5.320,9999.000,9999.000,9999.000,9999.000,9999.000,9999.000,9999.000
202605292312,   4.702,   5.277,9999.000,9999.000,9999.000,9999.000,9999.000,9999.000,9999.000
202605292318,   4.699,   5.297,9999.000,9999.000,9999.000,9999.000,9999.000,9999.000,9999.000
202605292324,   4.692,   5.238,9999.000,9999.000,9999.000,9999.000,9999.000,9999.000,9999.000
202605292330,   4.680,   5.307,9999.000,9999.000,9999.000,9999.000,9999.000,9999.000,9999.000
202605292336,   4.663,   5.188,9999.000,9999.000,9999.000,9999.000,9999.000,9999.000,9999.000
202605292342,   4.640,   5.238,9999.000,9999.000,9999.000,9999.000,9999.000,9999.000,9999.000
202605292348,   4.613,   5.218,9999.000,9999.000,9999.000,9999.000,9999.000,9999.000,9999.000
202605292354,   4.581,   5.257,9999.000,9999.000,9999.000,9999.000,9999.000,9999.000,9999.000
202605300000,   4.545,   5.129,   0.600,  -0.016,   5.129,   0.500,   5.029,   0.600,   5.129
202605300006,   4.503,   5.077,9999.000,9999.000,9999.000,9999.000,9999.000,9999.000,9999.000
202605300012,   4.457,   5.087,9999.000,9999.000,9999.000,9999.000,9999.000,9999.000,9999.000
202605300018,   4.406,   5.038,9999.000,9999.000,9999.000,9999.000,9999.000,9999.000,9999.000
202605300024,   4.351,   4.959,9999.000,9999.000,9999.000,9999.000,9999.000,9999.000,9999.000
202605300030,   4.292,   4.877,9999.000,9999.000,9999.000,9999.000,9999.000,9999.000,9999.000
202605300036,   4.228,   4.867,9999.000,9999.000,9999.000,9999.000,9999.000,9999.000,9999.000
202605300042,   4.161,   4.818,9999.000,9999.000,9999.000,9999.000,9999.000,9999.000,9999.000
202605300048,   4.089,   4.677,9999.000,9999.000,9999.000,9999.000,9999.000,9999.000,9999.000
202605300054,   4.014,   4.667,9999.000,9999.000,9999.000,9999.000,9999.000,9999.000,9999.000
202605300100,   3.935,   4.657,   0.500,   0.222,   4.657,   0.500,   4.657,   0.600,   4.757
202605300106,   3.853,   4.509,9999.000,9999.000,9999.000,9999.000,9999.000,9999.000,9999.000
202605300112,   3.768,   4.427,9999.000,9999.000,9999.000,9999.000,9999.000,9999.000,9999.000
202605300118,   3.680,   4.388,9999.000,9999.000,9999.000,9999.000,9999.000,9999.000,9999.000
202605300124,   3.590,   4.237,9999.000,9999.000,9999.000,9999.000,9999.000,9999.000,9999.000
202605300130,   3.497,   4.198,9999.000,9999.000,9999.000,9999.000,9999.000,9999.000,9999.000
202605300136,   3.401,   4.057,9999.000,9999.000,9999.000,9999.000,9999.000,9999.000,9999.000
202605300142,   3.304,   3.958,9999.000,9999.000,9999.000,9999.000,9999.000,9999.000,9999.000
202605300148,   3.205,   3.890,9999.000,9999.000,9999.000,9999.000,9999.000,9999.000,9999.000
202605300154,   3.105,   3.808,9999.000,9999.000,9999.000,9999.000,9999.000,9999.000,9999.000
202605300200,   3.003,   3.719,   0.500,   0.216,   3.719,   0.400,   3.619,   0.500,   3.719
202605300206,   2.900,   3.578,9999.000,9999.000,9999.000,9999.000,9999.000,9999.000,9999.000
202605300212,   2.797,   3.499,9999.000,9999.000,9999.000,9999.000,9999.000,9999.000,9999.000
202605300218,   2.693,   3.398,9999.000,9999.000,9999.000,9999.000,9999.000,9999.000,9999.000
202605300224,   2.589,   3.279,9999.000,9999.000,9999.000,9999.000,9999.000,9999.000,9999.000
202605300230,   2.484,   3.119,9999.000,9999.000,9999.000,9999.000,9999.000,9999.000,9999.000
202605300236,   2.380,   2.997,9999.000,9999.000,9999.000,9999.000,9999.000,9999.000,9999.000
202605300242,   2.276,   2.938,9999.000,9999.000,9999.000,9999.000,9999.000,9999.000,9999.000
202605300248,   2.173,   2.807,9999.000,9999.000,9999.000,9999.000,9999.000,9999.000,9999.000
202605300254,   2.070,   2.709,9999.000,9999.000,9999.000,9999.000,9999.000,9999.000,9999.000
202605300300,   1.969,   2.538,   0.500,   0.069,   2.538,   0.400,   2.438,   0.500,   2.538
202605300306,   1.868,   2.469,9999.000,9999.000,9999.000,9999.000,9999.000,9999.000,9999.000
202605300312,   1.770,   2.348,9999.000,9999.000,9999.000,9999.000,9999.000,9999.000,9999.000
202605300318,   1.673,   2.168,9999.000,9999.000,9999.000,9999.000,9999.000,9999.000,9999.000
202605300324,   1.577,   2.138,9999.000,9999.000,9999.000,9999.000,9999.000,9999.000,9999.000
202605300330,   1.484,   1.948,9999.000,9999.000,9999.000,9999.000,9999.000,9999.000,9999.000
202605300336,   1.393,   1.840,9999.000,9999.000,9999.000,9999.000,9999.000,9999.000,9999.000
202605300342,   1.305,   1.859,9999.000,9999.000,9999.000,9999.000,9999.000,9999.000,9999.000
202605300348,   1.219,   1.718,9999.000,9999.000,9999.000,9999.000,9999.000,9999.000,9999.000
202605300354,   1.137,   1.718,9999.000,9999.000,9999.000,9999.000,9999.000,9999.000,9999.000
202605300400,   1.057,   1.600,   0.400,   0.143,   1.600,   0.400,   1.600,   0.500,   1.700
202605300406,   0.980,   1.590,9999.000,9999.000,9999.000,9999.000,9999.000,9999.000,9999.000
202605300412,   0.907,   1.580,9999.000,9999.000,9999.000,9999.000,9999.000,9999.000,9999.000
202605300418,   0.838,   1.538,9999.000,9999.000,9999.000,9999.000,9999.000,9999.000,9999.000
202605300424,   0.772,   1.390,9999.000,9999.000,9999.000,9999.000,9999.000,9999.000,9999.000
202605300430,   0.711,   1.338,9999.000,9999.000,9999.000,9999.000,9999.000,9999.000,9999.000
202605300436,   0.653,   1.239,9999.000,9999.000,9999.000,9999.000,9999.000,9999.000,9999.000
202605300442,   0.600,   1.151,9999.000,9999.000,9999.000,9999.000,9999.000,9999.000,9999.000
202605300448,   0.552,   1.151,9999.000,9999.000,9999.000,9999.000,9999.000,9999.000,9999.000
202605300454,   0.508,   1.079,9999.000,9999.000,9999.000,9999.000,9999.000,9999.000,9999.000
202605300500,   0.468,   0.990,   0.300,   0.222,   0.990,   0.300,   0.990,   0.400,   1.090
202605300506,   0.434,   0.961,9999.000,9999.000,9999.000,9999.000,9999.000,9999.000,9999.000
202605300512,   0.405,   0.951,9999.000,9999.000,9999.000,9999.000,9999.000,9999.000,9999.000
202605300518,   0.380,   0.928,9999.000,9999.000,9999.000,9999.000,9999.000,9999.000,9999.000
202605300524,   0.361,   0.941,9999.000,9999.000,9999.000,9999.000,9999.000,9999.000,9999.000
202605300530,   0.348,   0.928,9999.000,9999.000,9999.000,9999.000,9999.000,9999.000,9999.000
202605300536,   0.339,   0.951,9999.000,9999.000,9999.000,9999.000,9999.000,9999.000,9999.000
202605300542,   0.336,   0.918,9999.000,9999.000,9999.000,9999.000,9999.000,9999.000,9999.000
202605300548,   0.338,   0.951,9999.000,9999.000,9999.000,9999.000,9999.000,9999.000,9999.000
202605300554,   0.346,   1.020,9999.000,9999.000,9999.000,9999.000,9999.000,9999.000,9999.000
202605300600,   0.358,   1.020,   0.400,   0.262,   1.020,   0.300,   0.920,   0.400,   1.020
202605300606,   0.376,   1.029,9999.000,9999.000,9999.000,9999.000,9999.000,9999.000,9999.000
202605300612,   0.400,   0.980,9999.000,9999.000,9999.000,9999.000,9999.000,9999.000,9999.000
202605300618,   0.428,   0.961,9999.000,9999.000,9999.000,9999.000,9999.000,9999.000,9999.000
202605300624,   0.461,   0.970,9999.000,9999.000,9999.000,9999.000,9999.000,9999.000,9999.000
202605300630,   0.499,   1.059,9999.000,9999.000,9999.000,9999.000,9999.000,9999.000,9999.000
202605300636,   0.542,   1.088,9999.000,9999.000,9999.000,9999.000,9999.000,9999.000,9999.000
202605300642,   0.589,   1.180,9999.000,9999.000,9999.000,9999.000,9999.000,9999.000,9999.000
202605300648,   0.641,   1.170,9999.000,9999.000,9999.000,9999.000,9999.000,9999.000,9999.000
202605300654,   0.697,   1.220,9999.000,9999.000,9999.000,9999.000,9999.000,9999.000,9999.000
202605300700,   0.756,   1.318,   0.300,   0.262,   1.318,   0.200,   1.218,   0.400,   1.418
202605300706,   0.819,   1.318,9999.000,9999.000,9999.000,9999.000,9999.000,9999.000,9999.000
202605300712,   0.886,   1.439,9999.000,9999.000,9999.000,9999.000,9999.000,9999.000,9999.000
202605300718,   0.955,   1.498,9999.000,9999.000,9999.000,9999.000,9999.000,9999.000,9999.000
202605300724,   1.028,   1.538,9999.000,9999.000,9999.000,9999.000,9999.000,9999.000,9999.000
202605300730,   1.103,   1.679,9999.000,9999.000,9999.000,9999.000,9999.000,9999.000,9999.000
202605300736,   1.180,   1.699,9999.000,9999.000,9999.000,9999.000,9999.000,9999.000,9999.000
202605300742,   1.259,   1.810,9999.000,9999.000,9999.000,9999.000,9999.000,9999.000,9999.000
202605300748,   1.340,   1.849,9999.000,9999.000,9999.000,9999.000,9999.000,9999.000,9999.000
202605300754,   1.422,   1.948,9999.000,9999.000,9999.000,9999.000,9999.000,9999.000,9999.000
202605300800,   1.505,   1.981,   0.300,   0.176,   1.981,   0.200,   1.881,   0.400,   2.081
202605300806,   1.589,   2.059,9999.000,9999.000,9999.000,9999.000,9999.000,9999.000,9999.000
202605300812,   1.674,   2.168,9999.000,9999.000,9999.000,9999.000,9999.000,9999.000,9999.000
202605300818,   1.758,   2.230,9999.000,9999.000,9999.000,9999.000,9999.000,9999.000,9999.000
202605300824,   1.843,   2.328,9999.000,9999.000,9999.000,9999.000,9999.000,9999.000,9999.000
202605300830,   1.928,   2.450,9999.000,9999.000,9999.000,9999.000,9999.000,9999.000,9999.000
202605300836,   2.012,   2.587,9999.000,9999.000,9999.000,9999.000,9999.000,9999.000,9999.000
202605300842,   2.095,   2.610,9999.000,9999.000,9999.000,9999.000,9999.000,9999.000,9999.000
202605300848,   2.177,   2.787,9999.000,9999.000,9999.000,9999.000,9999.000,9999.000,9999.000
202605300854,   2.258,   2.830,9999.000,9999.000,9999.000,9999.000,9999.000,9999.000,9999.000
202605300900,   2.338,   2.840,   0.300,   0.202,   2.840,   0.200,   2.740,   0.400,   2.940
202605300906,   2.416,   2.899,9999.000,9999.000,9999.000,9999.000,9999.000,9999.000,9999.000
202605300912,   2.492,   2.968,9999.000,9999.000,9999.000,9999.000,9999.000,9999.000,9999.000
202605300918,   2.567,   3.040,9999.000,9999.000,9999.000,9999.000,9999.000,9999.000,9999.000
202605300924,   2.639,   3.109,9999.000,9999.000,9999.000,9999.000,9999.000,9999.000,9999.000
202605300930,   2.710,   3.188,9999.000,9999.000,9999.000,9999.000,9999.000,9999.000,9999.000
202605300936,   2.778,   3.319,9999.000,9999.000,9999.000,9999.000,9999.000,9999.000,9999.000
202605300942,   2.843,   3.450,9999.000,9999.000,9999.000,9999.000,9999.000,9999.000,9999.000
202605300948,   2.906,   3.499,9999.000,9999.000,9999.000,9999.000,9999.000,9999.000,9999.000
202605300954,   2.967,   3.598,9999.000,9999.000,9999.000,9999.000,9999.000,9999.000,9999.000
202605301000,   3.024,   3.680,   0.300,   0.356,   3.680,   0.300,   3.680,   0.400,   3.780
202605301006,   3.079,   3.709,9999.000,9999.000,9999.000,9999.000,9999.000,9999.000,9999.000
202605301012,   3.131,   3.689,9999.000,9999.000,9999.000,9999.000,9999.000,9999.000,9999.000
202605301018,   3.179,   3.637,9999.000,9999.000,9999.000,9999.000,9999.000,9999.000,9999.000
202605301024,   3.225,   3.778,9999.000,9999.000,9999.000,9999.000,9999.000,9999.000,9999.000
202605301030,   3.267,   3.899,9999.000,9999.000,9999.000,9999.000,9999.000,9999.000,9999.000
202605301036,   3.306,   3.909,9999.000,9999.000,9999.000,9999.000,9999.000,9999.000,9999.000
202605301042,   3.341,   4.017,9999.000,9999.000,9999.000,9999.000,9999.000,9999.000,9999.000
202605301048,   3.373,   4.017,9999.000,9999.000,9999.000,9999.000,9999.000,9999.000,9999.000
202605301054,   3.401,   3.958,9999.000,9999.000,9999.000,9999.000,9999.000,9999.000,9999.000
202605301100,   3.426,   3.998,   0.400,   0.172,   3.998,   0.300,   3.898,   0.400,   3.998
202605301106,   3.447,   4.008,9999.000,9999.000,9999.000,9999.000,9999.000,9999.000,9999.000
202605301112,   3.464,   4.047,9999.000,9999.000,9999.000,9999.000,9999.000,9999.000,9999.000
202605301118,   3.477,   4.070,9999.000,9999.000,9999.000,9999.000,9999.000,9999.000,9999.000
202605301124,   3.486,   4.027,9999.000,9999.000,9999.000,9999.000,9999.000,9999.000,9999.000
202605301130,   3.491,   4.027,9999.000,9999.000,9999.000,9999.000,9999.000,9999.000,9999.000
202605301136,   3.492,   4.070,9999.000,9999.000,9999.000,9999.000,9999.000,9999.000,9999.000
202605301142,   3.489,   4.099,9999.000,9999.000,9999.000,9999.000,9999.000,9999.000,9999.000
202605301148,   3.481,   4.119,9999.000,9999.000,9999.000,9999.000,9999.000,9999.000,9999.000
202605301154,   3.470,   4.149,9999.000,9999.000,9999.000,9999.000,9999.000,9999.000,9999.000
202605301200,   3.454,   4.129,   0.600,   0.075,   4.129,   0.500,   4.029,   0.700,   4.229
202605301206,   3.435,   4.159,9999.000,9999.000,9999.000,9999.000,9999.000,9999.000,9999.000
202605301212,   3.411,   4.099,9999.000,9999.000,9999.000,9999.000,9999.000,9999.000,9999.000
202605301218,   3.383,   4.070,9999.000,9999.000,9999.000,9999.000,9999.000,9999.000,9999.000
202605301224,   3.351,   4.047,9999.000,9999.000,9999.000,9999.000,9999.000,9999.000,9999.000
202605301230,   3.315,   3.968,9999.000,9999.000,9999.000,9999.000,9999.000,9999.000,9999.000
202605301236,   3.275,   3.890,9999.000,9999.000,9999.000,9999.000,9999.000,9999.000,9999.000
202605301242,   3.231,   3.860,9999.000,9999.000,9999.000,9999.000,9999.000,9999.000,9999.000
202605301248,   3.184,   3.758,9999.000,9999.000,9999.000,9999.000,9999.000,9999.000,9999.000
202605301254,   3.133,   3.709,9999.000,9999.000,9999.000,9999.000,9999.000,9999.000,9999.000
202605301300,   3.078,   3.650,   0.500,   0.072,   3.650,   0.500,   3.650,   0.600,   3.750
202605301306,   3.021,   3.578,9999.000,9999.000,9999.000,9999.000,9999.000,9999.000,9999.000
202605301312,   2.960,   3.548,9999.000,9999.000,9999.000,9999.000,9999.000,9999.000,9999.000
202605301318,   2.897,   3.417,9999.000,9999.000,9999.000,9999.000,9999.000,9999.000,9999.000
202605301324,   2.831,   3.309,9999.000,9999.000,9999.000,9999.000,9999.000,9999.000,9999.000
202605301330,   2.762,   3.299,9999.000,9999.000,9999.000,9999.000,9999.000,9999.000,9999.000
202605301336,   2.691,   3.270,9999.000,9999.000,9999.000,9999.000,9999.000,9999.000,9999.000
202605301342,   2.618,   3.148,9999.000,9999.000,9999.000,9999.000,9999.000,9999.000,9999.000
202605301348,   2.544,   3.168,9999.000,9999.000,9999.000,9999.000,9999.000,9999.000,9999.000
202605301354,   2.467,   3.148,9999.000,9999.000,9999.000,9999.000,9999.000,9999.000,9999.000
202605301400,   2.390,   3.070,   0.600,   0.080,   3.070,   0.500,   2.970,   0.700,   3.170
202605301406,   2.311,   2.988,9999.000,9999.000,9999.000,9999.000,9999.000,9999.000,9999.000
202605301412,   2.231,   2.929,9999.000,9999.000,9999.000,9999.000,9999.000,9999.000,9999.000
202605301418,   2.151,   2.830,9999.000,9999.000,9999.000,9999.000,9999.000,9999.000,9999.000
202605301424,   2.071,   2.728,9999.000,9999.000,9999.000,9999.000,9999.000,9999.000,9999.000
202605301430,   1.990,   2.689,9999.000,9999.000,9999.000,9999.000,9999.000,9999.000,9999.000
202605301436,   1.909,   2.538,9999.000,9999.000,9999.000,9999.000,9999.000,9999.000,9999.000
202605301442,   1.829,   2.469,9999.000,9999.000,9999.000,9999.000,9999.000,9999.000,9999.000
202605301448,   1.749,   2.377,9999.000,9999.000,9999.000,9999.000,9999.000,9999.000,9999.000
202605301454,   1.669,   2.338,9999.000,9999.000,9999.000,9999.000,9999.000,9999.000,9999.000
202605301500,   1.591,   2.259,   0.600,   0.068,   2.259,   0.500,   2.159,   0.700,   2.359
202605301506,   1.514,   2.200,9999.000,9999.000,9999.000,9999.000,9999.000,9999.000,9999.000
202605301512,   1.438,   2.168,9999.000,9999.000,9999.000,9999.000,9999.000,9999.000,9999.000
202605301518,   1.363,   1.948,9999.000,9999.000,9999.000,9999.000,9999.000,9999.000,9999.000
202605301524,   1.291,   1.938,9999.000,9999.000,9999.000,9999.000,9999.000,9999.000,9999.000
202605301530,   1.220,   1.990,9999.000,9999.000,9999.000,9999.000,9999.000,9999.000,9999.000
202605301536,   1.151,   1.800,9999.000,9999.000,9999.000,9999.000,9999.000,9999.000,9999.000
202605301542,   1.084,   1.748,9999.000,9999.000,9999.000,9999.000,9999.000,9999.000,9999.000
202605301548,   1.019,   1.718,9999.000,9999.000,9999.000,9999.000,9999.000,9999.000,9999.000
202605301554,   0.958,   1.649,9999.000,9999.000,9999.000,9999.000,9999.000,9999.000,9999.000
202605301600,   0.898,   1.659,   0.500,   0.261,   1.659,   0.400,   1.559,   0.600,   1.759
202605301606,   0.842,   1.649,9999.000,9999.000,9999.000,9999.000,9999.000,9999.000,9999.000
202605301612,   0.789,   1.708,9999.000,9999.000,9999.000,9999.000,9999.000,9999.000,9999.000
202605301618,   0.738,   1.610,9999.000,9999.000,9999.000,9999.000,9999.000,9999.000,9999.000
202605301624,   0.692,   1.548,9999.000,9999.000,9999.000,9999.000,9999.000,9999.000,9999.000
202605301630,   0.648,   1.528,9999.000,9999.000,9999.000,9999.000,9999.000,9999.000,9999.000
202605301636,   0.609,   1.590,9999.000,9999.000,9999.000,9999.000,9999.000,9999.000,9999.000
202605301642,   0.573,   1.459,9999.000,9999.000,9999.000,9999.000,9999.000,9999.000,9999.000
202605301648,   0.541,   1.459,9999.000,9999.000,9999.000,9999.000,9999.000,9999.000,9999.000
202605301654,   0.514,   1.439,9999.000,9999.000,9999.000,9999.000,9999.000,9999.000,9999.000
202605301700,   0.490,   1.380,   0.600,   0.290,   1.380,   0.500,   1.280,   0.700,   1.480
202605301706,   0.471,   1.439,9999.000,9999.000,9999.000,9999.000,9999.000,9999.000,9999.000
202605301712,   0.457,   1.479,9999.000,9999.000,9999.000,9999.000,9999.000,9999.000,9999.000
202605301718,   0.447,   1.528,9999.000,9999.000,9999.000,9999.000,9999.000,9999.000,9999.000
202605301724,   0.442,   1.459,9999.000,9999.000,9999.000,9999.000,9999.000,9999.000,9999.000
202605301730,   0.443,   1.449,9999.000,9999.000,9999.000,9999.000,9999.000,9999.000,9999.000
202605301736,   0.448,   1.449,9999.000,9999.000,9999.000,9999.000,9999.000,9999.000,9999.000
202605301742,   0.458,   1.498,9999.000,9999.000,9999.000,9999.000,9999.000,9999.000,9999.000
202605301748,   0.473,   1.498,9999.000,9999.000,9999.000,9999.000,9999.000,9999.000,9999.000
202605301754,   0.494,9999.000,9999.000,9999.000,9999.000,9999.000,9999.000,9999.000,9999.000
202605301800,   0.520,9999.000,   0.800,   0.276,   1.596,   0.700,   1.496,   0.900,   1.696
202605301806,   0.551,9999.000,9999.000,9999.000,9999.000,9999.000,9999.000,9999.000,9999.000
202605301812,   0.588,9999.000,9999.000,9999.000,9999.000,9999.000,9999.000,9999.000,9999.000
202605301818,   0.630,9999.000,9999.000,9999.000,9999.000,9999.000,9999.000,9999.000,9999.000
202605301824,   0.677,9999.000,9999.000,9999.000,9999.000,9999.000,9999.000,9999.000,9999.000
202605301830,   0.729,9999.000,9999.000,9999.000,9999.000,9999.000,9999.000,9999.000,9999.000
202605301836,   0.786,9999.000,9999.000,9999.000,9999.000,9999.000,9999.000,9999.000,9999.000
202605301842,   0.848,9999.000,9999.000,9999.000,9999.000,9999.000,9999.000,9999.000,9999.000
202605301848,   0.915,9999.000,9999.000,9999.000,9999.000,9999.000,9999.000,9999.000,9999.000
202605301854,   0.986,9999.000,9999.000,9999.000,9999.000,9999.000,9999.000,9999.000,9999.000
202605301900,   1.062,9999.000,   1.000,   0.261,   2.323,   0.800,   2.123,   1.100,   2.423
202605301906,   1.141,9999.000,9999.000,9999.000,9999.000,9999.000,9999.000,9999.000,9999.000
202605301912,   1.225,9999.000,9999.000,9999.000,9999.000,9999.000,9999.000,9999.000,9999.000
202605301918,   1.313,9999.000,9999.000,9999.000,9999.000,9999.000,9999.000,9999.000,9999.000
202605301924,   1.403,9999.000,9999.000,9999.000,9999.000,9999.000,9999.000,9999.000,9999.000
202605301930,   1.497,9999.000,9999.000,9999.000,9999.000,9999.000,9999.000,9999.000,9999.000
202605301936,   1.594,9999.000,9999.000,9999.000,9999.000,9999.000,9999.000,9999.000,9999.000
202605301942,   1.693,9999.000,9999.000,9999.000,9999.000,9999.000,9999.000,9999.000,9999.000
202605301948,   1.794,9999.000,9999.000,9999.000,9999.000,9999.000,9999.000,9999.000,9999.000
202605301954,   1.898,9999.000,9999.000,9999.000,9999.000,9999.000,9999.000,9999.000,9999.000
202605302000,   2.003,9999.000,   1.100,   0.247,   3.350,   0.900,   3.150,   1.300,   3.550
202605302006,   2.109,9999.000,9999.000,9999.000,9999.000,9999.000,9999.000,9999.000,9999.000
202605302012,   2.215,9999.000,9999.000,9999.000,9999.000,9999.000,9999.000,9999.000,9999.000
202605302018,   2.323,9999.000,9999.000,9999.000,9999.000,9999.000,9999.000,9999.000,9999.000
202605302024,   2.431,9999.000,9999.000,9999.000,9999.000,9999.000,9999.000,9999.000,9999.000
202605302030,   2.538,9999.000,9999.000,9999.000,9999.000,9999.000,9999.000,9999.000,9999.000
202605302036,   2.646,9999.000,9999.000,9999.000,9999.000,9999.000,9999.000,9999.000,9999.000
202605302042,   2.753,9999.000,9999.000,9999.000,9999.000,9999.000,9999.000,9999.000,9999.000
202605302048,   2.858,9999.000,9999.000,9999.000,9999.000,9999.000,9999.000,9999.000,9999.000
202605302054,   2.963,9999.000,9999.000,9999.000,9999.000,9999.000,9999.000,9999.000,9999.000
202605302100,   3.067,9999.000,   1.100,   0.233,   4.400,   0.900,   4.200,   1.300,   4.600
202605302106,   3.168,9999.000,9999.000,9999.000,9999.000,9999.000,9999.000,9999.000,9999.000
202605302112,   3.268,9999.000,9999.000,9999.000,9999.000,9999.000,9999.000,9999.000,9999.000
202605302118,   3.366,9999.000,9999.000,9999.000,9999.000,9999.000,9999.000,9999.000,9999.000
202605302124,   3.462,9999.000,9999.000,9999.000,9999.000,9999.000,9999.000,9999.000,9999.000
202605302130,   3.555,9999.000,9999.000,9999.000,9999.000,9999.000,9999.000,9999.000,9999.000
202605302136,   3.646,9999.000,9999.000,9999.000,9999.000,9999.000,9999.000,9999.000,9999.000
202605302142,   3.734,9999.000,9999.000,9999.000,9999.000,9999.000,9999.000,9999.000,9999.000
202605302148,   3.820,9999.000,9999.000,9999.000,9999.000,9999.000,9999.000,9999.000,9999.000
202605302154,   3.902,9999.000,9999.000,9999.000,9999.000,9999.000,9999.000,9999.000,9999.000
202605302200,   3.981,9999.000,   1.100,   0.218,   5.299,   0.900,   5.099,   1.300,   5.499
202605302206,   4.057,9999.000,9999.000,9999.000,9999.000,9999.000,9999.000,9999.000,9999.000
202605302212,   4.130,9999.000,9999.000,9999.000,9999.000,9999.000,9999.000,9999.000,9999.000
202605302218,   4.199,9999.000,9999.000,9999.000,9999.000,9999.000,9999.000,9999.000,9999.000
202605302224,   4.264,9999.000,9999.000,9999.000,9999.000,9999.000,9999.000,9999.000,9999.000
202605302230,   4.326,9999.000,9999.000,9999.000,9999.000,9999.000,9999.000,9999.000,9999.000
202605302236,   4.385,9999.000,9999.000,9999.000,9999.000,9999.000,9999.000,9999.000,9999.000
202605302242,   4.439,9999.000,9999.000,9999.000,9999.000,9999.000,9999.000,9999.000,9999.000
202605302248,   4.489,9999.000,9999.000,9999.000,9999.000,9999.000,9999.000,9999.000,9999.000
202605302254,   4.536,9999.000,9999.000,9999.000,9999.000,9999.000,9999.000,9999.000,9999.000
202605302300,   4.578,9999.000,   1.200,   0.204,   5.982,   1.000,   5.782,   1.400,   6.182
202605302306,   4.616,9999.000,9999.000,9999.000,9999.000,9999.000,9999.000,9999.000,9999.000
202605302312,   4.649,9999.000,9999.000,9999.000,9999.000,9999.000,9999.000,9999.000,9999.000
202605302318,   4.679,9999.000,9999.000,9999.000,9999.000,9999.000,9999.000,9999.000,9999.000
202605302324,   4.703,9999.000,9999.000,9999.000,9999.000,9999.000,9999.000,9999.000,9999.000
202605302330,   4.723,9999.000,9999.000,9999.000,9999.000,9999.000,9999.000,9999.000,9999.000
202605302336,   4.738,9999.000,9999.000,9999.000,9999.000,9999.000,9999.000,9999.000,9999.000
202605302342,   4.749,9999.000,9999.000,9999.000,9999.000,9999.000,9999.000,9999.000,9999.000
202605302348,   4.754,9999.000,9999.000,9999.000,9999.000,9999.000,9999.000,9999.000,9999.000
202605302354,   4.755,9999.000,9999.000,9999.000,9999.000,9999.000,9999.000,9999.000,9999.000
202605310000,   4.750,9999.000,   1.400,   0.190,   6.340,   1.100,   6.040,   1.600,   6.540
202605310006,   4.741,9999.000,9999.000,9999.000,9999.000,9999.000,9999.000,9999.000,9999.000
202605310012,   4.726,9999.000,9999.000,9999.000,9999.000,9999.000,9999.000,9999.000,9999.000
202605310018,   4.706,9999.000,9999.000,9999.000,9999.000,9999.000,9999.000,9999.000,9999.000
202605310024,   4.681,9999.000,9999.000,9999.000,9999.000,9999.000,9999.000,9999.000,9999.000
202605310030,   4.651,9999.000,9999.000,9999.000,9999.000,9999.000,9999.000,9999.000,9999.000
202605310036,   4.616,9999.000,9999.000,9999.000,9999.000,9999.000,9999.000,9999.000,9999.000
202605310042,   4.576,9999.000,9999.000,9999.000,9999.000,9999.000,9999.000,9999.000,9999.000
202605310048,   4.531,9999.000,9999.000,9999.000,9999.000,9999.000,9999.000,9999.000,9999.000
202605310054,   4.482,9999.000,9999.000,9999.000,9999.000,9999.000,9999.000,9999.000,9999.000
202605310100,   4.427,9999.000,   1.400,   0.175,   6.002,   1.100,   5.702,   1.600,   6.202
202605310106,   4.368,9999.000,9999.000,9999.000,9999.000,9999.000,9999.000,9999.000,9999.000
202605310112,   4.304,9999.000,9999.000,9999.000,9999.000,9999.000,9999.000,9999.000,9999.000
202605310118,   4.236,9999.000,9999.000,9999.000,9999.000,9999.000,9999.000,9999.000,9999.000
202605310124,   4.164,9999.000,9999.000,9999.000,9999.000,9999.000,9999.000,9999.000,9999.000
202605310130,   4.088,9999.000,9999.000,9999.000,9999.000,9999.000,9999.000,9999.000,9999.000
202605310136,   4.008,9999.000,9999.000,9999.000,9999.000,9999.000,9999.000,9999.000,9999.000
202605310142,   3.925,9999.000,9999.000,9999.000,9999.000,9999.000,9999.000,9999.000,9999.000
202605310148,   3.838,9999.000,9999.000,9999.000,9999.000,9999.000,9999.000,9999.000,9999.000
202605310154,   3.749,9999.000,9999.000,9999.000,9999.000,9999.000,9999.000,9999.000,9999.000
202605310200,   3.656,9999.000,   1.400,   0.161,   5.217,   1.200,   5.017,   1.600,   5.417
202605310206,   3.561,9999.000,9999.000,9999.000,9999.000,9999.000,9999.000,9999.000,9999.000
202605310212,   3.464,9999.000,9999.000,9999.000,9999.000,9999.000,9999.000,9999.000,9999.000
202605310218,   3.365,9999.000,9999.000,9999.000,9999.000,9999.000,9999.000,9999.000,9999.000
202605310224,   3.264,9999.000,9999.000,9999.000,9999.000,9999.000,9999.000,9999.000,9999.000
202605310230,   3.162,9999.000,9999.000,9999.000,9999.000,9999.000,9999.000,9999.000,9999.000
202605310236,   3.058,9999.000,9999.000,9999.000,9999.000,9999.000,9999.000,9999.000,9999.000
202605310242,   2.953,9999.000,9999.000,9999.000,9999.000,9999.000,9999.000,9999.000,9999.000
202605310248,   2.848,9999.000,9999.000,9999.000,9999.000,9999.000,9999.000,9999.000,9999.000
202605310254,   2.742,9999.000,9999.000,9999.000,9999.000,9999.000,9999.000,9999.000,9999.000
202605310300,   2.636,9999.000,   1.500,   0.147,   4.283,   1.200,   3.983,   1.700,   4.483
202605310306,   2.530,9999.000,9999.000,9999.000,9999.000,9999.000,9999.000,9999.000,9999.000
202605310312,   2.425,9999.000,9999.000,9999.000,9999.000,9999.000,9999.000,9999.000,9999.000
202605310318,   2.319,9999.000,9999.000,9999.000,9999.000,9999.000,9999.000,9999.000,9999.000
202605310324,   2.215,9999.000,9999.000,9999.000,9999.000,9999.000,9999.000,9999.000,9999.000
202605310330,   2.111,9999.000,9999.000,9999.000,9999.000,9999.000,9999.000,9999.000,9999.000
202605310336,   2.009,9999.000,9999.000,9999.000,9999.000,9999.000,9999.000,9999.000,9999.000
202605310342,   1.907,9999.000,9999.000,9999.000,9999.000,9999.000,9999.000,9999.000,9999.000
202605310348,   1.807,9999.000,9999.000,9999.000,9999.000,9999.000,9999.000,9999.000,9999.000
202605310354,   1.709,9999.000,9999.000,9999.000,9999.000,9999.000,9999.000,9999.000,9999.000
202605310400,   1.613,9999.000,   1.500,   0.132,   3.245,   1.300,   3.045,   1.800,   3.545
202605310406,   1.518,9999.000,9999.000,9999.000,9999.000,9999.000,9999.000,9999.000,9999.000
202605310412,   1.426,9999.000,9999.000,9999.000,9999.000,9999.000,9999.000,9999.000,9999.000
202605310418,   1.336,9999.000,9999.000,9999.000,9999.000,9999.000,9999.000,9999.000,9999.000
202605310424,   1.249,9999.000,9999.000,9999.000,9999.000,9999.000,9999.000,9999.000,9999.000
202605310430,   1.164,9999.000,9999.000,9999.000,9999.000,9999.000,9999.000,9999.000,9999.000
202605310436,   1.082,9999.000,9999.000,9999.000,9999.000,9999.000,9999.000,9999.000,9999.000
202605310442,   1.004,9999.000,9999.000,9999.000,9999.000,9999.000,9999.000,9999.000,9999.000
202605310448,   0.928,9999.000,9999.000,9999.000,9999.000,9999.000,9999.000,9999.000,9999.000
202605310454,   0.856,9999.000,9999.000,9999.000,9999.000,9999.000,9999.000,9999.000,9999.000
202605310500,   0.788,9999.000,   1.400,   0.118,   2.306,   1.200,   2.106,   1.700,   2.606
202605310506,   0.723,9999.000,9999.000,9999.000,9999.000,9999.000,9999.000,9999.000,9999.000
202605310512,   0.663,9999.000,9999.000,9999.000,9999.000,9999.000,9999.000,9999.000,9999.000
202605310518,   0.606,9999.000,9999.000,9999.000,9999.000,9999.000,9999.000,9999.000,9999.000
202605310524,   0.554,9999.000,9999.000,9999.000,9999.000,9999.000,9999.000,9999.000,9999.000
202605310530,   0.506,9999.000,9999.000,9999.000,9999.000,9999.000,9999.000,9999.000,9999.000
202605310536,   0.463,9999.000,9999.000,9999.000,9999.000,9999.000,9999.000,9999.000,9999.000
202605310542,   0.425,9999.000,9999.000,9999.000,9999.000,9999.000,9999.000,9999.000,9999.000
202605310548,   0.392,9999.000,9999.000,9999.000,9999.000,9999.000,9999.000,9999.000,9999.000
202605310554,   0.363,9999.000,9999.000,9999.000,9999.000,9999.000,9999.000,9999.000,9999.000
202605310600,   0.340,9999.000,   1.400,   0.118,   1.858,   1.100,   1.558,   1.600,   2.058
202605310606,   0.322,9999.000,9999.000,9999.000,9999.000,9999.000,9999.000,9999.000,9999.000
202605310612,   0.310,9999.000,9999.000,9999.000,9999.000,9999.000,9999.000,9999.000,9999.000
202605310618,   0.303,9999.000,9999.000,9999.000,9999.000,9999.000,9999.000,9999.000,9999.000
202605310624,   0.301,9999.000,9999.000,9999.000,9999.000,9999.000,9999.000,9999.000,9999.000
202605310630,   0.305,9999.000,9999.000,9999.000,9999.000,9999.000,9999.000,9999.000,9999.000
202605310636,   0.314,9999.000,9999.000,9999.000,9999.000,9999.000,9999.000,9999.000,9999.000
202605310642,   0.329,9999.000,9999.000,9999.000,9999.000,9999.000,9999.000,9999.000,9999.000
202605310648,   0.349,9999.000,9999.000,9999.000,9999.000,9999.000,9999.000,9999.000,9999.000
202605310654,   0.375,9999.000,9999.000,9999.000,9999.000,9999.000,9999.000,9999.000,9999.000
202605310700,   0.406,9999.000,   1.400,   0.118,   1.924,   1.200,   1.724,   1.600,   2.124
202605310706,   0.441,9999.000,9999.000,9999.000,9999.000,9999.000,9999.000,9999.000,9999.000
202605310712,   0.482,9999.000,9999.000,9999.000,9999.000,9999.000,9999.000,9999.000,9999.000
202605310718,   0.527,9999.000,9999.000,9999.000,9999.000,9999.000,9999.000,9999.000,9999.000
202605310724,   0.577,9999.000,9999.000,9999.000,9999.000,9999.000,9999.000,9999.000,9999.000
202605310730,   0.631,9999.000,9999.000,9999.000,9999.000,9999.000,9999.000,9999.000,9999.000
202605310736,   0.690,9999.000,9999.000,9999.000,9999.000,9999.000,9999.000,9999.000,9999.000
202605310742,   0.752,9999.000,9999.000,9999.000,9999.000,9999.000,9999.000,9999.000,9999.000
202605310748,   0.817,9999.000,9999.000,9999.000,9999.000,9999.000,9999.000,9999.000,9999.000
202605310754,   0.886,9999.000,9999.000,9999.000,9999.000,9999.000,9999.000,9999.000,9999.000
202605310800,   0.958,9999.000,   1.400,   0.118,   2.476,   1.100,   2.176,   1.600,   2.676
202605310806,   1.032,9999.000,9999.000,9999.000,9999.000,9999.000,9999.000,9999.000,9999.000
202605310812,   1.109,9999.000,9999.000,9999.000,9999.000,9999.000,9999.000,9999.000,9999.000
202605310818,   1.187,9999.000,9999.000,9999.000,9999.000,9999.000,9999.000,9999.000,9999.000
202605310824,   1.268,9999.000,9999.000,9999.000,9999.000,9999.000,9999.000,9999.000,9999.000
202605310830,   1.349,9999.000,9999.000,9999.000,9999.000,9999.000,9999.000,9999.000,9999.000
202605310836,   1.432,9999.000,9999.000,9999.000,9999.000,9999.000,9999.000,9999.000,9999.000
202605310842,   1.516,9999.000,9999.000,9999.000,9999.000,9999.000,9999.000,9999.000,9999.000
202605310848,   1.600,9999.000,9999.000,9999.000,9999.000,9999.000,9999.000,9999.000,9999.000
202605310854,   1.684,9999.000,9999.000,9999.000,9999.000,9999.000,9999.000,9999.000,9999.000
202605310900,   1.768,9999.000,   1.300,   0.118,   3.186,   1.100,   2.986,   1.500,   3.386
202605310906,   1.852,9999.000,9999.000,9999.000,9999.000,9999.000,9999.000,9999.000,9999.000
202605310912,   1.936,9999.000,9999.000,9999.000,9999.000,9999.000,9999.000,9999.000,9999.000
202605310918,   2.018,9999.000,9999.000,9999.000,9999.000,9999.000,9999.000,9999.000,9999.000
202605310924,   2.100,9999.000,9999.000,9999.000,9999.000,9999.000,9999.000,9999.000,9999.000
202605310930,   2.180,9999.000,9999.000,9999.000,9999.000,9999.000,9999.000,9999.000,9999.000
202605310936,   2.260,9999.000,9999.000,9999.000,9999.000,9999.000,9999.000,9999.000,9999.000
202605310942,   2.337,9999.000,9999.000,9999.000,9999.000,9999.000,9999.000,9999.000,9999.000
202605310948,   2.413,9999.000,9999.000,9999.000,9999.000,9999.000,9999.000,9999.000,9999.000
202605310954,   2.488,9999.000,9999.000,9999.000,9999.000,9999.000,9999.000,9999.000,9999.000
202605311000,   2.560,9999.000,   1.300,   0.118,   3.978,   1.100,   3.778,   1.500,   4.178
202605311006,   2.630,9999.000,9999.000,9999.000,9999.000,9999.000,9999.000,9999.000,9999.000
202605311012,   2.698,9999.000,9999.000,9999.000,9999.000,9999.000,9999.000,9999.000,9999.000
202605311018,   2.764,9999.000,9999.000,9999.000,9999.000,9999.000,9999.000,9999.000,9999.000
202605311024,   2.828,9999.000,9999.000,9999.000,9999.000,9999.000,9999.000,9999.000,9999.000
202605311030,   2.889,9999.000,9999.000,9999.000,9999.000,9999.000,9999.000,9999.000,9999.000
202605311036,   2.947,9999.000,9999.000,9999.000,9999.000,9999.000,9999.000,9999.000,9999.000
202605311042,   3.003,9999.000,9999.000,9999.000,9999.000,9999.000,9999.000,9999.000,9999.000
202605311048,   3.056,9999.000,9999.000,9999.000,9999.000,9999.000,9999.000,9999.000,9999.000
202605311054,   3.107,9999.000,9999.000,9999.000,9999.000,9999.000,9999.000,9999.000,9999.000
202605311100,   3.154,9999.000,   1.200,   0.118,   4.472,   1.100,   4.372,   1.500,   4.772
202605311106,   3.199,9999.000,9999.000,9999.000,9999.000,9999.000,9999.000,9999.000,9999.000
202605311112,   3.240,9999.000,9999.000,9999.000,9999.000,9999.000,9999.000,9999.000,9999.000
202605311118,   3.278,9999.000,9999.000,9999.000,9999.000,9999.000,9999.000,9999.000,9999.000
202605311124,   3.313,9999.000,9999.000,9999.000,9999.000,9999.000,9999.000,9999.000,9999.000
202605311130,   3.344,9999.000,9999.000,9999.000,9999.000,9999.000,9999.000,9999.000,9999.000
202605311136,   3.372,9999.000,9999.000,9999.000,9999.000,9999.000,9999.000,9999.000,9999.000
202605311142,   3.396,9999.000,9999.000,9999.000,9999.000,9999.000,9999.000,9999.000,9999.000
202605311148,   3.417,9999.000,9999.000,9999.000,9999.000,9999.000,9999.000,9999.000,9999.000
202605311154,   3.433,9999.000,9999.000,9999.000,9999.000,9999.000,9999.000,9999.000,9999.000
202605311200,   3.446,9999.000,   1.200,   0.118,   4.764,   1.000,   4.564,   1.400,   4.964
202605311206,   3.455,9999.000,9999.000,9999.000,9999.000,9999.000,9999.000,9999.000,9999.000
202605311212,   3.459,9999.000,9999.000,9999.000,9999.000,9999.000,9999.000,9999.000,9999.000
202605311218,   3.460,9999.000,9999.000,9999.000,9999.000,9999.000,9999.000,9999.000,9999.000
202605311224,   3.456,9999.000,9999.000,9999.000,9999.000,9999.000,9999.000,9999.000,9999.000
202605311230,   3.448,9999.000,9999.000,9999.000,9999.000,9999.000,9999.000,9999.000,9999.000
202605311236,   3.436,9999.000,9999.000,9999.000,9999.000,9999.000,9999.000,9999.000,9999.000
202605311242,   3.419,9999.000,9999.000,9999.000,9999.000,9999.000,9999.000,9999.000,9999.000
202605311248,   3.398,9999.000,9999.000,9999.000,9999.000,9999.000,9999.000,9999.000,9999.000
202605311254,   3.373,9999.000,9999.000,9999.000,9999.000,9999.000,9999.000,9999.000,9999.000
202605311300,   3.344,9999.000,   1.100,   0.118,   4.562,   0.900,   4.362,   1.300,   4.762
202605311306,   3.310,9999.000,9999.000,9999.000,9999.000,9999.000,9999.000,9999.000,9999.000
202605311312,   3.272,9999.000,9999.000,9999.000,9999.000,9999.000,9999.000,9999.000,9999.000
202605311318,   3.231,9999.000,9999.000,9999.000,9999.000,9999.000,9999.000,9999.000,9999.000
202605311324,   3.185,9999.000,9999.000,9999.000,9999.000,9999.000,9999.000,9999.000,9999.000
202605311330,   3.136,9999.000,9999.000,9999.000,9999.000,9999.000,9999.000,9999.000,9999.000
202605311336,   3.083,9999.000,9999.000,9999.000,9999.000,9999.000,9999.000,9999.000,9999.000
202605311342,   3.026,9999.000,9999.000,9999.000,9999.000,9999.000,9999.000,9999.000,9999.000
202605311348,   2.967,9999.000,9999.000,9999.000,9999.000,9999.000,9999.000,9999.000,9999.000
202605311354,   2.904,9999.000,9999.000,9999.000,9999.000,9999.000,9999.000,9999.000,9999.000
202605311400,   2.839,9999.000,   1.100,   0.118,   4.057,   0.900,   3.857,   1.200,   4.157
202605311406,   2.771,9999.000,9999.000,9999.000,9999.000,9999.000,9999.000,9999.000,9999.000
202605311412,   2.701,9999.000,9999.000,9999.000,9999.000,9999.000,9999.000,9999.000,9999.000
202605311418,   2.629,9999.000,9999.000,9999.000,9999.000,9999.000,9999.000,9999.000,9999.000
202605311424,   2.554,9999.000,9999.000,9999.000,9999.000,9999.000,9999.000,9999.000,9999.000
202605311430,   2.479,9999.000,9999.000,9999.000,9999.000,9999.000,9999.000,9999.000,9999.000
202605311436,   2.402,9999.000,9999.000,9999.000,9999.000,9999.000,9999.000,9999.000,9999.000
202605311442,   2.324,9999.000,9999.000,9999.000,9999.000,9999.000,9999.000,9999.000,9999.000
202605311448,   2.245,9999.000,9999.000,9999.000,9999.000,9999.000,9999.000,9999.000,9999.000
202605311454,   2.165,9999.000,9999.000,9999.000,9999.000,9999.000,9999.000,9999.000,9999.000
202605311500,   2.085,9999.000,   1.000,   0.118,   3.203,   0.800,   3.003,   1.200,   3.403
202605311506,   2.005,9999.000,9999.000,9999.000,9999.000,9999.000,9999.000,9999.000,9999.000
202605311512,   1.925,9999.000,9999.000,9999.000,9999.000,9999.000,9999.000,9999.000,9999.000
202605311518,   1.846,9999.000,9999.000,9999.000,9999.000,9999.000,9999.000,9999.000,9999.000
202605311524,   1.767,9999.000,9999.000,9999.000,9999.000,9999.000,9999.000,9999.000,9999.000
202605311530,   1.689,9999.000,9999.000,9999.000,9999.000,9999.000,9999.000,9999.000,9999.000
202605311536,   1.612,9999.000,9999.000,9999.000,9999.000,9999.000,9999.000,9999.000,9999.000
202605311542,   1.536,9999.000,9999.000,9999.000,9999.000,9999.000,9999.000,9999.000,9999.000
202605311548,   1.461,9999.000,9999.000,9999.000,9999.000,9999.000,9999.000,9999.000,9999.000
202605311554,   1.388,9999.000,9999.000,9999.000,9999.000,9999.000,9999.000,9999.000,9999.000
202605311600,   1.316,9999.000,   1.000,   0.118,   2.434,   0.900,   2.334,   1.200,   2.634
202605311606,   1.246,9999.000,9999.000,9999.000,9999.000,9999.000,9999.000,9999.000,9999.000
202605311612,   1.179,9999.000,9999.000,9999.000,9999.000,9999.000,9999.000,9999.000,9999.000
202605311618,   1.113,9999.000,9999.000,9999.000,9999.000,9999.000,9999.000,9999.000,9999.000
202605311624,   1.050,9999.000,9999.000,9999.000,9999.000,9999.000,9999.000,9999.000,9999.000
202605311630,   0.989,9999.000,9999.000,9999.000,9999.000,9999.000,9999.000,9999.000,9999.000
202605311636,   0.931,9999.000,9999.000,9999.000,9999.000,9999.000,9999.000,9999.000,9999.000
202605311642,   0.875,9999.000,9999.000,9999.000,9999.000,9999.000,9999.000,9999.000,9999.000
202605311648,   0.823,9999.000,9999.000,9999.000,9999.000,9999.000,9999.000,9999.000,9999.000
202605311654,   0.773,9999.000,9999.000,9999.000,9999.000,9999.000,9999.000,9999.000,9999.000
202605311700,   0.727,9999.000,   1.000,   0.118,   1.845,   0.800,   1.645,   1.200,   2.045
202605311706,   0.684,9999.000,9999.000,9999.000,9999.000,9999.000,9999.000,9999.000,9999.000
202605311712,   0.644,9999.000,9999.000,9999.000,9999.000,9999.000,9999.000,9999.000,9999.000
202605311718,   0.609,9999.000,9999.000,9999.000,9999.000,9999.000,9999.000,9999.000,9999.000
202605311724,   0.577,9999.000,9999.000,9999.000,9999.000,9999.000,9999.000,9999.000,9999.000
202605311730,   0.549,9999.000,9999.000,9999.000,9999.000,9999.000,9999.000,9999.000,9999.000
202605311736,   0.525,9999.000,9999.000,9999.000,9999.000,9999.000,9999.000,9999.000,9999.000
202605311742,   0.506,9999.000,9999.000,9999.000,9999.000,9999.000,9999.000,9999.000,9999.000
202605311748,   0.491,9999.000,9999.000,9999.000,9999.000,9999.000,9999.000,9999.000,9999.000
202605311754,   0.481,9999.000,9999.000,9999.000,9999.000,9999.000,9999.000,9999.000,9999.000
202605311800,   0.476,9999.000,   1.000,   0.118,   1.594,   0.800,   1.394,   1.100,   1.694
202605311806,   0.475,9999.000,9999.000,9999.000,9999.000,9999.000,9999.000,9999.000,9999.000
202605311812,   0.479,9999.000,9999.000,9999.000,9999.000,9999.000,9999.000,9999.000,9999.000
202605311818,   0.489,9999.000,9999.000,9999.000,9999.000,9999.000,9999.000,9999.000,9999.000
202605311824,   0.503,9999.000,9999.000,9999.000,9999.000,9999.000,9999.000,9999.000,9999.000
202605311830,   0.523,9999.000,9999.000,9999.000,9999.000,9999.000,9999.000,9999.000,9999.000
202605311836,   0.548,9999.000,9999.000,9999.000,9999.000,9999.000,9999.000,9999.000,9999.000
202605311842,   0.579,9999.000,9999.000,9999.000,9999.000,9999.000,9999.000,9999.000,9999.000
202605311848,   0.615,9999.000,9999.000,9999.000,9999.000,9999.000,9999.000,9999.000,9999.000
202605311854,   0.656,9999.000,9999.000,9999.000,9999.000,9999.000,9999.000,9999.000,9999.000
202605311900,   0.702,9999.000,   1.000,   0.118,   1.820,   0.800,   1.620,   1.100,   1.920
202605311906,   0.753,9999.000,9999.000,9999.000,9999.000,9999.000,9999.000,9999.000,9999.000
202605311912,   0.810,9999.000,9999.000,9999.000,9999.000,9999.000,9999.000,9999.000,9999.000
202605311918,   0.871,9999.000,9999.000,9999.000,9999.000,9999.000,9999.000,9999.000,9999.000
202605311924,   0.937,9999.000,9999.000,9999.000,9999.000,9999.000,9999.000,9999.000,9999.000
202605311930,   1.008,9999.000,9999.000,9999.000,9999.000,9999.000,9999.000,9999.000,9999.000
202605311936,   1.083,9999.000,9999.000,9999.000,9999.000,9999.000,9999.000,9999.000,9999.000
202605311942,   1.162,9999.000,9999.000,9999.000,9999.000,9999.000,9999.000,9999.000,9999.000
202605311948,   1.245,9999.000,9999.000,9999.000,9999.000,9999.000,9999.000,9999.000,9999.000
202605311954,   1.332,9999.000,9999.000,9999.000,9999.000,9999.000,9999.000,9999.000,9999.000
202605312000,   1.422,9999.000,   0.900,   0.118,   2.440,   0.800,   2.340,   1.000,   2.540
202605312006,   1.515,9999.000,9999.000,9999.000,9999.000,9999.000,9999.000,9999.000,9999.000
202605312012,   1.611,9999.000,9999.000,9999.000,9999.000,9999.000,9999.000,9999.000,9999.000
202605312018,   1.710,9999.000,9999.000,9999.000,9999.000,9999.000,9999.000,9999.000,9999.000
202605312024,   1.810,9999.000,9999.000,9999.000,9999.000,9999.000,9999.000,9999.000,9999.000
202605312030,   1.912,9999.000,9999.000,9999.000,9999.000,9999.000,9999.000,9999.000,9999.000
202605312036,   2.016,9999.000,9999.000,9999.000,9999.000,9999.000,9999.000,9999.000,9999.000
202605312042,   2.121,9999.000,9999.000,9999.000,9999.000,9999.000,9999.000,9999.000,9999.000
202605312048,   2.227,9999.000,9999.000,9999.000,9999.000,9999.000,9999.000,9999.000,9999.000
202605312054,   2.333,9999.000,9999.000,9999.000,9999.000,9999.000,9999.000,9999.000,9999.000
202605312100,   2.440,9999.000,   0.800,   0.118,   3.358,   0.700,   3.258,   1.000,   3.558
202605312106,   2.546,9999.000,9999.000,9999.000,9999.000,9999.000,9999.000,9999.000,9999.000
202605312112,   2.652,9999.000,9999.000,9999.000,9999.000,9999.000,9999.000,9999.000,9999.000
202605312118,   2.757,9999.000,9999.000,9999.000,9999.000,9999.000,9999.000,9999.000,9999.000
202605312124,   2.862,9999.000,9999.000,9999.000,9999.000,9999.000,9999.000,9999.000,9999.000
202605312130,   2.965,9999.000,9999.000,9999.000,9999.000,9999.000,9999.000,9999.000,9999.000
202605312136,   3.067,9999.000,9999.000,9999.000,9999.000,9999.000,9999.000,9999.000,9999.000
202605312142,   3.167,9999.000,9999.000,9999.000,9999.000,9999.000,9999.000,9999.000,9999.000
202605312148,   3.265,9999.000,9999.000,9999.000,9999.000,9999.000,9999.000,9999.000,9999.000
202605312154,   3.362,9999.000,9999.000,9999.000,9999.000,9999.000,9999.000,9999.000,9999.000
202605312200,   3.456,9999.000,   0.800,   0.118,   4.374,   0.700,   4.274,   0.900,   4.474
202605312206,   3.548,9999.000,9999.000,9999.000,9999.000,9999.000,9999.000,9999.000,9999.000
202605312212,   3.638,9999.000,9999.000,9999.000,9999.000,9999.000,9999.000,9999.000,9999.000
202605312218,   3.725,9999.000,9999.000,9999.000,9999.000,9999.000,9999.000,9999.000,9999.000
202605312224,   3.809,9999.000,9999.000,9999.000,9999.000,9999.000,9999.000,9999.000,9999.000
202605312230,   3.891,9999.000,9999.000,9999.000,9999.000,9999.000,9999.000,9999.000,9999.000
202605312236,   3.969,9999.000,9999.000,9999.000,9999.000,9999.000,9999.000,9999.000,9999.000
202605312242,   4.045,9999.000,9999.000,9999.000,9999.000,9999.000,9999.000,9999.000,9999.000
202605312248,   4.117,9999.000,9999.000,9999.000,9999.000,9999.000,9999.000,9999.000,9999.000
202605312254,   4.186,9999.000,9999.000,9999.000,9999.000,9999.000,9999.000,9999.000,9999.000
202605312300,   4.252,9999.000,   0.800,   0.118,   5.170,   0.600,   4.970,   0.900,   5.270
202605312306,   4.314,9999.000,9999.000,9999.000,9999.000,9999.000,9999.000,9999.000,9999.000
202605312312,   4.373,9999.000,9999.000,9999.000,9999.000,9999.000,9999.000,9999.000,9999.000
202605312318,   4.428,9999.000,9999.000,9999.000,9999.000,9999.000,9999.000,9999.000,9999.000
202605312324,   4.479,9999.000,9999.000,9999.000,9999.000,9999.000,9999.000,9999.000,9999.000
202605312330,   4.527,9999.000,9999.000,9999.000,9999.000,9999.000,9999.000,9999.000,9999.000
202605312336,   4.570,9999.000,9999.000,9999.000,9999.000,9999.000,9999.000,9999.000,9999.000
202605312342,   4.609,9999.000,9999.000,9999.000,9999.000,9999.000,9999.000,9999.000,9999.000
202605312348,   4.644,9999.000,9999.000,9999.000,9999.000,9999.000,9999.000,9999.000,9999.000
202605312354,   4.675,9999.000,9999.000,9999.000,9999.000,9999.000,9999.000,9999.000,9999.000
202606010000,   4.701,9999.000,   0.700,   0.118,   5.519,   0.600,   5.419,   0.800,   5.619
202606010006,   4.723,9999.000,9999.000,9999.000,9999.000,9999.000,9999.000,9999.000,9999.000
202606010012,   4.740,9999.000,9999.000,9999.000,9999.000,9999.000,9999.000,9999.000,9999.000
202606010018,   4.752,9999.000,9999.000,9999.000,9999.000,9999.000,9999.000,9999.000,9999.000
202606010024,   4.759,9999.000,9999.000,9999.000,9999.000,9999.000,9999.000,9999.000,9999.000
202606010030,   4.762,9999.000,9999.000,9999.000,9999.000,9999.000,9999.000,9999.000,9999.000
202606010036,   4.759,9999.000,9999.000,9999.000,9999.000,9999.000,9999.000,9999.000,9999.000
202606010042,   4.751,9999.000,9999.000,9999.000,9999.000,9999.000,9999.000,9999.000,9999.000
202606010048,   4.738,9999.000,9999.000,9999.000,9999.000,9999.000,9999.000,9999.000,9999.000
202606010054,   4.720,9999.000,9999.000,9999.000,9999.000,9999.000,9999.000,9999.000,9999.000
202606010100,   4.697,9999.000,   0.600,   0.118,   5.415,   0.500,   5.315,   0.800,   5.615
202606010106,   4.669,9999.000,9999.000,9999.000,9999.000,9999.000,9999.000,9999.000,9999.000
202606010112,   4.635,9999.000,9999.000,9999.000,9999.000,9999.000,9999.000,9999.000,9999.000
202606010118,   4.596,9999.000,9999.000,9999.000,9999.000,9999.000,9999.000,9999.000,9999.000
202606010124,   4.553,9999.000,9999.000,9999.000,9999.000,9999.000,9999.000,9999.000,9999.000
202606010130,   4.504,9999.000,9999.000,9999.000,9999.000,9999.000,9999.000,9999.000,9999.000
202606010136,   4.450,9999.000,9999.000,9999.000,9999.000,9999.000,9999.000,9999.000,9999.000
202606010142,   4.392,9999.000,9999.000,9999.000,9999.000,9999.000,9999.000,9999.000,9999.000
202606010148,   4.330,9999.000,9999.000,9999.000,9999.000,9999.000,9999.000,9999.000,9999.000
202606010154,   4.262,9999.000,9999.000,9999.000,9999.000,9999.000,9999.000,9999.000,9999.000
202606010200,   4.191,9999.000,   0.600,   0.118,   4.909,   0.400,   4.709,   0.700,   5.009
202606010206,   4.116,9999.000,9999.000,9999.000,9999.000,9999.000,9999.000,9999.000,9999.000
202606010212,   4.037,9999.000,9999.000,9999.000,9999.000,9999.000,9999.000,9999.000,9999.000
202606010218,   3.954,9999.000,9999.000,9999.000,9999.000,9999.000,9999.000,9999.000,9999.000
202606010224,   3.868,9999.000,9999.000,9999.000,9999.000,9999.000,9999.000,9999.000,9999.000
202606010230,   3.779,9999.000,9999.000,9999.000,9999.000,9999.000,9999.000,9999.000,9999.000
202606010236,   3.687,9999.000,9999.000,9999.000,9999.000,9999.000,9999.000,9999.000,9999.000
202606010242,   3.593,9999.000,9999.000,9999.000,9999.000,9999.000,9999.000,9999.000,9999.000
202606010248,   3.496,9999.000,9999.000,9999.000,9999.000,9999.000,9999.000,9999.000,9999.000
202606010254,   3.398,9999.000,9999.000,9999.000,9999.000,9999.000,9999.000,9999.000,9999.000
202606010300,   3.297,9999.000,   0.500,   0.118,   3.915,   0.400,   3.815,   0.600,   4.015
202606010306,   3.195,9999.000,9999.000,9999.000,9999.000,9999.000,9999.000,9999.000,9999.000
202606010312,   3.092,9999.000,9999.000,9999.000,9999.000,9999.000,9999.000,9999.000,9999.000
202606010318,   2.988,9999.000,9999.000,9999.000,9999.000,9999.000,9999.000,9999.000,9999.000
202606010324,   2.883,9999.000,9999.000,9999.000,9999.000,9999.000,9999.000,9999.000,9999.000
202606010330,   2.778,9999.000,9999.000,9999.000,9999.000,9999.000,9999.000,9999.000,9999.000
202606010336,   2.673,9999.000,9999.000,9999.000,9999.000,9999.000,9999.000,9999.000,9999.000
202606010342,   2.567,9999.000,9999.000,9999.000,9999.000,9999.000,9999.000,9999.000,9999.000
202606010348,   2.462,9999.000,9999.000,9999.000,9999.000,9999.000,9999.000,9999.000,9999.000
202606010354,   2.357,9999.000,9999.000,9999.000,9999.000,9999.000,9999.000,9999.000,9999.000
202606010400,   2.253,9999.000,   0.400,   0.118,   2.771,   0.300,   2.671,   0.500,   2.871
202606010406,   2.150,9999.000,9999.000,9999.000,9999.000,9999.000,9999.000,9999.000,9999.000
202606010412,   2.047,9999.000,9999.000,9999.000,9999.000,9999.000,9999.000,9999.000,9999.000
202606010418,   1.946,9999.000,9999.000,9999.000,9999.000,9999.000,9999.000,9999.000,9999.000
202606010424,   1.846,9999.000,9999.000,9999.000,9999.000,9999.000,9999.000,9999.000,9999.000
202606010430,   1.748,9999.000,9999.000,9999.000,9999.000,9999.000,9999.000,9999.000,9999.000
202606010436,   1.652,9999.000,9999.000,9999.000,9999.000,9999.000,9999.000,9999.000,9999.000
202606010442,   1.557,9999.000,9999.000,9999.000,9999.000,9999.000,9999.000,9999.000,9999.000
202606010448,   1.465,9999.000,9999.000,9999.000,9999.000,9999.000,9999.000,9999.000,9999.000
202606010454,   1.375,9999.000,9999.000,9999.000,9999.000,9999.000,9999.000,9999.000,9999.000
202606010500,   1.287,9999.000,   0.300,   0.118,   1.705,   0.200,   1.605,   0.500,   1.905
202606010506,   1.202,9999.000,9999.000,9999.000,9999.000,9999.000,9999.000,9999.000,9999.000
202606010512,   1.120,9999.000,9999.000,9999.000,9999.000,9999.000,9999.000,9999.000,9999.000
202606010518,   1.041,9999.000,9999.000,9999.000,9999.000,9999.000,9999.000,9999.000,9999.000
202606010524,   0.965,9999.000,9999.000,9999.000,9999.000,9999.000,9999.000,9999.000,9999.000
202606010530,   0.892,9999.000,9999.000,9999.000,9999.000,9999.000,9999.000,9999.000,9999.000
202606010536,   0.823,9999.000,9999.000,9999.000,9999.000,9999.000,9999.000,9999.000,9999.000
202606010542,   0.757,9999.000,9999.000,9999.000,9999.000,9999.000,9999.000,9999.000,9999.000
202606010548,   0.696,9999.000,9999.000,9999.000,9999.000,9999.000,9999.000,9999.000,9999.000
202606010554,   0.638,9999.000,9999.000,9999.000,9999.000,9999.000,9999.000,9999.000,9999.000
202606010600,   0.585,9999.000,   0.300,   0.118,   1.003,   0.200,   0.903,   0.400,   1.103
202606010606,   0.536,9999.000,9999.000,9999.000,9999.000,9999.000,9999.000,9999.000,9999.000
202606010612,   0.491,9999.000,9999.000,9999.000,9999.000,9999.000,9999.000,9999.000,9999.000
202606010618,   0.452,9999.000,9999.000,9999.000,9999.000,9999.000,9999.000,9999.000,9999.000
202606010624,   0.417,9999.000,9999.000,9999.000,9999.000,9999.000,9999.000,9999.000,9999.000
202606010630,   0.387,9999.000,9999.000,9999.000,9999.000,9999.000,9999.000,9999.000,9999.000
202606010636,   0.362,9999.000,9999.000,9999.000,9999.000,9999.000,9999.000,9999.000,9999.000
202606010642,   0.343,9999.000,9999.000,9999.000,9999.000,9999.000,9999.000,9999.000,9999.000
202606010648,   0.329,9999.000,9999.000,9999.000,9999.000,9999.000,9999.000,9999.000,9999.000
202606010654,   0.320,9999.000,9999.000,9999.000,9999.000,9999.000,9999.000,9999.000,9999.000
202606010700,   0.317,9999.000,   0.300,   0.118,   0.735,   0.200,   0.635,   0.500,   0.935
202606010706,   0.318,9999.000,9999.000,9999.000,9999.000,9999.000,9999.000,9999.000,9999.000
202606010712,   0.326,9999.000,9999.000,9999.000,9999.000,9999.000,9999.000,9999.000,9999.000
202606010718,   0.339,9999.000,9999.000,9999.000,9999.000,9999.000,9999.000,9999.000,9999.000
202606010724,   0.357,9999.000,9999.000,9999.000,9999.000,9999.000,9999.000,9999.000,9999.000
202606010730,   0.380,9999.000,9999.000,9999.000,9999.000,9999.000,9999.000,9999.000,9999.000
202606010736,   0.408,9999.000,9999.000,9999.000,9999.000,9999.000,9999.000,9999.000,9999.000
202606010742,   0.441,9999.000,9999.000,9999.000,9999.000,9999.000,9999.000,9999.000,9999.000
202606010748,   0.480,9999.000,9999.000,9999.000,9999.000,9999.000,9999.000,9999.000,9999.000
202606010754,   0.522,9999.000,9999.000,9999.000,9999.000,9999.000,9999.000,9999.000,9999.000
202606010800,   0.570,9999.000,   0.300,   0.118,   0.988,   0.200,   0.888,   0.500,   1.188
202606010806,   0.621,9999.000,9999.000,9999.000,9999.000,9999.000,9999.000,9999.000,9999.000
202606010812,   0.676,9999.000,9999.000,9999.000,9999.000,9999.000,9999.000,9999.000,9999.000
202606010818,   0.735,9999.000,9999.000,9999.000,9999.000,9999.000,9999.000,9999.000,9999.000
202606010824,   0.798,9999.000,9999.000,9999.000,9999.000,9999.000,9999.000,9999.000,9999.000
202606010830,   0.864,9999.000,9999.000,9999.000,9999.000,9999.000,9999.000,9999.000,9999.000
202606010836,   0.932,9999.000,9999.000,9999.000,9999.000,9999.000,9999.000,9999.000,9999.000
202606010842,   1.003,9999.000,9999.000,9999.000,9999.000,9999.000,9999.000,9999.000,9999.000
202606010848,   1.077,9999.000,9999.000,9999.000,9999.000,9999.000,9999.000,9999.000,9999.000
202606010854,   1.152,9999.000,9999.000,9999.000,9999.000,9999.000,9999.000,9999.000,9999.000
202606010900,   1.229,9999.000,   0.400,   0.118,   1.747,   0.200,   1.547,   0.500,   1.847
202606010906,   1.308,9999.000,9999.000,9999.000,9999.000,9999.000,9999.000,9999.000,9999.000
202606010912,   1.388,9999.000,9999.000,9999.000,9999.000,9999.000,9999.000,9999.000,9999.000
202606010918,   1.468,9999.000,9999.000,9999.000,9999.000,9999.000,9999.000,9999.000,9999.000
202606010924,   1.549,9999.000,9999.000,9999.000,9999.000,9999.000,9999.000,9999.000,9999.000
202606010930,   1.631,9999.000,9999.000,9999.000,9999.000,9999.000,9999.000,9999.000,9999.000
202606010936,   1.712,9999.000,9999.000,9999.000,9999.000,9999.000,9999.000,9999.000,9999.000
202606010942,   1.793,9999.000,9999.000,9999.000,9999.000,9999.000,9999.000,9999.000,9999.000
202606010948,   1.874,9999.000,9999.000,9999.000,9999.000,9999.000,9999.000,9999.000,9999.000
202606010954,   1.954,9999.000,9999.000,9999.000,9999.000,9999.000,9999.000,9999.000,9999.000
202606011000,   2.034,9999.000,   0.400,   0.118,   2.552,   0.200,   2.352,   0.500,   2.652
202606011006,   2.112,9999.000,9999.000,9999.000,9999.000,9999.000,9999.000,9999.000,9999.000
202606011012,   2.190,9999.000,9999.000,9999.000,9999.000,9999.000,9999.000,9999.000,9999.000
202606011018,   2.266,9999.000,9999.000,9999.000,9999.000,9999.000,9999.000,9999.000,9999.000
202606011024,   2.341,9999.000,9999.000,9999.000,9999.000,9999.000,9999.000,9999.000,9999.000
202606011030,   2.414,9999.000,9999.000,9999.000,9999.000,9999.000,9999.000,9999.000,9999.000
202606011036,   2.485,9999.000,9999.000,9999.000,9999.000,9999.000,9999.000,9999.000,9999.000
202606011042,   2.555,9999.000,9999.000,9999.000,9999.000,9999.000,9999.000,9999.000,9999.000
202606011048,   2.622,9999.000,9999.000,9999.000,9999.000,9999.000,9999.000,9999.000,9999.000
202606011054,   2.688,9999.000,9999.000,9999.000,9999.000,9999.000,9999.000,9999.000,9999.000
202606011100,   2.751,9999.000,   0.400,   0.118,   3.269,   0.200,   3.069,   0.600,   3.469
202606011106,   2.813,9999.000,9999.000,9999.000,9999.000,9999.000,9999.000,9999.000,9999.000
202606011112,   2.872,9999.000,9999.000,9999.000,9999.000,9999.000,9999.000,9999.000,9999.000
202606011118,   2.928,9999.000,9999.000,9999.000,9999.000,9999.000,9999.000,9999.000,9999.000
202606011124,   2.982,9999.000,9999.000,9999.000,9999.000,9999.000,9999.000,9999.000,9999.000
202606011130,   3.034,9999.000,9999.000,9999.000,9999.000,9999.000,9999.000,9999.000,9999.000
202606011136,   3.082,9999.000,9999.000,9999.000,9999.000,9999.000,9999.000,9999.000,9999.000
202606011142,   3.128,9999.000,9999.000,9999.000,9999.000,9999.000,9999.000,9999.000,9999.000
202606011148,   3.171,9999.000,9999.000,9999.000,9999.000,9999.000,9999.000,9999.000,9999.000
202606011154,   3.210,9999.000,9999.000,9999.000,9999.000,9999.000,9999.000,9999.000,9999.000
202606011200,   3.247,9999.000,   0.400,   0.118,   3.765,   0.300,   3.665,   0.600,   3.965
202606011206,   3.280,9999.000,9999.000,9999.000,9999.000,9999.000,9999.000,9999.000,9999.000
202606011212,   3.310,9999.000,9999.000,9999.000,9999.000,9999.000,9999.000,9999.000,9999.000
202606011218,   3.336,9999.000,9999.000,9999.000,9999.000,9999.000,9999.000,9999.000,9999.000
202606011224,   3.358,9999.000,9999.000,9999.000,9999.000,9999.000,9999.000,9999.000,9999.000
202606011230,   3.377,9999.000,9999.000,9999.000,9999.000,9999.000,9999.000,9999.000,9999.000
202606011236,   3.392,9999.000,9999.000,9999.000,9999.000,9999.000,9999.000,9999.000,9999.000
202606011242,   3.403,9999.000,9999.000,9999.000,9999.000,9999.000,9999.000,9999.000,9999.000
202606011248,   3.410,9999.000,9999.000,9999.000,9999.000,9999.000,9999.000,9999.000,9999.000
202606011254,   3.412,9999.000,9999.000,9999.000,9999.000,9999.000,9999.000,9999.000,9999.000
202606011300,   3.411,9999.000,   0.500,   0.118,   4.029,   0.300,   3.829,   0.600,   4.129
202606011306,   3.405,9999.000,9999.000,9999.000,9999.000,9999.000,9999.000,9999.000,9999.000
202606011312,   3.395,9999.000,9999.000,9999.000,9999.000,9999.000,9999.000,9999.000,9999.000
202606011318,   3.381,9999.000,9999.000,9999.000,9999.000,9999.000,9999.000,9999.000,9999.000
202606011324,   3.363,9999.000,9999.000,9999.000,9999.000,9999.000,9999.000,9999.000,9999.000
202606011330,   3.340,9999.000,9999.000,9999.000,9999.000,9999.000,9999.000,9999.000,9999.000
202606011336,   3.313,9999.000,9999.000,9999.000,9999.000,9999.000,9999.000,9999.000,9999.000
202606011342,   3.282,9999.000,9999.000,9999.000,9999.000,9999.000,9999.000,9999.000,9999.000
202606011348,   3.247,9999.000,9999.000,9999.000,9999.000,9999.000,9999.000,9999.000,9999.000
202606011354,   3.208,9999.000,9999.000,9999.000,9999.000,9999.000,9999.000,9999.000,9999.000
202606011400,   3.165,9999.000,   0.500,   0.118,   3.783,   0.300,   3.583,   0.700,   3.983
202606011406,   3.118,9999.000,9999.000,9999.000,9999.000,9999.000,9999.000,9999.000,9999.000
202606011412,   3.068,9999.000,9999.000,9999.000,9999.000,9999.000,9999.000,9999.000,9999.000
202606011418,   3.015,9999.000,9999.000,9999.000,9999.000,9999.000,9999.000,9999.000,9999.000
202606011424,   2.958,9999.000,9999.000,9999.000,9999.000,9999.000,9999.000,9999.000,9999.000
202606011430,   2.898,9999.000,9999.000,9999.000,9999.000,9999.000,9999.000,9999.000,9999.000
202606011436,   2.835,9999.000,9999.000,9999.000,9999.000,9999.000,9999.000,9999.000,9999.000
202606011442,   2.770,9999.000,9999.000,9999.000,9999.000,9999.000,9999.000,9999.000,9999.000
202606011448,   2.703,9999.000,9999.000,9999.000,9999.000,9999.000,9999.000,9999.000,9999.000
202606011454,   2.633,9999.000,9999.000,9999.000,9999.000,9999.000,9999.000,9999.000,9999.000
202606011500,   2.561,9999.000,   0.500,   0.118,   3.179,   0.400,   3.079,   0.700,   3.379
202606011506,   2.488,9999.000,9999.000,9999.000,9999.000,9999.000,9999.000,9999.000,9999.000
202606011512,   2.414,9999.000,9999.000,9999.000,9999.000,9999.000,9999.000,9999.000,9999.000
202606011518,   2.338,9999.000,9999.000,9999.000,9999.000,9999.000,9999.000,9999.000,9999.000
202606011524,   2.262,9999.000,9999.000,9999.000,9999.000,9999.000,9999.000,9999.000,9999.000
202606011530,   2.185,9999.000,9999.000,9999.000,9999.000,9999.000,9999.000,9999.000,9999.000
202606011536,   2.107,9999.000,9999.000,9999.000,9999.000,9999.000,9999.000,9999.000,9999.000
202606011542,   2.029,9999.000,9999.000,9999.000,9999.000,9999.000,9999.000,9999.000,9999.000
202606011548,   1.952,9999.000,9999.000,9999.000,9999.000,9999.000,9999.000,9999.000,9999.000
202606011554,   1.874,9999.000,9999.000,9999.000,9999.000,9999.000,9999.000,9999.000,9999.000
202606011600,   1.797,9999.000,   0.600,   0.118,   2.515,   0.400,   2.315,   0.700,   2.615
202606011606,   1.721,9999.000,9999.000,9999.000,9999.000,9999.000,9999.000,9999.000,9999.000
202606011612,   1.645,9999.000,9999.000,9999.000,9999.000,9999.000,9999.000,9999.000,9999.000
202606011618,   1.571,9999.000,9999.000,9999.000,9999.000,9999.000,9999.000,9999.000,9999.000
202606011624,   1.498,9999.000,9999.000,9999.000,9999.000,9999.000,9999.000,9999.000,9999.000
202606011630,   1.426,9999.000,9999.000,9999.000,9999.000,9999.000,9999.000,9999.000,9999.000
202606011636,   1.356,9999.000,9999.000,9999.000,9999.000,9999.000,9999.000,9999.000,9999.000
202606011642,   1.288,9999.000,9999.000,9999.000,9999.000,9999.000,9999.000,9999.000,9999.000
202606011648,   1.221,9999.000,9999.000,9999.000,9999.000,9999.000,9999.000,9999.000,9999.000
202606011654,   1.157,9999.000,9999.000,9999.000,9999.000,9999.000,9999.000,9999.000,9999.000
202606011700,   1.095,9999.000,   0.600,   0.118,   1.813,   0.500,   1.713,   0.800,   2.013
202606011706,   1.035,9999.000,9999.000,9999.000,9999.000,9999.000,9999.000,9999.000,9999.000
202606011712,   0.978,9999.000,9999.000,9999.000,9999.000,9999.000,9999.000,9999.000,9999.000
202606011718,   0.924,9999.000,9999.000,9999.000,9999.000,9999.000,9999.000,9999.000,9999.000
202606011724,   0.872,9999.000,9999.000,9999.000,9999.000,9999.000,9999.000,9999.000,9999.000
202606011730,   0.824,9999.000,9999.000,9999.000,9999.000,9999.000,9999.000,9999.000,9999.000
202606011736,   0.779,9999.000,9999.000,9999.000,9999.000,9999.000,9999.000,9999.000,9999.000
202606011742,   0.737,9999.000,9999.000,9999.000,9999.000,9999.000,9999.000,9999.000,9999.000
202606011748,   0.699,9999.000,9999.000,9999.000,9999.000,9999.000,9999.000,9999.000,9999.000
202606011754,   0.664,9999.000,9999.000,9999.000,9999.000,9999.000,9999.000,9999.000,9999.000
202606011800,   0.633,9999.000,   0.600,   0.118,   1.351,   0.500,   1.251,   0.800,   1.551
202606011806,   0.606,9999.000,9999.000,9999.000,9999.000,9999.000,9999.000,9999.000,9999.000
202606011812,   0.584,9999.000,9999.000,9999.000,9999.000,9999.000,9999.000,9999.000,9999.000
202606011818,   0.565,9999.000,9999.000,9999.000,9999.000,9999.000,9999.000,9999.000,9999.000
202606011824,   0.551,9999.000,9999.000,9999.000,9999.000,9999.000,9999.000,9999.000,9999.000
202606011830,   0.542,9999.000,9999.000,9999.000,9999.000,9999.000,9999.000,9999.000,9999.000
202606011836,   0.537,9999.000,9999.000,9999.000,9999.000,9999.000,9999.000,9999.000,9999.000
202606011842,   0.537,9999.000,9999.000,9999.000,9999.000,9999.000,9999.000,9999.000,9999.000
202606011848,   0.542,9999.000,9999.000,9999.000,9999.000,9999.000,9999.000,9999.000,9999.000
202606011854,   0.551,9999.000,9999.000,9999.000,9999.000,9999.000,9999.000,9999.000,9999.000
202606011900,   0.566,9999.000,   0.700,   0.118,   1.384,   0.500,   1.184,   0.800,   1.484
202606011906,   0.586,9999.000,9999.000,9999.000,9999.000,9999.000,9999.000,9999.000,9999.000
202606011912,   0.611,9999.000,9999.000,9999.000,9999.000,9999.000,9999.000,9999.000,9999.000
202606011918,   0.641,9999.000,9999.000,9999.000,9999.000,9999.000,9999.000,9999.000,9999.000
202606011924,   0.676,9999.000,9999.000,9999.000,9999.000,9999.000,9999.000,9999.000,9999.000
202606011930,   0.716,9999.000,9999.000,9999.000,9999.000,9999.000,9999.000,9999.000,9999.000
202606011936,   0.761,9999.000,9999.000,9999.000,9999.000,9999.000,9999.000,9999.000,9999.000
202606011942,   0.811,9999.000,9999.000,9999.000,9999.000,9999.000,9999.000,9999.000,9999.000
202606011948,   0.866,9999.000,9999.000,9999.000,9999.000,9999.000,9999.000,9999.000,9999.000
202606011954,   0.925,9999.000,9999.000,9999.000,9999.000,9999.000,9999.000,9999.000,9999.000
202606012000,   0.989,9999.000,   0.700,   0.118,   1.807,   0.500,   1.607,   0.900,   2.007
202606012006,   1.057,9999.000,9999.000,9999.000,9999.000,9999.000,9999.000,9999.000,9999.000
202606012012,   1.130,9999.000,9999.000,9999.000,9999.000,9999.000,9999.000,9999.000,9999.000
202606012018,   1.206,9999.000,9999.000,9999.000,9999.000,9999.000,9999.000,9999.000,9999.000
202606012024,   1.286,9999.000,9999.000,9999.000,9999.000,9999.000,9999.000,9999.000,9999.000
202606012030,   1.369,9999.000,9999.000,9999.000,9999.000,9999.000,9999.000,9999.000,9999.000
202606012036,   1.456,9999.000,9999.000,9999.000,9999.000,9999.000,9999.000,9999.000,9999.000
202606012042,   1.545,9999.000,9999.000,9999.000,9999.000,9999.000,9999.000,9999.000,9999.000
202606012048,   1.637,9999.000,9999.000,9999.000,9999.000,9999.000,9999.000,9999.000,9999.000
202606012054,   1.732,9999.000,9999.000,9999.000,9999.000,9999.000,9999.000,9999.000,9999.000
202606012100,   1.828,9999.000,   0.700,   0.118,   2.646,   0.600,   2.546,   0.900,   2.846
202606012106,   1.926,9999.000,9999.000,9999.000,9999.000,9999.000,9999.000,9999.000,9999.000
202606012112,   2.026,9999.000,9999.000,9999.000,9999.000,9999.000,9999.000,9999.000,9999.000
202606012118,   2.127,9999.000,9999.000,9999.000,9999.000,9999.000,9999.000,9999.000,9999.000
202606012124,   2.228,9999.000,9999.000,9999.000,9999.000,9999.000,9999.000,9999.000,9999.000
202606012130,   2.331,9999.000,9999.000,9999.000,9999.000,9999.000,9999.000,9999.000,9999.000
202606012136,   2.433,9999.000,9999.000,9999.000,9999.000,9999.000,9999.000,9999.000,9999.000
202606012142,   2.536,9999.000,9999.000,9999.000,9999.000,9999.000,9999.000,9999.000,9999.000
202606012148,   2.638,9999.000,9999.000,9999.000,9999.000,9999.000,9999.000,9999.000,9999.000
202606012154,   2.740,9999.000,9999.000,9999.000,9999.000,9999.000,9999.000,9999.000,9999.000
202606012200,   2.841,9999.000,   0.700,   0.118,   3.659,   0.600,   3.559,   0.900,   3.859
202606012206,   2.941,9999.000,9999.000,9999.000,9999.000,9999.000,9999.000,9999.000,9999.000
202606012212,   3.039,9999.000,9999.000,9999.000,9999.000,9999.000,9999.000,9999.000,9999.000
202606012218,   3.137,9999.000,9999.000,9999.000,9999.000,9999.000,9999.000,9999.000,9999.000
202606012224,   3.233,9999.000,9999.000,9999.000,9999.000,9999.000,9999.000,9999.000,9999.000
202606012230,   3.327,9999.000,9999.000,9999.000,9999.000,9999.000,9999.000,9999.000,9999.000
202606012236,   3.419,9999.000,9999.000,9999.000,9999.000,9999.000,9999.000,9999.000,9999.000
202606012242,   3.509,9999.000,9999.000,9999.000,9999.000,9999.000,9999.000,9999.000,9999.000
202606012248,   3.597,9999.000,9999.000,9999.000,9999.000,9999.000,9999.000,9999.000,9999.000
202606012254,   3.682,9999.000,9999.000,9999.000,9999.000,9999.000,9999.000,9999.000,9999.000
202606012300,   3.765,9999.000,   0.800,   0.118,   4.683,   0.600,   4.483,   0.900,   4.783
202606012306,   3.846,9999.000,9999.000,9999.000,9999.000,9999.000,9999.000,9999.000,9999.000
202606012312,   3.923,9999.000,9999.000,9999.000,9999.000,9999.000,9999.000,9999.000,9999.000
202606012318,   3.998,9999.000,9999.000,9999.000,9999.000,9999.000,9999.000,9999.000,9999.000
202606012324,   4.069,9999.000,9999.000,9999.000,9999.000,9999.000,9999.000,9999.000,9999.000
202606012330,   4.138,9999.000,9999.000,9999.000,9999.000,9999.000,9999.000,9999.000,9999.000
202606012336,   4.203,9999.000,9999.000,9999.000,9999.000,9999.000,9999.000,9999.000,9999.000
202606012342,   4.265,9999.000,9999.000,9999.000,9999.000,9999.000,9999.000,9999.000,9999.000
202606012348,   4.324,9999.000,9999.000,9999.000,9999.000,9999.000,9999.000,9999.000,9999.000
202606012354,   4.378,9999.000,9999.000,9999.000,9999.000,9999.000,9999.000,9999.000,9999.000
202606020000,   4.430,9999.000,   0.800,   0.118,   5.348,   0.600,   5.148,   0.900,   5.448
202606020006,   4.477,9999.000,9999.000,9999.000,9999.000,9999.000,9999.000,9999.000,9999.000
202606020012,   4.520,9999.000,9999.000,9999.000,9999.000,9999.000,9999.000,9999.000,9999.000
202606020018,   4.560,9999.000,9999.000,9999.000,9999.000,9999.000,9999.000,9999.000,9999.000
202606020024,   4.595,9999.000,9999.000,9999.000,9999.000,9999.000,9999.000,9999.000,9999.000
202606020030,   4.626,9999.000,9999.000,9999.000,9999.000,9999.000,9999.000,9999.000,9999.000
202606020036,   4.652,9999.000,9999.000,9999.000,9999.000,9999.000,9999.000,9999.000,9999.000
202606020042,   4.674,9999.000,9999.000,9999.000,9999.000,9999.000,9999.000,9999.000,9999.000
202606020048,   4.692,9999.000,9999.000,9999.000,9999.000,9999.000,9999.000,9999.000,9999.000
202606020054,   4.705,9999.000,9999.000,9999.000,9999.000,9999.000,9999.000,9999.000,9999.000
202606020100,   4.713,9999.000,   0.700,   0.118,   5.531,   0.600,   5.431,   0.900,   5.731
202606020106,   4.716,9999.000,9999.000,9999.000,9999.000,9999.000,9999.000,9999.000,9999.000
202606020112,   4.714,9999.000,9999.000,9999.000,9999.000,9999.000,9999.000,9999.000,9999.000
202606020118,   4.708,9999.000,9999.000,9999.000,9999.000,9999.000,9999.000,9999.000,9999.000
202606020124,   4.696,9999.000,9999.000,9999.000,9999.000,9999.000,9999.000,9999.000,9999.000
202606020130,   4.679,9999.000,9999.000,9999.000,9999.000,9999.000,9999.000,9999.000,9999.000
202606020136,   4.658,9999.000,9999.000,9999.000,9999.000,9999.000,9999.000,9999.000,9999.000
202606020142,   4.631,9999.000,9999.000,9999.000,9999.000,9999.000,9999.000,9999.000,9999.000
202606020148,   4.599,9999.000,9999.000,9999.000,9999.000,9999.000,9999.000,9999.000,9999.000
202606020154,   4.563,9999.000,9999.000,9999.000,9999.000,9999.000,9999.000,9999.000,9999.000
202606020200,   4.521,9999.000,   0.700,   0.118,   5.339,   0.600,   5.239,   0.900,   5.539
202606020206,   4.475,9999.000,9999.000,9999.000,9999.000,9999.000,9999.000,9999.000,9999.000
202606020212,   4.424,9999.000,9999.000,9999.000,9999.000,9999.000,9999.000,9999.000,9999.000
202606020218,   4.369,9999.000,9999.000,9999.000,9999.000,9999.000,9999.000,9999.000,9999.000
202606020224,   4.309,9999.000,9999.000,9999.000,9999.000,9999.000,9999.000,9999.000,9999.000
202606020230,   4.245,9999.000,9999.000,9999.000,9999.000,9999.000,9999.000,9999.000,9999.000
202606020236,   4.176,9999.000,9999.000,9999.000,9999.000,9999.000,9999.000,9999.000,9999.000
202606020242,   4.104,9999.000,9999.000,9999.000,9999.000,9999.000,9999.000,9999.000,9999.000
202606020248,   4.028,9999.000,9999.000,9999.000,9999.000,9999.000,9999.000,9999.000,9999.000
202606020254,   3.949,9999.000,9999.000,9999.000,9999.000,9999.000,9999.000,9999.000,9999.000
202606020300,   3.866,9999.000,   0.700,   0.118,   4.684,   0.600,   4.584,   0.900,   4.884
202606020306,   3.780,9999.000,9999.000,9999.000,9999.000,9999.000,9999.000,9999.000,9999.000
202606020312,   3.692,9999.000,9999.000,9999.000,9999.000,9999.000,9999.000,9999.000,9999.000
202606020318,   3.601,9999.000,9999.000,9999.000,9999.000,9999.000,9999.000,9999.000,9999.000
202606020324,   3.507,9999.000,9999.000,9999.000,9999.000,9999.000,9999.000,9999.000,9999.000
202606020330,   3.411,9999.000,9999.000,9999.000,9999.000,9999.000,9999.000,9999.000,9999.000
202606020336,   3.314,9999.000,9999.000,9999.000,9999.000,9999.000,9999.000,9999.000,9999.000
202606020342,   3.215,9999.000,9999.000,9999.000,9999.000,9999.000,9999.000,9999.000,9999.000
202606020348,   3.114,9999.000,9999.000,9999.000,9999.000,9999.000,9999.000,9999.000,9999.000
202606020354,   3.013,9999.000,9999.000,9999.000,9999.000,9999.000,9999.000,9999.000,9999.000
202606020400,   2.910,9999.000,   0.700,   0.118,   3.728,   0.600,   3.628,   0.900,   3.928
202606020406,   2.807,9999.000,9999.000,9999.000,9999.000,9999.000,9999.000,9999.000,9999.000
202606020412,   2.704,9999.000,9999.000,9999.000,9999.000,9999.000,9999.000,9999.000,9999.000
202606020418,   2.600,9999.000,9999.000,9999.000,9999.000,9999.000,9999.000,9999.000,9999.000
202606020424,   2.497,9999.000,9999.000,9999.000,9999.000,9999.000,9999.000,9999.000,9999.000
202606020430,   2.394,9999.000,9999.000,9999.000,9999.000,9999.000,9999.000,9999.000,9999.000
202606020436,   2.291,9999.000,9999.000,9999.000,9999.000,9999.000,9999.000,9999.000,9999.000
202606020442,   2.189,9999.000,9999.000,9999.000,9999.000,9999.000,9999.000,9999.000,9999.000
202606020448,   2.088,9999.000,9999.000,9999.000,9999.000,9999.000,9999.000,9999.000,9999.000
202606020454,   1.988,9999.000,9999.000,9999.000,9999.000,9999.000,9999.000,9999.000,9999.000
202606020500,   1.889,9999.000,   0.700,   0.118,   2.707,   0.500,   2.507,   1.000,   3.007
202606020506,   1.792,9999.000,9999.000,9999.000,9999.000,9999.000,9999.000,9999.000,9999.000
202606020512,   1.697,9999.000,9999.000,9999.000,9999.000,9999.000,9999.000,9999.000,9999.000
202606020518,   1.604,9999.000,9999.000,9999.000,9999.000,9999.000,9999.000,9999.000,9999.000
202606020524,   1.512,9999.000,9999.000,9999.000,9999.000,9999.000,9999.000,9999.000,9999.000
202606020530,   1.423,9999.000,9999.000,9999.000,9999.000,9999.000,9999.000,9999.000,9999.000
202606020536,   1.337,9999.000,9999.000,9999.000,9999.000,9999.000,9999.000,9999.000,9999.000
202606020542,   1.253,9999.000,9999.000,9999.000,9999.000,9999.000,9999.000,9999.000,9999.000
202606020548,   1.172,9999.000,9999.000,9999.000,9999.000,9999.000,9999.000,9999.000,9999.000
202606020554,   1.093,9999.000,9999.000,9999.000,9999.000,9999.000,9999.000,9999.000,9999.000
202606020600,   1.019,9999.000,   0.700,   0.118,   1.837,   0.600,   1.737,   1.000,   2.137
202606020606,   0.947,9999.000,9999.000,9999.000,9999.000,9999.000,9999.000,9999.000,9999.000
202606020612,   0.879,9999.000,9999.000,9999.000,9999.000,9999.000,9999.000,9999.000,9999.000
202606020618,   0.815,9999.000,9999.000,9999.000,9999.000,9999.000,9999.000,9999.000,9999.000
202606020624,   0.754,9999.000,9999.000,9999.000,9999.000,9999.000,9999.000,9999.000,9999.000
202606020630,   0.698,9999.000,9999.000,9999.000,9999.000,9999.000,9999.000,9999.000,9999.000
202606020636,   0.645,9999.000,9999.000,9999.000,9999.000,9999.000,9999.000,9999.000,9999.000
202606020642,   0.598,9999.000,9999.000,9999.000,9999.000,9999.000,9999.000,9999.000,9999.000
202606020648,   0.554,9999.000,9999.000,9999.000,9999.000,9999.000,9999.000,9999.000,9999.000
202606020654,   0.515,9999.000,9999.000,9999.000,9999.000,9999.000,9999.000,9999.000,9999.000
202606020700,   0.481,9999.000,   0.800,   0.118,   1.399,   0.600,   1.199,   1.000,   1.599
202606020706,   0.452,9999.000,9999.000,9999.000,9999.000,9999.000,9999.000,9999.000,9999.000
202606020712,   0.427,9999.000,9999.000,9999.000,9999.000,9999.000,9999.000,9999.000,9999.000
202606020718,   0.407,9999.000,9999.000,9999.000,9999.000,9999.000,9999.000,9999.000,9999.000
202606020724,   0.393,9999.000,9999.000,9999.000,9999.000,9999.000,9999.000,9999.000,9999.000
202606020730,   0.383,9999.000,9999.000,9999.000,9999.000,9999.000,9999.000,9999.000,9999.000
202606020736,   0.379,9999.000,9999.000,9999.000,9999.000,9999.000,9999.000,9999.000,9999.000
202606020742,   0.379,9999.000,9999.000,9999.000,9999.000,9999.000,9999.000,9999.000,9999.000
202606020748,   0.385,9999.000,9999.000,9999.000,9999.000,9999.000,9999.000,9999.000,9999.000
202606020754,   0.396,9999.000,9999.000,9999.000,9999.000,9999.000,9999.000,9999.000,9999.000
202606020800,   0.411,9999.000,   0.800,   0.118,   1.329,   0.600,   1.129,   1.000,   1.529
202606020806,   0.432,9999.000,9999.000,9999.000,9999.000,9999.000,9999.000,9999.000,9999.000
202606020812,   0.457,9999.000,9999.000,9999.000,9999.000,9999.000,9999.000,9999.000,9999.000
202606020818,   0.486,9999.000,9999.000,9999.000,9999.000,9999.000,9999.000,9999.000,9999.000
202606020824,   0.521,9999.000,9999.000,9999.000,9999.000,9999.000,9999.000,9999.000,9999.000
202606020830,   0.559,9999.000,9999.000,9999.000,9999.000,9999.000,9999.000,9999.000,9999.000
202606020836,   0.602,9999.000,9999.000,9999.000,9999.000,9999.000,9999.000,9999.000,9999.000
202606020842,   0.649,9999.000,9999.000,9999.000,9999.000,9999.000,9999.000,9999.000,9999.000
202606020848,   0.699,9999.000,9999.000,9999.000,9999.000,9999.000,9999.000,9999.000,9999.000
202606020854,   0.753,9999.000,9999.000,9999.000,9999.000,9999.000,9999.000,9999.000,9999.000
202606020900,   0.810,9999.000,   0.800,   0.118,   1.728,   0.600,   1.528,   1.000,   1.928
202606020906,   0.871,9999.000,9999.000,9999.000,9999.000,9999.000,9999.000,9999.000,9999.000
202606020912,   0.934,9999.000,9999.000,9999.000,9999.000,9999.000,9999.000,9999.000,9999.000
202606020918,   1.000,9999.000,9999.000,9999.000,9999.000,9999.000,9999.000,9999.000,9999.000
202606020924,   1.068,9999.000,9999.000,9999.000,9999.000,9999.000,9999.000,9999.000,9999.000
202606020930,   1.138,9999.000,9999.000,9999.000,9999.000,9999.000,9999.000,9999.000,9999.000
202606020936,   1.210,9999.000,9999.000,9999.000,9999.000,9999.000,9999.000,9999.000,9999.000
202606020942,   1.283,9999.000,9999.000,9999.000,9999.000,9999.000,9999.000,9999.000,9999.000
202606020948,   1.358,9999.000,9999.000,9999.000,9999.000,9999.000,9999.000,9999.000,9999.000
202606020954,   1.434,9999.000,9999.000,9999.000,9999.000,9999.000,9999.000,9999.000,9999.000
202606021000,   1.511,9999.000,   0.800,   0.118,   2.429,   0.600,   2.229,   1.000,   2.629
202606021006,   1.588,9999.000,9999.000,9999.000,9999.000,9999.000,9999.000,9999.000,9999.000
202606021012,   1.665,9999.000,9999.000,9999.000,9999.000,9999.000,9999.000,9999.000,9999.000
202606021018,   1.743,9999.000,9999.000,9999.000,9999.000,9999.000,9999.000,9999.000,9999.000
202606021024,   1.821,9999.000,9999.000,9999.000,9999.000,9999.000,9999.000,9999.000,9999.000
202606021030,   1.898,9999.000,9999.000,9999.000,9999.000,9999.000,9999.000,9999.000,9999.000
202606021036,   1.975,9999.000,9999.000,9999.000,9999.000,9999.000,9999.000,9999.000,9999.000
202606021042,   2.051,9999.000,9999.000,9999.000,9999.000,9999.000,9999.000,9999.000,9999.000
202606021048,   2.126,9999.000,9999.000,9999.000,9999.000,9999.000,9999.000,9999.000,9999.000
202606021054,   2.200,9999.000,9999.000,9999.000,9999.000,9999.000,9999.000,9999.000,9999.000
202606021100,   2.273,9999.000,   0.800,   0.118,   3.191,   0.500,   2.891,   1.000,   3.391
202606021106,   2.345,9999.000,9999.000,9999.000,9999.000,9999.000,9999.000,9999.000,9999.000
202606021112,   2.415,9999.000,9999.000,9999.000,9999.000,9999.000,9999.000,9999.000,9999.000
202606021118,   2.484,9999.000,9999.000,9999.000,9999.000,9999.000,9999.000,9999.000,9999.000
202606021124,   2.551,9999.000,9999.000,9999.000,9999.000,9999.000,9999.000,9999.000,9999.000
202606021130,   2.616,9999.000,9999.000,9999.000,9999.000,9999.000,9999.000,9999.000,9999.000
202606021136,   2.679,9999.000,9999.000,9999.000,9999.000,9999.000,9999.000,9999.000,9999.000
202606021142,   2.740,9999.000,9999.000,9999.000,9999.000,9999.000,9999.000,9999.000,9999.000
202606021148,   2.798,9999.000,9999.000,9999.000,9999.000,9999.000,9999.000,9999.000,9999.000
202606021154,   2.854,9999.000,9999.000,9999.000,9999.000,9999.000,9999.000,9999.000,9999.000
202606021200,   2.908,9999.000,   0.800,   0.118,   3.826,   0.500,   3.526,   1.000,   4.026
202606021206,   2.959,9999.000,9999.000,9999.000,9999.000,9999.000,9999.000,9999.000,9999.000
202606021212,   3.008,9999.000,9999.000,9999.000,9999.000,9999.000,9999.000,9999.000,9999.000
202606021218,   3.054,9999.000,9999.000,9999.000,9999.000,9999.000,9999.000,9999.000,9999.000
202606021224,   3.096,9999.000,9999.000,9999.000,9999.000,9999.000,9999.000,9999.000,9999.000
202606021230,   3.136,9999.000,9999.000,9999.000,9999.000,9999.000,9999.000,9999.000,9999.000
202606021236,   3.173,9999.000,9999.000,9999.000,9999.000,9999.000,9999.000,9999.000,9999.000
202606021242,   3.206,9999.000,9999.000,9999.000,9999.000,9999.000,9999.000,9999.000,9999.000
202606021248,   3.236,9999.000,9999.000,9999.000,9999.000,9999.000,9999.000,9999.000,9999.000
202606021254,   3.263,9999.000,9999.000,9999.000,9999.000,9999.000,9999.000,9999.000,9999.000
202606021300,   3.286,9999.000,   0.700,   0.118,   4.104,   0.500,   3.904,   0.900,   4.304
202606021306,   3.305,9999.000,9999.000,9999.000,9999.000,9999.000,9999.000,9999.000,9999.000
202606021312,   3.321,9999.000,9999.000,9999.000,9999.000,9999.000,9999.000,9999.000,9999.000
202606021318,   3.333,9999.000,9999.000,9999.000,9999.000,9999.000,9999.000,9999.000,9999.000
202606021324,   3.341,9999.000,9999.000,9999.000,9999.000,9999.000,9999.000,9999.000,9999.000
202606021330,   3.345,9999.000,9999.000,9999.000,9999.000,9999.000,9999.000,9999.000,9999.000
202606021336,   3.346,9999.000,9999.000,9999.000,9999.000,9999.000,9999.000,9999.000,9999.000
202606021342,   3.342,9999.000,9999.000,9999.000,9999.000,9999.000,9999.000,9999.000,9999.000
202606021348,   3.334,9999.000,9999.000,9999.000,9999.000,9999.000,9999.000,9999.000,9999.000
202606021354,   3.323,9999.000,9999.000,9999.000,9999.000,9999.000,9999.000,9999.000,9999.000
202606021400,   3.307,9999.000,   0.700,   0.118,   4.125,   0.500,   3.925,   0.900,   4.325
202606021406,   3.287,9999.000,9999.000,9999.000,9999.000,9999.000,9999.000,9999.000,9999.000
202606021412,   3.264,9999.000,9999.000,9999.000,9999.000,9999.000,9999.000,9999.000,9999.000
202606021418,   3.236,9999.000,9999.000,9999.000,9999.000,9999.000,9999.000,9999.000,9999.000
202606021424,   3.205,9999.000,9999.000,9999.000,9999.000,9999.000,9999.000,9999.000,9999.000
202606021430,   3.170,9999.000,9999.000,9999.000,9999.000,9999.000,9999.000,9999.000,9999.000
202606021436,   3.131,9999.000,9999.000,9999.000,9999.000,9999.000,9999.000,9999.000,9999.000
202606021442,   3.089,9999.000,9999.000,9999.000,9999.000,9999.000,9999.000,9999.000,9999.000
202606021448,   3.043,9999.000,9999.000,9999.000,9999.000,9999.000,9999.000,9999.000,9999.000
202606021454,   2.994,9999.000,9999.000,9999.000,9999.000,9999.000,9999.000,9999.000,9999.000
202606021500,   2.942,9999.000,   0.700,   0.118,   3.760,   0.500,   3.560,   0.900,   3.960
202606021506,   2.887,9999.000,9999.000,9999.000,9999.000,9999.000,9999.000,9999.000,9999.000
202606021512,   2.829,9999.000,9999.000,9999.000,9999.000,9999.000,9999.000,9999.000,9999.000
202606021518,   2.769,9999.000,9999.000,9999.000,9999.000,9999.000,9999.000,9999.000,9999.000
202606021524,   2.706,9999.000,9999.000,9999.000,9999.000,9999.000,9999.000,9999.000,9999.000
202606021530,   2.641,9999.000,9999.000,9999.000,9999.000,9999.000,9999.000,9999.000,9999.000
202606021536,   2.574,9999.000,9999.000,9999.000,9999.000,9999.000,9999.000,9999.000,9999.000
202606021542,   2.506,9999.000,9999.000,9999.000,9999.000,9999.000,9999.000,9999.000,9999.000
202606021548,   2.435,9999.000,9999.000,9999.000,9999.000,9999.000,9999.000,9999.000,9999.000
202606021554,   2.364,9999.000,9999.000,9999.000,9999.000,9999.000,9999.000,9999.000,9999.000
202606021600,   2.291,9999.000,   0.700,   0.118,   3.109,   0.400,   2.809,   0.900,   3.309
202606021606,   2.217,9999.000,9999.000,9999.000,9999.000,9999.000,9999.000,9999.000,9999.000
202606021612,   2.143,9999.000,9999.000,9999.000,9999.000,9999.000,9999.000,9999.000,9999.000
202606021618,   2.068,9999.000,9999.000,9999.000,9999.000,9999.000,9999.000,9999.000,9999.000
202606021624,   1.994,9999.000,9999.000,9999.000,9999.000,9999.000,9999.000,9999.000,9999.000
202606021630,   1.919,9999.000,9999.000,9999.000,9999.000,9999.000,9999.000,9999.000,9999.000
202606021636,   1.844,9999.000,9999.000,9999.000,9999.000,9999.000,9999.000,9999.000,9999.000
202606021642,   1.770,9999.000,9999.000,9999.000,9999.000,9999.000,9999.000,9999.000,9999.000
202606021648,   1.697,9999.000,9999.000,9999.000,9999.000,9999.000,9999.000,9999.000,9999.000
202606021654,   1.625,9999.000,9999.000,9999.000,9999.000,9999.000,9999.000,9999.000,9999.000
202606021700,   1.553,9999.000,   0.700,   0.118,   2.371,   0.400,   2.071,   0.900,   2.571
202606021706,   1.483,9999.000,9999.000,9999.000,9999.000,9999.000,9999.000,9999.000,9999.000
202606021712,   1.415,9999.000,9999.000,9999.000,9999.000,9999.000,9999.000,9999.000,9999.000
202606021718,   1.348,9999.000,9999.000,9999.000,9999.000,9999.000,9999.000,9999.000,9999.000
202606021724,   1.283,9999.000,9999.000,9999.000,9999.000,9999.000,9999.000,9999.000,9999.000
202606021730,   1.221,9999.000,9999.000,9999.000,9999.000,9999.000,9999.000,9999.000,9999.000
202606021736,   1.160,9999.000,9999.000,9999.000,9999.000,9999.000,9999.000,9999.000,9999.000
202606021742,   1.102,9999.000,9999.000,9999.000,9999.000,9999.000,9999.000,9999.000,9999.000
202606021748,   1.047,9999.000,9999.000,9999.000,9999.000,9999.000,9999.000,9999.000,9999.000
202606021754,   0.994,9999.000,9999.000,9999.000,9999.000,9999.000,9999.000,9999.000,9999.000
202606021800,   0.944,9999.000,   0.700,   0.118,   1.762,   0.400,   1.462,   0.900,   1.962
202606021806,   0.898,9999.000,9999.000,9999.000,9999.000,9999.000,9999.000,9999.000,9999.000
202606021812,   0.854,9999.000,9999.000,9999.000,9999.000,9999.000,9999.000,9999.000,9999.000
202606021818,   0.815,9999.000,9999.000,9999.000,9999.000,9999.000,9999.000,9999.000,9999.000
202606021824,   0.778,9999.000,9999.000,9999.000,9999.000,9999.000,9999.000,9999.000,9999.000
202606021830,   0.746,9999.000,9999.000,9999.000,9999.000,9999.000,9999.000,9999.000,9999.000
202606021836,   0.717,9999.000,9999.000,9999.000,9999.000,9999.000,9999.000,9999.000,9999.000
202606021842,   0.692,9999.000,9999.000,9999.000,9999.000,9999.000,9999.000,9999.000,9999.000
202606021848,   0.671,9999.000,9999.000,9999.000,9999.000,9999.000,9999.000,9999.000,9999.000
202606021854,   0.654,9999.000,9999.000,9999.000,9999.000,9999.000,9999.000,9999.000,9999.000
202606021900,   0.642,9999.000,   0.700,   0.118,   1.460,   0.400,   1.160,   1.000,   1.760
202606021906,   0.634,9999.000,9999.000,9999.000,9999.000,9999.000,9999.000,9999.000,9999.000
202606021912,   0.630,9999.000,9999.000,9999.000,9999.000,9999.000,9999.000,9999.000,9999.000
202606021918,   0.631,9999.000,9999.000,9999.000,9999.000,9999.000,9999.000,9999.000,9999.000
202606021924,   0.637,9999.000,9999.000,9999.000,9999.000,9999.000,9999.000,9999.000,9999.000
202606021930,   0.647,9999.000,9999.000,9999.000,9999.000,9999.000,9999.000,9999.000,9999.000
202606021936,   0.662,9999.000,9999.000,9999.000,9999.000,9999.000,9999.000,9999.000,9999.000
202606021942,   0.681,9999.000,9999.000,9999.000,9999.000,9999.000,9999.000,9999.000,9999.000
202606021948,   0.705,9999.000,9999.000,9999.000,9999.000,9999.000,9999.000,9999.000,9999.000
202606021954,   0.734,9999.000,9999.000,9999.000,9999.000,9999.000,9999.000,9999.000,9999.000
202606022000,   0.767,9999.000,   0.700,   0.118,   1.585,   0.400,   1.285,   1.000,   1.885
202606022006,   0.805,9999.000,9999.000,9999.000,9999.000,9999.000,9999.000,9999.000,9999.000
202606022012,   0.848,9999.000,9999.000,9999.000,9999.000,9999.000,9999.000,9999.000,9999.000
202606022018,   0.894,9999.000,9999.000,9999.000,9999.000,9999.000,9999.000,9999.000,9999.000
202606022024,   0.945,9999.000,9999.000,9999.000,9999.000,9999.000,9999.000,9999.000,9999.000
202606022030,   1.001,9999.000,9999.000,9999.000,9999.000,9999.000,9999.000,9999.000,9999.000
202606022036,   1.060,9999.000,9999.000,9999.000,9999.000,9999.000,9999.000,9999.000,9999.000
202606022042,   1.123,9999.000,9999.000,9999.000,9999.000,9999.000,9999.000,9999.000,9999.000
202606022048,   1.190,9999.000,9999.000,9999.000,9999.000,9999.000,9999.000,9999.000,9999.000
202606022054,   1.261,9999.000,9999.000,9999.000,9999.000,9999.000,9999.000,9999.000,9999.000
202606022100,   1.335,9999.000,   0.700,   0.118,   2.153,   0.400,   1.853,   0.900,   2.353
202606022106,   1.413,9999.000,9999.000,9999.000,9999.000,9999.000,9999.000,9999.000,9999.000
202606022112,   1.493,9999.000,9999.000,9999.000,9999.000,9999.000,9999.000,9999.000,9999.000
202606022118,   1.576,9999.000,9999.000,9999.000,9999.000,9999.000,9999.000,9999.000,9999.000
202606022124,   1.661,9999.000,9999.000,9999.000,9999.000,9999.000,9999.000,9999.000,9999.000
202606022130,   1.749,9999.000,9999.000,9999.000,9999.000,9999.000,9999.000,9999.000,9999.000
202606022136,   1.839,9999.000,9999.000,9999.000,9999.000,9999.000,9999.000,9999.000,9999.000
202606022142,   1.931,9999.000,9999.000,9999.000,9999.000,9999.000,9999.000,9999.000,9999.000
202606022148,   2.025,9999.000,9999.000,9999.000,9999.000,9999.000,9999.000,9999.000,9999.000
202606022154,   2.119,9999.000,9999.000,9999.000,9999.000,9999.000,9999.000,9999.000,9999.000
202606022200,   2.215,9999.000,   0.700,   0.118,   3.033,   0.400,   2.733,   0.900,   3.233
202606022206,   2.311,9999.000,9999.000,9999.000,9999.000,9999.000,9999.000,9999.000,9999.000
202606022212,   2.409,9999.000,9999.000,9999.000,9999.000,9999.000,9999.000,9999.000,9999.000
202606022218,   2.506,9999.000,9999.000,9999.000,9999.000,9999.000,9999.000,9999.000,9999.000
202606022224,   2.603,9999.000,9999.000,9999.000,9999.000,9999.000,9999.000,9999.000,9999.000
202606022230,   2.701,9999.000,9999.000,9999.000,9999.000,9999.000,9999.000,9999.000,9999.000
202606022236,   2.797,9999.000,9999.000,9999.000,9999.000,9999.000,9999.000,9999.000,9999.000
202606022242,   2.894,9999.000,9999.000,9999.000,9999.000,9999.000,9999.000,9999.000,9999.000
202606022248,   2.989,9999.000,9999.000,9999.000,9999.000,9999.000,9999.000,9999.000,9999.000
202606022254,   3.083,9999.000,9999.000,9999.000,9999.000,9999.000,9999.000,9999.000,9999.000
202606022300,   3.176,9999.000,   0.600,   0.118,   3.894,   0.300,   3.594,   0.900,   4.194
202606022306,   3.267,9999.000,9999.000,9999.000,9999.000,9999.000,9999.000,9999.000,9999.000
202606022312,   3.357,9999.000,9999.000,9999.000,9999.000,9999.000,9999.000,9999.000,9999.000
202606022318,   3.445,9999.000,9999.000,9999.000,9999.000,9999.000,9999.000,9999.000,9999.000
202606022324,   3.530,9999.000,9999.000,9999.000,9999.000,9999.000,9999.000,9999.000,9999.000
202606022330,   3.614,9999.000,9999.000,9999.000,9999.000,9999.000,9999.000,9999.000,9999.000
202606022336,   3.695,9999.000,9999.000,9999.000,9999.000,9999.000,9999.000,9999.000,9999.000
202606022342,   3.774,9999.000,9999.000,9999.000,9999.000,9999.000,9999.000,9999.000,9999.000
202606022348,   3.850,9999.000,9999.000,9999.000,9999.000,9999.000,9999.000,9999.000,9999.000
202606022354,   3.923,9999.000,9999.000,9999.000,9999.000,9999.000,9999.000,9999.000,9999.000
202606030000,   3.993,9999.000,   0.600,   0.118,   4.711,   0.300,   4.411,   0.900,   5.011
202606030006,   4.060,9999.000,9999.000,9999.000,9999.000,9999.000,9999.000,9999.000,9999.000
202606030012,   4.124,9999.000,9999.000,9999.000,9999.000,9999.000,9999.000,9999.000,9999.000
202606030018,   4.184,9999.000,9999.000,9999.000,9999.000,9999.000,9999.000,9999.000,9999.000
202606030024,   4.241,9999.000,9999.000,9999.000,9999.000,9999.000,9999.000,9999.000,9999.000
202606030030,   4.294,9999.000,9999.000,9999.000,9999.000,9999.000,9999.000,9999.000,9999.000
202606030036,   4.344,9999.000,9999.000,9999.000,9999.000,9999.000,9999.000,9999.000,9999.000
202606030042,   4.390,9999.000,9999.000,9999.000,9999.000,9999.000,9999.000,9999.000,9999.000
202606030048,   4.432,9999.000,9999.000,9999.000,9999.000,9999.000,9999.000,9999.000,9999.000
202606030054,   4.470,9999.000,9999.000,9999.000,9999.000,9999.000,9999.000,9999.000,9999.000
202606030100,   4.504,9999.000,   0.600,   0.118,   5.222,   0.300,   4.922,   0.900,   5.522
202606030106,   4.534,9999.000,9999.000,9999.000,9999.000,9999.000,9999.000,9999.000,9999.000
202606030112,   4.560,9999.000,9999.000,9999.000,9999.000,9999.000,9999.000,9999.000,9999.000
202606030118,   4.581,9999.000,9999.000,9999.000,9999.000,9999.000,9999.000,9999.000,9999.000
202606030124,   4.598,9999.000,9999.000,9999.000,9999.000,9999.000,9999.000,9999.000,9999.000
202606030130,   4.611,9999.000,9999.000,9999.000,9999.000,9999.000,9999.000,9999.000,9999.000
202606030136,   4.619,9999.000,9999.000,9999.000,9999.000,9999.000,9999.000,9999.000,9999.000
202606030142,   4.623,9999.000,9999.000,9999.000,9999.000,9999.000,9999.000,9999.000,9999.000
202606030148,   4.622,9999.000,9999.000,9999.000,9999.000,9999.000,9999.000,9999.000,9999.000
202606030154,   4.616,9999.000,9999.000,9999.000,9999.000,9999.000,9999.000,9999.000,9999.000
202606030200,   4.606,9999.000,   0.500,   0.118,   5.224,   0.300,   5.024,   0.900,   5.624
202606030206,   4.591,9999.000,9999.000,9999.000,9999.000,9999.000,9999.000,9999.000,9999.000
202606030212,   4.572,9999.000,9999.000,9999.000,9999.000,9999.000,9999.000,9999.000,9999.000
202606030218,   4.548,9999.000,9999.000,9999.000,9999.000,9999.000,9999.000,9999.000,9999.000
202606030224,   4.519,9999.000,9999.000,9999.000,9999.000,9999.000,9999.000,9999.000,9999.000
202606030230,   4.486,9999.000,9999.000,9999.000,9999.000,9999.000,9999.000,9999.000,9999.000
202606030236,   4.448,9999.000,9999.000,9999.000,9999.000,9999.000,9999.000,9999.000,9999.000
202606030242,   4.406,9999.000,9999.000,9999.000,9999.000,9999.000,9999.000,9999.000,9999.000
202606030248,   4.359,9999.000,9999.000,9999.000,9999.000,9999.000,9999.000,9999.000,9999.000
202606030254,   4.308,9999.000,9999.000,9999.000,9999.000,9999.000,9999.000,9999.000,9999.000
202606030300,   4.253,9999.000,   0.500,   0.118,   4.871,   0.200,   4.571,   0.900,   5.271
202606030306,   4.194,9999.000,9999.000,9999.000,9999.000,9999.000,9999.000,9999.000,9999.000
202606030312,   4.131,9999.000,9999.000,9999.000,9999.000,9999.000,9999.000,9999.000,9999.000
202606030318,   4.064,9999.000,9999.000,9999.000,9999.000,9999.000,9999.000,9999.000,9999.000
202606030324,   3.993,9999.000,9999.000,9999.000,9999.000,9999.000,9999.000,9999.000,9999.000
202606030330,   3.919,9999.000,9999.000,9999.000,9999.000,9999.000,9999.000,9999.000,9999.000
202606030336,   3.841,9999.000,9999.000,9999.000,9999.000,9999.000,9999.000,9999.000,9999.000
202606030342,   3.761,9999.000,9999.000,9999.000,9999.000,9999.000,9999.000,9999.000,9999.000
202606030348,   3.677,9999.000,9999.000,9999.000,9999.000,9999.000,9999.000,9999.000,9999.000
202606030354,   3.591,9999.000,9999.000,9999.000,9999.000,9999.000,9999.000,9999.000,9999.000
202606030400,   3.502,9999.000,   0.500,   0.118,   4.120,   0.200,   3.820,   0.900,   4.520
202606030406,   3.411,9999.000,9999.000,9999.000,9999.000,9999.000,9999.000,9999.000,9999.000
202606030412,   3.318,9999.000,9999.000,9999.000,9999.000,9999.000,9999.000,9999.000,9999.000
202606030418,   3.223,9999.000,9999.000,9999.000,9999.000,9999.000,9999.000,9999.000,9999.000
202606030424,   3.126,9999.000,9999.000,9999.000,9999.000,9999.000,9999.000,9999.000,9999.000
202606030430,   3.028,9999.000,9999.000,9999.000,9999.000,9999.000,9999.000,9999.000,9999.000
202606030436,   2.929,9999.000,9999.000,9999.000,9999.000,9999.000,9999.000,9999.000,9999.000
202606030442,   2.829,9999.000,9999.000,9999.000,9999.000,9999.000,9999.000,9999.000,9999.000
202606030448,   2.729,9999.000,9999.000,9999.000,9999.000,9999.000,9999.000,9999.000,9999.000
202606030454,   2.628,9999.000,9999.000,9999.000,9999.000,9999.000,9999.000,9999.000,9999.000
202606030500,   2.527,9999.000,   0.500,   0.118,   3.145,   0.200,   2.845,   0.900,   3.545
202606030506,   2.426,9999.000,9999.000,9999.000,9999.000,9999.000,9999.000,9999.000,9999.000
202606030512,   2.326,9999.000,9999.000,9999.000,9999.000,9999.000,9999.000,9999.000,9999.000
202606030518,   2.226,9999.000,9999.000,9999.000,9999.000,9999.000,9999.000,9999.000,9999.000
202606030524,   2.127,9999.000,9999.000,9999.000,9999.000,9999.000,9999.000,9999.000,9999.000
202606030530,   2.029,9999.000,9999.000,9999.000,9999.000,9999.000,9999.000,9999.000,9999.000
202606030536,   1.933,9999.000,9999.000,9999.000,9999.000,9999.000,9999.000,9999.000,9999.000
202606030542,   1.838,9999.000,9999.000,9999.000,9999.000,9999.000,9999.000,9999.000,9999.000
202606030548,   1.744,9999.000,9999.000,9999.000,9999.000,9999.000,9999.000,9999.000,9999.000
202606030554,   1.653,9999.000,9999.000,9999.000,9999.000,9999.000,9999.000,9999.000,9999.000
202606030600,   1.564,9999.000,   0.500,   0.118,   2.182,   0.200,   1.882,   0.900,   2.582
202606030606,   1.477,9999.000,9999.000,9999.000,9999.000,9999.000,9999.000,9999.000,9999.000
202606030612,   1.393,9999.000,9999.000,9999.000,9999.000,9999.000,9999.000,9999.000,9999.000
202606030618,   1.312,9999.000,9999.000,9999.000,9999.000,9999.000,9999.000,9999.000,9999.000
202606030624,   1.233,9999.000,9999.000,9999.000,9999.000,9999.000,9999.000,9999.000,9999.000
202606030630,   1.158,9999.000,9999.000,9999.000,9999.000,9999.000,9999.000,9999.000,9999.000
202606030636,   1.086,9999.000,9999.000,9999.000,9999.000,9999.000,9999.000,9999.000,9999.000
202606030642,   1.017,9999.000,9999.000,9999.000,9999.000,9999.000,9999.000,9999.000,9999.000
202606030648,   0.952,9999.000,9999.000,9999.000,9999.000,9999.000,9999.000,9999.000,9999.000
202606030654,   0.890,9999.000,9999.000,9999.000,9999.000,9999.000,9999.000,9999.000,9999.000
202606030700,   0.833,9999.000,   0.500,   0.118,   1.451,   0.200,   1.151,   0.900,   1.851
202606030706,   0.779,9999.000,9999.000,9999.000,9999.000,9999.000,9999.000,9999.000,9999.000
202606030712,   0.729,9999.000,9999.000,9999.000,9999.000,9999.000,9999.000,9999.000,9999.000
202606030718,   0.683,9999.000,9999.000,9999.000,9999.000,9999.000,9999.000,9999.000,9999.000
202606030724,   0.642,9999.000,9999.000,9999.000,9999.000,9999.000,9999.000,9999.000,9999.000
202606030730,   0.605,9999.000,9999.000,9999.000,9999.000,9999.000,9999.000,9999.000,9999.000
202606030736,   0.572,9999.000,9999.000,9999.000,9999.000,9999.000,9999.000,9999.000,9999.000
202606030742,   0.543,9999.000,9999.000,9999.000,9999.000,9999.000,9999.000,9999.000,9999.000
202606030748,   0.519,9999.000,9999.000,9999.000,9999.000,9999.000,9999.000,9999.000,9999.000
202606030754,   0.500,9999.000,9999.000,9999.000,9999.000,9999.000,9999.000,9999.000,9999.000
202606030800,   0.485,9999.000,   0.500,   0.118,   1.103,   0.200,   0.803,   0.900,   1.503
202606030806,   0.474,9999.000,9999.000,9999.000,9999.000,9999.000,9999.000,9999.000,9999.000
202606030812,   0.469,9999.000,9999.000,9999.000,9999.000,9999.000,9999.000,9999.000,9999.000
202606030818,   0.467,9999.000,9999.000,9999.000,9999.000,9999.000,9999.000,9999.000,9999.000
202606030824,   0.470,9999.000,9999.000,9999.000,9999.000,9999.000,9999.000,9999.000,9999.000
202606030830,   0.478,9999.000,9999.000,9999.000,9999.000,9999.000,9999.000,9999.000,9999.000
202606030836,   0.490,9999.000,9999.000,9999.000,9999.000,9999.000,9999.000,9999.000,9999.000
202606030842,   0.507,9999.000,9999.000,9999.000,9999.000,9999.000,9999.000,9999.000,9999.000
202606030848,   0.527,9999.000,9999.000,9999.000,9999.000,9999.000,9999.000,9999.000,9999.000
202606030854,   0.552,9999.000,9999.000,9999.000,9999.000,9999.000,9999.000,9999.000,9999.000
202606030900,   0.581,9999.000,   0.500,   0.118,   1.199,   0.200,   0.899,   0.900,   1.599
202606030906,   0.614,9999.000,9999.000,9999.000,9999.000,9999.000,9999.000,9999.000,9999.000
202606030912,   0.651,9999.000,9999.000,9999.000,9999.000,9999.000,9999.000,9999.000,9999.000
202606030918,   0.692,9999.000,9999.000,9999.000,9999.000,9999.000,9999.000,9999.000,9999.000
202606030924,   0.736,9999.000,9999.000,9999.000,9999.000,9999.000,9999.000,9999.000,9999.000
202606030930,   0.784,9999.000,9999.000,9999.000,9999.000,9999.000,9999.000,9999.000,9999.000
202606030936,   0.835,9999.000,9999.000,9999.000,9999.000,9999.000,9999.000,9999.000,9999.000
202606030942,   0.889,9999.000,9999.000,9999.000,9999.000,9999.000,9999.000,9999.000,9999.000
202606030948,   0.945,9999.000,9999.000,9999.000,9999.000,9999.000,9999.000,9999.000,9999.000
202606030954,   1.005,9999.000,9999.000,9999.000,9999.000,9999.000,9999.000,9999.000,9999.000
202606031000,   1.067,9999.000,   0.500,   0.118,   1.685,   0.200,   1.385,   0.900,   2.085
202606031006,   1.131,9999.000,9999.000,9999.000,9999.000,9999.000,9999.000,9999.000,9999.000
202606031012,   1.198,9999.000,9999.000,9999.000,9999.000,9999.000,9999.000,9999.000,9999.000
202606031018,   1.266,9999.000,9999.000,9999.000,9999.000,9999.000,9999.000,9999.000,9999.000
202606031024,   1.336,9999.000,9999.000,9999.000,9999.000,9999.000,9999.000,9999.000,9999.000
202606031030,   1.407,9999.000,9999.000,9999.000,9999.000,9999.000,9999.000,9999.000,9999.000
202606031036,   1.479,9999.000,9999.000,9999.000,9999.000,9999.000,9999.000,9999.000,9999.000
202606031042,   1.552,9999.000,9999.000,9999.000,9999.000,9999.000,9999.000,9999.000,9999.000
202606031048,   1.626,9999.000,9999.000,9999.000,9999.000,9999.000,9999.000,9999.000,9999.000
202606031054,   1.701,9999.000,9999.000,9999.000,9999.000,9999.000,9999.000,9999.000,9999.000
202606031100,   1.775,9999.000,   0.500,   0.118,   2.393,   0.200,   2.093,   0.900,   2.793
202606031106,   1.850,9999.000,9999.000,9999.000,9999.000,9999.000,9999.000,9999.000,9999.000
202606031112,   1.924,9999.000,9999.000,9999.000,9999.000,9999.000,9999.000,9999.000,9999.000
202606031118,   1.998,9999.000,9999.000,9999.000,9999.000,9999.000,9999.000,9999.000,9999.000
202606031124,   2.072,9999.000,9999.000,9999.000,9999.000,9999.000,9999.000,9999.000,9999.000
202606031130,   2.144,9999.000,9999.000,9999.000,9999.000,9999.000,9999.000,9999.000,9999.000
202606031136,   2.216,9999.000,9999.000,9999.000,9999.000,9999.000,9999.000,9999.000,9999.000
202606031142,   2.286,9999.000,9999.000,9999.000,9999.000,9999.000,9999.000,9999.000,9999.000
202606031148,   2.355,9999.000,9999.000,9999.000,9999.000,9999.000,9999.000,9999.000,9999.000
202606031154,   2.423,9999.000,9999.000,9999.000,9999.000,9999.000,9999.000,9999.000,9999.000
202606031200,   2.489,9999.000,   0.500,   0.118,   3.107,   0.200,   2.807,   0.900,   3.507
202606031206,   2.553,9999.000,9999.000,9999.000,9999.000,9999.000,9999.000,9999.000,9999.000
202606031212,   2.615,9999.000,9999.000,9999.000,9999.000,9999.000,9999.000,9999.000,9999.000
202606031218,   2.674,9999.000,9999.000,9999.000,9999.000,9999.000,9999.000,9999.000,9999.000
202606031224,   2.732,9999.000,9999.000,9999.000,9999.000,9999.000,9999.000,9999.000,9999.000
202606031230,   2.787,9999.000,9999.000,9999.000,9999.000,9999.000,9999.000,9999.000,9999.000
202606031236,   2.840,9999.000,9999.000,9999.000,9999.000,9999.000,9999.000,9999.000,9999.000
202606031242,   2.890,9999.000,9999.000,9999.000,9999.000,9999.000,9999.000,9999.000,9999.000
202606031248,   2.937,9999.000,9999.000,9999.000,9999.000,9999.000,9999.000,9999.000,9999.000
202606031254,   2.982,9999.000,9999.000,9999.000,9999.000,9999.000,9999.000,9999.000,9999.000
202606031300,   3.024,9999.000,   0.500,   0.118,   3.642,   0.100,   3.242,   0.900,   4.042
202606031306,   3.062,9999.000,9999.000,9999.000,9999.000,9999.000,9999.000,9999.000,9999.000
202606031312,   3.098,9999.000,9999.000,9999.000,9999.000,9999.000,9999.000,9999.000,9999.000
202606031318,   3.131,9999.000,9999.000,9999.000,9999.000,9999.000,9999.000,9999.000,9999.000
202606031324,   3.160,9999.000,9999.000,9999.000,9999.000,9999.000,9999.000,9999.000,9999.000
202606031330,   3.187,9999.000,9999.000,9999.000,9999.000,9999.000,9999.000,9999.000,9999.000
202606031336,   3.210,9999.000,9999.000,9999.000,9999.000,9999.000,9999.000,9999.000,9999.000
202606031342,   3.229,9999.000,9999.000,9999.000,9999.000,9999.000,9999.000,9999.000,9999.000
202606031348,   3.245,9999.000,9999.000,9999.000,9999.000,9999.000,9999.000,9999.000,9999.000
202606031354,   3.258,9999.000,9999.000,9999.000,9999.000,9999.000,9999.000,9999.000,9999.000
202606031400,   3.267,9999.000,   0.500,   0.118,   3.885,   0.100,   3.485,   1.000,   4.385
202606031406,   3.273,9999.000,9999.000,9999.000,9999.000,9999.000,9999.000,9999.000,9999.000
202606031412,   3.276,9999.000,9999.000,9999.000,9999.000,9999.000,9999.000,9999.000,9999.000
202606031418,   3.274,9999.000,9999.000,9999.000,9999.000,9999.000,9999.000,9999.000,9999.000
202606031424,   3.269,9999.000,9999.000,9999.000,9999.000,9999.000,9999.000,9999.000,9999.000
202606031430,   3.261,9999.000,9999.000,9999.000,9999.000,9999.000,9999.000,9999.000,9999.000
202606031436,   3.249,9999.000,9999.000,9999.000,9999.000,9999.000,9999.000,9999.000,9999.000
202606031442,   3.233,9999.000,9999.000,9999.000,9999.000,9999.000,9999.000,9999.000,9999.000
202606031448,   3.214,9999.000,9999.000,9999.000,9999.000,9999.000,9999.000,9999.000,9999.000
202606031454,   3.191,9999.000,9999.000,9999.000,9999.000,9999.000,9999.000,9999.000,9999.000
202606031500,   3.165,9999.000,   0.600,   0.118,   3.883,   0.100,   3.383,   1.000,   4.283
202606031506,   3.135,9999.000,9999.000,9999.000,9999.000,9999.000,9999.000,9999.000,9999.000
202606031512,   3.102,9999.000,9999.000,9999.000,9999.000,9999.000,9999.000,9999.000,9999.000
202606031518,   3.065,9999.000,9999.000,9999.000,9999.000,9999.000,9999.000,9999.000,9999.000
202606031524,   3.026,9999.000,9999.000,9999.000,9999.000,9999.000,9999.000,9999.000,9999.000
202606031530,   2.983,9999.000,9999.000,9999.000,9999.000,9999.000,9999.000,9999.000,9999.000
202606031536,   2.936,9999.000,9999.000,9999.000,9999.000,9999.000,9999.000,9999.000,9999.000
202606031542,   2.887,9999.000,9999.000,9999.000,9999.000,9999.000,9999.000,9999.000,9999.000
202606031548,   2.836,9999.000,9999.000,9999.000,9999.000,9999.000,9999.000,9999.000,9999.000
202606031554,   2.781,9999.000,9999.000,9999.000,9999.000,9999.000,9999.000,9999.000,9999.000
202606031600,   2.724,9999.000,   0.600,   0.118,   3.442,   0.100,   2.942,   1.100,   3.942
202606031606,   2.664,9999.000,9999.000,9999.000,9999.000,9999.000,9999.000,9999.000,9999.000
202606031612,   2.603,9999.000,9999.000,9999.000,9999.000,9999.000,9999.000,9999.000,9999.000
202606031618,   2.539,9999.000,9999.000,9999.000,9999.000,9999.000,9999.000,9999.000,9999.000
202606031624,   2.474,9999.000,9999.000,9999.000,9999.000,9999.000,9999.000,9999.000,9999.000
202606031630,   2.406,9999.000,9999.000,9999.000,9999.000,9999.000,9999.000,9999.000,9999.000
202606031636,   2.338,9999.000,9999.000,9999.000,9999.000,9999.000,9999.000,9999.000,9999.000
202606031642,   2.268,9999.000,9999.000,9999.000,9999.000,9999.000,9999.000,9999.000,9999.000
202606031648,   2.198,9999.000,9999.000,9999.000,9999.000,9999.000,9999.000,9999.000,9999.000
202606031654,   2.127,9999.000,9999.000,9999.000,9999.000,9999.000,9999.000,9999.000,9999.000
202606031700,   2.055,9999.000,   0.600,   0.118,   2.773,   0.100,   2.273,   1.100,   3.273
202606031706,   1.983,9999.000,9999.000,9999.000,9999.000,9999.000,9999.000,9999.000,9999.000
202606031712,   1.911,9999.000,9999.000,9999.000,9999.000,9999.000,9999.000,9999.000,9999.000
202606031718,   1.840,9999.000,9999.000,9999.000,9999.000,9999.000,9999.000,9999.000,9999.000
202606031724,   1.769,9999.000,9999.000,9999.000,9999.000,9999.000,9999.000,9999.000,9999.000
202606031730,   1.699,9999.000,9999.000,9999.000,9999.000,9999.000,9999.000,9999.000,9999.000
202606031736,   1.629,9999.000,9999.000,9999.000,9999.000,9999.000,9999.000,9999.000,9999.000
202606031742,   1.561,9999.000,9999.000,9999.000,9999.000,9999.000,9999.000,9999.000,9999.000
202606031748,   1.495,9999.000,9999.000,9999.000,9999.000,9999.000,9999.000,9999.000,9999.000
202606031754,   1.430,9999.000,9999.000,9999.000,9999.000,9999.000,9999.000,9999.000,9999.000
202606031800,   1.367,9999.000,   0.600,   0.118,   2.085,   0.100,   1.585,   1.200,   2.685
