        TIME,    TIDE,      OB,   SURGE,    BIAS,     TWL,SURGE90p,  TWL90p,SURGE10p,   TWL10p
202604131800,   1.291,   1.948,   0.300,   0.357,   1.948,   0.200,   1.848,   0.300,   1.948
202604131806,   1.243,9999.000,9999.000,9999.000,9999.000,9999.000,9999.000,9999.000,9999.000
202604131812,   1.210,   1.781,9999.000,9999.000,9999.000,9999.000,9999.000,9999.000,9999.000
202604131818,   1.192,9999.000,9999.000,9999.000,9999.000,9999.000,9999.000,9999.000,9999.000
202604131824,   1.189,   1.600,9999.000,9999.000,9999.000,9999.000,9999.000,9999.000,9999.000
202604131830,   1.202,9999.000,9999.000,9999.000,9999.000,9999.000,9999.000,9999.000,9999.000
202604131836,   1.230,   1.758,9999.000,9999.000,9999.000,9999.000,9999.000,9999.000,9999.000
202604131842,   1.272,9999.000,9999.000,9999.000,9999.000,9999.000,9999.000,9999.000,9999.000
202604131848,   1.329,   1.869,9999.000,9999.000,9999.000,9999.000,9999.000,9999.000,9999.000
202604131854,   1.401,9999.000,9999.000,9999.000,9999.000,9999.000,9999.000,9999.000,9999.000
202604131900,   1.487,9999.000,   0.200,9999.000,   1.687,   0.200,   1.687,   0.300,   1.787
202604131906,   1.586,   2.148,9999.000,9999.000,9999.000,9999.000,9999.000,9999.000,9999.000
202604131912,   1.700,   2.118,9999.000,9999.000,9999.000,9999.000,9999.000,9999.000,9999.000
202604131918,   1.826,   2.138,9999.000,9999.000,9999.000,9999.000,9999.000,9999.000,9999.000
202604131924,   1.965,   2.318,9999.000,9999.000,9999.000,9999.000,9999.000,9999.000,9999.000
202604131930,   2.116,   2.450,9999.000,9999.000,9999.000,9999.000,9999.000,9999.000,9999.000
202604131936,   2.279,   2.440,9999.000,9999.000,9999.000,9999.000,9999.000,9999.000,9999.000
202604131942,   2.453,   2.620,9999.000,9999.000,9999.000,9999.000,9999.000,9999.000,9999.000
202604131948,   2.638,   2.958,9999.000,9999.000,9999.000,9999.000,9999.000,9999.000,9999.000
202604131954,   2.833,   3.007,9999.000,9999.000,9999.000,9999.000,9999.000,9999.000,9999.000
202604132000,   3.039,   3.217,   0.100,   0.078,   3.217,   0.100,   3.217,   0.200,   3.317
202604132006,   3.254,   3.480,9999.000,9999.000,9999.000,9999.000,9999.000,9999.000,9999.000
202604132012,   3.477,   3.699,9999.000,9999.000,9999.000,9999.000,9999.000,9999.000,9999.000
202604132018,   3.709,   3.768,9999.000,9999.000,9999.000,9999.000,9999.000,9999.000,9999.000
202604132024,   3.949,   4.017,9999.000,9999.000,9999.000,9999.000,9999.000,9999.000,9999.000
202604132030,   4.197,   4.398,9999.000,9999.000,9999.000,9999.000,9999.000,9999.000,9999.000
202604132036,   4.451,   4.549,9999.000,9999.000,9999.000,9999.000,9999.000,9999.000,9999.000
202604132042,   4.712,   4.847,9999.000,9999.000,9999.000,9999.000,9999.000,9999.000,9999.000
202604132048,   4.978,   5.047,9999.000,9999.000,9999.000,9999.000,9999.000,9999.000,9999.000
202604132054,   5.250,   5.077,9999.000,9999.000,9999.000,9999.000,9999.000,9999.000,9999.000
202604132100,   5.527,   5.917,   0.100,   0.290,   5.917,   0.000,   5.817,   0.100,   5.917
202604132106,   5.807,   5.438,9999.000,9999.000,9999.000,9999.000,9999.000,9999.000,9999.000
202604132112,   6.092,   6.189,9999.000,9999.000,9999.000,9999.000,9999.000,9999.000,9999.000
202604132118,   6.379,   6.746,9999.000,9999.000,9999.000,9999.000,9999.000,9999.000,9999.000
202604132124,   6.668,   6.359,9999.000,9999.000,9999.000,9999.000,9999.000,9999.000,9999.000
202604132130,   6.960,   7.107,9999.000,9999.000,9999.000,9999.000,9999.000,9999.000,9999.000
202604132136,   7.252,   7.419,9999.000,9999.000,9999.000,9999.000,9999.000,9999.000,9999.000
202604132142,   7.545,   7.517,9999.000,9999.000,9999.000,9999.000,9999.000,9999.000,9999.000
202604132148,   7.837,   8.357,9999.000,9999.000,9999.000,9999.000,9999.000,9999.000,9999.000
202604132154,   8.128,   7.947,9999.000,9999.000,9999.000,9999.000,9999.000,9999.000,9999.000
202604132200,   8.418,   8.347,   0.000,  -0.071,   8.347,   0.000,   8.347,   0.100,   8.447
202604132206,   8.704,   8.987,9999.000,9999.000,9999.000,9999.000,9999.000,9999.000,9999.000
202604132212,   8.987,   9.069,9999.000,9999.000,9999.000,9999.000,9999.000,9999.000,9999.000
202604132218,   9.267,   9.577,9999.000,9999.000,9999.000,9999.000,9999.000,9999.000,9999.000
202604132224,   9.541,   9.646,9999.000,9999.000,9999.000,9999.000,9999.000,9999.000,9999.000
202604132230,   9.809,   9.787,9999.000,9999.000,9999.000,9999.000,9999.000,9999.000,9999.000
202604132236,  10.071,  10.266,9999.000,9999.000,9999.000,9999.000,9999.000,9999.000,9999.000
202604132242,  10.325,  10.256,9999.000,9999.000,9999.000,9999.000,9999.000,9999.000,9999.000
202604132248,  10.571,  10.827,9999.000,9999.000,9999.000,9999.000,9999.000,9999.000,9999.000
202604132254,  10.808,  10.925,9999.000,9999.000,9999.000,9999.000,9999.000,9999.000,9999.000
202604132300,  11.036,  10.978,   0.000,  -0.058,  10.978,   0.000,  10.978,   0.100,  11.078
202604132306,  11.253,  11.335,9999.000,9999.000,9999.000,9999.000,9999.000,9999.000,9999.000
202604132312,  11.459,  11.598,9999.000,9999.000,9999.000,9999.000,9999.000,9999.000,9999.000
202604132318,  11.653,  11.686,9999.000,9999.000,9999.000,9999.000,9999.000,9999.000,9999.000
202604132324,  11.835,  12.086,9999.000,9999.000,9999.000,9999.000,9999.000,9999.000,9999.000
202604132330,  12.004,  12.188,9999.000,9999.000,9999.000,9999.000,9999.000,9999.000,9999.000
202604132336,  12.160,  12.437,9999.000,9999.000,9999.000,9999.000,9999.000,9999.000,9999.000
202604132342,  12.302,  12.647,9999.000,9999.000,9999.000,9999.000,9999.000,9999.000,9999.000
202604132348,  12.429,  12.608,9999.000,9999.000,9999.000,9999.000,9999.000,9999.000,9999.000
202604132354,  12.541,  12.995,9999.000,9999.000,9999.000,9999.000,9999.000,9999.000,9999.000
202604140000,  12.639,  12.867,   0.100,   0.128,  12.867,   0.000,  12.767,   0.200,  12.967
202604140006,  12.721,  12.985,9999.000,9999.000,9999.000,9999.000,9999.000,9999.000,9999.000
202604140012,  12.787,  13.287,9999.000,9999.000,9999.000,9999.000,9999.000,9999.000,9999.000
202604140018,  12.838,  13.067,9999.000,9999.000,9999.000,9999.000,9999.000,9999.000,9999.000
202604140024,  12.873,  13.438,9999.000,9999.000,9999.000,9999.000,9999.000,9999.000,9999.000
202604140030,  12.892,  13.028,9999.000,9999.000,9999.000,9999.000,9999.000,9999.000,9999.000
202604140036,  12.896,  13.228,9999.000,9999.000,9999.000,9999.000,9999.000,9999.000,9999.000
202604140042,  12.883,  13.257,9999.000,9999.000,9999.000,9999.000,9999.000,9999.000,9999.000
202604140048,  12.855,  13.365,9999.000,9999.000,9999.000,9999.000,9999.000,9999.000,9999.000
202604140054,  12.812,  13.228,9999.000,9999.000,9999.000,9999.000,9999.000,9999.000,9999.000
202604140100,  12.753,  12.995,   0.100,   0.142,  12.995,   0.000,  12.895,   0.200,  13.095
202604140106,  12.679,  13.257,9999.000,9999.000,9999.000,9999.000,9999.000,9999.000,9999.000
202604140112,  12.591,  13.136,9999.000,9999.000,9999.000,9999.000,9999.000,9999.000,9999.000
202604140118,  12.488,  12.936,9999.000,9999.000,9999.000,9999.000,9999.000,9999.000,9999.000
202604140124,  12.372,  12.736,9999.000,9999.000,9999.000,9999.000,9999.000,9999.000,9999.000
202604140130,  12.241,  12.765,9999.000,9999.000,9999.000,9999.000,9999.000,9999.000,9999.000
202604140136,  12.098,  12.795,9999.000,9999.000,9999.000,9999.000,9999.000,9999.000,9999.000
202604140142,  11.943,  12.247,9999.000,9999.000,9999.000,9999.000,9999.000,9999.000,9999.000
202604140148,  11.775,  12.467,9999.000,9999.000,9999.000,9999.000,9999.000,9999.000,9999.000
202604140154,  11.595,  12.037,9999.000,9999.000,9999.000,9999.000,9999.000,9999.000,9999.000
202604140200,  11.405,  12.155,   0.000,   0.750,  12.155,   0.000,  12.155,   0.100,  12.255
202604140206,  11.204,  11.568,9999.000,9999.000,9999.000,9999.000,9999.000,9999.000,9999.000
202604140212,  10.994,  11.676,9999.000,9999.000,9999.000,9999.000,9999.000,9999.000,9999.000
202604140218,  10.774,  11.506,9999.000,9999.000,9999.000,9999.000,9999.000,9999.000,9999.000
202604140224,  10.545,  11.007,9999.000,9999.000,9999.000,9999.000,9999.000,9999.000,9999.000
202604140230,  10.308,  10.968,9999.000,9999.000,9999.000,9999.000,9999.000,9999.000,9999.000
202604140236,  10.064,  10.696,9999.000,9999.000,9999.000,9999.000,9999.000,9999.000,9999.000
202604140242,   9.813,  10.607,9999.000,9999.000,9999.000,9999.000,9999.000,9999.000,9999.000
202604140248,   9.555,  10.266,9999.000,9999.000,9999.000,9999.000,9999.000,9999.000,9999.000
202604140254,   9.292,  10.007,9999.000,9999.000,9999.000,9999.000,9999.000,9999.000,9999.000
202604140300,   9.023,   9.777,   0.000,   0.754,   9.777,  -0.100,   9.677,   0.100,   9.877
202604140306,   8.750,   9.489,9999.000,9999.000,9999.000,9999.000,9999.000,9999.000,9999.000
202604140312,   8.473,   9.177,9999.000,9999.000,9999.000,9999.000,9999.000,9999.000,9999.000
202604140318,   8.193,   8.826,9999.000,9999.000,9999.000,9999.000,9999.000,9999.000,9999.000
202604140324,   7.910,   8.587,9999.000,9999.000,9999.000,9999.000,9999.000,9999.000,9999.000
202604140330,   7.625,   8.426,9999.000,9999.000,9999.000,9999.000,9999.000,9999.000,9999.000
202604140336,   7.338,   7.976,9999.000,9999.000,9999.000,9999.000,9999.000,9999.000,9999.000
202604140342,   7.051,   7.878,9999.000,9999.000,9999.000,9999.000,9999.000,9999.000,9999.000
202604140348,   6.763,   7.399,9999.000,9999.000,9999.000,9999.000,9999.000,9999.000,9999.000
202604140354,   6.476,   7.278,9999.000,9999.000,9999.000,9999.000,9999.000,9999.000,9999.000
202604140400,   6.189,   6.937,  -0.100,   0.848,   6.937,  -0.200,   6.837,   0.000,   7.037
202604140406,   5.905,   6.707,9999.000,9999.000,9999.000,9999.000,9999.000,9999.000,9999.000
202604140412,   5.622,   6.317,9999.000,9999.000,9999.000,9999.000,9999.000,9999.000,9999.000
202604140418,   5.343,   6.149,9999.000,9999.000,9999.000,9999.000,9999.000,9999.000,9999.000
202604140424,   5.067,   5.808,9999.000,9999.000,9999.000,9999.000,9999.000,9999.000,9999.000
202604140430,   4.796,   5.579,9999.000,9999.000,9999.000,9999.000,9999.000,9999.000,9999.000
202604140436,   4.530,   5.218,9999.000,9999.000,9999.000,9999.000,9999.000,9999.000,9999.000
202604140442,   4.269,   5.047,9999.000,9999.000,9999.000,9999.000,9999.000,9999.000,9999.000
202604140448,   4.015,   4.759,9999.000,9999.000,9999.000,9999.000,9999.000,9999.000,9999.000
202604140454,   3.768,   4.480,9999.000,9999.000,9999.000,9999.000,9999.000,9999.000,9999.000
202604140500,   3.529,   4.208,  -0.200,   0.879,   4.208,  -0.300,   4.108,  -0.100,   4.308
202604140506,   3.298,   4.090,9999.000,9999.000,9999.000,9999.000,9999.000,9999.000,9999.000
202604140512,   3.077,   3.847,9999.000,9999.000,9999.000,9999.000,9999.000,9999.000,9999.000
202604140518,   2.866,   3.568,9999.000,9999.000,9999.000,9999.000,9999.000,9999.000,9999.000
202604140524,   2.665,   3.358,9999.000,9999.000,9999.000,9999.000,9999.000,9999.000,9999.000
202604140530,   2.476,   3.178,9999.000,9999.000,9999.000,9999.000,9999.000,9999.000,9999.000
202604140536,   2.298,   2.948,9999.000,9999.000,9999.000,9999.000,9999.000,9999.000,9999.000
202604140542,   2.133,   2.768,9999.000,9999.000,9999.000,9999.000,9999.000,9999.000,9999.000
202604140548,   1.981,   2.519,9999.000,9999.000,9999.000,9999.000,9999.000,9999.000,9999.000
202604140554,   1.843,   2.519,9999.000,9999.000,9999.000,9999.000,9999.000,9999.000,9999.000
202604140600,   1.718,   2.348,   0.000,   0.630,   2.348,  -0.200,   2.148,   0.100,   2.448
202604140606,   1.608,   2.099,9999.000,9999.000,9999.000,9999.000,9999.000,9999.000,9999.000
202604140612,   1.513,   2.148,9999.000,9999.000,9999.000,9999.000,9999.000,9999.000,9999.000
202604140618,   1.432,   1.908,9999.000,9999.000,9999.000,9999.000,9999.000,9999.000,9999.000
202604140624,   1.367,   1.928,9999.000,9999.000,9999.000,9999.000,9999.000,9999.000,9999.000
202604140630,   1.318,   1.790,9999.000,9999.000,9999.000,9999.000,9999.000,9999.000,9999.000
202604140636,   1.284,   1.669,9999.000,9999.000,9999.000,9999.000,9999.000,9999.000,9999.000
202604140642,   1.266,   1.899,9999.000,9999.000,9999.000,9999.000,9999.000,9999.000,9999.000
202604140648,   1.263,   1.630,9999.000,9999.000,9999.000,9999.000,9999.000,9999.000,9999.000
202604140654,   1.277,   1.879,9999.000,9999.000,9999.000,9999.000,9999.000,9999.000,9999.000
202604140700,   1.306,   1.669,  -0.100,   0.463,   1.669,  -0.300,   1.469,   0.100,   1.869
202604140706,   1.350,   1.790,9999.000,9999.000,9999.000,9999.000,9999.000,9999.000,9999.000
202604140712,   1.410,   1.810,9999.000,9999.000,9999.000,9999.000,9999.000,9999.000,9999.000
202604140718,   1.485,   1.810,9999.000,9999.000,9999.000,9999.000,9999.000,9999.000,9999.000
202604140724,   1.575,   2.020,9999.000,9999.000,9999.000,9999.000,9999.000,9999.000,9999.000
202604140730,   1.679,   1.938,9999.000,9999.000,9999.000,9999.000,9999.000,9999.000,9999.000
202604140736,   1.797,   2.230,9999.000,9999.000,9999.000,9999.000,9999.000,9999.000,9999.000
202604140742,   1.929,   2.269,9999.000,9999.000,9999.000,9999.000,9999.000,9999.000,9999.000
202604140748,   2.075,   2.377,9999.000,9999.000,9999.000,9999.000,9999.000,9999.000,9999.000
202604140754,   2.233,   2.597,9999.000,9999.000,9999.000,9999.000,9999.000,9999.000,9999.000
202604140800,   2.403,   2.640,  -0.100,   0.337,   2.640,  -0.400,   2.340,   0.100,   2.840
202604140806,   2.586,   2.938,9999.000,9999.000,9999.000,9999.000,9999.000,9999.000,9999.000
202604140812,   2.780,   3.050,9999.000,9999.000,9999.000,9999.000,9999.000,9999.000,9999.000
202604140818,   2.985,   3.230,9999.000,9999.000,9999.000,9999.000,9999.000,9999.000,9999.000
202604140824,   3.201,   3.509,9999.000,9999.000,9999.000,9999.000,9999.000,9999.000,9999.000
202604140830,   3.426,   3.607,9999.000,9999.000,9999.000,9999.000,9999.000,9999.000,9999.000
202604140836,   3.661,   3.958,9999.000,9999.000,9999.000,9999.000,9999.000,9999.000,9999.000
202604140842,   3.905,   4.129,9999.000,9999.000,9999.000,9999.000,9999.000,9999.000,9999.000
202604140848,   4.158,   4.388,9999.000,9999.000,9999.000,9999.000,9999.000,9999.000,9999.000
202604140854,   4.418,   4.588,9999.000,9999.000,9999.000,9999.000,9999.000,9999.000,9999.000
202604140900,   4.686,   4.847,  -0.100,   0.261,   4.847,  -0.400,   4.547,   0.100,   5.047
202604140906,   4.960,   5.179,9999.000,9999.000,9999.000,9999.000,9999.000,9999.000,9999.000
202604140912,   5.241,   5.379,9999.000,9999.000,9999.000,9999.000,9999.000,9999.000,9999.000
202604140918,   5.527,   5.769,9999.000,9999.000,9999.000,9999.000,9999.000,9999.000,9999.000
202604140924,   5.818,   5.949,9999.000,9999.000,9999.000,9999.000,9999.000,9999.000,9999.000
202604140930,   6.114,   6.369,9999.000,9999.000,9999.000,9999.000,9999.000,9999.000,9999.000
202604140936,   6.414,   6.556,9999.000,9999.000,9999.000,9999.000,9999.000,9999.000,9999.000
202604140942,   6.716,   6.979,9999.000,9999.000,9999.000,9999.000,9999.000,9999.000,9999.000
202604140948,   7.022,   7.127,9999.000,9999.000,9999.000,9999.000,9999.000,9999.000,9999.000
202604140954,   7.329,   7.517,9999.000,9999.000,9999.000,9999.000,9999.000,9999.000,9999.000
202604141000,   7.637,   7.727,  -0.100,   0.190,   7.727,  -0.400,   7.427,   0.100,   7.927
202604141006,   7.945,   8.117,9999.000,9999.000,9999.000,9999.000,9999.000,9999.000,9999.000
202604141012,   8.253,   8.357,9999.000,9999.000,9999.000,9999.000,9999.000,9999.000,9999.000
202604141018,   8.560,   8.728,9999.000,9999.000,9999.000,9999.000,9999.000,9999.000,9999.000
202604141024,   8.865,   8.997,9999.000,9999.000,9999.000,9999.000,9999.000,9999.000,9999.000
202604141030,   9.166,   9.338,9999.000,9999.000,9999.000,9999.000,9999.000,9999.000,9999.000
202604141036,   9.465,   9.636,9999.000,9999.000,9999.000,9999.000,9999.000,9999.000,9999.000
202604141042,   9.758,   9.908,9999.000,9999.000,9999.000,9999.000,9999.000,9999.000,9999.000
202604141048,  10.047,  10.138,9999.000,9999.000,9999.000,9999.000,9999.000,9999.000,9999.000
202604141054,  10.329,  10.515,9999.000,9999.000,9999.000,9999.000,9999.000,9999.000,9999.000
202604141100,  10.604,  10.646,  -0.100,   0.142,  10.646,  -0.300,  10.446,   0.100,  10.846
202604141106,  10.871,  11.007,9999.000,9999.000,9999.000,9999.000,9999.000,9999.000,9999.000
202604141112,  11.129,  11.237,9999.000,9999.000,9999.000,9999.000,9999.000,9999.000,9999.000
202604141118,  11.378,  11.568,9999.000,9999.000,9999.000,9999.000,9999.000,9999.000,9999.000
202604141124,  11.616,  11.798,9999.000,9999.000,9999.000,9999.000,9999.000,9999.000,9999.000
202604141130,  11.843,  12.047,9999.000,9999.000,9999.000,9999.000,9999.000,9999.000,9999.000
202604141136,  12.059,  12.257,9999.000,9999.000,9999.000,9999.000,9999.000,9999.000,9999.000
202604141142,  12.261,  12.555,9999.000,9999.000,9999.000,9999.000,9999.000,9999.000,9999.000
202604141148,  12.451,  12.687,9999.000,9999.000,9999.000,9999.000,9999.000,9999.000,9999.000
202604141154,  12.626,  12.847,9999.000,9999.000,9999.000,9999.000,9999.000,9999.000,9999.000
202604141200,  12.787,  13.126,   0.100,   0.239,  13.126,   0.000,  13.026,   0.200,  13.226
202604141206,  12.933,  13.215,9999.000,9999.000,9999.000,9999.000,9999.000,9999.000,9999.000
202604141212,  13.064,  13.356,9999.000,9999.000,9999.000,9999.000,9999.000,9999.000,9999.000
202604141218,  13.178,  13.516,9999.000,9999.000,9999.000,9999.000,9999.000,9999.000,9999.000
202604141224,  13.277,  13.585,9999.000,9999.000,9999.000,9999.000,9999.000,9999.000,9999.000
202604141230,  13.358,  13.775,9999.000,9999.000,9999.000,9999.000,9999.000,9999.000,9999.000
202604141236,  13.423,  13.756,9999.000,9999.000,9999.000,9999.000,9999.000,9999.000,9999.000
202604141242,  13.471,  13.917,9999.000,9999.000,9999.000,9999.000,9999.000,9999.000,9999.000
202604141248,  13.502,  13.976,9999.000,9999.000,9999.000,9999.000,9999.000,9999.000,9999.000
202604141254,  13.516,  13.887,9999.000,9999.000,9999.000,9999.000,9999.000,9999.000,9999.000
202604141300,  13.513,  13.956,   0.100,   0.343,  13.956,   0.100,  13.956,   0.200,  14.056
202604141306,  13.492,  14.054,9999.000,9999.000,9999.000,9999.000,9999.000,9999.000,9999.000
202604141312,  13.455,  13.815,9999.000,9999.000,9999.000,9999.000,9999.000,9999.000,9999.000
202604141318,  13.401,  13.867,9999.000,9999.000,9999.000,9999.000,9999.000,9999.000,9999.000
202604141324,  13.330,  13.825,9999.000,9999.000,9999.000,9999.000,9999.000,9999.000,9999.000
202604141330,  13.243,  13.736,9999.000,9999.000,9999.000,9999.000,9999.000,9999.000,9999.000
202604141336,  13.140,  13.657,9999.000,9999.000,9999.000,9999.000,9999.000,9999.000,9999.000
202604141342,  13.021,  13.447,9999.000,9999.000,9999.000,9999.000,9999.000,9999.000,9999.000
202604141348,  12.888,  13.477,9999.000,9999.000,9999.000,9999.000,9999.000,9999.000,9999.000
202604141354,  12.739,  13.215,9999.000,9999.000,9999.000,9999.000,9999.000,9999.000,9999.000
202604141400,  12.577,  13.195,   0.200,   0.418,  13.195,   0.100,  13.095,   0.300,  13.295
202604141406,  12.400,  12.857,9999.000,9999.000,9999.000,9999.000,9999.000,9999.000,9999.000
202604141412,  12.211,  12.896,9999.000,9999.000,9999.000,9999.000,9999.000,9999.000,9999.000
202604141418,  12.009,  12.565,9999.000,9999.000,9999.000,9999.000,9999.000,9999.000,9999.000
202604141424,  11.795,  12.375,9999.000,9999.000,9999.000,9999.000,9999.000,9999.000,9999.000
202604141430,  11.570,  12.217,9999.000,9999.000,9999.000,9999.000,9999.000,9999.000,9999.000
202604141436,  11.333,  11.906,9999.000,9999.000,9999.000,9999.000,9999.000,9999.000,9999.000
202604141442,  11.087,  11.676,9999.000,9999.000,9999.000,9999.000,9999.000,9999.000,9999.000
202604141448,  10.831,  11.397,9999.000,9999.000,9999.000,9999.000,9999.000,9999.000,9999.000
202604141454,  10.567,  11.168,9999.000,9999.000,9999.000,9999.000,9999.000,9999.000,9999.000
202604141500,  10.294,  10.876,   0.300,   0.282,  10.876,   0.100,  10.676,   0.400,  10.976
202604141506,  10.014,  10.617,9999.000,9999.000,9999.000,9999.000,9999.000,9999.000,9999.000
202604141512,   9.727,  10.358,9999.000,9999.000,9999.000,9999.000,9999.000,9999.000,9999.000
202604141518,   9.434,   9.997,9999.000,9999.000,9999.000,9999.000,9999.000,9999.000,9999.000
202604141524,   9.135,   9.738,9999.000,9999.000,9999.000,9999.000,9999.000,9999.000,9999.000
202604141530,   8.832,   9.407,9999.000,9999.000,9999.000,9999.000,9999.000,9999.000,9999.000
202604141536,   8.524,   9.056,9999.000,9999.000,9999.000,9999.000,9999.000,9999.000,9999.000
202604141542,   8.213,   8.787,9999.000,9999.000,9999.000,9999.000,9999.000,9999.000,9999.000
202604141548,   7.900,   8.478,9999.000,9999.000,9999.000,9999.000,9999.000,9999.000,9999.000
202604141554,   7.584,   8.078,9999.000,9999.000,9999.000,9999.000,9999.000,9999.000,9999.000
202604141600,   7.267,   7.849,   0.300,   0.282,   7.849,   0.200,   7.749,   0.400,   7.949
202604141606,   6.949,   7.507,9999.000,9999.000,9999.000,9999.000,9999.000,9999.000,9999.000
202604141612,   6.631,   7.189,9999.000,9999.000,9999.000,9999.000,9999.000,9999.000,9999.000
202604141618,   6.314,   6.868,9999.000,9999.000,9999.000,9999.000,9999.000,9999.000,9999.000
202604141624,   5.998,   6.569,9999.000,9999.000,9999.000,9999.000,9999.000,9999.000,9999.000
202604141630,   5.684,   6.336,9999.000,9999.000,9999.000,9999.000,9999.000,9999.000,9999.000
202604141636,   5.374,   5.949,9999.000,9999.000,9999.000,9999.000,9999.000,9999.000,9999.000
202604141642,   5.066,   5.648,9999.000,9999.000,9999.000,9999.000,9999.000,9999.000,9999.000
202604141648,   4.763,   5.339,9999.000,9999.000,9999.000,9999.000,9999.000,9999.000,9999.000
202604141654,   4.465,   5.028,9999.000,9999.000,9999.000,9999.000,9999.000,9999.000,9999.000
202604141700,   4.173,   4.749,   0.300,   0.276,   4.749,   0.200,   4.649,   0.500,   4.949
202604141706,   3.888,   4.467,9999.000,9999.000,9999.000,9999.000,9999.000,9999.000,9999.000
202604141712,   3.609,   4.168,9999.000,9999.000,9999.000,9999.000,9999.000,9999.000,9999.000
202604141718,   3.339,   3.860,9999.000,9999.000,9999.000,9999.000,9999.000,9999.000,9999.000
202604141724,   3.078,   3.650,9999.000,9999.000,9999.000,9999.000,9999.000,9999.000,9999.000
202604141730,   2.826,   3.329,9999.000,9999.000,9999.000,9999.000,9999.000,9999.000,9999.000
202604141736,   2.584,   3.129,9999.000,9999.000,9999.000,9999.000,9999.000,9999.000,9999.000
202604141742,   2.353,   2.919,9999.000,9999.000,9999.000,9999.000,9999.000,9999.000,9999.000
202604141748,   2.134,   2.558,9999.000,9999.000,9999.000,9999.000,9999.000,9999.000,9999.000
202604141754,   1.928,   2.430,9999.000,9999.000,9999.000,9999.000,9999.000,9999.000,9999.000
202604141800,   1.734,   2.177,   0.400,   0.043,   2.177,   0.300,   2.077,   0.500,   2.277
202604141806,   1.554,   1.918,9999.000,9999.000,9999.000,9999.000,9999.000,9999.000,9999.000
202604141812,   1.389,   1.908,9999.000,9999.000,9999.000,9999.000,9999.000,9999.000,9999.000
202604141818,   1.238,   1.571,9999.000,9999.000,9999.000,9999.000,9999.000,9999.000,9999.000
202604141824,   1.102,   1.498,9999.000,9999.000,9999.000,9999.000,9999.000,9999.000,9999.000
202604141830,   0.982,   1.318,9999.000,9999.000,9999.000,9999.000,9999.000,9999.000,9999.000
202604141836,   0.877,   1.098,9999.000,9999.000,9999.000,9999.000,9999.000,9999.000,9999.000
202604141842,   0.790,   1.210,9999.000,9999.000,9999.000,9999.000,9999.000,9999.000,9999.000
202604141848,   0.719,   0.869,9999.000,9999.000,9999.000,9999.000,9999.000,9999.000,9999.000
202604141854,   0.664,   1.010,9999.000,9999.000,9999.000,9999.000,9999.000,9999.000,9999.000
202604141900,   0.627,   0.810,   0.400,  -0.217,   0.810,   0.400,   0.810,   0.500,   0.910
202604141906,   0.606,   0.800,9999.000,9999.000,9999.000,9999.000,9999.000,9999.000,9999.000
202604141912,   0.603,   0.849,9999.000,9999.000,9999.000,9999.000,9999.000,9999.000,9999.000
202604141918,   0.617,   0.741,9999.000,9999.000,9999.000,9999.000,9999.000,9999.000,9999.000
202604141924,   0.648,   0.898,9999.000,9999.000,9999.000,9999.000,9999.000,9999.000,9999.000
202604141930,   0.695,   0.790,9999.000,9999.000,9999.000,9999.000,9999.000,9999.000,9999.000
202604141936,   0.759,   0.928,9999.000,9999.000,9999.000,9999.000,9999.000,9999.000,9999.000
202604141942,   0.839,   0.961,9999.000,9999.000,9999.000,9999.000,9999.000,9999.000,9999.000
202604141948,   0.935,   1.059,9999.000,9999.000,9999.000,9999.000,9999.000,9999.000,9999.000
202604141954,   1.047,   1.220,9999.000,9999.000,9999.000,9999.000,9999.000,9999.000,9999.000
202604142000,   1.175,   1.220,   0.500,  -0.455,   1.220,   0.500,   1.220,   0.500,   1.220
202604142006,   1.317,   1.449,9999.000,9999.000,9999.000,9999.000,9999.000,9999.000,9999.000
202604142012,   1.473,   1.498,9999.000,9999.000,9999.000,9999.000,9999.000,9999.000,9999.000
202604142018,   1.644,   1.820,9999.000,9999.000,9999.000,9999.000,9999.000,9999.000,9999.000
202604142024,   1.828,   1.859,9999.000,9999.000,9999.000,9999.000,9999.000,9999.000,9999.000
202604142030,   2.024,   2.138,9999.000,9999.000,9999.000,9999.000,9999.000,9999.000,9999.000
202604142036,   2.234,   2.387,9999.000,9999.000,9999.000,9999.000,9999.000,9999.000,9999.000
202604142042,   2.455,   2.489,9999.000,9999.000,9999.000,9999.000,9999.000,9999.000,9999.000
202604142048,   2.687,   2.758,9999.000,9999.000,9999.000,9999.000,9999.000,9999.000,9999.000
202604142054,   2.930,   3.007,9999.000,9999.000,9999.000,9999.000,9999.000,9999.000,9999.000
202604142100,   3.184,   3.129,   0.500,  -0.555,   3.129,   0.500,   3.129,   0.600,   3.229
202604142106,   3.447,   3.529,9999.000,9999.000,9999.000,9999.000,9999.000,9999.000,9999.000
202604142112,   3.719,   3.709,9999.000,9999.000,9999.000,9999.000,9999.000,9999.000,9999.000
202604142118,   4.000,   4.047,9999.000,9999.000,9999.000,9999.000,9999.000,9999.000,9999.000
202604142124,   4.288,   4.349,9999.000,9999.000,9999.000,9999.000,9999.000,9999.000,9999.000
202604142130,   4.584,   4.559,9999.000,9999.000,9999.000,9999.000,9999.000,9999.000,9999.000
202604142136,   4.887,   4.929,9999.000,9999.000,9999.000,9999.000,9999.000,9999.000,9999.000
202604142142,   5.195,   5.159,9999.000,9999.000,9999.000,9999.000,9999.000,9999.000,9999.000
202604142148,   5.509,   5.497,9999.000,9999.000,9999.000,9999.000,9999.000,9999.000,9999.000
202604142154,   5.828,   5.917,9999.000,9999.000,9999.000,9999.000,9999.000,9999.000,9999.000
202604142200,   6.150,   6.136,   0.600,  -0.614,   6.136,   0.600,   6.136,   0.700,   6.236
202604142206,   6.476,   6.477,9999.000,9999.000,9999.000,9999.000,9999.000,9999.000,9999.000
202604142212,   6.804,   6.828,9999.000,9999.000,9999.000,9999.000,9999.000,9999.000,9999.000
202604142218,   7.135,   7.199,9999.000,9999.000,9999.000,9999.000,9999.000,9999.000,9999.000
202604142224,   7.466,   7.566,9999.000,9999.000,9999.000,9999.000,9999.000,9999.000,9999.000
202604142230,   7.798,   7.806,9999.000,9999.000,9999.000,9999.000,9999.000,9999.000,9999.000
202604142236,   8.129,   8.167,9999.000,9999.000,9999.000,9999.000,9999.000,9999.000,9999.000
202604142242,   8.459,   8.508,9999.000,9999.000,9999.000,9999.000,9999.000,9999.000,9999.000
202604142248,   8.786,   8.898,9999.000,9999.000,9999.000,9999.000,9999.000,9999.000,9999.000
202604142254,   9.111,   9.265,9999.000,9999.000,9999.000,9999.000,9999.000,9999.000,9999.000
202604142300,   9.431,   9.587,   0.700,  -0.544,   9.587,   0.600,   9.487,   0.800,   9.687
202604142306,   9.747,   9.777,9999.000,9999.000,9999.000,9999.000,9999.000,9999.000,9999.000
202604142312,  10.057,  10.236,9999.000,9999.000,9999.000,9999.000,9999.000,9999.000,9999.000
202604142318,  10.360,  10.558,9999.000,9999.000,9999.000,9999.000,9999.000,9999.000,9999.000
202604142324,  10.656,  10.866,9999.000,9999.000,9999.000,9999.000,9999.000,9999.000,9999.000
202604142330,  10.943,  11.096,9999.000,9999.000,9999.000,9999.000,9999.000,9999.000,9999.000
202604142336,  11.221,  11.496,9999.000,9999.000,9999.000,9999.000,9999.000,9999.000,9999.000
202604142342,  11.489,  11.657,9999.000,9999.000,9999.000,9999.000,9999.000,9999.000,9999.000
202604142348,  11.746,  12.067,9999.000,9999.000,9999.000,9999.000,9999.000,9999.000,9999.000
202604142354,  11.991,  12.165,9999.000,9999.000,9999.000,9999.000,9999.000,9999.000,9999.000
202604150000,  12.223,  12.618,   0.700,  -0.305,  12.618,   0.600,  12.518,   0.800,  12.718
202604150006,  12.442,  12.608,9999.000,9999.000,9999.000,9999.000,9999.000,9999.000,9999.000
202604150012,  12.647,  13.037,9999.000,9999.000,9999.000,9999.000,9999.000,9999.000,9999.000
202604150018,  12.837,  13.195,9999.000,9999.000,9999.000,9999.000,9999.000,9999.000,9999.000
202604150024,  13.012,  13.306,9999.000,9999.000,9999.000,9999.000,9999.000,9999.000,9999.000
202604150030,  13.171,  13.648,9999.000,9999.000,9999.000,9999.000,9999.000,9999.000,9999.000
202604150036,  13.314,  13.585,9999.000,9999.000,9999.000,9999.000,9999.000,9999.000,9999.000
202604150042,  13.439,  13.966,9999.000,9999.000,9999.000,9999.000,9999.000,9999.000,9999.000
202604150048,  13.548,  13.976,9999.000,9999.000,9999.000,9999.000,9999.000,9999.000,9999.000
202604150054,  13.639,  14.126,9999.000,9999.000,9999.000,9999.000,9999.000,9999.000,9999.000
202604150100,  13.712,  14.215,   0.700,  -0.197,  14.215,   0.700,  14.215,   0.800,  14.315
202604150106,  13.768,  14.136,9999.000,9999.000,9999.000,9999.000,9999.000,9999.000,9999.000
202604150112,  13.805,  14.356,9999.000,9999.000,9999.000,9999.000,9999.000,9999.000,9999.000
202604150118,  13.824,  14.386,9999.000,9999.000,9999.000,9999.000,9999.000,9999.000,9999.000
202604150124,  13.825,  14.435,9999.000,9999.000,9999.000,9999.000,9999.000,9999.000,9999.000
202604150130,  13.808,  14.327,9999.000,9999.000,9999.000,9999.000,9999.000,9999.000,9999.000
202604150136,  13.773,  14.415,9999.000,9999.000,9999.000,9999.000,9999.000,9999.000,9999.000
202604150142,  13.720,  14.366,9999.000,9999.000,9999.000,9999.000,9999.000,9999.000,9999.000
202604150148,  13.649,  14.287,9999.000,9999.000,9999.000,9999.000,9999.000,9999.000,9999.000
202604150154,  13.562,  14.195,9999.000,9999.000,9999.000,9999.000,9999.000,9999.000,9999.000
202604150200,  13.457,  14.035,   0.800,  -0.222,  14.035,   0.700,  13.935,   0.800,  14.035
202604150206,  13.336,  14.077,9999.000,9999.000,9999.000,9999.000,9999.000,9999.000,9999.000
202604150212,  13.199,  13.844,9999.000,9999.000,9999.000,9999.000,9999.000,9999.000,9999.000
202604150218,  13.046,  13.766,9999.000,9999.000,9999.000,9999.000,9999.000,9999.000,9999.000
202604150224,  12.878,  13.667,9999.000,9999.000,9999.000,9999.000,9999.000,9999.000,9999.000
202604150230,  12.696,  13.477,9999.000,9999.000,9999.000,9999.000,9999.000,9999.000,9999.000
202604150236,  12.499,  13.238,9999.000,9999.000,9999.000,9999.000,9999.000,9999.000,9999.000
202604150242,  12.289,  13.185,9999.000,9999.000,9999.000,9999.000,9999.000,9999.000,9999.000
202604150248,  12.067,  12.955,9999.000,9999.000,9999.000,9999.000,9999.000,9999.000,9999.000
202604150254,  11.832,  12.657,9999.000,9999.000,9999.000,9999.000,9999.000,9999.000,9999.000
202604150300,  11.586,  12.486,   0.800,   0.100,  12.486,   0.700,  12.386,   0.900,  12.586
202604150306,  11.329,  12.096,9999.000,9999.000,9999.000,9999.000,9999.000,9999.000,9999.000
202604150312,  11.062,  12.096,9999.000,9999.000,9999.000,9999.000,9999.000,9999.000,9999.000
202604150318,  10.786,  11.637,9999.000,9999.000,9999.000,9999.000,9999.000,9999.000,9999.000
202604150324,  10.501,  11.525,9999.000,9999.000,9999.000,9999.000,9999.000,9999.000,9999.000
202604150330,  10.208,  11.207,9999.000,9999.000,9999.000,9999.000,9999.000,9999.000,9999.000
202604150336,   9.908,  10.876,9999.000,9999.000,9999.000,9999.000,9999.000,9999.000,9999.000
202604150342,   9.601,  10.656,9999.000,9999.000,9999.000,9999.000,9999.000,9999.000,9999.000
202604150348,   9.288,  10.305,9999.000,9999.000,9999.000,9999.000,9999.000,9999.000,9999.000
202604150354,   8.971,  10.046,9999.000,9999.000,9999.000,9999.000,9999.000,9999.000,9999.000
202604150400,   8.649,   9.708,   0.800,   0.259,   9.708,   0.800,   9.708,   0.900,   9.808
202604150406,   8.323,   9.298,9999.000,9999.000,9999.000,9999.000,9999.000,9999.000,9999.000
202604150412,   7.994,   9.036,9999.000,9999.000,9999.000,9999.000,9999.000,9999.000,9999.000
202604150418,   7.664,   8.777,9999.000,9999.000,9999.000,9999.000,9999.000,9999.000,9999.000
202604150424,   7.331,   8.347,9999.000,9999.000,9999.000,9999.000,9999.000,9999.000,9999.000
202604150430,   6.998,   8.078,9999.000,9999.000,9999.000,9999.000,9999.000,9999.000,9999.000
202604150436,   6.665,   7.727,9999.000,9999.000,9999.000,9999.000,9999.000,9999.000,9999.000
202604150442,   6.333,   7.399,9999.000,9999.000,9999.000,9999.000,9999.000,9999.000,9999.000
202604150448,   6.002,   7.097,9999.000,9999.000,9999.000,9999.000,9999.000,9999.000,9999.000
202604150454,   5.673,   6.638,9999.000,9999.000,9999.000,9999.000,9999.000,9999.000,9999.000
202604150500,   5.348,   6.507,   0.900,   0.259,   6.507,   0.800,   6.407,   0.900,   6.507
202604150506,   5.026,   6.018,9999.000,9999.000,9999.000,9999.000,9999.000,9999.000,9999.000
202604150512,   4.708,   5.828,9999.000,9999.000,9999.000,9999.000,9999.000,9999.000,9999.000
202604150518,   4.396,   5.448,9999.000,9999.000,9999.000,9999.000,9999.000,9999.000,9999.000
202604150524,   4.090,   5.179,9999.000,9999.000,9999.000,9999.000,9999.000,9999.000,9999.000
202604150530,   3.791,   4.867,9999.000,9999.000,9999.000,9999.000,9999.000,9999.000,9999.000
202604150536,   3.499,   4.529,9999.000,9999.000,9999.000,9999.000,9999.000,9999.000,9999.000
202604150542,   3.216,   4.300,9999.000,9999.000,9999.000,9999.000,9999.000,9999.000,9999.000
202604150548,   2.942,   3.978,9999.000,9999.000,9999.000,9999.000,9999.000,9999.000,9999.000
202604150554,   2.678,   3.788,9999.000,9999.000,9999.000,9999.000,9999.000,9999.000,9999.000
202604150600,   2.425,   3.450,   0.700,   0.325,   3.450,   0.600,   3.350,   0.700,   3.450
202604150606,   2.183,   3.270,9999.000,9999.000,9999.000,9999.000,9999.000,9999.000,9999.000
202604150612,   1.953,   3.017,9999.000,9999.000,9999.000,9999.000,9999.000,9999.000,9999.000
202604150618,   1.736,   2.728,9999.000,9999.000,9999.000,9999.000,9999.000,9999.000,9999.000
202604150624,   1.533,   2.669,9999.000,9999.000,9999.000,9999.000,9999.000,9999.000,9999.000
202604150630,   1.344,   2.289,9999.000,9999.000,9999.000,9999.000,9999.000,9999.000,9999.000
202604150636,   1.170,   2.109,9999.000,9999.000,9999.000,9999.000,9999.000,9999.000,9999.000
202604150642,   1.011,   2.079,9999.000,9999.000,9999.000,9999.000,9999.000,9999.000,9999.000
202604150648,   0.868,   1.669,9999.000,9999.000,9999.000,9999.000,9999.000,9999.000,9999.000
202604150654,   0.741,   1.800,9999.000,9999.000,9999.000,9999.000,9999.000,9999.000,9999.000
202604150700,   0.630,   1.590,   0.600,   0.360,   1.590,   0.600,   1.590,   0.700,   1.690
202604150706,   0.537,   1.528,9999.000,9999.000,9999.000,9999.000,9999.000,9999.000,9999.000
202604150712,   0.461,   1.410,9999.000,9999.000,9999.000,9999.000,9999.000,9999.000,9999.000
202604150718,   0.403,   1.338,9999.000,9999.000,9999.000,9999.000,9999.000,9999.000,9999.000
202604150724,   0.363,   1.439,9999.000,9999.000,9999.000,9999.000,9999.000,9999.000,9999.000
202604150730,   0.340,   1.269,9999.000,9999.000,9999.000,9999.000,9999.000,9999.000,9999.000
202604150736,   0.335,   1.380,9999.000,9999.000,9999.000,9999.000,9999.000,9999.000,9999.000
202604150742,   0.347,   1.279,9999.000,9999.000,9999.000,9999.000,9999.000,9999.000,9999.000
202604150748,   0.378,   1.318,9999.000,9999.000,9999.000,9999.000,9999.000,9999.000,9999.000
202604150754,   0.426,   1.279,9999.000,9999.000,9999.000,9999.000,9999.000,9999.000,9999.000
202604150800,   0.491,   1.479,   0.600,   0.388,   1.479,   0.500,   1.379,   0.600,   1.479
202604150806,   0.574,   1.449,9999.000,9999.000,9999.000,9999.000,9999.000,9999.000,9999.000
202604150812,   0.673,   1.489,9999.000,9999.000,9999.000,9999.000,9999.000,9999.000,9999.000
202604150818,   0.789,   1.649,9999.000,9999.000,9999.000,9999.000,9999.000,9999.000,9999.000
202604150824,   0.920,   1.758,9999.000,9999.000,9999.000,9999.000,9999.000,9999.000,9999.000
202604150830,   1.068,   1.938,9999.000,9999.000,9999.000,9999.000,9999.000,9999.000,9999.000
202604150836,   1.230,   2.020,9999.000,9999.000,9999.000,9999.000,9999.000,9999.000,9999.000
202604150842,   1.408,   2.269,9999.000,9999.000,9999.000,9999.000,9999.000,9999.000,9999.000
202604150848,   1.599,   2.400,9999.000,9999.000,9999.000,9999.000,9999.000,9999.000,9999.000
202604150854,   1.804,   2.489,9999.000,9999.000,9999.000,9999.000,9999.000,9999.000,9999.000
202604150900,   2.022,   2.899,   0.500,   0.377,   2.899,   0.500,   2.899,   0.600,   2.999
202604150906,   2.253,   2.919,9999.000,9999.000,9999.000,9999.000,9999.000,9999.000,9999.000
202604150912,   2.496,   3.368,9999.000,9999.000,9999.000,9999.000,9999.000,9999.000,9999.000
202604150918,   2.750,   3.407,9999.000,9999.000,9999.000,9999.000,9999.000,9999.000,9999.000
202604150924,   3.015,   3.817,9999.000,9999.000,9999.000,9999.000,9999.000,9999.000,9999.000
202604150930,   3.290,   4.027,9999.000,9999.000,9999.000,9999.000,9999.000,9999.000,9999.000
202604150936,   3.575,   4.218,9999.000,9999.000,9999.000,9999.000,9999.000,9999.000,9999.000
202604150942,   3.869,   4.539,9999.000,9999.000,9999.000,9999.000,9999.000,9999.000,9999.000
202604150948,   4.171,   4.857,9999.000,9999.000,9999.000,9999.000,9999.000,9999.000,9999.000
202604150954,   4.481,   5.159,9999.000,9999.000,9999.000,9999.000,9999.000,9999.000,9999.000
202604151000,   4.797,   5.428,   0.500,   0.131,   5.428,   0.400,   5.328,   0.600,   5.528
202604151006,   5.121,   5.739,9999.000,9999.000,9999.000,9999.000,9999.000,9999.000,9999.000
202604151012,   5.450,   6.087,9999.000,9999.000,9999.000,9999.000,9999.000,9999.000,9999.000
202604151018,   5.783,   6.418,9999.000,9999.000,9999.000,9999.000,9999.000,9999.000,9999.000
202604151024,   6.122,   6.766,9999.000,9999.000,9999.000,9999.000,9999.000,9999.000,9999.000
202604151030,   6.463,   7.088,9999.000,9999.000,9999.000,9999.000,9999.000,9999.000,9999.000
202604151036,   6.808,   7.439,9999.000,9999.000,9999.000,9999.000,9999.000,9999.000,9999.000
202604151042,   7.154,   7.819,9999.000,9999.000,9999.000,9999.000,9999.000,9999.000,9999.000
202604151048,   7.501,   8.196,9999.000,9999.000,9999.000,9999.000,9999.000,9999.000,9999.000
202604151054,   7.849,   8.377,9999.000,9999.000,9999.000,9999.000,9999.000,9999.000,9999.000
202604151100,   8.196,   8.836,   0.400,   0.240,   8.836,   0.400,   8.836,   0.500,   8.936
202604151106,   8.542,   9.056,9999.000,9999.000,9999.000,9999.000,9999.000,9999.000,9999.000
202604151112,   8.885,   9.489,9999.000,9999.000,9999.000,9999.000,9999.000,9999.000,9999.000
202604151118,   9.226,   9.846,9999.000,9999.000,9999.000,9999.000,9999.000,9999.000,9999.000
202604151124,   9.562,  10.187,9999.000,9999.000,9999.000,9999.000,9999.000,9999.000,9999.000
202604151130,   9.892,  10.397,9999.000,9999.000,9999.000,9999.000,9999.000,9999.000,9999.000
202604151136,  10.217,  10.768,9999.000,9999.000,9999.000,9999.000,9999.000,9999.000,9999.000
202604151142,  10.535,  11.027,9999.000,9999.000,9999.000,9999.000,9999.000,9999.000,9999.000
202604151148,  10.845,  11.525,9999.000,9999.000,9999.000,9999.000,9999.000,9999.000,9999.000
202604151154,  11.146,  11.657,9999.000,9999.000,9999.000,9999.000,9999.000,9999.000,9999.000
202604151200,  11.437,  12.008,   0.400,   0.171,  12.008,   0.300,  11.908,   0.400,  12.008
202604151206,  11.717,  12.227,9999.000,9999.000,9999.000,9999.000,9999.000,9999.000,9999.000
202604151212,  11.986,  12.545,9999.000,9999.000,9999.000,9999.000,9999.000,9999.000,9999.000
202604151218,  12.243,  12.857,9999.000,9999.000,9999.000,9999.000,9999.000,9999.000,9999.000
202604151224,  12.486,  12.926,9999.000,9999.000,9999.000,9999.000,9999.000,9999.000,9999.000
202604151230,  12.715,  13.326,9999.000,9999.000,9999.000,9999.000,9999.000,9999.000,9999.000
202604151236,  12.929,  13.405,9999.000,9999.000,9999.000,9999.000,9999.000,9999.000,9999.000
202604151242,  13.127,  13.657,9999.000,9999.000,9999.000,9999.000,9999.000,9999.000,9999.000
202604151248,  13.310,  14.005,9999.000,9999.000,9999.000,9999.000,9999.000,9999.000,9999.000
202604151254,  13.475,  14.077,9999.000,9999.000,9999.000,9999.000,9999.000,9999.000,9999.000
202604151300,  13.624,  14.264,   0.400,   0.240,  14.264,   0.400,  14.264,   0.400,  14.264
202604151306,  13.755,  14.307,9999.000,9999.000,9999.000,9999.000,9999.000,9999.000,9999.000
202604151312,  13.867,  14.586,9999.000,9999.000,9999.000,9999.000,9999.000,9999.000,9999.000
202604151318,  13.961,  14.546,9999.000,9999.000,9999.000,9999.000,9999.000,9999.000,9999.000
202604151324,  14.036,  14.664,9999.000,9999.000,9999.000,9999.000,9999.000,9999.000,9999.000
202604151330,  14.093,  14.707,9999.000,9999.000,9999.000,9999.000,9999.000,9999.000,9999.000
202604151336,  14.130,  14.815,9999.000,9999.000,9999.000,9999.000,9999.000,9999.000,9999.000
202604151342,  14.148,  14.805,9999.000,9999.000,9999.000,9999.000,9999.000,9999.000,9999.000
202604151348,  14.146,  14.756,9999.000,9999.000,9999.000,9999.000,9999.000,9999.000,9999.000
202604151354,  14.126,  14.815,9999.000,9999.000,9999.000,9999.000,9999.000,9999.000,9999.000
202604151400,  14.087,  14.746,   0.400,   0.259,  14.746,   0.400,  14.746,   0.400,  14.746
202604151406,  14.028,  14.687,9999.000,9999.000,9999.000,9999.000,9999.000,9999.000,9999.000
202604151412,  13.952,  14.527,9999.000,9999.000,9999.000,9999.000,9999.000,9999.000,9999.000
202604151418,  13.857,  14.615,9999.000,9999.000,9999.000,9999.000,9999.000,9999.000,9999.000
202604151424,  13.744,  14.307,9999.000,9999.000,9999.000,9999.000,9999.000,9999.000,9999.000
202604151430,  13.613,  14.287,9999.000,9999.000,9999.000,9999.000,9999.000,9999.000,9999.000
202604151436,  13.466,  14.015,9999.000,9999.000,9999.000,9999.000,9999.000,9999.000,9999.000
202604151442,  13.302,  14.025,9999.000,9999.000,9999.000,9999.000,9999.000,9999.000,9999.000
202604151448,  13.122,  13.657,9999.000,9999.000,9999.000,9999.000,9999.000,9999.000,9999.000
202604151454,  12.927,  13.605,9999.000,9999.000,9999.000,9999.000,9999.000,9999.000,9999.000
202604151500,  12.716,  13.336,   0.400,   0.220,  13.336,   0.400,  13.336,   0.500,  13.436
202604151506,  12.492,  13.126,9999.000,9999.000,9999.000,9999.000,9999.000,9999.000,9999.000
202604151512,  12.254,  13.005,9999.000,9999.000,9999.000,9999.000,9999.000,9999.000,9999.000
202604151518,  12.004,  12.687,9999.000,9999.000,9999.000,9999.000,9999.000,9999.000,9999.000
202604151524,  11.742,  12.486,9999.000,9999.000,9999.000,9999.000,9999.000,9999.000,9999.000
202604151530,  11.468,  12.096,9999.000,9999.000,9999.000,9999.000,9999.000,9999.000,9999.000
202604151536,  11.183,  11.935,9999.000,9999.000,9999.000,9999.000,9999.000,9999.000,9999.000
202604151542,  10.889,  11.617,9999.000,9999.000,9999.000,9999.000,9999.000,9999.000,9999.000
202604151548,  10.586,  11.207,9999.000,9999.000,9999.000,9999.000,9999.000,9999.000,9999.000
202604151554,  10.275,  10.997,9999.000,9999.000,9999.000,9999.000,9999.000,9999.000,9999.000
202604151600,   9.956,  10.515,   0.400,   0.159,  10.515,   0.400,  10.515,   0.500,  10.615
202604151606,   9.630,  10.177,9999.000,9999.000,9999.000,9999.000,9999.000,9999.000,9999.000
202604151612,   9.299,   9.918,9999.000,9999.000,9999.000,9999.000,9999.000,9999.000,9999.000
202604151618,   8.962,   9.557,9999.000,9999.000,9999.000,9999.000,9999.000,9999.000,9999.000
202604151624,   8.621,   9.279,9999.000,9999.000,9999.000,9999.000,9999.000,9999.000,9999.000
202604151630,   8.276,   8.777,9999.000,9999.000,9999.000,9999.000,9999.000,9999.000,9999.000
202604151636,   7.929,   8.616,9999.000,9999.000,9999.000,9999.000,9999.000,9999.000,9999.000
202604151642,   7.579,   8.196,9999.000,9999.000,9999.000,9999.000,9999.000,9999.000,9999.000
202604151648,   7.229,   7.888,9999.000,9999.000,9999.000,9999.000,9999.000,9999.000,9999.000
202604151654,   6.878,   7.478,9999.000,9999.000,9999.000,9999.000,9999.000,9999.000,9999.000
202604151700,   6.527,   7.156,   0.400,   0.229,   7.156,   0.400,   7.156,   0.500,   7.256
202604151706,   6.178,   6.789,9999.000,9999.000,9999.000,9999.000,9999.000,9999.000,9999.000
202604151712,   5.830,   6.507,9999.000,9999.000,9999.000,9999.000,9999.000,9999.000,9999.000
202604151718,   5.485,   6.067,9999.000,9999.000,9999.000,9999.000,9999.000,9999.000,9999.000
202604151724,   5.144,   5.749,9999.000,9999.000,9999.000,9999.000,9999.000,9999.000,9999.000
202604151730,   4.807,   5.448,9999.000,9999.000,9999.000,9999.000,9999.000,9999.000,9999.000
202604151736,   4.476,   5.087,9999.000,9999.000,9999.000,9999.000,9999.000,9999.000,9999.000
202604151742,   4.150,   4.778,9999.000,9999.000,9999.000,9999.000,9999.000,9999.000,9999.000
202604151748,   3.831,   4.388,9999.000,9999.000,9999.000,9999.000,9999.000,9999.000,9999.000
202604151754,   3.520,   4.198,9999.000,9999.000,9999.000,9999.000,9999.000,9999.000,9999.000
202604151800,   3.217,   3.808,   0.500,   0.091,   3.808,   0.400,   3.708,   0.600,   3.908
202604151806,   2.924,   3.568,9999.000,9999.000,9999.000,9999.000,9999.000,9999.000,9999.000
202604151812,   2.640,   3.207,9999.000,9999.000,9999.000,9999.000,9999.000,9999.000,9999.000
202604151818,   2.368,   3.079,9999.000,9999.000,9999.000,9999.000,9999.000,9999.000,9999.000
202604151824,   2.107,   2.610,9999.000,9999.000,9999.000,9999.000,9999.000,9999.000,9999.000
202604151830,   1.858,   2.499,9999.000,9999.000,9999.000,9999.000,9999.000,9999.000,9999.000
202604151836,   1.623,   2.168,9999.000,9999.000,9999.000,9999.000,9999.000,9999.000,9999.000
202604151842,   1.402,   1.908,9999.000,9999.000,9999.000,9999.000,9999.000,9999.000,9999.000
202604151848,   1.195,   1.869,9999.000,9999.000,9999.000,9999.000,9999.000,9999.000,9999.000
202604151854,   1.003,   1.518,9999.000,9999.000,9999.000,9999.000,9999.000,9999.000,9999.000
202604151900,   0.827,   1.308,   0.500,  -0.019,   1.308,   0.500,   1.308,   0.600,   1.408
202604151906,   0.668,   1.338,9999.000,9999.000,9999.000,9999.000,9999.000,9999.000,9999.000
202604151912,   0.526,   0.970,9999.000,9999.000,9999.000,9999.000,9999.000,9999.000,9999.000
202604151918,   0.400,   1.079,9999.000,9999.000,9999.000,9999.000,9999.000,9999.000,9999.000
202604151924,   0.293,   0.619,9999.000,9999.000,9999.000,9999.000,9999.000,9999.000,9999.000
202604151930,   0.204,   0.669,9999.000,9999.000,9999.000,9999.000,9999.000,9999.000,9999.000
202604151936,   0.133,   0.570,9999.000,9999.000,9999.000,9999.000,9999.000,9999.000,9999.000
202604151942,   0.081,   0.531,9999.000,9999.000,9999.000,9999.000,9999.000,9999.000,9999.000
202604151948,   0.047,   0.541,9999.000,9999.000,9999.000,9999.000,9999.000,9999.000,9999.000
202604151954,   0.033,   0.449,9999.000,9999.000,9999.000,9999.000,9999.000,9999.000,9999.000
202604152000,   0.037,   0.469,   0.600,  -0.168,   0.469,   0.500,   0.369,   0.600,   0.469
202604152006,   0.060,   0.541,9999.000,9999.000,9999.000,9999.000,9999.000,9999.000,9999.000
202604152012,   0.102,   0.629,9999.000,9999.000,9999.000,9999.000,9999.000,9999.000,9999.000
202604152018,   0.162,   0.518,9999.000,9999.000,9999.000,9999.000,9999.000,9999.000,9999.000
202604152024,   0.241,   0.698,9999.000,9999.000,9999.000,9999.000,9999.000,9999.000,9999.000
202604152030,   0.337,   0.869,9999.000,9999.000,9999.000,9999.000,9999.000,9999.000,9999.000
202604152036,   0.452,   0.819,9999.000,9999.000,9999.000,9999.000,9999.000,9999.000,9999.000
202604152042,   0.583,   1.049,9999.000,9999.000,9999.000,9999.000,9999.000,9999.000,9999.000
202604152048,   0.732,   1.098,9999.000,9999.000,9999.000,9999.000,9999.000,9999.000,9999.000
202604152054,   0.897,   1.410,9999.000,9999.000,9999.000,9999.000,9999.000,9999.000,9999.000
202604152100,   1.078,   1.518,   0.600,  -0.160,   1.518,   0.600,   1.518,   0.600,   1.518
202604152106,   1.275,   1.708,9999.000,9999.000,9999.000,9999.000,9999.000,9999.000,9999.000
202604152112,   1.486,   2.000,9999.000,9999.000,9999.000,9999.000,9999.000,9999.000,9999.000
202604152118,   1.712,   2.000,9999.000,9999.000,9999.000,9999.000,9999.000,9999.000,9999.000
202604152124,   1.951,   2.420,9999.000,9999.000,9999.000,9999.000,9999.000,9999.000,9999.000
202604152130,   2.203,   2.450,9999.000,9999.000,9999.000,9999.000,9999.000,9999.000,9999.000
202604152136,   2.468,   2.978,9999.000,9999.000,9999.000,9999.000,9999.000,9999.000,9999.000
202604152142,   2.745,   3.079,9999.000,9999.000,9999.000,9999.000,9999.000,9999.000,9999.000
202604152148,   3.033,   3.398,9999.000,9999.000,9999.000,9999.000,9999.000,9999.000,9999.000
202604152154,   3.331,   3.739,9999.000,9999.000,9999.000,9999.000,9999.000,9999.000,9999.000
202604152200,   3.640,   4.027,   0.600,  -0.213,   4.027,   0.600,   4.027,   0.700,   4.127
202604152206,   3.957,   4.368,9999.000,9999.000,9999.000,9999.000,9999.000,9999.000,9999.000
202604152212,   4.283,   4.690,9999.000,9999.000,9999.000,9999.000,9999.000,9999.000,9999.000
202604152218,   4.617,   5.097,9999.000,9999.000,9999.000,9999.000,9999.000,9999.000,9999.000
202604152224,   4.958,   5.257,9999.000,9999.000,9999.000,9999.000,9999.000,9999.000,9999.000
202604152230,   5.305,   5.858,9999.000,9999.000,9999.000,9999.000,9999.000,9999.000,9999.000
202604152236,   5.658,   5.969,9999.000,9999.000,9999.000,9999.000,9999.000,9999.000,9999.000
202604152242,   6.015,   6.507,9999.000,9999.000,9999.000,9999.000,9999.000,9999.000,9999.000
202604152248,   6.377,   6.756,9999.000,9999.000,9999.000,9999.000,9999.000,9999.000,9999.000
202604152254,   6.742,   7.176,9999.000,9999.000,9999.000,9999.000,9999.000,9999.000,9999.000
202604152300,   7.109,   7.488,   0.600,  -0.221,   7.488,   0.600,   7.488,   0.700,   7.588
202604152306,   7.478,   7.996,9999.000,9999.000,9999.000,9999.000,9999.000,9999.000,9999.000
202604152312,   7.847,   8.268,9999.000,9999.000,9999.000,9999.000,9999.000,9999.000,9999.000
202604152318,   8.217,   8.669,9999.000,9999.000,9999.000,9999.000,9999.000,9999.000,9999.000
202604152324,   8.585,   9.026,9999.000,9999.000,9999.000,9999.000,9999.000,9999.000,9999.000
202604152330,   8.951,   9.338,9999.000,9999.000,9999.000,9999.000,9999.000,9999.000,9999.000
202604152336,   9.315,   9.856,9999.000,9999.000,9999.000,9999.000,9999.000,9999.000,9999.000
202604152342,   9.674,  10.076,9999.000,9999.000,9999.000,9999.000,9999.000,9999.000,9999.000
202604152348,  10.029,  10.515,9999.000,9999.000,9999.000,9999.000,9999.000,9999.000,9999.000
202604152354,  10.377,  10.807,9999.000,9999.000,9999.000,9999.000,9999.000,9999.000,9999.000
202604160000,  10.719,  11.227,   0.600,  -0.092,  11.227,   0.600,  11.227,   0.700,  11.327
202604160006,  11.053,  11.466,9999.000,9999.000,9999.000,9999.000,9999.000,9999.000,9999.000
202604160012,  11.378,  11.926,9999.000,9999.000,9999.000,9999.000,9999.000,9999.000,9999.000
202604160018,  11.693,  12.116,9999.000,9999.000,9999.000,9999.000,9999.000,9999.000,9999.000
202604160024,  11.997,  12.545,9999.000,9999.000,9999.000,9999.000,9999.000,9999.000,9999.000
202604160030,  12.290,  12.696,9999.000,9999.000,9999.000,9999.000,9999.000,9999.000,9999.000
202604160036,  12.570,  13.156,9999.000,9999.000,9999.000,9999.000,9999.000,9999.000,9999.000
202604160042,  12.836,  13.326,9999.000,9999.000,9999.000,9999.000,9999.000,9999.000,9999.000
202604160048,  13.088,  13.546,9999.000,9999.000,9999.000,9999.000,9999.000,9999.000,9999.000
202604160054,  13.325,  13.936,9999.000,9999.000,9999.000,9999.000,9999.000,9999.000,9999.000
202604160100,  13.546,  14.044,   0.700,  -0.202,  14.044,   0.600,  13.944,   0.700,  14.044
202604160106,  13.750,  14.366,9999.000,9999.000,9999.000,9999.000,9999.000,9999.000,9999.000
202604160112,  13.937,  14.435,9999.000,9999.000,9999.000,9999.000,9999.000,9999.000,9999.000
202604160118,  14.105,  14.825,9999.000,9999.000,9999.000,9999.000,9999.000,9999.000,9999.000
202604160124,  14.256,  14.756,9999.000,9999.000,9999.000,9999.000,9999.000,9999.000,9999.000
202604160130,  14.387,  15.015,9999.000,9999.000,9999.000,9999.000,9999.000,9999.000,9999.000
202604160136,  14.498,  15.045,9999.000,9999.000,9999.000,9999.000,9999.000,9999.000,9999.000
202604160142,  14.590,  15.356,9999.000,9999.000,9999.000,9999.000,9999.000,9999.000,9999.000
202604160148,  14.662,  15.265,9999.000,9999.000,9999.000,9999.000,9999.000,9999.000,9999.000
202604160154,  14.714,  15.327,9999.000,9999.000,9999.000,9999.000,9999.000,9999.000,9999.000
202604160200,  14.745,  15.616,   0.700,   0.171,  15.616,   0.600,  15.516,   0.700,  15.616
202604160206,  14.756,  15.376,9999.000,9999.000,9999.000,9999.000,9999.000,9999.000,9999.000
202604160212,  14.746,  15.415,9999.000,9999.000,9999.000,9999.000,9999.000,9999.000,9999.000
202604160218,  14.716,  15.435,9999.000,9999.000,9999.000,9999.000,9999.000,9999.000,9999.000
202604160224,  14.666,  15.304,9999.000,9999.000,9999.000,9999.000,9999.000,9999.000,9999.000
202604160230,  14.596,  15.294,9999.000,9999.000,9999.000,9999.000,9999.000,9999.000,9999.000
202604160236,  14.506,  15.117,9999.000,9999.000,9999.000,9999.000,9999.000,9999.000,9999.000
202604160242,  14.396,  15.137,9999.000,9999.000,9999.000,9999.000,9999.000,9999.000,9999.000
202604160248,  14.268,  14.917,9999.000,9999.000,9999.000,9999.000,9999.000,9999.000,9999.000
202604160254,  14.121,  14.727,9999.000,9999.000,9999.000,9999.000,9999.000,9999.000,9999.000
202604160300,  13.956,  14.664,   0.600,   0.108,  14.664,   0.600,  14.664,   0.700,  14.764
202604160306,  13.774,  14.445,9999.000,9999.000,9999.000,9999.000,9999.000,9999.000,9999.000
202604160312,  13.574,  14.277,9999.000,9999.000,9999.000,9999.000,9999.000,9999.000,9999.000
202604160318,  13.359,  14.044,9999.000,9999.000,9999.000,9999.000,9999.000,9999.000,9999.000
202604160324,  13.127,  13.844,9999.000,9999.000,9999.000,9999.000,9999.000,9999.000,9999.000
202604160330,  12.881,  13.526,9999.000,9999.000,9999.000,9999.000,9999.000,9999.000,9999.000
202604160336,  12.621,  13.438,9999.000,9999.000,9999.000,9999.000,9999.000,9999.000,9999.000
202604160342,  12.347,  13.067,9999.000,9999.000,9999.000,9999.000,9999.000,9999.000,9999.000
202604160348,  12.060,  12.696,9999.000,9999.000,9999.000,9999.000,9999.000,9999.000,9999.000
202604160354,  11.762,  12.555,9999.000,9999.000,9999.000,9999.000,9999.000,9999.000,9999.000
202604160400,  11.452,  12.257,   0.600,   0.205,  12.257,   0.600,  12.257,   0.700,  12.357
202604160406,  11.133,  11.935,9999.000,9999.000,9999.000,9999.000,9999.000,9999.000,9999.000
202604160412,  10.803,  11.525,9999.000,9999.000,9999.000,9999.000,9999.000,9999.000,9999.000
202604160418,  10.466,  11.335,9999.000,9999.000,9999.000,9999.000,9999.000,9999.000,9999.000
202604160424,  10.120,  10.866,9999.000,9999.000,9999.000,9999.000,9999.000,9999.000,9999.000
202604160430,   9.768,  10.515,9999.000,9999.000,9999.000,9999.000,9999.000,9999.000,9999.000
202604160436,   9.409,  10.177,9999.000,9999.000,9999.000,9999.000,9999.000,9999.000,9999.000
202604160442,   9.046,   9.797,9999.000,9999.000,9999.000,9999.000,9999.000,9999.000,9999.000
202604160448,   8.678,   9.479,9999.000,9999.000,9999.000,9999.000,9999.000,9999.000,9999.000
202604160454,   8.306,   9.026,9999.000,9999.000,9999.000,9999.000,9999.000,9999.000,9999.000
202604160500,   7.932,   8.859,   0.600,   0.327,   8.859,   0.600,   8.859,   0.600,   8.859
202604160506,   7.556,   8.337,9999.000,9999.000,9999.000,9999.000,9999.000,9999.000,9999.000
202604160512,   7.178,   8.068,9999.000,9999.000,9999.000,9999.000,9999.000,9999.000,9999.000
202604160518,   6.801,   7.566,9999.000,9999.000,9999.000,9999.000,9999.000,9999.000,9999.000
202604160524,   6.424,   7.327,9999.000,9999.000,9999.000,9999.000,9999.000,9999.000,9999.000
202604160530,   6.049,   6.868,9999.000,9999.000,9999.000,9999.000,9999.000,9999.000,9999.000
202604160536,   5.676,   6.556,9999.000,9999.000,9999.000,9999.000,9999.000,9999.000,9999.000
202604160542,   5.306,   6.117,9999.000,9999.000,9999.000,9999.000,9999.000,9999.000,9999.000
202604160548,   4.941,   5.789,9999.000,9999.000,9999.000,9999.000,9999.000,9999.000,9999.000
202604160554,   4.580,   5.398,9999.000,9999.000,9999.000,9999.000,9999.000,9999.000,9999.000
202604160600,   4.225,   5.077,   0.600,   0.252,   5.077,   0.500,   4.977,   0.600,   5.077
202604160606,   3.876,   4.628,9999.000,9999.000,9999.000,9999.000,9999.000,9999.000,9999.000
202604160612,   3.535,   4.437,9999.000,9999.000,9999.000,9999.000,9999.000,9999.000,9999.000
202604160618,   3.202,   4.008,9999.000,9999.000,9999.000,9999.000,9999.000,9999.000,9999.000
202604160624,   2.878,   3.768,9999.000,9999.000,9999.000,9999.000,9999.000,9999.000,9999.000
202604160630,   2.564,   3.417,9999.000,9999.000,9999.000,9999.000,9999.000,9999.000,9999.000
202604160636,   2.260,   3.099,9999.000,9999.000,9999.000,9999.000,9999.000,9999.000,9999.000
202604160642,   1.969,   2.840,9999.000,9999.000,9999.000,9999.000,9999.000,9999.000,9999.000
202604160648,   1.690,   2.459,9999.000,9999.000,9999.000,9999.000,9999.000,9999.000,9999.000
202604160654,   1.423,   2.250,9999.000,9999.000,9999.000,9999.000,9999.000,9999.000,9999.000
202604160700,   1.171,   1.958,   0.600,   0.187,   1.958,   0.500,   1.858,   0.600,   1.958
202604160706,   0.934,   1.699,9999.000,9999.000,9999.000,9999.000,9999.000,9999.000,9999.000
202604160712,   0.711,   1.469,9999.000,9999.000,9999.000,9999.000,9999.000,9999.000,9999.000
202604160718,   0.505,   1.380,9999.000,9999.000,9999.000,9999.000,9999.000,9999.000,9999.000
202604160724,   0.316,   1.108,9999.000,9999.000,9999.000,9999.000,9999.000,9999.000,9999.000
202604160730,   0.143,   1.049,9999.000,9999.000,9999.000,9999.000,9999.000,9999.000,9999.000
202604160736,  -0.010,   0.888,9999.000,9999.000,9999.000,9999.000,9999.000,9999.000,9999.000
202604160742,  -0.147,   0.498,9999.000,9999.000,9999.000,9999.000,9999.000,9999.000,9999.000
202604160748,  -0.264,   0.669,9999.000,9999.000,9999.000,9999.000,9999.000,9999.000,9999.000
202604160754,  -0.363,   0.390,9999.000,9999.000,9999.000,9999.000,9999.000,9999.000,9999.000
202604160800,  -0.443,   0.390,   0.600,   0.233,   0.390,   0.500,   0.290,   0.600,   0.390
202604160806,  -0.503,   0.400,9999.000,9999.000,9999.000,9999.000,9999.000,9999.000,9999.000
202604160812,  -0.543,   0.160,9999.000,9999.000,9999.000,9999.000,9999.000,9999.000,9999.000
202604160818,  -0.564,   0.350,9999.000,9999.000,9999.000,9999.000,9999.000,9999.000,9999.000
202604160824,  -0.565,   0.229,9999.000,9999.000,9999.000,9999.000,9999.000,9999.000,9999.000
202604160830,  -0.546,   0.239,9999.000,9999.000,9999.000,9999.000,9999.000,9999.000,9999.000
202604160836,  -0.508,   0.390,9999.000,9999.000,9999.000,9999.000,9999.000,9999.000,9999.000
202604160842,  -0.450,   0.298,9999.000,9999.000,9999.000,9999.000,9999.000,9999.000,9999.000
202604160848,  -0.373,   0.498,9999.000,9999.000,9999.000,9999.000,9999.000,9999.000,9999.000
202604160854,  -0.277,   0.449,9999.000,9999.000,9999.000,9999.000,9999.000,9999.000,9999.000
202604160900,  -0.163,   0.770,   0.600,   0.333,   0.770,   0.600,   0.770,   0.600,   0.770
202604160906,  -0.030,   0.839,9999.000,9999.000,9999.000,9999.000,9999.000,9999.000,9999.000
202604160912,   0.119,   0.849,9999.000,9999.000,9999.000,9999.000,9999.000,9999.000,9999.000
202604160918,   0.287,   1.180,9999.000,9999.000,9999.000,9999.000,9999.000,9999.000,9999.000
202604160924,   0.471,   1.328,9999.000,9999.000,9999.000,9999.000,9999.000,9999.000,9999.000
202604160930,   0.672,   1.479,9999.000,9999.000,9999.000,9999.000,9999.000,9999.000,9999.000
202604160936,   0.888,   1.679,9999.000,9999.000,9999.000,9999.000,9999.000,9999.000,9999.000
202604160942,   1.119,   1.918,9999.000,9999.000,9999.000,9999.000,9999.000,9999.000,9999.000
202604160948,   1.365,   2.128,9999.000,9999.000,9999.000,9999.000,9999.000,9999.000,9999.000
202604160954,   1.624,   2.377,9999.000,9999.000,9999.000,9999.000,9999.000,9999.000,9999.000
202604161000,   1.897,   2.620,   0.600,   0.123,   2.620,   0.600,   2.620,   0.600,   2.620
202604161006,   2.182,   2.840,9999.000,9999.000,9999.000,9999.000,9999.000,9999.000,9999.000
202604161012,   2.479,   3.217,9999.000,9999.000,9999.000,9999.000,9999.000,9999.000,9999.000
202604161018,   2.787,   3.368,9999.000,9999.000,9999.000,9999.000,9999.000,9999.000,9999.000
202604161024,   3.105,   3.778,9999.000,9999.000,9999.000,9999.000,9999.000,9999.000,9999.000
202604161030,   3.433,   4.027,9999.000,9999.000,9999.000,9999.000,9999.000,9999.000,9999.000
202604161036,   3.770,   4.480,9999.000,9999.000,9999.000,9999.000,9999.000,9999.000,9999.000
202604161042,   4.115,   4.729,9999.000,9999.000,9999.000,9999.000,9999.000,9999.000,9999.000
202604161048,   4.468,   5.129,9999.000,9999.000,9999.000,9999.000,9999.000,9999.000,9999.000
202604161054,   4.828,   5.507,9999.000,9999.000,9999.000,9999.000,9999.000,9999.000,9999.000
202604161100,   5.193,   5.887,   0.600,   0.094,   5.887,   0.600,   5.887,   0.700,   5.987
202604161106,   5.564,   6.317,9999.000,9999.000,9999.000,9999.000,9999.000,9999.000,9999.000
202604161112,   5.938,   6.546,9999.000,9999.000,9999.000,9999.000,9999.000,9999.000,9999.000
202604161118,   6.317,   6.966,9999.000,9999.000,9999.000,9999.000,9999.000,9999.000,9999.000
202604161124,   6.698,   7.337,9999.000,9999.000,9999.000,9999.000,9999.000,9999.000,9999.000
202604161130,   7.081,   7.629,9999.000,9999.000,9999.000,9999.000,9999.000,9999.000,9999.000
202604161136,   7.465,   8.167,9999.000,9999.000,9999.000,9999.000,9999.000,9999.000,9999.000
202604161142,   7.848,   8.416,9999.000,9999.000,9999.000,9999.000,9999.000,9999.000,9999.000
202604161148,   8.231,   8.816,9999.000,9999.000,9999.000,9999.000,9999.000,9999.000,9999.000
202604161154,   8.611,   9.138,9999.000,9999.000,9999.000,9999.000,9999.000,9999.000,9999.000
202604161200,   8.989,   9.508,   0.700,  -0.181,   9.508,   0.600,   9.408,   0.700,   9.508
202604161206,   9.363,   9.767,9999.000,9999.000,9999.000,9999.000,9999.000,9999.000,9999.000
202604161212,   9.732,  10.227,9999.000,9999.000,9999.000,9999.000,9999.000,9999.000,9999.000
202604161218,  10.095,  10.568,9999.000,9999.000,9999.000,9999.000,9999.000,9999.000,9999.000
202604161224,  10.451,  10.938,9999.000,9999.000,9999.000,9999.000,9999.000,9999.000,9999.000
202604161230,  10.799,  11.296,9999.000,9999.000,9999.000,9999.000,9999.000,9999.000,9999.000
202604161236,  11.137,  11.637,9999.000,9999.000,9999.000,9999.000,9999.000,9999.000,9999.000
202604161242,  11.466,  11.998,9999.000,9999.000,9999.000,9999.000,9999.000,9999.000,9999.000
202604161248,  11.784,  12.267,9999.000,9999.000,9999.000,9999.000,9999.000,9999.000,9999.000
202604161254,  12.090,  12.627,9999.000,9999.000,9999.000,9999.000,9999.000,9999.000,9999.000
202604161300,  12.383,  12.896,   0.700,  -0.187,  12.896,   0.600,  12.796,   0.800,  12.996
202604161306,  12.661,  13.205,9999.000,9999.000,9999.000,9999.000,9999.000,9999.000,9999.000
202604161312,  12.926,  13.297,9999.000,9999.000,9999.000,9999.000,9999.000,9999.000,9999.000
202604161318,  13.174,  13.785,9999.000,9999.000,9999.000,9999.000,9999.000,9999.000,9999.000
202604161324,  13.406,  13.917,9999.000,9999.000,9999.000,9999.000,9999.000,9999.000,9999.000
202604161330,  13.621,  14.077,9999.000,9999.000,9999.000,9999.000,9999.000,9999.000,9999.000
202604161336,  13.818,  14.317,9999.000,9999.000,9999.000,9999.000,9999.000,9999.000,9999.000
202604161342,  13.997,  14.635,9999.000,9999.000,9999.000,9999.000,9999.000,9999.000,9999.000
202604161348,  14.156,  14.707,9999.000,9999.000,9999.000,9999.000,9999.000,9999.000,9999.000
202604161354,  14.296,  14.815,9999.000,9999.000,9999.000,9999.000,9999.000,9999.000,9999.000
202604161400,  14.416,  14.884,   0.700,  -0.232,  14.884,   0.600,  14.784,   0.700,  14.884
202604161406,  14.516,  15.025,9999.000,9999.000,9999.000,9999.000,9999.000,9999.000,9999.000
202604161412,  14.595,  15.127,9999.000,9999.000,9999.000,9999.000,9999.000,9999.000,9999.000
202604161418,  14.653,  15.107,9999.000,9999.000,9999.000,9999.000,9999.000,9999.000,9999.000
202604161424,  14.690,  15.317,9999.000,9999.000,9999.000,9999.000,9999.000,9999.000,9999.000
202604161430,  14.706,  15.065,9999.000,9999.000,9999.000,9999.000,9999.000,9999.000,9999.000
202604161436,  14.701,  15.094,9999.000,9999.000,9999.000,9999.000,9999.000,9999.000,9999.000
202604161442,  14.675,  15.245,9999.000,9999.000,9999.000,9999.000,9999.000,9999.000,9999.000
202604161448,  14.629,  15.035,9999.000,9999.000,9999.000,9999.000,9999.000,9999.000,9999.000
202604161454,  14.561,  14.884,9999.000,9999.000,9999.000,9999.000,9999.000,9999.000,9999.000
202604161500,  14.474,  14.855,   0.700,  -0.319,  14.855,   0.700,  14.855,   0.700,  14.855
202604161506,  14.366,  14.917,9999.000,9999.000,9999.000,9999.000,9999.000,9999.000,9999.000
202604161512,  14.239,  14.645,9999.000,9999.000,9999.000,9999.000,9999.000,9999.000,9999.000
202604161518,  14.092,  14.376,9999.000,9999.000,9999.000,9999.000,9999.000,9999.000,9999.000
202604161524,  13.928,  14.415,9999.000,9999.000,9999.000,9999.000,9999.000,9999.000,9999.000
202604161530,  13.745,  14.136,9999.000,9999.000,9999.000,9999.000,9999.000,9999.000,9999.000
202604161536,  13.545,  13.887,9999.000,9999.000,9999.000,9999.000,9999.000,9999.000,9999.000
202604161542,  13.328,  13.775,9999.000,9999.000,9999.000,9999.000,9999.000,9999.000,9999.000
202604161548,  13.095,  13.634,9999.000,9999.000,9999.000,9999.000,9999.000,9999.000,9999.000
202604161554,  12.847,  13.277,9999.000,9999.000,9999.000,9999.000,9999.000,9999.000,9999.000
202604161600,  12.584,  13.077,   0.700,  -0.207,  13.077,   0.600,  12.977,   0.700,  13.077
202604161606,  12.307,  12.916,9999.000,9999.000,9999.000,9999.000,9999.000,9999.000,9999.000
202604161612,  12.018,  12.545,9999.000,9999.000,9999.000,9999.000,9999.000,9999.000,9999.000
202604161618,  11.716,  12.165,9999.000,9999.000,9999.000,9999.000,9999.000,9999.000,9999.000
202604161624,  11.404,  11.886,9999.000,9999.000,9999.000,9999.000,9999.000,9999.000,9999.000
202604161630,  11.081,  11.545,9999.000,9999.000,9999.000,9999.000,9999.000,9999.000,9999.000
202604161636,  10.748,  11.207,9999.000,9999.000,9999.000,9999.000,9999.000,9999.000,9999.000
202604161642,  10.407,  10.778,9999.000,9999.000,9999.000,9999.000,9999.000,9999.000,9999.000
202604161648,  10.058,  10.397,9999.000,9999.000,9999.000,9999.000,9999.000,9999.000,9999.000
202604161654,   9.702,  10.158,9999.000,9999.000,9999.000,9999.000,9999.000,9999.000,9999.000
202604161700,   9.340,   9.675,   0.700,  -0.365,   9.675,   0.700,   9.675,   0.700,   9.675
202604161706,   8.973,   9.498,9999.000,9999.000,9999.000,9999.000,9999.000,9999.000,9999.000
202604161712,   8.602,   8.967,9999.000,9999.000,9999.000,9999.000,9999.000,9999.000,9999.000
202604161718,   8.228,   8.747,9999.000,9999.000,9999.000,9999.000,9999.000,9999.000,9999.000
202604161724,   7.851,   8.239,9999.000,9999.000,9999.000,9999.000,9999.000,9999.000,9999.000
202604161730,   7.472,   8.039,9999.000,9999.000,9999.000,9999.000,9999.000,9999.000,9999.000
202604161736,   7.093,   7.507,9999.000,9999.000,9999.000,9999.000,9999.000,9999.000,9999.000
202604161742,   6.714,   7.268,9999.000,9999.000,9999.000,9999.000,9999.000,9999.000,9999.000
202604161748,   6.336,   6.717,9999.000,9999.000,9999.000,9999.000,9999.000,9999.000,9999.000
202604161754,   5.960,   6.399,9999.000,9999.000,9999.000,9999.000,9999.000,9999.000,9999.000
202604161800,   5.587,   6.008,   0.700,  -0.279,   6.008,   0.700,   6.008,   0.700,   6.008
202604161806,   5.218,   5.697,9999.000,9999.000,9999.000,9999.000,9999.000,9999.000,9999.000
202604161812,   4.853,   5.208,9999.000,9999.000,9999.000,9999.000,9999.000,9999.000,9999.000
202604161818,   4.493,   4.919,9999.000,9999.000,9999.000,9999.000,9999.000,9999.000,9999.000
202604161824,   4.140,   4.667,9999.000,9999.000,9999.000,9999.000,9999.000,9999.000,9999.000
202604161830,   3.794,   4.188,9999.000,9999.000,9999.000,9999.000,9999.000,9999.000,9999.000
202604161836,   3.455,   3.919,9999.000,9999.000,9999.000,9999.000,9999.000,9999.000,9999.000
202604161842,   3.126,   3.607,9999.000,9999.000,9999.000,9999.000,9999.000,9999.000,9999.000
202604161848,   2.806,   3.188,9999.000,9999.000,9999.000,9999.000,9999.000,9999.000,9999.000
202604161854,   2.497,   3.060,9999.000,9999.000,9999.000,9999.000,9999.000,9999.000,9999.000
202604161900,   2.200,   2.660,   0.700,  -0.240,   2.660,   0.600,   2.560,   0.700,   2.660
202604161906,   1.914,   2.479,9999.000,9999.000,9999.000,9999.000,9999.000,9999.000,9999.000
202604161912,   1.642,   2.089,9999.000,9999.000,9999.000,9999.000,9999.000,9999.000,9999.000
202604161918,   1.383,   1.928,9999.000,9999.000,9999.000,9999.000,9999.000,9999.000,9999.000
202604161924,   1.139,   1.620,9999.000,9999.000,9999.000,9999.000,9999.000,9999.000,9999.000
202604161930,   0.911,   1.400,9999.000,9999.000,9999.000,9999.000,9999.000,9999.000,9999.000
202604161936,   0.698,   1.279,9999.000,9999.000,9999.000,9999.000,9999.000,9999.000,9999.000
202604161942,   0.503,   1.029,9999.000,9999.000,9999.000,9999.000,9999.000,9999.000,9999.000
202604161948,   0.324,   0.908,9999.000,9999.000,9999.000,9999.000,9999.000,9999.000,9999.000
202604161954,   0.163,   0.751,9999.000,9999.000,9999.000,9999.000,9999.000,9999.000,9999.000
202604162000,   0.021,   0.600,   0.700,  -0.121,   0.600,   0.600,   0.500,   0.700,   0.600
202604162006,  -0.101,   0.488,9999.000,9999.000,9999.000,9999.000,9999.000,9999.000,9999.000
202604162012,  -0.205,   0.229,9999.000,9999.000,9999.000,9999.000,9999.000,9999.000,9999.000
202604162018,  -0.289,   0.469,9999.000,9999.000,9999.000,9999.000,9999.000,9999.000,9999.000
202604162024,  -0.354,   0.111,9999.000,9999.000,9999.000,9999.000,9999.000,9999.000,9999.000
202604162030,  -0.398,   0.131,9999.000,9999.000,9999.000,9999.000,9999.000,9999.000,9999.000
202604162036,  -0.422,   0.131,9999.000,9999.000,9999.000,9999.000,9999.000,9999.000,9999.000
202604162042,  -0.426,   0.000,9999.000,9999.000,9999.000,9999.000,9999.000,9999.000,9999.000
202604162048,  -0.409,   0.219,9999.000,9999.000,9999.000,9999.000,9999.000,9999.000,9999.000
202604162054,  -0.372,   0.078,9999.000,9999.000,9999.000,9999.000,9999.000,9999.000,9999.000
202604162100,  -0.315,   0.308,   0.700,  -0.077,   0.308,   0.600,   0.208,   0.700,   0.308
202604162106,  -0.238,   0.360,9999.000,9999.000,9999.000,9999.000,9999.000,9999.000,9999.000
202604162112,  -0.141,   0.488,9999.000,9999.000,9999.000,9999.000,9999.000,9999.000,9999.000
202604162118,  -0.025,   0.610,9999.000,9999.000,9999.000,9999.000,9999.000,9999.000,9999.000
202604162124,   0.110,   0.698,9999.000,9999.000,9999.000,9999.000,9999.000,9999.000,9999.000
202604162130,   0.264,   0.879,9999.000,9999.000,9999.000,9999.000,9999.000,9999.000,9999.000
202604162136,   0.436,   1.128,9999.000,9999.000,9999.000,9999.000,9999.000,9999.000,9999.000
202604162142,   0.625,   1.239,9999.000,9999.000,9999.000,9999.000,9999.000,9999.000,9999.000
202604162148,   0.832,   1.489,9999.000,9999.000,9999.000,9999.000,9999.000,9999.000,9999.000
202604162154,   1.055,   1.718,9999.000,9999.000,9999.000,9999.000,9999.000,9999.000,9999.000
202604162200,   1.295,   1.967,   0.700,  -0.028,   1.967,   0.700,   1.967,   0.800,   2.067
202604162206,   1.549,   2.230,9999.000,9999.000,9999.000,9999.000,9999.000,9999.000,9999.000
202604162212,   1.818,   2.469,9999.000,9999.000,9999.000,9999.000,9999.000,9999.000,9999.000
202604162218,   2.101,   2.699,9999.000,9999.000,9999.000,9999.000,9999.000,9999.000,9999.000
202604162224,   2.397,   2.978,9999.000,9999.000,9999.000,9999.000,9999.000,9999.000,9999.000
202604162230,   2.705,   3.398,9999.000,9999.000,9999.000,9999.000,9999.000,9999.000,9999.000
202604162236,   3.026,   3.578,9999.000,9999.000,9999.000,9999.000,9999.000,9999.000,9999.000
202604162242,   3.357,   3.689,9999.000,9999.000,9999.000,9999.000,9999.000,9999.000,9999.000
202604162248,   3.699,   4.457,9999.000,9999.000,9999.000,9999.000,9999.000,9999.000,9999.000
202604162254,   4.050,   4.427,9999.000,9999.000,9999.000,9999.000,9999.000,9999.000,9999.000
202604162300,   4.409,   5.129,   0.800,  -0.080,   5.129,   0.700,   5.029,   0.800,   5.129
202604162306,   4.777,   5.169,9999.000,9999.000,9999.000,9999.000,9999.000,9999.000,9999.000
202604162312,   5.152,   5.887,9999.000,9999.000,9999.000,9999.000,9999.000,9999.000,9999.000
202604162318,   5.533,   5.969,9999.000,9999.000,9999.000,9999.000,9999.000,9999.000,9999.000
202604162324,   5.920,   6.579,9999.000,9999.000,9999.000,9999.000,9999.000,9999.000,9999.000
202604162330,   6.311,   6.887,9999.000,9999.000,9999.000,9999.000,9999.000,9999.000,9999.000
202604162336,   6.706,   7.429,9999.000,9999.000,9999.000,9999.000,9999.000,9999.000,9999.000
202604162342,   7.104,   7.688,9999.000,9999.000,9999.000,9999.000,9999.000,9999.000,9999.000
202604162348,   7.504,   8.167,9999.000,9999.000,9999.000,9999.000,9999.000,9999.000,9999.000
202604162354,   7.905,   8.478,9999.000,9999.000,9999.000,9999.000,9999.000,9999.000,9999.000
202604170000,   8.306,   8.908,   0.600,   0.002,   8.908,   0.600,   8.908,   0.600,   8.908
202604170006,   8.706,   9.479,9999.000,9999.000,9999.000,9999.000,9999.000,9999.000,9999.000
202604170012,   9.104,   9.718,9999.000,9999.000,9999.000,9999.000,9999.000,9999.000,9999.000
202604170018,   9.500,  10.108,9999.000,9999.000,9999.000,9999.000,9999.000,9999.000,9999.000
202604170024,   9.891,  10.587,9999.000,9999.000,9999.000,9999.000,9999.000,9999.000,9999.000
202604170030,  10.278,  10.896,9999.000,9999.000,9999.000,9999.000,9999.000,9999.000,9999.000
202604170036,  10.659,  11.388,9999.000,9999.000,9999.000,9999.000,9999.000,9999.000,9999.000
202604170042,  11.032,  11.568,9999.000,9999.000,9999.000,9999.000,9999.000,9999.000,9999.000
202604170048,  11.398,  12.076,9999.000,9999.000,9999.000,9999.000,9999.000,9999.000,9999.000
202604170054,  11.754,  12.486,9999.000,9999.000,9999.000,9999.000,9999.000,9999.000,9999.000
202604170100,  12.100,  12.785,   0.600,   0.085,  12.785,   0.600,  12.785,   0.700,  12.885
202604170106,  12.435,  13.136,9999.000,9999.000,9999.000,9999.000,9999.000,9999.000,9999.000
202604170112,  12.758,  13.438,9999.000,9999.000,9999.000,9999.000,9999.000,9999.000,9999.000
202604170118,  13.067,  13.805,9999.000,9999.000,9999.000,9999.000,9999.000,9999.000,9999.000
202604170124,  13.362,  14.054,9999.000,9999.000,9999.000,9999.000,9999.000,9999.000,9999.000
202604170130,  13.642,  14.336,9999.000,9999.000,9999.000,9999.000,9999.000,9999.000,9999.000
202604170136,  13.905,  14.586,9999.000,9999.000,9999.000,9999.000,9999.000,9999.000,9999.000
202604170142,  14.152,  14.946,9999.000,9999.000,9999.000,9999.000,9999.000,9999.000,9999.000
202604170148,  14.381,  15.147,9999.000,9999.000,9999.000,9999.000,9999.000,9999.000,9999.000
202604170154,  14.591,  15.225,9999.000,9999.000,9999.000,9999.000,9999.000,9999.000,9999.000
202604170200,  14.782,  15.606,   0.700,   0.124,  15.606,   0.600,  15.506,   0.700,  15.606
202604170206,  14.954,  15.606,9999.000,9999.000,9999.000,9999.000,9999.000,9999.000,9999.000
202604170212,  15.104,  15.806,9999.000,9999.000,9999.000,9999.000,9999.000,9999.000,9999.000
202604170218,  15.234,  15.924,9999.000,9999.000,9999.000,9999.000,9999.000,9999.000,9999.000
202604170224,  15.342,  15.976,9999.000,9999.000,9999.000,9999.000,9999.000,9999.000,9999.000
202604170230,  15.429,  16.134,9999.000,9999.000,9999.000,9999.000,9999.000,9999.000,9999.000
202604170236,  15.494,  16.114,9999.000,9999.000,9999.000,9999.000,9999.000,9999.000,9999.000
202604170242,  15.536,  16.235,9999.000,9999.000,9999.000,9999.000,9999.000,9999.000,9999.000
202604170248,  15.556,  16.104,9999.000,9999.000,9999.000,9999.000,9999.000,9999.000,9999.000
202604170254,  15.553,  16.055,9999.000,9999.000,9999.000,9999.000,9999.000,9999.000,9999.000
202604170300,  15.529,  16.245,   0.700,   0.016,  16.245,   0.600,  16.145,   0.700,  16.245
202604170306,  15.482,  16.055,9999.000,9999.000,9999.000,9999.000,9999.000,9999.000,9999.000
202604170312,  15.413,  15.885,9999.000,9999.000,9999.000,9999.000,9999.000,9999.000,9999.000
202604170318,  15.322,  15.986,9999.000,9999.000,9999.000,9999.000,9999.000,9999.000,9999.000
202604170324,  15.209,  15.796,9999.000,9999.000,9999.000,9999.000,9999.000,9999.000,9999.000
202604170330,  15.076,  15.714,9999.000,9999.000,9999.000,9999.000,9999.000,9999.000,9999.000
202604170336,  14.921,  15.386,9999.000,9999.000,9999.000,9999.000,9999.000,9999.000,9999.000
202604170342,  14.747,  15.366,9999.000,9999.000,9999.000,9999.000,9999.000,9999.000,9999.000
202604170348,  14.553,  15.005,9999.000,9999.000,9999.000,9999.000,9999.000,9999.000,9999.000
202604170354,  14.340,  14.966,9999.000,9999.000,9999.000,9999.000,9999.000,9999.000,9999.000
202604170400,  14.109,  14.664,   0.700,  -0.145,  14.664,   0.600,  14.564,   0.700,  14.664
202604170406,  13.860,  14.245,9999.000,9999.000,9999.000,9999.000,9999.000,9999.000,9999.000
202604170412,  13.595,  14.287,9999.000,9999.000,9999.000,9999.000,9999.000,9999.000,9999.000
202604170418,  13.313,  13.756,9999.000,9999.000,9999.000,9999.000,9999.000,9999.000,9999.000
202604170424,  13.017,  13.766,9999.000,9999.000,9999.000,9999.000,9999.000,9999.000,9999.000
202604170430,  12.706,  13.028,9999.000,9999.000,9999.000,9999.000,9999.000,9999.000,9999.000
202604170436,  12.382,  13.146,9999.000,9999.000,9999.000,9999.000,9999.000,9999.000,9999.000
202604170442,  12.045,  12.477,9999.000,9999.000,9999.000,9999.000,9999.000,9999.000,9999.000
202604170448,  11.696,  12.427,9999.000,9999.000,9999.000,9999.000,9999.000,9999.000,9999.000
202604170454,  11.337,  11.965,9999.000,9999.000,9999.000,9999.000,9999.000,9999.000,9999.000
202604170500,  10.968,  11.476,   0.700,  -0.192,  11.476,   0.600,  11.376,   0.700,  11.476
202604170506,  10.590,  11.227,9999.000,9999.000,9999.000,9999.000,9999.000,9999.000,9999.000
202604170512,  10.205,  10.958,9999.000,9999.000,9999.000,9999.000,9999.000,9999.000,9999.000
202604170518,   9.812,  10.397,9999.000,9999.000,9999.000,9999.000,9999.000,9999.000,9999.000
202604170524,   9.414,  10.158,9999.000,9999.000,9999.000,9999.000,9999.000,9999.000,9999.000
202604170530,   9.010,   9.318,9999.000,9999.000,9999.000,9999.000,9999.000,9999.000,9999.000
202604170536,   8.602,   9.597,9999.000,9999.000,9999.000,9999.000,9999.000,9999.000,9999.000
202604170542,   8.192,   8.688,9999.000,9999.000,9999.000,9999.000,9999.000,9999.000,9999.000
202604170548,   7.779,   8.908,9999.000,9999.000,9999.000,9999.000,9999.000,9999.000,9999.000
202604170554,   7.365,   7.648,9999.000,9999.000,9999.000,9999.000,9999.000,9999.000,9999.000
202604170600,   6.950,   7.996,   0.600,   0.446,   7.996,   0.600,   7.996,   0.600,   7.996
202604170606,   6.537,   6.887,9999.000,9999.000,9999.000,9999.000,9999.000,9999.000,9999.000
202604170612,   6.124,   6.927,9999.000,9999.000,9999.000,9999.000,9999.000,9999.000,9999.000
202604170618,   5.714,   6.136,9999.000,9999.000,9999.000,9999.000,9999.000,9999.000,9999.000
202604170624,   5.308,   6.268,9999.000,9999.000,9999.000,9999.000,9999.000,9999.000,9999.000
202604170630,   4.905,   5.579,9999.000,9999.000,9999.000,9999.000,9999.000,9999.000,9999.000
202604170636,   4.508,   5.057,9999.000,9999.000,9999.000,9999.000,9999.000,9999.000,9999.000
202604170642,   4.117,   4.788,9999.000,9999.000,9999.000,9999.000,9999.000,9999.000,9999.000
202604170648,   3.733,   4.667,9999.000,9999.000,9999.000,9999.000,9999.000,9999.000,9999.000
202604170654,   3.357,   4.188,9999.000,9999.000,9999.000,9999.000,9999.000,9999.000,9999.000
202604170700,   2.989,   3.827,   0.600,   0.238,   3.827,   0.500,   3.727,   0.600,   3.827
202604170706,   2.631,   3.260,9999.000,9999.000,9999.000,9999.000,9999.000,9999.000,9999.000
202604170712,   2.284,   3.007,9999.000,9999.000,9999.000,9999.000,9999.000,9999.000,9999.000
202604170718,   1.948,   2.748,9999.000,9999.000,9999.000,9999.000,9999.000,9999.000,9999.000
202604170724,   1.624,   2.338,9999.000,9999.000,9999.000,9999.000,9999.000,9999.000,9999.000
202604170730,   1.313,   2.191,9999.000,9999.000,9999.000,9999.000,9999.000,9999.000,9999.000
202604170736,   1.016,   1.380,9999.000,9999.000,9999.000,9999.000,9999.000,9999.000,9999.000
202604170742,   0.734,   1.689,9999.000,9999.000,9999.000,9999.000,9999.000,9999.000,9999.000
202604170748,   0.468,   1.518,9999.000,9999.000,9999.000,9999.000,9999.000,9999.000,9999.000
202604170754,   0.217,   0.898,9999.000,9999.000,9999.000,9999.000,9999.000,9999.000,9999.000
202604170800,  -0.015,   0.859,   0.500,   0.374,   0.859,   0.500,   0.859,   0.600,   0.959
202604170806,  -0.231,   0.459,9999.000,9999.000,9999.000,9999.000,9999.000,9999.000,9999.000
202604170812,  -0.429,   0.209,9999.000,9999.000,9999.000,9999.000,9999.000,9999.000,9999.000
202604170818,  -0.608,   0.531,9999.000,9999.000,9999.000,9999.000,9999.000,9999.000,9999.000
202604170824,  -0.768,  -0.180,9999.000,9999.000,9999.000,9999.000,9999.000,9999.000,9999.000
202604170830,  -0.908,  -0.111,9999.000,9999.000,9999.000,9999.000,9999.000,9999.000,9999.000
202604170836,  -1.027,  -0.508,9999.000,9999.000,9999.000,9999.000,9999.000,9999.000,9999.000
202604170842,  -1.127,  -0.341,9999.000,9999.000,9999.000,9999.000,9999.000,9999.000,9999.000
202604170848,  -1.205,  -0.249,9999.000,9999.000,9999.000,9999.000,9999.000,9999.000,9999.000
202604170854,  -1.262,  -0.439,9999.000,9999.000,9999.000,9999.000,9999.000,9999.000,9999.000
202604170900,  -1.298,  -0.229,   0.500,   0.569,  -0.229,   0.500,  -0.229,   0.600,  -0.129
202604170906,  -1.313,  -0.619,9999.000,9999.000,9999.000,9999.000,9999.000,9999.000,9999.000
202604170912,  -1.307,  -0.380,9999.000,9999.000,9999.000,9999.000,9999.000,9999.000,9999.000
202604170918,  -1.279,  -0.498,9999.000,9999.000,9999.000,9999.000,9999.000,9999.000,9999.000
202604170924,  -1.231,  -0.341,9999.000,9999.000,9999.000,9999.000,9999.000,9999.000,9999.000
202604170930,  -1.161,  -0.019,9999.000,9999.000,9999.000,9999.000,9999.000,9999.000,9999.000
202604170936,  -1.071,  -0.390,9999.000,9999.000,9999.000,9999.000,9999.000,9999.000,9999.000
202604170942,  -0.961,  -0.068,9999.000,9999.000,9999.000,9999.000,9999.000,9999.000,9999.000
202604170948,  -0.831,  -0.278,9999.000,9999.000,9999.000,9999.000,9999.000,9999.000,9999.000
202604170954,  -0.681,   0.518,9999.000,9999.000,9999.000,9999.000,9999.000,9999.000,9999.000
202604171000,  -0.513,   0.098,   0.500,   0.111,   0.098,   0.400,  -0.002,   0.600,   0.198
202604171006,  -0.326,   0.629,9999.000,9999.000,9999.000,9999.000,9999.000,9999.000,9999.000
202604171012,  -0.121,   0.928,9999.000,9999.000,9999.000,9999.000,9999.000,9999.000,9999.000
202604171018,   0.100,   0.961,9999.000,9999.000,9999.000,9999.000,9999.000,9999.000,9999.000
202604171024,   0.339,   1.318,9999.000,9999.000,9999.000,9999.000,9999.000,9999.000,9999.000
202604171030,   0.594,   1.108,9999.000,9999.000,9999.000,9999.000,9999.000,9999.000,9999.000
202604171036,   0.864,   2.059,9999.000,9999.000,9999.000,9999.000,9999.000,9999.000,9999.000
202604171042,   1.148,   1.738,9999.000,9999.000,9999.000,9999.000,9999.000,9999.000,9999.000
202604171048,   1.447,   2.548,9999.000,9999.000,9999.000,9999.000,9999.000,9999.000,9999.000
202604171054,   1.758,   2.348,9999.000,9999.000,9999.000,9999.000,9999.000,9999.000,9999.000
202604171100,   2.082,   2.699,   0.500,   0.117,   2.699,   0.400,   2.599,   0.500,   2.699
202604171106,   2.418,   3.309,9999.000,9999.000,9999.000,9999.000,9999.000,9999.000,9999.000
202604171112,   2.764,   3.299,9999.000,9999.000,9999.000,9999.000,9999.000,9999.000,9999.000
202604171118,   3.121,   3.968,9999.000,9999.000,9999.000,9999.000,9999.000,9999.000,9999.000
202604171124,   3.487,   4.149,9999.000,9999.000,9999.000,9999.000,9999.000,9999.000,9999.000
202604171130,   3.861,   4.667,9999.000,9999.000,9999.000,9999.000,9999.000,9999.000,9999.000
202604171136,   4.243,   4.939,9999.000,9999.000,9999.000,9999.000,9999.000,9999.000,9999.000
202604171142,   4.631,   5.418,9999.000,9999.000,9999.000,9999.000,9999.000,9999.000,9999.000
202604171148,   5.026,   5.789,9999.000,9999.000,9999.000,9999.000,9999.000,9999.000,9999.000
202604171154,   5.426,   6.159,9999.000,9999.000,9999.000,9999.000,9999.000,9999.000,9999.000
202604171200,   5.829,   6.668,   0.500,   0.339,   6.668,   0.400,   6.568,   0.500,   6.668
202604171206,   6.237,   6.917,9999.000,9999.000,9999.000,9999.000,9999.000,9999.000,9999.000
202604171212,   6.646,   7.488,9999.000,9999.000,9999.000,9999.000,9999.000,9999.000,9999.000
202604171218,   7.057,   7.737,9999.000,9999.000,9999.000,9999.000,9999.000,9999.000,9999.000
202604171224,   7.468,   8.259,9999.000,9999.000,9999.000,9999.000,9999.000,9999.000,9999.000
202604171230,   7.879,   8.606,9999.000,9999.000,9999.000,9999.000,9999.000,9999.000,9999.000
202604171236,   8.288,   8.977,9999.000,9999.000,9999.000,9999.000,9999.000,9999.000,9999.000
202604171242,   8.695,   9.308,9999.000,9999.000,9999.000,9999.000,9999.000,9999.000,9999.000
202604171248,   9.098,   9.948,9999.000,9999.000,9999.000,9999.000,9999.000,9999.000,9999.000
202604171254,   9.497,   9.938,9999.000,9999.000,9999.000,9999.000,9999.000,9999.000,9999.000
202604171300,   9.889,  10.787,   0.500,   0.398,  10.787,   0.400,  10.687,   0.500,  10.787
202604171306,  10.275,  10.797,9999.000,9999.000,9999.000,9999.000,9999.000,9999.000,9999.000
202604171312,  10.653,  11.407,9999.000,9999.000,9999.000,9999.000,9999.000,9999.000,9999.000
202604171318,  11.022,  11.588,9999.000,9999.000,9999.000,9999.000,9999.000,9999.000,9999.000
202604171324,  11.381,  12.198,9999.000,9999.000,9999.000,9999.000,9999.000,9999.000,9999.000
202604171330,  11.729,  12.418,9999.000,9999.000,9999.000,9999.000,9999.000,9999.000,9999.000
202604171336,  12.065,  12.955,9999.000,9999.000,9999.000,9999.000,9999.000,9999.000,9999.000
202604171342,  12.387,  12.896,9999.000,9999.000,9999.000,9999.000,9999.000,9999.000,9999.000
202604171348,  12.696,  13.585,9999.000,9999.000,9999.000,9999.000,9999.000,9999.000,9999.000
202604171354,  12.989,  13.707,9999.000,9999.000,9999.000,9999.000,9999.000,9999.000,9999.000
202604171400,  13.267,  14.015,   0.400,   0.348,  14.015,   0.400,  14.015,   0.500,  14.115
202604171406,  13.527,  14.264,9999.000,9999.000,9999.000,9999.000,9999.000,9999.000,9999.000
202604171412,  13.770,  14.376,9999.000,9999.000,9999.000,9999.000,9999.000,9999.000,9999.000
202604171418,  13.994,  14.805,9999.000,9999.000,9999.000,9999.000,9999.000,9999.000,9999.000
202604171424,  14.199,  14.825,9999.000,9999.000,9999.000,9999.000,9999.000,9999.000,9999.000
202604171430,  14.384,  15.065,9999.000,9999.000,9999.000,9999.000,9999.000,9999.000,9999.000
202604171436,  14.549,  15.196,9999.000,9999.000,9999.000,9999.000,9999.000,9999.000,9999.000
202604171442,  14.693,  15.347,9999.000,9999.000,9999.000,9999.000,9999.000,9999.000,9999.000
202604171448,  14.815,  15.396,9999.000,9999.000,9999.000,9999.000,9999.000,9999.000,9999.000
202604171454,  14.915,  15.455,9999.000,9999.000,9999.000,9999.000,9999.000,9999.000,9999.000
202604171500,  14.994,  15.786,   0.400,   0.392,  15.786,   0.400,  15.786,   0.500,  15.886
202604171506,  15.050,  15.625,9999.000,9999.000,9999.000,9999.000,9999.000,9999.000,9999.000
202604171512,  15.084,  15.576,9999.000,9999.000,9999.000,9999.000,9999.000,9999.000,9999.000
202604171518,  15.095,  15.737,9999.000,9999.000,9999.000,9999.000,9999.000,9999.000,9999.000
202604171524,  15.084,  15.727,9999.000,9999.000,9999.000,9999.000,9999.000,9999.000,9999.000
202604171530,  15.051,  15.527,9999.000,9999.000,9999.000,9999.000,9999.000,9999.000,9999.000
202604171536,  14.996,  15.356,9999.000,9999.000,9999.000,9999.000,9999.000,9999.000,9999.000
202604171542,  14.918,  15.406,9999.000,9999.000,9999.000,9999.000,9999.000,9999.000,9999.000
202604171548,  14.820,  15.255,9999.000,9999.000,9999.000,9999.000,9999.000,9999.000,9999.000
202604171554,  14.700,  14.956,9999.000,9999.000,9999.000,9999.000,9999.000,9999.000,9999.000
202604171600,  14.559,  14.874,   0.400,  -0.085,  14.874,   0.400,  14.874,   0.500,  14.974
202604171606,  14.398,  14.786,9999.000,9999.000,9999.000,9999.000,9999.000,9999.000,9999.000
202604171612,  14.218,  14.586,9999.000,9999.000,9999.000,9999.000,9999.000,9999.000,9999.000
202604171618,  14.018,  14.287,9999.000,9999.000,9999.000,9999.000,9999.000,9999.000,9999.000
202604171624,  13.801,  14.126,9999.000,9999.000,9999.000,9999.000,9999.000,9999.000,9999.000
202604171630,  13.565,  14.087,9999.000,9999.000,9999.000,9999.000,9999.000,9999.000,9999.000
202604171636,  13.313,  13.615,9999.000,9999.000,9999.000,9999.000,9999.000,9999.000,9999.000
202604171642,  13.046,  13.447,9999.000,9999.000,9999.000,9999.000,9999.000,9999.000,9999.000
202604171648,  12.763,  13.015,9999.000,9999.000,9999.000,9999.000,9999.000,9999.000,9999.000
202604171654,  12.465,  12.867,9999.000,9999.000,9999.000,9999.000,9999.000,9999.000,9999.000
202604171700,  12.155,  12.516,   0.400,  -0.039,  12.516,   0.400,  12.516,   0.400,  12.516
202604171706,  11.832,  12.257,9999.000,9999.000,9999.000,9999.000,9999.000,9999.000,9999.000
202604171712,  11.497,  11.886,9999.000,9999.000,9999.000,9999.000,9999.000,9999.000,9999.000
202604171718,  11.152,  11.466,9999.000,9999.000,9999.000,9999.000,9999.000,9999.000,9999.000
202604171724,  10.798,  11.266,9999.000,9999.000,9999.000,9999.000,9999.000,9999.000,9999.000
202604171730,  10.434,  10.876,9999.000,9999.000,9999.000,9999.000,9999.000,9999.000,9999.000
202604171736,  10.063,  10.476,9999.000,9999.000,9999.000,9999.000,9999.000,9999.000,9999.000
202604171742,   9.686,  10.128,9999.000,9999.000,9999.000,9999.000,9999.000,9999.000,9999.000
202604171748,   9.302,   9.728,9999.000,9999.000,9999.000,9999.000,9999.000,9999.000,9999.000
202604171754,   8.914,   9.338,9999.000,9999.000,9999.000,9999.000,9999.000,9999.000,9999.000
202604171800,   8.522,   8.967,   0.500,  -0.055,   8.967,   0.500,   8.967,   0.600,   9.067
202604171806,   8.127,   8.488,9999.000,9999.000,9999.000,9999.000,9999.000,9999.000,9999.000
202604171812,   7.730,   8.229,9999.000,9999.000,9999.000,9999.000,9999.000,9999.000,9999.000
202604171818,   7.333,   7.678,9999.000,9999.000,9999.000,9999.000,9999.000,9999.000,9999.000
202604171824,   6.935,   7.448,9999.000,9999.000,9999.000,9999.000,9999.000,9999.000,9999.000
202604171830,   6.538,   6.878,9999.000,9999.000,9999.000,9999.000,9999.000,9999.000,9999.000
202604171836,   6.143,   6.737,9999.000,9999.000,9999.000,9999.000,9999.000,9999.000,9999.000
202604171842,   5.750,   6.169,9999.000,9999.000,9999.000,9999.000,9999.000,9999.000,9999.000
202604171848,   5.361,   5.959,9999.000,9999.000,9999.000,9999.000,9999.000,9999.000,9999.000
202604171854,   4.977,   5.349,9999.000,9999.000,9999.000,9999.000,9999.000,9999.000,9999.000
202604171900,   4.598,   5.097,   0.500,  -0.001,   5.097,   0.400,   4.997,   0.600,   5.197
202604171906,   4.226,   4.657,9999.000,9999.000,9999.000,9999.000,9999.000,9999.000,9999.000
202604171912,   3.860,   4.280,9999.000,9999.000,9999.000,9999.000,9999.000,9999.000,9999.000
202604171918,   3.503,   3.880,9999.000,9999.000,9999.000,9999.000,9999.000,9999.000,9999.000
202604171924,   3.155,   3.588,9999.000,9999.000,9999.000,9999.000,9999.000,9999.000,9999.000
202604171930,   2.817,   3.217,9999.000,9999.000,9999.000,9999.000,9999.000,9999.000,9999.000
202604171936,   2.489,   2.948,9999.000,9999.000,9999.000,9999.000,9999.000,9999.000,9999.000
202604171942,   2.173,   2.587,9999.000,9999.000,9999.000,9999.000,9999.000,9999.000,9999.000
202604171948,   1.870,   2.348,9999.000,9999.000,9999.000,9999.000,9999.000,9999.000,9999.000
202604171954,   1.580,   2.059,9999.000,9999.000,9999.000,9999.000,9999.000,9999.000,9999.000
202604172000,   1.304,   1.800,   0.500,  -0.004,   1.800,   0.400,   1.700,   0.600,   1.900
202604172006,   1.042,   1.508,9999.000,9999.000,9999.000,9999.000,9999.000,9999.000,9999.000
202604172012,   0.797,   1.318,9999.000,9999.000,9999.000,9999.000,9999.000,9999.000,9999.000
202604172018,   0.568,   1.138,9999.000,9999.000,9999.000,9999.000,9999.000,9999.000,9999.000
202604172024,   0.356,   0.961,9999.000,9999.000,9999.000,9999.000,9999.000,9999.000,9999.000
202604172030,   0.162,   0.678,9999.000,9999.000,9999.000,9999.000,9999.000,9999.000,9999.000
202604172036,  -0.013,   0.518,9999.000,9999.000,9999.000,9999.000,9999.000,9999.000,9999.000
202604172042,  -0.170,   0.380,9999.000,9999.000,9999.000,9999.000,9999.000,9999.000,9999.000
202604172048,  -0.307,   0.209,9999.000,9999.000,9999.000,9999.000,9999.000,9999.000,9999.000
202604172054,  -0.425,   0.141,9999.000,9999.000,9999.000,9999.000,9999.000,9999.000,9999.000
202604172100,  -0.522,   0.039,   0.500,   0.061,   0.039,   0.500,   0.039,   0.600,   0.139
202604172106,  -0.599,   0.098,9999.000,9999.000,9999.000,9999.000,9999.000,9999.000,9999.000
202604172112,  -0.655,  -0.049,9999.000,9999.000,9999.000,9999.000,9999.000,9999.000,9999.000
202604172118,  -0.689,   0.000,9999.000,9999.000,9999.000,9999.000,9999.000,9999.000,9999.000
202604172124,  -0.702,   0.088,9999.000,9999.000,9999.000,9999.000,9999.000,9999.000,9999.000
202604172130,  -0.694,   0.029,9999.000,9999.000,9999.000,9999.000,9999.000,9999.000,9999.000
202604172136,  -0.665,   0.121,9999.000,9999.000,9999.000,9999.000,9999.000,9999.000,9999.000
202604172142,  -0.615,   0.098,9999.000,9999.000,9999.000,9999.000,9999.000,9999.000,9999.000
202604172148,  -0.543,   0.390,9999.000,9999.000,9999.000,9999.000,9999.000,9999.000,9999.000
202604172154,  -0.451,   0.259,9999.000,9999.000,9999.000,9999.000,9999.000,9999.000,9999.000
202604172200,  -0.338,   0.541,   0.500,   0.379,   0.541,   0.500,   0.541,   0.600,   0.641
202604172206,  -0.205,   0.610,9999.000,9999.000,9999.000,9999.000,9999.000,9999.000,9999.000
202604172212,  -0.052,   0.869,9999.000,9999.000,9999.000,9999.000,9999.000,9999.000,9999.000
202604172218,   0.120,   1.029,9999.000,9999.000,9999.000,9999.000,9999.000,9999.000,9999.000
202604172224,   0.311,   1.098,9999.000,9999.000,9999.000,9999.000,9999.000,9999.000,9999.000
202604172230,   0.521,   1.508,9999.000,9999.000,9999.000,9999.000,9999.000,9999.000,9999.000
202604172236,   0.748,   1.590,9999.000,9999.000,9999.000,9999.000,9999.000,9999.000,9999.000
202604172242,   0.992,   1.918,9999.000,9999.000,9999.000,9999.000,9999.000,9999.000,9999.000
202604172248,   1.253,   2.210,9999.000,9999.000,9999.000,9999.000,9999.000,9999.000,9999.000
202604172254,   1.529,   2.479,9999.000,9999.000,9999.000,9999.000,9999.000,9999.000,9999.000
202604172300,   1.821,   2.787,   0.500,   0.466,   2.787,   0.500,   2.787,   0.600,   2.887
202604172306,   2.127,   3.017,9999.000,9999.000,9999.000,9999.000,9999.000,9999.000,9999.000
202604172312,   2.446,   3.348,9999.000,9999.000,9999.000,9999.000,9999.000,9999.000,9999.000
202604172318,   2.778,   3.627,9999.000,9999.000,9999.000,9999.000,9999.000,9999.000,9999.000
202604172324,   3.122,   4.080,9999.000,9999.000,9999.000,9999.000,9999.000,9999.000,9999.000
202604172330,   3.478,   4.309,9999.000,9999.000,9999.000,9999.000,9999.000,9999.000,9999.000
202604172336,   3.843,   4.798,9999.000,9999.000,9999.000,9999.000,9999.000,9999.000,9999.000
202604172342,   4.218,   5.028,9999.000,9999.000,9999.000,9999.000,9999.000,9999.000,9999.000
202604172348,   4.602,   5.467,9999.000,9999.000,9999.000,9999.000,9999.000,9999.000,9999.000
202604172354,   4.994,   5.877,9999.000,9999.000,9999.000,9999.000,9999.000,9999.000,9999.000
202604180000,   5.392,   6.277,   0.500,   0.385,   6.277,   0.500,   6.277,   0.600,   6.377
202604180006,   5.797,   6.579,9999.000,9999.000,9999.000,9999.000,9999.000,9999.000,9999.000
202604180012,   6.207,   7.038,9999.000,9999.000,9999.000,9999.000,9999.000,9999.000,9999.000
202604180018,   6.621,   7.498,9999.000,9999.000,9999.000,9999.000,9999.000,9999.000,9999.000
202604180024,   7.039,   7.937,9999.000,9999.000,9999.000,9999.000,9999.000,9999.000,9999.000
202604180030,   7.459,   8.327,9999.000,9999.000,9999.000,9999.000,9999.000,9999.000,9999.000
202604180036,   7.880,   8.777,9999.000,9999.000,9999.000,9999.000,9999.000,9999.000,9999.000
202604180042,   8.302,   9.206,9999.000,9999.000,9999.000,9999.000,9999.000,9999.000,9999.000
202604180048,   8.723,   9.646,9999.000,9999.000,9999.000,9999.000,9999.000,9999.000,9999.000
202604180054,   9.143,  10.036,9999.000,9999.000,9999.000,9999.000,9999.000,9999.000,9999.000
202604180100,   9.560,  10.427,   0.500,   0.367,  10.427,   0.500,  10.427,   0.500,  10.427
202604180106,   9.974,  10.817,9999.000,9999.000,9999.000,9999.000,9999.000,9999.000,9999.000
202604180112,  10.383,  11.256,9999.000,9999.000,9999.000,9999.000,9999.000,9999.000,9999.000
202604180118,  10.786,  11.598,9999.000,9999.000,9999.000,9999.000,9999.000,9999.000,9999.000
202604180124,  11.182,  12.008,9999.000,9999.000,9999.000,9999.000,9999.000,9999.000,9999.000
202604180130,  11.570,  12.418,9999.000,9999.000,9999.000,9999.000,9999.000,9999.000,9999.000
202604180136,  11.949,  12.755,9999.000,9999.000,9999.000,9999.000,9999.000,9999.000,9999.000
202604180142,  12.318,  13.175,9999.000,9999.000,9999.000,9999.000,9999.000,9999.000,9999.000
202604180148,  12.676,  13.477,9999.000,9999.000,9999.000,9999.000,9999.000,9999.000,9999.000
202604180154,  13.021,  13.835,9999.000,9999.000,9999.000,9999.000,9999.000,9999.000,9999.000
202604180200,  13.353,  14.156,   0.500,   0.303,  14.156,   0.500,  14.156,   0.500,  14.156
202604180206,  13.671,  14.464,9999.000,9999.000,9999.000,9999.000,9999.000,9999.000,9999.000
202604180212,  13.972,  14.687,9999.000,9999.000,9999.000,9999.000,9999.000,9999.000,9999.000
202604180218,  14.258,  15.015,9999.000,9999.000,9999.000,9999.000,9999.000,9999.000,9999.000
202604180224,  14.526,  15.274,9999.000,9999.000,9999.000,9999.000,9999.000,9999.000,9999.000
202604180230,  14.776,  15.547,9999.000,9999.000,9999.000,9999.000,9999.000,9999.000,9999.000
202604180236,  15.006,  15.766,9999.000,9999.000,9999.000,9999.000,9999.000,9999.000,9999.000
202604180242,  15.217,  15.976,9999.000,9999.000,9999.000,9999.000,9999.000,9999.000,9999.000
202604180248,  15.407,  16.196,9999.000,9999.000,9999.000,9999.000,9999.000,9999.000,9999.000
202604180254,  15.576,  16.275,9999.000,9999.000,9999.000,9999.000,9999.000,9999.000,9999.000
202604180300,  15.723,  16.445,   0.500,   0.222,  16.445,   0.500,  16.445,   0.500,  16.445
202604180306,  15.848,  16.567,9999.000,9999.000,9999.000,9999.000,9999.000,9999.000,9999.000
202604180312,  15.950,  16.544,9999.000,9999.000,9999.000,9999.000,9999.000,9999.000,9999.000
202604180318,  16.029,  16.636,9999.000,9999.000,9999.000,9999.000,9999.000,9999.000,9999.000
202604180324,  16.084,  16.724,9999.000,9999.000,9999.000,9999.000,9999.000,9999.000,9999.000
202604180330,  16.116,  16.685,9999.000,9999.000,9999.000,9999.000,9999.000,9999.000,9999.000
202604180336,  16.125,  16.596,9999.000,9999.000,9999.000,9999.000,9999.000,9999.000,9999.000
202604180342,  16.109,  16.685,9999.000,9999.000,9999.000,9999.000,9999.000,9999.000,9999.000
202604180348,  16.070,  16.554,9999.000,9999.000,9999.000,9999.000,9999.000,9999.000,9999.000
202604180354,  16.007,  16.416,9999.000,9999.000,9999.000,9999.000,9999.000,9999.000,9999.000
202604180400,  15.922,  16.314,   0.500,  -0.108,  16.314,   0.400,  16.214,   0.500,  16.314
202604180406,  15.813,  16.226,9999.000,9999.000,9999.000,9999.000,9999.000,9999.000,9999.000
202604180412,  15.681,  16.016,9999.000,9999.000,9999.000,9999.000,9999.000,9999.000,9999.000
202604180418,  15.527,  15.845,9999.000,9999.000,9999.000,9999.000,9999.000,9999.000,9999.000
202604180424,  15.352,  15.714,9999.000,9999.000,9999.000,9999.000,9999.000,9999.000,9999.000
202604180430,  15.156,  15.376,9999.000,9999.000,9999.000,9999.000,9999.000,9999.000,9999.000
202604180436,  14.939,  15.294,9999.000,9999.000,9999.000,9999.000,9999.000,9999.000,9999.000
202604180442,  14.702,  15.005,9999.000,9999.000,9999.000,9999.000,9999.000,9999.000,9999.000
202604180448,  14.446,  14.756,9999.000,9999.000,9999.000,9999.000,9999.000,9999.000,9999.000
202604180454,  14.172,  14.454,9999.000,9999.000,9999.000,9999.000,9999.000,9999.000,9999.000
202604180500,  13.881,  14.146,   0.500,  -0.235,  14.146,   0.500,  14.146,   0.500,  14.146
202604180506,  13.573,  13.887,9999.000,9999.000,9999.000,9999.000,9999.000,9999.000,9999.000
202604180512,  13.249,  13.438,9999.000,9999.000,9999.000,9999.000,9999.000,9999.000,9999.000
202604180518,  12.911,  13.146,9999.000,9999.000,9999.000,9999.000,9999.000,9999.000,9999.000
202604180524,  12.559,  12.755,9999.000,9999.000,9999.000,9999.000,9999.000,9999.000,9999.000
202604180530,  12.194,  12.457,9999.000,9999.000,9999.000,9999.000,9999.000,9999.000,9999.000
202604180536,  11.817,  12.027,9999.000,9999.000,9999.000,9999.000,9999.000,9999.000,9999.000
202604180542,  11.430,  11.676,9999.000,9999.000,9999.000,9999.000,9999.000,9999.000,9999.000
202604180548,  11.033,  11.266,9999.000,9999.000,9999.000,9999.000,9999.000,9999.000,9999.000
202604180554,  10.627,  10.856,9999.000,9999.000,9999.000,9999.000,9999.000,9999.000,9999.000
202604180600,  10.213,  10.417,   0.500,  -0.296,  10.417,   0.500,  10.417,   0.500,  10.417
202604180606,   9.793,   9.997,9999.000,9999.000,9999.000,9999.000,9999.000,9999.000,9999.000
202604180612,   9.367,   9.626,9999.000,9999.000,9999.000,9999.000,9999.000,9999.000,9999.000
202604180618,   8.937,   9.108,9999.000,9999.000,9999.000,9999.000,9999.000,9999.000,9999.000
202604180624,   8.503,   8.737,9999.000,9999.000,9999.000,9999.000,9999.000,9999.000,9999.000
202604180630,   8.066,   8.249,9999.000,9999.000,9999.000,9999.000,9999.000,9999.000,9999.000
202604180636,   7.628,   7.829,9999.000,9999.000,9999.000,9999.000,9999.000,9999.000,9999.000
202604180642,   7.190,   7.357,9999.000,9999.000,9999.000,9999.000,9999.000,9999.000,9999.000
202604180648,   6.750,   6.887,9999.000,9999.000,9999.000,9999.000,9999.000,9999.000,9999.000
202604180654,   6.313,   6.487,9999.000,9999.000,9999.000,9999.000,9999.000,9999.000,9999.000
202604180700,   5.878,   6.028,   0.500,  -0.350,   6.028,   0.500,   6.028,   0.600,   6.128
202604180706,   5.446,   5.618,9999.000,9999.000,9999.000,9999.000,9999.000,9999.000,9999.000
202604180712,   5.019,   5.188,9999.000,9999.000,9999.000,9999.000,9999.000,9999.000,9999.000
202604180718,   4.597,   4.769,9999.000,9999.000,9999.000,9999.000,9999.000,9999.000,9999.000
202604180724,   4.180,   4.359,9999.000,9999.000,9999.000,9999.000,9999.000,9999.000,9999.000
202604180730,   3.771,   3.899,9999.000,9999.000,9999.000,9999.000,9999.000,9999.000,9999.000
202604180736,   3.370,   3.548,9999.000,9999.000,9999.000,9999.000,9999.000,9999.000,9999.000
202604180742,   2.977,   3.129,9999.000,9999.000,9999.000,9999.000,9999.000,9999.000,9999.000
202604180748,   2.594,   2.850,9999.000,9999.000,9999.000,9999.000,9999.000,9999.000,9999.000
202604180754,   2.222,   2.440,9999.000,9999.000,9999.000,9999.000,9999.000,9999.000,9999.000
202604180800,   1.862,   2.128,   0.600,  -0.334,   2.128,   0.500,   2.028,   0.600,   2.128
202604180806,   1.514,   1.767,9999.000,9999.000,9999.000,9999.000,9999.000,9999.000,9999.000
202604180812,   1.179,   1.439,9999.000,9999.000,9999.000,9999.000,9999.000,9999.000,9999.000
202604180818,   0.858,   1.170,9999.000,9999.000,9999.000,9999.000,9999.000,9999.000,9999.000
202604180824,   0.552,   0.810,9999.000,9999.000,9999.000,9999.000,9999.000,9999.000,9999.000
202604180830,   0.261,   0.551,9999.000,9999.000,9999.000,9999.000,9999.000,9999.000,9999.000
202604180836,  -0.012,   0.239,9999.000,9999.000,9999.000,9999.000,9999.000,9999.000,9999.000
202604180842,  -0.268,  -0.059,9999.000,9999.000,9999.000,9999.000,9999.000,9999.000,9999.000
202604180848,  -0.507,  -0.121,9999.000,9999.000,9999.000,9999.000,9999.000,9999.000,9999.000
202604180854,  -0.727,  -0.518,9999.000,9999.000,9999.000,9999.000,9999.000,9999.000,9999.000
202604180900,  -0.928,  -0.541,   0.600,  -0.213,  -0.541,   0.500,  -0.641,   0.600,  -0.541
202604180906,  -1.109,  -0.800,9999.000,9999.000,9999.000,9999.000,9999.000,9999.000,9999.000
202604180912,  -1.270,  -0.928,9999.000,9999.000,9999.000,9999.000,9999.000,9999.000,9999.000
202604180918,  -1.411,  -0.928,9999.000,9999.000,9999.000,9999.000,9999.000,9999.000,9999.000
202604180924,  -1.530,  -1.190,9999.000,9999.000,9999.000,9999.000,9999.000,9999.000,9999.000
202604180930,  -1.628,  -1.161,9999.000,9999.000,9999.000,9999.000,9999.000,9999.000,9999.000
202604180936,  -1.704,  -1.190,9999.000,9999.000,9999.000,9999.000,9999.000,9999.000,9999.000
202604180942,  -1.758,  -1.318,9999.000,9999.000,9999.000,9999.000,9999.000,9999.000,9999.000
202604180948,  -1.790,  -1.269,9999.000,9999.000,9999.000,9999.000,9999.000,9999.000,9999.000
202604180954,  -1.800,  -1.289,9999.000,9999.000,9999.000,9999.000,9999.000,9999.000,9999.000
202604181000,  -1.787,  -1.220,   0.600,  -0.033,  -1.220,   0.600,  -1.220,   0.700,  -1.120
202604181006,  -1.753,  -1.170,9999.000,9999.000,9999.000,9999.000,9999.000,9999.000,9999.000
202604181012,  -1.697,  -1.170,9999.000,9999.000,9999.000,9999.000,9999.000,9999.000,9999.000
202604181018,  -1.620,  -1.128,9999.000,9999.000,9999.000,9999.000,9999.000,9999.000,9999.000
202604181024,  -1.521,  -0.810,9999.000,9999.000,9999.000,9999.000,9999.000,9999.000,9999.000
202604181030,  -1.401,  -0.898,9999.000,9999.000,9999.000,9999.000,9999.000,9999.000,9999.000
202604181036,  -1.260,  -0.659,9999.000,9999.000,9999.000,9999.000,9999.000,9999.000,9999.000
202604181042,  -1.099,  -0.419,9999.000,9999.000,9999.000,9999.000,9999.000,9999.000,9999.000
202604181048,  -0.919,  -0.350,9999.000,9999.000,9999.000,9999.000,9999.000,9999.000,9999.000
202604181054,  -0.720,   0.068,9999.000,9999.000,9999.000,9999.000,9999.000,9999.000,9999.000
202604181100,  -0.502,   0.170,   0.700,  -0.028,   0.170,   0.600,   0.070,   0.700,   0.170
202604181106,  -0.266,   0.341,9999.000,9999.000,9999.000,9999.000,9999.000,9999.000,9999.000
202604181112,  -0.013,   0.780,9999.000,9999.000,9999.000,9999.000,9999.000,9999.000,9999.000
202604181118,   0.255,   0.810,9999.000,9999.000,9999.000,9999.000,9999.000,9999.000,9999.000
202604181124,   0.540,   1.249,9999.000,9999.000,9999.000,9999.000,9999.000,9999.000,9999.000
202604181130,   0.840,   1.400,9999.000,9999.000,9999.000,9999.000,9999.000,9999.000,9999.000
202604181136,   1.155,   1.810,9999.000,9999.000,9999.000,9999.000,9999.000,9999.000,9999.000
202604181142,   1.482,   2.210,9999.000,9999.000,9999.000,9999.000,9999.000,9999.000,9999.000
202604181148,   1.823,   2.430,9999.000,9999.000,9999.000,9999.000,9999.000,9999.000,9999.000
202604181154,   2.175,   2.860,9999.000,9999.000,9999.000,9999.000,9999.000,9999.000,9999.000
202604181200,   2.538,   3.207,   0.500,   0.169,   3.207,   0.400,   3.107,   0.600,   3.307
202604181206,   2.911,   3.588,9999.000,9999.000,9999.000,9999.000,9999.000,9999.000,9999.000
202604181212,   3.294,   3.949,9999.000,9999.000,9999.000,9999.000,9999.000,9999.000,9999.000
202604181218,   3.685,   4.329,9999.000,9999.000,9999.000,9999.000,9999.000,9999.000,9999.000
202604181224,   4.084,   4.798,9999.000,9999.000,9999.000,9999.000,9999.000,9999.000,9999.000
202604181230,   4.489,   5.169,9999.000,9999.000,9999.000,9999.000,9999.000,9999.000,9999.000
202604181236,   4.900,   5.569,9999.000,9999.000,9999.000,9999.000,9999.000,9999.000,9999.000
202604181242,   5.316,   5.979,9999.000,9999.000,9999.000,9999.000,9999.000,9999.000,9999.000
202604181248,   5.736,   6.438,9999.000,9999.000,9999.000,9999.000,9999.000,9999.000,9999.000
202604181254,   6.160,   6.838,9999.000,9999.000,9999.000,9999.000,9999.000,9999.000,9999.000
202604181300,   6.585,   7.268,   0.500,   0.183,   7.268,   0.400,   7.168,   0.600,   7.368
202604181306,   7.011,   7.678,9999.000,9999.000,9999.000,9999.000,9999.000,9999.000,9999.000
202604181312,   7.437,   8.127,9999.000,9999.000,9999.000,9999.000,9999.000,9999.000,9999.000
202604181318,   7.863,   8.508,9999.000,9999.000,9999.000,9999.000,9999.000,9999.000,9999.000
202604181324,   8.286,   8.997,9999.000,9999.000,9999.000,9999.000,9999.000,9999.000,9999.000
202604181330,   8.707,   9.436,9999.000,9999.000,9999.000,9999.000,9999.000,9999.000,9999.000
202604181336,   9.123,   9.846,9999.000,9999.000,9999.000,9999.000,9999.000,9999.000,9999.000
202604181342,   9.535,  10.227,9999.000,9999.000,9999.000,9999.000,9999.000,9999.000,9999.000
202604181348,   9.940,  10.597,9999.000,9999.000,9999.000,9999.000,9999.000,9999.000,9999.000
202604181354,  10.337,  10.958,9999.000,9999.000,9999.000,9999.000,9999.000,9999.000,9999.000
202604181400,  10.727,  11.388,   0.500,   0.161,  11.388,   0.400,  11.288,   0.600,  11.488
202604181406,  11.106,  11.716,9999.000,9999.000,9999.000,9999.000,9999.000,9999.000,9999.000
202604181412,  11.475,  11.998,9999.000,9999.000,9999.000,9999.000,9999.000,9999.000,9999.000
202604181418,  11.833,  12.398,9999.000,9999.000,9999.000,9999.000,9999.000,9999.000,9999.000
202604181424,  12.177,  12.687,9999.000,9999.000,9999.000,9999.000,9999.000,9999.000,9999.000
202604181430,  12.508,  13.047,9999.000,9999.000,9999.000,9999.000,9999.000,9999.000,9999.000
202604181436,  12.824,  13.326,9999.000,9999.000,9999.000,9999.000,9999.000,9999.000,9999.000
202604181442,  13.124,  13.585,9999.000,9999.000,9999.000,9999.000,9999.000,9999.000,9999.000
202604181448,  13.407,  13.976,9999.000,9999.000,9999.000,9999.000,9999.000,9999.000,9999.000
202604181454,  13.673,  14.054,9999.000,9999.000,9999.000,9999.000,9999.000,9999.000,9999.000
202604181500,  13.920,  14.366,   0.600,  -0.154,  14.366,   0.500,  14.266,   0.700,  14.466
202604181506,  14.148,  14.625,9999.000,9999.000,9999.000,9999.000,9999.000,9999.000,9999.000
202604181512,  14.357,  14.796,9999.000,9999.000,9999.000,9999.000,9999.000,9999.000,9999.000
202604181518,  14.544,  14.927,9999.000,9999.000,9999.000,9999.000,9999.000,9999.000,9999.000
202604181524,  14.710,  15.015,9999.000,9999.000,9999.000,9999.000,9999.000,9999.000,9999.000
202604181530,  14.855,  15.206,9999.000,9999.000,9999.000,9999.000,9999.000,9999.000,9999.000
202604181536,  14.977,  15.337,9999.000,9999.000,9999.000,9999.000,9999.000,9999.000,9999.000
202604181542,  15.077,  15.415,9999.000,9999.000,9999.000,9999.000,9999.000,9999.000,9999.000
202604181548,  15.155,  15.455,9999.000,9999.000,9999.000,9999.000,9999.000,9999.000,9999.000
202604181554,  15.209,  15.484,9999.000,9999.000,9999.000,9999.000,9999.000,9999.000,9999.000
202604181600,  15.240,  15.547,   0.600,  -0.293,  15.547,   0.500,  15.447,   0.700,  15.647
202604181606,  15.248,  15.576,9999.000,9999.000,9999.000,9999.000,9999.000,9999.000,9999.000
202604181612,  15.233,  15.435,9999.000,9999.000,9999.000,9999.000,9999.000,9999.000,9999.000
202604181618,  15.195,  15.406,9999.000,9999.000,9999.000,9999.000,9999.000,9999.000,9999.000
202604181624,  15.134,  15.304,9999.000,9999.000,9999.000,9999.000,9999.000,9999.000,9999.000
202604181630,  15.051,  15.206,9999.000,9999.000,9999.000,9999.000,9999.000,9999.000,9999.000
202604181636,  14.946,  15.084,9999.000,9999.000,9999.000,9999.000,9999.000,9999.000,9999.000
202604181642,  14.819,  15.065,9999.000,9999.000,9999.000,9999.000,9999.000,9999.000,9999.000
202604181648,  14.671,  14.835,9999.000,9999.000,9999.000,9999.000,9999.000,9999.000,9999.000
202604181654,  14.502,  14.586,9999.000,9999.000,9999.000,9999.000,9999.000,9999.000,9999.000
202604181700,  14.313,  14.507,   0.600,  -0.406,  14.507,   0.500,  14.407,   0.700,  14.607
202604181706,  14.105,  14.264,9999.000,9999.000,9999.000,9999.000,9999.000,9999.000,9999.000
202604181712,  13.878,  14.025,9999.000,9999.000,9999.000,9999.000,9999.000,9999.000,9999.000
202604181718,  13.634,  13.726,9999.000,9999.000,9999.000,9999.000,9999.000,9999.000,9999.000
202604181724,  13.373,  13.536,9999.000,9999.000,9999.000,9999.000,9999.000,9999.000,9999.000
202604181730,  13.095,  13.267,9999.000,9999.000,9999.000,9999.000,9999.000,9999.000,9999.000
202604181736,  12.802,  13.028,9999.000,9999.000,9999.000,9999.000,9999.000,9999.000,9999.000
202604181742,  12.495,  12.647,9999.000,9999.000,9999.000,9999.000,9999.000,9999.000,9999.000
202604181748,  12.175,  12.355,9999.000,9999.000,9999.000,9999.000,9999.000,9999.000,9999.000
202604181754,  11.842,  11.978,9999.000,9999.000,9999.000,9999.000,9999.000,9999.000,9999.000
202604181800,  11.498,  11.637,   0.400,  -0.261,  11.637,   0.400,  11.637,   0.500,  11.737
202604181806,  11.143,  11.286,9999.000,9999.000,9999.000,9999.000,9999.000,9999.000,9999.000
202604181812,  10.779,  10.958,9999.000,9999.000,9999.000,9999.000,9999.000,9999.000,9999.000
202604181818,  10.406,  10.558,9999.000,9999.000,9999.000,9999.000,9999.000,9999.000,9999.000
202604181824,  10.026,  10.158,9999.000,9999.000,9999.000,9999.000,9999.000,9999.000,9999.000
202604181830,   9.640,   9.856,9999.000,9999.000,9999.000,9999.000,9999.000,9999.000,9999.000
202604181836,   9.248,   9.446,9999.000,9999.000,9999.000,9999.000,9999.000,9999.000,9999.000
202604181842,   8.852,   9.069,9999.000,9999.000,9999.000,9999.000,9999.000,9999.000,9999.000
202604181848,   8.452,   8.669,9999.000,9999.000,9999.000,9999.000,9999.000,9999.000,9999.000
202604181854,   8.050,   8.249,9999.000,9999.000,9999.000,9999.000,9999.000,9999.000,9999.000
202604181900,   7.646,   7.858,   0.500,  -0.288,   7.858,   0.400,   7.758,   0.500,   7.858
202604181906,   7.242,   7.488,9999.000,9999.000,9999.000,9999.000,9999.000,9999.000,9999.000
202604181912,   6.838,   7.097,9999.000,9999.000,9999.000,9999.000,9999.000,9999.000,9999.000
202604181918,   6.436,   6.727,9999.000,9999.000,9999.000,9999.000,9999.000,9999.000,9999.000
202604181924,   6.036,   6.218,9999.000,9999.000,9999.000,9999.000,9999.000,9999.000,9999.000
202604181930,   5.639,   5.979,9999.000,9999.000,9999.000,9999.000,9999.000,9999.000,9999.000
202604181936,   5.247,   5.418,9999.000,9999.000,9999.000,9999.000,9999.000,9999.000,9999.000
202604181942,   4.859,   5.159,9999.000,9999.000,9999.000,9999.000,9999.000,9999.000,9999.000
202604181948,   4.478,   4.749,9999.000,9999.000,9999.000,9999.000,9999.000,9999.000,9999.000
202604181954,   4.103,   4.329,9999.000,9999.000,9999.000,9999.000,9999.000,9999.000,9999.000
202604182000,   3.736,   4.008,   0.500,  -0.228,   4.008,   0.400,   3.908,   0.600,   4.108
202604182006,   3.378,   3.650,9999.000,9999.000,9999.000,9999.000,9999.000,9999.000,9999.000
202604182012,   3.029,   3.329,9999.000,9999.000,9999.000,9999.000,9999.000,9999.000,9999.000
202604182018,   2.691,   2.850,9999.000,9999.000,9999.000,9999.000,9999.000,9999.000,9999.000
202604182024,   2.364,   2.768,9999.000,9999.000,9999.000,9999.000,9999.000,9999.000,9999.000
202604182030,   2.049,   2.328,9999.000,9999.000,9999.000,9999.000,9999.000,9999.000,9999.000
202604182036,   1.747,   2.089,9999.000,9999.000,9999.000,9999.000,9999.000,9999.000,9999.000
202604182042,   1.459,   1.908,9999.000,9999.000,9999.000,9999.000,9999.000,9999.000,9999.000
202604182048,   1.185,   1.479,9999.000,9999.000,9999.000,9999.000,9999.000,9999.000,9999.000
202604182054,   0.927,   1.338,9999.000,9999.000,9999.000,9999.000,9999.000,9999.000,9999.000
202604182100,   0.685,   1.049,   0.600,  -0.236,   1.049,   0.500,   0.949,   0.600,   1.049
202604182106,   0.459,   0.839,9999.000,9999.000,9999.000,9999.000,9999.000,9999.000,9999.000
202604182112,   0.251,   0.741,9999.000,9999.000,9999.000,9999.000,9999.000,9999.000,9999.000
202604182118,   0.061,   0.469,9999.000,9999.000,9999.000,9999.000,9999.000,9999.000,9999.000
202604182124,  -0.109,   0.409,9999.000,9999.000,9999.000,9999.000,9999.000,9999.000,9999.000
202604182130,  -0.261,   0.249,9999.000,9999.000,9999.000,9999.000,9999.000,9999.000,9999.000
202604182136,  -0.393,   0.141,9999.000,9999.000,9999.000,9999.000,9999.000,9999.000,9999.000
202604182142,  -0.505,   0.059,9999.000,9999.000,9999.000,9999.000,9999.000,9999.000,9999.000
202604182148,  -0.597,  -0.029,9999.000,9999.000,9999.000,9999.000,9999.000,9999.000,9999.000
202604182154,  -0.667,   0.029,9999.000,9999.000,9999.000,9999.000,9999.000,9999.000,9999.000
202604182200,  -0.717,  -0.059,   0.600,   0.058,  -0.059,   0.500,  -0.159,   0.700,   0.041
202604182206,  -0.744,   0.019,9999.000,9999.000,9999.000,9999.000,9999.000,9999.000,9999.000
202604182212,  -0.751,  -0.019,9999.000,9999.000,9999.000,9999.000,9999.000,9999.000,9999.000
202604182218,  -0.735,   0.098,9999.000,9999.000,9999.000,9999.000,9999.000,9999.000,9999.000
202604182224,  -0.699,   0.190,9999.000,9999.000,9999.000,9999.000,9999.000,9999.000,9999.000
202604182230,  -0.640,   0.209,9999.000,9999.000,9999.000,9999.000,9999.000,9999.000,9999.000
202604182236,  -0.561,   0.400,9999.000,9999.000,9999.000,9999.000,9999.000,9999.000,9999.000
202604182242,  -0.460,   0.478,9999.000,9999.000,9999.000,9999.000,9999.000,9999.000,9999.000
202604182248,  -0.339,   0.560,9999.000,9999.000,9999.000,9999.000,9999.000,9999.000,9999.000
202604182254,  -0.197,   0.800,9999.000,9999.000,9999.000,9999.000,9999.000,9999.000,9999.000
202604182300,  -0.035,   0.961,   0.600,   0.396,   0.961,   0.500,   0.861,   0.700,   1.061
202604182306,   0.146,   1.200,9999.000,9999.000,9999.000,9999.000,9999.000,9999.000,9999.000
202604182312,   0.346,   1.400,9999.000,9999.000,9999.000,9999.000,9999.000,9999.000,9999.000
202604182318,   0.565,   1.580,9999.000,9999.000,9999.000,9999.000,9999.000,9999.000,9999.000
202604182324,   0.802,   1.849,9999.000,9999.000,9999.000,9999.000,9999.000,9999.000,9999.000
202604182330,   1.057,   2.138,9999.000,9999.000,9999.000,9999.000,9999.000,9999.000,9999.000
202604182336,   1.327,   2.450,9999.000,9999.000,9999.000,9999.000,9999.000,9999.000,9999.000
202604182342,   1.614,   2.689,9999.000,9999.000,9999.000,9999.000,9999.000,9999.000,9999.000
202604182348,   1.916,   3.040,9999.000,9999.000,9999.000,9999.000,9999.000,9999.000,9999.000
202604182354,   2.232,   3.368,9999.000,9999.000,9999.000,9999.000,9999.000,9999.000,9999.000
202604190000,   2.561,   3.368,   0.600,   0.207,   3.368,   0.500,   3.268,   0.700,   3.468
202604190006,   2.903,9999.000,9999.000,9999.000,9999.000,9999.000,9999.000,9999.000,9999.000
202604190012,   3.258,9999.000,9999.000,9999.000,9999.000,9999.000,9999.000,9999.000,9999.000
202604190018,   3.623,9999.000,9999.000,9999.000,9999.000,9999.000,9999.000,9999.000,9999.000
202604190024,   3.999,9999.000,9999.000,9999.000,9999.000,9999.000,9999.000,9999.000,9999.000
202604190030,   4.384,9999.000,9999.000,9999.000,9999.000,9999.000,9999.000,9999.000,9999.000
202604190036,   4.777,9999.000,9999.000,9999.000,9999.000,9999.000,9999.000,9999.000,9999.000
202604190042,   5.178,9999.000,9999.000,9999.000,9999.000,9999.000,9999.000,9999.000,9999.000
202604190048,   5.586,9999.000,9999.000,9999.000,9999.000,9999.000,9999.000,9999.000,9999.000
202604190054,   6.000,9999.000,9999.000,9999.000,9999.000,9999.000,9999.000,9999.000,9999.000
202604190100,   6.419,9999.000,   0.600,   0.196,   7.215,   0.500,   7.115,   0.700,   7.315
202604190106,   6.842,9999.000,9999.000,9999.000,9999.000,9999.000,9999.000,9999.000,9999.000
202604190112,   7.268,9999.000,9999.000,9999.000,9999.000,9999.000,9999.000,9999.000,9999.000
202604190118,   7.696,9999.000,9999.000,9999.000,9999.000,9999.000,9999.000,9999.000,9999.000
202604190124,   8.125,9999.000,9999.000,9999.000,9999.000,9999.000,9999.000,9999.000,9999.000
202604190130,   8.554,9999.000,9999.000,9999.000,9999.000,9999.000,9999.000,9999.000,9999.000
202604190136,   8.982,9999.000,9999.000,9999.000,9999.000,9999.000,9999.000,9999.000,9999.000
202604190142,   9.408,9999.000,9999.000,9999.000,9999.000,9999.000,9999.000,9999.000,9999.000
202604190148,   9.832,9999.000,9999.000,9999.000,9999.000,9999.000,9999.000,9999.000,9999.000
202604190154,  10.251,9999.000,9999.000,9999.000,9999.000,9999.000,9999.000,9999.000,9999.000
202604190200,  10.665,9999.000,   0.600,   0.186,  11.451,   0.500,  11.351,   0.700,  11.551
202604190206,  11.073,9999.000,9999.000,9999.000,9999.000,9999.000,9999.000,9999.000,9999.000
202604190212,  11.474,9999.000,9999.000,9999.000,9999.000,9999.000,9999.000,9999.000,9999.000
202604190218,  11.866,9999.000,9999.000,9999.000,9999.000,9999.000,9999.000,9999.000,9999.000
202604190224,  12.249,9999.000,9999.000,9999.000,9999.000,9999.000,9999.000,9999.000,9999.000
202604190230,  12.620,9999.000,9999.000,9999.000,9999.000,9999.000,9999.000,9999.000,9999.000
202604190236,  12.980,9999.000,9999.000,9999.000,9999.000,9999.000,9999.000,9999.000,9999.000
202604190242,  13.328,9999.000,9999.000,9999.000,9999.000,9999.000,9999.000,9999.000,9999.000
202604190248,  13.661,9999.000,9999.000,9999.000,9999.000,9999.000,9999.000,9999.000,9999.000
202604190254,  13.979,9999.000,9999.000,9999.000,9999.000,9999.000,9999.000,9999.000,9999.000
202604190300,  14.282,9999.000,   0.600,   0.175,  15.057,   0.500,  14.957,   0.700,  15.157
202604190306,  14.567,9999.000,9999.000,9999.000,9999.000,9999.000,9999.000,9999.000,9999.000
202604190312,  14.834,9999.000,9999.000,9999.000,9999.000,9999.000,9999.000,9999.000,9999.000
202604190318,  15.083,9999.000,9999.000,9999.000,9999.000,9999.000,9999.000,9999.000,9999.000
202604190324,  15.312,9999.000,9999.000,9999.000,9999.000,9999.000,9999.000,9999.000,9999.000
202604190330,  15.520,9999.000,9999.000,9999.000,9999.000,9999.000,9999.000,9999.000,9999.000
202604190336,  15.708,9999.000,9999.000,9999.000,9999.000,9999.000,9999.000,9999.000,9999.000
202604190342,  15.873,9999.000,9999.000,9999.000,9999.000,9999.000,9999.000,9999.000,9999.000
202604190348,  16.016,9999.000,9999.000,9999.000,9999.000,9999.000,9999.000,9999.000,9999.000
202604190354,  16.137,9999.000,9999.000,9999.000,9999.000,9999.000,9999.000,9999.000,9999.000
202604190400,  16.234,9999.000,   0.600,   0.165,  16.999,   0.500,  16.899,   0.700,  17.099
202604190406,  16.307,9999.000,9999.000,9999.000,9999.000,9999.000,9999.000,9999.000,9999.000
202604190412,  16.357,9999.000,9999.000,9999.000,9999.000,9999.000,9999.000,9999.000,9999.000
202604190418,  16.382,9999.000,9999.000,9999.000,9999.000,9999.000,9999.000,9999.000,9999.000
202604190424,  16.383,9999.000,9999.000,9999.000,9999.000,9999.000,9999.000,9999.000,9999.000
202604190430,  16.361,9999.000,9999.000,9999.000,9999.000,9999.000,9999.000,9999.000,9999.000
202604190436,  16.314,9999.000,9999.000,9999.000,9999.000,9999.000,9999.000,9999.000,9999.000
202604190442,  16.243,9999.000,9999.000,9999.000,9999.000,9999.000,9999.000,9999.000,9999.000
202604190448,  16.148,9999.000,9999.000,9999.000,9999.000,9999.000,9999.000,9999.000,9999.000
202604190454,  16.030,9999.000,9999.000,9999.000,9999.000,9999.000,9999.000,9999.000,9999.000
202604190500,  15.889,9999.000,   0.500,   0.154,  16.543,   0.400,  16.443,   0.600,  16.643
202604190506,  15.725,9999.000,9999.000,9999.000,9999.000,9999.000,9999.000,9999.000,9999.000
202604190512,  15.539,9999.000,9999.000,9999.000,9999.000,9999.000,9999.000,9999.000,9999.000
202604190518,  15.332,9999.000,9999.000,9999.000,9999.000,9999.000,9999.000,9999.000,9999.000
202604190524,  15.105,9999.000,9999.000,9999.000,9999.000,9999.000,9999.000,9999.000,9999.000
202604190530,  14.857,9999.000,9999.000,9999.000,9999.000,9999.000,9999.000,9999.000,9999.000
202604190536,  14.590,9999.000,9999.000,9999.000,9999.000,9999.000,9999.000,9999.000,9999.000
202604190542,  14.305,9999.000,9999.000,9999.000,9999.000,9999.000,9999.000,9999.000,9999.000
202604190548,  14.002,9999.000,9999.000,9999.000,9999.000,9999.000,9999.000,9999.000,9999.000
202604190554,  13.682,9999.000,9999.000,9999.000,9999.000,9999.000,9999.000,9999.000,9999.000
202604190600,  13.347,9999.000,   0.500,   0.144,  13.991,   0.400,  13.891,   0.600,  14.091
202604190606,  12.997,9999.000,9999.000,9999.000,9999.000,9999.000,9999.000,9999.000,9999.000
202604190612,  12.633,9999.000,9999.000,9999.000,9999.000,9999.000,9999.000,9999.000,9999.000
202604190618,  12.257,9999.000,9999.000,9999.000,9999.000,9999.000,9999.000,9999.000,9999.000
202604190624,  11.869,9999.000,9999.000,9999.000,9999.000,9999.000,9999.000,9999.000,9999.000
202604190630,  11.470,9999.000,9999.000,9999.000,9999.000,9999.000,9999.000,9999.000,9999.000
202604190636,  11.062,9999.000,9999.000,9999.000,9999.000,9999.000,9999.000,9999.000,9999.000
202604190642,  10.645,9999.000,9999.000,9999.000,9999.000,9999.000,9999.000,9999.000,9999.000
202604190648,  10.221,9999.000,9999.000,9999.000,9999.000,9999.000,9999.000,9999.000,9999.000
202604190654,   9.790,9999.000,9999.000,9999.000,9999.000,9999.000,9999.000,9999.000,9999.000
202604190700,   9.354,9999.000,   0.400,   0.133,   9.887,   0.400,   9.887,   0.500,   9.987
202604190706,   8.914,9999.000,9999.000,9999.000,9999.000,9999.000,9999.000,9999.000,9999.000
202604190712,   8.471,9999.000,9999.000,9999.000,9999.000,9999.000,9999.000,9999.000,9999.000
202604190718,   8.025,9999.000,9999.000,9999.000,9999.000,9999.000,9999.000,9999.000,9999.000
202604190724,   7.578,9999.000,9999.000,9999.000,9999.000,9999.000,9999.000,9999.000,9999.000
202604190730,   7.130,9999.000,9999.000,9999.000,9999.000,9999.000,9999.000,9999.000,9999.000
202604190736,   6.684,9999.000,9999.000,9999.000,9999.000,9999.000,9999.000,9999.000,9999.000
202604190742,   6.239,9999.000,9999.000,9999.000,9999.000,9999.000,9999.000,9999.000,9999.000
202604190748,   5.797,9999.000,9999.000,9999.000,9999.000,9999.000,9999.000,9999.000,9999.000
202604190754,   5.358,9999.000,9999.000,9999.000,9999.000,9999.000,9999.000,9999.000,9999.000
202604190800,   4.924,9999.000,   0.400,   0.123,   5.447,   0.300,   5.347,   0.500,   5.547
202604190806,   4.496,9999.000,9999.000,9999.000,9999.000,9999.000,9999.000,9999.000,9999.000
202604190812,   4.074,9999.000,9999.000,9999.000,9999.000,9999.000,9999.000,9999.000,9999.000
202604190818,   3.660,9999.000,9999.000,9999.000,9999.000,9999.000,9999.000,9999.000,9999.000
202604190824,   3.253,9999.000,9999.000,9999.000,9999.000,9999.000,9999.000,9999.000,9999.000
202604190830,   2.856,9999.000,9999.000,9999.000,9999.000,9999.000,9999.000,9999.000,9999.000
202604190836,   2.469,9999.000,9999.000,9999.000,9999.000,9999.000,9999.000,9999.000,9999.000
202604190842,   2.093,9999.000,9999.000,9999.000,9999.000,9999.000,9999.000,9999.000,9999.000
202604190848,   1.729,9999.000,9999.000,9999.000,9999.000,9999.000,9999.000,9999.000,9999.000
202604190854,   1.378,9999.000,9999.000,9999.000,9999.000,9999.000,9999.000,9999.000,9999.000
202604190900,   1.040,9999.000,   0.400,   0.112,   1.552,   0.300,   1.452,   0.500,   1.652
202604190906,   0.716,9999.000,9999.000,9999.000,9999.000,9999.000,9999.000,9999.000,9999.000
202604190912,   0.408,9999.000,9999.000,9999.000,9999.000,9999.000,9999.000,9999.000,9999.000
202604190918,   0.115,9999.000,9999.000,9999.000,9999.000,9999.000,9999.000,9999.000,9999.000
202604190924,  -0.160,9999.000,9999.000,9999.000,9999.000,9999.000,9999.000,9999.000,9999.000
202604190930,  -0.419,9999.000,9999.000,9999.000,9999.000,9999.000,9999.000,9999.000,9999.000
202604190936,  -0.659,9999.000,9999.000,9999.000,9999.000,9999.000,9999.000,9999.000,9999.000
202604190942,  -0.881,9999.000,9999.000,9999.000,9999.000,9999.000,9999.000,9999.000,9999.000
202604190948,  -1.083,9999.000,9999.000,9999.000,9999.000,9999.000,9999.000,9999.000,9999.000
202604190954,  -1.266,9999.000,9999.000,9999.000,9999.000,9999.000,9999.000,9999.000,9999.000
202604191000,  -1.428,9999.000,   0.400,   0.102,  -0.926,   0.300,  -1.026,   0.400,  -0.926
202604191006,  -1.570,9999.000,9999.000,9999.000,9999.000,9999.000,9999.000,9999.000,9999.000
202604191012,  -1.690,9999.000,9999.000,9999.000,9999.000,9999.000,9999.000,9999.000,9999.000
202604191018,  -1.788,9999.000,9999.000,9999.000,9999.000,9999.000,9999.000,9999.000,9999.000
202604191024,  -1.865,9999.000,9999.000,9999.000,9999.000,9999.000,9999.000,9999.000,9999.000
202604191030,  -1.920,9999.000,9999.000,9999.000,9999.000,9999.000,9999.000,9999.000,9999.000
202604191036,  -1.952,9999.000,9999.000,9999.000,9999.000,9999.000,9999.000,9999.000,9999.000
202604191042,  -1.963,9999.000,9999.000,9999.000,9999.000,9999.000,9999.000,9999.000,9999.000
202604191048,  -1.951,9999.000,9999.000,9999.000,9999.000,9999.000,9999.000,9999.000,9999.000
202604191054,  -1.917,9999.000,9999.000,9999.000,9999.000,9999.000,9999.000,9999.000,9999.000
202604191100,  -1.861,9999.000,   0.400,   0.091,  -1.370,   0.300,  -1.470,   0.400,  -1.370
202604191106,  -1.784,9999.000,9999.000,9999.000,9999.000,9999.000,9999.000,9999.000,9999.000
202604191112,  -1.684,9999.000,9999.000,9999.000,9999.000,9999.000,9999.000,9999.000,9999.000
202604191118,  -1.564,9999.000,9999.000,9999.000,9999.000,9999.000,9999.000,9999.000,9999.000
202604191124,  -1.423,9999.000,9999.000,9999.000,9999.000,9999.000,9999.000,9999.000,9999.000
202604191130,  -1.262,9999.000,9999.000,9999.000,9999.000,9999.000,9999.000,9999.000,9999.000
202604191136,  -1.081,9999.000,9999.000,9999.000,9999.000,9999.000,9999.000,9999.000,9999.000
202604191142,  -0.881,9999.000,9999.000,9999.000,9999.000,9999.000,9999.000,9999.000,9999.000
202604191148,  -0.662,9999.000,9999.000,9999.000,9999.000,9999.000,9999.000,9999.000,9999.000
202604191154,  -0.426,9999.000,9999.000,9999.000,9999.000,9999.000,9999.000,9999.000,9999.000
202604191200,  -0.172,9999.000,   0.400,   0.081,   0.309,   0.300,   0.209,   0.500,   0.409
202604191206,   0.097,9999.000,9999.000,9999.000,9999.000,9999.000,9999.000,9999.000,9999.000
202604191212,   0.383,9999.000,9999.000,9999.000,9999.000,9999.000,9999.000,9999.000,9999.000
202604191218,   0.685,9999.000,9999.000,9999.000,9999.000,9999.000,9999.000,9999.000,9999.000
202604191224,   1.000,9999.000,9999.000,9999.000,9999.000,9999.000,9999.000,9999.000,9999.000
202604191230,   1.329,9999.000,9999.000,9999.000,9999.000,9999.000,9999.000,9999.000,9999.000
202604191236,   1.671,9999.000,9999.000,9999.000,9999.000,9999.000,9999.000,9999.000,9999.000
202604191242,   2.024,9999.000,9999.000,9999.000,9999.000,9999.000,9999.000,9999.000,9999.000
202604191248,   2.388,9999.000,9999.000,9999.000,9999.000,9999.000,9999.000,9999.000,9999.000
202604191254,   2.763,9999.000,9999.000,9999.000,9999.000,9999.000,9999.000,9999.000,9999.000
202604191300,   3.147,9999.000,   0.400,   0.081,   3.628,   0.300,   3.528,   0.500,   3.728
202604191306,   3.539,9999.000,9999.000,9999.000,9999.000,9999.000,9999.000,9999.000,9999.000
202604191312,   3.939,9999.000,9999.000,9999.000,9999.000,9999.000,9999.000,9999.000,9999.000
202604191318,   4.345,9999.000,9999.000,9999.000,9999.000,9999.000,9999.000,9999.000,9999.000
202604191324,   4.758,9999.000,9999.000,9999.000,9999.000,9999.000,9999.000,9999.000,9999.000
202604191330,   5.175,9999.000,9999.000,9999.000,9999.000,9999.000,9999.000,9999.000,9999.000
202604191336,   5.596,9999.000,9999.000,9999.000,9999.000,9999.000,9999.000,9999.000,9999.000
202604191342,   6.020,9999.000,9999.000,9999.000,9999.000,9999.000,9999.000,9999.000,9999.000
202604191348,   6.446,9999.000,9999.000,9999.000,9999.000,9999.000,9999.000,9999.000,9999.000
202604191354,   6.873,9999.000,9999.000,9999.000,9999.000,9999.000,9999.000,9999.000,9999.000
202604191400,   7.300,9999.000,   0.400,   0.081,   7.781,   0.300,   7.681,   0.500,   7.881
202604191406,   7.726,9999.000,9999.000,9999.000,9999.000,9999.000,9999.000,9999.000,9999.000
202604191412,   8.150,9999.000,9999.000,9999.000,9999.000,9999.000,9999.000,9999.000,9999.000
202604191418,   8.571,9999.000,9999.000,9999.000,9999.000,9999.000,9999.000,9999.000,9999.000
202604191424,   8.988,9999.000,9999.000,9999.000,9999.000,9999.000,9999.000,9999.000,9999.000
202604191430,   9.400,9999.000,9999.000,9999.000,9999.000,9999.000,9999.000,9999.000,9999.000
202604191436,   9.805,9999.000,9999.000,9999.000,9999.000,9999.000,9999.000,9999.000,9999.000
202604191442,  10.203,9999.000,9999.000,9999.000,9999.000,9999.000,9999.000,9999.000,9999.000
202604191448,  10.593,9999.000,9999.000,9999.000,9999.000,9999.000,9999.000,9999.000,9999.000
202604191454,  10.973,9999.000,9999.000,9999.000,9999.000,9999.000,9999.000,9999.000,9999.000
202604191500,  11.342,9999.000,   0.400,   0.081,  11.823,   0.300,  11.723,   0.500,  11.923
202604191506,  11.700,9999.000,9999.000,9999.000,9999.000,9999.000,9999.000,9999.000,9999.000
202604191512,  12.045,9999.000,9999.000,9999.000,9999.000,9999.000,9999.000,9999.000,9999.000
202604191518,  12.376,9999.000,9999.000,9999.000,9999.000,9999.000,9999.000,9999.000,9999.000
202604191524,  12.693,9999.000,9999.000,9999.000,9999.000,9999.000,9999.000,9999.000,9999.000
202604191530,  12.994,9999.000,9999.000,9999.000,9999.000,9999.000,9999.000,9999.000,9999.000
202604191536,  13.278,9999.000,9999.000,9999.000,9999.000,9999.000,9999.000,9999.000,9999.000
202604191542,  13.544,9999.000,9999.000,9999.000,9999.000,9999.000,9999.000,9999.000,9999.000
202604191548,  13.792,9999.000,9999.000,9999.000,9999.000,9999.000,9999.000,9999.000,9999.000
202604191554,  14.021,9999.000,9999.000,9999.000,9999.000,9999.000,9999.000,9999.000,9999.000
202604191600,  14.231,9999.000,   0.400,   0.081,  14.712,   0.300,  14.612,   0.500,  14.812
202604191606,  14.419,9999.000,9999.000,9999.000,9999.000,9999.000,9999.000,9999.000,9999.000
202604191612,  14.587,9999.000,9999.000,9999.000,9999.000,9999.000,9999.000,9999.000,9999.000
202604191618,  14.733,9999.000,9999.000,9999.000,9999.000,9999.000,9999.000,9999.000,9999.000
202604191624,  14.857,9999.000,9999.000,9999.000,9999.000,9999.000,9999.000,9999.000,9999.000
202604191630,  14.958,9999.000,9999.000,9999.000,9999.000,9999.000,9999.000,9999.000,9999.000
202604191636,  15.037,9999.000,9999.000,9999.000,9999.000,9999.000,9999.000,9999.000,9999.000
202604191642,  15.093,9999.000,9999.000,9999.000,9999.000,9999.000,9999.000,9999.000,9999.000
202604191648,  15.126,9999.000,9999.000,9999.000,9999.000,9999.000,9999.000,9999.000,9999.000
202604191654,  15.136,9999.000,9999.000,9999.000,9999.000,9999.000,9999.000,9999.000,9999.000
202604191700,  15.123,9999.000,   0.400,   0.081,  15.604,   0.300,  15.504,   0.500,  15.704
202604191706,  15.087,9999.000,9999.000,9999.000,9999.000,9999.000,9999.000,9999.000,9999.000
202604191712,  15.029,9999.000,9999.000,9999.000,9999.000,9999.000,9999.000,9999.000,9999.000
202604191718,  14.948,9999.000,9999.000,9999.000,9999.000,9999.000,9999.000,9999.000,9999.000
202604191724,  14.846,9999.000,9999.000,9999.000,9999.000,9999.000,9999.000,9999.000,9999.000
202604191730,  14.722,9999.000,9999.000,9999.000,9999.000,9999.000,9999.000,9999.000,9999.000
202604191736,  14.577,9999.000,9999.000,9999.000,9999.000,9999.000,9999.000,9999.000,9999.000
202604191742,  14.411,9999.000,9999.000,9999.000,9999.000,9999.000,9999.000,9999.000,9999.000
202604191748,  14.226,9999.000,9999.000,9999.000,9999.000,9999.000,9999.000,9999.000,9999.000
202604191754,  14.022,9999.000,9999.000,9999.000,9999.000,9999.000,9999.000,9999.000,9999.000
202604191800,  13.799,9999.000,   0.400,   0.081,  14.280,   0.300,  14.180,   0.500,  14.380
202604191806,  13.559,9999.000,9999.000,9999.000,9999.000,9999.000,9999.000,9999.000,9999.000
202604191812,  13.301,9999.000,9999.000,9999.000,9999.000,9999.000,9999.000,9999.000,9999.000
202604191818,  13.028,9999.000,9999.000,9999.000,9999.000,9999.000,9999.000,9999.000,9999.000
202604191824,  12.740,9999.000,9999.000,9999.000,9999.000,9999.000,9999.000,9999.000,9999.000
202604191830,  12.438,9999.000,9999.000,9999.000,9999.000,9999.000,9999.000,9999.000,9999.000
202604191836,  12.123,9999.000,9999.000,9999.000,9999.000,9999.000,9999.000,9999.000,9999.000
202604191842,  11.795,9999.000,9999.000,9999.000,9999.000,9999.000,9999.000,9999.000,9999.000
202604191848,  11.456,9999.000,9999.000,9999.000,9999.000,9999.000,9999.000,9999.000,9999.000
202604191854,  11.107,9999.000,9999.000,9999.000,9999.000,9999.000,9999.000,9999.000,9999.000
202604191900,  10.749,9999.000,   0.400,   0.081,  11.230,   0.300,  11.130,   0.500,  11.330
202604191906,  10.383,9999.000,9999.000,9999.000,9999.000,9999.000,9999.000,9999.000,9999.000
202604191912,  10.009,9999.000,9999.000,9999.000,9999.000,9999.000,9999.000,9999.000,9999.000
202604191918,   9.629,9999.000,9999.000,9999.000,9999.000,9999.000,9999.000,9999.000,9999.000
202604191924,   9.244,9999.000,9999.000,9999.000,9999.000,9999.000,9999.000,9999.000,9999.000
202604191930,   8.855,9999.000,9999.000,9999.000,9999.000,9999.000,9999.000,9999.000,9999.000
202604191936,   8.463,9999.000,9999.000,9999.000,9999.000,9999.000,9999.000,9999.000,9999.000
202604191942,   8.068,9999.000,9999.000,9999.000,9999.000,9999.000,9999.000,9999.000,9999.000
202604191948,   7.672,9999.000,9999.000,9999.000,9999.000,9999.000,9999.000,9999.000,9999.000
202604191954,   7.275,9999.000,9999.000,9999.000,9999.000,9999.000,9999.000,9999.000,9999.000
202604192000,   6.879,9999.000,   0.400,   0.081,   7.360,   0.300,   7.260,   0.500,   7.460
202604192006,   6.485,9999.000,9999.000,9999.000,9999.000,9999.000,9999.000,9999.000,9999.000
202604192012,   6.093,9999.000,9999.000,9999.000,9999.000,9999.000,9999.000,9999.000,9999.000
202604192018,   5.704,9999.000,9999.000,9999.000,9999.000,9999.000,9999.000,9999.000,9999.000
202604192024,   5.319,9999.000,9999.000,9999.000,9999.000,9999.000,9999.000,9999.000,9999.000
202604192030,   4.940,9999.000,9999.000,9999.000,9999.000,9999.000,9999.000,9999.000,9999.000
202604192036,   4.566,9999.000,9999.000,9999.000,9999.000,9999.000,9999.000,9999.000,9999.000
202604192042,   4.199,9999.000,9999.000,9999.000,9999.000,9999.000,9999.000,9999.000,9999.000
202604192048,   3.840,9999.000,9999.000,9999.000,9999.000,9999.000,9999.000,9999.000,9999.000
202604192054,   3.489,9999.000,9999.000,9999.000,9999.000,9999.000,9999.000,9999.000,9999.000
202604192100,   3.148,9999.000,   0.400,   0.081,   3.629,   0.300,   3.529,   0.500,   3.729
202604192106,   2.817,9999.000,9999.000,9999.000,9999.000,9999.000,9999.000,9999.000,9999.000
202604192112,   2.496,9999.000,9999.000,9999.000,9999.000,9999.000,9999.000,9999.000,9999.000
202604192118,   2.188,9999.000,9999.000,9999.000,9999.000,9999.000,9999.000,9999.000,9999.000
202604192124,   1.892,9999.000,9999.000,9999.000,9999.000,9999.000,9999.000,9999.000,9999.000
202604192130,   1.610,9999.000,9999.000,9999.000,9999.000,9999.000,9999.000,9999.000,9999.000
202604192136,   1.342,9999.000,9999.000,9999.000,9999.000,9999.000,9999.000,9999.000,9999.000
202604192142,   1.089,9999.000,9999.000,9999.000,9999.000,9999.000,9999.000,9999.000,9999.000
202604192148,   0.851,9999.000,9999.000,9999.000,9999.000,9999.000,9999.000,9999.000,9999.000
202604192154,   0.630,9999.000,9999.000,9999.000,9999.000,9999.000,9999.000,9999.000,9999.000
202604192200,   0.426,9999.000,   0.400,   0.081,   0.907,   0.300,   0.807,   0.500,   1.007
202604192206,   0.239,9999.000,9999.000,9999.000,9999.000,9999.000,9999.000,9999.000,9999.000
202604192212,   0.071,9999.000,9999.000,9999.000,9999.000,9999.000,9999.000,9999.000,9999.000
202604192218,  -0.078,9999.000,9999.000,9999.000,9999.000,9999.000,9999.000,9999.000,9999.000
202604192224,  -0.208,9999.000,9999.000,9999.000,9999.000,9999.000,9999.000,9999.000,9999.000
202604192230,  -0.319,9999.000,9999.000,9999.000,9999.000,9999.000,9999.000,9999.000,9999.000
202604192236,  -0.409,9999.000,9999.000,9999.000,9999.000,9999.000,9999.000,9999.000,9999.000
202604192242,  -0.479,9999.000,9999.000,9999.000,9999.000,9999.000,9999.000,9999.000,9999.000
202604192248,  -0.528,9999.000,9999.000,9999.000,9999.000,9999.000,9999.000,9999.000,9999.000
202604192254,  -0.556,9999.000,9999.000,9999.000,9999.000,9999.000,9999.000,9999.000,9999.000
202604192300,  -0.564,9999.000,   0.400,   0.081,  -0.083,   0.300,  -0.183,   0.500,   0.017
202604192306,  -0.550,9999.000,9999.000,9999.000,9999.000,9999.000,9999.000,9999.000,9999.000
202604192312,  -0.514,9999.000,9999.000,9999.000,9999.000,9999.000,9999.000,9999.000,9999.000
202604192318,  -0.458,9999.000,9999.000,9999.000,9999.000,9999.000,9999.000,9999.000,9999.000
202604192324,  -0.381,9999.000,9999.000,9999.000,9999.000,9999.000,9999.000,9999.000,9999.000
202604192330,  -0.283,9999.000,9999.000,9999.000,9999.000,9999.000,9999.000,9999.000,9999.000
202604192336,  -0.165,9999.000,9999.000,9999.000,9999.000,9999.000,9999.000,9999.000,9999.000
202604192342,  -0.026,9999.000,9999.000,9999.000,9999.000,9999.000,9999.000,9999.000,9999.000
202604192348,   0.131,9999.000,9999.000,9999.000,9999.000,9999.000,9999.000,9999.000,9999.000
202604192354,   0.308,9999.000,9999.000,9999.000,9999.000,9999.000,9999.000,9999.000,9999.000
202604200000,   0.505,9999.000,   0.400,   0.081,   0.986,   0.300,   0.886,   0.500,   1.086
202604200006,   0.719,9999.000,9999.000,9999.000,9999.000,9999.000,9999.000,9999.000,9999.000
202604200012,   0.952,9999.000,9999.000,9999.000,9999.000,9999.000,9999.000,9999.000,9999.000
202604200018,   1.201,9999.000,9999.000,9999.000,9999.000,9999.000,9999.000,9999.000,9999.000
202604200024,   1.466,9999.000,9999.000,9999.000,9999.000,9999.000,9999.000,9999.000,9999.000
202604200030,   1.748,9999.000,9999.000,9999.000,9999.000,9999.000,9999.000,9999.000,9999.000
202604200036,   2.044,9999.000,9999.000,9999.000,9999.000,9999.000,9999.000,9999.000,9999.000
202604200042,   2.354,9999.000,9999.000,9999.000,9999.000,9999.000,9999.000,9999.000,9999.000
202604200048,   2.678,9999.000,9999.000,9999.000,9999.000,9999.000,9999.000,9999.000,9999.000
202604200054,   3.014,9999.000,9999.000,9999.000,9999.000,9999.000,9999.000,9999.000,9999.000
202604200100,   3.362,9999.000,   0.300,   0.081,   3.743,   0.100,   3.543,   0.400,   3.843
202604200106,   3.721,9999.000,9999.000,9999.000,9999.000,9999.000,9999.000,9999.000,9999.000
202604200112,   4.091,9999.000,9999.000,9999.000,9999.000,9999.000,9999.000,9999.000,9999.000
202604200118,   4.469,9999.000,9999.000,9999.000,9999.000,9999.000,9999.000,9999.000,9999.000
202604200124,   4.856,9999.000,9999.000,9999.000,9999.000,9999.000,9999.000,9999.000,9999.000
202604200130,   5.251,9999.000,9999.000,9999.000,9999.000,9999.000,9999.000,9999.000,9999.000
202604200136,   5.652,9999.000,9999.000,9999.000,9999.000,9999.000,9999.000,9999.000,9999.000
202604200142,   6.059,9999.000,9999.000,9999.000,9999.000,9999.000,9999.000,9999.000,9999.000
202604200148,   6.471,9999.000,9999.000,9999.000,9999.000,9999.000,9999.000,9999.000,9999.000
202604200154,   6.887,9999.000,9999.000,9999.000,9999.000,9999.000,9999.000,9999.000,9999.000
202604200200,   7.306,9999.000,   0.200,   0.081,   7.587,   0.000,   7.387,   0.400,   7.787
202604200206,   7.727,9999.000,9999.000,9999.000,9999.000,9999.000,9999.000,9999.000,9999.000
202604200212,   8.149,9999.000,9999.000,9999.000,9999.000,9999.000,9999.000,9999.000,9999.000
202604200218,   8.572,9999.000,9999.000,9999.000,9999.000,9999.000,9999.000,9999.000,9999.000
202604200224,   8.994,9999.000,9999.000,9999.000,9999.000,9999.000,9999.000,9999.000,9999.000
202604200230,   9.413,9999.000,9999.000,9999.000,9999.000,9999.000,9999.000,9999.000,9999.000
202604200236,   9.830,9999.000,9999.000,9999.000,9999.000,9999.000,9999.000,9999.000,9999.000
202604200242,  10.243,9999.000,9999.000,9999.000,9999.000,9999.000,9999.000,9999.000,9999.000
202604200248,  10.651,9999.000,9999.000,9999.000,9999.000,9999.000,9999.000,9999.000,9999.000
202604200254,  11.053,9999.000,9999.000,9999.000,9999.000,9999.000,9999.000,9999.000,9999.000
202604200300,  11.448,9999.000,   0.100,   0.081,  11.629,   0.000,  11.529,   0.200,  11.729
202604200306,  11.835,9999.000,9999.000,9999.000,9999.000,9999.000,9999.000,9999.000,9999.000
202604200312,  12.212,9999.000,9999.000,9999.000,9999.000,9999.000,9999.000,9999.000,9999.000
202604200318,  12.579,9999.000,9999.000,9999.000,9999.000,9999.000,9999.000,9999.000,9999.000
202604200324,  12.934,9999.000,9999.000,9999.000,9999.000,9999.000,9999.000,9999.000,9999.000
202604200330,  13.277,9999.000,9999.000,9999.000,9999.000,9999.000,9999.000,9999.000,9999.000
202604200336,  13.606,9999.000,9999.000,9999.000,9999.000,9999.000,9999.000,9999.000,9999.000
202604200342,  13.921,9999.000,9999.000,9999.000,9999.000,9999.000,9999.000,9999.000,9999.000
202604200348,  14.219,9999.000,9999.000,9999.000,9999.000,9999.000,9999.000,9999.000,9999.000
202604200354,  14.502,9999.000,9999.000,9999.000,9999.000,9999.000,9999.000,9999.000,9999.000
202604200400,  14.766,9999.000,   0.000,   0.081,  14.847,  -0.200,  14.647,   0.100,  14.947
202604200406,  15.013,9999.000,9999.000,9999.000,9999.000,9999.000,9999.000,9999.000,9999.000
202604200412,  15.240,9999.000,9999.000,9999.000,9999.000,9999.000,9999.000,9999.000,9999.000
202604200418,  15.447,9999.000,9999.000,9999.000,9999.000,9999.000,9999.000,9999.000,9999.000
202604200424,  15.633,9999.000,9999.000,9999.000,9999.000,9999.000,9999.000,9999.000,9999.000
202604200430,  15.798,9999.000,9999.000,9999.000,9999.000,9999.000,9999.000,9999.000,9999.000
202604200436,  15.941,9999.000,9999.000,9999.000,9999.000,9999.000,9999.000,9999.000,9999.000
202604200442,  16.061,9999.000,9999.000,9999.000,9999.000,9999.000,9999.000,9999.000,9999.000
202604200448,  16.159,9999.000,9999.000,9999.000,9999.000,9999.000,9999.000,9999.000,9999.000
202604200454,  16.233,9999.000,9999.000,9999.000,9999.000,9999.000,9999.000,9999.000,9999.000
202604200500,  16.284,9999.000,  -0.200,   0.081,  16.165,  -0.300,  16.065,   0.000,  16.365
202604200506,  16.311,9999.000,9999.000,9999.000,9999.000,9999.000,9999.000,9999.000,9999.000
202604200512,  16.315,9999.000,9999.000,9999.000,9999.000,9999.000,9999.000,9999.000,9999.000
202604200518,  16.294,9999.000,9999.000,9999.000,9999.000,9999.000,9999.000,9999.000,9999.000
202604200524,  16.250,9999.000,9999.000,9999.000,9999.000,9999.000,9999.000,9999.000,9999.000
202604200530,  16.183,9999.000,9999.000,9999.000,9999.000,9999.000,9999.000,9999.000,9999.000
202604200536,  16.092,9999.000,9999.000,9999.000,9999.000,9999.000,9999.000,9999.000,9999.000
202604200542,  15.978,9999.000,9999.000,9999.000,9999.000,9999.000,9999.000,9999.000,9999.000
202604200548,  15.841,9999.000,9999.000,9999.000,9999.000,9999.000,9999.000,9999.000,9999.000
202604200554,  15.682,9999.000,9999.000,9999.000,9999.000,9999.000,9999.000,9999.000,9999.000
202604200600,  15.502,9999.000,  -0.200,   0.081,  15.383,  -0.400,  15.183,   0.000,  15.583
202604200606,  15.300,9999.000,9999.000,9999.000,9999.000,9999.000,9999.000,9999.000,9999.000
202604200612,  15.078,9999.000,9999.000,9999.000,9999.000,9999.000,9999.000,9999.000,9999.000
202604200618,  14.836,9999.000,9999.000,9999.000,9999.000,9999.000,9999.000,9999.000,9999.000
202604200624,  14.576,9999.000,9999.000,9999.000,9999.000,9999.000,9999.000,9999.000,9999.000
202604200630,  14.297,9999.000,9999.000,9999.000,9999.000,9999.000,9999.000,9999.000,9999.000
202604200636,  14.001,9999.000,9999.000,9999.000,9999.000,9999.000,9999.000,9999.000,9999.000
202604200642,  13.688,9999.000,9999.000,9999.000,9999.000,9999.000,9999.000,9999.000,9999.000
202604200648,  13.360,9999.000,9999.000,9999.000,9999.000,9999.000,9999.000,9999.000,9999.000
202604200654,  13.018,9999.000,9999.000,9999.000,9999.000,9999.000,9999.000,9999.000,9999.000
202604200700,  12.662,9999.000,  -0.300,   0.081,  12.443,  -0.500,  12.243,  -0.100,  12.643
202604200706,  12.293,9999.000,9999.000,9999.000,9999.000,9999.000,9999.000,9999.000,9999.000
202604200712,  11.913,9999.000,9999.000,9999.000,9999.000,9999.000,9999.000,9999.000,9999.000
202604200718,  11.523,9999.000,9999.000,9999.000,9999.000,9999.000,9999.000,9999.000,9999.000
202604200724,  11.123,9999.000,9999.000,9999.000,9999.000,9999.000,9999.000,9999.000,9999.000
202604200730,  10.715,9999.000,9999.000,9999.000,9999.000,9999.000,9999.000,9999.000,9999.000
202604200736,  10.299,9999.000,9999.000,9999.000,9999.000,9999.000,9999.000,9999.000,9999.000
202604200742,   9.877,9999.000,9999.000,9999.000,9999.000,9999.000,9999.000,9999.000,9999.000
202604200748,   9.450,9999.000,9999.000,9999.000,9999.000,9999.000,9999.000,9999.000,9999.000
202604200754,   9.018,9999.000,9999.000,9999.000,9999.000,9999.000,9999.000,9999.000,9999.000
202604200800,   8.583,9999.000,  -0.300,   0.081,   8.364,  -0.600,   8.064,  -0.200,   8.464
202604200806,   8.146,9999.000,9999.000,9999.000,9999.000,9999.000,9999.000,9999.000,9999.000
202604200812,   7.707,9999.000,9999.000,9999.000,9999.000,9999.000,9999.000,9999.000,9999.000
202604200818,   7.268,9999.000,9999.000,9999.000,9999.000,9999.000,9999.000,9999.000,9999.000
202604200824,   6.830,9999.000,9999.000,9999.000,9999.000,9999.000,9999.000,9999.000,9999.000
202604200830,   6.393,9999.000,9999.000,9999.000,9999.000,9999.000,9999.000,9999.000,9999.000
202604200836,   5.959,9999.000,9999.000,9999.000,9999.000,9999.000,9999.000,9999.000,9999.000
202604200842,   5.528,9999.000,9999.000,9999.000,9999.000,9999.000,9999.000,9999.000,9999.000
202604200848,   5.102,9999.000,9999.000,9999.000,9999.000,9999.000,9999.000,9999.000,9999.000
202604200854,   4.680,9999.000,9999.000,9999.000,9999.000,9999.000,9999.000,9999.000,9999.000
202604200900,   4.265,9999.000,  -0.300,   0.081,   4.046,  -0.500,   3.846,  -0.100,   4.246
202604200906,   3.857,9999.000,9999.000,9999.000,9999.000,9999.000,9999.000,9999.000,9999.000
202604200912,   3.457,9999.000,9999.000,9999.000,9999.000,9999.000,9999.000,9999.000,9999.000
202604200918,   3.065,9999.000,9999.000,9999.000,9999.000,9999.000,9999.000,9999.000,9999.000
202604200924,   2.683,9999.000,9999.000,9999.000,9999.000,9999.000,9999.000,9999.000,9999.000
202604200930,   2.312,9999.000,9999.000,9999.000,9999.000,9999.000,9999.000,9999.000,9999.000
202604200936,   1.952,9999.000,9999.000,9999.000,9999.000,9999.000,9999.000,9999.000,9999.000
202604200942,   1.603,9999.000,9999.000,9999.000,9999.000,9999.000,9999.000,9999.000,9999.000
202604200948,   1.268,9999.000,9999.000,9999.000,9999.000,9999.000,9999.000,9999.000,9999.000
202604200954,   0.947,9999.000,9999.000,9999.000,9999.000,9999.000,9999.000,9999.000,9999.000
202604201000,   0.639,9999.000,  -0.300,   0.081,   0.420,  -0.500,   0.220,   0.000,   0.720
202604201006,   0.348,9999.000,9999.000,9999.000,9999.000,9999.000,9999.000,9999.000,9999.000
202604201012,   0.072,9999.000,9999.000,9999.000,9999.000,9999.000,9999.000,9999.000,9999.000
202604201018,  -0.187,9999.000,9999.000,9999.000,9999.000,9999.000,9999.000,9999.000,9999.000
202604201024,  -0.429,9999.000,9999.000,9999.000,9999.000,9999.000,9999.000,9999.000,9999.000
202604201030,  -0.653,9999.000,9999.000,9999.000,9999.000,9999.000,9999.000,9999.000,9999.000
202604201036,  -0.858,9999.000,9999.000,9999.000,9999.000,9999.000,9999.000,9999.000,9999.000
202604201042,  -1.044,9999.000,9999.000,9999.000,9999.000,9999.000,9999.000,9999.000,9999.000
202604201048,  -1.211,9999.000,9999.000,9999.000,9999.000,9999.000,9999.000,9999.000,9999.000
202604201054,  -1.357,9999.000,9999.000,9999.000,9999.000,9999.000,9999.000,9999.000,9999.000
202604201100,  -1.483,9999.000,  -0.100,   0.081,  -1.502,  -0.300,  -1.702,   0.000,  -1.402
202604201106,  -1.588,9999.000,9999.000,9999.000,9999.000,9999.000,9999.000,9999.000,9999.000
202604201112,  -1.672,9999.000,9999.000,9999.000,9999.000,9999.000,9999.000,9999.000,9999.000
202604201118,  -1.735,9999.000,9999.000,9999.000,9999.000,9999.000,9999.000,9999.000,9999.000
202604201124,  -1.776,9999.000,9999.000,9999.000,9999.000,9999.000,9999.000,9999.000,9999.000
202604201130,  -1.796,9999.000,9999.000,9999.000,9999.000,9999.000,9999.000,9999.000,9999.000
202604201136,  -1.794,9999.000,9999.000,9999.000,9999.000,9999.000,9999.000,9999.000,9999.000
202604201142,  -1.770,9999.000,9999.000,9999.000,9999.000,9999.000,9999.000,9999.000,9999.000
202604201148,  -1.725,9999.000,9999.000,9999.000,9999.000,9999.000,9999.000,9999.000,9999.000
202604201154,  -1.659,9999.000,9999.000,9999.000,9999.000,9999.000,9999.000,9999.000,9999.000
202604201200,  -1.571,9999.000,  -0.100,   0.081,  -1.590,  -0.300,  -1.790,   0.100,  -1.390
202604201206,  -1.464,9999.000,9999.000,9999.000,9999.000,9999.000,9999.000,9999.000,9999.000
202604201212,  -1.335,9999.000,9999.000,9999.000,9999.000,9999.000,9999.000,9999.000,9999.000
202604201218,  -1.187,9999.000,9999.000,9999.000,9999.000,9999.000,9999.000,9999.000,9999.000
202604201224,  -1.020,9999.000,9999.000,9999.000,9999.000,9999.000,9999.000,9999.000,9999.000
202604201230,  -0.834,9999.000,9999.000,9999.000,9999.000,9999.000,9999.000,9999.000,9999.000
202604201236,  -0.629,9999.000,9999.000,9999.000,9999.000,9999.000,9999.000,9999.000,9999.000
202604201242,  -0.407,9999.000,9999.000,9999.000,9999.000,9999.000,9999.000,9999.000,9999.000
202604201248,  -0.168,9999.000,9999.000,9999.000,9999.000,9999.000,9999.000,9999.000,9999.000
202604201254,   0.087,9999.000,9999.000,9999.000,9999.000,9999.000,9999.000,9999.000,9999.000
202604201300,   0.358,9999.000,   0.000,   0.081,   0.439,  -0.100,   0.339,   0.100,   0.539
202604201306,   0.644,9999.000,9999.000,9999.000,9999.000,9999.000,9999.000,9999.000,9999.000
202604201312,   0.944,9999.000,9999.000,9999.000,9999.000,9999.000,9999.000,9999.000,9999.000
202604201318,   1.258,9999.000,9999.000,9999.000,9999.000,9999.000,9999.000,9999.000,9999.000
202604201324,   1.584,9999.000,9999.000,9999.000,9999.000,9999.000,9999.000,9999.000,9999.000
202604201330,   1.922,9999.000,9999.000,9999.000,9999.000,9999.000,9999.000,9999.000,9999.000
202604201336,   2.270,9999.000,9999.000,9999.000,9999.000,9999.000,9999.000,9999.000,9999.000
202604201342,   2.629,9999.000,9999.000,9999.000,9999.000,9999.000,9999.000,9999.000,9999.000
202604201348,   2.998,9999.000,9999.000,9999.000,9999.000,9999.000,9999.000,9999.000,9999.000
202604201354,   3.375,9999.000,9999.000,9999.000,9999.000,9999.000,9999.000,9999.000,9999.000
202604201400,   3.759,9999.000,   0.000,   0.081,   3.840,  -0.100,   3.740,   0.100,   3.940
202604201406,   4.150,9999.000,9999.000,9999.000,9999.000,9999.000,9999.000,9999.000,9999.000
202604201412,   4.548,9999.000,9999.000,9999.000,9999.000,9999.000,9999.000,9999.000,9999.000
202604201418,   4.950,9999.000,9999.000,9999.000,9999.000,9999.000,9999.000,9999.000,9999.000
202604201424,   5.356,9999.000,9999.000,9999.000,9999.000,9999.000,9999.000,9999.000,9999.000
202604201430,   5.766,9999.000,9999.000,9999.000,9999.000,9999.000,9999.000,9999.000,9999.000
202604201436,   6.178,9999.000,9999.000,9999.000,9999.000,9999.000,9999.000,9999.000,9999.000
202604201442,   6.591,9999.000,9999.000,9999.000,9999.000,9999.000,9999.000,9999.000,9999.000
202604201448,   7.005,9999.000,9999.000,9999.000,9999.000,9999.000,9999.000,9999.000,9999.000
202604201454,   7.418,9999.000,9999.000,9999.000,9999.000,9999.000,9999.000,9999.000,9999.000
202604201500,   7.830,9999.000,   0.000,   0.081,   7.911,   0.000,   7.911,   0.100,   8.011
202604201506,   8.239,9999.000,9999.000,9999.000,9999.000,9999.000,9999.000,9999.000,9999.000
202604201512,   8.644,9999.000,9999.000,9999.000,9999.000,9999.000,9999.000,9999.000,9999.000
202604201518,   9.045,9999.000,9999.000,9999.000,9999.000,9999.000,9999.000,9999.000,9999.000
202604201524,   9.440,9999.000,9999.000,9999.000,9999.000,9999.000,9999.000,9999.000,9999.000
202604201530,   9.829,9999.000,9999.000,9999.000,9999.000,9999.000,9999.000,9999.000,9999.000
202604201536,  10.210,9999.000,9999.000,9999.000,9999.000,9999.000,9999.000,9999.000,9999.000
202604201542,  10.582,9999.000,9999.000,9999.000,9999.000,9999.000,9999.000,9999.000,9999.000
202604201548,  10.944,9999.000,9999.000,9999.000,9999.000,9999.000,9999.000,9999.000,9999.000
202604201554,  11.296,9999.000,9999.000,9999.000,9999.000,9999.000,9999.000,9999.000,9999.000
202604201600,  11.635,9999.000,   0.000,   0.081,  11.716,   0.000,  11.716,   0.100,  11.816
202604201606,  11.962,9999.000,9999.000,9999.000,9999.000,9999.000,9999.000,9999.000,9999.000
202604201612,  12.274,9999.000,9999.000,9999.000,9999.000,9999.000,9999.000,9999.000,9999.000
202604201618,  12.572,9999.000,9999.000,9999.000,9999.000,9999.000,9999.000,9999.000,9999.000
202604201624,  12.854,9999.000,9999.000,9999.000,9999.000,9999.000,9999.000,9999.000,9999.000
202604201630,  13.120,9999.000,9999.000,9999.000,9999.000,9999.000,9999.000,9999.000,9999.000
202604201636,  13.368,9999.000,9999.000,9999.000,9999.000,9999.000,9999.000,9999.000,9999.000
202604201642,  13.598,9999.000,9999.000,9999.000,9999.000,9999.000,9999.000,9999.000,9999.000
202604201648,  13.809,9999.000,9999.000,9999.000,9999.000,9999.000,9999.000,9999.000,9999.000
202604201654,  14.000,9999.000,9999.000,9999.000,9999.000,9999.000,9999.000,9999.000,9999.000
202604201700,  14.172,9999.000,   0.000,   0.081,  14.253,  -0.100,  14.153,   0.100,  14.353
202604201706,  14.322,9999.000,9999.000,9999.000,9999.000,9999.000,9999.000,9999.000,9999.000
202604201712,  14.452,9999.000,9999.000,9999.000,9999.000,9999.000,9999.000,9999.000,9999.000
202604201718,  14.561,9999.000,9999.000,9999.000,9999.000,9999.000,9999.000,9999.000,9999.000
202604201724,  14.647,9999.000,9999.000,9999.000,9999.000,9999.000,9999.000,9999.000,9999.000
202604201730,  14.712,9999.000,9999.000,9999.000,9999.000,9999.000,9999.000,9999.000,9999.000
202604201736,  14.755,9999.000,9999.000,9999.000,9999.000,9999.000,9999.000,9999.000,9999.000
202604201742,  14.775,9999.000,9999.000,9999.000,9999.000,9999.000,9999.000,9999.000,9999.000
202604201748,  14.774,9999.000,9999.000,9999.000,9999.000,9999.000,9999.000,9999.000,9999.000
202604201754,  14.750,9999.000,9999.000,9999.000,9999.000,9999.000,9999.000,9999.000,9999.000
202604201800,  14.705,9999.000,   0.000,   0.081,  14.786,  -0.100,  14.686,   0.000,  14.786
202604201806,  14.639,9999.000,9999.000,9999.000,9999.000,9999.000,9999.000,9999.000,9999.000
202604201812,  14.551,9999.000,9999.000,9999.000,9999.000,9999.000,9999.000,9999.000,9999.000
202604201818,  14.442,9999.000,9999.000,9999.000,9999.000,9999.000,9999.000,9999.000,9999.000
202604201824,  14.313,9999.000,9999.000,9999.000,9999.000,9999.000,9999.000,9999.000,9999.000
202604201830,  14.165,9999.000,9999.000,9999.000,9999.000,9999.000,9999.000,9999.000,9999.000
202604201836,  13.997,9999.000,9999.000,9999.000,9999.000,9999.000,9999.000,9999.000,9999.000
202604201842,  13.811,9999.000,9999.000,9999.000,9999.000,9999.000,9999.000,9999.000,9999.000
202604201848,  13.607,9999.000,9999.000,9999.000,9999.000,9999.000,9999.000,9999.000,9999.000
202604201854,  13.386,9999.000,9999.000,9999.000,9999.000,9999.000,9999.000,9999.000,9999.000
202604201900,  13.148,9999.000,   0.000,   0.081,  13.229,  -0.100,  13.129,   0.000,  13.229
202604201906,  12.895,9999.000,9999.000,9999.000,9999.000,9999.000,9999.000,9999.000,9999.000
202604201912,  12.628,9999.000,9999.000,9999.000,9999.000,9999.000,9999.000,9999.000,9999.000
202604201918,  12.347,9999.000,9999.000,9999.000,9999.000,9999.000,9999.000,9999.000,9999.000
202604201924,  12.053,9999.000,9999.000,9999.000,9999.000,9999.000,9999.000,9999.000,9999.000
202604201930,  11.746,9999.000,9999.000,9999.000,9999.000,9999.000,9999.000,9999.000,9999.000
202604201936,  11.429,9999.000,9999.000,9999.000,9999.000,9999.000,9999.000,9999.000,9999.000
202604201942,  11.102,9999.000,9999.000,9999.000,9999.000,9999.000,9999.000,9999.000,9999.000
202604201948,  10.766,9999.000,9999.000,9999.000,9999.000,9999.000,9999.000,9999.000,9999.000
202604201954,  10.421,9999.000,9999.000,9999.000,9999.000,9999.000,9999.000,9999.000,9999.000
202604202000,  10.070,9999.000,  -0.100,   0.081,  10.051,  -0.200,   9.951,   0.000,  10.151
202604202006,   9.712,9999.000,9999.000,9999.000,9999.000,9999.000,9999.000,9999.000,9999.000
202604202012,   9.349,9999.000,9999.000,9999.000,9999.000,9999.000,9999.000,9999.000,9999.000
202604202018,   8.981,9999.000,9999.000,9999.000,9999.000,9999.000,9999.000,9999.000,9999.000
202604202024,   8.610,9999.000,9999.000,9999.000,9999.000,9999.000,9999.000,9999.000,9999.000
202604202030,   8.236,9999.000,9999.000,9999.000,9999.000,9999.000,9999.000,9999.000,9999.000
202604202036,   7.861,9999.000,9999.000,9999.000,9999.000,9999.000,9999.000,9999.000,9999.000
202604202042,   7.484,9999.000,9999.000,9999.000,9999.000,9999.000,9999.000,9999.000,9999.000
202604202048,   7.108,9999.000,9999.000,9999.000,9999.000,9999.000,9999.000,9999.000,9999.000
202604202054,   6.733,9999.000,9999.000,9999.000,9999.000,9999.000,9999.000,9999.000,9999.000
202604202100,   6.360,9999.000,  -0.100,   0.081,   6.341,  -0.200,   6.241,   0.000,   6.441
202604202106,   5.989,9999.000,9999.000,9999.000,9999.000,9999.000,9999.000,9999.000,9999.000
202604202112,   5.622,9999.000,9999.000,9999.000,9999.000,9999.000,9999.000,9999.000,9999.000
202604202118,   5.259,9999.000,9999.000,9999.000,9999.000,9999.000,9999.000,9999.000,9999.000
202604202124,   4.902,9999.000,9999.000,9999.000,9999.000,9999.000,9999.000,9999.000,9999.000
202604202130,   4.550,9999.000,9999.000,9999.000,9999.000,9999.000,9999.000,9999.000,9999.000
202604202136,   4.205,9999.000,9999.000,9999.000,9999.000,9999.000,9999.000,9999.000,9999.000
202604202142,   3.868,9999.000,9999.000,9999.000,9999.000,9999.000,9999.000,9999.000,9999.000
202604202148,   3.539,9999.000,9999.000,9999.000,9999.000,9999.000,9999.000,9999.000,9999.000
202604202154,   3.219,9999.000,9999.000,9999.000,9999.000,9999.000,9999.000,9999.000,9999.000
202604202200,   2.909,9999.000,   0.000,   0.081,   2.990,  -0.200,   2.790,   0.000,   2.990
202604202206,   2.610,9999.000,9999.000,9999.000,9999.000,9999.000,9999.000,9999.000,9999.000
202604202212,   2.322,9999.000,9999.000,9999.000,9999.000,9999.000,9999.000,9999.000,9999.000
202604202218,   2.047,9999.000,9999.000,9999.000,9999.000,9999.000,9999.000,9999.000,9999.000
202604202224,   1.784,9999.000,9999.000,9999.000,9999.000,9999.000,9999.000,9999.000,9999.000
202604202230,   1.536,9999.000,9999.000,9999.000,9999.000,9999.000,9999.000,9999.000,9999.000
202604202236,   1.301,9999.000,9999.000,9999.000,9999.000,9999.000,9999.000,9999.000,9999.000
202604202242,   1.082,9999.000,9999.000,9999.000,9999.000,9999.000,9999.000,9999.000,9999.000
202604202248,   0.879,9999.000,9999.000,9999.000,9999.000,9999.000,9999.000,9999.000,9999.000
202604202254,   0.692,9999.000,9999.000,9999.000,9999.000,9999.000,9999.000,9999.000,9999.000
202604202300,   0.522,9999.000,   0.000,   0.081,   0.603,  -0.100,   0.503,   0.100,   0.703
202604202306,   0.369,9999.000,9999.000,9999.000,9999.000,9999.000,9999.000,9999.000,9999.000
202604202312,   0.235,9999.000,9999.000,9999.000,9999.000,9999.000,9999.000,9999.000,9999.000
202604202318,   0.119,9999.000,9999.000,9999.000,9999.000,9999.000,9999.000,9999.000,9999.000
202604202324,   0.022,9999.000,9999.000,9999.000,9999.000,9999.000,9999.000,9999.000,9999.000
202604202330,  -0.054,9999.000,9999.000,9999.000,9999.000,9999.000,9999.000,9999.000,9999.000
202604202336,  -0.113,9999.000,9999.000,9999.000,9999.000,9999.000,9999.000,9999.000,9999.000
202604202342,  -0.151,9999.000,9999.000,9999.000,9999.000,9999.000,9999.000,9999.000,9999.000
202604202348,  -0.169,9999.000,9999.000,9999.000,9999.000,9999.000,9999.000,9999.000,9999.000
202604202354,  -0.167,9999.000,9999.000,9999.000,9999.000,9999.000,9999.000,9999.000,9999.000
202604210000,  -0.145,9999.000,   0.000,   0.081,  -0.064,  -0.100,  -0.164,   0.200,   0.136
202604210006,  -0.103,9999.000,9999.000,9999.000,9999.000,9999.000,9999.000,9999.000,9999.000
202604210012,  -0.041,9999.000,9999.000,9999.000,9999.000,9999.000,9999.000,9999.000,9999.000
202604210018,   0.040,9999.000,9999.000,9999.000,9999.000,9999.000,9999.000,9999.000,9999.000
202604210024,   0.142,9999.000,9999.000,9999.000,9999.000,9999.000,9999.000,9999.000,9999.000
202604210030,   0.263,9999.000,9999.000,9999.000,9999.000,9999.000,9999.000,9999.000,9999.000
202604210036,   0.403,9999.000,9999.000,9999.000,9999.000,9999.000,9999.000,9999.000,9999.000
202604210042,   0.562,9999.000,9999.000,9999.000,9999.000,9999.000,9999.000,9999.000,9999.000
202604210048,   0.739,9999.000,9999.000,9999.000,9999.000,9999.000,9999.000,9999.000,9999.000
202604210054,   0.934,9999.000,9999.000,9999.000,9999.000,9999.000,9999.000,9999.000,9999.000
202604210100,   1.146,9999.000,   0.100,   0.081,   1.327,   0.000,   1.227,   0.200,   1.427
202604210106,   1.374,9999.000,9999.000,9999.000,9999.000,9999.000,9999.000,9999.000,9999.000
202604210112,   1.618,9999.000,9999.000,9999.000,9999.000,9999.000,9999.000,9999.000,9999.000
202604210118,   1.878,9999.000,9999.000,9999.000,9999.000,9999.000,9999.000,9999.000,9999.000
202604210124,   2.152,9999.000,9999.000,9999.000,9999.000,9999.000,9999.000,9999.000,9999.000
202604210130,   2.440,9999.000,9999.000,9999.000,9999.000,9999.000,9999.000,9999.000,9999.000
202604210136,   2.742,9999.000,9999.000,9999.000,9999.000,9999.000,9999.000,9999.000,9999.000
202604210142,   3.056,9999.000,9999.000,9999.000,9999.000,9999.000,9999.000,9999.000,9999.000
202604210148,   3.381,9999.000,9999.000,9999.000,9999.000,9999.000,9999.000,9999.000,9999.000
202604210154,   3.718,9999.000,9999.000,9999.000,9999.000,9999.000,9999.000,9999.000,9999.000
202604210200,   4.064,9999.000,   0.100,   0.081,   4.245,   0.000,   4.145,   0.200,   4.345
202604210206,   4.420,9999.000,9999.000,9999.000,9999.000,9999.000,9999.000,9999.000,9999.000
202604210212,   4.784,9999.000,9999.000,9999.000,9999.000,9999.000,9999.000,9999.000,9999.000
202604210218,   5.157,9999.000,9999.000,9999.000,9999.000,9999.000,9999.000,9999.000,9999.000
202604210224,   5.536,9999.000,9999.000,9999.000,9999.000,9999.000,9999.000,9999.000,9999.000
202604210230,   5.921,9999.000,9999.000,9999.000,9999.000,9999.000,9999.000,9999.000,9999.000
202604210236,   6.311,9999.000,9999.000,9999.000,9999.000,9999.000,9999.000,9999.000,9999.000
202604210242,   6.706,9999.000,9999.000,9999.000,9999.000,9999.000,9999.000,9999.000,9999.000
202604210248,   7.104,9999.000,9999.000,9999.000,9999.000,9999.000,9999.000,9999.000,9999.000
202604210254,   7.505,9999.000,9999.000,9999.000,9999.000,9999.000,9999.000,9999.000,9999.000
202604210300,   7.907,9999.000,   0.100,   0.081,   8.088,   0.000,   7.988,   0.200,   8.188
202604210306,   8.310,9999.000,9999.000,9999.000,9999.000,9999.000,9999.000,9999.000,9999.000
202604210312,   8.713,9999.000,9999.000,9999.000,9999.000,9999.000,9999.000,9999.000,9999.000
202604210318,   9.115,9999.000,9999.000,9999.000,9999.000,9999.000,9999.000,9999.000,9999.000
202604210324,   9.514,9999.000,9999.000,9999.000,9999.000,9999.000,9999.000,9999.000,9999.000
202604210330,   9.911,9999.000,9999.000,9999.000,9999.000,9999.000,9999.000,9999.000,9999.000
202604210336,  10.303,9999.000,9999.000,9999.000,9999.000,9999.000,9999.000,9999.000,9999.000
202604210342,  10.691,9999.000,9999.000,9999.000,9999.000,9999.000,9999.000,9999.000,9999.000
202604210348,  11.072,9999.000,9999.000,9999.000,9999.000,9999.000,9999.000,9999.000,9999.000
202604210354,  11.446,9999.000,9999.000,9999.000,9999.000,9999.000,9999.000,9999.000,9999.000
202604210400,  11.811,9999.000,   0.100,   0.081,  11.992,   0.000,  11.892,   0.200,  12.092
202604210406,  12.167,9999.000,9999.000,9999.000,9999.000,9999.000,9999.000,9999.000,9999.000
202604210412,  12.513,9999.000,9999.000,9999.000,9999.000,9999.000,9999.000,9999.000,9999.000
202604210418,  12.848,9999.000,9999.000,9999.000,9999.000,9999.000,9999.000,9999.000,9999.000
202604210424,  13.170,9999.000,9999.000,9999.000,9999.000,9999.000,9999.000,9999.000,9999.000
202604210430,  13.479,9999.000,9999.000,9999.000,9999.000,9999.000,9999.000,9999.000,9999.000
202604210436,  13.773,9999.000,9999.000,9999.000,9999.000,9999.000,9999.000,9999.000,9999.000
202604210442,  14.052,9999.000,9999.000,9999.000,9999.000,9999.000,9999.000,9999.000,9999.000
202604210448,  14.315,9999.000,9999.000,9999.000,9999.000,9999.000,9999.000,9999.000,9999.000
202604210454,  14.561,9999.000,9999.000,9999.000,9999.000,9999.000,9999.000,9999.000,9999.000
202604210500,  14.789,9999.000,   0.000,   0.081,  14.870,   0.000,  14.870,   0.200,  15.070
202604210506,  14.998,9999.000,9999.000,9999.000,9999.000,9999.000,9999.000,9999.000,9999.000
202604210512,  15.188,9999.000,9999.000,9999.000,9999.000,9999.000,9999.000,9999.000,9999.000
202604210518,  15.357,9999.000,9999.000,9999.000,9999.000,9999.000,9999.000,9999.000,9999.000
202604210524,  15.507,9999.000,9999.000,9999.000,9999.000,9999.000,9999.000,9999.000,9999.000
202604210530,  15.635,9999.000,9999.000,9999.000,9999.000,9999.000,9999.000,9999.000,9999.000
202604210536,  15.741,9999.000,9999.000,9999.000,9999.000,9999.000,9999.000,9999.000,9999.000
202604210542,  15.826,9999.000,9999.000,9999.000,9999.000,9999.000,9999.000,9999.000,9999.000
202604210548,  15.888,9999.000,9999.000,9999.000,9999.000,9999.000,9999.000,9999.000,9999.000
202604210554,  15.928,9999.000,9999.000,9999.000,9999.000,9999.000,9999.000,9999.000,9999.000
202604210600,  15.945,9999.000,   0.000,   0.081,  16.026,   0.000,  16.026,   0.100,  16.126
202604210606,  15.940,9999.000,9999.000,9999.000,9999.000,9999.000,9999.000,9999.000,9999.000
202604210612,  15.912,9999.000,9999.000,9999.000,9999.000,9999.000,9999.000,9999.000,9999.000
202604210618,  15.861,9999.000,9999.000,9999.000,9999.000,9999.000,9999.000,9999.000,9999.000
202604210624,  15.789,9999.000,9999.000,9999.000,9999.000,9999.000,9999.000,9999.000,9999.000
202604210630,  15.694,9999.000,9999.000,9999.000,9999.000,9999.000,9999.000,9999.000,9999.000
202604210636,  15.578,9999.000,9999.000,9999.000,9999.000,9999.000,9999.000,9999.000,9999.000
202604210642,  15.440,9999.000,9999.000,9999.000,9999.000,9999.000,9999.000,9999.000,9999.000
202604210648,  15.281,9999.000,9999.000,9999.000,9999.000,9999.000,9999.000,9999.000,9999.000
202604210654,  15.103,9999.000,9999.000,9999.000,9999.000,9999.000,9999.000,9999.000,9999.000
202604210700,  14.904,9999.000,   0.000,   0.081,  14.985,  -0.100,  14.885,   0.000,  14.985
202604210706,  14.686,9999.000,9999.000,9999.000,9999.000,9999.000,9999.000,9999.000,9999.000
202604210712,  14.451,9999.000,9999.000,9999.000,9999.000,9999.000,9999.000,9999.000,9999.000
202604210718,  14.197,9999.000,9999.000,9999.000,9999.000,9999.000,9999.000,9999.000,9999.000
202604210724,  13.927,9999.000,9999.000,9999.000,9999.000,9999.000,9999.000,9999.000,9999.000
202604210730,  13.640,9999.000,9999.000,9999.000,9999.000,9999.000,9999.000,9999.000,9999.000
202604210736,  13.339,9999.000,9999.000,9999.000,9999.000,9999.000,9999.000,9999.000,9999.000
202604210742,  13.023,9999.000,9999.000,9999.000,9999.000,9999.000,9999.000,9999.000,9999.000
202604210748,  12.694,9999.000,9999.000,9999.000,9999.000,9999.000,9999.000,9999.000,9999.000
202604210754,  12.353,9999.000,9999.000,9999.000,9999.000,9999.000,9999.000,9999.000,9999.000
202604210800,  12.000,9999.000,   0.000,   0.081,  12.081,  -0.100,  11.981,   0.000,  12.081
202604210806,  11.637,9999.000,9999.000,9999.000,9999.000,9999.000,9999.000,9999.000,9999.000
202604210812,  11.264,9999.000,9999.000,9999.000,9999.000,9999.000,9999.000,9999.000,9999.000
202604210818,  10.882,9999.000,9999.000,9999.000,9999.000,9999.000,9999.000,9999.000,9999.000
202604210824,  10.493,9999.000,9999.000,9999.000,9999.000,9999.000,9999.000,9999.000,9999.000
202604210830,  10.098,9999.000,9999.000,9999.000,9999.000,9999.000,9999.000,9999.000,9999.000
202604210836,   9.696,9999.000,9999.000,9999.000,9999.000,9999.000,9999.000,9999.000,9999.000
202604210842,   9.290,9999.000,9999.000,9999.000,9999.000,9999.000,9999.000,9999.000,9999.000
202604210848,   8.880,9999.000,9999.000,9999.000,9999.000,9999.000,9999.000,9999.000,9999.000
202604210854,   8.467,9999.000,9999.000,9999.000,9999.000,9999.000,9999.000,9999.000,9999.000
202604210900,   8.053,9999.000,  -0.100,   0.081,   8.034,  -0.100,   8.034,   0.000,   8.134
202604210906,   7.637,9999.000,9999.000,9999.000,9999.000,9999.000,9999.000,9999.000,9999.000
202604210912,   7.221,9999.000,9999.000,9999.000,9999.000,9999.000,9999.000,9999.000,9999.000
202604210918,   6.806,9999.000,9999.000,9999.000,9999.000,9999.000,9999.000,9999.000,9999.000
202604210924,   6.392,9999.000,9999.000,9999.000,9999.000,9999.000,9999.000,9999.000,9999.000
202604210930,   5.981,9999.000,9999.000,9999.000,9999.000,9999.000,9999.000,9999.000,9999.000
202604210936,   5.573,9999.000,9999.000,9999.000,9999.000,9999.000,9999.000,9999.000,9999.000
202604210942,   5.169,9999.000,9999.000,9999.000,9999.000,9999.000,9999.000,9999.000,9999.000
202604210948,   4.771,9999.000,9999.000,9999.000,9999.000,9999.000,9999.000,9999.000,9999.000
202604210954,   4.378,9999.000,9999.000,9999.000,9999.000,9999.000,9999.000,9999.000,9999.000
202604211000,   3.992,9999.000,  -0.100,   0.081,   3.973,  -0.200,   3.873,   0.000,   4.073
202604211006,   3.613,9999.000,9999.000,9999.000,9999.000,9999.000,9999.000,9999.000,9999.000
202604211012,   3.242,9999.000,9999.000,9999.000,9999.000,9999.000,9999.000,9999.000,9999.000
202604211018,   2.881,9999.000,9999.000,9999.000,9999.000,9999.000,9999.000,9999.000,9999.000
202604211024,   2.529,9999.000,9999.000,9999.000,9999.000,9999.000,9999.000,9999.000,9999.000
202604211030,   2.188,9999.000,9999.000,9999.000,9999.000,9999.000,9999.000,9999.000,9999.000
202604211036,   1.859,9999.000,9999.000,9999.000,9999.000,9999.000,9999.000,9999.000,9999.000
202604211042,   1.541,9999.000,9999.000,9999.000,9999.000,9999.000,9999.000,9999.000,9999.000
202604211048,   1.237,9999.000,9999.000,9999.000,9999.000,9999.000,9999.000,9999.000,9999.000
202604211054,   0.946,9999.000,9999.000,9999.000,9999.000,9999.000,9999.000,9999.000,9999.000
202604211100,   0.670,9999.000,   0.000,   0.081,   0.751,  -0.200,   0.551,   0.000,   0.751
202604211106,   0.409,9999.000,9999.000,9999.000,9999.000,9999.000,9999.000,9999.000,9999.000
202604211112,   0.163,9999.000,9999.000,9999.000,9999.000,9999.000,9999.000,9999.000,9999.000
202604211118,  -0.065,9999.000,9999.000,9999.000,9999.000,9999.000,9999.000,9999.000,9999.000
202604211124,  -0.277,9999.000,9999.000,9999.000,9999.000,9999.000,9999.000,9999.000,9999.000
202604211130,  -0.471,9999.000,9999.000,9999.000,9999.000,9999.000,9999.000,9999.000,9999.000
202604211136,  -0.647,9999.000,9999.000,9999.000,9999.000,9999.000,9999.000,9999.000,9999.000
202604211142,  -0.805,9999.000,9999.000,9999.000,9999.000,9999.000,9999.000,9999.000,9999.000
202604211148,  -0.943,9999.000,9999.000,9999.000,9999.000,9999.000,9999.000,9999.000,9999.000
202604211154,  -1.062,9999.000,9999.000,9999.000,9999.000,9999.000,9999.000,9999.000,9999.000
202604211200,  -1.162,9999.000,   0.000,   0.081,  -1.081,  -0.100,  -1.181,   0.100,  -0.981
202604211206,  -1.241,9999.000,9999.000,9999.000,9999.000,9999.000,9999.000,9999.000,9999.000
202604211212,  -1.300,9999.000,9999.000,9999.000,9999.000,9999.000,9999.000,9999.000,9999.000
202604211218,  -1.339,9999.000,9999.000,9999.000,9999.000,9999.000,9999.000,9999.000,9999.000
202604211224,  -1.357,9999.000,9999.000,9999.000,9999.000,9999.000,9999.000,9999.000,9999.000
202604211230,  -1.355,9999.000,9999.000,9999.000,9999.000,9999.000,9999.000,9999.000,9999.000
202604211236,  -1.333,9999.000,9999.000,9999.000,9999.000,9999.000,9999.000,9999.000,9999.000
202604211242,  -1.290,9999.000,9999.000,9999.000,9999.000,9999.000,9999.000,9999.000,9999.000
202604211248,  -1.227,9999.000,9999.000,9999.000,9999.000,9999.000,9999.000,9999.000,9999.000
202604211254,  -1.145,9999.000,9999.000,9999.000,9999.000,9999.000,9999.000,9999.000,9999.000
202604211300,  -1.043,9999.000,   0.000,   0.081,  -0.962,  -0.100,  -1.062,   0.100,  -0.862
202604211306,  -0.922,9999.000,9999.000,9999.000,9999.000,9999.000,9999.000,9999.000,9999.000
202604211312,  -0.782,9999.000,9999.000,9999.000,9999.000,9999.000,9999.000,9999.000,9999.000
202604211318,  -0.625,9999.000,9999.000,9999.000,9999.000,9999.000,9999.000,9999.000,9999.000
202604211324,  -0.449,9999.000,9999.000,9999.000,9999.000,9999.000,9999.000,9999.000,9999.000
202604211330,  -0.256,9999.000,9999.000,9999.000,9999.000,9999.000,9999.000,9999.000,9999.000
202604211336,  -0.047,9999.000,9999.000,9999.000,9999.000,9999.000,9999.000,9999.000,9999.000
202604211342,   0.177,9999.000,9999.000,9999.000,9999.000,9999.000,9999.000,9999.000,9999.000
202604211348,   0.418,9999.000,9999.000,9999.000,9999.000,9999.000,9999.000,9999.000,9999.000
202604211354,   0.673,9999.000,9999.000,9999.000,9999.000,9999.000,9999.000,9999.000,9999.000
202604211400,   0.942,9999.000,   0.100,   0.081,   1.123,   0.000,   1.023,   0.200,   1.223
202604211406,   1.224,9999.000,9999.000,9999.000,9999.000,9999.000,9999.000,9999.000,9999.000
202604211412,   1.519,9999.000,9999.000,9999.000,9999.000,9999.000,9999.000,9999.000,9999.000
202604211418,   1.826,9999.000,9999.000,9999.000,9999.000,9999.000,9999.000,9999.000,9999.000
202604211424,   2.144,9999.000,9999.000,9999.000,9999.000,9999.000,9999.000,9999.000,9999.000
202604211430,   2.472,9999.000,9999.000,9999.000,9999.000,9999.000,9999.000,9999.000,9999.000
202604211436,   2.809,9999.000,9999.000,9999.000,9999.000,9999.000,9999.000,9999.000,9999.000
202604211442,   3.155,9999.000,9999.000,9999.000,9999.000,9999.000,9999.000,9999.000,9999.000
202604211448,   3.510,9999.000,9999.000,9999.000,9999.000,9999.000,9999.000,9999.000,9999.000
202604211454,   3.871,9999.000,9999.000,9999.000,9999.000,9999.000,9999.000,9999.000,9999.000
202604211500,   4.239,9999.000,   0.100,   0.081,   4.420,   0.000,   4.320,   0.300,   4.620
202604211506,   4.613,9999.000,9999.000,9999.000,9999.000,9999.000,9999.000,9999.000,9999.000
202604211512,   4.991,9999.000,9999.000,9999.000,9999.000,9999.000,9999.000,9999.000,9999.000
202604211518,   5.373,9999.000,9999.000,9999.000,9999.000,9999.000,9999.000,9999.000,9999.000
202604211524,   5.758,9999.000,9999.000,9999.000,9999.000,9999.000,9999.000,9999.000,9999.000
202604211530,   6.146,9999.000,9999.000,9999.000,9999.000,9999.000,9999.000,9999.000,9999.000
202604211536,   6.535,9999.000,9999.000,9999.000,9999.000,9999.000,9999.000,9999.000,9999.000
202604211542,   6.924,9999.000,9999.000,9999.000,9999.000,9999.000,9999.000,9999.000,9999.000
202604211548,   7.313,9999.000,9999.000,9999.000,9999.000,9999.000,9999.000,9999.000,9999.000
202604211554,   7.700,9999.000,9999.000,9999.000,9999.000,9999.000,9999.000,9999.000,9999.000
202604211600,   8.085,9999.000,   0.200,   0.081,   8.366,   0.000,   8.166,   0.300,   8.466
202604211606,   8.467,9999.000,9999.000,9999.000,9999.000,9999.000,9999.000,9999.000,9999.000
202604211612,   8.844,9999.000,9999.000,9999.000,9999.000,9999.000,9999.000,9999.000,9999.000
202604211618,   9.216,9999.000,9999.000,9999.000,9999.000,9999.000,9999.000,9999.000,9999.000
202604211624,   9.582,9999.000,9999.000,9999.000,9999.000,9999.000,9999.000,9999.000,9999.000
202604211630,   9.940,9999.000,9999.000,9999.000,9999.000,9999.000,9999.000,9999.000,9999.000
202604211636,  10.290,9999.000,9999.000,9999.000,9999.000,9999.000,9999.000,9999.000,9999.000
202604211642,  10.631,9999.000,9999.000,9999.000,9999.000,9999.000,9999.000,9999.000,9999.000
202604211648,  10.962,9999.000,9999.000,9999.000,9999.000,9999.000,9999.000,9999.000,9999.000
202604211654,  11.281,9999.000,9999.000,9999.000,9999.000,9999.000,9999.000,9999.000,9999.000
202604211700,  11.588,9999.000,   0.200,   0.081,  11.869,   0.000,  11.669,   0.400,  12.069
202604211706,  11.882,9999.000,9999.000,9999.000,9999.000,9999.000,9999.000,9999.000,9999.000
202604211712,  12.163,9999.000,9999.000,9999.000,9999.000,9999.000,9999.000,9999.000,9999.000
202604211718,  12.428,9999.000,9999.000,9999.000,9999.000,9999.000,9999.000,9999.000,9999.000
202604211724,  12.678,9999.000,9999.000,9999.000,9999.000,9999.000,9999.000,9999.000,9999.000
202604211730,  12.911,9999.000,9999.000,9999.000,9999.000,9999.000,9999.000,9999.000,9999.000
202604211736,  13.127,9999.000,9999.000,9999.000,9999.000,9999.000,9999.000,9999.000,9999.000
202604211742,  13.326,9999.000,9999.000,9999.000,9999.000,9999.000,9999.000,9999.000,9999.000
202604211748,  13.506,9999.000,9999.000,9999.000,9999.000,9999.000,9999.000,9999.000,9999.000
202604211754,  13.668,9999.000,9999.000,9999.000,9999.000,9999.000,9999.000,9999.000,9999.000
202604211800,  13.810,9999.000,   0.200,   0.081,  14.091,   0.100,  13.991,   0.400,  14.291
202604211806,  13.932,9999.000,9999.000,9999.000,9999.000,9999.000,9999.000,9999.000,9999.000
202604211812,  14.035,9999.000,9999.000,9999.000,9999.000,9999.000,9999.000,9999.000,9999.000
202604211818,  14.117,9999.000,9999.000,9999.000,9999.000,9999.000,9999.000,9999.000,9999.000
202604211824,  14.179,9999.000,9999.000,9999.000,9999.000,9999.000,9999.000,9999.000,9999.000
202604211830,  14.220,9999.000,9999.000,9999.000,9999.000,9999.000,9999.000,9999.000,9999.000
202604211836,  14.241,9999.000,9999.000,9999.000,9999.000,9999.000,9999.000,9999.000,9999.000
202604211842,  14.241,9999.000,9999.000,9999.000,9999.000,9999.000,9999.000,9999.000,9999.000
202604211848,  14.220,9999.000,9999.000,9999.000,9999.000,9999.000,9999.000,9999.000,9999.000
202604211854,  14.180,9999.000,9999.000,9999.000,9999.000,9999.000,9999.000,9999.000,9999.000
202604211900,  14.120,9999.000,   0.200,   0.081,  14.401,   0.100,  14.301,   0.400,  14.601
202604211906,  14.040,9999.000,9999.000,9999.000,9999.000,9999.000,9999.000,9999.000,9999.000
202604211912,  13.941,9999.000,9999.000,9999.000,9999.000,9999.000,9999.000,9999.000,9999.000
202604211918,  13.823,9999.000,9999.000,9999.000,9999.000,9999.000,9999.000,9999.000,9999.000
202604211924,  13.687,9999.000,9999.000,9999.000,9999.000,9999.000,9999.000,9999.000,9999.000
202604211930,  13.533,9999.000,9999.000,9999.000,9999.000,9999.000,9999.000,9999.000,9999.000
202604211936,  13.362,9999.000,9999.000,9999.000,9999.000,9999.000,9999.000,9999.000,9999.000
202604211942,  13.175,9999.000,9999.000,9999.000,9999.000,9999.000,9999.000,9999.000,9999.000
202604211948,  12.972,9999.000,9999.000,9999.000,9999.000,9999.000,9999.000,9999.000,9999.000
202604211954,  12.754,9999.000,9999.000,9999.000,9999.000,9999.000,9999.000,9999.000,9999.000
202604212000,  12.522,9999.000,   0.200,   0.081,  12.803,   0.000,  12.603,   0.400,  13.003
202604212006,  12.276,9999.000,9999.000,9999.000,9999.000,9999.000,9999.000,9999.000,9999.000
202604212012,  12.018,9999.000,9999.000,9999.000,9999.000,9999.000,9999.000,9999.000,9999.000
202604212018,  11.748,9999.000,9999.000,9999.000,9999.000,9999.000,9999.000,9999.000,9999.000
202604212024,  11.467,9999.000,9999.000,9999.000,9999.000,9999.000,9999.000,9999.000,9999.000
202604212030,  11.175,9999.000,9999.000,9999.000,9999.000,9999.000,9999.000,9999.000,9999.000
202604212036,  10.875,9999.000,9999.000,9999.000,9999.000,9999.000,9999.000,9999.000,9999.000
202604212042,  10.566,9999.000,9999.000,9999.000,9999.000,9999.000,9999.000,9999.000,9999.000
202604212048,  10.249,9999.000,9999.000,9999.000,9999.000,9999.000,9999.000,9999.000,9999.000
202604212054,   9.926,9999.000,9999.000,9999.000,9999.000,9999.000,9999.000,9999.000,9999.000
202604212100,   9.597,9999.000,   0.200,   0.081,   9.878,   0.000,   9.678,   0.400,  10.078
202604212106,   9.262,9999.000,9999.000,9999.000,9999.000,9999.000,9999.000,9999.000,9999.000
202604212112,   8.924,9999.000,9999.000,9999.000,9999.000,9999.000,9999.000,9999.000,9999.000
202604212118,   8.582,9999.000,9999.000,9999.000,9999.000,9999.000,9999.000,9999.000,9999.000
202604212124,   8.238,9999.000,9999.000,9999.000,9999.000,9999.000,9999.000,9999.000,9999.000
202604212130,   7.891,9999.000,9999.000,9999.000,9999.000,9999.000,9999.000,9999.000,9999.000
202604212136,   7.544,9999.000,9999.000,9999.000,9999.000,9999.000,9999.000,9999.000,9999.000
202604212142,   7.197,9999.000,9999.000,9999.000,9999.000,9999.000,9999.000,9999.000,9999.000
202604212148,   6.850,9999.000,9999.000,9999.000,9999.000,9999.000,9999.000,9999.000,9999.000
202604212154,   6.505,9999.000,9999.000,9999.000,9999.000,9999.000,9999.000,9999.000,9999.000
202604212200,   6.162,9999.000,   0.200,   0.081,   6.443,   0.000,   6.243,   0.400,   6.643
202604212206,   5.821,9999.000,9999.000,9999.000,9999.000,9999.000,9999.000,9999.000,9999.000
202604212212,   5.485,9999.000,9999.000,9999.000,9999.000,9999.000,9999.000,9999.000,9999.000
202604212218,   5.153,9999.000,9999.000,9999.000,9999.000,9999.000,9999.000,9999.000,9999.000
202604212224,   4.826,9999.000,9999.000,9999.000,9999.000,9999.000,9999.000,9999.000,9999.000
202604212230,   4.505,9999.000,9999.000,9999.000,9999.000,9999.000,9999.000,9999.000,9999.000
202604212236,   4.190,9999.000,9999.000,9999.000,9999.000,9999.000,9999.000,9999.000,9999.000
202604212242,   3.883,9999.000,9999.000,9999.000,9999.000,9999.000,9999.000,9999.000,9999.000
202604212248,   3.584,9999.000,9999.000,9999.000,9999.000,9999.000,9999.000,9999.000,9999.000
202604212254,   3.294,9999.000,9999.000,9999.000,9999.000,9999.000,9999.000,9999.000,9999.000
202604212300,   3.014,9999.000,   0.200,   0.081,   3.295,   0.000,   3.095,   0.400,   3.495
202604212306,   2.744,9999.000,9999.000,9999.000,9999.000,9999.000,9999.000,9999.000,9999.000
202604212312,   2.485,9999.000,9999.000,9999.000,9999.000,9999.000,9999.000,9999.000,9999.000
202604212318,   2.238,9999.000,9999.000,9999.000,9999.000,9999.000,9999.000,9999.000,9999.000
202604212324,   2.003,9999.000,9999.000,9999.000,9999.000,9999.000,9999.000,9999.000,9999.000
202604212330,   1.782,9999.000,9999.000,9999.000,9999.000,9999.000,9999.000,9999.000,9999.000
202604212336,   1.574,9999.000,9999.000,9999.000,9999.000,9999.000,9999.000,9999.000,9999.000
202604212342,   1.381,9999.000,9999.000,9999.000,9999.000,9999.000,9999.000,9999.000,9999.000
202604212348,   1.203,9999.000,9999.000,9999.000,9999.000,9999.000,9999.000,9999.000,9999.000
202604212354,   1.040,9999.000,9999.000,9999.000,9999.000,9999.000,9999.000,9999.000,9999.000
202604220000,   0.894,9999.000,   0.200,   0.081,   1.175,   0.000,   0.975,   0.400,   1.375
202604220006,   0.765,9999.000,9999.000,9999.000,9999.000,9999.000,9999.000,9999.000,9999.000
202604220012,   0.652,9999.000,9999.000,9999.000,9999.000,9999.000,9999.000,9999.000,9999.000
202604220018,   0.558,9999.000,9999.000,9999.000,9999.000,9999.000,9999.000,9999.000,9999.000
202604220024,   0.481,9999.000,9999.000,9999.000,9999.000,9999.000,9999.000,9999.000,9999.000
202604220030,   0.422,9999.000,9999.000,9999.000,9999.000,9999.000,9999.000,9999.000,9999.000
202604220036,   0.382,9999.000,9999.000,9999.000,9999.000,9999.000,9999.000,9999.000,9999.000
202604220042,   0.361,9999.000,9999.000,9999.000,9999.000,9999.000,9999.000,9999.000,9999.000
202604220048,   0.358,9999.000,9999.000,9999.000,9999.000,9999.000,9999.000,9999.000,9999.000
202604220054,   0.374,9999.000,9999.000,9999.000,9999.000,9999.000,9999.000,9999.000,9999.000
202604220100,   0.409,9999.000,   0.200,   0.081,   0.690,   0.000,   0.490,   0.400,   0.890
202604220106,   0.462,9999.000,9999.000,9999.000,9999.000,9999.000,9999.000,9999.000,9999.000
202604220112,   0.534,9999.000,9999.000,9999.000,9999.000,9999.000,9999.000,9999.000,9999.000
202604220118,   0.624,9999.000,9999.000,9999.000,9999.000,9999.000,9999.000,9999.000,9999.000
202604220124,   0.732,9999.000,9999.000,9999.000,9999.000,9999.000,9999.000,9999.000,9999.000
202604220130,   0.858,9999.000,9999.000,9999.000,9999.000,9999.000,9999.000,9999.000,9999.000
202604220136,   1.002,9999.000,9999.000,9999.000,9999.000,9999.000,9999.000,9999.000,9999.000
202604220142,   1.162,9999.000,9999.000,9999.000,9999.000,9999.000,9999.000,9999.000,9999.000
202604220148,   1.339,9999.000,9999.000,9999.000,9999.000,9999.000,9999.000,9999.000,9999.000
202604220154,   1.532,9999.000,9999.000,9999.000,9999.000,9999.000,9999.000,9999.000,9999.000
202604220200,   1.740,9999.000,   0.200,   0.081,   2.021,   0.100,   1.921,   0.400,   2.221
202604220206,   1.963,9999.000,9999.000,9999.000,9999.000,9999.000,9999.000,9999.000,9999.000
202604220212,   2.201,9999.000,9999.000,9999.000,9999.000,9999.000,9999.000,9999.000,9999.000
202604220218,   2.452,9999.000,9999.000,9999.000,9999.000,9999.000,9999.000,9999.000,9999.000
202604220224,   2.716,9999.000,9999.000,9999.000,9999.000,9999.000,9999.000,9999.000,9999.000
202604220230,   2.993,9999.000,9999.000,9999.000,9999.000,9999.000,9999.000,9999.000,9999.000
202604220236,   3.281,9999.000,9999.000,9999.000,9999.000,9999.000,9999.000,9999.000,9999.000
202604220242,   3.581,9999.000,9999.000,9999.000,9999.000,9999.000,9999.000,9999.000,9999.000
202604220248,   3.890,9999.000,9999.000,9999.000,9999.000,9999.000,9999.000,9999.000,9999.000
202604220254,   4.210,9999.000,9999.000,9999.000,9999.000,9999.000,9999.000,9999.000,9999.000
202604220300,   4.538,9999.000,   0.200,   0.081,   4.819,   0.100,   4.719,   0.400,   5.019
202604220306,   4.874,9999.000,9999.000,9999.000,9999.000,9999.000,9999.000,9999.000,9999.000
202604220312,   5.218,9999.000,9999.000,9999.000,9999.000,9999.000,9999.000,9999.000,9999.000
202604220318,   5.569,9999.000,9999.000,9999.000,9999.000,9999.000,9999.000,9999.000,9999.000
202604220324,   5.925,9999.000,9999.000,9999.000,9999.000,9999.000,9999.000,9999.000,9999.000
202604220330,   6.286,9999.000,9999.000,9999.000,9999.000,9999.000,9999.000,9999.000,9999.000
202604220336,   6.652,9999.000,9999.000,9999.000,9999.000,9999.000,9999.000,9999.000,9999.000
202604220342,   7.022,9999.000,9999.000,9999.000,9999.000,9999.000,9999.000,9999.000,9999.000
202604220348,   7.394,9999.000,9999.000,9999.000,9999.000,9999.000,9999.000,9999.000,9999.000
202604220354,   7.768,9999.000,9999.000,9999.000,9999.000,9999.000,9999.000,9999.000,9999.000
202604220400,   8.143,9999.000,   0.200,   0.081,   8.424,   0.100,   8.324,   0.500,   8.724
202604220406,   8.518,9999.000,9999.000,9999.000,9999.000,9999.000,9999.000,9999.000,9999.000
202604220412,   8.892,9999.000,9999.000,9999.000,9999.000,9999.000,9999.000,9999.000,9999.000
202604220418,   9.265,9999.000,9999.000,9999.000,9999.000,9999.000,9999.000,9999.000,9999.000
202604220424,   9.635,9999.000,9999.000,9999.000,9999.000,9999.000,9999.000,9999.000,9999.000
202604220430,  10.002,9999.000,9999.000,9999.000,9999.000,9999.000,9999.000,9999.000,9999.000
202604220436,  10.364,9999.000,9999.000,9999.000,9999.000,9999.000,9999.000,9999.000,9999.000
202604220442,  10.720,9999.000,9999.000,9999.000,9999.000,9999.000,9999.000,9999.000,9999.000
202604220448,  11.071,9999.000,9999.000,9999.000,9999.000,9999.000,9999.000,9999.000,9999.000
202604220454,  11.414,9999.000,9999.000,9999.000,9999.000,9999.000,9999.000,9999.000,9999.000
202604220500,  11.748,9999.000,   0.300,   0.081,  12.129,   0.100,  11.929,   0.500,  12.329
202604220506,  12.073,9999.000,9999.000,9999.000,9999.000,9999.000,9999.000,9999.000,9999.000
202604220512,  12.388,9999.000,9999.000,9999.000,9999.000,9999.000,9999.000,9999.000,9999.000
202604220518,  12.691,9999.000,9999.000,9999.000,9999.000,9999.000,9999.000,9999.000,9999.000
202604220524,  12.982,9999.000,9999.000,9999.000,9999.000,9999.000,9999.000,9999.000,9999.000
202604220530,  13.260,9999.000,9999.000,9999.000,9999.000,9999.000,9999.000,9999.000,9999.000
202604220536,  13.524,9999.000,9999.000,9999.000,9999.000,9999.000,9999.000,9999.000,9999.000
202604220542,  13.773,9999.000,9999.000,9999.000,9999.000,9999.000,9999.000,9999.000,9999.000
202604220548,  14.007,9999.000,9999.000,9999.000,9999.000,9999.000,9999.000,9999.000,9999.000
202604220554,  14.223,9999.000,9999.000,9999.000,9999.000,9999.000,9999.000,9999.000,9999.000
202604220600,  14.423,9999.000,   0.300,   0.081,  14.804,   0.100,  14.604,   0.500,  15.004
202604220606,  14.605,9999.000,9999.000,9999.000,9999.000,9999.000,9999.000,9999.000,9999.000
202604220612,  14.768,9999.000,9999.000,9999.000,9999.000,9999.000,9999.000,9999.000,9999.000
202604220618,  14.912,9999.000,9999.000,9999.000,9999.000,9999.000,9999.000,9999.000,9999.000
202604220624,  15.036,9999.000,9999.000,9999.000,9999.000,9999.000,9999.000,9999.000,9999.000
202604220630,  15.141,9999.000,9999.000,9999.000,9999.000,9999.000,9999.000,9999.000,9999.000
202604220636,  15.226,9999.000,9999.000,9999.000,9999.000,9999.000,9999.000,9999.000,9999.000
202604220642,  15.289,9999.000,9999.000,9999.000,9999.000,9999.000,9999.000,9999.000,9999.000
202604220648,  15.333,9999.000,9999.000,9999.000,9999.000,9999.000,9999.000,9999.000,9999.000
202604220654,  15.355,9999.000,9999.000,9999.000,9999.000,9999.000,9999.000,9999.000,9999.000
202604220700,  15.356,9999.000,   0.300,   0.081,  15.737,   0.100,  15.537,   0.500,  15.937
202604220706,  15.337,9999.000,9999.000,9999.000,9999.000,9999.000,9999.000,9999.000,9999.000
202604220712,  15.297,9999.000,9999.000,9999.000,9999.000,9999.000,9999.000,9999.000,9999.000
202604220718,  15.236,9999.000,9999.000,9999.000,9999.000,9999.000,9999.000,9999.000,9999.000
202604220724,  15.155,9999.000,9999.000,9999.000,9999.000,9999.000,9999.000,9999.000,9999.000
202604220730,  15.054,9999.000,9999.000,9999.000,9999.000,9999.000,9999.000,9999.000,9999.000
202604220736,  14.933,9999.000,9999.000,9999.000,9999.000,9999.000,9999.000,9999.000,9999.000
202604220742,  14.793,9999.000,9999.000,9999.000,9999.000,9999.000,9999.000,9999.000,9999.000
202604220748,  14.634,9999.000,9999.000,9999.000,9999.000,9999.000,9999.000,9999.000,9999.000
202604220754,  14.457,9999.000,9999.000,9999.000,9999.000,9999.000,9999.000,9999.000,9999.000
202604220800,  14.262,9999.000,   0.300,   0.081,  14.643,   0.100,  14.443,   0.500,  14.843
202604220806,  14.050,9999.000,9999.000,9999.000,9999.000,9999.000,9999.000,9999.000,9999.000
202604220812,  13.822,9999.000,9999.000,9999.000,9999.000,9999.000,9999.000,9999.000,9999.000
202604220818,  13.579,9999.000,9999.000,9999.000,9999.000,9999.000,9999.000,9999.000,9999.000
202604220824,  13.320,9999.000,9999.000,9999.000,9999.000,9999.000,9999.000,9999.000,9999.000
202604220830,  13.048,9999.000,9999.000,9999.000,9999.000,9999.000,9999.000,9999.000,9999.000
202604220836,  12.762,9999.000,9999.000,9999.000,9999.000,9999.000,9999.000,9999.000,9999.000
202604220842,  12.464,9999.000,9999.000,9999.000,9999.000,9999.000,9999.000,9999.000,9999.000
202604220848,  12.154,9999.000,9999.000,9999.000,9999.000,9999.000,9999.000,9999.000,9999.000
202604220854,  11.834,9999.000,9999.000,9999.000,9999.000,9999.000,9999.000,9999.000,9999.000
202604220900,  11.503,9999.000,   0.300,   0.081,  11.884,   0.100,  11.684,   0.500,  12.084
202604220906,  11.163,9999.000,9999.000,9999.000,9999.000,9999.000,9999.000,9999.000,9999.000
202604220912,  10.816,9999.000,9999.000,9999.000,9999.000,9999.000,9999.000,9999.000,9999.000
202604220918,  10.460,9999.000,9999.000,9999.000,9999.000,9999.000,9999.000,9999.000,9999.000
202604220924,  10.099,9999.000,9999.000,9999.000,9999.000,9999.000,9999.000,9999.000,9999.000
202604220930,   9.731,9999.000,9999.000,9999.000,9999.000,9999.000,9999.000,9999.000,9999.000
202604220936,   9.359,9999.000,9999.000,9999.000,9999.000,9999.000,9999.000,9999.000,9999.000
202604220942,   8.983,9999.000,9999.000,9999.000,9999.000,9999.000,9999.000,9999.000,9999.000
202604220948,   8.603,9999.000,9999.000,9999.000,9999.000,9999.000,9999.000,9999.000,9999.000
202604220954,   8.222,9999.000,9999.000,9999.000,9999.000,9999.000,9999.000,9999.000,9999.000
202604221000,   7.838,9999.000,   0.300,   0.081,   8.219,   0.100,   8.019,   0.600,   8.519
202604221006,   7.454,9999.000,9999.000,9999.000,9999.000,9999.000,9999.000,9999.000,9999.000
202604221012,   7.070,9999.000,9999.000,9999.000,9999.000,9999.000,9999.000,9999.000,9999.000
202604221018,   6.687,9999.000,9999.000,9999.000,9999.000,9999.000,9999.000,9999.000,9999.000
202604221024,   6.306,9999.000,9999.000,9999.000,9999.000,9999.000,9999.000,9999.000,9999.000
202604221030,   5.927,9999.000,9999.000,9999.000,9999.000,9999.000,9999.000,9999.000,9999.000
202604221036,   5.551,9999.000,9999.000,9999.000,9999.000,9999.000,9999.000,9999.000,9999.000
202604221042,   5.179,9999.000,9999.000,9999.000,9999.000,9999.000,9999.000,9999.000,9999.000
202604221048,   4.811,9999.000,9999.000,9999.000,9999.000,9999.000,9999.000,9999.000,9999.000
202604221054,   4.449,9999.000,9999.000,9999.000,9999.000,9999.000,9999.000,9999.000,9999.000
202604221100,   4.094,9999.000,   0.300,   0.081,   4.475,   0.100,   4.275,   0.600,   4.775
202604221106,   3.745,9999.000,9999.000,9999.000,9999.000,9999.000,9999.000,9999.000,9999.000
202604221112,   3.404,9999.000,9999.000,9999.000,9999.000,9999.000,9999.000,9999.000,9999.000
202604221118,   3.072,9999.000,9999.000,9999.000,9999.000,9999.000,9999.000,9999.000,9999.000
202604221124,   2.748,9999.000,9999.000,9999.000,9999.000,9999.000,9999.000,9999.000,9999.000
202604221130,   2.435,9999.000,9999.000,9999.000,9999.000,9999.000,9999.000,9999.000,9999.000
202604221136,   2.133,9999.000,9999.000,9999.000,9999.000,9999.000,9999.000,9999.000,9999.000
202604221142,   1.842,9999.000,9999.000,9999.000,9999.000,9999.000,9999.000,9999.000,9999.000
202604221148,   1.563,9999.000,9999.000,9999.000,9999.000,9999.000,9999.000,9999.000,9999.000
202604221154,   1.297,9999.000,9999.000,9999.000,9999.000,9999.000,9999.000,9999.000,9999.000
202604221200,   1.044,9999.000,   0.300,   0.081,   1.425,   0.100,   1.225,   0.600,   1.725
202604221206,   0.806,9999.000,9999.000,9999.000,9999.000,9999.000,9999.000,9999.000,9999.000
202604221212,   0.583,9999.000,9999.000,9999.000,9999.000,9999.000,9999.000,9999.000,9999.000
202604221218,   0.375,9999.000,9999.000,9999.000,9999.000,9999.000,9999.000,9999.000,9999.000
202604221224,   0.184,9999.000,9999.000,9999.000,9999.000,9999.000,9999.000,9999.000,9999.000
202604221230,   0.009,9999.000,9999.000,9999.000,9999.000,9999.000,9999.000,9999.000,9999.000
202604221236,  -0.148,9999.000,9999.000,9999.000,9999.000,9999.000,9999.000,9999.000,9999.000
202604221242,  -0.289,9999.000,9999.000,9999.000,9999.000,9999.000,9999.000,9999.000,9999.000
202604221248,  -0.412,9999.000,9999.000,9999.000,9999.000,9999.000,9999.000,9999.000,9999.000
202604221254,  -0.516,9999.000,9999.000,9999.000,9999.000,9999.000,9999.000,9999.000,9999.000
202604221300,  -0.602,9999.000,   0.400,   0.081,  -0.121,   0.100,  -0.421,   0.600,   0.079
202604221306,  -0.670,9999.000,9999.000,9999.000,9999.000,9999.000,9999.000,9999.000,9999.000
202604221312,  -0.718,9999.000,9999.000,9999.000,9999.000,9999.000,9999.000,9999.000,9999.000
202604221318,  -0.748,9999.000,9999.000,9999.000,9999.000,9999.000,9999.000,9999.000,9999.000
202604221324,  -0.758,9999.000,9999.000,9999.000,9999.000,9999.000,9999.000,9999.000,9999.000
202604221330,  -0.750,9999.000,9999.000,9999.000,9999.000,9999.000,9999.000,9999.000,9999.000
202604221336,  -0.723,9999.000,9999.000,9999.000,9999.000,9999.000,9999.000,9999.000,9999.000
202604221342,  -0.678,9999.000,9999.000,9999.000,9999.000,9999.000,9999.000,9999.000,9999.000
202604221348,  -0.614,9999.000,9999.000,9999.000,9999.000,9999.000,9999.000,9999.000,9999.000
202604221354,  -0.532,9999.000,9999.000,9999.000,9999.000,9999.000,9999.000,9999.000,9999.000
202604221400,  -0.432,9999.000,   0.400,   0.081,   0.049,   0.100,  -0.251,   0.700,   0.349
202604221406,  -0.315,9999.000,9999.000,9999.000,9999.000,9999.000,9999.000,9999.000,9999.000
202604221412,  -0.181,9999.000,9999.000,9999.000,9999.000,9999.000,9999.000,9999.000,9999.000
202604221418,  -0.030,9999.000,9999.000,9999.000,9999.000,9999.000,9999.000,9999.000,9999.000
202604221424,   0.136,9999.000,9999.000,9999.000,9999.000,9999.000,9999.000,9999.000,9999.000
202604221430,   0.318,9999.000,9999.000,9999.000,9999.000,9999.000,9999.000,9999.000,9999.000
202604221436,   0.515,9999.000,9999.000,9999.000,9999.000,9999.000,9999.000,9999.000,9999.000
202604221442,   0.727,9999.000,9999.000,9999.000,9999.000,9999.000,9999.000,9999.000,9999.000
202604221448,   0.952,9999.000,9999.000,9999.000,9999.000,9999.000,9999.000,9999.000,9999.000
202604221454,   1.191,9999.000,9999.000,9999.000,9999.000,9999.000,9999.000,9999.000,9999.000
202604221500,   1.442,9999.000,   0.400,   0.081,   1.923,   0.100,   1.623,   0.800,   2.323
202604221506,   1.705,9999.000,9999.000,9999.000,9999.000,9999.000,9999.000,9999.000,9999.000
202604221512,   1.980,9999.000,9999.000,9999.000,9999.000,9999.000,9999.000,9999.000,9999.000
202604221518,   2.265,9999.000,9999.000,9999.000,9999.000,9999.000,9999.000,9999.000,9999.000
202604221524,   2.560,9999.000,9999.000,9999.000,9999.000,9999.000,9999.000,9999.000,9999.000
202604221530,   2.864,9999.000,9999.000,9999.000,9999.000,9999.000,9999.000,9999.000,9999.000
202604221536,   3.177,9999.000,9999.000,9999.000,9999.000,9999.000,9999.000,9999.000,9999.000
202604221542,   3.498,9999.000,9999.000,9999.000,9999.000,9999.000,9999.000,9999.000,9999.000
202604221548,   3.827,9999.000,9999.000,9999.000,9999.000,9999.000,9999.000,9999.000,9999.000
202604221554,   4.161,9999.000,9999.000,9999.000,9999.000,9999.000,9999.000,9999.000,9999.000
202604221600,   4.502,9999.000,   0.400,   0.081,   4.983,   0.100,   4.683,   0.800,   5.383
202604221606,   4.847,9999.000,9999.000,9999.000,9999.000,9999.000,9999.000,9999.000,9999.000
202604221612,   5.197,9999.000,9999.000,9999.000,9999.000,9999.000,9999.000,9999.000,9999.000
202604221618,   5.551,9999.000,9999.000,9999.000,9999.000,9999.000,9999.000,9999.000,9999.000
202604221624,   5.907,9999.000,9999.000,9999.000,9999.000,9999.000,9999.000,9999.000,9999.000
202604221630,   6.265,9999.000,9999.000,9999.000,9999.000,9999.000,9999.000,9999.000,9999.000
202604221636,   6.624,9999.000,9999.000,9999.000,9999.000,9999.000,9999.000,9999.000,9999.000
202604221642,   6.984,9999.000,9999.000,9999.000,9999.000,9999.000,9999.000,9999.000,9999.000
202604221648,   7.343,9999.000,9999.000,9999.000,9999.000,9999.000,9999.000,9999.000,9999.000
202604221654,   7.700,9999.000,9999.000,9999.000,9999.000,9999.000,9999.000,9999.000,9999.000
202604221700,   8.055,9999.000,   0.400,   0.081,   8.536,   0.100,   8.236,   0.800,   8.936
202604221706,   8.407,9999.000,9999.000,9999.000,9999.000,9999.000,9999.000,9999.000,9999.000
202604221712,   8.755,9999.000,9999.000,9999.000,9999.000,9999.000,9999.000,9999.000,9999.000
202604221718,   9.097,9999.000,9999.000,9999.000,9999.000,9999.000,9999.000,9999.000,9999.000
202604221724,   9.434,9999.000,9999.000,9999.000,9999.000,9999.000,9999.000,9999.000,9999.000
202604221730,   9.763,9999.000,9999.000,9999.000,9999.000,9999.000,9999.000,9999.000,9999.000
202604221736,  10.085,9999.000,9999.000,9999.000,9999.000,9999.000,9999.000,9999.000,9999.000
202604221742,  10.397,9999.000,9999.000,9999.000,9999.000,9999.000,9999.000,9999.000,9999.000
202604221748,  10.700,9999.000,9999.000,9999.000,9999.000,9999.000,9999.000,9999.000,9999.000
202604221754,  10.992,9999.000,9999.000,9999.000,9999.000,9999.000,9999.000,9999.000,9999.000
202604221800,  11.273,9999.000,   0.400,   0.081,  11.754,   0.200,  11.554,   0.700,  12.054
202604221806,  11.542,9999.000,9999.000,9999.000,9999.000,9999.000,9999.000,9999.000,9999.000
202604221812,  11.797,9999.000,9999.000,9999.000,9999.000,9999.000,9999.000,9999.000,9999.000
202604221818,  12.038,9999.000,9999.000,9999.000,9999.000,9999.000,9999.000,9999.000,9999.000
202604221824,  12.265,9999.000,9999.000,9999.000,9999.000,9999.000,9999.000,9999.000,9999.000
202604221830,  12.476,9999.000,9999.000,9999.000,9999.000,9999.000,9999.000,9999.000,9999.000
202604221836,  12.672,9999.000,9999.000,9999.000,9999.000,9999.000,9999.000,9999.000,9999.000
202604221842,  12.851,9999.000,9999.000,9999.000,9999.000,9999.000,9999.000,9999.000,9999.000
202604221848,  13.013,9999.000,9999.000,9999.000,9999.000,9999.000,9999.000,9999.000,9999.000
202604221854,  13.157,9999.000,9999.000,9999.000,9999.000,9999.000,9999.000,9999.000,9999.000
202604221900,  13.284,9999.000,   0.400,   0.081,  13.765,   0.200,  13.565,   0.700,  14.065
202604221906,  13.392,9999.000,9999.000,9999.000,9999.000,9999.000,9999.000,9999.000,9999.000
202604221912,  13.482,9999.000,9999.000,9999.000,9999.000,9999.000,9999.000,9999.000,9999.000
202604221918,  13.554,9999.000,9999.000,9999.000,9999.000,9999.000,9999.000,9999.000,9999.000
202604221924,  13.607,9999.000,9999.000,9999.000,9999.000,9999.000,9999.000,9999.000,9999.000
202604221930,  13.641,9999.000,9999.000,9999.000,9999.000,9999.000,9999.000,9999.000,9999.000
202604221936,  13.656,9999.000,9999.000,9999.000,9999.000,9999.000,9999.000,9999.000,9999.000
202604221942,  13.653,9999.000,9999.000,9999.000,9999.000,9999.000,9999.000,9999.000,9999.000
202604221948,  13.631,9999.000,9999.000,9999.000,9999.000,9999.000,9999.000,9999.000,9999.000
202604221954,  13.591,9999.000,9999.000,9999.000,9999.000,9999.000,9999.000,9999.000,9999.000
202604222000,  13.534,9999.000,   0.400,   0.081,  14.015,   0.200,  13.815,   0.700,  14.315
202604222006,  13.458,9999.000,9999.000,9999.000,9999.000,9999.000,9999.000,9999.000,9999.000
202604222012,  13.365,9999.000,9999.000,9999.000,9999.000,9999.000,9999.000,9999.000,9999.000
202604222018,  13.256,9999.000,9999.000,9999.000,9999.000,9999.000,9999.000,9999.000,9999.000
202604222024,  13.130,9999.000,9999.000,9999.000,9999.000,9999.000,9999.000,9999.000,9999.000
202604222030,  12.989,9999.000,9999.000,9999.000,9999.000,9999.000,9999.000,9999.000,9999.000
202604222036,  12.832,9999.000,9999.000,9999.000,9999.000,9999.000,9999.000,9999.000,9999.000
202604222042,  12.660,9999.000,9999.000,9999.000,9999.000,9999.000,9999.000,9999.000,9999.000
202604222048,  12.475,9999.000,9999.000,9999.000,9999.000,9999.000,9999.000,9999.000,9999.000
202604222054,  12.276,9999.000,9999.000,9999.000,9999.000,9999.000,9999.000,9999.000,9999.000
202604222100,  12.064,9999.000,   0.400,   0.081,  12.545,   0.200,  12.345,   0.600,  12.745
202604222106,  11.841,9999.000,9999.000,9999.000,9999.000,9999.000,9999.000,9999.000,9999.000
202604222112,  11.606,9999.000,9999.000,9999.000,9999.000,9999.000,9999.000,9999.000,9999.000
202604222118,  11.361,9999.000,9999.000,9999.000,9999.000,9999.000,9999.000,9999.000,9999.000
202604222124,  11.106,9999.000,9999.000,9999.000,9999.000,9999.000,9999.000,9999.000,9999.000
202604222130,  10.842,9999.000,9999.000,9999.000,9999.000,9999.000,9999.000,9999.000,9999.000
202604222136,  10.569,9999.000,9999.000,9999.000,9999.000,9999.000,9999.000,9999.000,9999.000
202604222142,  10.289,9999.000,9999.000,9999.000,9999.000,9999.000,9999.000,9999.000,9999.000
202604222148,  10.002,9999.000,9999.000,9999.000,9999.000,9999.000,9999.000,9999.000,9999.000
202604222154,   9.708,9999.000,9999.000,9999.000,9999.000,9999.000,9999.000,9999.000,9999.000
202604222200,   9.410,9999.000,   0.400,   0.081,   9.891,   0.200,   9.691,   0.600,  10.091
202604222206,   9.106,9999.000,9999.000,9999.000,9999.000,9999.000,9999.000,9999.000,9999.000
202604222212,   8.799,9999.000,9999.000,9999.000,9999.000,9999.000,9999.000,9999.000,9999.000
202604222218,   8.488,9999.000,9999.000,9999.000,9999.000,9999.000,9999.000,9999.000,9999.000
202604222224,   8.175,9999.000,9999.000,9999.000,9999.000,9999.000,9999.000,9999.000,9999.000
202604222230,   7.860,9999.000,9999.000,9999.000,9999.000,9999.000,9999.000,9999.000,9999.000
202604222236,   7.544,9999.000,9999.000,9999.000,9999.000,9999.000,9999.000,9999.000,9999.000
202604222242,   7.227,9999.000,9999.000,9999.000,9999.000,9999.000,9999.000,9999.000,9999.000
202604222248,   6.911,9999.000,9999.000,9999.000,9999.000,9999.000,9999.000,9999.000,9999.000
202604222254,   6.595,9999.000,9999.000,9999.000,9999.000,9999.000,9999.000,9999.000,9999.000
202604222300,   6.281,9999.000,   0.400,   0.081,   6.762,   0.200,   6.562,   0.600,   6.962
202604222306,   5.969,9999.000,9999.000,9999.000,9999.000,9999.000,9999.000,9999.000,9999.000
202604222312,   5.660,9999.000,9999.000,9999.000,9999.000,9999.000,9999.000,9999.000,9999.000
202604222318,   5.355,9999.000,9999.000,9999.000,9999.000,9999.000,9999.000,9999.000,9999.000
202604222324,   5.055,9999.000,9999.000,9999.000,9999.000,9999.000,9999.000,9999.000,9999.000
202604222330,   4.759,9999.000,9999.000,9999.000,9999.000,9999.000,9999.000,9999.000,9999.000
202604222336,   4.469,9999.000,9999.000,9999.000,9999.000,9999.000,9999.000,9999.000,9999.000
202604222342,   4.186,9999.000,9999.000,9999.000,9999.000,9999.000,9999.000,9999.000,9999.000
202604222348,   3.910,9999.000,9999.000,9999.000,9999.000,9999.000,9999.000,9999.000,9999.000
202604222354,   3.642,9999.000,9999.000,9999.000,9999.000,9999.000,9999.000,9999.000,9999.000
202604230000,   3.382,9999.000,   0.400,   0.081,   3.863,   0.200,   3.663,   0.600,   4.063
