        TIME,    TIDE,      OB,   SURGE,    BIAS,     TWL,SURGE90p,  TWL90p,SURGE10p,   TWL10p
202603311200,   5.408,   5.228,  -0.500,   0.320,   5.228,  -0.700,   5.028,  -0.400,   5.328
202603311206,   5.369,9999.000,9999.000,9999.000,9999.000,9999.000,9999.000,9999.000,9999.000
202603311212,   5.322,   5.188,9999.000,9999.000,9999.000,9999.000,9999.000,9999.000,9999.000
202603311218,   5.268,9999.000,9999.000,9999.000,9999.000,9999.000,9999.000,9999.000,9999.000
202603311224,   5.207,   5.129,9999.000,9999.000,9999.000,9999.000,9999.000,9999.000,9999.000
202603311230,   5.140,9999.000,9999.000,9999.000,9999.000,9999.000,9999.000,9999.000,9999.000
202603311236,   5.067,   5.038,9999.000,9999.000,9999.000,9999.000,9999.000,9999.000,9999.000
202603311242,   4.988,9999.000,9999.000,9999.000,9999.000,9999.000,9999.000,9999.000,9999.000
202603311248,   4.904,   4.919,9999.000,9999.000,9999.000,9999.000,9999.000,9999.000,9999.000
202603311254,   4.816,9999.000,9999.000,9999.000,9999.000,9999.000,9999.000,9999.000,9999.000
202603311300,   4.723,   4.769,  -0.500,   0.546,   4.769,  -0.700,   4.569,  -0.400,   4.869
202603311306,   4.626,   4.677,9999.000,9999.000,9999.000,9999.000,9999.000,9999.000,9999.000
202603311312,   4.525,   4.578,9999.000,9999.000,9999.000,9999.000,9999.000,9999.000,9999.000
202603311318,   4.422,   4.480,9999.000,9999.000,9999.000,9999.000,9999.000,9999.000,9999.000
202603311324,   4.315,   4.368,9999.000,9999.000,9999.000,9999.000,9999.000,9999.000,9999.000
202603311330,   4.206,   4.237,9999.000,9999.000,9999.000,9999.000,9999.000,9999.000,9999.000
202603311336,   4.095,   4.109,9999.000,9999.000,9999.000,9999.000,9999.000,9999.000,9999.000
202603311342,   3.982,   3.968,9999.000,9999.000,9999.000,9999.000,9999.000,9999.000,9999.000
202603311348,   3.868,   3.827,9999.000,9999.000,9999.000,9999.000,9999.000,9999.000,9999.000
202603311354,   3.752,   3.680,9999.000,9999.000,9999.000,9999.000,9999.000,9999.000,9999.000
202603311400,   3.635,   3.519,  -0.500,   0.384,   3.519,  -0.700,   3.319,  -0.400,   3.619
202603311406,   3.517,   3.358,9999.000,9999.000,9999.000,9999.000,9999.000,9999.000,9999.000
202603311412,   3.399,   3.188,9999.000,9999.000,9999.000,9999.000,9999.000,9999.000,9999.000
202603311418,   3.280,   3.007,9999.000,9999.000,9999.000,9999.000,9999.000,9999.000,9999.000
202603311424,   3.161,   2.840,9999.000,9999.000,9999.000,9999.000,9999.000,9999.000,9999.000
202603311430,   3.041,   2.660,9999.000,9999.000,9999.000,9999.000,9999.000,9999.000,9999.000
202603311436,   2.922,   2.499,9999.000,9999.000,9999.000,9999.000,9999.000,9999.000,9999.000
202603311442,   2.802,   2.328,9999.000,9999.000,9999.000,9999.000,9999.000,9999.000,9999.000
202603311448,   2.683,   2.158,9999.000,9999.000,9999.000,9999.000,9999.000,9999.000,9999.000
202603311454,   2.564,   2.010,9999.000,9999.000,9999.000,9999.000,9999.000,9999.000,9999.000
202603311500,   2.445,   1.869,  -0.500,  -0.076,   1.869,  -0.700,   1.669,  -0.400,   1.969
202603311506,   2.326,   1.738,9999.000,9999.000,9999.000,9999.000,9999.000,9999.000,9999.000
202603311512,   2.208,   1.600,9999.000,9999.000,9999.000,9999.000,9999.000,9999.000,9999.000
202603311518,   2.091,   1.469,9999.000,9999.000,9999.000,9999.000,9999.000,9999.000,9999.000
202603311524,   1.974,   1.338,9999.000,9999.000,9999.000,9999.000,9999.000,9999.000,9999.000
202603311530,   1.858,   1.210,9999.000,9999.000,9999.000,9999.000,9999.000,9999.000,9999.000
202603311536,   1.743,   1.079,9999.000,9999.000,9999.000,9999.000,9999.000,9999.000,9999.000
202603311542,   1.628,   0.961,9999.000,9999.000,9999.000,9999.000,9999.000,9999.000,9999.000
202603311548,   1.515,   0.839,9999.000,9999.000,9999.000,9999.000,9999.000,9999.000,9999.000
202603311554,   1.402,   0.731,9999.000,9999.000,9999.000,9999.000,9999.000,9999.000,9999.000
202603311600,   1.291,   0.619,  -0.500,  -0.172,   0.619,  -0.600,   0.519,  -0.400,   0.719
202603311606,   1.182,   0.508,9999.000,9999.000,9999.000,9999.000,9999.000,9999.000,9999.000
202603311612,   1.074,   0.400,9999.000,9999.000,9999.000,9999.000,9999.000,9999.000,9999.000
202603311618,   0.968,   0.288,9999.000,9999.000,9999.000,9999.000,9999.000,9999.000,9999.000
202603311624,   0.865,   0.190,9999.000,9999.000,9999.000,9999.000,9999.000,9999.000,9999.000
202603311630,   0.764,   0.088,9999.000,9999.000,9999.000,9999.000,9999.000,9999.000,9999.000
202603311636,   0.666,   0.000,9999.000,9999.000,9999.000,9999.000,9999.000,9999.000,9999.000
202603311642,   0.572,  -0.068,9999.000,9999.000,9999.000,9999.000,9999.000,9999.000,9999.000
202603311648,   0.482,  -0.141,9999.000,9999.000,9999.000,9999.000,9999.000,9999.000,9999.000
202603311654,   0.396,  -0.219,9999.000,9999.000,9999.000,9999.000,9999.000,9999.000,9999.000
202603311700,   0.315,  -0.278,  -0.500,  -0.093,  -0.278,  -0.600,  -0.378,  -0.400,  -0.178
202603311706,   0.239,  -0.350,9999.000,9999.000,9999.000,9999.000,9999.000,9999.000,9999.000
202603311712,   0.169,  -0.400,9999.000,9999.000,9999.000,9999.000,9999.000,9999.000,9999.000
202603311718,   0.106,  -0.439,9999.000,9999.000,9999.000,9999.000,9999.000,9999.000,9999.000
202603311724,   0.049,  -0.478,9999.000,9999.000,9999.000,9999.000,9999.000,9999.000,9999.000
202603311730,   0.000,  -0.498,9999.000,9999.000,9999.000,9999.000,9999.000,9999.000,9999.000
202603311736,  -0.040,  -0.531,9999.000,9999.000,9999.000,9999.000,9999.000,9999.000,9999.000
202603311742,  -0.073,  -0.541,9999.000,9999.000,9999.000,9999.000,9999.000,9999.000,9999.000
202603311748,  -0.097,  -0.541,9999.000,9999.000,9999.000,9999.000,9999.000,9999.000,9999.000
202603311754,  -0.112,  -0.551,9999.000,9999.000,9999.000,9999.000,9999.000,9999.000,9999.000
202603311800,  -0.118,  -0.541,  -0.400,  -0.023,  -0.541,  -0.600,  -0.741,  -0.300,  -0.441
202603311806,  -0.114,  -0.508,9999.000,9999.000,9999.000,9999.000,9999.000,9999.000,9999.000
202603311812,  -0.101,  -0.469,9999.000,9999.000,9999.000,9999.000,9999.000,9999.000,9999.000
202603311818,  -0.078,  -0.419,9999.000,9999.000,9999.000,9999.000,9999.000,9999.000,9999.000
202603311824,  -0.045,  -0.370,9999.000,9999.000,9999.000,9999.000,9999.000,9999.000,9999.000
202603311830,  -0.002,  -0.308,9999.000,9999.000,9999.000,9999.000,9999.000,9999.000,9999.000
202603311836,   0.048,  -0.229,9999.000,9999.000,9999.000,9999.000,9999.000,9999.000,9999.000
202603311842,   0.109,  -0.150,9999.000,9999.000,9999.000,9999.000,9999.000,9999.000,9999.000
202603311848,   0.179,  -0.059,9999.000,9999.000,9999.000,9999.000,9999.000,9999.000,9999.000
202603311854,   0.257,   0.019,9999.000,9999.000,9999.000,9999.000,9999.000,9999.000,9999.000
202603311900,   0.342,   0.131,  -0.400,   0.189,   0.131,  -0.600,  -0.069,  -0.300,   0.231
202603311906,   0.435,   0.239,9999.000,9999.000,9999.000,9999.000,9999.000,9999.000,9999.000
202603311912,   0.535,   0.350,9999.000,9999.000,9999.000,9999.000,9999.000,9999.000,9999.000
202603311918,   0.641,   0.429,9999.000,9999.000,9999.000,9999.000,9999.000,9999.000,9999.000
202603311924,   0.752,   0.570,9999.000,9999.000,9999.000,9999.000,9999.000,9999.000,9999.000
202603311930,   0.868,   0.698,9999.000,9999.000,9999.000,9999.000,9999.000,9999.000,9999.000
202603311936,   0.988,   0.819,9999.000,9999.000,9999.000,9999.000,9999.000,9999.000,9999.000
202603311942,   1.111,   0.990,9999.000,9999.000,9999.000,9999.000,9999.000,9999.000,9999.000
202603311948,   1.237,   1.151,9999.000,9999.000,9999.000,9999.000,9999.000,9999.000,9999.000
202603311954,   1.366,   1.318,9999.000,9999.000,9999.000,9999.000,9999.000,9999.000,9999.000
202603312000,   1.497,   1.479,  -0.400,   0.382,   1.479,  -0.600,   1.279,  -0.300,   1.579
202603312006,   1.629,   1.557,9999.000,9999.000,9999.000,9999.000,9999.000,9999.000,9999.000
202603312012,   1.761,   1.830,9999.000,9999.000,9999.000,9999.000,9999.000,9999.000,9999.000
202603312018,   1.895,   1.990,9999.000,9999.000,9999.000,9999.000,9999.000,9999.000,9999.000
202603312024,   2.028,   2.158,9999.000,9999.000,9999.000,9999.000,9999.000,9999.000,9999.000
202603312030,   2.162,   2.338,9999.000,9999.000,9999.000,9999.000,9999.000,9999.000,9999.000
202603312036,   2.296,   2.528,9999.000,9999.000,9999.000,9999.000,9999.000,9999.000,9999.000
202603312042,   2.429,   2.719,9999.000,9999.000,9999.000,9999.000,9999.000,9999.000,9999.000
202603312048,   2.562,   2.869,9999.000,9999.000,9999.000,9999.000,9999.000,9999.000,9999.000
202603312054,   2.694,   3.030,9999.000,9999.000,9999.000,9999.000,9999.000,9999.000,9999.000
202603312100,   2.826,   3.148,  -0.400,   0.722,   3.148,  -0.500,   3.048,  -0.300,   3.248
202603312106,   2.957,   3.260,9999.000,9999.000,9999.000,9999.000,9999.000,9999.000,9999.000
202603312112,   3.088,   3.378,9999.000,9999.000,9999.000,9999.000,9999.000,9999.000,9999.000
202603312118,   3.219,   3.470,9999.000,9999.000,9999.000,9999.000,9999.000,9999.000,9999.000
202603312124,   3.348,   3.548,9999.000,9999.000,9999.000,9999.000,9999.000,9999.000,9999.000
202603312130,   3.478,   3.650,9999.000,9999.000,9999.000,9999.000,9999.000,9999.000,9999.000
202603312136,   3.606,   3.739,9999.000,9999.000,9999.000,9999.000,9999.000,9999.000,9999.000
202603312142,   3.734,   3.837,9999.000,9999.000,9999.000,9999.000,9999.000,9999.000,9999.000
202603312148,   3.860,   3.929,9999.000,9999.000,9999.000,9999.000,9999.000,9999.000,9999.000
202603312154,   3.986,   4.037,9999.000,9999.000,9999.000,9999.000,9999.000,9999.000,9999.000
202603312200,   4.110,   4.139,  -0.400,   0.429,   4.139,  -0.500,   4.039,  -0.300,   4.239
202603312206,   4.232,   4.237,9999.000,9999.000,9999.000,9999.000,9999.000,9999.000,9999.000
202603312212,   4.353,   4.339,9999.000,9999.000,9999.000,9999.000,9999.000,9999.000,9999.000
202603312218,   4.470,   4.418,9999.000,9999.000,9999.000,9999.000,9999.000,9999.000,9999.000
202603312224,   4.585,   4.509,9999.000,9999.000,9999.000,9999.000,9999.000,9999.000,9999.000
202603312230,   4.696,   4.608,9999.000,9999.000,9999.000,9999.000,9999.000,9999.000,9999.000
202603312236,   4.804,   4.700,9999.000,9999.000,9999.000,9999.000,9999.000,9999.000,9999.000
202603312242,   4.907,   4.798,9999.000,9999.000,9999.000,9999.000,9999.000,9999.000,9999.000
202603312248,   5.005,   4.877,9999.000,9999.000,9999.000,9999.000,9999.000,9999.000,9999.000
202603312254,   5.097,   4.959,9999.000,9999.000,9999.000,9999.000,9999.000,9999.000,9999.000
202603312300,   5.184,   5.008,  -0.300,   0.124,   5.008,  -0.500,   4.808,  -0.200,   5.108
202603312306,   5.263,   5.077,9999.000,9999.000,9999.000,9999.000,9999.000,9999.000,9999.000
202603312312,   5.336,   5.139,9999.000,9999.000,9999.000,9999.000,9999.000,9999.000,9999.000
202603312318,   5.401,   5.198,9999.000,9999.000,9999.000,9999.000,9999.000,9999.000,9999.000
202603312324,   5.459,   5.257,9999.000,9999.000,9999.000,9999.000,9999.000,9999.000,9999.000
202603312330,   5.508,   5.329,9999.000,9999.000,9999.000,9999.000,9999.000,9999.000,9999.000
202603312336,   5.549,   5.398,9999.000,9999.000,9999.000,9999.000,9999.000,9999.000,9999.000
202603312342,   5.581,   5.457,9999.000,9999.000,9999.000,9999.000,9999.000,9999.000,9999.000
202603312348,   5.604,   5.507,9999.000,9999.000,9999.000,9999.000,9999.000,9999.000,9999.000
202603312354,   5.618,   5.530,9999.000,9999.000,9999.000,9999.000,9999.000,9999.000,9999.000
202604010000,   5.623,   5.549,  -0.400,   0.326,   5.549,  -0.500,   5.449,  -0.200,   5.749
202604010006,   5.620,   5.549,9999.000,9999.000,9999.000,9999.000,9999.000,9999.000,9999.000
202604010012,   5.607,   5.549,9999.000,9999.000,9999.000,9999.000,9999.000,9999.000,9999.000
202604010018,   5.586,   5.559,9999.000,9999.000,9999.000,9999.000,9999.000,9999.000,9999.000
202604010024,   5.557,   5.549,9999.000,9999.000,9999.000,9999.000,9999.000,9999.000,9999.000
202604010030,   5.520,   5.530,9999.000,9999.000,9999.000,9999.000,9999.000,9999.000,9999.000
202604010036,   5.475,   5.507,9999.000,9999.000,9999.000,9999.000,9999.000,9999.000,9999.000
202604010042,   5.422,   5.487,9999.000,9999.000,9999.000,9999.000,9999.000,9999.000,9999.000
202604010048,   5.363,   5.457,9999.000,9999.000,9999.000,9999.000,9999.000,9999.000,9999.000
202604010054,   5.297,   5.408,9999.000,9999.000,9999.000,9999.000,9999.000,9999.000,9999.000
202604010100,   5.225,   5.379,  -0.300,   0.454,   5.379,  -0.500,   5.179,  -0.200,   5.479
202604010106,   5.147,   5.329,9999.000,9999.000,9999.000,9999.000,9999.000,9999.000,9999.000
202604010112,   5.064,   5.267,9999.000,9999.000,9999.000,9999.000,9999.000,9999.000,9999.000
202604010118,   4.977,   5.198,9999.000,9999.000,9999.000,9999.000,9999.000,9999.000,9999.000
202604010124,   4.885,   5.120,9999.000,9999.000,9999.000,9999.000,9999.000,9999.000,9999.000
202604010130,   4.789,   5.028,9999.000,9999.000,9999.000,9999.000,9999.000,9999.000,9999.000
202604010136,   4.690,   4.910,9999.000,9999.000,9999.000,9999.000,9999.000,9999.000,9999.000
202604010142,   4.588,   4.778,9999.000,9999.000,9999.000,9999.000,9999.000,9999.000,9999.000
202604010148,   4.484,   4.647,9999.000,9999.000,9999.000,9999.000,9999.000,9999.000,9999.000
202604010154,   4.377,   4.529,9999.000,9999.000,9999.000,9999.000,9999.000,9999.000,9999.000
202604010200,   4.268,   4.388,  -0.300,   0.420,   4.388,  -0.400,   4.288,  -0.200,   4.488
202604010206,   4.157,   4.237,9999.000,9999.000,9999.000,9999.000,9999.000,9999.000,9999.000
202604010212,   4.045,   4.099,9999.000,9999.000,9999.000,9999.000,9999.000,9999.000,9999.000
202604010218,   3.932,   3.909,9999.000,9999.000,9999.000,9999.000,9999.000,9999.000,9999.000
202604010224,   3.818,   3.729,9999.000,9999.000,9999.000,9999.000,9999.000,9999.000,9999.000
202604010230,   3.704,   3.558,9999.000,9999.000,9999.000,9999.000,9999.000,9999.000,9999.000
202604010236,   3.589,   3.319,9999.000,9999.000,9999.000,9999.000,9999.000,9999.000,9999.000
202604010242,   3.474,   3.158,9999.000,9999.000,9999.000,9999.000,9999.000,9999.000,9999.000
202604010248,   3.359,   2.978,9999.000,9999.000,9999.000,9999.000,9999.000,9999.000,9999.000
202604010254,   3.243,   2.787,9999.000,9999.000,9999.000,9999.000,9999.000,9999.000,9999.000
202604010300,   3.128,   2.620,  -0.300,  -0.208,   2.620,  -0.400,   2.520,  -0.100,   2.820
202604010306,   3.013,   2.459,9999.000,9999.000,9999.000,9999.000,9999.000,9999.000,9999.000
202604010312,   2.898,   2.289,9999.000,9999.000,9999.000,9999.000,9999.000,9999.000,9999.000
202604010318,   2.784,   2.118,9999.000,9999.000,9999.000,9999.000,9999.000,9999.000,9999.000
202604010324,   2.670,   1.958,9999.000,9999.000,9999.000,9999.000,9999.000,9999.000,9999.000
202604010330,   2.556,   1.820,9999.000,9999.000,9999.000,9999.000,9999.000,9999.000,9999.000
202604010336,   2.443,   1.669,9999.000,9999.000,9999.000,9999.000,9999.000,9999.000,9999.000
202604010342,   2.330,   1.528,9999.000,9999.000,9999.000,9999.000,9999.000,9999.000,9999.000
202604010348,   2.218,   1.410,9999.000,9999.000,9999.000,9999.000,9999.000,9999.000,9999.000
202604010354,   2.107,   1.279,9999.000,9999.000,9999.000,9999.000,9999.000,9999.000,9999.000
202604010400,   1.996,   1.161,  -0.200,  -0.635,   1.161,  -0.400,   0.961,  -0.100,   1.261
202604010406,   1.885,   1.039,9999.000,9999.000,9999.000,9999.000,9999.000,9999.000,9999.000
202604010412,   1.776,   0.908,9999.000,9999.000,9999.000,9999.000,9999.000,9999.000,9999.000
202604010418,   1.667,   0.790,9999.000,9999.000,9999.000,9999.000,9999.000,9999.000,9999.000
202604010424,   1.560,   0.678,9999.000,9999.000,9999.000,9999.000,9999.000,9999.000,9999.000
202604010430,   1.453,   0.570,9999.000,9999.000,9999.000,9999.000,9999.000,9999.000,9999.000
202604010436,   1.348,   0.459,9999.000,9999.000,9999.000,9999.000,9999.000,9999.000,9999.000
202604010442,   1.245,   0.360,9999.000,9999.000,9999.000,9999.000,9999.000,9999.000,9999.000
202604010448,   1.144,   0.259,9999.000,9999.000,9999.000,9999.000,9999.000,9999.000,9999.000
202604010454,   1.045,   0.180,9999.000,9999.000,9999.000,9999.000,9999.000,9999.000,9999.000
202604010500,   0.949,   0.111,  -0.300,  -0.538,   0.111,  -0.400,   0.011,  -0.200,   0.211
202604010506,   0.855,   0.049,9999.000,9999.000,9999.000,9999.000,9999.000,9999.000,9999.000
202604010512,   0.765,  -0.009,9999.000,9999.000,9999.000,9999.000,9999.000,9999.000,9999.000
202604010518,   0.679,  -0.088,9999.000,9999.000,9999.000,9999.000,9999.000,9999.000,9999.000
202604010524,   0.598,  -0.141,9999.000,9999.000,9999.000,9999.000,9999.000,9999.000,9999.000
202604010530,   0.522,  -0.180,9999.000,9999.000,9999.000,9999.000,9999.000,9999.000,9999.000
202604010536,   0.451,  -0.209,9999.000,9999.000,9999.000,9999.000,9999.000,9999.000,9999.000
202604010542,   0.386,  -0.268,9999.000,9999.000,9999.000,9999.000,9999.000,9999.000,9999.000
202604010548,   0.327,  -0.308,9999.000,9999.000,9999.000,9999.000,9999.000,9999.000,9999.000
202604010554,   0.276,  -0.341,9999.000,9999.000,9999.000,9999.000,9999.000,9999.000,9999.000
202604010600,   0.232,  -0.380,  -0.300,  -0.312,  -0.380,  -0.400,  -0.480,  -0.200,  -0.280
202604010606,   0.197,  -0.400,9999.000,9999.000,9999.000,9999.000,9999.000,9999.000,9999.000
202604010612,   0.170,  -0.419,9999.000,9999.000,9999.000,9999.000,9999.000,9999.000,9999.000
202604010618,   0.151,  -0.439,9999.000,9999.000,9999.000,9999.000,9999.000,9999.000,9999.000
202604010624,   0.142,  -0.429,9999.000,9999.000,9999.000,9999.000,9999.000,9999.000,9999.000
202604010630,   0.142,  -0.419,9999.000,9999.000,9999.000,9999.000,9999.000,9999.000,9999.000
202604010636,   0.152,  -0.400,9999.000,9999.000,9999.000,9999.000,9999.000,9999.000,9999.000
202604010642,   0.172,  -0.380,9999.000,9999.000,9999.000,9999.000,9999.000,9999.000,9999.000
202604010648,   0.201,  -0.331,9999.000,9999.000,9999.000,9999.000,9999.000,9999.000,9999.000
202604010654,   0.239,  -0.259,9999.000,9999.000,9999.000,9999.000,9999.000,9999.000,9999.000
202604010700,   0.287,  -0.180,  -0.300,  -0.167,  -0.180,  -0.500,  -0.380,  -0.200,  -0.080
202604010706,   0.345,  -0.068,9999.000,9999.000,9999.000,9999.000,9999.000,9999.000,9999.000
202604010712,   0.410,   0.039,9999.000,9999.000,9999.000,9999.000,9999.000,9999.000,9999.000
202604010718,   0.485,   0.170,9999.000,9999.000,9999.000,9999.000,9999.000,9999.000,9999.000
202604010724,   0.567,   0.288,9999.000,9999.000,9999.000,9999.000,9999.000,9999.000,9999.000
202604010730,   0.656,   0.429,9999.000,9999.000,9999.000,9999.000,9999.000,9999.000,9999.000
202604010736,   0.752,   0.560,9999.000,9999.000,9999.000,9999.000,9999.000,9999.000,9999.000
202604010742,   0.855,   0.678,9999.000,9999.000,9999.000,9999.000,9999.000,9999.000,9999.000
202604010748,   0.963,   0.800,9999.000,9999.000,9999.000,9999.000,9999.000,9999.000,9999.000
202604010754,   1.075,   0.941,9999.000,9999.000,9999.000,9999.000,9999.000,9999.000,9999.000
202604010800,   1.192,   1.098,  -0.300,   0.206,   1.098,  -0.500,   0.898,  -0.200,   1.198
202604010806,   1.312,   1.249,9999.000,9999.000,9999.000,9999.000,9999.000,9999.000,9999.000
202604010812,   1.435,   1.410,9999.000,9999.000,9999.000,9999.000,9999.000,9999.000,9999.000
202604010818,   1.561,   1.557,9999.000,9999.000,9999.000,9999.000,9999.000,9999.000,9999.000
202604010824,   1.688,   1.718,9999.000,9999.000,9999.000,9999.000,9999.000,9999.000,9999.000
202604010830,   1.816,   1.849,9999.000,9999.000,9999.000,9999.000,9999.000,9999.000,9999.000
202604010836,   1.945,   2.000,9999.000,9999.000,9999.000,9999.000,9999.000,9999.000,9999.000
202604010842,   2.075,   2.168,9999.000,9999.000,9999.000,9999.000,9999.000,9999.000,9999.000
202604010848,   2.204,   2.328,9999.000,9999.000,9999.000,9999.000,9999.000,9999.000,9999.000
202604010854,   2.333,   2.469,9999.000,9999.000,9999.000,9999.000,9999.000,9999.000,9999.000
202604010900,   2.462,   2.620,  -0.300,   0.458,   2.620,  -0.500,   2.420,  -0.100,   2.820
202604010906,   2.590,   2.778,9999.000,9999.000,9999.000,9999.000,9999.000,9999.000,9999.000
202604010912,   2.718,   2.948,9999.000,9999.000,9999.000,9999.000,9999.000,9999.000,9999.000
202604010918,   2.844,   3.109,9999.000,9999.000,9999.000,9999.000,9999.000,9999.000,9999.000
202604010924,   2.970,   3.270,9999.000,9999.000,9999.000,9999.000,9999.000,9999.000,9999.000
202604010930,   3.095,   3.427,9999.000,9999.000,9999.000,9999.000,9999.000,9999.000,9999.000
202604010936,   3.219,   3.598,9999.000,9999.000,9999.000,9999.000,9999.000,9999.000,9999.000
202604010942,   3.341,   3.729,9999.000,9999.000,9999.000,9999.000,9999.000,9999.000,9999.000
202604010948,   3.463,   3.837,9999.000,9999.000,9999.000,9999.000,9999.000,9999.000,9999.000
202604010954,   3.584,   3.939,9999.000,9999.000,9999.000,9999.000,9999.000,9999.000,9999.000
202604011000,   3.703,   4.037,  -0.300,   0.634,   4.037,  -0.600,   3.737,  -0.200,   4.137
202604011006,   3.821,   4.119,9999.000,9999.000,9999.000,9999.000,9999.000,9999.000,9999.000
202604011012,   3.938,   4.218,9999.000,9999.000,9999.000,9999.000,9999.000,9999.000,9999.000
202604011018,   4.053,   4.319,9999.000,9999.000,9999.000,9999.000,9999.000,9999.000,9999.000
202604011024,   4.166,   4.408,9999.000,9999.000,9999.000,9999.000,9999.000,9999.000,9999.000
202604011030,   4.277,   4.500,9999.000,9999.000,9999.000,9999.000,9999.000,9999.000,9999.000
202604011036,   4.385,   4.588,9999.000,9999.000,9999.000,9999.000,9999.000,9999.000,9999.000
202604011042,   4.491,   4.657,9999.000,9999.000,9999.000,9999.000,9999.000,9999.000,9999.000
202604011048,   4.593,   4.719,9999.000,9999.000,9999.000,9999.000,9999.000,9999.000,9999.000
202604011054,   4.692,   4.778,9999.000,9999.000,9999.000,9999.000,9999.000,9999.000,9999.000
202604011100,   4.786,   4.837,  -0.300,   0.351,   4.837,  -0.600,   4.537,  -0.200,   4.937
202604011106,   4.876,   4.910,9999.000,9999.000,9999.000,9999.000,9999.000,9999.000,9999.000
202604011112,   4.960,   4.959,9999.000,9999.000,9999.000,9999.000,9999.000,9999.000,9999.000
202604011118,   5.038,   4.998,9999.000,9999.000,9999.000,9999.000,9999.000,9999.000,9999.000
202604011124,   5.110,   5.047,9999.000,9999.000,9999.000,9999.000,9999.000,9999.000,9999.000
202604011130,   5.176,   5.077,9999.000,9999.000,9999.000,9999.000,9999.000,9999.000,9999.000
202604011136,   5.234,   5.110,9999.000,9999.000,9999.000,9999.000,9999.000,9999.000,9999.000
202604011142,   5.285,   5.139,9999.000,9999.000,9999.000,9999.000,9999.000,9999.000,9999.000
202604011148,   5.327,   5.169,9999.000,9999.000,9999.000,9999.000,9999.000,9999.000,9999.000
202604011154,   5.361,   5.208,9999.000,9999.000,9999.000,9999.000,9999.000,9999.000,9999.000
202604011200,   5.387,   5.267,  -0.200,   0.080,   5.267,  -0.300,   5.167,  -0.100,   5.367
202604011206,   5.404,   5.320,9999.000,9999.000,9999.000,9999.000,9999.000,9999.000,9999.000
202604011212,   5.412,   5.349,9999.000,9999.000,9999.000,9999.000,9999.000,9999.000,9999.000
202604011218,   5.411,   5.379,9999.000,9999.000,9999.000,9999.000,9999.000,9999.000,9999.000
202604011224,   5.402,   5.389,9999.000,9999.000,9999.000,9999.000,9999.000,9999.000,9999.000
202604011230,   5.383,   5.389,9999.000,9999.000,9999.000,9999.000,9999.000,9999.000,9999.000
202604011236,   5.356,   5.359,9999.000,9999.000,9999.000,9999.000,9999.000,9999.000,9999.000
202604011242,   5.321,   5.329,9999.000,9999.000,9999.000,9999.000,9999.000,9999.000,9999.000
202604011248,   5.277,   5.297,9999.000,9999.000,9999.000,9999.000,9999.000,9999.000,9999.000
202604011254,   5.225,   5.228,9999.000,9999.000,9999.000,9999.000,9999.000,9999.000,9999.000
202604011300,   5.167,   5.188,  -0.200,   0.221,   5.188,  -0.300,   5.088,  -0.100,   5.288
202604011306,   5.101,   5.139,9999.000,9999.000,9999.000,9999.000,9999.000,9999.000,9999.000
202604011312,   5.028,   5.087,9999.000,9999.000,9999.000,9999.000,9999.000,9999.000,9999.000
202604011318,   4.950,   5.028,9999.000,9999.000,9999.000,9999.000,9999.000,9999.000,9999.000
202604011324,   4.865,   4.959,9999.000,9999.000,9999.000,9999.000,9999.000,9999.000,9999.000
202604011330,   4.776,   4.887,9999.000,9999.000,9999.000,9999.000,9999.000,9999.000,9999.000
202604011336,   4.682,   4.818,9999.000,9999.000,9999.000,9999.000,9999.000,9999.000,9999.000
202604011342,   4.584,   4.759,9999.000,9999.000,9999.000,9999.000,9999.000,9999.000,9999.000
202604011348,   4.482,   4.700,9999.000,9999.000,9999.000,9999.000,9999.000,9999.000,9999.000
202604011354,   4.377,   4.628,9999.000,9999.000,9999.000,9999.000,9999.000,9999.000,9999.000
202604011400,   4.269,   4.559,  -0.200,   0.490,   4.559,  -0.300,   4.459,  -0.100,   4.659
202604011406,   4.159,   4.490,9999.000,9999.000,9999.000,9999.000,9999.000,9999.000,9999.000
202604011412,   4.047,   4.388,9999.000,9999.000,9999.000,9999.000,9999.000,9999.000,9999.000
202604011418,   3.933,   4.280,9999.000,9999.000,9999.000,9999.000,9999.000,9999.000,9999.000
202604011424,   3.819,   4.159,9999.000,9999.000,9999.000,9999.000,9999.000,9999.000,9999.000
202604011430,   3.703,   4.017,9999.000,9999.000,9999.000,9999.000,9999.000,9999.000,9999.000
202604011436,   3.587,   3.880,9999.000,9999.000,9999.000,9999.000,9999.000,9999.000,9999.000
202604011442,   3.470,   3.749,9999.000,9999.000,9999.000,9999.000,9999.000,9999.000,9999.000
202604011448,   3.353,   3.607,9999.000,9999.000,9999.000,9999.000,9999.000,9999.000,9999.000
202604011454,   3.236,   3.470,9999.000,9999.000,9999.000,9999.000,9999.000,9999.000,9999.000
202604011500,   3.120,   3.348,  -0.200,   0.428,   3.348,  -0.300,   3.248,  -0.100,   3.448
202604011506,   3.004,   3.197,9999.000,9999.000,9999.000,9999.000,9999.000,9999.000,9999.000
202604011512,   2.889,   3.070,9999.000,9999.000,9999.000,9999.000,9999.000,9999.000,9999.000
202604011518,   2.774,   2.929,9999.000,9999.000,9999.000,9999.000,9999.000,9999.000,9999.000
202604011524,   2.660,   2.787,9999.000,9999.000,9999.000,9999.000,9999.000,9999.000,9999.000
202604011530,   2.547,   2.669,9999.000,9999.000,9999.000,9999.000,9999.000,9999.000,9999.000
202604011536,   2.434,   2.548,9999.000,9999.000,9999.000,9999.000,9999.000,9999.000,9999.000
202604011542,   2.323,   2.440,9999.000,9999.000,9999.000,9999.000,9999.000,9999.000,9999.000
202604011548,   2.212,   2.318,9999.000,9999.000,9999.000,9999.000,9999.000,9999.000,9999.000
202604011554,   2.103,   2.210,9999.000,9999.000,9999.000,9999.000,9999.000,9999.000,9999.000
202604011600,   1.994,   2.079,  -0.100,   0.185,   2.079,  -0.300,   1.879,   0.000,   2.179
202604011606,   1.886,   1.928,9999.000,9999.000,9999.000,9999.000,9999.000,9999.000,9999.000
202604011612,   1.779,   1.800,9999.000,9999.000,9999.000,9999.000,9999.000,9999.000,9999.000
202604011618,   1.673,   1.659,9999.000,9999.000,9999.000,9999.000,9999.000,9999.000,9999.000
202604011624,   1.568,   1.518,9999.000,9999.000,9999.000,9999.000,9999.000,9999.000,9999.000
202604011630,   1.464,   1.371,9999.000,9999.000,9999.000,9999.000,9999.000,9999.000,9999.000
202604011636,   1.361,   1.229,9999.000,9999.000,9999.000,9999.000,9999.000,9999.000,9999.000
202604011642,   1.259,   1.088,9999.000,9999.000,9999.000,9999.000,9999.000,9999.000,9999.000
202604011648,   1.158,   0.951,9999.000,9999.000,9999.000,9999.000,9999.000,9999.000,9999.000
202604011654,   1.059,   0.819,9999.000,9999.000,9999.000,9999.000,9999.000,9999.000,9999.000
202604011700,   0.962,   0.718,  -0.100,  -0.144,   0.718,  -0.200,   0.618,   0.000,   0.818
202604011706,   0.866,   0.619,9999.000,9999.000,9999.000,9999.000,9999.000,9999.000,9999.000
202604011712,   0.773,   0.541,9999.000,9999.000,9999.000,9999.000,9999.000,9999.000,9999.000
202604011718,   0.682,   0.449,9999.000,9999.000,9999.000,9999.000,9999.000,9999.000,9999.000
202604011724,   0.594,   0.380,9999.000,9999.000,9999.000,9999.000,9999.000,9999.000,9999.000
202604011730,   0.509,   0.308,9999.000,9999.000,9999.000,9999.000,9999.000,9999.000,9999.000
202604011736,   0.427,   0.249,9999.000,9999.000,9999.000,9999.000,9999.000,9999.000,9999.000
202604011742,   0.350,   0.200,9999.000,9999.000,9999.000,9999.000,9999.000,9999.000,9999.000
202604011748,   0.277,   0.131,9999.000,9999.000,9999.000,9999.000,9999.000,9999.000,9999.000
202604011754,   0.210,   0.098,9999.000,9999.000,9999.000,9999.000,9999.000,9999.000,9999.000
202604011800,   0.148,   0.039,  -0.100,  -0.009,   0.039,  -0.200,  -0.061,   0.000,   0.139
202604011806,   0.093,   0.009,9999.000,9999.000,9999.000,9999.000,9999.000,9999.000,9999.000
202604011812,   0.044,  -0.039,9999.000,9999.000,9999.000,9999.000,9999.000,9999.000,9999.000
202604011818,   0.002,  -0.078,9999.000,9999.000,9999.000,9999.000,9999.000,9999.000,9999.000
202604011824,  -0.030,  -0.088,9999.000,9999.000,9999.000,9999.000,9999.000,9999.000,9999.000
202604011830,  -0.055,  -0.150,9999.000,9999.000,9999.000,9999.000,9999.000,9999.000,9999.000
202604011836,  -0.072,  -0.180,9999.000,9999.000,9999.000,9999.000,9999.000,9999.000,9999.000
202604011842,  -0.079,  -0.200,9999.000,9999.000,9999.000,9999.000,9999.000,9999.000,9999.000
202604011848,  -0.077,  -0.180,9999.000,9999.000,9999.000,9999.000,9999.000,9999.000,9999.000
202604011854,  -0.065,  -0.170,9999.000,9999.000,9999.000,9999.000,9999.000,9999.000,9999.000
202604011900,  -0.044,  -0.131,  -0.100,   0.013,  -0.131,  -0.200,  -0.231,   0.000,  -0.031
202604011906,  -0.012,  -0.049,9999.000,9999.000,9999.000,9999.000,9999.000,9999.000,9999.000
202604011912,   0.028,   0.009,9999.000,9999.000,9999.000,9999.000,9999.000,9999.000,9999.000
202604011918,   0.080,   0.111,9999.000,9999.000,9999.000,9999.000,9999.000,9999.000,9999.000
202604011924,   0.141,   0.200,9999.000,9999.000,9999.000,9999.000,9999.000,9999.000,9999.000
202604011930,   0.212,   0.298,9999.000,9999.000,9999.000,9999.000,9999.000,9999.000,9999.000
202604011936,   0.292,   0.390,9999.000,9999.000,9999.000,9999.000,9999.000,9999.000,9999.000
202604011942,   0.380,   0.478,9999.000,9999.000,9999.000,9999.000,9999.000,9999.000,9999.000
202604011948,   0.477,   0.590,9999.000,9999.000,9999.000,9999.000,9999.000,9999.000,9999.000
202604011954,   0.581,   0.698,9999.000,9999.000,9999.000,9999.000,9999.000,9999.000,9999.000
202604012000,   0.692,   0.810,  -0.100,   0.218,   0.810,  -0.200,   0.710,   0.000,   0.910
202604012006,   0.810,   0.951,9999.000,9999.000,9999.000,9999.000,9999.000,9999.000,9999.000
202604012012,   0.933,   1.108,9999.000,9999.000,9999.000,9999.000,9999.000,9999.000,9999.000
202604012018,   1.061,   1.259,9999.000,9999.000,9999.000,9999.000,9999.000,9999.000,9999.000
202604012024,   1.194,   1.430,9999.000,9999.000,9999.000,9999.000,9999.000,9999.000,9999.000
202604012030,   1.330,   1.590,9999.000,9999.000,9999.000,9999.000,9999.000,9999.000,9999.000
202604012036,   1.469,   1.781,9999.000,9999.000,9999.000,9999.000,9999.000,9999.000,9999.000
202604012042,   1.610,   1.948,9999.000,9999.000,9999.000,9999.000,9999.000,9999.000,9999.000
202604012048,   1.753,   2.128,9999.000,9999.000,9999.000,9999.000,9999.000,9999.000,9999.000
202604012054,   1.897,   2.309,9999.000,9999.000,9999.000,9999.000,9999.000,9999.000,9999.000
202604012100,   2.042,   2.479,  -0.100,   0.537,   2.479,  -0.200,   2.379,   0.000,   2.579
202604012106,   2.187,   2.669,9999.000,9999.000,9999.000,9999.000,9999.000,9999.000,9999.000
202604012112,   2.331,   2.850,9999.000,9999.000,9999.000,9999.000,9999.000,9999.000,9999.000
202604012118,   2.475,   3.030,9999.000,9999.000,9999.000,9999.000,9999.000,9999.000,9999.000
202604012124,   2.619,   3.207,9999.000,9999.000,9999.000,9999.000,9999.000,9999.000,9999.000
202604012130,   2.761,   3.378,9999.000,9999.000,9999.000,9999.000,9999.000,9999.000,9999.000
202604012136,   2.902,   3.529,9999.000,9999.000,9999.000,9999.000,9999.000,9999.000,9999.000
202604012142,   3.041,   3.689,9999.000,9999.000,9999.000,9999.000,9999.000,9999.000,9999.000
202604012148,   3.180,   3.827,9999.000,9999.000,9999.000,9999.000,9999.000,9999.000,9999.000
202604012154,   3.316,   3.978,9999.000,9999.000,9999.000,9999.000,9999.000,9999.000,9999.000
202604012200,   3.451,   4.119,  -0.100,   0.768,   4.119,  -0.200,   4.019,   0.000,   4.219
202604012206,   3.585,   4.257,9999.000,9999.000,9999.000,9999.000,9999.000,9999.000,9999.000
202604012212,   3.717,   4.398,9999.000,9999.000,9999.000,9999.000,9999.000,9999.000,9999.000
202604012218,   3.847,   4.529,9999.000,9999.000,9999.000,9999.000,9999.000,9999.000,9999.000
202604012224,   3.976,   4.647,9999.000,9999.000,9999.000,9999.000,9999.000,9999.000,9999.000
202604012230,   4.102,   4.778,9999.000,9999.000,9999.000,9999.000,9999.000,9999.000,9999.000
202604012236,   4.227,   4.900,9999.000,9999.000,9999.000,9999.000,9999.000,9999.000,9999.000
202604012242,   4.349,   5.028,9999.000,9999.000,9999.000,9999.000,9999.000,9999.000,9999.000
202604012248,   4.468,   5.139,9999.000,9999.000,9999.000,9999.000,9999.000,9999.000,9999.000
202604012254,   4.585,   5.228,9999.000,9999.000,9999.000,9999.000,9999.000,9999.000,9999.000
202604012300,   4.699,   5.320,  -0.100,   0.721,   5.320,  -0.100,   5.320,   0.000,   5.420
202604012306,   4.810,   5.389,9999.000,9999.000,9999.000,9999.000,9999.000,9999.000,9999.000
202604012312,   4.916,   5.448,9999.000,9999.000,9999.000,9999.000,9999.000,9999.000,9999.000
202604012318,   5.018,   5.497,9999.000,9999.000,9999.000,9999.000,9999.000,9999.000,9999.000
202604012324,   5.116,   5.559,9999.000,9999.000,9999.000,9999.000,9999.000,9999.000,9999.000
202604012330,   5.208,   5.608,9999.000,9999.000,9999.000,9999.000,9999.000,9999.000,9999.000
202604012336,   5.295,   5.648,9999.000,9999.000,9999.000,9999.000,9999.000,9999.000,9999.000
202604012342,   5.375,   5.730,9999.000,9999.000,9999.000,9999.000,9999.000,9999.000,9999.000
202604012348,   5.448,   5.808,9999.000,9999.000,9999.000,9999.000,9999.000,9999.000,9999.000
202604012354,   5.515,   5.867,9999.000,9999.000,9999.000,9999.000,9999.000,9999.000,9999.000
202604020000,   5.573,   5.917,   0.000,   0.344,   5.917,  -0.100,   5.817,   0.000,   5.917
202604020006,   5.624,   5.949,9999.000,9999.000,9999.000,9999.000,9999.000,9999.000,9999.000
202604020012,   5.667,   5.979,9999.000,9999.000,9999.000,9999.000,9999.000,9999.000,9999.000
202604020018,   5.701,   6.018,9999.000,9999.000,9999.000,9999.000,9999.000,9999.000,9999.000
202604020024,   5.726,   6.048,9999.000,9999.000,9999.000,9999.000,9999.000,9999.000,9999.000
202604020030,   5.742,   6.087,9999.000,9999.000,9999.000,9999.000,9999.000,9999.000,9999.000
202604020036,   5.748,   6.097,9999.000,9999.000,9999.000,9999.000,9999.000,9999.000,9999.000
202604020042,   5.746,   6.107,9999.000,9999.000,9999.000,9999.000,9999.000,9999.000,9999.000
202604020048,   5.735,   6.087,9999.000,9999.000,9999.000,9999.000,9999.000,9999.000,9999.000
202604020054,   5.715,   6.097,9999.000,9999.000,9999.000,9999.000,9999.000,9999.000,9999.000
202604020100,   5.686,   6.058,   0.000,   0.372,   6.058,  -0.100,   5.958,   0.000,   6.058
202604020106,   5.648,   6.018,9999.000,9999.000,9999.000,9999.000,9999.000,9999.000,9999.000
202604020112,   5.603,   5.969,9999.000,9999.000,9999.000,9999.000,9999.000,9999.000,9999.000
202604020118,   5.549,   5.907,9999.000,9999.000,9999.000,9999.000,9999.000,9999.000,9999.000
202604020124,   5.488,   5.848,9999.000,9999.000,9999.000,9999.000,9999.000,9999.000,9999.000
202604020130,   5.420,   5.769,9999.000,9999.000,9999.000,9999.000,9999.000,9999.000,9999.000
202604020136,   5.346,   5.677,9999.000,9999.000,9999.000,9999.000,9999.000,9999.000,9999.000
202604020142,   5.265,   5.589,9999.000,9999.000,9999.000,9999.000,9999.000,9999.000,9999.000
202604020148,   5.179,   5.487,9999.000,9999.000,9999.000,9999.000,9999.000,9999.000,9999.000
202604020154,   5.088,   5.379,9999.000,9999.000,9999.000,9999.000,9999.000,9999.000,9999.000
202604020200,   4.992,   5.247,   0.000,   0.255,   5.247,   0.000,   5.247,   0.000,   5.247
202604020206,   4.892,   5.149,9999.000,9999.000,9999.000,9999.000,9999.000,9999.000,9999.000
202604020212,   4.789,   5.028,9999.000,9999.000,9999.000,9999.000,9999.000,9999.000,9999.000
202604020218,   4.683,   4.900,9999.000,9999.000,9999.000,9999.000,9999.000,9999.000,9999.000
202604020224,   4.574,   4.769,9999.000,9999.000,9999.000,9999.000,9999.000,9999.000,9999.000
202604020230,   4.463,   4.647,9999.000,9999.000,9999.000,9999.000,9999.000,9999.000,9999.000
202604020236,   4.350,   4.519,9999.000,9999.000,9999.000,9999.000,9999.000,9999.000,9999.000
202604020242,   4.236,   4.368,9999.000,9999.000,9999.000,9999.000,9999.000,9999.000,9999.000
202604020248,   4.121,   4.208,9999.000,9999.000,9999.000,9999.000,9999.000,9999.000,9999.000
202604020254,   4.005,   4.037,9999.000,9999.000,9999.000,9999.000,9999.000,9999.000,9999.000
202604020300,   3.888,   3.880,   0.000,  -0.008,   3.880,   0.000,   3.880,   0.100,   3.980
202604020306,   3.772,   3.699,9999.000,9999.000,9999.000,9999.000,9999.000,9999.000,9999.000
202604020312,   3.655,   3.539,9999.000,9999.000,9999.000,9999.000,9999.000,9999.000,9999.000
202604020318,   3.539,   3.398,9999.000,9999.000,9999.000,9999.000,9999.000,9999.000,9999.000
202604020324,   3.423,   3.240,9999.000,9999.000,9999.000,9999.000,9999.000,9999.000,9999.000
202604020330,   3.307,   3.099,9999.000,9999.000,9999.000,9999.000,9999.000,9999.000,9999.000
202604020336,   3.192,   2.948,9999.000,9999.000,9999.000,9999.000,9999.000,9999.000,9999.000
202604020342,   3.078,   2.820,9999.000,9999.000,9999.000,9999.000,9999.000,9999.000,9999.000
202604020348,   2.964,   2.679,9999.000,9999.000,9999.000,9999.000,9999.000,9999.000,9999.000
202604020354,   2.851,   2.558,9999.000,9999.000,9999.000,9999.000,9999.000,9999.000,9999.000
202604020400,   2.739,   2.450,   0.000,  -0.289,   2.450,   0.000,   2.450,   0.100,   2.550
202604020406,   2.628,   2.318,9999.000,9999.000,9999.000,9999.000,9999.000,9999.000,9999.000
202604020412,   2.517,   2.250,9999.000,9999.000,9999.000,9999.000,9999.000,9999.000,9999.000
202604020418,   2.407,   2.158,9999.000,9999.000,9999.000,9999.000,9999.000,9999.000,9999.000
202604020424,   2.298,   2.089,9999.000,9999.000,9999.000,9999.000,9999.000,9999.000,9999.000
202604020430,   2.189,   2.000,9999.000,9999.000,9999.000,9999.000,9999.000,9999.000,9999.000
202604020436,   2.081,   1.908,9999.000,9999.000,9999.000,9999.000,9999.000,9999.000,9999.000
202604020442,   1.974,   1.830,9999.000,9999.000,9999.000,9999.000,9999.000,9999.000,9999.000
202604020448,   1.868,   1.767,9999.000,9999.000,9999.000,9999.000,9999.000,9999.000,9999.000
202604020454,   1.762,   1.699,9999.000,9999.000,9999.000,9999.000,9999.000,9999.000,9999.000
202604020500,   1.657,   1.669,   0.100,  -0.088,   1.669,   0.100,   1.669,   0.200,   1.769
202604020506,   1.553,   1.630,9999.000,9999.000,9999.000,9999.000,9999.000,9999.000,9999.000
202604020512,   1.450,   1.580,9999.000,9999.000,9999.000,9999.000,9999.000,9999.000,9999.000
202604020518,   1.349,   1.518,9999.000,9999.000,9999.000,9999.000,9999.000,9999.000,9999.000
202604020524,   1.248,   1.459,9999.000,9999.000,9999.000,9999.000,9999.000,9999.000,9999.000
202604020530,   1.149,   1.449,9999.000,9999.000,9999.000,9999.000,9999.000,9999.000,9999.000
202604020536,   1.052,   1.410,9999.000,9999.000,9999.000,9999.000,9999.000,9999.000,9999.000
202604020542,   0.958,   1.371,9999.000,9999.000,9999.000,9999.000,9999.000,9999.000,9999.000
202604020548,   0.865,   1.298,9999.000,9999.000,9999.000,9999.000,9999.000,9999.000,9999.000
202604020554,   0.776,   1.239,9999.000,9999.000,9999.000,9999.000,9999.000,9999.000,9999.000
202604020600,   0.690,   1.138,   0.200,   0.248,   1.138,   0.100,   1.038,   0.300,   1.238
202604020606,   0.608,   1.079,9999.000,9999.000,9999.000,9999.000,9999.000,9999.000,9999.000
202604020612,   0.530,   1.049,9999.000,9999.000,9999.000,9999.000,9999.000,9999.000,9999.000
202604020618,   0.458,   0.980,9999.000,9999.000,9999.000,9999.000,9999.000,9999.000,9999.000
202604020624,   0.391,   0.908,9999.000,9999.000,9999.000,9999.000,9999.000,9999.000,9999.000
202604020630,   0.330,   0.849,9999.000,9999.000,9999.000,9999.000,9999.000,9999.000,9999.000
202604020636,   0.275,   0.760,9999.000,9999.000,9999.000,9999.000,9999.000,9999.000,9999.000
202604020642,   0.228,   0.698,9999.000,9999.000,9999.000,9999.000,9999.000,9999.000,9999.000
202604020648,   0.188,   0.639,9999.000,9999.000,9999.000,9999.000,9999.000,9999.000,9999.000
202604020654,   0.157,   0.590,9999.000,9999.000,9999.000,9999.000,9999.000,9999.000,9999.000
202604020700,   0.134,   0.449,   0.300,   0.015,   0.449,   0.200,   0.349,   0.500,   0.649
202604020706,   0.121,   0.469,9999.000,9999.000,9999.000,9999.000,9999.000,9999.000,9999.000
202604020712,   0.117,   0.400,9999.000,9999.000,9999.000,9999.000,9999.000,9999.000,9999.000
202604020718,   0.122,   0.380,9999.000,9999.000,9999.000,9999.000,9999.000,9999.000,9999.000
202604020724,   0.138,   0.341,9999.000,9999.000,9999.000,9999.000,9999.000,9999.000,9999.000
202604020730,   0.163,   0.360,9999.000,9999.000,9999.000,9999.000,9999.000,9999.000,9999.000
202604020736,   0.198,   0.380,9999.000,9999.000,9999.000,9999.000,9999.000,9999.000,9999.000
202604020742,   0.243,   0.419,9999.000,9999.000,9999.000,9999.000,9999.000,9999.000,9999.000
202604020748,   0.298,   0.469,9999.000,9999.000,9999.000,9999.000,9999.000,9999.000,9999.000
202604020754,   0.362,   0.518,9999.000,9999.000,9999.000,9999.000,9999.000,9999.000,9999.000
202604020800,   0.436,   0.629,   0.500,  -0.307,   0.629,   0.300,   0.429,   0.600,   0.729
202604020806,   0.518,   0.731,9999.000,9999.000,9999.000,9999.000,9999.000,9999.000,9999.000
202604020812,   0.608,   0.859,9999.000,9999.000,9999.000,9999.000,9999.000,9999.000,9999.000
202604020818,   0.706,   1.000,9999.000,9999.000,9999.000,9999.000,9999.000,9999.000,9999.000
202604020824,   0.811,   1.170,9999.000,9999.000,9999.000,9999.000,9999.000,9999.000,9999.000
202604020830,   0.922,   1.338,9999.000,9999.000,9999.000,9999.000,9999.000,9999.000,9999.000
202604020836,   1.038,   1.528,9999.000,9999.000,9999.000,9999.000,9999.000,9999.000,9999.000
202604020842,   1.160,   1.708,9999.000,9999.000,9999.000,9999.000,9999.000,9999.000,9999.000
202604020848,   1.285,   1.899,9999.000,9999.000,9999.000,9999.000,9999.000,9999.000,9999.000
202604020854,   1.414,   2.099,9999.000,9999.000,9999.000,9999.000,9999.000,9999.000,9999.000
202604020900,   1.546,   2.309,   0.600,   0.163,   2.309,   0.400,   2.109,   0.800,   2.509
202604020906,   1.680,   2.509,9999.000,9999.000,9999.000,9999.000,9999.000,9999.000,9999.000
202604020912,   1.815,   2.709,9999.000,9999.000,9999.000,9999.000,9999.000,9999.000,9999.000
202604020918,   1.951,   2.919,9999.000,9999.000,9999.000,9999.000,9999.000,9999.000,9999.000
202604020924,   2.087,   3.099,9999.000,9999.000,9999.000,9999.000,9999.000,9999.000,9999.000
202604020930,   2.223,   3.279,9999.000,9999.000,9999.000,9999.000,9999.000,9999.000,9999.000
202604020936,   2.358,   3.440,9999.000,9999.000,9999.000,9999.000,9999.000,9999.000,9999.000
202604020942,   2.493,   3.578,9999.000,9999.000,9999.000,9999.000,9999.000,9999.000,9999.000
202604020948,   2.626,   3.719,9999.000,9999.000,9999.000,9999.000,9999.000,9999.000,9999.000
202604020954,   2.758,   3.837,9999.000,9999.000,9999.000,9999.000,9999.000,9999.000,9999.000
202604021000,   2.888,   3.978,   0.700,   0.390,   3.978,   0.500,   3.778,   0.900,   4.178
202604021006,   3.016,   4.099,9999.000,9999.000,9999.000,9999.000,9999.000,9999.000,9999.000
202604021012,   3.142,   4.188,9999.000,9999.000,9999.000,9999.000,9999.000,9999.000,9999.000
202604021018,   3.266,   4.290,9999.000,9999.000,9999.000,9999.000,9999.000,9999.000,9999.000
202604021024,   3.388,   4.359,9999.000,9999.000,9999.000,9999.000,9999.000,9999.000,9999.000
202604021030,   3.509,   4.437,9999.000,9999.000,9999.000,9999.000,9999.000,9999.000,9999.000
202604021036,   3.626,   4.509,9999.000,9999.000,9999.000,9999.000,9999.000,9999.000,9999.000
202604021042,   3.742,   4.588,9999.000,9999.000,9999.000,9999.000,9999.000,9999.000,9999.000
202604021048,   3.856,   4.690,9999.000,9999.000,9999.000,9999.000,9999.000,9999.000,9999.000
202604021054,   3.967,   4.798,9999.000,9999.000,9999.000,9999.000,9999.000,9999.000,9999.000
202604021100,   4.076,   4.900,   0.700,   0.124,   4.900,   0.600,   4.800,   0.900,   5.100
202604021106,   4.182,   4.998,9999.000,9999.000,9999.000,9999.000,9999.000,9999.000,9999.000
202604021112,   4.286,   5.097,9999.000,9999.000,9999.000,9999.000,9999.000,9999.000,9999.000
202604021118,   4.386,   5.228,9999.000,9999.000,9999.000,9999.000,9999.000,9999.000,9999.000
202604021124,   4.483,   5.349,9999.000,9999.000,9999.000,9999.000,9999.000,9999.000,9999.000
202604021130,   4.576,   5.477,9999.000,9999.000,9999.000,9999.000,9999.000,9999.000,9999.000
202604021136,   4.665,   5.589,9999.000,9999.000,9999.000,9999.000,9999.000,9999.000,9999.000
202604021142,   4.750,   5.687,9999.000,9999.000,9999.000,9999.000,9999.000,9999.000,9999.000
202604021148,   4.830,   5.799,9999.000,9999.000,9999.000,9999.000,9999.000,9999.000,9999.000
202604021154,   4.905,   5.917,9999.000,9999.000,9999.000,9999.000,9999.000,9999.000,9999.000
202604021200,   4.974,   6.018,   0.500,   0.544,   6.018,   0.400,   5.918,   0.700,   6.218
202604021206,   5.037,   6.097,9999.000,9999.000,9999.000,9999.000,9999.000,9999.000,9999.000
202604021212,   5.093,   6.159,9999.000,9999.000,9999.000,9999.000,9999.000,9999.000,9999.000
202604021218,   5.143,   6.218,9999.000,9999.000,9999.000,9999.000,9999.000,9999.000,9999.000
202604021224,   5.184,   6.248,9999.000,9999.000,9999.000,9999.000,9999.000,9999.000,9999.000
202604021230,   5.219,   6.277,9999.000,9999.000,9999.000,9999.000,9999.000,9999.000,9999.000
202604021236,   5.245,   6.307,9999.000,9999.000,9999.000,9999.000,9999.000,9999.000,9999.000
202604021242,   5.262,   6.307,9999.000,9999.000,9999.000,9999.000,9999.000,9999.000,9999.000
202604021248,   5.272,   6.297,9999.000,9999.000,9999.000,9999.000,9999.000,9999.000,9999.000
202604021254,   5.273,   6.307,9999.000,9999.000,9999.000,9999.000,9999.000,9999.000,9999.000
202604021300,   5.265,   6.307,   0.600,   0.442,   6.307,   0.400,   6.107,   0.700,   6.407
202604021306,   5.248,   6.287,9999.000,9999.000,9999.000,9999.000,9999.000,9999.000,9999.000
202604021312,   5.223,   6.258,9999.000,9999.000,9999.000,9999.000,9999.000,9999.000,9999.000
202604021318,   5.190,   6.209,9999.000,9999.000,9999.000,9999.000,9999.000,9999.000,9999.000
202604021324,   5.148,   6.159,9999.000,9999.000,9999.000,9999.000,9999.000,9999.000,9999.000
202604021330,   5.099,   6.107,9999.000,9999.000,9999.000,9999.000,9999.000,9999.000,9999.000
202604021336,   5.042,   6.087,9999.000,9999.000,9999.000,9999.000,9999.000,9999.000,9999.000
202604021342,   4.977,   6.077,9999.000,9999.000,9999.000,9999.000,9999.000,9999.000,9999.000
202604021348,   4.906,   6.087,9999.000,9999.000,9999.000,9999.000,9999.000,9999.000,9999.000
202604021354,   4.829,   6.067,9999.000,9999.000,9999.000,9999.000,9999.000,9999.000,9999.000
202604021400,   4.746,   6.058,   0.600,   0.712,   6.058,   0.500,   5.958,   0.800,   6.258
202604021406,   4.658,   6.018,9999.000,9999.000,9999.000,9999.000,9999.000,9999.000,9999.000
202604021412,   4.565,   6.008,9999.000,9999.000,9999.000,9999.000,9999.000,9999.000,9999.000
202604021418,   4.468,   5.959,9999.000,9999.000,9999.000,9999.000,9999.000,9999.000,9999.000
202604021424,   4.367,   5.907,9999.000,9999.000,9999.000,9999.000,9999.000,9999.000,9999.000
202604021430,   4.262,   5.858,9999.000,9999.000,9999.000,9999.000,9999.000,9999.000,9999.000
202604021436,   4.156,   5.828,9999.000,9999.000,9999.000,9999.000,9999.000,9999.000,9999.000
202604021442,   4.047,   5.759,9999.000,9999.000,9999.000,9999.000,9999.000,9999.000,9999.000
202604021448,   3.936,   5.687,9999.000,9999.000,9999.000,9999.000,9999.000,9999.000,9999.000
202604021454,   3.824,   5.569,9999.000,9999.000,9999.000,9999.000,9999.000,9999.000,9999.000
202604021500,   3.711,   5.428,   0.700,   1.017,   5.428,   0.600,   5.328,   0.800,   5.528
202604021506,   3.597,   5.267,9999.000,9999.000,9999.000,9999.000,9999.000,9999.000,9999.000
202604021512,   3.483,   5.110,9999.000,9999.000,9999.000,9999.000,9999.000,9999.000,9999.000
202604021518,   3.369,   4.959,9999.000,9999.000,9999.000,9999.000,9999.000,9999.000,9999.000
202604021524,   3.256,   4.798,9999.000,9999.000,9999.000,9999.000,9999.000,9999.000,9999.000
202604021530,   3.143,   4.618,9999.000,9999.000,9999.000,9999.000,9999.000,9999.000,9999.000
202604021536,   3.030,   4.447,9999.000,9999.000,9999.000,9999.000,9999.000,9999.000,9999.000
202604021542,   2.919,   4.290,9999.000,9999.000,9999.000,9999.000,9999.000,9999.000,9999.000
202604021548,   2.808,   4.119,9999.000,9999.000,9999.000,9999.000,9999.000,9999.000,9999.000
202604021554,   2.699,   3.978,9999.000,9999.000,9999.000,9999.000,9999.000,9999.000,9999.000
202604021600,   2.591,   3.827,   0.800,   0.436,   3.827,   0.600,   3.627,   0.900,   3.927
202604021606,   2.484,   3.680,9999.000,9999.000,9999.000,9999.000,9999.000,9999.000,9999.000
202604021612,   2.378,   3.529,9999.000,9999.000,9999.000,9999.000,9999.000,9999.000,9999.000
202604021618,   2.274,   3.417,9999.000,9999.000,9999.000,9999.000,9999.000,9999.000,9999.000
202604021624,   2.171,   3.299,9999.000,9999.000,9999.000,9999.000,9999.000,9999.000,9999.000
202604021630,   2.069,   3.158,9999.000,9999.000,9999.000,9999.000,9999.000,9999.000,9999.000
202604021636,   1.968,   3.017,9999.000,9999.000,9999.000,9999.000,9999.000,9999.000,9999.000
202604021642,   1.869,   2.889,9999.000,9999.000,9999.000,9999.000,9999.000,9999.000,9999.000
202604021648,   1.770,   2.758,9999.000,9999.000,9999.000,9999.000,9999.000,9999.000,9999.000
202604021654,   1.673,   2.650,9999.000,9999.000,9999.000,9999.000,9999.000,9999.000,9999.000
202604021700,   1.577,   2.528,   0.900,   0.051,   2.528,   0.700,   2.328,   1.000,   2.628
202604021706,   1.482,   2.410,9999.000,9999.000,9999.000,9999.000,9999.000,9999.000,9999.000
202604021712,   1.388,   2.299,9999.000,9999.000,9999.000,9999.000,9999.000,9999.000,9999.000
202604021718,   1.295,   2.191,9999.000,9999.000,9999.000,9999.000,9999.000,9999.000,9999.000
202604021724,   1.204,   2.079,9999.000,9999.000,9999.000,9999.000,9999.000,9999.000,9999.000
202604021730,   1.113,   1.981,9999.000,9999.000,9999.000,9999.000,9999.000,9999.000,9999.000
202604021736,   1.024,   1.879,9999.000,9999.000,9999.000,9999.000,9999.000,9999.000,9999.000
202604021742,   0.937,   1.790,9999.000,9999.000,9999.000,9999.000,9999.000,9999.000,9999.000
202604021748,   0.851,   1.699,9999.000,9999.000,9999.000,9999.000,9999.000,9999.000,9999.000
202604021754,   0.767,   1.620,9999.000,9999.000,9999.000,9999.000,9999.000,9999.000,9999.000
202604021800,   0.685,   1.557,   0.800,   0.072,   1.557,   0.700,   1.457,   1.000,   1.757
202604021806,   0.606,   1.508,9999.000,9999.000,9999.000,9999.000,9999.000,9999.000,9999.000
202604021812,   0.530,   1.489,9999.000,9999.000,9999.000,9999.000,9999.000,9999.000,9999.000
202604021818,   0.457,   1.449,9999.000,9999.000,9999.000,9999.000,9999.000,9999.000,9999.000
202604021824,   0.388,   1.430,9999.000,9999.000,9999.000,9999.000,9999.000,9999.000,9999.000
202604021830,   0.323,   1.410,9999.000,9999.000,9999.000,9999.000,9999.000,9999.000,9999.000
202604021836,   0.262,   1.390,9999.000,9999.000,9999.000,9999.000,9999.000,9999.000,9999.000
202604021842,   0.207,   1.361,9999.000,9999.000,9999.000,9999.000,9999.000,9999.000,9999.000
202604021848,   0.158,   1.328,9999.000,9999.000,9999.000,9999.000,9999.000,9999.000,9999.000
202604021854,   0.115,   1.279,9999.000,9999.000,9999.000,9999.000,9999.000,9999.000,9999.000
202604021900,   0.079,   1.259,   0.900,   0.280,   1.259,   0.700,   1.059,   1.000,   1.359
202604021906,   0.051,   1.239,9999.000,9999.000,9999.000,9999.000,9999.000,9999.000,9999.000
202604021912,   0.030,   1.200,9999.000,9999.000,9999.000,9999.000,9999.000,9999.000,9999.000
202604021918,   0.018,   1.170,9999.000,9999.000,9999.000,9999.000,9999.000,9999.000,9999.000
202604021924,   0.015,   1.151,9999.000,9999.000,9999.000,9999.000,9999.000,9999.000,9999.000
202604021930,   0.021,   1.151,9999.000,9999.000,9999.000,9999.000,9999.000,9999.000,9999.000
202604021936,   0.037,   1.151,9999.000,9999.000,9999.000,9999.000,9999.000,9999.000,9999.000
202604021942,   0.062,   1.138,9999.000,9999.000,9999.000,9999.000,9999.000,9999.000,9999.000
202604021948,   0.098,   1.128,9999.000,9999.000,9999.000,9999.000,9999.000,9999.000,9999.000
202604021954,   0.144,   1.151,9999.000,9999.000,9999.000,9999.000,9999.000,9999.000,9999.000
202604022000,   0.199,   1.180,   0.900,   0.081,   1.180,   0.700,   0.980,   1.100,   1.380
202604022006,   0.265,   1.269,9999.000,9999.000,9999.000,9999.000,9999.000,9999.000,9999.000
202604022012,   0.341,   1.380,9999.000,9999.000,9999.000,9999.000,9999.000,9999.000,9999.000
202604022018,   0.426,   1.489,9999.000,9999.000,9999.000,9999.000,9999.000,9999.000,9999.000
202604022024,   0.520,   1.610,9999.000,9999.000,9999.000,9999.000,9999.000,9999.000,9999.000
202604022030,   0.623,   1.738,9999.000,9999.000,9999.000,9999.000,9999.000,9999.000,9999.000
202604022036,   0.733,   1.879,9999.000,9999.000,9999.000,9999.000,9999.000,9999.000,9999.000
202604022042,   0.852,   2.010,9999.000,9999.000,9999.000,9999.000,9999.000,9999.000,9999.000
202604022048,   0.977,   2.138,9999.000,9999.000,9999.000,9999.000,9999.000,9999.000,9999.000
202604022054,   1.108,   2.289,9999.000,9999.000,9999.000,9999.000,9999.000,9999.000,9999.000
202604022100,   1.245,   2.430,   1.000,   0.185,   2.430,   0.800,   2.230,   1.100,   2.530
202604022106,   1.386,   2.578,9999.000,9999.000,9999.000,9999.000,9999.000,9999.000,9999.000
202604022112,   1.531,   2.738,9999.000,9999.000,9999.000,9999.000,9999.000,9999.000,9999.000
202604022118,   1.680,   2.889,9999.000,9999.000,9999.000,9999.000,9999.000,9999.000,9999.000
202604022124,   1.830,   3.050,9999.000,9999.000,9999.000,9999.000,9999.000,9999.000,9999.000
202604022130,   1.982,   3.197,9999.000,9999.000,9999.000,9999.000,9999.000,9999.000,9999.000
202604022136,   2.135,   3.348,9999.000,9999.000,9999.000,9999.000,9999.000,9999.000,9999.000
202604022142,   2.289,   3.489,9999.000,9999.000,9999.000,9999.000,9999.000,9999.000,9999.000
202604022148,   2.442,   3.637,9999.000,9999.000,9999.000,9999.000,9999.000,9999.000,9999.000
202604022154,   2.594,   3.758,9999.000,9999.000,9999.000,9999.000,9999.000,9999.000,9999.000
202604022200,   2.745,   3.919,   1.000,   0.174,   3.919,   0.900,   3.819,   1.200,   4.119
202604022206,   2.894,   4.080,9999.000,9999.000,9999.000,9999.000,9999.000,9999.000,9999.000
202604022212,   3.041,   4.237,9999.000,9999.000,9999.000,9999.000,9999.000,9999.000,9999.000
202604022218,   3.186,   4.388,9999.000,9999.000,9999.000,9999.000,9999.000,9999.000,9999.000
202604022224,   3.329,   4.529,9999.000,9999.000,9999.000,9999.000,9999.000,9999.000,9999.000
202604022230,   3.469,   4.667,9999.000,9999.000,9999.000,9999.000,9999.000,9999.000,9999.000
202604022236,   3.606,   4.769,9999.000,9999.000,9999.000,9999.000,9999.000,9999.000,9999.000
202604022242,   3.741,   4.910,9999.000,9999.000,9999.000,9999.000,9999.000,9999.000,9999.000
202604022248,   3.872,   5.047,9999.000,9999.000,9999.000,9999.000,9999.000,9999.000,9999.000
202604022254,   4.001,   5.198,9999.000,9999.000,9999.000,9999.000,9999.000,9999.000,9999.000
202604022300,   4.126,   5.359,   1.100,   0.133,   5.359,   0.900,   5.159,   1.200,   5.459
202604022306,   4.249,   5.516,9999.000,9999.000,9999.000,9999.000,9999.000,9999.000,9999.000
202604022312,   4.369,   5.657,9999.000,9999.000,9999.000,9999.000,9999.000,9999.000,9999.000
202604022318,   4.485,   5.808,9999.000,9999.000,9999.000,9999.000,9999.000,9999.000,9999.000
202604022324,   4.598,   5.917,9999.000,9999.000,9999.000,9999.000,9999.000,9999.000,9999.000
202604022330,   4.708,   6.028,9999.000,9999.000,9999.000,9999.000,9999.000,9999.000,9999.000
202604022336,   4.815,   6.159,9999.000,9999.000,9999.000,9999.000,9999.000,9999.000,9999.000
202604022342,   4.917,   6.277,9999.000,9999.000,9999.000,9999.000,9999.000,9999.000,9999.000
202604022348,   5.016,   6.399,9999.000,9999.000,9999.000,9999.000,9999.000,9999.000,9999.000
202604022354,   5.110,   6.507,9999.000,9999.000,9999.000,9999.000,9999.000,9999.000,9999.000
202604030000,   5.200,   6.599,   1.000,   0.399,   6.599,   0.800,   6.399,   1.000,   6.599
202604030006,   5.284,   6.697,9999.000,9999.000,9999.000,9999.000,9999.000,9999.000,9999.000
202604030012,   5.364,   6.779,9999.000,9999.000,9999.000,9999.000,9999.000,9999.000,9999.000
202604030018,   5.437,   6.858,9999.000,9999.000,9999.000,9999.000,9999.000,9999.000,9999.000
202604030024,   5.505,   6.937,9999.000,9999.000,9999.000,9999.000,9999.000,9999.000,9999.000
202604030030,   5.566,   7.019,9999.000,9999.000,9999.000,9999.000,9999.000,9999.000,9999.000
202604030036,   5.620,   7.058,9999.000,9999.000,9999.000,9999.000,9999.000,9999.000,9999.000
202604030042,   5.666,   7.107,9999.000,9999.000,9999.000,9999.000,9999.000,9999.000,9999.000
202604030048,   5.705,   7.147,9999.000,9999.000,9999.000,9999.000,9999.000,9999.000,9999.000
202604030054,   5.736,   7.199,9999.000,9999.000,9999.000,9999.000,9999.000,9999.000,9999.000
202604030100,   5.759,   7.238,   1.000,   0.479,   7.238,   0.800,   7.038,   1.100,   7.338
202604030106,   5.774,   7.278,9999.000,9999.000,9999.000,9999.000,9999.000,9999.000,9999.000
202604030112,   5.779,   7.288,9999.000,9999.000,9999.000,9999.000,9999.000,9999.000,9999.000
202604030118,   5.776,   7.278,9999.000,9999.000,9999.000,9999.000,9999.000,9999.000,9999.000
202604030124,   5.764,   7.278,9999.000,9999.000,9999.000,9999.000,9999.000,9999.000,9999.000
202604030130,   5.744,   7.248,9999.000,9999.000,9999.000,9999.000,9999.000,9999.000,9999.000
202604030136,   5.715,   7.199,9999.000,9999.000,9999.000,9999.000,9999.000,9999.000,9999.000
202604030142,   5.678,   7.147,9999.000,9999.000,9999.000,9999.000,9999.000,9999.000,9999.000
202604030148,   5.632,   7.088,9999.000,9999.000,9999.000,9999.000,9999.000,9999.000,9999.000
202604030154,   5.579,   7.058,9999.000,9999.000,9999.000,9999.000,9999.000,9999.000,9999.000
202604030200,   5.518,   6.999,   1.000,   0.481,   6.999,   0.900,   6.899,   1.100,   7.099
202604030206,   5.449,   6.956,9999.000,9999.000,9999.000,9999.000,9999.000,9999.000,9999.000
202604030212,   5.375,   6.917,9999.000,9999.000,9999.000,9999.000,9999.000,9999.000,9999.000
202604030218,   5.294,   6.858,9999.000,9999.000,9999.000,9999.000,9999.000,9999.000,9999.000
202604030224,   5.207,   6.727,9999.000,9999.000,9999.000,9999.000,9999.000,9999.000,9999.000
202604030230,   5.115,   6.648,9999.000,9999.000,9999.000,9999.000,9999.000,9999.000,9999.000
202604030236,   5.018,   6.569,9999.000,9999.000,9999.000,9999.000,9999.000,9999.000,9999.000
202604030242,   4.917,   6.458,9999.000,9999.000,9999.000,9999.000,9999.000,9999.000,9999.000
202604030248,   4.813,   6.346,9999.000,9999.000,9999.000,9999.000,9999.000,9999.000,9999.000
202604030254,   4.705,   6.228,9999.000,9999.000,9999.000,9999.000,9999.000,9999.000,9999.000
202604030300,   4.595,   6.136,   0.900,   0.641,   6.136,   0.800,   6.036,   1.000,   6.236
202604030306,   4.482,   5.999,9999.000,9999.000,9999.000,9999.000,9999.000,9999.000,9999.000
202604030312,   4.368,   5.877,9999.000,9999.000,9999.000,9999.000,9999.000,9999.000,9999.000
202604030318,   4.253,   5.749,9999.000,9999.000,9999.000,9999.000,9999.000,9999.000,9999.000
202604030324,   4.136,   5.579,9999.000,9999.000,9999.000,9999.000,9999.000,9999.000,9999.000
202604030330,   4.019,   5.408,9999.000,9999.000,9999.000,9999.000,9999.000,9999.000,9999.000
202604030336,   3.902,   5.257,9999.000,9999.000,9999.000,9999.000,9999.000,9999.000,9999.000
202604030342,   3.784,   5.110,9999.000,9999.000,9999.000,9999.000,9999.000,9999.000,9999.000
202604030348,   3.667,   4.949,9999.000,9999.000,9999.000,9999.000,9999.000,9999.000,9999.000
202604030354,   3.550,   4.798,9999.000,9999.000,9999.000,9999.000,9999.000,9999.000,9999.000
202604030400,   3.434,   4.647,   0.900,   0.313,   4.647,   0.800,   4.547,   1.000,   4.747
202604030406,   3.318,   4.490,9999.000,9999.000,9999.000,9999.000,9999.000,9999.000,9999.000
202604030412,   3.204,   4.309,9999.000,9999.000,9999.000,9999.000,9999.000,9999.000,9999.000
202604030418,   3.090,   4.119,9999.000,9999.000,9999.000,9999.000,9999.000,9999.000,9999.000
202604030424,   2.977,   3.949,9999.000,9999.000,9999.000,9999.000,9999.000,9999.000,9999.000
202604030430,   2.865,   3.778,9999.000,9999.000,9999.000,9999.000,9999.000,9999.000,9999.000
202604030436,   2.755,   3.650,9999.000,9999.000,9999.000,9999.000,9999.000,9999.000,9999.000
202604030442,   2.645,   3.509,9999.000,9999.000,9999.000,9999.000,9999.000,9999.000,9999.000
202604030448,   2.536,   3.398,9999.000,9999.000,9999.000,9999.000,9999.000,9999.000,9999.000
202604030454,   2.429,   3.279,9999.000,9999.000,9999.000,9999.000,9999.000,9999.000,9999.000
202604030500,   2.322,   3.178,   0.900,  -0.044,   3.178,   0.800,   3.078,   1.000,   3.278
202604030506,   2.216,   3.070,9999.000,9999.000,9999.000,9999.000,9999.000,9999.000,9999.000
202604030512,   2.112,   2.948,9999.000,9999.000,9999.000,9999.000,9999.000,9999.000,9999.000
202604030518,   2.008,   2.830,9999.000,9999.000,9999.000,9999.000,9999.000,9999.000,9999.000
202604030524,   1.905,   2.709,9999.000,9999.000,9999.000,9999.000,9999.000,9999.000,9999.000
202604030530,   1.803,   2.597,9999.000,9999.000,9999.000,9999.000,9999.000,9999.000,9999.000
202604030536,   1.702,   2.509,9999.000,9999.000,9999.000,9999.000,9999.000,9999.000,9999.000
202604030542,   1.602,   2.410,9999.000,9999.000,9999.000,9999.000,9999.000,9999.000,9999.000
202604030548,   1.503,   2.289,9999.000,9999.000,9999.000,9999.000,9999.000,9999.000,9999.000
202604030554,   1.405,   2.158,9999.000,9999.000,9999.000,9999.000,9999.000,9999.000,9999.000
202604030600,   1.309,   2.040,   0.800,  -0.069,   2.040,   0.700,   1.940,   0.900,   2.140
202604030606,   1.214,   1.918,9999.000,9999.000,9999.000,9999.000,9999.000,9999.000,9999.000
202604030612,   1.120,   1.810,9999.000,9999.000,9999.000,9999.000,9999.000,9999.000,9999.000
202604030618,   1.028,   1.708,9999.000,9999.000,9999.000,9999.000,9999.000,9999.000,9999.000
202604030624,   0.939,   1.620,9999.000,9999.000,9999.000,9999.000,9999.000,9999.000,9999.000
202604030630,   0.852,   1.538,9999.000,9999.000,9999.000,9999.000,9999.000,9999.000,9999.000
202604030636,   0.767,   1.469,9999.000,9999.000,9999.000,9999.000,9999.000,9999.000,9999.000
202604030642,   0.686,   1.390,9999.000,9999.000,9999.000,9999.000,9999.000,9999.000,9999.000
202604030648,   0.609,   1.338,9999.000,9999.000,9999.000,9999.000,9999.000,9999.000,9999.000
202604030654,   0.536,   1.279,9999.000,9999.000,9999.000,9999.000,9999.000,9999.000,9999.000
202604030700,   0.468,   1.220,   0.800,  -0.048,   1.220,   0.700,   1.120,   0.800,   1.220
202604030706,   0.404,   1.161,9999.000,9999.000,9999.000,9999.000,9999.000,9999.000,9999.000
202604030712,   0.347,   1.108,9999.000,9999.000,9999.000,9999.000,9999.000,9999.000,9999.000
202604030718,   0.296,   1.069,9999.000,9999.000,9999.000,9999.000,9999.000,9999.000,9999.000
202604030724,   0.252,   1.020,9999.000,9999.000,9999.000,9999.000,9999.000,9999.000,9999.000
202604030730,   0.215,   0.961,9999.000,9999.000,9999.000,9999.000,9999.000,9999.000,9999.000
202604030736,   0.186,   0.908,9999.000,9999.000,9999.000,9999.000,9999.000,9999.000,9999.000
202604030742,   0.165,   0.869,9999.000,9999.000,9999.000,9999.000,9999.000,9999.000,9999.000
202604030748,   0.154,   0.839,9999.000,9999.000,9999.000,9999.000,9999.000,9999.000,9999.000
202604030754,   0.151,   0.790,9999.000,9999.000,9999.000,9999.000,9999.000,9999.000,9999.000
202604030800,   0.158,   0.780,   0.700,  -0.078,   0.780,   0.600,   0.680,   0.800,   0.880
202604030806,   0.175,   0.780,9999.000,9999.000,9999.000,9999.000,9999.000,9999.000,9999.000
202604030812,   0.201,   0.790,9999.000,9999.000,9999.000,9999.000,9999.000,9999.000,9999.000
202604030818,   0.238,   0.790,9999.000,9999.000,9999.000,9999.000,9999.000,9999.000,9999.000
202604030824,   0.285,   0.849,9999.000,9999.000,9999.000,9999.000,9999.000,9999.000,9999.000
202604030830,   0.341,   0.898,9999.000,9999.000,9999.000,9999.000,9999.000,9999.000,9999.000
202604030836,   0.407,   0.970,9999.000,9999.000,9999.000,9999.000,9999.000,9999.000,9999.000
202604030842,   0.482,   1.059,9999.000,9999.000,9999.000,9999.000,9999.000,9999.000,9999.000
202604030848,   0.567,   1.170,9999.000,9999.000,9999.000,9999.000,9999.000,9999.000,9999.000
202604030854,   0.660,   1.269,9999.000,9999.000,9999.000,9999.000,9999.000,9999.000,9999.000
202604030900,   0.760,   1.390,   0.700,  -0.070,   1.390,   0.600,   1.290,   0.800,   1.490
202604030906,   0.868,   1.518,9999.000,9999.000,9999.000,9999.000,9999.000,9999.000,9999.000
202604030912,   0.983,   1.639,9999.000,9999.000,9999.000,9999.000,9999.000,9999.000,9999.000
202604030918,   1.103,   1.767,9999.000,9999.000,9999.000,9999.000,9999.000,9999.000,9999.000
202604030924,   1.229,   1.899,9999.000,9999.000,9999.000,9999.000,9999.000,9999.000,9999.000
202604030930,   1.359,   2.059,9999.000,9999.000,9999.000,9999.000,9999.000,9999.000,9999.000
202604030936,   1.492,   2.210,9999.000,9999.000,9999.000,9999.000,9999.000,9999.000,9999.000
202604030942,   1.629,   2.377,9999.000,9999.000,9999.000,9999.000,9999.000,9999.000,9999.000
202604030948,   1.767,   2.538,9999.000,9999.000,9999.000,9999.000,9999.000,9999.000,9999.000
202604030954,   1.907,   2.719,9999.000,9999.000,9999.000,9999.000,9999.000,9999.000,9999.000
202604031000,   2.047,   2.869,   0.600,   0.222,   2.869,   0.600,   2.869,   0.800,   3.069
202604031006,   2.187,   3.030,9999.000,9999.000,9999.000,9999.000,9999.000,9999.000,9999.000
202604031012,   2.326,   3.197,9999.000,9999.000,9999.000,9999.000,9999.000,9999.000,9999.000
202604031018,   2.464,   3.358,9999.000,9999.000,9999.000,9999.000,9999.000,9999.000,9999.000
202604031024,   2.601,   3.509,9999.000,9999.000,9999.000,9999.000,9999.000,9999.000,9999.000
202604031030,   2.735,   3.637,9999.000,9999.000,9999.000,9999.000,9999.000,9999.000,9999.000
202604031036,   2.867,   3.768,9999.000,9999.000,9999.000,9999.000,9999.000,9999.000,9999.000
202604031042,   2.996,   3.880,9999.000,9999.000,9999.000,9999.000,9999.000,9999.000,9999.000
202604031048,   3.122,   3.988,9999.000,9999.000,9999.000,9999.000,9999.000,9999.000,9999.000
202604031054,   3.246,   4.070,9999.000,9999.000,9999.000,9999.000,9999.000,9999.000,9999.000
202604031100,   3.366,   4.159,   0.600,   0.193,   4.159,   0.500,   4.059,   0.700,   4.259
202604031106,   3.483,   4.227,9999.000,9999.000,9999.000,9999.000,9999.000,9999.000,9999.000
202604031112,   3.597,   4.309,9999.000,9999.000,9999.000,9999.000,9999.000,9999.000,9999.000
202604031118,   3.707,   4.408,9999.000,9999.000,9999.000,9999.000,9999.000,9999.000,9999.000
202604031124,   3.814,   4.480,9999.000,9999.000,9999.000,9999.000,9999.000,9999.000,9999.000
202604031130,   3.918,   4.549,9999.000,9999.000,9999.000,9999.000,9999.000,9999.000,9999.000
202604031136,   4.019,   4.637,9999.000,9999.000,9999.000,9999.000,9999.000,9999.000,9999.000
202604031142,   4.116,   4.719,9999.000,9999.000,9999.000,9999.000,9999.000,9999.000,9999.000
202604031148,   4.210,   4.808,9999.000,9999.000,9999.000,9999.000,9999.000,9999.000,9999.000
202604031154,   4.300,   4.900,9999.000,9999.000,9999.000,9999.000,9999.000,9999.000,9999.000
202604031200,   4.387,   4.988,   0.500,   0.101,   4.988,   0.500,   4.988,   0.600,   5.088
202604031206,   4.470,   5.077,9999.000,9999.000,9999.000,9999.000,9999.000,9999.000,9999.000
202604031212,   4.549,   5.149,9999.000,9999.000,9999.000,9999.000,9999.000,9999.000,9999.000
202604031218,   4.624,   5.218,9999.000,9999.000,9999.000,9999.000,9999.000,9999.000,9999.000
202604031224,   4.695,   5.277,9999.000,9999.000,9999.000,9999.000,9999.000,9999.000,9999.000
202604031230,   4.760,   5.349,9999.000,9999.000,9999.000,9999.000,9999.000,9999.000,9999.000
202604031236,   4.821,   5.389,9999.000,9999.000,9999.000,9999.000,9999.000,9999.000,9999.000
202604031242,   4.876,   5.448,9999.000,9999.000,9999.000,9999.000,9999.000,9999.000,9999.000
202604031248,   4.926,   5.467,9999.000,9999.000,9999.000,9999.000,9999.000,9999.000,9999.000
202604031254,   4.970,   5.497,9999.000,9999.000,9999.000,9999.000,9999.000,9999.000,9999.000
202604031300,   5.007,   5.549,   0.500,   0.042,   5.549,   0.500,   5.549,   0.600,   5.649
202604031306,   5.037,   5.579,9999.000,9999.000,9999.000,9999.000,9999.000,9999.000,9999.000
202604031312,   5.061,   5.628,9999.000,9999.000,9999.000,9999.000,9999.000,9999.000,9999.000
202604031318,   5.077,   5.667,9999.000,9999.000,9999.000,9999.000,9999.000,9999.000,9999.000
202604031324,   5.085,   5.697,9999.000,9999.000,9999.000,9999.000,9999.000,9999.000,9999.000
202604031330,   5.086,   5.749,9999.000,9999.000,9999.000,9999.000,9999.000,9999.000,9999.000
202604031336,   5.079,   5.769,9999.000,9999.000,9999.000,9999.000,9999.000,9999.000,9999.000
202604031342,   5.064,   5.789,9999.000,9999.000,9999.000,9999.000,9999.000,9999.000,9999.000
202604031348,   5.041,   5.789,9999.000,9999.000,9999.000,9999.000,9999.000,9999.000,9999.000
202604031354,   5.010,   5.789,9999.000,9999.000,9999.000,9999.000,9999.000,9999.000,9999.000
202604031400,   4.972,   5.769,   0.500,   0.297,   5.769,   0.500,   5.769,   0.500,   5.769
202604031406,   4.926,   5.759,9999.000,9999.000,9999.000,9999.000,9999.000,9999.000,9999.000
202604031412,   4.873,   5.730,9999.000,9999.000,9999.000,9999.000,9999.000,9999.000,9999.000
202604031418,   4.812,   5.687,9999.000,9999.000,9999.000,9999.000,9999.000,9999.000,9999.000
202604031424,   4.746,   5.657,9999.000,9999.000,9999.000,9999.000,9999.000,9999.000,9999.000
202604031430,   4.673,   5.618,9999.000,9999.000,9999.000,9999.000,9999.000,9999.000,9999.000
202604031436,   4.594,   5.579,9999.000,9999.000,9999.000,9999.000,9999.000,9999.000,9999.000
202604031442,   4.510,   5.530,9999.000,9999.000,9999.000,9999.000,9999.000,9999.000,9999.000
202604031448,   4.421,   5.467,9999.000,9999.000,9999.000,9999.000,9999.000,9999.000,9999.000
202604031454,   4.327,   5.379,9999.000,9999.000,9999.000,9999.000,9999.000,9999.000,9999.000
202604031500,   4.230,   5.277,   0.500,   0.547,   5.277,   0.400,   5.177,   0.500,   5.277
202604031506,   4.130,   5.159,9999.000,9999.000,9999.000,9999.000,9999.000,9999.000,9999.000
202604031512,   4.027,   5.057,9999.000,9999.000,9999.000,9999.000,9999.000,9999.000,9999.000
202604031518,   3.921,   4.910,9999.000,9999.000,9999.000,9999.000,9999.000,9999.000,9999.000
202604031524,   3.813,   4.769,9999.000,9999.000,9999.000,9999.000,9999.000,9999.000,9999.000
202604031530,   3.705,   4.647,9999.000,9999.000,9999.000,9999.000,9999.000,9999.000,9999.000
202604031536,   3.595,   4.509,9999.000,9999.000,9999.000,9999.000,9999.000,9999.000,9999.000
202604031542,   3.484,   4.368,9999.000,9999.000,9999.000,9999.000,9999.000,9999.000,9999.000
202604031548,   3.374,   4.218,9999.000,9999.000,9999.000,9999.000,9999.000,9999.000,9999.000
202604031554,   3.263,   4.070,9999.000,9999.000,9999.000,9999.000,9999.000,9999.000,9999.000
202604031600,   3.153,   3.919,   0.400,   0.366,   3.919,   0.400,   3.919,   0.500,   4.019
202604031606,   3.043,   3.758,9999.000,9999.000,9999.000,9999.000,9999.000,9999.000,9999.000
202604031612,   2.935,   3.617,9999.000,9999.000,9999.000,9999.000,9999.000,9999.000,9999.000
202604031618,   2.827,   3.480,9999.000,9999.000,9999.000,9999.000,9999.000,9999.000,9999.000
202604031624,   2.720,   3.348,9999.000,9999.000,9999.000,9999.000,9999.000,9999.000,9999.000
202604031630,   2.615,   3.217,9999.000,9999.000,9999.000,9999.000,9999.000,9999.000,9999.000
202604031636,   2.511,   3.089,9999.000,9999.000,9999.000,9999.000,9999.000,9999.000,9999.000
202604031642,   2.409,   2.968,9999.000,9999.000,9999.000,9999.000,9999.000,9999.000,9999.000
202604031648,   2.308,   2.850,9999.000,9999.000,9999.000,9999.000,9999.000,9999.000,9999.000
202604031654,   2.209,   2.728,9999.000,9999.000,9999.000,9999.000,9999.000,9999.000,9999.000
202604031700,   2.111,   2.610,   0.400,   0.099,   2.610,   0.400,   2.610,   0.400,   2.610
202604031706,   2.015,   2.489,9999.000,9999.000,9999.000,9999.000,9999.000,9999.000,9999.000
202604031712,   1.921,   2.368,9999.000,9999.000,9999.000,9999.000,9999.000,9999.000,9999.000
202604031718,   1.828,   2.250,9999.000,9999.000,9999.000,9999.000,9999.000,9999.000,9999.000
202604031724,   1.737,   2.128,9999.000,9999.000,9999.000,9999.000,9999.000,9999.000,9999.000
202604031730,   1.647,   2.010,9999.000,9999.000,9999.000,9999.000,9999.000,9999.000,9999.000
202604031736,   1.558,   1.889,9999.000,9999.000,9999.000,9999.000,9999.000,9999.000,9999.000
202604031742,   1.471,   1.790,9999.000,9999.000,9999.000,9999.000,9999.000,9999.000,9999.000
202604031748,   1.386,   1.679,9999.000,9999.000,9999.000,9999.000,9999.000,9999.000,9999.000
202604031754,   1.301,   1.571,9999.000,9999.000,9999.000,9999.000,9999.000,9999.000,9999.000
202604031800,   1.219,   1.469,   0.400,  -0.150,   1.469,   0.400,   1.469,   0.500,   1.569
202604031806,   1.138,   1.371,9999.000,9999.000,9999.000,9999.000,9999.000,9999.000,9999.000
202604031812,   1.058,   1.269,9999.000,9999.000,9999.000,9999.000,9999.000,9999.000,9999.000
202604031818,   0.980,   1.161,9999.000,9999.000,9999.000,9999.000,9999.000,9999.000,9999.000
202604031824,   0.904,   1.079,9999.000,9999.000,9999.000,9999.000,9999.000,9999.000,9999.000
202604031830,   0.830,   0.980,9999.000,9999.000,9999.000,9999.000,9999.000,9999.000,9999.000
202604031836,   0.758,   0.898,9999.000,9999.000,9999.000,9999.000,9999.000,9999.000,9999.000
202604031842,   0.688,   0.819,9999.000,9999.000,9999.000,9999.000,9999.000,9999.000,9999.000
202604031848,   0.621,   0.760,9999.000,9999.000,9999.000,9999.000,9999.000,9999.000,9999.000
202604031854,   0.557,   0.698,9999.000,9999.000,9999.000,9999.000,9999.000,9999.000,9999.000
202604031900,   0.496,   0.649,   0.400,  -0.247,   0.649,   0.300,   0.549,   0.400,   0.649
202604031906,   0.439,   0.610,9999.000,9999.000,9999.000,9999.000,9999.000,9999.000,9999.000
202604031912,   0.386,   0.590,9999.000,9999.000,9999.000,9999.000,9999.000,9999.000,9999.000
202604031918,   0.337,   0.570,9999.000,9999.000,9999.000,9999.000,9999.000,9999.000,9999.000
202604031924,   0.294,   0.551,9999.000,9999.000,9999.000,9999.000,9999.000,9999.000,9999.000
202604031930,   0.256,   0.541,9999.000,9999.000,9999.000,9999.000,9999.000,9999.000,9999.000
202604031936,   0.223,   0.531,9999.000,9999.000,9999.000,9999.000,9999.000,9999.000,9999.000
202604031942,   0.198,   0.518,9999.000,9999.000,9999.000,9999.000,9999.000,9999.000,9999.000
202604031948,   0.179,   0.531,9999.000,9999.000,9999.000,9999.000,9999.000,9999.000,9999.000
202604031954,   0.168,   0.518,9999.000,9999.000,9999.000,9999.000,9999.000,9999.000,9999.000
202604032000,   0.165,   0.531,   0.400,  -0.034,   0.531,   0.300,   0.431,   0.400,   0.531
202604032006,   0.171,   0.541,9999.000,9999.000,9999.000,9999.000,9999.000,9999.000,9999.000
202604032012,   0.185,   0.551,9999.000,9999.000,9999.000,9999.000,9999.000,9999.000,9999.000
202604032018,   0.208,   0.570,9999.000,9999.000,9999.000,9999.000,9999.000,9999.000,9999.000
202604032024,   0.241,   0.610,9999.000,9999.000,9999.000,9999.000,9999.000,9999.000,9999.000
202604032030,   0.283,   0.659,9999.000,9999.000,9999.000,9999.000,9999.000,9999.000,9999.000
202604032036,   0.336,   0.718,9999.000,9999.000,9999.000,9999.000,9999.000,9999.000,9999.000
202604032042,   0.398,   0.790,9999.000,9999.000,9999.000,9999.000,9999.000,9999.000,9999.000
202604032048,   0.469,   0.888,9999.000,9999.000,9999.000,9999.000,9999.000,9999.000,9999.000
202604032054,   0.551,   1.000,9999.000,9999.000,9999.000,9999.000,9999.000,9999.000,9999.000
202604032100,   0.641,   1.108,   0.400,   0.067,   1.108,   0.300,   1.008,   0.400,   1.108
202604032106,   0.741,   1.229,9999.000,9999.000,9999.000,9999.000,9999.000,9999.000,9999.000
202604032112,   0.849,   1.361,9999.000,9999.000,9999.000,9999.000,9999.000,9999.000,9999.000
202604032118,   0.966,   1.498,9999.000,9999.000,9999.000,9999.000,9999.000,9999.000,9999.000
202604032124,   1.089,   1.630,9999.000,9999.000,9999.000,9999.000,9999.000,9999.000,9999.000
202604032130,   1.220,   1.781,9999.000,9999.000,9999.000,9999.000,9999.000,9999.000,9999.000
202604032136,   1.357,   1.918,9999.000,9999.000,9999.000,9999.000,9999.000,9999.000,9999.000
202604032142,   1.499,   2.059,9999.000,9999.000,9999.000,9999.000,9999.000,9999.000,9999.000
202604032148,   1.646,   2.210,9999.000,9999.000,9999.000,9999.000,9999.000,9999.000,9999.000
202604032154,   1.796,   2.377,9999.000,9999.000,9999.000,9999.000,9999.000,9999.000,9999.000
202604032200,   1.949,   2.558,   0.300,   0.309,   2.558,   0.300,   2.558,   0.400,   2.658
202604032206,   2.105,   2.709,9999.000,9999.000,9999.000,9999.000,9999.000,9999.000,9999.000
202604032212,   2.262,   2.869,9999.000,9999.000,9999.000,9999.000,9999.000,9999.000,9999.000
202604032218,   2.419,   3.040,9999.000,9999.000,9999.000,9999.000,9999.000,9999.000,9999.000
202604032224,   2.576,   3.188,9999.000,9999.000,9999.000,9999.000,9999.000,9999.000,9999.000
202604032230,   2.732,   3.348,9999.000,9999.000,9999.000,9999.000,9999.000,9999.000,9999.000
202604032236,   2.887,   3.519,9999.000,9999.000,9999.000,9999.000,9999.000,9999.000,9999.000
202604032242,   3.040,   3.680,9999.000,9999.000,9999.000,9999.000,9999.000,9999.000,9999.000
202604032248,   3.190,   3.837,9999.000,9999.000,9999.000,9999.000,9999.000,9999.000,9999.000
202604032254,   3.337,   3.998,9999.000,9999.000,9999.000,9999.000,9999.000,9999.000,9999.000
202604032300,   3.481,   4.149,   0.300,   0.368,   4.149,   0.300,   4.149,   0.400,   4.249
202604032306,   3.622,   4.300,9999.000,9999.000,9999.000,9999.000,9999.000,9999.000,9999.000
202604032312,   3.758,   4.447,9999.000,9999.000,9999.000,9999.000,9999.000,9999.000,9999.000
202604032318,   3.891,   4.578,9999.000,9999.000,9999.000,9999.000,9999.000,9999.000,9999.000
202604032324,   4.019,   4.719,9999.000,9999.000,9999.000,9999.000,9999.000,9999.000,9999.000
202604032330,   4.143,   4.857,9999.000,9999.000,9999.000,9999.000,9999.000,9999.000,9999.000
202604032336,   4.264,   4.988,9999.000,9999.000,9999.000,9999.000,9999.000,9999.000,9999.000
202604032342,   4.380,   5.120,9999.000,9999.000,9999.000,9999.000,9999.000,9999.000,9999.000
202604032348,   4.492,   5.238,9999.000,9999.000,9999.000,9999.000,9999.000,9999.000,9999.000
202604032354,   4.599,   5.359,9999.000,9999.000,9999.000,9999.000,9999.000,9999.000,9999.000
202604040000,   4.703,   5.477,   0.300,   0.474,   5.477,   0.300,   5.477,   0.400,   5.577
202604040006,   4.802,   5.598,9999.000,9999.000,9999.000,9999.000,9999.000,9999.000,9999.000
202604040012,   4.898,   5.687,9999.000,9999.000,9999.000,9999.000,9999.000,9999.000,9999.000
202604040018,   4.989,   5.779,9999.000,9999.000,9999.000,9999.000,9999.000,9999.000,9999.000
202604040024,   5.076,   5.828,9999.000,9999.000,9999.000,9999.000,9999.000,9999.000,9999.000
202604040030,   5.159,   5.897,9999.000,9999.000,9999.000,9999.000,9999.000,9999.000,9999.000
202604040036,   5.237,   5.949,9999.000,9999.000,9999.000,9999.000,9999.000,9999.000,9999.000
202604040042,   5.310,   5.969,9999.000,9999.000,9999.000,9999.000,9999.000,9999.000,9999.000
202604040048,   5.379,   6.038,9999.000,9999.000,9999.000,9999.000,9999.000,9999.000,9999.000
202604040054,   5.442,   6.038,9999.000,9999.000,9999.000,9999.000,9999.000,9999.000,9999.000
202604040100,   5.500,   6.038,   0.300,   0.238,   6.038,   0.300,   6.038,   0.300,   6.038
202604040106,   5.552,   6.107,9999.000,9999.000,9999.000,9999.000,9999.000,9999.000,9999.000
202604040112,   5.598,   6.107,9999.000,9999.000,9999.000,9999.000,9999.000,9999.000,9999.000
202604040118,   5.638,   6.127,9999.000,9999.000,9999.000,9999.000,9999.000,9999.000,9999.000
202604040124,   5.672,   6.149,9999.000,9999.000,9999.000,9999.000,9999.000,9999.000,9999.000
202604040130,   5.698,   6.189,9999.000,9999.000,9999.000,9999.000,9999.000,9999.000,9999.000
202604040136,   5.717,   6.189,9999.000,9999.000,9999.000,9999.000,9999.000,9999.000,9999.000
202604040142,   5.729,   6.189,9999.000,9999.000,9999.000,9999.000,9999.000,9999.000,9999.000
202604040148,   5.733,   6.199,9999.000,9999.000,9999.000,9999.000,9999.000,9999.000,9999.000
202604040154,   5.730,   6.218,9999.000,9999.000,9999.000,9999.000,9999.000,9999.000,9999.000
202604040200,   5.718,   6.209,   0.300,   0.191,   6.209,   0.200,   6.109,   0.300,   6.209
202604040206,   5.699,   6.199,9999.000,9999.000,9999.000,9999.000,9999.000,9999.000,9999.000
202604040212,   5.672,   6.179,9999.000,9999.000,9999.000,9999.000,9999.000,9999.000,9999.000
202604040218,   5.637,   6.136,9999.000,9999.000,9999.000,9999.000,9999.000,9999.000,9999.000
202604040224,   5.594,   6.107,9999.000,9999.000,9999.000,9999.000,9999.000,9999.000,9999.000
202604040230,   5.543,   6.058,9999.000,9999.000,9999.000,9999.000,9999.000,9999.000,9999.000
202604040236,   5.485,   5.989,9999.000,9999.000,9999.000,9999.000,9999.000,9999.000,9999.000
202604040242,   5.421,   5.917,9999.000,9999.000,9999.000,9999.000,9999.000,9999.000,9999.000
202604040248,   5.349,   5.848,9999.000,9999.000,9999.000,9999.000,9999.000,9999.000,9999.000
202604040254,   5.271,   5.759,9999.000,9999.000,9999.000,9999.000,9999.000,9999.000,9999.000
202604040300,   5.188,   5.648,   0.200,   0.260,   5.648,   0.200,   5.648,   0.300,   5.748
202604040306,   5.099,   5.530,9999.000,9999.000,9999.000,9999.000,9999.000,9999.000,9999.000
202604040312,   5.005,   5.408,9999.000,9999.000,9999.000,9999.000,9999.000,9999.000,9999.000
202604040318,   4.906,   5.287,9999.000,9999.000,9999.000,9999.000,9999.000,9999.000,9999.000
202604040324,   4.804,   5.149,9999.000,9999.000,9999.000,9999.000,9999.000,9999.000,9999.000
202604040330,   4.698,   5.008,9999.000,9999.000,9999.000,9999.000,9999.000,9999.000,9999.000
202604040336,   4.589,   4.857,9999.000,9999.000,9999.000,9999.000,9999.000,9999.000,9999.000
202604040342,   4.477,   4.710,9999.000,9999.000,9999.000,9999.000,9999.000,9999.000,9999.000
202604040348,   4.364,   4.559,9999.000,9999.000,9999.000,9999.000,9999.000,9999.000,9999.000
202604040354,   4.248,   4.408,9999.000,9999.000,9999.000,9999.000,9999.000,9999.000,9999.000
202604040400,   4.132,   4.257,   0.200,  -0.075,   4.257,   0.100,   4.157,   0.200,   4.257
202604040406,   4.015,   4.109,9999.000,9999.000,9999.000,9999.000,9999.000,9999.000,9999.000
202604040412,   3.897,   3.968,9999.000,9999.000,9999.000,9999.000,9999.000,9999.000,9999.000
202604040418,   3.779,   3.827,9999.000,9999.000,9999.000,9999.000,9999.000,9999.000,9999.000
202604040424,   3.661,   3.680,9999.000,9999.000,9999.000,9999.000,9999.000,9999.000,9999.000
202604040430,   3.543,   3.548,9999.000,9999.000,9999.000,9999.000,9999.000,9999.000,9999.000
202604040436,   3.426,   3.407,9999.000,9999.000,9999.000,9999.000,9999.000,9999.000,9999.000
202604040442,   3.309,   3.279,9999.000,9999.000,9999.000,9999.000,9999.000,9999.000,9999.000
202604040448,   3.194,   3.148,9999.000,9999.000,9999.000,9999.000,9999.000,9999.000,9999.000
202604040454,   3.080,   3.030,9999.000,9999.000,9999.000,9999.000,9999.000,9999.000,9999.000
202604040500,   2.966,   2.909,   0.100,  -0.157,   2.909,   0.100,   2.909,   0.200,   3.009
202604040506,   2.854,   2.807,9999.000,9999.000,9999.000,9999.000,9999.000,9999.000,9999.000
202604040512,   2.743,   2.699,9999.000,9999.000,9999.000,9999.000,9999.000,9999.000,9999.000
202604040518,   2.634,   2.597,9999.000,9999.000,9999.000,9999.000,9999.000,9999.000,9999.000
202604040524,   2.526,   2.489,9999.000,9999.000,9999.000,9999.000,9999.000,9999.000,9999.000
202604040530,   2.419,   2.387,9999.000,9999.000,9999.000,9999.000,9999.000,9999.000,9999.000
202604040536,   2.314,   2.279,9999.000,9999.000,9999.000,9999.000,9999.000,9999.000,9999.000
202604040542,   2.210,   2.168,9999.000,9999.000,9999.000,9999.000,9999.000,9999.000,9999.000
202604040548,   2.108,   2.069,9999.000,9999.000,9999.000,9999.000,9999.000,9999.000,9999.000
202604040554,   2.007,   1.967,9999.000,9999.000,9999.000,9999.000,9999.000,9999.000,9999.000
202604040600,   1.907,   1.879,   0.100,  -0.128,   1.879,   0.000,   1.779,   0.200,   1.979
202604040606,   1.809,   1.800,9999.000,9999.000,9999.000,9999.000,9999.000,9999.000,9999.000
202604040612,   1.712,   1.718,9999.000,9999.000,9999.000,9999.000,9999.000,9999.000,9999.000
202604040618,   1.617,   1.639,9999.000,9999.000,9999.000,9999.000,9999.000,9999.000,9999.000
202604040624,   1.523,   1.548,9999.000,9999.000,9999.000,9999.000,9999.000,9999.000,9999.000
202604040630,   1.431,   1.439,9999.000,9999.000,9999.000,9999.000,9999.000,9999.000,9999.000
202604040636,   1.340,   1.338,9999.000,9999.000,9999.000,9999.000,9999.000,9999.000,9999.000
202604040642,   1.251,   1.249,9999.000,9999.000,9999.000,9999.000,9999.000,9999.000,9999.000
202604040648,   1.164,   1.170,9999.000,9999.000,9999.000,9999.000,9999.000,9999.000,9999.000
202604040654,   1.079,   1.088,9999.000,9999.000,9999.000,9999.000,9999.000,9999.000,9999.000
202604040700,   0.996,   1.020,   0.100,  -0.076,   1.020,   0.000,   0.920,   0.100,   1.020
202604040706,   0.916,   0.941,9999.000,9999.000,9999.000,9999.000,9999.000,9999.000,9999.000
202604040712,   0.838,   0.859,9999.000,9999.000,9999.000,9999.000,9999.000,9999.000,9999.000
202604040718,   0.763,   0.780,9999.000,9999.000,9999.000,9999.000,9999.000,9999.000,9999.000
202604040724,   0.692,   0.708,9999.000,9999.000,9999.000,9999.000,9999.000,9999.000,9999.000
202604040730,   0.624,   0.639,9999.000,9999.000,9999.000,9999.000,9999.000,9999.000,9999.000
202604040736,   0.561,   0.570,9999.000,9999.000,9999.000,9999.000,9999.000,9999.000,9999.000
202604040742,   0.502,   0.508,9999.000,9999.000,9999.000,9999.000,9999.000,9999.000,9999.000
202604040748,   0.448,   0.449,9999.000,9999.000,9999.000,9999.000,9999.000,9999.000,9999.000
202604040754,   0.399,   0.380,9999.000,9999.000,9999.000,9999.000,9999.000,9999.000,9999.000
202604040800,   0.356,   0.331,   0.000,  -0.025,   0.331,   0.000,   0.331,   0.100,   0.431
202604040806,   0.320,   0.268,9999.000,9999.000,9999.000,9999.000,9999.000,9999.000,9999.000
202604040812,   0.290,   0.219,9999.000,9999.000,9999.000,9999.000,9999.000,9999.000,9999.000
202604040818,   0.268,   0.180,9999.000,9999.000,9999.000,9999.000,9999.000,9999.000,9999.000
202604040824,   0.254,   0.141,9999.000,9999.000,9999.000,9999.000,9999.000,9999.000,9999.000
202604040830,   0.248,   0.121,9999.000,9999.000,9999.000,9999.000,9999.000,9999.000,9999.000
202604040836,   0.251,   0.111,9999.000,9999.000,9999.000,9999.000,9999.000,9999.000,9999.000
202604040842,   0.262,   0.111,9999.000,9999.000,9999.000,9999.000,9999.000,9999.000,9999.000
202604040848,   0.283,   0.121,9999.000,9999.000,9999.000,9999.000,9999.000,9999.000,9999.000
202604040854,   0.313,   0.150,9999.000,9999.000,9999.000,9999.000,9999.000,9999.000,9999.000
202604040900,   0.353,   0.180,   0.000,  -0.173,   0.180,  -0.100,   0.080,   0.100,   0.280
202604040906,   0.402,   0.219,9999.000,9999.000,9999.000,9999.000,9999.000,9999.000,9999.000
202604040912,   0.461,   0.268,9999.000,9999.000,9999.000,9999.000,9999.000,9999.000,9999.000
202604040918,   0.529,   0.341,9999.000,9999.000,9999.000,9999.000,9999.000,9999.000,9999.000
202604040924,   0.606,   0.400,9999.000,9999.000,9999.000,9999.000,9999.000,9999.000,9999.000
202604040930,   0.692,   0.478,9999.000,9999.000,9999.000,9999.000,9999.000,9999.000,9999.000
202604040936,   0.785,   0.570,9999.000,9999.000,9999.000,9999.000,9999.000,9999.000,9999.000
202604040942,   0.887,   0.649,9999.000,9999.000,9999.000,9999.000,9999.000,9999.000,9999.000
202604040948,   0.996,   0.770,9999.000,9999.000,9999.000,9999.000,9999.000,9999.000,9999.000
202604040954,   1.112,   0.869,9999.000,9999.000,9999.000,9999.000,9999.000,9999.000,9999.000
202604041000,   1.233,   1.000,   0.000,  -0.233,   1.000,  -0.100,   0.900,   0.100,   1.100
202604041006,   1.359,   1.138,9999.000,9999.000,9999.000,9999.000,9999.000,9999.000,9999.000
202604041012,   1.490,   1.279,9999.000,9999.000,9999.000,9999.000,9999.000,9999.000,9999.000
202604041018,   1.624,   1.430,9999.000,9999.000,9999.000,9999.000,9999.000,9999.000,9999.000
202604041024,   1.760,   1.590,9999.000,9999.000,9999.000,9999.000,9999.000,9999.000,9999.000
202604041030,   1.899,   1.748,9999.000,9999.000,9999.000,9999.000,9999.000,9999.000,9999.000
202604041036,   2.038,   1.908,9999.000,9999.000,9999.000,9999.000,9999.000,9999.000,9999.000
202604041042,   2.178,   2.069,9999.000,9999.000,9999.000,9999.000,9999.000,9999.000,9999.000
202604041048,   2.317,   2.230,9999.000,9999.000,9999.000,9999.000,9999.000,9999.000,9999.000
202604041054,   2.455,   2.387,9999.000,9999.000,9999.000,9999.000,9999.000,9999.000,9999.000
202604041100,   2.591,   2.538,   0.000,  -0.053,   2.538,  -0.100,   2.438,   0.000,   2.538
202604041106,   2.725,   2.679,9999.000,9999.000,9999.000,9999.000,9999.000,9999.000,9999.000
202604041112,   2.856,   2.807,9999.000,9999.000,9999.000,9999.000,9999.000,9999.000,9999.000
202604041118,   2.984,   2.929,9999.000,9999.000,9999.000,9999.000,9999.000,9999.000,9999.000
202604041124,   3.109,   3.050,9999.000,9999.000,9999.000,9999.000,9999.000,9999.000,9999.000
202604041130,   3.229,   3.148,9999.000,9999.000,9999.000,9999.000,9999.000,9999.000,9999.000
202604041136,   3.345,   3.250,9999.000,9999.000,9999.000,9999.000,9999.000,9999.000,9999.000
202604041142,   3.458,   3.358,9999.000,9999.000,9999.000,9999.000,9999.000,9999.000,9999.000
202604041148,   3.566,   3.460,9999.000,9999.000,9999.000,9999.000,9999.000,9999.000,9999.000
202604041154,   3.669,   3.578,9999.000,9999.000,9999.000,9999.000,9999.000,9999.000,9999.000
202604041200,   3.769,   3.699,   0.000,  -0.070,   3.699,   0.000,   3.699,   0.100,   3.799
202604041206,   3.864,   3.808,9999.000,9999.000,9999.000,9999.000,9999.000,9999.000,9999.000
202604041212,   3.955,   3.919,9999.000,9999.000,9999.000,9999.000,9999.000,9999.000,9999.000
202604041218,   4.042,   4.027,9999.000,9999.000,9999.000,9999.000,9999.000,9999.000,9999.000
202604041224,   4.126,   4.129,9999.000,9999.000,9999.000,9999.000,9999.000,9999.000,9999.000
202604041230,   4.205,   4.218,9999.000,9999.000,9999.000,9999.000,9999.000,9999.000,9999.000
202604041236,   4.280,   4.309,9999.000,9999.000,9999.000,9999.000,9999.000,9999.000,9999.000
202604041242,   4.351,   4.388,9999.000,9999.000,9999.000,9999.000,9999.000,9999.000,9999.000
202604041248,   4.418,   4.457,9999.000,9999.000,9999.000,9999.000,9999.000,9999.000,9999.000
202604041254,   4.482,   4.539,9999.000,9999.000,9999.000,9999.000,9999.000,9999.000,9999.000
202604041300,   4.541,   4.618,   0.000,   0.077,   4.618,   0.000,   4.618,   0.000,   4.618
202604041306,   4.596,   4.690,9999.000,9999.000,9999.000,9999.000,9999.000,9999.000,9999.000
202604041312,   4.647,   4.759,9999.000,9999.000,9999.000,9999.000,9999.000,9999.000,9999.000
202604041318,   4.694,   4.828,9999.000,9999.000,9999.000,9999.000,9999.000,9999.000,9999.000
202604041324,   4.735,   4.900,9999.000,9999.000,9999.000,9999.000,9999.000,9999.000,9999.000
202604041330,   4.772,   4.959,9999.000,9999.000,9999.000,9999.000,9999.000,9999.000,9999.000
202604041336,   4.804,   5.028,9999.000,9999.000,9999.000,9999.000,9999.000,9999.000,9999.000
202604041342,   4.830,   5.067,9999.000,9999.000,9999.000,9999.000,9999.000,9999.000,9999.000
202604041348,   4.850,   5.129,9999.000,9999.000,9999.000,9999.000,9999.000,9999.000,9999.000
202604041354,   4.864,   5.188,9999.000,9999.000,9999.000,9999.000,9999.000,9999.000,9999.000
202604041400,   4.872,   5.238,   0.000,   0.366,   5.238,   0.000,   5.238,   0.000,   5.238
202604041406,   4.874,   5.257,9999.000,9999.000,9999.000,9999.000,9999.000,9999.000,9999.000
202604041412,   4.869,   5.297,9999.000,9999.000,9999.000,9999.000,9999.000,9999.000,9999.000
202604041418,   4.857,   5.287,9999.000,9999.000,9999.000,9999.000,9999.000,9999.000,9999.000
202604041424,   4.838,   5.287,9999.000,9999.000,9999.000,9999.000,9999.000,9999.000,9999.000
202604041430,   4.813,   5.277,9999.000,9999.000,9999.000,9999.000,9999.000,9999.000,9999.000
202604041436,   4.780,   5.287,9999.000,9999.000,9999.000,9999.000,9999.000,9999.000,9999.000
202604041442,   4.741,   5.257,9999.000,9999.000,9999.000,9999.000,9999.000,9999.000,9999.000
202604041448,   4.695,   5.208,9999.000,9999.000,9999.000,9999.000,9999.000,9999.000,9999.000
202604041454,   4.642,   5.159,9999.000,9999.000,9999.000,9999.000,9999.000,9999.000,9999.000
202604041500,   4.583,   5.097,   0.000,   0.514,   5.097,   0.000,   5.097,   0.100,   5.197
202604041506,   4.518,   5.018,9999.000,9999.000,9999.000,9999.000,9999.000,9999.000,9999.000
202604041512,   4.446,   4.929,9999.000,9999.000,9999.000,9999.000,9999.000,9999.000,9999.000
202604041518,   4.370,   4.837,9999.000,9999.000,9999.000,9999.000,9999.000,9999.000,9999.000
202604041524,   4.288,   4.759,9999.000,9999.000,9999.000,9999.000,9999.000,9999.000,9999.000
202604041530,   4.202,   4.657,9999.000,9999.000,9999.000,9999.000,9999.000,9999.000,9999.000
202604041536,   4.112,   4.578,9999.000,9999.000,9999.000,9999.000,9999.000,9999.000,9999.000
202604041542,   4.018,   4.480,9999.000,9999.000,9999.000,9999.000,9999.000,9999.000,9999.000
202604041548,   3.921,   4.368,9999.000,9999.000,9999.000,9999.000,9999.000,9999.000,9999.000
202604041554,   3.821,   4.237,9999.000,9999.000,9999.000,9999.000,9999.000,9999.000,9999.000
202604041600,   3.718,   4.109,   0.100,   0.291,   4.109,   0.000,   4.009,   0.100,   4.109
202604041606,   3.614,   3.978,9999.000,9999.000,9999.000,9999.000,9999.000,9999.000,9999.000
202604041612,   3.508,   3.847,9999.000,9999.000,9999.000,9999.000,9999.000,9999.000,9999.000
202604041618,   3.402,   3.719,9999.000,9999.000,9999.000,9999.000,9999.000,9999.000,9999.000
202604041624,   3.294,   3.588,9999.000,9999.000,9999.000,9999.000,9999.000,9999.000,9999.000
202604041630,   3.187,   3.450,9999.000,9999.000,9999.000,9999.000,9999.000,9999.000,9999.000
202604041636,   3.079,   3.309,9999.000,9999.000,9999.000,9999.000,9999.000,9999.000,9999.000
202604041642,   2.972,   3.158,9999.000,9999.000,9999.000,9999.000,9999.000,9999.000,9999.000
202604041648,   2.865,   3.017,9999.000,9999.000,9999.000,9999.000,9999.000,9999.000,9999.000
202604041654,   2.760,   2.879,9999.000,9999.000,9999.000,9999.000,9999.000,9999.000,9999.000
202604041700,   2.655,   2.728,   0.100,  -0.027,   2.728,   0.100,   2.728,   0.200,   2.828
202604041706,   2.552,   2.587,9999.000,9999.000,9999.000,9999.000,9999.000,9999.000,9999.000
202604041712,   2.450,   2.459,9999.000,9999.000,9999.000,9999.000,9999.000,9999.000,9999.000
202604041718,   2.350,   2.328,9999.000,9999.000,9999.000,9999.000,9999.000,9999.000,9999.000
202604041724,   2.252,   2.210,9999.000,9999.000,9999.000,9999.000,9999.000,9999.000,9999.000
202604041730,   2.155,   2.109,9999.000,9999.000,9999.000,9999.000,9999.000,9999.000,9999.000
202604041736,   2.061,   2.010,9999.000,9999.000,9999.000,9999.000,9999.000,9999.000,9999.000
202604041742,   1.968,   1.918,9999.000,9999.000,9999.000,9999.000,9999.000,9999.000,9999.000
202604041748,   1.878,   1.840,9999.000,9999.000,9999.000,9999.000,9999.000,9999.000,9999.000
202604041754,   1.789,   1.758,9999.000,9999.000,9999.000,9999.000,9999.000,9999.000,9999.000
202604041800,   1.702,   1.649,   0.200,  -0.253,   1.649,   0.100,   1.549,   0.200,   1.649
202604041806,   1.618,   1.538,9999.000,9999.000,9999.000,9999.000,9999.000,9999.000,9999.000
202604041812,   1.536,   1.479,9999.000,9999.000,9999.000,9999.000,9999.000,9999.000,9999.000
202604041818,   1.455,   1.420,9999.000,9999.000,9999.000,9999.000,9999.000,9999.000,9999.000
202604041824,   1.377,   1.328,9999.000,9999.000,9999.000,9999.000,9999.000,9999.000,9999.000
202604041830,   1.301,   1.289,9999.000,9999.000,9999.000,9999.000,9999.000,9999.000,9999.000
202604041836,   1.227,   1.220,9999.000,9999.000,9999.000,9999.000,9999.000,9999.000,9999.000
202604041842,   1.155,   1.151,9999.000,9999.000,9999.000,9999.000,9999.000,9999.000,9999.000
202604041848,   1.086,   1.069,9999.000,9999.000,9999.000,9999.000,9999.000,9999.000,9999.000
202604041854,   1.018,   1.010,9999.000,9999.000,9999.000,9999.000,9999.000,9999.000,9999.000
202604041900,   0.953,   0.941,   0.200,  -0.212,   0.941,   0.200,   0.941,   0.200,   0.941
202604041906,   0.890,   0.879,9999.000,9999.000,9999.000,9999.000,9999.000,9999.000,9999.000
202604041912,   0.829,   0.839,9999.000,9999.000,9999.000,9999.000,9999.000,9999.000,9999.000
202604041918,   0.771,   0.819,9999.000,9999.000,9999.000,9999.000,9999.000,9999.000,9999.000
202604041924,   0.716,   0.819,9999.000,9999.000,9999.000,9999.000,9999.000,9999.000,9999.000
202604041930,   0.664,   0.819,9999.000,9999.000,9999.000,9999.000,9999.000,9999.000,9999.000
202604041936,   0.615,   0.829,9999.000,9999.000,9999.000,9999.000,9999.000,9999.000,9999.000
202604041942,   0.569,   0.859,9999.000,9999.000,9999.000,9999.000,9999.000,9999.000,9999.000
202604041948,   0.526,   0.898,9999.000,9999.000,9999.000,9999.000,9999.000,9999.000,9999.000
202604041954,   0.488,   0.961,9999.000,9999.000,9999.000,9999.000,9999.000,9999.000,9999.000
202604042000,   0.454,   1.000,   0.300,   0.246,   1.000,   0.300,   1.000,   0.400,   1.100
202604042006,   0.425,   1.049,9999.000,9999.000,9999.000,9999.000,9999.000,9999.000,9999.000
202604042012,   0.401,   1.098,9999.000,9999.000,9999.000,9999.000,9999.000,9999.000,9999.000
202604042018,   0.382,   1.161,9999.000,9999.000,9999.000,9999.000,9999.000,9999.000,9999.000
202604042024,   0.369,   1.190,9999.000,9999.000,9999.000,9999.000,9999.000,9999.000,9999.000
202604042030,   0.363,   1.220,9999.000,9999.000,9999.000,9999.000,9999.000,9999.000,9999.000
202604042036,   0.363,   1.239,9999.000,9999.000,9999.000,9999.000,9999.000,9999.000,9999.000
202604042042,   0.371,   1.279,9999.000,9999.000,9999.000,9999.000,9999.000,9999.000,9999.000
202604042048,   0.386,   1.328,9999.000,9999.000,9999.000,9999.000,9999.000,9999.000,9999.000
202604042054,   0.409,   1.371,9999.000,9999.000,9999.000,9999.000,9999.000,9999.000,9999.000
202604042100,   0.440,   1.430,   0.500,   0.490,   1.430,   0.400,   1.330,   0.600,   1.530
202604042106,   0.480,   1.498,9999.000,9999.000,9999.000,9999.000,9999.000,9999.000,9999.000
202604042112,   0.529,   1.557,9999.000,9999.000,9999.000,9999.000,9999.000,9999.000,9999.000
202604042118,   0.587,   1.630,9999.000,9999.000,9999.000,9999.000,9999.000,9999.000,9999.000
202604042124,   0.653,   1.689,9999.000,9999.000,9999.000,9999.000,9999.000,9999.000,9999.000
202604042130,   0.729,   1.758,9999.000,9999.000,9999.000,9999.000,9999.000,9999.000,9999.000
202604042136,   0.814,   1.859,9999.000,9999.000,9999.000,9999.000,9999.000,9999.000,9999.000
202604042142,   0.907,   1.958,9999.000,9999.000,9999.000,9999.000,9999.000,9999.000,9999.000
202604042148,   1.009,   2.069,9999.000,9999.000,9999.000,9999.000,9999.000,9999.000,9999.000
202604042154,   1.119,   2.230,9999.000,9999.000,9999.000,9999.000,9999.000,9999.000,9999.000
202604042200,   1.236,   2.377,   0.700,   0.441,   2.377,   0.600,   2.277,   0.800,   2.477
202604042206,   1.361,   2.538,9999.000,9999.000,9999.000,9999.000,9999.000,9999.000,9999.000
202604042212,   1.492,   2.728,9999.000,9999.000,9999.000,9999.000,9999.000,9999.000,9999.000
202604042218,   1.629,   2.889,9999.000,9999.000,9999.000,9999.000,9999.000,9999.000,9999.000
202604042224,   1.770,   3.040,9999.000,9999.000,9999.000,9999.000,9999.000,9999.000,9999.000
202604042230,   1.917,   3.217,9999.000,9999.000,9999.000,9999.000,9999.000,9999.000,9999.000
202604042236,   2.067,   3.378,9999.000,9999.000,9999.000,9999.000,9999.000,9999.000,9999.000
202604042242,   2.219,   3.548,9999.000,9999.000,9999.000,9999.000,9999.000,9999.000,9999.000
202604042248,   2.373,   3.709,9999.000,9999.000,9999.000,9999.000,9999.000,9999.000,9999.000
202604042254,   2.529,   3.880,9999.000,9999.000,9999.000,9999.000,9999.000,9999.000,9999.000
202604042300,   2.684,   4.037,   0.900,   0.453,   4.037,   0.800,   3.937,   1.100,   4.237
202604042306,   2.839,   4.208,9999.000,9999.000,9999.000,9999.000,9999.000,9999.000,9999.000
202604042312,   2.993,   4.368,9999.000,9999.000,9999.000,9999.000,9999.000,9999.000,9999.000
202604042318,   3.144,   4.519,9999.000,9999.000,9999.000,9999.000,9999.000,9999.000,9999.000
202604042324,   3.293,   4.667,9999.000,9999.000,9999.000,9999.000,9999.000,9999.000,9999.000
202604042330,   3.439,   4.798,9999.000,9999.000,9999.000,9999.000,9999.000,9999.000,9999.000
202604042336,   3.581,   4.929,9999.000,9999.000,9999.000,9999.000,9999.000,9999.000,9999.000
202604042342,   3.719,   5.047,9999.000,9999.000,9999.000,9999.000,9999.000,9999.000,9999.000
202604042348,   3.852,   5.159,9999.000,9999.000,9999.000,9999.000,9999.000,9999.000,9999.000
202604042354,   3.981,   5.257,9999.000,9999.000,9999.000,9999.000,9999.000,9999.000,9999.000
202604050000,   4.105,   5.349,   0.600,   0.644,   5.349,   0.500,   5.249,   0.700,   5.449
202604050006,   4.224,   5.438,9999.000,9999.000,9999.000,9999.000,9999.000,9999.000,9999.000
202604050012,   4.338,   5.539,9999.000,9999.000,9999.000,9999.000,9999.000,9999.000,9999.000
202604050018,   4.446,   5.628,9999.000,9999.000,9999.000,9999.000,9999.000,9999.000,9999.000
202604050024,   4.550,   5.687,9999.000,9999.000,9999.000,9999.000,9999.000,9999.000,9999.000
202604050030,   4.649,   5.769,9999.000,9999.000,9999.000,9999.000,9999.000,9999.000,9999.000
202604050036,   4.743,   5.848,9999.000,9999.000,9999.000,9999.000,9999.000,9999.000,9999.000
202604050042,   4.832,   5.907,9999.000,9999.000,9999.000,9999.000,9999.000,9999.000,9999.000
202604050048,   4.916,   5.959,9999.000,9999.000,9999.000,9999.000,9999.000,9999.000,9999.000
202604050054,   4.996,   6.028,9999.000,9999.000,9999.000,9999.000,9999.000,9999.000,9999.000
202604050100,   5.071,   6.087,   0.800,   0.216,   6.087,   0.600,   5.887,   0.900,   6.187
202604050106,   5.142,   6.149,9999.000,9999.000,9999.000,9999.000,9999.000,9999.000,9999.000
202604050112,   5.209,   6.218,9999.000,9999.000,9999.000,9999.000,9999.000,9999.000,9999.000
202604050118,   5.271,   6.287,9999.000,9999.000,9999.000,9999.000,9999.000,9999.000,9999.000
202604050124,   5.329,   6.369,9999.000,9999.000,9999.000,9999.000,9999.000,9999.000,9999.000
202604050130,   5.382,   6.448,9999.000,9999.000,9999.000,9999.000,9999.000,9999.000,9999.000
202604050136,   5.431,   6.517,9999.000,9999.000,9999.000,9999.000,9999.000,9999.000,9999.000
202604050142,   5.475,   6.599,9999.000,9999.000,9999.000,9999.000,9999.000,9999.000,9999.000
202604050148,   5.514,   6.648,9999.000,9999.000,9999.000,9999.000,9999.000,9999.000,9999.000
202604050154,   5.548,   6.707,9999.000,9999.000,9999.000,9999.000,9999.000,9999.000,9999.000
202604050200,   5.576,   6.766,   0.900,   0.290,   6.766,   0.700,   6.566,   1.000,   6.866
202604050206,   5.599,   6.799,9999.000,9999.000,9999.000,9999.000,9999.000,9999.000,9999.000
202604050212,   5.616,   6.838,9999.000,9999.000,9999.000,9999.000,9999.000,9999.000,9999.000
202604050218,   5.627,   6.868,9999.000,9999.000,9999.000,9999.000,9999.000,9999.000,9999.000
202604050224,   5.632,   6.887,9999.000,9999.000,9999.000,9999.000,9999.000,9999.000,9999.000
202604050230,   5.630,   6.907,9999.000,9999.000,9999.000,9999.000,9999.000,9999.000,9999.000
202604050236,   5.621,   6.917,9999.000,9999.000,9999.000,9999.000,9999.000,9999.000,9999.000
202604050242,   5.605,   6.917,9999.000,9999.000,9999.000,9999.000,9999.000,9999.000,9999.000
202604050248,   5.583,   6.907,9999.000,9999.000,9999.000,9999.000,9999.000,9999.000,9999.000
202604050254,   5.553,   6.887,9999.000,9999.000,9999.000,9999.000,9999.000,9999.000,9999.000
202604050300,   5.517,   6.887,   1.000,   0.370,   6.887,   0.800,   6.687,   1.100,   6.987
202604050306,   5.473,   6.878,9999.000,9999.000,9999.000,9999.000,9999.000,9999.000,9999.000
202604050312,   5.422,   6.868,9999.000,9999.000,9999.000,9999.000,9999.000,9999.000,9999.000
202604050318,   5.365,   6.848,9999.000,9999.000,9999.000,9999.000,9999.000,9999.000,9999.000
202604050324,   5.300,   6.828,9999.000,9999.000,9999.000,9999.000,9999.000,9999.000,9999.000
202604050330,   5.230,   6.789,9999.000,9999.000,9999.000,9999.000,9999.000,9999.000,9999.000
202604050336,   5.153,   6.737,9999.000,9999.000,9999.000,9999.000,9999.000,9999.000,9999.000
202604050342,   5.071,   6.678,9999.000,9999.000,9999.000,9999.000,9999.000,9999.000,9999.000
202604050348,   4.983,   6.609,9999.000,9999.000,9999.000,9999.000,9999.000,9999.000,9999.000
202604050354,   4.890,   6.517,9999.000,9999.000,9999.000,9999.000,9999.000,9999.000,9999.000
202604050400,   4.793,   6.418,   1.000,   0.625,   6.418,   0.800,   6.218,   1.100,   6.518
202604050406,   4.691,   6.317,9999.000,9999.000,9999.000,9999.000,9999.000,9999.000,9999.000
202604050412,   4.586,   6.209,9999.000,9999.000,9999.000,9999.000,9999.000,9999.000,9999.000
202604050418,   4.478,   6.107,9999.000,9999.000,9999.000,9999.000,9999.000,9999.000,9999.000
202604050424,   4.367,   5.999,9999.000,9999.000,9999.000,9999.000,9999.000,9999.000,9999.000
202604050430,   4.253,   5.867,9999.000,9999.000,9999.000,9999.000,9999.000,9999.000,9999.000
202604050436,   4.138,   5.749,9999.000,9999.000,9999.000,9999.000,9999.000,9999.000,9999.000
202604050442,   4.021,   5.628,9999.000,9999.000,9999.000,9999.000,9999.000,9999.000,9999.000
202604050448,   3.903,   5.497,9999.000,9999.000,9999.000,9999.000,9999.000,9999.000,9999.000
202604050454,   3.784,   5.379,9999.000,9999.000,9999.000,9999.000,9999.000,9999.000,9999.000
202604050500,   3.666,   5.228,   1.000,   0.562,   5.228,   0.800,   5.028,   1.100,   5.328
202604050506,   3.547,   5.077,9999.000,9999.000,9999.000,9999.000,9999.000,9999.000,9999.000
202604050512,   3.428,   4.919,9999.000,9999.000,9999.000,9999.000,9999.000,9999.000,9999.000
202604050518,   3.310,   4.778,9999.000,9999.000,9999.000,9999.000,9999.000,9999.000,9999.000
202604050524,   3.193,   4.647,9999.000,9999.000,9999.000,9999.000,9999.000,9999.000,9999.000
202604050530,   3.076,   4.509,9999.000,9999.000,9999.000,9999.000,9999.000,9999.000,9999.000
202604050536,   2.961,   4.398,9999.000,9999.000,9999.000,9999.000,9999.000,9999.000,9999.000
202604050542,   2.848,   4.257,9999.000,9999.000,9999.000,9999.000,9999.000,9999.000,9999.000
202604050548,   2.735,   4.139,9999.000,9999.000,9999.000,9999.000,9999.000,9999.000,9999.000
202604050554,   2.625,   3.998,9999.000,9999.000,9999.000,9999.000,9999.000,9999.000,9999.000
202604050600,   2.516,   3.880,   0.800,   0.564,   3.880,   0.700,   3.780,   0.900,   3.980
202604050606,   2.410,   3.749,9999.000,9999.000,9999.000,9999.000,9999.000,9999.000,9999.000
202604050612,   2.305,   3.598,9999.000,9999.000,9999.000,9999.000,9999.000,9999.000,9999.000
202604050618,   2.202,   3.470,9999.000,9999.000,9999.000,9999.000,9999.000,9999.000,9999.000
202604050624,   2.101,   3.329,9999.000,9999.000,9999.000,9999.000,9999.000,9999.000,9999.000
202604050630,   2.003,   3.207,9999.000,9999.000,9999.000,9999.000,9999.000,9999.000,9999.000
202604050636,   1.906,   3.089,9999.000,9999.000,9999.000,9999.000,9999.000,9999.000,9999.000
202604050642,   1.812,   2.968,9999.000,9999.000,9999.000,9999.000,9999.000,9999.000,9999.000
202604050648,   1.720,   2.840,9999.000,9999.000,9999.000,9999.000,9999.000,9999.000,9999.000
202604050654,   1.630,   2.719,9999.000,9999.000,9999.000,9999.000,9999.000,9999.000,9999.000
202604050700,   1.542,   2.597,   0.800,   0.255,   2.597,   0.700,   2.497,   0.900,   2.697
202604050706,   1.456,   2.489,9999.000,9999.000,9999.000,9999.000,9999.000,9999.000,9999.000
202604050712,   1.373,   2.387,9999.000,9999.000,9999.000,9999.000,9999.000,9999.000,9999.000
202604050718,   1.292,   2.299,9999.000,9999.000,9999.000,9999.000,9999.000,9999.000,9999.000
202604050724,   1.214,   2.200,9999.000,9999.000,9999.000,9999.000,9999.000,9999.000,9999.000
202604050730,   1.138,   2.109,9999.000,9999.000,9999.000,9999.000,9999.000,9999.000,9999.000
202604050736,   1.064,   2.030,9999.000,9999.000,9999.000,9999.000,9999.000,9999.000,9999.000
202604050742,   0.993,   1.948,9999.000,9999.000,9999.000,9999.000,9999.000,9999.000,9999.000
202604050748,   0.925,   1.879,9999.000,9999.000,9999.000,9999.000,9999.000,9999.000,9999.000
202604050754,   0.860,   1.830,9999.000,9999.000,9999.000,9999.000,9999.000,9999.000,9999.000
202604050800,   0.798,   1.748,   0.800,   0.150,   1.748,   0.700,   1.648,   0.900,   1.848
202604050806,   0.739,   1.699,9999.000,9999.000,9999.000,9999.000,9999.000,9999.000,9999.000
202604050812,   0.684,   1.649,9999.000,9999.000,9999.000,9999.000,9999.000,9999.000,9999.000
202604050818,   0.633,   1.620,9999.000,9999.000,9999.000,9999.000,9999.000,9999.000,9999.000
202604050824,   0.586,   1.600,9999.000,9999.000,9999.000,9999.000,9999.000,9999.000,9999.000
202604050830,   0.543,   1.557,9999.000,9999.000,9999.000,9999.000,9999.000,9999.000,9999.000
202604050836,   0.505,   1.548,9999.000,9999.000,9999.000,9999.000,9999.000,9999.000,9999.000
202604050842,   0.473,   1.528,9999.000,9999.000,9999.000,9999.000,9999.000,9999.000,9999.000
202604050848,   0.447,   1.518,9999.000,9999.000,9999.000,9999.000,9999.000,9999.000,9999.000
202604050854,   0.426,   1.518,9999.000,9999.000,9999.000,9999.000,9999.000,9999.000,9999.000
202604050900,   0.412,   1.518,   0.900,   0.206,   1.518,   0.800,   1.418,   0.900,   1.518
202604050906,   0.405,   1.538,9999.000,9999.000,9999.000,9999.000,9999.000,9999.000,9999.000
202604050912,   0.405,   1.548,9999.000,9999.000,9999.000,9999.000,9999.000,9999.000,9999.000
202604050918,   0.413,   1.557,9999.000,9999.000,9999.000,9999.000,9999.000,9999.000,9999.000
202604050924,   0.429,   1.600,9999.000,9999.000,9999.000,9999.000,9999.000,9999.000,9999.000
202604050930,   0.452,   1.639,9999.000,9999.000,9999.000,9999.000,9999.000,9999.000,9999.000
202604050936,   0.485,   1.669,9999.000,9999.000,9999.000,9999.000,9999.000,9999.000,9999.000
202604050942,   0.526,   1.718,9999.000,9999.000,9999.000,9999.000,9999.000,9999.000,9999.000
202604050948,   0.575,   1.790,9999.000,9999.000,9999.000,9999.000,9999.000,9999.000,9999.000
202604050954,   0.633,   1.849,9999.000,9999.000,9999.000,9999.000,9999.000,9999.000,9999.000
202604051000,   0.700,   1.918,   0.900,   0.318,   1.918,   0.800,   1.818,   0.900,   1.918
202604051006,   0.775,   2.010,9999.000,9999.000,9999.000,9999.000,9999.000,9999.000,9999.000
202604051012,   0.858,   2.118,9999.000,9999.000,9999.000,9999.000,9999.000,9999.000,9999.000
202604051018,   0.948,   2.240,9999.000,9999.000,9999.000,9999.000,9999.000,9999.000,9999.000
202604051024,   1.046,   2.328,9999.000,9999.000,9999.000,9999.000,9999.000,9999.000,9999.000
202604051030,   1.151,   2.440,9999.000,9999.000,9999.000,9999.000,9999.000,9999.000,9999.000
202604051036,   1.262,   2.558,9999.000,9999.000,9999.000,9999.000,9999.000,9999.000,9999.000
202604051042,   1.379,   2.679,9999.000,9999.000,9999.000,9999.000,9999.000,9999.000,9999.000
202604051048,   1.500,   2.820,9999.000,9999.000,9999.000,9999.000,9999.000,9999.000,9999.000
202604051054,   1.626,   2.958,9999.000,9999.000,9999.000,9999.000,9999.000,9999.000,9999.000
202604051100,   1.754,   3.099,   0.900,   0.445,   3.099,   0.800,   2.999,   1.000,   3.199
202604051106,   1.886,   3.260,9999.000,9999.000,9999.000,9999.000,9999.000,9999.000,9999.000
202604051112,   2.019,   3.398,9999.000,9999.000,9999.000,9999.000,9999.000,9999.000,9999.000
202604051118,   2.152,   3.539,9999.000,9999.000,9999.000,9999.000,9999.000,9999.000,9999.000
202604051124,   2.286,   3.660,9999.000,9999.000,9999.000,9999.000,9999.000,9999.000,9999.000
202604051130,   2.419,   3.778,9999.000,9999.000,9999.000,9999.000,9999.000,9999.000,9999.000
202604051136,   2.551,   3.890,9999.000,9999.000,9999.000,9999.000,9999.000,9999.000,9999.000
202604051142,   2.681,   4.008,9999.000,9999.000,9999.000,9999.000,9999.000,9999.000,9999.000
202604051148,   2.808,   4.119,9999.000,9999.000,9999.000,9999.000,9999.000,9999.000,9999.000
202604051154,   2.931,   4.237,9999.000,9999.000,9999.000,9999.000,9999.000,9999.000,9999.000
202604051200,   3.051,   4.349,   0.800,   0.498,   4.349,   0.700,   4.249,   0.900,   4.449
202604051206,   3.167,   4.437,9999.000,9999.000,9999.000,9999.000,9999.000,9999.000,9999.000
202604051212,   3.279,   4.509,9999.000,9999.000,9999.000,9999.000,9999.000,9999.000,9999.000
202604051218,   3.386,   4.588,9999.000,9999.000,9999.000,9999.000,9999.000,9999.000,9999.000
202604051224,   3.488,   4.647,9999.000,9999.000,9999.000,9999.000,9999.000,9999.000,9999.000
202604051230,   3.586,   4.729,9999.000,9999.000,9999.000,9999.000,9999.000,9999.000,9999.000
202604051236,   3.678,   4.808,9999.000,9999.000,9999.000,9999.000,9999.000,9999.000,9999.000
202604051242,   3.766,   4.887,9999.000,9999.000,9999.000,9999.000,9999.000,9999.000,9999.000
202604051248,   3.849,   4.969,9999.000,9999.000,9999.000,9999.000,9999.000,9999.000,9999.000
202604051254,   3.928,   5.057,9999.000,9999.000,9999.000,9999.000,9999.000,9999.000,9999.000
202604051300,   4.002,   5.110,   0.800,   0.308,   5.110,   0.700,   5.010,   0.900,   5.210
202604051306,   4.071,   5.169,9999.000,9999.000,9999.000,9999.000,9999.000,9999.000,9999.000
202604051312,   4.137,   5.198,9999.000,9999.000,9999.000,9999.000,9999.000,9999.000,9999.000
202604051318,   4.198,   5.228,9999.000,9999.000,9999.000,9999.000,9999.000,9999.000,9999.000
202604051324,   4.256,   5.257,9999.000,9999.000,9999.000,9999.000,9999.000,9999.000,9999.000
202604051330,   4.310,   5.287,9999.000,9999.000,9999.000,9999.000,9999.000,9999.000,9999.000
202604051336,   4.360,   5.320,9999.000,9999.000,9999.000,9999.000,9999.000,9999.000,9999.000
202604051342,   4.406,   5.369,9999.000,9999.000,9999.000,9999.000,9999.000,9999.000,9999.000
202604051348,   4.449,   5.408,9999.000,9999.000,9999.000,9999.000,9999.000,9999.000,9999.000
202604051354,   4.488,   5.448,9999.000,9999.000,9999.000,9999.000,9999.000,9999.000,9999.000
202604051400,   4.524,   5.487,   0.800,   0.163,   5.487,   0.700,   5.387,   0.900,   5.587
202604051406,   4.556,   5.530,9999.000,9999.000,9999.000,9999.000,9999.000,9999.000,9999.000
202604051412,   4.584,   5.579,9999.000,9999.000,9999.000,9999.000,9999.000,9999.000,9999.000
202604051418,   4.607,   5.618,9999.000,9999.000,9999.000,9999.000,9999.000,9999.000,9999.000
202604051424,   4.626,   5.648,9999.000,9999.000,9999.000,9999.000,9999.000,9999.000,9999.000
202604051430,   4.641,   5.667,9999.000,9999.000,9999.000,9999.000,9999.000,9999.000,9999.000
202604051436,   4.651,   5.687,9999.000,9999.000,9999.000,9999.000,9999.000,9999.000,9999.000
202604051442,   4.656,   5.707,9999.000,9999.000,9999.000,9999.000,9999.000,9999.000,9999.000
202604051448,   4.655,   5.739,9999.000,9999.000,9999.000,9999.000,9999.000,9999.000,9999.000
202604051454,   4.649,   5.749,9999.000,9999.000,9999.000,9999.000,9999.000,9999.000,9999.000
202604051500,   4.637,   5.749,   0.700,   0.412,   5.749,   0.600,   5.649,   0.800,   5.849
202604051506,   4.620,   5.749,9999.000,9999.000,9999.000,9999.000,9999.000,9999.000,9999.000
202604051512,   4.596,   5.739,9999.000,9999.000,9999.000,9999.000,9999.000,9999.000,9999.000
202604051518,   4.566,   5.730,9999.000,9999.000,9999.000,9999.000,9999.000,9999.000,9999.000
202604051524,   4.530,   5.697,9999.000,9999.000,9999.000,9999.000,9999.000,9999.000,9999.000
202604051530,   4.488,   5.667,9999.000,9999.000,9999.000,9999.000,9999.000,9999.000,9999.000
202604051536,   4.440,   5.628,9999.000,9999.000,9999.000,9999.000,9999.000,9999.000,9999.000
202604051542,   4.385,   5.598,9999.000,9999.000,9999.000,9999.000,9999.000,9999.000,9999.000
202604051548,   4.325,   5.549,9999.000,9999.000,9999.000,9999.000,9999.000,9999.000,9999.000
202604051554,   4.259,   5.467,9999.000,9999.000,9999.000,9999.000,9999.000,9999.000,9999.000
202604051600,   4.188,   5.389,   0.700,   0.501,   5.389,   0.500,   5.189,   0.800,   5.489
202604051606,   4.112,   5.307,9999.000,9999.000,9999.000,9999.000,9999.000,9999.000,9999.000
202604051612,   4.031,   5.198,9999.000,9999.000,9999.000,9999.000,9999.000,9999.000,9999.000
202604051618,   3.946,   5.110,9999.000,9999.000,9999.000,9999.000,9999.000,9999.000,9999.000
202604051624,   3.857,   4.998,9999.000,9999.000,9999.000,9999.000,9999.000,9999.000,9999.000
202604051630,   3.764,   4.910,9999.000,9999.000,9999.000,9999.000,9999.000,9999.000,9999.000
202604051636,   3.668,   4.828,9999.000,9999.000,9999.000,9999.000,9999.000,9999.000,9999.000
202604051642,   3.569,   4.719,9999.000,9999.000,9999.000,9999.000,9999.000,9999.000,9999.000
202604051648,   3.468,   4.588,9999.000,9999.000,9999.000,9999.000,9999.000,9999.000,9999.000
202604051654,   3.366,   4.467,9999.000,9999.000,9999.000,9999.000,9999.000,9999.000,9999.000
202604051700,   3.262,   4.349,   0.600,   0.487,   4.349,   0.500,   4.249,   0.800,   4.549
202604051706,   3.157,   4.227,9999.000,9999.000,9999.000,9999.000,9999.000,9999.000,9999.000
202604051712,   3.052,   4.099,9999.000,9999.000,9999.000,9999.000,9999.000,9999.000,9999.000
202604051718,   2.947,   3.978,9999.000,9999.000,9999.000,9999.000,9999.000,9999.000,9999.000
202604051724,   2.841,   3.808,9999.000,9999.000,9999.000,9999.000,9999.000,9999.000,9999.000
202604051730,   2.737,   3.689,9999.000,9999.000,9999.000,9999.000,9999.000,9999.000,9999.000
202604051736,   2.633,   3.558,9999.000,9999.000,9999.000,9999.000,9999.000,9999.000,9999.000
202604051742,   2.531,   3.460,9999.000,9999.000,9999.000,9999.000,9999.000,9999.000,9999.000
202604051748,   2.430,   3.368,9999.000,9999.000,9999.000,9999.000,9999.000,9999.000,9999.000
202604051754,   2.331,9999.000,9999.000,9999.000,9999.000,9999.000,9999.000,9999.000,9999.000
202604051800,   2.233,9999.000,   0.500,   0.464,   3.197,   0.400,   3.097,   0.600,   3.297
202604051806,   2.138,9999.000,9999.000,9999.000,9999.000,9999.000,9999.000,9999.000,9999.000
202604051812,   2.045,9999.000,9999.000,9999.000,9999.000,9999.000,9999.000,9999.000,9999.000
202604051818,   1.954,9999.000,9999.000,9999.000,9999.000,9999.000,9999.000,9999.000,9999.000
202604051824,   1.866,9999.000,9999.000,9999.000,9999.000,9999.000,9999.000,9999.000,9999.000
202604051830,   1.781,9999.000,9999.000,9999.000,9999.000,9999.000,9999.000,9999.000,9999.000
202604051836,   1.698,9999.000,9999.000,9999.000,9999.000,9999.000,9999.000,9999.000,9999.000
202604051842,   1.618,9999.000,9999.000,9999.000,9999.000,9999.000,9999.000,9999.000,9999.000
202604051848,   1.540,9999.000,9999.000,9999.000,9999.000,9999.000,9999.000,9999.000,9999.000
202604051854,   1.466,9999.000,9999.000,9999.000,9999.000,9999.000,9999.000,9999.000,9999.000
202604051900,   1.394,9999.000,   0.400,   0.441,   2.235,   0.200,   2.035,   0.500,   2.335
202604051906,   1.326,9999.000,9999.000,9999.000,9999.000,9999.000,9999.000,9999.000,9999.000
202604051912,   1.260,9999.000,9999.000,9999.000,9999.000,9999.000,9999.000,9999.000,9999.000
202604051918,   1.197,9999.000,9999.000,9999.000,9999.000,9999.000,9999.000,9999.000,9999.000
202604051924,   1.137,9999.000,9999.000,9999.000,9999.000,9999.000,9999.000,9999.000,9999.000
202604051930,   1.080,9999.000,9999.000,9999.000,9999.000,9999.000,9999.000,9999.000,9999.000
202604051936,   1.026,9999.000,9999.000,9999.000,9999.000,9999.000,9999.000,9999.000,9999.000
202604051942,   0.974,9999.000,9999.000,9999.000,9999.000,9999.000,9999.000,9999.000,9999.000
202604051948,   0.925,9999.000,9999.000,9999.000,9999.000,9999.000,9999.000,9999.000,9999.000
202604051954,   0.880,9999.000,9999.000,9999.000,9999.000,9999.000,9999.000,9999.000,9999.000
202604052000,   0.837,9999.000,   0.200,   0.417,   1.454,   0.000,   1.254,   0.300,   1.554
202604052006,   0.797,9999.000,9999.000,9999.000,9999.000,9999.000,9999.000,9999.000,9999.000
202604052012,   0.761,9999.000,9999.000,9999.000,9999.000,9999.000,9999.000,9999.000,9999.000
202604052018,   0.727,9999.000,9999.000,9999.000,9999.000,9999.000,9999.000,9999.000,9999.000
202604052024,   0.697,9999.000,9999.000,9999.000,9999.000,9999.000,9999.000,9999.000,9999.000
202604052030,   0.670,9999.000,9999.000,9999.000,9999.000,9999.000,9999.000,9999.000,9999.000
202604052036,   0.647,9999.000,9999.000,9999.000,9999.000,9999.000,9999.000,9999.000,9999.000
202604052042,   0.628,9999.000,9999.000,9999.000,9999.000,9999.000,9999.000,9999.000,9999.000
202604052048,   0.613,9999.000,9999.000,9999.000,9999.000,9999.000,9999.000,9999.000,9999.000
202604052054,   0.602,9999.000,9999.000,9999.000,9999.000,9999.000,9999.000,9999.000,9999.000
202604052100,   0.596,9999.000,   0.100,   0.394,   1.090,   0.000,   0.990,   0.300,   1.290
202604052106,   0.595,9999.000,9999.000,9999.000,9999.000,9999.000,9999.000,9999.000,9999.000
202604052112,   0.599,9999.000,9999.000,9999.000,9999.000,9999.000,9999.000,9999.000,9999.000
202604052118,   0.609,9999.000,9999.000,9999.000,9999.000,9999.000,9999.000,9999.000,9999.000
202604052124,   0.625,9999.000,9999.000,9999.000,9999.000,9999.000,9999.000,9999.000,9999.000
202604052130,   0.648,9999.000,9999.000,9999.000,9999.000,9999.000,9999.000,9999.000,9999.000
202604052136,   0.677,9999.000,9999.000,9999.000,9999.000,9999.000,9999.000,9999.000,9999.000
202604052142,   0.714,9999.000,9999.000,9999.000,9999.000,9999.000,9999.000,9999.000,9999.000
202604052148,   0.757,9999.000,9999.000,9999.000,9999.000,9999.000,9999.000,9999.000,9999.000
202604052154,   0.808,9999.000,9999.000,9999.000,9999.000,9999.000,9999.000,9999.000,9999.000
202604052200,   0.867,9999.000,   0.100,   0.371,   1.338,   0.000,   1.238,   0.200,   1.438
202604052206,   0.934,9999.000,9999.000,9999.000,9999.000,9999.000,9999.000,9999.000,9999.000
202604052212,   1.009,9999.000,9999.000,9999.000,9999.000,9999.000,9999.000,9999.000,9999.000
202604052218,   1.091,9999.000,9999.000,9999.000,9999.000,9999.000,9999.000,9999.000,9999.000
202604052224,   1.182,9999.000,9999.000,9999.000,9999.000,9999.000,9999.000,9999.000,9999.000
202604052230,   1.279,9999.000,9999.000,9999.000,9999.000,9999.000,9999.000,9999.000,9999.000
202604052236,   1.384,9999.000,9999.000,9999.000,9999.000,9999.000,9999.000,9999.000,9999.000
202604052242,   1.497,9999.000,9999.000,9999.000,9999.000,9999.000,9999.000,9999.000,9999.000
202604052248,   1.615,9999.000,9999.000,9999.000,9999.000,9999.000,9999.000,9999.000,9999.000
202604052254,   1.740,9999.000,9999.000,9999.000,9999.000,9999.000,9999.000,9999.000,9999.000
202604052300,   1.870,9999.000,   0.100,   0.348,   2.318,   0.000,   2.218,   0.200,   2.418
202604052306,   2.005,9999.000,9999.000,9999.000,9999.000,9999.000,9999.000,9999.000,9999.000
202604052312,   2.144,9999.000,9999.000,9999.000,9999.000,9999.000,9999.000,9999.000,9999.000
202604052318,   2.286,9999.000,9999.000,9999.000,9999.000,9999.000,9999.000,9999.000,9999.000
202604052324,   2.430,9999.000,9999.000,9999.000,9999.000,9999.000,9999.000,9999.000,9999.000
202604052330,   2.577,9999.000,9999.000,9999.000,9999.000,9999.000,9999.000,9999.000,9999.000
202604052336,   2.724,9999.000,9999.000,9999.000,9999.000,9999.000,9999.000,9999.000,9999.000
202604052342,   2.872,9999.000,9999.000,9999.000,9999.000,9999.000,9999.000,9999.000,9999.000
202604052348,   3.018,9999.000,9999.000,9999.000,9999.000,9999.000,9999.000,9999.000,9999.000
202604052354,   3.164,9999.000,9999.000,9999.000,9999.000,9999.000,9999.000,9999.000,9999.000
202604060000,   3.307,9999.000,   0.100,   0.325,   3.732,   0.000,   3.632,   0.200,   3.832
202604060006,   3.447,9999.000,9999.000,9999.000,9999.000,9999.000,9999.000,9999.000,9999.000
202604060012,   3.584,9999.000,9999.000,9999.000,9999.000,9999.000,9999.000,9999.000,9999.000
202604060018,   3.717,9999.000,9999.000,9999.000,9999.000,9999.000,9999.000,9999.000,9999.000
202604060024,   3.846,9999.000,9999.000,9999.000,9999.000,9999.000,9999.000,9999.000,9999.000
202604060030,   3.970,9999.000,9999.000,9999.000,9999.000,9999.000,9999.000,9999.000,9999.000
202604060036,   4.089,9999.000,9999.000,9999.000,9999.000,9999.000,9999.000,9999.000,9999.000
202604060042,   4.202,9999.000,9999.000,9999.000,9999.000,9999.000,9999.000,9999.000,9999.000
202604060048,   4.310,9999.000,9999.000,9999.000,9999.000,9999.000,9999.000,9999.000,9999.000
202604060054,   4.413,9999.000,9999.000,9999.000,9999.000,9999.000,9999.000,9999.000,9999.000
202604060100,   4.510,9999.000,   0.100,   0.302,   4.912,   0.000,   4.812,   0.200,   5.012
202604060106,   4.602,9999.000,9999.000,9999.000,9999.000,9999.000,9999.000,9999.000,9999.000
202604060112,   4.689,9999.000,9999.000,9999.000,9999.000,9999.000,9999.000,9999.000,9999.000
202604060118,   4.771,9999.000,9999.000,9999.000,9999.000,9999.000,9999.000,9999.000,9999.000
202604060124,   4.847,9999.000,9999.000,9999.000,9999.000,9999.000,9999.000,9999.000,9999.000
202604060130,   4.919,9999.000,9999.000,9999.000,9999.000,9999.000,9999.000,9999.000,9999.000
202604060136,   4.986,9999.000,9999.000,9999.000,9999.000,9999.000,9999.000,9999.000,9999.000
202604060142,   5.049,9999.000,9999.000,9999.000,9999.000,9999.000,9999.000,9999.000,9999.000
202604060148,   5.107,9999.000,9999.000,9999.000,9999.000,9999.000,9999.000,9999.000,9999.000
202604060154,   5.162,9999.000,9999.000,9999.000,9999.000,9999.000,9999.000,9999.000,9999.000
202604060200,   5.212,9999.000,   0.000,   0.278,   5.490,   0.000,   5.490,   0.200,   5.690
202604060206,   5.259,9999.000,9999.000,9999.000,9999.000,9999.000,9999.000,9999.000,9999.000
202604060212,   5.301,9999.000,9999.000,9999.000,9999.000,9999.000,9999.000,9999.000,9999.000
202604060218,   5.340,9999.000,9999.000,9999.000,9999.000,9999.000,9999.000,9999.000,9999.000
202604060224,   5.375,9999.000,9999.000,9999.000,9999.000,9999.000,9999.000,9999.000,9999.000
202604060230,   5.406,9999.000,9999.000,9999.000,9999.000,9999.000,9999.000,9999.000,9999.000
202604060236,   5.432,9999.000,9999.000,9999.000,9999.000,9999.000,9999.000,9999.000,9999.000
202604060242,   5.455,9999.000,9999.000,9999.000,9999.000,9999.000,9999.000,9999.000,9999.000
202604060248,   5.472,9999.000,9999.000,9999.000,9999.000,9999.000,9999.000,9999.000,9999.000
202604060254,   5.485,9999.000,9999.000,9999.000,9999.000,9999.000,9999.000,9999.000,9999.000
202604060300,   5.493,9999.000,   0.000,   0.255,   5.748,  -0.100,   5.648,   0.200,   5.948
202604060306,   5.496,9999.000,9999.000,9999.000,9999.000,9999.000,9999.000,9999.000,9999.000
202604060312,   5.493,9999.000,9999.000,9999.000,9999.000,9999.000,9999.000,9999.000,9999.000
202604060318,   5.484,9999.000,9999.000,9999.000,9999.000,9999.000,9999.000,9999.000,9999.000
202604060324,   5.469,9999.000,9999.000,9999.000,9999.000,9999.000,9999.000,9999.000,9999.000
202604060330,   5.448,9999.000,9999.000,9999.000,9999.000,9999.000,9999.000,9999.000,9999.000
202604060336,   5.420,9999.000,9999.000,9999.000,9999.000,9999.000,9999.000,9999.000,9999.000
202604060342,   5.387,9999.000,9999.000,9999.000,9999.000,9999.000,9999.000,9999.000,9999.000
202604060348,   5.346,9999.000,9999.000,9999.000,9999.000,9999.000,9999.000,9999.000,9999.000
202604060354,   5.299,9999.000,9999.000,9999.000,9999.000,9999.000,9999.000,9999.000,9999.000
202604060400,   5.245,9999.000,   0.000,   0.232,   5.477,  -0.100,   5.377,   0.200,   5.677
202604060406,   5.185,9999.000,9999.000,9999.000,9999.000,9999.000,9999.000,9999.000,9999.000
202604060412,   5.119,9999.000,9999.000,9999.000,9999.000,9999.000,9999.000,9999.000,9999.000
202604060418,   5.046,9999.000,9999.000,9999.000,9999.000,9999.000,9999.000,9999.000,9999.000
202604060424,   4.968,9999.000,9999.000,9999.000,9999.000,9999.000,9999.000,9999.000,9999.000
202604060430,   4.884,9999.000,9999.000,9999.000,9999.000,9999.000,9999.000,9999.000,9999.000
202604060436,   4.794,9999.000,9999.000,9999.000,9999.000,9999.000,9999.000,9999.000,9999.000
202604060442,   4.700,9999.000,9999.000,9999.000,9999.000,9999.000,9999.000,9999.000,9999.000
202604060448,   4.601,9999.000,9999.000,9999.000,9999.000,9999.000,9999.000,9999.000,9999.000
202604060454,   4.498,9999.000,9999.000,9999.000,9999.000,9999.000,9999.000,9999.000,9999.000
202604060500,   4.391,9999.000,   0.000,   0.209,   4.600,  -0.200,   4.400,   0.100,   4.700
202604060506,   4.281,9999.000,9999.000,9999.000,9999.000,9999.000,9999.000,9999.000,9999.000
202604060512,   4.168,9999.000,9999.000,9999.000,9999.000,9999.000,9999.000,9999.000,9999.000
202604060518,   4.054,9999.000,9999.000,9999.000,9999.000,9999.000,9999.000,9999.000,9999.000
202604060524,   3.937,9999.000,9999.000,9999.000,9999.000,9999.000,9999.000,9999.000,9999.000
202604060530,   3.819,9999.000,9999.000,9999.000,9999.000,9999.000,9999.000,9999.000,9999.000
202604060536,   3.700,9999.000,9999.000,9999.000,9999.000,9999.000,9999.000,9999.000,9999.000
202604060542,   3.580,9999.000,9999.000,9999.000,9999.000,9999.000,9999.000,9999.000,9999.000
202604060548,   3.461,9999.000,9999.000,9999.000,9999.000,9999.000,9999.000,9999.000,9999.000
202604060554,   3.341,9999.000,9999.000,9999.000,9999.000,9999.000,9999.000,9999.000,9999.000
202604060600,   3.223,9999.000,  -0.100,   0.209,   3.332,  -0.200,   3.232,   0.000,   3.432
202604060606,   3.105,9999.000,9999.000,9999.000,9999.000,9999.000,9999.000,9999.000,9999.000
202604060612,   2.988,9999.000,9999.000,9999.000,9999.000,9999.000,9999.000,9999.000,9999.000
202604060618,   2.873,9999.000,9999.000,9999.000,9999.000,9999.000,9999.000,9999.000,9999.000
202604060624,   2.760,9999.000,9999.000,9999.000,9999.000,9999.000,9999.000,9999.000,9999.000
202604060630,   2.649,9999.000,9999.000,9999.000,9999.000,9999.000,9999.000,9999.000,9999.000
202604060636,   2.540,9999.000,9999.000,9999.000,9999.000,9999.000,9999.000,9999.000,9999.000
202604060642,   2.434,9999.000,9999.000,9999.000,9999.000,9999.000,9999.000,9999.000,9999.000
202604060648,   2.330,9999.000,9999.000,9999.000,9999.000,9999.000,9999.000,9999.000,9999.000
202604060654,   2.228,9999.000,9999.000,9999.000,9999.000,9999.000,9999.000,9999.000,9999.000
202604060700,   2.129,9999.000,  -0.200,   0.209,   2.138,  -0.300,   2.038,   0.000,   2.338
202604060706,   2.034,9999.000,9999.000,9999.000,9999.000,9999.000,9999.000,9999.000,9999.000
202604060712,   1.941,9999.000,9999.000,9999.000,9999.000,9999.000,9999.000,9999.000,9999.000
202604060718,   1.850,9999.000,9999.000,9999.000,9999.000,9999.000,9999.000,9999.000,9999.000
202604060724,   1.763,9999.000,9999.000,9999.000,9999.000,9999.000,9999.000,9999.000,9999.000
202604060730,   1.679,9999.000,9999.000,9999.000,9999.000,9999.000,9999.000,9999.000,9999.000
202604060736,   1.598,9999.000,9999.000,9999.000,9999.000,9999.000,9999.000,9999.000,9999.000
202604060742,   1.520,9999.000,9999.000,9999.000,9999.000,9999.000,9999.000,9999.000,9999.000
202604060748,   1.444,9999.000,9999.000,9999.000,9999.000,9999.000,9999.000,9999.000,9999.000
202604060754,   1.372,9999.000,9999.000,9999.000,9999.000,9999.000,9999.000,9999.000,9999.000
202604060800,   1.302,9999.000,  -0.200,   0.209,   1.311,  -0.300,   1.211,   0.000,   1.511
202604060806,   1.236,9999.000,9999.000,9999.000,9999.000,9999.000,9999.000,9999.000,9999.000
202604060812,   1.172,9999.000,9999.000,9999.000,9999.000,9999.000,9999.000,9999.000,9999.000
202604060818,   1.111,9999.000,9999.000,9999.000,9999.000,9999.000,9999.000,9999.000,9999.000
202604060824,   1.053,9999.000,9999.000,9999.000,9999.000,9999.000,9999.000,9999.000,9999.000
202604060830,   0.998,9999.000,9999.000,9999.000,9999.000,9999.000,9999.000,9999.000,9999.000
202604060836,   0.946,9999.000,9999.000,9999.000,9999.000,9999.000,9999.000,9999.000,9999.000
202604060842,   0.897,9999.000,9999.000,9999.000,9999.000,9999.000,9999.000,9999.000,9999.000
202604060848,   0.851,9999.000,9999.000,9999.000,9999.000,9999.000,9999.000,9999.000,9999.000
202604060854,   0.808,9999.000,9999.000,9999.000,9999.000,9999.000,9999.000,9999.000,9999.000
202604060900,   0.769,9999.000,  -0.100,   0.209,   0.878,  -0.300,   0.678,   0.000,   0.978
202604060906,   0.733,9999.000,9999.000,9999.000,9999.000,9999.000,9999.000,9999.000,9999.000
202604060912,   0.702,9999.000,9999.000,9999.000,9999.000,9999.000,9999.000,9999.000,9999.000
202604060918,   0.674,9999.000,9999.000,9999.000,9999.000,9999.000,9999.000,9999.000,9999.000
202604060924,   0.650,9999.000,9999.000,9999.000,9999.000,9999.000,9999.000,9999.000,9999.000
202604060930,   0.632,9999.000,9999.000,9999.000,9999.000,9999.000,9999.000,9999.000,9999.000
202604060936,   0.618,9999.000,9999.000,9999.000,9999.000,9999.000,9999.000,9999.000,9999.000
202604060942,   0.609,9999.000,9999.000,9999.000,9999.000,9999.000,9999.000,9999.000,9999.000
202604060948,   0.607,9999.000,9999.000,9999.000,9999.000,9999.000,9999.000,9999.000,9999.000
202604060954,   0.610,9999.000,9999.000,9999.000,9999.000,9999.000,9999.000,9999.000,9999.000
202604061000,   0.619,9999.000,  -0.100,   0.209,   0.728,  -0.200,   0.628,   0.000,   0.828
202604061006,   0.635,9999.000,9999.000,9999.000,9999.000,9999.000,9999.000,9999.000,9999.000
202604061012,   0.658,9999.000,9999.000,9999.000,9999.000,9999.000,9999.000,9999.000,9999.000
202604061018,   0.688,9999.000,9999.000,9999.000,9999.000,9999.000,9999.000,9999.000,9999.000
202604061024,   0.725,9999.000,9999.000,9999.000,9999.000,9999.000,9999.000,9999.000,9999.000
202604061030,   0.770,9999.000,9999.000,9999.000,9999.000,9999.000,9999.000,9999.000,9999.000
202604061036,   0.822,9999.000,9999.000,9999.000,9999.000,9999.000,9999.000,9999.000,9999.000
202604061042,   0.882,9999.000,9999.000,9999.000,9999.000,9999.000,9999.000,9999.000,9999.000
202604061048,   0.949,9999.000,9999.000,9999.000,9999.000,9999.000,9999.000,9999.000,9999.000
202604061054,   1.023,9999.000,9999.000,9999.000,9999.000,9999.000,9999.000,9999.000,9999.000
202604061100,   1.105,9999.000,  -0.100,   0.209,   1.214,  -0.200,   1.114,   0.000,   1.314
202604061106,   1.193,9999.000,9999.000,9999.000,9999.000,9999.000,9999.000,9999.000,9999.000
202604061112,   1.287,9999.000,9999.000,9999.000,9999.000,9999.000,9999.000,9999.000,9999.000
202604061118,   1.388,9999.000,9999.000,9999.000,9999.000,9999.000,9999.000,9999.000,9999.000
202604061124,   1.493,9999.000,9999.000,9999.000,9999.000,9999.000,9999.000,9999.000,9999.000
202604061130,   1.603,9999.000,9999.000,9999.000,9999.000,9999.000,9999.000,9999.000,9999.000
202604061136,   1.717,9999.000,9999.000,9999.000,9999.000,9999.000,9999.000,9999.000,9999.000
202604061142,   1.835,9999.000,9999.000,9999.000,9999.000,9999.000,9999.000,9999.000,9999.000
202604061148,   1.955,9999.000,9999.000,9999.000,9999.000,9999.000,9999.000,9999.000,9999.000
202604061154,   2.077,9999.000,9999.000,9999.000,9999.000,9999.000,9999.000,9999.000,9999.000
202604061200,   2.199,9999.000,  -0.100,   0.209,   2.308,  -0.300,   2.108,   0.000,   2.408
202604061206,   2.323,9999.000,9999.000,9999.000,9999.000,9999.000,9999.000,9999.000,9999.000
202604061212,   2.445,9999.000,9999.000,9999.000,9999.000,9999.000,9999.000,9999.000,9999.000
202604061218,   2.567,9999.000,9999.000,9999.000,9999.000,9999.000,9999.000,9999.000,9999.000
202604061224,   2.686,9999.000,9999.000,9999.000,9999.000,9999.000,9999.000,9999.000,9999.000
202604061230,   2.803,9999.000,9999.000,9999.000,9999.000,9999.000,9999.000,9999.000,9999.000
202604061236,   2.917,9999.000,9999.000,9999.000,9999.000,9999.000,9999.000,9999.000,9999.000
202604061242,   3.027,9999.000,9999.000,9999.000,9999.000,9999.000,9999.000,9999.000,9999.000
202604061248,   3.134,9999.000,9999.000,9999.000,9999.000,9999.000,9999.000,9999.000,9999.000
202604061254,   3.236,9999.000,9999.000,9999.000,9999.000,9999.000,9999.000,9999.000,9999.000
202604061300,   3.333,9999.000,  -0.100,   0.209,   3.442,  -0.300,   3.242,   0.000,   3.542
202604061306,   3.426,9999.000,9999.000,9999.000,9999.000,9999.000,9999.000,9999.000,9999.000
202604061312,   3.514,9999.000,9999.000,9999.000,9999.000,9999.000,9999.000,9999.000,9999.000
202604061318,   3.597,9999.000,9999.000,9999.000,9999.000,9999.000,9999.000,9999.000,9999.000
202604061324,   3.675,9999.000,9999.000,9999.000,9999.000,9999.000,9999.000,9999.000,9999.000
202604061330,   3.749,9999.000,9999.000,9999.000,9999.000,9999.000,9999.000,9999.000,9999.000
202604061336,   3.818,9999.000,9999.000,9999.000,9999.000,9999.000,9999.000,9999.000,9999.000
202604061342,   3.882,9999.000,9999.000,9999.000,9999.000,9999.000,9999.000,9999.000,9999.000
202604061348,   3.942,9999.000,9999.000,9999.000,9999.000,9999.000,9999.000,9999.000,9999.000
202604061354,   3.999,9999.000,9999.000,9999.000,9999.000,9999.000,9999.000,9999.000,9999.000
202604061400,   4.051,9999.000,  -0.100,   0.209,   4.160,  -0.300,   3.960,   0.000,   4.260
202604061406,   4.100,9999.000,9999.000,9999.000,9999.000,9999.000,9999.000,9999.000,9999.000
202604061412,   4.146,9999.000,9999.000,9999.000,9999.000,9999.000,9999.000,9999.000,9999.000
202604061418,   4.188,9999.000,9999.000,9999.000,9999.000,9999.000,9999.000,9999.000,9999.000
202604061424,   4.227,9999.000,9999.000,9999.000,9999.000,9999.000,9999.000,9999.000,9999.000
202604061430,   4.264,9999.000,9999.000,9999.000,9999.000,9999.000,9999.000,9999.000,9999.000
202604061436,   4.297,9999.000,9999.000,9999.000,9999.000,9999.000,9999.000,9999.000,9999.000
202604061442,   4.328,9999.000,9999.000,9999.000,9999.000,9999.000,9999.000,9999.000,9999.000
202604061448,   4.355,9999.000,9999.000,9999.000,9999.000,9999.000,9999.000,9999.000,9999.000
202604061454,   4.380,9999.000,9999.000,9999.000,9999.000,9999.000,9999.000,9999.000,9999.000
202604061500,   4.401,9999.000,  -0.100,   0.209,   4.510,  -0.300,   4.310,   0.000,   4.610
202604061506,   4.419,9999.000,9999.000,9999.000,9999.000,9999.000,9999.000,9999.000,9999.000
202604061512,   4.433,9999.000,9999.000,9999.000,9999.000,9999.000,9999.000,9999.000,9999.000
202604061518,   4.443,9999.000,9999.000,9999.000,9999.000,9999.000,9999.000,9999.000,9999.000
202604061524,   4.450,9999.000,9999.000,9999.000,9999.000,9999.000,9999.000,9999.000,9999.000
202604061530,   4.452,9999.000,9999.000,9999.000,9999.000,9999.000,9999.000,9999.000,9999.000
202604061536,   4.449,9999.000,9999.000,9999.000,9999.000,9999.000,9999.000,9999.000,9999.000
202604061542,   4.441,9999.000,9999.000,9999.000,9999.000,9999.000,9999.000,9999.000,9999.000
202604061548,   4.429,9999.000,9999.000,9999.000,9999.000,9999.000,9999.000,9999.000,9999.000
202604061554,   4.410,9999.000,9999.000,9999.000,9999.000,9999.000,9999.000,9999.000,9999.000
202604061600,   4.387,9999.000,  -0.100,   0.209,   4.496,  -0.200,   4.396,   0.000,   4.596
202604061606,   4.357,9999.000,9999.000,9999.000,9999.000,9999.000,9999.000,9999.000,9999.000
202604061612,   4.322,9999.000,9999.000,9999.000,9999.000,9999.000,9999.000,9999.000,9999.000
202604061618,   4.281,9999.000,9999.000,9999.000,9999.000,9999.000,9999.000,9999.000,9999.000
202604061624,   4.233,9999.000,9999.000,9999.000,9999.000,9999.000,9999.000,9999.000,9999.000
202604061630,   4.181,9999.000,9999.000,9999.000,9999.000,9999.000,9999.000,9999.000,9999.000
202604061636,   4.122,9999.000,9999.000,9999.000,9999.000,9999.000,9999.000,9999.000,9999.000
202604061642,   4.058,9999.000,9999.000,9999.000,9999.000,9999.000,9999.000,9999.000,9999.000
202604061648,   3.988,9999.000,9999.000,9999.000,9999.000,9999.000,9999.000,9999.000,9999.000
202604061654,   3.913,9999.000,9999.000,9999.000,9999.000,9999.000,9999.000,9999.000,9999.000
202604061700,   3.834,9999.000,  -0.100,   0.209,   3.943,  -0.200,   3.843,   0.000,   4.043
202604061706,   3.750,9999.000,9999.000,9999.000,9999.000,9999.000,9999.000,9999.000,9999.000
202604061712,   3.663,9999.000,9999.000,9999.000,9999.000,9999.000,9999.000,9999.000,9999.000
202604061718,   3.572,9999.000,9999.000,9999.000,9999.000,9999.000,9999.000,9999.000,9999.000
202604061724,   3.477,9999.000,9999.000,9999.000,9999.000,9999.000,9999.000,9999.000,9999.000
202604061730,   3.380,9999.000,9999.000,9999.000,9999.000,9999.000,9999.000,9999.000,9999.000
202604061736,   3.281,9999.000,9999.000,9999.000,9999.000,9999.000,9999.000,9999.000,9999.000
202604061742,   3.180,9999.000,9999.000,9999.000,9999.000,9999.000,9999.000,9999.000,9999.000
202604061748,   3.079,9999.000,9999.000,9999.000,9999.000,9999.000,9999.000,9999.000,9999.000
202604061754,   2.976,9999.000,9999.000,9999.000,9999.000,9999.000,9999.000,9999.000,9999.000
202604061800,   2.873,9999.000,   0.000,   0.209,   3.082,  -0.200,   2.882,   0.100,   3.182
202604061806,   2.770,9999.000,9999.000,9999.000,9999.000,9999.000,9999.000,9999.000,9999.000
202604061812,   2.668,9999.000,9999.000,9999.000,9999.000,9999.000,9999.000,9999.000,9999.000
202604061818,   2.567,9999.000,9999.000,9999.000,9999.000,9999.000,9999.000,9999.000,9999.000
202604061824,   2.467,9999.000,9999.000,9999.000,9999.000,9999.000,9999.000,9999.000,9999.000
202604061830,   2.369,9999.000,9999.000,9999.000,9999.000,9999.000,9999.000,9999.000,9999.000
202604061836,   2.273,9999.000,9999.000,9999.000,9999.000,9999.000,9999.000,9999.000,9999.000
202604061842,   2.179,9999.000,9999.000,9999.000,9999.000,9999.000,9999.000,9999.000,9999.000
202604061848,   2.087,9999.000,9999.000,9999.000,9999.000,9999.000,9999.000,9999.000,9999.000
202604061854,   1.999,9999.000,9999.000,9999.000,9999.000,9999.000,9999.000,9999.000,9999.000
202604061900,   1.913,9999.000,   0.000,   0.209,   2.122,  -0.200,   1.922,   0.100,   2.222
202604061906,   1.831,9999.000,9999.000,9999.000,9999.000,9999.000,9999.000,9999.000,9999.000
202604061912,   1.752,9999.000,9999.000,9999.000,9999.000,9999.000,9999.000,9999.000,9999.000
202604061918,   1.676,9999.000,9999.000,9999.000,9999.000,9999.000,9999.000,9999.000,9999.000
202604061924,   1.603,9999.000,9999.000,9999.000,9999.000,9999.000,9999.000,9999.000,9999.000
202604061930,   1.534,9999.000,9999.000,9999.000,9999.000,9999.000,9999.000,9999.000,9999.000
202604061936,   1.469,9999.000,9999.000,9999.000,9999.000,9999.000,9999.000,9999.000,9999.000
202604061942,   1.407,9999.000,9999.000,9999.000,9999.000,9999.000,9999.000,9999.000,9999.000
202604061948,   1.349,9999.000,9999.000,9999.000,9999.000,9999.000,9999.000,9999.000,9999.000
202604061954,   1.294,9999.000,9999.000,9999.000,9999.000,9999.000,9999.000,9999.000,9999.000
202604062000,   1.243,9999.000,   0.000,   0.209,   1.452,  -0.200,   1.252,   0.100,   1.552
202604062006,   1.195,9999.000,9999.000,9999.000,9999.000,9999.000,9999.000,9999.000,9999.000
202604062012,   1.150,9999.000,9999.000,9999.000,9999.000,9999.000,9999.000,9999.000,9999.000
202604062018,   1.109,9999.000,9999.000,9999.000,9999.000,9999.000,9999.000,9999.000,9999.000
202604062024,   1.071,9999.000,9999.000,9999.000,9999.000,9999.000,9999.000,9999.000,9999.000
202604062030,   1.036,9999.000,9999.000,9999.000,9999.000,9999.000,9999.000,9999.000,9999.000
202604062036,   1.005,9999.000,9999.000,9999.000,9999.000,9999.000,9999.000,9999.000,9999.000
202604062042,   0.976,9999.000,9999.000,9999.000,9999.000,9999.000,9999.000,9999.000,9999.000
202604062048,   0.950,9999.000,9999.000,9999.000,9999.000,9999.000,9999.000,9999.000,9999.000
202604062054,   0.927,9999.000,9999.000,9999.000,9999.000,9999.000,9999.000,9999.000,9999.000
202604062100,   0.908,9999.000,  -0.100,   0.209,   1.017,  -0.200,   0.917,   0.000,   1.117
202604062106,   0.891,9999.000,9999.000,9999.000,9999.000,9999.000,9999.000,9999.000,9999.000
202604062112,   0.877,9999.000,9999.000,9999.000,9999.000,9999.000,9999.000,9999.000,9999.000
202604062118,   0.866,9999.000,9999.000,9999.000,9999.000,9999.000,9999.000,9999.000,9999.000
202604062124,   0.858,9999.000,9999.000,9999.000,9999.000,9999.000,9999.000,9999.000,9999.000
202604062130,   0.854,9999.000,9999.000,9999.000,9999.000,9999.000,9999.000,9999.000,9999.000
202604062136,   0.853,9999.000,9999.000,9999.000,9999.000,9999.000,9999.000,9999.000,9999.000
202604062142,   0.855,9999.000,9999.000,9999.000,9999.000,9999.000,9999.000,9999.000,9999.000
202604062148,   0.862,9999.000,9999.000,9999.000,9999.000,9999.000,9999.000,9999.000,9999.000
202604062154,   0.873,9999.000,9999.000,9999.000,9999.000,9999.000,9999.000,9999.000,9999.000
202604062200,   0.888,9999.000,  -0.100,   0.209,   0.997,  -0.200,   0.897,   0.000,   1.097
202604062206,   0.907,9999.000,9999.000,9999.000,9999.000,9999.000,9999.000,9999.000,9999.000
202604062212,   0.932,9999.000,9999.000,9999.000,9999.000,9999.000,9999.000,9999.000,9999.000
202604062218,   0.962,9999.000,9999.000,9999.000,9999.000,9999.000,9999.000,9999.000,9999.000
202604062224,   0.998,9999.000,9999.000,9999.000,9999.000,9999.000,9999.000,9999.000,9999.000
202604062230,   1.039,9999.000,9999.000,9999.000,9999.000,9999.000,9999.000,9999.000,9999.000
202604062236,   1.087,9999.000,9999.000,9999.000,9999.000,9999.000,9999.000,9999.000,9999.000
202604062242,   1.141,9999.000,9999.000,9999.000,9999.000,9999.000,9999.000,9999.000,9999.000
202604062248,   1.201,9999.000,9999.000,9999.000,9999.000,9999.000,9999.000,9999.000,9999.000
202604062254,   1.268,9999.000,9999.000,9999.000,9999.000,9999.000,9999.000,9999.000,9999.000
202604062300,   1.341,9999.000,  -0.100,   0.209,   1.450,  -0.200,   1.350,   0.000,   1.550
202604062306,   1.422,9999.000,9999.000,9999.000,9999.000,9999.000,9999.000,9999.000,9999.000
202604062312,   1.509,9999.000,9999.000,9999.000,9999.000,9999.000,9999.000,9999.000,9999.000
202604062318,   1.602,9999.000,9999.000,9999.000,9999.000,9999.000,9999.000,9999.000,9999.000
202604062324,   1.702,9999.000,9999.000,9999.000,9999.000,9999.000,9999.000,9999.000,9999.000
202604062330,   1.807,9999.000,9999.000,9999.000,9999.000,9999.000,9999.000,9999.000,9999.000
202604062336,   1.919,9999.000,9999.000,9999.000,9999.000,9999.000,9999.000,9999.000,9999.000
202604062342,   2.035,9999.000,9999.000,9999.000,9999.000,9999.000,9999.000,9999.000,9999.000
202604062348,   2.156,9999.000,9999.000,9999.000,9999.000,9999.000,9999.000,9999.000,9999.000
202604062354,   2.281,9999.000,9999.000,9999.000,9999.000,9999.000,9999.000,9999.000,9999.000
202604070000,   2.409,9999.000,  -0.100,   0.209,   2.518,  -0.200,   2.418,   0.000,   2.618
202604070006,   2.540,9999.000,9999.000,9999.000,9999.000,9999.000,9999.000,9999.000,9999.000
202604070012,   2.672,9999.000,9999.000,9999.000,9999.000,9999.000,9999.000,9999.000,9999.000
202604070018,   2.806,9999.000,9999.000,9999.000,9999.000,9999.000,9999.000,9999.000,9999.000
202604070024,   2.941,9999.000,9999.000,9999.000,9999.000,9999.000,9999.000,9999.000,9999.000
202604070030,   3.075,9999.000,9999.000,9999.000,9999.000,9999.000,9999.000,9999.000,9999.000
202604070036,   3.208,9999.000,9999.000,9999.000,9999.000,9999.000,9999.000,9999.000,9999.000
202604070042,   3.340,9999.000,9999.000,9999.000,9999.000,9999.000,9999.000,9999.000,9999.000
202604070048,   3.469,9999.000,9999.000,9999.000,9999.000,9999.000,9999.000,9999.000,9999.000
202604070054,   3.595,9999.000,9999.000,9999.000,9999.000,9999.000,9999.000,9999.000,9999.000
202604070100,   3.718,9999.000,  -0.100,   0.209,   3.827,  -0.200,   3.727,   0.100,   4.027
202604070106,   3.836,9999.000,9999.000,9999.000,9999.000,9999.000,9999.000,9999.000,9999.000
202604070112,   3.950,9999.000,9999.000,9999.000,9999.000,9999.000,9999.000,9999.000,9999.000
202604070118,   4.060,9999.000,9999.000,9999.000,9999.000,9999.000,9999.000,9999.000,9999.000
202604070124,   4.165,9999.000,9999.000,9999.000,9999.000,9999.000,9999.000,9999.000,9999.000
202604070130,   4.264,9999.000,9999.000,9999.000,9999.000,9999.000,9999.000,9999.000,9999.000
202604070136,   4.358,9999.000,9999.000,9999.000,9999.000,9999.000,9999.000,9999.000,9999.000
202604070142,   4.447,9999.000,9999.000,9999.000,9999.000,9999.000,9999.000,9999.000,9999.000
202604070148,   4.531,9999.000,9999.000,9999.000,9999.000,9999.000,9999.000,9999.000,9999.000
202604070154,   4.610,9999.000,9999.000,9999.000,9999.000,9999.000,9999.000,9999.000,9999.000
202604070200,   4.684,9999.000,  -0.100,   0.209,   4.793,  -0.200,   4.693,   0.100,   4.993
202604070206,   4.753,9999.000,9999.000,9999.000,9999.000,9999.000,9999.000,9999.000,9999.000
202604070212,   4.817,9999.000,9999.000,9999.000,9999.000,9999.000,9999.000,9999.000,9999.000
202604070218,   4.877,9999.000,9999.000,9999.000,9999.000,9999.000,9999.000,9999.000,9999.000
202604070224,   4.933,9999.000,9999.000,9999.000,9999.000,9999.000,9999.000,9999.000,9999.000
202604070230,   4.985,9999.000,9999.000,9999.000,9999.000,9999.000,9999.000,9999.000,9999.000
202604070236,   5.034,9999.000,9999.000,9999.000,9999.000,9999.000,9999.000,9999.000,9999.000
202604070242,   5.079,9999.000,9999.000,9999.000,9999.000,9999.000,9999.000,9999.000,9999.000
202604070248,   5.120,9999.000,9999.000,9999.000,9999.000,9999.000,9999.000,9999.000,9999.000
202604070254,   5.159,9999.000,9999.000,9999.000,9999.000,9999.000,9999.000,9999.000,9999.000
202604070300,   5.194,9999.000,  -0.100,   0.209,   5.303,  -0.200,   5.203,   0.000,   5.403
202604070306,   5.225,9999.000,9999.000,9999.000,9999.000,9999.000,9999.000,9999.000,9999.000
202604070312,   5.254,9999.000,9999.000,9999.000,9999.000,9999.000,9999.000,9999.000,9999.000
202604070318,   5.279,9999.000,9999.000,9999.000,9999.000,9999.000,9999.000,9999.000,9999.000
202604070324,   5.300,9999.000,9999.000,9999.000,9999.000,9999.000,9999.000,9999.000,9999.000
202604070330,   5.318,9999.000,9999.000,9999.000,9999.000,9999.000,9999.000,9999.000,9999.000
202604070336,   5.331,9999.000,9999.000,9999.000,9999.000,9999.000,9999.000,9999.000,9999.000
202604070342,   5.341,9999.000,9999.000,9999.000,9999.000,9999.000,9999.000,9999.000,9999.000
202604070348,   5.346,9999.000,9999.000,9999.000,9999.000,9999.000,9999.000,9999.000,9999.000
202604070354,   5.346,9999.000,9999.000,9999.000,9999.000,9999.000,9999.000,9999.000,9999.000
202604070400,   5.340,9999.000,  -0.100,   0.209,   5.449,  -0.300,   5.249,   0.000,   5.549
202604070406,   5.330,9999.000,9999.000,9999.000,9999.000,9999.000,9999.000,9999.000,9999.000
202604070412,   5.314,9999.000,9999.000,9999.000,9999.000,9999.000,9999.000,9999.000,9999.000
202604070418,   5.291,9999.000,9999.000,9999.000,9999.000,9999.000,9999.000,9999.000,9999.000
202604070424,   5.263,9999.000,9999.000,9999.000,9999.000,9999.000,9999.000,9999.000,9999.000
202604070430,   5.228,9999.000,9999.000,9999.000,9999.000,9999.000,9999.000,9999.000,9999.000
202604070436,   5.187,9999.000,9999.000,9999.000,9999.000,9999.000,9999.000,9999.000,9999.000
202604070442,   5.140,9999.000,9999.000,9999.000,9999.000,9999.000,9999.000,9999.000,9999.000
202604070448,   5.085,9999.000,9999.000,9999.000,9999.000,9999.000,9999.000,9999.000,9999.000
202604070454,   5.025,9999.000,9999.000,9999.000,9999.000,9999.000,9999.000,9999.000,9999.000
202604070500,   4.958,9999.000,  -0.100,   0.209,   5.067,  -0.300,   4.867,   0.000,   5.167
202604070506,   4.885,9999.000,9999.000,9999.000,9999.000,9999.000,9999.000,9999.000,9999.000
202604070512,   4.806,9999.000,9999.000,9999.000,9999.000,9999.000,9999.000,9999.000,9999.000
202604070518,   4.721,9999.000,9999.000,9999.000,9999.000,9999.000,9999.000,9999.000,9999.000
202604070524,   4.631,9999.000,9999.000,9999.000,9999.000,9999.000,9999.000,9999.000,9999.000
202604070530,   4.536,9999.000,9999.000,9999.000,9999.000,9999.000,9999.000,9999.000,9999.000
202604070536,   4.437,9999.000,9999.000,9999.000,9999.000,9999.000,9999.000,9999.000,9999.000
202604070542,   4.333,9999.000,9999.000,9999.000,9999.000,9999.000,9999.000,9999.000,9999.000
202604070548,   4.226,9999.000,9999.000,9999.000,9999.000,9999.000,9999.000,9999.000,9999.000
202604070554,   4.116,9999.000,9999.000,9999.000,9999.000,9999.000,9999.000,9999.000,9999.000
202604070600,   4.003,9999.000,  -0.100,   0.209,   4.112,  -0.300,   3.912,   0.000,   4.212
202604070606,   3.889,9999.000,9999.000,9999.000,9999.000,9999.000,9999.000,9999.000,9999.000
202604070612,   3.772,9999.000,9999.000,9999.000,9999.000,9999.000,9999.000,9999.000,9999.000
202604070618,   3.655,9999.000,9999.000,9999.000,9999.000,9999.000,9999.000,9999.000,9999.000
202604070624,   3.537,9999.000,9999.000,9999.000,9999.000,9999.000,9999.000,9999.000,9999.000
202604070630,   3.419,9999.000,9999.000,9999.000,9999.000,9999.000,9999.000,9999.000,9999.000
202604070636,   3.301,9999.000,9999.000,9999.000,9999.000,9999.000,9999.000,9999.000,9999.000
202604070642,   3.184,9999.000,9999.000,9999.000,9999.000,9999.000,9999.000,9999.000,9999.000
202604070648,   3.068,9999.000,9999.000,9999.000,9999.000,9999.000,9999.000,9999.000,9999.000
202604070654,   2.954,9999.000,9999.000,9999.000,9999.000,9999.000,9999.000,9999.000,9999.000
202604070700,   2.842,9999.000,  -0.100,   0.209,   2.951,  -0.200,   2.851,   0.000,   3.051
202604070706,   2.732,9999.000,9999.000,9999.000,9999.000,9999.000,9999.000,9999.000,9999.000
202604070712,   2.624,9999.000,9999.000,9999.000,9999.000,9999.000,9999.000,9999.000,9999.000
202604070718,   2.519,9999.000,9999.000,9999.000,9999.000,9999.000,9999.000,9999.000,9999.000
202604070724,   2.417,9999.000,9999.000,9999.000,9999.000,9999.000,9999.000,9999.000,9999.000
202604070730,   2.319,9999.000,9999.000,9999.000,9999.000,9999.000,9999.000,9999.000,9999.000
202604070736,   2.223,9999.000,9999.000,9999.000,9999.000,9999.000,9999.000,9999.000,9999.000
202604070742,   2.130,9999.000,9999.000,9999.000,9999.000,9999.000,9999.000,9999.000,9999.000
202604070748,   2.042,9999.000,9999.000,9999.000,9999.000,9999.000,9999.000,9999.000,9999.000
202604070754,   1.956,9999.000,9999.000,9999.000,9999.000,9999.000,9999.000,9999.000,9999.000
202604070800,   1.874,9999.000,   0.000,   0.209,   2.083,  -0.100,   1.983,   0.100,   2.183
202604070806,   1.796,9999.000,9999.000,9999.000,9999.000,9999.000,9999.000,9999.000,9999.000
202604070812,   1.721,9999.000,9999.000,9999.000,9999.000,9999.000,9999.000,9999.000,9999.000
202604070818,   1.649,9999.000,9999.000,9999.000,9999.000,9999.000,9999.000,9999.000,9999.000
202604070824,   1.581,9999.000,9999.000,9999.000,9999.000,9999.000,9999.000,9999.000,9999.000
202604070830,   1.516,9999.000,9999.000,9999.000,9999.000,9999.000,9999.000,9999.000,9999.000
202604070836,   1.454,9999.000,9999.000,9999.000,9999.000,9999.000,9999.000,9999.000,9999.000
202604070842,   1.396,9999.000,9999.000,9999.000,9999.000,9999.000,9999.000,9999.000,9999.000
202604070848,   1.341,9999.000,9999.000,9999.000,9999.000,9999.000,9999.000,9999.000,9999.000
202604070854,   1.288,9999.000,9999.000,9999.000,9999.000,9999.000,9999.000,9999.000,9999.000
202604070900,   1.239,9999.000,   0.000,   0.209,   1.448,  -0.100,   1.348,   0.100,   1.548
202604070906,   1.192,9999.000,9999.000,9999.000,9999.000,9999.000,9999.000,9999.000,9999.000
202604070912,   1.148,9999.000,9999.000,9999.000,9999.000,9999.000,9999.000,9999.000,9999.000
202604070918,   1.106,9999.000,9999.000,9999.000,9999.000,9999.000,9999.000,9999.000,9999.000
202604070924,   1.067,9999.000,9999.000,9999.000,9999.000,9999.000,9999.000,9999.000,9999.000
202604070930,   1.031,9999.000,9999.000,9999.000,9999.000,9999.000,9999.000,9999.000,9999.000
202604070936,   0.998,9999.000,9999.000,9999.000,9999.000,9999.000,9999.000,9999.000,9999.000
202604070942,   0.967,9999.000,9999.000,9999.000,9999.000,9999.000,9999.000,9999.000,9999.000
202604070948,   0.938,9999.000,9999.000,9999.000,9999.000,9999.000,9999.000,9999.000,9999.000
202604070954,   0.913,9999.000,9999.000,9999.000,9999.000,9999.000,9999.000,9999.000,9999.000
202604071000,   0.891,9999.000,   0.000,   0.209,   1.100,  -0.100,   1.000,   0.200,   1.300
202604071006,   0.872,9999.000,9999.000,9999.000,9999.000,9999.000,9999.000,9999.000,9999.000
202604071012,   0.856,9999.000,9999.000,9999.000,9999.000,9999.000,9999.000,9999.000,9999.000
202604071018,   0.844,9999.000,9999.000,9999.000,9999.000,9999.000,9999.000,9999.000,9999.000
202604071024,   0.836,9999.000,9999.000,9999.000,9999.000,9999.000,9999.000,9999.000,9999.000
202604071030,   0.832,9999.000,9999.000,9999.000,9999.000,9999.000,9999.000,9999.000,9999.000
202604071036,   0.833,9999.000,9999.000,9999.000,9999.000,9999.000,9999.000,9999.000,9999.000
202604071042,   0.839,9999.000,9999.000,9999.000,9999.000,9999.000,9999.000,9999.000,9999.000
202604071048,   0.849,9999.000,9999.000,9999.000,9999.000,9999.000,9999.000,9999.000,9999.000
202604071054,   0.865,9999.000,9999.000,9999.000,9999.000,9999.000,9999.000,9999.000,9999.000
202604071100,   0.887,9999.000,   0.000,   0.209,   1.096,  -0.100,   0.996,   0.200,   1.296
202604071106,   0.915,9999.000,9999.000,9999.000,9999.000,9999.000,9999.000,9999.000,9999.000
202604071112,   0.949,9999.000,9999.000,9999.000,9999.000,9999.000,9999.000,9999.000,9999.000
202604071118,   0.989,9999.000,9999.000,9999.000,9999.000,9999.000,9999.000,9999.000,9999.000
202604071124,   1.036,9999.000,9999.000,9999.000,9999.000,9999.000,9999.000,9999.000,9999.000
202604071130,   1.089,9999.000,9999.000,9999.000,9999.000,9999.000,9999.000,9999.000,9999.000
202604071136,   1.149,9999.000,9999.000,9999.000,9999.000,9999.000,9999.000,9999.000,9999.000
202604071142,   1.215,9999.000,9999.000,9999.000,9999.000,9999.000,9999.000,9999.000,9999.000
202604071148,   1.287,9999.000,9999.000,9999.000,9999.000,9999.000,9999.000,9999.000,9999.000
202604071154,   1.365,9999.000,9999.000,9999.000,9999.000,9999.000,9999.000,9999.000,9999.000
202604071200,   1.448,9999.000,   0.000,   0.209,   1.657,  -0.200,   1.457,   0.200,   1.857
202604071206,   1.537,9999.000,9999.000,9999.000,9999.000,9999.000,9999.000,9999.000,9999.000
202604071212,   1.631,9999.000,9999.000,9999.000,9999.000,9999.000,9999.000,9999.000,9999.000
202604071218,   1.729,9999.000,9999.000,9999.000,9999.000,9999.000,9999.000,9999.000,9999.000
202604071224,   1.830,9999.000,9999.000,9999.000,9999.000,9999.000,9999.000,9999.000,9999.000
202604071230,   1.934,9999.000,9999.000,9999.000,9999.000,9999.000,9999.000,9999.000,9999.000
202604071236,   2.041,9999.000,9999.000,9999.000,9999.000,9999.000,9999.000,9999.000,9999.000
202604071242,   2.149,9999.000,9999.000,9999.000,9999.000,9999.000,9999.000,9999.000,9999.000
202604071248,   2.259,9999.000,9999.000,9999.000,9999.000,9999.000,9999.000,9999.000,9999.000
202604071254,   2.368,9999.000,9999.000,9999.000,9999.000,9999.000,9999.000,9999.000,9999.000
202604071300,   2.477,9999.000,   0.000,   0.209,   2.686,  -0.100,   2.586,   0.200,   2.886
202604071306,   2.586,9999.000,9999.000,9999.000,9999.000,9999.000,9999.000,9999.000,9999.000
202604071312,   2.692,9999.000,9999.000,9999.000,9999.000,9999.000,9999.000,9999.000,9999.000
202604071318,   2.796,9999.000,9999.000,9999.000,9999.000,9999.000,9999.000,9999.000,9999.000
202604071324,   2.897,9999.000,9999.000,9999.000,9999.000,9999.000,9999.000,9999.000,9999.000
202604071330,   2.995,9999.000,9999.000,9999.000,9999.000,9999.000,9999.000,9999.000,9999.000
202604071336,   3.090,9999.000,9999.000,9999.000,9999.000,9999.000,9999.000,9999.000,9999.000
202604071342,   3.180,9999.000,9999.000,9999.000,9999.000,9999.000,9999.000,9999.000,9999.000
202604071348,   3.267,9999.000,9999.000,9999.000,9999.000,9999.000,9999.000,9999.000,9999.000
202604071354,   3.349,9999.000,9999.000,9999.000,9999.000,9999.000,9999.000,9999.000,9999.000
202604071400,   3.427,9999.000,   0.000,   0.209,   3.636,  -0.100,   3.536,   0.200,   3.836
202604071406,   3.500,9999.000,9999.000,9999.000,9999.000,9999.000,9999.000,9999.000,9999.000
202604071412,   3.569,9999.000,9999.000,9999.000,9999.000,9999.000,9999.000,9999.000,9999.000
202604071418,   3.634,9999.000,9999.000,9999.000,9999.000,9999.000,9999.000,9999.000,9999.000
202604071424,   3.695,9999.000,9999.000,9999.000,9999.000,9999.000,9999.000,9999.000,9999.000
202604071430,   3.753,9999.000,9999.000,9999.000,9999.000,9999.000,9999.000,9999.000,9999.000
202604071436,   3.806,9999.000,9999.000,9999.000,9999.000,9999.000,9999.000,9999.000,9999.000
202604071442,   3.856,9999.000,9999.000,9999.000,9999.000,9999.000,9999.000,9999.000,9999.000
202604071448,   3.903,9999.000,9999.000,9999.000,9999.000,9999.000,9999.000,9999.000,9999.000
202604071454,   3.947,9999.000,9999.000,9999.000,9999.000,9999.000,9999.000,9999.000,9999.000
202604071500,   3.988,9999.000,   0.000,   0.209,   4.197,  -0.100,   4.097,   0.200,   4.397
202604071506,   4.026,9999.000,9999.000,9999.000,9999.000,9999.000,9999.000,9999.000,9999.000
202604071512,   4.062,9999.000,9999.000,9999.000,9999.000,9999.000,9999.000,9999.000,9999.000
202604071518,   4.095,9999.000,9999.000,9999.000,9999.000,9999.000,9999.000,9999.000,9999.000
202604071524,   4.126,9999.000,9999.000,9999.000,9999.000,9999.000,9999.000,9999.000,9999.000
202604071530,   4.155,9999.000,9999.000,9999.000,9999.000,9999.000,9999.000,9999.000,9999.000
202604071536,   4.181,9999.000,9999.000,9999.000,9999.000,9999.000,9999.000,9999.000,9999.000
202604071542,   4.205,9999.000,9999.000,9999.000,9999.000,9999.000,9999.000,9999.000,9999.000
202604071548,   4.226,9999.000,9999.000,9999.000,9999.000,9999.000,9999.000,9999.000,9999.000
202604071554,   4.244,9999.000,9999.000,9999.000,9999.000,9999.000,9999.000,9999.000,9999.000
202604071600,   4.258,9999.000,   0.000,   0.209,   4.467,  -0.100,   4.367,   0.200,   4.667
202604071606,   4.269,9999.000,9999.000,9999.000,9999.000,9999.000,9999.000,9999.000,9999.000
202604071612,   4.277,9999.000,9999.000,9999.000,9999.000,9999.000,9999.000,9999.000,9999.000
202604071618,   4.280,9999.000,9999.000,9999.000,9999.000,9999.000,9999.000,9999.000,9999.000
202604071624,   4.279,9999.000,9999.000,9999.000,9999.000,9999.000,9999.000,9999.000,9999.000
202604071630,   4.273,9999.000,9999.000,9999.000,9999.000,9999.000,9999.000,9999.000,9999.000
202604071636,   4.262,9999.000,9999.000,9999.000,9999.000,9999.000,9999.000,9999.000,9999.000
202604071642,   4.246,9999.000,9999.000,9999.000,9999.000,9999.000,9999.000,9999.000,9999.000
202604071648,   4.224,9999.000,9999.000,9999.000,9999.000,9999.000,9999.000,9999.000,9999.000
202604071654,   4.197,9999.000,9999.000,9999.000,9999.000,9999.000,9999.000,9999.000,9999.000
202604071700,   4.164,9999.000,   0.000,   0.209,   4.373,  -0.100,   4.273,   0.100,   4.473
202604071706,   4.125,9999.000,9999.000,9999.000,9999.000,9999.000,9999.000,9999.000,9999.000
202604071712,   4.080,9999.000,9999.000,9999.000,9999.000,9999.000,9999.000,9999.000,9999.000
202604071718,   4.030,9999.000,9999.000,9999.000,9999.000,9999.000,9999.000,9999.000,9999.000
202604071724,   3.973,9999.000,9999.000,9999.000,9999.000,9999.000,9999.000,9999.000,9999.000
202604071730,   3.911,9999.000,9999.000,9999.000,9999.000,9999.000,9999.000,9999.000,9999.000
202604071736,   3.844,9999.000,9999.000,9999.000,9999.000,9999.000,9999.000,9999.000,9999.000
202604071742,   3.772,9999.000,9999.000,9999.000,9999.000,9999.000,9999.000,9999.000,9999.000
202604071748,   3.695,9999.000,9999.000,9999.000,9999.000,9999.000,9999.000,9999.000,9999.000
202604071754,   3.614,9999.000,9999.000,9999.000,9999.000,9999.000,9999.000,9999.000,9999.000
202604071800,   3.529,9999.000,   0.000,   0.209,   3.738,  -0.200,   3.538,   0.200,   3.938
202604071806,   3.440,9999.000,9999.000,9999.000,9999.000,9999.000,9999.000,9999.000,9999.000
202604071812,   3.349,9999.000,9999.000,9999.000,9999.000,9999.000,9999.000,9999.000,9999.000
202604071818,   3.255,9999.000,9999.000,9999.000,9999.000,9999.000,9999.000,9999.000,9999.000
202604071824,   3.159,9999.000,9999.000,9999.000,9999.000,9999.000,9999.000,9999.000,9999.000
202604071830,   3.062,9999.000,9999.000,9999.000,9999.000,9999.000,9999.000,9999.000,9999.000
202604071836,   2.965,9999.000,9999.000,9999.000,9999.000,9999.000,9999.000,9999.000,9999.000
202604071842,   2.866,9999.000,9999.000,9999.000,9999.000,9999.000,9999.000,9999.000,9999.000
202604071848,   2.768,9999.000,9999.000,9999.000,9999.000,9999.000,9999.000,9999.000,9999.000
202604071854,   2.671,9999.000,9999.000,9999.000,9999.000,9999.000,9999.000,9999.000,9999.000
202604071900,   2.575,9999.000,   0.000,   0.209,   2.784,  -0.200,   2.584,   0.200,   2.984
202604071906,   2.480,9999.000,9999.000,9999.000,9999.000,9999.000,9999.000,9999.000,9999.000
202604071912,   2.387,9999.000,9999.000,9999.000,9999.000,9999.000,9999.000,9999.000,9999.000
202604071918,   2.296,9999.000,9999.000,9999.000,9999.000,9999.000,9999.000,9999.000,9999.000
202604071924,   2.208,9999.000,9999.000,9999.000,9999.000,9999.000,9999.000,9999.000,9999.000
202604071930,   2.123,9999.000,9999.000,9999.000,9999.000,9999.000,9999.000,9999.000,9999.000
202604071936,   2.041,9999.000,9999.000,9999.000,9999.000,9999.000,9999.000,9999.000,9999.000
202604071942,   1.963,9999.000,9999.000,9999.000,9999.000,9999.000,9999.000,9999.000,9999.000
202604071948,   1.887,9999.000,9999.000,9999.000,9999.000,9999.000,9999.000,9999.000,9999.000
202604071954,   1.816,9999.000,9999.000,9999.000,9999.000,9999.000,9999.000,9999.000,9999.000
202604072000,   1.748,9999.000,   0.000,   0.209,   1.957,  -0.200,   1.757,   0.200,   2.157
202604072006,   1.685,9999.000,9999.000,9999.000,9999.000,9999.000,9999.000,9999.000,9999.000
202604072012,   1.625,9999.000,9999.000,9999.000,9999.000,9999.000,9999.000,9999.000,9999.000
202604072018,   1.569,9999.000,9999.000,9999.000,9999.000,9999.000,9999.000,9999.000,9999.000
202604072024,   1.516,9999.000,9999.000,9999.000,9999.000,9999.000,9999.000,9999.000,9999.000
202604072030,   1.468,9999.000,9999.000,9999.000,9999.000,9999.000,9999.000,9999.000,9999.000
202604072036,   1.424,9999.000,9999.000,9999.000,9999.000,9999.000,9999.000,9999.000,9999.000
202604072042,   1.383,9999.000,9999.000,9999.000,9999.000,9999.000,9999.000,9999.000,9999.000
202604072048,   1.345,9999.000,9999.000,9999.000,9999.000,9999.000,9999.000,9999.000,9999.000
202604072054,   1.312,9999.000,9999.000,9999.000,9999.000,9999.000,9999.000,9999.000,9999.000
202604072100,   1.281,9999.000,   0.000,   0.209,   1.490,  -0.200,   1.290,   0.200,   1.690
202604072106,   1.254,9999.000,9999.000,9999.000,9999.000,9999.000,9999.000,9999.000,9999.000
202604072112,   1.230,9999.000,9999.000,9999.000,9999.000,9999.000,9999.000,9999.000,9999.000
202604072118,   1.208,9999.000,9999.000,9999.000,9999.000,9999.000,9999.000,9999.000,9999.000
202604072124,   1.190,9999.000,9999.000,9999.000,9999.000,9999.000,9999.000,9999.000,9999.000
202604072130,   1.174,9999.000,9999.000,9999.000,9999.000,9999.000,9999.000,9999.000,9999.000
202604072136,   1.161,9999.000,9999.000,9999.000,9999.000,9999.000,9999.000,9999.000,9999.000
202604072142,   1.150,9999.000,9999.000,9999.000,9999.000,9999.000,9999.000,9999.000,9999.000
202604072148,   1.141,9999.000,9999.000,9999.000,9999.000,9999.000,9999.000,9999.000,9999.000
202604072154,   1.134,9999.000,9999.000,9999.000,9999.000,9999.000,9999.000,9999.000,9999.000
202604072200,   1.130,9999.000,   0.000,   0.209,   1.339,  -0.200,   1.139,   0.200,   1.539
202604072206,   1.128,9999.000,9999.000,9999.000,9999.000,9999.000,9999.000,9999.000,9999.000
202604072212,   1.128,9999.000,9999.000,9999.000,9999.000,9999.000,9999.000,9999.000,9999.000
202604072218,   1.131,9999.000,9999.000,9999.000,9999.000,9999.000,9999.000,9999.000,9999.000
202604072224,   1.136,9999.000,9999.000,9999.000,9999.000,9999.000,9999.000,9999.000,9999.000
202604072230,   1.144,9999.000,9999.000,9999.000,9999.000,9999.000,9999.000,9999.000,9999.000
202604072236,   1.154,9999.000,9999.000,9999.000,9999.000,9999.000,9999.000,9999.000,9999.000
202604072242,   1.168,9999.000,9999.000,9999.000,9999.000,9999.000,9999.000,9999.000,9999.000
202604072248,   1.184,9999.000,9999.000,9999.000,9999.000,9999.000,9999.000,9999.000,9999.000
202604072254,   1.205,9999.000,9999.000,9999.000,9999.000,9999.000,9999.000,9999.000,9999.000
202604072300,   1.229,9999.000,   0.000,   0.209,   1.438,  -0.300,   1.138,   0.200,   1.638
202604072306,   1.257,9999.000,9999.000,9999.000,9999.000,9999.000,9999.000,9999.000,9999.000
202604072312,   1.289,9999.000,9999.000,9999.000,9999.000,9999.000,9999.000,9999.000,9999.000
202604072318,   1.326,9999.000,9999.000,9999.000,9999.000,9999.000,9999.000,9999.000,9999.000
202604072324,   1.368,9999.000,9999.000,9999.000,9999.000,9999.000,9999.000,9999.000,9999.000
202604072330,   1.416,9999.000,9999.000,9999.000,9999.000,9999.000,9999.000,9999.000,9999.000
202604072336,   1.468,9999.000,9999.000,9999.000,9999.000,9999.000,9999.000,9999.000,9999.000
202604072342,   1.527,9999.000,9999.000,9999.000,9999.000,9999.000,9999.000,9999.000,9999.000
202604072348,   1.591,9999.000,9999.000,9999.000,9999.000,9999.000,9999.000,9999.000,9999.000
202604072354,   1.660,9999.000,9999.000,9999.000,9999.000,9999.000,9999.000,9999.000,9999.000
202604080000,   1.736,9999.000,   0.000,   0.209,   1.945,  -0.200,   1.745,   0.200,   2.145
202604080006,   1.817,9999.000,9999.000,9999.000,9999.000,9999.000,9999.000,9999.000,9999.000
202604080012,   1.904,9999.000,9999.000,9999.000,9999.000,9999.000,9999.000,9999.000,9999.000
202604080018,   1.996,9999.000,9999.000,9999.000,9999.000,9999.000,9999.000,9999.000,9999.000
202604080024,   2.094,9999.000,9999.000,9999.000,9999.000,9999.000,9999.000,9999.000,9999.000
202604080030,   2.195,9999.000,9999.000,9999.000,9999.000,9999.000,9999.000,9999.000,9999.000
202604080036,   2.302,9999.000,9999.000,9999.000,9999.000,9999.000,9999.000,9999.000,9999.000
202604080042,   2.412,9999.000,9999.000,9999.000,9999.000,9999.000,9999.000,9999.000,9999.000
202604080048,   2.525,9999.000,9999.000,9999.000,9999.000,9999.000,9999.000,9999.000,9999.000
202604080054,   2.641,9999.000,9999.000,9999.000,9999.000,9999.000,9999.000,9999.000,9999.000
202604080100,   2.759,9999.000,   0.000,   0.209,   2.968,  -0.200,   2.768,   0.200,   3.168
202604080106,   2.878,9999.000,9999.000,9999.000,9999.000,9999.000,9999.000,9999.000,9999.000
202604080112,   2.998,9999.000,9999.000,9999.000,9999.000,9999.000,9999.000,9999.000,9999.000
202604080118,   3.118,9999.000,9999.000,9999.000,9999.000,9999.000,9999.000,9999.000,9999.000
202604080124,   3.237,9999.000,9999.000,9999.000,9999.000,9999.000,9999.000,9999.000,9999.000
202604080130,   3.355,9999.000,9999.000,9999.000,9999.000,9999.000,9999.000,9999.000,9999.000
202604080136,   3.471,9999.000,9999.000,9999.000,9999.000,9999.000,9999.000,9999.000,9999.000
202604080142,   3.584,9999.000,9999.000,9999.000,9999.000,9999.000,9999.000,9999.000,9999.000
202604080148,   3.695,9999.000,9999.000,9999.000,9999.000,9999.000,9999.000,9999.000,9999.000
202604080154,   3.802,9999.000,9999.000,9999.000,9999.000,9999.000,9999.000,9999.000,9999.000
202604080200,   3.906,9999.000,  -0.100,   0.209,   4.015,  -0.400,   3.715,   0.200,   4.315
202604080206,   4.005,9999.000,9999.000,9999.000,9999.000,9999.000,9999.000,9999.000,9999.000
202604080212,   4.100,9999.000,9999.000,9999.000,9999.000,9999.000,9999.000,9999.000,9999.000
202604080218,   4.190,9999.000,9999.000,9999.000,9999.000,9999.000,9999.000,9999.000,9999.000
202604080224,   4.276,9999.000,9999.000,9999.000,9999.000,9999.000,9999.000,9999.000,9999.000
202604080230,   4.358,9999.000,9999.000,9999.000,9999.000,9999.000,9999.000,9999.000,9999.000
202604080236,   4.434,9999.000,9999.000,9999.000,9999.000,9999.000,9999.000,9999.000,9999.000
202604080242,   4.506,9999.000,9999.000,9999.000,9999.000,9999.000,9999.000,9999.000,9999.000
202604080248,   4.574,9999.000,9999.000,9999.000,9999.000,9999.000,9999.000,9999.000,9999.000
202604080254,   4.638,9999.000,9999.000,9999.000,9999.000,9999.000,9999.000,9999.000,9999.000
202604080300,   4.697,9999.000,  -0.100,   0.209,   4.806,  -0.400,   4.506,   0.100,   5.006
202604080306,   4.753,9999.000,9999.000,9999.000,9999.000,9999.000,9999.000,9999.000,9999.000
202604080312,   4.805,9999.000,9999.000,9999.000,9999.000,9999.000,9999.000,9999.000,9999.000
202604080318,   4.854,9999.000,9999.000,9999.000,9999.000,9999.000,9999.000,9999.000,9999.000
202604080324,   4.899,9999.000,9999.000,9999.000,9999.000,9999.000,9999.000,9999.000,9999.000
202604080330,   4.942,9999.000,9999.000,9999.000,9999.000,9999.000,9999.000,9999.000,9999.000
202604080336,   4.981,9999.000,9999.000,9999.000,9999.000,9999.000,9999.000,9999.000,9999.000
202604080342,   5.017,9999.000,9999.000,9999.000,9999.000,9999.000,9999.000,9999.000,9999.000
202604080348,   5.051,9999.000,9999.000,9999.000,9999.000,9999.000,9999.000,9999.000,9999.000
202604080354,   5.081,9999.000,9999.000,9999.000,9999.000,9999.000,9999.000,9999.000,9999.000
202604080400,   5.109,9999.000,  -0.100,   0.209,   5.218,  -0.400,   4.918,   0.000,   5.318
202604080406,   5.133,9999.000,9999.000,9999.000,9999.000,9999.000,9999.000,9999.000,9999.000
202604080412,   5.154,9999.000,9999.000,9999.000,9999.000,9999.000,9999.000,9999.000,9999.000
202604080418,   5.171,9999.000,9999.000,9999.000,9999.000,9999.000,9999.000,9999.000,9999.000
202604080424,   5.185,9999.000,9999.000,9999.000,9999.000,9999.000,9999.000,9999.000,9999.000
202604080430,   5.194,9999.000,9999.000,9999.000,9999.000,9999.000,9999.000,9999.000,9999.000
202604080436,   5.199,9999.000,9999.000,9999.000,9999.000,9999.000,9999.000,9999.000,9999.000
202604080442,   5.199,9999.000,9999.000,9999.000,9999.000,9999.000,9999.000,9999.000,9999.000
202604080448,   5.194,9999.000,9999.000,9999.000,9999.000,9999.000,9999.000,9999.000,9999.000
202604080454,   5.184,9999.000,9999.000,9999.000,9999.000,9999.000,9999.000,9999.000,9999.000
202604080500,   5.169,9999.000,  -0.100,   0.209,   5.278,  -0.400,   4.978,   0.000,   5.378
202604080506,   5.147,9999.000,9999.000,9999.000,9999.000,9999.000,9999.000,9999.000,9999.000
202604080512,   5.119,9999.000,9999.000,9999.000,9999.000,9999.000,9999.000,9999.000,9999.000
202604080518,   5.085,9999.000,9999.000,9999.000,9999.000,9999.000,9999.000,9999.000,9999.000
202604080524,   5.045,9999.000,9999.000,9999.000,9999.000,9999.000,9999.000,9999.000,9999.000
202604080530,   4.998,9999.000,9999.000,9999.000,9999.000,9999.000,9999.000,9999.000,9999.000
202604080536,   4.945,9999.000,9999.000,9999.000,9999.000,9999.000,9999.000,9999.000,9999.000
202604080542,   4.885,9999.000,9999.000,9999.000,9999.000,9999.000,9999.000,9999.000,9999.000
202604080548,   4.819,9999.000,9999.000,9999.000,9999.000,9999.000,9999.000,9999.000,9999.000
202604080554,   4.747,9999.000,9999.000,9999.000,9999.000,9999.000,9999.000,9999.000,9999.000
202604080600,   4.670,9999.000,  -0.100,   0.209,   4.779,  -0.300,   4.579,   0.000,   4.879
202604080606,   4.587,9999.000,9999.000,9999.000,9999.000,9999.000,9999.000,9999.000,9999.000
202604080612,   4.498,9999.000,9999.000,9999.000,9999.000,9999.000,9999.000,9999.000,9999.000
202604080618,   4.405,9999.000,9999.000,9999.000,9999.000,9999.000,9999.000,9999.000,9999.000
202604080624,   4.308,9999.000,9999.000,9999.000,9999.000,9999.000,9999.000,9999.000,9999.000
202604080630,   4.207,9999.000,9999.000,9999.000,9999.000,9999.000,9999.000,9999.000,9999.000
202604080636,   4.102,9999.000,9999.000,9999.000,9999.000,9999.000,9999.000,9999.000,9999.000
202604080642,   3.995,9999.000,9999.000,9999.000,9999.000,9999.000,9999.000,9999.000,9999.000
202604080648,   3.886,9999.000,9999.000,9999.000,9999.000,9999.000,9999.000,9999.000,9999.000
202604080654,   3.775,9999.000,9999.000,9999.000,9999.000,9999.000,9999.000,9999.000,9999.000
202604080700,   3.663,9999.000,  -0.100,   0.209,   3.772,  -0.200,   3.672,   0.100,   3.972
202604080706,   3.550,9999.000,9999.000,9999.000,9999.000,9999.000,9999.000,9999.000,9999.000
202604080712,   3.437,9999.000,9999.000,9999.000,9999.000,9999.000,9999.000,9999.000,9999.000
202604080718,   3.325,9999.000,9999.000,9999.000,9999.000,9999.000,9999.000,9999.000,9999.000
202604080724,   3.214,9999.000,9999.000,9999.000,9999.000,9999.000,9999.000,9999.000,9999.000
202604080730,   3.104,9999.000,9999.000,9999.000,9999.000,9999.000,9999.000,9999.000,9999.000
202604080736,   2.995,9999.000,9999.000,9999.000,9999.000,9999.000,9999.000,9999.000,9999.000
202604080742,   2.889,9999.000,9999.000,9999.000,9999.000,9999.000,9999.000,9999.000,9999.000
202604080748,   2.785,9999.000,9999.000,9999.000,9999.000,9999.000,9999.000,9999.000,9999.000
202604080754,   2.684,9999.000,9999.000,9999.000,9999.000,9999.000,9999.000,9999.000,9999.000
202604080800,   2.586,9999.000,   0.000,   0.209,   2.795,  -0.200,   2.595,   0.100,   2.895
202604080806,   2.490,9999.000,9999.000,9999.000,9999.000,9999.000,9999.000,9999.000,9999.000
202604080812,   2.399,9999.000,9999.000,9999.000,9999.000,9999.000,9999.000,9999.000,9999.000
202604080818,   2.310,9999.000,9999.000,9999.000,9999.000,9999.000,9999.000,9999.000,9999.000
202604080824,   2.226,9999.000,9999.000,9999.000,9999.000,9999.000,9999.000,9999.000,9999.000
202604080830,   2.145,9999.000,9999.000,9999.000,9999.000,9999.000,9999.000,9999.000,9999.000
202604080836,   2.067,9999.000,9999.000,9999.000,9999.000,9999.000,9999.000,9999.000,9999.000
202604080842,   1.993,9999.000,9999.000,9999.000,9999.000,9999.000,9999.000,9999.000,9999.000
202604080848,   1.923,9999.000,9999.000,9999.000,9999.000,9999.000,9999.000,9999.000,9999.000
202604080854,   1.856,9999.000,9999.000,9999.000,9999.000,9999.000,9999.000,9999.000,9999.000
202604080900,   1.793,9999.000,   0.000,   0.209,   2.002,  -0.100,   1.902,   0.100,   2.102
202604080906,   1.733,9999.000,9999.000,9999.000,9999.000,9999.000,9999.000,9999.000,9999.000
202604080912,   1.677,9999.000,9999.000,9999.000,9999.000,9999.000,9999.000,9999.000,9999.000
202604080918,   1.623,9999.000,9999.000,9999.000,9999.000,9999.000,9999.000,9999.000,9999.000
202604080924,   1.573,9999.000,9999.000,9999.000,9999.000,9999.000,9999.000,9999.000,9999.000
202604080930,   1.525,9999.000,9999.000,9999.000,9999.000,9999.000,9999.000,9999.000,9999.000
202604080936,   1.480,9999.000,9999.000,9999.000,9999.000,9999.000,9999.000,9999.000,9999.000
202604080942,   1.438,9999.000,9999.000,9999.000,9999.000,9999.000,9999.000,9999.000,9999.000
202604080948,   1.398,9999.000,9999.000,9999.000,9999.000,9999.000,9999.000,9999.000,9999.000
202604080954,   1.360,9999.000,9999.000,9999.000,9999.000,9999.000,9999.000,9999.000,9999.000
202604081000,   1.324,9999.000,   0.100,   0.209,   1.633,   0.000,   1.533,   0.200,   1.733
202604081006,   1.290,9999.000,9999.000,9999.000,9999.000,9999.000,9999.000,9999.000,9999.000
202604081012,   1.258,9999.000,9999.000,9999.000,9999.000,9999.000,9999.000,9999.000,9999.000
202604081018,   1.228,9999.000,9999.000,9999.000,9999.000,9999.000,9999.000,9999.000,9999.000
202604081024,   1.199,9999.000,9999.000,9999.000,9999.000,9999.000,9999.000,9999.000,9999.000
202604081030,   1.173,9999.000,9999.000,9999.000,9999.000,9999.000,9999.000,9999.000,9999.000
202604081036,   1.148,9999.000,9999.000,9999.000,9999.000,9999.000,9999.000,9999.000,9999.000
202604081042,   1.125,9999.000,9999.000,9999.000,9999.000,9999.000,9999.000,9999.000,9999.000
202604081048,   1.104,9999.000,9999.000,9999.000,9999.000,9999.000,9999.000,9999.000,9999.000
202604081054,   1.086,9999.000,9999.000,9999.000,9999.000,9999.000,9999.000,9999.000,9999.000
202604081100,   1.069,9999.000,   0.100,   0.209,   1.378,   0.000,   1.278,   0.300,   1.578
202604081106,   1.056,9999.000,9999.000,9999.000,9999.000,9999.000,9999.000,9999.000,9999.000
202604081112,   1.045,9999.000,9999.000,9999.000,9999.000,9999.000,9999.000,9999.000,9999.000
202604081118,   1.037,9999.000,9999.000,9999.000,9999.000,9999.000,9999.000,9999.000,9999.000
202604081124,   1.033,9999.000,9999.000,9999.000,9999.000,9999.000,9999.000,9999.000,9999.000
202604081130,   1.032,9999.000,9999.000,9999.000,9999.000,9999.000,9999.000,9999.000,9999.000
202604081136,   1.036,9999.000,9999.000,9999.000,9999.000,9999.000,9999.000,9999.000,9999.000
202604081142,   1.044,9999.000,9999.000,9999.000,9999.000,9999.000,9999.000,9999.000,9999.000
202604081148,   1.057,9999.000,9999.000,9999.000,9999.000,9999.000,9999.000,9999.000,9999.000
202604081154,   1.075,9999.000,9999.000,9999.000,9999.000,9999.000,9999.000,9999.000,9999.000
202604081200,   1.098,9999.000,   0.100,   0.209,   1.407,   0.000,   1.307,   0.300,   1.607
202604081206,   1.127,9999.000,9999.000,9999.000,9999.000,9999.000,9999.000,9999.000,9999.000
202604081212,   1.161,9999.000,9999.000,9999.000,9999.000,9999.000,9999.000,9999.000,9999.000
202604081218,   1.201,9999.000,9999.000,9999.000,9999.000,9999.000,9999.000,9999.000,9999.000
202604081224,   1.248,9999.000,9999.000,9999.000,9999.000,9999.000,9999.000,9999.000,9999.000
202604081230,   1.300,9999.000,9999.000,9999.000,9999.000,9999.000,9999.000,9999.000,9999.000
202604081236,   1.358,9999.000,9999.000,9999.000,9999.000,9999.000,9999.000,9999.000,9999.000
202604081242,   1.421,9999.000,9999.000,9999.000,9999.000,9999.000,9999.000,9999.000,9999.000
202604081248,   1.490,9999.000,9999.000,9999.000,9999.000,9999.000,9999.000,9999.000,9999.000
202604081254,   1.564,9999.000,9999.000,9999.000,9999.000,9999.000,9999.000,9999.000,9999.000
202604081300,   1.643,9999.000,   0.100,   0.209,   1.952,   0.000,   1.852,   0.300,   2.152
202604081306,   1.727,9999.000,9999.000,9999.000,9999.000,9999.000,9999.000,9999.000,9999.000
202604081312,   1.814,9999.000,9999.000,9999.000,9999.000,9999.000,9999.000,9999.000,9999.000
202604081318,   1.905,9999.000,9999.000,9999.000,9999.000,9999.000,9999.000,9999.000,9999.000
202604081324,   1.998,9999.000,9999.000,9999.000,9999.000,9999.000,9999.000,9999.000,9999.000
202604081330,   2.094,9999.000,9999.000,9999.000,9999.000,9999.000,9999.000,9999.000,9999.000
202604081336,   2.191,9999.000,9999.000,9999.000,9999.000,9999.000,9999.000,9999.000,9999.000
202604081342,   2.289,9999.000,9999.000,9999.000,9999.000,9999.000,9999.000,9999.000,9999.000
202604081348,   2.387,9999.000,9999.000,9999.000,9999.000,9999.000,9999.000,9999.000,9999.000
202604081354,   2.485,9999.000,9999.000,9999.000,9999.000,9999.000,9999.000,9999.000,9999.000
202604081400,   2.581,9999.000,   0.100,   0.209,   2.890,   0.000,   2.790,   0.300,   3.090
202604081406,   2.677,9999.000,9999.000,9999.000,9999.000,9999.000,9999.000,9999.000,9999.000
202604081412,   2.770,9999.000,9999.000,9999.000,9999.000,9999.000,9999.000,9999.000,9999.000
202604081418,   2.861,9999.000,9999.000,9999.000,9999.000,9999.000,9999.000,9999.000,9999.000
202604081424,   2.950,9999.000,9999.000,9999.000,9999.000,9999.000,9999.000,9999.000,9999.000
202604081430,   3.035,9999.000,9999.000,9999.000,9999.000,9999.000,9999.000,9999.000,9999.000
202604081436,   3.116,9999.000,9999.000,9999.000,9999.000,9999.000,9999.000,9999.000,9999.000
202604081442,   3.195,9999.000,9999.000,9999.000,9999.000,9999.000,9999.000,9999.000,9999.000
202604081448,   3.269,9999.000,9999.000,9999.000,9999.000,9999.000,9999.000,9999.000,9999.000
202604081454,   3.340,9999.000,9999.000,9999.000,9999.000,9999.000,9999.000,9999.000,9999.000
202604081500,   3.407,9999.000,   0.100,   0.209,   3.716,   0.000,   3.616,   0.300,   3.916
202604081506,   3.471,9999.000,9999.000,9999.000,9999.000,9999.000,9999.000,9999.000,9999.000
202604081512,   3.531,9999.000,9999.000,9999.000,9999.000,9999.000,9999.000,9999.000,9999.000
202604081518,   3.588,9999.000,9999.000,9999.000,9999.000,9999.000,9999.000,9999.000,9999.000
202604081524,   3.641,9999.000,9999.000,9999.000,9999.000,9999.000,9999.000,9999.000,9999.000
202604081530,   3.692,9999.000,9999.000,9999.000,9999.000,9999.000,9999.000,9999.000,9999.000
202604081536,   3.739,9999.000,9999.000,9999.000,9999.000,9999.000,9999.000,9999.000,9999.000
202604081542,   3.784,9999.000,9999.000,9999.000,9999.000,9999.000,9999.000,9999.000,9999.000
202604081548,   3.827,9999.000,9999.000,9999.000,9999.000,9999.000,9999.000,9999.000,9999.000
202604081554,   3.867,9999.000,9999.000,9999.000,9999.000,9999.000,9999.000,9999.000,9999.000
202604081600,   3.905,9999.000,   0.200,   0.209,   4.314,   0.000,   4.114,   0.300,   4.414
202604081606,   3.940,9999.000,9999.000,9999.000,9999.000,9999.000,9999.000,9999.000,9999.000
202604081612,   3.973,9999.000,9999.000,9999.000,9999.000,9999.000,9999.000,9999.000,9999.000
202604081618,   4.004,9999.000,9999.000,9999.000,9999.000,9999.000,9999.000,9999.000,9999.000
202604081624,   4.033,9999.000,9999.000,9999.000,9999.000,9999.000,9999.000,9999.000,9999.000
202604081630,   4.059,9999.000,9999.000,9999.000,9999.000,9999.000,9999.000,9999.000,9999.000
202604081636,   4.082,9999.000,9999.000,9999.000,9999.000,9999.000,9999.000,9999.000,9999.000
202604081642,   4.102,9999.000,9999.000,9999.000,9999.000,9999.000,9999.000,9999.000,9999.000
202604081648,   4.120,9999.000,9999.000,9999.000,9999.000,9999.000,9999.000,9999.000,9999.000
202604081654,   4.133,9999.000,9999.000,9999.000,9999.000,9999.000,9999.000,9999.000,9999.000
202604081700,   4.143,9999.000,   0.200,   0.209,   4.552,   0.000,   4.352,   0.400,   4.752
202604081706,   4.149,9999.000,9999.000,9999.000,9999.000,9999.000,9999.000,9999.000,9999.000
202604081712,   4.151,9999.000,9999.000,9999.000,9999.000,9999.000,9999.000,9999.000,9999.000
202604081718,   4.148,9999.000,9999.000,9999.000,9999.000,9999.000,9999.000,9999.000,9999.000
202604081724,   4.140,9999.000,9999.000,9999.000,9999.000,9999.000,9999.000,9999.000,9999.000
202604081730,   4.127,9999.000,9999.000,9999.000,9999.000,9999.000,9999.000,9999.000,9999.000
202604081736,   4.108,9999.000,9999.000,9999.000,9999.000,9999.000,9999.000,9999.000,9999.000
202604081742,   4.084,9999.000,9999.000,9999.000,9999.000,9999.000,9999.000,9999.000,9999.000
202604081748,   4.055,9999.000,9999.000,9999.000,9999.000,9999.000,9999.000,9999.000,9999.000
202604081754,   4.019,9999.000,9999.000,9999.000,9999.000,9999.000,9999.000,9999.000,9999.000
202604081800,   3.978,9999.000,   0.200,   0.209,   4.387,   0.000,   4.187,   0.300,   4.487
202604081806,   3.931,9999.000,9999.000,9999.000,9999.000,9999.000,9999.000,9999.000,9999.000
202604081812,   3.879,9999.000,9999.000,9999.000,9999.000,9999.000,9999.000,9999.000,9999.000
202604081818,   3.821,9999.000,9999.000,9999.000,9999.000,9999.000,9999.000,9999.000,9999.000
202604081824,   3.758,9999.000,9999.000,9999.000,9999.000,9999.000,9999.000,9999.000,9999.000
202604081830,   3.691,9999.000,9999.000,9999.000,9999.000,9999.000,9999.000,9999.000,9999.000
202604081836,   3.619,9999.000,9999.000,9999.000,9999.000,9999.000,9999.000,9999.000,9999.000
202604081842,   3.543,9999.000,9999.000,9999.000,9999.000,9999.000,9999.000,9999.000,9999.000
202604081848,   3.464,9999.000,9999.000,9999.000,9999.000,9999.000,9999.000,9999.000,9999.000
202604081854,   3.381,9999.000,9999.000,9999.000,9999.000,9999.000,9999.000,9999.000,9999.000
202604081900,   3.296,9999.000,   0.200,   0.209,   3.705,   0.000,   3.505,   0.300,   3.805
202604081906,   3.209,9999.000,9999.000,9999.000,9999.000,9999.000,9999.000,9999.000,9999.000
202604081912,   3.121,9999.000,9999.000,9999.000,9999.000,9999.000,9999.000,9999.000,9999.000
202604081918,   3.031,9999.000,9999.000,9999.000,9999.000,9999.000,9999.000,9999.000,9999.000
202604081924,   2.942,9999.000,9999.000,9999.000,9999.000,9999.000,9999.000,9999.000,9999.000
202604081930,   2.852,9999.000,9999.000,9999.000,9999.000,9999.000,9999.000,9999.000,9999.000
202604081936,   2.762,9999.000,9999.000,9999.000,9999.000,9999.000,9999.000,9999.000,9999.000
202604081942,   2.674,9999.000,9999.000,9999.000,9999.000,9999.000,9999.000,9999.000,9999.000
202604081948,   2.588,9999.000,9999.000,9999.000,9999.000,9999.000,9999.000,9999.000,9999.000
202604081954,   2.503,9999.000,9999.000,9999.000,9999.000,9999.000,9999.000,9999.000,9999.000
202604082000,   2.420,9999.000,   0.200,   0.209,   2.829,   0.000,   2.629,   0.300,   2.929
202604082006,   2.340,9999.000,9999.000,9999.000,9999.000,9999.000,9999.000,9999.000,9999.000
202604082012,   2.263,9999.000,9999.000,9999.000,9999.000,9999.000,9999.000,9999.000,9999.000
202604082018,   2.189,9999.000,9999.000,9999.000,9999.000,9999.000,9999.000,9999.000,9999.000
202604082024,   2.118,9999.000,9999.000,9999.000,9999.000,9999.000,9999.000,9999.000,9999.000
202604082030,   2.051,9999.000,9999.000,9999.000,9999.000,9999.000,9999.000,9999.000,9999.000
202604082036,   1.987,9999.000,9999.000,9999.000,9999.000,9999.000,9999.000,9999.000,9999.000
202604082042,   1.928,9999.000,9999.000,9999.000,9999.000,9999.000,9999.000,9999.000,9999.000
202604082048,   1.872,9999.000,9999.000,9999.000,9999.000,9999.000,9999.000,9999.000,9999.000
202604082054,   1.819,9999.000,9999.000,9999.000,9999.000,9999.000,9999.000,9999.000,9999.000
202604082100,   1.771,9999.000,   0.200,   0.209,   2.180,   0.000,   1.980,   0.300,   2.280
202604082106,   1.726,9999.000,9999.000,9999.000,9999.000,9999.000,9999.000,9999.000,9999.000
202604082112,   1.685,9999.000,9999.000,9999.000,9999.000,9999.000,9999.000,9999.000,9999.000
202604082118,   1.648,9999.000,9999.000,9999.000,9999.000,9999.000,9999.000,9999.000,9999.000
202604082124,   1.614,9999.000,9999.000,9999.000,9999.000,9999.000,9999.000,9999.000,9999.000
202604082130,   1.583,9999.000,9999.000,9999.000,9999.000,9999.000,9999.000,9999.000,9999.000
202604082136,   1.556,9999.000,9999.000,9999.000,9999.000,9999.000,9999.000,9999.000,9999.000
202604082142,   1.531,9999.000,9999.000,9999.000,9999.000,9999.000,9999.000,9999.000,9999.000
202604082148,   1.509,9999.000,9999.000,9999.000,9999.000,9999.000,9999.000,9999.000,9999.000
202604082154,   1.490,9999.000,9999.000,9999.000,9999.000,9999.000,9999.000,9999.000,9999.000
202604082200,   1.473,9999.000,   0.200,   0.209,   1.882,   0.000,   1.682,   0.300,   1.982
202604082206,   1.459,9999.000,9999.000,9999.000,9999.000,9999.000,9999.000,9999.000,9999.000
202604082212,   1.446,9999.000,9999.000,9999.000,9999.000,9999.000,9999.000,9999.000,9999.000
202604082218,   1.436,9999.000,9999.000,9999.000,9999.000,9999.000,9999.000,9999.000,9999.000
202604082224,   1.426,9999.000,9999.000,9999.000,9999.000,9999.000,9999.000,9999.000,9999.000
202604082230,   1.419,9999.000,9999.000,9999.000,9999.000,9999.000,9999.000,9999.000,9999.000
202604082236,   1.413,9999.000,9999.000,9999.000,9999.000,9999.000,9999.000,9999.000,9999.000
202604082242,   1.408,9999.000,9999.000,9999.000,9999.000,9999.000,9999.000,9999.000,9999.000
202604082248,   1.405,9999.000,9999.000,9999.000,9999.000,9999.000,9999.000,9999.000,9999.000
202604082254,   1.402,9999.000,9999.000,9999.000,9999.000,9999.000,9999.000,9999.000,9999.000
202604082300,   1.401,9999.000,   0.100,   0.209,   1.710,   0.000,   1.610,   0.300,   1.910
202604082306,   1.402,9999.000,9999.000,9999.000,9999.000,9999.000,9999.000,9999.000,9999.000
202604082312,   1.403,9999.000,9999.000,9999.000,9999.000,9999.000,9999.000,9999.000,9999.000
202604082318,   1.407,9999.000,9999.000,9999.000,9999.000,9999.000,9999.000,9999.000,9999.000
202604082324,   1.412,9999.000,9999.000,9999.000,9999.000,9999.000,9999.000,9999.000,9999.000
202604082330,   1.419,9999.000,9999.000,9999.000,9999.000,9999.000,9999.000,9999.000,9999.000
202604082336,   1.428,9999.000,9999.000,9999.000,9999.000,9999.000,9999.000,9999.000,9999.000
202604082342,   1.440,9999.000,9999.000,9999.000,9999.000,9999.000,9999.000,9999.000,9999.000
202604082348,   1.454,9999.000,9999.000,9999.000,9999.000,9999.000,9999.000,9999.000,9999.000
202604082354,   1.472,9999.000,9999.000,9999.000,9999.000,9999.000,9999.000,9999.000,9999.000
202604090000,   1.493,9999.000,   0.200,   0.209,   1.902,   0.000,   1.702,   0.400,   2.102
202604090006,   1.518,9999.000,9999.000,9999.000,9999.000,9999.000,9999.000,9999.000,9999.000
202604090012,   1.547,9999.000,9999.000,9999.000,9999.000,9999.000,9999.000,9999.000,9999.000
202604090018,   1.581,9999.000,9999.000,9999.000,9999.000,9999.000,9999.000,9999.000,9999.000
202604090024,   1.620,9999.000,9999.000,9999.000,9999.000,9999.000,9999.000,9999.000,9999.000
202604090030,   1.663,9999.000,9999.000,9999.000,9999.000,9999.000,9999.000,9999.000,9999.000
202604090036,   1.712,9999.000,9999.000,9999.000,9999.000,9999.000,9999.000,9999.000,9999.000
202604090042,   1.766,9999.000,9999.000,9999.000,9999.000,9999.000,9999.000,9999.000,9999.000
202604090048,   1.826,9999.000,9999.000,9999.000,9999.000,9999.000,9999.000,9999.000,9999.000
202604090054,   1.891,9999.000,9999.000,9999.000,9999.000,9999.000,9999.000,9999.000,9999.000
202604090100,   1.961,9999.000,   0.100,   0.209,   2.270,   0.000,   2.170,   0.300,   2.470
202604090106,   2.037,9999.000,9999.000,9999.000,9999.000,9999.000,9999.000,9999.000,9999.000
202604090112,   2.119,9999.000,9999.000,9999.000,9999.000,9999.000,9999.000,9999.000,9999.000
202604090118,   2.205,9999.000,9999.000,9999.000,9999.000,9999.000,9999.000,9999.000,9999.000
202604090124,   2.296,9999.000,9999.000,9999.000,9999.000,9999.000,9999.000,9999.000,9999.000
202604090130,   2.391,9999.000,9999.000,9999.000,9999.000,9999.000,9999.000,9999.000,9999.000
202604090136,   2.489,9999.000,9999.000,9999.000,9999.000,9999.000,9999.000,9999.000,9999.000
202604090142,   2.592,9999.000,9999.000,9999.000,9999.000,9999.000,9999.000,9999.000,9999.000
202604090148,   2.696,9999.000,9999.000,9999.000,9999.000,9999.000,9999.000,9999.000,9999.000
202604090154,   2.803,9999.000,9999.000,9999.000,9999.000,9999.000,9999.000,9999.000,9999.000
202604090200,   2.911,9999.000,   0.100,   0.209,   3.220,   0.000,   3.120,   0.300,   3.420
202604090206,   3.020,9999.000,9999.000,9999.000,9999.000,9999.000,9999.000,9999.000,9999.000
202604090212,   3.130,9999.000,9999.000,9999.000,9999.000,9999.000,9999.000,9999.000,9999.000
202604090218,   3.239,9999.000,9999.000,9999.000,9999.000,9999.000,9999.000,9999.000,9999.000
202604090224,   3.347,9999.000,9999.000,9999.000,9999.000,9999.000,9999.000,9999.000,9999.000
202604090230,   3.453,9999.000,9999.000,9999.000,9999.000,9999.000,9999.000,9999.000,9999.000
202604090236,   3.557,9999.000,9999.000,9999.000,9999.000,9999.000,9999.000,9999.000,9999.000
202604090242,   3.659,9999.000,9999.000,9999.000,9999.000,9999.000,9999.000,9999.000,9999.000
202604090248,   3.758,9999.000,9999.000,9999.000,9999.000,9999.000,9999.000,9999.000,9999.000
202604090254,   3.853,9999.000,9999.000,9999.000,9999.000,9999.000,9999.000,9999.000,9999.000
202604090300,   3.945,9999.000,   0.100,   0.209,   4.254,   0.000,   4.154,   0.200,   4.354
202604090306,   4.033,9999.000,9999.000,9999.000,9999.000,9999.000,9999.000,9999.000,9999.000
202604090312,   4.118,9999.000,9999.000,9999.000,9999.000,9999.000,9999.000,9999.000,9999.000
202604090318,   4.198,9999.000,9999.000,9999.000,9999.000,9999.000,9999.000,9999.000,9999.000
202604090324,   4.274,9999.000,9999.000,9999.000,9999.000,9999.000,9999.000,9999.000,9999.000
202604090330,   4.346,9999.000,9999.000,9999.000,9999.000,9999.000,9999.000,9999.000,9999.000
202604090336,   4.414,9999.000,9999.000,9999.000,9999.000,9999.000,9999.000,9999.000,9999.000
202604090342,   4.478,9999.000,9999.000,9999.000,9999.000,9999.000,9999.000,9999.000,9999.000
202604090348,   4.538,9999.000,9999.000,9999.000,9999.000,9999.000,9999.000,9999.000,9999.000
202604090354,   4.595,9999.000,9999.000,9999.000,9999.000,9999.000,9999.000,9999.000,9999.000
202604090400,   4.648,9999.000,   0.100,   0.209,   4.957,   0.000,   4.857,   0.200,   5.057
202604090406,   4.698,9999.000,9999.000,9999.000,9999.000,9999.000,9999.000,9999.000,9999.000
202604090412,   4.744,9999.000,9999.000,9999.000,9999.000,9999.000,9999.000,9999.000,9999.000
202604090418,   4.788,9999.000,9999.000,9999.000,9999.000,9999.000,9999.000,9999.000,9999.000
202604090424,   4.829,9999.000,9999.000,9999.000,9999.000,9999.000,9999.000,9999.000,9999.000
202604090430,   4.866,9999.000,9999.000,9999.000,9999.000,9999.000,9999.000,9999.000,9999.000
202604090436,   4.901,9999.000,9999.000,9999.000,9999.000,9999.000,9999.000,9999.000,9999.000
202604090442,   4.933,9999.000,9999.000,9999.000,9999.000,9999.000,9999.000,9999.000,9999.000
202604090448,   4.961,9999.000,9999.000,9999.000,9999.000,9999.000,9999.000,9999.000,9999.000
202604090454,   4.987,9999.000,9999.000,9999.000,9999.000,9999.000,9999.000,9999.000,9999.000
202604090500,   5.009,9999.000,   0.000,   0.209,   5.218,  -0.100,   5.118,   0.200,   5.418
202604090506,   5.027,9999.000,9999.000,9999.000,9999.000,9999.000,9999.000,9999.000,9999.000
202604090512,   5.042,9999.000,9999.000,9999.000,9999.000,9999.000,9999.000,9999.000,9999.000
202604090518,   5.053,9999.000,9999.000,9999.000,9999.000,9999.000,9999.000,9999.000,9999.000
202604090524,   5.059,9999.000,9999.000,9999.000,9999.000,9999.000,9999.000,9999.000,9999.000
202604090530,   5.061,9999.000,9999.000,9999.000,9999.000,9999.000,9999.000,9999.000,9999.000
202604090536,   5.057,9999.000,9999.000,9999.000,9999.000,9999.000,9999.000,9999.000,9999.000
202604090542,   5.049,9999.000,9999.000,9999.000,9999.000,9999.000,9999.000,9999.000,9999.000
202604090548,   5.035,9999.000,9999.000,9999.000,9999.000,9999.000,9999.000,9999.000,9999.000
202604090554,   5.015,9999.000,9999.000,9999.000,9999.000,9999.000,9999.000,9999.000,9999.000
202604090600,   4.990,9999.000,   0.000,   0.209,   5.199,  -0.100,   5.099,   0.100,   5.299
202604090606,   4.958,9999.000,9999.000,9999.000,9999.000,9999.000,9999.000,9999.000,9999.000
202604090612,   4.921,9999.000,9999.000,9999.000,9999.000,9999.000,9999.000,9999.000,9999.000
202604090618,   4.877,9999.000,9999.000,9999.000,9999.000,9999.000,9999.000,9999.000,9999.000
202604090624,   4.827,9999.000,9999.000,9999.000,9999.000,9999.000,9999.000,9999.000,9999.000
202604090630,   4.771,9999.000,9999.000,9999.000,9999.000,9999.000,9999.000,9999.000,9999.000
202604090636,   4.710,9999.000,9999.000,9999.000,9999.000,9999.000,9999.000,9999.000,9999.000
202604090642,   4.642,9999.000,9999.000,9999.000,9999.000,9999.000,9999.000,9999.000,9999.000
202604090648,   4.569,9999.000,9999.000,9999.000,9999.000,9999.000,9999.000,9999.000,9999.000
202604090654,   4.492,9999.000,9999.000,9999.000,9999.000,9999.000,9999.000,9999.000,9999.000
202604090700,   4.409,9999.000,   0.000,   0.209,   4.618,  -0.100,   4.518,   0.200,   4.818
202604090706,   4.322,9999.000,9999.000,9999.000,9999.000,9999.000,9999.000,9999.000,9999.000
202604090712,   4.231,9999.000,9999.000,9999.000,9999.000,9999.000,9999.000,9999.000,9999.000
202604090718,   4.137,9999.000,9999.000,9999.000,9999.000,9999.000,9999.000,9999.000,9999.000
202604090724,   4.040,9999.000,9999.000,9999.000,9999.000,9999.000,9999.000,9999.000,9999.000
202604090730,   3.940,9999.000,9999.000,9999.000,9999.000,9999.000,9999.000,9999.000,9999.000
202604090736,   3.839,9999.000,9999.000,9999.000,9999.000,9999.000,9999.000,9999.000,9999.000
202604090742,   3.737,9999.000,9999.000,9999.000,9999.000,9999.000,9999.000,9999.000,9999.000
202604090748,   3.633,9999.000,9999.000,9999.000,9999.000,9999.000,9999.000,9999.000,9999.000
202604090754,   3.530,9999.000,9999.000,9999.000,9999.000,9999.000,9999.000,9999.000,9999.000
202604090800,   3.426,9999.000,   0.000,   0.209,   3.635,  -0.100,   3.535,   0.100,   3.735
202604090806,   3.324,9999.000,9999.000,9999.000,9999.000,9999.000,9999.000,9999.000,9999.000
202604090812,   3.222,9999.000,9999.000,9999.000,9999.000,9999.000,9999.000,9999.000,9999.000
202604090818,   3.122,9999.000,9999.000,9999.000,9999.000,9999.000,9999.000,9999.000,9999.000
202604090824,   3.024,9999.000,9999.000,9999.000,9999.000,9999.000,9999.000,9999.000,9999.000
202604090830,   2.928,9999.000,9999.000,9999.000,9999.000,9999.000,9999.000,9999.000,9999.000
202604090836,   2.835,9999.000,9999.000,9999.000,9999.000,9999.000,9999.000,9999.000,9999.000
202604090842,   2.744,9999.000,9999.000,9999.000,9999.000,9999.000,9999.000,9999.000,9999.000
202604090848,   2.656,9999.000,9999.000,9999.000,9999.000,9999.000,9999.000,9999.000,9999.000
202604090854,   2.572,9999.000,9999.000,9999.000,9999.000,9999.000,9999.000,9999.000,9999.000
202604090900,   2.490,9999.000,   0.000,   0.209,   2.699,  -0.100,   2.599,   0.100,   2.799
202604090906,   2.412,9999.000,9999.000,9999.000,9999.000,9999.000,9999.000,9999.000,9999.000
202604090912,   2.337,9999.000,9999.000,9999.000,9999.000,9999.000,9999.000,9999.000,9999.000
202604090918,   2.266,9999.000,9999.000,9999.000,9999.000,9999.000,9999.000,9999.000,9999.000
202604090924,   2.198,9999.000,9999.000,9999.000,9999.000,9999.000,9999.000,9999.000,9999.000
202604090930,   2.133,9999.000,9999.000,9999.000,9999.000,9999.000,9999.000,9999.000,9999.000
202604090936,   2.071,9999.000,9999.000,9999.000,9999.000,9999.000,9999.000,9999.000,9999.000
202604090942,   2.012,9999.000,9999.000,9999.000,9999.000,9999.000,9999.000,9999.000,9999.000
202604090948,   1.957,9999.000,9999.000,9999.000,9999.000,9999.000,9999.000,9999.000,9999.000
202604090954,   1.904,9999.000,9999.000,9999.000,9999.000,9999.000,9999.000,9999.000,9999.000
202604091000,   1.854,9999.000,   0.000,   0.209,   2.063,  -0.100,   1.963,   0.100,   2.163
202604091006,   1.806,9999.000,9999.000,9999.000,9999.000,9999.000,9999.000,9999.000,9999.000
202604091012,   1.761,9999.000,9999.000,9999.000,9999.000,9999.000,9999.000,9999.000,9999.000
202604091018,   1.717,9999.000,9999.000,9999.000,9999.000,9999.000,9999.000,9999.000,9999.000
202604091024,   1.676,9999.000,9999.000,9999.000,9999.000,9999.000,9999.000,9999.000,9999.000
202604091030,   1.636,9999.000,9999.000,9999.000,9999.000,9999.000,9999.000,9999.000,9999.000
202604091036,   1.598,9999.000,9999.000,9999.000,9999.000,9999.000,9999.000,9999.000,9999.000
202604091042,   1.561,9999.000,9999.000,9999.000,9999.000,9999.000,9999.000,9999.000,9999.000
202604091048,   1.526,9999.000,9999.000,9999.000,9999.000,9999.000,9999.000,9999.000,9999.000
202604091054,   1.491,9999.000,9999.000,9999.000,9999.000,9999.000,9999.000,9999.000,9999.000
202604091100,   1.458,9999.000,   0.000,   0.209,   1.667,  -0.100,   1.567,   0.100,   1.767
202604091106,   1.426,9999.000,9999.000,9999.000,9999.000,9999.000,9999.000,9999.000,9999.000
202604091112,   1.394,9999.000,9999.000,9999.000,9999.000,9999.000,9999.000,9999.000,9999.000
202604091118,   1.363,9999.000,9999.000,9999.000,9999.000,9999.000,9999.000,9999.000,9999.000
202604091124,   1.334,9999.000,9999.000,9999.000,9999.000,9999.000,9999.000,9999.000,9999.000
202604091130,   1.305,9999.000,9999.000,9999.000,9999.000,9999.000,9999.000,9999.000,9999.000
202604091136,   1.277,9999.000,9999.000,9999.000,9999.000,9999.000,9999.000,9999.000,9999.000
202604091142,   1.251,9999.000,9999.000,9999.000,9999.000,9999.000,9999.000,9999.000,9999.000
202604091148,   1.226,9999.000,9999.000,9999.000,9999.000,9999.000,9999.000,9999.000,9999.000
202604091154,   1.203,9999.000,9999.000,9999.000,9999.000,9999.000,9999.000,9999.000,9999.000
202604091200,   1.183,9999.000,   0.000,   0.209,   1.392,  -0.100,   1.292,   0.100,   1.492
202604091206,   1.164,9999.000,9999.000,9999.000,9999.000,9999.000,9999.000,9999.000,9999.000
202604091212,   1.148,9999.000,9999.000,9999.000,9999.000,9999.000,9999.000,9999.000,9999.000
202604091218,   1.136,9999.000,9999.000,9999.000,9999.000,9999.000,9999.000,9999.000,9999.000
202604091224,   1.126,9999.000,9999.000,9999.000,9999.000,9999.000,9999.000,9999.000,9999.000
202604091230,   1.121,9999.000,9999.000,9999.000,9999.000,9999.000,9999.000,9999.000,9999.000
202604091236,   1.120,9999.000,9999.000,9999.000,9999.000,9999.000,9999.000,9999.000,9999.000
202604091242,   1.124,9999.000,9999.000,9999.000,9999.000,9999.000,9999.000,9999.000,9999.000
202604091248,   1.133,9999.000,9999.000,9999.000,9999.000,9999.000,9999.000,9999.000,9999.000
202604091254,   1.147,9999.000,9999.000,9999.000,9999.000,9999.000,9999.000,9999.000,9999.000
202604091300,   1.166,9999.000,   0.000,   0.209,   1.375,  -0.100,   1.275,   0.100,   1.475
202604091306,   1.192,9999.000,9999.000,9999.000,9999.000,9999.000,9999.000,9999.000,9999.000
202604091312,   1.223,9999.000,9999.000,9999.000,9999.000,9999.000,9999.000,9999.000,9999.000
202604091318,   1.261,9999.000,9999.000,9999.000,9999.000,9999.000,9999.000,9999.000,9999.000
202604091324,   1.305,9999.000,9999.000,9999.000,9999.000,9999.000,9999.000,9999.000,9999.000
202604091330,   1.354,9999.000,9999.000,9999.000,9999.000,9999.000,9999.000,9999.000,9999.000
202604091336,   1.410,9999.000,9999.000,9999.000,9999.000,9999.000,9999.000,9999.000,9999.000
202604091342,   1.471,9999.000,9999.000,9999.000,9999.000,9999.000,9999.000,9999.000,9999.000
202604091348,   1.538,9999.000,9999.000,9999.000,9999.000,9999.000,9999.000,9999.000,9999.000
202604091354,   1.610,9999.000,9999.000,9999.000,9999.000,9999.000,9999.000,9999.000,9999.000
202604091400,   1.687,9999.000,   0.000,   0.209,   1.896,  -0.100,   1.796,   0.100,   1.996
202604091406,   1.768,9999.000,9999.000,9999.000,9999.000,9999.000,9999.000,9999.000,9999.000
202604091412,   1.852,9999.000,9999.000,9999.000,9999.000,9999.000,9999.000,9999.000,9999.000
202604091418,   1.940,9999.000,9999.000,9999.000,9999.000,9999.000,9999.000,9999.000,9999.000
202604091424,   2.030,9999.000,9999.000,9999.000,9999.000,9999.000,9999.000,9999.000,9999.000
202604091430,   2.122,9999.000,9999.000,9999.000,9999.000,9999.000,9999.000,9999.000,9999.000
202604091436,   2.215,9999.000,9999.000,9999.000,9999.000,9999.000,9999.000,9999.000,9999.000
202604091442,   2.309,9999.000,9999.000,9999.000,9999.000,9999.000,9999.000,9999.000,9999.000
202604091448,   2.403,9999.000,9999.000,9999.000,9999.000,9999.000,9999.000,9999.000,9999.000
202604091454,   2.496,9999.000,9999.000,9999.000,9999.000,9999.000,9999.000,9999.000,9999.000
202604091500,   2.589,9999.000,   0.000,   0.209,   2.798,  -0.100,   2.698,   0.100,   2.898
202604091506,   2.679,9999.000,9999.000,9999.000,9999.000,9999.000,9999.000,9999.000,9999.000
202604091512,   2.768,9999.000,9999.000,9999.000,9999.000,9999.000,9999.000,9999.000,9999.000
202604091518,   2.854,9999.000,9999.000,9999.000,9999.000,9999.000,9999.000,9999.000,9999.000
202604091524,   2.938,9999.000,9999.000,9999.000,9999.000,9999.000,9999.000,9999.000,9999.000
202604091530,   3.019,9999.000,9999.000,9999.000,9999.000,9999.000,9999.000,9999.000,9999.000
202604091536,   3.096,9999.000,9999.000,9999.000,9999.000,9999.000,9999.000,9999.000,9999.000
202604091542,   3.171,9999.000,9999.000,9999.000,9999.000,9999.000,9999.000,9999.000,9999.000
202604091548,   3.241,9999.000,9999.000,9999.000,9999.000,9999.000,9999.000,9999.000,9999.000
202604091554,   3.309,9999.000,9999.000,9999.000,9999.000,9999.000,9999.000,9999.000,9999.000
202604091600,   3.373,9999.000,   0.000,   0.209,   3.582,  -0.100,   3.482,   0.100,   3.682
202604091606,   3.434,9999.000,9999.000,9999.000,9999.000,9999.000,9999.000,9999.000,9999.000
202604091612,   3.492,9999.000,9999.000,9999.000,9999.000,9999.000,9999.000,9999.000,9999.000
202604091618,   3.547,9999.000,9999.000,9999.000,9999.000,9999.000,9999.000,9999.000,9999.000
202604091624,   3.599,9999.000,9999.000,9999.000,9999.000,9999.000,9999.000,9999.000,9999.000
202604091630,   3.648,9999.000,9999.000,9999.000,9999.000,9999.000,9999.000,9999.000,9999.000
202604091636,   3.695,9999.000,9999.000,9999.000,9999.000,9999.000,9999.000,9999.000,9999.000
202604091642,   3.739,9999.000,9999.000,9999.000,9999.000,9999.000,9999.000,9999.000,9999.000
202604091648,   3.781,9999.000,9999.000,9999.000,9999.000,9999.000,9999.000,9999.000,9999.000
202604091654,   3.820,9999.000,9999.000,9999.000,9999.000,9999.000,9999.000,9999.000,9999.000
202604091700,   3.857,9999.000,   0.000,   0.209,   4.066,  -0.100,   3.966,   0.100,   4.166
202604091706,   3.891,9999.000,9999.000,9999.000,9999.000,9999.000,9999.000,9999.000,9999.000
202604091712,   3.923,9999.000,9999.000,9999.000,9999.000,9999.000,9999.000,9999.000,9999.000
202604091718,   3.953,9999.000,9999.000,9999.000,9999.000,9999.000,9999.000,9999.000,9999.000
202604091724,   3.979,9999.000,9999.000,9999.000,9999.000,9999.000,9999.000,9999.000,9999.000
202604091730,   4.003,9999.000,9999.000,9999.000,9999.000,9999.000,9999.000,9999.000,9999.000
202604091736,   4.024,9999.000,9999.000,9999.000,9999.000,9999.000,9999.000,9999.000,9999.000
202604091742,   4.041,9999.000,9999.000,9999.000,9999.000,9999.000,9999.000,9999.000,9999.000
202604091748,   4.055,9999.000,9999.000,9999.000,9999.000,9999.000,9999.000,9999.000,9999.000
202604091754,   4.064,9999.000,9999.000,9999.000,9999.000,9999.000,9999.000,9999.000,9999.000
202604091800,   4.070,9999.000,   0.000,   0.209,   4.279,  -0.100,   4.179,   0.100,   4.379
