        TIME,    TIDE,      OB,   SURGE,    BIAS,     TWL,SURGE90p,  TWL90p,SURGE10p,   TWL10p
202606300000,   4.217,   4.519,   0.200,   0.102,   4.519,   0.200,   4.519,   0.200,   4.519
202606300006,   4.275,9999.000,9999.000,9999.000,9999.000,9999.000,9999.000,9999.000,9999.000
202606300012,   4.330,   4.647,9999.000,9999.000,9999.000,9999.000,9999.000,9999.000,9999.000
202606300018,   4.382,9999.000,9999.000,9999.000,9999.000,9999.000,9999.000,9999.000,9999.000
202606300024,   4.430,9999.000,9999.000,9999.000,9999.000,9999.000,9999.000,9999.000,9999.000
202606300030,   4.475,   4.759,9999.000,9999.000,9999.000,9999.000,9999.000,9999.000,9999.000
202606300036,   4.516,9999.000,9999.000,9999.000,9999.000,9999.000,9999.000,9999.000,9999.000
202606300042,   4.553,   4.808,9999.000,9999.000,9999.000,9999.000,9999.000,9999.000,9999.000
202606300048,   4.586,9999.000,9999.000,9999.000,9999.000,9999.000,9999.000,9999.000,9999.000
202606300054,   4.616,   5.047,9999.000,9999.000,9999.000,9999.000,9999.000,9999.000,9999.000
202606300100,   4.641,   4.910,   0.200,   0.069,   4.910,   0.200,   4.910,   0.300,   5.010
202606300106,   4.662,   4.919,9999.000,9999.000,9999.000,9999.000,9999.000,9999.000,9999.000
202606300112,   4.678,   4.929,9999.000,9999.000,9999.000,9999.000,9999.000,9999.000,9999.000
202606300118,   4.690,   4.949,9999.000,9999.000,9999.000,9999.000,9999.000,9999.000,9999.000
202606300124,   4.697,   4.979,9999.000,9999.000,9999.000,9999.000,9999.000,9999.000,9999.000
202606300130,   4.699,   5.047,9999.000,9999.000,9999.000,9999.000,9999.000,9999.000,9999.000
202606300136,   4.695,   5.047,9999.000,9999.000,9999.000,9999.000,9999.000,9999.000,9999.000
202606300142,   4.687,   5.028,9999.000,9999.000,9999.000,9999.000,9999.000,9999.000,9999.000
202606300148,   4.673,   4.988,9999.000,9999.000,9999.000,9999.000,9999.000,9999.000,9999.000
202606300154,   4.654,   4.831,9999.000,9999.000,9999.000,9999.000,9999.000,9999.000,9999.000
202606300200,   4.629,   4.929,   0.300,  -0.000,   4.929,   0.200,   4.829,   0.300,   4.929
202606300206,   4.598,   4.919,9999.000,9999.000,9999.000,9999.000,9999.000,9999.000,9999.000
202606300212,   4.561,   4.919,9999.000,9999.000,9999.000,9999.000,9999.000,9999.000,9999.000
202606300218,   4.518,   4.887,9999.000,9999.000,9999.000,9999.000,9999.000,9999.000,9999.000
202606300224,   4.470,   4.837,9999.000,9999.000,9999.000,9999.000,9999.000,9999.000,9999.000
202606300230,   4.415,   4.828,9999.000,9999.000,9999.000,9999.000,9999.000,9999.000,9999.000
202606300236,   4.354,   4.818,9999.000,9999.000,9999.000,9999.000,9999.000,9999.000,9999.000
202606300242,   4.288,   4.749,9999.000,9999.000,9999.000,9999.000,9999.000,9999.000,9999.000
202606300248,   4.215,   4.647,9999.000,9999.000,9999.000,9999.000,9999.000,9999.000,9999.000
202606300254,   4.137,   4.578,9999.000,9999.000,9999.000,9999.000,9999.000,9999.000,9999.000
202606300300,   4.053,   4.388,   0.300,   0.035,   4.388,   0.200,   4.288,   0.300,   4.388
202606300306,   3.965,   4.309,9999.000,9999.000,9999.000,9999.000,9999.000,9999.000,9999.000
202606300312,   3.871,   4.319,9999.000,9999.000,9999.000,9999.000,9999.000,9999.000,9999.000
202606300318,   3.772,   4.290,9999.000,9999.000,9999.000,9999.000,9999.000,9999.000,9999.000
202606300324,   3.670,   4.168,9999.000,9999.000,9999.000,9999.000,9999.000,9999.000,9999.000
202606300330,   3.563,   4.017,9999.000,9999.000,9999.000,9999.000,9999.000,9999.000,9999.000
202606300336,   3.453,   3.890,9999.000,9999.000,9999.000,9999.000,9999.000,9999.000,9999.000
202606300342,   3.340,   3.758,9999.000,9999.000,9999.000,9999.000,9999.000,9999.000,9999.000
202606300348,   3.224,   3.660,9999.000,9999.000,9999.000,9999.000,9999.000,9999.000,9999.000
202606300354,   3.106,   3.519,9999.000,9999.000,9999.000,9999.000,9999.000,9999.000,9999.000
202606300400,   2.986,   3.398,   0.300,   0.112,   3.398,   0.300,   3.398,   0.300,   3.398
202606300406,   2.865,   3.207,9999.000,9999.000,9999.000,9999.000,9999.000,9999.000,9999.000
202606300412,   2.744,   3.070,9999.000,9999.000,9999.000,9999.000,9999.000,9999.000,9999.000
202606300418,   2.622,   2.958,9999.000,9999.000,9999.000,9999.000,9999.000,9999.000,9999.000
202606300424,   2.500,   2.850,9999.000,9999.000,9999.000,9999.000,9999.000,9999.000,9999.000
202606300430,   2.379,   2.660,9999.000,9999.000,9999.000,9999.000,9999.000,9999.000,9999.000
202606300436,   2.259,   2.568,9999.000,9999.000,9999.000,9999.000,9999.000,9999.000,9999.000
202606300442,   2.140,   2.528,9999.000,9999.000,9999.000,9999.000,9999.000,9999.000,9999.000
202606300448,   2.023,   2.440,9999.000,9999.000,9999.000,9999.000,9999.000,9999.000,9999.000
202606300454,   1.908,   2.328,9999.000,9999.000,9999.000,9999.000,9999.000,9999.000,9999.000
202606300500,   1.795,   2.168,   0.300,   0.073,   2.168,   0.200,   2.068,   0.300,   2.168
202606300506,   1.685,   2.000,9999.000,9999.000,9999.000,9999.000,9999.000,9999.000,9999.000
202606300512,   1.578,   1.849,9999.000,9999.000,9999.000,9999.000,9999.000,9999.000,9999.000
202606300518,   1.474,   1.767,9999.000,9999.000,9999.000,9999.000,9999.000,9999.000,9999.000
202606300524,   1.372,   1.728,9999.000,9999.000,9999.000,9999.000,9999.000,9999.000,9999.000
202606300530,   1.274,   1.699,9999.000,9999.000,9999.000,9999.000,9999.000,9999.000,9999.000
202606300536,   1.180,   1.639,9999.000,9999.000,9999.000,9999.000,9999.000,9999.000,9999.000
202606300542,   1.089,   1.548,9999.000,9999.000,9999.000,9999.000,9999.000,9999.000,9999.000
202606300548,   1.002,   1.469,9999.000,9999.000,9999.000,9999.000,9999.000,9999.000,9999.000
202606300554,   0.919,   1.348,9999.000,9999.000,9999.000,9999.000,9999.000,9999.000,9999.000
202606300600,   0.839,   1.239,   0.300,   0.100,   1.239,   0.300,   1.239,   0.400,   1.339
202606300606,   0.764,   1.161,9999.000,9999.000,9999.000,9999.000,9999.000,9999.000,9999.000
202606300612,   0.693,   1.108,9999.000,9999.000,9999.000,9999.000,9999.000,9999.000,9999.000
202606300618,   0.626,   1.088,9999.000,9999.000,9999.000,9999.000,9999.000,9999.000,9999.000
202606300624,   0.563,   1.059,9999.000,9999.000,9999.000,9999.000,9999.000,9999.000,9999.000
202606300630,   0.505,   1.010,9999.000,9999.000,9999.000,9999.000,9999.000,9999.000,9999.000
202606300636,   0.451,   0.980,9999.000,9999.000,9999.000,9999.000,9999.000,9999.000,9999.000
202606300642,   0.403,   0.941,9999.000,9999.000,9999.000,9999.000,9999.000,9999.000,9999.000
202606300648,   0.359,   0.888,9999.000,9999.000,9999.000,9999.000,9999.000,9999.000,9999.000
202606300654,   0.321,   0.849,9999.000,9999.000,9999.000,9999.000,9999.000,9999.000,9999.000
202606300700,   0.287,   0.819,   0.300,   0.232,   0.819,   0.300,   0.819,   0.400,   0.919
202606300706,   0.259,   0.819,9999.000,9999.000,9999.000,9999.000,9999.000,9999.000,9999.000
202606300712,   0.237,   0.810,9999.000,9999.000,9999.000,9999.000,9999.000,9999.000,9999.000
202606300718,   0.220,   0.800,9999.000,9999.000,9999.000,9999.000,9999.000,9999.000,9999.000
202606300724,   0.209,   0.800,9999.000,9999.000,9999.000,9999.000,9999.000,9999.000,9999.000
202606300730,   0.204,   0.790,9999.000,9999.000,9999.000,9999.000,9999.000,9999.000,9999.000
202606300736,   0.204,   0.770,9999.000,9999.000,9999.000,9999.000,9999.000,9999.000,9999.000
202606300742,   0.211,   0.770,9999.000,9999.000,9999.000,9999.000,9999.000,9999.000,9999.000
202606300748,   0.223,   0.780,9999.000,9999.000,9999.000,9999.000,9999.000,9999.000,9999.000
202606300754,   0.241,   0.829,9999.000,9999.000,9999.000,9999.000,9999.000,9999.000,9999.000
202606300800,   0.264,   0.859,   0.400,   0.195,   0.859,   0.300,   0.759,   0.400,   0.859
202606300806,   0.294,   0.908,9999.000,9999.000,9999.000,9999.000,9999.000,9999.000,9999.000
202606300812,   0.328,   0.990,9999.000,9999.000,9999.000,9999.000,9999.000,9999.000,9999.000
202606300818,   0.368,   1.039,9999.000,9999.000,9999.000,9999.000,9999.000,9999.000,9999.000
202606300824,   0.413,   1.079,9999.000,9999.000,9999.000,9999.000,9999.000,9999.000,9999.000
202606300830,   0.463,   1.088,9999.000,9999.000,9999.000,9999.000,9999.000,9999.000,9999.000
202606300836,   0.517,   1.161,9999.000,9999.000,9999.000,9999.000,9999.000,9999.000,9999.000
202606300842,   0.576,   1.249,9999.000,9999.000,9999.000,9999.000,9999.000,9999.000,9999.000
202606300848,   0.638,   1.348,9999.000,9999.000,9999.000,9999.000,9999.000,9999.000,9999.000
202606300854,   0.704,   1.430,9999.000,9999.000,9999.000,9999.000,9999.000,9999.000,9999.000
202606300900,   0.773,   1.479,   0.400,   0.306,   1.479,   0.400,   1.479,   0.400,   1.479
202606300906,   0.846,   1.528,9999.000,9999.000,9999.000,9999.000,9999.000,9999.000,9999.000
202606300912,   0.921,   1.600,9999.000,9999.000,9999.000,9999.000,9999.000,9999.000,9999.000
202606300918,   0.998,   1.669,9999.000,9999.000,9999.000,9999.000,9999.000,9999.000,9999.000
202606300924,   1.078,   1.748,9999.000,9999.000,9999.000,9999.000,9999.000,9999.000,9999.000
202606300930,   1.159,   1.840,9999.000,9999.000,9999.000,9999.000,9999.000,9999.000,9999.000
202606300936,   1.241,   1.948,9999.000,9999.000,9999.000,9999.000,9999.000,9999.000,9999.000
202606300942,   1.325,   2.040,9999.000,9999.000,9999.000,9999.000,9999.000,9999.000,9999.000
202606300948,   1.409,   2.118,9999.000,9999.000,9999.000,9999.000,9999.000,9999.000,9999.000
202606300954,   1.495,   2.158,9999.000,9999.000,9999.000,9999.000,9999.000,9999.000,9999.000
202606301000,   1.580,   2.240,   0.400,   0.260,   2.240,   0.400,   2.240,   0.500,   2.340
202606301006,   1.666,   2.377,9999.000,9999.000,9999.000,9999.000,9999.000,9999.000,9999.000
202606301012,   1.752,   2.519,9999.000,9999.000,9999.000,9999.000,9999.000,9999.000,9999.000
202606301018,   1.838,   2.610,9999.000,9999.000,9999.000,9999.000,9999.000,9999.000,9999.000
202606301024,   1.924,   2.689,9999.000,9999.000,9999.000,9999.000,9999.000,9999.000,9999.000
202606301030,   2.009,   2.758,9999.000,9999.000,9999.000,9999.000,9999.000,9999.000,9999.000
202606301036,   2.093,   2.879,9999.000,9999.000,9999.000,9999.000,9999.000,9999.000,9999.000
202606301042,   2.177,   2.978,9999.000,9999.000,9999.000,9999.000,9999.000,9999.000,9999.000
202606301048,   2.260,   3.050,9999.000,9999.000,9999.000,9999.000,9999.000,9999.000,9999.000
202606301054,   2.342,   3.129,9999.000,9999.000,9999.000,9999.000,9999.000,9999.000,9999.000
202606301100,   2.422,   3.178,   0.500,   0.256,   3.178,   0.400,   3.078,   0.500,   3.178
202606301106,   2.502,   3.230,9999.000,9999.000,9999.000,9999.000,9999.000,9999.000,9999.000
202606301112,   2.580,   3.319,9999.000,9999.000,9999.000,9999.000,9999.000,9999.000,9999.000
202606301118,   2.657,   3.407,9999.000,9999.000,9999.000,9999.000,9999.000,9999.000,9999.000
202606301124,   2.731,   3.489,9999.000,9999.000,9999.000,9999.000,9999.000,9999.000,9999.000
202606301130,   2.805,   3.548,9999.000,9999.000,9999.000,9999.000,9999.000,9999.000,9999.000
202606301136,   2.876,   3.578,9999.000,9999.000,9999.000,9999.000,9999.000,9999.000,9999.000
202606301142,   2.945,   3.617,9999.000,9999.000,9999.000,9999.000,9999.000,9999.000,9999.000
202606301148,   3.012,   3.709,9999.000,9999.000,9999.000,9999.000,9999.000,9999.000,9999.000
202606301154,   3.076,   3.768,9999.000,9999.000,9999.000,9999.000,9999.000,9999.000,9999.000
202606301200,   3.138,   3.817,   0.600,   0.079,   3.817,   0.600,   3.817,   0.600,   3.817
202606301206,   3.198,   3.890,9999.000,9999.000,9999.000,9999.000,9999.000,9999.000,9999.000
202606301212,   3.255,   3.949,9999.000,9999.000,9999.000,9999.000,9999.000,9999.000,9999.000
202606301218,   3.308,   4.008,9999.000,9999.000,9999.000,9999.000,9999.000,9999.000,9999.000
202606301224,   3.359,   4.027,9999.000,9999.000,9999.000,9999.000,9999.000,9999.000,9999.000
202606301230,   3.407,   4.080,9999.000,9999.000,9999.000,9999.000,9999.000,9999.000,9999.000
202606301236,   3.451,   4.129,9999.000,9999.000,9999.000,9999.000,9999.000,9999.000,9999.000
202606301242,   3.492,   4.178,9999.000,9999.000,9999.000,9999.000,9999.000,9999.000,9999.000
202606301248,   3.530,   4.280,9999.000,9999.000,9999.000,9999.000,9999.000,9999.000,9999.000
202606301254,   3.564,   4.159,9999.000,9999.000,9999.000,9999.000,9999.000,9999.000,9999.000
202606301300,   3.594,   4.319,   0.600,   0.125,   4.319,   0.600,   4.319,   0.600,   4.319
202606301306,   3.621,   4.280,9999.000,9999.000,9999.000,9999.000,9999.000,9999.000,9999.000
202606301312,   3.643,   4.309,9999.000,9999.000,9999.000,9999.000,9999.000,9999.000,9999.000
202606301318,   3.661,   4.280,9999.000,9999.000,9999.000,9999.000,9999.000,9999.000,9999.000
202606301324,   3.676,   4.509,9999.000,9999.000,9999.000,9999.000,9999.000,9999.000,9999.000
202606301330,   3.686,   4.437,9999.000,9999.000,9999.000,9999.000,9999.000,9999.000,9999.000
202606301336,   3.691,   4.359,9999.000,9999.000,9999.000,9999.000,9999.000,9999.000,9999.000
202606301342,   3.693,   4.359,9999.000,9999.000,9999.000,9999.000,9999.000,9999.000,9999.000
202606301348,   3.689,   4.398,9999.000,9999.000,9999.000,9999.000,9999.000,9999.000,9999.000
202606301354,   3.681,   4.467,9999.000,9999.000,9999.000,9999.000,9999.000,9999.000,9999.000
202606301400,   3.668,   4.447,   0.600,   0.179,   4.447,   0.600,   4.447,   0.700,   4.547
202606301406,   3.650,   4.388,9999.000,9999.000,9999.000,9999.000,9999.000,9999.000,9999.000
202606301412,   3.627,   4.368,9999.000,9999.000,9999.000,9999.000,9999.000,9999.000,9999.000
202606301418,   3.599,   4.378,9999.000,9999.000,9999.000,9999.000,9999.000,9999.000,9999.000
202606301424,   3.565,   4.378,9999.000,9999.000,9999.000,9999.000,9999.000,9999.000,9999.000
202606301430,   3.526,   4.388,9999.000,9999.000,9999.000,9999.000,9999.000,9999.000,9999.000
202606301436,   3.482,   4.329,9999.000,9999.000,9999.000,9999.000,9999.000,9999.000,9999.000
202606301442,   3.433,   4.267,9999.000,9999.000,9999.000,9999.000,9999.000,9999.000,9999.000
202606301448,   3.378,   4.227,9999.000,9999.000,9999.000,9999.000,9999.000,9999.000,9999.000
202606301454,   3.318,   4.178,9999.000,9999.000,9999.000,9999.000,9999.000,9999.000,9999.000
202606301500,   3.253,   4.119,   0.600,   0.266,   4.119,   0.600,   4.119,   0.700,   4.219
202606301506,   3.183,   4.027,9999.000,9999.000,9999.000,9999.000,9999.000,9999.000,9999.000
202606301512,   3.108,9999.000,9999.000,9999.000,9999.000,9999.000,9999.000,9999.000,9999.000
202606301518,   3.028,9999.000,9999.000,9999.000,9999.000,9999.000,9999.000,9999.000,9999.000
202606301524,   2.944,   3.230,9999.000,9999.000,9999.000,9999.000,9999.000,9999.000,9999.000
202606301530,   2.855,   3.778,9999.000,9999.000,9999.000,9999.000,9999.000,9999.000,9999.000
202606301536,   2.763,   3.670,9999.000,9999.000,9999.000,9999.000,9999.000,9999.000,9999.000
202606301542,   2.667,   3.548,9999.000,9999.000,9999.000,9999.000,9999.000,9999.000,9999.000
202606301548,   2.569,   3.440,9999.000,9999.000,9999.000,9999.000,9999.000,9999.000,9999.000
202606301554,   2.467,   3.319,9999.000,9999.000,9999.000,9999.000,9999.000,9999.000,9999.000
202606301600,   2.363,   3.230,   0.700,   0.167,   3.230,   0.600,   3.130,   0.700,   3.230
202606301606,   2.258,   3.158,9999.000,9999.000,9999.000,9999.000,9999.000,9999.000,9999.000
202606301612,   2.151,9999.000,9999.000,9999.000,9999.000,9999.000,9999.000,9999.000,9999.000
202606301618,   2.043,   2.948,9999.000,9999.000,9999.000,9999.000,9999.000,9999.000,9999.000
202606301624,   1.935,   2.830,9999.000,9999.000,9999.000,9999.000,9999.000,9999.000,9999.000
202606301630,   1.828,   2.709,9999.000,9999.000,9999.000,9999.000,9999.000,9999.000,9999.000
202606301636,   1.721,   2.620,9999.000,9999.000,9999.000,9999.000,9999.000,9999.000,9999.000
202606301642,   1.615,   2.519,9999.000,9999.000,9999.000,9999.000,9999.000,9999.000,9999.000
202606301648,   1.511,   2.420,9999.000,9999.000,9999.000,9999.000,9999.000,9999.000,9999.000
202606301654,   1.409,   1.666,9999.000,9999.000,9999.000,9999.000,9999.000,9999.000,9999.000
202606301700,   1.309,   1.666,   0.700,  -0.343,   1.666,   0.600,   1.566,   0.700,   1.666
202606301706,   1.212,9999.000,9999.000,9999.000,9999.000,9999.000,9999.000,9999.000,9999.000
202606301712,   1.119,9999.000,9999.000,9999.000,9999.000,9999.000,9999.000,9999.000,9999.000
202606301718,   1.029,9999.000,9999.000,9999.000,9999.000,9999.000,9999.000,9999.000,9999.000
202606301724,   0.942,   1.728,9999.000,9999.000,9999.000,9999.000,9999.000,9999.000,9999.000
202606301730,   0.859,   1.669,9999.000,9999.000,9999.000,9999.000,9999.000,9999.000,9999.000
202606301736,   0.781,   1.580,9999.000,9999.000,9999.000,9999.000,9999.000,9999.000,9999.000
202606301742,   0.707,   1.489,9999.000,9999.000,9999.000,9999.000,9999.000,9999.000,9999.000
202606301748,   0.637,   1.410,9999.000,9999.000,9999.000,9999.000,9999.000,9999.000,9999.000
202606301754,   0.571,9999.000,9999.000,9999.000,9999.000,9999.000,9999.000,9999.000,9999.000
202606301800,   0.511,9999.000,   0.800,9999.000,   1.311,   0.700,   1.211,   0.900,   1.411
202606301806,   0.454,9999.000,9999.000,9999.000,9999.000,9999.000,9999.000,9999.000,9999.000
202606301812,   0.403,9999.000,9999.000,9999.000,9999.000,9999.000,9999.000,9999.000,9999.000
202606301818,   0.356,9999.000,9999.000,9999.000,9999.000,9999.000,9999.000,9999.000,9999.000
202606301824,   0.314,   0.898,9999.000,9999.000,9999.000,9999.000,9999.000,9999.000,9999.000
202606301830,   0.277,9999.000,9999.000,9999.000,9999.000,9999.000,9999.000,9999.000,9999.000
202606301836,   0.244,9999.000,9999.000,9999.000,9999.000,9999.000,9999.000,9999.000,9999.000
202606301842,   0.216,9999.000,9999.000,9999.000,9999.000,9999.000,9999.000,9999.000,9999.000
202606301848,   0.193,9999.000,9999.000,9999.000,9999.000,9999.000,9999.000,9999.000,9999.000
202606301854,   0.175,   0.898,9999.000,9999.000,9999.000,9999.000,9999.000,9999.000,9999.000
202606301900,   0.162,   0.898,   0.900,  -0.164,   0.898,   0.800,   0.798,   0.900,   0.898
202606301906,   0.154,   0.869,9999.000,9999.000,9999.000,9999.000,9999.000,9999.000,9999.000
202606301912,   0.151,   0.829,9999.000,9999.000,9999.000,9999.000,9999.000,9999.000,9999.000
202606301918,   0.153,   0.829,9999.000,9999.000,9999.000,9999.000,9999.000,9999.000,9999.000
202606301924,   0.160,   0.859,9999.000,9999.000,9999.000,9999.000,9999.000,9999.000,9999.000
202606301930,   0.172,   0.888,9999.000,9999.000,9999.000,9999.000,9999.000,9999.000,9999.000
202606301936,   0.190,   0.908,9999.000,9999.000,9999.000,9999.000,9999.000,9999.000,9999.000
202606301942,   0.212,   0.918,9999.000,9999.000,9999.000,9999.000,9999.000,9999.000,9999.000
202606301948,   0.240,   0.980,9999.000,9999.000,9999.000,9999.000,9999.000,9999.000,9999.000
202606301954,   0.274,   1.029,9999.000,9999.000,9999.000,9999.000,9999.000,9999.000,9999.000
202606302000,   0.312,   1.088,   0.900,  -0.124,   1.088,   0.900,   1.088,   1.000,   1.188
202606302006,   0.356,   1.161,9999.000,9999.000,9999.000,9999.000,9999.000,9999.000,9999.000
202606302012,   0.404,   1.239,9999.000,9999.000,9999.000,9999.000,9999.000,9999.000,9999.000
202606302018,   0.458,   1.118,9999.000,9999.000,9999.000,9999.000,9999.000,9999.000,9999.000
202606302024,   0.516,   1.308,9999.000,9999.000,9999.000,9999.000,9999.000,9999.000,9999.000
202606302030,   0.580,   1.420,9999.000,9999.000,9999.000,9999.000,9999.000,9999.000,9999.000
202606302036,   0.647,   1.498,9999.000,9999.000,9999.000,9999.000,9999.000,9999.000,9999.000
202606302042,   0.719,   1.528,9999.000,9999.000,9999.000,9999.000,9999.000,9999.000,9999.000
202606302048,   0.795,   1.620,9999.000,9999.000,9999.000,9999.000,9999.000,9999.000,9999.000
202606302054,   0.875,   1.728,9999.000,9999.000,9999.000,9999.000,9999.000,9999.000,9999.000
202606302100,   0.958,   1.849,   0.900,  -0.009,   1.849,   0.900,   1.849,   1.000,   1.949
202606302106,   1.045,   1.908,9999.000,9999.000,9999.000,9999.000,9999.000,9999.000,9999.000
202606302112,   1.134,   2.020,9999.000,9999.000,9999.000,9999.000,9999.000,9999.000,9999.000
202606302118,   1.226,   2.118,9999.000,9999.000,9999.000,9999.000,9999.000,9999.000,9999.000
202606302124,   1.320,   2.168,9999.000,9999.000,9999.000,9999.000,9999.000,9999.000,9999.000
202606302130,   1.416,   2.299,9999.000,9999.000,9999.000,9999.000,9999.000,9999.000,9999.000
202606302136,   1.514,   2.400,9999.000,9999.000,9999.000,9999.000,9999.000,9999.000,9999.000
202606302142,   1.612,   2.450,9999.000,9999.000,9999.000,9999.000,9999.000,9999.000,9999.000
202606302148,   1.712,   2.548,9999.000,9999.000,9999.000,9999.000,9999.000,9999.000,9999.000
202606302154,   1.813,   2.640,9999.000,9999.000,9999.000,9999.000,9999.000,9999.000,9999.000
202606302200,   1.914,   2.748,   0.900,  -0.066,   2.748,   0.900,   2.748,   1.100,   2.948
202606302206,   2.015,   2.879,9999.000,9999.000,9999.000,9999.000,9999.000,9999.000,9999.000
202606302212,   2.116,   2.968,9999.000,9999.000,9999.000,9999.000,9999.000,9999.000,9999.000
202606302218,   2.217,   3.030,9999.000,9999.000,9999.000,9999.000,9999.000,9999.000,9999.000
202606302224,   2.317,   3.129,9999.000,9999.000,9999.000,9999.000,9999.000,9999.000,9999.000
202606302230,   2.417,   3.230,9999.000,9999.000,9999.000,9999.000,9999.000,9999.000,9999.000
202606302236,   2.516,   3.309,9999.000,9999.000,9999.000,9999.000,9999.000,9999.000,9999.000
202606302242,   2.614,   3.378,9999.000,9999.000,9999.000,9999.000,9999.000,9999.000,9999.000
202606302248,   2.711,   3.460,9999.000,9999.000,9999.000,9999.000,9999.000,9999.000,9999.000
202606302254,   2.806,   3.548,9999.000,9999.000,9999.000,9999.000,9999.000,9999.000,9999.000
202606302300,   2.901,   3.650,   1.000,  -0.251,   3.650,   0.900,   3.550,   1.100,   3.750
202606302306,   2.994,9999.000,9999.000,9999.000,9999.000,9999.000,9999.000,9999.000,9999.000
202606302312,   3.086,9999.000,9999.000,9999.000,9999.000,9999.000,9999.000,9999.000,9999.000
202606302318,   3.177,9999.000,9999.000,9999.000,9999.000,9999.000,9999.000,9999.000,9999.000
202606302324,   3.266,   4.500,9999.000,9999.000,9999.000,9999.000,9999.000,9999.000,9999.000
202606302330,   3.353,   4.109,9999.000,9999.000,9999.000,9999.000,9999.000,9999.000,9999.000
202606302336,   3.438,   4.139,9999.000,9999.000,9999.000,9999.000,9999.000,9999.000,9999.000
202606302342,   3.522,   4.267,9999.000,9999.000,9999.000,9999.000,9999.000,9999.000,9999.000
202606302348,   3.603,   4.378,9999.000,9999.000,9999.000,9999.000,9999.000,9999.000,9999.000
202606302354,   3.683,   4.457,9999.000,9999.000,9999.000,9999.000,9999.000,9999.000,9999.000
202607010000,   3.760,   4.500,   0.900,  -0.160,   4.500,   0.800,   4.400,   0.900,   4.500
202607010006,   3.835,   4.667,9999.000,9999.000,9999.000,9999.000,9999.000,9999.000,9999.000
202607010012,   3.908,   4.739,9999.000,9999.000,9999.000,9999.000,9999.000,9999.000,9999.000
202607010018,   3.978,   4.818,9999.000,9999.000,9999.000,9999.000,9999.000,9999.000,9999.000
202607010024,   4.046,   4.867,9999.000,9999.000,9999.000,9999.000,9999.000,9999.000,9999.000
202607010030,   4.111,   4.939,9999.000,9999.000,9999.000,9999.000,9999.000,9999.000,9999.000
202607010036,   4.173,   4.998,9999.000,9999.000,9999.000,9999.000,9999.000,9999.000,9999.000
202607010042,   4.232,   5.028,9999.000,9999.000,9999.000,9999.000,9999.000,9999.000,9999.000
202607010048,   4.288,   5.077,9999.000,9999.000,9999.000,9999.000,9999.000,9999.000,9999.000
202607010054,   4.341,   5.159,9999.000,9999.000,9999.000,9999.000,9999.000,9999.000,9999.000
202607010100,   4.390,   5.169,   0.900,  -0.121,   5.169,   0.800,   5.069,   1.000,   5.269
202607010106,   4.436,   5.208,9999.000,9999.000,9999.000,9999.000,9999.000,9999.000,9999.000
202607010112,   4.479,   5.307,9999.000,9999.000,9999.000,9999.000,9999.000,9999.000,9999.000
202607010118,   4.517,   5.307,9999.000,9999.000,9999.000,9999.000,9999.000,9999.000,9999.000
202607010124,   4.552,   5.329,9999.000,9999.000,9999.000,9999.000,9999.000,9999.000,9999.000
202607010130,   4.583,   5.389,9999.000,9999.000,9999.000,9999.000,9999.000,9999.000,9999.000
202607010136,   4.610,   5.428,9999.000,9999.000,9999.000,9999.000,9999.000,9999.000,9999.000
202607010142,   4.633,   5.487,9999.000,9999.000,9999.000,9999.000,9999.000,9999.000,9999.000
202607010148,   4.651,   5.477,9999.000,9999.000,9999.000,9999.000,9999.000,9999.000,9999.000
202607010154,   4.664,   5.457,9999.000,9999.000,9999.000,9999.000,9999.000,9999.000,9999.000
202607010200,   4.673,   5.457,   0.900,  -0.116,   5.457,   0.900,   5.457,   1.000,   5.557
202607010206,   4.678,   5.487,9999.000,9999.000,9999.000,9999.000,9999.000,9999.000,9999.000
202607010212,   4.677,   5.497,9999.000,9999.000,9999.000,9999.000,9999.000,9999.000,9999.000
202607010218,   4.671,   5.497,9999.000,9999.000,9999.000,9999.000,9999.000,9999.000,9999.000
202607010224,   4.660,   5.487,9999.000,9999.000,9999.000,9999.000,9999.000,9999.000,9999.000
202607010230,   4.643,   5.487,9999.000,9999.000,9999.000,9999.000,9999.000,9999.000,9999.000
202607010236,   4.621,   5.467,9999.000,9999.000,9999.000,9999.000,9999.000,9999.000,9999.000
202607010242,   4.594,   5.418,9999.000,9999.000,9999.000,9999.000,9999.000,9999.000,9999.000
202607010248,   4.560,   5.418,9999.000,9999.000,9999.000,9999.000,9999.000,9999.000,9999.000
202607010254,   4.521,   5.379,9999.000,9999.000,9999.000,9999.000,9999.000,9999.000,9999.000
202607010300,   4.476,   5.320,   0.900,  -0.056,   5.320,   0.900,   5.320,   1.000,   5.420
202607010306,   4.425,   5.329,9999.000,9999.000,9999.000,9999.000,9999.000,9999.000,9999.000
202607010312,   4.368,   5.297,9999.000,9999.000,9999.000,9999.000,9999.000,9999.000,9999.000
202607010318,   4.305,   5.228,9999.000,9999.000,9999.000,9999.000,9999.000,9999.000,9999.000
202607010324,   4.236,   5.179,9999.000,9999.000,9999.000,9999.000,9999.000,9999.000,9999.000
202607010330,   4.161,   5.120,9999.000,9999.000,9999.000,9999.000,9999.000,9999.000,9999.000
202607010336,   4.080,   5.057,9999.000,9999.000,9999.000,9999.000,9999.000,9999.000,9999.000
202607010342,   3.994,   5.008,9999.000,9999.000,9999.000,9999.000,9999.000,9999.000,9999.000
202607010348,   3.903,   4.929,9999.000,9999.000,9999.000,9999.000,9999.000,9999.000,9999.000
202607010354,   3.807,   4.818,9999.000,9999.000,9999.000,9999.000,9999.000,9999.000,9999.000
202607010400,   3.706,   4.739,   0.900,   0.133,   4.739,   0.900,   4.739,   1.000,   4.839
202607010406,   3.600,   4.637,9999.000,9999.000,9999.000,9999.000,9999.000,9999.000,9999.000
202607010412,   3.490,   4.529,9999.000,9999.000,9999.000,9999.000,9999.000,9999.000,9999.000
202607010418,   3.377,   4.418,9999.000,9999.000,9999.000,9999.000,9999.000,9999.000,9999.000
202607010424,   3.261,   4.309,9999.000,9999.000,9999.000,9999.000,9999.000,9999.000,9999.000
202607010430,   3.142,   4.218,9999.000,9999.000,9999.000,9999.000,9999.000,9999.000,9999.000
202607010436,   3.021,   4.099,9999.000,9999.000,9999.000,9999.000,9999.000,9999.000,9999.000
202607010442,   2.898,   3.949,9999.000,9999.000,9999.000,9999.000,9999.000,9999.000,9999.000
202607010448,   2.774,   3.808,9999.000,9999.000,9999.000,9999.000,9999.000,9999.000,9999.000
202607010454,   2.649,   3.699,9999.000,9999.000,9999.000,9999.000,9999.000,9999.000,9999.000
202607010500,   2.524,   3.607,   0.900,   0.183,   3.607,   0.900,   3.607,   1.000,   3.707
202607010506,   2.399,   3.480,9999.000,9999.000,9999.000,9999.000,9999.000,9999.000,9999.000
202607010512,   2.275,   3.339,9999.000,9999.000,9999.000,9999.000,9999.000,9999.000,9999.000
202607010518,   2.152,   3.230,9999.000,9999.000,9999.000,9999.000,9999.000,9999.000,9999.000
202607010524,   2.031,   3.138,9999.000,9999.000,9999.000,9999.000,9999.000,9999.000,9999.000
202607010530,   1.912,   3.040,9999.000,9999.000,9999.000,9999.000,9999.000,9999.000,9999.000
202607010536,   1.796,   2.919,9999.000,9999.000,9999.000,9999.000,9999.000,9999.000,9999.000
202607010542,   1.682,   2.778,9999.000,9999.000,9999.000,9999.000,9999.000,9999.000,9999.000
202607010548,   1.571,   2.679,9999.000,9999.000,9999.000,9999.000,9999.000,9999.000,9999.000
202607010554,   1.464,   2.597,9999.000,9999.000,9999.000,9999.000,9999.000,9999.000,9999.000
202607010600,   1.360,   2.469,   0.900,   0.209,   2.469,   0.900,   2.469,   0.900,   2.469
202607010606,   1.260,   2.368,9999.000,9999.000,9999.000,9999.000,9999.000,9999.000,9999.000
202607010612,   1.163,   2.299,9999.000,9999.000,9999.000,9999.000,9999.000,9999.000,9999.000
202607010618,   1.071,   2.230,9999.000,9999.000,9999.000,9999.000,9999.000,9999.000,9999.000
202607010624,   0.983,   2.148,9999.000,9999.000,9999.000,9999.000,9999.000,9999.000,9999.000
202607010630,   0.899,   2.040,9999.000,9999.000,9999.000,9999.000,9999.000,9999.000,9999.000
202607010636,   0.819,   1.938,9999.000,9999.000,9999.000,9999.000,9999.000,9999.000,9999.000
202607010642,   0.744,   1.869,9999.000,9999.000,9999.000,9999.000,9999.000,9999.000,9999.000
202607010648,   0.673,   1.790,9999.000,9999.000,9999.000,9999.000,9999.000,9999.000,9999.000
202607010654,   0.607,   1.708,9999.000,9999.000,9999.000,9999.000,9999.000,9999.000,9999.000
202607010700,   0.546,   1.649,   0.900,   0.203,   1.649,   0.800,   1.549,   0.900,   1.649
202607010706,   0.489,   1.620,9999.000,9999.000,9999.000,9999.000,9999.000,9999.000,9999.000
202607010712,   0.437,   1.580,9999.000,9999.000,9999.000,9999.000,9999.000,9999.000,9999.000
202607010718,   0.389,   1.548,9999.000,9999.000,9999.000,9999.000,9999.000,9999.000,9999.000
202607010724,   0.347,   1.508,9999.000,9999.000,9999.000,9999.000,9999.000,9999.000,9999.000
202607010730,   0.309,   1.430,9999.000,9999.000,9999.000,9999.000,9999.000,9999.000,9999.000
202607010736,   0.277,   1.361,9999.000,9999.000,9999.000,9999.000,9999.000,9999.000,9999.000
202607010742,   0.250,   1.298,9999.000,9999.000,9999.000,9999.000,9999.000,9999.000,9999.000
202607010748,   0.228,   1.308,9999.000,9999.000,9999.000,9999.000,9999.000,9999.000,9999.000
202607010754,   0.211,   1.318,9999.000,9999.000,9999.000,9999.000,9999.000,9999.000,9999.000
202607010800,   0.200,   1.308,   0.900,   0.208,   1.308,   0.900,   1.308,   1.000,   1.408
202607010806,   0.194,   1.279,9999.000,9999.000,9999.000,9999.000,9999.000,9999.000,9999.000
202607010812,   0.194,   1.239,9999.000,9999.000,9999.000,9999.000,9999.000,9999.000,9999.000
202607010818,   0.199,   1.220,9999.000,9999.000,9999.000,9999.000,9999.000,9999.000,9999.000
202607010824,   0.210,   1.259,9999.000,9999.000,9999.000,9999.000,9999.000,9999.000,9999.000
202607010830,   0.227,   1.298,9999.000,9999.000,9999.000,9999.000,9999.000,9999.000,9999.000
202607010836,   0.249,   1.318,9999.000,9999.000,9999.000,9999.000,9999.000,9999.000,9999.000
202607010842,   0.276,   1.348,9999.000,9999.000,9999.000,9999.000,9999.000,9999.000,9999.000
202607010848,   0.309,   1.410,9999.000,9999.000,9999.000,9999.000,9999.000,9999.000,9999.000
202607010854,   0.346,   1.459,9999.000,9999.000,9999.000,9999.000,9999.000,9999.000,9999.000
202607010900,   0.389,   1.469,   0.900,   0.180,   1.469,   0.900,   1.469,   1.000,   1.569
202607010906,   0.437,   1.489,9999.000,9999.000,9999.000,9999.000,9999.000,9999.000,9999.000
202607010912,   0.489,   1.508,9999.000,9999.000,9999.000,9999.000,9999.000,9999.000,9999.000
202607010918,   0.546,   1.557,9999.000,9999.000,9999.000,9999.000,9999.000,9999.000,9999.000
202607010924,   0.607,   1.639,9999.000,9999.000,9999.000,9999.000,9999.000,9999.000,9999.000
202607010930,   0.671,   1.748,9999.000,9999.000,9999.000,9999.000,9999.000,9999.000,9999.000
202607010936,   0.739,   1.758,9999.000,9999.000,9999.000,9999.000,9999.000,9999.000,9999.000
202607010942,   0.810,   1.830,9999.000,9999.000,9999.000,9999.000,9999.000,9999.000,9999.000
202607010948,   0.884,   1.908,9999.000,9999.000,9999.000,9999.000,9999.000,9999.000,9999.000
202607010954,   0.961,   1.948,9999.000,9999.000,9999.000,9999.000,9999.000,9999.000,9999.000
202607011000,   1.040,   2.030,   0.900,   0.090,   2.030,   0.900,   2.030,   1.000,   2.130
202607011006,   1.121,   2.118,9999.000,9999.000,9999.000,9999.000,9999.000,9999.000,9999.000
202607011012,   1.203,   2.210,9999.000,9999.000,9999.000,9999.000,9999.000,9999.000,9999.000
202607011018,   1.287,   2.259,9999.000,9999.000,9999.000,9999.000,9999.000,9999.000,9999.000
202607011024,   1.371,   2.309,9999.000,9999.000,9999.000,9999.000,9999.000,9999.000,9999.000
202607011030,   1.457,   2.358,9999.000,9999.000,9999.000,9999.000,9999.000,9999.000,9999.000
202607011036,   1.543,   2.479,9999.000,9999.000,9999.000,9999.000,9999.000,9999.000,9999.000
202607011042,   1.629,   2.597,9999.000,9999.000,9999.000,9999.000,9999.000,9999.000,9999.000
202607011048,   1.716,   2.709,9999.000,9999.000,9999.000,9999.000,9999.000,9999.000,9999.000
202607011054,   1.802,   2.807,9999.000,9999.000,9999.000,9999.000,9999.000,9999.000,9999.000
202607011100,   1.888,   2.899,   0.900,   0.111,   2.899,   0.900,   2.899,   1.000,   2.999
202607011106,   1.974,   2.938,9999.000,9999.000,9999.000,9999.000,9999.000,9999.000,9999.000
202607011112,   2.059,   3.040,9999.000,9999.000,9999.000,9999.000,9999.000,9999.000,9999.000
202607011118,   2.143,   3.138,9999.000,9999.000,9999.000,9999.000,9999.000,9999.000,9999.000
202607011124,   2.226,   3.207,9999.000,9999.000,9999.000,9999.000,9999.000,9999.000,9999.000
202607011130,   2.309,   3.279,9999.000,9999.000,9999.000,9999.000,9999.000,9999.000,9999.000
202607011136,   2.390,   3.358,9999.000,9999.000,9999.000,9999.000,9999.000,9999.000,9999.000
202607011142,   2.470,   3.440,9999.000,9999.000,9999.000,9999.000,9999.000,9999.000,9999.000
202607011148,   2.549,   3.539,9999.000,9999.000,9999.000,9999.000,9999.000,9999.000,9999.000
202607011154,   2.627,   3.617,9999.000,9999.000,9999.000,9999.000,9999.000,9999.000,9999.000
202607011200,   2.703,   3.670,   0.900,   0.067,   3.670,   0.800,   3.570,   0.900,   3.670
202607011206,   2.777,   3.719,9999.000,9999.000,9999.000,9999.000,9999.000,9999.000,9999.000
202607011212,   2.849,   3.788,9999.000,9999.000,9999.000,9999.000,9999.000,9999.000,9999.000
202607011218,   2.920,   3.880,9999.000,9999.000,9999.000,9999.000,9999.000,9999.000,9999.000
202607011224,   2.988,   3.939,9999.000,9999.000,9999.000,9999.000,9999.000,9999.000,9999.000
202607011230,   3.055,   3.998,9999.000,9999.000,9999.000,9999.000,9999.000,9999.000,9999.000
202607011236,   3.119,   4.037,9999.000,9999.000,9999.000,9999.000,9999.000,9999.000,9999.000
202607011242,   3.180,   4.109,9999.000,9999.000,9999.000,9999.000,9999.000,9999.000,9999.000
202607011248,   3.239,   4.178,9999.000,9999.000,9999.000,9999.000,9999.000,9999.000,9999.000
202607011254,   3.295,   4.247,9999.000,9999.000,9999.000,9999.000,9999.000,9999.000,9999.000
202607011300,   3.349,   4.300,   0.900,   0.051,   4.300,   0.800,   4.200,   0.900,   4.300
202607011306,   3.399,   4.339,9999.000,9999.000,9999.000,9999.000,9999.000,9999.000,9999.000
202607011312,   3.446,   4.388,9999.000,9999.000,9999.000,9999.000,9999.000,9999.000,9999.000
202607011318,   3.490,   4.418,9999.000,9999.000,9999.000,9999.000,9999.000,9999.000,9999.000
202607011324,   3.530,   4.457,9999.000,9999.000,9999.000,9999.000,9999.000,9999.000,9999.000
202607011330,   3.567,   4.539,9999.000,9999.000,9999.000,9999.000,9999.000,9999.000,9999.000
202607011336,   3.601,   4.519,9999.000,9999.000,9999.000,9999.000,9999.000,9999.000,9999.000
202607011342,   3.630,   4.608,9999.000,9999.000,9999.000,9999.000,9999.000,9999.000,9999.000
202607011348,   3.656,   4.618,9999.000,9999.000,9999.000,9999.000,9999.000,9999.000,9999.000
202607011354,   3.678,   4.559,9999.000,9999.000,9999.000,9999.000,9999.000,9999.000,9999.000
202607011400,   3.696,   4.647,   0.900,   0.051,   4.647,   0.800,   4.547,   0.900,   4.647
202607011406,   3.709,   4.667,9999.000,9999.000,9999.000,9999.000,9999.000,9999.000,9999.000
202607011412,   3.718,   4.667,9999.000,9999.000,9999.000,9999.000,9999.000,9999.000,9999.000
202607011418,   3.723,   4.657,9999.000,9999.000,9999.000,9999.000,9999.000,9999.000,9999.000
202607011424,   3.723,   4.657,9999.000,9999.000,9999.000,9999.000,9999.000,9999.000,9999.000
202607011430,   3.718,   4.677,9999.000,9999.000,9999.000,9999.000,9999.000,9999.000,9999.000
202607011436,   3.709,   4.710,9999.000,9999.000,9999.000,9999.000,9999.000,9999.000,9999.000
202607011442,   3.695,   4.667,9999.000,9999.000,9999.000,9999.000,9999.000,9999.000,9999.000
202607011448,   3.676,   4.647,9999.000,9999.000,9999.000,9999.000,9999.000,9999.000,9999.000
202607011454,   3.652,   4.637,9999.000,9999.000,9999.000,9999.000,9999.000,9999.000,9999.000
202607011500,   3.623,   4.628,   0.900,   0.105,   4.628,   0.800,   4.528,   0.900,   4.628
202607011506,   3.589,   4.598,9999.000,9999.000,9999.000,9999.000,9999.000,9999.000,9999.000
202607011512,   3.549,   4.559,9999.000,9999.000,9999.000,9999.000,9999.000,9999.000,9999.000
202607011518,   3.504,   4.549,9999.000,9999.000,9999.000,9999.000,9999.000,9999.000,9999.000
202607011524,   3.454,   4.519,9999.000,9999.000,9999.000,9999.000,9999.000,9999.000,9999.000
202607011530,   3.398,   4.480,9999.000,9999.000,9999.000,9999.000,9999.000,9999.000,9999.000
202607011536,   3.337,   4.437,9999.000,9999.000,9999.000,9999.000,9999.000,9999.000,9999.000
202607011542,   3.271,   4.359,9999.000,9999.000,9999.000,9999.000,9999.000,9999.000,9999.000
202607011548,   3.200,   4.300,9999.000,9999.000,9999.000,9999.000,9999.000,9999.000,9999.000
202607011554,   3.124,   4.257,9999.000,9999.000,9999.000,9999.000,9999.000,9999.000,9999.000
202607011600,   3.043,   4.198,   0.900,   0.255,   4.198,   0.800,   4.098,   0.900,   4.198
202607011606,   2.958,   4.090,9999.000,9999.000,9999.000,9999.000,9999.000,9999.000,9999.000
202607011612,   2.868,   3.929,9999.000,9999.000,9999.000,9999.000,9999.000,9999.000,9999.000
202607011618,   2.775,   3.817,9999.000,9999.000,9999.000,9999.000,9999.000,9999.000,9999.000
202607011624,   2.677,   3.739,9999.000,9999.000,9999.000,9999.000,9999.000,9999.000,9999.000
202607011630,   2.577,   3.660,9999.000,9999.000,9999.000,9999.000,9999.000,9999.000,9999.000
202607011636,   2.474,   3.548,9999.000,9999.000,9999.000,9999.000,9999.000,9999.000,9999.000
202607011642,   2.368,   3.417,9999.000,9999.000,9999.000,9999.000,9999.000,9999.000,9999.000
202607011648,   2.261,   3.319,9999.000,9999.000,9999.000,9999.000,9999.000,9999.000,9999.000
202607011654,   2.152,   3.230,9999.000,9999.000,9999.000,9999.000,9999.000,9999.000,9999.000
202607011700,   2.042,   3.119,   0.900,   0.177,   3.119,   0.800,   3.019,   0.900,   3.119
202607011706,   1.932,   2.988,9999.000,9999.000,9999.000,9999.000,9999.000,9999.000,9999.000
202607011712,   1.822,   2.850,9999.000,9999.000,9999.000,9999.000,9999.000,9999.000,9999.000
202607011718,   1.713,   2.689,9999.000,9999.000,9999.000,9999.000,9999.000,9999.000,9999.000
202607011724,   1.604,   2.578,9999.000,9999.000,9999.000,9999.000,9999.000,9999.000,9999.000
202607011730,   1.498,   2.469,9999.000,9999.000,9999.000,9999.000,9999.000,9999.000,9999.000
202607011736,   1.394,   2.377,9999.000,9999.000,9999.000,9999.000,9999.000,9999.000,9999.000
202607011742,   1.292,9999.000,9999.000,9999.000,9999.000,9999.000,9999.000,9999.000,9999.000
202607011748,   1.194,9999.000,9999.000,9999.000,9999.000,9999.000,9999.000,9999.000,9999.000
202607011754,   1.099,   1.990,9999.000,9999.000,9999.000,9999.000,9999.000,9999.000,9999.000
202607011800,   1.007,   1.908,   0.900,   0.001,   1.908,   0.800,   1.808,   0.900,   1.908
202607011806,   0.920,   1.830,9999.000,9999.000,9999.000,9999.000,9999.000,9999.000,9999.000
202607011812,   0.837,   1.748,9999.000,9999.000,9999.000,9999.000,9999.000,9999.000,9999.000
202607011818,   0.758,   1.630,9999.000,9999.000,9999.000,9999.000,9999.000,9999.000,9999.000
202607011824,   0.684,   1.557,9999.000,9999.000,9999.000,9999.000,9999.000,9999.000,9999.000
202607011830,   0.615,   1.508,9999.000,9999.000,9999.000,9999.000,9999.000,9999.000,9999.000
202607011836,   0.551,   1.449,9999.000,9999.000,9999.000,9999.000,9999.000,9999.000,9999.000
202607011842,   0.492,   1.380,9999.000,9999.000,9999.000,9999.000,9999.000,9999.000,9999.000
202607011848,   0.439,   1.298,9999.000,9999.000,9999.000,9999.000,9999.000,9999.000,9999.000
202607011854,   0.390,   1.259,9999.000,9999.000,9999.000,9999.000,9999.000,9999.000,9999.000
202607011900,   0.346,   1.229,   0.900,  -0.017,   1.229,   0.800,   1.129,   0.900,   1.229
202607011906,   0.307,   1.200,9999.000,9999.000,9999.000,9999.000,9999.000,9999.000,9999.000
202607011912,   0.274,   1.138,9999.000,9999.000,9999.000,9999.000,9999.000,9999.000,9999.000
202607011918,   0.246,   1.049,9999.000,9999.000,9999.000,9999.000,9999.000,9999.000,9999.000
202607011924,   0.222,   1.010,9999.000,9999.000,9999.000,9999.000,9999.000,9999.000,9999.000
202607011930,   0.204,   0.980,9999.000,9999.000,9999.000,9999.000,9999.000,9999.000,9999.000
202607011936,   0.191,   0.961,9999.000,9999.000,9999.000,9999.000,9999.000,9999.000,9999.000
202607011942,   0.182,   0.951,9999.000,9999.000,9999.000,9999.000,9999.000,9999.000,9999.000
202607011948,   0.179,   0.941,9999.000,9999.000,9999.000,9999.000,9999.000,9999.000,9999.000
202607011954,   0.181,   0.951,9999.000,9999.000,9999.000,9999.000,9999.000,9999.000,9999.000
202607012000,   0.187,   0.980,   0.900,  -0.107,   0.980,   0.800,   0.880,   1.000,   1.080
202607012006,   0.199,   0.990,9999.000,9999.000,9999.000,9999.000,9999.000,9999.000,9999.000
202607012012,   0.215,   0.980,9999.000,9999.000,9999.000,9999.000,9999.000,9999.000,9999.000
202607012018,   0.237,   1.000,9999.000,9999.000,9999.000,9999.000,9999.000,9999.000,9999.000
202607012024,   0.263,   1.010,9999.000,9999.000,9999.000,9999.000,9999.000,9999.000,9999.000
202607012030,   0.294,   1.049,9999.000,9999.000,9999.000,9999.000,9999.000,9999.000,9999.000
202607012036,   0.331,   1.059,9999.000,9999.000,9999.000,9999.000,9999.000,9999.000,9999.000
202607012042,   0.372,   1.098,9999.000,9999.000,9999.000,9999.000,9999.000,9999.000,9999.000
202607012048,   0.418,   1.128,9999.000,9999.000,9999.000,9999.000,9999.000,9999.000,9999.000
202607012054,   0.468,   1.180,9999.000,9999.000,9999.000,9999.000,9999.000,9999.000,9999.000
202607012100,   0.524,   1.249,   0.900,  -0.175,   1.249,   0.800,   1.149,   1.000,   1.349
202607012106,   0.584,   1.318,9999.000,9999.000,9999.000,9999.000,9999.000,9999.000,9999.000
202607012112,   0.648,   1.390,9999.000,9999.000,9999.000,9999.000,9999.000,9999.000,9999.000
202607012118,   0.716,   1.469,9999.000,9999.000,9999.000,9999.000,9999.000,9999.000,9999.000
202607012124,   0.789,   1.538,9999.000,9999.000,9999.000,9999.000,9999.000,9999.000,9999.000
202607012130,   0.865,   1.528,9999.000,9999.000,9999.000,9999.000,9999.000,9999.000,9999.000
202607012136,   0.945,   1.639,9999.000,9999.000,9999.000,9999.000,9999.000,9999.000,9999.000
202607012142,   1.028,   1.728,9999.000,9999.000,9999.000,9999.000,9999.000,9999.000,9999.000
202607012148,   1.114,   1.790,9999.000,9999.000,9999.000,9999.000,9999.000,9999.000,9999.000
202607012154,   1.203,   1.958,9999.000,9999.000,9999.000,9999.000,9999.000,9999.000,9999.000
202607012200,   1.294,   2.030,   0.900,  -0.164,   2.030,   0.800,   1.930,   1.000,   2.130
202607012206,   1.388,   2.089,9999.000,9999.000,9999.000,9999.000,9999.000,9999.000,9999.000
202607012212,   1.483,   2.210,9999.000,9999.000,9999.000,9999.000,9999.000,9999.000,9999.000
202607012218,   1.580,   2.318,9999.000,9999.000,9999.000,9999.000,9999.000,9999.000,9999.000
202607012224,   1.678,   2.430,9999.000,9999.000,9999.000,9999.000,9999.000,9999.000,9999.000
202607012230,   1.776,   2.538,9999.000,9999.000,9999.000,9999.000,9999.000,9999.000,9999.000
202607012236,   1.876,   2.538,9999.000,9999.000,9999.000,9999.000,9999.000,9999.000,9999.000
202607012242,   1.975,   2.699,9999.000,9999.000,9999.000,9999.000,9999.000,9999.000,9999.000
202607012248,   2.075,   2.830,9999.000,9999.000,9999.000,9999.000,9999.000,9999.000,9999.000
202607012254,   2.175,   2.938,9999.000,9999.000,9999.000,9999.000,9999.000,9999.000,9999.000
202607012300,   2.274,   3.030,   0.900,  -0.144,   3.030,   0.900,   3.030,   1.000,   3.130
202607012306,   2.373,   3.119,9999.000,9999.000,9999.000,9999.000,9999.000,9999.000,9999.000
202607012312,   2.471,   3.230,9999.000,9999.000,9999.000,9999.000,9999.000,9999.000,9999.000
202607012318,   2.568,   3.329,9999.000,9999.000,9999.000,9999.000,9999.000,9999.000,9999.000
202607012324,   2.664,   3.440,9999.000,9999.000,9999.000,9999.000,9999.000,9999.000,9999.000
202607012330,   2.759,   3.529,9999.000,9999.000,9999.000,9999.000,9999.000,9999.000,9999.000
202607012336,   2.853,   3.539,9999.000,9999.000,9999.000,9999.000,9999.000,9999.000,9999.000
202607012342,   2.945,   3.689,9999.000,9999.000,9999.000,9999.000,9999.000,9999.000,9999.000
202607012348,   3.036,   3.788,9999.000,9999.000,9999.000,9999.000,9999.000,9999.000,9999.000
202607012354,   3.125,   3.880,9999.000,9999.000,9999.000,9999.000,9999.000,9999.000,9999.000
202607020000,   3.213,   3.988,   0.800,  -0.025,   3.988,   0.800,   3.988,   0.900,   4.088
202607020006,   3.299,   4.080,9999.000,9999.000,9999.000,9999.000,9999.000,9999.000,9999.000
202607020012,   3.384,   4.159,9999.000,9999.000,9999.000,9999.000,9999.000,9999.000,9999.000
202607020018,   3.467,   4.280,9999.000,9999.000,9999.000,9999.000,9999.000,9999.000,9999.000
202607020024,   3.547,   4.329,9999.000,9999.000,9999.000,9999.000,9999.000,9999.000,9999.000
202607020030,   3.626,   4.437,9999.000,9999.000,9999.000,9999.000,9999.000,9999.000,9999.000
202607020036,   3.703,   4.509,9999.000,9999.000,9999.000,9999.000,9999.000,9999.000,9999.000
202607020042,   3.778,   4.598,9999.000,9999.000,9999.000,9999.000,9999.000,9999.000,9999.000
202607020048,   3.850,   4.677,9999.000,9999.000,9999.000,9999.000,9999.000,9999.000,9999.000
202607020054,   3.920,   4.749,9999.000,9999.000,9999.000,9999.000,9999.000,9999.000,9999.000
202607020100,   3.987,   4.828,   0.800,   0.041,   4.828,   0.800,   4.828,   0.900,   4.928
202607020106,   4.052,   4.910,9999.000,9999.000,9999.000,9999.000,9999.000,9999.000,9999.000
202607020112,   4.114,   4.949,9999.000,9999.000,9999.000,9999.000,9999.000,9999.000,9999.000
202607020118,   4.174,   4.988,9999.000,9999.000,9999.000,9999.000,9999.000,9999.000,9999.000
202607020124,   4.230,   5.018,9999.000,9999.000,9999.000,9999.000,9999.000,9999.000,9999.000
202607020130,   4.283,   5.067,9999.000,9999.000,9999.000,9999.000,9999.000,9999.000,9999.000
202607020136,   4.333,   5.129,9999.000,9999.000,9999.000,9999.000,9999.000,9999.000,9999.000
202607020142,   4.379,   5.208,9999.000,9999.000,9999.000,9999.000,9999.000,9999.000,9999.000
202607020148,   4.422,   5.247,9999.000,9999.000,9999.000,9999.000,9999.000,9999.000,9999.000
202607020154,   4.462,   5.287,9999.000,9999.000,9999.000,9999.000,9999.000,9999.000,9999.000
202607020200,   4.497,   5.307,   0.800,   0.010,   5.307,   0.800,   5.307,   0.900,   5.407
202607020206,   4.529,   5.359,9999.000,9999.000,9999.000,9999.000,9999.000,9999.000,9999.000
202607020212,   4.556,   5.369,9999.000,9999.000,9999.000,9999.000,9999.000,9999.000,9999.000
202607020218,   4.580,   5.418,9999.000,9999.000,9999.000,9999.000,9999.000,9999.000,9999.000
202607020224,   4.599,   5.398,9999.000,9999.000,9999.000,9999.000,9999.000,9999.000,9999.000
202607020230,   4.614,   5.428,9999.000,9999.000,9999.000,9999.000,9999.000,9999.000,9999.000
202607020236,   4.624,   5.467,9999.000,9999.000,9999.000,9999.000,9999.000,9999.000,9999.000
202607020242,   4.629,   5.477,9999.000,9999.000,9999.000,9999.000,9999.000,9999.000,9999.000
202607020248,   4.630,   5.467,9999.000,9999.000,9999.000,9999.000,9999.000,9999.000,9999.000
202607020254,   4.625,   5.457,9999.000,9999.000,9999.000,9999.000,9999.000,9999.000,9999.000
202607020300,   4.616,   5.457,   0.800,   0.041,   5.457,   0.800,   5.457,   0.900,   5.557
202607020306,   4.601,   5.448,9999.000,9999.000,9999.000,9999.000,9999.000,9999.000,9999.000
202607020312,   4.581,   5.438,9999.000,9999.000,9999.000,9999.000,9999.000,9999.000,9999.000
202607020318,   4.556,   5.408,9999.000,9999.000,9999.000,9999.000,9999.000,9999.000,9999.000
202607020324,   4.524,   5.398,9999.000,9999.000,9999.000,9999.000,9999.000,9999.000,9999.000
202607020330,   4.488,   5.379,9999.000,9999.000,9999.000,9999.000,9999.000,9999.000,9999.000
202607020336,   4.445,   5.339,9999.000,9999.000,9999.000,9999.000,9999.000,9999.000,9999.000
202607020342,   4.397,   5.277,9999.000,9999.000,9999.000,9999.000,9999.000,9999.000,9999.000
202607020348,   4.343,   5.208,9999.000,9999.000,9999.000,9999.000,9999.000,9999.000,9999.000
202607020354,   4.283,   5.179,9999.000,9999.000,9999.000,9999.000,9999.000,9999.000,9999.000
202607020400,   4.217,   5.159,   0.800,   0.142,   5.159,   0.800,   5.159,   0.900,   5.259
202607020406,   4.146,   5.110,9999.000,9999.000,9999.000,9999.000,9999.000,9999.000,9999.000
202607020412,   4.068,   5.047,9999.000,9999.000,9999.000,9999.000,9999.000,9999.000,9999.000
202607020418,   3.985,   5.008,9999.000,9999.000,9999.000,9999.000,9999.000,9999.000,9999.000
202607020424,   3.897,   4.900,9999.000,9999.000,9999.000,9999.000,9999.000,9999.000,9999.000
202607020430,   3.803,   4.818,9999.000,9999.000,9999.000,9999.000,9999.000,9999.000,9999.000
202607020436,   3.705,   4.739,9999.000,9999.000,9999.000,9999.000,9999.000,9999.000,9999.000
202607020442,   3.602,   4.647,9999.000,9999.000,9999.000,9999.000,9999.000,9999.000,9999.000
202607020448,   3.494,   4.549,9999.000,9999.000,9999.000,9999.000,9999.000,9999.000,9999.000
202607020454,   3.382,   4.457,9999.000,9999.000,9999.000,9999.000,9999.000,9999.000,9999.000
202607020500,   3.267,   4.349,   0.800,   0.282,   4.349,   0.800,   4.349,   0.800,   4.349
202607020506,   3.149,   4.208,9999.000,9999.000,9999.000,9999.000,9999.000,9999.000,9999.000
202607020512,   3.028,   4.080,9999.000,9999.000,9999.000,9999.000,9999.000,9999.000,9999.000
202607020518,   2.905,   3.939,9999.000,9999.000,9999.000,9999.000,9999.000,9999.000,9999.000
202607020524,   2.780,   3.808,9999.000,9999.000,9999.000,9999.000,9999.000,9999.000,9999.000
202607020530,   2.654,   3.660,9999.000,9999.000,9999.000,9999.000,9999.000,9999.000,9999.000
202607020536,   2.527,   3.519,9999.000,9999.000,9999.000,9999.000,9999.000,9999.000,9999.000
202607020542,   2.401,   3.388,9999.000,9999.000,9999.000,9999.000,9999.000,9999.000,9999.000
202607020548,   2.275,   3.260,9999.000,9999.000,9999.000,9999.000,9999.000,9999.000,9999.000
202607020554,   2.150,   3.109,9999.000,9999.000,9999.000,9999.000,9999.000,9999.000,9999.000
202607020600,   2.026,   2.978,   0.700,   0.252,   2.978,   0.700,   2.978,   0.800,   3.078
202607020606,   1.905,   2.840,9999.000,9999.000,9999.000,9999.000,9999.000,9999.000,9999.000
202607020612,   1.785,   2.699,9999.000,9999.000,9999.000,9999.000,9999.000,9999.000,9999.000
202607020618,   1.669,   2.587,9999.000,9999.000,9999.000,9999.000,9999.000,9999.000,9999.000
202607020624,   1.556,   2.499,9999.000,9999.000,9999.000,9999.000,9999.000,9999.000,9999.000
202607020630,   1.446,   2.387,9999.000,9999.000,9999.000,9999.000,9999.000,9999.000,9999.000
202607020636,   1.340,   2.259,9999.000,9999.000,9999.000,9999.000,9999.000,9999.000,9999.000
202607020642,   1.238,   2.138,9999.000,9999.000,9999.000,9999.000,9999.000,9999.000,9999.000
202607020648,   1.140,   2.020,9999.000,9999.000,9999.000,9999.000,9999.000,9999.000,9999.000
202607020654,   1.047,   1.918,9999.000,9999.000,9999.000,9999.000,9999.000,9999.000,9999.000
202607020700,   0.958,   1.840,   0.700,   0.182,   1.840,   0.700,   1.840,   0.800,   1.940
202607020706,   0.874,   1.767,9999.000,9999.000,9999.000,9999.000,9999.000,9999.000,9999.000
202607020712,   0.795,   1.708,9999.000,9999.000,9999.000,9999.000,9999.000,9999.000,9999.000
202607020718,   0.720,   1.630,9999.000,9999.000,9999.000,9999.000,9999.000,9999.000,9999.000
202607020724,   0.651,   1.538,9999.000,9999.000,9999.000,9999.000,9999.000,9999.000,9999.000
202607020730,   0.586,   1.459,9999.000,9999.000,9999.000,9999.000,9999.000,9999.000,9999.000
202607020736,   0.526,   1.390,9999.000,9999.000,9999.000,9999.000,9999.000,9999.000,9999.000
202607020742,   0.471,   1.338,9999.000,9999.000,9999.000,9999.000,9999.000,9999.000,9999.000
202607020748,   0.421,   1.279,9999.000,9999.000,9999.000,9999.000,9999.000,9999.000,9999.000
202607020754,   0.376,   1.220,9999.000,9999.000,9999.000,9999.000,9999.000,9999.000,9999.000
202607020800,   0.336,   1.190,   0.700,   0.154,   1.190,   0.700,   1.190,   0.800,   1.290
202607020806,   0.301,   1.180,9999.000,9999.000,9999.000,9999.000,9999.000,9999.000,9999.000
202607020812,   0.271,   1.138,9999.000,9999.000,9999.000,9999.000,9999.000,9999.000,9999.000
202607020818,   0.246,   1.079,9999.000,9999.000,9999.000,9999.000,9999.000,9999.000,9999.000
202607020824,   0.225,   1.010,9999.000,9999.000,9999.000,9999.000,9999.000,9999.000,9999.000
202607020830,   0.210,   0.970,9999.000,9999.000,9999.000,9999.000,9999.000,9999.000,9999.000
202607020836,   0.200,   0.980,9999.000,9999.000,9999.000,9999.000,9999.000,9999.000,9999.000
202607020842,   0.195,   0.970,9999.000,9999.000,9999.000,9999.000,9999.000,9999.000,9999.000
202607020848,   0.196,   1.000,9999.000,9999.000,9999.000,9999.000,9999.000,9999.000,9999.000
202607020854,   0.201,   1.010,9999.000,9999.000,9999.000,9999.000,9999.000,9999.000,9999.000
202607020900,   0.212,   0.928,   0.700,   0.016,   0.928,   0.700,   0.928,   0.800,   1.028
202607020906,   0.227,   1.020,9999.000,9999.000,9999.000,9999.000,9999.000,9999.000,9999.000
202607020912,   0.248,   1.039,9999.000,9999.000,9999.000,9999.000,9999.000,9999.000,9999.000
202607020918,   0.274,   1.098,9999.000,9999.000,9999.000,9999.000,9999.000,9999.000,9999.000
202607020924,   0.306,   1.118,9999.000,9999.000,9999.000,9999.000,9999.000,9999.000,9999.000
202607020930,   0.342,   1.138,9999.000,9999.000,9999.000,9999.000,9999.000,9999.000,9999.000
202607020936,   0.382,   1.170,9999.000,9999.000,9999.000,9999.000,9999.000,9999.000,9999.000
202607020942,   0.428,   1.210,9999.000,9999.000,9999.000,9999.000,9999.000,9999.000,9999.000
202607020948,   0.478,   1.289,9999.000,9999.000,9999.000,9999.000,9999.000,9999.000,9999.000
202607020954,   0.532,   1.308,9999.000,9999.000,9999.000,9999.000,9999.000,9999.000,9999.000
202607021000,   0.591,   1.371,   0.700,   0.080,   1.371,   0.700,   1.371,   0.800,   1.471
202607021006,   0.653,   1.380,9999.000,9999.000,9999.000,9999.000,9999.000,9999.000,9999.000
202607021012,   0.719,   1.439,9999.000,9999.000,9999.000,9999.000,9999.000,9999.000,9999.000
202607021018,   0.789,   1.528,9999.000,9999.000,9999.000,9999.000,9999.000,9999.000,9999.000
202607021024,   0.861,   1.610,9999.000,9999.000,9999.000,9999.000,9999.000,9999.000,9999.000
202607021030,   0.936,   1.689,9999.000,9999.000,9999.000,9999.000,9999.000,9999.000,9999.000
202607021036,   1.014,   1.758,9999.000,9999.000,9999.000,9999.000,9999.000,9999.000,9999.000
202607021042,   1.094,   1.830,9999.000,9999.000,9999.000,9999.000,9999.000,9999.000,9999.000
202607021048,   1.175,   1.928,9999.000,9999.000,9999.000,9999.000,9999.000,9999.000,9999.000
202607021054,   1.258,   2.030,9999.000,9999.000,9999.000,9999.000,9999.000,9999.000,9999.000
202607021100,   1.343,   2.099,   0.700,   0.056,   2.099,   0.700,   2.099,   0.800,   2.199
202607021106,   1.428,   2.168,9999.000,9999.000,9999.000,9999.000,9999.000,9999.000,9999.000
202607021112,   1.514,   2.279,9999.000,9999.000,9999.000,9999.000,9999.000,9999.000,9999.000
202607021118,   1.600,   2.400,9999.000,9999.000,9999.000,9999.000,9999.000,9999.000,9999.000
202607021124,   1.687,   2.459,9999.000,9999.000,9999.000,9999.000,9999.000,9999.000,9999.000
202607021130,   1.774,   2.499,9999.000,9999.000,9999.000,9999.000,9999.000,9999.000,9999.000
202607021136,   1.860,   2.640,9999.000,9999.000,9999.000,9999.000,9999.000,9999.000,9999.000
202607021142,   1.946,   2.758,9999.000,9999.000,9999.000,9999.000,9999.000,9999.000,9999.000
202607021148,   2.032,   2.840,9999.000,9999.000,9999.000,9999.000,9999.000,9999.000,9999.000
202607021154,   2.116,   2.929,9999.000,9999.000,9999.000,9999.000,9999.000,9999.000,9999.000
202607021200,   2.200,   3.017,   0.700,   0.117,   3.017,   0.600,   2.917,   0.700,   3.017
202607021206,   2.284,   3.109,9999.000,9999.000,9999.000,9999.000,9999.000,9999.000,9999.000
202607021212,   2.366,   3.197,9999.000,9999.000,9999.000,9999.000,9999.000,9999.000,9999.000
202607021218,   2.446,   3.260,9999.000,9999.000,9999.000,9999.000,9999.000,9999.000,9999.000
202607021224,   2.526,   3.358,9999.000,9999.000,9999.000,9999.000,9999.000,9999.000,9999.000
202607021230,   2.604,   3.440,9999.000,9999.000,9999.000,9999.000,9999.000,9999.000,9999.000
202607021236,   2.681,   3.519,9999.000,9999.000,9999.000,9999.000,9999.000,9999.000,9999.000
202607021242,   2.756,   3.607,9999.000,9999.000,9999.000,9999.000,9999.000,9999.000,9999.000
202607021248,   2.830,   3.660,9999.000,9999.000,9999.000,9999.000,9999.000,9999.000,9999.000
202607021254,   2.902,   3.749,9999.000,9999.000,9999.000,9999.000,9999.000,9999.000,9999.000
202607021300,   2.971,   3.847,   0.600,   0.276,   3.847,   0.600,   3.847,   0.700,   3.947
202607021306,   3.039,   3.919,9999.000,9999.000,9999.000,9999.000,9999.000,9999.000,9999.000
202607021312,   3.105,   3.988,9999.000,9999.000,9999.000,9999.000,9999.000,9999.000,9999.000
202607021318,   3.168,   4.057,9999.000,9999.000,9999.000,9999.000,9999.000,9999.000,9999.000
202607021324,   3.229,   4.139,9999.000,9999.000,9999.000,9999.000,9999.000,9999.000,9999.000
202607021330,   3.287,   4.218,9999.000,9999.000,9999.000,9999.000,9999.000,9999.000,9999.000
202607021336,   3.342,   4.257,9999.000,9999.000,9999.000,9999.000,9999.000,9999.000,9999.000
202607021342,   3.395,   4.290,9999.000,9999.000,9999.000,9999.000,9999.000,9999.000,9999.000
202607021348,   3.444,   4.339,9999.000,9999.000,9999.000,9999.000,9999.000,9999.000,9999.000
202607021354,   3.491,   4.418,9999.000,9999.000,9999.000,9999.000,9999.000,9999.000,9999.000
202607021400,   3.534,   4.467,   0.600,   0.333,   4.467,   0.600,   4.467,   0.700,   4.567
202607021406,   3.574,   4.500,9999.000,9999.000,9999.000,9999.000,9999.000,9999.000,9999.000
202607021412,   3.610,   4.509,9999.000,9999.000,9999.000,9999.000,9999.000,9999.000,9999.000
202607021418,   3.642,   4.539,9999.000,9999.000,9999.000,9999.000,9999.000,9999.000,9999.000
202607021424,   3.670,   4.598,9999.000,9999.000,9999.000,9999.000,9999.000,9999.000,9999.000
202607021430,   3.695,   4.637,9999.000,9999.000,9999.000,9999.000,9999.000,9999.000,9999.000
202607021436,   3.716,   4.657,9999.000,9999.000,9999.000,9999.000,9999.000,9999.000,9999.000
202607021442,   3.732,   4.677,9999.000,9999.000,9999.000,9999.000,9999.000,9999.000,9999.000
202607021448,   3.744,   4.719,9999.000,9999.000,9999.000,9999.000,9999.000,9999.000,9999.000
202607021454,   3.752,   4.729,9999.000,9999.000,9999.000,9999.000,9999.000,9999.000,9999.000
202607021500,   3.755,   4.719,   0.600,   0.364,   4.719,   0.600,   4.719,   0.700,   4.819
202607021506,   3.754,   4.719,9999.000,9999.000,9999.000,9999.000,9999.000,9999.000,9999.000
202607021512,   3.748,   4.739,9999.000,9999.000,9999.000,9999.000,9999.000,9999.000,9999.000
202607021518,   3.737,   4.729,9999.000,9999.000,9999.000,9999.000,9999.000,9999.000,9999.000
202607021524,   3.721,   4.677,9999.000,9999.000,9999.000,9999.000,9999.000,9999.000,9999.000
202607021530,   3.701,   4.637,9999.000,9999.000,9999.000,9999.000,9999.000,9999.000,9999.000
202607021536,   3.675,   4.637,9999.000,9999.000,9999.000,9999.000,9999.000,9999.000,9999.000
202607021542,   3.645,   4.637,9999.000,9999.000,9999.000,9999.000,9999.000,9999.000,9999.000
202607021548,   3.609,   4.618,9999.000,9999.000,9999.000,9999.000,9999.000,9999.000,9999.000
202607021554,   3.568,   4.588,9999.000,9999.000,9999.000,9999.000,9999.000,9999.000,9999.000
202607021600,   3.522,   4.509,   0.600,   0.387,   4.509,   0.600,   4.509,   0.700,   4.609
202607021606,   3.471,   4.427,9999.000,9999.000,9999.000,9999.000,9999.000,9999.000,9999.000
202607021612,   3.414,   4.349,9999.000,9999.000,9999.000,9999.000,9999.000,9999.000,9999.000
202607021618,   3.353,   4.280,9999.000,9999.000,9999.000,9999.000,9999.000,9999.000,9999.000
202607021624,   3.286,   4.237,9999.000,9999.000,9999.000,9999.000,9999.000,9999.000,9999.000
202607021630,   3.214,   4.178,9999.000,9999.000,9999.000,9999.000,9999.000,9999.000,9999.000
202607021636,   3.138,   4.109,9999.000,9999.000,9999.000,9999.000,9999.000,9999.000,9999.000
202607021642,   3.057,   3.998,9999.000,9999.000,9999.000,9999.000,9999.000,9999.000,9999.000
202607021648,   2.971,   3.899,9999.000,9999.000,9999.000,9999.000,9999.000,9999.000,9999.000
202607021654,   2.881,   3.788,9999.000,9999.000,9999.000,9999.000,9999.000,9999.000,9999.000
202607021700,   2.787,   3.680,   0.600,   0.293,   3.680,   0.600,   3.680,   0.700,   3.780
202607021706,   2.690,   3.588,9999.000,9999.000,9999.000,9999.000,9999.000,9999.000,9999.000
202607021712,   2.589,   3.480,9999.000,9999.000,9999.000,9999.000,9999.000,9999.000,9999.000
202607021718,   2.485,   3.348,9999.000,9999.000,9999.000,9999.000,9999.000,9999.000,9999.000
202607021724,   2.379,   3.197,9999.000,9999.000,9999.000,9999.000,9999.000,9999.000,9999.000
202607021730,   2.272,   3.079,9999.000,9999.000,9999.000,9999.000,9999.000,9999.000,9999.000
202607021736,   2.162,   2.978,9999.000,9999.000,9999.000,9999.000,9999.000,9999.000,9999.000
202607021742,   2.052,   2.860,9999.000,9999.000,9999.000,9999.000,9999.000,9999.000,9999.000
202607021748,   1.941,   2.738,9999.000,9999.000,9999.000,9999.000,9999.000,9999.000,9999.000
202607021754,   1.831,   2.620,9999.000,9999.000,9999.000,9999.000,9999.000,9999.000,9999.000
202607021800,   1.721,   2.499,   0.700,   0.078,   2.499,   0.600,   2.399,   0.700,   2.499
202607021806,   1.612,   2.368,9999.000,9999.000,9999.000,9999.000,9999.000,9999.000,9999.000
202607021812,   1.505,   2.259,9999.000,9999.000,9999.000,9999.000,9999.000,9999.000,9999.000
202607021818,   1.401,   2.138,9999.000,9999.000,9999.000,9999.000,9999.000,9999.000,9999.000
202607021824,   1.299,   2.030,9999.000,9999.000,9999.000,9999.000,9999.000,9999.000,9999.000
202607021830,   1.200,   1.967,9999.000,9999.000,9999.000,9999.000,9999.000,9999.000,9999.000
202607021836,   1.104,   1.849,9999.000,9999.000,9999.000,9999.000,9999.000,9999.000,9999.000
202607021842,   1.013,   1.708,9999.000,9999.000,9999.000,9999.000,9999.000,9999.000,9999.000
202607021848,   0.926,   1.620,9999.000,9999.000,9999.000,9999.000,9999.000,9999.000,9999.000
202607021854,   0.844,   1.548,9999.000,9999.000,9999.000,9999.000,9999.000,9999.000,9999.000
202607021900,   0.766,   1.479,   0.700,   0.013,   1.479,   0.600,   1.379,   0.700,   1.479
202607021906,   0.693,   1.410,9999.000,9999.000,9999.000,9999.000,9999.000,9999.000,9999.000
202607021912,   0.626,   1.338,9999.000,9999.000,9999.000,9999.000,9999.000,9999.000,9999.000
202607021918,   0.564,   1.298,9999.000,9999.000,9999.000,9999.000,9999.000,9999.000,9999.000
202607021924,   0.507,   1.279,9999.000,9999.000,9999.000,9999.000,9999.000,9999.000,9999.000
202607021930,   0.456,   1.108,9999.000,9999.000,9999.000,9999.000,9999.000,9999.000,9999.000
202607021936,   0.410,   1.098,9999.000,9999.000,9999.000,9999.000,9999.000,9999.000,9999.000
202607021942,   0.369,   1.049,9999.000,9999.000,9999.000,9999.000,9999.000,9999.000,9999.000
202607021948,   0.334,   1.010,9999.000,9999.000,9999.000,9999.000,9999.000,9999.000,9999.000
202607021954,   0.304,   0.961,9999.000,9999.000,9999.000,9999.000,9999.000,9999.000,9999.000
202607022000,   0.280,   0.898,   0.700,  -0.082,   0.898,   0.600,   0.798,   0.700,   0.898
202607022006,   0.261,   0.869,9999.000,9999.000,9999.000,9999.000,9999.000,9999.000,9999.000
202607022012,   0.247,   0.819,9999.000,9999.000,9999.000,9999.000,9999.000,9999.000,9999.000
202607022018,   0.237,   0.780,9999.000,9999.000,9999.000,9999.000,9999.000,9999.000,9999.000
202607022024,   0.233,   0.718,9999.000,9999.000,9999.000,9999.000,9999.000,9999.000,9999.000
202607022030,   0.234,   0.731,9999.000,9999.000,9999.000,9999.000,9999.000,9999.000,9999.000
202607022036,   0.240,   0.708,9999.000,9999.000,9999.000,9999.000,9999.000,9999.000,9999.000
202607022042,   0.250,   0.770,9999.000,9999.000,9999.000,9999.000,9999.000,9999.000,9999.000
202607022048,   0.265,   0.810,9999.000,9999.000,9999.000,9999.000,9999.000,9999.000,9999.000
202607022054,   0.285,   0.780,9999.000,9999.000,9999.000,9999.000,9999.000,9999.000,9999.000
202607022100,   0.309,   0.849,   0.700,  -0.160,   0.849,   0.600,   0.749,   0.800,   0.949
202607022106,   0.338,   0.888,9999.000,9999.000,9999.000,9999.000,9999.000,9999.000,9999.000
202607022112,   0.372,   0.898,9999.000,9999.000,9999.000,9999.000,9999.000,9999.000,9999.000
202607022118,   0.410,   0.941,9999.000,9999.000,9999.000,9999.000,9999.000,9999.000,9999.000
202607022124,   0.452,   1.010,9999.000,9999.000,9999.000,9999.000,9999.000,9999.000,9999.000
202607022130,   0.499,   1.039,9999.000,9999.000,9999.000,9999.000,9999.000,9999.000,9999.000
202607022136,   0.550,   1.088,9999.000,9999.000,9999.000,9999.000,9999.000,9999.000,9999.000
202607022142,   0.606,   1.180,9999.000,9999.000,9999.000,9999.000,9999.000,9999.000,9999.000
202607022148,   0.666,   1.249,9999.000,9999.000,9999.000,9999.000,9999.000,9999.000,9999.000
202607022154,   0.729,   1.328,9999.000,9999.000,9999.000,9999.000,9999.000,9999.000,9999.000
202607022200,   0.797,   1.420,   0.700,  -0.077,   1.420,   0.600,   1.320,   0.800,   1.520
202607022206,   0.868,   1.479,9999.000,9999.000,9999.000,9999.000,9999.000,9999.000,9999.000
202607022212,   0.943,   1.548,9999.000,9999.000,9999.000,9999.000,9999.000,9999.000,9999.000
202607022218,   1.021,   1.590,9999.000,9999.000,9999.000,9999.000,9999.000,9999.000,9999.000
202607022224,   1.102,   1.659,9999.000,9999.000,9999.000,9999.000,9999.000,9999.000,9999.000
202607022230,   1.187,   1.767,9999.000,9999.000,9999.000,9999.000,9999.000,9999.000,9999.000
202607022236,   1.273,   1.889,9999.000,9999.000,9999.000,9999.000,9999.000,9999.000,9999.000
202607022242,   1.362,   1.981,9999.000,9999.000,9999.000,9999.000,9999.000,9999.000,9999.000
202607022248,   1.454,   2.040,9999.000,9999.000,9999.000,9999.000,9999.000,9999.000,9999.000
202607022254,   1.546,   2.148,9999.000,9999.000,9999.000,9999.000,9999.000,9999.000,9999.000
202607022300,   1.641,   2.289,   0.700,  -0.052,   2.289,   0.700,   2.289,   0.800,   2.389
202607022306,   1.736,   2.420,9999.000,9999.000,9999.000,9999.000,9999.000,9999.000,9999.000
202607022312,   1.833,   2.499,9999.000,9999.000,9999.000,9999.000,9999.000,9999.000,9999.000
202607022318,   1.930,   2.578,9999.000,9999.000,9999.000,9999.000,9999.000,9999.000,9999.000
202607022324,   2.027,   2.679,9999.000,9999.000,9999.000,9999.000,9999.000,9999.000,9999.000
202607022330,   2.125,   2.787,9999.000,9999.000,9999.000,9999.000,9999.000,9999.000,9999.000
202607022336,   2.222,   2.879,9999.000,9999.000,9999.000,9999.000,9999.000,9999.000,9999.000
202607022342,   2.319,   2.988,9999.000,9999.000,9999.000,9999.000,9999.000,9999.000,9999.000
202607022348,   2.415,   3.099,9999.000,9999.000,9999.000,9999.000,9999.000,9999.000,9999.000
202607022354,   2.511,   3.178,9999.000,9999.000,9999.000,9999.000,9999.000,9999.000,9999.000
202607030000,   2.606,   3.279,   0.700,  -0.027,   3.279,   0.700,   3.279,   0.700,   3.279
202607030006,   2.699,   3.388,9999.000,9999.000,9999.000,9999.000,9999.000,9999.000,9999.000
202607030012,   2.792,   3.480,9999.000,9999.000,9999.000,9999.000,9999.000,9999.000,9999.000
202607030018,   2.883,   3.598,9999.000,9999.000,9999.000,9999.000,9999.000,9999.000,9999.000
202607030024,   2.973,   3.689,9999.000,9999.000,9999.000,9999.000,9999.000,9999.000,9999.000
202607030030,   3.061,   3.827,9999.000,9999.000,9999.000,9999.000,9999.000,9999.000,9999.000
202607030036,   3.148,   3.899,9999.000,9999.000,9999.000,9999.000,9999.000,9999.000,9999.000
202607030042,   3.233,   3.958,9999.000,9999.000,9999.000,9999.000,9999.000,9999.000,9999.000
202607030048,   3.317,   4.027,9999.000,9999.000,9999.000,9999.000,9999.000,9999.000,9999.000
202607030054,   3.399,   4.129,9999.000,9999.000,9999.000,9999.000,9999.000,9999.000,9999.000
202607030100,   3.478,   4.227,   0.700,   0.049,   4.227,   0.700,   4.227,   0.700,   4.227
202607030106,   3.556,   4.329,9999.000,9999.000,9999.000,9999.000,9999.000,9999.000,9999.000
202607030112,   3.632,   4.398,9999.000,9999.000,9999.000,9999.000,9999.000,9999.000,9999.000
202607030118,   3.706,   4.447,9999.000,9999.000,9999.000,9999.000,9999.000,9999.000,9999.000
202607030124,   3.778,   4.529,9999.000,9999.000,9999.000,9999.000,9999.000,9999.000,9999.000
202607030130,   3.847,   4.628,9999.000,9999.000,9999.000,9999.000,9999.000,9999.000,9999.000
202607030136,   3.914,   4.739,9999.000,9999.000,9999.000,9999.000,9999.000,9999.000,9999.000
202607030142,   3.978,   4.788,9999.000,9999.000,9999.000,9999.000,9999.000,9999.000,9999.000
202607030148,   4.040,   4.798,9999.000,9999.000,9999.000,9999.000,9999.000,9999.000,9999.000
202607030154,   4.099,   4.867,9999.000,9999.000,9999.000,9999.000,9999.000,9999.000,9999.000
202607030200,   4.155,   4.939,   0.700,   0.084,   4.939,   0.700,   4.939,   0.700,   4.939
202607030206,   4.208,   5.018,9999.000,9999.000,9999.000,9999.000,9999.000,9999.000,9999.000
202607030212,   4.258,   5.097,9999.000,9999.000,9999.000,9999.000,9999.000,9999.000,9999.000
202607030218,   4.304,   5.149,9999.000,9999.000,9999.000,9999.000,9999.000,9999.000,9999.000
202607030224,   4.347,   5.198,9999.000,9999.000,9999.000,9999.000,9999.000,9999.000,9999.000
202607030230,   4.387,   5.228,9999.000,9999.000,9999.000,9999.000,9999.000,9999.000,9999.000
202607030236,   4.422,   5.247,9999.000,9999.000,9999.000,9999.000,9999.000,9999.000,9999.000
202607030242,   4.454,   5.267,9999.000,9999.000,9999.000,9999.000,9999.000,9999.000,9999.000
202607030248,   4.482,   5.277,9999.000,9999.000,9999.000,9999.000,9999.000,9999.000,9999.000
202607030254,   4.505,   5.320,9999.000,9999.000,9999.000,9999.000,9999.000,9999.000,9999.000
202607030300,   4.525,   5.349,   0.700,   0.124,   5.349,   0.700,   5.349,   0.700,   5.349
202607030306,   4.540,   5.379,9999.000,9999.000,9999.000,9999.000,9999.000,9999.000,9999.000
202607030312,   4.550,   5.369,9999.000,9999.000,9999.000,9999.000,9999.000,9999.000,9999.000
202607030318,   4.556,   5.359,9999.000,9999.000,9999.000,9999.000,9999.000,9999.000,9999.000
202607030324,   4.557,   5.379,9999.000,9999.000,9999.000,9999.000,9999.000,9999.000,9999.000
202607030330,   4.553,   5.379,9999.000,9999.000,9999.000,9999.000,9999.000,9999.000,9999.000
202607030336,   4.545,   5.339,9999.000,9999.000,9999.000,9999.000,9999.000,9999.000,9999.000
202607030342,   4.531,   5.329,9999.000,9999.000,9999.000,9999.000,9999.000,9999.000,9999.000
202607030348,   4.512,   5.339,9999.000,9999.000,9999.000,9999.000,9999.000,9999.000,9999.000
202607030354,   4.488,   5.307,9999.000,9999.000,9999.000,9999.000,9999.000,9999.000,9999.000
202607030400,   4.459,   5.287,   0.700,   0.128,   5.287,   0.700,   5.287,   0.700,   5.287
202607030406,   4.424,   5.277,9999.000,9999.000,9999.000,9999.000,9999.000,9999.000,9999.000
202607030412,   4.384,   5.277,9999.000,9999.000,9999.000,9999.000,9999.000,9999.000,9999.000
202607030418,   4.338,   5.238,9999.000,9999.000,9999.000,9999.000,9999.000,9999.000,9999.000
202607030424,   4.286,   5.169,9999.000,9999.000,9999.000,9999.000,9999.000,9999.000,9999.000
202607030430,   4.229,   5.087,9999.000,9999.000,9999.000,9999.000,9999.000,9999.000,9999.000
202607030436,   4.167,   5.028,9999.000,9999.000,9999.000,9999.000,9999.000,9999.000,9999.000
202607030442,   4.098,   4.979,9999.000,9999.000,9999.000,9999.000,9999.000,9999.000,9999.000
202607030448,   4.024,   4.910,9999.000,9999.000,9999.000,9999.000,9999.000,9999.000,9999.000
202607030454,   3.945,   4.818,9999.000,9999.000,9999.000,9999.000,9999.000,9999.000,9999.000
202607030500,   3.860,   4.729,   0.700,   0.169,   4.729,   0.600,   4.629,   0.700,   4.729
202607030506,   3.770,   4.667,9999.000,9999.000,9999.000,9999.000,9999.000,9999.000,9999.000
202607030512,   3.676,   4.569,9999.000,9999.000,9999.000,9999.000,9999.000,9999.000,9999.000
202607030518,   3.576,   4.467,9999.000,9999.000,9999.000,9999.000,9999.000,9999.000,9999.000
202607030524,   3.472,   4.339,9999.000,9999.000,9999.000,9999.000,9999.000,9999.000,9999.000
202607030530,   3.363,   4.227,9999.000,9999.000,9999.000,9999.000,9999.000,9999.000,9999.000
202607030536,   3.251,   4.090,9999.000,9999.000,9999.000,9999.000,9999.000,9999.000,9999.000
202607030542,   3.135,   3.949,9999.000,9999.000,9999.000,9999.000,9999.000,9999.000,9999.000
202607030548,   3.017,   3.827,9999.000,9999.000,9999.000,9999.000,9999.000,9999.000,9999.000
202607030554,   2.895,   3.719,9999.000,9999.000,9999.000,9999.000,9999.000,9999.000,9999.000
202607030600,   2.772,   3.607,   0.600,   0.235,   3.607,   0.600,   3.607,   0.600,   3.607
202607030606,   2.647,   3.539,9999.000,9999.000,9999.000,9999.000,9999.000,9999.000,9999.000
202607030612,   2.521,   3.417,9999.000,9999.000,9999.000,9999.000,9999.000,9999.000,9999.000
202607030618,   2.395,   3.299,9999.000,9999.000,9999.000,9999.000,9999.000,9999.000,9999.000
202607030624,   2.269,   3.168,9999.000,9999.000,9999.000,9999.000,9999.000,9999.000,9999.000
202607030630,   2.143,   3.017,9999.000,9999.000,9999.000,9999.000,9999.000,9999.000,9999.000
202607030636,   2.019,   2.889,9999.000,9999.000,9999.000,9999.000,9999.000,9999.000,9999.000
202607030642,   1.896,   2.768,9999.000,9999.000,9999.000,9999.000,9999.000,9999.000,9999.000
202607030648,   1.775,   2.650,9999.000,9999.000,9999.000,9999.000,9999.000,9999.000,9999.000
202607030654,   1.657,   2.509,9999.000,9999.000,9999.000,9999.000,9999.000,9999.000,9999.000
202607030700,   1.542,   2.377,   0.600,   0.235,   2.377,   0.600,   2.377,   0.600,   2.377
202607030706,   1.431,   2.269,9999.000,9999.000,9999.000,9999.000,9999.000,9999.000,9999.000
202607030712,   1.323,   2.191,9999.000,9999.000,9999.000,9999.000,9999.000,9999.000,9999.000
202607030718,   1.219,   2.030,9999.000,9999.000,9999.000,9999.000,9999.000,9999.000,9999.000
202607030724,   1.120,   1.948,9999.000,9999.000,9999.000,9999.000,9999.000,9999.000,9999.000
202607030730,   1.026,   1.879,9999.000,9999.000,9999.000,9999.000,9999.000,9999.000,9999.000
202607030736,   0.936,   1.790,9999.000,9999.000,9999.000,9999.000,9999.000,9999.000,9999.000
202607030742,   0.851,   1.699,9999.000,9999.000,9999.000,9999.000,9999.000,9999.000,9999.000
202607030748,   0.771,   1.620,9999.000,9999.000,9999.000,9999.000,9999.000,9999.000,9999.000
202607030754,   0.697,   1.580,9999.000,9999.000,9999.000,9999.000,9999.000,9999.000,9999.000
202607030800,   0.628,   1.508,   0.600,   0.280,   1.508,   0.600,   1.508,   0.600,   1.508
202607030806,   0.563,   1.400,9999.000,9999.000,9999.000,9999.000,9999.000,9999.000,9999.000
202607030812,   0.505,   1.289,9999.000,9999.000,9999.000,9999.000,9999.000,9999.000,9999.000
202607030818,   0.451,   1.269,9999.000,9999.000,9999.000,9999.000,9999.000,9999.000,9999.000
202607030824,   0.402,   1.289,9999.000,9999.000,9999.000,9999.000,9999.000,9999.000,9999.000
202607030830,   0.359,   1.170,9999.000,9999.000,9999.000,9999.000,9999.000,9999.000,9999.000
202607030836,   0.320,   1.161,9999.000,9999.000,9999.000,9999.000,9999.000,9999.000,9999.000
202607030842,   0.287,   1.079,9999.000,9999.000,9999.000,9999.000,9999.000,9999.000,9999.000
202607030848,   0.259,   1.049,9999.000,9999.000,9999.000,9999.000,9999.000,9999.000,9999.000
202607030854,   0.235,   1.000,9999.000,9999.000,9999.000,9999.000,9999.000,9999.000,9999.000
202607030900,   0.217,   0.961,   0.600,   0.144,   0.961,   0.600,   0.961,   0.700,   1.061
202607030906,   0.203,   0.928,9999.000,9999.000,9999.000,9999.000,9999.000,9999.000,9999.000
202607030912,   0.194,   0.898,9999.000,9999.000,9999.000,9999.000,9999.000,9999.000,9999.000
202607030918,   0.190,   0.888,9999.000,9999.000,9999.000,9999.000,9999.000,9999.000,9999.000
202607030924,   0.191,   0.879,9999.000,9999.000,9999.000,9999.000,9999.000,9999.000,9999.000
202607030930,   0.196,   0.898,9999.000,9999.000,9999.000,9999.000,9999.000,9999.000,9999.000
202607030936,   0.207,   0.928,9999.000,9999.000,9999.000,9999.000,9999.000,9999.000,9999.000
202607030942,   0.222,   0.941,9999.000,9999.000,9999.000,9999.000,9999.000,9999.000,9999.000
202607030948,   0.242,   0.961,9999.000,9999.000,9999.000,9999.000,9999.000,9999.000,9999.000
202607030954,   0.267,   1.000,9999.000,9999.000,9999.000,9999.000,9999.000,9999.000,9999.000
202607031000,   0.296,   1.020,   0.600,   0.124,   1.020,   0.600,   1.020,   0.700,   1.120
202607031006,   0.331,   1.039,9999.000,9999.000,9999.000,9999.000,9999.000,9999.000,9999.000
202607031012,   0.369,   1.069,9999.000,9999.000,9999.000,9999.000,9999.000,9999.000,9999.000
202607031018,   0.413,   1.098,9999.000,9999.000,9999.000,9999.000,9999.000,9999.000,9999.000
202607031024,   0.460,   1.161,9999.000,9999.000,9999.000,9999.000,9999.000,9999.000,9999.000
202607031030,   0.512,   1.210,9999.000,9999.000,9999.000,9999.000,9999.000,9999.000,9999.000
202607031036,   0.568,   1.279,9999.000,9999.000,9999.000,9999.000,9999.000,9999.000,9999.000
202607031042,   0.628,   1.380,9999.000,9999.000,9999.000,9999.000,9999.000,9999.000,9999.000
202607031048,   0.692,   1.439,9999.000,9999.000,9999.000,9999.000,9999.000,9999.000,9999.000
202607031054,   0.759,   1.479,9999.000,9999.000,9999.000,9999.000,9999.000,9999.000,9999.000
202607031100,   0.830,   1.571,   0.600,   0.141,   1.571,   0.600,   1.571,   0.600,   1.571
202607031106,   0.903,   1.649,9999.000,9999.000,9999.000,9999.000,9999.000,9999.000,9999.000
202607031112,   0.979,   1.728,9999.000,9999.000,9999.000,9999.000,9999.000,9999.000,9999.000
202607031118,   1.058,   1.810,9999.000,9999.000,9999.000,9999.000,9999.000,9999.000,9999.000
202607031124,   1.139,   1.879,9999.000,9999.000,9999.000,9999.000,9999.000,9999.000,9999.000
202607031130,   1.221,   1.948,9999.000,9999.000,9999.000,9999.000,9999.000,9999.000,9999.000
202607031136,   1.305,   2.020,9999.000,9999.000,9999.000,9999.000,9999.000,9999.000,9999.000
202607031142,   1.391,   2.099,9999.000,9999.000,9999.000,9999.000,9999.000,9999.000,9999.000
202607031148,   1.477,   2.191,9999.000,9999.000,9999.000,9999.000,9999.000,9999.000,9999.000
202607031154,   1.564,   2.299,9999.000,9999.000,9999.000,9999.000,9999.000,9999.000,9999.000
202607031200,   1.652,   2.420,   0.500,   0.268,   2.420,   0.500,   2.420,   0.600,   2.520
202607031206,   1.739,   2.528,9999.000,9999.000,9999.000,9999.000,9999.000,9999.000,9999.000
202607031212,   1.827,   2.587,9999.000,9999.000,9999.000,9999.000,9999.000,9999.000,9999.000
202607031218,   1.914,   2.660,9999.000,9999.000,9999.000,9999.000,9999.000,9999.000,9999.000
202607031224,   2.002,   2.758,9999.000,9999.000,9999.000,9999.000,9999.000,9999.000,9999.000
202607031230,   2.088,   2.869,9999.000,9999.000,9999.000,9999.000,9999.000,9999.000,9999.000
202607031236,   2.174,   2.929,9999.000,9999.000,9999.000,9999.000,9999.000,9999.000,9999.000
202607031242,   2.259,   3.007,9999.000,9999.000,9999.000,9999.000,9999.000,9999.000,9999.000
202607031248,   2.343,   3.099,9999.000,9999.000,9999.000,9999.000,9999.000,9999.000,9999.000
202607031254,   2.425,   3.188,9999.000,9999.000,9999.000,9999.000,9999.000,9999.000,9999.000
202607031300,   2.507,   3.260,   0.500,   0.253,   3.260,   0.500,   3.260,   0.600,   3.360
202607031306,   2.587,   3.329,9999.000,9999.000,9999.000,9999.000,9999.000,9999.000,9999.000
202607031312,   2.666,   3.427,9999.000,9999.000,9999.000,9999.000,9999.000,9999.000,9999.000
202607031318,   2.743,   3.509,9999.000,9999.000,9999.000,9999.000,9999.000,9999.000,9999.000
202607031324,   2.819,   3.588,9999.000,9999.000,9999.000,9999.000,9999.000,9999.000,9999.000
202607031330,   2.892,   3.660,9999.000,9999.000,9999.000,9999.000,9999.000,9999.000,9999.000
202607031336,   2.964,   3.719,9999.000,9999.000,9999.000,9999.000,9999.000,9999.000,9999.000
202607031342,   3.034,   3.788,9999.000,9999.000,9999.000,9999.000,9999.000,9999.000,9999.000
202607031348,   3.102,   3.880,9999.000,9999.000,9999.000,9999.000,9999.000,9999.000,9999.000
202607031354,   3.167,   3.978,9999.000,9999.000,9999.000,9999.000,9999.000,9999.000,9999.000
202607031400,   3.230,   4.037,   0.500,   0.307,   4.037,   0.500,   4.037,   0.600,   4.137
202607031406,   3.291,   4.080,9999.000,9999.000,9999.000,9999.000,9999.000,9999.000,9999.000
202607031412,   3.349,   4.129,9999.000,9999.000,9999.000,9999.000,9999.000,9999.000,9999.000
202607031418,   3.404,   4.188,9999.000,9999.000,9999.000,9999.000,9999.000,9999.000,9999.000
202607031424,   3.456,   4.257,9999.000,9999.000,9999.000,9999.000,9999.000,9999.000,9999.000
202607031430,   3.505,   4.319,9999.000,9999.000,9999.000,9999.000,9999.000,9999.000,9999.000
202607031436,   3.550,   4.368,9999.000,9999.000,9999.000,9999.000,9999.000,9999.000,9999.000
202607031442,   3.593,   4.418,9999.000,9999.000,9999.000,9999.000,9999.000,9999.000,9999.000
202607031448,   3.631,   4.467,9999.000,9999.000,9999.000,9999.000,9999.000,9999.000,9999.000
202607031454,   3.666,   4.529,9999.000,9999.000,9999.000,9999.000,9999.000,9999.000,9999.000
202607031500,   3.698,   4.559,   0.500,   0.361,   4.559,   0.500,   4.559,   0.500,   4.559
202607031506,   3.725,   4.569,9999.000,9999.000,9999.000,9999.000,9999.000,9999.000,9999.000
202607031512,   3.748,   4.608,9999.000,9999.000,9999.000,9999.000,9999.000,9999.000,9999.000
202607031518,   3.768,   4.598,9999.000,9999.000,9999.000,9999.000,9999.000,9999.000,9999.000
202607031524,   3.782,   4.637,9999.000,9999.000,9999.000,9999.000,9999.000,9999.000,9999.000
202607031530,   3.793,   4.677,9999.000,9999.000,9999.000,9999.000,9999.000,9999.000,9999.000
202607031536,   3.799,   4.677,9999.000,9999.000,9999.000,9999.000,9999.000,9999.000,9999.000
202607031542,   3.801,   4.667,9999.000,9999.000,9999.000,9999.000,9999.000,9999.000,9999.000
202607031548,   3.798,   4.657,9999.000,9999.000,9999.000,9999.000,9999.000,9999.000,9999.000
202607031554,   3.790,   4.667,9999.000,9999.000,9999.000,9999.000,9999.000,9999.000,9999.000
202607031600,   3.778,   4.710,   0.500,   0.432,   4.710,   0.500,   4.710,   0.500,   4.710
202607031606,   3.761,   4.710,9999.000,9999.000,9999.000,9999.000,9999.000,9999.000,9999.000
202607031612,   3.739,   4.667,9999.000,9999.000,9999.000,9999.000,9999.000,9999.000,9999.000
202607031618,   3.712,   4.618,9999.000,9999.000,9999.000,9999.000,9999.000,9999.000,9999.000
202607031624,   3.680,   4.569,9999.000,9999.000,9999.000,9999.000,9999.000,9999.000,9999.000
202607031630,   3.643,   4.539,9999.000,9999.000,9999.000,9999.000,9999.000,9999.000,9999.000
202607031636,   3.602,   4.480,9999.000,9999.000,9999.000,9999.000,9999.000,9999.000,9999.000
202607031642,   3.555,   4.418,9999.000,9999.000,9999.000,9999.000,9999.000,9999.000,9999.000
202607031648,   3.503,   4.359,9999.000,9999.000,9999.000,9999.000,9999.000,9999.000,9999.000
202607031654,   3.446,   4.267,9999.000,9999.000,9999.000,9999.000,9999.000,9999.000,9999.000
202607031700,   3.385,   4.168,   0.500,   0.283,   4.168,   0.500,   4.168,   0.500,   4.168
202607031706,   3.318,   4.109,9999.000,9999.000,9999.000,9999.000,9999.000,9999.000,9999.000
202607031712,   3.247,   4.070,9999.000,9999.000,9999.000,9999.000,9999.000,9999.000,9999.000
202607031718,   3.171,   3.978,9999.000,9999.000,9999.000,9999.000,9999.000,9999.000,9999.000
202607031724,   3.090,   3.880,9999.000,9999.000,9999.000,9999.000,9999.000,9999.000,9999.000
202607031730,   3.005,   3.788,9999.000,9999.000,9999.000,9999.000,9999.000,9999.000,9999.000
202607031736,   2.917,   3.689,9999.000,9999.000,9999.000,9999.000,9999.000,9999.000,9999.000
202607031742,   2.824,   3.588,9999.000,9999.000,9999.000,9999.000,9999.000,9999.000,9999.000
202607031748,   2.728,   3.440,9999.000,9999.000,9999.000,9999.000,9999.000,9999.000,9999.000
202607031754,   2.628,   3.319,9999.000,9999.000,9999.000,9999.000,9999.000,9999.000,9999.000
202607031800,   2.526,   3.217,   0.600,   0.091,   3.217,   0.500,   3.117,   0.600,   3.217
202607031806,   2.422,   3.099,9999.000,9999.000,9999.000,9999.000,9999.000,9999.000,9999.000
202607031812,   2.315,   2.968,9999.000,9999.000,9999.000,9999.000,9999.000,9999.000,9999.000
202607031818,   2.207,   2.840,9999.000,9999.000,9999.000,9999.000,9999.000,9999.000,9999.000
202607031824,   2.098,   2.699,9999.000,9999.000,9999.000,9999.000,9999.000,9999.000,9999.000
202607031830,   1.988,   2.587,9999.000,9999.000,9999.000,9999.000,9999.000,9999.000,9999.000
202607031836,   1.879,   2.479,9999.000,9999.000,9999.000,9999.000,9999.000,9999.000,9999.000
202607031842,   1.770,   2.368,9999.000,9999.000,9999.000,9999.000,9999.000,9999.000,9999.000
202607031848,   1.662,   2.279,9999.000,9999.000,9999.000,9999.000,9999.000,9999.000,9999.000
202607031854,   1.556,   2.191,9999.000,9999.000,9999.000,9999.000,9999.000,9999.000,9999.000
202607031900,   1.452,   2.118,   0.600,   0.066,   2.118,   0.500,   2.018,   0.600,   2.118
202607031906,   1.351,   2.020,9999.000,9999.000,9999.000,9999.000,9999.000,9999.000,9999.000
202607031912,   1.252,   1.908,9999.000,9999.000,9999.000,9999.000,9999.000,9999.000,9999.000
202607031918,   1.158,   1.820,9999.000,9999.000,9999.000,9999.000,9999.000,9999.000,9999.000
202607031924,   1.067,   1.738,9999.000,9999.000,9999.000,9999.000,9999.000,9999.000,9999.000
202607031930,   0.980,   1.669,9999.000,9999.000,9999.000,9999.000,9999.000,9999.000,9999.000
202607031936,   0.898,   1.600,9999.000,9999.000,9999.000,9999.000,9999.000,9999.000,9999.000
202607031942,   0.821,   1.538,9999.000,9999.000,9999.000,9999.000,9999.000,9999.000,9999.000
202607031948,   0.749,   1.508,9999.000,9999.000,9999.000,9999.000,9999.000,9999.000,9999.000
202607031954,   0.683,   1.479,9999.000,9999.000,9999.000,9999.000,9999.000,9999.000,9999.000
202607032000,   0.621,   1.430,   0.600,   0.209,   1.430,   0.600,   1.430,   0.600,   1.430
202607032006,   0.566,   1.390,9999.000,9999.000,9999.000,9999.000,9999.000,9999.000,9999.000
202607032012,   0.516,   1.338,9999.000,9999.000,9999.000,9999.000,9999.000,9999.000,9999.000
202607032018,   0.471,   1.308,9999.000,9999.000,9999.000,9999.000,9999.000,9999.000,9999.000
202607032024,   0.432,   1.259,9999.000,9999.000,9999.000,9999.000,9999.000,9999.000,9999.000
202607032030,   0.399,   1.220,9999.000,9999.000,9999.000,9999.000,9999.000,9999.000,9999.000
202607032036,   0.371,   1.180,9999.000,9999.000,9999.000,9999.000,9999.000,9999.000,9999.000
202607032042,   0.348,   1.151,9999.000,9999.000,9999.000,9999.000,9999.000,9999.000,9999.000
202607032048,   0.330,   1.098,9999.000,9999.000,9999.000,9999.000,9999.000,9999.000,9999.000
202607032054,   0.318,   1.049,9999.000,9999.000,9999.000,9999.000,9999.000,9999.000,9999.000
202607032100,   0.311,   1.000,   0.600,   0.089,   1.000,   0.600,   1.000,   0.600,   1.000
202607032106,   0.308,   0.970,9999.000,9999.000,9999.000,9999.000,9999.000,9999.000,9999.000
202607032112,   0.311,   0.951,9999.000,9999.000,9999.000,9999.000,9999.000,9999.000,9999.000
202607032118,   0.318,   0.951,9999.000,9999.000,9999.000,9999.000,9999.000,9999.000,9999.000
202607032124,   0.329,   0.970,9999.000,9999.000,9999.000,9999.000,9999.000,9999.000,9999.000
202607032130,   0.345,   0.951,9999.000,9999.000,9999.000,9999.000,9999.000,9999.000,9999.000
202607032136,   0.366,   0.941,9999.000,9999.000,9999.000,9999.000,9999.000,9999.000,9999.000
202607032142,   0.391,   0.928,9999.000,9999.000,9999.000,9999.000,9999.000,9999.000,9999.000
202607032148,   0.420,   0.980,9999.000,9999.000,9999.000,9999.000,9999.000,9999.000,9999.000
202607032154,   0.453,   1.020,9999.000,9999.000,9999.000,9999.000,9999.000,9999.000,9999.000
202607032200,   0.490,   1.098,   0.600,   0.008,   1.098,   0.600,   1.098,   0.700,   1.198
202607032206,   0.532,   1.170,9999.000,9999.000,9999.000,9999.000,9999.000,9999.000,9999.000
202607032212,   0.577,   1.239,9999.000,9999.000,9999.000,9999.000,9999.000,9999.000,9999.000
202607032218,   0.626,   1.298,9999.000,9999.000,9999.000,9999.000,9999.000,9999.000,9999.000
202607032224,   0.680,   1.279,9999.000,9999.000,9999.000,9999.000,9999.000,9999.000,9999.000
202607032230,   0.737,   1.361,9999.000,9999.000,9999.000,9999.000,9999.000,9999.000,9999.000
202607032236,   0.798,   1.420,9999.000,9999.000,9999.000,9999.000,9999.000,9999.000,9999.000
202607032242,   0.863,   1.469,9999.000,9999.000,9999.000,9999.000,9999.000,9999.000,9999.000
202607032248,   0.931,   1.557,9999.000,9999.000,9999.000,9999.000,9999.000,9999.000,9999.000
202607032254,   1.002,   1.639,9999.000,9999.000,9999.000,9999.000,9999.000,9999.000,9999.000
202607032300,   1.077,   1.718,   0.600,   0.041,   1.718,   0.600,   1.718,   0.700,   1.818
202607032306,   1.155,   1.830,9999.000,9999.000,9999.000,9999.000,9999.000,9999.000,9999.000
202607032312,   1.235,   1.908,9999.000,9999.000,9999.000,9999.000,9999.000,9999.000,9999.000
202607032318,   1.318,   1.981,9999.000,9999.000,9999.000,9999.000,9999.000,9999.000,9999.000
202607032324,   1.404,   2.059,9999.000,9999.000,9999.000,9999.000,9999.000,9999.000,9999.000
202607032330,   1.491,   2.148,9999.000,9999.000,9999.000,9999.000,9999.000,9999.000,9999.000
202607032336,   1.581,   2.299,9999.000,9999.000,9999.000,9999.000,9999.000,9999.000,9999.000
202607032342,   1.672,   2.420,9999.000,9999.000,9999.000,9999.000,9999.000,9999.000,9999.000
202607032348,   1.764,   2.519,9999.000,9999.000,9999.000,9999.000,9999.000,9999.000,9999.000
202607032354,   1.858,   2.620,9999.000,9999.000,9999.000,9999.000,9999.000,9999.000,9999.000
202607040000,   1.952,   2.709,   0.600,   0.157,   2.709,   0.600,   2.709,   0.600,   2.709
202607040006,   2.046,   2.850,9999.000,9999.000,9999.000,9999.000,9999.000,9999.000,9999.000
202607040012,   2.141,   2.948,9999.000,9999.000,9999.000,9999.000,9999.000,9999.000,9999.000
202607040018,   2.236,   3.079,9999.000,9999.000,9999.000,9999.000,9999.000,9999.000,9999.000
202607040024,   2.331,   3.197,9999.000,9999.000,9999.000,9999.000,9999.000,9999.000,9999.000
202607040030,   2.425,   3.279,9999.000,9999.000,9999.000,9999.000,9999.000,9999.000,9999.000
202607040036,   2.519,   3.339,9999.000,9999.000,9999.000,9999.000,9999.000,9999.000,9999.000
202607040042,   2.611,   3.407,9999.000,9999.000,9999.000,9999.000,9999.000,9999.000,9999.000
202607040048,   2.703,   3.499,9999.000,9999.000,9999.000,9999.000,9999.000,9999.000,9999.000
202607040054,   2.794,   3.548,9999.000,9999.000,9999.000,9999.000,9999.000,9999.000,9999.000
202607040100,   2.883,   3.709,   0.600,   0.226,   3.709,   0.600,   3.709,   0.600,   3.709
202607040106,   2.971,   3.817,9999.000,9999.000,9999.000,9999.000,9999.000,9999.000,9999.000
202607040112,   3.058,   3.870,9999.000,9999.000,9999.000,9999.000,9999.000,9999.000,9999.000
202607040118,   3.142,   3.939,9999.000,9999.000,9999.000,9999.000,9999.000,9999.000,9999.000
202607040124,   3.226,   3.998,9999.000,9999.000,9999.000,9999.000,9999.000,9999.000,9999.000
202607040130,   3.307,   4.099,9999.000,9999.000,9999.000,9999.000,9999.000,9999.000,9999.000
202607040136,   3.387,   4.198,9999.000,9999.000,9999.000,9999.000,9999.000,9999.000,9999.000
202607040142,   3.464,   4.300,9999.000,9999.000,9999.000,9999.000,9999.000,9999.000,9999.000
202607040148,   3.540,   4.408,9999.000,9999.000,9999.000,9999.000,9999.000,9999.000,9999.000
202607040154,   3.613,   4.467,9999.000,9999.000,9999.000,9999.000,9999.000,9999.000,9999.000
202607040200,   3.685,   4.539,   0.600,   0.254,   4.539,   0.600,   4.539,   0.600,   4.539
202607040206,   3.754,   4.608,9999.000,9999.000,9999.000,9999.000,9999.000,9999.000,9999.000
202607040212,   3.820,   4.677,9999.000,9999.000,9999.000,9999.000,9999.000,9999.000,9999.000
202607040218,   3.884,   4.749,9999.000,9999.000,9999.000,9999.000,9999.000,9999.000,9999.000
202607040224,   3.946,   4.828,9999.000,9999.000,9999.000,9999.000,9999.000,9999.000,9999.000
202607040230,   4.005,   4.919,9999.000,9999.000,9999.000,9999.000,9999.000,9999.000,9999.000
202607040236,   4.060,   4.949,9999.000,9999.000,9999.000,9999.000,9999.000,9999.000,9999.000
202607040242,   4.113,   4.959,9999.000,9999.000,9999.000,9999.000,9999.000,9999.000,9999.000
202607040248,   4.163,   4.998,9999.000,9999.000,9999.000,9999.000,9999.000,9999.000,9999.000
202607040254,   4.209,   5.047,9999.000,9999.000,9999.000,9999.000,9999.000,9999.000,9999.000
202607040300,   4.252,   5.087,   0.600,   0.235,   5.087,   0.600,   5.087,   0.600,   5.087
202607040306,   4.292,   5.129,9999.000,9999.000,9999.000,9999.000,9999.000,9999.000,9999.000
202607040312,   4.327,   5.198,9999.000,9999.000,9999.000,9999.000,9999.000,9999.000,9999.000
202607040318,   4.359,   5.228,9999.000,9999.000,9999.000,9999.000,9999.000,9999.000,9999.000
202607040324,   4.387,   5.218,9999.000,9999.000,9999.000,9999.000,9999.000,9999.000,9999.000
202607040330,   4.411,   5.257,9999.000,9999.000,9999.000,9999.000,9999.000,9999.000,9999.000
202607040336,   4.430,   5.287,9999.000,9999.000,9999.000,9999.000,9999.000,9999.000,9999.000
202607040342,   4.445,   5.329,9999.000,9999.000,9999.000,9999.000,9999.000,9999.000,9999.000
202607040348,   4.456,   5.329,9999.000,9999.000,9999.000,9999.000,9999.000,9999.000,9999.000
202607040354,   4.462,   5.349,9999.000,9999.000,9999.000,9999.000,9999.000,9999.000,9999.000
202607040400,   4.464,   5.379,   0.600,   0.315,   5.379,   0.600,   5.379,   0.600,   5.379
202607040406,   4.461,   5.379,9999.000,9999.000,9999.000,9999.000,9999.000,9999.000,9999.000
202607040412,   4.453,   5.369,9999.000,9999.000,9999.000,9999.000,9999.000,9999.000,9999.000
202607040418,   4.440,   5.339,9999.000,9999.000,9999.000,9999.000,9999.000,9999.000,9999.000
202607040424,   4.423,   5.320,9999.000,9999.000,9999.000,9999.000,9999.000,9999.000,9999.000
202607040430,   4.400,   5.329,9999.000,9999.000,9999.000,9999.000,9999.000,9999.000,9999.000
202607040436,   4.372,   5.359,9999.000,9999.000,9999.000,9999.000,9999.000,9999.000,9999.000
202607040442,   4.339,   5.257,9999.000,9999.000,9999.000,9999.000,9999.000,9999.000,9999.000
202607040448,   4.301,   5.238,9999.000,9999.000,9999.000,9999.000,9999.000,9999.000,9999.000
202607040454,   4.257,   5.208,9999.000,9999.000,9999.000,9999.000,9999.000,9999.000,9999.000
202607040500,   4.209,   5.188,   0.500,   0.479,   5.188,   0.500,   5.188,   0.600,   5.288
202607040506,   4.155,   5.139,9999.000,9999.000,9999.000,9999.000,9999.000,9999.000,9999.000
202607040512,   4.096,   5.077,9999.000,9999.000,9999.000,9999.000,9999.000,9999.000,9999.000
202607040518,   4.031,   5.008,9999.000,9999.000,9999.000,9999.000,9999.000,9999.000,9999.000
202607040524,   3.961,   4.929,9999.000,9999.000,9999.000,9999.000,9999.000,9999.000,9999.000
202607040530,   3.886,   4.818,9999.000,9999.000,9999.000,9999.000,9999.000,9999.000,9999.000
202607040536,   3.806,   4.769,9999.000,9999.000,9999.000,9999.000,9999.000,9999.000,9999.000
202607040542,   3.721,   4.719,9999.000,9999.000,9999.000,9999.000,9999.000,9999.000,9999.000
202607040548,   3.631,   4.628,9999.000,9999.000,9999.000,9999.000,9999.000,9999.000,9999.000
202607040554,   3.537,   4.509,9999.000,9999.000,9999.000,9999.000,9999.000,9999.000,9999.000
202607040600,   3.437,   4.398,   0.500,   0.461,   4.398,   0.500,   4.398,   0.500,   4.398
202607040606,   3.334,   4.280,9999.000,9999.000,9999.000,9999.000,9999.000,9999.000,9999.000
202607040612,   3.227,   4.178,9999.000,9999.000,9999.000,9999.000,9999.000,9999.000,9999.000
202607040618,   3.116,   4.037,9999.000,9999.000,9999.000,9999.000,9999.000,9999.000,9999.000
202607040624,   3.001,   3.909,9999.000,9999.000,9999.000,9999.000,9999.000,9999.000,9999.000
202607040630,   2.884,   3.788,9999.000,9999.000,9999.000,9999.000,9999.000,9999.000,9999.000
202607040636,   2.765,   3.670,9999.000,9999.000,9999.000,9999.000,9999.000,9999.000,9999.000
202607040642,   2.643,   3.578,9999.000,9999.000,9999.000,9999.000,9999.000,9999.000,9999.000
202607040648,   2.520,   3.460,9999.000,9999.000,9999.000,9999.000,9999.000,9999.000,9999.000
202607040654,   2.396,   3.309,9999.000,9999.000,9999.000,9999.000,9999.000,9999.000,9999.000
202607040700,   2.272,   3.168,   0.500,   0.396,   3.168,   0.500,   3.168,   0.500,   3.168
202607040706,   2.147,   3.050,9999.000,9999.000,9999.000,9999.000,9999.000,9999.000,9999.000
202607040712,   2.024,   2.919,9999.000,9999.000,9999.000,9999.000,9999.000,9999.000,9999.000
202607040718,   1.901,   2.787,9999.000,9999.000,9999.000,9999.000,9999.000,9999.000,9999.000
202607040724,   1.780,   2.650,9999.000,9999.000,9999.000,9999.000,9999.000,9999.000,9999.000
202607040730,   1.661,   2.519,9999.000,9999.000,9999.000,9999.000,9999.000,9999.000,9999.000
202607040736,   1.545,   2.420,9999.000,9999.000,9999.000,9999.000,9999.000,9999.000,9999.000
202607040742,   1.432,   2.289,9999.000,9999.000,9999.000,9999.000,9999.000,9999.000,9999.000
202607040748,   1.323,   2.168,9999.000,9999.000,9999.000,9999.000,9999.000,9999.000,9999.000
202607040754,   1.217,   2.069,9999.000,9999.000,9999.000,9999.000,9999.000,9999.000,9999.000
202607040800,   1.116,   1.958,   0.500,   0.342,   1.958,   0.500,   1.958,   0.500,   1.958
202607040806,   1.019,   1.859,9999.000,9999.000,9999.000,9999.000,9999.000,9999.000,9999.000
202607040812,   0.927,   1.790,9999.000,9999.000,9999.000,9999.000,9999.000,9999.000,9999.000
202607040818,   0.840,   1.718,9999.000,9999.000,9999.000,9999.000,9999.000,9999.000,9999.000
202607040824,   0.758,   1.639,9999.000,9999.000,9999.000,9999.000,9999.000,9999.000,9999.000
202607040830,   0.681,   1.538,9999.000,9999.000,9999.000,9999.000,9999.000,9999.000,9999.000
202607040836,   0.610,   1.439,9999.000,9999.000,9999.000,9999.000,9999.000,9999.000,9999.000
202607040842,   0.544,   1.371,9999.000,9999.000,9999.000,9999.000,9999.000,9999.000,9999.000
202607040848,   0.484,   1.328,9999.000,9999.000,9999.000,9999.000,9999.000,9999.000,9999.000
202607040854,   0.429,   1.318,9999.000,9999.000,9999.000,9999.000,9999.000,9999.000,9999.000
202607040900,   0.380,   1.279,   0.500,   0.399,   1.279,   0.500,   1.279,   0.500,   1.279
202607040906,   0.335,   1.210,9999.000,9999.000,9999.000,9999.000,9999.000,9999.000,9999.000
202607040912,   0.296,   1.128,9999.000,9999.000,9999.000,9999.000,9999.000,9999.000,9999.000
202607040918,   0.262,   1.079,9999.000,9999.000,9999.000,9999.000,9999.000,9999.000,9999.000
202607040924,   0.234,   1.029,9999.000,9999.000,9999.000,9999.000,9999.000,9999.000,9999.000
202607040930,   0.210,   0.970,9999.000,9999.000,9999.000,9999.000,9999.000,9999.000,9999.000
202607040936,   0.191,   0.951,9999.000,9999.000,9999.000,9999.000,9999.000,9999.000,9999.000
202607040942,   0.177,   0.928,9999.000,9999.000,9999.000,9999.000,9999.000,9999.000,9999.000
202607040948,   0.168,   0.908,9999.000,9999.000,9999.000,9999.000,9999.000,9999.000,9999.000
202607040954,   0.163,   0.888,9999.000,9999.000,9999.000,9999.000,9999.000,9999.000,9999.000
202607041000,   0.163,   0.898,   0.500,   0.235,   0.898,   0.500,   0.898,   0.500,   0.898
202607041006,   0.168,   0.918,9999.000,9999.000,9999.000,9999.000,9999.000,9999.000,9999.000
202607041012,   0.177,   0.951,9999.000,9999.000,9999.000,9999.000,9999.000,9999.000,9999.000
202607041018,   0.191,   0.980,9999.000,9999.000,9999.000,9999.000,9999.000,9999.000,9999.000
202607041024,   0.210,   0.961,9999.000,9999.000,9999.000,9999.000,9999.000,9999.000,9999.000
202607041030,   0.233,   0.879,9999.000,9999.000,9999.000,9999.000,9999.000,9999.000,9999.000
202607041036,   0.260,   0.980,9999.000,9999.000,9999.000,9999.000,9999.000,9999.000,9999.000
202607041042,   0.292,   1.000,9999.000,9999.000,9999.000,9999.000,9999.000,9999.000,9999.000
202607041048,   0.328,   1.088,9999.000,9999.000,9999.000,9999.000,9999.000,9999.000,9999.000
202607041054,   0.369,   1.161,9999.000,9999.000,9999.000,9999.000,9999.000,9999.000,9999.000
202607041100,   0.414,   1.180,   0.600,   0.166,   1.180,   0.500,   1.080,   0.600,   1.180
202607041106,   0.464,   1.239,9999.000,9999.000,9999.000,9999.000,9999.000,9999.000,9999.000
202607041112,   0.517,   1.289,9999.000,9999.000,9999.000,9999.000,9999.000,9999.000,9999.000
202607041118,   0.575,   1.328,9999.000,9999.000,9999.000,9999.000,9999.000,9999.000,9999.000
202607041124,   0.636,   1.371,9999.000,9999.000,9999.000,9999.000,9999.000,9999.000,9999.000
202607041130,   0.701,   1.489,9999.000,9999.000,9999.000,9999.000,9999.000,9999.000,9999.000
202607041136,   0.770,   1.630,9999.000,9999.000,9999.000,9999.000,9999.000,9999.000,9999.000
202607041142,   0.841,   1.708,9999.000,9999.000,9999.000,9999.000,9999.000,9999.000,9999.000
202607041148,   0.916,   1.800,9999.000,9999.000,9999.000,9999.000,9999.000,9999.000,9999.000
202607041154,   0.994,   1.810,9999.000,9999.000,9999.000,9999.000,9999.000,9999.000,9999.000
202607041200,   1.074,   1.859,   0.500,   0.285,   1.859,   0.500,   1.859,   0.600,   1.959
202607041206,   1.157,   1.918,9999.000,9999.000,9999.000,9999.000,9999.000,9999.000,9999.000
202607041212,   1.242,   2.049,9999.000,9999.000,9999.000,9999.000,9999.000,9999.000,9999.000
202607041218,   1.328,   2.148,9999.000,9999.000,9999.000,9999.000,9999.000,9999.000,9999.000
202607041224,   1.416,   2.230,9999.000,9999.000,9999.000,9999.000,9999.000,9999.000,9999.000
202607041230,   1.504,   2.309,9999.000,9999.000,9999.000,9999.000,9999.000,9999.000,9999.000
202607041236,   1.594,   2.420,9999.000,9999.000,9999.000,9999.000,9999.000,9999.000,9999.000
202607041242,   1.684,   2.499,9999.000,9999.000,9999.000,9999.000,9999.000,9999.000,9999.000
202607041248,   1.775,   2.568,9999.000,9999.000,9999.000,9999.000,9999.000,9999.000,9999.000
202607041254,   1.866,   2.640,9999.000,9999.000,9999.000,9999.000,9999.000,9999.000,9999.000
202607041300,   1.956,   2.748,   0.500,   0.292,   2.748,   0.500,   2.748,   0.600,   2.848
202607041306,   2.046,   2.860,9999.000,9999.000,9999.000,9999.000,9999.000,9999.000,9999.000
202607041312,   2.136,   2.948,9999.000,9999.000,9999.000,9999.000,9999.000,9999.000,9999.000
202607041318,   2.225,   3.050,9999.000,9999.000,9999.000,9999.000,9999.000,9999.000,9999.000
202607041324,   2.313,   3.109,9999.000,9999.000,9999.000,9999.000,9999.000,9999.000,9999.000
202607041330,   2.399,   3.197,9999.000,9999.000,9999.000,9999.000,9999.000,9999.000,9999.000
202607041336,   2.485,   3.279,9999.000,9999.000,9999.000,9999.000,9999.000,9999.000,9999.000
202607041342,   2.569,   3.348,9999.000,9999.000,9999.000,9999.000,9999.000,9999.000,9999.000
202607041348,   2.652,   3.427,9999.000,9999.000,9999.000,9999.000,9999.000,9999.000,9999.000
202607041354,   2.733,   3.489,9999.000,9999.000,9999.000,9999.000,9999.000,9999.000,9999.000
202607041400,   2.812,   3.588,   0.500,   0.276,   3.588,   0.500,   3.588,   0.600,   3.688
202607041406,   2.890,   3.709,9999.000,9999.000,9999.000,9999.000,9999.000,9999.000,9999.000
202607041412,   2.965,   3.788,9999.000,9999.000,9999.000,9999.000,9999.000,9999.000,9999.000
202607041418,   3.039,   3.860,9999.000,9999.000,9999.000,9999.000,9999.000,9999.000,9999.000
202607041424,   3.110,   3.919,9999.000,9999.000,9999.000,9999.000,9999.000,9999.000,9999.000
202607041430,   3.179,   3.958,9999.000,9999.000,9999.000,9999.000,9999.000,9999.000,9999.000
202607041436,   3.246,   4.057,9999.000,9999.000,9999.000,9999.000,9999.000,9999.000,9999.000
202607041442,   3.310,   4.159,9999.000,9999.000,9999.000,9999.000,9999.000,9999.000,9999.000
202607041448,   3.371,   4.237,9999.000,9999.000,9999.000,9999.000,9999.000,9999.000,9999.000
202607041454,   3.430,   4.290,9999.000,9999.000,9999.000,9999.000,9999.000,9999.000,9999.000
202607041500,   3.485,   4.359,   0.500,   0.374,   4.359,   0.500,   4.359,   0.500,   4.359
202607041506,   3.537,   4.418,9999.000,9999.000,9999.000,9999.000,9999.000,9999.000,9999.000
202607041512,   3.587,   4.457,9999.000,9999.000,9999.000,9999.000,9999.000,9999.000,9999.000
202607041518,   3.632,   4.519,9999.000,9999.000,9999.000,9999.000,9999.000,9999.000,9999.000
202607041524,   3.674,   4.559,9999.000,9999.000,9999.000,9999.000,9999.000,9999.000,9999.000
202607041530,   3.713,   4.588,9999.000,9999.000,9999.000,9999.000,9999.000,9999.000,9999.000
202607041536,   3.747,   4.628,9999.000,9999.000,9999.000,9999.000,9999.000,9999.000,9999.000
202607041542,   3.778,   4.667,9999.000,9999.000,9999.000,9999.000,9999.000,9999.000,9999.000
202607041548,   3.805,   4.700,9999.000,9999.000,9999.000,9999.000,9999.000,9999.000,9999.000
202607041554,   3.828,   4.729,9999.000,9999.000,9999.000,9999.000,9999.000,9999.000,9999.000
202607041600,   3.846,   4.719,   0.500,   0.373,   4.719,   0.500,   4.719,   0.500,   4.719
202607041606,   3.860,   4.700,9999.000,9999.000,9999.000,9999.000,9999.000,9999.000,9999.000
202607041612,   3.869,   4.749,9999.000,9999.000,9999.000,9999.000,9999.000,9999.000,9999.000
202607041618,   3.875,   4.749,9999.000,9999.000,9999.000,9999.000,9999.000,9999.000,9999.000
202607041624,   3.875,   4.759,9999.000,9999.000,9999.000,9999.000,9999.000,9999.000,9999.000
202607041630,   3.871,   4.769,9999.000,9999.000,9999.000,9999.000,9999.000,9999.000,9999.000
202607041636,   3.863,   4.759,9999.000,9999.000,9999.000,9999.000,9999.000,9999.000,9999.000
202607041642,   3.849,   4.769,9999.000,9999.000,9999.000,9999.000,9999.000,9999.000,9999.000
202607041648,   3.831,   4.769,9999.000,9999.000,9999.000,9999.000,9999.000,9999.000,9999.000
202607041654,   3.809,   4.729,9999.000,9999.000,9999.000,9999.000,9999.000,9999.000,9999.000
202607041700,   3.781,   4.677,   0.500,   0.396,   4.677,   0.500,   4.677,   0.500,   4.677
202607041706,   3.749,   4.647,9999.000,9999.000,9999.000,9999.000,9999.000,9999.000,9999.000
202607041712,   3.712,   4.628,9999.000,9999.000,9999.000,9999.000,9999.000,9999.000,9999.000
202607041718,   3.671,   4.588,9999.000,9999.000,9999.000,9999.000,9999.000,9999.000,9999.000
202607041724,   3.624,   4.539,9999.000,9999.000,9999.000,9999.000,9999.000,9999.000,9999.000
202607041730,   3.573,   4.467,9999.000,9999.000,9999.000,9999.000,9999.000,9999.000,9999.000
202607041736,   3.517,   4.408,9999.000,9999.000,9999.000,9999.000,9999.000,9999.000,9999.000
202607041742,   3.457,   4.349,9999.000,9999.000,9999.000,9999.000,9999.000,9999.000,9999.000
202607041748,   3.391,   4.300,9999.000,9999.000,9999.000,9999.000,9999.000,9999.000,9999.000
202607041754,   3.322,   4.218,9999.000,9999.000,9999.000,9999.000,9999.000,9999.000,9999.000
202607041800,   3.248,   4.159,   0.600,   0.311,   4.159,   0.500,   4.059,   0.600,   4.159
202607041806,   3.170,   4.080,9999.000,9999.000,9999.000,9999.000,9999.000,9999.000,9999.000
202607041812,   3.087,   3.929,9999.000,9999.000,9999.000,9999.000,9999.000,9999.000,9999.000
202607041818,   3.001,   3.808,9999.000,9999.000,9999.000,9999.000,9999.000,9999.000,9999.000
202607041824,   2.911,   3.729,9999.000,9999.000,9999.000,9999.000,9999.000,9999.000,9999.000
202607041830,   2.818,   3.660,9999.000,9999.000,9999.000,9999.000,9999.000,9999.000,9999.000
202607041836,   2.721,   3.588,9999.000,9999.000,9999.000,9999.000,9999.000,9999.000,9999.000
202607041842,   2.622,   3.460,9999.000,9999.000,9999.000,9999.000,9999.000,9999.000,9999.000
202607041848,   2.520,   3.299,9999.000,9999.000,9999.000,9999.000,9999.000,9999.000,9999.000
202607041854,   2.417,   3.207,9999.000,9999.000,9999.000,9999.000,9999.000,9999.000,9999.000
202607041900,   2.311,   3.119,   0.600,   0.208,   3.119,   0.500,   3.019,   0.600,   3.119
202607041906,   2.205,   3.007,9999.000,9999.000,9999.000,9999.000,9999.000,9999.000,9999.000
202607041912,   2.098,   2.840,9999.000,9999.000,9999.000,9999.000,9999.000,9999.000,9999.000
202607041918,   1.990,   2.699,9999.000,9999.000,9999.000,9999.000,9999.000,9999.000,9999.000
202607041924,   1.883,   2.597,9999.000,9999.000,9999.000,9999.000,9999.000,9999.000,9999.000
202607041930,   1.777,   2.548,9999.000,9999.000,9999.000,9999.000,9999.000,9999.000,9999.000
202607041936,   1.672,   2.489,9999.000,9999.000,9999.000,9999.000,9999.000,9999.000,9999.000
202607041942,   1.569,   2.410,9999.000,9999.000,9999.000,9999.000,9999.000,9999.000,9999.000
202607041948,   1.468,   2.299,9999.000,9999.000,9999.000,9999.000,9999.000,9999.000,9999.000
202607041954,   1.370,   2.191,9999.000,9999.000,9999.000,9999.000,9999.000,9999.000,9999.000
202607042000,   1.275,   2.128,   0.600,   0.253,   2.128,   0.600,   2.128,   0.600,   2.128
202607042006,   1.184,   2.059,9999.000,9999.000,9999.000,9999.000,9999.000,9999.000,9999.000
202607042012,   1.097,   1.958,9999.000,9999.000,9999.000,9999.000,9999.000,9999.000,9999.000
202607042018,   1.014,   1.859,9999.000,9999.000,9999.000,9999.000,9999.000,9999.000,9999.000
202607042024,   0.936,   1.748,9999.000,9999.000,9999.000,9999.000,9999.000,9999.000,9999.000
202607042030,   0.862,   1.669,9999.000,9999.000,9999.000,9999.000,9999.000,9999.000,9999.000
202607042036,   0.794,   1.600,9999.000,9999.000,9999.000,9999.000,9999.000,9999.000,9999.000
202607042042,   0.731,   1.548,9999.000,9999.000,9999.000,9999.000,9999.000,9999.000,9999.000
202607042048,   0.674,   1.489,9999.000,9999.000,9999.000,9999.000,9999.000,9999.000,9999.000
202607042054,   0.622,   1.439,9999.000,9999.000,9999.000,9999.000,9999.000,9999.000,9999.000
202607042100,   0.575,   1.380,   0.600,   0.205,   1.380,   0.600,   1.380,   0.600,   1.380
202607042106,   0.535,   1.298,9999.000,9999.000,9999.000,9999.000,9999.000,9999.000,9999.000
202607042112,   0.499,   1.220,9999.000,9999.000,9999.000,9999.000,9999.000,9999.000,9999.000
202607042118,   0.469,   1.151,9999.000,9999.000,9999.000,9999.000,9999.000,9999.000,9999.000
202607042124,   0.444,   1.108,9999.000,9999.000,9999.000,9999.000,9999.000,9999.000,9999.000
202607042130,   0.425,   1.088,9999.000,9999.000,9999.000,9999.000,9999.000,9999.000,9999.000
202607042136,   0.410,   1.029,9999.000,9999.000,9999.000,9999.000,9999.000,9999.000,9999.000
202607042142,   0.400,   0.990,9999.000,9999.000,9999.000,9999.000,9999.000,9999.000,9999.000
202607042148,   0.396,   0.970,9999.000,9999.000,9999.000,9999.000,9999.000,9999.000,9999.000
202607042154,   0.395,   0.980,9999.000,9999.000,9999.000,9999.000,9999.000,9999.000,9999.000
202607042200,   0.400,   0.980,   0.600,  -0.020,   0.980,   0.600,   0.980,   0.600,   0.980
202607042206,   0.409,   0.970,9999.000,9999.000,9999.000,9999.000,9999.000,9999.000,9999.000
202607042212,   0.422,   0.990,9999.000,9999.000,9999.000,9999.000,9999.000,9999.000,9999.000
202607042218,   0.439,   1.039,9999.000,9999.000,9999.000,9999.000,9999.000,9999.000,9999.000
202607042224,   0.461,   1.069,9999.000,9999.000,9999.000,9999.000,9999.000,9999.000,9999.000
202607042230,   0.486,   1.098,9999.000,9999.000,9999.000,9999.000,9999.000,9999.000,9999.000
202607042236,   0.515,   1.098,9999.000,9999.000,9999.000,9999.000,9999.000,9999.000,9999.000
202607042242,   0.549,   1.128,9999.000,9999.000,9999.000,9999.000,9999.000,9999.000,9999.000
202607042248,   0.586,   1.180,9999.000,9999.000,9999.000,9999.000,9999.000,9999.000,9999.000
202607042254,   0.627,   1.190,9999.000,9999.000,9999.000,9999.000,9999.000,9999.000,9999.000
202607042300,   0.672,   1.200,   0.600,  -0.072,   1.200,   0.600,   1.200,   0.700,   1.300
202607042306,   0.720,   1.229,9999.000,9999.000,9999.000,9999.000,9999.000,9999.000,9999.000
202607042312,   0.773,   1.289,9999.000,9999.000,9999.000,9999.000,9999.000,9999.000,9999.000
202607042318,   0.828,   1.371,9999.000,9999.000,9999.000,9999.000,9999.000,9999.000,9999.000
202607042324,   0.888,   1.459,9999.000,9999.000,9999.000,9999.000,9999.000,9999.000,9999.000
202607042330,   0.951,   1.557,9999.000,9999.000,9999.000,9999.000,9999.000,9999.000,9999.000
202607042336,   1.017,   1.659,9999.000,9999.000,9999.000,9999.000,9999.000,9999.000,9999.000
202607042342,   1.087,   1.718,9999.000,9999.000,9999.000,9999.000,9999.000,9999.000,9999.000
202607042348,   1.159,   1.781,9999.000,9999.000,9999.000,9999.000,9999.000,9999.000,9999.000
202607042354,   1.235,   1.879,9999.000,9999.000,9999.000,9999.000,9999.000,9999.000,9999.000
202607050000,   1.313,   1.990,   0.600,   0.077,   1.990,   0.500,   1.890,   0.600,   1.990
202607050006,   1.394,   2.079,9999.000,9999.000,9999.000,9999.000,9999.000,9999.000,9999.000
202607050012,   1.477,   2.148,9999.000,9999.000,9999.000,9999.000,9999.000,9999.000,9999.000
202607050018,   1.563,   2.210,9999.000,9999.000,9999.000,9999.000,9999.000,9999.000,9999.000
202607050024,   1.650,   2.299,9999.000,9999.000,9999.000,9999.000,9999.000,9999.000,9999.000
202607050030,   1.739,   2.440,9999.000,9999.000,9999.000,9999.000,9999.000,9999.000,9999.000
202607050036,   1.829,   2.558,9999.000,9999.000,9999.000,9999.000,9999.000,9999.000,9999.000
202607050042,   1.921,   2.620,9999.000,9999.000,9999.000,9999.000,9999.000,9999.000,9999.000
202607050048,   2.013,   2.728,9999.000,9999.000,9999.000,9999.000,9999.000,9999.000,9999.000
202607050054,   2.105,   2.807,9999.000,9999.000,9999.000,9999.000,9999.000,9999.000,9999.000
202607050100,   2.198,   2.869,   0.600,   0.071,   2.869,   0.500,   2.769,   0.600,   2.869
202607050106,   2.291,   2.978,9999.000,9999.000,9999.000,9999.000,9999.000,9999.000,9999.000
202607050112,   2.384,   3.060,9999.000,9999.000,9999.000,9999.000,9999.000,9999.000,9999.000
202607050118,   2.476,   3.148,9999.000,9999.000,9999.000,9999.000,9999.000,9999.000,9999.000
202607050124,   2.568,   3.230,9999.000,9999.000,9999.000,9999.000,9999.000,9999.000,9999.000
202607050130,   2.659,   3.279,9999.000,9999.000,9999.000,9999.000,9999.000,9999.000,9999.000
202607050136,   2.749,   3.358,9999.000,9999.000,9999.000,9999.000,9999.000,9999.000,9999.000
202607050142,   2.837,   3.470,9999.000,9999.000,9999.000,9999.000,9999.000,9999.000,9999.000
202607050148,   2.924,   3.548,9999.000,9999.000,9999.000,9999.000,9999.000,9999.000,9999.000
202607050154,   3.010,   3.627,9999.000,9999.000,9999.000,9999.000,9999.000,9999.000,9999.000
202607050200,   3.094,   3.709,   0.500,   0.115,   3.709,   0.500,   3.709,   0.600,   3.809
202607050206,   3.176,   3.768,9999.000,9999.000,9999.000,9999.000,9999.000,9999.000,9999.000
202607050212,   3.257,   3.847,9999.000,9999.000,9999.000,9999.000,9999.000,9999.000,9999.000
202607050218,   3.335,   3.958,9999.000,9999.000,9999.000,9999.000,9999.000,9999.000,9999.000
202607050224,   3.412,   4.008,9999.000,9999.000,9999.000,9999.000,9999.000,9999.000,9999.000
202607050230,   3.486,   4.027,9999.000,9999.000,9999.000,9999.000,9999.000,9999.000,9999.000
202607050236,   3.558,   4.119,9999.000,9999.000,9999.000,9999.000,9999.000,9999.000,9999.000
202607050242,   3.628,   4.139,9999.000,9999.000,9999.000,9999.000,9999.000,9999.000,9999.000
202607050248,   3.695,   4.198,9999.000,9999.000,9999.000,9999.000,9999.000,9999.000,9999.000
202607050254,   3.760,   4.309,9999.000,9999.000,9999.000,9999.000,9999.000,9999.000,9999.000
202607050300,   3.822,   4.418,   0.500,   0.096,   4.418,   0.500,   4.418,   0.500,   4.418
202607050306,   3.881,   4.457,9999.000,9999.000,9999.000,9999.000,9999.000,9999.000,9999.000
202607050312,   3.938,   4.509,9999.000,9999.000,9999.000,9999.000,9999.000,9999.000,9999.000
202607050318,   3.991,   4.588,9999.000,9999.000,9999.000,9999.000,9999.000,9999.000,9999.000
202607050324,   4.041,   4.700,9999.000,9999.000,9999.000,9999.000,9999.000,9999.000,9999.000
202607050330,   4.088,   4.759,9999.000,9999.000,9999.000,9999.000,9999.000,9999.000,9999.000
202607050336,   4.132,   4.818,9999.000,9999.000,9999.000,9999.000,9999.000,9999.000,9999.000
202607050342,   4.172,   4.877,9999.000,9999.000,9999.000,9999.000,9999.000,9999.000,9999.000
202607050348,   4.208,   4.929,9999.000,9999.000,9999.000,9999.000,9999.000,9999.000,9999.000
202607050354,   4.241,   4.998,9999.000,9999.000,9999.000,9999.000,9999.000,9999.000,9999.000
202607050400,   4.270,   5.047,   0.500,   0.277,   5.047,   0.400,   4.947,   0.500,   5.047
202607050406,   4.294,   5.057,9999.000,9999.000,9999.000,9999.000,9999.000,9999.000,9999.000
202607050412,   4.315,   5.077,9999.000,9999.000,9999.000,9999.000,9999.000,9999.000,9999.000
202607050418,   4.331,   5.110,9999.000,9999.000,9999.000,9999.000,9999.000,9999.000,9999.000
202607050424,   4.343,   5.169,9999.000,9999.000,9999.000,9999.000,9999.000,9999.000,9999.000
202607050430,   4.350,   5.179,9999.000,9999.000,9999.000,9999.000,9999.000,9999.000,9999.000
202607050436,   4.353,   5.129,9999.000,9999.000,9999.000,9999.000,9999.000,9999.000,9999.000
202607050442,   4.351,   5.097,9999.000,9999.000,9999.000,9999.000,9999.000,9999.000,9999.000
202607050448,   4.345,   5.139,9999.000,9999.000,9999.000,9999.000,9999.000,9999.000,9999.000
202607050454,   4.334,   5.139,9999.000,9999.000,9999.000,9999.000,9999.000,9999.000,9999.000
202607050500,   4.318,   5.169,   0.400,   0.451,   5.169,   0.400,   5.169,   0.500,   5.269
202607050506,   4.298,   5.139,9999.000,9999.000,9999.000,9999.000,9999.000,9999.000,9999.000
202607050512,   4.273,   5.077,9999.000,9999.000,9999.000,9999.000,9999.000,9999.000,9999.000
202607050518,   4.242,   5.028,9999.000,9999.000,9999.000,9999.000,9999.000,9999.000,9999.000
202607050524,   4.207,   4.998,9999.000,9999.000,9999.000,9999.000,9999.000,9999.000,9999.000
202607050530,   4.168,   4.949,9999.000,9999.000,9999.000,9999.000,9999.000,9999.000,9999.000
202607050536,   4.123,   4.887,9999.000,9999.000,9999.000,9999.000,9999.000,9999.000,9999.000
202607050542,   4.073,   4.818,9999.000,9999.000,9999.000,9999.000,9999.000,9999.000,9999.000
202607050548,   4.018,   4.729,9999.000,9999.000,9999.000,9999.000,9999.000,9999.000,9999.000
202607050554,   3.959,9999.000,9999.000,9999.000,9999.000,9999.000,9999.000,9999.000,9999.000
202607050600,   3.894,9999.000,   0.400,   0.425,   4.719,   0.400,   4.719,   0.500,   4.819
202607050606,   3.825,9999.000,9999.000,9999.000,9999.000,9999.000,9999.000,9999.000,9999.000
202607050612,   3.751,9999.000,9999.000,9999.000,9999.000,9999.000,9999.000,9999.000,9999.000
202607050618,   3.672,9999.000,9999.000,9999.000,9999.000,9999.000,9999.000,9999.000,9999.000
202607050624,   3.589,9999.000,9999.000,9999.000,9999.000,9999.000,9999.000,9999.000,9999.000
202607050630,   3.501,9999.000,9999.000,9999.000,9999.000,9999.000,9999.000,9999.000,9999.000
202607050636,   3.408,9999.000,9999.000,9999.000,9999.000,9999.000,9999.000,9999.000,9999.000
202607050642,   3.312,9999.000,9999.000,9999.000,9999.000,9999.000,9999.000,9999.000,9999.000
202607050648,   3.211,9999.000,9999.000,9999.000,9999.000,9999.000,9999.000,9999.000,9999.000
202607050654,   3.107,9999.000,9999.000,9999.000,9999.000,9999.000,9999.000,9999.000,9999.000
202607050700,   2.999,9999.000,   0.400,   0.398,   3.797,   0.300,   3.697,   0.500,   3.897
202607050706,   2.888,9999.000,9999.000,9999.000,9999.000,9999.000,9999.000,9999.000,9999.000
202607050712,   2.775,9999.000,9999.000,9999.000,9999.000,9999.000,9999.000,9999.000,9999.000
202607050718,   2.659,9999.000,9999.000,9999.000,9999.000,9999.000,9999.000,9999.000,9999.000
202607050724,   2.541,9999.000,9999.000,9999.000,9999.000,9999.000,9999.000,9999.000,9999.000
202607050730,   2.421,9999.000,9999.000,9999.000,9999.000,9999.000,9999.000,9999.000,9999.000
202607050736,   2.300,9999.000,9999.000,9999.000,9999.000,9999.000,9999.000,9999.000,9999.000
202607050742,   2.179,9999.000,9999.000,9999.000,9999.000,9999.000,9999.000,9999.000,9999.000
202607050748,   2.057,9999.000,9999.000,9999.000,9999.000,9999.000,9999.000,9999.000,9999.000
202607050754,   1.936,9999.000,9999.000,9999.000,9999.000,9999.000,9999.000,9999.000,9999.000
202607050800,   1.816,9999.000,   0.400,   0.372,   2.588,   0.300,   2.488,   0.400,   2.588
202607050806,   1.698,9999.000,9999.000,9999.000,9999.000,9999.000,9999.000,9999.000,9999.000
202607050812,   1.581,9999.000,9999.000,9999.000,9999.000,9999.000,9999.000,9999.000,9999.000
202607050818,   1.466,9999.000,9999.000,9999.000,9999.000,9999.000,9999.000,9999.000,9999.000
202607050824,   1.355,9999.000,9999.000,9999.000,9999.000,9999.000,9999.000,9999.000,9999.000
202607050830,   1.247,9999.000,9999.000,9999.000,9999.000,9999.000,9999.000,9999.000,9999.000
202607050836,   1.142,9999.000,9999.000,9999.000,9999.000,9999.000,9999.000,9999.000,9999.000
202607050842,   1.042,9999.000,9999.000,9999.000,9999.000,9999.000,9999.000,9999.000,9999.000
202607050848,   0.946,9999.000,9999.000,9999.000,9999.000,9999.000,9999.000,9999.000,9999.000
202607050854,   0.854,9999.000,9999.000,9999.000,9999.000,9999.000,9999.000,9999.000,9999.000
202607050900,   0.768,9999.000,   0.400,   0.346,   1.514,   0.300,   1.414,   0.400,   1.514
202607050906,   0.686,9999.000,9999.000,9999.000,9999.000,9999.000,9999.000,9999.000,9999.000
202607050912,   0.610,9999.000,9999.000,9999.000,9999.000,9999.000,9999.000,9999.000,9999.000
202607050918,   0.540,9999.000,9999.000,9999.000,9999.000,9999.000,9999.000,9999.000,9999.000
202607050924,   0.475,9999.000,9999.000,9999.000,9999.000,9999.000,9999.000,9999.000,9999.000
202607050930,   0.415,9999.000,9999.000,9999.000,9999.000,9999.000,9999.000,9999.000,9999.000
202607050936,   0.361,9999.000,9999.000,9999.000,9999.000,9999.000,9999.000,9999.000,9999.000
202607050942,   0.312,9999.000,9999.000,9999.000,9999.000,9999.000,9999.000,9999.000,9999.000
202607050948,   0.269,9999.000,9999.000,9999.000,9999.000,9999.000,9999.000,9999.000,9999.000
202607050954,   0.231,9999.000,9999.000,9999.000,9999.000,9999.000,9999.000,9999.000,9999.000
202607051000,   0.198,9999.000,   0.400,   0.319,   0.917,   0.300,   0.817,   0.400,   0.917
202607051006,   0.170,9999.000,9999.000,9999.000,9999.000,9999.000,9999.000,9999.000,9999.000
202607051012,   0.148,9999.000,9999.000,9999.000,9999.000,9999.000,9999.000,9999.000,9999.000
202607051018,   0.130,9999.000,9999.000,9999.000,9999.000,9999.000,9999.000,9999.000,9999.000
202607051024,   0.118,9999.000,9999.000,9999.000,9999.000,9999.000,9999.000,9999.000,9999.000
202607051030,   0.110,9999.000,9999.000,9999.000,9999.000,9999.000,9999.000,9999.000,9999.000
202607051036,   0.107,9999.000,9999.000,9999.000,9999.000,9999.000,9999.000,9999.000,9999.000
202607051042,   0.109,9999.000,9999.000,9999.000,9999.000,9999.000,9999.000,9999.000,9999.000
202607051048,   0.115,9999.000,9999.000,9999.000,9999.000,9999.000,9999.000,9999.000,9999.000
202607051054,   0.125,9999.000,9999.000,9999.000,9999.000,9999.000,9999.000,9999.000,9999.000
202607051100,   0.141,9999.000,   0.400,   0.293,   0.834,   0.300,   0.734,   0.500,   0.934
202607051106,   0.160,9999.000,9999.000,9999.000,9999.000,9999.000,9999.000,9999.000,9999.000
202607051112,   0.184,9999.000,9999.000,9999.000,9999.000,9999.000,9999.000,9999.000,9999.000
202607051118,   0.213,9999.000,9999.000,9999.000,9999.000,9999.000,9999.000,9999.000,9999.000
202607051124,   0.246,9999.000,9999.000,9999.000,9999.000,9999.000,9999.000,9999.000,9999.000
202607051130,   0.284,9999.000,9999.000,9999.000,9999.000,9999.000,9999.000,9999.000,9999.000
202607051136,   0.325,9999.000,9999.000,9999.000,9999.000,9999.000,9999.000,9999.000,9999.000
202607051142,   0.372,9999.000,9999.000,9999.000,9999.000,9999.000,9999.000,9999.000,9999.000
202607051148,   0.422,9999.000,9999.000,9999.000,9999.000,9999.000,9999.000,9999.000,9999.000
202607051154,   0.477,9999.000,9999.000,9999.000,9999.000,9999.000,9999.000,9999.000,9999.000
202607051200,   0.535,9999.000,   0.400,   0.267,   1.202,   0.300,   1.102,   0.500,   1.302
202607051206,   0.598,9999.000,9999.000,9999.000,9999.000,9999.000,9999.000,9999.000,9999.000
202607051212,   0.665,9999.000,9999.000,9999.000,9999.000,9999.000,9999.000,9999.000,9999.000
202607051218,   0.735,9999.000,9999.000,9999.000,9999.000,9999.000,9999.000,9999.000,9999.000
202607051224,   0.809,9999.000,9999.000,9999.000,9999.000,9999.000,9999.000,9999.000,9999.000
202607051230,   0.886,9999.000,9999.000,9999.000,9999.000,9999.000,9999.000,9999.000,9999.000
202607051236,   0.967,9999.000,9999.000,9999.000,9999.000,9999.000,9999.000,9999.000,9999.000
202607051242,   1.050,9999.000,9999.000,9999.000,9999.000,9999.000,9999.000,9999.000,9999.000
202607051248,   1.136,9999.000,9999.000,9999.000,9999.000,9999.000,9999.000,9999.000,9999.000
202607051254,   1.224,9999.000,9999.000,9999.000,9999.000,9999.000,9999.000,9999.000,9999.000
202607051300,   1.314,9999.000,   0.400,   0.240,   1.954,   0.400,   1.954,   0.500,   2.054
202607051306,   1.405,9999.000,9999.000,9999.000,9999.000,9999.000,9999.000,9999.000,9999.000
202607051312,   1.499,9999.000,9999.000,9999.000,9999.000,9999.000,9999.000,9999.000,9999.000
202607051318,   1.593,9999.000,9999.000,9999.000,9999.000,9999.000,9999.000,9999.000,9999.000
202607051324,   1.688,9999.000,9999.000,9999.000,9999.000,9999.000,9999.000,9999.000,9999.000
202607051330,   1.783,9999.000,9999.000,9999.000,9999.000,9999.000,9999.000,9999.000,9999.000
202607051336,   1.879,9999.000,9999.000,9999.000,9999.000,9999.000,9999.000,9999.000,9999.000
202607051342,   1.975,9999.000,9999.000,9999.000,9999.000,9999.000,9999.000,9999.000,9999.000
202607051348,   2.070,9999.000,9999.000,9999.000,9999.000,9999.000,9999.000,9999.000,9999.000
202607051354,   2.165,9999.000,9999.000,9999.000,9999.000,9999.000,9999.000,9999.000,9999.000
202607051400,   2.260,9999.000,   0.400,   0.214,   2.874,   0.400,   2.874,   0.500,   2.974
202607051406,   2.353,9999.000,9999.000,9999.000,9999.000,9999.000,9999.000,9999.000,9999.000
202607051412,   2.445,9999.000,9999.000,9999.000,9999.000,9999.000,9999.000,9999.000,9999.000
202607051418,   2.536,9999.000,9999.000,9999.000,9999.000,9999.000,9999.000,9999.000,9999.000
202607051424,   2.625,9999.000,9999.000,9999.000,9999.000,9999.000,9999.000,9999.000,9999.000
202607051430,   2.712,9999.000,9999.000,9999.000,9999.000,9999.000,9999.000,9999.000,9999.000
202607051436,   2.798,9999.000,9999.000,9999.000,9999.000,9999.000,9999.000,9999.000,9999.000
202607051442,   2.882,9999.000,9999.000,9999.000,9999.000,9999.000,9999.000,9999.000,9999.000
202607051448,   2.963,9999.000,9999.000,9999.000,9999.000,9999.000,9999.000,9999.000,9999.000
202607051454,   3.043,9999.000,9999.000,9999.000,9999.000,9999.000,9999.000,9999.000,9999.000
202607051500,   3.120,9999.000,   0.400,   0.188,   3.708,   0.300,   3.608,   0.400,   3.708
202607051506,   3.195,9999.000,9999.000,9999.000,9999.000,9999.000,9999.000,9999.000,9999.000
202607051512,   3.267,9999.000,9999.000,9999.000,9999.000,9999.000,9999.000,9999.000,9999.000
202607051518,   3.336,9999.000,9999.000,9999.000,9999.000,9999.000,9999.000,9999.000,9999.000
202607051524,   3.403,9999.000,9999.000,9999.000,9999.000,9999.000,9999.000,9999.000,9999.000
202607051530,   3.466,9999.000,9999.000,9999.000,9999.000,9999.000,9999.000,9999.000,9999.000
202607051536,   3.527,9999.000,9999.000,9999.000,9999.000,9999.000,9999.000,9999.000,9999.000
202607051542,   3.584,9999.000,9999.000,9999.000,9999.000,9999.000,9999.000,9999.000,9999.000
202607051548,   3.639,9999.000,9999.000,9999.000,9999.000,9999.000,9999.000,9999.000,9999.000
202607051554,   3.689,9999.000,9999.000,9999.000,9999.000,9999.000,9999.000,9999.000,9999.000
202607051600,   3.736,9999.000,   0.400,   0.161,   4.297,   0.300,   4.197,   0.400,   4.297
202607051606,   3.779,9999.000,9999.000,9999.000,9999.000,9999.000,9999.000,9999.000,9999.000
202607051612,   3.819,9999.000,9999.000,9999.000,9999.000,9999.000,9999.000,9999.000,9999.000
202607051618,   3.855,9999.000,9999.000,9999.000,9999.000,9999.000,9999.000,9999.000,9999.000
202607051624,   3.886,9999.000,9999.000,9999.000,9999.000,9999.000,9999.000,9999.000,9999.000
202607051630,   3.913,9999.000,9999.000,9999.000,9999.000,9999.000,9999.000,9999.000,9999.000
202607051636,   3.937,9999.000,9999.000,9999.000,9999.000,9999.000,9999.000,9999.000,9999.000
202607051642,   3.956,9999.000,9999.000,9999.000,9999.000,9999.000,9999.000,9999.000,9999.000
202607051648,   3.970,9999.000,9999.000,9999.000,9999.000,9999.000,9999.000,9999.000,9999.000
202607051654,   3.980,9999.000,9999.000,9999.000,9999.000,9999.000,9999.000,9999.000,9999.000
202607051700,   3.986,9999.000,   0.400,   0.135,   4.521,   0.300,   4.421,   0.400,   4.521
202607051706,   3.987,9999.000,9999.000,9999.000,9999.000,9999.000,9999.000,9999.000,9999.000
202607051712,   3.983,9999.000,9999.000,9999.000,9999.000,9999.000,9999.000,9999.000,9999.000
202607051718,   3.976,9999.000,9999.000,9999.000,9999.000,9999.000,9999.000,9999.000,9999.000
202607051724,   3.963,9999.000,9999.000,9999.000,9999.000,9999.000,9999.000,9999.000,9999.000
202607051730,   3.946,9999.000,9999.000,9999.000,9999.000,9999.000,9999.000,9999.000,9999.000
202607051736,   3.924,9999.000,9999.000,9999.000,9999.000,9999.000,9999.000,9999.000,9999.000
202607051742,   3.898,9999.000,9999.000,9999.000,9999.000,9999.000,9999.000,9999.000,9999.000
202607051748,   3.868,9999.000,9999.000,9999.000,9999.000,9999.000,9999.000,9999.000,9999.000
202607051754,   3.832,9999.000,9999.000,9999.000,9999.000,9999.000,9999.000,9999.000,9999.000
202607051800,   3.793,9999.000,   0.400,   0.135,   4.328,   0.400,   4.328,   0.500,   4.428
202607051806,   3.748,9999.000,9999.000,9999.000,9999.000,9999.000,9999.000,9999.000,9999.000
202607051812,   3.700,9999.000,9999.000,9999.000,9999.000,9999.000,9999.000,9999.000,9999.000
202607051818,   3.646,9999.000,9999.000,9999.000,9999.000,9999.000,9999.000,9999.000,9999.000
202607051824,   3.589,9999.000,9999.000,9999.000,9999.000,9999.000,9999.000,9999.000,9999.000
202607051830,   3.527,9999.000,9999.000,9999.000,9999.000,9999.000,9999.000,9999.000,9999.000
202607051836,   3.461,9999.000,9999.000,9999.000,9999.000,9999.000,9999.000,9999.000,9999.000
202607051842,   3.391,9999.000,9999.000,9999.000,9999.000,9999.000,9999.000,9999.000,9999.000
202607051848,   3.317,9999.000,9999.000,9999.000,9999.000,9999.000,9999.000,9999.000,9999.000
202607051854,   3.238,9999.000,9999.000,9999.000,9999.000,9999.000,9999.000,9999.000,9999.000
202607051900,   3.156,9999.000,   0.400,   0.135,   3.691,   0.400,   3.691,   0.500,   3.791
202607051906,   3.071,9999.000,9999.000,9999.000,9999.000,9999.000,9999.000,9999.000,9999.000
202607051912,   2.982,9999.000,9999.000,9999.000,9999.000,9999.000,9999.000,9999.000,9999.000
202607051918,   2.890,9999.000,9999.000,9999.000,9999.000,9999.000,9999.000,9999.000,9999.000
202607051924,   2.795,9999.000,9999.000,9999.000,9999.000,9999.000,9999.000,9999.000,9999.000
202607051930,   2.697,9999.000,9999.000,9999.000,9999.000,9999.000,9999.000,9999.000,9999.000
202607051936,   2.597,9999.000,9999.000,9999.000,9999.000,9999.000,9999.000,9999.000,9999.000
202607051942,   2.495,9999.000,9999.000,9999.000,9999.000,9999.000,9999.000,9999.000,9999.000
202607051948,   2.392,9999.000,9999.000,9999.000,9999.000,9999.000,9999.000,9999.000,9999.000
202607051954,   2.287,9999.000,9999.000,9999.000,9999.000,9999.000,9999.000,9999.000,9999.000
202607052000,   2.182,9999.000,   0.500,   0.135,   2.817,   0.400,   2.717,   0.600,   2.917
202607052006,   2.077,9999.000,9999.000,9999.000,9999.000,9999.000,9999.000,9999.000,9999.000
202607052012,   1.972,9999.000,9999.000,9999.000,9999.000,9999.000,9999.000,9999.000,9999.000
202607052018,   1.868,9999.000,9999.000,9999.000,9999.000,9999.000,9999.000,9999.000,9999.000
202607052024,   1.765,9999.000,9999.000,9999.000,9999.000,9999.000,9999.000,9999.000,9999.000
202607052030,   1.663,9999.000,9999.000,9999.000,9999.000,9999.000,9999.000,9999.000,9999.000
202607052036,   1.564,9999.000,9999.000,9999.000,9999.000,9999.000,9999.000,9999.000,9999.000
202607052042,   1.467,9999.000,9999.000,9999.000,9999.000,9999.000,9999.000,9999.000,9999.000
202607052048,   1.374,9999.000,9999.000,9999.000,9999.000,9999.000,9999.000,9999.000,9999.000
202607052054,   1.284,9999.000,9999.000,9999.000,9999.000,9999.000,9999.000,9999.000,9999.000
202607052100,   1.197,9999.000,   0.500,   0.135,   1.832,   0.500,   1.832,   0.600,   1.932
202607052106,   1.115,9999.000,9999.000,9999.000,9999.000,9999.000,9999.000,9999.000,9999.000
202607052112,   1.037,9999.000,9999.000,9999.000,9999.000,9999.000,9999.000,9999.000,9999.000
202607052118,   0.964,9999.000,9999.000,9999.000,9999.000,9999.000,9999.000,9999.000,9999.000
202607052124,   0.896,9999.000,9999.000,9999.000,9999.000,9999.000,9999.000,9999.000,9999.000
202607052130,   0.833,9999.000,9999.000,9999.000,9999.000,9999.000,9999.000,9999.000,9999.000
202607052136,   0.775,9999.000,9999.000,9999.000,9999.000,9999.000,9999.000,9999.000,9999.000
202607052142,   0.722,9999.000,9999.000,9999.000,9999.000,9999.000,9999.000,9999.000,9999.000
202607052148,   0.674,9999.000,9999.000,9999.000,9999.000,9999.000,9999.000,9999.000,9999.000
202607052154,   0.632,9999.000,9999.000,9999.000,9999.000,9999.000,9999.000,9999.000,9999.000
202607052200,   0.595,9999.000,   0.500,   0.135,   1.230,   0.500,   1.230,   0.600,   1.330
202607052206,   0.563,9999.000,9999.000,9999.000,9999.000,9999.000,9999.000,9999.000,9999.000
202607052212,   0.536,9999.000,9999.000,9999.000,9999.000,9999.000,9999.000,9999.000,9999.000
202607052218,   0.515,9999.000,9999.000,9999.000,9999.000,9999.000,9999.000,9999.000,9999.000
202607052224,   0.498,9999.000,9999.000,9999.000,9999.000,9999.000,9999.000,9999.000,9999.000
202607052230,   0.485,9999.000,9999.000,9999.000,9999.000,9999.000,9999.000,9999.000,9999.000
202607052236,   0.478,9999.000,9999.000,9999.000,9999.000,9999.000,9999.000,9999.000,9999.000
202607052242,   0.475,9999.000,9999.000,9999.000,9999.000,9999.000,9999.000,9999.000,9999.000
202607052248,   0.476,9999.000,9999.000,9999.000,9999.000,9999.000,9999.000,9999.000,9999.000
202607052254,   0.482,9999.000,9999.000,9999.000,9999.000,9999.000,9999.000,9999.000,9999.000
202607052300,   0.492,9999.000,   0.500,   0.135,   1.127,   0.500,   1.127,   0.600,   1.227
202607052306,   0.505,9999.000,9999.000,9999.000,9999.000,9999.000,9999.000,9999.000,9999.000
202607052312,   0.523,9999.000,9999.000,9999.000,9999.000,9999.000,9999.000,9999.000,9999.000
202607052318,   0.545,9999.000,9999.000,9999.000,9999.000,9999.000,9999.000,9999.000,9999.000
202607052324,   0.571,9999.000,9999.000,9999.000,9999.000,9999.000,9999.000,9999.000,9999.000
202607052330,   0.600,9999.000,9999.000,9999.000,9999.000,9999.000,9999.000,9999.000,9999.000
202607052336,   0.634,9999.000,9999.000,9999.000,9999.000,9999.000,9999.000,9999.000,9999.000
202607052342,   0.671,9999.000,9999.000,9999.000,9999.000,9999.000,9999.000,9999.000,9999.000
202607052348,   0.712,9999.000,9999.000,9999.000,9999.000,9999.000,9999.000,9999.000,9999.000
202607052354,   0.756,9999.000,9999.000,9999.000,9999.000,9999.000,9999.000,9999.000,9999.000
202607060000,   0.805,9999.000,   0.500,   0.135,   1.440,   0.500,   1.440,   0.600,   1.540
202607060006,   0.857,9999.000,9999.000,9999.000,9999.000,9999.000,9999.000,9999.000,9999.000
202607060012,   0.913,9999.000,9999.000,9999.000,9999.000,9999.000,9999.000,9999.000,9999.000
202607060018,   0.972,9999.000,9999.000,9999.000,9999.000,9999.000,9999.000,9999.000,9999.000
202607060024,   1.035,9999.000,9999.000,9999.000,9999.000,9999.000,9999.000,9999.000,9999.000
202607060030,   1.101,9999.000,9999.000,9999.000,9999.000,9999.000,9999.000,9999.000,9999.000
202607060036,   1.171,9999.000,9999.000,9999.000,9999.000,9999.000,9999.000,9999.000,9999.000
202607060042,   1.243,9999.000,9999.000,9999.000,9999.000,9999.000,9999.000,9999.000,9999.000
202607060048,   1.319,9999.000,9999.000,9999.000,9999.000,9999.000,9999.000,9999.000,9999.000
202607060054,   1.397,9999.000,9999.000,9999.000,9999.000,9999.000,9999.000,9999.000,9999.000
202607060100,   1.478,9999.000,   0.500,   0.135,   2.113,   0.400,   2.013,   0.600,   2.213
202607060106,   1.561,9999.000,9999.000,9999.000,9999.000,9999.000,9999.000,9999.000,9999.000
202607060112,   1.646,9999.000,9999.000,9999.000,9999.000,9999.000,9999.000,9999.000,9999.000
202607060118,   1.733,9999.000,9999.000,9999.000,9999.000,9999.000,9999.000,9999.000,9999.000
202607060124,   1.822,9999.000,9999.000,9999.000,9999.000,9999.000,9999.000,9999.000,9999.000
202607060130,   1.911,9999.000,9999.000,9999.000,9999.000,9999.000,9999.000,9999.000,9999.000
202607060136,   2.002,9999.000,9999.000,9999.000,9999.000,9999.000,9999.000,9999.000,9999.000
202607060142,   2.094,9999.000,9999.000,9999.000,9999.000,9999.000,9999.000,9999.000,9999.000
202607060148,   2.186,9999.000,9999.000,9999.000,9999.000,9999.000,9999.000,9999.000,9999.000
202607060154,   2.278,9999.000,9999.000,9999.000,9999.000,9999.000,9999.000,9999.000,9999.000
202607060200,   2.369,9999.000,   0.500,   0.135,   3.004,   0.400,   2.904,   0.500,   3.004
202607060206,   2.461,9999.000,9999.000,9999.000,9999.000,9999.000,9999.000,9999.000,9999.000
202607060212,   2.552,9999.000,9999.000,9999.000,9999.000,9999.000,9999.000,9999.000,9999.000
202607060218,   2.642,9999.000,9999.000,9999.000,9999.000,9999.000,9999.000,9999.000,9999.000
202607060224,   2.730,9999.000,9999.000,9999.000,9999.000,9999.000,9999.000,9999.000,9999.000
202607060230,   2.818,9999.000,9999.000,9999.000,9999.000,9999.000,9999.000,9999.000,9999.000
202607060236,   2.904,9999.000,9999.000,9999.000,9999.000,9999.000,9999.000,9999.000,9999.000
202607060242,   2.989,9999.000,9999.000,9999.000,9999.000,9999.000,9999.000,9999.000,9999.000
202607060248,   3.071,9999.000,9999.000,9999.000,9999.000,9999.000,9999.000,9999.000,9999.000
202607060254,   3.152,9999.000,9999.000,9999.000,9999.000,9999.000,9999.000,9999.000,9999.000
202607060300,   3.231,9999.000,   0.400,   0.135,   3.766,   0.300,   3.666,   0.500,   3.866
202607060306,   3.308,9999.000,9999.000,9999.000,9999.000,9999.000,9999.000,9999.000,9999.000
202607060312,   3.382,9999.000,9999.000,9999.000,9999.000,9999.000,9999.000,9999.000,9999.000
202607060318,   3.454,9999.000,9999.000,9999.000,9999.000,9999.000,9999.000,9999.000,9999.000
202607060324,   3.523,9999.000,9999.000,9999.000,9999.000,9999.000,9999.000,9999.000,9999.000
202607060330,   3.590,9999.000,9999.000,9999.000,9999.000,9999.000,9999.000,9999.000,9999.000
202607060336,   3.654,9999.000,9999.000,9999.000,9999.000,9999.000,9999.000,9999.000,9999.000
202607060342,   3.716,9999.000,9999.000,9999.000,9999.000,9999.000,9999.000,9999.000,9999.000
202607060348,   3.774,9999.000,9999.000,9999.000,9999.000,9999.000,9999.000,9999.000,9999.000
202607060354,   3.830,9999.000,9999.000,9999.000,9999.000,9999.000,9999.000,9999.000,9999.000
202607060400,   3.882,9999.000,   0.400,   0.135,   4.417,   0.300,   4.317,   0.400,   4.417
202607060406,   3.931,9999.000,9999.000,9999.000,9999.000,9999.000,9999.000,9999.000,9999.000
202607060412,   3.977,9999.000,9999.000,9999.000,9999.000,9999.000,9999.000,9999.000,9999.000
202607060418,   4.019,9999.000,9999.000,9999.000,9999.000,9999.000,9999.000,9999.000,9999.000
202607060424,   4.057,9999.000,9999.000,9999.000,9999.000,9999.000,9999.000,9999.000,9999.000
202607060430,   4.092,9999.000,9999.000,9999.000,9999.000,9999.000,9999.000,9999.000,9999.000
202607060436,   4.123,9999.000,9999.000,9999.000,9999.000,9999.000,9999.000,9999.000,9999.000
202607060442,   4.150,9999.000,9999.000,9999.000,9999.000,9999.000,9999.000,9999.000,9999.000
202607060448,   4.174,9999.000,9999.000,9999.000,9999.000,9999.000,9999.000,9999.000,9999.000
202607060454,   4.193,9999.000,9999.000,9999.000,9999.000,9999.000,9999.000,9999.000,9999.000
202607060500,   4.207,9999.000,   0.300,   0.135,   4.642,   0.200,   4.542,   0.400,   4.742
202607060506,   4.218,9999.000,9999.000,9999.000,9999.000,9999.000,9999.000,9999.000,9999.000
202607060512,   4.224,9999.000,9999.000,9999.000,9999.000,9999.000,9999.000,9999.000,9999.000
202607060518,   4.226,9999.000,9999.000,9999.000,9999.000,9999.000,9999.000,9999.000,9999.000
202607060524,   4.223,9999.000,9999.000,9999.000,9999.000,9999.000,9999.000,9999.000,9999.000
202607060530,   4.216,9999.000,9999.000,9999.000,9999.000,9999.000,9999.000,9999.000,9999.000
202607060536,   4.204,9999.000,9999.000,9999.000,9999.000,9999.000,9999.000,9999.000,9999.000
202607060542,   4.188,9999.000,9999.000,9999.000,9999.000,9999.000,9999.000,9999.000,9999.000
202607060548,   4.168,9999.000,9999.000,9999.000,9999.000,9999.000,9999.000,9999.000,9999.000
202607060554,   4.142,9999.000,9999.000,9999.000,9999.000,9999.000,9999.000,9999.000,9999.000
202607060600,   4.113,9999.000,   0.300,   0.135,   4.548,   0.200,   4.448,   0.300,   4.548
202607060606,   4.078,9999.000,9999.000,9999.000,9999.000,9999.000,9999.000,9999.000,9999.000
202607060612,   4.039,9999.000,9999.000,9999.000,9999.000,9999.000,9999.000,9999.000,9999.000
202607060618,   3.996,9999.000,9999.000,9999.000,9999.000,9999.000,9999.000,9999.000,9999.000
202607060624,   3.948,9999.000,9999.000,9999.000,9999.000,9999.000,9999.000,9999.000,9999.000
202607060630,   3.895,9999.000,9999.000,9999.000,9999.000,9999.000,9999.000,9999.000,9999.000
202607060636,   3.838,9999.000,9999.000,9999.000,9999.000,9999.000,9999.000,9999.000,9999.000
202607060642,   3.776,9999.000,9999.000,9999.000,9999.000,9999.000,9999.000,9999.000,9999.000
202607060648,   3.710,9999.000,9999.000,9999.000,9999.000,9999.000,9999.000,9999.000,9999.000
202607060654,   3.639,9999.000,9999.000,9999.000,9999.000,9999.000,9999.000,9999.000,9999.000
202607060700,   3.564,9999.000,   0.200,   0.135,   3.899,   0.100,   3.799,   0.300,   3.999
202607060706,   3.485,9999.000,9999.000,9999.000,9999.000,9999.000,9999.000,9999.000,9999.000
202607060712,   3.402,9999.000,9999.000,9999.000,9999.000,9999.000,9999.000,9999.000,9999.000
202607060718,   3.314,9999.000,9999.000,9999.000,9999.000,9999.000,9999.000,9999.000,9999.000
202607060724,   3.222,9999.000,9999.000,9999.000,9999.000,9999.000,9999.000,9999.000,9999.000
202607060730,   3.127,9999.000,9999.000,9999.000,9999.000,9999.000,9999.000,9999.000,9999.000
202607060736,   3.028,9999.000,9999.000,9999.000,9999.000,9999.000,9999.000,9999.000,9999.000
202607060742,   2.925,9999.000,9999.000,9999.000,9999.000,9999.000,9999.000,9999.000,9999.000
202607060748,   2.820,9999.000,9999.000,9999.000,9999.000,9999.000,9999.000,9999.000,9999.000
202607060754,   2.711,9999.000,9999.000,9999.000,9999.000,9999.000,9999.000,9999.000,9999.000
202607060800,   2.600,9999.000,   0.200,   0.135,   2.935,   0.100,   2.835,   0.300,   3.035
202607060806,   2.487,9999.000,9999.000,9999.000,9999.000,9999.000,9999.000,9999.000,9999.000
202607060812,   2.372,9999.000,9999.000,9999.000,9999.000,9999.000,9999.000,9999.000,9999.000
202607060818,   2.255,9999.000,9999.000,9999.000,9999.000,9999.000,9999.000,9999.000,9999.000
202607060824,   2.137,9999.000,9999.000,9999.000,9999.000,9999.000,9999.000,9999.000,9999.000
202607060830,   2.019,9999.000,9999.000,9999.000,9999.000,9999.000,9999.000,9999.000,9999.000
202607060836,   1.901,9999.000,9999.000,9999.000,9999.000,9999.000,9999.000,9999.000,9999.000
202607060842,   1.783,9999.000,9999.000,9999.000,9999.000,9999.000,9999.000,9999.000,9999.000
202607060848,   1.666,9999.000,9999.000,9999.000,9999.000,9999.000,9999.000,9999.000,9999.000
202607060854,   1.551,9999.000,9999.000,9999.000,9999.000,9999.000,9999.000,9999.000,9999.000
202607060900,   1.437,9999.000,   0.300,   0.135,   1.872,   0.100,   1.672,   0.400,   1.972
202607060906,   1.326,9999.000,9999.000,9999.000,9999.000,9999.000,9999.000,9999.000,9999.000
202607060912,   1.217,9999.000,9999.000,9999.000,9999.000,9999.000,9999.000,9999.000,9999.000
202607060918,   1.112,9999.000,9999.000,9999.000,9999.000,9999.000,9999.000,9999.000,9999.000
202607060924,   1.010,9999.000,9999.000,9999.000,9999.000,9999.000,9999.000,9999.000,9999.000
202607060930,   0.913,9999.000,9999.000,9999.000,9999.000,9999.000,9999.000,9999.000,9999.000
202607060936,   0.819,9999.000,9999.000,9999.000,9999.000,9999.000,9999.000,9999.000,9999.000
202607060942,   0.730,9999.000,9999.000,9999.000,9999.000,9999.000,9999.000,9999.000,9999.000
202607060948,   0.646,9999.000,9999.000,9999.000,9999.000,9999.000,9999.000,9999.000,9999.000
202607060954,   0.568,9999.000,9999.000,9999.000,9999.000,9999.000,9999.000,9999.000,9999.000
202607061000,   0.494,9999.000,   0.300,   0.135,   0.929,   0.100,   0.729,   0.400,   1.029
202607061006,   0.426,9999.000,9999.000,9999.000,9999.000,9999.000,9999.000,9999.000,9999.000
202607061012,   0.363,9999.000,9999.000,9999.000,9999.000,9999.000,9999.000,9999.000,9999.000
202607061018,   0.305,9999.000,9999.000,9999.000,9999.000,9999.000,9999.000,9999.000,9999.000
202607061024,   0.253,9999.000,9999.000,9999.000,9999.000,9999.000,9999.000,9999.000,9999.000
202607061030,   0.207,9999.000,9999.000,9999.000,9999.000,9999.000,9999.000,9999.000,9999.000
202607061036,   0.166,9999.000,9999.000,9999.000,9999.000,9999.000,9999.000,9999.000,9999.000
202607061042,   0.130,9999.000,9999.000,9999.000,9999.000,9999.000,9999.000,9999.000,9999.000
202607061048,   0.100,9999.000,9999.000,9999.000,9999.000,9999.000,9999.000,9999.000,9999.000
202607061054,   0.075,9999.000,9999.000,9999.000,9999.000,9999.000,9999.000,9999.000,9999.000
202607061100,   0.055,9999.000,   0.200,   0.135,   0.390,   0.200,   0.390,   0.300,   0.490
202607061106,   0.040,9999.000,9999.000,9999.000,9999.000,9999.000,9999.000,9999.000,9999.000
202607061112,   0.030,9999.000,9999.000,9999.000,9999.000,9999.000,9999.000,9999.000,9999.000
202607061118,   0.025,9999.000,9999.000,9999.000,9999.000,9999.000,9999.000,9999.000,9999.000
202607061124,   0.025,9999.000,9999.000,9999.000,9999.000,9999.000,9999.000,9999.000,9999.000
202607061130,   0.029,9999.000,9999.000,9999.000,9999.000,9999.000,9999.000,9999.000,9999.000
202607061136,   0.039,9999.000,9999.000,9999.000,9999.000,9999.000,9999.000,9999.000,9999.000
202607061142,   0.052,9999.000,9999.000,9999.000,9999.000,9999.000,9999.000,9999.000,9999.000
202607061148,   0.071,9999.000,9999.000,9999.000,9999.000,9999.000,9999.000,9999.000,9999.000
202607061154,   0.094,9999.000,9999.000,9999.000,9999.000,9999.000,9999.000,9999.000,9999.000
202607061200,   0.122,9999.000,   0.300,   0.135,   0.557,   0.200,   0.457,   0.300,   0.557
202607061206,   0.155,9999.000,9999.000,9999.000,9999.000,9999.000,9999.000,9999.000,9999.000
202607061212,   0.192,9999.000,9999.000,9999.000,9999.000,9999.000,9999.000,9999.000,9999.000
202607061218,   0.233,9999.000,9999.000,9999.000,9999.000,9999.000,9999.000,9999.000,9999.000
202607061224,   0.280,9999.000,9999.000,9999.000,9999.000,9999.000,9999.000,9999.000,9999.000
202607061230,   0.330,9999.000,9999.000,9999.000,9999.000,9999.000,9999.000,9999.000,9999.000
202607061236,   0.385,9999.000,9999.000,9999.000,9999.000,9999.000,9999.000,9999.000,9999.000
202607061242,   0.445,9999.000,9999.000,9999.000,9999.000,9999.000,9999.000,9999.000,9999.000
202607061248,   0.509,9999.000,9999.000,9999.000,9999.000,9999.000,9999.000,9999.000,9999.000
202607061254,   0.577,9999.000,9999.000,9999.000,9999.000,9999.000,9999.000,9999.000,9999.000
202607061300,   0.649,9999.000,   0.300,   0.135,   1.084,   0.200,   0.984,   0.300,   1.084
202607061306,   0.726,9999.000,9999.000,9999.000,9999.000,9999.000,9999.000,9999.000,9999.000
202607061312,   0.805,9999.000,9999.000,9999.000,9999.000,9999.000,9999.000,9999.000,9999.000
202607061318,   0.889,9999.000,9999.000,9999.000,9999.000,9999.000,9999.000,9999.000,9999.000
202607061324,   0.975,9999.000,9999.000,9999.000,9999.000,9999.000,9999.000,9999.000,9999.000
202607061330,   1.065,9999.000,9999.000,9999.000,9999.000,9999.000,9999.000,9999.000,9999.000
202607061336,   1.157,9999.000,9999.000,9999.000,9999.000,9999.000,9999.000,9999.000,9999.000
202607061342,   1.252,9999.000,9999.000,9999.000,9999.000,9999.000,9999.000,9999.000,9999.000
202607061348,   1.349,9999.000,9999.000,9999.000,9999.000,9999.000,9999.000,9999.000,9999.000
202607061354,   1.448,9999.000,9999.000,9999.000,9999.000,9999.000,9999.000,9999.000,9999.000
202607061400,   1.548,9999.000,   0.300,   0.135,   1.983,   0.200,   1.883,   0.300,   1.983
202607061406,   1.649,9999.000,9999.000,9999.000,9999.000,9999.000,9999.000,9999.000,9999.000
202607061412,   1.751,9999.000,9999.000,9999.000,9999.000,9999.000,9999.000,9999.000,9999.000
202607061418,   1.854,9999.000,9999.000,9999.000,9999.000,9999.000,9999.000,9999.000,9999.000
202607061424,   1.956,9999.000,9999.000,9999.000,9999.000,9999.000,9999.000,9999.000,9999.000
202607061430,   2.059,9999.000,9999.000,9999.000,9999.000,9999.000,9999.000,9999.000,9999.000
202607061436,   2.161,9999.000,9999.000,9999.000,9999.000,9999.000,9999.000,9999.000,9999.000
202607061442,   2.262,9999.000,9999.000,9999.000,9999.000,9999.000,9999.000,9999.000,9999.000
202607061448,   2.363,9999.000,9999.000,9999.000,9999.000,9999.000,9999.000,9999.000,9999.000
202607061454,   2.462,9999.000,9999.000,9999.000,9999.000,9999.000,9999.000,9999.000,9999.000
202607061500,   2.560,9999.000,   0.300,   0.135,   2.995,   0.200,   2.895,   0.300,   2.995
202607061506,   2.656,9999.000,9999.000,9999.000,9999.000,9999.000,9999.000,9999.000,9999.000
202607061512,   2.751,9999.000,9999.000,9999.000,9999.000,9999.000,9999.000,9999.000,9999.000
202607061518,   2.843,9999.000,9999.000,9999.000,9999.000,9999.000,9999.000,9999.000,9999.000
202607061524,   2.933,9999.000,9999.000,9999.000,9999.000,9999.000,9999.000,9999.000,9999.000
202607061530,   3.021,9999.000,9999.000,9999.000,9999.000,9999.000,9999.000,9999.000,9999.000
202607061536,   3.106,9999.000,9999.000,9999.000,9999.000,9999.000,9999.000,9999.000,9999.000
202607061542,   3.189,9999.000,9999.000,9999.000,9999.000,9999.000,9999.000,9999.000,9999.000
202607061548,   3.269,9999.000,9999.000,9999.000,9999.000,9999.000,9999.000,9999.000,9999.000
202607061554,   3.347,9999.000,9999.000,9999.000,9999.000,9999.000,9999.000,9999.000,9999.000
202607061600,   3.421,9999.000,   0.300,   0.135,   3.856,   0.200,   3.756,   0.300,   3.856
202607061606,   3.492,9999.000,9999.000,9999.000,9999.000,9999.000,9999.000,9999.000,9999.000
202607061612,   3.560,9999.000,9999.000,9999.000,9999.000,9999.000,9999.000,9999.000,9999.000
202607061618,   3.625,9999.000,9999.000,9999.000,9999.000,9999.000,9999.000,9999.000,9999.000
202607061624,   3.686,9999.000,9999.000,9999.000,9999.000,9999.000,9999.000,9999.000,9999.000
202607061630,   3.744,9999.000,9999.000,9999.000,9999.000,9999.000,9999.000,9999.000,9999.000
202607061636,   3.798,9999.000,9999.000,9999.000,9999.000,9999.000,9999.000,9999.000,9999.000
202607061642,   3.849,9999.000,9999.000,9999.000,9999.000,9999.000,9999.000,9999.000,9999.000
202607061648,   3.896,9999.000,9999.000,9999.000,9999.000,9999.000,9999.000,9999.000,9999.000
202607061654,   3.938,9999.000,9999.000,9999.000,9999.000,9999.000,9999.000,9999.000,9999.000
202607061700,   3.977,9999.000,   0.300,   0.135,   4.412,   0.200,   4.312,   0.300,   4.412
202607061706,   4.012,9999.000,9999.000,9999.000,9999.000,9999.000,9999.000,9999.000,9999.000
202607061712,   4.042,9999.000,9999.000,9999.000,9999.000,9999.000,9999.000,9999.000,9999.000
202607061718,   4.068,9999.000,9999.000,9999.000,9999.000,9999.000,9999.000,9999.000,9999.000
202607061724,   4.090,9999.000,9999.000,9999.000,9999.000,9999.000,9999.000,9999.000,9999.000
202607061730,   4.108,9999.000,9999.000,9999.000,9999.000,9999.000,9999.000,9999.000,9999.000
202607061736,   4.121,9999.000,9999.000,9999.000,9999.000,9999.000,9999.000,9999.000,9999.000
202607061742,   4.130,9999.000,9999.000,9999.000,9999.000,9999.000,9999.000,9999.000,9999.000
202607061748,   4.134,9999.000,9999.000,9999.000,9999.000,9999.000,9999.000,9999.000,9999.000
202607061754,   4.134,9999.000,9999.000,9999.000,9999.000,9999.000,9999.000,9999.000,9999.000
202607061800,   4.129,9999.000,   0.300,   0.135,   4.564,   0.200,   4.464,   0.400,   4.664
202607061806,   4.120,9999.000,9999.000,9999.000,9999.000,9999.000,9999.000,9999.000,9999.000
202607061812,   4.107,9999.000,9999.000,9999.000,9999.000,9999.000,9999.000,9999.000,9999.000
202607061818,   4.089,9999.000,9999.000,9999.000,9999.000,9999.000,9999.000,9999.000,9999.000
202607061824,   4.067,9999.000,9999.000,9999.000,9999.000,9999.000,9999.000,9999.000,9999.000
202607061830,   4.041,9999.000,9999.000,9999.000,9999.000,9999.000,9999.000,9999.000,9999.000
202607061836,   4.010,9999.000,9999.000,9999.000,9999.000,9999.000,9999.000,9999.000,9999.000
202607061842,   3.975,9999.000,9999.000,9999.000,9999.000,9999.000,9999.000,9999.000,9999.000
202607061848,   3.935,9999.000,9999.000,9999.000,9999.000,9999.000,9999.000,9999.000,9999.000
202607061854,   3.891,9999.000,9999.000,9999.000,9999.000,9999.000,9999.000,9999.000,9999.000
202607061900,   3.843,9999.000,   0.300,   0.135,   4.278,   0.200,   4.178,   0.400,   4.378
202607061906,   3.791,9999.000,9999.000,9999.000,9999.000,9999.000,9999.000,9999.000,9999.000
202607061912,   3.735,9999.000,9999.000,9999.000,9999.000,9999.000,9999.000,9999.000,9999.000
202607061918,   3.675,9999.000,9999.000,9999.000,9999.000,9999.000,9999.000,9999.000,9999.000
202607061924,   3.610,9999.000,9999.000,9999.000,9999.000,9999.000,9999.000,9999.000,9999.000
202607061930,   3.542,9999.000,9999.000,9999.000,9999.000,9999.000,9999.000,9999.000,9999.000
202607061936,   3.470,9999.000,9999.000,9999.000,9999.000,9999.000,9999.000,9999.000,9999.000
202607061942,   3.393,9999.000,9999.000,9999.000,9999.000,9999.000,9999.000,9999.000,9999.000
202607061948,   3.314,9999.000,9999.000,9999.000,9999.000,9999.000,9999.000,9999.000,9999.000
202607061954,   3.230,9999.000,9999.000,9999.000,9999.000,9999.000,9999.000,9999.000,9999.000
202607062000,   3.144,9999.000,   0.400,   0.135,   3.679,   0.300,   3.579,   0.500,   3.779
202607062006,   3.054,9999.000,9999.000,9999.000,9999.000,9999.000,9999.000,9999.000,9999.000
202607062012,   2.961,9999.000,9999.000,9999.000,9999.000,9999.000,9999.000,9999.000,9999.000
202607062018,   2.865,9999.000,9999.000,9999.000,9999.000,9999.000,9999.000,9999.000,9999.000
202607062024,   2.768,9999.000,9999.000,9999.000,9999.000,9999.000,9999.000,9999.000,9999.000
202607062030,   2.668,9999.000,9999.000,9999.000,9999.000,9999.000,9999.000,9999.000,9999.000
202607062036,   2.566,9999.000,9999.000,9999.000,9999.000,9999.000,9999.000,9999.000,9999.000
202607062042,   2.463,9999.000,9999.000,9999.000,9999.000,9999.000,9999.000,9999.000,9999.000
202607062048,   2.359,9999.000,9999.000,9999.000,9999.000,9999.000,9999.000,9999.000,9999.000
202607062054,   2.254,9999.000,9999.000,9999.000,9999.000,9999.000,9999.000,9999.000,9999.000
202607062100,   2.150,9999.000,   0.400,   0.135,   2.685,   0.300,   2.585,   0.500,   2.785
202607062106,   2.045,9999.000,9999.000,9999.000,9999.000,9999.000,9999.000,9999.000,9999.000
202607062112,   1.942,9999.000,9999.000,9999.000,9999.000,9999.000,9999.000,9999.000,9999.000
202607062118,   1.840,9999.000,9999.000,9999.000,9999.000,9999.000,9999.000,9999.000,9999.000
202607062124,   1.739,9999.000,9999.000,9999.000,9999.000,9999.000,9999.000,9999.000,9999.000
202607062130,   1.641,9999.000,9999.000,9999.000,9999.000,9999.000,9999.000,9999.000,9999.000
202607062136,   1.545,9999.000,9999.000,9999.000,9999.000,9999.000,9999.000,9999.000,9999.000
202607062142,   1.452,9999.000,9999.000,9999.000,9999.000,9999.000,9999.000,9999.000,9999.000
202607062148,   1.362,9999.000,9999.000,9999.000,9999.000,9999.000,9999.000,9999.000,9999.000
202607062154,   1.276,9999.000,9999.000,9999.000,9999.000,9999.000,9999.000,9999.000,9999.000
202607062200,   1.194,9999.000,   0.400,   0.135,   1.729,   0.300,   1.629,   0.500,   1.829
202607062206,   1.117,9999.000,9999.000,9999.000,9999.000,9999.000,9999.000,9999.000,9999.000
202607062212,   1.043,9999.000,9999.000,9999.000,9999.000,9999.000,9999.000,9999.000,9999.000
202607062218,   0.975,9999.000,9999.000,9999.000,9999.000,9999.000,9999.000,9999.000,9999.000
202607062224,   0.911,9999.000,9999.000,9999.000,9999.000,9999.000,9999.000,9999.000,9999.000
202607062230,   0.852,9999.000,9999.000,9999.000,9999.000,9999.000,9999.000,9999.000,9999.000
202607062236,   0.798,9999.000,9999.000,9999.000,9999.000,9999.000,9999.000,9999.000,9999.000
202607062242,   0.749,9999.000,9999.000,9999.000,9999.000,9999.000,9999.000,9999.000,9999.000
202607062248,   0.705,9999.000,9999.000,9999.000,9999.000,9999.000,9999.000,9999.000,9999.000
202607062254,   0.666,9999.000,9999.000,9999.000,9999.000,9999.000,9999.000,9999.000,9999.000
202607062300,   0.632,9999.000,   0.400,   0.135,   1.167,   0.300,   1.067,   0.500,   1.267
202607062306,   0.602,9999.000,9999.000,9999.000,9999.000,9999.000,9999.000,9999.000,9999.000
202607062312,   0.578,9999.000,9999.000,9999.000,9999.000,9999.000,9999.000,9999.000,9999.000
202607062318,   0.558,9999.000,9999.000,9999.000,9999.000,9999.000,9999.000,9999.000,9999.000
202607062324,   0.543,9999.000,9999.000,9999.000,9999.000,9999.000,9999.000,9999.000,9999.000
202607062330,   0.532,9999.000,9999.000,9999.000,9999.000,9999.000,9999.000,9999.000,9999.000
202607062336,   0.525,9999.000,9999.000,9999.000,9999.000,9999.000,9999.000,9999.000,9999.000
202607062342,   0.523,9999.000,9999.000,9999.000,9999.000,9999.000,9999.000,9999.000,9999.000
202607062348,   0.525,9999.000,9999.000,9999.000,9999.000,9999.000,9999.000,9999.000,9999.000
202607062354,   0.531,9999.000,9999.000,9999.000,9999.000,9999.000,9999.000,9999.000,9999.000
202607070000,   0.542,9999.000,   0.400,   0.135,   1.077,   0.300,   0.977,   0.500,   1.177
202607070006,   0.556,9999.000,9999.000,9999.000,9999.000,9999.000,9999.000,9999.000,9999.000
202607070012,   0.574,9999.000,9999.000,9999.000,9999.000,9999.000,9999.000,9999.000,9999.000
202607070018,   0.597,9999.000,9999.000,9999.000,9999.000,9999.000,9999.000,9999.000,9999.000
202607070024,   0.623,9999.000,9999.000,9999.000,9999.000,9999.000,9999.000,9999.000,9999.000
202607070030,   0.654,9999.000,9999.000,9999.000,9999.000,9999.000,9999.000,9999.000,9999.000
202607070036,   0.688,9999.000,9999.000,9999.000,9999.000,9999.000,9999.000,9999.000,9999.000
202607070042,   0.727,9999.000,9999.000,9999.000,9999.000,9999.000,9999.000,9999.000,9999.000
202607070048,   0.769,9999.000,9999.000,9999.000,9999.000,9999.000,9999.000,9999.000,9999.000
202607070054,   0.816,9999.000,9999.000,9999.000,9999.000,9999.000,9999.000,9999.000,9999.000
202607070100,   0.866,9999.000,   0.400,   0.135,   1.401,   0.300,   1.301,   0.500,   1.501
202607070106,   0.920,9999.000,9999.000,9999.000,9999.000,9999.000,9999.000,9999.000,9999.000
202607070112,   0.978,9999.000,9999.000,9999.000,9999.000,9999.000,9999.000,9999.000,9999.000
202607070118,   1.040,9999.000,9999.000,9999.000,9999.000,9999.000,9999.000,9999.000,9999.000
202607070124,   1.106,9999.000,9999.000,9999.000,9999.000,9999.000,9999.000,9999.000,9999.000
202607070130,   1.174,9999.000,9999.000,9999.000,9999.000,9999.000,9999.000,9999.000,9999.000
202607070136,   1.247,9999.000,9999.000,9999.000,9999.000,9999.000,9999.000,9999.000,9999.000
202607070142,   1.322,9999.000,9999.000,9999.000,9999.000,9999.000,9999.000,9999.000,9999.000
202607070148,   1.400,9999.000,9999.000,9999.000,9999.000,9999.000,9999.000,9999.000,9999.000
202607070154,   1.481,9999.000,9999.000,9999.000,9999.000,9999.000,9999.000,9999.000,9999.000
202607070200,   1.564,9999.000,   0.300,   0.135,   1.999,   0.200,   1.899,   0.400,   2.099
202607070206,   1.649,9999.000,9999.000,9999.000,9999.000,9999.000,9999.000,9999.000,9999.000
202607070212,   1.736,9999.000,9999.000,9999.000,9999.000,9999.000,9999.000,9999.000,9999.000
202607070218,   1.825,9999.000,9999.000,9999.000,9999.000,9999.000,9999.000,9999.000,9999.000
202607070224,   1.915,9999.000,9999.000,9999.000,9999.000,9999.000,9999.000,9999.000,9999.000
202607070230,   2.006,9999.000,9999.000,9999.000,9999.000,9999.000,9999.000,9999.000,9999.000
202607070236,   2.097,9999.000,9999.000,9999.000,9999.000,9999.000,9999.000,9999.000,9999.000
202607070242,   2.189,9999.000,9999.000,9999.000,9999.000,9999.000,9999.000,9999.000,9999.000
202607070248,   2.280,9999.000,9999.000,9999.000,9999.000,9999.000,9999.000,9999.000,9999.000
202607070254,   2.371,9999.000,9999.000,9999.000,9999.000,9999.000,9999.000,9999.000,9999.000
202607070300,   2.462,9999.000,   0.300,   0.135,   2.897,   0.100,   2.697,   0.400,   2.997
202607070306,   2.552,9999.000,9999.000,9999.000,9999.000,9999.000,9999.000,9999.000,9999.000
202607070312,   2.641,9999.000,9999.000,9999.000,9999.000,9999.000,9999.000,9999.000,9999.000
202607070318,   2.728,9999.000,9999.000,9999.000,9999.000,9999.000,9999.000,9999.000,9999.000
202607070324,   2.814,9999.000,9999.000,9999.000,9999.000,9999.000,9999.000,9999.000,9999.000
202607070330,   2.898,9999.000,9999.000,9999.000,9999.000,9999.000,9999.000,9999.000,9999.000
202607070336,   2.980,9999.000,9999.000,9999.000,9999.000,9999.000,9999.000,9999.000,9999.000
202607070342,   3.061,9999.000,9999.000,9999.000,9999.000,9999.000,9999.000,9999.000,9999.000
202607070348,   3.139,9999.000,9999.000,9999.000,9999.000,9999.000,9999.000,9999.000,9999.000
202607070354,   3.215,9999.000,9999.000,9999.000,9999.000,9999.000,9999.000,9999.000,9999.000
202607070400,   3.288,9999.000,   0.200,   0.135,   3.623,   0.100,   3.523,   0.300,   3.723
202607070406,   3.359,9999.000,9999.000,9999.000,9999.000,9999.000,9999.000,9999.000,9999.000
202607070412,   3.427,9999.000,9999.000,9999.000,9999.000,9999.000,9999.000,9999.000,9999.000
202607070418,   3.492,9999.000,9999.000,9999.000,9999.000,9999.000,9999.000,9999.000,9999.000
202607070424,   3.555,9999.000,9999.000,9999.000,9999.000,9999.000,9999.000,9999.000,9999.000
202607070430,   3.614,9999.000,9999.000,9999.000,9999.000,9999.000,9999.000,9999.000,9999.000
202607070436,   3.670,9999.000,9999.000,9999.000,9999.000,9999.000,9999.000,9999.000,9999.000
202607070442,   3.724,9999.000,9999.000,9999.000,9999.000,9999.000,9999.000,9999.000,9999.000
202607070448,   3.774,9999.000,9999.000,9999.000,9999.000,9999.000,9999.000,9999.000,9999.000
202607070454,   3.820,9999.000,9999.000,9999.000,9999.000,9999.000,9999.000,9999.000,9999.000
202607070500,   3.863,9999.000,   0.200,   0.135,   4.198,   0.000,   3.998,   0.300,   4.298
202607070506,   3.903,9999.000,9999.000,9999.000,9999.000,9999.000,9999.000,9999.000,9999.000
202607070512,   3.939,9999.000,9999.000,9999.000,9999.000,9999.000,9999.000,9999.000,9999.000
202607070518,   3.971,9999.000,9999.000,9999.000,9999.000,9999.000,9999.000,9999.000,9999.000
202607070524,   4.000,9999.000,9999.000,9999.000,9999.000,9999.000,9999.000,9999.000,9999.000
202607070530,   4.024,9999.000,9999.000,9999.000,9999.000,9999.000,9999.000,9999.000,9999.000
202607070536,   4.045,9999.000,9999.000,9999.000,9999.000,9999.000,9999.000,9999.000,9999.000
202607070542,   4.061,9999.000,9999.000,9999.000,9999.000,9999.000,9999.000,9999.000,9999.000
202607070548,   4.074,9999.000,9999.000,9999.000,9999.000,9999.000,9999.000,9999.000,9999.000
202607070554,   4.082,9999.000,9999.000,9999.000,9999.000,9999.000,9999.000,9999.000,9999.000
202607070600,   4.086,9999.000,   0.100,   0.135,   4.321,   0.000,   4.221,   0.200,   4.421
202607070606,   4.086,9999.000,9999.000,9999.000,9999.000,9999.000,9999.000,9999.000,9999.000
202607070612,   4.081,9999.000,9999.000,9999.000,9999.000,9999.000,9999.000,9999.000,9999.000
202607070618,   4.073,9999.000,9999.000,9999.000,9999.000,9999.000,9999.000,9999.000,9999.000
202607070624,   4.060,9999.000,9999.000,9999.000,9999.000,9999.000,9999.000,9999.000,9999.000
202607070630,   4.042,9999.000,9999.000,9999.000,9999.000,9999.000,9999.000,9999.000,9999.000
202607070636,   4.021,9999.000,9999.000,9999.000,9999.000,9999.000,9999.000,9999.000,9999.000
202607070642,   3.995,9999.000,9999.000,9999.000,9999.000,9999.000,9999.000,9999.000,9999.000
202607070648,   3.965,9999.000,9999.000,9999.000,9999.000,9999.000,9999.000,9999.000,9999.000
202607070654,   3.931,9999.000,9999.000,9999.000,9999.000,9999.000,9999.000,9999.000,9999.000
202607070700,   3.892,9999.000,   0.100,   0.135,   4.127,   0.000,   4.027,   0.200,   4.227
202607070706,   3.849,9999.000,9999.000,9999.000,9999.000,9999.000,9999.000,9999.000,9999.000
202607070712,   3.802,9999.000,9999.000,9999.000,9999.000,9999.000,9999.000,9999.000,9999.000
202607070718,   3.751,9999.000,9999.000,9999.000,9999.000,9999.000,9999.000,9999.000,9999.000
202607070724,   3.695,9999.000,9999.000,9999.000,9999.000,9999.000,9999.000,9999.000,9999.000
202607070730,   3.635,9999.000,9999.000,9999.000,9999.000,9999.000,9999.000,9999.000,9999.000
202607070736,   3.571,9999.000,9999.000,9999.000,9999.000,9999.000,9999.000,9999.000,9999.000
202607070742,   3.503,9999.000,9999.000,9999.000,9999.000,9999.000,9999.000,9999.000,9999.000
202607070748,   3.431,9999.000,9999.000,9999.000,9999.000,9999.000,9999.000,9999.000,9999.000
202607070754,   3.354,9999.000,9999.000,9999.000,9999.000,9999.000,9999.000,9999.000,9999.000
202607070800,   3.274,9999.000,   0.100,   0.135,   3.509,   0.000,   3.409,   0.200,   3.609
202607070806,   3.189,9999.000,9999.000,9999.000,9999.000,9999.000,9999.000,9999.000,9999.000
202607070812,   3.101,9999.000,9999.000,9999.000,9999.000,9999.000,9999.000,9999.000,9999.000
202607070818,   3.009,9999.000,9999.000,9999.000,9999.000,9999.000,9999.000,9999.000,9999.000
202607070824,   2.914,9999.000,9999.000,9999.000,9999.000,9999.000,9999.000,9999.000,9999.000
202607070830,   2.815,9999.000,9999.000,9999.000,9999.000,9999.000,9999.000,9999.000,9999.000
202607070836,   2.713,9999.000,9999.000,9999.000,9999.000,9999.000,9999.000,9999.000,9999.000
202607070842,   2.608,9999.000,9999.000,9999.000,9999.000,9999.000,9999.000,9999.000,9999.000
202607070848,   2.500,9999.000,9999.000,9999.000,9999.000,9999.000,9999.000,9999.000,9999.000
202607070854,   2.390,9999.000,9999.000,9999.000,9999.000,9999.000,9999.000,9999.000,9999.000
202607070900,   2.278,9999.000,   0.100,   0.135,   2.513,   0.100,   2.513,   0.200,   2.613
202607070906,   2.165,9999.000,9999.000,9999.000,9999.000,9999.000,9999.000,9999.000,9999.000
202607070912,   2.050,9999.000,9999.000,9999.000,9999.000,9999.000,9999.000,9999.000,9999.000
202607070918,   1.934,9999.000,9999.000,9999.000,9999.000,9999.000,9999.000,9999.000,9999.000
202607070924,   1.818,9999.000,9999.000,9999.000,9999.000,9999.000,9999.000,9999.000,9999.000
202607070930,   1.702,9999.000,9999.000,9999.000,9999.000,9999.000,9999.000,9999.000,9999.000
202607070936,   1.587,9999.000,9999.000,9999.000,9999.000,9999.000,9999.000,9999.000,9999.000
202607070942,   1.473,9999.000,9999.000,9999.000,9999.000,9999.000,9999.000,9999.000,9999.000
202607070948,   1.361,9999.000,9999.000,9999.000,9999.000,9999.000,9999.000,9999.000,9999.000
202607070954,   1.250,9999.000,9999.000,9999.000,9999.000,9999.000,9999.000,9999.000,9999.000
202607071000,   1.142,9999.000,   0.200,   0.135,   1.477,   0.100,   1.377,   0.200,   1.477
202607071006,   1.037,9999.000,9999.000,9999.000,9999.000,9999.000,9999.000,9999.000,9999.000
202607071012,   0.935,9999.000,9999.000,9999.000,9999.000,9999.000,9999.000,9999.000,9999.000
202607071018,   0.836,9999.000,9999.000,9999.000,9999.000,9999.000,9999.000,9999.000,9999.000
202607071024,   0.742,9999.000,9999.000,9999.000,9999.000,9999.000,9999.000,9999.000,9999.000
202607071030,   0.652,9999.000,9999.000,9999.000,9999.000,9999.000,9999.000,9999.000,9999.000
202607071036,   0.567,9999.000,9999.000,9999.000,9999.000,9999.000,9999.000,9999.000,9999.000
202607071042,   0.487,9999.000,9999.000,9999.000,9999.000,9999.000,9999.000,9999.000,9999.000
202607071048,   0.412,9999.000,9999.000,9999.000,9999.000,9999.000,9999.000,9999.000,9999.000
202607071054,   0.342,9999.000,9999.000,9999.000,9999.000,9999.000,9999.000,9999.000,9999.000
202607071100,   0.277,9999.000,   0.100,   0.135,   0.512,   0.000,   0.412,   0.200,   0.612
202607071106,   0.218,9999.000,9999.000,9999.000,9999.000,9999.000,9999.000,9999.000,9999.000
202607071112,   0.164,9999.000,9999.000,9999.000,9999.000,9999.000,9999.000,9999.000,9999.000
202607071118,   0.116,9999.000,9999.000,9999.000,9999.000,9999.000,9999.000,9999.000,9999.000
202607071124,   0.073,9999.000,9999.000,9999.000,9999.000,9999.000,9999.000,9999.000,9999.000
202607071130,   0.035,9999.000,9999.000,9999.000,9999.000,9999.000,9999.000,9999.000,9999.000
202607071136,   0.004,9999.000,9999.000,9999.000,9999.000,9999.000,9999.000,9999.000,9999.000
202607071142,  -0.022,9999.000,9999.000,9999.000,9999.000,9999.000,9999.000,9999.000,9999.000
202607071148,  -0.043,9999.000,9999.000,9999.000,9999.000,9999.000,9999.000,9999.000,9999.000
202607071154,  -0.059,9999.000,9999.000,9999.000,9999.000,9999.000,9999.000,9999.000,9999.000
202607071200,  -0.070,9999.000,   0.100,   0.135,   0.165,   0.000,   0.065,   0.200,   0.265
202607071206,  -0.075,9999.000,9999.000,9999.000,9999.000,9999.000,9999.000,9999.000,9999.000
202607071212,  -0.076,9999.000,9999.000,9999.000,9999.000,9999.000,9999.000,9999.000,9999.000
202607071218,  -0.071,9999.000,9999.000,9999.000,9999.000,9999.000,9999.000,9999.000,9999.000
202607071224,  -0.062,9999.000,9999.000,9999.000,9999.000,9999.000,9999.000,9999.000,9999.000
202607071230,  -0.047,9999.000,9999.000,9999.000,9999.000,9999.000,9999.000,9999.000,9999.000
202607071236,  -0.028,9999.000,9999.000,9999.000,9999.000,9999.000,9999.000,9999.000,9999.000
202607071242,  -0.003,9999.000,9999.000,9999.000,9999.000,9999.000,9999.000,9999.000,9999.000
202607071248,   0.025,9999.000,9999.000,9999.000,9999.000,9999.000,9999.000,9999.000,9999.000
202607071254,   0.060,9999.000,9999.000,9999.000,9999.000,9999.000,9999.000,9999.000,9999.000
202607071300,   0.099,9999.000,   0.100,   0.135,   0.334,   0.000,   0.234,   0.300,   0.534
202607071306,   0.143,9999.000,9999.000,9999.000,9999.000,9999.000,9999.000,9999.000,9999.000
202607071312,   0.193,9999.000,9999.000,9999.000,9999.000,9999.000,9999.000,9999.000,9999.000
202607071318,   0.247,9999.000,9999.000,9999.000,9999.000,9999.000,9999.000,9999.000,9999.000
202607071324,   0.306,9999.000,9999.000,9999.000,9999.000,9999.000,9999.000,9999.000,9999.000
202607071330,   0.369,9999.000,9999.000,9999.000,9999.000,9999.000,9999.000,9999.000,9999.000
202607071336,   0.438,9999.000,9999.000,9999.000,9999.000,9999.000,9999.000,9999.000,9999.000
202607071342,   0.511,9999.000,9999.000,9999.000,9999.000,9999.000,9999.000,9999.000,9999.000
202607071348,   0.588,9999.000,9999.000,9999.000,9999.000,9999.000,9999.000,9999.000,9999.000
202607071354,   0.670,9999.000,9999.000,9999.000,9999.000,9999.000,9999.000,9999.000,9999.000
202607071400,   0.755,9999.000,   0.100,   0.135,   0.990,   0.000,   0.890,   0.200,   1.090
202607071406,   0.844,9999.000,9999.000,9999.000,9999.000,9999.000,9999.000,9999.000,9999.000
202607071412,   0.937,9999.000,9999.000,9999.000,9999.000,9999.000,9999.000,9999.000,9999.000
202607071418,   1.034,9999.000,9999.000,9999.000,9999.000,9999.000,9999.000,9999.000,9999.000
202607071424,   1.133,9999.000,9999.000,9999.000,9999.000,9999.000,9999.000,9999.000,9999.000
202607071430,   1.234,9999.000,9999.000,9999.000,9999.000,9999.000,9999.000,9999.000,9999.000
202607071436,   1.338,9999.000,9999.000,9999.000,9999.000,9999.000,9999.000,9999.000,9999.000
202607071442,   1.444,9999.000,9999.000,9999.000,9999.000,9999.000,9999.000,9999.000,9999.000
202607071448,   1.552,9999.000,9999.000,9999.000,9999.000,9999.000,9999.000,9999.000,9999.000
202607071454,   1.660,9999.000,9999.000,9999.000,9999.000,9999.000,9999.000,9999.000,9999.000
202607071500,   1.770,9999.000,   0.100,   0.135,   2.005,   0.000,   1.905,   0.200,   2.105
202607071506,   1.880,9999.000,9999.000,9999.000,9999.000,9999.000,9999.000,9999.000,9999.000
202607071512,   1.990,9999.000,9999.000,9999.000,9999.000,9999.000,9999.000,9999.000,9999.000
202607071518,   2.100,9999.000,9999.000,9999.000,9999.000,9999.000,9999.000,9999.000,9999.000
202607071524,   2.210,9999.000,9999.000,9999.000,9999.000,9999.000,9999.000,9999.000,9999.000
202607071530,   2.318,9999.000,9999.000,9999.000,9999.000,9999.000,9999.000,9999.000,9999.000
202607071536,   2.426,9999.000,9999.000,9999.000,9999.000,9999.000,9999.000,9999.000,9999.000
202607071542,   2.532,9999.000,9999.000,9999.000,9999.000,9999.000,9999.000,9999.000,9999.000
202607071548,   2.636,9999.000,9999.000,9999.000,9999.000,9999.000,9999.000,9999.000,9999.000
202607071554,   2.739,9999.000,9999.000,9999.000,9999.000,9999.000,9999.000,9999.000,9999.000
202607071600,   2.840,9999.000,   0.100,   0.135,   3.075,   0.000,   2.975,   0.200,   3.175
202607071606,   2.938,9999.000,9999.000,9999.000,9999.000,9999.000,9999.000,9999.000,9999.000
202607071612,   3.034,9999.000,9999.000,9999.000,9999.000,9999.000,9999.000,9999.000,9999.000
202607071618,   3.127,9999.000,9999.000,9999.000,9999.000,9999.000,9999.000,9999.000,9999.000
202607071624,   3.217,9999.000,9999.000,9999.000,9999.000,9999.000,9999.000,9999.000,9999.000
202607071630,   3.305,9999.000,9999.000,9999.000,9999.000,9999.000,9999.000,9999.000,9999.000
202607071636,   3.389,9999.000,9999.000,9999.000,9999.000,9999.000,9999.000,9999.000,9999.000
202607071642,   3.471,9999.000,9999.000,9999.000,9999.000,9999.000,9999.000,9999.000,9999.000
202607071648,   3.549,9999.000,9999.000,9999.000,9999.000,9999.000,9999.000,9999.000,9999.000
202607071654,   3.624,9999.000,9999.000,9999.000,9999.000,9999.000,9999.000,9999.000,9999.000
202607071700,   3.695,9999.000,   0.200,   0.135,   4.030,   0.000,   3.830,   0.300,   4.130
202607071706,   3.763,9999.000,9999.000,9999.000,9999.000,9999.000,9999.000,9999.000,9999.000
202607071712,   3.828,9999.000,9999.000,9999.000,9999.000,9999.000,9999.000,9999.000,9999.000
202607071718,   3.888,9999.000,9999.000,9999.000,9999.000,9999.000,9999.000,9999.000,9999.000
202607071724,   3.945,9999.000,9999.000,9999.000,9999.000,9999.000,9999.000,9999.000,9999.000
202607071730,   3.998,9999.000,9999.000,9999.000,9999.000,9999.000,9999.000,9999.000,9999.000
202607071736,   4.047,9999.000,9999.000,9999.000,9999.000,9999.000,9999.000,9999.000,9999.000
202607071742,   4.092,9999.000,9999.000,9999.000,9999.000,9999.000,9999.000,9999.000,9999.000
202607071748,   4.133,9999.000,9999.000,9999.000,9999.000,9999.000,9999.000,9999.000,9999.000
202607071754,   4.170,9999.000,9999.000,9999.000,9999.000,9999.000,9999.000,9999.000,9999.000
202607071800,   4.203,9999.000,   0.200,   0.135,   4.538,   0.100,   4.438,   0.300,   4.638
202607071806,   4.231,9999.000,9999.000,9999.000,9999.000,9999.000,9999.000,9999.000,9999.000
202607071812,   4.255,9999.000,9999.000,9999.000,9999.000,9999.000,9999.000,9999.000,9999.000
202607071818,   4.275,9999.000,9999.000,9999.000,9999.000,9999.000,9999.000,9999.000,9999.000
202607071824,   4.291,9999.000,9999.000,9999.000,9999.000,9999.000,9999.000,9999.000,9999.000
202607071830,   4.302,9999.000,9999.000,9999.000,9999.000,9999.000,9999.000,9999.000,9999.000
202607071836,   4.309,9999.000,9999.000,9999.000,9999.000,9999.000,9999.000,9999.000,9999.000
202607071842,   4.311,9999.000,9999.000,9999.000,9999.000,9999.000,9999.000,9999.000,9999.000
202607071848,   4.310,9999.000,9999.000,9999.000,9999.000,9999.000,9999.000,9999.000,9999.000
202607071854,   4.304,9999.000,9999.000,9999.000,9999.000,9999.000,9999.000,9999.000,9999.000
202607071900,   4.293,9999.000,   0.200,   0.135,   4.628,   0.100,   4.528,   0.300,   4.728
202607071906,   4.279,9999.000,9999.000,9999.000,9999.000,9999.000,9999.000,9999.000,9999.000
202607071912,   4.260,9999.000,9999.000,9999.000,9999.000,9999.000,9999.000,9999.000,9999.000
202607071918,   4.237,9999.000,9999.000,9999.000,9999.000,9999.000,9999.000,9999.000,9999.000
202607071924,   4.209,9999.000,9999.000,9999.000,9999.000,9999.000,9999.000,9999.000,9999.000
202607071930,   4.178,9999.000,9999.000,9999.000,9999.000,9999.000,9999.000,9999.000,9999.000
202607071936,   4.142,9999.000,9999.000,9999.000,9999.000,9999.000,9999.000,9999.000,9999.000
202607071942,   4.102,9999.000,9999.000,9999.000,9999.000,9999.000,9999.000,9999.000,9999.000
202607071948,   4.058,9999.000,9999.000,9999.000,9999.000,9999.000,9999.000,9999.000,9999.000
202607071954,   4.010,9999.000,9999.000,9999.000,9999.000,9999.000,9999.000,9999.000,9999.000
202607072000,   3.958,9999.000,   0.300,   0.135,   4.393,   0.200,   4.293,   0.400,   4.493
202607072006,   3.902,9999.000,9999.000,9999.000,9999.000,9999.000,9999.000,9999.000,9999.000
202607072012,   3.841,9999.000,9999.000,9999.000,9999.000,9999.000,9999.000,9999.000,9999.000
202607072018,   3.777,9999.000,9999.000,9999.000,9999.000,9999.000,9999.000,9999.000,9999.000
202607072024,   3.708,9999.000,9999.000,9999.000,9999.000,9999.000,9999.000,9999.000,9999.000
202607072030,   3.636,9999.000,9999.000,9999.000,9999.000,9999.000,9999.000,9999.000,9999.000
202607072036,   3.560,9999.000,9999.000,9999.000,9999.000,9999.000,9999.000,9999.000,9999.000
202607072042,   3.479,9999.000,9999.000,9999.000,9999.000,9999.000,9999.000,9999.000,9999.000
202607072048,   3.396,9999.000,9999.000,9999.000,9999.000,9999.000,9999.000,9999.000,9999.000
202607072054,   3.309,9999.000,9999.000,9999.000,9999.000,9999.000,9999.000,9999.000,9999.000
202607072100,   3.218,9999.000,   0.300,   0.135,   3.653,   0.200,   3.553,   0.400,   3.753
202607072106,   3.125,9999.000,9999.000,9999.000,9999.000,9999.000,9999.000,9999.000,9999.000
202607072112,   3.028,9999.000,9999.000,9999.000,9999.000,9999.000,9999.000,9999.000,9999.000
202607072118,   2.929,9999.000,9999.000,9999.000,9999.000,9999.000,9999.000,9999.000,9999.000
202607072124,   2.828,9999.000,9999.000,9999.000,9999.000,9999.000,9999.000,9999.000,9999.000
202607072130,   2.725,9999.000,9999.000,9999.000,9999.000,9999.000,9999.000,9999.000,9999.000
202607072136,   2.620,9999.000,9999.000,9999.000,9999.000,9999.000,9999.000,9999.000,9999.000
202607072142,   2.514,9999.000,9999.000,9999.000,9999.000,9999.000,9999.000,9999.000,9999.000
202607072148,   2.408,9999.000,9999.000,9999.000,9999.000,9999.000,9999.000,9999.000,9999.000
202607072154,   2.301,9999.000,9999.000,9999.000,9999.000,9999.000,9999.000,9999.000,9999.000
202607072200,   2.194,9999.000,   0.300,   0.135,   2.629,   0.200,   2.529,   0.400,   2.729
202607072206,   2.088,9999.000,9999.000,9999.000,9999.000,9999.000,9999.000,9999.000,9999.000
202607072212,   1.982,9999.000,9999.000,9999.000,9999.000,9999.000,9999.000,9999.000,9999.000
202607072218,   1.878,9999.000,9999.000,9999.000,9999.000,9999.000,9999.000,9999.000,9999.000
202607072224,   1.777,9999.000,9999.000,9999.000,9999.000,9999.000,9999.000,9999.000,9999.000
202607072230,   1.677,9999.000,9999.000,9999.000,9999.000,9999.000,9999.000,9999.000,9999.000
202607072236,   1.580,9999.000,9999.000,9999.000,9999.000,9999.000,9999.000,9999.000,9999.000
202607072242,   1.486,9999.000,9999.000,9999.000,9999.000,9999.000,9999.000,9999.000,9999.000
202607072248,   1.395,9999.000,9999.000,9999.000,9999.000,9999.000,9999.000,9999.000,9999.000
202607072254,   1.309,9999.000,9999.000,9999.000,9999.000,9999.000,9999.000,9999.000,9999.000
202607072300,   1.226,9999.000,   0.300,   0.135,   1.661,   0.200,   1.561,   0.400,   1.761
202607072306,   1.147,9999.000,9999.000,9999.000,9999.000,9999.000,9999.000,9999.000,9999.000
202607072312,   1.073,9999.000,9999.000,9999.000,9999.000,9999.000,9999.000,9999.000,9999.000
202607072318,   1.003,9999.000,9999.000,9999.000,9999.000,9999.000,9999.000,9999.000,9999.000
202607072324,   0.938,9999.000,9999.000,9999.000,9999.000,9999.000,9999.000,9999.000,9999.000
202607072330,   0.877,9999.000,9999.000,9999.000,9999.000,9999.000,9999.000,9999.000,9999.000
202607072336,   0.822,9999.000,9999.000,9999.000,9999.000,9999.000,9999.000,9999.000,9999.000
202607072342,   0.771,9999.000,9999.000,9999.000,9999.000,9999.000,9999.000,9999.000,9999.000
202607072348,   0.725,9999.000,9999.000,9999.000,9999.000,9999.000,9999.000,9999.000,9999.000
202607072354,   0.683,9999.000,9999.000,9999.000,9999.000,9999.000,9999.000,9999.000,9999.000
202607080000,   0.647,9999.000,   0.300,   0.135,   1.082,   0.200,   0.982,   0.400,   1.182
202607080006,   0.615,9999.000,9999.000,9999.000,9999.000,9999.000,9999.000,9999.000,9999.000
202607080012,   0.588,9999.000,9999.000,9999.000,9999.000,9999.000,9999.000,9999.000,9999.000
202607080018,   0.565,9999.000,9999.000,9999.000,9999.000,9999.000,9999.000,9999.000,9999.000
202607080024,   0.547,9999.000,9999.000,9999.000,9999.000,9999.000,9999.000,9999.000,9999.000
202607080030,   0.533,9999.000,9999.000,9999.000,9999.000,9999.000,9999.000,9999.000,9999.000
202607080036,   0.524,9999.000,9999.000,9999.000,9999.000,9999.000,9999.000,9999.000,9999.000
202607080042,   0.519,9999.000,9999.000,9999.000,9999.000,9999.000,9999.000,9999.000,9999.000
202607080048,   0.519,9999.000,9999.000,9999.000,9999.000,9999.000,9999.000,9999.000,9999.000
202607080054,   0.522,9999.000,9999.000,9999.000,9999.000,9999.000,9999.000,9999.000,9999.000
202607080100,   0.531,9999.000,   0.300,   0.135,   0.966,   0.200,   0.866,   0.400,   1.066
202607080106,   0.543,9999.000,9999.000,9999.000,9999.000,9999.000,9999.000,9999.000,9999.000
202607080112,   0.560,9999.000,9999.000,9999.000,9999.000,9999.000,9999.000,9999.000,9999.000
202607080118,   0.582,9999.000,9999.000,9999.000,9999.000,9999.000,9999.000,9999.000,9999.000
202607080124,   0.608,9999.000,9999.000,9999.000,9999.000,9999.000,9999.000,9999.000,9999.000
202607080130,   0.638,9999.000,9999.000,9999.000,9999.000,9999.000,9999.000,9999.000,9999.000
202607080136,   0.672,9999.000,9999.000,9999.000,9999.000,9999.000,9999.000,9999.000,9999.000
202607080142,   0.711,9999.000,9999.000,9999.000,9999.000,9999.000,9999.000,9999.000,9999.000
202607080148,   0.755,9999.000,9999.000,9999.000,9999.000,9999.000,9999.000,9999.000,9999.000
202607080154,   0.803,9999.000,9999.000,9999.000,9999.000,9999.000,9999.000,9999.000,9999.000
202607080200,   0.855,9999.000,   0.200,   0.135,   1.190,   0.100,   1.090,   0.300,   1.290
202607080206,   0.911,9999.000,9999.000,9999.000,9999.000,9999.000,9999.000,9999.000,9999.000
202607080212,   0.971,9999.000,9999.000,9999.000,9999.000,9999.000,9999.000,9999.000,9999.000
202607080218,   1.035,9999.000,9999.000,9999.000,9999.000,9999.000,9999.000,9999.000,9999.000
202607080224,   1.103,9999.000,9999.000,9999.000,9999.000,9999.000,9999.000,9999.000,9999.000
202607080230,   1.174,9999.000,9999.000,9999.000,9999.000,9999.000,9999.000,9999.000,9999.000
202607080236,   1.249,9999.000,9999.000,9999.000,9999.000,9999.000,9999.000,9999.000,9999.000
202607080242,   1.327,9999.000,9999.000,9999.000,9999.000,9999.000,9999.000,9999.000,9999.000
202607080248,   1.407,9999.000,9999.000,9999.000,9999.000,9999.000,9999.000,9999.000,9999.000
202607080254,   1.491,9999.000,9999.000,9999.000,9999.000,9999.000,9999.000,9999.000,9999.000
202607080300,   1.576,9999.000,   0.200,   0.135,   1.911,   0.100,   1.811,   0.200,   1.911
202607080306,   1.663,9999.000,9999.000,9999.000,9999.000,9999.000,9999.000,9999.000,9999.000
202607080312,   1.751,9999.000,9999.000,9999.000,9999.000,9999.000,9999.000,9999.000,9999.000
202607080318,   1.841,9999.000,9999.000,9999.000,9999.000,9999.000,9999.000,9999.000,9999.000
202607080324,   1.932,9999.000,9999.000,9999.000,9999.000,9999.000,9999.000,9999.000,9999.000
202607080330,   2.023,9999.000,9999.000,9999.000,9999.000,9999.000,9999.000,9999.000,9999.000
202607080336,   2.114,9999.000,9999.000,9999.000,9999.000,9999.000,9999.000,9999.000,9999.000
202607080342,   2.206,9999.000,9999.000,9999.000,9999.000,9999.000,9999.000,9999.000,9999.000
202607080348,   2.296,9999.000,9999.000,9999.000,9999.000,9999.000,9999.000,9999.000,9999.000
202607080354,   2.386,9999.000,9999.000,9999.000,9999.000,9999.000,9999.000,9999.000,9999.000
202607080400,   2.475,9999.000,   0.100,   0.135,   2.710,   0.000,   2.610,   0.200,   2.810
202607080406,   2.563,9999.000,9999.000,9999.000,9999.000,9999.000,9999.000,9999.000,9999.000
202607080412,   2.650,9999.000,9999.000,9999.000,9999.000,9999.000,9999.000,9999.000,9999.000
202607080418,   2.734,9999.000,9999.000,9999.000,9999.000,9999.000,9999.000,9999.000,9999.000
202607080424,   2.817,9999.000,9999.000,9999.000,9999.000,9999.000,9999.000,9999.000,9999.000
202607080430,   2.898,9999.000,9999.000,9999.000,9999.000,9999.000,9999.000,9999.000,9999.000
202607080436,   2.977,9999.000,9999.000,9999.000,9999.000,9999.000,9999.000,9999.000,9999.000
202607080442,   3.053,9999.000,9999.000,9999.000,9999.000,9999.000,9999.000,9999.000,9999.000
202607080448,   3.127,9999.000,9999.000,9999.000,9999.000,9999.000,9999.000,9999.000,9999.000
202607080454,   3.198,9999.000,9999.000,9999.000,9999.000,9999.000,9999.000,9999.000,9999.000
202607080500,   3.267,9999.000,   0.100,   0.135,   3.502,   0.000,   3.402,   0.200,   3.602
202607080506,   3.332,9999.000,9999.000,9999.000,9999.000,9999.000,9999.000,9999.000,9999.000
202607080512,   3.395,9999.000,9999.000,9999.000,9999.000,9999.000,9999.000,9999.000,9999.000
202607080518,   3.455,9999.000,9999.000,9999.000,9999.000,9999.000,9999.000,9999.000,9999.000
202607080524,   3.512,9999.000,9999.000,9999.000,9999.000,9999.000,9999.000,9999.000,9999.000
202607080530,   3.566,9999.000,9999.000,9999.000,9999.000,9999.000,9999.000,9999.000,9999.000
202607080536,   3.617,9999.000,9999.000,9999.000,9999.000,9999.000,9999.000,9999.000,9999.000
202607080542,   3.664,9999.000,9999.000,9999.000,9999.000,9999.000,9999.000,9999.000,9999.000
202607080548,   3.708,9999.000,9999.000,9999.000,9999.000,9999.000,9999.000,9999.000,9999.000
202607080554,   3.748,9999.000,9999.000,9999.000,9999.000,9999.000,9999.000,9999.000,9999.000
202607080600,   3.785,9999.000,   0.100,   0.135,   4.020,   0.000,   3.920,   0.200,   4.120
202607080606,   3.819,9999.000,9999.000,9999.000,9999.000,9999.000,9999.000,9999.000,9999.000
202607080612,   3.849,9999.000,9999.000,9999.000,9999.000,9999.000,9999.000,9999.000,9999.000
202607080618,   3.875,9999.000,9999.000,9999.000,9999.000,9999.000,9999.000,9999.000,9999.000
202607080624,   3.897,9999.000,9999.000,9999.000,9999.000,9999.000,9999.000,9999.000,9999.000
202607080630,   3.915,9999.000,9999.000,9999.000,9999.000,9999.000,9999.000,9999.000,9999.000
202607080636,   3.930,9999.000,9999.000,9999.000,9999.000,9999.000,9999.000,9999.000,9999.000
202607080642,   3.940,9999.000,9999.000,9999.000,9999.000,9999.000,9999.000,9999.000,9999.000
202607080648,   3.947,9999.000,9999.000,9999.000,9999.000,9999.000,9999.000,9999.000,9999.000
202607080654,   3.949,9999.000,9999.000,9999.000,9999.000,9999.000,9999.000,9999.000,9999.000
202607080700,   3.948,9999.000,   0.000,   0.135,   4.083,   0.000,   4.083,   0.100,   4.183
202607080706,   3.942,9999.000,9999.000,9999.000,9999.000,9999.000,9999.000,9999.000,9999.000
202607080712,   3.933,9999.000,9999.000,9999.000,9999.000,9999.000,9999.000,9999.000,9999.000
202607080718,   3.919,9999.000,9999.000,9999.000,9999.000,9999.000,9999.000,9999.000,9999.000
202607080724,   3.902,9999.000,9999.000,9999.000,9999.000,9999.000,9999.000,9999.000,9999.000
202607080730,   3.880,9999.000,9999.000,9999.000,9999.000,9999.000,9999.000,9999.000,9999.000
202607080736,   3.855,9999.000,9999.000,9999.000,9999.000,9999.000,9999.000,9999.000,9999.000
202607080742,   3.825,9999.000,9999.000,9999.000,9999.000,9999.000,9999.000,9999.000,9999.000
202607080748,   3.791,9999.000,9999.000,9999.000,9999.000,9999.000,9999.000,9999.000,9999.000
202607080754,   3.753,9999.000,9999.000,9999.000,9999.000,9999.000,9999.000,9999.000,9999.000
202607080800,   3.711,9999.000,   0.100,   0.135,   3.946,   0.000,   3.846,   0.200,   4.046
202607080806,   3.665,9999.000,9999.000,9999.000,9999.000,9999.000,9999.000,9999.000,9999.000
202607080812,   3.615,9999.000,9999.000,9999.000,9999.000,9999.000,9999.000,9999.000,9999.000
202607080818,   3.560,9999.000,9999.000,9999.000,9999.000,9999.000,9999.000,9999.000,9999.000
202607080824,   3.502,9999.000,9999.000,9999.000,9999.000,9999.000,9999.000,9999.000,9999.000
202607080830,   3.439,9999.000,9999.000,9999.000,9999.000,9999.000,9999.000,9999.000,9999.000
202607080836,   3.372,9999.000,9999.000,9999.000,9999.000,9999.000,9999.000,9999.000,9999.000
202607080842,   3.301,9999.000,9999.000,9999.000,9999.000,9999.000,9999.000,9999.000,9999.000
202607080848,   3.226,9999.000,9999.000,9999.000,9999.000,9999.000,9999.000,9999.000,9999.000
202607080854,   3.147,9999.000,9999.000,9999.000,9999.000,9999.000,9999.000,9999.000,9999.000
202607080900,   3.064,9999.000,   0.100,   0.135,   3.299,   0.000,   3.199,   0.200,   3.399
202607080906,   2.978,9999.000,9999.000,9999.000,9999.000,9999.000,9999.000,9999.000,9999.000
202607080912,   2.887,9999.000,9999.000,9999.000,9999.000,9999.000,9999.000,9999.000,9999.000
202607080918,   2.792,9999.000,9999.000,9999.000,9999.000,9999.000,9999.000,9999.000,9999.000
202607080924,   2.695,9999.000,9999.000,9999.000,9999.000,9999.000,9999.000,9999.000,9999.000
202607080930,   2.594,9999.000,9999.000,9999.000,9999.000,9999.000,9999.000,9999.000,9999.000
202607080936,   2.490,9999.000,9999.000,9999.000,9999.000,9999.000,9999.000,9999.000,9999.000
202607080942,   2.383,9999.000,9999.000,9999.000,9999.000,9999.000,9999.000,9999.000,9999.000
202607080948,   2.273,9999.000,9999.000,9999.000,9999.000,9999.000,9999.000,9999.000,9999.000
202607080954,   2.162,9999.000,9999.000,9999.000,9999.000,9999.000,9999.000,9999.000,9999.000
202607081000,   2.049,9999.000,   0.100,   0.135,   2.284,   0.000,   2.184,   0.200,   2.384
202607081006,   1.935,9999.000,9999.000,9999.000,9999.000,9999.000,9999.000,9999.000,9999.000
202607081012,   1.819,9999.000,9999.000,9999.000,9999.000,9999.000,9999.000,9999.000,9999.000
202607081018,   1.704,9999.000,9999.000,9999.000,9999.000,9999.000,9999.000,9999.000,9999.000
202607081024,   1.588,9999.000,9999.000,9999.000,9999.000,9999.000,9999.000,9999.000,9999.000
202607081030,   1.473,9999.000,9999.000,9999.000,9999.000,9999.000,9999.000,9999.000,9999.000
202607081036,   1.359,9999.000,9999.000,9999.000,9999.000,9999.000,9999.000,9999.000,9999.000
202607081042,   1.246,9999.000,9999.000,9999.000,9999.000,9999.000,9999.000,9999.000,9999.000
202607081048,   1.136,9999.000,9999.000,9999.000,9999.000,9999.000,9999.000,9999.000,9999.000
202607081054,   1.028,9999.000,9999.000,9999.000,9999.000,9999.000,9999.000,9999.000,9999.000
202607081100,   0.922,9999.000,   0.100,   0.135,   1.157,   0.000,   1.057,   0.200,   1.257
202607081106,   0.820,9999.000,9999.000,9999.000,9999.000,9999.000,9999.000,9999.000,9999.000
202607081112,   0.722,9999.000,9999.000,9999.000,9999.000,9999.000,9999.000,9999.000,9999.000
202607081118,   0.627,9999.000,9999.000,9999.000,9999.000,9999.000,9999.000,9999.000,9999.000
202607081124,   0.537,9999.000,9999.000,9999.000,9999.000,9999.000,9999.000,9999.000,9999.000
202607081130,   0.452,9999.000,9999.000,9999.000,9999.000,9999.000,9999.000,9999.000,9999.000
202607081136,   0.371,9999.000,9999.000,9999.000,9999.000,9999.000,9999.000,9999.000,9999.000
202607081142,   0.296,9999.000,9999.000,9999.000,9999.000,9999.000,9999.000,9999.000,9999.000
202607081148,   0.225,9999.000,9999.000,9999.000,9999.000,9999.000,9999.000,9999.000,9999.000
202607081154,   0.160,9999.000,9999.000,9999.000,9999.000,9999.000,9999.000,9999.000,9999.000
202607081200,   0.101,9999.000,   0.100,   0.135,   0.336,   0.000,   0.236,   0.200,   0.436
202607081206,   0.047,9999.000,9999.000,9999.000,9999.000,9999.000,9999.000,9999.000,9999.000
202607081212,   0.000,9999.000,9999.000,9999.000,9999.000,9999.000,9999.000,9999.000,9999.000
202607081218,  -0.043,9999.000,9999.000,9999.000,9999.000,9999.000,9999.000,9999.000,9999.000
202607081224,  -0.080,9999.000,9999.000,9999.000,9999.000,9999.000,9999.000,9999.000,9999.000
202607081230,  -0.112,9999.000,9999.000,9999.000,9999.000,9999.000,9999.000,9999.000,9999.000
202607081236,  -0.138,9999.000,9999.000,9999.000,9999.000,9999.000,9999.000,9999.000,9999.000
202607081242,  -0.158,9999.000,9999.000,9999.000,9999.000,9999.000,9999.000,9999.000,9999.000
202607081248,  -0.173,9999.000,9999.000,9999.000,9999.000,9999.000,9999.000,9999.000,9999.000
202607081254,  -0.182,9999.000,9999.000,9999.000,9999.000,9999.000,9999.000,9999.000,9999.000
202607081300,  -0.186,9999.000,   0.100,   0.135,   0.049,   0.000,  -0.051,   0.200,   0.149
202607081306,  -0.185,9999.000,9999.000,9999.000,9999.000,9999.000,9999.000,9999.000,9999.000
202607081312,  -0.178,9999.000,9999.000,9999.000,9999.000,9999.000,9999.000,9999.000,9999.000
202607081318,  -0.166,9999.000,9999.000,9999.000,9999.000,9999.000,9999.000,9999.000,9999.000
202607081324,  -0.148,9999.000,9999.000,9999.000,9999.000,9999.000,9999.000,9999.000,9999.000
202607081330,  -0.125,9999.000,9999.000,9999.000,9999.000,9999.000,9999.000,9999.000,9999.000
202607081336,  -0.096,9999.000,9999.000,9999.000,9999.000,9999.000,9999.000,9999.000,9999.000
202607081342,  -0.063,9999.000,9999.000,9999.000,9999.000,9999.000,9999.000,9999.000,9999.000
202607081348,  -0.023,9999.000,9999.000,9999.000,9999.000,9999.000,9999.000,9999.000,9999.000
202607081354,   0.020,9999.000,9999.000,9999.000,9999.000,9999.000,9999.000,9999.000,9999.000
202607081400,   0.070,9999.000,   0.100,   0.135,   0.305,   0.000,   0.205,   0.200,   0.405
202607081406,   0.126,9999.000,9999.000,9999.000,9999.000,9999.000,9999.000,9999.000,9999.000
202607081412,   0.186,9999.000,9999.000,9999.000,9999.000,9999.000,9999.000,9999.000,9999.000
202607081418,   0.252,9999.000,9999.000,9999.000,9999.000,9999.000,9999.000,9999.000,9999.000
202607081424,   0.323,9999.000,9999.000,9999.000,9999.000,9999.000,9999.000,9999.000,9999.000
202607081430,   0.399,9999.000,9999.000,9999.000,9999.000,9999.000,9999.000,9999.000,9999.000
202607081436,   0.479,9999.000,9999.000,9999.000,9999.000,9999.000,9999.000,9999.000,9999.000
202607081442,   0.564,9999.000,9999.000,9999.000,9999.000,9999.000,9999.000,9999.000,9999.000
202607081448,   0.654,9999.000,9999.000,9999.000,9999.000,9999.000,9999.000,9999.000,9999.000
202607081454,   0.748,9999.000,9999.000,9999.000,9999.000,9999.000,9999.000,9999.000,9999.000
202607081500,   0.845,9999.000,   0.100,   0.135,   1.080,   0.000,   0.980,   0.200,   1.180
202607081506,   0.946,9999.000,9999.000,9999.000,9999.000,9999.000,9999.000,9999.000,9999.000
202607081512,   1.051,9999.000,9999.000,9999.000,9999.000,9999.000,9999.000,9999.000,9999.000
202607081518,   1.158,9999.000,9999.000,9999.000,9999.000,9999.000,9999.000,9999.000,9999.000
202607081524,   1.268,9999.000,9999.000,9999.000,9999.000,9999.000,9999.000,9999.000,9999.000
202607081530,   1.380,9999.000,9999.000,9999.000,9999.000,9999.000,9999.000,9999.000,9999.000
202607081536,   1.494,9999.000,9999.000,9999.000,9999.000,9999.000,9999.000,9999.000,9999.000
202607081542,   1.609,9999.000,9999.000,9999.000,9999.000,9999.000,9999.000,9999.000,9999.000
202607081548,   1.725,9999.000,9999.000,9999.000,9999.000,9999.000,9999.000,9999.000,9999.000
202607081554,   1.842,9999.000,9999.000,9999.000,9999.000,9999.000,9999.000,9999.000,9999.000
202607081600,   1.959,9999.000,   0.100,   0.135,   2.194,   0.000,   2.094,   0.200,   2.294
202607081606,   2.076,9999.000,9999.000,9999.000,9999.000,9999.000,9999.000,9999.000,9999.000
202607081612,   2.193,9999.000,9999.000,9999.000,9999.000,9999.000,9999.000,9999.000,9999.000
202607081618,   2.308,9999.000,9999.000,9999.000,9999.000,9999.000,9999.000,9999.000,9999.000
202607081624,   2.423,9999.000,9999.000,9999.000,9999.000,9999.000,9999.000,9999.000,9999.000
202607081630,   2.536,9999.000,9999.000,9999.000,9999.000,9999.000,9999.000,9999.000,9999.000
202607081636,   2.647,9999.000,9999.000,9999.000,9999.000,9999.000,9999.000,9999.000,9999.000
202607081642,   2.757,9999.000,9999.000,9999.000,9999.000,9999.000,9999.000,9999.000,9999.000
202607081648,   2.864,9999.000,9999.000,9999.000,9999.000,9999.000,9999.000,9999.000,9999.000
202607081654,   2.969,9999.000,9999.000,9999.000,9999.000,9999.000,9999.000,9999.000,9999.000
202607081700,   3.072,9999.000,   0.100,   0.135,   3.307,   0.000,   3.207,   0.200,   3.407
202607081706,   3.171,9999.000,9999.000,9999.000,9999.000,9999.000,9999.000,9999.000,9999.000
202607081712,   3.268,9999.000,9999.000,9999.000,9999.000,9999.000,9999.000,9999.000,9999.000
202607081718,   3.362,9999.000,9999.000,9999.000,9999.000,9999.000,9999.000,9999.000,9999.000
202607081724,   3.453,9999.000,9999.000,9999.000,9999.000,9999.000,9999.000,9999.000,9999.000
202607081730,   3.541,9999.000,9999.000,9999.000,9999.000,9999.000,9999.000,9999.000,9999.000
202607081736,   3.625,9999.000,9999.000,9999.000,9999.000,9999.000,9999.000,9999.000,9999.000
202607081742,   3.706,9999.000,9999.000,9999.000,9999.000,9999.000,9999.000,9999.000,9999.000
202607081748,   3.783,9999.000,9999.000,9999.000,9999.000,9999.000,9999.000,9999.000,9999.000
202607081754,   3.857,9999.000,9999.000,9999.000,9999.000,9999.000,9999.000,9999.000,9999.000
202607081800,   3.928,9999.000,   0.200,   0.135,   4.263,   0.100,   4.163,   0.300,   4.363
202607081806,   3.994,9999.000,9999.000,9999.000,9999.000,9999.000,9999.000,9999.000,9999.000
202607081812,   4.057,9999.000,9999.000,9999.000,9999.000,9999.000,9999.000,9999.000,9999.000
202607081818,   4.116,9999.000,9999.000,9999.000,9999.000,9999.000,9999.000,9999.000,9999.000
202607081824,   4.171,9999.000,9999.000,9999.000,9999.000,9999.000,9999.000,9999.000,9999.000
202607081830,   4.222,9999.000,9999.000,9999.000,9999.000,9999.000,9999.000,9999.000,9999.000
202607081836,   4.269,9999.000,9999.000,9999.000,9999.000,9999.000,9999.000,9999.000,9999.000
202607081842,   4.312,9999.000,9999.000,9999.000,9999.000,9999.000,9999.000,9999.000,9999.000
202607081848,   4.351,9999.000,9999.000,9999.000,9999.000,9999.000,9999.000,9999.000,9999.000
202607081854,   4.386,9999.000,9999.000,9999.000,9999.000,9999.000,9999.000,9999.000,9999.000
202607081900,   4.417,9999.000,   0.200,   0.135,   4.752,   0.100,   4.652,   0.300,   4.852
202607081906,   4.443,9999.000,9999.000,9999.000,9999.000,9999.000,9999.000,9999.000,9999.000
202607081912,   4.466,9999.000,9999.000,9999.000,9999.000,9999.000,9999.000,9999.000,9999.000
202607081918,   4.484,9999.000,9999.000,9999.000,9999.000,9999.000,9999.000,9999.000,9999.000
202607081924,   4.498,9999.000,9999.000,9999.000,9999.000,9999.000,9999.000,9999.000,9999.000
202607081930,   4.507,9999.000,9999.000,9999.000,9999.000,9999.000,9999.000,9999.000,9999.000
202607081936,   4.512,9999.000,9999.000,9999.000,9999.000,9999.000,9999.000,9999.000,9999.000
202607081942,   4.513,9999.000,9999.000,9999.000,9999.000,9999.000,9999.000,9999.000,9999.000
202607081948,   4.510,9999.000,9999.000,9999.000,9999.000,9999.000,9999.000,9999.000,9999.000
202607081954,   4.503,9999.000,9999.000,9999.000,9999.000,9999.000,9999.000,9999.000,9999.000
202607082000,   4.491,9999.000,   0.200,   0.135,   4.826,   0.100,   4.726,   0.400,   5.026
202607082006,   4.475,9999.000,9999.000,9999.000,9999.000,9999.000,9999.000,9999.000,9999.000
202607082012,   4.455,9999.000,9999.000,9999.000,9999.000,9999.000,9999.000,9999.000,9999.000
202607082018,   4.431,9999.000,9999.000,9999.000,9999.000,9999.000,9999.000,9999.000,9999.000
202607082024,   4.402,9999.000,9999.000,9999.000,9999.000,9999.000,9999.000,9999.000,9999.000
202607082030,   4.369,9999.000,9999.000,9999.000,9999.000,9999.000,9999.000,9999.000,9999.000
202607082036,   4.332,9999.000,9999.000,9999.000,9999.000,9999.000,9999.000,9999.000,9999.000
202607082042,   4.291,9999.000,9999.000,9999.000,9999.000,9999.000,9999.000,9999.000,9999.000
202607082048,   4.245,9999.000,9999.000,9999.000,9999.000,9999.000,9999.000,9999.000,9999.000
202607082054,   4.195,9999.000,9999.000,9999.000,9999.000,9999.000,9999.000,9999.000,9999.000
202607082100,   4.140,9999.000,   0.300,   0.135,   4.575,   0.200,   4.475,   0.400,   4.675
202607082106,   4.081,9999.000,9999.000,9999.000,9999.000,9999.000,9999.000,9999.000,9999.000
202607082112,   4.018,9999.000,9999.000,9999.000,9999.000,9999.000,9999.000,9999.000,9999.000
202607082118,   3.950,9999.000,9999.000,9999.000,9999.000,9999.000,9999.000,9999.000,9999.000
202607082124,   3.878,9999.000,9999.000,9999.000,9999.000,9999.000,9999.000,9999.000,9999.000
202607082130,   3.802,9999.000,9999.000,9999.000,9999.000,9999.000,9999.000,9999.000,9999.000
202607082136,   3.722,9999.000,9999.000,9999.000,9999.000,9999.000,9999.000,9999.000,9999.000
202607082142,   3.637,9999.000,9999.000,9999.000,9999.000,9999.000,9999.000,9999.000,9999.000
202607082148,   3.549,9999.000,9999.000,9999.000,9999.000,9999.000,9999.000,9999.000,9999.000
202607082154,   3.457,9999.000,9999.000,9999.000,9999.000,9999.000,9999.000,9999.000,9999.000
202607082200,   3.361,9999.000,   0.300,   0.135,   3.796,   0.200,   3.696,   0.400,   3.896
202607082206,   3.262,9999.000,9999.000,9999.000,9999.000,9999.000,9999.000,9999.000,9999.000
202607082212,   3.160,9999.000,9999.000,9999.000,9999.000,9999.000,9999.000,9999.000,9999.000
202607082218,   3.055,9999.000,9999.000,9999.000,9999.000,9999.000,9999.000,9999.000,9999.000
202607082224,   2.948,9999.000,9999.000,9999.000,9999.000,9999.000,9999.000,9999.000,9999.000
202607082230,   2.839,9999.000,9999.000,9999.000,9999.000,9999.000,9999.000,9999.000,9999.000
202607082236,   2.729,9999.000,9999.000,9999.000,9999.000,9999.000,9999.000,9999.000,9999.000
202607082242,   2.617,9999.000,9999.000,9999.000,9999.000,9999.000,9999.000,9999.000,9999.000
202607082248,   2.504,9999.000,9999.000,9999.000,9999.000,9999.000,9999.000,9999.000,9999.000
202607082254,   2.391,9999.000,9999.000,9999.000,9999.000,9999.000,9999.000,9999.000,9999.000
202607082300,   2.279,9999.000,   0.300,   0.135,   2.714,   0.200,   2.614,   0.400,   2.814
202607082306,   2.167,9999.000,9999.000,9999.000,9999.000,9999.000,9999.000,9999.000,9999.000
202607082312,   2.056,9999.000,9999.000,9999.000,9999.000,9999.000,9999.000,9999.000,9999.000
202607082318,   1.946,9999.000,9999.000,9999.000,9999.000,9999.000,9999.000,9999.000,9999.000
202607082324,   1.839,9999.000,9999.000,9999.000,9999.000,9999.000,9999.000,9999.000,9999.000
202607082330,   1.734,9999.000,9999.000,9999.000,9999.000,9999.000,9999.000,9999.000,9999.000
202607082336,   1.631,9999.000,9999.000,9999.000,9999.000,9999.000,9999.000,9999.000,9999.000
202607082342,   1.532,9999.000,9999.000,9999.000,9999.000,9999.000,9999.000,9999.000,9999.000
202607082348,   1.436,9999.000,9999.000,9999.000,9999.000,9999.000,9999.000,9999.000,9999.000
202607082354,   1.344,9999.000,9999.000,9999.000,9999.000,9999.000,9999.000,9999.000,9999.000
202607090000,   1.256,9999.000,   0.300,   0.135,   1.691,   0.200,   1.591,   0.400,   1.791
202607090006,   1.172,9999.000,9999.000,9999.000,9999.000,9999.000,9999.000,9999.000,9999.000
202607090012,   1.092,9999.000,9999.000,9999.000,9999.000,9999.000,9999.000,9999.000,9999.000
202607090018,   1.017,9999.000,9999.000,9999.000,9999.000,9999.000,9999.000,9999.000,9999.000
202607090024,   0.946,9999.000,9999.000,9999.000,9999.000,9999.000,9999.000,9999.000,9999.000
202607090030,   0.880,9999.000,9999.000,9999.000,9999.000,9999.000,9999.000,9999.000,9999.000
202607090036,   0.819,9999.000,9999.000,9999.000,9999.000,9999.000,9999.000,9999.000,9999.000
202607090042,   0.763,9999.000,9999.000,9999.000,9999.000,9999.000,9999.000,9999.000,9999.000
202607090048,   0.711,9999.000,9999.000,9999.000,9999.000,9999.000,9999.000,9999.000,9999.000
202607090054,   0.664,9999.000,9999.000,9999.000,9999.000,9999.000,9999.000,9999.000,9999.000
202607090100,   0.622,9999.000,   0.300,   0.135,   1.057,   0.200,   0.957,   0.400,   1.157
202607090106,   0.584,9999.000,9999.000,9999.000,9999.000,9999.000,9999.000,9999.000,9999.000
202607090112,   0.552,9999.000,9999.000,9999.000,9999.000,9999.000,9999.000,9999.000,9999.000
202607090118,   0.524,9999.000,9999.000,9999.000,9999.000,9999.000,9999.000,9999.000,9999.000
202607090124,   0.500,9999.000,9999.000,9999.000,9999.000,9999.000,9999.000,9999.000,9999.000
202607090130,   0.482,9999.000,9999.000,9999.000,9999.000,9999.000,9999.000,9999.000,9999.000
202607090136,   0.468,9999.000,9999.000,9999.000,9999.000,9999.000,9999.000,9999.000,9999.000
202607090142,   0.459,9999.000,9999.000,9999.000,9999.000,9999.000,9999.000,9999.000,9999.000
202607090148,   0.454,9999.000,9999.000,9999.000,9999.000,9999.000,9999.000,9999.000,9999.000
202607090154,   0.455,9999.000,9999.000,9999.000,9999.000,9999.000,9999.000,9999.000,9999.000
202607090200,   0.460,9999.000,   0.200,   0.135,   0.795,   0.100,   0.695,   0.400,   0.995
202607090206,   0.470,9999.000,9999.000,9999.000,9999.000,9999.000,9999.000,9999.000,9999.000
202607090212,   0.485,9999.000,9999.000,9999.000,9999.000,9999.000,9999.000,9999.000,9999.000
202607090218,   0.505,9999.000,9999.000,9999.000,9999.000,9999.000,9999.000,9999.000,9999.000
202607090224,   0.530,9999.000,9999.000,9999.000,9999.000,9999.000,9999.000,9999.000,9999.000
202607090230,   0.559,9999.000,9999.000,9999.000,9999.000,9999.000,9999.000,9999.000,9999.000
202607090236,   0.594,9999.000,9999.000,9999.000,9999.000,9999.000,9999.000,9999.000,9999.000
202607090242,   0.633,9999.000,9999.000,9999.000,9999.000,9999.000,9999.000,9999.000,9999.000
202607090248,   0.677,9999.000,9999.000,9999.000,9999.000,9999.000,9999.000,9999.000,9999.000
202607090254,   0.726,9999.000,9999.000,9999.000,9999.000,9999.000,9999.000,9999.000,9999.000
202607090300,   0.779,9999.000,   0.200,   0.135,   1.114,   0.000,   0.914,   0.300,   1.214
202607090306,   0.837,9999.000,9999.000,9999.000,9999.000,9999.000,9999.000,9999.000,9999.000
202607090312,   0.899,9999.000,9999.000,9999.000,9999.000,9999.000,9999.000,9999.000,9999.000
202607090318,   0.965,9999.000,9999.000,9999.000,9999.000,9999.000,9999.000,9999.000,9999.000
202607090324,   1.035,9999.000,9999.000,9999.000,9999.000,9999.000,9999.000,9999.000,9999.000
202607090330,   1.108,9999.000,9999.000,9999.000,9999.000,9999.000,9999.000,9999.000,9999.000
202607090336,   1.185,9999.000,9999.000,9999.000,9999.000,9999.000,9999.000,9999.000,9999.000
202607090342,   1.265,9999.000,9999.000,9999.000,9999.000,9999.000,9999.000,9999.000,9999.000
202607090348,   1.347,9999.000,9999.000,9999.000,9999.000,9999.000,9999.000,9999.000,9999.000
202607090354,   1.432,9999.000,9999.000,9999.000,9999.000,9999.000,9999.000,9999.000,9999.000
202607090400,   1.518,9999.000,   0.100,   0.135,   1.753,   0.000,   1.653,   0.300,   1.953
202607090406,   1.606,9999.000,9999.000,9999.000,9999.000,9999.000,9999.000,9999.000,9999.000
202607090412,   1.696,9999.000,9999.000,9999.000,9999.000,9999.000,9999.000,9999.000,9999.000
202607090418,   1.786,9999.000,9999.000,9999.000,9999.000,9999.000,9999.000,9999.000,9999.000
202607090424,   1.877,9999.000,9999.000,9999.000,9999.000,9999.000,9999.000,9999.000,9999.000
202607090430,   1.968,9999.000,9999.000,9999.000,9999.000,9999.000,9999.000,9999.000,9999.000
202607090436,   2.059,9999.000,9999.000,9999.000,9999.000,9999.000,9999.000,9999.000,9999.000
202607090442,   2.150,9999.000,9999.000,9999.000,9999.000,9999.000,9999.000,9999.000,9999.000
202607090448,   2.240,9999.000,9999.000,9999.000,9999.000,9999.000,9999.000,9999.000,9999.000
202607090454,   2.329,9999.000,9999.000,9999.000,9999.000,9999.000,9999.000,9999.000,9999.000
202607090500,   2.416,9999.000,   0.100,   0.135,   2.651,   0.000,   2.551,   0.300,   2.851
202607090506,   2.503,9999.000,9999.000,9999.000,9999.000,9999.000,9999.000,9999.000,9999.000
202607090512,   2.587,9999.000,9999.000,9999.000,9999.000,9999.000,9999.000,9999.000,9999.000
202607090518,   2.670,9999.000,9999.000,9999.000,9999.000,9999.000,9999.000,9999.000,9999.000
202607090524,   2.751,9999.000,9999.000,9999.000,9999.000,9999.000,9999.000,9999.000,9999.000
202607090530,   2.830,9999.000,9999.000,9999.000,9999.000,9999.000,9999.000,9999.000,9999.000
202607090536,   2.906,9999.000,9999.000,9999.000,9999.000,9999.000,9999.000,9999.000,9999.000
202607090542,   2.981,9999.000,9999.000,9999.000,9999.000,9999.000,9999.000,9999.000,9999.000
202607090548,   3.052,9999.000,9999.000,9999.000,9999.000,9999.000,9999.000,9999.000,9999.000
202607090554,   3.121,9999.000,9999.000,9999.000,9999.000,9999.000,9999.000,9999.000,9999.000
202607090600,   3.188,9999.000,   0.100,   0.135,   3.423,   0.000,   3.323,   0.200,   3.523
