        TIME,    TIDE,      OB,   SURGE,    BIAS,     TWL,SURGE90p,  TWL90p,SURGE10p,   TWL10p
202603130600,   0.413,   0.669,   0.200,   0.056,   0.669,   0.200,   0.669,   0.200,   0.669
202603130606,   0.397,9999.000,9999.000,9999.000,9999.000,9999.000,9999.000,9999.000,9999.000
202603130612,   0.382,   0.839,9999.000,9999.000,9999.000,9999.000,9999.000,9999.000,9999.000
202603130618,   0.366,9999.000,9999.000,9999.000,9999.000,9999.000,9999.000,9999.000,9999.000
202603130624,   0.351,   0.751,9999.000,9999.000,9999.000,9999.000,9999.000,9999.000,9999.000
202603130630,   0.335,9999.000,9999.000,9999.000,9999.000,9999.000,9999.000,9999.000,9999.000
202603130636,   0.319,   0.790,9999.000,9999.000,9999.000,9999.000,9999.000,9999.000,9999.000
202603130642,   0.304,9999.000,9999.000,9999.000,9999.000,9999.000,9999.000,9999.000,9999.000
202603130648,   0.288,   0.708,9999.000,9999.000,9999.000,9999.000,9999.000,9999.000,9999.000
202603130654,   0.273,9999.000,9999.000,9999.000,9999.000,9999.000,9999.000,9999.000,9999.000
202603130700,   0.258,9999.000,   0.200,9999.000,   0.458,   0.200,   0.458,   0.200,   0.458
202603130706,   0.242,   0.639,9999.000,9999.000,9999.000,9999.000,9999.000,9999.000,9999.000
202603130712,   0.227,   0.600,9999.000,9999.000,9999.000,9999.000,9999.000,9999.000,9999.000
202603130718,   0.213,   0.560,9999.000,9999.000,9999.000,9999.000,9999.000,9999.000,9999.000
202603130724,   0.198,   0.551,9999.000,9999.000,9999.000,9999.000,9999.000,9999.000,9999.000
202603130730,   0.184,   0.541,9999.000,9999.000,9999.000,9999.000,9999.000,9999.000,9999.000
202603130736,   0.170,   0.531,9999.000,9999.000,9999.000,9999.000,9999.000,9999.000,9999.000
202603130742,   0.156,   0.531,9999.000,9999.000,9999.000,9999.000,9999.000,9999.000,9999.000
202603130748,   0.142,   0.518,9999.000,9999.000,9999.000,9999.000,9999.000,9999.000,9999.000
202603130754,   0.129,   0.508,9999.000,9999.000,9999.000,9999.000,9999.000,9999.000,9999.000
202603130800,   0.116,   0.508,   0.200,   0.192,   0.508,   0.200,   0.508,   0.200,   0.508
202603130806,   0.104,   0.488,9999.000,9999.000,9999.000,9999.000,9999.000,9999.000,9999.000
202603130812,   0.092,   0.469,9999.000,9999.000,9999.000,9999.000,9999.000,9999.000,9999.000
202603130818,   0.080,   0.439,9999.000,9999.000,9999.000,9999.000,9999.000,9999.000,9999.000
202603130824,   0.069,   0.439,9999.000,9999.000,9999.000,9999.000,9999.000,9999.000,9999.000
202603130830,   0.058,   0.429,9999.000,9999.000,9999.000,9999.000,9999.000,9999.000,9999.000
202603130836,   0.047,   0.429,9999.000,9999.000,9999.000,9999.000,9999.000,9999.000,9999.000
202603130842,   0.037,   0.419,9999.000,9999.000,9999.000,9999.000,9999.000,9999.000,9999.000
202603130848,   0.028,   0.419,9999.000,9999.000,9999.000,9999.000,9999.000,9999.000,9999.000
202603130854,   0.018,   0.419,9999.000,9999.000,9999.000,9999.000,9999.000,9999.000,9999.000
202603130900,   0.010,   0.419,   0.200,   0.209,   0.419,   0.200,   0.419,   0.200,   0.419
202603130906,   0.002,   0.400,9999.000,9999.000,9999.000,9999.000,9999.000,9999.000,9999.000
202603130912,  -0.005,   0.370,9999.000,9999.000,9999.000,9999.000,9999.000,9999.000,9999.000
202603130918,  -0.012,   0.341,9999.000,9999.000,9999.000,9999.000,9999.000,9999.000,9999.000
202603130924,  -0.019,   0.331,9999.000,9999.000,9999.000,9999.000,9999.000,9999.000,9999.000
202603130930,  -0.025,   0.321,9999.000,9999.000,9999.000,9999.000,9999.000,9999.000,9999.000
202603130936,  -0.031,   0.288,9999.000,9999.000,9999.000,9999.000,9999.000,9999.000,9999.000
202603130942,  -0.036,   0.288,9999.000,9999.000,9999.000,9999.000,9999.000,9999.000,9999.000
202603130948,  -0.041,   0.268,9999.000,9999.000,9999.000,9999.000,9999.000,9999.000,9999.000
202603130954,  -0.045,   0.278,9999.000,9999.000,9999.000,9999.000,9999.000,9999.000,9999.000
202603131000,  -0.049,   0.278,   0.200,   0.127,   0.278,   0.200,   0.278,   0.200,   0.278
202603131006,  -0.052,   0.298,9999.000,9999.000,9999.000,9999.000,9999.000,9999.000,9999.000
202603131012,  -0.055,   0.288,9999.000,9999.000,9999.000,9999.000,9999.000,9999.000,9999.000
202603131018,  -0.057,   0.298,9999.000,9999.000,9999.000,9999.000,9999.000,9999.000,9999.000
202603131024,  -0.058,   0.288,9999.000,9999.000,9999.000,9999.000,9999.000,9999.000,9999.000
202603131030,  -0.059,   0.278,9999.000,9999.000,9999.000,9999.000,9999.000,9999.000,9999.000
202603131036,  -0.060,   0.259,9999.000,9999.000,9999.000,9999.000,9999.000,9999.000,9999.000
202603131042,  -0.060,   0.259,9999.000,9999.000,9999.000,9999.000,9999.000,9999.000,9999.000
202603131048,  -0.059,   0.259,9999.000,9999.000,9999.000,9999.000,9999.000,9999.000,9999.000
202603131054,  -0.058,   0.259,9999.000,9999.000,9999.000,9999.000,9999.000,9999.000,9999.000
202603131100,  -0.056,   0.278,   0.200,   0.134,   0.278,   0.200,   0.278,   0.200,   0.278
202603131106,  -0.054,   0.278,9999.000,9999.000,9999.000,9999.000,9999.000,9999.000,9999.000
202603131112,  -0.051,   0.298,9999.000,9999.000,9999.000,9999.000,9999.000,9999.000,9999.000
202603131118,  -0.048,   0.308,9999.000,9999.000,9999.000,9999.000,9999.000,9999.000,9999.000
202603131124,  -0.044,   0.449,9999.000,9999.000,9999.000,9999.000,9999.000,9999.000,9999.000
202603131130,  -0.040,   0.350,9999.000,9999.000,9999.000,9999.000,9999.000,9999.000,9999.000
202603131136,  -0.035,   0.360,9999.000,9999.000,9999.000,9999.000,9999.000,9999.000,9999.000
202603131142,  -0.029,   0.341,9999.000,9999.000,9999.000,9999.000,9999.000,9999.000,9999.000
202603131148,  -0.023,   0.268,9999.000,9999.000,9999.000,9999.000,9999.000,9999.000,9999.000
202603131154,  -0.017,   0.259,9999.000,9999.000,9999.000,9999.000,9999.000,9999.000,9999.000
202603131200,  -0.009,   0.229,   0.300,  -0.062,   0.229,   0.300,   0.229,   0.400,   0.329
202603131206,  -0.002,   0.370,9999.000,9999.000,9999.000,9999.000,9999.000,9999.000,9999.000
202603131212,   0.005,   0.288,9999.000,9999.000,9999.000,9999.000,9999.000,9999.000,9999.000
202603131218,   0.014,   0.288,9999.000,9999.000,9999.000,9999.000,9999.000,9999.000,9999.000
202603131224,   0.024,   0.350,9999.000,9999.000,9999.000,9999.000,9999.000,9999.000,9999.000
202603131230,   0.033,   0.370,9999.000,9999.000,9999.000,9999.000,9999.000,9999.000,9999.000
202603131236,   0.044,   0.439,9999.000,9999.000,9999.000,9999.000,9999.000,9999.000,9999.000
202603131242,   0.054,   0.459,9999.000,9999.000,9999.000,9999.000,9999.000,9999.000,9999.000
202603131248,   0.066,   0.429,9999.000,9999.000,9999.000,9999.000,9999.000,9999.000,9999.000
202603131254,   0.077,   0.429,9999.000,9999.000,9999.000,9999.000,9999.000,9999.000,9999.000
202603131300,   0.090,   0.469,   0.300,   0.079,   0.469,   0.300,   0.469,   0.400,   0.569
202603131306,   0.102,   0.478,9999.000,9999.000,9999.000,9999.000,9999.000,9999.000,9999.000
202603131312,   0.115,   0.518,9999.000,9999.000,9999.000,9999.000,9999.000,9999.000,9999.000
202603131318,   0.129,   0.508,9999.000,9999.000,9999.000,9999.000,9999.000,9999.000,9999.000
202603131324,   0.142,   0.498,9999.000,9999.000,9999.000,9999.000,9999.000,9999.000,9999.000
202603131330,   0.156,   0.531,9999.000,9999.000,9999.000,9999.000,9999.000,9999.000,9999.000
202603131336,   0.171,   0.498,9999.000,9999.000,9999.000,9999.000,9999.000,9999.000,9999.000
202603131342,   0.186,   0.639,9999.000,9999.000,9999.000,9999.000,9999.000,9999.000,9999.000
202603131348,   0.201,   0.508,9999.000,9999.000,9999.000,9999.000,9999.000,9999.000,9999.000
202603131354,   0.216,   0.541,9999.000,9999.000,9999.000,9999.000,9999.000,9999.000,9999.000
202603131400,   0.231,   0.639,   0.300,   0.108,   0.639,   0.300,   0.639,   0.400,   0.739
202603131406,   0.247,   0.619,9999.000,9999.000,9999.000,9999.000,9999.000,9999.000,9999.000
202603131412,   0.263,   0.708,9999.000,9999.000,9999.000,9999.000,9999.000,9999.000,9999.000
202603131418,   0.279,   0.879,9999.000,9999.000,9999.000,9999.000,9999.000,9999.000,9999.000
202603131424,   0.295,   0.288,9999.000,9999.000,9999.000,9999.000,9999.000,9999.000,9999.000
202603131430,   0.311,   0.639,9999.000,9999.000,9999.000,9999.000,9999.000,9999.000,9999.000
202603131436,   0.327,   0.879,9999.000,9999.000,9999.000,9999.000,9999.000,9999.000,9999.000
202603131442,   0.344,   0.829,9999.000,9999.000,9999.000,9999.000,9999.000,9999.000,9999.000
202603131448,   0.360,   0.970,9999.000,9999.000,9999.000,9999.000,9999.000,9999.000,9999.000
202603131454,   0.376,   0.849,9999.000,9999.000,9999.000,9999.000,9999.000,9999.000,9999.000
202603131500,   0.392,   0.839,   0.300,   0.147,   0.839,   0.300,   0.839,   0.400,   0.939
202603131506,   0.408,   0.810,9999.000,9999.000,9999.000,9999.000,9999.000,9999.000,9999.000
202603131512,   0.424,   0.819,9999.000,9999.000,9999.000,9999.000,9999.000,9999.000,9999.000
202603131518,   0.439,   0.800,9999.000,9999.000,9999.000,9999.000,9999.000,9999.000,9999.000
202603131524,   0.455,   0.888,9999.000,9999.000,9999.000,9999.000,9999.000,9999.000,9999.000
202603131530,   0.470,   0.898,9999.000,9999.000,9999.000,9999.000,9999.000,9999.000,9999.000
202603131536,   0.485,   0.961,9999.000,9999.000,9999.000,9999.000,9999.000,9999.000,9999.000
202603131542,   0.499,   1.020,9999.000,9999.000,9999.000,9999.000,9999.000,9999.000,9999.000
202603131548,   0.514,   1.029,9999.000,9999.000,9999.000,9999.000,9999.000,9999.000,9999.000
202603131554,   0.528,   0.918,9999.000,9999.000,9999.000,9999.000,9999.000,9999.000,9999.000
202603131600,   0.542,   0.859,   0.300,   0.017,   0.859,   0.300,   0.859,   0.300,   0.859
202603131606,   0.555,   0.888,9999.000,9999.000,9999.000,9999.000,9999.000,9999.000,9999.000
202603131612,   0.568,   0.928,9999.000,9999.000,9999.000,9999.000,9999.000,9999.000,9999.000
202603131618,   0.581,   0.849,9999.000,9999.000,9999.000,9999.000,9999.000,9999.000,9999.000
202603131624,   0.594,   1.029,9999.000,9999.000,9999.000,9999.000,9999.000,9999.000,9999.000
202603131630,   0.606,   0.990,9999.000,9999.000,9999.000,9999.000,9999.000,9999.000,9999.000
202603131636,   0.617,   0.908,9999.000,9999.000,9999.000,9999.000,9999.000,9999.000,9999.000
202603131642,   0.629,   1.029,9999.000,9999.000,9999.000,9999.000,9999.000,9999.000,9999.000
202603131648,   0.640,   1.118,9999.000,9999.000,9999.000,9999.000,9999.000,9999.000,9999.000
202603131654,   0.650,   1.079,9999.000,9999.000,9999.000,9999.000,9999.000,9999.000,9999.000
202603131700,   0.661,   1.079,   0.300,   0.118,   1.079,   0.300,   1.079,   0.300,   1.079
202603131706,   0.670,   1.039,9999.000,9999.000,9999.000,9999.000,9999.000,9999.000,9999.000
202603131712,   0.680,   1.069,9999.000,9999.000,9999.000,9999.000,9999.000,9999.000,9999.000
202603131718,   0.689,   1.079,9999.000,9999.000,9999.000,9999.000,9999.000,9999.000,9999.000
202603131724,   0.698,   1.190,9999.000,9999.000,9999.000,9999.000,9999.000,9999.000,9999.000
202603131730,   0.707,   1.088,9999.000,9999.000,9999.000,9999.000,9999.000,9999.000,9999.000
202603131736,   0.715,   1.338,9999.000,9999.000,9999.000,9999.000,9999.000,9999.000,9999.000
202603131742,   0.723,   1.239,9999.000,9999.000,9999.000,9999.000,9999.000,9999.000,9999.000
202603131748,   0.730,   1.298,9999.000,9999.000,9999.000,9999.000,9999.000,9999.000,9999.000
202603131754,   0.738,   1.138,9999.000,9999.000,9999.000,9999.000,9999.000,9999.000,9999.000
202603131800,   0.745,   0.600,   0.500,  -0.645,   0.600,   0.500,   0.600,   0.500,   0.600
202603131806,   0.752,   1.161,9999.000,9999.000,9999.000,9999.000,9999.000,9999.000,9999.000
202603131812,   0.759,   1.289,9999.000,9999.000,9999.000,9999.000,9999.000,9999.000,9999.000
202603131818,   0.765,   1.161,9999.000,9999.000,9999.000,9999.000,9999.000,9999.000,9999.000
202603131824,   0.772,   1.151,9999.000,9999.000,9999.000,9999.000,9999.000,9999.000,9999.000
202603131830,   0.778,   1.210,9999.000,9999.000,9999.000,9999.000,9999.000,9999.000,9999.000
202603131836,   0.784,   1.170,9999.000,9999.000,9999.000,9999.000,9999.000,9999.000,9999.000
202603131842,   0.790,   1.210,9999.000,9999.000,9999.000,9999.000,9999.000,9999.000,9999.000
202603131848,   0.796,   1.239,9999.000,9999.000,9999.000,9999.000,9999.000,9999.000,9999.000
202603131854,   0.801,   1.210,9999.000,9999.000,9999.000,9999.000,9999.000,9999.000,9999.000
202603131900,   0.807,   1.229,   0.500,  -0.078,   1.229,   0.500,   1.229,   0.500,   1.229
202603131906,   0.813,   1.239,9999.000,9999.000,9999.000,9999.000,9999.000,9999.000,9999.000
202603131912,   0.818,   1.210,9999.000,9999.000,9999.000,9999.000,9999.000,9999.000,9999.000
202603131918,   0.824,   1.229,9999.000,9999.000,9999.000,9999.000,9999.000,9999.000,9999.000
202603131924,   0.829,   1.279,9999.000,9999.000,9999.000,9999.000,9999.000,9999.000,9999.000
202603131930,   0.834,   1.279,9999.000,9999.000,9999.000,9999.000,9999.000,9999.000,9999.000
202603131936,   0.840,   1.361,9999.000,9999.000,9999.000,9999.000,9999.000,9999.000,9999.000
202603131942,   0.845,   1.220,9999.000,9999.000,9999.000,9999.000,9999.000,9999.000,9999.000
202603131948,   0.850,   1.210,9999.000,9999.000,9999.000,9999.000,9999.000,9999.000,9999.000
202603131954,   0.856,   1.229,9999.000,9999.000,9999.000,9999.000,9999.000,9999.000,9999.000
202603132000,   0.861,   1.229,   0.500,  -0.132,   1.229,   0.500,   1.229,   0.500,   1.229
202603132006,   0.866,   1.118,9999.000,9999.000,9999.000,9999.000,9999.000,9999.000,9999.000
202603132012,   0.871,   1.180,9999.000,9999.000,9999.000,9999.000,9999.000,9999.000,9999.000
202603132018,   0.876,   1.239,9999.000,9999.000,9999.000,9999.000,9999.000,9999.000,9999.000
202603132024,   0.881,   1.229,9999.000,9999.000,9999.000,9999.000,9999.000,9999.000,9999.000
202603132030,   0.886,   1.269,9999.000,9999.000,9999.000,9999.000,9999.000,9999.000,9999.000
202603132036,   0.891,   1.298,9999.000,9999.000,9999.000,9999.000,9999.000,9999.000,9999.000
202603132042,   0.896,   1.279,9999.000,9999.000,9999.000,9999.000,9999.000,9999.000,9999.000
202603132048,   0.901,   1.269,9999.000,9999.000,9999.000,9999.000,9999.000,9999.000,9999.000
202603132054,   0.905,   1.269,9999.000,9999.000,9999.000,9999.000,9999.000,9999.000,9999.000
202603132100,   0.910,   1.259,   0.500,  -0.151,   1.259,   0.500,   1.259,   0.500,   1.259
202603132106,   0.914,   1.239,9999.000,9999.000,9999.000,9999.000,9999.000,9999.000,9999.000
202603132112,   0.918,   1.249,9999.000,9999.000,9999.000,9999.000,9999.000,9999.000,9999.000
202603132118,   0.922,   1.269,9999.000,9999.000,9999.000,9999.000,9999.000,9999.000,9999.000
202603132124,   0.926,   1.269,9999.000,9999.000,9999.000,9999.000,9999.000,9999.000,9999.000
202603132130,   0.930,   1.269,9999.000,9999.000,9999.000,9999.000,9999.000,9999.000,9999.000
202603132136,   0.933,   1.279,9999.000,9999.000,9999.000,9999.000,9999.000,9999.000,9999.000
202603132142,   0.937,   1.259,9999.000,9999.000,9999.000,9999.000,9999.000,9999.000,9999.000
202603132148,   0.940,   1.279,9999.000,9999.000,9999.000,9999.000,9999.000,9999.000,9999.000
202603132154,   0.943,   1.289,9999.000,9999.000,9999.000,9999.000,9999.000,9999.000,9999.000
202603132200,   0.945,   1.289,   0.500,  -0.156,   1.289,   0.500,   1.289,   0.500,   1.289
202603132206,   0.947,   1.289,9999.000,9999.000,9999.000,9999.000,9999.000,9999.000,9999.000
202603132212,   0.950,   1.289,9999.000,9999.000,9999.000,9999.000,9999.000,9999.000,9999.000
202603132218,   0.951,   1.289,9999.000,9999.000,9999.000,9999.000,9999.000,9999.000,9999.000
202603132224,   0.953,   1.289,9999.000,9999.000,9999.000,9999.000,9999.000,9999.000,9999.000
202603132230,   0.954,   1.269,9999.000,9999.000,9999.000,9999.000,9999.000,9999.000,9999.000
202603132236,   0.955,   1.318,9999.000,9999.000,9999.000,9999.000,9999.000,9999.000,9999.000
202603132242,   0.956,   1.338,9999.000,9999.000,9999.000,9999.000,9999.000,9999.000,9999.000
202603132248,   0.957,   1.338,9999.000,9999.000,9999.000,9999.000,9999.000,9999.000,9999.000
202603132254,   0.957,   1.338,9999.000,9999.000,9999.000,9999.000,9999.000,9999.000,9999.000
202603132300,   0.957,   1.338,   0.500,  -0.119,   1.338,   0.500,   1.338,   0.600,   1.438
202603132306,   0.957,   1.318,9999.000,9999.000,9999.000,9999.000,9999.000,9999.000,9999.000
202603132312,   0.956,   1.348,9999.000,9999.000,9999.000,9999.000,9999.000,9999.000,9999.000
202603132318,   0.955,   1.318,9999.000,9999.000,9999.000,9999.000,9999.000,9999.000,9999.000
202603132324,   0.954,   1.361,9999.000,9999.000,9999.000,9999.000,9999.000,9999.000,9999.000
202603132330,   0.953,   1.348,9999.000,9999.000,9999.000,9999.000,9999.000,9999.000,9999.000
202603132336,   0.951,   1.318,9999.000,9999.000,9999.000,9999.000,9999.000,9999.000,9999.000
202603132342,   0.950,   1.338,9999.000,9999.000,9999.000,9999.000,9999.000,9999.000,9999.000
202603132348,   0.948,   1.318,9999.000,9999.000,9999.000,9999.000,9999.000,9999.000,9999.000
202603132354,   0.946,   1.308,9999.000,9999.000,9999.000,9999.000,9999.000,9999.000,9999.000
202603140000,   0.943,   1.308,   0.600,  -0.235,   1.308,   0.600,   1.308,   0.600,   1.308
202603140006,   0.941,   1.289,9999.000,9999.000,9999.000,9999.000,9999.000,9999.000,9999.000
202603140012,   0.938,   1.289,9999.000,9999.000,9999.000,9999.000,9999.000,9999.000,9999.000
202603140018,   0.936,   1.289,9999.000,9999.000,9999.000,9999.000,9999.000,9999.000,9999.000
202603140024,   0.933,   1.298,9999.000,9999.000,9999.000,9999.000,9999.000,9999.000,9999.000
202603140030,   0.930,   1.298,9999.000,9999.000,9999.000,9999.000,9999.000,9999.000,9999.000
202603140036,   0.927,   1.289,9999.000,9999.000,9999.000,9999.000,9999.000,9999.000,9999.000
202603140042,   0.924,   1.289,9999.000,9999.000,9999.000,9999.000,9999.000,9999.000,9999.000
202603140048,   0.921,   1.269,9999.000,9999.000,9999.000,9999.000,9999.000,9999.000,9999.000
202603140054,   0.917,   1.259,9999.000,9999.000,9999.000,9999.000,9999.000,9999.000,9999.000
202603140100,   0.914,   1.239,   0.600,  -0.275,   1.239,   0.600,   1.239,   0.600,   1.239
202603140106,   0.911,   1.220,9999.000,9999.000,9999.000,9999.000,9999.000,9999.000,9999.000
202603140112,   0.908,   1.239,9999.000,9999.000,9999.000,9999.000,9999.000,9999.000,9999.000
202603140118,   0.904,   1.279,9999.000,9999.000,9999.000,9999.000,9999.000,9999.000,9999.000
202603140124,   0.901,   0.961,9999.000,9999.000,9999.000,9999.000,9999.000,9999.000,9999.000
202603140130,   0.897,   1.259,9999.000,9999.000,9999.000,9999.000,9999.000,9999.000,9999.000
202603140136,   0.894,   1.151,9999.000,9999.000,9999.000,9999.000,9999.000,9999.000,9999.000
202603140142,   0.891,   1.200,9999.000,9999.000,9999.000,9999.000,9999.000,9999.000,9999.000
202603140148,   0.887,   1.170,9999.000,9999.000,9999.000,9999.000,9999.000,9999.000,9999.000
202603140154,   0.884,   1.200,9999.000,9999.000,9999.000,9999.000,9999.000,9999.000,9999.000
202603140200,   0.880,   1.220,   0.600,  -0.260,   1.220,   0.600,   1.220,   0.600,   1.220
202603140206,   0.877,   1.229,9999.000,9999.000,9999.000,9999.000,9999.000,9999.000,9999.000
202603140212,   0.873,   1.200,9999.000,9999.000,9999.000,9999.000,9999.000,9999.000,9999.000
202603140218,   0.869,   1.210,9999.000,9999.000,9999.000,9999.000,9999.000,9999.000,9999.000
202603140224,   0.866,   1.180,9999.000,9999.000,9999.000,9999.000,9999.000,9999.000,9999.000
202603140230,   0.862,   1.161,9999.000,9999.000,9999.000,9999.000,9999.000,9999.000,9999.000
202603140236,   0.858,   1.128,9999.000,9999.000,9999.000,9999.000,9999.000,9999.000,9999.000
202603140242,   0.854,   1.138,9999.000,9999.000,9999.000,9999.000,9999.000,9999.000,9999.000
202603140248,   0.850,   1.200,9999.000,9999.000,9999.000,9999.000,9999.000,9999.000,9999.000
202603140254,   0.846,   1.220,9999.000,9999.000,9999.000,9999.000,9999.000,9999.000,9999.000
202603140300,   0.842,   0.518,   0.600,  -0.924,   0.518,   0.600,   0.518,   0.600,   0.518
202603140306,   0.837,   0.980,9999.000,9999.000,9999.000,9999.000,9999.000,9999.000,9999.000
202603140312,   0.833,   1.108,9999.000,9999.000,9999.000,9999.000,9999.000,9999.000,9999.000
202603140318,   0.828,   1.161,9999.000,9999.000,9999.000,9999.000,9999.000,9999.000,9999.000
202603140324,   0.823,   1.088,9999.000,9999.000,9999.000,9999.000,9999.000,9999.000,9999.000
202603140330,   0.818,   1.098,9999.000,9999.000,9999.000,9999.000,9999.000,9999.000,9999.000
202603140336,   0.812,   1.069,9999.000,9999.000,9999.000,9999.000,9999.000,9999.000,9999.000
202603140342,   0.807,   1.049,9999.000,9999.000,9999.000,9999.000,9999.000,9999.000,9999.000
202603140348,   0.801,   1.020,9999.000,9999.000,9999.000,9999.000,9999.000,9999.000,9999.000
202603140354,   0.794,   1.108,9999.000,9999.000,9999.000,9999.000,9999.000,9999.000,9999.000
202603140400,   0.788,   1.059,   0.600,  -0.329,   1.059,   0.600,   1.059,   0.600,   1.059
202603140406,   0.781,   1.069,9999.000,9999.000,9999.000,9999.000,9999.000,9999.000,9999.000
202603140412,   0.774,   1.098,9999.000,9999.000,9999.000,9999.000,9999.000,9999.000,9999.000
202603140418,   0.766,   1.079,9999.000,9999.000,9999.000,9999.000,9999.000,9999.000,9999.000
202603140424,   0.758,   1.059,9999.000,9999.000,9999.000,9999.000,9999.000,9999.000,9999.000
202603140430,   0.750,   1.049,9999.000,9999.000,9999.000,9999.000,9999.000,9999.000,9999.000
202603140436,   0.741,   1.039,9999.000,9999.000,9999.000,9999.000,9999.000,9999.000,9999.000
202603140442,   0.732,   1.000,9999.000,9999.000,9999.000,9999.000,9999.000,9999.000,9999.000
202603140448,   0.723,   1.000,9999.000,9999.000,9999.000,9999.000,9999.000,9999.000,9999.000
202603140454,   0.713,   1.010,9999.000,9999.000,9999.000,9999.000,9999.000,9999.000,9999.000
202603140500,   0.703,   1.000,   0.600,  -0.303,   1.000,   0.500,   0.900,   0.600,   1.000
202603140506,   0.692,   1.010,9999.000,9999.000,9999.000,9999.000,9999.000,9999.000,9999.000
202603140512,   0.682,   1.010,9999.000,9999.000,9999.000,9999.000,9999.000,9999.000,9999.000
202603140518,   0.670,   0.941,9999.000,9999.000,9999.000,9999.000,9999.000,9999.000,9999.000
202603140524,   0.659,   0.951,9999.000,9999.000,9999.000,9999.000,9999.000,9999.000,9999.000
202603140530,   0.647,   0.898,9999.000,9999.000,9999.000,9999.000,9999.000,9999.000,9999.000
202603140536,   0.634,   0.879,9999.000,9999.000,9999.000,9999.000,9999.000,9999.000,9999.000
202603140542,   0.622,   0.928,9999.000,9999.000,9999.000,9999.000,9999.000,9999.000,9999.000
202603140548,   0.609,   0.829,9999.000,9999.000,9999.000,9999.000,9999.000,9999.000,9999.000
202603140554,   0.596,   0.829,9999.000,9999.000,9999.000,9999.000,9999.000,9999.000,9999.000
202603140600,   0.582,   0.839,   0.300,  -0.043,   0.839,   0.300,   0.839,   0.400,   0.939
202603140606,   0.568,   0.760,9999.000,9999.000,9999.000,9999.000,9999.000,9999.000,9999.000
202603140612,   0.554,   0.819,9999.000,9999.000,9999.000,9999.000,9999.000,9999.000,9999.000
202603140618,   0.540,   0.849,9999.000,9999.000,9999.000,9999.000,9999.000,9999.000,9999.000
202603140624,   0.526,   0.819,9999.000,9999.000,9999.000,9999.000,9999.000,9999.000,9999.000
202603140630,   0.511,   0.760,9999.000,9999.000,9999.000,9999.000,9999.000,9999.000,9999.000
202603140636,   0.496,   0.718,9999.000,9999.000,9999.000,9999.000,9999.000,9999.000,9999.000
202603140642,   0.481,   0.698,9999.000,9999.000,9999.000,9999.000,9999.000,9999.000,9999.000
202603140648,   0.466,   0.688,9999.000,9999.000,9999.000,9999.000,9999.000,9999.000,9999.000
202603140654,   0.451,   0.698,9999.000,9999.000,9999.000,9999.000,9999.000,9999.000,9999.000
202603140700,   0.436,   0.698,   0.300,  -0.038,   0.698,   0.300,   0.698,   0.400,   0.798
202603140706,   0.420,   0.688,9999.000,9999.000,9999.000,9999.000,9999.000,9999.000,9999.000
202603140712,   0.405,   0.669,9999.000,9999.000,9999.000,9999.000,9999.000,9999.000,9999.000
202603140718,   0.389,   0.659,9999.000,9999.000,9999.000,9999.000,9999.000,9999.000,9999.000
202603140724,   0.374,   0.659,9999.000,9999.000,9999.000,9999.000,9999.000,9999.000,9999.000
202603140730,   0.358,   0.639,9999.000,9999.000,9999.000,9999.000,9999.000,9999.000,9999.000
202603140736,   0.343,   0.619,9999.000,9999.000,9999.000,9999.000,9999.000,9999.000,9999.000
202603140742,   0.328,   0.610,9999.000,9999.000,9999.000,9999.000,9999.000,9999.000,9999.000
202603140748,   0.313,   0.610,9999.000,9999.000,9999.000,9999.000,9999.000,9999.000,9999.000
202603140754,   0.297,   0.570,9999.000,9999.000,9999.000,9999.000,9999.000,9999.000,9999.000
202603140800,   0.283,   0.459,   0.300,  -0.124,   0.459,   0.300,   0.459,   0.400,   0.559
202603140806,   0.268,   0.610,9999.000,9999.000,9999.000,9999.000,9999.000,9999.000,9999.000
202603140812,   0.253,   0.498,9999.000,9999.000,9999.000,9999.000,9999.000,9999.000,9999.000
202603140818,   0.238,   0.518,9999.000,9999.000,9999.000,9999.000,9999.000,9999.000,9999.000
202603140824,   0.224,   0.508,9999.000,9999.000,9999.000,9999.000,9999.000,9999.000,9999.000
202603140830,   0.210,   0.508,9999.000,9999.000,9999.000,9999.000,9999.000,9999.000,9999.000
202603140836,   0.196,   0.469,9999.000,9999.000,9999.000,9999.000,9999.000,9999.000,9999.000
202603140842,   0.183,   0.449,9999.000,9999.000,9999.000,9999.000,9999.000,9999.000,9999.000
202603140848,   0.169,   0.409,9999.000,9999.000,9999.000,9999.000,9999.000,9999.000,9999.000
202603140854,   0.156,   0.419,9999.000,9999.000,9999.000,9999.000,9999.000,9999.000,9999.000
202603140900,   0.143,   0.409,   0.300,  -0.034,   0.409,   0.300,   0.409,   0.400,   0.509
202603140906,   0.131,   0.400,9999.000,9999.000,9999.000,9999.000,9999.000,9999.000,9999.000
202603140912,   0.119,   0.380,9999.000,9999.000,9999.000,9999.000,9999.000,9999.000,9999.000
202603140918,   0.107,   0.380,9999.000,9999.000,9999.000,9999.000,9999.000,9999.000,9999.000
202603140924,   0.095,   0.360,9999.000,9999.000,9999.000,9999.000,9999.000,9999.000,9999.000
202603140930,   0.084,   0.331,9999.000,9999.000,9999.000,9999.000,9999.000,9999.000,9999.000
202603140936,   0.073,   0.321,9999.000,9999.000,9999.000,9999.000,9999.000,9999.000,9999.000
202603140942,   0.063,   0.308,9999.000,9999.000,9999.000,9999.000,9999.000,9999.000,9999.000
202603140948,   0.053,   0.298,9999.000,9999.000,9999.000,9999.000,9999.000,9999.000,9999.000
202603140954,   0.043,   0.331,9999.000,9999.000,9999.000,9999.000,9999.000,9999.000,9999.000
202603141000,   0.034,   0.350,   0.300,   0.016,   0.350,   0.300,   0.350,   0.400,   0.450
202603141006,   0.025,   0.321,9999.000,9999.000,9999.000,9999.000,9999.000,9999.000,9999.000
202603141012,   0.016,   0.331,9999.000,9999.000,9999.000,9999.000,9999.000,9999.000,9999.000
202603141018,   0.008,   0.298,9999.000,9999.000,9999.000,9999.000,9999.000,9999.000,9999.000
202603141024,   0.001,   0.268,9999.000,9999.000,9999.000,9999.000,9999.000,9999.000,9999.000
202603141030,  -0.005,   0.278,9999.000,9999.000,9999.000,9999.000,9999.000,9999.000,9999.000
202603141036,  -0.012,   0.308,9999.000,9999.000,9999.000,9999.000,9999.000,9999.000,9999.000
202603141042,  -0.018,   0.249,9999.000,9999.000,9999.000,9999.000,9999.000,9999.000,9999.000
202603141048,  -0.024,   0.268,9999.000,9999.000,9999.000,9999.000,9999.000,9999.000,9999.000
202603141054,  -0.029,   0.259,9999.000,9999.000,9999.000,9999.000,9999.000,9999.000,9999.000
202603141100,  -0.033,   0.249,   0.300,  -0.018,   0.249,   0.300,   0.249,   0.400,   0.349
202603141106,  -0.037,   0.288,9999.000,9999.000,9999.000,9999.000,9999.000,9999.000,9999.000
202603141112,  -0.041,   0.298,9999.000,9999.000,9999.000,9999.000,9999.000,9999.000,9999.000
202603141118,  -0.043,   0.288,9999.000,9999.000,9999.000,9999.000,9999.000,9999.000,9999.000
202603141124,  -0.046,   0.288,9999.000,9999.000,9999.000,9999.000,9999.000,9999.000,9999.000
202603141130,  -0.047,   0.308,9999.000,9999.000,9999.000,9999.000,9999.000,9999.000,9999.000
202603141136,  -0.048,   0.331,9999.000,9999.000,9999.000,9999.000,9999.000,9999.000,9999.000
202603141142,  -0.049,   0.331,9999.000,9999.000,9999.000,9999.000,9999.000,9999.000,9999.000
202603141148,  -0.049,   0.331,9999.000,9999.000,9999.000,9999.000,9999.000,9999.000,9999.000
202603141154,  -0.048,   0.321,9999.000,9999.000,9999.000,9999.000,9999.000,9999.000,9999.000
202603141200,  -0.046,   0.308,   0.000,   0.354,   0.308,   0.000,   0.308,   0.000,   0.308
202603141206,  -0.044,   0.308,9999.000,9999.000,9999.000,9999.000,9999.000,9999.000,9999.000
202603141212,  -0.042,   0.331,9999.000,9999.000,9999.000,9999.000,9999.000,9999.000,9999.000
202603141218,  -0.038,   0.331,9999.000,9999.000,9999.000,9999.000,9999.000,9999.000,9999.000
202603141224,  -0.034,   0.350,9999.000,9999.000,9999.000,9999.000,9999.000,9999.000,9999.000
202603141230,  -0.029,   0.360,9999.000,9999.000,9999.000,9999.000,9999.000,9999.000,9999.000
202603141236,  -0.024,   0.360,9999.000,9999.000,9999.000,9999.000,9999.000,9999.000,9999.000
202603141242,  -0.018,   0.390,9999.000,9999.000,9999.000,9999.000,9999.000,9999.000,9999.000
202603141248,  -0.011,   0.429,9999.000,9999.000,9999.000,9999.000,9999.000,9999.000,9999.000
202603141254,  -0.004,   0.449,9999.000,9999.000,9999.000,9999.000,9999.000,9999.000,9999.000
202603141300,   0.003,   0.469,   0.000,   0.466,   0.469,   0.000,   0.469,   0.000,   0.469
202603141306,   0.012,   0.498,9999.000,9999.000,9999.000,9999.000,9999.000,9999.000,9999.000
202603141312,   0.021,   0.419,9999.000,9999.000,9999.000,9999.000,9999.000,9999.000,9999.000
202603141318,   0.031,   0.419,9999.000,9999.000,9999.000,9999.000,9999.000,9999.000,9999.000
202603141324,   0.041,   0.469,9999.000,9999.000,9999.000,9999.000,9999.000,9999.000,9999.000
202603141330,   0.053,   0.459,9999.000,9999.000,9999.000,9999.000,9999.000,9999.000,9999.000
202603141336,   0.064,   0.459,9999.000,9999.000,9999.000,9999.000,9999.000,9999.000,9999.000
202603141342,   0.076,   0.478,9999.000,9999.000,9999.000,9999.000,9999.000,9999.000,9999.000
202603141348,   0.089,   0.531,9999.000,9999.000,9999.000,9999.000,9999.000,9999.000,9999.000
202603141354,   0.102,   0.570,9999.000,9999.000,9999.000,9999.000,9999.000,9999.000,9999.000
202603141400,   0.116,   0.308,   0.000,   0.192,   0.308,   0.000,   0.308,   0.000,   0.308
202603141406,   0.130,   0.518,9999.000,9999.000,9999.000,9999.000,9999.000,9999.000,9999.000
202603141412,   0.144,   0.629,9999.000,9999.000,9999.000,9999.000,9999.000,9999.000,9999.000
202603141418,   0.159,   0.600,9999.000,9999.000,9999.000,9999.000,9999.000,9999.000,9999.000
202603141424,   0.174,   0.669,9999.000,9999.000,9999.000,9999.000,9999.000,9999.000,9999.000
202603141430,   0.190,   0.600,9999.000,9999.000,9999.000,9999.000,9999.000,9999.000,9999.000
202603141436,   0.205,   0.580,9999.000,9999.000,9999.000,9999.000,9999.000,9999.000,9999.000
202603141442,   0.221,   0.659,9999.000,9999.000,9999.000,9999.000,9999.000,9999.000,9999.000
202603141448,   0.237,   0.760,9999.000,9999.000,9999.000,9999.000,9999.000,9999.000,9999.000
202603141454,   0.254,   0.659,9999.000,9999.000,9999.000,9999.000,9999.000,9999.000,9999.000
202603141500,   0.270,   0.741,   0.000,   0.471,   0.741,   0.000,   0.741,   0.100,   0.841
202603141506,   0.287,   0.790,9999.000,9999.000,9999.000,9999.000,9999.000,9999.000,9999.000
202603141512,   0.303,   0.780,9999.000,9999.000,9999.000,9999.000,9999.000,9999.000,9999.000
202603141518,   0.320,   0.760,9999.000,9999.000,9999.000,9999.000,9999.000,9999.000,9999.000
202603141524,   0.337,   0.849,9999.000,9999.000,9999.000,9999.000,9999.000,9999.000,9999.000
202603141530,   0.353,   0.790,9999.000,9999.000,9999.000,9999.000,9999.000,9999.000,9999.000
202603141536,   0.370,   0.800,9999.000,9999.000,9999.000,9999.000,9999.000,9999.000,9999.000
202603141542,   0.386,   0.829,9999.000,9999.000,9999.000,9999.000,9999.000,9999.000,9999.000
202603141548,   0.402,   0.859,9999.000,9999.000,9999.000,9999.000,9999.000,9999.000,9999.000
202603141554,   0.418,   0.908,9999.000,9999.000,9999.000,9999.000,9999.000,9999.000,9999.000
202603141600,   0.434,   0.961,   0.000,   0.527,   0.961,   0.000,   0.961,   0.000,   0.961
202603141606,   0.450,   1.010,9999.000,9999.000,9999.000,9999.000,9999.000,9999.000,9999.000
202603141612,   0.465,   1.010,9999.000,9999.000,9999.000,9999.000,9999.000,9999.000,9999.000
202603141618,   0.480,   1.098,9999.000,9999.000,9999.000,9999.000,9999.000,9999.000,9999.000
202603141624,   0.495,   1.151,9999.000,9999.000,9999.000,9999.000,9999.000,9999.000,9999.000
202603141630,   0.510,   0.800,9999.000,9999.000,9999.000,9999.000,9999.000,9999.000,9999.000
202603141636,   0.524,   0.751,9999.000,9999.000,9999.000,9999.000,9999.000,9999.000,9999.000
202603141642,   0.538,   1.170,9999.000,9999.000,9999.000,9999.000,9999.000,9999.000,9999.000
202603141648,   0.551,   1.180,9999.000,9999.000,9999.000,9999.000,9999.000,9999.000,9999.000
202603141654,   0.564,   1.151,9999.000,9999.000,9999.000,9999.000,9999.000,9999.000,9999.000
202603141700,   0.577,   1.210,   0.000,   0.633,   1.210,   0.000,   1.210,   0.000,   1.210
202603141706,   0.589,   1.161,9999.000,9999.000,9999.000,9999.000,9999.000,9999.000,9999.000
202603141712,   0.601,   1.151,9999.000,9999.000,9999.000,9999.000,9999.000,9999.000,9999.000
202603141718,   0.613,   1.190,9999.000,9999.000,9999.000,9999.000,9999.000,9999.000,9999.000
202603141724,   0.624,   1.170,9999.000,9999.000,9999.000,9999.000,9999.000,9999.000,9999.000
202603141730,   0.635,   1.190,9999.000,9999.000,9999.000,9999.000,9999.000,9999.000,9999.000
202603141736,   0.645,   1.249,9999.000,9999.000,9999.000,9999.000,9999.000,9999.000,9999.000
202603141742,   0.655,   1.128,9999.000,9999.000,9999.000,9999.000,9999.000,9999.000,9999.000
202603141748,   0.665,   1.180,9999.000,9999.000,9999.000,9999.000,9999.000,9999.000,9999.000
202603141754,   0.674,   1.229,9999.000,9999.000,9999.000,9999.000,9999.000,9999.000,9999.000
202603141800,   0.683,   1.170,   0.100,   0.387,   1.170,   0.100,   1.170,   0.100,   1.170
202603141806,   0.692,   1.200,9999.000,9999.000,9999.000,9999.000,9999.000,9999.000,9999.000
202603141812,   0.700,   1.279,9999.000,9999.000,9999.000,9999.000,9999.000,9999.000,9999.000
202603141818,   0.708,   1.361,9999.000,9999.000,9999.000,9999.000,9999.000,9999.000,9999.000
202603141824,   0.716,   1.249,9999.000,9999.000,9999.000,9999.000,9999.000,9999.000,9999.000
202603141830,   0.723,   1.289,9999.000,9999.000,9999.000,9999.000,9999.000,9999.000,9999.000
202603141836,   0.730,   1.298,9999.000,9999.000,9999.000,9999.000,9999.000,9999.000,9999.000
202603141842,   0.737,   1.269,9999.000,9999.000,9999.000,9999.000,9999.000,9999.000,9999.000
202603141848,   0.744,   1.318,9999.000,9999.000,9999.000,9999.000,9999.000,9999.000,9999.000
202603141854,   0.751,   1.348,9999.000,9999.000,9999.000,9999.000,9999.000,9999.000,9999.000
202603141900,   0.757,   1.338,   0.100,   0.481,   1.338,   0.100,   1.338,   0.100,   1.338
202603141906,   0.763,   1.348,9999.000,9999.000,9999.000,9999.000,9999.000,9999.000,9999.000
202603141912,   0.769,   1.348,9999.000,9999.000,9999.000,9999.000,9999.000,9999.000,9999.000
202603141918,   0.775,   1.328,9999.000,9999.000,9999.000,9999.000,9999.000,9999.000,9999.000
202603141924,   0.781,   1.298,9999.000,9999.000,9999.000,9999.000,9999.000,9999.000,9999.000
202603141930,   0.786,   1.318,9999.000,9999.000,9999.000,9999.000,9999.000,9999.000,9999.000
202603141936,   0.792,   1.328,9999.000,9999.000,9999.000,9999.000,9999.000,9999.000,9999.000
202603141942,   0.797,   1.348,9999.000,9999.000,9999.000,9999.000,9999.000,9999.000,9999.000
202603141948,   0.802,   1.361,9999.000,9999.000,9999.000,9999.000,9999.000,9999.000,9999.000
202603141954,   0.808,   1.380,9999.000,9999.000,9999.000,9999.000,9999.000,9999.000,9999.000
202603142000,   0.813,   1.371,   0.100,   0.458,   1.371,   0.100,   1.371,   0.200,   1.471
202603142006,   0.818,   1.380,9999.000,9999.000,9999.000,9999.000,9999.000,9999.000,9999.000
202603142012,   0.823,   1.348,9999.000,9999.000,9999.000,9999.000,9999.000,9999.000,9999.000
202603142018,   0.827,   1.361,9999.000,9999.000,9999.000,9999.000,9999.000,9999.000,9999.000
202603142024,   0.832,   1.348,9999.000,9999.000,9999.000,9999.000,9999.000,9999.000,9999.000
202603142030,   0.837,   1.380,9999.000,9999.000,9999.000,9999.000,9999.000,9999.000,9999.000
202603142036,   0.842,   1.371,9999.000,9999.000,9999.000,9999.000,9999.000,9999.000,9999.000
202603142042,   0.846,   1.371,9999.000,9999.000,9999.000,9999.000,9999.000,9999.000,9999.000
202603142048,   0.851,   1.380,9999.000,9999.000,9999.000,9999.000,9999.000,9999.000,9999.000
202603142054,   0.855,   1.380,9999.000,9999.000,9999.000,9999.000,9999.000,9999.000,9999.000
202603142100,   0.859,   1.390,   0.100,   0.431,   1.390,   0.100,   1.390,   0.200,   1.490
202603142106,   0.863,   1.420,9999.000,9999.000,9999.000,9999.000,9999.000,9999.000,9999.000
202603142112,   0.867,   1.430,9999.000,9999.000,9999.000,9999.000,9999.000,9999.000,9999.000
202603142118,   0.871,   1.430,9999.000,9999.000,9999.000,9999.000,9999.000,9999.000,9999.000
202603142124,   0.875,   1.430,9999.000,9999.000,9999.000,9999.000,9999.000,9999.000,9999.000
202603142130,   0.879,   1.420,9999.000,9999.000,9999.000,9999.000,9999.000,9999.000,9999.000
202603142136,   0.883,   1.430,9999.000,9999.000,9999.000,9999.000,9999.000,9999.000,9999.000
202603142142,   0.886,   1.439,9999.000,9999.000,9999.000,9999.000,9999.000,9999.000,9999.000
202603142148,   0.889,   1.449,9999.000,9999.000,9999.000,9999.000,9999.000,9999.000,9999.000
202603142154,   0.892,   1.459,9999.000,9999.000,9999.000,9999.000,9999.000,9999.000,9999.000
202603142200,   0.895,   1.459,   0.200,   0.364,   1.459,   0.100,   1.359,   0.200,   1.459
202603142206,   0.898,   1.469,9999.000,9999.000,9999.000,9999.000,9999.000,9999.000,9999.000
202603142212,   0.901,   1.469,9999.000,9999.000,9999.000,9999.000,9999.000,9999.000,9999.000
202603142218,   0.903,   1.469,9999.000,9999.000,9999.000,9999.000,9999.000,9999.000,9999.000
202603142224,   0.905,   1.479,9999.000,9999.000,9999.000,9999.000,9999.000,9999.000,9999.000
202603142230,   0.907,   1.489,9999.000,9999.000,9999.000,9999.000,9999.000,9999.000,9999.000
202603142236,   0.909,   1.469,9999.000,9999.000,9999.000,9999.000,9999.000,9999.000,9999.000
202603142242,   0.911,   1.479,9999.000,9999.000,9999.000,9999.000,9999.000,9999.000,9999.000
202603142248,   0.912,   1.489,9999.000,9999.000,9999.000,9999.000,9999.000,9999.000,9999.000
202603142254,   0.913,   1.498,9999.000,9999.000,9999.000,9999.000,9999.000,9999.000,9999.000
202603142300,   0.914,   1.498,   0.200,   0.384,   1.498,   0.200,   1.498,   0.200,   1.498
202603142306,   0.915,   1.508,9999.000,9999.000,9999.000,9999.000,9999.000,9999.000,9999.000
202603142312,   0.916,   1.538,9999.000,9999.000,9999.000,9999.000,9999.000,9999.000,9999.000
202603142318,   0.916,   1.580,9999.000,9999.000,9999.000,9999.000,9999.000,9999.000,9999.000
202603142324,   0.916,   1.518,9999.000,9999.000,9999.000,9999.000,9999.000,9999.000,9999.000
202603142330,   0.916,   1.508,9999.000,9999.000,9999.000,9999.000,9999.000,9999.000,9999.000
202603142336,   0.916,   1.479,9999.000,9999.000,9999.000,9999.000,9999.000,9999.000,9999.000
202603142342,   0.916,   1.528,9999.000,9999.000,9999.000,9999.000,9999.000,9999.000,9999.000
202603142348,   0.916,   1.449,9999.000,9999.000,9999.000,9999.000,9999.000,9999.000,9999.000
202603142354,   0.915,   1.531,9999.000,9999.000,9999.000,9999.000,9999.000,9999.000,9999.000
202603150000,   0.914,   1.489,   0.500,   0.075,   1.489,   0.500,   1.489,   0.600,   1.589
202603150006,   0.914,   1.459,9999.000,9999.000,9999.000,9999.000,9999.000,9999.000,9999.000
202603150012,   0.913,   1.449,9999.000,9999.000,9999.000,9999.000,9999.000,9999.000,9999.000
202603150018,   0.912,   1.489,9999.000,9999.000,9999.000,9999.000,9999.000,9999.000,9999.000
202603150024,   0.911,   1.518,9999.000,9999.000,9999.000,9999.000,9999.000,9999.000,9999.000
202603150030,   0.910,   1.528,9999.000,9999.000,9999.000,9999.000,9999.000,9999.000,9999.000
202603150036,   0.909,   1.489,9999.000,9999.000,9999.000,9999.000,9999.000,9999.000,9999.000
202603150042,   0.907,   1.479,9999.000,9999.000,9999.000,9999.000,9999.000,9999.000,9999.000
202603150048,   0.906,   1.430,9999.000,9999.000,9999.000,9999.000,9999.000,9999.000,9999.000
202603150054,   0.905,   1.390,9999.000,9999.000,9999.000,9999.000,9999.000,9999.000,9999.000
202603150100,   0.904,   1.390,   0.600,  -0.114,   1.390,   0.500,   1.290,   0.600,   1.390
202603150106,   0.902,   1.489,9999.000,9999.000,9999.000,9999.000,9999.000,9999.000,9999.000
202603150112,   0.901,   1.390,9999.000,9999.000,9999.000,9999.000,9999.000,9999.000,9999.000
202603150118,   0.900,   1.348,9999.000,9999.000,9999.000,9999.000,9999.000,9999.000,9999.000
202603150124,   0.899,   1.410,9999.000,9999.000,9999.000,9999.000,9999.000,9999.000,9999.000
202603150130,   0.898,   1.338,9999.000,9999.000,9999.000,9999.000,9999.000,9999.000,9999.000
202603150136,   0.897,   1.400,9999.000,9999.000,9999.000,9999.000,9999.000,9999.000,9999.000
202603150142,   0.896,   1.459,9999.000,9999.000,9999.000,9999.000,9999.000,9999.000,9999.000
202603150148,   0.894,   1.430,9999.000,9999.000,9999.000,9999.000,9999.000,9999.000,9999.000
202603150154,   0.893,   1.459,9999.000,9999.000,9999.000,9999.000,9999.000,9999.000,9999.000
202603150200,   0.892,   1.430,   0.600,  -0.062,   1.430,   0.600,   1.430,   0.600,   1.430
202603150206,   0.891,   1.400,9999.000,9999.000,9999.000,9999.000,9999.000,9999.000,9999.000
202603150212,   0.890,   1.380,9999.000,9999.000,9999.000,9999.000,9999.000,9999.000,9999.000
202603150218,   0.890,   1.410,9999.000,9999.000,9999.000,9999.000,9999.000,9999.000,9999.000
202603150224,   0.889,   1.489,9999.000,9999.000,9999.000,9999.000,9999.000,9999.000,9999.000
202603150230,   0.888,   1.380,9999.000,9999.000,9999.000,9999.000,9999.000,9999.000,9999.000
202603150236,   0.887,   1.410,9999.000,9999.000,9999.000,9999.000,9999.000,9999.000,9999.000
202603150242,   0.886,   1.459,9999.000,9999.000,9999.000,9999.000,9999.000,9999.000,9999.000
202603150248,   0.885,   1.400,9999.000,9999.000,9999.000,9999.000,9999.000,9999.000,9999.000
202603150254,   0.884,   1.380,9999.000,9999.000,9999.000,9999.000,9999.000,9999.000,9999.000
202603150300,   0.882,   1.390,   0.600,  -0.092,   1.390,   0.600,   1.390,   0.600,   1.390
202603150306,   0.881,   1.410,9999.000,9999.000,9999.000,9999.000,9999.000,9999.000,9999.000
202603150312,   0.880,   1.420,9999.000,9999.000,9999.000,9999.000,9999.000,9999.000,9999.000
202603150318,   0.878,   1.430,9999.000,9999.000,9999.000,9999.000,9999.000,9999.000,9999.000
202603150324,   0.877,   1.430,9999.000,9999.000,9999.000,9999.000,9999.000,9999.000,9999.000
202603150330,   0.875,   1.390,9999.000,9999.000,9999.000,9999.000,9999.000,9999.000,9999.000
202603150336,   0.873,   1.390,9999.000,9999.000,9999.000,9999.000,9999.000,9999.000,9999.000
202603150342,   0.871,   1.410,9999.000,9999.000,9999.000,9999.000,9999.000,9999.000,9999.000
202603150348,   0.868,   1.410,9999.000,9999.000,9999.000,9999.000,9999.000,9999.000,9999.000
202603150354,   0.866,   1.410,9999.000,9999.000,9999.000,9999.000,9999.000,9999.000,9999.000
202603150400,   0.863,   1.390,   0.600,  -0.073,   1.390,   0.500,   1.290,   0.600,   1.390
202603150406,   0.860,   1.400,9999.000,9999.000,9999.000,9999.000,9999.000,9999.000,9999.000
202603150412,   0.856,   1.390,9999.000,9999.000,9999.000,9999.000,9999.000,9999.000,9999.000
202603150418,   0.852,   1.390,9999.000,9999.000,9999.000,9999.000,9999.000,9999.000,9999.000
202603150424,   0.848,   1.390,9999.000,9999.000,9999.000,9999.000,9999.000,9999.000,9999.000
202603150430,   0.844,   1.390,9999.000,9999.000,9999.000,9999.000,9999.000,9999.000,9999.000
202603150436,   0.839,   1.380,9999.000,9999.000,9999.000,9999.000,9999.000,9999.000,9999.000
202603150442,   0.834,   1.390,9999.000,9999.000,9999.000,9999.000,9999.000,9999.000,9999.000
202603150448,   0.828,   1.410,9999.000,9999.000,9999.000,9999.000,9999.000,9999.000,9999.000
202603150454,   0.822,   1.430,9999.000,9999.000,9999.000,9999.000,9999.000,9999.000,9999.000
202603150500,   0.816,   1.439,   0.600,   0.023,   1.439,   0.500,   1.339,   0.600,   1.439
202603150506,   0.809,   1.430,9999.000,9999.000,9999.000,9999.000,9999.000,9999.000,9999.000
202603150512,   0.802,   1.390,9999.000,9999.000,9999.000,9999.000,9999.000,9999.000,9999.000
202603150518,   0.795,   1.390,9999.000,9999.000,9999.000,9999.000,9999.000,9999.000,9999.000
202603150524,   0.787,   1.380,9999.000,9999.000,9999.000,9999.000,9999.000,9999.000,9999.000
202603150530,   0.779,   1.380,9999.000,9999.000,9999.000,9999.000,9999.000,9999.000,9999.000
202603150536,   0.770,   1.371,9999.000,9999.000,9999.000,9999.000,9999.000,9999.000,9999.000
202603150542,   0.761,   1.371,9999.000,9999.000,9999.000,9999.000,9999.000,9999.000,9999.000
202603150548,   0.751,   1.400,9999.000,9999.000,9999.000,9999.000,9999.000,9999.000,9999.000
202603150554,   0.741,   1.229,9999.000,9999.000,9999.000,9999.000,9999.000,9999.000,9999.000
202603150600,   0.731,   1.128,   0.600,  -0.203,   1.128,   0.600,   1.128,   0.700,   1.228
202603150606,   0.720,   1.289,9999.000,9999.000,9999.000,9999.000,9999.000,9999.000,9999.000
202603150612,   0.709,   1.239,9999.000,9999.000,9999.000,9999.000,9999.000,9999.000,9999.000
202603150618,   0.698,   1.308,9999.000,9999.000,9999.000,9999.000,9999.000,9999.000,9999.000
202603150624,   0.686,   1.249,9999.000,9999.000,9999.000,9999.000,9999.000,9999.000,9999.000
202603150630,   0.674,   1.259,9999.000,9999.000,9999.000,9999.000,9999.000,9999.000,9999.000
202603150636,   0.661,   1.229,9999.000,9999.000,9999.000,9999.000,9999.000,9999.000,9999.000
202603150642,   0.650,   1.190,9999.000,9999.000,9999.000,9999.000,9999.000,9999.000,9999.000
202603150648,   0.636,   1.161,9999.000,9999.000,9999.000,9999.000,9999.000,9999.000,9999.000
202603150654,   0.622,   1.151,9999.000,9999.000,9999.000,9999.000,9999.000,9999.000,9999.000
202603150700,   0.609,   1.118,   0.700,  -0.191,   1.118,   0.600,   1.018,   0.700,   1.118
202603150706,   0.595,   1.088,9999.000,9999.000,9999.000,9999.000,9999.000,9999.000,9999.000
202603150712,   0.581,   1.088,9999.000,9999.000,9999.000,9999.000,9999.000,9999.000,9999.000
202603150718,   0.567,   1.059,9999.000,9999.000,9999.000,9999.000,9999.000,9999.000,9999.000
202603150724,   0.553,   1.039,9999.000,9999.000,9999.000,9999.000,9999.000,9999.000,9999.000
202603150730,   0.538,   1.029,9999.000,9999.000,9999.000,9999.000,9999.000,9999.000,9999.000
202603150736,   0.524,   1.000,9999.000,9999.000,9999.000,9999.000,9999.000,9999.000,9999.000
202603150742,   0.509,   0.990,9999.000,9999.000,9999.000,9999.000,9999.000,9999.000,9999.000
202603150748,   0.494,   0.980,9999.000,9999.000,9999.000,9999.000,9999.000,9999.000,9999.000
202603150754,   0.479,   1.049,9999.000,9999.000,9999.000,9999.000,9999.000,9999.000,9999.000
202603150800,   0.464,   0.970,   0.700,  -0.194,   0.970,   0.600,   0.870,   0.700,   0.970
202603150806,   0.449,   0.928,9999.000,9999.000,9999.000,9999.000,9999.000,9999.000,9999.000
202603150812,   0.434,   0.951,9999.000,9999.000,9999.000,9999.000,9999.000,9999.000,9999.000
202603150818,   0.418,   0.908,9999.000,9999.000,9999.000,9999.000,9999.000,9999.000,9999.000
202603150824,   0.403,   0.918,9999.000,9999.000,9999.000,9999.000,9999.000,9999.000,9999.000
202603150830,   0.388,   0.918,9999.000,9999.000,9999.000,9999.000,9999.000,9999.000,9999.000
202603150836,   0.373,   0.849,9999.000,9999.000,9999.000,9999.000,9999.000,9999.000,9999.000
202603150842,   0.358,   0.780,9999.000,9999.000,9999.000,9999.000,9999.000,9999.000,9999.000
202603150848,   0.343,   0.790,9999.000,9999.000,9999.000,9999.000,9999.000,9999.000,9999.000
202603150854,   0.328,   0.770,9999.000,9999.000,9999.000,9999.000,9999.000,9999.000,9999.000
202603150900,   0.313,   0.790,   0.700,  -0.223,   0.790,   0.700,   0.790,   0.700,   0.790
202603150906,   0.299,   0.810,9999.000,9999.000,9999.000,9999.000,9999.000,9999.000,9999.000
202603150912,   0.284,   0.800,9999.000,9999.000,9999.000,9999.000,9999.000,9999.000,9999.000
202603150918,   0.269,   0.770,9999.000,9999.000,9999.000,9999.000,9999.000,9999.000,9999.000
202603150924,   0.255,   0.751,9999.000,9999.000,9999.000,9999.000,9999.000,9999.000,9999.000
202603150930,   0.241,   0.731,9999.000,9999.000,9999.000,9999.000,9999.000,9999.000,9999.000
202603150936,   0.227,   0.731,9999.000,9999.000,9999.000,9999.000,9999.000,9999.000,9999.000
202603150942,   0.213,   0.731,9999.000,9999.000,9999.000,9999.000,9999.000,9999.000,9999.000
202603150948,   0.200,   0.718,9999.000,9999.000,9999.000,9999.000,9999.000,9999.000,9999.000
202603150954,   0.186,   0.708,9999.000,9999.000,9999.000,9999.000,9999.000,9999.000,9999.000
202603151000,   0.173,   0.698,   0.700,  -0.175,   0.698,   0.600,   0.598,   0.700,   0.698
202603151006,   0.160,   0.688,9999.000,9999.000,9999.000,9999.000,9999.000,9999.000,9999.000
202603151012,   0.148,   0.678,9999.000,9999.000,9999.000,9999.000,9999.000,9999.000,9999.000
202603151018,   0.135,   0.678,9999.000,9999.000,9999.000,9999.000,9999.000,9999.000,9999.000
202603151024,   0.123,   0.669,9999.000,9999.000,9999.000,9999.000,9999.000,9999.000,9999.000
202603151030,   0.112,   0.649,9999.000,9999.000,9999.000,9999.000,9999.000,9999.000,9999.000
202603151036,   0.101,   0.639,9999.000,9999.000,9999.000,9999.000,9999.000,9999.000,9999.000
202603151042,   0.090,   0.629,9999.000,9999.000,9999.000,9999.000,9999.000,9999.000,9999.000
202603151048,   0.079,   0.629,9999.000,9999.000,9999.000,9999.000,9999.000,9999.000,9999.000
202603151054,   0.069,   0.629,9999.000,9999.000,9999.000,9999.000,9999.000,9999.000,9999.000
202603151100,   0.059,   0.600,   0.700,  -0.159,   0.600,   0.600,   0.500,   0.700,   0.600
202603151106,   0.050,   0.600,9999.000,9999.000,9999.000,9999.000,9999.000,9999.000,9999.000
202603151112,   0.041,   0.610,9999.000,9999.000,9999.000,9999.000,9999.000,9999.000,9999.000
202603151118,   0.033,   0.610,9999.000,9999.000,9999.000,9999.000,9999.000,9999.000,9999.000
202603151124,   0.025,   0.629,9999.000,9999.000,9999.000,9999.000,9999.000,9999.000,9999.000
202603151130,   0.017,   0.639,9999.000,9999.000,9999.000,9999.000,9999.000,9999.000,9999.000
202603151136,   0.011,   0.610,9999.000,9999.000,9999.000,9999.000,9999.000,9999.000,9999.000
202603151142,   0.004,   0.590,9999.000,9999.000,9999.000,9999.000,9999.000,9999.000,9999.000
202603151148,   0.000,   0.659,9999.000,9999.000,9999.000,9999.000,9999.000,9999.000,9999.000
202603151154,  -0.005,   0.321,9999.000,9999.000,9999.000,9999.000,9999.000,9999.000,9999.000
202603151200,  -0.010,   0.508,   0.500,   0.018,   0.508,   0.500,   0.508,   0.500,   0.508
202603151206,  -0.014,   0.600,9999.000,9999.000,9999.000,9999.000,9999.000,9999.000,9999.000
202603151212,  -0.017,   0.610,9999.000,9999.000,9999.000,9999.000,9999.000,9999.000,9999.000
202603151218,  -0.019,   0.551,9999.000,9999.000,9999.000,9999.000,9999.000,9999.000,9999.000
202603151224,  -0.021,   0.560,9999.000,9999.000,9999.000,9999.000,9999.000,9999.000,9999.000
202603151230,  -0.022,   0.560,9999.000,9999.000,9999.000,9999.000,9999.000,9999.000,9999.000
202603151236,  -0.022,   0.551,9999.000,9999.000,9999.000,9999.000,9999.000,9999.000,9999.000
202603151242,  -0.022,   0.541,9999.000,9999.000,9999.000,9999.000,9999.000,9999.000,9999.000
202603151248,  -0.021,   0.570,9999.000,9999.000,9999.000,9999.000,9999.000,9999.000,9999.000
202603151254,  -0.019,   0.570,9999.000,9999.000,9999.000,9999.000,9999.000,9999.000,9999.000
202603151300,  -0.017,   0.560,   0.500,   0.077,   0.560,   0.500,   0.560,   0.500,   0.560
202603151306,  -0.014,   0.580,9999.000,9999.000,9999.000,9999.000,9999.000,9999.000,9999.000
202603151312,  -0.010,   0.531,9999.000,9999.000,9999.000,9999.000,9999.000,9999.000,9999.000
202603151318,  -0.005,   0.560,9999.000,9999.000,9999.000,9999.000,9999.000,9999.000,9999.000
202603151324,   0.000,   0.629,9999.000,9999.000,9999.000,9999.000,9999.000,9999.000,9999.000
202603151330,   0.006,   0.669,9999.000,9999.000,9999.000,9999.000,9999.000,9999.000,9999.000
202603151336,   0.013,   0.629,9999.000,9999.000,9999.000,9999.000,9999.000,9999.000,9999.000
202603151342,   0.020,   0.619,9999.000,9999.000,9999.000,9999.000,9999.000,9999.000,9999.000
202603151348,   0.029,   0.629,9999.000,9999.000,9999.000,9999.000,9999.000,9999.000,9999.000
202603151354,   0.038,   0.629,9999.000,9999.000,9999.000,9999.000,9999.000,9999.000,9999.000
202603151400,   0.047,   0.649,   0.500,   0.102,   0.649,   0.500,   0.649,   0.500,   0.649
202603151406,   0.058,   0.678,9999.000,9999.000,9999.000,9999.000,9999.000,9999.000,9999.000
202603151412,   0.069,   0.708,9999.000,9999.000,9999.000,9999.000,9999.000,9999.000,9999.000
202603151418,   0.080,   0.698,9999.000,9999.000,9999.000,9999.000,9999.000,9999.000,9999.000
202603151424,   0.092,   0.698,9999.000,9999.000,9999.000,9999.000,9999.000,9999.000,9999.000
202603151430,   0.105,   0.790,9999.000,9999.000,9999.000,9999.000,9999.000,9999.000,9999.000
202603151436,   0.118,   0.790,9999.000,9999.000,9999.000,9999.000,9999.000,9999.000,9999.000
202603151442,   0.132,   0.600,9999.000,9999.000,9999.000,9999.000,9999.000,9999.000,9999.000
202603151448,   0.146,   0.790,9999.000,9999.000,9999.000,9999.000,9999.000,9999.000,9999.000
202603151454,   0.160,   0.800,9999.000,9999.000,9999.000,9999.000,9999.000,9999.000,9999.000
202603151500,   0.175,   0.819,   0.500,   0.144,   0.819,   0.500,   0.819,   0.500,   0.819
202603151506,   0.191,   0.888,9999.000,9999.000,9999.000,9999.000,9999.000,9999.000,9999.000
202603151512,   0.206,   0.879,9999.000,9999.000,9999.000,9999.000,9999.000,9999.000,9999.000
202603151518,   0.222,   1.000,9999.000,9999.000,9999.000,9999.000,9999.000,9999.000,9999.000
202603151524,   0.238,   0.898,9999.000,9999.000,9999.000,9999.000,9999.000,9999.000,9999.000
202603151530,   0.254,   0.839,9999.000,9999.000,9999.000,9999.000,9999.000,9999.000,9999.000
202603151536,   0.271,   0.908,9999.000,9999.000,9999.000,9999.000,9999.000,9999.000,9999.000
202603151542,   0.287,   0.961,9999.000,9999.000,9999.000,9999.000,9999.000,9999.000,9999.000
202603151548,   0.304,   1.049,9999.000,9999.000,9999.000,9999.000,9999.000,9999.000,9999.000
202603151554,   0.320,   0.980,9999.000,9999.000,9999.000,9999.000,9999.000,9999.000,9999.000
202603151600,   0.337,   0.990,   0.500,   0.153,   0.990,   0.500,   0.990,   0.500,   0.990
202603151606,   0.354,   1.000,9999.000,9999.000,9999.000,9999.000,9999.000,9999.000,9999.000
202603151612,   0.370,   0.951,9999.000,9999.000,9999.000,9999.000,9999.000,9999.000,9999.000
202603151618,   0.387,   1.000,9999.000,9999.000,9999.000,9999.000,9999.000,9999.000,9999.000
202603151624,   0.403,   1.039,9999.000,9999.000,9999.000,9999.000,9999.000,9999.000,9999.000
202603151630,   0.419,   1.059,9999.000,9999.000,9999.000,9999.000,9999.000,9999.000,9999.000
202603151636,   0.435,   1.059,9999.000,9999.000,9999.000,9999.000,9999.000,9999.000,9999.000
202603151642,   0.450,   1.079,9999.000,9999.000,9999.000,9999.000,9999.000,9999.000,9999.000
202603151648,   0.466,   1.098,9999.000,9999.000,9999.000,9999.000,9999.000,9999.000,9999.000
202603151654,   0.481,   1.138,9999.000,9999.000,9999.000,9999.000,9999.000,9999.000,9999.000
202603151700,   0.496,   0.918,   0.500,  -0.078,   0.918,   0.400,   0.818,   0.500,   0.918
202603151706,   0.510,   1.069,9999.000,9999.000,9999.000,9999.000,9999.000,9999.000,9999.000
202603151712,   0.524,   1.210,9999.000,9999.000,9999.000,9999.000,9999.000,9999.000,9999.000
202603151718,   0.538,   1.249,9999.000,9999.000,9999.000,9999.000,9999.000,9999.000,9999.000
202603151724,   0.551,   1.239,9999.000,9999.000,9999.000,9999.000,9999.000,9999.000,9999.000
202603151730,   0.564,   1.249,9999.000,9999.000,9999.000,9999.000,9999.000,9999.000,9999.000
202603151736,   0.577,   1.259,9999.000,9999.000,9999.000,9999.000,9999.000,9999.000,9999.000
202603151742,   0.589,   1.259,9999.000,9999.000,9999.000,9999.000,9999.000,9999.000,9999.000
202603151748,   0.601,   1.239,9999.000,9999.000,9999.000,9999.000,9999.000,9999.000,9999.000
202603151754,   0.612,   1.161,9999.000,9999.000,9999.000,9999.000,9999.000,9999.000,9999.000
202603151800,   0.623,   1.249,   0.300,   0.326,   1.249,   0.300,   1.249,   0.300,   1.249
202603151806,   0.634,   1.259,9999.000,9999.000,9999.000,9999.000,9999.000,9999.000,9999.000
202603151812,   0.644,   1.318,9999.000,9999.000,9999.000,9999.000,9999.000,9999.000,9999.000
202603151818,   0.653,   1.390,9999.000,9999.000,9999.000,9999.000,9999.000,9999.000,9999.000
202603151824,   0.663,   1.380,9999.000,9999.000,9999.000,9999.000,9999.000,9999.000,9999.000
202603151830,   0.672,   1.439,9999.000,9999.000,9999.000,9999.000,9999.000,9999.000,9999.000
202603151836,   0.680,   1.318,9999.000,9999.000,9999.000,9999.000,9999.000,9999.000,9999.000
202603151842,   0.688,   1.348,9999.000,9999.000,9999.000,9999.000,9999.000,9999.000,9999.000
202603151848,   0.696,   1.410,9999.000,9999.000,9999.000,9999.000,9999.000,9999.000,9999.000
202603151854,   0.704,   1.348,9999.000,9999.000,9999.000,9999.000,9999.000,9999.000,9999.000
202603151900,   0.711,   1.348,   0.300,   0.337,   1.348,   0.300,   1.348,   0.300,   1.348
202603151906,   0.718,   1.400,9999.000,9999.000,9999.000,9999.000,9999.000,9999.000,9999.000
202603151912,   0.724,   1.380,9999.000,9999.000,9999.000,9999.000,9999.000,9999.000,9999.000
202603151918,   0.731,   1.390,9999.000,9999.000,9999.000,9999.000,9999.000,9999.000,9999.000
202603151924,   0.736,   1.390,9999.000,9999.000,9999.000,9999.000,9999.000,9999.000,9999.000
202603151930,   0.742,   1.348,9999.000,9999.000,9999.000,9999.000,9999.000,9999.000,9999.000
202603151936,   0.748,   1.348,9999.000,9999.000,9999.000,9999.000,9999.000,9999.000,9999.000
202603151942,   0.753,   1.390,9999.000,9999.000,9999.000,9999.000,9999.000,9999.000,9999.000
202603151948,   0.758,   1.400,9999.000,9999.000,9999.000,9999.000,9999.000,9999.000,9999.000
202603151954,   0.763,   1.410,9999.000,9999.000,9999.000,9999.000,9999.000,9999.000,9999.000
202603152000,   0.767,   1.390,   0.300,   0.323,   1.390,   0.300,   1.390,   0.300,   1.390
202603152006,   0.772,   1.430,9999.000,9999.000,9999.000,9999.000,9999.000,9999.000,9999.000
202603152012,   0.776,   1.439,9999.000,9999.000,9999.000,9999.000,9999.000,9999.000,9999.000
202603152018,   0.780,   1.430,9999.000,9999.000,9999.000,9999.000,9999.000,9999.000,9999.000
202603152024,   0.784,   1.430,9999.000,9999.000,9999.000,9999.000,9999.000,9999.000,9999.000
202603152030,   0.787,   1.459,9999.000,9999.000,9999.000,9999.000,9999.000,9999.000,9999.000
202603152036,   0.791,   1.430,9999.000,9999.000,9999.000,9999.000,9999.000,9999.000,9999.000
202603152042,   0.795,   1.430,9999.000,9999.000,9999.000,9999.000,9999.000,9999.000,9999.000
202603152048,   0.798,   1.459,9999.000,9999.000,9999.000,9999.000,9999.000,9999.000,9999.000
202603152054,   0.801,   1.469,9999.000,9999.000,9999.000,9999.000,9999.000,9999.000,9999.000
202603152100,   0.804,   1.469,   0.300,   0.365,   1.469,   0.300,   1.469,   0.300,   1.469
202603152106,   0.807,   1.479,9999.000,9999.000,9999.000,9999.000,9999.000,9999.000,9999.000
202603152112,   0.810,   1.489,9999.000,9999.000,9999.000,9999.000,9999.000,9999.000,9999.000
202603152118,   0.813,   1.498,9999.000,9999.000,9999.000,9999.000,9999.000,9999.000,9999.000
202603152124,   0.815,   1.469,9999.000,9999.000,9999.000,9999.000,9999.000,9999.000,9999.000
202603152130,   0.818,   1.479,9999.000,9999.000,9999.000,9999.000,9999.000,9999.000,9999.000
202603152136,   0.820,   1.508,9999.000,9999.000,9999.000,9999.000,9999.000,9999.000,9999.000
202603152142,   0.822,   1.571,9999.000,9999.000,9999.000,9999.000,9999.000,9999.000,9999.000
202603152148,   0.825,   1.620,9999.000,9999.000,9999.000,9999.000,9999.000,9999.000,9999.000
202603152154,   0.827,   1.420,9999.000,9999.000,9999.000,9999.000,9999.000,9999.000,9999.000
202603152200,   0.829,   1.348,   0.300,   0.219,   1.348,   0.300,   1.348,   0.400,   1.448
202603152206,   0.830,   1.518,9999.000,9999.000,9999.000,9999.000,9999.000,9999.000,9999.000
202603152212,   0.832,   1.538,9999.000,9999.000,9999.000,9999.000,9999.000,9999.000,9999.000
202603152218,   0.834,   1.518,9999.000,9999.000,9999.000,9999.000,9999.000,9999.000,9999.000
202603152224,   0.835,   1.528,9999.000,9999.000,9999.000,9999.000,9999.000,9999.000,9999.000
202603152230,   0.836,   1.479,9999.000,9999.000,9999.000,9999.000,9999.000,9999.000,9999.000
202603152236,   0.837,   1.469,9999.000,9999.000,9999.000,9999.000,9999.000,9999.000,9999.000
202603152242,   0.839,   1.489,9999.000,9999.000,9999.000,9999.000,9999.000,9999.000,9999.000
202603152248,   0.839,   1.498,9999.000,9999.000,9999.000,9999.000,9999.000,9999.000,9999.000
202603152254,   0.840,   1.430,9999.000,9999.000,9999.000,9999.000,9999.000,9999.000,9999.000
202603152300,   0.841,   1.508,   0.400,   0.267,   1.508,   0.300,   1.408,   0.400,   1.508
202603152306,   0.842,   1.538,9999.000,9999.000,9999.000,9999.000,9999.000,9999.000,9999.000
202603152312,   0.842,   1.508,9999.000,9999.000,9999.000,9999.000,9999.000,9999.000,9999.000
202603152318,   0.842,   1.528,9999.000,9999.000,9999.000,9999.000,9999.000,9999.000,9999.000
202603152324,   0.843,   1.538,9999.000,9999.000,9999.000,9999.000,9999.000,9999.000,9999.000
202603152330,   0.843,   1.580,9999.000,9999.000,9999.000,9999.000,9999.000,9999.000,9999.000
202603152336,   0.843,   1.489,9999.000,9999.000,9999.000,9999.000,9999.000,9999.000,9999.000
202603152342,   0.843,   1.489,9999.000,9999.000,9999.000,9999.000,9999.000,9999.000,9999.000
202603152348,   0.843,   1.489,9999.000,9999.000,9999.000,9999.000,9999.000,9999.000,9999.000
202603152354,   0.843,   1.456,9999.000,9999.000,9999.000,9999.000,9999.000,9999.000,9999.000
202603160000,   0.843,   1.439,   0.500,   0.096,   1.439,   0.500,   1.439,   0.500,   1.439
202603160006,   0.842,   1.469,9999.000,9999.000,9999.000,9999.000,9999.000,9999.000,9999.000
202603160012,   0.842,   1.508,9999.000,9999.000,9999.000,9999.000,9999.000,9999.000,9999.000
202603160018,   0.842,   1.469,9999.000,9999.000,9999.000,9999.000,9999.000,9999.000,9999.000
202603160024,   0.842,   1.449,9999.000,9999.000,9999.000,9999.000,9999.000,9999.000,9999.000
202603160030,   0.842,   1.459,9999.000,9999.000,9999.000,9999.000,9999.000,9999.000,9999.000
202603160036,   0.841,   1.400,9999.000,9999.000,9999.000,9999.000,9999.000,9999.000,9999.000
202603160042,   0.841,   1.459,9999.000,9999.000,9999.000,9999.000,9999.000,9999.000,9999.000
202603160048,   0.841,   1.479,9999.000,9999.000,9999.000,9999.000,9999.000,9999.000,9999.000
202603160054,   0.841,   1.489,9999.000,9999.000,9999.000,9999.000,9999.000,9999.000,9999.000
202603160100,   0.841,   1.498,   0.500,   0.157,   1.498,   0.500,   1.498,   0.500,   1.498
202603160106,   0.841,   1.518,9999.000,9999.000,9999.000,9999.000,9999.000,9999.000,9999.000
202603160112,   0.841,   1.508,9999.000,9999.000,9999.000,9999.000,9999.000,9999.000,9999.000
202603160118,   0.841,   1.489,9999.000,9999.000,9999.000,9999.000,9999.000,9999.000,9999.000
202603160124,   0.841,   1.469,9999.000,9999.000,9999.000,9999.000,9999.000,9999.000,9999.000
202603160130,   0.842,   1.469,9999.000,9999.000,9999.000,9999.000,9999.000,9999.000,9999.000
202603160136,   0.842,   1.479,9999.000,9999.000,9999.000,9999.000,9999.000,9999.000,9999.000
202603160142,   0.843,   1.439,9999.000,9999.000,9999.000,9999.000,9999.000,9999.000,9999.000
202603160148,   0.844,   1.439,9999.000,9999.000,9999.000,9999.000,9999.000,9999.000,9999.000
202603160154,   0.845,   1.400,9999.000,9999.000,9999.000,9999.000,9999.000,9999.000,9999.000
202603160200,   0.845,   1.430,   0.500,   0.085,   1.430,   0.500,   1.430,   0.600,   1.530
202603160206,   0.847,   1.439,9999.000,9999.000,9999.000,9999.000,9999.000,9999.000,9999.000
202603160212,   0.848,   1.380,9999.000,9999.000,9999.000,9999.000,9999.000,9999.000,9999.000
202603160218,   0.849,   1.400,9999.000,9999.000,9999.000,9999.000,9999.000,9999.000,9999.000
202603160224,   0.850,   1.420,9999.000,9999.000,9999.000,9999.000,9999.000,9999.000,9999.000
202603160230,   0.852,   1.371,9999.000,9999.000,9999.000,9999.000,9999.000,9999.000,9999.000
202603160236,   0.854,   1.410,9999.000,9999.000,9999.000,9999.000,9999.000,9999.000,9999.000
202603160242,   0.855,   1.459,9999.000,9999.000,9999.000,9999.000,9999.000,9999.000,9999.000
202603160248,   0.857,   1.239,9999.000,9999.000,9999.000,9999.000,9999.000,9999.000,9999.000
202603160254,   0.859,   1.361,9999.000,9999.000,9999.000,9999.000,9999.000,9999.000,9999.000
202603160300,   0.861,   1.420,   0.500,   0.059,   1.420,   0.500,   1.420,   0.600,   1.520
202603160306,   0.862,   1.439,9999.000,9999.000,9999.000,9999.000,9999.000,9999.000,9999.000
202603160312,   0.864,   1.420,9999.000,9999.000,9999.000,9999.000,9999.000,9999.000,9999.000
202603160318,   0.866,   1.430,9999.000,9999.000,9999.000,9999.000,9999.000,9999.000,9999.000
202603160324,   0.868,   1.449,9999.000,9999.000,9999.000,9999.000,9999.000,9999.000,9999.000
202603160330,   0.870,   1.459,9999.000,9999.000,9999.000,9999.000,9999.000,9999.000,9999.000
202603160336,   0.871,   1.489,9999.000,9999.000,9999.000,9999.000,9999.000,9999.000,9999.000
202603160342,   0.873,   1.498,9999.000,9999.000,9999.000,9999.000,9999.000,9999.000,9999.000
202603160348,   0.875,   1.508,9999.000,9999.000,9999.000,9999.000,9999.000,9999.000,9999.000
202603160354,   0.876,   1.489,9999.000,9999.000,9999.000,9999.000,9999.000,9999.000,9999.000
202603160400,   0.877,   1.439,   0.500,   0.062,   1.439,   0.500,   1.439,   0.500,   1.439
202603160406,   0.878,   1.439,9999.000,9999.000,9999.000,9999.000,9999.000,9999.000,9999.000
202603160412,   0.879,   1.528,9999.000,9999.000,9999.000,9999.000,9999.000,9999.000,9999.000
202603160418,   0.880,   1.580,9999.000,9999.000,9999.000,9999.000,9999.000,9999.000,9999.000
202603160424,   0.880,   1.600,9999.000,9999.000,9999.000,9999.000,9999.000,9999.000,9999.000
202603160430,   0.880,   1.590,9999.000,9999.000,9999.000,9999.000,9999.000,9999.000,9999.000
202603160436,   0.880,   1.548,9999.000,9999.000,9999.000,9999.000,9999.000,9999.000,9999.000
202603160442,   0.880,   1.557,9999.000,9999.000,9999.000,9999.000,9999.000,9999.000,9999.000
202603160448,   0.879,   1.508,9999.000,9999.000,9999.000,9999.000,9999.000,9999.000,9999.000
202603160454,   0.878,   1.518,9999.000,9999.000,9999.000,9999.000,9999.000,9999.000,9999.000
202603160500,   0.876,   1.508,   0.500,   0.132,   1.508,   0.400,   1.408,   0.500,   1.508
202603160506,   0.875,   1.489,9999.000,9999.000,9999.000,9999.000,9999.000,9999.000,9999.000
202603160512,   0.872,   1.420,9999.000,9999.000,9999.000,9999.000,9999.000,9999.000,9999.000
202603160518,   0.870,   1.400,9999.000,9999.000,9999.000,9999.000,9999.000,9999.000,9999.000
202603160524,   0.867,   1.328,9999.000,9999.000,9999.000,9999.000,9999.000,9999.000,9999.000
202603160530,   0.863,   1.220,9999.000,9999.000,9999.000,9999.000,9999.000,9999.000,9999.000
202603160536,   0.860,   1.200,9999.000,9999.000,9999.000,9999.000,9999.000,9999.000,9999.000
202603160542,   0.855,   1.151,9999.000,9999.000,9999.000,9999.000,9999.000,9999.000,9999.000
202603160548,   0.851,   1.118,9999.000,9999.000,9999.000,9999.000,9999.000,9999.000,9999.000
202603160554,   0.845,   1.108,9999.000,9999.000,9999.000,9999.000,9999.000,9999.000,9999.000
202603160600,   0.840,   1.079,   0.500,  -0.261,   1.079,   0.500,   1.079,   0.600,   1.179
202603160606,   0.834,   1.029,9999.000,9999.000,9999.000,9999.000,9999.000,9999.000,9999.000
202603160612,   0.827,   0.980,9999.000,9999.000,9999.000,9999.000,9999.000,9999.000,9999.000
202603160618,   0.820,   0.961,9999.000,9999.000,9999.000,9999.000,9999.000,9999.000,9999.000
202603160624,   0.813,   0.961,9999.000,9999.000,9999.000,9999.000,9999.000,9999.000,9999.000
202603160630,   0.805,   0.990,9999.000,9999.000,9999.000,9999.000,9999.000,9999.000,9999.000
202603160636,   0.797,   1.029,9999.000,9999.000,9999.000,9999.000,9999.000,9999.000,9999.000
202603160642,   0.788,   1.010,9999.000,9999.000,9999.000,9999.000,9999.000,9999.000,9999.000
202603160648,   0.779,   1.039,9999.000,9999.000,9999.000,9999.000,9999.000,9999.000,9999.000
202603160654,   0.770,   1.049,9999.000,9999.000,9999.000,9999.000,9999.000,9999.000,9999.000
202603160700,   0.760,   1.059,   0.500,  -0.201,   1.059,   0.400,   0.959,   0.500,   1.059
202603160706,   0.749,   1.049,9999.000,9999.000,9999.000,9999.000,9999.000,9999.000,9999.000
202603160712,   0.739,   1.039,9999.000,9999.000,9999.000,9999.000,9999.000,9999.000,9999.000
202603160718,   0.728,   1.049,9999.000,9999.000,9999.000,9999.000,9999.000,9999.000,9999.000
202603160724,   0.716,   1.059,9999.000,9999.000,9999.000,9999.000,9999.000,9999.000,9999.000
202603160730,   0.705,   1.059,9999.000,9999.000,9999.000,9999.000,9999.000,9999.000,9999.000
202603160736,   0.693,   1.010,9999.000,9999.000,9999.000,9999.000,9999.000,9999.000,9999.000
202603160742,   0.680,   1.010,9999.000,9999.000,9999.000,9999.000,9999.000,9999.000,9999.000
202603160748,   0.668,   0.990,9999.000,9999.000,9999.000,9999.000,9999.000,9999.000,9999.000
202603160754,   0.655,   1.010,9999.000,9999.000,9999.000,9999.000,9999.000,9999.000,9999.000
202603160800,   0.642,   0.970,   0.500,  -0.172,   0.970,   0.400,   0.870,   0.500,   0.970
202603160806,   0.628,   0.951,9999.000,9999.000,9999.000,9999.000,9999.000,9999.000,9999.000
202603160812,   0.615,   0.898,9999.000,9999.000,9999.000,9999.000,9999.000,9999.000,9999.000
202603160818,   0.601,   0.839,9999.000,9999.000,9999.000,9999.000,9999.000,9999.000,9999.000
202603160824,   0.587,   0.810,9999.000,9999.000,9999.000,9999.000,9999.000,9999.000,9999.000
202603160830,   0.573,   0.819,9999.000,9999.000,9999.000,9999.000,9999.000,9999.000,9999.000
202603160836,   0.559,   0.849,9999.000,9999.000,9999.000,9999.000,9999.000,9999.000,9999.000
202603160842,   0.544,   0.829,9999.000,9999.000,9999.000,9999.000,9999.000,9999.000,9999.000
202603160848,   0.530,   0.810,9999.000,9999.000,9999.000,9999.000,9999.000,9999.000,9999.000
202603160854,   0.515,   0.790,9999.000,9999.000,9999.000,9999.000,9999.000,9999.000,9999.000
202603160900,   0.500,   0.800,   0.500,  -0.200,   0.800,   0.400,   0.700,   0.500,   0.800
202603160906,   0.486,   0.770,9999.000,9999.000,9999.000,9999.000,9999.000,9999.000,9999.000
202603160912,   0.471,   0.741,9999.000,9999.000,9999.000,9999.000,9999.000,9999.000,9999.000
202603160918,   0.456,   0.741,9999.000,9999.000,9999.000,9999.000,9999.000,9999.000,9999.000
202603160924,   0.441,   0.741,9999.000,9999.000,9999.000,9999.000,9999.000,9999.000,9999.000
202603160930,   0.426,   0.718,9999.000,9999.000,9999.000,9999.000,9999.000,9999.000,9999.000
202603160936,   0.411,   0.698,9999.000,9999.000,9999.000,9999.000,9999.000,9999.000,9999.000
202603160942,   0.396,   0.610,9999.000,9999.000,9999.000,9999.000,9999.000,9999.000,9999.000
202603160948,   0.381,   0.610,9999.000,9999.000,9999.000,9999.000,9999.000,9999.000,9999.000
202603160954,   0.366,   0.629,9999.000,9999.000,9999.000,9999.000,9999.000,9999.000,9999.000
202603161000,   0.352,   0.590,   0.400,  -0.162,   0.590,   0.400,   0.590,   0.400,   0.590
202603161006,   0.337,   0.590,9999.000,9999.000,9999.000,9999.000,9999.000,9999.000,9999.000
202603161012,   0.322,   0.610,9999.000,9999.000,9999.000,9999.000,9999.000,9999.000,9999.000
202603161018,   0.308,   0.580,9999.000,9999.000,9999.000,9999.000,9999.000,9999.000,9999.000
202603161024,   0.294,   0.580,9999.000,9999.000,9999.000,9999.000,9999.000,9999.000,9999.000
202603161030,   0.280,   0.580,9999.000,9999.000,9999.000,9999.000,9999.000,9999.000,9999.000
202603161036,   0.266,   0.518,9999.000,9999.000,9999.000,9999.000,9999.000,9999.000,9999.000
202603161042,   0.252,   0.469,9999.000,9999.000,9999.000,9999.000,9999.000,9999.000,9999.000
202603161048,   0.238,   0.498,9999.000,9999.000,9999.000,9999.000,9999.000,9999.000,9999.000
202603161054,   0.225,   0.518,9999.000,9999.000,9999.000,9999.000,9999.000,9999.000,9999.000
202603161100,   0.212,   0.531,   0.400,  -0.081,   0.531,   0.400,   0.531,   0.400,   0.531
202603161106,   0.199,   0.531,9999.000,9999.000,9999.000,9999.000,9999.000,9999.000,9999.000
202603161112,   0.187,   0.518,9999.000,9999.000,9999.000,9999.000,9999.000,9999.000,9999.000
202603161118,   0.175,   0.478,9999.000,9999.000,9999.000,9999.000,9999.000,9999.000,9999.000
202603161124,   0.163,   0.449,9999.000,9999.000,9999.000,9999.000,9999.000,9999.000,9999.000
202603161130,   0.152,   0.380,9999.000,9999.000,9999.000,9999.000,9999.000,9999.000,9999.000
202603161136,   0.141,   0.380,9999.000,9999.000,9999.000,9999.000,9999.000,9999.000,9999.000
202603161142,   0.130,   0.380,9999.000,9999.000,9999.000,9999.000,9999.000,9999.000,9999.000
202603161148,   0.120,   0.360,9999.000,9999.000,9999.000,9999.000,9999.000,9999.000,9999.000
202603161154,   0.111,   0.370,9999.000,9999.000,9999.000,9999.000,9999.000,9999.000,9999.000
202603161200,   0.102,   0.341,   0.300,  -0.061,   0.341,   0.300,   0.341,   0.400,   0.441
202603161206,   0.093,   0.360,9999.000,9999.000,9999.000,9999.000,9999.000,9999.000,9999.000
202603161212,   0.085,   0.429,9999.000,9999.000,9999.000,9999.000,9999.000,9999.000,9999.000
202603161218,   0.077,   0.429,9999.000,9999.000,9999.000,9999.000,9999.000,9999.000,9999.000
202603161224,   0.070,   0.459,9999.000,9999.000,9999.000,9999.000,9999.000,9999.000,9999.000
202603161230,   0.064,   0.498,9999.000,9999.000,9999.000,9999.000,9999.000,9999.000,9999.000
202603161236,   0.058,   0.459,9999.000,9999.000,9999.000,9999.000,9999.000,9999.000,9999.000
202603161242,   0.053,   0.439,9999.000,9999.000,9999.000,9999.000,9999.000,9999.000,9999.000
202603161248,   0.049,   0.429,9999.000,9999.000,9999.000,9999.000,9999.000,9999.000,9999.000
202603161254,   0.045,   0.449,9999.000,9999.000,9999.000,9999.000,9999.000,9999.000,9999.000
202603161300,   0.042,   0.478,   0.300,   0.136,   0.478,   0.200,   0.378,   0.400,   0.578
202603161306,   0.039,   0.429,9999.000,9999.000,9999.000,9999.000,9999.000,9999.000,9999.000
202603161312,   0.038,   0.350,9999.000,9999.000,9999.000,9999.000,9999.000,9999.000,9999.000
202603161318,   0.037,   0.341,9999.000,9999.000,9999.000,9999.000,9999.000,9999.000,9999.000
202603161324,   0.036,   0.370,9999.000,9999.000,9999.000,9999.000,9999.000,9999.000,9999.000
202603161330,   0.037,   0.400,9999.000,9999.000,9999.000,9999.000,9999.000,9999.000,9999.000
202603161336,   0.038,   0.419,9999.000,9999.000,9999.000,9999.000,9999.000,9999.000,9999.000
202603161342,   0.040,   0.429,9999.000,9999.000,9999.000,9999.000,9999.000,9999.000,9999.000
202603161348,   0.043,   0.429,9999.000,9999.000,9999.000,9999.000,9999.000,9999.000,9999.000
202603161354,   0.046,   0.469,9999.000,9999.000,9999.000,9999.000,9999.000,9999.000,9999.000
202603161400,   0.051,   0.488,   0.300,   0.137,   0.488,   0.300,   0.488,   0.400,   0.588
202603161406,   0.056,   0.200,9999.000,9999.000,9999.000,9999.000,9999.000,9999.000,9999.000
202603161412,   0.061,   0.180,9999.000,9999.000,9999.000,9999.000,9999.000,9999.000,9999.000
202603161418,   0.068,   0.429,9999.000,9999.000,9999.000,9999.000,9999.000,9999.000,9999.000
202603161424,   0.075,   0.439,9999.000,9999.000,9999.000,9999.000,9999.000,9999.000,9999.000
202603161430,   0.083,   0.429,9999.000,9999.000,9999.000,9999.000,9999.000,9999.000,9999.000
202603161436,   0.092,   0.619,9999.000,9999.000,9999.000,9999.000,9999.000,9999.000,9999.000
202603161442,   0.101,   0.570,9999.000,9999.000,9999.000,9999.000,9999.000,9999.000,9999.000
202603161448,   0.111,   0.209,9999.000,9999.000,9999.000,9999.000,9999.000,9999.000,9999.000
202603161454,   0.121,   0.390,9999.000,9999.000,9999.000,9999.000,9999.000,9999.000,9999.000
202603161500,   0.132,   0.649,   0.300,   0.217,   0.649,   0.300,   0.649,   0.300,   0.649
202603161506,   0.144,   0.429,9999.000,9999.000,9999.000,9999.000,9999.000,9999.000,9999.000
202603161512,   0.156,   0.278,9999.000,9999.000,9999.000,9999.000,9999.000,9999.000,9999.000
202603161518,   0.169,   0.498,9999.000,9999.000,9999.000,9999.000,9999.000,9999.000,9999.000
202603161524,   0.182,   0.551,9999.000,9999.000,9999.000,9999.000,9999.000,9999.000,9999.000
202603161530,   0.196,   0.518,9999.000,9999.000,9999.000,9999.000,9999.000,9999.000,9999.000
202603161536,   0.210,   0.488,9999.000,9999.000,9999.000,9999.000,9999.000,9999.000,9999.000
202603161542,   0.224,   0.518,9999.000,9999.000,9999.000,9999.000,9999.000,9999.000,9999.000
202603161548,   0.239,   0.560,9999.000,9999.000,9999.000,9999.000,9999.000,9999.000,9999.000
202603161554,   0.254,   0.551,9999.000,9999.000,9999.000,9999.000,9999.000,9999.000,9999.000
202603161600,   0.269,   0.580,   0.400,  -0.089,   0.580,   0.300,   0.480,   0.400,   0.580
202603161606,   0.285,   0.580,9999.000,9999.000,9999.000,9999.000,9999.000,9999.000,9999.000
202603161612,   0.300,   0.570,9999.000,9999.000,9999.000,9999.000,9999.000,9999.000,9999.000
202603161618,   0.316,   0.498,9999.000,9999.000,9999.000,9999.000,9999.000,9999.000,9999.000
202603161624,   0.332,   0.649,9999.000,9999.000,9999.000,9999.000,9999.000,9999.000,9999.000
202603161630,   0.348,   0.639,9999.000,9999.000,9999.000,9999.000,9999.000,9999.000,9999.000
202603161636,   0.364,   0.560,9999.000,9999.000,9999.000,9999.000,9999.000,9999.000,9999.000
202603161642,   0.380,   0.669,9999.000,9999.000,9999.000,9999.000,9999.000,9999.000,9999.000
202603161648,   0.396,   0.639,9999.000,9999.000,9999.000,9999.000,9999.000,9999.000,9999.000
202603161654,   0.412,   0.698,9999.000,9999.000,9999.000,9999.000,9999.000,9999.000,9999.000
202603161700,   0.428,   0.629,   0.400,  -0.199,   0.629,   0.300,   0.529,   0.400,   0.629
202603161706,   0.443,   0.600,9999.000,9999.000,9999.000,9999.000,9999.000,9999.000,9999.000
202603161712,   0.458,   0.629,9999.000,9999.000,9999.000,9999.000,9999.000,9999.000,9999.000
202603161718,   0.474,   0.649,9999.000,9999.000,9999.000,9999.000,9999.000,9999.000,9999.000
202603161724,   0.488,   0.698,9999.000,9999.000,9999.000,9999.000,9999.000,9999.000,9999.000
202603161730,   0.503,   0.741,9999.000,9999.000,9999.000,9999.000,9999.000,9999.000,9999.000
202603161736,   0.517,   0.708,9999.000,9999.000,9999.000,9999.000,9999.000,9999.000,9999.000
202603161742,   0.531,   0.741,9999.000,9999.000,9999.000,9999.000,9999.000,9999.000,9999.000
202603161748,   0.545,   0.760,9999.000,9999.000,9999.000,9999.000,9999.000,9999.000,9999.000
202603161754,   0.558,   0.819,9999.000,9999.000,9999.000,9999.000,9999.000,9999.000,9999.000
202603161800,   0.571,   0.869,   0.200,   0.098,   0.869,   0.100,   0.769,   0.200,   0.869
202603161806,   0.583,   0.918,9999.000,9999.000,9999.000,9999.000,9999.000,9999.000,9999.000
202603161812,   0.595,   0.980,9999.000,9999.000,9999.000,9999.000,9999.000,9999.000,9999.000
202603161818,   0.607,   0.980,9999.000,9999.000,9999.000,9999.000,9999.000,9999.000,9999.000
202603161824,   0.618,   0.990,9999.000,9999.000,9999.000,9999.000,9999.000,9999.000,9999.000
202603161830,   0.628,   0.990,9999.000,9999.000,9999.000,9999.000,9999.000,9999.000,9999.000
202603161836,   0.638,   0.980,9999.000,9999.000,9999.000,9999.000,9999.000,9999.000,9999.000
202603161842,   0.648,   1.020,9999.000,9999.000,9999.000,9999.000,9999.000,9999.000,9999.000
202603161848,   0.657,   1.000,9999.000,9999.000,9999.000,9999.000,9999.000,9999.000,9999.000
202603161854,   0.666,   1.020,9999.000,9999.000,9999.000,9999.000,9999.000,9999.000,9999.000
202603161900,   0.674,   1.049,   0.100,   0.275,   1.049,   0.100,   1.049,   0.200,   1.149
202603161906,   0.682,   1.059,9999.000,9999.000,9999.000,9999.000,9999.000,9999.000,9999.000
202603161912,   0.690,   1.138,9999.000,9999.000,9999.000,9999.000,9999.000,9999.000,9999.000
202603161918,   0.697,   1.210,9999.000,9999.000,9999.000,9999.000,9999.000,9999.000,9999.000
202603161924,   0.703,   1.289,9999.000,9999.000,9999.000,9999.000,9999.000,9999.000,9999.000
202603161930,   0.709,   1.161,9999.000,9999.000,9999.000,9999.000,9999.000,9999.000,9999.000
202603161936,   0.715,   0.849,9999.000,9999.000,9999.000,9999.000,9999.000,9999.000,9999.000
202603161942,   0.720,   1.039,9999.000,9999.000,9999.000,9999.000,9999.000,9999.000,9999.000
202603161948,   0.725,   1.151,9999.000,9999.000,9999.000,9999.000,9999.000,9999.000,9999.000
202603161954,   0.730,   1.079,9999.000,9999.000,9999.000,9999.000,9999.000,9999.000,9999.000
202603162000,   0.734,   1.180,   0.100,   0.346,   1.180,   0.100,   1.180,   0.200,   1.280
202603162006,   0.738,   1.229,9999.000,9999.000,9999.000,9999.000,9999.000,9999.000,9999.000
202603162012,   0.741,   1.200,9999.000,9999.000,9999.000,9999.000,9999.000,9999.000,9999.000
202603162018,   0.744,   1.079,9999.000,9999.000,9999.000,9999.000,9999.000,9999.000,9999.000
202603162024,   0.747,   1.151,9999.000,9999.000,9999.000,9999.000,9999.000,9999.000,9999.000
202603162030,   0.750,   1.138,9999.000,9999.000,9999.000,9999.000,9999.000,9999.000,9999.000
202603162036,   0.752,   1.098,9999.000,9999.000,9999.000,9999.000,9999.000,9999.000,9999.000
202603162042,   0.754,   1.118,9999.000,9999.000,9999.000,9999.000,9999.000,9999.000,9999.000
202603162048,   0.756,   1.079,9999.000,9999.000,9999.000,9999.000,9999.000,9999.000,9999.000
202603162054,   0.757,   1.088,9999.000,9999.000,9999.000,9999.000,9999.000,9999.000,9999.000
202603162100,   0.758,   1.079,   0.100,   0.221,   1.079,   0.100,   1.079,   0.200,   1.179
202603162106,   0.759,   1.138,9999.000,9999.000,9999.000,9999.000,9999.000,9999.000,9999.000
202603162112,   0.760,   1.138,9999.000,9999.000,9999.000,9999.000,9999.000,9999.000,9999.000
202603162118,   0.761,   1.200,9999.000,9999.000,9999.000,9999.000,9999.000,9999.000,9999.000
202603162124,   0.761,   1.118,9999.000,9999.000,9999.000,9999.000,9999.000,9999.000,9999.000
202603162130,   0.761,   1.079,9999.000,9999.000,9999.000,9999.000,9999.000,9999.000,9999.000
202603162136,   0.762,   1.029,9999.000,9999.000,9999.000,9999.000,9999.000,9999.000,9999.000
202603162142,   0.762,   1.069,9999.000,9999.000,9999.000,9999.000,9999.000,9999.000,9999.000
202603162148,   0.761,   1.138,9999.000,9999.000,9999.000,9999.000,9999.000,9999.000,9999.000
202603162154,   0.761,   1.118,9999.000,9999.000,9999.000,9999.000,9999.000,9999.000,9999.000
202603162200,   0.761,   1.161,   0.200,   0.200,   1.161,   0.100,   1.061,   0.200,   1.161
202603162206,   0.760,   1.151,9999.000,9999.000,9999.000,9999.000,9999.000,9999.000,9999.000
202603162212,   0.760,   1.161,9999.000,9999.000,9999.000,9999.000,9999.000,9999.000,9999.000
202603162218,   0.759,   1.118,9999.000,9999.000,9999.000,9999.000,9999.000,9999.000,9999.000
202603162224,   0.758,   1.059,9999.000,9999.000,9999.000,9999.000,9999.000,9999.000,9999.000
202603162230,   0.757,   1.108,9999.000,9999.000,9999.000,9999.000,9999.000,9999.000,9999.000
202603162236,   0.756,   1.029,9999.000,9999.000,9999.000,9999.000,9999.000,9999.000,9999.000
202603162242,   0.755,   1.029,9999.000,9999.000,9999.000,9999.000,9999.000,9999.000,9999.000
202603162248,   0.754,   1.088,9999.000,9999.000,9999.000,9999.000,9999.000,9999.000,9999.000
202603162254,   0.753,   1.098,9999.000,9999.000,9999.000,9999.000,9999.000,9999.000,9999.000
202603162300,   0.752,   1.118,   0.200,   0.166,   1.118,   0.200,   1.118,   0.200,   1.118
202603162306,   0.751,   1.151,9999.000,9999.000,9999.000,9999.000,9999.000,9999.000,9999.000
202603162312,   0.749,   1.200,9999.000,9999.000,9999.000,9999.000,9999.000,9999.000,9999.000
202603162318,   0.748,   1.138,9999.000,9999.000,9999.000,9999.000,9999.000,9999.000,9999.000
202603162324,   0.747,   1.151,9999.000,9999.000,9999.000,9999.000,9999.000,9999.000,9999.000
202603162330,   0.746,   1.138,9999.000,9999.000,9999.000,9999.000,9999.000,9999.000,9999.000
202603162336,   0.744,   1.128,9999.000,9999.000,9999.000,9999.000,9999.000,9999.000,9999.000
202603162342,   0.743,   1.069,9999.000,9999.000,9999.000,9999.000,9999.000,9999.000,9999.000
202603162348,   0.742,   1.069,9999.000,9999.000,9999.000,9999.000,9999.000,9999.000,9999.000
202603162354,   0.741,   1.138,9999.000,9999.000,9999.000,9999.000,9999.000,9999.000,9999.000
202603170000,   0.740,   1.098,   0.100,   0.258,   1.098,   0.100,   1.098,   0.100,   1.098
202603170006,   0.739,   1.108,9999.000,9999.000,9999.000,9999.000,9999.000,9999.000,9999.000
202603170012,   0.737,   1.098,9999.000,9999.000,9999.000,9999.000,9999.000,9999.000,9999.000
202603170018,   0.736,   1.108,9999.000,9999.000,9999.000,9999.000,9999.000,9999.000,9999.000
202603170024,   0.736,   1.138,9999.000,9999.000,9999.000,9999.000,9999.000,9999.000,9999.000
202603170030,   0.735,   1.138,9999.000,9999.000,9999.000,9999.000,9999.000,9999.000,9999.000
202603170036,   0.734,   1.180,9999.000,9999.000,9999.000,9999.000,9999.000,9999.000,9999.000
202603170042,   0.733,   0.849,9999.000,9999.000,9999.000,9999.000,9999.000,9999.000,9999.000
202603170048,   0.733,   0.541,9999.000,9999.000,9999.000,9999.000,9999.000,9999.000,9999.000
202603170054,   0.733,   0.970,9999.000,9999.000,9999.000,9999.000,9999.000,9999.000,9999.000
202603170100,   0.732,   1.010,   0.100,   0.178,   1.010,   0.000,   0.910,   0.100,   1.010
202603170106,   0.732,   1.010,9999.000,9999.000,9999.000,9999.000,9999.000,9999.000,9999.000
202603170112,   0.732,   1.180,9999.000,9999.000,9999.000,9999.000,9999.000,9999.000,9999.000
202603170118,   0.733,   1.161,9999.000,9999.000,9999.000,9999.000,9999.000,9999.000,9999.000
202603170124,   0.733,   1.138,9999.000,9999.000,9999.000,9999.000,9999.000,9999.000,9999.000
202603170130,   0.734,   1.128,9999.000,9999.000,9999.000,9999.000,9999.000,9999.000,9999.000
202603170136,   0.735,   1.079,9999.000,9999.000,9999.000,9999.000,9999.000,9999.000,9999.000
202603170142,   0.736,   1.029,9999.000,9999.000,9999.000,9999.000,9999.000,9999.000,9999.000
202603170148,   0.737,   1.088,9999.000,9999.000,9999.000,9999.000,9999.000,9999.000,9999.000
202603170154,   0.738,   1.079,9999.000,9999.000,9999.000,9999.000,9999.000,9999.000,9999.000
202603170200,   0.740,   1.118,   0.000,   0.378,   1.118,   0.000,   1.118,   0.100,   1.218
202603170206,   0.742,   1.180,9999.000,9999.000,9999.000,9999.000,9999.000,9999.000,9999.000
202603170212,   0.744,   1.200,9999.000,9999.000,9999.000,9999.000,9999.000,9999.000,9999.000
202603170218,   0.747,   1.190,9999.000,9999.000,9999.000,9999.000,9999.000,9999.000,9999.000
202603170224,   0.749,   1.180,9999.000,9999.000,9999.000,9999.000,9999.000,9999.000,9999.000
202603170230,   0.752,   1.118,9999.000,9999.000,9999.000,9999.000,9999.000,9999.000,9999.000
202603170236,   0.755,   1.088,9999.000,9999.000,9999.000,9999.000,9999.000,9999.000,9999.000
202603170242,   0.758,   1.069,9999.000,9999.000,9999.000,9999.000,9999.000,9999.000,9999.000
202603170248,   0.762,   1.049,9999.000,9999.000,9999.000,9999.000,9999.000,9999.000,9999.000
202603170254,   0.765,   1.059,9999.000,9999.000,9999.000,9999.000,9999.000,9999.000,9999.000
202603170300,   0.769,   1.039,   0.000,   0.270,   1.039,   0.000,   1.039,   0.100,   1.139
202603170306,   0.773,   1.069,9999.000,9999.000,9999.000,9999.000,9999.000,9999.000,9999.000
202603170312,   0.777,   1.059,9999.000,9999.000,9999.000,9999.000,9999.000,9999.000,9999.000
202603170318,   0.782,   1.059,9999.000,9999.000,9999.000,9999.000,9999.000,9999.000,9999.000
202603170324,   0.786,   1.020,9999.000,9999.000,9999.000,9999.000,9999.000,9999.000,9999.000
202603170330,   0.791,   1.020,9999.000,9999.000,9999.000,9999.000,9999.000,9999.000,9999.000
202603170336,   0.796,   0.990,9999.000,9999.000,9999.000,9999.000,9999.000,9999.000,9999.000
202603170342,   0.801,   0.951,9999.000,9999.000,9999.000,9999.000,9999.000,9999.000,9999.000
202603170348,   0.805,   0.961,9999.000,9999.000,9999.000,9999.000,9999.000,9999.000,9999.000
202603170354,   0.810,   1.000,9999.000,9999.000,9999.000,9999.000,9999.000,9999.000,9999.000
202603170400,   0.815,   1.029,   0.000,   0.214,   1.029,   0.000,   1.029,   0.100,   1.129
202603170406,   0.820,   1.059,9999.000,9999.000,9999.000,9999.000,9999.000,9999.000,9999.000
202603170412,   0.825,   1.069,9999.000,9999.000,9999.000,9999.000,9999.000,9999.000,9999.000
202603170418,   0.830,   1.049,9999.000,9999.000,9999.000,9999.000,9999.000,9999.000,9999.000
202603170424,   0.835,   1.039,9999.000,9999.000,9999.000,9999.000,9999.000,9999.000,9999.000
202603170430,   0.840,   1.039,9999.000,9999.000,9999.000,9999.000,9999.000,9999.000,9999.000
202603170436,   0.845,   1.039,9999.000,9999.000,9999.000,9999.000,9999.000,9999.000,9999.000
202603170442,   0.849,   1.079,9999.000,9999.000,9999.000,9999.000,9999.000,9999.000,9999.000
202603170448,   0.854,   1.138,9999.000,9999.000,9999.000,9999.000,9999.000,9999.000,9999.000
202603170454,   0.858,   1.170,9999.000,9999.000,9999.000,9999.000,9999.000,9999.000,9999.000
202603170500,   0.862,   1.200,   0.000,   0.338,   1.200,   0.000,   1.200,   0.100,   1.300
202603170506,   0.866,   1.170,9999.000,9999.000,9999.000,9999.000,9999.000,9999.000,9999.000
202603170512,   0.869,   1.138,9999.000,9999.000,9999.000,9999.000,9999.000,9999.000,9999.000
202603170518,   0.872,   1.108,9999.000,9999.000,9999.000,9999.000,9999.000,9999.000,9999.000
202603170524,   0.875,   1.098,9999.000,9999.000,9999.000,9999.000,9999.000,9999.000,9999.000
202603170530,   0.878,   1.118,9999.000,9999.000,9999.000,9999.000,9999.000,9999.000,9999.000
202603170536,   0.880,   1.138,9999.000,9999.000,9999.000,9999.000,9999.000,9999.000,9999.000
202603170542,   0.882,   1.151,9999.000,9999.000,9999.000,9999.000,9999.000,9999.000,9999.000
202603170548,   0.884,   1.151,9999.000,9999.000,9999.000,9999.000,9999.000,9999.000,9999.000
202603170554,   0.885,   1.239,9999.000,9999.000,9999.000,9999.000,9999.000,9999.000,9999.000
202603170600,   0.885,   0.669,   0.000,  -0.216,   0.669,   0.000,   0.669,   0.000,   0.669
202603170606,   0.885,   0.941,9999.000,9999.000,9999.000,9999.000,9999.000,9999.000,9999.000
202603170612,   0.885,   1.180,9999.000,9999.000,9999.000,9999.000,9999.000,9999.000,9999.000
202603170618,   0.884,   1.200,9999.000,9999.000,9999.000,9999.000,9999.000,9999.000,9999.000
202603170624,   0.883,   1.161,9999.000,9999.000,9999.000,9999.000,9999.000,9999.000,9999.000
202603170630,   0.882,   1.138,9999.000,9999.000,9999.000,9999.000,9999.000,9999.000,9999.000
202603170636,   0.879,   1.151,9999.000,9999.000,9999.000,9999.000,9999.000,9999.000,9999.000
202603170642,   0.877,   1.151,9999.000,9999.000,9999.000,9999.000,9999.000,9999.000,9999.000
202603170648,   0.874,   1.161,9999.000,9999.000,9999.000,9999.000,9999.000,9999.000,9999.000
202603170654,   0.870,   1.170,9999.000,9999.000,9999.000,9999.000,9999.000,9999.000,9999.000
202603170700,   0.866,   1.161,   0.000,   0.295,   1.161,   0.000,   1.161,   0.000,   1.161
202603170706,   0.861,   1.170,9999.000,9999.000,9999.000,9999.000,9999.000,9999.000,9999.000
202603170712,   0.856,   1.170,9999.000,9999.000,9999.000,9999.000,9999.000,9999.000,9999.000
202603170718,   0.850,   1.161,9999.000,9999.000,9999.000,9999.000,9999.000,9999.000,9999.000
202603170724,   0.844,   1.128,9999.000,9999.000,9999.000,9999.000,9999.000,9999.000,9999.000
202603170730,   0.837,   1.098,9999.000,9999.000,9999.000,9999.000,9999.000,9999.000,9999.000
202603170736,   0.830,   1.049,9999.000,9999.000,9999.000,9999.000,9999.000,9999.000,9999.000
202603170742,   0.822,   1.020,9999.000,9999.000,9999.000,9999.000,9999.000,9999.000,9999.000
202603170748,   0.814,   1.029,9999.000,9999.000,9999.000,9999.000,9999.000,9999.000,9999.000
202603170754,   0.806,   1.059,9999.000,9999.000,9999.000,9999.000,9999.000,9999.000,9999.000
202603170800,   0.797,   1.059,   0.000,   0.262,   1.059,   0.000,   1.059,   0.000,   1.059
202603170806,   0.787,   1.059,9999.000,9999.000,9999.000,9999.000,9999.000,9999.000,9999.000
202603170812,   0.777,   1.079,9999.000,9999.000,9999.000,9999.000,9999.000,9999.000,9999.000
202603170818,   0.767,   1.039,9999.000,9999.000,9999.000,9999.000,9999.000,9999.000,9999.000
202603170824,   0.756,   1.010,9999.000,9999.000,9999.000,9999.000,9999.000,9999.000,9999.000
202603170830,   0.745,   1.010,9999.000,9999.000,9999.000,9999.000,9999.000,9999.000,9999.000
202603170836,   0.734,   1.020,9999.000,9999.000,9999.000,9999.000,9999.000,9999.000,9999.000
202603170842,   0.722,   1.000,9999.000,9999.000,9999.000,9999.000,9999.000,9999.000,9999.000
202603170848,   0.710,   0.990,9999.000,9999.000,9999.000,9999.000,9999.000,9999.000,9999.000
202603170854,   0.698,   0.941,9999.000,9999.000,9999.000,9999.000,9999.000,9999.000,9999.000
202603170900,   0.685,   0.879,   0.000,   0.194,   0.879,   0.000,   0.879,   0.000,   0.879
202603170906,   0.673,   0.810,9999.000,9999.000,9999.000,9999.000,9999.000,9999.000,9999.000
202603170912,   0.659,   0.780,9999.000,9999.000,9999.000,9999.000,9999.000,9999.000,9999.000
202603170918,   0.646,   0.751,9999.000,9999.000,9999.000,9999.000,9999.000,9999.000,9999.000
202603170924,   0.633,   0.731,9999.000,9999.000,9999.000,9999.000,9999.000,9999.000,9999.000
202603170930,   0.619,   0.698,9999.000,9999.000,9999.000,9999.000,9999.000,9999.000,9999.000
202603170936,   0.605,   0.760,9999.000,9999.000,9999.000,9999.000,9999.000,9999.000,9999.000
202603170942,   0.591,   0.751,9999.000,9999.000,9999.000,9999.000,9999.000,9999.000,9999.000
202603170948,   0.577,   0.531,9999.000,9999.000,9999.000,9999.000,9999.000,9999.000,9999.000
202603170954,   0.563,   0.649,9999.000,9999.000,9999.000,9999.000,9999.000,9999.000,9999.000
202603171000,   0.548,   0.780,   0.000,   0.232,   0.780,   0.000,   0.780,   0.000,   0.780
202603171006,   0.534,   0.751,9999.000,9999.000,9999.000,9999.000,9999.000,9999.000,9999.000
202603171012,   0.520,   0.718,9999.000,9999.000,9999.000,9999.000,9999.000,9999.000,9999.000
202603171018,   0.505,   0.688,9999.000,9999.000,9999.000,9999.000,9999.000,9999.000,9999.000
202603171024,   0.491,   0.678,9999.000,9999.000,9999.000,9999.000,9999.000,9999.000,9999.000
202603171030,   0.476,   0.619,9999.000,9999.000,9999.000,9999.000,9999.000,9999.000,9999.000
202603171036,   0.462,   0.590,9999.000,9999.000,9999.000,9999.000,9999.000,9999.000,9999.000
202603171042,   0.448,   0.570,9999.000,9999.000,9999.000,9999.000,9999.000,9999.000,9999.000
202603171048,   0.433,   0.580,9999.000,9999.000,9999.000,9999.000,9999.000,9999.000,9999.000
202603171054,   0.419,   0.551,9999.000,9999.000,9999.000,9999.000,9999.000,9999.000,9999.000
202603171100,   0.405,   0.541,   0.000,   0.136,   0.541,   0.000,   0.541,   0.000,   0.541
202603171106,   0.391,   0.541,9999.000,9999.000,9999.000,9999.000,9999.000,9999.000,9999.000
202603171112,   0.377,   0.508,9999.000,9999.000,9999.000,9999.000,9999.000,9999.000,9999.000
202603171118,   0.364,   0.629,9999.000,9999.000,9999.000,9999.000,9999.000,9999.000,9999.000
202603171124,   0.351,   0.518,9999.000,9999.000,9999.000,9999.000,9999.000,9999.000,9999.000
202603171130,   0.337,   0.488,9999.000,9999.000,9999.000,9999.000,9999.000,9999.000,9999.000
202603171136,   0.324,   0.531,9999.000,9999.000,9999.000,9999.000,9999.000,9999.000,9999.000
202603171142,   0.312,   0.469,9999.000,9999.000,9999.000,9999.000,9999.000,9999.000,9999.000
202603171148,   0.299,   0.400,9999.000,9999.000,9999.000,9999.000,9999.000,9999.000,9999.000
202603171154,   0.287,   0.439,9999.000,9999.000,9999.000,9999.000,9999.000,9999.000,9999.000
202603171200,   0.276,   0.469,   0.100,   0.093,   0.469,   0.100,   0.469,   0.200,   0.569
202603171206,   0.264,   0.478,9999.000,9999.000,9999.000,9999.000,9999.000,9999.000,9999.000
202603171212,   0.253,   0.370,9999.000,9999.000,9999.000,9999.000,9999.000,9999.000,9999.000
202603171218,   0.243,   0.390,9999.000,9999.000,9999.000,9999.000,9999.000,9999.000,9999.000
202603171224,   0.232,   0.429,9999.000,9999.000,9999.000,9999.000,9999.000,9999.000,9999.000
202603171230,   0.223,   0.370,9999.000,9999.000,9999.000,9999.000,9999.000,9999.000,9999.000
202603171236,   0.213,   0.331,9999.000,9999.000,9999.000,9999.000,9999.000,9999.000,9999.000
202603171242,   0.204,   0.370,9999.000,9999.000,9999.000,9999.000,9999.000,9999.000,9999.000
202603171248,   0.196,   0.350,9999.000,9999.000,9999.000,9999.000,9999.000,9999.000,9999.000
202603171254,   0.188,   0.321,9999.000,9999.000,9999.000,9999.000,9999.000,9999.000,9999.000
202603171300,   0.181,   0.298,   0.100,   0.017,   0.298,   0.100,   0.298,   0.200,   0.398
202603171306,   0.174,   0.308,9999.000,9999.000,9999.000,9999.000,9999.000,9999.000,9999.000
202603171312,   0.168,   0.288,9999.000,9999.000,9999.000,9999.000,9999.000,9999.000,9999.000
202603171318,   0.162,   0.288,9999.000,9999.000,9999.000,9999.000,9999.000,9999.000,9999.000
202603171324,   0.157,   0.229,9999.000,9999.000,9999.000,9999.000,9999.000,9999.000,9999.000
202603171330,   0.152,   0.229,9999.000,9999.000,9999.000,9999.000,9999.000,9999.000,9999.000
202603171336,   0.148,   0.209,9999.000,9999.000,9999.000,9999.000,9999.000,9999.000,9999.000
202603171342,   0.145,   0.219,9999.000,9999.000,9999.000,9999.000,9999.000,9999.000,9999.000
202603171348,   0.143,   0.249,9999.000,9999.000,9999.000,9999.000,9999.000,9999.000,9999.000
202603171354,   0.141,   0.229,9999.000,9999.000,9999.000,9999.000,9999.000,9999.000,9999.000
202603171400,   0.139,   0.288,   0.100,   0.049,   0.288,   0.100,   0.288,   0.200,   0.388
202603171406,   0.139,  -0.068,9999.000,9999.000,9999.000,9999.000,9999.000,9999.000,9999.000
202603171412,   0.139,  -0.141,9999.000,9999.000,9999.000,9999.000,9999.000,9999.000,9999.000
202603171418,   0.140,   0.200,9999.000,9999.000,9999.000,9999.000,9999.000,9999.000,9999.000
202603171424,   0.141,   0.200,9999.000,9999.000,9999.000,9999.000,9999.000,9999.000,9999.000
202603171430,   0.144,   0.098,9999.000,9999.000,9999.000,9999.000,9999.000,9999.000,9999.000
202603171436,   0.146,   0.150,9999.000,9999.000,9999.000,9999.000,9999.000,9999.000,9999.000
202603171442,   0.150,   0.141,9999.000,9999.000,9999.000,9999.000,9999.000,9999.000,9999.000
202603171448,   0.154,   0.039,9999.000,9999.000,9999.000,9999.000,9999.000,9999.000,9999.000
202603171454,   0.159,   0.098,9999.000,9999.000,9999.000,9999.000,9999.000,9999.000,9999.000
202603171500,   0.165,   0.141,   0.100,  -0.124,   0.141,   0.100,   0.141,   0.200,   0.241
202603171506,   0.171,   0.098,9999.000,9999.000,9999.000,9999.000,9999.000,9999.000,9999.000
202603171512,   0.178,   0.059,9999.000,9999.000,9999.000,9999.000,9999.000,9999.000,9999.000
202603171518,   0.186,   0.088,9999.000,9999.000,9999.000,9999.000,9999.000,9999.000,9999.000
202603171524,   0.194,   0.121,9999.000,9999.000,9999.000,9999.000,9999.000,9999.000,9999.000
202603171530,   0.203,   0.068,9999.000,9999.000,9999.000,9999.000,9999.000,9999.000,9999.000
202603171536,   0.212,   0.078,9999.000,9999.000,9999.000,9999.000,9999.000,9999.000,9999.000
202603171542,   0.222,   0.121,9999.000,9999.000,9999.000,9999.000,9999.000,9999.000,9999.000
202603171548,   0.233,   0.078,9999.000,9999.000,9999.000,9999.000,9999.000,9999.000,9999.000
202603171554,   0.244,   0.039,9999.000,9999.000,9999.000,9999.000,9999.000,9999.000,9999.000
202603171600,   0.255,   0.098,   0.100,  -0.257,   0.098,   0.100,   0.098,   0.100,   0.098
202603171606,   0.267,   0.088,9999.000,9999.000,9999.000,9999.000,9999.000,9999.000,9999.000
202603171612,   0.280,   0.209,9999.000,9999.000,9999.000,9999.000,9999.000,9999.000,9999.000
202603171618,   0.292,   0.239,9999.000,9999.000,9999.000,9999.000,9999.000,9999.000,9999.000
202603171624,   0.306,   0.239,9999.000,9999.000,9999.000,9999.000,9999.000,9999.000,9999.000
202603171630,   0.319,   0.288,9999.000,9999.000,9999.000,9999.000,9999.000,9999.000,9999.000
202603171636,   0.333,   0.331,9999.000,9999.000,9999.000,9999.000,9999.000,9999.000,9999.000
202603171642,   0.347,   0.409,9999.000,9999.000,9999.000,9999.000,9999.000,9999.000,9999.000
202603171648,   0.361,   0.409,9999.000,9999.000,9999.000,9999.000,9999.000,9999.000,9999.000
202603171654,   0.375,   0.429,9999.000,9999.000,9999.000,9999.000,9999.000,9999.000,9999.000
202603171700,   0.390,   0.419,   0.100,  -0.071,   0.419,   0.100,   0.419,   0.100,   0.419
202603171706,   0.404,   0.400,9999.000,9999.000,9999.000,9999.000,9999.000,9999.000,9999.000
202603171712,   0.419,   0.409,9999.000,9999.000,9999.000,9999.000,9999.000,9999.000,9999.000
202603171718,   0.434,   0.459,9999.000,9999.000,9999.000,9999.000,9999.000,9999.000,9999.000
202603171724,   0.448,   0.600,9999.000,9999.000,9999.000,9999.000,9999.000,9999.000,9999.000
202603171730,   0.463,   0.121,9999.000,9999.000,9999.000,9999.000,9999.000,9999.000,9999.000
202603171736,   0.477,   0.449,9999.000,9999.000,9999.000,9999.000,9999.000,9999.000,9999.000
202603171742,   0.492,   0.570,9999.000,9999.000,9999.000,9999.000,9999.000,9999.000,9999.000
202603171748,   0.506,   0.610,9999.000,9999.000,9999.000,9999.000,9999.000,9999.000,9999.000
202603171754,   0.520,   0.678,9999.000,9999.000,9999.000,9999.000,9999.000,9999.000,9999.000
202603171800,   0.533,   0.590,   0.100,  -0.043,   0.590,   0.100,   0.590,   0.200,   0.690
202603171806,   0.547,   0.531,9999.000,9999.000,9999.000,9999.000,9999.000,9999.000,9999.000
202603171812,   0.560,   0.508,9999.000,9999.000,9999.000,9999.000,9999.000,9999.000,9999.000
202603171818,   0.573,   0.429,9999.000,9999.000,9999.000,9999.000,9999.000,9999.000,9999.000
202603171824,   0.585,   0.439,9999.000,9999.000,9999.000,9999.000,9999.000,9999.000,9999.000
202603171830,   0.597,   0.508,9999.000,9999.000,9999.000,9999.000,9999.000,9999.000,9999.000
202603171836,   0.609,   0.639,9999.000,9999.000,9999.000,9999.000,9999.000,9999.000,9999.000
202603171842,   0.620,   0.639,9999.000,9999.000,9999.000,9999.000,9999.000,9999.000,9999.000
202603171848,   0.630,   0.580,9999.000,9999.000,9999.000,9999.000,9999.000,9999.000,9999.000
202603171854,   0.641,   0.590,9999.000,9999.000,9999.000,9999.000,9999.000,9999.000,9999.000
202603171900,   0.650,   0.541,   0.100,  -0.209,   0.541,   0.100,   0.541,   0.200,   0.641
202603171906,   0.660,   0.551,9999.000,9999.000,9999.000,9999.000,9999.000,9999.000,9999.000
202603171912,   0.668,   0.649,9999.000,9999.000,9999.000,9999.000,9999.000,9999.000,9999.000
202603171918,   0.676,   0.570,9999.000,9999.000,9999.000,9999.000,9999.000,9999.000,9999.000
202603171924,   0.684,   0.610,9999.000,9999.000,9999.000,9999.000,9999.000,9999.000,9999.000
202603171930,   0.691,   0.669,9999.000,9999.000,9999.000,9999.000,9999.000,9999.000,9999.000
202603171936,   0.698,   0.629,9999.000,9999.000,9999.000,9999.000,9999.000,9999.000,9999.000
202603171942,   0.703,   0.688,9999.000,9999.000,9999.000,9999.000,9999.000,9999.000,9999.000
202603171948,   0.709,   0.698,9999.000,9999.000,9999.000,9999.000,9999.000,9999.000,9999.000
202603171954,   0.714,   0.649,9999.000,9999.000,9999.000,9999.000,9999.000,9999.000,9999.000
202603172000,   0.718,   0.600,   0.100,  -0.218,   0.600,   0.100,   0.600,   0.200,   0.700
202603172006,   0.722,   0.610,9999.000,9999.000,9999.000,9999.000,9999.000,9999.000,9999.000
202603172012,   0.725,   0.600,9999.000,9999.000,9999.000,9999.000,9999.000,9999.000,9999.000
202603172018,   0.728,   0.619,9999.000,9999.000,9999.000,9999.000,9999.000,9999.000,9999.000
202603172024,   0.730,   0.610,9999.000,9999.000,9999.000,9999.000,9999.000,9999.000,9999.000
202603172030,   0.732,   0.810,9999.000,9999.000,9999.000,9999.000,9999.000,9999.000,9999.000
202603172036,   0.733,   0.731,9999.000,9999.000,9999.000,9999.000,9999.000,9999.000,9999.000
202603172042,   0.733,   0.770,9999.000,9999.000,9999.000,9999.000,9999.000,9999.000,9999.000
202603172048,   0.734,   0.800,9999.000,9999.000,9999.000,9999.000,9999.000,9999.000,9999.000
202603172054,   0.734,   0.780,9999.000,9999.000,9999.000,9999.000,9999.000,9999.000,9999.000
202603172100,   0.733,   0.731,   0.100,  -0.102,   0.731,   0.100,   0.731,   0.200,   0.831
202603172106,   0.732,   0.731,9999.000,9999.000,9999.000,9999.000,9999.000,9999.000,9999.000
202603172112,   0.731,   0.678,9999.000,9999.000,9999.000,9999.000,9999.000,9999.000,9999.000
202603172118,   0.729,   0.708,9999.000,9999.000,9999.000,9999.000,9999.000,9999.000,9999.000
202603172124,   0.727,   0.741,9999.000,9999.000,9999.000,9999.000,9999.000,9999.000,9999.000
202603172130,   0.725,   0.770,9999.000,9999.000,9999.000,9999.000,9999.000,9999.000,9999.000
202603172136,   0.722,   0.770,9999.000,9999.000,9999.000,9999.000,9999.000,9999.000,9999.000
202603172142,   0.719,   0.780,9999.000,9999.000,9999.000,9999.000,9999.000,9999.000,9999.000
202603172148,   0.716,   0.760,9999.000,9999.000,9999.000,9999.000,9999.000,9999.000,9999.000
202603172154,   0.713,   0.751,9999.000,9999.000,9999.000,9999.000,9999.000,9999.000,9999.000
202603172200,   0.709,   0.760,   0.100,  -0.049,   0.760,   0.100,   0.760,   0.200,   0.860
202603172206,   0.706,   0.790,9999.000,9999.000,9999.000,9999.000,9999.000,9999.000,9999.000
202603172212,   0.702,   0.800,9999.000,9999.000,9999.000,9999.000,9999.000,9999.000,9999.000
202603172218,   0.698,   0.829,9999.000,9999.000,9999.000,9999.000,9999.000,9999.000,9999.000
202603172224,   0.693,   0.829,9999.000,9999.000,9999.000,9999.000,9999.000,9999.000,9999.000
202603172230,   0.689,   0.829,9999.000,9999.000,9999.000,9999.000,9999.000,9999.000,9999.000
202603172236,   0.685,   0.810,9999.000,9999.000,9999.000,9999.000,9999.000,9999.000,9999.000
202603172242,   0.680,   0.800,9999.000,9999.000,9999.000,9999.000,9999.000,9999.000,9999.000
202603172248,   0.676,   0.770,9999.000,9999.000,9999.000,9999.000,9999.000,9999.000,9999.000
202603172254,   0.672,   0.770,9999.000,9999.000,9999.000,9999.000,9999.000,9999.000,9999.000
202603172300,   0.667,   0.751,   0.100,  -0.016,   0.751,   0.100,   0.751,   0.200,   0.851
202603172306,   0.663,   0.751,9999.000,9999.000,9999.000,9999.000,9999.000,9999.000,9999.000
202603172312,   0.658,   0.741,9999.000,9999.000,9999.000,9999.000,9999.000,9999.000,9999.000
202603172318,   0.654,   0.780,9999.000,9999.000,9999.000,9999.000,9999.000,9999.000,9999.000
202603172324,   0.650,   0.790,9999.000,9999.000,9999.000,9999.000,9999.000,9999.000,9999.000
202603172330,   0.645,   0.770,9999.000,9999.000,9999.000,9999.000,9999.000,9999.000,9999.000
202603172336,   0.641,   0.751,9999.000,9999.000,9999.000,9999.000,9999.000,9999.000,9999.000
202603172342,   0.637,   0.741,9999.000,9999.000,9999.000,9999.000,9999.000,9999.000,9999.000
202603172348,   0.633,   0.718,9999.000,9999.000,9999.000,9999.000,9999.000,9999.000,9999.000
202603172354,   0.629,   0.744,9999.000,9999.000,9999.000,9999.000,9999.000,9999.000,9999.000
202603180000,   0.625,   0.708,   0.100,  -0.017,   0.708,   0.100,   0.708,   0.100,   0.708
202603180006,   0.621,   0.731,9999.000,9999.000,9999.000,9999.000,9999.000,9999.000,9999.000
202603180012,   0.618,   0.731,9999.000,9999.000,9999.000,9999.000,9999.000,9999.000,9999.000
202603180018,   0.614,   0.760,9999.000,9999.000,9999.000,9999.000,9999.000,9999.000,9999.000
202603180024,   0.611,   0.760,9999.000,9999.000,9999.000,9999.000,9999.000,9999.000,9999.000
202603180030,   0.608,   0.741,9999.000,9999.000,9999.000,9999.000,9999.000,9999.000,9999.000
202603180036,   0.605,   0.708,9999.000,9999.000,9999.000,9999.000,9999.000,9999.000,9999.000
202603180042,   0.603,   0.688,9999.000,9999.000,9999.000,9999.000,9999.000,9999.000,9999.000
202603180048,   0.600,   0.639,9999.000,9999.000,9999.000,9999.000,9999.000,9999.000,9999.000
202603180054,   0.598,   0.629,9999.000,9999.000,9999.000,9999.000,9999.000,9999.000,9999.000
202603180100,   0.596,   0.649,   0.100,  -0.047,   0.649,   0.100,   0.649,   0.100,   0.649
202603180106,   0.594,   0.649,9999.000,9999.000,9999.000,9999.000,9999.000,9999.000,9999.000
202603180112,   0.593,   0.669,9999.000,9999.000,9999.000,9999.000,9999.000,9999.000,9999.000
202603180118,   0.592,   0.669,9999.000,9999.000,9999.000,9999.000,9999.000,9999.000,9999.000
202603180124,   0.591,   0.659,9999.000,9999.000,9999.000,9999.000,9999.000,9999.000,9999.000
202603180130,   0.590,   0.659,9999.000,9999.000,9999.000,9999.000,9999.000,9999.000,9999.000
202603180136,   0.590,   0.698,9999.000,9999.000,9999.000,9999.000,9999.000,9999.000,9999.000
202603180142,   0.589,   0.741,9999.000,9999.000,9999.000,9999.000,9999.000,9999.000,9999.000
202603180148,   0.590,   0.770,9999.000,9999.000,9999.000,9999.000,9999.000,9999.000,9999.000
202603180154,   0.590,   0.770,9999.000,9999.000,9999.000,9999.000,9999.000,9999.000,9999.000
202603180200,   0.591,   0.780,   0.100,   0.089,   0.780,   0.100,   0.780,   0.100,   0.780
202603180206,   0.592,   0.770,9999.000,9999.000,9999.000,9999.000,9999.000,9999.000,9999.000
202603180212,   0.594,   0.760,9999.000,9999.000,9999.000,9999.000,9999.000,9999.000,9999.000
202603180218,   0.595,   0.770,9999.000,9999.000,9999.000,9999.000,9999.000,9999.000,9999.000
202603180224,   0.597,   0.770,9999.000,9999.000,9999.000,9999.000,9999.000,9999.000,9999.000
202603180230,   0.600,   0.790,9999.000,9999.000,9999.000,9999.000,9999.000,9999.000,9999.000
202603180236,   0.603,   0.780,9999.000,9999.000,9999.000,9999.000,9999.000,9999.000,9999.000
202603180242,   0.606,   0.810,9999.000,9999.000,9999.000,9999.000,9999.000,9999.000,9999.000
202603180248,   0.609,   0.800,9999.000,9999.000,9999.000,9999.000,9999.000,9999.000,9999.000
202603180254,   0.613,   0.810,9999.000,9999.000,9999.000,9999.000,9999.000,9999.000,9999.000
202603180300,   0.617,   0.810,   0.100,   0.093,   0.810,   0.100,   0.810,   0.100,   0.810
202603180306,   0.622,   0.819,9999.000,9999.000,9999.000,9999.000,9999.000,9999.000,9999.000
202603180312,   0.626,   0.829,9999.000,9999.000,9999.000,9999.000,9999.000,9999.000,9999.000
202603180318,   0.632,   0.859,9999.000,9999.000,9999.000,9999.000,9999.000,9999.000,9999.000
202603180324,   0.637,   0.879,9999.000,9999.000,9999.000,9999.000,9999.000,9999.000,9999.000
202603180330,   0.643,   0.908,9999.000,9999.000,9999.000,9999.000,9999.000,9999.000,9999.000
202603180336,   0.650,   0.941,9999.000,9999.000,9999.000,9999.000,9999.000,9999.000,9999.000
202603180342,   0.655,   0.859,9999.000,9999.000,9999.000,9999.000,9999.000,9999.000,9999.000
202603180348,   0.662,   0.928,9999.000,9999.000,9999.000,9999.000,9999.000,9999.000,9999.000
202603180354,   0.669,   0.928,9999.000,9999.000,9999.000,9999.000,9999.000,9999.000,9999.000
202603180400,   0.676,   0.898,   0.100,   0.122,   0.898,   0.100,   0.898,   0.100,   0.898
202603180406,   0.684,   0.941,9999.000,9999.000,9999.000,9999.000,9999.000,9999.000,9999.000
202603180412,   0.691,   0.941,9999.000,9999.000,9999.000,9999.000,9999.000,9999.000,9999.000
202603180418,   0.699,   0.961,9999.000,9999.000,9999.000,9999.000,9999.000,9999.000,9999.000
202603180424,   0.708,   0.951,9999.000,9999.000,9999.000,9999.000,9999.000,9999.000,9999.000
202603180430,   0.716,   0.980,9999.000,9999.000,9999.000,9999.000,9999.000,9999.000,9999.000
202603180436,   0.724,   0.970,9999.000,9999.000,9999.000,9999.000,9999.000,9999.000,9999.000
202603180442,   0.733,   1.010,9999.000,9999.000,9999.000,9999.000,9999.000,9999.000,9999.000
202603180448,   0.741,   1.010,9999.000,9999.000,9999.000,9999.000,9999.000,9999.000,9999.000
202603180454,   0.750,   1.000,9999.000,9999.000,9999.000,9999.000,9999.000,9999.000,9999.000
202603180500,   0.759,   1.020,   0.100,   0.161,   1.020,   0.100,   1.020,   0.100,   1.020
202603180506,   0.768,   1.049,9999.000,9999.000,9999.000,9999.000,9999.000,9999.000,9999.000
202603180512,   0.777,   1.079,9999.000,9999.000,9999.000,9999.000,9999.000,9999.000,9999.000
202603180518,   0.785,   1.069,9999.000,9999.000,9999.000,9999.000,9999.000,9999.000,9999.000
202603180524,   0.794,   1.029,9999.000,9999.000,9999.000,9999.000,9999.000,9999.000,9999.000
202603180530,   0.802,   1.029,9999.000,9999.000,9999.000,9999.000,9999.000,9999.000,9999.000
202603180536,   0.811,   1.029,9999.000,9999.000,9999.000,9999.000,9999.000,9999.000,9999.000
202603180542,   0.819,   1.059,9999.000,9999.000,9999.000,9999.000,9999.000,9999.000,9999.000
202603180548,   0.827,   1.098,9999.000,9999.000,9999.000,9999.000,9999.000,9999.000,9999.000
202603180554,   0.835,   1.098,9999.000,9999.000,9999.000,9999.000,9999.000,9999.000,9999.000
202603180600,   0.843,   1.088,   0.000,   0.245,   1.088,   0.000,   1.088,   0.000,   1.088
202603180606,   0.850,   1.079,9999.000,9999.000,9999.000,9999.000,9999.000,9999.000,9999.000
202603180612,   0.857,   1.059,9999.000,9999.000,9999.000,9999.000,9999.000,9999.000,9999.000
202603180618,   0.863,   1.079,9999.000,9999.000,9999.000,9999.000,9999.000,9999.000,9999.000
202603180624,   0.870,   1.069,9999.000,9999.000,9999.000,9999.000,9999.000,9999.000,9999.000
202603180630,   0.875,   1.098,9999.000,9999.000,9999.000,9999.000,9999.000,9999.000,9999.000
202603180636,   0.881,   1.108,9999.000,9999.000,9999.000,9999.000,9999.000,9999.000,9999.000
202603180642,   0.886,   1.098,9999.000,9999.000,9999.000,9999.000,9999.000,9999.000,9999.000
202603180648,   0.890,   1.118,9999.000,9999.000,9999.000,9999.000,9999.000,9999.000,9999.000
202603180654,   0.894,   1.138,9999.000,9999.000,9999.000,9999.000,9999.000,9999.000,9999.000
202603180700,   0.898,   1.151,   0.000,   0.253,   1.151,   0.000,   1.151,   0.000,   1.151
202603180706,   0.901,   1.170,9999.000,9999.000,9999.000,9999.000,9999.000,9999.000,9999.000
202603180712,   0.903,   1.180,9999.000,9999.000,9999.000,9999.000,9999.000,9999.000,9999.000
202603180718,   0.905,   1.170,9999.000,9999.000,9999.000,9999.000,9999.000,9999.000,9999.000
202603180724,   0.906,   1.170,9999.000,9999.000,9999.000,9999.000,9999.000,9999.000,9999.000
202603180730,   0.907,   1.161,9999.000,9999.000,9999.000,9999.000,9999.000,9999.000,9999.000
202603180736,   0.907,   1.151,9999.000,9999.000,9999.000,9999.000,9999.000,9999.000,9999.000
202603180742,   0.906,   1.161,9999.000,9999.000,9999.000,9999.000,9999.000,9999.000,9999.000
202603180748,   0.905,   1.161,9999.000,9999.000,9999.000,9999.000,9999.000,9999.000,9999.000
202603180754,   0.903,   1.161,9999.000,9999.000,9999.000,9999.000,9999.000,9999.000,9999.000
202603180800,   0.901,   1.170,   0.000,   0.269,   1.170,   0.000,   1.170,   0.000,   1.170
202603180806,   0.898,   1.180,9999.000,9999.000,9999.000,9999.000,9999.000,9999.000,9999.000
202603180812,   0.894,   1.180,9999.000,9999.000,9999.000,9999.000,9999.000,9999.000,9999.000
202603180818,   0.890,   1.170,9999.000,9999.000,9999.000,9999.000,9999.000,9999.000,9999.000
202603180824,   0.885,   1.170,9999.000,9999.000,9999.000,9999.000,9999.000,9999.000,9999.000
202603180830,   0.880,   1.170,9999.000,9999.000,9999.000,9999.000,9999.000,9999.000,9999.000
202603180836,   0.874,   1.239,9999.000,9999.000,9999.000,9999.000,9999.000,9999.000,9999.000
202603180842,   0.867,   1.239,9999.000,9999.000,9999.000,9999.000,9999.000,9999.000,9999.000
202603180848,   0.860,   1.279,9999.000,9999.000,9999.000,9999.000,9999.000,9999.000,9999.000
202603180854,   0.853,   1.190,9999.000,9999.000,9999.000,9999.000,9999.000,9999.000,9999.000
202603180900,   0.845,   1.170,   0.000,   0.325,   1.170,   0.000,   1.170,   0.000,   1.170
202603180906,   0.836,   1.180,9999.000,9999.000,9999.000,9999.000,9999.000,9999.000,9999.000
202603180912,   0.827,   1.170,9999.000,9999.000,9999.000,9999.000,9999.000,9999.000,9999.000
202603180918,   0.818,   1.170,9999.000,9999.000,9999.000,9999.000,9999.000,9999.000,9999.000
202603180924,   0.808,   1.180,9999.000,9999.000,9999.000,9999.000,9999.000,9999.000,9999.000
202603180930,   0.798,   1.161,9999.000,9999.000,9999.000,9999.000,9999.000,9999.000,9999.000
202603180936,   0.787,   1.138,9999.000,9999.000,9999.000,9999.000,9999.000,9999.000,9999.000
202603180942,   0.776,   1.108,9999.000,9999.000,9999.000,9999.000,9999.000,9999.000,9999.000
202603180948,   0.765,   1.069,9999.000,9999.000,9999.000,9999.000,9999.000,9999.000,9999.000
202603180954,   0.753,   1.079,9999.000,9999.000,9999.000,9999.000,9999.000,9999.000,9999.000
202603181000,   0.741,   1.049,   0.000,   0.308,   1.049,   0.000,   1.049,   0.000,   1.049
202603181006,   0.729,   1.069,9999.000,9999.000,9999.000,9999.000,9999.000,9999.000,9999.000
202603181012,   0.717,   1.059,9999.000,9999.000,9999.000,9999.000,9999.000,9999.000,9999.000
202603181018,   0.704,   1.098,9999.000,9999.000,9999.000,9999.000,9999.000,9999.000,9999.000
202603181024,   0.691,   1.128,9999.000,9999.000,9999.000,9999.000,9999.000,9999.000,9999.000
202603181030,   0.679,   1.108,9999.000,9999.000,9999.000,9999.000,9999.000,9999.000,9999.000
202603181036,   0.666,   1.079,9999.000,9999.000,9999.000,9999.000,9999.000,9999.000,9999.000
202603181042,   0.653,   1.069,9999.000,9999.000,9999.000,9999.000,9999.000,9999.000,9999.000
202603181048,   0.640,   0.908,9999.000,9999.000,9999.000,9999.000,9999.000,9999.000,9999.000
202603181054,   0.626,   0.970,9999.000,9999.000,9999.000,9999.000,9999.000,9999.000,9999.000
202603181100,   0.613,   0.941,   0.000,   0.328,   0.941,   0.000,   0.941,   0.100,   1.041
202603181106,   0.600,   0.908,9999.000,9999.000,9999.000,9999.000,9999.000,9999.000,9999.000
202603181112,   0.587,   0.928,9999.000,9999.000,9999.000,9999.000,9999.000,9999.000,9999.000
202603181118,   0.574,   1.020,9999.000,9999.000,9999.000,9999.000,9999.000,9999.000,9999.000
202603181124,   0.561,   1.000,9999.000,9999.000,9999.000,9999.000,9999.000,9999.000,9999.000
202603181130,   0.548,   1.029,9999.000,9999.000,9999.000,9999.000,9999.000,9999.000,9999.000
202603181136,   0.536,   0.941,9999.000,9999.000,9999.000,9999.000,9999.000,9999.000,9999.000
202603181142,   0.523,   0.829,9999.000,9999.000,9999.000,9999.000,9999.000,9999.000,9999.000
202603181148,   0.510,   0.718,9999.000,9999.000,9999.000,9999.000,9999.000,9999.000,9999.000
202603181154,   0.498,9999.000,9999.000,9999.000,9999.000,9999.000,9999.000,9999.000,9999.000
202603181200,   0.486,9999.000,   0.000,   0.306,   0.792,   0.000,   0.792,   0.100,   0.892
202603181206,   0.474,9999.000,9999.000,9999.000,9999.000,9999.000,9999.000,9999.000,9999.000
202603181212,   0.463,9999.000,9999.000,9999.000,9999.000,9999.000,9999.000,9999.000,9999.000
202603181218,   0.451,9999.000,9999.000,9999.000,9999.000,9999.000,9999.000,9999.000,9999.000
202603181224,   0.440,9999.000,9999.000,9999.000,9999.000,9999.000,9999.000,9999.000,9999.000
202603181230,   0.429,9999.000,9999.000,9999.000,9999.000,9999.000,9999.000,9999.000,9999.000
202603181236,   0.419,9999.000,9999.000,9999.000,9999.000,9999.000,9999.000,9999.000,9999.000
202603181242,   0.408,9999.000,9999.000,9999.000,9999.000,9999.000,9999.000,9999.000,9999.000
202603181248,   0.398,9999.000,9999.000,9999.000,9999.000,9999.000,9999.000,9999.000,9999.000
202603181254,   0.389,9999.000,9999.000,9999.000,9999.000,9999.000,9999.000,9999.000,9999.000
202603181300,   0.379,9999.000,   0.000,   0.284,   0.663,   0.000,   0.663,   0.100,   0.763
202603181306,   0.370,9999.000,9999.000,9999.000,9999.000,9999.000,9999.000,9999.000,9999.000
202603181312,   0.362,9999.000,9999.000,9999.000,9999.000,9999.000,9999.000,9999.000,9999.000
202603181318,   0.353,9999.000,9999.000,9999.000,9999.000,9999.000,9999.000,9999.000,9999.000
202603181324,   0.346,9999.000,9999.000,9999.000,9999.000,9999.000,9999.000,9999.000,9999.000
202603181330,   0.338,9999.000,9999.000,9999.000,9999.000,9999.000,9999.000,9999.000,9999.000
202603181336,   0.331,9999.000,9999.000,9999.000,9999.000,9999.000,9999.000,9999.000,9999.000
202603181342,   0.325,9999.000,9999.000,9999.000,9999.000,9999.000,9999.000,9999.000,9999.000
202603181348,   0.318,9999.000,9999.000,9999.000,9999.000,9999.000,9999.000,9999.000,9999.000
202603181354,   0.313,9999.000,9999.000,9999.000,9999.000,9999.000,9999.000,9999.000,9999.000
202603181400,   0.308,9999.000,   0.000,   0.262,   0.570,   0.000,   0.570,   0.000,   0.570
202603181406,   0.303,9999.000,9999.000,9999.000,9999.000,9999.000,9999.000,9999.000,9999.000
202603181412,   0.299,9999.000,9999.000,9999.000,9999.000,9999.000,9999.000,9999.000,9999.000
202603181418,   0.295,9999.000,9999.000,9999.000,9999.000,9999.000,9999.000,9999.000,9999.000
202603181424,   0.292,9999.000,9999.000,9999.000,9999.000,9999.000,9999.000,9999.000,9999.000
202603181430,   0.289,9999.000,9999.000,9999.000,9999.000,9999.000,9999.000,9999.000,9999.000
202603181436,   0.287,9999.000,9999.000,9999.000,9999.000,9999.000,9999.000,9999.000,9999.000
202603181442,   0.286,9999.000,9999.000,9999.000,9999.000,9999.000,9999.000,9999.000,9999.000
202603181448,   0.285,9999.000,9999.000,9999.000,9999.000,9999.000,9999.000,9999.000,9999.000
202603181454,   0.284,9999.000,9999.000,9999.000,9999.000,9999.000,9999.000,9999.000,9999.000
202603181500,   0.284,9999.000,   0.000,   0.240,   0.524,   0.000,   0.524,   0.000,   0.524
202603181506,   0.285,9999.000,9999.000,9999.000,9999.000,9999.000,9999.000,9999.000,9999.000
202603181512,   0.286,9999.000,9999.000,9999.000,9999.000,9999.000,9999.000,9999.000,9999.000
202603181518,   0.288,9999.000,9999.000,9999.000,9999.000,9999.000,9999.000,9999.000,9999.000
202603181524,   0.291,9999.000,9999.000,9999.000,9999.000,9999.000,9999.000,9999.000,9999.000
202603181530,   0.294,9999.000,9999.000,9999.000,9999.000,9999.000,9999.000,9999.000,9999.000
202603181536,   0.297,9999.000,9999.000,9999.000,9999.000,9999.000,9999.000,9999.000,9999.000
202603181542,   0.301,9999.000,9999.000,9999.000,9999.000,9999.000,9999.000,9999.000,9999.000
202603181548,   0.306,9999.000,9999.000,9999.000,9999.000,9999.000,9999.000,9999.000,9999.000
202603181554,   0.312,9999.000,9999.000,9999.000,9999.000,9999.000,9999.000,9999.000,9999.000
202603181600,   0.318,9999.000,   0.000,   0.218,   0.536,   0.000,   0.536,   0.000,   0.536
202603181606,   0.324,9999.000,9999.000,9999.000,9999.000,9999.000,9999.000,9999.000,9999.000
202603181612,   0.331,9999.000,9999.000,9999.000,9999.000,9999.000,9999.000,9999.000,9999.000
202603181618,   0.339,9999.000,9999.000,9999.000,9999.000,9999.000,9999.000,9999.000,9999.000
202603181624,   0.347,9999.000,9999.000,9999.000,9999.000,9999.000,9999.000,9999.000,9999.000
202603181630,   0.355,9999.000,9999.000,9999.000,9999.000,9999.000,9999.000,9999.000,9999.000
202603181636,   0.364,9999.000,9999.000,9999.000,9999.000,9999.000,9999.000,9999.000,9999.000
202603181642,   0.374,9999.000,9999.000,9999.000,9999.000,9999.000,9999.000,9999.000,9999.000
202603181648,   0.384,9999.000,9999.000,9999.000,9999.000,9999.000,9999.000,9999.000,9999.000
202603181654,   0.394,9999.000,9999.000,9999.000,9999.000,9999.000,9999.000,9999.000,9999.000
202603181700,   0.405,9999.000,   0.000,   0.196,   0.601,   0.000,   0.601,   0.000,   0.601
202603181706,   0.416,9999.000,9999.000,9999.000,9999.000,9999.000,9999.000,9999.000,9999.000
202603181712,   0.427,9999.000,9999.000,9999.000,9999.000,9999.000,9999.000,9999.000,9999.000
202603181718,   0.439,9999.000,9999.000,9999.000,9999.000,9999.000,9999.000,9999.000,9999.000
202603181724,   0.451,9999.000,9999.000,9999.000,9999.000,9999.000,9999.000,9999.000,9999.000
202603181730,   0.463,9999.000,9999.000,9999.000,9999.000,9999.000,9999.000,9999.000,9999.000
202603181736,   0.475,9999.000,9999.000,9999.000,9999.000,9999.000,9999.000,9999.000,9999.000
202603181742,   0.488,9999.000,9999.000,9999.000,9999.000,9999.000,9999.000,9999.000,9999.000
202603181748,   0.500,9999.000,9999.000,9999.000,9999.000,9999.000,9999.000,9999.000,9999.000
202603181754,   0.513,9999.000,9999.000,9999.000,9999.000,9999.000,9999.000,9999.000,9999.000
202603181800,   0.526,9999.000,   0.000,   0.174,   0.700,   0.000,   0.700,   0.000,   0.700
202603181806,   0.538,9999.000,9999.000,9999.000,9999.000,9999.000,9999.000,9999.000,9999.000
202603181812,   0.551,9999.000,9999.000,9999.000,9999.000,9999.000,9999.000,9999.000,9999.000
202603181818,   0.563,9999.000,9999.000,9999.000,9999.000,9999.000,9999.000,9999.000,9999.000
202603181824,   0.575,9999.000,9999.000,9999.000,9999.000,9999.000,9999.000,9999.000,9999.000
202603181830,   0.587,9999.000,9999.000,9999.000,9999.000,9999.000,9999.000,9999.000,9999.000
202603181836,   0.599,9999.000,9999.000,9999.000,9999.000,9999.000,9999.000,9999.000,9999.000
202603181842,   0.611,9999.000,9999.000,9999.000,9999.000,9999.000,9999.000,9999.000,9999.000
202603181848,   0.622,9999.000,9999.000,9999.000,9999.000,9999.000,9999.000,9999.000,9999.000
202603181854,   0.633,9999.000,9999.000,9999.000,9999.000,9999.000,9999.000,9999.000,9999.000
202603181900,   0.643,9999.000,   0.000,   0.152,   0.795,   0.000,   0.795,   0.000,   0.795
202603181906,   0.654,9999.000,9999.000,9999.000,9999.000,9999.000,9999.000,9999.000,9999.000
202603181912,   0.663,9999.000,9999.000,9999.000,9999.000,9999.000,9999.000,9999.000,9999.000
202603181918,   0.672,9999.000,9999.000,9999.000,9999.000,9999.000,9999.000,9999.000,9999.000
202603181924,   0.681,9999.000,9999.000,9999.000,9999.000,9999.000,9999.000,9999.000,9999.000
202603181930,   0.689,9999.000,9999.000,9999.000,9999.000,9999.000,9999.000,9999.000,9999.000
202603181936,   0.697,9999.000,9999.000,9999.000,9999.000,9999.000,9999.000,9999.000,9999.000
202603181942,   0.704,9999.000,9999.000,9999.000,9999.000,9999.000,9999.000,9999.000,9999.000
202603181948,   0.710,9999.000,9999.000,9999.000,9999.000,9999.000,9999.000,9999.000,9999.000
202603181954,   0.716,9999.000,9999.000,9999.000,9999.000,9999.000,9999.000,9999.000,9999.000
202603182000,   0.721,9999.000,   0.000,   0.130,   0.851,   0.000,   0.851,   0.000,   0.851
202603182006,   0.725,9999.000,9999.000,9999.000,9999.000,9999.000,9999.000,9999.000,9999.000
202603182012,   0.729,9999.000,9999.000,9999.000,9999.000,9999.000,9999.000,9999.000,9999.000
202603182018,   0.732,9999.000,9999.000,9999.000,9999.000,9999.000,9999.000,9999.000,9999.000
202603182024,   0.735,9999.000,9999.000,9999.000,9999.000,9999.000,9999.000,9999.000,9999.000
202603182030,   0.736,9999.000,9999.000,9999.000,9999.000,9999.000,9999.000,9999.000,9999.000
202603182036,   0.737,9999.000,9999.000,9999.000,9999.000,9999.000,9999.000,9999.000,9999.000
202603182042,   0.738,9999.000,9999.000,9999.000,9999.000,9999.000,9999.000,9999.000,9999.000
202603182048,   0.738,9999.000,9999.000,9999.000,9999.000,9999.000,9999.000,9999.000,9999.000
202603182054,   0.737,9999.000,9999.000,9999.000,9999.000,9999.000,9999.000,9999.000,9999.000
202603182100,   0.735,9999.000,   0.000,   0.108,   0.843,   0.000,   0.843,   0.000,   0.843
202603182106,   0.733,9999.000,9999.000,9999.000,9999.000,9999.000,9999.000,9999.000,9999.000
202603182112,   0.731,9999.000,9999.000,9999.000,9999.000,9999.000,9999.000,9999.000,9999.000
202603182118,   0.727,9999.000,9999.000,9999.000,9999.000,9999.000,9999.000,9999.000,9999.000
202603182124,   0.724,9999.000,9999.000,9999.000,9999.000,9999.000,9999.000,9999.000,9999.000
202603182130,   0.719,9999.000,9999.000,9999.000,9999.000,9999.000,9999.000,9999.000,9999.000
202603182136,   0.714,9999.000,9999.000,9999.000,9999.000,9999.000,9999.000,9999.000,9999.000
202603182142,   0.709,9999.000,9999.000,9999.000,9999.000,9999.000,9999.000,9999.000,9999.000
202603182148,   0.703,9999.000,9999.000,9999.000,9999.000,9999.000,9999.000,9999.000,9999.000
202603182154,   0.697,9999.000,9999.000,9999.000,9999.000,9999.000,9999.000,9999.000,9999.000
202603182200,   0.691,9999.000,   0.000,   0.085,   0.776,   0.000,   0.776,   0.000,   0.776
202603182206,   0.684,9999.000,9999.000,9999.000,9999.000,9999.000,9999.000,9999.000,9999.000
202603182212,   0.676,9999.000,9999.000,9999.000,9999.000,9999.000,9999.000,9999.000,9999.000
202603182218,   0.669,9999.000,9999.000,9999.000,9999.000,9999.000,9999.000,9999.000,9999.000
202603182224,   0.661,9999.000,9999.000,9999.000,9999.000,9999.000,9999.000,9999.000,9999.000
202603182230,   0.653,9999.000,9999.000,9999.000,9999.000,9999.000,9999.000,9999.000,9999.000
202603182236,   0.645,9999.000,9999.000,9999.000,9999.000,9999.000,9999.000,9999.000,9999.000
202603182242,   0.636,9999.000,9999.000,9999.000,9999.000,9999.000,9999.000,9999.000,9999.000
202603182248,   0.628,9999.000,9999.000,9999.000,9999.000,9999.000,9999.000,9999.000,9999.000
202603182254,   0.619,9999.000,9999.000,9999.000,9999.000,9999.000,9999.000,9999.000,9999.000
202603182300,   0.610,9999.000,   0.000,   0.063,   0.673,   0.000,   0.673,   0.000,   0.673
202603182306,   0.602,9999.000,9999.000,9999.000,9999.000,9999.000,9999.000,9999.000,9999.000
202603182312,   0.593,9999.000,9999.000,9999.000,9999.000,9999.000,9999.000,9999.000,9999.000
202603182318,   0.584,9999.000,9999.000,9999.000,9999.000,9999.000,9999.000,9999.000,9999.000
202603182324,   0.575,9999.000,9999.000,9999.000,9999.000,9999.000,9999.000,9999.000,9999.000
202603182330,   0.567,9999.000,9999.000,9999.000,9999.000,9999.000,9999.000,9999.000,9999.000
202603182336,   0.558,9999.000,9999.000,9999.000,9999.000,9999.000,9999.000,9999.000,9999.000
202603182342,   0.550,9999.000,9999.000,9999.000,9999.000,9999.000,9999.000,9999.000,9999.000
202603182348,   0.541,9999.000,9999.000,9999.000,9999.000,9999.000,9999.000,9999.000,9999.000
202603182354,   0.533,9999.000,9999.000,9999.000,9999.000,9999.000,9999.000,9999.000,9999.000
202603190000,   0.525,9999.000,   0.000,   0.063,   0.588,   0.000,   0.588,   0.000,   0.588
202603190006,   0.517,9999.000,9999.000,9999.000,9999.000,9999.000,9999.000,9999.000,9999.000
202603190012,   0.510,9999.000,9999.000,9999.000,9999.000,9999.000,9999.000,9999.000,9999.000
202603190018,   0.502,9999.000,9999.000,9999.000,9999.000,9999.000,9999.000,9999.000,9999.000
202603190024,   0.495,9999.000,9999.000,9999.000,9999.000,9999.000,9999.000,9999.000,9999.000
202603190030,   0.489,9999.000,9999.000,9999.000,9999.000,9999.000,9999.000,9999.000,9999.000
202603190036,   0.482,9999.000,9999.000,9999.000,9999.000,9999.000,9999.000,9999.000,9999.000
202603190042,   0.476,9999.000,9999.000,9999.000,9999.000,9999.000,9999.000,9999.000,9999.000
202603190048,   0.470,9999.000,9999.000,9999.000,9999.000,9999.000,9999.000,9999.000,9999.000
202603190054,   0.464,9999.000,9999.000,9999.000,9999.000,9999.000,9999.000,9999.000,9999.000
202603190100,   0.459,9999.000,   0.000,   0.063,   0.522,   0.000,   0.522,   0.000,   0.522
202603190106,   0.454,9999.000,9999.000,9999.000,9999.000,9999.000,9999.000,9999.000,9999.000
202603190112,   0.449,9999.000,9999.000,9999.000,9999.000,9999.000,9999.000,9999.000,9999.000
202603190118,   0.445,9999.000,9999.000,9999.000,9999.000,9999.000,9999.000,9999.000,9999.000
202603190124,   0.441,9999.000,9999.000,9999.000,9999.000,9999.000,9999.000,9999.000,9999.000
202603190130,   0.437,9999.000,9999.000,9999.000,9999.000,9999.000,9999.000,9999.000,9999.000
202603190136,   0.434,9999.000,9999.000,9999.000,9999.000,9999.000,9999.000,9999.000,9999.000
202603190142,   0.431,9999.000,9999.000,9999.000,9999.000,9999.000,9999.000,9999.000,9999.000
202603190148,   0.428,9999.000,9999.000,9999.000,9999.000,9999.000,9999.000,9999.000,9999.000
202603190154,   0.426,9999.000,9999.000,9999.000,9999.000,9999.000,9999.000,9999.000,9999.000
202603190200,   0.424,9999.000,   0.000,   0.063,   0.487,   0.000,   0.487,   0.000,   0.487
202603190206,   0.423,9999.000,9999.000,9999.000,9999.000,9999.000,9999.000,9999.000,9999.000
202603190212,   0.422,9999.000,9999.000,9999.000,9999.000,9999.000,9999.000,9999.000,9999.000
202603190218,   0.421,9999.000,9999.000,9999.000,9999.000,9999.000,9999.000,9999.000,9999.000
202603190224,   0.421,9999.000,9999.000,9999.000,9999.000,9999.000,9999.000,9999.000,9999.000
202603190230,   0.421,9999.000,9999.000,9999.000,9999.000,9999.000,9999.000,9999.000,9999.000
202603190236,   0.422,9999.000,9999.000,9999.000,9999.000,9999.000,9999.000,9999.000,9999.000
202603190242,   0.423,9999.000,9999.000,9999.000,9999.000,9999.000,9999.000,9999.000,9999.000
202603190248,   0.424,9999.000,9999.000,9999.000,9999.000,9999.000,9999.000,9999.000,9999.000
202603190254,   0.426,9999.000,9999.000,9999.000,9999.000,9999.000,9999.000,9999.000,9999.000
202603190300,   0.429,9999.000,   0.000,   0.063,   0.492,   0.000,   0.492,   0.000,   0.492
202603190306,   0.432,9999.000,9999.000,9999.000,9999.000,9999.000,9999.000,9999.000,9999.000
202603190312,   0.435,9999.000,9999.000,9999.000,9999.000,9999.000,9999.000,9999.000,9999.000
202603190318,   0.439,9999.000,9999.000,9999.000,9999.000,9999.000,9999.000,9999.000,9999.000
202603190324,   0.443,9999.000,9999.000,9999.000,9999.000,9999.000,9999.000,9999.000,9999.000
202603190330,   0.448,9999.000,9999.000,9999.000,9999.000,9999.000,9999.000,9999.000,9999.000
202603190336,   0.453,9999.000,9999.000,9999.000,9999.000,9999.000,9999.000,9999.000,9999.000
202603190342,   0.459,9999.000,9999.000,9999.000,9999.000,9999.000,9999.000,9999.000,9999.000
202603190348,   0.465,9999.000,9999.000,9999.000,9999.000,9999.000,9999.000,9999.000,9999.000
202603190354,   0.472,9999.000,9999.000,9999.000,9999.000,9999.000,9999.000,9999.000,9999.000
202603190400,   0.479,9999.000,   0.000,   0.063,   0.542,   0.000,   0.542,   0.000,   0.542
202603190406,   0.486,9999.000,9999.000,9999.000,9999.000,9999.000,9999.000,9999.000,9999.000
202603190412,   0.494,9999.000,9999.000,9999.000,9999.000,9999.000,9999.000,9999.000,9999.000
202603190418,   0.503,9999.000,9999.000,9999.000,9999.000,9999.000,9999.000,9999.000,9999.000
202603190424,   0.512,9999.000,9999.000,9999.000,9999.000,9999.000,9999.000,9999.000,9999.000
202603190430,   0.521,9999.000,9999.000,9999.000,9999.000,9999.000,9999.000,9999.000,9999.000
202603190436,   0.531,9999.000,9999.000,9999.000,9999.000,9999.000,9999.000,9999.000,9999.000
202603190442,   0.541,9999.000,9999.000,9999.000,9999.000,9999.000,9999.000,9999.000,9999.000
202603190448,   0.551,9999.000,9999.000,9999.000,9999.000,9999.000,9999.000,9999.000,9999.000
202603190454,   0.562,9999.000,9999.000,9999.000,9999.000,9999.000,9999.000,9999.000,9999.000
202603190500,   0.574,9999.000,   0.000,   0.063,   0.637,   0.000,   0.637,   0.000,   0.637
202603190506,   0.585,9999.000,9999.000,9999.000,9999.000,9999.000,9999.000,9999.000,9999.000
202603190512,   0.597,9999.000,9999.000,9999.000,9999.000,9999.000,9999.000,9999.000,9999.000
202603190518,   0.610,9999.000,9999.000,9999.000,9999.000,9999.000,9999.000,9999.000,9999.000
202603190524,   0.622,9999.000,9999.000,9999.000,9999.000,9999.000,9999.000,9999.000,9999.000
202603190530,   0.635,9999.000,9999.000,9999.000,9999.000,9999.000,9999.000,9999.000,9999.000
202603190536,   0.648,9999.000,9999.000,9999.000,9999.000,9999.000,9999.000,9999.000,9999.000
202603190542,   0.661,9999.000,9999.000,9999.000,9999.000,9999.000,9999.000,9999.000,9999.000
202603190548,   0.674,9999.000,9999.000,9999.000,9999.000,9999.000,9999.000,9999.000,9999.000
202603190554,   0.687,9999.000,9999.000,9999.000,9999.000,9999.000,9999.000,9999.000,9999.000
202603190600,   0.701,9999.000,   0.000,   0.063,   0.764,   0.000,   0.764,   0.000,   0.764
202603190606,   0.714,9999.000,9999.000,9999.000,9999.000,9999.000,9999.000,9999.000,9999.000
202603190612,   0.728,9999.000,9999.000,9999.000,9999.000,9999.000,9999.000,9999.000,9999.000
202603190618,   0.741,9999.000,9999.000,9999.000,9999.000,9999.000,9999.000,9999.000,9999.000
202603190624,   0.754,9999.000,9999.000,9999.000,9999.000,9999.000,9999.000,9999.000,9999.000
202603190630,   0.767,9999.000,9999.000,9999.000,9999.000,9999.000,9999.000,9999.000,9999.000
202603190636,   0.780,9999.000,9999.000,9999.000,9999.000,9999.000,9999.000,9999.000,9999.000
202603190642,   0.793,9999.000,9999.000,9999.000,9999.000,9999.000,9999.000,9999.000,9999.000
202603190648,   0.805,9999.000,9999.000,9999.000,9999.000,9999.000,9999.000,9999.000,9999.000
202603190654,   0.817,9999.000,9999.000,9999.000,9999.000,9999.000,9999.000,9999.000,9999.000
202603190700,   0.829,9999.000,   0.000,   0.063,   0.892,   0.000,   0.892,   0.000,   0.892
202603190706,   0.840,9999.000,9999.000,9999.000,9999.000,9999.000,9999.000,9999.000,9999.000
202603190712,   0.851,9999.000,9999.000,9999.000,9999.000,9999.000,9999.000,9999.000,9999.000
202603190718,   0.862,9999.000,9999.000,9999.000,9999.000,9999.000,9999.000,9999.000,9999.000
202603190724,   0.872,9999.000,9999.000,9999.000,9999.000,9999.000,9999.000,9999.000,9999.000
202603190730,   0.881,9999.000,9999.000,9999.000,9999.000,9999.000,9999.000,9999.000,9999.000
202603190736,   0.890,9999.000,9999.000,9999.000,9999.000,9999.000,9999.000,9999.000,9999.000
202603190742,   0.898,9999.000,9999.000,9999.000,9999.000,9999.000,9999.000,9999.000,9999.000
202603190748,   0.906,9999.000,9999.000,9999.000,9999.000,9999.000,9999.000,9999.000,9999.000
202603190754,   0.913,9999.000,9999.000,9999.000,9999.000,9999.000,9999.000,9999.000,9999.000
202603190800,   0.920,9999.000,   0.000,   0.063,   0.983,   0.000,   0.983,   0.000,   0.983
202603190806,   0.925,9999.000,9999.000,9999.000,9999.000,9999.000,9999.000,9999.000,9999.000
202603190812,   0.930,9999.000,9999.000,9999.000,9999.000,9999.000,9999.000,9999.000,9999.000
202603190818,   0.935,9999.000,9999.000,9999.000,9999.000,9999.000,9999.000,9999.000,9999.000
202603190824,   0.938,9999.000,9999.000,9999.000,9999.000,9999.000,9999.000,9999.000,9999.000
202603190830,   0.941,9999.000,9999.000,9999.000,9999.000,9999.000,9999.000,9999.000,9999.000
202603190836,   0.943,9999.000,9999.000,9999.000,9999.000,9999.000,9999.000,9999.000,9999.000
202603190842,   0.945,9999.000,9999.000,9999.000,9999.000,9999.000,9999.000,9999.000,9999.000
202603190848,   0.945,9999.000,9999.000,9999.000,9999.000,9999.000,9999.000,9999.000,9999.000
202603190854,   0.945,9999.000,9999.000,9999.000,9999.000,9999.000,9999.000,9999.000,9999.000
202603190900,   0.945,9999.000,   0.000,   0.063,   1.008,   0.000,   1.008,   0.000,   1.008
202603190906,   0.943,9999.000,9999.000,9999.000,9999.000,9999.000,9999.000,9999.000,9999.000
202603190912,   0.941,9999.000,9999.000,9999.000,9999.000,9999.000,9999.000,9999.000,9999.000
202603190918,   0.938,9999.000,9999.000,9999.000,9999.000,9999.000,9999.000,9999.000,9999.000
202603190924,   0.934,9999.000,9999.000,9999.000,9999.000,9999.000,9999.000,9999.000,9999.000
202603190930,   0.930,9999.000,9999.000,9999.000,9999.000,9999.000,9999.000,9999.000,9999.000
202603190936,   0.925,9999.000,9999.000,9999.000,9999.000,9999.000,9999.000,9999.000,9999.000
202603190942,   0.920,9999.000,9999.000,9999.000,9999.000,9999.000,9999.000,9999.000,9999.000
202603190948,   0.914,9999.000,9999.000,9999.000,9999.000,9999.000,9999.000,9999.000,9999.000
202603190954,   0.907,9999.000,9999.000,9999.000,9999.000,9999.000,9999.000,9999.000,9999.000
202603191000,   0.900,9999.000,   0.000,   0.063,   0.963,   0.000,   0.963,   0.000,   0.963
202603191006,   0.893,9999.000,9999.000,9999.000,9999.000,9999.000,9999.000,9999.000,9999.000
202603191012,   0.885,9999.000,9999.000,9999.000,9999.000,9999.000,9999.000,9999.000,9999.000
202603191018,   0.876,9999.000,9999.000,9999.000,9999.000,9999.000,9999.000,9999.000,9999.000
202603191024,   0.868,9999.000,9999.000,9999.000,9999.000,9999.000,9999.000,9999.000,9999.000
202603191030,   0.859,9999.000,9999.000,9999.000,9999.000,9999.000,9999.000,9999.000,9999.000
202603191036,   0.849,9999.000,9999.000,9999.000,9999.000,9999.000,9999.000,9999.000,9999.000
202603191042,   0.839,9999.000,9999.000,9999.000,9999.000,9999.000,9999.000,9999.000,9999.000
202603191048,   0.829,9999.000,9999.000,9999.000,9999.000,9999.000,9999.000,9999.000,9999.000
202603191054,   0.819,9999.000,9999.000,9999.000,9999.000,9999.000,9999.000,9999.000,9999.000
202603191100,   0.809,9999.000,   0.000,   0.063,   0.872,   0.000,   0.872,   0.000,   0.872
202603191106,   0.798,9999.000,9999.000,9999.000,9999.000,9999.000,9999.000,9999.000,9999.000
202603191112,   0.788,9999.000,9999.000,9999.000,9999.000,9999.000,9999.000,9999.000,9999.000
202603191118,   0.777,9999.000,9999.000,9999.000,9999.000,9999.000,9999.000,9999.000,9999.000
202603191124,   0.766,9999.000,9999.000,9999.000,9999.000,9999.000,9999.000,9999.000,9999.000
202603191130,   0.755,9999.000,9999.000,9999.000,9999.000,9999.000,9999.000,9999.000,9999.000
202603191136,   0.744,9999.000,9999.000,9999.000,9999.000,9999.000,9999.000,9999.000,9999.000
202603191142,   0.734,9999.000,9999.000,9999.000,9999.000,9999.000,9999.000,9999.000,9999.000
202603191148,   0.723,9999.000,9999.000,9999.000,9999.000,9999.000,9999.000,9999.000,9999.000
202603191154,   0.712,9999.000,9999.000,9999.000,9999.000,9999.000,9999.000,9999.000,9999.000
202603191200,   0.701,9999.000,   0.000,   0.063,   0.764,   0.000,   0.764,   0.000,   0.764
202603191206,   0.691,9999.000,9999.000,9999.000,9999.000,9999.000,9999.000,9999.000,9999.000
202603191212,   0.680,9999.000,9999.000,9999.000,9999.000,9999.000,9999.000,9999.000,9999.000
202603191218,   0.670,9999.000,9999.000,9999.000,9999.000,9999.000,9999.000,9999.000,9999.000
202603191224,   0.660,9999.000,9999.000,9999.000,9999.000,9999.000,9999.000,9999.000,9999.000
202603191230,   0.650,9999.000,9999.000,9999.000,9999.000,9999.000,9999.000,9999.000,9999.000
202603191236,   0.640,9999.000,9999.000,9999.000,9999.000,9999.000,9999.000,9999.000,9999.000
202603191242,   0.631,9999.000,9999.000,9999.000,9999.000,9999.000,9999.000,9999.000,9999.000
202603191248,   0.621,9999.000,9999.000,9999.000,9999.000,9999.000,9999.000,9999.000,9999.000
202603191254,   0.612,9999.000,9999.000,9999.000,9999.000,9999.000,9999.000,9999.000,9999.000
202603191300,   0.603,9999.000,   0.000,   0.063,   0.666,   0.000,   0.666,   0.000,   0.666
202603191306,   0.595,9999.000,9999.000,9999.000,9999.000,9999.000,9999.000,9999.000,9999.000
202603191312,   0.586,9999.000,9999.000,9999.000,9999.000,9999.000,9999.000,9999.000,9999.000
202603191318,   0.578,9999.000,9999.000,9999.000,9999.000,9999.000,9999.000,9999.000,9999.000
202603191324,   0.570,9999.000,9999.000,9999.000,9999.000,9999.000,9999.000,9999.000,9999.000
202603191330,   0.562,9999.000,9999.000,9999.000,9999.000,9999.000,9999.000,9999.000,9999.000
202603191336,   0.554,9999.000,9999.000,9999.000,9999.000,9999.000,9999.000,9999.000,9999.000
202603191342,   0.547,9999.000,9999.000,9999.000,9999.000,9999.000,9999.000,9999.000,9999.000
202603191348,   0.540,9999.000,9999.000,9999.000,9999.000,9999.000,9999.000,9999.000,9999.000
202603191354,   0.533,9999.000,9999.000,9999.000,9999.000,9999.000,9999.000,9999.000,9999.000
202603191400,   0.527,9999.000,   0.000,   0.063,   0.590,   0.000,   0.590,   0.000,   0.590
202603191406,   0.520,9999.000,9999.000,9999.000,9999.000,9999.000,9999.000,9999.000,9999.000
202603191412,   0.514,9999.000,9999.000,9999.000,9999.000,9999.000,9999.000,9999.000,9999.000
202603191418,   0.508,9999.000,9999.000,9999.000,9999.000,9999.000,9999.000,9999.000,9999.000
202603191424,   0.503,9999.000,9999.000,9999.000,9999.000,9999.000,9999.000,9999.000,9999.000
202603191430,   0.498,9999.000,9999.000,9999.000,9999.000,9999.000,9999.000,9999.000,9999.000
202603191436,   0.493,9999.000,9999.000,9999.000,9999.000,9999.000,9999.000,9999.000,9999.000
202603191442,   0.488,9999.000,9999.000,9999.000,9999.000,9999.000,9999.000,9999.000,9999.000
202603191448,   0.484,9999.000,9999.000,9999.000,9999.000,9999.000,9999.000,9999.000,9999.000
202603191454,   0.480,9999.000,9999.000,9999.000,9999.000,9999.000,9999.000,9999.000,9999.000
202603191500,   0.477,9999.000,   0.000,   0.063,   0.540,   0.000,   0.540,   0.000,   0.540
202603191506,   0.474,9999.000,9999.000,9999.000,9999.000,9999.000,9999.000,9999.000,9999.000
202603191512,   0.471,9999.000,9999.000,9999.000,9999.000,9999.000,9999.000,9999.000,9999.000
202603191518,   0.468,9999.000,9999.000,9999.000,9999.000,9999.000,9999.000,9999.000,9999.000
202603191524,   0.466,9999.000,9999.000,9999.000,9999.000,9999.000,9999.000,9999.000,9999.000
202603191530,   0.464,9999.000,9999.000,9999.000,9999.000,9999.000,9999.000,9999.000,9999.000
202603191536,   0.463,9999.000,9999.000,9999.000,9999.000,9999.000,9999.000,9999.000,9999.000
202603191542,   0.462,9999.000,9999.000,9999.000,9999.000,9999.000,9999.000,9999.000,9999.000
202603191548,   0.462,9999.000,9999.000,9999.000,9999.000,9999.000,9999.000,9999.000,9999.000
202603191554,   0.462,9999.000,9999.000,9999.000,9999.000,9999.000,9999.000,9999.000,9999.000
202603191600,   0.462,9999.000,   0.000,   0.063,   0.525,   0.000,   0.525,   0.000,   0.525
202603191606,   0.463,9999.000,9999.000,9999.000,9999.000,9999.000,9999.000,9999.000,9999.000
202603191612,   0.464,9999.000,9999.000,9999.000,9999.000,9999.000,9999.000,9999.000,9999.000
202603191618,   0.466,9999.000,9999.000,9999.000,9999.000,9999.000,9999.000,9999.000,9999.000
202603191624,   0.468,9999.000,9999.000,9999.000,9999.000,9999.000,9999.000,9999.000,9999.000
202603191630,   0.471,9999.000,9999.000,9999.000,9999.000,9999.000,9999.000,9999.000,9999.000
202603191636,   0.475,9999.000,9999.000,9999.000,9999.000,9999.000,9999.000,9999.000,9999.000
202603191642,   0.478,9999.000,9999.000,9999.000,9999.000,9999.000,9999.000,9999.000,9999.000
202603191648,   0.483,9999.000,9999.000,9999.000,9999.000,9999.000,9999.000,9999.000,9999.000
202603191654,   0.487,9999.000,9999.000,9999.000,9999.000,9999.000,9999.000,9999.000,9999.000
202603191700,   0.492,9999.000,   0.000,   0.063,   0.555,   0.000,   0.555,   0.000,   0.555
202603191706,   0.498,9999.000,9999.000,9999.000,9999.000,9999.000,9999.000,9999.000,9999.000
202603191712,   0.504,9999.000,9999.000,9999.000,9999.000,9999.000,9999.000,9999.000,9999.000
202603191718,   0.511,9999.000,9999.000,9999.000,9999.000,9999.000,9999.000,9999.000,9999.000
202603191724,   0.518,9999.000,9999.000,9999.000,9999.000,9999.000,9999.000,9999.000,9999.000
202603191730,   0.525,9999.000,9999.000,9999.000,9999.000,9999.000,9999.000,9999.000,9999.000
202603191736,   0.533,9999.000,9999.000,9999.000,9999.000,9999.000,9999.000,9999.000,9999.000
202603191742,   0.541,9999.000,9999.000,9999.000,9999.000,9999.000,9999.000,9999.000,9999.000
202603191748,   0.550,9999.000,9999.000,9999.000,9999.000,9999.000,9999.000,9999.000,9999.000
202603191754,   0.558,9999.000,9999.000,9999.000,9999.000,9999.000,9999.000,9999.000,9999.000
202603191800,   0.567,9999.000,   0.000,   0.063,   0.630,   0.000,   0.630,   0.000,   0.630
202603191806,   0.577,9999.000,9999.000,9999.000,9999.000,9999.000,9999.000,9999.000,9999.000
202603191812,   0.586,9999.000,9999.000,9999.000,9999.000,9999.000,9999.000,9999.000,9999.000
202603191818,   0.596,9999.000,9999.000,9999.000,9999.000,9999.000,9999.000,9999.000,9999.000
202603191824,   0.606,9999.000,9999.000,9999.000,9999.000,9999.000,9999.000,9999.000,9999.000
202603191830,   0.616,9999.000,9999.000,9999.000,9999.000,9999.000,9999.000,9999.000,9999.000
202603191836,   0.625,9999.000,9999.000,9999.000,9999.000,9999.000,9999.000,9999.000,9999.000
202603191842,   0.635,9999.000,9999.000,9999.000,9999.000,9999.000,9999.000,9999.000,9999.000
202603191848,   0.645,9999.000,9999.000,9999.000,9999.000,9999.000,9999.000,9999.000,9999.000
202603191854,   0.655,9999.000,9999.000,9999.000,9999.000,9999.000,9999.000,9999.000,9999.000
202603191900,   0.665,9999.000,   0.000,   0.063,   0.728,   0.000,   0.728,   0.000,   0.728
202603191906,   0.674,9999.000,9999.000,9999.000,9999.000,9999.000,9999.000,9999.000,9999.000
202603191912,   0.684,9999.000,9999.000,9999.000,9999.000,9999.000,9999.000,9999.000,9999.000
202603191918,   0.693,9999.000,9999.000,9999.000,9999.000,9999.000,9999.000,9999.000,9999.000
202603191924,   0.701,9999.000,9999.000,9999.000,9999.000,9999.000,9999.000,9999.000,9999.000
202603191930,   0.710,9999.000,9999.000,9999.000,9999.000,9999.000,9999.000,9999.000,9999.000
202603191936,   0.718,9999.000,9999.000,9999.000,9999.000,9999.000,9999.000,9999.000,9999.000
202603191942,   0.725,9999.000,9999.000,9999.000,9999.000,9999.000,9999.000,9999.000,9999.000
202603191948,   0.732,9999.000,9999.000,9999.000,9999.000,9999.000,9999.000,9999.000,9999.000
202603191954,   0.738,9999.000,9999.000,9999.000,9999.000,9999.000,9999.000,9999.000,9999.000
202603192000,   0.744,9999.000,   0.000,   0.063,   0.807,   0.000,   0.807,   0.000,   0.807
202603192006,   0.750,9999.000,9999.000,9999.000,9999.000,9999.000,9999.000,9999.000,9999.000
202603192012,   0.754,9999.000,9999.000,9999.000,9999.000,9999.000,9999.000,9999.000,9999.000
202603192018,   0.758,9999.000,9999.000,9999.000,9999.000,9999.000,9999.000,9999.000,9999.000
202603192024,   0.761,9999.000,9999.000,9999.000,9999.000,9999.000,9999.000,9999.000,9999.000
202603192030,   0.764,9999.000,9999.000,9999.000,9999.000,9999.000,9999.000,9999.000,9999.000
202603192036,   0.766,9999.000,9999.000,9999.000,9999.000,9999.000,9999.000,9999.000,9999.000
202603192042,   0.767,9999.000,9999.000,9999.000,9999.000,9999.000,9999.000,9999.000,9999.000
202603192048,   0.767,9999.000,9999.000,9999.000,9999.000,9999.000,9999.000,9999.000,9999.000
202603192054,   0.767,9999.000,9999.000,9999.000,9999.000,9999.000,9999.000,9999.000,9999.000
202603192100,   0.766,9999.000,   0.000,   0.063,   0.829,   0.000,   0.829,   0.000,   0.829
202603192106,   0.764,9999.000,9999.000,9999.000,9999.000,9999.000,9999.000,9999.000,9999.000
202603192112,   0.761,9999.000,9999.000,9999.000,9999.000,9999.000,9999.000,9999.000,9999.000
202603192118,   0.758,9999.000,9999.000,9999.000,9999.000,9999.000,9999.000,9999.000,9999.000
202603192124,   0.753,9999.000,9999.000,9999.000,9999.000,9999.000,9999.000,9999.000,9999.000
202603192130,   0.749,9999.000,9999.000,9999.000,9999.000,9999.000,9999.000,9999.000,9999.000
202603192136,   0.743,9999.000,9999.000,9999.000,9999.000,9999.000,9999.000,9999.000,9999.000
202603192142,   0.736,9999.000,9999.000,9999.000,9999.000,9999.000,9999.000,9999.000,9999.000
202603192148,   0.729,9999.000,9999.000,9999.000,9999.000,9999.000,9999.000,9999.000,9999.000
202603192154,   0.722,9999.000,9999.000,9999.000,9999.000,9999.000,9999.000,9999.000,9999.000
202603192200,   0.713,9999.000,   0.000,   0.063,   0.776,   0.000,   0.776,   0.000,   0.776
202603192206,   0.704,9999.000,9999.000,9999.000,9999.000,9999.000,9999.000,9999.000,9999.000
202603192212,   0.695,9999.000,9999.000,9999.000,9999.000,9999.000,9999.000,9999.000,9999.000
202603192218,   0.685,9999.000,9999.000,9999.000,9999.000,9999.000,9999.000,9999.000,9999.000
202603192224,   0.674,9999.000,9999.000,9999.000,9999.000,9999.000,9999.000,9999.000,9999.000
202603192230,   0.663,9999.000,9999.000,9999.000,9999.000,9999.000,9999.000,9999.000,9999.000
202603192236,   0.652,9999.000,9999.000,9999.000,9999.000,9999.000,9999.000,9999.000,9999.000
202603192242,   0.640,9999.000,9999.000,9999.000,9999.000,9999.000,9999.000,9999.000,9999.000
202603192248,   0.628,9999.000,9999.000,9999.000,9999.000,9999.000,9999.000,9999.000,9999.000
202603192254,   0.615,9999.000,9999.000,9999.000,9999.000,9999.000,9999.000,9999.000,9999.000
202603192300,   0.603,9999.000,   0.000,   0.063,   0.666,   0.000,   0.666,   0.000,   0.666
202603192306,   0.590,9999.000,9999.000,9999.000,9999.000,9999.000,9999.000,9999.000,9999.000
202603192312,   0.577,9999.000,9999.000,9999.000,9999.000,9999.000,9999.000,9999.000,9999.000
202603192318,   0.563,9999.000,9999.000,9999.000,9999.000,9999.000,9999.000,9999.000,9999.000
202603192324,   0.550,9999.000,9999.000,9999.000,9999.000,9999.000,9999.000,9999.000,9999.000
202603192330,   0.537,9999.000,9999.000,9999.000,9999.000,9999.000,9999.000,9999.000,9999.000
202603192336,   0.524,9999.000,9999.000,9999.000,9999.000,9999.000,9999.000,9999.000,9999.000
202603192342,   0.510,9999.000,9999.000,9999.000,9999.000,9999.000,9999.000,9999.000,9999.000
202603192348,   0.497,9999.000,9999.000,9999.000,9999.000,9999.000,9999.000,9999.000,9999.000
202603192354,   0.484,9999.000,9999.000,9999.000,9999.000,9999.000,9999.000,9999.000,9999.000
202603200000,   0.471,9999.000,   0.000,   0.063,   0.534,   0.000,   0.534,   0.000,   0.534
202603200006,   0.458,9999.000,9999.000,9999.000,9999.000,9999.000,9999.000,9999.000,9999.000
202603200012,   0.446,9999.000,9999.000,9999.000,9999.000,9999.000,9999.000,9999.000,9999.000
202603200018,   0.433,9999.000,9999.000,9999.000,9999.000,9999.000,9999.000,9999.000,9999.000
202603200024,   0.421,9999.000,9999.000,9999.000,9999.000,9999.000,9999.000,9999.000,9999.000
202603200030,   0.409,9999.000,9999.000,9999.000,9999.000,9999.000,9999.000,9999.000,9999.000
202603200036,   0.398,9999.000,9999.000,9999.000,9999.000,9999.000,9999.000,9999.000,9999.000
202603200042,   0.386,9999.000,9999.000,9999.000,9999.000,9999.000,9999.000,9999.000,9999.000
202603200048,   0.375,9999.000,9999.000,9999.000,9999.000,9999.000,9999.000,9999.000,9999.000
202603200054,   0.365,9999.000,9999.000,9999.000,9999.000,9999.000,9999.000,9999.000,9999.000
202603200100,   0.355,9999.000,   0.000,   0.063,   0.418,   0.000,   0.418,   0.000,   0.418
202603200106,   0.345,9999.000,9999.000,9999.000,9999.000,9999.000,9999.000,9999.000,9999.000
202603200112,   0.335,9999.000,9999.000,9999.000,9999.000,9999.000,9999.000,9999.000,9999.000
202603200118,   0.326,9999.000,9999.000,9999.000,9999.000,9999.000,9999.000,9999.000,9999.000
202603200124,   0.318,9999.000,9999.000,9999.000,9999.000,9999.000,9999.000,9999.000,9999.000
202603200130,   0.310,9999.000,9999.000,9999.000,9999.000,9999.000,9999.000,9999.000,9999.000
202603200136,   0.302,9999.000,9999.000,9999.000,9999.000,9999.000,9999.000,9999.000,9999.000
202603200142,   0.294,9999.000,9999.000,9999.000,9999.000,9999.000,9999.000,9999.000,9999.000
202603200148,   0.288,9999.000,9999.000,9999.000,9999.000,9999.000,9999.000,9999.000,9999.000
202603200154,   0.281,9999.000,9999.000,9999.000,9999.000,9999.000,9999.000,9999.000,9999.000
202603200200,   0.275,9999.000,   0.000,   0.063,   0.338,   0.000,   0.338,   0.000,   0.338
202603200206,   0.270,9999.000,9999.000,9999.000,9999.000,9999.000,9999.000,9999.000,9999.000
202603200212,   0.265,9999.000,9999.000,9999.000,9999.000,9999.000,9999.000,9999.000,9999.000
202603200218,   0.260,9999.000,9999.000,9999.000,9999.000,9999.000,9999.000,9999.000,9999.000
202603200224,   0.256,9999.000,9999.000,9999.000,9999.000,9999.000,9999.000,9999.000,9999.000
202603200230,   0.252,9999.000,9999.000,9999.000,9999.000,9999.000,9999.000,9999.000,9999.000
202603200236,   0.249,9999.000,9999.000,9999.000,9999.000,9999.000,9999.000,9999.000,9999.000
202603200242,   0.246,9999.000,9999.000,9999.000,9999.000,9999.000,9999.000,9999.000,9999.000
202603200248,   0.244,9999.000,9999.000,9999.000,9999.000,9999.000,9999.000,9999.000,9999.000
202603200254,   0.243,9999.000,9999.000,9999.000,9999.000,9999.000,9999.000,9999.000,9999.000
202603200300,   0.241,9999.000,   0.000,   0.063,   0.304,   0.000,   0.304,   0.000,   0.304
202603200306,   0.241,9999.000,9999.000,9999.000,9999.000,9999.000,9999.000,9999.000,9999.000
202603200312,   0.241,9999.000,9999.000,9999.000,9999.000,9999.000,9999.000,9999.000,9999.000
202603200318,   0.241,9999.000,9999.000,9999.000,9999.000,9999.000,9999.000,9999.000,9999.000
202603200324,   0.242,9999.000,9999.000,9999.000,9999.000,9999.000,9999.000,9999.000,9999.000
202603200330,   0.244,9999.000,9999.000,9999.000,9999.000,9999.000,9999.000,9999.000,9999.000
202603200336,   0.246,9999.000,9999.000,9999.000,9999.000,9999.000,9999.000,9999.000,9999.000
202603200342,   0.248,9999.000,9999.000,9999.000,9999.000,9999.000,9999.000,9999.000,9999.000
202603200348,   0.251,9999.000,9999.000,9999.000,9999.000,9999.000,9999.000,9999.000,9999.000
202603200354,   0.255,9999.000,9999.000,9999.000,9999.000,9999.000,9999.000,9999.000,9999.000
202603200400,   0.260,9999.000,   0.000,   0.063,   0.323,   0.000,   0.323,   0.000,   0.323
202603200406,   0.265,9999.000,9999.000,9999.000,9999.000,9999.000,9999.000,9999.000,9999.000
202603200412,   0.270,9999.000,9999.000,9999.000,9999.000,9999.000,9999.000,9999.000,9999.000
202603200418,   0.276,9999.000,9999.000,9999.000,9999.000,9999.000,9999.000,9999.000,9999.000
202603200424,   0.283,9999.000,9999.000,9999.000,9999.000,9999.000,9999.000,9999.000,9999.000
202603200430,   0.291,9999.000,9999.000,9999.000,9999.000,9999.000,9999.000,9999.000,9999.000
202603200436,   0.299,9999.000,9999.000,9999.000,9999.000,9999.000,9999.000,9999.000,9999.000
202603200442,   0.308,9999.000,9999.000,9999.000,9999.000,9999.000,9999.000,9999.000,9999.000
202603200448,   0.317,9999.000,9999.000,9999.000,9999.000,9999.000,9999.000,9999.000,9999.000
202603200454,   0.327,9999.000,9999.000,9999.000,9999.000,9999.000,9999.000,9999.000,9999.000
202603200500,   0.338,9999.000,   0.000,   0.063,   0.401,   0.000,   0.401,   0.000,   0.401
202603200506,   0.349,9999.000,9999.000,9999.000,9999.000,9999.000,9999.000,9999.000,9999.000
202603200512,   0.361,9999.000,9999.000,9999.000,9999.000,9999.000,9999.000,9999.000,9999.000
202603200518,   0.373,9999.000,9999.000,9999.000,9999.000,9999.000,9999.000,9999.000,9999.000
202603200524,   0.386,9999.000,9999.000,9999.000,9999.000,9999.000,9999.000,9999.000,9999.000
202603200530,   0.400,9999.000,9999.000,9999.000,9999.000,9999.000,9999.000,9999.000,9999.000
202603200536,   0.414,9999.000,9999.000,9999.000,9999.000,9999.000,9999.000,9999.000,9999.000
202603200542,   0.428,9999.000,9999.000,9999.000,9999.000,9999.000,9999.000,9999.000,9999.000
202603200548,   0.444,9999.000,9999.000,9999.000,9999.000,9999.000,9999.000,9999.000,9999.000
202603200554,   0.459,9999.000,9999.000,9999.000,9999.000,9999.000,9999.000,9999.000,9999.000
202603200600,   0.475,9999.000,   0.000,   0.063,   0.538,   0.000,   0.538,   0.000,   0.538
202603200606,   0.492,9999.000,9999.000,9999.000,9999.000,9999.000,9999.000,9999.000,9999.000
202603200612,   0.509,9999.000,9999.000,9999.000,9999.000,9999.000,9999.000,9999.000,9999.000
202603200618,   0.526,9999.000,9999.000,9999.000,9999.000,9999.000,9999.000,9999.000,9999.000
202603200624,   0.544,9999.000,9999.000,9999.000,9999.000,9999.000,9999.000,9999.000,9999.000
202603200630,   0.561,9999.000,9999.000,9999.000,9999.000,9999.000,9999.000,9999.000,9999.000
202603200636,   0.579,9999.000,9999.000,9999.000,9999.000,9999.000,9999.000,9999.000,9999.000
202603200642,   0.598,9999.000,9999.000,9999.000,9999.000,9999.000,9999.000,9999.000,9999.000
202603200648,   0.616,9999.000,9999.000,9999.000,9999.000,9999.000,9999.000,9999.000,9999.000
202603200654,   0.634,9999.000,9999.000,9999.000,9999.000,9999.000,9999.000,9999.000,9999.000
202603200700,   0.653,9999.000,   0.000,   0.063,   0.716,   0.000,   0.716,   0.000,   0.716
202603200706,   0.671,9999.000,9999.000,9999.000,9999.000,9999.000,9999.000,9999.000,9999.000
202603200712,   0.689,9999.000,9999.000,9999.000,9999.000,9999.000,9999.000,9999.000,9999.000
202603200718,   0.707,9999.000,9999.000,9999.000,9999.000,9999.000,9999.000,9999.000,9999.000
202603200724,   0.725,9999.000,9999.000,9999.000,9999.000,9999.000,9999.000,9999.000,9999.000
202603200730,   0.743,9999.000,9999.000,9999.000,9999.000,9999.000,9999.000,9999.000,9999.000
202603200736,   0.760,9999.000,9999.000,9999.000,9999.000,9999.000,9999.000,9999.000,9999.000
202603200742,   0.777,9999.000,9999.000,9999.000,9999.000,9999.000,9999.000,9999.000,9999.000
202603200748,   0.794,9999.000,9999.000,9999.000,9999.000,9999.000,9999.000,9999.000,9999.000
202603200754,   0.810,9999.000,9999.000,9999.000,9999.000,9999.000,9999.000,9999.000,9999.000
202603200800,   0.826,9999.000,   0.000,   0.063,   0.889,   0.000,   0.889,   0.000,   0.889
202603200806,   0.841,9999.000,9999.000,9999.000,9999.000,9999.000,9999.000,9999.000,9999.000
202603200812,   0.855,9999.000,9999.000,9999.000,9999.000,9999.000,9999.000,9999.000,9999.000
202603200818,   0.869,9999.000,9999.000,9999.000,9999.000,9999.000,9999.000,9999.000,9999.000
202603200824,   0.883,9999.000,9999.000,9999.000,9999.000,9999.000,9999.000,9999.000,9999.000
202603200830,   0.895,9999.000,9999.000,9999.000,9999.000,9999.000,9999.000,9999.000,9999.000
202603200836,   0.907,9999.000,9999.000,9999.000,9999.000,9999.000,9999.000,9999.000,9999.000
202603200842,   0.918,9999.000,9999.000,9999.000,9999.000,9999.000,9999.000,9999.000,9999.000
202603200848,   0.928,9999.000,9999.000,9999.000,9999.000,9999.000,9999.000,9999.000,9999.000
202603200854,   0.938,9999.000,9999.000,9999.000,9999.000,9999.000,9999.000,9999.000,9999.000
202603200900,   0.946,9999.000,   0.000,   0.063,   1.009,   0.000,   1.009,   0.000,   1.009
202603200906,   0.954,9999.000,9999.000,9999.000,9999.000,9999.000,9999.000,9999.000,9999.000
202603200912,   0.961,9999.000,9999.000,9999.000,9999.000,9999.000,9999.000,9999.000,9999.000
202603200918,   0.968,9999.000,9999.000,9999.000,9999.000,9999.000,9999.000,9999.000,9999.000
202603200924,   0.973,9999.000,9999.000,9999.000,9999.000,9999.000,9999.000,9999.000,9999.000
202603200930,   0.977,9999.000,9999.000,9999.000,9999.000,9999.000,9999.000,9999.000,9999.000
202603200936,   0.981,9999.000,9999.000,9999.000,9999.000,9999.000,9999.000,9999.000,9999.000
202603200942,   0.984,9999.000,9999.000,9999.000,9999.000,9999.000,9999.000,9999.000,9999.000
202603200948,   0.986,9999.000,9999.000,9999.000,9999.000,9999.000,9999.000,9999.000,9999.000
202603200954,   0.987,9999.000,9999.000,9999.000,9999.000,9999.000,9999.000,9999.000,9999.000
202603201000,   0.988,9999.000,   0.000,   0.063,   1.051,   0.000,   1.051,   0.000,   1.051
202603201006,   0.987,9999.000,9999.000,9999.000,9999.000,9999.000,9999.000,9999.000,9999.000
202603201012,   0.986,9999.000,9999.000,9999.000,9999.000,9999.000,9999.000,9999.000,9999.000
202603201018,   0.985,9999.000,9999.000,9999.000,9999.000,9999.000,9999.000,9999.000,9999.000
202603201024,   0.982,9999.000,9999.000,9999.000,9999.000,9999.000,9999.000,9999.000,9999.000
202603201030,   0.980,9999.000,9999.000,9999.000,9999.000,9999.000,9999.000,9999.000,9999.000
202603201036,   0.976,9999.000,9999.000,9999.000,9999.000,9999.000,9999.000,9999.000,9999.000
202603201042,   0.972,9999.000,9999.000,9999.000,9999.000,9999.000,9999.000,9999.000,9999.000
202603201048,   0.967,9999.000,9999.000,9999.000,9999.000,9999.000,9999.000,9999.000,9999.000
202603201054,   0.962,9999.000,9999.000,9999.000,9999.000,9999.000,9999.000,9999.000,9999.000
202603201100,   0.957,9999.000,   0.000,   0.063,   1.020,   0.000,   1.020,   0.000,   1.020
202603201106,   0.951,9999.000,9999.000,9999.000,9999.000,9999.000,9999.000,9999.000,9999.000
202603201112,   0.945,9999.000,9999.000,9999.000,9999.000,9999.000,9999.000,9999.000,9999.000
202603201118,   0.938,9999.000,9999.000,9999.000,9999.000,9999.000,9999.000,9999.000,9999.000
202603201124,   0.932,9999.000,9999.000,9999.000,9999.000,9999.000,9999.000,9999.000,9999.000
202603201130,   0.925,9999.000,9999.000,9999.000,9999.000,9999.000,9999.000,9999.000,9999.000
202603201136,   0.917,9999.000,9999.000,9999.000,9999.000,9999.000,9999.000,9999.000,9999.000
202603201142,   0.910,9999.000,9999.000,9999.000,9999.000,9999.000,9999.000,9999.000,9999.000
202603201148,   0.903,9999.000,9999.000,9999.000,9999.000,9999.000,9999.000,9999.000,9999.000
202603201154,   0.895,9999.000,9999.000,9999.000,9999.000,9999.000,9999.000,9999.000,9999.000
202603201200,   0.887,9999.000,   0.000,   0.063,   0.950,   0.000,   0.950,   0.000,   0.950
202603201206,   0.880,9999.000,9999.000,9999.000,9999.000,9999.000,9999.000,9999.000,9999.000
202603201212,   0.872,9999.000,9999.000,9999.000,9999.000,9999.000,9999.000,9999.000,9999.000
202603201218,   0.865,9999.000,9999.000,9999.000,9999.000,9999.000,9999.000,9999.000,9999.000
202603201224,   0.857,9999.000,9999.000,9999.000,9999.000,9999.000,9999.000,9999.000,9999.000
202603201230,   0.850,9999.000,9999.000,9999.000,9999.000,9999.000,9999.000,9999.000,9999.000
202603201236,   0.842,9999.000,9999.000,9999.000,9999.000,9999.000,9999.000,9999.000,9999.000
202603201242,   0.835,9999.000,9999.000,9999.000,9999.000,9999.000,9999.000,9999.000,9999.000
202603201248,   0.828,9999.000,9999.000,9999.000,9999.000,9999.000,9999.000,9999.000,9999.000
202603201254,   0.821,9999.000,9999.000,9999.000,9999.000,9999.000,9999.000,9999.000,9999.000
202603201300,   0.814,9999.000,   0.000,   0.063,   0.877,   0.000,   0.877,   0.000,   0.877
202603201306,   0.807,9999.000,9999.000,9999.000,9999.000,9999.000,9999.000,9999.000,9999.000
202603201312,   0.800,9999.000,9999.000,9999.000,9999.000,9999.000,9999.000,9999.000,9999.000
202603201318,   0.794,9999.000,9999.000,9999.000,9999.000,9999.000,9999.000,9999.000,9999.000
202603201324,   0.788,9999.000,9999.000,9999.000,9999.000,9999.000,9999.000,9999.000,9999.000
202603201330,   0.781,9999.000,9999.000,9999.000,9999.000,9999.000,9999.000,9999.000,9999.000
202603201336,   0.775,9999.000,9999.000,9999.000,9999.000,9999.000,9999.000,9999.000,9999.000
202603201342,   0.769,9999.000,9999.000,9999.000,9999.000,9999.000,9999.000,9999.000,9999.000
202603201348,   0.764,9999.000,9999.000,9999.000,9999.000,9999.000,9999.000,9999.000,9999.000
202603201354,   0.758,9999.000,9999.000,9999.000,9999.000,9999.000,9999.000,9999.000,9999.000
202603201400,   0.753,9999.000,   0.000,   0.063,   0.816,   0.000,   0.816,   0.000,   0.816
202603201406,   0.747,9999.000,9999.000,9999.000,9999.000,9999.000,9999.000,9999.000,9999.000
202603201412,   0.742,9999.000,9999.000,9999.000,9999.000,9999.000,9999.000,9999.000,9999.000
202603201418,   0.737,9999.000,9999.000,9999.000,9999.000,9999.000,9999.000,9999.000,9999.000
202603201424,   0.732,9999.000,9999.000,9999.000,9999.000,9999.000,9999.000,9999.000,9999.000
202603201430,   0.727,9999.000,9999.000,9999.000,9999.000,9999.000,9999.000,9999.000,9999.000
202603201436,   0.722,9999.000,9999.000,9999.000,9999.000,9999.000,9999.000,9999.000,9999.000
202603201442,   0.717,9999.000,9999.000,9999.000,9999.000,9999.000,9999.000,9999.000,9999.000
202603201448,   0.713,9999.000,9999.000,9999.000,9999.000,9999.000,9999.000,9999.000,9999.000
202603201454,   0.708,9999.000,9999.000,9999.000,9999.000,9999.000,9999.000,9999.000,9999.000
202603201500,   0.704,9999.000,   0.000,   0.063,   0.767,   0.000,   0.767,   0.000,   0.767
202603201506,   0.700,9999.000,9999.000,9999.000,9999.000,9999.000,9999.000,9999.000,9999.000
202603201512,   0.696,9999.000,9999.000,9999.000,9999.000,9999.000,9999.000,9999.000,9999.000
202603201518,   0.692,9999.000,9999.000,9999.000,9999.000,9999.000,9999.000,9999.000,9999.000
202603201524,   0.688,9999.000,9999.000,9999.000,9999.000,9999.000,9999.000,9999.000,9999.000
202603201530,   0.684,9999.000,9999.000,9999.000,9999.000,9999.000,9999.000,9999.000,9999.000
202603201536,   0.680,9999.000,9999.000,9999.000,9999.000,9999.000,9999.000,9999.000,9999.000
202603201542,   0.677,9999.000,9999.000,9999.000,9999.000,9999.000,9999.000,9999.000,9999.000
202603201548,   0.673,9999.000,9999.000,9999.000,9999.000,9999.000,9999.000,9999.000,9999.000
202603201554,   0.670,9999.000,9999.000,9999.000,9999.000,9999.000,9999.000,9999.000,9999.000
202603201600,   0.667,9999.000,   0.000,   0.063,   0.730,   0.000,   0.730,   0.000,   0.730
202603201606,   0.665,9999.000,9999.000,9999.000,9999.000,9999.000,9999.000,9999.000,9999.000
202603201612,   0.662,9999.000,9999.000,9999.000,9999.000,9999.000,9999.000,9999.000,9999.000
202603201618,   0.660,9999.000,9999.000,9999.000,9999.000,9999.000,9999.000,9999.000,9999.000
202603201624,   0.658,9999.000,9999.000,9999.000,9999.000,9999.000,9999.000,9999.000,9999.000
202603201630,   0.656,9999.000,9999.000,9999.000,9999.000,9999.000,9999.000,9999.000,9999.000
202603201636,   0.655,9999.000,9999.000,9999.000,9999.000,9999.000,9999.000,9999.000,9999.000
202603201642,   0.654,9999.000,9999.000,9999.000,9999.000,9999.000,9999.000,9999.000,9999.000
202603201648,   0.653,9999.000,9999.000,9999.000,9999.000,9999.000,9999.000,9999.000,9999.000
202603201654,   0.652,9999.000,9999.000,9999.000,9999.000,9999.000,9999.000,9999.000,9999.000
202603201700,   0.652,9999.000,   0.000,   0.063,   0.715,   0.000,   0.715,   0.000,   0.715
202603201706,   0.653,9999.000,9999.000,9999.000,9999.000,9999.000,9999.000,9999.000,9999.000
202603201712,   0.653,9999.000,9999.000,9999.000,9999.000,9999.000,9999.000,9999.000,9999.000
202603201718,   0.654,9999.000,9999.000,9999.000,9999.000,9999.000,9999.000,9999.000,9999.000
202603201724,   0.656,9999.000,9999.000,9999.000,9999.000,9999.000,9999.000,9999.000,9999.000
202603201730,   0.658,9999.000,9999.000,9999.000,9999.000,9999.000,9999.000,9999.000,9999.000
202603201736,   0.660,9999.000,9999.000,9999.000,9999.000,9999.000,9999.000,9999.000,9999.000
202603201742,   0.663,9999.000,9999.000,9999.000,9999.000,9999.000,9999.000,9999.000,9999.000
202603201748,   0.666,9999.000,9999.000,9999.000,9999.000,9999.000,9999.000,9999.000,9999.000
202603201754,   0.669,9999.000,9999.000,9999.000,9999.000,9999.000,9999.000,9999.000,9999.000
202603201800,   0.673,9999.000,   0.000,   0.063,   0.736,   0.000,   0.736,   0.000,   0.736
202603201806,   0.678,9999.000,9999.000,9999.000,9999.000,9999.000,9999.000,9999.000,9999.000
202603201812,   0.682,9999.000,9999.000,9999.000,9999.000,9999.000,9999.000,9999.000,9999.000
202603201818,   0.687,9999.000,9999.000,9999.000,9999.000,9999.000,9999.000,9999.000,9999.000
202603201824,   0.693,9999.000,9999.000,9999.000,9999.000,9999.000,9999.000,9999.000,9999.000
202603201830,   0.698,9999.000,9999.000,9999.000,9999.000,9999.000,9999.000,9999.000,9999.000
202603201836,   0.704,9999.000,9999.000,9999.000,9999.000,9999.000,9999.000,9999.000,9999.000
202603201842,   0.710,9999.000,9999.000,9999.000,9999.000,9999.000,9999.000,9999.000,9999.000
202603201848,   0.717,9999.000,9999.000,9999.000,9999.000,9999.000,9999.000,9999.000,9999.000
202603201854,   0.723,9999.000,9999.000,9999.000,9999.000,9999.000,9999.000,9999.000,9999.000
202603201900,   0.730,9999.000,   0.000,   0.063,   0.793,   0.000,   0.793,   0.000,   0.793
202603201906,   0.737,9999.000,9999.000,9999.000,9999.000,9999.000,9999.000,9999.000,9999.000
202603201912,   0.744,9999.000,9999.000,9999.000,9999.000,9999.000,9999.000,9999.000,9999.000
202603201918,   0.750,9999.000,9999.000,9999.000,9999.000,9999.000,9999.000,9999.000,9999.000
202603201924,   0.757,9999.000,9999.000,9999.000,9999.000,9999.000,9999.000,9999.000,9999.000
202603201930,   0.764,9999.000,9999.000,9999.000,9999.000,9999.000,9999.000,9999.000,9999.000
202603201936,   0.771,9999.000,9999.000,9999.000,9999.000,9999.000,9999.000,9999.000,9999.000
202603201942,   0.777,9999.000,9999.000,9999.000,9999.000,9999.000,9999.000,9999.000,9999.000
202603201948,   0.783,9999.000,9999.000,9999.000,9999.000,9999.000,9999.000,9999.000,9999.000
202603201954,   0.789,9999.000,9999.000,9999.000,9999.000,9999.000,9999.000,9999.000,9999.000
202603202000,   0.795,9999.000,   0.000,   0.063,   0.858,   0.000,   0.858,   0.000,   0.858
202603202006,   0.800,9999.000,9999.000,9999.000,9999.000,9999.000,9999.000,9999.000,9999.000
202603202012,   0.805,9999.000,9999.000,9999.000,9999.000,9999.000,9999.000,9999.000,9999.000
202603202018,   0.809,9999.000,9999.000,9999.000,9999.000,9999.000,9999.000,9999.000,9999.000
202603202024,   0.813,9999.000,9999.000,9999.000,9999.000,9999.000,9999.000,9999.000,9999.000
202603202030,   0.816,9999.000,9999.000,9999.000,9999.000,9999.000,9999.000,9999.000,9999.000
202603202036,   0.818,9999.000,9999.000,9999.000,9999.000,9999.000,9999.000,9999.000,9999.000
202603202042,   0.820,9999.000,9999.000,9999.000,9999.000,9999.000,9999.000,9999.000,9999.000
202603202048,   0.822,9999.000,9999.000,9999.000,9999.000,9999.000,9999.000,9999.000,9999.000
202603202054,   0.822,9999.000,9999.000,9999.000,9999.000,9999.000,9999.000,9999.000,9999.000
202603202100,   0.822,9999.000,   0.000,   0.063,   0.885,   0.000,   0.885,   0.000,   0.885
202603202106,   0.821,9999.000,9999.000,9999.000,9999.000,9999.000,9999.000,9999.000,9999.000
202603202112,   0.819,9999.000,9999.000,9999.000,9999.000,9999.000,9999.000,9999.000,9999.000
202603202118,   0.817,9999.000,9999.000,9999.000,9999.000,9999.000,9999.000,9999.000,9999.000
202603202124,   0.813,9999.000,9999.000,9999.000,9999.000,9999.000,9999.000,9999.000,9999.000
202603202130,   0.809,9999.000,9999.000,9999.000,9999.000,9999.000,9999.000,9999.000,9999.000
202603202136,   0.804,9999.000,9999.000,9999.000,9999.000,9999.000,9999.000,9999.000,9999.000
202603202142,   0.798,9999.000,9999.000,9999.000,9999.000,9999.000,9999.000,9999.000,9999.000
202603202148,   0.792,9999.000,9999.000,9999.000,9999.000,9999.000,9999.000,9999.000,9999.000
202603202154,   0.784,9999.000,9999.000,9999.000,9999.000,9999.000,9999.000,9999.000,9999.000
202603202200,   0.776,9999.000,   0.000,   0.063,   0.839,   0.000,   0.839,   0.000,   0.839
202603202206,   0.767,9999.000,9999.000,9999.000,9999.000,9999.000,9999.000,9999.000,9999.000
202603202212,   0.757,9999.000,9999.000,9999.000,9999.000,9999.000,9999.000,9999.000,9999.000
202603202218,   0.746,9999.000,9999.000,9999.000,9999.000,9999.000,9999.000,9999.000,9999.000
202603202224,   0.735,9999.000,9999.000,9999.000,9999.000,9999.000,9999.000,9999.000,9999.000
202603202230,   0.723,9999.000,9999.000,9999.000,9999.000,9999.000,9999.000,9999.000,9999.000
202603202236,   0.710,9999.000,9999.000,9999.000,9999.000,9999.000,9999.000,9999.000,9999.000
202603202242,   0.697,9999.000,9999.000,9999.000,9999.000,9999.000,9999.000,9999.000,9999.000
202603202248,   0.683,9999.000,9999.000,9999.000,9999.000,9999.000,9999.000,9999.000,9999.000
202603202254,   0.669,9999.000,9999.000,9999.000,9999.000,9999.000,9999.000,9999.000,9999.000
202603202300,   0.654,9999.000,   0.000,   0.063,   0.717,   0.000,   0.717,   0.000,   0.717
202603202306,   0.638,9999.000,9999.000,9999.000,9999.000,9999.000,9999.000,9999.000,9999.000
202603202312,   0.622,9999.000,9999.000,9999.000,9999.000,9999.000,9999.000,9999.000,9999.000
202603202318,   0.606,9999.000,9999.000,9999.000,9999.000,9999.000,9999.000,9999.000,9999.000
202603202324,   0.590,9999.000,9999.000,9999.000,9999.000,9999.000,9999.000,9999.000,9999.000
202603202330,   0.573,9999.000,9999.000,9999.000,9999.000,9999.000,9999.000,9999.000,9999.000
202603202336,   0.556,9999.000,9999.000,9999.000,9999.000,9999.000,9999.000,9999.000,9999.000
202603202342,   0.539,9999.000,9999.000,9999.000,9999.000,9999.000,9999.000,9999.000,9999.000
202603202348,   0.521,9999.000,9999.000,9999.000,9999.000,9999.000,9999.000,9999.000,9999.000
202603202354,   0.504,9999.000,9999.000,9999.000,9999.000,9999.000,9999.000,9999.000,9999.000
202603210000,   0.486,9999.000,   0.000,   0.063,   0.549,   0.000,   0.549,   0.000,   0.549
202603210006,   0.469,9999.000,9999.000,9999.000,9999.000,9999.000,9999.000,9999.000,9999.000
202603210012,   0.452,9999.000,9999.000,9999.000,9999.000,9999.000,9999.000,9999.000,9999.000
202603210018,   0.434,9999.000,9999.000,9999.000,9999.000,9999.000,9999.000,9999.000,9999.000
202603210024,   0.417,9999.000,9999.000,9999.000,9999.000,9999.000,9999.000,9999.000,9999.000
202603210030,   0.400,9999.000,9999.000,9999.000,9999.000,9999.000,9999.000,9999.000,9999.000
202603210036,   0.383,9999.000,9999.000,9999.000,9999.000,9999.000,9999.000,9999.000,9999.000
202603210042,   0.367,9999.000,9999.000,9999.000,9999.000,9999.000,9999.000,9999.000,9999.000
202603210048,   0.350,9999.000,9999.000,9999.000,9999.000,9999.000,9999.000,9999.000,9999.000
202603210054,   0.334,9999.000,9999.000,9999.000,9999.000,9999.000,9999.000,9999.000,9999.000
202603210100,   0.319,9999.000,   0.000,   0.063,   0.382,   0.000,   0.382,   0.000,   0.382
202603210106,   0.303,9999.000,9999.000,9999.000,9999.000,9999.000,9999.000,9999.000,9999.000
202603210112,   0.289,9999.000,9999.000,9999.000,9999.000,9999.000,9999.000,9999.000,9999.000
202603210118,   0.274,9999.000,9999.000,9999.000,9999.000,9999.000,9999.000,9999.000,9999.000
202603210124,   0.260,9999.000,9999.000,9999.000,9999.000,9999.000,9999.000,9999.000,9999.000
202603210130,   0.246,9999.000,9999.000,9999.000,9999.000,9999.000,9999.000,9999.000,9999.000
202603210136,   0.233,9999.000,9999.000,9999.000,9999.000,9999.000,9999.000,9999.000,9999.000
202603210142,   0.220,9999.000,9999.000,9999.000,9999.000,9999.000,9999.000,9999.000,9999.000
202603210148,   0.208,9999.000,9999.000,9999.000,9999.000,9999.000,9999.000,9999.000,9999.000
202603210154,   0.196,9999.000,9999.000,9999.000,9999.000,9999.000,9999.000,9999.000,9999.000
202603210200,   0.184,9999.000,   0.000,   0.063,   0.247,   0.000,   0.247,   0.000,   0.247
202603210206,   0.173,9999.000,9999.000,9999.000,9999.000,9999.000,9999.000,9999.000,9999.000
202603210212,   0.163,9999.000,9999.000,9999.000,9999.000,9999.000,9999.000,9999.000,9999.000
202603210218,   0.153,9999.000,9999.000,9999.000,9999.000,9999.000,9999.000,9999.000,9999.000
202603210224,   0.144,9999.000,9999.000,9999.000,9999.000,9999.000,9999.000,9999.000,9999.000
202603210230,   0.135,9999.000,9999.000,9999.000,9999.000,9999.000,9999.000,9999.000,9999.000
202603210236,   0.126,9999.000,9999.000,9999.000,9999.000,9999.000,9999.000,9999.000,9999.000
202603210242,   0.119,9999.000,9999.000,9999.000,9999.000,9999.000,9999.000,9999.000,9999.000
202603210248,   0.111,9999.000,9999.000,9999.000,9999.000,9999.000,9999.000,9999.000,9999.000
202603210254,   0.104,9999.000,9999.000,9999.000,9999.000,9999.000,9999.000,9999.000,9999.000
202603210300,   0.098,9999.000,   0.000,   0.063,   0.161,   0.000,   0.161,   0.000,   0.161
202603210306,   0.093,9999.000,9999.000,9999.000,9999.000,9999.000,9999.000,9999.000,9999.000
202603210312,   0.087,9999.000,9999.000,9999.000,9999.000,9999.000,9999.000,9999.000,9999.000
202603210318,   0.083,9999.000,9999.000,9999.000,9999.000,9999.000,9999.000,9999.000,9999.000
202603210324,   0.079,9999.000,9999.000,9999.000,9999.000,9999.000,9999.000,9999.000,9999.000
202603210330,   0.075,9999.000,9999.000,9999.000,9999.000,9999.000,9999.000,9999.000,9999.000
202603210336,   0.072,9999.000,9999.000,9999.000,9999.000,9999.000,9999.000,9999.000,9999.000
202603210342,   0.070,9999.000,9999.000,9999.000,9999.000,9999.000,9999.000,9999.000,9999.000
202603210348,   0.068,9999.000,9999.000,9999.000,9999.000,9999.000,9999.000,9999.000,9999.000
202603210354,   0.067,9999.000,9999.000,9999.000,9999.000,9999.000,9999.000,9999.000,9999.000
202603210400,   0.067,9999.000,   0.000,   0.063,   0.130,   0.000,   0.130,   0.000,   0.130
202603210406,   0.067,9999.000,9999.000,9999.000,9999.000,9999.000,9999.000,9999.000,9999.000
202603210412,   0.068,9999.000,9999.000,9999.000,9999.000,9999.000,9999.000,9999.000,9999.000
202603210418,   0.070,9999.000,9999.000,9999.000,9999.000,9999.000,9999.000,9999.000,9999.000
202603210424,   0.072,9999.000,9999.000,9999.000,9999.000,9999.000,9999.000,9999.000,9999.000
202603210430,   0.075,9999.000,9999.000,9999.000,9999.000,9999.000,9999.000,9999.000,9999.000
202603210436,   0.079,9999.000,9999.000,9999.000,9999.000,9999.000,9999.000,9999.000,9999.000
202603210442,   0.083,9999.000,9999.000,9999.000,9999.000,9999.000,9999.000,9999.000,9999.000
202603210448,   0.088,9999.000,9999.000,9999.000,9999.000,9999.000,9999.000,9999.000,9999.000
202603210454,   0.094,9999.000,9999.000,9999.000,9999.000,9999.000,9999.000,9999.000,9999.000
202603210500,   0.101,9999.000,   0.000,   0.063,   0.164,   0.000,   0.164,   0.000,   0.164
202603210506,   0.108,9999.000,9999.000,9999.000,9999.000,9999.000,9999.000,9999.000,9999.000
202603210512,   0.117,9999.000,9999.000,9999.000,9999.000,9999.000,9999.000,9999.000,9999.000
202603210518,   0.126,9999.000,9999.000,9999.000,9999.000,9999.000,9999.000,9999.000,9999.000
202603210524,   0.136,9999.000,9999.000,9999.000,9999.000,9999.000,9999.000,9999.000,9999.000
202603210530,   0.146,9999.000,9999.000,9999.000,9999.000,9999.000,9999.000,9999.000,9999.000
202603210536,   0.158,9999.000,9999.000,9999.000,9999.000,9999.000,9999.000,9999.000,9999.000
202603210542,   0.170,9999.000,9999.000,9999.000,9999.000,9999.000,9999.000,9999.000,9999.000
202603210548,   0.183,9999.000,9999.000,9999.000,9999.000,9999.000,9999.000,9999.000,9999.000
202603210554,   0.197,9999.000,9999.000,9999.000,9999.000,9999.000,9999.000,9999.000,9999.000
202603210600,   0.212,9999.000,   0.000,   0.063,   0.275,   0.000,   0.275,   0.000,   0.275
202603210606,   0.227,9999.000,9999.000,9999.000,9999.000,9999.000,9999.000,9999.000,9999.000
202603210612,   0.243,9999.000,9999.000,9999.000,9999.000,9999.000,9999.000,9999.000,9999.000
202603210618,   0.260,9999.000,9999.000,9999.000,9999.000,9999.000,9999.000,9999.000,9999.000
202603210624,   0.278,9999.000,9999.000,9999.000,9999.000,9999.000,9999.000,9999.000,9999.000
202603210630,   0.296,9999.000,9999.000,9999.000,9999.000,9999.000,9999.000,9999.000,9999.000
202603210636,   0.315,9999.000,9999.000,9999.000,9999.000,9999.000,9999.000,9999.000,9999.000
202603210642,   0.334,9999.000,9999.000,9999.000,9999.000,9999.000,9999.000,9999.000,9999.000
202603210648,   0.354,9999.000,9999.000,9999.000,9999.000,9999.000,9999.000,9999.000,9999.000
202603210654,   0.375,9999.000,9999.000,9999.000,9999.000,9999.000,9999.000,9999.000,9999.000
202603210700,   0.396,9999.000,   0.000,   0.063,   0.459,   0.000,   0.459,   0.000,   0.459
202603210706,   0.417,9999.000,9999.000,9999.000,9999.000,9999.000,9999.000,9999.000,9999.000
202603210712,   0.439,9999.000,9999.000,9999.000,9999.000,9999.000,9999.000,9999.000,9999.000
202603210718,   0.461,9999.000,9999.000,9999.000,9999.000,9999.000,9999.000,9999.000,9999.000
202603210724,   0.483,9999.000,9999.000,9999.000,9999.000,9999.000,9999.000,9999.000,9999.000
202603210730,   0.506,9999.000,9999.000,9999.000,9999.000,9999.000,9999.000,9999.000,9999.000
202603210736,   0.528,9999.000,9999.000,9999.000,9999.000,9999.000,9999.000,9999.000,9999.000
202603210742,   0.551,9999.000,9999.000,9999.000,9999.000,9999.000,9999.000,9999.000,9999.000
202603210748,   0.574,9999.000,9999.000,9999.000,9999.000,9999.000,9999.000,9999.000,9999.000
202603210754,   0.596,9999.000,9999.000,9999.000,9999.000,9999.000,9999.000,9999.000,9999.000
202603210800,   0.619,9999.000,   0.000,   0.063,   0.682,   0.000,   0.682,   0.000,   0.682
202603210806,   0.641,9999.000,9999.000,9999.000,9999.000,9999.000,9999.000,9999.000,9999.000
202603210812,   0.664,9999.000,9999.000,9999.000,9999.000,9999.000,9999.000,9999.000,9999.000
202603210818,   0.686,9999.000,9999.000,9999.000,9999.000,9999.000,9999.000,9999.000,9999.000
202603210824,   0.707,9999.000,9999.000,9999.000,9999.000,9999.000,9999.000,9999.000,9999.000
202603210830,   0.728,9999.000,9999.000,9999.000,9999.000,9999.000,9999.000,9999.000,9999.000
202603210836,   0.749,9999.000,9999.000,9999.000,9999.000,9999.000,9999.000,9999.000,9999.000
202603210842,   0.769,9999.000,9999.000,9999.000,9999.000,9999.000,9999.000,9999.000,9999.000
202603210848,   0.789,9999.000,9999.000,9999.000,9999.000,9999.000,9999.000,9999.000,9999.000
202603210854,   0.807,9999.000,9999.000,9999.000,9999.000,9999.000,9999.000,9999.000,9999.000
202603210900,   0.826,9999.000,   0.000,   0.063,   0.889,   0.000,   0.889,   0.000,   0.889
202603210906,   0.843,9999.000,9999.000,9999.000,9999.000,9999.000,9999.000,9999.000,9999.000
202603210912,   0.860,9999.000,9999.000,9999.000,9999.000,9999.000,9999.000,9999.000,9999.000
202603210918,   0.876,9999.000,9999.000,9999.000,9999.000,9999.000,9999.000,9999.000,9999.000
202603210924,   0.891,9999.000,9999.000,9999.000,9999.000,9999.000,9999.000,9999.000,9999.000
202603210930,   0.906,9999.000,9999.000,9999.000,9999.000,9999.000,9999.000,9999.000,9999.000
202603210936,   0.919,9999.000,9999.000,9999.000,9999.000,9999.000,9999.000,9999.000,9999.000
202603210942,   0.932,9999.000,9999.000,9999.000,9999.000,9999.000,9999.000,9999.000,9999.000
202603210948,   0.944,9999.000,9999.000,9999.000,9999.000,9999.000,9999.000,9999.000,9999.000
202603210954,   0.955,9999.000,9999.000,9999.000,9999.000,9999.000,9999.000,9999.000,9999.000
202603211000,   0.965,9999.000,   0.000,   0.063,   1.028,   0.000,   1.028,   0.000,   1.028
202603211006,   0.974,9999.000,9999.000,9999.000,9999.000,9999.000,9999.000,9999.000,9999.000
202603211012,   0.982,9999.000,9999.000,9999.000,9999.000,9999.000,9999.000,9999.000,9999.000
202603211018,   0.989,9999.000,9999.000,9999.000,9999.000,9999.000,9999.000,9999.000,9999.000
202603211024,   0.996,9999.000,9999.000,9999.000,9999.000,9999.000,9999.000,9999.000,9999.000
202603211030,   1.002,9999.000,9999.000,9999.000,9999.000,9999.000,9999.000,9999.000,9999.000
202603211036,   1.006,9999.000,9999.000,9999.000,9999.000,9999.000,9999.000,9999.000,9999.000
202603211042,   1.011,9999.000,9999.000,9999.000,9999.000,9999.000,9999.000,9999.000,9999.000
202603211048,   1.014,9999.000,9999.000,9999.000,9999.000,9999.000,9999.000,9999.000,9999.000
202603211054,   1.016,9999.000,9999.000,9999.000,9999.000,9999.000,9999.000,9999.000,9999.000
202603211100,   1.018,9999.000,   0.000,   0.063,   1.081,   0.000,   1.081,   0.000,   1.081
202603211106,   1.020,9999.000,9999.000,9999.000,9999.000,9999.000,9999.000,9999.000,9999.000
202603211112,   1.020,9999.000,9999.000,9999.000,9999.000,9999.000,9999.000,9999.000,9999.000
202603211118,   1.020,9999.000,9999.000,9999.000,9999.000,9999.000,9999.000,9999.000,9999.000
202603211124,   1.020,9999.000,9999.000,9999.000,9999.000,9999.000,9999.000,9999.000,9999.000
202603211130,   1.019,9999.000,9999.000,9999.000,9999.000,9999.000,9999.000,9999.000,9999.000
202603211136,   1.017,9999.000,9999.000,9999.000,9999.000,9999.000,9999.000,9999.000,9999.000
202603211142,   1.016,9999.000,9999.000,9999.000,9999.000,9999.000,9999.000,9999.000,9999.000
202603211148,   1.013,9999.000,9999.000,9999.000,9999.000,9999.000,9999.000,9999.000,9999.000
202603211154,   1.011,9999.000,9999.000,9999.000,9999.000,9999.000,9999.000,9999.000,9999.000
202603211200,   1.008,9999.000,   0.000,   0.063,   1.071,   0.000,   1.071,   0.000,   1.071
202603211206,   1.005,9999.000,9999.000,9999.000,9999.000,9999.000,9999.000,9999.000,9999.000
202603211212,   1.002,9999.000,9999.000,9999.000,9999.000,9999.000,9999.000,9999.000,9999.000
202603211218,   0.999,9999.000,9999.000,9999.000,9999.000,9999.000,9999.000,9999.000,9999.000
202603211224,   0.995,9999.000,9999.000,9999.000,9999.000,9999.000,9999.000,9999.000,9999.000
202603211230,   0.991,9999.000,9999.000,9999.000,9999.000,9999.000,9999.000,9999.000,9999.000
202603211236,   0.988,9999.000,9999.000,9999.000,9999.000,9999.000,9999.000,9999.000,9999.000
202603211242,   0.984,9999.000,9999.000,9999.000,9999.000,9999.000,9999.000,9999.000,9999.000
202603211248,   0.980,9999.000,9999.000,9999.000,9999.000,9999.000,9999.000,9999.000,9999.000
202603211254,   0.977,9999.000,9999.000,9999.000,9999.000,9999.000,9999.000,9999.000,9999.000
202603211300,   0.973,9999.000,   0.000,   0.063,   1.036,   0.000,   1.036,   0.000,   1.036
202603211306,   0.969,9999.000,9999.000,9999.000,9999.000,9999.000,9999.000,9999.000,9999.000
202603211312,   0.966,9999.000,9999.000,9999.000,9999.000,9999.000,9999.000,9999.000,9999.000
202603211318,   0.962,9999.000,9999.000,9999.000,9999.000,9999.000,9999.000,9999.000,9999.000
202603211324,   0.959,9999.000,9999.000,9999.000,9999.000,9999.000,9999.000,9999.000,9999.000
202603211330,   0.956,9999.000,9999.000,9999.000,9999.000,9999.000,9999.000,9999.000,9999.000
202603211336,   0.953,9999.000,9999.000,9999.000,9999.000,9999.000,9999.000,9999.000,9999.000
202603211342,   0.950,9999.000,9999.000,9999.000,9999.000,9999.000,9999.000,9999.000,9999.000
202603211348,   0.946,9999.000,9999.000,9999.000,9999.000,9999.000,9999.000,9999.000,9999.000
202603211354,   0.944,9999.000,9999.000,9999.000,9999.000,9999.000,9999.000,9999.000,9999.000
202603211400,   0.941,9999.000,   0.000,   0.063,   1.004,   0.000,   1.004,   0.000,   1.004
202603211406,   0.938,9999.000,9999.000,9999.000,9999.000,9999.000,9999.000,9999.000,9999.000
202603211412,   0.935,9999.000,9999.000,9999.000,9999.000,9999.000,9999.000,9999.000,9999.000
202603211418,   0.933,9999.000,9999.000,9999.000,9999.000,9999.000,9999.000,9999.000,9999.000
202603211424,   0.930,9999.000,9999.000,9999.000,9999.000,9999.000,9999.000,9999.000,9999.000
202603211430,   0.927,9999.000,9999.000,9999.000,9999.000,9999.000,9999.000,9999.000,9999.000
202603211436,   0.925,9999.000,9999.000,9999.000,9999.000,9999.000,9999.000,9999.000,9999.000
202603211442,   0.922,9999.000,9999.000,9999.000,9999.000,9999.000,9999.000,9999.000,9999.000
202603211448,   0.920,9999.000,9999.000,9999.000,9999.000,9999.000,9999.000,9999.000,9999.000
202603211454,   0.917,9999.000,9999.000,9999.000,9999.000,9999.000,9999.000,9999.000,9999.000
202603211500,   0.915,9999.000,   0.000,   0.063,   0.978,   0.000,   0.978,   0.000,   0.978
202603211506,   0.912,9999.000,9999.000,9999.000,9999.000,9999.000,9999.000,9999.000,9999.000
202603211512,   0.909,9999.000,9999.000,9999.000,9999.000,9999.000,9999.000,9999.000,9999.000
202603211518,   0.907,9999.000,9999.000,9999.000,9999.000,9999.000,9999.000,9999.000,9999.000
202603211524,   0.904,9999.000,9999.000,9999.000,9999.000,9999.000,9999.000,9999.000,9999.000
202603211530,   0.901,9999.000,9999.000,9999.000,9999.000,9999.000,9999.000,9999.000,9999.000
202603211536,   0.898,9999.000,9999.000,9999.000,9999.000,9999.000,9999.000,9999.000,9999.000
202603211542,   0.895,9999.000,9999.000,9999.000,9999.000,9999.000,9999.000,9999.000,9999.000
202603211548,   0.892,9999.000,9999.000,9999.000,9999.000,9999.000,9999.000,9999.000,9999.000
202603211554,   0.889,9999.000,9999.000,9999.000,9999.000,9999.000,9999.000,9999.000,9999.000
202603211600,   0.886,9999.000,   0.000,   0.063,   0.949,   0.000,   0.949,   0.000,   0.949
202603211606,   0.883,9999.000,9999.000,9999.000,9999.000,9999.000,9999.000,9999.000,9999.000
202603211612,   0.879,9999.000,9999.000,9999.000,9999.000,9999.000,9999.000,9999.000,9999.000
202603211618,   0.876,9999.000,9999.000,9999.000,9999.000,9999.000,9999.000,9999.000,9999.000
202603211624,   0.873,9999.000,9999.000,9999.000,9999.000,9999.000,9999.000,9999.000,9999.000
202603211630,   0.870,9999.000,9999.000,9999.000,9999.000,9999.000,9999.000,9999.000,9999.000
202603211636,   0.867,9999.000,9999.000,9999.000,9999.000,9999.000,9999.000,9999.000,9999.000
202603211642,   0.863,9999.000,9999.000,9999.000,9999.000,9999.000,9999.000,9999.000,9999.000
202603211648,   0.860,9999.000,9999.000,9999.000,9999.000,9999.000,9999.000,9999.000,9999.000
202603211654,   0.857,9999.000,9999.000,9999.000,9999.000,9999.000,9999.000,9999.000,9999.000
202603211700,   0.854,9999.000,   0.000,   0.063,   0.917,   0.000,   0.917,   0.000,   0.917
202603211706,   0.852,9999.000,9999.000,9999.000,9999.000,9999.000,9999.000,9999.000,9999.000
202603211712,   0.849,9999.000,9999.000,9999.000,9999.000,9999.000,9999.000,9999.000,9999.000
202603211718,   0.846,9999.000,9999.000,9999.000,9999.000,9999.000,9999.000,9999.000,9999.000
202603211724,   0.844,9999.000,9999.000,9999.000,9999.000,9999.000,9999.000,9999.000,9999.000
202603211730,   0.842,9999.000,9999.000,9999.000,9999.000,9999.000,9999.000,9999.000,9999.000
202603211736,   0.840,9999.000,9999.000,9999.000,9999.000,9999.000,9999.000,9999.000,9999.000
202603211742,   0.839,9999.000,9999.000,9999.000,9999.000,9999.000,9999.000,9999.000,9999.000
202603211748,   0.837,9999.000,9999.000,9999.000,9999.000,9999.000,9999.000,9999.000,9999.000
202603211754,   0.836,9999.000,9999.000,9999.000,9999.000,9999.000,9999.000,9999.000,9999.000
202603211800,   0.836,9999.000,   0.000,   0.063,   0.899,   0.000,   0.899,   0.000,   0.899
202603211806,   0.835,9999.000,9999.000,9999.000,9999.000,9999.000,9999.000,9999.000,9999.000
202603211812,   0.835,9999.000,9999.000,9999.000,9999.000,9999.000,9999.000,9999.000,9999.000
202603211818,   0.835,9999.000,9999.000,9999.000,9999.000,9999.000,9999.000,9999.000,9999.000
202603211824,   0.836,9999.000,9999.000,9999.000,9999.000,9999.000,9999.000,9999.000,9999.000
202603211830,   0.837,9999.000,9999.000,9999.000,9999.000,9999.000,9999.000,9999.000,9999.000
202603211836,   0.838,9999.000,9999.000,9999.000,9999.000,9999.000,9999.000,9999.000,9999.000
202603211842,   0.840,9999.000,9999.000,9999.000,9999.000,9999.000,9999.000,9999.000,9999.000
202603211848,   0.841,9999.000,9999.000,9999.000,9999.000,9999.000,9999.000,9999.000,9999.000
202603211854,   0.844,9999.000,9999.000,9999.000,9999.000,9999.000,9999.000,9999.000,9999.000
202603211900,   0.846,9999.000,   0.000,   0.063,   0.909,   0.000,   0.909,   0.000,   0.909
202603211906,   0.849,9999.000,9999.000,9999.000,9999.000,9999.000,9999.000,9999.000,9999.000
202603211912,   0.851,9999.000,9999.000,9999.000,9999.000,9999.000,9999.000,9999.000,9999.000
202603211918,   0.855,9999.000,9999.000,9999.000,9999.000,9999.000,9999.000,9999.000,9999.000
202603211924,   0.858,9999.000,9999.000,9999.000,9999.000,9999.000,9999.000,9999.000,9999.000
202603211930,   0.861,9999.000,9999.000,9999.000,9999.000,9999.000,9999.000,9999.000,9999.000
202603211936,   0.865,9999.000,9999.000,9999.000,9999.000,9999.000,9999.000,9999.000,9999.000
202603211942,   0.868,9999.000,9999.000,9999.000,9999.000,9999.000,9999.000,9999.000,9999.000
202603211948,   0.872,9999.000,9999.000,9999.000,9999.000,9999.000,9999.000,9999.000,9999.000
202603211954,   0.876,9999.000,9999.000,9999.000,9999.000,9999.000,9999.000,9999.000,9999.000
202603212000,   0.879,9999.000,   0.000,   0.063,   0.942,   0.000,   0.942,   0.000,   0.942
202603212006,   0.883,9999.000,9999.000,9999.000,9999.000,9999.000,9999.000,9999.000,9999.000
202603212012,   0.886,9999.000,9999.000,9999.000,9999.000,9999.000,9999.000,9999.000,9999.000
202603212018,   0.889,9999.000,9999.000,9999.000,9999.000,9999.000,9999.000,9999.000,9999.000
202603212024,   0.892,9999.000,9999.000,9999.000,9999.000,9999.000,9999.000,9999.000,9999.000
202603212030,   0.895,9999.000,9999.000,9999.000,9999.000,9999.000,9999.000,9999.000,9999.000
202603212036,   0.897,9999.000,9999.000,9999.000,9999.000,9999.000,9999.000,9999.000,9999.000
202603212042,   0.899,9999.000,9999.000,9999.000,9999.000,9999.000,9999.000,9999.000,9999.000
202603212048,   0.900,9999.000,9999.000,9999.000,9999.000,9999.000,9999.000,9999.000,9999.000
202603212054,   0.901,9999.000,9999.000,9999.000,9999.000,9999.000,9999.000,9999.000,9999.000
202603212100,   0.901,9999.000,   0.000,   0.063,   0.964,   0.000,   0.964,   0.000,   0.964
202603212106,   0.901,9999.000,9999.000,9999.000,9999.000,9999.000,9999.000,9999.000,9999.000
202603212112,   0.900,9999.000,9999.000,9999.000,9999.000,9999.000,9999.000,9999.000,9999.000
202603212118,   0.899,9999.000,9999.000,9999.000,9999.000,9999.000,9999.000,9999.000,9999.000
202603212124,   0.897,9999.000,9999.000,9999.000,9999.000,9999.000,9999.000,9999.000,9999.000
202603212130,   0.894,9999.000,9999.000,9999.000,9999.000,9999.000,9999.000,9999.000,9999.000
202603212136,   0.890,9999.000,9999.000,9999.000,9999.000,9999.000,9999.000,9999.000,9999.000
202603212142,   0.886,9999.000,9999.000,9999.000,9999.000,9999.000,9999.000,9999.000,9999.000
202603212148,   0.881,9999.000,9999.000,9999.000,9999.000,9999.000,9999.000,9999.000,9999.000
202603212154,   0.875,9999.000,9999.000,9999.000,9999.000,9999.000,9999.000,9999.000,9999.000
202603212200,   0.868,9999.000,   0.000,   0.063,   0.931,   0.000,   0.931,   0.000,   0.931
202603212206,   0.861,9999.000,9999.000,9999.000,9999.000,9999.000,9999.000,9999.000,9999.000
202603212212,   0.852,9999.000,9999.000,9999.000,9999.000,9999.000,9999.000,9999.000,9999.000
202603212218,   0.843,9999.000,9999.000,9999.000,9999.000,9999.000,9999.000,9999.000,9999.000
202603212224,   0.833,9999.000,9999.000,9999.000,9999.000,9999.000,9999.000,9999.000,9999.000
202603212230,   0.822,9999.000,9999.000,9999.000,9999.000,9999.000,9999.000,9999.000,9999.000
202603212236,   0.810,9999.000,9999.000,9999.000,9999.000,9999.000,9999.000,9999.000,9999.000
202603212242,   0.798,9999.000,9999.000,9999.000,9999.000,9999.000,9999.000,9999.000,9999.000
202603212248,   0.785,9999.000,9999.000,9999.000,9999.000,9999.000,9999.000,9999.000,9999.000
202603212254,   0.771,9999.000,9999.000,9999.000,9999.000,9999.000,9999.000,9999.000,9999.000
202603212300,   0.756,9999.000,   0.000,   0.063,   0.819,   0.000,   0.819,   0.000,   0.819
202603212306,   0.740,9999.000,9999.000,9999.000,9999.000,9999.000,9999.000,9999.000,9999.000
202603212312,   0.724,9999.000,9999.000,9999.000,9999.000,9999.000,9999.000,9999.000,9999.000
202603212318,   0.708,9999.000,9999.000,9999.000,9999.000,9999.000,9999.000,9999.000,9999.000
202603212324,   0.691,9999.000,9999.000,9999.000,9999.000,9999.000,9999.000,9999.000,9999.000
202603212330,   0.673,9999.000,9999.000,9999.000,9999.000,9999.000,9999.000,9999.000,9999.000
202603212336,   0.655,9999.000,9999.000,9999.000,9999.000,9999.000,9999.000,9999.000,9999.000
202603212342,   0.636,9999.000,9999.000,9999.000,9999.000,9999.000,9999.000,9999.000,9999.000
202603212348,   0.617,9999.000,9999.000,9999.000,9999.000,9999.000,9999.000,9999.000,9999.000
202603212354,   0.597,9999.000,9999.000,9999.000,9999.000,9999.000,9999.000,9999.000,9999.000
202603220000,   0.578,9999.000,   0.000,   0.063,   0.641,   0.000,   0.641,   0.100,   0.741
202603220006,   0.557,9999.000,9999.000,9999.000,9999.000,9999.000,9999.000,9999.000,9999.000
202603220012,   0.537,9999.000,9999.000,9999.000,9999.000,9999.000,9999.000,9999.000,9999.000
202603220018,   0.517,9999.000,9999.000,9999.000,9999.000,9999.000,9999.000,9999.000,9999.000
202603220024,   0.496,9999.000,9999.000,9999.000,9999.000,9999.000,9999.000,9999.000,9999.000
202603220030,   0.476,9999.000,9999.000,9999.000,9999.000,9999.000,9999.000,9999.000,9999.000
202603220036,   0.455,9999.000,9999.000,9999.000,9999.000,9999.000,9999.000,9999.000,9999.000
202603220042,   0.435,9999.000,9999.000,9999.000,9999.000,9999.000,9999.000,9999.000,9999.000
202603220048,   0.414,9999.000,9999.000,9999.000,9999.000,9999.000,9999.000,9999.000,9999.000
202603220054,   0.394,9999.000,9999.000,9999.000,9999.000,9999.000,9999.000,9999.000,9999.000
202603220100,   0.374,9999.000,   0.000,   0.063,   0.437,   0.000,   0.437,   0.100,   0.537
202603220106,   0.354,9999.000,9999.000,9999.000,9999.000,9999.000,9999.000,9999.000,9999.000
202603220112,   0.334,9999.000,9999.000,9999.000,9999.000,9999.000,9999.000,9999.000,9999.000
202603220118,   0.314,9999.000,9999.000,9999.000,9999.000,9999.000,9999.000,9999.000,9999.000
202603220124,   0.295,9999.000,9999.000,9999.000,9999.000,9999.000,9999.000,9999.000,9999.000
202603220130,   0.276,9999.000,9999.000,9999.000,9999.000,9999.000,9999.000,9999.000,9999.000
202603220136,   0.257,9999.000,9999.000,9999.000,9999.000,9999.000,9999.000,9999.000,9999.000
202603220142,   0.239,9999.000,9999.000,9999.000,9999.000,9999.000,9999.000,9999.000,9999.000
202603220148,   0.221,9999.000,9999.000,9999.000,9999.000,9999.000,9999.000,9999.000,9999.000
202603220154,   0.203,9999.000,9999.000,9999.000,9999.000,9999.000,9999.000,9999.000,9999.000
202603220200,   0.186,9999.000,   0.000,   0.063,   0.249,   0.000,   0.249,   0.100,   0.349
202603220206,   0.170,9999.000,9999.000,9999.000,9999.000,9999.000,9999.000,9999.000,9999.000
202603220212,   0.153,9999.000,9999.000,9999.000,9999.000,9999.000,9999.000,9999.000,9999.000
202603220218,   0.138,9999.000,9999.000,9999.000,9999.000,9999.000,9999.000,9999.000,9999.000
202603220224,   0.122,9999.000,9999.000,9999.000,9999.000,9999.000,9999.000,9999.000,9999.000
202603220230,   0.108,9999.000,9999.000,9999.000,9999.000,9999.000,9999.000,9999.000,9999.000
202603220236,   0.093,9999.000,9999.000,9999.000,9999.000,9999.000,9999.000,9999.000,9999.000
202603220242,   0.080,9999.000,9999.000,9999.000,9999.000,9999.000,9999.000,9999.000,9999.000
202603220248,   0.066,9999.000,9999.000,9999.000,9999.000,9999.000,9999.000,9999.000,9999.000
202603220254,   0.053,9999.000,9999.000,9999.000,9999.000,9999.000,9999.000,9999.000,9999.000
202603220300,   0.041,9999.000,   0.000,   0.063,   0.104,   0.000,   0.104,   0.100,   0.204
202603220306,   0.029,9999.000,9999.000,9999.000,9999.000,9999.000,9999.000,9999.000,9999.000
202603220312,   0.018,9999.000,9999.000,9999.000,9999.000,9999.000,9999.000,9999.000,9999.000
202603220318,   0.008,9999.000,9999.000,9999.000,9999.000,9999.000,9999.000,9999.000,9999.000
202603220324,  -0.001,9999.000,9999.000,9999.000,9999.000,9999.000,9999.000,9999.000,9999.000
202603220330,  -0.011,9999.000,9999.000,9999.000,9999.000,9999.000,9999.000,9999.000,9999.000
202603220336,  -0.020,9999.000,9999.000,9999.000,9999.000,9999.000,9999.000,9999.000,9999.000
202603220342,  -0.028,9999.000,9999.000,9999.000,9999.000,9999.000,9999.000,9999.000,9999.000
202603220348,  -0.036,9999.000,9999.000,9999.000,9999.000,9999.000,9999.000,9999.000,9999.000
202603220354,  -0.043,9999.000,9999.000,9999.000,9999.000,9999.000,9999.000,9999.000,9999.000
202603220400,  -0.050,9999.000,   0.000,   0.063,   0.013,   0.000,   0.013,   0.000,   0.013
202603220406,  -0.056,9999.000,9999.000,9999.000,9999.000,9999.000,9999.000,9999.000,9999.000
202603220412,  -0.061,9999.000,9999.000,9999.000,9999.000,9999.000,9999.000,9999.000,9999.000
202603220418,  -0.066,9999.000,9999.000,9999.000,9999.000,9999.000,9999.000,9999.000,9999.000
202603220424,  -0.070,9999.000,9999.000,9999.000,9999.000,9999.000,9999.000,9999.000,9999.000
202603220430,  -0.073,9999.000,9999.000,9999.000,9999.000,9999.000,9999.000,9999.000,9999.000
202603220436,  -0.076,9999.000,9999.000,9999.000,9999.000,9999.000,9999.000,9999.000,9999.000
202603220442,  -0.078,9999.000,9999.000,9999.000,9999.000,9999.000,9999.000,9999.000,9999.000
202603220448,  -0.079,9999.000,9999.000,9999.000,9999.000,9999.000,9999.000,9999.000,9999.000
202603220454,  -0.079,9999.000,9999.000,9999.000,9999.000,9999.000,9999.000,9999.000,9999.000
202603220500,  -0.078,9999.000,   0.000,   0.063,  -0.015,   0.000,  -0.015,   0.000,  -0.015
202603220506,  -0.077,9999.000,9999.000,9999.000,9999.000,9999.000,9999.000,9999.000,9999.000
202603220512,  -0.075,9999.000,9999.000,9999.000,9999.000,9999.000,9999.000,9999.000,9999.000
202603220518,  -0.072,9999.000,9999.000,9999.000,9999.000,9999.000,9999.000,9999.000,9999.000
202603220524,  -0.068,9999.000,9999.000,9999.000,9999.000,9999.000,9999.000,9999.000,9999.000
202603220530,  -0.063,9999.000,9999.000,9999.000,9999.000,9999.000,9999.000,9999.000,9999.000
202603220536,  -0.058,9999.000,9999.000,9999.000,9999.000,9999.000,9999.000,9999.000,9999.000
202603220542,  -0.051,9999.000,9999.000,9999.000,9999.000,9999.000,9999.000,9999.000,9999.000
202603220548,  -0.044,9999.000,9999.000,9999.000,9999.000,9999.000,9999.000,9999.000,9999.000
202603220554,  -0.035,9999.000,9999.000,9999.000,9999.000,9999.000,9999.000,9999.000,9999.000
202603220600,  -0.026,9999.000,   0.000,   0.063,   0.037,   0.000,   0.037,   0.000,   0.037
202603220606,  -0.016,9999.000,9999.000,9999.000,9999.000,9999.000,9999.000,9999.000,9999.000
202603220612,  -0.005,9999.000,9999.000,9999.000,9999.000,9999.000,9999.000,9999.000,9999.000
202603220618,   0.007,9999.000,9999.000,9999.000,9999.000,9999.000,9999.000,9999.000,9999.000
202603220624,   0.020,9999.000,9999.000,9999.000,9999.000,9999.000,9999.000,9999.000,9999.000
202603220630,   0.034,9999.000,9999.000,9999.000,9999.000,9999.000,9999.000,9999.000,9999.000
202603220636,   0.049,9999.000,9999.000,9999.000,9999.000,9999.000,9999.000,9999.000,9999.000
202603220642,   0.065,9999.000,9999.000,9999.000,9999.000,9999.000,9999.000,9999.000,9999.000
202603220648,   0.081,9999.000,9999.000,9999.000,9999.000,9999.000,9999.000,9999.000,9999.000
202603220654,   0.099,9999.000,9999.000,9999.000,9999.000,9999.000,9999.000,9999.000,9999.000
202603220700,   0.118,9999.000,   0.000,   0.063,   0.181,   0.000,   0.181,   0.100,   0.281
202603220706,   0.137,9999.000,9999.000,9999.000,9999.000,9999.000,9999.000,9999.000,9999.000
202603220712,   0.157,9999.000,9999.000,9999.000,9999.000,9999.000,9999.000,9999.000,9999.000
202603220718,   0.178,9999.000,9999.000,9999.000,9999.000,9999.000,9999.000,9999.000,9999.000
202603220724,   0.199,9999.000,9999.000,9999.000,9999.000,9999.000,9999.000,9999.000,9999.000
202603220730,   0.221,9999.000,9999.000,9999.000,9999.000,9999.000,9999.000,9999.000,9999.000
202603220736,   0.244,9999.000,9999.000,9999.000,9999.000,9999.000,9999.000,9999.000,9999.000
202603220742,   0.268,9999.000,9999.000,9999.000,9999.000,9999.000,9999.000,9999.000,9999.000
202603220748,   0.291,9999.000,9999.000,9999.000,9999.000,9999.000,9999.000,9999.000,9999.000
202603220754,   0.316,9999.000,9999.000,9999.000,9999.000,9999.000,9999.000,9999.000,9999.000
202603220800,   0.340,9999.000,   0.000,   0.063,   0.403,   0.000,   0.403,   0.100,   0.503
202603220806,   0.365,9999.000,9999.000,9999.000,9999.000,9999.000,9999.000,9999.000,9999.000
202603220812,   0.390,9999.000,9999.000,9999.000,9999.000,9999.000,9999.000,9999.000,9999.000
202603220818,   0.416,9999.000,9999.000,9999.000,9999.000,9999.000,9999.000,9999.000,9999.000
202603220824,   0.441,9999.000,9999.000,9999.000,9999.000,9999.000,9999.000,9999.000,9999.000
202603220830,   0.467,9999.000,9999.000,9999.000,9999.000,9999.000,9999.000,9999.000,9999.000
202603220836,   0.492,9999.000,9999.000,9999.000,9999.000,9999.000,9999.000,9999.000,9999.000
202603220842,   0.518,9999.000,9999.000,9999.000,9999.000,9999.000,9999.000,9999.000,9999.000
202603220848,   0.543,9999.000,9999.000,9999.000,9999.000,9999.000,9999.000,9999.000,9999.000
202603220854,   0.568,9999.000,9999.000,9999.000,9999.000,9999.000,9999.000,9999.000,9999.000
202603220900,   0.593,9999.000,   0.000,   0.063,   0.656,   0.000,   0.656,   0.100,   0.756
202603220906,   0.618,9999.000,9999.000,9999.000,9999.000,9999.000,9999.000,9999.000,9999.000
202603220912,   0.642,9999.000,9999.000,9999.000,9999.000,9999.000,9999.000,9999.000,9999.000
202603220918,   0.665,9999.000,9999.000,9999.000,9999.000,9999.000,9999.000,9999.000,9999.000
202603220924,   0.689,9999.000,9999.000,9999.000,9999.000,9999.000,9999.000,9999.000,9999.000
202603220930,   0.711,9999.000,9999.000,9999.000,9999.000,9999.000,9999.000,9999.000,9999.000
202603220936,   0.733,9999.000,9999.000,9999.000,9999.000,9999.000,9999.000,9999.000,9999.000
202603220942,   0.755,9999.000,9999.000,9999.000,9999.000,9999.000,9999.000,9999.000,9999.000
202603220948,   0.775,9999.000,9999.000,9999.000,9999.000,9999.000,9999.000,9999.000,9999.000
202603220954,   0.795,9999.000,9999.000,9999.000,9999.000,9999.000,9999.000,9999.000,9999.000
202603221000,   0.815,9999.000,   0.000,   0.063,   0.878,   0.000,   0.878,   0.100,   0.978
202603221006,   0.833,9999.000,9999.000,9999.000,9999.000,9999.000,9999.000,9999.000,9999.000
202603221012,   0.851,9999.000,9999.000,9999.000,9999.000,9999.000,9999.000,9999.000,9999.000
202603221018,   0.867,9999.000,9999.000,9999.000,9999.000,9999.000,9999.000,9999.000,9999.000
202603221024,   0.883,9999.000,9999.000,9999.000,9999.000,9999.000,9999.000,9999.000,9999.000
202603221030,   0.898,9999.000,9999.000,9999.000,9999.000,9999.000,9999.000,9999.000,9999.000
202603221036,   0.913,9999.000,9999.000,9999.000,9999.000,9999.000,9999.000,9999.000,9999.000
202603221042,   0.926,9999.000,9999.000,9999.000,9999.000,9999.000,9999.000,9999.000,9999.000
202603221048,   0.939,9999.000,9999.000,9999.000,9999.000,9999.000,9999.000,9999.000,9999.000
202603221054,   0.950,9999.000,9999.000,9999.000,9999.000,9999.000,9999.000,9999.000,9999.000
202603221100,   0.961,9999.000,   0.000,   0.063,   1.024,   0.000,   1.024,   0.100,   1.124
202603221106,   0.971,9999.000,9999.000,9999.000,9999.000,9999.000,9999.000,9999.000,9999.000
202603221112,   0.980,9999.000,9999.000,9999.000,9999.000,9999.000,9999.000,9999.000,9999.000
202603221118,   0.989,9999.000,9999.000,9999.000,9999.000,9999.000,9999.000,9999.000,9999.000
202603221124,   0.997,9999.000,9999.000,9999.000,9999.000,9999.000,9999.000,9999.000,9999.000
202603221130,   1.004,9999.000,9999.000,9999.000,9999.000,9999.000,9999.000,9999.000,9999.000
202603221136,   1.010,9999.000,9999.000,9999.000,9999.000,9999.000,9999.000,9999.000,9999.000
202603221142,   1.016,9999.000,9999.000,9999.000,9999.000,9999.000,9999.000,9999.000,9999.000
202603221148,   1.021,9999.000,9999.000,9999.000,9999.000,9999.000,9999.000,9999.000,9999.000
202603221154,   1.026,9999.000,9999.000,9999.000,9999.000,9999.000,9999.000,9999.000,9999.000
202603221200,   1.030,9999.000,   0.000,   0.063,   1.093,   0.000,   1.093,   0.100,   1.193
