        TIME,    TIDE,      OB,   SURGE,    BIAS,     TWL,SURGE90p,  TWL90p,SURGE10p,   TWL10p
202607010600,   0.956,   1.390,   0.400,   0.034,   1.390,   0.400,   1.390,   0.400,   1.390
202607010606,   0.930,9999.000,9999.000,9999.000,9999.000,9999.000,9999.000,9999.000,9999.000
202607010612,   0.904,   1.328,9999.000,9999.000,9999.000,9999.000,9999.000,9999.000,9999.000
202607010618,   0.879,9999.000,9999.000,9999.000,9999.000,9999.000,9999.000,9999.000,9999.000
202607010624,   0.854,   1.249,9999.000,9999.000,9999.000,9999.000,9999.000,9999.000,9999.000
202607010630,   0.830,9999.000,9999.000,9999.000,9999.000,9999.000,9999.000,9999.000,9999.000
202607010636,   0.806,   1.180,9999.000,9999.000,9999.000,9999.000,9999.000,9999.000,9999.000
202607010642,   0.783,9999.000,9999.000,9999.000,9999.000,9999.000,9999.000,9999.000,9999.000
202607010648,   0.760,   1.108,9999.000,9999.000,9999.000,9999.000,9999.000,9999.000,9999.000
202607010654,   0.739,9999.000,9999.000,9999.000,9999.000,9999.000,9999.000,9999.000,9999.000
202607010700,   0.718,   1.059,   0.400,  -0.059,   1.059,   0.400,   1.059,   0.500,   1.159
202607010706,   0.698,   1.049,9999.000,9999.000,9999.000,9999.000,9999.000,9999.000,9999.000
202607010712,   0.679,   1.020,9999.000,9999.000,9999.000,9999.000,9999.000,9999.000,9999.000
202607010718,   0.661,   0.990,9999.000,9999.000,9999.000,9999.000,9999.000,9999.000,9999.000
202607010724,   0.644,   0.970,9999.000,9999.000,9999.000,9999.000,9999.000,9999.000,9999.000
202607010730,   0.628,   0.941,9999.000,9999.000,9999.000,9999.000,9999.000,9999.000,9999.000
202607010736,   0.613,   0.918,9999.000,9999.000,9999.000,9999.000,9999.000,9999.000,9999.000
202607010742,   0.600,   0.898,9999.000,9999.000,9999.000,9999.000,9999.000,9999.000,9999.000
202607010748,   0.587,   0.879,9999.000,9999.000,9999.000,9999.000,9999.000,9999.000,9999.000
202607010754,   0.575,   0.859,9999.000,9999.000,9999.000,9999.000,9999.000,9999.000,9999.000
202607010800,   0.564,   0.849,   0.400,  -0.115,   0.849,   0.400,   0.849,   0.500,   0.949
202607010806,   0.554,   0.829,9999.000,9999.000,9999.000,9999.000,9999.000,9999.000,9999.000
202607010812,   0.545,   0.810,9999.000,9999.000,9999.000,9999.000,9999.000,9999.000,9999.000
202607010818,   0.537,   0.819,9999.000,9999.000,9999.000,9999.000,9999.000,9999.000,9999.000
202607010824,   0.529,   0.800,9999.000,9999.000,9999.000,9999.000,9999.000,9999.000,9999.000
202607010830,   0.523,   0.790,9999.000,9999.000,9999.000,9999.000,9999.000,9999.000,9999.000
202607010836,   0.518,   0.780,9999.000,9999.000,9999.000,9999.000,9999.000,9999.000,9999.000
202607010842,   0.513,   0.770,9999.000,9999.000,9999.000,9999.000,9999.000,9999.000,9999.000
202607010848,   0.509,   0.760,9999.000,9999.000,9999.000,9999.000,9999.000,9999.000,9999.000
202607010854,   0.506,   0.760,9999.000,9999.000,9999.000,9999.000,9999.000,9999.000,9999.000
202607010900,   0.504,   0.760,   0.400,  -0.144,   0.760,   0.400,   0.760,   0.500,   0.860
202607010906,   0.503,   0.770,9999.000,9999.000,9999.000,9999.000,9999.000,9999.000,9999.000
202607010912,   0.502,   0.780,9999.000,9999.000,9999.000,9999.000,9999.000,9999.000,9999.000
202607010918,   0.502,   0.780,9999.000,9999.000,9999.000,9999.000,9999.000,9999.000,9999.000
202607010924,   0.503,   0.770,9999.000,9999.000,9999.000,9999.000,9999.000,9999.000,9999.000
202607010930,   0.505,   0.790,9999.000,9999.000,9999.000,9999.000,9999.000,9999.000,9999.000
202607010936,   0.507,   0.810,9999.000,9999.000,9999.000,9999.000,9999.000,9999.000,9999.000
202607010942,   0.510,   0.800,9999.000,9999.000,9999.000,9999.000,9999.000,9999.000,9999.000
202607010948,   0.514,   0.800,9999.000,9999.000,9999.000,9999.000,9999.000,9999.000,9999.000
202607010954,   0.519,   0.810,9999.000,9999.000,9999.000,9999.000,9999.000,9999.000,9999.000
202607011000,   0.524,   0.819,   0.400,  -0.105,   0.819,   0.400,   0.819,   0.400,   0.819
202607011006,   0.530,   0.829,9999.000,9999.000,9999.000,9999.000,9999.000,9999.000,9999.000
202607011012,   0.537,   0.829,9999.000,9999.000,9999.000,9999.000,9999.000,9999.000,9999.000
202607011018,   0.544,   0.849,9999.000,9999.000,9999.000,9999.000,9999.000,9999.000,9999.000
202607011024,   0.551,   0.879,9999.000,9999.000,9999.000,9999.000,9999.000,9999.000,9999.000
202607011030,   0.560,   0.859,9999.000,9999.000,9999.000,9999.000,9999.000,9999.000,9999.000
202607011036,   0.568,   0.879,9999.000,9999.000,9999.000,9999.000,9999.000,9999.000,9999.000
202607011042,   0.577,   0.898,9999.000,9999.000,9999.000,9999.000,9999.000,9999.000,9999.000
202607011048,   0.587,   0.908,9999.000,9999.000,9999.000,9999.000,9999.000,9999.000,9999.000
202607011054,   0.596,   0.908,9999.000,9999.000,9999.000,9999.000,9999.000,9999.000,9999.000
202607011100,   0.606,   0.918,   0.400,  -0.088,   0.918,   0.400,   0.918,   0.400,   0.918
202607011106,   0.616,   0.941,9999.000,9999.000,9999.000,9999.000,9999.000,9999.000,9999.000
202607011112,   0.626,   0.951,9999.000,9999.000,9999.000,9999.000,9999.000,9999.000,9999.000
202607011118,   0.636,   0.951,9999.000,9999.000,9999.000,9999.000,9999.000,9999.000,9999.000
202607011124,   0.646,   0.980,9999.000,9999.000,9999.000,9999.000,9999.000,9999.000,9999.000
202607011130,   0.655,   1.000,9999.000,9999.000,9999.000,9999.000,9999.000,9999.000,9999.000
202607011136,   0.665,   1.020,9999.000,9999.000,9999.000,9999.000,9999.000,9999.000,9999.000
202607011142,   0.674,   1.029,9999.000,9999.000,9999.000,9999.000,9999.000,9999.000,9999.000
202607011148,   0.683,   1.029,9999.000,9999.000,9999.000,9999.000,9999.000,9999.000,9999.000
202607011154,   0.691,   1.069,9999.000,9999.000,9999.000,9999.000,9999.000,9999.000,9999.000
202607011200,   0.699,   1.069,   0.300,   0.070,   1.069,   0.300,   1.069,   0.400,   1.169
202607011206,   0.706,   1.079,9999.000,9999.000,9999.000,9999.000,9999.000,9999.000,9999.000
202607011212,   0.713,   1.079,9999.000,9999.000,9999.000,9999.000,9999.000,9999.000,9999.000
202607011218,   0.719,   1.098,9999.000,9999.000,9999.000,9999.000,9999.000,9999.000,9999.000
202607011224,   0.724,   1.098,9999.000,9999.000,9999.000,9999.000,9999.000,9999.000,9999.000
202607011230,   0.729,   1.118,9999.000,9999.000,9999.000,9999.000,9999.000,9999.000,9999.000
202607011236,   0.734,   1.138,9999.000,9999.000,9999.000,9999.000,9999.000,9999.000,9999.000
202607011242,   0.737,   1.170,9999.000,9999.000,9999.000,9999.000,9999.000,9999.000,9999.000
202607011248,   0.740,   1.190,9999.000,9999.000,9999.000,9999.000,9999.000,9999.000,9999.000
202607011254,   0.742,   1.180,9999.000,9999.000,9999.000,9999.000,9999.000,9999.000,9999.000
202607011300,   0.743,   1.170,   0.400,   0.027,   1.170,   0.300,   1.070,   0.400,   1.170
202607011306,   0.744,   1.161,9999.000,9999.000,9999.000,9999.000,9999.000,9999.000,9999.000
202607011312,   0.744,   1.161,9999.000,9999.000,9999.000,9999.000,9999.000,9999.000,9999.000
202607011318,   0.743,   1.151,9999.000,9999.000,9999.000,9999.000,9999.000,9999.000,9999.000
202607011324,   0.741,   1.138,9999.000,9999.000,9999.000,9999.000,9999.000,9999.000,9999.000
202607011330,   0.739,   1.138,9999.000,9999.000,9999.000,9999.000,9999.000,9999.000,9999.000
202607011336,   0.735,   1.118,9999.000,9999.000,9999.000,9999.000,9999.000,9999.000,9999.000
202607011342,   0.731,   1.118,9999.000,9999.000,9999.000,9999.000,9999.000,9999.000,9999.000
202607011348,   0.726,   1.128,9999.000,9999.000,9999.000,9999.000,9999.000,9999.000,9999.000
202607011354,   0.720,   1.118,9999.000,9999.000,9999.000,9999.000,9999.000,9999.000,9999.000
202607011400,   0.714,   1.128,   0.400,   0.014,   1.128,   0.400,   1.128,   0.400,   1.128
202607011406,   0.706,   1.108,9999.000,9999.000,9999.000,9999.000,9999.000,9999.000,9999.000
202607011412,   0.697,   1.118,9999.000,9999.000,9999.000,9999.000,9999.000,9999.000,9999.000
202607011418,   0.688,   1.108,9999.000,9999.000,9999.000,9999.000,9999.000,9999.000,9999.000
202607011424,   0.678,   1.098,9999.000,9999.000,9999.000,9999.000,9999.000,9999.000,9999.000
202607011430,   0.667,   1.098,9999.000,9999.000,9999.000,9999.000,9999.000,9999.000,9999.000
202607011436,   0.654,   1.088,9999.000,9999.000,9999.000,9999.000,9999.000,9999.000,9999.000
202607011442,   0.642,   1.088,9999.000,9999.000,9999.000,9999.000,9999.000,9999.000,9999.000
202607011448,   0.628,   1.069,9999.000,9999.000,9999.000,9999.000,9999.000,9999.000,9999.000
202607011454,   0.614,   1.059,9999.000,9999.000,9999.000,9999.000,9999.000,9999.000,9999.000
202607011500,   0.598,   1.039,   0.400,   0.041,   1.039,   0.400,   1.039,   0.400,   1.039
202607011506,   0.582,   1.029,9999.000,9999.000,9999.000,9999.000,9999.000,9999.000,9999.000
202607011512,   0.566,   1.020,9999.000,9999.000,9999.000,9999.000,9999.000,9999.000,9999.000
202607011518,   0.549,   1.000,9999.000,9999.000,9999.000,9999.000,9999.000,9999.000,9999.000
202607011524,   0.531,   0.961,9999.000,9999.000,9999.000,9999.000,9999.000,9999.000,9999.000
202607011530,   0.513,   0.951,9999.000,9999.000,9999.000,9999.000,9999.000,9999.000,9999.000
202607011536,   0.494,   0.928,9999.000,9999.000,9999.000,9999.000,9999.000,9999.000,9999.000
202607011542,   0.476,   0.908,9999.000,9999.000,9999.000,9999.000,9999.000,9999.000,9999.000
202607011548,   0.456,   0.879,9999.000,9999.000,9999.000,9999.000,9999.000,9999.000,9999.000
202607011554,   0.437,   0.869,9999.000,9999.000,9999.000,9999.000,9999.000,9999.000,9999.000
202607011600,   0.417,   0.869,   0.400,   0.052,   0.869,   0.300,   0.769,   0.400,   0.869
202607011606,   0.398,   0.849,9999.000,9999.000,9999.000,9999.000,9999.000,9999.000,9999.000
202607011612,   0.378,   0.829,9999.000,9999.000,9999.000,9999.000,9999.000,9999.000,9999.000
202607011618,   0.358,   0.810,9999.000,9999.000,9999.000,9999.000,9999.000,9999.000,9999.000
202607011624,   0.339,   0.780,9999.000,9999.000,9999.000,9999.000,9999.000,9999.000,9999.000
202607011630,   0.319,   0.760,9999.000,9999.000,9999.000,9999.000,9999.000,9999.000,9999.000
202607011636,   0.300,   0.708,9999.000,9999.000,9999.000,9999.000,9999.000,9999.000,9999.000
202607011642,   0.280,   0.698,9999.000,9999.000,9999.000,9999.000,9999.000,9999.000,9999.000
202607011648,   0.261,   0.678,9999.000,9999.000,9999.000,9999.000,9999.000,9999.000,9999.000
202607011654,   0.242,   0.649,9999.000,9999.000,9999.000,9999.000,9999.000,9999.000,9999.000
202607011700,   0.224,   0.629,   0.300,   0.105,   0.629,   0.300,   0.629,   0.400,   0.729
202607011706,   0.206,   0.629,9999.000,9999.000,9999.000,9999.000,9999.000,9999.000,9999.000
202607011712,   0.188,   0.610,9999.000,9999.000,9999.000,9999.000,9999.000,9999.000,9999.000
202607011718,   0.170,   0.590,9999.000,9999.000,9999.000,9999.000,9999.000,9999.000,9999.000
202607011724,   0.153,   0.570,9999.000,9999.000,9999.000,9999.000,9999.000,9999.000,9999.000
202607011730,   0.136,   0.551,9999.000,9999.000,9999.000,9999.000,9999.000,9999.000,9999.000
202607011736,   0.120,9999.000,9999.000,9999.000,9999.000,9999.000,9999.000,9999.000,9999.000
202607011742,   0.104,9999.000,9999.000,9999.000,9999.000,9999.000,9999.000,9999.000,9999.000
202607011748,   0.089,   0.488,9999.000,9999.000,9999.000,9999.000,9999.000,9999.000,9999.000
202607011754,   0.074,   0.459,9999.000,9999.000,9999.000,9999.000,9999.000,9999.000,9999.000
202607011800,   0.060,   0.439,   0.300,   0.079,   0.439,   0.300,   0.439,   0.300,   0.439
202607011806,   0.047,   0.409,9999.000,9999.000,9999.000,9999.000,9999.000,9999.000,9999.000
202607011812,   0.034,   0.390,9999.000,9999.000,9999.000,9999.000,9999.000,9999.000,9999.000
202607011818,   0.022,   0.380,9999.000,9999.000,9999.000,9999.000,9999.000,9999.000,9999.000
202607011824,   0.011,   0.360,9999.000,9999.000,9999.000,9999.000,9999.000,9999.000,9999.000
202607011830,   0.001,   0.341,9999.000,9999.000,9999.000,9999.000,9999.000,9999.000,9999.000
202607011836,  -0.007,   0.331,9999.000,9999.000,9999.000,9999.000,9999.000,9999.000,9999.000
202607011842,  -0.015,   0.331,9999.000,9999.000,9999.000,9999.000,9999.000,9999.000,9999.000
202607011848,  -0.022,   0.308,9999.000,9999.000,9999.000,9999.000,9999.000,9999.000,9999.000
202607011854,  -0.027,   0.268,9999.000,9999.000,9999.000,9999.000,9999.000,9999.000,9999.000
202607011900,  -0.032,   0.268,   0.300,  -0.000,   0.268,   0.300,   0.268,   0.400,   0.368
202607011906,  -0.035,   0.259,9999.000,9999.000,9999.000,9999.000,9999.000,9999.000,9999.000
202607011912,  -0.037,   0.259,9999.000,9999.000,9999.000,9999.000,9999.000,9999.000,9999.000
202607011918,  -0.037,   0.259,9999.000,9999.000,9999.000,9999.000,9999.000,9999.000,9999.000
202607011924,  -0.036,   0.259,9999.000,9999.000,9999.000,9999.000,9999.000,9999.000,9999.000
202607011930,  -0.034,   0.278,9999.000,9999.000,9999.000,9999.000,9999.000,9999.000,9999.000
202607011936,  -0.030,   0.268,9999.000,9999.000,9999.000,9999.000,9999.000,9999.000,9999.000
202607011942,  -0.025,   0.278,9999.000,9999.000,9999.000,9999.000,9999.000,9999.000,9999.000
202607011948,  -0.018,   0.278,9999.000,9999.000,9999.000,9999.000,9999.000,9999.000,9999.000
202607011954,  -0.009,   0.278,9999.000,9999.000,9999.000,9999.000,9999.000,9999.000,9999.000
202607012000,   0.000,   0.308,   0.300,   0.008,   0.308,   0.300,   0.308,   0.400,   0.408
202607012006,   0.010,   0.308,9999.000,9999.000,9999.000,9999.000,9999.000,9999.000,9999.000
202607012012,   0.023,   0.331,9999.000,9999.000,9999.000,9999.000,9999.000,9999.000,9999.000
202607012018,   0.037,   0.341,9999.000,9999.000,9999.000,9999.000,9999.000,9999.000,9999.000
202607012024,   0.052,   0.360,9999.000,9999.000,9999.000,9999.000,9999.000,9999.000,9999.000
202607012030,   0.069,   0.370,9999.000,9999.000,9999.000,9999.000,9999.000,9999.000,9999.000
202607012036,   0.086,   0.390,9999.000,9999.000,9999.000,9999.000,9999.000,9999.000,9999.000
202607012042,   0.105,   0.400,9999.000,9999.000,9999.000,9999.000,9999.000,9999.000,9999.000
202607012048,   0.125,   0.419,9999.000,9999.000,9999.000,9999.000,9999.000,9999.000,9999.000
202607012054,   0.146,   0.459,9999.000,9999.000,9999.000,9999.000,9999.000,9999.000,9999.000
202607012100,   0.168,   0.459,   0.400,  -0.109,   0.459,   0.300,   0.359,   0.400,   0.459
202607012106,   0.191,   0.508,9999.000,9999.000,9999.000,9999.000,9999.000,9999.000,9999.000
202607012112,   0.215,   0.541,9999.000,9999.000,9999.000,9999.000,9999.000,9999.000,9999.000
202607012118,   0.240,   0.560,9999.000,9999.000,9999.000,9999.000,9999.000,9999.000,9999.000
202607012124,   0.265,   0.580,9999.000,9999.000,9999.000,9999.000,9999.000,9999.000,9999.000
202607012130,   0.292,   0.600,9999.000,9999.000,9999.000,9999.000,9999.000,9999.000,9999.000
202607012136,   0.319,   0.629,9999.000,9999.000,9999.000,9999.000,9999.000,9999.000,9999.000
202607012142,   0.347,   0.649,9999.000,9999.000,9999.000,9999.000,9999.000,9999.000,9999.000
202607012148,   0.376,   0.688,9999.000,9999.000,9999.000,9999.000,9999.000,9999.000,9999.000
202607012154,   0.406,   0.708,9999.000,9999.000,9999.000,9999.000,9999.000,9999.000,9999.000
202607012200,   0.436,   0.760,   0.300,   0.024,   0.760,   0.300,   0.760,   0.400,   0.860
202607012206,   0.467,   0.790,9999.000,9999.000,9999.000,9999.000,9999.000,9999.000,9999.000
202607012212,   0.498,   0.810,9999.000,9999.000,9999.000,9999.000,9999.000,9999.000,9999.000
202607012218,   0.531,   0.839,9999.000,9999.000,9999.000,9999.000,9999.000,9999.000,9999.000
202607012224,   0.563,   0.869,9999.000,9999.000,9999.000,9999.000,9999.000,9999.000,9999.000
202607012230,   0.596,   0.898,9999.000,9999.000,9999.000,9999.000,9999.000,9999.000,9999.000
202607012236,   0.630,   0.941,9999.000,9999.000,9999.000,9999.000,9999.000,9999.000,9999.000
202607012242,   0.664,   0.970,9999.000,9999.000,9999.000,9999.000,9999.000,9999.000,9999.000
202607012248,   0.698,   1.000,9999.000,9999.000,9999.000,9999.000,9999.000,9999.000,9999.000
202607012254,   0.733,   1.029,9999.000,9999.000,9999.000,9999.000,9999.000,9999.000,9999.000
202607012300,   0.768,   1.059,   0.300,  -0.009,   1.059,   0.300,   1.059,   0.300,   1.059
202607012306,   0.802,   1.098,9999.000,9999.000,9999.000,9999.000,9999.000,9999.000,9999.000
202607012312,   0.837,   1.118,9999.000,9999.000,9999.000,9999.000,9999.000,9999.000,9999.000
202607012318,   0.872,   1.161,9999.000,9999.000,9999.000,9999.000,9999.000,9999.000,9999.000
202607012324,   0.907,   1.210,9999.000,9999.000,9999.000,9999.000,9999.000,9999.000,9999.000
202607012330,   0.942,   1.259,9999.000,9999.000,9999.000,9999.000,9999.000,9999.000,9999.000
202607012336,   0.976,   1.308,9999.000,9999.000,9999.000,9999.000,9999.000,9999.000,9999.000
202607012342,   1.010,   1.348,9999.000,9999.000,9999.000,9999.000,9999.000,9999.000,9999.000
202607012348,   1.044,   1.390,9999.000,9999.000,9999.000,9999.000,9999.000,9999.000,9999.000
202607012354,   1.077,   1.430,9999.000,9999.000,9999.000,9999.000,9999.000,9999.000,9999.000
202607020000,   1.110,   1.469,   0.400,  -0.041,   1.469,   0.300,   1.369,   0.400,   1.469
202607020006,   1.142,   1.508,9999.000,9999.000,9999.000,9999.000,9999.000,9999.000,9999.000
202607020012,   1.173,   1.528,9999.000,9999.000,9999.000,9999.000,9999.000,9999.000,9999.000
202607020018,   1.203,   1.557,9999.000,9999.000,9999.000,9999.000,9999.000,9999.000,9999.000
202607020024,   1.233,   1.590,9999.000,9999.000,9999.000,9999.000,9999.000,9999.000,9999.000
202607020030,   1.262,   1.610,9999.000,9999.000,9999.000,9999.000,9999.000,9999.000,9999.000
202607020036,   1.289,   1.649,9999.000,9999.000,9999.000,9999.000,9999.000,9999.000,9999.000
202607020042,   1.316,   1.679,9999.000,9999.000,9999.000,9999.000,9999.000,9999.000,9999.000
202607020048,   1.342,   1.708,9999.000,9999.000,9999.000,9999.000,9999.000,9999.000,9999.000
202607020054,   1.367,   1.728,9999.000,9999.000,9999.000,9999.000,9999.000,9999.000,9999.000
202607020100,   1.390,   1.758,   0.400,  -0.032,   1.758,   0.300,   1.658,   0.400,   1.758
202607020106,   1.413,   1.781,9999.000,9999.000,9999.000,9999.000,9999.000,9999.000,9999.000
202607020112,   1.434,   1.820,9999.000,9999.000,9999.000,9999.000,9999.000,9999.000,9999.000
202607020118,   1.455,   1.840,9999.000,9999.000,9999.000,9999.000,9999.000,9999.000,9999.000
202607020124,   1.474,   1.869,9999.000,9999.000,9999.000,9999.000,9999.000,9999.000,9999.000
202607020130,   1.492,   1.879,9999.000,9999.000,9999.000,9999.000,9999.000,9999.000,9999.000
202607020136,   1.508,   1.918,9999.000,9999.000,9999.000,9999.000,9999.000,9999.000,9999.000
202607020142,   1.524,   1.938,9999.000,9999.000,9999.000,9999.000,9999.000,9999.000,9999.000
202607020148,   1.538,   1.948,9999.000,9999.000,9999.000,9999.000,9999.000,9999.000,9999.000
202607020154,   1.551,   1.967,9999.000,9999.000,9999.000,9999.000,9999.000,9999.000,9999.000
202607020200,   1.563,   1.981,   0.400,   0.018,   1.981,   0.400,   1.981,   0.400,   1.981
202607020206,   1.573,   1.990,9999.000,9999.000,9999.000,9999.000,9999.000,9999.000,9999.000
202607020212,   1.582,   2.000,9999.000,9999.000,9999.000,9999.000,9999.000,9999.000,9999.000
202607020218,   1.590,   2.000,9999.000,9999.000,9999.000,9999.000,9999.000,9999.000,9999.000
202607020224,   1.596,   2.020,9999.000,9999.000,9999.000,9999.000,9999.000,9999.000,9999.000
202607020230,   1.601,   2.030,9999.000,9999.000,9999.000,9999.000,9999.000,9999.000,9999.000
202607020236,   1.605,   2.030,9999.000,9999.000,9999.000,9999.000,9999.000,9999.000,9999.000
202607020242,   1.607,   2.040,9999.000,9999.000,9999.000,9999.000,9999.000,9999.000,9999.000
202607020248,   1.608,   2.040,9999.000,9999.000,9999.000,9999.000,9999.000,9999.000,9999.000
202607020254,   1.607,   2.040,9999.000,9999.000,9999.000,9999.000,9999.000,9999.000,9999.000
202607020300,   1.606,   2.049,   0.400,   0.043,   2.049,   0.400,   2.049,   0.400,   2.049
202607020306,   1.602,   2.049,9999.000,9999.000,9999.000,9999.000,9999.000,9999.000,9999.000
202607020312,   1.598,   2.049,9999.000,9999.000,9999.000,9999.000,9999.000,9999.000,9999.000
202607020318,   1.592,   2.030,9999.000,9999.000,9999.000,9999.000,9999.000,9999.000,9999.000
202607020324,   1.584,   2.010,9999.000,9999.000,9999.000,9999.000,9999.000,9999.000,9999.000
202607020330,   1.576,   2.000,9999.000,9999.000,9999.000,9999.000,9999.000,9999.000,9999.000
202607020336,   1.566,   1.990,9999.000,9999.000,9999.000,9999.000,9999.000,9999.000,9999.000
202607020342,   1.555,   1.981,9999.000,9999.000,9999.000,9999.000,9999.000,9999.000,9999.000
202607020348,   1.543,   1.958,9999.000,9999.000,9999.000,9999.000,9999.000,9999.000,9999.000
202607020354,   1.530,   1.948,9999.000,9999.000,9999.000,9999.000,9999.000,9999.000,9999.000
202607020400,   1.515,   1.948,   0.400,   0.033,   1.948,   0.300,   1.848,   0.400,   1.948
202607020406,   1.500,   1.938,9999.000,9999.000,9999.000,9999.000,9999.000,9999.000,9999.000
202607020412,   1.484,   1.928,9999.000,9999.000,9999.000,9999.000,9999.000,9999.000,9999.000
202607020418,   1.467,   1.918,9999.000,9999.000,9999.000,9999.000,9999.000,9999.000,9999.000
202607020424,   1.449,   1.899,9999.000,9999.000,9999.000,9999.000,9999.000,9999.000,9999.000
202607020430,   1.431,   1.889,9999.000,9999.000,9999.000,9999.000,9999.000,9999.000,9999.000
202607020436,   1.411,   1.869,9999.000,9999.000,9999.000,9999.000,9999.000,9999.000,9999.000
202607020442,   1.392,   1.849,9999.000,9999.000,9999.000,9999.000,9999.000,9999.000,9999.000
202607020448,   1.371,   1.830,9999.000,9999.000,9999.000,9999.000,9999.000,9999.000,9999.000
202607020454,   1.350,   1.790,9999.000,9999.000,9999.000,9999.000,9999.000,9999.000,9999.000
202607020500,   1.328,   1.767,   0.300,   0.139,   1.767,   0.300,   1.767,   0.400,   1.867
202607020506,   1.306,   1.728,9999.000,9999.000,9999.000,9999.000,9999.000,9999.000,9999.000
202607020512,   1.283,   1.699,9999.000,9999.000,9999.000,9999.000,9999.000,9999.000,9999.000
202607020518,   1.260,   1.679,9999.000,9999.000,9999.000,9999.000,9999.000,9999.000,9999.000
202607020524,   1.237,   1.649,9999.000,9999.000,9999.000,9999.000,9999.000,9999.000,9999.000
202607020530,   1.213,   1.630,9999.000,9999.000,9999.000,9999.000,9999.000,9999.000,9999.000
202607020536,   1.189,   1.600,9999.000,9999.000,9999.000,9999.000,9999.000,9999.000,9999.000
202607020542,   1.164,   1.580,9999.000,9999.000,9999.000,9999.000,9999.000,9999.000,9999.000
202607020548,   1.139,   1.571,9999.000,9999.000,9999.000,9999.000,9999.000,9999.000,9999.000
202607020554,   1.114,   1.538,9999.000,9999.000,9999.000,9999.000,9999.000,9999.000,9999.000
202607020600,   1.089,   1.508,   0.300,   0.119,   1.508,   0.300,   1.508,   0.400,   1.608
202607020606,   1.063,   1.479,9999.000,9999.000,9999.000,9999.000,9999.000,9999.000,9999.000
202607020612,   1.037,   1.449,9999.000,9999.000,9999.000,9999.000,9999.000,9999.000,9999.000
202607020618,   1.011,   1.430,9999.000,9999.000,9999.000,9999.000,9999.000,9999.000,9999.000
202607020624,   0.985,   1.390,9999.000,9999.000,9999.000,9999.000,9999.000,9999.000,9999.000
202607020630,   0.959,   1.371,9999.000,9999.000,9999.000,9999.000,9999.000,9999.000,9999.000
202607020636,   0.933,   1.338,9999.000,9999.000,9999.000,9999.000,9999.000,9999.000,9999.000
202607020642,   0.908,   1.289,9999.000,9999.000,9999.000,9999.000,9999.000,9999.000,9999.000
202607020648,   0.882,   1.259,9999.000,9999.000,9999.000,9999.000,9999.000,9999.000,9999.000
202607020654,   0.857,   1.239,9999.000,9999.000,9999.000,9999.000,9999.000,9999.000,9999.000
202607020700,   0.832,   1.229,   0.400,  -0.003,   1.229,   0.300,   1.129,   0.400,   1.229
202607020706,   0.808,   1.200,9999.000,9999.000,9999.000,9999.000,9999.000,9999.000,9999.000
202607020712,   0.784,   1.161,9999.000,9999.000,9999.000,9999.000,9999.000,9999.000,9999.000
202607020718,   0.761,   1.161,9999.000,9999.000,9999.000,9999.000,9999.000,9999.000,9999.000
202607020724,   0.738,   1.138,9999.000,9999.000,9999.000,9999.000,9999.000,9999.000,9999.000
202607020730,   0.716,   1.088,9999.000,9999.000,9999.000,9999.000,9999.000,9999.000,9999.000
202607020736,   0.695,   1.039,9999.000,9999.000,9999.000,9999.000,9999.000,9999.000,9999.000
202607020742,   0.675,   1.020,9999.000,9999.000,9999.000,9999.000,9999.000,9999.000,9999.000
202607020748,   0.655,   1.000,9999.000,9999.000,9999.000,9999.000,9999.000,9999.000,9999.000
202607020754,   0.637,   0.961,9999.000,9999.000,9999.000,9999.000,9999.000,9999.000,9999.000
202607020800,   0.620,   0.951,   0.400,  -0.069,   0.951,   0.400,   0.951,   0.400,   0.951
202607020806,   0.603,   0.928,9999.000,9999.000,9999.000,9999.000,9999.000,9999.000,9999.000
202607020812,   0.588,   0.918,9999.000,9999.000,9999.000,9999.000,9999.000,9999.000,9999.000
202607020818,   0.574,   0.888,9999.000,9999.000,9999.000,9999.000,9999.000,9999.000,9999.000
202607020824,   0.560,   0.879,9999.000,9999.000,9999.000,9999.000,9999.000,9999.000,9999.000
202607020830,   0.548,   0.869,9999.000,9999.000,9999.000,9999.000,9999.000,9999.000,9999.000
202607020836,   0.537,   0.859,9999.000,9999.000,9999.000,9999.000,9999.000,9999.000,9999.000
202607020842,   0.527,   0.839,9999.000,9999.000,9999.000,9999.000,9999.000,9999.000,9999.000
202607020848,   0.518,   0.829,9999.000,9999.000,9999.000,9999.000,9999.000,9999.000,9999.000
202607020854,   0.510,   0.829,9999.000,9999.000,9999.000,9999.000,9999.000,9999.000,9999.000
202607020900,   0.503,   0.829,   0.400,  -0.074,   0.829,   0.400,   0.829,   0.400,   0.829
202607020906,   0.497,   0.810,9999.000,9999.000,9999.000,9999.000,9999.000,9999.000,9999.000
202607020912,   0.492,   0.810,9999.000,9999.000,9999.000,9999.000,9999.000,9999.000,9999.000
202607020918,   0.488,   0.819,9999.000,9999.000,9999.000,9999.000,9999.000,9999.000,9999.000
202607020924,   0.484,   0.819,9999.000,9999.000,9999.000,9999.000,9999.000,9999.000,9999.000
202607020930,   0.482,   0.810,9999.000,9999.000,9999.000,9999.000,9999.000,9999.000,9999.000
202607020936,   0.480,   0.819,9999.000,9999.000,9999.000,9999.000,9999.000,9999.000,9999.000
202607020942,   0.479,   0.810,9999.000,9999.000,9999.000,9999.000,9999.000,9999.000,9999.000
202607020948,   0.479,   0.810,9999.000,9999.000,9999.000,9999.000,9999.000,9999.000,9999.000
202607020954,   0.479,   0.810,9999.000,9999.000,9999.000,9999.000,9999.000,9999.000,9999.000
202607021000,   0.481,   0.810,   0.400,  -0.071,   0.810,   0.300,   0.710,   0.400,   0.810
202607021006,   0.483,   0.819,9999.000,9999.000,9999.000,9999.000,9999.000,9999.000,9999.000
202607021012,   0.486,   0.819,9999.000,9999.000,9999.000,9999.000,9999.000,9999.000,9999.000
202607021018,   0.489,   0.829,9999.000,9999.000,9999.000,9999.000,9999.000,9999.000,9999.000
202607021024,   0.494,   0.879,9999.000,9999.000,9999.000,9999.000,9999.000,9999.000,9999.000
202607021030,   0.499,   0.839,9999.000,9999.000,9999.000,9999.000,9999.000,9999.000,9999.000
202607021036,   0.504,   0.879,9999.000,9999.000,9999.000,9999.000,9999.000,9999.000,9999.000
202607021042,   0.511,   0.908,9999.000,9999.000,9999.000,9999.000,9999.000,9999.000,9999.000
202607021048,   0.518,   0.888,9999.000,9999.000,9999.000,9999.000,9999.000,9999.000,9999.000
202607021054,   0.525,   0.898,9999.000,9999.000,9999.000,9999.000,9999.000,9999.000,9999.000
202607021100,   0.534,   0.908,   0.300,   0.074,   0.908,   0.300,   0.908,   0.400,   1.008
202607021106,   0.542,   0.918,9999.000,9999.000,9999.000,9999.000,9999.000,9999.000,9999.000
202607021112,   0.552,   0.898,9999.000,9999.000,9999.000,9999.000,9999.000,9999.000,9999.000
202607021118,   0.561,   0.928,9999.000,9999.000,9999.000,9999.000,9999.000,9999.000,9999.000
202607021124,   0.572,   0.961,9999.000,9999.000,9999.000,9999.000,9999.000,9999.000,9999.000
202607021130,   0.582,   0.970,9999.000,9999.000,9999.000,9999.000,9999.000,9999.000,9999.000
202607021136,   0.593,   1.000,9999.000,9999.000,9999.000,9999.000,9999.000,9999.000,9999.000
202607021142,   0.604,   1.020,9999.000,9999.000,9999.000,9999.000,9999.000,9999.000,9999.000
202607021148,   0.615,   1.039,9999.000,9999.000,9999.000,9999.000,9999.000,9999.000,9999.000
202607021154,   0.626,   1.059,9999.000,9999.000,9999.000,9999.000,9999.000,9999.000,9999.000
202607021200,   0.637,   1.098,   0.300,   0.161,   1.098,   0.300,   1.098,   0.400,   1.198
202607021206,   0.648,   1.118,9999.000,9999.000,9999.000,9999.000,9999.000,9999.000,9999.000
202607021212,   0.659,   1.108,9999.000,9999.000,9999.000,9999.000,9999.000,9999.000,9999.000
202607021218,   0.670,   1.138,9999.000,9999.000,9999.000,9999.000,9999.000,9999.000,9999.000
202607021224,   0.680,   1.161,9999.000,9999.000,9999.000,9999.000,9999.000,9999.000,9999.000
202607021230,   0.690,   1.138,9999.000,9999.000,9999.000,9999.000,9999.000,9999.000,9999.000
202607021236,   0.700,   1.138,9999.000,9999.000,9999.000,9999.000,9999.000,9999.000,9999.000
202607021242,   0.709,   1.170,9999.000,9999.000,9999.000,9999.000,9999.000,9999.000,9999.000
202607021248,   0.718,   1.180,9999.000,9999.000,9999.000,9999.000,9999.000,9999.000,9999.000
202607021254,   0.726,   1.161,9999.000,9999.000,9999.000,9999.000,9999.000,9999.000,9999.000
202607021300,   0.733,   1.170,   0.300,   0.137,   1.170,   0.300,   1.170,   0.400,   1.270
202607021306,   0.740,   1.190,9999.000,9999.000,9999.000,9999.000,9999.000,9999.000,9999.000
202607021312,   0.746,   1.200,9999.000,9999.000,9999.000,9999.000,9999.000,9999.000,9999.000
202607021318,   0.751,   1.190,9999.000,9999.000,9999.000,9999.000,9999.000,9999.000,9999.000
202607021324,   0.756,   1.190,9999.000,9999.000,9999.000,9999.000,9999.000,9999.000,9999.000
202607021330,   0.760,   1.210,9999.000,9999.000,9999.000,9999.000,9999.000,9999.000,9999.000
202607021336,   0.763,   1.220,9999.000,9999.000,9999.000,9999.000,9999.000,9999.000,9999.000
202607021342,   0.765,   1.210,9999.000,9999.000,9999.000,9999.000,9999.000,9999.000,9999.000
202607021348,   0.767,   1.229,9999.000,9999.000,9999.000,9999.000,9999.000,9999.000,9999.000
202607021354,   0.768,   1.259,9999.000,9999.000,9999.000,9999.000,9999.000,9999.000,9999.000
202607021400,   0.768,   1.259,   0.400,   0.091,   1.259,   0.300,   1.159,   0.400,   1.259
202607021406,   0.767,   1.259,9999.000,9999.000,9999.000,9999.000,9999.000,9999.000,9999.000
202607021412,   0.765,   1.269,9999.000,9999.000,9999.000,9999.000,9999.000,9999.000,9999.000
202607021418,   0.763,   1.289,9999.000,9999.000,9999.000,9999.000,9999.000,9999.000,9999.000
202607021424,   0.760,   1.269,9999.000,9999.000,9999.000,9999.000,9999.000,9999.000,9999.000
202607021430,   0.756,   1.259,9999.000,9999.000,9999.000,9999.000,9999.000,9999.000,9999.000
202607021436,   0.751,   1.239,9999.000,9999.000,9999.000,9999.000,9999.000,9999.000,9999.000
202607021442,   0.745,   1.229,9999.000,9999.000,9999.000,9999.000,9999.000,9999.000,9999.000
202607021448,   0.738,   1.220,9999.000,9999.000,9999.000,9999.000,9999.000,9999.000,9999.000
202607021454,   0.730,   1.229,9999.000,9999.000,9999.000,9999.000,9999.000,9999.000,9999.000
202607021500,   0.722,   1.229,   0.400,   0.107,   1.229,   0.300,   1.129,   0.400,   1.229
202607021506,   0.713,   1.229,9999.000,9999.000,9999.000,9999.000,9999.000,9999.000,9999.000
202607021512,   0.702,   1.220,9999.000,9999.000,9999.000,9999.000,9999.000,9999.000,9999.000
202607021518,   0.691,   1.229,9999.000,9999.000,9999.000,9999.000,9999.000,9999.000,9999.000
202607021524,   0.679,   1.190,9999.000,9999.000,9999.000,9999.000,9999.000,9999.000,9999.000
202607021530,   0.667,   1.180,9999.000,9999.000,9999.000,9999.000,9999.000,9999.000,9999.000
202607021536,   0.653,   1.161,9999.000,9999.000,9999.000,9999.000,9999.000,9999.000,9999.000
202607021542,   0.639,   1.151,9999.000,9999.000,9999.000,9999.000,9999.000,9999.000,9999.000
202607021548,   0.624,   1.138,9999.000,9999.000,9999.000,9999.000,9999.000,9999.000,9999.000
202607021554,   0.608,   1.108,9999.000,9999.000,9999.000,9999.000,9999.000,9999.000,9999.000
202607021600,   0.592,   1.108,   0.300,   0.216,   1.108,   0.300,   1.108,   0.400,   1.208
202607021606,   0.575,   1.108,9999.000,9999.000,9999.000,9999.000,9999.000,9999.000,9999.000
202607021612,   0.558,   1.059,9999.000,9999.000,9999.000,9999.000,9999.000,9999.000,9999.000
202607021618,   0.540,   1.029,9999.000,9999.000,9999.000,9999.000,9999.000,9999.000,9999.000
202607021624,   0.522,   1.010,9999.000,9999.000,9999.000,9999.000,9999.000,9999.000,9999.000
202607021630,   0.503,   1.010,9999.000,9999.000,9999.000,9999.000,9999.000,9999.000,9999.000
202607021636,   0.485,   1.000,9999.000,9999.000,9999.000,9999.000,9999.000,9999.000,9999.000
202607021642,   0.466,   0.970,9999.000,9999.000,9999.000,9999.000,9999.000,9999.000,9999.000
202607021648,   0.447,   0.961,9999.000,9999.000,9999.000,9999.000,9999.000,9999.000,9999.000
202607021654,   0.428,   0.941,9999.000,9999.000,9999.000,9999.000,9999.000,9999.000,9999.000
202607021700,   0.409,   0.908,   0.300,   0.199,   0.908,   0.300,   0.908,   0.400,   1.008
202607021706,   0.390,   0.879,9999.000,9999.000,9999.000,9999.000,9999.000,9999.000,9999.000
202607021712,   0.371,   0.859,9999.000,9999.000,9999.000,9999.000,9999.000,9999.000,9999.000
202607021718,   0.352,   0.810,9999.000,9999.000,9999.000,9999.000,9999.000,9999.000,9999.000
202607021724,   0.333,   0.790,9999.000,9999.000,9999.000,9999.000,9999.000,9999.000,9999.000
202607021730,   0.315,   0.770,9999.000,9999.000,9999.000,9999.000,9999.000,9999.000,9999.000
202607021736,   0.297,   0.751,9999.000,9999.000,9999.000,9999.000,9999.000,9999.000,9999.000
202607021742,   0.279,   0.718,9999.000,9999.000,9999.000,9999.000,9999.000,9999.000,9999.000
202607021748,   0.262,   0.698,9999.000,9999.000,9999.000,9999.000,9999.000,9999.000,9999.000
202607021754,   0.245,   0.698,9999.000,9999.000,9999.000,9999.000,9999.000,9999.000,9999.000
202607021800,   0.228,   0.669,   0.400,   0.041,   0.669,   0.400,   0.669,   0.400,   0.669
202607021806,   0.212,   0.629,9999.000,9999.000,9999.000,9999.000,9999.000,9999.000,9999.000
202607021812,   0.196,   0.610,9999.000,9999.000,9999.000,9999.000,9999.000,9999.000,9999.000
202607021818,   0.180,   0.610,9999.000,9999.000,9999.000,9999.000,9999.000,9999.000,9999.000
202607021824,   0.165,   0.570,9999.000,9999.000,9999.000,9999.000,9999.000,9999.000,9999.000
202607021830,   0.151,   0.541,9999.000,9999.000,9999.000,9999.000,9999.000,9999.000,9999.000
202607021836,   0.137,   0.518,9999.000,9999.000,9999.000,9999.000,9999.000,9999.000,9999.000
202607021842,   0.124,   0.508,9999.000,9999.000,9999.000,9999.000,9999.000,9999.000,9999.000
202607021848,   0.111,   0.478,9999.000,9999.000,9999.000,9999.000,9999.000,9999.000,9999.000
202607021854,   0.099,   0.459,9999.000,9999.000,9999.000,9999.000,9999.000,9999.000,9999.000
202607021900,   0.088,   0.449,   0.400,  -0.039,   0.449,   0.400,   0.449,   0.400,   0.449
202607021906,   0.077,9999.000,9999.000,9999.000,9999.000,9999.000,9999.000,9999.000,9999.000
202607021912,   0.068,   0.409,9999.000,9999.000,9999.000,9999.000,9999.000,9999.000,9999.000
202607021918,   0.059,   0.419,9999.000,9999.000,9999.000,9999.000,9999.000,9999.000,9999.000
202607021924,   0.051,   0.400,9999.000,9999.000,9999.000,9999.000,9999.000,9999.000,9999.000
202607021930,   0.045,   0.390,9999.000,9999.000,9999.000,9999.000,9999.000,9999.000,9999.000
202607021936,   0.039,   0.390,9999.000,9999.000,9999.000,9999.000,9999.000,9999.000,9999.000
202607021942,   0.035,   0.360,9999.000,9999.000,9999.000,9999.000,9999.000,9999.000,9999.000
202607021948,   0.031,   0.370,9999.000,9999.000,9999.000,9999.000,9999.000,9999.000,9999.000
202607021954,   0.029,   0.360,9999.000,9999.000,9999.000,9999.000,9999.000,9999.000,9999.000
202607022000,   0.029,   0.429,   0.400,  -0.000,   0.429,   0.400,   0.429,   0.400,   0.429
202607022006,   0.029,   0.360,9999.000,9999.000,9999.000,9999.000,9999.000,9999.000,9999.000
202607022012,   0.031,   0.341,9999.000,9999.000,9999.000,9999.000,9999.000,9999.000,9999.000
202607022018,   0.035,   0.370,9999.000,9999.000,9999.000,9999.000,9999.000,9999.000,9999.000
202607022024,   0.039,   0.341,9999.000,9999.000,9999.000,9999.000,9999.000,9999.000,9999.000
202607022030,   0.046,   0.331,9999.000,9999.000,9999.000,9999.000,9999.000,9999.000,9999.000
202607022036,   0.053,   0.331,9999.000,9999.000,9999.000,9999.000,9999.000,9999.000,9999.000
202607022042,   0.063,   0.341,9999.000,9999.000,9999.000,9999.000,9999.000,9999.000,9999.000
202607022048,   0.073,   0.370,9999.000,9999.000,9999.000,9999.000,9999.000,9999.000,9999.000
202607022054,   0.085,   0.390,9999.000,9999.000,9999.000,9999.000,9999.000,9999.000,9999.000
202607022100,   0.098,   0.380,   0.400,  -0.118,   0.380,   0.400,   0.380,   0.400,   0.380
202607022106,   0.113,   0.409,9999.000,9999.000,9999.000,9999.000,9999.000,9999.000,9999.000
202607022112,   0.129,   0.429,9999.000,9999.000,9999.000,9999.000,9999.000,9999.000,9999.000
202607022118,   0.146,   0.429,9999.000,9999.000,9999.000,9999.000,9999.000,9999.000,9999.000
202607022124,   0.164,   0.419,9999.000,9999.000,9999.000,9999.000,9999.000,9999.000,9999.000
202607022130,   0.183,   0.429,9999.000,9999.000,9999.000,9999.000,9999.000,9999.000,9999.000
202607022136,   0.204,   0.439,9999.000,9999.000,9999.000,9999.000,9999.000,9999.000,9999.000
202607022142,   0.225,   0.459,9999.000,9999.000,9999.000,9999.000,9999.000,9999.000,9999.000
202607022148,   0.247,   0.469,9999.000,9999.000,9999.000,9999.000,9999.000,9999.000,9999.000
202607022154,   0.271,   0.508,9999.000,9999.000,9999.000,9999.000,9999.000,9999.000,9999.000
202607022200,   0.295,   0.541,   0.400,  -0.154,   0.541,   0.400,   0.541,   0.400,   0.541
202607022206,   0.320,   0.570,9999.000,9999.000,9999.000,9999.000,9999.000,9999.000,9999.000
202607022212,   0.346,   0.610,9999.000,9999.000,9999.000,9999.000,9999.000,9999.000,9999.000
202607022218,   0.372,   0.639,9999.000,9999.000,9999.000,9999.000,9999.000,9999.000,9999.000
202607022224,   0.400,   0.688,9999.000,9999.000,9999.000,9999.000,9999.000,9999.000,9999.000
202607022230,   0.428,   0.698,9999.000,9999.000,9999.000,9999.000,9999.000,9999.000,9999.000
202607022236,   0.456,   0.718,9999.000,9999.000,9999.000,9999.000,9999.000,9999.000,9999.000
202607022242,   0.486,   0.731,9999.000,9999.000,9999.000,9999.000,9999.000,9999.000,9999.000
202607022248,   0.516,   0.770,9999.000,9999.000,9999.000,9999.000,9999.000,9999.000,9999.000
202607022254,   0.546,   0.770,9999.000,9999.000,9999.000,9999.000,9999.000,9999.000,9999.000
202607022300,   0.577,   0.800,   0.400,  -0.177,   0.800,   0.400,   0.800,   0.400,   0.800
202607022306,   0.609,   0.849,9999.000,9999.000,9999.000,9999.000,9999.000,9999.000,9999.000
202607022312,   0.640,   0.859,9999.000,9999.000,9999.000,9999.000,9999.000,9999.000,9999.000
202607022318,   0.673,   0.898,9999.000,9999.000,9999.000,9999.000,9999.000,9999.000,9999.000
202607022324,   0.706,   0.941,9999.000,9999.000,9999.000,9999.000,9999.000,9999.000,9999.000
202607022330,   0.739,   0.980,9999.000,9999.000,9999.000,9999.000,9999.000,9999.000,9999.000
202607022336,   0.772,   1.010,9999.000,9999.000,9999.000,9999.000,9999.000,9999.000,9999.000
202607022342,   0.805,   1.059,9999.000,9999.000,9999.000,9999.000,9999.000,9999.000,9999.000
202607022348,   0.839,   1.088,9999.000,9999.000,9999.000,9999.000,9999.000,9999.000,9999.000
202607022354,   0.872,   1.128,9999.000,9999.000,9999.000,9999.000,9999.000,9999.000,9999.000
202607030000,   0.906,   1.170,   0.400,  -0.136,   1.170,   0.400,   1.170,   0.400,   1.170
202607030006,   0.939,   1.200,9999.000,9999.000,9999.000,9999.000,9999.000,9999.000,9999.000
202607030012,   0.973,   1.249,9999.000,9999.000,9999.000,9999.000,9999.000,9999.000,9999.000
202607030018,   1.006,   1.279,9999.000,9999.000,9999.000,9999.000,9999.000,9999.000,9999.000
202607030024,   1.038,   1.289,9999.000,9999.000,9999.000,9999.000,9999.000,9999.000,9999.000
202607030030,   1.071,   1.328,9999.000,9999.000,9999.000,9999.000,9999.000,9999.000,9999.000
202607030036,   1.102,   1.361,9999.000,9999.000,9999.000,9999.000,9999.000,9999.000,9999.000
202607030042,   1.134,   1.400,9999.000,9999.000,9999.000,9999.000,9999.000,9999.000,9999.000
202607030048,   1.164,   1.430,9999.000,9999.000,9999.000,9999.000,9999.000,9999.000,9999.000
202607030054,   1.194,   1.479,9999.000,9999.000,9999.000,9999.000,9999.000,9999.000,9999.000
202607030100,   1.223,   1.518,   0.400,  -0.105,   1.518,   0.400,   1.518,   0.400,   1.518
202607030106,   1.251,   1.557,9999.000,9999.000,9999.000,9999.000,9999.000,9999.000,9999.000
202607030112,   1.278,   1.590,9999.000,9999.000,9999.000,9999.000,9999.000,9999.000,9999.000
202607030118,   1.304,   1.630,9999.000,9999.000,9999.000,9999.000,9999.000,9999.000,9999.000
202607030124,   1.329,   1.659,9999.000,9999.000,9999.000,9999.000,9999.000,9999.000,9999.000
202607030130,   1.353,   1.679,9999.000,9999.000,9999.000,9999.000,9999.000,9999.000,9999.000
202607030136,   1.376,   1.699,9999.000,9999.000,9999.000,9999.000,9999.000,9999.000,9999.000
202607030142,   1.398,   1.718,9999.000,9999.000,9999.000,9999.000,9999.000,9999.000,9999.000
202607030148,   1.418,   1.728,9999.000,9999.000,9999.000,9999.000,9999.000,9999.000,9999.000
202607030154,   1.438,   1.748,9999.000,9999.000,9999.000,9999.000,9999.000,9999.000,9999.000
202607030200,   1.456,   1.767,   0.400,  -0.089,   1.767,   0.400,   1.767,   0.500,   1.867
202607030206,   1.473,   1.800,9999.000,9999.000,9999.000,9999.000,9999.000,9999.000,9999.000
202607030212,   1.489,   1.840,9999.000,9999.000,9999.000,9999.000,9999.000,9999.000,9999.000
202607030218,   1.503,   1.849,9999.000,9999.000,9999.000,9999.000,9999.000,9999.000,9999.000
202607030224,   1.517,   1.859,9999.000,9999.000,9999.000,9999.000,9999.000,9999.000,9999.000
202607030230,   1.529,   1.889,9999.000,9999.000,9999.000,9999.000,9999.000,9999.000,9999.000
202607030236,   1.539,   1.899,9999.000,9999.000,9999.000,9999.000,9999.000,9999.000,9999.000
202607030242,   1.549,   1.918,9999.000,9999.000,9999.000,9999.000,9999.000,9999.000,9999.000
202607030248,   1.557,   1.928,9999.000,9999.000,9999.000,9999.000,9999.000,9999.000,9999.000
202607030254,   1.564,   1.938,9999.000,9999.000,9999.000,9999.000,9999.000,9999.000,9999.000
202607030300,   1.569,   1.948,   0.400,  -0.021,   1.948,   0.400,   1.948,   0.500,   2.048
202607030306,   1.573,   1.948,9999.000,9999.000,9999.000,9999.000,9999.000,9999.000,9999.000
202607030312,   1.576,   1.948,9999.000,9999.000,9999.000,9999.000,9999.000,9999.000,9999.000
202607030318,   1.578,   1.938,9999.000,9999.000,9999.000,9999.000,9999.000,9999.000,9999.000
202607030324,   1.578,   1.948,9999.000,9999.000,9999.000,9999.000,9999.000,9999.000,9999.000
202607030330,   1.577,   1.948,9999.000,9999.000,9999.000,9999.000,9999.000,9999.000,9999.000
202607030336,   1.574,   1.938,9999.000,9999.000,9999.000,9999.000,9999.000,9999.000,9999.000
202607030342,   1.570,   1.938,9999.000,9999.000,9999.000,9999.000,9999.000,9999.000,9999.000
202607030348,   1.565,   1.938,9999.000,9999.000,9999.000,9999.000,9999.000,9999.000,9999.000
202607030354,   1.558,   1.928,9999.000,9999.000,9999.000,9999.000,9999.000,9999.000,9999.000
202607030400,   1.550,   1.918,   0.400,  -0.032,   1.918,   0.400,   1.918,   0.400,   1.918
202607030406,   1.541,   1.899,9999.000,9999.000,9999.000,9999.000,9999.000,9999.000,9999.000
202607030412,   1.530,   1.889,9999.000,9999.000,9999.000,9999.000,9999.000,9999.000,9999.000
202607030418,   1.519,   1.869,9999.000,9999.000,9999.000,9999.000,9999.000,9999.000,9999.000
202607030424,   1.506,   1.869,9999.000,9999.000,9999.000,9999.000,9999.000,9999.000,9999.000
202607030430,   1.492,   1.849,9999.000,9999.000,9999.000,9999.000,9999.000,9999.000,9999.000
202607030436,   1.477,   1.810,9999.000,9999.000,9999.000,9999.000,9999.000,9999.000,9999.000
202607030442,   1.461,   1.800,9999.000,9999.000,9999.000,9999.000,9999.000,9999.000,9999.000
202607030448,   1.444,   1.781,9999.000,9999.000,9999.000,9999.000,9999.000,9999.000,9999.000
202607030454,   1.427,   1.758,9999.000,9999.000,9999.000,9999.000,9999.000,9999.000,9999.000
202607030500,   1.408,   1.738,   0.400,  -0.070,   1.738,   0.400,   1.738,   0.400,   1.738
202607030506,   1.389,   1.728,9999.000,9999.000,9999.000,9999.000,9999.000,9999.000,9999.000
202607030512,   1.369,   1.718,9999.000,9999.000,9999.000,9999.000,9999.000,9999.000,9999.000
202607030518,   1.348,   1.699,9999.000,9999.000,9999.000,9999.000,9999.000,9999.000,9999.000
202607030524,   1.327,   1.669,9999.000,9999.000,9999.000,9999.000,9999.000,9999.000,9999.000
202607030530,   1.305,   1.639,9999.000,9999.000,9999.000,9999.000,9999.000,9999.000,9999.000
202607030536,   1.282,   1.630,9999.000,9999.000,9999.000,9999.000,9999.000,9999.000,9999.000
202607030542,   1.260,   1.600,9999.000,9999.000,9999.000,9999.000,9999.000,9999.000,9999.000
202607030548,   1.236,   1.580,9999.000,9999.000,9999.000,9999.000,9999.000,9999.000,9999.000
202607030554,   1.213,   1.571,9999.000,9999.000,9999.000,9999.000,9999.000,9999.000,9999.000
202607030600,   1.189,   1.548,   0.300,   0.059,   1.548,   0.300,   1.548,   0.300,   1.548
202607030606,   1.165,   1.528,9999.000,9999.000,9999.000,9999.000,9999.000,9999.000,9999.000
202607030612,   1.140,   1.508,9999.000,9999.000,9999.000,9999.000,9999.000,9999.000,9999.000
202607030618,   1.116,   1.489,9999.000,9999.000,9999.000,9999.000,9999.000,9999.000,9999.000
202607030624,   1.091,   1.459,9999.000,9999.000,9999.000,9999.000,9999.000,9999.000,9999.000
202607030630,   1.066,   1.439,9999.000,9999.000,9999.000,9999.000,9999.000,9999.000,9999.000
202607030636,   1.040,   1.410,9999.000,9999.000,9999.000,9999.000,9999.000,9999.000,9999.000
202607030642,   1.015,   1.380,9999.000,9999.000,9999.000,9999.000,9999.000,9999.000,9999.000
202607030648,   0.989,   1.348,9999.000,9999.000,9999.000,9999.000,9999.000,9999.000,9999.000
202607030654,   0.964,   1.328,9999.000,9999.000,9999.000,9999.000,9999.000,9999.000,9999.000
202607030700,   0.938,   1.298,   0.300,   0.060,   1.298,   0.300,   1.298,   0.400,   1.398
202607030706,   0.913,   1.259,9999.000,9999.000,9999.000,9999.000,9999.000,9999.000,9999.000
202607030712,   0.887,   1.239,9999.000,9999.000,9999.000,9999.000,9999.000,9999.000,9999.000
202607030718,   0.862,   1.220,9999.000,9999.000,9999.000,9999.000,9999.000,9999.000,9999.000
202607030724,   0.836,   1.190,9999.000,9999.000,9999.000,9999.000,9999.000,9999.000,9999.000
202607030730,   0.811,   1.170,9999.000,9999.000,9999.000,9999.000,9999.000,9999.000,9999.000
202607030736,   0.787,   1.128,9999.000,9999.000,9999.000,9999.000,9999.000,9999.000,9999.000
202607030742,   0.762,   1.108,9999.000,9999.000,9999.000,9999.000,9999.000,9999.000,9999.000
202607030748,   0.738,   1.088,9999.000,9999.000,9999.000,9999.000,9999.000,9999.000,9999.000
202607030754,   0.715,   1.059,9999.000,9999.000,9999.000,9999.000,9999.000,9999.000,9999.000
202607030800,   0.692,   1.010,   0.300,   0.018,   1.010,   0.300,   1.010,   0.400,   1.110
202607030806,   0.670,   0.990,9999.000,9999.000,9999.000,9999.000,9999.000,9999.000,9999.000
202607030812,   0.649,   0.961,9999.000,9999.000,9999.000,9999.000,9999.000,9999.000,9999.000
202607030818,   0.629,   0.918,9999.000,9999.000,9999.000,9999.000,9999.000,9999.000,9999.000
202607030824,   0.609,   0.888,9999.000,9999.000,9999.000,9999.000,9999.000,9999.000,9999.000
202607030830,   0.591,   0.869,9999.000,9999.000,9999.000,9999.000,9999.000,9999.000,9999.000
202607030836,   0.573,   0.859,9999.000,9999.000,9999.000,9999.000,9999.000,9999.000,9999.000
202607030842,   0.556,   0.859,9999.000,9999.000,9999.000,9999.000,9999.000,9999.000,9999.000
202607030848,   0.541,   0.849,9999.000,9999.000,9999.000,9999.000,9999.000,9999.000,9999.000
202607030854,   0.526,   0.849,9999.000,9999.000,9999.000,9999.000,9999.000,9999.000,9999.000
202607030900,   0.513,   0.829,   0.300,   0.016,   0.829,   0.300,   0.829,   0.400,   0.929
202607030906,   0.501,   0.810,9999.000,9999.000,9999.000,9999.000,9999.000,9999.000,9999.000
202607030912,   0.490,   0.780,9999.000,9999.000,9999.000,9999.000,9999.000,9999.000,9999.000
202607030918,   0.480,   0.770,9999.000,9999.000,9999.000,9999.000,9999.000,9999.000,9999.000
202607030924,   0.471,   0.731,9999.000,9999.000,9999.000,9999.000,9999.000,9999.000,9999.000
202607030930,   0.464,   0.741,9999.000,9999.000,9999.000,9999.000,9999.000,9999.000,9999.000
202607030936,   0.457,   0.741,9999.000,9999.000,9999.000,9999.000,9999.000,9999.000,9999.000
202607030942,   0.452,   0.698,9999.000,9999.000,9999.000,9999.000,9999.000,9999.000,9999.000
202607030948,   0.447,   0.698,9999.000,9999.000,9999.000,9999.000,9999.000,9999.000,9999.000
202607030954,   0.444,   0.718,9999.000,9999.000,9999.000,9999.000,9999.000,9999.000,9999.000
202607031000,   0.441,   0.718,   0.300,  -0.023,   0.718,   0.300,   0.718,   0.300,   0.718
202607031006,   0.440,   0.708,9999.000,9999.000,9999.000,9999.000,9999.000,9999.000,9999.000
202607031012,   0.439,   0.708,9999.000,9999.000,9999.000,9999.000,9999.000,9999.000,9999.000
202607031018,   0.439,   0.741,9999.000,9999.000,9999.000,9999.000,9999.000,9999.000,9999.000
202607031024,   0.440,   0.731,9999.000,9999.000,9999.000,9999.000,9999.000,9999.000,9999.000
202607031030,   0.442,   0.731,9999.000,9999.000,9999.000,9999.000,9999.000,9999.000,9999.000
202607031036,   0.445,   0.731,9999.000,9999.000,9999.000,9999.000,9999.000,9999.000,9999.000
202607031042,   0.448,   0.760,9999.000,9999.000,9999.000,9999.000,9999.000,9999.000,9999.000
202607031048,   0.452,   0.741,9999.000,9999.000,9999.000,9999.000,9999.000,9999.000,9999.000
202607031054,   0.457,   0.731,9999.000,9999.000,9999.000,9999.000,9999.000,9999.000,9999.000
202607031100,   0.463,   0.741,   0.300,  -0.022,   0.741,   0.300,   0.741,   0.300,   0.741
202607031106,   0.469,   0.770,9999.000,9999.000,9999.000,9999.000,9999.000,9999.000,9999.000
202607031112,   0.476,   0.760,9999.000,9999.000,9999.000,9999.000,9999.000,9999.000,9999.000
202607031118,   0.484,   0.770,9999.000,9999.000,9999.000,9999.000,9999.000,9999.000,9999.000
202607031124,   0.493,   0.790,9999.000,9999.000,9999.000,9999.000,9999.000,9999.000,9999.000
202607031130,   0.502,   0.829,9999.000,9999.000,9999.000,9999.000,9999.000,9999.000,9999.000
202607031136,   0.511,   0.829,9999.000,9999.000,9999.000,9999.000,9999.000,9999.000,9999.000
202607031142,   0.521,   0.849,9999.000,9999.000,9999.000,9999.000,9999.000,9999.000,9999.000
202607031148,   0.532,   0.869,9999.000,9999.000,9999.000,9999.000,9999.000,9999.000,9999.000
202607031154,   0.543,   0.898,9999.000,9999.000,9999.000,9999.000,9999.000,9999.000,9999.000
202607031200,   0.555,   0.898,   0.200,   0.143,   0.898,   0.200,   0.898,   0.300,   0.998
202607031206,   0.567,   0.918,9999.000,9999.000,9999.000,9999.000,9999.000,9999.000,9999.000
202607031212,   0.579,   0.941,9999.000,9999.000,9999.000,9999.000,9999.000,9999.000,9999.000
202607031218,   0.592,   0.951,9999.000,9999.000,9999.000,9999.000,9999.000,9999.000,9999.000
202607031224,   0.604,   0.970,9999.000,9999.000,9999.000,9999.000,9999.000,9999.000,9999.000
202607031230,   0.617,   0.970,9999.000,9999.000,9999.000,9999.000,9999.000,9999.000,9999.000
202607031236,   0.630,   1.010,9999.000,9999.000,9999.000,9999.000,9999.000,9999.000,9999.000
202607031242,   0.643,   1.020,9999.000,9999.000,9999.000,9999.000,9999.000,9999.000,9999.000
202607031248,   0.656,   1.049,9999.000,9999.000,9999.000,9999.000,9999.000,9999.000,9999.000
202607031254,   0.669,   1.098,9999.000,9999.000,9999.000,9999.000,9999.000,9999.000,9999.000
202607031300,   0.682,   1.128,   0.200,   0.246,   1.128,   0.200,   1.128,   0.300,   1.228
202607031306,   0.694,   1.151,9999.000,9999.000,9999.000,9999.000,9999.000,9999.000,9999.000
202607031312,   0.706,   1.170,9999.000,9999.000,9999.000,9999.000,9999.000,9999.000,9999.000
202607031318,   0.717,   1.180,9999.000,9999.000,9999.000,9999.000,9999.000,9999.000,9999.000
202607031324,   0.728,   1.220,9999.000,9999.000,9999.000,9999.000,9999.000,9999.000,9999.000
202607031330,   0.739,   1.210,9999.000,9999.000,9999.000,9999.000,9999.000,9999.000,9999.000
202607031336,   0.748,   1.220,9999.000,9999.000,9999.000,9999.000,9999.000,9999.000,9999.000
202607031342,   0.758,   1.259,9999.000,9999.000,9999.000,9999.000,9999.000,9999.000,9999.000
202607031348,   0.766,   1.259,9999.000,9999.000,9999.000,9999.000,9999.000,9999.000,9999.000
202607031354,   0.774,   1.269,9999.000,9999.000,9999.000,9999.000,9999.000,9999.000,9999.000
202607031400,   0.781,   1.259,   0.300,   0.178,   1.259,   0.200,   1.159,   0.300,   1.259
202607031406,   0.787,   1.289,9999.000,9999.000,9999.000,9999.000,9999.000,9999.000,9999.000
202607031412,   0.792,   1.289,9999.000,9999.000,9999.000,9999.000,9999.000,9999.000,9999.000
202607031418,   0.797,   1.279,9999.000,9999.000,9999.000,9999.000,9999.000,9999.000,9999.000
202607031424,   0.801,   1.289,9999.000,9999.000,9999.000,9999.000,9999.000,9999.000,9999.000
202607031430,   0.804,   1.298,9999.000,9999.000,9999.000,9999.000,9999.000,9999.000,9999.000
202607031436,   0.806,   1.298,9999.000,9999.000,9999.000,9999.000,9999.000,9999.000,9999.000
202607031442,   0.807,   1.289,9999.000,9999.000,9999.000,9999.000,9999.000,9999.000,9999.000
202607031448,   0.808,   1.289,9999.000,9999.000,9999.000,9999.000,9999.000,9999.000,9999.000
202607031454,   0.807,   1.298,9999.000,9999.000,9999.000,9999.000,9999.000,9999.000,9999.000
202607031500,   0.806,   1.289,   0.300,   0.183,   1.289,   0.300,   1.289,   0.300,   1.289
202607031506,   0.804,   1.279,9999.000,9999.000,9999.000,9999.000,9999.000,9999.000,9999.000
202607031512,   0.801,   1.289,9999.000,9999.000,9999.000,9999.000,9999.000,9999.000,9999.000
202607031518,   0.798,   1.289,9999.000,9999.000,9999.000,9999.000,9999.000,9999.000,9999.000
202607031524,   0.793,   1.289,9999.000,9999.000,9999.000,9999.000,9999.000,9999.000,9999.000
202607031530,   0.787,   1.279,9999.000,9999.000,9999.000,9999.000,9999.000,9999.000,9999.000
202607031536,   0.781,   1.269,9999.000,9999.000,9999.000,9999.000,9999.000,9999.000,9999.000
202607031542,   0.774,   1.269,9999.000,9999.000,9999.000,9999.000,9999.000,9999.000,9999.000
202607031548,   0.766,   1.249,9999.000,9999.000,9999.000,9999.000,9999.000,9999.000,9999.000
202607031554,   0.757,   1.259,9999.000,9999.000,9999.000,9999.000,9999.000,9999.000,9999.000
202607031600,   0.747,   1.239,   0.200,   0.292,   1.239,   0.200,   1.239,   0.300,   1.339
202607031606,   0.737,   1.200,9999.000,9999.000,9999.000,9999.000,9999.000,9999.000,9999.000
202607031612,   0.725,   1.180,9999.000,9999.000,9999.000,9999.000,9999.000,9999.000,9999.000
202607031618,   0.713,   1.180,9999.000,9999.000,9999.000,9999.000,9999.000,9999.000,9999.000
202607031624,   0.700,   1.161,9999.000,9999.000,9999.000,9999.000,9999.000,9999.000,9999.000
202607031630,   0.687,   1.138,9999.000,9999.000,9999.000,9999.000,9999.000,9999.000,9999.000
202607031636,   0.672,   1.128,9999.000,9999.000,9999.000,9999.000,9999.000,9999.000,9999.000
202607031642,   0.657,   1.098,9999.000,9999.000,9999.000,9999.000,9999.000,9999.000,9999.000
202607031648,   0.642,   1.079,9999.000,9999.000,9999.000,9999.000,9999.000,9999.000,9999.000
202607031654,   0.626,   1.069,9999.000,9999.000,9999.000,9999.000,9999.000,9999.000,9999.000
202607031700,   0.609,   1.049,   0.200,   0.240,   1.049,   0.200,   1.049,   0.300,   1.149
202607031706,   0.592,   1.020,9999.000,9999.000,9999.000,9999.000,9999.000,9999.000,9999.000
202607031712,   0.575,   1.000,9999.000,9999.000,9999.000,9999.000,9999.000,9999.000,9999.000
202607031718,   0.558,   1.000,9999.000,9999.000,9999.000,9999.000,9999.000,9999.000,9999.000
202607031724,   0.540,   0.970,9999.000,9999.000,9999.000,9999.000,9999.000,9999.000,9999.000
202607031730,   0.522,   0.961,9999.000,9999.000,9999.000,9999.000,9999.000,9999.000,9999.000
202607031736,   0.504,   0.918,9999.000,9999.000,9999.000,9999.000,9999.000,9999.000,9999.000
202607031742,   0.486,   0.898,9999.000,9999.000,9999.000,9999.000,9999.000,9999.000,9999.000
202607031748,   0.468,   0.879,9999.000,9999.000,9999.000,9999.000,9999.000,9999.000,9999.000
202607031754,   0.450,   0.859,9999.000,9999.000,9999.000,9999.000,9999.000,9999.000,9999.000
202607031800,   0.432,   0.849,   0.300,   0.117,   0.849,   0.300,   0.849,   0.300,   0.849
202607031806,   0.414,   0.829,9999.000,9999.000,9999.000,9999.000,9999.000,9999.000,9999.000
202607031812,   0.397,   0.810,9999.000,9999.000,9999.000,9999.000,9999.000,9999.000,9999.000
202607031818,   0.379,   0.800,9999.000,9999.000,9999.000,9999.000,9999.000,9999.000,9999.000
202607031824,   0.363,   0.760,9999.000,9999.000,9999.000,9999.000,9999.000,9999.000,9999.000
202607031830,   0.346,   0.751,9999.000,9999.000,9999.000,9999.000,9999.000,9999.000,9999.000
202607031836,   0.330,   0.741,9999.000,9999.000,9999.000,9999.000,9999.000,9999.000,9999.000
202607031842,   0.314,   0.718,9999.000,9999.000,9999.000,9999.000,9999.000,9999.000,9999.000
202607031848,   0.298,   0.708,9999.000,9999.000,9999.000,9999.000,9999.000,9999.000,9999.000
202607031854,   0.283,   0.688,9999.000,9999.000,9999.000,9999.000,9999.000,9999.000,9999.000
202607031900,   0.268,   0.659,   0.300,   0.091,   0.659,   0.300,   0.659,   0.300,   0.659
202607031906,   0.254,   0.639,9999.000,9999.000,9999.000,9999.000,9999.000,9999.000,9999.000
202607031912,   0.240,   0.619,9999.000,9999.000,9999.000,9999.000,9999.000,9999.000,9999.000
202607031918,   0.227,   0.590,9999.000,9999.000,9999.000,9999.000,9999.000,9999.000,9999.000
202607031924,   0.214,   0.580,9999.000,9999.000,9999.000,9999.000,9999.000,9999.000,9999.000
202607031930,   0.202,   0.551,9999.000,9999.000,9999.000,9999.000,9999.000,9999.000,9999.000
202607031936,   0.190,   0.531,9999.000,9999.000,9999.000,9999.000,9999.000,9999.000,9999.000
202607031942,   0.179,   0.488,9999.000,9999.000,9999.000,9999.000,9999.000,9999.000,9999.000
202607031948,   0.169,   0.478,9999.000,9999.000,9999.000,9999.000,9999.000,9999.000,9999.000
202607031954,   0.159,   0.469,9999.000,9999.000,9999.000,9999.000,9999.000,9999.000,9999.000
202607032000,   0.150,   0.439,   0.300,  -0.011,   0.439,   0.300,   0.439,   0.300,   0.439
202607032006,   0.142,   0.419,9999.000,9999.000,9999.000,9999.000,9999.000,9999.000,9999.000
202607032012,   0.135,   0.419,9999.000,9999.000,9999.000,9999.000,9999.000,9999.000,9999.000
202607032018,   0.129,   0.409,9999.000,9999.000,9999.000,9999.000,9999.000,9999.000,9999.000
202607032024,   0.124,   0.390,9999.000,9999.000,9999.000,9999.000,9999.000,9999.000,9999.000
202607032030,   0.120,   0.390,9999.000,9999.000,9999.000,9999.000,9999.000,9999.000,9999.000
202607032036,   0.118,   0.390,9999.000,9999.000,9999.000,9999.000,9999.000,9999.000,9999.000
202607032042,   0.116,   0.370,9999.000,9999.000,9999.000,9999.000,9999.000,9999.000,9999.000
202607032048,   0.116,   0.380,9999.000,9999.000,9999.000,9999.000,9999.000,9999.000,9999.000
202607032054,   0.117,   0.380,9999.000,9999.000,9999.000,9999.000,9999.000,9999.000,9999.000
202607032100,   0.119,   0.400,   0.300,  -0.019,   0.400,   0.300,   0.400,   0.300,   0.400
202607032106,   0.123,   0.409,9999.000,9999.000,9999.000,9999.000,9999.000,9999.000,9999.000
202607032112,   0.128,   0.400,9999.000,9999.000,9999.000,9999.000,9999.000,9999.000,9999.000
202607032118,   0.135,   0.390,9999.000,9999.000,9999.000,9999.000,9999.000,9999.000,9999.000
202607032124,   0.142,   0.390,9999.000,9999.000,9999.000,9999.000,9999.000,9999.000,9999.000
202607032130,   0.152,   0.390,9999.000,9999.000,9999.000,9999.000,9999.000,9999.000,9999.000
202607032136,   0.162,   0.380,9999.000,9999.000,9999.000,9999.000,9999.000,9999.000,9999.000
202607032142,   0.174,   0.400,9999.000,9999.000,9999.000,9999.000,9999.000,9999.000,9999.000
202607032148,   0.188,   0.409,9999.000,9999.000,9999.000,9999.000,9999.000,9999.000,9999.000
202607032154,   0.202,   0.429,9999.000,9999.000,9999.000,9999.000,9999.000,9999.000,9999.000
202607032200,   0.218,   0.449,   0.300,  -0.069,   0.449,   0.300,   0.449,   0.300,   0.449
202607032206,   0.235,   0.469,9999.000,9999.000,9999.000,9999.000,9999.000,9999.000,9999.000
202607032212,   0.253,   0.498,9999.000,9999.000,9999.000,9999.000,9999.000,9999.000,9999.000
202607032218,   0.272,   0.518,9999.000,9999.000,9999.000,9999.000,9999.000,9999.000,9999.000
202607032224,   0.292,   0.551,9999.000,9999.000,9999.000,9999.000,9999.000,9999.000,9999.000
202607032230,   0.314,   0.570,9999.000,9999.000,9999.000,9999.000,9999.000,9999.000,9999.000
202607032236,   0.336,   0.610,9999.000,9999.000,9999.000,9999.000,9999.000,9999.000,9999.000
202607032242,   0.359,   0.610,9999.000,9999.000,9999.000,9999.000,9999.000,9999.000,9999.000
202607032248,   0.383,   0.639,9999.000,9999.000,9999.000,9999.000,9999.000,9999.000,9999.000
202607032254,   0.407,   0.669,9999.000,9999.000,9999.000,9999.000,9999.000,9999.000,9999.000
202607032300,   0.433,   0.678,   0.300,  -0.055,   0.678,   0.200,   0.578,   0.300,   0.678
202607032306,   0.459,   0.708,9999.000,9999.000,9999.000,9999.000,9999.000,9999.000,9999.000
202607032312,   0.485,   0.741,9999.000,9999.000,9999.000,9999.000,9999.000,9999.000,9999.000
202607032318,   0.513,   0.760,9999.000,9999.000,9999.000,9999.000,9999.000,9999.000,9999.000
202607032324,   0.540,   0.770,9999.000,9999.000,9999.000,9999.000,9999.000,9999.000,9999.000
202607032330,   0.569,   0.829,9999.000,9999.000,9999.000,9999.000,9999.000,9999.000,9999.000
202607032336,   0.598,   0.859,9999.000,9999.000,9999.000,9999.000,9999.000,9999.000,9999.000
202607032342,   0.627,   0.898,9999.000,9999.000,9999.000,9999.000,9999.000,9999.000,9999.000
202607032348,   0.657,   0.941,9999.000,9999.000,9999.000,9999.000,9999.000,9999.000,9999.000
202607032354,   0.687,   0.980,9999.000,9999.000,9999.000,9999.000,9999.000,9999.000,9999.000
202607040000,   0.718,   1.000,   0.300,  -0.018,   1.000,   0.300,   1.000,   0.400,   1.100
202607040006,   0.749,   1.039,9999.000,9999.000,9999.000,9999.000,9999.000,9999.000,9999.000
202607040012,   0.780,   1.069,9999.000,9999.000,9999.000,9999.000,9999.000,9999.000,9999.000
202607040018,   0.811,   1.118,9999.000,9999.000,9999.000,9999.000,9999.000,9999.000,9999.000
202607040024,   0.843,   1.138,9999.000,9999.000,9999.000,9999.000,9999.000,9999.000,9999.000
202607040030,   0.875,   1.161,9999.000,9999.000,9999.000,9999.000,9999.000,9999.000,9999.000
202607040036,   0.906,   1.200,9999.000,9999.000,9999.000,9999.000,9999.000,9999.000,9999.000
202607040042,   0.938,   1.229,9999.000,9999.000,9999.000,9999.000,9999.000,9999.000,9999.000
202607040048,   0.969,   1.269,9999.000,9999.000,9999.000,9999.000,9999.000,9999.000,9999.000
202607040054,   1.000,   1.308,9999.000,9999.000,9999.000,9999.000,9999.000,9999.000,9999.000
202607040100,   1.031,   1.328,   0.400,  -0.103,   1.328,   0.300,   1.228,   0.400,   1.328
202607040106,   1.062,   1.371,9999.000,9999.000,9999.000,9999.000,9999.000,9999.000,9999.000
202607040112,   1.092,   1.390,9999.000,9999.000,9999.000,9999.000,9999.000,9999.000,9999.000
202607040118,   1.122,   1.420,9999.000,9999.000,9999.000,9999.000,9999.000,9999.000,9999.000
202607040124,   1.151,   1.469,9999.000,9999.000,9999.000,9999.000,9999.000,9999.000,9999.000
202607040130,   1.179,   1.498,9999.000,9999.000,9999.000,9999.000,9999.000,9999.000,9999.000
202607040136,   1.206,   1.528,9999.000,9999.000,9999.000,9999.000,9999.000,9999.000,9999.000
202607040142,   1.233,   1.557,9999.000,9999.000,9999.000,9999.000,9999.000,9999.000,9999.000
202607040148,   1.259,   1.600,9999.000,9999.000,9999.000,9999.000,9999.000,9999.000,9999.000
202607040154,   1.284,   1.620,9999.000,9999.000,9999.000,9999.000,9999.000,9999.000,9999.000
202607040200,   1.307,   1.630,   0.400,  -0.077,   1.630,   0.400,   1.630,   0.400,   1.630
202607040206,   1.330,   1.659,9999.000,9999.000,9999.000,9999.000,9999.000,9999.000,9999.000
202607040212,   1.352,   1.679,9999.000,9999.000,9999.000,9999.000,9999.000,9999.000,9999.000
202607040218,   1.372,   1.679,9999.000,9999.000,9999.000,9999.000,9999.000,9999.000,9999.000
202607040224,   1.391,   1.708,9999.000,9999.000,9999.000,9999.000,9999.000,9999.000,9999.000
202607040230,   1.410,   1.748,9999.000,9999.000,9999.000,9999.000,9999.000,9999.000,9999.000
202607040236,   1.426,   1.767,9999.000,9999.000,9999.000,9999.000,9999.000,9999.000,9999.000
202607040242,   1.442,   1.767,9999.000,9999.000,9999.000,9999.000,9999.000,9999.000,9999.000
202607040248,   1.456,   1.810,9999.000,9999.000,9999.000,9999.000,9999.000,9999.000,9999.000
202607040254,   1.469,   1.830,9999.000,9999.000,9999.000,9999.000,9999.000,9999.000,9999.000
202607040300,   1.481,   1.849,   0.400,  -0.032,   1.849,   0.400,   1.849,   0.400,   1.849
202607040306,   1.492,   1.859,9999.000,9999.000,9999.000,9999.000,9999.000,9999.000,9999.000
202607040312,   1.501,   1.879,9999.000,9999.000,9999.000,9999.000,9999.000,9999.000,9999.000
202607040318,   1.509,   1.879,9999.000,9999.000,9999.000,9999.000,9999.000,9999.000,9999.000
202607040324,   1.516,   1.879,9999.000,9999.000,9999.000,9999.000,9999.000,9999.000,9999.000
202607040330,   1.521,   1.879,9999.000,9999.000,9999.000,9999.000,9999.000,9999.000,9999.000
202607040336,   1.525,   1.889,9999.000,9999.000,9999.000,9999.000,9999.000,9999.000,9999.000
202607040342,   1.528,   1.899,9999.000,9999.000,9999.000,9999.000,9999.000,9999.000,9999.000
202607040348,   1.530,   1.899,9999.000,9999.000,9999.000,9999.000,9999.000,9999.000,9999.000
202607040354,   1.530,   1.918,9999.000,9999.000,9999.000,9999.000,9999.000,9999.000,9999.000
202607040400,   1.529,   1.938,   0.400,   0.009,   1.938,   0.300,   1.838,   0.400,   1.938
202607040406,   1.526,   1.938,9999.000,9999.000,9999.000,9999.000,9999.000,9999.000,9999.000
202607040412,   1.523,   1.938,9999.000,9999.000,9999.000,9999.000,9999.000,9999.000,9999.000
202607040418,   1.518,   1.928,9999.000,9999.000,9999.000,9999.000,9999.000,9999.000,9999.000
202607040424,   1.511,   1.928,9999.000,9999.000,9999.000,9999.000,9999.000,9999.000,9999.000
202607040430,   1.504,   1.918,9999.000,9999.000,9999.000,9999.000,9999.000,9999.000,9999.000
202607040436,   1.495,   1.899,9999.000,9999.000,9999.000,9999.000,9999.000,9999.000,9999.000
202607040442,   1.485,   1.889,9999.000,9999.000,9999.000,9999.000,9999.000,9999.000,9999.000
202607040448,   1.474,   1.879,9999.000,9999.000,9999.000,9999.000,9999.000,9999.000,9999.000
202607040454,   1.461,   1.869,9999.000,9999.000,9999.000,9999.000,9999.000,9999.000,9999.000
202607040500,   1.447,   1.859,   0.300,   0.112,   1.859,   0.300,   1.859,   0.400,   1.959
202607040506,   1.433,   1.849,9999.000,9999.000,9999.000,9999.000,9999.000,9999.000,9999.000
202607040512,   1.417,   1.849,9999.000,9999.000,9999.000,9999.000,9999.000,9999.000,9999.000
202607040518,   1.400,   1.840,9999.000,9999.000,9999.000,9999.000,9999.000,9999.000,9999.000
202607040524,   1.382,   1.840,9999.000,9999.000,9999.000,9999.000,9999.000,9999.000,9999.000
202607040530,   1.364,   1.830,9999.000,9999.000,9999.000,9999.000,9999.000,9999.000,9999.000
202607040536,   1.344,   1.820,9999.000,9999.000,9999.000,9999.000,9999.000,9999.000,9999.000
202607040542,   1.324,   1.790,9999.000,9999.000,9999.000,9999.000,9999.000,9999.000,9999.000
202607040548,   1.303,   1.781,9999.000,9999.000,9999.000,9999.000,9999.000,9999.000,9999.000
202607040554,   1.281,   1.748,9999.000,9999.000,9999.000,9999.000,9999.000,9999.000,9999.000
202607040600,   1.259,   1.718,   0.300,   0.159,   1.718,   0.300,   1.718,   0.300,   1.718
202607040606,   1.236,   1.699,9999.000,9999.000,9999.000,9999.000,9999.000,9999.000,9999.000
202607040612,   1.213,   1.679,9999.000,9999.000,9999.000,9999.000,9999.000,9999.000,9999.000
202607040618,   1.190,   1.630,9999.000,9999.000,9999.000,9999.000,9999.000,9999.000,9999.000
202607040624,   1.166,   1.620,9999.000,9999.000,9999.000,9999.000,9999.000,9999.000,9999.000
202607040630,   1.141,   1.610,9999.000,9999.000,9999.000,9999.000,9999.000,9999.000,9999.000
202607040636,   1.117,   1.600,9999.000,9999.000,9999.000,9999.000,9999.000,9999.000,9999.000
202607040642,   1.092,   1.571,9999.000,9999.000,9999.000,9999.000,9999.000,9999.000,9999.000
202607040648,   1.067,   1.557,9999.000,9999.000,9999.000,9999.000,9999.000,9999.000,9999.000
202607040654,   1.042,   1.548,9999.000,9999.000,9999.000,9999.000,9999.000,9999.000,9999.000
202607040700,   1.016,   1.528,   0.300,   0.212,   1.528,   0.300,   1.528,   0.400,   1.628
202607040706,   0.991,   1.498,9999.000,9999.000,9999.000,9999.000,9999.000,9999.000,9999.000
202607040712,   0.966,   1.469,9999.000,9999.000,9999.000,9999.000,9999.000,9999.000,9999.000
202607040718,   0.940,   1.439,9999.000,9999.000,9999.000,9999.000,9999.000,9999.000,9999.000
202607040724,   0.914,   1.410,9999.000,9999.000,9999.000,9999.000,9999.000,9999.000,9999.000
202607040730,   0.889,   1.380,9999.000,9999.000,9999.000,9999.000,9999.000,9999.000,9999.000
202607040736,   0.863,   1.380,9999.000,9999.000,9999.000,9999.000,9999.000,9999.000,9999.000
202607040742,   0.838,   1.308,9999.000,9999.000,9999.000,9999.000,9999.000,9999.000,9999.000
202607040748,   0.812,   1.279,9999.000,9999.000,9999.000,9999.000,9999.000,9999.000,9999.000
202607040754,   0.787,   1.289,9999.000,9999.000,9999.000,9999.000,9999.000,9999.000,9999.000
202607040800,   0.762,   1.249,   0.300,   0.187,   1.249,   0.300,   1.249,   0.400,   1.349
202607040806,   0.737,   1.190,9999.000,9999.000,9999.000,9999.000,9999.000,9999.000,9999.000
202607040812,   0.713,   1.170,9999.000,9999.000,9999.000,9999.000,9999.000,9999.000,9999.000
202607040818,   0.689,   1.138,9999.000,9999.000,9999.000,9999.000,9999.000,9999.000,9999.000
202607040824,   0.665,   1.079,9999.000,9999.000,9999.000,9999.000,9999.000,9999.000,9999.000
202607040830,   0.642,   1.049,9999.000,9999.000,9999.000,9999.000,9999.000,9999.000,9999.000
202607040836,   0.619,   1.020,9999.000,9999.000,9999.000,9999.000,9999.000,9999.000,9999.000
202607040842,   0.597,   1.020,9999.000,9999.000,9999.000,9999.000,9999.000,9999.000,9999.000
202607040848,   0.576,   1.000,9999.000,9999.000,9999.000,9999.000,9999.000,9999.000,9999.000
202607040854,   0.556,   0.980,9999.000,9999.000,9999.000,9999.000,9999.000,9999.000,9999.000
202607040900,   0.536,   0.970,   0.300,   0.134,   0.970,   0.300,   0.970,   0.400,   1.070
202607040906,   0.517,   0.951,9999.000,9999.000,9999.000,9999.000,9999.000,9999.000,9999.000
202607040912,   0.500,   0.918,9999.000,9999.000,9999.000,9999.000,9999.000,9999.000,9999.000
202607040918,   0.483,   0.888,9999.000,9999.000,9999.000,9999.000,9999.000,9999.000,9999.000
202607040924,   0.468,   0.888,9999.000,9999.000,9999.000,9999.000,9999.000,9999.000,9999.000
202607040930,   0.454,   0.849,9999.000,9999.000,9999.000,9999.000,9999.000,9999.000,9999.000
202607040936,   0.441,   0.839,9999.000,9999.000,9999.000,9999.000,9999.000,9999.000,9999.000
202607040942,   0.429,   0.810,9999.000,9999.000,9999.000,9999.000,9999.000,9999.000,9999.000
202607040948,   0.418,   0.810,9999.000,9999.000,9999.000,9999.000,9999.000,9999.000,9999.000
202607040954,   0.409,   0.810,9999.000,9999.000,9999.000,9999.000,9999.000,9999.000,9999.000
202607041000,   0.401,   0.800,   0.300,   0.099,   0.800,   0.300,   0.800,   0.300,   0.800
202607041006,   0.394,   0.800,9999.000,9999.000,9999.000,9999.000,9999.000,9999.000,9999.000
202607041012,   0.388,   0.819,9999.000,9999.000,9999.000,9999.000,9999.000,9999.000,9999.000
202607041018,   0.384,   0.829,9999.000,9999.000,9999.000,9999.000,9999.000,9999.000,9999.000
202607041024,   0.380,   0.810,9999.000,9999.000,9999.000,9999.000,9999.000,9999.000,9999.000
202607041030,   0.378,   0.810,9999.000,9999.000,9999.000,9999.000,9999.000,9999.000,9999.000
202607041036,   0.377,   0.839,9999.000,9999.000,9999.000,9999.000,9999.000,9999.000,9999.000
202607041042,   0.377,   0.829,9999.000,9999.000,9999.000,9999.000,9999.000,9999.000,9999.000
202607041048,   0.379,   0.790,9999.000,9999.000,9999.000,9999.000,9999.000,9999.000,9999.000
202607041054,   0.381,   0.790,9999.000,9999.000,9999.000,9999.000,9999.000,9999.000,9999.000
202607041100,   0.384,   0.790,   0.300,   0.106,   0.790,   0.300,   0.790,   0.300,   0.790
202607041106,   0.388,   0.800,9999.000,9999.000,9999.000,9999.000,9999.000,9999.000,9999.000
202607041112,   0.393,   0.800,9999.000,9999.000,9999.000,9999.000,9999.000,9999.000,9999.000
202607041118,   0.398,   0.800,9999.000,9999.000,9999.000,9999.000,9999.000,9999.000,9999.000
202607041124,   0.405,   0.819,9999.000,9999.000,9999.000,9999.000,9999.000,9999.000,9999.000
202607041130,   0.412,   0.839,9999.000,9999.000,9999.000,9999.000,9999.000,9999.000,9999.000
202607041136,   0.420,   0.849,9999.000,9999.000,9999.000,9999.000,9999.000,9999.000,9999.000
202607041142,   0.429,   0.879,9999.000,9999.000,9999.000,9999.000,9999.000,9999.000,9999.000
202607041148,   0.439,   0.898,9999.000,9999.000,9999.000,9999.000,9999.000,9999.000,9999.000
202607041154,   0.449,   0.908,9999.000,9999.000,9999.000,9999.000,9999.000,9999.000,9999.000
202607041200,   0.460,   0.908,   0.300,   0.148,   0.908,   0.300,   0.908,   0.300,   0.908
202607041206,   0.471,   0.918,9999.000,9999.000,9999.000,9999.000,9999.000,9999.000,9999.000
202607041212,   0.483,   0.918,9999.000,9999.000,9999.000,9999.000,9999.000,9999.000,9999.000
202607041218,   0.496,   0.941,9999.000,9999.000,9999.000,9999.000,9999.000,9999.000,9999.000
202607041224,   0.509,   0.951,9999.000,9999.000,9999.000,9999.000,9999.000,9999.000,9999.000
202607041230,   0.523,   0.970,9999.000,9999.000,9999.000,9999.000,9999.000,9999.000,9999.000
202607041236,   0.537,   0.990,9999.000,9999.000,9999.000,9999.000,9999.000,9999.000,9999.000
202607041242,   0.551,   1.000,9999.000,9999.000,9999.000,9999.000,9999.000,9999.000,9999.000
202607041248,   0.566,   1.020,9999.000,9999.000,9999.000,9999.000,9999.000,9999.000,9999.000
202607041254,   0.581,   1.049,9999.000,9999.000,9999.000,9999.000,9999.000,9999.000,9999.000
202607041300,   0.597,   1.059,   0.300,   0.162,   1.059,   0.300,   1.059,   0.300,   1.059
202607041306,   0.612,   1.079,9999.000,9999.000,9999.000,9999.000,9999.000,9999.000,9999.000
202607041312,   0.628,   1.098,9999.000,9999.000,9999.000,9999.000,9999.000,9999.000,9999.000
202607041318,   0.644,   1.118,9999.000,9999.000,9999.000,9999.000,9999.000,9999.000,9999.000
202607041324,   0.660,   1.118,9999.000,9999.000,9999.000,9999.000,9999.000,9999.000,9999.000
202607041330,   0.675,   1.151,9999.000,9999.000,9999.000,9999.000,9999.000,9999.000,9999.000
202607041336,   0.691,   1.170,9999.000,9999.000,9999.000,9999.000,9999.000,9999.000,9999.000
202607041342,   0.706,   1.190,9999.000,9999.000,9999.000,9999.000,9999.000,9999.000,9999.000
202607041348,   0.721,   1.220,9999.000,9999.000,9999.000,9999.000,9999.000,9999.000,9999.000
202607041354,   0.735,   1.239,9999.000,9999.000,9999.000,9999.000,9999.000,9999.000,9999.000
202607041400,   0.749,   1.249,   0.300,   0.200,   1.249,   0.300,   1.249,   0.300,   1.249
202607041406,   0.763,   1.269,9999.000,9999.000,9999.000,9999.000,9999.000,9999.000,9999.000
202607041412,   0.776,   1.259,9999.000,9999.000,9999.000,9999.000,9999.000,9999.000,9999.000
202607041418,   0.788,   1.279,9999.000,9999.000,9999.000,9999.000,9999.000,9999.000,9999.000
202607041424,   0.799,   1.289,9999.000,9999.000,9999.000,9999.000,9999.000,9999.000,9999.000
202607041430,   0.810,   1.318,9999.000,9999.000,9999.000,9999.000,9999.000,9999.000,9999.000
202607041436,   0.820,   1.308,9999.000,9999.000,9999.000,9999.000,9999.000,9999.000,9999.000
202607041442,   0.830,   1.298,9999.000,9999.000,9999.000,9999.000,9999.000,9999.000,9999.000
202607041448,   0.838,   1.318,9999.000,9999.000,9999.000,9999.000,9999.000,9999.000,9999.000
202607041454,   0.846,   1.338,9999.000,9999.000,9999.000,9999.000,9999.000,9999.000,9999.000
202607041500,   0.852,   1.348,   0.300,   0.196,   1.348,   0.300,   1.348,   0.300,   1.348
202607041506,   0.858,   1.361,9999.000,9999.000,9999.000,9999.000,9999.000,9999.000,9999.000
202607041512,   0.863,   1.390,9999.000,9999.000,9999.000,9999.000,9999.000,9999.000,9999.000
202607041518,   0.867,   1.390,9999.000,9999.000,9999.000,9999.000,9999.000,9999.000,9999.000
202607041524,   0.871,   1.390,9999.000,9999.000,9999.000,9999.000,9999.000,9999.000,9999.000
202607041530,   0.873,   1.380,9999.000,9999.000,9999.000,9999.000,9999.000,9999.000,9999.000
202607041536,   0.875,   1.390,9999.000,9999.000,9999.000,9999.000,9999.000,9999.000,9999.000
202607041542,   0.875,   1.380,9999.000,9999.000,9999.000,9999.000,9999.000,9999.000,9999.000
202607041548,   0.875,   1.380,9999.000,9999.000,9999.000,9999.000,9999.000,9999.000,9999.000
202607041554,   0.874,   1.390,9999.000,9999.000,9999.000,9999.000,9999.000,9999.000,9999.000
202607041600,   0.872,   1.390,   0.300,   0.218,   1.390,   0.300,   1.390,   0.300,   1.390
202607041606,   0.869,   1.400,9999.000,9999.000,9999.000,9999.000,9999.000,9999.000,9999.000
202607041612,   0.865,   1.390,9999.000,9999.000,9999.000,9999.000,9999.000,9999.000,9999.000
202607041618,   0.861,   1.390,9999.000,9999.000,9999.000,9999.000,9999.000,9999.000,9999.000
202607041624,   0.856,   1.410,9999.000,9999.000,9999.000,9999.000,9999.000,9999.000,9999.000
202607041630,   0.849,   1.361,9999.000,9999.000,9999.000,9999.000,9999.000,9999.000,9999.000
202607041636,   0.842,   1.348,9999.000,9999.000,9999.000,9999.000,9999.000,9999.000,9999.000
202607041642,   0.834,   1.361,9999.000,9999.000,9999.000,9999.000,9999.000,9999.000,9999.000
202607041648,   0.826,   1.361,9999.000,9999.000,9999.000,9999.000,9999.000,9999.000,9999.000
202607041654,   0.816,   1.318,9999.000,9999.000,9999.000,9999.000,9999.000,9999.000,9999.000
202607041700,   0.806,   1.308,   0.300,   0.202,   1.308,   0.200,   1.208,   0.300,   1.308
202607041706,   0.795,   1.308,9999.000,9999.000,9999.000,9999.000,9999.000,9999.000,9999.000
202607041712,   0.783,   1.298,9999.000,9999.000,9999.000,9999.000,9999.000,9999.000,9999.000
202607041718,   0.770,   1.289,9999.000,9999.000,9999.000,9999.000,9999.000,9999.000,9999.000
202607041724,   0.757,   1.269,9999.000,9999.000,9999.000,9999.000,9999.000,9999.000,9999.000
202607041730,   0.743,   1.269,9999.000,9999.000,9999.000,9999.000,9999.000,9999.000,9999.000
202607041736,   0.729,   1.249,9999.000,9999.000,9999.000,9999.000,9999.000,9999.000,9999.000
202607041742,   0.714,   1.220,9999.000,9999.000,9999.000,9999.000,9999.000,9999.000,9999.000
202607041748,   0.698,   1.210,9999.000,9999.000,9999.000,9999.000,9999.000,9999.000,9999.000
202607041754,   0.682,   1.180,9999.000,9999.000,9999.000,9999.000,9999.000,9999.000,9999.000
202607041800,   0.666,   1.138,   0.400,   0.072,   1.138,   0.300,   1.038,   0.400,   1.138
202607041806,   0.650,   1.108,9999.000,9999.000,9999.000,9999.000,9999.000,9999.000,9999.000
202607041812,   0.633,   1.079,9999.000,9999.000,9999.000,9999.000,9999.000,9999.000,9999.000
202607041818,   0.616,   1.059,9999.000,9999.000,9999.000,9999.000,9999.000,9999.000,9999.000
202607041824,   0.599,   1.029,9999.000,9999.000,9999.000,9999.000,9999.000,9999.000,9999.000
202607041830,   0.582,   1.000,9999.000,9999.000,9999.000,9999.000,9999.000,9999.000,9999.000
202607041836,   0.564,   0.990,9999.000,9999.000,9999.000,9999.000,9999.000,9999.000,9999.000
202607041842,   0.547,   0.970,9999.000,9999.000,9999.000,9999.000,9999.000,9999.000,9999.000
202607041848,   0.530,   0.961,9999.000,9999.000,9999.000,9999.000,9999.000,9999.000,9999.000
202607041854,   0.513,   0.951,9999.000,9999.000,9999.000,9999.000,9999.000,9999.000,9999.000
202607041900,   0.497,   0.918,   0.400,   0.021,   0.918,   0.400,   0.918,   0.400,   0.918
202607041906,   0.480,   0.888,9999.000,9999.000,9999.000,9999.000,9999.000,9999.000,9999.000
202607041912,   0.464,   0.859,9999.000,9999.000,9999.000,9999.000,9999.000,9999.000,9999.000
202607041918,   0.448,   0.839,9999.000,9999.000,9999.000,9999.000,9999.000,9999.000,9999.000
202607041924,   0.432,   0.810,9999.000,9999.000,9999.000,9999.000,9999.000,9999.000,9999.000
202607041930,   0.417,   0.780,9999.000,9999.000,9999.000,9999.000,9999.000,9999.000,9999.000
202607041936,   0.402,   0.760,9999.000,9999.000,9999.000,9999.000,9999.000,9999.000,9999.000
202607041942,   0.387,   0.718,9999.000,9999.000,9999.000,9999.000,9999.000,9999.000,9999.000
202607041948,   0.373,   0.708,9999.000,9999.000,9999.000,9999.000,9999.000,9999.000,9999.000
202607041954,   0.359,   0.669,9999.000,9999.000,9999.000,9999.000,9999.000,9999.000,9999.000
202607042000,   0.346,   0.659,   0.400,  -0.087,   0.659,   0.400,   0.659,   0.400,   0.659
202607042006,   0.333,   0.659,9999.000,9999.000,9999.000,9999.000,9999.000,9999.000,9999.000
202607042012,   0.320,   0.639,9999.000,9999.000,9999.000,9999.000,9999.000,9999.000,9999.000
202607042018,   0.308,   0.610,9999.000,9999.000,9999.000,9999.000,9999.000,9999.000,9999.000
202607042024,   0.296,   0.580,9999.000,9999.000,9999.000,9999.000,9999.000,9999.000,9999.000
202607042030,   0.285,   0.570,9999.000,9999.000,9999.000,9999.000,9999.000,9999.000,9999.000
202607042036,   0.275,   0.560,9999.000,9999.000,9999.000,9999.000,9999.000,9999.000,9999.000
202607042042,   0.266,   0.518,9999.000,9999.000,9999.000,9999.000,9999.000,9999.000,9999.000
202607042048,   0.257,   0.508,9999.000,9999.000,9999.000,9999.000,9999.000,9999.000,9999.000
202607042054,   0.249,   0.488,9999.000,9999.000,9999.000,9999.000,9999.000,9999.000,9999.000
202607042100,   0.241,   0.498,   0.400,  -0.143,   0.498,   0.400,   0.498,   0.400,   0.498
202607042106,   0.235,   0.488,9999.000,9999.000,9999.000,9999.000,9999.000,9999.000,9999.000
202607042112,   0.230,   0.478,9999.000,9999.000,9999.000,9999.000,9999.000,9999.000,9999.000
202607042118,   0.225,   0.488,9999.000,9999.000,9999.000,9999.000,9999.000,9999.000,9999.000
202607042124,   0.222,   0.488,9999.000,9999.000,9999.000,9999.000,9999.000,9999.000,9999.000
202607042130,   0.220,   0.469,9999.000,9999.000,9999.000,9999.000,9999.000,9999.000,9999.000
202607042136,   0.219,   0.478,9999.000,9999.000,9999.000,9999.000,9999.000,9999.000,9999.000
202607042142,   0.220,   0.459,9999.000,9999.000,9999.000,9999.000,9999.000,9999.000,9999.000
202607042148,   0.222,   0.478,9999.000,9999.000,9999.000,9999.000,9999.000,9999.000,9999.000
202607042154,   0.225,   0.459,9999.000,9999.000,9999.000,9999.000,9999.000,9999.000,9999.000
202607042200,   0.229,   0.469,   0.400,  -0.160,   0.469,   0.400,   0.469,   0.400,   0.469
202607042206,   0.235,   0.459,9999.000,9999.000,9999.000,9999.000,9999.000,9999.000,9999.000
202607042212,   0.242,   0.469,9999.000,9999.000,9999.000,9999.000,9999.000,9999.000,9999.000
202607042218,   0.250,   0.478,9999.000,9999.000,9999.000,9999.000,9999.000,9999.000,9999.000
202607042224,   0.260,   0.488,9999.000,9999.000,9999.000,9999.000,9999.000,9999.000,9999.000
202607042230,   0.271,   0.498,9999.000,9999.000,9999.000,9999.000,9999.000,9999.000,9999.000
202607042236,   0.284,   0.488,9999.000,9999.000,9999.000,9999.000,9999.000,9999.000,9999.000
202607042242,   0.297,   0.508,9999.000,9999.000,9999.000,9999.000,9999.000,9999.000,9999.000
202607042248,   0.312,   0.531,9999.000,9999.000,9999.000,9999.000,9999.000,9999.000,9999.000
202607042254,   0.328,   0.560,9999.000,9999.000,9999.000,9999.000,9999.000,9999.000,9999.000
202607042300,   0.345,   0.570,   0.400,  -0.175,   0.570,   0.300,   0.470,   0.400,   0.570
202607042306,   0.363,   0.590,9999.000,9999.000,9999.000,9999.000,9999.000,9999.000,9999.000
202607042312,   0.383,   0.619,9999.000,9999.000,9999.000,9999.000,9999.000,9999.000,9999.000
202607042318,   0.403,   0.639,9999.000,9999.000,9999.000,9999.000,9999.000,9999.000,9999.000
202607042324,   0.424,   0.659,9999.000,9999.000,9999.000,9999.000,9999.000,9999.000,9999.000
202607042330,   0.446,   0.678,9999.000,9999.000,9999.000,9999.000,9999.000,9999.000,9999.000
202607042336,   0.468,   0.708,9999.000,9999.000,9999.000,9999.000,9999.000,9999.000,9999.000
202607042342,   0.492,   0.731,9999.000,9999.000,9999.000,9999.000,9999.000,9999.000,9999.000
202607042348,   0.516,   0.760,9999.000,9999.000,9999.000,9999.000,9999.000,9999.000,9999.000
202607042354,   0.540,   0.770,9999.000,9999.000,9999.000,9999.000,9999.000,9999.000,9999.000
202607050000,   0.566,   0.810,   0.400,  -0.156,   0.810,   0.400,   0.810,   0.400,   0.810
202607050006,   0.591,   0.810,9999.000,9999.000,9999.000,9999.000,9999.000,9999.000,9999.000
202607050012,   0.618,   0.849,9999.000,9999.000,9999.000,9999.000,9999.000,9999.000,9999.000
202607050018,   0.645,   0.869,9999.000,9999.000,9999.000,9999.000,9999.000,9999.000,9999.000
202607050024,   0.672,   0.908,9999.000,9999.000,9999.000,9999.000,9999.000,9999.000,9999.000
202607050030,   0.699,   0.928,9999.000,9999.000,9999.000,9999.000,9999.000,9999.000,9999.000
202607050036,   0.727,   0.941,9999.000,9999.000,9999.000,9999.000,9999.000,9999.000,9999.000
202607050042,   0.755,   0.970,9999.000,9999.000,9999.000,9999.000,9999.000,9999.000,9999.000
202607050048,   0.784,   1.000,9999.000,9999.000,9999.000,9999.000,9999.000,9999.000,9999.000
202607050054,   0.812,   1.020,9999.000,9999.000,9999.000,9999.000,9999.000,9999.000,9999.000
202607050100,   0.841,   1.049,   0.400,  -0.192,   1.049,   0.400,   1.049,   0.400,   1.049
202607050106,   0.870,   1.088,9999.000,9999.000,9999.000,9999.000,9999.000,9999.000,9999.000
202607050112,   0.899,   1.128,9999.000,9999.000,9999.000,9999.000,9999.000,9999.000,9999.000
202607050118,   0.928,   1.151,9999.000,9999.000,9999.000,9999.000,9999.000,9999.000,9999.000
202607050124,   0.957,   1.210,9999.000,9999.000,9999.000,9999.000,9999.000,9999.000,9999.000
202607050130,   0.985,   1.249,9999.000,9999.000,9999.000,9999.000,9999.000,9999.000,9999.000
202607050136,   1.014,   1.269,9999.000,9999.000,9999.000,9999.000,9999.000,9999.000,9999.000
202607050142,   1.042,   1.289,9999.000,9999.000,9999.000,9999.000,9999.000,9999.000,9999.000
202607050148,   1.070,   1.318,9999.000,9999.000,9999.000,9999.000,9999.000,9999.000,9999.000
202607050154,   1.097,   1.338,9999.000,9999.000,9999.000,9999.000,9999.000,9999.000,9999.000
202607050200,   1.124,   1.361,   0.400,  -0.163,   1.361,   0.400,   1.361,   0.500,   1.461
202607050206,   1.150,   1.390,9999.000,9999.000,9999.000,9999.000,9999.000,9999.000,9999.000
202607050212,   1.175,   1.420,9999.000,9999.000,9999.000,9999.000,9999.000,9999.000,9999.000
202607050218,   1.200,   1.459,9999.000,9999.000,9999.000,9999.000,9999.000,9999.000,9999.000
202607050224,   1.224,   1.479,9999.000,9999.000,9999.000,9999.000,9999.000,9999.000,9999.000
202607050230,   1.247,   1.518,9999.000,9999.000,9999.000,9999.000,9999.000,9999.000,9999.000
202607050236,   1.269,   1.548,9999.000,9999.000,9999.000,9999.000,9999.000,9999.000,9999.000
202607050242,   1.290,   1.590,9999.000,9999.000,9999.000,9999.000,9999.000,9999.000,9999.000
202607050248,   1.310,   1.610,9999.000,9999.000,9999.000,9999.000,9999.000,9999.000,9999.000
202607050254,   1.328,   1.639,9999.000,9999.000,9999.000,9999.000,9999.000,9999.000,9999.000
202607050300,   1.346,   1.659,   0.400,  -0.087,   1.659,   0.400,   1.659,   0.500,   1.759
202607050306,   1.362,   1.689,9999.000,9999.000,9999.000,9999.000,9999.000,9999.000,9999.000
202607050312,   1.377,   1.699,9999.000,9999.000,9999.000,9999.000,9999.000,9999.000,9999.000
202607050318,   1.391,   1.718,9999.000,9999.000,9999.000,9999.000,9999.000,9999.000,9999.000
202607050324,   1.404,   1.738,9999.000,9999.000,9999.000,9999.000,9999.000,9999.000,9999.000
202607050330,   1.415,   1.748,9999.000,9999.000,9999.000,9999.000,9999.000,9999.000,9999.000
202607050336,   1.425,   1.758,9999.000,9999.000,9999.000,9999.000,9999.000,9999.000,9999.000
202607050342,   1.434,   1.781,9999.000,9999.000,9999.000,9999.000,9999.000,9999.000,9999.000
202607050348,   1.442,   1.790,9999.000,9999.000,9999.000,9999.000,9999.000,9999.000,9999.000
202607050354,   1.448,   1.800,9999.000,9999.000,9999.000,9999.000,9999.000,9999.000,9999.000
202607050400,   1.453,   1.810,   0.400,  -0.043,   1.810,   0.400,   1.810,   0.400,   1.810
202607050406,   1.457,   1.810,9999.000,9999.000,9999.000,9999.000,9999.000,9999.000,9999.000
202607050412,   1.460,   1.820,9999.000,9999.000,9999.000,9999.000,9999.000,9999.000,9999.000
202607050418,   1.461,   1.830,9999.000,9999.000,9999.000,9999.000,9999.000,9999.000,9999.000
202607050424,   1.461,   1.820,9999.000,9999.000,9999.000,9999.000,9999.000,9999.000,9999.000
202607050430,   1.460,   1.830,9999.000,9999.000,9999.000,9999.000,9999.000,9999.000,9999.000
202607050436,   1.457,   1.820,9999.000,9999.000,9999.000,9999.000,9999.000,9999.000,9999.000
202607050442,   1.454,   1.820,9999.000,9999.000,9999.000,9999.000,9999.000,9999.000,9999.000
202607050448,   1.449,   1.820,9999.000,9999.000,9999.000,9999.000,9999.000,9999.000,9999.000
202607050454,   1.442,   1.820,9999.000,9999.000,9999.000,9999.000,9999.000,9999.000,9999.000
202607050500,   1.435,   1.810,   0.400,  -0.025,   1.810,   0.400,   1.810,   0.400,   1.810
202607050506,   1.426,   1.820,9999.000,9999.000,9999.000,9999.000,9999.000,9999.000,9999.000
202607050512,   1.417,   1.810,9999.000,9999.000,9999.000,9999.000,9999.000,9999.000,9999.000
202607050518,   1.406,   1.800,9999.000,9999.000,9999.000,9999.000,9999.000,9999.000,9999.000
202607050524,   1.393,   1.800,9999.000,9999.000,9999.000,9999.000,9999.000,9999.000,9999.000
202607050530,   1.380,   1.800,9999.000,9999.000,9999.000,9999.000,9999.000,9999.000,9999.000
202607050536,   1.366,   1.781,9999.000,9999.000,9999.000,9999.000,9999.000,9999.000,9999.000
202607050542,   1.350,   1.767,9999.000,9999.000,9999.000,9999.000,9999.000,9999.000,9999.000
202607050548,   1.333,   1.748,9999.000,9999.000,9999.000,9999.000,9999.000,9999.000,9999.000
202607050554,   1.316,   1.738,9999.000,9999.000,9999.000,9999.000,9999.000,9999.000,9999.000
202607050600,   1.297,   1.718,   0.300,   0.121,   1.718,   0.300,   1.718,   0.300,   1.718
202607050606,   1.278,   1.699,9999.000,9999.000,9999.000,9999.000,9999.000,9999.000,9999.000
202607050612,   1.257,   1.679,9999.000,9999.000,9999.000,9999.000,9999.000,9999.000,9999.000
202607050618,   1.236,   1.649,9999.000,9999.000,9999.000,9999.000,9999.000,9999.000,9999.000
202607050624,   1.214,   1.639,9999.000,9999.000,9999.000,9999.000,9999.000,9999.000,9999.000
202607050630,   1.192,   1.620,9999.000,9999.000,9999.000,9999.000,9999.000,9999.000,9999.000
202607050636,   1.169,   1.610,9999.000,9999.000,9999.000,9999.000,9999.000,9999.000,9999.000
202607050642,   1.145,   1.590,9999.000,9999.000,9999.000,9999.000,9999.000,9999.000,9999.000
202607050648,   1.121,   1.557,9999.000,9999.000,9999.000,9999.000,9999.000,9999.000,9999.000
202607050654,   1.096,   1.548,9999.000,9999.000,9999.000,9999.000,9999.000,9999.000,9999.000
202607050700,   1.071,   1.538,   0.300,   0.167,   1.538,   0.300,   1.538,   0.400,   1.638
202607050706,   1.046,   1.528,9999.000,9999.000,9999.000,9999.000,9999.000,9999.000,9999.000
202607050712,   1.020,   1.498,9999.000,9999.000,9999.000,9999.000,9999.000,9999.000,9999.000
202607050718,   0.995,   1.469,9999.000,9999.000,9999.000,9999.000,9999.000,9999.000,9999.000
202607050724,   0.969,   1.439,9999.000,9999.000,9999.000,9999.000,9999.000,9999.000,9999.000
202607050730,   0.943,   1.400,9999.000,9999.000,9999.000,9999.000,9999.000,9999.000,9999.000
202607050736,   0.917,   1.361,9999.000,9999.000,9999.000,9999.000,9999.000,9999.000,9999.000
202607050742,   0.891,   1.328,9999.000,9999.000,9999.000,9999.000,9999.000,9999.000,9999.000
202607050748,   0.865,   1.289,9999.000,9999.000,9999.000,9999.000,9999.000,9999.000,9999.000
202607050754,   0.839,   1.279,9999.000,9999.000,9999.000,9999.000,9999.000,9999.000,9999.000
202607050800,   0.813,   1.239,   0.400,   0.026,   1.239,   0.300,   1.139,   0.400,   1.239
202607050806,   0.787,   1.210,9999.000,9999.000,9999.000,9999.000,9999.000,9999.000,9999.000
202607050812,   0.761,   1.210,9999.000,9999.000,9999.000,9999.000,9999.000,9999.000,9999.000
202607050818,   0.735,   1.180,9999.000,9999.000,9999.000,9999.000,9999.000,9999.000,9999.000
202607050824,   0.710,   1.161,9999.000,9999.000,9999.000,9999.000,9999.000,9999.000,9999.000
202607050830,   0.685,   1.118,9999.000,9999.000,9999.000,9999.000,9999.000,9999.000,9999.000
202607050836,   0.660,   1.069,9999.000,9999.000,9999.000,9999.000,9999.000,9999.000,9999.000
202607050842,   0.635,   1.020,9999.000,9999.000,9999.000,9999.000,9999.000,9999.000,9999.000
202607050848,   0.611,   0.980,9999.000,9999.000,9999.000,9999.000,9999.000,9999.000,9999.000
202607050854,   0.587,   0.941,9999.000,9999.000,9999.000,9999.000,9999.000,9999.000,9999.000
202607050900,   0.563,   0.918,   0.400,  -0.045,   0.918,   0.300,   0.818,   0.400,   0.918
202607050906,   0.540,   0.898,9999.000,9999.000,9999.000,9999.000,9999.000,9999.000,9999.000
202607050912,   0.518,   0.849,9999.000,9999.000,9999.000,9999.000,9999.000,9999.000,9999.000
202607050918,   0.496,   0.849,9999.000,9999.000,9999.000,9999.000,9999.000,9999.000,9999.000
202607050924,   0.476,   0.839,9999.000,9999.000,9999.000,9999.000,9999.000,9999.000,9999.000
202607050930,   0.455,   0.819,9999.000,9999.000,9999.000,9999.000,9999.000,9999.000,9999.000
202607050936,   0.436,   0.790,9999.000,9999.000,9999.000,9999.000,9999.000,9999.000,9999.000
202607050942,   0.418,   0.770,9999.000,9999.000,9999.000,9999.000,9999.000,9999.000,9999.000
202607050948,   0.401,   0.731,9999.000,9999.000,9999.000,9999.000,9999.000,9999.000,9999.000
202607050954,   0.384,   0.718,9999.000,9999.000,9999.000,9999.000,9999.000,9999.000,9999.000
202607051000,   0.369,   0.698,   0.300,   0.029,   0.698,   0.300,   0.698,   0.400,   0.798
202607051006,   0.356,   0.688,9999.000,9999.000,9999.000,9999.000,9999.000,9999.000,9999.000
202607051012,   0.343,   0.669,9999.000,9999.000,9999.000,9999.000,9999.000,9999.000,9999.000
202607051018,   0.332,   0.669,9999.000,9999.000,9999.000,9999.000,9999.000,9999.000,9999.000
202607051024,   0.322,   0.669,9999.000,9999.000,9999.000,9999.000,9999.000,9999.000,9999.000
202607051030,   0.313,   0.659,9999.000,9999.000,9999.000,9999.000,9999.000,9999.000,9999.000
202607051036,   0.306,   0.659,9999.000,9999.000,9999.000,9999.000,9999.000,9999.000,9999.000
202607051042,   0.300,   0.659,9999.000,9999.000,9999.000,9999.000,9999.000,9999.000,9999.000
202607051048,   0.296,   0.678,9999.000,9999.000,9999.000,9999.000,9999.000,9999.000,9999.000
202607051054,   0.293,   0.669,9999.000,9999.000,9999.000,9999.000,9999.000,9999.000,9999.000
202607051100,   0.292,   0.669,   0.300,   0.077,   0.669,   0.300,   0.669,   0.300,   0.669
202607051106,   0.291,   0.669,9999.000,9999.000,9999.000,9999.000,9999.000,9999.000,9999.000
202607051112,   0.292,   0.659,9999.000,9999.000,9999.000,9999.000,9999.000,9999.000,9999.000
202607051118,   0.295,   0.659,9999.000,9999.000,9999.000,9999.000,9999.000,9999.000,9999.000
202607051124,   0.298,   0.669,9999.000,9999.000,9999.000,9999.000,9999.000,9999.000,9999.000
202607051130,   0.303,   0.678,9999.000,9999.000,9999.000,9999.000,9999.000,9999.000,9999.000
202607051136,   0.309,   0.669,9999.000,9999.000,9999.000,9999.000,9999.000,9999.000,9999.000
202607051142,   0.315,   0.678,9999.000,9999.000,9999.000,9999.000,9999.000,9999.000,9999.000
202607051148,   0.323,   0.678,9999.000,9999.000,9999.000,9999.000,9999.000,9999.000,9999.000
202607051154,   0.332,   0.698,9999.000,9999.000,9999.000,9999.000,9999.000,9999.000,9999.000
202607051200,   0.342,   0.698,   0.300,   0.056,   0.698,   0.200,   0.598,   0.300,   0.698
202607051206,   0.353,   0.708,9999.000,9999.000,9999.000,9999.000,9999.000,9999.000,9999.000
202607051212,   0.364,   0.718,9999.000,9999.000,9999.000,9999.000,9999.000,9999.000,9999.000
202607051218,   0.376,   0.731,9999.000,9999.000,9999.000,9999.000,9999.000,9999.000,9999.000
202607051224,   0.389,   0.741,9999.000,9999.000,9999.000,9999.000,9999.000,9999.000,9999.000
202607051230,   0.403,   0.741,9999.000,9999.000,9999.000,9999.000,9999.000,9999.000,9999.000
202607051236,   0.417,   0.751,9999.000,9999.000,9999.000,9999.000,9999.000,9999.000,9999.000
202607051242,   0.432,   0.770,9999.000,9999.000,9999.000,9999.000,9999.000,9999.000,9999.000
202607051248,   0.448,   0.780,9999.000,9999.000,9999.000,9999.000,9999.000,9999.000,9999.000
202607051254,   0.464,   0.790,9999.000,9999.000,9999.000,9999.000,9999.000,9999.000,9999.000
202607051300,   0.481,   0.810,   0.300,   0.029,   0.810,   0.200,   0.710,   0.300,   0.810
202607051306,   0.498,   0.849,9999.000,9999.000,9999.000,9999.000,9999.000,9999.000,9999.000
202607051312,   0.516,   0.869,9999.000,9999.000,9999.000,9999.000,9999.000,9999.000,9999.000
202607051318,   0.534,   0.898,9999.000,9999.000,9999.000,9999.000,9999.000,9999.000,9999.000
202607051324,   0.552,   0.918,9999.000,9999.000,9999.000,9999.000,9999.000,9999.000,9999.000
202607051330,   0.571,   0.951,9999.000,9999.000,9999.000,9999.000,9999.000,9999.000,9999.000
202607051336,   0.590,   0.970,9999.000,9999.000,9999.000,9999.000,9999.000,9999.000,9999.000
202607051342,   0.609,   0.980,9999.000,9999.000,9999.000,9999.000,9999.000,9999.000,9999.000
202607051348,   0.628,   1.010,9999.000,9999.000,9999.000,9999.000,9999.000,9999.000,9999.000
202607051354,   0.648,   1.010,9999.000,9999.000,9999.000,9999.000,9999.000,9999.000,9999.000
202607051400,   0.667,   1.049,   0.300,   0.082,   1.049,   0.300,   1.049,   0.300,   1.049
202607051406,   0.687,   1.049,9999.000,9999.000,9999.000,9999.000,9999.000,9999.000,9999.000
202607051412,   0.706,   1.069,9999.000,9999.000,9999.000,9999.000,9999.000,9999.000,9999.000
202607051418,   0.725,   1.098,9999.000,9999.000,9999.000,9999.000,9999.000,9999.000,9999.000
202607051424,   0.744,   1.118,9999.000,9999.000,9999.000,9999.000,9999.000,9999.000,9999.000
202607051430,   0.762,   1.128,9999.000,9999.000,9999.000,9999.000,9999.000,9999.000,9999.000
202607051436,   0.780,   1.161,9999.000,9999.000,9999.000,9999.000,9999.000,9999.000,9999.000
202607051442,   0.797,   1.170,9999.000,9999.000,9999.000,9999.000,9999.000,9999.000,9999.000
202607051448,   0.814,   1.180,9999.000,9999.000,9999.000,9999.000,9999.000,9999.000,9999.000
202607051454,   0.831,   1.200,9999.000,9999.000,9999.000,9999.000,9999.000,9999.000,9999.000
202607051500,   0.846,   1.210,   0.300,   0.064,   1.210,   0.300,   1.210,   0.300,   1.210
202607051506,   0.861,   1.220,9999.000,9999.000,9999.000,9999.000,9999.000,9999.000,9999.000
202607051512,   0.875,   1.249,9999.000,9999.000,9999.000,9999.000,9999.000,9999.000,9999.000
202607051518,   0.889,   1.269,9999.000,9999.000,9999.000,9999.000,9999.000,9999.000,9999.000
202607051524,   0.901,   1.279,9999.000,9999.000,9999.000,9999.000,9999.000,9999.000,9999.000
202607051530,   0.913,   1.289,9999.000,9999.000,9999.000,9999.000,9999.000,9999.000,9999.000
202607051536,   0.923,   1.308,9999.000,9999.000,9999.000,9999.000,9999.000,9999.000,9999.000
202607051542,   0.933,   1.328,9999.000,9999.000,9999.000,9999.000,9999.000,9999.000,9999.000
202607051548,   0.942,   1.338,9999.000,9999.000,9999.000,9999.000,9999.000,9999.000,9999.000
202607051554,   0.950,   1.348,9999.000,9999.000,9999.000,9999.000,9999.000,9999.000,9999.000
202607051600,   0.957,   1.361,   0.300,   0.104,   1.361,   0.200,   1.261,   0.300,   1.361
202607051606,   0.963,   1.380,9999.000,9999.000,9999.000,9999.000,9999.000,9999.000,9999.000
202607051612,   0.968,   1.390,9999.000,9999.000,9999.000,9999.000,9999.000,9999.000,9999.000
202607051618,   0.972,   1.390,9999.000,9999.000,9999.000,9999.000,9999.000,9999.000,9999.000
202607051624,   0.975,   1.380,9999.000,9999.000,9999.000,9999.000,9999.000,9999.000,9999.000
202607051630,   0.978,   1.380,9999.000,9999.000,9999.000,9999.000,9999.000,9999.000,9999.000
202607051636,   0.979,   1.380,9999.000,9999.000,9999.000,9999.000,9999.000,9999.000,9999.000
202607051642,   0.980,   1.380,9999.000,9999.000,9999.000,9999.000,9999.000,9999.000,9999.000
202607051648,   0.980,   1.380,9999.000,9999.000,9999.000,9999.000,9999.000,9999.000,9999.000
202607051654,   0.978,   1.371,9999.000,9999.000,9999.000,9999.000,9999.000,9999.000,9999.000
202607051700,   0.976,   1.380,   0.200,   0.204,   1.380,   0.200,   1.380,   0.200,   1.380
202607051706,   0.973,   1.371,9999.000,9999.000,9999.000,9999.000,9999.000,9999.000,9999.000
202607051712,   0.969,   1.380,9999.000,9999.000,9999.000,9999.000,9999.000,9999.000,9999.000
202607051718,   0.965,   1.361,9999.000,9999.000,9999.000,9999.000,9999.000,9999.000,9999.000
202607051724,   0.959,   1.328,9999.000,9999.000,9999.000,9999.000,9999.000,9999.000,9999.000
202607051730,   0.953,   1.318,9999.000,9999.000,9999.000,9999.000,9999.000,9999.000,9999.000
202607051736,   0.945,   1.318,9999.000,9999.000,9999.000,9999.000,9999.000,9999.000,9999.000
202607051742,   0.937,   1.318,9999.000,9999.000,9999.000,9999.000,9999.000,9999.000,9999.000
202607051748,   0.928,   1.308,9999.000,9999.000,9999.000,9999.000,9999.000,9999.000,9999.000
202607051754,   0.919,   1.298,9999.000,9999.000,9999.000,9999.000,9999.000,9999.000,9999.000
202607051800,   0.908,   1.298,   0.300,   0.090,   1.298,   0.200,   1.198,   0.300,   1.298
202607051806,   0.897,   1.279,9999.000,9999.000,9999.000,9999.000,9999.000,9999.000,9999.000
202607051812,   0.885,   1.249,9999.000,9999.000,9999.000,9999.000,9999.000,9999.000,9999.000
202607051818,   0.872,   1.229,9999.000,9999.000,9999.000,9999.000,9999.000,9999.000,9999.000
202607051824,   0.859,   1.210,9999.000,9999.000,9999.000,9999.000,9999.000,9999.000,9999.000
202607051830,   0.845,   1.200,9999.000,9999.000,9999.000,9999.000,9999.000,9999.000,9999.000
202607051836,   0.831,   1.180,9999.000,9999.000,9999.000,9999.000,9999.000,9999.000,9999.000
202607051842,   0.816,   1.161,9999.000,9999.000,9999.000,9999.000,9999.000,9999.000,9999.000
202607051848,   0.800,   1.161,9999.000,9999.000,9999.000,9999.000,9999.000,9999.000,9999.000
202607051854,   0.785,   1.151,9999.000,9999.000,9999.000,9999.000,9999.000,9999.000,9999.000
202607051900,   0.769,   1.118,   0.300,   0.049,   1.118,   0.300,   1.118,   0.300,   1.118
202607051906,   0.752,   1.108,9999.000,9999.000,9999.000,9999.000,9999.000,9999.000,9999.000
202607051912,   0.736,   1.088,9999.000,9999.000,9999.000,9999.000,9999.000,9999.000,9999.000
202607051918,   0.719,   1.059,9999.000,9999.000,9999.000,9999.000,9999.000,9999.000,9999.000
202607051924,   0.702,   1.059,9999.000,9999.000,9999.000,9999.000,9999.000,9999.000,9999.000
202607051930,   0.685,   1.029,9999.000,9999.000,9999.000,9999.000,9999.000,9999.000,9999.000
202607051936,   0.669,   1.010,9999.000,9999.000,9999.000,9999.000,9999.000,9999.000,9999.000
202607051942,   0.652,   0.970,9999.000,9999.000,9999.000,9999.000,9999.000,9999.000,9999.000
202607051948,   0.635,   0.951,9999.000,9999.000,9999.000,9999.000,9999.000,9999.000,9999.000
202607051954,   0.619,   0.928,9999.000,9999.000,9999.000,9999.000,9999.000,9999.000,9999.000
202607052000,   0.602,   0.918,   0.300,   0.016,   0.918,   0.300,   0.918,   0.300,   0.918
202607052006,   0.586,   0.888,9999.000,9999.000,9999.000,9999.000,9999.000,9999.000,9999.000
202607052012,   0.570,   0.869,9999.000,9999.000,9999.000,9999.000,9999.000,9999.000,9999.000
202607052018,   0.554,   0.849,9999.000,9999.000,9999.000,9999.000,9999.000,9999.000,9999.000
202607052024,   0.539,   0.829,9999.000,9999.000,9999.000,9999.000,9999.000,9999.000,9999.000
202607052030,   0.524,   0.810,9999.000,9999.000,9999.000,9999.000,9999.000,9999.000,9999.000
202607052036,   0.509,   0.780,9999.000,9999.000,9999.000,9999.000,9999.000,9999.000,9999.000
202607052042,   0.494,   0.751,9999.000,9999.000,9999.000,9999.000,9999.000,9999.000,9999.000
202607052048,   0.480,   0.718,9999.000,9999.000,9999.000,9999.000,9999.000,9999.000,9999.000
202607052054,   0.466,   0.698,9999.000,9999.000,9999.000,9999.000,9999.000,9999.000,9999.000
202607052100,   0.453,   0.669,   0.300,  -0.084,   0.669,   0.300,   0.669,   0.300,   0.669
202607052106,   0.440,   0.649,9999.000,9999.000,9999.000,9999.000,9999.000,9999.000,9999.000
202607052112,   0.427,   0.619,9999.000,9999.000,9999.000,9999.000,9999.000,9999.000,9999.000
202607052118,   0.415,   0.610,9999.000,9999.000,9999.000,9999.000,9999.000,9999.000,9999.000
202607052124,   0.404,   0.580,9999.000,9999.000,9999.000,9999.000,9999.000,9999.000,9999.000
202607052130,   0.393,   0.590,9999.000,9999.000,9999.000,9999.000,9999.000,9999.000,9999.000
202607052136,   0.383,   0.619,9999.000,9999.000,9999.000,9999.000,9999.000,9999.000,9999.000
202607052142,   0.373,   0.590,9999.000,9999.000,9999.000,9999.000,9999.000,9999.000,9999.000
202607052148,   0.365,   0.560,9999.000,9999.000,9999.000,9999.000,9999.000,9999.000,9999.000
202607052154,   0.357,   0.551,9999.000,9999.000,9999.000,9999.000,9999.000,9999.000,9999.000
202607052200,   0.350,   0.541,   0.300,  -0.109,   0.541,   0.200,   0.441,   0.300,   0.541
202607052206,   0.344,   0.531,9999.000,9999.000,9999.000,9999.000,9999.000,9999.000,9999.000
202607052212,   0.340,   0.518,9999.000,9999.000,9999.000,9999.000,9999.000,9999.000,9999.000
202607052218,   0.336,   0.498,9999.000,9999.000,9999.000,9999.000,9999.000,9999.000,9999.000
202607052224,   0.333,   0.518,9999.000,9999.000,9999.000,9999.000,9999.000,9999.000,9999.000
202607052230,   0.332,   0.518,9999.000,9999.000,9999.000,9999.000,9999.000,9999.000,9999.000
202607052236,   0.332,   0.541,9999.000,9999.000,9999.000,9999.000,9999.000,9999.000,9999.000
202607052242,   0.333,   0.551,9999.000,9999.000,9999.000,9999.000,9999.000,9999.000,9999.000
202607052248,   0.336,   0.570,9999.000,9999.000,9999.000,9999.000,9999.000,9999.000,9999.000
202607052254,   0.340,   0.570,9999.000,9999.000,9999.000,9999.000,9999.000,9999.000,9999.000
202607052300,   0.345,   0.580,   0.300,  -0.065,   0.580,   0.200,   0.480,   0.300,   0.580
202607052306,   0.352,   0.570,9999.000,9999.000,9999.000,9999.000,9999.000,9999.000,9999.000
202607052312,   0.359,   0.551,9999.000,9999.000,9999.000,9999.000,9999.000,9999.000,9999.000
202607052318,   0.369,   0.560,9999.000,9999.000,9999.000,9999.000,9999.000,9999.000,9999.000
202607052324,   0.379,   0.560,9999.000,9999.000,9999.000,9999.000,9999.000,9999.000,9999.000
202607052330,   0.391,   0.580,9999.000,9999.000,9999.000,9999.000,9999.000,9999.000,9999.000
202607052336,   0.404,   0.600,9999.000,9999.000,9999.000,9999.000,9999.000,9999.000,9999.000
202607052342,   0.418,   0.639,9999.000,9999.000,9999.000,9999.000,9999.000,9999.000,9999.000
202607052348,   0.433,   0.669,9999.000,9999.000,9999.000,9999.000,9999.000,9999.000,9999.000
202607052354,   0.449,   0.678,9999.000,9999.000,9999.000,9999.000,9999.000,9999.000,9999.000
202607060000,   0.466,   0.698,   0.300,  -0.068,   0.698,   0.300,   0.698,   0.300,   0.698
202607060006,   0.484,   0.708,9999.000,9999.000,9999.000,9999.000,9999.000,9999.000,9999.000
202607060012,   0.503,   0.718,9999.000,9999.000,9999.000,9999.000,9999.000,9999.000,9999.000
202607060018,   0.523,   0.731,9999.000,9999.000,9999.000,9999.000,9999.000,9999.000,9999.000
202607060024,   0.543,   0.741,9999.000,9999.000,9999.000,9999.000,9999.000,9999.000,9999.000
202607060030,   0.564,   0.751,9999.000,9999.000,9999.000,9999.000,9999.000,9999.000,9999.000
202607060036,   0.586,   0.770,9999.000,9999.000,9999.000,9999.000,9999.000,9999.000,9999.000
202607060042,   0.608,   0.800,9999.000,9999.000,9999.000,9999.000,9999.000,9999.000,9999.000
202607060048,   0.631,   0.829,9999.000,9999.000,9999.000,9999.000,9999.000,9999.000,9999.000
202607060054,   0.654,   0.869,9999.000,9999.000,9999.000,9999.000,9999.000,9999.000,9999.000
202607060100,   0.678,   0.898,   0.300,  -0.080,   0.898,   0.300,   0.898,   0.300,   0.898
202607060106,   0.702,   0.941,9999.000,9999.000,9999.000,9999.000,9999.000,9999.000,9999.000
202607060112,   0.726,   0.970,9999.000,9999.000,9999.000,9999.000,9999.000,9999.000,9999.000
202607060118,   0.751,   1.000,9999.000,9999.000,9999.000,9999.000,9999.000,9999.000,9999.000
202607060124,   0.776,   1.029,9999.000,9999.000,9999.000,9999.000,9999.000,9999.000,9999.000
202607060130,   0.801,   1.029,9999.000,9999.000,9999.000,9999.000,9999.000,9999.000,9999.000
202607060136,   0.826,   1.049,9999.000,9999.000,9999.000,9999.000,9999.000,9999.000,9999.000
202607060142,   0.852,   1.069,9999.000,9999.000,9999.000,9999.000,9999.000,9999.000,9999.000
202607060148,   0.877,   1.098,9999.000,9999.000,9999.000,9999.000,9999.000,9999.000,9999.000
202607060154,   0.903,   1.128,9999.000,9999.000,9999.000,9999.000,9999.000,9999.000,9999.000
202607060200,   0.928,   1.161,   0.300,  -0.067,   1.161,   0.300,   1.161,   0.300,   1.161
202607060206,   0.954,   1.190,9999.000,9999.000,9999.000,9999.000,9999.000,9999.000,9999.000
202607060212,   0.979,   1.220,9999.000,9999.000,9999.000,9999.000,9999.000,9999.000,9999.000
202607060218,   1.004,   1.249,9999.000,9999.000,9999.000,9999.000,9999.000,9999.000,9999.000
202607060224,   1.029,   1.289,9999.000,9999.000,9999.000,9999.000,9999.000,9999.000,9999.000
202607060230,   1.053,   1.308,9999.000,9999.000,9999.000,9999.000,9999.000,9999.000,9999.000
202607060236,   1.077,   1.338,9999.000,9999.000,9999.000,9999.000,9999.000,9999.000,9999.000
202607060242,   1.100,   1.361,9999.000,9999.000,9999.000,9999.000,9999.000,9999.000,9999.000
202607060248,   1.123,   1.390,9999.000,9999.000,9999.000,9999.000,9999.000,9999.000,9999.000
202607060254,   1.145,   1.400,9999.000,9999.000,9999.000,9999.000,9999.000,9999.000,9999.000
202607060300,   1.167,   1.430,   0.300,  -0.037,   1.430,   0.300,   1.430,   0.300,   1.430
202607060306,   1.187,   1.479,9999.000,9999.000,9999.000,9999.000,9999.000,9999.000,9999.000
202607060312,   1.207,   1.489,9999.000,9999.000,9999.000,9999.000,9999.000,9999.000,9999.000
202607060318,   1.226,   1.508,9999.000,9999.000,9999.000,9999.000,9999.000,9999.000,9999.000
202607060324,   1.244,   1.528,9999.000,9999.000,9999.000,9999.000,9999.000,9999.000,9999.000
202607060330,   1.260,   1.538,9999.000,9999.000,9999.000,9999.000,9999.000,9999.000,9999.000
202607060336,   1.276,   1.557,9999.000,9999.000,9999.000,9999.000,9999.000,9999.000,9999.000
202607060342,   1.291,   1.571,9999.000,9999.000,9999.000,9999.000,9999.000,9999.000,9999.000
202607060348,   1.304,   1.590,9999.000,9999.000,9999.000,9999.000,9999.000,9999.000,9999.000
202607060354,   1.316,   1.610,9999.000,9999.000,9999.000,9999.000,9999.000,9999.000,9999.000
202607060400,   1.327,   1.630,   0.300,   0.003,   1.630,   0.300,   1.630,   0.300,   1.630
202607060406,   1.337,   1.639,9999.000,9999.000,9999.000,9999.000,9999.000,9999.000,9999.000
202607060412,   1.346,   1.659,9999.000,9999.000,9999.000,9999.000,9999.000,9999.000,9999.000
202607060418,   1.353,   1.659,9999.000,9999.000,9999.000,9999.000,9999.000,9999.000,9999.000
202607060424,   1.359,   1.669,9999.000,9999.000,9999.000,9999.000,9999.000,9999.000,9999.000
202607060430,   1.364,   1.679,9999.000,9999.000,9999.000,9999.000,9999.000,9999.000,9999.000
202607060436,   1.368,   1.679,9999.000,9999.000,9999.000,9999.000,9999.000,9999.000,9999.000
202607060442,   1.370,   1.669,9999.000,9999.000,9999.000,9999.000,9999.000,9999.000,9999.000
202607060448,   1.371,   1.689,9999.000,9999.000,9999.000,9999.000,9999.000,9999.000,9999.000
202607060454,   1.371,   1.689,9999.000,9999.000,9999.000,9999.000,9999.000,9999.000,9999.000
202607060500,   1.370,   1.699,   0.200,   0.129,   1.699,   0.200,   1.699,   0.300,   1.799
202607060506,   1.367,   1.708,9999.000,9999.000,9999.000,9999.000,9999.000,9999.000,9999.000
202607060512,   1.364,   1.708,9999.000,9999.000,9999.000,9999.000,9999.000,9999.000,9999.000
202607060518,   1.359,   1.699,9999.000,9999.000,9999.000,9999.000,9999.000,9999.000,9999.000
202607060524,   1.353,   1.708,9999.000,9999.000,9999.000,9999.000,9999.000,9999.000,9999.000
202607060530,   1.346,   1.699,9999.000,9999.000,9999.000,9999.000,9999.000,9999.000,9999.000
202607060536,   1.338,   1.699,9999.000,9999.000,9999.000,9999.000,9999.000,9999.000,9999.000
202607060542,   1.328,   1.699,9999.000,9999.000,9999.000,9999.000,9999.000,9999.000,9999.000
202607060548,   1.318,   1.689,9999.000,9999.000,9999.000,9999.000,9999.000,9999.000,9999.000
202607060554,   1.306,   1.689,9999.000,9999.000,9999.000,9999.000,9999.000,9999.000,9999.000
202607060600,   1.293,   1.679,   0.200,   0.186,   1.679,   0.200,   1.679,   0.200,   1.679
202607060606,   1.279,   1.669,9999.000,9999.000,9999.000,9999.000,9999.000,9999.000,9999.000
202607060612,   1.264,   1.659,9999.000,9999.000,9999.000,9999.000,9999.000,9999.000,9999.000
202607060618,   1.248,   1.639,9999.000,9999.000,9999.000,9999.000,9999.000,9999.000,9999.000
202607060624,   1.231,   1.630,9999.000,9999.000,9999.000,9999.000,9999.000,9999.000,9999.000
202607060630,   1.213,   1.620,9999.000,9999.000,9999.000,9999.000,9999.000,9999.000,9999.000
202607060636,   1.194,   1.630,9999.000,9999.000,9999.000,9999.000,9999.000,9999.000,9999.000
202607060642,   1.174,   1.571,9999.000,9999.000,9999.000,9999.000,9999.000,9999.000,9999.000
202607060648,   1.153,   1.548,9999.000,9999.000,9999.000,9999.000,9999.000,9999.000,9999.000
202607060654,   1.131,   1.538,9999.000,9999.000,9999.000,9999.000,9999.000,9999.000,9999.000
202607060700,   1.108,   1.518,   0.200,   0.210,   1.518,   0.200,   1.518,   0.300,   1.618
202607060706,   1.085,   1.479,9999.000,9999.000,9999.000,9999.000,9999.000,9999.000,9999.000
202607060712,   1.061,   1.469,9999.000,9999.000,9999.000,9999.000,9999.000,9999.000,9999.000
202607060718,   1.036,   1.449,9999.000,9999.000,9999.000,9999.000,9999.000,9999.000,9999.000
202607060724,   1.011,   1.430,9999.000,9999.000,9999.000,9999.000,9999.000,9999.000,9999.000
202607060730,   0.986,   1.400,9999.000,9999.000,9999.000,9999.000,9999.000,9999.000,9999.000
202607060736,   0.960,   1.380,9999.000,9999.000,9999.000,9999.000,9999.000,9999.000,9999.000
202607060742,   0.934,   1.338,9999.000,9999.000,9999.000,9999.000,9999.000,9999.000,9999.000
202607060748,   0.907,   1.298,9999.000,9999.000,9999.000,9999.000,9999.000,9999.000,9999.000
202607060754,   0.880,   1.269,9999.000,9999.000,9999.000,9999.000,9999.000,9999.000,9999.000
202607060800,   0.854,   1.239,   0.300,   0.085,   1.239,   0.200,   1.139,   0.300,   1.239
202607060806,   0.827,   1.210,9999.000,9999.000,9999.000,9999.000,9999.000,9999.000,9999.000
202607060812,   0.800,   1.180,9999.000,9999.000,9999.000,9999.000,9999.000,9999.000,9999.000
202607060818,   0.773,   1.161,9999.000,9999.000,9999.000,9999.000,9999.000,9999.000,9999.000
202607060824,   0.746,   1.128,9999.000,9999.000,9999.000,9999.000,9999.000,9999.000,9999.000
202607060830,   0.719,   1.098,9999.000,9999.000,9999.000,9999.000,9999.000,9999.000,9999.000
202607060836,   0.692,   1.079,9999.000,9999.000,9999.000,9999.000,9999.000,9999.000,9999.000
202607060842,   0.666,   1.059,9999.000,9999.000,9999.000,9999.000,9999.000,9999.000,9999.000
202607060848,   0.639,   1.039,9999.000,9999.000,9999.000,9999.000,9999.000,9999.000,9999.000
202607060854,   0.613,   1.000,9999.000,9999.000,9999.000,9999.000,9999.000,9999.000,9999.000
202607060900,   0.588,   0.961,   0.300,   0.073,   0.961,   0.200,   0.861,   0.300,   0.961
202607060906,   0.562,   0.928,9999.000,9999.000,9999.000,9999.000,9999.000,9999.000,9999.000
202607060912,   0.537,   0.888,9999.000,9999.000,9999.000,9999.000,9999.000,9999.000,9999.000
202607060918,   0.512,   0.869,9999.000,9999.000,9999.000,9999.000,9999.000,9999.000,9999.000
202607060924,   0.488,   0.859,9999.000,9999.000,9999.000,9999.000,9999.000,9999.000,9999.000
202607060930,   0.464,   0.839,9999.000,9999.000,9999.000,9999.000,9999.000,9999.000,9999.000
202607060936,   0.441,   0.790,9999.000,9999.000,9999.000,9999.000,9999.000,9999.000,9999.000
202607060942,   0.418,   0.790,9999.000,9999.000,9999.000,9999.000,9999.000,9999.000,9999.000
202607060948,   0.396,   0.770,9999.000,9999.000,9999.000,9999.000,9999.000,9999.000,9999.000
202607060954,   0.375,   0.731,9999.000,9999.000,9999.000,9999.000,9999.000,9999.000,9999.000
202607061000,   0.354,   0.708,   0.200,   0.154,   0.708,   0.200,   0.708,   0.300,   0.808
202607061006,   0.335,   0.698,9999.000,9999.000,9999.000,9999.000,9999.000,9999.000,9999.000
202607061012,   0.316,   0.698,9999.000,9999.000,9999.000,9999.000,9999.000,9999.000,9999.000
202607061018,   0.298,   0.639,9999.000,9999.000,9999.000,9999.000,9999.000,9999.000,9999.000
202607061024,   0.281,   0.669,9999.000,9999.000,9999.000,9999.000,9999.000,9999.000,9999.000
202607061030,   0.265,   0.619,9999.000,9999.000,9999.000,9999.000,9999.000,9999.000,9999.000
202607061036,   0.251,   0.619,9999.000,9999.000,9999.000,9999.000,9999.000,9999.000,9999.000
202607061042,   0.238,   0.580,9999.000,9999.000,9999.000,9999.000,9999.000,9999.000,9999.000
202607061048,   0.226,   0.590,9999.000,9999.000,9999.000,9999.000,9999.000,9999.000,9999.000
202607061054,   0.215,   0.619,9999.000,9999.000,9999.000,9999.000,9999.000,9999.000,9999.000
202607061100,   0.206,   0.580,   0.200,   0.174,   0.580,   0.200,   0.580,   0.300,   0.680
202607061106,   0.199,   0.570,9999.000,9999.000,9999.000,9999.000,9999.000,9999.000,9999.000
202607061112,   0.193,   0.560,9999.000,9999.000,9999.000,9999.000,9999.000,9999.000,9999.000
202607061118,   0.188,   0.580,9999.000,9999.000,9999.000,9999.000,9999.000,9999.000,9999.000
202607061124,   0.185,   0.551,9999.000,9999.000,9999.000,9999.000,9999.000,9999.000,9999.000
202607061130,   0.184,   0.551,9999.000,9999.000,9999.000,9999.000,9999.000,9999.000,9999.000
202607061136,   0.184,   0.541,9999.000,9999.000,9999.000,9999.000,9999.000,9999.000,9999.000
202607061142,   0.185,   0.531,9999.000,9999.000,9999.000,9999.000,9999.000,9999.000,9999.000
202607061148,   0.188,   0.551,9999.000,9999.000,9999.000,9999.000,9999.000,9999.000,9999.000
202607061154,   0.193,   0.541,9999.000,9999.000,9999.000,9999.000,9999.000,9999.000,9999.000
202607061200,   0.199,   0.541,   0.200,   0.142,   0.541,   0.200,   0.541,   0.300,   0.641
202607061206,   0.206,9999.000,9999.000,9999.000,9999.000,9999.000,9999.000,9999.000,9999.000
202607061212,   0.215,9999.000,9999.000,9999.000,9999.000,9999.000,9999.000,9999.000,9999.000
202607061218,   0.225,9999.000,9999.000,9999.000,9999.000,9999.000,9999.000,9999.000,9999.000
202607061224,   0.236,9999.000,9999.000,9999.000,9999.000,9999.000,9999.000,9999.000,9999.000
202607061230,   0.248,9999.000,9999.000,9999.000,9999.000,9999.000,9999.000,9999.000,9999.000
202607061236,   0.261,9999.000,9999.000,9999.000,9999.000,9999.000,9999.000,9999.000,9999.000
202607061242,   0.276,9999.000,9999.000,9999.000,9999.000,9999.000,9999.000,9999.000,9999.000
202607061248,   0.291,9999.000,9999.000,9999.000,9999.000,9999.000,9999.000,9999.000,9999.000
202607061254,   0.307,9999.000,9999.000,9999.000,9999.000,9999.000,9999.000,9999.000,9999.000
202607061300,   0.324,9999.000,   0.200,   0.133,   0.657,   0.200,   0.657,   0.300,   0.757
202607061306,   0.342,9999.000,9999.000,9999.000,9999.000,9999.000,9999.000,9999.000,9999.000
202607061312,   0.361,9999.000,9999.000,9999.000,9999.000,9999.000,9999.000,9999.000,9999.000
202607061318,   0.380,9999.000,9999.000,9999.000,9999.000,9999.000,9999.000,9999.000,9999.000
202607061324,   0.400,9999.000,9999.000,9999.000,9999.000,9999.000,9999.000,9999.000,9999.000
202607061330,   0.420,9999.000,9999.000,9999.000,9999.000,9999.000,9999.000,9999.000,9999.000
202607061336,   0.441,9999.000,9999.000,9999.000,9999.000,9999.000,9999.000,9999.000,9999.000
202607061342,   0.462,9999.000,9999.000,9999.000,9999.000,9999.000,9999.000,9999.000,9999.000
202607061348,   0.484,9999.000,9999.000,9999.000,9999.000,9999.000,9999.000,9999.000,9999.000
202607061354,   0.507,9999.000,9999.000,9999.000,9999.000,9999.000,9999.000,9999.000,9999.000
202607061400,   0.529,9999.000,   0.300,   0.123,   0.952,   0.200,   0.852,   0.300,   0.952
202607061406,   0.552,9999.000,9999.000,9999.000,9999.000,9999.000,9999.000,9999.000,9999.000
202607061412,   0.576,9999.000,9999.000,9999.000,9999.000,9999.000,9999.000,9999.000,9999.000
202607061418,   0.599,9999.000,9999.000,9999.000,9999.000,9999.000,9999.000,9999.000,9999.000
202607061424,   0.623,9999.000,9999.000,9999.000,9999.000,9999.000,9999.000,9999.000,9999.000
202607061430,   0.647,9999.000,9999.000,9999.000,9999.000,9999.000,9999.000,9999.000,9999.000
202607061436,   0.670,9999.000,9999.000,9999.000,9999.000,9999.000,9999.000,9999.000,9999.000
202607061442,   0.694,9999.000,9999.000,9999.000,9999.000,9999.000,9999.000,9999.000,9999.000
202607061448,   0.718,9999.000,9999.000,9999.000,9999.000,9999.000,9999.000,9999.000,9999.000
202607061454,   0.742,9999.000,9999.000,9999.000,9999.000,9999.000,9999.000,9999.000,9999.000
202607061500,   0.765,9999.000,   0.200,   0.114,   1.079,   0.200,   1.079,   0.300,   1.179
202607061506,   0.788,9999.000,9999.000,9999.000,9999.000,9999.000,9999.000,9999.000,9999.000
202607061512,   0.811,9999.000,9999.000,9999.000,9999.000,9999.000,9999.000,9999.000,9999.000
202607061518,   0.833,9999.000,9999.000,9999.000,9999.000,9999.000,9999.000,9999.000,9999.000
202607061524,   0.855,9999.000,9999.000,9999.000,9999.000,9999.000,9999.000,9999.000,9999.000
202607061530,   0.877,9999.000,9999.000,9999.000,9999.000,9999.000,9999.000,9999.000,9999.000
202607061536,   0.897,9999.000,9999.000,9999.000,9999.000,9999.000,9999.000,9999.000,9999.000
202607061542,   0.917,9999.000,9999.000,9999.000,9999.000,9999.000,9999.000,9999.000,9999.000
202607061548,   0.936,9999.000,9999.000,9999.000,9999.000,9999.000,9999.000,9999.000,9999.000
202607061554,   0.955,9999.000,9999.000,9999.000,9999.000,9999.000,9999.000,9999.000,9999.000
202607061600,   0.972,9999.000,   0.200,   0.105,   1.277,   0.200,   1.277,   0.300,   1.377
202607061606,   0.989,9999.000,9999.000,9999.000,9999.000,9999.000,9999.000,9999.000,9999.000
202607061612,   1.005,9999.000,9999.000,9999.000,9999.000,9999.000,9999.000,9999.000,9999.000
202607061618,   1.019,9999.000,9999.000,9999.000,9999.000,9999.000,9999.000,9999.000,9999.000
202607061624,   1.033,9999.000,9999.000,9999.000,9999.000,9999.000,9999.000,9999.000,9999.000
202607061630,   1.046,9999.000,9999.000,9999.000,9999.000,9999.000,9999.000,9999.000,9999.000
202607061636,   1.058,9999.000,9999.000,9999.000,9999.000,9999.000,9999.000,9999.000,9999.000
202607061642,   1.069,9999.000,9999.000,9999.000,9999.000,9999.000,9999.000,9999.000,9999.000
202607061648,   1.079,9999.000,9999.000,9999.000,9999.000,9999.000,9999.000,9999.000,9999.000
202607061654,   1.088,9999.000,9999.000,9999.000,9999.000,9999.000,9999.000,9999.000,9999.000
202607061700,   1.095,9999.000,   0.200,   0.096,   1.391,   0.200,   1.391,   0.300,   1.491
202607061706,   1.102,9999.000,9999.000,9999.000,9999.000,9999.000,9999.000,9999.000,9999.000
202607061712,   1.108,9999.000,9999.000,9999.000,9999.000,9999.000,9999.000,9999.000,9999.000
202607061718,   1.113,9999.000,9999.000,9999.000,9999.000,9999.000,9999.000,9999.000,9999.000
202607061724,   1.117,9999.000,9999.000,9999.000,9999.000,9999.000,9999.000,9999.000,9999.000
202607061730,   1.120,9999.000,9999.000,9999.000,9999.000,9999.000,9999.000,9999.000,9999.000
202607061736,   1.122,9999.000,9999.000,9999.000,9999.000,9999.000,9999.000,9999.000,9999.000
202607061742,   1.124,9999.000,9999.000,9999.000,9999.000,9999.000,9999.000,9999.000,9999.000
202607061748,   1.124,9999.000,9999.000,9999.000,9999.000,9999.000,9999.000,9999.000,9999.000
202607061754,   1.123,9999.000,9999.000,9999.000,9999.000,9999.000,9999.000,9999.000,9999.000
202607061800,   1.121,9999.000,   0.200,   0.086,   1.407,   0.200,   1.407,   0.300,   1.507
202607061806,   1.119,9999.000,9999.000,9999.000,9999.000,9999.000,9999.000,9999.000,9999.000
202607061812,   1.115,9999.000,9999.000,9999.000,9999.000,9999.000,9999.000,9999.000,9999.000
202607061818,   1.111,9999.000,9999.000,9999.000,9999.000,9999.000,9999.000,9999.000,9999.000
202607061824,   1.105,9999.000,9999.000,9999.000,9999.000,9999.000,9999.000,9999.000,9999.000
202607061830,   1.099,9999.000,9999.000,9999.000,9999.000,9999.000,9999.000,9999.000,9999.000
202607061836,   1.092,9999.000,9999.000,9999.000,9999.000,9999.000,9999.000,9999.000,9999.000
202607061842,   1.083,9999.000,9999.000,9999.000,9999.000,9999.000,9999.000,9999.000,9999.000
202607061848,   1.074,9999.000,9999.000,9999.000,9999.000,9999.000,9999.000,9999.000,9999.000
202607061854,   1.064,9999.000,9999.000,9999.000,9999.000,9999.000,9999.000,9999.000,9999.000
202607061900,   1.054,9999.000,   0.300,   0.077,   1.431,   0.200,   1.331,   0.400,   1.531
202607061906,   1.042,9999.000,9999.000,9999.000,9999.000,9999.000,9999.000,9999.000,9999.000
202607061912,   1.030,9999.000,9999.000,9999.000,9999.000,9999.000,9999.000,9999.000,9999.000
202607061918,   1.017,9999.000,9999.000,9999.000,9999.000,9999.000,9999.000,9999.000,9999.000
202607061924,   1.003,9999.000,9999.000,9999.000,9999.000,9999.000,9999.000,9999.000,9999.000
202607061930,   0.989,9999.000,9999.000,9999.000,9999.000,9999.000,9999.000,9999.000,9999.000
202607061936,   0.974,9999.000,9999.000,9999.000,9999.000,9999.000,9999.000,9999.000,9999.000
202607061942,   0.959,9999.000,9999.000,9999.000,9999.000,9999.000,9999.000,9999.000,9999.000
202607061948,   0.943,9999.000,9999.000,9999.000,9999.000,9999.000,9999.000,9999.000,9999.000
202607061954,   0.927,9999.000,9999.000,9999.000,9999.000,9999.000,9999.000,9999.000,9999.000
202607062000,   0.910,9999.000,   0.300,   0.068,   1.278,   0.200,   1.178,   0.300,   1.278
202607062006,   0.893,9999.000,9999.000,9999.000,9999.000,9999.000,9999.000,9999.000,9999.000
202607062012,   0.876,9999.000,9999.000,9999.000,9999.000,9999.000,9999.000,9999.000,9999.000
202607062018,   0.859,9999.000,9999.000,9999.000,9999.000,9999.000,9999.000,9999.000,9999.000
202607062024,   0.842,9999.000,9999.000,9999.000,9999.000,9999.000,9999.000,9999.000,9999.000
202607062030,   0.824,9999.000,9999.000,9999.000,9999.000,9999.000,9999.000,9999.000,9999.000
202607062036,   0.807,9999.000,9999.000,9999.000,9999.000,9999.000,9999.000,9999.000,9999.000
202607062042,   0.789,9999.000,9999.000,9999.000,9999.000,9999.000,9999.000,9999.000,9999.000
202607062048,   0.772,9999.000,9999.000,9999.000,9999.000,9999.000,9999.000,9999.000,9999.000
202607062054,   0.755,9999.000,9999.000,9999.000,9999.000,9999.000,9999.000,9999.000,9999.000
202607062100,   0.737,9999.000,   0.300,   0.059,   1.096,   0.200,   0.996,   0.300,   1.096
202607062106,   0.720,9999.000,9999.000,9999.000,9999.000,9999.000,9999.000,9999.000,9999.000
202607062112,   0.703,9999.000,9999.000,9999.000,9999.000,9999.000,9999.000,9999.000,9999.000
202607062118,   0.687,9999.000,9999.000,9999.000,9999.000,9999.000,9999.000,9999.000,9999.000
202607062124,   0.670,9999.000,9999.000,9999.000,9999.000,9999.000,9999.000,9999.000,9999.000
202607062130,   0.654,9999.000,9999.000,9999.000,9999.000,9999.000,9999.000,9999.000,9999.000
202607062136,   0.638,9999.000,9999.000,9999.000,9999.000,9999.000,9999.000,9999.000,9999.000
202607062142,   0.622,9999.000,9999.000,9999.000,9999.000,9999.000,9999.000,9999.000,9999.000
202607062148,   0.607,9999.000,9999.000,9999.000,9999.000,9999.000,9999.000,9999.000,9999.000
202607062154,   0.592,9999.000,9999.000,9999.000,9999.000,9999.000,9999.000,9999.000,9999.000
202607062200,   0.577,9999.000,   0.300,   0.049,   0.926,   0.200,   0.826,   0.300,   0.926
202607062206,   0.563,9999.000,9999.000,9999.000,9999.000,9999.000,9999.000,9999.000,9999.000
202607062212,   0.549,9999.000,9999.000,9999.000,9999.000,9999.000,9999.000,9999.000,9999.000
202607062218,   0.536,9999.000,9999.000,9999.000,9999.000,9999.000,9999.000,9999.000,9999.000
202607062224,   0.523,9999.000,9999.000,9999.000,9999.000,9999.000,9999.000,9999.000,9999.000
202607062230,   0.512,9999.000,9999.000,9999.000,9999.000,9999.000,9999.000,9999.000,9999.000
202607062236,   0.500,9999.000,9999.000,9999.000,9999.000,9999.000,9999.000,9999.000,9999.000
202607062242,   0.490,9999.000,9999.000,9999.000,9999.000,9999.000,9999.000,9999.000,9999.000
202607062248,   0.481,9999.000,9999.000,9999.000,9999.000,9999.000,9999.000,9999.000,9999.000
202607062254,   0.472,9999.000,9999.000,9999.000,9999.000,9999.000,9999.000,9999.000,9999.000
202607062300,   0.465,9999.000,   0.300,   0.040,   0.805,   0.200,   0.705,   0.300,   0.805
202607062306,   0.458,9999.000,9999.000,9999.000,9999.000,9999.000,9999.000,9999.000,9999.000
202607062312,   0.453,9999.000,9999.000,9999.000,9999.000,9999.000,9999.000,9999.000,9999.000
202607062318,   0.449,9999.000,9999.000,9999.000,9999.000,9999.000,9999.000,9999.000,9999.000
202607062324,   0.446,9999.000,9999.000,9999.000,9999.000,9999.000,9999.000,9999.000,9999.000
202607062330,   0.444,9999.000,9999.000,9999.000,9999.000,9999.000,9999.000,9999.000,9999.000
202607062336,   0.444,9999.000,9999.000,9999.000,9999.000,9999.000,9999.000,9999.000,9999.000
202607062342,   0.445,9999.000,9999.000,9999.000,9999.000,9999.000,9999.000,9999.000,9999.000
202607062348,   0.447,9999.000,9999.000,9999.000,9999.000,9999.000,9999.000,9999.000,9999.000
202607062354,   0.451,9999.000,9999.000,9999.000,9999.000,9999.000,9999.000,9999.000,9999.000
202607070000,   0.455,9999.000,   0.300,   0.031,   0.786,   0.200,   0.686,   0.400,   0.886
202607070006,   0.461,9999.000,9999.000,9999.000,9999.000,9999.000,9999.000,9999.000,9999.000
202607070012,   0.469,9999.000,9999.000,9999.000,9999.000,9999.000,9999.000,9999.000,9999.000
202607070018,   0.477,9999.000,9999.000,9999.000,9999.000,9999.000,9999.000,9999.000,9999.000
202607070024,   0.487,9999.000,9999.000,9999.000,9999.000,9999.000,9999.000,9999.000,9999.000
202607070030,   0.498,9999.000,9999.000,9999.000,9999.000,9999.000,9999.000,9999.000,9999.000
202607070036,   0.510,9999.000,9999.000,9999.000,9999.000,9999.000,9999.000,9999.000,9999.000
202607070042,   0.523,9999.000,9999.000,9999.000,9999.000,9999.000,9999.000,9999.000,9999.000
202607070048,   0.536,9999.000,9999.000,9999.000,9999.000,9999.000,9999.000,9999.000,9999.000
202607070054,   0.551,9999.000,9999.000,9999.000,9999.000,9999.000,9999.000,9999.000,9999.000
202607070100,   0.567,9999.000,   0.300,   0.031,   0.898,   0.200,   0.798,   0.300,   0.898
202607070106,   0.583,9999.000,9999.000,9999.000,9999.000,9999.000,9999.000,9999.000,9999.000
202607070112,   0.600,9999.000,9999.000,9999.000,9999.000,9999.000,9999.000,9999.000,9999.000
202607070118,   0.618,9999.000,9999.000,9999.000,9999.000,9999.000,9999.000,9999.000,9999.000
202607070124,   0.636,9999.000,9999.000,9999.000,9999.000,9999.000,9999.000,9999.000,9999.000
202607070130,   0.655,9999.000,9999.000,9999.000,9999.000,9999.000,9999.000,9999.000,9999.000
202607070136,   0.674,9999.000,9999.000,9999.000,9999.000,9999.000,9999.000,9999.000,9999.000
202607070142,   0.693,9999.000,9999.000,9999.000,9999.000,9999.000,9999.000,9999.000,9999.000
202607070148,   0.713,9999.000,9999.000,9999.000,9999.000,9999.000,9999.000,9999.000,9999.000
202607070154,   0.734,9999.000,9999.000,9999.000,9999.000,9999.000,9999.000,9999.000,9999.000
202607070200,   0.754,9999.000,   0.300,   0.031,   1.085,   0.200,   0.985,   0.300,   1.085
202607070206,   0.775,9999.000,9999.000,9999.000,9999.000,9999.000,9999.000,9999.000,9999.000
202607070212,   0.796,9999.000,9999.000,9999.000,9999.000,9999.000,9999.000,9999.000,9999.000
202607070218,   0.817,9999.000,9999.000,9999.000,9999.000,9999.000,9999.000,9999.000,9999.000
202607070224,   0.839,9999.000,9999.000,9999.000,9999.000,9999.000,9999.000,9999.000,9999.000
202607070230,   0.860,9999.000,9999.000,9999.000,9999.000,9999.000,9999.000,9999.000,9999.000
202607070236,   0.881,9999.000,9999.000,9999.000,9999.000,9999.000,9999.000,9999.000,9999.000
202607070242,   0.903,9999.000,9999.000,9999.000,9999.000,9999.000,9999.000,9999.000,9999.000
202607070248,   0.924,9999.000,9999.000,9999.000,9999.000,9999.000,9999.000,9999.000,9999.000
202607070254,   0.945,9999.000,9999.000,9999.000,9999.000,9999.000,9999.000,9999.000,9999.000
202607070300,   0.966,9999.000,   0.300,   0.031,   1.297,   0.200,   1.197,   0.300,   1.297
202607070306,   0.987,9999.000,9999.000,9999.000,9999.000,9999.000,9999.000,9999.000,9999.000
202607070312,   1.008,9999.000,9999.000,9999.000,9999.000,9999.000,9999.000,9999.000,9999.000
202607070318,   1.028,9999.000,9999.000,9999.000,9999.000,9999.000,9999.000,9999.000,9999.000
202607070324,   1.048,9999.000,9999.000,9999.000,9999.000,9999.000,9999.000,9999.000,9999.000
202607070330,   1.067,9999.000,9999.000,9999.000,9999.000,9999.000,9999.000,9999.000,9999.000
202607070336,   1.086,9999.000,9999.000,9999.000,9999.000,9999.000,9999.000,9999.000,9999.000
202607070342,   1.104,9999.000,9999.000,9999.000,9999.000,9999.000,9999.000,9999.000,9999.000
202607070348,   1.121,9999.000,9999.000,9999.000,9999.000,9999.000,9999.000,9999.000,9999.000
202607070354,   1.138,9999.000,9999.000,9999.000,9999.000,9999.000,9999.000,9999.000,9999.000
202607070400,   1.154,9999.000,   0.300,   0.031,   1.485,   0.300,   1.485,   0.300,   1.485
202607070406,   1.169,9999.000,9999.000,9999.000,9999.000,9999.000,9999.000,9999.000,9999.000
202607070412,   1.183,9999.000,9999.000,9999.000,9999.000,9999.000,9999.000,9999.000,9999.000
202607070418,   1.196,9999.000,9999.000,9999.000,9999.000,9999.000,9999.000,9999.000,9999.000
202607070424,   1.207,9999.000,9999.000,9999.000,9999.000,9999.000,9999.000,9999.000,9999.000
202607070430,   1.218,9999.000,9999.000,9999.000,9999.000,9999.000,9999.000,9999.000,9999.000
202607070436,   1.228,9999.000,9999.000,9999.000,9999.000,9999.000,9999.000,9999.000,9999.000
202607070442,   1.237,9999.000,9999.000,9999.000,9999.000,9999.000,9999.000,9999.000,9999.000
202607070448,   1.244,9999.000,9999.000,9999.000,9999.000,9999.000,9999.000,9999.000,9999.000
202607070454,   1.251,9999.000,9999.000,9999.000,9999.000,9999.000,9999.000,9999.000,9999.000
202607070500,   1.256,9999.000,   0.300,   0.031,   1.587,   0.200,   1.487,   0.300,   1.587
202607070506,   1.260,9999.000,9999.000,9999.000,9999.000,9999.000,9999.000,9999.000,9999.000
202607070512,   1.263,9999.000,9999.000,9999.000,9999.000,9999.000,9999.000,9999.000,9999.000
202607070518,   1.264,9999.000,9999.000,9999.000,9999.000,9999.000,9999.000,9999.000,9999.000
202607070524,   1.265,9999.000,9999.000,9999.000,9999.000,9999.000,9999.000,9999.000,9999.000
202607070530,   1.264,9999.000,9999.000,9999.000,9999.000,9999.000,9999.000,9999.000,9999.000
202607070536,   1.262,9999.000,9999.000,9999.000,9999.000,9999.000,9999.000,9999.000,9999.000
202607070542,   1.259,9999.000,9999.000,9999.000,9999.000,9999.000,9999.000,9999.000,9999.000
202607070548,   1.255,9999.000,9999.000,9999.000,9999.000,9999.000,9999.000,9999.000,9999.000
202607070554,   1.250,9999.000,9999.000,9999.000,9999.000,9999.000,9999.000,9999.000,9999.000
202607070600,   1.243,9999.000,   0.300,   0.031,   1.574,   0.200,   1.474,   0.300,   1.574
202607070606,   1.236,9999.000,9999.000,9999.000,9999.000,9999.000,9999.000,9999.000,9999.000
202607070612,   1.227,9999.000,9999.000,9999.000,9999.000,9999.000,9999.000,9999.000,9999.000
202607070618,   1.217,9999.000,9999.000,9999.000,9999.000,9999.000,9999.000,9999.000,9999.000
202607070624,   1.207,9999.000,9999.000,9999.000,9999.000,9999.000,9999.000,9999.000,9999.000
202607070630,   1.195,9999.000,9999.000,9999.000,9999.000,9999.000,9999.000,9999.000,9999.000
202607070636,   1.182,9999.000,9999.000,9999.000,9999.000,9999.000,9999.000,9999.000,9999.000
202607070642,   1.168,9999.000,9999.000,9999.000,9999.000,9999.000,9999.000,9999.000,9999.000
202607070648,   1.153,9999.000,9999.000,9999.000,9999.000,9999.000,9999.000,9999.000,9999.000
202607070654,   1.136,9999.000,9999.000,9999.000,9999.000,9999.000,9999.000,9999.000,9999.000
202607070700,   1.119,9999.000,   0.300,   0.031,   1.450,   0.200,   1.350,   0.300,   1.450
202607070706,   1.101,9999.000,9999.000,9999.000,9999.000,9999.000,9999.000,9999.000,9999.000
202607070712,   1.082,9999.000,9999.000,9999.000,9999.000,9999.000,9999.000,9999.000,9999.000
202607070718,   1.062,9999.000,9999.000,9999.000,9999.000,9999.000,9999.000,9999.000,9999.000
202607070724,   1.041,9999.000,9999.000,9999.000,9999.000,9999.000,9999.000,9999.000,9999.000
202607070730,   1.019,9999.000,9999.000,9999.000,9999.000,9999.000,9999.000,9999.000,9999.000
202607070736,   0.996,9999.000,9999.000,9999.000,9999.000,9999.000,9999.000,9999.000,9999.000
202607070742,   0.972,9999.000,9999.000,9999.000,9999.000,9999.000,9999.000,9999.000,9999.000
202607070748,   0.948,9999.000,9999.000,9999.000,9999.000,9999.000,9999.000,9999.000,9999.000
202607070754,   0.923,9999.000,9999.000,9999.000,9999.000,9999.000,9999.000,9999.000,9999.000
202607070800,   0.897,9999.000,   0.300,   0.031,   1.228,   0.200,   1.128,   0.300,   1.228
202607070806,   0.871,9999.000,9999.000,9999.000,9999.000,9999.000,9999.000,9999.000,9999.000
202607070812,   0.844,9999.000,9999.000,9999.000,9999.000,9999.000,9999.000,9999.000,9999.000
202607070818,   0.817,9999.000,9999.000,9999.000,9999.000,9999.000,9999.000,9999.000,9999.000
202607070824,   0.790,9999.000,9999.000,9999.000,9999.000,9999.000,9999.000,9999.000,9999.000
202607070830,   0.762,9999.000,9999.000,9999.000,9999.000,9999.000,9999.000,9999.000,9999.000
202607070836,   0.735,9999.000,9999.000,9999.000,9999.000,9999.000,9999.000,9999.000,9999.000
202607070842,   0.707,9999.000,9999.000,9999.000,9999.000,9999.000,9999.000,9999.000,9999.000
202607070848,   0.679,9999.000,9999.000,9999.000,9999.000,9999.000,9999.000,9999.000,9999.000
202607070854,   0.651,9999.000,9999.000,9999.000,9999.000,9999.000,9999.000,9999.000,9999.000
202607070900,   0.623,9999.000,   0.300,   0.031,   0.954,   0.300,   0.954,   0.300,   0.954
202607070906,   0.595,9999.000,9999.000,9999.000,9999.000,9999.000,9999.000,9999.000,9999.000
202607070912,   0.568,9999.000,9999.000,9999.000,9999.000,9999.000,9999.000,9999.000,9999.000
202607070918,   0.540,9999.000,9999.000,9999.000,9999.000,9999.000,9999.000,9999.000,9999.000
202607070924,   0.513,9999.000,9999.000,9999.000,9999.000,9999.000,9999.000,9999.000,9999.000
202607070930,   0.487,9999.000,9999.000,9999.000,9999.000,9999.000,9999.000,9999.000,9999.000
202607070936,   0.460,9999.000,9999.000,9999.000,9999.000,9999.000,9999.000,9999.000,9999.000
202607070942,   0.434,9999.000,9999.000,9999.000,9999.000,9999.000,9999.000,9999.000,9999.000
202607070948,   0.409,9999.000,9999.000,9999.000,9999.000,9999.000,9999.000,9999.000,9999.000
202607070954,   0.384,9999.000,9999.000,9999.000,9999.000,9999.000,9999.000,9999.000,9999.000
202607071000,   0.359,9999.000,   0.300,   0.031,   0.690,   0.300,   0.690,   0.300,   0.690
202607071006,   0.335,9999.000,9999.000,9999.000,9999.000,9999.000,9999.000,9999.000,9999.000
202607071012,   0.312,9999.000,9999.000,9999.000,9999.000,9999.000,9999.000,9999.000,9999.000
202607071018,   0.289,9999.000,9999.000,9999.000,9999.000,9999.000,9999.000,9999.000,9999.000
202607071024,   0.267,9999.000,9999.000,9999.000,9999.000,9999.000,9999.000,9999.000,9999.000
202607071030,   0.246,9999.000,9999.000,9999.000,9999.000,9999.000,9999.000,9999.000,9999.000
202607071036,   0.226,9999.000,9999.000,9999.000,9999.000,9999.000,9999.000,9999.000,9999.000
202607071042,   0.206,9999.000,9999.000,9999.000,9999.000,9999.000,9999.000,9999.000,9999.000
202607071048,   0.187,9999.000,9999.000,9999.000,9999.000,9999.000,9999.000,9999.000,9999.000
202607071054,   0.170,9999.000,9999.000,9999.000,9999.000,9999.000,9999.000,9999.000,9999.000
202607071100,   0.153,9999.000,   0.300,   0.031,   0.484,   0.300,   0.484,   0.300,   0.484
202607071106,   0.138,9999.000,9999.000,9999.000,9999.000,9999.000,9999.000,9999.000,9999.000
202607071112,   0.124,9999.000,9999.000,9999.000,9999.000,9999.000,9999.000,9999.000,9999.000
202607071118,   0.111,9999.000,9999.000,9999.000,9999.000,9999.000,9999.000,9999.000,9999.000
202607071124,   0.100,9999.000,9999.000,9999.000,9999.000,9999.000,9999.000,9999.000,9999.000
202607071130,   0.090,9999.000,9999.000,9999.000,9999.000,9999.000,9999.000,9999.000,9999.000
202607071136,   0.081,9999.000,9999.000,9999.000,9999.000,9999.000,9999.000,9999.000,9999.000
202607071142,   0.074,9999.000,9999.000,9999.000,9999.000,9999.000,9999.000,9999.000,9999.000
202607071148,   0.069,9999.000,9999.000,9999.000,9999.000,9999.000,9999.000,9999.000,9999.000
202607071154,   0.065,9999.000,9999.000,9999.000,9999.000,9999.000,9999.000,9999.000,9999.000
202607071200,   0.063,9999.000,   0.300,   0.031,   0.394,   0.300,   0.394,   0.300,   0.394
202607071206,   0.062,9999.000,9999.000,9999.000,9999.000,9999.000,9999.000,9999.000,9999.000
202607071212,   0.063,9999.000,9999.000,9999.000,9999.000,9999.000,9999.000,9999.000,9999.000
202607071218,   0.066,9999.000,9999.000,9999.000,9999.000,9999.000,9999.000,9999.000,9999.000
202607071224,   0.071,9999.000,9999.000,9999.000,9999.000,9999.000,9999.000,9999.000,9999.000
202607071230,   0.077,9999.000,9999.000,9999.000,9999.000,9999.000,9999.000,9999.000,9999.000
202607071236,   0.085,9999.000,9999.000,9999.000,9999.000,9999.000,9999.000,9999.000,9999.000
202607071242,   0.094,9999.000,9999.000,9999.000,9999.000,9999.000,9999.000,9999.000,9999.000
202607071248,   0.105,9999.000,9999.000,9999.000,9999.000,9999.000,9999.000,9999.000,9999.000
202607071254,   0.117,9999.000,9999.000,9999.000,9999.000,9999.000,9999.000,9999.000,9999.000
202607071300,   0.131,9999.000,   0.300,   0.031,   0.462,   0.300,   0.462,   0.300,   0.462
202607071306,   0.146,9999.000,9999.000,9999.000,9999.000,9999.000,9999.000,9999.000,9999.000
202607071312,   0.162,9999.000,9999.000,9999.000,9999.000,9999.000,9999.000,9999.000,9999.000
202607071318,   0.180,9999.000,9999.000,9999.000,9999.000,9999.000,9999.000,9999.000,9999.000
202607071324,   0.198,9999.000,9999.000,9999.000,9999.000,9999.000,9999.000,9999.000,9999.000
202607071330,   0.218,9999.000,9999.000,9999.000,9999.000,9999.000,9999.000,9999.000,9999.000
202607071336,   0.239,9999.000,9999.000,9999.000,9999.000,9999.000,9999.000,9999.000,9999.000
202607071342,   0.260,9999.000,9999.000,9999.000,9999.000,9999.000,9999.000,9999.000,9999.000
202607071348,   0.283,9999.000,9999.000,9999.000,9999.000,9999.000,9999.000,9999.000,9999.000
202607071354,   0.306,9999.000,9999.000,9999.000,9999.000,9999.000,9999.000,9999.000,9999.000
202607071400,   0.330,9999.000,   0.300,   0.031,   0.661,   0.300,   0.661,   0.300,   0.661
202607071406,   0.354,9999.000,9999.000,9999.000,9999.000,9999.000,9999.000,9999.000,9999.000
202607071412,   0.379,9999.000,9999.000,9999.000,9999.000,9999.000,9999.000,9999.000,9999.000
202607071418,   0.405,9999.000,9999.000,9999.000,9999.000,9999.000,9999.000,9999.000,9999.000
202607071424,   0.432,9999.000,9999.000,9999.000,9999.000,9999.000,9999.000,9999.000,9999.000
202607071430,   0.458,9999.000,9999.000,9999.000,9999.000,9999.000,9999.000,9999.000,9999.000
202607071436,   0.485,9999.000,9999.000,9999.000,9999.000,9999.000,9999.000,9999.000,9999.000
202607071442,   0.513,9999.000,9999.000,9999.000,9999.000,9999.000,9999.000,9999.000,9999.000
202607071448,   0.541,9999.000,9999.000,9999.000,9999.000,9999.000,9999.000,9999.000,9999.000
202607071454,   0.569,9999.000,9999.000,9999.000,9999.000,9999.000,9999.000,9999.000,9999.000
202607071500,   0.597,9999.000,   0.300,   0.031,   0.928,   0.300,   0.928,   0.300,   0.928
202607071506,   0.626,9999.000,9999.000,9999.000,9999.000,9999.000,9999.000,9999.000,9999.000
202607071512,   0.655,9999.000,9999.000,9999.000,9999.000,9999.000,9999.000,9999.000,9999.000
202607071518,   0.683,9999.000,9999.000,9999.000,9999.000,9999.000,9999.000,9999.000,9999.000
202607071524,   0.712,9999.000,9999.000,9999.000,9999.000,9999.000,9999.000,9999.000,9999.000
202607071530,   0.741,9999.000,9999.000,9999.000,9999.000,9999.000,9999.000,9999.000,9999.000
202607071536,   0.769,9999.000,9999.000,9999.000,9999.000,9999.000,9999.000,9999.000,9999.000
202607071542,   0.798,9999.000,9999.000,9999.000,9999.000,9999.000,9999.000,9999.000,9999.000
202607071548,   0.826,9999.000,9999.000,9999.000,9999.000,9999.000,9999.000,9999.000,9999.000
202607071554,   0.854,9999.000,9999.000,9999.000,9999.000,9999.000,9999.000,9999.000,9999.000
202607071600,   0.881,9999.000,   0.300,   0.031,   1.212,   0.300,   1.212,   0.300,   1.212
202607071606,   0.908,9999.000,9999.000,9999.000,9999.000,9999.000,9999.000,9999.000,9999.000
202607071612,   0.935,9999.000,9999.000,9999.000,9999.000,9999.000,9999.000,9999.000,9999.000
202607071618,   0.960,9999.000,9999.000,9999.000,9999.000,9999.000,9999.000,9999.000,9999.000
202607071624,   0.986,9999.000,9999.000,9999.000,9999.000,9999.000,9999.000,9999.000,9999.000
202607071630,   1.010,9999.000,9999.000,9999.000,9999.000,9999.000,9999.000,9999.000,9999.000
202607071636,   1.034,9999.000,9999.000,9999.000,9999.000,9999.000,9999.000,9999.000,9999.000
202607071642,   1.056,9999.000,9999.000,9999.000,9999.000,9999.000,9999.000,9999.000,9999.000
202607071648,   1.078,9999.000,9999.000,9999.000,9999.000,9999.000,9999.000,9999.000,9999.000
202607071654,   1.099,9999.000,9999.000,9999.000,9999.000,9999.000,9999.000,9999.000,9999.000
202607071700,   1.119,9999.000,   0.300,   0.031,   1.450,   0.300,   1.450,   0.300,   1.450
202607071706,   1.138,9999.000,9999.000,9999.000,9999.000,9999.000,9999.000,9999.000,9999.000
202607071712,   1.156,9999.000,9999.000,9999.000,9999.000,9999.000,9999.000,9999.000,9999.000
202607071718,   1.173,9999.000,9999.000,9999.000,9999.000,9999.000,9999.000,9999.000,9999.000
202607071724,   1.189,9999.000,9999.000,9999.000,9999.000,9999.000,9999.000,9999.000,9999.000
202607071730,   1.204,9999.000,9999.000,9999.000,9999.000,9999.000,9999.000,9999.000,9999.000
202607071736,   1.217,9999.000,9999.000,9999.000,9999.000,9999.000,9999.000,9999.000,9999.000
202607071742,   1.230,9999.000,9999.000,9999.000,9999.000,9999.000,9999.000,9999.000,9999.000
202607071748,   1.241,9999.000,9999.000,9999.000,9999.000,9999.000,9999.000,9999.000,9999.000
202607071754,   1.252,9999.000,9999.000,9999.000,9999.000,9999.000,9999.000,9999.000,9999.000
202607071800,   1.261,9999.000,   0.300,   0.031,   1.592,   0.300,   1.592,   0.300,   1.592
202607071806,   1.270,9999.000,9999.000,9999.000,9999.000,9999.000,9999.000,9999.000,9999.000
202607071812,   1.277,9999.000,9999.000,9999.000,9999.000,9999.000,9999.000,9999.000,9999.000
202607071818,   1.283,9999.000,9999.000,9999.000,9999.000,9999.000,9999.000,9999.000,9999.000
202607071824,   1.289,9999.000,9999.000,9999.000,9999.000,9999.000,9999.000,9999.000,9999.000
202607071830,   1.293,9999.000,9999.000,9999.000,9999.000,9999.000,9999.000,9999.000,9999.000
202607071836,   1.296,9999.000,9999.000,9999.000,9999.000,9999.000,9999.000,9999.000,9999.000
202607071842,   1.298,9999.000,9999.000,9999.000,9999.000,9999.000,9999.000,9999.000,9999.000
202607071848,   1.299,9999.000,9999.000,9999.000,9999.000,9999.000,9999.000,9999.000,9999.000
202607071854,   1.299,9999.000,9999.000,9999.000,9999.000,9999.000,9999.000,9999.000,9999.000
202607071900,   1.298,9999.000,   0.300,   0.031,   1.629,   0.300,   1.629,   0.400,   1.729
202607071906,   1.295,9999.000,9999.000,9999.000,9999.000,9999.000,9999.000,9999.000,9999.000
202607071912,   1.292,9999.000,9999.000,9999.000,9999.000,9999.000,9999.000,9999.000,9999.000
202607071918,   1.288,9999.000,9999.000,9999.000,9999.000,9999.000,9999.000,9999.000,9999.000
202607071924,   1.282,9999.000,9999.000,9999.000,9999.000,9999.000,9999.000,9999.000,9999.000
202607071930,   1.276,9999.000,9999.000,9999.000,9999.000,9999.000,9999.000,9999.000,9999.000
202607071936,   1.269,9999.000,9999.000,9999.000,9999.000,9999.000,9999.000,9999.000,9999.000
202607071942,   1.260,9999.000,9999.000,9999.000,9999.000,9999.000,9999.000,9999.000,9999.000
202607071948,   1.251,9999.000,9999.000,9999.000,9999.000,9999.000,9999.000,9999.000,9999.000
202607071954,   1.240,9999.000,9999.000,9999.000,9999.000,9999.000,9999.000,9999.000,9999.000
202607072000,   1.229,9999.000,   0.300,   0.031,   1.560,   0.300,   1.560,   0.400,   1.660
202607072006,   1.217,9999.000,9999.000,9999.000,9999.000,9999.000,9999.000,9999.000,9999.000
202607072012,   1.204,9999.000,9999.000,9999.000,9999.000,9999.000,9999.000,9999.000,9999.000
202607072018,   1.190,9999.000,9999.000,9999.000,9999.000,9999.000,9999.000,9999.000,9999.000
202607072024,   1.175,9999.000,9999.000,9999.000,9999.000,9999.000,9999.000,9999.000,9999.000
202607072030,   1.160,9999.000,9999.000,9999.000,9999.000,9999.000,9999.000,9999.000,9999.000
202607072036,   1.144,9999.000,9999.000,9999.000,9999.000,9999.000,9999.000,9999.000,9999.000
202607072042,   1.127,9999.000,9999.000,9999.000,9999.000,9999.000,9999.000,9999.000,9999.000
202607072048,   1.110,9999.000,9999.000,9999.000,9999.000,9999.000,9999.000,9999.000,9999.000
202607072054,   1.093,9999.000,9999.000,9999.000,9999.000,9999.000,9999.000,9999.000,9999.000
202607072100,   1.075,9999.000,   0.300,   0.031,   1.406,   0.300,   1.406,   0.400,   1.506
202607072106,   1.057,9999.000,9999.000,9999.000,9999.000,9999.000,9999.000,9999.000,9999.000
202607072112,   1.038,9999.000,9999.000,9999.000,9999.000,9999.000,9999.000,9999.000,9999.000
202607072118,   1.020,9999.000,9999.000,9999.000,9999.000,9999.000,9999.000,9999.000,9999.000
202607072124,   1.001,9999.000,9999.000,9999.000,9999.000,9999.000,9999.000,9999.000,9999.000
202607072130,   0.982,9999.000,9999.000,9999.000,9999.000,9999.000,9999.000,9999.000,9999.000
202607072136,   0.963,9999.000,9999.000,9999.000,9999.000,9999.000,9999.000,9999.000,9999.000
202607072142,   0.944,9999.000,9999.000,9999.000,9999.000,9999.000,9999.000,9999.000,9999.000
202607072148,   0.924,9999.000,9999.000,9999.000,9999.000,9999.000,9999.000,9999.000,9999.000
202607072154,   0.905,9999.000,9999.000,9999.000,9999.000,9999.000,9999.000,9999.000,9999.000
202607072200,   0.886,9999.000,   0.300,   0.031,   1.217,   0.300,   1.217,   0.300,   1.217
202607072206,   0.867,9999.000,9999.000,9999.000,9999.000,9999.000,9999.000,9999.000,9999.000
202607072212,   0.848,9999.000,9999.000,9999.000,9999.000,9999.000,9999.000,9999.000,9999.000
202607072218,   0.830,9999.000,9999.000,9999.000,9999.000,9999.000,9999.000,9999.000,9999.000
202607072224,   0.811,9999.000,9999.000,9999.000,9999.000,9999.000,9999.000,9999.000,9999.000
202607072230,   0.793,9999.000,9999.000,9999.000,9999.000,9999.000,9999.000,9999.000,9999.000
202607072236,   0.775,9999.000,9999.000,9999.000,9999.000,9999.000,9999.000,9999.000,9999.000
202607072242,   0.757,9999.000,9999.000,9999.000,9999.000,9999.000,9999.000,9999.000,9999.000
202607072248,   0.739,9999.000,9999.000,9999.000,9999.000,9999.000,9999.000,9999.000,9999.000
202607072254,   0.722,9999.000,9999.000,9999.000,9999.000,9999.000,9999.000,9999.000,9999.000
202607072300,   0.705,9999.000,   0.300,   0.031,   1.036,   0.300,   1.036,   0.400,   1.136
202607072306,   0.689,9999.000,9999.000,9999.000,9999.000,9999.000,9999.000,9999.000,9999.000
202607072312,   0.673,9999.000,9999.000,9999.000,9999.000,9999.000,9999.000,9999.000,9999.000
202607072318,   0.658,9999.000,9999.000,9999.000,9999.000,9999.000,9999.000,9999.000,9999.000
202607072324,   0.644,9999.000,9999.000,9999.000,9999.000,9999.000,9999.000,9999.000,9999.000
202607072330,   0.630,9999.000,9999.000,9999.000,9999.000,9999.000,9999.000,9999.000,9999.000
202607072336,   0.617,9999.000,9999.000,9999.000,9999.000,9999.000,9999.000,9999.000,9999.000
202607072342,   0.605,9999.000,9999.000,9999.000,9999.000,9999.000,9999.000,9999.000,9999.000
202607072348,   0.594,9999.000,9999.000,9999.000,9999.000,9999.000,9999.000,9999.000,9999.000
202607072354,   0.584,9999.000,9999.000,9999.000,9999.000,9999.000,9999.000,9999.000,9999.000
202607080000,   0.575,9999.000,   0.300,   0.031,   0.906,   0.300,   0.906,   0.400,   1.006
202607080006,   0.567,9999.000,9999.000,9999.000,9999.000,9999.000,9999.000,9999.000,9999.000
202607080012,   0.560,9999.000,9999.000,9999.000,9999.000,9999.000,9999.000,9999.000,9999.000
202607080018,   0.554,9999.000,9999.000,9999.000,9999.000,9999.000,9999.000,9999.000,9999.000
202607080024,   0.550,9999.000,9999.000,9999.000,9999.000,9999.000,9999.000,9999.000,9999.000
202607080030,   0.546,9999.000,9999.000,9999.000,9999.000,9999.000,9999.000,9999.000,9999.000
202607080036,   0.544,9999.000,9999.000,9999.000,9999.000,9999.000,9999.000,9999.000,9999.000
202607080042,   0.544,9999.000,9999.000,9999.000,9999.000,9999.000,9999.000,9999.000,9999.000
202607080048,   0.544,9999.000,9999.000,9999.000,9999.000,9999.000,9999.000,9999.000,9999.000
202607080054,   0.546,9999.000,9999.000,9999.000,9999.000,9999.000,9999.000,9999.000,9999.000
202607080100,   0.549,9999.000,   0.300,   0.031,   0.880,   0.300,   0.880,   0.300,   0.880
202607080106,   0.553,9999.000,9999.000,9999.000,9999.000,9999.000,9999.000,9999.000,9999.000
202607080112,   0.559,9999.000,9999.000,9999.000,9999.000,9999.000,9999.000,9999.000,9999.000
202607080118,   0.565,9999.000,9999.000,9999.000,9999.000,9999.000,9999.000,9999.000,9999.000
202607080124,   0.572,9999.000,9999.000,9999.000,9999.000,9999.000,9999.000,9999.000,9999.000
202607080130,   0.581,9999.000,9999.000,9999.000,9999.000,9999.000,9999.000,9999.000,9999.000
202607080136,   0.590,9999.000,9999.000,9999.000,9999.000,9999.000,9999.000,9999.000,9999.000
202607080142,   0.600,9999.000,9999.000,9999.000,9999.000,9999.000,9999.000,9999.000,9999.000
202607080148,   0.612,9999.000,9999.000,9999.000,9999.000,9999.000,9999.000,9999.000,9999.000
202607080154,   0.623,9999.000,9999.000,9999.000,9999.000,9999.000,9999.000,9999.000,9999.000
202607080200,   0.636,9999.000,   0.300,   0.031,   0.967,   0.300,   0.967,   0.300,   0.967
202607080206,   0.649,9999.000,9999.000,9999.000,9999.000,9999.000,9999.000,9999.000,9999.000
202607080212,   0.662,9999.000,9999.000,9999.000,9999.000,9999.000,9999.000,9999.000,9999.000
202607080218,   0.677,9999.000,9999.000,9999.000,9999.000,9999.000,9999.000,9999.000,9999.000
202607080224,   0.691,9999.000,9999.000,9999.000,9999.000,9999.000,9999.000,9999.000,9999.000
202607080230,   0.706,9999.000,9999.000,9999.000,9999.000,9999.000,9999.000,9999.000,9999.000
202607080236,   0.722,9999.000,9999.000,9999.000,9999.000,9999.000,9999.000,9999.000,9999.000
202607080242,   0.737,9999.000,9999.000,9999.000,9999.000,9999.000,9999.000,9999.000,9999.000
202607080248,   0.753,9999.000,9999.000,9999.000,9999.000,9999.000,9999.000,9999.000,9999.000
202607080254,   0.770,9999.000,9999.000,9999.000,9999.000,9999.000,9999.000,9999.000,9999.000
202607080300,   0.786,9999.000,   0.300,   0.031,   1.117,   0.300,   1.117,   0.300,   1.117
202607080306,   0.803,9999.000,9999.000,9999.000,9999.000,9999.000,9999.000,9999.000,9999.000
202607080312,   0.820,9999.000,9999.000,9999.000,9999.000,9999.000,9999.000,9999.000,9999.000
202607080318,   0.837,9999.000,9999.000,9999.000,9999.000,9999.000,9999.000,9999.000,9999.000
202607080324,   0.854,9999.000,9999.000,9999.000,9999.000,9999.000,9999.000,9999.000,9999.000
202607080330,   0.871,9999.000,9999.000,9999.000,9999.000,9999.000,9999.000,9999.000,9999.000
202607080336,   0.888,9999.000,9999.000,9999.000,9999.000,9999.000,9999.000,9999.000,9999.000
202607080342,   0.905,9999.000,9999.000,9999.000,9999.000,9999.000,9999.000,9999.000,9999.000
202607080348,   0.922,9999.000,9999.000,9999.000,9999.000,9999.000,9999.000,9999.000,9999.000
202607080354,   0.939,9999.000,9999.000,9999.000,9999.000,9999.000,9999.000,9999.000,9999.000
202607080400,   0.955,9999.000,   0.300,   0.031,   1.286,   0.200,   1.186,   0.300,   1.286
202607080406,   0.972,9999.000,9999.000,9999.000,9999.000,9999.000,9999.000,9999.000,9999.000
202607080412,   0.987,9999.000,9999.000,9999.000,9999.000,9999.000,9999.000,9999.000,9999.000
202607080418,   1.003,9999.000,9999.000,9999.000,9999.000,9999.000,9999.000,9999.000,9999.000
202607080424,   1.018,9999.000,9999.000,9999.000,9999.000,9999.000,9999.000,9999.000,9999.000
202607080430,   1.033,9999.000,9999.000,9999.000,9999.000,9999.000,9999.000,9999.000,9999.000
202607080436,   1.047,9999.000,9999.000,9999.000,9999.000,9999.000,9999.000,9999.000,9999.000
202607080442,   1.060,9999.000,9999.000,9999.000,9999.000,9999.000,9999.000,9999.000,9999.000
202607080448,   1.072,9999.000,9999.000,9999.000,9999.000,9999.000,9999.000,9999.000,9999.000
202607080454,   1.084,9999.000,9999.000,9999.000,9999.000,9999.000,9999.000,9999.000,9999.000
202607080500,   1.095,9999.000,   0.300,   0.031,   1.426,   0.200,   1.326,   0.300,   1.426
202607080506,   1.105,9999.000,9999.000,9999.000,9999.000,9999.000,9999.000,9999.000,9999.000
202607080512,   1.114,9999.000,9999.000,9999.000,9999.000,9999.000,9999.000,9999.000,9999.000
202607080518,   1.122,9999.000,9999.000,9999.000,9999.000,9999.000,9999.000,9999.000,9999.000
202607080524,   1.130,9999.000,9999.000,9999.000,9999.000,9999.000,9999.000,9999.000,9999.000
202607080530,   1.136,9999.000,9999.000,9999.000,9999.000,9999.000,9999.000,9999.000,9999.000
202607080536,   1.141,9999.000,9999.000,9999.000,9999.000,9999.000,9999.000,9999.000,9999.000
202607080542,   1.145,9999.000,9999.000,9999.000,9999.000,9999.000,9999.000,9999.000,9999.000
202607080548,   1.148,9999.000,9999.000,9999.000,9999.000,9999.000,9999.000,9999.000,9999.000
202607080554,   1.149,9999.000,9999.000,9999.000,9999.000,9999.000,9999.000,9999.000,9999.000
202607080600,   1.150,9999.000,   0.300,   0.031,   1.481,   0.200,   1.381,   0.300,   1.481
202607080606,   1.150,9999.000,9999.000,9999.000,9999.000,9999.000,9999.000,9999.000,9999.000
202607080612,   1.148,9999.000,9999.000,9999.000,9999.000,9999.000,9999.000,9999.000,9999.000
202607080618,   1.146,9999.000,9999.000,9999.000,9999.000,9999.000,9999.000,9999.000,9999.000
202607080624,   1.142,9999.000,9999.000,9999.000,9999.000,9999.000,9999.000,9999.000,9999.000
202607080630,   1.137,9999.000,9999.000,9999.000,9999.000,9999.000,9999.000,9999.000,9999.000
202607080636,   1.131,9999.000,9999.000,9999.000,9999.000,9999.000,9999.000,9999.000,9999.000
202607080642,   1.124,9999.000,9999.000,9999.000,9999.000,9999.000,9999.000,9999.000,9999.000
202607080648,   1.116,9999.000,9999.000,9999.000,9999.000,9999.000,9999.000,9999.000,9999.000
202607080654,   1.107,9999.000,9999.000,9999.000,9999.000,9999.000,9999.000,9999.000,9999.000
202607080700,   1.097,9999.000,   0.300,   0.031,   1.428,   0.300,   1.428,   0.300,   1.428
202607080706,   1.085,9999.000,9999.000,9999.000,9999.000,9999.000,9999.000,9999.000,9999.000
202607080712,   1.073,9999.000,9999.000,9999.000,9999.000,9999.000,9999.000,9999.000,9999.000
202607080718,   1.060,9999.000,9999.000,9999.000,9999.000,9999.000,9999.000,9999.000,9999.000
202607080724,   1.045,9999.000,9999.000,9999.000,9999.000,9999.000,9999.000,9999.000,9999.000
202607080730,   1.030,9999.000,9999.000,9999.000,9999.000,9999.000,9999.000,9999.000,9999.000
202607080736,   1.013,9999.000,9999.000,9999.000,9999.000,9999.000,9999.000,9999.000,9999.000
202607080742,   0.996,9999.000,9999.000,9999.000,9999.000,9999.000,9999.000,9999.000,9999.000
202607080748,   0.977,9999.000,9999.000,9999.000,9999.000,9999.000,9999.000,9999.000,9999.000
202607080754,   0.958,9999.000,9999.000,9999.000,9999.000,9999.000,9999.000,9999.000,9999.000
202607080800,   0.937,9999.000,   0.300,   0.031,   1.268,   0.300,   1.268,   0.300,   1.268
202607080806,   0.916,9999.000,9999.000,9999.000,9999.000,9999.000,9999.000,9999.000,9999.000
202607080812,   0.893,9999.000,9999.000,9999.000,9999.000,9999.000,9999.000,9999.000,9999.000
202607080818,   0.870,9999.000,9999.000,9999.000,9999.000,9999.000,9999.000,9999.000,9999.000
202607080824,   0.846,9999.000,9999.000,9999.000,9999.000,9999.000,9999.000,9999.000,9999.000
202607080830,   0.821,9999.000,9999.000,9999.000,9999.000,9999.000,9999.000,9999.000,9999.000
202607080836,   0.796,9999.000,9999.000,9999.000,9999.000,9999.000,9999.000,9999.000,9999.000
202607080842,   0.769,9999.000,9999.000,9999.000,9999.000,9999.000,9999.000,9999.000,9999.000
202607080848,   0.743,9999.000,9999.000,9999.000,9999.000,9999.000,9999.000,9999.000,9999.000
202607080854,   0.715,9999.000,9999.000,9999.000,9999.000,9999.000,9999.000,9999.000,9999.000
202607080900,   0.688,9999.000,   0.300,   0.031,   1.019,   0.300,   1.019,   0.300,   1.019
202607080906,   0.660,9999.000,9999.000,9999.000,9999.000,9999.000,9999.000,9999.000,9999.000
202607080912,   0.631,9999.000,9999.000,9999.000,9999.000,9999.000,9999.000,9999.000,9999.000
202607080918,   0.603,9999.000,9999.000,9999.000,9999.000,9999.000,9999.000,9999.000,9999.000
202607080924,   0.574,9999.000,9999.000,9999.000,9999.000,9999.000,9999.000,9999.000,9999.000
202607080930,   0.545,9999.000,9999.000,9999.000,9999.000,9999.000,9999.000,9999.000,9999.000
202607080936,   0.516,9999.000,9999.000,9999.000,9999.000,9999.000,9999.000,9999.000,9999.000
202607080942,   0.488,9999.000,9999.000,9999.000,9999.000,9999.000,9999.000,9999.000,9999.000
202607080948,   0.459,9999.000,9999.000,9999.000,9999.000,9999.000,9999.000,9999.000,9999.000
202607080954,   0.431,9999.000,9999.000,9999.000,9999.000,9999.000,9999.000,9999.000,9999.000
202607081000,   0.403,9999.000,   0.300,   0.031,   0.734,   0.300,   0.734,   0.300,   0.734
202607081006,   0.376,9999.000,9999.000,9999.000,9999.000,9999.000,9999.000,9999.000,9999.000
202607081012,   0.348,9999.000,9999.000,9999.000,9999.000,9999.000,9999.000,9999.000,9999.000
202607081018,   0.322,9999.000,9999.000,9999.000,9999.000,9999.000,9999.000,9999.000,9999.000
202607081024,   0.295,9999.000,9999.000,9999.000,9999.000,9999.000,9999.000,9999.000,9999.000
202607081030,   0.270,9999.000,9999.000,9999.000,9999.000,9999.000,9999.000,9999.000,9999.000
202607081036,   0.244,9999.000,9999.000,9999.000,9999.000,9999.000,9999.000,9999.000,9999.000
202607081042,   0.220,9999.000,9999.000,9999.000,9999.000,9999.000,9999.000,9999.000,9999.000
202607081048,   0.196,9999.000,9999.000,9999.000,9999.000,9999.000,9999.000,9999.000,9999.000
202607081054,   0.173,9999.000,9999.000,9999.000,9999.000,9999.000,9999.000,9999.000,9999.000
202607081100,   0.150,9999.000,   0.300,   0.031,   0.481,   0.300,   0.481,   0.300,   0.481
202607081106,   0.129,9999.000,9999.000,9999.000,9999.000,9999.000,9999.000,9999.000,9999.000
202607081112,   0.108,9999.000,9999.000,9999.000,9999.000,9999.000,9999.000,9999.000,9999.000
202607081118,   0.088,9999.000,9999.000,9999.000,9999.000,9999.000,9999.000,9999.000,9999.000
202607081124,   0.069,9999.000,9999.000,9999.000,9999.000,9999.000,9999.000,9999.000,9999.000
202607081130,   0.051,9999.000,9999.000,9999.000,9999.000,9999.000,9999.000,9999.000,9999.000
202607081136,   0.034,9999.000,9999.000,9999.000,9999.000,9999.000,9999.000,9999.000,9999.000
202607081142,   0.018,9999.000,9999.000,9999.000,9999.000,9999.000,9999.000,9999.000,9999.000
202607081148,   0.004,9999.000,9999.000,9999.000,9999.000,9999.000,9999.000,9999.000,9999.000
202607081154,  -0.008,9999.000,9999.000,9999.000,9999.000,9999.000,9999.000,9999.000,9999.000
202607081200,  -0.020,9999.000,   0.300,   0.031,   0.311,   0.300,   0.311,   0.300,   0.311
202607081206,  -0.031,9999.000,9999.000,9999.000,9999.000,9999.000,9999.000,9999.000,9999.000
202607081212,  -0.039,9999.000,9999.000,9999.000,9999.000,9999.000,9999.000,9999.000,9999.000
202607081218,  -0.047,9999.000,9999.000,9999.000,9999.000,9999.000,9999.000,9999.000,9999.000
202607081224,  -0.053,9999.000,9999.000,9999.000,9999.000,9999.000,9999.000,9999.000,9999.000
202607081230,  -0.057,9999.000,9999.000,9999.000,9999.000,9999.000,9999.000,9999.000,9999.000
202607081236,  -0.059,9999.000,9999.000,9999.000,9999.000,9999.000,9999.000,9999.000,9999.000
202607081242,  -0.060,9999.000,9999.000,9999.000,9999.000,9999.000,9999.000,9999.000,9999.000
202607081248,  -0.059,9999.000,9999.000,9999.000,9999.000,9999.000,9999.000,9999.000,9999.000
202607081254,  -0.056,9999.000,9999.000,9999.000,9999.000,9999.000,9999.000,9999.000,9999.000
202607081300,  -0.052,9999.000,   0.300,   0.031,   0.279,   0.300,   0.279,   0.300,   0.279
202607081306,  -0.046,9999.000,9999.000,9999.000,9999.000,9999.000,9999.000,9999.000,9999.000
202607081312,  -0.037,9999.000,9999.000,9999.000,9999.000,9999.000,9999.000,9999.000,9999.000
202607081318,  -0.028,9999.000,9999.000,9999.000,9999.000,9999.000,9999.000,9999.000,9999.000
202607081324,  -0.016,9999.000,9999.000,9999.000,9999.000,9999.000,9999.000,9999.000,9999.000
202607081330,  -0.003,9999.000,9999.000,9999.000,9999.000,9999.000,9999.000,9999.000,9999.000
202607081336,   0.011,9999.000,9999.000,9999.000,9999.000,9999.000,9999.000,9999.000,9999.000
202607081342,   0.027,9999.000,9999.000,9999.000,9999.000,9999.000,9999.000,9999.000,9999.000
202607081348,   0.045,9999.000,9999.000,9999.000,9999.000,9999.000,9999.000,9999.000,9999.000
202607081354,   0.064,9999.000,9999.000,9999.000,9999.000,9999.000,9999.000,9999.000,9999.000
202607081400,   0.084,9999.000,   0.300,   0.031,   0.415,   0.200,   0.315,   0.300,   0.415
202607081406,   0.106,9999.000,9999.000,9999.000,9999.000,9999.000,9999.000,9999.000,9999.000
202607081412,   0.129,9999.000,9999.000,9999.000,9999.000,9999.000,9999.000,9999.000,9999.000
202607081418,   0.153,9999.000,9999.000,9999.000,9999.000,9999.000,9999.000,9999.000,9999.000
202607081424,   0.178,9999.000,9999.000,9999.000,9999.000,9999.000,9999.000,9999.000,9999.000
202607081430,   0.204,9999.000,9999.000,9999.000,9999.000,9999.000,9999.000,9999.000,9999.000
202607081436,   0.231,9999.000,9999.000,9999.000,9999.000,9999.000,9999.000,9999.000,9999.000
202607081442,   0.259,9999.000,9999.000,9999.000,9999.000,9999.000,9999.000,9999.000,9999.000
202607081448,   0.288,9999.000,9999.000,9999.000,9999.000,9999.000,9999.000,9999.000,9999.000
202607081454,   0.317,9999.000,9999.000,9999.000,9999.000,9999.000,9999.000,9999.000,9999.000
202607081500,   0.347,9999.000,   0.300,   0.031,   0.678,   0.200,   0.578,   0.300,   0.678
202607081506,   0.377,9999.000,9999.000,9999.000,9999.000,9999.000,9999.000,9999.000,9999.000
202607081512,   0.408,9999.000,9999.000,9999.000,9999.000,9999.000,9999.000,9999.000,9999.000
202607081518,   0.440,9999.000,9999.000,9999.000,9999.000,9999.000,9999.000,9999.000,9999.000
202607081524,   0.472,9999.000,9999.000,9999.000,9999.000,9999.000,9999.000,9999.000,9999.000
202607081530,   0.504,9999.000,9999.000,9999.000,9999.000,9999.000,9999.000,9999.000,9999.000
202607081536,   0.537,9999.000,9999.000,9999.000,9999.000,9999.000,9999.000,9999.000,9999.000
202607081542,   0.570,9999.000,9999.000,9999.000,9999.000,9999.000,9999.000,9999.000,9999.000
202607081548,   0.603,9999.000,9999.000,9999.000,9999.000,9999.000,9999.000,9999.000,9999.000
202607081554,   0.636,9999.000,9999.000,9999.000,9999.000,9999.000,9999.000,9999.000,9999.000
202607081600,   0.670,9999.000,   0.300,   0.031,   1.001,   0.200,   0.901,   0.300,   1.001
202607081606,   0.704,9999.000,9999.000,9999.000,9999.000,9999.000,9999.000,9999.000,9999.000
202607081612,   0.737,9999.000,9999.000,9999.000,9999.000,9999.000,9999.000,9999.000,9999.000
202607081618,   0.771,9999.000,9999.000,9999.000,9999.000,9999.000,9999.000,9999.000,9999.000
202607081624,   0.805,9999.000,9999.000,9999.000,9999.000,9999.000,9999.000,9999.000,9999.000
202607081630,   0.838,9999.000,9999.000,9999.000,9999.000,9999.000,9999.000,9999.000,9999.000
202607081636,   0.871,9999.000,9999.000,9999.000,9999.000,9999.000,9999.000,9999.000,9999.000
202607081642,   0.904,9999.000,9999.000,9999.000,9999.000,9999.000,9999.000,9999.000,9999.000
202607081648,   0.937,9999.000,9999.000,9999.000,9999.000,9999.000,9999.000,9999.000,9999.000
202607081654,   0.969,9999.000,9999.000,9999.000,9999.000,9999.000,9999.000,9999.000,9999.000
202607081700,   1.000,9999.000,   0.300,   0.031,   1.331,   0.200,   1.231,   0.300,   1.331
202607081706,   1.031,9999.000,9999.000,9999.000,9999.000,9999.000,9999.000,9999.000,9999.000
202607081712,   1.062,9999.000,9999.000,9999.000,9999.000,9999.000,9999.000,9999.000,9999.000
202607081718,   1.091,9999.000,9999.000,9999.000,9999.000,9999.000,9999.000,9999.000,9999.000
202607081724,   1.120,9999.000,9999.000,9999.000,9999.000,9999.000,9999.000,9999.000,9999.000
202607081730,   1.148,9999.000,9999.000,9999.000,9999.000,9999.000,9999.000,9999.000,9999.000
202607081736,   1.175,9999.000,9999.000,9999.000,9999.000,9999.000,9999.000,9999.000,9999.000
202607081742,   1.201,9999.000,9999.000,9999.000,9999.000,9999.000,9999.000,9999.000,9999.000
202607081748,   1.226,9999.000,9999.000,9999.000,9999.000,9999.000,9999.000,9999.000,9999.000
202607081754,   1.250,9999.000,9999.000,9999.000,9999.000,9999.000,9999.000,9999.000,9999.000
202607081800,   1.272,9999.000,   0.300,   0.031,   1.603,   0.200,   1.503,   0.300,   1.603
202607081806,   1.294,9999.000,9999.000,9999.000,9999.000,9999.000,9999.000,9999.000,9999.000
202607081812,   1.315,9999.000,9999.000,9999.000,9999.000,9999.000,9999.000,9999.000,9999.000
202607081818,   1.334,9999.000,9999.000,9999.000,9999.000,9999.000,9999.000,9999.000,9999.000
202607081824,   1.353,9999.000,9999.000,9999.000,9999.000,9999.000,9999.000,9999.000,9999.000
202607081830,   1.370,9999.000,9999.000,9999.000,9999.000,9999.000,9999.000,9999.000,9999.000
202607081836,   1.386,9999.000,9999.000,9999.000,9999.000,9999.000,9999.000,9999.000,9999.000
202607081842,   1.401,9999.000,9999.000,9999.000,9999.000,9999.000,9999.000,9999.000,9999.000
202607081848,   1.415,9999.000,9999.000,9999.000,9999.000,9999.000,9999.000,9999.000,9999.000
202607081854,   1.427,9999.000,9999.000,9999.000,9999.000,9999.000,9999.000,9999.000,9999.000
202607081900,   1.439,9999.000,   0.300,   0.031,   1.770,   0.200,   1.670,   0.300,   1.770
202607081906,   1.449,9999.000,9999.000,9999.000,9999.000,9999.000,9999.000,9999.000,9999.000
202607081912,   1.458,9999.000,9999.000,9999.000,9999.000,9999.000,9999.000,9999.000,9999.000
202607081918,   1.465,9999.000,9999.000,9999.000,9999.000,9999.000,9999.000,9999.000,9999.000
202607081924,   1.472,9999.000,9999.000,9999.000,9999.000,9999.000,9999.000,9999.000,9999.000
202607081930,   1.477,9999.000,9999.000,9999.000,9999.000,9999.000,9999.000,9999.000,9999.000
202607081936,   1.482,9999.000,9999.000,9999.000,9999.000,9999.000,9999.000,9999.000,9999.000
202607081942,   1.485,9999.000,9999.000,9999.000,9999.000,9999.000,9999.000,9999.000,9999.000
202607081948,   1.486,9999.000,9999.000,9999.000,9999.000,9999.000,9999.000,9999.000,9999.000
202607081954,   1.487,9999.000,9999.000,9999.000,9999.000,9999.000,9999.000,9999.000,9999.000
202607082000,   1.486,9999.000,   0.300,   0.031,   1.817,   0.200,   1.717,   0.300,   1.817
202607082006,   1.484,9999.000,9999.000,9999.000,9999.000,9999.000,9999.000,9999.000,9999.000
202607082012,   1.481,9999.000,9999.000,9999.000,9999.000,9999.000,9999.000,9999.000,9999.000
202607082018,   1.476,9999.000,9999.000,9999.000,9999.000,9999.000,9999.000,9999.000,9999.000
202607082024,   1.471,9999.000,9999.000,9999.000,9999.000,9999.000,9999.000,9999.000,9999.000
202607082030,   1.464,9999.000,9999.000,9999.000,9999.000,9999.000,9999.000,9999.000,9999.000
202607082036,   1.456,9999.000,9999.000,9999.000,9999.000,9999.000,9999.000,9999.000,9999.000
202607082042,   1.447,9999.000,9999.000,9999.000,9999.000,9999.000,9999.000,9999.000,9999.000
202607082048,   1.436,9999.000,9999.000,9999.000,9999.000,9999.000,9999.000,9999.000,9999.000
202607082054,   1.425,9999.000,9999.000,9999.000,9999.000,9999.000,9999.000,9999.000,9999.000
202607082100,   1.413,9999.000,   0.300,   0.031,   1.744,   0.200,   1.644,   0.300,   1.744
202607082106,   1.399,9999.000,9999.000,9999.000,9999.000,9999.000,9999.000,9999.000,9999.000
202607082112,   1.385,9999.000,9999.000,9999.000,9999.000,9999.000,9999.000,9999.000,9999.000
202607082118,   1.370,9999.000,9999.000,9999.000,9999.000,9999.000,9999.000,9999.000,9999.000
202607082124,   1.354,9999.000,9999.000,9999.000,9999.000,9999.000,9999.000,9999.000,9999.000
202607082130,   1.337,9999.000,9999.000,9999.000,9999.000,9999.000,9999.000,9999.000,9999.000
202607082136,   1.319,9999.000,9999.000,9999.000,9999.000,9999.000,9999.000,9999.000,9999.000
202607082142,   1.301,9999.000,9999.000,9999.000,9999.000,9999.000,9999.000,9999.000,9999.000
202607082148,   1.283,9999.000,9999.000,9999.000,9999.000,9999.000,9999.000,9999.000,9999.000
202607082154,   1.263,9999.000,9999.000,9999.000,9999.000,9999.000,9999.000,9999.000,9999.000
202607082200,   1.244,9999.000,   0.300,   0.031,   1.575,   0.200,   1.475,   0.300,   1.575
202607082206,   1.224,9999.000,9999.000,9999.000,9999.000,9999.000,9999.000,9999.000,9999.000
202607082212,   1.203,9999.000,9999.000,9999.000,9999.000,9999.000,9999.000,9999.000,9999.000
202607082218,   1.183,9999.000,9999.000,9999.000,9999.000,9999.000,9999.000,9999.000,9999.000
202607082224,   1.162,9999.000,9999.000,9999.000,9999.000,9999.000,9999.000,9999.000,9999.000
202607082230,   1.141,9999.000,9999.000,9999.000,9999.000,9999.000,9999.000,9999.000,9999.000
202607082236,   1.120,9999.000,9999.000,9999.000,9999.000,9999.000,9999.000,9999.000,9999.000
202607082242,   1.098,9999.000,9999.000,9999.000,9999.000,9999.000,9999.000,9999.000,9999.000
202607082248,   1.077,9999.000,9999.000,9999.000,9999.000,9999.000,9999.000,9999.000,9999.000
202607082254,   1.055,9999.000,9999.000,9999.000,9999.000,9999.000,9999.000,9999.000,9999.000
202607082300,   1.034,9999.000,   0.300,   0.031,   1.365,   0.200,   1.265,   0.300,   1.365
202607082306,   1.012,9999.000,9999.000,9999.000,9999.000,9999.000,9999.000,9999.000,9999.000
202607082312,   0.991,9999.000,9999.000,9999.000,9999.000,9999.000,9999.000,9999.000,9999.000
202607082318,   0.970,9999.000,9999.000,9999.000,9999.000,9999.000,9999.000,9999.000,9999.000
202607082324,   0.949,9999.000,9999.000,9999.000,9999.000,9999.000,9999.000,9999.000,9999.000
202607082330,   0.928,9999.000,9999.000,9999.000,9999.000,9999.000,9999.000,9999.000,9999.000
202607082336,   0.907,9999.000,9999.000,9999.000,9999.000,9999.000,9999.000,9999.000,9999.000
202607082342,   0.886,9999.000,9999.000,9999.000,9999.000,9999.000,9999.000,9999.000,9999.000
202607082348,   0.866,9999.000,9999.000,9999.000,9999.000,9999.000,9999.000,9999.000,9999.000
202607082354,   0.846,9999.000,9999.000,9999.000,9999.000,9999.000,9999.000,9999.000,9999.000
202607090000,   0.827,9999.000,   0.300,   0.031,   1.158,   0.200,   1.058,   0.400,   1.258
202607090006,   0.808,9999.000,9999.000,9999.000,9999.000,9999.000,9999.000,9999.000,9999.000
202607090012,   0.789,9999.000,9999.000,9999.000,9999.000,9999.000,9999.000,9999.000,9999.000
202607090018,   0.771,9999.000,9999.000,9999.000,9999.000,9999.000,9999.000,9999.000,9999.000
202607090024,   0.754,9999.000,9999.000,9999.000,9999.000,9999.000,9999.000,9999.000,9999.000
202607090030,   0.738,9999.000,9999.000,9999.000,9999.000,9999.000,9999.000,9999.000,9999.000
202607090036,   0.722,9999.000,9999.000,9999.000,9999.000,9999.000,9999.000,9999.000,9999.000
202607090042,   0.708,9999.000,9999.000,9999.000,9999.000,9999.000,9999.000,9999.000,9999.000
202607090048,   0.694,9999.000,9999.000,9999.000,9999.000,9999.000,9999.000,9999.000,9999.000
202607090054,   0.681,9999.000,9999.000,9999.000,9999.000,9999.000,9999.000,9999.000,9999.000
202607090100,   0.669,9999.000,   0.300,   0.031,   1.000,   0.200,   0.900,   0.300,   1.000
202607090106,   0.659,9999.000,9999.000,9999.000,9999.000,9999.000,9999.000,9999.000,9999.000
202607090112,   0.649,9999.000,9999.000,9999.000,9999.000,9999.000,9999.000,9999.000,9999.000
202607090118,   0.641,9999.000,9999.000,9999.000,9999.000,9999.000,9999.000,9999.000,9999.000
202607090124,   0.634,9999.000,9999.000,9999.000,9999.000,9999.000,9999.000,9999.000,9999.000
202607090130,   0.628,9999.000,9999.000,9999.000,9999.000,9999.000,9999.000,9999.000,9999.000
202607090136,   0.624,9999.000,9999.000,9999.000,9999.000,9999.000,9999.000,9999.000,9999.000
202607090142,   0.620,9999.000,9999.000,9999.000,9999.000,9999.000,9999.000,9999.000,9999.000
202607090148,   0.618,9999.000,9999.000,9999.000,9999.000,9999.000,9999.000,9999.000,9999.000
202607090154,   0.617,9999.000,9999.000,9999.000,9999.000,9999.000,9999.000,9999.000,9999.000
202607090200,   0.617,9999.000,   0.300,   0.031,   0.948,   0.200,   0.848,   0.300,   0.948
202607090206,   0.618,9999.000,9999.000,9999.000,9999.000,9999.000,9999.000,9999.000,9999.000
202607090212,   0.620,9999.000,9999.000,9999.000,9999.000,9999.000,9999.000,9999.000,9999.000
202607090218,   0.623,9999.000,9999.000,9999.000,9999.000,9999.000,9999.000,9999.000,9999.000
202607090224,   0.627,9999.000,9999.000,9999.000,9999.000,9999.000,9999.000,9999.000,9999.000
202607090230,   0.632,9999.000,9999.000,9999.000,9999.000,9999.000,9999.000,9999.000,9999.000
202607090236,   0.637,9999.000,9999.000,9999.000,9999.000,9999.000,9999.000,9999.000,9999.000
202607090242,   0.644,9999.000,9999.000,9999.000,9999.000,9999.000,9999.000,9999.000,9999.000
202607090248,   0.651,9999.000,9999.000,9999.000,9999.000,9999.000,9999.000,9999.000,9999.000
202607090254,   0.659,9999.000,9999.000,9999.000,9999.000,9999.000,9999.000,9999.000,9999.000
202607090300,   0.667,9999.000,   0.300,   0.031,   0.998,   0.200,   0.898,   0.300,   0.998
202607090306,   0.677,9999.000,9999.000,9999.000,9999.000,9999.000,9999.000,9999.000,9999.000
202607090312,   0.686,9999.000,9999.000,9999.000,9999.000,9999.000,9999.000,9999.000,9999.000
202607090318,   0.696,9999.000,9999.000,9999.000,9999.000,9999.000,9999.000,9999.000,9999.000
202607090324,   0.707,9999.000,9999.000,9999.000,9999.000,9999.000,9999.000,9999.000,9999.000
202607090330,   0.718,9999.000,9999.000,9999.000,9999.000,9999.000,9999.000,9999.000,9999.000
202607090336,   0.729,9999.000,9999.000,9999.000,9999.000,9999.000,9999.000,9999.000,9999.000
202607090342,   0.740,9999.000,9999.000,9999.000,9999.000,9999.000,9999.000,9999.000,9999.000
202607090348,   0.752,9999.000,9999.000,9999.000,9999.000,9999.000,9999.000,9999.000,9999.000
202607090354,   0.765,9999.000,9999.000,9999.000,9999.000,9999.000,9999.000,9999.000,9999.000
202607090400,   0.777,9999.000,   0.300,   0.031,   1.108,   0.200,   1.008,   0.300,   1.108
202607090406,   0.790,9999.000,9999.000,9999.000,9999.000,9999.000,9999.000,9999.000,9999.000
202607090412,   0.803,9999.000,9999.000,9999.000,9999.000,9999.000,9999.000,9999.000,9999.000
202607090418,   0.816,9999.000,9999.000,9999.000,9999.000,9999.000,9999.000,9999.000,9999.000
202607090424,   0.829,9999.000,9999.000,9999.000,9999.000,9999.000,9999.000,9999.000,9999.000
202607090430,   0.842,9999.000,9999.000,9999.000,9999.000,9999.000,9999.000,9999.000,9999.000
202607090436,   0.856,9999.000,9999.000,9999.000,9999.000,9999.000,9999.000,9999.000,9999.000
202607090442,   0.869,9999.000,9999.000,9999.000,9999.000,9999.000,9999.000,9999.000,9999.000
202607090448,   0.882,9999.000,9999.000,9999.000,9999.000,9999.000,9999.000,9999.000,9999.000
202607090454,   0.896,9999.000,9999.000,9999.000,9999.000,9999.000,9999.000,9999.000,9999.000
202607090500,   0.909,9999.000,   0.300,   0.031,   1.240,   0.200,   1.140,   0.300,   1.240
202607090506,   0.921,9999.000,9999.000,9999.000,9999.000,9999.000,9999.000,9999.000,9999.000
202607090512,   0.934,9999.000,9999.000,9999.000,9999.000,9999.000,9999.000,9999.000,9999.000
202607090518,   0.946,9999.000,9999.000,9999.000,9999.000,9999.000,9999.000,9999.000,9999.000
202607090524,   0.957,9999.000,9999.000,9999.000,9999.000,9999.000,9999.000,9999.000,9999.000
202607090530,   0.968,9999.000,9999.000,9999.000,9999.000,9999.000,9999.000,9999.000,9999.000
202607090536,   0.979,9999.000,9999.000,9999.000,9999.000,9999.000,9999.000,9999.000,9999.000
202607090542,   0.989,9999.000,9999.000,9999.000,9999.000,9999.000,9999.000,9999.000,9999.000
202607090548,   0.998,9999.000,9999.000,9999.000,9999.000,9999.000,9999.000,9999.000,9999.000
202607090554,   1.006,9999.000,9999.000,9999.000,9999.000,9999.000,9999.000,9999.000,9999.000
202607090600,   1.014,9999.000,   0.300,   0.031,   1.345,   0.200,   1.245,   0.300,   1.345
202607090606,   1.021,9999.000,9999.000,9999.000,9999.000,9999.000,9999.000,9999.000,9999.000
202607090612,   1.027,9999.000,9999.000,9999.000,9999.000,9999.000,9999.000,9999.000,9999.000
202607090618,   1.032,9999.000,9999.000,9999.000,9999.000,9999.000,9999.000,9999.000,9999.000
202607090624,   1.036,9999.000,9999.000,9999.000,9999.000,9999.000,9999.000,9999.000,9999.000
202607090630,   1.039,9999.000,9999.000,9999.000,9999.000,9999.000,9999.000,9999.000,9999.000
202607090636,   1.041,9999.000,9999.000,9999.000,9999.000,9999.000,9999.000,9999.000,9999.000
202607090642,   1.042,9999.000,9999.000,9999.000,9999.000,9999.000,9999.000,9999.000,9999.000
202607090648,   1.041,9999.000,9999.000,9999.000,9999.000,9999.000,9999.000,9999.000,9999.000
202607090654,   1.040,9999.000,9999.000,9999.000,9999.000,9999.000,9999.000,9999.000,9999.000
202607090700,   1.038,9999.000,   0.300,   0.031,   1.369,   0.200,   1.269,   0.300,   1.369
202607090706,   1.035,9999.000,9999.000,9999.000,9999.000,9999.000,9999.000,9999.000,9999.000
202607090712,   1.030,9999.000,9999.000,9999.000,9999.000,9999.000,9999.000,9999.000,9999.000
202607090718,   1.025,9999.000,9999.000,9999.000,9999.000,9999.000,9999.000,9999.000,9999.000
202607090724,   1.019,9999.000,9999.000,9999.000,9999.000,9999.000,9999.000,9999.000,9999.000
202607090730,   1.011,9999.000,9999.000,9999.000,9999.000,9999.000,9999.000,9999.000,9999.000
202607090736,   1.003,9999.000,9999.000,9999.000,9999.000,9999.000,9999.000,9999.000,9999.000
202607090742,   0.993,9999.000,9999.000,9999.000,9999.000,9999.000,9999.000,9999.000,9999.000
202607090748,   0.982,9999.000,9999.000,9999.000,9999.000,9999.000,9999.000,9999.000,9999.000
202607090754,   0.970,9999.000,9999.000,9999.000,9999.000,9999.000,9999.000,9999.000,9999.000
202607090800,   0.958,9999.000,   0.300,   0.031,   1.289,   0.200,   1.189,   0.300,   1.289
202607090806,   0.944,9999.000,9999.000,9999.000,9999.000,9999.000,9999.000,9999.000,9999.000
202607090812,   0.929,9999.000,9999.000,9999.000,9999.000,9999.000,9999.000,9999.000,9999.000
202607090818,   0.913,9999.000,9999.000,9999.000,9999.000,9999.000,9999.000,9999.000,9999.000
202607090824,   0.896,9999.000,9999.000,9999.000,9999.000,9999.000,9999.000,9999.000,9999.000
202607090830,   0.878,9999.000,9999.000,9999.000,9999.000,9999.000,9999.000,9999.000,9999.000
202607090836,   0.859,9999.000,9999.000,9999.000,9999.000,9999.000,9999.000,9999.000,9999.000
202607090842,   0.839,9999.000,9999.000,9999.000,9999.000,9999.000,9999.000,9999.000,9999.000
202607090848,   0.818,9999.000,9999.000,9999.000,9999.000,9999.000,9999.000,9999.000,9999.000
202607090854,   0.796,9999.000,9999.000,9999.000,9999.000,9999.000,9999.000,9999.000,9999.000
202607090900,   0.773,9999.000,   0.300,   0.031,   1.104,   0.200,   1.004,   0.300,   1.104
202607090906,   0.749,9999.000,9999.000,9999.000,9999.000,9999.000,9999.000,9999.000,9999.000
202607090912,   0.724,9999.000,9999.000,9999.000,9999.000,9999.000,9999.000,9999.000,9999.000
202607090918,   0.699,9999.000,9999.000,9999.000,9999.000,9999.000,9999.000,9999.000,9999.000
202607090924,   0.673,9999.000,9999.000,9999.000,9999.000,9999.000,9999.000,9999.000,9999.000
202607090930,   0.646,9999.000,9999.000,9999.000,9999.000,9999.000,9999.000,9999.000,9999.000
202607090936,   0.618,9999.000,9999.000,9999.000,9999.000,9999.000,9999.000,9999.000,9999.000
202607090942,   0.591,9999.000,9999.000,9999.000,9999.000,9999.000,9999.000,9999.000,9999.000
202607090948,   0.562,9999.000,9999.000,9999.000,9999.000,9999.000,9999.000,9999.000,9999.000
202607090954,   0.534,9999.000,9999.000,9999.000,9999.000,9999.000,9999.000,9999.000,9999.000
202607091000,   0.505,9999.000,   0.300,   0.031,   0.836,   0.200,   0.736,   0.300,   0.836
202607091006,   0.476,9999.000,9999.000,9999.000,9999.000,9999.000,9999.000,9999.000,9999.000
202607091012,   0.446,9999.000,9999.000,9999.000,9999.000,9999.000,9999.000,9999.000,9999.000
202607091018,   0.417,9999.000,9999.000,9999.000,9999.000,9999.000,9999.000,9999.000,9999.000
202607091024,   0.388,9999.000,9999.000,9999.000,9999.000,9999.000,9999.000,9999.000,9999.000
202607091030,   0.359,9999.000,9999.000,9999.000,9999.000,9999.000,9999.000,9999.000,9999.000
202607091036,   0.330,9999.000,9999.000,9999.000,9999.000,9999.000,9999.000,9999.000,9999.000
202607091042,   0.301,9999.000,9999.000,9999.000,9999.000,9999.000,9999.000,9999.000,9999.000
202607091048,   0.273,9999.000,9999.000,9999.000,9999.000,9999.000,9999.000,9999.000,9999.000
202607091054,   0.245,9999.000,9999.000,9999.000,9999.000,9999.000,9999.000,9999.000,9999.000
202607091100,   0.218,9999.000,   0.300,   0.031,   0.549,   0.200,   0.449,   0.300,   0.549
202607091106,   0.191,9999.000,9999.000,9999.000,9999.000,9999.000,9999.000,9999.000,9999.000
202607091112,   0.165,9999.000,9999.000,9999.000,9999.000,9999.000,9999.000,9999.000,9999.000
202607091118,   0.139,9999.000,9999.000,9999.000,9999.000,9999.000,9999.000,9999.000,9999.000
202607091124,   0.114,9999.000,9999.000,9999.000,9999.000,9999.000,9999.000,9999.000,9999.000
202607091130,   0.089,9999.000,9999.000,9999.000,9999.000,9999.000,9999.000,9999.000,9999.000
202607091136,   0.066,9999.000,9999.000,9999.000,9999.000,9999.000,9999.000,9999.000,9999.000
202607091142,   0.043,9999.000,9999.000,9999.000,9999.000,9999.000,9999.000,9999.000,9999.000
202607091148,   0.021,9999.000,9999.000,9999.000,9999.000,9999.000,9999.000,9999.000,9999.000
202607091154,   0.000,9999.000,9999.000,9999.000,9999.000,9999.000,9999.000,9999.000,9999.000
202607091200,  -0.020,9999.000,   0.300,   0.031,   0.311,   0.200,   0.211,   0.300,   0.311
202607091206,  -0.039,9999.000,9999.000,9999.000,9999.000,9999.000,9999.000,9999.000,9999.000
202607091212,  -0.057,9999.000,9999.000,9999.000,9999.000,9999.000,9999.000,9999.000,9999.000
202607091218,  -0.074,9999.000,9999.000,9999.000,9999.000,9999.000,9999.000,9999.000,9999.000
202607091224,  -0.090,9999.000,9999.000,9999.000,9999.000,9999.000,9999.000,9999.000,9999.000
202607091230,  -0.105,9999.000,9999.000,9999.000,9999.000,9999.000,9999.000,9999.000,9999.000
202607091236,  -0.118,9999.000,9999.000,9999.000,9999.000,9999.000,9999.000,9999.000,9999.000
202607091242,  -0.131,9999.000,9999.000,9999.000,9999.000,9999.000,9999.000,9999.000,9999.000
202607091248,  -0.141,9999.000,9999.000,9999.000,9999.000,9999.000,9999.000,9999.000,9999.000
202607091254,  -0.151,9999.000,9999.000,9999.000,9999.000,9999.000,9999.000,9999.000,9999.000
202607091300,  -0.158,9999.000,   0.300,   0.031,   0.173,   0.200,   0.073,   0.300,   0.173
202607091306,  -0.165,9999.000,9999.000,9999.000,9999.000,9999.000,9999.000,9999.000,9999.000
202607091312,  -0.169,9999.000,9999.000,9999.000,9999.000,9999.000,9999.000,9999.000,9999.000
202607091318,  -0.172,9999.000,9999.000,9999.000,9999.000,9999.000,9999.000,9999.000,9999.000
202607091324,  -0.173,9999.000,9999.000,9999.000,9999.000,9999.000,9999.000,9999.000,9999.000
202607091330,  -0.172,9999.000,9999.000,9999.000,9999.000,9999.000,9999.000,9999.000,9999.000
202607091336,  -0.170,9999.000,9999.000,9999.000,9999.000,9999.000,9999.000,9999.000,9999.000
202607091342,  -0.165,9999.000,9999.000,9999.000,9999.000,9999.000,9999.000,9999.000,9999.000
202607091348,  -0.159,9999.000,9999.000,9999.000,9999.000,9999.000,9999.000,9999.000,9999.000
202607091354,  -0.151,9999.000,9999.000,9999.000,9999.000,9999.000,9999.000,9999.000,9999.000
202607091400,  -0.141,9999.000,   0.300,   0.031,   0.190,   0.200,   0.090,   0.300,   0.190
202607091406,  -0.129,9999.000,9999.000,9999.000,9999.000,9999.000,9999.000,9999.000,9999.000
202607091412,  -0.116,9999.000,9999.000,9999.000,9999.000,9999.000,9999.000,9999.000,9999.000
202607091418,  -0.101,9999.000,9999.000,9999.000,9999.000,9999.000,9999.000,9999.000,9999.000
202607091424,  -0.084,9999.000,9999.000,9999.000,9999.000,9999.000,9999.000,9999.000,9999.000
202607091430,  -0.066,9999.000,9999.000,9999.000,9999.000,9999.000,9999.000,9999.000,9999.000
202607091436,  -0.045,9999.000,9999.000,9999.000,9999.000,9999.000,9999.000,9999.000,9999.000
202607091442,  -0.024,9999.000,9999.000,9999.000,9999.000,9999.000,9999.000,9999.000,9999.000
202607091448,  -0.001,9999.000,9999.000,9999.000,9999.000,9999.000,9999.000,9999.000,9999.000
202607091454,   0.022,9999.000,9999.000,9999.000,9999.000,9999.000,9999.000,9999.000,9999.000
202607091500,   0.048,9999.000,   0.300,   0.031,   0.379,   0.200,   0.279,   0.300,   0.379
202607091506,   0.075,9999.000,9999.000,9999.000,9999.000,9999.000,9999.000,9999.000,9999.000
202607091512,   0.103,9999.000,9999.000,9999.000,9999.000,9999.000,9999.000,9999.000,9999.000
202607091518,   0.132,9999.000,9999.000,9999.000,9999.000,9999.000,9999.000,9999.000,9999.000
202607091524,   0.162,9999.000,9999.000,9999.000,9999.000,9999.000,9999.000,9999.000,9999.000
202607091530,   0.193,9999.000,9999.000,9999.000,9999.000,9999.000,9999.000,9999.000,9999.000
202607091536,   0.225,9999.000,9999.000,9999.000,9999.000,9999.000,9999.000,9999.000,9999.000
202607091542,   0.258,9999.000,9999.000,9999.000,9999.000,9999.000,9999.000,9999.000,9999.000
202607091548,   0.291,9999.000,9999.000,9999.000,9999.000,9999.000,9999.000,9999.000,9999.000
202607091554,   0.325,9999.000,9999.000,9999.000,9999.000,9999.000,9999.000,9999.000,9999.000
202607091600,   0.360,9999.000,   0.300,   0.031,   0.691,   0.200,   0.591,   0.300,   0.691
202607091606,   0.395,9999.000,9999.000,9999.000,9999.000,9999.000,9999.000,9999.000,9999.000
202607091612,   0.431,9999.000,9999.000,9999.000,9999.000,9999.000,9999.000,9999.000,9999.000
202607091618,   0.467,9999.000,9999.000,9999.000,9999.000,9999.000,9999.000,9999.000,9999.000
202607091624,   0.504,9999.000,9999.000,9999.000,9999.000,9999.000,9999.000,9999.000,9999.000
202607091630,   0.542,9999.000,9999.000,9999.000,9999.000,9999.000,9999.000,9999.000,9999.000
202607091636,   0.579,9999.000,9999.000,9999.000,9999.000,9999.000,9999.000,9999.000,9999.000
202607091642,   0.617,9999.000,9999.000,9999.000,9999.000,9999.000,9999.000,9999.000,9999.000
202607091648,   0.655,9999.000,9999.000,9999.000,9999.000,9999.000,9999.000,9999.000,9999.000
202607091654,   0.693,9999.000,9999.000,9999.000,9999.000,9999.000,9999.000,9999.000,9999.000
202607091700,   0.732,9999.000,   0.300,   0.031,   1.063,   0.200,   0.963,   0.300,   1.063
202607091706,   0.770,9999.000,9999.000,9999.000,9999.000,9999.000,9999.000,9999.000,9999.000
202607091712,   0.809,9999.000,9999.000,9999.000,9999.000,9999.000,9999.000,9999.000,9999.000
202607091718,   0.847,9999.000,9999.000,9999.000,9999.000,9999.000,9999.000,9999.000,9999.000
202607091724,   0.886,9999.000,9999.000,9999.000,9999.000,9999.000,9999.000,9999.000,9999.000
202607091730,   0.924,9999.000,9999.000,9999.000,9999.000,9999.000,9999.000,9999.000,9999.000
202607091736,   0.961,9999.000,9999.000,9999.000,9999.000,9999.000,9999.000,9999.000,9999.000
202607091742,   0.999,9999.000,9999.000,9999.000,9999.000,9999.000,9999.000,9999.000,9999.000
202607091748,   1.036,9999.000,9999.000,9999.000,9999.000,9999.000,9999.000,9999.000,9999.000
202607091754,   1.072,9999.000,9999.000,9999.000,9999.000,9999.000,9999.000,9999.000,9999.000
202607091800,   1.108,9999.000,   0.300,   0.031,   1.439,   0.200,   1.339,   0.300,   1.439
202607091806,   1.143,9999.000,9999.000,9999.000,9999.000,9999.000,9999.000,9999.000,9999.000
202607091812,   1.177,9999.000,9999.000,9999.000,9999.000,9999.000,9999.000,9999.000,9999.000
202607091818,   1.210,9999.000,9999.000,9999.000,9999.000,9999.000,9999.000,9999.000,9999.000
202607091824,   1.243,9999.000,9999.000,9999.000,9999.000,9999.000,9999.000,9999.000,9999.000
202607091830,   1.274,9999.000,9999.000,9999.000,9999.000,9999.000,9999.000,9999.000,9999.000
202607091836,   1.305,9999.000,9999.000,9999.000,9999.000,9999.000,9999.000,9999.000,9999.000
202607091842,   1.334,9999.000,9999.000,9999.000,9999.000,9999.000,9999.000,9999.000,9999.000
202607091848,   1.363,9999.000,9999.000,9999.000,9999.000,9999.000,9999.000,9999.000,9999.000
202607091854,   1.390,9999.000,9999.000,9999.000,9999.000,9999.000,9999.000,9999.000,9999.000
202607091900,   1.416,9999.000,   0.300,   0.031,   1.747,   0.200,   1.647,   0.300,   1.747
202607091906,   1.441,9999.000,9999.000,9999.000,9999.000,9999.000,9999.000,9999.000,9999.000
202607091912,   1.464,9999.000,9999.000,9999.000,9999.000,9999.000,9999.000,9999.000,9999.000
202607091918,   1.487,9999.000,9999.000,9999.000,9999.000,9999.000,9999.000,9999.000,9999.000
202607091924,   1.508,9999.000,9999.000,9999.000,9999.000,9999.000,9999.000,9999.000,9999.000
202607091930,   1.527,9999.000,9999.000,9999.000,9999.000,9999.000,9999.000,9999.000,9999.000
202607091936,   1.546,9999.000,9999.000,9999.000,9999.000,9999.000,9999.000,9999.000,9999.000
202607091942,   1.563,9999.000,9999.000,9999.000,9999.000,9999.000,9999.000,9999.000,9999.000
202607091948,   1.579,9999.000,9999.000,9999.000,9999.000,9999.000,9999.000,9999.000,9999.000
202607091954,   1.594,9999.000,9999.000,9999.000,9999.000,9999.000,9999.000,9999.000,9999.000
202607092000,   1.607,9999.000,   0.300,   0.031,   1.938,   0.300,   1.938,   0.300,   1.938
202607092006,   1.619,9999.000,9999.000,9999.000,9999.000,9999.000,9999.000,9999.000,9999.000
202607092012,   1.629,9999.000,9999.000,9999.000,9999.000,9999.000,9999.000,9999.000,9999.000
202607092018,   1.638,9999.000,9999.000,9999.000,9999.000,9999.000,9999.000,9999.000,9999.000
202607092024,   1.646,9999.000,9999.000,9999.000,9999.000,9999.000,9999.000,9999.000,9999.000
202607092030,   1.653,9999.000,9999.000,9999.000,9999.000,9999.000,9999.000,9999.000,9999.000
202607092036,   1.658,9999.000,9999.000,9999.000,9999.000,9999.000,9999.000,9999.000,9999.000
202607092042,   1.661,9999.000,9999.000,9999.000,9999.000,9999.000,9999.000,9999.000,9999.000
202607092048,   1.664,9999.000,9999.000,9999.000,9999.000,9999.000,9999.000,9999.000,9999.000
202607092054,   1.664,9999.000,9999.000,9999.000,9999.000,9999.000,9999.000,9999.000,9999.000
202607092100,   1.664,9999.000,   0.300,   0.031,   1.995,   0.300,   1.995,   0.400,   2.095
202607092106,   1.662,9999.000,9999.000,9999.000,9999.000,9999.000,9999.000,9999.000,9999.000
202607092112,   1.658,9999.000,9999.000,9999.000,9999.000,9999.000,9999.000,9999.000,9999.000
202607092118,   1.654,9999.000,9999.000,9999.000,9999.000,9999.000,9999.000,9999.000,9999.000
202607092124,   1.648,9999.000,9999.000,9999.000,9999.000,9999.000,9999.000,9999.000,9999.000
202607092130,   1.640,9999.000,9999.000,9999.000,9999.000,9999.000,9999.000,9999.000,9999.000
202607092136,   1.631,9999.000,9999.000,9999.000,9999.000,9999.000,9999.000,9999.000,9999.000
202607092142,   1.621,9999.000,9999.000,9999.000,9999.000,9999.000,9999.000,9999.000,9999.000
202607092148,   1.610,9999.000,9999.000,9999.000,9999.000,9999.000,9999.000,9999.000,9999.000
202607092154,   1.598,9999.000,9999.000,9999.000,9999.000,9999.000,9999.000,9999.000,9999.000
202607092200,   1.584,9999.000,   0.300,   0.031,   1.915,   0.300,   1.915,   0.400,   2.015
202607092206,   1.569,9999.000,9999.000,9999.000,9999.000,9999.000,9999.000,9999.000,9999.000
202607092212,   1.554,9999.000,9999.000,9999.000,9999.000,9999.000,9999.000,9999.000,9999.000
202607092218,   1.537,9999.000,9999.000,9999.000,9999.000,9999.000,9999.000,9999.000,9999.000
202607092224,   1.520,9999.000,9999.000,9999.000,9999.000,9999.000,9999.000,9999.000,9999.000
202607092230,   1.501,9999.000,9999.000,9999.000,9999.000,9999.000,9999.000,9999.000,9999.000
202607092236,   1.482,9999.000,9999.000,9999.000,9999.000,9999.000,9999.000,9999.000,9999.000
202607092242,   1.462,9999.000,9999.000,9999.000,9999.000,9999.000,9999.000,9999.000,9999.000
202607092248,   1.442,9999.000,9999.000,9999.000,9999.000,9999.000,9999.000,9999.000,9999.000
202607092254,   1.421,9999.000,9999.000,9999.000,9999.000,9999.000,9999.000,9999.000,9999.000
202607092300,   1.400,9999.000,   0.300,   0.031,   1.731,   0.300,   1.731,   0.400,   1.831
202607092306,   1.378,9999.000,9999.000,9999.000,9999.000,9999.000,9999.000,9999.000,9999.000
202607092312,   1.355,9999.000,9999.000,9999.000,9999.000,9999.000,9999.000,9999.000,9999.000
202607092318,   1.333,9999.000,9999.000,9999.000,9999.000,9999.000,9999.000,9999.000,9999.000
202607092324,   1.310,9999.000,9999.000,9999.000,9999.000,9999.000,9999.000,9999.000,9999.000
202607092330,   1.286,9999.000,9999.000,9999.000,9999.000,9999.000,9999.000,9999.000,9999.000
202607092336,   1.263,9999.000,9999.000,9999.000,9999.000,9999.000,9999.000,9999.000,9999.000
202607092342,   1.239,9999.000,9999.000,9999.000,9999.000,9999.000,9999.000,9999.000,9999.000
202607092348,   1.215,9999.000,9999.000,9999.000,9999.000,9999.000,9999.000,9999.000,9999.000
202607092354,   1.191,9999.000,9999.000,9999.000,9999.000,9999.000,9999.000,9999.000,9999.000
202607100000,   1.167,9999.000,   0.300,   0.031,   1.498,   0.300,   1.498,   0.400,   1.598
202607100006,   1.143,9999.000,9999.000,9999.000,9999.000,9999.000,9999.000,9999.000,9999.000
202607100012,   1.119,9999.000,9999.000,9999.000,9999.000,9999.000,9999.000,9999.000,9999.000
202607100018,   1.094,9999.000,9999.000,9999.000,9999.000,9999.000,9999.000,9999.000,9999.000
202607100024,   1.070,9999.000,9999.000,9999.000,9999.000,9999.000,9999.000,9999.000,9999.000
202607100030,   1.046,9999.000,9999.000,9999.000,9999.000,9999.000,9999.000,9999.000,9999.000
202607100036,   1.022,9999.000,9999.000,9999.000,9999.000,9999.000,9999.000,9999.000,9999.000
202607100042,   0.999,9999.000,9999.000,9999.000,9999.000,9999.000,9999.000,9999.000,9999.000
202607100048,   0.975,9999.000,9999.000,9999.000,9999.000,9999.000,9999.000,9999.000,9999.000
202607100054,   0.952,9999.000,9999.000,9999.000,9999.000,9999.000,9999.000,9999.000,9999.000
202607100100,   0.929,9999.000,   0.300,   0.031,   1.260,   0.300,   1.260,   0.300,   1.260
202607100106,   0.907,9999.000,9999.000,9999.000,9999.000,9999.000,9999.000,9999.000,9999.000
202607100112,   0.885,9999.000,9999.000,9999.000,9999.000,9999.000,9999.000,9999.000,9999.000
202607100118,   0.864,9999.000,9999.000,9999.000,9999.000,9999.000,9999.000,9999.000,9999.000
202607100124,   0.844,9999.000,9999.000,9999.000,9999.000,9999.000,9999.000,9999.000,9999.000
202607100130,   0.824,9999.000,9999.000,9999.000,9999.000,9999.000,9999.000,9999.000,9999.000
202607100136,   0.805,9999.000,9999.000,9999.000,9999.000,9999.000,9999.000,9999.000,9999.000
202607100142,   0.787,9999.000,9999.000,9999.000,9999.000,9999.000,9999.000,9999.000,9999.000
202607100148,   0.770,9999.000,9999.000,9999.000,9999.000,9999.000,9999.000,9999.000,9999.000
202607100154,   0.754,9999.000,9999.000,9999.000,9999.000,9999.000,9999.000,9999.000,9999.000
202607100200,   0.739,9999.000,   0.300,   0.031,   1.070,   0.300,   1.070,   0.300,   1.070
202607100206,   0.726,9999.000,9999.000,9999.000,9999.000,9999.000,9999.000,9999.000,9999.000
202607100212,   0.713,9999.000,9999.000,9999.000,9999.000,9999.000,9999.000,9999.000,9999.000
202607100218,   0.701,9999.000,9999.000,9999.000,9999.000,9999.000,9999.000,9999.000,9999.000
202607100224,   0.691,9999.000,9999.000,9999.000,9999.000,9999.000,9999.000,9999.000,9999.000
202607100230,   0.681,9999.000,9999.000,9999.000,9999.000,9999.000,9999.000,9999.000,9999.000
202607100236,   0.673,9999.000,9999.000,9999.000,9999.000,9999.000,9999.000,9999.000,9999.000
202607100242,   0.666,9999.000,9999.000,9999.000,9999.000,9999.000,9999.000,9999.000,9999.000
202607100248,   0.660,9999.000,9999.000,9999.000,9999.000,9999.000,9999.000,9999.000,9999.000
202607100254,   0.656,9999.000,9999.000,9999.000,9999.000,9999.000,9999.000,9999.000,9999.000
202607100300,   0.652,9999.000,   0.300,   0.031,   0.983,   0.300,   0.983,   0.400,   1.083
202607100306,   0.649,9999.000,9999.000,9999.000,9999.000,9999.000,9999.000,9999.000,9999.000
202607100312,   0.648,9999.000,9999.000,9999.000,9999.000,9999.000,9999.000,9999.000,9999.000
202607100318,   0.647,9999.000,9999.000,9999.000,9999.000,9999.000,9999.000,9999.000,9999.000
202607100324,   0.647,9999.000,9999.000,9999.000,9999.000,9999.000,9999.000,9999.000,9999.000
202607100330,   0.648,9999.000,9999.000,9999.000,9999.000,9999.000,9999.000,9999.000,9999.000
202607100336,   0.650,9999.000,9999.000,9999.000,9999.000,9999.000,9999.000,9999.000,9999.000
202607100342,   0.653,9999.000,9999.000,9999.000,9999.000,9999.000,9999.000,9999.000,9999.000
202607100348,   0.656,9999.000,9999.000,9999.000,9999.000,9999.000,9999.000,9999.000,9999.000
202607100354,   0.660,9999.000,9999.000,9999.000,9999.000,9999.000,9999.000,9999.000,9999.000
202607100400,   0.665,9999.000,   0.300,   0.031,   0.996,   0.300,   0.996,   0.400,   1.096
202607100406,   0.670,9999.000,9999.000,9999.000,9999.000,9999.000,9999.000,9999.000,9999.000
202607100412,   0.676,9999.000,9999.000,9999.000,9999.000,9999.000,9999.000,9999.000,9999.000
202607100418,   0.682,9999.000,9999.000,9999.000,9999.000,9999.000,9999.000,9999.000,9999.000
202607100424,   0.689,9999.000,9999.000,9999.000,9999.000,9999.000,9999.000,9999.000,9999.000
202607100430,   0.697,9999.000,9999.000,9999.000,9999.000,9999.000,9999.000,9999.000,9999.000
202607100436,   0.705,9999.000,9999.000,9999.000,9999.000,9999.000,9999.000,9999.000,9999.000
202607100442,   0.713,9999.000,9999.000,9999.000,9999.000,9999.000,9999.000,9999.000,9999.000
202607100448,   0.722,9999.000,9999.000,9999.000,9999.000,9999.000,9999.000,9999.000,9999.000
202607100454,   0.731,9999.000,9999.000,9999.000,9999.000,9999.000,9999.000,9999.000,9999.000
202607100500,   0.741,9999.000,   0.300,   0.031,   1.072,   0.300,   1.072,   0.400,   1.172
202607100506,   0.751,9999.000,9999.000,9999.000,9999.000,9999.000,9999.000,9999.000,9999.000
202607100512,   0.761,9999.000,9999.000,9999.000,9999.000,9999.000,9999.000,9999.000,9999.000
202607100518,   0.772,9999.000,9999.000,9999.000,9999.000,9999.000,9999.000,9999.000,9999.000
202607100524,   0.783,9999.000,9999.000,9999.000,9999.000,9999.000,9999.000,9999.000,9999.000
202607100530,   0.794,9999.000,9999.000,9999.000,9999.000,9999.000,9999.000,9999.000,9999.000
202607100536,   0.805,9999.000,9999.000,9999.000,9999.000,9999.000,9999.000,9999.000,9999.000
202607100542,   0.816,9999.000,9999.000,9999.000,9999.000,9999.000,9999.000,9999.000,9999.000
202607100548,   0.827,9999.000,9999.000,9999.000,9999.000,9999.000,9999.000,9999.000,9999.000
202607100554,   0.839,9999.000,9999.000,9999.000,9999.000,9999.000,9999.000,9999.000,9999.000
202607100600,   0.850,9999.000,   0.300,   0.031,   1.181,   0.300,   1.181,   0.300,   1.181
202607100606,   0.861,9999.000,9999.000,9999.000,9999.000,9999.000,9999.000,9999.000,9999.000
202607100612,   0.871,9999.000,9999.000,9999.000,9999.000,9999.000,9999.000,9999.000,9999.000
202607100618,   0.881,9999.000,9999.000,9999.000,9999.000,9999.000,9999.000,9999.000,9999.000
202607100624,   0.891,9999.000,9999.000,9999.000,9999.000,9999.000,9999.000,9999.000,9999.000
202607100630,   0.901,9999.000,9999.000,9999.000,9999.000,9999.000,9999.000,9999.000,9999.000
202607100636,   0.910,9999.000,9999.000,9999.000,9999.000,9999.000,9999.000,9999.000,9999.000
202607100642,   0.918,9999.000,9999.000,9999.000,9999.000,9999.000,9999.000,9999.000,9999.000
202607100648,   0.925,9999.000,9999.000,9999.000,9999.000,9999.000,9999.000,9999.000,9999.000
202607100654,   0.932,9999.000,9999.000,9999.000,9999.000,9999.000,9999.000,9999.000,9999.000
202607100700,   0.938,9999.000,   0.300,   0.031,   1.269,   0.300,   1.269,   0.400,   1.369
202607100706,   0.943,9999.000,9999.000,9999.000,9999.000,9999.000,9999.000,9999.000,9999.000
202607100712,   0.947,9999.000,9999.000,9999.000,9999.000,9999.000,9999.000,9999.000,9999.000
202607100718,   0.951,9999.000,9999.000,9999.000,9999.000,9999.000,9999.000,9999.000,9999.000
202607100724,   0.953,9999.000,9999.000,9999.000,9999.000,9999.000,9999.000,9999.000,9999.000
202607100730,   0.955,9999.000,9999.000,9999.000,9999.000,9999.000,9999.000,9999.000,9999.000
202607100736,   0.955,9999.000,9999.000,9999.000,9999.000,9999.000,9999.000,9999.000,9999.000
202607100742,   0.954,9999.000,9999.000,9999.000,9999.000,9999.000,9999.000,9999.000,9999.000
202607100748,   0.953,9999.000,9999.000,9999.000,9999.000,9999.000,9999.000,9999.000,9999.000
202607100754,   0.950,9999.000,9999.000,9999.000,9999.000,9999.000,9999.000,9999.000,9999.000
202607100800,   0.946,9999.000,   0.300,   0.031,   1.277,   0.300,   1.277,   0.400,   1.377
202607100806,   0.942,9999.000,9999.000,9999.000,9999.000,9999.000,9999.000,9999.000,9999.000
202607100812,   0.936,9999.000,9999.000,9999.000,9999.000,9999.000,9999.000,9999.000,9999.000
202607100818,   0.929,9999.000,9999.000,9999.000,9999.000,9999.000,9999.000,9999.000,9999.000
202607100824,   0.921,9999.000,9999.000,9999.000,9999.000,9999.000,9999.000,9999.000,9999.000
202607100830,   0.912,9999.000,9999.000,9999.000,9999.000,9999.000,9999.000,9999.000,9999.000
202607100836,   0.902,9999.000,9999.000,9999.000,9999.000,9999.000,9999.000,9999.000,9999.000
202607100842,   0.890,9999.000,9999.000,9999.000,9999.000,9999.000,9999.000,9999.000,9999.000
202607100848,   0.878,9999.000,9999.000,9999.000,9999.000,9999.000,9999.000,9999.000,9999.000
202607100854,   0.865,9999.000,9999.000,9999.000,9999.000,9999.000,9999.000,9999.000,9999.000
202607100900,   0.850,9999.000,   0.300,   0.031,   1.181,   0.300,   1.181,   0.400,   1.281
202607100906,   0.835,9999.000,9999.000,9999.000,9999.000,9999.000,9999.000,9999.000,9999.000
202607100912,   0.818,9999.000,9999.000,9999.000,9999.000,9999.000,9999.000,9999.000,9999.000
202607100918,   0.800,9999.000,9999.000,9999.000,9999.000,9999.000,9999.000,9999.000,9999.000
202607100924,   0.782,9999.000,9999.000,9999.000,9999.000,9999.000,9999.000,9999.000,9999.000
202607100930,   0.762,9999.000,9999.000,9999.000,9999.000,9999.000,9999.000,9999.000,9999.000
202607100936,   0.741,9999.000,9999.000,9999.000,9999.000,9999.000,9999.000,9999.000,9999.000
202607100942,   0.719,9999.000,9999.000,9999.000,9999.000,9999.000,9999.000,9999.000,9999.000
202607100948,   0.697,9999.000,9999.000,9999.000,9999.000,9999.000,9999.000,9999.000,9999.000
202607100954,   0.673,9999.000,9999.000,9999.000,9999.000,9999.000,9999.000,9999.000,9999.000
202607101000,   0.648,9999.000,   0.300,   0.031,   0.979,   0.200,   0.879,   0.300,   0.979
202607101006,   0.623,9999.000,9999.000,9999.000,9999.000,9999.000,9999.000,9999.000,9999.000
202607101012,   0.597,9999.000,9999.000,9999.000,9999.000,9999.000,9999.000,9999.000,9999.000
202607101018,   0.570,9999.000,9999.000,9999.000,9999.000,9999.000,9999.000,9999.000,9999.000
202607101024,   0.543,9999.000,9999.000,9999.000,9999.000,9999.000,9999.000,9999.000,9999.000
202607101030,   0.515,9999.000,9999.000,9999.000,9999.000,9999.000,9999.000,9999.000,9999.000
202607101036,   0.486,9999.000,9999.000,9999.000,9999.000,9999.000,9999.000,9999.000,9999.000
202607101042,   0.457,9999.000,9999.000,9999.000,9999.000,9999.000,9999.000,9999.000,9999.000
202607101048,   0.428,9999.000,9999.000,9999.000,9999.000,9999.000,9999.000,9999.000,9999.000
202607101054,   0.399,9999.000,9999.000,9999.000,9999.000,9999.000,9999.000,9999.000,9999.000
202607101100,   0.369,9999.000,   0.300,   0.031,   0.700,   0.300,   0.700,   0.400,   0.800
202607101106,   0.340,9999.000,9999.000,9999.000,9999.000,9999.000,9999.000,9999.000,9999.000
202607101112,   0.310,9999.000,9999.000,9999.000,9999.000,9999.000,9999.000,9999.000,9999.000
202607101118,   0.281,9999.000,9999.000,9999.000,9999.000,9999.000,9999.000,9999.000,9999.000
202607101124,   0.252,9999.000,9999.000,9999.000,9999.000,9999.000,9999.000,9999.000,9999.000
202607101130,   0.223,9999.000,9999.000,9999.000,9999.000,9999.000,9999.000,9999.000,9999.000
202607101136,   0.194,9999.000,9999.000,9999.000,9999.000,9999.000,9999.000,9999.000,9999.000
202607101142,   0.166,9999.000,9999.000,9999.000,9999.000,9999.000,9999.000,9999.000,9999.000
202607101148,   0.138,9999.000,9999.000,9999.000,9999.000,9999.000,9999.000,9999.000,9999.000
202607101154,   0.110,9999.000,9999.000,9999.000,9999.000,9999.000,9999.000,9999.000,9999.000
202607101200,   0.084,9999.000,   0.300,   0.031,   0.415,   0.200,   0.315,   0.400,   0.515
