        TIME,    TIDE,      OB,   SURGE,    BIAS,     TWL,SURGE90p,  TWL90p,SURGE10p,   TWL10p
202602100000,   6.699,   7.199,   0.000,   0.500,   7.199,   0.000,   7.199,   0.000,   7.199
202602100006,   6.857,9999.000,9999.000,9999.000,9999.000,9999.000,9999.000,9999.000,9999.000
202602100012,   7.014,   7.507,9999.000,9999.000,9999.000,9999.000,9999.000,9999.000,9999.000
202602100018,   7.172,9999.000,9999.000,9999.000,9999.000,9999.000,9999.000,9999.000,9999.000
202602100024,   7.328,   7.796,9999.000,9999.000,9999.000,9999.000,9999.000,9999.000,9999.000
202602100030,   7.483,9999.000,9999.000,9999.000,9999.000,9999.000,9999.000,9999.000,9999.000
202602100036,   7.636,   8.098,9999.000,9999.000,9999.000,9999.000,9999.000,9999.000,9999.000
202602100042,   7.787,9999.000,9999.000,9999.000,9999.000,9999.000,9999.000,9999.000,9999.000
202602100048,   7.936,   8.357,9999.000,9999.000,9999.000,9999.000,9999.000,9999.000,9999.000
202602100054,   8.082,9999.000,9999.000,9999.000,9999.000,9999.000,9999.000,9999.000,9999.000
202602100100,   8.224,   8.649,   0.000,   0.425,   8.649,   0.000,   8.649,   0.000,   8.649
202602100106,   8.363,   8.796,9999.000,9999.000,9999.000,9999.000,9999.000,9999.000,9999.000
202602100112,   8.498,   8.937,9999.000,9999.000,9999.000,9999.000,9999.000,9999.000,9999.000
202602100118,   8.629,   9.036,9999.000,9999.000,9999.000,9999.000,9999.000,9999.000,9999.000
202602100124,   8.756,   9.138,9999.000,9999.000,9999.000,9999.000,9999.000,9999.000,9999.000
202602100130,   8.878,   9.256,9999.000,9999.000,9999.000,9999.000,9999.000,9999.000,9999.000
202602100136,   8.994,   9.377,9999.000,9999.000,9999.000,9999.000,9999.000,9999.000,9999.000
202602100142,   9.106,   9.498,9999.000,9999.000,9999.000,9999.000,9999.000,9999.000,9999.000
202602100148,   9.212,   9.607,9999.000,9999.000,9999.000,9999.000,9999.000,9999.000,9999.000
202602100154,   9.312,   9.708,9999.000,9999.000,9999.000,9999.000,9999.000,9999.000,9999.000
202602100200,   9.406,   9.787,   0.000,   0.381,   9.787,   0.000,   9.787,   0.000,   9.787
202602100206,   9.494,   9.856,9999.000,9999.000,9999.000,9999.000,9999.000,9999.000,9999.000
202602100212,   9.576,   9.958,9999.000,9999.000,9999.000,9999.000,9999.000,9999.000,9999.000
202602100218,   9.651,  10.066,9999.000,9999.000,9999.000,9999.000,9999.000,9999.000,9999.000
202602100224,   9.719,  10.148,9999.000,9999.000,9999.000,9999.000,9999.000,9999.000,9999.000
202602100230,   9.781,  10.217,9999.000,9999.000,9999.000,9999.000,9999.000,9999.000,9999.000
202602100236,   9.835,  10.246,9999.000,9999.000,9999.000,9999.000,9999.000,9999.000,9999.000
202602100242,   9.883,  10.295,9999.000,9999.000,9999.000,9999.000,9999.000,9999.000,9999.000
202602100248,   9.924,  10.328,9999.000,9999.000,9999.000,9999.000,9999.000,9999.000,9999.000
202602100254,   9.957,  10.368,9999.000,9999.000,9999.000,9999.000,9999.000,9999.000,9999.000
202602100300,   9.984,  10.377,   0.000,   0.393,  10.377,   0.000,  10.377,   0.000,  10.377
202602100306,  10.003,  10.407,9999.000,9999.000,9999.000,9999.000,9999.000,9999.000,9999.000
202602100312,  10.015,  10.407,9999.000,9999.000,9999.000,9999.000,9999.000,9999.000,9999.000
202602100318,  10.021,  10.417,9999.000,9999.000,9999.000,9999.000,9999.000,9999.000,9999.000
202602100324,  10.019,  10.397,9999.000,9999.000,9999.000,9999.000,9999.000,9999.000,9999.000
202602100330,  10.010,  10.407,9999.000,9999.000,9999.000,9999.000,9999.000,9999.000,9999.000
202602100336,   9.994,  10.397,9999.000,9999.000,9999.000,9999.000,9999.000,9999.000,9999.000
202602100342,   9.972,  10.368,9999.000,9999.000,9999.000,9999.000,9999.000,9999.000,9999.000
202602100348,   9.943,  10.328,9999.000,9999.000,9999.000,9999.000,9999.000,9999.000,9999.000
202602100354,   9.908,  10.305,9999.000,9999.000,9999.000,9999.000,9999.000,9999.000,9999.000
202602100400,   9.866,  10.256,   0.000,   0.390,  10.256,  -0.100,  10.156,   0.000,  10.256
202602100406,   9.818,  10.227,9999.000,9999.000,9999.000,9999.000,9999.000,9999.000,9999.000
202602100412,   9.764,  10.158,9999.000,9999.000,9999.000,9999.000,9999.000,9999.000,9999.000
202602100418,   9.705,  10.128,9999.000,9999.000,9999.000,9999.000,9999.000,9999.000,9999.000
202602100424,   9.640,  10.066,9999.000,9999.000,9999.000,9999.000,9999.000,9999.000,9999.000
202602100430,   9.570,   9.977,9999.000,9999.000,9999.000,9999.000,9999.000,9999.000,9999.000
202602100436,   9.495,   9.885,9999.000,9999.000,9999.000,9999.000,9999.000,9999.000,9999.000
202602100442,   9.416,   9.807,9999.000,9999.000,9999.000,9999.000,9999.000,9999.000,9999.000
202602100448,   9.332,   9.728,9999.000,9999.000,9999.000,9999.000,9999.000,9999.000,9999.000
202602100454,   9.244,   9.646,9999.000,9999.000,9999.000,9999.000,9999.000,9999.000,9999.000
202602100500,   9.152,   9.538,  -0.100,   0.486,   9.538,  -0.200,   9.438,   0.000,   9.638
202602100506,   9.057,   9.446,9999.000,9999.000,9999.000,9999.000,9999.000,9999.000,9999.000
202602100512,   8.959,   9.328,9999.000,9999.000,9999.000,9999.000,9999.000,9999.000,9999.000
202602100518,   8.858,   9.216,9999.000,9999.000,9999.000,9999.000,9999.000,9999.000,9999.000
202602100524,   8.754,   9.128,9999.000,9999.000,9999.000,9999.000,9999.000,9999.000,9999.000
202602100530,   8.649,   9.036,9999.000,9999.000,9999.000,9999.000,9999.000,9999.000,9999.000
202602100536,   8.542,   8.928,9999.000,9999.000,9999.000,9999.000,9999.000,9999.000,9999.000
202602100542,   8.434,   8.826,9999.000,9999.000,9999.000,9999.000,9999.000,9999.000,9999.000
202602100548,   8.324,   8.688,9999.000,9999.000,9999.000,9999.000,9999.000,9999.000,9999.000
202602100554,   8.215,   8.596,9999.000,9999.000,9999.000,9999.000,9999.000,9999.000,9999.000
202602100600,   8.105,   8.488,  -0.100,   0.483,   8.488,  -0.200,   8.388,  -0.100,   8.488
202602100606,   7.995,   8.386,9999.000,9999.000,9999.000,9999.000,9999.000,9999.000,9999.000
202602100612,   7.886,   8.278,9999.000,9999.000,9999.000,9999.000,9999.000,9999.000,9999.000
202602100618,   7.778,   8.157,9999.000,9999.000,9999.000,9999.000,9999.000,9999.000,9999.000
202602100624,   7.671,   8.029,9999.000,9999.000,9999.000,9999.000,9999.000,9999.000,9999.000
202602100630,   7.565,   7.927,9999.000,9999.000,9999.000,9999.000,9999.000,9999.000,9999.000
202602100636,   7.462,   7.819,9999.000,9999.000,9999.000,9999.000,9999.000,9999.000,9999.000
202602100642,   7.362,   7.727,9999.000,9999.000,9999.000,9999.000,9999.000,9999.000,9999.000
202602100648,   7.264,   7.629,9999.000,9999.000,9999.000,9999.000,9999.000,9999.000,9999.000
202602100654,   7.169,   7.517,9999.000,9999.000,9999.000,9999.000,9999.000,9999.000,9999.000
202602100700,   7.078,   7.429,  -0.200,   0.551,   7.429,  -0.300,   7.329,  -0.100,   7.529
202602100706,   6.990,   7.337,9999.000,9999.000,9999.000,9999.000,9999.000,9999.000,9999.000
202602100712,   6.907,   7.258,9999.000,9999.000,9999.000,9999.000,9999.000,9999.000,9999.000
202602100718,   6.828,   7.156,9999.000,9999.000,9999.000,9999.000,9999.000,9999.000,9999.000
202602100724,   6.754,   7.068,9999.000,9999.000,9999.000,9999.000,9999.000,9999.000,9999.000
202602100730,   6.684,   6.979,9999.000,9999.000,9999.000,9999.000,9999.000,9999.000,9999.000
202602100736,   6.620,   6.927,9999.000,9999.000,9999.000,9999.000,9999.000,9999.000,9999.000
202602100742,   6.562,   6.887,9999.000,9999.000,9999.000,9999.000,9999.000,9999.000,9999.000
202602100748,   6.509,   6.858,9999.000,9999.000,9999.000,9999.000,9999.000,9999.000,9999.000
202602100754,   6.462,   6.799,9999.000,9999.000,9999.000,9999.000,9999.000,9999.000,9999.000
202602100800,   6.422,   6.746,  -0.200,   0.524,   6.746,  -0.400,   6.546,  -0.100,   6.846
202602100806,   6.387,   6.707,9999.000,9999.000,9999.000,9999.000,9999.000,9999.000,9999.000
202602100812,   6.360,   6.717,9999.000,9999.000,9999.000,9999.000,9999.000,9999.000,9999.000
202602100818,   6.339,   6.727,9999.000,9999.000,9999.000,9999.000,9999.000,9999.000,9999.000
202602100824,   6.325,   6.737,9999.000,9999.000,9999.000,9999.000,9999.000,9999.000,9999.000
202602100830,   6.317,   6.727,9999.000,9999.000,9999.000,9999.000,9999.000,9999.000,9999.000
202602100836,   6.317,   6.697,9999.000,9999.000,9999.000,9999.000,9999.000,9999.000,9999.000
202602100842,   6.324,   6.697,9999.000,9999.000,9999.000,9999.000,9999.000,9999.000,9999.000
202602100848,   6.338,   6.707,9999.000,9999.000,9999.000,9999.000,9999.000,9999.000,9999.000
202602100854,   6.360,   6.756,9999.000,9999.000,9999.000,9999.000,9999.000,9999.000,9999.000
202602100900,   6.388,   6.789,  -0.300,   0.701,   6.789,  -0.500,   6.589,  -0.100,   6.989
202602100906,   6.424,   6.848,9999.000,9999.000,9999.000,9999.000,9999.000,9999.000,9999.000
202602100912,   6.467,   6.878,9999.000,9999.000,9999.000,9999.000,9999.000,9999.000,9999.000
202602100918,   6.517,   6.897,9999.000,9999.000,9999.000,9999.000,9999.000,9999.000,9999.000
202602100924,   6.574,   6.927,9999.000,9999.000,9999.000,9999.000,9999.000,9999.000,9999.000
202602100930,   6.639,   7.019,9999.000,9999.000,9999.000,9999.000,9999.000,9999.000,9999.000
202602100936,   6.710,   7.147,9999.000,9999.000,9999.000,9999.000,9999.000,9999.000,9999.000
202602100942,   6.788,   7.258,9999.000,9999.000,9999.000,9999.000,9999.000,9999.000,9999.000
202602100948,   6.873,   7.288,9999.000,9999.000,9999.000,9999.000,9999.000,9999.000,9999.000
202602100954,   6.964,   7.357,9999.000,9999.000,9999.000,9999.000,9999.000,9999.000,9999.000
202602101000,   7.062,   7.429,  -0.300,   0.667,   7.429,  -0.500,   7.229,  -0.200,   7.529
202602101006,   7.166,   7.586,9999.000,9999.000,9999.000,9999.000,9999.000,9999.000,9999.000
202602101012,   7.275,   7.688,9999.000,9999.000,9999.000,9999.000,9999.000,9999.000,9999.000
202602101018,   7.391,   7.806,9999.000,9999.000,9999.000,9999.000,9999.000,9999.000,9999.000
202602101024,   7.512,   7.868,9999.000,9999.000,9999.000,9999.000,9999.000,9999.000,9999.000
202602101030,   7.638,   7.986,9999.000,9999.000,9999.000,9999.000,9999.000,9999.000,9999.000
202602101036,   7.769,   8.108,9999.000,9999.000,9999.000,9999.000,9999.000,9999.000,9999.000
202602101042,   7.904,   8.249,9999.000,9999.000,9999.000,9999.000,9999.000,9999.000,9999.000
202602101048,   8.044,   8.416,9999.000,9999.000,9999.000,9999.000,9999.000,9999.000,9999.000
202602101054,   8.189,   8.547,9999.000,9999.000,9999.000,9999.000,9999.000,9999.000,9999.000
202602101100,   8.336,   8.688,  -0.400,   0.752,   8.688,  -0.500,   8.588,  -0.300,   8.788
202602101106,   8.487,   8.767,9999.000,9999.000,9999.000,9999.000,9999.000,9999.000,9999.000
202602101112,   8.642,   8.908,9999.000,9999.000,9999.000,9999.000,9999.000,9999.000,9999.000
202602101118,   8.798,   9.079,9999.000,9999.000,9999.000,9999.000,9999.000,9999.000,9999.000
202602101124,   8.957,   9.265,9999.000,9999.000,9999.000,9999.000,9999.000,9999.000,9999.000
202602101130,   9.118,   9.446,9999.000,9999.000,9999.000,9999.000,9999.000,9999.000,9999.000
202602101136,   9.281,   9.567,9999.000,9999.000,9999.000,9999.000,9999.000,9999.000,9999.000
202602101142,   9.445,   9.689,9999.000,9999.000,9999.000,9999.000,9999.000,9999.000,9999.000
202602101148,   9.609,   9.817,9999.000,9999.000,9999.000,9999.000,9999.000,9999.000,9999.000
202602101154,   9.774,   9.987,9999.000,9999.000,9999.000,9999.000,9999.000,9999.000,9999.000
202602101200,   9.939,  10.167,  -0.300,   0.528,  10.167,  -0.300,  10.167,  -0.200,  10.267
202602101206,  10.103,  10.338,9999.000,9999.000,9999.000,9999.000,9999.000,9999.000,9999.000
202602101212,  10.267,  10.495,9999.000,9999.000,9999.000,9999.000,9999.000,9999.000,9999.000
202602101218,  10.429,  10.597,9999.000,9999.000,9999.000,9999.000,9999.000,9999.000,9999.000
202602101224,  10.590,  10.705,9999.000,9999.000,9999.000,9999.000,9999.000,9999.000,9999.000
202602101230,  10.749,  10.837,9999.000,9999.000,9999.000,9999.000,9999.000,9999.000,9999.000
202602101236,  10.906,  11.027,9999.000,9999.000,9999.000,9999.000,9999.000,9999.000,9999.000
202602101242,  11.059,  11.197,9999.000,9999.000,9999.000,9999.000,9999.000,9999.000,9999.000
202602101248,  11.210,  11.325,9999.000,9999.000,9999.000,9999.000,9999.000,9999.000,9999.000
202602101254,  11.357,  11.447,9999.000,9999.000,9999.000,9999.000,9999.000,9999.000,9999.000
202602101300,  11.500,  11.545,  -0.300,   0.345,  11.545,  -0.400,  11.445,  -0.200,  11.645
202602101306,  11.639,  11.686,9999.000,9999.000,9999.000,9999.000,9999.000,9999.000,9999.000
202602101312,  11.773,  11.798,9999.000,9999.000,9999.000,9999.000,9999.000,9999.000,9999.000
202602101318,  11.903,  11.945,9999.000,9999.000,9999.000,9999.000,9999.000,9999.000,9999.000
202602101324,  12.027,  12.037,9999.000,9999.000,9999.000,9999.000,9999.000,9999.000,9999.000
202602101330,  12.146,  12.135,9999.000,9999.000,9999.000,9999.000,9999.000,9999.000,9999.000
202602101336,  12.259,  12.217,9999.000,9999.000,9999.000,9999.000,9999.000,9999.000,9999.000
202602101342,  12.365,  12.336,9999.000,9999.000,9999.000,9999.000,9999.000,9999.000,9999.000
202602101348,  12.466,  12.447,9999.000,9999.000,9999.000,9999.000,9999.000,9999.000,9999.000
202602101354,  12.559,  12.555,9999.000,9999.000,9999.000,9999.000,9999.000,9999.000,9999.000
202602101400,  12.646,  12.637,  -0.300,   0.291,  12.637,  -0.500,  12.437,  -0.100,  12.837
202602101406,  12.726,  12.726,9999.000,9999.000,9999.000,9999.000,9999.000,9999.000,9999.000
202602101412,  12.798,  12.795,9999.000,9999.000,9999.000,9999.000,9999.000,9999.000,9999.000
202602101418,  12.863,  12.847,9999.000,9999.000,9999.000,9999.000,9999.000,9999.000,9999.000
202602101424,  12.920,  12.906,9999.000,9999.000,9999.000,9999.000,9999.000,9999.000,9999.000
202602101430,  12.969,  12.975,9999.000,9999.000,9999.000,9999.000,9999.000,9999.000,9999.000
202602101436,  13.010,  13.015,9999.000,9999.000,9999.000,9999.000,9999.000,9999.000,9999.000
202602101442,  13.043,  13.037,9999.000,9999.000,9999.000,9999.000,9999.000,9999.000,9999.000
202602101448,  13.068,  13.067,9999.000,9999.000,9999.000,9999.000,9999.000,9999.000,9999.000
202602101454,  13.085,  13.116,9999.000,9999.000,9999.000,9999.000,9999.000,9999.000,9999.000
202602101500,  13.093,  13.136,  -0.300,   0.343,  13.136,  -0.500,  12.936,  -0.100,  13.336
202602101506,  13.093,  13.165,9999.000,9999.000,9999.000,9999.000,9999.000,9999.000,9999.000
202602101512,  13.084,  13.136,9999.000,9999.000,9999.000,9999.000,9999.000,9999.000,9999.000
202602101518,  13.067,  13.136,9999.000,9999.000,9999.000,9999.000,9999.000,9999.000,9999.000
202602101524,  13.042,  13.116,9999.000,9999.000,9999.000,9999.000,9999.000,9999.000,9999.000
202602101530,  13.008,  13.116,9999.000,9999.000,9999.000,9999.000,9999.000,9999.000,9999.000
202602101536,  12.966,  13.097,9999.000,9999.000,9999.000,9999.000,9999.000,9999.000,9999.000
202602101542,  12.915,  13.057,9999.000,9999.000,9999.000,9999.000,9999.000,9999.000,9999.000
202602101548,  12.856,  12.995,9999.000,9999.000,9999.000,9999.000,9999.000,9999.000,9999.000
202602101554,  12.789,  12.926,9999.000,9999.000,9999.000,9999.000,9999.000,9999.000,9999.000
202602101600,  12.715,  12.877,  -0.300,   0.462,  12.877,  -0.500,  12.677,  -0.200,  12.977
202602101606,  12.632,  12.805,9999.000,9999.000,9999.000,9999.000,9999.000,9999.000,9999.000
202602101612,  12.542,  12.755,9999.000,9999.000,9999.000,9999.000,9999.000,9999.000,9999.000
202602101618,  12.444,  12.667,9999.000,9999.000,9999.000,9999.000,9999.000,9999.000,9999.000
202602101624,  12.339,  12.565,9999.000,9999.000,9999.000,9999.000,9999.000,9999.000,9999.000
202602101630,  12.226,  12.427,9999.000,9999.000,9999.000,9999.000,9999.000,9999.000,9999.000
202602101636,  12.107,  12.316,9999.000,9999.000,9999.000,9999.000,9999.000,9999.000,9999.000
202602101642,  11.981,  12.188,9999.000,9999.000,9999.000,9999.000,9999.000,9999.000,9999.000
202602101648,  11.849,  12.106,9999.000,9999.000,9999.000,9999.000,9999.000,9999.000,9999.000
202602101654,  11.711,  11.965,9999.000,9999.000,9999.000,9999.000,9999.000,9999.000,9999.000
202602101700,  11.566,  11.817,  -0.300,   0.551,  11.817,  -0.400,  11.717,  -0.300,  11.817
202602101706,  11.417,  11.637,9999.000,9999.000,9999.000,9999.000,9999.000,9999.000,9999.000
202602101712,  11.261,  11.506,9999.000,9999.000,9999.000,9999.000,9999.000,9999.000,9999.000
202602101718,  11.101,  11.388,9999.000,9999.000,9999.000,9999.000,9999.000,9999.000,9999.000
202602101724,  10.936,  11.286,9999.000,9999.000,9999.000,9999.000,9999.000,9999.000,9999.000
202602101730,  10.767,  11.115,9999.000,9999.000,9999.000,9999.000,9999.000,9999.000,9999.000
202602101736,  10.594,  10.938,9999.000,9999.000,9999.000,9999.000,9999.000,9999.000,9999.000
202602101742,  10.417,  10.715,9999.000,9999.000,9999.000,9999.000,9999.000,9999.000,9999.000
202602101748,  10.236,  10.577,9999.000,9999.000,9999.000,9999.000,9999.000,9999.000,9999.000
202602101754,  10.053,  10.358,9999.000,9999.000,9999.000,9999.000,9999.000,9999.000,9999.000
202602101800,   9.867,  10.207,  -0.400,   0.740,  10.207,  -0.500,  10.107,  -0.300,  10.307
202602101806,   9.678,   9.987,9999.000,9999.000,9999.000,9999.000,9999.000,9999.000,9999.000
202602101812,   9.488,   9.866,9999.000,9999.000,9999.000,9999.000,9999.000,9999.000,9999.000
202602101818,   9.296,   9.636,9999.000,9999.000,9999.000,9999.000,9999.000,9999.000,9999.000
202602101824,   9.103,   9.466,9999.000,9999.000,9999.000,9999.000,9999.000,9999.000,9999.000
202602101830,   8.909,   9.236,9999.000,9999.000,9999.000,9999.000,9999.000,9999.000,9999.000
202602101836,   8.714,   9.079,9999.000,9999.000,9999.000,9999.000,9999.000,9999.000,9999.000
202602101842,   8.520,   8.878,9999.000,9999.000,9999.000,9999.000,9999.000,9999.000,9999.000
202602101848,   8.326,   8.688,9999.000,9999.000,9999.000,9999.000,9999.000,9999.000,9999.000
202602101854,   8.132,   8.488,9999.000,9999.000,9999.000,9999.000,9999.000,9999.000,9999.000
202602101900,   7.939,   8.278,  -0.400,   0.739,   8.278,  -0.600,   8.078,  -0.300,   8.378
202602101906,   7.748,   8.088,9999.000,9999.000,9999.000,9999.000,9999.000,9999.000,9999.000
202602101912,   7.558,   7.878,9999.000,9999.000,9999.000,9999.000,9999.000,9999.000,9999.000
202602101918,   7.371,   7.678,9999.000,9999.000,9999.000,9999.000,9999.000,9999.000,9999.000
202602101924,   7.185,   7.478,9999.000,9999.000,9999.000,9999.000,9999.000,9999.000,9999.000
202602101930,   7.003,   7.297,9999.000,9999.000,9999.000,9999.000,9999.000,9999.000,9999.000
202602101936,   6.823,   7.137,9999.000,9999.000,9999.000,9999.000,9999.000,9999.000,9999.000
202602101942,   6.647,   6.927,9999.000,9999.000,9999.000,9999.000,9999.000,9999.000,9999.000
202602101948,   6.474,   6.737,9999.000,9999.000,9999.000,9999.000,9999.000,9999.000,9999.000
202602101954,   6.306,   6.556,9999.000,9999.000,9999.000,9999.000,9999.000,9999.000,9999.000
202602102000,   6.142,   6.458,  -0.500,   0.816,   6.458,  -0.700,   6.258,  -0.300,   6.658
202602102006,   5.982,   6.277,9999.000,9999.000,9999.000,9999.000,9999.000,9999.000,9999.000
202602102012,   5.827,   6.136,9999.000,9999.000,9999.000,9999.000,9999.000,9999.000,9999.000
202602102018,   5.677,   5.940,9999.000,9999.000,9999.000,9999.000,9999.000,9999.000,9999.000
202602102024,   5.532,   5.818,9999.000,9999.000,9999.000,9999.000,9999.000,9999.000,9999.000
202602102030,   5.393,   5.638,9999.000,9999.000,9999.000,9999.000,9999.000,9999.000,9999.000
202602102036,   5.260,   5.507,9999.000,9999.000,9999.000,9999.000,9999.000,9999.000,9999.000
202602102042,   5.133,   5.359,9999.000,9999.000,9999.000,9999.000,9999.000,9999.000,9999.000
202602102048,   5.012,   5.287,9999.000,9999.000,9999.000,9999.000,9999.000,9999.000,9999.000
202602102054,   4.897,   5.169,9999.000,9999.000,9999.000,9999.000,9999.000,9999.000,9999.000
202602102100,   4.789,   5.028,  -0.500,   0.739,   5.028,  -0.700,   4.828,  -0.400,   5.128
202602102106,   4.688,   4.910,9999.000,9999.000,9999.000,9999.000,9999.000,9999.000,9999.000
202602102112,   4.594,   4.808,9999.000,9999.000,9999.000,9999.000,9999.000,9999.000,9999.000
202602102118,   4.506,   4.739,9999.000,9999.000,9999.000,9999.000,9999.000,9999.000,9999.000
202602102124,   4.426,   4.667,9999.000,9999.000,9999.000,9999.000,9999.000,9999.000,9999.000
202602102130,   4.353,   4.598,9999.000,9999.000,9999.000,9999.000,9999.000,9999.000,9999.000
202602102136,   4.287,   4.529,9999.000,9999.000,9999.000,9999.000,9999.000,9999.000,9999.000
202602102142,   4.228,   4.457,9999.000,9999.000,9999.000,9999.000,9999.000,9999.000,9999.000
202602102148,   4.177,   4.408,9999.000,9999.000,9999.000,9999.000,9999.000,9999.000,9999.000
202602102154,   4.134,   4.359,9999.000,9999.000,9999.000,9999.000,9999.000,9999.000,9999.000
202602102200,   4.097,   4.309,  -0.400,   0.612,   4.309,  -0.500,   4.209,  -0.300,   4.409
202602102206,   4.069,   4.300,9999.000,9999.000,9999.000,9999.000,9999.000,9999.000,9999.000
202602102212,   4.048,   4.247,9999.000,9999.000,9999.000,9999.000,9999.000,9999.000,9999.000
202602102218,   4.034,   4.267,9999.000,9999.000,9999.000,9999.000,9999.000,9999.000,9999.000
202602102224,   4.027,   4.237,9999.000,9999.000,9999.000,9999.000,9999.000,9999.000,9999.000
202602102230,   4.028,   4.257,9999.000,9999.000,9999.000,9999.000,9999.000,9999.000,9999.000
202602102236,   4.037,   4.237,9999.000,9999.000,9999.000,9999.000,9999.000,9999.000,9999.000
202602102242,   4.052,   4.257,9999.000,9999.000,9999.000,9999.000,9999.000,9999.000,9999.000
202602102248,   4.075,   4.290,9999.000,9999.000,9999.000,9999.000,9999.000,9999.000,9999.000
202602102254,   4.104,   4.300,9999.000,9999.000,9999.000,9999.000,9999.000,9999.000,9999.000
202602102300,   4.140,   4.319,  -0.200,   0.379,   4.319,  -0.300,   4.219,  -0.100,   4.419
202602102306,   4.183,   4.309,9999.000,9999.000,9999.000,9999.000,9999.000,9999.000,9999.000
202602102312,   4.233,   4.408,9999.000,9999.000,9999.000,9999.000,9999.000,9999.000,9999.000
202602102318,   4.289,   4.480,9999.000,9999.000,9999.000,9999.000,9999.000,9999.000,9999.000
202602102324,   4.351,   4.578,9999.000,9999.000,9999.000,9999.000,9999.000,9999.000,9999.000
202602102330,   4.419,   4.598,9999.000,9999.000,9999.000,9999.000,9999.000,9999.000,9999.000
202602102336,   4.493,   4.657,9999.000,9999.000,9999.000,9999.000,9999.000,9999.000,9999.000
202602102342,   4.573,   4.729,9999.000,9999.000,9999.000,9999.000,9999.000,9999.000,9999.000
202602102348,   4.658,   4.837,9999.000,9999.000,9999.000,9999.000,9999.000,9999.000,9999.000
202602102354,   4.748,   5.500,9999.000,9999.000,9999.000,9999.000,9999.000,9999.000,9999.000
202602110000,   4.843,   5.028,  -0.300,   0.485,   5.028,  -0.300,   5.028,  -0.200,   5.128
202602110006,   4.942,   5.149,9999.000,9999.000,9999.000,9999.000,9999.000,9999.000,9999.000
202602110012,   5.046,   5.247,9999.000,9999.000,9999.000,9999.000,9999.000,9999.000,9999.000
202602110018,   5.154,   5.349,9999.000,9999.000,9999.000,9999.000,9999.000,9999.000,9999.000
202602110024,   5.266,   5.418,9999.000,9999.000,9999.000,9999.000,9999.000,9999.000,9999.000
202602110030,   5.381,   5.497,9999.000,9999.000,9999.000,9999.000,9999.000,9999.000,9999.000
202602110036,   5.499,   5.657,9999.000,9999.000,9999.000,9999.000,9999.000,9999.000,9999.000
202602110042,   5.621,   5.808,9999.000,9999.000,9999.000,9999.000,9999.000,9999.000,9999.000
202602110048,   5.745,   5.940,9999.000,9999.000,9999.000,9999.000,9999.000,9999.000,9999.000
202602110054,   5.871,   5.989,9999.000,9999.000,9999.000,9999.000,9999.000,9999.000,9999.000
202602110100,   5.999,   6.087,  -0.200,   0.288,   6.087,  -0.300,   5.987,  -0.200,   6.087
202602110106,   6.129,   6.248,9999.000,9999.000,9999.000,9999.000,9999.000,9999.000,9999.000
202602110112,   6.260,   6.389,9999.000,9999.000,9999.000,9999.000,9999.000,9999.000,9999.000
202602110118,   6.393,   6.537,9999.000,9999.000,9999.000,9999.000,9999.000,9999.000,9999.000
202602110124,   6.526,   6.678,9999.000,9999.000,9999.000,9999.000,9999.000,9999.000,9999.000
202602110130,   6.659,   6.838,9999.000,9999.000,9999.000,9999.000,9999.000,9999.000,9999.000
202602110136,   6.793,   6.937,9999.000,9999.000,9999.000,9999.000,9999.000,9999.000,9999.000
202602110142,   6.927,   7.068,9999.000,9999.000,9999.000,9999.000,9999.000,9999.000,9999.000
202602110148,   7.060,   7.189,9999.000,9999.000,9999.000,9999.000,9999.000,9999.000,9999.000
202602110154,   7.192,   7.327,9999.000,9999.000,9999.000,9999.000,9999.000,9999.000,9999.000
202602110200,   7.323,   7.458,  -0.200,   0.335,   7.458,  -0.200,   7.458,  -0.100,   7.558
202602110206,   7.452,   7.596,9999.000,9999.000,9999.000,9999.000,9999.000,9999.000,9999.000
202602110212,   7.580,   7.727,9999.000,9999.000,9999.000,9999.000,9999.000,9999.000,9999.000
202602110218,   7.707,   7.849,9999.000,9999.000,9999.000,9999.000,9999.000,9999.000,9999.000
202602110224,   7.830,   7.967,9999.000,9999.000,9999.000,9999.000,9999.000,9999.000,9999.000
202602110230,   7.952,   8.088,9999.000,9999.000,9999.000,9999.000,9999.000,9999.000,9999.000
202602110236,   8.070,   8.229,9999.000,9999.000,9999.000,9999.000,9999.000,9999.000,9999.000
202602110242,   8.186,   8.337,9999.000,9999.000,9999.000,9999.000,9999.000,9999.000,9999.000
202602110248,   8.298,   8.449,9999.000,9999.000,9999.000,9999.000,9999.000,9999.000,9999.000
202602110254,   8.407,   8.557,9999.000,9999.000,9999.000,9999.000,9999.000,9999.000,9999.000
202602110300,   8.512,   8.649,  -0.200,   0.337,   8.649,  -0.200,   8.649,  -0.100,   8.749
202602110306,   8.613,   8.718,9999.000,9999.000,9999.000,9999.000,9999.000,9999.000,9999.000
202602110312,   8.710,   8.796,9999.000,9999.000,9999.000,9999.000,9999.000,9999.000,9999.000
202602110318,   8.803,   8.937,9999.000,9999.000,9999.000,9999.000,9999.000,9999.000,9999.000
202602110324,   8.891,   9.046,9999.000,9999.000,9999.000,9999.000,9999.000,9999.000,9999.000
202602110330,   8.975,   9.098,9999.000,9999.000,9999.000,9999.000,9999.000,9999.000,9999.000
202602110336,   9.054,   9.098,9999.000,9999.000,9999.000,9999.000,9999.000,9999.000,9999.000
202602110342,   9.128,   9.118,9999.000,9999.000,9999.000,9999.000,9999.000,9999.000,9999.000
202602110348,   9.197,   9.236,9999.000,9999.000,9999.000,9999.000,9999.000,9999.000,9999.000
202602110354,   9.261,   9.338,9999.000,9999.000,9999.000,9999.000,9999.000,9999.000,9999.000
202602110400,   9.320,   9.416,  -0.200,   0.296,   9.416,  -0.200,   9.416,  -0.100,   9.516
202602110406,   9.373,   9.456,9999.000,9999.000,9999.000,9999.000,9999.000,9999.000,9999.000
202602110412,   9.421,   9.518,9999.000,9999.000,9999.000,9999.000,9999.000,9999.000,9999.000
202602110418,   9.464,   9.557,9999.000,9999.000,9999.000,9999.000,9999.000,9999.000,9999.000
202602110424,   9.501,   9.597,9999.000,9999.000,9999.000,9999.000,9999.000,9999.000,9999.000
202602110430,   9.533,   9.616,9999.000,9999.000,9999.000,9999.000,9999.000,9999.000,9999.000
202602110436,   9.559,   9.646,9999.000,9999.000,9999.000,9999.000,9999.000,9999.000,9999.000
202602110442,   9.580,   9.636,9999.000,9999.000,9999.000,9999.000,9999.000,9999.000,9999.000
202602110448,   9.595,   9.607,9999.000,9999.000,9999.000,9999.000,9999.000,9999.000,9999.000
202602110454,   9.605,   9.577,9999.000,9999.000,9999.000,9999.000,9999.000,9999.000,9999.000
202602110500,   9.610,   9.616,  -0.200,   0.206,   9.616,  -0.300,   9.516,  -0.100,   9.716
202602110506,   9.610,   9.666,9999.000,9999.000,9999.000,9999.000,9999.000,9999.000,9999.000
202602110512,   9.604,   9.689,9999.000,9999.000,9999.000,9999.000,9999.000,9999.000,9999.000
202602110518,   9.593,   9.626,9999.000,9999.000,9999.000,9999.000,9999.000,9999.000,9999.000
202602110524,   9.578,   9.626,9999.000,9999.000,9999.000,9999.000,9999.000,9999.000,9999.000
202602110530,   9.557,   9.636,9999.000,9999.000,9999.000,9999.000,9999.000,9999.000,9999.000
202602110536,   9.532,   9.689,9999.000,9999.000,9999.000,9999.000,9999.000,9999.000,9999.000
202602110542,   9.503,   9.626,9999.000,9999.000,9999.000,9999.000,9999.000,9999.000,9999.000
202602110548,   9.469,   9.636,9999.000,9999.000,9999.000,9999.000,9999.000,9999.000,9999.000
202602110554,   9.430,   9.616,9999.000,9999.000,9999.000,9999.000,9999.000,9999.000,9999.000
202602110600,   9.388,   9.597,  -0.100,   0.309,   9.597,  -0.200,   9.497,   0.000,   9.697
202602110606,   9.342,   9.489,9999.000,9999.000,9999.000,9999.000,9999.000,9999.000,9999.000
202602110612,   9.293,   9.426,9999.000,9999.000,9999.000,9999.000,9999.000,9999.000,9999.000
202602110618,   9.240,   9.338,9999.000,9999.000,9999.000,9999.000,9999.000,9999.000,9999.000
202602110624,   9.184,   9.347,9999.000,9999.000,9999.000,9999.000,9999.000,9999.000,9999.000
202602110630,   9.125,   9.265,9999.000,9999.000,9999.000,9999.000,9999.000,9999.000,9999.000
202602110636,   9.064,   9.226,9999.000,9999.000,9999.000,9999.000,9999.000,9999.000,9999.000
202602110642,   9.000,   9.177,9999.000,9999.000,9999.000,9999.000,9999.000,9999.000,9999.000
202602110648,   8.934,   9.138,9999.000,9999.000,9999.000,9999.000,9999.000,9999.000,9999.000
202602110654,   8.866,   9.098,9999.000,9999.000,9999.000,9999.000,9999.000,9999.000,9999.000
202602110700,   8.796,   9.056,   0.000,   0.260,   9.056,   0.000,   9.056,   0.000,   9.056
202602110706,   8.726,   8.967,9999.000,9999.000,9999.000,9999.000,9999.000,9999.000,9999.000
202602110712,   8.654,   8.878,9999.000,9999.000,9999.000,9999.000,9999.000,9999.000,9999.000
202602110718,   8.581,   8.767,9999.000,9999.000,9999.000,9999.000,9999.000,9999.000,9999.000
202602110724,   8.508,   8.688,9999.000,9999.000,9999.000,9999.000,9999.000,9999.000,9999.000
202602110730,   8.435,   8.567,9999.000,9999.000,9999.000,9999.000,9999.000,9999.000,9999.000
202602110736,   8.362,   8.557,9999.000,9999.000,9999.000,9999.000,9999.000,9999.000,9999.000
202602110742,   8.289,   8.498,9999.000,9999.000,9999.000,9999.000,9999.000,9999.000,9999.000
202602110748,   8.217,   8.498,9999.000,9999.000,9999.000,9999.000,9999.000,9999.000,9999.000
202602110754,   8.146,   8.396,9999.000,9999.000,9999.000,9999.000,9999.000,9999.000,9999.000
202602110800,   8.076,   8.318,   0.000,   0.242,   8.318,   0.000,   8.318,   0.100,   8.418
202602110806,   8.008,   8.259,9999.000,9999.000,9999.000,9999.000,9999.000,9999.000,9999.000
202602110812,   7.942,   8.206,9999.000,9999.000,9999.000,9999.000,9999.000,9999.000,9999.000
202602110818,   7.877,   8.196,9999.000,9999.000,9999.000,9999.000,9999.000,9999.000,9999.000
202602110824,   7.815,   8.117,9999.000,9999.000,9999.000,9999.000,9999.000,9999.000,9999.000
202602110830,   7.756,   8.088,9999.000,9999.000,9999.000,9999.000,9999.000,9999.000,9999.000
202602110836,   7.700,   8.006,9999.000,9999.000,9999.000,9999.000,9999.000,9999.000,9999.000
202602110842,   7.646,   7.957,9999.000,9999.000,9999.000,9999.000,9999.000,9999.000,9999.000
202602110848,   7.596,   7.878,9999.000,9999.000,9999.000,9999.000,9999.000,9999.000,9999.000
202602110854,   7.550,   7.806,9999.000,9999.000,9999.000,9999.000,9999.000,9999.000,9999.000
202602110900,   7.508,   7.806,   0.100,   0.198,   7.806,   0.000,   7.706,   0.200,   7.906
202602110906,   7.469,   7.829,9999.000,9999.000,9999.000,9999.000,9999.000,9999.000,9999.000
202602110912,   7.435,   7.819,9999.000,9999.000,9999.000,9999.000,9999.000,9999.000,9999.000
202602110918,   7.405,   7.727,9999.000,9999.000,9999.000,9999.000,9999.000,9999.000,9999.000
202602110924,   7.380,   7.658,9999.000,9999.000,9999.000,9999.000,9999.000,9999.000,9999.000
202602110930,   7.359,   7.658,9999.000,9999.000,9999.000,9999.000,9999.000,9999.000,9999.000
202602110936,   7.344,   7.668,9999.000,9999.000,9999.000,9999.000,9999.000,9999.000,9999.000
202602110942,   7.333,   7.648,9999.000,9999.000,9999.000,9999.000,9999.000,9999.000,9999.000
202602110948,   7.328,   7.566,9999.000,9999.000,9999.000,9999.000,9999.000,9999.000,9999.000
202602110954,   7.327,   7.586,9999.000,9999.000,9999.000,9999.000,9999.000,9999.000,9999.000
202602111000,   7.333,   7.619,   0.000,   0.286,   7.619,  -0.100,   7.519,   0.200,   7.819
202602111006,   7.343,   7.648,9999.000,9999.000,9999.000,9999.000,9999.000,9999.000,9999.000
202602111012,   7.359,   7.707,9999.000,9999.000,9999.000,9999.000,9999.000,9999.000,9999.000
202602111018,   7.381,   7.757,9999.000,9999.000,9999.000,9999.000,9999.000,9999.000,9999.000
202602111024,   7.408,   7.806,9999.000,9999.000,9999.000,9999.000,9999.000,9999.000,9999.000
202602111030,   7.441,   7.796,9999.000,9999.000,9999.000,9999.000,9999.000,9999.000,9999.000
202602111036,   7.479,   7.776,9999.000,9999.000,9999.000,9999.000,9999.000,9999.000,9999.000
202602111042,   7.523,   7.786,9999.000,9999.000,9999.000,9999.000,9999.000,9999.000,9999.000
202602111048,   7.572,   7.839,9999.000,9999.000,9999.000,9999.000,9999.000,9999.000,9999.000
202602111054,   7.627,   7.917,9999.000,9999.000,9999.000,9999.000,9999.000,9999.000,9999.000
202602111100,   7.687,   8.006,   0.000,   0.319,   8.006,  -0.200,   7.806,   0.200,   8.206
202602111106,   7.752,   8.078,9999.000,9999.000,9999.000,9999.000,9999.000,9999.000,9999.000
202602111112,   7.823,   8.147,9999.000,9999.000,9999.000,9999.000,9999.000,9999.000,9999.000
202602111118,   7.899,   8.249,9999.000,9999.000,9999.000,9999.000,9999.000,9999.000,9999.000
202602111124,   7.979,   8.278,9999.000,9999.000,9999.000,9999.000,9999.000,9999.000,9999.000
202602111130,   8.065,   8.377,9999.000,9999.000,9999.000,9999.000,9999.000,9999.000,9999.000
202602111136,   8.154,   8.439,9999.000,9999.000,9999.000,9999.000,9999.000,9999.000,9999.000
202602111142,   8.249,   8.596,9999.000,9999.000,9999.000,9999.000,9999.000,9999.000,9999.000
202602111148,   8.348,   8.728,9999.000,9999.000,9999.000,9999.000,9999.000,9999.000,9999.000
202602111154,   8.450,   8.846,9999.000,9999.000,9999.000,9999.000,9999.000,9999.000,9999.000
202602111200,   8.557,   8.888,   0.200,   0.131,   8.888,   0.100,   8.788,   0.400,   9.088
202602111206,   8.667,   8.977,9999.000,9999.000,9999.000,9999.000,9999.000,9999.000,9999.000
202602111212,   8.780,   9.046,9999.000,9999.000,9999.000,9999.000,9999.000,9999.000,9999.000
202602111218,   8.897,   9.187,9999.000,9999.000,9999.000,9999.000,9999.000,9999.000,9999.000
202602111224,   9.016,   9.328,9999.000,9999.000,9999.000,9999.000,9999.000,9999.000,9999.000
202602111230,   9.138,   9.466,9999.000,9999.000,9999.000,9999.000,9999.000,9999.000,9999.000
202602111236,   9.262,   9.607,9999.000,9999.000,9999.000,9999.000,9999.000,9999.000,9999.000
202602111242,   9.388,   9.689,9999.000,9999.000,9999.000,9999.000,9999.000,9999.000,9999.000
202602111248,   9.516,   9.826,9999.000,9999.000,9999.000,9999.000,9999.000,9999.000,9999.000
202602111254,   9.645,   9.938,9999.000,9999.000,9999.000,9999.000,9999.000,9999.000,9999.000
202602111300,   9.776,  10.085,   0.200,   0.109,  10.085,   0.100,   9.985,   0.300,  10.185
202602111306,   9.907,  10.167,9999.000,9999.000,9999.000,9999.000,9999.000,9999.000,9999.000
202602111312,  10.038,  10.256,9999.000,9999.000,9999.000,9999.000,9999.000,9999.000,9999.000
202602111318,  10.170,  10.368,9999.000,9999.000,9999.000,9999.000,9999.000,9999.000,9999.000
202602111324,  10.301,  10.528,9999.000,9999.000,9999.000,9999.000,9999.000,9999.000,9999.000
202602111330,  10.432,  10.646,9999.000,9999.000,9999.000,9999.000,9999.000,9999.000,9999.000
202602111336,  10.562,  10.768,9999.000,9999.000,9999.000,9999.000,9999.000,9999.000,9999.000
202602111342,  10.691,  10.915,9999.000,9999.000,9999.000,9999.000,9999.000,9999.000,9999.000
202602111348,  10.818,  11.047,9999.000,9999.000,9999.000,9999.000,9999.000,9999.000,9999.000
202602111354,  10.944,  11.188,9999.000,9999.000,9999.000,9999.000,9999.000,9999.000,9999.000
202602111400,  11.067,  11.247,   0.200,  -0.020,  11.247,   0.100,  11.147,   0.200,  11.247
202602111406,  11.188,  11.358,9999.000,9999.000,9999.000,9999.000,9999.000,9999.000,9999.000
202602111412,  11.306,  11.466,9999.000,9999.000,9999.000,9999.000,9999.000,9999.000,9999.000
202602111418,  11.421,  11.637,9999.000,9999.000,9999.000,9999.000,9999.000,9999.000,9999.000
202602111424,  11.533,  11.798,9999.000,9999.000,9999.000,9999.000,9999.000,9999.000,9999.000
202602111430,  11.641,  11.935,9999.000,9999.000,9999.000,9999.000,9999.000,9999.000,9999.000
202602111436,  11.745,  12.008,9999.000,9999.000,9999.000,9999.000,9999.000,9999.000,9999.000
202602111442,  11.845,  12.067,9999.000,9999.000,9999.000,9999.000,9999.000,9999.000,9999.000
202602111448,  11.940,  12.175,9999.000,9999.000,9999.000,9999.000,9999.000,9999.000,9999.000
202602111454,  12.030,  12.316,9999.000,9999.000,9999.000,9999.000,9999.000,9999.000,9999.000
202602111500,  12.116,  12.418,   0.100,   0.202,  12.418,   0.000,  12.318,   0.300,  12.618
202602111506,  12.196,  12.486,9999.000,9999.000,9999.000,9999.000,9999.000,9999.000,9999.000
202602111512,  12.271,  12.575,9999.000,9999.000,9999.000,9999.000,9999.000,9999.000,9999.000
202602111518,  12.340,  12.657,9999.000,9999.000,9999.000,9999.000,9999.000,9999.000,9999.000
202602111524,  12.403,  12.706,9999.000,9999.000,9999.000,9999.000,9999.000,9999.000,9999.000
202602111530,  12.460,  12.746,9999.000,9999.000,9999.000,9999.000,9999.000,9999.000,9999.000
202602111536,  12.511,  12.805,9999.000,9999.000,9999.000,9999.000,9999.000,9999.000,9999.000
202602111542,  12.556,  12.946,9999.000,9999.000,9999.000,9999.000,9999.000,9999.000,9999.000
202602111548,  12.593,  13.015,9999.000,9999.000,9999.000,9999.000,9999.000,9999.000,9999.000
202602111554,  12.624,  13.028,9999.000,9999.000,9999.000,9999.000,9999.000,9999.000,9999.000
202602111600,  12.649,  13.005,   0.200,   0.156,  13.005,   0.000,  12.805,   0.300,  13.105
202602111606,  12.666,  13.057,9999.000,9999.000,9999.000,9999.000,9999.000,9999.000,9999.000
202602111612,  12.676,  13.116,9999.000,9999.000,9999.000,9999.000,9999.000,9999.000,9999.000
202602111618,  12.679,  13.136,9999.000,9999.000,9999.000,9999.000,9999.000,9999.000,9999.000
202602111624,  12.675,  13.116,9999.000,9999.000,9999.000,9999.000,9999.000,9999.000,9999.000
202602111630,  12.664,  13.097,9999.000,9999.000,9999.000,9999.000,9999.000,9999.000,9999.000
202602111636,  12.645,  13.097,9999.000,9999.000,9999.000,9999.000,9999.000,9999.000,9999.000
202602111642,  12.619,  13.106,9999.000,9999.000,9999.000,9999.000,9999.000,9999.000,9999.000
202602111648,  12.586,  13.087,9999.000,9999.000,9999.000,9999.000,9999.000,9999.000,9999.000
202602111654,  12.545,  13.047,9999.000,9999.000,9999.000,9999.000,9999.000,9999.000,9999.000
202602111700,  12.498,  13.005,   0.200,   0.307,  13.005,   0.100,  12.905,   0.300,  13.105
202602111706,  12.443,  12.985,9999.000,9999.000,9999.000,9999.000,9999.000,9999.000,9999.000
202602111712,  12.380,  12.946,9999.000,9999.000,9999.000,9999.000,9999.000,9999.000,9999.000
202602111718,  12.311,  12.887,9999.000,9999.000,9999.000,9999.000,9999.000,9999.000,9999.000
202602111724,  12.235,  12.818,9999.000,9999.000,9999.000,9999.000,9999.000,9999.000,9999.000
202602111730,  12.151,  12.795,9999.000,9999.000,9999.000,9999.000,9999.000,9999.000,9999.000
202602111736,  12.061,  12.726,9999.000,9999.000,9999.000,9999.000,9999.000,9999.000,9999.000
202602111742,  11.965,  12.637,9999.000,9999.000,9999.000,9999.000,9999.000,9999.000,9999.000
202602111748,  11.861,  12.477,9999.000,9999.000,9999.000,9999.000,9999.000,9999.000,9999.000
202602111754,  11.752,  12.398,9999.000,9999.000,9999.000,9999.000,9999.000,9999.000,9999.000
202602111800,  11.636,  12.316,   0.100,   0.580,  12.316,   0.000,  12.216,   0.200,  12.416
202602111806,  11.514,  12.237,9999.000,9999.000,9999.000,9999.000,9999.000,9999.000,9999.000
202602111812,  11.386,  12.116,9999.000,9999.000,9999.000,9999.000,9999.000,9999.000,9999.000
202602111818,  11.252,  11.978,9999.000,9999.000,9999.000,9999.000,9999.000,9999.000,9999.000
202602111824,  11.113,  11.867,9999.000,9999.000,9999.000,9999.000,9999.000,9999.000,9999.000
202602111830,  10.969,  11.755,9999.000,9999.000,9999.000,9999.000,9999.000,9999.000,9999.000
202602111836,  10.820,  11.617,9999.000,9999.000,9999.000,9999.000,9999.000,9999.000,9999.000
202602111842,  10.666,  11.466,9999.000,9999.000,9999.000,9999.000,9999.000,9999.000,9999.000
202602111848,  10.508,  11.296,9999.000,9999.000,9999.000,9999.000,9999.000,9999.000,9999.000
202602111854,  10.345,  11.168,9999.000,9999.000,9999.000,9999.000,9999.000,9999.000,9999.000
202602111900,  10.179,  10.978,   0.000,   0.799,  10.978,   0.000,  10.978,   0.100,  11.078
202602111906,  10.009,  10.837,9999.000,9999.000,9999.000,9999.000,9999.000,9999.000,9999.000
202602111912,   9.835,  10.617,9999.000,9999.000,9999.000,9999.000,9999.000,9999.000,9999.000
202602111918,   9.659,  10.476,9999.000,9999.000,9999.000,9999.000,9999.000,9999.000,9999.000
202602111924,   9.479,  10.276,9999.000,9999.000,9999.000,9999.000,9999.000,9999.000,9999.000
202602111930,   9.297,  10.076,9999.000,9999.000,9999.000,9999.000,9999.000,9999.000,9999.000
202602111936,   9.113,   9.876,9999.000,9999.000,9999.000,9999.000,9999.000,9999.000,9999.000
202602111942,   8.928,   9.689,9999.000,9999.000,9999.000,9999.000,9999.000,9999.000,9999.000
202602111948,   8.740,   9.557,9999.000,9999.000,9999.000,9999.000,9999.000,9999.000,9999.000
202602111954,   8.552,   9.367,9999.000,9999.000,9999.000,9999.000,9999.000,9999.000,9999.000
202602112000,   8.363,   9.177,   0.000,   0.814,   9.177,  -0.100,   9.077,   0.100,   9.277
202602112006,   8.173,   8.947,9999.000,9999.000,9999.000,9999.000,9999.000,9999.000,9999.000
202602112012,   7.983,   8.747,9999.000,9999.000,9999.000,9999.000,9999.000,9999.000,9999.000
202602112018,   7.793,   8.537,9999.000,9999.000,9999.000,9999.000,9999.000,9999.000,9999.000
202602112024,   7.604,   8.347,9999.000,9999.000,9999.000,9999.000,9999.000,9999.000,9999.000
202602112030,   7.416,   8.137,9999.000,9999.000,9999.000,9999.000,9999.000,9999.000,9999.000
202602112036,   7.228,   7.937,9999.000,9999.000,9999.000,9999.000,9999.000,9999.000,9999.000
202602112042,   7.043,   7.727,9999.000,9999.000,9999.000,9999.000,9999.000,9999.000,9999.000
202602112048,   6.859,   7.517,9999.000,9999.000,9999.000,9999.000,9999.000,9999.000,9999.000
202602112054,   6.677,   7.327,9999.000,9999.000,9999.000,9999.000,9999.000,9999.000,9999.000
202602112100,   6.498,   7.166,   0.000,   0.668,   7.166,   0.000,   7.166,   0.100,   7.266
202602112106,   6.322,   7.009,9999.000,9999.000,9999.000,9999.000,9999.000,9999.000,9999.000
202602112112,   6.149,   6.838,9999.000,9999.000,9999.000,9999.000,9999.000,9999.000,9999.000
202602112118,   5.979,   6.638,9999.000,9999.000,9999.000,9999.000,9999.000,9999.000,9999.000
202602112124,   5.813,   6.477,9999.000,9999.000,9999.000,9999.000,9999.000,9999.000,9999.000
202602112130,   5.652,   6.327,9999.000,9999.000,9999.000,9999.000,9999.000,9999.000,9999.000
202602112136,   5.494,   6.199,9999.000,9999.000,9999.000,9999.000,9999.000,9999.000,9999.000
202602112142,   5.342,   6.018,9999.000,9999.000,9999.000,9999.000,9999.000,9999.000,9999.000
202602112148,   5.194,   5.848,9999.000,9999.000,9999.000,9999.000,9999.000,9999.000,9999.000
202602112154,   5.051,   5.657,9999.000,9999.000,9999.000,9999.000,9999.000,9999.000,9999.000
202602112200,   4.914,   5.539,   0.100,   0.525,   5.539,   0.000,   5.439,   0.200,   5.639
202602112206,   4.783,   5.398,9999.000,9999.000,9999.000,9999.000,9999.000,9999.000,9999.000
202602112212,   4.658,   5.287,9999.000,9999.000,9999.000,9999.000,9999.000,9999.000,9999.000
202602112218,   4.538,   5.159,9999.000,9999.000,9999.000,9999.000,9999.000,9999.000,9999.000
202602112224,   4.426,   5.067,9999.000,9999.000,9999.000,9999.000,9999.000,9999.000,9999.000
202602112230,   4.319,   4.910,9999.000,9999.000,9999.000,9999.000,9999.000,9999.000,9999.000
202602112236,   4.220,   4.808,9999.000,9999.000,9999.000,9999.000,9999.000,9999.000,9999.000
202602112242,   4.127,   4.700,9999.000,9999.000,9999.000,9999.000,9999.000,9999.000,9999.000
202602112248,   4.042,   4.647,9999.000,9999.000,9999.000,9999.000,9999.000,9999.000,9999.000
202602112254,   3.964,   4.559,9999.000,9999.000,9999.000,9999.000,9999.000,9999.000,9999.000
202602112300,   3.893,   4.480,   0.200,   0.387,   4.480,   0.000,   4.280,   0.300,   4.580
202602112306,   3.829,   4.388,9999.000,9999.000,9999.000,9999.000,9999.000,9999.000,9999.000
202602112312,   3.773,   4.329,9999.000,9999.000,9999.000,9999.000,9999.000,9999.000,9999.000
202602112318,   3.725,   4.290,9999.000,9999.000,9999.000,9999.000,9999.000,9999.000,9999.000
202602112324,   3.685,   4.247,9999.000,9999.000,9999.000,9999.000,9999.000,9999.000,9999.000
202602112330,   3.652,   4.227,9999.000,9999.000,9999.000,9999.000,9999.000,9999.000,9999.000
202602112336,   3.627,   4.208,9999.000,9999.000,9999.000,9999.000,9999.000,9999.000,9999.000
202602112342,   3.610,   4.198,9999.000,9999.000,9999.000,9999.000,9999.000,9999.000,9999.000
202602112348,   3.601,   4.178,9999.000,9999.000,9999.000,9999.000,9999.000,9999.000,9999.000
202602112354,   3.599,   4.293,9999.000,9999.000,9999.000,9999.000,9999.000,9999.000,9999.000
202602120000,   3.606,   4.188,  -0.200,   0.782,   4.188,  -0.300,   4.088,  -0.100,   4.288
202602120006,   3.620,   4.208,9999.000,9999.000,9999.000,9999.000,9999.000,9999.000,9999.000
202602120012,   3.641,   4.218,9999.000,9999.000,9999.000,9999.000,9999.000,9999.000,9999.000
202602120018,   3.671,   4.218,9999.000,9999.000,9999.000,9999.000,9999.000,9999.000,9999.000
202602120024,   3.707,   4.257,9999.000,9999.000,9999.000,9999.000,9999.000,9999.000,9999.000
202602120030,   3.751,   4.290,9999.000,9999.000,9999.000,9999.000,9999.000,9999.000,9999.000
202602120036,   3.802,   4.368,9999.000,9999.000,9999.000,9999.000,9999.000,9999.000,9999.000
202602120042,   3.861,   4.427,9999.000,9999.000,9999.000,9999.000,9999.000,9999.000,9999.000
202602120048,   3.926,   4.490,9999.000,9999.000,9999.000,9999.000,9999.000,9999.000,9999.000
202602120054,   3.998,   4.559,9999.000,9999.000,9999.000,9999.000,9999.000,9999.000,9999.000
202602120100,   4.076,   4.628,  -0.100,   0.652,   4.628,  -0.200,   4.528,   0.000,   4.728
202602120106,   4.161,   4.719,9999.000,9999.000,9999.000,9999.000,9999.000,9999.000,9999.000
202602120112,   4.252,   4.798,9999.000,9999.000,9999.000,9999.000,9999.000,9999.000,9999.000
202602120118,   4.349,   4.959,9999.000,9999.000,9999.000,9999.000,9999.000,9999.000,9999.000
202602120124,   4.451,   5.067,9999.000,9999.000,9999.000,9999.000,9999.000,9999.000,9999.000
202602120130,   4.559,   5.188,9999.000,9999.000,9999.000,9999.000,9999.000,9999.000,9999.000
202602120136,   4.672,   5.228,9999.000,9999.000,9999.000,9999.000,9999.000,9999.000,9999.000
202602120142,   4.790,   5.339,9999.000,9999.000,9999.000,9999.000,9999.000,9999.000,9999.000
202602120148,   4.912,   5.477,9999.000,9999.000,9999.000,9999.000,9999.000,9999.000,9999.000
202602120154,   5.039,   5.628,9999.000,9999.000,9999.000,9999.000,9999.000,9999.000,9999.000
202602120200,   5.170,   5.739,   0.000,   0.569,   5.739,  -0.100,   5.639,   0.000,   5.739
202602120206,   5.304,   5.848,9999.000,9999.000,9999.000,9999.000,9999.000,9999.000,9999.000
202602120212,   5.442,   5.999,9999.000,9999.000,9999.000,9999.000,9999.000,9999.000,9999.000
202602120218,   5.582,   6.159,9999.000,9999.000,9999.000,9999.000,9999.000,9999.000,9999.000
202602120224,   5.726,   6.297,9999.000,9999.000,9999.000,9999.000,9999.000,9999.000,9999.000
202602120230,   5.872,   6.409,9999.000,9999.000,9999.000,9999.000,9999.000,9999.000,9999.000
202602120236,   6.020,   6.546,9999.000,9999.000,9999.000,9999.000,9999.000,9999.000,9999.000
202602120242,   6.169,   6.697,9999.000,9999.000,9999.000,9999.000,9999.000,9999.000,9999.000
202602120248,   6.320,   6.868,9999.000,9999.000,9999.000,9999.000,9999.000,9999.000,9999.000
202602120254,   6.472,   6.999,9999.000,9999.000,9999.000,9999.000,9999.000,9999.000,9999.000
202602120300,   6.625,   7.156,   0.000,   0.531,   7.156,   0.000,   7.156,   0.100,   7.256
202602120306,   6.778,   7.297,9999.000,9999.000,9999.000,9999.000,9999.000,9999.000,9999.000
202602120312,   6.931,   7.468,9999.000,9999.000,9999.000,9999.000,9999.000,9999.000,9999.000
202602120318,   7.084,   7.609,9999.000,9999.000,9999.000,9999.000,9999.000,9999.000,9999.000
202602120324,   7.236,   7.747,9999.000,9999.000,9999.000,9999.000,9999.000,9999.000,9999.000
202602120330,   7.387,   7.878,9999.000,9999.000,9999.000,9999.000,9999.000,9999.000,9999.000
202602120336,   7.537,   8.029,9999.000,9999.000,9999.000,9999.000,9999.000,9999.000,9999.000
202602120342,   7.685,   8.206,9999.000,9999.000,9999.000,9999.000,9999.000,9999.000,9999.000
202602120348,   7.831,   8.367,9999.000,9999.000,9999.000,9999.000,9999.000,9999.000,9999.000
202602120354,   7.975,   8.498,9999.000,9999.000,9999.000,9999.000,9999.000,9999.000,9999.000
202602120400,   8.117,   8.636,   0.100,   0.419,   8.636,   0.000,   8.536,   0.300,   8.836
202602120406,   8.255,   8.757,9999.000,9999.000,9999.000,9999.000,9999.000,9999.000,9999.000
202602120412,   8.391,   8.918,9999.000,9999.000,9999.000,9999.000,9999.000,9999.000,9999.000
202602120418,   8.523,   9.056,9999.000,9999.000,9999.000,9999.000,9999.000,9999.000,9999.000
202602120424,   8.651,   9.206,9999.000,9999.000,9999.000,9999.000,9999.000,9999.000,9999.000
202602120430,   8.775,   9.318,9999.000,9999.000,9999.000,9999.000,9999.000,9999.000,9999.000
202602120436,   8.896,   9.436,9999.000,9999.000,9999.000,9999.000,9999.000,9999.000,9999.000
202602120442,   9.011,   9.548,9999.000,9999.000,9999.000,9999.000,9999.000,9999.000,9999.000
202602120448,   9.123,   9.666,9999.000,9999.000,9999.000,9999.000,9999.000,9999.000,9999.000
202602120454,   9.229,   9.807,9999.000,9999.000,9999.000,9999.000,9999.000,9999.000,9999.000
202602120500,   9.330,   9.938,   0.200,   0.408,   9.938,   0.000,   9.738,   0.400,  10.138
202602120506,   9.426,  10.066,9999.000,9999.000,9999.000,9999.000,9999.000,9999.000,9999.000
202602120512,   9.517,  10.138,9999.000,9999.000,9999.000,9999.000,9999.000,9999.000,9999.000
202602120518,   9.602,  10.177,9999.000,9999.000,9999.000,9999.000,9999.000,9999.000,9999.000
202602120524,   9.681,  10.236,9999.000,9999.000,9999.000,9999.000,9999.000,9999.000,9999.000
202602120530,   9.755,  10.387,9999.000,9999.000,9999.000,9999.000,9999.000,9999.000,9999.000
202602120536,   9.823,  10.568,9999.000,9999.000,9999.000,9999.000,9999.000,9999.000,9999.000
202602120542,   9.884,  10.686,9999.000,9999.000,9999.000,9999.000,9999.000,9999.000,9999.000
202602120548,   9.940,  10.728,9999.000,9999.000,9999.000,9999.000,9999.000,9999.000,9999.000
202602120554,   9.989,  10.715,9999.000,9999.000,9999.000,9999.000,9999.000,9999.000,9999.000
202602120600,  10.033,  10.768,   0.200,   0.535,  10.768,   0.100,  10.668,   0.300,  10.868
202602120606,  10.070,  10.837,9999.000,9999.000,9999.000,9999.000,9999.000,9999.000,9999.000
202602120612,  10.100,  10.876,9999.000,9999.000,9999.000,9999.000,9999.000,9999.000,9999.000
202602120618,  10.125,  10.925,9999.000,9999.000,9999.000,9999.000,9999.000,9999.000,9999.000
202602120624,  10.143,  10.978,9999.000,9999.000,9999.000,9999.000,9999.000,9999.000,9999.000
202602120630,  10.155,  11.027,9999.000,9999.000,9999.000,9999.000,9999.000,9999.000,9999.000
202602120636,  10.162,  11.007,9999.000,9999.000,9999.000,9999.000,9999.000,9999.000,9999.000
202602120642,  10.162,  11.027,9999.000,9999.000,9999.000,9999.000,9999.000,9999.000,9999.000
202602120648,  10.156,  11.076,9999.000,9999.000,9999.000,9999.000,9999.000,9999.000,9999.000
202602120654,  10.144,  11.125,9999.000,9999.000,9999.000,9999.000,9999.000,9999.000,9999.000
202602120700,  10.126,  11.086,   0.400,   0.560,  11.086,   0.300,  10.986,   0.500,  11.186
202602120706,  10.103,  11.056,9999.000,9999.000,9999.000,9999.000,9999.000,9999.000,9999.000
202602120712,  10.075,  11.047,9999.000,9999.000,9999.000,9999.000,9999.000,9999.000,9999.000
202602120718,  10.041,  11.076,9999.000,9999.000,9999.000,9999.000,9999.000,9999.000,9999.000
202602120724,  10.002,  11.027,9999.000,9999.000,9999.000,9999.000,9999.000,9999.000,9999.000
202602120730,   9.958,  10.997,9999.000,9999.000,9999.000,9999.000,9999.000,9999.000,9999.000
202602120736,   9.910,  10.968,9999.000,9999.000,9999.000,9999.000,9999.000,9999.000,9999.000
202602120742,   9.857,  10.938,9999.000,9999.000,9999.000,9999.000,9999.000,9999.000,9999.000
202602120748,   9.800,  10.866,9999.000,9999.000,9999.000,9999.000,9999.000,9999.000,9999.000
202602120754,   9.739,  10.787,9999.000,9999.000,9999.000,9999.000,9999.000,9999.000,9999.000
202602120800,   9.674,  10.738,   0.600,   0.464,  10.738,   0.500,  10.638,   0.700,  10.838
202602120806,   9.606,  10.768,9999.000,9999.000,9999.000,9999.000,9999.000,9999.000,9999.000
202602120812,   9.534,  10.748,9999.000,9999.000,9999.000,9999.000,9999.000,9999.000,9999.000
202602120818,   9.460,  10.686,9999.000,9999.000,9999.000,9999.000,9999.000,9999.000,9999.000
202602120824,   9.383,  10.568,9999.000,9999.000,9999.000,9999.000,9999.000,9999.000,9999.000
202602120830,   9.304,  10.515,9999.000,9999.000,9999.000,9999.000,9999.000,9999.000,9999.000
202602120836,   9.223,  10.427,9999.000,9999.000,9999.000,9999.000,9999.000,9999.000,9999.000
202602120842,   9.140,  10.387,9999.000,9999.000,9999.000,9999.000,9999.000,9999.000,9999.000
202602120848,   9.056,  10.266,9999.000,9999.000,9999.000,9999.000,9999.000,9999.000,9999.000
202602120854,   8.971,  10.246,9999.000,9999.000,9999.000,9999.000,9999.000,9999.000,9999.000
202602120900,   8.885,  10.158,   0.700,   0.573,  10.158,   0.600,  10.058,   0.900,  10.358
202602120906,   8.799,  10.095,9999.000,9999.000,9999.000,9999.000,9999.000,9999.000,9999.000
202602120912,   8.713,   9.967,9999.000,9999.000,9999.000,9999.000,9999.000,9999.000,9999.000
202602120918,   8.627,   9.866,9999.000,9999.000,9999.000,9999.000,9999.000,9999.000,9999.000
202602120924,   8.542,   9.807,9999.000,9999.000,9999.000,9999.000,9999.000,9999.000,9999.000
202602120930,   8.458,   9.777,9999.000,9999.000,9999.000,9999.000,9999.000,9999.000,9999.000
202602120936,   8.376,   9.738,9999.000,9999.000,9999.000,9999.000,9999.000,9999.000,9999.000
202602120942,   8.295,   9.616,9999.000,9999.000,9999.000,9999.000,9999.000,9999.000,9999.000
202602120948,   8.216,   9.528,9999.000,9999.000,9999.000,9999.000,9999.000,9999.000,9999.000
202602120954,   8.139,   9.456,9999.000,9999.000,9999.000,9999.000,9999.000,9999.000,9999.000
202602121000,   8.065,   9.397,   0.700,   0.632,   9.397,   0.600,   9.297,   0.800,   9.497
202602121006,   7.995,   9.279,9999.000,9999.000,9999.000,9999.000,9999.000,9999.000,9999.000
202602121012,   7.927,   9.147,9999.000,9999.000,9999.000,9999.000,9999.000,9999.000,9999.000
202602121018,   7.863,   9.079,9999.000,9999.000,9999.000,9999.000,9999.000,9999.000,9999.000
202602121024,   7.803,   9.079,9999.000,9999.000,9999.000,9999.000,9999.000,9999.000,9999.000
202602121030,   7.747,   9.056,9999.000,9999.000,9999.000,9999.000,9999.000,9999.000,9999.000
202602121036,   7.695,   9.026,9999.000,9999.000,9999.000,9999.000,9999.000,9999.000,9999.000
202602121042,   7.648,   8.967,9999.000,9999.000,9999.000,9999.000,9999.000,9999.000,9999.000
202602121048,   7.605,   8.908,9999.000,9999.000,9999.000,9999.000,9999.000,9999.000,9999.000
202602121054,   7.568,   8.846,9999.000,9999.000,9999.000,9999.000,9999.000,9999.000,9999.000
202602121100,   7.536,   8.767,   0.800,   0.431,   8.767,   0.600,   8.567,   1.000,   8.967
202602121106,   7.509,   8.737,9999.000,9999.000,9999.000,9999.000,9999.000,9999.000,9999.000
202602121112,   7.488,   8.678,9999.000,9999.000,9999.000,9999.000,9999.000,9999.000,9999.000
202602121118,   7.473,   8.669,9999.000,9999.000,9999.000,9999.000,9999.000,9999.000,9999.000
202602121124,   7.463,   8.626,9999.000,9999.000,9999.000,9999.000,9999.000,9999.000,9999.000
202602121130,   7.460,   8.649,9999.000,9999.000,9999.000,9999.000,9999.000,9999.000,9999.000
202602121136,   7.463,   8.626,9999.000,9999.000,9999.000,9999.000,9999.000,9999.000,9999.000
202602121142,   7.471,   8.606,9999.000,9999.000,9999.000,9999.000,9999.000,9999.000,9999.000
202602121148,   7.486,   8.557,9999.000,9999.000,9999.000,9999.000,9999.000,9999.000,9999.000
202602121154,   7.508,   8.587,9999.000,9999.000,9999.000,9999.000,9999.000,9999.000,9999.000
202602121200,   7.535,   8.649,   0.700,   0.414,   8.649,   0.500,   8.449,   0.800,   8.749
202602121206,   7.569,   8.698,9999.000,9999.000,9999.000,9999.000,9999.000,9999.000,9999.000
202602121212,   7.609,   8.659,9999.000,9999.000,9999.000,9999.000,9999.000,9999.000,9999.000
202602121218,   7.655,   8.649,9999.000,9999.000,9999.000,9999.000,9999.000,9999.000,9999.000
202602121224,   7.708,   8.659,9999.000,9999.000,9999.000,9999.000,9999.000,9999.000,9999.000
202602121230,   7.766,   8.787,9999.000,9999.000,9999.000,9999.000,9999.000,9999.000,9999.000
202602121236,   7.831,   8.728,9999.000,9999.000,9999.000,9999.000,9999.000,9999.000,9999.000
202602121242,   7.901,   8.806,9999.000,9999.000,9999.000,9999.000,9999.000,9999.000,9999.000
202602121248,   7.978,   8.816,9999.000,9999.000,9999.000,9999.000,9999.000,9999.000,9999.000
202602121254,   8.059,   8.967,9999.000,9999.000,9999.000,9999.000,9999.000,9999.000,9999.000
202602121300,   8.147,   9.046,   0.700,   0.199,   9.046,   0.600,   8.946,   0.800,   9.146
202602121306,   8.239,   9.177,9999.000,9999.000,9999.000,9999.000,9999.000,9999.000,9999.000
202602121312,   8.337,   9.246,9999.000,9999.000,9999.000,9999.000,9999.000,9999.000,9999.000
202602121318,   8.439,   9.377,9999.000,9999.000,9999.000,9999.000,9999.000,9999.000,9999.000
202602121324,   8.546,   9.416,9999.000,9999.000,9999.000,9999.000,9999.000,9999.000,9999.000
202602121330,   8.657,   9.548,9999.000,9999.000,9999.000,9999.000,9999.000,9999.000,9999.000
202602121336,   8.772,   9.597,9999.000,9999.000,9999.000,9999.000,9999.000,9999.000,9999.000
202602121342,   8.891,   9.646,9999.000,9999.000,9999.000,9999.000,9999.000,9999.000,9999.000
202602121348,   9.014,   9.757,9999.000,9999.000,9999.000,9999.000,9999.000,9999.000,9999.000
202602121354,   9.139,   9.928,9999.000,9999.000,9999.000,9999.000,9999.000,9999.000,9999.000
202602121400,   9.268,  10.076,   0.800,   0.008,  10.076,   0.700,   9.976,   0.900,  10.176
202602121406,   9.399,  10.187,9999.000,9999.000,9999.000,9999.000,9999.000,9999.000,9999.000
202602121412,   9.533,  10.246,9999.000,9999.000,9999.000,9999.000,9999.000,9999.000,9999.000
202602121418,   9.668,  10.407,9999.000,9999.000,9999.000,9999.000,9999.000,9999.000,9999.000
202602121424,   9.805,  10.577,9999.000,9999.000,9999.000,9999.000,9999.000,9999.000,9999.000
202602121430,   9.943,  10.748,9999.000,9999.000,9999.000,9999.000,9999.000,9999.000,9999.000
202602121436,  10.082,  10.827,9999.000,9999.000,9999.000,9999.000,9999.000,9999.000,9999.000
202602121442,  10.221,  10.925,9999.000,9999.000,9999.000,9999.000,9999.000,9999.000,9999.000
202602121448,  10.361,  11.086,9999.000,9999.000,9999.000,9999.000,9999.000,9999.000,9999.000
202602121454,  10.500,  11.286,9999.000,9999.000,9999.000,9999.000,9999.000,9999.000,9999.000
202602121500,  10.639,  11.427,   0.900,  -0.112,  11.427,   0.800,  11.327,   1.100,  11.627
202602121506,  10.776,  11.496,9999.000,9999.000,9999.000,9999.000,9999.000,9999.000,9999.000
202602121512,  10.913,  11.617,9999.000,9999.000,9999.000,9999.000,9999.000,9999.000,9999.000
202602121518,  11.047,  11.778,9999.000,9999.000,9999.000,9999.000,9999.000,9999.000,9999.000
202602121524,  11.180,  12.047,9999.000,9999.000,9999.000,9999.000,9999.000,9999.000,9999.000
202602121530,  11.310,  12.135,9999.000,9999.000,9999.000,9999.000,9999.000,9999.000,9999.000
202602121536,  11.437,  12.198,9999.000,9999.000,9999.000,9999.000,9999.000,9999.000,9999.000
202602121542,  11.561,  12.198,9999.000,9999.000,9999.000,9999.000,9999.000,9999.000,9999.000
202602121548,  11.681,  12.408,9999.000,9999.000,9999.000,9999.000,9999.000,9999.000,9999.000
202602121554,  11.798,  12.608,9999.000,9999.000,9999.000,9999.000,9999.000,9999.000,9999.000
202602121600,  11.910,  12.785,   1.100,  -0.225,  12.785,   1.000,  12.685,   1.300,  12.985
202602121606,  12.018,  12.828,9999.000,9999.000,9999.000,9999.000,9999.000,9999.000,9999.000
202602121612,  12.122,  12.955,9999.000,9999.000,9999.000,9999.000,9999.000,9999.000,9999.000
202602121618,  12.219,  13.097,9999.000,9999.000,9999.000,9999.000,9999.000,9999.000,9999.000
202602121624,  12.312,  13.287,9999.000,9999.000,9999.000,9999.000,9999.000,9999.000,9999.000
202602121630,  12.399,  13.306,9999.000,9999.000,9999.000,9999.000,9999.000,9999.000,9999.000
202602121636,  12.480,  13.415,9999.000,9999.000,9999.000,9999.000,9999.000,9999.000,9999.000
202602121642,  12.554,  13.615,9999.000,9999.000,9999.000,9999.000,9999.000,9999.000,9999.000
202602121648,  12.622,  13.795,9999.000,9999.000,9999.000,9999.000,9999.000,9999.000,9999.000
202602121654,  12.683,  13.805,9999.000,9999.000,9999.000,9999.000,9999.000,9999.000,9999.000
202602121700,  12.738,  13.716,   1.300,  -0.322,  13.716,   1.100,  13.516,   1.400,  13.816
202602121706,  12.785,  13.726,9999.000,9999.000,9999.000,9999.000,9999.000,9999.000,9999.000
202602121712,  12.825,  13.844,9999.000,9999.000,9999.000,9999.000,9999.000,9999.000,9999.000
202602121718,  12.857,  13.985,9999.000,9999.000,9999.000,9999.000,9999.000,9999.000,9999.000
202602121724,  12.881,  14.005,9999.000,9999.000,9999.000,9999.000,9999.000,9999.000,9999.000
202602121730,  12.898,  13.995,9999.000,9999.000,9999.000,9999.000,9999.000,9999.000,9999.000
202602121736,  12.907,  14.117,9999.000,9999.000,9999.000,9999.000,9999.000,9999.000,9999.000
202602121742,  12.907,  14.146,9999.000,9999.000,9999.000,9999.000,9999.000,9999.000,9999.000
202602121748,  12.899,  14.117,9999.000,9999.000,9999.000,9999.000,9999.000,9999.000,9999.000
202602121754,  12.883,  13.946,9999.000,9999.000,9999.000,9999.000,9999.000,9999.000,9999.000
202602121800,  12.859,  13.917,   0.900,   0.158,  13.917,   0.700,  13.717,   1.300,  14.317
202602121806,  12.826,  13.936,9999.000,9999.000,9999.000,9999.000,9999.000,9999.000,9999.000
202602121812,  12.785,  14.044,9999.000,9999.000,9999.000,9999.000,9999.000,9999.000,9999.000
202602121818,  12.735,  13.936,9999.000,9999.000,9999.000,9999.000,9999.000,9999.000,9999.000
202602121824,  12.677,  13.825,9999.000,9999.000,9999.000,9999.000,9999.000,9999.000,9999.000
202602121830,  12.611,  13.667,9999.000,9999.000,9999.000,9999.000,9999.000,9999.000,9999.000
202602121836,  12.536,  13.677,9999.000,9999.000,9999.000,9999.000,9999.000,9999.000,9999.000
202602121842,  12.453,  13.615,9999.000,9999.000,9999.000,9999.000,9999.000,9999.000,9999.000
202602121848,  12.361,  13.497,9999.000,9999.000,9999.000,9999.000,9999.000,9999.000,9999.000
202602121854,  12.262,  13.405,9999.000,9999.000,9999.000,9999.000,9999.000,9999.000,9999.000
202602121900,  12.154,  13.326,   0.800,   0.372,  13.326,   0.600,  13.126,   1.100,  13.626
202602121906,  12.039,  13.228,9999.000,9999.000,9999.000,9999.000,9999.000,9999.000,9999.000
202602121912,  11.916,  12.975,9999.000,9999.000,9999.000,9999.000,9999.000,9999.000,9999.000
202602121918,  11.785,  12.746,9999.000,9999.000,9999.000,9999.000,9999.000,9999.000,9999.000
202602121924,  11.647,  12.677,9999.000,9999.000,9999.000,9999.000,9999.000,9999.000,9999.000
202602121930,  11.501,  12.608,9999.000,9999.000,9999.000,9999.000,9999.000,9999.000,9999.000
202602121936,  11.349,  12.437,9999.000,9999.000,9999.000,9999.000,9999.000,9999.000,9999.000
202602121942,  11.190,  12.155,9999.000,9999.000,9999.000,9999.000,9999.000,9999.000,9999.000
202602121948,  11.025,  11.988,9999.000,9999.000,9999.000,9999.000,9999.000,9999.000,9999.000
202602121954,  10.853,  11.906,9999.000,9999.000,9999.000,9999.000,9999.000,9999.000,9999.000
202602122000,  10.675,  11.735,   0.800,   0.260,  11.735,   0.700,  11.635,   1.000,  11.935
202602122006,  10.492,  11.457,9999.000,9999.000,9999.000,9999.000,9999.000,9999.000,9999.000
202602122012,  10.304,  11.148,9999.000,9999.000,9999.000,9999.000,9999.000,9999.000,9999.000
202602122018,  10.110,  10.997,9999.000,9999.000,9999.000,9999.000,9999.000,9999.000,9999.000
202602122024,   9.912,  10.896,9999.000,9999.000,9999.000,9999.000,9999.000,9999.000,9999.000
202602122030,   9.709,  10.686,9999.000,9999.000,9999.000,9999.000,9999.000,9999.000,9999.000
202602122036,   9.503,  10.387,9999.000,9999.000,9999.000,9999.000,9999.000,9999.000,9999.000
202602122042,   9.293,  10.046,9999.000,9999.000,9999.000,9999.000,9999.000,9999.000,9999.000
202602122048,   9.079,   9.817,9999.000,9999.000,9999.000,9999.000,9999.000,9999.000,9999.000
202602122054,   8.863,   9.636,9999.000,9999.000,9999.000,9999.000,9999.000,9999.000,9999.000
202602122100,   8.645,   9.456,   0.900,  -0.089,   9.456,   0.700,   9.256,   1.100,   9.656
202602122106,   8.424,   9.206,9999.000,9999.000,9999.000,9999.000,9999.000,9999.000,9999.000
202602122112,   8.202,   9.006,9999.000,9999.000,9999.000,9999.000,9999.000,9999.000,9999.000
202602122118,   7.979,   8.698,9999.000,9999.000,9999.000,9999.000,9999.000,9999.000,9999.000
202602122124,   7.755,   8.426,9999.000,9999.000,9999.000,9999.000,9999.000,9999.000,9999.000
202602122130,   7.531,   8.127,9999.000,9999.000,9999.000,9999.000,9999.000,9999.000,9999.000
202602122136,   7.307,   8.039,9999.000,9999.000,9999.000,9999.000,9999.000,9999.000,9999.000
202602122142,   7.084,   7.849,9999.000,9999.000,9999.000,9999.000,9999.000,9999.000,9999.000
202602122148,   6.862,   7.596,9999.000,9999.000,9999.000,9999.000,9999.000,9999.000,9999.000
202602122154,   6.641,   7.219,9999.000,9999.000,9999.000,9999.000,9999.000,9999.000,9999.000
202602122200,   6.422,   6.868,   0.900,  -0.454,   6.868,   0.600,   6.568,   1.100,   7.068
202602122206,   6.206,   6.717,9999.000,9999.000,9999.000,9999.000,9999.000,9999.000,9999.000
202602122212,   5.992,   6.468,9999.000,9999.000,9999.000,9999.000,9999.000,9999.000,9999.000
202602122218,   5.781,   6.369,9999.000,9999.000,9999.000,9999.000,9999.000,9999.000,9999.000
202602122224,   5.575,   6.087,9999.000,9999.000,9999.000,9999.000,9999.000,9999.000,9999.000
202602122230,   5.372,   5.897,9999.000,9999.000,9999.000,9999.000,9999.000,9999.000,9999.000
202602122236,   5.174,   5.628,9999.000,9999.000,9999.000,9999.000,9999.000,9999.000,9999.000
202602122242,   4.980,   5.457,9999.000,9999.000,9999.000,9999.000,9999.000,9999.000,9999.000
202602122248,   4.793,   5.329,9999.000,9999.000,9999.000,9999.000,9999.000,9999.000,9999.000
202602122254,   4.610,   5.139,9999.000,9999.000,9999.000,9999.000,9999.000,9999.000,9999.000
202602122300,   4.434,   4.919,   0.700,  -0.215,   4.919,   0.500,   4.719,   1.000,   5.219
202602122306,   4.265,   4.667,9999.000,9999.000,9999.000,9999.000,9999.000,9999.000,9999.000
202602122312,   4.102,   4.447,9999.000,9999.000,9999.000,9999.000,9999.000,9999.000,9999.000
202602122318,   3.946,   4.300,9999.000,9999.000,9999.000,9999.000,9999.000,9999.000,9999.000
202602122324,   3.798,   4.188,9999.000,9999.000,9999.000,9999.000,9999.000,9999.000,9999.000
202602122330,   3.657,   4.168,9999.000,9999.000,9999.000,9999.000,9999.000,9999.000,9999.000
202602122336,   3.525,   4.017,9999.000,9999.000,9999.000,9999.000,9999.000,9999.000,9999.000
202602122342,   3.401,   3.837,9999.000,9999.000,9999.000,9999.000,9999.000,9999.000,9999.000
202602122348,   3.285,   3.539,9999.000,9999.000,9999.000,9999.000,9999.000,9999.000,9999.000
202602122354,   3.178,   3.460,9999.000,9999.000,9999.000,9999.000,9999.000,9999.000,9999.000
202602130000,   3.081,   3.427,   0.000,   0.346,   3.427,   0.000,   3.427,   0.000,   3.427
202602130006,   2.992,   3.417,9999.000,9999.000,9999.000,9999.000,9999.000,9999.000,9999.000
202602130012,   2.913,   3.279,9999.000,9999.000,9999.000,9999.000,9999.000,9999.000,9999.000
202602130018,   2.844,   3.168,9999.000,9999.000,9999.000,9999.000,9999.000,9999.000,9999.000
202602130024,   2.784,   3.079,9999.000,9999.000,9999.000,9999.000,9999.000,9999.000,9999.000
202602130030,   2.734,   3.050,9999.000,9999.000,9999.000,9999.000,9999.000,9999.000,9999.000
202602130036,   2.694,   2.968,9999.000,9999.000,9999.000,9999.000,9999.000,9999.000,9999.000
202602130042,   2.664,   2.958,9999.000,9999.000,9999.000,9999.000,9999.000,9999.000,9999.000
202602130048,   2.644,   2.988,9999.000,9999.000,9999.000,9999.000,9999.000,9999.000,9999.000
202602130054,   2.634,   3.050,9999.000,9999.000,9999.000,9999.000,9999.000,9999.000,9999.000
202602130100,   2.634,   2.978,  -0.100,   0.444,   2.978,  -0.200,   2.878,   0.000,   3.078
202602130106,   2.644,   2.899,9999.000,9999.000,9999.000,9999.000,9999.000,9999.000,9999.000
202602130112,   2.664,   2.889,9999.000,9999.000,9999.000,9999.000,9999.000,9999.000,9999.000
202602130118,   2.694,   3.017,9999.000,9999.000,9999.000,9999.000,9999.000,9999.000,9999.000
202602130124,   2.734,   3.129,9999.000,9999.000,9999.000,9999.000,9999.000,9999.000,9999.000
202602130130,   2.783,   3.129,9999.000,9999.000,9999.000,9999.000,9999.000,9999.000,9999.000
202602130136,   2.842,   3.138,9999.000,9999.000,9999.000,9999.000,9999.000,9999.000,9999.000
202602130142,   2.910,   3.178,9999.000,9999.000,9999.000,9999.000,9999.000,9999.000,9999.000
202602130148,   2.988,   3.329,9999.000,9999.000,9999.000,9999.000,9999.000,9999.000,9999.000
202602130154,   3.074,   3.440,9999.000,9999.000,9999.000,9999.000,9999.000,9999.000,9999.000
202602130200,   3.169,   3.489,  -0.200,   0.520,   3.489,  -0.300,   3.389,  -0.100,   3.589
202602130206,   3.273,   3.558,9999.000,9999.000,9999.000,9999.000,9999.000,9999.000,9999.000
202602130212,   3.385,   3.670,9999.000,9999.000,9999.000,9999.000,9999.000,9999.000,9999.000
202602130218,   3.505,   3.837,9999.000,9999.000,9999.000,9999.000,9999.000,9999.000,9999.000
202602130224,   3.632,   3.909,9999.000,9999.000,9999.000,9999.000,9999.000,9999.000,9999.000
202602130230,   3.767,   4.047,9999.000,9999.000,9999.000,9999.000,9999.000,9999.000,9999.000
202602130236,   3.909,   4.208,9999.000,9999.000,9999.000,9999.000,9999.000,9999.000,9999.000
202602130242,   4.058,   4.418,9999.000,9999.000,9999.000,9999.000,9999.000,9999.000,9999.000
202602130248,   4.213,   4.578,9999.000,9999.000,9999.000,9999.000,9999.000,9999.000,9999.000
202602130254,   4.374,   4.657,9999.000,9999.000,9999.000,9999.000,9999.000,9999.000,9999.000
202602130300,   4.541,   4.818,  -0.200,   0.477,   4.818,  -0.300,   4.718,  -0.100,   4.918
202602130306,   4.713,   5.008,9999.000,9999.000,9999.000,9999.000,9999.000,9999.000,9999.000
202602130312,   4.889,   5.267,9999.000,9999.000,9999.000,9999.000,9999.000,9999.000,9999.000
202602130318,   5.070,   5.408,9999.000,9999.000,9999.000,9999.000,9999.000,9999.000,9999.000
202602130324,   5.255,   5.507,9999.000,9999.000,9999.000,9999.000,9999.000,9999.000,9999.000
202602130330,   5.444,   5.638,9999.000,9999.000,9999.000,9999.000,9999.000,9999.000,9999.000
202602130336,   5.636,   5.858,9999.000,9999.000,9999.000,9999.000,9999.000,9999.000,9999.000
202602130342,   5.830,   6.107,9999.000,9999.000,9999.000,9999.000,9999.000,9999.000,9999.000
202602130348,   6.026,   6.297,9999.000,9999.000,9999.000,9999.000,9999.000,9999.000,9999.000
202602130354,   6.225,   6.477,9999.000,9999.000,9999.000,9999.000,9999.000,9999.000,9999.000
202602130400,   6.424,   6.697,  -0.100,   0.373,   6.697,  -0.200,   6.597,   0.000,   6.797
202602130406,   6.625,   6.907,9999.000,9999.000,9999.000,9999.000,9999.000,9999.000,9999.000
202602130412,   6.825,   7.068,9999.000,9999.000,9999.000,9999.000,9999.000,9999.000,9999.000
202602130418,   7.026,   7.209,9999.000,9999.000,9999.000,9999.000,9999.000,9999.000,9999.000
202602130424,   7.226,   7.409,9999.000,9999.000,9999.000,9999.000,9999.000,9999.000,9999.000
202602130430,   7.426,   7.688,9999.000,9999.000,9999.000,9999.000,9999.000,9999.000,9999.000
202602130436,   7.624,   7.947,9999.000,9999.000,9999.000,9999.000,9999.000,9999.000,9999.000
202602130442,   7.820,   8.117,9999.000,9999.000,9999.000,9999.000,9999.000,9999.000,9999.000
202602130448,   8.014,   8.259,9999.000,9999.000,9999.000,9999.000,9999.000,9999.000,9999.000
202602130454,   8.205,   8.426,9999.000,9999.000,9999.000,9999.000,9999.000,9999.000,9999.000
202602130500,   8.393,   8.649,   0.000,   0.256,   8.649,  -0.100,   8.549,   0.000,   8.649
202602130506,   8.577,   8.846,9999.000,9999.000,9999.000,9999.000,9999.000,9999.000,9999.000
202602130512,   8.758,   9.016,9999.000,9999.000,9999.000,9999.000,9999.000,9999.000,9999.000
202602130518,   8.934,   9.187,9999.000,9999.000,9999.000,9999.000,9999.000,9999.000,9999.000
202602130524,   9.106,   9.397,9999.000,9999.000,9999.000,9999.000,9999.000,9999.000,9999.000
202602130530,   9.272,   9.577,9999.000,9999.000,9999.000,9999.000,9999.000,9999.000,9999.000
202602130536,   9.433,   9.708,9999.000,9999.000,9999.000,9999.000,9999.000,9999.000,9999.000
202602130542,   9.589,   9.817,9999.000,9999.000,9999.000,9999.000,9999.000,9999.000,9999.000
202602130548,   9.738,   9.997,9999.000,9999.000,9999.000,9999.000,9999.000,9999.000,9999.000
202602130554,   9.881,  10.167,9999.000,9999.000,9999.000,9999.000,9999.000,9999.000,9999.000
202602130600,  10.017,  10.318,  -0.500,   0.801,  10.318,  -0.700,  10.118,  -0.300,  10.518
202602130606,  10.147,  10.417,9999.000,9999.000,9999.000,9999.000,9999.000,9999.000,9999.000
202602130612,  10.269,  10.548,9999.000,9999.000,9999.000,9999.000,9999.000,9999.000,9999.000
202602130618,  10.383,  10.696,9999.000,9999.000,9999.000,9999.000,9999.000,9999.000,9999.000
202602130624,  10.491,  10.866,9999.000,9999.000,9999.000,9999.000,9999.000,9999.000,9999.000
202602130630,  10.590,  10.925,9999.000,9999.000,9999.000,9999.000,9999.000,9999.000,9999.000
202602130636,  10.681,  11.007,9999.000,9999.000,9999.000,9999.000,9999.000,9999.000,9999.000
202602130642,  10.764,  11.086,9999.000,9999.000,9999.000,9999.000,9999.000,9999.000,9999.000
202602130648,  10.839,  11.207,9999.000,9999.000,9999.000,9999.000,9999.000,9999.000,9999.000
202602130654,  10.905,  11.266,9999.000,9999.000,9999.000,9999.000,9999.000,9999.000,9999.000
202602130700,  10.963,  11.306,  -0.600,   0.943,  11.306,  -0.800,  11.106,  -0.300,  11.606
202602130706,  11.012,  11.358,9999.000,9999.000,9999.000,9999.000,9999.000,9999.000,9999.000
202602130712,  11.052,  11.427,9999.000,9999.000,9999.000,9999.000,9999.000,9999.000,9999.000
202602130718,  11.084,  11.486,9999.000,9999.000,9999.000,9999.000,9999.000,9999.000,9999.000
202602130724,  11.107,  11.496,9999.000,9999.000,9999.000,9999.000,9999.000,9999.000,9999.000
202602130730,  11.122,  11.476,9999.000,9999.000,9999.000,9999.000,9999.000,9999.000,9999.000
202602130736,  11.128,  11.476,9999.000,9999.000,9999.000,9999.000,9999.000,9999.000,9999.000
202602130742,  11.125,  11.476,9999.000,9999.000,9999.000,9999.000,9999.000,9999.000,9999.000
202602130748,  11.114,  11.466,9999.000,9999.000,9999.000,9999.000,9999.000,9999.000,9999.000
202602130754,  11.095,  11.437,9999.000,9999.000,9999.000,9999.000,9999.000,9999.000,9999.000
202602130800,  11.067,  11.417,  -0.700,   1.050,  11.417,  -0.800,  11.317,  -0.400,  11.717
202602130806,  11.032,  11.388,9999.000,9999.000,9999.000,9999.000,9999.000,9999.000,9999.000
202602130812,  10.988,  11.358,9999.000,9999.000,9999.000,9999.000,9999.000,9999.000,9999.000
202602130818,  10.937,  11.286,9999.000,9999.000,9999.000,9999.000,9999.000,9999.000,9999.000
202602130824,  10.879,  11.207,9999.000,9999.000,9999.000,9999.000,9999.000,9999.000,9999.000
202602130830,  10.813,  11.158,9999.000,9999.000,9999.000,9999.000,9999.000,9999.000,9999.000
202602130836,  10.741,  11.106,9999.000,9999.000,9999.000,9999.000,9999.000,9999.000,9999.000
202602130842,  10.662,  11.056,9999.000,9999.000,9999.000,9999.000,9999.000,9999.000,9999.000
202602130848,  10.576,  10.938,9999.000,9999.000,9999.000,9999.000,9999.000,9999.000,9999.000
202602130854,  10.485,  10.837,9999.000,9999.000,9999.000,9999.000,9999.000,9999.000,9999.000
202602130900,  10.388,  10.728,  -0.700,   1.040,  10.728,  -0.800,  10.628,  -0.600,  10.828
202602130906,  10.286,  10.637,9999.000,9999.000,9999.000,9999.000,9999.000,9999.000,9999.000
202602130912,  10.179,  10.505,9999.000,9999.000,9999.000,9999.000,9999.000,9999.000,9999.000
202602130918,  10.068,  10.397,9999.000,9999.000,9999.000,9999.000,9999.000,9999.000,9999.000
202602130924,   9.952,  10.305,9999.000,9999.000,9999.000,9999.000,9999.000,9999.000,9999.000
202602130930,   9.833,  10.187,9999.000,9999.000,9999.000,9999.000,9999.000,9999.000,9999.000
202602130936,   9.710,  10.036,9999.000,9999.000,9999.000,9999.000,9999.000,9999.000,9999.000
202602130942,   9.585,   9.876,9999.000,9999.000,9999.000,9999.000,9999.000,9999.000,9999.000
202602130948,   9.457,   9.728,9999.000,9999.000,9999.000,9999.000,9999.000,9999.000,9999.000
202602130954,   9.328,   9.616,9999.000,9999.000,9999.000,9999.000,9999.000,9999.000,9999.000
202602131000,   9.197,   9.489,  -0.700,   0.992,   9.489,  -0.700,   9.489,  -0.600,   9.589
202602131006,   9.065,   9.357,9999.000,9999.000,9999.000,9999.000,9999.000,9999.000,9999.000
202602131012,   8.933,   9.197,9999.000,9999.000,9999.000,9999.000,9999.000,9999.000,9999.000
202602131018,   8.801,   9.098,9999.000,9999.000,9999.000,9999.000,9999.000,9999.000,9999.000
202602131024,   8.669,   8.957,9999.000,9999.000,9999.000,9999.000,9999.000,9999.000,9999.000
202602131030,   8.538,   8.816,9999.000,9999.000,9999.000,9999.000,9999.000,9999.000,9999.000
202602131036,   8.409,   8.649,9999.000,9999.000,9999.000,9999.000,9999.000,9999.000,9999.000
202602131042,   8.282,   8.518,9999.000,9999.000,9999.000,9999.000,9999.000,9999.000,9999.000
202602131048,   8.157,   8.396,9999.000,9999.000,9999.000,9999.000,9999.000,9999.000,9999.000
202602131054,   8.034,   8.278,9999.000,9999.000,9999.000,9999.000,9999.000,9999.000,9999.000
202602131100,   7.915,   8.137,  -0.600,   0.822,   8.137,  -0.800,   7.937,  -0.500,   8.237
202602131106,   7.800,   8.006,9999.000,9999.000,9999.000,9999.000,9999.000,9999.000,9999.000
202602131112,   7.689,   7.888,9999.000,9999.000,9999.000,9999.000,9999.000,9999.000,9999.000
202602131118,   7.583,   7.786,9999.000,9999.000,9999.000,9999.000,9999.000,9999.000,9999.000
202602131124,   7.481,   7.658,9999.000,9999.000,9999.000,9999.000,9999.000,9999.000,9999.000
202602131130,   7.385,   7.566,9999.000,9999.000,9999.000,9999.000,9999.000,9999.000,9999.000
202602131136,   7.295,   7.478,9999.000,9999.000,9999.000,9999.000,9999.000,9999.000,9999.000
202602131142,   7.210,   7.409,9999.000,9999.000,9999.000,9999.000,9999.000,9999.000,9999.000
202602131148,   7.132,   7.317,9999.000,9999.000,9999.000,9999.000,9999.000,9999.000,9999.000
202602131154,   7.061,   7.209,9999.000,9999.000,9999.000,9999.000,9999.000,9999.000,9999.000
202602131200,   6.997,   7.137,  -0.900,   1.040,   7.137,  -0.900,   7.137,  -0.800,   7.237
202602131206,   6.940,   7.078,9999.000,9999.000,9999.000,9999.000,9999.000,9999.000,9999.000
202602131212,   6.891,   7.058,9999.000,9999.000,9999.000,9999.000,9999.000,9999.000,9999.000
202602131218,   6.849,   6.999,9999.000,9999.000,9999.000,9999.000,9999.000,9999.000,9999.000
202602131224,   6.815,   6.956,9999.000,9999.000,9999.000,9999.000,9999.000,9999.000,9999.000
202602131230,   6.790,   6.907,9999.000,9999.000,9999.000,9999.000,9999.000,9999.000,9999.000
202602131236,   6.773,   6.907,9999.000,9999.000,9999.000,9999.000,9999.000,9999.000,9999.000
202602131242,   6.764,   6.907,9999.000,9999.000,9999.000,9999.000,9999.000,9999.000,9999.000
202602131248,   6.764,   6.897,9999.000,9999.000,9999.000,9999.000,9999.000,9999.000,9999.000
202602131254,   6.773,   6.897,9999.000,9999.000,9999.000,9999.000,9999.000,9999.000,9999.000
202602131300,   6.790,   6.907,  -0.800,   0.917,   6.907,  -0.900,   6.807,  -0.800,   6.907
202602131306,   6.816,   6.947,9999.000,9999.000,9999.000,9999.000,9999.000,9999.000,9999.000
202602131312,   6.850,   6.966,9999.000,9999.000,9999.000,9999.000,9999.000,9999.000,9999.000
202602131318,   6.893,   6.999,9999.000,9999.000,9999.000,9999.000,9999.000,9999.000,9999.000
202602131324,   6.945,   7.048,9999.000,9999.000,9999.000,9999.000,9999.000,9999.000,9999.000
202602131330,   7.005,   7.127,9999.000,9999.000,9999.000,9999.000,9999.000,9999.000,9999.000
202602131336,   7.074,   7.209,9999.000,9999.000,9999.000,9999.000,9999.000,9999.000,9999.000
202602131342,   7.150,   7.268,9999.000,9999.000,9999.000,9999.000,9999.000,9999.000,9999.000
202602131348,   7.235,   7.337,9999.000,9999.000,9999.000,9999.000,9999.000,9999.000,9999.000
202602131354,   7.328,   7.429,9999.000,9999.000,9999.000,9999.000,9999.000,9999.000,9999.000
202602131400,   7.428,   7.537,  -0.800,   0.909,   7.537,  -0.800,   7.537,  -0.700,   7.637
202602131406,   7.536,   7.639,9999.000,9999.000,9999.000,9999.000,9999.000,9999.000,9999.000
202602131412,   7.651,   7.737,9999.000,9999.000,9999.000,9999.000,9999.000,9999.000,9999.000
202602131418,   7.773,   7.849,9999.000,9999.000,9999.000,9999.000,9999.000,9999.000,9999.000
202602131424,   7.902,   7.986,9999.000,9999.000,9999.000,9999.000,9999.000,9999.000,9999.000
202602131430,   8.037,   8.137,9999.000,9999.000,9999.000,9999.000,9999.000,9999.000,9999.000
202602131436,   8.178,   8.268,9999.000,9999.000,9999.000,9999.000,9999.000,9999.000,9999.000
202602131442,   8.324,   8.416,9999.000,9999.000,9999.000,9999.000,9999.000,9999.000,9999.000
202602131448,   8.476,   8.557,9999.000,9999.000,9999.000,9999.000,9999.000,9999.000,9999.000
202602131454,   8.632,   8.728,9999.000,9999.000,9999.000,9999.000,9999.000,9999.000,9999.000
202602131500,   8.793,   8.878,  -0.700,   0.785,   8.878,  -0.800,   8.778,  -0.700,   8.878
202602131506,   8.958,   9.036,9999.000,9999.000,9999.000,9999.000,9999.000,9999.000,9999.000
202602131512,   9.126,   9.197,9999.000,9999.000,9999.000,9999.000,9999.000,9999.000,9999.000
202602131518,   9.297,   9.367,9999.000,9999.000,9999.000,9999.000,9999.000,9999.000,9999.000
202602131524,   9.471,   9.548,9999.000,9999.000,9999.000,9999.000,9999.000,9999.000,9999.000
202602131530,   9.648,   9.708,9999.000,9999.000,9999.000,9999.000,9999.000,9999.000,9999.000
202602131536,   9.826,   9.885,9999.000,9999.000,9999.000,9999.000,9999.000,9999.000,9999.000
202602131542,  10.005,  10.066,9999.000,9999.000,9999.000,9999.000,9999.000,9999.000,9999.000
202602131548,  10.185,  10.266,9999.000,9999.000,9999.000,9999.000,9999.000,9999.000,9999.000
202602131554,  10.365,  10.446,9999.000,9999.000,9999.000,9999.000,9999.000,9999.000,9999.000
202602131600,  10.545,  10.627,  -0.700,   0.782,  10.627,  -0.800,  10.527,  -0.600,  10.727
202602131606,  10.725,  10.817,9999.000,9999.000,9999.000,9999.000,9999.000,9999.000,9999.000
202602131612,  10.903,  10.997,9999.000,9999.000,9999.000,9999.000,9999.000,9999.000,9999.000
202602131618,  11.079,  11.178,9999.000,9999.000,9999.000,9999.000,9999.000,9999.000,9999.000
202602131624,  11.254,  11.358,9999.000,9999.000,9999.000,9999.000,9999.000,9999.000,9999.000
202602131630,  11.425,  11.545,9999.000,9999.000,9999.000,9999.000,9999.000,9999.000,9999.000
202602131636,  11.594,  11.706,9999.000,9999.000,9999.000,9999.000,9999.000,9999.000,9999.000
202602131642,  11.759,  11.867,9999.000,9999.000,9999.000,9999.000,9999.000,9999.000,9999.000
202602131648,  11.920,  12.027,9999.000,9999.000,9999.000,9999.000,9999.000,9999.000,9999.000
202602131654,  12.076,  12.188,9999.000,9999.000,9999.000,9999.000,9999.000,9999.000,9999.000
202602131700,  12.228,  12.345,  -0.700,   0.817,  12.345,  -0.800,  12.245,  -0.600,  12.445
202602131706,  12.374,  12.496,9999.000,9999.000,9999.000,9999.000,9999.000,9999.000,9999.000
202602131712,  12.514,  12.627,9999.000,9999.000,9999.000,9999.000,9999.000,9999.000,9999.000
202602131718,  12.648,  12.775,9999.000,9999.000,9999.000,9999.000,9999.000,9999.000,9999.000
202602131724,  12.775,  12.926,9999.000,9999.000,9999.000,9999.000,9999.000,9999.000,9999.000
202602131730,  12.895,  13.057,9999.000,9999.000,9999.000,9999.000,9999.000,9999.000,9999.000
202602131736,  13.007,  13.185,9999.000,9999.000,9999.000,9999.000,9999.000,9999.000,9999.000
202602131742,  13.112,  13.277,9999.000,9999.000,9999.000,9999.000,9999.000,9999.000,9999.000
202602131748,  13.209,  13.375,9999.000,9999.000,9999.000,9999.000,9999.000,9999.000,9999.000
202602131754,  13.297,  13.477,9999.000,9999.000,9999.000,9999.000,9999.000,9999.000,9999.000
202602131800,  13.376,  13.585,  -0.600,   0.809,  13.585,  -0.800,  13.385,  -0.400,  13.785
202602131806,  13.447,  13.677,9999.000,9999.000,9999.000,9999.000,9999.000,9999.000,9999.000
202602131812,  13.508,  13.746,9999.000,9999.000,9999.000,9999.000,9999.000,9999.000,9999.000
202602131818,  13.559,  13.805,9999.000,9999.000,9999.000,9999.000,9999.000,9999.000,9999.000
202602131824,  13.600,  13.844,9999.000,9999.000,9999.000,9999.000,9999.000,9999.000,9999.000
202602131830,  13.632,  13.877,9999.000,9999.000,9999.000,9999.000,9999.000,9999.000,9999.000
202602131836,  13.653,  13.897,9999.000,9999.000,9999.000,9999.000,9999.000,9999.000,9999.000
202602131842,  13.663,  13.926,9999.000,9999.000,9999.000,9999.000,9999.000,9999.000,9999.000
202602131848,  13.663,  13.936,9999.000,9999.000,9999.000,9999.000,9999.000,9999.000,9999.000
202602131854,  13.653,  13.926,9999.000,9999.000,9999.000,9999.000,9999.000,9999.000,9999.000
202602131900,  13.631,  13.897,  -0.600,   0.866,  13.897,  -0.800,  13.697,  -0.400,  14.097
202602131906,  13.599,  13.867,9999.000,9999.000,9999.000,9999.000,9999.000,9999.000,9999.000
202602131912,  13.556,  13.835,9999.000,9999.000,9999.000,9999.000,9999.000,9999.000,9999.000
202602131918,  13.501,  13.775,9999.000,9999.000,9999.000,9999.000,9999.000,9999.000,9999.000
202602131924,  13.436,  13.707,9999.000,9999.000,9999.000,9999.000,9999.000,9999.000,9999.000
202602131930,  13.360,  13.625,9999.000,9999.000,9999.000,9999.000,9999.000,9999.000,9999.000
202602131936,  13.273,  13.546,9999.000,9999.000,9999.000,9999.000,9999.000,9999.000,9999.000
202602131942,  13.175,  13.447,9999.000,9999.000,9999.000,9999.000,9999.000,9999.000,9999.000
202602131948,  13.066,  13.346,9999.000,9999.000,9999.000,9999.000,9999.000,9999.000,9999.000
202602131954,  12.946,  13.228,9999.000,9999.000,9999.000,9999.000,9999.000,9999.000,9999.000
202602132000,  12.816,  13.106,  -0.600,   0.890,  13.106,  -0.700,  13.006,  -0.500,  13.206
202602132006,  12.676,  12.955,9999.000,9999.000,9999.000,9999.000,9999.000,9999.000,9999.000
202602132012,  12.526,  12.795,9999.000,9999.000,9999.000,9999.000,9999.000,9999.000,9999.000
202602132018,  12.366,  12.637,9999.000,9999.000,9999.000,9999.000,9999.000,9999.000,9999.000
202602132024,  12.196,  12.477,9999.000,9999.000,9999.000,9999.000,9999.000,9999.000,9999.000
202602132030,  12.017,  12.316,9999.000,9999.000,9999.000,9999.000,9999.000,9999.000,9999.000
202602132036,  11.828,  12.126,9999.000,9999.000,9999.000,9999.000,9999.000,9999.000,9999.000
202602132042,  11.631,  11.916,9999.000,9999.000,9999.000,9999.000,9999.000,9999.000,9999.000
202602132048,  11.426,  11.696,9999.000,9999.000,9999.000,9999.000,9999.000,9999.000,9999.000
202602132054,  11.212,  11.476,9999.000,9999.000,9999.000,9999.000,9999.000,9999.000,9999.000
202602132100,  10.991,  11.247,  -0.700,   0.956,  11.247,  -0.700,  11.247,  -0.600,  11.347
202602132106,  10.762,  11.007,9999.000,9999.000,9999.000,9999.000,9999.000,9999.000,9999.000
202602132112,  10.527,  10.768,9999.000,9999.000,9999.000,9999.000,9999.000,9999.000,9999.000
202602132118,  10.285,  10.515,9999.000,9999.000,9999.000,9999.000,9999.000,9999.000,9999.000
202602132124,  10.038,  10.276,9999.000,9999.000,9999.000,9999.000,9999.000,9999.000,9999.000
202602132130,   9.785,  10.017,9999.000,9999.000,9999.000,9999.000,9999.000,9999.000,9999.000
202602132136,   9.527,   9.757,9999.000,9999.000,9999.000,9999.000,9999.000,9999.000,9999.000
202602132142,   9.264,   9.489,9999.000,9999.000,9999.000,9999.000,9999.000,9999.000,9999.000
202602132148,   8.998,   9.216,9999.000,9999.000,9999.000,9999.000,9999.000,9999.000,9999.000
202602132154,   8.728,   8.937,9999.000,9999.000,9999.000,9999.000,9999.000,9999.000,9999.000
202602132200,   8.456,   8.659,  -0.800,   1.003,   8.659,  -0.900,   8.559,  -0.600,   8.859
202602132206,   8.181,   8.386,9999.000,9999.000,9999.000,9999.000,9999.000,9999.000,9999.000
202602132212,   7.904,   8.108,9999.000,9999.000,9999.000,9999.000,9999.000,9999.000,9999.000
202602132218,   7.627,   7.829,9999.000,9999.000,9999.000,9999.000,9999.000,9999.000,9999.000
202602132224,   7.349,   7.527,9999.000,9999.000,9999.000,9999.000,9999.000,9999.000,9999.000
202602132230,   7.071,   7.238,9999.000,9999.000,9999.000,9999.000,9999.000,9999.000,9999.000
202602132236,   6.794,   6.956,9999.000,9999.000,9999.000,9999.000,9999.000,9999.000,9999.000
202602132242,   6.518,   6.687,9999.000,9999.000,9999.000,9999.000,9999.000,9999.000,9999.000
202602132248,   6.244,   6.418,9999.000,9999.000,9999.000,9999.000,9999.000,9999.000,9999.000
202602132254,   5.973,   6.149,9999.000,9999.000,9999.000,9999.000,9999.000,9999.000,9999.000
202602132300,   5.705,   5.877,  -0.800,   0.972,   5.877,  -1.000,   5.677,  -0.700,   5.977
202602132306,   5.440,   5.608,9999.000,9999.000,9999.000,9999.000,9999.000,9999.000,9999.000
202602132312,   5.180,   5.349,9999.000,9999.000,9999.000,9999.000,9999.000,9999.000,9999.000
202602132318,   4.925,   5.077,9999.000,9999.000,9999.000,9999.000,9999.000,9999.000,9999.000
202602132324,   4.675,   4.818,9999.000,9999.000,9999.000,9999.000,9999.000,9999.000,9999.000
202602132330,   4.431,   4.559,9999.000,9999.000,9999.000,9999.000,9999.000,9999.000,9999.000
202602132336,   4.193,   4.300,9999.000,9999.000,9999.000,9999.000,9999.000,9999.000,9999.000
202602132342,   3.963,   4.070,9999.000,9999.000,9999.000,9999.000,9999.000,9999.000,9999.000
202602132348,   3.740,   3.847,9999.000,9999.000,9999.000,9999.000,9999.000,9999.000,9999.000
202602132354,   3.525,   2.525,9999.000,9999.000,9999.000,9999.000,9999.000,9999.000,9999.000
202602140000,   3.319,   3.417,  -0.800,   0.898,   3.417,  -0.800,   3.417,  -0.700,   3.517
202602140006,   3.122,   3.230,9999.000,9999.000,9999.000,9999.000,9999.000,9999.000,9999.000
202602140012,   2.934,   3.030,9999.000,9999.000,9999.000,9999.000,9999.000,9999.000,9999.000
202602140018,   2.756,   2.850,9999.000,9999.000,9999.000,9999.000,9999.000,9999.000,9999.000
202602140024,   2.589,   2.679,9999.000,9999.000,9999.000,9999.000,9999.000,9999.000,9999.000
202602140030,   2.432,   2.528,9999.000,9999.000,9999.000,9999.000,9999.000,9999.000,9999.000
202602140036,   2.286,   2.377,9999.000,9999.000,9999.000,9999.000,9999.000,9999.000,9999.000
202602140042,   2.152,   2.230,9999.000,9999.000,9999.000,9999.000,9999.000,9999.000,9999.000
202602140048,   2.029,   2.099,9999.000,9999.000,9999.000,9999.000,9999.000,9999.000,9999.000
202602140054,   1.918,   1.981,9999.000,9999.000,9999.000,9999.000,9999.000,9999.000,9999.000
202602140100,   1.819,   1.889,  -0.700,   0.770,   1.889,  -0.800,   1.789,  -0.700,   1.889
202602140106,   1.732,   1.800,9999.000,9999.000,9999.000,9999.000,9999.000,9999.000,9999.000
202602140112,   1.658,   1.728,9999.000,9999.000,9999.000,9999.000,9999.000,9999.000,9999.000
202602140118,   1.597,   1.659,9999.000,9999.000,9999.000,9999.000,9999.000,9999.000,9999.000
202602140124,   1.548,   1.600,9999.000,9999.000,9999.000,9999.000,9999.000,9999.000,9999.000
202602140130,   1.512,   1.557,9999.000,9999.000,9999.000,9999.000,9999.000,9999.000,9999.000
202602140136,   1.489,   1.528,9999.000,9999.000,9999.000,9999.000,9999.000,9999.000,9999.000
202602140142,   1.479,   1.518,9999.000,9999.000,9999.000,9999.000,9999.000,9999.000,9999.000
202602140148,   1.482,   1.518,9999.000,9999.000,9999.000,9999.000,9999.000,9999.000,9999.000
202602140154,   1.498,   1.548,9999.000,9999.000,9999.000,9999.000,9999.000,9999.000,9999.000
202602140200,   1.526,   1.571,  -0.700,   0.745,   1.571,  -0.700,   1.571,  -0.600,   1.671
202602140206,   1.567,   1.610,9999.000,9999.000,9999.000,9999.000,9999.000,9999.000,9999.000
202602140212,   1.621,   1.649,9999.000,9999.000,9999.000,9999.000,9999.000,9999.000,9999.000
202602140218,   1.687,   1.699,9999.000,9999.000,9999.000,9999.000,9999.000,9999.000,9999.000
202602140224,   1.766,   1.790,9999.000,9999.000,9999.000,9999.000,9999.000,9999.000,9999.000
202602140230,   1.856,   1.889,9999.000,9999.000,9999.000,9999.000,9999.000,9999.000,9999.000
202602140236,   1.958,   1.990,9999.000,9999.000,9999.000,9999.000,9999.000,9999.000,9999.000
202602140242,   2.072,   2.089,9999.000,9999.000,9999.000,9999.000,9999.000,9999.000,9999.000
202602140248,   2.197,   2.200,9999.000,9999.000,9999.000,9999.000,9999.000,9999.000,9999.000
202602140254,   2.333,   2.338,9999.000,9999.000,9999.000,9999.000,9999.000,9999.000,9999.000
202602140300,   2.479,   2.489,  -0.700,   0.710,   2.489,  -0.700,   2.489,  -0.600,   2.589
202602140306,   2.635,   2.660,9999.000,9999.000,9999.000,9999.000,9999.000,9999.000,9999.000
202602140312,   2.802,   2.820,9999.000,9999.000,9999.000,9999.000,9999.000,9999.000,9999.000
202602140318,   2.977,   2.988,9999.000,9999.000,9999.000,9999.000,9999.000,9999.000,9999.000
202602140324,   3.162,   3.168,9999.000,9999.000,9999.000,9999.000,9999.000,9999.000,9999.000
202602140330,   3.355,   3.368,9999.000,9999.000,9999.000,9999.000,9999.000,9999.000,9999.000
202602140336,   3.556,   3.558,9999.000,9999.000,9999.000,9999.000,9999.000,9999.000,9999.000
202602140342,   3.764,   3.758,9999.000,9999.000,9999.000,9999.000,9999.000,9999.000,9999.000
202602140348,   3.980,   3.968,9999.000,9999.000,9999.000,9999.000,9999.000,9999.000,9999.000
202602140354,   4.202,   4.198,9999.000,9999.000,9999.000,9999.000,9999.000,9999.000,9999.000
202602140400,   4.430,   4.427,  -0.700,   0.697,   4.427,  -0.700,   4.427,  -0.600,   4.527
202602140406,   4.663,   4.637,9999.000,9999.000,9999.000,9999.000,9999.000,9999.000,9999.000
202602140412,   4.901,   4.867,9999.000,9999.000,9999.000,9999.000,9999.000,9999.000,9999.000
202602140418,   5.144,   5.120,9999.000,9999.000,9999.000,9999.000,9999.000,9999.000,9999.000
202602140424,   5.390,   5.398,9999.000,9999.000,9999.000,9999.000,9999.000,9999.000,9999.000
202602140430,   5.639,   5.648,9999.000,9999.000,9999.000,9999.000,9999.000,9999.000,9999.000
202602140436,   5.891,   5.887,9999.000,9999.000,9999.000,9999.000,9999.000,9999.000,9999.000
202602140442,   6.145,   6.136,9999.000,9999.000,9999.000,9999.000,9999.000,9999.000,9999.000
202602140448,   6.400,   6.389,9999.000,9999.000,9999.000,9999.000,9999.000,9999.000,9999.000
202602140454,   6.657,   6.638,9999.000,9999.000,9999.000,9999.000,9999.000,9999.000,9999.000
202602140500,   6.913,   6.878,  -0.700,   0.665,   6.878,  -0.800,   6.778,  -0.600,   6.978
202602140506,   7.169,   7.127,9999.000,9999.000,9999.000,9999.000,9999.000,9999.000,9999.000
202602140512,   7.424,   7.399,9999.000,9999.000,9999.000,9999.000,9999.000,9999.000,9999.000
202602140518,   7.677,   7.658,9999.000,9999.000,9999.000,9999.000,9999.000,9999.000,9999.000
202602140524,   7.929,   7.917,9999.000,9999.000,9999.000,9999.000,9999.000,9999.000,9999.000
202602140530,   8.177,   8.137,9999.000,9999.000,9999.000,9999.000,9999.000,9999.000,9999.000
202602140536,   8.423,   8.386,9999.000,9999.000,9999.000,9999.000,9999.000,9999.000,9999.000
202602140542,   8.664,   8.626,9999.000,9999.000,9999.000,9999.000,9999.000,9999.000,9999.000
202602140548,   8.901,   8.878,9999.000,9999.000,9999.000,9999.000,9999.000,9999.000,9999.000
202602140554,   9.134,   9.128,9999.000,9999.000,9999.000,9999.000,9999.000,9999.000,9999.000
202602140600,   9.361,   9.357,  -0.800,   0.796,   9.357,  -0.900,   9.257,  -0.600,   9.557
202602140606,   9.582,   9.577,9999.000,9999.000,9999.000,9999.000,9999.000,9999.000,9999.000
202602140612,   9.796,   9.787,9999.000,9999.000,9999.000,9999.000,9999.000,9999.000,9999.000
202602140618,  10.004,   9.987,9999.000,9999.000,9999.000,9999.000,9999.000,9999.000,9999.000
202602140624,  10.204,  10.167,9999.000,9999.000,9999.000,9999.000,9999.000,9999.000,9999.000
202602140630,  10.397,  10.368,9999.000,9999.000,9999.000,9999.000,9999.000,9999.000,9999.000
202602140636,  10.581,  10.568,9999.000,9999.000,9999.000,9999.000,9999.000,9999.000,9999.000
202602140642,  10.757,  10.748,9999.000,9999.000,9999.000,9999.000,9999.000,9999.000,9999.000
202602140648,  10.924,  10.915,9999.000,9999.000,9999.000,9999.000,9999.000,9999.000,9999.000
202602140654,  11.081,  11.056,9999.000,9999.000,9999.000,9999.000,9999.000,9999.000,9999.000
202602140700,  11.229,  11.217,  -0.800,   0.788,  11.217,  -0.900,  11.117,  -0.700,  11.317
202602140706,  11.367,  11.368,9999.000,9999.000,9999.000,9999.000,9999.000,9999.000,9999.000
202602140712,  11.494,  11.506,9999.000,9999.000,9999.000,9999.000,9999.000,9999.000,9999.000
202602140718,  11.611,  11.627,9999.000,9999.000,9999.000,9999.000,9999.000,9999.000,9999.000
202602140724,  11.717,  11.735,9999.000,9999.000,9999.000,9999.000,9999.000,9999.000,9999.000
202602140730,  11.813,  11.827,9999.000,9999.000,9999.000,9999.000,9999.000,9999.000,9999.000
202602140736,  11.897,  11.926,9999.000,9999.000,9999.000,9999.000,9999.000,9999.000,9999.000
202602140742,  11.969,  11.988,9999.000,9999.000,9999.000,9999.000,9999.000,9999.000,9999.000
202602140748,  12.031,  12.057,9999.000,9999.000,9999.000,9999.000,9999.000,9999.000,9999.000
202602140754,  12.081,  12.126,9999.000,9999.000,9999.000,9999.000,9999.000,9999.000,9999.000
202602140800,  12.119,  12.188,  -0.800,   0.869,  12.188,  -0.800,  12.188,  -0.700,  12.288
202602140806,  12.146,  12.198,9999.000,9999.000,9999.000,9999.000,9999.000,9999.000,9999.000
202602140812,  12.161,  12.208,9999.000,9999.000,9999.000,9999.000,9999.000,9999.000,9999.000
202602140818,  12.164,  12.198,9999.000,9999.000,9999.000,9999.000,9999.000,9999.000,9999.000
202602140824,  12.156,  12.208,9999.000,9999.000,9999.000,9999.000,9999.000,9999.000,9999.000
202602140830,  12.137,  12.208,9999.000,9999.000,9999.000,9999.000,9999.000,9999.000,9999.000
202602140836,  12.106,  12.188,9999.000,9999.000,9999.000,9999.000,9999.000,9999.000,9999.000
202602140842,  12.064,  12.126,9999.000,9999.000,9999.000,9999.000,9999.000,9999.000,9999.000
202602140848,  12.012,  12.076,9999.000,9999.000,9999.000,9999.000,9999.000,9999.000,9999.000
202602140854,  11.948,  12.008,9999.000,9999.000,9999.000,9999.000,9999.000,9999.000,9999.000
202602140900,  11.874,  11.935,  -0.800,   0.861,  11.935,  -0.800,  11.935,  -0.700,  12.035
202602140906,  11.791,  11.857,9999.000,9999.000,9999.000,9999.000,9999.000,9999.000,9999.000
202602140912,  11.697,  11.765,9999.000,9999.000,9999.000,9999.000,9999.000,9999.000,9999.000
202602140918,  11.593,  11.666,9999.000,9999.000,9999.000,9999.000,9999.000,9999.000,9999.000
202602140924,  11.481,  11.555,9999.000,9999.000,9999.000,9999.000,9999.000,9999.000,9999.000
202602140930,  11.360,  11.437,9999.000,9999.000,9999.000,9999.000,9999.000,9999.000,9999.000
202602140936,  11.230,  11.306,9999.000,9999.000,9999.000,9999.000,9999.000,9999.000,9999.000
202602140942,  11.093,  11.188,9999.000,9999.000,9999.000,9999.000,9999.000,9999.000,9999.000
202602140948,  10.948,  11.047,9999.000,9999.000,9999.000,9999.000,9999.000,9999.000,9999.000
202602140954,  10.796,  10.896,9999.000,9999.000,9999.000,9999.000,9999.000,9999.000,9999.000
202602141000,  10.638,  10.738,  -0.800,   0.900,  10.738,  -0.900,  10.638,  -0.600,  10.938
202602141006,  10.475,  10.577,9999.000,9999.000,9999.000,9999.000,9999.000,9999.000,9999.000
202602141012,  10.305,  10.427,9999.000,9999.000,9999.000,9999.000,9999.000,9999.000,9999.000
202602141018,  10.131,  10.256,9999.000,9999.000,9999.000,9999.000,9999.000,9999.000,9999.000
202602141024,   9.953,  10.076,9999.000,9999.000,9999.000,9999.000,9999.000,9999.000,9999.000
202602141030,   9.772,   9.899,9999.000,9999.000,9999.000,9999.000,9999.000,9999.000,9999.000
202602141036,   9.587,   9.698,9999.000,9999.000,9999.000,9999.000,9999.000,9999.000,9999.000
202602141042,   9.401,   9.528,9999.000,9999.000,9999.000,9999.000,9999.000,9999.000,9999.000
202602141048,   9.212,   9.318,9999.000,9999.000,9999.000,9999.000,9999.000,9999.000,9999.000
202602141054,   9.023,   9.128,9999.000,9999.000,9999.000,9999.000,9999.000,9999.000,9999.000
202602141100,   8.833,   8.908,  -0.700,   0.775,   8.908,  -0.900,   8.708,  -0.600,   9.008
202602141106,   8.643,   8.747,9999.000,9999.000,9999.000,9999.000,9999.000,9999.000,9999.000
202602141112,   8.455,   8.557,9999.000,9999.000,9999.000,9999.000,9999.000,9999.000,9999.000
202602141118,   8.267,   8.377,9999.000,9999.000,9999.000,9999.000,9999.000,9999.000,9999.000
202602141124,   8.083,   8.186,9999.000,9999.000,9999.000,9999.000,9999.000,9999.000,9999.000
202602141130,   7.900,   8.006,9999.000,9999.000,9999.000,9999.000,9999.000,9999.000,9999.000
202602141136,   7.722,   7.849,9999.000,9999.000,9999.000,9999.000,9999.000,9999.000,9999.000
202602141142,   7.547,   7.648,9999.000,9999.000,9999.000,9999.000,9999.000,9999.000,9999.000
202602141148,   7.377,   7.478,9999.000,9999.000,9999.000,9999.000,9999.000,9999.000,9999.000
202602141154,   7.213,   7.288,9999.000,9999.000,9999.000,9999.000,9999.000,9999.000,9999.000
202602141200,   7.054,   7.147,  -0.700,   0.793,   7.147,  -0.800,   7.047,  -0.700,   7.147
202602141206,   6.901,   6.979,9999.000,9999.000,9999.000,9999.000,9999.000,9999.000,9999.000
202602141212,   6.756,   6.828,9999.000,9999.000,9999.000,9999.000,9999.000,9999.000,9999.000
202602141218,   6.617,   6.687,9999.000,9999.000,9999.000,9999.000,9999.000,9999.000,9999.000
202602141224,   6.487,   6.546,9999.000,9999.000,9999.000,9999.000,9999.000,9999.000,9999.000
202602141230,   6.365,   6.418,9999.000,9999.000,9999.000,9999.000,9999.000,9999.000,9999.000
202602141236,   6.252,   6.268,9999.000,9999.000,9999.000,9999.000,9999.000,9999.000,9999.000
202602141242,   6.148,   6.169,9999.000,9999.000,9999.000,9999.000,9999.000,9999.000,9999.000
202602141248,   6.054,   6.077,9999.000,9999.000,9999.000,9999.000,9999.000,9999.000,9999.000
202602141254,   5.970,   5.999,9999.000,9999.000,9999.000,9999.000,9999.000,9999.000,9999.000
202602141300,   5.896,   5.926,  -0.700,   0.730,   5.926,  -0.800,   5.826,  -0.700,   5.926
202602141306,   5.832,   5.838,9999.000,9999.000,9999.000,9999.000,9999.000,9999.000,9999.000
202602141312,   5.780,   5.769,9999.000,9999.000,9999.000,9999.000,9999.000,9999.000,9999.000
202602141318,   5.738,   5.707,9999.000,9999.000,9999.000,9999.000,9999.000,9999.000,9999.000
202602141324,   5.708,   5.677,9999.000,9999.000,9999.000,9999.000,9999.000,9999.000,9999.000
202602141330,   5.689,   5.667,9999.000,9999.000,9999.000,9999.000,9999.000,9999.000,9999.000
202602141336,   5.682,   5.667,9999.000,9999.000,9999.000,9999.000,9999.000,9999.000,9999.000
202602141342,   5.686,   5.667,9999.000,9999.000,9999.000,9999.000,9999.000,9999.000,9999.000
202602141348,   5.702,   5.677,9999.000,9999.000,9999.000,9999.000,9999.000,9999.000,9999.000
202602141354,   5.729,   5.697,9999.000,9999.000,9999.000,9999.000,9999.000,9999.000,9999.000
202602141400,   5.768,   5.730,  -0.700,   0.662,   5.730,  -0.800,   5.630,  -0.700,   5.730
202602141406,   5.819,   5.789,9999.000,9999.000,9999.000,9999.000,9999.000,9999.000,9999.000
202602141412,   5.881,   5.848,9999.000,9999.000,9999.000,9999.000,9999.000,9999.000,9999.000
202602141418,   5.955,   5.907,9999.000,9999.000,9999.000,9999.000,9999.000,9999.000,9999.000
202602141424,   6.040,   5.979,9999.000,9999.000,9999.000,9999.000,9999.000,9999.000,9999.000
202602141430,   6.136,   6.067,9999.000,9999.000,9999.000,9999.000,9999.000,9999.000,9999.000
202602141436,   6.242,   6.179,9999.000,9999.000,9999.000,9999.000,9999.000,9999.000,9999.000
202602141442,   6.359,   6.307,9999.000,9999.000,9999.000,9999.000,9999.000,9999.000,9999.000
202602141448,   6.486,   6.428,9999.000,9999.000,9999.000,9999.000,9999.000,9999.000,9999.000
202602141454,   6.623,   6.556,9999.000,9999.000,9999.000,9999.000,9999.000,9999.000,9999.000
202602141500,   6.770,   6.678,  -0.800,   0.708,   6.678,  -0.800,   6.678,  -0.700,   6.778
202602141506,   6.926,   6.819,9999.000,9999.000,9999.000,9999.000,9999.000,9999.000,9999.000
202602141512,   7.091,   6.966,9999.000,9999.000,9999.000,9999.000,9999.000,9999.000,9999.000
202602141518,   7.264,   7.156,9999.000,9999.000,9999.000,9999.000,9999.000,9999.000,9999.000
202602141524,   7.444,   7.347,9999.000,9999.000,9999.000,9999.000,9999.000,9999.000,9999.000
202602141530,   7.633,   7.566,9999.000,9999.000,9999.000,9999.000,9999.000,9999.000,9999.000
202602141536,   7.828,   7.747,9999.000,9999.000,9999.000,9999.000,9999.000,9999.000,9999.000
202602141542,   8.029,   7.927,9999.000,9999.000,9999.000,9999.000,9999.000,9999.000,9999.000
202602141548,   8.236,   8.117,9999.000,9999.000,9999.000,9999.000,9999.000,9999.000,9999.000
202602141554,   8.449,   8.327,9999.000,9999.000,9999.000,9999.000,9999.000,9999.000,9999.000
202602141600,   8.667,   8.567,  -0.800,   0.700,   8.567,  -0.900,   8.467,  -0.700,   8.667
202602141606,   8.888,   8.777,9999.000,9999.000,9999.000,9999.000,9999.000,9999.000,9999.000
202602141612,   9.113,   8.977,9999.000,9999.000,9999.000,9999.000,9999.000,9999.000,9999.000
202602141618,   9.341,   9.206,9999.000,9999.000,9999.000,9999.000,9999.000,9999.000,9999.000
202602141624,   9.572,   9.436,9999.000,9999.000,9999.000,9999.000,9999.000,9999.000,9999.000
202602141630,   9.804,   9.656,9999.000,9999.000,9999.000,9999.000,9999.000,9999.000,9999.000
202602141636,  10.037,   9.856,9999.000,9999.000,9999.000,9999.000,9999.000,9999.000,9999.000
202602141642,  10.271,  10.118,9999.000,9999.000,9999.000,9999.000,9999.000,9999.000,9999.000
202602141648,  10.504,  10.348,9999.000,9999.000,9999.000,9999.000,9999.000,9999.000,9999.000
202602141654,  10.737,  10.597,9999.000,9999.000,9999.000,9999.000,9999.000,9999.000,9999.000
202602141700,  10.969,  10.807,  -0.800,   0.638,  10.807,  -0.900,  10.707,  -0.800,  10.807
202602141706,  11.198,  11.076,9999.000,9999.000,9999.000,9999.000,9999.000,9999.000,9999.000
202602141712,  11.425,  11.296,9999.000,9999.000,9999.000,9999.000,9999.000,9999.000,9999.000
202602141718,  11.648,  11.525,9999.000,9999.000,9999.000,9999.000,9999.000,9999.000,9999.000
202602141724,  11.868,  11.735,9999.000,9999.000,9999.000,9999.000,9999.000,9999.000,9999.000
202602141730,  12.083,  11.935,9999.000,9999.000,9999.000,9999.000,9999.000,9999.000,9999.000
202602141736,  12.293,  12.165,9999.000,9999.000,9999.000,9999.000,9999.000,9999.000,9999.000
202602141742,  12.497,  12.355,9999.000,9999.000,9999.000,9999.000,9999.000,9999.000,9999.000
202602141748,  12.695,  12.565,9999.000,9999.000,9999.000,9999.000,9999.000,9999.000,9999.000
202602141754,  12.886,  12.746,9999.000,9999.000,9999.000,9999.000,9999.000,9999.000,9999.000
202602141800,  13.069,  12.946,  -0.800,   0.677,  12.946,  -0.800,  12.946,  -0.700,  13.046
202602141806,  13.245,  13.136,9999.000,9999.000,9999.000,9999.000,9999.000,9999.000,9999.000
202602141812,  13.412,  13.316,9999.000,9999.000,9999.000,9999.000,9999.000,9999.000,9999.000
202602141818,  13.570,  13.497,9999.000,9999.000,9999.000,9999.000,9999.000,9999.000,9999.000
202602141824,  13.719,  13.615,9999.000,9999.000,9999.000,9999.000,9999.000,9999.000,9999.000
202602141830,  13.858,  13.756,9999.000,9999.000,9999.000,9999.000,9999.000,9999.000,9999.000
202602141836,  13.987,  13.857,9999.000,9999.000,9999.000,9999.000,9999.000,9999.000,9999.000
202602141842,  14.104,  13.995,9999.000,9999.000,9999.000,9999.000,9999.000,9999.000,9999.000
202602141848,  14.211,  14.077,9999.000,9999.000,9999.000,9999.000,9999.000,9999.000,9999.000
202602141854,  14.306,  14.215,9999.000,9999.000,9999.000,9999.000,9999.000,9999.000,9999.000
202602141900,  14.389,  14.277,  -0.800,   0.688,  14.277,  -0.900,  14.177,  -0.700,  14.377
202602141906,  14.460,  14.366,9999.000,9999.000,9999.000,9999.000,9999.000,9999.000,9999.000
202602141912,  14.518,  14.415,9999.000,9999.000,9999.000,9999.000,9999.000,9999.000,9999.000
202602141918,  14.564,  14.477,9999.000,9999.000,9999.000,9999.000,9999.000,9999.000,9999.000
202602141924,  14.596,  14.497,9999.000,9999.000,9999.000,9999.000,9999.000,9999.000,9999.000
202602141930,  14.616,  14.517,9999.000,9999.000,9999.000,9999.000,9999.000,9999.000,9999.000
202602141936,  14.621,  14.507,9999.000,9999.000,9999.000,9999.000,9999.000,9999.000,9999.000
202602141942,  14.614,  14.507,9999.000,9999.000,9999.000,9999.000,9999.000,9999.000,9999.000
202602141948,  14.592,  14.487,9999.000,9999.000,9999.000,9999.000,9999.000,9999.000,9999.000
202602141954,  14.557,  14.464,9999.000,9999.000,9999.000,9999.000,9999.000,9999.000,9999.000
202602142000,  14.507,  14.425,  -0.800,   0.718,  14.425,  -0.900,  14.325,  -0.800,  14.425
202602142006,  14.444,  14.376,9999.000,9999.000,9999.000,9999.000,9999.000,9999.000,9999.000
202602142012,  14.367,  14.297,9999.000,9999.000,9999.000,9999.000,9999.000,9999.000,9999.000
202602142018,  14.276,  14.205,9999.000,9999.000,9999.000,9999.000,9999.000,9999.000,9999.000
202602142024,  14.171,  14.077,9999.000,9999.000,9999.000,9999.000,9999.000,9999.000,9999.000
202602142030,  14.052,  13.966,9999.000,9999.000,9999.000,9999.000,9999.000,9999.000,9999.000
202602142036,  13.920,  13.835,9999.000,9999.000,9999.000,9999.000,9999.000,9999.000,9999.000
202602142042,  13.775,  13.716,9999.000,9999.000,9999.000,9999.000,9999.000,9999.000,9999.000
202602142048,  13.616,  13.546,9999.000,9999.000,9999.000,9999.000,9999.000,9999.000,9999.000
202602142054,  13.444,  13.385,9999.000,9999.000,9999.000,9999.000,9999.000,9999.000,9999.000
202602142100,  13.260,  13.195,  -0.900,   0.835,  13.195,  -1.000,  13.095,  -0.800,  13.295
202602142106,  13.063,  12.995,9999.000,9999.000,9999.000,9999.000,9999.000,9999.000,9999.000
202602142112,  12.854,  12.795,9999.000,9999.000,9999.000,9999.000,9999.000,9999.000,9999.000
202602142118,  12.634,  12.595,9999.000,9999.000,9999.000,9999.000,9999.000,9999.000,9999.000
202602142124,  12.402,  12.365,9999.000,9999.000,9999.000,9999.000,9999.000,9999.000,9999.000
202602142130,  12.159,  12.106,9999.000,9999.000,9999.000,9999.000,9999.000,9999.000,9999.000
202602142136,  11.906,  11.827,9999.000,9999.000,9999.000,9999.000,9999.000,9999.000,9999.000
202602142142,  11.644,  11.555,9999.000,9999.000,9999.000,9999.000,9999.000,9999.000,9999.000
202602142148,  11.371,  11.306,9999.000,9999.000,9999.000,9999.000,9999.000,9999.000,9999.000
202602142154,  11.090,  11.047,9999.000,9999.000,9999.000,9999.000,9999.000,9999.000,9999.000
202602142200,  10.801,  10.748,  -0.900,   0.847,  10.748,  -0.900,  10.748,  -0.800,  10.848
202602142206,  10.504,  10.436,9999.000,9999.000,9999.000,9999.000,9999.000,9999.000,9999.000
202602142212,  10.200,  10.128,9999.000,9999.000,9999.000,9999.000,9999.000,9999.000,9999.000
202602142218,   9.889,   9.807,9999.000,9999.000,9999.000,9999.000,9999.000,9999.000,9999.000
202602142224,   9.573,   9.508,9999.000,9999.000,9999.000,9999.000,9999.000,9999.000,9999.000
202602142230,   9.252,   9.206,9999.000,9999.000,9999.000,9999.000,9999.000,9999.000,9999.000
202602142236,   8.927,   8.888,9999.000,9999.000,9999.000,9999.000,9999.000,9999.000,9999.000
202602142242,   8.598,   8.537,9999.000,9999.000,9999.000,9999.000,9999.000,9999.000,9999.000
202602142248,   8.266,   8.186,9999.000,9999.000,9999.000,9999.000,9999.000,9999.000,9999.000
202602142254,   7.932,   7.839,9999.000,9999.000,9999.000,9999.000,9999.000,9999.000,9999.000
202602142300,   7.596,   7.537,  -0.800,   0.741,   7.537,  -0.900,   7.437,  -0.800,   7.537
202602142306,   7.260,   7.219,9999.000,9999.000,9999.000,9999.000,9999.000,9999.000,9999.000
202602142312,   6.924,   6.878,9999.000,9999.000,9999.000,9999.000,9999.000,9999.000,9999.000
202602142318,   6.589,   6.527,9999.000,9999.000,9999.000,9999.000,9999.000,9999.000,9999.000
202602142324,   6.255,   6.179,9999.000,9999.000,9999.000,9999.000,9999.000,9999.000,9999.000
202602142330,   5.925,   5.828,9999.000,9999.000,9999.000,9999.000,9999.000,9999.000,9999.000
202602142336,   5.597,   5.507,9999.000,9999.000,9999.000,9999.000,9999.000,9999.000,9999.000
202602142342,   5.273,   5.188,9999.000,9999.000,9999.000,9999.000,9999.000,9999.000,9999.000
202602142348,   4.954,   4.900,9999.000,9999.000,9999.000,9999.000,9999.000,9999.000,9999.000
202602142354,   4.640,   4.559,9999.000,9999.000,9999.000,9999.000,9999.000,9999.000,9999.000
202602150000,   4.333,   4.257,  -0.700,   0.624,   4.257,  -0.700,   4.257,  -0.600,   4.357
202602150006,   4.033,   3.949,9999.000,9999.000,9999.000,9999.000,9999.000,9999.000,9999.000
202602150012,   3.740,   3.637,9999.000,9999.000,9999.000,9999.000,9999.000,9999.000,9999.000
202602150018,   3.456,   3.319,9999.000,9999.000,9999.000,9999.000,9999.000,9999.000,9999.000
202602150024,   3.180,   3.017,9999.000,9999.000,9999.000,9999.000,9999.000,9999.000,9999.000
202602150030,   2.914,   2.768,9999.000,9999.000,9999.000,9999.000,9999.000,9999.000,9999.000
202602150036,   2.659,   2.489,9999.000,9999.000,9999.000,9999.000,9999.000,9999.000,9999.000
202602150042,   2.414,   2.289,9999.000,9999.000,9999.000,9999.000,9999.000,9999.000,9999.000
202602150048,   2.181,   2.020,9999.000,9999.000,9999.000,9999.000,9999.000,9999.000,9999.000
202602150054,   1.960,   1.840,9999.000,9999.000,9999.000,9999.000,9999.000,9999.000,9999.000
202602150100,   1.751,   1.580,  -0.600,   0.429,   1.580,  -0.700,   1.480,  -0.600,   1.580
202602150106,   1.555,   1.380,9999.000,9999.000,9999.000,9999.000,9999.000,9999.000,9999.000
202602150112,   1.373,   1.170,9999.000,9999.000,9999.000,9999.000,9999.000,9999.000,9999.000
202602150118,   1.204,   0.970,9999.000,9999.000,9999.000,9999.000,9999.000,9999.000,9999.000
202602150124,   1.050,   0.839,9999.000,9999.000,9999.000,9999.000,9999.000,9999.000,9999.000
202602150130,   0.910,   0.708,9999.000,9999.000,9999.000,9999.000,9999.000,9999.000,9999.000
202602150136,   0.785,   0.570,9999.000,9999.000,9999.000,9999.000,9999.000,9999.000,9999.000
202602150142,   0.675,   0.439,9999.000,9999.000,9999.000,9999.000,9999.000,9999.000,9999.000
202602150148,   0.580,   0.331,9999.000,9999.000,9999.000,9999.000,9999.000,9999.000,9999.000
202602150154,   0.501,   0.249,9999.000,9999.000,9999.000,9999.000,9999.000,9999.000,9999.000
202602150200,   0.438,   0.200,  -0.700,   0.462,   0.200,  -0.700,   0.200,  -0.600,   0.300
202602150206,   0.390,   0.121,9999.000,9999.000,9999.000,9999.000,9999.000,9999.000,9999.000
202602150212,   0.358,   0.098,9999.000,9999.000,9999.000,9999.000,9999.000,9999.000,9999.000
202602150218,   0.343,   0.059,9999.000,9999.000,9999.000,9999.000,9999.000,9999.000,9999.000
202602150224,   0.342,   0.078,9999.000,9999.000,9999.000,9999.000,9999.000,9999.000,9999.000
202602150230,   0.358,   0.068,9999.000,9999.000,9999.000,9999.000,9999.000,9999.000,9999.000
202602150236,   0.390,   0.121,9999.000,9999.000,9999.000,9999.000,9999.000,9999.000,9999.000
202602150242,   0.437,   0.141,9999.000,9999.000,9999.000,9999.000,9999.000,9999.000,9999.000
202602150248,   0.500,   0.209,9999.000,9999.000,9999.000,9999.000,9999.000,9999.000,9999.000
202602150254,   0.577,   0.268,9999.000,9999.000,9999.000,9999.000,9999.000,9999.000,9999.000
202602150300,   0.670,   0.360,  -0.800,   0.490,   0.360,  -0.800,   0.360,  -0.700,   0.460
202602150306,   0.778,   0.419,9999.000,9999.000,9999.000,9999.000,9999.000,9999.000,9999.000
202602150312,   0.900,   0.560,9999.000,9999.000,9999.000,9999.000,9999.000,9999.000,9999.000
202602150318,   1.036,   0.669,9999.000,9999.000,9999.000,9999.000,9999.000,9999.000,9999.000
202602150324,   1.186,   0.839,9999.000,9999.000,9999.000,9999.000,9999.000,9999.000,9999.000
202602150330,   1.350,   0.990,9999.000,9999.000,9999.000,9999.000,9999.000,9999.000,9999.000
202602150336,   1.526,   1.161,9999.000,9999.000,9999.000,9999.000,9999.000,9999.000,9999.000
202602150342,   1.715,   1.348,9999.000,9999.000,9999.000,9999.000,9999.000,9999.000,9999.000
202602150348,   1.915,   1.528,9999.000,9999.000,9999.000,9999.000,9999.000,9999.000,9999.000
202602150354,   2.128,   1.748,9999.000,9999.000,9999.000,9999.000,9999.000,9999.000,9999.000
202602150400,   2.351,   1.948,  -0.900,   0.497,   1.948,  -0.900,   1.948,  -0.800,   2.048
202602150406,   2.584,   2.220,9999.000,9999.000,9999.000,9999.000,9999.000,9999.000,9999.000
202602150412,   2.827,   2.469,9999.000,9999.000,9999.000,9999.000,9999.000,9999.000,9999.000
202602150418,   3.080,   2.748,9999.000,9999.000,9999.000,9999.000,9999.000,9999.000,9999.000
202602150424,   3.341,   2.988,9999.000,9999.000,9999.000,9999.000,9999.000,9999.000,9999.000
202602150430,   3.610,   3.270,9999.000,9999.000,9999.000,9999.000,9999.000,9999.000,9999.000
202602150436,   3.886,   3.558,9999.000,9999.000,9999.000,9999.000,9999.000,9999.000,9999.000
202602150442,   4.169,   3.870,9999.000,9999.000,9999.000,9999.000,9999.000,9999.000,9999.000
202602150448,   4.458,   4.129,9999.000,9999.000,9999.000,9999.000,9999.000,9999.000,9999.000
202602150454,   4.752,   4.437,9999.000,9999.000,9999.000,9999.000,9999.000,9999.000,9999.000
202602150500,   5.050,   4.719,  -0.900,   0.569,   4.719,  -1.000,   4.619,  -0.900,   4.719
202602150506,   5.353,   5.057,9999.000,9999.000,9999.000,9999.000,9999.000,9999.000,9999.000
202602150512,   5.658,   5.329,9999.000,9999.000,9999.000,9999.000,9999.000,9999.000,9999.000
202602150518,   5.966,   5.667,9999.000,9999.000,9999.000,9999.000,9999.000,9999.000,9999.000
202602150524,   6.276,   5.959,9999.000,9999.000,9999.000,9999.000,9999.000,9999.000,9999.000
202602150530,   6.587,   6.327,9999.000,9999.000,9999.000,9999.000,9999.000,9999.000,9999.000
202602150536,   6.897,   6.599,9999.000,9999.000,9999.000,9999.000,9999.000,9999.000,9999.000
202602150542,   7.208,   6.917,9999.000,9999.000,9999.000,9999.000,9999.000,9999.000,9999.000
202602150548,   7.517,   7.209,9999.000,9999.000,9999.000,9999.000,9999.000,9999.000,9999.000
202602150554,   7.824,9999.000,9999.000,9999.000,9999.000,9999.000,9999.000,9999.000,9999.000
202602150600,   8.129,9999.000,  -1.000,   0.566,   7.695,  -1.000,   7.695,  -0.900,   7.795
202602150606,   8.430,9999.000,9999.000,9999.000,9999.000,9999.000,9999.000,9999.000,9999.000
202602150612,   8.728,9999.000,9999.000,9999.000,9999.000,9999.000,9999.000,9999.000,9999.000
202602150618,   9.021,9999.000,9999.000,9999.000,9999.000,9999.000,9999.000,9999.000,9999.000
202602150624,   9.308,9999.000,9999.000,9999.000,9999.000,9999.000,9999.000,9999.000,9999.000
202602150630,   9.589,9999.000,9999.000,9999.000,9999.000,9999.000,9999.000,9999.000,9999.000
202602150636,   9.864,9999.000,9999.000,9999.000,9999.000,9999.000,9999.000,9999.000,9999.000
202602150642,  10.131,9999.000,9999.000,9999.000,9999.000,9999.000,9999.000,9999.000,9999.000
202602150648,  10.391,9999.000,9999.000,9999.000,9999.000,9999.000,9999.000,9999.000,9999.000
202602150654,  10.642,9999.000,9999.000,9999.000,9999.000,9999.000,9999.000,9999.000,9999.000
202602150700,  10.883,9999.000,  -1.000,   0.564,  10.447,  -1.000,  10.447,  -0.900,  10.547
202602150706,  11.116,9999.000,9999.000,9999.000,9999.000,9999.000,9999.000,9999.000,9999.000
202602150712,  11.338,9999.000,9999.000,9999.000,9999.000,9999.000,9999.000,9999.000,9999.000
202602150718,  11.549,9999.000,9999.000,9999.000,9999.000,9999.000,9999.000,9999.000,9999.000
202602150724,  11.750,9999.000,9999.000,9999.000,9999.000,9999.000,9999.000,9999.000,9999.000
202602150730,  11.939,9999.000,9999.000,9999.000,9999.000,9999.000,9999.000,9999.000,9999.000
202602150736,  12.116,9999.000,9999.000,9999.000,9999.000,9999.000,9999.000,9999.000,9999.000
202602150742,  12.280,9999.000,9999.000,9999.000,9999.000,9999.000,9999.000,9999.000,9999.000
202602150748,  12.432,9999.000,9999.000,9999.000,9999.000,9999.000,9999.000,9999.000,9999.000
202602150754,  12.570,9999.000,9999.000,9999.000,9999.000,9999.000,9999.000,9999.000,9999.000
202602150800,  12.695,9999.000,  -0.900,   0.561,  12.356,  -1.000,  12.256,  -0.900,  12.356
202602150806,  12.807,9999.000,9999.000,9999.000,9999.000,9999.000,9999.000,9999.000,9999.000
202602150812,  12.905,9999.000,9999.000,9999.000,9999.000,9999.000,9999.000,9999.000,9999.000
202602150818,  12.988,9999.000,9999.000,9999.000,9999.000,9999.000,9999.000,9999.000,9999.000
202602150824,  13.058,9999.000,9999.000,9999.000,9999.000,9999.000,9999.000,9999.000,9999.000
202602150830,  13.112,9999.000,9999.000,9999.000,9999.000,9999.000,9999.000,9999.000,9999.000
202602150836,  13.153,9999.000,9999.000,9999.000,9999.000,9999.000,9999.000,9999.000,9999.000
202602150842,  13.179,9999.000,9999.000,9999.000,9999.000,9999.000,9999.000,9999.000,9999.000
202602150848,  13.190,9999.000,9999.000,9999.000,9999.000,9999.000,9999.000,9999.000,9999.000
202602150854,  13.187,9999.000,9999.000,9999.000,9999.000,9999.000,9999.000,9999.000,9999.000
202602150900,  13.170,9999.000,  -0.800,   0.558,  12.928,  -0.900,  12.828,  -0.800,  12.928
202602150906,  13.138,9999.000,9999.000,9999.000,9999.000,9999.000,9999.000,9999.000,9999.000
202602150912,  13.092,9999.000,9999.000,9999.000,9999.000,9999.000,9999.000,9999.000,9999.000
202602150918,  13.032,9999.000,9999.000,9999.000,9999.000,9999.000,9999.000,9999.000,9999.000
202602150924,  12.958,9999.000,9999.000,9999.000,9999.000,9999.000,9999.000,9999.000,9999.000
202602150930,  12.870,9999.000,9999.000,9999.000,9999.000,9999.000,9999.000,9999.000,9999.000
202602150936,  12.770,9999.000,9999.000,9999.000,9999.000,9999.000,9999.000,9999.000,9999.000
202602150942,  12.656,9999.000,9999.000,9999.000,9999.000,9999.000,9999.000,9999.000,9999.000
202602150948,  12.531,9999.000,9999.000,9999.000,9999.000,9999.000,9999.000,9999.000,9999.000
202602150954,  12.393,9999.000,9999.000,9999.000,9999.000,9999.000,9999.000,9999.000,9999.000
202602151000,  12.243,9999.000,  -0.800,   0.556,  11.999,  -0.800,  11.999,  -0.800,  11.999
202602151006,  12.082,9999.000,9999.000,9999.000,9999.000,9999.000,9999.000,9999.000,9999.000
202602151012,  11.911,9999.000,9999.000,9999.000,9999.000,9999.000,9999.000,9999.000,9999.000
202602151018,  11.730,9999.000,9999.000,9999.000,9999.000,9999.000,9999.000,9999.000,9999.000
202602151024,  11.539,9999.000,9999.000,9999.000,9999.000,9999.000,9999.000,9999.000,9999.000
202602151030,  11.339,9999.000,9999.000,9999.000,9999.000,9999.000,9999.000,9999.000,9999.000
202602151036,  11.131,9999.000,9999.000,9999.000,9999.000,9999.000,9999.000,9999.000,9999.000
202602151042,  10.916,9999.000,9999.000,9999.000,9999.000,9999.000,9999.000,9999.000,9999.000
202602151048,  10.694,9999.000,9999.000,9999.000,9999.000,9999.000,9999.000,9999.000,9999.000
202602151054,  10.465,9999.000,9999.000,9999.000,9999.000,9999.000,9999.000,9999.000,9999.000
202602151100,  10.231,9999.000,  -0.700,   0.553,  10.084,  -0.800,   9.984,  -0.700,  10.084
202602151106,   9.993,9999.000,9999.000,9999.000,9999.000,9999.000,9999.000,9999.000,9999.000
202602151112,   9.751,9999.000,9999.000,9999.000,9999.000,9999.000,9999.000,9999.000,9999.000
202602151118,   9.506,9999.000,9999.000,9999.000,9999.000,9999.000,9999.000,9999.000,9999.000
202602151124,   9.258,9999.000,9999.000,9999.000,9999.000,9999.000,9999.000,9999.000,9999.000
202602151130,   9.009,9999.000,9999.000,9999.000,9999.000,9999.000,9999.000,9999.000,9999.000
202602151136,   8.760,9999.000,9999.000,9999.000,9999.000,9999.000,9999.000,9999.000,9999.000
202602151142,   8.510,9999.000,9999.000,9999.000,9999.000,9999.000,9999.000,9999.000,9999.000
202602151148,   8.262,9999.000,9999.000,9999.000,9999.000,9999.000,9999.000,9999.000,9999.000
202602151154,   8.015,9999.000,9999.000,9999.000,9999.000,9999.000,9999.000,9999.000,9999.000
202602151200,   7.771,9999.000,  -0.700,   0.550,   7.621,  -0.800,   7.521,  -0.700,   7.621
202602151206,   7.530,9999.000,9999.000,9999.000,9999.000,9999.000,9999.000,9999.000,9999.000
202602151212,   7.294,9999.000,9999.000,9999.000,9999.000,9999.000,9999.000,9999.000,9999.000
202602151218,   7.062,9999.000,9999.000,9999.000,9999.000,9999.000,9999.000,9999.000,9999.000
202602151224,   6.837,9999.000,9999.000,9999.000,9999.000,9999.000,9999.000,9999.000,9999.000
202602151230,   6.617,9999.000,9999.000,9999.000,9999.000,9999.000,9999.000,9999.000,9999.000
202602151236,   6.405,9999.000,9999.000,9999.000,9999.000,9999.000,9999.000,9999.000,9999.000
202602151242,   6.201,9999.000,9999.000,9999.000,9999.000,9999.000,9999.000,9999.000,9999.000
202602151248,   6.006,9999.000,9999.000,9999.000,9999.000,9999.000,9999.000,9999.000,9999.000
202602151254,   5.819,9999.000,9999.000,9999.000,9999.000,9999.000,9999.000,9999.000,9999.000
202602151300,   5.643,9999.000,  -0.700,   0.548,   5.491,  -0.700,   5.491,  -0.600,   5.591
202602151306,   5.477,9999.000,9999.000,9999.000,9999.000,9999.000,9999.000,9999.000,9999.000
202602151312,   5.322,9999.000,9999.000,9999.000,9999.000,9999.000,9999.000,9999.000,9999.000
202602151318,   5.179,9999.000,9999.000,9999.000,9999.000,9999.000,9999.000,9999.000,9999.000
202602151324,   5.048,9999.000,9999.000,9999.000,9999.000,9999.000,9999.000,9999.000,9999.000
202602151330,   4.929,9999.000,9999.000,9999.000,9999.000,9999.000,9999.000,9999.000,9999.000
202602151336,   4.823,9999.000,9999.000,9999.000,9999.000,9999.000,9999.000,9999.000,9999.000
202602151342,   4.730,9999.000,9999.000,9999.000,9999.000,9999.000,9999.000,9999.000,9999.000
202602151348,   4.652,9999.000,9999.000,9999.000,9999.000,9999.000,9999.000,9999.000,9999.000
202602151354,   4.586,9999.000,9999.000,9999.000,9999.000,9999.000,9999.000,9999.000,9999.000
202602151400,   4.535,9999.000,  -0.600,   0.545,   4.480,  -0.700,   4.380,  -0.600,   4.480
202602151406,   4.499,9999.000,9999.000,9999.000,9999.000,9999.000,9999.000,9999.000,9999.000
202602151412,   4.477,9999.000,9999.000,9999.000,9999.000,9999.000,9999.000,9999.000,9999.000
202602151418,   4.469,9999.000,9999.000,9999.000,9999.000,9999.000,9999.000,9999.000,9999.000
202602151424,   4.476,9999.000,9999.000,9999.000,9999.000,9999.000,9999.000,9999.000,9999.000
202602151430,   4.498,9999.000,9999.000,9999.000,9999.000,9999.000,9999.000,9999.000,9999.000
202602151436,   4.535,9999.000,9999.000,9999.000,9999.000,9999.000,9999.000,9999.000,9999.000
202602151442,   4.586,9999.000,9999.000,9999.000,9999.000,9999.000,9999.000,9999.000,9999.000
202602151448,   4.651,9999.000,9999.000,9999.000,9999.000,9999.000,9999.000,9999.000,9999.000
202602151454,   4.731,9999.000,9999.000,9999.000,9999.000,9999.000,9999.000,9999.000,9999.000
202602151500,   4.826,9999.000,  -0.600,   0.542,   4.768,  -0.600,   4.768,  -0.500,   4.868
202602151506,   4.934,9999.000,9999.000,9999.000,9999.000,9999.000,9999.000,9999.000,9999.000
202602151512,   5.055,9999.000,9999.000,9999.000,9999.000,9999.000,9999.000,9999.000,9999.000
202602151518,   5.190,9999.000,9999.000,9999.000,9999.000,9999.000,9999.000,9999.000,9999.000
202602151524,   5.338,9999.000,9999.000,9999.000,9999.000,9999.000,9999.000,9999.000,9999.000
202602151530,   5.499,9999.000,9999.000,9999.000,9999.000,9999.000,9999.000,9999.000,9999.000
202602151536,   5.671,9999.000,9999.000,9999.000,9999.000,9999.000,9999.000,9999.000,9999.000
202602151542,   5.856,9999.000,9999.000,9999.000,9999.000,9999.000,9999.000,9999.000,9999.000
202602151548,   6.051,9999.000,9999.000,9999.000,9999.000,9999.000,9999.000,9999.000,9999.000
202602151554,   6.258,9999.000,9999.000,9999.000,9999.000,9999.000,9999.000,9999.000,9999.000
202602151600,   6.474,9999.000,  -0.600,   0.540,   6.414,  -0.600,   6.414,  -0.500,   6.514
202602151606,   6.700,9999.000,9999.000,9999.000,9999.000,9999.000,9999.000,9999.000,9999.000
202602151612,   6.935,9999.000,9999.000,9999.000,9999.000,9999.000,9999.000,9999.000,9999.000
202602151618,   7.178,9999.000,9999.000,9999.000,9999.000,9999.000,9999.000,9999.000,9999.000
202602151624,   7.429,9999.000,9999.000,9999.000,9999.000,9999.000,9999.000,9999.000,9999.000
202602151630,   7.687,9999.000,9999.000,9999.000,9999.000,9999.000,9999.000,9999.000,9999.000
202602151636,   7.951,9999.000,9999.000,9999.000,9999.000,9999.000,9999.000,9999.000,9999.000
202602151642,   8.221,9999.000,9999.000,9999.000,9999.000,9999.000,9999.000,9999.000,9999.000
202602151648,   8.496,9999.000,9999.000,9999.000,9999.000,9999.000,9999.000,9999.000,9999.000
202602151654,   8.774,9999.000,9999.000,9999.000,9999.000,9999.000,9999.000,9999.000,9999.000
202602151700,   9.057,9999.000,  -0.600,   0.537,   8.994,  -0.600,   8.994,  -0.500,   9.094
202602151706,   9.342,9999.000,9999.000,9999.000,9999.000,9999.000,9999.000,9999.000,9999.000
202602151712,   9.628,9999.000,9999.000,9999.000,9999.000,9999.000,9999.000,9999.000,9999.000
202602151718,   9.916,9999.000,9999.000,9999.000,9999.000,9999.000,9999.000,9999.000,9999.000
202602151724,  10.205,9999.000,9999.000,9999.000,9999.000,9999.000,9999.000,9999.000,9999.000
202602151730,  10.493,9999.000,9999.000,9999.000,9999.000,9999.000,9999.000,9999.000,9999.000
202602151736,  10.780,9999.000,9999.000,9999.000,9999.000,9999.000,9999.000,9999.000,9999.000
202602151742,  11.065,9999.000,9999.000,9999.000,9999.000,9999.000,9999.000,9999.000,9999.000
202602151748,  11.347,9999.000,9999.000,9999.000,9999.000,9999.000,9999.000,9999.000,9999.000
202602151754,  11.625,9999.000,9999.000,9999.000,9999.000,9999.000,9999.000,9999.000,9999.000
202602151800,  11.900,9999.000,  -0.600,   0.537,  11.837,  -0.700,  11.737,  -0.500,  11.937
202602151806,  12.170,9999.000,9999.000,9999.000,9999.000,9999.000,9999.000,9999.000,9999.000
202602151812,  12.433,9999.000,9999.000,9999.000,9999.000,9999.000,9999.000,9999.000,9999.000
202602151818,  12.691,9999.000,9999.000,9999.000,9999.000,9999.000,9999.000,9999.000,9999.000
202602151824,  12.941,9999.000,9999.000,9999.000,9999.000,9999.000,9999.000,9999.000,9999.000
202602151830,  13.184,9999.000,9999.000,9999.000,9999.000,9999.000,9999.000,9999.000,9999.000
202602151836,  13.418,9999.000,9999.000,9999.000,9999.000,9999.000,9999.000,9999.000,9999.000
202602151842,  13.643,9999.000,9999.000,9999.000,9999.000,9999.000,9999.000,9999.000,9999.000
202602151848,  13.858,9999.000,9999.000,9999.000,9999.000,9999.000,9999.000,9999.000,9999.000
202602151854,  14.063,9999.000,9999.000,9999.000,9999.000,9999.000,9999.000,9999.000,9999.000
202602151900,  14.257,9999.000,  -0.600,   0.537,  14.194,  -0.700,  14.094,  -0.600,  14.194
202602151906,  14.439,9999.000,9999.000,9999.000,9999.000,9999.000,9999.000,9999.000,9999.000
202602151912,  14.609,9999.000,9999.000,9999.000,9999.000,9999.000,9999.000,9999.000,9999.000
202602151918,  14.766,9999.000,9999.000,9999.000,9999.000,9999.000,9999.000,9999.000,9999.000
202602151924,  14.910,9999.000,9999.000,9999.000,9999.000,9999.000,9999.000,9999.000,9999.000
202602151930,  15.041,9999.000,9999.000,9999.000,9999.000,9999.000,9999.000,9999.000,9999.000
202602151936,  15.157,9999.000,9999.000,9999.000,9999.000,9999.000,9999.000,9999.000,9999.000
202602151942,  15.259,9999.000,9999.000,9999.000,9999.000,9999.000,9999.000,9999.000,9999.000
202602151948,  15.346,9999.000,9999.000,9999.000,9999.000,9999.000,9999.000,9999.000,9999.000
202602151954,  15.418,9999.000,9999.000,9999.000,9999.000,9999.000,9999.000,9999.000,9999.000
202602152000,  15.474,9999.000,  -0.700,   0.537,  15.311,  -0.800,  15.211,  -0.600,  15.411
202602152006,  15.514,9999.000,9999.000,9999.000,9999.000,9999.000,9999.000,9999.000,9999.000
202602152012,  15.539,9999.000,9999.000,9999.000,9999.000,9999.000,9999.000,9999.000,9999.000
202602152018,  15.546,9999.000,9999.000,9999.000,9999.000,9999.000,9999.000,9999.000,9999.000
202602152024,  15.538,9999.000,9999.000,9999.000,9999.000,9999.000,9999.000,9999.000,9999.000
202602152030,  15.513,9999.000,9999.000,9999.000,9999.000,9999.000,9999.000,9999.000,9999.000
202602152036,  15.471,9999.000,9999.000,9999.000,9999.000,9999.000,9999.000,9999.000,9999.000
202602152042,  15.412,9999.000,9999.000,9999.000,9999.000,9999.000,9999.000,9999.000,9999.000
202602152048,  15.337,9999.000,9999.000,9999.000,9999.000,9999.000,9999.000,9999.000,9999.000
202602152054,  15.245,9999.000,9999.000,9999.000,9999.000,9999.000,9999.000,9999.000,9999.000
202602152100,  15.136,9999.000,  -0.700,   0.537,  14.973,  -0.800,  14.873,  -0.600,  15.073
202602152106,  15.011,9999.000,9999.000,9999.000,9999.000,9999.000,9999.000,9999.000,9999.000
202602152112,  14.869,9999.000,9999.000,9999.000,9999.000,9999.000,9999.000,9999.000,9999.000
202602152118,  14.711,9999.000,9999.000,9999.000,9999.000,9999.000,9999.000,9999.000,9999.000
202602152124,  14.537,9999.000,9999.000,9999.000,9999.000,9999.000,9999.000,9999.000,9999.000
202602152130,  14.347,9999.000,9999.000,9999.000,9999.000,9999.000,9999.000,9999.000,9999.000
202602152136,  14.142,9999.000,9999.000,9999.000,9999.000,9999.000,9999.000,9999.000,9999.000
202602152142,  13.921,9999.000,9999.000,9999.000,9999.000,9999.000,9999.000,9999.000,9999.000
202602152148,  13.687,9999.000,9999.000,9999.000,9999.000,9999.000,9999.000,9999.000,9999.000
202602152154,  13.437,9999.000,9999.000,9999.000,9999.000,9999.000,9999.000,9999.000,9999.000
202602152200,  13.175,9999.000,  -0.700,   0.537,  13.012,  -0.800,  12.912,  -0.700,  13.012
202602152206,  12.899,9999.000,9999.000,9999.000,9999.000,9999.000,9999.000,9999.000,9999.000
202602152212,  12.610,9999.000,9999.000,9999.000,9999.000,9999.000,9999.000,9999.000,9999.000
202602152218,  12.309,9999.000,9999.000,9999.000,9999.000,9999.000,9999.000,9999.000,9999.000
202602152224,  11.997,9999.000,9999.000,9999.000,9999.000,9999.000,9999.000,9999.000,9999.000
202602152230,  11.674,9999.000,9999.000,9999.000,9999.000,9999.000,9999.000,9999.000,9999.000
202602152236,  11.341,9999.000,9999.000,9999.000,9999.000,9999.000,9999.000,9999.000,9999.000
202602152242,  10.998,9999.000,9999.000,9999.000,9999.000,9999.000,9999.000,9999.000,9999.000
202602152248,  10.648,9999.000,9999.000,9999.000,9999.000,9999.000,9999.000,9999.000,9999.000
202602152254,  10.289,9999.000,9999.000,9999.000,9999.000,9999.000,9999.000,9999.000,9999.000
202602152300,   9.923,9999.000,  -0.700,   0.537,   9.760,  -0.800,   9.660,  -0.600,   9.860
202602152306,   9.551,9999.000,9999.000,9999.000,9999.000,9999.000,9999.000,9999.000,9999.000
202602152312,   9.174,9999.000,9999.000,9999.000,9999.000,9999.000,9999.000,9999.000,9999.000
202602152318,   8.792,9999.000,9999.000,9999.000,9999.000,9999.000,9999.000,9999.000,9999.000
202602152324,   8.407,9999.000,9999.000,9999.000,9999.000,9999.000,9999.000,9999.000,9999.000
202602152330,   8.019,9999.000,9999.000,9999.000,9999.000,9999.000,9999.000,9999.000,9999.000
202602152336,   7.630,9999.000,9999.000,9999.000,9999.000,9999.000,9999.000,9999.000,9999.000
202602152342,   7.239,9999.000,9999.000,9999.000,9999.000,9999.000,9999.000,9999.000,9999.000
202602152348,   6.849,9999.000,9999.000,9999.000,9999.000,9999.000,9999.000,9999.000,9999.000
202602152354,   6.460,9999.000,9999.000,9999.000,9999.000,9999.000,9999.000,9999.000,9999.000
202602160000,   6.073,9999.000,  -0.700,   0.537,   5.910,  -0.700,   5.910,  -0.600,   6.010
202602160006,   5.689,9999.000,9999.000,9999.000,9999.000,9999.000,9999.000,9999.000,9999.000
202602160012,   5.309,9999.000,9999.000,9999.000,9999.000,9999.000,9999.000,9999.000,9999.000
202602160018,   4.934,9999.000,9999.000,9999.000,9999.000,9999.000,9999.000,9999.000,9999.000
202602160024,   4.564,9999.000,9999.000,9999.000,9999.000,9999.000,9999.000,9999.000,9999.000
202602160030,   4.201,9999.000,9999.000,9999.000,9999.000,9999.000,9999.000,9999.000,9999.000
202602160036,   3.845,9999.000,9999.000,9999.000,9999.000,9999.000,9999.000,9999.000,9999.000
202602160042,   3.498,9999.000,9999.000,9999.000,9999.000,9999.000,9999.000,9999.000,9999.000
202602160048,   3.160,9999.000,9999.000,9999.000,9999.000,9999.000,9999.000,9999.000,9999.000
202602160054,   2.832,9999.000,9999.000,9999.000,9999.000,9999.000,9999.000,9999.000,9999.000
202602160100,   2.515,9999.000,  -0.600,   0.537,   2.452,  -0.700,   2.352,  -0.500,   2.552
202602160106,   2.210,9999.000,9999.000,9999.000,9999.000,9999.000,9999.000,9999.000,9999.000
202602160112,   1.916,9999.000,9999.000,9999.000,9999.000,9999.000,9999.000,9999.000,9999.000
202602160118,   1.636,9999.000,9999.000,9999.000,9999.000,9999.000,9999.000,9999.000,9999.000
202602160124,   1.370,9999.000,9999.000,9999.000,9999.000,9999.000,9999.000,9999.000,9999.000
202602160130,   1.118,9999.000,9999.000,9999.000,9999.000,9999.000,9999.000,9999.000,9999.000
202602160136,   0.881,9999.000,9999.000,9999.000,9999.000,9999.000,9999.000,9999.000,9999.000
202602160142,   0.659,9999.000,9999.000,9999.000,9999.000,9999.000,9999.000,9999.000,9999.000
202602160148,   0.453,9999.000,9999.000,9999.000,9999.000,9999.000,9999.000,9999.000,9999.000
202602160154,   0.264,9999.000,9999.000,9999.000,9999.000,9999.000,9999.000,9999.000,9999.000
202602160200,   0.092,9999.000,  -0.600,   0.537,   0.029,  -0.700,  -0.071,  -0.500,   0.129
202602160206,  -0.062,9999.000,9999.000,9999.000,9999.000,9999.000,9999.000,9999.000,9999.000
202602160212,  -0.199,9999.000,9999.000,9999.000,9999.000,9999.000,9999.000,9999.000,9999.000
202602160218,  -0.319,9999.000,9999.000,9999.000,9999.000,9999.000,9999.000,9999.000,9999.000
202602160224,  -0.420,9999.000,9999.000,9999.000,9999.000,9999.000,9999.000,9999.000,9999.000
202602160230,  -0.503,9999.000,9999.000,9999.000,9999.000,9999.000,9999.000,9999.000,9999.000
202602160236,  -0.568,9999.000,9999.000,9999.000,9999.000,9999.000,9999.000,9999.000,9999.000
202602160242,  -0.614,9999.000,9999.000,9999.000,9999.000,9999.000,9999.000,9999.000,9999.000
202602160248,  -0.641,9999.000,9999.000,9999.000,9999.000,9999.000,9999.000,9999.000,9999.000
202602160254,  -0.650,9999.000,9999.000,9999.000,9999.000,9999.000,9999.000,9999.000,9999.000
202602160300,  -0.640,9999.000,  -0.600,   0.537,  -0.703,  -0.800,  -0.903,  -0.500,  -0.603
202602160306,  -0.611,9999.000,9999.000,9999.000,9999.000,9999.000,9999.000,9999.000,9999.000
202602160312,  -0.564,9999.000,9999.000,9999.000,9999.000,9999.000,9999.000,9999.000,9999.000
202602160318,  -0.499,9999.000,9999.000,9999.000,9999.000,9999.000,9999.000,9999.000,9999.000
202602160324,  -0.416,9999.000,9999.000,9999.000,9999.000,9999.000,9999.000,9999.000,9999.000
202602160330,  -0.316,9999.000,9999.000,9999.000,9999.000,9999.000,9999.000,9999.000,9999.000
202602160336,  -0.198,9999.000,9999.000,9999.000,9999.000,9999.000,9999.000,9999.000,9999.000
202602160342,  -0.063,9999.000,9999.000,9999.000,9999.000,9999.000,9999.000,9999.000,9999.000
202602160348,   0.088,9999.000,9999.000,9999.000,9999.000,9999.000,9999.000,9999.000,9999.000
202602160354,   0.256,9999.000,9999.000,9999.000,9999.000,9999.000,9999.000,9999.000,9999.000
202602160400,   0.440,9999.000,  -0.700,   0.537,   0.277,  -0.800,   0.177,  -0.600,   0.377
202602160406,   0.639,9999.000,9999.000,9999.000,9999.000,9999.000,9999.000,9999.000,9999.000
202602160412,   0.852,9999.000,9999.000,9999.000,9999.000,9999.000,9999.000,9999.000,9999.000
202602160418,   1.080,9999.000,9999.000,9999.000,9999.000,9999.000,9999.000,9999.000,9999.000
202602160424,   1.321,9999.000,9999.000,9999.000,9999.000,9999.000,9999.000,9999.000,9999.000
202602160430,   1.576,9999.000,9999.000,9999.000,9999.000,9999.000,9999.000,9999.000,9999.000
202602160436,   1.842,9999.000,9999.000,9999.000,9999.000,9999.000,9999.000,9999.000,9999.000
202602160442,   2.121,9999.000,9999.000,9999.000,9999.000,9999.000,9999.000,9999.000,9999.000
202602160448,   2.410,9999.000,9999.000,9999.000,9999.000,9999.000,9999.000,9999.000,9999.000
202602160454,   2.709,9999.000,9999.000,9999.000,9999.000,9999.000,9999.000,9999.000,9999.000
202602160500,   3.018,9999.000,  -0.800,   0.537,   2.755,  -1.000,   2.555,  -0.700,   2.855
202602160506,   3.335,9999.000,9999.000,9999.000,9999.000,9999.000,9999.000,9999.000,9999.000
202602160512,   3.661,9999.000,9999.000,9999.000,9999.000,9999.000,9999.000,9999.000,9999.000
202602160518,   3.993,9999.000,9999.000,9999.000,9999.000,9999.000,9999.000,9999.000,9999.000
202602160524,   4.332,9999.000,9999.000,9999.000,9999.000,9999.000,9999.000,9999.000,9999.000
202602160530,   4.677,9999.000,9999.000,9999.000,9999.000,9999.000,9999.000,9999.000,9999.000
202602160536,   5.026,9999.000,9999.000,9999.000,9999.000,9999.000,9999.000,9999.000,9999.000
202602160542,   5.379,9999.000,9999.000,9999.000,9999.000,9999.000,9999.000,9999.000,9999.000
202602160548,   5.735,9999.000,9999.000,9999.000,9999.000,9999.000,9999.000,9999.000,9999.000
202602160554,   6.093,9999.000,9999.000,9999.000,9999.000,9999.000,9999.000,9999.000,9999.000
202602160600,   6.453,9999.000,  -0.900,   0.537,   6.090,  -1.100,   5.890,  -0.700,   6.290
202602160606,   6.813,9999.000,9999.000,9999.000,9999.000,9999.000,9999.000,9999.000,9999.000
202602160612,   7.173,9999.000,9999.000,9999.000,9999.000,9999.000,9999.000,9999.000,9999.000
202602160618,   7.532,9999.000,9999.000,9999.000,9999.000,9999.000,9999.000,9999.000,9999.000
202602160624,   7.889,9999.000,9999.000,9999.000,9999.000,9999.000,9999.000,9999.000,9999.000
202602160630,   8.243,9999.000,9999.000,9999.000,9999.000,9999.000,9999.000,9999.000,9999.000
202602160636,   8.593,9999.000,9999.000,9999.000,9999.000,9999.000,9999.000,9999.000,9999.000
202602160642,   8.939,9999.000,9999.000,9999.000,9999.000,9999.000,9999.000,9999.000,9999.000
202602160648,   9.280,9999.000,9999.000,9999.000,9999.000,9999.000,9999.000,9999.000,9999.000
202602160654,   9.615,9999.000,9999.000,9999.000,9999.000,9999.000,9999.000,9999.000,9999.000
202602160700,   9.943,9999.000,  -1.000,   0.537,   9.480,  -1.200,   9.280,  -0.800,   9.680
202602160706,  10.263,9999.000,9999.000,9999.000,9999.000,9999.000,9999.000,9999.000,9999.000
202602160712,  10.575,9999.000,9999.000,9999.000,9999.000,9999.000,9999.000,9999.000,9999.000
202602160718,  10.879,9999.000,9999.000,9999.000,9999.000,9999.000,9999.000,9999.000,9999.000
202602160724,  11.172,9999.000,9999.000,9999.000,9999.000,9999.000,9999.000,9999.000,9999.000
202602160730,  11.455,9999.000,9999.000,9999.000,9999.000,9999.000,9999.000,9999.000,9999.000
202602160736,  11.728,9999.000,9999.000,9999.000,9999.000,9999.000,9999.000,9999.000,9999.000
202602160742,  11.988,9999.000,9999.000,9999.000,9999.000,9999.000,9999.000,9999.000,9999.000
202602160748,  12.236,9999.000,9999.000,9999.000,9999.000,9999.000,9999.000,9999.000,9999.000
202602160754,  12.472,9999.000,9999.000,9999.000,9999.000,9999.000,9999.000,9999.000,9999.000
202602160800,  12.694,9999.000,  -1.000,   0.537,  12.231,  -1.200,  12.031,  -0.700,  12.531
202602160806,  12.902,9999.000,9999.000,9999.000,9999.000,9999.000,9999.000,9999.000,9999.000
202602160812,  13.096,9999.000,9999.000,9999.000,9999.000,9999.000,9999.000,9999.000,9999.000
202602160818,  13.275,9999.000,9999.000,9999.000,9999.000,9999.000,9999.000,9999.000,9999.000
202602160824,  13.439,9999.000,9999.000,9999.000,9999.000,9999.000,9999.000,9999.000,9999.000
202602160830,  13.587,9999.000,9999.000,9999.000,9999.000,9999.000,9999.000,9999.000,9999.000
202602160836,  13.719,9999.000,9999.000,9999.000,9999.000,9999.000,9999.000,9999.000,9999.000
202602160842,  13.835,9999.000,9999.000,9999.000,9999.000,9999.000,9999.000,9999.000,9999.000
202602160848,  13.934,9999.000,9999.000,9999.000,9999.000,9999.000,9999.000,9999.000,9999.000
202602160854,  14.017,9999.000,9999.000,9999.000,9999.000,9999.000,9999.000,9999.000,9999.000
202602160900,  14.082,9999.000,  -0.900,   0.537,  13.719,  -1.100,  13.519,  -0.600,  14.019
202602160906,  14.131,9999.000,9999.000,9999.000,9999.000,9999.000,9999.000,9999.000,9999.000
202602160912,  14.162,9999.000,9999.000,9999.000,9999.000,9999.000,9999.000,9999.000,9999.000
202602160918,  14.176,9999.000,9999.000,9999.000,9999.000,9999.000,9999.000,9999.000,9999.000
202602160924,  14.173,9999.000,9999.000,9999.000,9999.000,9999.000,9999.000,9999.000,9999.000
202602160930,  14.153,9999.000,9999.000,9999.000,9999.000,9999.000,9999.000,9999.000,9999.000
202602160936,  14.116,9999.000,9999.000,9999.000,9999.000,9999.000,9999.000,9999.000,9999.000
202602160942,  14.061,9999.000,9999.000,9999.000,9999.000,9999.000,9999.000,9999.000,9999.000
202602160948,  13.990,9999.000,9999.000,9999.000,9999.000,9999.000,9999.000,9999.000,9999.000
202602160954,  13.903,9999.000,9999.000,9999.000,9999.000,9999.000,9999.000,9999.000,9999.000
202602161000,  13.799,9999.000,  -0.800,   0.537,  13.536,  -1.000,  13.336,  -0.500,  13.836
202602161006,  13.679,9999.000,9999.000,9999.000,9999.000,9999.000,9999.000,9999.000,9999.000
202602161012,  13.544,9999.000,9999.000,9999.000,9999.000,9999.000,9999.000,9999.000,9999.000
202602161018,  13.393,9999.000,9999.000,9999.000,9999.000,9999.000,9999.000,9999.000,9999.000
202602161024,  13.228,9999.000,9999.000,9999.000,9999.000,9999.000,9999.000,9999.000,9999.000
202602161030,  13.049,9999.000,9999.000,9999.000,9999.000,9999.000,9999.000,9999.000,9999.000
202602161036,  12.856,9999.000,9999.000,9999.000,9999.000,9999.000,9999.000,9999.000,9999.000
202602161042,  12.650,9999.000,9999.000,9999.000,9999.000,9999.000,9999.000,9999.000,9999.000
202602161048,  12.432,9999.000,9999.000,9999.000,9999.000,9999.000,9999.000,9999.000,9999.000
202602161054,  12.201,9999.000,9999.000,9999.000,9999.000,9999.000,9999.000,9999.000,9999.000
202602161100,  11.960,9999.000,  -0.700,   0.537,  11.797,  -0.900,  11.597,  -0.500,  11.997
202602161106,  11.709,9999.000,9999.000,9999.000,9999.000,9999.000,9999.000,9999.000,9999.000
202602161112,  11.448,9999.000,9999.000,9999.000,9999.000,9999.000,9999.000,9999.000,9999.000
202602161118,  11.179,9999.000,9999.000,9999.000,9999.000,9999.000,9999.000,9999.000,9999.000
202602161124,  10.901,9999.000,9999.000,9999.000,9999.000,9999.000,9999.000,9999.000,9999.000
202602161130,  10.617,9999.000,9999.000,9999.000,9999.000,9999.000,9999.000,9999.000,9999.000
202602161136,  10.327,9999.000,9999.000,9999.000,9999.000,9999.000,9999.000,9999.000,9999.000
202602161142,  10.031,9999.000,9999.000,9999.000,9999.000,9999.000,9999.000,9999.000,9999.000
202602161148,   9.731,9999.000,9999.000,9999.000,9999.000,9999.000,9999.000,9999.000,9999.000
202602161154,   9.428,9999.000,9999.000,9999.000,9999.000,9999.000,9999.000,9999.000,9999.000
202602161200,   9.123,9999.000,  -0.600,   0.537,   9.060,  -0.900,   8.760,  -0.400,   9.260
202602161206,   8.816,9999.000,9999.000,9999.000,9999.000,9999.000,9999.000,9999.000,9999.000
202602161212,   8.508,9999.000,9999.000,9999.000,9999.000,9999.000,9999.000,9999.000,9999.000
202602161218,   8.202,9999.000,9999.000,9999.000,9999.000,9999.000,9999.000,9999.000,9999.000
202602161224,   7.896,9999.000,9999.000,9999.000,9999.000,9999.000,9999.000,9999.000,9999.000
202602161230,   7.594,9999.000,9999.000,9999.000,9999.000,9999.000,9999.000,9999.000,9999.000
202602161236,   7.295,9999.000,9999.000,9999.000,9999.000,9999.000,9999.000,9999.000,9999.000
202602161242,   7.000,9999.000,9999.000,9999.000,9999.000,9999.000,9999.000,9999.000,9999.000
202602161248,   6.710,9999.000,9999.000,9999.000,9999.000,9999.000,9999.000,9999.000,9999.000
202602161254,   6.427,9999.000,9999.000,9999.000,9999.000,9999.000,9999.000,9999.000,9999.000
202602161300,   6.152,9999.000,  -0.600,   0.537,   6.089,  -0.900,   5.789,  -0.400,   6.289
202602161306,   5.884,9999.000,9999.000,9999.000,9999.000,9999.000,9999.000,9999.000,9999.000
202602161312,   5.625,9999.000,9999.000,9999.000,9999.000,9999.000,9999.000,9999.000,9999.000
202602161318,   5.376,9999.000,9999.000,9999.000,9999.000,9999.000,9999.000,9999.000,9999.000
202602161324,   5.137,9999.000,9999.000,9999.000,9999.000,9999.000,9999.000,9999.000,9999.000
202602161330,   4.910,9999.000,9999.000,9999.000,9999.000,9999.000,9999.000,9999.000,9999.000
202602161336,   4.695,9999.000,9999.000,9999.000,9999.000,9999.000,9999.000,9999.000,9999.000
202602161342,   4.493,9999.000,9999.000,9999.000,9999.000,9999.000,9999.000,9999.000,9999.000
202602161348,   4.304,9999.000,9999.000,9999.000,9999.000,9999.000,9999.000,9999.000,9999.000
202602161354,   4.129,9999.000,9999.000,9999.000,9999.000,9999.000,9999.000,9999.000,9999.000
202602161400,   3.968,9999.000,  -0.700,   0.537,   3.805,  -0.900,   3.605,  -0.400,   4.105
202602161406,   3.823,9999.000,9999.000,9999.000,9999.000,9999.000,9999.000,9999.000,9999.000
202602161412,   3.693,9999.000,9999.000,9999.000,9999.000,9999.000,9999.000,9999.000,9999.000
202602161418,   3.580,9999.000,9999.000,9999.000,9999.000,9999.000,9999.000,9999.000,9999.000
202602161424,   3.482,9999.000,9999.000,9999.000,9999.000,9999.000,9999.000,9999.000,9999.000
202602161430,   3.402,9999.000,9999.000,9999.000,9999.000,9999.000,9999.000,9999.000,9999.000
202602161436,   3.338,9999.000,9999.000,9999.000,9999.000,9999.000,9999.000,9999.000,9999.000
202602161442,   3.291,9999.000,9999.000,9999.000,9999.000,9999.000,9999.000,9999.000,9999.000
202602161448,   3.262,9999.000,9999.000,9999.000,9999.000,9999.000,9999.000,9999.000,9999.000
202602161454,   3.250,9999.000,9999.000,9999.000,9999.000,9999.000,9999.000,9999.000,9999.000
202602161500,   3.256,9999.000,  -0.800,   0.537,   2.993,  -1.000,   2.793,  -0.500,   3.293
202602161506,   3.279,9999.000,9999.000,9999.000,9999.000,9999.000,9999.000,9999.000,9999.000
202602161512,   3.320,9999.000,9999.000,9999.000,9999.000,9999.000,9999.000,9999.000,9999.000
202602161518,   3.378,9999.000,9999.000,9999.000,9999.000,9999.000,9999.000,9999.000,9999.000
202602161524,   3.453,9999.000,9999.000,9999.000,9999.000,9999.000,9999.000,9999.000,9999.000
202602161530,   3.545,9999.000,9999.000,9999.000,9999.000,9999.000,9999.000,9999.000,9999.000
202602161536,   3.654,9999.000,9999.000,9999.000,9999.000,9999.000,9999.000,9999.000,9999.000
202602161542,   3.780,9999.000,9999.000,9999.000,9999.000,9999.000,9999.000,9999.000,9999.000
202602161548,   3.921,9999.000,9999.000,9999.000,9999.000,9999.000,9999.000,9999.000,9999.000
202602161554,   4.079,9999.000,9999.000,9999.000,9999.000,9999.000,9999.000,9999.000,9999.000
202602161600,   4.251,9999.000,  -0.900,   0.537,   3.888,  -1.100,   3.688,  -0.700,   4.088
202602161606,   4.439,9999.000,9999.000,9999.000,9999.000,9999.000,9999.000,9999.000,9999.000
202602161612,   4.640,9999.000,9999.000,9999.000,9999.000,9999.000,9999.000,9999.000,9999.000
202602161618,   4.856,9999.000,9999.000,9999.000,9999.000,9999.000,9999.000,9999.000,9999.000
202602161624,   5.085,9999.000,9999.000,9999.000,9999.000,9999.000,9999.000,9999.000,9999.000
202602161630,   5.326,9999.000,9999.000,9999.000,9999.000,9999.000,9999.000,9999.000,9999.000
202602161636,   5.579,9999.000,9999.000,9999.000,9999.000,9999.000,9999.000,9999.000,9999.000
202602161642,   5.843,9999.000,9999.000,9999.000,9999.000,9999.000,9999.000,9999.000,9999.000
202602161648,   6.118,9999.000,9999.000,9999.000,9999.000,9999.000,9999.000,9999.000,9999.000
202602161654,   6.403,9999.000,9999.000,9999.000,9999.000,9999.000,9999.000,9999.000,9999.000
202602161700,   6.696,9999.000,  -1.100,   0.537,   6.133,  -1.300,   5.933,  -0.900,   6.333
202602161706,   6.998,9999.000,9999.000,9999.000,9999.000,9999.000,9999.000,9999.000,9999.000
202602161712,   7.307,9999.000,9999.000,9999.000,9999.000,9999.000,9999.000,9999.000,9999.000
202602161718,   7.623,9999.000,9999.000,9999.000,9999.000,9999.000,9999.000,9999.000,9999.000
202602161724,   7.945,9999.000,9999.000,9999.000,9999.000,9999.000,9999.000,9999.000,9999.000
202602161730,   8.271,9999.000,9999.000,9999.000,9999.000,9999.000,9999.000,9999.000,9999.000
202602161736,   8.602,9999.000,9999.000,9999.000,9999.000,9999.000,9999.000,9999.000,9999.000
202602161742,   8.935,9999.000,9999.000,9999.000,9999.000,9999.000,9999.000,9999.000,9999.000
202602161748,   9.271,9999.000,9999.000,9999.000,9999.000,9999.000,9999.000,9999.000,9999.000
202602161754,   9.609,9999.000,9999.000,9999.000,9999.000,9999.000,9999.000,9999.000,9999.000
202602161800,   9.946,9999.000,  -1.200,   0.537,   9.283,  -1.500,   8.983,  -1.000,   9.483
202602161806,  10.284,9999.000,9999.000,9999.000,9999.000,9999.000,9999.000,9999.000,9999.000
202602161812,  10.620,9999.000,9999.000,9999.000,9999.000,9999.000,9999.000,9999.000,9999.000
202602161818,  10.954,9999.000,9999.000,9999.000,9999.000,9999.000,9999.000,9999.000,9999.000
202602161824,  11.285,9999.000,9999.000,9999.000,9999.000,9999.000,9999.000,9999.000,9999.000
202602161830,  11.612,9999.000,9999.000,9999.000,9999.000,9999.000,9999.000,9999.000,9999.000
202602161836,  11.935,9999.000,9999.000,9999.000,9999.000,9999.000,9999.000,9999.000,9999.000
202602161842,  12.251,9999.000,9999.000,9999.000,9999.000,9999.000,9999.000,9999.000,9999.000
202602161848,  12.561,9999.000,9999.000,9999.000,9999.000,9999.000,9999.000,9999.000,9999.000
202602161854,  12.864,9999.000,9999.000,9999.000,9999.000,9999.000,9999.000,9999.000,9999.000
202602161900,  13.159,9999.000,  -1.300,   0.537,  12.396,  -1.600,  12.096,  -1.000,  12.696
202602161906,  13.445,9999.000,9999.000,9999.000,9999.000,9999.000,9999.000,9999.000,9999.000
202602161912,  13.721,9999.000,9999.000,9999.000,9999.000,9999.000,9999.000,9999.000,9999.000
202602161918,  13.987,9999.000,9999.000,9999.000,9999.000,9999.000,9999.000,9999.000,9999.000
202602161924,  14.242,9999.000,9999.000,9999.000,9999.000,9999.000,9999.000,9999.000,9999.000
202602161930,  14.484,9999.000,9999.000,9999.000,9999.000,9999.000,9999.000,9999.000,9999.000
202602161936,  14.714,9999.000,9999.000,9999.000,9999.000,9999.000,9999.000,9999.000,9999.000
202602161942,  14.931,9999.000,9999.000,9999.000,9999.000,9999.000,9999.000,9999.000,9999.000
202602161948,  15.134,9999.000,9999.000,9999.000,9999.000,9999.000,9999.000,9999.000,9999.000
202602161954,  15.322,9999.000,9999.000,9999.000,9999.000,9999.000,9999.000,9999.000,9999.000
202602162000,  15.495,9999.000,  -1.300,   0.537,  14.732,  -1.600,  14.432,  -1.100,  14.932
202602162006,  15.653,9999.000,9999.000,9999.000,9999.000,9999.000,9999.000,9999.000,9999.000
202602162012,  15.794,9999.000,9999.000,9999.000,9999.000,9999.000,9999.000,9999.000,9999.000
202602162018,  15.919,9999.000,9999.000,9999.000,9999.000,9999.000,9999.000,9999.000,9999.000
202602162024,  16.027,9999.000,9999.000,9999.000,9999.000,9999.000,9999.000,9999.000,9999.000
202602162030,  16.117,9999.000,9999.000,9999.000,9999.000,9999.000,9999.000,9999.000,9999.000
202602162036,  16.189,9999.000,9999.000,9999.000,9999.000,9999.000,9999.000,9999.000,9999.000
202602162042,  16.243,9999.000,9999.000,9999.000,9999.000,9999.000,9999.000,9999.000,9999.000
202602162048,  16.279,9999.000,9999.000,9999.000,9999.000,9999.000,9999.000,9999.000,9999.000
202602162054,  16.296,9999.000,9999.000,9999.000,9999.000,9999.000,9999.000,9999.000,9999.000
202602162100,  16.294,9999.000,  -1.300,   0.537,  15.531,  -1.700,  15.131,  -1.100,  15.731
202602162106,  16.273,9999.000,9999.000,9999.000,9999.000,9999.000,9999.000,9999.000,9999.000
202602162112,  16.233,9999.000,9999.000,9999.000,9999.000,9999.000,9999.000,9999.000,9999.000
202602162118,  16.174,9999.000,9999.000,9999.000,9999.000,9999.000,9999.000,9999.000,9999.000
202602162124,  16.095,9999.000,9999.000,9999.000,9999.000,9999.000,9999.000,9999.000,9999.000
202602162130,  15.997,9999.000,9999.000,9999.000,9999.000,9999.000,9999.000,9999.000,9999.000
202602162136,  15.880,9999.000,9999.000,9999.000,9999.000,9999.000,9999.000,9999.000,9999.000
202602162142,  15.744,9999.000,9999.000,9999.000,9999.000,9999.000,9999.000,9999.000,9999.000
202602162148,  15.589,9999.000,9999.000,9999.000,9999.000,9999.000,9999.000,9999.000,9999.000
202602162154,  15.416,9999.000,9999.000,9999.000,9999.000,9999.000,9999.000,9999.000,9999.000
202602162200,  15.224,9999.000,  -1.300,   0.537,  14.461,  -1.600,  14.161,  -1.100,  14.661
202602162206,  15.015,9999.000,9999.000,9999.000,9999.000,9999.000,9999.000,9999.000,9999.000
202602162212,  14.787,9999.000,9999.000,9999.000,9999.000,9999.000,9999.000,9999.000,9999.000
202602162218,  14.543,9999.000,9999.000,9999.000,9999.000,9999.000,9999.000,9999.000,9999.000
202602162224,  14.282,9999.000,9999.000,9999.000,9999.000,9999.000,9999.000,9999.000,9999.000
202602162230,  14.004,9999.000,9999.000,9999.000,9999.000,9999.000,9999.000,9999.000,9999.000
202602162236,  13.711,9999.000,9999.000,9999.000,9999.000,9999.000,9999.000,9999.000,9999.000
202602162242,  13.403,9999.000,9999.000,9999.000,9999.000,9999.000,9999.000,9999.000,9999.000
202602162248,  13.080,9999.000,9999.000,9999.000,9999.000,9999.000,9999.000,9999.000,9999.000
202602162254,  12.744,9999.000,9999.000,9999.000,9999.000,9999.000,9999.000,9999.000,9999.000
202602162300,  12.395,9999.000,  -1.200,   0.537,  11.732,  -1.500,  11.432,  -1.000,  11.932
202602162306,  12.034,9999.000,9999.000,9999.000,9999.000,9999.000,9999.000,9999.000,9999.000
202602162312,  11.661,9999.000,9999.000,9999.000,9999.000,9999.000,9999.000,9999.000,9999.000
202602162318,  11.278,9999.000,9999.000,9999.000,9999.000,9999.000,9999.000,9999.000,9999.000
202602162324,  10.886,9999.000,9999.000,9999.000,9999.000,9999.000,9999.000,9999.000,9999.000
202602162330,  10.484,9999.000,9999.000,9999.000,9999.000,9999.000,9999.000,9999.000,9999.000
202602162336,  10.075,9999.000,9999.000,9999.000,9999.000,9999.000,9999.000,9999.000,9999.000
202602162342,   9.659,9999.000,9999.000,9999.000,9999.000,9999.000,9999.000,9999.000,9999.000
202602162348,   9.238,9999.000,9999.000,9999.000,9999.000,9999.000,9999.000,9999.000,9999.000
202602162354,   8.812,9999.000,9999.000,9999.000,9999.000,9999.000,9999.000,9999.000,9999.000
202602170000,   8.382,9999.000,  -1.200,   0.537,   7.719,  -1.500,   7.419,  -0.900,   8.019
202602170006,   7.949,9999.000,9999.000,9999.000,9999.000,9999.000,9999.000,9999.000,9999.000
202602170012,   7.515,9999.000,9999.000,9999.000,9999.000,9999.000,9999.000,9999.000,9999.000
202602170018,   7.080,9999.000,9999.000,9999.000,9999.000,9999.000,9999.000,9999.000,9999.000
202602170024,   6.646,9999.000,9999.000,9999.000,9999.000,9999.000,9999.000,9999.000,9999.000
202602170030,   6.214,9999.000,9999.000,9999.000,9999.000,9999.000,9999.000,9999.000,9999.000
202602170036,   5.785,9999.000,9999.000,9999.000,9999.000,9999.000,9999.000,9999.000,9999.000
202602170042,   5.359,9999.000,9999.000,9999.000,9999.000,9999.000,9999.000,9999.000,9999.000
202602170048,   4.938,9999.000,9999.000,9999.000,9999.000,9999.000,9999.000,9999.000,9999.000
202602170054,   4.523,9999.000,9999.000,9999.000,9999.000,9999.000,9999.000,9999.000,9999.000
202602170100,   4.116,9999.000,  -1.100,   0.537,   3.553,  -1.400,   3.253,  -0.900,   3.753
202602170106,   3.716,9999.000,9999.000,9999.000,9999.000,9999.000,9999.000,9999.000,9999.000
202602170112,   3.325,9999.000,9999.000,9999.000,9999.000,9999.000,9999.000,9999.000,9999.000
202602170118,   2.945,9999.000,9999.000,9999.000,9999.000,9999.000,9999.000,9999.000,9999.000
202602170124,   2.575,9999.000,9999.000,9999.000,9999.000,9999.000,9999.000,9999.000,9999.000
202602170130,   2.217,9999.000,9999.000,9999.000,9999.000,9999.000,9999.000,9999.000,9999.000
202602170136,   1.872,9999.000,9999.000,9999.000,9999.000,9999.000,9999.000,9999.000,9999.000
202602170142,   1.541,9999.000,9999.000,9999.000,9999.000,9999.000,9999.000,9999.000,9999.000
202602170148,   1.224,9999.000,9999.000,9999.000,9999.000,9999.000,9999.000,9999.000,9999.000
202602170154,   0.923,9999.000,9999.000,9999.000,9999.000,9999.000,9999.000,9999.000,9999.000
202602170200,   0.637,9999.000,  -1.100,   0.537,   0.074,  -1.400,  -0.226,  -0.900,   0.274
202602170206,   0.368,9999.000,9999.000,9999.000,9999.000,9999.000,9999.000,9999.000,9999.000
202602170212,   0.117,9999.000,9999.000,9999.000,9999.000,9999.000,9999.000,9999.000,9999.000
202602170218,  -0.116,9999.000,9999.000,9999.000,9999.000,9999.000,9999.000,9999.000,9999.000
202602170224,  -0.331,9999.000,9999.000,9999.000,9999.000,9999.000,9999.000,9999.000,9999.000
202602170230,  -0.527,9999.000,9999.000,9999.000,9999.000,9999.000,9999.000,9999.000,9999.000
202602170236,  -0.704,9999.000,9999.000,9999.000,9999.000,9999.000,9999.000,9999.000,9999.000
202602170242,  -0.861,9999.000,9999.000,9999.000,9999.000,9999.000,9999.000,9999.000,9999.000
202602170248,  -0.998,9999.000,9999.000,9999.000,9999.000,9999.000,9999.000,9999.000,9999.000
202602170254,  -1.114,9999.000,9999.000,9999.000,9999.000,9999.000,9999.000,9999.000,9999.000
202602170300,  -1.210,9999.000,  -1.100,   0.537,  -1.773,  -1.400,  -2.073,  -0.900,  -1.573
202602170306,  -1.285,9999.000,9999.000,9999.000,9999.000,9999.000,9999.000,9999.000,9999.000
202602170312,  -1.339,9999.000,9999.000,9999.000,9999.000,9999.000,9999.000,9999.000,9999.000
202602170318,  -1.372,9999.000,9999.000,9999.000,9999.000,9999.000,9999.000,9999.000,9999.000
202602170324,  -1.384,9999.000,9999.000,9999.000,9999.000,9999.000,9999.000,9999.000,9999.000
202602170330,  -1.376,9999.000,9999.000,9999.000,9999.000,9999.000,9999.000,9999.000,9999.000
202602170336,  -1.346,9999.000,9999.000,9999.000,9999.000,9999.000,9999.000,9999.000,9999.000
202602170342,  -1.296,9999.000,9999.000,9999.000,9999.000,9999.000,9999.000,9999.000,9999.000
202602170348,  -1.225,9999.000,9999.000,9999.000,9999.000,9999.000,9999.000,9999.000,9999.000
202602170354,  -1.134,9999.000,9999.000,9999.000,9999.000,9999.000,9999.000,9999.000,9999.000
202602170400,  -1.023,9999.000,  -1.100,   0.537,  -1.586,  -1.400,  -1.886,  -0.900,  -1.386
202602170406,  -0.893,9999.000,9999.000,9999.000,9999.000,9999.000,9999.000,9999.000,9999.000
202602170412,  -0.744,9999.000,9999.000,9999.000,9999.000,9999.000,9999.000,9999.000,9999.000
202602170418,  -0.575,9999.000,9999.000,9999.000,9999.000,9999.000,9999.000,9999.000,9999.000
202602170424,  -0.389,9999.000,9999.000,9999.000,9999.000,9999.000,9999.000,9999.000,9999.000
202602170430,  -0.185,9999.000,9999.000,9999.000,9999.000,9999.000,9999.000,9999.000,9999.000
202602170436,   0.035,9999.000,9999.000,9999.000,9999.000,9999.000,9999.000,9999.000,9999.000
202602170442,   0.273,9999.000,9999.000,9999.000,9999.000,9999.000,9999.000,9999.000,9999.000
202602170448,   0.526,9999.000,9999.000,9999.000,9999.000,9999.000,9999.000,9999.000,9999.000
202602170454,   0.795,9999.000,9999.000,9999.000,9999.000,9999.000,9999.000,9999.000,9999.000
202602170500,   1.078,9999.000,  -1.200,   0.537,   0.415,  -1.500,   0.115,  -0.900,   0.715
202602170506,   1.375,9999.000,9999.000,9999.000,9999.000,9999.000,9999.000,9999.000,9999.000
202602170512,   1.684,9999.000,9999.000,9999.000,9999.000,9999.000,9999.000,9999.000,9999.000
202602170518,   2.006,9999.000,9999.000,9999.000,9999.000,9999.000,9999.000,9999.000,9999.000
202602170524,   2.340,9999.000,9999.000,9999.000,9999.000,9999.000,9999.000,9999.000,9999.000
202602170530,   2.684,9999.000,9999.000,9999.000,9999.000,9999.000,9999.000,9999.000,9999.000
202602170536,   3.037,9999.000,9999.000,9999.000,9999.000,9999.000,9999.000,9999.000,9999.000
202602170542,   3.400,9999.000,9999.000,9999.000,9999.000,9999.000,9999.000,9999.000,9999.000
202602170548,   3.770,9999.000,9999.000,9999.000,9999.000,9999.000,9999.000,9999.000,9999.000
202602170554,   4.148,9999.000,9999.000,9999.000,9999.000,9999.000,9999.000,9999.000,9999.000
202602170600,   4.531,9999.000,  -1.300,   0.537,   3.768,  -1.500,   3.568,  -1.000,   4.068
202602170606,   4.920,9999.000,9999.000,9999.000,9999.000,9999.000,9999.000,9999.000,9999.000
202602170612,   5.313,9999.000,9999.000,9999.000,9999.000,9999.000,9999.000,9999.000,9999.000
202602170618,   5.710,9999.000,9999.000,9999.000,9999.000,9999.000,9999.000,9999.000,9999.000
202602170624,   6.109,9999.000,9999.000,9999.000,9999.000,9999.000,9999.000,9999.000,9999.000
202602170630,   6.509,9999.000,9999.000,9999.000,9999.000,9999.000,9999.000,9999.000,9999.000
202602170636,   6.910,9999.000,9999.000,9999.000,9999.000,9999.000,9999.000,9999.000,9999.000
202602170642,   7.311,9999.000,9999.000,9999.000,9999.000,9999.000,9999.000,9999.000,9999.000
202602170648,   7.710,9999.000,9999.000,9999.000,9999.000,9999.000,9999.000,9999.000,9999.000
202602170654,   8.107,9999.000,9999.000,9999.000,9999.000,9999.000,9999.000,9999.000,9999.000
202602170700,   8.502,9999.000,  -1.400,   0.537,   7.639,  -1.600,   7.439,  -1.200,   7.839
202602170706,   8.892,9999.000,9999.000,9999.000,9999.000,9999.000,9999.000,9999.000,9999.000
202602170712,   9.277,9999.000,9999.000,9999.000,9999.000,9999.000,9999.000,9999.000,9999.000
202602170718,   9.656,9999.000,9999.000,9999.000,9999.000,9999.000,9999.000,9999.000,9999.000
202602170724,  10.029,9999.000,9999.000,9999.000,9999.000,9999.000,9999.000,9999.000,9999.000
202602170730,  10.394,9999.000,9999.000,9999.000,9999.000,9999.000,9999.000,9999.000,9999.000
202602170736,  10.751,9999.000,9999.000,9999.000,9999.000,9999.000,9999.000,9999.000,9999.000
202602170742,  11.098,9999.000,9999.000,9999.000,9999.000,9999.000,9999.000,9999.000,9999.000
202602170748,  11.436,9999.000,9999.000,9999.000,9999.000,9999.000,9999.000,9999.000,9999.000
202602170754,  11.762,9999.000,9999.000,9999.000,9999.000,9999.000,9999.000,9999.000,9999.000
202602170800,  12.078,9999.000,  -1.400,   0.537,  11.215,  -1.700,  10.915,  -1.300,  11.315
202602170806,  12.380,9999.000,9999.000,9999.000,9999.000,9999.000,9999.000,9999.000,9999.000
202602170812,  12.670,9999.000,9999.000,9999.000,9999.000,9999.000,9999.000,9999.000,9999.000
202602170818,  12.947,9999.000,9999.000,9999.000,9999.000,9999.000,9999.000,9999.000,9999.000
202602170824,  13.208,9999.000,9999.000,9999.000,9999.000,9999.000,9999.000,9999.000,9999.000
202602170830,  13.455,9999.000,9999.000,9999.000,9999.000,9999.000,9999.000,9999.000,9999.000
202602170836,  13.687,9999.000,9999.000,9999.000,9999.000,9999.000,9999.000,9999.000,9999.000
202602170842,  13.902,9999.000,9999.000,9999.000,9999.000,9999.000,9999.000,9999.000,9999.000
202602170848,  14.101,9999.000,9999.000,9999.000,9999.000,9999.000,9999.000,9999.000,9999.000
202602170854,  14.282,9999.000,9999.000,9999.000,9999.000,9999.000,9999.000,9999.000,9999.000
202602170900,  14.446,9999.000,  -1.500,   0.537,  13.483,  -1.700,  13.283,  -1.200,  13.783
202602170906,  14.592,9999.000,9999.000,9999.000,9999.000,9999.000,9999.000,9999.000,9999.000
202602170912,  14.720,9999.000,9999.000,9999.000,9999.000,9999.000,9999.000,9999.000,9999.000
202602170918,  14.830,9999.000,9999.000,9999.000,9999.000,9999.000,9999.000,9999.000,9999.000
202602170924,  14.920,9999.000,9999.000,9999.000,9999.000,9999.000,9999.000,9999.000,9999.000
202602170930,  14.991,9999.000,9999.000,9999.000,9999.000,9999.000,9999.000,9999.000,9999.000
202602170936,  15.044,9999.000,9999.000,9999.000,9999.000,9999.000,9999.000,9999.000,9999.000
202602170942,  15.076,9999.000,9999.000,9999.000,9999.000,9999.000,9999.000,9999.000,9999.000
202602170948,  15.089,9999.000,9999.000,9999.000,9999.000,9999.000,9999.000,9999.000,9999.000
202602170954,  15.083,9999.000,9999.000,9999.000,9999.000,9999.000,9999.000,9999.000,9999.000
202602171000,  15.058,9999.000,  -1.400,   0.537,  14.195,  -1.700,  13.895,  -1.200,  14.395
202602171006,  15.012,9999.000,9999.000,9999.000,9999.000,9999.000,9999.000,9999.000,9999.000
202602171012,  14.948,9999.000,9999.000,9999.000,9999.000,9999.000,9999.000,9999.000,9999.000
202602171018,  14.865,9999.000,9999.000,9999.000,9999.000,9999.000,9999.000,9999.000,9999.000
202602171024,  14.763,9999.000,9999.000,9999.000,9999.000,9999.000,9999.000,9999.000,9999.000
202602171030,  14.642,9999.000,9999.000,9999.000,9999.000,9999.000,9999.000,9999.000,9999.000
202602171036,  14.503,9999.000,9999.000,9999.000,9999.000,9999.000,9999.000,9999.000,9999.000
202602171042,  14.346,9999.000,9999.000,9999.000,9999.000,9999.000,9999.000,9999.000,9999.000
202602171048,  14.172,9999.000,9999.000,9999.000,9999.000,9999.000,9999.000,9999.000,9999.000
202602171054,  13.981,9999.000,9999.000,9999.000,9999.000,9999.000,9999.000,9999.000,9999.000
202602171100,  13.774,9999.000,  -1.400,   0.537,  12.911,  -1.700,  12.611,  -1.200,  13.111
202602171106,  13.551,9999.000,9999.000,9999.000,9999.000,9999.000,9999.000,9999.000,9999.000
202602171112,  13.313,9999.000,9999.000,9999.000,9999.000,9999.000,9999.000,9999.000,9999.000
202602171118,  13.061,9999.000,9999.000,9999.000,9999.000,9999.000,9999.000,9999.000,9999.000
202602171124,  12.795,9999.000,9999.000,9999.000,9999.000,9999.000,9999.000,9999.000,9999.000
202602171130,  12.516,9999.000,9999.000,9999.000,9999.000,9999.000,9999.000,9999.000,9999.000
202602171136,  12.225,9999.000,9999.000,9999.000,9999.000,9999.000,9999.000,9999.000,9999.000
202602171142,  11.923,9999.000,9999.000,9999.000,9999.000,9999.000,9999.000,9999.000,9999.000
202602171148,  11.611,9999.000,9999.000,9999.000,9999.000,9999.000,9999.000,9999.000,9999.000
202602171154,  11.289,9999.000,9999.000,9999.000,9999.000,9999.000,9999.000,9999.000,9999.000
202602171200,  10.959,9999.000,  -1.400,   0.537,  10.096,  -1.700,   9.796,  -1.100,  10.396
202602171206,  10.622,9999.000,9999.000,9999.000,9999.000,9999.000,9999.000,9999.000,9999.000
202602171212,  10.279,9999.000,9999.000,9999.000,9999.000,9999.000,9999.000,9999.000,9999.000
202602171218,   9.930,9999.000,9999.000,9999.000,9999.000,9999.000,9999.000,9999.000,9999.000
202602171224,   9.577,9999.000,9999.000,9999.000,9999.000,9999.000,9999.000,9999.000,9999.000
202602171230,   9.221,9999.000,9999.000,9999.000,9999.000,9999.000,9999.000,9999.000,9999.000
202602171236,   8.863,9999.000,9999.000,9999.000,9999.000,9999.000,9999.000,9999.000,9999.000
202602171242,   8.504,9999.000,9999.000,9999.000,9999.000,9999.000,9999.000,9999.000,9999.000
202602171248,   8.145,9999.000,9999.000,9999.000,9999.000,9999.000,9999.000,9999.000,9999.000
202602171254,   7.788,9999.000,9999.000,9999.000,9999.000,9999.000,9999.000,9999.000,9999.000
202602171300,   7.432,9999.000,  -1.300,   0.537,   6.669,  -1.600,   6.369,  -1.000,   6.969
202602171306,   7.081,9999.000,9999.000,9999.000,9999.000,9999.000,9999.000,9999.000,9999.000
202602171312,   6.734,9999.000,9999.000,9999.000,9999.000,9999.000,9999.000,9999.000,9999.000
202602171318,   6.392,9999.000,9999.000,9999.000,9999.000,9999.000,9999.000,9999.000,9999.000
202602171324,   6.057,9999.000,9999.000,9999.000,9999.000,9999.000,9999.000,9999.000,9999.000
202602171330,   5.731,9999.000,9999.000,9999.000,9999.000,9999.000,9999.000,9999.000,9999.000
202602171336,   5.412,9999.000,9999.000,9999.000,9999.000,9999.000,9999.000,9999.000,9999.000
202602171342,   5.104,9999.000,9999.000,9999.000,9999.000,9999.000,9999.000,9999.000,9999.000
202602171348,   4.806,9999.000,9999.000,9999.000,9999.000,9999.000,9999.000,9999.000,9999.000
202602171354,   4.520,9999.000,9999.000,9999.000,9999.000,9999.000,9999.000,9999.000,9999.000
202602171400,   4.247,9999.000,  -1.300,   0.537,   3.484,  -1.600,   3.184,  -1.100,   3.684
202602171406,   3.987,9999.000,9999.000,9999.000,9999.000,9999.000,9999.000,9999.000,9999.000
202602171412,   3.741,9999.000,9999.000,9999.000,9999.000,9999.000,9999.000,9999.000,9999.000
202602171418,   3.510,9999.000,9999.000,9999.000,9999.000,9999.000,9999.000,9999.000,9999.000
202602171424,   3.294,9999.000,9999.000,9999.000,9999.000,9999.000,9999.000,9999.000,9999.000
202602171430,   3.095,9999.000,9999.000,9999.000,9999.000,9999.000,9999.000,9999.000,9999.000
202602171436,   2.913,9999.000,9999.000,9999.000,9999.000,9999.000,9999.000,9999.000,9999.000
202602171442,   2.748,9999.000,9999.000,9999.000,9999.000,9999.000,9999.000,9999.000,9999.000
202602171448,   2.602,9999.000,9999.000,9999.000,9999.000,9999.000,9999.000,9999.000,9999.000
202602171454,   2.473,9999.000,9999.000,9999.000,9999.000,9999.000,9999.000,9999.000,9999.000
202602171500,   2.364,9999.000,  -1.300,   0.537,   1.601,  -1.500,   1.401,  -1.100,   1.801
202602171506,   2.273,9999.000,9999.000,9999.000,9999.000,9999.000,9999.000,9999.000,9999.000
202602171512,   2.202,9999.000,9999.000,9999.000,9999.000,9999.000,9999.000,9999.000,9999.000
202602171518,   2.151,9999.000,9999.000,9999.000,9999.000,9999.000,9999.000,9999.000,9999.000
202602171524,   2.120,9999.000,9999.000,9999.000,9999.000,9999.000,9999.000,9999.000,9999.000
202602171530,   2.108,9999.000,9999.000,9999.000,9999.000,9999.000,9999.000,9999.000,9999.000
202602171536,   2.116,9999.000,9999.000,9999.000,9999.000,9999.000,9999.000,9999.000,9999.000
202602171542,   2.144,9999.000,9999.000,9999.000,9999.000,9999.000,9999.000,9999.000,9999.000
202602171548,   2.192,9999.000,9999.000,9999.000,9999.000,9999.000,9999.000,9999.000,9999.000
202602171554,   2.259,9999.000,9999.000,9999.000,9999.000,9999.000,9999.000,9999.000,9999.000
202602171600,   2.346,9999.000,  -1.300,   0.537,   1.583,  -1.600,   1.283,  -1.100,   1.783
202602171606,   2.452,9999.000,9999.000,9999.000,9999.000,9999.000,9999.000,9999.000,9999.000
202602171612,   2.576,9999.000,9999.000,9999.000,9999.000,9999.000,9999.000,9999.000,9999.000
202602171618,   2.720,9999.000,9999.000,9999.000,9999.000,9999.000,9999.000,9999.000,9999.000
202602171624,   2.881,9999.000,9999.000,9999.000,9999.000,9999.000,9999.000,9999.000,9999.000
202602171630,   3.060,9999.000,9999.000,9999.000,9999.000,9999.000,9999.000,9999.000,9999.000
202602171636,   3.256,9999.000,9999.000,9999.000,9999.000,9999.000,9999.000,9999.000,9999.000
202602171642,   3.469,9999.000,9999.000,9999.000,9999.000,9999.000,9999.000,9999.000,9999.000
202602171648,   3.697,9999.000,9999.000,9999.000,9999.000,9999.000,9999.000,9999.000,9999.000
202602171654,   3.941,9999.000,9999.000,9999.000,9999.000,9999.000,9999.000,9999.000,9999.000
202602171700,   4.200,9999.000,  -1.400,   0.537,   3.337,  -1.700,   3.037,  -1.200,   3.537
202602171706,   4.472,9999.000,9999.000,9999.000,9999.000,9999.000,9999.000,9999.000,9999.000
202602171712,   4.758,9999.000,9999.000,9999.000,9999.000,9999.000,9999.000,9999.000,9999.000
202602171718,   5.056,9999.000,9999.000,9999.000,9999.000,9999.000,9999.000,9999.000,9999.000
202602171724,   5.366,9999.000,9999.000,9999.000,9999.000,9999.000,9999.000,9999.000,9999.000
202602171730,   5.686,9999.000,9999.000,9999.000,9999.000,9999.000,9999.000,9999.000,9999.000
202602171736,   6.016,9999.000,9999.000,9999.000,9999.000,9999.000,9999.000,9999.000,9999.000
202602171742,   6.356,9999.000,9999.000,9999.000,9999.000,9999.000,9999.000,9999.000,9999.000
202602171748,   6.703,9999.000,9999.000,9999.000,9999.000,9999.000,9999.000,9999.000,9999.000
202602171754,   7.058,9999.000,9999.000,9999.000,9999.000,9999.000,9999.000,9999.000,9999.000
202602171800,   7.418,9999.000,  -1.400,   0.537,   6.555,  -1.700,   6.255,  -1.200,   6.755
202602171806,   7.784,9999.000,9999.000,9999.000,9999.000,9999.000,9999.000,9999.000,9999.000
202602171812,   8.155,9999.000,9999.000,9999.000,9999.000,9999.000,9999.000,9999.000,9999.000
202602171818,   8.529,9999.000,9999.000,9999.000,9999.000,9999.000,9999.000,9999.000,9999.000
202602171824,   8.905,9999.000,9999.000,9999.000,9999.000,9999.000,9999.000,9999.000,9999.000
202602171830,   9.282,9999.000,9999.000,9999.000,9999.000,9999.000,9999.000,9999.000,9999.000
202602171836,   9.660,9999.000,9999.000,9999.000,9999.000,9999.000,9999.000,9999.000,9999.000
202602171842,  10.038,9999.000,9999.000,9999.000,9999.000,9999.000,9999.000,9999.000,9999.000
202602171848,  10.413,9999.000,9999.000,9999.000,9999.000,9999.000,9999.000,9999.000,9999.000
202602171854,  10.787,9999.000,9999.000,9999.000,9999.000,9999.000,9999.000,9999.000,9999.000
202602171900,  11.157,9999.000,  -1.500,   0.537,  10.194,  -1.700,   9.994,  -1.300,  10.394
202602171906,  11.522,9999.000,9999.000,9999.000,9999.000,9999.000,9999.000,9999.000,9999.000
202602171912,  11.882,9999.000,9999.000,9999.000,9999.000,9999.000,9999.000,9999.000,9999.000
202602171918,  12.236,9999.000,9999.000,9999.000,9999.000,9999.000,9999.000,9999.000,9999.000
202602171924,  12.582,9999.000,9999.000,9999.000,9999.000,9999.000,9999.000,9999.000,9999.000
202602171930,  12.920,9999.000,9999.000,9999.000,9999.000,9999.000,9999.000,9999.000,9999.000
202602171936,  13.249,9999.000,9999.000,9999.000,9999.000,9999.000,9999.000,9999.000,9999.000
202602171942,  13.569,9999.000,9999.000,9999.000,9999.000,9999.000,9999.000,9999.000,9999.000
202602171948,  13.877,9999.000,9999.000,9999.000,9999.000,9999.000,9999.000,9999.000,9999.000
202602171954,  14.174,9999.000,9999.000,9999.000,9999.000,9999.000,9999.000,9999.000,9999.000
202602172000,  14.458,9999.000,  -1.400,   0.537,  13.595,  -1.600,  13.395,  -1.200,  13.795
202602172006,  14.729,9999.000,9999.000,9999.000,9999.000,9999.000,9999.000,9999.000,9999.000
202602172012,  14.986,9999.000,9999.000,9999.000,9999.000,9999.000,9999.000,9999.000,9999.000
202602172018,  15.229,9999.000,9999.000,9999.000,9999.000,9999.000,9999.000,9999.000,9999.000
202602172024,  15.456,9999.000,9999.000,9999.000,9999.000,9999.000,9999.000,9999.000,9999.000
202602172030,  15.667,9999.000,9999.000,9999.000,9999.000,9999.000,9999.000,9999.000,9999.000
202602172036,  15.861,9999.000,9999.000,9999.000,9999.000,9999.000,9999.000,9999.000,9999.000
202602172042,  16.038,9999.000,9999.000,9999.000,9999.000,9999.000,9999.000,9999.000,9999.000
202602172048,  16.197,9999.000,9999.000,9999.000,9999.000,9999.000,9999.000,9999.000,9999.000
202602172054,  16.338,9999.000,9999.000,9999.000,9999.000,9999.000,9999.000,9999.000,9999.000
202602172100,  16.460,9999.000,  -1.300,   0.537,  15.697,  -1.500,  15.497,  -1.100,  15.897
202602172106,  16.563,9999.000,9999.000,9999.000,9999.000,9999.000,9999.000,9999.000,9999.000
202602172112,  16.646,9999.000,9999.000,9999.000,9999.000,9999.000,9999.000,9999.000,9999.000
202602172118,  16.709,9999.000,9999.000,9999.000,9999.000,9999.000,9999.000,9999.000,9999.000
202602172124,  16.751,9999.000,9999.000,9999.000,9999.000,9999.000,9999.000,9999.000,9999.000
202602172130,  16.773,9999.000,9999.000,9999.000,9999.000,9999.000,9999.000,9999.000,9999.000
202602172136,  16.775,9999.000,9999.000,9999.000,9999.000,9999.000,9999.000,9999.000,9999.000
202602172142,  16.755,9999.000,9999.000,9999.000,9999.000,9999.000,9999.000,9999.000,9999.000
202602172148,  16.715,9999.000,9999.000,9999.000,9999.000,9999.000,9999.000,9999.000,9999.000
202602172154,  16.653,9999.000,9999.000,9999.000,9999.000,9999.000,9999.000,9999.000,9999.000
202602172200,  16.570,9999.000,  -1.200,   0.537,  15.907,  -1.400,  15.707,  -1.000,  16.107
202602172206,  16.466,9999.000,9999.000,9999.000,9999.000,9999.000,9999.000,9999.000,9999.000
202602172212,  16.341,9999.000,9999.000,9999.000,9999.000,9999.000,9999.000,9999.000,9999.000
202602172218,  16.196,9999.000,9999.000,9999.000,9999.000,9999.000,9999.000,9999.000,9999.000
202602172224,  16.030,9999.000,9999.000,9999.000,9999.000,9999.000,9999.000,9999.000,9999.000
202602172230,  15.843,9999.000,9999.000,9999.000,9999.000,9999.000,9999.000,9999.000,9999.000
202602172236,  15.637,9999.000,9999.000,9999.000,9999.000,9999.000,9999.000,9999.000,9999.000
202602172242,  15.411,9999.000,9999.000,9999.000,9999.000,9999.000,9999.000,9999.000,9999.000
202602172248,  15.165,9999.000,9999.000,9999.000,9999.000,9999.000,9999.000,9999.000,9999.000
202602172254,  14.901,9999.000,9999.000,9999.000,9999.000,9999.000,9999.000,9999.000,9999.000
202602172300,  14.619,9999.000,  -1.200,   0.537,  13.956,  -1.300,  13.856,  -0.900,  14.256
202602172306,  14.320,9999.000,9999.000,9999.000,9999.000,9999.000,9999.000,9999.000,9999.000
202602172312,  14.003,9999.000,9999.000,9999.000,9999.000,9999.000,9999.000,9999.000,9999.000
202602172318,  13.671,9999.000,9999.000,9999.000,9999.000,9999.000,9999.000,9999.000,9999.000
202602172324,  13.322,9999.000,9999.000,9999.000,9999.000,9999.000,9999.000,9999.000,9999.000
202602172330,  12.960,9999.000,9999.000,9999.000,9999.000,9999.000,9999.000,9999.000,9999.000
202602172336,  12.583,9999.000,9999.000,9999.000,9999.000,9999.000,9999.000,9999.000,9999.000
202602172342,  12.193,9999.000,9999.000,9999.000,9999.000,9999.000,9999.000,9999.000,9999.000
202602172348,  11.792,9999.000,9999.000,9999.000,9999.000,9999.000,9999.000,9999.000,9999.000
202602172354,  11.379,9999.000,9999.000,9999.000,9999.000,9999.000,9999.000,9999.000,9999.000
202602180000,  10.956,9999.000,  -1.100,   0.537,  10.393,  -1.300,  10.193,  -0.900,  10.593
202602180006,  10.525,9999.000,9999.000,9999.000,9999.000,9999.000,9999.000,9999.000,9999.000
202602180012,  10.085,9999.000,9999.000,9999.000,9999.000,9999.000,9999.000,9999.000,9999.000
202602180018,   9.638,9999.000,9999.000,9999.000,9999.000,9999.000,9999.000,9999.000,9999.000
202602180024,   9.186,9999.000,9999.000,9999.000,9999.000,9999.000,9999.000,9999.000,9999.000
202602180030,   8.729,9999.000,9999.000,9999.000,9999.000,9999.000,9999.000,9999.000,9999.000
202602180036,   8.269,9999.000,9999.000,9999.000,9999.000,9999.000,9999.000,9999.000,9999.000
202602180042,   7.806,9999.000,9999.000,9999.000,9999.000,9999.000,9999.000,9999.000,9999.000
202602180048,   7.342,9999.000,9999.000,9999.000,9999.000,9999.000,9999.000,9999.000,9999.000
202602180054,   6.878,9999.000,9999.000,9999.000,9999.000,9999.000,9999.000,9999.000,9999.000
202602180100,   6.416,9999.000,  -1.100,   0.537,   5.853,  -1.300,   5.653,  -0.900,   6.053
202602180106,   5.956,9999.000,9999.000,9999.000,9999.000,9999.000,9999.000,9999.000,9999.000
202602180112,   5.500,9999.000,9999.000,9999.000,9999.000,9999.000,9999.000,9999.000,9999.000
202602180118,   5.049,9999.000,9999.000,9999.000,9999.000,9999.000,9999.000,9999.000,9999.000
202602180124,   4.603,9999.000,9999.000,9999.000,9999.000,9999.000,9999.000,9999.000,9999.000
202602180130,   4.165,9999.000,9999.000,9999.000,9999.000,9999.000,9999.000,9999.000,9999.000
202602180136,   3.736,9999.000,9999.000,9999.000,9999.000,9999.000,9999.000,9999.000,9999.000
202602180142,   3.315,9999.000,9999.000,9999.000,9999.000,9999.000,9999.000,9999.000,9999.000
202602180148,   2.906,9999.000,9999.000,9999.000,9999.000,9999.000,9999.000,9999.000,9999.000
202602180154,   2.508,9999.000,9999.000,9999.000,9999.000,9999.000,9999.000,9999.000,9999.000
202602180200,   2.122,9999.000,  -1.100,   0.537,   1.559,  -1.400,   1.259,  -0.900,   1.759
202602180206,   1.750,9999.000,9999.000,9999.000,9999.000,9999.000,9999.000,9999.000,9999.000
202602180212,   1.393,9999.000,9999.000,9999.000,9999.000,9999.000,9999.000,9999.000,9999.000
202602180218,   1.051,9999.000,9999.000,9999.000,9999.000,9999.000,9999.000,9999.000,9999.000
202602180224,   0.726,9999.000,9999.000,9999.000,9999.000,9999.000,9999.000,9999.000,9999.000
202602180230,   0.417,9999.000,9999.000,9999.000,9999.000,9999.000,9999.000,9999.000,9999.000
202602180236,   0.127,9999.000,9999.000,9999.000,9999.000,9999.000,9999.000,9999.000,9999.000
202602180242,  -0.144,9999.000,9999.000,9999.000,9999.000,9999.000,9999.000,9999.000,9999.000
202602180248,  -0.396,9999.000,9999.000,9999.000,9999.000,9999.000,9999.000,9999.000,9999.000
202602180254,  -0.629,9999.000,9999.000,9999.000,9999.000,9999.000,9999.000,9999.000,9999.000
202602180300,  -0.841,9999.000,  -1.200,   0.537,  -1.504,  -1.500,  -1.804,  -0.900,  -1.204
202602180306,  -1.032,9999.000,9999.000,9999.000,9999.000,9999.000,9999.000,9999.000,9999.000
202602180312,  -1.201,9999.000,9999.000,9999.000,9999.000,9999.000,9999.000,9999.000,9999.000
202602180318,  -1.349,9999.000,9999.000,9999.000,9999.000,9999.000,9999.000,9999.000,9999.000
202602180324,  -1.475,9999.000,9999.000,9999.000,9999.000,9999.000,9999.000,9999.000,9999.000
202602180330,  -1.579,9999.000,9999.000,9999.000,9999.000,9999.000,9999.000,9999.000,9999.000
202602180336,  -1.660,9999.000,9999.000,9999.000,9999.000,9999.000,9999.000,9999.000,9999.000
202602180342,  -1.718,9999.000,9999.000,9999.000,9999.000,9999.000,9999.000,9999.000,9999.000
202602180348,  -1.754,9999.000,9999.000,9999.000,9999.000,9999.000,9999.000,9999.000,9999.000
202602180354,  -1.767,9999.000,9999.000,9999.000,9999.000,9999.000,9999.000,9999.000,9999.000
202602180400,  -1.757,9999.000,  -1.300,   0.537,  -2.520,  -1.700,  -2.920,  -1.100,  -2.320
202602180406,  -1.725,9999.000,9999.000,9999.000,9999.000,9999.000,9999.000,9999.000,9999.000
202602180412,  -1.671,9999.000,9999.000,9999.000,9999.000,9999.000,9999.000,9999.000,9999.000
202602180418,  -1.594,9999.000,9999.000,9999.000,9999.000,9999.000,9999.000,9999.000,9999.000
202602180424,  -1.496,9999.000,9999.000,9999.000,9999.000,9999.000,9999.000,9999.000,9999.000
202602180430,  -1.376,9999.000,9999.000,9999.000,9999.000,9999.000,9999.000,9999.000,9999.000
202602180436,  -1.235,9999.000,9999.000,9999.000,9999.000,9999.000,9999.000,9999.000,9999.000
202602180442,  -1.073,9999.000,9999.000,9999.000,9999.000,9999.000,9999.000,9999.000,9999.000
202602180448,  -0.892,9999.000,9999.000,9999.000,9999.000,9999.000,9999.000,9999.000,9999.000
202602180454,  -0.690,9999.000,9999.000,9999.000,9999.000,9999.000,9999.000,9999.000,9999.000
202602180500,  -0.470,9999.000,  -1.500,   0.537,  -1.433,  -1.800,  -1.733,  -1.200,  -1.133
202602180506,  -0.231,9999.000,9999.000,9999.000,9999.000,9999.000,9999.000,9999.000,9999.000
202602180512,   0.024,9999.000,9999.000,9999.000,9999.000,9999.000,9999.000,9999.000,9999.000
202602180518,   0.298,9999.000,9999.000,9999.000,9999.000,9999.000,9999.000,9999.000,9999.000
202602180524,   0.587,9999.000,9999.000,9999.000,9999.000,9999.000,9999.000,9999.000,9999.000
202602180530,   0.893,9999.000,9999.000,9999.000,9999.000,9999.000,9999.000,9999.000,9999.000
202602180536,   1.213,9999.000,9999.000,9999.000,9999.000,9999.000,9999.000,9999.000,9999.000
202602180542,   1.547,9999.000,9999.000,9999.000,9999.000,9999.000,9999.000,9999.000,9999.000
202602180548,   1.894,9999.000,9999.000,9999.000,9999.000,9999.000,9999.000,9999.000,9999.000
202602180554,   2.253,9999.000,9999.000,9999.000,9999.000,9999.000,9999.000,9999.000,9999.000
202602180600,   2.623,9999.000,  -1.500,   0.537,   1.660,  -1.800,   1.360,  -1.400,   1.760
202602180606,   3.004,9999.000,9999.000,9999.000,9999.000,9999.000,9999.000,9999.000,9999.000
202602180612,   3.394,9999.000,9999.000,9999.000,9999.000,9999.000,9999.000,9999.000,9999.000
202602180618,   3.792,9999.000,9999.000,9999.000,9999.000,9999.000,9999.000,9999.000,9999.000
202602180624,   4.198,9999.000,9999.000,9999.000,9999.000,9999.000,9999.000,9999.000,9999.000
202602180630,   4.611,9999.000,9999.000,9999.000,9999.000,9999.000,9999.000,9999.000,9999.000
202602180636,   5.028,9999.000,9999.000,9999.000,9999.000,9999.000,9999.000,9999.000,9999.000
202602180642,   5.451,9999.000,9999.000,9999.000,9999.000,9999.000,9999.000,9999.000,9999.000
202602180648,   5.877,9999.000,9999.000,9999.000,9999.000,9999.000,9999.000,9999.000,9999.000
202602180654,   6.305,9999.000,9999.000,9999.000,9999.000,9999.000,9999.000,9999.000,9999.000
202602180700,   6.735,9999.000,  -1.600,   0.537,   5.672,  -1.900,   5.372,  -1.400,   5.872
202602180706,   7.165,9999.000,9999.000,9999.000,9999.000,9999.000,9999.000,9999.000,9999.000
202602180712,   7.595,9999.000,9999.000,9999.000,9999.000,9999.000,9999.000,9999.000,9999.000
202602180718,   8.024,9999.000,9999.000,9999.000,9999.000,9999.000,9999.000,9999.000,9999.000
202602180724,   8.449,9999.000,9999.000,9999.000,9999.000,9999.000,9999.000,9999.000,9999.000
202602180730,   8.872,9999.000,9999.000,9999.000,9999.000,9999.000,9999.000,9999.000,9999.000
202602180736,   9.290,9999.000,9999.000,9999.000,9999.000,9999.000,9999.000,9999.000,9999.000
202602180742,   9.702,9999.000,9999.000,9999.000,9999.000,9999.000,9999.000,9999.000,9999.000
202602180748,  10.109,9999.000,9999.000,9999.000,9999.000,9999.000,9999.000,9999.000,9999.000
202602180754,  10.507,9999.000,9999.000,9999.000,9999.000,9999.000,9999.000,9999.000,9999.000
202602180800,  10.898,9999.000,  -1.600,   0.537,   9.835,  -1.900,   9.535,  -1.400,  10.035
202602180806,  11.280,9999.000,9999.000,9999.000,9999.000,9999.000,9999.000,9999.000,9999.000
202602180812,  11.651,9999.000,9999.000,9999.000,9999.000,9999.000,9999.000,9999.000,9999.000
202602180818,  12.012,9999.000,9999.000,9999.000,9999.000,9999.000,9999.000,9999.000,9999.000
202602180824,  12.361,9999.000,9999.000,9999.000,9999.000,9999.000,9999.000,9999.000,9999.000
202602180830,  12.698,9999.000,9999.000,9999.000,9999.000,9999.000,9999.000,9999.000,9999.000
202602180836,  13.021,9999.000,9999.000,9999.000,9999.000,9999.000,9999.000,9999.000,9999.000
202602180842,  13.331,9999.000,9999.000,9999.000,9999.000,9999.000,9999.000,9999.000,9999.000
202602180848,  13.625,9999.000,9999.000,9999.000,9999.000,9999.000,9999.000,9999.000,9999.000
202602180854,  13.904,9999.000,9999.000,9999.000,9999.000,9999.000,9999.000,9999.000,9999.000
202602180900,  14.167,9999.000,  -1.600,   0.537,  13.104,  -1.800,  12.904,  -1.400,  13.304
202602180906,  14.413,9999.000,9999.000,9999.000,9999.000,9999.000,9999.000,9999.000,9999.000
202602180912,  14.642,9999.000,9999.000,9999.000,9999.000,9999.000,9999.000,9999.000,9999.000
202602180918,  14.853,9999.000,9999.000,9999.000,9999.000,9999.000,9999.000,9999.000,9999.000
202602180924,  15.046,9999.000,9999.000,9999.000,9999.000,9999.000,9999.000,9999.000,9999.000
202602180930,  15.219,9999.000,9999.000,9999.000,9999.000,9999.000,9999.000,9999.000,9999.000
202602180936,  15.374,9999.000,9999.000,9999.000,9999.000,9999.000,9999.000,9999.000,9999.000
202602180942,  15.508,9999.000,9999.000,9999.000,9999.000,9999.000,9999.000,9999.000,9999.000
202602180948,  15.622,9999.000,9999.000,9999.000,9999.000,9999.000,9999.000,9999.000,9999.000
202602180954,  15.716,9999.000,9999.000,9999.000,9999.000,9999.000,9999.000,9999.000,9999.000
202602181000,  15.790,9999.000,  -1.500,   0.537,  14.827,  -1.700,  14.627,  -1.300,  15.027
202602181006,  15.842,9999.000,9999.000,9999.000,9999.000,9999.000,9999.000,9999.000,9999.000
202602181012,  15.874,9999.000,9999.000,9999.000,9999.000,9999.000,9999.000,9999.000,9999.000
202602181018,  15.884,9999.000,9999.000,9999.000,9999.000,9999.000,9999.000,9999.000,9999.000
202602181024,  15.874,9999.000,9999.000,9999.000,9999.000,9999.000,9999.000,9999.000,9999.000
202602181030,  15.842,9999.000,9999.000,9999.000,9999.000,9999.000,9999.000,9999.000,9999.000
202602181036,  15.789,9999.000,9999.000,9999.000,9999.000,9999.000,9999.000,9999.000,9999.000
202602181042,  15.716,9999.000,9999.000,9999.000,9999.000,9999.000,9999.000,9999.000,9999.000
202602181048,  15.621,9999.000,9999.000,9999.000,9999.000,9999.000,9999.000,9999.000,9999.000
202602181054,  15.506,9999.000,9999.000,9999.000,9999.000,9999.000,9999.000,9999.000,9999.000
202602181100,  15.371,9999.000,  -1.400,   0.537,  14.508,  -1.600,  14.308,  -1.100,  14.808
202602181106,  15.216,9999.000,9999.000,9999.000,9999.000,9999.000,9999.000,9999.000,9999.000
202602181112,  15.041,9999.000,9999.000,9999.000,9999.000,9999.000,9999.000,9999.000,9999.000
202602181118,  14.848,9999.000,9999.000,9999.000,9999.000,9999.000,9999.000,9999.000,9999.000
202602181124,  14.636,9999.000,9999.000,9999.000,9999.000,9999.000,9999.000,9999.000,9999.000
202602181130,  14.406,9999.000,9999.000,9999.000,9999.000,9999.000,9999.000,9999.000,9999.000
202602181136,  14.159,9999.000,9999.000,9999.000,9999.000,9999.000,9999.000,9999.000,9999.000
202602181142,  13.895,9999.000,9999.000,9999.000,9999.000,9999.000,9999.000,9999.000,9999.000
202602181148,  13.615,9999.000,9999.000,9999.000,9999.000,9999.000,9999.000,9999.000,9999.000
202602181154,  13.321,9999.000,9999.000,9999.000,9999.000,9999.000,9999.000,9999.000,9999.000
202602181200,  13.012,9999.000,  -1.300,   0.537,  12.249,  -1.500,  12.049,  -1.000,  12.549
202602181206,  12.689,9999.000,9999.000,9999.000,9999.000,9999.000,9999.000,9999.000,9999.000
202602181212,  12.355,9999.000,9999.000,9999.000,9999.000,9999.000,9999.000,9999.000,9999.000
202602181218,  12.008,9999.000,9999.000,9999.000,9999.000,9999.000,9999.000,9999.000,9999.000
202602181224,  11.651,9999.000,9999.000,9999.000,9999.000,9999.000,9999.000,9999.000,9999.000
202602181230,  11.285,9999.000,9999.000,9999.000,9999.000,9999.000,9999.000,9999.000,9999.000
202602181236,  10.911,9999.000,9999.000,9999.000,9999.000,9999.000,9999.000,9999.000,9999.000
202602181242,  10.529,9999.000,9999.000,9999.000,9999.000,9999.000,9999.000,9999.000,9999.000
202602181248,  10.141,9999.000,9999.000,9999.000,9999.000,9999.000,9999.000,9999.000,9999.000
202602181254,   9.748,9999.000,9999.000,9999.000,9999.000,9999.000,9999.000,9999.000,9999.000
202602181300,   9.351,9999.000,  -1.200,   0.537,   8.688,  -1.400,   8.488,  -1.000,   8.888
202602181306,   8.951,9999.000,9999.000,9999.000,9999.000,9999.000,9999.000,9999.000,9999.000
202602181312,   8.550,9999.000,9999.000,9999.000,9999.000,9999.000,9999.000,9999.000,9999.000
202602181318,   8.149,9999.000,9999.000,9999.000,9999.000,9999.000,9999.000,9999.000,9999.000
202602181324,   7.748,9999.000,9999.000,9999.000,9999.000,9999.000,9999.000,9999.000,9999.000
202602181330,   7.350,9999.000,9999.000,9999.000,9999.000,9999.000,9999.000,9999.000,9999.000
202602181336,   6.955,9999.000,9999.000,9999.000,9999.000,9999.000,9999.000,9999.000,9999.000
202602181342,   6.565,9999.000,9999.000,9999.000,9999.000,9999.000,9999.000,9999.000,9999.000
202602181348,   6.180,9999.000,9999.000,9999.000,9999.000,9999.000,9999.000,9999.000,9999.000
202602181354,   5.802,9999.000,9999.000,9999.000,9999.000,9999.000,9999.000,9999.000,9999.000
202602181400,   5.432,9999.000,  -1.200,   0.537,   4.769,  -1.400,   4.569,  -1.000,   4.969
202602181406,   5.071,9999.000,9999.000,9999.000,9999.000,9999.000,9999.000,9999.000,9999.000
202602181412,   4.720,9999.000,9999.000,9999.000,9999.000,9999.000,9999.000,9999.000,9999.000
202602181418,   4.381,9999.000,9999.000,9999.000,9999.000,9999.000,9999.000,9999.000,9999.000
202602181424,   4.053,9999.000,9999.000,9999.000,9999.000,9999.000,9999.000,9999.000,9999.000
202602181430,   3.739,9999.000,9999.000,9999.000,9999.000,9999.000,9999.000,9999.000,9999.000
202602181436,   3.440,9999.000,9999.000,9999.000,9999.000,9999.000,9999.000,9999.000,9999.000
202602181442,   3.155,9999.000,9999.000,9999.000,9999.000,9999.000,9999.000,9999.000,9999.000
202602181448,   2.886,9999.000,9999.000,9999.000,9999.000,9999.000,9999.000,9999.000,9999.000
202602181454,   2.634,9999.000,9999.000,9999.000,9999.000,9999.000,9999.000,9999.000,9999.000
202602181500,   2.399,9999.000,  -1.200,   0.537,   1.736,  -1.500,   1.436,  -1.000,   1.936
202602181506,   2.182,9999.000,9999.000,9999.000,9999.000,9999.000,9999.000,9999.000,9999.000
202602181512,   1.984,9999.000,9999.000,9999.000,9999.000,9999.000,9999.000,9999.000,9999.000
202602181518,   1.806,9999.000,9999.000,9999.000,9999.000,9999.000,9999.000,9999.000,9999.000
202602181524,   1.647,9999.000,9999.000,9999.000,9999.000,9999.000,9999.000,9999.000,9999.000
202602181530,   1.508,9999.000,9999.000,9999.000,9999.000,9999.000,9999.000,9999.000,9999.000
202602181536,   1.390,9999.000,9999.000,9999.000,9999.000,9999.000,9999.000,9999.000,9999.000
202602181542,   1.293,9999.000,9999.000,9999.000,9999.000,9999.000,9999.000,9999.000,9999.000
202602181548,   1.218,9999.000,9999.000,9999.000,9999.000,9999.000,9999.000,9999.000,9999.000
202602181554,   1.163,9999.000,9999.000,9999.000,9999.000,9999.000,9999.000,9999.000,9999.000
202602181600,   1.131,9999.000,  -1.300,   0.537,   0.368,  -1.500,   0.168,  -1.100,   0.568
202602181606,   1.119,9999.000,9999.000,9999.000,9999.000,9999.000,9999.000,9999.000,9999.000
202602181612,   1.130,9999.000,9999.000,9999.000,9999.000,9999.000,9999.000,9999.000,9999.000
202602181618,   1.162,9999.000,9999.000,9999.000,9999.000,9999.000,9999.000,9999.000,9999.000
202602181624,   1.215,9999.000,9999.000,9999.000,9999.000,9999.000,9999.000,9999.000,9999.000
202602181630,   1.290,9999.000,9999.000,9999.000,9999.000,9999.000,9999.000,9999.000,9999.000
202602181636,   1.386,9999.000,9999.000,9999.000,9999.000,9999.000,9999.000,9999.000,9999.000
202602181642,   1.502,9999.000,9999.000,9999.000,9999.000,9999.000,9999.000,9999.000,9999.000
202602181648,   1.639,9999.000,9999.000,9999.000,9999.000,9999.000,9999.000,9999.000,9999.000
202602181654,   1.795,9999.000,9999.000,9999.000,9999.000,9999.000,9999.000,9999.000,9999.000
202602181700,   1.971,9999.000,  -1.300,   0.537,   1.208,  -1.600,   0.908,  -1.100,   1.408
202602181706,   2.166,9999.000,9999.000,9999.000,9999.000,9999.000,9999.000,9999.000,9999.000
202602181712,   2.379,9999.000,9999.000,9999.000,9999.000,9999.000,9999.000,9999.000,9999.000
202602181718,   2.610,9999.000,9999.000,9999.000,9999.000,9999.000,9999.000,9999.000,9999.000
202602181724,   2.858,9999.000,9999.000,9999.000,9999.000,9999.000,9999.000,9999.000,9999.000
202602181730,   3.122,9999.000,9999.000,9999.000,9999.000,9999.000,9999.000,9999.000,9999.000
202602181736,   3.402,9999.000,9999.000,9999.000,9999.000,9999.000,9999.000,9999.000,9999.000
202602181742,   3.697,9999.000,9999.000,9999.000,9999.000,9999.000,9999.000,9999.000,9999.000
202602181748,   4.005,9999.000,9999.000,9999.000,9999.000,9999.000,9999.000,9999.000,9999.000
202602181754,   4.327,9999.000,9999.000,9999.000,9999.000,9999.000,9999.000,9999.000,9999.000
202602181800,   4.661,9999.000,  -1.400,   0.537,   3.798,  -1.700,   3.498,  -1.200,   3.998
202602181806,   5.007,9999.000,9999.000,9999.000,9999.000,9999.000,9999.000,9999.000,9999.000
202602181812,   5.363,9999.000,9999.000,9999.000,9999.000,9999.000,9999.000,9999.000,9999.000
202602181818,   5.728,9999.000,9999.000,9999.000,9999.000,9999.000,9999.000,9999.000,9999.000
202602181824,   6.102,9999.000,9999.000,9999.000,9999.000,9999.000,9999.000,9999.000,9999.000
202602181830,   6.483,9999.000,9999.000,9999.000,9999.000,9999.000,9999.000,9999.000,9999.000
202602181836,   6.871,9999.000,9999.000,9999.000,9999.000,9999.000,9999.000,9999.000,9999.000
202602181842,   7.264,9999.000,9999.000,9999.000,9999.000,9999.000,9999.000,9999.000,9999.000
202602181848,   7.662,9999.000,9999.000,9999.000,9999.000,9999.000,9999.000,9999.000,9999.000
202602181854,   8.063,9999.000,9999.000,9999.000,9999.000,9999.000,9999.000,9999.000,9999.000
202602181900,   8.467,9999.000,  -1.500,   0.537,   7.504,  -1.700,   7.304,  -1.300,   7.704
202602181906,   8.872,9999.000,9999.000,9999.000,9999.000,9999.000,9999.000,9999.000,9999.000
202602181912,   9.277,9999.000,9999.000,9999.000,9999.000,9999.000,9999.000,9999.000,9999.000
202602181918,   9.681,9999.000,9999.000,9999.000,9999.000,9999.000,9999.000,9999.000,9999.000
202602181924,  10.084,9999.000,9999.000,9999.000,9999.000,9999.000,9999.000,9999.000,9999.000
202602181930,  10.484,9999.000,9999.000,9999.000,9999.000,9999.000,9999.000,9999.000,9999.000
202602181936,  10.880,9999.000,9999.000,9999.000,9999.000,9999.000,9999.000,9999.000,9999.000
202602181942,  11.271,9999.000,9999.000,9999.000,9999.000,9999.000,9999.000,9999.000,9999.000
202602181948,  11.656,9999.000,9999.000,9999.000,9999.000,9999.000,9999.000,9999.000,9999.000
202602181954,  12.034,9999.000,9999.000,9999.000,9999.000,9999.000,9999.000,9999.000,9999.000
202602182000,  12.405,9999.000,  -1.500,   0.537,  11.442,  -1.700,  11.242,  -1.300,  11.642
202602182006,  12.767,9999.000,9999.000,9999.000,9999.000,9999.000,9999.000,9999.000,9999.000
202602182012,  13.119,9999.000,9999.000,9999.000,9999.000,9999.000,9999.000,9999.000,9999.000
202602182018,  13.460,9999.000,9999.000,9999.000,9999.000,9999.000,9999.000,9999.000,9999.000
202602182024,  13.790,9999.000,9999.000,9999.000,9999.000,9999.000,9999.000,9999.000,9999.000
202602182030,  14.107,9999.000,9999.000,9999.000,9999.000,9999.000,9999.000,9999.000,9999.000
202602182036,  14.411,9999.000,9999.000,9999.000,9999.000,9999.000,9999.000,9999.000,9999.000
202602182042,  14.701,9999.000,9999.000,9999.000,9999.000,9999.000,9999.000,9999.000,9999.000
202602182048,  14.977,9999.000,9999.000,9999.000,9999.000,9999.000,9999.000,9999.000,9999.000
202602182054,  15.236,9999.000,9999.000,9999.000,9999.000,9999.000,9999.000,9999.000,9999.000
202602182100,  15.479,9999.000,  -1.400,   0.537,  14.616,  -1.700,  14.316,  -1.200,  14.816
202602182106,  15.705,9999.000,9999.000,9999.000,9999.000,9999.000,9999.000,9999.000,9999.000
202602182112,  15.914,9999.000,9999.000,9999.000,9999.000,9999.000,9999.000,9999.000,9999.000
202602182118,  16.104,9999.000,9999.000,9999.000,9999.000,9999.000,9999.000,9999.000,9999.000
202602182124,  16.275,9999.000,9999.000,9999.000,9999.000,9999.000,9999.000,9999.000,9999.000
202602182130,  16.427,9999.000,9999.000,9999.000,9999.000,9999.000,9999.000,9999.000,9999.000
202602182136,  16.559,9999.000,9999.000,9999.000,9999.000,9999.000,9999.000,9999.000,9999.000
202602182142,  16.671,9999.000,9999.000,9999.000,9999.000,9999.000,9999.000,9999.000,9999.000
202602182148,  16.761,9999.000,9999.000,9999.000,9999.000,9999.000,9999.000,9999.000,9999.000
202602182154,  16.831,9999.000,9999.000,9999.000,9999.000,9999.000,9999.000,9999.000,9999.000
202602182200,  16.879,9999.000,  -1.300,   0.537,  16.116,  -1.600,  15.816,  -1.100,  16.316
202602182206,  16.906,9999.000,9999.000,9999.000,9999.000,9999.000,9999.000,9999.000,9999.000
202602182212,  16.910,9999.000,9999.000,9999.000,9999.000,9999.000,9999.000,9999.000,9999.000
202602182218,  16.893,9999.000,9999.000,9999.000,9999.000,9999.000,9999.000,9999.000,9999.000
202602182224,  16.854,9999.000,9999.000,9999.000,9999.000,9999.000,9999.000,9999.000,9999.000
202602182230,  16.792,9999.000,9999.000,9999.000,9999.000,9999.000,9999.000,9999.000,9999.000
202602182236,  16.708,9999.000,9999.000,9999.000,9999.000,9999.000,9999.000,9999.000,9999.000
202602182242,  16.602,9999.000,9999.000,9999.000,9999.000,9999.000,9999.000,9999.000,9999.000
202602182248,  16.475,9999.000,9999.000,9999.000,9999.000,9999.000,9999.000,9999.000,9999.000
202602182254,  16.325,9999.000,9999.000,9999.000,9999.000,9999.000,9999.000,9999.000,9999.000
202602182300,  16.154,9999.000,  -1.200,   0.537,  15.491,  -1.600,  15.091,  -1.000,  15.691
202602182306,  15.962,9999.000,9999.000,9999.000,9999.000,9999.000,9999.000,9999.000,9999.000
202602182312,  15.749,9999.000,9999.000,9999.000,9999.000,9999.000,9999.000,9999.000,9999.000
202602182318,  15.515,9999.000,9999.000,9999.000,9999.000,9999.000,9999.000,9999.000,9999.000
202602182324,  15.262,9999.000,9999.000,9999.000,9999.000,9999.000,9999.000,9999.000,9999.000
202602182330,  14.989,9999.000,9999.000,9999.000,9999.000,9999.000,9999.000,9999.000,9999.000
202602182336,  14.698,9999.000,9999.000,9999.000,9999.000,9999.000,9999.000,9999.000,9999.000
202602182342,  14.388,9999.000,9999.000,9999.000,9999.000,9999.000,9999.000,9999.000,9999.000
202602182348,  14.061,9999.000,9999.000,9999.000,9999.000,9999.000,9999.000,9999.000,9999.000
202602182354,  13.717,9999.000,9999.000,9999.000,9999.000,9999.000,9999.000,9999.000,9999.000
202602190000,  13.357,9999.000,  -1.200,   0.537,  12.694,  -1.500,  12.394,  -1.000,  12.894
202602190006,  12.982,9999.000,9999.000,9999.000,9999.000,9999.000,9999.000,9999.000,9999.000
202602190012,  12.593,9999.000,9999.000,9999.000,9999.000,9999.000,9999.000,9999.000,9999.000
202602190018,  12.191,9999.000,9999.000,9999.000,9999.000,9999.000,9999.000,9999.000,9999.000
202602190024,  11.777,9999.000,9999.000,9999.000,9999.000,9999.000,9999.000,9999.000,9999.000
202602190030,  11.351,9999.000,9999.000,9999.000,9999.000,9999.000,9999.000,9999.000,9999.000
202602190036,  10.916,9999.000,9999.000,9999.000,9999.000,9999.000,9999.000,9999.000,9999.000
202602190042,  10.471,9999.000,9999.000,9999.000,9999.000,9999.000,9999.000,9999.000,9999.000
202602190048,  10.019,9999.000,9999.000,9999.000,9999.000,9999.000,9999.000,9999.000,9999.000
202602190054,   9.560,9999.000,9999.000,9999.000,9999.000,9999.000,9999.000,9999.000,9999.000
202602190100,   9.095,9999.000,  -1.100,   0.537,   8.532,  -1.400,   8.232,  -0.900,   8.732
202602190106,   8.626,9999.000,9999.000,9999.000,9999.000,9999.000,9999.000,9999.000,9999.000
202602190112,   8.155,9999.000,9999.000,9999.000,9999.000,9999.000,9999.000,9999.000,9999.000
202602190118,   7.681,9999.000,9999.000,9999.000,9999.000,9999.000,9999.000,9999.000,9999.000
202602190124,   7.207,9999.000,9999.000,9999.000,9999.000,9999.000,9999.000,9999.000,9999.000
202602190130,   6.734,9999.000,9999.000,9999.000,9999.000,9999.000,9999.000,9999.000,9999.000
202602190136,   6.263,9999.000,9999.000,9999.000,9999.000,9999.000,9999.000,9999.000,9999.000
202602190142,   5.794,9999.000,9999.000,9999.000,9999.000,9999.000,9999.000,9999.000,9999.000
202602190148,   5.331,9999.000,9999.000,9999.000,9999.000,9999.000,9999.000,9999.000,9999.000
202602190154,   4.873,9999.000,9999.000,9999.000,9999.000,9999.000,9999.000,9999.000,9999.000
202602190200,   4.422,9999.000,  -1.100,   0.537,   3.859,  -1.400,   3.559,  -0.900,   4.059
202602190206,   3.980,9999.000,9999.000,9999.000,9999.000,9999.000,9999.000,9999.000,9999.000
202602190212,   3.546,9999.000,9999.000,9999.000,9999.000,9999.000,9999.000,9999.000,9999.000
202602190218,   3.124,9999.000,9999.000,9999.000,9999.000,9999.000,9999.000,9999.000,9999.000
202602190224,   2.712,9999.000,9999.000,9999.000,9999.000,9999.000,9999.000,9999.000,9999.000
202602190230,   2.314,9999.000,9999.000,9999.000,9999.000,9999.000,9999.000,9999.000,9999.000
202602190236,   1.929,9999.000,9999.000,9999.000,9999.000,9999.000,9999.000,9999.000,9999.000
202602190242,   1.560,9999.000,9999.000,9999.000,9999.000,9999.000,9999.000,9999.000,9999.000
202602190248,   1.206,9999.000,9999.000,9999.000,9999.000,9999.000,9999.000,9999.000,9999.000
202602190254,   0.869,9999.000,9999.000,9999.000,9999.000,9999.000,9999.000,9999.000,9999.000
202602190300,   0.549,9999.000,  -1.200,   0.537,  -0.114,  -1.400,  -0.314,  -0.900,   0.186
202602190306,   0.248,9999.000,9999.000,9999.000,9999.000,9999.000,9999.000,9999.000,9999.000
202602190312,  -0.033,9999.000,9999.000,9999.000,9999.000,9999.000,9999.000,9999.000,9999.000
202602190318,  -0.296,9999.000,9999.000,9999.000,9999.000,9999.000,9999.000,9999.000,9999.000
202602190324,  -0.537,9999.000,9999.000,9999.000,9999.000,9999.000,9999.000,9999.000,9999.000
202602190330,  -0.758,9999.000,9999.000,9999.000,9999.000,9999.000,9999.000,9999.000,9999.000
202602190336,  -0.956,9999.000,9999.000,9999.000,9999.000,9999.000,9999.000,9999.000,9999.000
202602190342,  -1.133,9999.000,9999.000,9999.000,9999.000,9999.000,9999.000,9999.000,9999.000
202602190348,  -1.287,9999.000,9999.000,9999.000,9999.000,9999.000,9999.000,9999.000,9999.000
202602190354,  -1.419,9999.000,9999.000,9999.000,9999.000,9999.000,9999.000,9999.000,9999.000
202602190400,  -1.527,9999.000,  -1.200,   0.537,  -2.190,  -1.500,  -2.490,  -1.000,  -1.990
202602190406,  -1.611,9999.000,9999.000,9999.000,9999.000,9999.000,9999.000,9999.000,9999.000
202602190412,  -1.673,9999.000,9999.000,9999.000,9999.000,9999.000,9999.000,9999.000,9999.000
202602190418,  -1.710,9999.000,9999.000,9999.000,9999.000,9999.000,9999.000,9999.000,9999.000
202602190424,  -1.725,9999.000,9999.000,9999.000,9999.000,9999.000,9999.000,9999.000,9999.000
202602190430,  -1.715,9999.000,9999.000,9999.000,9999.000,9999.000,9999.000,9999.000,9999.000
202602190436,  -1.682,9999.000,9999.000,9999.000,9999.000,9999.000,9999.000,9999.000,9999.000
202602190442,  -1.627,9999.000,9999.000,9999.000,9999.000,9999.000,9999.000,9999.000,9999.000
202602190448,  -1.548,9999.000,9999.000,9999.000,9999.000,9999.000,9999.000,9999.000,9999.000
202602190454,  -1.446,9999.000,9999.000,9999.000,9999.000,9999.000,9999.000,9999.000,9999.000
202602190500,  -1.322,9999.000,  -1.200,   0.537,  -1.985,  -1.500,  -2.285,  -1.000,  -1.785
202602190506,  -1.176,9999.000,9999.000,9999.000,9999.000,9999.000,9999.000,9999.000,9999.000
202602190512,  -1.008,9999.000,9999.000,9999.000,9999.000,9999.000,9999.000,9999.000,9999.000
202602190518,  -0.820,9999.000,9999.000,9999.000,9999.000,9999.000,9999.000,9999.000,9999.000
202602190524,  -0.611,9999.000,9999.000,9999.000,9999.000,9999.000,9999.000,9999.000,9999.000
202602190530,  -0.383,9999.000,9999.000,9999.000,9999.000,9999.000,9999.000,9999.000,9999.000
202602190536,  -0.135,9999.000,9999.000,9999.000,9999.000,9999.000,9999.000,9999.000,9999.000
202602190542,   0.130,9999.000,9999.000,9999.000,9999.000,9999.000,9999.000,9999.000,9999.000
202602190548,   0.413,9999.000,9999.000,9999.000,9999.000,9999.000,9999.000,9999.000,9999.000
202602190554,   0.714,9999.000,9999.000,9999.000,9999.000,9999.000,9999.000,9999.000,9999.000
202602190600,   1.031,9999.000,  -1.300,   0.537,   0.268,  -1.500,   0.068,  -1.000,   0.568
