        TIME,    TIDE,      OB,   SURGE,    BIAS,     TWL,SURGE90p,  TWL90p,SURGE10p,   TWL10p
202602100000,   0.415,   1.389,   0.800,   0.174,   1.389,   0.800,   1.389,   0.900,   1.489
202602100006,   0.393,   1.360,9999.000,9999.000,9999.000,9999.000,9999.000,9999.000,9999.000
202602100012,   0.371,   1.340,9999.000,9999.000,9999.000,9999.000,9999.000,9999.000,9999.000
202602100018,   0.348,   1.320,9999.000,9999.000,9999.000,9999.000,9999.000,9999.000,9999.000
202602100024,   0.326,   1.281,9999.000,9999.000,9999.000,9999.000,9999.000,9999.000,9999.000
202602100030,   0.303,   1.252,9999.000,9999.000,9999.000,9999.000,9999.000,9999.000,9999.000
202602100036,   0.281,   1.232,9999.000,9999.000,9999.000,9999.000,9999.000,9999.000,9999.000
202602100042,   0.259,   1.212,9999.000,9999.000,9999.000,9999.000,9999.000,9999.000,9999.000
202602100048,   0.237,   1.179,9999.000,9999.000,9999.000,9999.000,9999.000,9999.000,9999.000
202602100054,   0.216,   1.160,9999.000,9999.000,9999.000,9999.000,9999.000,9999.000,9999.000
202602100100,   0.195,   1.140,   0.800,   0.145,   1.140,   0.800,   1.140,   0.800,   1.140
202602100106,   0.174,   1.111,9999.000,9999.000,9999.000,9999.000,9999.000,9999.000,9999.000
202602100112,   0.154,   1.091,9999.000,9999.000,9999.000,9999.000,9999.000,9999.000,9999.000
202602100118,   0.135,   1.071,9999.000,9999.000,9999.000,9999.000,9999.000,9999.000,9999.000
202602100124,   0.116,   1.042,9999.000,9999.000,9999.000,9999.000,9999.000,9999.000,9999.000
202602100130,   0.098,   1.032,9999.000,9999.000,9999.000,9999.000,9999.000,9999.000,9999.000
202602100136,   0.081,   1.022,9999.000,9999.000,9999.000,9999.000,9999.000,9999.000,9999.000
202602100142,   0.065,   0.989,9999.000,9999.000,9999.000,9999.000,9999.000,9999.000,9999.000
202602100148,   0.049,   0.979,9999.000,9999.000,9999.000,9999.000,9999.000,9999.000,9999.000
202602100154,   0.035,   0.969,9999.000,9999.000,9999.000,9999.000,9999.000,9999.000,9999.000
202602100200,   0.022,   0.950,   0.800,   0.128,   0.950,   0.700,   0.850,   0.800,   0.950
202602100206,   0.009,   0.940,9999.000,9999.000,9999.000,9999.000,9999.000,9999.000,9999.000
202602100212,  -0.001,   0.930,9999.000,9999.000,9999.000,9999.000,9999.000,9999.000,9999.000
202602100218,  -0.011,   0.920,9999.000,9999.000,9999.000,9999.000,9999.000,9999.000,9999.000
202602100224,  -0.020,   0.910,9999.000,9999.000,9999.000,9999.000,9999.000,9999.000,9999.000
202602100230,  -0.028,   0.901,9999.000,9999.000,9999.000,9999.000,9999.000,9999.000,9999.000
202602100236,  -0.034,   0.901,9999.000,9999.000,9999.000,9999.000,9999.000,9999.000,9999.000
202602100242,  -0.040,   0.891,9999.000,9999.000,9999.000,9999.000,9999.000,9999.000,9999.000
202602100248,  -0.043,   0.901,9999.000,9999.000,9999.000,9999.000,9999.000,9999.000,9999.000
202602100254,  -0.046,   0.901,9999.000,9999.000,9999.000,9999.000,9999.000,9999.000,9999.000
202602100300,  -0.046,   0.910,   0.800,   0.156,   0.910,   0.700,   0.810,   0.800,   0.910
202602100306,  -0.045,   0.920,9999.000,9999.000,9999.000,9999.000,9999.000,9999.000,9999.000
202602100312,  -0.043,   0.950,9999.000,9999.000,9999.000,9999.000,9999.000,9999.000,9999.000
202602100318,  -0.038,   0.969,9999.000,9999.000,9999.000,9999.000,9999.000,9999.000,9999.000
202602100324,  -0.032,   0.989,9999.000,9999.000,9999.000,9999.000,9999.000,9999.000,9999.000
202602100330,  -0.024,   1.022,9999.000,9999.000,9999.000,9999.000,9999.000,9999.000,9999.000
202602100336,  -0.013,   1.051,9999.000,9999.000,9999.000,9999.000,9999.000,9999.000,9999.000
202602100342,  -0.001,   1.071,9999.000,9999.000,9999.000,9999.000,9999.000,9999.000,9999.000
202602100348,   0.012,   1.091,9999.000,9999.000,9999.000,9999.000,9999.000,9999.000,9999.000
202602100354,   0.029,   1.120,9999.000,9999.000,9999.000,9999.000,9999.000,9999.000,9999.000
202602100400,   0.047,   1.140,   0.700,   0.393,   1.140,   0.700,   1.140,   0.800,   1.240
202602100406,   0.068,   1.170,9999.000,9999.000,9999.000,9999.000,9999.000,9999.000,9999.000
202602100412,   0.091,   1.199,9999.000,9999.000,9999.000,9999.000,9999.000,9999.000,9999.000
202602100418,   0.115,   1.232,9999.000,9999.000,9999.000,9999.000,9999.000,9999.000,9999.000
202602100424,   0.142,   1.261,9999.000,9999.000,9999.000,9999.000,9999.000,9999.000,9999.000
202602100430,   0.170,   1.291,9999.000,9999.000,9999.000,9999.000,9999.000,9999.000,9999.000
202602100436,   0.200,   1.320,9999.000,9999.000,9999.000,9999.000,9999.000,9999.000,9999.000
202602100442,   0.232,   1.360,9999.000,9999.000,9999.000,9999.000,9999.000,9999.000,9999.000
202602100448,   0.265,   1.389,9999.000,9999.000,9999.000,9999.000,9999.000,9999.000,9999.000
202602100454,   0.299,   1.422,9999.000,9999.000,9999.000,9999.000,9999.000,9999.000,9999.000
202602100500,   0.334,   1.452,   0.700,   0.418,   1.452,   0.700,   1.452,   0.800,   1.552
202602100506,   0.370,   1.491,9999.000,9999.000,9999.000,9999.000,9999.000,9999.000,9999.000
202602100512,   0.407,   1.529,9999.000,9999.000,9999.000,9999.000,9999.000,9999.000,9999.000
202602100518,   0.444,   1.559,9999.000,9999.000,9999.000,9999.000,9999.000,9999.000,9999.000
202602100524,   0.482,   1.598,9999.000,9999.000,9999.000,9999.000,9999.000,9999.000,9999.000
202602100530,   0.520,   1.631,9999.000,9999.000,9999.000,9999.000,9999.000,9999.000,9999.000
202602100536,   0.558,   1.661,9999.000,9999.000,9999.000,9999.000,9999.000,9999.000,9999.000
202602100542,   0.596,   1.700,9999.000,9999.000,9999.000,9999.000,9999.000,9999.000,9999.000
202602100548,   0.634,   1.739,9999.000,9999.000,9999.000,9999.000,9999.000,9999.000,9999.000
202602100554,   0.671,   1.759,9999.000,9999.000,9999.000,9999.000,9999.000,9999.000,9999.000
202602100600,   0.709,   1.798,   0.700,   0.389,   1.798,   0.600,   1.698,   0.800,   1.898
202602100606,   0.745,   1.828,9999.000,9999.000,9999.000,9999.000,9999.000,9999.000,9999.000
202602100612,   0.782,   1.861,9999.000,9999.000,9999.000,9999.000,9999.000,9999.000,9999.000
202602100618,   0.818,   1.900,9999.000,9999.000,9999.000,9999.000,9999.000,9999.000,9999.000
202602100624,   0.853,   1.949,9999.000,9999.000,9999.000,9999.000,9999.000,9999.000,9999.000
202602100630,   0.889,   1.969,9999.000,9999.000,9999.000,9999.000,9999.000,9999.000,9999.000
202602100636,   0.923,   1.998,9999.000,9999.000,9999.000,9999.000,9999.000,9999.000,9999.000
202602100642,   0.958,   2.051,9999.000,9999.000,9999.000,9999.000,9999.000,9999.000,9999.000
202602100648,   0.992,   2.080,9999.000,9999.000,9999.000,9999.000,9999.000,9999.000,9999.000
202602100654,   1.026,   2.110,9999.000,9999.000,9999.000,9999.000,9999.000,9999.000,9999.000
202602100700,   1.059,   2.149,   0.700,   0.390,   2.149,   0.600,   2.049,   0.800,   2.249
202602100706,   1.092,   2.179,9999.000,9999.000,9999.000,9999.000,9999.000,9999.000,9999.000
202602100712,   1.124,   2.208,9999.000,9999.000,9999.000,9999.000,9999.000,9999.000,9999.000
202602100718,   1.157,   2.238,9999.000,9999.000,9999.000,9999.000,9999.000,9999.000,9999.000
202602100724,   1.188,   2.271,9999.000,9999.000,9999.000,9999.000,9999.000,9999.000,9999.000
202602100730,   1.220,   2.300,9999.000,9999.000,9999.000,9999.000,9999.000,9999.000,9999.000
202602100736,   1.250,   2.330,9999.000,9999.000,9999.000,9999.000,9999.000,9999.000,9999.000
202602100742,   1.280,   2.359,9999.000,9999.000,9999.000,9999.000,9999.000,9999.000,9999.000
202602100748,   1.309,   2.389,9999.000,9999.000,9999.000,9999.000,9999.000,9999.000,9999.000
202602100754,   1.338,   2.408,9999.000,9999.000,9999.000,9999.000,9999.000,9999.000,9999.000
202602100800,   1.365,   2.438,   0.700,   0.373,   2.438,   0.600,   2.338,   0.800,   2.538
202602100806,   1.391,   2.471,9999.000,9999.000,9999.000,9999.000,9999.000,9999.000,9999.000
202602100812,   1.415,   2.490,9999.000,9999.000,9999.000,9999.000,9999.000,9999.000,9999.000
202602100818,   1.438,   2.520,9999.000,9999.000,9999.000,9999.000,9999.000,9999.000,9999.000
202602100824,   1.459,   2.540,9999.000,9999.000,9999.000,9999.000,9999.000,9999.000,9999.000
202602100830,   1.478,   2.549,9999.000,9999.000,9999.000,9999.000,9999.000,9999.000,9999.000
202602100836,   1.495,   2.569,9999.000,9999.000,9999.000,9999.000,9999.000,9999.000,9999.000
202602100842,   1.510,   2.579,9999.000,9999.000,9999.000,9999.000,9999.000,9999.000,9999.000
202602100848,   1.522,   2.589,9999.000,9999.000,9999.000,9999.000,9999.000,9999.000,9999.000
202602100854,   1.532,   2.599,9999.000,9999.000,9999.000,9999.000,9999.000,9999.000,9999.000
202602100900,   1.540,   2.618,   0.700,   0.378,   2.618,   0.600,   2.518,   0.800,   2.718
202602100906,   1.545,   2.608,9999.000,9999.000,9999.000,9999.000,9999.000,9999.000,9999.000
202602100912,   1.547,   2.618,9999.000,9999.000,9999.000,9999.000,9999.000,9999.000,9999.000
202602100918,   1.547,   2.618,9999.000,9999.000,9999.000,9999.000,9999.000,9999.000,9999.000
202602100924,   1.545,   2.608,9999.000,9999.000,9999.000,9999.000,9999.000,9999.000,9999.000
202602100930,   1.540,   2.599,9999.000,9999.000,9999.000,9999.000,9999.000,9999.000,9999.000
202602100936,   1.532,   2.589,9999.000,9999.000,9999.000,9999.000,9999.000,9999.000,9999.000
202602100942,   1.523,   2.559,9999.000,9999.000,9999.000,9999.000,9999.000,9999.000,9999.000
202602100948,   1.511,   2.540,9999.000,9999.000,9999.000,9999.000,9999.000,9999.000,9999.000
202602100954,   1.497,   2.510,9999.000,9999.000,9999.000,9999.000,9999.000,9999.000,9999.000
202602101000,   1.482,   2.490,   0.700,   0.308,   2.490,   0.600,   2.390,   0.800,   2.590
202602101006,   1.465,   2.461,9999.000,9999.000,9999.000,9999.000,9999.000,9999.000,9999.000
202602101012,   1.446,   2.428,9999.000,9999.000,9999.000,9999.000,9999.000,9999.000,9999.000
202602101018,   1.427,   2.399,9999.000,9999.000,9999.000,9999.000,9999.000,9999.000,9999.000
202602101024,   1.406,   2.369,9999.000,9999.000,9999.000,9999.000,9999.000,9999.000,9999.000
202602101030,   1.384,   2.349,9999.000,9999.000,9999.000,9999.000,9999.000,9999.000,9999.000
202602101036,   1.361,   2.320,9999.000,9999.000,9999.000,9999.000,9999.000,9999.000,9999.000
202602101042,   1.338,   2.300,9999.000,9999.000,9999.000,9999.000,9999.000,9999.000,9999.000
202602101048,   1.313,   2.271,9999.000,9999.000,9999.000,9999.000,9999.000,9999.000,9999.000
202602101054,   1.289,   2.238,9999.000,9999.000,9999.000,9999.000,9999.000,9999.000,9999.000
202602101100,   1.264,   2.208,   0.700,   0.244,   2.208,   0.600,   2.108,   0.800,   2.308
202602101106,   1.239,   2.189,9999.000,9999.000,9999.000,9999.000,9999.000,9999.000,9999.000
202602101112,   1.213,   2.149,9999.000,9999.000,9999.000,9999.000,9999.000,9999.000,9999.000
202602101118,   1.188,   2.120,9999.000,9999.000,9999.000,9999.000,9999.000,9999.000,9999.000
202602101124,   1.162,   2.090,9999.000,9999.000,9999.000,9999.000,9999.000,9999.000,9999.000
202602101130,   1.135,   2.051,9999.000,9999.000,9999.000,9999.000,9999.000,9999.000,9999.000
202602101136,   1.109,   2.018,9999.000,9999.000,9999.000,9999.000,9999.000,9999.000,9999.000
202602101142,   1.082,   1.989,9999.000,9999.000,9999.000,9999.000,9999.000,9999.000,9999.000
202602101148,   1.055,   1.959,9999.000,9999.000,9999.000,9999.000,9999.000,9999.000,9999.000
202602101154,   1.028,   1.929,9999.000,9999.000,9999.000,9999.000,9999.000,9999.000,9999.000
202602101200,   1.001,   1.900,   0.600,   0.299,   1.900,   0.500,   1.800,   0.600,   1.900
202602101206,   0.974,   1.870,9999.000,9999.000,9999.000,9999.000,9999.000,9999.000,9999.000
202602101212,   0.946,   1.841,9999.000,9999.000,9999.000,9999.000,9999.000,9999.000,9999.000
202602101218,   0.918,   1.798,9999.000,9999.000,9999.000,9999.000,9999.000,9999.000,9999.000
202602101224,   0.890,   1.769,9999.000,9999.000,9999.000,9999.000,9999.000,9999.000,9999.000
202602101230,   0.861,   1.749,9999.000,9999.000,9999.000,9999.000,9999.000,9999.000,9999.000
202602101236,   0.833,   1.710,9999.000,9999.000,9999.000,9999.000,9999.000,9999.000,9999.000
202602101242,   0.805,   1.680,9999.000,9999.000,9999.000,9999.000,9999.000,9999.000,9999.000
202602101248,   0.776,   1.651,9999.000,9999.000,9999.000,9999.000,9999.000,9999.000,9999.000
202602101254,   0.748,   1.618,9999.000,9999.000,9999.000,9999.000,9999.000,9999.000,9999.000
202602101300,   0.720,   1.588,   0.500,   0.368,   1.588,   0.500,   1.588,   0.600,   1.688
202602101306,   0.692,   1.559,9999.000,9999.000,9999.000,9999.000,9999.000,9999.000,9999.000
202602101312,   0.664,   1.529,9999.000,9999.000,9999.000,9999.000,9999.000,9999.000,9999.000
202602101318,   0.637,   1.501,9999.000,9999.000,9999.000,9999.000,9999.000,9999.000,9999.000
202602101324,   0.610,   1.471,9999.000,9999.000,9999.000,9999.000,9999.000,9999.000,9999.000
202602101330,   0.584,   1.452,9999.000,9999.000,9999.000,9999.000,9999.000,9999.000,9999.000
202602101336,   0.558,   1.422,9999.000,9999.000,9999.000,9999.000,9999.000,9999.000,9999.000
202602101342,   0.533,   1.379,9999.000,9999.000,9999.000,9999.000,9999.000,9999.000,9999.000
202602101348,   0.509,   1.360,9999.000,9999.000,9999.000,9999.000,9999.000,9999.000,9999.000
202602101354,   0.485,   1.330,9999.000,9999.000,9999.000,9999.000,9999.000,9999.000,9999.000
202602101400,   0.463,   1.311,   0.600,   0.248,   1.311,   0.500,   1.211,   0.600,   1.311
202602101406,   0.441,   1.281,9999.000,9999.000,9999.000,9999.000,9999.000,9999.000,9999.000
202602101412,   0.420,   1.261,9999.000,9999.000,9999.000,9999.000,9999.000,9999.000,9999.000
202602101418,   0.401,   1.252,9999.000,9999.000,9999.000,9999.000,9999.000,9999.000,9999.000
202602101424,   0.382,   1.222,9999.000,9999.000,9999.000,9999.000,9999.000,9999.000,9999.000
202602101430,   0.364,   1.189,9999.000,9999.000,9999.000,9999.000,9999.000,9999.000,9999.000
202602101436,   0.347,   1.179,9999.000,9999.000,9999.000,9999.000,9999.000,9999.000,9999.000
202602101442,   0.331,   1.170,9999.000,9999.000,9999.000,9999.000,9999.000,9999.000,9999.000
202602101448,   0.317,   1.140,9999.000,9999.000,9999.000,9999.000,9999.000,9999.000,9999.000
202602101454,   0.303,   1.130,9999.000,9999.000,9999.000,9999.000,9999.000,9999.000,9999.000
202602101500,   0.291,   1.111,   0.500,   0.320,   1.111,   0.500,   1.111,   0.600,   1.211
202602101506,   0.280,   1.101,9999.000,9999.000,9999.000,9999.000,9999.000,9999.000,9999.000
202602101512,   0.270,   1.091,9999.000,9999.000,9999.000,9999.000,9999.000,9999.000,9999.000
202602101518,   0.261,   1.081,9999.000,9999.000,9999.000,9999.000,9999.000,9999.000,9999.000
202602101524,   0.253,   1.061,9999.000,9999.000,9999.000,9999.000,9999.000,9999.000,9999.000
202602101530,   0.247,   1.071,9999.000,9999.000,9999.000,9999.000,9999.000,9999.000,9999.000
202602101536,   0.243,   1.061,9999.000,9999.000,9999.000,9999.000,9999.000,9999.000,9999.000
202602101542,   0.240,   1.051,9999.000,9999.000,9999.000,9999.000,9999.000,9999.000,9999.000
202602101548,   0.238,   1.061,9999.000,9999.000,9999.000,9999.000,9999.000,9999.000,9999.000
202602101554,   0.238,   1.061,9999.000,9999.000,9999.000,9999.000,9999.000,9999.000,9999.000
202602101600,   0.240,   1.071,   0.600,   0.231,   1.071,   0.500,   0.971,   0.600,   1.071
202602101606,   0.243,   1.081,9999.000,9999.000,9999.000,9999.000,9999.000,9999.000,9999.000
202602101612,   0.248,   1.101,9999.000,9999.000,9999.000,9999.000,9999.000,9999.000,9999.000
202602101618,   0.254,   1.120,9999.000,9999.000,9999.000,9999.000,9999.000,9999.000,9999.000
202602101624,   0.263,   1.140,9999.000,9999.000,9999.000,9999.000,9999.000,9999.000,9999.000
202602101630,   0.273,   1.160,9999.000,9999.000,9999.000,9999.000,9999.000,9999.000,9999.000
202602101636,   0.284,   1.189,9999.000,9999.000,9999.000,9999.000,9999.000,9999.000,9999.000
202602101642,   0.297,   1.222,9999.000,9999.000,9999.000,9999.000,9999.000,9999.000,9999.000
202602101648,   0.312,   1.242,9999.000,9999.000,9999.000,9999.000,9999.000,9999.000,9999.000
202602101654,   0.327,   1.261,9999.000,9999.000,9999.000,9999.000,9999.000,9999.000,9999.000
202602101700,   0.345,   1.291,   0.600,   0.346,   1.291,   0.500,   1.191,   0.600,   1.291
202602101706,   0.363,   1.320,9999.000,9999.000,9999.000,9999.000,9999.000,9999.000,9999.000
202602101712,   0.382,   1.350,9999.000,9999.000,9999.000,9999.000,9999.000,9999.000,9999.000
202602101718,   0.402,   1.360,9999.000,9999.000,9999.000,9999.000,9999.000,9999.000,9999.000
202602101724,   0.422,   1.379,9999.000,9999.000,9999.000,9999.000,9999.000,9999.000,9999.000
202602101730,   0.443,   1.422,9999.000,9999.000,9999.000,9999.000,9999.000,9999.000,9999.000
202602101736,   0.464,   1.452,9999.000,9999.000,9999.000,9999.000,9999.000,9999.000,9999.000
202602101742,   0.486,   1.471,9999.000,9999.000,9999.000,9999.000,9999.000,9999.000,9999.000
202602101748,   0.507,   1.501,9999.000,9999.000,9999.000,9999.000,9999.000,9999.000,9999.000
202602101754,   0.529,   1.539,9999.000,9999.000,9999.000,9999.000,9999.000,9999.000,9999.000
202602101800,   0.550,   1.559,   0.600,   0.409,   1.559,   0.600,   1.559,   0.600,   1.559
202602101806,   0.571,   1.579,9999.000,9999.000,9999.000,9999.000,9999.000,9999.000,9999.000
202602101812,   0.591,   1.618,9999.000,9999.000,9999.000,9999.000,9999.000,9999.000,9999.000
202602101818,   0.611,   1.651,9999.000,9999.000,9999.000,9999.000,9999.000,9999.000,9999.000
202602101824,   0.630,   1.670,9999.000,9999.000,9999.000,9999.000,9999.000,9999.000,9999.000
202602101830,   0.649,   1.690,9999.000,9999.000,9999.000,9999.000,9999.000,9999.000,9999.000
202602101836,   0.667,   1.720,9999.000,9999.000,9999.000,9999.000,9999.000,9999.000,9999.000
202602101842,   0.684,   1.759,9999.000,9999.000,9999.000,9999.000,9999.000,9999.000,9999.000
202602101848,   0.701,   1.779,9999.000,9999.000,9999.000,9999.000,9999.000,9999.000,9999.000
202602101854,   0.718,   1.808,9999.000,9999.000,9999.000,9999.000,9999.000,9999.000,9999.000
202602101900,   0.734,   1.851,   0.600,   0.517,   1.851,   0.600,   1.851,   0.700,   1.951
202602101906,   0.750,   1.880,9999.000,9999.000,9999.000,9999.000,9999.000,9999.000,9999.000
202602101912,   0.765,   1.900,9999.000,9999.000,9999.000,9999.000,9999.000,9999.000,9999.000
202602101918,   0.780,   1.929,9999.000,9999.000,9999.000,9999.000,9999.000,9999.000,9999.000
202602101924,   0.795,   1.949,9999.000,9999.000,9999.000,9999.000,9999.000,9999.000,9999.000
202602101930,   0.810,   1.979,9999.000,9999.000,9999.000,9999.000,9999.000,9999.000,9999.000
202602101936,   0.824,   2.018,9999.000,9999.000,9999.000,9999.000,9999.000,9999.000,9999.000
202602101942,   0.839,   2.028,9999.000,9999.000,9999.000,9999.000,9999.000,9999.000,9999.000
202602101948,   0.853,   2.061,9999.000,9999.000,9999.000,9999.000,9999.000,9999.000,9999.000
202602101954,   0.868,   2.100,9999.000,9999.000,9999.000,9999.000,9999.000,9999.000,9999.000
202602102000,   0.882,   2.100,   0.600,   0.618,   2.100,   0.600,   2.100,   0.700,   2.200
202602102006,   0.895,   2.120,9999.000,9999.000,9999.000,9999.000,9999.000,9999.000,9999.000
202602102012,   0.909,   2.149,9999.000,9999.000,9999.000,9999.000,9999.000,9999.000,9999.000
202602102018,   0.922,   2.169,9999.000,9999.000,9999.000,9999.000,9999.000,9999.000,9999.000
202602102024,   0.934,   2.179,9999.000,9999.000,9999.000,9999.000,9999.000,9999.000,9999.000
202602102030,   0.946,   2.208,9999.000,9999.000,9999.000,9999.000,9999.000,9999.000,9999.000
202602102036,   0.956,   2.228,9999.000,9999.000,9999.000,9999.000,9999.000,9999.000,9999.000
202602102042,   0.966,   2.251,9999.000,9999.000,9999.000,9999.000,9999.000,9999.000,9999.000
202602102048,   0.975,   2.271,9999.000,9999.000,9999.000,9999.000,9999.000,9999.000,9999.000
202602102054,   0.982,   2.271,9999.000,9999.000,9999.000,9999.000,9999.000,9999.000,9999.000
202602102100,   0.988,   2.280,   0.600,   0.692,   2.280,   0.600,   2.280,   0.700,   2.380
202602102106,   0.993,   2.290,9999.000,9999.000,9999.000,9999.000,9999.000,9999.000,9999.000
202602102112,   0.996,   2.280,9999.000,9999.000,9999.000,9999.000,9999.000,9999.000,9999.000
202602102118,   0.997,   2.271,9999.000,9999.000,9999.000,9999.000,9999.000,9999.000,9999.000
202602102124,   0.996,   2.261,9999.000,9999.000,9999.000,9999.000,9999.000,9999.000,9999.000
202602102130,   0.994,   2.251,9999.000,9999.000,9999.000,9999.000,9999.000,9999.000,9999.000
202602102136,   0.990,   2.228,9999.000,9999.000,9999.000,9999.000,9999.000,9999.000,9999.000
202602102142,   0.983,   2.208,9999.000,9999.000,9999.000,9999.000,9999.000,9999.000,9999.000
202602102148,   0.975,   2.198,9999.000,9999.000,9999.000,9999.000,9999.000,9999.000,9999.000
202602102154,   0.966,   2.179,9999.000,9999.000,9999.000,9999.000,9999.000,9999.000,9999.000
202602102200,   0.954,   2.149,   0.600,   0.595,   2.149,   0.600,   2.149,   0.700,   2.249
202602102206,   0.941,   2.139,9999.000,9999.000,9999.000,9999.000,9999.000,9999.000,9999.000
202602102212,   0.927,   2.110,9999.000,9999.000,9999.000,9999.000,9999.000,9999.000,9999.000
202602102218,   0.911,   2.100,9999.000,9999.000,9999.000,9999.000,9999.000,9999.000,9999.000
202602102224,   0.894,   2.080,9999.000,9999.000,9999.000,9999.000,9999.000,9999.000,9999.000
202602102230,   0.876,   2.061,9999.000,9999.000,9999.000,9999.000,9999.000,9999.000,9999.000
202602102236,   0.857,   2.038,9999.000,9999.000,9999.000,9999.000,9999.000,9999.000,9999.000
202602102242,   0.838,   2.018,9999.000,9999.000,9999.000,9999.000,9999.000,9999.000,9999.000
202602102248,   0.818,   1.989,9999.000,9999.000,9999.000,9999.000,9999.000,9999.000,9999.000
202602102254,   0.797,   1.969,9999.000,9999.000,9999.000,9999.000,9999.000,9999.000,9999.000
202602102300,   0.776,   1.949,   0.600,   0.573,   1.949,   0.600,   1.949,   0.700,   2.049
202602102306,   0.755,   1.920,9999.000,9999.000,9999.000,9999.000,9999.000,9999.000,9999.000
202602102312,   0.733,   1.890,9999.000,9999.000,9999.000,9999.000,9999.000,9999.000,9999.000
202602102318,   0.712,   1.880,9999.000,9999.000,9999.000,9999.000,9999.000,9999.000,9999.000
202602102324,   0.691,   1.851,9999.000,9999.000,9999.000,9999.000,9999.000,9999.000,9999.000
202602102330,   0.669,   1.818,9999.000,9999.000,9999.000,9999.000,9999.000,9999.000,9999.000
202602102336,   0.648,   1.798,9999.000,9999.000,9999.000,9999.000,9999.000,9999.000,9999.000
202602102342,   0.627,   1.779,9999.000,9999.000,9999.000,9999.000,9999.000,9999.000,9999.000
202602102348,   0.606,   1.749,9999.000,9999.000,9999.000,9999.000,9999.000,9999.000,9999.000
202602102354,   0.585,   1.720,9999.000,9999.000,9999.000,9999.000,9999.000,9999.000,9999.000
202602110000,   0.564,   1.700,   0.600,   0.536,   1.700,   0.500,   1.600,   0.600,   1.700
202602110006,   0.543,   1.680,9999.000,9999.000,9999.000,9999.000,9999.000,9999.000,9999.000
202602110012,   0.522,   1.651,9999.000,9999.000,9999.000,9999.000,9999.000,9999.000,9999.000
202602110018,   0.502,   1.618,9999.000,9999.000,9999.000,9999.000,9999.000,9999.000,9999.000
202602110024,   0.481,   1.598,9999.000,9999.000,9999.000,9999.000,9999.000,9999.000,9999.000
202602110030,   0.460,   1.579,9999.000,9999.000,9999.000,9999.000,9999.000,9999.000,9999.000
202602110036,   0.438,   1.549,9999.000,9999.000,9999.000,9999.000,9999.000,9999.000,9999.000
202602110042,   0.417,   1.520,9999.000,9999.000,9999.000,9999.000,9999.000,9999.000,9999.000
202602110048,   0.396,   1.501,9999.000,9999.000,9999.000,9999.000,9999.000,9999.000,9999.000
202602110054,   0.374,   1.481,9999.000,9999.000,9999.000,9999.000,9999.000,9999.000,9999.000
202602110100,   0.353,   1.461,   0.600,   0.508,   1.461,   0.500,   1.361,   0.600,   1.461
202602110106,   0.331,   1.432,9999.000,9999.000,9999.000,9999.000,9999.000,9999.000,9999.000
202602110112,   0.310,   1.409,9999.000,9999.000,9999.000,9999.000,9999.000,9999.000,9999.000
202602110118,   0.288,   1.389,9999.000,9999.000,9999.000,9999.000,9999.000,9999.000,9999.000
202602110124,   0.267,   1.360,9999.000,9999.000,9999.000,9999.000,9999.000,9999.000,9999.000
202602110130,   0.246,   1.340,9999.000,9999.000,9999.000,9999.000,9999.000,9999.000,9999.000
202602110136,   0.225,   1.320,9999.000,9999.000,9999.000,9999.000,9999.000,9999.000,9999.000
202602110142,   0.205,   1.301,9999.000,9999.000,9999.000,9999.000,9999.000,9999.000,9999.000
202602110148,   0.185,   1.271,9999.000,9999.000,9999.000,9999.000,9999.000,9999.000,9999.000
202602110154,   0.165,   1.252,9999.000,9999.000,9999.000,9999.000,9999.000,9999.000,9999.000
202602110200,   0.146,   1.232,   0.600,   0.486,   1.232,   0.500,   1.132,   0.600,   1.232
202602110206,   0.128,   1.199,9999.000,9999.000,9999.000,9999.000,9999.000,9999.000,9999.000
202602110212,   0.111,   1.179,9999.000,9999.000,9999.000,9999.000,9999.000,9999.000,9999.000
202602110218,   0.094,   1.170,9999.000,9999.000,9999.000,9999.000,9999.000,9999.000,9999.000
202602110224,   0.078,   1.160,9999.000,9999.000,9999.000,9999.000,9999.000,9999.000,9999.000
202602110230,   0.063,   1.130,9999.000,9999.000,9999.000,9999.000,9999.000,9999.000,9999.000
202602110236,   0.049,   1.111,9999.000,9999.000,9999.000,9999.000,9999.000,9999.000,9999.000
202602110242,   0.036,   1.101,9999.000,9999.000,9999.000,9999.000,9999.000,9999.000,9999.000
202602110248,   0.024,   1.091,9999.000,9999.000,9999.000,9999.000,9999.000,9999.000,9999.000
202602110254,   0.013,   1.081,9999.000,9999.000,9999.000,9999.000,9999.000,9999.000,9999.000
202602110300,   0.003,   1.071,   0.500,   0.568,   1.071,   0.500,   1.071,   0.500,   1.071
202602110306,  -0.005,   1.061,9999.000,9999.000,9999.000,9999.000,9999.000,9999.000,9999.000
202602110312,  -0.013,   1.051,9999.000,9999.000,9999.000,9999.000,9999.000,9999.000,9999.000
202602110318,  -0.019,   1.042,9999.000,9999.000,9999.000,9999.000,9999.000,9999.000,9999.000
202602110324,  -0.025,   1.051,9999.000,9999.000,9999.000,9999.000,9999.000,9999.000,9999.000
202602110330,  -0.028,   1.051,9999.000,9999.000,9999.000,9999.000,9999.000,9999.000,9999.000
202602110336,  -0.031,   1.032,9999.000,9999.000,9999.000,9999.000,9999.000,9999.000,9999.000
202602110342,  -0.032,   1.042,9999.000,9999.000,9999.000,9999.000,9999.000,9999.000,9999.000
202602110348,  -0.032,   1.042,9999.000,9999.000,9999.000,9999.000,9999.000,9999.000,9999.000
202602110354,  -0.030,   1.061,9999.000,9999.000,9999.000,9999.000,9999.000,9999.000,9999.000
202602110400,  -0.026,   1.081,   0.500,   0.607,   1.081,   0.500,   1.081,   0.500,   1.081
202602110406,  -0.021,   1.111,9999.000,9999.000,9999.000,9999.000,9999.000,9999.000,9999.000
202602110412,  -0.014,   1.130,9999.000,9999.000,9999.000,9999.000,9999.000,9999.000,9999.000
202602110418,  -0.005,   1.140,9999.000,9999.000,9999.000,9999.000,9999.000,9999.000,9999.000
202602110424,   0.005,   1.179,9999.000,9999.000,9999.000,9999.000,9999.000,9999.000,9999.000
202602110430,   0.018,   1.212,9999.000,9999.000,9999.000,9999.000,9999.000,9999.000,9999.000
202602110436,   0.033,   1.232,9999.000,9999.000,9999.000,9999.000,9999.000,9999.000,9999.000
202602110442,   0.050,   1.261,9999.000,9999.000,9999.000,9999.000,9999.000,9999.000,9999.000
202602110448,   0.068,   1.291,9999.000,9999.000,9999.000,9999.000,9999.000,9999.000,9999.000
202602110454,   0.089,   1.320,9999.000,9999.000,9999.000,9999.000,9999.000,9999.000,9999.000
202602110500,   0.112,   1.340,   0.500,   0.728,   1.340,   0.400,   1.240,   0.500,   1.340
202602110506,   0.137,   1.360,9999.000,9999.000,9999.000,9999.000,9999.000,9999.000,9999.000
202602110512,   0.163,   1.389,9999.000,9999.000,9999.000,9999.000,9999.000,9999.000,9999.000
202602110518,   0.191,   1.422,9999.000,9999.000,9999.000,9999.000,9999.000,9999.000,9999.000
202602110524,   0.221,   1.442,9999.000,9999.000,9999.000,9999.000,9999.000,9999.000,9999.000
202602110530,   0.252,   1.481,9999.000,9999.000,9999.000,9999.000,9999.000,9999.000,9999.000
202602110536,   0.285,   1.511,9999.000,9999.000,9999.000,9999.000,9999.000,9999.000,9999.000
202602110542,   0.319,   1.539,9999.000,9999.000,9999.000,9999.000,9999.000,9999.000,9999.000
202602110548,   0.354,   1.559,9999.000,9999.000,9999.000,9999.000,9999.000,9999.000,9999.000
202602110554,   0.389,   1.598,9999.000,9999.000,9999.000,9999.000,9999.000,9999.000,9999.000
202602110600,   0.425,   1.631,   0.500,   0.706,   1.631,   0.500,   1.631,   0.500,   1.631
202602110606,   0.462,   1.651,9999.000,9999.000,9999.000,9999.000,9999.000,9999.000,9999.000
202602110612,   0.499,   1.690,9999.000,9999.000,9999.000,9999.000,9999.000,9999.000,9999.000
202602110618,   0.537,   1.739,9999.000,9999.000,9999.000,9999.000,9999.000,9999.000,9999.000
202602110624,   0.574,   1.769,9999.000,9999.000,9999.000,9999.000,9999.000,9999.000,9999.000
202602110630,   0.611,   1.788,9999.000,9999.000,9999.000,9999.000,9999.000,9999.000,9999.000
202602110636,   0.649,   1.828,9999.000,9999.000,9999.000,9999.000,9999.000,9999.000,9999.000
202602110642,   0.685,   1.861,9999.000,9999.000,9999.000,9999.000,9999.000,9999.000,9999.000
202602110648,   0.722,   1.890,9999.000,9999.000,9999.000,9999.000,9999.000,9999.000,9999.000
202602110654,   0.758,   1.939,9999.000,9999.000,9999.000,9999.000,9999.000,9999.000,9999.000
202602110700,   0.794,   1.969,   0.500,   0.675,   1.969,   0.400,   1.869,   0.500,   1.969
202602110706,   0.829,   1.998,9999.000,9999.000,9999.000,9999.000,9999.000,9999.000,9999.000
202602110712,   0.863,   2.038,9999.000,9999.000,9999.000,9999.000,9999.000,9999.000,9999.000
202602110718,   0.898,   2.080,9999.000,9999.000,9999.000,9999.000,9999.000,9999.000,9999.000
202602110724,   0.931,   2.120,9999.000,9999.000,9999.000,9999.000,9999.000,9999.000,9999.000
202602110730,   0.965,   2.139,9999.000,9999.000,9999.000,9999.000,9999.000,9999.000,9999.000
202602110736,   0.998,   2.179,9999.000,9999.000,9999.000,9999.000,9999.000,9999.000,9999.000
202602110742,   1.030,   2.198,9999.000,9999.000,9999.000,9999.000,9999.000,9999.000,9999.000
202602110748,   1.063,   2.228,9999.000,9999.000,9999.000,9999.000,9999.000,9999.000,9999.000
202602110754,   1.094,   2.271,9999.000,9999.000,9999.000,9999.000,9999.000,9999.000,9999.000
202602110800,   1.126,   2.300,   0.500,   0.674,   2.300,   0.400,   2.200,   0.500,   2.300
202602110806,   1.157,   2.330,9999.000,9999.000,9999.000,9999.000,9999.000,9999.000,9999.000
202602110812,   1.188,   2.369,9999.000,9999.000,9999.000,9999.000,9999.000,9999.000,9999.000
202602110818,   1.219,   2.399,9999.000,9999.000,9999.000,9999.000,9999.000,9999.000,9999.000
202602110824,   1.248,   2.418,9999.000,9999.000,9999.000,9999.000,9999.000,9999.000,9999.000
202602110830,   1.278,   2.461,9999.000,9999.000,9999.000,9999.000,9999.000,9999.000,9999.000
202602110836,   1.306,   2.490,9999.000,9999.000,9999.000,9999.000,9999.000,9999.000,9999.000
202602110842,   1.334,   2.500,9999.000,9999.000,9999.000,9999.000,9999.000,9999.000,9999.000
202602110848,   1.360,   2.530,9999.000,9999.000,9999.000,9999.000,9999.000,9999.000,9999.000
202602110854,   1.386,   2.559,9999.000,9999.000,9999.000,9999.000,9999.000,9999.000,9999.000
202602110900,   1.410,   2.579,   0.400,   0.769,   2.579,   0.400,   2.579,   0.500,   2.679
202602110906,   1.433,   2.599,9999.000,9999.000,9999.000,9999.000,9999.000,9999.000,9999.000
202602110912,   1.454,   2.608,9999.000,9999.000,9999.000,9999.000,9999.000,9999.000,9999.000
202602110918,   1.473,   2.618,9999.000,9999.000,9999.000,9999.000,9999.000,9999.000,9999.000
202602110924,   1.490,   2.638,9999.000,9999.000,9999.000,9999.000,9999.000,9999.000,9999.000
202602110930,   1.505,   2.658,9999.000,9999.000,9999.000,9999.000,9999.000,9999.000,9999.000
202602110936,   1.518,   2.658,9999.000,9999.000,9999.000,9999.000,9999.000,9999.000,9999.000
202602110942,   1.528,   2.681,9999.000,9999.000,9999.000,9999.000,9999.000,9999.000,9999.000
202602110948,   1.536,   2.700,9999.000,9999.000,9999.000,9999.000,9999.000,9999.000,9999.000
202602110954,   1.542,   2.700,9999.000,9999.000,9999.000,9999.000,9999.000,9999.000,9999.000
202602111000,   1.545,   2.700,   0.400,   0.755,   2.700,   0.400,   2.700,   0.400,   2.700
202602111006,   1.545,   2.710,9999.000,9999.000,9999.000,9999.000,9999.000,9999.000,9999.000
202602111012,   1.543,   2.710,9999.000,9999.000,9999.000,9999.000,9999.000,9999.000,9999.000
202602111018,   1.539,   2.700,9999.000,9999.000,9999.000,9999.000,9999.000,9999.000,9999.000
202602111024,   1.532,   2.700,9999.000,9999.000,9999.000,9999.000,9999.000,9999.000,9999.000
202602111030,   1.523,   2.690,9999.000,9999.000,9999.000,9999.000,9999.000,9999.000,9999.000
202602111036,   1.512,   2.671,9999.000,9999.000,9999.000,9999.000,9999.000,9999.000,9999.000
202602111042,   1.499,   2.648,9999.000,9999.000,9999.000,9999.000,9999.000,9999.000,9999.000
202602111048,   1.484,   2.628,9999.000,9999.000,9999.000,9999.000,9999.000,9999.000,9999.000
202602111054,   1.467,   2.608,9999.000,9999.000,9999.000,9999.000,9999.000,9999.000,9999.000
202602111100,   1.449,   2.579,   0.400,   0.730,   2.579,   0.400,   2.579,   0.500,   2.679
202602111106,   1.429,   2.549,9999.000,9999.000,9999.000,9999.000,9999.000,9999.000,9999.000
202602111112,   1.408,   2.520,9999.000,9999.000,9999.000,9999.000,9999.000,9999.000,9999.000
202602111118,   1.386,   2.490,9999.000,9999.000,9999.000,9999.000,9999.000,9999.000,9999.000
202602111124,   1.363,   2.461,9999.000,9999.000,9999.000,9999.000,9999.000,9999.000,9999.000
202602111130,   1.340,   2.428,9999.000,9999.000,9999.000,9999.000,9999.000,9999.000,9999.000
202602111136,   1.316,   2.408,9999.000,9999.000,9999.000,9999.000,9999.000,9999.000,9999.000
202602111142,   1.291,   2.389,9999.000,9999.000,9999.000,9999.000,9999.000,9999.000,9999.000
202602111148,   1.266,   2.359,9999.000,9999.000,9999.000,9999.000,9999.000,9999.000,9999.000
202602111154,   1.241,   2.330,9999.000,9999.000,9999.000,9999.000,9999.000,9999.000,9999.000
202602111200,   1.215,   2.310,   0.500,   0.595,   2.310,   0.500,   2.310,   0.600,   2.410
202602111206,   1.190,   2.290,9999.000,9999.000,9999.000,9999.000,9999.000,9999.000,9999.000
202602111212,   1.163,   2.271,9999.000,9999.000,9999.000,9999.000,9999.000,9999.000,9999.000
202602111218,   1.137,   2.218,9999.000,9999.000,9999.000,9999.000,9999.000,9999.000,9999.000
202602111224,   1.111,   2.198,9999.000,9999.000,9999.000,9999.000,9999.000,9999.000,9999.000
202602111230,   1.084,   2.159,9999.000,9999.000,9999.000,9999.000,9999.000,9999.000,9999.000
202602111236,   1.057,   2.130,9999.000,9999.000,9999.000,9999.000,9999.000,9999.000,9999.000
202602111242,   1.030,   2.120,9999.000,9999.000,9999.000,9999.000,9999.000,9999.000,9999.000
202602111248,   1.003,   2.090,9999.000,9999.000,9999.000,9999.000,9999.000,9999.000,9999.000
202602111254,   0.976,   2.071,9999.000,9999.000,9999.000,9999.000,9999.000,9999.000,9999.000
202602111300,   0.948,   2.028,   0.500,   0.580,   2.028,   0.500,   2.028,   0.600,   2.128
202602111306,   0.920,   1.989,9999.000,9999.000,9999.000,9999.000,9999.000,9999.000,9999.000
202602111312,   0.893,   1.969,9999.000,9999.000,9999.000,9999.000,9999.000,9999.000,9999.000
202602111318,   0.865,   1.939,9999.000,9999.000,9999.000,9999.000,9999.000,9999.000,9999.000
202602111324,   0.836,   1.939,9999.000,9999.000,9999.000,9999.000,9999.000,9999.000,9999.000
202602111330,   0.808,   1.900,9999.000,9999.000,9999.000,9999.000,9999.000,9999.000,9999.000
202602111336,   0.780,   1.828,9999.000,9999.000,9999.000,9999.000,9999.000,9999.000,9999.000
202602111342,   0.752,   1.798,9999.000,9999.000,9999.000,9999.000,9999.000,9999.000,9999.000
202602111348,   0.725,   1.808,9999.000,9999.000,9999.000,9999.000,9999.000,9999.000,9999.000
202602111354,   0.697,   1.749,9999.000,9999.000,9999.000,9999.000,9999.000,9999.000,9999.000
202602111400,   0.670,   1.739,   0.500,   0.569,   1.739,   0.500,   1.739,   0.600,   1.839
202602111406,   0.643,   1.729,9999.000,9999.000,9999.000,9999.000,9999.000,9999.000,9999.000
202602111412,   0.616,   1.670,9999.000,9999.000,9999.000,9999.000,9999.000,9999.000,9999.000
202602111418,   0.591,   1.631,9999.000,9999.000,9999.000,9999.000,9999.000,9999.000,9999.000
202602111424,   0.565,   1.641,9999.000,9999.000,9999.000,9999.000,9999.000,9999.000,9999.000
202602111430,   0.541,   1.588,9999.000,9999.000,9999.000,9999.000,9999.000,9999.000,9999.000
202602111436,   0.517,   1.549,9999.000,9999.000,9999.000,9999.000,9999.000,9999.000,9999.000
202602111442,   0.494,   1.539,9999.000,9999.000,9999.000,9999.000,9999.000,9999.000,9999.000
202602111448,   0.472,   1.511,9999.000,9999.000,9999.000,9999.000,9999.000,9999.000,9999.000
202602111454,   0.450,   1.461,9999.000,9999.000,9999.000,9999.000,9999.000,9999.000,9999.000
202602111500,   0.430,   1.452,   0.600,   0.422,   1.452,   0.600,   1.452,   0.700,   1.552
202602111506,   0.411,   1.452,9999.000,9999.000,9999.000,9999.000,9999.000,9999.000,9999.000
202602111512,   0.392,   1.409,9999.000,9999.000,9999.000,9999.000,9999.000,9999.000,9999.000
202602111518,   0.375,   1.389,9999.000,9999.000,9999.000,9999.000,9999.000,9999.000,9999.000
202602111524,   0.358,   1.370,9999.000,9999.000,9999.000,9999.000,9999.000,9999.000,9999.000
202602111530,   0.342,   1.360,9999.000,9999.000,9999.000,9999.000,9999.000,9999.000,9999.000
202602111536,   0.328,   1.340,9999.000,9999.000,9999.000,9999.000,9999.000,9999.000,9999.000
202602111542,   0.314,   1.330,9999.000,9999.000,9999.000,9999.000,9999.000,9999.000,9999.000
202602111548,   0.302,   1.311,9999.000,9999.000,9999.000,9999.000,9999.000,9999.000,9999.000
202602111554,   0.291,   1.281,9999.000,9999.000,9999.000,9999.000,9999.000,9999.000,9999.000
202602111600,   0.281,   1.261,   0.600,   0.380,   1.261,   0.600,   1.261,   0.700,   1.361
202602111606,   0.272,   1.252,9999.000,9999.000,9999.000,9999.000,9999.000,9999.000,9999.000
202602111612,   0.264,   1.242,9999.000,9999.000,9999.000,9999.000,9999.000,9999.000,9999.000
202602111618,   0.257,   1.242,9999.000,9999.000,9999.000,9999.000,9999.000,9999.000,9999.000
202602111624,   0.252,   1.232,9999.000,9999.000,9999.000,9999.000,9999.000,9999.000,9999.000
202602111630,   0.248,   1.232,9999.000,9999.000,9999.000,9999.000,9999.000,9999.000,9999.000
202602111636,   0.246,   1.242,9999.000,9999.000,9999.000,9999.000,9999.000,9999.000,9999.000
202602111642,   0.245,   1.242,9999.000,9999.000,9999.000,9999.000,9999.000,9999.000,9999.000
202602111648,   0.246,   1.232,9999.000,9999.000,9999.000,9999.000,9999.000,9999.000,9999.000
202602111654,   0.248,   1.232,9999.000,9999.000,9999.000,9999.000,9999.000,9999.000,9999.000
202602111700,   0.252,   1.242,   0.600,   0.390,   1.242,   0.600,   1.242,   0.700,   1.342
202602111706,   0.257,   1.252,9999.000,9999.000,9999.000,9999.000,9999.000,9999.000,9999.000
202602111712,   0.264,   1.252,9999.000,9999.000,9999.000,9999.000,9999.000,9999.000,9999.000
202602111718,   0.273,   1.281,9999.000,9999.000,9999.000,9999.000,9999.000,9999.000,9999.000
202602111724,   0.283,   1.311,9999.000,9999.000,9999.000,9999.000,9999.000,9999.000,9999.000
202602111730,   0.294,   1.330,9999.000,9999.000,9999.000,9999.000,9999.000,9999.000,9999.000
202602111736,   0.307,   1.360,9999.000,9999.000,9999.000,9999.000,9999.000,9999.000,9999.000
202602111742,   0.322,   1.389,9999.000,9999.000,9999.000,9999.000,9999.000,9999.000,9999.000
202602111748,   0.337,   1.422,9999.000,9999.000,9999.000,9999.000,9999.000,9999.000,9999.000
202602111754,   0.354,   1.452,9999.000,9999.000,9999.000,9999.000,9999.000,9999.000,9999.000
202602111800,   0.371,   1.461,   0.600,   0.490,   1.461,   0.600,   1.461,   0.600,   1.461
202602111806,   0.390,   1.491,9999.000,9999.000,9999.000,9999.000,9999.000,9999.000,9999.000
202602111812,   0.409,   1.511,9999.000,9999.000,9999.000,9999.000,9999.000,9999.000,9999.000
202602111818,   0.428,   1.529,9999.000,9999.000,9999.000,9999.000,9999.000,9999.000,9999.000
202602111824,   0.448,   1.559,9999.000,9999.000,9999.000,9999.000,9999.000,9999.000,9999.000
202602111830,   0.469,   1.588,9999.000,9999.000,9999.000,9999.000,9999.000,9999.000,9999.000
202602111836,   0.489,   1.618,9999.000,9999.000,9999.000,9999.000,9999.000,9999.000,9999.000
202602111842,   0.509,   1.651,9999.000,9999.000,9999.000,9999.000,9999.000,9999.000,9999.000
202602111848,   0.529,   1.680,9999.000,9999.000,9999.000,9999.000,9999.000,9999.000,9999.000
202602111854,   0.549,   1.700,9999.000,9999.000,9999.000,9999.000,9999.000,9999.000,9999.000
202602111900,   0.568,   1.729,   0.600,   0.561,   1.729,   0.600,   1.729,   0.700,   1.829
202602111906,   0.587,   1.769,9999.000,9999.000,9999.000,9999.000,9999.000,9999.000,9999.000
202602111912,   0.606,   1.798,9999.000,9999.000,9999.000,9999.000,9999.000,9999.000,9999.000
202602111918,   0.624,   1.818,9999.000,9999.000,9999.000,9999.000,9999.000,9999.000,9999.000
202602111924,   0.641,   1.851,9999.000,9999.000,9999.000,9999.000,9999.000,9999.000,9999.000
202602111930,   0.658,   1.880,9999.000,9999.000,9999.000,9999.000,9999.000,9999.000,9999.000
202602111936,   0.675,   1.910,9999.000,9999.000,9999.000,9999.000,9999.000,9999.000,9999.000
202602111942,   0.691,   1.929,9999.000,9999.000,9999.000,9999.000,9999.000,9999.000,9999.000
202602111948,   0.707,   1.969,9999.000,9999.000,9999.000,9999.000,9999.000,9999.000,9999.000
202602111954,   0.722,   1.998,9999.000,9999.000,9999.000,9999.000,9999.000,9999.000,9999.000
202602112000,   0.738,   2.018,   0.600,   0.680,   2.018,   0.600,   2.018,   0.700,   2.118
202602112006,   0.753,   2.051,9999.000,9999.000,9999.000,9999.000,9999.000,9999.000,9999.000
202602112012,   0.768,   2.080,9999.000,9999.000,9999.000,9999.000,9999.000,9999.000,9999.000
202602112018,   0.782,   2.090,9999.000,9999.000,9999.000,9999.000,9999.000,9999.000,9999.000
202602112024,   0.797,   2.120,9999.000,9999.000,9999.000,9999.000,9999.000,9999.000,9999.000
202602112030,   0.812,   2.159,9999.000,9999.000,9999.000,9999.000,9999.000,9999.000,9999.000
202602112036,   0.827,   2.169,9999.000,9999.000,9999.000,9999.000,9999.000,9999.000,9999.000
202602112042,   0.841,   2.198,9999.000,9999.000,9999.000,9999.000,9999.000,9999.000,9999.000
202602112048,   0.856,   2.218,9999.000,9999.000,9999.000,9999.000,9999.000,9999.000,9999.000
202602112054,   0.870,   2.238,9999.000,9999.000,9999.000,9999.000,9999.000,9999.000,9999.000
202602112100,   0.884,   2.251,   0.600,   0.767,   2.251,   0.600,   2.251,   0.700,   2.351
202602112106,   0.898,   2.271,9999.000,9999.000,9999.000,9999.000,9999.000,9999.000,9999.000
202602112112,   0.912,   2.300,9999.000,9999.000,9999.000,9999.000,9999.000,9999.000,9999.000
202602112118,   0.924,   2.310,9999.000,9999.000,9999.000,9999.000,9999.000,9999.000,9999.000
202602112124,   0.936,   2.320,9999.000,9999.000,9999.000,9999.000,9999.000,9999.000,9999.000
202602112130,   0.948,   2.339,9999.000,9999.000,9999.000,9999.000,9999.000,9999.000,9999.000
202602112136,   0.958,   2.359,9999.000,9999.000,9999.000,9999.000,9999.000,9999.000,9999.000
202602112142,   0.967,   2.369,9999.000,9999.000,9999.000,9999.000,9999.000,9999.000,9999.000
202602112148,   0.974,   2.379,9999.000,9999.000,9999.000,9999.000,9999.000,9999.000,9999.000
202602112154,   0.980,   2.379,9999.000,9999.000,9999.000,9999.000,9999.000,9999.000,9999.000
202602112200,   0.985,   2.379,   0.600,   0.794,   2.379,   0.600,   2.379,   0.700,   2.479
202602112206,   0.988,   2.399,9999.000,9999.000,9999.000,9999.000,9999.000,9999.000,9999.000
202602112212,   0.989,   2.389,9999.000,9999.000,9999.000,9999.000,9999.000,9999.000,9999.000
202602112218,   0.988,   2.379,9999.000,9999.000,9999.000,9999.000,9999.000,9999.000,9999.000
202602112224,   0.986,   2.369,9999.000,9999.000,9999.000,9999.000,9999.000,9999.000,9999.000
202602112230,   0.981,   2.369,9999.000,9999.000,9999.000,9999.000,9999.000,9999.000,9999.000
202602112236,   0.975,   2.349,9999.000,9999.000,9999.000,9999.000,9999.000,9999.000,9999.000
202602112242,   0.967,   2.339,9999.000,9999.000,9999.000,9999.000,9999.000,9999.000,9999.000
202602112248,   0.957,   2.339,9999.000,9999.000,9999.000,9999.000,9999.000,9999.000,9999.000
202602112254,   0.946,   2.320,9999.000,9999.000,9999.000,9999.000,9999.000,9999.000,9999.000
202602112300,   0.932,   2.310,   0.600,   0.778,   2.310,   0.600,   2.310,   0.700,   2.410
202602112306,   0.918,   2.300,9999.000,9999.000,9999.000,9999.000,9999.000,9999.000,9999.000
202602112312,   0.902,   2.290,9999.000,9999.000,9999.000,9999.000,9999.000,9999.000,9999.000
202602112318,   0.885,   2.271,9999.000,9999.000,9999.000,9999.000,9999.000,9999.000,9999.000
202602112324,   0.867,   2.261,9999.000,9999.000,9999.000,9999.000,9999.000,9999.000,9999.000
202602112330,   0.848,   2.251,9999.000,9999.000,9999.000,9999.000,9999.000,9999.000,9999.000
202602112336,   0.829,   2.218,9999.000,9999.000,9999.000,9999.000,9999.000,9999.000,9999.000
202602112342,   0.809,   2.198,9999.000,9999.000,9999.000,9999.000,9999.000,9999.000,9999.000
202602112348,   0.788,   2.189,9999.000,9999.000,9999.000,9999.000,9999.000,9999.000,9999.000
202602112354,   0.768,   2.159,9999.000,9999.000,9999.000,9999.000,9999.000,9999.000,9999.000
202602120000,   0.747,   2.120,   0.600,   0.773,   2.120,   0.600,   2.120,   0.700,   2.220
202602120006,   0.726,   2.100,9999.000,9999.000,9999.000,9999.000,9999.000,9999.000,9999.000
202602120012,   0.705,   2.080,9999.000,9999.000,9999.000,9999.000,9999.000,9999.000,9999.000
202602120018,   0.683,   2.051,9999.000,9999.000,9999.000,9999.000,9999.000,9999.000,9999.000
202602120024,   0.662,   2.018,9999.000,9999.000,9999.000,9999.000,9999.000,9999.000,9999.000
202602120030,   0.641,   1.998,9999.000,9999.000,9999.000,9999.000,9999.000,9999.000,9999.000
202602120036,   0.621,   1.969,9999.000,9999.000,9999.000,9999.000,9999.000,9999.000,9999.000
202602120042,   0.600,   1.939,9999.000,9999.000,9999.000,9999.000,9999.000,9999.000,9999.000
202602120048,   0.579,   1.920,9999.000,9999.000,9999.000,9999.000,9999.000,9999.000,9999.000
202602120054,   0.558,   1.900,9999.000,9999.000,9999.000,9999.000,9999.000,9999.000,9999.000
202602120100,   0.538,   1.861,   0.600,   0.723,   1.861,   0.600,   1.861,   0.700,   1.961
202602120106,   0.517,   1.841,9999.000,9999.000,9999.000,9999.000,9999.000,9999.000,9999.000
202602120112,   0.496,   1.818,9999.000,9999.000,9999.000,9999.000,9999.000,9999.000,9999.000
202602120118,   0.476,   1.788,9999.000,9999.000,9999.000,9999.000,9999.000,9999.000,9999.000
202602120124,   0.455,   1.749,9999.000,9999.000,9999.000,9999.000,9999.000,9999.000,9999.000
202602120130,   0.434,   1.729,9999.000,9999.000,9999.000,9999.000,9999.000,9999.000,9999.000
202602120136,   0.413,   1.700,9999.000,9999.000,9999.000,9999.000,9999.000,9999.000,9999.000
202602120142,   0.392,   1.670,9999.000,9999.000,9999.000,9999.000,9999.000,9999.000,9999.000
202602120148,   0.371,   1.651,9999.000,9999.000,9999.000,9999.000,9999.000,9999.000,9999.000
202602120154,   0.350,   1.618,9999.000,9999.000,9999.000,9999.000,9999.000,9999.000,9999.000
202602120200,   0.330,   1.588,   0.600,   0.658,   1.588,   0.600,   1.588,   0.700,   1.688
202602120206,   0.309,   1.569,9999.000,9999.000,9999.000,9999.000,9999.000,9999.000,9999.000
202602120212,   0.288,   1.539,9999.000,9999.000,9999.000,9999.000,9999.000,9999.000,9999.000
202602120218,   0.268,   1.511,9999.000,9999.000,9999.000,9999.000,9999.000,9999.000,9999.000
202602120224,   0.247,   1.491,9999.000,9999.000,9999.000,9999.000,9999.000,9999.000,9999.000
202602120230,   0.228,   1.471,9999.000,9999.000,9999.000,9999.000,9999.000,9999.000,9999.000
202602120236,   0.208,   1.442,9999.000,9999.000,9999.000,9999.000,9999.000,9999.000,9999.000
202602120242,   0.190,   1.409,9999.000,9999.000,9999.000,9999.000,9999.000,9999.000,9999.000
202602120248,   0.171,   1.399,9999.000,9999.000,9999.000,9999.000,9999.000,9999.000,9999.000
202602120254,   0.154,   1.370,9999.000,9999.000,9999.000,9999.000,9999.000,9999.000,9999.000
202602120300,   0.137,   1.340,   0.600,   0.603,   1.340,   0.600,   1.340,   0.700,   1.440
202602120306,   0.121,   1.320,9999.000,9999.000,9999.000,9999.000,9999.000,9999.000,9999.000
202602120312,   0.106,   1.301,9999.000,9999.000,9999.000,9999.000,9999.000,9999.000,9999.000
202602120318,   0.091,   1.271,9999.000,9999.000,9999.000,9999.000,9999.000,9999.000,9999.000
202602120324,   0.078,   1.242,9999.000,9999.000,9999.000,9999.000,9999.000,9999.000,9999.000
202602120330,   0.065,   1.232,9999.000,9999.000,9999.000,9999.000,9999.000,9999.000,9999.000
202602120336,   0.053,   1.212,9999.000,9999.000,9999.000,9999.000,9999.000,9999.000,9999.000
202602120342,   0.043,   1.179,9999.000,9999.000,9999.000,9999.000,9999.000,9999.000,9999.000
202602120348,   0.033,   1.160,9999.000,9999.000,9999.000,9999.000,9999.000,9999.000,9999.000
202602120354,   0.025,   1.150,9999.000,9999.000,9999.000,9999.000,9999.000,9999.000,9999.000
202602120400,   0.017,   1.130,   0.600,   0.513,   1.130,   0.600,   1.130,   0.700,   1.230
202602120406,   0.011,   1.120,9999.000,9999.000,9999.000,9999.000,9999.000,9999.000,9999.000
202602120412,   0.006,   1.101,9999.000,9999.000,9999.000,9999.000,9999.000,9999.000,9999.000
202602120418,   0.002,   1.091,9999.000,9999.000,9999.000,9999.000,9999.000,9999.000,9999.000
202602120424,   0.000,   1.081,9999.000,9999.000,9999.000,9999.000,9999.000,9999.000,9999.000
202602120430,  -0.001,   1.071,9999.000,9999.000,9999.000,9999.000,9999.000,9999.000,9999.000
202602120436,  -0.001,   1.061,9999.000,9999.000,9999.000,9999.000,9999.000,9999.000,9999.000
202602120442,   0.000,   1.061,9999.000,9999.000,9999.000,9999.000,9999.000,9999.000,9999.000
202602120448,   0.002,   1.071,9999.000,9999.000,9999.000,9999.000,9999.000,9999.000,9999.000
202602120454,   0.007,   1.081,9999.000,9999.000,9999.000,9999.000,9999.000,9999.000,9999.000
202602120500,   0.013,   1.091,   0.600,   0.478,   1.091,   0.600,   1.091,   0.700,   1.191
202602120506,   0.021,   1.111,9999.000,9999.000,9999.000,9999.000,9999.000,9999.000,9999.000
202602120512,   0.031,   1.140,9999.000,9999.000,9999.000,9999.000,9999.000,9999.000,9999.000
202602120518,   0.043,   1.160,9999.000,9999.000,9999.000,9999.000,9999.000,9999.000,9999.000
202602120524,   0.056,   1.189,9999.000,9999.000,9999.000,9999.000,9999.000,9999.000,9999.000
202602120530,   0.072,   1.232,9999.000,9999.000,9999.000,9999.000,9999.000,9999.000,9999.000
202602120536,   0.089,   1.261,9999.000,9999.000,9999.000,9999.000,9999.000,9999.000,9999.000
202602120542,   0.108,   1.291,9999.000,9999.000,9999.000,9999.000,9999.000,9999.000,9999.000
202602120548,   0.129,   1.320,9999.000,9999.000,9999.000,9999.000,9999.000,9999.000,9999.000
202602120554,   0.152,   1.350,9999.000,9999.000,9999.000,9999.000,9999.000,9999.000,9999.000
202602120600,   0.177,   1.370,   0.600,   0.593,   1.370,   0.600,   1.370,   0.700,   1.470
202602120606,   0.204,   1.399,9999.000,9999.000,9999.000,9999.000,9999.000,9999.000,9999.000
202602120612,   0.232,   1.432,9999.000,9999.000,9999.000,9999.000,9999.000,9999.000,9999.000
202602120618,   0.261,   1.461,9999.000,9999.000,9999.000,9999.000,9999.000,9999.000,9999.000
202602120624,   0.292,   1.481,9999.000,9999.000,9999.000,9999.000,9999.000,9999.000,9999.000
202602120630,   0.324,   1.511,9999.000,9999.000,9999.000,9999.000,9999.000,9999.000,9999.000
202602120636,   0.358,   1.559,9999.000,9999.000,9999.000,9999.000,9999.000,9999.000,9999.000
202602120642,   0.392,   1.579,9999.000,9999.000,9999.000,9999.000,9999.000,9999.000,9999.000
202602120648,   0.427,   1.618,9999.000,9999.000,9999.000,9999.000,9999.000,9999.000,9999.000
202602120654,   0.462,   1.670,9999.000,9999.000,9999.000,9999.000,9999.000,9999.000,9999.000
202602120700,   0.498,   1.700,   0.600,   0.602,   1.700,   0.600,   1.700,   0.700,   1.800
202602120706,   0.534,   1.720,9999.000,9999.000,9999.000,9999.000,9999.000,9999.000,9999.000
202602120712,   0.571,   1.769,9999.000,9999.000,9999.000,9999.000,9999.000,9999.000,9999.000
202602120718,   0.607,   1.808,9999.000,9999.000,9999.000,9999.000,9999.000,9999.000,9999.000
202602120724,   0.643,   1.841,9999.000,9999.000,9999.000,9999.000,9999.000,9999.000,9999.000
202602120730,   0.679,   1.861,9999.000,9999.000,9999.000,9999.000,9999.000,9999.000,9999.000
202602120736,   0.715,   1.910,9999.000,9999.000,9999.000,9999.000,9999.000,9999.000,9999.000
202602120742,   0.751,   1.939,9999.000,9999.000,9999.000,9999.000,9999.000,9999.000,9999.000
202602120748,   0.786,   1.959,9999.000,9999.000,9999.000,9999.000,9999.000,9999.000,9999.000
202602120754,   0.820,   2.008,9999.000,9999.000,9999.000,9999.000,9999.000,9999.000,9999.000
202602120800,   0.855,   2.038,   0.600,   0.583,   2.038,   0.600,   2.038,   0.700,   2.138
202602120806,   0.889,   2.061,9999.000,9999.000,9999.000,9999.000,9999.000,9999.000,9999.000
202602120812,   0.922,   2.110,9999.000,9999.000,9999.000,9999.000,9999.000,9999.000,9999.000
202602120818,   0.955,   2.149,9999.000,9999.000,9999.000,9999.000,9999.000,9999.000,9999.000
202602120824,   0.988,   2.179,9999.000,9999.000,9999.000,9999.000,9999.000,9999.000,9999.000
202602120830,   1.021,   2.208,9999.000,9999.000,9999.000,9999.000,9999.000,9999.000,9999.000
202602120836,   1.053,   2.261,9999.000,9999.000,9999.000,9999.000,9999.000,9999.000,9999.000
202602120842,   1.085,   2.290,9999.000,9999.000,9999.000,9999.000,9999.000,9999.000,9999.000
202602120848,   1.117,   2.320,9999.000,9999.000,9999.000,9999.000,9999.000,9999.000,9999.000
202602120854,   1.149,   2.359,9999.000,9999.000,9999.000,9999.000,9999.000,9999.000,9999.000
202602120900,   1.180,   2.399,   0.700,   0.519,   2.399,   0.600,   2.299,   0.700,   2.399
202602120906,   1.211,   2.418,9999.000,9999.000,9999.000,9999.000,9999.000,9999.000,9999.000
202602120912,   1.241,   2.448,9999.000,9999.000,9999.000,9999.000,9999.000,9999.000,9999.000
202602120918,   1.271,   2.481,9999.000,9999.000,9999.000,9999.000,9999.000,9999.000,9999.000
202602120924,   1.300,   2.500,9999.000,9999.000,9999.000,9999.000,9999.000,9999.000,9999.000
202602120930,   1.329,   2.530,9999.000,9999.000,9999.000,9999.000,9999.000,9999.000,9999.000
202602120936,   1.356,   2.559,9999.000,9999.000,9999.000,9999.000,9999.000,9999.000,9999.000
202602120942,   1.383,   2.579,9999.000,9999.000,9999.000,9999.000,9999.000,9999.000,9999.000
202602120948,   1.408,   2.608,9999.000,9999.000,9999.000,9999.000,9999.000,9999.000,9999.000
202602120954,   1.432,   2.638,9999.000,9999.000,9999.000,9999.000,9999.000,9999.000,9999.000
202602121000,   1.454,   2.658,   0.700,   0.504,   2.658,   0.700,   2.658,   0.700,   2.658
202602121006,   1.475,   2.690,9999.000,9999.000,9999.000,9999.000,9999.000,9999.000,9999.000
202602121012,   1.493,   2.710,9999.000,9999.000,9999.000,9999.000,9999.000,9999.000,9999.000
202602121018,   1.509,   2.730,9999.000,9999.000,9999.000,9999.000,9999.000,9999.000,9999.000
202602121024,   1.524,   2.749,9999.000,9999.000,9999.000,9999.000,9999.000,9999.000,9999.000
202602121030,   1.535,   2.769,9999.000,9999.000,9999.000,9999.000,9999.000,9999.000,9999.000
202602121036,   1.545,   2.779,9999.000,9999.000,9999.000,9999.000,9999.000,9999.000,9999.000
202602121042,   1.552,   2.809,9999.000,9999.000,9999.000,9999.000,9999.000,9999.000,9999.000
202602121048,   1.556,   2.818,9999.000,9999.000,9999.000,9999.000,9999.000,9999.000,9999.000
202602121054,   1.558,   2.818,9999.000,9999.000,9999.000,9999.000,9999.000,9999.000,9999.000
202602121100,   1.557,   2.838,   0.700,   0.581,   2.838,   0.700,   2.838,   0.700,   2.838
202602121106,   1.553,   2.838,9999.000,9999.000,9999.000,9999.000,9999.000,9999.000,9999.000
202602121112,   1.547,   2.828,9999.000,9999.000,9999.000,9999.000,9999.000,9999.000,9999.000
202602121118,   1.539,   2.828,9999.000,9999.000,9999.000,9999.000,9999.000,9999.000,9999.000
202602121124,   1.529,   2.838,9999.000,9999.000,9999.000,9999.000,9999.000,9999.000,9999.000
202602121130,   1.516,   2.818,9999.000,9999.000,9999.000,9999.000,9999.000,9999.000,9999.000
202602121136,   1.501,   2.799,9999.000,9999.000,9999.000,9999.000,9999.000,9999.000,9999.000
202602121142,   1.485,   2.779,9999.000,9999.000,9999.000,9999.000,9999.000,9999.000,9999.000
202602121148,   1.467,   2.749,9999.000,9999.000,9999.000,9999.000,9999.000,9999.000,9999.000
202602121154,   1.448,   2.720,9999.000,9999.000,9999.000,9999.000,9999.000,9999.000,9999.000
202602121200,   1.427,   2.681,   0.600,   0.654,   2.681,   0.600,   2.681,   0.700,   2.781
202602121206,   1.405,   2.648,9999.000,9999.000,9999.000,9999.000,9999.000,9999.000,9999.000
202602121212,   1.382,   2.608,9999.000,9999.000,9999.000,9999.000,9999.000,9999.000,9999.000
202602121218,   1.358,   2.589,9999.000,9999.000,9999.000,9999.000,9999.000,9999.000,9999.000
202602121224,   1.334,   2.569,9999.000,9999.000,9999.000,9999.000,9999.000,9999.000,9999.000
202602121230,   1.309,   2.549,9999.000,9999.000,9999.000,9999.000,9999.000,9999.000,9999.000
202602121236,   1.284,   2.530,9999.000,9999.000,9999.000,9999.000,9999.000,9999.000,9999.000
202602121242,   1.258,   2.510,9999.000,9999.000,9999.000,9999.000,9999.000,9999.000,9999.000
202602121248,   1.232,   2.481,9999.000,9999.000,9999.000,9999.000,9999.000,9999.000,9999.000
202602121254,   1.206,   2.448,9999.000,9999.000,9999.000,9999.000,9999.000,9999.000,9999.000
202602121300,   1.180,   2.418,   0.600,   0.638,   2.418,   0.600,   2.418,   0.700,   2.518
202602121306,   1.153,   2.399,9999.000,9999.000,9999.000,9999.000,9999.000,9999.000,9999.000
202602121312,   1.126,   2.369,9999.000,9999.000,9999.000,9999.000,9999.000,9999.000,9999.000
202602121318,   1.100,   2.339,9999.000,9999.000,9999.000,9999.000,9999.000,9999.000,9999.000
202602121324,   1.073,   2.310,9999.000,9999.000,9999.000,9999.000,9999.000,9999.000,9999.000
202602121330,   1.046,   2.261,9999.000,9999.000,9999.000,9999.000,9999.000,9999.000,9999.000
202602121336,   1.018,   2.238,9999.000,9999.000,9999.000,9999.000,9999.000,9999.000,9999.000
202602121342,   0.991,   2.198,9999.000,9999.000,9999.000,9999.000,9999.000,9999.000,9999.000
202602121348,   0.964,   2.179,9999.000,9999.000,9999.000,9999.000,9999.000,9999.000,9999.000
202602121354,   0.936,   2.149,9999.000,9999.000,9999.000,9999.000,9999.000,9999.000,9999.000
202602121400,   0.908,   2.130,   0.600,   0.622,   2.130,   0.600,   2.130,   0.700,   2.230
202602121406,   0.881,   2.100,9999.000,9999.000,9999.000,9999.000,9999.000,9999.000,9999.000
202602121412,   0.853,   2.061,9999.000,9999.000,9999.000,9999.000,9999.000,9999.000,9999.000
202602121418,   0.825,   2.028,9999.000,9999.000,9999.000,9999.000,9999.000,9999.000,9999.000
202602121424,   0.797,   2.018,9999.000,9999.000,9999.000,9999.000,9999.000,9999.000,9999.000
202602121430,   0.770,   1.969,9999.000,9999.000,9999.000,9999.000,9999.000,9999.000,9999.000
202602121436,   0.742,   1.939,9999.000,9999.000,9999.000,9999.000,9999.000,9999.000,9999.000
202602121442,   0.715,   1.910,9999.000,9999.000,9999.000,9999.000,9999.000,9999.000,9999.000
202602121448,   0.688,   1.870,9999.000,9999.000,9999.000,9999.000,9999.000,9999.000,9999.000
202602121454,   0.662,   1.841,9999.000,9999.000,9999.000,9999.000,9999.000,9999.000,9999.000
202602121500,   0.636,   1.818,   0.700,   0.482,   1.818,   0.600,   1.718,   0.700,   1.818
202602121506,   0.610,   1.798,9999.000,9999.000,9999.000,9999.000,9999.000,9999.000,9999.000
202602121512,   0.585,   1.759,9999.000,9999.000,9999.000,9999.000,9999.000,9999.000,9999.000
202602121518,   0.561,   1.729,9999.000,9999.000,9999.000,9999.000,9999.000,9999.000,9999.000
202602121524,   0.537,   1.700,9999.000,9999.000,9999.000,9999.000,9999.000,9999.000,9999.000
202602121530,   0.515,   1.670,9999.000,9999.000,9999.000,9999.000,9999.000,9999.000,9999.000
202602121536,   0.493,   1.631,9999.000,9999.000,9999.000,9999.000,9999.000,9999.000,9999.000
202602121542,   0.471,   1.608,9999.000,9999.000,9999.000,9999.000,9999.000,9999.000,9999.000
202602121548,   0.451,   1.559,9999.000,9999.000,9999.000,9999.000,9999.000,9999.000,9999.000
202602121554,   0.431,   1.549,9999.000,9999.000,9999.000,9999.000,9999.000,9999.000,9999.000
202602121600,   0.413,   1.520,   0.700,   0.407,   1.520,   0.700,   1.520,   0.700,   1.520
202602121606,   0.395,   1.501,9999.000,9999.000,9999.000,9999.000,9999.000,9999.000,9999.000
202602121612,   0.378,   1.501,9999.000,9999.000,9999.000,9999.000,9999.000,9999.000,9999.000
202602121618,   0.362,   1.461,9999.000,9999.000,9999.000,9999.000,9999.000,9999.000,9999.000
202602121624,   0.347,   1.452,9999.000,9999.000,9999.000,9999.000,9999.000,9999.000,9999.000
202602121630,   0.333,   1.432,9999.000,9999.000,9999.000,9999.000,9999.000,9999.000,9999.000
202602121636,   0.319,   1.409,9999.000,9999.000,9999.000,9999.000,9999.000,9999.000,9999.000
202602121642,   0.307,   1.389,9999.000,9999.000,9999.000,9999.000,9999.000,9999.000,9999.000
202602121648,   0.296,   1.379,9999.000,9999.000,9999.000,9999.000,9999.000,9999.000,9999.000
202602121654,   0.286,   1.340,9999.000,9999.000,9999.000,9999.000,9999.000,9999.000,9999.000
202602121700,   0.277,   1.340,   0.700,   0.363,   1.340,   0.700,   1.340,   0.700,   1.340
202602121706,   0.269,   1.320,9999.000,9999.000,9999.000,9999.000,9999.000,9999.000,9999.000
202602121712,   0.262,   1.301,9999.000,9999.000,9999.000,9999.000,9999.000,9999.000,9999.000
202602121718,   0.256,   1.291,9999.000,9999.000,9999.000,9999.000,9999.000,9999.000,9999.000
202602121724,   0.252,   1.281,9999.000,9999.000,9999.000,9999.000,9999.000,9999.000,9999.000
202602121730,   0.249,   1.261,9999.000,9999.000,9999.000,9999.000,9999.000,9999.000,9999.000
202602121736,   0.248,   1.252,9999.000,9999.000,9999.000,9999.000,9999.000,9999.000,9999.000
202602121742,   0.248,   1.232,9999.000,9999.000,9999.000,9999.000,9999.000,9999.000,9999.000
202602121748,   0.249,   1.232,9999.000,9999.000,9999.000,9999.000,9999.000,9999.000,9999.000
202602121754,   0.252,   1.212,9999.000,9999.000,9999.000,9999.000,9999.000,9999.000,9999.000
202602121800,   0.257,   1.212,   0.700,   0.255,   1.212,   0.600,   1.112,   0.700,   1.212
202602121806,   0.263,   1.222,9999.000,9999.000,9999.000,9999.000,9999.000,9999.000,9999.000
202602121812,   0.271,   1.232,9999.000,9999.000,9999.000,9999.000,9999.000,9999.000,9999.000
202602121818,   0.280,   1.222,9999.000,9999.000,9999.000,9999.000,9999.000,9999.000,9999.000
202602121824,   0.291,   1.261,9999.000,9999.000,9999.000,9999.000,9999.000,9999.000,9999.000
202602121830,   0.303,   1.261,9999.000,9999.000,9999.000,9999.000,9999.000,9999.000,9999.000
202602121836,   0.316,   1.291,9999.000,9999.000,9999.000,9999.000,9999.000,9999.000,9999.000
202602121842,   0.331,   1.291,9999.000,9999.000,9999.000,9999.000,9999.000,9999.000,9999.000
202602121848,   0.346,   1.320,9999.000,9999.000,9999.000,9999.000,9999.000,9999.000,9999.000
202602121854,   0.363,   1.350,9999.000,9999.000,9999.000,9999.000,9999.000,9999.000,9999.000
202602121900,   0.380,   1.370,   0.700,   0.290,   1.370,   0.600,   1.270,   0.700,   1.370
202602121906,   0.398,   1.389,9999.000,9999.000,9999.000,9999.000,9999.000,9999.000,9999.000
202602121912,   0.417,   1.399,9999.000,9999.000,9999.000,9999.000,9999.000,9999.000,9999.000
202602121918,   0.436,   1.442,9999.000,9999.000,9999.000,9999.000,9999.000,9999.000,9999.000
202602121924,   0.456,   1.461,9999.000,9999.000,9999.000,9999.000,9999.000,9999.000,9999.000
202602121930,   0.475,   1.481,9999.000,9999.000,9999.000,9999.000,9999.000,9999.000,9999.000
202602121936,   0.495,   1.529,9999.000,9999.000,9999.000,9999.000,9999.000,9999.000,9999.000
202602121942,   0.514,   1.539,9999.000,9999.000,9999.000,9999.000,9999.000,9999.000,9999.000
202602121948,   0.533,   1.559,9999.000,9999.000,9999.000,9999.000,9999.000,9999.000,9999.000
202602121954,   0.553,   1.588,9999.000,9999.000,9999.000,9999.000,9999.000,9999.000,9999.000
202602122000,   0.571,   1.618,   0.700,   0.347,   1.618,   0.600,   1.518,   0.700,   1.618
202602122006,   0.590,   1.641,9999.000,9999.000,9999.000,9999.000,9999.000,9999.000,9999.000
202602122012,   0.608,   1.670,9999.000,9999.000,9999.000,9999.000,9999.000,9999.000,9999.000
202602122018,   0.626,   1.700,9999.000,9999.000,9999.000,9999.000,9999.000,9999.000,9999.000
202602122024,   0.644,   1.729,9999.000,9999.000,9999.000,9999.000,9999.000,9999.000,9999.000
202602122030,   0.661,   1.759,9999.000,9999.000,9999.000,9999.000,9999.000,9999.000,9999.000
202602122036,   0.678,   1.798,9999.000,9999.000,9999.000,9999.000,9999.000,9999.000,9999.000
202602122042,   0.695,   1.818,9999.000,9999.000,9999.000,9999.000,9999.000,9999.000,9999.000
202602122048,   0.712,   1.841,9999.000,9999.000,9999.000,9999.000,9999.000,9999.000,9999.000
202602122054,   0.729,   1.851,9999.000,9999.000,9999.000,9999.000,9999.000,9999.000,9999.000
202602122100,   0.746,   1.880,   0.700,   0.434,   1.880,   0.700,   1.880,   0.700,   1.880
202602122106,   0.763,   1.920,9999.000,9999.000,9999.000,9999.000,9999.000,9999.000,9999.000
202602122112,   0.780,   1.929,9999.000,9999.000,9999.000,9999.000,9999.000,9999.000,9999.000
202602122118,   0.797,   1.949,9999.000,9999.000,9999.000,9999.000,9999.000,9999.000,9999.000
202602122124,   0.814,   1.989,9999.000,9999.000,9999.000,9999.000,9999.000,9999.000,9999.000
202602122130,   0.831,   2.008,9999.000,9999.000,9999.000,9999.000,9999.000,9999.000,9999.000
202602122136,   0.848,   2.018,9999.000,9999.000,9999.000,9999.000,9999.000,9999.000,9999.000
202602122142,   0.865,   2.051,9999.000,9999.000,9999.000,9999.000,9999.000,9999.000,9999.000
202602122148,   0.882,   2.080,9999.000,9999.000,9999.000,9999.000,9999.000,9999.000,9999.000
202602122154,   0.899,   2.100,9999.000,9999.000,9999.000,9999.000,9999.000,9999.000,9999.000
202602122200,   0.915,   2.120,   0.700,   0.505,   2.120,   0.700,   2.120,   0.700,   2.120
202602122206,   0.931,   2.139,9999.000,9999.000,9999.000,9999.000,9999.000,9999.000,9999.000
202602122212,   0.946,   2.139,9999.000,9999.000,9999.000,9999.000,9999.000,9999.000,9999.000
202602122218,   0.960,   2.159,9999.000,9999.000,9999.000,9999.000,9999.000,9999.000,9999.000
202602122224,   0.973,   2.179,9999.000,9999.000,9999.000,9999.000,9999.000,9999.000,9999.000
202602122230,   0.985,   2.198,9999.000,9999.000,9999.000,9999.000,9999.000,9999.000,9999.000
202602122236,   0.996,   2.208,9999.000,9999.000,9999.000,9999.000,9999.000,9999.000,9999.000
202602122242,   1.005,   2.218,9999.000,9999.000,9999.000,9999.000,9999.000,9999.000,9999.000
202602122248,   1.012,   2.238,9999.000,9999.000,9999.000,9999.000,9999.000,9999.000,9999.000
202602122254,   1.018,   2.251,9999.000,9999.000,9999.000,9999.000,9999.000,9999.000,9999.000
202602122300,   1.022,   2.251,   0.700,   0.529,   2.251,   0.700,   2.251,   0.700,   2.251
202602122306,   1.024,   2.261,9999.000,9999.000,9999.000,9999.000,9999.000,9999.000,9999.000
202602122312,   1.024,   2.261,9999.000,9999.000,9999.000,9999.000,9999.000,9999.000,9999.000
202602122318,   1.022,   2.271,9999.000,9999.000,9999.000,9999.000,9999.000,9999.000,9999.000
202602122324,   1.018,   2.271,9999.000,9999.000,9999.000,9999.000,9999.000,9999.000,9999.000
202602122330,   1.011,   2.261,9999.000,9999.000,9999.000,9999.000,9999.000,9999.000,9999.000
202602122336,   1.003,   2.261,9999.000,9999.000,9999.000,9999.000,9999.000,9999.000,9999.000
202602122342,   0.994,   2.238,9999.000,9999.000,9999.000,9999.000,9999.000,9999.000,9999.000
202602122348,   0.982,   2.228,9999.000,9999.000,9999.000,9999.000,9999.000,9999.000,9999.000
202602122354,   0.969,   2.208,9999.000,9999.000,9999.000,9999.000,9999.000,9999.000,9999.000
202602130000,   0.954,   2.189,   0.700,   0.535,   2.189,   0.700,   2.189,   0.700,   2.189
202602130006,   0.938,   2.169,9999.000,9999.000,9999.000,9999.000,9999.000,9999.000,9999.000
202602130012,   0.921,   2.139,9999.000,9999.000,9999.000,9999.000,9999.000,9999.000,9999.000
202602130018,   0.902,   2.120,9999.000,9999.000,9999.000,9999.000,9999.000,9999.000,9999.000
202602130024,   0.883,   2.080,9999.000,9999.000,9999.000,9999.000,9999.000,9999.000,9999.000
202602130030,   0.863,   2.061,9999.000,9999.000,9999.000,9999.000,9999.000,9999.000,9999.000
202602130036,   0.843,   2.038,9999.000,9999.000,9999.000,9999.000,9999.000,9999.000,9999.000
202602130042,   0.822,   2.008,9999.000,9999.000,9999.000,9999.000,9999.000,9999.000,9999.000
202602130048,   0.801,   1.989,9999.000,9999.000,9999.000,9999.000,9999.000,9999.000,9999.000
202602130054,   0.779,   1.969,9999.000,9999.000,9999.000,9999.000,9999.000,9999.000,9999.000
202602130100,   0.758,   1.939,   0.700,   0.481,   1.939,   0.700,   1.939,   0.700,   1.939
202602130106,   0.736,   1.920,9999.000,9999.000,9999.000,9999.000,9999.000,9999.000,9999.000
202602130112,   0.715,   1.890,9999.000,9999.000,9999.000,9999.000,9999.000,9999.000,9999.000
202602130118,   0.693,   1.870,9999.000,9999.000,9999.000,9999.000,9999.000,9999.000,9999.000
202602130124,   0.672,   1.841,9999.000,9999.000,9999.000,9999.000,9999.000,9999.000,9999.000
202602130130,   0.651,   1.808,9999.000,9999.000,9999.000,9999.000,9999.000,9999.000,9999.000
202602130136,   0.629,   1.779,9999.000,9999.000,9999.000,9999.000,9999.000,9999.000,9999.000
202602130142,   0.608,   1.749,9999.000,9999.000,9999.000,9999.000,9999.000,9999.000,9999.000
202602130148,   0.587,   1.720,9999.000,9999.000,9999.000,9999.000,9999.000,9999.000,9999.000
202602130154,   0.566,   1.690,9999.000,9999.000,9999.000,9999.000,9999.000,9999.000,9999.000
202602130200,   0.545,   1.661,   0.700,   0.416,   1.661,   0.700,   1.661,   0.700,   1.661
202602130206,   0.524,   1.618,9999.000,9999.000,9999.000,9999.000,9999.000,9999.000,9999.000
202602130212,   0.503,   1.588,9999.000,9999.000,9999.000,9999.000,9999.000,9999.000,9999.000
202602130218,   0.482,   1.559,9999.000,9999.000,9999.000,9999.000,9999.000,9999.000,9999.000
202602130224,   0.461,   1.529,9999.000,9999.000,9999.000,9999.000,9999.000,9999.000,9999.000
202602130230,   0.440,   1.501,9999.000,9999.000,9999.000,9999.000,9999.000,9999.000,9999.000
202602130236,   0.419,   1.471,9999.000,9999.000,9999.000,9999.000,9999.000,9999.000,9999.000
202602130242,   0.398,   1.442,9999.000,9999.000,9999.000,9999.000,9999.000,9999.000,9999.000
202602130248,   0.378,   1.409,9999.000,9999.000,9999.000,9999.000,9999.000,9999.000,9999.000
202602130254,   0.357,   1.379,9999.000,9999.000,9999.000,9999.000,9999.000,9999.000,9999.000
202602130300,   0.336,   1.350,   0.700,   0.314,   1.350,   0.700,   1.350,   0.700,   1.350
202602130306,   0.316,   1.320,9999.000,9999.000,9999.000,9999.000,9999.000,9999.000,9999.000
202602130312,   0.296,   1.281,9999.000,9999.000,9999.000,9999.000,9999.000,9999.000,9999.000
202602130318,   0.277,   1.252,9999.000,9999.000,9999.000,9999.000,9999.000,9999.000,9999.000
202602130324,   0.257,   1.222,9999.000,9999.000,9999.000,9999.000,9999.000,9999.000,9999.000
202602130330,   0.239,   1.189,9999.000,9999.000,9999.000,9999.000,9999.000,9999.000,9999.000
202602130336,   0.221,   1.170,9999.000,9999.000,9999.000,9999.000,9999.000,9999.000,9999.000
202602130342,   0.203,   1.140,9999.000,9999.000,9999.000,9999.000,9999.000,9999.000,9999.000
202602130348,   0.186,   1.101,9999.000,9999.000,9999.000,9999.000,9999.000,9999.000,9999.000
202602130354,   0.170,   1.071,9999.000,9999.000,9999.000,9999.000,9999.000,9999.000,9999.000
202602130400,   0.155,   1.051,   0.700,   0.196,   1.051,   0.700,   1.051,   0.800,   1.151
202602130406,   0.140,   1.022,9999.000,9999.000,9999.000,9999.000,9999.000,9999.000,9999.000
202602130412,   0.127,   1.002,9999.000,9999.000,9999.000,9999.000,9999.000,9999.000,9999.000
202602130418,   0.114,   0.979,9999.000,9999.000,9999.000,9999.000,9999.000,9999.000,9999.000
202602130424,   0.102,   0.950,9999.000,9999.000,9999.000,9999.000,9999.000,9999.000,9999.000
202602130430,   0.091,   0.930,9999.000,9999.000,9999.000,9999.000,9999.000,9999.000,9999.000
202602130436,   0.081,   0.910,9999.000,9999.000,9999.000,9999.000,9999.000,9999.000,9999.000
202602130442,   0.072,   0.891,9999.000,9999.000,9999.000,9999.000,9999.000,9999.000,9999.000
202602130448,   0.063,   0.871,9999.000,9999.000,9999.000,9999.000,9999.000,9999.000,9999.000
202602130454,   0.056,   0.851,9999.000,9999.000,9999.000,9999.000,9999.000,9999.000,9999.000
202602130500,   0.050,   0.842,   0.700,   0.092,   0.842,   0.700,   0.842,   0.800,   0.942
202602130506,   0.045,   0.822,9999.000,9999.000,9999.000,9999.000,9999.000,9999.000,9999.000
202602130512,   0.041,   0.812,9999.000,9999.000,9999.000,9999.000,9999.000,9999.000,9999.000
202602130518,   0.038,   0.802,9999.000,9999.000,9999.000,9999.000,9999.000,9999.000,9999.000
202602130524,   0.036,   0.802,9999.000,9999.000,9999.000,9999.000,9999.000,9999.000,9999.000
202602130530,   0.036,   0.802,9999.000,9999.000,9999.000,9999.000,9999.000,9999.000,9999.000
202602130536,   0.037,   0.812,9999.000,9999.000,9999.000,9999.000,9999.000,9999.000,9999.000
202602130542,   0.040,   0.812,9999.000,9999.000,9999.000,9999.000,9999.000,9999.000,9999.000
202602130548,   0.044,   0.822,9999.000,9999.000,9999.000,9999.000,9999.000,9999.000,9999.000
202602130554,   0.049,   0.842,9999.000,9999.000,9999.000,9999.000,9999.000,9999.000,9999.000
202602130600,   0.057,   0.871,   0.800,   0.014,   0.871,   0.700,   0.771,   0.800,   0.871
202602130606,   0.066,   0.910,9999.000,9999.000,9999.000,9999.000,9999.000,9999.000,9999.000
202602130612,   0.077,   0.930,9999.000,9999.000,9999.000,9999.000,9999.000,9999.000,9999.000
202602130618,   0.089,   0.960,9999.000,9999.000,9999.000,9999.000,9999.000,9999.000,9999.000
202602130624,   0.104,   0.989,9999.000,9999.000,9999.000,9999.000,9999.000,9999.000,9999.000
202602130630,   0.120,   1.022,9999.000,9999.000,9999.000,9999.000,9999.000,9999.000,9999.000
202602130636,   0.138,   1.051,9999.000,9999.000,9999.000,9999.000,9999.000,9999.000,9999.000
202602130642,   0.159,   1.081,9999.000,9999.000,9999.000,9999.000,9999.000,9999.000,9999.000
202602130648,   0.180,   1.111,9999.000,9999.000,9999.000,9999.000,9999.000,9999.000,9999.000
202602130654,   0.204,   1.140,9999.000,9999.000,9999.000,9999.000,9999.000,9999.000,9999.000
202602130700,   0.230,   1.160,   0.800,   0.130,   1.160,   0.700,   1.060,   0.800,   1.160
202602130706,   0.257,   1.189,9999.000,9999.000,9999.000,9999.000,9999.000,9999.000,9999.000
202602130712,   0.285,   1.222,9999.000,9999.000,9999.000,9999.000,9999.000,9999.000,9999.000
202602130718,   0.315,   1.252,9999.000,9999.000,9999.000,9999.000,9999.000,9999.000,9999.000
202602130724,   0.346,   1.291,9999.000,9999.000,9999.000,9999.000,9999.000,9999.000,9999.000
202602130730,   0.378,   1.330,9999.000,9999.000,9999.000,9999.000,9999.000,9999.000,9999.000
202602130736,   0.411,   1.350,9999.000,9999.000,9999.000,9999.000,9999.000,9999.000,9999.000
202602130742,   0.445,   1.379,9999.000,9999.000,9999.000,9999.000,9999.000,9999.000,9999.000
202602130748,   0.479,   1.422,9999.000,9999.000,9999.000,9999.000,9999.000,9999.000,9999.000
202602130754,   0.514,   1.452,9999.000,9999.000,9999.000,9999.000,9999.000,9999.000,9999.000
202602130800,   0.549,   1.481,   0.800,   0.132,   1.481,   0.700,   1.381,   0.800,   1.481
202602130806,   0.585,   1.520,9999.000,9999.000,9999.000,9999.000,9999.000,9999.000,9999.000
202602130812,   0.621,   1.549,9999.000,9999.000,9999.000,9999.000,9999.000,9999.000,9999.000
202602130818,   0.656,   1.588,9999.000,9999.000,9999.000,9999.000,9999.000,9999.000,9999.000
202602130824,   0.692,   1.618,9999.000,9999.000,9999.000,9999.000,9999.000,9999.000,9999.000
202602130830,   0.727,   1.651,9999.000,9999.000,9999.000,9999.000,9999.000,9999.000,9999.000
202602130836,   0.762,   1.690,9999.000,9999.000,9999.000,9999.000,9999.000,9999.000,9999.000
202602130842,   0.797,   1.729,9999.000,9999.000,9999.000,9999.000,9999.000,9999.000,9999.000
202602130848,   0.832,   1.759,9999.000,9999.000,9999.000,9999.000,9999.000,9999.000,9999.000
202602130854,   0.867,   1.788,9999.000,9999.000,9999.000,9999.000,9999.000,9999.000,9999.000
202602130900,   0.901,   1.828,   0.800,   0.127,   1.828,   0.800,   1.828,   0.800,   1.828
202602130906,   0.935,   1.870,9999.000,9999.000,9999.000,9999.000,9999.000,9999.000,9999.000
202602130912,   0.969,   1.910,9999.000,9999.000,9999.000,9999.000,9999.000,9999.000,9999.000
202602130918,   1.003,   1.949,9999.000,9999.000,9999.000,9999.000,9999.000,9999.000,9999.000
202602130924,   1.037,   1.979,9999.000,9999.000,9999.000,9999.000,9999.000,9999.000,9999.000
202602130930,   1.070,   2.008,9999.000,9999.000,9999.000,9999.000,9999.000,9999.000,9999.000
202602130936,   1.104,   2.061,9999.000,9999.000,9999.000,9999.000,9999.000,9999.000,9999.000
202602130942,   1.137,   2.090,9999.000,9999.000,9999.000,9999.000,9999.000,9999.000,9999.000
202602130948,   1.170,   2.120,9999.000,9999.000,9999.000,9999.000,9999.000,9999.000,9999.000
202602130954,   1.203,   2.159,9999.000,9999.000,9999.000,9999.000,9999.000,9999.000,9999.000
202602131000,   1.235,   2.198,   0.800,   0.163,   2.198,   0.700,   2.098,   0.800,   2.198
202602131006,   1.267,   2.218,9999.000,9999.000,9999.000,9999.000,9999.000,9999.000,9999.000
202602131012,   1.298,   2.261,9999.000,9999.000,9999.000,9999.000,9999.000,9999.000,9999.000
202602131018,   1.328,   2.310,9999.000,9999.000,9999.000,9999.000,9999.000,9999.000,9999.000
202602131024,   1.358,   2.330,9999.000,9999.000,9999.000,9999.000,9999.000,9999.000,9999.000
202602131030,   1.387,   2.359,9999.000,9999.000,9999.000,9999.000,9999.000,9999.000,9999.000
202602131036,   1.414,   2.399,9999.000,9999.000,9999.000,9999.000,9999.000,9999.000,9999.000
202602131042,   1.440,   2.418,9999.000,9999.000,9999.000,9999.000,9999.000,9999.000,9999.000
202602131048,   1.464,   2.461,9999.000,9999.000,9999.000,9999.000,9999.000,9999.000,9999.000
202602131054,   1.487,   2.490,9999.000,9999.000,9999.000,9999.000,9999.000,9999.000,9999.000
202602131100,   1.507,   2.510,   0.800,   0.203,   2.510,   0.700,   2.410,   0.800,   2.510
202602131106,   1.526,   2.540,9999.000,9999.000,9999.000,9999.000,9999.000,9999.000,9999.000
202602131112,   1.542,   2.559,9999.000,9999.000,9999.000,9999.000,9999.000,9999.000,9999.000
202602131118,   1.556,   2.579,9999.000,9999.000,9999.000,9999.000,9999.000,9999.000,9999.000
202602131124,   1.567,   2.618,9999.000,9999.000,9999.000,9999.000,9999.000,9999.000,9999.000
202602131130,   1.576,   2.628,9999.000,9999.000,9999.000,9999.000,9999.000,9999.000,9999.000
202602131136,   1.582,   2.648,9999.000,9999.000,9999.000,9999.000,9999.000,9999.000,9999.000
202602131142,   1.585,   2.681,9999.000,9999.000,9999.000,9999.000,9999.000,9999.000,9999.000
202602131148,   1.585,   2.700,9999.000,9999.000,9999.000,9999.000,9999.000,9999.000,9999.000
202602131154,   1.583,   2.700,9999.000,9999.000,9999.000,9999.000,9999.000,9999.000,9999.000
202602131200,   1.578,   2.730,   0.700,   0.452,   2.730,   0.700,   2.730,   0.700,   2.730
202602131206,   1.571,   2.730,9999.000,9999.000,9999.000,9999.000,9999.000,9999.000,9999.000
202602131212,   1.561,   2.740,9999.000,9999.000,9999.000,9999.000,9999.000,9999.000,9999.000
202602131218,   1.549,   2.749,9999.000,9999.000,9999.000,9999.000,9999.000,9999.000,9999.000
202602131224,   1.535,   2.749,9999.000,9999.000,9999.000,9999.000,9999.000,9999.000,9999.000
202602131230,   1.519,   2.749,9999.000,9999.000,9999.000,9999.000,9999.000,9999.000,9999.000
202602131236,   1.501,   2.740,9999.000,9999.000,9999.000,9999.000,9999.000,9999.000,9999.000
202602131242,   1.481,   2.730,9999.000,9999.000,9999.000,9999.000,9999.000,9999.000,9999.000
202602131248,   1.460,   2.720,9999.000,9999.000,9999.000,9999.000,9999.000,9999.000,9999.000
202602131254,   1.438,   2.700,9999.000,9999.000,9999.000,9999.000,9999.000,9999.000,9999.000
202602131300,   1.415,   2.681,   0.700,   0.566,   2.681,   0.700,   2.681,   0.700,   2.681
202602131306,   1.390,   2.648,9999.000,9999.000,9999.000,9999.000,9999.000,9999.000,9999.000
202602131312,   1.366,   2.618,9999.000,9999.000,9999.000,9999.000,9999.000,9999.000,9999.000
202602131318,   1.340,   2.579,9999.000,9999.000,9999.000,9999.000,9999.000,9999.000,9999.000
202602131324,   1.314,   2.569,9999.000,9999.000,9999.000,9999.000,9999.000,9999.000,9999.000
202602131330,   1.288,   2.540,9999.000,9999.000,9999.000,9999.000,9999.000,9999.000,9999.000
202602131336,   1.261,   2.520,9999.000,9999.000,9999.000,9999.000,9999.000,9999.000,9999.000
202602131342,   1.234,   2.510,9999.000,9999.000,9999.000,9999.000,9999.000,9999.000,9999.000
202602131348,   1.207,   2.461,9999.000,9999.000,9999.000,9999.000,9999.000,9999.000,9999.000
202602131354,   1.180,   2.438,9999.000,9999.000,9999.000,9999.000,9999.000,9999.000,9999.000
202602131400,   1.152,   2.418,   0.700,   0.566,   2.418,   0.700,   2.418,   0.700,   2.418
202602131406,   1.125,   2.369,9999.000,9999.000,9999.000,9999.000,9999.000,9999.000,9999.000
202602131412,   1.098,   2.359,9999.000,9999.000,9999.000,9999.000,9999.000,9999.000,9999.000
202602131418,   1.070,   2.320,9999.000,9999.000,9999.000,9999.000,9999.000,9999.000,9999.000
202602131424,   1.043,   2.300,9999.000,9999.000,9999.000,9999.000,9999.000,9999.000,9999.000
202602131430,   1.015,   2.251,9999.000,9999.000,9999.000,9999.000,9999.000,9999.000,9999.000
202602131436,   0.988,   2.218,9999.000,9999.000,9999.000,9999.000,9999.000,9999.000,9999.000
202602131442,   0.960,   2.198,9999.000,9999.000,9999.000,9999.000,9999.000,9999.000,9999.000
202602131448,   0.932,   2.169,9999.000,9999.000,9999.000,9999.000,9999.000,9999.000,9999.000
202602131454,   0.905,   2.120,9999.000,9999.000,9999.000,9999.000,9999.000,9999.000,9999.000
202602131500,   0.877,   2.100,   0.700,   0.523,   2.100,   0.700,   2.100,   0.700,   2.100
202602131506,   0.850,   2.051,9999.000,9999.000,9999.000,9999.000,9999.000,9999.000,9999.000
202602131512,   0.822,   2.018,9999.000,9999.000,9999.000,9999.000,9999.000,9999.000,9999.000
202602131518,   0.795,   1.998,9999.000,9999.000,9999.000,9999.000,9999.000,9999.000,9999.000
202602131524,   0.768,   1.979,9999.000,9999.000,9999.000,9999.000,9999.000,9999.000,9999.000
202602131530,   0.741,   1.920,9999.000,9999.000,9999.000,9999.000,9999.000,9999.000,9999.000
202602131536,   0.714,   1.900,9999.000,9999.000,9999.000,9999.000,9999.000,9999.000,9999.000
202602131542,   0.688,   1.870,9999.000,9999.000,9999.000,9999.000,9999.000,9999.000,9999.000
202602131548,   0.663,   1.841,9999.000,9999.000,9999.000,9999.000,9999.000,9999.000,9999.000
202602131554,   0.637,   1.788,9999.000,9999.000,9999.000,9999.000,9999.000,9999.000,9999.000
202602131600,   0.613,   1.759,   0.700,   0.446,   1.759,   0.600,   1.659,   0.700,   1.759
202602131606,   0.588,   1.729,9999.000,9999.000,9999.000,9999.000,9999.000,9999.000,9999.000
202602131612,   0.565,   1.680,9999.000,9999.000,9999.000,9999.000,9999.000,9999.000,9999.000
202602131618,   0.542,   1.641,9999.000,9999.000,9999.000,9999.000,9999.000,9999.000,9999.000
202602131624,   0.520,   1.631,9999.000,9999.000,9999.000,9999.000,9999.000,9999.000,9999.000
202602131630,   0.498,   1.588,9999.000,9999.000,9999.000,9999.000,9999.000,9999.000,9999.000
202602131636,   0.478,   1.549,9999.000,9999.000,9999.000,9999.000,9999.000,9999.000,9999.000
202602131642,   0.458,   1.549,9999.000,9999.000,9999.000,9999.000,9999.000,9999.000,9999.000
202602131648,   0.438,   1.511,9999.000,9999.000,9999.000,9999.000,9999.000,9999.000,9999.000
202602131654,   0.420,   1.471,9999.000,9999.000,9999.000,9999.000,9999.000,9999.000,9999.000
202602131700,   0.402,   1.461,   0.600,   0.459,   1.461,   0.600,   1.461,   0.700,   1.561
202602131706,   0.385,   1.422,9999.000,9999.000,9999.000,9999.000,9999.000,9999.000,9999.000
202602131712,   0.369,   1.389,9999.000,9999.000,9999.000,9999.000,9999.000,9999.000,9999.000
202602131718,   0.353,   1.360,9999.000,9999.000,9999.000,9999.000,9999.000,9999.000,9999.000
202602131724,   0.338,   1.340,9999.000,9999.000,9999.000,9999.000,9999.000,9999.000,9999.000
202602131730,   0.325,   1.311,9999.000,9999.000,9999.000,9999.000,9999.000,9999.000,9999.000
202602131736,   0.312,   1.291,9999.000,9999.000,9999.000,9999.000,9999.000,9999.000,9999.000
202602131742,   0.299,   1.261,9999.000,9999.000,9999.000,9999.000,9999.000,9999.000,9999.000
202602131748,   0.288,   1.242,9999.000,9999.000,9999.000,9999.000,9999.000,9999.000,9999.000
202602131754,   0.278,   1.222,9999.000,9999.000,9999.000,9999.000,9999.000,9999.000,9999.000
202602131800,   0.269,   1.189,   0.700,   0.220,   1.189,   0.600,   1.089,   0.700,   1.189
202602131806,   0.261,   1.160,9999.000,9999.000,9999.000,9999.000,9999.000,9999.000,9999.000
202602131812,   0.254,   1.150,9999.000,9999.000,9999.000,9999.000,9999.000,9999.000,9999.000
202602131818,   0.249,   1.150,9999.000,9999.000,9999.000,9999.000,9999.000,9999.000,9999.000
202602131824,   0.244,   1.120,9999.000,9999.000,9999.000,9999.000,9999.000,9999.000,9999.000
202602131830,   0.241,   1.111,9999.000,9999.000,9999.000,9999.000,9999.000,9999.000,9999.000
202602131836,   0.240,   1.091,9999.000,9999.000,9999.000,9999.000,9999.000,9999.000,9999.000
202602131842,   0.240,   1.071,9999.000,9999.000,9999.000,9999.000,9999.000,9999.000,9999.000
202602131848,   0.242,   1.061,9999.000,9999.000,9999.000,9999.000,9999.000,9999.000,9999.000
202602131854,   0.245,   1.061,9999.000,9999.000,9999.000,9999.000,9999.000,9999.000,9999.000
202602131900,   0.250,   1.051,   0.700,   0.101,   1.051,   0.600,   0.951,   0.700,   1.051
202602131906,   0.256,   1.081,9999.000,9999.000,9999.000,9999.000,9999.000,9999.000,9999.000
202602131912,   0.264,   1.061,9999.000,9999.000,9999.000,9999.000,9999.000,9999.000,9999.000
202602131918,   0.274,   1.071,9999.000,9999.000,9999.000,9999.000,9999.000,9999.000,9999.000
202602131924,   0.285,   1.091,9999.000,9999.000,9999.000,9999.000,9999.000,9999.000,9999.000
202602131930,   0.297,   1.111,9999.000,9999.000,9999.000,9999.000,9999.000,9999.000,9999.000
202602131936,   0.311,   1.140,9999.000,9999.000,9999.000,9999.000,9999.000,9999.000,9999.000
202602131942,   0.326,   1.160,9999.000,9999.000,9999.000,9999.000,9999.000,9999.000,9999.000
202602131948,   0.342,   1.199,9999.000,9999.000,9999.000,9999.000,9999.000,9999.000,9999.000
202602131954,   0.359,   1.242,9999.000,9999.000,9999.000,9999.000,9999.000,9999.000,9999.000
202602132000,   0.376,   1.252,   0.700,   0.176,   1.252,   0.600,   1.152,   0.700,   1.252
202602132006,   0.395,   1.271,9999.000,9999.000,9999.000,9999.000,9999.000,9999.000,9999.000
202602132012,   0.414,   1.301,9999.000,9999.000,9999.000,9999.000,9999.000,9999.000,9999.000
202602132018,   0.433,   1.320,9999.000,9999.000,9999.000,9999.000,9999.000,9999.000,9999.000
202602132024,   0.453,   1.340,9999.000,9999.000,9999.000,9999.000,9999.000,9999.000,9999.000
202602132030,   0.473,   1.379,9999.000,9999.000,9999.000,9999.000,9999.000,9999.000,9999.000
202602132036,   0.494,   1.399,9999.000,9999.000,9999.000,9999.000,9999.000,9999.000,9999.000
202602132042,   0.514,   1.409,9999.000,9999.000,9999.000,9999.000,9999.000,9999.000,9999.000
202602132048,   0.534,   1.442,9999.000,9999.000,9999.000,9999.000,9999.000,9999.000,9999.000
202602132054,   0.555,   1.461,9999.000,9999.000,9999.000,9999.000,9999.000,9999.000,9999.000
202602132100,   0.575,   1.491,   0.700,   0.216,   1.491,   0.600,   1.391,   0.700,   1.491
202602132106,   0.595,   1.529,9999.000,9999.000,9999.000,9999.000,9999.000,9999.000,9999.000
202602132112,   0.616,   1.559,9999.000,9999.000,9999.000,9999.000,9999.000,9999.000,9999.000
202602132118,   0.636,   1.588,9999.000,9999.000,9999.000,9999.000,9999.000,9999.000,9999.000
202602132124,   0.656,   1.618,9999.000,9999.000,9999.000,9999.000,9999.000,9999.000,9999.000
202602132130,   0.677,   1.641,9999.000,9999.000,9999.000,9999.000,9999.000,9999.000,9999.000
202602132136,   0.697,   1.680,9999.000,9999.000,9999.000,9999.000,9999.000,9999.000,9999.000
202602132142,   0.717,   1.700,9999.000,9999.000,9999.000,9999.000,9999.000,9999.000,9999.000
202602132148,   0.738,   1.729,9999.000,9999.000,9999.000,9999.000,9999.000,9999.000,9999.000
202602132154,   0.759,   1.759,9999.000,9999.000,9999.000,9999.000,9999.000,9999.000,9999.000
202602132200,   0.780,   1.788,   0.600,   0.408,   1.788,   0.600,   1.788,   0.700,   1.888
202602132206,   0.801,   1.808,9999.000,9999.000,9999.000,9999.000,9999.000,9999.000,9999.000
202602132212,   0.822,   1.851,9999.000,9999.000,9999.000,9999.000,9999.000,9999.000,9999.000
202602132218,   0.844,   1.880,9999.000,9999.000,9999.000,9999.000,9999.000,9999.000,9999.000
202602132224,   0.865,   1.910,9999.000,9999.000,9999.000,9999.000,9999.000,9999.000,9999.000
202602132230,   0.886,   1.939,9999.000,9999.000,9999.000,9999.000,9999.000,9999.000,9999.000
202602132236,   0.908,   1.969,9999.000,9999.000,9999.000,9999.000,9999.000,9999.000,9999.000
202602132242,   0.929,   1.998,9999.000,9999.000,9999.000,9999.000,9999.000,9999.000,9999.000
202602132248,   0.949,   2.008,9999.000,9999.000,9999.000,9999.000,9999.000,9999.000,9999.000
202602132254,   0.969,   2.038,9999.000,9999.000,9999.000,9999.000,9999.000,9999.000,9999.000
202602132300,   0.988,   2.080,   0.600,   0.492,   2.080,   0.600,   2.080,   0.700,   2.180
202602132306,   1.007,   2.090,9999.000,9999.000,9999.000,9999.000,9999.000,9999.000,9999.000
202602132312,   1.024,   2.110,9999.000,9999.000,9999.000,9999.000,9999.000,9999.000,9999.000
202602132318,   1.040,   2.139,9999.000,9999.000,9999.000,9999.000,9999.000,9999.000,9999.000
202602132324,   1.055,   2.159,9999.000,9999.000,9999.000,9999.000,9999.000,9999.000,9999.000
202602132330,   1.067,   2.169,9999.000,9999.000,9999.000,9999.000,9999.000,9999.000,9999.000
202602132336,   1.078,   2.198,9999.000,9999.000,9999.000,9999.000,9999.000,9999.000,9999.000
202602132342,   1.088,   2.218,9999.000,9999.000,9999.000,9999.000,9999.000,9999.000,9999.000
202602132348,   1.095,   2.228,9999.000,9999.000,9999.000,9999.000,9999.000,9999.000,9999.000
202602132354,   1.100,   2.238,9999.000,9999.000,9999.000,9999.000,9999.000,9999.000,9999.000
202602140000,   1.102,   2.261,   0.700,   0.459,   2.261,   0.600,   2.161,   0.700,   2.261
202602140006,   1.103,   2.261,9999.000,9999.000,9999.000,9999.000,9999.000,9999.000,9999.000
202602140012,   1.101,   2.271,9999.000,9999.000,9999.000,9999.000,9999.000,9999.000,9999.000
202602140018,   1.097,   2.280,9999.000,9999.000,9999.000,9999.000,9999.000,9999.000,9999.000
202602140024,   1.091,   2.271,9999.000,9999.000,9999.000,9999.000,9999.000,9999.000,9999.000
202602140030,   1.082,   2.271,9999.000,9999.000,9999.000,9999.000,9999.000,9999.000,9999.000
202602140036,   1.072,   2.261,9999.000,9999.000,9999.000,9999.000,9999.000,9999.000,9999.000
202602140042,   1.059,   2.238,9999.000,9999.000,9999.000,9999.000,9999.000,9999.000,9999.000
202602140048,   1.045,   2.218,9999.000,9999.000,9999.000,9999.000,9999.000,9999.000,9999.000
202602140054,   1.030,   2.189,9999.000,9999.000,9999.000,9999.000,9999.000,9999.000,9999.000
202602140100,   1.013,   2.159,   0.600,   0.546,   2.159,   0.600,   2.159,   0.700,   2.259
202602140106,   0.994,   2.130,9999.000,9999.000,9999.000,9999.000,9999.000,9999.000,9999.000
202602140112,   0.975,   2.110,9999.000,9999.000,9999.000,9999.000,9999.000,9999.000,9999.000
202602140118,   0.954,   2.071,9999.000,9999.000,9999.000,9999.000,9999.000,9999.000,9999.000
202602140124,   0.933,   2.051,9999.000,9999.000,9999.000,9999.000,9999.000,9999.000,9999.000
202602140130,   0.911,   2.018,9999.000,9999.000,9999.000,9999.000,9999.000,9999.000,9999.000
202602140136,   0.889,   1.989,9999.000,9999.000,9999.000,9999.000,9999.000,9999.000,9999.000
202602140142,   0.867,   1.969,9999.000,9999.000,9999.000,9999.000,9999.000,9999.000,9999.000
202602140148,   0.844,   1.939,9999.000,9999.000,9999.000,9999.000,9999.000,9999.000,9999.000
202602140154,   0.821,   1.920,9999.000,9999.000,9999.000,9999.000,9999.000,9999.000,9999.000
202602140200,   0.798,   1.890,   0.600,   0.492,   1.890,   0.600,   1.890,   0.600,   1.890
202602140206,   0.775,   1.861,9999.000,9999.000,9999.000,9999.000,9999.000,9999.000,9999.000
202602140212,   0.752,   1.828,9999.000,9999.000,9999.000,9999.000,9999.000,9999.000,9999.000
202602140218,   0.729,   1.798,9999.000,9999.000,9999.000,9999.000,9999.000,9999.000,9999.000
202602140224,   0.707,   1.769,9999.000,9999.000,9999.000,9999.000,9999.000,9999.000,9999.000
202602140230,   0.684,   1.729,9999.000,9999.000,9999.000,9999.000,9999.000,9999.000,9999.000
202602140236,   0.662,   1.700,9999.000,9999.000,9999.000,9999.000,9999.000,9999.000,9999.000
202602140242,   0.640,   1.670,9999.000,9999.000,9999.000,9999.000,9999.000,9999.000,9999.000
202602140248,   0.618,   1.641,9999.000,9999.000,9999.000,9999.000,9999.000,9999.000,9999.000
202602140254,   0.596,   1.598,9999.000,9999.000,9999.000,9999.000,9999.000,9999.000,9999.000
202602140300,   0.574,   1.569,   0.600,   0.395,   1.569,   0.600,   1.569,   0.600,   1.569
202602140306,   0.552,   1.539,9999.000,9999.000,9999.000,9999.000,9999.000,9999.000,9999.000
202602140312,   0.530,   1.501,9999.000,9999.000,9999.000,9999.000,9999.000,9999.000,9999.000
202602140318,   0.508,   1.471,9999.000,9999.000,9999.000,9999.000,9999.000,9999.000,9999.000
202602140324,   0.487,   1.442,9999.000,9999.000,9999.000,9999.000,9999.000,9999.000,9999.000
202602140330,   0.465,   1.399,9999.000,9999.000,9999.000,9999.000,9999.000,9999.000,9999.000
202602140336,   0.444,   1.360,9999.000,9999.000,9999.000,9999.000,9999.000,9999.000,9999.000
202602140342,   0.423,   1.340,9999.000,9999.000,9999.000,9999.000,9999.000,9999.000,9999.000
202602140348,   0.402,   1.301,9999.000,9999.000,9999.000,9999.000,9999.000,9999.000,9999.000
202602140354,   0.381,   1.271,9999.000,9999.000,9999.000,9999.000,9999.000,9999.000,9999.000
202602140400,   0.361,   1.232,   0.600,   0.271,   1.232,   0.600,   1.232,   0.600,   1.232
202602140406,   0.341,   1.199,9999.000,9999.000,9999.000,9999.000,9999.000,9999.000,9999.000
202602140412,   0.321,   1.160,9999.000,9999.000,9999.000,9999.000,9999.000,9999.000,9999.000
202602140418,   0.302,   1.130,9999.000,9999.000,9999.000,9999.000,9999.000,9999.000,9999.000
202602140424,   0.284,   1.101,9999.000,9999.000,9999.000,9999.000,9999.000,9999.000,9999.000
202602140430,   0.266,   1.061,9999.000,9999.000,9999.000,9999.000,9999.000,9999.000,9999.000
202602140436,   0.248,   1.042,9999.000,9999.000,9999.000,9999.000,9999.000,9999.000,9999.000
202602140442,   0.232,   1.002,9999.000,9999.000,9999.000,9999.000,9999.000,9999.000,9999.000
202602140448,   0.216,   0.979,9999.000,9999.000,9999.000,9999.000,9999.000,9999.000,9999.000
202602140454,   0.200,   0.940,9999.000,9999.000,9999.000,9999.000,9999.000,9999.000,9999.000
202602140500,   0.186,   0.920,   0.600,   0.134,   0.920,   0.600,   0.920,   0.600,   0.920
202602140506,   0.172,   0.891,9999.000,9999.000,9999.000,9999.000,9999.000,9999.000,9999.000
202602140512,   0.159,   0.871,9999.000,9999.000,9999.000,9999.000,9999.000,9999.000,9999.000
202602140518,   0.146,   0.842,9999.000,9999.000,9999.000,9999.000,9999.000,9999.000,9999.000
202602140524,   0.135,   0.822,9999.000,9999.000,9999.000,9999.000,9999.000,9999.000,9999.000
202602140530,   0.124,   0.789,9999.000,9999.000,9999.000,9999.000,9999.000,9999.000,9999.000
202602140536,   0.114,   0.769,9999.000,9999.000,9999.000,9999.000,9999.000,9999.000,9999.000
202602140542,   0.105,   0.760,9999.000,9999.000,9999.000,9999.000,9999.000,9999.000,9999.000
202602140548,   0.097,   0.730,9999.000,9999.000,9999.000,9999.000,9999.000,9999.000,9999.000
202602140554,   0.090,   0.710,9999.000,9999.000,9999.000,9999.000,9999.000,9999.000,9999.000
202602140600,   0.084,   0.701,   0.600,   0.017,   0.701,   0.600,   0.701,   0.600,   0.701
202602140606,   0.078,   0.691,9999.000,9999.000,9999.000,9999.000,9999.000,9999.000,9999.000
202602140612,   0.074,   0.661,9999.000,9999.000,9999.000,9999.000,9999.000,9999.000,9999.000
202602140618,   0.071,   0.661,9999.000,9999.000,9999.000,9999.000,9999.000,9999.000,9999.000
202602140624,   0.069,   0.661,9999.000,9999.000,9999.000,9999.000,9999.000,9999.000,9999.000
202602140630,   0.069,   0.651,9999.000,9999.000,9999.000,9999.000,9999.000,9999.000,9999.000
202602140636,   0.070,   0.641,9999.000,9999.000,9999.000,9999.000,9999.000,9999.000,9999.000
202602140642,   0.072,   0.641,9999.000,9999.000,9999.000,9999.000,9999.000,9999.000,9999.000
202602140648,   0.076,   0.661,9999.000,9999.000,9999.000,9999.000,9999.000,9999.000,9999.000
202602140654,   0.081,   0.661,9999.000,9999.000,9999.000,9999.000,9999.000,9999.000,9999.000
202602140700,   0.089,   0.671,   0.600,  -0.018,   0.671,   0.600,   0.671,   0.600,   0.671
202602140706,   0.098,   0.701,9999.000,9999.000,9999.000,9999.000,9999.000,9999.000,9999.000
202602140712,   0.109,   0.720,9999.000,9999.000,9999.000,9999.000,9999.000,9999.000,9999.000
202602140718,   0.121,   0.750,9999.000,9999.000,9999.000,9999.000,9999.000,9999.000,9999.000
202602140724,   0.136,   0.779,9999.000,9999.000,9999.000,9999.000,9999.000,9999.000,9999.000
202602140730,   0.153,   0.812,9999.000,9999.000,9999.000,9999.000,9999.000,9999.000,9999.000
202602140736,   0.171,   0.832,9999.000,9999.000,9999.000,9999.000,9999.000,9999.000,9999.000
202602140742,   0.192,   0.861,9999.000,9999.000,9999.000,9999.000,9999.000,9999.000,9999.000
202602140748,   0.214,   0.891,9999.000,9999.000,9999.000,9999.000,9999.000,9999.000,9999.000
202602140754,   0.238,   0.920,9999.000,9999.000,9999.000,9999.000,9999.000,9999.000,9999.000
202602140800,   0.264,   0.950,   0.600,   0.086,   0.950,   0.600,   0.950,   0.600,   0.950
202602140806,   0.291,   0.979,9999.000,9999.000,9999.000,9999.000,9999.000,9999.000,9999.000
202602140812,   0.319,   1.012,9999.000,9999.000,9999.000,9999.000,9999.000,9999.000,9999.000
202602140818,   0.349,   1.051,9999.000,9999.000,9999.000,9999.000,9999.000,9999.000,9999.000
202602140824,   0.381,   1.081,9999.000,9999.000,9999.000,9999.000,9999.000,9999.000,9999.000
202602140830,   0.413,   1.101,9999.000,9999.000,9999.000,9999.000,9999.000,9999.000,9999.000
202602140836,   0.446,   1.140,9999.000,9999.000,9999.000,9999.000,9999.000,9999.000,9999.000
202602140842,   0.480,   1.179,9999.000,9999.000,9999.000,9999.000,9999.000,9999.000,9999.000
202602140848,   0.514,   1.212,9999.000,9999.000,9999.000,9999.000,9999.000,9999.000,9999.000
202602140854,   0.550,   1.242,9999.000,9999.000,9999.000,9999.000,9999.000,9999.000,9999.000
202602140900,   0.585,   1.281,   0.600,   0.096,   1.281,   0.500,   1.181,   0.600,   1.281
202602140906,   0.621,   1.320,9999.000,9999.000,9999.000,9999.000,9999.000,9999.000,9999.000
202602140912,   0.657,   1.340,9999.000,9999.000,9999.000,9999.000,9999.000,9999.000,9999.000
202602140918,   0.693,   1.389,9999.000,9999.000,9999.000,9999.000,9999.000,9999.000,9999.000
202602140924,   0.729,   1.432,9999.000,9999.000,9999.000,9999.000,9999.000,9999.000,9999.000
202602140930,   0.765,   1.461,9999.000,9999.000,9999.000,9999.000,9999.000,9999.000,9999.000
202602140936,   0.802,   1.491,9999.000,9999.000,9999.000,9999.000,9999.000,9999.000,9999.000
202602140942,   0.838,   1.529,9999.000,9999.000,9999.000,9999.000,9999.000,9999.000,9999.000
202602140948,   0.874,   1.559,9999.000,9999.000,9999.000,9999.000,9999.000,9999.000,9999.000
202602140954,   0.910,   1.598,9999.000,9999.000,9999.000,9999.000,9999.000,9999.000,9999.000
202602141000,   0.946,   1.641,   0.500,   0.195,   1.641,   0.500,   1.641,   0.600,   1.741
202602141006,   0.982,   1.680,9999.000,9999.000,9999.000,9999.000,9999.000,9999.000,9999.000
202602141012,   1.018,   1.710,9999.000,9999.000,9999.000,9999.000,9999.000,9999.000,9999.000
202602141018,   1.055,   1.759,9999.000,9999.000,9999.000,9999.000,9999.000,9999.000,9999.000
202602141024,   1.090,   1.788,9999.000,9999.000,9999.000,9999.000,9999.000,9999.000,9999.000
202602141030,   1.126,   1.818,9999.000,9999.000,9999.000,9999.000,9999.000,9999.000,9999.000
202602141036,   1.162,   1.861,9999.000,9999.000,9999.000,9999.000,9999.000,9999.000,9999.000
202602141042,   1.198,   1.900,9999.000,9999.000,9999.000,9999.000,9999.000,9999.000,9999.000
202602141048,   1.233,   1.929,9999.000,9999.000,9999.000,9999.000,9999.000,9999.000,9999.000
202602141054,   1.267,   1.969,9999.000,9999.000,9999.000,9999.000,9999.000,9999.000,9999.000
202602141100,   1.302,   2.008,   0.500,   0.206,   2.008,   0.500,   2.008,   0.600,   2.108
202602141106,   1.335,   2.038,9999.000,9999.000,9999.000,9999.000,9999.000,9999.000,9999.000
202602141112,   1.367,   2.061,9999.000,9999.000,9999.000,9999.000,9999.000,9999.000,9999.000
202602141118,   1.399,   2.100,9999.000,9999.000,9999.000,9999.000,9999.000,9999.000,9999.000
202602141124,   1.429,   2.130,9999.000,9999.000,9999.000,9999.000,9999.000,9999.000,9999.000
202602141130,   1.458,   2.159,9999.000,9999.000,9999.000,9999.000,9999.000,9999.000,9999.000
202602141136,   1.485,   2.189,9999.000,9999.000,9999.000,9999.000,9999.000,9999.000,9999.000
202602141142,   1.510,   2.218,9999.000,9999.000,9999.000,9999.000,9999.000,9999.000,9999.000
202602141148,   1.533,   2.238,9999.000,9999.000,9999.000,9999.000,9999.000,9999.000,9999.000
202602141154,   1.554,   2.271,9999.000,9999.000,9999.000,9999.000,9999.000,9999.000,9999.000
202602141200,   1.573,   2.300,   0.500,   0.227,   2.300,   0.500,   2.300,   0.500,   2.300
202602141206,   1.589,   2.320,9999.000,9999.000,9999.000,9999.000,9999.000,9999.000,9999.000
202602141212,   1.602,   2.339,9999.000,9999.000,9999.000,9999.000,9999.000,9999.000,9999.000
202602141218,   1.612,   2.369,9999.000,9999.000,9999.000,9999.000,9999.000,9999.000,9999.000
202602141224,   1.620,   2.379,9999.000,9999.000,9999.000,9999.000,9999.000,9999.000,9999.000
202602141230,   1.625,   2.399,9999.000,9999.000,9999.000,9999.000,9999.000,9999.000,9999.000
202602141236,   1.626,   2.408,9999.000,9999.000,9999.000,9999.000,9999.000,9999.000,9999.000
202602141242,   1.625,   2.418,9999.000,9999.000,9999.000,9999.000,9999.000,9999.000,9999.000
202602141248,   1.621,   2.438,9999.000,9999.000,9999.000,9999.000,9999.000,9999.000,9999.000
202602141254,   1.614,   2.438,9999.000,9999.000,9999.000,9999.000,9999.000,9999.000,9999.000
202602141300,   1.605,   2.438,   0.500,   0.333,   2.438,   0.500,   2.438,   0.500,   2.438
202602141306,   1.593,   2.438,9999.000,9999.000,9999.000,9999.000,9999.000,9999.000,9999.000
202602141312,   1.579,   2.428,9999.000,9999.000,9999.000,9999.000,9999.000,9999.000,9999.000
202602141318,   1.563,   2.408,9999.000,9999.000,9999.000,9999.000,9999.000,9999.000,9999.000
202602141324,   1.544,   2.389,9999.000,9999.000,9999.000,9999.000,9999.000,9999.000,9999.000
202602141330,   1.524,   2.359,9999.000,9999.000,9999.000,9999.000,9999.000,9999.000,9999.000
202602141336,   1.503,   2.330,9999.000,9999.000,9999.000,9999.000,9999.000,9999.000,9999.000
202602141342,   1.480,   2.290,9999.000,9999.000,9999.000,9999.000,9999.000,9999.000,9999.000
202602141348,   1.455,   2.271,9999.000,9999.000,9999.000,9999.000,9999.000,9999.000,9999.000
202602141354,   1.430,   2.228,9999.000,9999.000,9999.000,9999.000,9999.000,9999.000,9999.000
202602141400,   1.404,   2.198,   0.500,   0.294,   2.198,   0.400,   2.098,   0.500,   2.198
202602141406,   1.377,   2.179,9999.000,9999.000,9999.000,9999.000,9999.000,9999.000,9999.000
202602141412,   1.350,   2.149,9999.000,9999.000,9999.000,9999.000,9999.000,9999.000,9999.000
202602141418,   1.322,   2.120,9999.000,9999.000,9999.000,9999.000,9999.000,9999.000,9999.000
202602141424,   1.294,   2.100,9999.000,9999.000,9999.000,9999.000,9999.000,9999.000,9999.000
202602141430,   1.266,   2.051,9999.000,9999.000,9999.000,9999.000,9999.000,9999.000,9999.000
202602141436,   1.238,   2.028,9999.000,9999.000,9999.000,9999.000,9999.000,9999.000,9999.000
202602141442,   1.210,   2.008,9999.000,9999.000,9999.000,9999.000,9999.000,9999.000,9999.000
202602141448,   1.182,   1.969,9999.000,9999.000,9999.000,9999.000,9999.000,9999.000,9999.000
202602141454,   1.153,   1.929,9999.000,9999.000,9999.000,9999.000,9999.000,9999.000,9999.000
202602141500,   1.125,   1.900,   0.400,   0.375,   1.900,   0.400,   1.900,   0.500,   2.000
202602141506,   1.097,   1.861,9999.000,9999.000,9999.000,9999.000,9999.000,9999.000,9999.000
202602141512,   1.069,   1.818,9999.000,9999.000,9999.000,9999.000,9999.000,9999.000,9999.000
202602141518,   1.041,   1.788,9999.000,9999.000,9999.000,9999.000,9999.000,9999.000,9999.000
202602141524,   1.013,   1.749,9999.000,9999.000,9999.000,9999.000,9999.000,9999.000,9999.000
202602141530,   0.985,   1.710,9999.000,9999.000,9999.000,9999.000,9999.000,9999.000,9999.000
202602141536,   0.957,   1.670,9999.000,9999.000,9999.000,9999.000,9999.000,9999.000,9999.000
202602141542,   0.930,   1.641,9999.000,9999.000,9999.000,9999.000,9999.000,9999.000,9999.000
202602141548,   0.902,   1.598,9999.000,9999.000,9999.000,9999.000,9999.000,9999.000,9999.000
202602141554,   0.875,   1.559,9999.000,9999.000,9999.000,9999.000,9999.000,9999.000,9999.000
202602141600,   0.847,   1.539,   0.400,   0.292,   1.539,   0.400,   1.539,   0.400,   1.539
202602141606,   0.820,   1.501,9999.000,9999.000,9999.000,9999.000,9999.000,9999.000,9999.000
202602141612,   0.793,   1.461,9999.000,9999.000,9999.000,9999.000,9999.000,9999.000,9999.000
202602141618,   0.767,   1.432,9999.000,9999.000,9999.000,9999.000,9999.000,9999.000,9999.000
202602141624,   0.740,   1.389,9999.000,9999.000,9999.000,9999.000,9999.000,9999.000,9999.000
202602141630,   0.715,   1.330,9999.000,9999.000,9999.000,9999.000,9999.000,9999.000,9999.000
202602141636,   0.689,   1.301,9999.000,9999.000,9999.000,9999.000,9999.000,9999.000,9999.000
202602141642,   0.664,   1.271,9999.000,9999.000,9999.000,9999.000,9999.000,9999.000,9999.000
202602141648,   0.639,   1.242,9999.000,9999.000,9999.000,9999.000,9999.000,9999.000,9999.000
202602141654,   0.615,   1.199,9999.000,9999.000,9999.000,9999.000,9999.000,9999.000,9999.000
202602141700,   0.591,   1.160,   0.400,   0.169,   1.160,   0.400,   1.160,   0.400,   1.160
202602141706,   0.568,   1.140,9999.000,9999.000,9999.000,9999.000,9999.000,9999.000,9999.000
202602141712,   0.546,   1.101,9999.000,9999.000,9999.000,9999.000,9999.000,9999.000,9999.000
202602141718,   0.524,   1.071,9999.000,9999.000,9999.000,9999.000,9999.000,9999.000,9999.000
202602141724,   0.502,   1.042,9999.000,9999.000,9999.000,9999.000,9999.000,9999.000,9999.000
202602141730,   0.482,   1.012,9999.000,9999.000,9999.000,9999.000,9999.000,9999.000,9999.000
202602141736,   0.462,   0.960,9999.000,9999.000,9999.000,9999.000,9999.000,9999.000,9999.000
202602141742,   0.442,   0.940,9999.000,9999.000,9999.000,9999.000,9999.000,9999.000,9999.000
202602141748,   0.423,   0.920,9999.000,9999.000,9999.000,9999.000,9999.000,9999.000,9999.000
202602141754,   0.405,   0.881,9999.000,9999.000,9999.000,9999.000,9999.000,9999.000,9999.000
202602141800,   0.387,   0.851,   0.400,   0.064,   0.851,   0.400,   0.851,   0.500,   0.951
202602141806,   0.370,   0.832,9999.000,9999.000,9999.000,9999.000,9999.000,9999.000,9999.000
202602141812,   0.353,   0.789,9999.000,9999.000,9999.000,9999.000,9999.000,9999.000,9999.000
202602141818,   0.338,   0.760,9999.000,9999.000,9999.000,9999.000,9999.000,9999.000,9999.000
202602141824,   0.322,   0.750,9999.000,9999.000,9999.000,9999.000,9999.000,9999.000,9999.000
202602141830,   0.308,   0.730,9999.000,9999.000,9999.000,9999.000,9999.000,9999.000,9999.000
202602141836,   0.294,   0.691,9999.000,9999.000,9999.000,9999.000,9999.000,9999.000,9999.000
202602141842,   0.282,   0.651,9999.000,9999.000,9999.000,9999.000,9999.000,9999.000,9999.000
202602141848,   0.270,   0.661,9999.000,9999.000,9999.000,9999.000,9999.000,9999.000,9999.000
202602141854,   0.259,   0.622,9999.000,9999.000,9999.000,9999.000,9999.000,9999.000,9999.000
202602141900,   0.249,   0.602,   0.400,  -0.047,   0.602,   0.400,   0.602,   0.500,   0.702
202602141906,   0.241,   0.612,9999.000,9999.000,9999.000,9999.000,9999.000,9999.000,9999.000
202602141912,   0.233,   0.592,9999.000,9999.000,9999.000,9999.000,9999.000,9999.000,9999.000
202602141918,   0.227,   0.569,9999.000,9999.000,9999.000,9999.000,9999.000,9999.000,9999.000
202602141924,   0.223,   0.559,9999.000,9999.000,9999.000,9999.000,9999.000,9999.000,9999.000
202602141930,   0.220,   0.550,9999.000,9999.000,9999.000,9999.000,9999.000,9999.000,9999.000
202602141936,   0.219,   0.550,9999.000,9999.000,9999.000,9999.000,9999.000,9999.000,9999.000
202602141942,   0.219,   0.540,9999.000,9999.000,9999.000,9999.000,9999.000,9999.000,9999.000
202602141948,   0.221,   0.540,9999.000,9999.000,9999.000,9999.000,9999.000,9999.000,9999.000
202602141954,   0.225,   0.559,9999.000,9999.000,9999.000,9999.000,9999.000,9999.000,9999.000
202602142000,   0.230,   0.550,   0.400,  -0.080,   0.550,   0.400,   0.550,   0.500,   0.650
202602142006,   0.238,   0.579,9999.000,9999.000,9999.000,9999.000,9999.000,9999.000,9999.000
202602142012,   0.247,   0.592,9999.000,9999.000,9999.000,9999.000,9999.000,9999.000,9999.000
202602142018,   0.257,   0.632,9999.000,9999.000,9999.000,9999.000,9999.000,9999.000,9999.000
202602142024,   0.269,   0.681,9999.000,9999.000,9999.000,9999.000,9999.000,9999.000,9999.000
202602142030,   0.283,   0.681,9999.000,9999.000,9999.000,9999.000,9999.000,9999.000,9999.000
202602142036,   0.298,   0.730,9999.000,9999.000,9999.000,9999.000,9999.000,9999.000,9999.000
202602142042,   0.314,   0.750,9999.000,9999.000,9999.000,9999.000,9999.000,9999.000,9999.000
202602142048,   0.332,   0.769,9999.000,9999.000,9999.000,9999.000,9999.000,9999.000,9999.000
202602142054,   0.351,   0.812,9999.000,9999.000,9999.000,9999.000,9999.000,9999.000,9999.000
202602142100,   0.370,   0.822,   0.400,   0.052,   0.822,   0.400,   0.822,   0.500,   0.922
202602142106,   0.391,   0.861,9999.000,9999.000,9999.000,9999.000,9999.000,9999.000,9999.000
202602142112,   0.412,   0.901,9999.000,9999.000,9999.000,9999.000,9999.000,9999.000,9999.000
202602142118,   0.434,   0.920,9999.000,9999.000,9999.000,9999.000,9999.000,9999.000,9999.000
202602142124,   0.456,   0.950,9999.000,9999.000,9999.000,9999.000,9999.000,9999.000,9999.000
202602142130,   0.479,   1.002,9999.000,9999.000,9999.000,9999.000,9999.000,9999.000,9999.000
202602142136,   0.503,   1.032,9999.000,9999.000,9999.000,9999.000,9999.000,9999.000,9999.000
202602142142,   0.526,   1.042,9999.000,9999.000,9999.000,9999.000,9999.000,9999.000,9999.000
202602142148,   0.550,   1.101,9999.000,9999.000,9999.000,9999.000,9999.000,9999.000,9999.000
202602142154,   0.574,   1.130,9999.000,9999.000,9999.000,9999.000,9999.000,9999.000,9999.000
202602142200,   0.598,   1.160,   0.400,   0.162,   1.160,   0.400,   1.160,   0.500,   1.260
202602142206,   0.623,   1.179,9999.000,9999.000,9999.000,9999.000,9999.000,9999.000,9999.000
202602142212,   0.648,   1.232,9999.000,9999.000,9999.000,9999.000,9999.000,9999.000,9999.000
202602142218,   0.673,   1.261,9999.000,9999.000,9999.000,9999.000,9999.000,9999.000,9999.000
202602142224,   0.698,   1.301,9999.000,9999.000,9999.000,9999.000,9999.000,9999.000,9999.000
202602142230,   0.724,   1.330,9999.000,9999.000,9999.000,9999.000,9999.000,9999.000,9999.000
202602142236,   0.750,   1.360,9999.000,9999.000,9999.000,9999.000,9999.000,9999.000,9999.000
202602142242,   0.776,   1.399,9999.000,9999.000,9999.000,9999.000,9999.000,9999.000,9999.000
202602142248,   0.802,   1.432,9999.000,9999.000,9999.000,9999.000,9999.000,9999.000,9999.000
202602142254,   0.829,   1.471,9999.000,9999.000,9999.000,9999.000,9999.000,9999.000,9999.000
202602142300,   0.855,   1.511,   0.400,   0.256,   1.511,   0.400,   1.511,   0.400,   1.511
202602142306,   0.882,   1.529,9999.000,9999.000,9999.000,9999.000,9999.000,9999.000,9999.000
202602142312,   0.909,   1.569,9999.000,9999.000,9999.000,9999.000,9999.000,9999.000,9999.000
202602142318,   0.936,   1.598,9999.000,9999.000,9999.000,9999.000,9999.000,9999.000,9999.000
202602142324,   0.963,   1.631,9999.000,9999.000,9999.000,9999.000,9999.000,9999.000,9999.000
202602142330,   0.989,   1.661,9999.000,9999.000,9999.000,9999.000,9999.000,9999.000,9999.000
202602142336,   1.015,   1.700,9999.000,9999.000,9999.000,9999.000,9999.000,9999.000,9999.000
202602142342,   1.040,   1.729,9999.000,9999.000,9999.000,9999.000,9999.000,9999.000,9999.000
202602142348,   1.064,   1.759,9999.000,9999.000,9999.000,9999.000,9999.000,9999.000,9999.000
202602142354,   1.087,   1.779,9999.000,9999.000,9999.000,9999.000,9999.000,9999.000,9999.000
202602150000,   1.109,   1.808,   0.300,   0.399,   1.808,   0.300,   1.808,   0.400,   1.908
202602150006,   1.129,   1.841,9999.000,9999.000,9999.000,9999.000,9999.000,9999.000,9999.000
202602150012,   1.148,   1.870,9999.000,9999.000,9999.000,9999.000,9999.000,9999.000,9999.000
202602150018,   1.165,   1.890,9999.000,9999.000,9999.000,9999.000,9999.000,9999.000,9999.000
202602150024,   1.180,   1.920,9999.000,9999.000,9999.000,9999.000,9999.000,9999.000,9999.000
202602150030,   1.193,   1.929,9999.000,9999.000,9999.000,9999.000,9999.000,9999.000,9999.000
202602150036,   1.203,   1.959,9999.000,9999.000,9999.000,9999.000,9999.000,9999.000,9999.000
202602150042,   1.211,   1.979,9999.000,9999.000,9999.000,9999.000,9999.000,9999.000,9999.000
202602150048,   1.216,   1.989,9999.000,9999.000,9999.000,9999.000,9999.000,9999.000,9999.000
202602150054,   1.219,   2.008,9999.000,9999.000,9999.000,9999.000,9999.000,9999.000,9999.000
202602150100,   1.219,   2.018,   0.300,   0.499,   2.018,   0.300,   2.018,   0.400,   2.118
202602150106,   1.216,   2.018,9999.000,9999.000,9999.000,9999.000,9999.000,9999.000,9999.000
202602150112,   1.212,   2.028,9999.000,9999.000,9999.000,9999.000,9999.000,9999.000,9999.000
202602150118,   1.204,   2.028,9999.000,9999.000,9999.000,9999.000,9999.000,9999.000,9999.000
202602150124,   1.194,   2.018,9999.000,9999.000,9999.000,9999.000,9999.000,9999.000,9999.000
202602150130,   1.182,   2.008,9999.000,9999.000,9999.000,9999.000,9999.000,9999.000,9999.000
202602150136,   1.168,   1.979,9999.000,9999.000,9999.000,9999.000,9999.000,9999.000,9999.000
202602150142,   1.152,   1.949,9999.000,9999.000,9999.000,9999.000,9999.000,9999.000,9999.000
202602150148,   1.134,   1.929,9999.000,9999.000,9999.000,9999.000,9999.000,9999.000,9999.000
202602150154,   1.115,   1.890,9999.000,9999.000,9999.000,9999.000,9999.000,9999.000,9999.000
202602150200,   1.094,   1.851,   0.300,   0.457,   1.851,   0.300,   1.851,   0.400,   1.951
202602150206,   1.073,   1.818,9999.000,9999.000,9999.000,9999.000,9999.000,9999.000,9999.000
202602150212,   1.050,   1.798,9999.000,9999.000,9999.000,9999.000,9999.000,9999.000,9999.000
202602150218,   1.026,   1.759,9999.000,9999.000,9999.000,9999.000,9999.000,9999.000,9999.000
202602150224,   1.002,   1.739,9999.000,9999.000,9999.000,9999.000,9999.000,9999.000,9999.000
202602150230,   0.977,   1.720,9999.000,9999.000,9999.000,9999.000,9999.000,9999.000,9999.000
202602150236,   0.952,   1.680,9999.000,9999.000,9999.000,9999.000,9999.000,9999.000,9999.000
202602150242,   0.927,   1.661,9999.000,9999.000,9999.000,9999.000,9999.000,9999.000,9999.000
202602150248,   0.902,   1.641,9999.000,9999.000,9999.000,9999.000,9999.000,9999.000,9999.000
202602150254,   0.877,   1.598,9999.000,9999.000,9999.000,9999.000,9999.000,9999.000,9999.000
202602150300,   0.852,   1.569,   0.300,   0.417,   1.569,   0.300,   1.569,   0.400,   1.669
202602150306,   0.827,   1.539,9999.000,9999.000,9999.000,9999.000,9999.000,9999.000,9999.000
202602150312,   0.802,   1.511,9999.000,9999.000,9999.000,9999.000,9999.000,9999.000,9999.000
202602150318,   0.777,   1.471,9999.000,9999.000,9999.000,9999.000,9999.000,9999.000,9999.000
202602150324,   0.752,   1.442,9999.000,9999.000,9999.000,9999.000,9999.000,9999.000,9999.000
202602150330,   0.728,   1.409,9999.000,9999.000,9999.000,9999.000,9999.000,9999.000,9999.000
202602150336,   0.704,   1.370,9999.000,9999.000,9999.000,9999.000,9999.000,9999.000,9999.000
202602150342,   0.680,   1.340,9999.000,9999.000,9999.000,9999.000,9999.000,9999.000,9999.000
202602150348,   0.657,   1.311,9999.000,9999.000,9999.000,9999.000,9999.000,9999.000,9999.000
202602150354,   0.633,   1.271,9999.000,9999.000,9999.000,9999.000,9999.000,9999.000,9999.000
202602150400,   0.610,   1.242,   0.300,   0.332,   1.242,   0.300,   1.242,   0.300,   1.242
202602150406,   0.587,   1.212,9999.000,9999.000,9999.000,9999.000,9999.000,9999.000,9999.000
202602150412,   0.564,   1.170,9999.000,9999.000,9999.000,9999.000,9999.000,9999.000,9999.000
202602150418,   0.541,   1.140,9999.000,9999.000,9999.000,9999.000,9999.000,9999.000,9999.000
202602150424,   0.519,   1.101,9999.000,9999.000,9999.000,9999.000,9999.000,9999.000,9999.000
202602150430,   0.496,   1.071,9999.000,9999.000,9999.000,9999.000,9999.000,9999.000,9999.000
202602150436,   0.474,   1.042,9999.000,9999.000,9999.000,9999.000,9999.000,9999.000,9999.000
202602150442,   0.453,   1.012,9999.000,9999.000,9999.000,9999.000,9999.000,9999.000,9999.000
202602150448,   0.431,   0.969,9999.000,9999.000,9999.000,9999.000,9999.000,9999.000,9999.000
202602150454,   0.410,   0.940,9999.000,9999.000,9999.000,9999.000,9999.000,9999.000,9999.000
202602150500,   0.390,   0.910,   0.300,   0.220,   0.910,   0.300,   0.910,   0.300,   0.910
202602150506,   0.370,   0.871,9999.000,9999.000,9999.000,9999.000,9999.000,9999.000,9999.000
202602150512,   0.350,   0.842,9999.000,9999.000,9999.000,9999.000,9999.000,9999.000,9999.000
202602150518,   0.331,   0.812,9999.000,9999.000,9999.000,9999.000,9999.000,9999.000,9999.000
202602150524,   0.312,   0.779,9999.000,9999.000,9999.000,9999.000,9999.000,9999.000,9999.000
202602150530,   0.294,   0.750,9999.000,9999.000,9999.000,9999.000,9999.000,9999.000,9999.000
202602150536,   0.277,   0.720,9999.000,9999.000,9999.000,9999.000,9999.000,9999.000,9999.000
202602150542,   0.260,   0.691,9999.000,9999.000,9999.000,9999.000,9999.000,9999.000,9999.000
202602150548,   0.244,9999.000,9999.000,9999.000,9999.000,9999.000,9999.000,9999.000,9999.000
202602150554,   0.229,9999.000,9999.000,9999.000,9999.000,9999.000,9999.000,9999.000,9999.000
202602150600,   0.214,9999.000,   0.300,   0.235,   0.749,   0.200,   0.649,   0.300,   0.749
202602150606,   0.200,9999.000,9999.000,9999.000,9999.000,9999.000,9999.000,9999.000,9999.000
202602150612,   0.186,9999.000,9999.000,9999.000,9999.000,9999.000,9999.000,9999.000,9999.000
202602150618,   0.174,9999.000,9999.000,9999.000,9999.000,9999.000,9999.000,9999.000,9999.000
202602150624,   0.161,9999.000,9999.000,9999.000,9999.000,9999.000,9999.000,9999.000,9999.000
202602150630,   0.150,9999.000,9999.000,9999.000,9999.000,9999.000,9999.000,9999.000,9999.000
202602150636,   0.139,9999.000,9999.000,9999.000,9999.000,9999.000,9999.000,9999.000,9999.000
202602150642,   0.129,9999.000,9999.000,9999.000,9999.000,9999.000,9999.000,9999.000,9999.000
202602150648,   0.120,9999.000,9999.000,9999.000,9999.000,9999.000,9999.000,9999.000,9999.000
202602150654,   0.112,9999.000,9999.000,9999.000,9999.000,9999.000,9999.000,9999.000,9999.000
202602150700,   0.104,9999.000,   0.300,   0.251,   0.655,   0.200,   0.555,   0.300,   0.655
202602150706,   0.098,9999.000,9999.000,9999.000,9999.000,9999.000,9999.000,9999.000,9999.000
202602150712,   0.093,9999.000,9999.000,9999.000,9999.000,9999.000,9999.000,9999.000,9999.000
202602150718,   0.089,9999.000,9999.000,9999.000,9999.000,9999.000,9999.000,9999.000,9999.000
202602150724,   0.086,9999.000,9999.000,9999.000,9999.000,9999.000,9999.000,9999.000,9999.000
202602150730,   0.085,9999.000,9999.000,9999.000,9999.000,9999.000,9999.000,9999.000,9999.000
202602150736,   0.085,9999.000,9999.000,9999.000,9999.000,9999.000,9999.000,9999.000,9999.000
202602150742,   0.086,9999.000,9999.000,9999.000,9999.000,9999.000,9999.000,9999.000,9999.000
202602150748,   0.090,9999.000,9999.000,9999.000,9999.000,9999.000,9999.000,9999.000,9999.000
202602150754,   0.095,9999.000,9999.000,9999.000,9999.000,9999.000,9999.000,9999.000,9999.000
202602150800,   0.102,9999.000,   0.300,   0.266,   0.668,   0.200,   0.568,   0.300,   0.668
202602150806,   0.111,9999.000,9999.000,9999.000,9999.000,9999.000,9999.000,9999.000,9999.000
202602150812,   0.122,9999.000,9999.000,9999.000,9999.000,9999.000,9999.000,9999.000,9999.000
202602150818,   0.135,9999.000,9999.000,9999.000,9999.000,9999.000,9999.000,9999.000,9999.000
202602150824,   0.150,9999.000,9999.000,9999.000,9999.000,9999.000,9999.000,9999.000,9999.000
202602150830,   0.167,9999.000,9999.000,9999.000,9999.000,9999.000,9999.000,9999.000,9999.000
202602150836,   0.186,9999.000,9999.000,9999.000,9999.000,9999.000,9999.000,9999.000,9999.000
202602150842,   0.207,9999.000,9999.000,9999.000,9999.000,9999.000,9999.000,9999.000,9999.000
202602150848,   0.230,9999.000,9999.000,9999.000,9999.000,9999.000,9999.000,9999.000,9999.000
202602150854,   0.255,9999.000,9999.000,9999.000,9999.000,9999.000,9999.000,9999.000,9999.000
202602150900,   0.282,9999.000,   0.300,   0.281,   0.863,   0.200,   0.763,   0.300,   0.863
202602150906,   0.310,9999.000,9999.000,9999.000,9999.000,9999.000,9999.000,9999.000,9999.000
202602150912,   0.340,9999.000,9999.000,9999.000,9999.000,9999.000,9999.000,9999.000,9999.000
202602150918,   0.371,9999.000,9999.000,9999.000,9999.000,9999.000,9999.000,9999.000,9999.000
202602150924,   0.403,9999.000,9999.000,9999.000,9999.000,9999.000,9999.000,9999.000,9999.000
202602150930,   0.437,9999.000,9999.000,9999.000,9999.000,9999.000,9999.000,9999.000,9999.000
202602150936,   0.471,9999.000,9999.000,9999.000,9999.000,9999.000,9999.000,9999.000,9999.000
202602150942,   0.506,9999.000,9999.000,9999.000,9999.000,9999.000,9999.000,9999.000,9999.000
202602150948,   0.542,9999.000,9999.000,9999.000,9999.000,9999.000,9999.000,9999.000,9999.000
202602150954,   0.579,9999.000,9999.000,9999.000,9999.000,9999.000,9999.000,9999.000,9999.000
202602151000,   0.616,9999.000,   0.300,   0.296,   1.212,   0.200,   1.112,   0.300,   1.212
202602151006,   0.653,9999.000,9999.000,9999.000,9999.000,9999.000,9999.000,9999.000,9999.000
202602151012,   0.691,9999.000,9999.000,9999.000,9999.000,9999.000,9999.000,9999.000,9999.000
202602151018,   0.730,9999.000,9999.000,9999.000,9999.000,9999.000,9999.000,9999.000,9999.000
202602151024,   0.768,9999.000,9999.000,9999.000,9999.000,9999.000,9999.000,9999.000,9999.000
202602151030,   0.807,9999.000,9999.000,9999.000,9999.000,9999.000,9999.000,9999.000,9999.000
202602151036,   0.845,9999.000,9999.000,9999.000,9999.000,9999.000,9999.000,9999.000,9999.000
202602151042,   0.884,9999.000,9999.000,9999.000,9999.000,9999.000,9999.000,9999.000,9999.000
202602151048,   0.923,9999.000,9999.000,9999.000,9999.000,9999.000,9999.000,9999.000,9999.000
202602151054,   0.963,9999.000,9999.000,9999.000,9999.000,9999.000,9999.000,9999.000,9999.000
202602151100,   1.002,9999.000,   0.300,   0.312,   1.614,   0.300,   1.614,   0.400,   1.714
202602151106,   1.041,9999.000,9999.000,9999.000,9999.000,9999.000,9999.000,9999.000,9999.000
202602151112,   1.080,9999.000,9999.000,9999.000,9999.000,9999.000,9999.000,9999.000,9999.000
202602151118,   1.120,9999.000,9999.000,9999.000,9999.000,9999.000,9999.000,9999.000,9999.000
202602151124,   1.159,9999.000,9999.000,9999.000,9999.000,9999.000,9999.000,9999.000,9999.000
202602151130,   1.198,9999.000,9999.000,9999.000,9999.000,9999.000,9999.000,9999.000,9999.000
202602151136,   1.236,9999.000,9999.000,9999.000,9999.000,9999.000,9999.000,9999.000,9999.000
202602151142,   1.274,9999.000,9999.000,9999.000,9999.000,9999.000,9999.000,9999.000,9999.000
202602151148,   1.312,9999.000,9999.000,9999.000,9999.000,9999.000,9999.000,9999.000,9999.000
202602151154,   1.348,9999.000,9999.000,9999.000,9999.000,9999.000,9999.000,9999.000,9999.000
202602151200,   1.384,9999.000,   0.300,   0.327,   2.011,   0.300,   2.011,   0.400,   2.111
202602151206,   1.419,9999.000,9999.000,9999.000,9999.000,9999.000,9999.000,9999.000,9999.000
202602151212,   1.452,9999.000,9999.000,9999.000,9999.000,9999.000,9999.000,9999.000,9999.000
202602151218,   1.483,9999.000,9999.000,9999.000,9999.000,9999.000,9999.000,9999.000,9999.000
202602151224,   1.513,9999.000,9999.000,9999.000,9999.000,9999.000,9999.000,9999.000,9999.000
202602151230,   1.541,9999.000,9999.000,9999.000,9999.000,9999.000,9999.000,9999.000,9999.000
202602151236,   1.567,9999.000,9999.000,9999.000,9999.000,9999.000,9999.000,9999.000,9999.000
202602151242,   1.590,9999.000,9999.000,9999.000,9999.000,9999.000,9999.000,9999.000,9999.000
202602151248,   1.611,9999.000,9999.000,9999.000,9999.000,9999.000,9999.000,9999.000,9999.000
202602151254,   1.629,9999.000,9999.000,9999.000,9999.000,9999.000,9999.000,9999.000,9999.000
202602151300,   1.644,9999.000,   0.300,   0.342,   2.286,   0.300,   2.286,   0.300,   2.286
202602151306,   1.656,9999.000,9999.000,9999.000,9999.000,9999.000,9999.000,9999.000,9999.000
202602151312,   1.665,9999.000,9999.000,9999.000,9999.000,9999.000,9999.000,9999.000,9999.000
202602151318,   1.670,9999.000,9999.000,9999.000,9999.000,9999.000,9999.000,9999.000,9999.000
202602151324,   1.673,9999.000,9999.000,9999.000,9999.000,9999.000,9999.000,9999.000,9999.000
202602151330,   1.673,9999.000,9999.000,9999.000,9999.000,9999.000,9999.000,9999.000,9999.000
202602151336,   1.669,9999.000,9999.000,9999.000,9999.000,9999.000,9999.000,9999.000,9999.000
202602151342,   1.662,9999.000,9999.000,9999.000,9999.000,9999.000,9999.000,9999.000,9999.000
202602151348,   1.653,9999.000,9999.000,9999.000,9999.000,9999.000,9999.000,9999.000,9999.000
202602151354,   1.641,9999.000,9999.000,9999.000,9999.000,9999.000,9999.000,9999.000,9999.000
202602151400,   1.626,9999.000,   0.300,   0.358,   2.284,   0.200,   2.184,   0.300,   2.284
202602151406,   1.609,9999.000,9999.000,9999.000,9999.000,9999.000,9999.000,9999.000,9999.000
202602151412,   1.590,9999.000,9999.000,9999.000,9999.000,9999.000,9999.000,9999.000,9999.000
202602151418,   1.569,9999.000,9999.000,9999.000,9999.000,9999.000,9999.000,9999.000,9999.000
202602151424,   1.546,9999.000,9999.000,9999.000,9999.000,9999.000,9999.000,9999.000,9999.000
202602151430,   1.521,9999.000,9999.000,9999.000,9999.000,9999.000,9999.000,9999.000,9999.000
202602151436,   1.495,9999.000,9999.000,9999.000,9999.000,9999.000,9999.000,9999.000,9999.000
202602151442,   1.469,9999.000,9999.000,9999.000,9999.000,9999.000,9999.000,9999.000,9999.000
202602151448,   1.441,9999.000,9999.000,9999.000,9999.000,9999.000,9999.000,9999.000,9999.000
202602151454,   1.412,9999.000,9999.000,9999.000,9999.000,9999.000,9999.000,9999.000,9999.000
202602151500,   1.383,9999.000,   0.300,   0.373,   2.056,   0.200,   1.956,   0.300,   2.056
202602151506,   1.354,9999.000,9999.000,9999.000,9999.000,9999.000,9999.000,9999.000,9999.000
202602151512,   1.324,9999.000,9999.000,9999.000,9999.000,9999.000,9999.000,9999.000,9999.000
202602151518,   1.295,9999.000,9999.000,9999.000,9999.000,9999.000,9999.000,9999.000,9999.000
202602151524,   1.265,9999.000,9999.000,9999.000,9999.000,9999.000,9999.000,9999.000,9999.000
202602151530,   1.235,9999.000,9999.000,9999.000,9999.000,9999.000,9999.000,9999.000,9999.000
202602151536,   1.205,9999.000,9999.000,9999.000,9999.000,9999.000,9999.000,9999.000,9999.000
202602151542,   1.176,9999.000,9999.000,9999.000,9999.000,9999.000,9999.000,9999.000,9999.000
202602151548,   1.147,9999.000,9999.000,9999.000,9999.000,9999.000,9999.000,9999.000,9999.000
202602151554,   1.117,9999.000,9999.000,9999.000,9999.000,9999.000,9999.000,9999.000,9999.000
202602151600,   1.088,9999.000,   0.300,   0.388,   1.776,   0.300,   1.776,   0.300,   1.776
202602151606,   1.060,9999.000,9999.000,9999.000,9999.000,9999.000,9999.000,9999.000,9999.000
202602151612,   1.031,9999.000,9999.000,9999.000,9999.000,9999.000,9999.000,9999.000,9999.000
202602151618,   1.003,9999.000,9999.000,9999.000,9999.000,9999.000,9999.000,9999.000,9999.000
202602151624,   0.975,9999.000,9999.000,9999.000,9999.000,9999.000,9999.000,9999.000,9999.000
202602151630,   0.947,9999.000,9999.000,9999.000,9999.000,9999.000,9999.000,9999.000,9999.000
202602151636,   0.919,9999.000,9999.000,9999.000,9999.000,9999.000,9999.000,9999.000,9999.000
202602151642,   0.891,9999.000,9999.000,9999.000,9999.000,9999.000,9999.000,9999.000,9999.000
202602151648,   0.864,9999.000,9999.000,9999.000,9999.000,9999.000,9999.000,9999.000,9999.000
202602151654,   0.837,9999.000,9999.000,9999.000,9999.000,9999.000,9999.000,9999.000,9999.000
202602151700,   0.810,9999.000,   0.300,   0.404,   1.514,   0.300,   1.514,   0.400,   1.614
202602151706,   0.784,9999.000,9999.000,9999.000,9999.000,9999.000,9999.000,9999.000,9999.000
202602151712,   0.757,9999.000,9999.000,9999.000,9999.000,9999.000,9999.000,9999.000,9999.000
202602151718,   0.731,9999.000,9999.000,9999.000,9999.000,9999.000,9999.000,9999.000,9999.000
202602151724,   0.706,9999.000,9999.000,9999.000,9999.000,9999.000,9999.000,9999.000,9999.000
202602151730,   0.681,9999.000,9999.000,9999.000,9999.000,9999.000,9999.000,9999.000,9999.000
202602151736,   0.656,9999.000,9999.000,9999.000,9999.000,9999.000,9999.000,9999.000,9999.000
202602151742,   0.632,9999.000,9999.000,9999.000,9999.000,9999.000,9999.000,9999.000,9999.000
202602151748,   0.608,9999.000,9999.000,9999.000,9999.000,9999.000,9999.000,9999.000,9999.000
202602151754,   0.585,9999.000,9999.000,9999.000,9999.000,9999.000,9999.000,9999.000,9999.000
202602151800,   0.562,9999.000,   0.300,   0.404,   1.266,   0.300,   1.266,   0.400,   1.366
202602151806,   0.539,9999.000,9999.000,9999.000,9999.000,9999.000,9999.000,9999.000,9999.000
202602151812,   0.517,9999.000,9999.000,9999.000,9999.000,9999.000,9999.000,9999.000,9999.000
202602151818,   0.496,9999.000,9999.000,9999.000,9999.000,9999.000,9999.000,9999.000,9999.000
202602151824,   0.475,9999.000,9999.000,9999.000,9999.000,9999.000,9999.000,9999.000,9999.000
202602151830,   0.454,9999.000,9999.000,9999.000,9999.000,9999.000,9999.000,9999.000,9999.000
202602151836,   0.434,9999.000,9999.000,9999.000,9999.000,9999.000,9999.000,9999.000,9999.000
202602151842,   0.414,9999.000,9999.000,9999.000,9999.000,9999.000,9999.000,9999.000,9999.000
202602151848,   0.395,9999.000,9999.000,9999.000,9999.000,9999.000,9999.000,9999.000,9999.000
202602151854,   0.376,9999.000,9999.000,9999.000,9999.000,9999.000,9999.000,9999.000,9999.000
202602151900,   0.358,9999.000,   0.400,   0.404,   1.162,   0.300,   1.062,   0.400,   1.162
202602151906,   0.340,9999.000,9999.000,9999.000,9999.000,9999.000,9999.000,9999.000,9999.000
202602151912,   0.323,9999.000,9999.000,9999.000,9999.000,9999.000,9999.000,9999.000,9999.000
202602151918,   0.306,9999.000,9999.000,9999.000,9999.000,9999.000,9999.000,9999.000,9999.000
202602151924,   0.290,9999.000,9999.000,9999.000,9999.000,9999.000,9999.000,9999.000,9999.000
202602151930,   0.275,9999.000,9999.000,9999.000,9999.000,9999.000,9999.000,9999.000,9999.000
202602151936,   0.261,9999.000,9999.000,9999.000,9999.000,9999.000,9999.000,9999.000,9999.000
202602151942,   0.247,9999.000,9999.000,9999.000,9999.000,9999.000,9999.000,9999.000,9999.000
202602151948,   0.235,9999.000,9999.000,9999.000,9999.000,9999.000,9999.000,9999.000,9999.000
202602151954,   0.224,9999.000,9999.000,9999.000,9999.000,9999.000,9999.000,9999.000,9999.000
202602152000,   0.214,9999.000,   0.400,   0.404,   1.018,   0.300,   0.918,   0.400,   1.018
202602152006,   0.205,9999.000,9999.000,9999.000,9999.000,9999.000,9999.000,9999.000,9999.000
202602152012,   0.198,9999.000,9999.000,9999.000,9999.000,9999.000,9999.000,9999.000,9999.000
202602152018,   0.192,9999.000,9999.000,9999.000,9999.000,9999.000,9999.000,9999.000,9999.000
202602152024,   0.188,9999.000,9999.000,9999.000,9999.000,9999.000,9999.000,9999.000,9999.000
202602152030,   0.186,9999.000,9999.000,9999.000,9999.000,9999.000,9999.000,9999.000,9999.000
202602152036,   0.186,9999.000,9999.000,9999.000,9999.000,9999.000,9999.000,9999.000,9999.000
202602152042,   0.188,9999.000,9999.000,9999.000,9999.000,9999.000,9999.000,9999.000,9999.000
202602152048,   0.191,9999.000,9999.000,9999.000,9999.000,9999.000,9999.000,9999.000,9999.000
202602152054,   0.197,9999.000,9999.000,9999.000,9999.000,9999.000,9999.000,9999.000,9999.000
202602152100,   0.205,9999.000,   0.400,   0.404,   1.009,   0.400,   1.009,   0.400,   1.009
202602152106,   0.214,9999.000,9999.000,9999.000,9999.000,9999.000,9999.000,9999.000,9999.000
202602152112,   0.226,9999.000,9999.000,9999.000,9999.000,9999.000,9999.000,9999.000,9999.000
202602152118,   0.239,9999.000,9999.000,9999.000,9999.000,9999.000,9999.000,9999.000,9999.000
202602152124,   0.254,9999.000,9999.000,9999.000,9999.000,9999.000,9999.000,9999.000,9999.000
202602152130,   0.271,9999.000,9999.000,9999.000,9999.000,9999.000,9999.000,9999.000,9999.000
202602152136,   0.290,9999.000,9999.000,9999.000,9999.000,9999.000,9999.000,9999.000,9999.000
202602152142,   0.309,9999.000,9999.000,9999.000,9999.000,9999.000,9999.000,9999.000,9999.000
202602152148,   0.331,9999.000,9999.000,9999.000,9999.000,9999.000,9999.000,9999.000,9999.000
202602152154,   0.353,9999.000,9999.000,9999.000,9999.000,9999.000,9999.000,9999.000,9999.000
202602152200,   0.377,9999.000,   0.400,   0.404,   1.181,   0.400,   1.181,   0.500,   1.281
202602152206,   0.402,9999.000,9999.000,9999.000,9999.000,9999.000,9999.000,9999.000,9999.000
202602152212,   0.428,9999.000,9999.000,9999.000,9999.000,9999.000,9999.000,9999.000,9999.000
202602152218,   0.454,9999.000,9999.000,9999.000,9999.000,9999.000,9999.000,9999.000,9999.000
202602152224,   0.481,9999.000,9999.000,9999.000,9999.000,9999.000,9999.000,9999.000,9999.000
202602152230,   0.509,9999.000,9999.000,9999.000,9999.000,9999.000,9999.000,9999.000,9999.000
202602152236,   0.538,9999.000,9999.000,9999.000,9999.000,9999.000,9999.000,9999.000,9999.000
202602152242,   0.567,9999.000,9999.000,9999.000,9999.000,9999.000,9999.000,9999.000,9999.000
202602152248,   0.596,9999.000,9999.000,9999.000,9999.000,9999.000,9999.000,9999.000,9999.000
202602152254,   0.626,9999.000,9999.000,9999.000,9999.000,9999.000,9999.000,9999.000,9999.000
202602152300,   0.657,9999.000,   0.500,   0.404,   1.561,   0.400,   1.461,   0.500,   1.561
202602152306,   0.688,9999.000,9999.000,9999.000,9999.000,9999.000,9999.000,9999.000,9999.000
202602152312,   0.719,9999.000,9999.000,9999.000,9999.000,9999.000,9999.000,9999.000,9999.000
202602152318,   0.750,9999.000,9999.000,9999.000,9999.000,9999.000,9999.000,9999.000,9999.000
202602152324,   0.782,9999.000,9999.000,9999.000,9999.000,9999.000,9999.000,9999.000,9999.000
202602152330,   0.815,9999.000,9999.000,9999.000,9999.000,9999.000,9999.000,9999.000,9999.000
202602152336,   0.847,9999.000,9999.000,9999.000,9999.000,9999.000,9999.000,9999.000,9999.000
202602152342,   0.880,9999.000,9999.000,9999.000,9999.000,9999.000,9999.000,9999.000,9999.000
202602152348,   0.913,9999.000,9999.000,9999.000,9999.000,9999.000,9999.000,9999.000,9999.000
202602152354,   0.946,9999.000,9999.000,9999.000,9999.000,9999.000,9999.000,9999.000,9999.000
202602160000,   0.979,9999.000,   0.500,   0.404,   1.883,   0.400,   1.783,   0.600,   1.983
202602160006,   1.012,9999.000,9999.000,9999.000,9999.000,9999.000,9999.000,9999.000,9999.000
202602160012,   1.044,9999.000,9999.000,9999.000,9999.000,9999.000,9999.000,9999.000,9999.000
202602160018,   1.076,9999.000,9999.000,9999.000,9999.000,9999.000,9999.000,9999.000,9999.000
202602160024,   1.107,9999.000,9999.000,9999.000,9999.000,9999.000,9999.000,9999.000,9999.000
202602160030,   1.138,9999.000,9999.000,9999.000,9999.000,9999.000,9999.000,9999.000,9999.000
202602160036,   1.167,9999.000,9999.000,9999.000,9999.000,9999.000,9999.000,9999.000,9999.000
202602160042,   1.195,9999.000,9999.000,9999.000,9999.000,9999.000,9999.000,9999.000,9999.000
202602160048,   1.222,9999.000,9999.000,9999.000,9999.000,9999.000,9999.000,9999.000,9999.000
202602160054,   1.246,9999.000,9999.000,9999.000,9999.000,9999.000,9999.000,9999.000,9999.000
202602160100,   1.269,9999.000,   0.500,   0.404,   2.173,   0.400,   2.073,   0.600,   2.273
202602160106,   1.290,9999.000,9999.000,9999.000,9999.000,9999.000,9999.000,9999.000,9999.000
202602160112,   1.308,9999.000,9999.000,9999.000,9999.000,9999.000,9999.000,9999.000,9999.000
202602160118,   1.324,9999.000,9999.000,9999.000,9999.000,9999.000,9999.000,9999.000,9999.000
202602160124,   1.337,9999.000,9999.000,9999.000,9999.000,9999.000,9999.000,9999.000,9999.000
202602160130,   1.348,9999.000,9999.000,9999.000,9999.000,9999.000,9999.000,9999.000,9999.000
202602160136,   1.355,9999.000,9999.000,9999.000,9999.000,9999.000,9999.000,9999.000,9999.000
202602160142,   1.360,9999.000,9999.000,9999.000,9999.000,9999.000,9999.000,9999.000,9999.000
202602160148,   1.361,9999.000,9999.000,9999.000,9999.000,9999.000,9999.000,9999.000,9999.000
202602160154,   1.360,9999.000,9999.000,9999.000,9999.000,9999.000,9999.000,9999.000,9999.000
202602160200,   1.356,9999.000,   0.600,   0.404,   2.360,   0.500,   2.260,   0.700,   2.460
202602160206,   1.348,9999.000,9999.000,9999.000,9999.000,9999.000,9999.000,9999.000,9999.000
202602160212,   1.339,9999.000,9999.000,9999.000,9999.000,9999.000,9999.000,9999.000,9999.000
202602160218,   1.326,9999.000,9999.000,9999.000,9999.000,9999.000,9999.000,9999.000,9999.000
202602160224,   1.311,9999.000,9999.000,9999.000,9999.000,9999.000,9999.000,9999.000,9999.000
202602160230,   1.294,9999.000,9999.000,9999.000,9999.000,9999.000,9999.000,9999.000,9999.000
202602160236,   1.275,9999.000,9999.000,9999.000,9999.000,9999.000,9999.000,9999.000,9999.000
202602160242,   1.254,9999.000,9999.000,9999.000,9999.000,9999.000,9999.000,9999.000,9999.000
202602160248,   1.231,9999.000,9999.000,9999.000,9999.000,9999.000,9999.000,9999.000,9999.000
202602160254,   1.207,9999.000,9999.000,9999.000,9999.000,9999.000,9999.000,9999.000,9999.000
202602160300,   1.182,9999.000,   0.600,   0.404,   2.186,   0.500,   2.086,   0.700,   2.286
202602160306,   1.156,9999.000,9999.000,9999.000,9999.000,9999.000,9999.000,9999.000,9999.000
202602160312,   1.129,9999.000,9999.000,9999.000,9999.000,9999.000,9999.000,9999.000,9999.000
202602160318,   1.101,9999.000,9999.000,9999.000,9999.000,9999.000,9999.000,9999.000,9999.000
202602160324,   1.073,9999.000,9999.000,9999.000,9999.000,9999.000,9999.000,9999.000,9999.000
202602160330,   1.045,9999.000,9999.000,9999.000,9999.000,9999.000,9999.000,9999.000,9999.000
202602160336,   1.017,9999.000,9999.000,9999.000,9999.000,9999.000,9999.000,9999.000,9999.000
202602160342,   0.988,9999.000,9999.000,9999.000,9999.000,9999.000,9999.000,9999.000,9999.000
202602160348,   0.960,9999.000,9999.000,9999.000,9999.000,9999.000,9999.000,9999.000,9999.000
202602160354,   0.932,9999.000,9999.000,9999.000,9999.000,9999.000,9999.000,9999.000,9999.000
202602160400,   0.904,9999.000,   0.700,   0.404,   2.008,   0.500,   1.808,   0.800,   2.108
202602160406,   0.876,9999.000,9999.000,9999.000,9999.000,9999.000,9999.000,9999.000,9999.000
202602160412,   0.849,9999.000,9999.000,9999.000,9999.000,9999.000,9999.000,9999.000,9999.000
202602160418,   0.822,9999.000,9999.000,9999.000,9999.000,9999.000,9999.000,9999.000,9999.000
202602160424,   0.795,9999.000,9999.000,9999.000,9999.000,9999.000,9999.000,9999.000,9999.000
202602160430,   0.770,9999.000,9999.000,9999.000,9999.000,9999.000,9999.000,9999.000,9999.000
202602160436,   0.742,9999.000,9999.000,9999.000,9999.000,9999.000,9999.000,9999.000,9999.000
202602160442,   0.717,9999.000,9999.000,9999.000,9999.000,9999.000,9999.000,9999.000,9999.000
202602160448,   0.691,9999.000,9999.000,9999.000,9999.000,9999.000,9999.000,9999.000,9999.000
202602160454,   0.666,9999.000,9999.000,9999.000,9999.000,9999.000,9999.000,9999.000,9999.000
202602160500,   0.641,9999.000,   0.700,   0.404,   1.745,   0.600,   1.645,   0.900,   1.945
202602160506,   0.616,9999.000,9999.000,9999.000,9999.000,9999.000,9999.000,9999.000,9999.000
202602160512,   0.592,9999.000,9999.000,9999.000,9999.000,9999.000,9999.000,9999.000,9999.000
202602160518,   0.568,9999.000,9999.000,9999.000,9999.000,9999.000,9999.000,9999.000,9999.000
202602160524,   0.545,9999.000,9999.000,9999.000,9999.000,9999.000,9999.000,9999.000,9999.000
202602160530,   0.521,9999.000,9999.000,9999.000,9999.000,9999.000,9999.000,9999.000,9999.000
202602160536,   0.498,9999.000,9999.000,9999.000,9999.000,9999.000,9999.000,9999.000,9999.000
202602160542,   0.476,9999.000,9999.000,9999.000,9999.000,9999.000,9999.000,9999.000,9999.000
202602160548,   0.454,9999.000,9999.000,9999.000,9999.000,9999.000,9999.000,9999.000,9999.000
202602160554,   0.432,9999.000,9999.000,9999.000,9999.000,9999.000,9999.000,9999.000,9999.000
202602160600,   0.411,9999.000,   0.700,   0.404,   1.515,   0.600,   1.415,   0.900,   1.715
202602160606,   0.390,9999.000,9999.000,9999.000,9999.000,9999.000,9999.000,9999.000,9999.000
202602160612,   0.370,9999.000,9999.000,9999.000,9999.000,9999.000,9999.000,9999.000,9999.000
202602160618,   0.351,9999.000,9999.000,9999.000,9999.000,9999.000,9999.000,9999.000,9999.000
202602160624,   0.332,9999.000,9999.000,9999.000,9999.000,9999.000,9999.000,9999.000,9999.000
202602160630,   0.313,9999.000,9999.000,9999.000,9999.000,9999.000,9999.000,9999.000,9999.000
202602160636,   0.295,9999.000,9999.000,9999.000,9999.000,9999.000,9999.000,9999.000,9999.000
202602160642,   0.278,9999.000,9999.000,9999.000,9999.000,9999.000,9999.000,9999.000,9999.000
202602160648,   0.261,9999.000,9999.000,9999.000,9999.000,9999.000,9999.000,9999.000,9999.000
202602160654,   0.244,9999.000,9999.000,9999.000,9999.000,9999.000,9999.000,9999.000,9999.000
202602160700,   0.228,9999.000,   0.800,   0.404,   1.432,   0.600,   1.232,   1.000,   1.632
202602160706,   0.213,9999.000,9999.000,9999.000,9999.000,9999.000,9999.000,9999.000,9999.000
202602160712,   0.198,9999.000,9999.000,9999.000,9999.000,9999.000,9999.000,9999.000,9999.000
202602160718,   0.184,9999.000,9999.000,9999.000,9999.000,9999.000,9999.000,9999.000,9999.000
202602160724,   0.171,9999.000,9999.000,9999.000,9999.000,9999.000,9999.000,9999.000,9999.000
202602160730,   0.158,9999.000,9999.000,9999.000,9999.000,9999.000,9999.000,9999.000,9999.000
202602160736,   0.146,9999.000,9999.000,9999.000,9999.000,9999.000,9999.000,9999.000,9999.000
202602160742,   0.134,9999.000,9999.000,9999.000,9999.000,9999.000,9999.000,9999.000,9999.000
202602160748,   0.124,9999.000,9999.000,9999.000,9999.000,9999.000,9999.000,9999.000,9999.000
202602160754,   0.114,9999.000,9999.000,9999.000,9999.000,9999.000,9999.000,9999.000,9999.000
202602160800,   0.105,9999.000,   0.800,   0.404,   1.309,   0.600,   1.109,   1.000,   1.509
202602160806,   0.097,9999.000,9999.000,9999.000,9999.000,9999.000,9999.000,9999.000,9999.000
202602160812,   0.091,9999.000,9999.000,9999.000,9999.000,9999.000,9999.000,9999.000,9999.000
202602160818,   0.086,9999.000,9999.000,9999.000,9999.000,9999.000,9999.000,9999.000,9999.000
202602160824,   0.082,9999.000,9999.000,9999.000,9999.000,9999.000,9999.000,9999.000,9999.000
202602160830,   0.080,9999.000,9999.000,9999.000,9999.000,9999.000,9999.000,9999.000,9999.000
202602160836,   0.080,9999.000,9999.000,9999.000,9999.000,9999.000,9999.000,9999.000,9999.000
202602160842,   0.082,9999.000,9999.000,9999.000,9999.000,9999.000,9999.000,9999.000,9999.000
202602160848,   0.085,9999.000,9999.000,9999.000,9999.000,9999.000,9999.000,9999.000,9999.000
202602160854,   0.091,9999.000,9999.000,9999.000,9999.000,9999.000,9999.000,9999.000,9999.000
202602160900,   0.098,9999.000,   0.900,   0.404,   1.402,   0.700,   1.202,   1.100,   1.602
202602160906,   0.108,9999.000,9999.000,9999.000,9999.000,9999.000,9999.000,9999.000,9999.000
202602160912,   0.120,9999.000,9999.000,9999.000,9999.000,9999.000,9999.000,9999.000,9999.000
202602160918,   0.134,9999.000,9999.000,9999.000,9999.000,9999.000,9999.000,9999.000,9999.000
202602160924,   0.150,9999.000,9999.000,9999.000,9999.000,9999.000,9999.000,9999.000,9999.000
202602160930,   0.169,9999.000,9999.000,9999.000,9999.000,9999.000,9999.000,9999.000,9999.000
202602160936,   0.190,9999.000,9999.000,9999.000,9999.000,9999.000,9999.000,9999.000,9999.000
202602160942,   0.213,9999.000,9999.000,9999.000,9999.000,9999.000,9999.000,9999.000,9999.000
202602160948,   0.238,9999.000,9999.000,9999.000,9999.000,9999.000,9999.000,9999.000,9999.000
202602160954,   0.265,9999.000,9999.000,9999.000,9999.000,9999.000,9999.000,9999.000,9999.000
202602161000,   0.294,9999.000,   0.900,   0.404,   1.598,   0.700,   1.398,   1.100,   1.798
202602161006,   0.324,9999.000,9999.000,9999.000,9999.000,9999.000,9999.000,9999.000,9999.000
202602161012,   0.356,9999.000,9999.000,9999.000,9999.000,9999.000,9999.000,9999.000,9999.000
202602161018,   0.390,9999.000,9999.000,9999.000,9999.000,9999.000,9999.000,9999.000,9999.000
202602161024,   0.424,9999.000,9999.000,9999.000,9999.000,9999.000,9999.000,9999.000,9999.000
202602161030,   0.460,9999.000,9999.000,9999.000,9999.000,9999.000,9999.000,9999.000,9999.000
202602161036,   0.497,9999.000,9999.000,9999.000,9999.000,9999.000,9999.000,9999.000,9999.000
202602161042,   0.535,9999.000,9999.000,9999.000,9999.000,9999.000,9999.000,9999.000,9999.000
202602161048,   0.574,9999.000,9999.000,9999.000,9999.000,9999.000,9999.000,9999.000,9999.000
202602161054,   0.614,9999.000,9999.000,9999.000,9999.000,9999.000,9999.000,9999.000,9999.000
202602161100,   0.654,9999.000,   1.000,   0.404,   2.058,   0.700,   1.758,   1.200,   2.258
202602161106,   0.694,9999.000,9999.000,9999.000,9999.000,9999.000,9999.000,9999.000,9999.000
202602161112,   0.736,9999.000,9999.000,9999.000,9999.000,9999.000,9999.000,9999.000,9999.000
202602161118,   0.777,9999.000,9999.000,9999.000,9999.000,9999.000,9999.000,9999.000,9999.000
202602161124,   0.819,9999.000,9999.000,9999.000,9999.000,9999.000,9999.000,9999.000,9999.000
202602161130,   0.861,9999.000,9999.000,9999.000,9999.000,9999.000,9999.000,9999.000,9999.000
202602161136,   0.903,9999.000,9999.000,9999.000,9999.000,9999.000,9999.000,9999.000,9999.000
202602161142,   0.946,9999.000,9999.000,9999.000,9999.000,9999.000,9999.000,9999.000,9999.000
202602161148,   0.988,9999.000,9999.000,9999.000,9999.000,9999.000,9999.000,9999.000,9999.000
202602161154,   1.031,9999.000,9999.000,9999.000,9999.000,9999.000,9999.000,9999.000,9999.000
202602161200,   1.074,9999.000,   1.000,   0.404,   2.478,   0.800,   2.278,   1.300,   2.778
202602161206,   1.117,9999.000,9999.000,9999.000,9999.000,9999.000,9999.000,9999.000,9999.000
202602161212,   1.159,9999.000,9999.000,9999.000,9999.000,9999.000,9999.000,9999.000,9999.000
202602161218,   1.201,9999.000,9999.000,9999.000,9999.000,9999.000,9999.000,9999.000,9999.000
202602161224,   1.243,9999.000,9999.000,9999.000,9999.000,9999.000,9999.000,9999.000,9999.000
202602161230,   1.284,9999.000,9999.000,9999.000,9999.000,9999.000,9999.000,9999.000,9999.000
202602161236,   1.325,9999.000,9999.000,9999.000,9999.000,9999.000,9999.000,9999.000,9999.000
202602161242,   1.365,9999.000,9999.000,9999.000,9999.000,9999.000,9999.000,9999.000,9999.000
202602161248,   1.404,9999.000,9999.000,9999.000,9999.000,9999.000,9999.000,9999.000,9999.000
202602161254,   1.441,9999.000,9999.000,9999.000,9999.000,9999.000,9999.000,9999.000,9999.000
202602161300,   1.477,9999.000,   1.000,   0.404,   2.881,   0.800,   2.681,   1.300,   3.181
202602161306,   1.511,9999.000,9999.000,9999.000,9999.000,9999.000,9999.000,9999.000,9999.000
202602161312,   1.543,9999.000,9999.000,9999.000,9999.000,9999.000,9999.000,9999.000,9999.000
202602161318,   1.573,9999.000,9999.000,9999.000,9999.000,9999.000,9999.000,9999.000,9999.000
202602161324,   1.601,9999.000,9999.000,9999.000,9999.000,9999.000,9999.000,9999.000,9999.000
202602161330,   1.626,9999.000,9999.000,9999.000,9999.000,9999.000,9999.000,9999.000,9999.000
202602161336,   1.648,9999.000,9999.000,9999.000,9999.000,9999.000,9999.000,9999.000,9999.000
202602161342,   1.668,9999.000,9999.000,9999.000,9999.000,9999.000,9999.000,9999.000,9999.000
202602161348,   1.684,9999.000,9999.000,9999.000,9999.000,9999.000,9999.000,9999.000,9999.000
202602161354,   1.697,9999.000,9999.000,9999.000,9999.000,9999.000,9999.000,9999.000,9999.000
202602161400,   1.707,9999.000,   1.000,   0.404,   3.111,   0.800,   2.911,   1.300,   3.411
202602161406,   1.713,9999.000,9999.000,9999.000,9999.000,9999.000,9999.000,9999.000,9999.000
202602161412,   1.716,9999.000,9999.000,9999.000,9999.000,9999.000,9999.000,9999.000,9999.000
202602161418,   1.716,9999.000,9999.000,9999.000,9999.000,9999.000,9999.000,9999.000,9999.000
202602161424,   1.712,9999.000,9999.000,9999.000,9999.000,9999.000,9999.000,9999.000,9999.000
202602161430,   1.705,9999.000,9999.000,9999.000,9999.000,9999.000,9999.000,9999.000,9999.000
202602161436,   1.695,9999.000,9999.000,9999.000,9999.000,9999.000,9999.000,9999.000,9999.000
202602161442,   1.682,9999.000,9999.000,9999.000,9999.000,9999.000,9999.000,9999.000,9999.000
202602161448,   1.666,9999.000,9999.000,9999.000,9999.000,9999.000,9999.000,9999.000,9999.000
202602161454,   1.648,9999.000,9999.000,9999.000,9999.000,9999.000,9999.000,9999.000,9999.000
202602161500,   1.627,9999.000,   1.100,   0.404,   3.131,   0.800,   2.831,   1.300,   3.331
202602161506,   1.604,9999.000,9999.000,9999.000,9999.000,9999.000,9999.000,9999.000,9999.000
202602161512,   1.579,9999.000,9999.000,9999.000,9999.000,9999.000,9999.000,9999.000,9999.000
202602161518,   1.553,9999.000,9999.000,9999.000,9999.000,9999.000,9999.000,9999.000,9999.000
202602161524,   1.525,9999.000,9999.000,9999.000,9999.000,9999.000,9999.000,9999.000,9999.000
202602161530,   1.496,9999.000,9999.000,9999.000,9999.000,9999.000,9999.000,9999.000,9999.000
202602161536,   1.467,9999.000,9999.000,9999.000,9999.000,9999.000,9999.000,9999.000,9999.000
202602161542,   1.436,9999.000,9999.000,9999.000,9999.000,9999.000,9999.000,9999.000,9999.000
202602161548,   1.405,9999.000,9999.000,9999.000,9999.000,9999.000,9999.000,9999.000,9999.000
202602161554,   1.373,9999.000,9999.000,9999.000,9999.000,9999.000,9999.000,9999.000,9999.000
202602161600,   1.342,9999.000,   1.100,   0.404,   2.846,   0.800,   2.546,   1.400,   3.146
202602161606,   1.310,9999.000,9999.000,9999.000,9999.000,9999.000,9999.000,9999.000,9999.000
202602161612,   1.278,9999.000,9999.000,9999.000,9999.000,9999.000,9999.000,9999.000,9999.000
202602161618,   1.247,9999.000,9999.000,9999.000,9999.000,9999.000,9999.000,9999.000,9999.000
202602161624,   1.215,9999.000,9999.000,9999.000,9999.000,9999.000,9999.000,9999.000,9999.000
202602161630,   1.184,9999.000,9999.000,9999.000,9999.000,9999.000,9999.000,9999.000,9999.000
202602161636,   1.153,9999.000,9999.000,9999.000,9999.000,9999.000,9999.000,9999.000,9999.000
202602161642,   1.123,9999.000,9999.000,9999.000,9999.000,9999.000,9999.000,9999.000,9999.000
202602161648,   1.093,9999.000,9999.000,9999.000,9999.000,9999.000,9999.000,9999.000,9999.000
202602161654,   1.063,9999.000,9999.000,9999.000,9999.000,9999.000,9999.000,9999.000,9999.000
202602161700,   1.034,9999.000,   1.100,   0.404,   2.538,   0.800,   2.238,   1.400,   2.838
202602161706,   1.005,9999.000,9999.000,9999.000,9999.000,9999.000,9999.000,9999.000,9999.000
202602161712,   0.976,9999.000,9999.000,9999.000,9999.000,9999.000,9999.000,9999.000,9999.000
202602161718,   0.947,9999.000,9999.000,9999.000,9999.000,9999.000,9999.000,9999.000,9999.000
202602161724,   0.919,9999.000,9999.000,9999.000,9999.000,9999.000,9999.000,9999.000,9999.000
202602161730,   0.892,9999.000,9999.000,9999.000,9999.000,9999.000,9999.000,9999.000,9999.000
202602161736,   0.864,9999.000,9999.000,9999.000,9999.000,9999.000,9999.000,9999.000,9999.000
202602161742,   0.837,9999.000,9999.000,9999.000,9999.000,9999.000,9999.000,9999.000,9999.000
202602161748,   0.810,9999.000,9999.000,9999.000,9999.000,9999.000,9999.000,9999.000,9999.000
202602161754,   0.783,9999.000,9999.000,9999.000,9999.000,9999.000,9999.000,9999.000,9999.000
202602161800,   0.757,9999.000,   1.000,   0.404,   2.161,   0.800,   1.961,   1.300,   2.461
202602161806,   0.731,9999.000,9999.000,9999.000,9999.000,9999.000,9999.000,9999.000,9999.000
202602161812,   0.706,9999.000,9999.000,9999.000,9999.000,9999.000,9999.000,9999.000,9999.000
202602161818,   0.681,9999.000,9999.000,9999.000,9999.000,9999.000,9999.000,9999.000,9999.000
202602161824,   0.656,9999.000,9999.000,9999.000,9999.000,9999.000,9999.000,9999.000,9999.000
202602161830,   0.631,9999.000,9999.000,9999.000,9999.000,9999.000,9999.000,9999.000,9999.000
202602161836,   0.607,9999.000,9999.000,9999.000,9999.000,9999.000,9999.000,9999.000,9999.000
202602161842,   0.584,9999.000,9999.000,9999.000,9999.000,9999.000,9999.000,9999.000,9999.000
202602161848,   0.560,9999.000,9999.000,9999.000,9999.000,9999.000,9999.000,9999.000,9999.000
202602161854,   0.538,9999.000,9999.000,9999.000,9999.000,9999.000,9999.000,9999.000,9999.000
202602161900,   0.515,9999.000,   1.000,   0.404,   1.919,   0.800,   1.719,   1.300,   2.219
202602161906,   0.493,9999.000,9999.000,9999.000,9999.000,9999.000,9999.000,9999.000,9999.000
202602161912,   0.471,9999.000,9999.000,9999.000,9999.000,9999.000,9999.000,9999.000,9999.000
202602161918,   0.449,9999.000,9999.000,9999.000,9999.000,9999.000,9999.000,9999.000,9999.000
202602161924,   0.428,9999.000,9999.000,9999.000,9999.000,9999.000,9999.000,9999.000,9999.000
202602161930,   0.407,9999.000,9999.000,9999.000,9999.000,9999.000,9999.000,9999.000,9999.000
202602161936,   0.387,9999.000,9999.000,9999.000,9999.000,9999.000,9999.000,9999.000,9999.000
202602161942,   0.367,9999.000,9999.000,9999.000,9999.000,9999.000,9999.000,9999.000,9999.000
202602161948,   0.347,9999.000,9999.000,9999.000,9999.000,9999.000,9999.000,9999.000,9999.000
202602161954,   0.328,9999.000,9999.000,9999.000,9999.000,9999.000,9999.000,9999.000,9999.000
202602162000,   0.309,9999.000,   1.000,   0.404,   1.713,   0.800,   1.513,   1.300,   2.013
202602162006,   0.290,9999.000,9999.000,9999.000,9999.000,9999.000,9999.000,9999.000,9999.000
202602162012,   0.273,9999.000,9999.000,9999.000,9999.000,9999.000,9999.000,9999.000,9999.000
202602162018,   0.255,9999.000,9999.000,9999.000,9999.000,9999.000,9999.000,9999.000,9999.000
202602162024,   0.239,9999.000,9999.000,9999.000,9999.000,9999.000,9999.000,9999.000,9999.000
202602162030,   0.224,9999.000,9999.000,9999.000,9999.000,9999.000,9999.000,9999.000,9999.000
202602162036,   0.209,9999.000,9999.000,9999.000,9999.000,9999.000,9999.000,9999.000,9999.000
202602162042,   0.196,9999.000,9999.000,9999.000,9999.000,9999.000,9999.000,9999.000,9999.000
202602162048,   0.184,9999.000,9999.000,9999.000,9999.000,9999.000,9999.000,9999.000,9999.000
202602162054,   0.173,9999.000,9999.000,9999.000,9999.000,9999.000,9999.000,9999.000,9999.000
202602162100,   0.164,9999.000,   1.000,   0.404,   1.568,   0.800,   1.368,   1.300,   1.868
202602162106,   0.157,9999.000,9999.000,9999.000,9999.000,9999.000,9999.000,9999.000,9999.000
202602162112,   0.152,9999.000,9999.000,9999.000,9999.000,9999.000,9999.000,9999.000,9999.000
202602162118,   0.148,9999.000,9999.000,9999.000,9999.000,9999.000,9999.000,9999.000,9999.000
202602162124,   0.147,9999.000,9999.000,9999.000,9999.000,9999.000,9999.000,9999.000,9999.000
202602162130,   0.147,9999.000,9999.000,9999.000,9999.000,9999.000,9999.000,9999.000,9999.000
202602162136,   0.150,9999.000,9999.000,9999.000,9999.000,9999.000,9999.000,9999.000,9999.000
202602162142,   0.155,9999.000,9999.000,9999.000,9999.000,9999.000,9999.000,9999.000,9999.000
202602162148,   0.162,9999.000,9999.000,9999.000,9999.000,9999.000,9999.000,9999.000,9999.000
202602162154,   0.172,9999.000,9999.000,9999.000,9999.000,9999.000,9999.000,9999.000,9999.000
202602162200,   0.184,9999.000,   1.000,   0.404,   1.588,   0.800,   1.388,   1.300,   1.888
202602162206,   0.198,9999.000,9999.000,9999.000,9999.000,9999.000,9999.000,9999.000,9999.000
202602162212,   0.214,9999.000,9999.000,9999.000,9999.000,9999.000,9999.000,9999.000,9999.000
202602162218,   0.232,9999.000,9999.000,9999.000,9999.000,9999.000,9999.000,9999.000,9999.000
202602162224,   0.253,9999.000,9999.000,9999.000,9999.000,9999.000,9999.000,9999.000,9999.000
202602162230,   0.275,9999.000,9999.000,9999.000,9999.000,9999.000,9999.000,9999.000,9999.000
202602162236,   0.299,9999.000,9999.000,9999.000,9999.000,9999.000,9999.000,9999.000,9999.000
202602162242,   0.324,9999.000,9999.000,9999.000,9999.000,9999.000,9999.000,9999.000,9999.000
202602162248,   0.351,9999.000,9999.000,9999.000,9999.000,9999.000,9999.000,9999.000,9999.000
202602162254,   0.380,9999.000,9999.000,9999.000,9999.000,9999.000,9999.000,9999.000,9999.000
202602162300,   0.410,9999.000,   1.000,   0.404,   1.814,   0.800,   1.614,   1.300,   2.114
202602162306,   0.441,9999.000,9999.000,9999.000,9999.000,9999.000,9999.000,9999.000,9999.000
202602162312,   0.473,9999.000,9999.000,9999.000,9999.000,9999.000,9999.000,9999.000,9999.000
202602162318,   0.506,9999.000,9999.000,9999.000,9999.000,9999.000,9999.000,9999.000,9999.000
202602162324,   0.540,9999.000,9999.000,9999.000,9999.000,9999.000,9999.000,9999.000,9999.000
202602162330,   0.574,9999.000,9999.000,9999.000,9999.000,9999.000,9999.000,9999.000,9999.000
202602162336,   0.610,9999.000,9999.000,9999.000,9999.000,9999.000,9999.000,9999.000,9999.000
202602162342,   0.646,9999.000,9999.000,9999.000,9999.000,9999.000,9999.000,9999.000,9999.000
202602162348,   0.682,9999.000,9999.000,9999.000,9999.000,9999.000,9999.000,9999.000,9999.000
202602162354,   0.720,9999.000,9999.000,9999.000,9999.000,9999.000,9999.000,9999.000,9999.000
202602170000,   0.757,9999.000,   1.000,   0.404,   2.161,   0.800,   1.961,   1.200,   2.361
202602170006,   0.795,9999.000,9999.000,9999.000,9999.000,9999.000,9999.000,9999.000,9999.000
202602170012,   0.834,9999.000,9999.000,9999.000,9999.000,9999.000,9999.000,9999.000,9999.000
202602170018,   0.872,9999.000,9999.000,9999.000,9999.000,9999.000,9999.000,9999.000,9999.000
202602170024,   0.911,9999.000,9999.000,9999.000,9999.000,9999.000,9999.000,9999.000,9999.000
202602170030,   0.950,9999.000,9999.000,9999.000,9999.000,9999.000,9999.000,9999.000,9999.000
202602170036,   0.990,9999.000,9999.000,9999.000,9999.000,9999.000,9999.000,9999.000,9999.000
202602170042,   1.029,9999.000,9999.000,9999.000,9999.000,9999.000,9999.000,9999.000,9999.000
202602170048,   1.068,9999.000,9999.000,9999.000,9999.000,9999.000,9999.000,9999.000,9999.000
202602170054,   1.106,9999.000,9999.000,9999.000,9999.000,9999.000,9999.000,9999.000,9999.000
202602170100,   1.144,9999.000,   1.000,   0.404,   2.548,   0.700,   2.248,   1.200,   2.748
202602170106,   1.182,9999.000,9999.000,9999.000,9999.000,9999.000,9999.000,9999.000,9999.000
202602170112,   1.218,9999.000,9999.000,9999.000,9999.000,9999.000,9999.000,9999.000,9999.000
202602170118,   1.254,9999.000,9999.000,9999.000,9999.000,9999.000,9999.000,9999.000,9999.000
202602170124,   1.288,9999.000,9999.000,9999.000,9999.000,9999.000,9999.000,9999.000,9999.000
202602170130,   1.320,9999.000,9999.000,9999.000,9999.000,9999.000,9999.000,9999.000,9999.000
202602170136,   1.351,9999.000,9999.000,9999.000,9999.000,9999.000,9999.000,9999.000,9999.000
202602170142,   1.380,9999.000,9999.000,9999.000,9999.000,9999.000,9999.000,9999.000,9999.000
202602170148,   1.406,9999.000,9999.000,9999.000,9999.000,9999.000,9999.000,9999.000,9999.000
202602170154,   1.430,9999.000,9999.000,9999.000,9999.000,9999.000,9999.000,9999.000,9999.000
202602170200,   1.451,9999.000,   0.900,   0.404,   2.755,   0.700,   2.555,   1.200,   3.055
202602170206,   1.470,9999.000,9999.000,9999.000,9999.000,9999.000,9999.000,9999.000,9999.000
202602170212,   1.485,9999.000,9999.000,9999.000,9999.000,9999.000,9999.000,9999.000,9999.000
202602170218,   1.497,9999.000,9999.000,9999.000,9999.000,9999.000,9999.000,9999.000,9999.000
202602170224,   1.506,9999.000,9999.000,9999.000,9999.000,9999.000,9999.000,9999.000,9999.000
202602170230,   1.512,9999.000,9999.000,9999.000,9999.000,9999.000,9999.000,9999.000,9999.000
202602170236,   1.515,9999.000,9999.000,9999.000,9999.000,9999.000,9999.000,9999.000,9999.000
202602170242,   1.514,9999.000,9999.000,9999.000,9999.000,9999.000,9999.000,9999.000,9999.000
202602170248,   1.509,9999.000,9999.000,9999.000,9999.000,9999.000,9999.000,9999.000,9999.000
202602170254,   1.502,9999.000,9999.000,9999.000,9999.000,9999.000,9999.000,9999.000,9999.000
202602170300,   1.491,9999.000,   0.900,   0.404,   2.795,   0.700,   2.595,   1.100,   2.995
202602170306,   1.478,9999.000,9999.000,9999.000,9999.000,9999.000,9999.000,9999.000,9999.000
202602170312,   1.462,9999.000,9999.000,9999.000,9999.000,9999.000,9999.000,9999.000,9999.000
202602170318,   1.443,9999.000,9999.000,9999.000,9999.000,9999.000,9999.000,9999.000,9999.000
202602170324,   1.422,9999.000,9999.000,9999.000,9999.000,9999.000,9999.000,9999.000,9999.000
202602170330,   1.398,9999.000,9999.000,9999.000,9999.000,9999.000,9999.000,9999.000,9999.000
202602170336,   1.373,9999.000,9999.000,9999.000,9999.000,9999.000,9999.000,9999.000,9999.000
202602170342,   1.346,9999.000,9999.000,9999.000,9999.000,9999.000,9999.000,9999.000,9999.000
202602170348,   1.318,9999.000,9999.000,9999.000,9999.000,9999.000,9999.000,9999.000,9999.000
202602170354,   1.289,9999.000,9999.000,9999.000,9999.000,9999.000,9999.000,9999.000,9999.000
202602170400,   1.258,9999.000,   0.900,   0.404,   2.562,   0.700,   2.362,   1.100,   2.762
202602170406,   1.227,9999.000,9999.000,9999.000,9999.000,9999.000,9999.000,9999.000,9999.000
202602170412,   1.196,9999.000,9999.000,9999.000,9999.000,9999.000,9999.000,9999.000,9999.000
202602170418,   1.164,9999.000,9999.000,9999.000,9999.000,9999.000,9999.000,9999.000,9999.000
202602170424,   1.132,9999.000,9999.000,9999.000,9999.000,9999.000,9999.000,9999.000,9999.000
202602170430,   1.100,9999.000,9999.000,9999.000,9999.000,9999.000,9999.000,9999.000,9999.000
202602170436,   1.068,9999.000,9999.000,9999.000,9999.000,9999.000,9999.000,9999.000,9999.000
202602170442,   1.036,9999.000,9999.000,9999.000,9999.000,9999.000,9999.000,9999.000,9999.000
202602170448,   1.005,9999.000,9999.000,9999.000,9999.000,9999.000,9999.000,9999.000,9999.000
202602170454,   0.974,9999.000,9999.000,9999.000,9999.000,9999.000,9999.000,9999.000,9999.000
202602170500,   0.943,9999.000,   0.900,   0.404,   2.247,   0.700,   2.047,   1.100,   2.447
202602170506,   0.913,9999.000,9999.000,9999.000,9999.000,9999.000,9999.000,9999.000,9999.000
202602170512,   0.883,9999.000,9999.000,9999.000,9999.000,9999.000,9999.000,9999.000,9999.000
202602170518,   0.853,9999.000,9999.000,9999.000,9999.000,9999.000,9999.000,9999.000,9999.000
202602170524,   0.824,9999.000,9999.000,9999.000,9999.000,9999.000,9999.000,9999.000,9999.000
202602170530,   0.796,9999.000,9999.000,9999.000,9999.000,9999.000,9999.000,9999.000,9999.000
202602170536,   0.768,9999.000,9999.000,9999.000,9999.000,9999.000,9999.000,9999.000,9999.000
202602170542,   0.740,9999.000,9999.000,9999.000,9999.000,9999.000,9999.000,9999.000,9999.000
202602170548,   0.713,9999.000,9999.000,9999.000,9999.000,9999.000,9999.000,9999.000,9999.000
202602170554,   0.686,9999.000,9999.000,9999.000,9999.000,9999.000,9999.000,9999.000,9999.000
202602170600,   0.659,9999.000,   0.900,   0.404,   1.963,   0.700,   1.763,   1.100,   2.163
202602170606,   0.633,9999.000,9999.000,9999.000,9999.000,9999.000,9999.000,9999.000,9999.000
202602170612,   0.607,9999.000,9999.000,9999.000,9999.000,9999.000,9999.000,9999.000,9999.000
202602170618,   0.582,9999.000,9999.000,9999.000,9999.000,9999.000,9999.000,9999.000,9999.000
202602170624,   0.557,9999.000,9999.000,9999.000,9999.000,9999.000,9999.000,9999.000,9999.000
202602170630,   0.533,9999.000,9999.000,9999.000,9999.000,9999.000,9999.000,9999.000,9999.000
202602170636,   0.509,9999.000,9999.000,9999.000,9999.000,9999.000,9999.000,9999.000,9999.000
202602170642,   0.485,9999.000,9999.000,9999.000,9999.000,9999.000,9999.000,9999.000,9999.000
202602170648,   0.462,9999.000,9999.000,9999.000,9999.000,9999.000,9999.000,9999.000,9999.000
202602170654,   0.440,9999.000,9999.000,9999.000,9999.000,9999.000,9999.000,9999.000,9999.000
202602170700,   0.418,9999.000,   0.900,   0.404,   1.722,   0.700,   1.522,   1.000,   1.822
202602170706,   0.396,9999.000,9999.000,9999.000,9999.000,9999.000,9999.000,9999.000,9999.000
202602170712,   0.375,9999.000,9999.000,9999.000,9999.000,9999.000,9999.000,9999.000,9999.000
202602170718,   0.354,9999.000,9999.000,9999.000,9999.000,9999.000,9999.000,9999.000,9999.000
202602170724,   0.334,9999.000,9999.000,9999.000,9999.000,9999.000,9999.000,9999.000,9999.000
202602170730,   0.315,9999.000,9999.000,9999.000,9999.000,9999.000,9999.000,9999.000,9999.000
202602170736,   0.295,9999.000,9999.000,9999.000,9999.000,9999.000,9999.000,9999.000,9999.000
202602170742,   0.277,9999.000,9999.000,9999.000,9999.000,9999.000,9999.000,9999.000,9999.000
202602170748,   0.258,9999.000,9999.000,9999.000,9999.000,9999.000,9999.000,9999.000,9999.000
202602170754,   0.241,9999.000,9999.000,9999.000,9999.000,9999.000,9999.000,9999.000,9999.000
202602170800,   0.223,9999.000,   0.900,   0.404,   1.527,   0.700,   1.327,   1.000,   1.627
202602170806,   0.207,9999.000,9999.000,9999.000,9999.000,9999.000,9999.000,9999.000,9999.000
202602170812,   0.190,9999.000,9999.000,9999.000,9999.000,9999.000,9999.000,9999.000,9999.000
202602170818,   0.175,9999.000,9999.000,9999.000,9999.000,9999.000,9999.000,9999.000,9999.000
202602170824,   0.160,9999.000,9999.000,9999.000,9999.000,9999.000,9999.000,9999.000,9999.000
202602170830,   0.145,9999.000,9999.000,9999.000,9999.000,9999.000,9999.000,9999.000,9999.000
202602170836,   0.132,9999.000,9999.000,9999.000,9999.000,9999.000,9999.000,9999.000,9999.000
202602170842,   0.119,9999.000,9999.000,9999.000,9999.000,9999.000,9999.000,9999.000,9999.000
202602170848,   0.107,9999.000,9999.000,9999.000,9999.000,9999.000,9999.000,9999.000,9999.000
202602170854,   0.096,9999.000,9999.000,9999.000,9999.000,9999.000,9999.000,9999.000,9999.000
202602170900,   0.087,9999.000,   0.900,   0.404,   1.391,   0.700,   1.191,   1.000,   1.491
202602170906,   0.078,9999.000,9999.000,9999.000,9999.000,9999.000,9999.000,9999.000,9999.000
202602170912,   0.071,9999.000,9999.000,9999.000,9999.000,9999.000,9999.000,9999.000,9999.000
202602170918,   0.066,9999.000,9999.000,9999.000,9999.000,9999.000,9999.000,9999.000,9999.000
202602170924,   0.063,9999.000,9999.000,9999.000,9999.000,9999.000,9999.000,9999.000,9999.000
202602170930,   0.061,9999.000,9999.000,9999.000,9999.000,9999.000,9999.000,9999.000,9999.000
202602170936,   0.062,9999.000,9999.000,9999.000,9999.000,9999.000,9999.000,9999.000,9999.000
202602170942,   0.064,9999.000,9999.000,9999.000,9999.000,9999.000,9999.000,9999.000,9999.000
202602170948,   0.069,9999.000,9999.000,9999.000,9999.000,9999.000,9999.000,9999.000,9999.000
202602170954,   0.076,9999.000,9999.000,9999.000,9999.000,9999.000,9999.000,9999.000,9999.000
202602171000,   0.086,9999.000,   0.800,   0.404,   1.290,   0.600,   1.090,   1.000,   1.490
202602171006,   0.097,9999.000,9999.000,9999.000,9999.000,9999.000,9999.000,9999.000,9999.000
202602171012,   0.112,9999.000,9999.000,9999.000,9999.000,9999.000,9999.000,9999.000,9999.000
202602171018,   0.129,9999.000,9999.000,9999.000,9999.000,9999.000,9999.000,9999.000,9999.000
202602171024,   0.148,9999.000,9999.000,9999.000,9999.000,9999.000,9999.000,9999.000,9999.000
202602171030,   0.169,9999.000,9999.000,9999.000,9999.000,9999.000,9999.000,9999.000,9999.000
202602171036,   0.193,9999.000,9999.000,9999.000,9999.000,9999.000,9999.000,9999.000,9999.000
202602171042,   0.219,9999.000,9999.000,9999.000,9999.000,9999.000,9999.000,9999.000,9999.000
202602171048,   0.248,9999.000,9999.000,9999.000,9999.000,9999.000,9999.000,9999.000,9999.000
202602171054,   0.278,9999.000,9999.000,9999.000,9999.000,9999.000,9999.000,9999.000,9999.000
202602171100,   0.310,9999.000,   0.800,   0.404,   1.514,   0.600,   1.314,   1.000,   1.714
202602171106,   0.344,9999.000,9999.000,9999.000,9999.000,9999.000,9999.000,9999.000,9999.000
202602171112,   0.380,9999.000,9999.000,9999.000,9999.000,9999.000,9999.000,9999.000,9999.000
202602171118,   0.417,9999.000,9999.000,9999.000,9999.000,9999.000,9999.000,9999.000,9999.000
202602171124,   0.455,9999.000,9999.000,9999.000,9999.000,9999.000,9999.000,9999.000,9999.000
202602171130,   0.495,9999.000,9999.000,9999.000,9999.000,9999.000,9999.000,9999.000,9999.000
202602171136,   0.536,9999.000,9999.000,9999.000,9999.000,9999.000,9999.000,9999.000,9999.000
202602171142,   0.577,9999.000,9999.000,9999.000,9999.000,9999.000,9999.000,9999.000,9999.000
202602171148,   0.620,9999.000,9999.000,9999.000,9999.000,9999.000,9999.000,9999.000,9999.000
202602171154,   0.663,9999.000,9999.000,9999.000,9999.000,9999.000,9999.000,9999.000,9999.000
202602171200,   0.706,9999.000,   0.800,   0.404,   1.910,   0.600,   1.710,   1.000,   2.110
202602171206,   0.751,9999.000,9999.000,9999.000,9999.000,9999.000,9999.000,9999.000,9999.000
202602171212,   0.795,9999.000,9999.000,9999.000,9999.000,9999.000,9999.000,9999.000,9999.000
202602171218,   0.840,9999.000,9999.000,9999.000,9999.000,9999.000,9999.000,9999.000,9999.000
202602171224,   0.886,9999.000,9999.000,9999.000,9999.000,9999.000,9999.000,9999.000,9999.000
202602171230,   0.931,9999.000,9999.000,9999.000,9999.000,9999.000,9999.000,9999.000,9999.000
202602171236,   0.977,9999.000,9999.000,9999.000,9999.000,9999.000,9999.000,9999.000,9999.000
202602171242,   1.022,9999.000,9999.000,9999.000,9999.000,9999.000,9999.000,9999.000,9999.000
202602171248,   1.068,9999.000,9999.000,9999.000,9999.000,9999.000,9999.000,9999.000,9999.000
202602171254,   1.114,9999.000,9999.000,9999.000,9999.000,9999.000,9999.000,9999.000,9999.000
202602171300,   1.159,9999.000,   0.800,   0.404,   2.363,   0.600,   2.163,   1.000,   2.563
202602171306,   1.204,9999.000,9999.000,9999.000,9999.000,9999.000,9999.000,9999.000,9999.000
202602171312,   1.249,9999.000,9999.000,9999.000,9999.000,9999.000,9999.000,9999.000,9999.000
202602171318,   1.293,9999.000,9999.000,9999.000,9999.000,9999.000,9999.000,9999.000,9999.000
202602171324,   1.336,9999.000,9999.000,9999.000,9999.000,9999.000,9999.000,9999.000,9999.000
202602171330,   1.378,9999.000,9999.000,9999.000,9999.000,9999.000,9999.000,9999.000,9999.000
202602171336,   1.419,9999.000,9999.000,9999.000,9999.000,9999.000,9999.000,9999.000,9999.000
202602171342,   1.458,9999.000,9999.000,9999.000,9999.000,9999.000,9999.000,9999.000,9999.000
202602171348,   1.496,9999.000,9999.000,9999.000,9999.000,9999.000,9999.000,9999.000,9999.000
202602171354,   1.532,9999.000,9999.000,9999.000,9999.000,9999.000,9999.000,9999.000,9999.000
202602171400,   1.566,9999.000,   0.800,   0.404,   2.770,   0.600,   2.570,   0.900,   2.870
202602171406,   1.598,9999.000,9999.000,9999.000,9999.000,9999.000,9999.000,9999.000,9999.000
202602171412,   1.626,9999.000,9999.000,9999.000,9999.000,9999.000,9999.000,9999.000,9999.000
202602171418,   1.653,9999.000,9999.000,9999.000,9999.000,9999.000,9999.000,9999.000,9999.000
202602171424,   1.676,9999.000,9999.000,9999.000,9999.000,9999.000,9999.000,9999.000,9999.000
202602171430,   1.696,9999.000,9999.000,9999.000,9999.000,9999.000,9999.000,9999.000,9999.000
202602171436,   1.713,9999.000,9999.000,9999.000,9999.000,9999.000,9999.000,9999.000,9999.000
202602171442,   1.726,9999.000,9999.000,9999.000,9999.000,9999.000,9999.000,9999.000,9999.000
202602171448,   1.736,9999.000,9999.000,9999.000,9999.000,9999.000,9999.000,9999.000,9999.000
202602171454,   1.742,9999.000,9999.000,9999.000,9999.000,9999.000,9999.000,9999.000,9999.000
202602171500,   1.745,9999.000,   0.700,   0.404,   2.849,   0.600,   2.749,   0.900,   3.049
202602171506,   1.744,9999.000,9999.000,9999.000,9999.000,9999.000,9999.000,9999.000,9999.000
202602171512,   1.739,9999.000,9999.000,9999.000,9999.000,9999.000,9999.000,9999.000,9999.000
202602171518,   1.731,9999.000,9999.000,9999.000,9999.000,9999.000,9999.000,9999.000,9999.000
202602171524,   1.720,9999.000,9999.000,9999.000,9999.000,9999.000,9999.000,9999.000,9999.000
202602171530,   1.706,9999.000,9999.000,9999.000,9999.000,9999.000,9999.000,9999.000,9999.000
202602171536,   1.689,9999.000,9999.000,9999.000,9999.000,9999.000,9999.000,9999.000,9999.000
202602171542,   1.669,9999.000,9999.000,9999.000,9999.000,9999.000,9999.000,9999.000,9999.000
202602171548,   1.646,9999.000,9999.000,9999.000,9999.000,9999.000,9999.000,9999.000,9999.000
202602171554,   1.622,9999.000,9999.000,9999.000,9999.000,9999.000,9999.000,9999.000,9999.000
202602171600,   1.595,9999.000,   0.700,   0.404,   2.699,   0.500,   2.499,   0.900,   2.899
202602171606,   1.566,9999.000,9999.000,9999.000,9999.000,9999.000,9999.000,9999.000,9999.000
202602171612,   1.536,9999.000,9999.000,9999.000,9999.000,9999.000,9999.000,9999.000,9999.000
202602171618,   1.505,9999.000,9999.000,9999.000,9999.000,9999.000,9999.000,9999.000,9999.000
202602171624,   1.473,9999.000,9999.000,9999.000,9999.000,9999.000,9999.000,9999.000,9999.000
202602171630,   1.440,9999.000,9999.000,9999.000,9999.000,9999.000,9999.000,9999.000,9999.000
202602171636,   1.407,9999.000,9999.000,9999.000,9999.000,9999.000,9999.000,9999.000,9999.000
202602171642,   1.373,9999.000,9999.000,9999.000,9999.000,9999.000,9999.000,9999.000,9999.000
202602171648,   1.339,9999.000,9999.000,9999.000,9999.000,9999.000,9999.000,9999.000,9999.000
202602171654,   1.305,9999.000,9999.000,9999.000,9999.000,9999.000,9999.000,9999.000,9999.000
202602171700,   1.271,9999.000,   0.700,   0.404,   2.375,   0.500,   2.175,   0.900,   2.575
202602171706,   1.238,9999.000,9999.000,9999.000,9999.000,9999.000,9999.000,9999.000,9999.000
202602171712,   1.205,9999.000,9999.000,9999.000,9999.000,9999.000,9999.000,9999.000,9999.000
202602171718,   1.172,9999.000,9999.000,9999.000,9999.000,9999.000,9999.000,9999.000,9999.000
202602171724,   1.140,9999.000,9999.000,9999.000,9999.000,9999.000,9999.000,9999.000,9999.000
202602171730,   1.108,9999.000,9999.000,9999.000,9999.000,9999.000,9999.000,9999.000,9999.000
202602171736,   1.077,9999.000,9999.000,9999.000,9999.000,9999.000,9999.000,9999.000,9999.000
202602171742,   1.046,9999.000,9999.000,9999.000,9999.000,9999.000,9999.000,9999.000,9999.000
202602171748,   1.015,9999.000,9999.000,9999.000,9999.000,9999.000,9999.000,9999.000,9999.000
202602171754,   0.986,9999.000,9999.000,9999.000,9999.000,9999.000,9999.000,9999.000,9999.000
202602171800,   0.956,9999.000,   0.700,   0.404,   2.060,   0.500,   1.860,   0.800,   2.160
202602171806,   0.927,9999.000,9999.000,9999.000,9999.000,9999.000,9999.000,9999.000,9999.000
202602171812,   0.899,9999.000,9999.000,9999.000,9999.000,9999.000,9999.000,9999.000,9999.000
202602171818,   0.871,9999.000,9999.000,9999.000,9999.000,9999.000,9999.000,9999.000,9999.000
202602171824,   0.843,9999.000,9999.000,9999.000,9999.000,9999.000,9999.000,9999.000,9999.000
202602171830,   0.816,9999.000,9999.000,9999.000,9999.000,9999.000,9999.000,9999.000,9999.000
202602171836,   0.789,9999.000,9999.000,9999.000,9999.000,9999.000,9999.000,9999.000,9999.000
202602171842,   0.762,9999.000,9999.000,9999.000,9999.000,9999.000,9999.000,9999.000,9999.000
202602171848,   0.736,9999.000,9999.000,9999.000,9999.000,9999.000,9999.000,9999.000,9999.000
202602171854,   0.710,9999.000,9999.000,9999.000,9999.000,9999.000,9999.000,9999.000,9999.000
202602171900,   0.684,9999.000,   0.700,   0.404,   1.788,   0.500,   1.588,   0.900,   1.988
202602171906,   0.659,9999.000,9999.000,9999.000,9999.000,9999.000,9999.000,9999.000,9999.000
202602171912,   0.634,9999.000,9999.000,9999.000,9999.000,9999.000,9999.000,9999.000,9999.000
202602171918,   0.610,9999.000,9999.000,9999.000,9999.000,9999.000,9999.000,9999.000,9999.000
202602171924,   0.586,9999.000,9999.000,9999.000,9999.000,9999.000,9999.000,9999.000,9999.000
202602171930,   0.562,9999.000,9999.000,9999.000,9999.000,9999.000,9999.000,9999.000,9999.000
202602171936,   0.538,9999.000,9999.000,9999.000,9999.000,9999.000,9999.000,9999.000,9999.000
202602171942,   0.515,9999.000,9999.000,9999.000,9999.000,9999.000,9999.000,9999.000,9999.000
202602171948,   0.492,9999.000,9999.000,9999.000,9999.000,9999.000,9999.000,9999.000,9999.000
202602171954,   0.470,9999.000,9999.000,9999.000,9999.000,9999.000,9999.000,9999.000,9999.000
202602172000,   0.447,9999.000,   0.700,   0.404,   1.551,   0.500,   1.351,   0.800,   1.651
202602172006,   0.425,9999.000,9999.000,9999.000,9999.000,9999.000,9999.000,9999.000,9999.000
202602172012,   0.403,9999.000,9999.000,9999.000,9999.000,9999.000,9999.000,9999.000,9999.000
202602172018,   0.382,9999.000,9999.000,9999.000,9999.000,9999.000,9999.000,9999.000,9999.000
202602172024,   0.361,9999.000,9999.000,9999.000,9999.000,9999.000,9999.000,9999.000,9999.000
202602172030,   0.340,9999.000,9999.000,9999.000,9999.000,9999.000,9999.000,9999.000,9999.000
202602172036,   0.319,9999.000,9999.000,9999.000,9999.000,9999.000,9999.000,9999.000,9999.000
202602172042,   0.299,9999.000,9999.000,9999.000,9999.000,9999.000,9999.000,9999.000,9999.000
202602172048,   0.279,9999.000,9999.000,9999.000,9999.000,9999.000,9999.000,9999.000,9999.000
202602172054,   0.259,9999.000,9999.000,9999.000,9999.000,9999.000,9999.000,9999.000,9999.000
202602172100,   0.241,9999.000,   0.700,   0.404,   1.345,   0.500,   1.145,   0.800,   1.445
202602172106,   0.222,9999.000,9999.000,9999.000,9999.000,9999.000,9999.000,9999.000,9999.000
202602172112,   0.205,9999.000,9999.000,9999.000,9999.000,9999.000,9999.000,9999.000,9999.000
202602172118,   0.188,9999.000,9999.000,9999.000,9999.000,9999.000,9999.000,9999.000,9999.000
202602172124,   0.173,9999.000,9999.000,9999.000,9999.000,9999.000,9999.000,9999.000,9999.000
202602172130,   0.159,9999.000,9999.000,9999.000,9999.000,9999.000,9999.000,9999.000,9999.000
202602172136,   0.146,9999.000,9999.000,9999.000,9999.000,9999.000,9999.000,9999.000,9999.000
202602172142,   0.134,9999.000,9999.000,9999.000,9999.000,9999.000,9999.000,9999.000,9999.000
202602172148,   0.124,9999.000,9999.000,9999.000,9999.000,9999.000,9999.000,9999.000,9999.000
202602172154,   0.116,9999.000,9999.000,9999.000,9999.000,9999.000,9999.000,9999.000,9999.000
202602172200,   0.110,9999.000,   0.700,   0.404,   1.214,   0.500,   1.014,   0.800,   1.314
202602172206,   0.106,9999.000,9999.000,9999.000,9999.000,9999.000,9999.000,9999.000,9999.000
202602172212,   0.105,9999.000,9999.000,9999.000,9999.000,9999.000,9999.000,9999.000,9999.000
202602172218,   0.105,9999.000,9999.000,9999.000,9999.000,9999.000,9999.000,9999.000,9999.000
202602172224,   0.108,9999.000,9999.000,9999.000,9999.000,9999.000,9999.000,9999.000,9999.000
202602172230,   0.114,9999.000,9999.000,9999.000,9999.000,9999.000,9999.000,9999.000,9999.000
202602172236,   0.122,9999.000,9999.000,9999.000,9999.000,9999.000,9999.000,9999.000,9999.000
202602172242,   0.132,9999.000,9999.000,9999.000,9999.000,9999.000,9999.000,9999.000,9999.000
202602172248,   0.145,9999.000,9999.000,9999.000,9999.000,9999.000,9999.000,9999.000,9999.000
202602172254,   0.161,9999.000,9999.000,9999.000,9999.000,9999.000,9999.000,9999.000,9999.000
202602172300,   0.179,9999.000,   0.700,   0.404,   1.283,   0.500,   1.083,   0.800,   1.383
202602172306,   0.200,9999.000,9999.000,9999.000,9999.000,9999.000,9999.000,9999.000,9999.000
202602172312,   0.223,9999.000,9999.000,9999.000,9999.000,9999.000,9999.000,9999.000,9999.000
202602172318,   0.248,9999.000,9999.000,9999.000,9999.000,9999.000,9999.000,9999.000,9999.000
202602172324,   0.275,9999.000,9999.000,9999.000,9999.000,9999.000,9999.000,9999.000,9999.000
202602172330,   0.304,9999.000,9999.000,9999.000,9999.000,9999.000,9999.000,9999.000,9999.000
202602172336,   0.336,9999.000,9999.000,9999.000,9999.000,9999.000,9999.000,9999.000,9999.000
202602172342,   0.368,9999.000,9999.000,9999.000,9999.000,9999.000,9999.000,9999.000,9999.000
202602172348,   0.403,9999.000,9999.000,9999.000,9999.000,9999.000,9999.000,9999.000,9999.000
202602172354,   0.439,9999.000,9999.000,9999.000,9999.000,9999.000,9999.000,9999.000,9999.000
202602180000,   0.476,9999.000,   0.700,   0.404,   1.580,   0.500,   1.380,   0.800,   1.680
202602180006,   0.514,9999.000,9999.000,9999.000,9999.000,9999.000,9999.000,9999.000,9999.000
202602180012,   0.554,9999.000,9999.000,9999.000,9999.000,9999.000,9999.000,9999.000,9999.000
202602180018,   0.594,9999.000,9999.000,9999.000,9999.000,9999.000,9999.000,9999.000,9999.000
202602180024,   0.635,9999.000,9999.000,9999.000,9999.000,9999.000,9999.000,9999.000,9999.000
202602180030,   0.677,9999.000,9999.000,9999.000,9999.000,9999.000,9999.000,9999.000,9999.000
202602180036,   0.720,9999.000,9999.000,9999.000,9999.000,9999.000,9999.000,9999.000,9999.000
202602180042,   0.763,9999.000,9999.000,9999.000,9999.000,9999.000,9999.000,9999.000,9999.000
202602180048,   0.807,9999.000,9999.000,9999.000,9999.000,9999.000,9999.000,9999.000,9999.000
202602180054,   0.851,9999.000,9999.000,9999.000,9999.000,9999.000,9999.000,9999.000,9999.000
202602180100,   0.896,9999.000,   0.600,   0.404,   1.900,   0.500,   1.800,   0.800,   2.100
202602180106,   0.940,9999.000,9999.000,9999.000,9999.000,9999.000,9999.000,9999.000,9999.000
202602180112,   0.985,9999.000,9999.000,9999.000,9999.000,9999.000,9999.000,9999.000,9999.000
202602180118,   1.030,9999.000,9999.000,9999.000,9999.000,9999.000,9999.000,9999.000,9999.000
202602180124,   1.075,9999.000,9999.000,9999.000,9999.000,9999.000,9999.000,9999.000,9999.000
202602180130,   1.120,9999.000,9999.000,9999.000,9999.000,9999.000,9999.000,9999.000,9999.000
202602180136,   1.164,9999.000,9999.000,9999.000,9999.000,9999.000,9999.000,9999.000,9999.000
202602180142,   1.208,9999.000,9999.000,9999.000,9999.000,9999.000,9999.000,9999.000,9999.000
202602180148,   1.251,9999.000,9999.000,9999.000,9999.000,9999.000,9999.000,9999.000,9999.000
202602180154,   1.293,9999.000,9999.000,9999.000,9999.000,9999.000,9999.000,9999.000,9999.000
202602180200,   1.334,9999.000,   0.600,   0.404,   2.338,   0.500,   2.238,   0.800,   2.538
202602180206,   1.374,9999.000,9999.000,9999.000,9999.000,9999.000,9999.000,9999.000,9999.000
202602180212,   1.412,9999.000,9999.000,9999.000,9999.000,9999.000,9999.000,9999.000,9999.000
202602180218,   1.448,9999.000,9999.000,9999.000,9999.000,9999.000,9999.000,9999.000,9999.000
202602180224,   1.482,9999.000,9999.000,9999.000,9999.000,9999.000,9999.000,9999.000,9999.000
202602180230,   1.514,9999.000,9999.000,9999.000,9999.000,9999.000,9999.000,9999.000,9999.000
202602180236,   1.544,9999.000,9999.000,9999.000,9999.000,9999.000,9999.000,9999.000,9999.000
202602180242,   1.570,9999.000,9999.000,9999.000,9999.000,9999.000,9999.000,9999.000,9999.000
202602180248,   1.594,9999.000,9999.000,9999.000,9999.000,9999.000,9999.000,9999.000,9999.000
202602180254,   1.614,9999.000,9999.000,9999.000,9999.000,9999.000,9999.000,9999.000,9999.000
202602180300,   1.631,9999.000,   0.600,   0.404,   2.635,   0.400,   2.435,   0.700,   2.735
202602180306,   1.645,9999.000,9999.000,9999.000,9999.000,9999.000,9999.000,9999.000,9999.000
202602180312,   1.655,9999.000,9999.000,9999.000,9999.000,9999.000,9999.000,9999.000,9999.000
202602180318,   1.661,9999.000,9999.000,9999.000,9999.000,9999.000,9999.000,9999.000,9999.000
202602180324,   1.664,9999.000,9999.000,9999.000,9999.000,9999.000,9999.000,9999.000,9999.000
202602180330,   1.663,9999.000,9999.000,9999.000,9999.000,9999.000,9999.000,9999.000,9999.000
202602180336,   1.658,9999.000,9999.000,9999.000,9999.000,9999.000,9999.000,9999.000,9999.000
202602180342,   1.650,9999.000,9999.000,9999.000,9999.000,9999.000,9999.000,9999.000,9999.000
202602180348,   1.639,9999.000,9999.000,9999.000,9999.000,9999.000,9999.000,9999.000,9999.000
202602180354,   1.624,9999.000,9999.000,9999.000,9999.000,9999.000,9999.000,9999.000,9999.000
202602180400,   1.606,9999.000,   0.600,   0.404,   2.610,   0.400,   2.410,   0.700,   2.710
202602180406,   1.586,9999.000,9999.000,9999.000,9999.000,9999.000,9999.000,9999.000,9999.000
202602180412,   1.562,9999.000,9999.000,9999.000,9999.000,9999.000,9999.000,9999.000,9999.000
202602180418,   1.537,9999.000,9999.000,9999.000,9999.000,9999.000,9999.000,9999.000,9999.000
202602180424,   1.509,9999.000,9999.000,9999.000,9999.000,9999.000,9999.000,9999.000,9999.000
202602180430,   1.479,9999.000,9999.000,9999.000,9999.000,9999.000,9999.000,9999.000,9999.000
202602180436,   1.448,9999.000,9999.000,9999.000,9999.000,9999.000,9999.000,9999.000,9999.000
202602180442,   1.415,9999.000,9999.000,9999.000,9999.000,9999.000,9999.000,9999.000,9999.000
202602180448,   1.382,9999.000,9999.000,9999.000,9999.000,9999.000,9999.000,9999.000,9999.000
202602180454,   1.347,9999.000,9999.000,9999.000,9999.000,9999.000,9999.000,9999.000,9999.000
202602180500,   1.312,9999.000,   0.600,   0.404,   2.316,   0.400,   2.116,   0.700,   2.416
202602180506,   1.276,9999.000,9999.000,9999.000,9999.000,9999.000,9999.000,9999.000,9999.000
202602180512,   1.241,9999.000,9999.000,9999.000,9999.000,9999.000,9999.000,9999.000,9999.000
202602180518,   1.205,9999.000,9999.000,9999.000,9999.000,9999.000,9999.000,9999.000,9999.000
202602180524,   1.169,9999.000,9999.000,9999.000,9999.000,9999.000,9999.000,9999.000,9999.000
202602180530,   1.134,9999.000,9999.000,9999.000,9999.000,9999.000,9999.000,9999.000,9999.000
202602180536,   1.099,9999.000,9999.000,9999.000,9999.000,9999.000,9999.000,9999.000,9999.000
202602180542,   1.064,9999.000,9999.000,9999.000,9999.000,9999.000,9999.000,9999.000,9999.000
202602180548,   1.030,9999.000,9999.000,9999.000,9999.000,9999.000,9999.000,9999.000,9999.000
202602180554,   0.996,9999.000,9999.000,9999.000,9999.000,9999.000,9999.000,9999.000,9999.000
202602180600,   0.963,9999.000,   0.600,   0.404,   1.967,   0.400,   1.767,   0.700,   2.067
202602180606,   0.931,9999.000,9999.000,9999.000,9999.000,9999.000,9999.000,9999.000,9999.000
202602180612,   0.899,9999.000,9999.000,9999.000,9999.000,9999.000,9999.000,9999.000,9999.000
202602180618,   0.867,9999.000,9999.000,9999.000,9999.000,9999.000,9999.000,9999.000,9999.000
202602180624,   0.836,9999.000,9999.000,9999.000,9999.000,9999.000,9999.000,9999.000,9999.000
202602180630,   0.806,9999.000,9999.000,9999.000,9999.000,9999.000,9999.000,9999.000,9999.000
202602180636,   0.776,9999.000,9999.000,9999.000,9999.000,9999.000,9999.000,9999.000,9999.000
202602180642,   0.747,9999.000,9999.000,9999.000,9999.000,9999.000,9999.000,9999.000,9999.000
202602180648,   0.718,9999.000,9999.000,9999.000,9999.000,9999.000,9999.000,9999.000,9999.000
202602180654,   0.689,9999.000,9999.000,9999.000,9999.000,9999.000,9999.000,9999.000,9999.000
202602180700,   0.661,9999.000,   0.600,   0.404,   1.665,   0.400,   1.465,   0.700,   1.765
202602180706,   0.634,9999.000,9999.000,9999.000,9999.000,9999.000,9999.000,9999.000,9999.000
202602180712,   0.607,9999.000,9999.000,9999.000,9999.000,9999.000,9999.000,9999.000,9999.000
202602180718,   0.580,9999.000,9999.000,9999.000,9999.000,9999.000,9999.000,9999.000,9999.000
202602180724,   0.554,9999.000,9999.000,9999.000,9999.000,9999.000,9999.000,9999.000,9999.000
202602180730,   0.529,9999.000,9999.000,9999.000,9999.000,9999.000,9999.000,9999.000,9999.000
202602180736,   0.504,9999.000,9999.000,9999.000,9999.000,9999.000,9999.000,9999.000,9999.000
202602180742,   0.479,9999.000,9999.000,9999.000,9999.000,9999.000,9999.000,9999.000,9999.000
202602180748,   0.455,9999.000,9999.000,9999.000,9999.000,9999.000,9999.000,9999.000,9999.000
202602180754,   0.431,9999.000,9999.000,9999.000,9999.000,9999.000,9999.000,9999.000,9999.000
202602180800,   0.408,9999.000,   0.500,   0.404,   1.312,   0.400,   1.212,   0.700,   1.512
202602180806,   0.385,9999.000,9999.000,9999.000,9999.000,9999.000,9999.000,9999.000,9999.000
202602180812,   0.363,9999.000,9999.000,9999.000,9999.000,9999.000,9999.000,9999.000,9999.000
202602180818,   0.341,9999.000,9999.000,9999.000,9999.000,9999.000,9999.000,9999.000,9999.000
202602180824,   0.320,9999.000,9999.000,9999.000,9999.000,9999.000,9999.000,9999.000,9999.000
202602180830,   0.299,9999.000,9999.000,9999.000,9999.000,9999.000,9999.000,9999.000,9999.000
202602180836,   0.279,9999.000,9999.000,9999.000,9999.000,9999.000,9999.000,9999.000,9999.000
202602180842,   0.259,9999.000,9999.000,9999.000,9999.000,9999.000,9999.000,9999.000,9999.000
202602180848,   0.239,9999.000,9999.000,9999.000,9999.000,9999.000,9999.000,9999.000,9999.000
202602180854,   0.220,9999.000,9999.000,9999.000,9999.000,9999.000,9999.000,9999.000,9999.000
202602180900,   0.201,9999.000,   0.500,   0.404,   1.105,   0.400,   1.005,   0.700,   1.305
202602180906,   0.183,9999.000,9999.000,9999.000,9999.000,9999.000,9999.000,9999.000,9999.000
202602180912,   0.166,9999.000,9999.000,9999.000,9999.000,9999.000,9999.000,9999.000,9999.000
202602180918,   0.149,9999.000,9999.000,9999.000,9999.000,9999.000,9999.000,9999.000,9999.000
202602180924,   0.133,9999.000,9999.000,9999.000,9999.000,9999.000,9999.000,9999.000,9999.000
202602180930,   0.117,9999.000,9999.000,9999.000,9999.000,9999.000,9999.000,9999.000,9999.000
202602180936,   0.103,9999.000,9999.000,9999.000,9999.000,9999.000,9999.000,9999.000,9999.000
202602180942,   0.090,9999.000,9999.000,9999.000,9999.000,9999.000,9999.000,9999.000,9999.000
202602180948,   0.077,9999.000,9999.000,9999.000,9999.000,9999.000,9999.000,9999.000,9999.000
202602180954,   0.067,9999.000,9999.000,9999.000,9999.000,9999.000,9999.000,9999.000,9999.000
202602181000,   0.057,9999.000,   0.500,   0.404,   0.961,   0.400,   0.861,   0.700,   1.161
202602181006,   0.050,9999.000,9999.000,9999.000,9999.000,9999.000,9999.000,9999.000,9999.000
202602181012,   0.044,9999.000,9999.000,9999.000,9999.000,9999.000,9999.000,9999.000,9999.000
202602181018,   0.040,9999.000,9999.000,9999.000,9999.000,9999.000,9999.000,9999.000,9999.000
202602181024,   0.038,9999.000,9999.000,9999.000,9999.000,9999.000,9999.000,9999.000,9999.000
202602181030,   0.038,9999.000,9999.000,9999.000,9999.000,9999.000,9999.000,9999.000,9999.000
202602181036,   0.041,9999.000,9999.000,9999.000,9999.000,9999.000,9999.000,9999.000,9999.000
202602181042,   0.046,9999.000,9999.000,9999.000,9999.000,9999.000,9999.000,9999.000,9999.000
202602181048,   0.054,9999.000,9999.000,9999.000,9999.000,9999.000,9999.000,9999.000,9999.000
202602181054,   0.064,9999.000,9999.000,9999.000,9999.000,9999.000,9999.000,9999.000,9999.000
202602181100,   0.077,9999.000,   0.500,   0.404,   0.981,   0.400,   0.881,   0.700,   1.181
202602181106,   0.092,9999.000,9999.000,9999.000,9999.000,9999.000,9999.000,9999.000,9999.000
202602181112,   0.110,9999.000,9999.000,9999.000,9999.000,9999.000,9999.000,9999.000,9999.000
202602181118,   0.131,9999.000,9999.000,9999.000,9999.000,9999.000,9999.000,9999.000,9999.000
202602181124,   0.154,9999.000,9999.000,9999.000,9999.000,9999.000,9999.000,9999.000,9999.000
202602181130,   0.180,9999.000,9999.000,9999.000,9999.000,9999.000,9999.000,9999.000,9999.000
202602181136,   0.208,9999.000,9999.000,9999.000,9999.000,9999.000,9999.000,9999.000,9999.000
202602181142,   0.238,9999.000,9999.000,9999.000,9999.000,9999.000,9999.000,9999.000,9999.000
202602181148,   0.271,9999.000,9999.000,9999.000,9999.000,9999.000,9999.000,9999.000,9999.000
202602181154,   0.305,9999.000,9999.000,9999.000,9999.000,9999.000,9999.000,9999.000,9999.000
202602181200,   0.341,9999.000,   0.500,   0.404,   1.245,   0.400,   1.145,   0.700,   1.445
202602181206,   0.379,9999.000,9999.000,9999.000,9999.000,9999.000,9999.000,9999.000,9999.000
202602181212,   0.419,9999.000,9999.000,9999.000,9999.000,9999.000,9999.000,9999.000,9999.000
202602181218,   0.460,9999.000,9999.000,9999.000,9999.000,9999.000,9999.000,9999.000,9999.000
202602181224,   0.502,9999.000,9999.000,9999.000,9999.000,9999.000,9999.000,9999.000,9999.000
202602181230,   0.545,9999.000,9999.000,9999.000,9999.000,9999.000,9999.000,9999.000,9999.000
202602181236,   0.589,9999.000,9999.000,9999.000,9999.000,9999.000,9999.000,9999.000,9999.000
202602181242,   0.634,9999.000,9999.000,9999.000,9999.000,9999.000,9999.000,9999.000,9999.000
202602181248,   0.680,9999.000,9999.000,9999.000,9999.000,9999.000,9999.000,9999.000,9999.000
202602181254,   0.726,9999.000,9999.000,9999.000,9999.000,9999.000,9999.000,9999.000,9999.000
202602181300,   0.773,9999.000,   0.500,   0.404,   1.677,   0.400,   1.577,   0.600,   1.777
202602181306,   0.820,9999.000,9999.000,9999.000,9999.000,9999.000,9999.000,9999.000,9999.000
202602181312,   0.868,9999.000,9999.000,9999.000,9999.000,9999.000,9999.000,9999.000,9999.000
202602181318,   0.915,9999.000,9999.000,9999.000,9999.000,9999.000,9999.000,9999.000,9999.000
202602181324,   0.963,9999.000,9999.000,9999.000,9999.000,9999.000,9999.000,9999.000,9999.000
202602181330,   1.011,9999.000,9999.000,9999.000,9999.000,9999.000,9999.000,9999.000,9999.000
202602181336,   1.058,9999.000,9999.000,9999.000,9999.000,9999.000,9999.000,9999.000,9999.000
202602181342,   1.106,9999.000,9999.000,9999.000,9999.000,9999.000,9999.000,9999.000,9999.000
202602181348,   1.153,9999.000,9999.000,9999.000,9999.000,9999.000,9999.000,9999.000,9999.000
202602181354,   1.200,9999.000,9999.000,9999.000,9999.000,9999.000,9999.000,9999.000,9999.000
202602181400,   1.246,9999.000,   0.500,   0.404,   2.150,   0.400,   2.050,   0.600,   2.250
202602181406,   1.291,9999.000,9999.000,9999.000,9999.000,9999.000,9999.000,9999.000,9999.000
202602181412,   1.336,9999.000,9999.000,9999.000,9999.000,9999.000,9999.000,9999.000,9999.000
202602181418,   1.379,9999.000,9999.000,9999.000,9999.000,9999.000,9999.000,9999.000,9999.000
202602181424,   1.421,9999.000,9999.000,9999.000,9999.000,9999.000,9999.000,9999.000,9999.000
202602181430,   1.462,9999.000,9999.000,9999.000,9999.000,9999.000,9999.000,9999.000,9999.000
202602181436,   1.501,9999.000,9999.000,9999.000,9999.000,9999.000,9999.000,9999.000,9999.000
202602181442,   1.537,9999.000,9999.000,9999.000,9999.000,9999.000,9999.000,9999.000,9999.000
202602181448,   1.572,9999.000,9999.000,9999.000,9999.000,9999.000,9999.000,9999.000,9999.000
202602181454,   1.604,9999.000,9999.000,9999.000,9999.000,9999.000,9999.000,9999.000,9999.000
202602181500,   1.633,9999.000,   0.500,   0.404,   2.537,   0.300,   2.337,   0.600,   2.637
202602181506,   1.660,9999.000,9999.000,9999.000,9999.000,9999.000,9999.000,9999.000,9999.000
202602181512,   1.683,9999.000,9999.000,9999.000,9999.000,9999.000,9999.000,9999.000,9999.000
202602181518,   1.703,9999.000,9999.000,9999.000,9999.000,9999.000,9999.000,9999.000,9999.000
202602181524,   1.720,9999.000,9999.000,9999.000,9999.000,9999.000,9999.000,9999.000,9999.000
202602181530,   1.733,9999.000,9999.000,9999.000,9999.000,9999.000,9999.000,9999.000,9999.000
202602181536,   1.742,9999.000,9999.000,9999.000,9999.000,9999.000,9999.000,9999.000,9999.000
202602181542,   1.748,9999.000,9999.000,9999.000,9999.000,9999.000,9999.000,9999.000,9999.000
202602181548,   1.750,9999.000,9999.000,9999.000,9999.000,9999.000,9999.000,9999.000,9999.000
202602181554,   1.748,9999.000,9999.000,9999.000,9999.000,9999.000,9999.000,9999.000,9999.000
202602181600,   1.742,9999.000,   0.500,   0.404,   2.646,   0.300,   2.446,   0.600,   2.746
202602181606,   1.733,9999.000,9999.000,9999.000,9999.000,9999.000,9999.000,9999.000,9999.000
202602181612,   1.721,9999.000,9999.000,9999.000,9999.000,9999.000,9999.000,9999.000,9999.000
202602181618,   1.705,9999.000,9999.000,9999.000,9999.000,9999.000,9999.000,9999.000,9999.000
202602181624,   1.687,9999.000,9999.000,9999.000,9999.000,9999.000,9999.000,9999.000,9999.000
202602181630,   1.665,9999.000,9999.000,9999.000,9999.000,9999.000,9999.000,9999.000,9999.000
202602181636,   1.641,9999.000,9999.000,9999.000,9999.000,9999.000,9999.000,9999.000,9999.000
202602181642,   1.614,9999.000,9999.000,9999.000,9999.000,9999.000,9999.000,9999.000,9999.000
202602181648,   1.586,9999.000,9999.000,9999.000,9999.000,9999.000,9999.000,9999.000,9999.000
202602181654,   1.555,9999.000,9999.000,9999.000,9999.000,9999.000,9999.000,9999.000,9999.000
202602181700,   1.523,9999.000,   0.500,   0.404,   2.427,   0.300,   2.227,   0.600,   2.527
202602181706,   1.490,9999.000,9999.000,9999.000,9999.000,9999.000,9999.000,9999.000,9999.000
202602181712,   1.456,9999.000,9999.000,9999.000,9999.000,9999.000,9999.000,9999.000,9999.000
202602181718,   1.421,9999.000,9999.000,9999.000,9999.000,9999.000,9999.000,9999.000,9999.000
202602181724,   1.385,9999.000,9999.000,9999.000,9999.000,9999.000,9999.000,9999.000,9999.000
202602181730,   1.349,9999.000,9999.000,9999.000,9999.000,9999.000,9999.000,9999.000,9999.000
202602181736,   1.313,9999.000,9999.000,9999.000,9999.000,9999.000,9999.000,9999.000,9999.000
202602181742,   1.278,9999.000,9999.000,9999.000,9999.000,9999.000,9999.000,9999.000,9999.000
202602181748,   1.242,9999.000,9999.000,9999.000,9999.000,9999.000,9999.000,9999.000,9999.000
202602181754,   1.207,9999.000,9999.000,9999.000,9999.000,9999.000,9999.000,9999.000,9999.000
202602181800,   1.172,9999.000,   0.400,   0.404,   1.976,   0.300,   1.876,   0.600,   2.176
202602181806,   1.138,9999.000,9999.000,9999.000,9999.000,9999.000,9999.000,9999.000,9999.000
202602181812,   1.104,9999.000,9999.000,9999.000,9999.000,9999.000,9999.000,9999.000,9999.000
202602181818,   1.071,9999.000,9999.000,9999.000,9999.000,9999.000,9999.000,9999.000,9999.000
202602181824,   1.038,9999.000,9999.000,9999.000,9999.000,9999.000,9999.000,9999.000,9999.000
202602181830,   1.007,9999.000,9999.000,9999.000,9999.000,9999.000,9999.000,9999.000,9999.000
202602181836,   0.975,9999.000,9999.000,9999.000,9999.000,9999.000,9999.000,9999.000,9999.000
202602181842,   0.945,9999.000,9999.000,9999.000,9999.000,9999.000,9999.000,9999.000,9999.000
202602181848,   0.915,9999.000,9999.000,9999.000,9999.000,9999.000,9999.000,9999.000,9999.000
202602181854,   0.885,9999.000,9999.000,9999.000,9999.000,9999.000,9999.000,9999.000,9999.000
202602181900,   0.857,9999.000,   0.500,   0.404,   1.761,   0.300,   1.561,   0.700,   1.961
202602181906,   0.828,9999.000,9999.000,9999.000,9999.000,9999.000,9999.000,9999.000,9999.000
202602181912,   0.800,9999.000,9999.000,9999.000,9999.000,9999.000,9999.000,9999.000,9999.000
202602181918,   0.773,9999.000,9999.000,9999.000,9999.000,9999.000,9999.000,9999.000,9999.000
202602181924,   0.746,9999.000,9999.000,9999.000,9999.000,9999.000,9999.000,9999.000,9999.000
202602181930,   0.719,9999.000,9999.000,9999.000,9999.000,9999.000,9999.000,9999.000,9999.000
202602181936,   0.693,9999.000,9999.000,9999.000,9999.000,9999.000,9999.000,9999.000,9999.000
202602181942,   0.667,9999.000,9999.000,9999.000,9999.000,9999.000,9999.000,9999.000,9999.000
202602181948,   0.642,9999.000,9999.000,9999.000,9999.000,9999.000,9999.000,9999.000,9999.000
202602181954,   0.617,9999.000,9999.000,9999.000,9999.000,9999.000,9999.000,9999.000,9999.000
202602182000,   0.592,9999.000,   0.500,   0.404,   1.496,   0.300,   1.296,   0.700,   1.696
202602182006,   0.567,9999.000,9999.000,9999.000,9999.000,9999.000,9999.000,9999.000,9999.000
202602182012,   0.543,9999.000,9999.000,9999.000,9999.000,9999.000,9999.000,9999.000,9999.000
202602182018,   0.519,9999.000,9999.000,9999.000,9999.000,9999.000,9999.000,9999.000,9999.000
202602182024,   0.496,9999.000,9999.000,9999.000,9999.000,9999.000,9999.000,9999.000,9999.000
202602182030,   0.473,9999.000,9999.000,9999.000,9999.000,9999.000,9999.000,9999.000,9999.000
202602182036,   0.450,9999.000,9999.000,9999.000,9999.000,9999.000,9999.000,9999.000,9999.000
202602182042,   0.427,9999.000,9999.000,9999.000,9999.000,9999.000,9999.000,9999.000,9999.000
202602182048,   0.405,9999.000,9999.000,9999.000,9999.000,9999.000,9999.000,9999.000,9999.000
202602182054,   0.383,9999.000,9999.000,9999.000,9999.000,9999.000,9999.000,9999.000,9999.000
202602182100,   0.361,9999.000,   0.500,   0.404,   1.265,   0.300,   1.065,   0.700,   1.465
202602182106,   0.339,9999.000,9999.000,9999.000,9999.000,9999.000,9999.000,9999.000,9999.000
202602182112,   0.318,9999.000,9999.000,9999.000,9999.000,9999.000,9999.000,9999.000,9999.000
202602182118,   0.296,9999.000,9999.000,9999.000,9999.000,9999.000,9999.000,9999.000,9999.000
202602182124,   0.276,9999.000,9999.000,9999.000,9999.000,9999.000,9999.000,9999.000,9999.000
202602182130,   0.255,9999.000,9999.000,9999.000,9999.000,9999.000,9999.000,9999.000,9999.000
202602182136,   0.235,9999.000,9999.000,9999.000,9999.000,9999.000,9999.000,9999.000,9999.000
202602182142,   0.215,9999.000,9999.000,9999.000,9999.000,9999.000,9999.000,9999.000,9999.000
202602182148,   0.196,9999.000,9999.000,9999.000,9999.000,9999.000,9999.000,9999.000,9999.000
202602182154,   0.178,9999.000,9999.000,9999.000,9999.000,9999.000,9999.000,9999.000,9999.000
202602182200,   0.160,9999.000,   0.500,   0.404,   1.064,   0.300,   0.864,   0.700,   1.264
202602182206,   0.144,9999.000,9999.000,9999.000,9999.000,9999.000,9999.000,9999.000,9999.000
202602182212,   0.128,9999.000,9999.000,9999.000,9999.000,9999.000,9999.000,9999.000,9999.000
202602182218,   0.114,9999.000,9999.000,9999.000,9999.000,9999.000,9999.000,9999.000,9999.000
202602182224,   0.101,9999.000,9999.000,9999.000,9999.000,9999.000,9999.000,9999.000,9999.000
202602182230,   0.090,9999.000,9999.000,9999.000,9999.000,9999.000,9999.000,9999.000,9999.000
202602182236,   0.080,9999.000,9999.000,9999.000,9999.000,9999.000,9999.000,9999.000,9999.000
202602182242,   0.072,9999.000,9999.000,9999.000,9999.000,9999.000,9999.000,9999.000,9999.000
202602182248,   0.067,9999.000,9999.000,9999.000,9999.000,9999.000,9999.000,9999.000,9999.000
202602182254,   0.063,9999.000,9999.000,9999.000,9999.000,9999.000,9999.000,9999.000,9999.000
202602182300,   0.063,9999.000,   0.500,   0.404,   0.967,   0.300,   0.767,   0.700,   1.167
202602182306,   0.064,9999.000,9999.000,9999.000,9999.000,9999.000,9999.000,9999.000,9999.000
202602182312,   0.068,9999.000,9999.000,9999.000,9999.000,9999.000,9999.000,9999.000,9999.000
202602182318,   0.075,9999.000,9999.000,9999.000,9999.000,9999.000,9999.000,9999.000,9999.000
202602182324,   0.084,9999.000,9999.000,9999.000,9999.000,9999.000,9999.000,9999.000,9999.000
202602182330,   0.097,9999.000,9999.000,9999.000,9999.000,9999.000,9999.000,9999.000,9999.000
202602182336,   0.112,9999.000,9999.000,9999.000,9999.000,9999.000,9999.000,9999.000,9999.000
202602182342,   0.130,9999.000,9999.000,9999.000,9999.000,9999.000,9999.000,9999.000,9999.000
202602182348,   0.151,9999.000,9999.000,9999.000,9999.000,9999.000,9999.000,9999.000,9999.000
202602182354,   0.174,9999.000,9999.000,9999.000,9999.000,9999.000,9999.000,9999.000,9999.000
202602190000,   0.200,9999.000,   0.500,   0.404,   1.104,   0.300,   0.904,   0.700,   1.304
202602190006,   0.228,9999.000,9999.000,9999.000,9999.000,9999.000,9999.000,9999.000,9999.000
202602190012,   0.259,9999.000,9999.000,9999.000,9999.000,9999.000,9999.000,9999.000,9999.000
202602190018,   0.292,9999.000,9999.000,9999.000,9999.000,9999.000,9999.000,9999.000,9999.000
202602190024,   0.327,9999.000,9999.000,9999.000,9999.000,9999.000,9999.000,9999.000,9999.000
202602190030,   0.364,9999.000,9999.000,9999.000,9999.000,9999.000,9999.000,9999.000,9999.000
202602190036,   0.403,9999.000,9999.000,9999.000,9999.000,9999.000,9999.000,9999.000,9999.000
202602190042,   0.444,9999.000,9999.000,9999.000,9999.000,9999.000,9999.000,9999.000,9999.000
202602190048,   0.486,9999.000,9999.000,9999.000,9999.000,9999.000,9999.000,9999.000,9999.000
202602190054,   0.529,9999.000,9999.000,9999.000,9999.000,9999.000,9999.000,9999.000,9999.000
202602190100,   0.573,9999.000,   0.500,   0.404,   1.477,   0.300,   1.277,   0.700,   1.677
202602190106,   0.619,9999.000,9999.000,9999.000,9999.000,9999.000,9999.000,9999.000,9999.000
202602190112,   0.665,9999.000,9999.000,9999.000,9999.000,9999.000,9999.000,9999.000,9999.000
202602190118,   0.713,9999.000,9999.000,9999.000,9999.000,9999.000,9999.000,9999.000,9999.000
202602190124,   0.761,9999.000,9999.000,9999.000,9999.000,9999.000,9999.000,9999.000,9999.000
202602190130,   0.809,9999.000,9999.000,9999.000,9999.000,9999.000,9999.000,9999.000,9999.000
202602190136,   0.858,9999.000,9999.000,9999.000,9999.000,9999.000,9999.000,9999.000,9999.000
202602190142,   0.907,9999.000,9999.000,9999.000,9999.000,9999.000,9999.000,9999.000,9999.000
202602190148,   0.957,9999.000,9999.000,9999.000,9999.000,9999.000,9999.000,9999.000,9999.000
202602190154,   1.007,9999.000,9999.000,9999.000,9999.000,9999.000,9999.000,9999.000,9999.000
202602190200,   1.057,9999.000,   0.500,   0.404,   1.961,   0.300,   1.761,   0.700,   2.161
202602190206,   1.106,9999.000,9999.000,9999.000,9999.000,9999.000,9999.000,9999.000,9999.000
202602190212,   1.156,9999.000,9999.000,9999.000,9999.000,9999.000,9999.000,9999.000,9999.000
202602190218,   1.205,9999.000,9999.000,9999.000,9999.000,9999.000,9999.000,9999.000,9999.000
202602190224,   1.254,9999.000,9999.000,9999.000,9999.000,9999.000,9999.000,9999.000,9999.000
202602190230,   1.301,9999.000,9999.000,9999.000,9999.000,9999.000,9999.000,9999.000,9999.000
202602190236,   1.348,9999.000,9999.000,9999.000,9999.000,9999.000,9999.000,9999.000,9999.000
202602190242,   1.394,9999.000,9999.000,9999.000,9999.000,9999.000,9999.000,9999.000,9999.000
202602190248,   1.439,9999.000,9999.000,9999.000,9999.000,9999.000,9999.000,9999.000,9999.000
202602190254,   1.482,9999.000,9999.000,9999.000,9999.000,9999.000,9999.000,9999.000,9999.000
202602190300,   1.523,9999.000,   0.400,   0.404,   2.327,   0.300,   2.227,   0.700,   2.627
202602190306,   1.562,9999.000,9999.000,9999.000,9999.000,9999.000,9999.000,9999.000,9999.000
202602190312,   1.599,9999.000,9999.000,9999.000,9999.000,9999.000,9999.000,9999.000,9999.000
202602190318,   1.633,9999.000,9999.000,9999.000,9999.000,9999.000,9999.000,9999.000,9999.000
202602190324,   1.665,9999.000,9999.000,9999.000,9999.000,9999.000,9999.000,9999.000,9999.000
202602190330,   1.694,9999.000,9999.000,9999.000,9999.000,9999.000,9999.000,9999.000,9999.000
202602190336,   1.719,9999.000,9999.000,9999.000,9999.000,9999.000,9999.000,9999.000,9999.000
202602190342,   1.741,9999.000,9999.000,9999.000,9999.000,9999.000,9999.000,9999.000,9999.000
202602190348,   1.759,9999.000,9999.000,9999.000,9999.000,9999.000,9999.000,9999.000,9999.000
202602190354,   1.774,9999.000,9999.000,9999.000,9999.000,9999.000,9999.000,9999.000,9999.000
202602190400,   1.785,9999.000,   0.500,   0.404,   2.689,   0.300,   2.489,   0.700,   2.889
202602190406,   1.792,9999.000,9999.000,9999.000,9999.000,9999.000,9999.000,9999.000,9999.000
202602190412,   1.795,9999.000,9999.000,9999.000,9999.000,9999.000,9999.000,9999.000,9999.000
202602190418,   1.794,9999.000,9999.000,9999.000,9999.000,9999.000,9999.000,9999.000,9999.000
202602190424,   1.789,9999.000,9999.000,9999.000,9999.000,9999.000,9999.000,9999.000,9999.000
202602190430,   1.780,9999.000,9999.000,9999.000,9999.000,9999.000,9999.000,9999.000,9999.000
202602190436,   1.768,9999.000,9999.000,9999.000,9999.000,9999.000,9999.000,9999.000,9999.000
202602190442,   1.752,9999.000,9999.000,9999.000,9999.000,9999.000,9999.000,9999.000,9999.000
202602190448,   1.733,9999.000,9999.000,9999.000,9999.000,9999.000,9999.000,9999.000,9999.000
202602190454,   1.711,9999.000,9999.000,9999.000,9999.000,9999.000,9999.000,9999.000,9999.000
202602190500,   1.686,9999.000,   0.500,   0.404,   2.590,   0.300,   2.390,   0.700,   2.790
202602190506,   1.658,9999.000,9999.000,9999.000,9999.000,9999.000,9999.000,9999.000,9999.000
202602190512,   1.628,9999.000,9999.000,9999.000,9999.000,9999.000,9999.000,9999.000,9999.000
202602190518,   1.596,9999.000,9999.000,9999.000,9999.000,9999.000,9999.000,9999.000,9999.000
202602190524,   1.562,9999.000,9999.000,9999.000,9999.000,9999.000,9999.000,9999.000,9999.000
202602190530,   1.527,9999.000,9999.000,9999.000,9999.000,9999.000,9999.000,9999.000,9999.000
202602190536,   1.491,9999.000,9999.000,9999.000,9999.000,9999.000,9999.000,9999.000,9999.000
202602190542,   1.453,9999.000,9999.000,9999.000,9999.000,9999.000,9999.000,9999.000,9999.000
202602190548,   1.415,9999.000,9999.000,9999.000,9999.000,9999.000,9999.000,9999.000,9999.000
202602190554,   1.377,9999.000,9999.000,9999.000,9999.000,9999.000,9999.000,9999.000,9999.000
202602190600,   1.338,9999.000,   0.500,   0.404,   2.242,   0.300,   2.042,   0.700,   2.442
