        TIME,    TIDE,      OB,   SURGE,    BIAS,     TWL,SURGE90p,  TWL90p,SURGE10p,   TWL10p
202603090000,   0.992,   1.610,   0.100,   0.518,   1.610,   0.000,   1.510,   0.200,   1.710
202603090006,   0.920,9999.000,9999.000,9999.000,9999.000,9999.000,9999.000,9999.000,9999.000
202603090012,   0.852,   1.479,9999.000,9999.000,9999.000,9999.000,9999.000,9999.000,9999.000
202603090018,   0.787,9999.000,9999.000,9999.000,9999.000,9999.000,9999.000,9999.000,9999.000
202603090024,   0.724,   1.348,9999.000,9999.000,9999.000,9999.000,9999.000,9999.000,9999.000
202603090030,   0.665,9999.000,9999.000,9999.000,9999.000,9999.000,9999.000,9999.000,9999.000
202603090036,   0.608,   1.229,9999.000,9999.000,9999.000,9999.000,9999.000,9999.000,9999.000
202603090042,   0.553,9999.000,9999.000,9999.000,9999.000,9999.000,9999.000,9999.000,9999.000
202603090048,   0.501,   1.088,9999.000,9999.000,9999.000,9999.000,9999.000,9999.000,9999.000
202603090054,   0.452,9999.000,9999.000,9999.000,9999.000,9999.000,9999.000,9999.000,9999.000
202603090100,   0.405,   0.951,   0.100,   0.446,   0.951,   0.000,   0.851,   0.200,   1.051
202603090106,   0.361,   0.898,9999.000,9999.000,9999.000,9999.000,9999.000,9999.000,9999.000
202603090112,   0.320,   0.839,9999.000,9999.000,9999.000,9999.000,9999.000,9999.000,9999.000
202603090118,   0.282,   0.800,9999.000,9999.000,9999.000,9999.000,9999.000,9999.000,9999.000
202603090124,   0.247,   0.741,9999.000,9999.000,9999.000,9999.000,9999.000,9999.000,9999.000
202603090130,   0.215,   0.698,9999.000,9999.000,9999.000,9999.000,9999.000,9999.000,9999.000
202603090136,   0.188,   0.659,9999.000,9999.000,9999.000,9999.000,9999.000,9999.000,9999.000
202603090142,   0.164,   0.619,9999.000,9999.000,9999.000,9999.000,9999.000,9999.000,9999.000
202603090148,   0.145,   0.590,9999.000,9999.000,9999.000,9999.000,9999.000,9999.000,9999.000
202603090154,   0.131,   0.570,9999.000,9999.000,9999.000,9999.000,9999.000,9999.000,9999.000
202603090200,   0.122,   0.541,   0.100,   0.319,   0.541,   0.000,   0.441,   0.200,   0.641
202603090206,   0.120,   0.531,9999.000,9999.000,9999.000,9999.000,9999.000,9999.000,9999.000
202603090212,   0.123,   0.518,9999.000,9999.000,9999.000,9999.000,9999.000,9999.000,9999.000
202603090218,   0.134,   0.518,9999.000,9999.000,9999.000,9999.000,9999.000,9999.000,9999.000
202603090224,   0.152,   0.531,9999.000,9999.000,9999.000,9999.000,9999.000,9999.000,9999.000
202603090230,   0.177,   0.560,9999.000,9999.000,9999.000,9999.000,9999.000,9999.000,9999.000
202603090236,   0.211,   0.610,9999.000,9999.000,9999.000,9999.000,9999.000,9999.000,9999.000
202603090242,   0.253,   0.669,9999.000,9999.000,9999.000,9999.000,9999.000,9999.000,9999.000
202603090248,   0.303,   0.760,9999.000,9999.000,9999.000,9999.000,9999.000,9999.000,9999.000
202603090254,   0.363,   0.859,9999.000,9999.000,9999.000,9999.000,9999.000,9999.000,9999.000
202603090300,   0.431,   0.980,   0.100,   0.449,   0.980,   0.000,   0.880,   0.100,   0.980
202603090306,   0.508,   1.098,9999.000,9999.000,9999.000,9999.000,9999.000,9999.000,9999.000
202603090312,   0.594,   1.220,9999.000,9999.000,9999.000,9999.000,9999.000,9999.000,9999.000
202603090318,   0.689,   1.361,9999.000,9999.000,9999.000,9999.000,9999.000,9999.000,9999.000
202603090324,   0.792,   1.489,9999.000,9999.000,9999.000,9999.000,9999.000,9999.000,9999.000
202603090330,   0.903,   1.620,9999.000,9999.000,9999.000,9999.000,9999.000,9999.000,9999.000
202603090336,   1.021,   1.748,9999.000,9999.000,9999.000,9999.000,9999.000,9999.000,9999.000
202603090342,   1.147,   1.889,9999.000,9999.000,9999.000,9999.000,9999.000,9999.000,9999.000
202603090348,   1.279,   2.030,9999.000,9999.000,9999.000,9999.000,9999.000,9999.000,9999.000
202603090354,   1.416,   2.158,9999.000,9999.000,9999.000,9999.000,9999.000,9999.000,9999.000
202603090400,   1.558,   2.279,   0.100,   0.621,   2.279,   0.000,   2.179,   0.100,   2.279
202603090406,   1.704,   2.420,9999.000,9999.000,9999.000,9999.000,9999.000,9999.000,9999.000
202603090412,   1.854,   2.558,9999.000,9999.000,9999.000,9999.000,9999.000,9999.000,9999.000
202603090418,   2.005,   2.679,9999.000,9999.000,9999.000,9999.000,9999.000,9999.000,9999.000
202603090424,   2.159,   2.728,9999.000,9999.000,9999.000,9999.000,9999.000,9999.000,9999.000
202603090430,   2.313,   2.899,9999.000,9999.000,9999.000,9999.000,9999.000,9999.000,9999.000
202603090436,   2.466,   3.050,9999.000,9999.000,9999.000,9999.000,9999.000,9999.000,9999.000
202603090442,   2.619,   3.129,9999.000,9999.000,9999.000,9999.000,9999.000,9999.000,9999.000
202603090448,   2.770,   3.270,9999.000,9999.000,9999.000,9999.000,9999.000,9999.000,9999.000
202603090454,   2.919,   3.368,9999.000,9999.000,9999.000,9999.000,9999.000,9999.000,9999.000
202603090500,   3.065,   3.499,   0.100,   0.334,   3.499,   0.000,   3.399,   0.100,   3.499
202603090506,   3.207,   3.607,9999.000,9999.000,9999.000,9999.000,9999.000,9999.000,9999.000
202603090512,   3.346,   3.719,9999.000,9999.000,9999.000,9999.000,9999.000,9999.000,9999.000
202603090518,   3.480,   3.837,9999.000,9999.000,9999.000,9999.000,9999.000,9999.000,9999.000
202603090524,   3.609,   3.958,9999.000,9999.000,9999.000,9999.000,9999.000,9999.000,9999.000
202603090530,   3.734,   4.080,9999.000,9999.000,9999.000,9999.000,9999.000,9999.000,9999.000
202603090536,   3.854,   4.178,9999.000,9999.000,9999.000,9999.000,9999.000,9999.000,9999.000
202603090542,   3.969,   4.290,9999.000,9999.000,9999.000,9999.000,9999.000,9999.000,9999.000
202603090548,   4.078,   4.398,9999.000,9999.000,9999.000,9999.000,9999.000,9999.000,9999.000
202603090554,   4.183,   4.500,9999.000,9999.000,9999.000,9999.000,9999.000,9999.000,9999.000
202603090600,   4.283,   4.618,   0.100,   0.235,   4.618,   0.000,   4.518,   0.100,   4.618
202603090606,   4.377,   4.710,9999.000,9999.000,9999.000,9999.000,9999.000,9999.000,9999.000
202603090612,   4.467,   4.798,9999.000,9999.000,9999.000,9999.000,9999.000,9999.000,9999.000
202603090618,   4.552,   4.910,9999.000,9999.000,9999.000,9999.000,9999.000,9999.000,9999.000
202603090624,   4.633,   4.988,9999.000,9999.000,9999.000,9999.000,9999.000,9999.000,9999.000
202603090630,   4.709,   5.067,9999.000,9999.000,9999.000,9999.000,9999.000,9999.000,9999.000
202603090636,   4.781,   5.169,9999.000,9999.000,9999.000,9999.000,9999.000,9999.000,9999.000
202603090642,   4.848,   5.228,9999.000,9999.000,9999.000,9999.000,9999.000,9999.000,9999.000
202603090648,   4.911,   5.297,9999.000,9999.000,9999.000,9999.000,9999.000,9999.000,9999.000
202603090654,   4.970,   5.349,9999.000,9999.000,9999.000,9999.000,9999.000,9999.000,9999.000
202603090700,   5.024,   5.408,   0.100,   0.284,   5.408,   0.000,   5.308,   0.100,   5.408
202603090706,   5.074,   5.457,9999.000,9999.000,9999.000,9999.000,9999.000,9999.000,9999.000
202603090712,   5.119,   5.507,9999.000,9999.000,9999.000,9999.000,9999.000,9999.000,9999.000
202603090718,   5.160,   5.539,9999.000,9999.000,9999.000,9999.000,9999.000,9999.000,9999.000
202603090724,   5.195,   5.589,9999.000,9999.000,9999.000,9999.000,9999.000,9999.000,9999.000
202603090730,   5.226,   5.608,9999.000,9999.000,9999.000,9999.000,9999.000,9999.000,9999.000
202603090736,   5.251,   5.618,9999.000,9999.000,9999.000,9999.000,9999.000,9999.000,9999.000
202603090742,   5.270,   5.657,9999.000,9999.000,9999.000,9999.000,9999.000,9999.000,9999.000
202603090748,   5.283,   5.657,9999.000,9999.000,9999.000,9999.000,9999.000,9999.000,9999.000
202603090754,   5.291,   5.648,9999.000,9999.000,9999.000,9999.000,9999.000,9999.000,9999.000
202603090800,   5.292,   5.648,   0.100,   0.256,   5.648,   0.000,   5.548,   0.100,   5.648
202603090806,   5.287,   5.628,9999.000,9999.000,9999.000,9999.000,9999.000,9999.000,9999.000
202603090812,   5.275,   5.618,9999.000,9999.000,9999.000,9999.000,9999.000,9999.000,9999.000
202603090818,   5.256,   5.579,9999.000,9999.000,9999.000,9999.000,9999.000,9999.000,9999.000
202603090824,   5.230,   5.530,9999.000,9999.000,9999.000,9999.000,9999.000,9999.000,9999.000
202603090830,   5.197,   5.457,9999.000,9999.000,9999.000,9999.000,9999.000,9999.000,9999.000
202603090836,   5.157,   5.408,9999.000,9999.000,9999.000,9999.000,9999.000,9999.000,9999.000
202603090842,   5.110,   5.339,9999.000,9999.000,9999.000,9999.000,9999.000,9999.000,9999.000
202603090848,   5.057,   5.228,9999.000,9999.000,9999.000,9999.000,9999.000,9999.000,9999.000
202603090854,   4.996,   5.139,9999.000,9999.000,9999.000,9999.000,9999.000,9999.000,9999.000
202603090900,   4.929,   5.038,   0.100,   0.009,   5.038,   0.000,   4.938,   0.100,   5.038
202603090906,   4.856,   4.939,9999.000,9999.000,9999.000,9999.000,9999.000,9999.000,9999.000
202603090912,   4.777,   4.828,9999.000,9999.000,9999.000,9999.000,9999.000,9999.000,9999.000
202603090918,   4.692,   4.719,9999.000,9999.000,9999.000,9999.000,9999.000,9999.000,9999.000
202603090924,   4.601,   4.618,9999.000,9999.000,9999.000,9999.000,9999.000,9999.000,9999.000
202603090930,   4.506,   4.490,9999.000,9999.000,9999.000,9999.000,9999.000,9999.000,9999.000
202603090936,   4.406,   4.378,9999.000,9999.000,9999.000,9999.000,9999.000,9999.000,9999.000
202603090942,   4.301,   4.290,9999.000,9999.000,9999.000,9999.000,9999.000,9999.000,9999.000
202603090948,   4.194,   4.178,9999.000,9999.000,9999.000,9999.000,9999.000,9999.000,9999.000
202603090954,   4.083,   4.080,9999.000,9999.000,9999.000,9999.000,9999.000,9999.000,9999.000
202603091000,   3.969,   3.978,   0.100,  -0.091,   3.978,   0.000,   3.878,   0.100,   3.978
202603091006,   3.853,   3.880,9999.000,9999.000,9999.000,9999.000,9999.000,9999.000,9999.000
202603091012,   3.735,   3.768,9999.000,9999.000,9999.000,9999.000,9999.000,9999.000,9999.000
202603091018,   3.616,   3.660,9999.000,9999.000,9999.000,9999.000,9999.000,9999.000,9999.000
202603091024,   3.496,   3.568,9999.000,9999.000,9999.000,9999.000,9999.000,9999.000,9999.000
202603091030,   3.375,   3.470,9999.000,9999.000,9999.000,9999.000,9999.000,9999.000,9999.000
202603091036,   3.254,   3.368,9999.000,9999.000,9999.000,9999.000,9999.000,9999.000,9999.000
202603091042,   3.134,   3.270,9999.000,9999.000,9999.000,9999.000,9999.000,9999.000,9999.000
202603091048,   3.015,   3.178,9999.000,9999.000,9999.000,9999.000,9999.000,9999.000,9999.000
202603091054,   2.896,   3.089,9999.000,9999.000,9999.000,9999.000,9999.000,9999.000,9999.000
202603091100,   2.780,   3.007,   0.100,   0.127,   3.007,   0.000,   2.907,   0.100,   3.007
202603091106,   2.664,   2.929,9999.000,9999.000,9999.000,9999.000,9999.000,9999.000,9999.000
202603091112,   2.551,   2.850,9999.000,9999.000,9999.000,9999.000,9999.000,9999.000,9999.000
202603091118,   2.440,   2.778,9999.000,9999.000,9999.000,9999.000,9999.000,9999.000,9999.000
202603091124,   2.332,   2.709,9999.000,9999.000,9999.000,9999.000,9999.000,9999.000,9999.000
202603091130,   2.226,   2.630,9999.000,9999.000,9999.000,9999.000,9999.000,9999.000,9999.000
202603091136,   2.122,   2.558,9999.000,9999.000,9999.000,9999.000,9999.000,9999.000,9999.000
202603091142,   2.022,   2.489,9999.000,9999.000,9999.000,9999.000,9999.000,9999.000,9999.000
202603091148,   1.924,   2.420,9999.000,9999.000,9999.000,9999.000,9999.000,9999.000,9999.000
202603091154,   1.830,   2.338,9999.000,9999.000,9999.000,9999.000,9999.000,9999.000,9999.000
202603091200,   1.738,   2.269,   0.100,   0.431,   2.269,   0.000,   2.169,   0.100,   2.269
202603091206,   1.649,   2.191,9999.000,9999.000,9999.000,9999.000,9999.000,9999.000,9999.000
202603091212,   1.563,   2.099,9999.000,9999.000,9999.000,9999.000,9999.000,9999.000,9999.000
202603091218,   1.479,   2.020,9999.000,9999.000,9999.000,9999.000,9999.000,9999.000,9999.000
202603091224,   1.398,   1.938,9999.000,9999.000,9999.000,9999.000,9999.000,9999.000,9999.000
202603091230,   1.320,   1.859,9999.000,9999.000,9999.000,9999.000,9999.000,9999.000,9999.000
202603091236,   1.244,   1.781,9999.000,9999.000,9999.000,9999.000,9999.000,9999.000,9999.000
202603091242,   1.171,   1.699,9999.000,9999.000,9999.000,9999.000,9999.000,9999.000,9999.000
202603091248,   1.099,   1.610,9999.000,9999.000,9999.000,9999.000,9999.000,9999.000,9999.000
202603091254,   1.030,   1.528,9999.000,9999.000,9999.000,9999.000,9999.000,9999.000,9999.000
202603091300,   0.962,   1.449,   0.100,   0.387,   1.449,   0.000,   1.349,   0.100,   1.449
202603091306,   0.897,   1.371,9999.000,9999.000,9999.000,9999.000,9999.000,9999.000,9999.000
202603091312,   0.833,   1.298,9999.000,9999.000,9999.000,9999.000,9999.000,9999.000,9999.000
202603091318,   0.771,   1.229,9999.000,9999.000,9999.000,9999.000,9999.000,9999.000,9999.000
202603091324,   0.710,   1.161,9999.000,9999.000,9999.000,9999.000,9999.000,9999.000,9999.000
202603091330,   0.652,   1.098,9999.000,9999.000,9999.000,9999.000,9999.000,9999.000,9999.000
202603091336,   0.595,   1.039,9999.000,9999.000,9999.000,9999.000,9999.000,9999.000,9999.000
202603091342,   0.541,   0.970,9999.000,9999.000,9999.000,9999.000,9999.000,9999.000,9999.000
202603091348,   0.489,   0.908,9999.000,9999.000,9999.000,9999.000,9999.000,9999.000,9999.000
202603091354,   0.440,   0.859,9999.000,9999.000,9999.000,9999.000,9999.000,9999.000,9999.000
202603091400,   0.393,   0.810,   0.100,   0.317,   0.810,   0.000,   0.710,   0.100,   0.810
202603091406,   0.350,   0.760,9999.000,9999.000,9999.000,9999.000,9999.000,9999.000,9999.000
202603091412,   0.311,   0.718,9999.000,9999.000,9999.000,9999.000,9999.000,9999.000,9999.000
202603091418,   0.276,   0.688,9999.000,9999.000,9999.000,9999.000,9999.000,9999.000,9999.000
202603091424,   0.245,   0.639,9999.000,9999.000,9999.000,9999.000,9999.000,9999.000,9999.000
202603091430,   0.220,   0.590,9999.000,9999.000,9999.000,9999.000,9999.000,9999.000,9999.000
202603091436,   0.200,   0.570,9999.000,9999.000,9999.000,9999.000,9999.000,9999.000,9999.000
202603091442,   0.186,   0.570,9999.000,9999.000,9999.000,9999.000,9999.000,9999.000,9999.000
202603091448,   0.179,   0.541,9999.000,9999.000,9999.000,9999.000,9999.000,9999.000,9999.000
202603091454,   0.179,   0.531,9999.000,9999.000,9999.000,9999.000,9999.000,9999.000,9999.000
202603091500,   0.187,   0.531,   0.100,   0.244,   0.531,   0.100,   0.531,   0.100,   0.531
202603091506,   0.202,   0.551,9999.000,9999.000,9999.000,9999.000,9999.000,9999.000,9999.000
202603091512,   0.226,   0.551,9999.000,9999.000,9999.000,9999.000,9999.000,9999.000,9999.000
202603091518,   0.258,   0.560,9999.000,9999.000,9999.000,9999.000,9999.000,9999.000,9999.000
202603091524,   0.298,   0.619,9999.000,9999.000,9999.000,9999.000,9999.000,9999.000,9999.000
202603091530,   0.347,   0.669,9999.000,9999.000,9999.000,9999.000,9999.000,9999.000,9999.000
202603091536,   0.405,   0.751,9999.000,9999.000,9999.000,9999.000,9999.000,9999.000,9999.000
202603091542,   0.471,   0.839,9999.000,9999.000,9999.000,9999.000,9999.000,9999.000,9999.000
202603091548,   0.546,   0.951,9999.000,9999.000,9999.000,9999.000,9999.000,9999.000,9999.000
202603091554,   0.628,   1.059,9999.000,9999.000,9999.000,9999.000,9999.000,9999.000,9999.000
202603091600,   0.718,   1.200,   0.100,   0.382,   1.200,   0.100,   1.200,   0.100,   1.200
202603091606,   0.815,   1.298,9999.000,9999.000,9999.000,9999.000,9999.000,9999.000,9999.000
202603091612,   0.918,   1.430,9999.000,9999.000,9999.000,9999.000,9999.000,9999.000,9999.000
202603091618,   1.027,   1.557,9999.000,9999.000,9999.000,9999.000,9999.000,9999.000,9999.000
202603091624,   1.142,   1.659,9999.000,9999.000,9999.000,9999.000,9999.000,9999.000,9999.000
202603091630,   1.261,   1.830,9999.000,9999.000,9999.000,9999.000,9999.000,9999.000,9999.000
202603091636,   1.383,   1.948,9999.000,9999.000,9999.000,9999.000,9999.000,9999.000,9999.000
202603091642,   1.508,   2.059,9999.000,9999.000,9999.000,9999.000,9999.000,9999.000,9999.000
202603091648,   1.636,   2.191,9999.000,9999.000,9999.000,9999.000,9999.000,9999.000,9999.000
202603091654,   1.764,   2.318,9999.000,9999.000,9999.000,9999.000,9999.000,9999.000,9999.000
202603091700,   1.894,   2.430,   0.100,   0.436,   2.430,   0.100,   2.430,   0.100,   2.430
202603091706,   2.022,   2.558,9999.000,9999.000,9999.000,9999.000,9999.000,9999.000,9999.000
202603091712,   2.150,   2.660,9999.000,9999.000,9999.000,9999.000,9999.000,9999.000,9999.000
202603091718,   2.277,   2.768,9999.000,9999.000,9999.000,9999.000,9999.000,9999.000,9999.000
202603091724,   2.401,   2.869,9999.000,9999.000,9999.000,9999.000,9999.000,9999.000,9999.000
202603091730,   2.523,   2.968,9999.000,9999.000,9999.000,9999.000,9999.000,9999.000,9999.000
202603091736,   2.642,   3.099,9999.000,9999.000,9999.000,9999.000,9999.000,9999.000,9999.000
202603091742,   2.757,   3.188,9999.000,9999.000,9999.000,9999.000,9999.000,9999.000,9999.000
202603091748,   2.869,   3.279,9999.000,9999.000,9999.000,9999.000,9999.000,9999.000,9999.000
202603091754,   2.977,   3.378,9999.000,9999.000,9999.000,9999.000,9999.000,9999.000,9999.000
202603091800,   3.082,   3.480,   0.100,   0.298,   3.480,   0.100,   3.480,   0.200,   3.580
202603091806,   3.182,   3.588,9999.000,9999.000,9999.000,9999.000,9999.000,9999.000,9999.000
202603091812,   3.278,   3.660,9999.000,9999.000,9999.000,9999.000,9999.000,9999.000,9999.000
202603091818,   3.370,   3.749,9999.000,9999.000,9999.000,9999.000,9999.000,9999.000,9999.000
202603091824,   3.458,   3.837,9999.000,9999.000,9999.000,9999.000,9999.000,9999.000,9999.000
202603091830,   3.543,   3.919,9999.000,9999.000,9999.000,9999.000,9999.000,9999.000,9999.000
202603091836,   3.624,   3.988,9999.000,9999.000,9999.000,9999.000,9999.000,9999.000,9999.000
202603091842,   3.701,   4.080,9999.000,9999.000,9999.000,9999.000,9999.000,9999.000,9999.000
202603091848,   3.775,   4.159,9999.000,9999.000,9999.000,9999.000,9999.000,9999.000,9999.000
202603091854,   3.845,   4.247,9999.000,9999.000,9999.000,9999.000,9999.000,9999.000,9999.000
202603091900,   3.912,   4.309,   0.100,   0.297,   4.309,   0.100,   4.309,   0.200,   4.409
202603091906,   3.976,   4.388,9999.000,9999.000,9999.000,9999.000,9999.000,9999.000,9999.000
202603091912,   4.036,   4.427,9999.000,9999.000,9999.000,9999.000,9999.000,9999.000,9999.000
202603091918,   4.094,   4.490,9999.000,9999.000,9999.000,9999.000,9999.000,9999.000,9999.000
202603091924,   4.148,   4.529,9999.000,9999.000,9999.000,9999.000,9999.000,9999.000,9999.000
202603091930,   4.198,   4.578,9999.000,9999.000,9999.000,9999.000,9999.000,9999.000,9999.000
202603091936,   4.245,   4.637,9999.000,9999.000,9999.000,9999.000,9999.000,9999.000,9999.000
202603091942,   4.288,   4.677,9999.000,9999.000,9999.000,9999.000,9999.000,9999.000,9999.000
202603091948,   4.326,   4.719,9999.000,9999.000,9999.000,9999.000,9999.000,9999.000,9999.000
202603091954,   4.361,   4.739,9999.000,9999.000,9999.000,9999.000,9999.000,9999.000,9999.000
202603092000,   4.391,   4.788,   0.200,   0.197,   4.788,   0.100,   4.688,   0.200,   4.788
202603092006,   4.416,   4.808,9999.000,9999.000,9999.000,9999.000,9999.000,9999.000,9999.000
202603092012,   4.435,   4.808,9999.000,9999.000,9999.000,9999.000,9999.000,9999.000,9999.000
202603092018,   4.450,   4.847,9999.000,9999.000,9999.000,9999.000,9999.000,9999.000,9999.000
202603092024,   4.458,   4.857,9999.000,9999.000,9999.000,9999.000,9999.000,9999.000,9999.000
202603092030,   4.461,   4.837,9999.000,9999.000,9999.000,9999.000,9999.000,9999.000,9999.000
202603092036,   4.457,   4.818,9999.000,9999.000,9999.000,9999.000,9999.000,9999.000,9999.000
202603092042,   4.446,   4.808,9999.000,9999.000,9999.000,9999.000,9999.000,9999.000,9999.000
202603092048,   4.429,   4.798,9999.000,9999.000,9999.000,9999.000,9999.000,9999.000,9999.000
202603092054,   4.406,   4.749,9999.000,9999.000,9999.000,9999.000,9999.000,9999.000,9999.000
202603092100,   4.375,   4.719,   0.200,   0.144,   4.719,   0.100,   4.619,   0.200,   4.719
202603092106,   4.337,   4.657,9999.000,9999.000,9999.000,9999.000,9999.000,9999.000,9999.000
202603092112,   4.293,   4.618,9999.000,9999.000,9999.000,9999.000,9999.000,9999.000,9999.000
202603092118,   4.242,   4.529,9999.000,9999.000,9999.000,9999.000,9999.000,9999.000,9999.000
202603092124,   4.184,   4.457,9999.000,9999.000,9999.000,9999.000,9999.000,9999.000,9999.000
202603092130,   4.120,   4.378,9999.000,9999.000,9999.000,9999.000,9999.000,9999.000,9999.000
202603092136,   4.050,   4.280,9999.000,9999.000,9999.000,9999.000,9999.000,9999.000,9999.000
202603092142,   3.973,   4.188,9999.000,9999.000,9999.000,9999.000,9999.000,9999.000,9999.000
202603092148,   3.892,   4.099,9999.000,9999.000,9999.000,9999.000,9999.000,9999.000,9999.000
202603092154,   3.805,   4.008,9999.000,9999.000,9999.000,9999.000,9999.000,9999.000,9999.000
202603092200,   3.713,   3.909,   0.200,  -0.004,   3.909,   0.100,   3.809,   0.200,   3.909
202603092206,   3.617,   3.808,9999.000,9999.000,9999.000,9999.000,9999.000,9999.000,9999.000
202603092212,   3.517,   3.709,9999.000,9999.000,9999.000,9999.000,9999.000,9999.000,9999.000
202603092218,   3.413,   3.617,9999.000,9999.000,9999.000,9999.000,9999.000,9999.000,9999.000
202603092224,   3.306,   3.519,9999.000,9999.000,9999.000,9999.000,9999.000,9999.000,9999.000
202603092230,   3.198,   3.417,9999.000,9999.000,9999.000,9999.000,9999.000,9999.000,9999.000
202603092236,   3.087,   3.309,9999.000,9999.000,9999.000,9999.000,9999.000,9999.000,9999.000
202603092242,   2.974,   3.207,9999.000,9999.000,9999.000,9999.000,9999.000,9999.000,9999.000
202603092248,   2.860,   3.119,9999.000,9999.000,9999.000,9999.000,9999.000,9999.000,9999.000
202603092254,   2.746,   3.017,9999.000,9999.000,9999.000,9999.000,9999.000,9999.000,9999.000
202603092300,   2.632,   2.938,   0.200,   0.106,   2.938,   0.200,   2.938,   0.300,   3.038
202603092306,   2.518,   2.840,9999.000,9999.000,9999.000,9999.000,9999.000,9999.000,9999.000
202603092312,   2.405,   2.758,9999.000,9999.000,9999.000,9999.000,9999.000,9999.000,9999.000
202603092318,   2.293,   2.669,9999.000,9999.000,9999.000,9999.000,9999.000,9999.000,9999.000
202603092324,   2.182,   2.587,9999.000,9999.000,9999.000,9999.000,9999.000,9999.000,9999.000
202603092330,   2.074,   2.509,9999.000,9999.000,9999.000,9999.000,9999.000,9999.000,9999.000
202603092336,   1.967,   2.430,9999.000,9999.000,9999.000,9999.000,9999.000,9999.000,9999.000
202603092342,   1.863,   2.358,9999.000,9999.000,9999.000,9999.000,9999.000,9999.000,9999.000
202603092348,   1.762,   2.279,9999.000,9999.000,9999.000,9999.000,9999.000,9999.000,9999.000
202603092354,   1.663,   1.803,9999.000,9999.000,9999.000,9999.000,9999.000,9999.000,9999.000
202603100000,   1.568,   2.138,   0.300,   0.270,   2.138,   0.200,   2.038,   0.300,   2.138
202603100006,   1.475,   2.069,9999.000,9999.000,9999.000,9999.000,9999.000,9999.000,9999.000
202603100012,   1.386,   2.000,9999.000,9999.000,9999.000,9999.000,9999.000,9999.000,9999.000
202603100018,   1.301,   1.928,9999.000,9999.000,9999.000,9999.000,9999.000,9999.000,9999.000
202603100024,   1.219,   1.869,9999.000,9999.000,9999.000,9999.000,9999.000,9999.000,9999.000
202603100030,   1.141,   1.800,9999.000,9999.000,9999.000,9999.000,9999.000,9999.000,9999.000
202603100036,   1.066,   1.738,9999.000,9999.000,9999.000,9999.000,9999.000,9999.000,9999.000
202603100042,   0.994,   1.679,9999.000,9999.000,9999.000,9999.000,9999.000,9999.000,9999.000
202603100048,   0.926,   1.630,9999.000,9999.000,9999.000,9999.000,9999.000,9999.000,9999.000
202603100054,   0.861,   1.557,9999.000,9999.000,9999.000,9999.000,9999.000,9999.000,9999.000
202603100100,   0.800,   1.498,   0.300,   0.398,   1.498,   0.300,   1.498,   0.300,   1.498
202603100106,   0.742,   1.430,9999.000,9999.000,9999.000,9999.000,9999.000,9999.000,9999.000
202603100112,   0.686,   1.371,9999.000,9999.000,9999.000,9999.000,9999.000,9999.000,9999.000
202603100118,   0.634,   1.308,9999.000,9999.000,9999.000,9999.000,9999.000,9999.000,9999.000
202603100124,   0.585,   1.249,9999.000,9999.000,9999.000,9999.000,9999.000,9999.000,9999.000
202603100130,   0.538,   1.210,9999.000,9999.000,9999.000,9999.000,9999.000,9999.000,9999.000
202603100136,   0.494,   1.161,9999.000,9999.000,9999.000,9999.000,9999.000,9999.000,9999.000
202603100142,   0.453,   1.118,9999.000,9999.000,9999.000,9999.000,9999.000,9999.000,9999.000
202603100148,   0.415,   1.079,9999.000,9999.000,9999.000,9999.000,9999.000,9999.000,9999.000
202603100154,   0.380,   1.029,9999.000,9999.000,9999.000,9999.000,9999.000,9999.000,9999.000
202603100200,   0.347,   1.000,   0.300,   0.353,   1.000,   0.300,   1.000,   0.300,   1.000
202603100206,   0.318,   0.961,9999.000,9999.000,9999.000,9999.000,9999.000,9999.000,9999.000
202603100212,   0.292,   0.951,9999.000,9999.000,9999.000,9999.000,9999.000,9999.000,9999.000
202603100218,   0.269,   0.928,9999.000,9999.000,9999.000,9999.000,9999.000,9999.000,9999.000
202603100224,   0.250,   0.918,9999.000,9999.000,9999.000,9999.000,9999.000,9999.000,9999.000
202603100230,   0.235,   0.908,9999.000,9999.000,9999.000,9999.000,9999.000,9999.000,9999.000
202603100236,   0.225,   0.918,9999.000,9999.000,9999.000,9999.000,9999.000,9999.000,9999.000
202603100242,   0.219,   0.941,9999.000,9999.000,9999.000,9999.000,9999.000,9999.000,9999.000
202603100248,   0.219,   0.961,9999.000,9999.000,9999.000,9999.000,9999.000,9999.000,9999.000
202603100254,   0.224,   1.010,9999.000,9999.000,9999.000,9999.000,9999.000,9999.000,9999.000
202603100300,   0.235,   1.059,   0.300,   0.524,   1.059,   0.300,   1.059,   0.400,   1.159
202603100306,   0.253,   1.128,9999.000,9999.000,9999.000,9999.000,9999.000,9999.000,9999.000
202603100312,   0.278,   1.200,9999.000,9999.000,9999.000,9999.000,9999.000,9999.000,9999.000
202603100318,   0.310,   1.269,9999.000,9999.000,9999.000,9999.000,9999.000,9999.000,9999.000
202603100324,   0.349,   1.361,9999.000,9999.000,9999.000,9999.000,9999.000,9999.000,9999.000
202603100330,   0.397,   1.449,9999.000,9999.000,9999.000,9999.000,9999.000,9999.000,9999.000
202603100336,   0.452,   1.548,9999.000,9999.000,9999.000,9999.000,9999.000,9999.000,9999.000
202603100342,   0.516,   1.659,9999.000,9999.000,9999.000,9999.000,9999.000,9999.000,9999.000
202603100348,   0.588,   1.767,9999.000,9999.000,9999.000,9999.000,9999.000,9999.000,9999.000
202603100354,   0.668,   1.859,9999.000,9999.000,9999.000,9999.000,9999.000,9999.000,9999.000
202603100400,   0.757,   1.981,   0.300,   0.924,   1.981,   0.300,   1.981,   0.400,   2.081
202603100406,   0.854,   2.118,9999.000,9999.000,9999.000,9999.000,9999.000,9999.000,9999.000
202603100412,   0.958,   2.220,9999.000,9999.000,9999.000,9999.000,9999.000,9999.000,9999.000
202603100418,   1.070,   2.318,9999.000,9999.000,9999.000,9999.000,9999.000,9999.000,9999.000
202603100424,   1.188,   2.450,9999.000,9999.000,9999.000,9999.000,9999.000,9999.000,9999.000
202603100430,   1.313,   2.548,9999.000,9999.000,9999.000,9999.000,9999.000,9999.000,9999.000
202603100436,   1.443,   2.660,9999.000,9999.000,9999.000,9999.000,9999.000,9999.000,9999.000
202603100442,   1.579,   2.758,9999.000,9999.000,9999.000,9999.000,9999.000,9999.000,9999.000
202603100448,   1.719,   2.860,9999.000,9999.000,9999.000,9999.000,9999.000,9999.000,9999.000
202603100454,   1.862,   2.968,9999.000,9999.000,9999.000,9999.000,9999.000,9999.000,9999.000
202603100500,   2.008,   3.070,   0.300,   0.762,   3.070,   0.300,   3.070,   0.400,   3.170
202603100506,   2.155,   3.178,9999.000,9999.000,9999.000,9999.000,9999.000,9999.000,9999.000
202603100512,   2.304,   3.289,9999.000,9999.000,9999.000,9999.000,9999.000,9999.000,9999.000
202603100518,   2.452,   3.398,9999.000,9999.000,9999.000,9999.000,9999.000,9999.000,9999.000
202603100524,   2.600,   3.499,9999.000,9999.000,9999.000,9999.000,9999.000,9999.000,9999.000
202603100530,   2.746,   3.617,9999.000,9999.000,9999.000,9999.000,9999.000,9999.000,9999.000
202603100536,   2.891,   3.729,9999.000,9999.000,9999.000,9999.000,9999.000,9999.000,9999.000
202603100542,   3.032,   3.837,9999.000,9999.000,9999.000,9999.000,9999.000,9999.000,9999.000
202603100548,   3.170,   3.949,9999.000,9999.000,9999.000,9999.000,9999.000,9999.000,9999.000
202603100554,   3.304,   4.057,9999.000,9999.000,9999.000,9999.000,9999.000,9999.000,9999.000
202603100600,   3.434,   4.159,   0.300,   0.425,   4.159,   0.300,   4.159,   0.400,   4.259
202603100606,   3.559,   4.267,9999.000,9999.000,9999.000,9999.000,9999.000,9999.000,9999.000
202603100612,   3.679,   4.388,9999.000,9999.000,9999.000,9999.000,9999.000,9999.000,9999.000
202603100618,   3.794,   4.467,9999.000,9999.000,9999.000,9999.000,9999.000,9999.000,9999.000
202603100624,   3.904,   4.559,9999.000,9999.000,9999.000,9999.000,9999.000,9999.000,9999.000
202603100630,   4.008,   4.667,9999.000,9999.000,9999.000,9999.000,9999.000,9999.000,9999.000
202603100636,   4.107,   4.749,9999.000,9999.000,9999.000,9999.000,9999.000,9999.000,9999.000
202603100642,   4.201,   4.847,9999.000,9999.000,9999.000,9999.000,9999.000,9999.000,9999.000
202603100648,   4.290,   4.939,9999.000,9999.000,9999.000,9999.000,9999.000,9999.000,9999.000
202603100654,   4.374,   5.018,9999.000,9999.000,9999.000,9999.000,9999.000,9999.000,9999.000
202603100700,   4.453,   5.120,   0.300,   0.367,   5.120,   0.300,   5.120,   0.400,   5.220
202603100706,   4.528,   5.208,9999.000,9999.000,9999.000,9999.000,9999.000,9999.000,9999.000
202603100712,   4.598,   5.277,9999.000,9999.000,9999.000,9999.000,9999.000,9999.000,9999.000
202603100718,   4.664,   5.349,9999.000,9999.000,9999.000,9999.000,9999.000,9999.000,9999.000
202603100724,   4.725,   5.398,9999.000,9999.000,9999.000,9999.000,9999.000,9999.000,9999.000
202603100730,   4.783,   5.477,9999.000,9999.000,9999.000,9999.000,9999.000,9999.000,9999.000
202603100736,   4.837,   5.549,9999.000,9999.000,9999.000,9999.000,9999.000,9999.000,9999.000
202603100742,   4.886,   5.598,9999.000,9999.000,9999.000,9999.000,9999.000,9999.000,9999.000
202603100748,   4.932,   5.648,9999.000,9999.000,9999.000,9999.000,9999.000,9999.000,9999.000
202603100754,   4.974,   5.707,9999.000,9999.000,9999.000,9999.000,9999.000,9999.000,9999.000
202603100800,   5.012,   5.739,   0.300,   0.427,   5.739,   0.300,   5.739,   0.300,   5.739
202603100806,   5.045,   5.779,9999.000,9999.000,9999.000,9999.000,9999.000,9999.000,9999.000
202603100812,   5.074,   5.799,9999.000,9999.000,9999.000,9999.000,9999.000,9999.000,9999.000
202603100818,   5.099,   5.799,9999.000,9999.000,9999.000,9999.000,9999.000,9999.000,9999.000
202603100824,   5.119,   5.848,9999.000,9999.000,9999.000,9999.000,9999.000,9999.000,9999.000
202603100830,   5.134,   5.858,9999.000,9999.000,9999.000,9999.000,9999.000,9999.000,9999.000
202603100836,   5.144,   5.848,9999.000,9999.000,9999.000,9999.000,9999.000,9999.000,9999.000
202603100842,   5.148,   5.867,9999.000,9999.000,9999.000,9999.000,9999.000,9999.000,9999.000
202603100848,   5.147,   5.838,9999.000,9999.000,9999.000,9999.000,9999.000,9999.000,9999.000
202603100854,   5.140,   5.799,9999.000,9999.000,9999.000,9999.000,9999.000,9999.000,9999.000
202603100900,   5.127,   5.789,   0.300,   0.362,   5.789,   0.200,   5.689,   0.300,   5.789
202603100906,   5.107,   5.730,9999.000,9999.000,9999.000,9999.000,9999.000,9999.000,9999.000
202603100912,   5.082,   5.677,9999.000,9999.000,9999.000,9999.000,9999.000,9999.000,9999.000
202603100918,   5.049,   5.628,9999.000,9999.000,9999.000,9999.000,9999.000,9999.000,9999.000
202603100924,   5.011,   5.549,9999.000,9999.000,9999.000,9999.000,9999.000,9999.000,9999.000
202603100930,   4.966,   5.477,9999.000,9999.000,9999.000,9999.000,9999.000,9999.000,9999.000
202603100936,   4.914,   5.408,9999.000,9999.000,9999.000,9999.000,9999.000,9999.000,9999.000
202603100942,   4.856,   5.307,9999.000,9999.000,9999.000,9999.000,9999.000,9999.000,9999.000
202603100948,   4.792,   5.218,9999.000,9999.000,9999.000,9999.000,9999.000,9999.000,9999.000
202603100954,   4.722,   5.139,9999.000,9999.000,9999.000,9999.000,9999.000,9999.000,9999.000
202603101000,   4.646,   5.028,   0.300,   0.082,   5.028,   0.200,   4.928,   0.300,   5.028
202603101006,   4.565,   4.929,9999.000,9999.000,9999.000,9999.000,9999.000,9999.000,9999.000
202603101012,   4.479,   4.837,9999.000,9999.000,9999.000,9999.000,9999.000,9999.000,9999.000
202603101018,   4.388,   4.749,9999.000,9999.000,9999.000,9999.000,9999.000,9999.000,9999.000
202603101024,   4.293,   4.618,9999.000,9999.000,9999.000,9999.000,9999.000,9999.000,9999.000
202603101030,   4.193,   4.519,9999.000,9999.000,9999.000,9999.000,9999.000,9999.000,9999.000
202603101036,   4.091,   4.418,9999.000,9999.000,9999.000,9999.000,9999.000,9999.000,9999.000
202603101042,   3.985,   4.309,9999.000,9999.000,9999.000,9999.000,9999.000,9999.000,9999.000
202603101048,   3.877,   4.237,9999.000,9999.000,9999.000,9999.000,9999.000,9999.000,9999.000
202603101054,   3.766,   4.139,9999.000,9999.000,9999.000,9999.000,9999.000,9999.000,9999.000
202603101100,   3.654,   4.027,   0.300,   0.073,   4.027,   0.200,   3.927,   0.300,   4.027
202603101106,   3.540,   3.939,9999.000,9999.000,9999.000,9999.000,9999.000,9999.000,9999.000
202603101112,   3.426,   3.827,9999.000,9999.000,9999.000,9999.000,9999.000,9999.000,9999.000
202603101118,   3.311,   3.729,9999.000,9999.000,9999.000,9999.000,9999.000,9999.000,9999.000
202603101124,   3.196,   3.650,9999.000,9999.000,9999.000,9999.000,9999.000,9999.000,9999.000
202603101130,   3.082,   3.539,9999.000,9999.000,9999.000,9999.000,9999.000,9999.000,9999.000
202603101136,   2.968,   3.460,9999.000,9999.000,9999.000,9999.000,9999.000,9999.000,9999.000
202603101142,   2.856,   3.388,9999.000,9999.000,9999.000,9999.000,9999.000,9999.000,9999.000
202603101148,   2.745,   3.299,9999.000,9999.000,9999.000,9999.000,9999.000,9999.000,9999.000
202603101154,   2.635,   3.217,9999.000,9999.000,9999.000,9999.000,9999.000,9999.000,9999.000
202603101200,   2.527,   3.148,   0.300,   0.321,   3.148,   0.300,   3.148,   0.300,   3.148
202603101206,   2.422,   3.089,9999.000,9999.000,9999.000,9999.000,9999.000,9999.000,9999.000
202603101212,   2.319,   3.030,9999.000,9999.000,9999.000,9999.000,9999.000,9999.000,9999.000
202603101218,   2.218,   2.958,9999.000,9999.000,9999.000,9999.000,9999.000,9999.000,9999.000
202603101224,   2.120,   2.850,9999.000,9999.000,9999.000,9999.000,9999.000,9999.000,9999.000
202603101230,   2.025,   2.820,9999.000,9999.000,9999.000,9999.000,9999.000,9999.000,9999.000
202603101236,   1.932,   2.709,9999.000,9999.000,9999.000,9999.000,9999.000,9999.000,9999.000
202603101242,   1.843,   2.640,9999.000,9999.000,9999.000,9999.000,9999.000,9999.000,9999.000
202603101248,   1.756,   2.587,9999.000,9999.000,9999.000,9999.000,9999.000,9999.000,9999.000
202603101254,   1.672,   2.509,9999.000,9999.000,9999.000,9999.000,9999.000,9999.000,9999.000
202603101300,   1.590,   2.430,   0.300,   0.540,   2.430,   0.300,   2.430,   0.300,   2.430
202603101306,   1.512,   2.348,9999.000,9999.000,9999.000,9999.000,9999.000,9999.000,9999.000
202603101312,   1.435,   2.279,9999.000,9999.000,9999.000,9999.000,9999.000,9999.000,9999.000
202603101318,   1.362,   2.200,9999.000,9999.000,9999.000,9999.000,9999.000,9999.000,9999.000
202603101324,   1.290,   2.089,9999.000,9999.000,9999.000,9999.000,9999.000,9999.000,9999.000
202603101330,   1.221,   2.020,9999.000,9999.000,9999.000,9999.000,9999.000,9999.000,9999.000
202603101336,   1.154,   1.967,9999.000,9999.000,9999.000,9999.000,9999.000,9999.000,9999.000
202603101342,   1.089,   1.879,9999.000,9999.000,9999.000,9999.000,9999.000,9999.000,9999.000
202603101348,   1.026,   1.790,9999.000,9999.000,9999.000,9999.000,9999.000,9999.000,9999.000
202603101354,   0.965,   1.708,9999.000,9999.000,9999.000,9999.000,9999.000,9999.000,9999.000
202603101400,   0.905,   1.649,   0.300,   0.444,   1.649,   0.300,   1.649,   0.300,   1.649
202603101406,   0.847,   1.580,9999.000,9999.000,9999.000,9999.000,9999.000,9999.000,9999.000
202603101412,   0.791,   1.508,9999.000,9999.000,9999.000,9999.000,9999.000,9999.000,9999.000
202603101418,   0.737,   1.449,9999.000,9999.000,9999.000,9999.000,9999.000,9999.000,9999.000
202603101424,   0.684,   1.380,9999.000,9999.000,9999.000,9999.000,9999.000,9999.000,9999.000
202603101430,   0.633,   1.308,9999.000,9999.000,9999.000,9999.000,9999.000,9999.000,9999.000
202603101436,   0.585,   1.269,9999.000,9999.000,9999.000,9999.000,9999.000,9999.000,9999.000
202603101442,   0.539,   1.220,9999.000,9999.000,9999.000,9999.000,9999.000,9999.000,9999.000
202603101448,   0.495,   1.161,9999.000,9999.000,9999.000,9999.000,9999.000,9999.000,9999.000
202603101454,   0.455,   1.108,9999.000,9999.000,9999.000,9999.000,9999.000,9999.000,9999.000
202603101500,   0.418,   1.079,   0.300,   0.361,   1.079,   0.300,   1.079,   0.300,   1.079
202603101506,   0.385,   1.039,9999.000,9999.000,9999.000,9999.000,9999.000,9999.000,9999.000
202603101512,   0.356,   1.010,9999.000,9999.000,9999.000,9999.000,9999.000,9999.000,9999.000
202603101518,   0.332,   0.980,9999.000,9999.000,9999.000,9999.000,9999.000,9999.000,9999.000
202603101524,   0.313,   0.970,9999.000,9999.000,9999.000,9999.000,9999.000,9999.000,9999.000
202603101530,   0.300,   0.941,9999.000,9999.000,9999.000,9999.000,9999.000,9999.000,9999.000
202603101536,   0.293,   0.928,9999.000,9999.000,9999.000,9999.000,9999.000,9999.000,9999.000
202603101542,   0.292,   0.941,9999.000,9999.000,9999.000,9999.000,9999.000,9999.000,9999.000
202603101548,   0.298,   0.961,9999.000,9999.000,9999.000,9999.000,9999.000,9999.000,9999.000
202603101554,   0.311,   0.990,9999.000,9999.000,9999.000,9999.000,9999.000,9999.000,9999.000
202603101600,   0.332,   1.039,   0.300,   0.407,   1.039,   0.300,   1.039,   0.300,   1.039
202603101606,   0.361,   1.088,9999.000,9999.000,9999.000,9999.000,9999.000,9999.000,9999.000
202603101612,   0.398,   1.138,9999.000,9999.000,9999.000,9999.000,9999.000,9999.000,9999.000
202603101618,   0.443,   1.249,9999.000,9999.000,9999.000,9999.000,9999.000,9999.000,9999.000
202603101624,   0.496,   1.371,9999.000,9999.000,9999.000,9999.000,9999.000,9999.000,9999.000
202603101630,   0.556,   1.439,9999.000,9999.000,9999.000,9999.000,9999.000,9999.000,9999.000
202603101636,   0.625,   1.557,9999.000,9999.000,9999.000,9999.000,9999.000,9999.000,9999.000
202603101642,   0.701,   1.689,9999.000,9999.000,9999.000,9999.000,9999.000,9999.000,9999.000
202603101648,   0.784,   1.810,9999.000,9999.000,9999.000,9999.000,9999.000,9999.000,9999.000
202603101654,   0.874,   1.928,9999.000,9999.000,9999.000,9999.000,9999.000,9999.000,9999.000
202603101700,   0.969,   2.040,   0.300,   0.771,   2.040,   0.300,   2.040,   0.300,   2.040
202603101706,   1.071,   2.158,9999.000,9999.000,9999.000,9999.000,9999.000,9999.000,9999.000
202603101712,   1.177,   2.259,9999.000,9999.000,9999.000,9999.000,9999.000,9999.000,9999.000
202603101718,   1.287,   2.358,9999.000,9999.000,9999.000,9999.000,9999.000,9999.000,9999.000
202603101724,   1.400,   2.479,9999.000,9999.000,9999.000,9999.000,9999.000,9999.000,9999.000
202603101730,   1.517,   2.630,9999.000,9999.000,9999.000,9999.000,9999.000,9999.000,9999.000
202603101736,   1.635,   2.728,9999.000,9999.000,9999.000,9999.000,9999.000,9999.000,9999.000
202603101742,   1.754,   2.830,9999.000,9999.000,9999.000,9999.000,9999.000,9999.000,9999.000
202603101748,   1.873,   2.938,9999.000,9999.000,9999.000,9999.000,9999.000,9999.000,9999.000
202603101754,   1.993,   3.030,9999.000,9999.000,9999.000,9999.000,9999.000,9999.000,9999.000
202603101800,   2.111,   3.148,   0.300,   0.737,   3.148,   0.300,   3.148,   0.300,   3.148
202603101806,   2.228,   3.240,9999.000,9999.000,9999.000,9999.000,9999.000,9999.000,9999.000
202603101812,   2.343,   3.358,9999.000,9999.000,9999.000,9999.000,9999.000,9999.000,9999.000
202603101818,   2.455,   3.450,9999.000,9999.000,9999.000,9999.000,9999.000,9999.000,9999.000
202603101824,   2.564,   3.529,9999.000,9999.000,9999.000,9999.000,9999.000,9999.000,9999.000
202603101830,   2.670,   3.650,9999.000,9999.000,9999.000,9999.000,9999.000,9999.000,9999.000
202603101836,   2.773,   3.739,9999.000,9999.000,9999.000,9999.000,9999.000,9999.000,9999.000
202603101842,   2.872,   3.827,9999.000,9999.000,9999.000,9999.000,9999.000,9999.000,9999.000
202603101848,   2.967,   3.929,9999.000,9999.000,9999.000,9999.000,9999.000,9999.000,9999.000
202603101854,   3.058,   4.008,9999.000,9999.000,9999.000,9999.000,9999.000,9999.000,9999.000
202603101900,   3.146,   4.119,   0.300,   0.673,   4.119,   0.300,   4.119,   0.300,   4.119
202603101906,   3.229,   4.188,9999.000,9999.000,9999.000,9999.000,9999.000,9999.000,9999.000
202603101912,   3.310,   4.280,9999.000,9999.000,9999.000,9999.000,9999.000,9999.000,9999.000
202603101918,   3.387,   4.359,9999.000,9999.000,9999.000,9999.000,9999.000,9999.000,9999.000
202603101924,   3.460,   4.418,9999.000,9999.000,9999.000,9999.000,9999.000,9999.000,9999.000
202603101930,   3.530,   4.490,9999.000,9999.000,9999.000,9999.000,9999.000,9999.000,9999.000
202603101936,   3.597,   4.569,9999.000,9999.000,9999.000,9999.000,9999.000,9999.000,9999.000
202603101942,   3.662,   4.618,9999.000,9999.000,9999.000,9999.000,9999.000,9999.000,9999.000
202603101948,   3.723,   4.677,9999.000,9999.000,9999.000,9999.000,9999.000,9999.000,9999.000
202603101954,   3.782,   4.739,9999.000,9999.000,9999.000,9999.000,9999.000,9999.000,9999.000
202603102000,   3.838,   4.788,   0.300,   0.650,   4.788,   0.300,   4.788,   0.300,   4.788
202603102006,   3.891,   4.847,9999.000,9999.000,9999.000,9999.000,9999.000,9999.000,9999.000
202603102012,   3.941,   4.887,9999.000,9999.000,9999.000,9999.000,9999.000,9999.000,9999.000
202603102018,   3.989,   4.939,9999.000,9999.000,9999.000,9999.000,9999.000,9999.000,9999.000
202603102024,   4.033,   4.979,9999.000,9999.000,9999.000,9999.000,9999.000,9999.000,9999.000
202603102030,   4.075,   5.008,9999.000,9999.000,9999.000,9999.000,9999.000,9999.000,9999.000
202603102036,   4.113,   5.038,9999.000,9999.000,9999.000,9999.000,9999.000,9999.000,9999.000
202603102042,   4.147,   5.028,9999.000,9999.000,9999.000,9999.000,9999.000,9999.000,9999.000
202603102048,   4.177,   5.087,9999.000,9999.000,9999.000,9999.000,9999.000,9999.000,9999.000
202603102054,   4.203,   5.159,9999.000,9999.000,9999.000,9999.000,9999.000,9999.000,9999.000
202603102100,   4.224,   5.129,   0.300,   0.605,   5.129,   0.300,   5.129,   0.400,   5.229
202603102106,   4.241,   5.120,9999.000,9999.000,9999.000,9999.000,9999.000,9999.000,9999.000
202603102112,   4.252,   5.129,9999.000,9999.000,9999.000,9999.000,9999.000,9999.000,9999.000
202603102118,   4.258,   5.129,9999.000,9999.000,9999.000,9999.000,9999.000,9999.000,9999.000
202603102124,   4.258,   5.077,9999.000,9999.000,9999.000,9999.000,9999.000,9999.000,9999.000
202603102130,   4.252,   5.038,9999.000,9999.000,9999.000,9999.000,9999.000,9999.000,9999.000
202603102136,   4.240,   5.018,9999.000,9999.000,9999.000,9999.000,9999.000,9999.000,9999.000
202603102142,   4.222,   4.949,9999.000,9999.000,9999.000,9999.000,9999.000,9999.000,9999.000
202603102148,   4.197,   4.900,9999.000,9999.000,9999.000,9999.000,9999.000,9999.000,9999.000
202603102154,   4.166,   4.847,9999.000,9999.000,9999.000,9999.000,9999.000,9999.000,9999.000
202603102200,   4.128,   4.759,   0.300,   0.331,   4.759,   0.300,   4.759,   0.400,   4.859
202603102206,   4.083,   4.690,9999.000,9999.000,9999.000,9999.000,9999.000,9999.000,9999.000
202603102212,   4.033,   4.608,9999.000,9999.000,9999.000,9999.000,9999.000,9999.000,9999.000
202603102218,   3.976,   4.539,9999.000,9999.000,9999.000,9999.000,9999.000,9999.000,9999.000
202603102224,   3.913,   4.447,9999.000,9999.000,9999.000,9999.000,9999.000,9999.000,9999.000
202603102230,   3.844,   4.359,9999.000,9999.000,9999.000,9999.000,9999.000,9999.000,9999.000
202603102236,   3.770,   4.280,9999.000,9999.000,9999.000,9999.000,9999.000,9999.000,9999.000
202603102242,   3.691,   4.188,9999.000,9999.000,9999.000,9999.000,9999.000,9999.000,9999.000
202603102248,   3.606,   4.099,9999.000,9999.000,9999.000,9999.000,9999.000,9999.000,9999.000
202603102254,   3.518,   3.998,9999.000,9999.000,9999.000,9999.000,9999.000,9999.000,9999.000
202603102300,   3.425,   3.899,   0.400,   0.074,   3.899,   0.300,   3.799,   0.400,   3.899
202603102306,   3.329,   3.817,9999.000,9999.000,9999.000,9999.000,9999.000,9999.000,9999.000
202603102312,   3.230,   3.729,9999.000,9999.000,9999.000,9999.000,9999.000,9999.000,9999.000
202603102318,   3.128,   3.607,9999.000,9999.000,9999.000,9999.000,9999.000,9999.000,9999.000
202603102324,   3.024,   3.499,9999.000,9999.000,9999.000,9999.000,9999.000,9999.000,9999.000
202603102330,   2.919,   3.398,9999.000,9999.000,9999.000,9999.000,9999.000,9999.000,9999.000
202603102336,   2.812,   3.319,9999.000,9999.000,9999.000,9999.000,9999.000,9999.000,9999.000
202603102342,   2.704,   3.230,9999.000,9999.000,9999.000,9999.000,9999.000,9999.000,9999.000
202603102348,   2.596,   3.129,9999.000,9999.000,9999.000,9999.000,9999.000,9999.000,9999.000
202603102354,   2.488,   2.555,9999.000,9999.000,9999.000,9999.000,9999.000,9999.000,9999.000
202603110000,   2.380,   2.968,   0.400,   0.188,   2.968,   0.300,   2.868,   0.400,   2.968
202603110006,   2.273,   2.879,9999.000,9999.000,9999.000,9999.000,9999.000,9999.000,9999.000
202603110012,   2.168,   2.807,9999.000,9999.000,9999.000,9999.000,9999.000,9999.000,9999.000
202603110018,   2.064,   2.748,9999.000,9999.000,9999.000,9999.000,9999.000,9999.000,9999.000
202603110024,   1.962,   2.650,9999.000,9999.000,9999.000,9999.000,9999.000,9999.000,9999.000
202603110030,   1.862,   2.558,9999.000,9999.000,9999.000,9999.000,9999.000,9999.000,9999.000
202603110036,   1.764,   2.509,9999.000,9999.000,9999.000,9999.000,9999.000,9999.000,9999.000
202603110042,   1.669,   2.469,9999.000,9999.000,9999.000,9999.000,9999.000,9999.000,9999.000
202603110048,   1.577,   2.377,9999.000,9999.000,9999.000,9999.000,9999.000,9999.000,9999.000
202603110054,   1.488,   2.299,9999.000,9999.000,9999.000,9999.000,9999.000,9999.000,9999.000
202603110100,   1.402,   2.240,   0.400,   0.438,   2.240,   0.300,   2.140,   0.400,   2.240
202603110106,   1.319,   2.168,9999.000,9999.000,9999.000,9999.000,9999.000,9999.000,9999.000
202603110112,   1.239,   2.109,9999.000,9999.000,9999.000,9999.000,9999.000,9999.000,9999.000
202603110118,   1.163,   2.040,9999.000,9999.000,9999.000,9999.000,9999.000,9999.000,9999.000
202603110124,   1.091,   1.981,9999.000,9999.000,9999.000,9999.000,9999.000,9999.000,9999.000
202603110130,   1.021,   1.918,9999.000,9999.000,9999.000,9999.000,9999.000,9999.000,9999.000
202603110136,   0.955,   1.849,9999.000,9999.000,9999.000,9999.000,9999.000,9999.000,9999.000
202603110142,   0.893,   1.800,9999.000,9999.000,9999.000,9999.000,9999.000,9999.000,9999.000
202603110148,   0.834,   1.738,9999.000,9999.000,9999.000,9999.000,9999.000,9999.000,9999.000
202603110154,   0.778,   1.679,9999.000,9999.000,9999.000,9999.000,9999.000,9999.000,9999.000
202603110200,   0.725,   1.610,   0.400,   0.485,   1.610,   0.300,   1.510,   0.400,   1.610
202603110206,   0.675,   1.557,9999.000,9999.000,9999.000,9999.000,9999.000,9999.000,9999.000
202603110212,   0.628,   1.498,9999.000,9999.000,9999.000,9999.000,9999.000,9999.000,9999.000
202603110218,   0.584,   1.449,9999.000,9999.000,9999.000,9999.000,9999.000,9999.000,9999.000
202603110224,   0.543,   1.400,9999.000,9999.000,9999.000,9999.000,9999.000,9999.000,9999.000
202603110230,   0.505,   1.348,9999.000,9999.000,9999.000,9999.000,9999.000,9999.000,9999.000
202603110236,   0.469,   1.308,9999.000,9999.000,9999.000,9999.000,9999.000,9999.000,9999.000
202603110242,   0.437,   1.269,9999.000,9999.000,9999.000,9999.000,9999.000,9999.000,9999.000
202603110248,   0.407,   1.249,9999.000,9999.000,9999.000,9999.000,9999.000,9999.000,9999.000
202603110254,   0.381,   1.200,9999.000,9999.000,9999.000,9999.000,9999.000,9999.000,9999.000
202603110300,   0.358,   1.170,   0.400,   0.412,   1.170,   0.300,   1.070,   0.400,   1.170
202603110306,   0.338,   1.151,9999.000,9999.000,9999.000,9999.000,9999.000,9999.000,9999.000
202603110312,   0.322,   1.138,9999.000,9999.000,9999.000,9999.000,9999.000,9999.000,9999.000
202603110318,   0.310,   1.128,9999.000,9999.000,9999.000,9999.000,9999.000,9999.000,9999.000
202603110324,   0.302,   1.128,9999.000,9999.000,9999.000,9999.000,9999.000,9999.000,9999.000
202603110330,   0.299,   1.138,9999.000,9999.000,9999.000,9999.000,9999.000,9999.000,9999.000
202603110336,   0.300,   1.170,9999.000,9999.000,9999.000,9999.000,9999.000,9999.000,9999.000
202603110342,   0.307,   1.210,9999.000,9999.000,9999.000,9999.000,9999.000,9999.000,9999.000
202603110348,   0.320,   1.259,9999.000,9999.000,9999.000,9999.000,9999.000,9999.000,9999.000
202603110354,   0.339,   1.318,9999.000,9999.000,9999.000,9999.000,9999.000,9999.000,9999.000
202603110400,   0.364,   1.380,   0.400,   0.616,   1.380,   0.300,   1.280,   0.400,   1.380
202603110406,   0.396,   1.449,9999.000,9999.000,9999.000,9999.000,9999.000,9999.000,9999.000
202603110412,   0.436,   1.528,9999.000,9999.000,9999.000,9999.000,9999.000,9999.000,9999.000
202603110418,   0.483,   1.600,9999.000,9999.000,9999.000,9999.000,9999.000,9999.000,9999.000
202603110424,   0.537,   1.669,9999.000,9999.000,9999.000,9999.000,9999.000,9999.000,9999.000
202603110430,   0.599,   1.748,9999.000,9999.000,9999.000,9999.000,9999.000,9999.000,9999.000
202603110436,   0.669,   1.840,9999.000,9999.000,9999.000,9999.000,9999.000,9999.000,9999.000
202603110442,   0.747,   1.918,9999.000,9999.000,9999.000,9999.000,9999.000,9999.000,9999.000
202603110448,   0.832,   2.040,9999.000,9999.000,9999.000,9999.000,9999.000,9999.000,9999.000
202603110454,   0.926,   2.128,9999.000,9999.000,9999.000,9999.000,9999.000,9999.000,9999.000
202603110500,   1.026,   2.230,   0.400,   0.804,   2.230,   0.300,   2.130,   0.400,   2.230
202603110506,   1.133,   2.338,9999.000,9999.000,9999.000,9999.000,9999.000,9999.000,9999.000
202603110512,   1.247,   2.440,9999.000,9999.000,9999.000,9999.000,9999.000,9999.000,9999.000
202603110518,   1.367,   2.548,9999.000,9999.000,9999.000,9999.000,9999.000,9999.000,9999.000
202603110524,   1.492,   2.660,9999.000,9999.000,9999.000,9999.000,9999.000,9999.000,9999.000
202603110530,   1.622,   2.768,9999.000,9999.000,9999.000,9999.000,9999.000,9999.000,9999.000
202603110536,   1.756,   2.899,9999.000,9999.000,9999.000,9999.000,9999.000,9999.000,9999.000
202603110542,   1.894,   3.007,9999.000,9999.000,9999.000,9999.000,9999.000,9999.000,9999.000
202603110548,   2.033,   3.109,9999.000,9999.000,9999.000,9999.000,9999.000,9999.000,9999.000
202603110554,   2.174,   3.207,9999.000,9999.000,9999.000,9999.000,9999.000,9999.000,9999.000
202603110600,   2.316,   3.319,   0.300,   0.703,   3.319,   0.300,   3.319,   0.400,   3.419
202603110606,   2.458,   3.440,9999.000,9999.000,9999.000,9999.000,9999.000,9999.000,9999.000
202603110612,   2.600,   3.519,9999.000,9999.000,9999.000,9999.000,9999.000,9999.000,9999.000
202603110618,   2.740,   3.637,9999.000,9999.000,9999.000,9999.000,9999.000,9999.000,9999.000
202603110624,   2.877,   3.758,9999.000,9999.000,9999.000,9999.000,9999.000,9999.000,9999.000
202603110630,   3.012,   3.847,9999.000,9999.000,9999.000,9999.000,9999.000,9999.000,9999.000
202603110636,   3.143,   3.949,9999.000,9999.000,9999.000,9999.000,9999.000,9999.000,9999.000
202603110642,   3.271,   4.057,9999.000,9999.000,9999.000,9999.000,9999.000,9999.000,9999.000
202603110648,   3.394,   4.168,9999.000,9999.000,9999.000,9999.000,9999.000,9999.000,9999.000
202603110654,   3.513,   4.267,9999.000,9999.000,9999.000,9999.000,9999.000,9999.000,9999.000
202603110700,   3.626,   4.368,   0.300,   0.442,   4.368,   0.300,   4.368,   0.400,   4.468
202603110706,   3.735,   4.467,9999.000,9999.000,9999.000,9999.000,9999.000,9999.000,9999.000
202603110712,   3.838,   4.569,9999.000,9999.000,9999.000,9999.000,9999.000,9999.000,9999.000
202603110718,   3.937,   4.677,9999.000,9999.000,9999.000,9999.000,9999.000,9999.000,9999.000
202603110724,   4.030,   4.778,9999.000,9999.000,9999.000,9999.000,9999.000,9999.000,9999.000
202603110730,   4.118,   4.867,9999.000,9999.000,9999.000,9999.000,9999.000,9999.000,9999.000
202603110736,   4.201,   4.949,9999.000,9999.000,9999.000,9999.000,9999.000,9999.000,9999.000
202603110742,   4.279,   5.038,9999.000,9999.000,9999.000,9999.000,9999.000,9999.000,9999.000
202603110748,   4.353,   5.120,9999.000,9999.000,9999.000,9999.000,9999.000,9999.000,9999.000
202603110754,   4.423,   5.208,9999.000,9999.000,9999.000,9999.000,9999.000,9999.000,9999.000
202603110800,   4.488,   5.277,   0.300,   0.489,   5.277,   0.300,   5.277,   0.300,   5.277
202603110806,   4.549,   5.349,9999.000,9999.000,9999.000,9999.000,9999.000,9999.000,9999.000
202603110812,   4.606,   5.408,9999.000,9999.000,9999.000,9999.000,9999.000,9999.000,9999.000
202603110818,   4.660,   5.457,9999.000,9999.000,9999.000,9999.000,9999.000,9999.000,9999.000
202603110824,   4.710,   5.549,9999.000,9999.000,9999.000,9999.000,9999.000,9999.000,9999.000
202603110830,   4.756,   5.579,9999.000,9999.000,9999.000,9999.000,9999.000,9999.000,9999.000
202603110836,   4.799,   5.608,9999.000,9999.000,9999.000,9999.000,9999.000,9999.000,9999.000
202603110842,   4.839,   5.667,9999.000,9999.000,9999.000,9999.000,9999.000,9999.000,9999.000
202603110848,   4.874,   5.687,9999.000,9999.000,9999.000,9999.000,9999.000,9999.000,9999.000
202603110854,   4.907,   5.697,9999.000,9999.000,9999.000,9999.000,9999.000,9999.000,9999.000
202603110900,   4.935,   5.779,   0.300,   0.544,   5.779,   0.300,   5.779,   0.400,   5.879
202603110906,   4.959,   5.769,9999.000,9999.000,9999.000,9999.000,9999.000,9999.000,9999.000
202603110912,   4.980,   5.769,9999.000,9999.000,9999.000,9999.000,9999.000,9999.000,9999.000
202603110918,   4.995,   5.779,9999.000,9999.000,9999.000,9999.000,9999.000,9999.000,9999.000
202603110924,   5.007,   5.799,9999.000,9999.000,9999.000,9999.000,9999.000,9999.000,9999.000
202603110930,   5.013,   5.779,9999.000,9999.000,9999.000,9999.000,9999.000,9999.000,9999.000
202603110936,   5.014,   5.759,9999.000,9999.000,9999.000,9999.000,9999.000,9999.000,9999.000
202603110942,   5.010,   5.730,9999.000,9999.000,9999.000,9999.000,9999.000,9999.000,9999.000
202603110948,   5.001,   5.717,9999.000,9999.000,9999.000,9999.000,9999.000,9999.000,9999.000
202603110954,   4.986,   5.717,9999.000,9999.000,9999.000,9999.000,9999.000,9999.000,9999.000
202603111000,   4.965,   5.589,   0.300,   0.324,   5.589,   0.200,   5.489,   0.400,   5.689
202603111006,   4.938,   5.487,9999.000,9999.000,9999.000,9999.000,9999.000,9999.000,9999.000
202603111012,   4.905,   5.549,9999.000,9999.000,9999.000,9999.000,9999.000,9999.000,9999.000
202603111018,   4.866,   5.428,9999.000,9999.000,9999.000,9999.000,9999.000,9999.000,9999.000
202603111024,   4.821,   5.359,9999.000,9999.000,9999.000,9999.000,9999.000,9999.000,9999.000
202603111030,   4.770,   5.297,9999.000,9999.000,9999.000,9999.000,9999.000,9999.000,9999.000
202603111036,   4.713,   5.198,9999.000,9999.000,9999.000,9999.000,9999.000,9999.000,9999.000
202603111042,   4.651,   5.129,9999.000,9999.000,9999.000,9999.000,9999.000,9999.000,9999.000
202603111048,   4.583,   5.038,9999.000,9999.000,9999.000,9999.000,9999.000,9999.000,9999.000
202603111054,   4.510,   4.949,9999.000,9999.000,9999.000,9999.000,9999.000,9999.000,9999.000
202603111100,   4.432,   4.877,   0.300,   0.145,   4.877,   0.200,   4.777,   0.400,   4.977
202603111106,   4.349,   4.788,9999.000,9999.000,9999.000,9999.000,9999.000,9999.000,9999.000
202603111112,   4.263,   4.700,9999.000,9999.000,9999.000,9999.000,9999.000,9999.000,9999.000
202603111118,   4.172,   4.608,9999.000,9999.000,9999.000,9999.000,9999.000,9999.000,9999.000
202603111124,   4.077,   4.500,9999.000,9999.000,9999.000,9999.000,9999.000,9999.000,9999.000
202603111130,   3.980,   4.418,9999.000,9999.000,9999.000,9999.000,9999.000,9999.000,9999.000
202603111136,   3.880,   4.339,9999.000,9999.000,9999.000,9999.000,9999.000,9999.000,9999.000
202603111142,   3.777,   4.247,9999.000,9999.000,9999.000,9999.000,9999.000,9999.000,9999.000
202603111148,   3.673,   4.149,9999.000,9999.000,9999.000,9999.000,9999.000,9999.000,9999.000
202603111154,   3.567,   4.057,9999.000,9999.000,9999.000,9999.000,9999.000,9999.000,9999.000
202603111200,   3.460,   3.968,   0.300,   0.208,   3.968,   0.300,   3.968,   0.400,   4.068
202603111206,   3.353,   3.870,9999.000,9999.000,9999.000,9999.000,9999.000,9999.000,9999.000
202603111212,   3.245,   3.788,9999.000,9999.000,9999.000,9999.000,9999.000,9999.000,9999.000
202603111218,   3.137,   3.699,9999.000,9999.000,9999.000,9999.000,9999.000,9999.000,9999.000
202603111224,   3.030,   3.627,9999.000,9999.000,9999.000,9999.000,9999.000,9999.000,9999.000
202603111230,   2.923,   3.519,9999.000,9999.000,9999.000,9999.000,9999.000,9999.000,9999.000
202603111236,   2.817,   3.440,9999.000,9999.000,9999.000,9999.000,9999.000,9999.000,9999.000
202603111242,   2.713,   3.388,9999.000,9999.000,9999.000,9999.000,9999.000,9999.000,9999.000
202603111248,   2.610,   3.309,9999.000,9999.000,9999.000,9999.000,9999.000,9999.000,9999.000
202603111254,   2.509,   3.217,9999.000,9999.000,9999.000,9999.000,9999.000,9999.000,9999.000
202603111300,   2.410,   3.148,   0.400,   0.338,   3.148,   0.300,   3.048,   0.400,   3.148
202603111306,   2.313,   3.079,9999.000,9999.000,9999.000,9999.000,9999.000,9999.000,9999.000
202603111312,   2.218,   3.007,9999.000,9999.000,9999.000,9999.000,9999.000,9999.000,9999.000
202603111318,   2.126,   2.929,9999.000,9999.000,9999.000,9999.000,9999.000,9999.000,9999.000
202603111324,   2.036,   2.850,9999.000,9999.000,9999.000,9999.000,9999.000,9999.000,9999.000
202603111330,   1.949,   2.778,9999.000,9999.000,9999.000,9999.000,9999.000,9999.000,9999.000
202603111336,   1.864,   2.719,9999.000,9999.000,9999.000,9999.000,9999.000,9999.000,9999.000
202603111342,   1.782,   2.640,9999.000,9999.000,9999.000,9999.000,9999.000,9999.000,9999.000
202603111348,   1.702,   2.558,9999.000,9999.000,9999.000,9999.000,9999.000,9999.000,9999.000
202603111354,   1.625,   2.479,9999.000,9999.000,9999.000,9999.000,9999.000,9999.000,9999.000
202603111400,   1.550,   2.410,   0.400,   0.460,   2.410,   0.300,   2.310,   0.400,   2.410
202603111406,   1.477,   2.328,9999.000,9999.000,9999.000,9999.000,9999.000,9999.000,9999.000
202603111412,   1.407,   2.240,9999.000,9999.000,9999.000,9999.000,9999.000,9999.000,9999.000
202603111418,   1.339,   2.158,9999.000,9999.000,9999.000,9999.000,9999.000,9999.000,9999.000
202603111424,   1.273,   2.079,9999.000,9999.000,9999.000,9999.000,9999.000,9999.000,9999.000
202603111430,   1.208,   1.990,9999.000,9999.000,9999.000,9999.000,9999.000,9999.000,9999.000
202603111436,   1.146,   1.908,9999.000,9999.000,9999.000,9999.000,9999.000,9999.000,9999.000
202603111442,   1.085,   1.840,9999.000,9999.000,9999.000,9999.000,9999.000,9999.000,9999.000
202603111448,   1.026,   1.767,9999.000,9999.000,9999.000,9999.000,9999.000,9999.000,9999.000
202603111454,   0.968,   1.708,9999.000,9999.000,9999.000,9999.000,9999.000,9999.000,9999.000
202603111500,   0.912,   1.630,   0.400,   0.318,   1.630,   0.300,   1.530,   0.400,   1.630
202603111506,   0.858,   1.571,9999.000,9999.000,9999.000,9999.000,9999.000,9999.000,9999.000
202603111512,   0.805,   1.508,9999.000,9999.000,9999.000,9999.000,9999.000,9999.000,9999.000
202603111518,   0.754,   1.449,9999.000,9999.000,9999.000,9999.000,9999.000,9999.000,9999.000
202603111524,   0.705,   1.400,9999.000,9999.000,9999.000,9999.000,9999.000,9999.000,9999.000
202603111530,   0.658,   1.338,9999.000,9999.000,9999.000,9999.000,9999.000,9999.000,9999.000
202603111536,   0.614,   1.298,9999.000,9999.000,9999.000,9999.000,9999.000,9999.000,9999.000
202603111542,   0.572,   1.249,9999.000,9999.000,9999.000,9999.000,9999.000,9999.000,9999.000
202603111548,   0.533,   1.200,9999.000,9999.000,9999.000,9999.000,9999.000,9999.000,9999.000
202603111554,   0.498,   1.170,9999.000,9999.000,9999.000,9999.000,9999.000,9999.000,9999.000
202603111600,   0.467,   1.151,   0.400,   0.284,   1.151,   0.300,   1.051,   0.400,   1.151
202603111606,   0.440,   1.151,9999.000,9999.000,9999.000,9999.000,9999.000,9999.000,9999.000
202603111612,   0.417,   1.128,9999.000,9999.000,9999.000,9999.000,9999.000,9999.000,9999.000
202603111618,   0.400,   1.010,9999.000,9999.000,9999.000,9999.000,9999.000,9999.000,9999.000
202603111624,   0.388,   1.059,9999.000,9999.000,9999.000,9999.000,9999.000,9999.000,9999.000
202603111630,   0.382,   1.039,9999.000,9999.000,9999.000,9999.000,9999.000,9999.000,9999.000
202603111636,   0.383,   1.020,9999.000,9999.000,9999.000,9999.000,9999.000,9999.000,9999.000
202603111642,   0.390,   1.039,9999.000,9999.000,9999.000,9999.000,9999.000,9999.000,9999.000
202603111648,   0.404,   1.088,9999.000,9999.000,9999.000,9999.000,9999.000,9999.000,9999.000
202603111654,   0.426,   1.128,9999.000,9999.000,9999.000,9999.000,9999.000,9999.000,9999.000
202603111700,   0.455,   1.200,   0.400,   0.345,   1.200,   0.300,   1.100,   0.500,   1.300
202603111706,   0.492,   1.249,9999.000,9999.000,9999.000,9999.000,9999.000,9999.000,9999.000
202603111712,   0.536,   1.328,9999.000,9999.000,9999.000,9999.000,9999.000,9999.000,9999.000
202603111718,   0.588,   1.390,9999.000,9999.000,9999.000,9999.000,9999.000,9999.000,9999.000
202603111724,   0.648,   1.459,9999.000,9999.000,9999.000,9999.000,9999.000,9999.000,9999.000
202603111730,   0.715,   1.571,9999.000,9999.000,9999.000,9999.000,9999.000,9999.000,9999.000
202603111736,   0.788,   1.708,9999.000,9999.000,9999.000,9999.000,9999.000,9999.000,9999.000
202603111742,   0.868,   1.767,9999.000,9999.000,9999.000,9999.000,9999.000,9999.000,9999.000
202603111748,   0.954,   1.859,9999.000,9999.000,9999.000,9999.000,9999.000,9999.000,9999.000
202603111754,   1.046,   1.967,9999.000,9999.000,9999.000,9999.000,9999.000,9999.000,9999.000
202603111800,   1.142,   2.089,   0.400,   0.547,   2.089,   0.400,   2.089,   0.500,   2.189
202603111806,   1.243,   2.210,9999.000,9999.000,9999.000,9999.000,9999.000,9999.000,9999.000
202603111812,   1.347,   2.309,9999.000,9999.000,9999.000,9999.000,9999.000,9999.000,9999.000
202603111818,   1.454,   2.430,9999.000,9999.000,9999.000,9999.000,9999.000,9999.000,9999.000
202603111824,   1.564,   2.558,9999.000,9999.000,9999.000,9999.000,9999.000,9999.000,9999.000
202603111830,   1.674,   2.669,9999.000,9999.000,9999.000,9999.000,9999.000,9999.000,9999.000
202603111836,   1.786,   2.768,9999.000,9999.000,9999.000,9999.000,9999.000,9999.000,9999.000
202603111842,   1.897,   2.869,9999.000,9999.000,9999.000,9999.000,9999.000,9999.000,9999.000
202603111848,   2.008,   2.978,9999.000,9999.000,9999.000,9999.000,9999.000,9999.000,9999.000
202603111854,   2.117,   3.070,9999.000,9999.000,9999.000,9999.000,9999.000,9999.000,9999.000
202603111900,   2.225,   3.178,   0.400,   0.553,   3.178,   0.400,   3.178,   0.500,   3.278
202603111906,   2.331,   3.289,9999.000,9999.000,9999.000,9999.000,9999.000,9999.000,9999.000
202603111912,   2.434,   3.368,9999.000,9999.000,9999.000,9999.000,9999.000,9999.000,9999.000
202603111918,   2.534,   3.460,9999.000,9999.000,9999.000,9999.000,9999.000,9999.000,9999.000
202603111924,   2.631,   3.558,9999.000,9999.000,9999.000,9999.000,9999.000,9999.000,9999.000
202603111930,   2.725,   3.660,9999.000,9999.000,9999.000,9999.000,9999.000,9999.000,9999.000
202603111936,   2.815,   3.729,9999.000,9999.000,9999.000,9999.000,9999.000,9999.000,9999.000
202603111942,   2.902,   3.808,9999.000,9999.000,9999.000,9999.000,9999.000,9999.000,9999.000
202603111948,   2.986,   3.890,9999.000,9999.000,9999.000,9999.000,9999.000,9999.000,9999.000
202603111954,   3.066,   3.958,9999.000,9999.000,9999.000,9999.000,9999.000,9999.000,9999.000
202603112000,   3.143,   4.027,   0.500,   0.384,   4.027,   0.400,   3.927,   0.500,   4.027
202603112006,   3.217,   4.129,9999.000,9999.000,9999.000,9999.000,9999.000,9999.000,9999.000
202603112012,   3.288,   4.198,9999.000,9999.000,9999.000,9999.000,9999.000,9999.000,9999.000
202603112018,   3.356,   4.257,9999.000,9999.000,9999.000,9999.000,9999.000,9999.000,9999.000
202603112024,   3.421,   4.339,9999.000,9999.000,9999.000,9999.000,9999.000,9999.000,9999.000
202603112030,   3.484,   4.408,9999.000,9999.000,9999.000,9999.000,9999.000,9999.000,9999.000
202603112036,   3.545,   4.467,9999.000,9999.000,9999.000,9999.000,9999.000,9999.000,9999.000
202603112042,   3.603,   4.519,9999.000,9999.000,9999.000,9999.000,9999.000,9999.000,9999.000
202603112048,   3.659,   4.539,9999.000,9999.000,9999.000,9999.000,9999.000,9999.000,9999.000
202603112054,   3.712,   4.598,9999.000,9999.000,9999.000,9999.000,9999.000,9999.000,9999.000
202603112100,   3.764,   4.637,   0.500,   0.373,   4.637,   0.400,   4.537,   0.500,   4.637
202603112106,   3.812,   4.657,9999.000,9999.000,9999.000,9999.000,9999.000,9999.000,9999.000
202603112112,   3.859,   4.700,9999.000,9999.000,9999.000,9999.000,9999.000,9999.000,9999.000
202603112118,   3.903,   4.729,9999.000,9999.000,9999.000,9999.000,9999.000,9999.000,9999.000
202603112124,   3.944,   4.759,9999.000,9999.000,9999.000,9999.000,9999.000,9999.000,9999.000
202603112130,   3.981,   4.769,9999.000,9999.000,9999.000,9999.000,9999.000,9999.000,9999.000
202603112136,   4.016,   4.788,9999.000,9999.000,9999.000,9999.000,9999.000,9999.000,9999.000
202603112142,   4.046,   4.798,9999.000,9999.000,9999.000,9999.000,9999.000,9999.000,9999.000
202603112148,   4.073,   4.808,9999.000,9999.000,9999.000,9999.000,9999.000,9999.000,9999.000
202603112154,   4.095,   4.778,9999.000,9999.000,9999.000,9999.000,9999.000,9999.000,9999.000
202603112200,   4.113,   4.778,   0.500,   0.165,   4.778,   0.400,   4.678,   0.600,   4.878
202603112206,   4.126,   4.769,9999.000,9999.000,9999.000,9999.000,9999.000,9999.000,9999.000
202603112212,   4.133,   4.749,9999.000,9999.000,9999.000,9999.000,9999.000,9999.000,9999.000
202603112218,   4.135,   4.719,9999.000,9999.000,9999.000,9999.000,9999.000,9999.000,9999.000
202603112224,   4.131,   4.690,9999.000,9999.000,9999.000,9999.000,9999.000,9999.000,9999.000
202603112230,   4.121,   4.628,9999.000,9999.000,9999.000,9999.000,9999.000,9999.000,9999.000
202603112236,   4.105,   4.569,9999.000,9999.000,9999.000,9999.000,9999.000,9999.000,9999.000
202603112242,   4.083,   4.509,9999.000,9999.000,9999.000,9999.000,9999.000,9999.000,9999.000
202603112248,   4.055,   4.447,9999.000,9999.000,9999.000,9999.000,9999.000,9999.000,9999.000
202603112254,   4.020,   4.398,9999.000,9999.000,9999.000,9999.000,9999.000,9999.000,9999.000
202603112300,   3.979,   4.309,   0.500,  -0.170,   4.309,   0.500,   4.309,   0.600,   4.409
202603112306,   3.932,   4.237,9999.000,9999.000,9999.000,9999.000,9999.000,9999.000,9999.000
202603112312,   3.879,   4.188,9999.000,9999.000,9999.000,9999.000,9999.000,9999.000,9999.000
202603112318,   3.821,   4.099,9999.000,9999.000,9999.000,9999.000,9999.000,9999.000,9999.000
202603112324,   3.756,   4.027,9999.000,9999.000,9999.000,9999.000,9999.000,9999.000,9999.000
202603112330,   3.687,   3.958,9999.000,9999.000,9999.000,9999.000,9999.000,9999.000,9999.000
202603112336,   3.612,   3.890,9999.000,9999.000,9999.000,9999.000,9999.000,9999.000,9999.000
202603112342,   3.533,   3.817,9999.000,9999.000,9999.000,9999.000,9999.000,9999.000,9999.000
202603112348,   3.449,   3.758,9999.000,9999.000,9999.000,9999.000,9999.000,9999.000,9999.000
202603112354,   3.362,   3.250,9999.000,9999.000,9999.000,9999.000,9999.000,9999.000,9999.000
202603120000,   3.271,   3.607,   0.600,  -0.264,   3.607,   0.500,   3.507,   0.600,   3.607
202603120006,   3.177,   3.539,9999.000,9999.000,9999.000,9999.000,9999.000,9999.000,9999.000
202603120012,   3.080,   3.470,9999.000,9999.000,9999.000,9999.000,9999.000,9999.000,9999.000
202603120018,   2.982,   3.407,9999.000,9999.000,9999.000,9999.000,9999.000,9999.000,9999.000
202603120024,   2.881,   3.339,9999.000,9999.000,9999.000,9999.000,9999.000,9999.000,9999.000
202603120030,   2.779,   3.250,9999.000,9999.000,9999.000,9999.000,9999.000,9999.000,9999.000
202603120036,   2.677,   3.168,9999.000,9999.000,9999.000,9999.000,9999.000,9999.000,9999.000
202603120042,   2.573,   3.050,9999.000,9999.000,9999.000,9999.000,9999.000,9999.000,9999.000
202603120048,   2.470,   3.007,9999.000,9999.000,9999.000,9999.000,9999.000,9999.000,9999.000
202603120054,   2.367,   2.978,9999.000,9999.000,9999.000,9999.000,9999.000,9999.000,9999.000
202603120100,   2.264,   2.929,   0.600,   0.065,   2.929,   0.500,   2.829,   0.600,   2.929
202603120106,   2.163,   2.860,9999.000,9999.000,9999.000,9999.000,9999.000,9999.000,9999.000
202603120112,   2.063,   2.778,9999.000,9999.000,9999.000,9999.000,9999.000,9999.000,9999.000
202603120118,   1.965,   2.709,9999.000,9999.000,9999.000,9999.000,9999.000,9999.000,9999.000
202603120124,   1.868,   2.630,9999.000,9999.000,9999.000,9999.000,9999.000,9999.000,9999.000
202603120130,   1.774,   2.587,9999.000,9999.000,9999.000,9999.000,9999.000,9999.000,9999.000
202603120136,   1.682,   2.519,9999.000,9999.000,9999.000,9999.000,9999.000,9999.000,9999.000
202603120142,   1.593,   2.469,9999.000,9999.000,9999.000,9999.000,9999.000,9999.000,9999.000
202603120148,   1.506,   2.410,9999.000,9999.000,9999.000,9999.000,9999.000,9999.000,9999.000
202603120154,   1.423,   2.387,9999.000,9999.000,9999.000,9999.000,9999.000,9999.000,9999.000
202603120200,   1.342,   2.309,   0.600,   0.367,   2.309,   0.500,   2.209,   0.600,   2.309
202603120206,   1.265,   2.240,9999.000,9999.000,9999.000,9999.000,9999.000,9999.000,9999.000
202603120212,   1.191,   2.210,9999.000,9999.000,9999.000,9999.000,9999.000,9999.000,9999.000
202603120218,   1.120,   2.158,9999.000,9999.000,9999.000,9999.000,9999.000,9999.000,9999.000
202603120224,   1.053,   2.099,9999.000,9999.000,9999.000,9999.000,9999.000,9999.000,9999.000
202603120230,   0.988,   2.040,9999.000,9999.000,9999.000,9999.000,9999.000,9999.000,9999.000
202603120236,   0.927,   1.981,9999.000,9999.000,9999.000,9999.000,9999.000,9999.000,9999.000
202603120242,   0.869,   1.948,9999.000,9999.000,9999.000,9999.000,9999.000,9999.000,9999.000
202603120248,   0.814,   1.899,9999.000,9999.000,9999.000,9999.000,9999.000,9999.000,9999.000
202603120254,   0.763,   1.840,9999.000,9999.000,9999.000,9999.000,9999.000,9999.000,9999.000
202603120300,   0.714,   1.781,   0.600,   0.467,   1.781,   0.500,   1.681,   0.600,   1.781
202603120306,   0.668,   1.728,9999.000,9999.000,9999.000,9999.000,9999.000,9999.000,9999.000
202603120312,   0.625,   1.669,9999.000,9999.000,9999.000,9999.000,9999.000,9999.000,9999.000
202603120318,   0.585,   1.630,9999.000,9999.000,9999.000,9999.000,9999.000,9999.000,9999.000
202603120324,   0.547,   1.580,9999.000,9999.000,9999.000,9999.000,9999.000,9999.000,9999.000
202603120330,   0.513,   1.548,9999.000,9999.000,9999.000,9999.000,9999.000,9999.000,9999.000
202603120336,   0.481,   1.518,9999.000,9999.000,9999.000,9999.000,9999.000,9999.000,9999.000
202603120342,   0.452,   1.498,9999.000,9999.000,9999.000,9999.000,9999.000,9999.000,9999.000
202603120348,   0.427,   1.489,9999.000,9999.000,9999.000,9999.000,9999.000,9999.000,9999.000
202603120354,   0.405,   1.459,9999.000,9999.000,9999.000,9999.000,9999.000,9999.000,9999.000
202603120400,   0.386,   1.439,   0.600,   0.453,   1.439,   0.500,   1.339,   0.600,   1.439
202603120406,   0.371,   1.449,9999.000,9999.000,9999.000,9999.000,9999.000,9999.000,9999.000
202603120412,   0.360,   1.479,9999.000,9999.000,9999.000,9999.000,9999.000,9999.000,9999.000
202603120418,   0.353,   1.479,9999.000,9999.000,9999.000,9999.000,9999.000,9999.000,9999.000
202603120424,   0.351,   1.469,9999.000,9999.000,9999.000,9999.000,9999.000,9999.000,9999.000
202603120430,   0.354,   1.508,9999.000,9999.000,9999.000,9999.000,9999.000,9999.000,9999.000
202603120436,   0.362,   1.528,9999.000,9999.000,9999.000,9999.000,9999.000,9999.000,9999.000
202603120442,   0.376,   1.548,9999.000,9999.000,9999.000,9999.000,9999.000,9999.000,9999.000
202603120448,   0.396,   1.590,9999.000,9999.000,9999.000,9999.000,9999.000,9999.000,9999.000
202603120454,   0.423,   1.649,9999.000,9999.000,9999.000,9999.000,9999.000,9999.000,9999.000
202603120500,   0.456,   1.708,   0.600,   0.652,   1.708,   0.500,   1.608,   0.600,   1.708
202603120506,   0.496,   1.781,9999.000,9999.000,9999.000,9999.000,9999.000,9999.000,9999.000
202603120512,   0.544,   1.840,9999.000,9999.000,9999.000,9999.000,9999.000,9999.000,9999.000
202603120518,   0.599,   1.899,9999.000,9999.000,9999.000,9999.000,9999.000,9999.000,9999.000
202603120524,   0.662,   2.010,9999.000,9999.000,9999.000,9999.000,9999.000,9999.000,9999.000
202603120530,   0.732,   2.128,9999.000,9999.000,9999.000,9999.000,9999.000,9999.000,9999.000
202603120536,   0.810,   2.191,9999.000,9999.000,9999.000,9999.000,9999.000,9999.000,9999.000
202603120542,   0.895,   2.289,9999.000,9999.000,9999.000,9999.000,9999.000,9999.000,9999.000
202603120548,   0.988,   2.410,9999.000,9999.000,9999.000,9999.000,9999.000,9999.000,9999.000
202603120554,   1.087,   2.519,9999.000,9999.000,9999.000,9999.000,9999.000,9999.000,9999.000
202603120600,   1.193,   2.630,   0.500,   0.937,   2.630,   0.500,   2.630,   0.600,   2.730
202603120606,   1.305,   2.689,9999.000,9999.000,9999.000,9999.000,9999.000,9999.000,9999.000
202603120612,   1.423,   2.820,9999.000,9999.000,9999.000,9999.000,9999.000,9999.000,9999.000
202603120618,   1.546,   2.899,9999.000,9999.000,9999.000,9999.000,9999.000,9999.000,9999.000
202603120624,   1.672,   2.988,9999.000,9999.000,9999.000,9999.000,9999.000,9999.000,9999.000
202603120630,   1.802,   3.089,9999.000,9999.000,9999.000,9999.000,9999.000,9999.000,9999.000
202603120636,   1.935,   3.178,9999.000,9999.000,9999.000,9999.000,9999.000,9999.000,9999.000
202603120642,   2.070,   3.279,9999.000,9999.000,9999.000,9999.000,9999.000,9999.000,9999.000
202603120648,   2.207,   3.378,9999.000,9999.000,9999.000,9999.000,9999.000,9999.000,9999.000
202603120654,   2.343,   3.519,9999.000,9999.000,9999.000,9999.000,9999.000,9999.000,9999.000
202603120700,   2.479,   3.578,   0.500,   0.599,   3.578,   0.400,   3.478,   0.600,   3.678
202603120706,   2.614,   3.650,9999.000,9999.000,9999.000,9999.000,9999.000,9999.000,9999.000
202603120712,   2.748,   3.778,9999.000,9999.000,9999.000,9999.000,9999.000,9999.000,9999.000
202603120718,   2.879,   3.909,9999.000,9999.000,9999.000,9999.000,9999.000,9999.000,9999.000
202603120724,   3.007,   3.998,9999.000,9999.000,9999.000,9999.000,9999.000,9999.000,9999.000
202603120730,   3.131,   4.099,9999.000,9999.000,9999.000,9999.000,9999.000,9999.000,9999.000
202603120736,   3.252,   4.198,9999.000,9999.000,9999.000,9999.000,9999.000,9999.000,9999.000
202603120742,   3.368,   4.300,9999.000,9999.000,9999.000,9999.000,9999.000,9999.000,9999.000
202603120748,   3.480,   4.388,9999.000,9999.000,9999.000,9999.000,9999.000,9999.000,9999.000
202603120754,   3.587,   4.480,9999.000,9999.000,9999.000,9999.000,9999.000,9999.000,9999.000
202603120800,   3.689,   4.578,   0.500,   0.389,   4.578,   0.300,   4.378,   0.500,   4.578
202603120806,   3.786,   4.690,9999.000,9999.000,9999.000,9999.000,9999.000,9999.000,9999.000
202603120812,   3.879,   4.769,9999.000,9999.000,9999.000,9999.000,9999.000,9999.000,9999.000
202603120818,   3.966,   4.828,9999.000,9999.000,9999.000,9999.000,9999.000,9999.000,9999.000
202603120824,   4.049,   4.910,9999.000,9999.000,9999.000,9999.000,9999.000,9999.000,9999.000
202603120830,   4.128,   4.998,9999.000,9999.000,9999.000,9999.000,9999.000,9999.000,9999.000
202603120836,   4.202,   5.067,9999.000,9999.000,9999.000,9999.000,9999.000,9999.000,9999.000
202603120842,   4.272,   5.129,9999.000,9999.000,9999.000,9999.000,9999.000,9999.000,9999.000
202603120848,   4.337,   5.179,9999.000,9999.000,9999.000,9999.000,9999.000,9999.000,9999.000
202603120854,   4.400,   5.267,9999.000,9999.000,9999.000,9999.000,9999.000,9999.000,9999.000
202603120900,   4.458,   5.307,   0.400,   0.449,   5.307,   0.300,   5.207,   0.500,   5.407
202603120906,   4.513,   5.359,9999.000,9999.000,9999.000,9999.000,9999.000,9999.000,9999.000
202603120912,   4.565,   5.418,9999.000,9999.000,9999.000,9999.000,9999.000,9999.000,9999.000
202603120918,   4.614,   5.467,9999.000,9999.000,9999.000,9999.000,9999.000,9999.000,9999.000
202603120924,   4.660,   5.516,9999.000,9999.000,9999.000,9999.000,9999.000,9999.000,9999.000
202603120930,   4.702,   5.559,9999.000,9999.000,9999.000,9999.000,9999.000,9999.000,9999.000
202603120936,   4.742,   5.598,9999.000,9999.000,9999.000,9999.000,9999.000,9999.000,9999.000
202603120942,   4.778,   5.648,9999.000,9999.000,9999.000,9999.000,9999.000,9999.000,9999.000
202603120948,   4.811,   5.697,9999.000,9999.000,9999.000,9999.000,9999.000,9999.000,9999.000
202603120954,   4.840,   5.717,9999.000,9999.000,9999.000,9999.000,9999.000,9999.000,9999.000
202603121000,   4.866,   5.739,   0.400,   0.473,   5.739,   0.200,   5.539,   0.500,   5.839
202603121006,   4.887,   5.759,9999.000,9999.000,9999.000,9999.000,9999.000,9999.000,9999.000
202603121012,   4.905,   5.779,9999.000,9999.000,9999.000,9999.000,9999.000,9999.000,9999.000
202603121018,   4.918,   5.759,9999.000,9999.000,9999.000,9999.000,9999.000,9999.000,9999.000
202603121024,   4.927,   5.739,9999.000,9999.000,9999.000,9999.000,9999.000,9999.000,9999.000
202603121030,   4.931,   5.749,9999.000,9999.000,9999.000,9999.000,9999.000,9999.000,9999.000
202603121036,   4.930,   5.769,9999.000,9999.000,9999.000,9999.000,9999.000,9999.000,9999.000
202603121042,   4.923,   5.749,9999.000,9999.000,9999.000,9999.000,9999.000,9999.000,9999.000
202603121048,   4.911,   5.707,9999.000,9999.000,9999.000,9999.000,9999.000,9999.000,9999.000
202603121054,   4.894,   5.697,9999.000,9999.000,9999.000,9999.000,9999.000,9999.000,9999.000
202603121100,   4.871,   5.638,   0.300,   0.467,   5.638,   0.100,   5.438,   0.500,   5.838
202603121106,   4.842,   5.608,9999.000,9999.000,9999.000,9999.000,9999.000,9999.000,9999.000
202603121112,   4.807,   5.516,9999.000,9999.000,9999.000,9999.000,9999.000,9999.000,9999.000
202603121118,   4.766,   5.477,9999.000,9999.000,9999.000,9999.000,9999.000,9999.000,9999.000
202603121124,   4.720,   5.428,9999.000,9999.000,9999.000,9999.000,9999.000,9999.000,9999.000
202603121130,   4.668,   5.349,9999.000,9999.000,9999.000,9999.000,9999.000,9999.000,9999.000
202603121136,   4.610,   5.320,9999.000,9999.000,9999.000,9999.000,9999.000,9999.000,9999.000
202603121142,   4.548,   5.257,9999.000,9999.000,9999.000,9999.000,9999.000,9999.000,9999.000
202603121148,   4.480,   5.159,9999.000,9999.000,9999.000,9999.000,9999.000,9999.000,9999.000
202603121154,   4.407,   5.097,9999.000,9999.000,9999.000,9999.000,9999.000,9999.000,9999.000
202603121200,   4.330,   4.988,   0.200,   0.458,   4.988,   0.000,   4.788,   0.400,   5.188
202603121206,   4.249,   4.847,9999.000,9999.000,9999.000,9999.000,9999.000,9999.000,9999.000
202603121212,   4.164,   4.759,9999.000,9999.000,9999.000,9999.000,9999.000,9999.000,9999.000
202603121218,   4.075,   4.667,9999.000,9999.000,9999.000,9999.000,9999.000,9999.000,9999.000
202603121224,   3.984,   4.569,9999.000,9999.000,9999.000,9999.000,9999.000,9999.000,9999.000
202603121230,   3.889,   4.457,9999.000,9999.000,9999.000,9999.000,9999.000,9999.000,9999.000
202603121236,   3.792,   4.339,9999.000,9999.000,9999.000,9999.000,9999.000,9999.000,9999.000
202603121242,   3.693,   4.198,9999.000,9999.000,9999.000,9999.000,9999.000,9999.000,9999.000
202603121248,   3.593,   4.070,9999.000,9999.000,9999.000,9999.000,9999.000,9999.000,9999.000
202603121254,   3.492,   3.958,9999.000,9999.000,9999.000,9999.000,9999.000,9999.000,9999.000
202603121300,   3.389,   3.847,   0.100,   0.358,   3.847,  -0.100,   3.647,   0.200,   3.947
202603121306,   3.286,   3.739,9999.000,9999.000,9999.000,9999.000,9999.000,9999.000,9999.000
202603121312,   3.183,   3.617,9999.000,9999.000,9999.000,9999.000,9999.000,9999.000,9999.000
202603121318,   3.080,   3.499,9999.000,9999.000,9999.000,9999.000,9999.000,9999.000,9999.000
202603121324,   2.978,   3.368,9999.000,9999.000,9999.000,9999.000,9999.000,9999.000,9999.000
202603121330,   2.877,   3.240,9999.000,9999.000,9999.000,9999.000,9999.000,9999.000,9999.000
202603121336,   2.776,   3.138,9999.000,9999.000,9999.000,9999.000,9999.000,9999.000,9999.000
202603121342,   2.677,   3.040,9999.000,9999.000,9999.000,9999.000,9999.000,9999.000,9999.000
202603121348,   2.579,   2.938,9999.000,9999.000,9999.000,9999.000,9999.000,9999.000,9999.000
202603121354,   2.483,   2.869,9999.000,9999.000,9999.000,9999.000,9999.000,9999.000,9999.000
202603121400,   2.389,   2.787,   0.000,   0.398,   2.787,  -0.200,   2.587,   0.000,   2.787
202603121406,   2.297,   2.709,9999.000,9999.000,9999.000,9999.000,9999.000,9999.000,9999.000
202603121412,   2.207,   2.620,9999.000,9999.000,9999.000,9999.000,9999.000,9999.000,9999.000
202603121418,   2.119,   2.538,9999.000,9999.000,9999.000,9999.000,9999.000,9999.000,9999.000
202603121424,   2.034,   2.450,9999.000,9999.000,9999.000,9999.000,9999.000,9999.000,9999.000
202603121430,   1.951,   2.358,9999.000,9999.000,9999.000,9999.000,9999.000,9999.000,9999.000
202603121436,   1.870,   2.259,9999.000,9999.000,9999.000,9999.000,9999.000,9999.000,9999.000
202603121442,   1.791,   2.168,9999.000,9999.000,9999.000,9999.000,9999.000,9999.000,9999.000
202603121448,   1.715,   2.079,9999.000,9999.000,9999.000,9999.000,9999.000,9999.000,9999.000
202603121454,   1.640,   1.990,9999.000,9999.000,9999.000,9999.000,9999.000,9999.000,9999.000
202603121500,   1.568,   1.889,  -0.100,   0.421,   1.889,  -0.300,   1.689,   0.000,   1.989
202603121506,   1.498,   1.800,9999.000,9999.000,9999.000,9999.000,9999.000,9999.000,9999.000
202603121512,   1.429,   1.699,9999.000,9999.000,9999.000,9999.000,9999.000,9999.000,9999.000
202603121518,   1.363,   1.620,9999.000,9999.000,9999.000,9999.000,9999.000,9999.000,9999.000
202603121524,   1.298,   1.528,9999.000,9999.000,9999.000,9999.000,9999.000,9999.000,9999.000
202603121530,   1.234,   1.430,9999.000,9999.000,9999.000,9999.000,9999.000,9999.000,9999.000
202603121536,   1.172,   1.338,9999.000,9999.000,9999.000,9999.000,9999.000,9999.000,9999.000
202603121542,   1.112,   1.259,9999.000,9999.000,9999.000,9999.000,9999.000,9999.000,9999.000
202603121548,   1.052,   1.190,9999.000,9999.000,9999.000,9999.000,9999.000,9999.000,9999.000
202603121554,   0.995,   1.128,9999.000,9999.000,9999.000,9999.000,9999.000,9999.000,9999.000
202603121600,   0.938,   1.039,  -0.200,   0.301,   1.039,  -0.400,   0.839,  -0.100,   1.139
202603121606,   0.883,   0.970,9999.000,9999.000,9999.000,9999.000,9999.000,9999.000,9999.000
202603121612,   0.830,   0.908,9999.000,9999.000,9999.000,9999.000,9999.000,9999.000,9999.000
202603121618,   0.779,   0.849,9999.000,9999.000,9999.000,9999.000,9999.000,9999.000,9999.000
202603121624,   0.730,   0.780,9999.000,9999.000,9999.000,9999.000,9999.000,9999.000,9999.000
202603121630,   0.683,   0.659,9999.000,9999.000,9999.000,9999.000,9999.000,9999.000,9999.000
202603121636,   0.638,   0.610,9999.000,9999.000,9999.000,9999.000,9999.000,9999.000,9999.000
202603121642,   0.597,   0.610,9999.000,9999.000,9999.000,9999.000,9999.000,9999.000,9999.000
202603121648,   0.559,   0.551,9999.000,9999.000,9999.000,9999.000,9999.000,9999.000,9999.000
202603121654,   0.525,   0.498,9999.000,9999.000,9999.000,9999.000,9999.000,9999.000,9999.000
202603121700,   0.495,   0.449,  -0.300,   0.254,   0.449,  -0.500,   0.249,  -0.100,   0.649
202603121706,   0.469,   0.429,9999.000,9999.000,9999.000,9999.000,9999.000,9999.000,9999.000
202603121712,   0.449,   0.370,9999.000,9999.000,9999.000,9999.000,9999.000,9999.000,9999.000
202603121718,   0.435,   0.331,9999.000,9999.000,9999.000,9999.000,9999.000,9999.000,9999.000
202603121724,   0.426,   0.308,9999.000,9999.000,9999.000,9999.000,9999.000,9999.000,9999.000
202603121730,   0.424,   0.259,9999.000,9999.000,9999.000,9999.000,9999.000,9999.000,9999.000
202603121736,   0.429,   0.229,9999.000,9999.000,9999.000,9999.000,9999.000,9999.000,9999.000
202603121742,   0.440,   0.200,9999.000,9999.000,9999.000,9999.000,9999.000,9999.000,9999.000
202603121748,   0.459,   0.170,9999.000,9999.000,9999.000,9999.000,9999.000,9999.000,9999.000
202603121754,   0.486,   0.150,9999.000,9999.000,9999.000,9999.000,9999.000,9999.000,9999.000
202603121800,   0.520,   0.131,  -0.400,   0.011,   0.131,  -0.600,  -0.069,  -0.200,   0.331
202603121806,   0.562,   0.111,9999.000,9999.000,9999.000,9999.000,9999.000,9999.000,9999.000
202603121812,   0.611,   0.078,9999.000,9999.000,9999.000,9999.000,9999.000,9999.000,9999.000
202603121818,   0.667,   0.088,9999.000,9999.000,9999.000,9999.000,9999.000,9999.000,9999.000
202603121824,   0.731,   0.111,9999.000,9999.000,9999.000,9999.000,9999.000,9999.000,9999.000
202603121830,   0.801,   0.121,9999.000,9999.000,9999.000,9999.000,9999.000,9999.000,9999.000
202603121836,   0.878,   0.141,9999.000,9999.000,9999.000,9999.000,9999.000,9999.000,9999.000
202603121842,   0.961,   0.170,9999.000,9999.000,9999.000,9999.000,9999.000,9999.000,9999.000
202603121848,   1.048,   0.209,9999.000,9999.000,9999.000,9999.000,9999.000,9999.000,9999.000
202603121854,   1.141,   0.249,9999.000,9999.000,9999.000,9999.000,9999.000,9999.000,9999.000
202603121900,   1.238,   0.298,  -0.500,  -0.440,   0.298,  -0.700,   0.098,  -0.300,   0.498
202603121906,   1.338,   0.350,9999.000,9999.000,9999.000,9999.000,9999.000,9999.000,9999.000
202603121912,   1.441,   0.390,9999.000,9999.000,9999.000,9999.000,9999.000,9999.000,9999.000
202603121918,   1.545,   0.449,9999.000,9999.000,9999.000,9999.000,9999.000,9999.000,9999.000
202603121924,   1.651,   0.498,9999.000,9999.000,9999.000,9999.000,9999.000,9999.000,9999.000
202603121930,   1.758,   0.560,9999.000,9999.000,9999.000,9999.000,9999.000,9999.000,9999.000
202603121936,   1.865,   0.629,9999.000,9999.000,9999.000,9999.000,9999.000,9999.000,9999.000
202603121942,   1.971,   0.698,9999.000,9999.000,9999.000,9999.000,9999.000,9999.000,9999.000
202603121948,   2.076,   0.790,9999.000,9999.000,9999.000,9999.000,9999.000,9999.000,9999.000
202603121954,   2.179,   0.879,9999.000,9999.000,9999.000,9999.000,9999.000,9999.000,9999.000
202603122000,   2.280,   1.000,  -0.500,  -0.780,   1.000,  -0.800,   0.700,  -0.300,   1.200
202603122006,   2.379,   1.128,9999.000,9999.000,9999.000,9999.000,9999.000,9999.000,9999.000
202603122012,   2.476,   1.239,9999.000,9999.000,9999.000,9999.000,9999.000,9999.000,9999.000
202603122018,   2.569,   1.380,9999.000,9999.000,9999.000,9999.000,9999.000,9999.000,9999.000
202603122024,   2.659,   1.528,9999.000,9999.000,9999.000,9999.000,9999.000,9999.000,9999.000
202603122030,   2.747,   1.659,9999.000,9999.000,9999.000,9999.000,9999.000,9999.000,9999.000
202603122036,   2.831,   1.800,9999.000,9999.000,9999.000,9999.000,9999.000,9999.000,9999.000
202603122042,   2.913,   1.938,9999.000,9999.000,9999.000,9999.000,9999.000,9999.000,9999.000
202603122048,   2.991,   2.079,9999.000,9999.000,9999.000,9999.000,9999.000,9999.000,9999.000
202603122054,   3.067,   2.210,9999.000,9999.000,9999.000,9999.000,9999.000,9999.000,9999.000
202603122100,   3.140,   2.328,  -0.500,  -0.312,   2.328,  -0.800,   2.028,  -0.300,   2.528
202603122106,   3.210,   2.459,9999.000,9999.000,9999.000,9999.000,9999.000,9999.000,9999.000
202603122112,   3.279,   2.548,9999.000,9999.000,9999.000,9999.000,9999.000,9999.000,9999.000
202603122118,   3.345,   2.669,9999.000,9999.000,9999.000,9999.000,9999.000,9999.000,9999.000
202603122124,   3.409,   2.768,9999.000,9999.000,9999.000,9999.000,9999.000,9999.000,9999.000
202603122130,   3.470,   2.850,9999.000,9999.000,9999.000,9999.000,9999.000,9999.000,9999.000
202603122136,   3.531,   2.958,9999.000,9999.000,9999.000,9999.000,9999.000,9999.000,9999.000
202603122142,   3.589,   3.040,9999.000,9999.000,9999.000,9999.000,9999.000,9999.000,9999.000
202603122148,   3.645,   3.129,9999.000,9999.000,9999.000,9999.000,9999.000,9999.000,9999.000
202603122154,   3.699,   3.217,9999.000,9999.000,9999.000,9999.000,9999.000,9999.000,9999.000
202603122200,   3.751,   3.289,  -0.400,  -0.062,   3.289,  -0.700,   2.989,  -0.200,   3.489
202603122206,   3.801,   3.368,9999.000,9999.000,9999.000,9999.000,9999.000,9999.000,9999.000
202603122212,   3.849,   3.440,9999.000,9999.000,9999.000,9999.000,9999.000,9999.000,9999.000
202603122218,   3.893,   3.470,9999.000,9999.000,9999.000,9999.000,9999.000,9999.000,9999.000
202603122224,   3.935,   3.539,9999.000,9999.000,9999.000,9999.000,9999.000,9999.000,9999.000
202603122230,   3.974,   3.637,9999.000,9999.000,9999.000,9999.000,9999.000,9999.000,9999.000
202603122236,   4.008,   3.699,9999.000,9999.000,9999.000,9999.000,9999.000,9999.000,9999.000
202603122242,   4.039,   3.729,9999.000,9999.000,9999.000,9999.000,9999.000,9999.000,9999.000
202603122248,   4.066,   3.768,9999.000,9999.000,9999.000,9999.000,9999.000,9999.000,9999.000
202603122254,   4.088,   3.847,9999.000,9999.000,9999.000,9999.000,9999.000,9999.000,9999.000
202603122300,   4.105,   3.860,  -0.300,   0.055,   3.860,  -0.500,   3.660,  -0.100,   4.060
202603122306,   4.117,   3.880,9999.000,9999.000,9999.000,9999.000,9999.000,9999.000,9999.000
202603122312,   4.124,   3.929,9999.000,9999.000,9999.000,9999.000,9999.000,9999.000,9999.000
202603122318,   4.124,   3.949,9999.000,9999.000,9999.000,9999.000,9999.000,9999.000,9999.000
202603122324,   4.119,   3.958,9999.000,9999.000,9999.000,9999.000,9999.000,9999.000,9999.000
202603122330,   4.107,   3.958,9999.000,9999.000,9999.000,9999.000,9999.000,9999.000,9999.000
202603122336,   4.090,   3.939,9999.000,9999.000,9999.000,9999.000,9999.000,9999.000,9999.000
202603122342,   4.066,   3.919,9999.000,9999.000,9999.000,9999.000,9999.000,9999.000,9999.000
202603122348,   4.035,   3.909,9999.000,9999.000,9999.000,9999.000,9999.000,9999.000,9999.000
202603122354,   3.998,   3.634,9999.000,9999.000,9999.000,9999.000,9999.000,9999.000,9999.000
202603130000,   3.955,   3.870,  -0.100,   0.015,   3.870,  -0.200,   3.770,   0.000,   3.970
202603130006,   3.906,   3.827,9999.000,9999.000,9999.000,9999.000,9999.000,9999.000,9999.000
202603130012,   3.851,   3.788,9999.000,9999.000,9999.000,9999.000,9999.000,9999.000,9999.000
202603130018,   3.791,   3.719,9999.000,9999.000,9999.000,9999.000,9999.000,9999.000,9999.000
202603130024,   3.724,   3.680,9999.000,9999.000,9999.000,9999.000,9999.000,9999.000,9999.000
202603130030,   3.653,   3.637,9999.000,9999.000,9999.000,9999.000,9999.000,9999.000,9999.000
202603130036,   3.577,   3.568,9999.000,9999.000,9999.000,9999.000,9999.000,9999.000,9999.000
202603130042,   3.497,   3.519,9999.000,9999.000,9999.000,9999.000,9999.000,9999.000,9999.000
202603130048,   3.412,   3.480,9999.000,9999.000,9999.000,9999.000,9999.000,9999.000,9999.000
202603130054,   3.324,   3.440,9999.000,9999.000,9999.000,9999.000,9999.000,9999.000,9999.000
202603130100,   3.233,   3.398,   0.000,   0.165,   3.398,  -0.100,   3.298,   0.000,   3.398
202603130106,   3.139,   3.339,9999.000,9999.000,9999.000,9999.000,9999.000,9999.000,9999.000
202603130112,   3.042,   3.289,9999.000,9999.000,9999.000,9999.000,9999.000,9999.000,9999.000
202603130118,   2.944,   3.240,9999.000,9999.000,9999.000,9999.000,9999.000,9999.000,9999.000
202603130124,   2.844,   3.207,9999.000,9999.000,9999.000,9999.000,9999.000,9999.000,9999.000
202603130130,   2.742,   3.158,9999.000,9999.000,9999.000,9999.000,9999.000,9999.000,9999.000
202603130136,   2.641,   3.089,9999.000,9999.000,9999.000,9999.000,9999.000,9999.000,9999.000
202603130142,   2.538,   3.017,9999.000,9999.000,9999.000,9999.000,9999.000,9999.000,9999.000
202603130148,   2.436,   2.938,9999.000,9999.000,9999.000,9999.000,9999.000,9999.000,9999.000
202603130154,   2.335,   2.860,9999.000,9999.000,9999.000,9999.000,9999.000,9999.000,9999.000
202603130200,   2.234,   2.820,   0.000,   0.586,   2.820,  -0.100,   2.720,   0.100,   2.920
202603130206,   2.135,   2.748,9999.000,9999.000,9999.000,9999.000,9999.000,9999.000,9999.000
202603130212,   2.037,   2.669,9999.000,9999.000,9999.000,9999.000,9999.000,9999.000,9999.000
202603130218,   1.940,   2.620,9999.000,9999.000,9999.000,9999.000,9999.000,9999.000,9999.000
202603130224,   1.846,   2.558,9999.000,9999.000,9999.000,9999.000,9999.000,9999.000,9999.000
202603130230,   1.754,   2.509,9999.000,9999.000,9999.000,9999.000,9999.000,9999.000,9999.000
202603130236,   1.665,   2.469,9999.000,9999.000,9999.000,9999.000,9999.000,9999.000,9999.000
202603130242,   1.578,   2.430,9999.000,9999.000,9999.000,9999.000,9999.000,9999.000,9999.000
202603130248,   1.494,   2.377,9999.000,9999.000,9999.000,9999.000,9999.000,9999.000,9999.000
202603130254,   1.413,   2.328,9999.000,9999.000,9999.000,9999.000,9999.000,9999.000,9999.000
202603130300,   1.335,   2.299,   0.100,   0.864,   2.299,  -0.100,   2.099,   0.200,   2.399
202603130306,   1.260,   2.230,9999.000,9999.000,9999.000,9999.000,9999.000,9999.000,9999.000
202603130312,   1.188,   2.158,9999.000,9999.000,9999.000,9999.000,9999.000,9999.000,9999.000
202603130318,   1.119,   2.138,9999.000,9999.000,9999.000,9999.000,9999.000,9999.000,9999.000
202603130324,   1.053,   2.059,9999.000,9999.000,9999.000,9999.000,9999.000,9999.000,9999.000
202603130330,   0.990,   2.000,9999.000,9999.000,9999.000,9999.000,9999.000,9999.000,9999.000
202603130336,   0.930,   1.981,9999.000,9999.000,9999.000,9999.000,9999.000,9999.000,9999.000
202603130342,   0.873,   1.928,9999.000,9999.000,9999.000,9999.000,9999.000,9999.000,9999.000
202603130348,   0.819,   1.889,9999.000,9999.000,9999.000,9999.000,9999.000,9999.000,9999.000
202603130354,   0.768,   1.859,9999.000,9999.000,9999.000,9999.000,9999.000,9999.000,9999.000
202603130400,   0.719,   1.830,   0.100,   1.011,   1.830,  -0.100,   1.630,   0.200,   1.930
202603130406,   0.673,   1.800,9999.000,9999.000,9999.000,9999.000,9999.000,9999.000,9999.000
202603130412,   0.630,   1.767,9999.000,9999.000,9999.000,9999.000,9999.000,9999.000,9999.000
202603130418,   0.589,   1.699,9999.000,9999.000,9999.000,9999.000,9999.000,9999.000,9999.000
202603130424,   0.551,   1.679,9999.000,9999.000,9999.000,9999.000,9999.000,9999.000,9999.000
202603130430,   0.516,   1.689,9999.000,9999.000,9999.000,9999.000,9999.000,9999.000,9999.000
202603130436,   0.483,   1.620,9999.000,9999.000,9999.000,9999.000,9999.000,9999.000,9999.000
202603130442,   0.454,   1.571,9999.000,9999.000,9999.000,9999.000,9999.000,9999.000,9999.000
202603130448,   0.427,   1.548,9999.000,9999.000,9999.000,9999.000,9999.000,9999.000,9999.000
202603130454,   0.405,   1.489,9999.000,9999.000,9999.000,9999.000,9999.000,9999.000,9999.000
202603130500,   0.385,   1.449,   0.000,   1.064,   1.449,  -0.100,   1.349,   0.200,   1.649
202603130506,   0.370,   1.400,9999.000,9999.000,9999.000,9999.000,9999.000,9999.000,9999.000
202603130512,   0.360,   1.361,9999.000,9999.000,9999.000,9999.000,9999.000,9999.000,9999.000
202603130518,   0.353,   1.328,9999.000,9999.000,9999.000,9999.000,9999.000,9999.000,9999.000
202603130524,   0.352,   1.308,9999.000,9999.000,9999.000,9999.000,9999.000,9999.000,9999.000
202603130530,   0.357,   1.289,9999.000,9999.000,9999.000,9999.000,9999.000,9999.000,9999.000
202603130536,   0.367,   1.279,9999.000,9999.000,9999.000,9999.000,9999.000,9999.000,9999.000
202603130542,   0.384,   1.259,9999.000,9999.000,9999.000,9999.000,9999.000,9999.000,9999.000
202603130548,   0.407,   1.249,9999.000,9999.000,9999.000,9999.000,9999.000,9999.000,9999.000
202603130554,   0.437,   1.239,9999.000,9999.000,9999.000,9999.000,9999.000,9999.000,9999.000
202603130600,   0.474,   1.239,   0.000,   0.765,   1.239,  -0.200,   1.039,   0.200,   1.439
202603130606,   0.519,   1.249,9999.000,9999.000,9999.000,9999.000,9999.000,9999.000,9999.000
202603130612,   0.571,   1.269,9999.000,9999.000,9999.000,9999.000,9999.000,9999.000,9999.000
202603130618,   0.631,   1.308,9999.000,9999.000,9999.000,9999.000,9999.000,9999.000,9999.000
202603130624,   0.699,   1.348,9999.000,9999.000,9999.000,9999.000,9999.000,9999.000,9999.000
202603130630,   0.775,   1.390,9999.000,9999.000,9999.000,9999.000,9999.000,9999.000,9999.000
202603130636,   0.858,   1.439,9999.000,9999.000,9999.000,9999.000,9999.000,9999.000,9999.000
202603130642,   0.948,   1.498,9999.000,9999.000,9999.000,9999.000,9999.000,9999.000,9999.000
202603130648,   1.045,   1.548,9999.000,9999.000,9999.000,9999.000,9999.000,9999.000,9999.000
202603130654,   1.149,   1.610,9999.000,9999.000,9999.000,9999.000,9999.000,9999.000,9999.000
202603130700,   1.259,   1.669,   0.000,   0.410,   1.669,  -0.200,   1.469,   0.200,   1.869
202603130706,   1.375,   1.738,9999.000,9999.000,9999.000,9999.000,9999.000,9999.000,9999.000
202603130712,   1.495,   1.820,9999.000,9999.000,9999.000,9999.000,9999.000,9999.000,9999.000
202603130718,   1.619,   1.908,9999.000,9999.000,9999.000,9999.000,9999.000,9999.000,9999.000
202603130724,   1.747,   2.000,9999.000,9999.000,9999.000,9999.000,9999.000,9999.000,9999.000
202603130730,   1.878,   2.118,9999.000,9999.000,9999.000,9999.000,9999.000,9999.000,9999.000
202603130736,   2.010,   2.210,9999.000,9999.000,9999.000,9999.000,9999.000,9999.000,9999.000
202603130742,   2.144,   2.328,9999.000,9999.000,9999.000,9999.000,9999.000,9999.000,9999.000
202603130748,   2.278,   2.430,9999.000,9999.000,9999.000,9999.000,9999.000,9999.000,9999.000
202603130754,   2.411,   2.528,9999.000,9999.000,9999.000,9999.000,9999.000,9999.000,9999.000
202603130800,   2.544,   2.640,   0.000,   0.096,   2.640,  -0.200,   2.440,   0.200,   2.840
202603130806,   2.675,   2.738,9999.000,9999.000,9999.000,9999.000,9999.000,9999.000,9999.000
202603130812,   2.803,   2.807,9999.000,9999.000,9999.000,9999.000,9999.000,9999.000,9999.000
202603130818,   2.929,   2.909,9999.000,9999.000,9999.000,9999.000,9999.000,9999.000,9999.000
202603130824,   3.051,   3.007,9999.000,9999.000,9999.000,9999.000,9999.000,9999.000,9999.000
202603130830,   3.169,   3.109,9999.000,9999.000,9999.000,9999.000,9999.000,9999.000,9999.000
202603130836,   3.284,   3.230,9999.000,9999.000,9999.000,9999.000,9999.000,9999.000,9999.000
202603130842,   3.394,   3.339,9999.000,9999.000,9999.000,9999.000,9999.000,9999.000,9999.000
202603130848,   3.500,   3.450,9999.000,9999.000,9999.000,9999.000,9999.000,9999.000,9999.000
202603130854,   3.601,   3.568,9999.000,9999.000,9999.000,9999.000,9999.000,9999.000,9999.000
202603130900,   3.698,   3.670,   0.000,  -0.028,   3.670,  -0.200,   3.470,   0.200,   3.870
202603130906,   3.790,   3.778,9999.000,9999.000,9999.000,9999.000,9999.000,9999.000,9999.000
202603130912,   3.878,   3.870,9999.000,9999.000,9999.000,9999.000,9999.000,9999.000,9999.000
202603130918,   3.961,   3.968,9999.000,9999.000,9999.000,9999.000,9999.000,9999.000,9999.000
202603130924,   4.041,   4.070,9999.000,9999.000,9999.000,9999.000,9999.000,9999.000,9999.000
202603130930,   4.117,   4.168,9999.000,9999.000,9999.000,9999.000,9999.000,9999.000,9999.000
202603130936,   4.189,   4.257,9999.000,9999.000,9999.000,9999.000,9999.000,9999.000,9999.000
202603130942,   4.257,   4.339,9999.000,9999.000,9999.000,9999.000,9999.000,9999.000,9999.000
202603130948,   4.322,   4.427,9999.000,9999.000,9999.000,9999.000,9999.000,9999.000,9999.000
202603130954,   4.384,   4.519,9999.000,9999.000,9999.000,9999.000,9999.000,9999.000,9999.000
202603131000,   4.443,   4.578,   0.000,   0.135,   4.578,  -0.100,   4.478,   0.200,   4.778
202603131006,   4.500,   4.628,9999.000,9999.000,9999.000,9999.000,9999.000,9999.000,9999.000
202603131012,   4.553,   4.710,9999.000,9999.000,9999.000,9999.000,9999.000,9999.000,9999.000
202603131018,   4.603,   4.739,9999.000,9999.000,9999.000,9999.000,9999.000,9999.000,9999.000
202603131024,   4.651,   4.798,9999.000,9999.000,9999.000,9999.000,9999.000,9999.000,9999.000
202603131030,   4.696,   4.867,9999.000,9999.000,9999.000,9999.000,9999.000,9999.000,9999.000
202603131036,   4.738,   4.900,9999.000,9999.000,9999.000,9999.000,9999.000,9999.000,9999.000
202603131042,   4.776,   4.939,9999.000,9999.000,9999.000,9999.000,9999.000,9999.000,9999.000
202603131048,   4.812,   4.979,9999.000,9999.000,9999.000,9999.000,9999.000,9999.000,9999.000
202603131054,   4.843,   5.018,9999.000,9999.000,9999.000,9999.000,9999.000,9999.000,9999.000
202603131100,   4.871,   5.047,   0.000,   0.176,   5.047,  -0.100,   4.947,   0.100,   5.147
202603131106,   4.895,   5.057,9999.000,9999.000,9999.000,9999.000,9999.000,9999.000,9999.000
202603131112,   4.914,   5.087,9999.000,9999.000,9999.000,9999.000,9999.000,9999.000,9999.000
202603131118,   4.929,   5.097,9999.000,9999.000,9999.000,9999.000,9999.000,9999.000,9999.000
202603131124,   4.938,   5.097,9999.000,9999.000,9999.000,9999.000,9999.000,9999.000,9999.000
202603131130,   4.943,   5.087,9999.000,9999.000,9999.000,9999.000,9999.000,9999.000,9999.000
202603131136,   4.942,   5.087,9999.000,9999.000,9999.000,9999.000,9999.000,9999.000,9999.000
202603131142,   4.936,   5.087,9999.000,9999.000,9999.000,9999.000,9999.000,9999.000,9999.000
202603131148,   4.924,   5.067,9999.000,9999.000,9999.000,9999.000,9999.000,9999.000,9999.000
202603131154,   4.906,   5.057,9999.000,9999.000,9999.000,9999.000,9999.000,9999.000,9999.000
202603131200,   4.882,   5.038,   0.100,   0.056,   5.038,   0.100,   5.038,   0.200,   5.138
202603131206,   4.852,   5.008,9999.000,9999.000,9999.000,9999.000,9999.000,9999.000,9999.000
202603131212,   4.816,   4.979,9999.000,9999.000,9999.000,9999.000,9999.000,9999.000,9999.000
202603131218,   4.774,   4.939,9999.000,9999.000,9999.000,9999.000,9999.000,9999.000,9999.000
202603131224,   4.727,   4.887,9999.000,9999.000,9999.000,9999.000,9999.000,9999.000,9999.000
202603131230,   4.674,   4.808,9999.000,9999.000,9999.000,9999.000,9999.000,9999.000,9999.000
202603131236,   4.615,   4.729,9999.000,9999.000,9999.000,9999.000,9999.000,9999.000,9999.000
202603131242,   4.551,   4.647,9999.000,9999.000,9999.000,9999.000,9999.000,9999.000,9999.000
202603131248,   4.482,   4.549,9999.000,9999.000,9999.000,9999.000,9999.000,9999.000,9999.000
202603131254,   4.408,   4.447,9999.000,9999.000,9999.000,9999.000,9999.000,9999.000,9999.000
202603131300,   4.329,   4.349,   0.200,  -0.180,   4.349,   0.100,   4.249,   0.200,   4.349
202603131306,   4.247,   4.247,9999.000,9999.000,9999.000,9999.000,9999.000,9999.000,9999.000
202603131312,   4.161,   4.159,9999.000,9999.000,9999.000,9999.000,9999.000,9999.000,9999.000
202603131318,   4.072,   4.070,9999.000,9999.000,9999.000,9999.000,9999.000,9999.000,9999.000
202603131324,   3.980,   3.968,9999.000,9999.000,9999.000,9999.000,9999.000,9999.000,9999.000
202603131330,   3.885,   3.890,9999.000,9999.000,9999.000,9999.000,9999.000,9999.000,9999.000
202603131336,   3.788,   3.808,9999.000,9999.000,9999.000,9999.000,9999.000,9999.000,9999.000
202603131342,   3.690,   3.719,9999.000,9999.000,9999.000,9999.000,9999.000,9999.000,9999.000
202603131348,   3.590,   3.637,9999.000,9999.000,9999.000,9999.000,9999.000,9999.000,9999.000
202603131354,   3.489,   3.548,9999.000,9999.000,9999.000,9999.000,9999.000,9999.000,9999.000
202603131400,   3.387,   3.460,   0.200,  -0.127,   3.460,   0.200,   3.460,   0.200,   3.460
202603131406,   3.285,   3.378,9999.000,9999.000,9999.000,9999.000,9999.000,9999.000,9999.000
202603131412,   3.183,   3.279,9999.000,9999.000,9999.000,9999.000,9999.000,9999.000,9999.000
202603131418,   3.082,   3.197,9999.000,9999.000,9999.000,9999.000,9999.000,9999.000,9999.000
202603131424,   2.981,   3.109,9999.000,9999.000,9999.000,9999.000,9999.000,9999.000,9999.000
202603131430,   2.881,   3.017,9999.000,9999.000,9999.000,9999.000,9999.000,9999.000,9999.000
202603131436,   2.782,   2.948,9999.000,9999.000,9999.000,9999.000,9999.000,9999.000,9999.000
202603131442,   2.685,   2.869,9999.000,9999.000,9999.000,9999.000,9999.000,9999.000,9999.000
202603131448,   2.589,   2.787,9999.000,9999.000,9999.000,9999.000,9999.000,9999.000,9999.000
202603131454,   2.495,   2.709,9999.000,9999.000,9999.000,9999.000,9999.000,9999.000,9999.000
202603131500,   2.403,   2.640,   0.200,   0.037,   2.640,   0.200,   2.640,   0.200,   2.640
202603131506,   2.312,   2.578,9999.000,9999.000,9999.000,9999.000,9999.000,9999.000,9999.000
202603131512,   2.224,   2.519,9999.000,9999.000,9999.000,9999.000,9999.000,9999.000,9999.000
202603131518,   2.138,   2.450,9999.000,9999.000,9999.000,9999.000,9999.000,9999.000,9999.000
202603131524,   2.054,   2.358,9999.000,9999.000,9999.000,9999.000,9999.000,9999.000,9999.000
202603131530,   1.972,   2.309,9999.000,9999.000,9999.000,9999.000,9999.000,9999.000,9999.000
202603131536,   1.892,   2.230,9999.000,9999.000,9999.000,9999.000,9999.000,9999.000,9999.000
202603131542,   1.813,   2.158,9999.000,9999.000,9999.000,9999.000,9999.000,9999.000,9999.000
202603131548,   1.737,   2.089,9999.000,9999.000,9999.000,9999.000,9999.000,9999.000,9999.000
202603131554,   1.663,   2.040,9999.000,9999.000,9999.000,9999.000,9999.000,9999.000,9999.000
202603131600,   1.590,   1.958,   0.200,   0.168,   1.958,   0.200,   1.958,   0.300,   2.058
202603131606,   1.518,   1.899,9999.000,9999.000,9999.000,9999.000,9999.000,9999.000,9999.000
202603131612,   1.448,   1.820,9999.000,9999.000,9999.000,9999.000,9999.000,9999.000,9999.000
202603131618,   1.380,   1.758,9999.000,9999.000,9999.000,9999.000,9999.000,9999.000,9999.000
202603131624,   1.312,   1.699,9999.000,9999.000,9999.000,9999.000,9999.000,9999.000,9999.000
202603131630,   1.246,   1.620,9999.000,9999.000,9999.000,9999.000,9999.000,9999.000,9999.000
202603131636,   1.181,   1.571,9999.000,9999.000,9999.000,9999.000,9999.000,9999.000,9999.000
202603131642,   1.117,   1.528,9999.000,9999.000,9999.000,9999.000,9999.000,9999.000,9999.000
202603131648,   1.054,   1.459,9999.000,9999.000,9999.000,9999.000,9999.000,9999.000,9999.000
202603131654,   0.992,   1.410,9999.000,9999.000,9999.000,9999.000,9999.000,9999.000,9999.000
202603131700,   0.932,   1.361,   0.200,   0.229,   1.361,   0.200,   1.361,   0.300,   1.461
202603131706,   0.873,   1.328,9999.000,9999.000,9999.000,9999.000,9999.000,9999.000,9999.000
202603131712,   0.816,   1.289,9999.000,9999.000,9999.000,9999.000,9999.000,9999.000,9999.000
202603131718,   0.761,   1.239,9999.000,9999.000,9999.000,9999.000,9999.000,9999.000,9999.000
202603131724,   0.708,   1.200,9999.000,9999.000,9999.000,9999.000,9999.000,9999.000,9999.000
202603131730,   0.658,   1.161,9999.000,9999.000,9999.000,9999.000,9999.000,9999.000,9999.000
202603131736,   0.611,   1.118,9999.000,9999.000,9999.000,9999.000,9999.000,9999.000,9999.000
202603131742,   0.567,   1.088,9999.000,9999.000,9999.000,9999.000,9999.000,9999.000,9999.000
202603131748,   0.527,   1.049,9999.000,9999.000,9999.000,9999.000,9999.000,9999.000,9999.000
202603131754,   0.492,   1.020,9999.000,9999.000,9999.000,9999.000,9999.000,9999.000,9999.000
202603131800,   0.462,   1.000,   0.300,   0.238,   1.000,   0.200,   0.900,   0.300,   1.000
202603131806,   0.437,   0.980,9999.000,9999.000,9999.000,9999.000,9999.000,9999.000,9999.000
202603131812,   0.418,   0.961,9999.000,9999.000,9999.000,9999.000,9999.000,9999.000,9999.000
202603131818,   0.406,   0.961,9999.000,9999.000,9999.000,9999.000,9999.000,9999.000,9999.000
202603131824,   0.400,   0.951,9999.000,9999.000,9999.000,9999.000,9999.000,9999.000,9999.000
202603131830,   0.401,   0.951,9999.000,9999.000,9999.000,9999.000,9999.000,9999.000,9999.000
202603131836,   0.410,   0.951,9999.000,9999.000,9999.000,9999.000,9999.000,9999.000,9999.000
202603131842,   0.427,   0.970,9999.000,9999.000,9999.000,9999.000,9999.000,9999.000,9999.000
202603131848,   0.451,   1.000,9999.000,9999.000,9999.000,9999.000,9999.000,9999.000,9999.000
202603131854,   0.483,   1.020,9999.000,9999.000,9999.000,9999.000,9999.000,9999.000,9999.000
202603131900,   0.523,   1.059,   0.300,   0.236,   1.059,   0.300,   1.059,   0.400,   1.159
202603131906,   0.571,   1.138,9999.000,9999.000,9999.000,9999.000,9999.000,9999.000,9999.000
202603131912,   0.627,   1.190,9999.000,9999.000,9999.000,9999.000,9999.000,9999.000,9999.000
202603131918,   0.689,   1.239,9999.000,9999.000,9999.000,9999.000,9999.000,9999.000,9999.000
202603131924,   0.759,   1.328,9999.000,9999.000,9999.000,9999.000,9999.000,9999.000,9999.000
202603131930,   0.835,   1.430,9999.000,9999.000,9999.000,9999.000,9999.000,9999.000,9999.000
202603131936,   0.918,   1.538,9999.000,9999.000,9999.000,9999.000,9999.000,9999.000,9999.000
202603131942,   1.005,   1.630,9999.000,9999.000,9999.000,9999.000,9999.000,9999.000,9999.000
202603131948,   1.098,   1.748,9999.000,9999.000,9999.000,9999.000,9999.000,9999.000,9999.000
202603131954,   1.195,   1.879,9999.000,9999.000,9999.000,9999.000,9999.000,9999.000,9999.000
202603132000,   1.295,   2.000,   0.400,   0.305,   2.000,   0.400,   2.000,   0.500,   2.100
202603132006,   1.398,   2.109,9999.000,9999.000,9999.000,9999.000,9999.000,9999.000,9999.000
202603132012,   1.502,   2.250,9999.000,9999.000,9999.000,9999.000,9999.000,9999.000,9999.000
202603132018,   1.609,   2.377,9999.000,9999.000,9999.000,9999.000,9999.000,9999.000,9999.000
202603132024,   1.716,   2.499,9999.000,9999.000,9999.000,9999.000,9999.000,9999.000,9999.000
202603132030,   1.823,   2.630,9999.000,9999.000,9999.000,9999.000,9999.000,9999.000,9999.000
202603132036,   1.929,   2.738,9999.000,9999.000,9999.000,9999.000,9999.000,9999.000,9999.000
202603132042,   2.035,   2.860,9999.000,9999.000,9999.000,9999.000,9999.000,9999.000,9999.000
202603132048,   2.139,   2.978,9999.000,9999.000,9999.000,9999.000,9999.000,9999.000,9999.000
202603132054,   2.241,   3.099,9999.000,9999.000,9999.000,9999.000,9999.000,9999.000,9999.000
202603132100,   2.342,   3.230,   0.600,   0.288,   3.230,   0.500,   3.130,   0.600,   3.230
202603132106,   2.439,   3.348,9999.000,9999.000,9999.000,9999.000,9999.000,9999.000,9999.000
202603132112,   2.535,   3.450,9999.000,9999.000,9999.000,9999.000,9999.000,9999.000,9999.000
202603132118,   2.627,   3.558,9999.000,9999.000,9999.000,9999.000,9999.000,9999.000,9999.000
202603132124,   2.717,   3.680,9999.000,9999.000,9999.000,9999.000,9999.000,9999.000,9999.000
202603132130,   2.804,   3.798,9999.000,9999.000,9999.000,9999.000,9999.000,9999.000,9999.000
202603132136,   2.889,   3.899,9999.000,9999.000,9999.000,9999.000,9999.000,9999.000,9999.000
202603132142,   2.971,   3.998,9999.000,9999.000,9999.000,9999.000,9999.000,9999.000,9999.000
202603132148,   3.051,   4.129,9999.000,9999.000,9999.000,9999.000,9999.000,9999.000,9999.000
202603132154,   3.128,   4.247,9999.000,9999.000,9999.000,9999.000,9999.000,9999.000,9999.000
202603132200,   3.203,   4.339,   0.700,   0.436,   4.339,   0.600,   4.239,   0.800,   4.439
202603132206,   3.277,   4.437,9999.000,9999.000,9999.000,9999.000,9999.000,9999.000,9999.000
202603132212,   3.348,   4.529,9999.000,9999.000,9999.000,9999.000,9999.000,9999.000,9999.000
202603132218,   3.418,   4.618,9999.000,9999.000,9999.000,9999.000,9999.000,9999.000,9999.000
202603132224,   3.486,   4.710,9999.000,9999.000,9999.000,9999.000,9999.000,9999.000,9999.000
202603132230,   3.552,   4.788,9999.000,9999.000,9999.000,9999.000,9999.000,9999.000,9999.000
202603132236,   3.617,   4.867,9999.000,9999.000,9999.000,9999.000,9999.000,9999.000,9999.000
202603132242,   3.679,   4.939,9999.000,9999.000,9999.000,9999.000,9999.000,9999.000,9999.000
202603132248,   3.740,   5.018,9999.000,9999.000,9999.000,9999.000,9999.000,9999.000,9999.000
202603132254,   3.799,   5.087,9999.000,9999.000,9999.000,9999.000,9999.000,9999.000,9999.000
202603132300,   3.856,   5.139,   0.800,   0.483,   5.139,   0.700,   5.039,   0.900,   5.239
202603132306,   3.910,   5.188,9999.000,9999.000,9999.000,9999.000,9999.000,9999.000,9999.000
202603132312,   3.961,   5.238,9999.000,9999.000,9999.000,9999.000,9999.000,9999.000,9999.000
202603132318,   4.009,   5.267,9999.000,9999.000,9999.000,9999.000,9999.000,9999.000,9999.000
202603132324,   4.053,   5.297,9999.000,9999.000,9999.000,9999.000,9999.000,9999.000,9999.000
202603132330,   4.094,   5.307,9999.000,9999.000,9999.000,9999.000,9999.000,9999.000,9999.000
202603132336,   4.131,   5.329,9999.000,9999.000,9999.000,9999.000,9999.000,9999.000,9999.000
202603132342,   4.163,   5.349,9999.000,9999.000,9999.000,9999.000,9999.000,9999.000,9999.000
202603132348,   4.189,   5.359,9999.000,9999.000,9999.000,9999.000,9999.000,9999.000,9999.000
202603132354,   4.211,   5.349,9999.000,9999.000,9999.000,9999.000,9999.000,9999.000,9999.000
202603140000,   4.227,   5.339,   0.600,   0.512,   5.339,   0.500,   5.239,   0.800,   5.539
202603140006,   4.237,   5.320,9999.000,9999.000,9999.000,9999.000,9999.000,9999.000,9999.000
202603140012,   4.241,   5.307,9999.000,9999.000,9999.000,9999.000,9999.000,9999.000,9999.000
202603140018,   4.238,   5.287,9999.000,9999.000,9999.000,9999.000,9999.000,9999.000,9999.000
202603140024,   4.229,   5.247,9999.000,9999.000,9999.000,9999.000,9999.000,9999.000,9999.000
202603140030,   4.213,   5.218,9999.000,9999.000,9999.000,9999.000,9999.000,9999.000,9999.000
202603140036,   4.190,   5.188,9999.000,9999.000,9999.000,9999.000,9999.000,9999.000,9999.000
202603140042,   4.161,   5.139,9999.000,9999.000,9999.000,9999.000,9999.000,9999.000,9999.000
202603140048,   4.125,   5.110,9999.000,9999.000,9999.000,9999.000,9999.000,9999.000,9999.000
202603140054,   4.082,   5.067,9999.000,9999.000,9999.000,9999.000,9999.000,9999.000,9999.000
202603140100,   4.033,   5.018,   0.700,   0.285,   5.018,   0.600,   4.918,   0.700,   5.018
202603140106,   3.978,   4.939,9999.000,9999.000,9999.000,9999.000,9999.000,9999.000,9999.000
202603140112,   3.917,   4.887,9999.000,9999.000,9999.000,9999.000,9999.000,9999.000,9999.000
202603140118,   3.850,   4.828,9999.000,9999.000,9999.000,9999.000,9999.000,9999.000,9999.000
202603140124,   3.777,   4.749,9999.000,9999.000,9999.000,9999.000,9999.000,9999.000,9999.000
202603140130,   3.700,   4.677,9999.000,9999.000,9999.000,9999.000,9999.000,9999.000,9999.000
202603140136,   3.618,   4.608,9999.000,9999.000,9999.000,9999.000,9999.000,9999.000,9999.000
202603140142,   3.532,   4.549,9999.000,9999.000,9999.000,9999.000,9999.000,9999.000,9999.000
202603140148,   3.443,   4.467,9999.000,9999.000,9999.000,9999.000,9999.000,9999.000,9999.000
202603140154,   3.349,   4.359,9999.000,9999.000,9999.000,9999.000,9999.000,9999.000,9999.000
202603140200,   3.253,   4.267,   0.700,   0.314,   4.267,   0.600,   4.167,   0.700,   4.267
202603140206,   3.155,   4.198,9999.000,9999.000,9999.000,9999.000,9999.000,9999.000,9999.000
202603140212,   3.054,   4.109,9999.000,9999.000,9999.000,9999.000,9999.000,9999.000,9999.000
202603140218,   2.952,   4.017,9999.000,9999.000,9999.000,9999.000,9999.000,9999.000,9999.000
202603140224,   2.849,   3.929,9999.000,9999.000,9999.000,9999.000,9999.000,9999.000,9999.000
202603140230,   2.746,   3.847,9999.000,9999.000,9999.000,9999.000,9999.000,9999.000,9999.000
202603140236,   2.641,   3.758,9999.000,9999.000,9999.000,9999.000,9999.000,9999.000,9999.000
202603140242,   2.537,   3.680,9999.000,9999.000,9999.000,9999.000,9999.000,9999.000,9999.000
202603140248,   2.434,   3.598,9999.000,9999.000,9999.000,9999.000,9999.000,9999.000,9999.000
202603140254,   2.331,   3.509,9999.000,9999.000,9999.000,9999.000,9999.000,9999.000,9999.000
202603140300,   2.230,   3.427,   0.600,   0.597,   3.427,   0.600,   3.427,   0.700,   3.527
202603140306,   2.130,   3.348,9999.000,9999.000,9999.000,9999.000,9999.000,9999.000,9999.000
202603140312,   2.032,   3.260,9999.000,9999.000,9999.000,9999.000,9999.000,9999.000,9999.000
202603140318,   1.936,   3.178,9999.000,9999.000,9999.000,9999.000,9999.000,9999.000,9999.000
202603140324,   1.842,   3.089,9999.000,9999.000,9999.000,9999.000,9999.000,9999.000,9999.000
202603140330,   1.750,   3.007,9999.000,9999.000,9999.000,9999.000,9999.000,9999.000,9999.000
202603140336,   1.661,   2.929,9999.000,9999.000,9999.000,9999.000,9999.000,9999.000,9999.000
202603140342,   1.574,   2.850,9999.000,9999.000,9999.000,9999.000,9999.000,9999.000,9999.000
202603140348,   1.491,   2.787,9999.000,9999.000,9999.000,9999.000,9999.000,9999.000,9999.000
202603140354,   1.410,   2.709,9999.000,9999.000,9999.000,9999.000,9999.000,9999.000,9999.000
202603140400,   1.332,   2.620,   0.600,   0.688,   2.620,   0.500,   2.520,   0.700,   2.720
202603140406,   1.257,   2.548,9999.000,9999.000,9999.000,9999.000,9999.000,9999.000,9999.000
202603140412,   1.184,   2.489,9999.000,9999.000,9999.000,9999.000,9999.000,9999.000,9999.000
202603140418,   1.115,   2.420,9999.000,9999.000,9999.000,9999.000,9999.000,9999.000,9999.000
202603140424,   1.048,   2.358,9999.000,9999.000,9999.000,9999.000,9999.000,9999.000,9999.000
202603140430,   0.983,   2.279,9999.000,9999.000,9999.000,9999.000,9999.000,9999.000,9999.000
202603140436,   0.921,   2.220,9999.000,9999.000,9999.000,9999.000,9999.000,9999.000,9999.000
202603140442,   0.862,   2.158,9999.000,9999.000,9999.000,9999.000,9999.000,9999.000,9999.000
202603140448,   0.805,   2.089,9999.000,9999.000,9999.000,9999.000,9999.000,9999.000,9999.000
202603140454,   0.751,   2.020,9999.000,9999.000,9999.000,9999.000,9999.000,9999.000,9999.000
202603140500,   0.699,   1.948,   0.500,   0.749,   1.948,   0.400,   1.848,   0.600,   2.048
202603140506,   0.649,   1.879,9999.000,9999.000,9999.000,9999.000,9999.000,9999.000,9999.000
202603140512,   0.601,   1.810,9999.000,9999.000,9999.000,9999.000,9999.000,9999.000,9999.000
202603140518,   0.556,   1.758,9999.000,9999.000,9999.000,9999.000,9999.000,9999.000,9999.000
202603140524,   0.514,   1.679,9999.000,9999.000,9999.000,9999.000,9999.000,9999.000,9999.000
202603140530,   0.474,   1.590,9999.000,9999.000,9999.000,9999.000,9999.000,9999.000,9999.000
202603140536,   0.437,   1.571,9999.000,9999.000,9999.000,9999.000,9999.000,9999.000,9999.000
202603140542,   0.404,   1.489,9999.000,9999.000,9999.000,9999.000,9999.000,9999.000,9999.000
202603140548,   0.374,   1.420,9999.000,9999.000,9999.000,9999.000,9999.000,9999.000,9999.000
202603140554,   0.347,9999.000,9999.000,9999.000,9999.000,9999.000,9999.000,9999.000,9999.000
202603140600,   0.325,9999.000,   0.400,   0.715,   1.440,   0.400,   1.440,   0.500,   1.540
202603140606,   0.307,9999.000,9999.000,9999.000,9999.000,9999.000,9999.000,9999.000,9999.000
202603140612,   0.295,9999.000,9999.000,9999.000,9999.000,9999.000,9999.000,9999.000,9999.000
202603140618,   0.287,9999.000,9999.000,9999.000,9999.000,9999.000,9999.000,9999.000,9999.000
202603140624,   0.286,9999.000,9999.000,9999.000,9999.000,9999.000,9999.000,9999.000,9999.000
202603140630,   0.291,9999.000,9999.000,9999.000,9999.000,9999.000,9999.000,9999.000,9999.000
202603140636,   0.302,9999.000,9999.000,9999.000,9999.000,9999.000,9999.000,9999.000,9999.000
202603140642,   0.321,9999.000,9999.000,9999.000,9999.000,9999.000,9999.000,9999.000,9999.000
202603140648,   0.347,9999.000,9999.000,9999.000,9999.000,9999.000,9999.000,9999.000,9999.000
202603140654,   0.381,9999.000,9999.000,9999.000,9999.000,9999.000,9999.000,9999.000,9999.000
202603140700,   0.422,9999.000,   0.300,   0.681,   1.403,   0.200,   1.303,   0.300,   1.403
202603140706,   0.472,9999.000,9999.000,9999.000,9999.000,9999.000,9999.000,9999.000,9999.000
202603140712,   0.530,9999.000,9999.000,9999.000,9999.000,9999.000,9999.000,9999.000,9999.000
202603140718,   0.596,9999.000,9999.000,9999.000,9999.000,9999.000,9999.000,9999.000,9999.000
202603140724,   0.670,9999.000,9999.000,9999.000,9999.000,9999.000,9999.000,9999.000,9999.000
202603140730,   0.752,9999.000,9999.000,9999.000,9999.000,9999.000,9999.000,9999.000,9999.000
202603140736,   0.842,9999.000,9999.000,9999.000,9999.000,9999.000,9999.000,9999.000,9999.000
202603140742,   0.939,9999.000,9999.000,9999.000,9999.000,9999.000,9999.000,9999.000,9999.000
202603140748,   1.042,9999.000,9999.000,9999.000,9999.000,9999.000,9999.000,9999.000,9999.000
202603140754,   1.152,9999.000,9999.000,9999.000,9999.000,9999.000,9999.000,9999.000,9999.000
202603140800,   1.268,9999.000,   0.100,   0.648,   2.016,   0.000,   1.916,   0.200,   2.116
202603140806,   1.389,9999.000,9999.000,9999.000,9999.000,9999.000,9999.000,9999.000,9999.000
202603140812,   1.514,9999.000,9999.000,9999.000,9999.000,9999.000,9999.000,9999.000,9999.000
202603140818,   1.643,9999.000,9999.000,9999.000,9999.000,9999.000,9999.000,9999.000,9999.000
202603140824,   1.775,9999.000,9999.000,9999.000,9999.000,9999.000,9999.000,9999.000,9999.000
202603140830,   1.908,9999.000,9999.000,9999.000,9999.000,9999.000,9999.000,9999.000,9999.000
202603140836,   2.043,9999.000,9999.000,9999.000,9999.000,9999.000,9999.000,9999.000,9999.000
202603140842,   2.178,9999.000,9999.000,9999.000,9999.000,9999.000,9999.000,9999.000,9999.000
202603140848,   2.314,9999.000,9999.000,9999.000,9999.000,9999.000,9999.000,9999.000,9999.000
202603140854,   2.448,9999.000,9999.000,9999.000,9999.000,9999.000,9999.000,9999.000,9999.000
202603140900,   2.581,9999.000,  -0.100,   0.614,   3.095,  -0.200,   2.995,   0.000,   3.195
202603140906,   2.711,9999.000,9999.000,9999.000,9999.000,9999.000,9999.000,9999.000,9999.000
202603140912,   2.839,9999.000,9999.000,9999.000,9999.000,9999.000,9999.000,9999.000,9999.000
202603140918,   2.964,9999.000,9999.000,9999.000,9999.000,9999.000,9999.000,9999.000,9999.000
202603140924,   3.085,9999.000,9999.000,9999.000,9999.000,9999.000,9999.000,9999.000,9999.000
202603140930,   3.203,9999.000,9999.000,9999.000,9999.000,9999.000,9999.000,9999.000,9999.000
202603140936,   3.316,9999.000,9999.000,9999.000,9999.000,9999.000,9999.000,9999.000,9999.000
202603140942,   3.426,9999.000,9999.000,9999.000,9999.000,9999.000,9999.000,9999.000,9999.000
202603140948,   3.531,9999.000,9999.000,9999.000,9999.000,9999.000,9999.000,9999.000,9999.000
202603140954,   3.633,9999.000,9999.000,9999.000,9999.000,9999.000,9999.000,9999.000,9999.000
202603141000,   3.730,9999.000,  -0.200,   0.580,   4.110,  -0.400,   3.910,   0.000,   4.310
202603141006,   3.824,9999.000,9999.000,9999.000,9999.000,9999.000,9999.000,9999.000,9999.000
202603141012,   3.913,9999.000,9999.000,9999.000,9999.000,9999.000,9999.000,9999.000,9999.000
202603141018,   3.999,9999.000,9999.000,9999.000,9999.000,9999.000,9999.000,9999.000,9999.000
202603141024,   4.082,9999.000,9999.000,9999.000,9999.000,9999.000,9999.000,9999.000,9999.000
202603141030,   4.161,9999.000,9999.000,9999.000,9999.000,9999.000,9999.000,9999.000,9999.000
202603141036,   4.237,9999.000,9999.000,9999.000,9999.000,9999.000,9999.000,9999.000,9999.000
202603141042,   4.310,9999.000,9999.000,9999.000,9999.000,9999.000,9999.000,9999.000,9999.000
202603141048,   4.381,9999.000,9999.000,9999.000,9999.000,9999.000,9999.000,9999.000,9999.000
202603141054,   4.448,9999.000,9999.000,9999.000,9999.000,9999.000,9999.000,9999.000,9999.000
202603141100,   4.513,9999.000,  -0.300,   0.546,   4.759,  -0.500,   4.559,  -0.100,   4.959
202603141106,   4.575,9999.000,9999.000,9999.000,9999.000,9999.000,9999.000,9999.000,9999.000
202603141112,   4.634,9999.000,9999.000,9999.000,9999.000,9999.000,9999.000,9999.000,9999.000
202603141118,   4.690,9999.000,9999.000,9999.000,9999.000,9999.000,9999.000,9999.000,9999.000
202603141124,   4.743,9999.000,9999.000,9999.000,9999.000,9999.000,9999.000,9999.000,9999.000
202603141130,   4.793,9999.000,9999.000,9999.000,9999.000,9999.000,9999.000,9999.000,9999.000
202603141136,   4.840,9999.000,9999.000,9999.000,9999.000,9999.000,9999.000,9999.000,9999.000
202603141142,   4.883,9999.000,9999.000,9999.000,9999.000,9999.000,9999.000,9999.000,9999.000
202603141148,   4.922,9999.000,9999.000,9999.000,9999.000,9999.000,9999.000,9999.000,9999.000
202603141154,   4.956,9999.000,9999.000,9999.000,9999.000,9999.000,9999.000,9999.000,9999.000
202603141200,   4.986,9999.000,  -0.400,   0.513,   5.099,  -0.600,   4.899,  -0.200,   5.299
202603141206,   5.012,9999.000,9999.000,9999.000,9999.000,9999.000,9999.000,9999.000,9999.000
202603141212,   5.032,9999.000,9999.000,9999.000,9999.000,9999.000,9999.000,9999.000,9999.000
202603141218,   5.046,9999.000,9999.000,9999.000,9999.000,9999.000,9999.000,9999.000,9999.000
202603141224,   5.055,9999.000,9999.000,9999.000,9999.000,9999.000,9999.000,9999.000,9999.000
202603141230,   5.058,9999.000,9999.000,9999.000,9999.000,9999.000,9999.000,9999.000,9999.000
202603141236,   5.055,9999.000,9999.000,9999.000,9999.000,9999.000,9999.000,9999.000,9999.000
202603141242,   5.046,9999.000,9999.000,9999.000,9999.000,9999.000,9999.000,9999.000,9999.000
202603141248,   5.030,9999.000,9999.000,9999.000,9999.000,9999.000,9999.000,9999.000,9999.000
202603141254,   5.007,9999.000,9999.000,9999.000,9999.000,9999.000,9999.000,9999.000,9999.000
202603141300,   4.979,9999.000,  -0.400,   0.479,   5.058,  -0.600,   4.858,  -0.200,   5.258
202603141306,   4.943,9999.000,9999.000,9999.000,9999.000,9999.000,9999.000,9999.000,9999.000
202603141312,   4.902,9999.000,9999.000,9999.000,9999.000,9999.000,9999.000,9999.000,9999.000
202603141318,   4.854,9999.000,9999.000,9999.000,9999.000,9999.000,9999.000,9999.000,9999.000
202603141324,   4.800,9999.000,9999.000,9999.000,9999.000,9999.000,9999.000,9999.000,9999.000
202603141330,   4.740,9999.000,9999.000,9999.000,9999.000,9999.000,9999.000,9999.000,9999.000
202603141336,   4.675,9999.000,9999.000,9999.000,9999.000,9999.000,9999.000,9999.000,9999.000
202603141342,   4.604,9999.000,9999.000,9999.000,9999.000,9999.000,9999.000,9999.000,9999.000
202603141348,   4.529,9999.000,9999.000,9999.000,9999.000,9999.000,9999.000,9999.000,9999.000
202603141354,   4.449,9999.000,9999.000,9999.000,9999.000,9999.000,9999.000,9999.000,9999.000
202603141400,   4.365,9999.000,  -0.500,   0.445,   4.310,  -0.700,   4.110,  -0.300,   4.510
202603141406,   4.277,9999.000,9999.000,9999.000,9999.000,9999.000,9999.000,9999.000,9999.000
202603141412,   4.185,9999.000,9999.000,9999.000,9999.000,9999.000,9999.000,9999.000,9999.000
202603141418,   4.091,9999.000,9999.000,9999.000,9999.000,9999.000,9999.000,9999.000,9999.000
202603141424,   3.994,9999.000,9999.000,9999.000,9999.000,9999.000,9999.000,9999.000,9999.000
202603141430,   3.895,9999.000,9999.000,9999.000,9999.000,9999.000,9999.000,9999.000,9999.000
202603141436,   3.794,9999.000,9999.000,9999.000,9999.000,9999.000,9999.000,9999.000,9999.000
202603141442,   3.692,9999.000,9999.000,9999.000,9999.000,9999.000,9999.000,9999.000,9999.000
202603141448,   3.589,9999.000,9999.000,9999.000,9999.000,9999.000,9999.000,9999.000,9999.000
202603141454,   3.486,9999.000,9999.000,9999.000,9999.000,9999.000,9999.000,9999.000,9999.000
202603141500,   3.382,9999.000,  -0.500,   0.411,   3.293,  -0.700,   3.093,  -0.300,   3.493
202603141506,   3.278,9999.000,9999.000,9999.000,9999.000,9999.000,9999.000,9999.000,9999.000
202603141512,   3.175,9999.000,9999.000,9999.000,9999.000,9999.000,9999.000,9999.000,9999.000
202603141518,   3.072,9999.000,9999.000,9999.000,9999.000,9999.000,9999.000,9999.000,9999.000
202603141524,   2.971,9999.000,9999.000,9999.000,9999.000,9999.000,9999.000,9999.000,9999.000
202603141530,   2.870,9999.000,9999.000,9999.000,9999.000,9999.000,9999.000,9999.000,9999.000
202603141536,   2.771,9999.000,9999.000,9999.000,9999.000,9999.000,9999.000,9999.000,9999.000
202603141542,   2.673,9999.000,9999.000,9999.000,9999.000,9999.000,9999.000,9999.000,9999.000
202603141548,   2.577,9999.000,9999.000,9999.000,9999.000,9999.000,9999.000,9999.000,9999.000
202603141554,   2.483,9999.000,9999.000,9999.000,9999.000,9999.000,9999.000,9999.000,9999.000
202603141600,   2.390,9999.000,  -0.500,   0.377,   2.267,  -0.700,   2.067,  -0.400,   2.367
202603141606,   2.300,9999.000,9999.000,9999.000,9999.000,9999.000,9999.000,9999.000,9999.000
202603141612,   2.211,9999.000,9999.000,9999.000,9999.000,9999.000,9999.000,9999.000,9999.000
202603141618,   2.124,9999.000,9999.000,9999.000,9999.000,9999.000,9999.000,9999.000,9999.000
202603141624,   2.039,9999.000,9999.000,9999.000,9999.000,9999.000,9999.000,9999.000,9999.000
202603141630,   1.955,9999.000,9999.000,9999.000,9999.000,9999.000,9999.000,9999.000,9999.000
202603141636,   1.873,9999.000,9999.000,9999.000,9999.000,9999.000,9999.000,9999.000,9999.000
202603141642,   1.793,9999.000,9999.000,9999.000,9999.000,9999.000,9999.000,9999.000,9999.000
202603141648,   1.714,9999.000,9999.000,9999.000,9999.000,9999.000,9999.000,9999.000,9999.000
202603141654,   1.636,9999.000,9999.000,9999.000,9999.000,9999.000,9999.000,9999.000,9999.000
202603141700,   1.560,9999.000,  -0.600,   0.344,   1.304,  -0.800,   1.104,  -0.400,   1.504
202603141706,   1.484,9999.000,9999.000,9999.000,9999.000,9999.000,9999.000,9999.000,9999.000
202603141712,   1.410,9999.000,9999.000,9999.000,9999.000,9999.000,9999.000,9999.000,9999.000
202603141718,   1.336,9999.000,9999.000,9999.000,9999.000,9999.000,9999.000,9999.000,9999.000
202603141724,   1.264,9999.000,9999.000,9999.000,9999.000,9999.000,9999.000,9999.000,9999.000
202603141730,   1.192,9999.000,9999.000,9999.000,9999.000,9999.000,9999.000,9999.000,9999.000
202603141736,   1.121,9999.000,9999.000,9999.000,9999.000,9999.000,9999.000,9999.000,9999.000
202603141742,   1.051,9999.000,9999.000,9999.000,9999.000,9999.000,9999.000,9999.000,9999.000
202603141748,   0.983,9999.000,9999.000,9999.000,9999.000,9999.000,9999.000,9999.000,9999.000
202603141754,   0.915,9999.000,9999.000,9999.000,9999.000,9999.000,9999.000,9999.000,9999.000
202603141800,   0.849,9999.000,  -0.600,   0.344,   0.593,  -0.800,   0.393,  -0.400,   0.793
202603141806,   0.785,9999.000,9999.000,9999.000,9999.000,9999.000,9999.000,9999.000,9999.000
202603141812,   0.723,9999.000,9999.000,9999.000,9999.000,9999.000,9999.000,9999.000,9999.000
202603141818,   0.664,9999.000,9999.000,9999.000,9999.000,9999.000,9999.000,9999.000,9999.000
202603141824,   0.608,9999.000,9999.000,9999.000,9999.000,9999.000,9999.000,9999.000,9999.000
202603141830,   0.555,9999.000,9999.000,9999.000,9999.000,9999.000,9999.000,9999.000,9999.000
202603141836,   0.506,9999.000,9999.000,9999.000,9999.000,9999.000,9999.000,9999.000,9999.000
202603141842,   0.462,9999.000,9999.000,9999.000,9999.000,9999.000,9999.000,9999.000,9999.000
202603141848,   0.422,9999.000,9999.000,9999.000,9999.000,9999.000,9999.000,9999.000,9999.000
202603141854,   0.389,9999.000,9999.000,9999.000,9999.000,9999.000,9999.000,9999.000,9999.000
202603141900,   0.361,9999.000,  -0.700,   0.344,   0.005,  -0.900,  -0.195,  -0.500,   0.205
202603141906,   0.340,9999.000,9999.000,9999.000,9999.000,9999.000,9999.000,9999.000,9999.000
202603141912,   0.325,9999.000,9999.000,9999.000,9999.000,9999.000,9999.000,9999.000,9999.000
202603141918,   0.319,9999.000,9999.000,9999.000,9999.000,9999.000,9999.000,9999.000,9999.000
202603141924,   0.320,9999.000,9999.000,9999.000,9999.000,9999.000,9999.000,9999.000,9999.000
202603141930,   0.329,9999.000,9999.000,9999.000,9999.000,9999.000,9999.000,9999.000,9999.000
202603141936,   0.346,9999.000,9999.000,9999.000,9999.000,9999.000,9999.000,9999.000,9999.000
202603141942,   0.372,9999.000,9999.000,9999.000,9999.000,9999.000,9999.000,9999.000,9999.000
202603141948,   0.406,9999.000,9999.000,9999.000,9999.000,9999.000,9999.000,9999.000,9999.000
202603141954,   0.449,9999.000,9999.000,9999.000,9999.000,9999.000,9999.000,9999.000,9999.000
202603142000,   0.500,9999.000,  -0.800,   0.344,   0.044,  -1.000,  -0.156,  -0.600,   0.244
202603142006,   0.558,9999.000,9999.000,9999.000,9999.000,9999.000,9999.000,9999.000,9999.000
202603142012,   0.625,9999.000,9999.000,9999.000,9999.000,9999.000,9999.000,9999.000,9999.000
202603142018,   0.699,9999.000,9999.000,9999.000,9999.000,9999.000,9999.000,9999.000,9999.000
202603142024,   0.780,9999.000,9999.000,9999.000,9999.000,9999.000,9999.000,9999.000,9999.000
202603142030,   0.866,9999.000,9999.000,9999.000,9999.000,9999.000,9999.000,9999.000,9999.000
202603142036,   0.959,9999.000,9999.000,9999.000,9999.000,9999.000,9999.000,9999.000,9999.000
202603142042,   1.056,9999.000,9999.000,9999.000,9999.000,9999.000,9999.000,9999.000,9999.000
202603142048,   1.158,9999.000,9999.000,9999.000,9999.000,9999.000,9999.000,9999.000,9999.000
202603142054,   1.264,9999.000,9999.000,9999.000,9999.000,9999.000,9999.000,9999.000,9999.000
202603142100,   1.372,9999.000,  -0.900,   0.344,   0.816,  -1.100,   0.616,  -0.600,   1.116
202603142106,   1.482,9999.000,9999.000,9999.000,9999.000,9999.000,9999.000,9999.000,9999.000
202603142112,   1.594,9999.000,9999.000,9999.000,9999.000,9999.000,9999.000,9999.000,9999.000
202603142118,   1.707,9999.000,9999.000,9999.000,9999.000,9999.000,9999.000,9999.000,9999.000
202603142124,   1.820,9999.000,9999.000,9999.000,9999.000,9999.000,9999.000,9999.000,9999.000
202603142130,   1.932,9999.000,9999.000,9999.000,9999.000,9999.000,9999.000,9999.000,9999.000
202603142136,   2.044,9999.000,9999.000,9999.000,9999.000,9999.000,9999.000,9999.000,9999.000
202603142142,   2.154,9999.000,9999.000,9999.000,9999.000,9999.000,9999.000,9999.000,9999.000
202603142148,   2.263,9999.000,9999.000,9999.000,9999.000,9999.000,9999.000,9999.000,9999.000
202603142154,   2.370,9999.000,9999.000,9999.000,9999.000,9999.000,9999.000,9999.000,9999.000
202603142200,   2.475,9999.000,  -0.900,   0.344,   1.919,  -1.200,   1.619,  -0.600,   2.219
202603142206,   2.577,9999.000,9999.000,9999.000,9999.000,9999.000,9999.000,9999.000,9999.000
202603142212,   2.677,9999.000,9999.000,9999.000,9999.000,9999.000,9999.000,9999.000,9999.000
202603142218,   2.775,9999.000,9999.000,9999.000,9999.000,9999.000,9999.000,9999.000,9999.000
202603142224,   2.870,9999.000,9999.000,9999.000,9999.000,9999.000,9999.000,9999.000,9999.000
202603142230,   2.963,9999.000,9999.000,9999.000,9999.000,9999.000,9999.000,9999.000,9999.000
202603142236,   3.053,9999.000,9999.000,9999.000,9999.000,9999.000,9999.000,9999.000,9999.000
202603142242,   3.142,9999.000,9999.000,9999.000,9999.000,9999.000,9999.000,9999.000,9999.000
202603142248,   3.228,9999.000,9999.000,9999.000,9999.000,9999.000,9999.000,9999.000,9999.000
202603142254,   3.312,9999.000,9999.000,9999.000,9999.000,9999.000,9999.000,9999.000,9999.000
202603142300,   3.394,9999.000,  -0.900,   0.344,   2.838,  -1.200,   2.538,  -0.600,   3.138
202603142306,   3.475,9999.000,9999.000,9999.000,9999.000,9999.000,9999.000,9999.000,9999.000
202603142312,   3.553,9999.000,9999.000,9999.000,9999.000,9999.000,9999.000,9999.000,9999.000
202603142318,   3.630,9999.000,9999.000,9999.000,9999.000,9999.000,9999.000,9999.000,9999.000
202603142324,   3.705,9999.000,9999.000,9999.000,9999.000,9999.000,9999.000,9999.000,9999.000
202603142330,   3.778,9999.000,9999.000,9999.000,9999.000,9999.000,9999.000,9999.000,9999.000
202603142336,   3.848,9999.000,9999.000,9999.000,9999.000,9999.000,9999.000,9999.000,9999.000
202603142342,   3.917,9999.000,9999.000,9999.000,9999.000,9999.000,9999.000,9999.000,9999.000
202603142348,   3.983,9999.000,9999.000,9999.000,9999.000,9999.000,9999.000,9999.000,9999.000
202603142354,   4.046,9999.000,9999.000,9999.000,9999.000,9999.000,9999.000,9999.000,9999.000
202603150000,   4.106,9999.000,  -0.800,   0.344,   3.650,  -1.200,   3.250,  -0.500,   3.950
202603150006,   4.162,9999.000,9999.000,9999.000,9999.000,9999.000,9999.000,9999.000,9999.000
202603150012,   4.215,9999.000,9999.000,9999.000,9999.000,9999.000,9999.000,9999.000,9999.000
202603150018,   4.263,9999.000,9999.000,9999.000,9999.000,9999.000,9999.000,9999.000,9999.000
202603150024,   4.307,9999.000,9999.000,9999.000,9999.000,9999.000,9999.000,9999.000,9999.000
202603150030,   4.346,9999.000,9999.000,9999.000,9999.000,9999.000,9999.000,9999.000,9999.000
202603150036,   4.379,9999.000,9999.000,9999.000,9999.000,9999.000,9999.000,9999.000,9999.000
202603150042,   4.407,9999.000,9999.000,9999.000,9999.000,9999.000,9999.000,9999.000,9999.000
202603150048,   4.429,9999.000,9999.000,9999.000,9999.000,9999.000,9999.000,9999.000,9999.000
202603150054,   4.444,9999.000,9999.000,9999.000,9999.000,9999.000,9999.000,9999.000,9999.000
202603150100,   4.452,9999.000,  -0.700,   0.344,   4.096,  -1.100,   3.696,  -0.500,   4.296
202603150106,   4.454,9999.000,9999.000,9999.000,9999.000,9999.000,9999.000,9999.000,9999.000
202603150112,   4.449,9999.000,9999.000,9999.000,9999.000,9999.000,9999.000,9999.000,9999.000
202603150118,   4.436,9999.000,9999.000,9999.000,9999.000,9999.000,9999.000,9999.000,9999.000
202603150124,   4.416,9999.000,9999.000,9999.000,9999.000,9999.000,9999.000,9999.000,9999.000
202603150130,   4.389,9999.000,9999.000,9999.000,9999.000,9999.000,9999.000,9999.000,9999.000
202603150136,   4.355,9999.000,9999.000,9999.000,9999.000,9999.000,9999.000,9999.000,9999.000
202603150142,   4.314,9999.000,9999.000,9999.000,9999.000,9999.000,9999.000,9999.000,9999.000
202603150148,   4.266,9999.000,9999.000,9999.000,9999.000,9999.000,9999.000,9999.000,9999.000
202603150154,   4.211,9999.000,9999.000,9999.000,9999.000,9999.000,9999.000,9999.000,9999.000
202603150200,   4.150,9999.000,  -0.600,   0.344,   3.894,  -0.900,   3.594,  -0.400,   4.094
202603150206,   4.083,9999.000,9999.000,9999.000,9999.000,9999.000,9999.000,9999.000,9999.000
202603150212,   4.010,9999.000,9999.000,9999.000,9999.000,9999.000,9999.000,9999.000,9999.000
202603150218,   3.932,9999.000,9999.000,9999.000,9999.000,9999.000,9999.000,9999.000,9999.000
202603150224,   3.848,9999.000,9999.000,9999.000,9999.000,9999.000,9999.000,9999.000,9999.000
202603150230,   3.761,9999.000,9999.000,9999.000,9999.000,9999.000,9999.000,9999.000,9999.000
202603150236,   3.669,9999.000,9999.000,9999.000,9999.000,9999.000,9999.000,9999.000,9999.000
202603150242,   3.574,9999.000,9999.000,9999.000,9999.000,9999.000,9999.000,9999.000,9999.000
202603150248,   3.475,9999.000,9999.000,9999.000,9999.000,9999.000,9999.000,9999.000,9999.000
202603150254,   3.374,9999.000,9999.000,9999.000,9999.000,9999.000,9999.000,9999.000,9999.000
202603150300,   3.271,9999.000,  -0.600,   0.344,   3.015,  -0.800,   2.815,  -0.300,   3.315
202603150306,   3.166,9999.000,9999.000,9999.000,9999.000,9999.000,9999.000,9999.000,9999.000
202603150312,   3.060,9999.000,9999.000,9999.000,9999.000,9999.000,9999.000,9999.000,9999.000
202603150318,   2.952,9999.000,9999.000,9999.000,9999.000,9999.000,9999.000,9999.000,9999.000
202603150324,   2.845,9999.000,9999.000,9999.000,9999.000,9999.000,9999.000,9999.000,9999.000
202603150330,   2.737,9999.000,9999.000,9999.000,9999.000,9999.000,9999.000,9999.000,9999.000
202603150336,   2.629,9999.000,9999.000,9999.000,9999.000,9999.000,9999.000,9999.000,9999.000
202603150342,   2.522,9999.000,9999.000,9999.000,9999.000,9999.000,9999.000,9999.000,9999.000
202603150348,   2.417,9999.000,9999.000,9999.000,9999.000,9999.000,9999.000,9999.000,9999.000
202603150354,   2.312,9999.000,9999.000,9999.000,9999.000,9999.000,9999.000,9999.000,9999.000
202603150400,   2.209,9999.000,  -0.500,   0.344,   2.053,  -0.700,   1.853,  -0.200,   2.353
202603150406,   2.108,9999.000,9999.000,9999.000,9999.000,9999.000,9999.000,9999.000,9999.000
202603150412,   2.008,9999.000,9999.000,9999.000,9999.000,9999.000,9999.000,9999.000,9999.000
202603150418,   1.911,9999.000,9999.000,9999.000,9999.000,9999.000,9999.000,9999.000,9999.000
202603150424,   1.816,9999.000,9999.000,9999.000,9999.000,9999.000,9999.000,9999.000,9999.000
202603150430,   1.724,9999.000,9999.000,9999.000,9999.000,9999.000,9999.000,9999.000,9999.000
202603150436,   1.633,9999.000,9999.000,9999.000,9999.000,9999.000,9999.000,9999.000,9999.000
202603150442,   1.546,9999.000,9999.000,9999.000,9999.000,9999.000,9999.000,9999.000,9999.000
202603150448,   1.461,9999.000,9999.000,9999.000,9999.000,9999.000,9999.000,9999.000,9999.000
202603150454,   1.378,9999.000,9999.000,9999.000,9999.000,9999.000,9999.000,9999.000,9999.000
202603150500,   1.298,9999.000,  -0.500,   0.344,   1.142,  -0.700,   0.942,  -0.200,   1.442
202603150506,   1.221,9999.000,9999.000,9999.000,9999.000,9999.000,9999.000,9999.000,9999.000
202603150512,   1.145,9999.000,9999.000,9999.000,9999.000,9999.000,9999.000,9999.000,9999.000
202603150518,   1.073,9999.000,9999.000,9999.000,9999.000,9999.000,9999.000,9999.000,9999.000
202603150524,   1.002,9999.000,9999.000,9999.000,9999.000,9999.000,9999.000,9999.000,9999.000
202603150530,   0.934,9999.000,9999.000,9999.000,9999.000,9999.000,9999.000,9999.000,9999.000
202603150536,   0.867,9999.000,9999.000,9999.000,9999.000,9999.000,9999.000,9999.000,9999.000
202603150542,   0.803,9999.000,9999.000,9999.000,9999.000,9999.000,9999.000,9999.000,9999.000
202603150548,   0.741,9999.000,9999.000,9999.000,9999.000,9999.000,9999.000,9999.000,9999.000
202603150554,   0.681,9999.000,9999.000,9999.000,9999.000,9999.000,9999.000,9999.000,9999.000
202603150600,   0.623,9999.000,  -0.500,   0.344,   0.467,  -0.700,   0.267,  -0.200,   0.767
202603150606,   0.568,9999.000,9999.000,9999.000,9999.000,9999.000,9999.000,9999.000,9999.000
202603150612,   0.515,9999.000,9999.000,9999.000,9999.000,9999.000,9999.000,9999.000,9999.000
202603150618,   0.464,9999.000,9999.000,9999.000,9999.000,9999.000,9999.000,9999.000,9999.000
202603150624,   0.416,9999.000,9999.000,9999.000,9999.000,9999.000,9999.000,9999.000,9999.000
202603150630,   0.371,9999.000,9999.000,9999.000,9999.000,9999.000,9999.000,9999.000,9999.000
202603150636,   0.330,9999.000,9999.000,9999.000,9999.000,9999.000,9999.000,9999.000,9999.000
202603150642,   0.292,9999.000,9999.000,9999.000,9999.000,9999.000,9999.000,9999.000,9999.000
202603150648,   0.259,9999.000,9999.000,9999.000,9999.000,9999.000,9999.000,9999.000,9999.000
202603150654,   0.230,9999.000,9999.000,9999.000,9999.000,9999.000,9999.000,9999.000,9999.000
202603150700,   0.206,9999.000,  -0.500,   0.344,   0.050,  -0.700,  -0.150,  -0.200,   0.350
202603150706,   0.187,9999.000,9999.000,9999.000,9999.000,9999.000,9999.000,9999.000,9999.000
202603150712,   0.174,9999.000,9999.000,9999.000,9999.000,9999.000,9999.000,9999.000,9999.000
202603150718,   0.168,9999.000,9999.000,9999.000,9999.000,9999.000,9999.000,9999.000,9999.000
202603150724,   0.169,9999.000,9999.000,9999.000,9999.000,9999.000,9999.000,9999.000,9999.000
202603150730,   0.177,9999.000,9999.000,9999.000,9999.000,9999.000,9999.000,9999.000,9999.000
202603150736,   0.193,9999.000,9999.000,9999.000,9999.000,9999.000,9999.000,9999.000,9999.000
202603150742,   0.216,9999.000,9999.000,9999.000,9999.000,9999.000,9999.000,9999.000,9999.000
202603150748,   0.248,9999.000,9999.000,9999.000,9999.000,9999.000,9999.000,9999.000,9999.000
202603150754,   0.289,9999.000,9999.000,9999.000,9999.000,9999.000,9999.000,9999.000,9999.000
202603150800,   0.339,9999.000,  -0.500,   0.344,   0.183,  -0.700,  -0.017,  -0.200,   0.483
202603150806,   0.397,9999.000,9999.000,9999.000,9999.000,9999.000,9999.000,9999.000,9999.000
202603150812,   0.464,9999.000,9999.000,9999.000,9999.000,9999.000,9999.000,9999.000,9999.000
202603150818,   0.539,9999.000,9999.000,9999.000,9999.000,9999.000,9999.000,9999.000,9999.000
202603150824,   0.623,9999.000,9999.000,9999.000,9999.000,9999.000,9999.000,9999.000,9999.000
202603150830,   0.715,9999.000,9999.000,9999.000,9999.000,9999.000,9999.000,9999.000,9999.000
202603150836,   0.815,9999.000,9999.000,9999.000,9999.000,9999.000,9999.000,9999.000,9999.000
202603150842,   0.922,9999.000,9999.000,9999.000,9999.000,9999.000,9999.000,9999.000,9999.000
202603150848,   1.036,9999.000,9999.000,9999.000,9999.000,9999.000,9999.000,9999.000,9999.000
202603150854,   1.155,9999.000,9999.000,9999.000,9999.000,9999.000,9999.000,9999.000,9999.000
202603150900,   1.280,9999.000,  -0.500,   0.344,   1.124,  -0.700,   0.924,  -0.200,   1.424
202603150906,   1.410,9999.000,9999.000,9999.000,9999.000,9999.000,9999.000,9999.000,9999.000
202603150912,   1.543,9999.000,9999.000,9999.000,9999.000,9999.000,9999.000,9999.000,9999.000
202603150918,   1.680,9999.000,9999.000,9999.000,9999.000,9999.000,9999.000,9999.000,9999.000
202603150924,   1.819,9999.000,9999.000,9999.000,9999.000,9999.000,9999.000,9999.000,9999.000
202603150930,   1.959,9999.000,9999.000,9999.000,9999.000,9999.000,9999.000,9999.000,9999.000
202603150936,   2.100,9999.000,9999.000,9999.000,9999.000,9999.000,9999.000,9999.000,9999.000
202603150942,   2.241,9999.000,9999.000,9999.000,9999.000,9999.000,9999.000,9999.000,9999.000
202603150948,   2.381,9999.000,9999.000,9999.000,9999.000,9999.000,9999.000,9999.000,9999.000
202603150954,   2.520,9999.000,9999.000,9999.000,9999.000,9999.000,9999.000,9999.000,9999.000
202603151000,   2.657,9999.000,  -0.400,   0.344,   2.601,  -0.600,   2.401,  -0.200,   2.801
202603151006,   2.792,9999.000,9999.000,9999.000,9999.000,9999.000,9999.000,9999.000,9999.000
202603151012,   2.924,9999.000,9999.000,9999.000,9999.000,9999.000,9999.000,9999.000,9999.000
202603151018,   3.052,9999.000,9999.000,9999.000,9999.000,9999.000,9999.000,9999.000,9999.000
202603151024,   3.178,9999.000,9999.000,9999.000,9999.000,9999.000,9999.000,9999.000,9999.000
202603151030,   3.300,9999.000,9999.000,9999.000,9999.000,9999.000,9999.000,9999.000,9999.000
202603151036,   3.418,9999.000,9999.000,9999.000,9999.000,9999.000,9999.000,9999.000,9999.000
202603151042,   3.532,9999.000,9999.000,9999.000,9999.000,9999.000,9999.000,9999.000,9999.000
202603151048,   3.643,9999.000,9999.000,9999.000,9999.000,9999.000,9999.000,9999.000,9999.000
202603151054,   3.749,9999.000,9999.000,9999.000,9999.000,9999.000,9999.000,9999.000,9999.000
202603151100,   3.852,9999.000,  -0.400,   0.344,   3.796,  -0.600,   3.596,  -0.200,   3.996
202603151106,   3.952,9999.000,9999.000,9999.000,9999.000,9999.000,9999.000,9999.000,9999.000
202603151112,   4.048,9999.000,9999.000,9999.000,9999.000,9999.000,9999.000,9999.000,9999.000
202603151118,   4.140,9999.000,9999.000,9999.000,9999.000,9999.000,9999.000,9999.000,9999.000
202603151124,   4.230,9999.000,9999.000,9999.000,9999.000,9999.000,9999.000,9999.000,9999.000
202603151130,   4.316,9999.000,9999.000,9999.000,9999.000,9999.000,9999.000,9999.000,9999.000
202603151136,   4.399,9999.000,9999.000,9999.000,9999.000,9999.000,9999.000,9999.000,9999.000
202603151142,   4.479,9999.000,9999.000,9999.000,9999.000,9999.000,9999.000,9999.000,9999.000
202603151148,   4.556,9999.000,9999.000,9999.000,9999.000,9999.000,9999.000,9999.000,9999.000
202603151154,   4.629,9999.000,9999.000,9999.000,9999.000,9999.000,9999.000,9999.000,9999.000
202603151200,   4.700,9999.000,  -0.300,   0.344,   4.744,  -0.500,   4.544,  -0.100,   4.944
202603151206,   4.767,9999.000,9999.000,9999.000,9999.000,9999.000,9999.000,9999.000,9999.000
202603151212,   4.831,9999.000,9999.000,9999.000,9999.000,9999.000,9999.000,9999.000,9999.000
202603151218,   4.891,9999.000,9999.000,9999.000,9999.000,9999.000,9999.000,9999.000,9999.000
202603151224,   4.947,9999.000,9999.000,9999.000,9999.000,9999.000,9999.000,9999.000,9999.000
202603151230,   4.999,9999.000,9999.000,9999.000,9999.000,9999.000,9999.000,9999.000,9999.000
202603151236,   5.046,9999.000,9999.000,9999.000,9999.000,9999.000,9999.000,9999.000,9999.000
202603151242,   5.089,9999.000,9999.000,9999.000,9999.000,9999.000,9999.000,9999.000,9999.000
202603151248,   5.126,9999.000,9999.000,9999.000,9999.000,9999.000,9999.000,9999.000,9999.000
202603151254,   5.159,9999.000,9999.000,9999.000,9999.000,9999.000,9999.000,9999.000,9999.000
202603151300,   5.185,9999.000,  -0.300,   0.344,   5.229,  -0.400,   5.129,   0.000,   5.529
202603151306,   5.205,9999.000,9999.000,9999.000,9999.000,9999.000,9999.000,9999.000,9999.000
202603151312,   5.219,9999.000,9999.000,9999.000,9999.000,9999.000,9999.000,9999.000,9999.000
202603151318,   5.227,9999.000,9999.000,9999.000,9999.000,9999.000,9999.000,9999.000,9999.000
202603151324,   5.228,9999.000,9999.000,9999.000,9999.000,9999.000,9999.000,9999.000,9999.000
202603151330,   5.222,9999.000,9999.000,9999.000,9999.000,9999.000,9999.000,9999.000,9999.000
202603151336,   5.209,9999.000,9999.000,9999.000,9999.000,9999.000,9999.000,9999.000,9999.000
202603151342,   5.189,9999.000,9999.000,9999.000,9999.000,9999.000,9999.000,9999.000,9999.000
202603151348,   5.162,9999.000,9999.000,9999.000,9999.000,9999.000,9999.000,9999.000,9999.000
202603151354,   5.128,9999.000,9999.000,9999.000,9999.000,9999.000,9999.000,9999.000,9999.000
202603151400,   5.087,9999.000,  -0.200,   0.344,   5.231,  -0.400,   5.031,   0.000,   5.431
202603151406,   5.039,9999.000,9999.000,9999.000,9999.000,9999.000,9999.000,9999.000,9999.000
202603151412,   4.986,9999.000,9999.000,9999.000,9999.000,9999.000,9999.000,9999.000,9999.000
202603151418,   4.925,9999.000,9999.000,9999.000,9999.000,9999.000,9999.000,9999.000,9999.000
202603151424,   4.859,9999.000,9999.000,9999.000,9999.000,9999.000,9999.000,9999.000,9999.000
202603151430,   4.788,9999.000,9999.000,9999.000,9999.000,9999.000,9999.000,9999.000,9999.000
202603151436,   4.711,9999.000,9999.000,9999.000,9999.000,9999.000,9999.000,9999.000,9999.000
202603151442,   4.629,9999.000,9999.000,9999.000,9999.000,9999.000,9999.000,9999.000,9999.000
202603151448,   4.543,9999.000,9999.000,9999.000,9999.000,9999.000,9999.000,9999.000,9999.000
202603151454,   4.452,9999.000,9999.000,9999.000,9999.000,9999.000,9999.000,9999.000,9999.000
202603151500,   4.359,9999.000,  -0.100,   0.344,   4.603,  -0.300,   4.403,   0.000,   4.703
202603151506,   4.262,9999.000,9999.000,9999.000,9999.000,9999.000,9999.000,9999.000,9999.000
202603151512,   4.162,9999.000,9999.000,9999.000,9999.000,9999.000,9999.000,9999.000,9999.000
202603151518,   4.060,9999.000,9999.000,9999.000,9999.000,9999.000,9999.000,9999.000,9999.000
202603151524,   3.956,9999.000,9999.000,9999.000,9999.000,9999.000,9999.000,9999.000,9999.000
202603151530,   3.850,9999.000,9999.000,9999.000,9999.000,9999.000,9999.000,9999.000,9999.000
202603151536,   3.744,9999.000,9999.000,9999.000,9999.000,9999.000,9999.000,9999.000,9999.000
202603151542,   3.637,9999.000,9999.000,9999.000,9999.000,9999.000,9999.000,9999.000,9999.000
202603151548,   3.529,9999.000,9999.000,9999.000,9999.000,9999.000,9999.000,9999.000,9999.000
202603151554,   3.422,9999.000,9999.000,9999.000,9999.000,9999.000,9999.000,9999.000,9999.000
202603151600,   3.314,9999.000,   0.000,   0.344,   3.658,  -0.200,   3.458,   0.100,   3.758
202603151606,   3.208,9999.000,9999.000,9999.000,9999.000,9999.000,9999.000,9999.000,9999.000
202603151612,   3.102,9999.000,9999.000,9999.000,9999.000,9999.000,9999.000,9999.000,9999.000
202603151618,   2.997,9999.000,9999.000,9999.000,9999.000,9999.000,9999.000,9999.000,9999.000
202603151624,   2.893,9999.000,9999.000,9999.000,9999.000,9999.000,9999.000,9999.000,9999.000
202603151630,   2.790,9999.000,9999.000,9999.000,9999.000,9999.000,9999.000,9999.000,9999.000
202603151636,   2.689,9999.000,9999.000,9999.000,9999.000,9999.000,9999.000,9999.000,9999.000
202603151642,   2.590,9999.000,9999.000,9999.000,9999.000,9999.000,9999.000,9999.000,9999.000
202603151648,   2.492,9999.000,9999.000,9999.000,9999.000,9999.000,9999.000,9999.000,9999.000
202603151654,   2.396,9999.000,9999.000,9999.000,9999.000,9999.000,9999.000,9999.000,9999.000
202603151700,   2.302,9999.000,   0.100,   0.344,   2.746,  -0.100,   2.546,   0.200,   2.846
202603151706,   2.209,9999.000,9999.000,9999.000,9999.000,9999.000,9999.000,9999.000,9999.000
202603151712,   2.118,9999.000,9999.000,9999.000,9999.000,9999.000,9999.000,9999.000,9999.000
202603151718,   2.028,9999.000,9999.000,9999.000,9999.000,9999.000,9999.000,9999.000,9999.000
202603151724,   1.940,9999.000,9999.000,9999.000,9999.000,9999.000,9999.000,9999.000,9999.000
202603151730,   1.853,9999.000,9999.000,9999.000,9999.000,9999.000,9999.000,9999.000,9999.000
202603151736,   1.768,9999.000,9999.000,9999.000,9999.000,9999.000,9999.000,9999.000,9999.000
202603151742,   1.683,9999.000,9999.000,9999.000,9999.000,9999.000,9999.000,9999.000,9999.000
202603151748,   1.600,9999.000,9999.000,9999.000,9999.000,9999.000,9999.000,9999.000,9999.000
202603151754,   1.518,9999.000,9999.000,9999.000,9999.000,9999.000,9999.000,9999.000,9999.000
202603151800,   1.437,9999.000,   0.200,   0.344,   1.981,   0.000,   1.781,   0.300,   2.081
202603151806,   1.356,9999.000,9999.000,9999.000,9999.000,9999.000,9999.000,9999.000,9999.000
202603151812,   1.276,9999.000,9999.000,9999.000,9999.000,9999.000,9999.000,9999.000,9999.000
202603151818,   1.198,9999.000,9999.000,9999.000,9999.000,9999.000,9999.000,9999.000,9999.000
202603151824,   1.120,9999.000,9999.000,9999.000,9999.000,9999.000,9999.000,9999.000,9999.000
202603151830,   1.043,9999.000,9999.000,9999.000,9999.000,9999.000,9999.000,9999.000,9999.000
202603151836,   0.967,9999.000,9999.000,9999.000,9999.000,9999.000,9999.000,9999.000,9999.000
202603151842,   0.893,9999.000,9999.000,9999.000,9999.000,9999.000,9999.000,9999.000,9999.000
202603151848,   0.820,9999.000,9999.000,9999.000,9999.000,9999.000,9999.000,9999.000,9999.000
202603151854,   0.749,9999.000,9999.000,9999.000,9999.000,9999.000,9999.000,9999.000,9999.000
202603151900,   0.681,9999.000,   0.200,   0.344,   1.225,   0.100,   1.125,   0.400,   1.425
202603151906,   0.615,9999.000,9999.000,9999.000,9999.000,9999.000,9999.000,9999.000,9999.000
202603151912,   0.552,9999.000,9999.000,9999.000,9999.000,9999.000,9999.000,9999.000,9999.000
202603151918,   0.492,9999.000,9999.000,9999.000,9999.000,9999.000,9999.000,9999.000,9999.000
202603151924,   0.437,9999.000,9999.000,9999.000,9999.000,9999.000,9999.000,9999.000,9999.000
202603151930,   0.387,9999.000,9999.000,9999.000,9999.000,9999.000,9999.000,9999.000,9999.000
202603151936,   0.341,9999.000,9999.000,9999.000,9999.000,9999.000,9999.000,9999.000,9999.000
202603151942,   0.302,9999.000,9999.000,9999.000,9999.000,9999.000,9999.000,9999.000,9999.000
202603151948,   0.269,9999.000,9999.000,9999.000,9999.000,9999.000,9999.000,9999.000,9999.000
202603151954,   0.242,9999.000,9999.000,9999.000,9999.000,9999.000,9999.000,9999.000,9999.000
202603152000,   0.223,9999.000,   0.300,   0.344,   0.867,   0.100,   0.667,   0.500,   1.067
202603152006,   0.212,9999.000,9999.000,9999.000,9999.000,9999.000,9999.000,9999.000,9999.000
202603152012,   0.209,9999.000,9999.000,9999.000,9999.000,9999.000,9999.000,9999.000,9999.000
202603152018,   0.215,9999.000,9999.000,9999.000,9999.000,9999.000,9999.000,9999.000,9999.000
202603152024,   0.229,9999.000,9999.000,9999.000,9999.000,9999.000,9999.000,9999.000,9999.000
202603152030,   0.252,9999.000,9999.000,9999.000,9999.000,9999.000,9999.000,9999.000,9999.000
202603152036,   0.285,9999.000,9999.000,9999.000,9999.000,9999.000,9999.000,9999.000,9999.000
202603152042,   0.326,9999.000,9999.000,9999.000,9999.000,9999.000,9999.000,9999.000,9999.000
202603152048,   0.376,9999.000,9999.000,9999.000,9999.000,9999.000,9999.000,9999.000,9999.000
202603152054,   0.436,9999.000,9999.000,9999.000,9999.000,9999.000,9999.000,9999.000,9999.000
202603152100,   0.503,9999.000,   0.400,   0.344,   1.247,   0.200,   1.047,   0.600,   1.447
202603152106,   0.579,9999.000,9999.000,9999.000,9999.000,9999.000,9999.000,9999.000,9999.000
202603152112,   0.663,9999.000,9999.000,9999.000,9999.000,9999.000,9999.000,9999.000,9999.000
202603152118,   0.753,9999.000,9999.000,9999.000,9999.000,9999.000,9999.000,9999.000,9999.000
202603152124,   0.850,9999.000,9999.000,9999.000,9999.000,9999.000,9999.000,9999.000,9999.000
202603152130,   0.953,9999.000,9999.000,9999.000,9999.000,9999.000,9999.000,9999.000,9999.000
202603152136,   1.061,9999.000,9999.000,9999.000,9999.000,9999.000,9999.000,9999.000,9999.000
202603152142,   1.174,9999.000,9999.000,9999.000,9999.000,9999.000,9999.000,9999.000,9999.000
202603152148,   1.290,9999.000,9999.000,9999.000,9999.000,9999.000,9999.000,9999.000,9999.000
202603152154,   1.409,9999.000,9999.000,9999.000,9999.000,9999.000,9999.000,9999.000,9999.000
202603152200,   1.531,9999.000,   0.400,   0.344,   2.275,   0.200,   2.075,   0.600,   2.475
202603152206,   1.654,9999.000,9999.000,9999.000,9999.000,9999.000,9999.000,9999.000,9999.000
202603152212,   1.778,9999.000,9999.000,9999.000,9999.000,9999.000,9999.000,9999.000,9999.000
202603152218,   1.902,9999.000,9999.000,9999.000,9999.000,9999.000,9999.000,9999.000,9999.000
202603152224,   2.027,9999.000,9999.000,9999.000,9999.000,9999.000,9999.000,9999.000,9999.000
202603152230,   2.150,9999.000,9999.000,9999.000,9999.000,9999.000,9999.000,9999.000,9999.000
202603152236,   2.272,9999.000,9999.000,9999.000,9999.000,9999.000,9999.000,9999.000,9999.000
202603152242,   2.392,9999.000,9999.000,9999.000,9999.000,9999.000,9999.000,9999.000,9999.000
202603152248,   2.511,9999.000,9999.000,9999.000,9999.000,9999.000,9999.000,9999.000,9999.000
202603152254,   2.627,9999.000,9999.000,9999.000,9999.000,9999.000,9999.000,9999.000,9999.000
202603152300,   2.742,9999.000,   0.400,   0.344,   3.486,   0.200,   3.286,   0.600,   3.686
202603152306,   2.853,9999.000,9999.000,9999.000,9999.000,9999.000,9999.000,9999.000,9999.000
202603152312,   2.962,9999.000,9999.000,9999.000,9999.000,9999.000,9999.000,9999.000,9999.000
202603152318,   3.069,9999.000,9999.000,9999.000,9999.000,9999.000,9999.000,9999.000,9999.000
202603152324,   3.173,9999.000,9999.000,9999.000,9999.000,9999.000,9999.000,9999.000,9999.000
202603152330,   3.275,9999.000,9999.000,9999.000,9999.000,9999.000,9999.000,9999.000,9999.000
202603152336,   3.374,9999.000,9999.000,9999.000,9999.000,9999.000,9999.000,9999.000,9999.000
202603152342,   3.470,9999.000,9999.000,9999.000,9999.000,9999.000,9999.000,9999.000,9999.000
202603152348,   3.564,9999.000,9999.000,9999.000,9999.000,9999.000,9999.000,9999.000,9999.000
202603152354,   3.656,9999.000,9999.000,9999.000,9999.000,9999.000,9999.000,9999.000,9999.000
202603160000,   3.745,9999.000,   0.400,   0.344,   4.489,   0.300,   4.389,   0.600,   4.689
202603160006,   3.832,9999.000,9999.000,9999.000,9999.000,9999.000,9999.000,9999.000,9999.000
202603160012,   3.916,9999.000,9999.000,9999.000,9999.000,9999.000,9999.000,9999.000,9999.000
202603160018,   3.998,9999.000,9999.000,9999.000,9999.000,9999.000,9999.000,9999.000,9999.000
202603160024,   4.077,9999.000,9999.000,9999.000,9999.000,9999.000,9999.000,9999.000,9999.000
202603160030,   4.153,9999.000,9999.000,9999.000,9999.000,9999.000,9999.000,9999.000,9999.000
202603160036,   4.225,9999.000,9999.000,9999.000,9999.000,9999.000,9999.000,9999.000,9999.000
202603160042,   4.294,9999.000,9999.000,9999.000,9999.000,9999.000,9999.000,9999.000,9999.000
202603160048,   4.359,9999.000,9999.000,9999.000,9999.000,9999.000,9999.000,9999.000,9999.000
202603160054,   4.420,9999.000,9999.000,9999.000,9999.000,9999.000,9999.000,9999.000,9999.000
202603160100,   4.477,9999.000,   0.500,   0.344,   5.321,   0.300,   5.121,   0.700,   5.521
202603160106,   4.528,9999.000,9999.000,9999.000,9999.000,9999.000,9999.000,9999.000,9999.000
202603160112,   4.574,9999.000,9999.000,9999.000,9999.000,9999.000,9999.000,9999.000,9999.000
202603160118,   4.615,9999.000,9999.000,9999.000,9999.000,9999.000,9999.000,9999.000,9999.000
202603160124,   4.650,9999.000,9999.000,9999.000,9999.000,9999.000,9999.000,9999.000,9999.000
202603160130,   4.678,9999.000,9999.000,9999.000,9999.000,9999.000,9999.000,9999.000,9999.000
202603160136,   4.699,9999.000,9999.000,9999.000,9999.000,9999.000,9999.000,9999.000,9999.000
202603160142,   4.714,9999.000,9999.000,9999.000,9999.000,9999.000,9999.000,9999.000,9999.000
202603160148,   4.722,9999.000,9999.000,9999.000,9999.000,9999.000,9999.000,9999.000,9999.000
202603160154,   4.722,9999.000,9999.000,9999.000,9999.000,9999.000,9999.000,9999.000,9999.000
202603160200,   4.714,9999.000,   0.500,   0.344,   5.558,   0.300,   5.358,   0.700,   5.758
202603160206,   4.700,9999.000,9999.000,9999.000,9999.000,9999.000,9999.000,9999.000,9999.000
202603160212,   4.677,9999.000,9999.000,9999.000,9999.000,9999.000,9999.000,9999.000,9999.000
202603160218,   4.647,9999.000,9999.000,9999.000,9999.000,9999.000,9999.000,9999.000,9999.000
202603160224,   4.610,9999.000,9999.000,9999.000,9999.000,9999.000,9999.000,9999.000,9999.000
202603160230,   4.565,9999.000,9999.000,9999.000,9999.000,9999.000,9999.000,9999.000,9999.000
202603160236,   4.513,9999.000,9999.000,9999.000,9999.000,9999.000,9999.000,9999.000,9999.000
202603160242,   4.455,9999.000,9999.000,9999.000,9999.000,9999.000,9999.000,9999.000,9999.000
202603160248,   4.390,9999.000,9999.000,9999.000,9999.000,9999.000,9999.000,9999.000,9999.000
202603160254,   4.318,9999.000,9999.000,9999.000,9999.000,9999.000,9999.000,9999.000,9999.000
202603160300,   4.241,9999.000,   0.600,   0.344,   5.185,   0.300,   4.885,   0.800,   5.385
202603160306,   4.159,9999.000,9999.000,9999.000,9999.000,9999.000,9999.000,9999.000,9999.000
202603160312,   4.071,9999.000,9999.000,9999.000,9999.000,9999.000,9999.000,9999.000,9999.000
202603160318,   3.979,9999.000,9999.000,9999.000,9999.000,9999.000,9999.000,9999.000,9999.000
202603160324,   3.883,9999.000,9999.000,9999.000,9999.000,9999.000,9999.000,9999.000,9999.000
202603160330,   3.783,9999.000,9999.000,9999.000,9999.000,9999.000,9999.000,9999.000,9999.000
202603160336,   3.680,9999.000,9999.000,9999.000,9999.000,9999.000,9999.000,9999.000,9999.000
202603160342,   3.574,9999.000,9999.000,9999.000,9999.000,9999.000,9999.000,9999.000,9999.000
202603160348,   3.466,9999.000,9999.000,9999.000,9999.000,9999.000,9999.000,9999.000,9999.000
202603160354,   3.356,9999.000,9999.000,9999.000,9999.000,9999.000,9999.000,9999.000,9999.000
202603160400,   3.245,9999.000,   0.600,   0.344,   4.189,   0.400,   3.989,   0.900,   4.489
202603160406,   3.133,9999.000,9999.000,9999.000,9999.000,9999.000,9999.000,9999.000,9999.000
202603160412,   3.021,9999.000,9999.000,9999.000,9999.000,9999.000,9999.000,9999.000,9999.000
202603160418,   2.908,9999.000,9999.000,9999.000,9999.000,9999.000,9999.000,9999.000,9999.000
202603160424,   2.796,9999.000,9999.000,9999.000,9999.000,9999.000,9999.000,9999.000,9999.000
202603160430,   2.684,9999.000,9999.000,9999.000,9999.000,9999.000,9999.000,9999.000,9999.000
202603160436,   2.573,9999.000,9999.000,9999.000,9999.000,9999.000,9999.000,9999.000,9999.000
202603160442,   2.463,9999.000,9999.000,9999.000,9999.000,9999.000,9999.000,9999.000,9999.000
202603160448,   2.354,9999.000,9999.000,9999.000,9999.000,9999.000,9999.000,9999.000,9999.000
202603160454,   2.247,9999.000,9999.000,9999.000,9999.000,9999.000,9999.000,9999.000,9999.000
202603160500,   2.142,9999.000,   0.700,   0.344,   3.186,   0.500,   2.986,   1.000,   3.486
202603160506,   2.039,9999.000,9999.000,9999.000,9999.000,9999.000,9999.000,9999.000,9999.000
202603160512,   1.938,9999.000,9999.000,9999.000,9999.000,9999.000,9999.000,9999.000,9999.000
202603160518,   1.839,9999.000,9999.000,9999.000,9999.000,9999.000,9999.000,9999.000,9999.000
202603160524,   1.742,9999.000,9999.000,9999.000,9999.000,9999.000,9999.000,9999.000,9999.000
202603160530,   1.648,9999.000,9999.000,9999.000,9999.000,9999.000,9999.000,9999.000,9999.000
202603160536,   1.556,9999.000,9999.000,9999.000,9999.000,9999.000,9999.000,9999.000,9999.000
202603160542,   1.466,9999.000,9999.000,9999.000,9999.000,9999.000,9999.000,9999.000,9999.000
202603160548,   1.378,9999.000,9999.000,9999.000,9999.000,9999.000,9999.000,9999.000,9999.000
202603160554,   1.293,9999.000,9999.000,9999.000,9999.000,9999.000,9999.000,9999.000,9999.000
202603160600,   1.210,9999.000,   0.800,   0.344,   2.354,   0.500,   2.054,   1.100,   2.654
202603160606,   1.129,9999.000,9999.000,9999.000,9999.000,9999.000,9999.000,9999.000,9999.000
202603160612,   1.050,9999.000,9999.000,9999.000,9999.000,9999.000,9999.000,9999.000,9999.000
202603160618,   0.973,9999.000,9999.000,9999.000,9999.000,9999.000,9999.000,9999.000,9999.000
202603160624,   0.898,9999.000,9999.000,9999.000,9999.000,9999.000,9999.000,9999.000,9999.000
202603160630,   0.826,9999.000,9999.000,9999.000,9999.000,9999.000,9999.000,9999.000,9999.000
202603160636,   0.755,9999.000,9999.000,9999.000,9999.000,9999.000,9999.000,9999.000,9999.000
202603160642,   0.686,9999.000,9999.000,9999.000,9999.000,9999.000,9999.000,9999.000,9999.000
202603160648,   0.619,9999.000,9999.000,9999.000,9999.000,9999.000,9999.000,9999.000,9999.000
202603160654,   0.554,9999.000,9999.000,9999.000,9999.000,9999.000,9999.000,9999.000,9999.000
202603160700,   0.492,9999.000,   0.900,   0.344,   1.736,   0.600,   1.436,   1.200,   2.036
202603160706,   0.432,9999.000,9999.000,9999.000,9999.000,9999.000,9999.000,9999.000,9999.000
202603160712,   0.374,9999.000,9999.000,9999.000,9999.000,9999.000,9999.000,9999.000,9999.000
202603160718,   0.320,9999.000,9999.000,9999.000,9999.000,9999.000,9999.000,9999.000,9999.000
202603160724,   0.269,9999.000,9999.000,9999.000,9999.000,9999.000,9999.000,9999.000,9999.000
202603160730,   0.222,9999.000,9999.000,9999.000,9999.000,9999.000,9999.000,9999.000,9999.000
202603160736,   0.179,9999.000,9999.000,9999.000,9999.000,9999.000,9999.000,9999.000,9999.000
202603160742,   0.140,9999.000,9999.000,9999.000,9999.000,9999.000,9999.000,9999.000,9999.000
202603160748,   0.107,9999.000,9999.000,9999.000,9999.000,9999.000,9999.000,9999.000,9999.000
202603160754,   0.079,9999.000,9999.000,9999.000,9999.000,9999.000,9999.000,9999.000,9999.000
202603160800,   0.057,9999.000,   1.000,   0.344,   1.401,   0.700,   1.101,   1.300,   1.701
202603160806,   0.042,9999.000,9999.000,9999.000,9999.000,9999.000,9999.000,9999.000,9999.000
202603160812,   0.034,9999.000,9999.000,9999.000,9999.000,9999.000,9999.000,9999.000,9999.000
202603160818,   0.033,9999.000,9999.000,9999.000,9999.000,9999.000,9999.000,9999.000,9999.000
202603160824,   0.040,9999.000,9999.000,9999.000,9999.000,9999.000,9999.000,9999.000,9999.000
202603160830,   0.056,9999.000,9999.000,9999.000,9999.000,9999.000,9999.000,9999.000,9999.000
202603160836,   0.081,9999.000,9999.000,9999.000,9999.000,9999.000,9999.000,9999.000,9999.000
202603160842,   0.115,9999.000,9999.000,9999.000,9999.000,9999.000,9999.000,9999.000,9999.000
202603160848,   0.157,9999.000,9999.000,9999.000,9999.000,9999.000,9999.000,9999.000,9999.000
202603160854,   0.210,9999.000,9999.000,9999.000,9999.000,9999.000,9999.000,9999.000,9999.000
202603160900,   0.272,9999.000,   1.000,   0.344,   1.616,   0.800,   1.416,   1.400,   2.016
202603160906,   0.343,9999.000,9999.000,9999.000,9999.000,9999.000,9999.000,9999.000,9999.000
202603160912,   0.423,9999.000,9999.000,9999.000,9999.000,9999.000,9999.000,9999.000,9999.000
202603160918,   0.512,9999.000,9999.000,9999.000,9999.000,9999.000,9999.000,9999.000,9999.000
202603160924,   0.610,9999.000,9999.000,9999.000,9999.000,9999.000,9999.000,9999.000,9999.000
202603160930,   0.716,9999.000,9999.000,9999.000,9999.000,9999.000,9999.000,9999.000,9999.000
202603160936,   0.830,9999.000,9999.000,9999.000,9999.000,9999.000,9999.000,9999.000,9999.000
202603160942,   0.951,9999.000,9999.000,9999.000,9999.000,9999.000,9999.000,9999.000,9999.000
202603160948,   1.078,9999.000,9999.000,9999.000,9999.000,9999.000,9999.000,9999.000,9999.000
202603160954,   1.211,9999.000,9999.000,9999.000,9999.000,9999.000,9999.000,9999.000,9999.000
202603161000,   1.349,9999.000,   1.100,   0.344,   2.793,   0.800,   2.493,   1.300,   2.993
202603161006,   1.491,9999.000,9999.000,9999.000,9999.000,9999.000,9999.000,9999.000,9999.000
202603161012,   1.636,9999.000,9999.000,9999.000,9999.000,9999.000,9999.000,9999.000,9999.000
202603161018,   1.784,9999.000,9999.000,9999.000,9999.000,9999.000,9999.000,9999.000,9999.000
202603161024,   1.934,9999.000,9999.000,9999.000,9999.000,9999.000,9999.000,9999.000,9999.000
202603161030,   2.084,9999.000,9999.000,9999.000,9999.000,9999.000,9999.000,9999.000,9999.000
202603161036,   2.235,9999.000,9999.000,9999.000,9999.000,9999.000,9999.000,9999.000,9999.000
202603161042,   2.385,9999.000,9999.000,9999.000,9999.000,9999.000,9999.000,9999.000,9999.000
202603161048,   2.534,9999.000,9999.000,9999.000,9999.000,9999.000,9999.000,9999.000,9999.000
202603161054,   2.682,9999.000,9999.000,9999.000,9999.000,9999.000,9999.000,9999.000,9999.000
202603161100,   2.827,9999.000,   1.100,   0.344,   4.271,   0.800,   3.971,   1.300,   4.471
202603161106,   2.970,9999.000,9999.000,9999.000,9999.000,9999.000,9999.000,9999.000,9999.000
202603161112,   3.109,9999.000,9999.000,9999.000,9999.000,9999.000,9999.000,9999.000,9999.000
202603161118,   3.245,9999.000,9999.000,9999.000,9999.000,9999.000,9999.000,9999.000,9999.000
202603161124,   3.378,9999.000,9999.000,9999.000,9999.000,9999.000,9999.000,9999.000,9999.000
202603161130,   3.507,9999.000,9999.000,9999.000,9999.000,9999.000,9999.000,9999.000,9999.000
202603161136,   3.632,9999.000,9999.000,9999.000,9999.000,9999.000,9999.000,9999.000,9999.000
202603161142,   3.753,9999.000,9999.000,9999.000,9999.000,9999.000,9999.000,9999.000,9999.000
202603161148,   3.870,9999.000,9999.000,9999.000,9999.000,9999.000,9999.000,9999.000,9999.000
202603161154,   3.983,9999.000,9999.000,9999.000,9999.000,9999.000,9999.000,9999.000,9999.000
202603161200,   4.093,9999.000,   1.000,   0.344,   5.437,   0.800,   5.237,   1.300,   5.737
202603161206,   4.198,9999.000,9999.000,9999.000,9999.000,9999.000,9999.000,9999.000,9999.000
202603161212,   4.300,9999.000,9999.000,9999.000,9999.000,9999.000,9999.000,9999.000,9999.000
202603161218,   4.398,9999.000,9999.000,9999.000,9999.000,9999.000,9999.000,9999.000,9999.000
202603161224,   4.492,9999.000,9999.000,9999.000,9999.000,9999.000,9999.000,9999.000,9999.000
202603161230,   4.582,9999.000,9999.000,9999.000,9999.000,9999.000,9999.000,9999.000,9999.000
202603161236,   4.668,9999.000,9999.000,9999.000,9999.000,9999.000,9999.000,9999.000,9999.000
202603161242,   4.751,9999.000,9999.000,9999.000,9999.000,9999.000,9999.000,9999.000,9999.000
202603161248,   4.830,9999.000,9999.000,9999.000,9999.000,9999.000,9999.000,9999.000,9999.000
202603161254,   4.904,9999.000,9999.000,9999.000,9999.000,9999.000,9999.000,9999.000,9999.000
202603161300,   4.974,9999.000,   1.000,   0.344,   6.318,   0.700,   6.018,   1.200,   6.518
202603161306,   5.040,9999.000,9999.000,9999.000,9999.000,9999.000,9999.000,9999.000,9999.000
202603161312,   5.101,9999.000,9999.000,9999.000,9999.000,9999.000,9999.000,9999.000,9999.000
202603161318,   5.157,9999.000,9999.000,9999.000,9999.000,9999.000,9999.000,9999.000,9999.000
202603161324,   5.208,9999.000,9999.000,9999.000,9999.000,9999.000,9999.000,9999.000,9999.000
202603161330,   5.254,9999.000,9999.000,9999.000,9999.000,9999.000,9999.000,9999.000,9999.000
202603161336,   5.293,9999.000,9999.000,9999.000,9999.000,9999.000,9999.000,9999.000,9999.000
202603161342,   5.327,9999.000,9999.000,9999.000,9999.000,9999.000,9999.000,9999.000,9999.000
202603161348,   5.354,9999.000,9999.000,9999.000,9999.000,9999.000,9999.000,9999.000,9999.000
202603161354,   5.374,9999.000,9999.000,9999.000,9999.000,9999.000,9999.000,9999.000,9999.000
202603161400,   5.388,9999.000,   1.000,   0.344,   6.732,   0.700,   6.432,   1.200,   6.932
202603161406,   5.395,9999.000,9999.000,9999.000,9999.000,9999.000,9999.000,9999.000,9999.000
202603161412,   5.394,9999.000,9999.000,9999.000,9999.000,9999.000,9999.000,9999.000,9999.000
202603161418,   5.386,9999.000,9999.000,9999.000,9999.000,9999.000,9999.000,9999.000,9999.000
202603161424,   5.371,9999.000,9999.000,9999.000,9999.000,9999.000,9999.000,9999.000,9999.000
202603161430,   5.348,9999.000,9999.000,9999.000,9999.000,9999.000,9999.000,9999.000,9999.000
202603161436,   5.318,9999.000,9999.000,9999.000,9999.000,9999.000,9999.000,9999.000,9999.000
202603161442,   5.281,9999.000,9999.000,9999.000,9999.000,9999.000,9999.000,9999.000,9999.000
202603161448,   5.237,9999.000,9999.000,9999.000,9999.000,9999.000,9999.000,9999.000,9999.000
202603161454,   5.185,9999.000,9999.000,9999.000,9999.000,9999.000,9999.000,9999.000,9999.000
202603161500,   5.127,9999.000,   0.900,   0.344,   6.371,   0.600,   6.071,   1.200,   6.671
202603161506,   5.063,9999.000,9999.000,9999.000,9999.000,9999.000,9999.000,9999.000,9999.000
202603161512,   4.992,9999.000,9999.000,9999.000,9999.000,9999.000,9999.000,9999.000,9999.000
202603161518,   4.916,9999.000,9999.000,9999.000,9999.000,9999.000,9999.000,9999.000,9999.000
202603161524,   4.835,9999.000,9999.000,9999.000,9999.000,9999.000,9999.000,9999.000,9999.000
202603161530,   4.748,9999.000,9999.000,9999.000,9999.000,9999.000,9999.000,9999.000,9999.000
202603161536,   4.657,9999.000,9999.000,9999.000,9999.000,9999.000,9999.000,9999.000,9999.000
202603161542,   4.562,9999.000,9999.000,9999.000,9999.000,9999.000,9999.000,9999.000,9999.000
202603161548,   4.463,9999.000,9999.000,9999.000,9999.000,9999.000,9999.000,9999.000,9999.000
202603161554,   4.361,9999.000,9999.000,9999.000,9999.000,9999.000,9999.000,9999.000,9999.000
202603161600,   4.256,9999.000,   0.900,   0.344,   5.500,   0.700,   5.300,   1.100,   5.700
202603161606,   4.149,9999.000,9999.000,9999.000,9999.000,9999.000,9999.000,9999.000,9999.000
202603161612,   4.040,9999.000,9999.000,9999.000,9999.000,9999.000,9999.000,9999.000,9999.000
202603161618,   3.930,9999.000,9999.000,9999.000,9999.000,9999.000,9999.000,9999.000,9999.000
202603161624,   3.818,9999.000,9999.000,9999.000,9999.000,9999.000,9999.000,9999.000,9999.000
202603161630,   3.706,9999.000,9999.000,9999.000,9999.000,9999.000,9999.000,9999.000,9999.000
202603161636,   3.593,9999.000,9999.000,9999.000,9999.000,9999.000,9999.000,9999.000,9999.000
202603161642,   3.480,9999.000,9999.000,9999.000,9999.000,9999.000,9999.000,9999.000,9999.000
202603161648,   3.368,9999.000,9999.000,9999.000,9999.000,9999.000,9999.000,9999.000,9999.000
202603161654,   3.255,9999.000,9999.000,9999.000,9999.000,9999.000,9999.000,9999.000,9999.000
202603161700,   3.144,9999.000,   0.900,   0.344,   4.388,   0.800,   4.288,   1.200,   4.688
202603161706,   3.034,9999.000,9999.000,9999.000,9999.000,9999.000,9999.000,9999.000,9999.000
202603161712,   2.925,9999.000,9999.000,9999.000,9999.000,9999.000,9999.000,9999.000,9999.000
202603161718,   2.817,9999.000,9999.000,9999.000,9999.000,9999.000,9999.000,9999.000,9999.000
202603161724,   2.711,9999.000,9999.000,9999.000,9999.000,9999.000,9999.000,9999.000,9999.000
202603161730,   2.606,9999.000,9999.000,9999.000,9999.000,9999.000,9999.000,9999.000,9999.000
202603161736,   2.503,9999.000,9999.000,9999.000,9999.000,9999.000,9999.000,9999.000,9999.000
202603161742,   2.401,9999.000,9999.000,9999.000,9999.000,9999.000,9999.000,9999.000,9999.000
202603161748,   2.301,9999.000,9999.000,9999.000,9999.000,9999.000,9999.000,9999.000,9999.000
202603161754,   2.203,9999.000,9999.000,9999.000,9999.000,9999.000,9999.000,9999.000,9999.000
202603161800,   2.106,9999.000,   1.000,   0.344,   3.450,   0.800,   3.250,   1.200,   3.650
202603161806,   2.012,9999.000,9999.000,9999.000,9999.000,9999.000,9999.000,9999.000,9999.000
202603161812,   1.918,9999.000,9999.000,9999.000,9999.000,9999.000,9999.000,9999.000,9999.000
202603161818,   1.826,9999.000,9999.000,9999.000,9999.000,9999.000,9999.000,9999.000,9999.000
202603161824,   1.736,9999.000,9999.000,9999.000,9999.000,9999.000,9999.000,9999.000,9999.000
202603161830,   1.646,9999.000,9999.000,9999.000,9999.000,9999.000,9999.000,9999.000,9999.000
202603161836,   1.558,9999.000,9999.000,9999.000,9999.000,9999.000,9999.000,9999.000,9999.000
202603161842,   1.471,9999.000,9999.000,9999.000,9999.000,9999.000,9999.000,9999.000,9999.000
202603161848,   1.385,9999.000,9999.000,9999.000,9999.000,9999.000,9999.000,9999.000,9999.000
202603161854,   1.300,9999.000,9999.000,9999.000,9999.000,9999.000,9999.000,9999.000,9999.000
202603161900,   1.216,9999.000,   1.100,   0.344,   2.660,   0.900,   2.460,   1.300,   2.860
202603161906,   1.133,9999.000,9999.000,9999.000,9999.000,9999.000,9999.000,9999.000,9999.000
202603161912,   1.051,9999.000,9999.000,9999.000,9999.000,9999.000,9999.000,9999.000,9999.000
202603161918,   0.970,9999.000,9999.000,9999.000,9999.000,9999.000,9999.000,9999.000,9999.000
202603161924,   0.891,9999.000,9999.000,9999.000,9999.000,9999.000,9999.000,9999.000,9999.000
202603161930,   0.813,9999.000,9999.000,9999.000,9999.000,9999.000,9999.000,9999.000,9999.000
202603161936,   0.736,9999.000,9999.000,9999.000,9999.000,9999.000,9999.000,9999.000,9999.000
202603161942,   0.662,9999.000,9999.000,9999.000,9999.000,9999.000,9999.000,9999.000,9999.000
202603161948,   0.590,9999.000,9999.000,9999.000,9999.000,9999.000,9999.000,9999.000,9999.000
202603161954,   0.522,9999.000,9999.000,9999.000,9999.000,9999.000,9999.000,9999.000,9999.000
202603162000,   0.456,9999.000,   1.200,   0.344,   2.000,   0.900,   1.700,   1.400,   2.200
202603162006,   0.394,9999.000,9999.000,9999.000,9999.000,9999.000,9999.000,9999.000,9999.000
202603162012,   0.336,9999.000,9999.000,9999.000,9999.000,9999.000,9999.000,9999.000,9999.000
202603162018,   0.284,9999.000,9999.000,9999.000,9999.000,9999.000,9999.000,9999.000,9999.000
202603162024,   0.236,9999.000,9999.000,9999.000,9999.000,9999.000,9999.000,9999.000,9999.000
202603162030,   0.195,9999.000,9999.000,9999.000,9999.000,9999.000,9999.000,9999.000,9999.000
202603162036,   0.161,9999.000,9999.000,9999.000,9999.000,9999.000,9999.000,9999.000,9999.000
202603162042,   0.133,9999.000,9999.000,9999.000,9999.000,9999.000,9999.000,9999.000,9999.000
202603162048,   0.114,9999.000,9999.000,9999.000,9999.000,9999.000,9999.000,9999.000,9999.000
202603162054,   0.102,9999.000,9999.000,9999.000,9999.000,9999.000,9999.000,9999.000,9999.000
202603162100,   0.099,9999.000,   1.200,   0.344,   1.643,   0.900,   1.343,   1.500,   1.943
202603162106,   0.106,9999.000,9999.000,9999.000,9999.000,9999.000,9999.000,9999.000,9999.000
202603162112,   0.121,9999.000,9999.000,9999.000,9999.000,9999.000,9999.000,9999.000,9999.000
202603162118,   0.147,9999.000,9999.000,9999.000,9999.000,9999.000,9999.000,9999.000,9999.000
202603162124,   0.182,9999.000,9999.000,9999.000,9999.000,9999.000,9999.000,9999.000,9999.000
202603162130,   0.226,9999.000,9999.000,9999.000,9999.000,9999.000,9999.000,9999.000,9999.000
202603162136,   0.281,9999.000,9999.000,9999.000,9999.000,9999.000,9999.000,9999.000,9999.000
202603162142,   0.345,9999.000,9999.000,9999.000,9999.000,9999.000,9999.000,9999.000,9999.000
202603162148,   0.418,9999.000,9999.000,9999.000,9999.000,9999.000,9999.000,9999.000,9999.000
202603162154,   0.501,9999.000,9999.000,9999.000,9999.000,9999.000,9999.000,9999.000,9999.000
202603162200,   0.592,9999.000,   1.300,   0.344,   2.236,   0.900,   1.836,   1.600,   2.536
202603162206,   0.691,9999.000,9999.000,9999.000,9999.000,9999.000,9999.000,9999.000,9999.000
202603162212,   0.797,9999.000,9999.000,9999.000,9999.000,9999.000,9999.000,9999.000,9999.000
202603162218,   0.910,9999.000,9999.000,9999.000,9999.000,9999.000,9999.000,9999.000,9999.000
202603162224,   1.029,9999.000,9999.000,9999.000,9999.000,9999.000,9999.000,9999.000,9999.000
202603162230,   1.154,9999.000,9999.000,9999.000,9999.000,9999.000,9999.000,9999.000,9999.000
202603162236,   1.283,9999.000,9999.000,9999.000,9999.000,9999.000,9999.000,9999.000,9999.000
202603162242,   1.416,9999.000,9999.000,9999.000,9999.000,9999.000,9999.000,9999.000,9999.000
202603162248,   1.552,9999.000,9999.000,9999.000,9999.000,9999.000,9999.000,9999.000,9999.000
202603162254,   1.690,9999.000,9999.000,9999.000,9999.000,9999.000,9999.000,9999.000,9999.000
202603162300,   1.829,9999.000,   1.300,   0.344,   3.473,   1.000,   3.173,   1.600,   3.773
202603162306,   1.969,9999.000,9999.000,9999.000,9999.000,9999.000,9999.000,9999.000,9999.000
202603162312,   2.109,9999.000,9999.000,9999.000,9999.000,9999.000,9999.000,9999.000,9999.000
202603162318,   2.249,9999.000,9999.000,9999.000,9999.000,9999.000,9999.000,9999.000,9999.000
202603162324,   2.388,9999.000,9999.000,9999.000,9999.000,9999.000,9999.000,9999.000,9999.000
202603162330,   2.525,9999.000,9999.000,9999.000,9999.000,9999.000,9999.000,9999.000,9999.000
202603162336,   2.660,9999.000,9999.000,9999.000,9999.000,9999.000,9999.000,9999.000,9999.000
202603162342,   2.793,9999.000,9999.000,9999.000,9999.000,9999.000,9999.000,9999.000,9999.000
202603162348,   2.923,9999.000,9999.000,9999.000,9999.000,9999.000,9999.000,9999.000,9999.000
202603162354,   3.050,9999.000,9999.000,9999.000,9999.000,9999.000,9999.000,9999.000,9999.000
202603170000,   3.174,9999.000,   1.200,   0.344,   4.718,   0.900,   4.418,   1.600,   5.118
202603170006,   3.295,9999.000,9999.000,9999.000,9999.000,9999.000,9999.000,9999.000,9999.000
202603170012,   3.413,9999.000,9999.000,9999.000,9999.000,9999.000,9999.000,9999.000,9999.000
202603170018,   3.528,9999.000,9999.000,9999.000,9999.000,9999.000,9999.000,9999.000,9999.000
202603170024,   3.639,9999.000,9999.000,9999.000,9999.000,9999.000,9999.000,9999.000,9999.000
202603170030,   3.746,9999.000,9999.000,9999.000,9999.000,9999.000,9999.000,9999.000,9999.000
202603170036,   3.851,9999.000,9999.000,9999.000,9999.000,9999.000,9999.000,9999.000,9999.000
202603170042,   3.951,9999.000,9999.000,9999.000,9999.000,9999.000,9999.000,9999.000,9999.000
202603170048,   4.049,9999.000,9999.000,9999.000,9999.000,9999.000,9999.000,9999.000,9999.000
202603170054,   4.143,9999.000,9999.000,9999.000,9999.000,9999.000,9999.000,9999.000,9999.000
202603170100,   4.233,9999.000,   1.000,   0.344,   5.577,   0.600,   5.177,   1.600,   6.177
202603170106,   4.319,9999.000,9999.000,9999.000,9999.000,9999.000,9999.000,9999.000,9999.000
202603170112,   4.402,9999.000,9999.000,9999.000,9999.000,9999.000,9999.000,9999.000,9999.000
202603170118,   4.481,9999.000,9999.000,9999.000,9999.000,9999.000,9999.000,9999.000,9999.000
202603170124,   4.555,9999.000,9999.000,9999.000,9999.000,9999.000,9999.000,9999.000,9999.000
202603170130,   4.625,9999.000,9999.000,9999.000,9999.000,9999.000,9999.000,9999.000,9999.000
202603170136,   4.690,9999.000,9999.000,9999.000,9999.000,9999.000,9999.000,9999.000,9999.000
202603170142,   4.750,9999.000,9999.000,9999.000,9999.000,9999.000,9999.000,9999.000,9999.000
202603170148,   4.805,9999.000,9999.000,9999.000,9999.000,9999.000,9999.000,9999.000,9999.000
202603170154,   4.854,9999.000,9999.000,9999.000,9999.000,9999.000,9999.000,9999.000,9999.000
202603170200,   4.897,9999.000,   0.800,   0.344,   6.041,   0.200,   5.441,   1.600,   6.841
202603170206,   4.934,9999.000,9999.000,9999.000,9999.000,9999.000,9999.000,9999.000,9999.000
202603170212,   4.965,9999.000,9999.000,9999.000,9999.000,9999.000,9999.000,9999.000,9999.000
202603170218,   4.988,9999.000,9999.000,9999.000,9999.000,9999.000,9999.000,9999.000,9999.000
202603170224,   5.004,9999.000,9999.000,9999.000,9999.000,9999.000,9999.000,9999.000,9999.000
202603170230,   5.013,9999.000,9999.000,9999.000,9999.000,9999.000,9999.000,9999.000,9999.000
202603170236,   5.015,9999.000,9999.000,9999.000,9999.000,9999.000,9999.000,9999.000,9999.000
202603170242,   5.009,9999.000,9999.000,9999.000,9999.000,9999.000,9999.000,9999.000,9999.000
202603170248,   4.995,9999.000,9999.000,9999.000,9999.000,9999.000,9999.000,9999.000,9999.000
202603170254,   4.973,9999.000,9999.000,9999.000,9999.000,9999.000,9999.000,9999.000,9999.000
202603170300,   4.944,9999.000,   0.600,   0.344,   5.888,  -0.100,   5.188,   1.500,   6.788
202603170306,   4.907,9999.000,9999.000,9999.000,9999.000,9999.000,9999.000,9999.000,9999.000
202603170312,   4.862,9999.000,9999.000,9999.000,9999.000,9999.000,9999.000,9999.000,9999.000
202603170318,   4.811,9999.000,9999.000,9999.000,9999.000,9999.000,9999.000,9999.000,9999.000
202603170324,   4.752,9999.000,9999.000,9999.000,9999.000,9999.000,9999.000,9999.000,9999.000
202603170330,   4.686,9999.000,9999.000,9999.000,9999.000,9999.000,9999.000,9999.000,9999.000
202603170336,   4.614,9999.000,9999.000,9999.000,9999.000,9999.000,9999.000,9999.000,9999.000
202603170342,   4.535,9999.000,9999.000,9999.000,9999.000,9999.000,9999.000,9999.000,9999.000
202603170348,   4.451,9999.000,9999.000,9999.000,9999.000,9999.000,9999.000,9999.000,9999.000
202603170354,   4.362,9999.000,9999.000,9999.000,9999.000,9999.000,9999.000,9999.000,9999.000
202603170400,   4.267,9999.000,   0.300,   0.344,   4.911,  -0.500,   4.111,   1.200,   5.811
202603170406,   4.168,9999.000,9999.000,9999.000,9999.000,9999.000,9999.000,9999.000,9999.000
202603170412,   4.066,9999.000,9999.000,9999.000,9999.000,9999.000,9999.000,9999.000,9999.000
202603170418,   3.959,9999.000,9999.000,9999.000,9999.000,9999.000,9999.000,9999.000,9999.000
202603170424,   3.850,9999.000,9999.000,9999.000,9999.000,9999.000,9999.000,9999.000,9999.000
202603170430,   3.738,9999.000,9999.000,9999.000,9999.000,9999.000,9999.000,9999.000,9999.000
202603170436,   3.624,9999.000,9999.000,9999.000,9999.000,9999.000,9999.000,9999.000,9999.000
202603170442,   3.508,9999.000,9999.000,9999.000,9999.000,9999.000,9999.000,9999.000,9999.000
202603170448,   3.391,9999.000,9999.000,9999.000,9999.000,9999.000,9999.000,9999.000,9999.000
202603170454,   3.273,9999.000,9999.000,9999.000,9999.000,9999.000,9999.000,9999.000,9999.000
202603170500,   3.155,9999.000,   0.000,   0.344,   3.499,  -0.700,   2.799,   0.800,   4.299
202603170506,   3.037,9999.000,9999.000,9999.000,9999.000,9999.000,9999.000,9999.000,9999.000
202603170512,   2.918,9999.000,9999.000,9999.000,9999.000,9999.000,9999.000,9999.000,9999.000
202603170518,   2.801,9999.000,9999.000,9999.000,9999.000,9999.000,9999.000,9999.000,9999.000
202603170524,   2.684,9999.000,9999.000,9999.000,9999.000,9999.000,9999.000,9999.000,9999.000
202603170530,   2.569,9999.000,9999.000,9999.000,9999.000,9999.000,9999.000,9999.000,9999.000
202603170536,   2.455,9999.000,9999.000,9999.000,9999.000,9999.000,9999.000,9999.000,9999.000
202603170542,   2.342,9999.000,9999.000,9999.000,9999.000,9999.000,9999.000,9999.000,9999.000
202603170548,   2.231,9999.000,9999.000,9999.000,9999.000,9999.000,9999.000,9999.000,9999.000
202603170554,   2.122,9999.000,9999.000,9999.000,9999.000,9999.000,9999.000,9999.000,9999.000
202603170600,   2.016,9999.000,  -0.300,   0.344,   2.060,  -1.000,   1.360,   0.400,   2.760
202603170606,   1.911,9999.000,9999.000,9999.000,9999.000,9999.000,9999.000,9999.000,9999.000
202603170612,   1.809,9999.000,9999.000,9999.000,9999.000,9999.000,9999.000,9999.000,9999.000
202603170618,   1.708,9999.000,9999.000,9999.000,9999.000,9999.000,9999.000,9999.000,9999.000
202603170624,   1.610,9999.000,9999.000,9999.000,9999.000,9999.000,9999.000,9999.000,9999.000
202603170630,   1.515,9999.000,9999.000,9999.000,9999.000,9999.000,9999.000,9999.000,9999.000
202603170636,   1.421,9999.000,9999.000,9999.000,9999.000,9999.000,9999.000,9999.000,9999.000
202603170642,   1.330,9999.000,9999.000,9999.000,9999.000,9999.000,9999.000,9999.000,9999.000
202603170648,   1.241,9999.000,9999.000,9999.000,9999.000,9999.000,9999.000,9999.000,9999.000
202603170654,   1.154,9999.000,9999.000,9999.000,9999.000,9999.000,9999.000,9999.000,9999.000
202603170700,   1.069,9999.000,  -0.500,   0.344,   0.913,  -1.200,   0.213,   0.100,   1.513
202603170706,   0.986,9999.000,9999.000,9999.000,9999.000,9999.000,9999.000,9999.000,9999.000
202603170712,   0.905,9999.000,9999.000,9999.000,9999.000,9999.000,9999.000,9999.000,9999.000
202603170718,   0.825,9999.000,9999.000,9999.000,9999.000,9999.000,9999.000,9999.000,9999.000
202603170724,   0.748,9999.000,9999.000,9999.000,9999.000,9999.000,9999.000,9999.000,9999.000
202603170730,   0.673,9999.000,9999.000,9999.000,9999.000,9999.000,9999.000,9999.000,9999.000
202603170736,   0.599,9999.000,9999.000,9999.000,9999.000,9999.000,9999.000,9999.000,9999.000
202603170742,   0.528,9999.000,9999.000,9999.000,9999.000,9999.000,9999.000,9999.000,9999.000
202603170748,   0.458,9999.000,9999.000,9999.000,9999.000,9999.000,9999.000,9999.000,9999.000
202603170754,   0.392,9999.000,9999.000,9999.000,9999.000,9999.000,9999.000,9999.000,9999.000
202603170800,   0.327,9999.000,  -0.800,   0.344,  -0.129,  -1.500,  -0.829,  -0.100,   0.571
202603170806,   0.266,9999.000,9999.000,9999.000,9999.000,9999.000,9999.000,9999.000,9999.000
202603170812,   0.208,9999.000,9999.000,9999.000,9999.000,9999.000,9999.000,9999.000,9999.000
202603170818,   0.154,9999.000,9999.000,9999.000,9999.000,9999.000,9999.000,9999.000,9999.000
202603170824,   0.103,9999.000,9999.000,9999.000,9999.000,9999.000,9999.000,9999.000,9999.000
202603170830,   0.058,9999.000,9999.000,9999.000,9999.000,9999.000,9999.000,9999.000,9999.000
202603170836,   0.017,9999.000,9999.000,9999.000,9999.000,9999.000,9999.000,9999.000,9999.000
202603170842,  -0.017,9999.000,9999.000,9999.000,9999.000,9999.000,9999.000,9999.000,9999.000
202603170848,  -0.046,9999.000,9999.000,9999.000,9999.000,9999.000,9999.000,9999.000,9999.000
202603170854,  -0.068,9999.000,9999.000,9999.000,9999.000,9999.000,9999.000,9999.000,9999.000
202603170900,  -0.083,9999.000,  -1.000,   0.344,  -0.739,  -1.600,  -1.339,  -0.400,  -0.139
202603170906,  -0.090,9999.000,9999.000,9999.000,9999.000,9999.000,9999.000,9999.000,9999.000
202603170912,  -0.089,9999.000,9999.000,9999.000,9999.000,9999.000,9999.000,9999.000,9999.000
202603170918,  -0.079,9999.000,9999.000,9999.000,9999.000,9999.000,9999.000,9999.000,9999.000
202603170924,  -0.060,9999.000,9999.000,9999.000,9999.000,9999.000,9999.000,9999.000,9999.000
202603170930,  -0.031,9999.000,9999.000,9999.000,9999.000,9999.000,9999.000,9999.000,9999.000
202603170936,   0.006,9999.000,9999.000,9999.000,9999.000,9999.000,9999.000,9999.000,9999.000
202603170942,   0.055,9999.000,9999.000,9999.000,9999.000,9999.000,9999.000,9999.000,9999.000
202603170948,   0.114,9999.000,9999.000,9999.000,9999.000,9999.000,9999.000,9999.000,9999.000
202603170954,   0.182,9999.000,9999.000,9999.000,9999.000,9999.000,9999.000,9999.000,9999.000
202603171000,   0.261,9999.000,  -1.100,   0.344,  -0.495,  -1.600,  -0.995,  -0.600,   0.005
202603171006,   0.350,9999.000,9999.000,9999.000,9999.000,9999.000,9999.000,9999.000,9999.000
202603171012,   0.448,9999.000,9999.000,9999.000,9999.000,9999.000,9999.000,9999.000,9999.000
202603171018,   0.556,9999.000,9999.000,9999.000,9999.000,9999.000,9999.000,9999.000,9999.000
202603171024,   0.672,9999.000,9999.000,9999.000,9999.000,9999.000,9999.000,9999.000,9999.000
202603171030,   0.797,9999.000,9999.000,9999.000,9999.000,9999.000,9999.000,9999.000,9999.000
202603171036,   0.928,9999.000,9999.000,9999.000,9999.000,9999.000,9999.000,9999.000,9999.000
202603171042,   1.067,9999.000,9999.000,9999.000,9999.000,9999.000,9999.000,9999.000,9999.000
202603171048,   1.211,9999.000,9999.000,9999.000,9999.000,9999.000,9999.000,9999.000,9999.000
202603171054,   1.361,9999.000,9999.000,9999.000,9999.000,9999.000,9999.000,9999.000,9999.000
202603171100,   1.515,9999.000,  -1.200,   0.344,   0.659,  -1.500,   0.359,  -0.700,   1.159
202603171106,   1.672,9999.000,9999.000,9999.000,9999.000,9999.000,9999.000,9999.000,9999.000
202603171112,   1.832,9999.000,9999.000,9999.000,9999.000,9999.000,9999.000,9999.000,9999.000
202603171118,   1.994,9999.000,9999.000,9999.000,9999.000,9999.000,9999.000,9999.000,9999.000
202603171124,   2.157,9999.000,9999.000,9999.000,9999.000,9999.000,9999.000,9999.000,9999.000
202603171130,   2.319,9999.000,9999.000,9999.000,9999.000,9999.000,9999.000,9999.000,9999.000
202603171136,   2.481,9999.000,9999.000,9999.000,9999.000,9999.000,9999.000,9999.000,9999.000
202603171142,   2.642,9999.000,9999.000,9999.000,9999.000,9999.000,9999.000,9999.000,9999.000
202603171148,   2.801,9999.000,9999.000,9999.000,9999.000,9999.000,9999.000,9999.000,9999.000
202603171154,   2.957,9999.000,9999.000,9999.000,9999.000,9999.000,9999.000,9999.000,9999.000
202603171200,   3.111,9999.000,  -1.200,   0.344,   2.255,  -1.500,   1.955,  -0.800,   2.655
202603171206,   3.260,9999.000,9999.000,9999.000,9999.000,9999.000,9999.000,9999.000,9999.000
202603171212,   3.407,9999.000,9999.000,9999.000,9999.000,9999.000,9999.000,9999.000,9999.000
202603171218,   3.549,9999.000,9999.000,9999.000,9999.000,9999.000,9999.000,9999.000,9999.000
202603171224,   3.686,9999.000,9999.000,9999.000,9999.000,9999.000,9999.000,9999.000,9999.000
202603171230,   3.820,9999.000,9999.000,9999.000,9999.000,9999.000,9999.000,9999.000,9999.000
202603171236,   3.949,9999.000,9999.000,9999.000,9999.000,9999.000,9999.000,9999.000,9999.000
202603171242,   4.073,9999.000,9999.000,9999.000,9999.000,9999.000,9999.000,9999.000,9999.000
202603171248,   4.193,9999.000,9999.000,9999.000,9999.000,9999.000,9999.000,9999.000,9999.000
202603171254,   4.308,9999.000,9999.000,9999.000,9999.000,9999.000,9999.000,9999.000,9999.000
202603171300,   4.418,9999.000,  -1.100,   0.344,   3.662,  -1.400,   3.362,  -0.800,   3.962
202603171306,   4.523,9999.000,9999.000,9999.000,9999.000,9999.000,9999.000,9999.000,9999.000
202603171312,   4.624,9999.000,9999.000,9999.000,9999.000,9999.000,9999.000,9999.000,9999.000
202603171318,   4.720,9999.000,9999.000,9999.000,9999.000,9999.000,9999.000,9999.000,9999.000
202603171324,   4.812,9999.000,9999.000,9999.000,9999.000,9999.000,9999.000,9999.000,9999.000
202603171330,   4.899,9999.000,9999.000,9999.000,9999.000,9999.000,9999.000,9999.000,9999.000
202603171336,   4.980,9999.000,9999.000,9999.000,9999.000,9999.000,9999.000,9999.000,9999.000
202603171342,   5.057,9999.000,9999.000,9999.000,9999.000,9999.000,9999.000,9999.000,9999.000
202603171348,   5.129,9999.000,9999.000,9999.000,9999.000,9999.000,9999.000,9999.000,9999.000
202603171354,   5.195,9999.000,9999.000,9999.000,9999.000,9999.000,9999.000,9999.000,9999.000
202603171400,   5.256,9999.000,  -1.100,   0.344,   4.500,  -1.400,   4.200,  -0.800,   4.800
202603171406,   5.311,9999.000,9999.000,9999.000,9999.000,9999.000,9999.000,9999.000,9999.000
202603171412,   5.360,9999.000,9999.000,9999.000,9999.000,9999.000,9999.000,9999.000,9999.000
202603171418,   5.403,9999.000,9999.000,9999.000,9999.000,9999.000,9999.000,9999.000,9999.000
202603171424,   5.440,9999.000,9999.000,9999.000,9999.000,9999.000,9999.000,9999.000,9999.000
202603171430,   5.470,9999.000,9999.000,9999.000,9999.000,9999.000,9999.000,9999.000,9999.000
202603171436,   5.493,9999.000,9999.000,9999.000,9999.000,9999.000,9999.000,9999.000,9999.000
202603171442,   5.510,9999.000,9999.000,9999.000,9999.000,9999.000,9999.000,9999.000,9999.000
202603171448,   5.518,9999.000,9999.000,9999.000,9999.000,9999.000,9999.000,9999.000,9999.000
202603171454,   5.520,9999.000,9999.000,9999.000,9999.000,9999.000,9999.000,9999.000,9999.000
202603171500,   5.514,9999.000,  -1.100,   0.344,   4.758,  -1.400,   4.458,  -0.700,   5.158
202603171506,   5.500,9999.000,9999.000,9999.000,9999.000,9999.000,9999.000,9999.000,9999.000
202603171512,   5.479,9999.000,9999.000,9999.000,9999.000,9999.000,9999.000,9999.000,9999.000
202603171518,   5.451,9999.000,9999.000,9999.000,9999.000,9999.000,9999.000,9999.000,9999.000
202603171524,   5.414,9999.000,9999.000,9999.000,9999.000,9999.000,9999.000,9999.000,9999.000
202603171530,   5.371,9999.000,9999.000,9999.000,9999.000,9999.000,9999.000,9999.000,9999.000
202603171536,   5.320,9999.000,9999.000,9999.000,9999.000,9999.000,9999.000,9999.000,9999.000
202603171542,   5.262,9999.000,9999.000,9999.000,9999.000,9999.000,9999.000,9999.000,9999.000
202603171548,   5.197,9999.000,9999.000,9999.000,9999.000,9999.000,9999.000,9999.000,9999.000
202603171554,   5.126,9999.000,9999.000,9999.000,9999.000,9999.000,9999.000,9999.000,9999.000
202603171600,   5.049,9999.000,  -1.100,   0.344,   4.293,  -1.400,   3.993,  -0.700,   4.693
202603171606,   4.966,9999.000,9999.000,9999.000,9999.000,9999.000,9999.000,9999.000,9999.000
202603171612,   4.877,9999.000,9999.000,9999.000,9999.000,9999.000,9999.000,9999.000,9999.000
202603171618,   4.784,9999.000,9999.000,9999.000,9999.000,9999.000,9999.000,9999.000,9999.000
202603171624,   4.686,9999.000,9999.000,9999.000,9999.000,9999.000,9999.000,9999.000,9999.000
202603171630,   4.584,9999.000,9999.000,9999.000,9999.000,9999.000,9999.000,9999.000,9999.000
202603171636,   4.479,9999.000,9999.000,9999.000,9999.000,9999.000,9999.000,9999.000,9999.000
202603171642,   4.370,9999.000,9999.000,9999.000,9999.000,9999.000,9999.000,9999.000,9999.000
202603171648,   4.259,9999.000,9999.000,9999.000,9999.000,9999.000,9999.000,9999.000,9999.000
202603171654,   4.145,9999.000,9999.000,9999.000,9999.000,9999.000,9999.000,9999.000,9999.000
202603171700,   4.030,9999.000,  -1.100,   0.344,   3.274,  -1.400,   2.974,  -0.800,   3.574
202603171706,   3.913,9999.000,9999.000,9999.000,9999.000,9999.000,9999.000,9999.000,9999.000
202603171712,   3.795,9999.000,9999.000,9999.000,9999.000,9999.000,9999.000,9999.000,9999.000
202603171718,   3.677,9999.000,9999.000,9999.000,9999.000,9999.000,9999.000,9999.000,9999.000
202603171724,   3.558,9999.000,9999.000,9999.000,9999.000,9999.000,9999.000,9999.000,9999.000
202603171730,   3.439,9999.000,9999.000,9999.000,9999.000,9999.000,9999.000,9999.000,9999.000
202603171736,   3.321,9999.000,9999.000,9999.000,9999.000,9999.000,9999.000,9999.000,9999.000
202603171742,   3.204,9999.000,9999.000,9999.000,9999.000,9999.000,9999.000,9999.000,9999.000
202603171748,   3.087,9999.000,9999.000,9999.000,9999.000,9999.000,9999.000,9999.000,9999.000
202603171754,   2.972,9999.000,9999.000,9999.000,9999.000,9999.000,9999.000,9999.000,9999.000
202603171800,   2.858,9999.000,  -1.100,   0.344,   2.102,  -1.400,   1.802,  -0.800,   2.402
202603171806,   2.745,9999.000,9999.000,9999.000,9999.000,9999.000,9999.000,9999.000,9999.000
202603171812,   2.634,9999.000,9999.000,9999.000,9999.000,9999.000,9999.000,9999.000,9999.000
202603171818,   2.525,9999.000,9999.000,9999.000,9999.000,9999.000,9999.000,9999.000,9999.000
202603171824,   2.418,9999.000,9999.000,9999.000,9999.000,9999.000,9999.000,9999.000,9999.000
202603171830,   2.312,9999.000,9999.000,9999.000,9999.000,9999.000,9999.000,9999.000,9999.000
202603171836,   2.209,9999.000,9999.000,9999.000,9999.000,9999.000,9999.000,9999.000,9999.000
202603171842,   2.107,9999.000,9999.000,9999.000,9999.000,9999.000,9999.000,9999.000,9999.000
202603171848,   2.007,9999.000,9999.000,9999.000,9999.000,9999.000,9999.000,9999.000,9999.000
202603171854,   1.909,9999.000,9999.000,9999.000,9999.000,9999.000,9999.000,9999.000,9999.000
202603171900,   1.813,9999.000,  -1.100,   0.344,   1.057,  -1.400,   0.757,  -0.800,   1.357
202603171906,   1.719,9999.000,9999.000,9999.000,9999.000,9999.000,9999.000,9999.000,9999.000
202603171912,   1.626,9999.000,9999.000,9999.000,9999.000,9999.000,9999.000,9999.000,9999.000
202603171918,   1.534,9999.000,9999.000,9999.000,9999.000,9999.000,9999.000,9999.000,9999.000
202603171924,   1.444,9999.000,9999.000,9999.000,9999.000,9999.000,9999.000,9999.000,9999.000
202603171930,   1.356,9999.000,9999.000,9999.000,9999.000,9999.000,9999.000,9999.000,9999.000
202603171936,   1.269,9999.000,9999.000,9999.000,9999.000,9999.000,9999.000,9999.000,9999.000
202603171942,   1.182,9999.000,9999.000,9999.000,9999.000,9999.000,9999.000,9999.000,9999.000
202603171948,   1.098,9999.000,9999.000,9999.000,9999.000,9999.000,9999.000,9999.000,9999.000
202603171954,   1.014,9999.000,9999.000,9999.000,9999.000,9999.000,9999.000,9999.000,9999.000
202603172000,   0.931,9999.000,  -1.100,   0.344,   0.175,  -1.400,  -0.125,  -0.800,   0.475
202603172006,   0.850,9999.000,9999.000,9999.000,9999.000,9999.000,9999.000,9999.000,9999.000
202603172012,   0.771,9999.000,9999.000,9999.000,9999.000,9999.000,9999.000,9999.000,9999.000
202603172018,   0.693,9999.000,9999.000,9999.000,9999.000,9999.000,9999.000,9999.000,9999.000
202603172024,   0.617,9999.000,9999.000,9999.000,9999.000,9999.000,9999.000,9999.000,9999.000
202603172030,   0.543,9999.000,9999.000,9999.000,9999.000,9999.000,9999.000,9999.000,9999.000
202603172036,   0.472,9999.000,9999.000,9999.000,9999.000,9999.000,9999.000,9999.000,9999.000
202603172042,   0.404,9999.000,9999.000,9999.000,9999.000,9999.000,9999.000,9999.000,9999.000
202603172048,   0.340,9999.000,9999.000,9999.000,9999.000,9999.000,9999.000,9999.000,9999.000
202603172054,   0.279,9999.000,9999.000,9999.000,9999.000,9999.000,9999.000,9999.000,9999.000
202603172100,   0.223,9999.000,  -1.100,   0.344,  -0.533,  -1.400,  -0.833,  -0.800,  -0.233
202603172106,   0.172,9999.000,9999.000,9999.000,9999.000,9999.000,9999.000,9999.000,9999.000
202603172112,   0.127,9999.000,9999.000,9999.000,9999.000,9999.000,9999.000,9999.000,9999.000
202603172118,   0.088,9999.000,9999.000,9999.000,9999.000,9999.000,9999.000,9999.000,9999.000
202603172124,   0.057,9999.000,9999.000,9999.000,9999.000,9999.000,9999.000,9999.000,9999.000
202603172130,   0.032,9999.000,9999.000,9999.000,9999.000,9999.000,9999.000,9999.000,9999.000
202603172136,   0.016,9999.000,9999.000,9999.000,9999.000,9999.000,9999.000,9999.000,9999.000
202603172142,   0.009,9999.000,9999.000,9999.000,9999.000,9999.000,9999.000,9999.000,9999.000
202603172148,   0.011,9999.000,9999.000,9999.000,9999.000,9999.000,9999.000,9999.000,9999.000
202603172154,   0.022,9999.000,9999.000,9999.000,9999.000,9999.000,9999.000,9999.000,9999.000
202603172200,   0.044,9999.000,  -1.100,   0.344,  -0.712,  -1.400,  -1.012,  -0.800,  -0.412
202603172206,   0.076,9999.000,9999.000,9999.000,9999.000,9999.000,9999.000,9999.000,9999.000
202603172212,   0.118,9999.000,9999.000,9999.000,9999.000,9999.000,9999.000,9999.000,9999.000
202603172218,   0.170,9999.000,9999.000,9999.000,9999.000,9999.000,9999.000,9999.000,9999.000
202603172224,   0.234,9999.000,9999.000,9999.000,9999.000,9999.000,9999.000,9999.000,9999.000
202603172230,   0.307,9999.000,9999.000,9999.000,9999.000,9999.000,9999.000,9999.000,9999.000
202603172236,   0.391,9999.000,9999.000,9999.000,9999.000,9999.000,9999.000,9999.000,9999.000
202603172242,   0.484,9999.000,9999.000,9999.000,9999.000,9999.000,9999.000,9999.000,9999.000
202603172248,   0.587,9999.000,9999.000,9999.000,9999.000,9999.000,9999.000,9999.000,9999.000
202603172254,   0.699,9999.000,9999.000,9999.000,9999.000,9999.000,9999.000,9999.000,9999.000
202603172300,   0.819,9999.000,  -1.000,   0.344,   0.163,  -1.300,  -0.137,  -0.800,   0.363
202603172306,   0.946,9999.000,9999.000,9999.000,9999.000,9999.000,9999.000,9999.000,9999.000
202603172312,   1.080,9999.000,9999.000,9999.000,9999.000,9999.000,9999.000,9999.000,9999.000
202603172318,   1.220,9999.000,9999.000,9999.000,9999.000,9999.000,9999.000,9999.000,9999.000
202603172324,   1.365,9999.000,9999.000,9999.000,9999.000,9999.000,9999.000,9999.000,9999.000
202603172330,   1.515,9999.000,9999.000,9999.000,9999.000,9999.000,9999.000,9999.000,9999.000
202603172336,   1.667,9999.000,9999.000,9999.000,9999.000,9999.000,9999.000,9999.000,9999.000
202603172342,   1.823,9999.000,9999.000,9999.000,9999.000,9999.000,9999.000,9999.000,9999.000
202603172348,   1.980,9999.000,9999.000,9999.000,9999.000,9999.000,9999.000,9999.000,9999.000
202603172354,   2.137,9999.000,9999.000,9999.000,9999.000,9999.000,9999.000,9999.000,9999.000
202603180000,   2.295,9999.000,  -1.000,   0.344,   1.639,  -1.300,   1.339,  -0.800,   1.839
202603180006,   2.452,9999.000,9999.000,9999.000,9999.000,9999.000,9999.000,9999.000,9999.000
202603180012,   2.608,9999.000,9999.000,9999.000,9999.000,9999.000,9999.000,9999.000,9999.000
202603180018,   2.762,9999.000,9999.000,9999.000,9999.000,9999.000,9999.000,9999.000,9999.000
202603180024,   2.913,9999.000,9999.000,9999.000,9999.000,9999.000,9999.000,9999.000,9999.000
202603180030,   3.062,9999.000,9999.000,9999.000,9999.000,9999.000,9999.000,9999.000,9999.000
202603180036,   3.207,9999.000,9999.000,9999.000,9999.000,9999.000,9999.000,9999.000,9999.000
202603180042,   3.348,9999.000,9999.000,9999.000,9999.000,9999.000,9999.000,9999.000,9999.000
202603180048,   3.485,9999.000,9999.000,9999.000,9999.000,9999.000,9999.000,9999.000,9999.000
202603180054,   3.618,9999.000,9999.000,9999.000,9999.000,9999.000,9999.000,9999.000,9999.000
202603180100,   3.747,9999.000,  -1.000,   0.344,   3.091,  -1.300,   2.791,  -0.800,   3.291
202603180106,   3.872,9999.000,9999.000,9999.000,9999.000,9999.000,9999.000,9999.000,9999.000
202603180112,   3.991,9999.000,9999.000,9999.000,9999.000,9999.000,9999.000,9999.000,9999.000
202603180118,   4.107,9999.000,9999.000,9999.000,9999.000,9999.000,9999.000,9999.000,9999.000
202603180124,   4.217,9999.000,9999.000,9999.000,9999.000,9999.000,9999.000,9999.000,9999.000
202603180130,   4.323,9999.000,9999.000,9999.000,9999.000,9999.000,9999.000,9999.000,9999.000
202603180136,   4.425,9999.000,9999.000,9999.000,9999.000,9999.000,9999.000,9999.000,9999.000
202603180142,   4.521,9999.000,9999.000,9999.000,9999.000,9999.000,9999.000,9999.000,9999.000
202603180148,   4.613,9999.000,9999.000,9999.000,9999.000,9999.000,9999.000,9999.000,9999.000
202603180154,   4.700,9999.000,9999.000,9999.000,9999.000,9999.000,9999.000,9999.000,9999.000
202603180200,   4.782,9999.000,  -1.000,   0.344,   4.126,  -1.300,   3.826,  -0.700,   4.426
202603180206,   4.859,9999.000,9999.000,9999.000,9999.000,9999.000,9999.000,9999.000,9999.000
202603180212,   4.930,9999.000,9999.000,9999.000,9999.000,9999.000,9999.000,9999.000,9999.000
202603180218,   4.997,9999.000,9999.000,9999.000,9999.000,9999.000,9999.000,9999.000,9999.000
202603180224,   5.057,9999.000,9999.000,9999.000,9999.000,9999.000,9999.000,9999.000,9999.000
202603180230,   5.112,9999.000,9999.000,9999.000,9999.000,9999.000,9999.000,9999.000,9999.000
202603180236,   5.161,9999.000,9999.000,9999.000,9999.000,9999.000,9999.000,9999.000,9999.000
202603180242,   5.203,9999.000,9999.000,9999.000,9999.000,9999.000,9999.000,9999.000,9999.000
202603180248,   5.239,9999.000,9999.000,9999.000,9999.000,9999.000,9999.000,9999.000,9999.000
202603180254,   5.268,9999.000,9999.000,9999.000,9999.000,9999.000,9999.000,9999.000,9999.000
202603180300,   5.290,9999.000,  -1.000,   0.344,   4.634,  -1.300,   4.334,  -0.700,   4.934
202603180306,   5.305,9999.000,9999.000,9999.000,9999.000,9999.000,9999.000,9999.000,9999.000
202603180312,   5.313,9999.000,9999.000,9999.000,9999.000,9999.000,9999.000,9999.000,9999.000
202603180318,   5.312,9999.000,9999.000,9999.000,9999.000,9999.000,9999.000,9999.000,9999.000
202603180324,   5.305,9999.000,9999.000,9999.000,9999.000,9999.000,9999.000,9999.000,9999.000
202603180330,   5.289,9999.000,9999.000,9999.000,9999.000,9999.000,9999.000,9999.000,9999.000
202603180336,   5.265,9999.000,9999.000,9999.000,9999.000,9999.000,9999.000,9999.000,9999.000
202603180342,   5.234,9999.000,9999.000,9999.000,9999.000,9999.000,9999.000,9999.000,9999.000
202603180348,   5.195,9999.000,9999.000,9999.000,9999.000,9999.000,9999.000,9999.000,9999.000
202603180354,   5.148,9999.000,9999.000,9999.000,9999.000,9999.000,9999.000,9999.000,9999.000
202603180400,   5.094,9999.000,  -1.000,   0.344,   4.438,  -1.300,   4.138,  -0.700,   4.738
202603180406,   5.033,9999.000,9999.000,9999.000,9999.000,9999.000,9999.000,9999.000,9999.000
202603180412,   4.965,9999.000,9999.000,9999.000,9999.000,9999.000,9999.000,9999.000,9999.000
202603180418,   4.889,9999.000,9999.000,9999.000,9999.000,9999.000,9999.000,9999.000,9999.000
202603180424,   4.808,9999.000,9999.000,9999.000,9999.000,9999.000,9999.000,9999.000,9999.000
202603180430,   4.720,9999.000,9999.000,9999.000,9999.000,9999.000,9999.000,9999.000,9999.000
202603180436,   4.627,9999.000,9999.000,9999.000,9999.000,9999.000,9999.000,9999.000,9999.000
202603180442,   4.529,9999.000,9999.000,9999.000,9999.000,9999.000,9999.000,9999.000,9999.000
202603180448,   4.426,9999.000,9999.000,9999.000,9999.000,9999.000,9999.000,9999.000,9999.000
202603180454,   4.319,9999.000,9999.000,9999.000,9999.000,9999.000,9999.000,9999.000,9999.000
202603180500,   4.208,9999.000,  -1.000,   0.344,   3.552,  -1.300,   3.252,  -0.800,   3.752
202603180506,   4.094,9999.000,9999.000,9999.000,9999.000,9999.000,9999.000,9999.000,9999.000
202603180512,   3.977,9999.000,9999.000,9999.000,9999.000,9999.000,9999.000,9999.000,9999.000
202603180518,   3.858,9999.000,9999.000,9999.000,9999.000,9999.000,9999.000,9999.000,9999.000
202603180524,   3.737,9999.000,9999.000,9999.000,9999.000,9999.000,9999.000,9999.000,9999.000
202603180530,   3.614,9999.000,9999.000,9999.000,9999.000,9999.000,9999.000,9999.000,9999.000
202603180536,   3.490,9999.000,9999.000,9999.000,9999.000,9999.000,9999.000,9999.000,9999.000
202603180542,   3.366,9999.000,9999.000,9999.000,9999.000,9999.000,9999.000,9999.000,9999.000
202603180548,   3.242,9999.000,9999.000,9999.000,9999.000,9999.000,9999.000,9999.000,9999.000
202603180554,   3.117,9999.000,9999.000,9999.000,9999.000,9999.000,9999.000,9999.000,9999.000
202603180600,   2.994,9999.000,  -1.100,   0.344,   2.238,  -1.400,   1.938,  -0.800,   2.538
