        TIME,    TIDE,      OB,   SURGE,    BIAS,     TWL,SURGE90p,  TWL90p,SURGE10p,   TWL10p
202605280600,   0.292,   0.898,   0.300,   0.306,   0.898,   0.300,   0.898,   0.300,   0.898
202605280606,   0.250,9999.000,9999.000,9999.000,9999.000,9999.000,9999.000,9999.000,9999.000
202605280612,   0.216,   0.810,9999.000,9999.000,9999.000,9999.000,9999.000,9999.000,9999.000
202605280618,   0.191,9999.000,9999.000,9999.000,9999.000,9999.000,9999.000,9999.000,9999.000
202605280624,   0.176,   0.731,9999.000,9999.000,9999.000,9999.000,9999.000,9999.000,9999.000
202605280630,   0.170,9999.000,9999.000,9999.000,9999.000,9999.000,9999.000,9999.000,9999.000
202605280636,   0.174,   0.659,9999.000,9999.000,9999.000,9999.000,9999.000,9999.000,9999.000
202605280642,   0.189,9999.000,9999.000,9999.000,9999.000,9999.000,9999.000,9999.000,9999.000
202605280648,   0.213,   0.600,9999.000,9999.000,9999.000,9999.000,9999.000,9999.000,9999.000
202605280654,   0.246,9999.000,9999.000,9999.000,9999.000,9999.000,9999.000,9999.000,9999.000
202605280700,   0.290,   0.560,   0.300,  -0.030,   0.560,   0.300,   0.560,   0.300,   0.560
202605280706,   0.342,   0.560,9999.000,9999.000,9999.000,9999.000,9999.000,9999.000,9999.000
202605280712,   0.403,   0.560,9999.000,9999.000,9999.000,9999.000,9999.000,9999.000,9999.000
202605280718,   0.473,   0.570,9999.000,9999.000,9999.000,9999.000,9999.000,9999.000,9999.000
202605280724,   0.550,   0.590,9999.000,9999.000,9999.000,9999.000,9999.000,9999.000,9999.000
202605280730,   0.633,   0.629,9999.000,9999.000,9999.000,9999.000,9999.000,9999.000,9999.000
202605280736,   0.724,   0.678,9999.000,9999.000,9999.000,9999.000,9999.000,9999.000,9999.000
202605280742,   0.819,   0.741,9999.000,9999.000,9999.000,9999.000,9999.000,9999.000,9999.000
202605280748,   0.920,   0.829,9999.000,9999.000,9999.000,9999.000,9999.000,9999.000,9999.000
202605280754,   1.024,   0.941,9999.000,9999.000,9999.000,9999.000,9999.000,9999.000,9999.000
202605280800,   1.131,   1.039,   0.300,  -0.392,   1.039,   0.300,   1.039,   0.300,   1.039
202605280806,   1.241,   1.151,9999.000,9999.000,9999.000,9999.000,9999.000,9999.000,9999.000
202605280812,   1.352,   1.269,9999.000,9999.000,9999.000,9999.000,9999.000,9999.000,9999.000
202605280818,   1.465,   1.390,9999.000,9999.000,9999.000,9999.000,9999.000,9999.000,9999.000
202605280824,   1.577,   1.518,9999.000,9999.000,9999.000,9999.000,9999.000,9999.000,9999.000
202605280830,   1.690,   1.679,9999.000,9999.000,9999.000,9999.000,9999.000,9999.000,9999.000
202605280836,   1.801,   1.810,9999.000,9999.000,9999.000,9999.000,9999.000,9999.000,9999.000
202605280842,   1.912,   1.879,9999.000,9999.000,9999.000,9999.000,9999.000,9999.000,9999.000
202605280848,   2.020,   2.040,9999.000,9999.000,9999.000,9999.000,9999.000,9999.000,9999.000
202605280854,   2.127,   2.177,9999.000,9999.000,9999.000,9999.000,9999.000,9999.000,9999.000
202605280900,   2.232,   2.328,   0.300,  -0.204,   2.328,   0.300,   2.328,   0.300,   2.328
202605280906,   2.334,   2.450,9999.000,9999.000,9999.000,9999.000,9999.000,9999.000,9999.000
202605280912,   2.435,   2.568,9999.000,9999.000,9999.000,9999.000,9999.000,9999.000,9999.000
202605280918,   2.532,   2.660,9999.000,9999.000,9999.000,9999.000,9999.000,9999.000,9999.000
202605280924,   2.628,   2.778,9999.000,9999.000,9999.000,9999.000,9999.000,9999.000,9999.000
202605280930,   2.721,   2.879,9999.000,9999.000,9999.000,9999.000,9999.000,9999.000,9999.000
202605280936,   2.812,   2.988,9999.000,9999.000,9999.000,9999.000,9999.000,9999.000,9999.000
202605280942,   2.901,   3.079,9999.000,9999.000,9999.000,9999.000,9999.000,9999.000,9999.000
202605280948,   2.988,   3.168,9999.000,9999.000,9999.000,9999.000,9999.000,9999.000,9999.000
202605280954,   3.073,   3.250,9999.000,9999.000,9999.000,9999.000,9999.000,9999.000,9999.000
202605281000,   3.156,   3.329,   0.300,  -0.127,   3.329,   0.300,   3.329,   0.300,   3.329
202605281006,   3.237,   3.407,9999.000,9999.000,9999.000,9999.000,9999.000,9999.000,9999.000
202605281012,   3.316,   3.470,9999.000,9999.000,9999.000,9999.000,9999.000,9999.000,9999.000
202605281018,   3.393,   3.548,9999.000,9999.000,9999.000,9999.000,9999.000,9999.000,9999.000
202605281024,   3.469,   3.617,9999.000,9999.000,9999.000,9999.000,9999.000,9999.000,9999.000
202605281030,   3.542,   3.680,9999.000,9999.000,9999.000,9999.000,9999.000,9999.000,9999.000
202605281036,   3.613,   3.739,9999.000,9999.000,9999.000,9999.000,9999.000,9999.000,9999.000
202605281042,   3.682,   3.798,9999.000,9999.000,9999.000,9999.000,9999.000,9999.000,9999.000
202605281048,   3.748,   3.847,9999.000,9999.000,9999.000,9999.000,9999.000,9999.000,9999.000
202605281054,   3.812,   3.890,9999.000,9999.000,9999.000,9999.000,9999.000,9999.000,9999.000
202605281100,   3.872,   3.929,   0.300,  -0.243,   3.929,   0.300,   3.929,   0.300,   3.929
202605281106,   3.928,   3.968,9999.000,9999.000,9999.000,9999.000,9999.000,9999.000,9999.000
202605281112,   3.981,   4.008,9999.000,9999.000,9999.000,9999.000,9999.000,9999.000,9999.000
202605281118,   4.029,   4.047,9999.000,9999.000,9999.000,9999.000,9999.000,9999.000,9999.000
202605281124,   4.073,   4.080,9999.000,9999.000,9999.000,9999.000,9999.000,9999.000,9999.000
202605281130,   4.112,   4.099,9999.000,9999.000,9999.000,9999.000,9999.000,9999.000,9999.000
202605281136,   4.146,   4.119,9999.000,9999.000,9999.000,9999.000,9999.000,9999.000,9999.000
202605281142,   4.174,   4.129,9999.000,9999.000,9999.000,9999.000,9999.000,9999.000,9999.000
202605281148,   4.197,   4.149,9999.000,9999.000,9999.000,9999.000,9999.000,9999.000,9999.000
202605281154,   4.213,   4.159,9999.000,9999.000,9999.000,9999.000,9999.000,9999.000,9999.000
202605281200,   4.223,   4.168,   0.200,  -0.255,   4.168,   0.200,   4.168,   0.200,   4.168
202605281206,   4.227,   4.168,9999.000,9999.000,9999.000,9999.000,9999.000,9999.000,9999.000
202605281212,   4.224,   4.178,9999.000,9999.000,9999.000,9999.000,9999.000,9999.000,9999.000
202605281218,   4.215,   4.168,9999.000,9999.000,9999.000,9999.000,9999.000,9999.000,9999.000
202605281224,   4.199,   4.159,9999.000,9999.000,9999.000,9999.000,9999.000,9999.000,9999.000
202605281230,   4.177,   4.149,9999.000,9999.000,9999.000,9999.000,9999.000,9999.000,9999.000
202605281236,   4.148,   4.129,9999.000,9999.000,9999.000,9999.000,9999.000,9999.000,9999.000
202605281242,   4.114,   4.109,9999.000,9999.000,9999.000,9999.000,9999.000,9999.000,9999.000
202605281248,   4.073,   4.090,9999.000,9999.000,9999.000,9999.000,9999.000,9999.000,9999.000
202605281254,   4.026,   4.070,9999.000,9999.000,9999.000,9999.000,9999.000,9999.000,9999.000
202605281300,   3.974,   4.037,   0.200,  -0.137,   4.037,   0.200,   4.037,   0.200,   4.037
202605281306,   3.916,   3.988,9999.000,9999.000,9999.000,9999.000,9999.000,9999.000,9999.000
202605281312,   3.854,   3.949,9999.000,9999.000,9999.000,9999.000,9999.000,9999.000,9999.000
202605281318,   3.788,   3.899,9999.000,9999.000,9999.000,9999.000,9999.000,9999.000,9999.000
202605281324,   3.717,   3.827,9999.000,9999.000,9999.000,9999.000,9999.000,9999.000,9999.000
202605281330,   3.642,   3.778,9999.000,9999.000,9999.000,9999.000,9999.000,9999.000,9999.000
202605281336,   3.564,   3.699,9999.000,9999.000,9999.000,9999.000,9999.000,9999.000,9999.000
202605281342,   3.483,   3.627,9999.000,9999.000,9999.000,9999.000,9999.000,9999.000,9999.000
202605281348,   3.399,   3.568,9999.000,9999.000,9999.000,9999.000,9999.000,9999.000,9999.000
202605281354,   3.314,   3.480,9999.000,9999.000,9999.000,9999.000,9999.000,9999.000,9999.000
202605281400,   3.226,   3.388,   0.200,  -0.038,   3.388,   0.100,   3.288,   0.200,   3.388
202605281406,   3.137,   3.299,9999.000,9999.000,9999.000,9999.000,9999.000,9999.000,9999.000
202605281412,   3.047,   3.207,9999.000,9999.000,9999.000,9999.000,9999.000,9999.000,9999.000
202605281418,   2.956,   3.129,9999.000,9999.000,9999.000,9999.000,9999.000,9999.000,9999.000
202605281424,   2.864,   3.040,9999.000,9999.000,9999.000,9999.000,9999.000,9999.000,9999.000
202605281430,   2.772,   2.948,9999.000,9999.000,9999.000,9999.000,9999.000,9999.000,9999.000
202605281436,   2.681,   2.840,9999.000,9999.000,9999.000,9999.000,9999.000,9999.000,9999.000
202605281442,   2.589,   2.748,9999.000,9999.000,9999.000,9999.000,9999.000,9999.000,9999.000
202605281448,   2.498,   2.660,9999.000,9999.000,9999.000,9999.000,9999.000,9999.000,9999.000
202605281454,   2.407,   2.558,9999.000,9999.000,9999.000,9999.000,9999.000,9999.000,9999.000
202605281500,   2.318,   2.450,   0.200,  -0.068,   2.450,   0.100,   2.350,   0.200,   2.450
202605281506,   2.229,   2.368,9999.000,9999.000,9999.000,9999.000,9999.000,9999.000,9999.000
202605281512,   2.141,   2.279,9999.000,9999.000,9999.000,9999.000,9999.000,9999.000,9999.000
202605281518,   2.054,   2.168,9999.000,9999.000,9999.000,9999.000,9999.000,9999.000,9999.000
202605281524,   1.968,   2.069,9999.000,9999.000,9999.000,9999.000,9999.000,9999.000,9999.000
202605281530,   1.883,   1.990,9999.000,9999.000,9999.000,9999.000,9999.000,9999.000,9999.000
202605281536,   1.799,   1.918,9999.000,9999.000,9999.000,9999.000,9999.000,9999.000,9999.000
202605281542,   1.716,   1.840,9999.000,9999.000,9999.000,9999.000,9999.000,9999.000,9999.000
202605281548,   1.634,   1.748,9999.000,9999.000,9999.000,9999.000,9999.000,9999.000,9999.000
202605281554,   1.553,   1.679,9999.000,9999.000,9999.000,9999.000,9999.000,9999.000,9999.000
202605281600,   1.473,   1.590,   0.200,  -0.083,   1.590,   0.100,   1.490,   0.200,   1.590
202605281606,   1.393,   1.498,9999.000,9999.000,9999.000,9999.000,9999.000,9999.000,9999.000
202605281612,   1.314,   1.410,9999.000,9999.000,9999.000,9999.000,9999.000,9999.000,9999.000
202605281618,   1.235,   1.328,9999.000,9999.000,9999.000,9999.000,9999.000,9999.000,9999.000
202605281624,   1.157,   1.239,9999.000,9999.000,9999.000,9999.000,9999.000,9999.000,9999.000
202605281630,   1.080,   1.170,9999.000,9999.000,9999.000,9999.000,9999.000,9999.000,9999.000
202605281636,   1.002,   1.098,9999.000,9999.000,9999.000,9999.000,9999.000,9999.000,9999.000
202605281642,   0.926,   1.029,9999.000,9999.000,9999.000,9999.000,9999.000,9999.000,9999.000
202605281648,   0.849,   0.951,9999.000,9999.000,9999.000,9999.000,9999.000,9999.000,9999.000
202605281654,   0.774,   0.869,9999.000,9999.000,9999.000,9999.000,9999.000,9999.000,9999.000
202605281700,   0.699,   0.800,   0.100,   0.001,   0.800,   0.100,   0.800,   0.200,   0.900
202605281706,   0.625,   0.731,9999.000,9999.000,9999.000,9999.000,9999.000,9999.000,9999.000
202605281712,   0.553,   0.669,9999.000,9999.000,9999.000,9999.000,9999.000,9999.000,9999.000
202605281718,   0.482,   0.619,9999.000,9999.000,9999.000,9999.000,9999.000,9999.000,9999.000
202605281724,   0.413,   0.551,9999.000,9999.000,9999.000,9999.000,9999.000,9999.000,9999.000
202605281730,   0.347,   0.488,9999.000,9999.000,9999.000,9999.000,9999.000,9999.000,9999.000
202605281736,   0.283,   0.429,9999.000,9999.000,9999.000,9999.000,9999.000,9999.000,9999.000
202605281742,   0.223,   0.380,9999.000,9999.000,9999.000,9999.000,9999.000,9999.000,9999.000
202605281748,   0.167,   0.331,9999.000,9999.000,9999.000,9999.000,9999.000,9999.000,9999.000
202605281754,   0.116,   0.278,9999.000,9999.000,9999.000,9999.000,9999.000,9999.000,9999.000
202605281800,   0.069,   0.229,   0.100,   0.060,   0.229,   0.100,   0.229,   0.100,   0.229
202605281806,   0.029,   0.180,9999.000,9999.000,9999.000,9999.000,9999.000,9999.000,9999.000
202605281812,  -0.004,   0.141,9999.000,9999.000,9999.000,9999.000,9999.000,9999.000,9999.000
202605281818,  -0.031,   0.121,9999.000,9999.000,9999.000,9999.000,9999.000,9999.000,9999.000
202605281824,  -0.050,   0.088,9999.000,9999.000,9999.000,9999.000,9999.000,9999.000,9999.000
202605281830,  -0.061,   0.068,9999.000,9999.000,9999.000,9999.000,9999.000,9999.000,9999.000
202605281836,  -0.064,   0.059,9999.000,9999.000,9999.000,9999.000,9999.000,9999.000,9999.000
202605281842,  -0.057,   0.059,9999.000,9999.000,9999.000,9999.000,9999.000,9999.000,9999.000
202605281848,  -0.042,   0.059,9999.000,9999.000,9999.000,9999.000,9999.000,9999.000,9999.000
202605281854,  -0.016,   0.088,9999.000,9999.000,9999.000,9999.000,9999.000,9999.000,9999.000
202605281900,   0.018,   0.088,   0.100,  -0.030,   0.088,   0.100,   0.088,   0.100,   0.088
202605281906,   0.062,   0.098,9999.000,9999.000,9999.000,9999.000,9999.000,9999.000,9999.000
202605281912,   0.116,   0.150,9999.000,9999.000,9999.000,9999.000,9999.000,9999.000,9999.000
202605281918,   0.180,   0.219,9999.000,9999.000,9999.000,9999.000,9999.000,9999.000,9999.000
202605281924,   0.253,   0.278,9999.000,9999.000,9999.000,9999.000,9999.000,9999.000,9999.000
202605281930,   0.335,   0.341,9999.000,9999.000,9999.000,9999.000,9999.000,9999.000,9999.000
202605281936,   0.425,   0.439,9999.000,9999.000,9999.000,9999.000,9999.000,9999.000,9999.000
202605281942,   0.523,   0.551,9999.000,9999.000,9999.000,9999.000,9999.000,9999.000,9999.000
202605281948,   0.628,   0.669,9999.000,9999.000,9999.000,9999.000,9999.000,9999.000,9999.000
202605281954,   0.740,   0.800,9999.000,9999.000,9999.000,9999.000,9999.000,9999.000,9999.000
202605282000,   0.857,   0.928,   0.100,  -0.029,   0.928,   0.000,   0.828,   0.100,   0.928
202605282006,   0.980,   1.039,9999.000,9999.000,9999.000,9999.000,9999.000,9999.000,9999.000
202605282012,   1.106,   1.151,9999.000,9999.000,9999.000,9999.000,9999.000,9999.000,9999.000
202605282018,   1.236,   1.289,9999.000,9999.000,9999.000,9999.000,9999.000,9999.000,9999.000
202605282024,   1.369,   1.430,9999.000,9999.000,9999.000,9999.000,9999.000,9999.000,9999.000
202605282030,   1.503,   1.548,9999.000,9999.000,9999.000,9999.000,9999.000,9999.000,9999.000
202605282036,   1.639,   1.669,9999.000,9999.000,9999.000,9999.000,9999.000,9999.000,9999.000
202605282042,   1.775,   1.810,9999.000,9999.000,9999.000,9999.000,9999.000,9999.000,9999.000
202605282048,   1.911,   1.958,9999.000,9999.000,9999.000,9999.000,9999.000,9999.000,9999.000
202605282054,   2.045,   2.118,9999.000,9999.000,9999.000,9999.000,9999.000,9999.000,9999.000
202605282100,   2.179,   2.269,   0.100,  -0.010,   2.269,   0.000,   2.169,   0.100,   2.269
202605282106,   2.310,   2.410,9999.000,9999.000,9999.000,9999.000,9999.000,9999.000,9999.000
202605282112,   2.440,   2.538,9999.000,9999.000,9999.000,9999.000,9999.000,9999.000,9999.000
202605282118,   2.567,   2.669,9999.000,9999.000,9999.000,9999.000,9999.000,9999.000,9999.000
202605282124,   2.691,   2.787,9999.000,9999.000,9999.000,9999.000,9999.000,9999.000,9999.000
202605282130,   2.812,   2.909,9999.000,9999.000,9999.000,9999.000,9999.000,9999.000,9999.000
202605282136,   2.931,   3.030,9999.000,9999.000,9999.000,9999.000,9999.000,9999.000,9999.000
202605282142,   3.047,   3.148,9999.000,9999.000,9999.000,9999.000,9999.000,9999.000,9999.000
202605282148,   3.159,   3.289,9999.000,9999.000,9999.000,9999.000,9999.000,9999.000,9999.000
202605282154,   3.270,   3.407,9999.000,9999.000,9999.000,9999.000,9999.000,9999.000,9999.000
202605282200,   3.377,   3.509,   0.100,   0.032,   3.509,   0.000,   3.409,   0.100,   3.509
202605282206,   3.482,   3.607,9999.000,9999.000,9999.000,9999.000,9999.000,9999.000,9999.000
202605282212,   3.584,   3.699,9999.000,9999.000,9999.000,9999.000,9999.000,9999.000,9999.000
202605282218,   3.685,   3.798,9999.000,9999.000,9999.000,9999.000,9999.000,9999.000,9999.000
202605282224,   3.783,   3.899,9999.000,9999.000,9999.000,9999.000,9999.000,9999.000,9999.000
202605282230,   3.878,   3.988,9999.000,9999.000,9999.000,9999.000,9999.000,9999.000,9999.000
202605282236,   3.972,   4.080,9999.000,9999.000,9999.000,9999.000,9999.000,9999.000,9999.000
202605282242,   4.064,   4.149,9999.000,9999.000,9999.000,9999.000,9999.000,9999.000,9999.000
202605282248,   4.154,   4.237,9999.000,9999.000,9999.000,9999.000,9999.000,9999.000,9999.000
202605282254,   4.241,   4.319,9999.000,9999.000,9999.000,9999.000,9999.000,9999.000,9999.000
202605282300,   4.326,   4.398,   0.100,  -0.028,   4.398,   0.000,   4.298,   0.100,   4.398
202605282306,   4.409,   4.447,9999.000,9999.000,9999.000,9999.000,9999.000,9999.000,9999.000
202605282312,   4.489,   4.500,9999.000,9999.000,9999.000,9999.000,9999.000,9999.000,9999.000
202605282318,   4.566,   4.559,9999.000,9999.000,9999.000,9999.000,9999.000,9999.000,9999.000
202605282324,   4.640,   4.608,9999.000,9999.000,9999.000,9999.000,9999.000,9999.000,9999.000
202605282330,   4.710,   4.657,9999.000,9999.000,9999.000,9999.000,9999.000,9999.000,9999.000
202605282336,   4.776,   4.700,9999.000,9999.000,9999.000,9999.000,9999.000,9999.000,9999.000
202605282342,   4.839,   4.749,9999.000,9999.000,9999.000,9999.000,9999.000,9999.000,9999.000
202605282348,   4.896,   4.788,9999.000,9999.000,9999.000,9999.000,9999.000,9999.000,9999.000
202605282354,   4.949,   4.828,9999.000,9999.000,9999.000,9999.000,9999.000,9999.000,9999.000
202605290000,   4.996,   4.877,   0.100,  -0.219,   4.877,   0.100,   4.877,   0.100,   4.877
202605290006,   5.038,   4.900,9999.000,9999.000,9999.000,9999.000,9999.000,9999.000,9999.000
202605290012,   5.074,   4.929,9999.000,9999.000,9999.000,9999.000,9999.000,9999.000,9999.000
202605290018,   5.104,   4.959,9999.000,9999.000,9999.000,9999.000,9999.000,9999.000,9999.000
202605290024,   5.127,   4.988,9999.000,9999.000,9999.000,9999.000,9999.000,9999.000,9999.000
202605290030,   5.144,   5.018,9999.000,9999.000,9999.000,9999.000,9999.000,9999.000,9999.000
202605290036,   5.154,   5.047,9999.000,9999.000,9999.000,9999.000,9999.000,9999.000,9999.000
202605290042,   5.157,   5.057,9999.000,9999.000,9999.000,9999.000,9999.000,9999.000,9999.000
202605290048,   5.154,   5.077,9999.000,9999.000,9999.000,9999.000,9999.000,9999.000,9999.000
202605290054,   5.144,   5.077,9999.000,9999.000,9999.000,9999.000,9999.000,9999.000,9999.000
202605290100,   5.127,   5.097,   0.100,  -0.130,   5.097,   0.100,   5.097,   0.100,   5.097
202605290106,   5.103,   5.110,9999.000,9999.000,9999.000,9999.000,9999.000,9999.000,9999.000
202605290112,   5.073,   5.097,9999.000,9999.000,9999.000,9999.000,9999.000,9999.000,9999.000
202605290118,   5.037,   5.097,9999.000,9999.000,9999.000,9999.000,9999.000,9999.000,9999.000
202605290124,   4.995,   5.087,9999.000,9999.000,9999.000,9999.000,9999.000,9999.000,9999.000
202605290130,   4.947,   5.077,9999.000,9999.000,9999.000,9999.000,9999.000,9999.000,9999.000
202605290136,   4.894,   5.057,9999.000,9999.000,9999.000,9999.000,9999.000,9999.000,9999.000
202605290142,   4.836,   5.038,9999.000,9999.000,9999.000,9999.000,9999.000,9999.000,9999.000
202605290148,   4.772,   4.998,9999.000,9999.000,9999.000,9999.000,9999.000,9999.000,9999.000
202605290154,   4.705,   4.939,9999.000,9999.000,9999.000,9999.000,9999.000,9999.000,9999.000
202605290200,   4.633,   4.887,   0.100,   0.154,   4.887,   0.100,   4.887,   0.100,   4.887
202605290206,   4.558,   4.818,9999.000,9999.000,9999.000,9999.000,9999.000,9999.000,9999.000
202605290212,   4.479,   4.739,9999.000,9999.000,9999.000,9999.000,9999.000,9999.000,9999.000
202605290218,   4.398,   4.647,9999.000,9999.000,9999.000,9999.000,9999.000,9999.000,9999.000
202605290224,   4.314,   4.559,9999.000,9999.000,9999.000,9999.000,9999.000,9999.000,9999.000
202605290230,   4.227,   4.457,9999.000,9999.000,9999.000,9999.000,9999.000,9999.000,9999.000
202605290236,   4.139,   4.368,9999.000,9999.000,9999.000,9999.000,9999.000,9999.000,9999.000
202605290242,   4.048,   4.280,9999.000,9999.000,9999.000,9999.000,9999.000,9999.000,9999.000
202605290248,   3.957,   4.178,9999.000,9999.000,9999.000,9999.000,9999.000,9999.000,9999.000
202605290254,   3.864,   4.070,9999.000,9999.000,9999.000,9999.000,9999.000,9999.000,9999.000
202605290300,   3.770,   3.949,   0.100,   0.079,   3.949,   0.100,   3.949,   0.100,   3.949
202605290306,   3.675,   3.827,9999.000,9999.000,9999.000,9999.000,9999.000,9999.000,9999.000
202605290312,   3.580,   3.719,9999.000,9999.000,9999.000,9999.000,9999.000,9999.000,9999.000
202605290318,   3.484,   3.617,9999.000,9999.000,9999.000,9999.000,9999.000,9999.000,9999.000
202605290324,   3.388,   3.509,9999.000,9999.000,9999.000,9999.000,9999.000,9999.000,9999.000
202605290330,   3.292,   3.398,9999.000,9999.000,9999.000,9999.000,9999.000,9999.000,9999.000
202605290336,   3.196,   3.279,9999.000,9999.000,9999.000,9999.000,9999.000,9999.000,9999.000
202605290342,   3.099,   3.178,9999.000,9999.000,9999.000,9999.000,9999.000,9999.000,9999.000
202605290348,   3.003,   3.079,9999.000,9999.000,9999.000,9999.000,9999.000,9999.000,9999.000
202605290354,   2.906,   2.988,9999.000,9999.000,9999.000,9999.000,9999.000,9999.000,9999.000
202605290400,   2.809,   2.889,   0.100,  -0.020,   2.889,   0.100,   2.889,   0.100,   2.889
202605290406,   2.713,   2.787,9999.000,9999.000,9999.000,9999.000,9999.000,9999.000,9999.000
202605290412,   2.616,   2.699,9999.000,9999.000,9999.000,9999.000,9999.000,9999.000,9999.000
202605290418,   2.518,   2.610,9999.000,9999.000,9999.000,9999.000,9999.000,9999.000,9999.000
202605290424,   2.421,   2.519,9999.000,9999.000,9999.000,9999.000,9999.000,9999.000,9999.000
202605290430,   2.323,   2.430,9999.000,9999.000,9999.000,9999.000,9999.000,9999.000,9999.000
202605290436,   2.225,   2.338,9999.000,9999.000,9999.000,9999.000,9999.000,9999.000,9999.000
202605290442,   2.126,   2.250,9999.000,9999.000,9999.000,9999.000,9999.000,9999.000,9999.000
202605290448,   2.026,   2.168,9999.000,9999.000,9999.000,9999.000,9999.000,9999.000,9999.000
202605290454,   1.927,   2.089,9999.000,9999.000,9999.000,9999.000,9999.000,9999.000,9999.000
202605290500,   1.826,   2.010,   0.100,   0.084,   2.010,   0.100,   2.010,   0.200,   2.110
202605290506,   1.726,   1.928,9999.000,9999.000,9999.000,9999.000,9999.000,9999.000,9999.000
202605290512,   1.624,   1.849,9999.000,9999.000,9999.000,9999.000,9999.000,9999.000,9999.000
202605290518,   1.523,   1.767,9999.000,9999.000,9999.000,9999.000,9999.000,9999.000,9999.000
202605290524,   1.422,   1.689,9999.000,9999.000,9999.000,9999.000,9999.000,9999.000,9999.000
202605290530,   1.321,   1.600,9999.000,9999.000,9999.000,9999.000,9999.000,9999.000,9999.000
202605290536,   1.221,   1.528,9999.000,9999.000,9999.000,9999.000,9999.000,9999.000,9999.000
202605290542,   1.121,   1.449,9999.000,9999.000,9999.000,9999.000,9999.000,9999.000,9999.000
202605290548,   1.024,   1.380,9999.000,9999.000,9999.000,9999.000,9999.000,9999.000,9999.000
202605290554,   0.928,   1.298,9999.000,9999.000,9999.000,9999.000,9999.000,9999.000,9999.000
202605290600,   0.834,   1.239,   0.200,   0.205,   1.239,   0.100,   1.139,   0.200,   1.239
202605290606,   0.743,   1.180,9999.000,9999.000,9999.000,9999.000,9999.000,9999.000,9999.000
202605290612,   0.657,   1.118,9999.000,9999.000,9999.000,9999.000,9999.000,9999.000,9999.000
202605290618,   0.574,   1.069,9999.000,9999.000,9999.000,9999.000,9999.000,9999.000,9999.000
202605290624,   0.496,   1.010,9999.000,9999.000,9999.000,9999.000,9999.000,9999.000,9999.000
202605290630,   0.424,   0.951,9999.000,9999.000,9999.000,9999.000,9999.000,9999.000,9999.000
202605290636,   0.358,   0.898,9999.000,9999.000,9999.000,9999.000,9999.000,9999.000,9999.000
202605290642,   0.299,   0.849,9999.000,9999.000,9999.000,9999.000,9999.000,9999.000,9999.000
202605290648,   0.248,   0.790,9999.000,9999.000,9999.000,9999.000,9999.000,9999.000,9999.000
202605290654,   0.204,   0.741,9999.000,9999.000,9999.000,9999.000,9999.000,9999.000,9999.000
202605290700,   0.170,   0.708,   0.200,   0.338,   0.708,   0.100,   0.608,   0.200,   0.708
202605290706,   0.144,   0.669,9999.000,9999.000,9999.000,9999.000,9999.000,9999.000,9999.000
202605290712,   0.128,   0.649,9999.000,9999.000,9999.000,9999.000,9999.000,9999.000,9999.000
202605290718,   0.122,   0.619,9999.000,9999.000,9999.000,9999.000,9999.000,9999.000,9999.000
202605290724,   0.125,   0.580,9999.000,9999.000,9999.000,9999.000,9999.000,9999.000,9999.000
202605290730,   0.139,   0.560,9999.000,9999.000,9999.000,9999.000,9999.000,9999.000,9999.000
202605290736,   0.162,   0.541,9999.000,9999.000,9999.000,9999.000,9999.000,9999.000,9999.000
202605290742,   0.195,   0.531,9999.000,9999.000,9999.000,9999.000,9999.000,9999.000,9999.000
202605290748,   0.239,   0.531,9999.000,9999.000,9999.000,9999.000,9999.000,9999.000,9999.000
202605290754,   0.291,   0.518,9999.000,9999.000,9999.000,9999.000,9999.000,9999.000,9999.000
202605290800,   0.352,   0.541,   0.200,  -0.011,   0.541,   0.100,   0.441,   0.200,   0.541
202605290806,   0.422,   0.590,9999.000,9999.000,9999.000,9999.000,9999.000,9999.000,9999.000
202605290812,   0.499,   0.639,9999.000,9999.000,9999.000,9999.000,9999.000,9999.000,9999.000
202605290818,   0.584,   0.708,9999.000,9999.000,9999.000,9999.000,9999.000,9999.000,9999.000
202605290824,   0.675,   0.810,9999.000,9999.000,9999.000,9999.000,9999.000,9999.000,9999.000
202605290830,   0.771,   0.928,9999.000,9999.000,9999.000,9999.000,9999.000,9999.000,9999.000
202605290836,   0.873,   1.069,9999.000,9999.000,9999.000,9999.000,9999.000,9999.000,9999.000
202605290842,   0.978,   1.200,9999.000,9999.000,9999.000,9999.000,9999.000,9999.000,9999.000
202605290848,   1.087,   1.338,9999.000,9999.000,9999.000,9999.000,9999.000,9999.000,9999.000
202605290854,   1.198,   1.479,9999.000,9999.000,9999.000,9999.000,9999.000,9999.000,9999.000
202605290900,   1.311,   1.600,   0.200,   0.089,   1.600,   0.200,   1.600,   0.200,   1.600
202605290906,   1.425,   1.728,9999.000,9999.000,9999.000,9999.000,9999.000,9999.000,9999.000
202605290912,   1.539,   1.869,9999.000,9999.000,9999.000,9999.000,9999.000,9999.000,9999.000
202605290918,   1.653,   2.020,9999.000,9999.000,9999.000,9999.000,9999.000,9999.000,9999.000
202605290924,   1.765,   2.168,9999.000,9999.000,9999.000,9999.000,9999.000,9999.000,9999.000
202605290930,   1.877,   2.309,9999.000,9999.000,9999.000,9999.000,9999.000,9999.000,9999.000
202605290936,   1.987,   2.450,9999.000,9999.000,9999.000,9999.000,9999.000,9999.000,9999.000
202605290942,   2.095,   2.578,9999.000,9999.000,9999.000,9999.000,9999.000,9999.000,9999.000
202605290948,   2.201,   2.699,9999.000,9999.000,9999.000,9999.000,9999.000,9999.000,9999.000
202605290954,   2.304,   2.807,9999.000,9999.000,9999.000,9999.000,9999.000,9999.000,9999.000
202605291000,   2.405,   2.909,   0.200,   0.304,   2.909,   0.200,   2.909,   0.200,   2.909
202605291006,   2.503,   3.007,9999.000,9999.000,9999.000,9999.000,9999.000,9999.000,9999.000
202605291012,   2.599,   3.109,9999.000,9999.000,9999.000,9999.000,9999.000,9999.000,9999.000
202605291018,   2.692,   3.197,9999.000,9999.000,9999.000,9999.000,9999.000,9999.000,9999.000
202605291024,   2.783,   3.289,9999.000,9999.000,9999.000,9999.000,9999.000,9999.000,9999.000
202605291030,   2.872,   3.368,9999.000,9999.000,9999.000,9999.000,9999.000,9999.000,9999.000
202605291036,   2.958,   3.460,9999.000,9999.000,9999.000,9999.000,9999.000,9999.000,9999.000
202605291042,   3.042,   3.539,9999.000,9999.000,9999.000,9999.000,9999.000,9999.000,9999.000
202605291048,   3.125,   3.627,9999.000,9999.000,9999.000,9999.000,9999.000,9999.000,9999.000
202605291054,   3.205,   3.709,9999.000,9999.000,9999.000,9999.000,9999.000,9999.000,9999.000
202605291100,   3.283,   3.778,   0.200,   0.295,   3.778,   0.200,   3.778,   0.300,   3.878
202605291106,   3.359,   3.847,9999.000,9999.000,9999.000,9999.000,9999.000,9999.000,9999.000
202605291112,   3.434,   3.909,9999.000,9999.000,9999.000,9999.000,9999.000,9999.000,9999.000
202605291118,   3.506,   3.968,9999.000,9999.000,9999.000,9999.000,9999.000,9999.000,9999.000
202605291124,   3.576,   4.017,9999.000,9999.000,9999.000,9999.000,9999.000,9999.000,9999.000
202605291130,   3.644,   4.057,9999.000,9999.000,9999.000,9999.000,9999.000,9999.000,9999.000
202605291136,   3.708,   4.099,9999.000,9999.000,9999.000,9999.000,9999.000,9999.000,9999.000
202605291142,   3.771,   4.139,9999.000,9999.000,9999.000,9999.000,9999.000,9999.000,9999.000
202605291148,   3.829,   4.178,9999.000,9999.000,9999.000,9999.000,9999.000,9999.000,9999.000
202605291154,   3.885,   4.208,9999.000,9999.000,9999.000,9999.000,9999.000,9999.000,9999.000
202605291200,   3.936,   4.247,   0.300,   0.011,   4.247,   0.300,   4.247,   0.400,   4.347
202605291206,   3.983,   4.290,9999.000,9999.000,9999.000,9999.000,9999.000,9999.000,9999.000
202605291212,   4.026,   4.319,9999.000,9999.000,9999.000,9999.000,9999.000,9999.000,9999.000
202605291218,   4.064,   4.349,9999.000,9999.000,9999.000,9999.000,9999.000,9999.000,9999.000
202605291224,   4.096,   4.388,9999.000,9999.000,9999.000,9999.000,9999.000,9999.000,9999.000
202605291230,   4.123,   4.427,9999.000,9999.000,9999.000,9999.000,9999.000,9999.000,9999.000
202605291236,   4.144,   4.447,9999.000,9999.000,9999.000,9999.000,9999.000,9999.000,9999.000
202605291242,   4.159,   4.418,9999.000,9999.000,9999.000,9999.000,9999.000,9999.000,9999.000
202605291248,   4.168,   4.368,9999.000,9999.000,9999.000,9999.000,9999.000,9999.000,9999.000
202605291254,   4.170,   4.437,9999.000,9999.000,9999.000,9999.000,9999.000,9999.000,9999.000
202605291300,   4.165,   4.457,   0.400,  -0.108,   4.457,   0.300,   4.357,   0.400,   4.457
202605291306,   4.154,   4.467,9999.000,9999.000,9999.000,9999.000,9999.000,9999.000,9999.000
202605291312,   4.137,   4.490,9999.000,9999.000,9999.000,9999.000,9999.000,9999.000,9999.000
202605291318,   4.112,   4.467,9999.000,9999.000,9999.000,9999.000,9999.000,9999.000,9999.000
202605291324,   4.081,   4.329,9999.000,9999.000,9999.000,9999.000,9999.000,9999.000,9999.000
202605291330,   4.044,   4.398,9999.000,9999.000,9999.000,9999.000,9999.000,9999.000,9999.000
202605291336,   4.001,   4.378,9999.000,9999.000,9999.000,9999.000,9999.000,9999.000,9999.000
202605291342,   3.952,   4.368,9999.000,9999.000,9999.000,9999.000,9999.000,9999.000,9999.000
202605291348,   3.897,   4.339,9999.000,9999.000,9999.000,9999.000,9999.000,9999.000,9999.000
202605291354,   3.837,   4.290,9999.000,9999.000,9999.000,9999.000,9999.000,9999.000,9999.000
202605291400,   3.772,   4.237,   0.400,   0.065,   4.237,   0.300,   4.137,   0.400,   4.237
202605291406,   3.702,   4.198,9999.000,9999.000,9999.000,9999.000,9999.000,9999.000,9999.000
202605291412,   3.628,   4.168,9999.000,9999.000,9999.000,9999.000,9999.000,9999.000,9999.000
202605291418,   3.551,   4.139,9999.000,9999.000,9999.000,9999.000,9999.000,9999.000,9999.000
202605291424,   3.470,   4.047,9999.000,9999.000,9999.000,9999.000,9999.000,9999.000,9999.000
202605291430,   3.386,   3.958,9999.000,9999.000,9999.000,9999.000,9999.000,9999.000,9999.000
202605291436,   3.300,   3.899,9999.000,9999.000,9999.000,9999.000,9999.000,9999.000,9999.000
202605291442,   3.211,   3.808,9999.000,9999.000,9999.000,9999.000,9999.000,9999.000,9999.000
202605291448,   3.121,   3.739,9999.000,9999.000,9999.000,9999.000,9999.000,9999.000,9999.000
202605291454,   3.030,   3.670,9999.000,9999.000,9999.000,9999.000,9999.000,9999.000,9999.000
202605291500,   2.937,   3.548,   0.400,   0.211,   3.548,   0.300,   3.448,   0.400,   3.548
202605291506,   2.844,   3.460,9999.000,9999.000,9999.000,9999.000,9999.000,9999.000,9999.000
202605291512,   2.751,   3.378,9999.000,9999.000,9999.000,9999.000,9999.000,9999.000,9999.000
202605291518,   2.658,   3.279,9999.000,9999.000,9999.000,9999.000,9999.000,9999.000,9999.000
202605291524,   2.564,   3.197,9999.000,9999.000,9999.000,9999.000,9999.000,9999.000,9999.000
202605291530,   2.472,   3.099,9999.000,9999.000,9999.000,9999.000,9999.000,9999.000,9999.000
202605291536,   2.380,   3.017,9999.000,9999.000,9999.000,9999.000,9999.000,9999.000,9999.000
202605291542,   2.289,   2.909,9999.000,9999.000,9999.000,9999.000,9999.000,9999.000,9999.000
202605291548,   2.199,   2.797,9999.000,9999.000,9999.000,9999.000,9999.000,9999.000,9999.000
202605291554,   2.110,   2.719,9999.000,9999.000,9999.000,9999.000,9999.000,9999.000,9999.000
202605291600,   2.023,   2.610,   0.400,   0.187,   2.610,   0.400,   2.610,   0.400,   2.610
202605291606,   1.937,   2.519,9999.000,9999.000,9999.000,9999.000,9999.000,9999.000,9999.000
202605291612,   1.852,   2.430,9999.000,9999.000,9999.000,9999.000,9999.000,9999.000,9999.000
202605291618,   1.769,   2.358,9999.000,9999.000,9999.000,9999.000,9999.000,9999.000,9999.000
202605291624,   1.687,   2.279,9999.000,9999.000,9999.000,9999.000,9999.000,9999.000,9999.000
202605291630,   1.606,   2.210,9999.000,9999.000,9999.000,9999.000,9999.000,9999.000,9999.000
202605291636,   1.527,   2.138,9999.000,9999.000,9999.000,9999.000,9999.000,9999.000,9999.000
202605291642,   1.448,   2.069,9999.000,9999.000,9999.000,9999.000,9999.000,9999.000,9999.000
202605291648,   1.372,   1.990,9999.000,9999.000,9999.000,9999.000,9999.000,9999.000,9999.000
202605291654,   1.296,   1.899,9999.000,9999.000,9999.000,9999.000,9999.000,9999.000,9999.000
202605291700,   1.221,   1.830,   0.400,   0.209,   1.830,   0.400,   1.830,   0.400,   1.830
202605291706,   1.147,   1.748,9999.000,9999.000,9999.000,9999.000,9999.000,9999.000,9999.000
202605291712,   1.074,   1.679,9999.000,9999.000,9999.000,9999.000,9999.000,9999.000,9999.000
202605291718,   1.001,   1.590,9999.000,9999.000,9999.000,9999.000,9999.000,9999.000,9999.000
202605291724,   0.930,   1.528,9999.000,9999.000,9999.000,9999.000,9999.000,9999.000,9999.000
202605291730,   0.859,   1.459,9999.000,9999.000,9999.000,9999.000,9999.000,9999.000,9999.000
202605291736,   0.789,   1.390,9999.000,9999.000,9999.000,9999.000,9999.000,9999.000,9999.000
202605291742,   0.721,   1.318,9999.000,9999.000,9999.000,9999.000,9999.000,9999.000,9999.000
202605291748,   0.653,   1.249,9999.000,9999.000,9999.000,9999.000,9999.000,9999.000,9999.000
202605291754,   0.587,   1.200,9999.000,9999.000,9999.000,9999.000,9999.000,9999.000,9999.000
202605291800,   0.522,   1.138,   0.600,   0.016,   1.138,   0.600,   1.138,   0.600,   1.138
202605291806,   0.459,   1.069,9999.000,9999.000,9999.000,9999.000,9999.000,9999.000,9999.000
202605291812,   0.398,   1.000,9999.000,9999.000,9999.000,9999.000,9999.000,9999.000,9999.000
202605291818,   0.340,   0.951,9999.000,9999.000,9999.000,9999.000,9999.000,9999.000,9999.000
202605291824,   0.285,   0.898,9999.000,9999.000,9999.000,9999.000,9999.000,9999.000,9999.000
202605291830,   0.234,   0.849,9999.000,9999.000,9999.000,9999.000,9999.000,9999.000,9999.000
202605291836,   0.186,   0.780,9999.000,9999.000,9999.000,9999.000,9999.000,9999.000,9999.000
202605291842,   0.143,   0.741,9999.000,9999.000,9999.000,9999.000,9999.000,9999.000,9999.000
202605291848,   0.106,   0.698,9999.000,9999.000,9999.000,9999.000,9999.000,9999.000,9999.000
202605291854,   0.074,   0.659,9999.000,9999.000,9999.000,9999.000,9999.000,9999.000,9999.000
202605291900,   0.048,   0.619,   0.600,  -0.029,   0.619,   0.600,   0.619,   0.700,   0.719
202605291906,   0.030,   0.600,9999.000,9999.000,9999.000,9999.000,9999.000,9999.000,9999.000
202605291912,   0.019,   0.570,9999.000,9999.000,9999.000,9999.000,9999.000,9999.000,9999.000
202605291918,   0.016,   0.551,9999.000,9999.000,9999.000,9999.000,9999.000,9999.000,9999.000
202605291924,   0.021,   0.551,9999.000,9999.000,9999.000,9999.000,9999.000,9999.000,9999.000
202605291930,   0.035,   0.551,9999.000,9999.000,9999.000,9999.000,9999.000,9999.000,9999.000
202605291936,   0.058,   0.551,9999.000,9999.000,9999.000,9999.000,9999.000,9999.000,9999.000
202605291942,   0.091,   0.560,9999.000,9999.000,9999.000,9999.000,9999.000,9999.000,9999.000
202605291948,   0.133,   0.580,9999.000,9999.000,9999.000,9999.000,9999.000,9999.000,9999.000
202605291954,   0.184,   0.619,9999.000,9999.000,9999.000,9999.000,9999.000,9999.000,9999.000
202605292000,   0.245,   0.669,   0.600,  -0.176,   0.669,   0.600,   0.669,   0.700,   0.769
202605292006,   0.315,   0.718,9999.000,9999.000,9999.000,9999.000,9999.000,9999.000,9999.000
202605292012,   0.393,   0.790,9999.000,9999.000,9999.000,9999.000,9999.000,9999.000,9999.000
202605292018,   0.481,   0.859,9999.000,9999.000,9999.000,9999.000,9999.000,9999.000,9999.000
202605292024,   0.576,   0.951,9999.000,9999.000,9999.000,9999.000,9999.000,9999.000,9999.000
202605292030,   0.679,   1.049,9999.000,9999.000,9999.000,9999.000,9999.000,9999.000,9999.000
202605292036,   0.789,   1.151,9999.000,9999.000,9999.000,9999.000,9999.000,9999.000,9999.000
202605292042,   0.905,   1.249,9999.000,9999.000,9999.000,9999.000,9999.000,9999.000,9999.000
202605292048,   1.027,   1.361,9999.000,9999.000,9999.000,9999.000,9999.000,9999.000,9999.000
202605292054,   1.153,   1.489,9999.000,9999.000,9999.000,9999.000,9999.000,9999.000,9999.000
202605292100,   1.283,   1.630,   0.700,  -0.353,   1.630,   0.600,   1.530,   0.700,   1.630
202605292106,   1.416,   1.781,9999.000,9999.000,9999.000,9999.000,9999.000,9999.000,9999.000
202605292112,   1.552,   1.928,9999.000,9999.000,9999.000,9999.000,9999.000,9999.000,9999.000
202605292118,   1.689,   2.099,9999.000,9999.000,9999.000,9999.000,9999.000,9999.000,9999.000
202605292124,   1.826,   2.250,9999.000,9999.000,9999.000,9999.000,9999.000,9999.000,9999.000
202605292130,   1.964,   2.400,9999.000,9999.000,9999.000,9999.000,9999.000,9999.000,9999.000
202605292136,   2.100,   2.558,9999.000,9999.000,9999.000,9999.000,9999.000,9999.000,9999.000
202605292142,   2.236,   2.699,9999.000,9999.000,9999.000,9999.000,9999.000,9999.000,9999.000
202605292148,   2.370,   2.850,9999.000,9999.000,9999.000,9999.000,9999.000,9999.000,9999.000
202605292154,   2.501,   3.007,9999.000,9999.000,9999.000,9999.000,9999.000,9999.000,9999.000
202605292200,   2.630,   3.129,   0.700,  -0.201,   3.129,   0.600,   3.029,   0.700,   3.129
202605292206,   2.756,   3.270,9999.000,9999.000,9999.000,9999.000,9999.000,9999.000,9999.000
202605292212,   2.878,   3.378,9999.000,9999.000,9999.000,9999.000,9999.000,9999.000,9999.000
202605292218,   2.998,   3.489,9999.000,9999.000,9999.000,9999.000,9999.000,9999.000,9999.000
202605292224,   3.114,   3.617,9999.000,9999.000,9999.000,9999.000,9999.000,9999.000,9999.000
202605292230,   3.226,   3.729,9999.000,9999.000,9999.000,9999.000,9999.000,9999.000,9999.000
202605292236,   3.336,   3.847,9999.000,9999.000,9999.000,9999.000,9999.000,9999.000,9999.000
202605292242,   3.442,   3.958,9999.000,9999.000,9999.000,9999.000,9999.000,9999.000,9999.000
202605292248,   3.545,   4.057,9999.000,9999.000,9999.000,9999.000,9999.000,9999.000,9999.000
202605292254,   3.645,   4.139,9999.000,9999.000,9999.000,9999.000,9999.000,9999.000,9999.000
202605292300,   3.742,   4.227,   0.700,  -0.215,   4.227,   0.600,   4.127,   0.700,   4.227
202605292306,   3.837,   4.309,9999.000,9999.000,9999.000,9999.000,9999.000,9999.000,9999.000
202605292312,   3.929,   4.368,9999.000,9999.000,9999.000,9999.000,9999.000,9999.000,9999.000
202605292318,   4.019,   4.457,9999.000,9999.000,9999.000,9999.000,9999.000,9999.000,9999.000
202605292324,   4.106,   4.509,9999.000,9999.000,9999.000,9999.000,9999.000,9999.000,9999.000
202605292330,   4.192,   4.588,9999.000,9999.000,9999.000,9999.000,9999.000,9999.000,9999.000
202605292336,   4.275,   4.628,9999.000,9999.000,9999.000,9999.000,9999.000,9999.000,9999.000
202605292342,   4.355,   4.719,9999.000,9999.000,9999.000,9999.000,9999.000,9999.000,9999.000
202605292348,   4.433,   4.749,9999.000,9999.000,9999.000,9999.000,9999.000,9999.000,9999.000
202605292354,   4.509,   4.818,9999.000,9999.000,9999.000,9999.000,9999.000,9999.000,9999.000
202605300000,   4.582,   4.877,   0.700,  -0.405,   4.877,   0.700,   4.877,   0.800,   4.977
202605300006,   4.652,   4.919,9999.000,9999.000,9999.000,9999.000,9999.000,9999.000,9999.000
202605300012,   4.719,   4.969,9999.000,9999.000,9999.000,9999.000,9999.000,9999.000,9999.000
202605300018,   4.782,   5.008,9999.000,9999.000,9999.000,9999.000,9999.000,9999.000,9999.000
202605300024,   4.842,   5.057,9999.000,9999.000,9999.000,9999.000,9999.000,9999.000,9999.000
202605300030,   4.897,   5.120,9999.000,9999.000,9999.000,9999.000,9999.000,9999.000,9999.000
202605300036,   4.949,   5.139,9999.000,9999.000,9999.000,9999.000,9999.000,9999.000,9999.000
202605300042,   4.995,   5.188,9999.000,9999.000,9999.000,9999.000,9999.000,9999.000,9999.000
202605300048,   5.036,   5.218,9999.000,9999.000,9999.000,9999.000,9999.000,9999.000,9999.000
202605300054,   5.072,   5.257,9999.000,9999.000,9999.000,9999.000,9999.000,9999.000,9999.000
202605300100,   5.102,   5.277,   0.700,  -0.525,   5.277,   0.700,   5.277,   0.800,   5.377
202605300106,   5.126,   5.320,9999.000,9999.000,9999.000,9999.000,9999.000,9999.000,9999.000
202605300112,   5.143,   5.329,9999.000,9999.000,9999.000,9999.000,9999.000,9999.000,9999.000
202605300118,   5.155,   5.359,9999.000,9999.000,9999.000,9999.000,9999.000,9999.000,9999.000
202605300124,   5.160,   5.369,9999.000,9999.000,9999.000,9999.000,9999.000,9999.000,9999.000
202605300130,   5.158,   5.379,9999.000,9999.000,9999.000,9999.000,9999.000,9999.000,9999.000
202605300136,   5.150,   5.389,9999.000,9999.000,9999.000,9999.000,9999.000,9999.000,9999.000
202605300142,   5.135,   5.389,9999.000,9999.000,9999.000,9999.000,9999.000,9999.000,9999.000
202605300148,   5.114,   5.398,9999.000,9999.000,9999.000,9999.000,9999.000,9999.000,9999.000
202605300154,   5.086,   5.379,9999.000,9999.000,9999.000,9999.000,9999.000,9999.000,9999.000
202605300200,   5.052,   5.359,   0.800,  -0.493,   5.359,   0.700,   5.259,   0.800,   5.359
202605300206,   5.012,   5.339,9999.000,9999.000,9999.000,9999.000,9999.000,9999.000,9999.000
202605300212,   4.966,   5.320,9999.000,9999.000,9999.000,9999.000,9999.000,9999.000,9999.000
202605300218,   4.915,   5.277,9999.000,9999.000,9999.000,9999.000,9999.000,9999.000,9999.000
202605300224,   4.858,   5.228,9999.000,9999.000,9999.000,9999.000,9999.000,9999.000,9999.000
202605300230,   4.796,   5.169,9999.000,9999.000,9999.000,9999.000,9999.000,9999.000,9999.000
202605300236,   4.730,   5.097,9999.000,9999.000,9999.000,9999.000,9999.000,9999.000,9999.000
202605300242,   4.660,   5.038,9999.000,9999.000,9999.000,9999.000,9999.000,9999.000,9999.000
202605300248,   4.585,   4.959,9999.000,9999.000,9999.000,9999.000,9999.000,9999.000,9999.000
202605300254,   4.508,   4.887,9999.000,9999.000,9999.000,9999.000,9999.000,9999.000,9999.000
202605300300,   4.426,   4.808,   0.800,  -0.418,   4.808,   0.700,   4.708,   0.800,   4.808
202605300306,   4.343,   4.729,9999.000,9999.000,9999.000,9999.000,9999.000,9999.000,9999.000
202605300312,   4.256,   4.647,9999.000,9999.000,9999.000,9999.000,9999.000,9999.000,9999.000
202605300318,   4.167,   4.559,9999.000,9999.000,9999.000,9999.000,9999.000,9999.000,9999.000
202605300324,   4.077,   4.467,9999.000,9999.000,9999.000,9999.000,9999.000,9999.000,9999.000
202605300330,   3.985,   4.368,9999.000,9999.000,9999.000,9999.000,9999.000,9999.000,9999.000
202605300336,   3.891,   4.267,9999.000,9999.000,9999.000,9999.000,9999.000,9999.000,9999.000
202605300342,   3.797,   4.168,9999.000,9999.000,9999.000,9999.000,9999.000,9999.000,9999.000
202605300348,   3.701,   4.057,9999.000,9999.000,9999.000,9999.000,9999.000,9999.000,9999.000
202605300354,   3.605,   3.988,9999.000,9999.000,9999.000,9999.000,9999.000,9999.000,9999.000
202605300400,   3.508,   3.880,   0.800,  -0.428,   3.880,   0.700,   3.780,   0.800,   3.880
202605300406,   3.411,   3.768,9999.000,9999.000,9999.000,9999.000,9999.000,9999.000,9999.000
202605300412,   3.314,   3.650,9999.000,9999.000,9999.000,9999.000,9999.000,9999.000,9999.000
202605300418,   3.217,   3.568,9999.000,9999.000,9999.000,9999.000,9999.000,9999.000,9999.000
202605300424,   3.119,   3.440,9999.000,9999.000,9999.000,9999.000,9999.000,9999.000,9999.000
202605300430,   3.022,   3.358,9999.000,9999.000,9999.000,9999.000,9999.000,9999.000,9999.000
202605300436,   2.924,   3.230,9999.000,9999.000,9999.000,9999.000,9999.000,9999.000,9999.000
202605300442,   2.827,   3.158,9999.000,9999.000,9999.000,9999.000,9999.000,9999.000,9999.000
202605300448,   2.730,   3.060,9999.000,9999.000,9999.000,9999.000,9999.000,9999.000,9999.000
202605300454,   2.632,   2.938,9999.000,9999.000,9999.000,9999.000,9999.000,9999.000,9999.000
202605300500,   2.535,   2.879,   0.800,  -0.456,   2.879,   0.800,   2.879,   0.800,   2.879
202605300506,   2.437,   2.768,9999.000,9999.000,9999.000,9999.000,9999.000,9999.000,9999.000
202605300512,   2.339,   2.689,9999.000,9999.000,9999.000,9999.000,9999.000,9999.000,9999.000
202605300518,   2.242,   2.587,9999.000,9999.000,9999.000,9999.000,9999.000,9999.000,9999.000
202605300524,   2.143,   2.519,9999.000,9999.000,9999.000,9999.000,9999.000,9999.000,9999.000
202605300530,   2.045,   2.430,9999.000,9999.000,9999.000,9999.000,9999.000,9999.000,9999.000
202605300536,   1.946,   2.368,9999.000,9999.000,9999.000,9999.000,9999.000,9999.000,9999.000
202605300542,   1.847,   2.269,9999.000,9999.000,9999.000,9999.000,9999.000,9999.000,9999.000
202605300548,   1.748,   2.200,9999.000,9999.000,9999.000,9999.000,9999.000,9999.000,9999.000
202605300554,   1.648,   2.118,9999.000,9999.000,9999.000,9999.000,9999.000,9999.000,9999.000
202605300600,   1.549,   2.030,   0.700,  -0.219,   2.030,   0.600,   1.930,   0.700,   2.030
202605300606,   1.449,   1.948,9999.000,9999.000,9999.000,9999.000,9999.000,9999.000,9999.000
202605300612,   1.350,   1.879,9999.000,9999.000,9999.000,9999.000,9999.000,9999.000,9999.000
202605300618,   1.251,   1.810,9999.000,9999.000,9999.000,9999.000,9999.000,9999.000,9999.000
202605300624,   1.154,   1.738,9999.000,9999.000,9999.000,9999.000,9999.000,9999.000,9999.000
202605300630,   1.057,   1.659,9999.000,9999.000,9999.000,9999.000,9999.000,9999.000,9999.000
202605300636,   0.962,   1.590,9999.000,9999.000,9999.000,9999.000,9999.000,9999.000,9999.000
202605300642,   0.869,   1.528,9999.000,9999.000,9999.000,9999.000,9999.000,9999.000,9999.000
202605300648,   0.778,   1.469,9999.000,9999.000,9999.000,9999.000,9999.000,9999.000,9999.000
202605300654,   0.691,   1.400,9999.000,9999.000,9999.000,9999.000,9999.000,9999.000,9999.000
202605300700,   0.607,   1.328,   0.700,   0.021,   1.328,   0.700,   1.328,   0.700,   1.328
202605300706,   0.527,   1.269,9999.000,9999.000,9999.000,9999.000,9999.000,9999.000,9999.000
202605300712,   0.453,   1.210,9999.000,9999.000,9999.000,9999.000,9999.000,9999.000,9999.000
202605300718,   0.384,   1.151,9999.000,9999.000,9999.000,9999.000,9999.000,9999.000,9999.000
202605300724,   0.322,   1.088,9999.000,9999.000,9999.000,9999.000,9999.000,9999.000,9999.000
202605300730,   0.266,   1.039,9999.000,9999.000,9999.000,9999.000,9999.000,9999.000,9999.000
202605300736,   0.218,   0.990,9999.000,9999.000,9999.000,9999.000,9999.000,9999.000,9999.000
202605300742,   0.178,   0.941,9999.000,9999.000,9999.000,9999.000,9999.000,9999.000,9999.000
202605300748,   0.146,   0.898,9999.000,9999.000,9999.000,9999.000,9999.000,9999.000,9999.000
202605300754,   0.124,   0.869,9999.000,9999.000,9999.000,9999.000,9999.000,9999.000,9999.000
202605300800,   0.110,   0.839,   0.700,   0.029,   0.839,   0.700,   0.839,   0.700,   0.839
202605300806,   0.107,   0.810,9999.000,9999.000,9999.000,9999.000,9999.000,9999.000,9999.000
202605300812,   0.113,   0.790,9999.000,9999.000,9999.000,9999.000,9999.000,9999.000,9999.000
202605300818,   0.129,   0.790,9999.000,9999.000,9999.000,9999.000,9999.000,9999.000,9999.000
202605300824,   0.155,   0.790,9999.000,9999.000,9999.000,9999.000,9999.000,9999.000,9999.000
202605300830,   0.191,   0.800,9999.000,9999.000,9999.000,9999.000,9999.000,9999.000,9999.000
202605300836,   0.237,   0.829,9999.000,9999.000,9999.000,9999.000,9999.000,9999.000,9999.000
202605300842,   0.292,   0.879,9999.000,9999.000,9999.000,9999.000,9999.000,9999.000,9999.000
202605300848,   0.355,   0.961,9999.000,9999.000,9999.000,9999.000,9999.000,9999.000,9999.000
202605300854,   0.427,   1.079,9999.000,9999.000,9999.000,9999.000,9999.000,9999.000,9999.000
202605300900,   0.507,   1.029,   0.700,  -0.178,   1.029,   0.700,   1.029,   0.700,   1.029
202605300906,   0.594,   1.039,9999.000,9999.000,9999.000,9999.000,9999.000,9999.000,9999.000
202605300912,   0.687,   1.180,9999.000,9999.000,9999.000,9999.000,9999.000,9999.000,9999.000
202605300918,   0.786,   1.259,9999.000,9999.000,9999.000,9999.000,9999.000,9999.000,9999.000
202605300924,   0.890,   1.400,9999.000,9999.000,9999.000,9999.000,9999.000,9999.000,9999.000
202605300930,   0.997,   1.518,9999.000,9999.000,9999.000,9999.000,9999.000,9999.000,9999.000
202605300936,   1.108,   1.639,9999.000,9999.000,9999.000,9999.000,9999.000,9999.000,9999.000
202605300942,   1.221,   1.699,9999.000,9999.000,9999.000,9999.000,9999.000,9999.000,9999.000
202605300948,   1.336,   1.810,9999.000,9999.000,9999.000,9999.000,9999.000,9999.000,9999.000
202605300954,   1.452,   1.981,9999.000,9999.000,9999.000,9999.000,9999.000,9999.000,9999.000
202605301000,   1.568,   2.118,   0.700,  -0.150,   2.118,   0.700,   2.118,   0.700,   2.118
202605301006,   1.683,   2.158,9999.000,9999.000,9999.000,9999.000,9999.000,9999.000,9999.000
202605301012,   1.798,   2.338,9999.000,9999.000,9999.000,9999.000,9999.000,9999.000,9999.000
202605301018,   1.910,   2.469,9999.000,9999.000,9999.000,9999.000,9999.000,9999.000,9999.000
202605301024,   2.021,   2.558,9999.000,9999.000,9999.000,9999.000,9999.000,9999.000,9999.000
202605301030,   2.130,   2.709,9999.000,9999.000,9999.000,9999.000,9999.000,9999.000,9999.000
202605301036,   2.236,   2.830,9999.000,9999.000,9999.000,9999.000,9999.000,9999.000,9999.000
202605301042,   2.340,   2.948,9999.000,9999.000,9999.000,9999.000,9999.000,9999.000,9999.000
202605301048,   2.441,   3.040,9999.000,9999.000,9999.000,9999.000,9999.000,9999.000,9999.000
202605301054,   2.538,   3.168,9999.000,9999.000,9999.000,9999.000,9999.000,9999.000,9999.000
202605301100,   2.633,   3.270,   0.700,  -0.063,   3.270,   0.700,   3.270,   0.700,   3.270
202605301106,   2.725,   3.378,9999.000,9999.000,9999.000,9999.000,9999.000,9999.000,9999.000
202605301112,   2.815,   3.460,9999.000,9999.000,9999.000,9999.000,9999.000,9999.000,9999.000
202605301118,   2.902,   3.548,9999.000,9999.000,9999.000,9999.000,9999.000,9999.000,9999.000
202605301124,   2.986,   3.627,9999.000,9999.000,9999.000,9999.000,9999.000,9999.000,9999.000
202605301130,   3.067,   3.699,9999.000,9999.000,9999.000,9999.000,9999.000,9999.000,9999.000
202605301136,   3.147,   3.778,9999.000,9999.000,9999.000,9999.000,9999.000,9999.000,9999.000
202605301142,   3.224,   3.847,9999.000,9999.000,9999.000,9999.000,9999.000,9999.000,9999.000
202605301148,   3.299,   3.909,9999.000,9999.000,9999.000,9999.000,9999.000,9999.000,9999.000
202605301154,   3.371,   3.968,9999.000,9999.000,9999.000,9999.000,9999.000,9999.000,9999.000
202605301200,   3.442,   4.017,   0.600,  -0.025,   4.017,   0.600,   4.017,   0.600,   4.017
202605301206,   3.510,   4.070,9999.000,9999.000,9999.000,9999.000,9999.000,9999.000,9999.000
202605301212,   3.575,   4.119,9999.000,9999.000,9999.000,9999.000,9999.000,9999.000,9999.000
202605301218,   3.639,   4.168,9999.000,9999.000,9999.000,9999.000,9999.000,9999.000,9999.000
202605301224,   3.699,   4.208,9999.000,9999.000,9999.000,9999.000,9999.000,9999.000,9999.000
202605301230,   3.756,   4.247,9999.000,9999.000,9999.000,9999.000,9999.000,9999.000,9999.000
202605301236,   3.810,   4.290,9999.000,9999.000,9999.000,9999.000,9999.000,9999.000,9999.000
202605301242,   3.861,   4.319,9999.000,9999.000,9999.000,9999.000,9999.000,9999.000,9999.000
202605301248,   3.907,   4.349,9999.000,9999.000,9999.000,9999.000,9999.000,9999.000,9999.000
202605301254,   3.950,   4.378,9999.000,9999.000,9999.000,9999.000,9999.000,9999.000,9999.000
202605301300,   3.988,   4.398,   0.600,  -0.190,   4.398,   0.600,   4.398,   0.600,   4.398
202605301306,   4.021,   4.418,9999.000,9999.000,9999.000,9999.000,9999.000,9999.000,9999.000
202605301312,   4.049,   4.427,9999.000,9999.000,9999.000,9999.000,9999.000,9999.000,9999.000
202605301318,   4.071,   4.447,9999.000,9999.000,9999.000,9999.000,9999.000,9999.000,9999.000
202605301324,   4.088,   4.467,9999.000,9999.000,9999.000,9999.000,9999.000,9999.000,9999.000
202605301330,   4.099,   4.490,9999.000,9999.000,9999.000,9999.000,9999.000,9999.000,9999.000
202605301336,   4.103,   4.490,9999.000,9999.000,9999.000,9999.000,9999.000,9999.000,9999.000
202605301342,   4.101,   4.500,9999.000,9999.000,9999.000,9999.000,9999.000,9999.000,9999.000
202605301348,   4.093,   4.500,9999.000,9999.000,9999.000,9999.000,9999.000,9999.000,9999.000
202605301354,   4.078,   4.490,9999.000,9999.000,9999.000,9999.000,9999.000,9999.000,9999.000
202605301400,   4.057,   4.490,   0.600,  -0.167,   4.490,   0.600,   4.490,   0.600,   4.490
202605301406,   4.029,   4.457,9999.000,9999.000,9999.000,9999.000,9999.000,9999.000,9999.000
202605301412,   3.995,   4.447,9999.000,9999.000,9999.000,9999.000,9999.000,9999.000,9999.000
202605301418,   3.955,   4.418,9999.000,9999.000,9999.000,9999.000,9999.000,9999.000,9999.000
202605301424,   3.908,   4.398,9999.000,9999.000,9999.000,9999.000,9999.000,9999.000,9999.000
202605301430,   3.857,   4.359,9999.000,9999.000,9999.000,9999.000,9999.000,9999.000,9999.000
202605301436,   3.799,   4.309,9999.000,9999.000,9999.000,9999.000,9999.000,9999.000,9999.000
202605301442,   3.737,   4.257,9999.000,9999.000,9999.000,9999.000,9999.000,9999.000,9999.000
202605301448,   3.669,   4.198,9999.000,9999.000,9999.000,9999.000,9999.000,9999.000,9999.000
202605301454,   3.598,   4.129,9999.000,9999.000,9999.000,9999.000,9999.000,9999.000,9999.000
202605301500,   3.522,   4.080,   0.600,  -0.042,   4.080,   0.600,   4.080,   0.600,   4.080
202605301506,   3.443,   3.988,9999.000,9999.000,9999.000,9999.000,9999.000,9999.000,9999.000
202605301512,   3.360,   3.909,9999.000,9999.000,9999.000,9999.000,9999.000,9999.000,9999.000
202605301518,   3.275,   3.817,9999.000,9999.000,9999.000,9999.000,9999.000,9999.000,9999.000
202605301524,   3.188,   3.739,9999.000,9999.000,9999.000,9999.000,9999.000,9999.000,9999.000
202605301530,   3.098,   3.650,9999.000,9999.000,9999.000,9999.000,9999.000,9999.000,9999.000
202605301536,   3.007,   3.548,9999.000,9999.000,9999.000,9999.000,9999.000,9999.000,9999.000
202605301542,   2.914,   3.460,9999.000,9999.000,9999.000,9999.000,9999.000,9999.000,9999.000
202605301548,   2.821,   3.368,9999.000,9999.000,9999.000,9999.000,9999.000,9999.000,9999.000
202605301554,   2.727,   3.260,9999.000,9999.000,9999.000,9999.000,9999.000,9999.000,9999.000
202605301600,   2.633,   3.168,   0.600,  -0.065,   3.168,   0.600,   3.168,   0.600,   3.168
202605301606,   2.540,   3.060,9999.000,9999.000,9999.000,9999.000,9999.000,9999.000,9999.000
202605301612,   2.446,   2.958,9999.000,9999.000,9999.000,9999.000,9999.000,9999.000,9999.000
202605301618,   2.354,   2.860,9999.000,9999.000,9999.000,9999.000,9999.000,9999.000,9999.000
202605301624,   2.262,   2.758,9999.000,9999.000,9999.000,9999.000,9999.000,9999.000,9999.000
202605301630,   2.171,   2.669,9999.000,9999.000,9999.000,9999.000,9999.000,9999.000,9999.000
202605301636,   2.081,   2.568,9999.000,9999.000,9999.000,9999.000,9999.000,9999.000,9999.000
202605301642,   1.993,   2.489,9999.000,9999.000,9999.000,9999.000,9999.000,9999.000,9999.000
202605301648,   1.907,   2.400,9999.000,9999.000,9999.000,9999.000,9999.000,9999.000,9999.000
202605301654,   1.821,   2.318,9999.000,9999.000,9999.000,9999.000,9999.000,9999.000,9999.000
202605301700,   1.738,   2.250,   0.600,  -0.088,   2.250,   0.600,   2.250,   0.600,   2.250
202605301706,   1.656,   2.168,9999.000,9999.000,9999.000,9999.000,9999.000,9999.000,9999.000
202605301712,   1.576,   2.109,9999.000,9999.000,9999.000,9999.000,9999.000,9999.000,9999.000
202605301718,   1.498,   2.030,9999.000,9999.000,9999.000,9999.000,9999.000,9999.000,9999.000
202605301724,   1.421,   1.948,9999.000,9999.000,9999.000,9999.000,9999.000,9999.000,9999.000
202605301730,   1.346,   1.859,9999.000,9999.000,9999.000,9999.000,9999.000,9999.000,9999.000
202605301736,   1.272,   1.767,9999.000,9999.000,9999.000,9999.000,9999.000,9999.000,9999.000
202605301742,   1.200,   1.689,9999.000,9999.000,9999.000,9999.000,9999.000,9999.000,9999.000
202605301748,   1.129,   1.610,9999.000,9999.000,9999.000,9999.000,9999.000,9999.000,9999.000
202605301754,   1.060,   1.528,9999.000,9999.000,9999.000,9999.000,9999.000,9999.000,9999.000
202605301800,   0.992,   1.469,   0.500,  -0.023,   1.469,   0.500,   1.469,   0.600,   1.569
202605301806,   0.925,   1.400,9999.000,9999.000,9999.000,9999.000,9999.000,9999.000,9999.000
202605301812,   0.860,   1.298,9999.000,9999.000,9999.000,9999.000,9999.000,9999.000,9999.000
202605301818,   0.796,   1.259,9999.000,9999.000,9999.000,9999.000,9999.000,9999.000,9999.000
202605301824,   0.733,   1.210,9999.000,9999.000,9999.000,9999.000,9999.000,9999.000,9999.000
202605301830,   0.672,   1.118,9999.000,9999.000,9999.000,9999.000,9999.000,9999.000,9999.000
202605301836,   0.612,   1.069,9999.000,9999.000,9999.000,9999.000,9999.000,9999.000,9999.000
202605301842,   0.554,   1.000,9999.000,9999.000,9999.000,9999.000,9999.000,9999.000,9999.000
202605301848,   0.498,   0.951,9999.000,9999.000,9999.000,9999.000,9999.000,9999.000,9999.000
202605301854,   0.444,   0.869,9999.000,9999.000,9999.000,9999.000,9999.000,9999.000,9999.000
202605301900,   0.392,   0.829,   0.500,  -0.063,   0.829,   0.500,   0.829,   0.600,   0.929
202605301906,   0.344,   0.770,9999.000,9999.000,9999.000,9999.000,9999.000,9999.000,9999.000
202605301912,   0.299,   0.741,9999.000,9999.000,9999.000,9999.000,9999.000,9999.000,9999.000
202605301918,   0.257,   0.688,9999.000,9999.000,9999.000,9999.000,9999.000,9999.000,9999.000
202605301924,   0.220,   0.659,9999.000,9999.000,9999.000,9999.000,9999.000,9999.000,9999.000
202605301930,   0.187,   0.629,9999.000,9999.000,9999.000,9999.000,9999.000,9999.000,9999.000
202605301936,   0.160,   0.600,9999.000,9999.000,9999.000,9999.000,9999.000,9999.000,9999.000
202605301942,   0.138,   0.560,9999.000,9999.000,9999.000,9999.000,9999.000,9999.000,9999.000
202605301948,   0.122,   0.551,9999.000,9999.000,9999.000,9999.000,9999.000,9999.000,9999.000
202605301954,   0.114,   0.551,9999.000,9999.000,9999.000,9999.000,9999.000,9999.000,9999.000
202605302000,   0.112,   0.551,   0.500,  -0.061,   0.551,   0.500,   0.551,   0.600,   0.651
202605302006,   0.119,   0.560,9999.000,9999.000,9999.000,9999.000,9999.000,9999.000,9999.000
202605302012,   0.133,   0.560,9999.000,9999.000,9999.000,9999.000,9999.000,9999.000,9999.000
202605302018,   0.156,   0.570,9999.000,9999.000,9999.000,9999.000,9999.000,9999.000,9999.000
202605302024,   0.188,   0.580,9999.000,9999.000,9999.000,9999.000,9999.000,9999.000,9999.000
202605302030,   0.229,   0.610,9999.000,9999.000,9999.000,9999.000,9999.000,9999.000,9999.000
202605302036,   0.279,   0.669,9999.000,9999.000,9999.000,9999.000,9999.000,9999.000,9999.000
202605302042,   0.338,   0.741,9999.000,9999.000,9999.000,9999.000,9999.000,9999.000,9999.000
202605302048,   0.406,   0.810,9999.000,9999.000,9999.000,9999.000,9999.000,9999.000,9999.000
202605302054,   0.482,   0.879,9999.000,9999.000,9999.000,9999.000,9999.000,9999.000,9999.000
202605302100,   0.568,   0.961,   0.500,  -0.107,   0.961,   0.500,   0.961,   0.600,   1.061
202605302106,   0.661,   1.059,9999.000,9999.000,9999.000,9999.000,9999.000,9999.000,9999.000
202605302112,   0.762,   1.180,9999.000,9999.000,9999.000,9999.000,9999.000,9999.000,9999.000
202605302118,   0.871,   1.298,9999.000,9999.000,9999.000,9999.000,9999.000,9999.000,9999.000
202605302124,   0.986,   1.430,9999.000,9999.000,9999.000,9999.000,9999.000,9999.000,9999.000
202605302130,   1.106,   1.557,9999.000,9999.000,9999.000,9999.000,9999.000,9999.000,9999.000
202605302136,   1.232,   1.699,9999.000,9999.000,9999.000,9999.000,9999.000,9999.000,9999.000
202605302142,   1.362,   1.849,9999.000,9999.000,9999.000,9999.000,9999.000,9999.000,9999.000
202605302148,   1.496,   2.000,9999.000,9999.000,9999.000,9999.000,9999.000,9999.000,9999.000
202605302154,   1.632,   2.148,9999.000,9999.000,9999.000,9999.000,9999.000,9999.000,9999.000
202605302200,   1.770,   2.279,   0.500,   0.009,   2.279,   0.500,   2.279,   0.600,   2.379
202605302206,   1.909,   2.420,9999.000,9999.000,9999.000,9999.000,9999.000,9999.000,9999.000
202605302212,   2.048,   2.568,9999.000,9999.000,9999.000,9999.000,9999.000,9999.000,9999.000
202605302218,   2.187,   2.709,9999.000,9999.000,9999.000,9999.000,9999.000,9999.000,9999.000
202605302224,   2.325,   2.850,9999.000,9999.000,9999.000,9999.000,9999.000,9999.000,9999.000
202605302230,   2.460,   2.978,9999.000,9999.000,9999.000,9999.000,9999.000,9999.000,9999.000
202605302236,   2.593,   3.099,9999.000,9999.000,9999.000,9999.000,9999.000,9999.000,9999.000
202605302242,   2.724,   3.207,9999.000,9999.000,9999.000,9999.000,9999.000,9999.000,9999.000
202605302248,   2.851,   3.309,9999.000,9999.000,9999.000,9999.000,9999.000,9999.000,9999.000
202605302254,   2.975,   3.398,9999.000,9999.000,9999.000,9999.000,9999.000,9999.000,9999.000
202605302300,   3.095,   3.509,   0.500,  -0.086,   3.509,   0.500,   3.509,   0.600,   3.609
202605302306,   3.211,   3.607,9999.000,9999.000,9999.000,9999.000,9999.000,9999.000,9999.000
202605302312,   3.323,   3.699,9999.000,9999.000,9999.000,9999.000,9999.000,9999.000,9999.000
202605302318,   3.431,   3.788,9999.000,9999.000,9999.000,9999.000,9999.000,9999.000,9999.000
202605302324,   3.535,   3.880,9999.000,9999.000,9999.000,9999.000,9999.000,9999.000,9999.000
202605302330,   3.635,   3.958,9999.000,9999.000,9999.000,9999.000,9999.000,9999.000,9999.000
202605302336,   3.731,   4.047,9999.000,9999.000,9999.000,9999.000,9999.000,9999.000,9999.000
202605302342,   3.824,   4.129,9999.000,9999.000,9999.000,9999.000,9999.000,9999.000,9999.000
202605302348,   3.913,   4.208,9999.000,9999.000,9999.000,9999.000,9999.000,9999.000,9999.000
202605302354,   4.000,   4.290,9999.000,9999.000,9999.000,9999.000,9999.000,9999.000,9999.000
202605310000,   4.083,   4.339,   0.500,  -0.244,   4.339,   0.500,   4.339,   0.500,   4.339
202605310006,   4.163,   4.398,9999.000,9999.000,9999.000,9999.000,9999.000,9999.000,9999.000
202605310012,   4.241,   4.457,9999.000,9999.000,9999.000,9999.000,9999.000,9999.000,9999.000
202605310018,   4.315,   4.519,9999.000,9999.000,9999.000,9999.000,9999.000,9999.000,9999.000
202605310024,   4.388,   4.578,9999.000,9999.000,9999.000,9999.000,9999.000,9999.000,9999.000
202605310030,   4.458,   4.637,9999.000,9999.000,9999.000,9999.000,9999.000,9999.000,9999.000
202605310036,   4.525,   4.677,9999.000,9999.000,9999.000,9999.000,9999.000,9999.000,9999.000
202605310042,   4.589,   4.729,9999.000,9999.000,9999.000,9999.000,9999.000,9999.000,9999.000
202605310048,   4.651,   4.788,9999.000,9999.000,9999.000,9999.000,9999.000,9999.000,9999.000
202605310054,   4.710,   4.818,9999.000,9999.000,9999.000,9999.000,9999.000,9999.000,9999.000
202605310100,   4.765,   4.867,   0.500,  -0.398,   4.867,   0.500,   4.867,   0.500,   4.867
202605310106,   4.818,   4.887,9999.000,9999.000,9999.000,9999.000,9999.000,9999.000,9999.000
202605310112,   4.866,   4.919,9999.000,9999.000,9999.000,9999.000,9999.000,9999.000,9999.000
202605310118,   4.911,   4.959,9999.000,9999.000,9999.000,9999.000,9999.000,9999.000,9999.000
202605310124,   4.952,   4.998,9999.000,9999.000,9999.000,9999.000,9999.000,9999.000,9999.000
202605310130,   4.988,   5.038,9999.000,9999.000,9999.000,9999.000,9999.000,9999.000,9999.000
202605310136,   5.019,   5.057,9999.000,9999.000,9999.000,9999.000,9999.000,9999.000,9999.000
202605310142,   5.045,   5.077,9999.000,9999.000,9999.000,9999.000,9999.000,9999.000,9999.000
202605310148,   5.066,   5.110,9999.000,9999.000,9999.000,9999.000,9999.000,9999.000,9999.000
202605310154,   5.082,   5.129,9999.000,9999.000,9999.000,9999.000,9999.000,9999.000,9999.000
202605310200,   5.091,   5.159,   0.500,  -0.432,   5.159,   0.500,   5.159,   0.500,   5.159
202605310206,   5.095,   5.179,9999.000,9999.000,9999.000,9999.000,9999.000,9999.000,9999.000
202605310212,   5.093,   5.179,9999.000,9999.000,9999.000,9999.000,9999.000,9999.000,9999.000
202605310218,   5.085,   5.179,9999.000,9999.000,9999.000,9999.000,9999.000,9999.000,9999.000
202605310224,   5.071,   5.179,9999.000,9999.000,9999.000,9999.000,9999.000,9999.000,9999.000
202605310230,   5.050,   5.159,9999.000,9999.000,9999.000,9999.000,9999.000,9999.000,9999.000
202605310236,   5.023,   5.139,9999.000,9999.000,9999.000,9999.000,9999.000,9999.000,9999.000
202605310242,   4.991,   5.120,9999.000,9999.000,9999.000,9999.000,9999.000,9999.000,9999.000
202605310248,   4.953,   5.097,9999.000,9999.000,9999.000,9999.000,9999.000,9999.000,9999.000
202605310254,   4.909,   5.067,9999.000,9999.000,9999.000,9999.000,9999.000,9999.000,9999.000
202605310300,   4.859,   5.018,   0.500,  -0.341,   5.018,   0.500,   5.018,   0.500,   5.018
202605310306,   4.805,   4.969,9999.000,9999.000,9999.000,9999.000,9999.000,9999.000,9999.000
202605310312,   4.746,   4.910,9999.000,9999.000,9999.000,9999.000,9999.000,9999.000,9999.000
202605310318,   4.682,   4.857,9999.000,9999.000,9999.000,9999.000,9999.000,9999.000,9999.000
202605310324,   4.613,   4.798,9999.000,9999.000,9999.000,9999.000,9999.000,9999.000,9999.000
202605310330,   4.541,   4.739,9999.000,9999.000,9999.000,9999.000,9999.000,9999.000,9999.000
202605310336,   4.465,   4.677,9999.000,9999.000,9999.000,9999.000,9999.000,9999.000,9999.000
202605310342,   4.386,   4.628,9999.000,9999.000,9999.000,9999.000,9999.000,9999.000,9999.000
202605310348,   4.303,   4.559,9999.000,9999.000,9999.000,9999.000,9999.000,9999.000,9999.000
202605310354,   4.218,   4.490,9999.000,9999.000,9999.000,9999.000,9999.000,9999.000,9999.000
202605310400,   4.131,   4.418,   0.500,  -0.213,   4.418,   0.500,   4.418,   0.500,   4.418
202605310406,   4.041,   4.329,9999.000,9999.000,9999.000,9999.000,9999.000,9999.000,9999.000
202605310412,   3.950,   4.237,9999.000,9999.000,9999.000,9999.000,9999.000,9999.000,9999.000
202605310418,   3.857,   4.139,9999.000,9999.000,9999.000,9999.000,9999.000,9999.000,9999.000
202605310424,   3.763,   4.047,9999.000,9999.000,9999.000,9999.000,9999.000,9999.000,9999.000
202605310430,   3.668,   3.998,9999.000,9999.000,9999.000,9999.000,9999.000,9999.000,9999.000
202605310436,   3.572,   3.880,9999.000,9999.000,9999.000,9999.000,9999.000,9999.000,9999.000
202605310442,   3.475,   3.729,9999.000,9999.000,9999.000,9999.000,9999.000,9999.000,9999.000
202605310448,   3.378,   3.627,9999.000,9999.000,9999.000,9999.000,9999.000,9999.000,9999.000
202605310454,   3.281,   3.509,9999.000,9999.000,9999.000,9999.000,9999.000,9999.000,9999.000
202605310500,   3.183,   3.398,   0.500,  -0.285,   3.398,   0.500,   3.398,   0.500,   3.398
202605310506,   3.085,   3.309,9999.000,9999.000,9999.000,9999.000,9999.000,9999.000,9999.000
202605310512,   2.988,   3.188,9999.000,9999.000,9999.000,9999.000,9999.000,9999.000,9999.000
202605310518,   2.890,   3.060,9999.000,9999.000,9999.000,9999.000,9999.000,9999.000,9999.000
202605310524,   2.793,   2.968,9999.000,9999.000,9999.000,9999.000,9999.000,9999.000,9999.000
202605310530,   2.695,   2.879,9999.000,9999.000,9999.000,9999.000,9999.000,9999.000,9999.000
202605310536,   2.598,   2.768,9999.000,9999.000,9999.000,9999.000,9999.000,9999.000,9999.000
202605310542,   2.501,   2.679,9999.000,9999.000,9999.000,9999.000,9999.000,9999.000,9999.000
202605310548,   2.405,   2.587,9999.000,9999.000,9999.000,9999.000,9999.000,9999.000,9999.000
202605310554,   2.308,   2.509,9999.000,9999.000,9999.000,9999.000,9999.000,9999.000,9999.000
202605310600,   2.212,   2.400,   0.400,  -0.212,   2.400,   0.400,   2.400,   0.500,   2.500
202605310606,   2.115,   2.318,9999.000,9999.000,9999.000,9999.000,9999.000,9999.000,9999.000
202605310612,   2.019,   2.230,9999.000,9999.000,9999.000,9999.000,9999.000,9999.000,9999.000
202605310618,   1.923,   2.148,9999.000,9999.000,9999.000,9999.000,9999.000,9999.000,9999.000
202605310624,   1.827,   2.069,9999.000,9999.000,9999.000,9999.000,9999.000,9999.000,9999.000
202605310630,   1.731,   1.981,9999.000,9999.000,9999.000,9999.000,9999.000,9999.000,9999.000
202605310636,   1.635,   1.879,9999.000,9999.000,9999.000,9999.000,9999.000,9999.000,9999.000
202605310642,   1.540,   1.800,9999.000,9999.000,9999.000,9999.000,9999.000,9999.000,9999.000
202605310648,   1.444,   1.718,9999.000,9999.000,9999.000,9999.000,9999.000,9999.000,9999.000
202605310654,   1.349,   1.620,9999.000,9999.000,9999.000,9999.000,9999.000,9999.000,9999.000
202605310700,   1.255,   1.538,   0.400,  -0.117,   1.538,   0.400,   1.538,   0.500,   1.638
202605310706,   1.162,   1.469,9999.000,9999.000,9999.000,9999.000,9999.000,9999.000,9999.000
202605310712,   1.069,   1.390,9999.000,9999.000,9999.000,9999.000,9999.000,9999.000,9999.000
202605310718,   0.979,   1.318,9999.000,9999.000,9999.000,9999.000,9999.000,9999.000,9999.000
202605310724,   0.890,   1.249,9999.000,9999.000,9999.000,9999.000,9999.000,9999.000,9999.000
202605310730,   0.803,   1.170,9999.000,9999.000,9999.000,9999.000,9999.000,9999.000,9999.000
202605310736,   0.719,   1.098,9999.000,9999.000,9999.000,9999.000,9999.000,9999.000,9999.000
202605310742,   0.639,   1.039,9999.000,9999.000,9999.000,9999.000,9999.000,9999.000,9999.000
202605310748,   0.562,   0.970,9999.000,9999.000,9999.000,9999.000,9999.000,9999.000,9999.000
202605310754,   0.489,   0.898,9999.000,9999.000,9999.000,9999.000,9999.000,9999.000,9999.000
202605310800,   0.422,   0.839,   0.400,   0.017,   0.839,   0.400,   0.839,   0.500,   0.939
202605310806,   0.360,   0.780,9999.000,9999.000,9999.000,9999.000,9999.000,9999.000,9999.000
202605310812,   0.305,   0.718,9999.000,9999.000,9999.000,9999.000,9999.000,9999.000,9999.000
202605310818,   0.256,   0.678,9999.000,9999.000,9999.000,9999.000,9999.000,9999.000,9999.000
202605310824,   0.214,   0.629,9999.000,9999.000,9999.000,9999.000,9999.000,9999.000,9999.000
202605310830,   0.181,   0.590,9999.000,9999.000,9999.000,9999.000,9999.000,9999.000,9999.000
202605310836,   0.156,   0.551,9999.000,9999.000,9999.000,9999.000,9999.000,9999.000,9999.000
202605310842,   0.140,   0.531,9999.000,9999.000,9999.000,9999.000,9999.000,9999.000,9999.000
202605310848,   0.132,   0.508,9999.000,9999.000,9999.000,9999.000,9999.000,9999.000,9999.000
202605310854,   0.135,   0.498,9999.000,9999.000,9999.000,9999.000,9999.000,9999.000,9999.000
202605310900,   0.147,   0.488,   0.500,  -0.159,   0.488,   0.400,   0.388,   0.500,   0.488
202605310906,   0.169,   0.488,9999.000,9999.000,9999.000,9999.000,9999.000,9999.000,9999.000
202605310912,   0.200,   0.508,9999.000,9999.000,9999.000,9999.000,9999.000,9999.000,9999.000
202605310918,   0.242,   0.531,9999.000,9999.000,9999.000,9999.000,9999.000,9999.000,9999.000
202605310924,   0.292,   0.570,9999.000,9999.000,9999.000,9999.000,9999.000,9999.000,9999.000
202605310930,   0.352,   0.619,9999.000,9999.000,9999.000,9999.000,9999.000,9999.000,9999.000
202605310936,   0.420,   0.649,9999.000,9999.000,9999.000,9999.000,9999.000,9999.000,9999.000
202605310942,   0.497,   0.688,9999.000,9999.000,9999.000,9999.000,9999.000,9999.000,9999.000
202605310948,   0.581,   0.731,9999.000,9999.000,9999.000,9999.000,9999.000,9999.000,9999.000
202605310954,   0.673,   0.800,9999.000,9999.000,9999.000,9999.000,9999.000,9999.000,9999.000
202605311000,   0.770,   0.879,   0.500,  -0.391,   0.879,   0.400,   0.779,   0.500,   0.879
202605311006,   0.873,   0.961,9999.000,9999.000,9999.000,9999.000,9999.000,9999.000,9999.000
202605311012,   0.980,   1.069,9999.000,9999.000,9999.000,9999.000,9999.000,9999.000,9999.000
202605311018,   1.092,   1.170,9999.000,9999.000,9999.000,9999.000,9999.000,9999.000,9999.000
202605311024,   1.206,   1.269,9999.000,9999.000,9999.000,9999.000,9999.000,9999.000,9999.000
202605311030,   1.322,   1.390,9999.000,9999.000,9999.000,9999.000,9999.000,9999.000,9999.000
202605311036,   1.440,   1.508,9999.000,9999.000,9999.000,9999.000,9999.000,9999.000,9999.000
202605311042,   1.558,   1.669,9999.000,9999.000,9999.000,9999.000,9999.000,9999.000,9999.000
202605311048,   1.676,   1.820,9999.000,9999.000,9999.000,9999.000,9999.000,9999.000,9999.000
202605311054,   1.794,   1.981,9999.000,9999.000,9999.000,9999.000,9999.000,9999.000,9999.000
202605311100,   1.910,   2.128,   0.500,  -0.282,   2.128,   0.400,   2.028,   0.500,   2.128
202605311106,   2.023,   2.299,9999.000,9999.000,9999.000,9999.000,9999.000,9999.000,9999.000
202605311112,   2.135,   2.450,9999.000,9999.000,9999.000,9999.000,9999.000,9999.000,9999.000
202605311118,   2.244,   2.597,9999.000,9999.000,9999.000,9999.000,9999.000,9999.000,9999.000
202605311124,   2.350,   2.748,9999.000,9999.000,9999.000,9999.000,9999.000,9999.000,9999.000
202605311130,   2.452,   2.889,9999.000,9999.000,9999.000,9999.000,9999.000,9999.000,9999.000
202605311136,   2.551,   2.997,9999.000,9999.000,9999.000,9999.000,9999.000,9999.000,9999.000
202605311142,   2.647,   3.119,9999.000,9999.000,9999.000,9999.000,9999.000,9999.000,9999.000
202605311148,   2.739,   3.207,9999.000,9999.000,9999.000,9999.000,9999.000,9999.000,9999.000
202605311154,   2.827,   3.309,9999.000,9999.000,9999.000,9999.000,9999.000,9999.000,9999.000
202605311200,   2.912,   3.407,   0.500,  -0.005,   3.407,   0.400,   3.307,   0.500,   3.407
202605311206,   2.994,   3.509,9999.000,9999.000,9999.000,9999.000,9999.000,9999.000,9999.000
202605311212,   3.073,   3.598,9999.000,9999.000,9999.000,9999.000,9999.000,9999.000,9999.000
202605311218,   3.149,   3.680,9999.000,9999.000,9999.000,9999.000,9999.000,9999.000,9999.000
202605311224,   3.221,   3.768,9999.000,9999.000,9999.000,9999.000,9999.000,9999.000,9999.000
202605311230,   3.291,   3.827,9999.000,9999.000,9999.000,9999.000,9999.000,9999.000,9999.000
202605311236,   3.359,   3.899,9999.000,9999.000,9999.000,9999.000,9999.000,9999.000,9999.000
202605311242,   3.424,   3.958,9999.000,9999.000,9999.000,9999.000,9999.000,9999.000,9999.000
202605311248,   3.486,   4.008,9999.000,9999.000,9999.000,9999.000,9999.000,9999.000,9999.000
202605311254,   3.545,   4.070,9999.000,9999.000,9999.000,9999.000,9999.000,9999.000,9999.000
202605311300,   3.602,   4.129,   0.500,   0.027,   4.129,   0.500,   4.129,   0.500,   4.129
202605311306,   3.656,   4.168,9999.000,9999.000,9999.000,9999.000,9999.000,9999.000,9999.000
202605311312,   3.708,   4.218,9999.000,9999.000,9999.000,9999.000,9999.000,9999.000,9999.000
202605311318,   3.756,   4.257,9999.000,9999.000,9999.000,9999.000,9999.000,9999.000,9999.000
202605311324,   3.801,   4.300,9999.000,9999.000,9999.000,9999.000,9999.000,9999.000,9999.000
202605311330,   3.843,   4.319,9999.000,9999.000,9999.000,9999.000,9999.000,9999.000,9999.000
202605311336,   3.881,   4.359,9999.000,9999.000,9999.000,9999.000,9999.000,9999.000,9999.000
202605311342,   3.915,   4.368,9999.000,9999.000,9999.000,9999.000,9999.000,9999.000,9999.000
202605311348,   3.945,   4.398,9999.000,9999.000,9999.000,9999.000,9999.000,9999.000,9999.000
202605311354,   3.970,   4.408,9999.000,9999.000,9999.000,9999.000,9999.000,9999.000,9999.000
202605311400,   3.990,   4.457,   0.500,  -0.033,   4.457,   0.500,   4.457,   0.500,   4.457
202605311406,   4.006,   4.467,9999.000,9999.000,9999.000,9999.000,9999.000,9999.000,9999.000
202605311412,   4.016,   4.467,9999.000,9999.000,9999.000,9999.000,9999.000,9999.000,9999.000
202605311418,   4.020,   4.490,9999.000,9999.000,9999.000,9999.000,9999.000,9999.000,9999.000
202605311424,   4.019,   4.490,9999.000,9999.000,9999.000,9999.000,9999.000,9999.000,9999.000
202605311430,   4.012,   4.480,9999.000,9999.000,9999.000,9999.000,9999.000,9999.000,9999.000
202605311436,   3.999,   4.467,9999.000,9999.000,9999.000,9999.000,9999.000,9999.000,9999.000
202605311442,   3.980,   4.467,9999.000,9999.000,9999.000,9999.000,9999.000,9999.000,9999.000
202605311448,   3.955,   4.480,9999.000,9999.000,9999.000,9999.000,9999.000,9999.000,9999.000
202605311454,   3.924,   4.447,9999.000,9999.000,9999.000,9999.000,9999.000,9999.000,9999.000
202605311500,   3.886,   4.447,   0.500,   0.061,   4.447,   0.500,   4.447,   0.500,   4.447
202605311506,   3.844,   4.408,9999.000,9999.000,9999.000,9999.000,9999.000,9999.000,9999.000
202605311512,   3.795,   4.388,9999.000,9999.000,9999.000,9999.000,9999.000,9999.000,9999.000
202605311518,   3.741,   4.329,9999.000,9999.000,9999.000,9999.000,9999.000,9999.000,9999.000
202605311524,   3.683,   4.300,9999.000,9999.000,9999.000,9999.000,9999.000,9999.000,9999.000
202605311530,   3.619,   4.237,9999.000,9999.000,9999.000,9999.000,9999.000,9999.000,9999.000
202605311536,   3.550,   4.198,9999.000,9999.000,9999.000,9999.000,9999.000,9999.000,9999.000
202605311542,   3.478,   4.129,9999.000,9999.000,9999.000,9999.000,9999.000,9999.000,9999.000
202605311548,   3.402,   4.070,9999.000,9999.000,9999.000,9999.000,9999.000,9999.000,9999.000
202605311554,   3.322,   3.998,9999.000,9999.000,9999.000,9999.000,9999.000,9999.000,9999.000
202605311600,   3.239,   3.939,   0.500,   0.200,   3.939,   0.500,   3.939,   0.600,   4.039
202605311606,   3.154,   3.880,9999.000,9999.000,9999.000,9999.000,9999.000,9999.000,9999.000
202605311612,   3.066,   3.808,9999.000,9999.000,9999.000,9999.000,9999.000,9999.000,9999.000
202605311618,   2.976,   3.699,9999.000,9999.000,9999.000,9999.000,9999.000,9999.000,9999.000
202605311624,   2.885,   3.617,9999.000,9999.000,9999.000,9999.000,9999.000,9999.000,9999.000
202605311630,   2.793,   3.499,9999.000,9999.000,9999.000,9999.000,9999.000,9999.000,9999.000
202605311636,   2.699,   3.407,9999.000,9999.000,9999.000,9999.000,9999.000,9999.000,9999.000
202605311642,   2.606,   3.319,9999.000,9999.000,9999.000,9999.000,9999.000,9999.000,9999.000
202605311648,   2.512,   3.250,9999.000,9999.000,9999.000,9999.000,9999.000,9999.000,9999.000
202605311654,   2.418,   3.119,9999.000,9999.000,9999.000,9999.000,9999.000,9999.000,9999.000
202605311700,   2.325,   3.030,   0.500,   0.205,   3.030,   0.500,   3.030,   0.600,   3.130
202605311706,   2.232,   2.919,9999.000,9999.000,9999.000,9999.000,9999.000,9999.000,9999.000
202605311712,   2.140,   2.830,9999.000,9999.000,9999.000,9999.000,9999.000,9999.000,9999.000
202605311718,   2.050,   2.709,9999.000,9999.000,9999.000,9999.000,9999.000,9999.000,9999.000
202605311724,   1.961,   2.630,9999.000,9999.000,9999.000,9999.000,9999.000,9999.000,9999.000
202605311730,   1.873,   2.528,9999.000,9999.000,9999.000,9999.000,9999.000,9999.000,9999.000
202605311736,   1.787,   2.440,9999.000,9999.000,9999.000,9999.000,9999.000,9999.000,9999.000
202605311742,   1.703,   2.358,9999.000,9999.000,9999.000,9999.000,9999.000,9999.000,9999.000
202605311748,   1.621,   2.289,9999.000,9999.000,9999.000,9999.000,9999.000,9999.000,9999.000
202605311754,   1.540,   2.210,9999.000,9999.000,9999.000,9999.000,9999.000,9999.000,9999.000
202605311800,   1.462,   2.128,   0.700,  -0.034,   2.128,   0.700,   2.128,   0.700,   2.128
202605311806,   1.386,   2.059,9999.000,9999.000,9999.000,9999.000,9999.000,9999.000,9999.000
202605311812,   1.311,   1.981,9999.000,9999.000,9999.000,9999.000,9999.000,9999.000,9999.000
202605311818,   1.239,   1.899,9999.000,9999.000,9999.000,9999.000,9999.000,9999.000,9999.000
202605311824,   1.169,   1.830,9999.000,9999.000,9999.000,9999.000,9999.000,9999.000,9999.000
202605311830,   1.101,   1.758,9999.000,9999.000,9999.000,9999.000,9999.000,9999.000,9999.000
202605311836,   1.034,   1.679,9999.000,9999.000,9999.000,9999.000,9999.000,9999.000,9999.000
202605311842,   0.970,   1.610,9999.000,9999.000,9999.000,9999.000,9999.000,9999.000,9999.000
202605311848,   0.907,   1.528,9999.000,9999.000,9999.000,9999.000,9999.000,9999.000,9999.000
202605311854,   0.847,   1.459,9999.000,9999.000,9999.000,9999.000,9999.000,9999.000,9999.000
202605311900,   0.788,   1.400,   0.700,  -0.088,   1.400,   0.700,   1.400,   0.800,   1.500
202605311906,   0.731,   1.328,9999.000,9999.000,9999.000,9999.000,9999.000,9999.000,9999.000
202605311912,   0.676,   1.279,9999.000,9999.000,9999.000,9999.000,9999.000,9999.000,9999.000
202605311918,   0.622,   1.220,9999.000,9999.000,9999.000,9999.000,9999.000,9999.000,9999.000
202605311924,   0.571,   1.170,9999.000,9999.000,9999.000,9999.000,9999.000,9999.000,9999.000
202605311930,   0.522,   1.108,9999.000,9999.000,9999.000,9999.000,9999.000,9999.000,9999.000
202605311936,   0.476,   1.069,9999.000,9999.000,9999.000,9999.000,9999.000,9999.000,9999.000
202605311942,   0.432,   1.020,9999.000,9999.000,9999.000,9999.000,9999.000,9999.000,9999.000
202605311948,   0.390,   0.980,9999.000,9999.000,9999.000,9999.000,9999.000,9999.000,9999.000
202605311954,   0.352,   0.941,9999.000,9999.000,9999.000,9999.000,9999.000,9999.000,9999.000
202605312000,   0.318,   0.908,   0.700,  -0.110,   0.908,   0.700,   0.908,   0.800,   1.008
202605312006,   0.287,   0.869,9999.000,9999.000,9999.000,9999.000,9999.000,9999.000,9999.000
202605312012,   0.261,   0.829,9999.000,9999.000,9999.000,9999.000,9999.000,9999.000,9999.000
202605312018,   0.239,   0.810,9999.000,9999.000,9999.000,9999.000,9999.000,9999.000,9999.000
202605312024,   0.222,   0.790,9999.000,9999.000,9999.000,9999.000,9999.000,9999.000,9999.000
202605312030,   0.212,   0.770,9999.000,9999.000,9999.000,9999.000,9999.000,9999.000,9999.000
202605312036,   0.207,   0.760,9999.000,9999.000,9999.000,9999.000,9999.000,9999.000,9999.000
202605312042,   0.209,   0.760,9999.000,9999.000,9999.000,9999.000,9999.000,9999.000,9999.000
202605312048,   0.219,   0.770,9999.000,9999.000,9999.000,9999.000,9999.000,9999.000,9999.000
202605312054,   0.235,   0.770,9999.000,9999.000,9999.000,9999.000,9999.000,9999.000,9999.000
202605312100,   0.260,   0.800,   0.800,  -0.260,   0.800,   0.700,   0.700,   0.800,   0.800
202605312106,   0.293,   0.819,9999.000,9999.000,9999.000,9999.000,9999.000,9999.000,9999.000
202605312112,   0.334,   0.869,9999.000,9999.000,9999.000,9999.000,9999.000,9999.000,9999.000
202605312118,   0.384,   0.918,9999.000,9999.000,9999.000,9999.000,9999.000,9999.000,9999.000
202605312124,   0.443,   1.020,9999.000,9999.000,9999.000,9999.000,9999.000,9999.000,9999.000
202605312130,   0.510,   1.138,9999.000,9999.000,9999.000,9999.000,9999.000,9999.000,9999.000
202605312136,   0.586,   1.249,9999.000,9999.000,9999.000,9999.000,9999.000,9999.000,9999.000
202605312142,   0.671,   1.249,9999.000,9999.000,9999.000,9999.000,9999.000,9999.000,9999.000
202605312148,   0.764,   1.439,9999.000,9999.000,9999.000,9999.000,9999.000,9999.000,9999.000
202605312154,   0.864,   1.557,9999.000,9999.000,9999.000,9999.000,9999.000,9999.000,9999.000
202605312200,   0.972,   1.718,   0.800,  -0.054,   1.718,   0.700,   1.618,   0.800,   1.718
202605312206,   1.087,   1.869,9999.000,9999.000,9999.000,9999.000,9999.000,9999.000,9999.000
202605312212,   1.207,   2.030,9999.000,9999.000,9999.000,9999.000,9999.000,9999.000,9999.000
202605312218,   1.333,   2.138,9999.000,9999.000,9999.000,9999.000,9999.000,9999.000,9999.000
202605312224,   1.464,   2.289,9999.000,9999.000,9999.000,9999.000,9999.000,9999.000,9999.000
202605312230,   1.599,   2.440,9999.000,9999.000,9999.000,9999.000,9999.000,9999.000,9999.000
202605312236,   1.736,   2.597,9999.000,9999.000,9999.000,9999.000,9999.000,9999.000,9999.000
202605312242,   1.876,   2.728,9999.000,9999.000,9999.000,9999.000,9999.000,9999.000,9999.000
202605312248,   2.017,   2.869,9999.000,9999.000,9999.000,9999.000,9999.000,9999.000,9999.000
202605312254,   2.158,   3.017,9999.000,9999.000,9999.000,9999.000,9999.000,9999.000,9999.000
202605312300,   2.299,   3.148,   0.800,   0.049,   3.148,   0.800,   3.148,   0.800,   3.148
202605312306,   2.440,   3.279,9999.000,9999.000,9999.000,9999.000,9999.000,9999.000,9999.000
202605312312,   2.577,   3.398,9999.000,9999.000,9999.000,9999.000,9999.000,9999.000,9999.000
202605312318,   2.713,   3.509,9999.000,9999.000,9999.000,9999.000,9999.000,9999.000,9999.000
202605312324,   2.845,   3.607,9999.000,9999.000,9999.000,9999.000,9999.000,9999.000,9999.000
202605312330,   2.973,   3.719,9999.000,9999.000,9999.000,9999.000,9999.000,9999.000,9999.000
202605312336,   3.098,   3.827,9999.000,9999.000,9999.000,9999.000,9999.000,9999.000,9999.000
202605312342,   3.218,   3.919,9999.000,9999.000,9999.000,9999.000,9999.000,9999.000,9999.000
202605312348,   3.333,   4.008,9999.000,9999.000,9999.000,9999.000,9999.000,9999.000,9999.000
202605312354,   3.444,   4.090,9999.000,9999.000,9999.000,9999.000,9999.000,9999.000,9999.000
202606010000,   3.550,   4.178,   0.900,  -0.272,   4.178,   0.800,   4.078,   0.900,   4.178
202606010006,   3.651,   4.267,9999.000,9999.000,9999.000,9999.000,9999.000,9999.000,9999.000
202606010012,   3.747,   4.339,9999.000,9999.000,9999.000,9999.000,9999.000,9999.000,9999.000
202606010018,   3.838,   4.408,9999.000,9999.000,9999.000,9999.000,9999.000,9999.000,9999.000
202606010024,   3.924,   4.467,9999.000,9999.000,9999.000,9999.000,9999.000,9999.000,9999.000
202606010030,   4.007,   4.539,9999.000,9999.000,9999.000,9999.000,9999.000,9999.000,9999.000
202606010036,   4.085,   4.608,9999.000,9999.000,9999.000,9999.000,9999.000,9999.000,9999.000
202606010042,   4.159,   4.667,9999.000,9999.000,9999.000,9999.000,9999.000,9999.000,9999.000
202606010048,   4.229,   4.719,9999.000,9999.000,9999.000,9999.000,9999.000,9999.000,9999.000
202606010054,   4.296,   4.769,9999.000,9999.000,9999.000,9999.000,9999.000,9999.000,9999.000
202606010100,   4.360,   4.818,   0.900,  -0.442,   4.818,   0.800,   4.718,   0.900,   4.818
202606010106,   4.420,   4.857,9999.000,9999.000,9999.000,9999.000,9999.000,9999.000,9999.000
202606010112,   4.478,   4.910,9999.000,9999.000,9999.000,9999.000,9999.000,9999.000,9999.000
202606010118,   4.533,   4.949,9999.000,9999.000,9999.000,9999.000,9999.000,9999.000,9999.000
202606010124,   4.585,   4.988,9999.000,9999.000,9999.000,9999.000,9999.000,9999.000,9999.000
202606010130,   4.635,   5.038,9999.000,9999.000,9999.000,9999.000,9999.000,9999.000,9999.000
202606010136,   4.682,   5.087,9999.000,9999.000,9999.000,9999.000,9999.000,9999.000,9999.000
202606010142,   4.726,   5.139,9999.000,9999.000,9999.000,9999.000,9999.000,9999.000,9999.000
202606010148,   4.767,   5.179,9999.000,9999.000,9999.000,9999.000,9999.000,9999.000,9999.000
202606010154,   4.805,   5.218,9999.000,9999.000,9999.000,9999.000,9999.000,9999.000,9999.000
202606010200,   4.840,   5.257,   0.900,  -0.483,   5.257,   0.800,   5.157,   0.900,   5.257
202606010206,   4.871,   5.287,9999.000,9999.000,9999.000,9999.000,9999.000,9999.000,9999.000
202606010212,   4.899,   5.329,9999.000,9999.000,9999.000,9999.000,9999.000,9999.000,9999.000
202606010218,   4.923,   5.349,9999.000,9999.000,9999.000,9999.000,9999.000,9999.000,9999.000
202606010224,   4.943,   5.379,9999.000,9999.000,9999.000,9999.000,9999.000,9999.000,9999.000
202606010230,   4.958,   5.398,9999.000,9999.000,9999.000,9999.000,9999.000,9999.000,9999.000
202606010236,   4.969,   5.408,9999.000,9999.000,9999.000,9999.000,9999.000,9999.000,9999.000
202606010242,   4.975,   5.408,9999.000,9999.000,9999.000,9999.000,9999.000,9999.000,9999.000
202606010248,   4.976,   5.418,9999.000,9999.000,9999.000,9999.000,9999.000,9999.000,9999.000
202606010254,   4.972,   5.418,9999.000,9999.000,9999.000,9999.000,9999.000,9999.000,9999.000
202606010300,   4.963,   5.418,   0.900,  -0.445,   5.418,   0.800,   5.318,   0.900,   5.418
202606010306,   4.948,   5.408,9999.000,9999.000,9999.000,9999.000,9999.000,9999.000,9999.000
202606010312,   4.928,   5.398,9999.000,9999.000,9999.000,9999.000,9999.000,9999.000,9999.000
202606010318,   4.902,   5.379,9999.000,9999.000,9999.000,9999.000,9999.000,9999.000,9999.000
202606010324,   4.871,   5.359,9999.000,9999.000,9999.000,9999.000,9999.000,9999.000,9999.000
202606010330,   4.834,   5.329,9999.000,9999.000,9999.000,9999.000,9999.000,9999.000,9999.000
202606010336,   4.793,   5.297,9999.000,9999.000,9999.000,9999.000,9999.000,9999.000,9999.000
202606010342,   4.746,   5.257,9999.000,9999.000,9999.000,9999.000,9999.000,9999.000,9999.000
202606010348,   4.694,   5.208,9999.000,9999.000,9999.000,9999.000,9999.000,9999.000,9999.000
202606010354,   4.637,   5.159,9999.000,9999.000,9999.000,9999.000,9999.000,9999.000,9999.000
202606010400,   4.576,   5.097,   0.900,  -0.379,   5.097,   0.800,   4.997,   0.900,   5.097
202606010406,   4.511,   5.038,9999.000,9999.000,9999.000,9999.000,9999.000,9999.000,9999.000
202606010412,   4.441,   4.969,9999.000,9999.000,9999.000,9999.000,9999.000,9999.000,9999.000
202606010418,   4.368,   4.887,9999.000,9999.000,9999.000,9999.000,9999.000,9999.000,9999.000
202606010424,   4.292,   4.818,9999.000,9999.000,9999.000,9999.000,9999.000,9999.000,9999.000
202606010430,   4.212,   4.749,9999.000,9999.000,9999.000,9999.000,9999.000,9999.000,9999.000
202606010436,   4.129,   4.667,9999.000,9999.000,9999.000,9999.000,9999.000,9999.000,9999.000
202606010442,   4.044,   4.588,9999.000,9999.000,9999.000,9999.000,9999.000,9999.000,9999.000
202606010448,   3.956,   4.509,9999.000,9999.000,9999.000,9999.000,9999.000,9999.000,9999.000
202606010454,   3.866,   4.418,9999.000,9999.000,9999.000,9999.000,9999.000,9999.000,9999.000
202606010500,   3.775,   4.329,   0.900,  -0.346,   4.329,   0.800,   4.229,   0.900,   4.329
202606010506,   3.682,   4.237,9999.000,9999.000,9999.000,9999.000,9999.000,9999.000,9999.000
202606010512,   3.587,   4.159,9999.000,9999.000,9999.000,9999.000,9999.000,9999.000,9999.000
202606010518,   3.492,   4.080,9999.000,9999.000,9999.000,9999.000,9999.000,9999.000,9999.000
202606010524,   3.396,   3.988,9999.000,9999.000,9999.000,9999.000,9999.000,9999.000,9999.000
202606010530,   3.299,   3.899,9999.000,9999.000,9999.000,9999.000,9999.000,9999.000,9999.000
202606010536,   3.202,   3.798,9999.000,9999.000,9999.000,9999.000,9999.000,9999.000,9999.000
202606010542,   3.105,   3.699,9999.000,9999.000,9999.000,9999.000,9999.000,9999.000,9999.000
202606010548,   3.007,   3.598,9999.000,9999.000,9999.000,9999.000,9999.000,9999.000,9999.000
202606010554,   2.910,   3.499,9999.000,9999.000,9999.000,9999.000,9999.000,9999.000,9999.000
202606010600,   2.813,   3.407,   0.900,  -0.306,   3.407,   0.900,   3.407,   0.900,   3.407
202606010606,   2.716,   3.329,9999.000,9999.000,9999.000,9999.000,9999.000,9999.000,9999.000
202606010612,   2.619,   3.230,9999.000,9999.000,9999.000,9999.000,9999.000,9999.000,9999.000
202606010618,   2.523,   3.148,9999.000,9999.000,9999.000,9999.000,9999.000,9999.000,9999.000
202606010624,   2.427,   3.070,9999.000,9999.000,9999.000,9999.000,9999.000,9999.000,9999.000
202606010630,   2.332,   2.988,9999.000,9999.000,9999.000,9999.000,9999.000,9999.000,9999.000
202606010636,   2.237,   2.889,9999.000,9999.000,9999.000,9999.000,9999.000,9999.000,9999.000
202606010642,   2.143,   2.807,9999.000,9999.000,9999.000,9999.000,9999.000,9999.000,9999.000
202606010648,   2.050,   2.719,9999.000,9999.000,9999.000,9999.000,9999.000,9999.000,9999.000
202606010654,   1.957,   2.640,9999.000,9999.000,9999.000,9999.000,9999.000,9999.000,9999.000
202606010700,   1.864,   2.558,   0.900,  -0.206,   2.558,   0.900,   2.558,   0.900,   2.558
202606010706,   1.773,   2.479,9999.000,9999.000,9999.000,9999.000,9999.000,9999.000,9999.000
202606010712,   1.681,   2.400,9999.000,9999.000,9999.000,9999.000,9999.000,9999.000,9999.000
202606010718,   1.591,   2.318,9999.000,9999.000,9999.000,9999.000,9999.000,9999.000,9999.000
202606010724,   1.501,   2.250,9999.000,9999.000,9999.000,9999.000,9999.000,9999.000,9999.000
202606010730,   1.411,   2.168,9999.000,9999.000,9999.000,9999.000,9999.000,9999.000,9999.000
202606010736,   1.323,   2.099,9999.000,9999.000,9999.000,9999.000,9999.000,9999.000,9999.000
202606010742,   1.235,   2.010,9999.000,9999.000,9999.000,9999.000,9999.000,9999.000,9999.000
202606010748,   1.148,   1.938,9999.000,9999.000,9999.000,9999.000,9999.000,9999.000,9999.000
202606010754,   1.063,   1.869,9999.000,9999.000,9999.000,9999.000,9999.000,9999.000,9999.000
202606010800,   0.979,   1.800,   0.900,  -0.079,   1.800,   0.900,   1.800,   0.900,   1.800
202606010806,   0.897,   1.738,9999.000,9999.000,9999.000,9999.000,9999.000,9999.000,9999.000
202606010812,   0.817,   1.679,9999.000,9999.000,9999.000,9999.000,9999.000,9999.000,9999.000
202606010818,   0.740,   1.620,9999.000,9999.000,9999.000,9999.000,9999.000,9999.000,9999.000
202606010824,   0.666,   1.548,9999.000,9999.000,9999.000,9999.000,9999.000,9999.000,9999.000
202606010830,   0.595,   1.479,9999.000,9999.000,9999.000,9999.000,9999.000,9999.000,9999.000
202606010836,   0.528,   1.430,9999.000,9999.000,9999.000,9999.000,9999.000,9999.000,9999.000
202606010842,   0.466,   1.380,9999.000,9999.000,9999.000,9999.000,9999.000,9999.000,9999.000
202606010848,   0.408,   1.328,9999.000,9999.000,9999.000,9999.000,9999.000,9999.000,9999.000
202606010854,   0.356,   1.269,9999.000,9999.000,9999.000,9999.000,9999.000,9999.000,9999.000
202606010900,   0.311,   1.229,   0.900,   0.018,   1.229,   0.900,   1.229,   0.900,   1.229
202606010906,   0.272,   1.190,9999.000,9999.000,9999.000,9999.000,9999.000,9999.000,9999.000
202606010912,   0.241,   1.151,9999.000,9999.000,9999.000,9999.000,9999.000,9999.000,9999.000
202606010918,   0.217,   1.118,9999.000,9999.000,9999.000,9999.000,9999.000,9999.000,9999.000
202606010924,   0.201,   1.088,9999.000,9999.000,9999.000,9999.000,9999.000,9999.000,9999.000
202606010930,   0.194,   1.088,9999.000,9999.000,9999.000,9999.000,9999.000,9999.000,9999.000
202606010936,   0.197,   1.069,9999.000,9999.000,9999.000,9999.000,9999.000,9999.000,9999.000
202606010942,   0.208,   1.079,9999.000,9999.000,9999.000,9999.000,9999.000,9999.000,9999.000
202606010948,   0.229,   1.079,9999.000,9999.000,9999.000,9999.000,9999.000,9999.000,9999.000
202606010954,   0.259,   1.079,9999.000,9999.000,9999.000,9999.000,9999.000,9999.000,9999.000
202606011000,   0.299,   1.069,   0.900,  -0.130,   1.069,   0.900,   1.069,   0.900,   1.069
202606011006,   0.349,   1.098,9999.000,9999.000,9999.000,9999.000,9999.000,9999.000,9999.000
202606011012,   0.407,   1.108,9999.000,9999.000,9999.000,9999.000,9999.000,9999.000,9999.000
202606011018,   0.475,   1.151,9999.000,9999.000,9999.000,9999.000,9999.000,9999.000,9999.000
202606011024,   0.550,   1.180,9999.000,9999.000,9999.000,9999.000,9999.000,9999.000,9999.000
202606011030,   0.634,   1.269,9999.000,9999.000,9999.000,9999.000,9999.000,9999.000,9999.000
202606011036,   0.725,   1.361,9999.000,9999.000,9999.000,9999.000,9999.000,9999.000,9999.000
202606011042,   0.823,   1.479,9999.000,9999.000,9999.000,9999.000,9999.000,9999.000,9999.000
202606011048,   0.926,   1.571,9999.000,9999.000,9999.000,9999.000,9999.000,9999.000,9999.000
202606011054,   1.035,   1.689,9999.000,9999.000,9999.000,9999.000,9999.000,9999.000,9999.000
202606011100,   1.147,   1.810,   0.900,  -0.237,   1.810,   0.900,   1.810,   0.900,   1.810
202606011106,   1.263,   1.938,9999.000,9999.000,9999.000,9999.000,9999.000,9999.000,9999.000
202606011112,   1.382,   2.069,9999.000,9999.000,9999.000,9999.000,9999.000,9999.000,9999.000
202606011118,   1.502,   2.220,9999.000,9999.000,9999.000,9999.000,9999.000,9999.000,9999.000
202606011124,   1.623,   2.338,9999.000,9999.000,9999.000,9999.000,9999.000,9999.000,9999.000
202606011130,   1.744,   2.479,9999.000,9999.000,9999.000,9999.000,9999.000,9999.000,9999.000
202606011136,   1.864,   2.620,9999.000,9999.000,9999.000,9999.000,9999.000,9999.000,9999.000
202606011142,   1.983,   2.768,9999.000,9999.000,9999.000,9999.000,9999.000,9999.000,9999.000
202606011148,   2.099,   2.909,9999.000,9999.000,9999.000,9999.000,9999.000,9999.000,9999.000
202606011154,   2.213,   3.050,9999.000,9999.000,9999.000,9999.000,9999.000,9999.000,9999.000
202606011200,   2.323,   3.178,   0.900,  -0.045,   3.178,   0.900,   3.178,   0.900,   3.178
202606011206,   2.430,   3.289,9999.000,9999.000,9999.000,9999.000,9999.000,9999.000,9999.000
202606011212,   2.533,   3.407,9999.000,9999.000,9999.000,9999.000,9999.000,9999.000,9999.000
202606011218,   2.632,   3.509,9999.000,9999.000,9999.000,9999.000,9999.000,9999.000,9999.000
202606011224,   2.726,   3.607,9999.000,9999.000,9999.000,9999.000,9999.000,9999.000,9999.000
202606011230,   2.816,   3.709,9999.000,9999.000,9999.000,9999.000,9999.000,9999.000,9999.000
202606011236,   2.902,   3.798,9999.000,9999.000,9999.000,9999.000,9999.000,9999.000,9999.000
202606011242,   2.983,   3.890,9999.000,9999.000,9999.000,9999.000,9999.000,9999.000,9999.000
202606011248,   3.060,   3.978,9999.000,9999.000,9999.000,9999.000,9999.000,9999.000,9999.000
202606011254,   3.133,   4.047,9999.000,9999.000,9999.000,9999.000,9999.000,9999.000,9999.000
202606011300,   3.202,   4.109,   0.900,   0.007,   4.109,   0.800,   4.009,   0.900,   4.109
202606011306,   3.268,   4.159,9999.000,9999.000,9999.000,9999.000,9999.000,9999.000,9999.000
202606011312,   3.330,   4.208,9999.000,9999.000,9999.000,9999.000,9999.000,9999.000,9999.000
202606011318,   3.389,   4.257,9999.000,9999.000,9999.000,9999.000,9999.000,9999.000,9999.000
202606011324,   3.444,   4.319,9999.000,9999.000,9999.000,9999.000,9999.000,9999.000,9999.000
202606011330,   3.497,   4.359,9999.000,9999.000,9999.000,9999.000,9999.000,9999.000,9999.000
202606011336,   3.547,   4.408,9999.000,9999.000,9999.000,9999.000,9999.000,9999.000,9999.000
202606011342,   3.594,   4.447,9999.000,9999.000,9999.000,9999.000,9999.000,9999.000,9999.000
202606011348,   3.638,   4.500,9999.000,9999.000,9999.000,9999.000,9999.000,9999.000,9999.000
202606011354,   3.680,   4.539,9999.000,9999.000,9999.000,9999.000,9999.000,9999.000,9999.000
202606011400,   3.719,   4.578,   0.900,  -0.041,   4.578,   0.800,   4.478,   0.900,   4.578
202606011406,   3.755,   4.598,9999.000,9999.000,9999.000,9999.000,9999.000,9999.000,9999.000
202606011412,   3.788,   4.608,9999.000,9999.000,9999.000,9999.000,9999.000,9999.000,9999.000
202606011418,   3.819,   4.618,9999.000,9999.000,9999.000,9999.000,9999.000,9999.000,9999.000
202606011424,   3.846,   4.637,9999.000,9999.000,9999.000,9999.000,9999.000,9999.000,9999.000
202606011430,   3.870,   4.657,9999.000,9999.000,9999.000,9999.000,9999.000,9999.000,9999.000
202606011436,   3.890,   4.677,9999.000,9999.000,9999.000,9999.000,9999.000,9999.000,9999.000
202606011442,   3.906,   4.690,9999.000,9999.000,9999.000,9999.000,9999.000,9999.000,9999.000
202606011448,   3.918,   4.700,9999.000,9999.000,9999.000,9999.000,9999.000,9999.000,9999.000
202606011454,   3.925,   4.700,9999.000,9999.000,9999.000,9999.000,9999.000,9999.000,9999.000
202606011500,   3.928,   4.690,   0.900,  -0.138,   4.690,   0.800,   4.590,   0.900,   4.690
202606011506,   3.926,   4.690,9999.000,9999.000,9999.000,9999.000,9999.000,9999.000,9999.000
202606011512,   3.919,   4.667,9999.000,9999.000,9999.000,9999.000,9999.000,9999.000,9999.000
202606011518,   3.907,   4.647,9999.000,9999.000,9999.000,9999.000,9999.000,9999.000,9999.000
202606011524,   3.889,   4.628,9999.000,9999.000,9999.000,9999.000,9999.000,9999.000,9999.000
202606011530,   3.866,   4.598,9999.000,9999.000,9999.000,9999.000,9999.000,9999.000,9999.000
202606011536,   3.838,   4.559,9999.000,9999.000,9999.000,9999.000,9999.000,9999.000,9999.000
202606011542,   3.804,   4.509,9999.000,9999.000,9999.000,9999.000,9999.000,9999.000,9999.000
202606011548,   3.765,   4.467,9999.000,9999.000,9999.000,9999.000,9999.000,9999.000,9999.000
202606011554,   3.720,   4.418,9999.000,9999.000,9999.000,9999.000,9999.000,9999.000,9999.000
202606011600,   3.670,   4.368,   0.900,  -0.202,   4.368,   0.800,   4.268,   0.900,   4.368
202606011606,   3.615,   4.309,9999.000,9999.000,9999.000,9999.000,9999.000,9999.000,9999.000
202606011612,   3.556,   4.247,9999.000,9999.000,9999.000,9999.000,9999.000,9999.000,9999.000
202606011618,   3.491,   4.178,9999.000,9999.000,9999.000,9999.000,9999.000,9999.000,9999.000
202606011624,   3.423,   4.099,9999.000,9999.000,9999.000,9999.000,9999.000,9999.000,9999.000
202606011630,   3.350,   4.037,9999.000,9999.000,9999.000,9999.000,9999.000,9999.000,9999.000
202606011636,   3.274,   3.958,9999.000,9999.000,9999.000,9999.000,9999.000,9999.000,9999.000
202606011642,   3.194,   3.880,9999.000,9999.000,9999.000,9999.000,9999.000,9999.000,9999.000
202606011648,   3.112,   3.778,9999.000,9999.000,9999.000,9999.000,9999.000,9999.000,9999.000
202606011654,   3.027,   3.689,9999.000,9999.000,9999.000,9999.000,9999.000,9999.000,9999.000
202606011700,   2.939,   3.598,   0.900,  -0.241,   3.598,   0.800,   3.498,   0.900,   3.598
202606011706,   2.849,   3.509,9999.000,9999.000,9999.000,9999.000,9999.000,9999.000,9999.000
202606011712,   2.758,   3.440,9999.000,9999.000,9999.000,9999.000,9999.000,9999.000,9999.000
202606011718,   2.666,   3.329,9999.000,9999.000,9999.000,9999.000,9999.000,9999.000,9999.000
202606011724,   2.573,   3.260,9999.000,9999.000,9999.000,9999.000,9999.000,9999.000,9999.000
202606011730,   2.479,   3.158,9999.000,9999.000,9999.000,9999.000,9999.000,9999.000,9999.000
202606011736,   2.385,   3.070,9999.000,9999.000,9999.000,9999.000,9999.000,9999.000,9999.000
202606011742,   2.292,   2.958,9999.000,9999.000,9999.000,9999.000,9999.000,9999.000,9999.000
202606011748,   2.198,   2.860,9999.000,9999.000,9999.000,9999.000,9999.000,9999.000,9999.000
202606011754,   2.106,   2.758,9999.000,9999.000,9999.000,9999.000,9999.000,9999.000,9999.000
202606011800,   2.014,   2.669,   0.900,  -0.245,   2.669,   0.900,   2.669,   0.900,   2.669
202606011806,   1.924,   2.597,9999.000,9999.000,9999.000,9999.000,9999.000,9999.000,9999.000
202606011812,   1.835,   2.528,9999.000,9999.000,9999.000,9999.000,9999.000,9999.000,9999.000
202606011818,   1.748,   2.459,9999.000,9999.000,9999.000,9999.000,9999.000,9999.000,9999.000
202606011824,   1.663,   2.377,9999.000,9999.000,9999.000,9999.000,9999.000,9999.000,9999.000
202606011830,   1.580,   2.299,9999.000,9999.000,9999.000,9999.000,9999.000,9999.000,9999.000
202606011836,   1.499,   2.230,9999.000,9999.000,9999.000,9999.000,9999.000,9999.000,9999.000
202606011842,   1.420,   2.158,9999.000,9999.000,9999.000,9999.000,9999.000,9999.000,9999.000
202606011848,   1.344,   2.079,9999.000,9999.000,9999.000,9999.000,9999.000,9999.000,9999.000
202606011854,   1.269,   2.020,9999.000,9999.000,9999.000,9999.000,9999.000,9999.000,9999.000
202606011900,   1.198,   1.958,   0.900,  -0.140,   1.958,   0.900,   1.958,   0.900,   1.958
202606011906,   1.129,   1.889,9999.000,9999.000,9999.000,9999.000,9999.000,9999.000,9999.000
202606011912,   1.062,   1.820,9999.000,9999.000,9999.000,9999.000,9999.000,9999.000,9999.000
202606011918,   0.998,   1.758,9999.000,9999.000,9999.000,9999.000,9999.000,9999.000,9999.000
202606011924,   0.936,   1.699,9999.000,9999.000,9999.000,9999.000,9999.000,9999.000,9999.000
202606011930,   0.877,   1.630,9999.000,9999.000,9999.000,9999.000,9999.000,9999.000,9999.000
202606011936,   0.820,   1.571,9999.000,9999.000,9999.000,9999.000,9999.000,9999.000,9999.000
202606011942,   0.766,   1.498,9999.000,9999.000,9999.000,9999.000,9999.000,9999.000,9999.000
202606011948,   0.714,   1.449,9999.000,9999.000,9999.000,9999.000,9999.000,9999.000,9999.000
202606011954,   0.664,   1.400,9999.000,9999.000,9999.000,9999.000,9999.000,9999.000,9999.000
202606012000,   0.617,   1.348,   0.900,  -0.169,   1.348,   0.900,   1.348,   0.900,   1.348
202606012006,   0.572,   1.289,9999.000,9999.000,9999.000,9999.000,9999.000,9999.000,9999.000
202606012012,   0.530,   1.229,9999.000,9999.000,9999.000,9999.000,9999.000,9999.000,9999.000
202606012018,   0.490,   1.180,9999.000,9999.000,9999.000,9999.000,9999.000,9999.000,9999.000
202606012024,   0.454,   1.138,9999.000,9999.000,9999.000,9999.000,9999.000,9999.000,9999.000
202606012030,   0.420,   1.098,9999.000,9999.000,9999.000,9999.000,9999.000,9999.000,9999.000
202606012036,   0.389,   1.079,9999.000,9999.000,9999.000,9999.000,9999.000,9999.000,9999.000
202606012042,   0.362,   1.049,9999.000,9999.000,9999.000,9999.000,9999.000,9999.000,9999.000
202606012048,   0.338,   1.010,9999.000,9999.000,9999.000,9999.000,9999.000,9999.000,9999.000
202606012054,   0.319,   0.990,9999.000,9999.000,9999.000,9999.000,9999.000,9999.000,9999.000
202606012100,   0.304,   0.980,   0.900,  -0.224,   0.980,   0.900,   0.980,   0.900,   0.980
202606012106,   0.294,   0.970,9999.000,9999.000,9999.000,9999.000,9999.000,9999.000,9999.000
202606012112,   0.289,   0.980,9999.000,9999.000,9999.000,9999.000,9999.000,9999.000,9999.000
202606012118,   0.290,   0.990,9999.000,9999.000,9999.000,9999.000,9999.000,9999.000,9999.000
202606012124,   0.297,   1.010,9999.000,9999.000,9999.000,9999.000,9999.000,9999.000,9999.000
202606012130,   0.310,   1.029,9999.000,9999.000,9999.000,9999.000,9999.000,9999.000,9999.000
202606012136,   0.331,   1.049,9999.000,9999.000,9999.000,9999.000,9999.000,9999.000,9999.000
202606012142,   0.359,   1.079,9999.000,9999.000,9999.000,9999.000,9999.000,9999.000,9999.000
202606012148,   0.395,   1.118,9999.000,9999.000,9999.000,9999.000,9999.000,9999.000,9999.000
202606012154,   0.438,   1.180,9999.000,9999.000,9999.000,9999.000,9999.000,9999.000,9999.000
202606012200,   0.490,   1.239,   0.900,  -0.151,   1.239,   0.900,   1.239,   0.900,   1.239
202606012206,   0.550,   1.308,9999.000,9999.000,9999.000,9999.000,9999.000,9999.000,9999.000
202606012212,   0.619,   1.390,9999.000,9999.000,9999.000,9999.000,9999.000,9999.000,9999.000
202606012218,   0.696,   1.479,9999.000,9999.000,9999.000,9999.000,9999.000,9999.000,9999.000
202606012224,   0.782,   1.580,9999.000,9999.000,9999.000,9999.000,9999.000,9999.000,9999.000
202606012230,   0.875,   1.689,9999.000,9999.000,9999.000,9999.000,9999.000,9999.000,9999.000
202606012236,   0.976,   1.790,9999.000,9999.000,9999.000,9999.000,9999.000,9999.000,9999.000
202606012242,   1.085,   1.899,9999.000,9999.000,9999.000,9999.000,9999.000,9999.000,9999.000
202606012248,   1.200,   2.000,9999.000,9999.000,9999.000,9999.000,9999.000,9999.000,9999.000
202606012254,   1.322,   2.118,9999.000,9999.000,9999.000,9999.000,9999.000,9999.000,9999.000
202606012300,   1.449,   2.250,   0.900,  -0.099,   2.250,   0.800,   2.150,   0.900,   2.250
202606012306,   1.581,   2.377,9999.000,9999.000,9999.000,9999.000,9999.000,9999.000,9999.000
202606012312,   1.718,   2.519,9999.000,9999.000,9999.000,9999.000,9999.000,9999.000,9999.000
202606012318,   1.857,   2.650,9999.000,9999.000,9999.000,9999.000,9999.000,9999.000,9999.000
202606012324,   1.999,   2.787,9999.000,9999.000,9999.000,9999.000,9999.000,9999.000,9999.000
202606012330,   2.142,   2.929,9999.000,9999.000,9999.000,9999.000,9999.000,9999.000,9999.000
202606012336,   2.285,   3.060,9999.000,9999.000,9999.000,9999.000,9999.000,9999.000,9999.000
202606012342,   2.428,   3.188,9999.000,9999.000,9999.000,9999.000,9999.000,9999.000,9999.000
202606012348,   2.570,   3.309,9999.000,9999.000,9999.000,9999.000,9999.000,9999.000,9999.000
202606012354,   2.710,   3.417,9999.000,9999.000,9999.000,9999.000,9999.000,9999.000,9999.000
202606020000,   2.847,   3.529,   0.800,  -0.118,   3.529,   0.700,   3.429,   0.800,   3.529
202606020006,   2.981,   3.637,9999.000,9999.000,9999.000,9999.000,9999.000,9999.000,9999.000
202606020012,   3.110,   3.739,9999.000,9999.000,9999.000,9999.000,9999.000,9999.000,9999.000
202606020018,   3.235,   3.827,9999.000,9999.000,9999.000,9999.000,9999.000,9999.000,9999.000
202606020024,   3.355,   3.919,9999.000,9999.000,9999.000,9999.000,9999.000,9999.000,9999.000
202606020030,   3.469,   3.998,9999.000,9999.000,9999.000,9999.000,9999.000,9999.000,9999.000
202606020036,   3.577,   4.080,9999.000,9999.000,9999.000,9999.000,9999.000,9999.000,9999.000
202606020042,   3.680,   4.149,9999.000,9999.000,9999.000,9999.000,9999.000,9999.000,9999.000
202606020048,   3.776,   4.227,9999.000,9999.000,9999.000,9999.000,9999.000,9999.000,9999.000
202606020054,   3.867,   4.300,9999.000,9999.000,9999.000,9999.000,9999.000,9999.000,9999.000
202606020100,   3.952,   4.368,   0.800,  -0.384,   4.368,   0.700,   4.268,   0.800,   4.368
202606020106,   4.031,   4.427,9999.000,9999.000,9999.000,9999.000,9999.000,9999.000,9999.000
202606020112,   4.105,   4.490,9999.000,9999.000,9999.000,9999.000,9999.000,9999.000,9999.000
202606020118,   4.173,   4.559,9999.000,9999.000,9999.000,9999.000,9999.000,9999.000,9999.000
202606020124,   4.237,   4.608,9999.000,9999.000,9999.000,9999.000,9999.000,9999.000,9999.000
202606020130,   4.296,   4.667,9999.000,9999.000,9999.000,9999.000,9999.000,9999.000,9999.000
202606020136,   4.351,   4.729,9999.000,9999.000,9999.000,9999.000,9999.000,9999.000,9999.000
202606020142,   4.402,   4.837,9999.000,9999.000,9999.000,9999.000,9999.000,9999.000,9999.000
202606020148,   4.449,   4.847,9999.000,9999.000,9999.000,9999.000,9999.000,9999.000,9999.000
202606020154,   4.493,   4.769,9999.000,9999.000,9999.000,9999.000,9999.000,9999.000,9999.000
202606020200,   4.534,   4.900,   0.800,  -0.434,   4.900,   0.700,   4.800,   0.800,   4.900
202606020206,   4.572,   4.939,9999.000,9999.000,9999.000,9999.000,9999.000,9999.000,9999.000
202606020212,   4.608,   4.998,9999.000,9999.000,9999.000,9999.000,9999.000,9999.000,9999.000
202606020218,   4.641,   5.057,9999.000,9999.000,9999.000,9999.000,9999.000,9999.000,9999.000
202606020224,   4.671,   5.077,9999.000,9999.000,9999.000,9999.000,9999.000,9999.000,9999.000
202606020230,   4.700,   5.129,9999.000,9999.000,9999.000,9999.000,9999.000,9999.000,9999.000
202606020236,   4.725,   5.159,9999.000,9999.000,9999.000,9999.000,9999.000,9999.000,9999.000
202606020242,   4.749,   5.198,9999.000,9999.000,9999.000,9999.000,9999.000,9999.000,9999.000
202606020248,   4.769,   5.228,9999.000,9999.000,9999.000,9999.000,9999.000,9999.000,9999.000
202606020254,   4.787,   5.247,9999.000,9999.000,9999.000,9999.000,9999.000,9999.000,9999.000
202606020300,   4.802,   5.267,   0.800,  -0.335,   5.267,   0.700,   5.167,   0.800,   5.267
202606020306,   4.814,   5.287,9999.000,9999.000,9999.000,9999.000,9999.000,9999.000,9999.000
202606020312,   4.823,   5.307,9999.000,9999.000,9999.000,9999.000,9999.000,9999.000,9999.000
202606020318,   4.828,   5.329,9999.000,9999.000,9999.000,9999.000,9999.000,9999.000,9999.000
202606020324,   4.829,   5.329,9999.000,9999.000,9999.000,9999.000,9999.000,9999.000,9999.000
202606020330,   4.827,   5.339,9999.000,9999.000,9999.000,9999.000,9999.000,9999.000,9999.000
202606020336,   4.820,   5.339,9999.000,9999.000,9999.000,9999.000,9999.000,9999.000,9999.000
202606020342,   4.809,   5.339,9999.000,9999.000,9999.000,9999.000,9999.000,9999.000,9999.000
202606020348,   4.793,   5.329,9999.000,9999.000,9999.000,9999.000,9999.000,9999.000,9999.000
202606020354,   4.772,   5.320,9999.000,9999.000,9999.000,9999.000,9999.000,9999.000,9999.000
202606020400,   4.747,   5.297,   0.800,  -0.250,   5.297,   0.700,   5.197,   0.800,   5.297
202606020406,   4.717,   5.257,9999.000,9999.000,9999.000,9999.000,9999.000,9999.000,9999.000
202606020412,   4.682,   5.228,9999.000,9999.000,9999.000,9999.000,9999.000,9999.000,9999.000
202606020418,   4.642,   5.179,9999.000,9999.000,9999.000,9999.000,9999.000,9999.000,9999.000
202606020424,   4.598,   5.129,9999.000,9999.000,9999.000,9999.000,9999.000,9999.000,9999.000
202606020430,   4.549,   5.067,9999.000,9999.000,9999.000,9999.000,9999.000,9999.000,9999.000
202606020436,   4.495,   5.018,9999.000,9999.000,9999.000,9999.000,9999.000,9999.000,9999.000
202606020442,   4.436,   4.959,9999.000,9999.000,9999.000,9999.000,9999.000,9999.000,9999.000
202606020448,   4.374,   4.887,9999.000,9999.000,9999.000,9999.000,9999.000,9999.000,9999.000
202606020454,   4.307,   4.798,9999.000,9999.000,9999.000,9999.000,9999.000,9999.000,9999.000
202606020500,   4.237,   4.719,   0.800,  -0.318,   4.719,   0.700,   4.619,   0.800,   4.719
202606020506,   4.163,   4.628,9999.000,9999.000,9999.000,9999.000,9999.000,9999.000,9999.000
202606020512,   4.085,   4.529,9999.000,9999.000,9999.000,9999.000,9999.000,9999.000,9999.000
202606020518,   4.005,   4.437,9999.000,9999.000,9999.000,9999.000,9999.000,9999.000,9999.000
202606020524,   3.922,   4.339,9999.000,9999.000,9999.000,9999.000,9999.000,9999.000,9999.000
202606020530,   3.836,   4.247,9999.000,9999.000,9999.000,9999.000,9999.000,9999.000,9999.000
202606020536,   3.748,   4.149,9999.000,9999.000,9999.000,9999.000,9999.000,9999.000,9999.000
202606020542,   3.658,   4.047,9999.000,9999.000,9999.000,9999.000,9999.000,9999.000,9999.000
202606020548,   3.566,   3.949,9999.000,9999.000,9999.000,9999.000,9999.000,9999.000,9999.000
202606020554,   3.472,   3.860,9999.000,9999.000,9999.000,9999.000,9999.000,9999.000,9999.000
202606020600,   3.378,   3.758,   0.600,  -0.220,   3.758,   0.600,   3.758,   0.700,   3.858
202606020606,   3.283,   3.637,9999.000,9999.000,9999.000,9999.000,9999.000,9999.000,9999.000
202606020612,   3.186,   3.529,9999.000,9999.000,9999.000,9999.000,9999.000,9999.000,9999.000
202606020618,   3.090,   3.417,9999.000,9999.000,9999.000,9999.000,9999.000,9999.000,9999.000
202606020624,   2.993,   3.319,9999.000,9999.000,9999.000,9999.000,9999.000,9999.000,9999.000
202606020630,   2.896,   3.230,9999.000,9999.000,9999.000,9999.000,9999.000,9999.000,9999.000
202606020636,   2.799,   3.119,9999.000,9999.000,9999.000,9999.000,9999.000,9999.000,9999.000
202606020642,   2.702,   3.017,9999.000,9999.000,9999.000,9999.000,9999.000,9999.000,9999.000
202606020648,   2.606,   2.938,9999.000,9999.000,9999.000,9999.000,9999.000,9999.000,9999.000
202606020654,   2.511,   2.840,9999.000,9999.000,9999.000,9999.000,9999.000,9999.000,9999.000
202606020700,   2.416,   2.748,   0.600,  -0.268,   2.748,   0.600,   2.748,   0.700,   2.848
202606020706,   2.322,   2.660,9999.000,9999.000,9999.000,9999.000,9999.000,9999.000,9999.000
202606020712,   2.228,   2.578,9999.000,9999.000,9999.000,9999.000,9999.000,9999.000,9999.000
202606020718,   2.136,   2.489,9999.000,9999.000,9999.000,9999.000,9999.000,9999.000,9999.000
202606020724,   2.045,   2.400,9999.000,9999.000,9999.000,9999.000,9999.000,9999.000,9999.000
202606020730,   1.954,   2.328,9999.000,9999.000,9999.000,9999.000,9999.000,9999.000,9999.000
202606020736,   1.865,   2.240,9999.000,9999.000,9999.000,9999.000,9999.000,9999.000,9999.000
202606020742,   1.777,   2.158,9999.000,9999.000,9999.000,9999.000,9999.000,9999.000,9999.000
202606020748,   1.689,   2.069,9999.000,9999.000,9999.000,9999.000,9999.000,9999.000,9999.000
202606020754,   1.603,   1.990,9999.000,9999.000,9999.000,9999.000,9999.000,9999.000,9999.000
202606020800,   1.518,   1.908,   0.600,  -0.210,   1.908,   0.600,   1.908,   0.600,   1.908
202606020806,   1.435,   1.830,9999.000,9999.000,9999.000,9999.000,9999.000,9999.000,9999.000
202606020812,   1.352,   1.738,9999.000,9999.000,9999.000,9999.000,9999.000,9999.000,9999.000
202606020818,   1.270,   1.669,9999.000,9999.000,9999.000,9999.000,9999.000,9999.000,9999.000
202606020824,   1.190,   1.639,9999.000,9999.000,9999.000,9999.000,9999.000,9999.000,9999.000
202606020830,   1.112,   1.580,9999.000,9999.000,9999.000,9999.000,9999.000,9999.000,9999.000
202606020836,   1.035,   1.420,9999.000,9999.000,9999.000,9999.000,9999.000,9999.000,9999.000
202606020842,   0.959,   1.348,9999.000,9999.000,9999.000,9999.000,9999.000,9999.000,9999.000
202606020848,   0.886,   1.269,9999.000,9999.000,9999.000,9999.000,9999.000,9999.000,9999.000
202606020854,   0.815,   1.200,9999.000,9999.000,9999.000,9999.000,9999.000,9999.000,9999.000
202606020900,   0.746,   1.138,   0.600,  -0.208,   1.138,   0.600,   1.138,   0.600,   1.138
202606020906,   0.680,   1.069,9999.000,9999.000,9999.000,9999.000,9999.000,9999.000,9999.000
202606020912,   0.618,   0.990,9999.000,9999.000,9999.000,9999.000,9999.000,9999.000,9999.000
202606020918,   0.559,   0.918,9999.000,9999.000,9999.000,9999.000,9999.000,9999.000,9999.000
202606020924,   0.505,   0.879,9999.000,9999.000,9999.000,9999.000,9999.000,9999.000,9999.000
202606020930,   0.455,   0.839,9999.000,9999.000,9999.000,9999.000,9999.000,9999.000,9999.000
202606020936,   0.410,   0.780,9999.000,9999.000,9999.000,9999.000,9999.000,9999.000,9999.000
202606020942,   0.371,   0.708,9999.000,9999.000,9999.000,9999.000,9999.000,9999.000,9999.000
202606020948,   0.338,   0.669,9999.000,9999.000,9999.000,9999.000,9999.000,9999.000,9999.000
202606020954,   0.312,   0.649,9999.000,9999.000,9999.000,9999.000,9999.000,9999.000,9999.000
202606021000,   0.294,   0.629,   0.600,  -0.265,   0.629,   0.600,   0.629,   0.600,   0.629
202606021006,   0.282,   0.610,9999.000,9999.000,9999.000,9999.000,9999.000,9999.000,9999.000
202606021012,   0.279,   0.580,9999.000,9999.000,9999.000,9999.000,9999.000,9999.000,9999.000
202606021018,   0.285,   0.570,9999.000,9999.000,9999.000,9999.000,9999.000,9999.000,9999.000
202606021024,   0.299,   0.570,9999.000,9999.000,9999.000,9999.000,9999.000,9999.000,9999.000
202606021030,   0.323,   0.580,9999.000,9999.000,9999.000,9999.000,9999.000,9999.000,9999.000
202606021036,   0.355,   0.590,9999.000,9999.000,9999.000,9999.000,9999.000,9999.000,9999.000
202606021042,   0.397,   0.619,9999.000,9999.000,9999.000,9999.000,9999.000,9999.000,9999.000
202606021048,   0.448,   0.649,9999.000,9999.000,9999.000,9999.000,9999.000,9999.000,9999.000
202606021054,   0.507,   0.688,9999.000,9999.000,9999.000,9999.000,9999.000,9999.000,9999.000
202606021100,   0.576,   0.718,   0.600,  -0.458,   0.718,   0.500,   0.618,   0.600,   0.718
202606021106,   0.653,   0.780,9999.000,9999.000,9999.000,9999.000,9999.000,9999.000,9999.000
202606021112,   0.738,   0.849,9999.000,9999.000,9999.000,9999.000,9999.000,9999.000,9999.000
202606021118,   0.830,   0.941,9999.000,9999.000,9999.000,9999.000,9999.000,9999.000,9999.000
202606021124,   0.929,   1.039,9999.000,9999.000,9999.000,9999.000,9999.000,9999.000,9999.000
202606021130,   1.034,   1.180,9999.000,9999.000,9999.000,9999.000,9999.000,9999.000,9999.000
202606021136,   1.144,   1.289,9999.000,9999.000,9999.000,9999.000,9999.000,9999.000,9999.000
202606021142,   1.258,   1.400,9999.000,9999.000,9999.000,9999.000,9999.000,9999.000,9999.000
202606021148,   1.376,   1.528,9999.000,9999.000,9999.000,9999.000,9999.000,9999.000,9999.000
202606021154,   1.497,   1.649,9999.000,9999.000,9999.000,9999.000,9999.000,9999.000,9999.000
202606021200,   1.619,   1.649,   0.500,  -0.470,   1.649,   0.500,   1.649,   0.600,   1.749
202606021206,   1.742,9999.000,9999.000,9999.000,9999.000,9999.000,9999.000,9999.000,9999.000
202606021212,   1.865,9999.000,9999.000,9999.000,9999.000,9999.000,9999.000,9999.000,9999.000
202606021218,   1.987,9999.000,9999.000,9999.000,9999.000,9999.000,9999.000,9999.000,9999.000
202606021224,   2.107,9999.000,9999.000,9999.000,9999.000,9999.000,9999.000,9999.000,9999.000
202606021230,   2.225,9999.000,9999.000,9999.000,9999.000,9999.000,9999.000,9999.000,9999.000
202606021236,   2.339,9999.000,9999.000,9999.000,9999.000,9999.000,9999.000,9999.000,9999.000
202606021242,   2.450,9999.000,9999.000,9999.000,9999.000,9999.000,9999.000,9999.000,9999.000
202606021248,   2.557,9999.000,9999.000,9999.000,9999.000,9999.000,9999.000,9999.000,9999.000
202606021254,   2.659,9999.000,9999.000,9999.000,9999.000,9999.000,9999.000,9999.000,9999.000
202606021300,   2.755,9999.000,   0.500,  -0.442,   2.813,   0.500,   2.813,   0.600,   2.913
202606021306,   2.847,9999.000,9999.000,9999.000,9999.000,9999.000,9999.000,9999.000,9999.000
202606021312,   2.934,9999.000,9999.000,9999.000,9999.000,9999.000,9999.000,9999.000,9999.000
202606021318,   3.015,9999.000,9999.000,9999.000,9999.000,9999.000,9999.000,9999.000,9999.000
202606021324,   3.091,9999.000,9999.000,9999.000,9999.000,9999.000,9999.000,9999.000,9999.000
202606021330,   3.162,9999.000,9999.000,9999.000,9999.000,9999.000,9999.000,9999.000,9999.000
202606021336,   3.228,9999.000,9999.000,9999.000,9999.000,9999.000,9999.000,9999.000,9999.000
202606021342,   3.289,9999.000,9999.000,9999.000,9999.000,9999.000,9999.000,9999.000,9999.000
202606021348,   3.346,9999.000,9999.000,9999.000,9999.000,9999.000,9999.000,9999.000,9999.000
202606021354,   3.398,9999.000,9999.000,9999.000,9999.000,9999.000,9999.000,9999.000,9999.000
202606021400,   3.447,9999.000,   0.500,  -0.414,   3.533,   0.500,   3.533,   0.600,   3.633
202606021406,   3.492,9999.000,9999.000,9999.000,9999.000,9999.000,9999.000,9999.000,9999.000
202606021412,   3.533,9999.000,9999.000,9999.000,9999.000,9999.000,9999.000,9999.000,9999.000
202606021418,   3.572,9999.000,9999.000,9999.000,9999.000,9999.000,9999.000,9999.000,9999.000
202606021424,   3.607,9999.000,9999.000,9999.000,9999.000,9999.000,9999.000,9999.000,9999.000
202606021430,   3.641,9999.000,9999.000,9999.000,9999.000,9999.000,9999.000,9999.000,9999.000
202606021436,   3.671,9999.000,9999.000,9999.000,9999.000,9999.000,9999.000,9999.000,9999.000
202606021442,   3.699,9999.000,9999.000,9999.000,9999.000,9999.000,9999.000,9999.000,9999.000
202606021448,   3.725,9999.000,9999.000,9999.000,9999.000,9999.000,9999.000,9999.000,9999.000
202606021454,   3.749,9999.000,9999.000,9999.000,9999.000,9999.000,9999.000,9999.000,9999.000
202606021500,   3.770,9999.000,   0.500,  -0.385,   3.885,   0.500,   3.885,   0.500,   3.885
202606021506,   3.789,9999.000,9999.000,9999.000,9999.000,9999.000,9999.000,9999.000,9999.000
202606021512,   3.805,9999.000,9999.000,9999.000,9999.000,9999.000,9999.000,9999.000,9999.000
202606021518,   3.818,9999.000,9999.000,9999.000,9999.000,9999.000,9999.000,9999.000,9999.000
202606021524,   3.829,9999.000,9999.000,9999.000,9999.000,9999.000,9999.000,9999.000,9999.000
202606021530,   3.836,9999.000,9999.000,9999.000,9999.000,9999.000,9999.000,9999.000,9999.000
202606021536,   3.840,9999.000,9999.000,9999.000,9999.000,9999.000,9999.000,9999.000,9999.000
202606021542,   3.840,9999.000,9999.000,9999.000,9999.000,9999.000,9999.000,9999.000,9999.000
202606021548,   3.836,9999.000,9999.000,9999.000,9999.000,9999.000,9999.000,9999.000,9999.000
202606021554,   3.828,9999.000,9999.000,9999.000,9999.000,9999.000,9999.000,9999.000,9999.000
202606021600,   3.816,9999.000,   0.500,  -0.357,   3.959,   0.500,   3.959,   0.500,   3.959
202606021606,   3.800,9999.000,9999.000,9999.000,9999.000,9999.000,9999.000,9999.000,9999.000
202606021612,   3.778,9999.000,9999.000,9999.000,9999.000,9999.000,9999.000,9999.000,9999.000
202606021618,   3.752,9999.000,9999.000,9999.000,9999.000,9999.000,9999.000,9999.000,9999.000
202606021624,   3.721,9999.000,9999.000,9999.000,9999.000,9999.000,9999.000,9999.000,9999.000
202606021630,   3.685,9999.000,9999.000,9999.000,9999.000,9999.000,9999.000,9999.000,9999.000
202606021636,   3.644,9999.000,9999.000,9999.000,9999.000,9999.000,9999.000,9999.000,9999.000
202606021642,   3.598,9999.000,9999.000,9999.000,9999.000,9999.000,9999.000,9999.000,9999.000
202606021648,   3.547,9999.000,9999.000,9999.000,9999.000,9999.000,9999.000,9999.000,9999.000
202606021654,   3.491,9999.000,9999.000,9999.000,9999.000,9999.000,9999.000,9999.000,9999.000
202606021700,   3.431,9999.000,   0.500,  -0.329,   3.602,   0.500,   3.602,   0.500,   3.602
202606021706,   3.366,9999.000,9999.000,9999.000,9999.000,9999.000,9999.000,9999.000,9999.000
202606021712,   3.298,9999.000,9999.000,9999.000,9999.000,9999.000,9999.000,9999.000,9999.000
202606021718,   3.225,9999.000,9999.000,9999.000,9999.000,9999.000,9999.000,9999.000,9999.000
202606021724,   3.149,9999.000,9999.000,9999.000,9999.000,9999.000,9999.000,9999.000,9999.000
202606021730,   3.069,9999.000,9999.000,9999.000,9999.000,9999.000,9999.000,9999.000,9999.000
202606021736,   2.987,9999.000,9999.000,9999.000,9999.000,9999.000,9999.000,9999.000,9999.000
202606021742,   2.901,9999.000,9999.000,9999.000,9999.000,9999.000,9999.000,9999.000,9999.000
202606021748,   2.814,9999.000,9999.000,9999.000,9999.000,9999.000,9999.000,9999.000,9999.000
202606021754,   2.725,9999.000,9999.000,9999.000,9999.000,9999.000,9999.000,9999.000,9999.000
202606021800,   2.634,9999.000,   0.500,  -0.301,   2.833,   0.400,   2.733,   0.500,   2.833
202606021806,   2.541,9999.000,9999.000,9999.000,9999.000,9999.000,9999.000,9999.000,9999.000
202606021812,   2.448,9999.000,9999.000,9999.000,9999.000,9999.000,9999.000,9999.000,9999.000
202606021818,   2.355,9999.000,9999.000,9999.000,9999.000,9999.000,9999.000,9999.000,9999.000
202606021824,   2.261,9999.000,9999.000,9999.000,9999.000,9999.000,9999.000,9999.000,9999.000
202606021830,   2.167,9999.000,9999.000,9999.000,9999.000,9999.000,9999.000,9999.000,9999.000
202606021836,   2.074,9999.000,9999.000,9999.000,9999.000,9999.000,9999.000,9999.000,9999.000
202606021842,   1.982,9999.000,9999.000,9999.000,9999.000,9999.000,9999.000,9999.000,9999.000
202606021848,   1.891,9999.000,9999.000,9999.000,9999.000,9999.000,9999.000,9999.000,9999.000
202606021854,   1.801,9999.000,9999.000,9999.000,9999.000,9999.000,9999.000,9999.000,9999.000
202606021900,   1.712,9999.000,   0.500,  -0.273,   1.939,   0.400,   1.839,   0.500,   1.939
202606021906,   1.626,9999.000,9999.000,9999.000,9999.000,9999.000,9999.000,9999.000,9999.000
202606021912,   1.542,9999.000,9999.000,9999.000,9999.000,9999.000,9999.000,9999.000,9999.000
202606021918,   1.460,9999.000,9999.000,9999.000,9999.000,9999.000,9999.000,9999.000,9999.000
202606021924,   1.380,9999.000,9999.000,9999.000,9999.000,9999.000,9999.000,9999.000,9999.000
202606021930,   1.303,9999.000,9999.000,9999.000,9999.000,9999.000,9999.000,9999.000,9999.000
202606021936,   1.229,9999.000,9999.000,9999.000,9999.000,9999.000,9999.000,9999.000,9999.000
202606021942,   1.157,9999.000,9999.000,9999.000,9999.000,9999.000,9999.000,9999.000,9999.000
202606021948,   1.088,9999.000,9999.000,9999.000,9999.000,9999.000,9999.000,9999.000,9999.000
202606021954,   1.022,9999.000,9999.000,9999.000,9999.000,9999.000,9999.000,9999.000,9999.000
202606022000,   0.959,9999.000,   0.500,  -0.244,   1.215,   0.500,   1.215,   0.500,   1.215
202606022006,   0.899,9999.000,9999.000,9999.000,9999.000,9999.000,9999.000,9999.000,9999.000
202606022012,   0.842,9999.000,9999.000,9999.000,9999.000,9999.000,9999.000,9999.000,9999.000
202606022018,   0.788,9999.000,9999.000,9999.000,9999.000,9999.000,9999.000,9999.000,9999.000
202606022024,   0.737,9999.000,9999.000,9999.000,9999.000,9999.000,9999.000,9999.000,9999.000
202606022030,   0.689,9999.000,9999.000,9999.000,9999.000,9999.000,9999.000,9999.000,9999.000
202606022036,   0.644,9999.000,9999.000,9999.000,9999.000,9999.000,9999.000,9999.000,9999.000
202606022042,   0.601,9999.000,9999.000,9999.000,9999.000,9999.000,9999.000,9999.000,9999.000
202606022048,   0.562,9999.000,9999.000,9999.000,9999.000,9999.000,9999.000,9999.000,9999.000
202606022054,   0.525,9999.000,9999.000,9999.000,9999.000,9999.000,9999.000,9999.000,9999.000
202606022100,   0.492,9999.000,   0.500,  -0.216,   0.776,   0.500,   0.776,   0.500,   0.776
202606022106,   0.461,9999.000,9999.000,9999.000,9999.000,9999.000,9999.000,9999.000,9999.000
202606022112,   0.434,9999.000,9999.000,9999.000,9999.000,9999.000,9999.000,9999.000,9999.000
202606022118,   0.410,9999.000,9999.000,9999.000,9999.000,9999.000,9999.000,9999.000,9999.000
202606022124,   0.390,9999.000,9999.000,9999.000,9999.000,9999.000,9999.000,9999.000,9999.000
202606022130,   0.374,9999.000,9999.000,9999.000,9999.000,9999.000,9999.000,9999.000,9999.000
202606022136,   0.362,9999.000,9999.000,9999.000,9999.000,9999.000,9999.000,9999.000,9999.000
202606022142,   0.354,9999.000,9999.000,9999.000,9999.000,9999.000,9999.000,9999.000,9999.000
202606022148,   0.351,9999.000,9999.000,9999.000,9999.000,9999.000,9999.000,9999.000,9999.000
202606022154,   0.352,9999.000,9999.000,9999.000,9999.000,9999.000,9999.000,9999.000,9999.000
202606022200,   0.360,9999.000,   0.500,  -0.188,   0.672,   0.500,   0.672,   0.600,   0.772
202606022206,   0.373,9999.000,9999.000,9999.000,9999.000,9999.000,9999.000,9999.000,9999.000
202606022212,   0.392,9999.000,9999.000,9999.000,9999.000,9999.000,9999.000,9999.000,9999.000
202606022218,   0.418,9999.000,9999.000,9999.000,9999.000,9999.000,9999.000,9999.000,9999.000
202606022224,   0.451,9999.000,9999.000,9999.000,9999.000,9999.000,9999.000,9999.000,9999.000
202606022230,   0.491,9999.000,9999.000,9999.000,9999.000,9999.000,9999.000,9999.000,9999.000
202606022236,   0.538,9999.000,9999.000,9999.000,9999.000,9999.000,9999.000,9999.000,9999.000
202606022242,   0.593,9999.000,9999.000,9999.000,9999.000,9999.000,9999.000,9999.000,9999.000
202606022248,   0.657,9999.000,9999.000,9999.000,9999.000,9999.000,9999.000,9999.000,9999.000
202606022254,   0.728,9999.000,9999.000,9999.000,9999.000,9999.000,9999.000,9999.000,9999.000
202606022300,   0.807,9999.000,   0.500,  -0.160,   1.147,   0.500,   1.147,   0.600,   1.247
202606022306,   0.894,9999.000,9999.000,9999.000,9999.000,9999.000,9999.000,9999.000,9999.000
202606022312,   0.989,9999.000,9999.000,9999.000,9999.000,9999.000,9999.000,9999.000,9999.000
202606022318,   1.091,9999.000,9999.000,9999.000,9999.000,9999.000,9999.000,9999.000,9999.000
202606022324,   1.201,9999.000,9999.000,9999.000,9999.000,9999.000,9999.000,9999.000,9999.000
202606022330,   1.318,9999.000,9999.000,9999.000,9999.000,9999.000,9999.000,9999.000,9999.000
202606022336,   1.440,9999.000,9999.000,9999.000,9999.000,9999.000,9999.000,9999.000,9999.000
202606022342,   1.568,9999.000,9999.000,9999.000,9999.000,9999.000,9999.000,9999.000,9999.000
202606022348,   1.701,9999.000,9999.000,9999.000,9999.000,9999.000,9999.000,9999.000,9999.000
202606022354,   1.839,9999.000,9999.000,9999.000,9999.000,9999.000,9999.000,9999.000,9999.000
202606030000,   1.979,9999.000,   0.600,  -0.132,   2.447,   0.500,   2.347,   0.600,   2.447
202606030006,   2.122,9999.000,9999.000,9999.000,9999.000,9999.000,9999.000,9999.000,9999.000
202606030012,   2.266,9999.000,9999.000,9999.000,9999.000,9999.000,9999.000,9999.000,9999.000
202606030018,   2.410,9999.000,9999.000,9999.000,9999.000,9999.000,9999.000,9999.000,9999.000
202606030024,   2.555,9999.000,9999.000,9999.000,9999.000,9999.000,9999.000,9999.000,9999.000
202606030030,   2.697,9999.000,9999.000,9999.000,9999.000,9999.000,9999.000,9999.000,9999.000
202606030036,   2.838,9999.000,9999.000,9999.000,9999.000,9999.000,9999.000,9999.000,9999.000
202606030042,   2.976,9999.000,9999.000,9999.000,9999.000,9999.000,9999.000,9999.000,9999.000
202606030048,   3.109,9999.000,9999.000,9999.000,9999.000,9999.000,9999.000,9999.000,9999.000
202606030054,   3.239,9999.000,9999.000,9999.000,9999.000,9999.000,9999.000,9999.000,9999.000
202606030100,   3.363,9999.000,   0.600,  -0.132,   3.831,   0.500,   3.731,   0.700,   3.931
202606030106,   3.481,9999.000,9999.000,9999.000,9999.000,9999.000,9999.000,9999.000,9999.000
202606030112,   3.593,9999.000,9999.000,9999.000,9999.000,9999.000,9999.000,9999.000,9999.000
202606030118,   3.699,9999.000,9999.000,9999.000,9999.000,9999.000,9999.000,9999.000,9999.000
202606030124,   3.798,9999.000,9999.000,9999.000,9999.000,9999.000,9999.000,9999.000,9999.000
202606030130,   3.890,9999.000,9999.000,9999.000,9999.000,9999.000,9999.000,9999.000,9999.000
202606030136,   3.976,9999.000,9999.000,9999.000,9999.000,9999.000,9999.000,9999.000,9999.000
202606030142,   4.055,9999.000,9999.000,9999.000,9999.000,9999.000,9999.000,9999.000,9999.000
202606030148,   4.127,9999.000,9999.000,9999.000,9999.000,9999.000,9999.000,9999.000,9999.000
202606030154,   4.192,9999.000,9999.000,9999.000,9999.000,9999.000,9999.000,9999.000,9999.000
202606030200,   4.252,9999.000,   0.600,  -0.132,   4.720,   0.500,   4.620,   0.700,   4.820
202606030206,   4.306,9999.000,9999.000,9999.000,9999.000,9999.000,9999.000,9999.000,9999.000
202606030212,   4.354,9999.000,9999.000,9999.000,9999.000,9999.000,9999.000,9999.000,9999.000
202606030218,   4.398,9999.000,9999.000,9999.000,9999.000,9999.000,9999.000,9999.000,9999.000
202606030224,   4.437,9999.000,9999.000,9999.000,9999.000,9999.000,9999.000,9999.000,9999.000
202606030230,   4.472,9999.000,9999.000,9999.000,9999.000,9999.000,9999.000,9999.000,9999.000
202606030236,   4.503,9999.000,9999.000,9999.000,9999.000,9999.000,9999.000,9999.000,9999.000
202606030242,   4.531,9999.000,9999.000,9999.000,9999.000,9999.000,9999.000,9999.000,9999.000
202606030248,   4.556,9999.000,9999.000,9999.000,9999.000,9999.000,9999.000,9999.000,9999.000
202606030254,   4.578,9999.000,9999.000,9999.000,9999.000,9999.000,9999.000,9999.000,9999.000
202606030300,   4.598,9999.000,   0.600,  -0.132,   5.066,   0.600,   5.066,   0.700,   5.166
202606030306,   4.616,9999.000,9999.000,9999.000,9999.000,9999.000,9999.000,9999.000,9999.000
202606030312,   4.632,9999.000,9999.000,9999.000,9999.000,9999.000,9999.000,9999.000,9999.000
202606030318,   4.646,9999.000,9999.000,9999.000,9999.000,9999.000,9999.000,9999.000,9999.000
202606030324,   4.658,9999.000,9999.000,9999.000,9999.000,9999.000,9999.000,9999.000,9999.000
202606030330,   4.668,9999.000,9999.000,9999.000,9999.000,9999.000,9999.000,9999.000,9999.000
202606030336,   4.676,9999.000,9999.000,9999.000,9999.000,9999.000,9999.000,9999.000,9999.000
202606030342,   4.682,9999.000,9999.000,9999.000,9999.000,9999.000,9999.000,9999.000,9999.000
202606030348,   4.686,9999.000,9999.000,9999.000,9999.000,9999.000,9999.000,9999.000,9999.000
202606030354,   4.687,9999.000,9999.000,9999.000,9999.000,9999.000,9999.000,9999.000,9999.000
202606030400,   4.686,9999.000,   0.700,  -0.132,   5.254,   0.600,   5.154,   0.800,   5.354
202606030406,   4.682,9999.000,9999.000,9999.000,9999.000,9999.000,9999.000,9999.000,9999.000
202606030412,   4.675,9999.000,9999.000,9999.000,9999.000,9999.000,9999.000,9999.000,9999.000
202606030418,   4.665,9999.000,9999.000,9999.000,9999.000,9999.000,9999.000,9999.000,9999.000
202606030424,   4.651,9999.000,9999.000,9999.000,9999.000,9999.000,9999.000,9999.000,9999.000
202606030430,   4.634,9999.000,9999.000,9999.000,9999.000,9999.000,9999.000,9999.000,9999.000
202606030436,   4.612,9999.000,9999.000,9999.000,9999.000,9999.000,9999.000,9999.000,9999.000
202606030442,   4.587,9999.000,9999.000,9999.000,9999.000,9999.000,9999.000,9999.000,9999.000
202606030448,   4.557,9999.000,9999.000,9999.000,9999.000,9999.000,9999.000,9999.000,9999.000
202606030454,   4.523,9999.000,9999.000,9999.000,9999.000,9999.000,9999.000,9999.000,9999.000
202606030500,   4.484,9999.000,   0.700,  -0.132,   5.052,   0.600,   4.952,   0.800,   5.152
202606030506,   4.441,9999.000,9999.000,9999.000,9999.000,9999.000,9999.000,9999.000,9999.000
202606030512,   4.394,9999.000,9999.000,9999.000,9999.000,9999.000,9999.000,9999.000,9999.000
202606030518,   4.342,9999.000,9999.000,9999.000,9999.000,9999.000,9999.000,9999.000,9999.000
202606030524,   4.286,9999.000,9999.000,9999.000,9999.000,9999.000,9999.000,9999.000,9999.000
202606030530,   4.225,9999.000,9999.000,9999.000,9999.000,9999.000,9999.000,9999.000,9999.000
202606030536,   4.161,9999.000,9999.000,9999.000,9999.000,9999.000,9999.000,9999.000,9999.000
202606030542,   4.093,9999.000,9999.000,9999.000,9999.000,9999.000,9999.000,9999.000,9999.000
202606030548,   4.021,9999.000,9999.000,9999.000,9999.000,9999.000,9999.000,9999.000,9999.000
202606030554,   3.945,9999.000,9999.000,9999.000,9999.000,9999.000,9999.000,9999.000,9999.000
202606030600,   3.867,9999.000,   0.700,  -0.132,   4.435,   0.600,   4.335,   0.800,   4.535
202606030606,   3.785,9999.000,9999.000,9999.000,9999.000,9999.000,9999.000,9999.000,9999.000
202606030612,   3.700,9999.000,9999.000,9999.000,9999.000,9999.000,9999.000,9999.000,9999.000
202606030618,   3.614,9999.000,9999.000,9999.000,9999.000,9999.000,9999.000,9999.000,9999.000
202606030624,   3.525,9999.000,9999.000,9999.000,9999.000,9999.000,9999.000,9999.000,9999.000
202606030630,   3.434,9999.000,9999.000,9999.000,9999.000,9999.000,9999.000,9999.000,9999.000
202606030636,   3.341,9999.000,9999.000,9999.000,9999.000,9999.000,9999.000,9999.000,9999.000
202606030642,   3.247,9999.000,9999.000,9999.000,9999.000,9999.000,9999.000,9999.000,9999.000
202606030648,   3.152,9999.000,9999.000,9999.000,9999.000,9999.000,9999.000,9999.000,9999.000
202606030654,   3.056,9999.000,9999.000,9999.000,9999.000,9999.000,9999.000,9999.000,9999.000
202606030700,   2.960,9999.000,   0.700,  -0.132,   3.528,   0.600,   3.428,   0.800,   3.628
202606030706,   2.863,9999.000,9999.000,9999.000,9999.000,9999.000,9999.000,9999.000,9999.000
202606030712,   2.767,9999.000,9999.000,9999.000,9999.000,9999.000,9999.000,9999.000,9999.000
202606030718,   2.670,9999.000,9999.000,9999.000,9999.000,9999.000,9999.000,9999.000,9999.000
202606030724,   2.574,9999.000,9999.000,9999.000,9999.000,9999.000,9999.000,9999.000,9999.000
202606030730,   2.478,9999.000,9999.000,9999.000,9999.000,9999.000,9999.000,9999.000,9999.000
202606030736,   2.383,9999.000,9999.000,9999.000,9999.000,9999.000,9999.000,9999.000,9999.000
202606030742,   2.289,9999.000,9999.000,9999.000,9999.000,9999.000,9999.000,9999.000,9999.000
202606030748,   2.196,9999.000,9999.000,9999.000,9999.000,9999.000,9999.000,9999.000,9999.000
202606030754,   2.104,9999.000,9999.000,9999.000,9999.000,9999.000,9999.000,9999.000,9999.000
202606030800,   2.013,9999.000,   0.800,  -0.132,   2.681,   0.600,   2.481,   0.900,   2.781
202606030806,   1.924,9999.000,9999.000,9999.000,9999.000,9999.000,9999.000,9999.000,9999.000
202606030812,   1.836,9999.000,9999.000,9999.000,9999.000,9999.000,9999.000,9999.000,9999.000
202606030818,   1.750,9999.000,9999.000,9999.000,9999.000,9999.000,9999.000,9999.000,9999.000
202606030824,   1.665,9999.000,9999.000,9999.000,9999.000,9999.000,9999.000,9999.000,9999.000
202606030830,   1.582,9999.000,9999.000,9999.000,9999.000,9999.000,9999.000,9999.000,9999.000
202606030836,   1.500,9999.000,9999.000,9999.000,9999.000,9999.000,9999.000,9999.000,9999.000
202606030842,   1.421,9999.000,9999.000,9999.000,9999.000,9999.000,9999.000,9999.000,9999.000
202606030848,   1.343,9999.000,9999.000,9999.000,9999.000,9999.000,9999.000,9999.000,9999.000
202606030854,   1.266,9999.000,9999.000,9999.000,9999.000,9999.000,9999.000,9999.000,9999.000
202606030900,   1.192,9999.000,   0.800,  -0.132,   1.860,   0.700,   1.760,   0.900,   1.960
202606030906,   1.119,9999.000,9999.000,9999.000,9999.000,9999.000,9999.000,9999.000,9999.000
202606030912,   1.049,9999.000,9999.000,9999.000,9999.000,9999.000,9999.000,9999.000,9999.000
202606030918,   0.980,9999.000,9999.000,9999.000,9999.000,9999.000,9999.000,9999.000,9999.000
202606030924,   0.914,9999.000,9999.000,9999.000,9999.000,9999.000,9999.000,9999.000,9999.000
202606030930,   0.850,9999.000,9999.000,9999.000,9999.000,9999.000,9999.000,9999.000,9999.000
202606030936,   0.788,9999.000,9999.000,9999.000,9999.000,9999.000,9999.000,9999.000,9999.000
202606030942,   0.730,9999.000,9999.000,9999.000,9999.000,9999.000,9999.000,9999.000,9999.000
202606030948,   0.674,9999.000,9999.000,9999.000,9999.000,9999.000,9999.000,9999.000,9999.000
202606030954,   0.622,9999.000,9999.000,9999.000,9999.000,9999.000,9999.000,9999.000,9999.000
202606031000,   0.573,9999.000,   0.800,  -0.132,   1.241,   0.700,   1.141,   0.900,   1.341
202606031006,   0.529,9999.000,9999.000,9999.000,9999.000,9999.000,9999.000,9999.000,9999.000
202606031012,   0.488,9999.000,9999.000,9999.000,9999.000,9999.000,9999.000,9999.000,9999.000
202606031018,   0.453,9999.000,9999.000,9999.000,9999.000,9999.000,9999.000,9999.000,9999.000
202606031024,   0.423,9999.000,9999.000,9999.000,9999.000,9999.000,9999.000,9999.000,9999.000
202606031030,   0.399,9999.000,9999.000,9999.000,9999.000,9999.000,9999.000,9999.000,9999.000
202606031036,   0.381,9999.000,9999.000,9999.000,9999.000,9999.000,9999.000,9999.000,9999.000
202606031042,   0.370,9999.000,9999.000,9999.000,9999.000,9999.000,9999.000,9999.000,9999.000
202606031048,   0.366,9999.000,9999.000,9999.000,9999.000,9999.000,9999.000,9999.000,9999.000
202606031054,   0.370,9999.000,9999.000,9999.000,9999.000,9999.000,9999.000,9999.000,9999.000
202606031100,   0.381,9999.000,   0.800,  -0.132,   1.049,   0.700,   0.949,   0.900,   1.149
202606031106,   0.401,9999.000,9999.000,9999.000,9999.000,9999.000,9999.000,9999.000,9999.000
202606031112,   0.429,9999.000,9999.000,9999.000,9999.000,9999.000,9999.000,9999.000,9999.000
202606031118,   0.465,9999.000,9999.000,9999.000,9999.000,9999.000,9999.000,9999.000,9999.000
202606031124,   0.510,9999.000,9999.000,9999.000,9999.000,9999.000,9999.000,9999.000,9999.000
202606031130,   0.564,9999.000,9999.000,9999.000,9999.000,9999.000,9999.000,9999.000,9999.000
202606031136,   0.627,9999.000,9999.000,9999.000,9999.000,9999.000,9999.000,9999.000,9999.000
202606031142,   0.697,9999.000,9999.000,9999.000,9999.000,9999.000,9999.000,9999.000,9999.000
202606031148,   0.776,9999.000,9999.000,9999.000,9999.000,9999.000,9999.000,9999.000,9999.000
202606031154,   0.863,9999.000,9999.000,9999.000,9999.000,9999.000,9999.000,9999.000,9999.000
202606031200,   0.956,9999.000,   0.800,  -0.132,   1.624,   0.700,   1.524,   0.900,   1.724
202606031206,   1.056,9999.000,9999.000,9999.000,9999.000,9999.000,9999.000,9999.000,9999.000
202606031212,   1.162,9999.000,9999.000,9999.000,9999.000,9999.000,9999.000,9999.000,9999.000
202606031218,   1.274,9999.000,9999.000,9999.000,9999.000,9999.000,9999.000,9999.000,9999.000
202606031224,   1.389,9999.000,9999.000,9999.000,9999.000,9999.000,9999.000,9999.000,9999.000
202606031230,   1.508,9999.000,9999.000,9999.000,9999.000,9999.000,9999.000,9999.000,9999.000
202606031236,   1.629,9999.000,9999.000,9999.000,9999.000,9999.000,9999.000,9999.000,9999.000
202606031242,   1.752,9999.000,9999.000,9999.000,9999.000,9999.000,9999.000,9999.000,9999.000
202606031248,   1.876,9999.000,9999.000,9999.000,9999.000,9999.000,9999.000,9999.000,9999.000
202606031254,   2.000,9999.000,9999.000,9999.000,9999.000,9999.000,9999.000,9999.000,9999.000
202606031300,   2.122,9999.000,   0.900,  -0.132,   2.890,   0.700,   2.690,   1.000,   2.990
202606031306,   2.243,9999.000,9999.000,9999.000,9999.000,9999.000,9999.000,9999.000,9999.000
202606031312,   2.361,9999.000,9999.000,9999.000,9999.000,9999.000,9999.000,9999.000,9999.000
202606031318,   2.475,9999.000,9999.000,9999.000,9999.000,9999.000,9999.000,9999.000,9999.000
202606031324,   2.585,9999.000,9999.000,9999.000,9999.000,9999.000,9999.000,9999.000,9999.000
202606031330,   2.691,9999.000,9999.000,9999.000,9999.000,9999.000,9999.000,9999.000,9999.000
202606031336,   2.791,9999.000,9999.000,9999.000,9999.000,9999.000,9999.000,9999.000,9999.000
202606031342,   2.886,9999.000,9999.000,9999.000,9999.000,9999.000,9999.000,9999.000,9999.000
202606031348,   2.975,9999.000,9999.000,9999.000,9999.000,9999.000,9999.000,9999.000,9999.000
202606031354,   3.059,9999.000,9999.000,9999.000,9999.000,9999.000,9999.000,9999.000,9999.000
202606031400,   3.136,9999.000,   0.900,  -0.132,   3.904,   0.700,   3.704,   1.000,   4.004
202606031406,   3.207,9999.000,9999.000,9999.000,9999.000,9999.000,9999.000,9999.000,9999.000
202606031412,   3.273,9999.000,9999.000,9999.000,9999.000,9999.000,9999.000,9999.000,9999.000
202606031418,   3.332,9999.000,9999.000,9999.000,9999.000,9999.000,9999.000,9999.000,9999.000
202606031424,   3.386,9999.000,9999.000,9999.000,9999.000,9999.000,9999.000,9999.000,9999.000
202606031430,   3.436,9999.000,9999.000,9999.000,9999.000,9999.000,9999.000,9999.000,9999.000
202606031436,   3.480,9999.000,9999.000,9999.000,9999.000,9999.000,9999.000,9999.000,9999.000
202606031442,   3.520,9999.000,9999.000,9999.000,9999.000,9999.000,9999.000,9999.000,9999.000
202606031448,   3.555,9999.000,9999.000,9999.000,9999.000,9999.000,9999.000,9999.000,9999.000
202606031454,   3.587,9999.000,9999.000,9999.000,9999.000,9999.000,9999.000,9999.000,9999.000
202606031500,   3.616,9999.000,   0.900,  -0.132,   4.384,   0.700,   4.184,   1.000,   4.484
202606031506,   3.641,9999.000,9999.000,9999.000,9999.000,9999.000,9999.000,9999.000,9999.000
202606031512,   3.664,9999.000,9999.000,9999.000,9999.000,9999.000,9999.000,9999.000,9999.000
202606031518,   3.685,9999.000,9999.000,9999.000,9999.000,9999.000,9999.000,9999.000,9999.000
202606031524,   3.703,9999.000,9999.000,9999.000,9999.000,9999.000,9999.000,9999.000,9999.000
202606031530,   3.719,9999.000,9999.000,9999.000,9999.000,9999.000,9999.000,9999.000,9999.000
202606031536,   3.734,9999.000,9999.000,9999.000,9999.000,9999.000,9999.000,9999.000,9999.000
202606031542,   3.746,9999.000,9999.000,9999.000,9999.000,9999.000,9999.000,9999.000,9999.000
202606031548,   3.757,9999.000,9999.000,9999.000,9999.000,9999.000,9999.000,9999.000,9999.000
202606031554,   3.765,9999.000,9999.000,9999.000,9999.000,9999.000,9999.000,9999.000,9999.000
202606031600,   3.772,9999.000,   0.900,  -0.132,   4.540,   0.700,   4.340,   1.000,   4.640
202606031606,   3.777,9999.000,9999.000,9999.000,9999.000,9999.000,9999.000,9999.000,9999.000
202606031612,   3.779,9999.000,9999.000,9999.000,9999.000,9999.000,9999.000,9999.000,9999.000
202606031618,   3.779,9999.000,9999.000,9999.000,9999.000,9999.000,9999.000,9999.000,9999.000
202606031624,   3.775,9999.000,9999.000,9999.000,9999.000,9999.000,9999.000,9999.000,9999.000
202606031630,   3.769,9999.000,9999.000,9999.000,9999.000,9999.000,9999.000,9999.000,9999.000
202606031636,   3.760,9999.000,9999.000,9999.000,9999.000,9999.000,9999.000,9999.000,9999.000
202606031642,   3.747,9999.000,9999.000,9999.000,9999.000,9999.000,9999.000,9999.000,9999.000
202606031648,   3.731,9999.000,9999.000,9999.000,9999.000,9999.000,9999.000,9999.000,9999.000
202606031654,   3.710,9999.000,9999.000,9999.000,9999.000,9999.000,9999.000,9999.000,9999.000
202606031700,   3.685,9999.000,   0.900,  -0.132,   4.453,   0.700,   4.253,   1.000,   4.553
202606031706,   3.656,9999.000,9999.000,9999.000,9999.000,9999.000,9999.000,9999.000,9999.000
202606031712,   3.622,9999.000,9999.000,9999.000,9999.000,9999.000,9999.000,9999.000,9999.000
202606031718,   3.584,9999.000,9999.000,9999.000,9999.000,9999.000,9999.000,9999.000,9999.000
202606031724,   3.541,9999.000,9999.000,9999.000,9999.000,9999.000,9999.000,9999.000,9999.000
202606031730,   3.494,9999.000,9999.000,9999.000,9999.000,9999.000,9999.000,9999.000,9999.000
202606031736,   3.442,9999.000,9999.000,9999.000,9999.000,9999.000,9999.000,9999.000,9999.000
202606031742,   3.386,9999.000,9999.000,9999.000,9999.000,9999.000,9999.000,9999.000,9999.000
202606031748,   3.325,9999.000,9999.000,9999.000,9999.000,9999.000,9999.000,9999.000,9999.000
202606031754,   3.260,9999.000,9999.000,9999.000,9999.000,9999.000,9999.000,9999.000,9999.000
202606031800,   3.191,9999.000,   0.900,  -0.132,   3.959,   0.700,   3.759,   1.000,   4.059
202606031806,   3.118,9999.000,9999.000,9999.000,9999.000,9999.000,9999.000,9999.000,9999.000
202606031812,   3.042,9999.000,9999.000,9999.000,9999.000,9999.000,9999.000,9999.000,9999.000
202606031818,   2.962,9999.000,9999.000,9999.000,9999.000,9999.000,9999.000,9999.000,9999.000
202606031824,   2.879,9999.000,9999.000,9999.000,9999.000,9999.000,9999.000,9999.000,9999.000
202606031830,   2.794,9999.000,9999.000,9999.000,9999.000,9999.000,9999.000,9999.000,9999.000
202606031836,   2.707,9999.000,9999.000,9999.000,9999.000,9999.000,9999.000,9999.000,9999.000
202606031842,   2.617,9999.000,9999.000,9999.000,9999.000,9999.000,9999.000,9999.000,9999.000
202606031848,   2.527,9999.000,9999.000,9999.000,9999.000,9999.000,9999.000,9999.000,9999.000
202606031854,   2.434,9999.000,9999.000,9999.000,9999.000,9999.000,9999.000,9999.000,9999.000
202606031900,   2.341,9999.000,   0.900,  -0.132,   3.109,   0.700,   2.909,   1.000,   3.209
202606031906,   2.248,9999.000,9999.000,9999.000,9999.000,9999.000,9999.000,9999.000,9999.000
202606031912,   2.154,9999.000,9999.000,9999.000,9999.000,9999.000,9999.000,9999.000,9999.000
202606031918,   2.061,9999.000,9999.000,9999.000,9999.000,9999.000,9999.000,9999.000,9999.000
202606031924,   1.968,9999.000,9999.000,9999.000,9999.000,9999.000,9999.000,9999.000,9999.000
202606031930,   1.876,9999.000,9999.000,9999.000,9999.000,9999.000,9999.000,9999.000,9999.000
202606031936,   1.785,9999.000,9999.000,9999.000,9999.000,9999.000,9999.000,9999.000,9999.000
202606031942,   1.695,9999.000,9999.000,9999.000,9999.000,9999.000,9999.000,9999.000,9999.000
202606031948,   1.607,9999.000,9999.000,9999.000,9999.000,9999.000,9999.000,9999.000,9999.000
202606031954,   1.522,9999.000,9999.000,9999.000,9999.000,9999.000,9999.000,9999.000,9999.000
202606032000,   1.438,9999.000,   0.900,  -0.132,   2.206,   0.700,   2.006,   1.000,   2.306
202606032006,   1.357,9999.000,9999.000,9999.000,9999.000,9999.000,9999.000,9999.000,9999.000
202606032012,   1.279,9999.000,9999.000,9999.000,9999.000,9999.000,9999.000,9999.000,9999.000
202606032018,   1.203,9999.000,9999.000,9999.000,9999.000,9999.000,9999.000,9999.000,9999.000
202606032024,   1.130,9999.000,9999.000,9999.000,9999.000,9999.000,9999.000,9999.000,9999.000
202606032030,   1.061,9999.000,9999.000,9999.000,9999.000,9999.000,9999.000,9999.000,9999.000
202606032036,   0.995,9999.000,9999.000,9999.000,9999.000,9999.000,9999.000,9999.000,9999.000
202606032042,   0.932,9999.000,9999.000,9999.000,9999.000,9999.000,9999.000,9999.000,9999.000
202606032048,   0.872,9999.000,9999.000,9999.000,9999.000,9999.000,9999.000,9999.000,9999.000
202606032054,   0.816,9999.000,9999.000,9999.000,9999.000,9999.000,9999.000,9999.000,9999.000
202606032100,   0.763,9999.000,   0.900,  -0.132,   1.531,   0.800,   1.431,   1.000,   1.631
202606032106,   0.714,9999.000,9999.000,9999.000,9999.000,9999.000,9999.000,9999.000,9999.000
202606032112,   0.668,9999.000,9999.000,9999.000,9999.000,9999.000,9999.000,9999.000,9999.000
202606032118,   0.625,9999.000,9999.000,9999.000,9999.000,9999.000,9999.000,9999.000,9999.000
202606032124,   0.586,9999.000,9999.000,9999.000,9999.000,9999.000,9999.000,9999.000,9999.000
202606032130,   0.551,9999.000,9999.000,9999.000,9999.000,9999.000,9999.000,9999.000,9999.000
202606032136,   0.519,9999.000,9999.000,9999.000,9999.000,9999.000,9999.000,9999.000,9999.000
202606032142,   0.491,9999.000,9999.000,9999.000,9999.000,9999.000,9999.000,9999.000,9999.000
202606032148,   0.466,9999.000,9999.000,9999.000,9999.000,9999.000,9999.000,9999.000,9999.000
202606032154,   0.445,9999.000,9999.000,9999.000,9999.000,9999.000,9999.000,9999.000,9999.000
202606032200,   0.427,9999.000,   0.900,  -0.132,   1.195,   0.800,   1.095,   1.000,   1.295
202606032206,   0.414,9999.000,9999.000,9999.000,9999.000,9999.000,9999.000,9999.000,9999.000
202606032212,   0.404,9999.000,9999.000,9999.000,9999.000,9999.000,9999.000,9999.000,9999.000
202606032218,   0.399,9999.000,9999.000,9999.000,9999.000,9999.000,9999.000,9999.000,9999.000
202606032224,   0.398,9999.000,9999.000,9999.000,9999.000,9999.000,9999.000,9999.000,9999.000
202606032230,   0.401,9999.000,9999.000,9999.000,9999.000,9999.000,9999.000,9999.000,9999.000
202606032236,   0.410,9999.000,9999.000,9999.000,9999.000,9999.000,9999.000,9999.000,9999.000
202606032242,   0.424,9999.000,9999.000,9999.000,9999.000,9999.000,9999.000,9999.000,9999.000
202606032248,   0.443,9999.000,9999.000,9999.000,9999.000,9999.000,9999.000,9999.000,9999.000
202606032254,   0.468,9999.000,9999.000,9999.000,9999.000,9999.000,9999.000,9999.000,9999.000
202606032300,   0.499,9999.000,   0.900,  -0.132,   1.267,   0.800,   1.167,   1.000,   1.367
202606032306,   0.537,9999.000,9999.000,9999.000,9999.000,9999.000,9999.000,9999.000,9999.000
202606032312,   0.581,9999.000,9999.000,9999.000,9999.000,9999.000,9999.000,9999.000,9999.000
202606032318,   0.632,9999.000,9999.000,9999.000,9999.000,9999.000,9999.000,9999.000,9999.000
202606032324,   0.690,9999.000,9999.000,9999.000,9999.000,9999.000,9999.000,9999.000,9999.000
202606032330,   0.756,9999.000,9999.000,9999.000,9999.000,9999.000,9999.000,9999.000,9999.000
202606032336,   0.829,9999.000,9999.000,9999.000,9999.000,9999.000,9999.000,9999.000,9999.000
202606032342,   0.910,9999.000,9999.000,9999.000,9999.000,9999.000,9999.000,9999.000,9999.000
202606032348,   0.998,9999.000,9999.000,9999.000,9999.000,9999.000,9999.000,9999.000,9999.000
202606032354,   1.093,9999.000,9999.000,9999.000,9999.000,9999.000,9999.000,9999.000,9999.000
202606040000,   1.196,9999.000,   0.900,  -0.132,   1.964,   0.800,   1.864,   1.000,   2.064
202606040006,   1.305,9999.000,9999.000,9999.000,9999.000,9999.000,9999.000,9999.000,9999.000
202606040012,   1.421,9999.000,9999.000,9999.000,9999.000,9999.000,9999.000,9999.000,9999.000
202606040018,   1.542,9999.000,9999.000,9999.000,9999.000,9999.000,9999.000,9999.000,9999.000
202606040024,   1.669,9999.000,9999.000,9999.000,9999.000,9999.000,9999.000,9999.000,9999.000
202606040030,   1.801,9999.000,9999.000,9999.000,9999.000,9999.000,9999.000,9999.000,9999.000
202606040036,   1.937,9999.000,9999.000,9999.000,9999.000,9999.000,9999.000,9999.000,9999.000
202606040042,   2.076,9999.000,9999.000,9999.000,9999.000,9999.000,9999.000,9999.000,9999.000
202606040048,   2.217,9999.000,9999.000,9999.000,9999.000,9999.000,9999.000,9999.000,9999.000
202606040054,   2.360,9999.000,9999.000,9999.000,9999.000,9999.000,9999.000,9999.000,9999.000
202606040100,   2.504,9999.000,   0.900,  -0.132,   3.272,   0.800,   3.172,   1.000,   3.372
202606040106,   2.647,9999.000,9999.000,9999.000,9999.000,9999.000,9999.000,9999.000,9999.000
202606040112,   2.789,9999.000,9999.000,9999.000,9999.000,9999.000,9999.000,9999.000,9999.000
202606040118,   2.929,9999.000,9999.000,9999.000,9999.000,9999.000,9999.000,9999.000,9999.000
202606040124,   3.066,9999.000,9999.000,9999.000,9999.000,9999.000,9999.000,9999.000,9999.000
202606040130,   3.198,9999.000,9999.000,9999.000,9999.000,9999.000,9999.000,9999.000,9999.000
202606040136,   3.327,9999.000,9999.000,9999.000,9999.000,9999.000,9999.000,9999.000,9999.000
202606040142,   3.450,9999.000,9999.000,9999.000,9999.000,9999.000,9999.000,9999.000,9999.000
202606040148,   3.567,9999.000,9999.000,9999.000,9999.000,9999.000,9999.000,9999.000,9999.000
202606040154,   3.678,9999.000,9999.000,9999.000,9999.000,9999.000,9999.000,9999.000,9999.000
202606040200,   3.782,9999.000,   0.900,  -0.132,   4.550,   0.800,   4.450,   1.000,   4.650
202606040206,   3.879,9999.000,9999.000,9999.000,9999.000,9999.000,9999.000,9999.000,9999.000
202606040212,   3.968,9999.000,9999.000,9999.000,9999.000,9999.000,9999.000,9999.000,9999.000
202606040218,   4.051,9999.000,9999.000,9999.000,9999.000,9999.000,9999.000,9999.000,9999.000
202606040224,   4.125,9999.000,9999.000,9999.000,9999.000,9999.000,9999.000,9999.000,9999.000
202606040230,   4.193,9999.000,9999.000,9999.000,9999.000,9999.000,9999.000,9999.000,9999.000
202606040236,   4.254,9999.000,9999.000,9999.000,9999.000,9999.000,9999.000,9999.000,9999.000
202606040242,   4.307,9999.000,9999.000,9999.000,9999.000,9999.000,9999.000,9999.000,9999.000
202606040248,   4.355,9999.000,9999.000,9999.000,9999.000,9999.000,9999.000,9999.000,9999.000
202606040254,   4.396,9999.000,9999.000,9999.000,9999.000,9999.000,9999.000,9999.000,9999.000
202606040300,   4.432,9999.000,   0.900,  -0.132,   5.200,   0.800,   5.100,   1.000,   5.300
202606040306,   4.462,9999.000,9999.000,9999.000,9999.000,9999.000,9999.000,9999.000,9999.000
202606040312,   4.488,9999.000,9999.000,9999.000,9999.000,9999.000,9999.000,9999.000,9999.000
202606040318,   4.510,9999.000,9999.000,9999.000,9999.000,9999.000,9999.000,9999.000,9999.000
202606040324,   4.528,9999.000,9999.000,9999.000,9999.000,9999.000,9999.000,9999.000,9999.000
202606040330,   4.543,9999.000,9999.000,9999.000,9999.000,9999.000,9999.000,9999.000,9999.000
202606040336,   4.555,9999.000,9999.000,9999.000,9999.000,9999.000,9999.000,9999.000,9999.000
202606040342,   4.565,9999.000,9999.000,9999.000,9999.000,9999.000,9999.000,9999.000,9999.000
202606040348,   4.572,9999.000,9999.000,9999.000,9999.000,9999.000,9999.000,9999.000,9999.000
202606040354,   4.578,9999.000,9999.000,9999.000,9999.000,9999.000,9999.000,9999.000,9999.000
202606040400,   4.582,9999.000,   0.900,  -0.132,   5.350,   0.800,   5.250,   1.000,   5.450
202606040406,   4.584,9999.000,9999.000,9999.000,9999.000,9999.000,9999.000,9999.000,9999.000
202606040412,   4.585,9999.000,9999.000,9999.000,9999.000,9999.000,9999.000,9999.000,9999.000
202606040418,   4.584,9999.000,9999.000,9999.000,9999.000,9999.000,9999.000,9999.000,9999.000
202606040424,   4.582,9999.000,9999.000,9999.000,9999.000,9999.000,9999.000,9999.000,9999.000
202606040430,   4.579,9999.000,9999.000,9999.000,9999.000,9999.000,9999.000,9999.000,9999.000
202606040436,   4.574,9999.000,9999.000,9999.000,9999.000,9999.000,9999.000,9999.000,9999.000
202606040442,   4.566,9999.000,9999.000,9999.000,9999.000,9999.000,9999.000,9999.000,9999.000
202606040448,   4.557,9999.000,9999.000,9999.000,9999.000,9999.000,9999.000,9999.000,9999.000
202606040454,   4.546,9999.000,9999.000,9999.000,9999.000,9999.000,9999.000,9999.000,9999.000
202606040500,   4.532,9999.000,   0.900,  -0.132,   5.300,   0.800,   5.200,   1.000,   5.400
202606040506,   4.515,9999.000,9999.000,9999.000,9999.000,9999.000,9999.000,9999.000,9999.000
202606040512,   4.495,9999.000,9999.000,9999.000,9999.000,9999.000,9999.000,9999.000,9999.000
202606040518,   4.471,9999.000,9999.000,9999.000,9999.000,9999.000,9999.000,9999.000,9999.000
202606040524,   4.445,9999.000,9999.000,9999.000,9999.000,9999.000,9999.000,9999.000,9999.000
202606040530,   4.414,9999.000,9999.000,9999.000,9999.000,9999.000,9999.000,9999.000,9999.000
202606040536,   4.380,9999.000,9999.000,9999.000,9999.000,9999.000,9999.000,9999.000,9999.000
202606040542,   4.342,9999.000,9999.000,9999.000,9999.000,9999.000,9999.000,9999.000,9999.000
202606040548,   4.299,9999.000,9999.000,9999.000,9999.000,9999.000,9999.000,9999.000,9999.000
202606040554,   4.253,9999.000,9999.000,9999.000,9999.000,9999.000,9999.000,9999.000,9999.000
202606040600,   4.202,9999.000,   0.900,  -0.132,   4.970,   0.800,   4.870,   1.000,   5.070
202606040606,   4.147,9999.000,9999.000,9999.000,9999.000,9999.000,9999.000,9999.000,9999.000
202606040612,   4.088,9999.000,9999.000,9999.000,9999.000,9999.000,9999.000,9999.000,9999.000
202606040618,   4.025,9999.000,9999.000,9999.000,9999.000,9999.000,9999.000,9999.000,9999.000
202606040624,   3.958,9999.000,9999.000,9999.000,9999.000,9999.000,9999.000,9999.000,9999.000
202606040630,   3.887,9999.000,9999.000,9999.000,9999.000,9999.000,9999.000,9999.000,9999.000
202606040636,   3.813,9999.000,9999.000,9999.000,9999.000,9999.000,9999.000,9999.000,9999.000
202606040642,   3.736,9999.000,9999.000,9999.000,9999.000,9999.000,9999.000,9999.000,9999.000
202606040648,   3.655,9999.000,9999.000,9999.000,9999.000,9999.000,9999.000,9999.000,9999.000
202606040654,   3.571,9999.000,9999.000,9999.000,9999.000,9999.000,9999.000,9999.000,9999.000
202606040700,   3.485,9999.000,   0.900,  -0.132,   4.253,   0.800,   4.153,   1.100,   4.453
202606040706,   3.396,9999.000,9999.000,9999.000,9999.000,9999.000,9999.000,9999.000,9999.000
202606040712,   3.305,9999.000,9999.000,9999.000,9999.000,9999.000,9999.000,9999.000,9999.000
202606040718,   3.213,9999.000,9999.000,9999.000,9999.000,9999.000,9999.000,9999.000,9999.000
202606040724,   3.119,9999.000,9999.000,9999.000,9999.000,9999.000,9999.000,9999.000,9999.000
202606040730,   3.023,9999.000,9999.000,9999.000,9999.000,9999.000,9999.000,9999.000,9999.000
202606040736,   2.927,9999.000,9999.000,9999.000,9999.000,9999.000,9999.000,9999.000,9999.000
202606040742,   2.830,9999.000,9999.000,9999.000,9999.000,9999.000,9999.000,9999.000,9999.000
202606040748,   2.732,9999.000,9999.000,9999.000,9999.000,9999.000,9999.000,9999.000,9999.000
202606040754,   2.635,9999.000,9999.000,9999.000,9999.000,9999.000,9999.000,9999.000,9999.000
202606040800,   2.537,9999.000,   0.900,  -0.132,   3.305,   0.800,   3.205,   1.100,   3.505
202606040806,   2.440,9999.000,9999.000,9999.000,9999.000,9999.000,9999.000,9999.000,9999.000
202606040812,   2.344,9999.000,9999.000,9999.000,9999.000,9999.000,9999.000,9999.000,9999.000
202606040818,   2.248,9999.000,9999.000,9999.000,9999.000,9999.000,9999.000,9999.000,9999.000
202606040824,   2.154,9999.000,9999.000,9999.000,9999.000,9999.000,9999.000,9999.000,9999.000
202606040830,   2.060,9999.000,9999.000,9999.000,9999.000,9999.000,9999.000,9999.000,9999.000
202606040836,   1.968,9999.000,9999.000,9999.000,9999.000,9999.000,9999.000,9999.000,9999.000
202606040842,   1.878,9999.000,9999.000,9999.000,9999.000,9999.000,9999.000,9999.000,9999.000
202606040848,   1.790,9999.000,9999.000,9999.000,9999.000,9999.000,9999.000,9999.000,9999.000
202606040854,   1.703,9999.000,9999.000,9999.000,9999.000,9999.000,9999.000,9999.000,9999.000
202606040900,   1.618,9999.000,   0.900,  -0.132,   2.386,   0.800,   2.286,   1.100,   2.586
202606040906,   1.536,9999.000,9999.000,9999.000,9999.000,9999.000,9999.000,9999.000,9999.000
202606040912,   1.456,9999.000,9999.000,9999.000,9999.000,9999.000,9999.000,9999.000,9999.000
202606040918,   1.378,9999.000,9999.000,9999.000,9999.000,9999.000,9999.000,9999.000,9999.000
202606040924,   1.302,9999.000,9999.000,9999.000,9999.000,9999.000,9999.000,9999.000,9999.000
202606040930,   1.229,9999.000,9999.000,9999.000,9999.000,9999.000,9999.000,9999.000,9999.000
202606040936,   1.158,9999.000,9999.000,9999.000,9999.000,9999.000,9999.000,9999.000,9999.000
202606040942,   1.090,9999.000,9999.000,9999.000,9999.000,9999.000,9999.000,9999.000,9999.000
202606040948,   1.024,9999.000,9999.000,9999.000,9999.000,9999.000,9999.000,9999.000,9999.000
202606040954,   0.961,9999.000,9999.000,9999.000,9999.000,9999.000,9999.000,9999.000,9999.000
202606041000,   0.901,9999.000,   0.900,  -0.132,   1.669,   0.800,   1.569,   1.000,   1.769
202606041006,   0.843,9999.000,9999.000,9999.000,9999.000,9999.000,9999.000,9999.000,9999.000
202606041012,   0.788,9999.000,9999.000,9999.000,9999.000,9999.000,9999.000,9999.000,9999.000
202606041018,   0.737,9999.000,9999.000,9999.000,9999.000,9999.000,9999.000,9999.000,9999.000
202606041024,   0.688,9999.000,9999.000,9999.000,9999.000,9999.000,9999.000,9999.000,9999.000
202606041030,   0.643,9999.000,9999.000,9999.000,9999.000,9999.000,9999.000,9999.000,9999.000
202606041036,   0.601,9999.000,9999.000,9999.000,9999.000,9999.000,9999.000,9999.000,9999.000
202606041042,   0.564,9999.000,9999.000,9999.000,9999.000,9999.000,9999.000,9999.000,9999.000
202606041048,   0.530,9999.000,9999.000,9999.000,9999.000,9999.000,9999.000,9999.000,9999.000
202606041054,   0.500,9999.000,9999.000,9999.000,9999.000,9999.000,9999.000,9999.000,9999.000
202606041100,   0.476,9999.000,   0.900,  -0.132,   1.244,   0.800,   1.144,   1.000,   1.344
202606041106,   0.456,9999.000,9999.000,9999.000,9999.000,9999.000,9999.000,9999.000,9999.000
202606041112,   0.441,9999.000,9999.000,9999.000,9999.000,9999.000,9999.000,9999.000,9999.000
202606041118,   0.433,9999.000,9999.000,9999.000,9999.000,9999.000,9999.000,9999.000,9999.000
202606041124,   0.430,9999.000,9999.000,9999.000,9999.000,9999.000,9999.000,9999.000,9999.000
202606041130,   0.434,9999.000,9999.000,9999.000,9999.000,9999.000,9999.000,9999.000,9999.000
202606041136,   0.445,9999.000,9999.000,9999.000,9999.000,9999.000,9999.000,9999.000,9999.000
202606041142,   0.462,9999.000,9999.000,9999.000,9999.000,9999.000,9999.000,9999.000,9999.000
202606041148,   0.487,9999.000,9999.000,9999.000,9999.000,9999.000,9999.000,9999.000,9999.000
202606041154,   0.520,9999.000,9999.000,9999.000,9999.000,9999.000,9999.000,9999.000,9999.000
202606041200,   0.561,9999.000,   0.900,  -0.132,   1.329,   0.700,   1.129,   1.000,   1.429
202606041206,   0.609,9999.000,9999.000,9999.000,9999.000,9999.000,9999.000,9999.000,9999.000
202606041212,   0.666,9999.000,9999.000,9999.000,9999.000,9999.000,9999.000,9999.000,9999.000
202606041218,   0.730,9999.000,9999.000,9999.000,9999.000,9999.000,9999.000,9999.000,9999.000
202606041224,   0.802,9999.000,9999.000,9999.000,9999.000,9999.000,9999.000,9999.000,9999.000
202606041230,   0.882,9999.000,9999.000,9999.000,9999.000,9999.000,9999.000,9999.000,9999.000
202606041236,   0.969,9999.000,9999.000,9999.000,9999.000,9999.000,9999.000,9999.000,9999.000
202606041242,   1.062,9999.000,9999.000,9999.000,9999.000,9999.000,9999.000,9999.000,9999.000
202606041248,   1.162,9999.000,9999.000,9999.000,9999.000,9999.000,9999.000,9999.000,9999.000
202606041254,   1.268,9999.000,9999.000,9999.000,9999.000,9999.000,9999.000,9999.000,9999.000
202606041300,   1.378,9999.000,   0.900,  -0.132,   2.146,   0.700,   1.946,   1.000,   2.246
202606041306,   1.493,9999.000,9999.000,9999.000,9999.000,9999.000,9999.000,9999.000,9999.000
202606041312,   1.611,9999.000,9999.000,9999.000,9999.000,9999.000,9999.000,9999.000,9999.000
202606041318,   1.732,9999.000,9999.000,9999.000,9999.000,9999.000,9999.000,9999.000,9999.000
202606041324,   1.855,9999.000,9999.000,9999.000,9999.000,9999.000,9999.000,9999.000,9999.000
202606041330,   1.978,9999.000,9999.000,9999.000,9999.000,9999.000,9999.000,9999.000,9999.000
202606041336,   2.102,9999.000,9999.000,9999.000,9999.000,9999.000,9999.000,9999.000,9999.000
202606041342,   2.224,9999.000,9999.000,9999.000,9999.000,9999.000,9999.000,9999.000,9999.000
202606041348,   2.345,9999.000,9999.000,9999.000,9999.000,9999.000,9999.000,9999.000,9999.000
202606041354,   2.463,9999.000,9999.000,9999.000,9999.000,9999.000,9999.000,9999.000,9999.000
202606041400,   2.577,9999.000,   0.900,  -0.132,   3.345,   0.700,   3.145,   1.000,   3.445
202606041406,   2.688,9999.000,9999.000,9999.000,9999.000,9999.000,9999.000,9999.000,9999.000
202606041412,   2.794,9999.000,9999.000,9999.000,9999.000,9999.000,9999.000,9999.000,9999.000
202606041418,   2.894,9999.000,9999.000,9999.000,9999.000,9999.000,9999.000,9999.000,9999.000
202606041424,   2.989,9999.000,9999.000,9999.000,9999.000,9999.000,9999.000,9999.000,9999.000
202606041430,   3.078,9999.000,9999.000,9999.000,9999.000,9999.000,9999.000,9999.000,9999.000
202606041436,   3.161,9999.000,9999.000,9999.000,9999.000,9999.000,9999.000,9999.000,9999.000
202606041442,   3.237,9999.000,9999.000,9999.000,9999.000,9999.000,9999.000,9999.000,9999.000
202606041448,   3.307,9999.000,9999.000,9999.000,9999.000,9999.000,9999.000,9999.000,9999.000
202606041454,   3.370,9999.000,9999.000,9999.000,9999.000,9999.000,9999.000,9999.000,9999.000
202606041500,   3.427,9999.000,   0.900,  -0.132,   4.195,   0.700,   3.995,   1.000,   4.295
202606041506,   3.478,9999.000,9999.000,9999.000,9999.000,9999.000,9999.000,9999.000,9999.000
202606041512,   3.523,9999.000,9999.000,9999.000,9999.000,9999.000,9999.000,9999.000,9999.000
202606041518,   3.563,9999.000,9999.000,9999.000,9999.000,9999.000,9999.000,9999.000,9999.000
202606041524,   3.598,9999.000,9999.000,9999.000,9999.000,9999.000,9999.000,9999.000,9999.000
202606041530,   3.629,9999.000,9999.000,9999.000,9999.000,9999.000,9999.000,9999.000,9999.000
202606041536,   3.655,9999.000,9999.000,9999.000,9999.000,9999.000,9999.000,9999.000,9999.000
202606041542,   3.677,9999.000,9999.000,9999.000,9999.000,9999.000,9999.000,9999.000,9999.000
202606041548,   3.696,9999.000,9999.000,9999.000,9999.000,9999.000,9999.000,9999.000,9999.000
202606041554,   3.712,9999.000,9999.000,9999.000,9999.000,9999.000,9999.000,9999.000,9999.000
202606041600,   3.725,9999.000,   0.800,  -0.132,   4.393,   0.700,   4.293,   1.000,   4.593
202606041606,   3.736,9999.000,9999.000,9999.000,9999.000,9999.000,9999.000,9999.000,9999.000
202606041612,   3.745,9999.000,9999.000,9999.000,9999.000,9999.000,9999.000,9999.000,9999.000
202606041618,   3.753,9999.000,9999.000,9999.000,9999.000,9999.000,9999.000,9999.000,9999.000
202606041624,   3.758,9999.000,9999.000,9999.000,9999.000,9999.000,9999.000,9999.000,9999.000
202606041630,   3.762,9999.000,9999.000,9999.000,9999.000,9999.000,9999.000,9999.000,9999.000
202606041636,   3.765,9999.000,9999.000,9999.000,9999.000,9999.000,9999.000,9999.000,9999.000
202606041642,   3.766,9999.000,9999.000,9999.000,9999.000,9999.000,9999.000,9999.000,9999.000
202606041648,   3.766,9999.000,9999.000,9999.000,9999.000,9999.000,9999.000,9999.000,9999.000
202606041654,   3.763,9999.000,9999.000,9999.000,9999.000,9999.000,9999.000,9999.000,9999.000
202606041700,   3.759,9999.000,   0.800,  -0.132,   4.427,   0.600,   4.227,   1.000,   4.627
202606041706,   3.753,9999.000,9999.000,9999.000,9999.000,9999.000,9999.000,9999.000,9999.000
202606041712,   3.744,9999.000,9999.000,9999.000,9999.000,9999.000,9999.000,9999.000,9999.000
202606041718,   3.733,9999.000,9999.000,9999.000,9999.000,9999.000,9999.000,9999.000,9999.000
202606041724,   3.720,9999.000,9999.000,9999.000,9999.000,9999.000,9999.000,9999.000,9999.000
202606041730,   3.703,9999.000,9999.000,9999.000,9999.000,9999.000,9999.000,9999.000,9999.000
202606041736,   3.682,9999.000,9999.000,9999.000,9999.000,9999.000,9999.000,9999.000,9999.000
202606041742,   3.658,9999.000,9999.000,9999.000,9999.000,9999.000,9999.000,9999.000,9999.000
202606041748,   3.631,9999.000,9999.000,9999.000,9999.000,9999.000,9999.000,9999.000,9999.000
202606041754,   3.599,9999.000,9999.000,9999.000,9999.000,9999.000,9999.000,9999.000,9999.000
202606041800,   3.564,9999.000,   0.800,  -0.132,   4.232,   0.600,   4.032,   1.000,   4.432
202606041806,   3.524,9999.000,9999.000,9999.000,9999.000,9999.000,9999.000,9999.000,9999.000
202606041812,   3.480,9999.000,9999.000,9999.000,9999.000,9999.000,9999.000,9999.000,9999.000
202606041818,   3.431,9999.000,9999.000,9999.000,9999.000,9999.000,9999.000,9999.000,9999.000
202606041824,   3.378,9999.000,9999.000,9999.000,9999.000,9999.000,9999.000,9999.000,9999.000
202606041830,   3.321,9999.000,9999.000,9999.000,9999.000,9999.000,9999.000,9999.000,9999.000
202606041836,   3.260,9999.000,9999.000,9999.000,9999.000,9999.000,9999.000,9999.000,9999.000
202606041842,   3.194,9999.000,9999.000,9999.000,9999.000,9999.000,9999.000,9999.000,9999.000
202606041848,   3.125,9999.000,9999.000,9999.000,9999.000,9999.000,9999.000,9999.000,9999.000
202606041854,   3.052,9999.000,9999.000,9999.000,9999.000,9999.000,9999.000,9999.000,9999.000
202606041900,   2.975,9999.000,   0.800,  -0.132,   3.643,   0.600,   3.443,   1.000,   3.843
202606041906,   2.895,9999.000,9999.000,9999.000,9999.000,9999.000,9999.000,9999.000,9999.000
202606041912,   2.813,9999.000,9999.000,9999.000,9999.000,9999.000,9999.000,9999.000,9999.000
202606041918,   2.727,9999.000,9999.000,9999.000,9999.000,9999.000,9999.000,9999.000,9999.000
202606041924,   2.640,9999.000,9999.000,9999.000,9999.000,9999.000,9999.000,9999.000,9999.000
202606041930,   2.550,9999.000,9999.000,9999.000,9999.000,9999.000,9999.000,9999.000,9999.000
202606041936,   2.459,9999.000,9999.000,9999.000,9999.000,9999.000,9999.000,9999.000,9999.000
202606041942,   2.367,9999.000,9999.000,9999.000,9999.000,9999.000,9999.000,9999.000,9999.000
202606041948,   2.274,9999.000,9999.000,9999.000,9999.000,9999.000,9999.000,9999.000,9999.000
202606041954,   2.180,9999.000,9999.000,9999.000,9999.000,9999.000,9999.000,9999.000,9999.000
202606042000,   2.086,9999.000,   0.800,  -0.132,   2.754,   0.600,   2.554,   0.900,   2.854
202606042006,   1.992,9999.000,9999.000,9999.000,9999.000,9999.000,9999.000,9999.000,9999.000
202606042012,   1.899,9999.000,9999.000,9999.000,9999.000,9999.000,9999.000,9999.000,9999.000
202606042018,   1.807,9999.000,9999.000,9999.000,9999.000,9999.000,9999.000,9999.000,9999.000
202606042024,   1.716,9999.000,9999.000,9999.000,9999.000,9999.000,9999.000,9999.000,9999.000
202606042030,   1.626,9999.000,9999.000,9999.000,9999.000,9999.000,9999.000,9999.000,9999.000
202606042036,   1.538,9999.000,9999.000,9999.000,9999.000,9999.000,9999.000,9999.000,9999.000
202606042042,   1.453,9999.000,9999.000,9999.000,9999.000,9999.000,9999.000,9999.000,9999.000
202606042048,   1.369,9999.000,9999.000,9999.000,9999.000,9999.000,9999.000,9999.000,9999.000
202606042054,   1.289,9999.000,9999.000,9999.000,9999.000,9999.000,9999.000,9999.000,9999.000
202606042100,   1.211,9999.000,   0.700,  -0.132,   1.779,   0.600,   1.679,   0.900,   1.979
202606042106,   1.137,9999.000,9999.000,9999.000,9999.000,9999.000,9999.000,9999.000,9999.000
202606042112,   1.065,9999.000,9999.000,9999.000,9999.000,9999.000,9999.000,9999.000,9999.000
202606042118,   0.997,9999.000,9999.000,9999.000,9999.000,9999.000,9999.000,9999.000,9999.000
202606042124,   0.933,9999.000,9999.000,9999.000,9999.000,9999.000,9999.000,9999.000,9999.000
202606042130,   0.873,9999.000,9999.000,9999.000,9999.000,9999.000,9999.000,9999.000,9999.000
202606042136,   0.816,9999.000,9999.000,9999.000,9999.000,9999.000,9999.000,9999.000,9999.000
202606042142,   0.763,9999.000,9999.000,9999.000,9999.000,9999.000,9999.000,9999.000,9999.000
202606042148,   0.714,9999.000,9999.000,9999.000,9999.000,9999.000,9999.000,9999.000,9999.000
202606042154,   0.669,9999.000,9999.000,9999.000,9999.000,9999.000,9999.000,9999.000,9999.000
202606042200,   0.629,9999.000,   0.700,  -0.132,   1.197,   0.600,   1.097,   0.900,   1.397
202606042206,   0.592,9999.000,9999.000,9999.000,9999.000,9999.000,9999.000,9999.000,9999.000
202606042212,   0.559,9999.000,9999.000,9999.000,9999.000,9999.000,9999.000,9999.000,9999.000
202606042218,   0.530,9999.000,9999.000,9999.000,9999.000,9999.000,9999.000,9999.000,9999.000
202606042224,   0.505,9999.000,9999.000,9999.000,9999.000,9999.000,9999.000,9999.000,9999.000
202606042230,   0.484,9999.000,9999.000,9999.000,9999.000,9999.000,9999.000,9999.000,9999.000
202606042236,   0.468,9999.000,9999.000,9999.000,9999.000,9999.000,9999.000,9999.000,9999.000
202606042242,   0.455,9999.000,9999.000,9999.000,9999.000,9999.000,9999.000,9999.000,9999.000
202606042248,   0.447,9999.000,9999.000,9999.000,9999.000,9999.000,9999.000,9999.000,9999.000
202606042254,   0.442,9999.000,9999.000,9999.000,9999.000,9999.000,9999.000,9999.000,9999.000
202606042300,   0.442,9999.000,   0.700,  -0.132,   1.010,   0.600,   0.910,   0.900,   1.210
202606042306,   0.447,9999.000,9999.000,9999.000,9999.000,9999.000,9999.000,9999.000,9999.000
202606042312,   0.456,9999.000,9999.000,9999.000,9999.000,9999.000,9999.000,9999.000,9999.000
202606042318,   0.469,9999.000,9999.000,9999.000,9999.000,9999.000,9999.000,9999.000,9999.000
202606042324,   0.488,9999.000,9999.000,9999.000,9999.000,9999.000,9999.000,9999.000,9999.000
202606042330,   0.511,9999.000,9999.000,9999.000,9999.000,9999.000,9999.000,9999.000,9999.000
202606042336,   0.540,9999.000,9999.000,9999.000,9999.000,9999.000,9999.000,9999.000,9999.000
202606042342,   0.575,9999.000,9999.000,9999.000,9999.000,9999.000,9999.000,9999.000,9999.000
202606042348,   0.615,9999.000,9999.000,9999.000,9999.000,9999.000,9999.000,9999.000,9999.000
202606042354,   0.661,9999.000,9999.000,9999.000,9999.000,9999.000,9999.000,9999.000,9999.000
202606050000,   0.714,9999.000,   0.700,  -0.132,   1.282,   0.600,   1.182,   0.900,   1.482
202606050006,   0.772,9999.000,9999.000,9999.000,9999.000,9999.000,9999.000,9999.000,9999.000
202606050012,   0.838,9999.000,9999.000,9999.000,9999.000,9999.000,9999.000,9999.000,9999.000
202606050018,   0.910,9999.000,9999.000,9999.000,9999.000,9999.000,9999.000,9999.000,9999.000
202606050024,   0.989,9999.000,9999.000,9999.000,9999.000,9999.000,9999.000,9999.000,9999.000
202606050030,   1.075,9999.000,9999.000,9999.000,9999.000,9999.000,9999.000,9999.000,9999.000
202606050036,   1.167,9999.000,9999.000,9999.000,9999.000,9999.000,9999.000,9999.000,9999.000
202606050042,   1.266,9999.000,9999.000,9999.000,9999.000,9999.000,9999.000,9999.000,9999.000
202606050048,   1.371,9999.000,9999.000,9999.000,9999.000,9999.000,9999.000,9999.000,9999.000
202606050054,   1.483,9999.000,9999.000,9999.000,9999.000,9999.000,9999.000,9999.000,9999.000
202606050100,   1.600,9999.000,   0.700,  -0.132,   2.168,   0.600,   2.068,   0.900,   2.368
202606050106,   1.722,9999.000,9999.000,9999.000,9999.000,9999.000,9999.000,9999.000,9999.000
202606050112,   1.849,9999.000,9999.000,9999.000,9999.000,9999.000,9999.000,9999.000,9999.000
202606050118,   1.981,9999.000,9999.000,9999.000,9999.000,9999.000,9999.000,9999.000,9999.000
202606050124,   2.115,9999.000,9999.000,9999.000,9999.000,9999.000,9999.000,9999.000,9999.000
202606050130,   2.252,9999.000,9999.000,9999.000,9999.000,9999.000,9999.000,9999.000,9999.000
202606050136,   2.392,9999.000,9999.000,9999.000,9999.000,9999.000,9999.000,9999.000,9999.000
202606050142,   2.532,9999.000,9999.000,9999.000,9999.000,9999.000,9999.000,9999.000,9999.000
202606050148,   2.672,9999.000,9999.000,9999.000,9999.000,9999.000,9999.000,9999.000,9999.000
202606050154,   2.811,9999.000,9999.000,9999.000,9999.000,9999.000,9999.000,9999.000,9999.000
202606050200,   2.949,9999.000,   0.700,  -0.132,   3.517,   0.600,   3.417,   0.900,   3.717
202606050206,   3.084,9999.000,9999.000,9999.000,9999.000,9999.000,9999.000,9999.000,9999.000
202606050212,   3.216,9999.000,9999.000,9999.000,9999.000,9999.000,9999.000,9999.000,9999.000
202606050218,   3.344,9999.000,9999.000,9999.000,9999.000,9999.000,9999.000,9999.000,9999.000
202606050224,   3.466,9999.000,9999.000,9999.000,9999.000,9999.000,9999.000,9999.000,9999.000
202606050230,   3.584,9999.000,9999.000,9999.000,9999.000,9999.000,9999.000,9999.000,9999.000
202606050236,   3.695,9999.000,9999.000,9999.000,9999.000,9999.000,9999.000,9999.000,9999.000
202606050242,   3.799,9999.000,9999.000,9999.000,9999.000,9999.000,9999.000,9999.000,9999.000
202606050248,   3.897,9999.000,9999.000,9999.000,9999.000,9999.000,9999.000,9999.000,9999.000
202606050254,   3.987,9999.000,9999.000,9999.000,9999.000,9999.000,9999.000,9999.000,9999.000
202606050300,   4.069,9999.000,   0.700,  -0.132,   4.637,   0.600,   4.537,   0.900,   4.837
202606050306,   4.144,9999.000,9999.000,9999.000,9999.000,9999.000,9999.000,9999.000,9999.000
202606050312,   4.212,9999.000,9999.000,9999.000,9999.000,9999.000,9999.000,9999.000,9999.000
202606050318,   4.272,9999.000,9999.000,9999.000,9999.000,9999.000,9999.000,9999.000,9999.000
202606050324,   4.325,9999.000,9999.000,9999.000,9999.000,9999.000,9999.000,9999.000,9999.000
202606050330,   4.371,9999.000,9999.000,9999.000,9999.000,9999.000,9999.000,9999.000,9999.000
202606050336,   4.410,9999.000,9999.000,9999.000,9999.000,9999.000,9999.000,9999.000,9999.000
202606050342,   4.443,9999.000,9999.000,9999.000,9999.000,9999.000,9999.000,9999.000,9999.000
202606050348,   4.471,9999.000,9999.000,9999.000,9999.000,9999.000,9999.000,9999.000,9999.000
202606050354,   4.493,9999.000,9999.000,9999.000,9999.000,9999.000,9999.000,9999.000,9999.000
202606050400,   4.510,9999.000,   0.700,  -0.132,   5.078,   0.600,   4.978,   0.900,   5.278
202606050406,   4.524,9999.000,9999.000,9999.000,9999.000,9999.000,9999.000,9999.000,9999.000
202606050412,   4.533,9999.000,9999.000,9999.000,9999.000,9999.000,9999.000,9999.000,9999.000
202606050418,   4.539,9999.000,9999.000,9999.000,9999.000,9999.000,9999.000,9999.000,9999.000
202606050424,   4.543,9999.000,9999.000,9999.000,9999.000,9999.000,9999.000,9999.000,9999.000
202606050430,   4.544,9999.000,9999.000,9999.000,9999.000,9999.000,9999.000,9999.000,9999.000
202606050436,   4.542,9999.000,9999.000,9999.000,9999.000,9999.000,9999.000,9999.000,9999.000
202606050442,   4.540,9999.000,9999.000,9999.000,9999.000,9999.000,9999.000,9999.000,9999.000
202606050448,   4.535,9999.000,9999.000,9999.000,9999.000,9999.000,9999.000,9999.000,9999.000
202606050454,   4.529,9999.000,9999.000,9999.000,9999.000,9999.000,9999.000,9999.000,9999.000
202606050500,   4.522,9999.000,   0.700,  -0.132,   5.090,   0.600,   4.990,   0.900,   5.290
202606050506,   4.514,9999.000,9999.000,9999.000,9999.000,9999.000,9999.000,9999.000,9999.000
202606050512,   4.505,9999.000,9999.000,9999.000,9999.000,9999.000,9999.000,9999.000,9999.000
202606050518,   4.494,9999.000,9999.000,9999.000,9999.000,9999.000,9999.000,9999.000,9999.000
202606050524,   4.482,9999.000,9999.000,9999.000,9999.000,9999.000,9999.000,9999.000,9999.000
202606050530,   4.468,9999.000,9999.000,9999.000,9999.000,9999.000,9999.000,9999.000,9999.000
202606050536,   4.452,9999.000,9999.000,9999.000,9999.000,9999.000,9999.000,9999.000,9999.000
202606050542,   4.434,9999.000,9999.000,9999.000,9999.000,9999.000,9999.000,9999.000,9999.000
202606050548,   4.414,9999.000,9999.000,9999.000,9999.000,9999.000,9999.000,9999.000,9999.000
202606050554,   4.392,9999.000,9999.000,9999.000,9999.000,9999.000,9999.000,9999.000,9999.000
202606050600,   4.367,9999.000,   0.700,  -0.132,   4.935,   0.600,   4.835,   0.900,   5.135
202606050606,   4.339,9999.000,9999.000,9999.000,9999.000,9999.000,9999.000,9999.000,9999.000
202606050612,   4.307,9999.000,9999.000,9999.000,9999.000,9999.000,9999.000,9999.000,9999.000
202606050618,   4.272,9999.000,9999.000,9999.000,9999.000,9999.000,9999.000,9999.000,9999.000
202606050624,   4.233,9999.000,9999.000,9999.000,9999.000,9999.000,9999.000,9999.000,9999.000
202606050630,   4.191,9999.000,9999.000,9999.000,9999.000,9999.000,9999.000,9999.000,9999.000
202606050636,   4.145,9999.000,9999.000,9999.000,9999.000,9999.000,9999.000,9999.000,9999.000
202606050642,   4.094,9999.000,9999.000,9999.000,9999.000,9999.000,9999.000,9999.000,9999.000
202606050648,   4.040,9999.000,9999.000,9999.000,9999.000,9999.000,9999.000,9999.000,9999.000
202606050654,   3.982,9999.000,9999.000,9999.000,9999.000,9999.000,9999.000,9999.000,9999.000
202606050700,   3.919,9999.000,   0.700,  -0.132,   4.487,   0.500,   4.287,   0.900,   4.687
202606050706,   3.853,9999.000,9999.000,9999.000,9999.000,9999.000,9999.000,9999.000,9999.000
202606050712,   3.783,9999.000,9999.000,9999.000,9999.000,9999.000,9999.000,9999.000,9999.000
202606050718,   3.709,9999.000,9999.000,9999.000,9999.000,9999.000,9999.000,9999.000,9999.000
202606050724,   3.631,9999.000,9999.000,9999.000,9999.000,9999.000,9999.000,9999.000,9999.000
202606050730,   3.550,9999.000,9999.000,9999.000,9999.000,9999.000,9999.000,9999.000,9999.000
202606050736,   3.467,9999.000,9999.000,9999.000,9999.000,9999.000,9999.000,9999.000,9999.000
202606050742,   3.380,9999.000,9999.000,9999.000,9999.000,9999.000,9999.000,9999.000,9999.000
202606050748,   3.290,9999.000,9999.000,9999.000,9999.000,9999.000,9999.000,9999.000,9999.000
202606050754,   3.199,9999.000,9999.000,9999.000,9999.000,9999.000,9999.000,9999.000,9999.000
202606050800,   3.105,9999.000,   0.700,  -0.132,   3.673,   0.500,   3.473,   0.900,   3.873
202606050806,   3.009,9999.000,9999.000,9999.000,9999.000,9999.000,9999.000,9999.000,9999.000
202606050812,   2.912,9999.000,9999.000,9999.000,9999.000,9999.000,9999.000,9999.000,9999.000
202606050818,   2.814,9999.000,9999.000,9999.000,9999.000,9999.000,9999.000,9999.000,9999.000
202606050824,   2.715,9999.000,9999.000,9999.000,9999.000,9999.000,9999.000,9999.000,9999.000
202606050830,   2.615,9999.000,9999.000,9999.000,9999.000,9999.000,9999.000,9999.000,9999.000
202606050836,   2.515,9999.000,9999.000,9999.000,9999.000,9999.000,9999.000,9999.000,9999.000
202606050842,   2.416,9999.000,9999.000,9999.000,9999.000,9999.000,9999.000,9999.000,9999.000
202606050848,   2.316,9999.000,9999.000,9999.000,9999.000,9999.000,9999.000,9999.000,9999.000
202606050854,   2.218,9999.000,9999.000,9999.000,9999.000,9999.000,9999.000,9999.000,9999.000
202606050900,   2.120,9999.000,   0.700,  -0.132,   2.688,   0.500,   2.488,   0.900,   2.888
202606050906,   2.023,9999.000,9999.000,9999.000,9999.000,9999.000,9999.000,9999.000,9999.000
202606050912,   1.928,9999.000,9999.000,9999.000,9999.000,9999.000,9999.000,9999.000,9999.000
202606050918,   1.835,9999.000,9999.000,9999.000,9999.000,9999.000,9999.000,9999.000,9999.000
202606050924,   1.744,9999.000,9999.000,9999.000,9999.000,9999.000,9999.000,9999.000,9999.000
202606050930,   1.655,9999.000,9999.000,9999.000,9999.000,9999.000,9999.000,9999.000,9999.000
202606050936,   1.568,9999.000,9999.000,9999.000,9999.000,9999.000,9999.000,9999.000,9999.000
202606050942,   1.484,9999.000,9999.000,9999.000,9999.000,9999.000,9999.000,9999.000,9999.000
202606050948,   1.402,9999.000,9999.000,9999.000,9999.000,9999.000,9999.000,9999.000,9999.000
202606050954,   1.323,9999.000,9999.000,9999.000,9999.000,9999.000,9999.000,9999.000,9999.000
202606051000,   1.247,9999.000,   0.700,  -0.132,   1.815,   0.500,   1.615,   0.900,   2.015
202606051006,   1.175,9999.000,9999.000,9999.000,9999.000,9999.000,9999.000,9999.000,9999.000
202606051012,   1.105,9999.000,9999.000,9999.000,9999.000,9999.000,9999.000,9999.000,9999.000
202606051018,   1.038,9999.000,9999.000,9999.000,9999.000,9999.000,9999.000,9999.000,9999.000
202606051024,   0.975,9999.000,9999.000,9999.000,9999.000,9999.000,9999.000,9999.000,9999.000
202606051030,   0.915,9999.000,9999.000,9999.000,9999.000,9999.000,9999.000,9999.000,9999.000
202606051036,   0.859,9999.000,9999.000,9999.000,9999.000,9999.000,9999.000,9999.000,9999.000
202606051042,   0.805,9999.000,9999.000,9999.000,9999.000,9999.000,9999.000,9999.000,9999.000
202606051048,   0.755,9999.000,9999.000,9999.000,9999.000,9999.000,9999.000,9999.000,9999.000
202606051054,   0.709,9999.000,9999.000,9999.000,9999.000,9999.000,9999.000,9999.000,9999.000
202606051100,   0.666,9999.000,   0.600,  -0.132,   1.134,   0.500,   1.034,   0.800,   1.334
202606051106,   0.626,9999.000,9999.000,9999.000,9999.000,9999.000,9999.000,9999.000,9999.000
202606051112,   0.590,9999.000,9999.000,9999.000,9999.000,9999.000,9999.000,9999.000,9999.000
202606051118,   0.558,9999.000,9999.000,9999.000,9999.000,9999.000,9999.000,9999.000,9999.000
202606051124,   0.530,9999.000,9999.000,9999.000,9999.000,9999.000,9999.000,9999.000,9999.000
202606051130,   0.505,9999.000,9999.000,9999.000,9999.000,9999.000,9999.000,9999.000,9999.000
202606051136,   0.485,9999.000,9999.000,9999.000,9999.000,9999.000,9999.000,9999.000,9999.000
202606051142,   0.469,9999.000,9999.000,9999.000,9999.000,9999.000,9999.000,9999.000,9999.000
202606051148,   0.458,9999.000,9999.000,9999.000,9999.000,9999.000,9999.000,9999.000,9999.000
202606051154,   0.452,9999.000,9999.000,9999.000,9999.000,9999.000,9999.000,9999.000,9999.000
202606051200,   0.451,9999.000,   0.600,  -0.132,   0.919,   0.500,   0.819,   0.800,   1.119
202606051206,   0.455,9999.000,9999.000,9999.000,9999.000,9999.000,9999.000,9999.000,9999.000
202606051212,   0.465,9999.000,9999.000,9999.000,9999.000,9999.000,9999.000,9999.000,9999.000
202606051218,   0.481,9999.000,9999.000,9999.000,9999.000,9999.000,9999.000,9999.000,9999.000
202606051224,   0.504,9999.000,9999.000,9999.000,9999.000,9999.000,9999.000,9999.000,9999.000
202606051230,   0.533,9999.000,9999.000,9999.000,9999.000,9999.000,9999.000,9999.000,9999.000
202606051236,   0.568,9999.000,9999.000,9999.000,9999.000,9999.000,9999.000,9999.000,9999.000
202606051242,   0.611,9999.000,9999.000,9999.000,9999.000,9999.000,9999.000,9999.000,9999.000
202606051248,   0.661,9999.000,9999.000,9999.000,9999.000,9999.000,9999.000,9999.000,9999.000
202606051254,   0.717,9999.000,9999.000,9999.000,9999.000,9999.000,9999.000,9999.000,9999.000
202606051300,   0.781,9999.000,   0.600,  -0.132,   1.249,   0.500,   1.149,   0.800,   1.449
202606051306,   0.853,9999.000,9999.000,9999.000,9999.000,9999.000,9999.000,9999.000,9999.000
202606051312,   0.931,9999.000,9999.000,9999.000,9999.000,9999.000,9999.000,9999.000,9999.000
202606051318,   1.016,9999.000,9999.000,9999.000,9999.000,9999.000,9999.000,9999.000,9999.000
202606051324,   1.107,9999.000,9999.000,9999.000,9999.000,9999.000,9999.000,9999.000,9999.000
202606051330,   1.205,9999.000,9999.000,9999.000,9999.000,9999.000,9999.000,9999.000,9999.000
202606051336,   1.308,9999.000,9999.000,9999.000,9999.000,9999.000,9999.000,9999.000,9999.000
202606051342,   1.416,9999.000,9999.000,9999.000,9999.000,9999.000,9999.000,9999.000,9999.000
202606051348,   1.529,9999.000,9999.000,9999.000,9999.000,9999.000,9999.000,9999.000,9999.000
202606051354,   1.646,9999.000,9999.000,9999.000,9999.000,9999.000,9999.000,9999.000,9999.000
202606051400,   1.765,9999.000,   0.600,  -0.132,   2.233,   0.500,   2.133,   0.800,   2.433
202606051406,   1.887,9999.000,9999.000,9999.000,9999.000,9999.000,9999.000,9999.000,9999.000
202606051412,   2.010,9999.000,9999.000,9999.000,9999.000,9999.000,9999.000,9999.000,9999.000
202606051418,   2.133,9999.000,9999.000,9999.000,9999.000,9999.000,9999.000,9999.000,9999.000
202606051424,   2.256,9999.000,9999.000,9999.000,9999.000,9999.000,9999.000,9999.000,9999.000
202606051430,   2.378,9999.000,9999.000,9999.000,9999.000,9999.000,9999.000,9999.000,9999.000
202606051436,   2.498,9999.000,9999.000,9999.000,9999.000,9999.000,9999.000,9999.000,9999.000
202606051442,   2.615,9999.000,9999.000,9999.000,9999.000,9999.000,9999.000,9999.000,9999.000
202606051448,   2.728,9999.000,9999.000,9999.000,9999.000,9999.000,9999.000,9999.000,9999.000
202606051454,   2.837,9999.000,9999.000,9999.000,9999.000,9999.000,9999.000,9999.000,9999.000
202606051500,   2.941,9999.000,   0.600,  -0.132,   3.409,   0.500,   3.309,   0.800,   3.609
202606051506,   3.040,9999.000,9999.000,9999.000,9999.000,9999.000,9999.000,9999.000,9999.000
202606051512,   3.132,9999.000,9999.000,9999.000,9999.000,9999.000,9999.000,9999.000,9999.000
202606051518,   3.219,9999.000,9999.000,9999.000,9999.000,9999.000,9999.000,9999.000,9999.000
202606051524,   3.299,9999.000,9999.000,9999.000,9999.000,9999.000,9999.000,9999.000,9999.000
202606051530,   3.372,9999.000,9999.000,9999.000,9999.000,9999.000,9999.000,9999.000,9999.000
202606051536,   3.439,9999.000,9999.000,9999.000,9999.000,9999.000,9999.000,9999.000,9999.000
202606051542,   3.499,9999.000,9999.000,9999.000,9999.000,9999.000,9999.000,9999.000,9999.000
202606051548,   3.552,9999.000,9999.000,9999.000,9999.000,9999.000,9999.000,9999.000,9999.000
202606051554,   3.600,9999.000,9999.000,9999.000,9999.000,9999.000,9999.000,9999.000,9999.000
202606051600,   3.641,9999.000,   0.600,  -0.132,   4.109,   0.500,   4.009,   0.700,   4.209
202606051606,   3.677,9999.000,9999.000,9999.000,9999.000,9999.000,9999.000,9999.000,9999.000
202606051612,   3.707,9999.000,9999.000,9999.000,9999.000,9999.000,9999.000,9999.000,9999.000
202606051618,   3.733,9999.000,9999.000,9999.000,9999.000,9999.000,9999.000,9999.000,9999.000
202606051624,   3.754,9999.000,9999.000,9999.000,9999.000,9999.000,9999.000,9999.000,9999.000
202606051630,   3.771,9999.000,9999.000,9999.000,9999.000,9999.000,9999.000,9999.000,9999.000
202606051636,   3.785,9999.000,9999.000,9999.000,9999.000,9999.000,9999.000,9999.000,9999.000
202606051642,   3.796,9999.000,9999.000,9999.000,9999.000,9999.000,9999.000,9999.000,9999.000
202606051648,   3.804,9999.000,9999.000,9999.000,9999.000,9999.000,9999.000,9999.000,9999.000
202606051654,   3.810,9999.000,9999.000,9999.000,9999.000,9999.000,9999.000,9999.000,9999.000
202606051700,   3.814,9999.000,   0.600,  -0.132,   4.282,   0.500,   4.182,   0.700,   4.382
202606051706,   3.816,9999.000,9999.000,9999.000,9999.000,9999.000,9999.000,9999.000,9999.000
202606051712,   3.816,9999.000,9999.000,9999.000,9999.000,9999.000,9999.000,9999.000,9999.000
202606051718,   3.815,9999.000,9999.000,9999.000,9999.000,9999.000,9999.000,9999.000,9999.000
202606051724,   3.813,9999.000,9999.000,9999.000,9999.000,9999.000,9999.000,9999.000,9999.000
202606051730,   3.809,9999.000,9999.000,9999.000,9999.000,9999.000,9999.000,9999.000,9999.000
202606051736,   3.804,9999.000,9999.000,9999.000,9999.000,9999.000,9999.000,9999.000,9999.000
202606051742,   3.797,9999.000,9999.000,9999.000,9999.000,9999.000,9999.000,9999.000,9999.000
202606051748,   3.789,9999.000,9999.000,9999.000,9999.000,9999.000,9999.000,9999.000,9999.000
202606051754,   3.779,9999.000,9999.000,9999.000,9999.000,9999.000,9999.000,9999.000,9999.000
202606051800,   3.767,9999.000,   0.600,  -0.132,   4.235,   0.500,   4.135,   0.700,   4.335
202606051806,   3.752,9999.000,9999.000,9999.000,9999.000,9999.000,9999.000,9999.000,9999.000
202606051812,   3.735,9999.000,9999.000,9999.000,9999.000,9999.000,9999.000,9999.000,9999.000
202606051818,   3.716,9999.000,9999.000,9999.000,9999.000,9999.000,9999.000,9999.000,9999.000
202606051824,   3.693,9999.000,9999.000,9999.000,9999.000,9999.000,9999.000,9999.000,9999.000
202606051830,   3.667,9999.000,9999.000,9999.000,9999.000,9999.000,9999.000,9999.000,9999.000
202606051836,   3.637,9999.000,9999.000,9999.000,9999.000,9999.000,9999.000,9999.000,9999.000
202606051842,   3.604,9999.000,9999.000,9999.000,9999.000,9999.000,9999.000,9999.000,9999.000
202606051848,   3.567,9999.000,9999.000,9999.000,9999.000,9999.000,9999.000,9999.000,9999.000
202606051854,   3.526,9999.000,9999.000,9999.000,9999.000,9999.000,9999.000,9999.000,9999.000
202606051900,   3.481,9999.000,   0.500,  -0.132,   3.849,   0.400,   3.749,   0.700,   4.049
202606051906,   3.431,9999.000,9999.000,9999.000,9999.000,9999.000,9999.000,9999.000,9999.000
202606051912,   3.378,9999.000,9999.000,9999.000,9999.000,9999.000,9999.000,9999.000,9999.000
202606051918,   3.320,9999.000,9999.000,9999.000,9999.000,9999.000,9999.000,9999.000,9999.000
202606051924,   3.258,9999.000,9999.000,9999.000,9999.000,9999.000,9999.000,9999.000,9999.000
202606051930,   3.192,9999.000,9999.000,9999.000,9999.000,9999.000,9999.000,9999.000,9999.000
202606051936,   3.122,9999.000,9999.000,9999.000,9999.000,9999.000,9999.000,9999.000,9999.000
202606051942,   3.048,9999.000,9999.000,9999.000,9999.000,9999.000,9999.000,9999.000,9999.000
202606051948,   2.971,9999.000,9999.000,9999.000,9999.000,9999.000,9999.000,9999.000,9999.000
202606051954,   2.891,9999.000,9999.000,9999.000,9999.000,9999.000,9999.000,9999.000,9999.000
202606052000,   2.808,9999.000,   0.500,  -0.132,   3.176,   0.400,   3.076,   0.700,   3.376
202606052006,   2.722,9999.000,9999.000,9999.000,9999.000,9999.000,9999.000,9999.000,9999.000
202606052012,   2.634,9999.000,9999.000,9999.000,9999.000,9999.000,9999.000,9999.000,9999.000
202606052018,   2.543,9999.000,9999.000,9999.000,9999.000,9999.000,9999.000,9999.000,9999.000
202606052024,   2.452,9999.000,9999.000,9999.000,9999.000,9999.000,9999.000,9999.000,9999.000
202606052030,   2.358,9999.000,9999.000,9999.000,9999.000,9999.000,9999.000,9999.000,9999.000
202606052036,   2.264,9999.000,9999.000,9999.000,9999.000,9999.000,9999.000,9999.000,9999.000
202606052042,   2.170,9999.000,9999.000,9999.000,9999.000,9999.000,9999.000,9999.000,9999.000
202606052048,   2.075,9999.000,9999.000,9999.000,9999.000,9999.000,9999.000,9999.000,9999.000
202606052054,   1.980,9999.000,9999.000,9999.000,9999.000,9999.000,9999.000,9999.000,9999.000
202606052100,   1.886,9999.000,   0.500,  -0.132,   2.254,   0.400,   2.154,   0.700,   2.454
202606052106,   1.793,9999.000,9999.000,9999.000,9999.000,9999.000,9999.000,9999.000,9999.000
202606052112,   1.701,9999.000,9999.000,9999.000,9999.000,9999.000,9999.000,9999.000,9999.000
202606052118,   1.611,9999.000,9999.000,9999.000,9999.000,9999.000,9999.000,9999.000,9999.000
202606052124,   1.523,9999.000,9999.000,9999.000,9999.000,9999.000,9999.000,9999.000,9999.000
202606052130,   1.437,9999.000,9999.000,9999.000,9999.000,9999.000,9999.000,9999.000,9999.000
202606052136,   1.354,9999.000,9999.000,9999.000,9999.000,9999.000,9999.000,9999.000,9999.000
202606052142,   1.274,9999.000,9999.000,9999.000,9999.000,9999.000,9999.000,9999.000,9999.000
202606052148,   1.196,9999.000,9999.000,9999.000,9999.000,9999.000,9999.000,9999.000,9999.000
202606052154,   1.123,9999.000,9999.000,9999.000,9999.000,9999.000,9999.000,9999.000,9999.000
202606052200,   1.053,9999.000,   0.500,  -0.132,   1.421,   0.400,   1.321,   0.700,   1.621
202606052206,   0.986,9999.000,9999.000,9999.000,9999.000,9999.000,9999.000,9999.000,9999.000
202606052212,   0.924,9999.000,9999.000,9999.000,9999.000,9999.000,9999.000,9999.000,9999.000
202606052218,   0.866,9999.000,9999.000,9999.000,9999.000,9999.000,9999.000,9999.000,9999.000
202606052224,   0.812,9999.000,9999.000,9999.000,9999.000,9999.000,9999.000,9999.000,9999.000
202606052230,   0.762,9999.000,9999.000,9999.000,9999.000,9999.000,9999.000,9999.000,9999.000
202606052236,   0.717,9999.000,9999.000,9999.000,9999.000,9999.000,9999.000,9999.000,9999.000
202606052242,   0.676,9999.000,9999.000,9999.000,9999.000,9999.000,9999.000,9999.000,9999.000
202606052248,   0.639,9999.000,9999.000,9999.000,9999.000,9999.000,9999.000,9999.000,9999.000
202606052254,   0.607,9999.000,9999.000,9999.000,9999.000,9999.000,9999.000,9999.000,9999.000
202606052300,   0.579,9999.000,   0.500,  -0.132,   0.947,   0.400,   0.847,   0.600,   1.047
202606052306,   0.556,9999.000,9999.000,9999.000,9999.000,9999.000,9999.000,9999.000,9999.000
202606052312,   0.537,9999.000,9999.000,9999.000,9999.000,9999.000,9999.000,9999.000,9999.000
202606052318,   0.522,9999.000,9999.000,9999.000,9999.000,9999.000,9999.000,9999.000,9999.000
202606052324,   0.511,9999.000,9999.000,9999.000,9999.000,9999.000,9999.000,9999.000,9999.000
202606052330,   0.504,9999.000,9999.000,9999.000,9999.000,9999.000,9999.000,9999.000,9999.000
202606052336,   0.502,9999.000,9999.000,9999.000,9999.000,9999.000,9999.000,9999.000,9999.000
202606052342,   0.504,9999.000,9999.000,9999.000,9999.000,9999.000,9999.000,9999.000,9999.000
202606052348,   0.510,9999.000,9999.000,9999.000,9999.000,9999.000,9999.000,9999.000,9999.000
202606052354,   0.520,9999.000,9999.000,9999.000,9999.000,9999.000,9999.000,9999.000,9999.000
202606060000,   0.535,9999.000,   0.500,  -0.132,   0.903,   0.400,   0.803,   0.600,   1.003
202606060006,   0.554,9999.000,9999.000,9999.000,9999.000,9999.000,9999.000,9999.000,9999.000
202606060012,   0.578,9999.000,9999.000,9999.000,9999.000,9999.000,9999.000,9999.000,9999.000
202606060018,   0.606,9999.000,9999.000,9999.000,9999.000,9999.000,9999.000,9999.000,9999.000
202606060024,   0.639,9999.000,9999.000,9999.000,9999.000,9999.000,9999.000,9999.000,9999.000
202606060030,   0.678,9999.000,9999.000,9999.000,9999.000,9999.000,9999.000,9999.000,9999.000
202606060036,   0.721,9999.000,9999.000,9999.000,9999.000,9999.000,9999.000,9999.000,9999.000
202606060042,   0.770,9999.000,9999.000,9999.000,9999.000,9999.000,9999.000,9999.000,9999.000
202606060048,   0.825,9999.000,9999.000,9999.000,9999.000,9999.000,9999.000,9999.000,9999.000
202606060054,   0.885,9999.000,9999.000,9999.000,9999.000,9999.000,9999.000,9999.000,9999.000
202606060100,   0.951,9999.000,   0.500,  -0.132,   1.319,   0.400,   1.219,   0.600,   1.419
202606060106,   1.023,9999.000,9999.000,9999.000,9999.000,9999.000,9999.000,9999.000,9999.000
202606060112,   1.102,9999.000,9999.000,9999.000,9999.000,9999.000,9999.000,9999.000,9999.000
202606060118,   1.187,9999.000,9999.000,9999.000,9999.000,9999.000,9999.000,9999.000,9999.000
202606060124,   1.277,9999.000,9999.000,9999.000,9999.000,9999.000,9999.000,9999.000,9999.000
202606060130,   1.374,9999.000,9999.000,9999.000,9999.000,9999.000,9999.000,9999.000,9999.000
202606060136,   1.477,9999.000,9999.000,9999.000,9999.000,9999.000,9999.000,9999.000,9999.000
202606060142,   1.586,9999.000,9999.000,9999.000,9999.000,9999.000,9999.000,9999.000,9999.000
202606060148,   1.699,9999.000,9999.000,9999.000,9999.000,9999.000,9999.000,9999.000,9999.000
202606060154,   1.818,9999.000,9999.000,9999.000,9999.000,9999.000,9999.000,9999.000,9999.000
202606060200,   1.941,9999.000,   0.500,  -0.132,   2.309,   0.400,   2.209,   0.600,   2.409
202606060206,   2.068,9999.000,9999.000,9999.000,9999.000,9999.000,9999.000,9999.000,9999.000
202606060212,   2.198,9999.000,9999.000,9999.000,9999.000,9999.000,9999.000,9999.000,9999.000
202606060218,   2.331,9999.000,9999.000,9999.000,9999.000,9999.000,9999.000,9999.000,9999.000
202606060224,   2.465,9999.000,9999.000,9999.000,9999.000,9999.000,9999.000,9999.000,9999.000
202606060230,   2.601,9999.000,9999.000,9999.000,9999.000,9999.000,9999.000,9999.000,9999.000
202606060236,   2.737,9999.000,9999.000,9999.000,9999.000,9999.000,9999.000,9999.000,9999.000
202606060242,   2.872,9999.000,9999.000,9999.000,9999.000,9999.000,9999.000,9999.000,9999.000
202606060248,   3.005,9999.000,9999.000,9999.000,9999.000,9999.000,9999.000,9999.000,9999.000
202606060254,   3.136,9999.000,9999.000,9999.000,9999.000,9999.000,9999.000,9999.000,9999.000
202606060300,   3.264,9999.000,   0.500,  -0.132,   3.632,   0.400,   3.532,   0.600,   3.732
202606060306,   3.388,9999.000,9999.000,9999.000,9999.000,9999.000,9999.000,9999.000,9999.000
202606060312,   3.507,9999.000,9999.000,9999.000,9999.000,9999.000,9999.000,9999.000,9999.000
202606060318,   3.621,9999.000,9999.000,9999.000,9999.000,9999.000,9999.000,9999.000,9999.000
202606060324,   3.729,9999.000,9999.000,9999.000,9999.000,9999.000,9999.000,9999.000,9999.000
202606060330,   3.831,9999.000,9999.000,9999.000,9999.000,9999.000,9999.000,9999.000,9999.000
202606060336,   3.925,9999.000,9999.000,9999.000,9999.000,9999.000,9999.000,9999.000,9999.000
202606060342,   4.013,9999.000,9999.000,9999.000,9999.000,9999.000,9999.000,9999.000,9999.000
202606060348,   4.092,9999.000,9999.000,9999.000,9999.000,9999.000,9999.000,9999.000,9999.000
202606060354,   4.165,9999.000,9999.000,9999.000,9999.000,9999.000,9999.000,9999.000,9999.000
202606060400,   4.230,9999.000,   0.500,  -0.132,   4.598,   0.400,   4.498,   0.600,   4.698
202606060406,   4.287,9999.000,9999.000,9999.000,9999.000,9999.000,9999.000,9999.000,9999.000
202606060412,   4.337,9999.000,9999.000,9999.000,9999.000,9999.000,9999.000,9999.000,9999.000
202606060418,   4.380,9999.000,9999.000,9999.000,9999.000,9999.000,9999.000,9999.000,9999.000
202606060424,   4.417,9999.000,9999.000,9999.000,9999.000,9999.000,9999.000,9999.000,9999.000
202606060430,   4.447,9999.000,9999.000,9999.000,9999.000,9999.000,9999.000,9999.000,9999.000
202606060436,   4.471,9999.000,9999.000,9999.000,9999.000,9999.000,9999.000,9999.000,9999.000
202606060442,   4.490,9999.000,9999.000,9999.000,9999.000,9999.000,9999.000,9999.000,9999.000
202606060448,   4.504,9999.000,9999.000,9999.000,9999.000,9999.000,9999.000,9999.000,9999.000
202606060454,   4.513,9999.000,9999.000,9999.000,9999.000,9999.000,9999.000,9999.000,9999.000
202606060500,   4.519,9999.000,   0.500,  -0.132,   4.887,   0.400,   4.787,   0.600,   4.987
202606060506,   4.521,9999.000,9999.000,9999.000,9999.000,9999.000,9999.000,9999.000,9999.000
202606060512,   4.521,9999.000,9999.000,9999.000,9999.000,9999.000,9999.000,9999.000,9999.000
202606060518,   4.517,9999.000,9999.000,9999.000,9999.000,9999.000,9999.000,9999.000,9999.000
202606060524,   4.512,9999.000,9999.000,9999.000,9999.000,9999.000,9999.000,9999.000,9999.000
202606060530,   4.505,9999.000,9999.000,9999.000,9999.000,9999.000,9999.000,9999.000,9999.000
202606060536,   4.496,9999.000,9999.000,9999.000,9999.000,9999.000,9999.000,9999.000,9999.000
202606060542,   4.485,9999.000,9999.000,9999.000,9999.000,9999.000,9999.000,9999.000,9999.000
202606060548,   4.474,9999.000,9999.000,9999.000,9999.000,9999.000,9999.000,9999.000,9999.000
202606060554,   4.461,9999.000,9999.000,9999.000,9999.000,9999.000,9999.000,9999.000,9999.000
202606060600,   4.447,9999.000,   0.500,  -0.132,   4.815,   0.400,   4.715,   0.600,   4.915
202606060606,   4.431,9999.000,9999.000,9999.000,9999.000,9999.000,9999.000,9999.000,9999.000
202606060612,   4.415,9999.000,9999.000,9999.000,9999.000,9999.000,9999.000,9999.000,9999.000
202606060618,   4.396,9999.000,9999.000,9999.000,9999.000,9999.000,9999.000,9999.000,9999.000
202606060624,   4.376,9999.000,9999.000,9999.000,9999.000,9999.000,9999.000,9999.000,9999.000
202606060630,   4.354,9999.000,9999.000,9999.000,9999.000,9999.000,9999.000,9999.000,9999.000
202606060636,   4.330,9999.000,9999.000,9999.000,9999.000,9999.000,9999.000,9999.000,9999.000
202606060642,   4.304,9999.000,9999.000,9999.000,9999.000,9999.000,9999.000,9999.000,9999.000
202606060648,   4.274,9999.000,9999.000,9999.000,9999.000,9999.000,9999.000,9999.000,9999.000
202606060654,   4.242,9999.000,9999.000,9999.000,9999.000,9999.000,9999.000,9999.000,9999.000
202606060700,   4.207,9999.000,   0.500,  -0.132,   4.575,   0.400,   4.475,   0.600,   4.675
202606060706,   4.168,9999.000,9999.000,9999.000,9999.000,9999.000,9999.000,9999.000,9999.000
202606060712,   4.125,9999.000,9999.000,9999.000,9999.000,9999.000,9999.000,9999.000,9999.000
202606060718,   4.079,9999.000,9999.000,9999.000,9999.000,9999.000,9999.000,9999.000,9999.000
202606060724,   4.029,9999.000,9999.000,9999.000,9999.000,9999.000,9999.000,9999.000,9999.000
202606060730,   3.975,9999.000,9999.000,9999.000,9999.000,9999.000,9999.000,9999.000,9999.000
202606060736,   3.917,9999.000,9999.000,9999.000,9999.000,9999.000,9999.000,9999.000,9999.000
202606060742,   3.854,9999.000,9999.000,9999.000,9999.000,9999.000,9999.000,9999.000,9999.000
202606060748,   3.788,9999.000,9999.000,9999.000,9999.000,9999.000,9999.000,9999.000,9999.000
202606060754,   3.717,9999.000,9999.000,9999.000,9999.000,9999.000,9999.000,9999.000,9999.000
202606060800,   3.643,9999.000,   0.500,  -0.132,   4.011,   0.400,   3.911,   0.600,   4.111
202606060806,   3.565,9999.000,9999.000,9999.000,9999.000,9999.000,9999.000,9999.000,9999.000
202606060812,   3.483,9999.000,9999.000,9999.000,9999.000,9999.000,9999.000,9999.000,9999.000
202606060818,   3.398,9999.000,9999.000,9999.000,9999.000,9999.000,9999.000,9999.000,9999.000
202606060824,   3.310,9999.000,9999.000,9999.000,9999.000,9999.000,9999.000,9999.000,9999.000
202606060830,   3.219,9999.000,9999.000,9999.000,9999.000,9999.000,9999.000,9999.000,9999.000
202606060836,   3.125,9999.000,9999.000,9999.000,9999.000,9999.000,9999.000,9999.000,9999.000
202606060842,   3.029,9999.000,9999.000,9999.000,9999.000,9999.000,9999.000,9999.000,9999.000
202606060848,   2.931,9999.000,9999.000,9999.000,9999.000,9999.000,9999.000,9999.000,9999.000
202606060854,   2.831,9999.000,9999.000,9999.000,9999.000,9999.000,9999.000,9999.000,9999.000
202606060900,   2.730,9999.000,   0.500,  -0.132,   3.098,   0.400,   2.998,   0.600,   3.198
202606060906,   2.628,9999.000,9999.000,9999.000,9999.000,9999.000,9999.000,9999.000,9999.000
202606060912,   2.525,9999.000,9999.000,9999.000,9999.000,9999.000,9999.000,9999.000,9999.000
202606060918,   2.422,9999.000,9999.000,9999.000,9999.000,9999.000,9999.000,9999.000,9999.000
202606060924,   2.319,9999.000,9999.000,9999.000,9999.000,9999.000,9999.000,9999.000,9999.000
202606060930,   2.216,9999.000,9999.000,9999.000,9999.000,9999.000,9999.000,9999.000,9999.000
202606060936,   2.115,9999.000,9999.000,9999.000,9999.000,9999.000,9999.000,9999.000,9999.000
202606060942,   2.014,9999.000,9999.000,9999.000,9999.000,9999.000,9999.000,9999.000,9999.000
202606060948,   1.915,9999.000,9999.000,9999.000,9999.000,9999.000,9999.000,9999.000,9999.000
202606060954,   1.817,9999.000,9999.000,9999.000,9999.000,9999.000,9999.000,9999.000,9999.000
202606061000,   1.721,9999.000,   0.500,  -0.132,   2.089,   0.400,   1.989,   0.600,   2.189
202606061006,   1.628,9999.000,9999.000,9999.000,9999.000,9999.000,9999.000,9999.000,9999.000
202606061012,   1.537,9999.000,9999.000,9999.000,9999.000,9999.000,9999.000,9999.000,9999.000
202606061018,   1.449,9999.000,9999.000,9999.000,9999.000,9999.000,9999.000,9999.000,9999.000
202606061024,   1.364,9999.000,9999.000,9999.000,9999.000,9999.000,9999.000,9999.000,9999.000
202606061030,   1.283,9999.000,9999.000,9999.000,9999.000,9999.000,9999.000,9999.000,9999.000
202606061036,   1.204,9999.000,9999.000,9999.000,9999.000,9999.000,9999.000,9999.000,9999.000
202606061042,   1.129,9999.000,9999.000,9999.000,9999.000,9999.000,9999.000,9999.000,9999.000
202606061048,   1.058,9999.000,9999.000,9999.000,9999.000,9999.000,9999.000,9999.000,9999.000
202606061054,   0.990,9999.000,9999.000,9999.000,9999.000,9999.000,9999.000,9999.000,9999.000
202606061100,   0.926,9999.000,   0.500,  -0.132,   1.294,   0.400,   1.194,   0.500,   1.294
202606061106,   0.866,9999.000,9999.000,9999.000,9999.000,9999.000,9999.000,9999.000,9999.000
202606061112,   0.810,9999.000,9999.000,9999.000,9999.000,9999.000,9999.000,9999.000,9999.000
202606061118,   0.758,9999.000,9999.000,9999.000,9999.000,9999.000,9999.000,9999.000,9999.000
202606061124,   0.709,9999.000,9999.000,9999.000,9999.000,9999.000,9999.000,9999.000,9999.000
202606061130,   0.664,9999.000,9999.000,9999.000,9999.000,9999.000,9999.000,9999.000,9999.000
202606061136,   0.623,9999.000,9999.000,9999.000,9999.000,9999.000,9999.000,9999.000,9999.000
202606061142,   0.586,9999.000,9999.000,9999.000,9999.000,9999.000,9999.000,9999.000,9999.000
202606061148,   0.552,9999.000,9999.000,9999.000,9999.000,9999.000,9999.000,9999.000,9999.000
202606061154,   0.523,9999.000,9999.000,9999.000,9999.000,9999.000,9999.000,9999.000,9999.000
202606061200,   0.497,9999.000,   0.400,  -0.132,   0.765,   0.400,   0.765,   0.500,   0.865
