        TIME,    TIDE,      OB,   SURGE,    BIAS,     TWL,SURGE90p,  TWL90p,SURGE10p,   TWL10p
202606071200,   0.568,   1.079,   0.500,   0.011,   1.079,   0.500,   1.079,   0.500,   1.079
202606071206,   0.562,9999.000,9999.000,9999.000,9999.000,9999.000,9999.000,9999.000,9999.000
202606071212,   0.562,   1.049,9999.000,9999.000,9999.000,9999.000,9999.000,9999.000,9999.000
202606071218,   0.568,9999.000,9999.000,9999.000,9999.000,9999.000,9999.000,9999.000,9999.000
202606071224,   0.581,   1.039,9999.000,9999.000,9999.000,9999.000,9999.000,9999.000,9999.000
202606071230,   0.601,9999.000,9999.000,9999.000,9999.000,9999.000,9999.000,9999.000,9999.000
202606071236,   0.627,   1.069,9999.000,9999.000,9999.000,9999.000,9999.000,9999.000,9999.000
202606071242,   0.660,9999.000,9999.000,9999.000,9999.000,9999.000,9999.000,9999.000,9999.000
202606071248,   0.700,   1.108,9999.000,9999.000,9999.000,9999.000,9999.000,9999.000,9999.000
202606071254,   0.746,9999.000,9999.000,9999.000,9999.000,9999.000,9999.000,9999.000,9999.000
202606071300,   0.798,   1.170,   0.500,  -0.128,   1.170,   0.500,   1.170,   0.500,   1.170
202606071306,   0.856,   1.210,9999.000,9999.000,9999.000,9999.000,9999.000,9999.000,9999.000
202606071312,   0.921,   1.259,9999.000,9999.000,9999.000,9999.000,9999.000,9999.000,9999.000
202606071318,   0.991,   1.318,9999.000,9999.000,9999.000,9999.000,9999.000,9999.000,9999.000
202606071324,   1.066,   1.371,9999.000,9999.000,9999.000,9999.000,9999.000,9999.000,9999.000
202606071330,   1.147,   1.439,9999.000,9999.000,9999.000,9999.000,9999.000,9999.000,9999.000
202606071336,   1.232,   1.508,9999.000,9999.000,9999.000,9999.000,9999.000,9999.000,9999.000
202606071342,   1.322,   1.590,9999.000,9999.000,9999.000,9999.000,9999.000,9999.000,9999.000
202606071348,   1.416,   1.679,9999.000,9999.000,9999.000,9999.000,9999.000,9999.000,9999.000
202606071354,   1.513,   1.781,9999.000,9999.000,9999.000,9999.000,9999.000,9999.000,9999.000
202606071400,   1.614,   1.889,   0.500,  -0.225,   1.889,   0.400,   1.789,   0.500,   1.889
202606071406,   1.718,   2.000,9999.000,9999.000,9999.000,9999.000,9999.000,9999.000,9999.000
202606071412,   1.825,   2.109,9999.000,9999.000,9999.000,9999.000,9999.000,9999.000,9999.000
202606071418,   1.934,   2.210,9999.000,9999.000,9999.000,9999.000,9999.000,9999.000,9999.000
202606071424,   2.044,   2.338,9999.000,9999.000,9999.000,9999.000,9999.000,9999.000,9999.000
202606071430,   2.157,   2.459,9999.000,9999.000,9999.000,9999.000,9999.000,9999.000,9999.000
202606071436,   2.270,   2.587,9999.000,9999.000,9999.000,9999.000,9999.000,9999.000,9999.000
202606071442,   2.385,   2.709,9999.000,9999.000,9999.000,9999.000,9999.000,9999.000,9999.000
202606071448,   2.500,   2.830,9999.000,9999.000,9999.000,9999.000,9999.000,9999.000,9999.000
202606071454,   2.616,   2.958,9999.000,9999.000,9999.000,9999.000,9999.000,9999.000,9999.000
202606071500,   2.731,   3.070,   0.400,  -0.061,   3.070,   0.400,   3.070,   0.500,   3.170
202606071506,   2.847,   3.188,9999.000,9999.000,9999.000,9999.000,9999.000,9999.000,9999.000
202606071512,   2.962,   3.309,9999.000,9999.000,9999.000,9999.000,9999.000,9999.000,9999.000
202606071518,   3.077,   3.440,9999.000,9999.000,9999.000,9999.000,9999.000,9999.000,9999.000
202606071524,   3.192,   3.548,9999.000,9999.000,9999.000,9999.000,9999.000,9999.000,9999.000
202606071530,   3.305,   3.660,9999.000,9999.000,9999.000,9999.000,9999.000,9999.000,9999.000
202606071536,   3.417,   3.778,9999.000,9999.000,9999.000,9999.000,9999.000,9999.000,9999.000
202606071542,   3.528,   3.890,9999.000,9999.000,9999.000,9999.000,9999.000,9999.000,9999.000
202606071548,   3.637,   4.008,9999.000,9999.000,9999.000,9999.000,9999.000,9999.000,9999.000
202606071554,   3.745,   4.109,9999.000,9999.000,9999.000,9999.000,9999.000,9999.000,9999.000
202606071600,   3.850,   4.227,   0.400,  -0.023,   4.227,   0.400,   4.227,   0.500,   4.327
202606071606,   3.954,   4.329,9999.000,9999.000,9999.000,9999.000,9999.000,9999.000,9999.000
202606071612,   4.055,   4.437,9999.000,9999.000,9999.000,9999.000,9999.000,9999.000,9999.000
202606071618,   4.154,   4.549,9999.000,9999.000,9999.000,9999.000,9999.000,9999.000,9999.000
202606071624,   4.249,   4.657,9999.000,9999.000,9999.000,9999.000,9999.000,9999.000,9999.000
202606071630,   4.342,   4.769,9999.000,9999.000,9999.000,9999.000,9999.000,9999.000,9999.000
202606071636,   4.432,   4.867,9999.000,9999.000,9999.000,9999.000,9999.000,9999.000,9999.000
202606071642,   4.518,   4.969,9999.000,9999.000,9999.000,9999.000,9999.000,9999.000,9999.000
202606071648,   4.600,   5.067,9999.000,9999.000,9999.000,9999.000,9999.000,9999.000,9999.000
202606071654,   4.678,   5.159,9999.000,9999.000,9999.000,9999.000,9999.000,9999.000,9999.000
202606071700,   4.753,   5.257,   0.400,   0.104,   5.257,   0.400,   5.257,   0.500,   5.357
202606071706,   4.823,   5.339,9999.000,9999.000,9999.000,9999.000,9999.000,9999.000,9999.000
202606071712,   4.888,   5.408,9999.000,9999.000,9999.000,9999.000,9999.000,9999.000,9999.000
202606071718,   4.949,   5.467,9999.000,9999.000,9999.000,9999.000,9999.000,9999.000,9999.000
202606071724,   5.005,   5.530,9999.000,9999.000,9999.000,9999.000,9999.000,9999.000,9999.000
202606071730,   5.056,   5.589,9999.000,9999.000,9999.000,9999.000,9999.000,9999.000,9999.000
202606071736,   5.102,   5.638,9999.000,9999.000,9999.000,9999.000,9999.000,9999.000,9999.000
202606071742,   5.143,   5.687,9999.000,9999.000,9999.000,9999.000,9999.000,9999.000,9999.000
202606071748,   5.178,   5.739,9999.000,9999.000,9999.000,9999.000,9999.000,9999.000,9999.000
202606071754,   5.209,   5.769,9999.000,9999.000,9999.000,9999.000,9999.000,9999.000,9999.000
202606071800,   5.234,   5.789,   0.500,   0.055,   5.789,   0.400,   5.689,   0.500,   5.789
202606071806,   5.254,   5.808,9999.000,9999.000,9999.000,9999.000,9999.000,9999.000,9999.000
202606071812,   5.268,   5.838,9999.000,9999.000,9999.000,9999.000,9999.000,9999.000,9999.000
202606071818,   5.277,   5.848,9999.000,9999.000,9999.000,9999.000,9999.000,9999.000,9999.000
202606071824,   5.280,   5.858,9999.000,9999.000,9999.000,9999.000,9999.000,9999.000,9999.000
202606071830,   5.278,   5.858,9999.000,9999.000,9999.000,9999.000,9999.000,9999.000,9999.000
202606071836,   5.271,   5.867,9999.000,9999.000,9999.000,9999.000,9999.000,9999.000,9999.000
202606071842,   5.257,   5.858,9999.000,9999.000,9999.000,9999.000,9999.000,9999.000,9999.000
202606071848,   5.239,   5.858,9999.000,9999.000,9999.000,9999.000,9999.000,9999.000,9999.000
202606071854,   5.215,   5.838,9999.000,9999.000,9999.000,9999.000,9999.000,9999.000,9999.000
202606071900,   5.185,   5.818,   0.500,   0.133,   5.818,   0.400,   5.718,   0.500,   5.818
202606071906,   5.150,   5.789,9999.000,9999.000,9999.000,9999.000,9999.000,9999.000,9999.000
202606071912,   5.109,   5.749,9999.000,9999.000,9999.000,9999.000,9999.000,9999.000,9999.000
202606071918,   5.063,   5.717,9999.000,9999.000,9999.000,9999.000,9999.000,9999.000,9999.000
202606071924,   5.011,   5.677,9999.000,9999.000,9999.000,9999.000,9999.000,9999.000,9999.000
202606071930,   4.953,   5.618,9999.000,9999.000,9999.000,9999.000,9999.000,9999.000,9999.000
202606071936,   4.890,   5.559,9999.000,9999.000,9999.000,9999.000,9999.000,9999.000,9999.000
202606071942,   4.821,   5.487,9999.000,9999.000,9999.000,9999.000,9999.000,9999.000,9999.000
202606071948,   4.747,   5.408,9999.000,9999.000,9999.000,9999.000,9999.000,9999.000,9999.000
202606071954,   4.668,   5.320,9999.000,9999.000,9999.000,9999.000,9999.000,9999.000,9999.000
202606072000,   4.583,   5.238,   0.500,   0.155,   5.238,   0.400,   5.138,   0.500,   5.238
202606072006,   4.494,   5.139,9999.000,9999.000,9999.000,9999.000,9999.000,9999.000,9999.000
202606072012,   4.399,   5.038,9999.000,9999.000,9999.000,9999.000,9999.000,9999.000,9999.000
202606072018,   4.300,   4.929,9999.000,9999.000,9999.000,9999.000,9999.000,9999.000,9999.000
202606072024,   4.197,   4.818,9999.000,9999.000,9999.000,9999.000,9999.000,9999.000,9999.000
202606072030,   4.089,   4.710,9999.000,9999.000,9999.000,9999.000,9999.000,9999.000,9999.000
202606072036,   3.978,   4.588,9999.000,9999.000,9999.000,9999.000,9999.000,9999.000,9999.000
202606072042,   3.864,   4.467,9999.000,9999.000,9999.000,9999.000,9999.000,9999.000,9999.000
202606072048,   3.747,   4.359,9999.000,9999.000,9999.000,9999.000,9999.000,9999.000,9999.000
202606072054,   3.628,   4.237,9999.000,9999.000,9999.000,9999.000,9999.000,9999.000,9999.000
202606072100,   3.506,   4.109,   0.500,   0.103,   4.109,   0.500,   4.109,   0.500,   4.109
202606072106,   3.383,   3.978,9999.000,9999.000,9999.000,9999.000,9999.000,9999.000,9999.000
202606072112,   3.260,   3.847,9999.000,9999.000,9999.000,9999.000,9999.000,9999.000,9999.000
202606072118,   3.135,   3.739,9999.000,9999.000,9999.000,9999.000,9999.000,9999.000,9999.000
202606072124,   3.011,   3.617,9999.000,9999.000,9999.000,9999.000,9999.000,9999.000,9999.000
202606072130,   2.888,   3.499,9999.000,9999.000,9999.000,9999.000,9999.000,9999.000,9999.000
202606072136,   2.765,   3.378,9999.000,9999.000,9999.000,9999.000,9999.000,9999.000,9999.000
202606072142,   2.644,   3.260,9999.000,9999.000,9999.000,9999.000,9999.000,9999.000,9999.000
202606072148,   2.525,   3.148,9999.000,9999.000,9999.000,9999.000,9999.000,9999.000,9999.000
202606072154,   2.408,   3.030,9999.000,9999.000,9999.000,9999.000,9999.000,9999.000,9999.000
202606072200,   2.294,   2.929,   0.500,   0.135,   2.929,   0.500,   2.929,   0.500,   2.929
202606072206,   2.183,   2.830,9999.000,9999.000,9999.000,9999.000,9999.000,9999.000,9999.000
202606072212,   2.076,   2.738,9999.000,9999.000,9999.000,9999.000,9999.000,9999.000,9999.000
202606072218,   1.972,   2.630,9999.000,9999.000,9999.000,9999.000,9999.000,9999.000,9999.000
202606072224,   1.872,   2.538,9999.000,9999.000,9999.000,9999.000,9999.000,9999.000,9999.000
202606072230,   1.777,   2.440,9999.000,9999.000,9999.000,9999.000,9999.000,9999.000,9999.000
202606072236,   1.685,   2.358,9999.000,9999.000,9999.000,9999.000,9999.000,9999.000,9999.000
202606072242,   1.598,   2.269,9999.000,9999.000,9999.000,9999.000,9999.000,9999.000,9999.000
202606072248,   1.516,   2.168,9999.000,9999.000,9999.000,9999.000,9999.000,9999.000,9999.000
202606072254,   1.438,   2.089,9999.000,9999.000,9999.000,9999.000,9999.000,9999.000,9999.000
202606072300,   1.365,   2.000,   0.500,   0.135,   2.000,   0.500,   2.000,   0.500,   2.000
202606072306,   1.297,   1.928,9999.000,9999.000,9999.000,9999.000,9999.000,9999.000,9999.000
202606072312,   1.233,   1.849,9999.000,9999.000,9999.000,9999.000,9999.000,9999.000,9999.000
202606072318,   1.174,   1.781,9999.000,9999.000,9999.000,9999.000,9999.000,9999.000,9999.000
202606072324,   1.121,   1.728,9999.000,9999.000,9999.000,9999.000,9999.000,9999.000,9999.000
202606072330,   1.072,   1.669,9999.000,9999.000,9999.000,9999.000,9999.000,9999.000,9999.000
202606072336,   1.028,   1.620,9999.000,9999.000,9999.000,9999.000,9999.000,9999.000,9999.000
202606072342,   0.990,   1.580,9999.000,9999.000,9999.000,9999.000,9999.000,9999.000,9999.000
202606072348,   0.957,   1.538,9999.000,9999.000,9999.000,9999.000,9999.000,9999.000,9999.000
202606072354,   0.929,   1.508,9999.000,9999.000,9999.000,9999.000,9999.000,9999.000,9999.000
202606080000,   0.906,   1.469,   0.500,   0.063,   1.469,   0.500,   1.469,   0.500,   1.469
202606080006,   0.889,   1.439,9999.000,9999.000,9999.000,9999.000,9999.000,9999.000,9999.000
202606080012,   0.878,   1.420,9999.000,9999.000,9999.000,9999.000,9999.000,9999.000,9999.000
202606080018,   0.872,   1.400,9999.000,9999.000,9999.000,9999.000,9999.000,9999.000,9999.000
202606080024,   0.872,   1.390,9999.000,9999.000,9999.000,9999.000,9999.000,9999.000,9999.000
202606080030,   0.878,   1.390,9999.000,9999.000,9999.000,9999.000,9999.000,9999.000,9999.000
202606080036,   0.891,   1.390,9999.000,9999.000,9999.000,9999.000,9999.000,9999.000,9999.000
202606080042,   0.909,   1.410,9999.000,9999.000,9999.000,9999.000,9999.000,9999.000,9999.000
202606080048,   0.934,   1.439,9999.000,9999.000,9999.000,9999.000,9999.000,9999.000,9999.000
202606080054,   0.965,   1.479,9999.000,9999.000,9999.000,9999.000,9999.000,9999.000,9999.000
202606080100,   1.002,   1.508,   0.500,   0.006,   1.508,   0.500,   1.508,   0.500,   1.508
202606080106,   1.045,   1.557,9999.000,9999.000,9999.000,9999.000,9999.000,9999.000,9999.000
202606080112,   1.095,   1.610,9999.000,9999.000,9999.000,9999.000,9999.000,9999.000,9999.000
202606080118,   1.150,   1.669,9999.000,9999.000,9999.000,9999.000,9999.000,9999.000,9999.000
202606080124,   1.212,   1.738,9999.000,9999.000,9999.000,9999.000,9999.000,9999.000,9999.000
202606080130,   1.279,   1.820,9999.000,9999.000,9999.000,9999.000,9999.000,9999.000,9999.000
202606080136,   1.352,   1.899,9999.000,9999.000,9999.000,9999.000,9999.000,9999.000,9999.000
202606080142,   1.430,   1.990,9999.000,9999.000,9999.000,9999.000,9999.000,9999.000,9999.000
202606080148,   1.513,   2.069,9999.000,9999.000,9999.000,9999.000,9999.000,9999.000,9999.000
202606080154,   1.601,   2.148,9999.000,9999.000,9999.000,9999.000,9999.000,9999.000,9999.000
202606080200,   1.693,   2.240,   0.500,   0.047,   2.240,   0.500,   2.240,   0.500,   2.240
202606080206,   1.789,   2.328,9999.000,9999.000,9999.000,9999.000,9999.000,9999.000,9999.000
202606080212,   1.889,   2.420,9999.000,9999.000,9999.000,9999.000,9999.000,9999.000,9999.000
202606080218,   1.992,   2.509,9999.000,9999.000,9999.000,9999.000,9999.000,9999.000,9999.000
202606080224,   2.098,   2.610,9999.000,9999.000,9999.000,9999.000,9999.000,9999.000,9999.000
202606080230,   2.206,   2.709,9999.000,9999.000,9999.000,9999.000,9999.000,9999.000,9999.000
202606080236,   2.317,   2.807,9999.000,9999.000,9999.000,9999.000,9999.000,9999.000,9999.000
202606080242,   2.429,   2.909,9999.000,9999.000,9999.000,9999.000,9999.000,9999.000,9999.000
202606080248,   2.543,   3.017,9999.000,9999.000,9999.000,9999.000,9999.000,9999.000,9999.000
202606080254,   2.657,   3.109,9999.000,9999.000,9999.000,9999.000,9999.000,9999.000,9999.000
202606080300,   2.773,   3.207,   0.500,  -0.066,   3.207,   0.500,   3.207,   0.500,   3.207
202606080306,   2.888,   3.299,9999.000,9999.000,9999.000,9999.000,9999.000,9999.000,9999.000
202606080312,   3.004,   3.407,9999.000,9999.000,9999.000,9999.000,9999.000,9999.000,9999.000
202606080318,   3.120,   3.509,9999.000,9999.000,9999.000,9999.000,9999.000,9999.000,9999.000
202606080324,   3.235,   3.607,9999.000,9999.000,9999.000,9999.000,9999.000,9999.000,9999.000
202606080330,   3.349,   3.709,9999.000,9999.000,9999.000,9999.000,9999.000,9999.000,9999.000
202606080336,   3.463,   3.808,9999.000,9999.000,9999.000,9999.000,9999.000,9999.000,9999.000
202606080342,   3.575,   3.909,9999.000,9999.000,9999.000,9999.000,9999.000,9999.000,9999.000
202606080348,   3.686,   4.017,9999.000,9999.000,9999.000,9999.000,9999.000,9999.000,9999.000
202606080354,   3.796,   4.129,9999.000,9999.000,9999.000,9999.000,9999.000,9999.000,9999.000
202606080400,   3.904,   4.227,   0.500,  -0.177,   4.227,   0.500,   4.227,   0.500,   4.227
202606080406,   4.010,   4.339,9999.000,9999.000,9999.000,9999.000,9999.000,9999.000,9999.000
202606080412,   4.114,   4.457,9999.000,9999.000,9999.000,9999.000,9999.000,9999.000,9999.000
202606080418,   4.215,   4.549,9999.000,9999.000,9999.000,9999.000,9999.000,9999.000,9999.000
202606080424,   4.315,   4.657,9999.000,9999.000,9999.000,9999.000,9999.000,9999.000,9999.000
202606080430,   4.411,   4.759,9999.000,9999.000,9999.000,9999.000,9999.000,9999.000,9999.000
202606080436,   4.505,   4.857,9999.000,9999.000,9999.000,9999.000,9999.000,9999.000,9999.000
202606080442,   4.596,   4.949,9999.000,9999.000,9999.000,9999.000,9999.000,9999.000,9999.000
202606080448,   4.684,   5.047,9999.000,9999.000,9999.000,9999.000,9999.000,9999.000,9999.000
202606080454,   4.768,   5.139,9999.000,9999.000,9999.000,9999.000,9999.000,9999.000,9999.000
202606080500,   4.849,   5.228,   0.500,  -0.121,   5.228,   0.400,   5.128,   0.500,   5.228
202606080506,   4.926,   5.307,9999.000,9999.000,9999.000,9999.000,9999.000,9999.000,9999.000
202606080512,   4.999,   5.389,9999.000,9999.000,9999.000,9999.000,9999.000,9999.000,9999.000
202606080518,   5.068,   5.467,9999.000,9999.000,9999.000,9999.000,9999.000,9999.000,9999.000
202606080524,   5.133,   5.549,9999.000,9999.000,9999.000,9999.000,9999.000,9999.000,9999.000
202606080530,   5.193,   5.618,9999.000,9999.000,9999.000,9999.000,9999.000,9999.000,9999.000
202606080536,   5.249,   5.687,9999.000,9999.000,9999.000,9999.000,9999.000,9999.000,9999.000
202606080542,   5.300,   5.749,9999.000,9999.000,9999.000,9999.000,9999.000,9999.000,9999.000
202606080548,   5.347,   5.808,9999.000,9999.000,9999.000,9999.000,9999.000,9999.000,9999.000
202606080554,   5.388,   5.867,9999.000,9999.000,9999.000,9999.000,9999.000,9999.000,9999.000
202606080600,   5.425,   5.907,   0.500,  -0.018,   5.907,   0.400,   5.807,   0.500,   5.907
202606080606,   5.456,   5.949,9999.000,9999.000,9999.000,9999.000,9999.000,9999.000,9999.000
202606080612,   5.483,   5.969,9999.000,9999.000,9999.000,9999.000,9999.000,9999.000,9999.000
202606080618,   5.504,   6.008,9999.000,9999.000,9999.000,9999.000,9999.000,9999.000,9999.000
202606080624,   5.521,   6.038,9999.000,9999.000,9999.000,9999.000,9999.000,9999.000,9999.000
202606080630,   5.532,   6.067,9999.000,9999.000,9999.000,9999.000,9999.000,9999.000,9999.000
202606080636,   5.538,   6.087,9999.000,9999.000,9999.000,9999.000,9999.000,9999.000,9999.000
202606080642,   5.538,   6.107,9999.000,9999.000,9999.000,9999.000,9999.000,9999.000,9999.000
202606080648,   5.534,   6.107,9999.000,9999.000,9999.000,9999.000,9999.000,9999.000,9999.000
202606080654,   5.524,   6.107,9999.000,9999.000,9999.000,9999.000,9999.000,9999.000,9999.000
202606080700,   5.509,   6.097,   0.400,   0.188,   6.097,   0.400,   6.097,   0.400,   6.097
202606080706,   5.489,   6.087,9999.000,9999.000,9999.000,9999.000,9999.000,9999.000,9999.000
202606080712,   5.463,   6.067,9999.000,9999.000,9999.000,9999.000,9999.000,9999.000,9999.000
202606080718,   5.432,   6.048,9999.000,9999.000,9999.000,9999.000,9999.000,9999.000,9999.000
202606080724,   5.396,   6.018,9999.000,9999.000,9999.000,9999.000,9999.000,9999.000,9999.000
202606080730,   5.354,   5.979,9999.000,9999.000,9999.000,9999.000,9999.000,9999.000,9999.000
202606080736,   5.307,   5.926,9999.000,9999.000,9999.000,9999.000,9999.000,9999.000,9999.000
202606080742,   5.255,   5.867,9999.000,9999.000,9999.000,9999.000,9999.000,9999.000,9999.000
202606080748,   5.196,   5.808,9999.000,9999.000,9999.000,9999.000,9999.000,9999.000,9999.000
202606080754,   5.133,   5.739,9999.000,9999.000,9999.000,9999.000,9999.000,9999.000,9999.000
202606080800,   5.064,   5.657,   0.400,   0.193,   5.657,   0.400,   5.657,   0.400,   5.657
202606080806,   4.990,   5.579,9999.000,9999.000,9999.000,9999.000,9999.000,9999.000,9999.000
202606080812,   4.910,   5.497,9999.000,9999.000,9999.000,9999.000,9999.000,9999.000,9999.000
202606080818,   4.824,   5.398,9999.000,9999.000,9999.000,9999.000,9999.000,9999.000,9999.000
202606080824,   4.734,   5.297,9999.000,9999.000,9999.000,9999.000,9999.000,9999.000,9999.000
202606080830,   4.638,   5.188,9999.000,9999.000,9999.000,9999.000,9999.000,9999.000,9999.000
202606080836,   4.538,   5.067,9999.000,9999.000,9999.000,9999.000,9999.000,9999.000,9999.000
202606080842,   4.432,   4.949,9999.000,9999.000,9999.000,9999.000,9999.000,9999.000,9999.000
202606080848,   4.322,   4.828,9999.000,9999.000,9999.000,9999.000,9999.000,9999.000,9999.000
202606080854,   4.208,   4.710,9999.000,9999.000,9999.000,9999.000,9999.000,9999.000,9999.000
202606080900,   4.090,   4.559,   0.400,   0.069,   4.559,   0.300,   4.459,   0.400,   4.559
202606080906,   3.968,   4.418,9999.000,9999.000,9999.000,9999.000,9999.000,9999.000,9999.000
202606080912,   3.843,   4.290,9999.000,9999.000,9999.000,9999.000,9999.000,9999.000,9999.000
202606080918,   3.715,   4.159,9999.000,9999.000,9999.000,9999.000,9999.000,9999.000,9999.000
202606080924,   3.585,   4.037,9999.000,9999.000,9999.000,9999.000,9999.000,9999.000,9999.000
202606080930,   3.453,   3.909,9999.000,9999.000,9999.000,9999.000,9999.000,9999.000,9999.000
202606080936,   3.319,   3.788,9999.000,9999.000,9999.000,9999.000,9999.000,9999.000,9999.000
202606080942,   3.184,   3.650,9999.000,9999.000,9999.000,9999.000,9999.000,9999.000,9999.000
202606080948,   3.049,   3.509,9999.000,9999.000,9999.000,9999.000,9999.000,9999.000,9999.000
202606080954,   2.914,   3.378,9999.000,9999.000,9999.000,9999.000,9999.000,9999.000,9999.000
202606081000,   2.780,   3.250,   0.400,   0.070,   3.250,   0.300,   3.150,   0.400,   3.250
202606081006,   2.647,   3.119,9999.000,9999.000,9999.000,9999.000,9999.000,9999.000,9999.000
202606081012,   2.515,   2.997,9999.000,9999.000,9999.000,9999.000,9999.000,9999.000,9999.000
202606081018,   2.384,   2.879,9999.000,9999.000,9999.000,9999.000,9999.000,9999.000,9999.000
202606081024,   2.256,   2.768,9999.000,9999.000,9999.000,9999.000,9999.000,9999.000,9999.000
202606081030,   2.131,   2.640,9999.000,9999.000,9999.000,9999.000,9999.000,9999.000,9999.000
202606081036,   2.008,   2.509,9999.000,9999.000,9999.000,9999.000,9999.000,9999.000,9999.000
202606081042,   1.889,   2.410,9999.000,9999.000,9999.000,9999.000,9999.000,9999.000,9999.000
202606081048,   1.773,   2.289,9999.000,9999.000,9999.000,9999.000,9999.000,9999.000,9999.000
202606081054,   1.661,   2.191,9999.000,9999.000,9999.000,9999.000,9999.000,9999.000,9999.000
202606081100,   1.552,   2.079,   0.400,   0.127,   2.079,   0.300,   1.979,   0.400,   2.079
202606081106,   1.448,   1.981,9999.000,9999.000,9999.000,9999.000,9999.000,9999.000,9999.000
202606081112,   1.347,   1.879,9999.000,9999.000,9999.000,9999.000,9999.000,9999.000,9999.000
202606081118,   1.252,   1.790,9999.000,9999.000,9999.000,9999.000,9999.000,9999.000,9999.000
202606081124,   1.160,   1.699,9999.000,9999.000,9999.000,9999.000,9999.000,9999.000,9999.000
202606081130,   1.073,   1.610,9999.000,9999.000,9999.000,9999.000,9999.000,9999.000,9999.000
202606081136,   0.991,   1.518,9999.000,9999.000,9999.000,9999.000,9999.000,9999.000,9999.000
202606081142,   0.913,   1.430,9999.000,9999.000,9999.000,9999.000,9999.000,9999.000,9999.000
202606081148,   0.840,   1.328,9999.000,9999.000,9999.000,9999.000,9999.000,9999.000,9999.000
202606081154,   0.772,   1.259,9999.000,9999.000,9999.000,9999.000,9999.000,9999.000,9999.000
202606081200,   0.709,   1.180,   0.400,   0.071,   1.180,   0.400,   1.180,   0.400,   1.180
202606081206,   0.652,   1.118,9999.000,9999.000,9999.000,9999.000,9999.000,9999.000,9999.000
202606081212,   0.599,   1.059,9999.000,9999.000,9999.000,9999.000,9999.000,9999.000,9999.000
202606081218,   0.552,   1.010,9999.000,9999.000,9999.000,9999.000,9999.000,9999.000,9999.000
202606081224,   0.511,   0.961,9999.000,9999.000,9999.000,9999.000,9999.000,9999.000,9999.000
202606081230,   0.476,   0.908,9999.000,9999.000,9999.000,9999.000,9999.000,9999.000,9999.000
202606081236,   0.447,   0.869,9999.000,9999.000,9999.000,9999.000,9999.000,9999.000,9999.000
202606081242,   0.424,   0.819,9999.000,9999.000,9999.000,9999.000,9999.000,9999.000,9999.000
202606081248,   0.407,   0.790,9999.000,9999.000,9999.000,9999.000,9999.000,9999.000,9999.000
202606081254,   0.397,   0.770,9999.000,9999.000,9999.000,9999.000,9999.000,9999.000,9999.000
202606081300,   0.393,   0.760,   0.400,  -0.033,   0.760,   0.400,   0.760,   0.400,   0.760
202606081306,   0.397,   0.760,9999.000,9999.000,9999.000,9999.000,9999.000,9999.000,9999.000
202606081312,   0.407,   0.741,9999.000,9999.000,9999.000,9999.000,9999.000,9999.000,9999.000
202606081318,   0.425,   0.751,9999.000,9999.000,9999.000,9999.000,9999.000,9999.000,9999.000
202606081324,   0.449,   0.760,9999.000,9999.000,9999.000,9999.000,9999.000,9999.000,9999.000
202606081330,   0.481,   0.780,9999.000,9999.000,9999.000,9999.000,9999.000,9999.000,9999.000
202606081336,   0.520,   0.819,9999.000,9999.000,9999.000,9999.000,9999.000,9999.000,9999.000
202606081342,   0.566,   0.849,9999.000,9999.000,9999.000,9999.000,9999.000,9999.000,9999.000
202606081348,   0.619,   0.898,9999.000,9999.000,9999.000,9999.000,9999.000,9999.000,9999.000
202606081354,   0.680,   0.951,9999.000,9999.000,9999.000,9999.000,9999.000,9999.000,9999.000
202606081400,   0.746,   1.000,   0.400,  -0.146,   1.000,   0.400,   1.000,   0.400,   1.000
202606081406,   0.820,   1.088,9999.000,9999.000,9999.000,9999.000,9999.000,9999.000,9999.000
202606081412,   0.899,   1.151,9999.000,9999.000,9999.000,9999.000,9999.000,9999.000,9999.000
202606081418,   0.984,   1.229,9999.000,9999.000,9999.000,9999.000,9999.000,9999.000,9999.000
202606081424,   1.075,   1.308,9999.000,9999.000,9999.000,9999.000,9999.000,9999.000,9999.000
202606081430,   1.171,   1.400,9999.000,9999.000,9999.000,9999.000,9999.000,9999.000,9999.000
202606081436,   1.272,   1.489,9999.000,9999.000,9999.000,9999.000,9999.000,9999.000,9999.000
202606081442,   1.378,   1.600,9999.000,9999.000,9999.000,9999.000,9999.000,9999.000,9999.000
202606081448,   1.487,   1.718,9999.000,9999.000,9999.000,9999.000,9999.000,9999.000,9999.000
202606081454,   1.600,   1.840,9999.000,9999.000,9999.000,9999.000,9999.000,9999.000,9999.000
202606081500,   1.717,   1.948,   0.400,  -0.169,   1.948,   0.300,   1.848,   0.400,   1.948
202606081506,   1.836,   2.089,9999.000,9999.000,9999.000,9999.000,9999.000,9999.000,9999.000
202606081512,   1.957,   2.200,9999.000,9999.000,9999.000,9999.000,9999.000,9999.000,9999.000
202606081518,   2.081,   2.328,9999.000,9999.000,9999.000,9999.000,9999.000,9999.000,9999.000
202606081524,   2.205,   2.450,9999.000,9999.000,9999.000,9999.000,9999.000,9999.000,9999.000
202606081530,   2.332,   2.587,9999.000,9999.000,9999.000,9999.000,9999.000,9999.000,9999.000
202606081536,   2.459,   2.709,9999.000,9999.000,9999.000,9999.000,9999.000,9999.000,9999.000
202606081542,   2.586,   2.840,9999.000,9999.000,9999.000,9999.000,9999.000,9999.000,9999.000
202606081548,   2.714,   2.968,9999.000,9999.000,9999.000,9999.000,9999.000,9999.000,9999.000
202606081554,   2.842,   3.089,9999.000,9999.000,9999.000,9999.000,9999.000,9999.000,9999.000
202606081600,   2.969,   3.207,   0.300,  -0.062,   3.207,   0.300,   3.207,   0.400,   3.307
202606081606,   3.096,   3.329,9999.000,9999.000,9999.000,9999.000,9999.000,9999.000,9999.000
202606081612,   3.222,   3.460,9999.000,9999.000,9999.000,9999.000,9999.000,9999.000,9999.000
202606081618,   3.346,   3.578,9999.000,9999.000,9999.000,9999.000,9999.000,9999.000,9999.000
202606081624,   3.470,   3.699,9999.000,9999.000,9999.000,9999.000,9999.000,9999.000,9999.000
202606081630,   3.591,   3.827,9999.000,9999.000,9999.000,9999.000,9999.000,9999.000,9999.000
202606081636,   3.711,   3.949,9999.000,9999.000,9999.000,9999.000,9999.000,9999.000,9999.000
202606081642,   3.829,   4.080,9999.000,9999.000,9999.000,9999.000,9999.000,9999.000,9999.000
202606081648,   3.944,   4.178,9999.000,9999.000,9999.000,9999.000,9999.000,9999.000,9999.000
202606081654,   4.057,   4.290,9999.000,9999.000,9999.000,9999.000,9999.000,9999.000,9999.000
202606081700,   4.167,   4.398,   0.300,  -0.069,   4.398,   0.300,   4.398,   0.400,   4.498
202606081706,   4.274,   4.519,9999.000,9999.000,9999.000,9999.000,9999.000,9999.000,9999.000
202606081712,   4.378,   4.618,9999.000,9999.000,9999.000,9999.000,9999.000,9999.000,9999.000
202606081718,   4.479,   4.719,9999.000,9999.000,9999.000,9999.000,9999.000,9999.000,9999.000
202606081724,   4.576,   4.818,9999.000,9999.000,9999.000,9999.000,9999.000,9999.000,9999.000
202606081730,   4.669,   4.919,9999.000,9999.000,9999.000,9999.000,9999.000,9999.000,9999.000
202606081736,   4.758,   4.998,9999.000,9999.000,9999.000,9999.000,9999.000,9999.000,9999.000
202606081742,   4.843,   5.087,9999.000,9999.000,9999.000,9999.000,9999.000,9999.000,9999.000
202606081748,   4.923,   5.188,9999.000,9999.000,9999.000,9999.000,9999.000,9999.000,9999.000
202606081754,   4.999,   5.277,9999.000,9999.000,9999.000,9999.000,9999.000,9999.000,9999.000
202606081800,   5.070,   5.359,   0.400,  -0.111,   5.359,   0.300,   5.259,   0.400,   5.359
202606081806,   5.136,   5.448,9999.000,9999.000,9999.000,9999.000,9999.000,9999.000,9999.000
202606081812,   5.198,   5.507,9999.000,9999.000,9999.000,9999.000,9999.000,9999.000,9999.000
202606081818,   5.254,   5.579,9999.000,9999.000,9999.000,9999.000,9999.000,9999.000,9999.000
202606081824,   5.305,   5.648,9999.000,9999.000,9999.000,9999.000,9999.000,9999.000,9999.000
202606081830,   5.351,   5.707,9999.000,9999.000,9999.000,9999.000,9999.000,9999.000,9999.000
202606081836,   5.391,   5.759,9999.000,9999.000,9999.000,9999.000,9999.000,9999.000,9999.000
202606081842,   5.426,   5.799,9999.000,9999.000,9999.000,9999.000,9999.000,9999.000,9999.000
202606081848,   5.456,   5.828,9999.000,9999.000,9999.000,9999.000,9999.000,9999.000,9999.000
202606081854,   5.480,   5.867,9999.000,9999.000,9999.000,9999.000,9999.000,9999.000,9999.000
202606081900,   5.499,   5.887,   0.400,  -0.012,   5.887,   0.300,   5.787,   0.400,   5.887
202606081906,   5.512,   5.917,9999.000,9999.000,9999.000,9999.000,9999.000,9999.000,9999.000
202606081912,   5.520,   5.926,9999.000,9999.000,9999.000,9999.000,9999.000,9999.000,9999.000
202606081918,   5.522,   5.959,9999.000,9999.000,9999.000,9999.000,9999.000,9999.000,9999.000
202606081924,   5.519,   5.959,9999.000,9999.000,9999.000,9999.000,9999.000,9999.000,9999.000
202606081930,   5.510,   5.959,9999.000,9999.000,9999.000,9999.000,9999.000,9999.000,9999.000
202606081936,   5.496,   5.959,9999.000,9999.000,9999.000,9999.000,9999.000,9999.000,9999.000
202606081942,   5.476,   5.959,9999.000,9999.000,9999.000,9999.000,9999.000,9999.000,9999.000
202606081948,   5.451,   5.940,9999.000,9999.000,9999.000,9999.000,9999.000,9999.000,9999.000
202606081954,   5.420,   5.907,9999.000,9999.000,9999.000,9999.000,9999.000,9999.000,9999.000
202606082000,   5.384,   5.877,   0.400,   0.093,   5.877,   0.300,   5.777,   0.400,   5.877
202606082006,   5.342,   5.838,9999.000,9999.000,9999.000,9999.000,9999.000,9999.000,9999.000
202606082012,   5.295,   5.799,9999.000,9999.000,9999.000,9999.000,9999.000,9999.000,9999.000
202606082018,   5.241,   5.749,9999.000,9999.000,9999.000,9999.000,9999.000,9999.000,9999.000
202606082024,   5.183,   5.697,9999.000,9999.000,9999.000,9999.000,9999.000,9999.000,9999.000
202606082030,   5.118,   5.648,9999.000,9999.000,9999.000,9999.000,9999.000,9999.000,9999.000
202606082036,   5.048,   5.579,9999.000,9999.000,9999.000,9999.000,9999.000,9999.000,9999.000
202606082042,   4.973,   5.497,9999.000,9999.000,9999.000,9999.000,9999.000,9999.000,9999.000
202606082048,   4.892,   5.408,9999.000,9999.000,9999.000,9999.000,9999.000,9999.000,9999.000
202606082054,   4.806,   5.320,9999.000,9999.000,9999.000,9999.000,9999.000,9999.000,9999.000
202606082100,   4.715,   5.218,   0.400,   0.103,   5.218,   0.400,   5.218,   0.400,   5.218
202606082106,   4.619,   5.120,9999.000,9999.000,9999.000,9999.000,9999.000,9999.000,9999.000
202606082112,   4.519,   5.008,9999.000,9999.000,9999.000,9999.000,9999.000,9999.000,9999.000
202606082118,   4.414,   4.900,9999.000,9999.000,9999.000,9999.000,9999.000,9999.000,9999.000
202606082124,   4.305,   4.778,9999.000,9999.000,9999.000,9999.000,9999.000,9999.000,9999.000
202606082130,   4.192,   4.667,9999.000,9999.000,9999.000,9999.000,9999.000,9999.000,9999.000
202606082136,   4.076,   4.529,9999.000,9999.000,9999.000,9999.000,9999.000,9999.000,9999.000
202606082142,   3.957,   4.388,9999.000,9999.000,9999.000,9999.000,9999.000,9999.000,9999.000
202606082148,   3.836,   4.247,9999.000,9999.000,9999.000,9999.000,9999.000,9999.000,9999.000
202606082154,   3.713,   4.109,9999.000,9999.000,9999.000,9999.000,9999.000,9999.000,9999.000
202606082200,   3.588,   3.988,   0.400,  -0.000,   3.988,   0.400,   3.988,   0.400,   3.988
202606082206,   3.462,   3.870,9999.000,9999.000,9999.000,9999.000,9999.000,9999.000,9999.000
202606082212,   3.335,   3.749,9999.000,9999.000,9999.000,9999.000,9999.000,9999.000,9999.000
202606082218,   3.208,   3.617,9999.000,9999.000,9999.000,9999.000,9999.000,9999.000,9999.000
202606082224,   3.082,   3.489,9999.000,9999.000,9999.000,9999.000,9999.000,9999.000,9999.000
202606082230,   2.956,   3.358,9999.000,9999.000,9999.000,9999.000,9999.000,9999.000,9999.000
202606082236,   2.832,   3.240,9999.000,9999.000,9999.000,9999.000,9999.000,9999.000,9999.000
202606082242,   2.709,   3.119,9999.000,9999.000,9999.000,9999.000,9999.000,9999.000,9999.000
202606082248,   2.588,   3.017,9999.000,9999.000,9999.000,9999.000,9999.000,9999.000,9999.000
202606082254,   2.470,   2.899,9999.000,9999.000,9999.000,9999.000,9999.000,9999.000,9999.000
202606082300,   2.354,   2.787,   0.400,   0.033,   2.787,   0.400,   2.787,   0.400,   2.787
202606082306,   2.242,   2.669,9999.000,9999.000,9999.000,9999.000,9999.000,9999.000,9999.000
202606082312,   2.132,   2.558,9999.000,9999.000,9999.000,9999.000,9999.000,9999.000,9999.000
202606082318,   2.026,   2.440,9999.000,9999.000,9999.000,9999.000,9999.000,9999.000,9999.000
202606082324,   1.923,   2.348,9999.000,9999.000,9999.000,9999.000,9999.000,9999.000,9999.000
202606082330,   1.824,   2.259,9999.000,9999.000,9999.000,9999.000,9999.000,9999.000,9999.000
202606082336,   1.729,   2.168,9999.000,9999.000,9999.000,9999.000,9999.000,9999.000,9999.000
202606082342,   1.638,   2.079,9999.000,9999.000,9999.000,9999.000,9999.000,9999.000,9999.000
202606082348,   1.552,   1.990,9999.000,9999.000,9999.000,9999.000,9999.000,9999.000,9999.000
202606082354,   1.469,   1.899,9999.000,9999.000,9999.000,9999.000,9999.000,9999.000,9999.000
202606090000,   1.390,   1.820,   0.400,   0.030,   1.820,   0.400,   1.820,   0.400,   1.820
202606090006,   1.316,   1.738,9999.000,9999.000,9999.000,9999.000,9999.000,9999.000,9999.000
202606090012,   1.247,   1.679,9999.000,9999.000,9999.000,9999.000,9999.000,9999.000,9999.000
202606090018,   1.182,   1.610,9999.000,9999.000,9999.000,9999.000,9999.000,9999.000,9999.000
202606090024,   1.122,   1.538,9999.000,9999.000,9999.000,9999.000,9999.000,9999.000,9999.000
202606090030,   1.066,   1.479,9999.000,9999.000,9999.000,9999.000,9999.000,9999.000,9999.000
202606090036,   1.016,   1.400,9999.000,9999.000,9999.000,9999.000,9999.000,9999.000,9999.000
202606090042,   0.970,   1.348,9999.000,9999.000,9999.000,9999.000,9999.000,9999.000,9999.000
202606090048,   0.930,   1.298,9999.000,9999.000,9999.000,9999.000,9999.000,9999.000,9999.000
202606090054,   0.896,   1.269,9999.000,9999.000,9999.000,9999.000,9999.000,9999.000,9999.000
202606090100,   0.867,   1.239,   0.400,  -0.028,   1.239,   0.400,   1.239,   0.400,   1.239
202606090106,   0.844,   1.220,9999.000,9999.000,9999.000,9999.000,9999.000,9999.000,9999.000
202606090112,   0.827,   1.200,9999.000,9999.000,9999.000,9999.000,9999.000,9999.000,9999.000
202606090118,   0.816,   1.200,9999.000,9999.000,9999.000,9999.000,9999.000,9999.000,9999.000
202606090124,   0.812,   1.200,9999.000,9999.000,9999.000,9999.000,9999.000,9999.000,9999.000
202606090130,   0.814,   1.200,9999.000,9999.000,9999.000,9999.000,9999.000,9999.000,9999.000
202606090136,   0.822,   1.210,9999.000,9999.000,9999.000,9999.000,9999.000,9999.000,9999.000
202606090142,   0.838,   1.229,9999.000,9999.000,9999.000,9999.000,9999.000,9999.000,9999.000
202606090148,   0.860,   1.259,9999.000,9999.000,9999.000,9999.000,9999.000,9999.000,9999.000
202606090154,   0.890,   1.289,9999.000,9999.000,9999.000,9999.000,9999.000,9999.000,9999.000
202606090200,   0.926,   1.338,   0.400,   0.012,   1.338,   0.400,   1.338,   0.400,   1.338
202606090206,   0.969,   1.400,9999.000,9999.000,9999.000,9999.000,9999.000,9999.000,9999.000
202606090212,   1.019,   1.459,9999.000,9999.000,9999.000,9999.000,9999.000,9999.000,9999.000
202606090218,   1.075,   1.528,9999.000,9999.000,9999.000,9999.000,9999.000,9999.000,9999.000
202606090224,   1.138,   1.590,9999.000,9999.000,9999.000,9999.000,9999.000,9999.000,9999.000
202606090230,   1.207,   1.659,9999.000,9999.000,9999.000,9999.000,9999.000,9999.000,9999.000
202606090236,   1.282,   1.738,9999.000,9999.000,9999.000,9999.000,9999.000,9999.000,9999.000
202606090242,   1.362,   1.820,9999.000,9999.000,9999.000,9999.000,9999.000,9999.000,9999.000
202606090248,   1.448,   1.899,9999.000,9999.000,9999.000,9999.000,9999.000,9999.000,9999.000
202606090254,   1.539,   1.990,9999.000,9999.000,9999.000,9999.000,9999.000,9999.000,9999.000
202606090300,   1.634,   2.069,   0.400,   0.035,   2.069,   0.400,   2.069,   0.400,   2.069
202606090306,   1.734,   2.168,9999.000,9999.000,9999.000,9999.000,9999.000,9999.000,9999.000
202606090312,   1.837,   2.269,9999.000,9999.000,9999.000,9999.000,9999.000,9999.000,9999.000
202606090318,   1.944,   2.377,9999.000,9999.000,9999.000,9999.000,9999.000,9999.000,9999.000
202606090324,   2.053,   2.469,9999.000,9999.000,9999.000,9999.000,9999.000,9999.000,9999.000
202606090330,   2.165,   2.578,9999.000,9999.000,9999.000,9999.000,9999.000,9999.000,9999.000
202606090336,   2.279,   2.679,9999.000,9999.000,9999.000,9999.000,9999.000,9999.000,9999.000
202606090342,   2.395,   2.778,9999.000,9999.000,9999.000,9999.000,9999.000,9999.000,9999.000
202606090348,   2.512,   2.889,9999.000,9999.000,9999.000,9999.000,9999.000,9999.000,9999.000
202606090354,   2.630,   2.997,9999.000,9999.000,9999.000,9999.000,9999.000,9999.000,9999.000
202606090400,   2.748,   3.109,   0.400,  -0.039,   3.109,   0.400,   3.109,   0.500,   3.209
202606090406,   2.866,   3.217,9999.000,9999.000,9999.000,9999.000,9999.000,9999.000,9999.000
202606090412,   2.985,   3.339,9999.000,9999.000,9999.000,9999.000,9999.000,9999.000,9999.000
202606090418,   3.103,   3.460,9999.000,9999.000,9999.000,9999.000,9999.000,9999.000,9999.000
202606090424,   3.220,   3.578,9999.000,9999.000,9999.000,9999.000,9999.000,9999.000,9999.000
202606090430,   3.337,   3.689,9999.000,9999.000,9999.000,9999.000,9999.000,9999.000,9999.000
202606090436,   3.452,   3.808,9999.000,9999.000,9999.000,9999.000,9999.000,9999.000,9999.000
202606090442,   3.566,   3.929,9999.000,9999.000,9999.000,9999.000,9999.000,9999.000,9999.000
202606090448,   3.678,   4.037,9999.000,9999.000,9999.000,9999.000,9999.000,9999.000,9999.000
202606090454,   3.789,   4.159,9999.000,9999.000,9999.000,9999.000,9999.000,9999.000,9999.000
202606090500,   3.897,   4.280,   0.400,  -0.017,   4.280,   0.400,   4.280,   0.500,   4.380
202606090506,   4.004,   4.388,9999.000,9999.000,9999.000,9999.000,9999.000,9999.000,9999.000
202606090512,   4.108,   4.500,9999.000,9999.000,9999.000,9999.000,9999.000,9999.000,9999.000
202606090518,   4.209,   4.598,9999.000,9999.000,9999.000,9999.000,9999.000,9999.000,9999.000
202606090524,   4.307,   4.710,9999.000,9999.000,9999.000,9999.000,9999.000,9999.000,9999.000
202606090530,   4.403,   4.808,9999.000,9999.000,9999.000,9999.000,9999.000,9999.000,9999.000
202606090536,   4.495,   4.910,9999.000,9999.000,9999.000,9999.000,9999.000,9999.000,9999.000
202606090542,   4.584,   5.008,9999.000,9999.000,9999.000,9999.000,9999.000,9999.000,9999.000
202606090548,   4.670,   5.097,9999.000,9999.000,9999.000,9999.000,9999.000,9999.000,9999.000
202606090554,   4.752,   5.188,9999.000,9999.000,9999.000,9999.000,9999.000,9999.000,9999.000
202606090600,   4.829,   5.267,   0.400,   0.038,   5.267,   0.400,   5.267,   0.400,   5.267
202606090606,   4.903,   5.349,9999.000,9999.000,9999.000,9999.000,9999.000,9999.000,9999.000
202606090612,   4.973,   5.428,9999.000,9999.000,9999.000,9999.000,9999.000,9999.000,9999.000
202606090618,   5.038,   5.516,9999.000,9999.000,9999.000,9999.000,9999.000,9999.000,9999.000
202606090624,   5.099,   5.589,9999.000,9999.000,9999.000,9999.000,9999.000,9999.000,9999.000
202606090630,   5.155,   5.648,9999.000,9999.000,9999.000,9999.000,9999.000,9999.000,9999.000
202606090636,   5.207,   5.707,9999.000,9999.000,9999.000,9999.000,9999.000,9999.000,9999.000
202606090642,   5.253,   5.769,9999.000,9999.000,9999.000,9999.000,9999.000,9999.000,9999.000
202606090648,   5.295,   5.818,9999.000,9999.000,9999.000,9999.000,9999.000,9999.000,9999.000
202606090654,   5.332,   5.858,9999.000,9999.000,9999.000,9999.000,9999.000,9999.000,9999.000
202606090700,   5.363,   5.897,   0.400,   0.134,   5.897,   0.400,   5.897,   0.400,   5.897
202606090706,   5.390,   5.940,9999.000,9999.000,9999.000,9999.000,9999.000,9999.000,9999.000
202606090712,   5.412,   5.969,9999.000,9999.000,9999.000,9999.000,9999.000,9999.000,9999.000
202606090718,   5.428,   5.999,9999.000,9999.000,9999.000,9999.000,9999.000,9999.000,9999.000
202606090724,   5.439,   6.018,9999.000,9999.000,9999.000,9999.000,9999.000,9999.000,9999.000
202606090730,   5.445,   6.028,9999.000,9999.000,9999.000,9999.000,9999.000,9999.000,9999.000
202606090736,   5.446,   6.038,9999.000,9999.000,9999.000,9999.000,9999.000,9999.000,9999.000
202606090742,   5.442,   6.038,9999.000,9999.000,9999.000,9999.000,9999.000,9999.000,9999.000
202606090748,   5.432,   6.038,9999.000,9999.000,9999.000,9999.000,9999.000,9999.000,9999.000
202606090754,   5.417,   6.038,9999.000,9999.000,9999.000,9999.000,9999.000,9999.000,9999.000
202606090800,   5.397,   6.028,   0.400,   0.231,   6.028,   0.400,   6.028,   0.400,   6.028
202606090806,   5.372,   6.018,9999.000,9999.000,9999.000,9999.000,9999.000,9999.000,9999.000
202606090812,   5.341,   5.999,9999.000,9999.000,9999.000,9999.000,9999.000,9999.000,9999.000
202606090818,   5.305,   5.969,9999.000,9999.000,9999.000,9999.000,9999.000,9999.000,9999.000
202606090824,   5.263,   5.917,9999.000,9999.000,9999.000,9999.000,9999.000,9999.000,9999.000
202606090830,   5.216,   5.877,9999.000,9999.000,9999.000,9999.000,9999.000,9999.000,9999.000
202606090836,   5.163,   5.828,9999.000,9999.000,9999.000,9999.000,9999.000,9999.000,9999.000
202606090842,   5.105,   5.779,9999.000,9999.000,9999.000,9999.000,9999.000,9999.000,9999.000
202606090848,   5.041,   5.707,9999.000,9999.000,9999.000,9999.000,9999.000,9999.000,9999.000
202606090854,   4.971,   5.648,9999.000,9999.000,9999.000,9999.000,9999.000,9999.000,9999.000
202606090900,   4.896,   5.559,   0.400,   0.263,   5.559,   0.400,   5.559,   0.400,   5.559
202606090906,   4.815,   5.477,9999.000,9999.000,9999.000,9999.000,9999.000,9999.000,9999.000
202606090912,   4.729,   5.389,9999.000,9999.000,9999.000,9999.000,9999.000,9999.000,9999.000
202606090918,   4.638,   5.277,9999.000,9999.000,9999.000,9999.000,9999.000,9999.000,9999.000
202606090924,   4.541,   5.169,9999.000,9999.000,9999.000,9999.000,9999.000,9999.000,9999.000
202606090930,   4.440,   5.057,9999.000,9999.000,9999.000,9999.000,9999.000,9999.000,9999.000
202606090936,   4.333,   4.929,9999.000,9999.000,9999.000,9999.000,9999.000,9999.000,9999.000
202606090942,   4.222,   4.808,9999.000,9999.000,9999.000,9999.000,9999.000,9999.000,9999.000
202606090948,   4.106,   4.667,9999.000,9999.000,9999.000,9999.000,9999.000,9999.000,9999.000
202606090954,   3.987,   4.549,9999.000,9999.000,9999.000,9999.000,9999.000,9999.000,9999.000
202606091000,   3.864,   4.418,   0.400,   0.154,   4.418,   0.400,   4.418,   0.400,   4.418
202606091006,   3.737,   4.290,9999.000,9999.000,9999.000,9999.000,9999.000,9999.000,9999.000
202606091012,   3.608,   4.159,9999.000,9999.000,9999.000,9999.000,9999.000,9999.000,9999.000
202606091018,   3.476,   4.027,9999.000,9999.000,9999.000,9999.000,9999.000,9999.000,9999.000
202606091024,   3.343,   3.890,9999.000,9999.000,9999.000,9999.000,9999.000,9999.000,9999.000
202606091030,   3.207,   3.768,9999.000,9999.000,9999.000,9999.000,9999.000,9999.000,9999.000
202606091036,   3.071,   3.637,9999.000,9999.000,9999.000,9999.000,9999.000,9999.000,9999.000
202606091042,   2.934,   3.509,9999.000,9999.000,9999.000,9999.000,9999.000,9999.000,9999.000
202606091048,   2.797,   3.378,9999.000,9999.000,9999.000,9999.000,9999.000,9999.000,9999.000
202606091054,   2.661,   3.240,9999.000,9999.000,9999.000,9999.000,9999.000,9999.000,9999.000
202606091100,   2.525,   3.119,   0.400,   0.194,   3.119,   0.400,   3.119,   0.400,   3.119
202606091106,   2.391,   2.988,9999.000,9999.000,9999.000,9999.000,9999.000,9999.000,9999.000
202606091112,   2.258,   2.869,9999.000,9999.000,9999.000,9999.000,9999.000,9999.000,9999.000
202606091118,   2.127,   2.748,9999.000,9999.000,9999.000,9999.000,9999.000,9999.000,9999.000
202606091124,   1.998,   2.630,9999.000,9999.000,9999.000,9999.000,9999.000,9999.000,9999.000
202606091130,   1.872,   2.528,9999.000,9999.000,9999.000,9999.000,9999.000,9999.000,9999.000
202606091136,   1.749,   2.400,9999.000,9999.000,9999.000,9999.000,9999.000,9999.000,9999.000
202606091142,   1.629,   2.279,9999.000,9999.000,9999.000,9999.000,9999.000,9999.000,9999.000
202606091148,   1.513,   2.168,9999.000,9999.000,9999.000,9999.000,9999.000,9999.000,9999.000
202606091154,   1.400,   2.059,9999.000,9999.000,9999.000,9999.000,9999.000,9999.000,9999.000
202606091200,   1.291,   1.948,   0.500,   0.157,   1.948,   0.400,   1.848,   0.500,   1.948
202606091206,   1.186,   1.840,9999.000,9999.000,9999.000,9999.000,9999.000,9999.000,9999.000
202606091212,   1.085,   1.738,9999.000,9999.000,9999.000,9999.000,9999.000,9999.000,9999.000
202606091218,   0.988,   1.630,9999.000,9999.000,9999.000,9999.000,9999.000,9999.000,9999.000
202606091224,   0.896,   1.518,9999.000,9999.000,9999.000,9999.000,9999.000,9999.000,9999.000
202606091230,   0.808,   1.420,9999.000,9999.000,9999.000,9999.000,9999.000,9999.000,9999.000
202606091236,   0.725,   1.318,9999.000,9999.000,9999.000,9999.000,9999.000,9999.000,9999.000
202606091242,   0.647,   1.229,9999.000,9999.000,9999.000,9999.000,9999.000,9999.000,9999.000
202606091248,   0.574,   1.138,9999.000,9999.000,9999.000,9999.000,9999.000,9999.000,9999.000
202606091254,   0.507,   1.059,9999.000,9999.000,9999.000,9999.000,9999.000,9999.000,9999.000
202606091300,   0.445,   0.980,   0.500,   0.035,   0.980,   0.400,   0.880,   0.500,   0.980
202606091306,   0.388,   0.908,9999.000,9999.000,9999.000,9999.000,9999.000,9999.000,9999.000
202606091312,   0.338,   0.839,9999.000,9999.000,9999.000,9999.000,9999.000,9999.000,9999.000
202606091318,   0.293,   0.760,9999.000,9999.000,9999.000,9999.000,9999.000,9999.000,9999.000
202606091324,   0.255,   0.708,9999.000,9999.000,9999.000,9999.000,9999.000,9999.000,9999.000
202606091330,   0.224,   0.659,9999.000,9999.000,9999.000,9999.000,9999.000,9999.000,9999.000
202606091336,   0.200,   0.639,9999.000,9999.000,9999.000,9999.000,9999.000,9999.000,9999.000
202606091342,   0.182,   0.629,9999.000,9999.000,9999.000,9999.000,9999.000,9999.000,9999.000
202606091348,   0.172,   0.619,9999.000,9999.000,9999.000,9999.000,9999.000,9999.000,9999.000
202606091354,   0.170,   0.610,9999.000,9999.000,9999.000,9999.000,9999.000,9999.000,9999.000
202606091400,   0.175,   0.629,   0.500,  -0.046,   0.629,   0.400,   0.529,   0.500,   0.629
202606091406,   0.189,   0.629,9999.000,9999.000,9999.000,9999.000,9999.000,9999.000,9999.000
202606091412,   0.210,   0.678,9999.000,9999.000,9999.000,9999.000,9999.000,9999.000,9999.000
202606091418,   0.239,   0.708,9999.000,9999.000,9999.000,9999.000,9999.000,9999.000,9999.000
202606091424,   0.276,   0.760,9999.000,9999.000,9999.000,9999.000,9999.000,9999.000,9999.000
202606091430,   0.322,   0.819,9999.000,9999.000,9999.000,9999.000,9999.000,9999.000,9999.000
202606091436,   0.375,   0.888,9999.000,9999.000,9999.000,9999.000,9999.000,9999.000,9999.000
202606091442,   0.436,   0.980,9999.000,9999.000,9999.000,9999.000,9999.000,9999.000,9999.000
202606091448,   0.505,   1.079,9999.000,9999.000,9999.000,9999.000,9999.000,9999.000,9999.000
202606091454,   0.581,   1.170,9999.000,9999.000,9999.000,9999.000,9999.000,9999.000,9999.000
202606091500,   0.664,   1.249,   0.500,   0.085,   1.249,   0.500,   1.249,   0.500,   1.249
202606091506,   0.754,   1.361,9999.000,9999.000,9999.000,9999.000,9999.000,9999.000,9999.000
202606091512,   0.851,   1.489,9999.000,9999.000,9999.000,9999.000,9999.000,9999.000,9999.000
202606091518,   0.953,   1.610,9999.000,9999.000,9999.000,9999.000,9999.000,9999.000,9999.000
202606091524,   1.061,   1.718,9999.000,9999.000,9999.000,9999.000,9999.000,9999.000,9999.000
202606091530,   1.175,   1.840,9999.000,9999.000,9999.000,9999.000,9999.000,9999.000,9999.000
202606091536,   1.293,   1.958,9999.000,9999.000,9999.000,9999.000,9999.000,9999.000,9999.000
202606091542,   1.415,   2.069,9999.000,9999.000,9999.000,9999.000,9999.000,9999.000,9999.000
202606091548,   1.541,   2.210,9999.000,9999.000,9999.000,9999.000,9999.000,9999.000,9999.000
202606091554,   1.671,   2.328,9999.000,9999.000,9999.000,9999.000,9999.000,9999.000,9999.000
202606091600,   1.803,   2.440,   0.500,   0.137,   2.440,   0.500,   2.440,   0.500,   2.440
202606091606,   1.938,   2.578,9999.000,9999.000,9999.000,9999.000,9999.000,9999.000,9999.000
202606091612,   2.074,   2.719,9999.000,9999.000,9999.000,9999.000,9999.000,9999.000,9999.000
202606091618,   2.212,   2.850,9999.000,9999.000,9999.000,9999.000,9999.000,9999.000,9999.000
202606091624,   2.352,   2.997,9999.000,9999.000,9999.000,9999.000,9999.000,9999.000,9999.000
202606091630,   2.492,   3.129,9999.000,9999.000,9999.000,9999.000,9999.000,9999.000,9999.000
202606091636,   2.632,   3.250,9999.000,9999.000,9999.000,9999.000,9999.000,9999.000,9999.000
202606091642,   2.772,   3.368,9999.000,9999.000,9999.000,9999.000,9999.000,9999.000,9999.000
202606091648,   2.912,   3.499,9999.000,9999.000,9999.000,9999.000,9999.000,9999.000,9999.000
202606091654,   3.051,   3.637,9999.000,9999.000,9999.000,9999.000,9999.000,9999.000,9999.000
202606091700,   3.190,   3.778,   0.500,   0.088,   3.778,   0.500,   3.778,   0.500,   3.778
202606091706,   3.327,   3.909,9999.000,9999.000,9999.000,9999.000,9999.000,9999.000,9999.000
202606091712,   3.463,   4.047,9999.000,9999.000,9999.000,9999.000,9999.000,9999.000,9999.000
202606091718,   3.596,   4.178,9999.000,9999.000,9999.000,9999.000,9999.000,9999.000,9999.000
202606091724,   3.729,   4.309,9999.000,9999.000,9999.000,9999.000,9999.000,9999.000,9999.000
202606091730,   3.858,   4.437,9999.000,9999.000,9999.000,9999.000,9999.000,9999.000,9999.000
202606091736,   3.986,   4.569,9999.000,9999.000,9999.000,9999.000,9999.000,9999.000,9999.000
202606091742,   4.110,   4.690,9999.000,9999.000,9999.000,9999.000,9999.000,9999.000,9999.000
202606091748,   4.232,   4.818,9999.000,9999.000,9999.000,9999.000,9999.000,9999.000,9999.000
202606091754,   4.351,   4.929,9999.000,9999.000,9999.000,9999.000,9999.000,9999.000,9999.000
202606091800,   4.467,   5.047,   0.500,   0.080,   5.047,   0.500,   5.047,   0.600,   5.147
202606091806,   4.578,   5.169,9999.000,9999.000,9999.000,9999.000,9999.000,9999.000,9999.000
202606091812,   4.687,   5.287,9999.000,9999.000,9999.000,9999.000,9999.000,9999.000,9999.000
202606091818,   4.791,   5.408,9999.000,9999.000,9999.000,9999.000,9999.000,9999.000,9999.000
202606091824,   4.891,   5.497,9999.000,9999.000,9999.000,9999.000,9999.000,9999.000,9999.000
202606091830,   4.987,   5.618,9999.000,9999.000,9999.000,9999.000,9999.000,9999.000,9999.000
202606091836,   5.078,   5.717,9999.000,9999.000,9999.000,9999.000,9999.000,9999.000,9999.000
202606091842,   5.165,   5.818,9999.000,9999.000,9999.000,9999.000,9999.000,9999.000,9999.000
202606091848,   5.246,   5.897,9999.000,9999.000,9999.000,9999.000,9999.000,9999.000,9999.000
202606091854,   5.323,   5.989,9999.000,9999.000,9999.000,9999.000,9999.000,9999.000,9999.000
202606091900,   5.395,   6.058,   0.600,   0.063,   6.058,   0.500,   5.958,   0.600,   6.058
202606091906,   5.461,   6.127,9999.000,9999.000,9999.000,9999.000,9999.000,9999.000,9999.000
202606091912,   5.522,   6.209,9999.000,9999.000,9999.000,9999.000,9999.000,9999.000,9999.000
202606091918,   5.578,   6.248,9999.000,9999.000,9999.000,9999.000,9999.000,9999.000,9999.000
202606091924,   5.628,   6.307,9999.000,9999.000,9999.000,9999.000,9999.000,9999.000,9999.000
202606091930,   5.673,   6.359,9999.000,9999.000,9999.000,9999.000,9999.000,9999.000,9999.000
202606091936,   5.713,   6.399,9999.000,9999.000,9999.000,9999.000,9999.000,9999.000,9999.000
202606091942,   5.746,   6.438,9999.000,9999.000,9999.000,9999.000,9999.000,9999.000,9999.000
202606091948,   5.775,   6.487,9999.000,9999.000,9999.000,9999.000,9999.000,9999.000,9999.000
202606091954,   5.797,   6.537,9999.000,9999.000,9999.000,9999.000,9999.000,9999.000,9999.000
202606092000,   5.814,   6.569,   0.600,   0.155,   6.569,   0.500,   6.469,   0.600,   6.569
202606092006,   5.826,   6.599,9999.000,9999.000,9999.000,9999.000,9999.000,9999.000,9999.000
202606092012,   5.831,   6.609,9999.000,9999.000,9999.000,9999.000,9999.000,9999.000,9999.000
202606092018,   5.831,   6.619,9999.000,9999.000,9999.000,9999.000,9999.000,9999.000,9999.000
202606092024,   5.826,   6.628,9999.000,9999.000,9999.000,9999.000,9999.000,9999.000,9999.000
202606092030,   5.814,   6.628,9999.000,9999.000,9999.000,9999.000,9999.000,9999.000,9999.000
202606092036,   5.797,   6.628,9999.000,9999.000,9999.000,9999.000,9999.000,9999.000,9999.000
202606092042,   5.775,   6.619,9999.000,9999.000,9999.000,9999.000,9999.000,9999.000,9999.000
202606092048,   5.746,   6.589,9999.000,9999.000,9999.000,9999.000,9999.000,9999.000,9999.000
202606092054,   5.712,   6.556,9999.000,9999.000,9999.000,9999.000,9999.000,9999.000,9999.000
202606092100,   5.671,   6.537,   0.600,   0.266,   6.537,   0.500,   6.437,   0.600,   6.537
202606092106,   5.625,   6.487,9999.000,9999.000,9999.000,9999.000,9999.000,9999.000,9999.000
202606092112,   5.573,   6.448,9999.000,9999.000,9999.000,9999.000,9999.000,9999.000,9999.000
202606092118,   5.515,   6.399,9999.000,9999.000,9999.000,9999.000,9999.000,9999.000,9999.000
202606092124,   5.451,   6.327,9999.000,9999.000,9999.000,9999.000,9999.000,9999.000,9999.000
202606092130,   5.382,   6.248,9999.000,9999.000,9999.000,9999.000,9999.000,9999.000,9999.000
202606092136,   5.306,   6.159,9999.000,9999.000,9999.000,9999.000,9999.000,9999.000,9999.000
202606092142,   5.225,   6.058,9999.000,9999.000,9999.000,9999.000,9999.000,9999.000,9999.000
202606092148,   5.139,   5.959,9999.000,9999.000,9999.000,9999.000,9999.000,9999.000,9999.000
202606092154,   5.047,   5.848,9999.000,9999.000,9999.000,9999.000,9999.000,9999.000,9999.000
202606092200,   4.949,   5.730,   0.600,   0.181,   5.730,   0.500,   5.630,   0.600,   5.730
202606092206,   4.847,   5.598,9999.000,9999.000,9999.000,9999.000,9999.000,9999.000,9999.000
202606092212,   4.740,   5.467,9999.000,9999.000,9999.000,9999.000,9999.000,9999.000,9999.000
202606092218,   4.629,   5.339,9999.000,9999.000,9999.000,9999.000,9999.000,9999.000,9999.000
202606092224,   4.514,   5.208,9999.000,9999.000,9999.000,9999.000,9999.000,9999.000,9999.000
202606092230,   4.395,   5.067,9999.000,9999.000,9999.000,9999.000,9999.000,9999.000,9999.000
202606092236,   4.272,   4.929,9999.000,9999.000,9999.000,9999.000,9999.000,9999.000,9999.000
202606092242,   4.147,   4.788,9999.000,9999.000,9999.000,9999.000,9999.000,9999.000,9999.000
202606092248,   4.019,   4.647,9999.000,9999.000,9999.000,9999.000,9999.000,9999.000,9999.000
202606092254,   3.889,   4.509,9999.000,9999.000,9999.000,9999.000,9999.000,9999.000,9999.000
202606092300,   3.758,   4.359,   0.600,   0.001,   4.359,   0.600,   4.359,   0.600,   4.359
202606092306,   3.625,   4.218,9999.000,9999.000,9999.000,9999.000,9999.000,9999.000,9999.000
202606092312,   3.492,   4.080,9999.000,9999.000,9999.000,9999.000,9999.000,9999.000,9999.000
202606092318,   3.359,   3.929,9999.000,9999.000,9999.000,9999.000,9999.000,9999.000,9999.000
202606092324,   3.225,   3.798,9999.000,9999.000,9999.000,9999.000,9999.000,9999.000,9999.000
202606092330,   3.093,   3.670,9999.000,9999.000,9999.000,9999.000,9999.000,9999.000,9999.000
202606092336,   2.961,   3.548,9999.000,9999.000,9999.000,9999.000,9999.000,9999.000,9999.000
202606092342,   2.830,   3.417,9999.000,9999.000,9999.000,9999.000,9999.000,9999.000,9999.000
202606092348,   2.702,   3.299,9999.000,9999.000,9999.000,9999.000,9999.000,9999.000,9999.000
202606092354,   2.575,   3.188,9999.000,9999.000,9999.000,9999.000,9999.000,9999.000,9999.000
202606100000,   2.450,   3.070,   0.600,   0.020,   3.070,   0.600,   3.070,   0.600,   3.070
202606100006,   2.328,   2.968,9999.000,9999.000,9999.000,9999.000,9999.000,9999.000,9999.000
202606100012,   2.209,   2.860,9999.000,9999.000,9999.000,9999.000,9999.000,9999.000,9999.000
202606100018,   2.093,   2.758,9999.000,9999.000,9999.000,9999.000,9999.000,9999.000,9999.000
202606100024,   1.979,   2.669,9999.000,9999.000,9999.000,9999.000,9999.000,9999.000,9999.000
202606100030,   1.870,   2.578,9999.000,9999.000,9999.000,9999.000,9999.000,9999.000,9999.000
202606100036,   1.763,   2.489,9999.000,9999.000,9999.000,9999.000,9999.000,9999.000,9999.000
202606100042,   1.660,   2.400,9999.000,9999.000,9999.000,9999.000,9999.000,9999.000,9999.000
202606100048,   1.561,   2.309,9999.000,9999.000,9999.000,9999.000,9999.000,9999.000,9999.000
202606100054,   1.466,   2.230,9999.000,9999.000,9999.000,9999.000,9999.000,9999.000,9999.000
202606100100,   1.375,   2.168,   0.600,   0.193,   2.168,   0.600,   2.168,   0.600,   2.168
202606100106,   1.289,   2.089,9999.000,9999.000,9999.000,9999.000,9999.000,9999.000,9999.000
202606100112,   1.207,   2.040,9999.000,9999.000,9999.000,9999.000,9999.000,9999.000,9999.000
202606100118,   1.129,   1.967,9999.000,9999.000,9999.000,9999.000,9999.000,9999.000,9999.000
202606100124,   1.057,   1.918,9999.000,9999.000,9999.000,9999.000,9999.000,9999.000,9999.000
202606100130,   0.990,   1.859,9999.000,9999.000,9999.000,9999.000,9999.000,9999.000,9999.000
202606100136,   0.928,   1.790,9999.000,9999.000,9999.000,9999.000,9999.000,9999.000,9999.000
202606100142,   0.872,   1.738,9999.000,9999.000,9999.000,9999.000,9999.000,9999.000,9999.000
202606100148,   0.821,   1.689,9999.000,9999.000,9999.000,9999.000,9999.000,9999.000,9999.000
202606100154,   0.777,   1.639,9999.000,9999.000,9999.000,9999.000,9999.000,9999.000,9999.000
202606100200,   0.739,   1.600,   0.600,   0.261,   1.600,   0.600,   1.600,   0.600,   1.600
202606100206,   0.708,   1.571,9999.000,9999.000,9999.000,9999.000,9999.000,9999.000,9999.000
202606100212,   0.684,   1.548,9999.000,9999.000,9999.000,9999.000,9999.000,9999.000,9999.000
202606100218,   0.667,   1.538,9999.000,9999.000,9999.000,9999.000,9999.000,9999.000,9999.000
202606100224,   0.657,   1.528,9999.000,9999.000,9999.000,9999.000,9999.000,9999.000,9999.000
202606100230,   0.655,   1.538,9999.000,9999.000,9999.000,9999.000,9999.000,9999.000,9999.000
202606100236,   0.661,   1.548,9999.000,9999.000,9999.000,9999.000,9999.000,9999.000,9999.000
202606100242,   0.674,   1.557,9999.000,9999.000,9999.000,9999.000,9999.000,9999.000,9999.000
202606100248,   0.695,   1.580,9999.000,9999.000,9999.000,9999.000,9999.000,9999.000,9999.000
202606100254,   0.723,   1.620,9999.000,9999.000,9999.000,9999.000,9999.000,9999.000,9999.000
202606100300,   0.759,   1.659,   0.600,   0.300,   1.659,   0.600,   1.659,   0.600,   1.659
202606100306,   0.803,   1.718,9999.000,9999.000,9999.000,9999.000,9999.000,9999.000,9999.000
202606100312,   0.854,   1.790,9999.000,9999.000,9999.000,9999.000,9999.000,9999.000,9999.000
202606100318,   0.912,   1.869,9999.000,9999.000,9999.000,9999.000,9999.000,9999.000,9999.000
202606100324,   0.978,   1.948,9999.000,9999.000,9999.000,9999.000,9999.000,9999.000,9999.000
202606100330,   1.049,   2.030,9999.000,9999.000,9999.000,9999.000,9999.000,9999.000,9999.000
202606100336,   1.127,   2.118,9999.000,9999.000,9999.000,9999.000,9999.000,9999.000,9999.000
202606100342,   1.211,   2.220,9999.000,9999.000,9999.000,9999.000,9999.000,9999.000,9999.000
202606100348,   1.300,   2.309,9999.000,9999.000,9999.000,9999.000,9999.000,9999.000,9999.000
202606100354,   1.395,   2.410,9999.000,9999.000,9999.000,9999.000,9999.000,9999.000,9999.000
202606100400,   1.494,   2.519,   0.600,   0.425,   2.519,   0.600,   2.519,   0.600,   2.519
202606100406,   1.597,   2.620,9999.000,9999.000,9999.000,9999.000,9999.000,9999.000,9999.000
202606100412,   1.704,   2.728,9999.000,9999.000,9999.000,9999.000,9999.000,9999.000,9999.000
202606100418,   1.814,   2.830,9999.000,9999.000,9999.000,9999.000,9999.000,9999.000,9999.000
202606100424,   1.927,   2.938,9999.000,9999.000,9999.000,9999.000,9999.000,9999.000,9999.000
202606100430,   2.042,   3.040,9999.000,9999.000,9999.000,9999.000,9999.000,9999.000,9999.000
202606100436,   2.160,   3.148,9999.000,9999.000,9999.000,9999.000,9999.000,9999.000,9999.000
202606100442,   2.279,   3.260,9999.000,9999.000,9999.000,9999.000,9999.000,9999.000,9999.000
202606100448,   2.398,   3.378,9999.000,9999.000,9999.000,9999.000,9999.000,9999.000,9999.000
202606100454,   2.519,   3.489,9999.000,9999.000,9999.000,9999.000,9999.000,9999.000,9999.000
202606100500,   2.640,   3.598,   0.600,   0.358,   3.598,   0.600,   3.598,   0.700,   3.698
202606100506,   2.762,   3.709,9999.000,9999.000,9999.000,9999.000,9999.000,9999.000,9999.000
202606100512,   2.883,   3.808,9999.000,9999.000,9999.000,9999.000,9999.000,9999.000,9999.000
202606100518,   3.003,   3.909,9999.000,9999.000,9999.000,9999.000,9999.000,9999.000,9999.000
202606100524,   3.123,   4.027,9999.000,9999.000,9999.000,9999.000,9999.000,9999.000,9999.000
202606100530,   3.242,   4.149,9999.000,9999.000,9999.000,9999.000,9999.000,9999.000,9999.000
202606100536,   3.360,   4.280,9999.000,9999.000,9999.000,9999.000,9999.000,9999.000,9999.000
202606100542,   3.477,   4.408,9999.000,9999.000,9999.000,9999.000,9999.000,9999.000,9999.000
202606100548,   3.591,   4.529,9999.000,9999.000,9999.000,9999.000,9999.000,9999.000,9999.000
202606100554,   3.704,   4.637,9999.000,9999.000,9999.000,9999.000,9999.000,9999.000,9999.000
202606100600,   3.815,   4.739,   0.600,   0.324,   4.739,   0.600,   4.739,   0.600,   4.739
202606100606,   3.923,   4.847,9999.000,9999.000,9999.000,9999.000,9999.000,9999.000,9999.000
202606100612,   4.030,   4.959,9999.000,9999.000,9999.000,9999.000,9999.000,9999.000,9999.000
202606100618,   4.133,   5.077,9999.000,9999.000,9999.000,9999.000,9999.000,9999.000,9999.000
202606100624,   4.233,   5.188,9999.000,9999.000,9999.000,9999.000,9999.000,9999.000,9999.000
202606100630,   4.331,   5.277,9999.000,9999.000,9999.000,9999.000,9999.000,9999.000,9999.000
202606100636,   4.425,   5.369,9999.000,9999.000,9999.000,9999.000,9999.000,9999.000,9999.000
202606100642,   4.516,   5.448,9999.000,9999.000,9999.000,9999.000,9999.000,9999.000,9999.000
202606100648,   4.603,   5.530,9999.000,9999.000,9999.000,9999.000,9999.000,9999.000,9999.000
202606100654,   4.686,   5.608,9999.000,9999.000,9999.000,9999.000,9999.000,9999.000,9999.000
202606100700,   4.765,   5.677,   0.600,   0.312,   5.677,   0.600,   5.677,   0.600,   5.677
202606100706,   4.841,   5.739,9999.000,9999.000,9999.000,9999.000,9999.000,9999.000,9999.000
202606100712,   4.911,   5.799,9999.000,9999.000,9999.000,9999.000,9999.000,9999.000,9999.000
202606100718,   4.978,   5.848,9999.000,9999.000,9999.000,9999.000,9999.000,9999.000,9999.000
202606100724,   5.039,   5.897,9999.000,9999.000,9999.000,9999.000,9999.000,9999.000,9999.000
202606100730,   5.096,   5.940,9999.000,9999.000,9999.000,9999.000,9999.000,9999.000,9999.000
202606100736,   5.148,   5.989,9999.000,9999.000,9999.000,9999.000,9999.000,9999.000,9999.000
202606100742,   5.195,   6.048,9999.000,9999.000,9999.000,9999.000,9999.000,9999.000,9999.000
202606100748,   5.237,   6.097,9999.000,9999.000,9999.000,9999.000,9999.000,9999.000,9999.000
202606100754,   5.274,   6.136,9999.000,9999.000,9999.000,9999.000,9999.000,9999.000,9999.000
202606100800,   5.306,   6.179,   0.600,   0.273,   6.179,   0.600,   6.179,   0.600,   6.179
202606100806,   5.333,   6.199,9999.000,9999.000,9999.000,9999.000,9999.000,9999.000,9999.000
202606100812,   5.355,   6.218,9999.000,9999.000,9999.000,9999.000,9999.000,9999.000,9999.000
202606100818,   5.371,   6.258,9999.000,9999.000,9999.000,9999.000,9999.000,9999.000,9999.000
202606100824,   5.382,   6.287,9999.000,9999.000,9999.000,9999.000,9999.000,9999.000,9999.000
202606100830,   5.387,   6.307,9999.000,9999.000,9999.000,9999.000,9999.000,9999.000,9999.000
202606100836,   5.388,   6.317,9999.000,9999.000,9999.000,9999.000,9999.000,9999.000,9999.000
202606100842,   5.383,   6.327,9999.000,9999.000,9999.000,9999.000,9999.000,9999.000,9999.000
202606100848,   5.372,   6.336,9999.000,9999.000,9999.000,9999.000,9999.000,9999.000,9999.000
202606100854,   5.356,   6.317,9999.000,9999.000,9999.000,9999.000,9999.000,9999.000,9999.000
202606100900,   5.335,   6.317,   0.600,   0.382,   6.317,   0.600,   6.317,   0.600,   6.317
202606100906,   5.308,   6.297,9999.000,9999.000,9999.000,9999.000,9999.000,9999.000,9999.000
202606100912,   5.275,   6.268,9999.000,9999.000,9999.000,9999.000,9999.000,9999.000,9999.000
202606100918,   5.236,   6.238,9999.000,9999.000,9999.000,9999.000,9999.000,9999.000,9999.000
202606100924,   5.192,   6.209,9999.000,9999.000,9999.000,9999.000,9999.000,9999.000,9999.000
202606100930,   5.142,   6.169,9999.000,9999.000,9999.000,9999.000,9999.000,9999.000,9999.000
202606100936,   5.087,   6.107,9999.000,9999.000,9999.000,9999.000,9999.000,9999.000,9999.000
202606100942,   5.025,   6.058,9999.000,9999.000,9999.000,9999.000,9999.000,9999.000,9999.000
202606100948,   4.957,   5.999,9999.000,9999.000,9999.000,9999.000,9999.000,9999.000,9999.000
202606100954,   4.884,   5.926,9999.000,9999.000,9999.000,9999.000,9999.000,9999.000,9999.000
202606101000,   4.805,   5.848,   0.600,   0.443,   5.848,   0.600,   5.848,   0.700,   5.948
202606101006,   4.720,   5.769,9999.000,9999.000,9999.000,9999.000,9999.000,9999.000,9999.000
202606101012,   4.629,   5.677,9999.000,9999.000,9999.000,9999.000,9999.000,9999.000,9999.000
202606101018,   4.533,   5.569,9999.000,9999.000,9999.000,9999.000,9999.000,9999.000,9999.000
202606101024,   4.431,   5.477,9999.000,9999.000,9999.000,9999.000,9999.000,9999.000,9999.000
202606101030,   4.324,   5.359,9999.000,9999.000,9999.000,9999.000,9999.000,9999.000,9999.000
202606101036,   4.212,   5.247,9999.000,9999.000,9999.000,9999.000,9999.000,9999.000,9999.000
202606101042,   4.096,   5.129,9999.000,9999.000,9999.000,9999.000,9999.000,9999.000,9999.000
202606101048,   3.975,   4.988,9999.000,9999.000,9999.000,9999.000,9999.000,9999.000,9999.000
202606101054,   3.850,   4.847,9999.000,9999.000,9999.000,9999.000,9999.000,9999.000,9999.000
202606101100,   3.722,   4.700,   0.600,   0.378,   4.700,   0.600,   4.700,   0.700,   4.800
202606101106,   3.590,   4.559,9999.000,9999.000,9999.000,9999.000,9999.000,9999.000,9999.000
202606101112,   3.456,   4.427,9999.000,9999.000,9999.000,9999.000,9999.000,9999.000,9999.000
202606101118,   3.319,   4.290,9999.000,9999.000,9999.000,9999.000,9999.000,9999.000,9999.000
202606101124,   3.180,   4.149,9999.000,9999.000,9999.000,9999.000,9999.000,9999.000,9999.000
202606101130,   3.039,   4.027,9999.000,9999.000,9999.000,9999.000,9999.000,9999.000,9999.000
202606101136,   2.898,   3.890,9999.000,9999.000,9999.000,9999.000,9999.000,9999.000,9999.000
202606101142,   2.756,   3.749,9999.000,9999.000,9999.000,9999.000,9999.000,9999.000,9999.000
202606101148,   2.615,   3.588,9999.000,9999.000,9999.000,9999.000,9999.000,9999.000,9999.000
202606101154,   2.473,   3.460,9999.000,9999.000,9999.000,9999.000,9999.000,9999.000,9999.000
202606101200,   2.332,   3.329,   0.600,   0.397,   3.329,   0.500,   3.229,   0.600,   3.329
202606101206,   2.193,   3.197,9999.000,9999.000,9999.000,9999.000,9999.000,9999.000,9999.000
202606101212,   2.055,   3.070,9999.000,9999.000,9999.000,9999.000,9999.000,9999.000,9999.000
202606101218,   1.919,   2.919,9999.000,9999.000,9999.000,9999.000,9999.000,9999.000,9999.000
202606101224,   1.785,   2.768,9999.000,9999.000,9999.000,9999.000,9999.000,9999.000,9999.000
202606101230,   1.654,   2.630,9999.000,9999.000,9999.000,9999.000,9999.000,9999.000,9999.000
202606101236,   1.525,   2.489,9999.000,9999.000,9999.000,9999.000,9999.000,9999.000,9999.000
202606101242,   1.400,   2.338,9999.000,9999.000,9999.000,9999.000,9999.000,9999.000,9999.000
202606101248,   1.278,   2.210,9999.000,9999.000,9999.000,9999.000,9999.000,9999.000,9999.000
202606101254,   1.160,   2.059,9999.000,9999.000,9999.000,9999.000,9999.000,9999.000,9999.000
202606101300,   1.046,   1.928,   0.600,   0.282,   1.928,   0.600,   1.928,   0.600,   1.928
202606101306,   0.935,   1.800,9999.000,9999.000,9999.000,9999.000,9999.000,9999.000,9999.000
202606101312,   0.829,   1.699,9999.000,9999.000,9999.000,9999.000,9999.000,9999.000,9999.000
202606101318,   0.728,   1.590,9999.000,9999.000,9999.000,9999.000,9999.000,9999.000,9999.000
202606101324,   0.631,   1.489,9999.000,9999.000,9999.000,9999.000,9999.000,9999.000,9999.000
202606101330,   0.539,   1.390,9999.000,9999.000,9999.000,9999.000,9999.000,9999.000,9999.000
202606101336,   0.453,   1.279,9999.000,9999.000,9999.000,9999.000,9999.000,9999.000,9999.000
202606101342,   0.372,   1.180,9999.000,9999.000,9999.000,9999.000,9999.000,9999.000,9999.000
202606101348,   0.296,   1.088,9999.000,9999.000,9999.000,9999.000,9999.000,9999.000,9999.000
202606101354,   0.227,   0.990,9999.000,9999.000,9999.000,9999.000,9999.000,9999.000,9999.000
202606101400,   0.164,   0.918,   0.600,   0.154,   0.918,   0.600,   0.918,   0.600,   0.918
202606101406,   0.108,   0.849,9999.000,9999.000,9999.000,9999.000,9999.000,9999.000,9999.000
202606101412,   0.059,   0.790,9999.000,9999.000,9999.000,9999.000,9999.000,9999.000,9999.000
202606101418,   0.017,   0.718,9999.000,9999.000,9999.000,9999.000,9999.000,9999.000,9999.000
202606101424,  -0.017,   0.669,9999.000,9999.000,9999.000,9999.000,9999.000,9999.000,9999.000
202606101430,  -0.044,   0.619,9999.000,9999.000,9999.000,9999.000,9999.000,9999.000,9999.000
202606101436,  -0.063,   0.600,9999.000,9999.000,9999.000,9999.000,9999.000,9999.000,9999.000
202606101442,  -0.073,   0.570,9999.000,9999.000,9999.000,9999.000,9999.000,9999.000,9999.000
202606101448,  -0.075,   0.560,9999.000,9999.000,9999.000,9999.000,9999.000,9999.000,9999.000
202606101454,  -0.068,   0.560,9999.000,9999.000,9999.000,9999.000,9999.000,9999.000,9999.000
202606101500,  -0.053,   0.570,   0.600,   0.023,   0.570,   0.500,   0.470,   0.600,   0.570
202606101506,  -0.029,   0.580,9999.000,9999.000,9999.000,9999.000,9999.000,9999.000,9999.000
202606101512,   0.004,   0.610,9999.000,9999.000,9999.000,9999.000,9999.000,9999.000,9999.000
202606101518,   0.046,   0.639,9999.000,9999.000,9999.000,9999.000,9999.000,9999.000,9999.000
202606101524,   0.097,   0.688,9999.000,9999.000,9999.000,9999.000,9999.000,9999.000,9999.000
202606101530,   0.156,   0.751,9999.000,9999.000,9999.000,9999.000,9999.000,9999.000,9999.000
202606101536,   0.224,   0.829,9999.000,9999.000,9999.000,9999.000,9999.000,9999.000,9999.000
202606101542,   0.301,   0.918,9999.000,9999.000,9999.000,9999.000,9999.000,9999.000,9999.000
202606101548,   0.385,   0.990,9999.000,9999.000,9999.000,9999.000,9999.000,9999.000,9999.000
202606101554,   0.477,   1.098,9999.000,9999.000,9999.000,9999.000,9999.000,9999.000,9999.000
202606101600,   0.576,   1.210,   0.600,   0.034,   1.210,   0.500,   1.110,   0.600,   1.210
202606101606,   0.682,   1.348,9999.000,9999.000,9999.000,9999.000,9999.000,9999.000,9999.000
202606101612,   0.795,   1.479,9999.000,9999.000,9999.000,9999.000,9999.000,9999.000,9999.000
202606101618,   0.913,   1.620,9999.000,9999.000,9999.000,9999.000,9999.000,9999.000,9999.000
202606101624,   1.037,   1.738,9999.000,9999.000,9999.000,9999.000,9999.000,9999.000,9999.000
202606101630,   1.166,   1.869,9999.000,9999.000,9999.000,9999.000,9999.000,9999.000,9999.000
202606101636,   1.299,   1.990,9999.000,9999.000,9999.000,9999.000,9999.000,9999.000,9999.000
202606101642,   1.437,   2.118,9999.000,9999.000,9999.000,9999.000,9999.000,9999.000,9999.000
202606101648,   1.577,   2.269,9999.000,9999.000,9999.000,9999.000,9999.000,9999.000,9999.000
202606101654,   1.721,   2.400,9999.000,9999.000,9999.000,9999.000,9999.000,9999.000,9999.000
202606101700,   1.867,   2.548,   0.600,   0.081,   2.548,   0.500,   2.448,   0.600,   2.548
202606101706,   2.016,   2.679,9999.000,9999.000,9999.000,9999.000,9999.000,9999.000,9999.000
202606101712,   2.166,   2.830,9999.000,9999.000,9999.000,9999.000,9999.000,9999.000,9999.000
202606101718,   2.317,   2.958,9999.000,9999.000,9999.000,9999.000,9999.000,9999.000,9999.000
202606101724,   2.468,   3.099,9999.000,9999.000,9999.000,9999.000,9999.000,9999.000,9999.000
202606101730,   2.621,   3.230,9999.000,9999.000,9999.000,9999.000,9999.000,9999.000,9999.000
202606101736,   2.773,   3.358,9999.000,9999.000,9999.000,9999.000,9999.000,9999.000,9999.000
202606101742,   2.925,   3.489,9999.000,9999.000,9999.000,9999.000,9999.000,9999.000,9999.000
202606101748,   3.076,   3.627,9999.000,9999.000,9999.000,9999.000,9999.000,9999.000,9999.000
202606101754,   3.226,   3.768,9999.000,9999.000,9999.000,9999.000,9999.000,9999.000,9999.000
202606101800,   3.375,   3.909,   0.500,   0.034,   3.909,   0.500,   3.909,   0.600,   4.009
202606101806,   3.523,   4.057,9999.000,9999.000,9999.000,9999.000,9999.000,9999.000,9999.000
202606101812,   3.669,   4.208,9999.000,9999.000,9999.000,9999.000,9999.000,9999.000,9999.000
202606101818,   3.813,   4.349,9999.000,9999.000,9999.000,9999.000,9999.000,9999.000,9999.000
202606101824,   3.955,   4.500,9999.000,9999.000,9999.000,9999.000,9999.000,9999.000,9999.000
202606101830,   4.094,   4.628,9999.000,9999.000,9999.000,9999.000,9999.000,9999.000,9999.000
202606101836,   4.230,   4.778,9999.000,9999.000,9999.000,9999.000,9999.000,9999.000,9999.000
202606101842,   4.364,   4.939,9999.000,9999.000,9999.000,9999.000,9999.000,9999.000,9999.000
202606101848,   4.494,   5.087,9999.000,9999.000,9999.000,9999.000,9999.000,9999.000,9999.000
202606101854,   4.621,   5.228,9999.000,9999.000,9999.000,9999.000,9999.000,9999.000,9999.000
202606101900,   4.744,   5.369,   0.600,   0.025,   5.369,   0.500,   5.269,   0.600,   5.369
202606101906,   4.864,   5.487,9999.000,9999.000,9999.000,9999.000,9999.000,9999.000,9999.000
202606101912,   4.979,   5.618,9999.000,9999.000,9999.000,9999.000,9999.000,9999.000,9999.000
202606101918,   5.090,   5.739,9999.000,9999.000,9999.000,9999.000,9999.000,9999.000,9999.000
202606101924,   5.196,   5.858,9999.000,9999.000,9999.000,9999.000,9999.000,9999.000,9999.000
202606101930,   5.298,   5.959,9999.000,9999.000,9999.000,9999.000,9999.000,9999.000,9999.000
202606101936,   5.394,   6.058,9999.000,9999.000,9999.000,9999.000,9999.000,9999.000,9999.000
202606101942,   5.486,   6.159,9999.000,9999.000,9999.000,9999.000,9999.000,9999.000,9999.000
202606101948,   5.573,   6.238,9999.000,9999.000,9999.000,9999.000,9999.000,9999.000,9999.000
202606101954,   5.654,   6.327,9999.000,9999.000,9999.000,9999.000,9999.000,9999.000,9999.000
202606102000,   5.730,   6.409,   0.600,   0.079,   6.409,   0.500,   6.309,   0.600,   6.409
202606102006,   5.800,   6.497,9999.000,9999.000,9999.000,9999.000,9999.000,9999.000,9999.000
202606102012,   5.864,   6.569,9999.000,9999.000,9999.000,9999.000,9999.000,9999.000,9999.000
202606102018,   5.923,   6.628,9999.000,9999.000,9999.000,9999.000,9999.000,9999.000,9999.000
202606102024,   5.976,   6.687,9999.000,9999.000,9999.000,9999.000,9999.000,9999.000,9999.000
202606102030,   6.024,   6.746,9999.000,9999.000,9999.000,9999.000,9999.000,9999.000,9999.000
202606102036,   6.065,   6.799,9999.000,9999.000,9999.000,9999.000,9999.000,9999.000,9999.000
202606102042,   6.101,   6.838,9999.000,9999.000,9999.000,9999.000,9999.000,9999.000,9999.000
202606102048,   6.131,   6.868,9999.000,9999.000,9999.000,9999.000,9999.000,9999.000,9999.000
202606102054,   6.155,   6.907,9999.000,9999.000,9999.000,9999.000,9999.000,9999.000,9999.000
202606102100,   6.173,   6.947,   0.600,   0.174,   6.947,   0.600,   6.947,   0.600,   6.947
202606102106,   6.186,   6.966,9999.000,9999.000,9999.000,9999.000,9999.000,9999.000,9999.000
202606102112,   6.192,   6.979,9999.000,9999.000,9999.000,9999.000,9999.000,9999.000,9999.000
202606102118,   6.192,   6.966,9999.000,9999.000,9999.000,9999.000,9999.000,9999.000,9999.000
202606102124,   6.187,   6.979,9999.000,9999.000,9999.000,9999.000,9999.000,9999.000,9999.000
202606102130,   6.175,   6.966,9999.000,9999.000,9999.000,9999.000,9999.000,9999.000,9999.000
202606102136,   6.157,   6.947,9999.000,9999.000,9999.000,9999.000,9999.000,9999.000,9999.000
202606102142,   6.133,   6.927,9999.000,9999.000,9999.000,9999.000,9999.000,9999.000,9999.000
202606102148,   6.102,   6.897,9999.000,9999.000,9999.000,9999.000,9999.000,9999.000,9999.000
202606102154,   6.066,   6.858,9999.000,9999.000,9999.000,9999.000,9999.000,9999.000,9999.000
202606102200,   6.023,   6.809,   0.600,   0.186,   6.809,   0.600,   6.809,   0.600,   6.809
202606102206,   5.974,   6.756,9999.000,9999.000,9999.000,9999.000,9999.000,9999.000,9999.000
202606102212,   5.918,   6.687,9999.000,9999.000,9999.000,9999.000,9999.000,9999.000,9999.000
202606102218,   5.856,   6.619,9999.000,9999.000,9999.000,9999.000,9999.000,9999.000,9999.000
202606102224,   5.788,   6.527,9999.000,9999.000,9999.000,9999.000,9999.000,9999.000,9999.000
202606102230,   5.713,   6.418,9999.000,9999.000,9999.000,9999.000,9999.000,9999.000,9999.000
202606102236,   5.632,   6.317,9999.000,9999.000,9999.000,9999.000,9999.000,9999.000,9999.000
202606102242,   5.545,   6.209,9999.000,9999.000,9999.000,9999.000,9999.000,9999.000,9999.000
202606102248,   5.452,   6.087,9999.000,9999.000,9999.000,9999.000,9999.000,9999.000,9999.000
202606102254,   5.353,   5.959,9999.000,9999.000,9999.000,9999.000,9999.000,9999.000,9999.000
202606102300,   5.249,   5.838,   0.600,  -0.011,   5.838,   0.600,   5.838,   0.600,   5.838
202606102306,   5.139,   5.707,9999.000,9999.000,9999.000,9999.000,9999.000,9999.000,9999.000
202606102312,   5.024,   5.569,9999.000,9999.000,9999.000,9999.000,9999.000,9999.000,9999.000
202606102318,   4.905,   5.428,9999.000,9999.000,9999.000,9999.000,9999.000,9999.000,9999.000
202606102324,   4.780,   5.297,9999.000,9999.000,9999.000,9999.000,9999.000,9999.000,9999.000
202606102330,   4.652,   5.149,9999.000,9999.000,9999.000,9999.000,9999.000,9999.000,9999.000
202606102336,   4.520,   5.018,9999.000,9999.000,9999.000,9999.000,9999.000,9999.000,9999.000
202606102342,   4.385,   4.867,9999.000,9999.000,9999.000,9999.000,9999.000,9999.000,9999.000
202606102348,   4.247,   4.710,9999.000,9999.000,9999.000,9999.000,9999.000,9999.000,9999.000
202606102354,   4.107,   4.559,9999.000,9999.000,9999.000,9999.000,9999.000,9999.000,9999.000
202606110000,   3.965,   4.408,   0.600,  -0.157,   4.408,   0.500,   4.308,   0.600,   4.408
202606110006,   3.821,   4.247,9999.000,9999.000,9999.000,9999.000,9999.000,9999.000,9999.000
202606110012,   3.677,   4.109,9999.000,9999.000,9999.000,9999.000,9999.000,9999.000,9999.000
202606110018,   3.531,   3.968,9999.000,9999.000,9999.000,9999.000,9999.000,9999.000,9999.000
202606110024,   3.386,   3.827,9999.000,9999.000,9999.000,9999.000,9999.000,9999.000,9999.000
202606110030,   3.241,   3.689,9999.000,9999.000,9999.000,9999.000,9999.000,9999.000,9999.000
202606110036,   3.096,   3.548,9999.000,9999.000,9999.000,9999.000,9999.000,9999.000,9999.000
202606110042,   2.952,   3.417,9999.000,9999.000,9999.000,9999.000,9999.000,9999.000,9999.000
202606110048,   2.810,   3.289,9999.000,9999.000,9999.000,9999.000,9999.000,9999.000,9999.000
202606110054,   2.669,   3.168,9999.000,9999.000,9999.000,9999.000,9999.000,9999.000,9999.000
202606110100,   2.530,   3.050,   0.600,  -0.080,   3.050,   0.500,   2.950,   0.600,   3.050
202606110106,   2.393,   2.929,9999.000,9999.000,9999.000,9999.000,9999.000,9999.000,9999.000
202606110112,   2.259,   2.797,9999.000,9999.000,9999.000,9999.000,9999.000,9999.000,9999.000
202606110118,   2.127,   2.679,9999.000,9999.000,9999.000,9999.000,9999.000,9999.000,9999.000
202606110124,   1.999,   2.558,9999.000,9999.000,9999.000,9999.000,9999.000,9999.000,9999.000
202606110130,   1.873,   2.450,9999.000,9999.000,9999.000,9999.000,9999.000,9999.000,9999.000
202606110136,   1.751,   2.338,9999.000,9999.000,9999.000,9999.000,9999.000,9999.000,9999.000
202606110142,   1.632,   2.230,9999.000,9999.000,9999.000,9999.000,9999.000,9999.000,9999.000
202606110148,   1.518,   2.118,9999.000,9999.000,9999.000,9999.000,9999.000,9999.000,9999.000
202606110154,   1.407,   2.010,9999.000,9999.000,9999.000,9999.000,9999.000,9999.000,9999.000
202606110200,   1.301,   1.889,   0.600,  -0.012,   1.889,   0.500,   1.789,   0.600,   1.889
202606110206,   1.200,   1.781,9999.000,9999.000,9999.000,9999.000,9999.000,9999.000,9999.000
202606110212,   1.103,   1.679,9999.000,9999.000,9999.000,9999.000,9999.000,9999.000,9999.000
202606110218,   1.012,   1.590,9999.000,9999.000,9999.000,9999.000,9999.000,9999.000,9999.000
202606110224,   0.926,   1.508,9999.000,9999.000,9999.000,9999.000,9999.000,9999.000,9999.000
202606110230,   0.846,   1.410,9999.000,9999.000,9999.000,9999.000,9999.000,9999.000,9999.000
202606110236,   0.773,   1.328,9999.000,9999.000,9999.000,9999.000,9999.000,9999.000,9999.000
202606110242,   0.706,   1.259,9999.000,9999.000,9999.000,9999.000,9999.000,9999.000,9999.000
202606110248,   0.645,   1.200,9999.000,9999.000,9999.000,9999.000,9999.000,9999.000,9999.000
202606110254,   0.592,   1.151,9999.000,9999.000,9999.000,9999.000,9999.000,9999.000,9999.000
202606110300,   0.546,   1.098,   0.600,  -0.048,   1.098,   0.500,   0.998,   0.600,   1.098
202606110306,   0.508,   1.079,9999.000,9999.000,9999.000,9999.000,9999.000,9999.000,9999.000
202606110312,   0.478,   1.039,9999.000,9999.000,9999.000,9999.000,9999.000,9999.000,9999.000
202606110318,   0.456,   1.029,9999.000,9999.000,9999.000,9999.000,9999.000,9999.000,9999.000
202606110324,   0.442,   1.029,9999.000,9999.000,9999.000,9999.000,9999.000,9999.000,9999.000
202606110330,   0.436,   1.049,9999.000,9999.000,9999.000,9999.000,9999.000,9999.000,9999.000
202606110336,   0.439,   1.069,9999.000,9999.000,9999.000,9999.000,9999.000,9999.000,9999.000
202606110342,   0.450,   1.108,9999.000,9999.000,9999.000,9999.000,9999.000,9999.000,9999.000
202606110348,   0.470,   1.138,9999.000,9999.000,9999.000,9999.000,9999.000,9999.000,9999.000
202606110354,   0.498,   1.180,9999.000,9999.000,9999.000,9999.000,9999.000,9999.000,9999.000
202606110400,   0.535,   1.229,   0.600,   0.094,   1.229,   0.500,   1.129,   0.600,   1.229
202606110406,   0.579,   1.318,9999.000,9999.000,9999.000,9999.000,9999.000,9999.000,9999.000
202606110412,   0.631,   1.380,9999.000,9999.000,9999.000,9999.000,9999.000,9999.000,9999.000
202606110418,   0.691,   1.469,9999.000,9999.000,9999.000,9999.000,9999.000,9999.000,9999.000
202606110424,   0.758,   1.528,9999.000,9999.000,9999.000,9999.000,9999.000,9999.000,9999.000
202606110430,   0.832,   1.630,9999.000,9999.000,9999.000,9999.000,9999.000,9999.000,9999.000
202606110436,   0.912,   1.718,9999.000,9999.000,9999.000,9999.000,9999.000,9999.000,9999.000
202606110442,   0.998,   1.810,9999.000,9999.000,9999.000,9999.000,9999.000,9999.000,9999.000
202606110448,   1.090,   1.908,9999.000,9999.000,9999.000,9999.000,9999.000,9999.000,9999.000
202606110454,   1.187,   2.020,9999.000,9999.000,9999.000,9999.000,9999.000,9999.000,9999.000
202606110500,   1.289,   2.138,   0.600,   0.249,   2.138,   0.500,   2.038,   0.600,   2.138
202606110506,   1.395,   2.240,9999.000,9999.000,9999.000,9999.000,9999.000,9999.000,9999.000
202606110512,   1.505,   2.358,9999.000,9999.000,9999.000,9999.000,9999.000,9999.000,9999.000
202606110518,   1.618,   2.479,9999.000,9999.000,9999.000,9999.000,9999.000,9999.000,9999.000
202606110524,   1.734,   2.597,9999.000,9999.000,9999.000,9999.000,9999.000,9999.000,9999.000
202606110530,   1.852,   2.709,9999.000,9999.000,9999.000,9999.000,9999.000,9999.000,9999.000
202606110536,   1.972,   2.830,9999.000,9999.000,9999.000,9999.000,9999.000,9999.000,9999.000
202606110542,   2.095,   2.958,9999.000,9999.000,9999.000,9999.000,9999.000,9999.000,9999.000
202606110548,   2.218,   3.060,9999.000,9999.000,9999.000,9999.000,9999.000,9999.000,9999.000
202606110554,   2.342,   3.188,9999.000,9999.000,9999.000,9999.000,9999.000,9999.000,9999.000
202606110600,   2.468,   3.299,   0.500,   0.331,   3.299,   0.500,   3.299,   0.600,   3.399
202606110606,   2.593,   3.407,9999.000,9999.000,9999.000,9999.000,9999.000,9999.000,9999.000
202606110612,   2.718,   3.519,9999.000,9999.000,9999.000,9999.000,9999.000,9999.000,9999.000
202606110618,   2.844,   3.627,9999.000,9999.000,9999.000,9999.000,9999.000,9999.000,9999.000
202606110624,   2.968,   3.749,9999.000,9999.000,9999.000,9999.000,9999.000,9999.000,9999.000
202606110630,   3.092,   3.870,9999.000,9999.000,9999.000,9999.000,9999.000,9999.000,9999.000
202606110636,   3.215,   3.988,9999.000,9999.000,9999.000,9999.000,9999.000,9999.000,9999.000
202606110642,   3.337,   4.090,9999.000,9999.000,9999.000,9999.000,9999.000,9999.000,9999.000
202606110648,   3.457,   4.208,9999.000,9999.000,9999.000,9999.000,9999.000,9999.000,9999.000
202606110654,   3.576,   4.319,9999.000,9999.000,9999.000,9999.000,9999.000,9999.000,9999.000
202606110700,   3.693,   4.427,   0.500,   0.234,   4.427,   0.500,   4.427,   0.500,   4.427
202606110706,   3.807,   4.519,9999.000,9999.000,9999.000,9999.000,9999.000,9999.000,9999.000
202606110712,   3.919,   4.618,9999.000,9999.000,9999.000,9999.000,9999.000,9999.000,9999.000
202606110718,   4.028,   4.729,9999.000,9999.000,9999.000,9999.000,9999.000,9999.000,9999.000
202606110724,   4.135,   4.828,9999.000,9999.000,9999.000,9999.000,9999.000,9999.000,9999.000
202606110730,   4.238,   4.929,9999.000,9999.000,9999.000,9999.000,9999.000,9999.000,9999.000
202606110736,   4.338,   5.028,9999.000,9999.000,9999.000,9999.000,9999.000,9999.000,9999.000
202606110742,   4.435,   5.120,9999.000,9999.000,9999.000,9999.000,9999.000,9999.000,9999.000
202606110748,   4.527,   5.198,9999.000,9999.000,9999.000,9999.000,9999.000,9999.000,9999.000
202606110754,   4.616,   5.267,9999.000,9999.000,9999.000,9999.000,9999.000,9999.000,9999.000
202606110800,   4.701,   5.339,   0.500,   0.138,   5.339,   0.400,   5.239,   0.500,   5.339
202606110806,   4.781,   5.408,9999.000,9999.000,9999.000,9999.000,9999.000,9999.000,9999.000
202606110812,   4.856,   5.467,9999.000,9999.000,9999.000,9999.000,9999.000,9999.000,9999.000
202606110818,   4.927,   5.530,9999.000,9999.000,9999.000,9999.000,9999.000,9999.000,9999.000
202606110824,   4.994,   5.589,9999.000,9999.000,9999.000,9999.000,9999.000,9999.000,9999.000
202606110830,   5.055,   5.648,9999.000,9999.000,9999.000,9999.000,9999.000,9999.000,9999.000
202606110836,   5.111,   5.697,9999.000,9999.000,9999.000,9999.000,9999.000,9999.000,9999.000
202606110842,   5.162,   5.730,9999.000,9999.000,9999.000,9999.000,9999.000,9999.000,9999.000
202606110848,   5.208,   5.769,9999.000,9999.000,9999.000,9999.000,9999.000,9999.000,9999.000
202606110854,   5.249,   5.818,9999.000,9999.000,9999.000,9999.000,9999.000,9999.000,9999.000
202606110900,   5.284,   5.848,   0.500,   0.064,   5.848,   0.400,   5.748,   0.500,   5.848
202606110906,   5.315,   5.887,9999.000,9999.000,9999.000,9999.000,9999.000,9999.000,9999.000
202606110912,   5.339,   5.917,9999.000,9999.000,9999.000,9999.000,9999.000,9999.000,9999.000
202606110918,   5.358,   5.949,9999.000,9999.000,9999.000,9999.000,9999.000,9999.000,9999.000
202606110924,   5.372,   5.969,9999.000,9999.000,9999.000,9999.000,9999.000,9999.000,9999.000
202606110930,   5.380,   5.989,9999.000,9999.000,9999.000,9999.000,9999.000,9999.000,9999.000
202606110936,   5.383,   5.999,9999.000,9999.000,9999.000,9999.000,9999.000,9999.000,9999.000
202606110942,   5.380,   5.999,9999.000,9999.000,9999.000,9999.000,9999.000,9999.000,9999.000
202606110948,   5.371,   5.989,9999.000,9999.000,9999.000,9999.000,9999.000,9999.000,9999.000
202606110954,   5.356,   5.969,9999.000,9999.000,9999.000,9999.000,9999.000,9999.000,9999.000
202606111000,   5.335,   5.959,   0.500,   0.124,   5.959,   0.400,   5.859,   0.500,   5.959
202606111006,   5.309,   5.949,9999.000,9999.000,9999.000,9999.000,9999.000,9999.000,9999.000
202606111012,   5.276,   5.917,9999.000,9999.000,9999.000,9999.000,9999.000,9999.000,9999.000
202606111018,   5.237,   5.877,9999.000,9999.000,9999.000,9999.000,9999.000,9999.000,9999.000
202606111024,   5.192,   5.838,9999.000,9999.000,9999.000,9999.000,9999.000,9999.000,9999.000
202606111030,   5.141,   5.789,9999.000,9999.000,9999.000,9999.000,9999.000,9999.000,9999.000
202606111036,   5.083,   5.739,9999.000,9999.000,9999.000,9999.000,9999.000,9999.000,9999.000
202606111042,   5.019,   5.677,9999.000,9999.000,9999.000,9999.000,9999.000,9999.000,9999.000
202606111048,   4.949,   5.608,9999.000,9999.000,9999.000,9999.000,9999.000,9999.000,9999.000
202606111054,   4.872,   5.530,9999.000,9999.000,9999.000,9999.000,9999.000,9999.000,9999.000
202606111100,   4.789,   5.428,   0.500,   0.139,   5.428,   0.400,   5.328,   0.500,   5.428
202606111106,   4.700,   5.320,9999.000,9999.000,9999.000,9999.000,9999.000,9999.000,9999.000
202606111112,   4.604,   5.208,9999.000,9999.000,9999.000,9999.000,9999.000,9999.000,9999.000
202606111118,   4.503,   5.077,9999.000,9999.000,9999.000,9999.000,9999.000,9999.000,9999.000
202606111124,   4.395,   4.959,9999.000,9999.000,9999.000,9999.000,9999.000,9999.000,9999.000
202606111130,   4.282,   4.837,9999.000,9999.000,9999.000,9999.000,9999.000,9999.000,9999.000
202606111136,   4.164,   4.700,9999.000,9999.000,9999.000,9999.000,9999.000,9999.000,9999.000
202606111142,   4.041,   4.559,9999.000,9999.000,9999.000,9999.000,9999.000,9999.000,9999.000
202606111148,   3.913,   4.418,9999.000,9999.000,9999.000,9999.000,9999.000,9999.000,9999.000
202606111154,   3.781,   4.280,9999.000,9999.000,9999.000,9999.000,9999.000,9999.000,9999.000
202606111200,   3.645,   4.139,   0.500,  -0.006,   4.139,   0.400,   4.039,   0.500,   4.139
202606111206,   3.506,   3.998,9999.000,9999.000,9999.000,9999.000,9999.000,9999.000,9999.000
202606111212,   3.364,   3.847,9999.000,9999.000,9999.000,9999.000,9999.000,9999.000,9999.000
202606111218,   3.219,   3.699,9999.000,9999.000,9999.000,9999.000,9999.000,9999.000,9999.000
202606111224,   3.072,   3.558,9999.000,9999.000,9999.000,9999.000,9999.000,9999.000,9999.000
202606111230,   2.924,   3.407,9999.000,9999.000,9999.000,9999.000,9999.000,9999.000,9999.000
202606111236,   2.775,   3.260,9999.000,9999.000,9999.000,9999.000,9999.000,9999.000,9999.000
202606111242,   2.625,   3.109,9999.000,9999.000,9999.000,9999.000,9999.000,9999.000,9999.000
202606111248,   2.475,   2.958,9999.000,9999.000,9999.000,9999.000,9999.000,9999.000,9999.000
202606111254,   2.325,   2.797,9999.000,9999.000,9999.000,9999.000,9999.000,9999.000,9999.000
202606111300,   2.176,   2.640,   0.500,  -0.036,   2.640,   0.400,   2.540,   0.500,   2.640
202606111306,   2.028,   2.489,9999.000,9999.000,9999.000,9999.000,9999.000,9999.000,9999.000
202606111312,   1.882,   2.338,9999.000,9999.000,9999.000,9999.000,9999.000,9999.000,9999.000
202606111318,   1.738,   2.200,9999.000,9999.000,9999.000,9999.000,9999.000,9999.000,9999.000
202606111324,   1.596,   2.049,9999.000,9999.000,9999.000,9999.000,9999.000,9999.000,9999.000
202606111330,   1.456,   1.918,9999.000,9999.000,9999.000,9999.000,9999.000,9999.000,9999.000
202606111336,   1.320,   1.781,9999.000,9999.000,9999.000,9999.000,9999.000,9999.000,9999.000
202606111342,   1.187,   1.639,9999.000,9999.000,9999.000,9999.000,9999.000,9999.000,9999.000
202606111348,   1.058,   1.508,9999.000,9999.000,9999.000,9999.000,9999.000,9999.000,9999.000
202606111354,   0.932,   1.380,9999.000,9999.000,9999.000,9999.000,9999.000,9999.000,9999.000
202606111400,   0.811,   1.249,   0.500,  -0.062,   1.249,   0.400,   1.149,   0.500,   1.249
202606111406,   0.694,   1.128,9999.000,9999.000,9999.000,9999.000,9999.000,9999.000,9999.000
202606111412,   0.582,   1.020,9999.000,9999.000,9999.000,9999.000,9999.000,9999.000,9999.000
202606111418,   0.475,   0.908,9999.000,9999.000,9999.000,9999.000,9999.000,9999.000,9999.000
202606111424,   0.373,   0.800,9999.000,9999.000,9999.000,9999.000,9999.000,9999.000,9999.000
202606111430,   0.277,   0.708,9999.000,9999.000,9999.000,9999.000,9999.000,9999.000,9999.000
202606111436,   0.187,   0.629,9999.000,9999.000,9999.000,9999.000,9999.000,9999.000,9999.000
202606111442,   0.103,   0.541,9999.000,9999.000,9999.000,9999.000,9999.000,9999.000,9999.000
202606111448,   0.025,   0.478,9999.000,9999.000,9999.000,9999.000,9999.000,9999.000,9999.000
202606111454,  -0.044,   0.400,9999.000,9999.000,9999.000,9999.000,9999.000,9999.000,9999.000
202606111500,  -0.107,   0.341,   0.400,   0.048,   0.341,   0.400,   0.341,   0.500,   0.441
202606111506,  -0.162,   0.288,9999.000,9999.000,9999.000,9999.000,9999.000,9999.000,9999.000
202606111512,  -0.210,9999.000,9999.000,9999.000,9999.000,9999.000,9999.000,9999.000,9999.000
202606111518,  -0.249,9999.000,9999.000,9999.000,9999.000,9999.000,9999.000,9999.000,9999.000
202606111524,  -0.280,   0.186,9999.000,9999.000,9999.000,9999.000,9999.000,9999.000,9999.000
202606111530,  -0.302,   0.141,9999.000,9999.000,9999.000,9999.000,9999.000,9999.000,9999.000
202606111536,  -0.314,   0.131,9999.000,9999.000,9999.000,9999.000,9999.000,9999.000,9999.000
202606111542,  -0.318,   0.141,9999.000,9999.000,9999.000,9999.000,9999.000,9999.000,9999.000
202606111548,  -0.312,   0.150,9999.000,9999.000,9999.000,9999.000,9999.000,9999.000,9999.000
202606111554,  -0.297,   0.160,9999.000,9999.000,9999.000,9999.000,9999.000,9999.000,9999.000
202606111600,  -0.272,   0.190,   0.400,   0.062,   0.190,   0.400,   0.190,   0.500,   0.290
202606111606,  -0.237,   0.219,9999.000,9999.000,9999.000,9999.000,9999.000,9999.000,9999.000
202606111612,  -0.193,   0.259,9999.000,9999.000,9999.000,9999.000,9999.000,9999.000,9999.000
202606111618,  -0.140,   0.321,9999.000,9999.000,9999.000,9999.000,9999.000,9999.000,9999.000
202606111624,  -0.077,   0.380,9999.000,9999.000,9999.000,9999.000,9999.000,9999.000,9999.000
202606111630,  -0.005,   0.478,9999.000,9999.000,9999.000,9999.000,9999.000,9999.000,9999.000
202606111636,   0.075,   0.560,9999.000,9999.000,9999.000,9999.000,9999.000,9999.000,9999.000
202606111642,   0.164,   0.659,9999.000,9999.000,9999.000,9999.000,9999.000,9999.000,9999.000
202606111648,   0.261,   0.770,9999.000,9999.000,9999.000,9999.000,9999.000,9999.000,9999.000
202606111654,   0.366,   0.879,9999.000,9999.000,9999.000,9999.000,9999.000,9999.000,9999.000
202606111700,   0.479,   1.000,   0.400,   0.121,   1.000,   0.400,   1.000,   0.400,   1.000
202606111706,   0.598,   1.118,9999.000,9999.000,9999.000,9999.000,9999.000,9999.000,9999.000
202606111712,   0.724,   1.259,9999.000,9999.000,9999.000,9999.000,9999.000,9999.000,9999.000
202606111718,   0.855,   1.390,9999.000,9999.000,9999.000,9999.000,9999.000,9999.000,9999.000
202606111724,   0.993,   1.538,9999.000,9999.000,9999.000,9999.000,9999.000,9999.000,9999.000
202606111730,   1.134,   1.689,9999.000,9999.000,9999.000,9999.000,9999.000,9999.000,9999.000
202606111736,   1.281,   1.840,9999.000,9999.000,9999.000,9999.000,9999.000,9999.000,9999.000
202606111742,   1.431,   1.990,9999.000,9999.000,9999.000,9999.000,9999.000,9999.000,9999.000
202606111748,   1.584,   2.138,9999.000,9999.000,9999.000,9999.000,9999.000,9999.000,9999.000
202606111754,   1.740,   2.279,9999.000,9999.000,9999.000,9999.000,9999.000,9999.000,9999.000
202606111800,   1.899,   2.430,   0.400,   0.131,   2.430,   0.400,   2.430,   0.500,   2.530
202606111806,   2.060,   2.578,9999.000,9999.000,9999.000,9999.000,9999.000,9999.000,9999.000
202606111812,   2.222,   2.748,9999.000,9999.000,9999.000,9999.000,9999.000,9999.000,9999.000
202606111818,   2.385,   2.899,9999.000,9999.000,9999.000,9999.000,9999.000,9999.000,9999.000
202606111824,   2.549,   3.060,9999.000,9999.000,9999.000,9999.000,9999.000,9999.000,9999.000
202606111830,   2.714,   3.207,9999.000,9999.000,9999.000,9999.000,9999.000,9999.000,9999.000
202606111836,   2.878,   3.368,9999.000,9999.000,9999.000,9999.000,9999.000,9999.000,9999.000
202606111842,   3.042,   3.539,9999.000,9999.000,9999.000,9999.000,9999.000,9999.000,9999.000
202606111848,   3.205,   3.709,9999.000,9999.000,9999.000,9999.000,9999.000,9999.000,9999.000
202606111854,   3.368,   3.880,9999.000,9999.000,9999.000,9999.000,9999.000,9999.000,9999.000
202606111900,   3.529,   4.047,   0.400,   0.118,   4.047,   0.400,   4.047,   0.500,   4.147
202606111906,   3.688,   4.208,9999.000,9999.000,9999.000,9999.000,9999.000,9999.000,9999.000
202606111912,   3.846,   4.368,9999.000,9999.000,9999.000,9999.000,9999.000,9999.000,9999.000
202606111918,   4.001,   4.519,9999.000,9999.000,9999.000,9999.000,9999.000,9999.000,9999.000
202606111924,   4.154,   4.677,9999.000,9999.000,9999.000,9999.000,9999.000,9999.000,9999.000
202606111930,   4.305,   4.837,9999.000,9999.000,9999.000,9999.000,9999.000,9999.000,9999.000
202606111936,   4.452,   4.998,9999.000,9999.000,9999.000,9999.000,9999.000,9999.000,9999.000
202606111942,   4.596,   5.149,9999.000,9999.000,9999.000,9999.000,9999.000,9999.000,9999.000
202606111948,   4.737,   5.297,9999.000,9999.000,9999.000,9999.000,9999.000,9999.000,9999.000
202606111954,   4.873,   5.448,9999.000,9999.000,9999.000,9999.000,9999.000,9999.000,9999.000
202606112000,   5.006,   5.589,   0.500,   0.083,   5.589,   0.400,   5.489,   0.500,   5.589
202606112006,   5.135,   5.717,9999.000,9999.000,9999.000,9999.000,9999.000,9999.000,9999.000
202606112012,   5.259,   5.858,9999.000,9999.000,9999.000,9999.000,9999.000,9999.000,9999.000
202606112018,   5.378,   5.979,9999.000,9999.000,9999.000,9999.000,9999.000,9999.000,9999.000
202606112024,   5.492,   6.087,9999.000,9999.000,9999.000,9999.000,9999.000,9999.000,9999.000
202606112030,   5.601,   6.189,9999.000,9999.000,9999.000,9999.000,9999.000,9999.000,9999.000
202606112036,   5.705,   6.297,9999.000,9999.000,9999.000,9999.000,9999.000,9999.000,9999.000
202606112042,   5.804,   6.379,9999.000,9999.000,9999.000,9999.000,9999.000,9999.000,9999.000
202606112048,   5.897,   6.468,9999.000,9999.000,9999.000,9999.000,9999.000,9999.000,9999.000
202606112054,   5.984,   6.546,9999.000,9999.000,9999.000,9999.000,9999.000,9999.000,9999.000
202606112100,   6.065,   6.628,   0.500,   0.063,   6.628,   0.500,   6.628,   0.500,   6.628
202606112106,   6.141,   6.687,9999.000,9999.000,9999.000,9999.000,9999.000,9999.000,9999.000
202606112112,   6.211,   6.756,9999.000,9999.000,9999.000,9999.000,9999.000,9999.000,9999.000
202606112118,   6.274,   6.828,9999.000,9999.000,9999.000,9999.000,9999.000,9999.000,9999.000
202606112124,   6.332,   6.887,9999.000,9999.000,9999.000,9999.000,9999.000,9999.000,9999.000
202606112130,   6.384,   6.937,9999.000,9999.000,9999.000,9999.000,9999.000,9999.000,9999.000
202606112136,   6.429,   6.999,9999.000,9999.000,9999.000,9999.000,9999.000,9999.000,9999.000
202606112142,   6.469,   7.029,9999.000,9999.000,9999.000,9999.000,9999.000,9999.000,9999.000
202606112148,   6.502,   7.058,9999.000,9999.000,9999.000,9999.000,9999.000,9999.000,9999.000
202606112154,   6.529,   7.097,9999.000,9999.000,9999.000,9999.000,9999.000,9999.000,9999.000
202606112200,   6.550,   7.107,   0.500,   0.057,   7.107,   0.500,   7.107,   0.500,   7.107
202606112206,   6.565,   7.117,9999.000,9999.000,9999.000,9999.000,9999.000,9999.000,9999.000
202606112212,   6.573,   7.117,9999.000,9999.000,9999.000,9999.000,9999.000,9999.000,9999.000
202606112218,   6.575,   7.117,9999.000,9999.000,9999.000,9999.000,9999.000,9999.000,9999.000
202606112224,   6.570,   7.117,9999.000,9999.000,9999.000,9999.000,9999.000,9999.000,9999.000
202606112230,   6.558,   7.117,9999.000,9999.000,9999.000,9999.000,9999.000,9999.000,9999.000
202606112236,   6.540,   7.088,9999.000,9999.000,9999.000,9999.000,9999.000,9999.000,9999.000
202606112242,   6.516,   7.068,9999.000,9999.000,9999.000,9999.000,9999.000,9999.000,9999.000
202606112248,   6.484,   7.029,9999.000,9999.000,9999.000,9999.000,9999.000,9999.000,9999.000
202606112254,   6.445,   6.999,9999.000,9999.000,9999.000,9999.000,9999.000,9999.000,9999.000
202606112300,   6.400,   6.937,   0.500,   0.037,   6.937,   0.500,   6.937,   0.500,   6.937
202606112306,   6.347,   6.878,9999.000,9999.000,9999.000,9999.000,9999.000,9999.000,9999.000
202606112312,   6.287,   6.809,9999.000,9999.000,9999.000,9999.000,9999.000,9999.000,9999.000
202606112318,   6.220,   6.727,9999.000,9999.000,9999.000,9999.000,9999.000,9999.000,9999.000
202606112324,   6.146,   6.619,9999.000,9999.000,9999.000,9999.000,9999.000,9999.000,9999.000
202606112330,   6.065,   6.527,9999.000,9999.000,9999.000,9999.000,9999.000,9999.000,9999.000
202606112336,   5.978,   6.418,9999.000,9999.000,9999.000,9999.000,9999.000,9999.000,9999.000
202606112342,   5.883,   6.297,9999.000,9999.000,9999.000,9999.000,9999.000,9999.000,9999.000
202606112348,   5.781,   6.169,9999.000,9999.000,9999.000,9999.000,9999.000,9999.000,9999.000
202606112354,   5.673,   6.038,9999.000,9999.000,9999.000,9999.000,9999.000,9999.000,9999.000
202606120000,   5.559,   5.897,   0.400,  -0.062,   5.897,   0.400,   5.897,   0.500,   5.997
202606120006,   5.439,   5.759,9999.000,9999.000,9999.000,9999.000,9999.000,9999.000,9999.000
202606120012,   5.313,   5.628,9999.000,9999.000,9999.000,9999.000,9999.000,9999.000,9999.000
202606120018,   5.182,   5.477,9999.000,9999.000,9999.000,9999.000,9999.000,9999.000,9999.000
202606120024,   5.046,   5.320,9999.000,9999.000,9999.000,9999.000,9999.000,9999.000,9999.000
202606120030,   4.906,   5.169,9999.000,9999.000,9999.000,9999.000,9999.000,9999.000,9999.000
202606120036,   4.762,   5.018,9999.000,9999.000,9999.000,9999.000,9999.000,9999.000,9999.000
202606120042,   4.614,   4.867,9999.000,9999.000,9999.000,9999.000,9999.000,9999.000,9999.000
202606120048,   4.462,   4.710,9999.000,9999.000,9999.000,9999.000,9999.000,9999.000,9999.000
202606120054,   4.308,   4.539,9999.000,9999.000,9999.000,9999.000,9999.000,9999.000,9999.000
202606120100,   4.152,   4.359,   0.400,  -0.193,   4.359,   0.400,   4.359,   0.500,   4.459
202606120106,   3.994,   4.188,9999.000,9999.000,9999.000,9999.000,9999.000,9999.000,9999.000
202606120112,   3.835,   4.017,9999.000,9999.000,9999.000,9999.000,9999.000,9999.000,9999.000
202606120118,   3.675,   3.860,9999.000,9999.000,9999.000,9999.000,9999.000,9999.000,9999.000
202606120124,   3.515,   3.719,9999.000,9999.000,9999.000,9999.000,9999.000,9999.000,9999.000
202606120130,   3.354,   3.558,9999.000,9999.000,9999.000,9999.000,9999.000,9999.000,9999.000
202606120136,   3.194,   3.407,9999.000,9999.000,9999.000,9999.000,9999.000,9999.000,9999.000
202606120142,   3.035,   3.260,9999.000,9999.000,9999.000,9999.000,9999.000,9999.000,9999.000
202606120148,   2.876,   3.109,9999.000,9999.000,9999.000,9999.000,9999.000,9999.000,9999.000
202606120154,   2.719,   2.978,9999.000,9999.000,9999.000,9999.000,9999.000,9999.000,9999.000
202606120200,   2.564,   2.830,   0.400,  -0.134,   2.830,   0.400,   2.830,   0.500,   2.930
202606120206,   2.411,   2.679,9999.000,9999.000,9999.000,9999.000,9999.000,9999.000,9999.000
202606120212,   2.261,   2.538,9999.000,9999.000,9999.000,9999.000,9999.000,9999.000,9999.000
202606120218,   2.113,   2.387,9999.000,9999.000,9999.000,9999.000,9999.000,9999.000,9999.000
202606120224,   1.968,   2.250,9999.000,9999.000,9999.000,9999.000,9999.000,9999.000,9999.000
202606120230,   1.826,   2.118,9999.000,9999.000,9999.000,9999.000,9999.000,9999.000,9999.000
202606120236,   1.688,   1.990,9999.000,9999.000,9999.000,9999.000,9999.000,9999.000,9999.000
202606120242,   1.554,   1.840,9999.000,9999.000,9999.000,9999.000,9999.000,9999.000,9999.000
202606120248,   1.424,   1.718,9999.000,9999.000,9999.000,9999.000,9999.000,9999.000,9999.000
202606120254,   1.298,   1.580,9999.000,9999.000,9999.000,9999.000,9999.000,9999.000,9999.000
202606120300,   1.178,   1.459,   0.400,  -0.119,   1.459,   0.400,   1.459,   0.500,   1.559
202606120306,   1.062,   1.338,9999.000,9999.000,9999.000,9999.000,9999.000,9999.000,9999.000
202606120312,   0.952,   1.239,9999.000,9999.000,9999.000,9999.000,9999.000,9999.000,9999.000
202606120318,   0.848,   1.128,9999.000,9999.000,9999.000,9999.000,9999.000,9999.000,9999.000
202606120324,   0.750,   1.020,9999.000,9999.000,9999.000,9999.000,9999.000,9999.000,9999.000
202606120330,   0.659,   0.928,9999.000,9999.000,9999.000,9999.000,9999.000,9999.000,9999.000
202606120336,   0.574,   0.829,9999.000,9999.000,9999.000,9999.000,9999.000,9999.000,9999.000
202606120342,   0.497,   0.741,9999.000,9999.000,9999.000,9999.000,9999.000,9999.000,9999.000
202606120348,   0.428,   0.678,9999.000,9999.000,9999.000,9999.000,9999.000,9999.000,9999.000
202606120354,   0.367,   0.610,9999.000,9999.000,9999.000,9999.000,9999.000,9999.000,9999.000
202606120400,   0.314,   0.551,   0.400,  -0.163,   0.551,   0.400,   0.551,   0.500,   0.651
202606120406,   0.269,   0.508,9999.000,9999.000,9999.000,9999.000,9999.000,9999.000,9999.000
202606120412,   0.233,   0.459,9999.000,9999.000,9999.000,9999.000,9999.000,9999.000,9999.000
202606120418,   0.206,   0.429,9999.000,9999.000,9999.000,9999.000,9999.000,9999.000,9999.000
202606120424,   0.188,   0.429,9999.000,9999.000,9999.000,9999.000,9999.000,9999.000,9999.000
202606120430,   0.179,   0.449,9999.000,9999.000,9999.000,9999.000,9999.000,9999.000,9999.000
202606120436,   0.180,   0.478,9999.000,9999.000,9999.000,9999.000,9999.000,9999.000,9999.000
202606120442,   0.189,   0.518,9999.000,9999.000,9999.000,9999.000,9999.000,9999.000,9999.000
202606120448,   0.208,   0.570,9999.000,9999.000,9999.000,9999.000,9999.000,9999.000,9999.000
202606120454,   0.235,   0.619,9999.000,9999.000,9999.000,9999.000,9999.000,9999.000,9999.000
202606120500,   0.271,   0.688,   0.400,   0.017,   0.688,   0.400,   0.688,   0.400,   0.688
202606120506,   0.316,   0.760,9999.000,9999.000,9999.000,9999.000,9999.000,9999.000,9999.000
202606120512,   0.369,   0.849,9999.000,9999.000,9999.000,9999.000,9999.000,9999.000,9999.000
202606120518,   0.430,   0.928,9999.000,9999.000,9999.000,9999.000,9999.000,9999.000,9999.000
202606120524,   0.499,   1.029,9999.000,9999.000,9999.000,9999.000,9999.000,9999.000,9999.000
202606120530,   0.575,   1.108,9999.000,9999.000,9999.000,9999.000,9999.000,9999.000,9999.000
202606120536,   0.657,   1.200,9999.000,9999.000,9999.000,9999.000,9999.000,9999.000,9999.000
202606120542,   0.746,   1.279,9999.000,9999.000,9999.000,9999.000,9999.000,9999.000,9999.000
202606120548,   0.841,   1.380,9999.000,9999.000,9999.000,9999.000,9999.000,9999.000,9999.000
202606120554,   0.941,   1.498,9999.000,9999.000,9999.000,9999.000,9999.000,9999.000,9999.000
202606120600,   1.046,   1.600,   0.400,   0.154,   1.600,   0.300,   1.500,   0.400,   1.600
202606120606,   1.156,   1.718,9999.000,9999.000,9999.000,9999.000,9999.000,9999.000,9999.000
202606120612,   1.270,   1.830,9999.000,9999.000,9999.000,9999.000,9999.000,9999.000,9999.000
202606120618,   1.387,   1.938,9999.000,9999.000,9999.000,9999.000,9999.000,9999.000,9999.000
202606120624,   1.508,   2.040,9999.000,9999.000,9999.000,9999.000,9999.000,9999.000,9999.000
202606120630,   1.631,   2.148,9999.000,9999.000,9999.000,9999.000,9999.000,9999.000,9999.000
202606120636,   1.757,   2.269,9999.000,9999.000,9999.000,9999.000,9999.000,9999.000,9999.000
202606120642,   1.885,   2.400,9999.000,9999.000,9999.000,9999.000,9999.000,9999.000,9999.000
202606120648,   2.015,   2.519,9999.000,9999.000,9999.000,9999.000,9999.000,9999.000,9999.000
202606120654,   2.146,   2.660,9999.000,9999.000,9999.000,9999.000,9999.000,9999.000,9999.000
202606120700,   2.278,   2.787,   0.300,   0.209,   2.787,   0.300,   2.787,   0.400,   2.887
202606120706,   2.410,   2.909,9999.000,9999.000,9999.000,9999.000,9999.000,9999.000,9999.000
202606120712,   2.543,   3.040,9999.000,9999.000,9999.000,9999.000,9999.000,9999.000,9999.000
202606120718,   2.676,   3.148,9999.000,9999.000,9999.000,9999.000,9999.000,9999.000,9999.000
202606120724,   2.809,   3.260,9999.000,9999.000,9999.000,9999.000,9999.000,9999.000,9999.000
202606120730,   2.941,   3.388,9999.000,9999.000,9999.000,9999.000,9999.000,9999.000,9999.000
202606120736,   3.072,   3.509,9999.000,9999.000,9999.000,9999.000,9999.000,9999.000,9999.000
202606120742,   3.202,   3.637,9999.000,9999.000,9999.000,9999.000,9999.000,9999.000,9999.000
202606120748,   3.331,   3.758,9999.000,9999.000,9999.000,9999.000,9999.000,9999.000,9999.000
202606120754,   3.459,   3.870,9999.000,9999.000,9999.000,9999.000,9999.000,9999.000,9999.000
202606120800,   3.584,   3.968,   0.300,   0.084,   3.968,   0.200,   3.868,   0.300,   3.968
202606120806,   3.707,   4.080,9999.000,9999.000,9999.000,9999.000,9999.000,9999.000,9999.000
202606120812,   3.827,   4.168,9999.000,9999.000,9999.000,9999.000,9999.000,9999.000,9999.000
202606120818,   3.945,   4.267,9999.000,9999.000,9999.000,9999.000,9999.000,9999.000,9999.000
202606120824,   4.060,   4.368,9999.000,9999.000,9999.000,9999.000,9999.000,9999.000,9999.000
202606120830,   4.171,   4.480,9999.000,9999.000,9999.000,9999.000,9999.000,9999.000,9999.000
202606120836,   4.279,   4.588,9999.000,9999.000,9999.000,9999.000,9999.000,9999.000,9999.000
202606120842,   4.383,   4.690,9999.000,9999.000,9999.000,9999.000,9999.000,9999.000,9999.000
202606120848,   4.483,   4.778,9999.000,9999.000,9999.000,9999.000,9999.000,9999.000,9999.000
202606120854,   4.579,   4.877,9999.000,9999.000,9999.000,9999.000,9999.000,9999.000,9999.000
202606120900,   4.671,   4.959,   0.300,  -0.012,   4.959,   0.200,   4.859,   0.300,   4.959
202606120906,   4.758,   5.047,9999.000,9999.000,9999.000,9999.000,9999.000,9999.000,9999.000
202606120912,   4.840,   5.120,9999.000,9999.000,9999.000,9999.000,9999.000,9999.000,9999.000
202606120918,   4.917,   5.218,9999.000,9999.000,9999.000,9999.000,9999.000,9999.000,9999.000
202606120924,   4.990,   5.297,9999.000,9999.000,9999.000,9999.000,9999.000,9999.000,9999.000
202606120930,   5.057,   5.369,9999.000,9999.000,9999.000,9999.000,9999.000,9999.000,9999.000
202606120936,   5.119,   5.438,9999.000,9999.000,9999.000,9999.000,9999.000,9999.000,9999.000
202606120942,   5.176,   5.497,9999.000,9999.000,9999.000,9999.000,9999.000,9999.000,9999.000
202606120948,   5.227,   5.559,9999.000,9999.000,9999.000,9999.000,9999.000,9999.000,9999.000
202606120954,   5.273,   5.608,9999.000,9999.000,9999.000,9999.000,9999.000,9999.000,9999.000
202606121000,   5.314,   5.657,   0.300,   0.043,   5.657,   0.200,   5.557,   0.300,   5.657
202606121006,   5.349,   5.687,9999.000,9999.000,9999.000,9999.000,9999.000,9999.000,9999.000
202606121012,   5.378,   5.707,9999.000,9999.000,9999.000,9999.000,9999.000,9999.000,9999.000
202606121018,   5.402,   5.730,9999.000,9999.000,9999.000,9999.000,9999.000,9999.000,9999.000
202606121024,   5.419,   5.749,9999.000,9999.000,9999.000,9999.000,9999.000,9999.000,9999.000
202606121030,   5.431,   5.769,9999.000,9999.000,9999.000,9999.000,9999.000,9999.000,9999.000
202606121036,   5.437,   5.769,9999.000,9999.000,9999.000,9999.000,9999.000,9999.000,9999.000
202606121042,   5.437,   5.769,9999.000,9999.000,9999.000,9999.000,9999.000,9999.000,9999.000
202606121048,   5.430,   5.759,9999.000,9999.000,9999.000,9999.000,9999.000,9999.000,9999.000
202606121054,   5.417,   5.749,9999.000,9999.000,9999.000,9999.000,9999.000,9999.000,9999.000
202606121100,   5.398,   5.730,   0.200,   0.132,   5.730,   0.200,   5.730,   0.300,   5.830
202606121106,   5.372,   5.697,9999.000,9999.000,9999.000,9999.000,9999.000,9999.000,9999.000
202606121112,   5.339,   5.677,9999.000,9999.000,9999.000,9999.000,9999.000,9999.000,9999.000
202606121118,   5.300,   5.618,9999.000,9999.000,9999.000,9999.000,9999.000,9999.000,9999.000
202606121124,   5.254,   5.569,9999.000,9999.000,9999.000,9999.000,9999.000,9999.000,9999.000
202606121130,   5.200,   5.507,9999.000,9999.000,9999.000,9999.000,9999.000,9999.000,9999.000
202606121136,   5.140,   5.438,9999.000,9999.000,9999.000,9999.000,9999.000,9999.000,9999.000
202606121142,   5.073,   5.359,9999.000,9999.000,9999.000,9999.000,9999.000,9999.000,9999.000
202606121148,   4.998,   5.287,9999.000,9999.000,9999.000,9999.000,9999.000,9999.000,9999.000
202606121154,   4.917,   5.198,9999.000,9999.000,9999.000,9999.000,9999.000,9999.000,9999.000
202606121200,   4.828,   5.087,   0.300,  -0.041,   5.087,   0.300,   5.087,   0.400,   5.187
202606121206,   4.733,   4.969,9999.000,9999.000,9999.000,9999.000,9999.000,9999.000,9999.000
202606121212,   4.630,   4.837,9999.000,9999.000,9999.000,9999.000,9999.000,9999.000,9999.000
202606121218,   4.522,   4.710,9999.000,9999.000,9999.000,9999.000,9999.000,9999.000,9999.000
202606121224,   4.407,   4.559,9999.000,9999.000,9999.000,9999.000,9999.000,9999.000,9999.000
202606121230,   4.286,   4.427,9999.000,9999.000,9999.000,9999.000,9999.000,9999.000,9999.000
202606121236,   4.159,   4.290,9999.000,9999.000,9999.000,9999.000,9999.000,9999.000,9999.000
202606121242,   4.028,   4.139,9999.000,9999.000,9999.000,9999.000,9999.000,9999.000,9999.000
202606121248,   3.891,   3.978,9999.000,9999.000,9999.000,9999.000,9999.000,9999.000,9999.000
202606121254,   3.750,   3.817,9999.000,9999.000,9999.000,9999.000,9999.000,9999.000,9999.000
202606121300,   3.604,   3.650,   0.300,  -0.254,   3.650,   0.300,   3.650,   0.400,   3.750
202606121306,   3.456,   3.480,9999.000,9999.000,9999.000,9999.000,9999.000,9999.000,9999.000
202606121312,   3.304,   3.319,9999.000,9999.000,9999.000,9999.000,9999.000,9999.000,9999.000
202606121318,   3.150,   3.148,9999.000,9999.000,9999.000,9999.000,9999.000,9999.000,9999.000
202606121324,   2.994,   2.968,9999.000,9999.000,9999.000,9999.000,9999.000,9999.000,9999.000
202606121330,   2.836,   2.797,9999.000,9999.000,9999.000,9999.000,9999.000,9999.000,9999.000
202606121336,   2.677,   2.620,9999.000,9999.000,9999.000,9999.000,9999.000,9999.000,9999.000
202606121342,   2.518,   2.469,9999.000,9999.000,9999.000,9999.000,9999.000,9999.000,9999.000
202606121348,   2.359,   2.299,9999.000,9999.000,9999.000,9999.000,9999.000,9999.000,9999.000
202606121354,   2.200,   2.138,9999.000,9999.000,9999.000,9999.000,9999.000,9999.000,9999.000
202606121400,   2.042,   1.981,   0.300,  -0.361,   1.981,   0.300,   1.981,   0.300,   1.981
202606121406,   1.886,   1.820,9999.000,9999.000,9999.000,9999.000,9999.000,9999.000,9999.000
202606121412,   1.731,   1.659,9999.000,9999.000,9999.000,9999.000,9999.000,9999.000,9999.000
202606121418,   1.578,   1.498,9999.000,9999.000,9999.000,9999.000,9999.000,9999.000,9999.000
202606121424,   1.428,   1.338,9999.000,9999.000,9999.000,9999.000,9999.000,9999.000,9999.000
202606121430,   1.281,   1.200,9999.000,9999.000,9999.000,9999.000,9999.000,9999.000,9999.000
202606121436,   1.137,   1.049,9999.000,9999.000,9999.000,9999.000,9999.000,9999.000,9999.000
202606121442,   0.996,   0.888,9999.000,9999.000,9999.000,9999.000,9999.000,9999.000,9999.000
202606121448,   0.860,   0.731,9999.000,9999.000,9999.000,9999.000,9999.000,9999.000,9999.000
202606121454,   0.727,   0.600,9999.000,9999.000,9999.000,9999.000,9999.000,9999.000,9999.000
202606121500,   0.599,   0.449,   0.300,  -0.450,   0.449,   0.200,   0.349,   0.300,   0.449
202606121506,   0.476,   0.298,9999.000,9999.000,9999.000,9999.000,9999.000,9999.000,9999.000
202606121512,   0.358,   0.180,9999.000,9999.000,9999.000,9999.000,9999.000,9999.000,9999.000
202606121518,   0.245,   0.068,9999.000,9999.000,9999.000,9999.000,9999.000,9999.000,9999.000
202606121524,   0.139,  -0.029,9999.000,9999.000,9999.000,9999.000,9999.000,9999.000,9999.000
202606121530,   0.039,  -0.111,9999.000,9999.000,9999.000,9999.000,9999.000,9999.000,9999.000
202606121536,  -0.054,  -0.200,9999.000,9999.000,9999.000,9999.000,9999.000,9999.000,9999.000
202606121542,  -0.141,  -0.268,9999.000,9999.000,9999.000,9999.000,9999.000,9999.000,9999.000
202606121548,  -0.220,  -0.331,9999.000,9999.000,9999.000,9999.000,9999.000,9999.000,9999.000
202606121554,  -0.292,  -0.380,9999.000,9999.000,9999.000,9999.000,9999.000,9999.000,9999.000
202606121600,  -0.355,  -0.409,   0.300,  -0.354,  -0.409,   0.200,  -0.509,   0.300,  -0.409
202606121606,  -0.411,  -0.439,9999.000,9999.000,9999.000,9999.000,9999.000,9999.000,9999.000
202606121612,  -0.457,  -0.469,9999.000,9999.000,9999.000,9999.000,9999.000,9999.000,9999.000
202606121618,  -0.494,  -0.498,9999.000,9999.000,9999.000,9999.000,9999.000,9999.000,9999.000
202606121624,  -0.522,  -0.508,9999.000,9999.000,9999.000,9999.000,9999.000,9999.000,9999.000
202606121630,  -0.540,  -0.508,9999.000,9999.000,9999.000,9999.000,9999.000,9999.000,9999.000
202606121636,  -0.548,  -0.488,9999.000,9999.000,9999.000,9999.000,9999.000,9999.000,9999.000
202606121642,  -0.547,  -0.459,9999.000,9999.000,9999.000,9999.000,9999.000,9999.000,9999.000
202606121648,  -0.535,  -0.449,9999.000,9999.000,9999.000,9999.000,9999.000,9999.000,9999.000
202606121654,  -0.512,  -0.419,9999.000,9999.000,9999.000,9999.000,9999.000,9999.000,9999.000
202606121700,  -0.480,  -0.390,   0.300,  -0.210,  -0.390,   0.200,  -0.490,   0.300,  -0.390
202606121706,  -0.437,  -0.331,9999.000,9999.000,9999.000,9999.000,9999.000,9999.000,9999.000
202606121712,  -0.384,  -0.249,9999.000,9999.000,9999.000,9999.000,9999.000,9999.000,9999.000
202606121718,  -0.322,  -0.160,9999.000,9999.000,9999.000,9999.000,9999.000,9999.000,9999.000
202606121724,  -0.249,  -0.059,9999.000,9999.000,9999.000,9999.000,9999.000,9999.000,9999.000
202606121730,  -0.167,   0.039,9999.000,9999.000,9999.000,9999.000,9999.000,9999.000,9999.000
202606121736,  -0.076,   0.170,9999.000,9999.000,9999.000,9999.000,9999.000,9999.000,9999.000
202606121742,   0.023,   0.298,9999.000,9999.000,9999.000,9999.000,9999.000,9999.000,9999.000
202606121748,   0.132,9999.000,9999.000,9999.000,9999.000,9999.000,9999.000,9999.000,9999.000
202606121754,   0.248,9999.000,9999.000,9999.000,9999.000,9999.000,9999.000,9999.000,9999.000
202606121800,   0.373,9999.000,   0.300,  -0.187,   0.486,   0.300,   0.486,   0.300,   0.486
202606121806,   0.504,9999.000,9999.000,9999.000,9999.000,9999.000,9999.000,9999.000,9999.000
202606121812,   0.641,9999.000,9999.000,9999.000,9999.000,9999.000,9999.000,9999.000,9999.000
202606121818,   0.785,9999.000,9999.000,9999.000,9999.000,9999.000,9999.000,9999.000,9999.000
202606121824,   0.934,9999.000,9999.000,9999.000,9999.000,9999.000,9999.000,9999.000,9999.000
202606121830,   1.088,9999.000,9999.000,9999.000,9999.000,9999.000,9999.000,9999.000,9999.000
202606121836,   1.247,9999.000,9999.000,9999.000,9999.000,9999.000,9999.000,9999.000,9999.000
202606121842,   1.409,9999.000,9999.000,9999.000,9999.000,9999.000,9999.000,9999.000,9999.000
202606121848,   1.575,9999.000,9999.000,9999.000,9999.000,9999.000,9999.000,9999.000,9999.000
202606121854,   1.743,9999.000,9999.000,9999.000,9999.000,9999.000,9999.000,9999.000,9999.000
202606121900,   1.915,9999.000,   0.300,  -0.165,   2.050,   0.300,   2.050,   0.400,   2.150
202606121906,   2.088,9999.000,9999.000,9999.000,9999.000,9999.000,9999.000,9999.000,9999.000
202606121912,   2.262,9999.000,9999.000,9999.000,9999.000,9999.000,9999.000,9999.000,9999.000
202606121918,   2.438,9999.000,9999.000,9999.000,9999.000,9999.000,9999.000,9999.000,9999.000
202606121924,   2.615,9999.000,9999.000,9999.000,9999.000,9999.000,9999.000,9999.000,9999.000
202606121930,   2.792,9999.000,9999.000,9999.000,9999.000,9999.000,9999.000,9999.000,9999.000
202606121936,   2.968,9999.000,9999.000,9999.000,9999.000,9999.000,9999.000,9999.000,9999.000
202606121942,   3.145,9999.000,9999.000,9999.000,9999.000,9999.000,9999.000,9999.000,9999.000
202606121948,   3.320,9999.000,9999.000,9999.000,9999.000,9999.000,9999.000,9999.000,9999.000
202606121954,   3.495,9999.000,9999.000,9999.000,9999.000,9999.000,9999.000,9999.000,9999.000
202606122000,   3.668,9999.000,   0.400,  -0.142,   3.926,   0.300,   3.826,   0.400,   3.926
202606122006,   3.839,9999.000,9999.000,9999.000,9999.000,9999.000,9999.000,9999.000,9999.000
202606122012,   4.008,9999.000,9999.000,9999.000,9999.000,9999.000,9999.000,9999.000,9999.000
202606122018,   4.175,9999.000,9999.000,9999.000,9999.000,9999.000,9999.000,9999.000,9999.000
202606122024,   4.339,9999.000,9999.000,9999.000,9999.000,9999.000,9999.000,9999.000,9999.000
202606122030,   4.500,9999.000,9999.000,9999.000,9999.000,9999.000,9999.000,9999.000,9999.000
202606122036,   4.658,9999.000,9999.000,9999.000,9999.000,9999.000,9999.000,9999.000,9999.000
202606122042,   4.812,9999.000,9999.000,9999.000,9999.000,9999.000,9999.000,9999.000,9999.000
202606122048,   4.962,9999.000,9999.000,9999.000,9999.000,9999.000,9999.000,9999.000,9999.000
202606122054,   5.108,9999.000,9999.000,9999.000,9999.000,9999.000,9999.000,9999.000,9999.000
202606122100,   5.250,9999.000,   0.400,  -0.119,   5.531,   0.300,   5.431,   0.400,   5.531
202606122106,   5.387,9999.000,9999.000,9999.000,9999.000,9999.000,9999.000,9999.000,9999.000
202606122112,   5.519,9999.000,9999.000,9999.000,9999.000,9999.000,9999.000,9999.000,9999.000
202606122118,   5.646,9999.000,9999.000,9999.000,9999.000,9999.000,9999.000,9999.000,9999.000
202606122124,   5.768,9999.000,9999.000,9999.000,9999.000,9999.000,9999.000,9999.000,9999.000
202606122130,   5.884,9999.000,9999.000,9999.000,9999.000,9999.000,9999.000,9999.000,9999.000
202606122136,   5.995,9999.000,9999.000,9999.000,9999.000,9999.000,9999.000,9999.000,9999.000
202606122142,   6.100,9999.000,9999.000,9999.000,9999.000,9999.000,9999.000,9999.000,9999.000
202606122148,   6.199,9999.000,9999.000,9999.000,9999.000,9999.000,9999.000,9999.000,9999.000
202606122154,   6.293,9999.000,9999.000,9999.000,9999.000,9999.000,9999.000,9999.000,9999.000
202606122200,   6.380,9999.000,   0.400,  -0.097,   6.683,   0.400,   6.683,   0.400,   6.683
202606122206,   6.461,9999.000,9999.000,9999.000,9999.000,9999.000,9999.000,9999.000,9999.000
202606122212,   6.536,9999.000,9999.000,9999.000,9999.000,9999.000,9999.000,9999.000,9999.000
202606122218,   6.605,9999.000,9999.000,9999.000,9999.000,9999.000,9999.000,9999.000,9999.000
202606122224,   6.668,9999.000,9999.000,9999.000,9999.000,9999.000,9999.000,9999.000,9999.000
202606122230,   6.724,9999.000,9999.000,9999.000,9999.000,9999.000,9999.000,9999.000,9999.000
202606122236,   6.774,9999.000,9999.000,9999.000,9999.000,9999.000,9999.000,9999.000,9999.000
202606122242,   6.817,9999.000,9999.000,9999.000,9999.000,9999.000,9999.000,9999.000,9999.000
202606122248,   6.854,9999.000,9999.000,9999.000,9999.000,9999.000,9999.000,9999.000,9999.000
202606122254,   6.884,9999.000,9999.000,9999.000,9999.000,9999.000,9999.000,9999.000,9999.000
202606122300,   6.907,9999.000,   0.400,  -0.074,   7.233,   0.400,   7.233,   0.400,   7.233
202606122306,   6.924,9999.000,9999.000,9999.000,9999.000,9999.000,9999.000,9999.000,9999.000
202606122312,   6.934,9999.000,9999.000,9999.000,9999.000,9999.000,9999.000,9999.000,9999.000
202606122318,   6.936,9999.000,9999.000,9999.000,9999.000,9999.000,9999.000,9999.000,9999.000
202606122324,   6.932,9999.000,9999.000,9999.000,9999.000,9999.000,9999.000,9999.000,9999.000
202606122330,   6.920,9999.000,9999.000,9999.000,9999.000,9999.000,9999.000,9999.000,9999.000
202606122336,   6.901,9999.000,9999.000,9999.000,9999.000,9999.000,9999.000,9999.000,9999.000
202606122342,   6.874,9999.000,9999.000,9999.000,9999.000,9999.000,9999.000,9999.000,9999.000
202606122348,   6.839,9999.000,9999.000,9999.000,9999.000,9999.000,9999.000,9999.000,9999.000
202606122354,   6.797,9999.000,9999.000,9999.000,9999.000,9999.000,9999.000,9999.000,9999.000
202606130000,   6.747,9999.000,   0.400,  -0.051,   7.096,   0.400,   7.096,   0.400,   7.096
202606130006,   6.689,9999.000,9999.000,9999.000,9999.000,9999.000,9999.000,9999.000,9999.000
202606130012,   6.623,9999.000,9999.000,9999.000,9999.000,9999.000,9999.000,9999.000,9999.000
202606130018,   6.549,9999.000,9999.000,9999.000,9999.000,9999.000,9999.000,9999.000,9999.000
202606130024,   6.467,9999.000,9999.000,9999.000,9999.000,9999.000,9999.000,9999.000,9999.000
202606130030,   6.378,9999.000,9999.000,9999.000,9999.000,9999.000,9999.000,9999.000,9999.000
202606130036,   6.280,9999.000,9999.000,9999.000,9999.000,9999.000,9999.000,9999.000,9999.000
202606130042,   6.176,9999.000,9999.000,9999.000,9999.000,9999.000,9999.000,9999.000,9999.000
202606130048,   6.064,9999.000,9999.000,9999.000,9999.000,9999.000,9999.000,9999.000,9999.000
202606130054,   5.945,9999.000,9999.000,9999.000,9999.000,9999.000,9999.000,9999.000,9999.000
202606130100,   5.819,9999.000,   0.400,  -0.029,   6.190,   0.300,   6.090,   0.400,   6.190
202606130106,   5.687,9999.000,9999.000,9999.000,9999.000,9999.000,9999.000,9999.000,9999.000
202606130112,   5.549,9999.000,9999.000,9999.000,9999.000,9999.000,9999.000,9999.000,9999.000
202606130118,   5.405,9999.000,9999.000,9999.000,9999.000,9999.000,9999.000,9999.000,9999.000
202606130124,   5.256,9999.000,9999.000,9999.000,9999.000,9999.000,9999.000,9999.000,9999.000
202606130130,   5.103,9999.000,9999.000,9999.000,9999.000,9999.000,9999.000,9999.000,9999.000
202606130136,   4.945,9999.000,9999.000,9999.000,9999.000,9999.000,9999.000,9999.000,9999.000
202606130142,   4.783,9999.000,9999.000,9999.000,9999.000,9999.000,9999.000,9999.000,9999.000
202606130148,   4.618,9999.000,9999.000,9999.000,9999.000,9999.000,9999.000,9999.000,9999.000
202606130154,   4.450,9999.000,9999.000,9999.000,9999.000,9999.000,9999.000,9999.000,9999.000
202606130200,   4.280,9999.000,   0.400,  -0.006,   4.674,   0.300,   4.574,   0.400,   4.674
202606130206,   4.108,9999.000,9999.000,9999.000,9999.000,9999.000,9999.000,9999.000,9999.000
202606130212,   3.935,9999.000,9999.000,9999.000,9999.000,9999.000,9999.000,9999.000,9999.000
202606130218,   3.761,9999.000,9999.000,9999.000,9999.000,9999.000,9999.000,9999.000,9999.000
202606130224,   3.586,9999.000,9999.000,9999.000,9999.000,9999.000,9999.000,9999.000,9999.000
202606130230,   3.411,9999.000,9999.000,9999.000,9999.000,9999.000,9999.000,9999.000,9999.000
202606130236,   3.236,9999.000,9999.000,9999.000,9999.000,9999.000,9999.000,9999.000,9999.000
202606130242,   3.062,9999.000,9999.000,9999.000,9999.000,9999.000,9999.000,9999.000,9999.000
202606130248,   2.889,9999.000,9999.000,9999.000,9999.000,9999.000,9999.000,9999.000,9999.000
202606130254,   2.717,9999.000,9999.000,9999.000,9999.000,9999.000,9999.000,9999.000,9999.000
202606130300,   2.547,9999.000,   0.400,   0.017,   2.964,   0.300,   2.864,   0.400,   2.964
202606130306,   2.379,9999.000,9999.000,9999.000,9999.000,9999.000,9999.000,9999.000,9999.000
202606130312,   2.214,9999.000,9999.000,9999.000,9999.000,9999.000,9999.000,9999.000,9999.000
202606130318,   2.051,9999.000,9999.000,9999.000,9999.000,9999.000,9999.000,9999.000,9999.000
202606130324,   1.891,9999.000,9999.000,9999.000,9999.000,9999.000,9999.000,9999.000,9999.000
202606130330,   1.734,9999.000,9999.000,9999.000,9999.000,9999.000,9999.000,9999.000,9999.000
202606130336,   1.582,9999.000,9999.000,9999.000,9999.000,9999.000,9999.000,9999.000,9999.000
202606130342,   1.433,9999.000,9999.000,9999.000,9999.000,9999.000,9999.000,9999.000,9999.000
202606130348,   1.289,9999.000,9999.000,9999.000,9999.000,9999.000,9999.000,9999.000,9999.000
202606130354,   1.149,9999.000,9999.000,9999.000,9999.000,9999.000,9999.000,9999.000,9999.000
202606130400,   1.015,9999.000,   0.300,   0.039,   1.354,   0.300,   1.354,   0.400,   1.454
202606130406,   0.887,9999.000,9999.000,9999.000,9999.000,9999.000,9999.000,9999.000,9999.000
202606130412,   0.764,9999.000,9999.000,9999.000,9999.000,9999.000,9999.000,9999.000,9999.000
202606130418,   0.649,9999.000,9999.000,9999.000,9999.000,9999.000,9999.000,9999.000,9999.000
202606130424,   0.540,9999.000,9999.000,9999.000,9999.000,9999.000,9999.000,9999.000,9999.000
202606130430,   0.438,9999.000,9999.000,9999.000,9999.000,9999.000,9999.000,9999.000,9999.000
202606130436,   0.344,9999.000,9999.000,9999.000,9999.000,9999.000,9999.000,9999.000,9999.000
202606130442,   0.259,9999.000,9999.000,9999.000,9999.000,9999.000,9999.000,9999.000,9999.000
202606130448,   0.181,9999.000,9999.000,9999.000,9999.000,9999.000,9999.000,9999.000,9999.000
202606130454,   0.113,9999.000,9999.000,9999.000,9999.000,9999.000,9999.000,9999.000,9999.000
202606130500,   0.054,9999.000,   0.300,   0.062,   0.416,   0.300,   0.416,   0.400,   0.516
202606130506,   0.004,9999.000,9999.000,9999.000,9999.000,9999.000,9999.000,9999.000,9999.000
202606130512,  -0.035,9999.000,9999.000,9999.000,9999.000,9999.000,9999.000,9999.000,9999.000
202606130518,  -0.065,9999.000,9999.000,9999.000,9999.000,9999.000,9999.000,9999.000,9999.000
202606130524,  -0.086,9999.000,9999.000,9999.000,9999.000,9999.000,9999.000,9999.000,9999.000
202606130530,  -0.096,9999.000,9999.000,9999.000,9999.000,9999.000,9999.000,9999.000,9999.000
202606130536,  -0.096,9999.000,9999.000,9999.000,9999.000,9999.000,9999.000,9999.000,9999.000
202606130542,  -0.087,9999.000,9999.000,9999.000,9999.000,9999.000,9999.000,9999.000,9999.000
202606130548,  -0.068,9999.000,9999.000,9999.000,9999.000,9999.000,9999.000,9999.000,9999.000
202606130554,  -0.039,9999.000,9999.000,9999.000,9999.000,9999.000,9999.000,9999.000,9999.000
202606130600,   0.000,9999.000,   0.300,   0.062,   0.362,   0.200,   0.262,   0.300,   0.362
202606130606,   0.046,9999.000,9999.000,9999.000,9999.000,9999.000,9999.000,9999.000,9999.000
202606130612,   0.102,9999.000,9999.000,9999.000,9999.000,9999.000,9999.000,9999.000,9999.000
202606130618,   0.167,9999.000,9999.000,9999.000,9999.000,9999.000,9999.000,9999.000,9999.000
202606130624,   0.240,9999.000,9999.000,9999.000,9999.000,9999.000,9999.000,9999.000,9999.000
202606130630,   0.320,9999.000,9999.000,9999.000,9999.000,9999.000,9999.000,9999.000,9999.000
202606130636,   0.408,9999.000,9999.000,9999.000,9999.000,9999.000,9999.000,9999.000,9999.000
202606130642,   0.502,9999.000,9999.000,9999.000,9999.000,9999.000,9999.000,9999.000,9999.000
202606130648,   0.603,9999.000,9999.000,9999.000,9999.000,9999.000,9999.000,9999.000,9999.000
202606130654,   0.709,9999.000,9999.000,9999.000,9999.000,9999.000,9999.000,9999.000,9999.000
202606130700,   0.821,9999.000,   0.200,   0.062,   1.083,   0.200,   1.083,   0.300,   1.183
202606130706,   0.938,9999.000,9999.000,9999.000,9999.000,9999.000,9999.000,9999.000,9999.000
202606130712,   1.059,9999.000,9999.000,9999.000,9999.000,9999.000,9999.000,9999.000,9999.000
202606130718,   1.183,9999.000,9999.000,9999.000,9999.000,9999.000,9999.000,9999.000,9999.000
202606130724,   1.312,9999.000,9999.000,9999.000,9999.000,9999.000,9999.000,9999.000,9999.000
202606130730,   1.443,9999.000,9999.000,9999.000,9999.000,9999.000,9999.000,9999.000,9999.000
202606130736,   1.577,9999.000,9999.000,9999.000,9999.000,9999.000,9999.000,9999.000,9999.000
202606130742,   1.714,9999.000,9999.000,9999.000,9999.000,9999.000,9999.000,9999.000,9999.000
202606130748,   1.852,9999.000,9999.000,9999.000,9999.000,9999.000,9999.000,9999.000,9999.000
202606130754,   1.991,9999.000,9999.000,9999.000,9999.000,9999.000,9999.000,9999.000,9999.000
202606130800,   2.132,9999.000,   0.200,   0.062,   2.394,   0.100,   2.294,   0.200,   2.394
202606130806,   2.274,9999.000,9999.000,9999.000,9999.000,9999.000,9999.000,9999.000,9999.000
202606130812,   2.416,9999.000,9999.000,9999.000,9999.000,9999.000,9999.000,9999.000,9999.000
202606130818,   2.558,9999.000,9999.000,9999.000,9999.000,9999.000,9999.000,9999.000,9999.000
202606130824,   2.700,9999.000,9999.000,9999.000,9999.000,9999.000,9999.000,9999.000,9999.000
202606130830,   2.841,9999.000,9999.000,9999.000,9999.000,9999.000,9999.000,9999.000,9999.000
202606130836,   2.982,9999.000,9999.000,9999.000,9999.000,9999.000,9999.000,9999.000,9999.000
202606130842,   3.121,9999.000,9999.000,9999.000,9999.000,9999.000,9999.000,9999.000,9999.000
202606130848,   3.259,9999.000,9999.000,9999.000,9999.000,9999.000,9999.000,9999.000,9999.000
202606130854,   3.395,9999.000,9999.000,9999.000,9999.000,9999.000,9999.000,9999.000,9999.000
202606130900,   3.529,9999.000,   0.200,   0.062,   3.791,   0.100,   3.691,   0.300,   3.891
202606130906,   3.660,9999.000,9999.000,9999.000,9999.000,9999.000,9999.000,9999.000,9999.000
202606130912,   3.789,9999.000,9999.000,9999.000,9999.000,9999.000,9999.000,9999.000,9999.000
202606130918,   3.915,9999.000,9999.000,9999.000,9999.000,9999.000,9999.000,9999.000,9999.000
202606130924,   4.038,9999.000,9999.000,9999.000,9999.000,9999.000,9999.000,9999.000,9999.000
202606130930,   4.157,9999.000,9999.000,9999.000,9999.000,9999.000,9999.000,9999.000,9999.000
202606130936,   4.272,9999.000,9999.000,9999.000,9999.000,9999.000,9999.000,9999.000,9999.000
202606130942,   4.384,9999.000,9999.000,9999.000,9999.000,9999.000,9999.000,9999.000,9999.000
202606130948,   4.491,9999.000,9999.000,9999.000,9999.000,9999.000,9999.000,9999.000,9999.000
202606130954,   4.594,9999.000,9999.000,9999.000,9999.000,9999.000,9999.000,9999.000,9999.000
202606131000,   4.692,9999.000,   0.200,   0.062,   4.954,   0.100,   4.854,   0.300,   5.054
202606131006,   4.786,9999.000,9999.000,9999.000,9999.000,9999.000,9999.000,9999.000,9999.000
202606131012,   4.874,9999.000,9999.000,9999.000,9999.000,9999.000,9999.000,9999.000,9999.000
202606131018,   4.958,9999.000,9999.000,9999.000,9999.000,9999.000,9999.000,9999.000,9999.000
202606131024,   5.037,9999.000,9999.000,9999.000,9999.000,9999.000,9999.000,9999.000,9999.000
202606131030,   5.110,9999.000,9999.000,9999.000,9999.000,9999.000,9999.000,9999.000,9999.000
202606131036,   5.178,9999.000,9999.000,9999.000,9999.000,9999.000,9999.000,9999.000,9999.000
202606131042,   5.240,9999.000,9999.000,9999.000,9999.000,9999.000,9999.000,9999.000,9999.000
202606131048,   5.297,9999.000,9999.000,9999.000,9999.000,9999.000,9999.000,9999.000,9999.000
202606131054,   5.348,9999.000,9999.000,9999.000,9999.000,9999.000,9999.000,9999.000,9999.000
202606131100,   5.393,9999.000,   0.200,   0.062,   5.655,   0.200,   5.655,   0.300,   5.755
202606131106,   5.433,9999.000,9999.000,9999.000,9999.000,9999.000,9999.000,9999.000,9999.000
202606131112,   5.466,9999.000,9999.000,9999.000,9999.000,9999.000,9999.000,9999.000,9999.000
202606131118,   5.493,9999.000,9999.000,9999.000,9999.000,9999.000,9999.000,9999.000,9999.000
202606131124,   5.514,9999.000,9999.000,9999.000,9999.000,9999.000,9999.000,9999.000,9999.000
202606131130,   5.529,9999.000,9999.000,9999.000,9999.000,9999.000,9999.000,9999.000,9999.000
202606131136,   5.537,9999.000,9999.000,9999.000,9999.000,9999.000,9999.000,9999.000,9999.000
202606131142,   5.538,9999.000,9999.000,9999.000,9999.000,9999.000,9999.000,9999.000,9999.000
202606131148,   5.533,9999.000,9999.000,9999.000,9999.000,9999.000,9999.000,9999.000,9999.000
202606131154,   5.520,9999.000,9999.000,9999.000,9999.000,9999.000,9999.000,9999.000,9999.000
202606131200,   5.500,9999.000,   0.200,   0.062,   5.762,   0.200,   5.762,   0.300,   5.862
202606131206,   5.473,9999.000,9999.000,9999.000,9999.000,9999.000,9999.000,9999.000,9999.000
202606131212,   5.439,9999.000,9999.000,9999.000,9999.000,9999.000,9999.000,9999.000,9999.000
202606131218,   5.397,9999.000,9999.000,9999.000,9999.000,9999.000,9999.000,9999.000,9999.000
202606131224,   5.347,9999.000,9999.000,9999.000,9999.000,9999.000,9999.000,9999.000,9999.000
202606131230,   5.290,9999.000,9999.000,9999.000,9999.000,9999.000,9999.000,9999.000,9999.000
202606131236,   5.224,9999.000,9999.000,9999.000,9999.000,9999.000,9999.000,9999.000,9999.000
202606131242,   5.152,9999.000,9999.000,9999.000,9999.000,9999.000,9999.000,9999.000,9999.000
202606131248,   5.071,9999.000,9999.000,9999.000,9999.000,9999.000,9999.000,9999.000,9999.000
202606131254,   4.983,9999.000,9999.000,9999.000,9999.000,9999.000,9999.000,9999.000,9999.000
202606131300,   4.887,9999.000,   0.200,   0.062,   5.149,   0.200,   5.149,   0.300,   5.249
202606131306,   4.784,9999.000,9999.000,9999.000,9999.000,9999.000,9999.000,9999.000,9999.000
202606131312,   4.674,9999.000,9999.000,9999.000,9999.000,9999.000,9999.000,9999.000,9999.000
202606131318,   4.557,9999.000,9999.000,9999.000,9999.000,9999.000,9999.000,9999.000,9999.000
202606131324,   4.433,9999.000,9999.000,9999.000,9999.000,9999.000,9999.000,9999.000,9999.000
202606131330,   4.304,9999.000,9999.000,9999.000,9999.000,9999.000,9999.000,9999.000,9999.000
202606131336,   4.168,9999.000,9999.000,9999.000,9999.000,9999.000,9999.000,9999.000,9999.000
202606131342,   4.027,9999.000,9999.000,9999.000,9999.000,9999.000,9999.000,9999.000,9999.000
202606131348,   3.882,9999.000,9999.000,9999.000,9999.000,9999.000,9999.000,9999.000,9999.000
202606131354,   3.731,9999.000,9999.000,9999.000,9999.000,9999.000,9999.000,9999.000,9999.000
202606131400,   3.577,9999.000,   0.200,   0.062,   3.839,   0.200,   3.839,   0.300,   3.939
202606131406,   3.420,9999.000,9999.000,9999.000,9999.000,9999.000,9999.000,9999.000,9999.000
202606131412,   3.259,9999.000,9999.000,9999.000,9999.000,9999.000,9999.000,9999.000,9999.000
202606131418,   3.097,9999.000,9999.000,9999.000,9999.000,9999.000,9999.000,9999.000,9999.000
202606131424,   2.932,9999.000,9999.000,9999.000,9999.000,9999.000,9999.000,9999.000,9999.000
202606131430,   2.766,9999.000,9999.000,9999.000,9999.000,9999.000,9999.000,9999.000,9999.000
202606131436,   2.599,9999.000,9999.000,9999.000,9999.000,9999.000,9999.000,9999.000,9999.000
202606131442,   2.432,9999.000,9999.000,9999.000,9999.000,9999.000,9999.000,9999.000,9999.000
202606131448,   2.265,9999.000,9999.000,9999.000,9999.000,9999.000,9999.000,9999.000,9999.000
202606131454,   2.098,9999.000,9999.000,9999.000,9999.000,9999.000,9999.000,9999.000,9999.000
202606131500,   1.933,9999.000,   0.200,   0.062,   2.195,   0.200,   2.195,   0.300,   2.295
202606131506,   1.768,9999.000,9999.000,9999.000,9999.000,9999.000,9999.000,9999.000,9999.000
202606131512,   1.606,9999.000,9999.000,9999.000,9999.000,9999.000,9999.000,9999.000,9999.000
202606131518,   1.446,9999.000,9999.000,9999.000,9999.000,9999.000,9999.000,9999.000,9999.000
202606131524,   1.288,9999.000,9999.000,9999.000,9999.000,9999.000,9999.000,9999.000,9999.000
202606131530,   1.133,9999.000,9999.000,9999.000,9999.000,9999.000,9999.000,9999.000,9999.000
202606131536,   0.982,9999.000,9999.000,9999.000,9999.000,9999.000,9999.000,9999.000,9999.000
202606131542,   0.834,9999.000,9999.000,9999.000,9999.000,9999.000,9999.000,9999.000,9999.000
202606131548,   0.690,9999.000,9999.000,9999.000,9999.000,9999.000,9999.000,9999.000,9999.000
202606131554,   0.550,9999.000,9999.000,9999.000,9999.000,9999.000,9999.000,9999.000,9999.000
202606131600,   0.415,9999.000,   0.200,   0.062,   0.677,   0.200,   0.677,   0.300,   0.777
202606131606,   0.286,9999.000,9999.000,9999.000,9999.000,9999.000,9999.000,9999.000,9999.000
202606131612,   0.161,9999.000,9999.000,9999.000,9999.000,9999.000,9999.000,9999.000,9999.000
202606131618,   0.043,9999.000,9999.000,9999.000,9999.000,9999.000,9999.000,9999.000,9999.000
202606131624,  -0.068,9999.000,9999.000,9999.000,9999.000,9999.000,9999.000,9999.000,9999.000
202606131630,  -0.173,9999.000,9999.000,9999.000,9999.000,9999.000,9999.000,9999.000,9999.000
202606131636,  -0.271,9999.000,9999.000,9999.000,9999.000,9999.000,9999.000,9999.000,9999.000
202606131642,  -0.361,9999.000,9999.000,9999.000,9999.000,9999.000,9999.000,9999.000,9999.000
202606131648,  -0.443,9999.000,9999.000,9999.000,9999.000,9999.000,9999.000,9999.000,9999.000
202606131654,  -0.516,9999.000,9999.000,9999.000,9999.000,9999.000,9999.000,9999.000,9999.000
202606131700,  -0.581,9999.000,   0.300,   0.062,  -0.219,   0.200,  -0.319,   0.300,  -0.219
202606131706,  -0.636,9999.000,9999.000,9999.000,9999.000,9999.000,9999.000,9999.000,9999.000
202606131712,  -0.682,9999.000,9999.000,9999.000,9999.000,9999.000,9999.000,9999.000,9999.000
202606131718,  -0.718,9999.000,9999.000,9999.000,9999.000,9999.000,9999.000,9999.000,9999.000
202606131724,  -0.743,9999.000,9999.000,9999.000,9999.000,9999.000,9999.000,9999.000,9999.000
202606131730,  -0.758,9999.000,9999.000,9999.000,9999.000,9999.000,9999.000,9999.000,9999.000
202606131736,  -0.761,9999.000,9999.000,9999.000,9999.000,9999.000,9999.000,9999.000,9999.000
202606131742,  -0.754,9999.000,9999.000,9999.000,9999.000,9999.000,9999.000,9999.000,9999.000
202606131748,  -0.736,9999.000,9999.000,9999.000,9999.000,9999.000,9999.000,9999.000,9999.000
202606131754,  -0.707,9999.000,9999.000,9999.000,9999.000,9999.000,9999.000,9999.000,9999.000
202606131800,  -0.667,9999.000,   0.300,   0.062,  -0.305,   0.200,  -0.405,   0.400,  -0.205
202606131806,  -0.616,9999.000,9999.000,9999.000,9999.000,9999.000,9999.000,9999.000,9999.000
202606131812,  -0.554,9999.000,9999.000,9999.000,9999.000,9999.000,9999.000,9999.000,9999.000
202606131818,  -0.482,9999.000,9999.000,9999.000,9999.000,9999.000,9999.000,9999.000,9999.000
202606131824,  -0.399,9999.000,9999.000,9999.000,9999.000,9999.000,9999.000,9999.000,9999.000
202606131830,  -0.307,9999.000,9999.000,9999.000,9999.000,9999.000,9999.000,9999.000,9999.000
202606131836,  -0.205,9999.000,9999.000,9999.000,9999.000,9999.000,9999.000,9999.000,9999.000
202606131842,  -0.093,9999.000,9999.000,9999.000,9999.000,9999.000,9999.000,9999.000,9999.000
202606131848,   0.025,9999.000,9999.000,9999.000,9999.000,9999.000,9999.000,9999.000,9999.000
202606131854,   0.154,9999.000,9999.000,9999.000,9999.000,9999.000,9999.000,9999.000,9999.000
202606131900,   0.289,9999.000,   0.300,   0.062,   0.651,   0.200,   0.551,   0.400,   0.751
202606131906,   0.432,9999.000,9999.000,9999.000,9999.000,9999.000,9999.000,9999.000,9999.000
202606131912,   0.582,9999.000,9999.000,9999.000,9999.000,9999.000,9999.000,9999.000,9999.000
202606131918,   0.737,9999.000,9999.000,9999.000,9999.000,9999.000,9999.000,9999.000,9999.000
202606131924,   0.898,9999.000,9999.000,9999.000,9999.000,9999.000,9999.000,9999.000,9999.000
202606131930,   1.064,9999.000,9999.000,9999.000,9999.000,9999.000,9999.000,9999.000,9999.000
202606131936,   1.234,9999.000,9999.000,9999.000,9999.000,9999.000,9999.000,9999.000,9999.000
202606131942,   1.408,9999.000,9999.000,9999.000,9999.000,9999.000,9999.000,9999.000,9999.000
202606131948,   1.586,9999.000,9999.000,9999.000,9999.000,9999.000,9999.000,9999.000,9999.000
202606131954,   1.766,9999.000,9999.000,9999.000,9999.000,9999.000,9999.000,9999.000,9999.000
202606132000,   1.948,9999.000,   0.300,   0.062,   2.310,   0.300,   2.310,   0.400,   2.410
202606132006,   2.133,9999.000,9999.000,9999.000,9999.000,9999.000,9999.000,9999.000,9999.000
202606132012,   2.318,9999.000,9999.000,9999.000,9999.000,9999.000,9999.000,9999.000,9999.000
202606132018,   2.505,9999.000,9999.000,9999.000,9999.000,9999.000,9999.000,9999.000,9999.000
202606132024,   2.692,9999.000,9999.000,9999.000,9999.000,9999.000,9999.000,9999.000,9999.000
202606132030,   2.879,9999.000,9999.000,9999.000,9999.000,9999.000,9999.000,9999.000,9999.000
202606132036,   3.066,9999.000,9999.000,9999.000,9999.000,9999.000,9999.000,9999.000,9999.000
202606132042,   3.253,9999.000,9999.000,9999.000,9999.000,9999.000,9999.000,9999.000,9999.000
202606132048,   3.438,9999.000,9999.000,9999.000,9999.000,9999.000,9999.000,9999.000,9999.000
202606132054,   3.622,9999.000,9999.000,9999.000,9999.000,9999.000,9999.000,9999.000,9999.000
202606132100,   3.804,9999.000,   0.400,   0.062,   4.266,   0.300,   4.166,   0.400,   4.266
202606132106,   3.985,9999.000,9999.000,9999.000,9999.000,9999.000,9999.000,9999.000,9999.000
202606132112,   4.162,9999.000,9999.000,9999.000,9999.000,9999.000,9999.000,9999.000,9999.000
202606132118,   4.338,9999.000,9999.000,9999.000,9999.000,9999.000,9999.000,9999.000,9999.000
202606132124,   4.510,9999.000,9999.000,9999.000,9999.000,9999.000,9999.000,9999.000,9999.000
202606132130,   4.679,9999.000,9999.000,9999.000,9999.000,9999.000,9999.000,9999.000,9999.000
202606132136,   4.844,9999.000,9999.000,9999.000,9999.000,9999.000,9999.000,9999.000,9999.000
202606132142,   5.005,9999.000,9999.000,9999.000,9999.000,9999.000,9999.000,9999.000,9999.000
202606132148,   5.162,9999.000,9999.000,9999.000,9999.000,9999.000,9999.000,9999.000,9999.000
202606132154,   5.315,9999.000,9999.000,9999.000,9999.000,9999.000,9999.000,9999.000,9999.000
202606132200,   5.463,9999.000,   0.400,   0.062,   5.925,   0.300,   5.825,   0.400,   5.925
202606132206,   5.606,9999.000,9999.000,9999.000,9999.000,9999.000,9999.000,9999.000,9999.000
202606132212,   5.744,9999.000,9999.000,9999.000,9999.000,9999.000,9999.000,9999.000,9999.000
202606132218,   5.877,9999.000,9999.000,9999.000,9999.000,9999.000,9999.000,9999.000,9999.000
202606132224,   6.004,9999.000,9999.000,9999.000,9999.000,9999.000,9999.000,9999.000,9999.000
202606132230,   6.126,9999.000,9999.000,9999.000,9999.000,9999.000,9999.000,9999.000,9999.000
202606132236,   6.242,9999.000,9999.000,9999.000,9999.000,9999.000,9999.000,9999.000,9999.000
202606132242,   6.352,9999.000,9999.000,9999.000,9999.000,9999.000,9999.000,9999.000,9999.000
202606132248,   6.456,9999.000,9999.000,9999.000,9999.000,9999.000,9999.000,9999.000,9999.000
202606132254,   6.553,9999.000,9999.000,9999.000,9999.000,9999.000,9999.000,9999.000,9999.000
202606132300,   6.645,9999.000,   0.400,   0.062,   7.107,   0.300,   7.007,   0.500,   7.207
202606132306,   6.730,9999.000,9999.000,9999.000,9999.000,9999.000,9999.000,9999.000,9999.000
202606132312,   6.809,9999.000,9999.000,9999.000,9999.000,9999.000,9999.000,9999.000,9999.000
202606132318,   6.881,9999.000,9999.000,9999.000,9999.000,9999.000,9999.000,9999.000,9999.000
202606132324,   6.947,9999.000,9999.000,9999.000,9999.000,9999.000,9999.000,9999.000,9999.000
202606132330,   7.006,9999.000,9999.000,9999.000,9999.000,9999.000,9999.000,9999.000,9999.000
202606132336,   7.059,9999.000,9999.000,9999.000,9999.000,9999.000,9999.000,9999.000,9999.000
202606132342,   7.104,9999.000,9999.000,9999.000,9999.000,9999.000,9999.000,9999.000,9999.000
202606132348,   7.142,9999.000,9999.000,9999.000,9999.000,9999.000,9999.000,9999.000,9999.000
202606132354,   7.174,9999.000,9999.000,9999.000,9999.000,9999.000,9999.000,9999.000,9999.000
202606140000,   7.198,9999.000,   0.400,   0.062,   7.660,   0.300,   7.560,   0.500,   7.760
202606140006,   7.214,9999.000,9999.000,9999.000,9999.000,9999.000,9999.000,9999.000,9999.000
202606140012,   7.223,9999.000,9999.000,9999.000,9999.000,9999.000,9999.000,9999.000,9999.000
202606140018,   7.225,9999.000,9999.000,9999.000,9999.000,9999.000,9999.000,9999.000,9999.000
202606140024,   7.218,9999.000,9999.000,9999.000,9999.000,9999.000,9999.000,9999.000,9999.000
202606140030,   7.203,9999.000,9999.000,9999.000,9999.000,9999.000,9999.000,9999.000,9999.000
202606140036,   7.180,9999.000,9999.000,9999.000,9999.000,9999.000,9999.000,9999.000,9999.000
202606140042,   7.149,9999.000,9999.000,9999.000,9999.000,9999.000,9999.000,9999.000,9999.000
202606140048,   7.110,9999.000,9999.000,9999.000,9999.000,9999.000,9999.000,9999.000,9999.000
202606140054,   7.062,9999.000,9999.000,9999.000,9999.000,9999.000,9999.000,9999.000,9999.000
202606140100,   7.005,9999.000,   0.400,   0.062,   7.467,   0.300,   7.367,   0.500,   7.567
202606140106,   6.940,9999.000,9999.000,9999.000,9999.000,9999.000,9999.000,9999.000,9999.000
202606140112,   6.866,9999.000,9999.000,9999.000,9999.000,9999.000,9999.000,9999.000,9999.000
202606140118,   6.784,9999.000,9999.000,9999.000,9999.000,9999.000,9999.000,9999.000,9999.000
202606140124,   6.693,9999.000,9999.000,9999.000,9999.000,9999.000,9999.000,9999.000,9999.000
202606140130,   6.594,9999.000,9999.000,9999.000,9999.000,9999.000,9999.000,9999.000,9999.000
202606140136,   6.487,9999.000,9999.000,9999.000,9999.000,9999.000,9999.000,9999.000,9999.000
202606140142,   6.373,9999.000,9999.000,9999.000,9999.000,9999.000,9999.000,9999.000,9999.000
202606140148,   6.250,9999.000,9999.000,9999.000,9999.000,9999.000,9999.000,9999.000,9999.000
202606140154,   6.120,9999.000,9999.000,9999.000,9999.000,9999.000,9999.000,9999.000,9999.000
202606140200,   5.984,9999.000,   0.400,   0.062,   6.446,   0.300,   6.346,   0.500,   6.546
202606140206,   5.841,9999.000,9999.000,9999.000,9999.000,9999.000,9999.000,9999.000,9999.000
202606140212,   5.691,9999.000,9999.000,9999.000,9999.000,9999.000,9999.000,9999.000,9999.000
202606140218,   5.536,9999.000,9999.000,9999.000,9999.000,9999.000,9999.000,9999.000,9999.000
202606140224,   5.376,9999.000,9999.000,9999.000,9999.000,9999.000,9999.000,9999.000,9999.000
202606140230,   5.211,9999.000,9999.000,9999.000,9999.000,9999.000,9999.000,9999.000,9999.000
202606140236,   5.041,9999.000,9999.000,9999.000,9999.000,9999.000,9999.000,9999.000,9999.000
202606140242,   4.868,9999.000,9999.000,9999.000,9999.000,9999.000,9999.000,9999.000,9999.000
202606140248,   4.691,9999.000,9999.000,9999.000,9999.000,9999.000,9999.000,9999.000,9999.000
202606140254,   4.512,9999.000,9999.000,9999.000,9999.000,9999.000,9999.000,9999.000,9999.000
202606140300,   4.330,9999.000,   0.400,   0.062,   4.792,   0.300,   4.692,   0.400,   4.792
202606140306,   4.146,9999.000,9999.000,9999.000,9999.000,9999.000,9999.000,9999.000,9999.000
202606140312,   3.961,9999.000,9999.000,9999.000,9999.000,9999.000,9999.000,9999.000,9999.000
202606140318,   3.774,9999.000,9999.000,9999.000,9999.000,9999.000,9999.000,9999.000,9999.000
202606140324,   3.587,9999.000,9999.000,9999.000,9999.000,9999.000,9999.000,9999.000,9999.000
202606140330,   3.400,9999.000,9999.000,9999.000,9999.000,9999.000,9999.000,9999.000,9999.000
202606140336,   3.212,9999.000,9999.000,9999.000,9999.000,9999.000,9999.000,9999.000,9999.000
202606140342,   3.025,9999.000,9999.000,9999.000,9999.000,9999.000,9999.000,9999.000,9999.000
202606140348,   2.839,9999.000,9999.000,9999.000,9999.000,9999.000,9999.000,9999.000,9999.000
202606140354,   2.654,9999.000,9999.000,9999.000,9999.000,9999.000,9999.000,9999.000,9999.000
202606140400,   2.471,9999.000,   0.400,   0.062,   2.933,   0.300,   2.833,   0.400,   2.933
202606140406,   2.290,9999.000,9999.000,9999.000,9999.000,9999.000,9999.000,9999.000,9999.000
202606140412,   2.111,9999.000,9999.000,9999.000,9999.000,9999.000,9999.000,9999.000,9999.000
202606140418,   1.934,9999.000,9999.000,9999.000,9999.000,9999.000,9999.000,9999.000,9999.000
202606140424,   1.761,9999.000,9999.000,9999.000,9999.000,9999.000,9999.000,9999.000,9999.000
202606140430,   1.591,9999.000,9999.000,9999.000,9999.000,9999.000,9999.000,9999.000,9999.000
202606140436,   1.426,9999.000,9999.000,9999.000,9999.000,9999.000,9999.000,9999.000,9999.000
202606140442,   1.265,9999.000,9999.000,9999.000,9999.000,9999.000,9999.000,9999.000,9999.000
202606140448,   1.108,9999.000,9999.000,9999.000,9999.000,9999.000,9999.000,9999.000,9999.000
202606140454,   0.957,9999.000,9999.000,9999.000,9999.000,9999.000,9999.000,9999.000,9999.000
202606140500,   0.812,9999.000,   0.300,   0.062,   1.174,   0.200,   1.074,   0.400,   1.274
202606140506,   0.673,9999.000,9999.000,9999.000,9999.000,9999.000,9999.000,9999.000,9999.000
202606140512,   0.542,9999.000,9999.000,9999.000,9999.000,9999.000,9999.000,9999.000,9999.000
202606140518,   0.417,9999.000,9999.000,9999.000,9999.000,9999.000,9999.000,9999.000,9999.000
202606140524,   0.301,9999.000,9999.000,9999.000,9999.000,9999.000,9999.000,9999.000,9999.000
202606140530,   0.192,9999.000,9999.000,9999.000,9999.000,9999.000,9999.000,9999.000,9999.000
202606140536,   0.093,9999.000,9999.000,9999.000,9999.000,9999.000,9999.000,9999.000,9999.000
202606140542,   0.003,9999.000,9999.000,9999.000,9999.000,9999.000,9999.000,9999.000,9999.000
202606140548,  -0.077,9999.000,9999.000,9999.000,9999.000,9999.000,9999.000,9999.000,9999.000
202606140554,  -0.148,9999.000,9999.000,9999.000,9999.000,9999.000,9999.000,9999.000,9999.000
202606140600,  -0.208,9999.000,   0.300,   0.062,   0.154,   0.200,   0.054,   0.400,   0.254
202606140606,  -0.258,9999.000,9999.000,9999.000,9999.000,9999.000,9999.000,9999.000,9999.000
202606140612,  -0.298,9999.000,9999.000,9999.000,9999.000,9999.000,9999.000,9999.000,9999.000
202606140618,  -0.326,9999.000,9999.000,9999.000,9999.000,9999.000,9999.000,9999.000,9999.000
202606140624,  -0.344,9999.000,9999.000,9999.000,9999.000,9999.000,9999.000,9999.000,9999.000
202606140630,  -0.351,9999.000,9999.000,9999.000,9999.000,9999.000,9999.000,9999.000,9999.000
202606140636,  -0.347,9999.000,9999.000,9999.000,9999.000,9999.000,9999.000,9999.000,9999.000
202606140642,  -0.332,9999.000,9999.000,9999.000,9999.000,9999.000,9999.000,9999.000,9999.000
202606140648,  -0.307,9999.000,9999.000,9999.000,9999.000,9999.000,9999.000,9999.000,9999.000
202606140654,  -0.272,9999.000,9999.000,9999.000,9999.000,9999.000,9999.000,9999.000,9999.000
202606140700,  -0.227,9999.000,   0.200,   0.062,   0.035,   0.100,  -0.065,   0.300,   0.135
202606140706,  -0.172,9999.000,9999.000,9999.000,9999.000,9999.000,9999.000,9999.000,9999.000
202606140712,  -0.108,9999.000,9999.000,9999.000,9999.000,9999.000,9999.000,9999.000,9999.000
202606140718,  -0.035,9999.000,9999.000,9999.000,9999.000,9999.000,9999.000,9999.000,9999.000
202606140724,   0.045,9999.000,9999.000,9999.000,9999.000,9999.000,9999.000,9999.000,9999.000
202606140730,   0.133,9999.000,9999.000,9999.000,9999.000,9999.000,9999.000,9999.000,9999.000
202606140736,   0.229,9999.000,9999.000,9999.000,9999.000,9999.000,9999.000,9999.000,9999.000
202606140742,   0.332,9999.000,9999.000,9999.000,9999.000,9999.000,9999.000,9999.000,9999.000
202606140748,   0.442,9999.000,9999.000,9999.000,9999.000,9999.000,9999.000,9999.000,9999.000
202606140754,   0.557,9999.000,9999.000,9999.000,9999.000,9999.000,9999.000,9999.000,9999.000
202606140800,   0.677,9999.000,   0.200,   0.062,   0.939,   0.100,   0.839,   0.300,   1.039
202606140806,   0.802,9999.000,9999.000,9999.000,9999.000,9999.000,9999.000,9999.000,9999.000
202606140812,   0.932,9999.000,9999.000,9999.000,9999.000,9999.000,9999.000,9999.000,9999.000
202606140818,   1.065,9999.000,9999.000,9999.000,9999.000,9999.000,9999.000,9999.000,9999.000
202606140824,   1.202,9999.000,9999.000,9999.000,9999.000,9999.000,9999.000,9999.000,9999.000
202606140830,   1.342,9999.000,9999.000,9999.000,9999.000,9999.000,9999.000,9999.000,9999.000
202606140836,   1.485,9999.000,9999.000,9999.000,9999.000,9999.000,9999.000,9999.000,9999.000
202606140842,   1.629,9999.000,9999.000,9999.000,9999.000,9999.000,9999.000,9999.000,9999.000
202606140848,   1.776,9999.000,9999.000,9999.000,9999.000,9999.000,9999.000,9999.000,9999.000
202606140854,   1.923,9999.000,9999.000,9999.000,9999.000,9999.000,9999.000,9999.000,9999.000
202606140900,   2.072,9999.000,   0.200,   0.062,   2.334,   0.100,   2.234,   0.300,   2.434
202606140906,   2.222,9999.000,9999.000,9999.000,9999.000,9999.000,9999.000,9999.000,9999.000
202606140912,   2.372,9999.000,9999.000,9999.000,9999.000,9999.000,9999.000,9999.000,9999.000
202606140918,   2.521,9999.000,9999.000,9999.000,9999.000,9999.000,9999.000,9999.000,9999.000
202606140924,   2.671,9999.000,9999.000,9999.000,9999.000,9999.000,9999.000,9999.000,9999.000
202606140930,   2.820,9999.000,9999.000,9999.000,9999.000,9999.000,9999.000,9999.000,9999.000
202606140936,   2.967,9999.000,9999.000,9999.000,9999.000,9999.000,9999.000,9999.000,9999.000
202606140942,   3.114,9999.000,9999.000,9999.000,9999.000,9999.000,9999.000,9999.000,9999.000
202606140948,   3.258,9999.000,9999.000,9999.000,9999.000,9999.000,9999.000,9999.000,9999.000
202606140954,   3.401,9999.000,9999.000,9999.000,9999.000,9999.000,9999.000,9999.000,9999.000
202606141000,   3.542,9999.000,   0.200,   0.062,   3.804,   0.100,   3.704,   0.300,   3.904
202606141006,   3.680,9999.000,9999.000,9999.000,9999.000,9999.000,9999.000,9999.000,9999.000
202606141012,   3.815,9999.000,9999.000,9999.000,9999.000,9999.000,9999.000,9999.000,9999.000
202606141018,   3.947,9999.000,9999.000,9999.000,9999.000,9999.000,9999.000,9999.000,9999.000
202606141024,   4.075,9999.000,9999.000,9999.000,9999.000,9999.000,9999.000,9999.000,9999.000
202606141030,   4.200,9999.000,9999.000,9999.000,9999.000,9999.000,9999.000,9999.000,9999.000
202606141036,   4.321,9999.000,9999.000,9999.000,9999.000,9999.000,9999.000,9999.000,9999.000
202606141042,   4.437,9999.000,9999.000,9999.000,9999.000,9999.000,9999.000,9999.000,9999.000
202606141048,   4.550,9999.000,9999.000,9999.000,9999.000,9999.000,9999.000,9999.000,9999.000
202606141054,   4.658,9999.000,9999.000,9999.000,9999.000,9999.000,9999.000,9999.000,9999.000
202606141100,   4.761,9999.000,   0.300,   0.062,   5.123,   0.100,   4.923,   0.400,   5.223
202606141106,   4.859,9999.000,9999.000,9999.000,9999.000,9999.000,9999.000,9999.000,9999.000
202606141112,   4.952,9999.000,9999.000,9999.000,9999.000,9999.000,9999.000,9999.000,9999.000
202606141118,   5.040,9999.000,9999.000,9999.000,9999.000,9999.000,9999.000,9999.000,9999.000
202606141124,   5.123,9999.000,9999.000,9999.000,9999.000,9999.000,9999.000,9999.000,9999.000
202606141130,   5.200,9999.000,9999.000,9999.000,9999.000,9999.000,9999.000,9999.000,9999.000
202606141136,   5.272,9999.000,9999.000,9999.000,9999.000,9999.000,9999.000,9999.000,9999.000
202606141142,   5.337,9999.000,9999.000,9999.000,9999.000,9999.000,9999.000,9999.000,9999.000
202606141148,   5.397,9999.000,9999.000,9999.000,9999.000,9999.000,9999.000,9999.000,9999.000
202606141154,   5.451,9999.000,9999.000,9999.000,9999.000,9999.000,9999.000,9999.000,9999.000
202606141200,   5.499,9999.000,   0.300,   0.062,   5.861,   0.100,   5.661,   0.400,   5.961
202606141206,   5.541,9999.000,9999.000,9999.000,9999.000,9999.000,9999.000,9999.000,9999.000
202606141212,   5.576,9999.000,9999.000,9999.000,9999.000,9999.000,9999.000,9999.000,9999.000
202606141218,   5.604,9999.000,9999.000,9999.000,9999.000,9999.000,9999.000,9999.000,9999.000
202606141224,   5.626,9999.000,9999.000,9999.000,9999.000,9999.000,9999.000,9999.000,9999.000
202606141230,   5.641,9999.000,9999.000,9999.000,9999.000,9999.000,9999.000,9999.000,9999.000
202606141236,   5.649,9999.000,9999.000,9999.000,9999.000,9999.000,9999.000,9999.000,9999.000
202606141242,   5.649,9999.000,9999.000,9999.000,9999.000,9999.000,9999.000,9999.000,9999.000
202606141248,   5.643,9999.000,9999.000,9999.000,9999.000,9999.000,9999.000,9999.000,9999.000
202606141254,   5.628,9999.000,9999.000,9999.000,9999.000,9999.000,9999.000,9999.000,9999.000
202606141300,   5.606,9999.000,   0.200,   0.062,   5.868,   0.100,   5.768,   0.400,   6.068
202606141306,   5.576,9999.000,9999.000,9999.000,9999.000,9999.000,9999.000,9999.000,9999.000
202606141312,   5.538,9999.000,9999.000,9999.000,9999.000,9999.000,9999.000,9999.000,9999.000
202606141318,   5.491,9999.000,9999.000,9999.000,9999.000,9999.000,9999.000,9999.000,9999.000
202606141324,   5.437,9999.000,9999.000,9999.000,9999.000,9999.000,9999.000,9999.000,9999.000
202606141330,   5.374,9999.000,9999.000,9999.000,9999.000,9999.000,9999.000,9999.000,9999.000
202606141336,   5.304,9999.000,9999.000,9999.000,9999.000,9999.000,9999.000,9999.000,9999.000
202606141342,   5.225,9999.000,9999.000,9999.000,9999.000,9999.000,9999.000,9999.000,9999.000
202606141348,   5.138,9999.000,9999.000,9999.000,9999.000,9999.000,9999.000,9999.000,9999.000
202606141354,   5.043,9999.000,9999.000,9999.000,9999.000,9999.000,9999.000,9999.000,9999.000
202606141400,   4.940,9999.000,   0.300,   0.062,   5.302,   0.100,   5.102,   0.400,   5.402
202606141406,   4.830,9999.000,9999.000,9999.000,9999.000,9999.000,9999.000,9999.000,9999.000
202606141412,   4.712,9999.000,9999.000,9999.000,9999.000,9999.000,9999.000,9999.000,9999.000
202606141418,   4.588,9999.000,9999.000,9999.000,9999.000,9999.000,9999.000,9999.000,9999.000
202606141424,   4.457,9999.000,9999.000,9999.000,9999.000,9999.000,9999.000,9999.000,9999.000
202606141430,   4.320,9999.000,9999.000,9999.000,9999.000,9999.000,9999.000,9999.000,9999.000
202606141436,   4.177,9999.000,9999.000,9999.000,9999.000,9999.000,9999.000,9999.000,9999.000
202606141442,   4.029,9999.000,9999.000,9999.000,9999.000,9999.000,9999.000,9999.000,9999.000
202606141448,   3.876,9999.000,9999.000,9999.000,9999.000,9999.000,9999.000,9999.000,9999.000
202606141454,   3.719,9999.000,9999.000,9999.000,9999.000,9999.000,9999.000,9999.000,9999.000
202606141500,   3.558,9999.000,   0.200,   0.062,   3.820,   0.100,   3.720,   0.300,   3.920
202606141506,   3.393,9999.000,9999.000,9999.000,9999.000,9999.000,9999.000,9999.000,9999.000
202606141512,   3.226,9999.000,9999.000,9999.000,9999.000,9999.000,9999.000,9999.000,9999.000
202606141518,   3.056,9999.000,9999.000,9999.000,9999.000,9999.000,9999.000,9999.000,9999.000
202606141524,   2.885,9999.000,9999.000,9999.000,9999.000,9999.000,9999.000,9999.000,9999.000
202606141530,   2.712,9999.000,9999.000,9999.000,9999.000,9999.000,9999.000,9999.000,9999.000
202606141536,   2.538,9999.000,9999.000,9999.000,9999.000,9999.000,9999.000,9999.000,9999.000
202606141542,   2.364,9999.000,9999.000,9999.000,9999.000,9999.000,9999.000,9999.000,9999.000
202606141548,   2.189,9999.000,9999.000,9999.000,9999.000,9999.000,9999.000,9999.000,9999.000
202606141554,   2.016,9999.000,9999.000,9999.000,9999.000,9999.000,9999.000,9999.000,9999.000
202606141600,   1.843,9999.000,   0.200,   0.062,   2.105,   0.100,   2.005,   0.300,   2.205
202606141606,   1.671,9999.000,9999.000,9999.000,9999.000,9999.000,9999.000,9999.000,9999.000
202606141612,   1.501,9999.000,9999.000,9999.000,9999.000,9999.000,9999.000,9999.000,9999.000
202606141618,   1.334,9999.000,9999.000,9999.000,9999.000,9999.000,9999.000,9999.000,9999.000
202606141624,   1.169,9999.000,9999.000,9999.000,9999.000,9999.000,9999.000,9999.000,9999.000
202606141630,   1.006,9999.000,9999.000,9999.000,9999.000,9999.000,9999.000,9999.000,9999.000
202606141636,   0.847,9999.000,9999.000,9999.000,9999.000,9999.000,9999.000,9999.000,9999.000
202606141642,   0.692,9999.000,9999.000,9999.000,9999.000,9999.000,9999.000,9999.000,9999.000
202606141648,   0.541,9999.000,9999.000,9999.000,9999.000,9999.000,9999.000,9999.000,9999.000
202606141654,   0.395,9999.000,9999.000,9999.000,9999.000,9999.000,9999.000,9999.000,9999.000
202606141700,   0.254,9999.000,   0.200,   0.062,   0.516,   0.100,   0.416,   0.300,   0.616
202606141706,   0.118,9999.000,9999.000,9999.000,9999.000,9999.000,9999.000,9999.000,9999.000
202606141712,  -0.011,9999.000,9999.000,9999.000,9999.000,9999.000,9999.000,9999.000,9999.000
202606141718,  -0.134,9999.000,9999.000,9999.000,9999.000,9999.000,9999.000,9999.000,9999.000
202606141724,  -0.250,9999.000,9999.000,9999.000,9999.000,9999.000,9999.000,9999.000,9999.000
202606141730,  -0.358,9999.000,9999.000,9999.000,9999.000,9999.000,9999.000,9999.000,9999.000
202606141736,  -0.458,9999.000,9999.000,9999.000,9999.000,9999.000,9999.000,9999.000,9999.000
202606141742,  -0.550,9999.000,9999.000,9999.000,9999.000,9999.000,9999.000,9999.000,9999.000
202606141748,  -0.633,9999.000,9999.000,9999.000,9999.000,9999.000,9999.000,9999.000,9999.000
202606141754,  -0.706,9999.000,9999.000,9999.000,9999.000,9999.000,9999.000,9999.000,9999.000
202606141800,  -0.769,9999.000,   0.200,   0.062,  -0.507,   0.200,  -0.507,   0.300,  -0.407
202606141806,  -0.822,9999.000,9999.000,9999.000,9999.000,9999.000,9999.000,9999.000,9999.000
202606141812,  -0.865,9999.000,9999.000,9999.000,9999.000,9999.000,9999.000,9999.000,9999.000
202606141818,  -0.896,9999.000,9999.000,9999.000,9999.000,9999.000,9999.000,9999.000,9999.000
202606141824,  -0.915,9999.000,9999.000,9999.000,9999.000,9999.000,9999.000,9999.000,9999.000
202606141830,  -0.924,9999.000,9999.000,9999.000,9999.000,9999.000,9999.000,9999.000,9999.000
202606141836,  -0.920,9999.000,9999.000,9999.000,9999.000,9999.000,9999.000,9999.000,9999.000
202606141842,  -0.905,9999.000,9999.000,9999.000,9999.000,9999.000,9999.000,9999.000,9999.000
202606141848,  -0.878,9999.000,9999.000,9999.000,9999.000,9999.000,9999.000,9999.000,9999.000
202606141854,  -0.840,9999.000,9999.000,9999.000,9999.000,9999.000,9999.000,9999.000,9999.000
202606141900,  -0.790,9999.000,   0.300,   0.062,  -0.428,   0.200,  -0.528,   0.400,  -0.328
202606141906,  -0.728,9999.000,9999.000,9999.000,9999.000,9999.000,9999.000,9999.000,9999.000
202606141912,  -0.656,9999.000,9999.000,9999.000,9999.000,9999.000,9999.000,9999.000,9999.000
202606141918,  -0.572,9999.000,9999.000,9999.000,9999.000,9999.000,9999.000,9999.000,9999.000
202606141924,  -0.478,9999.000,9999.000,9999.000,9999.000,9999.000,9999.000,9999.000,9999.000
202606141930,  -0.374,9999.000,9999.000,9999.000,9999.000,9999.000,9999.000,9999.000,9999.000
202606141936,  -0.261,9999.000,9999.000,9999.000,9999.000,9999.000,9999.000,9999.000,9999.000
202606141942,  -0.138,9999.000,9999.000,9999.000,9999.000,9999.000,9999.000,9999.000,9999.000
202606141948,  -0.007,9999.000,9999.000,9999.000,9999.000,9999.000,9999.000,9999.000,9999.000
202606141954,   0.131,9999.000,9999.000,9999.000,9999.000,9999.000,9999.000,9999.000,9999.000
202606142000,   0.277,9999.000,   0.300,   0.062,   0.639,   0.200,   0.539,   0.400,   0.739
202606142006,   0.431,9999.000,9999.000,9999.000,9999.000,9999.000,9999.000,9999.000,9999.000
202606142012,   0.590,9999.000,9999.000,9999.000,9999.000,9999.000,9999.000,9999.000,9999.000
202606142018,   0.755,9999.000,9999.000,9999.000,9999.000,9999.000,9999.000,9999.000,9999.000
202606142024,   0.926,9999.000,9999.000,9999.000,9999.000,9999.000,9999.000,9999.000,9999.000
202606142030,   1.100,9999.000,9999.000,9999.000,9999.000,9999.000,9999.000,9999.000,9999.000
202606142036,   1.279,9999.000,9999.000,9999.000,9999.000,9999.000,9999.000,9999.000,9999.000
202606142042,   1.461,9999.000,9999.000,9999.000,9999.000,9999.000,9999.000,9999.000,9999.000
202606142048,   1.647,9999.000,9999.000,9999.000,9999.000,9999.000,9999.000,9999.000,9999.000
202606142054,   1.834,9999.000,9999.000,9999.000,9999.000,9999.000,9999.000,9999.000,9999.000
202606142100,   2.024,9999.000,   0.300,   0.062,   2.386,   0.200,   2.286,   0.400,   2.486
202606142106,   2.215,9999.000,9999.000,9999.000,9999.000,9999.000,9999.000,9999.000,9999.000
202606142112,   2.407,9999.000,9999.000,9999.000,9999.000,9999.000,9999.000,9999.000,9999.000
202606142118,   2.600,9999.000,9999.000,9999.000,9999.000,9999.000,9999.000,9999.000,9999.000
202606142124,   2.793,9999.000,9999.000,9999.000,9999.000,9999.000,9999.000,9999.000,9999.000
202606142130,   2.986,9999.000,9999.000,9999.000,9999.000,9999.000,9999.000,9999.000,9999.000
202606142136,   3.178,9999.000,9999.000,9999.000,9999.000,9999.000,9999.000,9999.000,9999.000
202606142142,   3.370,9999.000,9999.000,9999.000,9999.000,9999.000,9999.000,9999.000,9999.000
202606142148,   3.560,9999.000,9999.000,9999.000,9999.000,9999.000,9999.000,9999.000,9999.000
202606142154,   3.749,9999.000,9999.000,9999.000,9999.000,9999.000,9999.000,9999.000,9999.000
202606142200,   3.935,9999.000,   0.400,   0.062,   4.397,   0.300,   4.297,   0.500,   4.497
202606142206,   4.120,9999.000,9999.000,9999.000,9999.000,9999.000,9999.000,9999.000,9999.000
202606142212,   4.302,9999.000,9999.000,9999.000,9999.000,9999.000,9999.000,9999.000,9999.000
202606142218,   4.480,9999.000,9999.000,9999.000,9999.000,9999.000,9999.000,9999.000,9999.000
202606142224,   4.656,9999.000,9999.000,9999.000,9999.000,9999.000,9999.000,9999.000,9999.000
202606142230,   4.828,9999.000,9999.000,9999.000,9999.000,9999.000,9999.000,9999.000,9999.000
202606142236,   4.997,9999.000,9999.000,9999.000,9999.000,9999.000,9999.000,9999.000,9999.000
202606142242,   5.161,9999.000,9999.000,9999.000,9999.000,9999.000,9999.000,9999.000,9999.000
202606142248,   5.321,9999.000,9999.000,9999.000,9999.000,9999.000,9999.000,9999.000,9999.000
202606142254,   5.476,9999.000,9999.000,9999.000,9999.000,9999.000,9999.000,9999.000,9999.000
202606142300,   5.626,9999.000,   0.400,   0.062,   6.088,   0.200,   5.888,   0.500,   6.188
202606142306,   5.772,9999.000,9999.000,9999.000,9999.000,9999.000,9999.000,9999.000,9999.000
202606142312,   5.912,9999.000,9999.000,9999.000,9999.000,9999.000,9999.000,9999.000,9999.000
202606142318,   6.047,9999.000,9999.000,9999.000,9999.000,9999.000,9999.000,9999.000,9999.000
202606142324,   6.176,9999.000,9999.000,9999.000,9999.000,9999.000,9999.000,9999.000,9999.000
202606142330,   6.299,9999.000,9999.000,9999.000,9999.000,9999.000,9999.000,9999.000,9999.000
202606142336,   6.416,9999.000,9999.000,9999.000,9999.000,9999.000,9999.000,9999.000,9999.000
202606142342,   6.528,9999.000,9999.000,9999.000,9999.000,9999.000,9999.000,9999.000,9999.000
202606142348,   6.633,9999.000,9999.000,9999.000,9999.000,9999.000,9999.000,9999.000,9999.000
202606142354,   6.732,9999.000,9999.000,9999.000,9999.000,9999.000,9999.000,9999.000,9999.000
202606150000,   6.824,9999.000,   0.400,   0.062,   7.286,   0.300,   7.186,   0.400,   7.286
202606150006,   6.911,9999.000,9999.000,9999.000,9999.000,9999.000,9999.000,9999.000,9999.000
202606150012,   6.990,9999.000,9999.000,9999.000,9999.000,9999.000,9999.000,9999.000,9999.000
202606150018,   7.063,9999.000,9999.000,9999.000,9999.000,9999.000,9999.000,9999.000,9999.000
202606150024,   7.129,9999.000,9999.000,9999.000,9999.000,9999.000,9999.000,9999.000,9999.000
202606150030,   7.188,9999.000,9999.000,9999.000,9999.000,9999.000,9999.000,9999.000,9999.000
202606150036,   7.240,9999.000,9999.000,9999.000,9999.000,9999.000,9999.000,9999.000,9999.000
202606150042,   7.284,9999.000,9999.000,9999.000,9999.000,9999.000,9999.000,9999.000,9999.000
202606150048,   7.322,9999.000,9999.000,9999.000,9999.000,9999.000,9999.000,9999.000,9999.000
202606150054,   7.352,9999.000,9999.000,9999.000,9999.000,9999.000,9999.000,9999.000,9999.000
202606150100,   7.374,9999.000,   0.300,   0.062,   7.736,   0.200,   7.636,   0.400,   7.836
202606150106,   7.388,9999.000,9999.000,9999.000,9999.000,9999.000,9999.000,9999.000,9999.000
202606150112,   7.394,9999.000,9999.000,9999.000,9999.000,9999.000,9999.000,9999.000,9999.000
202606150118,   7.392,9999.000,9999.000,9999.000,9999.000,9999.000,9999.000,9999.000,9999.000
202606150124,   7.382,9999.000,9999.000,9999.000,9999.000,9999.000,9999.000,9999.000,9999.000
202606150130,   7.363,9999.000,9999.000,9999.000,9999.000,9999.000,9999.000,9999.000,9999.000
202606150136,   7.335,9999.000,9999.000,9999.000,9999.000,9999.000,9999.000,9999.000,9999.000
202606150142,   7.299,9999.000,9999.000,9999.000,9999.000,9999.000,9999.000,9999.000,9999.000
202606150148,   7.253,9999.000,9999.000,9999.000,9999.000,9999.000,9999.000,9999.000,9999.000
202606150154,   7.199,9999.000,9999.000,9999.000,9999.000,9999.000,9999.000,9999.000,9999.000
202606150200,   7.136,9999.000,   0.300,   0.062,   7.498,   0.200,   7.398,   0.400,   7.598
202606150206,   7.064,9999.000,9999.000,9999.000,9999.000,9999.000,9999.000,9999.000,9999.000
202606150212,   6.983,9999.000,9999.000,9999.000,9999.000,9999.000,9999.000,9999.000,9999.000
202606150218,   6.893,9999.000,9999.000,9999.000,9999.000,9999.000,9999.000,9999.000,9999.000
202606150224,   6.794,9999.000,9999.000,9999.000,9999.000,9999.000,9999.000,9999.000,9999.000
202606150230,   6.687,9999.000,9999.000,9999.000,9999.000,9999.000,9999.000,9999.000,9999.000
202606150236,   6.572,9999.000,9999.000,9999.000,9999.000,9999.000,9999.000,9999.000,9999.000
202606150242,   6.448,9999.000,9999.000,9999.000,9999.000,9999.000,9999.000,9999.000,9999.000
202606150248,   6.317,9999.000,9999.000,9999.000,9999.000,9999.000,9999.000,9999.000,9999.000
202606150254,   6.178,9999.000,9999.000,9999.000,9999.000,9999.000,9999.000,9999.000,9999.000
202606150300,   6.033,9999.000,   0.300,   0.062,   6.395,   0.200,   6.295,   0.400,   6.495
202606150306,   5.880,9999.000,9999.000,9999.000,9999.000,9999.000,9999.000,9999.000,9999.000
202606150312,   5.722,9999.000,9999.000,9999.000,9999.000,9999.000,9999.000,9999.000,9999.000
202606150318,   5.558,9999.000,9999.000,9999.000,9999.000,9999.000,9999.000,9999.000,9999.000
202606150324,   5.388,9999.000,9999.000,9999.000,9999.000,9999.000,9999.000,9999.000,9999.000
202606150330,   5.214,9999.000,9999.000,9999.000,9999.000,9999.000,9999.000,9999.000,9999.000
202606150336,   5.035,9999.000,9999.000,9999.000,9999.000,9999.000,9999.000,9999.000,9999.000
202606150342,   4.852,9999.000,9999.000,9999.000,9999.000,9999.000,9999.000,9999.000,9999.000
202606150348,   4.666,9999.000,9999.000,9999.000,9999.000,9999.000,9999.000,9999.000,9999.000
202606150354,   4.476,9999.000,9999.000,9999.000,9999.000,9999.000,9999.000,9999.000,9999.000
202606150400,   4.285,9999.000,   0.300,   0.062,   4.647,   0.100,   4.447,   0.400,   4.747
202606150406,   4.091,9999.000,9999.000,9999.000,9999.000,9999.000,9999.000,9999.000,9999.000
202606150412,   3.895,9999.000,9999.000,9999.000,9999.000,9999.000,9999.000,9999.000,9999.000
202606150418,   3.698,9999.000,9999.000,9999.000,9999.000,9999.000,9999.000,9999.000,9999.000
202606150424,   3.500,9999.000,9999.000,9999.000,9999.000,9999.000,9999.000,9999.000,9999.000
202606150430,   3.302,9999.000,9999.000,9999.000,9999.000,9999.000,9999.000,9999.000,9999.000
202606150436,   3.104,9999.000,9999.000,9999.000,9999.000,9999.000,9999.000,9999.000,9999.000
202606150442,   2.906,9999.000,9999.000,9999.000,9999.000,9999.000,9999.000,9999.000,9999.000
202606150448,   2.709,9999.000,9999.000,9999.000,9999.000,9999.000,9999.000,9999.000,9999.000
202606150454,   2.514,9999.000,9999.000,9999.000,9999.000,9999.000,9999.000,9999.000,9999.000
202606150500,   2.320,9999.000,   0.200,   0.062,   2.582,   0.100,   2.482,   0.300,   2.682
202606150506,   2.128,9999.000,9999.000,9999.000,9999.000,9999.000,9999.000,9999.000,9999.000
202606150512,   1.939,9999.000,9999.000,9999.000,9999.000,9999.000,9999.000,9999.000,9999.000
202606150518,   1.753,9999.000,9999.000,9999.000,9999.000,9999.000,9999.000,9999.000,9999.000
202606150524,   1.570,9999.000,9999.000,9999.000,9999.000,9999.000,9999.000,9999.000,9999.000
202606150530,   1.392,9999.000,9999.000,9999.000,9999.000,9999.000,9999.000,9999.000,9999.000
202606150536,   1.218,9999.000,9999.000,9999.000,9999.000,9999.000,9999.000,9999.000,9999.000
202606150542,   1.050,9999.000,9999.000,9999.000,9999.000,9999.000,9999.000,9999.000,9999.000
202606150548,   0.887,9999.000,9999.000,9999.000,9999.000,9999.000,9999.000,9999.000,9999.000
202606150554,   0.730,9999.000,9999.000,9999.000,9999.000,9999.000,9999.000,9999.000,9999.000
202606150600,   0.581,9999.000,   0.200,   0.062,   0.843,   0.100,   0.743,   0.300,   0.943
202606150606,   0.438,9999.000,9999.000,9999.000,9999.000,9999.000,9999.000,9999.000,9999.000
202606150612,   0.304,9999.000,9999.000,9999.000,9999.000,9999.000,9999.000,9999.000,9999.000
202606150618,   0.179,9999.000,9999.000,9999.000,9999.000,9999.000,9999.000,9999.000,9999.000
202606150624,   0.062,9999.000,9999.000,9999.000,9999.000,9999.000,9999.000,9999.000,9999.000
202606150630,  -0.044,9999.000,9999.000,9999.000,9999.000,9999.000,9999.000,9999.000,9999.000
202606150636,  -0.142,9999.000,9999.000,9999.000,9999.000,9999.000,9999.000,9999.000,9999.000
202606150642,  -0.228,9999.000,9999.000,9999.000,9999.000,9999.000,9999.000,9999.000,9999.000
202606150648,  -0.305,9999.000,9999.000,9999.000,9999.000,9999.000,9999.000,9999.000,9999.000
202606150654,  -0.370,9999.000,9999.000,9999.000,9999.000,9999.000,9999.000,9999.000,9999.000
202606150700,  -0.424,9999.000,   0.100,   0.062,  -0.262,   0.000,  -0.362,   0.200,  -0.162
202606150706,  -0.467,9999.000,9999.000,9999.000,9999.000,9999.000,9999.000,9999.000,9999.000
202606150712,  -0.498,9999.000,9999.000,9999.000,9999.000,9999.000,9999.000,9999.000,9999.000
202606150718,  -0.518,9999.000,9999.000,9999.000,9999.000,9999.000,9999.000,9999.000,9999.000
202606150724,  -0.526,9999.000,9999.000,9999.000,9999.000,9999.000,9999.000,9999.000,9999.000
202606150730,  -0.523,9999.000,9999.000,9999.000,9999.000,9999.000,9999.000,9999.000,9999.000
202606150736,  -0.509,9999.000,9999.000,9999.000,9999.000,9999.000,9999.000,9999.000,9999.000
202606150742,  -0.484,9999.000,9999.000,9999.000,9999.000,9999.000,9999.000,9999.000,9999.000
202606150748,  -0.449,9999.000,9999.000,9999.000,9999.000,9999.000,9999.000,9999.000,9999.000
202606150754,  -0.403,9999.000,9999.000,9999.000,9999.000,9999.000,9999.000,9999.000,9999.000
202606150800,  -0.347,9999.000,   0.100,   0.062,  -0.185,   0.000,  -0.285,   0.200,  -0.085
202606150806,  -0.282,9999.000,9999.000,9999.000,9999.000,9999.000,9999.000,9999.000,9999.000
202606150812,  -0.208,9999.000,9999.000,9999.000,9999.000,9999.000,9999.000,9999.000,9999.000
202606150818,  -0.125,9999.000,9999.000,9999.000,9999.000,9999.000,9999.000,9999.000,9999.000
202606150824,  -0.034,9999.000,9999.000,9999.000,9999.000,9999.000,9999.000,9999.000,9999.000
202606150830,   0.063,9999.000,9999.000,9999.000,9999.000,9999.000,9999.000,9999.000,9999.000
202606150836,   0.168,9999.000,9999.000,9999.000,9999.000,9999.000,9999.000,9999.000,9999.000
202606150842,   0.280,9999.000,9999.000,9999.000,9999.000,9999.000,9999.000,9999.000,9999.000
202606150848,   0.398,9999.000,9999.000,9999.000,9999.000,9999.000,9999.000,9999.000,9999.000
202606150854,   0.521,9999.000,9999.000,9999.000,9999.000,9999.000,9999.000,9999.000,9999.000
202606150900,   0.649,9999.000,   0.100,   0.062,   0.811,   0.000,   0.711,   0.200,   0.911
202606150906,   0.781,9999.000,9999.000,9999.000,9999.000,9999.000,9999.000,9999.000,9999.000
202606150912,   0.918,9999.000,9999.000,9999.000,9999.000,9999.000,9999.000,9999.000,9999.000
202606150918,   1.058,9999.000,9999.000,9999.000,9999.000,9999.000,9999.000,9999.000,9999.000
202606150924,   1.201,9999.000,9999.000,9999.000,9999.000,9999.000,9999.000,9999.000,9999.000
202606150930,   1.347,9999.000,9999.000,9999.000,9999.000,9999.000,9999.000,9999.000,9999.000
202606150936,   1.495,9999.000,9999.000,9999.000,9999.000,9999.000,9999.000,9999.000,9999.000
202606150942,   1.645,9999.000,9999.000,9999.000,9999.000,9999.000,9999.000,9999.000,9999.000
202606150948,   1.797,9999.000,9999.000,9999.000,9999.000,9999.000,9999.000,9999.000,9999.000
202606150954,   1.950,9999.000,9999.000,9999.000,9999.000,9999.000,9999.000,9999.000,9999.000
202606151000,   2.104,9999.000,   0.100,   0.062,   2.266,   0.000,   2.166,   0.200,   2.366
202606151006,   2.258,9999.000,9999.000,9999.000,9999.000,9999.000,9999.000,9999.000,9999.000
202606151012,   2.412,9999.000,9999.000,9999.000,9999.000,9999.000,9999.000,9999.000,9999.000
202606151018,   2.566,9999.000,9999.000,9999.000,9999.000,9999.000,9999.000,9999.000,9999.000
202606151024,   2.720,9999.000,9999.000,9999.000,9999.000,9999.000,9999.000,9999.000,9999.000
202606151030,   2.872,9999.000,9999.000,9999.000,9999.000,9999.000,9999.000,9999.000,9999.000
202606151036,   3.024,9999.000,9999.000,9999.000,9999.000,9999.000,9999.000,9999.000,9999.000
202606151042,   3.174,9999.000,9999.000,9999.000,9999.000,9999.000,9999.000,9999.000,9999.000
202606151048,   3.322,9999.000,9999.000,9999.000,9999.000,9999.000,9999.000,9999.000,9999.000
202606151054,   3.468,9999.000,9999.000,9999.000,9999.000,9999.000,9999.000,9999.000,9999.000
202606151100,   3.611,9999.000,   0.100,   0.062,   3.773,   0.000,   3.673,   0.200,   3.873
202606151106,   3.752,9999.000,9999.000,9999.000,9999.000,9999.000,9999.000,9999.000,9999.000
202606151112,   3.890,9999.000,9999.000,9999.000,9999.000,9999.000,9999.000,9999.000,9999.000
202606151118,   4.024,9999.000,9999.000,9999.000,9999.000,9999.000,9999.000,9999.000,9999.000
202606151124,   4.155,9999.000,9999.000,9999.000,9999.000,9999.000,9999.000,9999.000,9999.000
202606151130,   4.281,9999.000,9999.000,9999.000,9999.000,9999.000,9999.000,9999.000,9999.000
202606151136,   4.404,9999.000,9999.000,9999.000,9999.000,9999.000,9999.000,9999.000,9999.000
202606151142,   4.523,9999.000,9999.000,9999.000,9999.000,9999.000,9999.000,9999.000,9999.000
202606151148,   4.637,9999.000,9999.000,9999.000,9999.000,9999.000,9999.000,9999.000,9999.000
202606151154,   4.746,9999.000,9999.000,9999.000,9999.000,9999.000,9999.000,9999.000,9999.000
202606151200,   4.851,9999.000,   0.100,   0.062,   5.013,   0.000,   4.913,   0.200,   5.113
202606151206,   4.950,9999.000,9999.000,9999.000,9999.000,9999.000,9999.000,9999.000,9999.000
202606151212,   5.045,9999.000,9999.000,9999.000,9999.000,9999.000,9999.000,9999.000,9999.000
202606151218,   5.134,9999.000,9999.000,9999.000,9999.000,9999.000,9999.000,9999.000,9999.000
202606151224,   5.218,9999.000,9999.000,9999.000,9999.000,9999.000,9999.000,9999.000,9999.000
202606151230,   5.296,9999.000,9999.000,9999.000,9999.000,9999.000,9999.000,9999.000,9999.000
202606151236,   5.368,9999.000,9999.000,9999.000,9999.000,9999.000,9999.000,9999.000,9999.000
202606151242,   5.435,9999.000,9999.000,9999.000,9999.000,9999.000,9999.000,9999.000,9999.000
202606151248,   5.495,9999.000,9999.000,9999.000,9999.000,9999.000,9999.000,9999.000,9999.000
202606151254,   5.549,9999.000,9999.000,9999.000,9999.000,9999.000,9999.000,9999.000,9999.000
202606151300,   5.597,9999.000,   0.100,   0.062,   5.759,   0.000,   5.659,   0.200,   5.859
202606151306,   5.639,9999.000,9999.000,9999.000,9999.000,9999.000,9999.000,9999.000,9999.000
202606151312,   5.674,9999.000,9999.000,9999.000,9999.000,9999.000,9999.000,9999.000,9999.000
202606151318,   5.702,9999.000,9999.000,9999.000,9999.000,9999.000,9999.000,9999.000,9999.000
202606151324,   5.723,9999.000,9999.000,9999.000,9999.000,9999.000,9999.000,9999.000,9999.000
202606151330,   5.737,9999.000,9999.000,9999.000,9999.000,9999.000,9999.000,9999.000,9999.000
202606151336,   5.743,9999.000,9999.000,9999.000,9999.000,9999.000,9999.000,9999.000,9999.000
202606151342,   5.742,9999.000,9999.000,9999.000,9999.000,9999.000,9999.000,9999.000,9999.000
202606151348,   5.733,9999.000,9999.000,9999.000,9999.000,9999.000,9999.000,9999.000,9999.000
202606151354,   5.716,9999.000,9999.000,9999.000,9999.000,9999.000,9999.000,9999.000,9999.000
202606151400,   5.691,9999.000,   0.100,   0.062,   5.853,   0.000,   5.753,   0.300,   6.053
202606151406,   5.657,9999.000,9999.000,9999.000,9999.000,9999.000,9999.000,9999.000,9999.000
202606151412,   5.616,9999.000,9999.000,9999.000,9999.000,9999.000,9999.000,9999.000,9999.000
202606151418,   5.565,9999.000,9999.000,9999.000,9999.000,9999.000,9999.000,9999.000,9999.000
202606151424,   5.507,9999.000,9999.000,9999.000,9999.000,9999.000,9999.000,9999.000,9999.000
202606151430,   5.440,9999.000,9999.000,9999.000,9999.000,9999.000,9999.000,9999.000,9999.000
202606151436,   5.364,9999.000,9999.000,9999.000,9999.000,9999.000,9999.000,9999.000,9999.000
202606151442,   5.280,9999.000,9999.000,9999.000,9999.000,9999.000,9999.000,9999.000,9999.000
202606151448,   5.188,9999.000,9999.000,9999.000,9999.000,9999.000,9999.000,9999.000,9999.000
202606151454,   5.087,9999.000,9999.000,9999.000,9999.000,9999.000,9999.000,9999.000,9999.000
202606151500,   4.979,9999.000,   0.100,   0.062,   5.141,   0.000,   5.041,   0.300,   5.341
202606151506,   4.863,9999.000,9999.000,9999.000,9999.000,9999.000,9999.000,9999.000,9999.000
202606151512,   4.740,9999.000,9999.000,9999.000,9999.000,9999.000,9999.000,9999.000,9999.000
202606151518,   4.610,9999.000,9999.000,9999.000,9999.000,9999.000,9999.000,9999.000,9999.000
202606151524,   4.473,9999.000,9999.000,9999.000,9999.000,9999.000,9999.000,9999.000,9999.000
202606151530,   4.330,9999.000,9999.000,9999.000,9999.000,9999.000,9999.000,9999.000,9999.000
202606151536,   4.181,9999.000,9999.000,9999.000,9999.000,9999.000,9999.000,9999.000,9999.000
202606151542,   4.027,9999.000,9999.000,9999.000,9999.000,9999.000,9999.000,9999.000,9999.000
202606151548,   3.868,9999.000,9999.000,9999.000,9999.000,9999.000,9999.000,9999.000,9999.000
202606151554,   3.705,9999.000,9999.000,9999.000,9999.000,9999.000,9999.000,9999.000,9999.000
202606151600,   3.537,9999.000,   0.100,   0.062,   3.699,   0.000,   3.599,   0.300,   3.899
202606151606,   3.367,9999.000,9999.000,9999.000,9999.000,9999.000,9999.000,9999.000,9999.000
202606151612,   3.193,9999.000,9999.000,9999.000,9999.000,9999.000,9999.000,9999.000,9999.000
202606151618,   3.018,9999.000,9999.000,9999.000,9999.000,9999.000,9999.000,9999.000,9999.000
202606151624,   2.840,9999.000,9999.000,9999.000,9999.000,9999.000,9999.000,9999.000,9999.000
202606151630,   2.661,9999.000,9999.000,9999.000,9999.000,9999.000,9999.000,9999.000,9999.000
202606151636,   2.481,9999.000,9999.000,9999.000,9999.000,9999.000,9999.000,9999.000,9999.000
202606151642,   2.300,9999.000,9999.000,9999.000,9999.000,9999.000,9999.000,9999.000,9999.000
202606151648,   2.120,9999.000,9999.000,9999.000,9999.000,9999.000,9999.000,9999.000,9999.000
202606151654,   1.940,9999.000,9999.000,9999.000,9999.000,9999.000,9999.000,9999.000,9999.000
202606151700,   1.761,9999.000,   0.200,   0.062,   2.023,   0.000,   1.823,   0.300,   2.123
202606151706,   1.584,9999.000,9999.000,9999.000,9999.000,9999.000,9999.000,9999.000,9999.000
202606151712,   1.408,9999.000,9999.000,9999.000,9999.000,9999.000,9999.000,9999.000,9999.000
202606151718,   1.235,9999.000,9999.000,9999.000,9999.000,9999.000,9999.000,9999.000,9999.000
202606151724,   1.064,9999.000,9999.000,9999.000,9999.000,9999.000,9999.000,9999.000,9999.000
202606151730,   0.896,9999.000,9999.000,9999.000,9999.000,9999.000,9999.000,9999.000,9999.000
202606151736,   0.733,9999.000,9999.000,9999.000,9999.000,9999.000,9999.000,9999.000,9999.000
202606151742,   0.573,9999.000,9999.000,9999.000,9999.000,9999.000,9999.000,9999.000,9999.000
202606151748,   0.419,9999.000,9999.000,9999.000,9999.000,9999.000,9999.000,9999.000,9999.000
202606151754,   0.269,9999.000,9999.000,9999.000,9999.000,9999.000,9999.000,9999.000,9999.000
202606151800,   0.126,9999.000,   0.200,   0.062,   0.388,   0.000,   0.188,   0.300,   0.488
202606151806,  -0.011,9999.000,9999.000,9999.000,9999.000,9999.000,9999.000,9999.000,9999.000
202606151812,  -0.141,9999.000,9999.000,9999.000,9999.000,9999.000,9999.000,9999.000,9999.000
202606151818,  -0.264,9999.000,9999.000,9999.000,9999.000,9999.000,9999.000,9999.000,9999.000
202606151824,  -0.379,9999.000,9999.000,9999.000,9999.000,9999.000,9999.000,9999.000,9999.000
202606151830,  -0.486,9999.000,9999.000,9999.000,9999.000,9999.000,9999.000,9999.000,9999.000
202606151836,  -0.583,9999.000,9999.000,9999.000,9999.000,9999.000,9999.000,9999.000,9999.000
202606151842,  -0.671,9999.000,9999.000,9999.000,9999.000,9999.000,9999.000,9999.000,9999.000
202606151848,  -0.749,9999.000,9999.000,9999.000,9999.000,9999.000,9999.000,9999.000,9999.000
202606151854,  -0.816,9999.000,9999.000,9999.000,9999.000,9999.000,9999.000,9999.000,9999.000
202606151900,  -0.873,9999.000,   0.200,   0.062,  -0.611,   0.100,  -0.711,   0.400,  -0.411
202606151906,  -0.918,9999.000,9999.000,9999.000,9999.000,9999.000,9999.000,9999.000,9999.000
202606151912,  -0.952,9999.000,9999.000,9999.000,9999.000,9999.000,9999.000,9999.000,9999.000
202606151918,  -0.974,9999.000,9999.000,9999.000,9999.000,9999.000,9999.000,9999.000,9999.000
202606151924,  -0.984,9999.000,9999.000,9999.000,9999.000,9999.000,9999.000,9999.000,9999.000
202606151930,  -0.982,9999.000,9999.000,9999.000,9999.000,9999.000,9999.000,9999.000,9999.000
202606151936,  -0.968,9999.000,9999.000,9999.000,9999.000,9999.000,9999.000,9999.000,9999.000
202606151942,  -0.942,9999.000,9999.000,9999.000,9999.000,9999.000,9999.000,9999.000,9999.000
202606151948,  -0.904,9999.000,9999.000,9999.000,9999.000,9999.000,9999.000,9999.000,9999.000
202606151954,  -0.854,9999.000,9999.000,9999.000,9999.000,9999.000,9999.000,9999.000,9999.000
202606152000,  -0.793,9999.000,   0.300,   0.062,  -0.431,   0.100,  -0.631,   0.400,  -0.331
202606152006,  -0.720,9999.000,9999.000,9999.000,9999.000,9999.000,9999.000,9999.000,9999.000
202606152012,  -0.637,9999.000,9999.000,9999.000,9999.000,9999.000,9999.000,9999.000,9999.000
202606152018,  -0.543,9999.000,9999.000,9999.000,9999.000,9999.000,9999.000,9999.000,9999.000
202606152024,  -0.439,9999.000,9999.000,9999.000,9999.000,9999.000,9999.000,9999.000,9999.000
202606152030,  -0.326,9999.000,9999.000,9999.000,9999.000,9999.000,9999.000,9999.000,9999.000
202606152036,  -0.203,9999.000,9999.000,9999.000,9999.000,9999.000,9999.000,9999.000,9999.000
202606152042,  -0.072,9999.000,9999.000,9999.000,9999.000,9999.000,9999.000,9999.000,9999.000
202606152048,   0.066,9999.000,9999.000,9999.000,9999.000,9999.000,9999.000,9999.000,9999.000
202606152054,   0.212,9999.000,9999.000,9999.000,9999.000,9999.000,9999.000,9999.000,9999.000
202606152100,   0.365,9999.000,   0.300,   0.062,   0.727,   0.100,   0.527,   0.400,   0.827
202606152106,   0.524,9999.000,9999.000,9999.000,9999.000,9999.000,9999.000,9999.000,9999.000
202606152112,   0.688,9999.000,9999.000,9999.000,9999.000,9999.000,9999.000,9999.000,9999.000
202606152118,   0.858,9999.000,9999.000,9999.000,9999.000,9999.000,9999.000,9999.000,9999.000
202606152124,   1.032,9999.000,9999.000,9999.000,9999.000,9999.000,9999.000,9999.000,9999.000
202606152130,   1.210,9999.000,9999.000,9999.000,9999.000,9999.000,9999.000,9999.000,9999.000
202606152136,   1.391,9999.000,9999.000,9999.000,9999.000,9999.000,9999.000,9999.000,9999.000
202606152142,   1.576,9999.000,9999.000,9999.000,9999.000,9999.000,9999.000,9999.000,9999.000
202606152148,   1.763,9999.000,9999.000,9999.000,9999.000,9999.000,9999.000,9999.000,9999.000
202606152154,   1.952,9999.000,9999.000,9999.000,9999.000,9999.000,9999.000,9999.000,9999.000
202606152200,   2.142,9999.000,   0.300,   0.062,   2.504,   0.200,   2.404,   0.400,   2.604
202606152206,   2.334,9999.000,9999.000,9999.000,9999.000,9999.000,9999.000,9999.000,9999.000
202606152212,   2.526,9999.000,9999.000,9999.000,9999.000,9999.000,9999.000,9999.000,9999.000
202606152218,   2.719,9999.000,9999.000,9999.000,9999.000,9999.000,9999.000,9999.000,9999.000
202606152224,   2.911,9999.000,9999.000,9999.000,9999.000,9999.000,9999.000,9999.000,9999.000
202606152230,   3.104,9999.000,9999.000,9999.000,9999.000,9999.000,9999.000,9999.000,9999.000
202606152236,   3.295,9999.000,9999.000,9999.000,9999.000,9999.000,9999.000,9999.000,9999.000
202606152242,   3.486,9999.000,9999.000,9999.000,9999.000,9999.000,9999.000,9999.000,9999.000
202606152248,   3.675,9999.000,9999.000,9999.000,9999.000,9999.000,9999.000,9999.000,9999.000
202606152254,   3.862,9999.000,9999.000,9999.000,9999.000,9999.000,9999.000,9999.000,9999.000
202606152300,   4.047,9999.000,   0.300,   0.062,   4.409,   0.200,   4.309,   0.400,   4.509
202606152306,   4.229,9999.000,9999.000,9999.000,9999.000,9999.000,9999.000,9999.000,9999.000
202606152312,   4.409,9999.000,9999.000,9999.000,9999.000,9999.000,9999.000,9999.000,9999.000
202606152318,   4.586,9999.000,9999.000,9999.000,9999.000,9999.000,9999.000,9999.000,9999.000
202606152324,   4.760,9999.000,9999.000,9999.000,9999.000,9999.000,9999.000,9999.000,9999.000
202606152330,   4.929,9999.000,9999.000,9999.000,9999.000,9999.000,9999.000,9999.000,9999.000
202606152336,   5.095,9999.000,9999.000,9999.000,9999.000,9999.000,9999.000,9999.000,9999.000
202606152342,   5.257,9999.000,9999.000,9999.000,9999.000,9999.000,9999.000,9999.000,9999.000
202606152348,   5.414,9999.000,9999.000,9999.000,9999.000,9999.000,9999.000,9999.000,9999.000
202606152354,   5.567,9999.000,9999.000,9999.000,9999.000,9999.000,9999.000,9999.000,9999.000
202606160000,   5.714,9999.000,   0.300,   0.062,   6.076,   0.200,   5.976,   0.400,   6.176
202606160006,   5.857,9999.000,9999.000,9999.000,9999.000,9999.000,9999.000,9999.000,9999.000
202606160012,   5.994,9999.000,9999.000,9999.000,9999.000,9999.000,9999.000,9999.000,9999.000
202606160018,   6.126,9999.000,9999.000,9999.000,9999.000,9999.000,9999.000,9999.000,9999.000
202606160024,   6.253,9999.000,9999.000,9999.000,9999.000,9999.000,9999.000,9999.000,9999.000
202606160030,   6.373,9999.000,9999.000,9999.000,9999.000,9999.000,9999.000,9999.000,9999.000
202606160036,   6.488,9999.000,9999.000,9999.000,9999.000,9999.000,9999.000,9999.000,9999.000
202606160042,   6.597,9999.000,9999.000,9999.000,9999.000,9999.000,9999.000,9999.000,9999.000
202606160048,   6.700,9999.000,9999.000,9999.000,9999.000,9999.000,9999.000,9999.000,9999.000
202606160054,   6.797,9999.000,9999.000,9999.000,9999.000,9999.000,9999.000,9999.000,9999.000
202606160100,   6.887,9999.000,   0.300,   0.062,   7.249,   0.200,   7.149,   0.500,   7.449
202606160106,   6.971,9999.000,9999.000,9999.000,9999.000,9999.000,9999.000,9999.000,9999.000
202606160112,   7.048,9999.000,9999.000,9999.000,9999.000,9999.000,9999.000,9999.000,9999.000
202606160118,   7.119,9999.000,9999.000,9999.000,9999.000,9999.000,9999.000,9999.000,9999.000
202606160124,   7.182,9999.000,9999.000,9999.000,9999.000,9999.000,9999.000,9999.000,9999.000
202606160130,   7.239,9999.000,9999.000,9999.000,9999.000,9999.000,9999.000,9999.000,9999.000
202606160136,   7.289,9999.000,9999.000,9999.000,9999.000,9999.000,9999.000,9999.000,9999.000
202606160142,   7.331,9999.000,9999.000,9999.000,9999.000,9999.000,9999.000,9999.000,9999.000
202606160148,   7.366,9999.000,9999.000,9999.000,9999.000,9999.000,9999.000,9999.000,9999.000
202606160154,   7.393,9999.000,9999.000,9999.000,9999.000,9999.000,9999.000,9999.000,9999.000
202606160200,   7.412,9999.000,   0.300,   0.062,   7.774,   0.200,   7.674,   0.400,   7.874
202606160206,   7.423,9999.000,9999.000,9999.000,9999.000,9999.000,9999.000,9999.000,9999.000
202606160212,   7.426,9999.000,9999.000,9999.000,9999.000,9999.000,9999.000,9999.000,9999.000
202606160218,   7.420,9999.000,9999.000,9999.000,9999.000,9999.000,9999.000,9999.000,9999.000
202606160224,   7.406,9999.000,9999.000,9999.000,9999.000,9999.000,9999.000,9999.000,9999.000
202606160230,   7.382,9999.000,9999.000,9999.000,9999.000,9999.000,9999.000,9999.000,9999.000
202606160236,   7.350,9999.000,9999.000,9999.000,9999.000,9999.000,9999.000,9999.000,9999.000
202606160242,   7.308,9999.000,9999.000,9999.000,9999.000,9999.000,9999.000,9999.000,9999.000
202606160248,   7.257,9999.000,9999.000,9999.000,9999.000,9999.000,9999.000,9999.000,9999.000
202606160254,   7.197,9999.000,9999.000,9999.000,9999.000,9999.000,9999.000,9999.000,9999.000
202606160300,   7.128,9999.000,   0.300,   0.062,   7.490,   0.100,   7.290,   0.400,   7.590
202606160306,   7.049,9999.000,9999.000,9999.000,9999.000,9999.000,9999.000,9999.000,9999.000
202606160312,   6.961,9999.000,9999.000,9999.000,9999.000,9999.000,9999.000,9999.000,9999.000
202606160318,   6.864,9999.000,9999.000,9999.000,9999.000,9999.000,9999.000,9999.000,9999.000
202606160324,   6.759,9999.000,9999.000,9999.000,9999.000,9999.000,9999.000,9999.000,9999.000
202606160330,   6.644,9999.000,9999.000,9999.000,9999.000,9999.000,9999.000,9999.000,9999.000
202606160336,   6.521,9999.000,9999.000,9999.000,9999.000,9999.000,9999.000,9999.000,9999.000
202606160342,   6.390,9999.000,9999.000,9999.000,9999.000,9999.000,9999.000,9999.000,9999.000
202606160348,   6.251,9999.000,9999.000,9999.000,9999.000,9999.000,9999.000,9999.000,9999.000
202606160354,   6.104,9999.000,9999.000,9999.000,9999.000,9999.000,9999.000,9999.000,9999.000
202606160400,   5.950,9999.000,   0.200,   0.062,   6.212,   0.100,   6.112,   0.400,   6.412
202606160406,   5.790,9999.000,9999.000,9999.000,9999.000,9999.000,9999.000,9999.000,9999.000
202606160412,   5.623,9999.000,9999.000,9999.000,9999.000,9999.000,9999.000,9999.000,9999.000
202606160418,   5.451,9999.000,9999.000,9999.000,9999.000,9999.000,9999.000,9999.000,9999.000
202606160424,   5.273,9999.000,9999.000,9999.000,9999.000,9999.000,9999.000,9999.000,9999.000
202606160430,   5.091,9999.000,9999.000,9999.000,9999.000,9999.000,9999.000,9999.000,9999.000
202606160436,   4.904,9999.000,9999.000,9999.000,9999.000,9999.000,9999.000,9999.000,9999.000
202606160442,   4.713,9999.000,9999.000,9999.000,9999.000,9999.000,9999.000,9999.000,9999.000
202606160448,   4.519,9999.000,9999.000,9999.000,9999.000,9999.000,9999.000,9999.000,9999.000
202606160454,   4.322,9999.000,9999.000,9999.000,9999.000,9999.000,9999.000,9999.000,9999.000
202606160500,   4.123,9999.000,   0.200,   0.062,   4.385,   0.000,   4.185,   0.300,   4.485
202606160506,   3.921,9999.000,9999.000,9999.000,9999.000,9999.000,9999.000,9999.000,9999.000
202606160512,   3.718,9999.000,9999.000,9999.000,9999.000,9999.000,9999.000,9999.000,9999.000
202606160518,   3.514,9999.000,9999.000,9999.000,9999.000,9999.000,9999.000,9999.000,9999.000
202606160524,   3.310,9999.000,9999.000,9999.000,9999.000,9999.000,9999.000,9999.000,9999.000
202606160530,   3.105,9999.000,9999.000,9999.000,9999.000,9999.000,9999.000,9999.000,9999.000
202606160536,   2.901,9999.000,9999.000,9999.000,9999.000,9999.000,9999.000,9999.000,9999.000
202606160542,   2.698,9999.000,9999.000,9999.000,9999.000,9999.000,9999.000,9999.000,9999.000
202606160548,   2.496,9999.000,9999.000,9999.000,9999.000,9999.000,9999.000,9999.000,9999.000
202606160554,   2.295,9999.000,9999.000,9999.000,9999.000,9999.000,9999.000,9999.000,9999.000
202606160600,   2.097,9999.000,   0.200,   0.062,   2.359,   0.000,   2.159,   0.300,   2.459
202606160606,   1.902,9999.000,9999.000,9999.000,9999.000,9999.000,9999.000,9999.000,9999.000
202606160612,   1.710,9999.000,9999.000,9999.000,9999.000,9999.000,9999.000,9999.000,9999.000
202606160618,   1.522,9999.000,9999.000,9999.000,9999.000,9999.000,9999.000,9999.000,9999.000
202606160624,   1.339,9999.000,9999.000,9999.000,9999.000,9999.000,9999.000,9999.000,9999.000
202606160630,   1.161,9999.000,9999.000,9999.000,9999.000,9999.000,9999.000,9999.000,9999.000
202606160636,   0.988,9999.000,9999.000,9999.000,9999.000,9999.000,9999.000,9999.000,9999.000
202606160642,   0.821,9999.000,9999.000,9999.000,9999.000,9999.000,9999.000,9999.000,9999.000
202606160648,   0.662,9999.000,9999.000,9999.000,9999.000,9999.000,9999.000,9999.000,9999.000
202606160654,   0.509,9999.000,9999.000,9999.000,9999.000,9999.000,9999.000,9999.000,9999.000
202606160700,   0.365,9999.000,   0.200,   0.062,   0.627,   0.000,   0.427,   0.300,   0.727
202606160706,   0.229,9999.000,9999.000,9999.000,9999.000,9999.000,9999.000,9999.000,9999.000
202606160712,   0.102,9999.000,9999.000,9999.000,9999.000,9999.000,9999.000,9999.000,9999.000
202606160718,  -0.015,9999.000,9999.000,9999.000,9999.000,9999.000,9999.000,9999.000,9999.000
202606160724,  -0.122,9999.000,9999.000,9999.000,9999.000,9999.000,9999.000,9999.000,9999.000
202606160730,  -0.220,9999.000,9999.000,9999.000,9999.000,9999.000,9999.000,9999.000,9999.000
202606160736,  -0.306,9999.000,9999.000,9999.000,9999.000,9999.000,9999.000,9999.000,9999.000
202606160742,  -0.381,9999.000,9999.000,9999.000,9999.000,9999.000,9999.000,9999.000,9999.000
202606160748,  -0.446,9999.000,9999.000,9999.000,9999.000,9999.000,9999.000,9999.000,9999.000
202606160754,  -0.498,9999.000,9999.000,9999.000,9999.000,9999.000,9999.000,9999.000,9999.000
202606160800,  -0.540,9999.000,   0.100,   0.062,  -0.378,   0.000,  -0.478,   0.300,  -0.178
202606160806,  -0.569,9999.000,9999.000,9999.000,9999.000,9999.000,9999.000,9999.000,9999.000
202606160812,  -0.587,9999.000,9999.000,9999.000,9999.000,9999.000,9999.000,9999.000,9999.000
202606160818,  -0.594,9999.000,9999.000,9999.000,9999.000,9999.000,9999.000,9999.000,9999.000
202606160824,  -0.589,9999.000,9999.000,9999.000,9999.000,9999.000,9999.000,9999.000,9999.000
202606160830,  -0.573,9999.000,9999.000,9999.000,9999.000,9999.000,9999.000,9999.000,9999.000
202606160836,  -0.546,9999.000,9999.000,9999.000,9999.000,9999.000,9999.000,9999.000,9999.000
202606160842,  -0.509,9999.000,9999.000,9999.000,9999.000,9999.000,9999.000,9999.000,9999.000
202606160848,  -0.461,9999.000,9999.000,9999.000,9999.000,9999.000,9999.000,9999.000,9999.000
202606160854,  -0.404,9999.000,9999.000,9999.000,9999.000,9999.000,9999.000,9999.000,9999.000
202606160900,  -0.338,9999.000,   0.200,   0.062,  -0.076,   0.000,  -0.276,   0.300,   0.024
202606160906,  -0.262,9999.000,9999.000,9999.000,9999.000,9999.000,9999.000,9999.000,9999.000
202606160912,  -0.179,9999.000,9999.000,9999.000,9999.000,9999.000,9999.000,9999.000,9999.000
202606160918,  -0.087,9999.000,9999.000,9999.000,9999.000,9999.000,9999.000,9999.000,9999.000
202606160924,   0.011,9999.000,9999.000,9999.000,9999.000,9999.000,9999.000,9999.000,9999.000
202606160930,   0.116,9999.000,9999.000,9999.000,9999.000,9999.000,9999.000,9999.000,9999.000
202606160936,   0.228,9999.000,9999.000,9999.000,9999.000,9999.000,9999.000,9999.000,9999.000
202606160942,   0.346,9999.000,9999.000,9999.000,9999.000,9999.000,9999.000,9999.000,9999.000
202606160948,   0.469,9999.000,9999.000,9999.000,9999.000,9999.000,9999.000,9999.000,9999.000
202606160954,   0.597,9999.000,9999.000,9999.000,9999.000,9999.000,9999.000,9999.000,9999.000
202606161000,   0.729,9999.000,   0.200,   0.062,   0.991,   0.000,   0.791,   0.300,   1.091
202606161006,   0.866,9999.000,9999.000,9999.000,9999.000,9999.000,9999.000,9999.000,9999.000
202606161012,   1.005,9999.000,9999.000,9999.000,9999.000,9999.000,9999.000,9999.000,9999.000
202606161018,   1.148,9999.000,9999.000,9999.000,9999.000,9999.000,9999.000,9999.000,9999.000
202606161024,   1.294,9999.000,9999.000,9999.000,9999.000,9999.000,9999.000,9999.000,9999.000
202606161030,   1.442,9999.000,9999.000,9999.000,9999.000,9999.000,9999.000,9999.000,9999.000
202606161036,   1.592,9999.000,9999.000,9999.000,9999.000,9999.000,9999.000,9999.000,9999.000
202606161042,   1.743,9999.000,9999.000,9999.000,9999.000,9999.000,9999.000,9999.000,9999.000
202606161048,   1.896,9999.000,9999.000,9999.000,9999.000,9999.000,9999.000,9999.000,9999.000
202606161054,   2.050,9999.000,9999.000,9999.000,9999.000,9999.000,9999.000,9999.000,9999.000
202606161100,   2.204,9999.000,   0.200,   0.062,   2.466,   0.000,   2.266,   0.400,   2.666
202606161106,   2.359,9999.000,9999.000,9999.000,9999.000,9999.000,9999.000,9999.000,9999.000
202606161112,   2.513,9999.000,9999.000,9999.000,9999.000,9999.000,9999.000,9999.000,9999.000
202606161118,   2.667,9999.000,9999.000,9999.000,9999.000,9999.000,9999.000,9999.000,9999.000
202606161124,   2.820,9999.000,9999.000,9999.000,9999.000,9999.000,9999.000,9999.000,9999.000
202606161130,   2.972,9999.000,9999.000,9999.000,9999.000,9999.000,9999.000,9999.000,9999.000
202606161136,   3.123,9999.000,9999.000,9999.000,9999.000,9999.000,9999.000,9999.000,9999.000
202606161142,   3.272,9999.000,9999.000,9999.000,9999.000,9999.000,9999.000,9999.000,9999.000
202606161148,   3.419,9999.000,9999.000,9999.000,9999.000,9999.000,9999.000,9999.000,9999.000
202606161154,   3.563,9999.000,9999.000,9999.000,9999.000,9999.000,9999.000,9999.000,9999.000
202606161200,   3.705,9999.000,   0.200,   0.062,   3.967,   0.000,   3.767,   0.400,   4.167
202606161206,   3.845,9999.000,9999.000,9999.000,9999.000,9999.000,9999.000,9999.000,9999.000
202606161212,   3.981,9999.000,9999.000,9999.000,9999.000,9999.000,9999.000,9999.000,9999.000
202606161218,   4.113,9999.000,9999.000,9999.000,9999.000,9999.000,9999.000,9999.000,9999.000
202606161224,   4.243,9999.000,9999.000,9999.000,9999.000,9999.000,9999.000,9999.000,9999.000
202606161230,   4.368,9999.000,9999.000,9999.000,9999.000,9999.000,9999.000,9999.000,9999.000
202606161236,   4.489,9999.000,9999.000,9999.000,9999.000,9999.000,9999.000,9999.000,9999.000
202606161242,   4.606,9999.000,9999.000,9999.000,9999.000,9999.000,9999.000,9999.000,9999.000
202606161248,   4.719,9999.000,9999.000,9999.000,9999.000,9999.000,9999.000,9999.000,9999.000
202606161254,   4.827,9999.000,9999.000,9999.000,9999.000,9999.000,9999.000,9999.000,9999.000
202606161300,   4.930,9999.000,   0.200,   0.062,   5.192,   0.000,   4.992,   0.400,   5.392
202606161306,   5.029,9999.000,9999.000,9999.000,9999.000,9999.000,9999.000,9999.000,9999.000
202606161312,   5.122,9999.000,9999.000,9999.000,9999.000,9999.000,9999.000,9999.000,9999.000
202606161318,   5.210,9999.000,9999.000,9999.000,9999.000,9999.000,9999.000,9999.000,9999.000
202606161324,   5.293,9999.000,9999.000,9999.000,9999.000,9999.000,9999.000,9999.000,9999.000
202606161330,   5.371,9999.000,9999.000,9999.000,9999.000,9999.000,9999.000,9999.000,9999.000
202606161336,   5.443,9999.000,9999.000,9999.000,9999.000,9999.000,9999.000,9999.000,9999.000
202606161342,   5.509,9999.000,9999.000,9999.000,9999.000,9999.000,9999.000,9999.000,9999.000
202606161348,   5.569,9999.000,9999.000,9999.000,9999.000,9999.000,9999.000,9999.000,9999.000
202606161354,   5.623,9999.000,9999.000,9999.000,9999.000,9999.000,9999.000,9999.000,9999.000
202606161400,   5.671,9999.000,   0.200,   0.062,   5.933,   0.000,   5.733,   0.400,   6.133
202606161406,   5.712,9999.000,9999.000,9999.000,9999.000,9999.000,9999.000,9999.000,9999.000
202606161412,   5.747,9999.000,9999.000,9999.000,9999.000,9999.000,9999.000,9999.000,9999.000
202606161418,   5.774,9999.000,9999.000,9999.000,9999.000,9999.000,9999.000,9999.000,9999.000
202606161424,   5.795,9999.000,9999.000,9999.000,9999.000,9999.000,9999.000,9999.000,9999.000
202606161430,   5.807,9999.000,9999.000,9999.000,9999.000,9999.000,9999.000,9999.000,9999.000
202606161436,   5.813,9999.000,9999.000,9999.000,9999.000,9999.000,9999.000,9999.000,9999.000
202606161442,   5.810,9999.000,9999.000,9999.000,9999.000,9999.000,9999.000,9999.000,9999.000
202606161448,   5.799,9999.000,9999.000,9999.000,9999.000,9999.000,9999.000,9999.000,9999.000
202606161454,   5.780,9999.000,9999.000,9999.000,9999.000,9999.000,9999.000,9999.000,9999.000
202606161500,   5.752,9999.000,   0.200,   0.062,   6.014,   0.000,   5.814,   0.400,   6.214
202606161506,   5.716,9999.000,9999.000,9999.000,9999.000,9999.000,9999.000,9999.000,9999.000
202606161512,   5.671,9999.000,9999.000,9999.000,9999.000,9999.000,9999.000,9999.000,9999.000
202606161518,   5.617,9999.000,9999.000,9999.000,9999.000,9999.000,9999.000,9999.000,9999.000
202606161524,   5.555,9999.000,9999.000,9999.000,9999.000,9999.000,9999.000,9999.000,9999.000
202606161530,   5.483,9999.000,9999.000,9999.000,9999.000,9999.000,9999.000,9999.000,9999.000
202606161536,   5.403,9999.000,9999.000,9999.000,9999.000,9999.000,9999.000,9999.000,9999.000
202606161542,   5.314,9999.000,9999.000,9999.000,9999.000,9999.000,9999.000,9999.000,9999.000
202606161548,   5.217,9999.000,9999.000,9999.000,9999.000,9999.000,9999.000,9999.000,9999.000
202606161554,   5.111,9999.000,9999.000,9999.000,9999.000,9999.000,9999.000,9999.000,9999.000
202606161600,   4.997,9999.000,   0.200,   0.062,   5.259,   0.000,   5.059,   0.400,   5.459
202606161606,   4.876,9999.000,9999.000,9999.000,9999.000,9999.000,9999.000,9999.000,9999.000
202606161612,   4.747,9999.000,9999.000,9999.000,9999.000,9999.000,9999.000,9999.000,9999.000
202606161618,   4.611,9999.000,9999.000,9999.000,9999.000,9999.000,9999.000,9999.000,9999.000
202606161624,   4.469,9999.000,9999.000,9999.000,9999.000,9999.000,9999.000,9999.000,9999.000
202606161630,   4.320,9999.000,9999.000,9999.000,9999.000,9999.000,9999.000,9999.000,9999.000
202606161636,   4.166,9999.000,9999.000,9999.000,9999.000,9999.000,9999.000,9999.000,9999.000
202606161642,   4.007,9999.000,9999.000,9999.000,9999.000,9999.000,9999.000,9999.000,9999.000
202606161648,   3.843,9999.000,9999.000,9999.000,9999.000,9999.000,9999.000,9999.000,9999.000
202606161654,   3.674,9999.000,9999.000,9999.000,9999.000,9999.000,9999.000,9999.000,9999.000
202606161700,   3.502,9999.000,   0.200,   0.062,   3.764,   0.000,   3.564,   0.400,   3.964
202606161706,   3.327,9999.000,9999.000,9999.000,9999.000,9999.000,9999.000,9999.000,9999.000
202606161712,   3.149,9999.000,9999.000,9999.000,9999.000,9999.000,9999.000,9999.000,9999.000
202606161718,   2.970,9999.000,9999.000,9999.000,9999.000,9999.000,9999.000,9999.000,9999.000
202606161724,   2.788,9999.000,9999.000,9999.000,9999.000,9999.000,9999.000,9999.000,9999.000
202606161730,   2.606,9999.000,9999.000,9999.000,9999.000,9999.000,9999.000,9999.000,9999.000
202606161736,   2.423,9999.000,9999.000,9999.000,9999.000,9999.000,9999.000,9999.000,9999.000
202606161742,   2.240,9999.000,9999.000,9999.000,9999.000,9999.000,9999.000,9999.000,9999.000
202606161748,   2.057,9999.000,9999.000,9999.000,9999.000,9999.000,9999.000,9999.000,9999.000
202606161754,   1.875,9999.000,9999.000,9999.000,9999.000,9999.000,9999.000,9999.000,9999.000
202606161800,   1.695,9999.000,   0.200,   0.062,   1.957,   0.000,   1.757,   0.400,   2.157
