        TIME,    TIDE,      OB,   SURGE,    BIAS,     TWL,SURGE90p,  TWL90p,SURGE10p,   TWL10p
202606200000,   0.882,   1.508,   0.700,  -0.074,   1.508,   0.700,   1.508,   0.800,   1.608
202606200006,   0.882,9999.000,9999.000,9999.000,9999.000,9999.000,9999.000,9999.000,9999.000
202606200012,   0.882,   1.571,9999.000,9999.000,9999.000,9999.000,9999.000,9999.000,9999.000
202606200018,   0.881,9999.000,9999.000,9999.000,9999.000,9999.000,9999.000,9999.000,9999.000
202606200024,   0.881,   1.580,9999.000,9999.000,9999.000,9999.000,9999.000,9999.000,9999.000
202606200030,   0.881,9999.000,9999.000,9999.000,9999.000,9999.000,9999.000,9999.000,9999.000
202606200036,   0.880,   1.538,9999.000,9999.000,9999.000,9999.000,9999.000,9999.000,9999.000
202606200042,   0.880,9999.000,9999.000,9999.000,9999.000,9999.000,9999.000,9999.000,9999.000
202606200048,   0.879,   1.610,9999.000,9999.000,9999.000,9999.000,9999.000,9999.000,9999.000
202606200054,   0.878,9999.000,9999.000,9999.000,9999.000,9999.000,9999.000,9999.000,9999.000
202606200100,   0.877,   1.610,   0.700,   0.033,   1.610,   0.700,   1.610,   0.800,   1.710
202606200106,   0.876,   1.620,9999.000,9999.000,9999.000,9999.000,9999.000,9999.000,9999.000
202606200112,   0.874,   1.610,9999.000,9999.000,9999.000,9999.000,9999.000,9999.000,9999.000
202606200118,   0.872,   1.580,9999.000,9999.000,9999.000,9999.000,9999.000,9999.000,9999.000
202606200124,   0.870,   1.590,9999.000,9999.000,9999.000,9999.000,9999.000,9999.000,9999.000
202606200130,   0.867,   1.620,9999.000,9999.000,9999.000,9999.000,9999.000,9999.000,9999.000
202606200136,   0.864,   1.639,9999.000,9999.000,9999.000,9999.000,9999.000,9999.000,9999.000
202606200142,   0.861,   1.689,9999.000,9999.000,9999.000,9999.000,9999.000,9999.000,9999.000
202606200148,   0.857,   1.659,9999.000,9999.000,9999.000,9999.000,9999.000,9999.000,9999.000
202606200154,   0.853,   1.659,9999.000,9999.000,9999.000,9999.000,9999.000,9999.000,9999.000
202606200200,   0.848,   1.659,   0.700,   0.111,   1.659,   0.700,   1.659,   0.800,   1.759
202606200206,   0.843,   1.649,9999.000,9999.000,9999.000,9999.000,9999.000,9999.000,9999.000
202606200212,   0.838,   1.620,9999.000,9999.000,9999.000,9999.000,9999.000,9999.000,9999.000
202606200218,   0.831,   1.600,9999.000,9999.000,9999.000,9999.000,9999.000,9999.000,9999.000
202606200224,   0.825,   1.610,9999.000,9999.000,9999.000,9999.000,9999.000,9999.000,9999.000
202606200230,   0.817,   1.571,9999.000,9999.000,9999.000,9999.000,9999.000,9999.000,9999.000
202606200236,   0.810,   1.590,9999.000,9999.000,9999.000,9999.000,9999.000,9999.000,9999.000
202606200242,   0.801,   1.557,9999.000,9999.000,9999.000,9999.000,9999.000,9999.000,9999.000
202606200248,   0.793,   1.610,9999.000,9999.000,9999.000,9999.000,9999.000,9999.000,9999.000
202606200254,   0.783,   1.639,9999.000,9999.000,9999.000,9999.000,9999.000,9999.000,9999.000
202606200300,   0.774,   1.669,   0.700,   0.195,   1.669,   0.700,   1.669,   0.800,   1.769
202606200306,   0.764,   1.649,9999.000,9999.000,9999.000,9999.000,9999.000,9999.000,9999.000
202606200312,   0.753,   1.669,9999.000,9999.000,9999.000,9999.000,9999.000,9999.000,9999.000
202606200318,   0.742,   1.679,9999.000,9999.000,9999.000,9999.000,9999.000,9999.000,9999.000
202606200324,   0.730,   1.708,9999.000,9999.000,9999.000,9999.000,9999.000,9999.000,9999.000
202606200330,   0.719,   1.669,9999.000,9999.000,9999.000,9999.000,9999.000,9999.000,9999.000
202606200336,   0.707,   1.639,9999.000,9999.000,9999.000,9999.000,9999.000,9999.000,9999.000
202606200342,   0.694,   1.639,9999.000,9999.000,9999.000,9999.000,9999.000,9999.000,9999.000
202606200348,   0.681,   1.590,9999.000,9999.000,9999.000,9999.000,9999.000,9999.000,9999.000
202606200354,   0.668,   1.580,9999.000,9999.000,9999.000,9999.000,9999.000,9999.000,9999.000
202606200400,   0.655,   1.571,   0.700,   0.216,   1.571,   0.700,   1.571,   0.800,   1.671
202606200406,   0.642,   1.538,9999.000,9999.000,9999.000,9999.000,9999.000,9999.000,9999.000
202606200412,   0.628,   1.528,9999.000,9999.000,9999.000,9999.000,9999.000,9999.000,9999.000
202606200418,   0.615,   1.489,9999.000,9999.000,9999.000,9999.000,9999.000,9999.000,9999.000
202606200424,   0.601,   1.498,9999.000,9999.000,9999.000,9999.000,9999.000,9999.000,9999.000
202606200430,   0.587,   1.498,9999.000,9999.000,9999.000,9999.000,9999.000,9999.000,9999.000
202606200436,   0.574,   1.489,9999.000,9999.000,9999.000,9999.000,9999.000,9999.000,9999.000
202606200442,   0.560,   1.557,9999.000,9999.000,9999.000,9999.000,9999.000,9999.000,9999.000
202606200448,   0.546,   1.249,9999.000,9999.000,9999.000,9999.000,9999.000,9999.000,9999.000
202606200454,   0.532,   1.469,9999.000,9999.000,9999.000,9999.000,9999.000,9999.000,9999.000
202606200500,   0.518,   1.410,   0.700,   0.192,   1.410,   0.700,   1.410,   0.800,   1.510
202606200506,   0.505,   1.459,9999.000,9999.000,9999.000,9999.000,9999.000,9999.000,9999.000
202606200512,   0.491,   1.479,9999.000,9999.000,9999.000,9999.000,9999.000,9999.000,9999.000
202606200518,   0.477,   1.498,9999.000,9999.000,9999.000,9999.000,9999.000,9999.000,9999.000
202606200524,   0.464,   1.459,9999.000,9999.000,9999.000,9999.000,9999.000,9999.000,9999.000
202606200530,   0.450,   1.538,9999.000,9999.000,9999.000,9999.000,9999.000,9999.000,9999.000
202606200536,   0.437,   1.449,9999.000,9999.000,9999.000,9999.000,9999.000,9999.000,9999.000
202606200542,   0.424,   1.361,9999.000,9999.000,9999.000,9999.000,9999.000,9999.000,9999.000
202606200548,   0.411,   1.128,9999.000,9999.000,9999.000,9999.000,9999.000,9999.000,9999.000
202606200554,   0.398,   1.328,9999.000,9999.000,9999.000,9999.000,9999.000,9999.000,9999.000
202606200600,   0.385,   1.400,   0.700,   0.315,   1.400,   0.700,   1.400,   0.700,   1.400
202606200606,   0.372,   1.200,9999.000,9999.000,9999.000,9999.000,9999.000,9999.000,9999.000
202606200612,   0.360,   1.318,9999.000,9999.000,9999.000,9999.000,9999.000,9999.000,9999.000
202606200618,   0.347,   1.180,9999.000,9999.000,9999.000,9999.000,9999.000,9999.000,9999.000
202606200624,   0.335,   1.298,9999.000,9999.000,9999.000,9999.000,9999.000,9999.000,9999.000
202606200630,   0.323,   1.298,9999.000,9999.000,9999.000,9999.000,9999.000,9999.000,9999.000
202606200636,   0.311,   1.249,9999.000,9999.000,9999.000,9999.000,9999.000,9999.000,9999.000
202606200642,   0.300,   1.210,9999.000,9999.000,9999.000,9999.000,9999.000,9999.000,9999.000
202606200648,   0.289,   1.190,9999.000,9999.000,9999.000,9999.000,9999.000,9999.000,9999.000
202606200654,   0.278,   1.220,9999.000,9999.000,9999.000,9999.000,9999.000,9999.000,9999.000
202606200700,   0.267,   1.170,   0.700,   0.203,   1.170,   0.700,   1.170,   0.700,   1.170
202606200706,   0.256,   1.088,9999.000,9999.000,9999.000,9999.000,9999.000,9999.000,9999.000
202606200712,   0.246,   1.020,9999.000,9999.000,9999.000,9999.000,9999.000,9999.000,9999.000
202606200718,   0.237,   1.289,9999.000,9999.000,9999.000,9999.000,9999.000,9999.000,9999.000
202606200724,   0.227,   0.990,9999.000,9999.000,9999.000,9999.000,9999.000,9999.000,9999.000
202606200730,   0.218,   1.029,9999.000,9999.000,9999.000,9999.000,9999.000,9999.000,9999.000
202606200736,   0.210,   1.161,9999.000,9999.000,9999.000,9999.000,9999.000,9999.000,9999.000
202606200742,   0.202,   1.151,9999.000,9999.000,9999.000,9999.000,9999.000,9999.000,9999.000
202606200748,   0.195,   1.059,9999.000,9999.000,9999.000,9999.000,9999.000,9999.000,9999.000
202606200754,   0.188,   1.138,9999.000,9999.000,9999.000,9999.000,9999.000,9999.000,9999.000
202606200800,   0.181,   0.941,   0.700,   0.060,   0.941,   0.700,   0.941,   0.700,   0.941
202606200806,   0.176,   0.961,9999.000,9999.000,9999.000,9999.000,9999.000,9999.000,9999.000
202606200812,   0.171,   0.928,9999.000,9999.000,9999.000,9999.000,9999.000,9999.000,9999.000
202606200818,   0.166,   1.088,9999.000,9999.000,9999.000,9999.000,9999.000,9999.000,9999.000
202606200824,   0.162,   1.020,9999.000,9999.000,9999.000,9999.000,9999.000,9999.000,9999.000
202606200830,   0.159,   0.859,9999.000,9999.000,9999.000,9999.000,9999.000,9999.000,9999.000
202606200836,   0.156,   1.079,9999.000,9999.000,9999.000,9999.000,9999.000,9999.000,9999.000
202606200842,   0.154,   1.059,9999.000,9999.000,9999.000,9999.000,9999.000,9999.000,9999.000
202606200848,   0.153,   0.980,9999.000,9999.000,9999.000,9999.000,9999.000,9999.000,9999.000
202606200854,   0.152,   1.059,9999.000,9999.000,9999.000,9999.000,9999.000,9999.000,9999.000
202606200900,   0.152,   1.000,   0.700,   0.148,   1.000,   0.700,   1.000,   0.700,   1.000
202606200906,   0.152,   1.000,9999.000,9999.000,9999.000,9999.000,9999.000,9999.000,9999.000
202606200912,   0.154,   1.039,9999.000,9999.000,9999.000,9999.000,9999.000,9999.000,9999.000
202606200918,   0.155,   1.020,9999.000,9999.000,9999.000,9999.000,9999.000,9999.000,9999.000
202606200924,   0.158,   1.029,9999.000,9999.000,9999.000,9999.000,9999.000,9999.000,9999.000
202606200930,   0.161,   1.079,9999.000,9999.000,9999.000,9999.000,9999.000,9999.000,9999.000
202606200936,   0.164,   1.039,9999.000,9999.000,9999.000,9999.000,9999.000,9999.000,9999.000
202606200942,   0.169,   1.088,9999.000,9999.000,9999.000,9999.000,9999.000,9999.000,9999.000
202606200948,   0.173,   1.049,9999.000,9999.000,9999.000,9999.000,9999.000,9999.000,9999.000
202606200954,   0.178,   1.088,9999.000,9999.000,9999.000,9999.000,9999.000,9999.000,9999.000
202606201000,   0.184,   1.020,   0.700,   0.136,   1.020,   0.700,   1.020,   0.700,   1.020
202606201006,   0.190,   1.088,9999.000,9999.000,9999.000,9999.000,9999.000,9999.000,9999.000
202606201012,   0.197,   1.079,9999.000,9999.000,9999.000,9999.000,9999.000,9999.000,9999.000
202606201018,   0.204,   1.108,9999.000,9999.000,9999.000,9999.000,9999.000,9999.000,9999.000
202606201024,   0.212,   1.108,9999.000,9999.000,9999.000,9999.000,9999.000,9999.000,9999.000
202606201030,   0.220,   1.108,9999.000,9999.000,9999.000,9999.000,9999.000,9999.000,9999.000
202606201036,   0.229,   1.098,9999.000,9999.000,9999.000,9999.000,9999.000,9999.000,9999.000
202606201042,   0.237,   1.088,9999.000,9999.000,9999.000,9999.000,9999.000,9999.000,9999.000
202606201048,   0.247,   1.151,9999.000,9999.000,9999.000,9999.000,9999.000,9999.000,9999.000
202606201054,   0.257,   1.138,9999.000,9999.000,9999.000,9999.000,9999.000,9999.000,9999.000
202606201100,   0.267,   1.180,   0.700,   0.213,   1.180,   0.700,   1.180,   0.700,   1.180
202606201106,   0.277,   1.229,9999.000,9999.000,9999.000,9999.000,9999.000,9999.000,9999.000
202606201112,   0.288,   1.298,9999.000,9999.000,9999.000,9999.000,9999.000,9999.000,9999.000
202606201118,   0.299,   1.279,9999.000,9999.000,9999.000,9999.000,9999.000,9999.000,9999.000
202606201124,   0.311,   1.239,9999.000,9999.000,9999.000,9999.000,9999.000,9999.000,9999.000
202606201130,   0.323,   1.220,9999.000,9999.000,9999.000,9999.000,9999.000,9999.000,9999.000
202606201136,   0.335,   1.190,9999.000,9999.000,9999.000,9999.000,9999.000,9999.000,9999.000
202606201142,   0.348,   1.249,9999.000,9999.000,9999.000,9999.000,9999.000,9999.000,9999.000
202606201148,   0.361,   1.239,9999.000,9999.000,9999.000,9999.000,9999.000,9999.000,9999.000
202606201154,   0.374,   1.239,9999.000,9999.000,9999.000,9999.000,9999.000,9999.000,9999.000
202606201200,   0.388,   1.259,   0.700,   0.171,   1.259,   0.600,   1.159,   0.800,   1.359
202606201206,   0.402,   1.348,9999.000,9999.000,9999.000,9999.000,9999.000,9999.000,9999.000
202606201212,   0.416,   1.430,9999.000,9999.000,9999.000,9999.000,9999.000,9999.000,9999.000
202606201218,   0.431,   1.439,9999.000,9999.000,9999.000,9999.000,9999.000,9999.000,9999.000
202606201224,   0.446,   1.439,9999.000,9999.000,9999.000,9999.000,9999.000,9999.000,9999.000
202606201230,   0.461,   1.449,9999.000,9999.000,9999.000,9999.000,9999.000,9999.000,9999.000
202606201236,   0.476,   1.498,9999.000,9999.000,9999.000,9999.000,9999.000,9999.000,9999.000
202606201242,   0.491,   1.571,9999.000,9999.000,9999.000,9999.000,9999.000,9999.000,9999.000
202606201248,   0.507,   1.571,9999.000,9999.000,9999.000,9999.000,9999.000,9999.000,9999.000
202606201254,   0.522,   1.620,9999.000,9999.000,9999.000,9999.000,9999.000,9999.000,9999.000
202606201300,   0.538,   1.630,   0.700,   0.392,   1.630,   0.600,   1.530,   0.700,   1.630
202606201306,   0.554,   1.620,9999.000,9999.000,9999.000,9999.000,9999.000,9999.000,9999.000
202606201312,   0.570,   1.699,9999.000,9999.000,9999.000,9999.000,9999.000,9999.000,9999.000
202606201318,   0.585,   1.659,9999.000,9999.000,9999.000,9999.000,9999.000,9999.000,9999.000
202606201324,   0.601,   1.620,9999.000,9999.000,9999.000,9999.000,9999.000,9999.000,9999.000
202606201330,   0.616,   1.781,9999.000,9999.000,9999.000,9999.000,9999.000,9999.000,9999.000
202606201336,   0.631,   1.571,9999.000,9999.000,9999.000,9999.000,9999.000,9999.000,9999.000
202606201342,   0.646,   1.781,9999.000,9999.000,9999.000,9999.000,9999.000,9999.000,9999.000
202606201348,   0.661,   1.781,9999.000,9999.000,9999.000,9999.000,9999.000,9999.000,9999.000
202606201354,   0.675,   2.000,9999.000,9999.000,9999.000,9999.000,9999.000,9999.000,9999.000
202606201400,   0.689,   1.557,   0.700,   0.168,   1.557,   0.600,   1.457,   0.700,   1.557
202606201406,   0.703,   1.981,9999.000,9999.000,9999.000,9999.000,9999.000,9999.000,9999.000
202606201412,   0.716,   1.508,9999.000,9999.000,9999.000,9999.000,9999.000,9999.000,9999.000
202606201418,   0.729,   1.781,9999.000,9999.000,9999.000,9999.000,9999.000,9999.000,9999.000
202606201424,   0.741,   1.699,9999.000,9999.000,9999.000,9999.000,9999.000,9999.000,9999.000
202606201430,   0.753,   1.830,9999.000,9999.000,9999.000,9999.000,9999.000,9999.000,9999.000
202606201436,   0.764,   1.767,9999.000,9999.000,9999.000,9999.000,9999.000,9999.000,9999.000
202606201442,   0.775,   1.728,9999.000,9999.000,9999.000,9999.000,9999.000,9999.000,9999.000
202606201448,   0.785,   1.758,9999.000,9999.000,9999.000,9999.000,9999.000,9999.000,9999.000
202606201454,   0.794,   1.908,9999.000,9999.000,9999.000,9999.000,9999.000,9999.000,9999.000
202606201500,   0.803,   1.708,   0.700,   0.205,   1.708,   0.600,   1.608,   0.700,   1.708
202606201506,   0.812,   1.659,9999.000,9999.000,9999.000,9999.000,9999.000,9999.000,9999.000
202606201512,   0.820,   1.859,9999.000,9999.000,9999.000,9999.000,9999.000,9999.000,9999.000
202606201518,   0.827,   2.040,9999.000,9999.000,9999.000,9999.000,9999.000,9999.000,9999.000
202606201524,   0.834,   1.849,9999.000,9999.000,9999.000,9999.000,9999.000,9999.000,9999.000
202606201530,   0.841,   1.781,9999.000,9999.000,9999.000,9999.000,9999.000,9999.000,9999.000
202606201536,   0.847,   1.708,9999.000,9999.000,9999.000,9999.000,9999.000,9999.000,9999.000
202606201542,   0.852,   1.938,9999.000,9999.000,9999.000,9999.000,9999.000,9999.000,9999.000
202606201548,   0.857,   1.758,9999.000,9999.000,9999.000,9999.000,9999.000,9999.000,9999.000
202606201554,   0.862,   1.669,9999.000,9999.000,9999.000,9999.000,9999.000,9999.000,9999.000
202606201600,   0.866,   1.767,   0.700,   0.201,   1.767,   0.600,   1.667,   0.700,   1.767
202606201606,   0.870,   1.840,9999.000,9999.000,9999.000,9999.000,9999.000,9999.000,9999.000
202606201612,   0.873,   1.869,9999.000,9999.000,9999.000,9999.000,9999.000,9999.000,9999.000
202606201618,   0.876,   1.830,9999.000,9999.000,9999.000,9999.000,9999.000,9999.000,9999.000
202606201624,   0.879,   1.728,9999.000,9999.000,9999.000,9999.000,9999.000,9999.000,9999.000
202606201630,   0.882,   1.758,9999.000,9999.000,9999.000,9999.000,9999.000,9999.000,9999.000
202606201636,   0.884,   1.869,9999.000,9999.000,9999.000,9999.000,9999.000,9999.000,9999.000
202606201642,   0.886,   1.781,9999.000,9999.000,9999.000,9999.000,9999.000,9999.000,9999.000
202606201648,   0.887,   1.718,9999.000,9999.000,9999.000,9999.000,9999.000,9999.000,9999.000
202606201654,   0.889,   1.767,9999.000,9999.000,9999.000,9999.000,9999.000,9999.000,9999.000
202606201700,   0.890,   1.830,   0.700,   0.240,   1.830,   0.600,   1.730,   0.700,   1.830
202606201706,   0.891,   1.840,9999.000,9999.000,9999.000,9999.000,9999.000,9999.000,9999.000
202606201712,   0.891,   1.810,9999.000,9999.000,9999.000,9999.000,9999.000,9999.000,9999.000
202606201718,   0.892,   1.748,9999.000,9999.000,9999.000,9999.000,9999.000,9999.000,9999.000
202606201724,   0.892,   1.810,9999.000,9999.000,9999.000,9999.000,9999.000,9999.000,9999.000
202606201730,   0.892,   1.810,9999.000,9999.000,9999.000,9999.000,9999.000,9999.000,9999.000
202606201736,   0.891,   1.758,9999.000,9999.000,9999.000,9999.000,9999.000,9999.000,9999.000
202606201742,   0.890,   1.728,9999.000,9999.000,9999.000,9999.000,9999.000,9999.000,9999.000
202606201748,   0.889,   1.767,9999.000,9999.000,9999.000,9999.000,9999.000,9999.000,9999.000
202606201754,   0.888,   1.879,9999.000,9999.000,9999.000,9999.000,9999.000,9999.000,9999.000
202606201800,   0.886,   1.879,   0.800,   0.193,   1.879,   0.700,   1.779,   0.800,   1.879
202606201806,   0.884,   1.830,9999.000,9999.000,9999.000,9999.000,9999.000,9999.000,9999.000
202606201812,   0.882,   1.781,9999.000,9999.000,9999.000,9999.000,9999.000,9999.000,9999.000
202606201818,   0.879,   1.879,9999.000,9999.000,9999.000,9999.000,9999.000,9999.000,9999.000
202606201824,   0.876,   1.728,9999.000,9999.000,9999.000,9999.000,9999.000,9999.000,9999.000
202606201830,   0.873,   1.699,9999.000,9999.000,9999.000,9999.000,9999.000,9999.000,9999.000
202606201836,   0.870,   1.689,9999.000,9999.000,9999.000,9999.000,9999.000,9999.000,9999.000
202606201842,   0.866,   1.820,9999.000,9999.000,9999.000,9999.000,9999.000,9999.000,9999.000
202606201848,   0.862,   1.548,9999.000,9999.000,9999.000,9999.000,9999.000,9999.000,9999.000
202606201854,   0.857,   1.528,9999.000,9999.000,9999.000,9999.000,9999.000,9999.000,9999.000
202606201900,   0.852,   1.781,   0.800,   0.129,   1.781,   0.700,   1.681,   0.800,   1.781
202606201906,   0.848,   1.610,9999.000,9999.000,9999.000,9999.000,9999.000,9999.000,9999.000
202606201912,   0.842,   1.767,9999.000,9999.000,9999.000,9999.000,9999.000,9999.000,9999.000
202606201918,   0.837,   1.669,9999.000,9999.000,9999.000,9999.000,9999.000,9999.000,9999.000
202606201924,   0.831,   1.580,9999.000,9999.000,9999.000,9999.000,9999.000,9999.000,9999.000
202606201930,   0.826,   1.580,9999.000,9999.000,9999.000,9999.000,9999.000,9999.000,9999.000
202606201936,   0.820,   1.479,9999.000,9999.000,9999.000,9999.000,9999.000,9999.000,9999.000
202606201942,   0.814,   1.630,9999.000,9999.000,9999.000,9999.000,9999.000,9999.000,9999.000
202606201948,   0.808,   1.430,9999.000,9999.000,9999.000,9999.000,9999.000,9999.000,9999.000
202606201954,   0.802,   1.518,9999.000,9999.000,9999.000,9999.000,9999.000,9999.000,9999.000
202606202000,   0.796,   1.489,   0.800,  -0.107,   1.489,   0.700,   1.389,   0.800,   1.489
202606202006,   0.790,   1.439,9999.000,9999.000,9999.000,9999.000,9999.000,9999.000,9999.000
202606202012,   0.784,   1.508,9999.000,9999.000,9999.000,9999.000,9999.000,9999.000,9999.000
202606202018,   0.778,   1.518,9999.000,9999.000,9999.000,9999.000,9999.000,9999.000,9999.000
202606202024,   0.772,   1.449,9999.000,9999.000,9999.000,9999.000,9999.000,9999.000,9999.000
202606202030,   0.766,   1.439,9999.000,9999.000,9999.000,9999.000,9999.000,9999.000,9999.000
202606202036,   0.761,   1.439,9999.000,9999.000,9999.000,9999.000,9999.000,9999.000,9999.000
202606202042,   0.755,   1.430,9999.000,9999.000,9999.000,9999.000,9999.000,9999.000,9999.000
202606202048,   0.750,   1.430,9999.000,9999.000,9999.000,9999.000,9999.000,9999.000,9999.000
202606202054,   0.745,   1.390,9999.000,9999.000,9999.000,9999.000,9999.000,9999.000,9999.000
202606202100,   0.740,   1.400,   0.800,  -0.140,   1.400,   0.700,   1.300,   0.800,   1.400
202606202106,   0.735,   1.430,9999.000,9999.000,9999.000,9999.000,9999.000,9999.000,9999.000
202606202112,   0.731,   1.400,9999.000,9999.000,9999.000,9999.000,9999.000,9999.000,9999.000
202606202118,   0.727,   1.348,9999.000,9999.000,9999.000,9999.000,9999.000,9999.000,9999.000
202606202124,   0.722,   1.361,9999.000,9999.000,9999.000,9999.000,9999.000,9999.000,9999.000
202606202130,   0.718,   1.430,9999.000,9999.000,9999.000,9999.000,9999.000,9999.000,9999.000
202606202136,   0.715,   1.430,9999.000,9999.000,9999.000,9999.000,9999.000,9999.000,9999.000
202606202142,   0.711,   1.459,9999.000,9999.000,9999.000,9999.000,9999.000,9999.000,9999.000
202606202148,   0.708,   1.430,9999.000,9999.000,9999.000,9999.000,9999.000,9999.000,9999.000
202606202154,   0.704,   1.420,9999.000,9999.000,9999.000,9999.000,9999.000,9999.000,9999.000
202606202200,   0.701,   1.430,   0.800,  -0.071,   1.430,   0.700,   1.330,   0.800,   1.430
202606202206,   0.698,   1.410,9999.000,9999.000,9999.000,9999.000,9999.000,9999.000,9999.000
202606202212,   0.695,   1.361,9999.000,9999.000,9999.000,9999.000,9999.000,9999.000,9999.000
202606202218,   0.693,   1.410,9999.000,9999.000,9999.000,9999.000,9999.000,9999.000,9999.000
202606202224,   0.690,   1.469,9999.000,9999.000,9999.000,9999.000,9999.000,9999.000,9999.000
202606202230,   0.688,   1.430,9999.000,9999.000,9999.000,9999.000,9999.000,9999.000,9999.000
202606202236,   0.685,   1.420,9999.000,9999.000,9999.000,9999.000,9999.000,9999.000,9999.000
202606202242,   0.683,   1.449,9999.000,9999.000,9999.000,9999.000,9999.000,9999.000,9999.000
202606202248,   0.681,   1.439,9999.000,9999.000,9999.000,9999.000,9999.000,9999.000,9999.000
202606202254,   0.679,   1.459,9999.000,9999.000,9999.000,9999.000,9999.000,9999.000,9999.000
202606202300,   0.677,   1.459,   0.700,   0.082,   1.459,   0.700,   1.459,   0.800,   1.559
202606202306,   0.675,   1.449,9999.000,9999.000,9999.000,9999.000,9999.000,9999.000,9999.000
202606202312,   0.674,   1.489,9999.000,9999.000,9999.000,9999.000,9999.000,9999.000,9999.000
202606202318,   0.673,   1.459,9999.000,9999.000,9999.000,9999.000,9999.000,9999.000,9999.000
202606202324,   0.672,   1.439,9999.000,9999.000,9999.000,9999.000,9999.000,9999.000,9999.000
202606202330,   0.671,   1.449,9999.000,9999.000,9999.000,9999.000,9999.000,9999.000,9999.000
202606202336,   0.670,   1.479,9999.000,9999.000,9999.000,9999.000,9999.000,9999.000,9999.000
202606202342,   0.669,   1.469,9999.000,9999.000,9999.000,9999.000,9999.000,9999.000,9999.000
202606202348,   0.669,   1.489,9999.000,9999.000,9999.000,9999.000,9999.000,9999.000,9999.000
202606202354,   0.669,   1.449,9999.000,9999.000,9999.000,9999.000,9999.000,9999.000,9999.000
202606210000,   0.669,   1.439,   0.800,  -0.030,   1.439,   0.700,   1.339,   0.800,   1.439
202606210006,   0.670,   1.498,9999.000,9999.000,9999.000,9999.000,9999.000,9999.000,9999.000
202606210012,   0.671,   1.518,9999.000,9999.000,9999.000,9999.000,9999.000,9999.000,9999.000
202606210018,   0.672,   1.498,9999.000,9999.000,9999.000,9999.000,9999.000,9999.000,9999.000
202606210024,   0.673,   1.489,9999.000,9999.000,9999.000,9999.000,9999.000,9999.000,9999.000
202606210030,   0.675,   1.528,9999.000,9999.000,9999.000,9999.000,9999.000,9999.000,9999.000
202606210036,   0.677,   1.557,9999.000,9999.000,9999.000,9999.000,9999.000,9999.000,9999.000
202606210042,   0.679,   1.518,9999.000,9999.000,9999.000,9999.000,9999.000,9999.000,9999.000
202606210048,   0.681,   1.518,9999.000,9999.000,9999.000,9999.000,9999.000,9999.000,9999.000
202606210054,   0.684,   1.498,9999.000,9999.000,9999.000,9999.000,9999.000,9999.000,9999.000
202606210100,   0.686,   1.489,   0.800,   0.003,   1.489,   0.700,   1.389,   0.800,   1.489
202606210106,   0.689,   1.479,9999.000,9999.000,9999.000,9999.000,9999.000,9999.000,9999.000
202606210112,   0.693,   1.518,9999.000,9999.000,9999.000,9999.000,9999.000,9999.000,9999.000
202606210118,   0.696,   1.518,9999.000,9999.000,9999.000,9999.000,9999.000,9999.000,9999.000
202606210124,   0.699,   1.580,9999.000,9999.000,9999.000,9999.000,9999.000,9999.000,9999.000
202606210130,   0.702,   1.679,9999.000,9999.000,9999.000,9999.000,9999.000,9999.000,9999.000
202606210136,   0.706,   1.508,9999.000,9999.000,9999.000,9999.000,9999.000,9999.000,9999.000
202606210142,   0.709,   1.220,9999.000,9999.000,9999.000,9999.000,9999.000,9999.000,9999.000
202606210148,   0.712,   1.548,9999.000,9999.000,9999.000,9999.000,9999.000,9999.000,9999.000
202606210154,   0.716,   1.479,9999.000,9999.000,9999.000,9999.000,9999.000,9999.000,9999.000
202606210200,   0.718,   1.390,   0.800,  -0.128,   1.390,   0.700,   1.290,   0.800,   1.390
202606210206,   0.721,   1.420,9999.000,9999.000,9999.000,9999.000,9999.000,9999.000,9999.000
202606210212,   0.724,   1.659,9999.000,9999.000,9999.000,9999.000,9999.000,9999.000,9999.000
202606210218,   0.726,   1.620,9999.000,9999.000,9999.000,9999.000,9999.000,9999.000,9999.000
202606210224,   0.728,   1.508,9999.000,9999.000,9999.000,9999.000,9999.000,9999.000,9999.000
202606210230,   0.730,   1.600,9999.000,9999.000,9999.000,9999.000,9999.000,9999.000,9999.000
202606210236,   0.731,   1.548,9999.000,9999.000,9999.000,9999.000,9999.000,9999.000,9999.000
202606210242,   0.732,   1.449,9999.000,9999.000,9999.000,9999.000,9999.000,9999.000,9999.000
202606210248,   0.733,   1.479,9999.000,9999.000,9999.000,9999.000,9999.000,9999.000,9999.000
202606210254,   0.733,   1.600,9999.000,9999.000,9999.000,9999.000,9999.000,9999.000,9999.000
202606210300,   0.733,   1.410,   0.800,  -0.123,   1.410,   0.700,   1.310,   0.800,   1.410
202606210306,   0.732,   1.590,9999.000,9999.000,9999.000,9999.000,9999.000,9999.000,9999.000
202606210312,   0.731,   1.538,9999.000,9999.000,9999.000,9999.000,9999.000,9999.000,9999.000
202606210318,   0.730,   1.528,9999.000,9999.000,9999.000,9999.000,9999.000,9999.000,9999.000
202606210324,   0.728,   1.479,9999.000,9999.000,9999.000,9999.000,9999.000,9999.000,9999.000
202606210330,   0.726,   1.508,9999.000,9999.000,9999.000,9999.000,9999.000,9999.000,9999.000
202606210336,   0.724,   1.508,9999.000,9999.000,9999.000,9999.000,9999.000,9999.000,9999.000
202606210342,   0.721,   1.580,9999.000,9999.000,9999.000,9999.000,9999.000,9999.000,9999.000
202606210348,   0.718,   1.508,9999.000,9999.000,9999.000,9999.000,9999.000,9999.000,9999.000
202606210354,   0.714,   1.528,9999.000,9999.000,9999.000,9999.000,9999.000,9999.000,9999.000
202606210400,   0.711,   1.518,   0.800,   0.007,   1.518,   0.700,   1.418,   0.800,   1.518
202606210406,   0.707,   1.580,9999.000,9999.000,9999.000,9999.000,9999.000,9999.000,9999.000
202606210412,   0.702,   1.459,9999.000,9999.000,9999.000,9999.000,9999.000,9999.000,9999.000
202606210418,   0.698,   1.430,9999.000,9999.000,9999.000,9999.000,9999.000,9999.000,9999.000
202606210424,   0.693,   1.528,9999.000,9999.000,9999.000,9999.000,9999.000,9999.000,9999.000
202606210430,   0.689,   1.479,9999.000,9999.000,9999.000,9999.000,9999.000,9999.000,9999.000
202606210436,   0.684,   1.479,9999.000,9999.000,9999.000,9999.000,9999.000,9999.000,9999.000
202606210442,   0.678,   1.449,9999.000,9999.000,9999.000,9999.000,9999.000,9999.000,9999.000
202606210448,   0.673,   1.528,9999.000,9999.000,9999.000,9999.000,9999.000,9999.000,9999.000
202606210454,   0.668,   1.538,9999.000,9999.000,9999.000,9999.000,9999.000,9999.000,9999.000
202606210500,   0.662,   1.538,   0.800,   0.076,   1.538,   0.700,   1.438,   0.800,   1.538
202606210506,   0.657,   1.479,9999.000,9999.000,9999.000,9999.000,9999.000,9999.000,9999.000
202606210512,   0.651,   1.518,9999.000,9999.000,9999.000,9999.000,9999.000,9999.000,9999.000
202606210518,   0.645,   1.518,9999.000,9999.000,9999.000,9999.000,9999.000,9999.000,9999.000
202606210524,   0.640,   1.548,9999.000,9999.000,9999.000,9999.000,9999.000,9999.000,9999.000
202606210530,   0.634,   1.469,9999.000,9999.000,9999.000,9999.000,9999.000,9999.000,9999.000
202606210536,   0.627,   1.459,9999.000,9999.000,9999.000,9999.000,9999.000,9999.000,9999.000
202606210542,   0.621,   1.600,9999.000,9999.000,9999.000,9999.000,9999.000,9999.000,9999.000
202606210548,   0.615,   1.439,9999.000,9999.000,9999.000,9999.000,9999.000,9999.000,9999.000
202606210554,   0.608,   1.469,9999.000,9999.000,9999.000,9999.000,9999.000,9999.000,9999.000
202606210600,   0.602,   1.430,   0.700,   0.128,   1.430,   0.700,   1.430,   0.700,   1.430
202606210606,   0.595,   1.469,9999.000,9999.000,9999.000,9999.000,9999.000,9999.000,9999.000
202606210612,   0.588,   1.430,9999.000,9999.000,9999.000,9999.000,9999.000,9999.000,9999.000
202606210618,   0.581,   1.410,9999.000,9999.000,9999.000,9999.000,9999.000,9999.000,9999.000
202606210624,   0.574,   1.439,9999.000,9999.000,9999.000,9999.000,9999.000,9999.000,9999.000
202606210630,   0.566,   1.420,9999.000,9999.000,9999.000,9999.000,9999.000,9999.000,9999.000
202606210636,   0.559,   1.420,9999.000,9999.000,9999.000,9999.000,9999.000,9999.000,9999.000
202606210642,   0.551,   1.410,9999.000,9999.000,9999.000,9999.000,9999.000,9999.000,9999.000
202606210648,   0.543,   1.410,9999.000,9999.000,9999.000,9999.000,9999.000,9999.000,9999.000
202606210654,   0.535,   1.348,9999.000,9999.000,9999.000,9999.000,9999.000,9999.000,9999.000
202606210700,   0.527,   1.348,   0.700,   0.121,   1.348,   0.700,   1.348,   0.700,   1.348
202606210706,   0.519,   1.361,9999.000,9999.000,9999.000,9999.000,9999.000,9999.000,9999.000
202606210712,   0.511,   1.308,9999.000,9999.000,9999.000,9999.000,9999.000,9999.000,9999.000
202606210718,   0.502,   1.269,9999.000,9999.000,9999.000,9999.000,9999.000,9999.000,9999.000
202606210724,   0.494,   1.298,9999.000,9999.000,9999.000,9999.000,9999.000,9999.000,9999.000
202606210730,   0.486,   1.328,9999.000,9999.000,9999.000,9999.000,9999.000,9999.000,9999.000
202606210736,   0.477,   1.348,9999.000,9999.000,9999.000,9999.000,9999.000,9999.000,9999.000
202606210742,   0.469,   1.338,9999.000,9999.000,9999.000,9999.000,9999.000,9999.000,9999.000
202606210748,   0.461,   1.380,9999.000,9999.000,9999.000,9999.000,9999.000,9999.000,9999.000
202606210754,   0.453,   1.400,9999.000,9999.000,9999.000,9999.000,9999.000,9999.000,9999.000
202606210800,   0.445,   1.371,   0.700,   0.226,   1.371,   0.700,   1.371,   0.700,   1.371
202606210806,   0.438,   1.308,9999.000,9999.000,9999.000,9999.000,9999.000,9999.000,9999.000
202606210812,   0.431,   1.269,9999.000,9999.000,9999.000,9999.000,9999.000,9999.000,9999.000
202606210818,   0.424,   1.298,9999.000,9999.000,9999.000,9999.000,9999.000,9999.000,9999.000
202606210824,   0.417,   1.289,9999.000,9999.000,9999.000,9999.000,9999.000,9999.000,9999.000
202606210830,   0.410,   1.298,9999.000,9999.000,9999.000,9999.000,9999.000,9999.000,9999.000
202606210836,   0.404,   1.259,9999.000,9999.000,9999.000,9999.000,9999.000,9999.000,9999.000
202606210842,   0.399,   1.249,9999.000,9999.000,9999.000,9999.000,9999.000,9999.000,9999.000
202606210848,   0.394,   1.259,9999.000,9999.000,9999.000,9999.000,9999.000,9999.000,9999.000
202606210854,   0.389,   1.269,9999.000,9999.000,9999.000,9999.000,9999.000,9999.000,9999.000
202606210900,   0.385,   1.249,   0.700,   0.164,   1.249,   0.700,   1.249,   0.700,   1.249
202606210906,   0.381,   1.229,9999.000,9999.000,9999.000,9999.000,9999.000,9999.000,9999.000
202606210912,   0.377,   1.269,9999.000,9999.000,9999.000,9999.000,9999.000,9999.000,9999.000
202606210918,   0.375,   1.289,9999.000,9999.000,9999.000,9999.000,9999.000,9999.000,9999.000
202606210924,   0.372,   1.348,9999.000,9999.000,9999.000,9999.000,9999.000,9999.000,9999.000
202606210930,   0.370,   1.338,9999.000,9999.000,9999.000,9999.000,9999.000,9999.000,9999.000
202606210936,   0.369,   1.371,9999.000,9999.000,9999.000,9999.000,9999.000,9999.000,9999.000
202606210942,   0.368,   1.420,9999.000,9999.000,9999.000,9999.000,9999.000,9999.000,9999.000
202606210948,   0.367,   1.430,9999.000,9999.000,9999.000,9999.000,9999.000,9999.000,9999.000
202606210954,   0.367,   1.469,9999.000,9999.000,9999.000,9999.000,9999.000,9999.000,9999.000
202606211000,   0.367,   1.508,   0.700,   0.441,   1.508,   0.700,   1.508,   0.700,   1.508
202606211006,   0.368,   1.479,9999.000,9999.000,9999.000,9999.000,9999.000,9999.000,9999.000
202606211012,   0.369,   1.279,9999.000,9999.000,9999.000,9999.000,9999.000,9999.000,9999.000
202606211018,   0.370,   1.338,9999.000,9999.000,9999.000,9999.000,9999.000,9999.000,9999.000
202606211024,   0.372,   1.338,9999.000,9999.000,9999.000,9999.000,9999.000,9999.000,9999.000
202606211030,   0.374,   1.518,9999.000,9999.000,9999.000,9999.000,9999.000,9999.000,9999.000
202606211036,   0.376,   1.580,9999.000,9999.000,9999.000,9999.000,9999.000,9999.000,9999.000
202606211042,   0.379,   1.649,9999.000,9999.000,9999.000,9999.000,9999.000,9999.000,9999.000
202606211048,   0.382,   1.600,9999.000,9999.000,9999.000,9999.000,9999.000,9999.000,9999.000
202606211054,   0.386,   1.840,9999.000,9999.000,9999.000,9999.000,9999.000,9999.000,9999.000
202606211100,   0.390,   1.879,   0.700,   0.789,   1.879,   0.700,   1.879,   0.700,   1.879
202606211106,   0.394,   1.781,9999.000,9999.000,9999.000,9999.000,9999.000,9999.000,9999.000
202606211112,   0.398,   1.689,9999.000,9999.000,9999.000,9999.000,9999.000,9999.000,9999.000
202606211118,   0.403,   1.439,9999.000,9999.000,9999.000,9999.000,9999.000,9999.000,9999.000
202606211124,   0.408,   1.410,9999.000,9999.000,9999.000,9999.000,9999.000,9999.000,9999.000
202606211130,   0.413,   1.439,9999.000,9999.000,9999.000,9999.000,9999.000,9999.000,9999.000
202606211136,   0.419,   1.639,9999.000,9999.000,9999.000,9999.000,9999.000,9999.000,9999.000
202606211142,   0.425,   1.728,9999.000,9999.000,9999.000,9999.000,9999.000,9999.000,9999.000
202606211148,   0.432,   1.859,9999.000,9999.000,9999.000,9999.000,9999.000,9999.000,9999.000
202606211154,   0.439,   1.899,9999.000,9999.000,9999.000,9999.000,9999.000,9999.000,9999.000
202606211200,   0.446,   1.899,   0.700,   0.753,   1.899,   0.600,   1.799,   0.800,   1.999
202606211206,   0.454,   1.669,9999.000,9999.000,9999.000,9999.000,9999.000,9999.000,9999.000
202606211212,   0.462,   1.810,9999.000,9999.000,9999.000,9999.000,9999.000,9999.000,9999.000
202606211218,   0.470,   2.020,9999.000,9999.000,9999.000,9999.000,9999.000,9999.000,9999.000
202606211224,   0.479,   2.138,9999.000,9999.000,9999.000,9999.000,9999.000,9999.000,9999.000
202606211230,   0.488,   1.859,9999.000,9999.000,9999.000,9999.000,9999.000,9999.000,9999.000
202606211236,   0.498,   1.820,9999.000,9999.000,9999.000,9999.000,9999.000,9999.000,9999.000
202606211242,   0.508,   1.728,9999.000,9999.000,9999.000,9999.000,9999.000,9999.000,9999.000
202606211248,   0.518,   1.781,9999.000,9999.000,9999.000,9999.000,9999.000,9999.000,9999.000
202606211254,   0.529,   1.928,9999.000,9999.000,9999.000,9999.000,9999.000,9999.000,9999.000
202606211300,   0.540,   1.981,   0.700,   0.741,   1.981,   0.600,   1.881,   0.800,   2.081
202606211306,   0.551,   2.010,9999.000,9999.000,9999.000,9999.000,9999.000,9999.000,9999.000
202606211312,   0.563,   1.859,9999.000,9999.000,9999.000,9999.000,9999.000,9999.000,9999.000
202606211318,   0.574,   2.030,9999.000,9999.000,9999.000,9999.000,9999.000,9999.000,9999.000
202606211324,   0.586,   2.000,9999.000,9999.000,9999.000,9999.000,9999.000,9999.000,9999.000
202606211330,   0.600,   2.089,9999.000,9999.000,9999.000,9999.000,9999.000,9999.000,9999.000
202606211336,   0.611,   2.118,9999.000,9999.000,9999.000,9999.000,9999.000,9999.000,9999.000
202606211342,   0.623,   2.177,9999.000,9999.000,9999.000,9999.000,9999.000,9999.000,9999.000
202606211348,   0.635,   1.967,9999.000,9999.000,9999.000,9999.000,9999.000,9999.000,9999.000
202606211354,   0.648,   1.918,9999.000,9999.000,9999.000,9999.000,9999.000,9999.000,9999.000
202606211400,   0.660,   1.689,   0.700,   0.329,   1.689,   0.700,   1.689,   0.800,   1.789
202606211406,   0.672,   1.810,9999.000,9999.000,9999.000,9999.000,9999.000,9999.000,9999.000
202606211412,   0.684,   2.000,9999.000,9999.000,9999.000,9999.000,9999.000,9999.000,9999.000
202606211418,   0.696,   1.990,9999.000,9999.000,9999.000,9999.000,9999.000,9999.000,9999.000
202606211424,   0.707,   2.040,9999.000,9999.000,9999.000,9999.000,9999.000,9999.000,9999.000
202606211430,   0.718,   2.279,9999.000,9999.000,9999.000,9999.000,9999.000,9999.000,9999.000
202606211436,   0.729,   2.148,9999.000,9999.000,9999.000,9999.000,9999.000,9999.000,9999.000
202606211442,   0.740,   2.049,9999.000,9999.000,9999.000,9999.000,9999.000,9999.000,9999.000
202606211448,   0.750,   1.990,9999.000,9999.000,9999.000,9999.000,9999.000,9999.000,9999.000
202606211454,   0.760,   2.030,9999.000,9999.000,9999.000,9999.000,9999.000,9999.000,9999.000
202606211500,   0.769,   2.069,   0.700,   0.600,   2.069,   0.700,   2.069,   0.800,   2.169
202606211506,   0.778,   2.040,9999.000,9999.000,9999.000,9999.000,9999.000,9999.000,9999.000
202606211512,   0.787,   1.958,9999.000,9999.000,9999.000,9999.000,9999.000,9999.000,9999.000
202606211518,   0.794,   2.020,9999.000,9999.000,9999.000,9999.000,9999.000,9999.000,9999.000
202606211524,   0.802,   2.138,9999.000,9999.000,9999.000,9999.000,9999.000,9999.000,9999.000
202606211530,   0.809,   2.109,9999.000,9999.000,9999.000,9999.000,9999.000,9999.000,9999.000
202606211536,   0.815,   2.030,9999.000,9999.000,9999.000,9999.000,9999.000,9999.000,9999.000
202606211542,   0.821,   2.000,9999.000,9999.000,9999.000,9999.000,9999.000,9999.000,9999.000
202606211548,   0.827,   2.230,9999.000,9999.000,9999.000,9999.000,9999.000,9999.000,9999.000
202606211554,   0.832,   2.158,9999.000,9999.000,9999.000,9999.000,9999.000,9999.000,9999.000
202606211600,   0.837,   2.118,   0.800,   0.481,   2.118,   0.700,   2.018,   0.800,   2.118
202606211606,   0.841,   2.079,9999.000,9999.000,9999.000,9999.000,9999.000,9999.000,9999.000
202606211612,   0.845,   2.128,9999.000,9999.000,9999.000,9999.000,9999.000,9999.000,9999.000
202606211618,   0.848,   2.069,9999.000,9999.000,9999.000,9999.000,9999.000,9999.000,9999.000
202606211624,   0.851,   2.168,9999.000,9999.000,9999.000,9999.000,9999.000,9999.000,9999.000
202606211630,   0.854,   2.210,9999.000,9999.000,9999.000,9999.000,9999.000,9999.000,9999.000
202606211636,   0.856,   2.138,9999.000,9999.000,9999.000,9999.000,9999.000,9999.000,9999.000
202606211642,   0.858,   2.148,9999.000,9999.000,9999.000,9999.000,9999.000,9999.000,9999.000
202606211648,   0.860,   2.220,9999.000,9999.000,9999.000,9999.000,9999.000,9999.000,9999.000
202606211654,   0.861,   2.000,9999.000,9999.000,9999.000,9999.000,9999.000,9999.000,9999.000
202606211700,   0.862,   2.168,   0.800,   0.506,   2.168,   0.700,   2.068,   0.800,   2.168
202606211706,   0.863,   2.328,9999.000,9999.000,9999.000,9999.000,9999.000,9999.000,9999.000
202606211712,   0.863,   2.368,9999.000,9999.000,9999.000,9999.000,9999.000,9999.000,9999.000
202606211718,   0.863,   2.250,9999.000,9999.000,9999.000,9999.000,9999.000,9999.000,9999.000
202606211724,   0.863,   2.128,9999.000,9999.000,9999.000,9999.000,9999.000,9999.000,9999.000
202606211730,   0.862,   2.200,9999.000,9999.000,9999.000,9999.000,9999.000,9999.000,9999.000
202606211736,   0.861,   2.099,9999.000,9999.000,9999.000,9999.000,9999.000,9999.000,9999.000
202606211742,   0.860,   1.981,9999.000,9999.000,9999.000,9999.000,9999.000,9999.000,9999.000
202606211748,   0.858,   1.820,9999.000,9999.000,9999.000,9999.000,9999.000,9999.000,9999.000
202606211754,   0.856,   1.869,9999.000,9999.000,9999.000,9999.000,9999.000,9999.000,9999.000
202606211800,   0.854,   1.879,   0.800,   0.225,   1.879,   0.700,   1.779,   0.800,   1.879
202606211806,   0.851,   1.859,9999.000,9999.000,9999.000,9999.000,9999.000,9999.000,9999.000
202606211812,   0.847,   1.820,9999.000,9999.000,9999.000,9999.000,9999.000,9999.000,9999.000
202606211818,   0.844,   1.859,9999.000,9999.000,9999.000,9999.000,9999.000,9999.000,9999.000
202606211824,   0.840,   1.948,9999.000,9999.000,9999.000,9999.000,9999.000,9999.000,9999.000
202606211830,   0.835,   2.030,9999.000,9999.000,9999.000,9999.000,9999.000,9999.000,9999.000
202606211836,   0.830,   2.020,9999.000,9999.000,9999.000,9999.000,9999.000,9999.000,9999.000
202606211842,   0.825,   2.030,9999.000,9999.000,9999.000,9999.000,9999.000,9999.000,9999.000
202606211848,   0.819,   2.099,9999.000,9999.000,9999.000,9999.000,9999.000,9999.000,9999.000
202606211854,   0.812,   2.138,9999.000,9999.000,9999.000,9999.000,9999.000,9999.000,9999.000
202606211900,   0.806,   2.059,   0.800,   0.453,   2.059,   0.800,   2.059,   0.800,   2.059
202606211906,   0.799,   1.958,9999.000,9999.000,9999.000,9999.000,9999.000,9999.000,9999.000
202606211912,   0.791,   1.908,9999.000,9999.000,9999.000,9999.000,9999.000,9999.000,9999.000
202606211918,   0.783,   1.849,9999.000,9999.000,9999.000,9999.000,9999.000,9999.000,9999.000
202606211924,   0.775,   1.899,9999.000,9999.000,9999.000,9999.000,9999.000,9999.000,9999.000
202606211930,   0.766,   2.109,9999.000,9999.000,9999.000,9999.000,9999.000,9999.000,9999.000
202606211936,   0.757,   1.879,9999.000,9999.000,9999.000,9999.000,9999.000,9999.000,9999.000
202606211942,   0.748,   1.859,9999.000,9999.000,9999.000,9999.000,9999.000,9999.000,9999.000
202606211948,   0.739,   2.118,9999.000,9999.000,9999.000,9999.000,9999.000,9999.000,9999.000
202606211954,   0.729,   1.689,9999.000,9999.000,9999.000,9999.000,9999.000,9999.000,9999.000
202606212000,   0.719,   1.439,   0.800,  -0.080,   1.439,   0.700,   1.339,   0.800,   1.439
202606212006,   0.709,   1.210,9999.000,9999.000,9999.000,9999.000,9999.000,9999.000,9999.000
202606212012,   0.699,   1.679,9999.000,9999.000,9999.000,9999.000,9999.000,9999.000,9999.000
202606212018,   0.689,   1.600,9999.000,9999.000,9999.000,9999.000,9999.000,9999.000,9999.000
202606212024,   0.679,   1.781,9999.000,9999.000,9999.000,9999.000,9999.000,9999.000,9999.000
202606212030,   0.669,   1.718,9999.000,9999.000,9999.000,9999.000,9999.000,9999.000,9999.000
202606212036,   0.659,   1.781,9999.000,9999.000,9999.000,9999.000,9999.000,9999.000,9999.000
202606212042,   0.649,   1.879,9999.000,9999.000,9999.000,9999.000,9999.000,9999.000,9999.000
202606212048,   0.639,   1.840,9999.000,9999.000,9999.000,9999.000,9999.000,9999.000,9999.000
202606212054,   0.630,   1.748,9999.000,9999.000,9999.000,9999.000,9999.000,9999.000,9999.000
202606212100,   0.620,   1.679,   0.800,   0.259,   1.679,   0.700,   1.579,   0.800,   1.679
202606212106,   0.611,   1.738,9999.000,9999.000,9999.000,9999.000,9999.000,9999.000,9999.000
202606212112,   0.602,   1.689,9999.000,9999.000,9999.000,9999.000,9999.000,9999.000,9999.000
202606212118,   0.593,   1.518,9999.000,9999.000,9999.000,9999.000,9999.000,9999.000,9999.000
202606212124,   0.584,   1.590,9999.000,9999.000,9999.000,9999.000,9999.000,9999.000,9999.000
202606212130,   0.576,   1.620,9999.000,9999.000,9999.000,9999.000,9999.000,9999.000,9999.000
202606212136,   0.568,   1.610,9999.000,9999.000,9999.000,9999.000,9999.000,9999.000,9999.000
202606212142,   0.560,   1.528,9999.000,9999.000,9999.000,9999.000,9999.000,9999.000,9999.000
202606212148,   0.552,   1.548,9999.000,9999.000,9999.000,9999.000,9999.000,9999.000,9999.000
202606212154,   0.545,   1.649,9999.000,9999.000,9999.000,9999.000,9999.000,9999.000,9999.000
202606212200,   0.538,   1.728,   0.800,   0.390,   1.728,   0.700,   1.628,   0.800,   1.728
202606212206,   0.531,   1.669,9999.000,9999.000,9999.000,9999.000,9999.000,9999.000,9999.000
202606212212,   0.525,   1.548,9999.000,9999.000,9999.000,9999.000,9999.000,9999.000,9999.000
202606212218,   0.519,   1.630,9999.000,9999.000,9999.000,9999.000,9999.000,9999.000,9999.000
202606212224,   0.512,   1.639,9999.000,9999.000,9999.000,9999.000,9999.000,9999.000,9999.000
202606212230,   0.507,   1.548,9999.000,9999.000,9999.000,9999.000,9999.000,9999.000,9999.000
202606212236,   0.501,   1.498,9999.000,9999.000,9999.000,9999.000,9999.000,9999.000,9999.000
202606212242,   0.496,   1.498,9999.000,9999.000,9999.000,9999.000,9999.000,9999.000,9999.000
202606212248,   0.491,   1.508,9999.000,9999.000,9999.000,9999.000,9999.000,9999.000,9999.000
202606212254,   0.486,   1.528,9999.000,9999.000,9999.000,9999.000,9999.000,9999.000,9999.000
202606212300,   0.481,   1.518,   0.800,   0.237,   1.518,   0.700,   1.418,   0.800,   1.518
202606212306,   0.477,   1.498,9999.000,9999.000,9999.000,9999.000,9999.000,9999.000,9999.000
202606212312,   0.473,   1.518,9999.000,9999.000,9999.000,9999.000,9999.000,9999.000,9999.000
202606212318,   0.469,   1.548,9999.000,9999.000,9999.000,9999.000,9999.000,9999.000,9999.000
202606212324,   0.465,   1.538,9999.000,9999.000,9999.000,9999.000,9999.000,9999.000,9999.000
202606212330,   0.462,   1.489,9999.000,9999.000,9999.000,9999.000,9999.000,9999.000,9999.000
202606212336,   0.459,   1.528,9999.000,9999.000,9999.000,9999.000,9999.000,9999.000,9999.000
202606212342,   0.456,   1.548,9999.000,9999.000,9999.000,9999.000,9999.000,9999.000,9999.000
202606212348,   0.454,   1.548,9999.000,9999.000,9999.000,9999.000,9999.000,9999.000,9999.000
202606212354,   0.452,   1.538,9999.000,9999.000,9999.000,9999.000,9999.000,9999.000,9999.000
202606220000,   0.451,   1.469,   0.800,   0.218,   1.469,   0.800,   1.469,   0.800,   1.469
202606220006,   0.449,   1.518,9999.000,9999.000,9999.000,9999.000,9999.000,9999.000,9999.000
202606220012,   0.449,   1.630,9999.000,9999.000,9999.000,9999.000,9999.000,9999.000,9999.000
202606220018,   0.448,   1.580,9999.000,9999.000,9999.000,9999.000,9999.000,9999.000,9999.000
202606220024,   0.448,   1.479,9999.000,9999.000,9999.000,9999.000,9999.000,9999.000,9999.000
202606220030,   0.449,   1.659,9999.000,9999.000,9999.000,9999.000,9999.000,9999.000,9999.000
202606220036,   0.450,   1.689,9999.000,9999.000,9999.000,9999.000,9999.000,9999.000,9999.000
202606220042,   0.451,   1.630,9999.000,9999.000,9999.000,9999.000,9999.000,9999.000,9999.000
202606220048,   0.453,   1.649,9999.000,9999.000,9999.000,9999.000,9999.000,9999.000,9999.000
202606220054,   0.455,   1.699,9999.000,9999.000,9999.000,9999.000,9999.000,9999.000,9999.000
202606220100,   0.458,   1.728,   0.800,   0.470,   1.728,   0.800,   1.728,   0.800,   1.728
202606220106,   0.462,   1.699,9999.000,9999.000,9999.000,9999.000,9999.000,9999.000,9999.000
202606220112,   0.465,   1.649,9999.000,9999.000,9999.000,9999.000,9999.000,9999.000,9999.000
202606220118,   0.470,   1.610,9999.000,9999.000,9999.000,9999.000,9999.000,9999.000,9999.000
202606220124,   0.474,   1.659,9999.000,9999.000,9999.000,9999.000,9999.000,9999.000,9999.000
202606220130,   0.479,   1.600,9999.000,9999.000,9999.000,9999.000,9999.000,9999.000,9999.000
202606220136,   0.484,   1.580,9999.000,9999.000,9999.000,9999.000,9999.000,9999.000,9999.000
202606220142,   0.490,   1.580,9999.000,9999.000,9999.000,9999.000,9999.000,9999.000,9999.000
202606220148,   0.496,   1.649,9999.000,9999.000,9999.000,9999.000,9999.000,9999.000,9999.000
202606220154,   0.502,   1.639,9999.000,9999.000,9999.000,9999.000,9999.000,9999.000,9999.000
202606220200,   0.509,   1.659,   0.800,   0.350,   1.659,   0.800,   1.659,   0.800,   1.659
202606220206,   0.516,   1.659,9999.000,9999.000,9999.000,9999.000,9999.000,9999.000,9999.000
202606220212,   0.522,   1.639,9999.000,9999.000,9999.000,9999.000,9999.000,9999.000,9999.000
202606220218,   0.529,   1.649,9999.000,9999.000,9999.000,9999.000,9999.000,9999.000,9999.000
202606220224,   0.536,   1.639,9999.000,9999.000,9999.000,9999.000,9999.000,9999.000,9999.000
202606220230,   0.543,   1.590,9999.000,9999.000,9999.000,9999.000,9999.000,9999.000,9999.000
202606220236,   0.551,   1.600,9999.000,9999.000,9999.000,9999.000,9999.000,9999.000,9999.000
202606220242,   0.558,   1.669,9999.000,9999.000,9999.000,9999.000,9999.000,9999.000,9999.000
202606220248,   0.565,   1.689,9999.000,9999.000,9999.000,9999.000,9999.000,9999.000,9999.000
202606220254,   0.572,   1.620,9999.000,9999.000,9999.000,9999.000,9999.000,9999.000,9999.000
202606220300,   0.578,   1.610,   0.800,   0.232,   1.610,   0.700,   1.510,   0.800,   1.610
202606220306,   0.585,   1.669,9999.000,9999.000,9999.000,9999.000,9999.000,9999.000,9999.000
202606220312,   0.592,   1.630,9999.000,9999.000,9999.000,9999.000,9999.000,9999.000,9999.000
202606220318,   0.598,   1.669,9999.000,9999.000,9999.000,9999.000,9999.000,9999.000,9999.000
202606220324,   0.604,   1.557,9999.000,9999.000,9999.000,9999.000,9999.000,9999.000,9999.000
202606220330,   0.610,   1.669,9999.000,9999.000,9999.000,9999.000,9999.000,9999.000,9999.000
202606220336,   0.616,   1.790,9999.000,9999.000,9999.000,9999.000,9999.000,9999.000,9999.000
202606220342,   0.622,   1.758,9999.000,9999.000,9999.000,9999.000,9999.000,9999.000,9999.000
202606220348,   0.627,   1.758,9999.000,9999.000,9999.000,9999.000,9999.000,9999.000,9999.000
202606220354,   0.633,   1.748,9999.000,9999.000,9999.000,9999.000,9999.000,9999.000,9999.000
202606220400,   0.638,   1.758,   0.800,   0.320,   1.758,   0.700,   1.658,   0.800,   1.758
202606220406,   0.643,   1.748,9999.000,9999.000,9999.000,9999.000,9999.000,9999.000,9999.000
202606220412,   0.647,   1.689,9999.000,9999.000,9999.000,9999.000,9999.000,9999.000,9999.000
202606220418,   0.652,   1.708,9999.000,9999.000,9999.000,9999.000,9999.000,9999.000,9999.000
202606220424,   0.656,   1.830,9999.000,9999.000,9999.000,9999.000,9999.000,9999.000,9999.000
202606220430,   0.660,   1.859,9999.000,9999.000,9999.000,9999.000,9999.000,9999.000,9999.000
202606220436,   0.664,   1.708,9999.000,9999.000,9999.000,9999.000,9999.000,9999.000,9999.000
202606220442,   0.668,   1.708,9999.000,9999.000,9999.000,9999.000,9999.000,9999.000,9999.000
202606220448,   0.672,   1.748,9999.000,9999.000,9999.000,9999.000,9999.000,9999.000,9999.000
202606220454,   0.676,   1.758,9999.000,9999.000,9999.000,9999.000,9999.000,9999.000,9999.000
202606220500,   0.679,   1.830,   0.800,   0.351,   1.830,   0.700,   1.730,   0.800,   1.830
202606220506,   0.682,   1.689,9999.000,9999.000,9999.000,9999.000,9999.000,9999.000,9999.000
202606220512,   0.686,   1.810,9999.000,9999.000,9999.000,9999.000,9999.000,9999.000,9999.000
202606220518,   0.689,   1.689,9999.000,9999.000,9999.000,9999.000,9999.000,9999.000,9999.000
202606220524,   0.691,   1.830,9999.000,9999.000,9999.000,9999.000,9999.000,9999.000,9999.000
202606220530,   0.694,   1.758,9999.000,9999.000,9999.000,9999.000,9999.000,9999.000,9999.000
202606220536,   0.697,   1.840,9999.000,9999.000,9999.000,9999.000,9999.000,9999.000,9999.000
202606220542,   0.699,   1.908,9999.000,9999.000,9999.000,9999.000,9999.000,9999.000,9999.000
202606220548,   0.701,   1.869,9999.000,9999.000,9999.000,9999.000,9999.000,9999.000,9999.000
202606220554,   0.703,   1.790,9999.000,9999.000,9999.000,9999.000,9999.000,9999.000,9999.000
202606220600,   0.705,   1.849,   0.700,   0.444,   1.849,   0.700,   1.849,   0.800,   1.949
202606220606,   0.707,   1.948,9999.000,9999.000,9999.000,9999.000,9999.000,9999.000,9999.000
202606220612,   0.708,   1.840,9999.000,9999.000,9999.000,9999.000,9999.000,9999.000,9999.000
202606220618,   0.709,   1.758,9999.000,9999.000,9999.000,9999.000,9999.000,9999.000,9999.000
202606220624,   0.709,   1.830,9999.000,9999.000,9999.000,9999.000,9999.000,9999.000,9999.000
202606220630,   0.710,   1.899,9999.000,9999.000,9999.000,9999.000,9999.000,9999.000,9999.000
202606220636,   0.709,   1.781,9999.000,9999.000,9999.000,9999.000,9999.000,9999.000,9999.000
202606220642,   0.709,   1.748,9999.000,9999.000,9999.000,9999.000,9999.000,9999.000,9999.000
202606220648,   0.708,   1.718,9999.000,9999.000,9999.000,9999.000,9999.000,9999.000,9999.000
202606220654,   0.707,   1.781,9999.000,9999.000,9999.000,9999.000,9999.000,9999.000,9999.000
202606220700,   0.706,   1.800,   0.700,   0.394,   1.800,   0.700,   1.800,   0.800,   1.900
202606220706,   0.704,   1.800,9999.000,9999.000,9999.000,9999.000,9999.000,9999.000,9999.000
202606220712,   0.702,   1.899,9999.000,9999.000,9999.000,9999.000,9999.000,9999.000,9999.000
202606220718,   0.699,   1.899,9999.000,9999.000,9999.000,9999.000,9999.000,9999.000,9999.000
202606220724,   0.696,   1.948,9999.000,9999.000,9999.000,9999.000,9999.000,9999.000,9999.000
202606220730,   0.693,   1.899,9999.000,9999.000,9999.000,9999.000,9999.000,9999.000,9999.000
202606220736,   0.690,   1.918,9999.000,9999.000,9999.000,9999.000,9999.000,9999.000,9999.000
202606220742,   0.686,   1.948,9999.000,9999.000,9999.000,9999.000,9999.000,9999.000,9999.000
202606220748,   0.682,   1.649,9999.000,9999.000,9999.000,9999.000,9999.000,9999.000,9999.000
202606220754,   0.678,   1.699,9999.000,9999.000,9999.000,9999.000,9999.000,9999.000,9999.000
202606220800,   0.673,   1.580,   0.700,   0.207,   1.580,   0.700,   1.580,   0.800,   1.680
202606220806,   0.669,   1.820,9999.000,9999.000,9999.000,9999.000,9999.000,9999.000,9999.000
202606220812,   0.664,   1.810,9999.000,9999.000,9999.000,9999.000,9999.000,9999.000,9999.000
202606220818,   0.659,   1.758,9999.000,9999.000,9999.000,9999.000,9999.000,9999.000,9999.000
202606220824,   0.654,   1.908,9999.000,9999.000,9999.000,9999.000,9999.000,9999.000,9999.000
202606220830,   0.649,   1.748,9999.000,9999.000,9999.000,9999.000,9999.000,9999.000,9999.000
202606220836,   0.644,   1.869,9999.000,9999.000,9999.000,9999.000,9999.000,9999.000,9999.000
202606220842,   0.639,   1.767,9999.000,9999.000,9999.000,9999.000,9999.000,9999.000,9999.000
202606220848,   0.635,   1.908,9999.000,9999.000,9999.000,9999.000,9999.000,9999.000,9999.000
202606220854,   0.630,   1.938,9999.000,9999.000,9999.000,9999.000,9999.000,9999.000,9999.000
202606220900,   0.625,   1.908,   0.700,   0.583,   1.908,   0.700,   1.908,   0.800,   2.008
202606220906,   0.621,   1.830,9999.000,9999.000,9999.000,9999.000,9999.000,9999.000,9999.000
202606220912,   0.616,   1.820,9999.000,9999.000,9999.000,9999.000,9999.000,9999.000,9999.000
202606220918,   0.612,   1.748,9999.000,9999.000,9999.000,9999.000,9999.000,9999.000,9999.000
202606220924,   0.608,   1.728,9999.000,9999.000,9999.000,9999.000,9999.000,9999.000,9999.000
202606220930,   0.604,   1.781,9999.000,9999.000,9999.000,9999.000,9999.000,9999.000,9999.000
202606220936,   0.601,   1.781,9999.000,9999.000,9999.000,9999.000,9999.000,9999.000,9999.000
202606220942,   0.598,   1.820,9999.000,9999.000,9999.000,9999.000,9999.000,9999.000,9999.000
202606220948,   0.594,   1.899,9999.000,9999.000,9999.000,9999.000,9999.000,9999.000,9999.000
202606220954,   0.592,   1.879,9999.000,9999.000,9999.000,9999.000,9999.000,9999.000,9999.000
202606221000,   0.589,   1.748,   0.700,   0.459,   1.748,   0.700,   1.748,   0.800,   1.848
202606221006,   0.587,   1.758,9999.000,9999.000,9999.000,9999.000,9999.000,9999.000,9999.000
202606221012,   0.585,   1.790,9999.000,9999.000,9999.000,9999.000,9999.000,9999.000,9999.000
202606221018,   0.583,   1.689,9999.000,9999.000,9999.000,9999.000,9999.000,9999.000,9999.000
202606221024,   0.581,   1.790,9999.000,9999.000,9999.000,9999.000,9999.000,9999.000,9999.000
202606221030,   0.580,   1.820,9999.000,9999.000,9999.000,9999.000,9999.000,9999.000,9999.000
202606221036,   0.578,   1.830,9999.000,9999.000,9999.000,9999.000,9999.000,9999.000,9999.000
202606221042,   0.577,   1.758,9999.000,9999.000,9999.000,9999.000,9999.000,9999.000,9999.000
202606221048,   0.577,   1.859,9999.000,9999.000,9999.000,9999.000,9999.000,9999.000,9999.000
202606221054,   0.576,   1.889,9999.000,9999.000,9999.000,9999.000,9999.000,9999.000,9999.000
202606221100,   0.576,   1.790,   0.700,   0.514,   1.790,   0.700,   1.790,   0.800,   1.890
202606221106,   0.576,   1.781,9999.000,9999.000,9999.000,9999.000,9999.000,9999.000,9999.000
202606221112,   0.576,   1.767,9999.000,9999.000,9999.000,9999.000,9999.000,9999.000,9999.000
202606221118,   0.576,   1.800,9999.000,9999.000,9999.000,9999.000,9999.000,9999.000,9999.000
202606221124,   0.576,   1.810,9999.000,9999.000,9999.000,9999.000,9999.000,9999.000,9999.000
202606221130,   0.577,   1.790,9999.000,9999.000,9999.000,9999.000,9999.000,9999.000,9999.000
202606221136,   0.578,   1.810,9999.000,9999.000,9999.000,9999.000,9999.000,9999.000,9999.000
202606221142,   0.579,   1.810,9999.000,9999.000,9999.000,9999.000,9999.000,9999.000,9999.000
202606221148,   0.581,   1.830,9999.000,9999.000,9999.000,9999.000,9999.000,9999.000,9999.000
202606221154,   0.582,   1.748,9999.000,9999.000,9999.000,9999.000,9999.000,9999.000,9999.000
202606221200,   0.584,   1.790,   0.700,   0.506,   1.790,   0.600,   1.690,   0.700,   1.790
202606221206,   0.587,   1.738,9999.000,9999.000,9999.000,9999.000,9999.000,9999.000,9999.000
202606221212,   0.589,   1.800,9999.000,9999.000,9999.000,9999.000,9999.000,9999.000,9999.000
202606221218,   0.592,   1.840,9999.000,9999.000,9999.000,9999.000,9999.000,9999.000,9999.000
202606221224,   0.595,   1.800,9999.000,9999.000,9999.000,9999.000,9999.000,9999.000,9999.000
202606221230,   0.600,   1.800,9999.000,9999.000,9999.000,9999.000,9999.000,9999.000,9999.000
202606221236,   0.603,   1.800,9999.000,9999.000,9999.000,9999.000,9999.000,9999.000,9999.000
202606221242,   0.607,   1.800,9999.000,9999.000,9999.000,9999.000,9999.000,9999.000,9999.000
202606221248,   0.612,   1.758,9999.000,9999.000,9999.000,9999.000,9999.000,9999.000,9999.000
202606221254,   0.617,   1.718,9999.000,9999.000,9999.000,9999.000,9999.000,9999.000,9999.000
202606221300,   0.622,   1.748,   0.700,   0.426,   1.748,   0.600,   1.648,   0.700,   1.748
202606221306,   0.627,   1.800,9999.000,9999.000,9999.000,9999.000,9999.000,9999.000,9999.000
202606221312,   0.633,   1.899,9999.000,9999.000,9999.000,9999.000,9999.000,9999.000,9999.000
202606221318,   0.640,   1.679,9999.000,9999.000,9999.000,9999.000,9999.000,9999.000,9999.000
202606221324,   0.646,   1.958,9999.000,9999.000,9999.000,9999.000,9999.000,9999.000,9999.000
202606221330,   0.653,   1.748,9999.000,9999.000,9999.000,9999.000,9999.000,9999.000,9999.000
202606221336,   0.660,   1.899,9999.000,9999.000,9999.000,9999.000,9999.000,9999.000,9999.000
202606221342,   0.668,   1.620,9999.000,9999.000,9999.000,9999.000,9999.000,9999.000,9999.000
202606221348,   0.675,   1.830,9999.000,9999.000,9999.000,9999.000,9999.000,9999.000,9999.000
202606221354,   0.683,   1.781,9999.000,9999.000,9999.000,9999.000,9999.000,9999.000,9999.000
202606221400,   0.691,   1.918,   0.700,   0.527,   1.918,   0.600,   1.818,   0.700,   1.918
202606221406,   0.699,   1.840,9999.000,9999.000,9999.000,9999.000,9999.000,9999.000,9999.000
202606221412,   0.707,   1.849,9999.000,9999.000,9999.000,9999.000,9999.000,9999.000,9999.000
202606221418,   0.715,   2.030,9999.000,9999.000,9999.000,9999.000,9999.000,9999.000,9999.000
202606221424,   0.724,   1.938,9999.000,9999.000,9999.000,9999.000,9999.000,9999.000,9999.000
202606221430,   0.732,   1.659,9999.000,9999.000,9999.000,9999.000,9999.000,9999.000,9999.000
202606221436,   0.740,   1.889,9999.000,9999.000,9999.000,9999.000,9999.000,9999.000,9999.000
202606221442,   0.748,   1.938,9999.000,9999.000,9999.000,9999.000,9999.000,9999.000,9999.000
202606221448,   0.756,   1.840,9999.000,9999.000,9999.000,9999.000,9999.000,9999.000,9999.000
202606221454,   0.764,   1.699,9999.000,9999.000,9999.000,9999.000,9999.000,9999.000,9999.000
202606221500,   0.772,   1.859,   0.700,   0.387,   1.859,   0.600,   1.759,   0.700,   1.859
202606221506,   0.779,   1.820,9999.000,9999.000,9999.000,9999.000,9999.000,9999.000,9999.000
202606221512,   0.786,   1.918,9999.000,9999.000,9999.000,9999.000,9999.000,9999.000,9999.000
202606221518,   0.793,   2.020,9999.000,9999.000,9999.000,9999.000,9999.000,9999.000,9999.000
202606221524,   0.800,   1.869,9999.000,9999.000,9999.000,9999.000,9999.000,9999.000,9999.000
202606221530,   0.806,   1.918,9999.000,9999.000,9999.000,9999.000,9999.000,9999.000,9999.000
202606221536,   0.812,   1.840,9999.000,9999.000,9999.000,9999.000,9999.000,9999.000,9999.000
202606221542,   0.818,   1.810,9999.000,9999.000,9999.000,9999.000,9999.000,9999.000,9999.000
202606221548,   0.823,   1.840,9999.000,9999.000,9999.000,9999.000,9999.000,9999.000,9999.000
202606221554,   0.828,   1.849,9999.000,9999.000,9999.000,9999.000,9999.000,9999.000,9999.000
202606221600,   0.832,   1.859,   0.700,   0.327,   1.859,   0.600,   1.759,   0.700,   1.859
202606221606,   0.837,   1.869,9999.000,9999.000,9999.000,9999.000,9999.000,9999.000,9999.000
202606221612,   0.840,   1.908,9999.000,9999.000,9999.000,9999.000,9999.000,9999.000,9999.000
202606221618,   0.844,   1.869,9999.000,9999.000,9999.000,9999.000,9999.000,9999.000,9999.000
202606221624,   0.847,   1.908,9999.000,9999.000,9999.000,9999.000,9999.000,9999.000,9999.000
202606221630,   0.850,   1.928,9999.000,9999.000,9999.000,9999.000,9999.000,9999.000,9999.000
202606221636,   0.852,   1.928,9999.000,9999.000,9999.000,9999.000,9999.000,9999.000,9999.000
202606221642,   0.854,9999.000,9999.000,9999.000,9999.000,9999.000,9999.000,9999.000,9999.000
202606221648,   0.856,   1.869,9999.000,9999.000,9999.000,9999.000,9999.000,9999.000,9999.000
202606221654,   0.857,   1.899,9999.000,9999.000,9999.000,9999.000,9999.000,9999.000,9999.000
202606221700,   0.858,   1.889,   0.700,   0.331,   1.889,   0.600,   1.789,   0.700,   1.889
202606221706,   0.859,   1.830,9999.000,9999.000,9999.000,9999.000,9999.000,9999.000,9999.000
202606221712,   0.859,   1.810,9999.000,9999.000,9999.000,9999.000,9999.000,9999.000,9999.000
202606221718,   0.859,   1.718,9999.000,9999.000,9999.000,9999.000,9999.000,9999.000,9999.000
202606221724,   0.859,   1.800,9999.000,9999.000,9999.000,9999.000,9999.000,9999.000,9999.000
202606221730,   0.858,   1.758,9999.000,9999.000,9999.000,9999.000,9999.000,9999.000,9999.000
202606221736,   0.857,   1.849,9999.000,9999.000,9999.000,9999.000,9999.000,9999.000,9999.000
202606221742,   0.855,   1.810,9999.000,9999.000,9999.000,9999.000,9999.000,9999.000,9999.000
202606221748,   0.853,   1.840,9999.000,9999.000,9999.000,9999.000,9999.000,9999.000,9999.000
202606221754,   0.850,   1.859,9999.000,9999.000,9999.000,9999.000,9999.000,9999.000,9999.000
202606221800,   0.848,   1.879,   0.700,   0.331,   1.879,   0.700,   1.879,   0.800,   1.979
202606221806,   0.844,   1.840,9999.000,9999.000,9999.000,9999.000,9999.000,9999.000,9999.000
202606221812,   0.840,   1.800,9999.000,9999.000,9999.000,9999.000,9999.000,9999.000,9999.000
202606221818,   0.836,   1.781,9999.000,9999.000,9999.000,9999.000,9999.000,9999.000,9999.000
202606221824,   0.831,   1.748,9999.000,9999.000,9999.000,9999.000,9999.000,9999.000,9999.000
202606221830,   0.826,   1.718,9999.000,9999.000,9999.000,9999.000,9999.000,9999.000,9999.000
202606221836,   0.821,   1.689,9999.000,9999.000,9999.000,9999.000,9999.000,9999.000,9999.000
202606221842,   0.814,   1.699,9999.000,9999.000,9999.000,9999.000,9999.000,9999.000,9999.000
202606221848,   0.808,   1.699,9999.000,9999.000,9999.000,9999.000,9999.000,9999.000,9999.000
202606221854,   0.800,   1.708,9999.000,9999.000,9999.000,9999.000,9999.000,9999.000,9999.000
202606221900,   0.793,   1.689,   0.700,   0.196,   1.689,   0.700,   1.689,   0.800,   1.789
202606221906,   0.784,   1.669,9999.000,9999.000,9999.000,9999.000,9999.000,9999.000,9999.000
202606221912,   0.776,   1.620,9999.000,9999.000,9999.000,9999.000,9999.000,9999.000,9999.000
202606221918,   0.766,   1.781,9999.000,9999.000,9999.000,9999.000,9999.000,9999.000,9999.000
202606221924,   0.757,   1.669,9999.000,9999.000,9999.000,9999.000,9999.000,9999.000,9999.000
202606221930,   0.746,   1.390,9999.000,9999.000,9999.000,9999.000,9999.000,9999.000,9999.000
202606221936,   0.736,   1.590,9999.000,9999.000,9999.000,9999.000,9999.000,9999.000,9999.000
202606221942,   0.725,   1.748,9999.000,9999.000,9999.000,9999.000,9999.000,9999.000,9999.000
202606221948,   0.713,   1.449,9999.000,9999.000,9999.000,9999.000,9999.000,9999.000,9999.000
202606221954,   0.701,   1.269,9999.000,9999.000,9999.000,9999.000,9999.000,9999.000,9999.000
202606222000,   0.689,   1.580,   0.700,   0.191,   1.580,   0.600,   1.480,   0.700,   1.580
202606222006,   0.677,   1.361,9999.000,9999.000,9999.000,9999.000,9999.000,9999.000,9999.000
202606222012,   0.664,   1.420,9999.000,9999.000,9999.000,9999.000,9999.000,9999.000,9999.000
202606222018,   0.651,   1.548,9999.000,9999.000,9999.000,9999.000,9999.000,9999.000,9999.000
202606222024,   0.638,   1.528,9999.000,9999.000,9999.000,9999.000,9999.000,9999.000,9999.000
202606222030,   0.624,   1.400,9999.000,9999.000,9999.000,9999.000,9999.000,9999.000,9999.000
202606222036,   0.611,   1.459,9999.000,9999.000,9999.000,9999.000,9999.000,9999.000,9999.000
202606222042,   0.597,   1.430,9999.000,9999.000,9999.000,9999.000,9999.000,9999.000,9999.000
202606222048,   0.584,   1.439,9999.000,9999.000,9999.000,9999.000,9999.000,9999.000,9999.000
202606222054,   0.570,   1.269,9999.000,9999.000,9999.000,9999.000,9999.000,9999.000,9999.000
202606222100,   0.557,   1.348,   0.700,   0.091,   1.348,   0.600,   1.248,   0.700,   1.348
202606222106,   0.543,   1.489,9999.000,9999.000,9999.000,9999.000,9999.000,9999.000,9999.000
202606222112,   0.530,   1.400,9999.000,9999.000,9999.000,9999.000,9999.000,9999.000,9999.000
202606222118,   0.516,   1.308,9999.000,9999.000,9999.000,9999.000,9999.000,9999.000,9999.000
202606222124,   0.503,   1.308,9999.000,9999.000,9999.000,9999.000,9999.000,9999.000,9999.000
202606222130,   0.490,   1.210,9999.000,9999.000,9999.000,9999.000,9999.000,9999.000,9999.000
202606222136,   0.477,   1.279,9999.000,9999.000,9999.000,9999.000,9999.000,9999.000,9999.000
202606222142,   0.465,   1.118,9999.000,9999.000,9999.000,9999.000,9999.000,9999.000,9999.000
202606222148,   0.453,   1.161,9999.000,9999.000,9999.000,9999.000,9999.000,9999.000,9999.000
202606222154,   0.441,   1.239,9999.000,9999.000,9999.000,9999.000,9999.000,9999.000,9999.000
202606222200,   0.429,   1.190,   0.700,   0.061,   1.190,   0.600,   1.090,   0.700,   1.190
202606222206,   0.417,   1.229,9999.000,9999.000,9999.000,9999.000,9999.000,9999.000,9999.000
202606222212,   0.406,   1.138,9999.000,9999.000,9999.000,9999.000,9999.000,9999.000,9999.000
202606222218,   0.395,   1.170,9999.000,9999.000,9999.000,9999.000,9999.000,9999.000,9999.000
202606222224,   0.385,   1.128,9999.000,9999.000,9999.000,9999.000,9999.000,9999.000,9999.000
202606222230,   0.375,   1.170,9999.000,9999.000,9999.000,9999.000,9999.000,9999.000,9999.000
202606222236,   0.365,   1.118,9999.000,9999.000,9999.000,9999.000,9999.000,9999.000,9999.000
202606222242,   0.355,   1.088,9999.000,9999.000,9999.000,9999.000,9999.000,9999.000,9999.000
202606222248,   0.346,   1.151,9999.000,9999.000,9999.000,9999.000,9999.000,9999.000,9999.000
202606222254,   0.337,   1.151,9999.000,9999.000,9999.000,9999.000,9999.000,9999.000,9999.000
202606222300,   0.329,   1.170,   0.700,   0.141,   1.170,   0.600,   1.070,   0.700,   1.170
202606222306,   0.321,   1.128,9999.000,9999.000,9999.000,9999.000,9999.000,9999.000,9999.000
202606222312,   0.313,   1.128,9999.000,9999.000,9999.000,9999.000,9999.000,9999.000,9999.000
202606222318,   0.306,   1.128,9999.000,9999.000,9999.000,9999.000,9999.000,9999.000,9999.000
202606222324,   0.299,   1.128,9999.000,9999.000,9999.000,9999.000,9999.000,9999.000,9999.000
202606222330,   0.293,   1.079,9999.000,9999.000,9999.000,9999.000,9999.000,9999.000,9999.000
202606222336,   0.286,   1.088,9999.000,9999.000,9999.000,9999.000,9999.000,9999.000,9999.000
202606222342,   0.281,   1.079,9999.000,9999.000,9999.000,9999.000,9999.000,9999.000,9999.000
202606222348,   0.275,   1.088,9999.000,9999.000,9999.000,9999.000,9999.000,9999.000,9999.000
202606222354,   0.271,   1.069,9999.000,9999.000,9999.000,9999.000,9999.000,9999.000,9999.000
202606230000,   0.266,   1.049,   0.700,   0.083,   1.049,   0.600,   0.949,   0.700,   1.049
202606230006,   0.262,   1.049,9999.000,9999.000,9999.000,9999.000,9999.000,9999.000,9999.000
202606230012,   0.259,   1.059,9999.000,9999.000,9999.000,9999.000,9999.000,9999.000,9999.000
202606230018,   0.256,   1.049,9999.000,9999.000,9999.000,9999.000,9999.000,9999.000,9999.000
202606230024,   0.253,   1.039,9999.000,9999.000,9999.000,9999.000,9999.000,9999.000,9999.000
202606230030,   0.252,   1.059,9999.000,9999.000,9999.000,9999.000,9999.000,9999.000,9999.000
202606230036,   0.250,   1.108,9999.000,9999.000,9999.000,9999.000,9999.000,9999.000,9999.000
202606230042,   0.249,   1.161,9999.000,9999.000,9999.000,9999.000,9999.000,9999.000,9999.000
202606230048,   0.249,   1.151,9999.000,9999.000,9999.000,9999.000,9999.000,9999.000,9999.000
202606230054,   0.249,   1.190,9999.000,9999.000,9999.000,9999.000,9999.000,9999.000,9999.000
202606230100,   0.250,   1.190,   0.700,   0.240,   1.190,   0.600,   1.090,   0.700,   1.190
202606230106,   0.251,   1.210,9999.000,9999.000,9999.000,9999.000,9999.000,9999.000,9999.000
202606230112,   0.253,   1.190,9999.000,9999.000,9999.000,9999.000,9999.000,9999.000,9999.000
202606230118,   0.256,   1.170,9999.000,9999.000,9999.000,9999.000,9999.000,9999.000,9999.000
202606230124,   0.259,   1.210,9999.000,9999.000,9999.000,9999.000,9999.000,9999.000,9999.000
202606230130,   0.263,   0.951,9999.000,9999.000,9999.000,9999.000,9999.000,9999.000,9999.000
202606230136,   0.267,   1.118,9999.000,9999.000,9999.000,9999.000,9999.000,9999.000,9999.000
202606230142,   0.271,   1.161,9999.000,9999.000,9999.000,9999.000,9999.000,9999.000,9999.000
202606230148,   0.277,   1.180,9999.000,9999.000,9999.000,9999.000,9999.000,9999.000,9999.000
202606230154,   0.282,   1.151,9999.000,9999.000,9999.000,9999.000,9999.000,9999.000,9999.000
202606230200,   0.289,   1.138,   0.700,   0.149,   1.138,   0.600,   1.038,   0.700,   1.138
202606230206,   0.295,   1.190,9999.000,9999.000,9999.000,9999.000,9999.000,9999.000,9999.000
202606230212,   0.302,   1.249,9999.000,9999.000,9999.000,9999.000,9999.000,9999.000,9999.000
202606230218,   0.310,   1.249,9999.000,9999.000,9999.000,9999.000,9999.000,9999.000,9999.000
202606230224,   0.318,   1.200,9999.000,9999.000,9999.000,9999.000,9999.000,9999.000,9999.000
202606230230,   0.326,   1.239,9999.000,9999.000,9999.000,9999.000,9999.000,9999.000,9999.000
202606230236,   0.335,   1.279,9999.000,9999.000,9999.000,9999.000,9999.000,9999.000,9999.000
202606230242,   0.344,   1.318,9999.000,9999.000,9999.000,9999.000,9999.000,9999.000,9999.000
202606230248,   0.353,   1.308,9999.000,9999.000,9999.000,9999.000,9999.000,9999.000,9999.000
202606230254,   0.362,   1.229,9999.000,9999.000,9999.000,9999.000,9999.000,9999.000,9999.000
202606230300,   0.372,   1.249,   0.700,   0.177,   1.249,   0.600,   1.149,   0.700,   1.249
202606230306,   0.382,   1.338,9999.000,9999.000,9999.000,9999.000,9999.000,9999.000,9999.000
202606230312,   0.392,   1.190,9999.000,9999.000,9999.000,9999.000,9999.000,9999.000,9999.000
202606230318,   0.403,   1.088,9999.000,9999.000,9999.000,9999.000,9999.000,9999.000,9999.000
202606230324,   0.413,   1.180,9999.000,9999.000,9999.000,9999.000,9999.000,9999.000,9999.000
202606230330,   0.424,   1.328,9999.000,9999.000,9999.000,9999.000,9999.000,9999.000,9999.000
202606230336,   0.434,   1.390,9999.000,9999.000,9999.000,9999.000,9999.000,9999.000,9999.000
202606230342,   0.445,   1.220,9999.000,9999.000,9999.000,9999.000,9999.000,9999.000,9999.000
202606230348,   0.456,   1.229,9999.000,9999.000,9999.000,9999.000,9999.000,9999.000,9999.000
202606230354,   0.467,   1.371,9999.000,9999.000,9999.000,9999.000,9999.000,9999.000,9999.000
202606230400,   0.478,   1.571,   0.700,   0.393,   1.571,   0.600,   1.471,   0.700,   1.571
202606230406,   0.489,   1.361,9999.000,9999.000,9999.000,9999.000,9999.000,9999.000,9999.000
202606230412,   0.500,   1.279,9999.000,9999.000,9999.000,9999.000,9999.000,9999.000,9999.000
202606230418,   0.511,   1.390,9999.000,9999.000,9999.000,9999.000,9999.000,9999.000,9999.000
202606230424,   0.523,   1.479,9999.000,9999.000,9999.000,9999.000,9999.000,9999.000,9999.000
202606230430,   0.534,   1.308,9999.000,9999.000,9999.000,9999.000,9999.000,9999.000,9999.000
202606230436,   0.545,   1.390,9999.000,9999.000,9999.000,9999.000,9999.000,9999.000,9999.000
202606230442,   0.556,   1.400,9999.000,9999.000,9999.000,9999.000,9999.000,9999.000,9999.000
202606230448,   0.567,   1.489,9999.000,9999.000,9999.000,9999.000,9999.000,9999.000,9999.000
202606230454,   0.578,   1.548,9999.000,9999.000,9999.000,9999.000,9999.000,9999.000,9999.000
202606230500,   0.589,   1.498,   0.700,   0.209,   1.498,   0.600,   1.398,   0.700,   1.498
202606230506,   0.600,   1.439,9999.000,9999.000,9999.000,9999.000,9999.000,9999.000,9999.000
202606230512,   0.611,   1.548,9999.000,9999.000,9999.000,9999.000,9999.000,9999.000,9999.000
202606230518,   0.622,   1.580,9999.000,9999.000,9999.000,9999.000,9999.000,9999.000,9999.000
202606230524,   0.632,   1.508,9999.000,9999.000,9999.000,9999.000,9999.000,9999.000,9999.000
202606230530,   0.643,   1.528,9999.000,9999.000,9999.000,9999.000,9999.000,9999.000,9999.000
202606230536,   0.653,   1.498,9999.000,9999.000,9999.000,9999.000,9999.000,9999.000,9999.000
202606230542,   0.664,   1.571,9999.000,9999.000,9999.000,9999.000,9999.000,9999.000,9999.000
202606230548,   0.674,   1.557,9999.000,9999.000,9999.000,9999.000,9999.000,9999.000,9999.000
202606230554,   0.684,   1.469,9999.000,9999.000,9999.000,9999.000,9999.000,9999.000,9999.000
202606230600,   0.693,   1.479,   0.500,   0.286,   1.479,   0.400,   1.379,   0.600,   1.579
202606230606,   0.703,   1.557,9999.000,9999.000,9999.000,9999.000,9999.000,9999.000,9999.000
202606230612,   0.712,   1.659,9999.000,9999.000,9999.000,9999.000,9999.000,9999.000,9999.000
202606230618,   0.721,   1.528,9999.000,9999.000,9999.000,9999.000,9999.000,9999.000,9999.000
202606230624,   0.729,   1.538,9999.000,9999.000,9999.000,9999.000,9999.000,9999.000,9999.000
202606230630,   0.738,   1.620,9999.000,9999.000,9999.000,9999.000,9999.000,9999.000,9999.000
202606230636,   0.745,   1.679,9999.000,9999.000,9999.000,9999.000,9999.000,9999.000,9999.000
202606230642,   0.753,   1.699,9999.000,9999.000,9999.000,9999.000,9999.000,9999.000,9999.000
202606230648,   0.760,   1.630,9999.000,9999.000,9999.000,9999.000,9999.000,9999.000,9999.000
202606230654,   0.767,   1.590,9999.000,9999.000,9999.000,9999.000,9999.000,9999.000,9999.000
202606230700,   0.773,   1.669,   0.500,   0.396,   1.669,   0.400,   1.569,   0.600,   1.769
202606230706,   0.779,   1.508,9999.000,9999.000,9999.000,9999.000,9999.000,9999.000,9999.000
202606230712,   0.785,   1.649,9999.000,9999.000,9999.000,9999.000,9999.000,9999.000,9999.000
202606230718,   0.790,   1.649,9999.000,9999.000,9999.000,9999.000,9999.000,9999.000,9999.000
202606230724,   0.794,   1.738,9999.000,9999.000,9999.000,9999.000,9999.000,9999.000,9999.000
202606230730,   0.798,   1.689,9999.000,9999.000,9999.000,9999.000,9999.000,9999.000,9999.000
202606230736,   0.802,   1.600,9999.000,9999.000,9999.000,9999.000,9999.000,9999.000,9999.000
202606230742,   0.805,   1.748,9999.000,9999.000,9999.000,9999.000,9999.000,9999.000,9999.000
202606230748,   0.808,   1.679,9999.000,9999.000,9999.000,9999.000,9999.000,9999.000,9999.000
202606230754,   0.811,   1.620,9999.000,9999.000,9999.000,9999.000,9999.000,9999.000,9999.000
202606230800,   0.813,   1.580,   0.500,   0.267,   1.580,   0.400,   1.480,   0.600,   1.680
202606230806,   0.814,   1.620,9999.000,9999.000,9999.000,9999.000,9999.000,9999.000,9999.000
202606230812,   0.815,   1.548,9999.000,9999.000,9999.000,9999.000,9999.000,9999.000,9999.000
202606230818,   0.816,   1.620,9999.000,9999.000,9999.000,9999.000,9999.000,9999.000,9999.000
202606230824,   0.817,   1.557,9999.000,9999.000,9999.000,9999.000,9999.000,9999.000,9999.000
202606230830,   0.817,   1.630,9999.000,9999.000,9999.000,9999.000,9999.000,9999.000,9999.000
202606230836,   0.816,   1.679,9999.000,9999.000,9999.000,9999.000,9999.000,9999.000,9999.000
202606230842,   0.816,   1.610,9999.000,9999.000,9999.000,9999.000,9999.000,9999.000,9999.000
202606230848,   0.815,   1.639,9999.000,9999.000,9999.000,9999.000,9999.000,9999.000,9999.000
202606230854,   0.814,   1.610,9999.000,9999.000,9999.000,9999.000,9999.000,9999.000,9999.000
202606230900,   0.813,   1.659,   0.500,   0.346,   1.659,   0.400,   1.559,   0.600,   1.759
202606230906,   0.812,   1.620,9999.000,9999.000,9999.000,9999.000,9999.000,9999.000,9999.000
202606230912,   0.810,   1.649,9999.000,9999.000,9999.000,9999.000,9999.000,9999.000,9999.000
202606230918,   0.808,   1.600,9999.000,9999.000,9999.000,9999.000,9999.000,9999.000,9999.000
202606230924,   0.806,   1.620,9999.000,9999.000,9999.000,9999.000,9999.000,9999.000,9999.000
202606230930,   0.804,   1.620,9999.000,9999.000,9999.000,9999.000,9999.000,9999.000,9999.000
202606230936,   0.802,   1.610,9999.000,9999.000,9999.000,9999.000,9999.000,9999.000,9999.000
202606230942,   0.800,   1.548,9999.000,9999.000,9999.000,9999.000,9999.000,9999.000,9999.000
202606230948,   0.798,   1.580,9999.000,9999.000,9999.000,9999.000,9999.000,9999.000,9999.000
202606230954,   0.795,   1.610,9999.000,9999.000,9999.000,9999.000,9999.000,9999.000,9999.000
202606231000,   0.793,   1.610,   0.500,   0.317,   1.610,   0.400,   1.510,   0.600,   1.710
202606231006,   0.791,   1.590,9999.000,9999.000,9999.000,9999.000,9999.000,9999.000,9999.000
202606231012,   0.788,   1.590,9999.000,9999.000,9999.000,9999.000,9999.000,9999.000,9999.000
202606231018,   0.786,   1.610,9999.000,9999.000,9999.000,9999.000,9999.000,9999.000,9999.000
202606231024,   0.784,   1.557,9999.000,9999.000,9999.000,9999.000,9999.000,9999.000,9999.000
202606231030,   0.781,   1.538,9999.000,9999.000,9999.000,9999.000,9999.000,9999.000,9999.000
202606231036,   0.779,   1.518,9999.000,9999.000,9999.000,9999.000,9999.000,9999.000,9999.000
202606231042,   0.777,   1.508,9999.000,9999.000,9999.000,9999.000,9999.000,9999.000,9999.000
202606231048,   0.775,   1.489,9999.000,9999.000,9999.000,9999.000,9999.000,9999.000,9999.000
202606231054,   0.772,   1.489,9999.000,9999.000,9999.000,9999.000,9999.000,9999.000,9999.000
202606231100,   0.770,   1.498,   0.500,   0.228,   1.498,   0.400,   1.398,   0.600,   1.598
202606231106,   0.768,   1.508,9999.000,9999.000,9999.000,9999.000,9999.000,9999.000,9999.000
202606231112,   0.766,   1.528,9999.000,9999.000,9999.000,9999.000,9999.000,9999.000,9999.000
202606231118,   0.765,   1.518,9999.000,9999.000,9999.000,9999.000,9999.000,9999.000,9999.000
202606231124,   0.763,   1.479,9999.000,9999.000,9999.000,9999.000,9999.000,9999.000,9999.000
202606231130,   0.761,   1.508,9999.000,9999.000,9999.000,9999.000,9999.000,9999.000,9999.000
202606231136,   0.760,   1.508,9999.000,9999.000,9999.000,9999.000,9999.000,9999.000,9999.000
202606231142,   0.758,   1.469,9999.000,9999.000,9999.000,9999.000,9999.000,9999.000,9999.000
202606231148,   0.757,   1.479,9999.000,9999.000,9999.000,9999.000,9999.000,9999.000,9999.000
202606231154,   0.756,   1.508,9999.000,9999.000,9999.000,9999.000,9999.000,9999.000,9999.000
202606231200,   0.755,   1.459,   0.500,   0.204,   1.459,   0.400,   1.359,   0.500,   1.459
202606231206,   0.754,   1.348,9999.000,9999.000,9999.000,9999.000,9999.000,9999.000,9999.000
202606231212,   0.753,   1.430,9999.000,9999.000,9999.000,9999.000,9999.000,9999.000,9999.000
202606231218,   0.753,   1.380,9999.000,9999.000,9999.000,9999.000,9999.000,9999.000,9999.000
202606231224,   0.752,   1.338,9999.000,9999.000,9999.000,9999.000,9999.000,9999.000,9999.000
202606231230,   0.752,   1.328,9999.000,9999.000,9999.000,9999.000,9999.000,9999.000,9999.000
202606231236,   0.752,   1.400,9999.000,9999.000,9999.000,9999.000,9999.000,9999.000,9999.000
202606231242,   0.753,   1.400,9999.000,9999.000,9999.000,9999.000,9999.000,9999.000,9999.000
202606231248,   0.753,   1.400,9999.000,9999.000,9999.000,9999.000,9999.000,9999.000,9999.000
202606231254,   0.754,   1.400,9999.000,9999.000,9999.000,9999.000,9999.000,9999.000,9999.000
202606231300,   0.755,   1.361,   0.400,   0.206,   1.361,   0.400,   1.361,   0.500,   1.461
202606231306,   0.756,   1.400,9999.000,9999.000,9999.000,9999.000,9999.000,9999.000,9999.000
202606231312,   0.757,   1.371,9999.000,9999.000,9999.000,9999.000,9999.000,9999.000,9999.000
202606231318,   0.759,   1.400,9999.000,9999.000,9999.000,9999.000,9999.000,9999.000,9999.000
202606231324,   0.761,   1.338,9999.000,9999.000,9999.000,9999.000,9999.000,9999.000,9999.000
202606231330,   0.763,   1.430,9999.000,9999.000,9999.000,9999.000,9999.000,9999.000,9999.000
202606231336,   0.765,   1.338,9999.000,9999.000,9999.000,9999.000,9999.000,9999.000,9999.000
202606231342,   0.767,   1.348,9999.000,9999.000,9999.000,9999.000,9999.000,9999.000,9999.000
202606231348,   0.770,   1.338,9999.000,9999.000,9999.000,9999.000,9999.000,9999.000,9999.000
202606231354,   0.773,   1.469,9999.000,9999.000,9999.000,9999.000,9999.000,9999.000,9999.000
202606231400,   0.776,   1.298,   0.400,   0.122,   1.298,   0.400,   1.298,   0.500,   1.398
202606231406,   0.779,   1.069,9999.000,9999.000,9999.000,9999.000,9999.000,9999.000,9999.000
202606231412,   0.782,   1.279,9999.000,9999.000,9999.000,9999.000,9999.000,9999.000,9999.000
202606231418,   0.786,   1.361,9999.000,9999.000,9999.000,9999.000,9999.000,9999.000,9999.000
202606231424,   0.789,   1.390,9999.000,9999.000,9999.000,9999.000,9999.000,9999.000,9999.000
202606231430,   0.793,   1.400,9999.000,9999.000,9999.000,9999.000,9999.000,9999.000,9999.000
202606231436,   0.797,   1.289,9999.000,9999.000,9999.000,9999.000,9999.000,9999.000,9999.000
202606231442,   0.801,   1.479,9999.000,9999.000,9999.000,9999.000,9999.000,9999.000,9999.000
202606231448,   0.805,   1.469,9999.000,9999.000,9999.000,9999.000,9999.000,9999.000,9999.000
202606231454,   0.809,   1.318,9999.000,9999.000,9999.000,9999.000,9999.000,9999.000,9999.000
202606231500,   0.813,   1.318,   0.400,   0.105,   1.318,   0.300,   1.218,   0.500,   1.418
202606231506,   0.817,   1.420,9999.000,9999.000,9999.000,9999.000,9999.000,9999.000,9999.000
202606231512,   0.821,   1.479,9999.000,9999.000,9999.000,9999.000,9999.000,9999.000,9999.000
202606231518,   0.824,   1.430,9999.000,9999.000,9999.000,9999.000,9999.000,9999.000,9999.000
202606231524,   0.828,   1.380,9999.000,9999.000,9999.000,9999.000,9999.000,9999.000,9999.000
202606231530,   0.832,   1.308,9999.000,9999.000,9999.000,9999.000,9999.000,9999.000,9999.000
202606231536,   0.836,   1.469,9999.000,9999.000,9999.000,9999.000,9999.000,9999.000,9999.000
202606231542,   0.840,   1.361,9999.000,9999.000,9999.000,9999.000,9999.000,9999.000,9999.000
202606231548,   0.843,   1.361,9999.000,9999.000,9999.000,9999.000,9999.000,9999.000,9999.000
202606231554,   0.846,   1.430,9999.000,9999.000,9999.000,9999.000,9999.000,9999.000,9999.000
202606231600,   0.850,   1.528,   0.400,   0.278,   1.528,   0.300,   1.428,   0.500,   1.628
202606231606,   0.853,   1.430,9999.000,9999.000,9999.000,9999.000,9999.000,9999.000,9999.000
202606231612,   0.856,   1.390,9999.000,9999.000,9999.000,9999.000,9999.000,9999.000,9999.000
202606231618,   0.858,   1.489,9999.000,9999.000,9999.000,9999.000,9999.000,9999.000,9999.000
202606231624,   0.861,   1.161,9999.000,9999.000,9999.000,9999.000,9999.000,9999.000,9999.000
202606231630,   0.863,   1.390,9999.000,9999.000,9999.000,9999.000,9999.000,9999.000,9999.000
202606231636,   0.865,   1.279,9999.000,9999.000,9999.000,9999.000,9999.000,9999.000,9999.000
202606231642,   0.867,   1.420,9999.000,9999.000,9999.000,9999.000,9999.000,9999.000,9999.000
202606231648,   0.869,   1.259,9999.000,9999.000,9999.000,9999.000,9999.000,9999.000,9999.000
202606231654,   0.870,   1.308,9999.000,9999.000,9999.000,9999.000,9999.000,9999.000,9999.000
202606231700,   0.871,   1.200,   0.400,  -0.071,   1.200,   0.300,   1.100,   0.500,   1.300
202606231706,   0.872,   1.430,9999.000,9999.000,9999.000,9999.000,9999.000,9999.000,9999.000
202606231712,   0.872,   1.410,9999.000,9999.000,9999.000,9999.000,9999.000,9999.000,9999.000
202606231718,   0.872,   1.318,9999.000,9999.000,9999.000,9999.000,9999.000,9999.000,9999.000
202606231724,   0.872,   1.170,9999.000,9999.000,9999.000,9999.000,9999.000,9999.000,9999.000
202606231730,   0.871,   1.410,9999.000,9999.000,9999.000,9999.000,9999.000,9999.000,9999.000
202606231736,   0.870,   1.361,9999.000,9999.000,9999.000,9999.000,9999.000,9999.000,9999.000
202606231742,   0.869,   1.151,9999.000,9999.000,9999.000,9999.000,9999.000,9999.000,9999.000
202606231748,   0.867,   1.200,9999.000,9999.000,9999.000,9999.000,9999.000,9999.000,9999.000
202606231754,   0.864,   1.298,9999.000,9999.000,9999.000,9999.000,9999.000,9999.000,9999.000
202606231800,   0.861,   1.371,   0.400,   0.110,   1.371,   0.300,   1.271,   0.400,   1.371
202606231806,   0.858,   1.289,9999.000,9999.000,9999.000,9999.000,9999.000,9999.000,9999.000
202606231812,   0.854,   1.220,9999.000,9999.000,9999.000,9999.000,9999.000,9999.000,9999.000
202606231818,   0.850,   1.190,9999.000,9999.000,9999.000,9999.000,9999.000,9999.000,9999.000
202606231824,   0.845,   1.269,9999.000,9999.000,9999.000,9999.000,9999.000,9999.000,9999.000
202606231830,   0.840,   1.390,9999.000,9999.000,9999.000,9999.000,9999.000,9999.000,9999.000
202606231836,   0.834,   1.298,9999.000,9999.000,9999.000,9999.000,9999.000,9999.000,9999.000
202606231842,   0.828,   1.318,9999.000,9999.000,9999.000,9999.000,9999.000,9999.000,9999.000
202606231848,   0.821,   1.298,9999.000,9999.000,9999.000,9999.000,9999.000,9999.000,9999.000
202606231854,   0.813,   1.328,9999.000,9999.000,9999.000,9999.000,9999.000,9999.000,9999.000
202606231900,   0.805,   1.239,   0.400,   0.034,   1.239,   0.300,   1.139,   0.400,   1.239
202606231906,   0.797,   1.220,9999.000,9999.000,9999.000,9999.000,9999.000,9999.000,9999.000
202606231912,   0.788,   1.210,9999.000,9999.000,9999.000,9999.000,9999.000,9999.000,9999.000
202606231918,   0.778,   1.279,9999.000,9999.000,9999.000,9999.000,9999.000,9999.000,9999.000
202606231924,   0.768,   1.239,9999.000,9999.000,9999.000,9999.000,9999.000,9999.000,9999.000
202606231930,   0.757,   1.210,9999.000,9999.000,9999.000,9999.000,9999.000,9999.000,9999.000
202606231936,   0.746,   1.151,9999.000,9999.000,9999.000,9999.000,9999.000,9999.000,9999.000
202606231942,   0.734,   1.170,9999.000,9999.000,9999.000,9999.000,9999.000,9999.000,9999.000
202606231948,   0.722,   1.088,9999.000,9999.000,9999.000,9999.000,9999.000,9999.000,9999.000
202606231954,   0.710,   0.928,9999.000,9999.000,9999.000,9999.000,9999.000,9999.000,9999.000
202606232000,   0.697,   1.069,   0.400,  -0.028,   1.069,   0.300,   0.969,   0.400,   1.069
202606232006,   0.683,   1.088,9999.000,9999.000,9999.000,9999.000,9999.000,9999.000,9999.000
202606232012,   0.669,   1.088,9999.000,9999.000,9999.000,9999.000,9999.000,9999.000,9999.000
202606232018,   0.655,   1.088,9999.000,9999.000,9999.000,9999.000,9999.000,9999.000,9999.000
202606232024,   0.640,   1.049,9999.000,9999.000,9999.000,9999.000,9999.000,9999.000,9999.000
202606232030,   0.626,   0.980,9999.000,9999.000,9999.000,9999.000,9999.000,9999.000,9999.000
202606232036,   0.610,   1.079,9999.000,9999.000,9999.000,9999.000,9999.000,9999.000,9999.000
202606232042,   0.595,   0.961,9999.000,9999.000,9999.000,9999.000,9999.000,9999.000,9999.000
202606232048,   0.579,   0.928,9999.000,9999.000,9999.000,9999.000,9999.000,9999.000,9999.000
202606232054,   0.563,   0.879,9999.000,9999.000,9999.000,9999.000,9999.000,9999.000,9999.000
202606232100,   0.547,   1.000,   0.400,   0.053,   1.000,   0.300,   0.900,   0.400,   1.000
202606232106,   0.531,   0.898,9999.000,9999.000,9999.000,9999.000,9999.000,9999.000,9999.000
202606232112,   0.515,   0.810,9999.000,9999.000,9999.000,9999.000,9999.000,9999.000,9999.000
202606232118,   0.499,   0.980,9999.000,9999.000,9999.000,9999.000,9999.000,9999.000,9999.000
202606232124,   0.482,   1.138,9999.000,9999.000,9999.000,9999.000,9999.000,9999.000,9999.000
202606232130,   0.466,   0.619,9999.000,9999.000,9999.000,9999.000,9999.000,9999.000,9999.000
202606232136,   0.450,   0.429,9999.000,9999.000,9999.000,9999.000,9999.000,9999.000,9999.000
202606232142,   0.434,   0.980,9999.000,9999.000,9999.000,9999.000,9999.000,9999.000,9999.000
202606232148,   0.417,   0.669,9999.000,9999.000,9999.000,9999.000,9999.000,9999.000,9999.000
202606232154,   0.401,   0.819,9999.000,9999.000,9999.000,9999.000,9999.000,9999.000,9999.000
202606232200,   0.386,   0.551,   0.400,  -0.235,   0.551,   0.300,   0.451,   0.400,   0.551
202606232206,   0.370,   0.678,9999.000,9999.000,9999.000,9999.000,9999.000,9999.000,9999.000
202606232212,   0.354,   0.639,9999.000,9999.000,9999.000,9999.000,9999.000,9999.000,9999.000
202606232218,   0.339,   0.731,9999.000,9999.000,9999.000,9999.000,9999.000,9999.000,9999.000
202606232224,   0.324,   0.751,9999.000,9999.000,9999.000,9999.000,9999.000,9999.000,9999.000
202606232230,   0.309,   0.760,9999.000,9999.000,9999.000,9999.000,9999.000,9999.000,9999.000
202606232236,   0.295,   0.659,9999.000,9999.000,9999.000,9999.000,9999.000,9999.000,9999.000
202606232242,   0.281,   0.669,9999.000,9999.000,9999.000,9999.000,9999.000,9999.000,9999.000
202606232248,   0.267,   0.669,9999.000,9999.000,9999.000,9999.000,9999.000,9999.000,9999.000
202606232254,   0.254,   0.649,9999.000,9999.000,9999.000,9999.000,9999.000,9999.000,9999.000
202606232300,   0.241,   0.718,   0.400,   0.077,   0.718,   0.300,   0.618,   0.400,   0.718
202606232306,   0.229,   0.590,9999.000,9999.000,9999.000,9999.000,9999.000,9999.000,9999.000
202606232312,   0.217,   0.570,9999.000,9999.000,9999.000,9999.000,9999.000,9999.000,9999.000
202606232318,   0.205,   0.649,9999.000,9999.000,9999.000,9999.000,9999.000,9999.000,9999.000
202606232324,   0.194,   0.590,9999.000,9999.000,9999.000,9999.000,9999.000,9999.000,9999.000
202606232330,   0.183,   0.560,9999.000,9999.000,9999.000,9999.000,9999.000,9999.000,9999.000
202606232336,   0.173,   0.541,9999.000,9999.000,9999.000,9999.000,9999.000,9999.000,9999.000
202606232342,   0.164,   0.590,9999.000,9999.000,9999.000,9999.000,9999.000,9999.000,9999.000
202606232348,   0.155,   0.531,9999.000,9999.000,9999.000,9999.000,9999.000,9999.000,9999.000
202606232354,   0.146,   0.541,9999.000,9999.000,9999.000,9999.000,9999.000,9999.000,9999.000
202606240000,   0.138,   0.508,   0.400,  -0.030,   0.508,   0.300,   0.408,   0.400,   0.508
202606240006,   0.131,   0.469,9999.000,9999.000,9999.000,9999.000,9999.000,9999.000,9999.000
202606240012,   0.124,   0.551,9999.000,9999.000,9999.000,9999.000,9999.000,9999.000,9999.000
202606240018,   0.118,   0.551,9999.000,9999.000,9999.000,9999.000,9999.000,9999.000,9999.000
202606240024,   0.113,   0.508,9999.000,9999.000,9999.000,9999.000,9999.000,9999.000,9999.000
202606240030,   0.108,   0.551,9999.000,9999.000,9999.000,9999.000,9999.000,9999.000,9999.000
202606240036,   0.104,   0.610,9999.000,9999.000,9999.000,9999.000,9999.000,9999.000,9999.000
202606240042,   0.100,   0.590,9999.000,9999.000,9999.000,9999.000,9999.000,9999.000,9999.000
202606240048,   0.097,   0.551,9999.000,9999.000,9999.000,9999.000,9999.000,9999.000,9999.000
202606240054,   0.094,   0.469,9999.000,9999.000,9999.000,9999.000,9999.000,9999.000,9999.000
202606240100,   0.092,   0.551,   0.400,   0.059,   0.551,   0.300,   0.451,   0.400,   0.551
202606240106,   0.091,   0.590,9999.000,9999.000,9999.000,9999.000,9999.000,9999.000,9999.000
202606240112,   0.091,   0.551,9999.000,9999.000,9999.000,9999.000,9999.000,9999.000,9999.000
202606240118,   0.091,   0.518,9999.000,9999.000,9999.000,9999.000,9999.000,9999.000,9999.000
202606240124,   0.091,   0.531,9999.000,9999.000,9999.000,9999.000,9999.000,9999.000,9999.000
202606240130,   0.092,   0.600,9999.000,9999.000,9999.000,9999.000,9999.000,9999.000,9999.000
202606240136,   0.094,   0.560,9999.000,9999.000,9999.000,9999.000,9999.000,9999.000,9999.000
202606240142,   0.096,   0.541,9999.000,9999.000,9999.000,9999.000,9999.000,9999.000,9999.000
202606240148,   0.099,   0.551,9999.000,9999.000,9999.000,9999.000,9999.000,9999.000,9999.000
202606240154,   0.103,   0.570,9999.000,9999.000,9999.000,9999.000,9999.000,9999.000,9999.000
202606240200,   0.107,   0.580,   0.400,   0.073,   0.580,   0.300,   0.480,   0.400,   0.580
202606240206,   0.111,   0.560,9999.000,9999.000,9999.000,9999.000,9999.000,9999.000,9999.000
202606240212,   0.116,   0.551,9999.000,9999.000,9999.000,9999.000,9999.000,9999.000,9999.000
202606240218,   0.122,   0.570,9999.000,9999.000,9999.000,9999.000,9999.000,9999.000,9999.000
202606240224,   0.128,   0.610,9999.000,9999.000,9999.000,9999.000,9999.000,9999.000,9999.000
202606240230,   0.135,   0.541,9999.000,9999.000,9999.000,9999.000,9999.000,9999.000,9999.000
202606240236,   0.142,   0.560,9999.000,9999.000,9999.000,9999.000,9999.000,9999.000,9999.000
202606240242,   0.150,   0.531,9999.000,9999.000,9999.000,9999.000,9999.000,9999.000,9999.000
202606240248,   0.158,   0.551,9999.000,9999.000,9999.000,9999.000,9999.000,9999.000,9999.000
202606240254,   0.166,   0.518,9999.000,9999.000,9999.000,9999.000,9999.000,9999.000,9999.000
202606240300,   0.175,   0.541,   0.400,  -0.034,   0.541,   0.300,   0.441,   0.400,   0.541
202606240306,   0.185,   0.531,9999.000,9999.000,9999.000,9999.000,9999.000,9999.000,9999.000
202606240312,   0.195,   0.560,9999.000,9999.000,9999.000,9999.000,9999.000,9999.000,9999.000
202606240318,   0.205,   0.590,9999.000,9999.000,9999.000,9999.000,9999.000,9999.000,9999.000
202606240324,   0.216,   0.619,9999.000,9999.000,9999.000,9999.000,9999.000,9999.000,9999.000
202606240330,   0.228,   0.629,9999.000,9999.000,9999.000,9999.000,9999.000,9999.000,9999.000
202606240336,   0.239,   0.678,9999.000,9999.000,9999.000,9999.000,9999.000,9999.000,9999.000
202606240342,   0.251,   0.590,9999.000,9999.000,9999.000,9999.000,9999.000,9999.000,9999.000
202606240348,   0.264,   0.488,9999.000,9999.000,9999.000,9999.000,9999.000,9999.000,9999.000
202606240354,   0.277,   0.518,9999.000,9999.000,9999.000,9999.000,9999.000,9999.000,9999.000
202606240400,   0.290,   0.659,   0.400,  -0.031,   0.659,   0.300,   0.559,   0.400,   0.659
202606240406,   0.303,   0.698,9999.000,9999.000,9999.000,9999.000,9999.000,9999.000,9999.000
202606240412,   0.317,   0.600,9999.000,9999.000,9999.000,9999.000,9999.000,9999.000,9999.000
202606240418,   0.331,   0.718,9999.000,9999.000,9999.000,9999.000,9999.000,9999.000,9999.000
202606240424,   0.346,   0.649,9999.000,9999.000,9999.000,9999.000,9999.000,9999.000,9999.000
202606240430,   0.361,   0.678,9999.000,9999.000,9999.000,9999.000,9999.000,9999.000,9999.000
202606240436,   0.376,   0.688,9999.000,9999.000,9999.000,9999.000,9999.000,9999.000,9999.000
202606240442,   0.391,   0.760,9999.000,9999.000,9999.000,9999.000,9999.000,9999.000,9999.000
202606240448,   0.406,   0.760,9999.000,9999.000,9999.000,9999.000,9999.000,9999.000,9999.000
202606240454,   0.422,   0.839,9999.000,9999.000,9999.000,9999.000,9999.000,9999.000,9999.000
202606240500,   0.438,   0.718,   0.400,  -0.120,   0.718,   0.300,   0.618,   0.400,   0.718
202606240506,   0.453,   0.829,9999.000,9999.000,9999.000,9999.000,9999.000,9999.000,9999.000
202606240512,   0.469,   0.839,9999.000,9999.000,9999.000,9999.000,9999.000,9999.000,9999.000
202606240518,   0.486,   0.849,9999.000,9999.000,9999.000,9999.000,9999.000,9999.000,9999.000
202606240524,   0.502,   0.819,9999.000,9999.000,9999.000,9999.000,9999.000,9999.000,9999.000
202606240530,   0.518,   0.790,9999.000,9999.000,9999.000,9999.000,9999.000,9999.000,9999.000
202606240536,   0.534,   0.780,9999.000,9999.000,9999.000,9999.000,9999.000,9999.000,9999.000
202606240542,   0.550,   0.790,9999.000,9999.000,9999.000,9999.000,9999.000,9999.000,9999.000
202606240548,   0.566,   0.800,9999.000,9999.000,9999.000,9999.000,9999.000,9999.000,9999.000
202606240554,   0.582,   0.839,9999.000,9999.000,9999.000,9999.000,9999.000,9999.000,9999.000
202606240600,   0.597,   0.849,   0.300,  -0.048,   0.849,   0.200,   0.749,   0.300,   0.849
202606240606,   0.613,   0.941,9999.000,9999.000,9999.000,9999.000,9999.000,9999.000,9999.000
202606240612,   0.628,   0.928,9999.000,9999.000,9999.000,9999.000,9999.000,9999.000,9999.000
202606240618,   0.643,   0.990,9999.000,9999.000,9999.000,9999.000,9999.000,9999.000,9999.000
202606240624,   0.658,   1.000,9999.000,9999.000,9999.000,9999.000,9999.000,9999.000,9999.000
202606240630,   0.673,   1.069,9999.000,9999.000,9999.000,9999.000,9999.000,9999.000,9999.000
202606240636,   0.687,   1.098,9999.000,9999.000,9999.000,9999.000,9999.000,9999.000,9999.000
202606240642,   0.701,   1.059,9999.000,9999.000,9999.000,9999.000,9999.000,9999.000,9999.000
202606240648,   0.715,   1.151,9999.000,9999.000,9999.000,9999.000,9999.000,9999.000,9999.000
202606240654,   0.728,   1.059,9999.000,9999.000,9999.000,9999.000,9999.000,9999.000,9999.000
202606240700,   0.741,   0.819,   0.200,  -0.122,   0.819,   0.200,   0.819,   0.300,   0.919
202606240706,   0.754,   0.990,9999.000,9999.000,9999.000,9999.000,9999.000,9999.000,9999.000
202606240712,   0.766,   1.049,9999.000,9999.000,9999.000,9999.000,9999.000,9999.000,9999.000
202606240718,   0.778,   1.010,9999.000,9999.000,9999.000,9999.000,9999.000,9999.000,9999.000
202606240724,   0.789,   0.990,9999.000,9999.000,9999.000,9999.000,9999.000,9999.000,9999.000
202606240730,   0.800,   1.029,9999.000,9999.000,9999.000,9999.000,9999.000,9999.000,9999.000
202606240736,   0.810,   1.220,9999.000,9999.000,9999.000,9999.000,9999.000,9999.000,9999.000
202606240742,   0.820,   1.161,9999.000,9999.000,9999.000,9999.000,9999.000,9999.000,9999.000
202606240748,   0.830,   1.059,9999.000,9999.000,9999.000,9999.000,9999.000,9999.000,9999.000
202606240754,   0.839,   1.190,9999.000,9999.000,9999.000,9999.000,9999.000,9999.000,9999.000
202606240800,   0.848,   1.229,   0.200,   0.181,   1.229,   0.200,   1.229,   0.300,   1.329
202606240806,   0.856,   1.138,9999.000,9999.000,9999.000,9999.000,9999.000,9999.000,9999.000
202606240812,   0.864,   1.059,9999.000,9999.000,9999.000,9999.000,9999.000,9999.000,9999.000
202606240818,   0.872,   1.118,9999.000,9999.000,9999.000,9999.000,9999.000,9999.000,9999.000
202606240824,   0.879,   1.151,9999.000,9999.000,9999.000,9999.000,9999.000,9999.000,9999.000
202606240830,   0.885,   1.210,9999.000,9999.000,9999.000,9999.000,9999.000,9999.000,9999.000
202606240836,   0.891,   1.108,9999.000,9999.000,9999.000,9999.000,9999.000,9999.000,9999.000
202606240842,   0.897,   1.161,9999.000,9999.000,9999.000,9999.000,9999.000,9999.000,9999.000
202606240848,   0.902,   1.259,9999.000,9999.000,9999.000,9999.000,9999.000,9999.000,9999.000
202606240854,   0.907,   1.239,9999.000,9999.000,9999.000,9999.000,9999.000,9999.000,9999.000
202606240900,   0.912,   1.190,   0.200,   0.078,   1.190,   0.200,   1.190,   0.300,   1.290
202606240906,   0.916,   1.220,9999.000,9999.000,9999.000,9999.000,9999.000,9999.000,9999.000
202606240912,   0.919,   1.269,9999.000,9999.000,9999.000,9999.000,9999.000,9999.000,9999.000
202606240918,   0.923,   1.269,9999.000,9999.000,9999.000,9999.000,9999.000,9999.000,9999.000
202606240924,   0.926,   1.239,9999.000,9999.000,9999.000,9999.000,9999.000,9999.000,9999.000
202606240930,   0.928,   1.229,9999.000,9999.000,9999.000,9999.000,9999.000,9999.000,9999.000
202606240936,   0.930,   1.170,9999.000,9999.000,9999.000,9999.000,9999.000,9999.000,9999.000
202606240942,   0.932,   1.239,9999.000,9999.000,9999.000,9999.000,9999.000,9999.000,9999.000
202606240948,   0.933,   1.289,9999.000,9999.000,9999.000,9999.000,9999.000,9999.000,9999.000
202606240954,   0.934,   1.229,9999.000,9999.000,9999.000,9999.000,9999.000,9999.000,9999.000
202606241000,   0.935,   1.200,   0.200,   0.065,   1.200,   0.200,   1.200,   0.300,   1.300
202606241006,   0.936,   1.180,9999.000,9999.000,9999.000,9999.000,9999.000,9999.000,9999.000
202606241012,   0.936,   1.180,9999.000,9999.000,9999.000,9999.000,9999.000,9999.000,9999.000
202606241018,   0.936,   1.200,9999.000,9999.000,9999.000,9999.000,9999.000,9999.000,9999.000
202606241024,   0.935,   1.220,9999.000,9999.000,9999.000,9999.000,9999.000,9999.000,9999.000
202606241030,   0.935,   1.190,9999.000,9999.000,9999.000,9999.000,9999.000,9999.000,9999.000
202606241036,   0.934,   1.210,9999.000,9999.000,9999.000,9999.000,9999.000,9999.000,9999.000
202606241042,   0.933,   1.239,9999.000,9999.000,9999.000,9999.000,9999.000,9999.000,9999.000
202606241048,   0.931,   1.259,9999.000,9999.000,9999.000,9999.000,9999.000,9999.000,9999.000
202606241054,   0.930,   1.249,9999.000,9999.000,9999.000,9999.000,9999.000,9999.000,9999.000
202606241100,   0.928,   1.220,   0.200,   0.092,   1.220,   0.200,   1.220,   0.300,   1.320
202606241106,   0.927,   1.269,9999.000,9999.000,9999.000,9999.000,9999.000,9999.000,9999.000
202606241112,   0.925,   1.259,9999.000,9999.000,9999.000,9999.000,9999.000,9999.000,9999.000
202606241118,   0.923,   1.259,9999.000,9999.000,9999.000,9999.000,9999.000,9999.000,9999.000
202606241124,   0.921,   1.249,9999.000,9999.000,9999.000,9999.000,9999.000,9999.000,9999.000
202606241130,   0.919,   1.249,9999.000,9999.000,9999.000,9999.000,9999.000,9999.000,9999.000
202606241136,   0.917,   1.239,9999.000,9999.000,9999.000,9999.000,9999.000,9999.000,9999.000
202606241142,   0.915,   1.249,9999.000,9999.000,9999.000,9999.000,9999.000,9999.000,9999.000
202606241148,   0.913,   1.229,9999.000,9999.000,9999.000,9999.000,9999.000,9999.000,9999.000
202606241154,   0.911,   1.229,9999.000,9999.000,9999.000,9999.000,9999.000,9999.000,9999.000
202606241200,   0.909,   1.239,   0.200,   0.130,   1.239,   0.100,   1.139,   0.200,   1.239
202606241206,   0.908,   1.239,9999.000,9999.000,9999.000,9999.000,9999.000,9999.000,9999.000
202606241212,   0.906,   1.269,9999.000,9999.000,9999.000,9999.000,9999.000,9999.000,9999.000
202606241218,   0.904,   1.289,9999.000,9999.000,9999.000,9999.000,9999.000,9999.000,9999.000
202606241224,   0.902,   1.308,9999.000,9999.000,9999.000,9999.000,9999.000,9999.000,9999.000
202606241230,   0.901,   1.298,9999.000,9999.000,9999.000,9999.000,9999.000,9999.000,9999.000
202606241236,   0.899,   1.308,9999.000,9999.000,9999.000,9999.000,9999.000,9999.000,9999.000
202606241242,   0.898,   1.259,9999.000,9999.000,9999.000,9999.000,9999.000,9999.000,9999.000
202606241248,   0.897,   1.239,9999.000,9999.000,9999.000,9999.000,9999.000,9999.000,9999.000
202606241254,   0.896,   1.220,9999.000,9999.000,9999.000,9999.000,9999.000,9999.000,9999.000
202606241300,   0.894,   1.210,   0.200,   0.116,   1.210,   0.100,   1.110,   0.200,   1.210
202606241306,   0.893,   1.200,9999.000,9999.000,9999.000,9999.000,9999.000,9999.000,9999.000
202606241312,   0.892,   1.180,9999.000,9999.000,9999.000,9999.000,9999.000,9999.000,9999.000
202606241318,   0.892,   1.180,9999.000,9999.000,9999.000,9999.000,9999.000,9999.000,9999.000
202606241324,   0.891,   1.170,9999.000,9999.000,9999.000,9999.000,9999.000,9999.000,9999.000
202606241330,   0.890,   1.200,9999.000,9999.000,9999.000,9999.000,9999.000,9999.000,9999.000
202606241336,   0.890,   1.161,9999.000,9999.000,9999.000,9999.000,9999.000,9999.000,9999.000
202606241342,   0.889,   1.210,9999.000,9999.000,9999.000,9999.000,9999.000,9999.000,9999.000
202606241348,   0.888,   1.200,9999.000,9999.000,9999.000,9999.000,9999.000,9999.000,9999.000
202606241354,   0.888,   1.259,9999.000,9999.000,9999.000,9999.000,9999.000,9999.000,9999.000
202606241400,   0.888,   1.098,   0.200,   0.010,   1.098,   0.100,   0.998,   0.200,   1.098
202606241406,   0.887,   1.289,9999.000,9999.000,9999.000,9999.000,9999.000,9999.000,9999.000
202606241412,   0.887,   1.128,9999.000,9999.000,9999.000,9999.000,9999.000,9999.000,9999.000
202606241418,   0.886,   1.279,9999.000,9999.000,9999.000,9999.000,9999.000,9999.000,9999.000
202606241424,   0.886,   1.190,9999.000,9999.000,9999.000,9999.000,9999.000,9999.000,9999.000
202606241430,   0.886,   1.269,9999.000,9999.000,9999.000,9999.000,9999.000,9999.000,9999.000
202606241436,   0.886,   1.170,9999.000,9999.000,9999.000,9999.000,9999.000,9999.000,9999.000
202606241442,   0.886,   1.259,9999.000,9999.000,9999.000,9999.000,9999.000,9999.000,9999.000
202606241448,   0.885,   0.879,9999.000,9999.000,9999.000,9999.000,9999.000,9999.000,9999.000
202606241454,   0.885,   1.151,9999.000,9999.000,9999.000,9999.000,9999.000,9999.000,9999.000
202606241500,   0.885,   1.161,   0.200,   0.076,   1.161,   0.100,   1.061,   0.200,   1.161
202606241506,   0.885,   1.338,9999.000,9999.000,9999.000,9999.000,9999.000,9999.000,9999.000
202606241512,   0.885,   1.298,9999.000,9999.000,9999.000,9999.000,9999.000,9999.000,9999.000
202606241518,   0.885,   1.220,9999.000,9999.000,9999.000,9999.000,9999.000,9999.000,9999.000
202606241524,   0.886,   1.239,9999.000,9999.000,9999.000,9999.000,9999.000,9999.000,9999.000
202606241530,   0.886,   1.289,9999.000,9999.000,9999.000,9999.000,9999.000,9999.000,9999.000
202606241536,   0.886,   1.088,9999.000,9999.000,9999.000,9999.000,9999.000,9999.000,9999.000
202606241542,   0.887,   1.088,9999.000,9999.000,9999.000,9999.000,9999.000,9999.000,9999.000
202606241548,   0.887,   1.229,9999.000,9999.000,9999.000,9999.000,9999.000,9999.000,9999.000
202606241554,   0.888,   1.289,9999.000,9999.000,9999.000,9999.000,9999.000,9999.000,9999.000
202606241600,   0.888,   1.161,   0.200,   0.073,   1.161,   0.100,   1.061,   0.200,   1.161
202606241606,   0.889,   1.151,9999.000,9999.000,9999.000,9999.000,9999.000,9999.000,9999.000
202606241612,   0.889,   1.108,9999.000,9999.000,9999.000,9999.000,9999.000,9999.000,9999.000
202606241618,   0.890,   1.220,9999.000,9999.000,9999.000,9999.000,9999.000,9999.000,9999.000
202606241624,   0.891,   1.138,9999.000,9999.000,9999.000,9999.000,9999.000,9999.000,9999.000
202606241630,   0.892,   1.039,9999.000,9999.000,9999.000,9999.000,9999.000,9999.000,9999.000
202606241636,   0.892,   1.151,9999.000,9999.000,9999.000,9999.000,9999.000,9999.000,9999.000
202606241642,   0.893,   1.161,9999.000,9999.000,9999.000,9999.000,9999.000,9999.000,9999.000
202606241648,   0.894,   1.170,9999.000,9999.000,9999.000,9999.000,9999.000,9999.000,9999.000
202606241654,   0.894,   1.190,9999.000,9999.000,9999.000,9999.000,9999.000,9999.000,9999.000
202606241700,   0.895,   1.128,   0.200,   0.033,   1.128,   0.100,   1.028,   0.200,   1.128
202606241706,   0.895,   1.210,9999.000,9999.000,9999.000,9999.000,9999.000,9999.000,9999.000
202606241712,   0.895,   1.161,9999.000,9999.000,9999.000,9999.000,9999.000,9999.000,9999.000
202606241718,   0.895,   1.151,9999.000,9999.000,9999.000,9999.000,9999.000,9999.000,9999.000
202606241724,   0.895,   1.098,9999.000,9999.000,9999.000,9999.000,9999.000,9999.000,9999.000
202606241730,   0.894,   1.108,9999.000,9999.000,9999.000,9999.000,9999.000,9999.000,9999.000
202606241736,   0.893,   1.180,9999.000,9999.000,9999.000,9999.000,9999.000,9999.000,9999.000
202606241742,   0.892,   1.170,9999.000,9999.000,9999.000,9999.000,9999.000,9999.000,9999.000
202606241748,   0.890,   1.170,9999.000,9999.000,9999.000,9999.000,9999.000,9999.000,9999.000
202606241754,   0.889,   1.161,9999.000,9999.000,9999.000,9999.000,9999.000,9999.000,9999.000
202606241800,   0.886,   1.161,   0.100,   0.175,   1.161,   0.100,   1.161,   0.100,   1.161
202606241806,   0.884,   1.180,9999.000,9999.000,9999.000,9999.000,9999.000,9999.000,9999.000
202606241812,   0.880,   1.170,9999.000,9999.000,9999.000,9999.000,9999.000,9999.000,9999.000
202606241818,   0.877,   1.170,9999.000,9999.000,9999.000,9999.000,9999.000,9999.000,9999.000
202606241824,   0.872,   1.118,9999.000,9999.000,9999.000,9999.000,9999.000,9999.000,9999.000
202606241830,   0.868,   1.118,9999.000,9999.000,9999.000,9999.000,9999.000,9999.000,9999.000
202606241836,   0.862,   1.118,9999.000,9999.000,9999.000,9999.000,9999.000,9999.000,9999.000
202606241842,   0.857,   1.049,9999.000,9999.000,9999.000,9999.000,9999.000,9999.000,9999.000
202606241848,   0.850,   1.079,9999.000,9999.000,9999.000,9999.000,9999.000,9999.000,9999.000
202606241854,   0.843,   1.161,9999.000,9999.000,9999.000,9999.000,9999.000,9999.000,9999.000
202606241900,   0.836,   1.138,   0.100,   0.202,   1.138,   0.100,   1.138,   0.100,   1.138
202606241906,   0.828,   1.151,9999.000,9999.000,9999.000,9999.000,9999.000,9999.000,9999.000
202606241912,   0.819,   1.029,9999.000,9999.000,9999.000,9999.000,9999.000,9999.000,9999.000
202606241918,   0.810,   1.200,9999.000,9999.000,9999.000,9999.000,9999.000,9999.000,9999.000
202606241924,   0.800,   0.961,9999.000,9999.000,9999.000,9999.000,9999.000,9999.000,9999.000
202606241930,   0.790,   1.020,9999.000,9999.000,9999.000,9999.000,9999.000,9999.000,9999.000
202606241936,   0.779,   1.079,9999.000,9999.000,9999.000,9999.000,9999.000,9999.000,9999.000
202606241942,   0.768,   1.098,9999.000,9999.000,9999.000,9999.000,9999.000,9999.000,9999.000
202606241948,   0.756,   1.059,9999.000,9999.000,9999.000,9999.000,9999.000,9999.000,9999.000
202606241954,   0.743,   1.020,9999.000,9999.000,9999.000,9999.000,9999.000,9999.000,9999.000
202606242000,   0.730,   1.029,   0.100,   0.199,   1.029,   0.100,   1.029,   0.100,   1.029
202606242006,   0.717,   0.869,9999.000,9999.000,9999.000,9999.000,9999.000,9999.000,9999.000
202606242012,   0.703,   0.928,9999.000,9999.000,9999.000,9999.000,9999.000,9999.000,9999.000
202606242018,   0.689,   0.849,9999.000,9999.000,9999.000,9999.000,9999.000,9999.000,9999.000
202606242024,   0.675,   0.941,9999.000,9999.000,9999.000,9999.000,9999.000,9999.000,9999.000
202606242030,   0.660,   1.000,9999.000,9999.000,9999.000,9999.000,9999.000,9999.000,9999.000
202606242036,   0.644,   0.990,9999.000,9999.000,9999.000,9999.000,9999.000,9999.000,9999.000
202606242042,   0.628,   0.961,9999.000,9999.000,9999.000,9999.000,9999.000,9999.000,9999.000
202606242048,   0.612,   0.908,9999.000,9999.000,9999.000,9999.000,9999.000,9999.000,9999.000
202606242054,   0.596,   0.918,9999.000,9999.000,9999.000,9999.000,9999.000,9999.000,9999.000
202606242100,   0.579,   0.829,   0.100,   0.150,   0.829,   0.100,   0.829,   0.100,   0.829
202606242106,   0.562,   0.849,9999.000,9999.000,9999.000,9999.000,9999.000,9999.000,9999.000
202606242112,   0.545,   0.829,9999.000,9999.000,9999.000,9999.000,9999.000,9999.000,9999.000
202606242118,   0.528,   0.849,9999.000,9999.000,9999.000,9999.000,9999.000,9999.000,9999.000
202606242124,   0.510,   0.780,9999.000,9999.000,9999.000,9999.000,9999.000,9999.000,9999.000
202606242130,   0.493,   0.790,9999.000,9999.000,9999.000,9999.000,9999.000,9999.000,9999.000
202606242136,   0.475,   0.669,9999.000,9999.000,9999.000,9999.000,9999.000,9999.000,9999.000
202606242142,   0.457,   0.698,9999.000,9999.000,9999.000,9999.000,9999.000,9999.000,9999.000
202606242148,   0.438,   0.649,9999.000,9999.000,9999.000,9999.000,9999.000,9999.000,9999.000
202606242154,   0.420,   0.629,9999.000,9999.000,9999.000,9999.000,9999.000,9999.000,9999.000
202606242200,   0.402,   0.541,   0.100,   0.039,   0.541,   0.100,   0.541,   0.100,   0.541
202606242206,   0.384,   0.610,9999.000,9999.000,9999.000,9999.000,9999.000,9999.000,9999.000
202606242212,   0.365,   0.629,9999.000,9999.000,9999.000,9999.000,9999.000,9999.000,9999.000
202606242218,   0.347,   0.590,9999.000,9999.000,9999.000,9999.000,9999.000,9999.000,9999.000
202606242224,   0.329,   0.580,9999.000,9999.000,9999.000,9999.000,9999.000,9999.000,9999.000
202606242230,   0.311,   0.531,9999.000,9999.000,9999.000,9999.000,9999.000,9999.000,9999.000
202606242236,   0.293,   0.570,9999.000,9999.000,9999.000,9999.000,9999.000,9999.000,9999.000
202606242242,   0.275,   0.560,9999.000,9999.000,9999.000,9999.000,9999.000,9999.000,9999.000
202606242248,   0.257,   0.508,9999.000,9999.000,9999.000,9999.000,9999.000,9999.000,9999.000
202606242254,   0.240,   0.459,9999.000,9999.000,9999.000,9999.000,9999.000,9999.000,9999.000
202606242300,   0.223,   0.419,   0.100,   0.096,   0.419,   0.100,   0.419,   0.100,   0.419
202606242306,   0.206,   0.469,9999.000,9999.000,9999.000,9999.000,9999.000,9999.000,9999.000
202606242312,   0.190,   0.469,9999.000,9999.000,9999.000,9999.000,9999.000,9999.000,9999.000
202606242318,   0.174,   0.419,9999.000,9999.000,9999.000,9999.000,9999.000,9999.000,9999.000
202606242324,   0.159,   0.439,9999.000,9999.000,9999.000,9999.000,9999.000,9999.000,9999.000
202606242330,   0.144,   0.449,9999.000,9999.000,9999.000,9999.000,9999.000,9999.000,9999.000
202606242336,   0.129,   0.439,9999.000,9999.000,9999.000,9999.000,9999.000,9999.000,9999.000
202606242342,   0.115,   0.439,9999.000,9999.000,9999.000,9999.000,9999.000,9999.000,9999.000
202606242348,   0.102,   0.380,9999.000,9999.000,9999.000,9999.000,9999.000,9999.000,9999.000
202606242354,   0.089,   0.350,9999.000,9999.000,9999.000,9999.000,9999.000,9999.000,9999.000
202606250000,   0.077,   0.390,   0.200,   0.113,   0.390,   0.200,   0.390,   0.200,   0.390
202606250006,   0.066,   0.380,9999.000,9999.000,9999.000,9999.000,9999.000,9999.000,9999.000
202606250012,   0.055,   0.350,9999.000,9999.000,9999.000,9999.000,9999.000,9999.000,9999.000
202606250018,   0.045,   0.341,9999.000,9999.000,9999.000,9999.000,9999.000,9999.000,9999.000
202606250024,   0.036,   0.331,9999.000,9999.000,9999.000,9999.000,9999.000,9999.000,9999.000
202606250030,   0.027,   0.350,9999.000,9999.000,9999.000,9999.000,9999.000,9999.000,9999.000
202606250036,   0.019,   0.321,9999.000,9999.000,9999.000,9999.000,9999.000,9999.000,9999.000
202606250042,   0.012,   0.331,9999.000,9999.000,9999.000,9999.000,9999.000,9999.000,9999.000
202606250048,   0.005,   0.288,9999.000,9999.000,9999.000,9999.000,9999.000,9999.000,9999.000
202606250054,   0.000,   0.331,9999.000,9999.000,9999.000,9999.000,9999.000,9999.000,9999.000
202606250100,  -0.005,   0.308,   0.200,   0.113,   0.308,   0.200,   0.308,   0.200,   0.308
202606250106,  -0.009,   0.298,9999.000,9999.000,9999.000,9999.000,9999.000,9999.000,9999.000
202606250112,  -0.013,   0.360,9999.000,9999.000,9999.000,9999.000,9999.000,9999.000,9999.000
202606250118,  -0.016,   0.268,9999.000,9999.000,9999.000,9999.000,9999.000,9999.000,9999.000
202606250124,  -0.018,   0.249,9999.000,9999.000,9999.000,9999.000,9999.000,9999.000,9999.000
202606250130,  -0.020,   0.341,9999.000,9999.000,9999.000,9999.000,9999.000,9999.000,9999.000
202606250136,  -0.021,   0.350,9999.000,9999.000,9999.000,9999.000,9999.000,9999.000,9999.000
202606250142,  -0.021,   0.259,9999.000,9999.000,9999.000,9999.000,9999.000,9999.000,9999.000
202606250148,  -0.021,   0.331,9999.000,9999.000,9999.000,9999.000,9999.000,9999.000,9999.000
202606250154,  -0.020,   0.380,9999.000,9999.000,9999.000,9999.000,9999.000,9999.000,9999.000
202606250200,  -0.018,   0.278,   0.200,   0.096,   0.278,   0.200,   0.278,   0.200,   0.278
202606250206,  -0.017,   0.298,9999.000,9999.000,9999.000,9999.000,9999.000,9999.000,9999.000
202606250212,  -0.014,   0.331,9999.000,9999.000,9999.000,9999.000,9999.000,9999.000,9999.000
202606250218,  -0.011,   0.390,9999.000,9999.000,9999.000,9999.000,9999.000,9999.000,9999.000
202606250224,  -0.007,   0.341,9999.000,9999.000,9999.000,9999.000,9999.000,9999.000,9999.000
202606250230,  -0.003,   0.259,9999.000,9999.000,9999.000,9999.000,9999.000,9999.000,9999.000
202606250236,   0.000,   0.409,9999.000,9999.000,9999.000,9999.000,9999.000,9999.000,9999.000
202606250242,   0.006,   0.419,9999.000,9999.000,9999.000,9999.000,9999.000,9999.000,9999.000
202606250248,   0.011,   0.390,9999.000,9999.000,9999.000,9999.000,9999.000,9999.000,9999.000
202606250254,   0.017,   0.409,9999.000,9999.000,9999.000,9999.000,9999.000,9999.000,9999.000
202606250300,   0.024,   0.409,   0.200,   0.185,   0.409,   0.200,   0.409,   0.200,   0.409
202606250306,   0.031,   0.409,9999.000,9999.000,9999.000,9999.000,9999.000,9999.000,9999.000
202606250312,   0.039,   0.390,9999.000,9999.000,9999.000,9999.000,9999.000,9999.000,9999.000
202606250318,   0.048,   0.380,9999.000,9999.000,9999.000,9999.000,9999.000,9999.000,9999.000
202606250324,   0.056,   0.478,9999.000,9999.000,9999.000,9999.000,9999.000,9999.000,9999.000
202606250330,   0.066,   0.469,9999.000,9999.000,9999.000,9999.000,9999.000,9999.000,9999.000
202606250336,   0.076,   0.380,9999.000,9999.000,9999.000,9999.000,9999.000,9999.000,9999.000
202606250342,   0.086,   0.419,9999.000,9999.000,9999.000,9999.000,9999.000,9999.000,9999.000
202606250348,   0.097,   0.429,9999.000,9999.000,9999.000,9999.000,9999.000,9999.000,9999.000
202606250354,   0.109,   0.469,9999.000,9999.000,9999.000,9999.000,9999.000,9999.000,9999.000
202606250400,   0.121,   0.508,   0.200,   0.187,   0.508,   0.200,   0.508,   0.200,   0.508
202606250406,   0.134,   0.488,9999.000,9999.000,9999.000,9999.000,9999.000,9999.000,9999.000
202606250412,   0.147,   0.508,9999.000,9999.000,9999.000,9999.000,9999.000,9999.000,9999.000
202606250418,   0.161,   0.518,9999.000,9999.000,9999.000,9999.000,9999.000,9999.000,9999.000
202606250424,   0.175,   0.570,9999.000,9999.000,9999.000,9999.000,9999.000,9999.000,9999.000
202606250430,   0.190,   0.541,9999.000,9999.000,9999.000,9999.000,9999.000,9999.000,9999.000
202606250436,   0.206,   0.560,9999.000,9999.000,9999.000,9999.000,9999.000,9999.000,9999.000
202606250442,   0.221,   0.580,9999.000,9999.000,9999.000,9999.000,9999.000,9999.000,9999.000
202606250448,   0.238,   0.610,9999.000,9999.000,9999.000,9999.000,9999.000,9999.000,9999.000
202606250454,   0.255,   0.610,9999.000,9999.000,9999.000,9999.000,9999.000,9999.000,9999.000
202606250500,   0.272,   0.619,   0.200,   0.147,   0.619,   0.200,   0.619,   0.200,   0.619
202606250506,   0.289,   0.678,9999.000,9999.000,9999.000,9999.000,9999.000,9999.000,9999.000
202606250512,   0.307,   0.639,9999.000,9999.000,9999.000,9999.000,9999.000,9999.000,9999.000
202606250518,   0.326,   0.639,9999.000,9999.000,9999.000,9999.000,9999.000,9999.000,9999.000
202606250524,   0.344,   0.688,9999.000,9999.000,9999.000,9999.000,9999.000,9999.000,9999.000
202606250530,   0.363,   0.829,9999.000,9999.000,9999.000,9999.000,9999.000,9999.000,9999.000
202606250536,   0.382,   0.731,9999.000,9999.000,9999.000,9999.000,9999.000,9999.000,9999.000
202606250542,   0.401,   0.760,9999.000,9999.000,9999.000,9999.000,9999.000,9999.000,9999.000
202606250548,   0.420,   0.879,9999.000,9999.000,9999.000,9999.000,9999.000,9999.000,9999.000
202606250554,   0.439,   0.918,9999.000,9999.000,9999.000,9999.000,9999.000,9999.000,9999.000
202606250600,   0.458,   0.918,   0.200,   0.260,   0.918,   0.200,   0.918,   0.200,   0.918
202606250606,   0.477,9999.000,9999.000,9999.000,9999.000,9999.000,9999.000,9999.000,9999.000
202606250612,   0.497,9999.000,9999.000,9999.000,9999.000,9999.000,9999.000,9999.000,9999.000
202606250618,   0.516,9999.000,9999.000,9999.000,9999.000,9999.000,9999.000,9999.000,9999.000
202606250624,   0.534,9999.000,9999.000,9999.000,9999.000,9999.000,9999.000,9999.000,9999.000
202606250630,   0.553,9999.000,9999.000,9999.000,9999.000,9999.000,9999.000,9999.000,9999.000
202606250636,   0.572,9999.000,9999.000,9999.000,9999.000,9999.000,9999.000,9999.000,9999.000
202606250642,   0.590,9999.000,9999.000,9999.000,9999.000,9999.000,9999.000,9999.000,9999.000
202606250648,   0.608,9999.000,9999.000,9999.000,9999.000,9999.000,9999.000,9999.000,9999.000
202606250654,   0.626,9999.000,9999.000,9999.000,9999.000,9999.000,9999.000,9999.000,9999.000
202606250700,   0.643,9999.000,   0.200,   0.254,   1.097,   0.200,   1.097,   0.200,   1.097
202606250706,   0.661,9999.000,9999.000,9999.000,9999.000,9999.000,9999.000,9999.000,9999.000
202606250712,   0.677,9999.000,9999.000,9999.000,9999.000,9999.000,9999.000,9999.000,9999.000
202606250718,   0.694,9999.000,9999.000,9999.000,9999.000,9999.000,9999.000,9999.000,9999.000
202606250724,   0.710,9999.000,9999.000,9999.000,9999.000,9999.000,9999.000,9999.000,9999.000
202606250730,   0.726,9999.000,9999.000,9999.000,9999.000,9999.000,9999.000,9999.000,9999.000
202606250736,   0.741,9999.000,9999.000,9999.000,9999.000,9999.000,9999.000,9999.000,9999.000
202606250742,   0.756,9999.000,9999.000,9999.000,9999.000,9999.000,9999.000,9999.000,9999.000
202606250748,   0.771,9999.000,9999.000,9999.000,9999.000,9999.000,9999.000,9999.000,9999.000
202606250754,   0.785,9999.000,9999.000,9999.000,9999.000,9999.000,9999.000,9999.000,9999.000
202606250800,   0.799,9999.000,   0.200,   0.249,   1.248,   0.200,   1.248,   0.200,   1.248
202606250806,   0.813,9999.000,9999.000,9999.000,9999.000,9999.000,9999.000,9999.000,9999.000
202606250812,   0.826,9999.000,9999.000,9999.000,9999.000,9999.000,9999.000,9999.000,9999.000
202606250818,   0.839,9999.000,9999.000,9999.000,9999.000,9999.000,9999.000,9999.000,9999.000
202606250824,   0.852,9999.000,9999.000,9999.000,9999.000,9999.000,9999.000,9999.000,9999.000
202606250830,   0.864,9999.000,9999.000,9999.000,9999.000,9999.000,9999.000,9999.000,9999.000
202606250836,   0.875,9999.000,9999.000,9999.000,9999.000,9999.000,9999.000,9999.000,9999.000
202606250842,   0.887,9999.000,9999.000,9999.000,9999.000,9999.000,9999.000,9999.000,9999.000
202606250848,   0.897,9999.000,9999.000,9999.000,9999.000,9999.000,9999.000,9999.000,9999.000
202606250854,   0.908,9999.000,9999.000,9999.000,9999.000,9999.000,9999.000,9999.000,9999.000
202606250900,   0.918,9999.000,   0.200,   0.243,   1.361,   0.200,   1.361,   0.200,   1.361
202606250906,   0.928,9999.000,9999.000,9999.000,9999.000,9999.000,9999.000,9999.000,9999.000
202606250912,   0.937,9999.000,9999.000,9999.000,9999.000,9999.000,9999.000,9999.000,9999.000
202606250918,   0.946,9999.000,9999.000,9999.000,9999.000,9999.000,9999.000,9999.000,9999.000
202606250924,   0.954,9999.000,9999.000,9999.000,9999.000,9999.000,9999.000,9999.000,9999.000
202606250930,   0.962,9999.000,9999.000,9999.000,9999.000,9999.000,9999.000,9999.000,9999.000
202606250936,   0.969,9999.000,9999.000,9999.000,9999.000,9999.000,9999.000,9999.000,9999.000
202606250942,   0.976,9999.000,9999.000,9999.000,9999.000,9999.000,9999.000,9999.000,9999.000
202606250948,   0.982,9999.000,9999.000,9999.000,9999.000,9999.000,9999.000,9999.000,9999.000
202606250954,   0.988,9999.000,9999.000,9999.000,9999.000,9999.000,9999.000,9999.000,9999.000
202606251000,   0.994,9999.000,   0.200,   0.237,   1.431,   0.200,   1.431,   0.200,   1.431
202606251006,   0.999,9999.000,9999.000,9999.000,9999.000,9999.000,9999.000,9999.000,9999.000
202606251012,   1.003,9999.000,9999.000,9999.000,9999.000,9999.000,9999.000,9999.000,9999.000
202606251018,   1.007,9999.000,9999.000,9999.000,9999.000,9999.000,9999.000,9999.000,9999.000
202606251024,   1.011,9999.000,9999.000,9999.000,9999.000,9999.000,9999.000,9999.000,9999.000
202606251030,   1.014,9999.000,9999.000,9999.000,9999.000,9999.000,9999.000,9999.000,9999.000
202606251036,   1.016,9999.000,9999.000,9999.000,9999.000,9999.000,9999.000,9999.000,9999.000
202606251042,   1.019,9999.000,9999.000,9999.000,9999.000,9999.000,9999.000,9999.000,9999.000
202606251048,   1.020,9999.000,9999.000,9999.000,9999.000,9999.000,9999.000,9999.000,9999.000
202606251054,   1.022,9999.000,9999.000,9999.000,9999.000,9999.000,9999.000,9999.000,9999.000
202606251100,   1.023,9999.000,   0.200,   0.232,   1.455,   0.200,   1.455,   0.200,   1.455
202606251106,   1.023,9999.000,9999.000,9999.000,9999.000,9999.000,9999.000,9999.000,9999.000
202606251112,   1.024,9999.000,9999.000,9999.000,9999.000,9999.000,9999.000,9999.000,9999.000
202606251118,   1.024,9999.000,9999.000,9999.000,9999.000,9999.000,9999.000,9999.000,9999.000
202606251124,   1.024,9999.000,9999.000,9999.000,9999.000,9999.000,9999.000,9999.000,9999.000
202606251130,   1.023,9999.000,9999.000,9999.000,9999.000,9999.000,9999.000,9999.000,9999.000
202606251136,   1.022,9999.000,9999.000,9999.000,9999.000,9999.000,9999.000,9999.000,9999.000
202606251142,   1.022,9999.000,9999.000,9999.000,9999.000,9999.000,9999.000,9999.000,9999.000
202606251148,   1.020,9999.000,9999.000,9999.000,9999.000,9999.000,9999.000,9999.000,9999.000
202606251154,   1.019,9999.000,9999.000,9999.000,9999.000,9999.000,9999.000,9999.000,9999.000
202606251200,   1.018,9999.000,   0.200,   0.226,   1.444,   0.200,   1.444,   0.200,   1.444
202606251206,   1.017,9999.000,9999.000,9999.000,9999.000,9999.000,9999.000,9999.000,9999.000
202606251212,   1.015,9999.000,9999.000,9999.000,9999.000,9999.000,9999.000,9999.000,9999.000
202606251218,   1.014,9999.000,9999.000,9999.000,9999.000,9999.000,9999.000,9999.000,9999.000
202606251224,   1.013,9999.000,9999.000,9999.000,9999.000,9999.000,9999.000,9999.000,9999.000
202606251230,   1.011,9999.000,9999.000,9999.000,9999.000,9999.000,9999.000,9999.000,9999.000
202606251236,   1.010,9999.000,9999.000,9999.000,9999.000,9999.000,9999.000,9999.000,9999.000
202606251242,   1.008,9999.000,9999.000,9999.000,9999.000,9999.000,9999.000,9999.000,9999.000
202606251248,   1.007,9999.000,9999.000,9999.000,9999.000,9999.000,9999.000,9999.000,9999.000
202606251254,   1.006,9999.000,9999.000,9999.000,9999.000,9999.000,9999.000,9999.000,9999.000
202606251300,   1.004,9999.000,   0.200,   0.220,   1.424,   0.200,   1.424,   0.200,   1.424
202606251306,   1.003,9999.000,9999.000,9999.000,9999.000,9999.000,9999.000,9999.000,9999.000
202606251312,   1.002,9999.000,9999.000,9999.000,9999.000,9999.000,9999.000,9999.000,9999.000
202606251318,   1.000,9999.000,9999.000,9999.000,9999.000,9999.000,9999.000,9999.000,9999.000
202606251324,   0.999,9999.000,9999.000,9999.000,9999.000,9999.000,9999.000,9999.000,9999.000
202606251330,   0.998,9999.000,9999.000,9999.000,9999.000,9999.000,9999.000,9999.000,9999.000
202606251336,   0.996,9999.000,9999.000,9999.000,9999.000,9999.000,9999.000,9999.000,9999.000
202606251342,   0.995,9999.000,9999.000,9999.000,9999.000,9999.000,9999.000,9999.000,9999.000
202606251348,   0.994,9999.000,9999.000,9999.000,9999.000,9999.000,9999.000,9999.000,9999.000
202606251354,   0.992,9999.000,9999.000,9999.000,9999.000,9999.000,9999.000,9999.000,9999.000
202606251400,   0.991,9999.000,   0.200,   0.214,   1.405,   0.200,   1.405,   0.200,   1.405
202606251406,   0.989,9999.000,9999.000,9999.000,9999.000,9999.000,9999.000,9999.000,9999.000
202606251412,   0.987,9999.000,9999.000,9999.000,9999.000,9999.000,9999.000,9999.000,9999.000
202606251418,   0.985,9999.000,9999.000,9999.000,9999.000,9999.000,9999.000,9999.000,9999.000
202606251424,   0.983,9999.000,9999.000,9999.000,9999.000,9999.000,9999.000,9999.000,9999.000
202606251430,   0.981,9999.000,9999.000,9999.000,9999.000,9999.000,9999.000,9999.000,9999.000
202606251436,   0.979,9999.000,9999.000,9999.000,9999.000,9999.000,9999.000,9999.000,9999.000
202606251442,   0.977,9999.000,9999.000,9999.000,9999.000,9999.000,9999.000,9999.000,9999.000
202606251448,   0.974,9999.000,9999.000,9999.000,9999.000,9999.000,9999.000,9999.000,9999.000
202606251454,   0.972,9999.000,9999.000,9999.000,9999.000,9999.000,9999.000,9999.000,9999.000
202606251500,   0.969,9999.000,   0.200,   0.209,   1.378,   0.200,   1.378,   0.200,   1.378
202606251506,   0.967,9999.000,9999.000,9999.000,9999.000,9999.000,9999.000,9999.000,9999.000
202606251512,   0.964,9999.000,9999.000,9999.000,9999.000,9999.000,9999.000,9999.000,9999.000
202606251518,   0.961,9999.000,9999.000,9999.000,9999.000,9999.000,9999.000,9999.000,9999.000
202606251524,   0.959,9999.000,9999.000,9999.000,9999.000,9999.000,9999.000,9999.000,9999.000
202606251530,   0.956,9999.000,9999.000,9999.000,9999.000,9999.000,9999.000,9999.000,9999.000
202606251536,   0.954,9999.000,9999.000,9999.000,9999.000,9999.000,9999.000,9999.000,9999.000
202606251542,   0.951,9999.000,9999.000,9999.000,9999.000,9999.000,9999.000,9999.000,9999.000
202606251548,   0.948,9999.000,9999.000,9999.000,9999.000,9999.000,9999.000,9999.000,9999.000
202606251554,   0.946,9999.000,9999.000,9999.000,9999.000,9999.000,9999.000,9999.000,9999.000
202606251600,   0.944,9999.000,   0.200,   0.203,   1.347,   0.200,   1.347,   0.200,   1.347
202606251606,   0.942,9999.000,9999.000,9999.000,9999.000,9999.000,9999.000,9999.000,9999.000
202606251612,   0.940,9999.000,9999.000,9999.000,9999.000,9999.000,9999.000,9999.000,9999.000
202606251618,   0.938,9999.000,9999.000,9999.000,9999.000,9999.000,9999.000,9999.000,9999.000
202606251624,   0.936,9999.000,9999.000,9999.000,9999.000,9999.000,9999.000,9999.000,9999.000
202606251630,   0.934,9999.000,9999.000,9999.000,9999.000,9999.000,9999.000,9999.000,9999.000
202606251636,   0.933,9999.000,9999.000,9999.000,9999.000,9999.000,9999.000,9999.000,9999.000
202606251642,   0.931,9999.000,9999.000,9999.000,9999.000,9999.000,9999.000,9999.000,9999.000
202606251648,   0.930,9999.000,9999.000,9999.000,9999.000,9999.000,9999.000,9999.000,9999.000
202606251654,   0.929,9999.000,9999.000,9999.000,9999.000,9999.000,9999.000,9999.000,9999.000
202606251700,   0.928,9999.000,   0.200,   0.197,   1.325,   0.200,   1.325,   0.200,   1.325
202606251706,   0.927,9999.000,9999.000,9999.000,9999.000,9999.000,9999.000,9999.000,9999.000
202606251712,   0.926,9999.000,9999.000,9999.000,9999.000,9999.000,9999.000,9999.000,9999.000
202606251718,   0.925,9999.000,9999.000,9999.000,9999.000,9999.000,9999.000,9999.000,9999.000
202606251724,   0.924,9999.000,9999.000,9999.000,9999.000,9999.000,9999.000,9999.000,9999.000
202606251730,   0.923,9999.000,9999.000,9999.000,9999.000,9999.000,9999.000,9999.000,9999.000
202606251736,   0.922,9999.000,9999.000,9999.000,9999.000,9999.000,9999.000,9999.000,9999.000
202606251742,   0.921,9999.000,9999.000,9999.000,9999.000,9999.000,9999.000,9999.000,9999.000
202606251748,   0.920,9999.000,9999.000,9999.000,9999.000,9999.000,9999.000,9999.000,9999.000
202606251754,   0.918,9999.000,9999.000,9999.000,9999.000,9999.000,9999.000,9999.000,9999.000
202606251800,   0.916,9999.000,   0.200,   0.192,   1.308,   0.200,   1.308,   0.200,   1.308
202606251806,   0.914,9999.000,9999.000,9999.000,9999.000,9999.000,9999.000,9999.000,9999.000
202606251812,   0.912,9999.000,9999.000,9999.000,9999.000,9999.000,9999.000,9999.000,9999.000
202606251818,   0.909,9999.000,9999.000,9999.000,9999.000,9999.000,9999.000,9999.000,9999.000
202606251824,   0.906,9999.000,9999.000,9999.000,9999.000,9999.000,9999.000,9999.000,9999.000
202606251830,   0.902,9999.000,9999.000,9999.000,9999.000,9999.000,9999.000,9999.000,9999.000
202606251836,   0.898,9999.000,9999.000,9999.000,9999.000,9999.000,9999.000,9999.000,9999.000
202606251842,   0.893,9999.000,9999.000,9999.000,9999.000,9999.000,9999.000,9999.000,9999.000
202606251848,   0.888,9999.000,9999.000,9999.000,9999.000,9999.000,9999.000,9999.000,9999.000
202606251854,   0.882,9999.000,9999.000,9999.000,9999.000,9999.000,9999.000,9999.000,9999.000
202606251900,   0.876,9999.000,   0.200,   0.192,   1.268,   0.200,   1.268,   0.200,   1.268
202606251906,   0.869,9999.000,9999.000,9999.000,9999.000,9999.000,9999.000,9999.000,9999.000
202606251912,   0.862,9999.000,9999.000,9999.000,9999.000,9999.000,9999.000,9999.000,9999.000
202606251918,   0.854,9999.000,9999.000,9999.000,9999.000,9999.000,9999.000,9999.000,9999.000
202606251924,   0.845,9999.000,9999.000,9999.000,9999.000,9999.000,9999.000,9999.000,9999.000
202606251930,   0.836,9999.000,9999.000,9999.000,9999.000,9999.000,9999.000,9999.000,9999.000
202606251936,   0.827,9999.000,9999.000,9999.000,9999.000,9999.000,9999.000,9999.000,9999.000
202606251942,   0.816,9999.000,9999.000,9999.000,9999.000,9999.000,9999.000,9999.000,9999.000
202606251948,   0.806,9999.000,9999.000,9999.000,9999.000,9999.000,9999.000,9999.000,9999.000
202606251954,   0.794,9999.000,9999.000,9999.000,9999.000,9999.000,9999.000,9999.000,9999.000
202606252000,   0.783,9999.000,   0.200,   0.192,   1.175,   0.200,   1.175,   0.200,   1.175
202606252006,   0.770,9999.000,9999.000,9999.000,9999.000,9999.000,9999.000,9999.000,9999.000
202606252012,   0.757,9999.000,9999.000,9999.000,9999.000,9999.000,9999.000,9999.000,9999.000
202606252018,   0.744,9999.000,9999.000,9999.000,9999.000,9999.000,9999.000,9999.000,9999.000
202606252024,   0.730,9999.000,9999.000,9999.000,9999.000,9999.000,9999.000,9999.000,9999.000
202606252030,   0.716,9999.000,9999.000,9999.000,9999.000,9999.000,9999.000,9999.000,9999.000
202606252036,   0.702,9999.000,9999.000,9999.000,9999.000,9999.000,9999.000,9999.000,9999.000
202606252042,   0.687,9999.000,9999.000,9999.000,9999.000,9999.000,9999.000,9999.000,9999.000
202606252048,   0.671,9999.000,9999.000,9999.000,9999.000,9999.000,9999.000,9999.000,9999.000
202606252054,   0.655,9999.000,9999.000,9999.000,9999.000,9999.000,9999.000,9999.000,9999.000
202606252100,   0.639,9999.000,   0.200,   0.192,   1.031,   0.200,   1.031,   0.200,   1.031
202606252106,   0.623,9999.000,9999.000,9999.000,9999.000,9999.000,9999.000,9999.000,9999.000
202606252112,   0.606,9999.000,9999.000,9999.000,9999.000,9999.000,9999.000,9999.000,9999.000
202606252118,   0.589,9999.000,9999.000,9999.000,9999.000,9999.000,9999.000,9999.000,9999.000
202606252124,   0.572,9999.000,9999.000,9999.000,9999.000,9999.000,9999.000,9999.000,9999.000
202606252130,   0.554,9999.000,9999.000,9999.000,9999.000,9999.000,9999.000,9999.000,9999.000
202606252136,   0.536,9999.000,9999.000,9999.000,9999.000,9999.000,9999.000,9999.000,9999.000
202606252142,   0.518,9999.000,9999.000,9999.000,9999.000,9999.000,9999.000,9999.000,9999.000
202606252148,   0.499,9999.000,9999.000,9999.000,9999.000,9999.000,9999.000,9999.000,9999.000
202606252154,   0.481,9999.000,9999.000,9999.000,9999.000,9999.000,9999.000,9999.000,9999.000
202606252200,   0.462,9999.000,   0.200,   0.192,   0.854,   0.200,   0.854,   0.200,   0.854
202606252206,   0.443,9999.000,9999.000,9999.000,9999.000,9999.000,9999.000,9999.000,9999.000
202606252212,   0.423,9999.000,9999.000,9999.000,9999.000,9999.000,9999.000,9999.000,9999.000
202606252218,   0.404,9999.000,9999.000,9999.000,9999.000,9999.000,9999.000,9999.000,9999.000
202606252224,   0.384,9999.000,9999.000,9999.000,9999.000,9999.000,9999.000,9999.000,9999.000
202606252230,   0.365,9999.000,9999.000,9999.000,9999.000,9999.000,9999.000,9999.000,9999.000
202606252236,   0.345,9999.000,9999.000,9999.000,9999.000,9999.000,9999.000,9999.000,9999.000
202606252242,   0.325,9999.000,9999.000,9999.000,9999.000,9999.000,9999.000,9999.000,9999.000
202606252248,   0.305,9999.000,9999.000,9999.000,9999.000,9999.000,9999.000,9999.000,9999.000
202606252254,   0.286,9999.000,9999.000,9999.000,9999.000,9999.000,9999.000,9999.000,9999.000
202606252300,   0.266,9999.000,   0.200,   0.192,   0.658,   0.200,   0.658,   0.200,   0.658
202606252306,   0.246,9999.000,9999.000,9999.000,9999.000,9999.000,9999.000,9999.000,9999.000
202606252312,   0.227,9999.000,9999.000,9999.000,9999.000,9999.000,9999.000,9999.000,9999.000
202606252318,   0.208,9999.000,9999.000,9999.000,9999.000,9999.000,9999.000,9999.000,9999.000
202606252324,   0.189,9999.000,9999.000,9999.000,9999.000,9999.000,9999.000,9999.000,9999.000
202606252330,   0.170,9999.000,9999.000,9999.000,9999.000,9999.000,9999.000,9999.000,9999.000
202606252336,   0.152,9999.000,9999.000,9999.000,9999.000,9999.000,9999.000,9999.000,9999.000
202606252342,   0.134,9999.000,9999.000,9999.000,9999.000,9999.000,9999.000,9999.000,9999.000
202606252348,   0.117,9999.000,9999.000,9999.000,9999.000,9999.000,9999.000,9999.000,9999.000
202606252354,   0.100,9999.000,9999.000,9999.000,9999.000,9999.000,9999.000,9999.000,9999.000
202606260000,   0.084,9999.000,   0.200,   0.192,   0.476,   0.200,   0.476,   0.200,   0.476
202606260006,   0.068,9999.000,9999.000,9999.000,9999.000,9999.000,9999.000,9999.000,9999.000
202606260012,   0.053,9999.000,9999.000,9999.000,9999.000,9999.000,9999.000,9999.000,9999.000
202606260018,   0.038,9999.000,9999.000,9999.000,9999.000,9999.000,9999.000,9999.000,9999.000
202606260024,   0.024,9999.000,9999.000,9999.000,9999.000,9999.000,9999.000,9999.000,9999.000
202606260030,   0.011,9999.000,9999.000,9999.000,9999.000,9999.000,9999.000,9999.000,9999.000
202606260036,   0.000,9999.000,9999.000,9999.000,9999.000,9999.000,9999.000,9999.000,9999.000
202606260042,  -0.012,9999.000,9999.000,9999.000,9999.000,9999.000,9999.000,9999.000,9999.000
202606260048,  -0.022,9999.000,9999.000,9999.000,9999.000,9999.000,9999.000,9999.000,9999.000
202606260054,  -0.032,9999.000,9999.000,9999.000,9999.000,9999.000,9999.000,9999.000,9999.000
202606260100,  -0.042,9999.000,   0.200,   0.192,   0.350,   0.200,   0.350,   0.200,   0.350
202606260106,  -0.050,9999.000,9999.000,9999.000,9999.000,9999.000,9999.000,9999.000,9999.000
202606260112,  -0.058,9999.000,9999.000,9999.000,9999.000,9999.000,9999.000,9999.000,9999.000
202606260118,  -0.064,9999.000,9999.000,9999.000,9999.000,9999.000,9999.000,9999.000,9999.000
202606260124,  -0.070,9999.000,9999.000,9999.000,9999.000,9999.000,9999.000,9999.000,9999.000
202606260130,  -0.076,9999.000,9999.000,9999.000,9999.000,9999.000,9999.000,9999.000,9999.000
202606260136,  -0.080,9999.000,9999.000,9999.000,9999.000,9999.000,9999.000,9999.000,9999.000
202606260142,  -0.084,9999.000,9999.000,9999.000,9999.000,9999.000,9999.000,9999.000,9999.000
202606260148,  -0.087,9999.000,9999.000,9999.000,9999.000,9999.000,9999.000,9999.000,9999.000
202606260154,  -0.089,9999.000,9999.000,9999.000,9999.000,9999.000,9999.000,9999.000,9999.000
202606260200,  -0.091,9999.000,   0.200,   0.192,   0.301,   0.200,   0.301,   0.200,   0.301
202606260206,  -0.092,9999.000,9999.000,9999.000,9999.000,9999.000,9999.000,9999.000,9999.000
202606260212,  -0.093,9999.000,9999.000,9999.000,9999.000,9999.000,9999.000,9999.000,9999.000
202606260218,  -0.092,9999.000,9999.000,9999.000,9999.000,9999.000,9999.000,9999.000,9999.000
202606260224,  -0.092,9999.000,9999.000,9999.000,9999.000,9999.000,9999.000,9999.000,9999.000
202606260230,  -0.090,9999.000,9999.000,9999.000,9999.000,9999.000,9999.000,9999.000,9999.000
202606260236,  -0.089,9999.000,9999.000,9999.000,9999.000,9999.000,9999.000,9999.000,9999.000
202606260242,  -0.086,9999.000,9999.000,9999.000,9999.000,9999.000,9999.000,9999.000,9999.000
202606260248,  -0.083,9999.000,9999.000,9999.000,9999.000,9999.000,9999.000,9999.000,9999.000
202606260254,  -0.080,9999.000,9999.000,9999.000,9999.000,9999.000,9999.000,9999.000,9999.000
202606260300,  -0.076,9999.000,   0.200,   0.192,   0.316,   0.200,   0.316,   0.200,   0.316
202606260306,  -0.071,9999.000,9999.000,9999.000,9999.000,9999.000,9999.000,9999.000,9999.000
202606260312,  -0.066,9999.000,9999.000,9999.000,9999.000,9999.000,9999.000,9999.000,9999.000
202606260318,  -0.060,9999.000,9999.000,9999.000,9999.000,9999.000,9999.000,9999.000,9999.000
202606260324,  -0.054,9999.000,9999.000,9999.000,9999.000,9999.000,9999.000,9999.000,9999.000
202606260330,  -0.047,9999.000,9999.000,9999.000,9999.000,9999.000,9999.000,9999.000,9999.000
202606260336,  -0.040,9999.000,9999.000,9999.000,9999.000,9999.000,9999.000,9999.000,9999.000
202606260342,  -0.032,9999.000,9999.000,9999.000,9999.000,9999.000,9999.000,9999.000,9999.000
202606260348,  -0.024,9999.000,9999.000,9999.000,9999.000,9999.000,9999.000,9999.000,9999.000
202606260354,  -0.015,9999.000,9999.000,9999.000,9999.000,9999.000,9999.000,9999.000,9999.000
202606260400,  -0.005,9999.000,   0.200,   0.192,   0.387,   0.200,   0.387,   0.200,   0.387
202606260406,   0.004,9999.000,9999.000,9999.000,9999.000,9999.000,9999.000,9999.000,9999.000
202606260412,   0.015,9999.000,9999.000,9999.000,9999.000,9999.000,9999.000,9999.000,9999.000
202606260418,   0.027,9999.000,9999.000,9999.000,9999.000,9999.000,9999.000,9999.000,9999.000
202606260424,   0.039,9999.000,9999.000,9999.000,9999.000,9999.000,9999.000,9999.000,9999.000
202606260430,   0.052,9999.000,9999.000,9999.000,9999.000,9999.000,9999.000,9999.000,9999.000
202606260436,   0.065,9999.000,9999.000,9999.000,9999.000,9999.000,9999.000,9999.000,9999.000
202606260442,   0.079,9999.000,9999.000,9999.000,9999.000,9999.000,9999.000,9999.000,9999.000
202606260448,   0.094,9999.000,9999.000,9999.000,9999.000,9999.000,9999.000,9999.000,9999.000
202606260454,   0.109,9999.000,9999.000,9999.000,9999.000,9999.000,9999.000,9999.000,9999.000
202606260500,   0.125,9999.000,   0.200,   0.192,   0.517,   0.200,   0.517,   0.200,   0.517
202606260506,   0.142,9999.000,9999.000,9999.000,9999.000,9999.000,9999.000,9999.000,9999.000
202606260512,   0.159,9999.000,9999.000,9999.000,9999.000,9999.000,9999.000,9999.000,9999.000
202606260518,   0.176,9999.000,9999.000,9999.000,9999.000,9999.000,9999.000,9999.000,9999.000
202606260524,   0.195,9999.000,9999.000,9999.000,9999.000,9999.000,9999.000,9999.000,9999.000
202606260530,   0.213,9999.000,9999.000,9999.000,9999.000,9999.000,9999.000,9999.000,9999.000
202606260536,   0.232,9999.000,9999.000,9999.000,9999.000,9999.000,9999.000,9999.000,9999.000
202606260542,   0.251,9999.000,9999.000,9999.000,9999.000,9999.000,9999.000,9999.000,9999.000
202606260548,   0.271,9999.000,9999.000,9999.000,9999.000,9999.000,9999.000,9999.000,9999.000
202606260554,   0.291,9999.000,9999.000,9999.000,9999.000,9999.000,9999.000,9999.000,9999.000
202606260600,   0.311,9999.000,   0.200,   0.192,   0.703,   0.200,   0.703,   0.200,   0.703
202606260606,   0.331,9999.000,9999.000,9999.000,9999.000,9999.000,9999.000,9999.000,9999.000
202606260612,   0.352,9999.000,9999.000,9999.000,9999.000,9999.000,9999.000,9999.000,9999.000
202606260618,   0.372,9999.000,9999.000,9999.000,9999.000,9999.000,9999.000,9999.000,9999.000
202606260624,   0.393,9999.000,9999.000,9999.000,9999.000,9999.000,9999.000,9999.000,9999.000
202606260630,   0.414,9999.000,9999.000,9999.000,9999.000,9999.000,9999.000,9999.000,9999.000
202606260636,   0.434,9999.000,9999.000,9999.000,9999.000,9999.000,9999.000,9999.000,9999.000
202606260642,   0.455,9999.000,9999.000,9999.000,9999.000,9999.000,9999.000,9999.000,9999.000
202606260648,   0.475,9999.000,9999.000,9999.000,9999.000,9999.000,9999.000,9999.000,9999.000
202606260654,   0.495,9999.000,9999.000,9999.000,9999.000,9999.000,9999.000,9999.000,9999.000
202606260700,   0.515,9999.000,   0.200,   0.192,   0.907,   0.200,   0.907,   0.200,   0.907
202606260706,   0.535,9999.000,9999.000,9999.000,9999.000,9999.000,9999.000,9999.000,9999.000
202606260712,   0.554,9999.000,9999.000,9999.000,9999.000,9999.000,9999.000,9999.000,9999.000
202606260718,   0.574,9999.000,9999.000,9999.000,9999.000,9999.000,9999.000,9999.000,9999.000
202606260724,   0.593,9999.000,9999.000,9999.000,9999.000,9999.000,9999.000,9999.000,9999.000
202606260730,   0.612,9999.000,9999.000,9999.000,9999.000,9999.000,9999.000,9999.000,9999.000
202606260736,   0.630,9999.000,9999.000,9999.000,9999.000,9999.000,9999.000,9999.000,9999.000
202606260742,   0.648,9999.000,9999.000,9999.000,9999.000,9999.000,9999.000,9999.000,9999.000
202606260748,   0.666,9999.000,9999.000,9999.000,9999.000,9999.000,9999.000,9999.000,9999.000
202606260754,   0.684,9999.000,9999.000,9999.000,9999.000,9999.000,9999.000,9999.000,9999.000
202606260800,   0.701,9999.000,   0.200,   0.192,   1.093,   0.200,   1.093,   0.200,   1.093
202606260806,   0.718,9999.000,9999.000,9999.000,9999.000,9999.000,9999.000,9999.000,9999.000
202606260812,   0.734,9999.000,9999.000,9999.000,9999.000,9999.000,9999.000,9999.000,9999.000
202606260818,   0.751,9999.000,9999.000,9999.000,9999.000,9999.000,9999.000,9999.000,9999.000
202606260824,   0.767,9999.000,9999.000,9999.000,9999.000,9999.000,9999.000,9999.000,9999.000
202606260830,   0.782,9999.000,9999.000,9999.000,9999.000,9999.000,9999.000,9999.000,9999.000
202606260836,   0.797,9999.000,9999.000,9999.000,9999.000,9999.000,9999.000,9999.000,9999.000
202606260842,   0.812,9999.000,9999.000,9999.000,9999.000,9999.000,9999.000,9999.000,9999.000
202606260848,   0.827,9999.000,9999.000,9999.000,9999.000,9999.000,9999.000,9999.000,9999.000
202606260854,   0.842,9999.000,9999.000,9999.000,9999.000,9999.000,9999.000,9999.000,9999.000
202606260900,   0.856,9999.000,   0.200,   0.192,   1.248,   0.200,   1.248,   0.200,   1.248
202606260906,   0.869,9999.000,9999.000,9999.000,9999.000,9999.000,9999.000,9999.000,9999.000
202606260912,   0.882,9999.000,9999.000,9999.000,9999.000,9999.000,9999.000,9999.000,9999.000
202606260918,   0.895,9999.000,9999.000,9999.000,9999.000,9999.000,9999.000,9999.000,9999.000
202606260924,   0.908,9999.000,9999.000,9999.000,9999.000,9999.000,9999.000,9999.000,9999.000
202606260930,   0.920,9999.000,9999.000,9999.000,9999.000,9999.000,9999.000,9999.000,9999.000
202606260936,   0.932,9999.000,9999.000,9999.000,9999.000,9999.000,9999.000,9999.000,9999.000
202606260942,   0.943,9999.000,9999.000,9999.000,9999.000,9999.000,9999.000,9999.000,9999.000
202606260948,   0.954,9999.000,9999.000,9999.000,9999.000,9999.000,9999.000,9999.000,9999.000
202606260954,   0.964,9999.000,9999.000,9999.000,9999.000,9999.000,9999.000,9999.000,9999.000
202606261000,   0.974,9999.000,   0.200,   0.192,   1.366,   0.200,   1.366,   0.300,   1.466
202606261006,   0.984,9999.000,9999.000,9999.000,9999.000,9999.000,9999.000,9999.000,9999.000
202606261012,   0.993,9999.000,9999.000,9999.000,9999.000,9999.000,9999.000,9999.000,9999.000
202606261018,   1.001,9999.000,9999.000,9999.000,9999.000,9999.000,9999.000,9999.000,9999.000
202606261024,   1.009,9999.000,9999.000,9999.000,9999.000,9999.000,9999.000,9999.000,9999.000
202606261030,   1.016,9999.000,9999.000,9999.000,9999.000,9999.000,9999.000,9999.000,9999.000
202606261036,   1.023,9999.000,9999.000,9999.000,9999.000,9999.000,9999.000,9999.000,9999.000
202606261042,   1.029,9999.000,9999.000,9999.000,9999.000,9999.000,9999.000,9999.000,9999.000
202606261048,   1.035,9999.000,9999.000,9999.000,9999.000,9999.000,9999.000,9999.000,9999.000
202606261054,   1.040,9999.000,9999.000,9999.000,9999.000,9999.000,9999.000,9999.000,9999.000
202606261100,   1.045,9999.000,   0.200,   0.192,   1.437,   0.200,   1.437,   0.300,   1.537
202606261106,   1.049,9999.000,9999.000,9999.000,9999.000,9999.000,9999.000,9999.000,9999.000
202606261112,   1.053,9999.000,9999.000,9999.000,9999.000,9999.000,9999.000,9999.000,9999.000
202606261118,   1.056,9999.000,9999.000,9999.000,9999.000,9999.000,9999.000,9999.000,9999.000
202606261124,   1.059,9999.000,9999.000,9999.000,9999.000,9999.000,9999.000,9999.000,9999.000
202606261130,   1.061,9999.000,9999.000,9999.000,9999.000,9999.000,9999.000,9999.000,9999.000
202606261136,   1.063,9999.000,9999.000,9999.000,9999.000,9999.000,9999.000,9999.000,9999.000
202606261142,   1.065,9999.000,9999.000,9999.000,9999.000,9999.000,9999.000,9999.000,9999.000
202606261148,   1.066,9999.000,9999.000,9999.000,9999.000,9999.000,9999.000,9999.000,9999.000
202606261154,   1.068,9999.000,9999.000,9999.000,9999.000,9999.000,9999.000,9999.000,9999.000
202606261200,   1.068,9999.000,   0.200,   0.192,   1.460,   0.200,   1.460,   0.300,   1.560
202606261206,   1.069,9999.000,9999.000,9999.000,9999.000,9999.000,9999.000,9999.000,9999.000
202606261212,   1.069,9999.000,9999.000,9999.000,9999.000,9999.000,9999.000,9999.000,9999.000
202606261218,   1.069,9999.000,9999.000,9999.000,9999.000,9999.000,9999.000,9999.000,9999.000
202606261224,   1.069,9999.000,9999.000,9999.000,9999.000,9999.000,9999.000,9999.000,9999.000
202606261230,   1.069,9999.000,9999.000,9999.000,9999.000,9999.000,9999.000,9999.000,9999.000
202606261236,   1.069,9999.000,9999.000,9999.000,9999.000,9999.000,9999.000,9999.000,9999.000
202606261242,   1.068,9999.000,9999.000,9999.000,9999.000,9999.000,9999.000,9999.000,9999.000
202606261248,   1.068,9999.000,9999.000,9999.000,9999.000,9999.000,9999.000,9999.000,9999.000
202606261254,   1.068,9999.000,9999.000,9999.000,9999.000,9999.000,9999.000,9999.000,9999.000
202606261300,   1.067,9999.000,   0.200,   0.192,   1.459,   0.200,   1.459,   0.300,   1.559
202606261306,   1.067,9999.000,9999.000,9999.000,9999.000,9999.000,9999.000,9999.000,9999.000
202606261312,   1.066,9999.000,9999.000,9999.000,9999.000,9999.000,9999.000,9999.000,9999.000
202606261318,   1.065,9999.000,9999.000,9999.000,9999.000,9999.000,9999.000,9999.000,9999.000
202606261324,   1.065,9999.000,9999.000,9999.000,9999.000,9999.000,9999.000,9999.000,9999.000
202606261330,   1.064,9999.000,9999.000,9999.000,9999.000,9999.000,9999.000,9999.000,9999.000
202606261336,   1.063,9999.000,9999.000,9999.000,9999.000,9999.000,9999.000,9999.000,9999.000
202606261342,   1.062,9999.000,9999.000,9999.000,9999.000,9999.000,9999.000,9999.000,9999.000
202606261348,   1.061,9999.000,9999.000,9999.000,9999.000,9999.000,9999.000,9999.000,9999.000
202606261354,   1.060,9999.000,9999.000,9999.000,9999.000,9999.000,9999.000,9999.000,9999.000
202606261400,   1.059,9999.000,   0.200,   0.192,   1.451,   0.200,   1.451,   0.300,   1.551
202606261406,   1.058,9999.000,9999.000,9999.000,9999.000,9999.000,9999.000,9999.000,9999.000
202606261412,   1.056,9999.000,9999.000,9999.000,9999.000,9999.000,9999.000,9999.000,9999.000
202606261418,   1.055,9999.000,9999.000,9999.000,9999.000,9999.000,9999.000,9999.000,9999.000
202606261424,   1.053,9999.000,9999.000,9999.000,9999.000,9999.000,9999.000,9999.000,9999.000
202606261430,   1.051,9999.000,9999.000,9999.000,9999.000,9999.000,9999.000,9999.000,9999.000
202606261436,   1.049,9999.000,9999.000,9999.000,9999.000,9999.000,9999.000,9999.000,9999.000
202606261442,   1.047,9999.000,9999.000,9999.000,9999.000,9999.000,9999.000,9999.000,9999.000
202606261448,   1.044,9999.000,9999.000,9999.000,9999.000,9999.000,9999.000,9999.000,9999.000
202606261454,   1.042,9999.000,9999.000,9999.000,9999.000,9999.000,9999.000,9999.000,9999.000
202606261500,   1.039,9999.000,   0.200,   0.192,   1.431,   0.200,   1.431,   0.300,   1.531
202606261506,   1.036,9999.000,9999.000,9999.000,9999.000,9999.000,9999.000,9999.000,9999.000
202606261512,   1.033,9999.000,9999.000,9999.000,9999.000,9999.000,9999.000,9999.000,9999.000
202606261518,   1.029,9999.000,9999.000,9999.000,9999.000,9999.000,9999.000,9999.000,9999.000
202606261524,   1.026,9999.000,9999.000,9999.000,9999.000,9999.000,9999.000,9999.000,9999.000
202606261530,   1.022,9999.000,9999.000,9999.000,9999.000,9999.000,9999.000,9999.000,9999.000
202606261536,   1.018,9999.000,9999.000,9999.000,9999.000,9999.000,9999.000,9999.000,9999.000
202606261542,   1.015,9999.000,9999.000,9999.000,9999.000,9999.000,9999.000,9999.000,9999.000
202606261548,   1.011,9999.000,9999.000,9999.000,9999.000,9999.000,9999.000,9999.000,9999.000
202606261554,   1.007,9999.000,9999.000,9999.000,9999.000,9999.000,9999.000,9999.000,9999.000
202606261600,   1.003,9999.000,   0.200,   0.192,   1.395,   0.200,   1.395,   0.300,   1.495
202606261606,   1.000,9999.000,9999.000,9999.000,9999.000,9999.000,9999.000,9999.000,9999.000
202606261612,   0.996,9999.000,9999.000,9999.000,9999.000,9999.000,9999.000,9999.000,9999.000
202606261618,   0.992,9999.000,9999.000,9999.000,9999.000,9999.000,9999.000,9999.000,9999.000
202606261624,   0.989,9999.000,9999.000,9999.000,9999.000,9999.000,9999.000,9999.000,9999.000
202606261630,   0.985,9999.000,9999.000,9999.000,9999.000,9999.000,9999.000,9999.000,9999.000
202606261636,   0.982,9999.000,9999.000,9999.000,9999.000,9999.000,9999.000,9999.000,9999.000
202606261642,   0.979,9999.000,9999.000,9999.000,9999.000,9999.000,9999.000,9999.000,9999.000
202606261648,   0.976,9999.000,9999.000,9999.000,9999.000,9999.000,9999.000,9999.000,9999.000
202606261654,   0.973,9999.000,9999.000,9999.000,9999.000,9999.000,9999.000,9999.000,9999.000
202606261700,   0.971,9999.000,   0.200,   0.192,   1.363,   0.200,   1.363,   0.300,   1.463
202606261706,   0.968,9999.000,9999.000,9999.000,9999.000,9999.000,9999.000,9999.000,9999.000
202606261712,   0.966,9999.000,9999.000,9999.000,9999.000,9999.000,9999.000,9999.000,9999.000
202606261718,   0.964,9999.000,9999.000,9999.000,9999.000,9999.000,9999.000,9999.000,9999.000
202606261724,   0.962,9999.000,9999.000,9999.000,9999.000,9999.000,9999.000,9999.000,9999.000
202606261730,   0.960,9999.000,9999.000,9999.000,9999.000,9999.000,9999.000,9999.000,9999.000
202606261736,   0.958,9999.000,9999.000,9999.000,9999.000,9999.000,9999.000,9999.000,9999.000
202606261742,   0.956,9999.000,9999.000,9999.000,9999.000,9999.000,9999.000,9999.000,9999.000
202606261748,   0.955,9999.000,9999.000,9999.000,9999.000,9999.000,9999.000,9999.000,9999.000
202606261754,   0.953,9999.000,9999.000,9999.000,9999.000,9999.000,9999.000,9999.000,9999.000
202606261800,   0.951,9999.000,   0.200,   0.192,   1.343,   0.200,   1.343,   0.300,   1.443
202606261806,   0.949,9999.000,9999.000,9999.000,9999.000,9999.000,9999.000,9999.000,9999.000
202606261812,   0.947,9999.000,9999.000,9999.000,9999.000,9999.000,9999.000,9999.000,9999.000
202606261818,   0.944,9999.000,9999.000,9999.000,9999.000,9999.000,9999.000,9999.000,9999.000
202606261824,   0.942,9999.000,9999.000,9999.000,9999.000,9999.000,9999.000,9999.000,9999.000
202606261830,   0.939,9999.000,9999.000,9999.000,9999.000,9999.000,9999.000,9999.000,9999.000
202606261836,   0.936,9999.000,9999.000,9999.000,9999.000,9999.000,9999.000,9999.000,9999.000
202606261842,   0.933,9999.000,9999.000,9999.000,9999.000,9999.000,9999.000,9999.000,9999.000
202606261848,   0.929,9999.000,9999.000,9999.000,9999.000,9999.000,9999.000,9999.000,9999.000
202606261854,   0.925,9999.000,9999.000,9999.000,9999.000,9999.000,9999.000,9999.000,9999.000
202606261900,   0.920,9999.000,   0.200,   0.192,   1.312,   0.200,   1.312,   0.300,   1.412
202606261906,   0.915,9999.000,9999.000,9999.000,9999.000,9999.000,9999.000,9999.000,9999.000
202606261912,   0.909,9999.000,9999.000,9999.000,9999.000,9999.000,9999.000,9999.000,9999.000
202606261918,   0.903,9999.000,9999.000,9999.000,9999.000,9999.000,9999.000,9999.000,9999.000
202606261924,   0.896,9999.000,9999.000,9999.000,9999.000,9999.000,9999.000,9999.000,9999.000
202606261930,   0.889,9999.000,9999.000,9999.000,9999.000,9999.000,9999.000,9999.000,9999.000
202606261936,   0.882,9999.000,9999.000,9999.000,9999.000,9999.000,9999.000,9999.000,9999.000
202606261942,   0.873,9999.000,9999.000,9999.000,9999.000,9999.000,9999.000,9999.000,9999.000
202606261948,   0.864,9999.000,9999.000,9999.000,9999.000,9999.000,9999.000,9999.000,9999.000
202606261954,   0.855,9999.000,9999.000,9999.000,9999.000,9999.000,9999.000,9999.000,9999.000
202606262000,   0.845,9999.000,   0.200,   0.192,   1.237,   0.200,   1.237,   0.300,   1.337
202606262006,   0.835,9999.000,9999.000,9999.000,9999.000,9999.000,9999.000,9999.000,9999.000
202606262012,   0.824,9999.000,9999.000,9999.000,9999.000,9999.000,9999.000,9999.000,9999.000
202606262018,   0.812,9999.000,9999.000,9999.000,9999.000,9999.000,9999.000,9999.000,9999.000
202606262024,   0.800,9999.000,9999.000,9999.000,9999.000,9999.000,9999.000,9999.000,9999.000
202606262030,   0.788,9999.000,9999.000,9999.000,9999.000,9999.000,9999.000,9999.000,9999.000
202606262036,   0.775,9999.000,9999.000,9999.000,9999.000,9999.000,9999.000,9999.000,9999.000
202606262042,   0.762,9999.000,9999.000,9999.000,9999.000,9999.000,9999.000,9999.000,9999.000
202606262048,   0.748,9999.000,9999.000,9999.000,9999.000,9999.000,9999.000,9999.000,9999.000
202606262054,   0.733,9999.000,9999.000,9999.000,9999.000,9999.000,9999.000,9999.000,9999.000
202606262100,   0.719,9999.000,   0.200,   0.192,   1.111,   0.200,   1.111,   0.300,   1.211
202606262106,   0.704,9999.000,9999.000,9999.000,9999.000,9999.000,9999.000,9999.000,9999.000
202606262112,   0.688,9999.000,9999.000,9999.000,9999.000,9999.000,9999.000,9999.000,9999.000
202606262118,   0.672,9999.000,9999.000,9999.000,9999.000,9999.000,9999.000,9999.000,9999.000
202606262124,   0.656,9999.000,9999.000,9999.000,9999.000,9999.000,9999.000,9999.000,9999.000
202606262130,   0.639,9999.000,9999.000,9999.000,9999.000,9999.000,9999.000,9999.000,9999.000
202606262136,   0.622,9999.000,9999.000,9999.000,9999.000,9999.000,9999.000,9999.000,9999.000
202606262142,   0.605,9999.000,9999.000,9999.000,9999.000,9999.000,9999.000,9999.000,9999.000
202606262148,   0.587,9999.000,9999.000,9999.000,9999.000,9999.000,9999.000,9999.000,9999.000
202606262154,   0.569,9999.000,9999.000,9999.000,9999.000,9999.000,9999.000,9999.000,9999.000
202606262200,   0.551,9999.000,   0.200,   0.192,   0.943,   0.200,   0.943,   0.200,   0.943
202606262206,   0.532,9999.000,9999.000,9999.000,9999.000,9999.000,9999.000,9999.000,9999.000
202606262212,   0.513,9999.000,9999.000,9999.000,9999.000,9999.000,9999.000,9999.000,9999.000
202606262218,   0.494,9999.000,9999.000,9999.000,9999.000,9999.000,9999.000,9999.000,9999.000
202606262224,   0.475,9999.000,9999.000,9999.000,9999.000,9999.000,9999.000,9999.000,9999.000
202606262230,   0.455,9999.000,9999.000,9999.000,9999.000,9999.000,9999.000,9999.000,9999.000
202606262236,   0.435,9999.000,9999.000,9999.000,9999.000,9999.000,9999.000,9999.000,9999.000
202606262242,   0.415,9999.000,9999.000,9999.000,9999.000,9999.000,9999.000,9999.000,9999.000
202606262248,   0.394,9999.000,9999.000,9999.000,9999.000,9999.000,9999.000,9999.000,9999.000
202606262254,   0.374,9999.000,9999.000,9999.000,9999.000,9999.000,9999.000,9999.000,9999.000
202606262300,   0.353,9999.000,   0.200,   0.192,   0.745,   0.200,   0.745,   0.200,   0.745
202606262306,   0.332,9999.000,9999.000,9999.000,9999.000,9999.000,9999.000,9999.000,9999.000
202606262312,   0.312,9999.000,9999.000,9999.000,9999.000,9999.000,9999.000,9999.000,9999.000
202606262318,   0.291,9999.000,9999.000,9999.000,9999.000,9999.000,9999.000,9999.000,9999.000
202606262324,   0.270,9999.000,9999.000,9999.000,9999.000,9999.000,9999.000,9999.000,9999.000
202606262330,   0.249,9999.000,9999.000,9999.000,9999.000,9999.000,9999.000,9999.000,9999.000
202606262336,   0.229,9999.000,9999.000,9999.000,9999.000,9999.000,9999.000,9999.000,9999.000
202606262342,   0.208,9999.000,9999.000,9999.000,9999.000,9999.000,9999.000,9999.000,9999.000
202606262348,   0.188,9999.000,9999.000,9999.000,9999.000,9999.000,9999.000,9999.000,9999.000
202606262354,   0.168,9999.000,9999.000,9999.000,9999.000,9999.000,9999.000,9999.000,9999.000
202606270000,   0.149,9999.000,   0.200,   0.192,   0.541,   0.200,   0.541,   0.200,   0.541
202606270006,   0.129,9999.000,9999.000,9999.000,9999.000,9999.000,9999.000,9999.000,9999.000
202606270012,   0.111,9999.000,9999.000,9999.000,9999.000,9999.000,9999.000,9999.000,9999.000
202606270018,   0.092,9999.000,9999.000,9999.000,9999.000,9999.000,9999.000,9999.000,9999.000
202606270024,   0.075,9999.000,9999.000,9999.000,9999.000,9999.000,9999.000,9999.000,9999.000
202606270030,   0.057,9999.000,9999.000,9999.000,9999.000,9999.000,9999.000,9999.000,9999.000
202606270036,   0.041,9999.000,9999.000,9999.000,9999.000,9999.000,9999.000,9999.000,9999.000
202606270042,   0.025,9999.000,9999.000,9999.000,9999.000,9999.000,9999.000,9999.000,9999.000
202606270048,   0.009,9999.000,9999.000,9999.000,9999.000,9999.000,9999.000,9999.000,9999.000
202606270054,  -0.004,9999.000,9999.000,9999.000,9999.000,9999.000,9999.000,9999.000,9999.000
202606270100,  -0.018,9999.000,   0.200,   0.192,   0.374,   0.200,   0.374,   0.200,   0.374
202606270106,  -0.031,9999.000,9999.000,9999.000,9999.000,9999.000,9999.000,9999.000,9999.000
202606270112,  -0.044,9999.000,9999.000,9999.000,9999.000,9999.000,9999.000,9999.000,9999.000
202606270118,  -0.055,9999.000,9999.000,9999.000,9999.000,9999.000,9999.000,9999.000,9999.000
202606270124,  -0.066,9999.000,9999.000,9999.000,9999.000,9999.000,9999.000,9999.000,9999.000
202606270130,  -0.076,9999.000,9999.000,9999.000,9999.000,9999.000,9999.000,9999.000,9999.000
202606270136,  -0.085,9999.000,9999.000,9999.000,9999.000,9999.000,9999.000,9999.000,9999.000
202606270142,  -0.093,9999.000,9999.000,9999.000,9999.000,9999.000,9999.000,9999.000,9999.000
202606270148,  -0.101,9999.000,9999.000,9999.000,9999.000,9999.000,9999.000,9999.000,9999.000
202606270154,  -0.108,9999.000,9999.000,9999.000,9999.000,9999.000,9999.000,9999.000,9999.000
202606270200,  -0.114,9999.000,   0.200,   0.192,   0.278,   0.200,   0.278,   0.200,   0.278
202606270206,  -0.119,9999.000,9999.000,9999.000,9999.000,9999.000,9999.000,9999.000,9999.000
202606270212,  -0.123,9999.000,9999.000,9999.000,9999.000,9999.000,9999.000,9999.000,9999.000
202606270218,  -0.127,9999.000,9999.000,9999.000,9999.000,9999.000,9999.000,9999.000,9999.000
202606270224,  -0.130,9999.000,9999.000,9999.000,9999.000,9999.000,9999.000,9999.000,9999.000
202606270230,  -0.133,9999.000,9999.000,9999.000,9999.000,9999.000,9999.000,9999.000,9999.000
202606270236,  -0.134,9999.000,9999.000,9999.000,9999.000,9999.000,9999.000,9999.000,9999.000
202606270242,  -0.135,9999.000,9999.000,9999.000,9999.000,9999.000,9999.000,9999.000,9999.000
202606270248,  -0.136,9999.000,9999.000,9999.000,9999.000,9999.000,9999.000,9999.000,9999.000
202606270254,  -0.136,9999.000,9999.000,9999.000,9999.000,9999.000,9999.000,9999.000,9999.000
202606270300,  -0.135,9999.000,   0.200,   0.192,   0.257,   0.200,   0.257,   0.300,   0.357
202606270306,  -0.133,9999.000,9999.000,9999.000,9999.000,9999.000,9999.000,9999.000,9999.000
202606270312,  -0.131,9999.000,9999.000,9999.000,9999.000,9999.000,9999.000,9999.000,9999.000
202606270318,  -0.129,9999.000,9999.000,9999.000,9999.000,9999.000,9999.000,9999.000,9999.000
202606270324,  -0.125,9999.000,9999.000,9999.000,9999.000,9999.000,9999.000,9999.000,9999.000
202606270330,  -0.122,9999.000,9999.000,9999.000,9999.000,9999.000,9999.000,9999.000,9999.000
202606270336,  -0.117,9999.000,9999.000,9999.000,9999.000,9999.000,9999.000,9999.000,9999.000
202606270342,  -0.112,9999.000,9999.000,9999.000,9999.000,9999.000,9999.000,9999.000,9999.000
202606270348,  -0.107,9999.000,9999.000,9999.000,9999.000,9999.000,9999.000,9999.000,9999.000
202606270354,  -0.100,9999.000,9999.000,9999.000,9999.000,9999.000,9999.000,9999.000,9999.000
202606270400,  -0.094,9999.000,   0.200,   0.192,   0.298,   0.200,   0.298,   0.300,   0.398
202606270406,  -0.086,9999.000,9999.000,9999.000,9999.000,9999.000,9999.000,9999.000,9999.000
202606270412,  -0.078,9999.000,9999.000,9999.000,9999.000,9999.000,9999.000,9999.000,9999.000
202606270418,  -0.069,9999.000,9999.000,9999.000,9999.000,9999.000,9999.000,9999.000,9999.000
202606270424,  -0.060,9999.000,9999.000,9999.000,9999.000,9999.000,9999.000,9999.000,9999.000
202606270430,  -0.050,9999.000,9999.000,9999.000,9999.000,9999.000,9999.000,9999.000,9999.000
202606270436,  -0.039,9999.000,9999.000,9999.000,9999.000,9999.000,9999.000,9999.000,9999.000
202606270442,  -0.028,9999.000,9999.000,9999.000,9999.000,9999.000,9999.000,9999.000,9999.000
202606270448,  -0.016,9999.000,9999.000,9999.000,9999.000,9999.000,9999.000,9999.000,9999.000
202606270454,  -0.003,9999.000,9999.000,9999.000,9999.000,9999.000,9999.000,9999.000,9999.000
202606270500,   0.010,9999.000,   0.200,   0.192,   0.402,   0.200,   0.402,   0.300,   0.502
202606270506,   0.024,9999.000,9999.000,9999.000,9999.000,9999.000,9999.000,9999.000,9999.000
202606270512,   0.038,9999.000,9999.000,9999.000,9999.000,9999.000,9999.000,9999.000,9999.000
202606270518,   0.054,9999.000,9999.000,9999.000,9999.000,9999.000,9999.000,9999.000,9999.000
202606270524,   0.070,9999.000,9999.000,9999.000,9999.000,9999.000,9999.000,9999.000,9999.000
202606270530,   0.086,9999.000,9999.000,9999.000,9999.000,9999.000,9999.000,9999.000,9999.000
202606270536,   0.103,9999.000,9999.000,9999.000,9999.000,9999.000,9999.000,9999.000,9999.000
202606270542,   0.121,9999.000,9999.000,9999.000,9999.000,9999.000,9999.000,9999.000,9999.000
202606270548,   0.139,9999.000,9999.000,9999.000,9999.000,9999.000,9999.000,9999.000,9999.000
202606270554,   0.157,9999.000,9999.000,9999.000,9999.000,9999.000,9999.000,9999.000,9999.000
202606270600,   0.176,9999.000,   0.200,   0.192,   0.568,   0.200,   0.568,   0.200,   0.568
202606270606,   0.196,9999.000,9999.000,9999.000,9999.000,9999.000,9999.000,9999.000,9999.000
202606270612,   0.215,9999.000,9999.000,9999.000,9999.000,9999.000,9999.000,9999.000,9999.000
202606270618,   0.235,9999.000,9999.000,9999.000,9999.000,9999.000,9999.000,9999.000,9999.000
202606270624,   0.255,9999.000,9999.000,9999.000,9999.000,9999.000,9999.000,9999.000,9999.000
202606270630,   0.276,9999.000,9999.000,9999.000,9999.000,9999.000,9999.000,9999.000,9999.000
202606270636,   0.296,9999.000,9999.000,9999.000,9999.000,9999.000,9999.000,9999.000,9999.000
202606270642,   0.317,9999.000,9999.000,9999.000,9999.000,9999.000,9999.000,9999.000,9999.000
202606270648,   0.338,9999.000,9999.000,9999.000,9999.000,9999.000,9999.000,9999.000,9999.000
202606270654,   0.358,9999.000,9999.000,9999.000,9999.000,9999.000,9999.000,9999.000,9999.000
202606270700,   0.379,9999.000,   0.200,   0.192,   0.771,   0.200,   0.771,   0.300,   0.871
202606270706,   0.400,9999.000,9999.000,9999.000,9999.000,9999.000,9999.000,9999.000,9999.000
202606270712,   0.420,9999.000,9999.000,9999.000,9999.000,9999.000,9999.000,9999.000,9999.000
202606270718,   0.441,9999.000,9999.000,9999.000,9999.000,9999.000,9999.000,9999.000,9999.000
202606270724,   0.461,9999.000,9999.000,9999.000,9999.000,9999.000,9999.000,9999.000,9999.000
202606270730,   0.482,9999.000,9999.000,9999.000,9999.000,9999.000,9999.000,9999.000,9999.000
202606270736,   0.502,9999.000,9999.000,9999.000,9999.000,9999.000,9999.000,9999.000,9999.000
202606270742,   0.521,9999.000,9999.000,9999.000,9999.000,9999.000,9999.000,9999.000,9999.000
202606270748,   0.541,9999.000,9999.000,9999.000,9999.000,9999.000,9999.000,9999.000,9999.000
202606270754,   0.560,9999.000,9999.000,9999.000,9999.000,9999.000,9999.000,9999.000,9999.000
202606270800,   0.579,9999.000,   0.200,   0.192,   0.971,   0.200,   0.971,   0.300,   1.071
202606270806,   0.598,9999.000,9999.000,9999.000,9999.000,9999.000,9999.000,9999.000,9999.000
202606270812,   0.617,9999.000,9999.000,9999.000,9999.000,9999.000,9999.000,9999.000,9999.000
202606270818,   0.635,9999.000,9999.000,9999.000,9999.000,9999.000,9999.000,9999.000,9999.000
202606270824,   0.653,9999.000,9999.000,9999.000,9999.000,9999.000,9999.000,9999.000,9999.000
202606270830,   0.671,9999.000,9999.000,9999.000,9999.000,9999.000,9999.000,9999.000,9999.000
202606270836,   0.688,9999.000,9999.000,9999.000,9999.000,9999.000,9999.000,9999.000,9999.000
202606270842,   0.706,9999.000,9999.000,9999.000,9999.000,9999.000,9999.000,9999.000,9999.000
202606270848,   0.722,9999.000,9999.000,9999.000,9999.000,9999.000,9999.000,9999.000,9999.000
202606270854,   0.739,9999.000,9999.000,9999.000,9999.000,9999.000,9999.000,9999.000,9999.000
202606270900,   0.755,9999.000,   0.200,   0.192,   1.147,   0.200,   1.147,   0.300,   1.247
202606270906,   0.771,9999.000,9999.000,9999.000,9999.000,9999.000,9999.000,9999.000,9999.000
202606270912,   0.787,9999.000,9999.000,9999.000,9999.000,9999.000,9999.000,9999.000,9999.000
202606270918,   0.803,9999.000,9999.000,9999.000,9999.000,9999.000,9999.000,9999.000,9999.000
202606270924,   0.818,9999.000,9999.000,9999.000,9999.000,9999.000,9999.000,9999.000,9999.000
202606270930,   0.832,9999.000,9999.000,9999.000,9999.000,9999.000,9999.000,9999.000,9999.000
202606270936,   0.847,9999.000,9999.000,9999.000,9999.000,9999.000,9999.000,9999.000,9999.000
202606270942,   0.861,9999.000,9999.000,9999.000,9999.000,9999.000,9999.000,9999.000,9999.000
202606270948,   0.875,9999.000,9999.000,9999.000,9999.000,9999.000,9999.000,9999.000,9999.000
202606270954,   0.888,9999.000,9999.000,9999.000,9999.000,9999.000,9999.000,9999.000,9999.000
202606271000,   0.901,9999.000,   0.200,   0.192,   1.293,   0.200,   1.293,   0.300,   1.393
202606271006,   0.913,9999.000,9999.000,9999.000,9999.000,9999.000,9999.000,9999.000,9999.000
202606271012,   0.925,9999.000,9999.000,9999.000,9999.000,9999.000,9999.000,9999.000,9999.000
202606271018,   0.937,9999.000,9999.000,9999.000,9999.000,9999.000,9999.000,9999.000,9999.000
202606271024,   0.948,9999.000,9999.000,9999.000,9999.000,9999.000,9999.000,9999.000,9999.000
202606271030,   0.959,9999.000,9999.000,9999.000,9999.000,9999.000,9999.000,9999.000,9999.000
202606271036,   0.969,9999.000,9999.000,9999.000,9999.000,9999.000,9999.000,9999.000,9999.000
202606271042,   0.979,9999.000,9999.000,9999.000,9999.000,9999.000,9999.000,9999.000,9999.000
202606271048,   0.988,9999.000,9999.000,9999.000,9999.000,9999.000,9999.000,9999.000,9999.000
202606271054,   0.997,9999.000,9999.000,9999.000,9999.000,9999.000,9999.000,9999.000,9999.000
202606271100,   1.005,9999.000,   0.200,   0.192,   1.397,   0.200,   1.397,   0.300,   1.497
202606271106,   1.013,9999.000,9999.000,9999.000,9999.000,9999.000,9999.000,9999.000,9999.000
202606271112,   1.020,9999.000,9999.000,9999.000,9999.000,9999.000,9999.000,9999.000,9999.000
202606271118,   1.027,9999.000,9999.000,9999.000,9999.000,9999.000,9999.000,9999.000,9999.000
202606271124,   1.033,9999.000,9999.000,9999.000,9999.000,9999.000,9999.000,9999.000,9999.000
202606271130,   1.039,9999.000,9999.000,9999.000,9999.000,9999.000,9999.000,9999.000,9999.000
202606271136,   1.044,9999.000,9999.000,9999.000,9999.000,9999.000,9999.000,9999.000,9999.000
202606271142,   1.049,9999.000,9999.000,9999.000,9999.000,9999.000,9999.000,9999.000,9999.000
202606271148,   1.054,9999.000,9999.000,9999.000,9999.000,9999.000,9999.000,9999.000,9999.000
202606271154,   1.058,9999.000,9999.000,9999.000,9999.000,9999.000,9999.000,9999.000,9999.000
202606271200,   1.061,9999.000,   0.200,   0.192,   1.453,   0.200,   1.453,   0.300,   1.553
202606271206,   1.065,9999.000,9999.000,9999.000,9999.000,9999.000,9999.000,9999.000,9999.000
202606271212,   1.068,9999.000,9999.000,9999.000,9999.000,9999.000,9999.000,9999.000,9999.000
202606271218,   1.070,9999.000,9999.000,9999.000,9999.000,9999.000,9999.000,9999.000,9999.000
202606271224,   1.073,9999.000,9999.000,9999.000,9999.000,9999.000,9999.000,9999.000,9999.000
202606271230,   1.075,9999.000,9999.000,9999.000,9999.000,9999.000,9999.000,9999.000,9999.000
202606271236,   1.077,9999.000,9999.000,9999.000,9999.000,9999.000,9999.000,9999.000,9999.000
202606271242,   1.078,9999.000,9999.000,9999.000,9999.000,9999.000,9999.000,9999.000,9999.000
202606271248,   1.080,9999.000,9999.000,9999.000,9999.000,9999.000,9999.000,9999.000,9999.000
202606271254,   1.081,9999.000,9999.000,9999.000,9999.000,9999.000,9999.000,9999.000,9999.000
202606271300,   1.082,9999.000,   0.200,   0.192,   1.474,   0.200,   1.474,   0.300,   1.574
202606271306,   1.083,9999.000,9999.000,9999.000,9999.000,9999.000,9999.000,9999.000,9999.000
202606271312,   1.084,9999.000,9999.000,9999.000,9999.000,9999.000,9999.000,9999.000,9999.000
202606271318,   1.085,9999.000,9999.000,9999.000,9999.000,9999.000,9999.000,9999.000,9999.000
202606271324,   1.085,9999.000,9999.000,9999.000,9999.000,9999.000,9999.000,9999.000,9999.000
202606271330,   1.086,9999.000,9999.000,9999.000,9999.000,9999.000,9999.000,9999.000,9999.000
202606271336,   1.086,9999.000,9999.000,9999.000,9999.000,9999.000,9999.000,9999.000,9999.000
202606271342,   1.086,9999.000,9999.000,9999.000,9999.000,9999.000,9999.000,9999.000,9999.000
202606271348,   1.086,9999.000,9999.000,9999.000,9999.000,9999.000,9999.000,9999.000,9999.000
202606271354,   1.086,9999.000,9999.000,9999.000,9999.000,9999.000,9999.000,9999.000,9999.000
202606271400,   1.086,9999.000,   0.200,   0.192,   1.478,   0.200,   1.478,   0.300,   1.578
202606271406,   1.086,9999.000,9999.000,9999.000,9999.000,9999.000,9999.000,9999.000,9999.000
202606271412,   1.085,9999.000,9999.000,9999.000,9999.000,9999.000,9999.000,9999.000,9999.000
202606271418,   1.085,9999.000,9999.000,9999.000,9999.000,9999.000,9999.000,9999.000,9999.000
202606271424,   1.084,9999.000,9999.000,9999.000,9999.000,9999.000,9999.000,9999.000,9999.000
202606271430,   1.083,9999.000,9999.000,9999.000,9999.000,9999.000,9999.000,9999.000,9999.000
202606271436,   1.082,9999.000,9999.000,9999.000,9999.000,9999.000,9999.000,9999.000,9999.000
202606271442,   1.081,9999.000,9999.000,9999.000,9999.000,9999.000,9999.000,9999.000,9999.000
202606271448,   1.079,9999.000,9999.000,9999.000,9999.000,9999.000,9999.000,9999.000,9999.000
202606271454,   1.078,9999.000,9999.000,9999.000,9999.000,9999.000,9999.000,9999.000,9999.000
202606271500,   1.076,9999.000,   0.200,   0.192,   1.468,   0.200,   1.468,   0.300,   1.568
202606271506,   1.074,9999.000,9999.000,9999.000,9999.000,9999.000,9999.000,9999.000,9999.000
202606271512,   1.072,9999.000,9999.000,9999.000,9999.000,9999.000,9999.000,9999.000,9999.000
202606271518,   1.069,9999.000,9999.000,9999.000,9999.000,9999.000,9999.000,9999.000,9999.000
202606271524,   1.067,9999.000,9999.000,9999.000,9999.000,9999.000,9999.000,9999.000,9999.000
202606271530,   1.064,9999.000,9999.000,9999.000,9999.000,9999.000,9999.000,9999.000,9999.000
202606271536,   1.061,9999.000,9999.000,9999.000,9999.000,9999.000,9999.000,9999.000,9999.000
202606271542,   1.058,9999.000,9999.000,9999.000,9999.000,9999.000,9999.000,9999.000,9999.000
202606271548,   1.055,9999.000,9999.000,9999.000,9999.000,9999.000,9999.000,9999.000,9999.000
202606271554,   1.052,9999.000,9999.000,9999.000,9999.000,9999.000,9999.000,9999.000,9999.000
202606271600,   1.048,9999.000,   0.200,   0.192,   1.440,   0.200,   1.440,   0.300,   1.540
202606271606,   1.045,9999.000,9999.000,9999.000,9999.000,9999.000,9999.000,9999.000,9999.000
202606271612,   1.041,9999.000,9999.000,9999.000,9999.000,9999.000,9999.000,9999.000,9999.000
202606271618,   1.038,9999.000,9999.000,9999.000,9999.000,9999.000,9999.000,9999.000,9999.000
202606271624,   1.034,9999.000,9999.000,9999.000,9999.000,9999.000,9999.000,9999.000,9999.000
202606271630,   1.031,9999.000,9999.000,9999.000,9999.000,9999.000,9999.000,9999.000,9999.000
202606271636,   1.027,9999.000,9999.000,9999.000,9999.000,9999.000,9999.000,9999.000,9999.000
202606271642,   1.024,9999.000,9999.000,9999.000,9999.000,9999.000,9999.000,9999.000,9999.000
202606271648,   1.021,9999.000,9999.000,9999.000,9999.000,9999.000,9999.000,9999.000,9999.000
202606271654,   1.017,9999.000,9999.000,9999.000,9999.000,9999.000,9999.000,9999.000,9999.000
202606271700,   1.014,9999.000,   0.200,   0.192,   1.406,   0.200,   1.406,   0.300,   1.506
202606271706,   1.011,9999.000,9999.000,9999.000,9999.000,9999.000,9999.000,9999.000,9999.000
202606271712,   1.008,9999.000,9999.000,9999.000,9999.000,9999.000,9999.000,9999.000,9999.000
202606271718,   1.006,9999.000,9999.000,9999.000,9999.000,9999.000,9999.000,9999.000,9999.000
202606271724,   1.003,9999.000,9999.000,9999.000,9999.000,9999.000,9999.000,9999.000,9999.000
202606271730,   1.001,9999.000,9999.000,9999.000,9999.000,9999.000,9999.000,9999.000,9999.000
202606271736,   0.998,9999.000,9999.000,9999.000,9999.000,9999.000,9999.000,9999.000,9999.000
202606271742,   0.996,9999.000,9999.000,9999.000,9999.000,9999.000,9999.000,9999.000,9999.000
202606271748,   0.993,9999.000,9999.000,9999.000,9999.000,9999.000,9999.000,9999.000,9999.000
202606271754,   0.991,9999.000,9999.000,9999.000,9999.000,9999.000,9999.000,9999.000,9999.000
202606271800,   0.989,9999.000,   0.200,   0.192,   1.381,   0.200,   1.381,   0.300,   1.481
202606271806,   0.987,9999.000,9999.000,9999.000,9999.000,9999.000,9999.000,9999.000,9999.000
202606271812,   0.985,9999.000,9999.000,9999.000,9999.000,9999.000,9999.000,9999.000,9999.000
202606271818,   0.983,9999.000,9999.000,9999.000,9999.000,9999.000,9999.000,9999.000,9999.000
202606271824,   0.980,9999.000,9999.000,9999.000,9999.000,9999.000,9999.000,9999.000,9999.000
202606271830,   0.978,9999.000,9999.000,9999.000,9999.000,9999.000,9999.000,9999.000,9999.000
202606271836,   0.976,9999.000,9999.000,9999.000,9999.000,9999.000,9999.000,9999.000,9999.000
202606271842,   0.973,9999.000,9999.000,9999.000,9999.000,9999.000,9999.000,9999.000,9999.000
202606271848,   0.970,9999.000,9999.000,9999.000,9999.000,9999.000,9999.000,9999.000,9999.000
202606271854,   0.967,9999.000,9999.000,9999.000,9999.000,9999.000,9999.000,9999.000,9999.000
202606271900,   0.964,9999.000,   0.200,   0.192,   1.356,   0.100,   1.256,   0.200,   1.356
202606271906,   0.960,9999.000,9999.000,9999.000,9999.000,9999.000,9999.000,9999.000,9999.000
202606271912,   0.956,9999.000,9999.000,9999.000,9999.000,9999.000,9999.000,9999.000,9999.000
202606271918,   0.952,9999.000,9999.000,9999.000,9999.000,9999.000,9999.000,9999.000,9999.000
202606271924,   0.947,9999.000,9999.000,9999.000,9999.000,9999.000,9999.000,9999.000,9999.000
202606271930,   0.942,9999.000,9999.000,9999.000,9999.000,9999.000,9999.000,9999.000,9999.000
202606271936,   0.936,9999.000,9999.000,9999.000,9999.000,9999.000,9999.000,9999.000,9999.000
202606271942,   0.930,9999.000,9999.000,9999.000,9999.000,9999.000,9999.000,9999.000,9999.000
202606271948,   0.924,9999.000,9999.000,9999.000,9999.000,9999.000,9999.000,9999.000,9999.000
202606271954,   0.917,9999.000,9999.000,9999.000,9999.000,9999.000,9999.000,9999.000,9999.000
202606272000,   0.909,9999.000,   0.200,   0.192,   1.301,   0.100,   1.201,   0.200,   1.301
202606272006,   0.902,9999.000,9999.000,9999.000,9999.000,9999.000,9999.000,9999.000,9999.000
202606272012,   0.893,9999.000,9999.000,9999.000,9999.000,9999.000,9999.000,9999.000,9999.000
202606272018,   0.884,9999.000,9999.000,9999.000,9999.000,9999.000,9999.000,9999.000,9999.000
202606272024,   0.875,9999.000,9999.000,9999.000,9999.000,9999.000,9999.000,9999.000,9999.000
202606272030,   0.865,9999.000,9999.000,9999.000,9999.000,9999.000,9999.000,9999.000,9999.000
202606272036,   0.855,9999.000,9999.000,9999.000,9999.000,9999.000,9999.000,9999.000,9999.000
202606272042,   0.844,9999.000,9999.000,9999.000,9999.000,9999.000,9999.000,9999.000,9999.000
202606272048,   0.832,9999.000,9999.000,9999.000,9999.000,9999.000,9999.000,9999.000,9999.000
202606272054,   0.820,9999.000,9999.000,9999.000,9999.000,9999.000,9999.000,9999.000,9999.000
202606272100,   0.808,9999.000,   0.200,   0.192,   1.200,   0.100,   1.100,   0.200,   1.200
202606272106,   0.795,9999.000,9999.000,9999.000,9999.000,9999.000,9999.000,9999.000,9999.000
202606272112,   0.782,9999.000,9999.000,9999.000,9999.000,9999.000,9999.000,9999.000,9999.000
202606272118,   0.768,9999.000,9999.000,9999.000,9999.000,9999.000,9999.000,9999.000,9999.000
202606272124,   0.754,9999.000,9999.000,9999.000,9999.000,9999.000,9999.000,9999.000,9999.000
202606272130,   0.739,9999.000,9999.000,9999.000,9999.000,9999.000,9999.000,9999.000,9999.000
202606272136,   0.724,9999.000,9999.000,9999.000,9999.000,9999.000,9999.000,9999.000,9999.000
202606272142,   0.708,9999.000,9999.000,9999.000,9999.000,9999.000,9999.000,9999.000,9999.000
202606272148,   0.692,9999.000,9999.000,9999.000,9999.000,9999.000,9999.000,9999.000,9999.000
202606272154,   0.675,9999.000,9999.000,9999.000,9999.000,9999.000,9999.000,9999.000,9999.000
202606272200,   0.658,9999.000,   0.200,   0.192,   1.050,   0.100,   0.950,   0.200,   1.050
202606272206,   0.641,9999.000,9999.000,9999.000,9999.000,9999.000,9999.000,9999.000,9999.000
202606272212,   0.623,9999.000,9999.000,9999.000,9999.000,9999.000,9999.000,9999.000,9999.000
202606272218,   0.605,9999.000,9999.000,9999.000,9999.000,9999.000,9999.000,9999.000,9999.000
202606272224,   0.587,9999.000,9999.000,9999.000,9999.000,9999.000,9999.000,9999.000,9999.000
202606272230,   0.568,9999.000,9999.000,9999.000,9999.000,9999.000,9999.000,9999.000,9999.000
202606272236,   0.549,9999.000,9999.000,9999.000,9999.000,9999.000,9999.000,9999.000,9999.000
202606272242,   0.529,9999.000,9999.000,9999.000,9999.000,9999.000,9999.000,9999.000,9999.000
202606272248,   0.509,9999.000,9999.000,9999.000,9999.000,9999.000,9999.000,9999.000,9999.000
202606272254,   0.489,9999.000,9999.000,9999.000,9999.000,9999.000,9999.000,9999.000,9999.000
202606272300,   0.469,9999.000,   0.200,   0.192,   0.861,   0.100,   0.761,   0.200,   0.861
202606272306,   0.448,9999.000,9999.000,9999.000,9999.000,9999.000,9999.000,9999.000,9999.000
202606272312,   0.427,9999.000,9999.000,9999.000,9999.000,9999.000,9999.000,9999.000,9999.000
202606272318,   0.406,9999.000,9999.000,9999.000,9999.000,9999.000,9999.000,9999.000,9999.000
202606272324,   0.385,9999.000,9999.000,9999.000,9999.000,9999.000,9999.000,9999.000,9999.000
202606272330,   0.364,9999.000,9999.000,9999.000,9999.000,9999.000,9999.000,9999.000,9999.000
202606272336,   0.342,9999.000,9999.000,9999.000,9999.000,9999.000,9999.000,9999.000,9999.000
202606272342,   0.321,9999.000,9999.000,9999.000,9999.000,9999.000,9999.000,9999.000,9999.000
202606272348,   0.299,9999.000,9999.000,9999.000,9999.000,9999.000,9999.000,9999.000,9999.000
202606272354,   0.278,9999.000,9999.000,9999.000,9999.000,9999.000,9999.000,9999.000,9999.000
202606280000,   0.257,9999.000,   0.200,   0.192,   0.649,   0.100,   0.549,   0.200,   0.649
202606280006,   0.236,9999.000,9999.000,9999.000,9999.000,9999.000,9999.000,9999.000,9999.000
202606280012,   0.215,9999.000,9999.000,9999.000,9999.000,9999.000,9999.000,9999.000,9999.000
202606280018,   0.194,9999.000,9999.000,9999.000,9999.000,9999.000,9999.000,9999.000,9999.000
202606280024,   0.173,9999.000,9999.000,9999.000,9999.000,9999.000,9999.000,9999.000,9999.000
202606280030,   0.153,9999.000,9999.000,9999.000,9999.000,9999.000,9999.000,9999.000,9999.000
202606280036,   0.134,9999.000,9999.000,9999.000,9999.000,9999.000,9999.000,9999.000,9999.000
202606280042,   0.114,9999.000,9999.000,9999.000,9999.000,9999.000,9999.000,9999.000,9999.000
202606280048,   0.095,9999.000,9999.000,9999.000,9999.000,9999.000,9999.000,9999.000,9999.000
202606280054,   0.077,9999.000,9999.000,9999.000,9999.000,9999.000,9999.000,9999.000,9999.000
202606280100,   0.059,9999.000,   0.200,   0.192,   0.451,   0.100,   0.351,   0.200,   0.451
202606280106,   0.042,9999.000,9999.000,9999.000,9999.000,9999.000,9999.000,9999.000,9999.000
202606280112,   0.025,9999.000,9999.000,9999.000,9999.000,9999.000,9999.000,9999.000,9999.000
202606280118,   0.009,9999.000,9999.000,9999.000,9999.000,9999.000,9999.000,9999.000,9999.000
202606280124,  -0.006,9999.000,9999.000,9999.000,9999.000,9999.000,9999.000,9999.000,9999.000
202606280130,  -0.021,9999.000,9999.000,9999.000,9999.000,9999.000,9999.000,9999.000,9999.000
202606280136,  -0.035,9999.000,9999.000,9999.000,9999.000,9999.000,9999.000,9999.000,9999.000
202606280142,  -0.048,9999.000,9999.000,9999.000,9999.000,9999.000,9999.000,9999.000,9999.000
202606280148,  -0.061,9999.000,9999.000,9999.000,9999.000,9999.000,9999.000,9999.000,9999.000
202606280154,  -0.073,9999.000,9999.000,9999.000,9999.000,9999.000,9999.000,9999.000,9999.000
202606280200,  -0.084,9999.000,   0.200,   0.192,   0.308,   0.100,   0.208,   0.200,   0.308
202606280206,  -0.095,9999.000,9999.000,9999.000,9999.000,9999.000,9999.000,9999.000,9999.000
202606280212,  -0.104,9999.000,9999.000,9999.000,9999.000,9999.000,9999.000,9999.000,9999.000
202606280218,  -0.113,9999.000,9999.000,9999.000,9999.000,9999.000,9999.000,9999.000,9999.000
202606280224,  -0.122,9999.000,9999.000,9999.000,9999.000,9999.000,9999.000,9999.000,9999.000
202606280230,  -0.129,9999.000,9999.000,9999.000,9999.000,9999.000,9999.000,9999.000,9999.000
202606280236,  -0.136,9999.000,9999.000,9999.000,9999.000,9999.000,9999.000,9999.000,9999.000
202606280242,  -0.142,9999.000,9999.000,9999.000,9999.000,9999.000,9999.000,9999.000,9999.000
202606280248,  -0.147,9999.000,9999.000,9999.000,9999.000,9999.000,9999.000,9999.000,9999.000
202606280254,  -0.151,9999.000,9999.000,9999.000,9999.000,9999.000,9999.000,9999.000,9999.000
202606280300,  -0.155,9999.000,   0.200,   0.192,   0.237,   0.100,   0.137,   0.200,   0.237
202606280306,  -0.158,9999.000,9999.000,9999.000,9999.000,9999.000,9999.000,9999.000,9999.000
202606280312,  -0.160,9999.000,9999.000,9999.000,9999.000,9999.000,9999.000,9999.000,9999.000
202606280318,  -0.162,9999.000,9999.000,9999.000,9999.000,9999.000,9999.000,9999.000,9999.000
202606280324,  -0.162,9999.000,9999.000,9999.000,9999.000,9999.000,9999.000,9999.000,9999.000
202606280330,  -0.163,9999.000,9999.000,9999.000,9999.000,9999.000,9999.000,9999.000,9999.000
202606280336,  -0.162,9999.000,9999.000,9999.000,9999.000,9999.000,9999.000,9999.000,9999.000
202606280342,  -0.161,9999.000,9999.000,9999.000,9999.000,9999.000,9999.000,9999.000,9999.000
202606280348,  -0.159,9999.000,9999.000,9999.000,9999.000,9999.000,9999.000,9999.000,9999.000
202606280354,  -0.156,9999.000,9999.000,9999.000,9999.000,9999.000,9999.000,9999.000,9999.000
202606280400,  -0.152,9999.000,   0.200,   0.192,   0.240,   0.100,   0.140,   0.200,   0.240
202606280406,  -0.148,9999.000,9999.000,9999.000,9999.000,9999.000,9999.000,9999.000,9999.000
202606280412,  -0.143,9999.000,9999.000,9999.000,9999.000,9999.000,9999.000,9999.000,9999.000
202606280418,  -0.138,9999.000,9999.000,9999.000,9999.000,9999.000,9999.000,9999.000,9999.000
202606280424,  -0.131,9999.000,9999.000,9999.000,9999.000,9999.000,9999.000,9999.000,9999.000
202606280430,  -0.124,9999.000,9999.000,9999.000,9999.000,9999.000,9999.000,9999.000,9999.000
202606280436,  -0.117,9999.000,9999.000,9999.000,9999.000,9999.000,9999.000,9999.000,9999.000
202606280442,  -0.108,9999.000,9999.000,9999.000,9999.000,9999.000,9999.000,9999.000,9999.000
202606280448,  -0.099,9999.000,9999.000,9999.000,9999.000,9999.000,9999.000,9999.000,9999.000
202606280454,  -0.089,9999.000,9999.000,9999.000,9999.000,9999.000,9999.000,9999.000,9999.000
202606280500,  -0.079,9999.000,   0.200,   0.192,   0.313,   0.100,   0.213,   0.200,   0.313
202606280506,  -0.068,9999.000,9999.000,9999.000,9999.000,9999.000,9999.000,9999.000,9999.000
202606280512,  -0.056,9999.000,9999.000,9999.000,9999.000,9999.000,9999.000,9999.000,9999.000
202606280518,  -0.043,9999.000,9999.000,9999.000,9999.000,9999.000,9999.000,9999.000,9999.000
202606280524,  -0.030,9999.000,9999.000,9999.000,9999.000,9999.000,9999.000,9999.000,9999.000
202606280530,  -0.016,9999.000,9999.000,9999.000,9999.000,9999.000,9999.000,9999.000,9999.000
202606280536,  -0.002,9999.000,9999.000,9999.000,9999.000,9999.000,9999.000,9999.000,9999.000
202606280542,   0.012,9999.000,9999.000,9999.000,9999.000,9999.000,9999.000,9999.000,9999.000
202606280548,   0.028,9999.000,9999.000,9999.000,9999.000,9999.000,9999.000,9999.000,9999.000
202606280554,   0.044,9999.000,9999.000,9999.000,9999.000,9999.000,9999.000,9999.000,9999.000
202606280600,   0.060,9999.000,   0.200,   0.192,   0.452,   0.100,   0.352,   0.200,   0.452
202606280606,   0.077,9999.000,9999.000,9999.000,9999.000,9999.000,9999.000,9999.000,9999.000
202606280612,   0.095,9999.000,9999.000,9999.000,9999.000,9999.000,9999.000,9999.000,9999.000
202606280618,   0.113,9999.000,9999.000,9999.000,9999.000,9999.000,9999.000,9999.000,9999.000
202606280624,   0.131,9999.000,9999.000,9999.000,9999.000,9999.000,9999.000,9999.000,9999.000
202606280630,   0.150,9999.000,9999.000,9999.000,9999.000,9999.000,9999.000,9999.000,9999.000
202606280636,   0.169,9999.000,9999.000,9999.000,9999.000,9999.000,9999.000,9999.000,9999.000
202606280642,   0.188,9999.000,9999.000,9999.000,9999.000,9999.000,9999.000,9999.000,9999.000
202606280648,   0.208,9999.000,9999.000,9999.000,9999.000,9999.000,9999.000,9999.000,9999.000
202606280654,   0.227,9999.000,9999.000,9999.000,9999.000,9999.000,9999.000,9999.000,9999.000
202606280700,   0.247,9999.000,   0.200,   0.192,   0.639,   0.100,   0.539,   0.200,   0.639
202606280706,   0.267,9999.000,9999.000,9999.000,9999.000,9999.000,9999.000,9999.000,9999.000
202606280712,   0.287,9999.000,9999.000,9999.000,9999.000,9999.000,9999.000,9999.000,9999.000
202606280718,   0.308,9999.000,9999.000,9999.000,9999.000,9999.000,9999.000,9999.000,9999.000
202606280724,   0.328,9999.000,9999.000,9999.000,9999.000,9999.000,9999.000,9999.000,9999.000
202606280730,   0.348,9999.000,9999.000,9999.000,9999.000,9999.000,9999.000,9999.000,9999.000
202606280736,   0.369,9999.000,9999.000,9999.000,9999.000,9999.000,9999.000,9999.000,9999.000
202606280742,   0.389,9999.000,9999.000,9999.000,9999.000,9999.000,9999.000,9999.000,9999.000
202606280748,   0.409,9999.000,9999.000,9999.000,9999.000,9999.000,9999.000,9999.000,9999.000
202606280754,   0.429,9999.000,9999.000,9999.000,9999.000,9999.000,9999.000,9999.000,9999.000
202606280800,   0.449,9999.000,   0.200,   0.192,   0.841,   0.100,   0.741,   0.200,   0.841
202606280806,   0.469,9999.000,9999.000,9999.000,9999.000,9999.000,9999.000,9999.000,9999.000
202606280812,   0.489,9999.000,9999.000,9999.000,9999.000,9999.000,9999.000,9999.000,9999.000
202606280818,   0.508,9999.000,9999.000,9999.000,9999.000,9999.000,9999.000,9999.000,9999.000
202606280824,   0.528,9999.000,9999.000,9999.000,9999.000,9999.000,9999.000,9999.000,9999.000
202606280830,   0.547,9999.000,9999.000,9999.000,9999.000,9999.000,9999.000,9999.000,9999.000
202606280836,   0.566,9999.000,9999.000,9999.000,9999.000,9999.000,9999.000,9999.000,9999.000
202606280842,   0.584,9999.000,9999.000,9999.000,9999.000,9999.000,9999.000,9999.000,9999.000
202606280848,   0.603,9999.000,9999.000,9999.000,9999.000,9999.000,9999.000,9999.000,9999.000
202606280854,   0.621,9999.000,9999.000,9999.000,9999.000,9999.000,9999.000,9999.000,9999.000
202606280900,   0.639,9999.000,   0.200,   0.192,   1.031,   0.100,   0.931,   0.200,   1.031
202606280906,   0.656,9999.000,9999.000,9999.000,9999.000,9999.000,9999.000,9999.000,9999.000
202606280912,   0.674,9999.000,9999.000,9999.000,9999.000,9999.000,9999.000,9999.000,9999.000
202606280918,   0.691,9999.000,9999.000,9999.000,9999.000,9999.000,9999.000,9999.000,9999.000
202606280924,   0.708,9999.000,9999.000,9999.000,9999.000,9999.000,9999.000,9999.000,9999.000
202606280930,   0.724,9999.000,9999.000,9999.000,9999.000,9999.000,9999.000,9999.000,9999.000
202606280936,   0.740,9999.000,9999.000,9999.000,9999.000,9999.000,9999.000,9999.000,9999.000
202606280942,   0.756,9999.000,9999.000,9999.000,9999.000,9999.000,9999.000,9999.000,9999.000
202606280948,   0.771,9999.000,9999.000,9999.000,9999.000,9999.000,9999.000,9999.000,9999.000
202606280954,   0.786,9999.000,9999.000,9999.000,9999.000,9999.000,9999.000,9999.000,9999.000
202606281000,   0.801,9999.000,   0.200,   0.192,   1.193,   0.100,   1.093,   0.200,   1.193
202606281006,   0.815,9999.000,9999.000,9999.000,9999.000,9999.000,9999.000,9999.000,9999.000
202606281012,   0.829,9999.000,9999.000,9999.000,9999.000,9999.000,9999.000,9999.000,9999.000
202606281018,   0.843,9999.000,9999.000,9999.000,9999.000,9999.000,9999.000,9999.000,9999.000
202606281024,   0.856,9999.000,9999.000,9999.000,9999.000,9999.000,9999.000,9999.000,9999.000
202606281030,   0.869,9999.000,9999.000,9999.000,9999.000,9999.000,9999.000,9999.000,9999.000
202606281036,   0.881,9999.000,9999.000,9999.000,9999.000,9999.000,9999.000,9999.000,9999.000
202606281042,   0.893,9999.000,9999.000,9999.000,9999.000,9999.000,9999.000,9999.000,9999.000
202606281048,   0.904,9999.000,9999.000,9999.000,9999.000,9999.000,9999.000,9999.000,9999.000
202606281054,   0.915,9999.000,9999.000,9999.000,9999.000,9999.000,9999.000,9999.000,9999.000
202606281100,   0.926,9999.000,   0.200,   0.192,   1.318,   0.100,   1.218,   0.300,   1.418
202606281106,   0.936,9999.000,9999.000,9999.000,9999.000,9999.000,9999.000,9999.000,9999.000
202606281112,   0.946,9999.000,9999.000,9999.000,9999.000,9999.000,9999.000,9999.000,9999.000
202606281118,   0.955,9999.000,9999.000,9999.000,9999.000,9999.000,9999.000,9999.000,9999.000
202606281124,   0.964,9999.000,9999.000,9999.000,9999.000,9999.000,9999.000,9999.000,9999.000
202606281130,   0.973,9999.000,9999.000,9999.000,9999.000,9999.000,9999.000,9999.000,9999.000
202606281136,   0.981,9999.000,9999.000,9999.000,9999.000,9999.000,9999.000,9999.000,9999.000
202606281142,   0.989,9999.000,9999.000,9999.000,9999.000,9999.000,9999.000,9999.000,9999.000
202606281148,   0.996,9999.000,9999.000,9999.000,9999.000,9999.000,9999.000,9999.000,9999.000
202606281154,   1.003,9999.000,9999.000,9999.000,9999.000,9999.000,9999.000,9999.000,9999.000
202606281200,   1.010,9999.000,   0.200,   0.192,   1.402,   0.100,   1.302,   0.300,   1.502
202606281206,   1.016,9999.000,9999.000,9999.000,9999.000,9999.000,9999.000,9999.000,9999.000
202606281212,   1.022,9999.000,9999.000,9999.000,9999.000,9999.000,9999.000,9999.000,9999.000
202606281218,   1.027,9999.000,9999.000,9999.000,9999.000,9999.000,9999.000,9999.000,9999.000
202606281224,   1.032,9999.000,9999.000,9999.000,9999.000,9999.000,9999.000,9999.000,9999.000
202606281230,   1.037,9999.000,9999.000,9999.000,9999.000,9999.000,9999.000,9999.000,9999.000
202606281236,   1.042,9999.000,9999.000,9999.000,9999.000,9999.000,9999.000,9999.000,9999.000
202606281242,   1.046,9999.000,9999.000,9999.000,9999.000,9999.000,9999.000,9999.000,9999.000
202606281248,   1.050,9999.000,9999.000,9999.000,9999.000,9999.000,9999.000,9999.000,9999.000
202606281254,   1.053,9999.000,9999.000,9999.000,9999.000,9999.000,9999.000,9999.000,9999.000
202606281300,   1.057,9999.000,   0.200,   0.192,   1.449,   0.100,   1.349,   0.300,   1.549
202606281306,   1.060,9999.000,9999.000,9999.000,9999.000,9999.000,9999.000,9999.000,9999.000
202606281312,   1.063,9999.000,9999.000,9999.000,9999.000,9999.000,9999.000,9999.000,9999.000
202606281318,   1.066,9999.000,9999.000,9999.000,9999.000,9999.000,9999.000,9999.000,9999.000
202606281324,   1.068,9999.000,9999.000,9999.000,9999.000,9999.000,9999.000,9999.000,9999.000
202606281330,   1.070,9999.000,9999.000,9999.000,9999.000,9999.000,9999.000,9999.000,9999.000
202606281336,   1.072,9999.000,9999.000,9999.000,9999.000,9999.000,9999.000,9999.000,9999.000
202606281342,   1.074,9999.000,9999.000,9999.000,9999.000,9999.000,9999.000,9999.000,9999.000
202606281348,   1.076,9999.000,9999.000,9999.000,9999.000,9999.000,9999.000,9999.000,9999.000
202606281354,   1.077,9999.000,9999.000,9999.000,9999.000,9999.000,9999.000,9999.000,9999.000
202606281400,   1.078,9999.000,   0.200,   0.192,   1.470,   0.100,   1.370,   0.300,   1.570
202606281406,   1.079,9999.000,9999.000,9999.000,9999.000,9999.000,9999.000,9999.000,9999.000
202606281412,   1.080,9999.000,9999.000,9999.000,9999.000,9999.000,9999.000,9999.000,9999.000
202606281418,   1.081,9999.000,9999.000,9999.000,9999.000,9999.000,9999.000,9999.000,9999.000
202606281424,   1.081,9999.000,9999.000,9999.000,9999.000,9999.000,9999.000,9999.000,9999.000
202606281430,   1.081,9999.000,9999.000,9999.000,9999.000,9999.000,9999.000,9999.000,9999.000
202606281436,   1.081,9999.000,9999.000,9999.000,9999.000,9999.000,9999.000,9999.000,9999.000
202606281442,   1.081,9999.000,9999.000,9999.000,9999.000,9999.000,9999.000,9999.000,9999.000
202606281448,   1.081,9999.000,9999.000,9999.000,9999.000,9999.000,9999.000,9999.000,9999.000
202606281454,   1.081,9999.000,9999.000,9999.000,9999.000,9999.000,9999.000,9999.000,9999.000
202606281500,   1.080,9999.000,   0.200,   0.192,   1.472,   0.100,   1.372,   0.300,   1.572
202606281506,   1.079,9999.000,9999.000,9999.000,9999.000,9999.000,9999.000,9999.000,9999.000
202606281512,   1.078,9999.000,9999.000,9999.000,9999.000,9999.000,9999.000,9999.000,9999.000
202606281518,   1.077,9999.000,9999.000,9999.000,9999.000,9999.000,9999.000,9999.000,9999.000
202606281524,   1.076,9999.000,9999.000,9999.000,9999.000,9999.000,9999.000,9999.000,9999.000
202606281530,   1.074,9999.000,9999.000,9999.000,9999.000,9999.000,9999.000,9999.000,9999.000
202606281536,   1.073,9999.000,9999.000,9999.000,9999.000,9999.000,9999.000,9999.000,9999.000
202606281542,   1.071,9999.000,9999.000,9999.000,9999.000,9999.000,9999.000,9999.000,9999.000
202606281548,   1.070,9999.000,9999.000,9999.000,9999.000,9999.000,9999.000,9999.000,9999.000
202606281554,   1.068,9999.000,9999.000,9999.000,9999.000,9999.000,9999.000,9999.000,9999.000
202606281600,   1.066,9999.000,   0.200,   0.192,   1.458,   0.100,   1.358,   0.200,   1.458
202606281606,   1.064,9999.000,9999.000,9999.000,9999.000,9999.000,9999.000,9999.000,9999.000
202606281612,   1.062,9999.000,9999.000,9999.000,9999.000,9999.000,9999.000,9999.000,9999.000
202606281618,   1.060,9999.000,9999.000,9999.000,9999.000,9999.000,9999.000,9999.000,9999.000
202606281624,   1.058,9999.000,9999.000,9999.000,9999.000,9999.000,9999.000,9999.000,9999.000
202606281630,   1.055,9999.000,9999.000,9999.000,9999.000,9999.000,9999.000,9999.000,9999.000
202606281636,   1.053,9999.000,9999.000,9999.000,9999.000,9999.000,9999.000,9999.000,9999.000
202606281642,   1.051,9999.000,9999.000,9999.000,9999.000,9999.000,9999.000,9999.000,9999.000
202606281648,   1.049,9999.000,9999.000,9999.000,9999.000,9999.000,9999.000,9999.000,9999.000
202606281654,   1.047,9999.000,9999.000,9999.000,9999.000,9999.000,9999.000,9999.000,9999.000
202606281700,   1.045,9999.000,   0.200,   0.192,   1.437,   0.100,   1.337,   0.200,   1.437
202606281706,   1.042,9999.000,9999.000,9999.000,9999.000,9999.000,9999.000,9999.000,9999.000
202606281712,   1.040,9999.000,9999.000,9999.000,9999.000,9999.000,9999.000,9999.000,9999.000
202606281718,   1.038,9999.000,9999.000,9999.000,9999.000,9999.000,9999.000,9999.000,9999.000
202606281724,   1.036,9999.000,9999.000,9999.000,9999.000,9999.000,9999.000,9999.000,9999.000
202606281730,   1.034,9999.000,9999.000,9999.000,9999.000,9999.000,9999.000,9999.000,9999.000
202606281736,   1.032,9999.000,9999.000,9999.000,9999.000,9999.000,9999.000,9999.000,9999.000
202606281742,   1.030,9999.000,9999.000,9999.000,9999.000,9999.000,9999.000,9999.000,9999.000
202606281748,   1.029,9999.000,9999.000,9999.000,9999.000,9999.000,9999.000,9999.000,9999.000
202606281754,   1.027,9999.000,9999.000,9999.000,9999.000,9999.000,9999.000,9999.000,9999.000
202606281800,   1.025,9999.000,   0.200,   0.192,   1.417,   0.100,   1.317,   0.200,   1.417
202606281806,   1.023,9999.000,9999.000,9999.000,9999.000,9999.000,9999.000,9999.000,9999.000
202606281812,   1.021,9999.000,9999.000,9999.000,9999.000,9999.000,9999.000,9999.000,9999.000
202606281818,   1.019,9999.000,9999.000,9999.000,9999.000,9999.000,9999.000,9999.000,9999.000
202606281824,   1.017,9999.000,9999.000,9999.000,9999.000,9999.000,9999.000,9999.000,9999.000
202606281830,   1.015,9999.000,9999.000,9999.000,9999.000,9999.000,9999.000,9999.000,9999.000
202606281836,   1.013,9999.000,9999.000,9999.000,9999.000,9999.000,9999.000,9999.000,9999.000
202606281842,   1.011,9999.000,9999.000,9999.000,9999.000,9999.000,9999.000,9999.000,9999.000
202606281848,   1.009,9999.000,9999.000,9999.000,9999.000,9999.000,9999.000,9999.000,9999.000
202606281854,   1.006,9999.000,9999.000,9999.000,9999.000,9999.000,9999.000,9999.000,9999.000
202606281900,   1.004,9999.000,   0.200,   0.192,   1.396,   0.100,   1.296,   0.200,   1.396
202606281906,   1.001,9999.000,9999.000,9999.000,9999.000,9999.000,9999.000,9999.000,9999.000
202606281912,   0.998,9999.000,9999.000,9999.000,9999.000,9999.000,9999.000,9999.000,9999.000
202606281918,   0.995,9999.000,9999.000,9999.000,9999.000,9999.000,9999.000,9999.000,9999.000
202606281924,   0.992,9999.000,9999.000,9999.000,9999.000,9999.000,9999.000,9999.000,9999.000
202606281930,   0.988,9999.000,9999.000,9999.000,9999.000,9999.000,9999.000,9999.000,9999.000
202606281936,   0.985,9999.000,9999.000,9999.000,9999.000,9999.000,9999.000,9999.000,9999.000
202606281942,   0.980,9999.000,9999.000,9999.000,9999.000,9999.000,9999.000,9999.000,9999.000
202606281948,   0.976,9999.000,9999.000,9999.000,9999.000,9999.000,9999.000,9999.000,9999.000
202606281954,   0.971,9999.000,9999.000,9999.000,9999.000,9999.000,9999.000,9999.000,9999.000
202606282000,   0.966,9999.000,   0.200,   0.192,   1.358,   0.100,   1.258,   0.200,   1.358
202606282006,   0.961,9999.000,9999.000,9999.000,9999.000,9999.000,9999.000,9999.000,9999.000
202606282012,   0.955,9999.000,9999.000,9999.000,9999.000,9999.000,9999.000,9999.000,9999.000
202606282018,   0.949,9999.000,9999.000,9999.000,9999.000,9999.000,9999.000,9999.000,9999.000
202606282024,   0.943,9999.000,9999.000,9999.000,9999.000,9999.000,9999.000,9999.000,9999.000
202606282030,   0.936,9999.000,9999.000,9999.000,9999.000,9999.000,9999.000,9999.000,9999.000
202606282036,   0.928,9999.000,9999.000,9999.000,9999.000,9999.000,9999.000,9999.000,9999.000
202606282042,   0.920,9999.000,9999.000,9999.000,9999.000,9999.000,9999.000,9999.000,9999.000
202606282048,   0.912,9999.000,9999.000,9999.000,9999.000,9999.000,9999.000,9999.000,9999.000
202606282054,   0.903,9999.000,9999.000,9999.000,9999.000,9999.000,9999.000,9999.000,9999.000
202606282100,   0.894,9999.000,   0.200,   0.192,   1.286,   0.100,   1.186,   0.200,   1.286
202606282106,   0.884,9999.000,9999.000,9999.000,9999.000,9999.000,9999.000,9999.000,9999.000
202606282112,   0.874,9999.000,9999.000,9999.000,9999.000,9999.000,9999.000,9999.000,9999.000
202606282118,   0.863,9999.000,9999.000,9999.000,9999.000,9999.000,9999.000,9999.000,9999.000
202606282124,   0.852,9999.000,9999.000,9999.000,9999.000,9999.000,9999.000,9999.000,9999.000
202606282130,   0.840,9999.000,9999.000,9999.000,9999.000,9999.000,9999.000,9999.000,9999.000
202606282136,   0.827,9999.000,9999.000,9999.000,9999.000,9999.000,9999.000,9999.000,9999.000
202606282142,   0.814,9999.000,9999.000,9999.000,9999.000,9999.000,9999.000,9999.000,9999.000
202606282148,   0.801,9999.000,9999.000,9999.000,9999.000,9999.000,9999.000,9999.000,9999.000
202606282154,   0.787,9999.000,9999.000,9999.000,9999.000,9999.000,9999.000,9999.000,9999.000
202606282200,   0.772,9999.000,   0.200,   0.192,   1.164,   0.100,   1.064,   0.200,   1.164
202606282206,   0.757,9999.000,9999.000,9999.000,9999.000,9999.000,9999.000,9999.000,9999.000
202606282212,   0.741,9999.000,9999.000,9999.000,9999.000,9999.000,9999.000,9999.000,9999.000
202606282218,   0.725,9999.000,9999.000,9999.000,9999.000,9999.000,9999.000,9999.000,9999.000
202606282224,   0.709,9999.000,9999.000,9999.000,9999.000,9999.000,9999.000,9999.000,9999.000
202606282230,   0.691,9999.000,9999.000,9999.000,9999.000,9999.000,9999.000,9999.000,9999.000
202606282236,   0.674,9999.000,9999.000,9999.000,9999.000,9999.000,9999.000,9999.000,9999.000
202606282242,   0.656,9999.000,9999.000,9999.000,9999.000,9999.000,9999.000,9999.000,9999.000
202606282248,   0.637,9999.000,9999.000,9999.000,9999.000,9999.000,9999.000,9999.000,9999.000
202606282254,   0.618,9999.000,9999.000,9999.000,9999.000,9999.000,9999.000,9999.000,9999.000
202606282300,   0.600,9999.000,   0.200,   0.192,   0.992,   0.100,   0.892,   0.200,   0.992
202606282306,   0.579,9999.000,9999.000,9999.000,9999.000,9999.000,9999.000,9999.000,9999.000
202606282312,   0.559,9999.000,9999.000,9999.000,9999.000,9999.000,9999.000,9999.000,9999.000
202606282318,   0.539,9999.000,9999.000,9999.000,9999.000,9999.000,9999.000,9999.000,9999.000
202606282324,   0.518,9999.000,9999.000,9999.000,9999.000,9999.000,9999.000,9999.000,9999.000
202606282330,   0.497,9999.000,9999.000,9999.000,9999.000,9999.000,9999.000,9999.000,9999.000
202606282336,   0.476,9999.000,9999.000,9999.000,9999.000,9999.000,9999.000,9999.000,9999.000
202606282342,   0.455,9999.000,9999.000,9999.000,9999.000,9999.000,9999.000,9999.000,9999.000
202606282348,   0.434,9999.000,9999.000,9999.000,9999.000,9999.000,9999.000,9999.000,9999.000
202606282354,   0.412,9999.000,9999.000,9999.000,9999.000,9999.000,9999.000,9999.000,9999.000
202606290000,   0.390,9999.000,   0.200,   0.192,   0.782,   0.100,   0.682,   0.200,   0.782
202606290006,   0.369,9999.000,9999.000,9999.000,9999.000,9999.000,9999.000,9999.000,9999.000
202606290012,   0.347,9999.000,9999.000,9999.000,9999.000,9999.000,9999.000,9999.000,9999.000
202606290018,   0.325,9999.000,9999.000,9999.000,9999.000,9999.000,9999.000,9999.000,9999.000
202606290024,   0.304,9999.000,9999.000,9999.000,9999.000,9999.000,9999.000,9999.000,9999.000
202606290030,   0.282,9999.000,9999.000,9999.000,9999.000,9999.000,9999.000,9999.000,9999.000
202606290036,   0.261,9999.000,9999.000,9999.000,9999.000,9999.000,9999.000,9999.000,9999.000
202606290042,   0.240,9999.000,9999.000,9999.000,9999.000,9999.000,9999.000,9999.000,9999.000
202606290048,   0.219,9999.000,9999.000,9999.000,9999.000,9999.000,9999.000,9999.000,9999.000
202606290054,   0.198,9999.000,9999.000,9999.000,9999.000,9999.000,9999.000,9999.000,9999.000
202606290100,   0.178,9999.000,   0.200,   0.192,   0.570,   0.100,   0.470,   0.200,   0.570
202606290106,   0.158,9999.000,9999.000,9999.000,9999.000,9999.000,9999.000,9999.000,9999.000
202606290112,   0.138,9999.000,9999.000,9999.000,9999.000,9999.000,9999.000,9999.000,9999.000
202606290118,   0.119,9999.000,9999.000,9999.000,9999.000,9999.000,9999.000,9999.000,9999.000
202606290124,   0.100,9999.000,9999.000,9999.000,9999.000,9999.000,9999.000,9999.000,9999.000
202606290130,   0.081,9999.000,9999.000,9999.000,9999.000,9999.000,9999.000,9999.000,9999.000
202606290136,   0.063,9999.000,9999.000,9999.000,9999.000,9999.000,9999.000,9999.000,9999.000
202606290142,   0.045,9999.000,9999.000,9999.000,9999.000,9999.000,9999.000,9999.000,9999.000
202606290148,   0.028,9999.000,9999.000,9999.000,9999.000,9999.000,9999.000,9999.000,9999.000
202606290154,   0.012,9999.000,9999.000,9999.000,9999.000,9999.000,9999.000,9999.000,9999.000
202606290200,  -0.004,9999.000,   0.200,   0.192,   0.388,   0.100,   0.288,   0.200,   0.388
202606290206,  -0.019,9999.000,9999.000,9999.000,9999.000,9999.000,9999.000,9999.000,9999.000
202606290212,  -0.034,9999.000,9999.000,9999.000,9999.000,9999.000,9999.000,9999.000,9999.000
202606290218,  -0.048,9999.000,9999.000,9999.000,9999.000,9999.000,9999.000,9999.000,9999.000
202606290224,  -0.062,9999.000,9999.000,9999.000,9999.000,9999.000,9999.000,9999.000,9999.000
202606290230,  -0.075,9999.000,9999.000,9999.000,9999.000,9999.000,9999.000,9999.000,9999.000
202606290236,  -0.087,9999.000,9999.000,9999.000,9999.000,9999.000,9999.000,9999.000,9999.000
202606290242,  -0.099,9999.000,9999.000,9999.000,9999.000,9999.000,9999.000,9999.000,9999.000
202606290248,  -0.110,9999.000,9999.000,9999.000,9999.000,9999.000,9999.000,9999.000,9999.000
202606290254,  -0.120,9999.000,9999.000,9999.000,9999.000,9999.000,9999.000,9999.000,9999.000
202606290300,  -0.129,9999.000,   0.200,   0.192,   0.263,   0.100,   0.163,   0.200,   0.263
202606290306,  -0.138,9999.000,9999.000,9999.000,9999.000,9999.000,9999.000,9999.000,9999.000
202606290312,  -0.146,9999.000,9999.000,9999.000,9999.000,9999.000,9999.000,9999.000,9999.000
202606290318,  -0.153,9999.000,9999.000,9999.000,9999.000,9999.000,9999.000,9999.000,9999.000
202606290324,  -0.159,9999.000,9999.000,9999.000,9999.000,9999.000,9999.000,9999.000,9999.000
202606290330,  -0.165,9999.000,9999.000,9999.000,9999.000,9999.000,9999.000,9999.000,9999.000
202606290336,  -0.169,9999.000,9999.000,9999.000,9999.000,9999.000,9999.000,9999.000,9999.000
202606290342,  -0.173,9999.000,9999.000,9999.000,9999.000,9999.000,9999.000,9999.000,9999.000
202606290348,  -0.176,9999.000,9999.000,9999.000,9999.000,9999.000,9999.000,9999.000,9999.000
202606290354,  -0.178,9999.000,9999.000,9999.000,9999.000,9999.000,9999.000,9999.000,9999.000
202606290400,  -0.179,9999.000,   0.200,   0.192,   0.213,   0.100,   0.113,   0.200,   0.213
202606290406,  -0.180,9999.000,9999.000,9999.000,9999.000,9999.000,9999.000,9999.000,9999.000
202606290412,  -0.179,9999.000,9999.000,9999.000,9999.000,9999.000,9999.000,9999.000,9999.000
202606290418,  -0.178,9999.000,9999.000,9999.000,9999.000,9999.000,9999.000,9999.000,9999.000
202606290424,  -0.176,9999.000,9999.000,9999.000,9999.000,9999.000,9999.000,9999.000,9999.000
202606290430,  -0.173,9999.000,9999.000,9999.000,9999.000,9999.000,9999.000,9999.000,9999.000
202606290436,  -0.169,9999.000,9999.000,9999.000,9999.000,9999.000,9999.000,9999.000,9999.000
202606290442,  -0.165,9999.000,9999.000,9999.000,9999.000,9999.000,9999.000,9999.000,9999.000
202606290448,  -0.159,9999.000,9999.000,9999.000,9999.000,9999.000,9999.000,9999.000,9999.000
202606290454,  -0.153,9999.000,9999.000,9999.000,9999.000,9999.000,9999.000,9999.000,9999.000
202606290500,  -0.146,9999.000,   0.200,   0.192,   0.246,   0.100,   0.146,   0.200,   0.246
202606290506,  -0.138,9999.000,9999.000,9999.000,9999.000,9999.000,9999.000,9999.000,9999.000
202606290512,  -0.130,9999.000,9999.000,9999.000,9999.000,9999.000,9999.000,9999.000,9999.000
202606290518,  -0.120,9999.000,9999.000,9999.000,9999.000,9999.000,9999.000,9999.000,9999.000
202606290524,  -0.110,9999.000,9999.000,9999.000,9999.000,9999.000,9999.000,9999.000,9999.000
202606290530,  -0.100,9999.000,9999.000,9999.000,9999.000,9999.000,9999.000,9999.000,9999.000
202606290536,  -0.088,9999.000,9999.000,9999.000,9999.000,9999.000,9999.000,9999.000,9999.000
202606290542,  -0.076,9999.000,9999.000,9999.000,9999.000,9999.000,9999.000,9999.000,9999.000
202606290548,  -0.064,9999.000,9999.000,9999.000,9999.000,9999.000,9999.000,9999.000,9999.000
202606290554,  -0.051,9999.000,9999.000,9999.000,9999.000,9999.000,9999.000,9999.000,9999.000
202606290600,  -0.037,9999.000,   0.200,   0.192,   0.355,   0.100,   0.255,   0.200,   0.355
