        TIME,    TIDE,      OB,   SURGE,    BIAS,     TWL,SURGE90p,  TWL90p,SURGE10p,   TWL10p
202603161200,   2.373,   2.830,   0.400,   0.057,   2.830,   0.300,   2.730,   0.400,   2.830
202603161206,   2.372,9999.000,9999.000,9999.000,9999.000,9999.000,9999.000,9999.000,9999.000
202603161212,   2.369,   2.860,9999.000,9999.000,9999.000,9999.000,9999.000,9999.000,9999.000
202603161218,   2.364,9999.000,9999.000,9999.000,9999.000,9999.000,9999.000,9999.000,9999.000
202603161224,   2.356,   2.860,9999.000,9999.000,9999.000,9999.000,9999.000,9999.000,9999.000
202603161230,   2.346,9999.000,9999.000,9999.000,9999.000,9999.000,9999.000,9999.000,9999.000
202603161236,   2.333,   2.869,9999.000,9999.000,9999.000,9999.000,9999.000,9999.000,9999.000
202603161242,   2.318,9999.000,9999.000,9999.000,9999.000,9999.000,9999.000,9999.000,9999.000
202603161248,   2.300,   2.840,9999.000,9999.000,9999.000,9999.000,9999.000,9999.000,9999.000
202603161254,   2.280,9999.000,9999.000,9999.000,9999.000,9999.000,9999.000,9999.000,9999.000
202603161300,   2.258,   2.778,   0.400,   0.120,   2.778,   0.300,   2.678,   0.400,   2.778
202603161306,   2.234,   2.807,9999.000,9999.000,9999.000,9999.000,9999.000,9999.000,9999.000
202603161312,   2.207,   2.787,9999.000,9999.000,9999.000,9999.000,9999.000,9999.000,9999.000
202603161318,   2.178,   2.778,9999.000,9999.000,9999.000,9999.000,9999.000,9999.000,9999.000
202603161324,   2.146,   2.719,9999.000,9999.000,9999.000,9999.000,9999.000,9999.000,9999.000
202603161330,   2.113,   2.719,9999.000,9999.000,9999.000,9999.000,9999.000,9999.000,9999.000
202603161336,   2.077,   2.650,9999.000,9999.000,9999.000,9999.000,9999.000,9999.000,9999.000
202603161342,   2.039,   2.640,9999.000,9999.000,9999.000,9999.000,9999.000,9999.000,9999.000
202603161348,   1.998,   2.597,9999.000,9999.000,9999.000,9999.000,9999.000,9999.000,9999.000
202603161354,   1.956,   2.538,9999.000,9999.000,9999.000,9999.000,9999.000,9999.000,9999.000
202603161400,   1.912,   2.509,   0.300,   0.297,   2.509,   0.300,   2.509,   0.400,   2.609
202603161406,   1.866,   2.440,9999.000,9999.000,9999.000,9999.000,9999.000,9999.000,9999.000
202603161412,   1.818,   2.387,9999.000,9999.000,9999.000,9999.000,9999.000,9999.000,9999.000
202603161418,   1.768,   2.338,9999.000,9999.000,9999.000,9999.000,9999.000,9999.000,9999.000
202603161424,   1.716,   2.299,9999.000,9999.000,9999.000,9999.000,9999.000,9999.000,9999.000
202603161430,   1.663,   2.220,9999.000,9999.000,9999.000,9999.000,9999.000,9999.000,9999.000
202603161436,   1.609,   2.191,9999.000,9999.000,9999.000,9999.000,9999.000,9999.000,9999.000
202603161442,   1.553,   2.128,9999.000,9999.000,9999.000,9999.000,9999.000,9999.000,9999.000
202603161448,   1.497,   2.079,9999.000,9999.000,9999.000,9999.000,9999.000,9999.000,9999.000
202603161454,   1.439,   2.040,9999.000,9999.000,9999.000,9999.000,9999.000,9999.000,9999.000
202603161500,   1.381,   1.981,   0.300,   0.300,   1.981,   0.200,   1.881,   0.300,   1.981
202603161506,   1.322,   1.948,9999.000,9999.000,9999.000,9999.000,9999.000,9999.000,9999.000
202603161512,   1.263,   1.879,9999.000,9999.000,9999.000,9999.000,9999.000,9999.000,9999.000
202603161518,   1.204,   1.830,9999.000,9999.000,9999.000,9999.000,9999.000,9999.000,9999.000
202603161524,   1.145,   1.767,9999.000,9999.000,9999.000,9999.000,9999.000,9999.000,9999.000
202603161530,   1.086,   1.708,9999.000,9999.000,9999.000,9999.000,9999.000,9999.000,9999.000
202603161536,   1.027,   1.630,9999.000,9999.000,9999.000,9999.000,9999.000,9999.000,9999.000
202603161542,   0.969,   1.580,9999.000,9999.000,9999.000,9999.000,9999.000,9999.000,9999.000
202603161548,   0.912,   1.518,9999.000,9999.000,9999.000,9999.000,9999.000,9999.000,9999.000
202603161554,   0.857,   1.449,9999.000,9999.000,9999.000,9999.000,9999.000,9999.000,9999.000
202603161600,   0.802,   1.400,   0.200,   0.398,   1.400,   0.200,   1.400,   0.300,   1.500
202603161606,   0.748,   1.338,9999.000,9999.000,9999.000,9999.000,9999.000,9999.000,9999.000
202603161612,   0.696,   1.259,9999.000,9999.000,9999.000,9999.000,9999.000,9999.000,9999.000
202603161618,   0.646,   1.190,9999.000,9999.000,9999.000,9999.000,9999.000,9999.000,9999.000
202603161624,   0.597,   1.118,9999.000,9999.000,9999.000,9999.000,9999.000,9999.000,9999.000
202603161630,   0.551,   1.039,9999.000,9999.000,9999.000,9999.000,9999.000,9999.000,9999.000
202603161636,   0.506,   0.980,9999.000,9999.000,9999.000,9999.000,9999.000,9999.000,9999.000
202603161642,   0.464,   0.941,9999.000,9999.000,9999.000,9999.000,9999.000,9999.000,9999.000
202603161648,   0.423,   0.869,9999.000,9999.000,9999.000,9999.000,9999.000,9999.000,9999.000
202603161654,   0.385,   0.839,9999.000,9999.000,9999.000,9999.000,9999.000,9999.000,9999.000
202603161700,   0.350,   0.790,   0.200,   0.240,   0.790,   0.100,   0.690,   0.300,   0.890
202603161706,   0.317,   0.751,9999.000,9999.000,9999.000,9999.000,9999.000,9999.000,9999.000
202603161712,   0.286,   0.718,9999.000,9999.000,9999.000,9999.000,9999.000,9999.000,9999.000
202603161718,   0.258,   0.688,9999.000,9999.000,9999.000,9999.000,9999.000,9999.000,9999.000
202603161724,   0.233,   0.649,9999.000,9999.000,9999.000,9999.000,9999.000,9999.000,9999.000
202603161730,   0.210,   0.629,9999.000,9999.000,9999.000,9999.000,9999.000,9999.000,9999.000
202603161736,   0.190,   0.600,9999.000,9999.000,9999.000,9999.000,9999.000,9999.000,9999.000
202603161742,   0.173,   0.590,9999.000,9999.000,9999.000,9999.000,9999.000,9999.000,9999.000
202603161748,   0.159,   0.590,9999.000,9999.000,9999.000,9999.000,9999.000,9999.000,9999.000
202603161754,   0.147,   0.629,9999.000,9999.000,9999.000,9999.000,9999.000,9999.000,9999.000
202603161800,   0.139,   0.659,   0.300,   0.220,   0.659,   0.100,   0.459,   0.400,   0.759
202603161806,   0.133,   0.610,9999.000,9999.000,9999.000,9999.000,9999.000,9999.000,9999.000
202603161812,   0.130,   0.649,9999.000,9999.000,9999.000,9999.000,9999.000,9999.000,9999.000
202603161818,   0.130,   0.619,9999.000,9999.000,9999.000,9999.000,9999.000,9999.000,9999.000
202603161824,   0.133,   0.659,9999.000,9999.000,9999.000,9999.000,9999.000,9999.000,9999.000
202603161830,   0.139,   0.678,9999.000,9999.000,9999.000,9999.000,9999.000,9999.000,9999.000
202603161836,   0.148,   0.678,9999.000,9999.000,9999.000,9999.000,9999.000,9999.000,9999.000
202603161842,   0.159,   0.698,9999.000,9999.000,9999.000,9999.000,9999.000,9999.000,9999.000
202603161848,   0.173,   0.678,9999.000,9999.000,9999.000,9999.000,9999.000,9999.000,9999.000
202603161854,   0.190,   0.731,9999.000,9999.000,9999.000,9999.000,9999.000,9999.000,9999.000
202603161900,   0.210,   0.708,   0.300,   0.198,   0.708,   0.100,   0.508,   0.400,   0.808
202603161906,   0.232,   0.741,9999.000,9999.000,9999.000,9999.000,9999.000,9999.000,9999.000
202603161912,   0.257,   0.760,9999.000,9999.000,9999.000,9999.000,9999.000,9999.000,9999.000
202603161918,   0.285,   0.800,9999.000,9999.000,9999.000,9999.000,9999.000,9999.000,9999.000
202603161924,   0.315,   0.839,9999.000,9999.000,9999.000,9999.000,9999.000,9999.000,9999.000
202603161930,   0.347,   0.859,9999.000,9999.000,9999.000,9999.000,9999.000,9999.000,9999.000
202603161936,   0.381,   0.879,9999.000,9999.000,9999.000,9999.000,9999.000,9999.000,9999.000
202603161942,   0.418,   0.951,9999.000,9999.000,9999.000,9999.000,9999.000,9999.000,9999.000
202603161948,   0.457,   1.000,9999.000,9999.000,9999.000,9999.000,9999.000,9999.000,9999.000
202603161954,   0.497,   1.059,9999.000,9999.000,9999.000,9999.000,9999.000,9999.000,9999.000
202603162000,   0.540,   1.039,   0.200,   0.299,   1.039,   0.000,   0.839,   0.400,   1.239
202603162006,   0.584,   1.079,9999.000,9999.000,9999.000,9999.000,9999.000,9999.000,9999.000
202603162012,   0.630,   1.059,9999.000,9999.000,9999.000,9999.000,9999.000,9999.000,9999.000
202603162018,   0.677,   1.138,9999.000,9999.000,9999.000,9999.000,9999.000,9999.000,9999.000
202603162024,   0.726,   1.128,9999.000,9999.000,9999.000,9999.000,9999.000,9999.000,9999.000
202603162030,   0.776,   1.180,9999.000,9999.000,9999.000,9999.000,9999.000,9999.000,9999.000
202603162036,   0.828,   1.190,9999.000,9999.000,9999.000,9999.000,9999.000,9999.000,9999.000
202603162042,   0.880,   1.279,9999.000,9999.000,9999.000,9999.000,9999.000,9999.000,9999.000
202603162048,   0.933,   1.338,9999.000,9999.000,9999.000,9999.000,9999.000,9999.000,9999.000
202603162054,   0.987,   1.400,9999.000,9999.000,9999.000,9999.000,9999.000,9999.000,9999.000
202603162100,   1.042,   1.449,   0.200,   0.207,   1.449,   0.000,   1.249,   0.300,   1.549
202603162106,   1.097,   1.479,9999.000,9999.000,9999.000,9999.000,9999.000,9999.000,9999.000
202603162112,   1.153,   1.518,9999.000,9999.000,9999.000,9999.000,9999.000,9999.000,9999.000
202603162118,   1.209,   1.538,9999.000,9999.000,9999.000,9999.000,9999.000,9999.000,9999.000
202603162124,   1.265,   1.620,9999.000,9999.000,9999.000,9999.000,9999.000,9999.000,9999.000
202603162130,   1.321,   1.669,9999.000,9999.000,9999.000,9999.000,9999.000,9999.000,9999.000
202603162136,   1.376,   1.738,9999.000,9999.000,9999.000,9999.000,9999.000,9999.000,9999.000
202603162142,   1.432,   1.767,9999.000,9999.000,9999.000,9999.000,9999.000,9999.000,9999.000
202603162148,   1.486,   1.840,9999.000,9999.000,9999.000,9999.000,9999.000,9999.000,9999.000
202603162154,   1.540,   1.889,9999.000,9999.000,9999.000,9999.000,9999.000,9999.000,9999.000
202603162200,   1.593,   1.948,   0.100,   0.255,   1.948,   0.000,   1.848,   0.200,   2.048
202603162206,   1.646,   1.981,9999.000,9999.000,9999.000,9999.000,9999.000,9999.000,9999.000
202603162212,   1.696,   2.049,9999.000,9999.000,9999.000,9999.000,9999.000,9999.000,9999.000
202603162218,   1.746,   2.089,9999.000,9999.000,9999.000,9999.000,9999.000,9999.000,9999.000
202603162224,   1.794,   2.138,9999.000,9999.000,9999.000,9999.000,9999.000,9999.000,9999.000
202603162230,   1.840,   2.200,9999.000,9999.000,9999.000,9999.000,9999.000,9999.000,9999.000
202603162236,   1.885,   2.240,9999.000,9999.000,9999.000,9999.000,9999.000,9999.000,9999.000
202603162242,   1.927,   2.289,9999.000,9999.000,9999.000,9999.000,9999.000,9999.000,9999.000
202603162248,   1.967,   2.309,9999.000,9999.000,9999.000,9999.000,9999.000,9999.000,9999.000
202603162254,   2.005,   2.410,9999.000,9999.000,9999.000,9999.000,9999.000,9999.000,9999.000
202603162300,   2.041,   2.450,   0.100,   0.309,   2.450,  -0.100,   2.250,   0.200,   2.550
202603162306,   2.074,   2.499,9999.000,9999.000,9999.000,9999.000,9999.000,9999.000,9999.000
202603162312,   2.105,   2.528,9999.000,9999.000,9999.000,9999.000,9999.000,9999.000,9999.000
202603162318,   2.133,   2.578,9999.000,9999.000,9999.000,9999.000,9999.000,9999.000,9999.000
202603162324,   2.159,   2.610,9999.000,9999.000,9999.000,9999.000,9999.000,9999.000,9999.000
202603162330,   2.182,   2.640,9999.000,9999.000,9999.000,9999.000,9999.000,9999.000,9999.000
202603162336,   2.202,   2.679,9999.000,9999.000,9999.000,9999.000,9999.000,9999.000,9999.000
202603162342,   2.220,   2.679,9999.000,9999.000,9999.000,9999.000,9999.000,9999.000,9999.000
202603162348,   2.234,   2.699,9999.000,9999.000,9999.000,9999.000,9999.000,9999.000,9999.000
202603162354,   2.246,   2.702,9999.000,9999.000,9999.000,9999.000,9999.000,9999.000,9999.000
202603170000,   2.255,   2.738,   0.200,   0.283,   2.738,   0.000,   2.538,   0.300,   2.838
202603170006,   2.262,   2.738,9999.000,9999.000,9999.000,9999.000,9999.000,9999.000,9999.000
202603170012,   2.266,   2.758,9999.000,9999.000,9999.000,9999.000,9999.000,9999.000,9999.000
202603170018,   2.267,   2.748,9999.000,9999.000,9999.000,9999.000,9999.000,9999.000,9999.000
202603170024,   2.266,   2.728,9999.000,9999.000,9999.000,9999.000,9999.000,9999.000,9999.000
202603170030,   2.262,   2.699,9999.000,9999.000,9999.000,9999.000,9999.000,9999.000,9999.000
202603170036,   2.255,   2.689,9999.000,9999.000,9999.000,9999.000,9999.000,9999.000,9999.000
202603170042,   2.246,   2.669,9999.000,9999.000,9999.000,9999.000,9999.000,9999.000,9999.000
202603170048,   2.235,   2.689,9999.000,9999.000,9999.000,9999.000,9999.000,9999.000,9999.000
202603170054,   2.221,   2.689,9999.000,9999.000,9999.000,9999.000,9999.000,9999.000,9999.000
202603170100,   2.205,   2.699,   0.100,   0.394,   2.699,   0.000,   2.599,   0.300,   2.899
202603170106,   2.186,   2.709,9999.000,9999.000,9999.000,9999.000,9999.000,9999.000,9999.000
202603170112,   2.165,   2.689,9999.000,9999.000,9999.000,9999.000,9999.000,9999.000,9999.000
202603170118,   2.142,   2.689,9999.000,9999.000,9999.000,9999.000,9999.000,9999.000,9999.000
202603170124,   2.117,   2.660,9999.000,9999.000,9999.000,9999.000,9999.000,9999.000,9999.000
202603170130,   2.089,   2.630,9999.000,9999.000,9999.000,9999.000,9999.000,9999.000,9999.000
202603170136,   2.058,   2.620,9999.000,9999.000,9999.000,9999.000,9999.000,9999.000,9999.000
202603170142,   2.026,   2.578,9999.000,9999.000,9999.000,9999.000,9999.000,9999.000,9999.000
202603170148,   1.991,   2.528,9999.000,9999.000,9999.000,9999.000,9999.000,9999.000,9999.000
202603170154,   1.954,   2.489,9999.000,9999.000,9999.000,9999.000,9999.000,9999.000,9999.000
202603170200,   1.915,   2.548,   0.100,   0.533,   2.548,  -0.100,   2.348,   0.300,   2.748
202603170206,   1.874,   2.489,9999.000,9999.000,9999.000,9999.000,9999.000,9999.000,9999.000
202603170212,   1.831,   2.489,9999.000,9999.000,9999.000,9999.000,9999.000,9999.000,9999.000
202603170218,   1.786,   2.387,9999.000,9999.000,9999.000,9999.000,9999.000,9999.000,9999.000
202603170224,   1.738,   2.348,9999.000,9999.000,9999.000,9999.000,9999.000,9999.000,9999.000
202603170230,   1.689,   2.289,9999.000,9999.000,9999.000,9999.000,9999.000,9999.000,9999.000
202603170236,   1.638,   2.230,9999.000,9999.000,9999.000,9999.000,9999.000,9999.000,9999.000
202603170242,   1.585,   2.168,9999.000,9999.000,9999.000,9999.000,9999.000,9999.000,9999.000
202603170248,   1.531,   2.079,9999.000,9999.000,9999.000,9999.000,9999.000,9999.000,9999.000
202603170254,   1.476,   1.990,9999.000,9999.000,9999.000,9999.000,9999.000,9999.000,9999.000
202603170300,   1.419,   1.879,   0.100,   0.360,   1.879,  -0.100,   1.679,   0.300,   2.079
202603170306,   1.361,   1.800,9999.000,9999.000,9999.000,9999.000,9999.000,9999.000,9999.000
202603170312,   1.302,   1.738,9999.000,9999.000,9999.000,9999.000,9999.000,9999.000,9999.000
202603170318,   1.242,   1.699,9999.000,9999.000,9999.000,9999.000,9999.000,9999.000,9999.000
202603170324,   1.182,   1.620,9999.000,9999.000,9999.000,9999.000,9999.000,9999.000,9999.000
202603170330,   1.121,   1.528,9999.000,9999.000,9999.000,9999.000,9999.000,9999.000,9999.000
202603170336,   1.061,   1.498,9999.000,9999.000,9999.000,9999.000,9999.000,9999.000,9999.000
202603170342,   1.000,   1.449,9999.000,9999.000,9999.000,9999.000,9999.000,9999.000,9999.000
202603170348,   0.940,   1.479,9999.000,9999.000,9999.000,9999.000,9999.000,9999.000,9999.000
202603170354,   0.879,   1.420,9999.000,9999.000,9999.000,9999.000,9999.000,9999.000,9999.000
202603170400,   0.820,   1.390,   0.000,   0.570,   1.390,  -0.200,   1.190,   0.100,   1.490
202603170406,   0.762,   1.361,9999.000,9999.000,9999.000,9999.000,9999.000,9999.000,9999.000
202603170412,   0.704,   1.308,9999.000,9999.000,9999.000,9999.000,9999.000,9999.000,9999.000
202603170418,   0.648,   1.180,9999.000,9999.000,9999.000,9999.000,9999.000,9999.000,9999.000
202603170424,   0.593,   1.128,9999.000,9999.000,9999.000,9999.000,9999.000,9999.000,9999.000
202603170430,   0.539,   1.039,9999.000,9999.000,9999.000,9999.000,9999.000,9999.000,9999.000
202603170436,   0.487,   1.000,9999.000,9999.000,9999.000,9999.000,9999.000,9999.000,9999.000
202603170442,   0.437,   0.859,9999.000,9999.000,9999.000,9999.000,9999.000,9999.000,9999.000
202603170448,   0.389,   0.888,9999.000,9999.000,9999.000,9999.000,9999.000,9999.000,9999.000
202603170454,   0.344,   0.790,9999.000,9999.000,9999.000,9999.000,9999.000,9999.000,9999.000
202603170500,   0.300,   0.731,  -0.200,   0.631,   0.731,  -0.400,   0.531,   0.000,   0.931
202603170506,   0.258,   0.688,9999.000,9999.000,9999.000,9999.000,9999.000,9999.000,9999.000
202603170512,   0.220,   0.629,9999.000,9999.000,9999.000,9999.000,9999.000,9999.000,9999.000
202603170518,   0.183,   0.590,9999.000,9999.000,9999.000,9999.000,9999.000,9999.000,9999.000
202603170524,   0.149,   0.580,9999.000,9999.000,9999.000,9999.000,9999.000,9999.000,9999.000
202603170530,   0.118,   0.570,9999.000,9999.000,9999.000,9999.000,9999.000,9999.000,9999.000
202603170536,   0.089,   0.518,9999.000,9999.000,9999.000,9999.000,9999.000,9999.000,9999.000
202603170542,   0.064,   0.478,9999.000,9999.000,9999.000,9999.000,9999.000,9999.000,9999.000
202603170548,   0.041,   0.429,9999.000,9999.000,9999.000,9999.000,9999.000,9999.000,9999.000
202603170554,   0.020,   0.380,9999.000,9999.000,9999.000,9999.000,9999.000,9999.000,9999.000
202603170600,   0.003,   0.360,  -0.100,   0.457,   0.360,  -0.600,  -0.140,   0.300,   0.760
202603170606,  -0.010,   0.298,9999.000,9999.000,9999.000,9999.000,9999.000,9999.000,9999.000
202603170612,  -0.021,   0.288,9999.000,9999.000,9999.000,9999.000,9999.000,9999.000,9999.000
202603170618,  -0.029,   0.268,9999.000,9999.000,9999.000,9999.000,9999.000,9999.000,9999.000
202603170624,  -0.034,   0.259,9999.000,9999.000,9999.000,9999.000,9999.000,9999.000,9999.000
202603170630,  -0.037,   0.229,9999.000,9999.000,9999.000,9999.000,9999.000,9999.000,9999.000
202603170636,  -0.036,   0.229,9999.000,9999.000,9999.000,9999.000,9999.000,9999.000,9999.000
202603170642,  -0.031,   0.200,9999.000,9999.000,9999.000,9999.000,9999.000,9999.000,9999.000
202603170648,  -0.024,   0.209,9999.000,9999.000,9999.000,9999.000,9999.000,9999.000,9999.000
202603170654,  -0.014,   0.190,9999.000,9999.000,9999.000,9999.000,9999.000,9999.000,9999.000
202603170700,  -0.001,   0.180,  -0.100,   0.281,   0.180,  -0.700,  -0.420,   0.300,   0.580
202603170706,   0.015,   0.131,9999.000,9999.000,9999.000,9999.000,9999.000,9999.000,9999.000
202603170712,   0.034,   0.121,9999.000,9999.000,9999.000,9999.000,9999.000,9999.000,9999.000
202603170718,   0.057,   0.111,9999.000,9999.000,9999.000,9999.000,9999.000,9999.000,9999.000
202603170724,   0.082,   0.098,9999.000,9999.000,9999.000,9999.000,9999.000,9999.000,9999.000
202603170730,   0.110,   0.098,9999.000,9999.000,9999.000,9999.000,9999.000,9999.000,9999.000
202603170736,   0.141,   0.098,9999.000,9999.000,9999.000,9999.000,9999.000,9999.000,9999.000
202603170742,   0.175,   0.121,9999.000,9999.000,9999.000,9999.000,9999.000,9999.000,9999.000
202603170748,   0.211,   0.141,9999.000,9999.000,9999.000,9999.000,9999.000,9999.000,9999.000
202603170754,   0.250,   0.180,9999.000,9999.000,9999.000,9999.000,9999.000,9999.000,9999.000
202603170800,   0.292,   0.229,  -0.200,   0.137,   0.229,  -0.700,  -0.271,   0.200,   0.629
202603170806,   0.336,   0.298,9999.000,9999.000,9999.000,9999.000,9999.000,9999.000,9999.000
202603170812,   0.382,   0.360,9999.000,9999.000,9999.000,9999.000,9999.000,9999.000,9999.000
202603170818,   0.430,   0.439,9999.000,9999.000,9999.000,9999.000,9999.000,9999.000,9999.000
202603170824,   0.480,   0.498,9999.000,9999.000,9999.000,9999.000,9999.000,9999.000,9999.000
202603170830,   0.533,   0.570,9999.000,9999.000,9999.000,9999.000,9999.000,9999.000,9999.000
202603170836,   0.587,   0.649,9999.000,9999.000,9999.000,9999.000,9999.000,9999.000,9999.000
202603170842,   0.642,   0.669,9999.000,9999.000,9999.000,9999.000,9999.000,9999.000,9999.000
202603170848,   0.700,   0.741,9999.000,9999.000,9999.000,9999.000,9999.000,9999.000,9999.000
202603170854,   0.758,   0.751,9999.000,9999.000,9999.000,9999.000,9999.000,9999.000,9999.000
202603170900,   0.818,   0.810,  -0.200,   0.192,   0.810,  -0.600,   0.410,   0.100,   1.110
202603170906,   0.879,   0.829,9999.000,9999.000,9999.000,9999.000,9999.000,9999.000,9999.000
202603170912,   0.941,   0.869,9999.000,9999.000,9999.000,9999.000,9999.000,9999.000,9999.000
202603170918,   1.004,   0.941,9999.000,9999.000,9999.000,9999.000,9999.000,9999.000,9999.000
202603170924,   1.068,   0.990,9999.000,9999.000,9999.000,9999.000,9999.000,9999.000,9999.000
202603170930,   1.132,   1.079,9999.000,9999.000,9999.000,9999.000,9999.000,9999.000,9999.000
202603170936,   1.196,   1.138,9999.000,9999.000,9999.000,9999.000,9999.000,9999.000,9999.000
202603170942,   1.260,   1.200,9999.000,9999.000,9999.000,9999.000,9999.000,9999.000,9999.000
202603170948,   1.325,   1.279,9999.000,9999.000,9999.000,9999.000,9999.000,9999.000,9999.000
202603170954,   1.389,   1.361,9999.000,9999.000,9999.000,9999.000,9999.000,9999.000,9999.000
202603171000,   1.453,   1.439,  -0.100,   0.086,   1.439,  -0.500,   1.039,   0.100,   1.639
202603171006,   1.516,   1.538,9999.000,9999.000,9999.000,9999.000,9999.000,9999.000,9999.000
202603171012,   1.579,   1.590,9999.000,9999.000,9999.000,9999.000,9999.000,9999.000,9999.000
202603171018,   1.640,   1.659,9999.000,9999.000,9999.000,9999.000,9999.000,9999.000,9999.000
202603171024,   1.701,   1.708,9999.000,9999.000,9999.000,9999.000,9999.000,9999.000,9999.000
202603171030,   1.761,   1.767,9999.000,9999.000,9999.000,9999.000,9999.000,9999.000,9999.000
202603171036,   1.819,   1.820,9999.000,9999.000,9999.000,9999.000,9999.000,9999.000,9999.000
202603171042,   1.875,   1.908,9999.000,9999.000,9999.000,9999.000,9999.000,9999.000,9999.000
202603171048,   1.930,   1.958,9999.000,9999.000,9999.000,9999.000,9999.000,9999.000,9999.000
202603171054,   1.982,   1.990,9999.000,9999.000,9999.000,9999.000,9999.000,9999.000,9999.000
202603171100,   2.033,   2.030,  -0.200,   0.197,   2.030,  -0.500,   1.730,   0.100,   2.330
202603171106,   2.081,   2.049,9999.000,9999.000,9999.000,9999.000,9999.000,9999.000,9999.000
202603171112,   2.127,   2.109,9999.000,9999.000,9999.000,9999.000,9999.000,9999.000,9999.000
202603171118,   2.171,   2.177,9999.000,9999.000,9999.000,9999.000,9999.000,9999.000,9999.000
202603171124,   2.212,   2.230,9999.000,9999.000,9999.000,9999.000,9999.000,9999.000,9999.000
202603171130,   2.250,   2.250,9999.000,9999.000,9999.000,9999.000,9999.000,9999.000,9999.000
202603171136,   2.286,   2.309,9999.000,9999.000,9999.000,9999.000,9999.000,9999.000,9999.000
202603171142,   2.318,   2.358,9999.000,9999.000,9999.000,9999.000,9999.000,9999.000,9999.000
202603171148,   2.348,   2.400,9999.000,9999.000,9999.000,9999.000,9999.000,9999.000,9999.000
202603171154,   2.375,   2.459,9999.000,9999.000,9999.000,9999.000,9999.000,9999.000,9999.000
202603171200,   2.399,   2.499,   0.000,   0.100,   2.499,  -0.100,   2.399,   0.200,   2.699
202603171206,   2.419,   2.568,9999.000,9999.000,9999.000,9999.000,9999.000,9999.000,9999.000
202603171212,   2.437,   2.610,9999.000,9999.000,9999.000,9999.000,9999.000,9999.000,9999.000
202603171218,   2.452,   2.660,9999.000,9999.000,9999.000,9999.000,9999.000,9999.000,9999.000
202603171224,   2.463,   2.709,9999.000,9999.000,9999.000,9999.000,9999.000,9999.000,9999.000
202603171230,   2.472,   2.768,9999.000,9999.000,9999.000,9999.000,9999.000,9999.000,9999.000
202603171236,   2.478,   2.807,9999.000,9999.000,9999.000,9999.000,9999.000,9999.000,9999.000
202603171242,   2.480,   2.820,9999.000,9999.000,9999.000,9999.000,9999.000,9999.000,9999.000
202603171248,   2.480,   2.830,9999.000,9999.000,9999.000,9999.000,9999.000,9999.000,9999.000
202603171254,   2.477,   2.830,9999.000,9999.000,9999.000,9999.000,9999.000,9999.000,9999.000
202603171300,   2.471,   2.830,   0.000,   0.359,   2.830,  -0.100,   2.730,   0.200,   3.030
202603171306,   2.462,   2.820,9999.000,9999.000,9999.000,9999.000,9999.000,9999.000,9999.000
202603171312,   2.451,   2.807,9999.000,9999.000,9999.000,9999.000,9999.000,9999.000,9999.000
202603171318,   2.436,   2.807,9999.000,9999.000,9999.000,9999.000,9999.000,9999.000,9999.000
202603171324,   2.419,   2.758,9999.000,9999.000,9999.000,9999.000,9999.000,9999.000,9999.000
202603171330,   2.399,   2.728,9999.000,9999.000,9999.000,9999.000,9999.000,9999.000,9999.000
202603171336,   2.377,   2.699,9999.000,9999.000,9999.000,9999.000,9999.000,9999.000,9999.000
202603171342,   2.352,   2.679,9999.000,9999.000,9999.000,9999.000,9999.000,9999.000,9999.000
202603171348,   2.324,   2.620,9999.000,9999.000,9999.000,9999.000,9999.000,9999.000,9999.000
202603171354,   2.293,   2.610,9999.000,9999.000,9999.000,9999.000,9999.000,9999.000,9999.000
202603171400,   2.260,   2.568,   0.100,   0.208,   2.568,  -0.100,   2.368,   0.200,   2.668
202603171406,   2.225,   2.538,9999.000,9999.000,9999.000,9999.000,9999.000,9999.000,9999.000
202603171412,   2.187,   2.509,9999.000,9999.000,9999.000,9999.000,9999.000,9999.000,9999.000
202603171418,   2.146,   2.489,9999.000,9999.000,9999.000,9999.000,9999.000,9999.000,9999.000
202603171424,   2.103,   2.450,9999.000,9999.000,9999.000,9999.000,9999.000,9999.000,9999.000
202603171430,   2.058,   2.440,9999.000,9999.000,9999.000,9999.000,9999.000,9999.000,9999.000
202603171436,   2.010,   2.410,9999.000,9999.000,9999.000,9999.000,9999.000,9999.000,9999.000
202603171442,   1.960,   2.368,9999.000,9999.000,9999.000,9999.000,9999.000,9999.000,9999.000
202603171448,   1.908,   2.348,9999.000,9999.000,9999.000,9999.000,9999.000,9999.000,9999.000
202603171454,   1.854,   2.309,9999.000,9999.000,9999.000,9999.000,9999.000,9999.000,9999.000
202603171500,   1.797,   2.289,   0.000,   0.492,   2.289,  -0.100,   2.189,   0.200,   2.489
202603171506,   1.739,   2.240,9999.000,9999.000,9999.000,9999.000,9999.000,9999.000,9999.000
202603171512,   1.680,   2.191,9999.000,9999.000,9999.000,9999.000,9999.000,9999.000,9999.000
202603171518,   1.619,   2.128,9999.000,9999.000,9999.000,9999.000,9999.000,9999.000,9999.000
202603171524,   1.556,   2.030,9999.000,9999.000,9999.000,9999.000,9999.000,9999.000,9999.000
202603171530,   1.493,   1.981,9999.000,9999.000,9999.000,9999.000,9999.000,9999.000,9999.000
202603171536,   1.428,   1.908,9999.000,9999.000,9999.000,9999.000,9999.000,9999.000,9999.000
202603171542,   1.363,   1.840,9999.000,9999.000,9999.000,9999.000,9999.000,9999.000,9999.000
202603171548,   1.297,   1.790,9999.000,9999.000,9999.000,9999.000,9999.000,9999.000,9999.000
202603171554,   1.231,   1.718,9999.000,9999.000,9999.000,9999.000,9999.000,9999.000,9999.000
202603171600,   1.164,   1.639,   0.000,   0.475,   1.639,  -0.100,   1.539,   0.100,   1.739
202603171606,   1.098,   1.580,9999.000,9999.000,9999.000,9999.000,9999.000,9999.000,9999.000
202603171612,   1.032,   1.528,9999.000,9999.000,9999.000,9999.000,9999.000,9999.000,9999.000
202603171618,   0.967,   1.459,9999.000,9999.000,9999.000,9999.000,9999.000,9999.000,9999.000
202603171624,   0.902,   1.420,9999.000,9999.000,9999.000,9999.000,9999.000,9999.000,9999.000
202603171630,   0.838,   1.348,9999.000,9999.000,9999.000,9999.000,9999.000,9999.000,9999.000
202603171636,   0.776,   1.279,9999.000,9999.000,9999.000,9999.000,9999.000,9999.000,9999.000
202603171642,   0.715,   1.239,9999.000,9999.000,9999.000,9999.000,9999.000,9999.000,9999.000
202603171648,   0.655,   1.180,9999.000,9999.000,9999.000,9999.000,9999.000,9999.000,9999.000
202603171654,   0.597,   1.118,9999.000,9999.000,9999.000,9999.000,9999.000,9999.000,9999.000
202603171700,   0.541,   1.069,   0.000,   0.528,   1.069,  -0.100,   0.969,   0.100,   1.169
202603171706,   0.487,   1.020,9999.000,9999.000,9999.000,9999.000,9999.000,9999.000,9999.000
202603171712,   0.435,   0.980,9999.000,9999.000,9999.000,9999.000,9999.000,9999.000,9999.000
202603171718,   0.385,   0.941,9999.000,9999.000,9999.000,9999.000,9999.000,9999.000,9999.000
202603171724,   0.338,   0.888,9999.000,9999.000,9999.000,9999.000,9999.000,9999.000,9999.000
202603171730,   0.293,   0.849,9999.000,9999.000,9999.000,9999.000,9999.000,9999.000,9999.000
202603171736,   0.251,   0.800,9999.000,9999.000,9999.000,9999.000,9999.000,9999.000,9999.000
202603171742,   0.212,   0.760,9999.000,9999.000,9999.000,9999.000,9999.000,9999.000,9999.000
202603171748,   0.175,   0.718,9999.000,9999.000,9999.000,9999.000,9999.000,9999.000,9999.000
202603171754,   0.141,   0.669,9999.000,9999.000,9999.000,9999.000,9999.000,9999.000,9999.000
202603171800,   0.110,   0.629,   0.100,   0.419,   0.629,   0.000,   0.529,   0.200,   0.729
202603171806,   0.082,   0.590,9999.000,9999.000,9999.000,9999.000,9999.000,9999.000,9999.000
202603171812,   0.057,   0.380,9999.000,9999.000,9999.000,9999.000,9999.000,9999.000,9999.000
202603171818,   0.036,   0.488,9999.000,9999.000,9999.000,9999.000,9999.000,9999.000,9999.000
202603171824,   0.017,   0.439,9999.000,9999.000,9999.000,9999.000,9999.000,9999.000,9999.000
202603171830,   0.002,   0.419,9999.000,9999.000,9999.000,9999.000,9999.000,9999.000,9999.000
202603171836,  -0.010,   0.321,9999.000,9999.000,9999.000,9999.000,9999.000,9999.000,9999.000
202603171842,  -0.019,   0.350,9999.000,9999.000,9999.000,9999.000,9999.000,9999.000,9999.000
202603171848,  -0.024,   0.288,9999.000,9999.000,9999.000,9999.000,9999.000,9999.000,9999.000
202603171854,  -0.026,   0.298,9999.000,9999.000,9999.000,9999.000,9999.000,9999.000,9999.000
202603171900,  -0.026,   0.308,   0.100,   0.234,   0.308,   0.000,   0.208,   0.200,   0.408
202603171906,  -0.021,   0.308,9999.000,9999.000,9999.000,9999.000,9999.000,9999.000,9999.000
202603171912,  -0.014,   0.288,9999.000,9999.000,9999.000,9999.000,9999.000,9999.000,9999.000
202603171918,  -0.003,   0.331,9999.000,9999.000,9999.000,9999.000,9999.000,9999.000,9999.000
202603171924,   0.011,   0.298,9999.000,9999.000,9999.000,9999.000,9999.000,9999.000,9999.000
202603171930,   0.028,   0.308,9999.000,9999.000,9999.000,9999.000,9999.000,9999.000,9999.000
202603171936,   0.049,   0.308,9999.000,9999.000,9999.000,9999.000,9999.000,9999.000,9999.000
202603171942,   0.073,   0.341,9999.000,9999.000,9999.000,9999.000,9999.000,9999.000,9999.000
202603171948,   0.100,   0.331,9999.000,9999.000,9999.000,9999.000,9999.000,9999.000,9999.000
202603171954,   0.130,   0.360,9999.000,9999.000,9999.000,9999.000,9999.000,9999.000,9999.000
202603172000,   0.163,   0.390,   0.100,   0.127,   0.390,   0.000,   0.290,   0.200,   0.490
202603172006,   0.199,   0.390,9999.000,9999.000,9999.000,9999.000,9999.000,9999.000,9999.000
202603172012,   0.238,   0.419,9999.000,9999.000,9999.000,9999.000,9999.000,9999.000,9999.000
202603172018,   0.279,   0.469,9999.000,9999.000,9999.000,9999.000,9999.000,9999.000,9999.000
202603172024,   0.323,   0.419,9999.000,9999.000,9999.000,9999.000,9999.000,9999.000,9999.000
202603172030,   0.370,   0.488,9999.000,9999.000,9999.000,9999.000,9999.000,9999.000,9999.000
202603172036,   0.419,   0.531,9999.000,9999.000,9999.000,9999.000,9999.000,9999.000,9999.000
202603172042,   0.470,   0.639,9999.000,9999.000,9999.000,9999.000,9999.000,9999.000,9999.000
202603172048,   0.523,   0.669,9999.000,9999.000,9999.000,9999.000,9999.000,9999.000,9999.000
202603172054,   0.578,   0.718,9999.000,9999.000,9999.000,9999.000,9999.000,9999.000,9999.000
202603172100,   0.635,   0.780,   0.100,   0.045,   0.780,   0.000,   0.680,   0.200,   0.880
202603172106,   0.693,   0.800,9999.000,9999.000,9999.000,9999.000,9999.000,9999.000,9999.000
202603172112,   0.753,   0.898,9999.000,9999.000,9999.000,9999.000,9999.000,9999.000,9999.000
202603172118,   0.814,   0.928,9999.000,9999.000,9999.000,9999.000,9999.000,9999.000,9999.000
202603172124,   0.876,   0.980,9999.000,9999.000,9999.000,9999.000,9999.000,9999.000,9999.000
202603172130,   0.940,   1.029,9999.000,9999.000,9999.000,9999.000,9999.000,9999.000,9999.000
202603172136,   1.004,   1.088,9999.000,9999.000,9999.000,9999.000,9999.000,9999.000,9999.000
202603172142,   1.068,   1.151,9999.000,9999.000,9999.000,9999.000,9999.000,9999.000,9999.000
202603172148,   1.133,   1.249,9999.000,9999.000,9999.000,9999.000,9999.000,9999.000,9999.000
202603172154,   1.198,   1.289,9999.000,9999.000,9999.000,9999.000,9999.000,9999.000,9999.000
202603172200,   1.264,   1.338,   0.100,  -0.026,   1.338,   0.000,   1.238,   0.100,   1.338
202603172206,   1.329,   1.420,9999.000,9999.000,9999.000,9999.000,9999.000,9999.000,9999.000
202603172212,   1.394,   1.528,9999.000,9999.000,9999.000,9999.000,9999.000,9999.000,9999.000
202603172218,   1.458,   1.571,9999.000,9999.000,9999.000,9999.000,9999.000,9999.000,9999.000
202603172224,   1.522,   1.659,9999.000,9999.000,9999.000,9999.000,9999.000,9999.000,9999.000
202603172230,   1.586,   1.718,9999.000,9999.000,9999.000,9999.000,9999.000,9999.000,9999.000
202603172236,   1.648,   1.781,9999.000,9999.000,9999.000,9999.000,9999.000,9999.000,9999.000
202603172242,   1.709,   1.840,9999.000,9999.000,9999.000,9999.000,9999.000,9999.000,9999.000
202603172248,   1.768,   1.879,9999.000,9999.000,9999.000,9999.000,9999.000,9999.000,9999.000
202603172254,   1.827,   1.918,9999.000,9999.000,9999.000,9999.000,9999.000,9999.000,9999.000
202603172300,   1.883,   2.000,   0.100,   0.017,   2.000,   0.000,   1.900,   0.100,   2.000
202603172306,   1.938,   1.981,9999.000,9999.000,9999.000,9999.000,9999.000,9999.000,9999.000
202603172312,   1.991,   2.099,9999.000,9999.000,9999.000,9999.000,9999.000,9999.000,9999.000
202603172318,   2.041,   2.138,9999.000,9999.000,9999.000,9999.000,9999.000,9999.000,9999.000
202603172324,   2.089,   2.200,9999.000,9999.000,9999.000,9999.000,9999.000,9999.000,9999.000
202603172330,   2.135,   2.250,9999.000,9999.000,9999.000,9999.000,9999.000,9999.000,9999.000
202603172336,   2.179,   2.289,9999.000,9999.000,9999.000,9999.000,9999.000,9999.000,9999.000
202603172342,   2.220,   2.309,9999.000,9999.000,9999.000,9999.000,9999.000,9999.000,9999.000
202603172348,   2.258,   2.348,9999.000,9999.000,9999.000,9999.000,9999.000,9999.000,9999.000
202603172354,   2.293,   2.519,9999.000,9999.000,9999.000,9999.000,9999.000,9999.000,9999.000
202603180000,   2.325,   2.400,   0.000,   0.075,   2.400,   0.000,   2.400,   0.100,   2.500
202603180006,   2.354,   2.440,9999.000,9999.000,9999.000,9999.000,9999.000,9999.000,9999.000
202603180012,   2.381,   2.459,9999.000,9999.000,9999.000,9999.000,9999.000,9999.000,9999.000
202603180018,   2.404,   2.489,9999.000,9999.000,9999.000,9999.000,9999.000,9999.000,9999.000
202603180024,   2.424,   2.519,9999.000,9999.000,9999.000,9999.000,9999.000,9999.000,9999.000
202603180030,   2.441,   2.519,9999.000,9999.000,9999.000,9999.000,9999.000,9999.000,9999.000
202603180036,   2.455,   2.538,9999.000,9999.000,9999.000,9999.000,9999.000,9999.000,9999.000
202603180042,   2.466,   2.519,9999.000,9999.000,9999.000,9999.000,9999.000,9999.000,9999.000
202603180048,   2.474,   2.548,9999.000,9999.000,9999.000,9999.000,9999.000,9999.000,9999.000
202603180054,   2.479,   2.548,9999.000,9999.000,9999.000,9999.000,9999.000,9999.000,9999.000
202603180100,   2.480,   2.558,   0.000,   0.078,   2.558,   0.000,   2.558,   0.100,   2.658
202603180106,   2.479,   2.548,9999.000,9999.000,9999.000,9999.000,9999.000,9999.000,9999.000
202603180112,   2.475,   2.528,9999.000,9999.000,9999.000,9999.000,9999.000,9999.000,9999.000
202603180118,   2.468,   2.519,9999.000,9999.000,9999.000,9999.000,9999.000,9999.000,9999.000
202603180124,   2.458,   2.479,9999.000,9999.000,9999.000,9999.000,9999.000,9999.000,9999.000
202603180130,   2.445,   2.459,9999.000,9999.000,9999.000,9999.000,9999.000,9999.000,9999.000
202603180136,   2.429,   2.420,9999.000,9999.000,9999.000,9999.000,9999.000,9999.000,9999.000
202603180142,   2.411,   2.377,9999.000,9999.000,9999.000,9999.000,9999.000,9999.000,9999.000
202603180148,   2.389,   2.338,9999.000,9999.000,9999.000,9999.000,9999.000,9999.000,9999.000
202603180154,   2.365,   2.309,9999.000,9999.000,9999.000,9999.000,9999.000,9999.000,9999.000
202603180200,   2.339,   2.259,   0.000,  -0.080,   2.259,   0.000,   2.259,   0.100,   2.359
202603180206,   2.310,   2.230,9999.000,9999.000,9999.000,9999.000,9999.000,9999.000,9999.000
202603180212,   2.278,   2.191,9999.000,9999.000,9999.000,9999.000,9999.000,9999.000,9999.000
202603180218,   2.243,   2.148,9999.000,9999.000,9999.000,9999.000,9999.000,9999.000,9999.000
202603180224,   2.206,   2.109,9999.000,9999.000,9999.000,9999.000,9999.000,9999.000,9999.000
202603180230,   2.167,   2.049,9999.000,9999.000,9999.000,9999.000,9999.000,9999.000,9999.000
202603180236,   2.125,   2.000,9999.000,9999.000,9999.000,9999.000,9999.000,9999.000,9999.000
202603180242,   2.081,   1.938,9999.000,9999.000,9999.000,9999.000,9999.000,9999.000,9999.000
202603180248,   2.034,   1.879,9999.000,9999.000,9999.000,9999.000,9999.000,9999.000,9999.000
202603180254,   1.985,   1.810,9999.000,9999.000,9999.000,9999.000,9999.000,9999.000,9999.000
202603180300,   1.934,   1.748,   0.000,  -0.186,   1.748,   0.000,   1.748,   0.100,   1.848
202603180306,   1.880,   1.689,9999.000,9999.000,9999.000,9999.000,9999.000,9999.000,9999.000
202603180312,   1.825,   1.630,9999.000,9999.000,9999.000,9999.000,9999.000,9999.000,9999.000
202603180318,   1.767,   1.571,9999.000,9999.000,9999.000,9999.000,9999.000,9999.000,9999.000
202603180324,   1.708,   1.459,9999.000,9999.000,9999.000,9999.000,9999.000,9999.000,9999.000
202603180330,   1.647,   1.459,9999.000,9999.000,9999.000,9999.000,9999.000,9999.000,9999.000
202603180336,   1.584,   1.390,9999.000,9999.000,9999.000,9999.000,9999.000,9999.000,9999.000
202603180342,   1.520,   1.338,9999.000,9999.000,9999.000,9999.000,9999.000,9999.000,9999.000
202603180348,   1.455,   1.259,9999.000,9999.000,9999.000,9999.000,9999.000,9999.000,9999.000
202603180354,   1.389,   1.220,9999.000,9999.000,9999.000,9999.000,9999.000,9999.000,9999.000
202603180400,   1.322,   1.151,   0.000,  -0.171,   1.151,   0.000,   1.151,   0.100,   1.251
202603180406,   1.254,   1.098,9999.000,9999.000,9999.000,9999.000,9999.000,9999.000,9999.000
202603180412,   1.186,   1.029,9999.000,9999.000,9999.000,9999.000,9999.000,9999.000,9999.000
202603180418,   1.118,   0.980,9999.000,9999.000,9999.000,9999.000,9999.000,9999.000,9999.000
202603180424,   1.050,   0.908,9999.000,9999.000,9999.000,9999.000,9999.000,9999.000,9999.000
202603180430,   0.982,   0.859,9999.000,9999.000,9999.000,9999.000,9999.000,9999.000,9999.000
202603180436,   0.914,   0.810,9999.000,9999.000,9999.000,9999.000,9999.000,9999.000,9999.000
202603180442,   0.847,   0.760,9999.000,9999.000,9999.000,9999.000,9999.000,9999.000,9999.000
202603180448,   0.780,   0.718,9999.000,9999.000,9999.000,9999.000,9999.000,9999.000,9999.000
202603180454,   0.715,   0.678,9999.000,9999.000,9999.000,9999.000,9999.000,9999.000,9999.000
202603180500,   0.651,   0.629,   0.000,  -0.022,   0.629,  -0.100,   0.529,   0.000,   0.629
202603180506,   0.588,   0.570,9999.000,9999.000,9999.000,9999.000,9999.000,9999.000,9999.000
202603180512,   0.527,   0.518,9999.000,9999.000,9999.000,9999.000,9999.000,9999.000,9999.000
202603180518,   0.468,   0.478,9999.000,9999.000,9999.000,9999.000,9999.000,9999.000,9999.000
202603180524,   0.411,   0.419,9999.000,9999.000,9999.000,9999.000,9999.000,9999.000,9999.000
202603180530,   0.355,   0.380,9999.000,9999.000,9999.000,9999.000,9999.000,9999.000,9999.000
202603180536,   0.302,   0.308,9999.000,9999.000,9999.000,9999.000,9999.000,9999.000,9999.000
202603180542,   0.251,   0.278,9999.000,9999.000,9999.000,9999.000,9999.000,9999.000,9999.000
202603180548,   0.203,   0.239,9999.000,9999.000,9999.000,9999.000,9999.000,9999.000,9999.000
202603180554,   0.157,   0.180,9999.000,9999.000,9999.000,9999.000,9999.000,9999.000,9999.000
202603180600,   0.114,   0.141,  -0.100,   0.127,   0.141,  -0.100,   0.141,   0.000,   0.241
202603180606,   0.074,   0.098,9999.000,9999.000,9999.000,9999.000,9999.000,9999.000,9999.000
202603180612,   0.036,   0.068,9999.000,9999.000,9999.000,9999.000,9999.000,9999.000,9999.000
202603180618,   0.002,   0.049,9999.000,9999.000,9999.000,9999.000,9999.000,9999.000,9999.000
202603180624,  -0.029,   0.009,9999.000,9999.000,9999.000,9999.000,9999.000,9999.000,9999.000
202603180630,  -0.057,  -0.009,9999.000,9999.000,9999.000,9999.000,9999.000,9999.000,9999.000
202603180636,  -0.083,  -0.039,9999.000,9999.000,9999.000,9999.000,9999.000,9999.000,9999.000
202603180642,  -0.105,  -0.049,9999.000,9999.000,9999.000,9999.000,9999.000,9999.000,9999.000
202603180648,  -0.124,  -0.068,9999.000,9999.000,9999.000,9999.000,9999.000,9999.000,9999.000
202603180654,  -0.139,  -0.088,9999.000,9999.000,9999.000,9999.000,9999.000,9999.000,9999.000
202603180700,  -0.152,  -0.190,   0.000,  -0.038,  -0.190,  -0.100,  -0.290,   0.000,  -0.190
202603180706,  -0.160,  -0.088,9999.000,9999.000,9999.000,9999.000,9999.000,9999.000,9999.000
202603180712,  -0.166,  -0.088,9999.000,9999.000,9999.000,9999.000,9999.000,9999.000,9999.000
202603180718,  -0.168,  -0.098,9999.000,9999.000,9999.000,9999.000,9999.000,9999.000,9999.000
202603180724,  -0.166,  -0.098,9999.000,9999.000,9999.000,9999.000,9999.000,9999.000,9999.000
202603180730,  -0.161,  -0.098,9999.000,9999.000,9999.000,9999.000,9999.000,9999.000,9999.000
202603180736,  -0.152,  -0.078,9999.000,9999.000,9999.000,9999.000,9999.000,9999.000,9999.000
202603180742,  -0.140,  -0.059,9999.000,9999.000,9999.000,9999.000,9999.000,9999.000,9999.000
202603180748,  -0.124,  -0.068,9999.000,9999.000,9999.000,9999.000,9999.000,9999.000,9999.000
202603180754,  -0.105,  -0.039,9999.000,9999.000,9999.000,9999.000,9999.000,9999.000,9999.000
202603180800,  -0.082,  -0.029,   0.000,   0.053,  -0.029,  -0.100,  -0.129,   0.000,  -0.029
202603180806,  -0.056,  -0.019,9999.000,9999.000,9999.000,9999.000,9999.000,9999.000,9999.000
202603180812,  -0.027,   0.019,9999.000,9999.000,9999.000,9999.000,9999.000,9999.000,9999.000
202603180818,   0.005,   0.039,9999.000,9999.000,9999.000,9999.000,9999.000,9999.000,9999.000
202603180824,   0.041,   0.088,9999.000,9999.000,9999.000,9999.000,9999.000,9999.000,9999.000
202603180830,   0.080,   0.121,9999.000,9999.000,9999.000,9999.000,9999.000,9999.000,9999.000
202603180836,   0.122,   0.200,9999.000,9999.000,9999.000,9999.000,9999.000,9999.000,9999.000
202603180842,   0.167,   0.259,9999.000,9999.000,9999.000,9999.000,9999.000,9999.000,9999.000
202603180848,   0.215,   0.308,9999.000,9999.000,9999.000,9999.000,9999.000,9999.000,9999.000
202603180854,   0.265,   0.360,9999.000,9999.000,9999.000,9999.000,9999.000,9999.000,9999.000
202603180900,   0.318,   0.429,   0.000,   0.111,   0.429,  -0.100,   0.329,   0.000,   0.429
202603180906,   0.373,   0.439,9999.000,9999.000,9999.000,9999.000,9999.000,9999.000,9999.000
202603180912,   0.431,   0.518,9999.000,9999.000,9999.000,9999.000,9999.000,9999.000,9999.000
202603180918,   0.490,   0.560,9999.000,9999.000,9999.000,9999.000,9999.000,9999.000,9999.000
202603180924,   0.552,   0.610,9999.000,9999.000,9999.000,9999.000,9999.000,9999.000,9999.000
202603180930,   0.615,   0.678,9999.000,9999.000,9999.000,9999.000,9999.000,9999.000,9999.000
202603180936,   0.680,   0.731,9999.000,9999.000,9999.000,9999.000,9999.000,9999.000,9999.000
202603180942,   0.746,   0.790,9999.000,9999.000,9999.000,9999.000,9999.000,9999.000,9999.000
202603180948,   0.813,   0.869,9999.000,9999.000,9999.000,9999.000,9999.000,9999.000,9999.000
202603180954,   0.881,   0.941,9999.000,9999.000,9999.000,9999.000,9999.000,9999.000,9999.000
202603181000,   0.950,   1.029,   0.000,   0.079,   1.029,  -0.100,   0.929,   0.000,   1.029
202603181006,   1.019,   1.088,9999.000,9999.000,9999.000,9999.000,9999.000,9999.000,9999.000
202603181012,   1.089,   1.170,9999.000,9999.000,9999.000,9999.000,9999.000,9999.000,9999.000
202603181018,   1.160,   1.249,9999.000,9999.000,9999.000,9999.000,9999.000,9999.000,9999.000
202603181024,   1.230,   1.318,9999.000,9999.000,9999.000,9999.000,9999.000,9999.000,9999.000
202603181030,   1.300,   1.390,9999.000,9999.000,9999.000,9999.000,9999.000,9999.000,9999.000
202603181036,   1.370,   1.400,9999.000,9999.000,9999.000,9999.000,9999.000,9999.000,9999.000
202603181042,   1.439,   1.508,9999.000,9999.000,9999.000,9999.000,9999.000,9999.000,9999.000
202603181048,   1.508,   1.557,9999.000,9999.000,9999.000,9999.000,9999.000,9999.000,9999.000
202603181054,   1.576,   1.620,9999.000,9999.000,9999.000,9999.000,9999.000,9999.000,9999.000
202603181100,   1.643,   1.679,   0.000,   0.036,   1.679,   0.000,   1.679,   0.100,   1.779
202603181106,   1.709,   1.708,9999.000,9999.000,9999.000,9999.000,9999.000,9999.000,9999.000
202603181112,   1.773,   1.767,9999.000,9999.000,9999.000,9999.000,9999.000,9999.000,9999.000
202603181118,   1.836,   1.840,9999.000,9999.000,9999.000,9999.000,9999.000,9999.000,9999.000
202603181124,   1.897,   1.889,9999.000,9999.000,9999.000,9999.000,9999.000,9999.000,9999.000
202603181130,   1.956,   1.981,9999.000,9999.000,9999.000,9999.000,9999.000,9999.000,9999.000
202603181136,   2.013,   2.030,9999.000,9999.000,9999.000,9999.000,9999.000,9999.000,9999.000
202603181142,   2.068,   2.089,9999.000,9999.000,9999.000,9999.000,9999.000,9999.000,9999.000
202603181148,   2.121,   2.148,9999.000,9999.000,9999.000,9999.000,9999.000,9999.000,9999.000
202603181154,   2.171,   2.191,9999.000,9999.000,9999.000,9999.000,9999.000,9999.000,9999.000
202603181200,   2.218,   2.250,  -0.200,   0.232,   2.250,  -0.300,   2.150,  -0.100,   2.350
202603181206,   2.263,   2.309,9999.000,9999.000,9999.000,9999.000,9999.000,9999.000,9999.000
202603181212,   2.304,   2.368,9999.000,9999.000,9999.000,9999.000,9999.000,9999.000,9999.000
202603181218,   2.343,   2.420,9999.000,9999.000,9999.000,9999.000,9999.000,9999.000,9999.000
202603181224,   2.379,   2.440,9999.000,9999.000,9999.000,9999.000,9999.000,9999.000,9999.000
202603181230,   2.411,   2.489,9999.000,9999.000,9999.000,9999.000,9999.000,9999.000,9999.000
202603181236,   2.440,   2.538,9999.000,9999.000,9999.000,9999.000,9999.000,9999.000,9999.000
202603181242,   2.466,   2.568,9999.000,9999.000,9999.000,9999.000,9999.000,9999.000,9999.000
202603181248,   2.489,   2.587,9999.000,9999.000,9999.000,9999.000,9999.000,9999.000,9999.000
202603181254,   2.509,   2.620,9999.000,9999.000,9999.000,9999.000,9999.000,9999.000,9999.000
202603181300,   2.525,   2.650,  -0.200,   0.325,   2.650,  -0.300,   2.550,  -0.100,   2.750
202603181306,   2.537,   2.660,9999.000,9999.000,9999.000,9999.000,9999.000,9999.000,9999.000
202603181312,   2.547,   2.669,9999.000,9999.000,9999.000,9999.000,9999.000,9999.000,9999.000
202603181318,   2.553,   2.679,9999.000,9999.000,9999.000,9999.000,9999.000,9999.000,9999.000
202603181324,   2.556,   2.709,9999.000,9999.000,9999.000,9999.000,9999.000,9999.000,9999.000
202603181330,   2.555,   2.699,9999.000,9999.000,9999.000,9999.000,9999.000,9999.000,9999.000
202603181336,   2.551,   2.610,9999.000,9999.000,9999.000,9999.000,9999.000,9999.000,9999.000
202603181342,   2.544,   2.689,9999.000,9999.000,9999.000,9999.000,9999.000,9999.000,9999.000
202603181348,   2.534,   2.679,9999.000,9999.000,9999.000,9999.000,9999.000,9999.000,9999.000
202603181354,   2.521,   2.689,9999.000,9999.000,9999.000,9999.000,9999.000,9999.000,9999.000
202603181400,   2.504,   2.650,  -0.200,   0.346,   2.650,  -0.300,   2.550,  -0.100,   2.750
202603181406,   2.484,   2.669,9999.000,9999.000,9999.000,9999.000,9999.000,9999.000,9999.000
202603181412,   2.462,   2.620,9999.000,9999.000,9999.000,9999.000,9999.000,9999.000,9999.000
202603181418,   2.436,   2.610,9999.000,9999.000,9999.000,9999.000,9999.000,9999.000,9999.000
202603181424,   2.408,   2.587,9999.000,9999.000,9999.000,9999.000,9999.000,9999.000,9999.000
202603181430,   2.376,   2.568,9999.000,9999.000,9999.000,9999.000,9999.000,9999.000,9999.000
202603181436,   2.342,   2.538,9999.000,9999.000,9999.000,9999.000,9999.000,9999.000,9999.000
202603181442,   2.305,   2.479,9999.000,9999.000,9999.000,9999.000,9999.000,9999.000,9999.000
202603181448,   2.265,   2.459,9999.000,9999.000,9999.000,9999.000,9999.000,9999.000,9999.000
202603181454,   2.223,   2.420,9999.000,9999.000,9999.000,9999.000,9999.000,9999.000,9999.000
202603181500,   2.178,   2.377,  -0.200,   0.399,   2.377,  -0.300,   2.277,  -0.100,   2.477
202603181506,   2.130,   2.318,9999.000,9999.000,9999.000,9999.000,9999.000,9999.000,9999.000
202603181512,   2.080,   2.269,9999.000,9999.000,9999.000,9999.000,9999.000,9999.000,9999.000
202603181518,   2.027,   2.210,9999.000,9999.000,9999.000,9999.000,9999.000,9999.000,9999.000
202603181524,   1.972,   2.158,9999.000,9999.000,9999.000,9999.000,9999.000,9999.000,9999.000
202603181530,   1.915,   2.089,9999.000,9999.000,9999.000,9999.000,9999.000,9999.000,9999.000
202603181536,   1.855,   2.040,9999.000,9999.000,9999.000,9999.000,9999.000,9999.000,9999.000
202603181542,   1.794,   1.958,9999.000,9999.000,9999.000,9999.000,9999.000,9999.000,9999.000
202603181548,   1.731,   1.889,9999.000,9999.000,9999.000,9999.000,9999.000,9999.000,9999.000
202603181554,   1.666,   1.810,9999.000,9999.000,9999.000,9999.000,9999.000,9999.000,9999.000
202603181600,   1.600,   1.728,  -0.200,   0.328,   1.728,  -0.300,   1.628,  -0.100,   1.828
202603181606,   1.532,   1.649,9999.000,9999.000,9999.000,9999.000,9999.000,9999.000,9999.000
202603181612,   1.463,   1.557,9999.000,9999.000,9999.000,9999.000,9999.000,9999.000,9999.000
202603181618,   1.393,   1.479,9999.000,9999.000,9999.000,9999.000,9999.000,9999.000,9999.000
202603181624,   1.323,   1.390,9999.000,9999.000,9999.000,9999.000,9999.000,9999.000,9999.000
202603181630,   1.252,   1.308,9999.000,9999.000,9999.000,9999.000,9999.000,9999.000,9999.000
202603181636,   1.180,   1.239,9999.000,9999.000,9999.000,9999.000,9999.000,9999.000,9999.000
202603181642,   1.109,   1.161,9999.000,9999.000,9999.000,9999.000,9999.000,9999.000,9999.000
202603181648,   1.037,   1.079,9999.000,9999.000,9999.000,9999.000,9999.000,9999.000,9999.000
202603181654,   0.966,   1.000,9999.000,9999.000,9999.000,9999.000,9999.000,9999.000,9999.000
202603181700,   0.896,   0.918,  -0.200,   0.222,   0.918,  -0.300,   0.818,  -0.200,   0.918
202603181706,   0.826,   0.849,9999.000,9999.000,9999.000,9999.000,9999.000,9999.000,9999.000
202603181712,   0.758,   0.770,9999.000,9999.000,9999.000,9999.000,9999.000,9999.000,9999.000
202603181718,   0.690,   0.688,9999.000,9999.000,9999.000,9999.000,9999.000,9999.000,9999.000
202603181724,   0.625,   0.610,9999.000,9999.000,9999.000,9999.000,9999.000,9999.000,9999.000
202603181730,   0.560,   0.541,9999.000,9999.000,9999.000,9999.000,9999.000,9999.000,9999.000
202603181736,   0.498,   0.469,9999.000,9999.000,9999.000,9999.000,9999.000,9999.000,9999.000
202603181742,   0.437,   0.400,9999.000,9999.000,9999.000,9999.000,9999.000,9999.000,9999.000
202603181748,   0.379,   0.239,9999.000,9999.000,9999.000,9999.000,9999.000,9999.000,9999.000
202603181754,   0.323,   0.288,9999.000,9999.000,9999.000,9999.000,9999.000,9999.000,9999.000
202603181800,   0.270,   0.190,  -0.300,   0.220,   0.190,  -0.400,   0.090,  -0.200,   0.290
202603181806,   0.219,   0.141,9999.000,9999.000,9999.000,9999.000,9999.000,9999.000,9999.000
202603181812,   0.171,   0.068,9999.000,9999.000,9999.000,9999.000,9999.000,9999.000,9999.000
202603181818,   0.125,   0.019,9999.000,9999.000,9999.000,9999.000,9999.000,9999.000,9999.000
202603181824,   0.083,  -0.029,9999.000,9999.000,9999.000,9999.000,9999.000,9999.000,9999.000
202603181830,   0.044,  -0.180,9999.000,9999.000,9999.000,9999.000,9999.000,9999.000,9999.000
202603181836,   0.008,  -0.229,9999.000,9999.000,9999.000,9999.000,9999.000,9999.000,9999.000
202603181842,  -0.024,  -0.278,9999.000,9999.000,9999.000,9999.000,9999.000,9999.000,9999.000
202603181848,  -0.054,  -0.341,9999.000,9999.000,9999.000,9999.000,9999.000,9999.000,9999.000
202603181854,  -0.080,  -0.370,9999.000,9999.000,9999.000,9999.000,9999.000,9999.000,9999.000
202603181900,  -0.102,  -0.390,  -0.300,   0.012,  -0.390,  -0.400,  -0.490,  -0.200,  -0.290
202603181906,  -0.122,  -0.439,9999.000,9999.000,9999.000,9999.000,9999.000,9999.000,9999.000
202603181912,  -0.137,  -0.478,9999.000,9999.000,9999.000,9999.000,9999.000,9999.000,9999.000
202603181918,  -0.149,  -0.498,9999.000,9999.000,9999.000,9999.000,9999.000,9999.000,9999.000
202603181924,  -0.157,  -0.518,9999.000,9999.000,9999.000,9999.000,9999.000,9999.000,9999.000
202603181930,  -0.162,  -0.531,9999.000,9999.000,9999.000,9999.000,9999.000,9999.000,9999.000
202603181936,  -0.162,  -0.541,9999.000,9999.000,9999.000,9999.000,9999.000,9999.000,9999.000
202603181942,  -0.159,  -0.551,9999.000,9999.000,9999.000,9999.000,9999.000,9999.000,9999.000
202603181948,  -0.152,  -0.541,9999.000,9999.000,9999.000,9999.000,9999.000,9999.000,9999.000
202603181954,  -0.142,  -0.541,9999.000,9999.000,9999.000,9999.000,9999.000,9999.000,9999.000
202603182000,  -0.128,  -0.541,  -0.300,  -0.113,  -0.541,  -0.400,  -0.641,  -0.300,  -0.541
202603182006,  -0.109,  -0.518,9999.000,9999.000,9999.000,9999.000,9999.000,9999.000,9999.000
202603182012,  -0.088,  -0.488,9999.000,9999.000,9999.000,9999.000,9999.000,9999.000,9999.000
202603182018,  -0.062,  -0.508,9999.000,9999.000,9999.000,9999.000,9999.000,9999.000,9999.000
202603182024,  -0.033,  -0.459,9999.000,9999.000,9999.000,9999.000,9999.000,9999.000,9999.000
202603182030,   0.000,  -0.439,9999.000,9999.000,9999.000,9999.000,9999.000,9999.000,9999.000
202603182036,   0.035,  -0.409,9999.000,9999.000,9999.000,9999.000,9999.000,9999.000,9999.000
202603182042,   0.074,  -0.350,9999.000,9999.000,9999.000,9999.000,9999.000,9999.000,9999.000
202603182048,   0.117,  -0.298,9999.000,9999.000,9999.000,9999.000,9999.000,9999.000,9999.000
202603182054,   0.163,  -0.239,9999.000,9999.000,9999.000,9999.000,9999.000,9999.000,9999.000
202603182100,   0.212,  -0.200,  -0.300,  -0.112,  -0.200,  -0.400,  -0.300,  -0.300,  -0.200
202603182106,   0.264,  -0.131,9999.000,9999.000,9999.000,9999.000,9999.000,9999.000,9999.000
202603182112,   0.318,  -0.059,9999.000,9999.000,9999.000,9999.000,9999.000,9999.000,9999.000
202603182118,   0.375,  -0.009,9999.000,9999.000,9999.000,9999.000,9999.000,9999.000,9999.000
202603182124,   0.434,   0.059,9999.000,9999.000,9999.000,9999.000,9999.000,9999.000,9999.000
202603182130,   0.496,   0.111,9999.000,9999.000,9999.000,9999.000,9999.000,9999.000,9999.000
202603182136,   0.559,   0.170,9999.000,9999.000,9999.000,9999.000,9999.000,9999.000,9999.000
202603182142,   0.625,   0.239,9999.000,9999.000,9999.000,9999.000,9999.000,9999.000,9999.000
202603182148,   0.692,   0.308,9999.000,9999.000,9999.000,9999.000,9999.000,9999.000,9999.000
202603182154,   0.760,   0.380,9999.000,9999.000,9999.000,9999.000,9999.000,9999.000,9999.000
202603182200,   0.829,   0.459,  -0.300,  -0.070,   0.459,  -0.400,   0.359,  -0.300,   0.459
202603182206,   0.900,   0.531,9999.000,9999.000,9999.000,9999.000,9999.000,9999.000,9999.000
202603182212,   0.972,   0.619,9999.000,9999.000,9999.000,9999.000,9999.000,9999.000,9999.000
202603182218,   1.044,   0.708,9999.000,9999.000,9999.000,9999.000,9999.000,9999.000,9999.000
202603182224,   1.116,   0.780,9999.000,9999.000,9999.000,9999.000,9999.000,9999.000,9999.000
202603182230,   1.189,   0.849,9999.000,9999.000,9999.000,9999.000,9999.000,9999.000,9999.000
202603182236,   1.262,   0.928,9999.000,9999.000,9999.000,9999.000,9999.000,9999.000,9999.000
202603182242,   1.335,   1.010,9999.000,9999.000,9999.000,9999.000,9999.000,9999.000,9999.000
202603182248,   1.407,   1.079,9999.000,9999.000,9999.000,9999.000,9999.000,9999.000,9999.000
202603182254,   1.479,   1.138,9999.000,9999.000,9999.000,9999.000,9999.000,9999.000,9999.000
202603182300,   1.550,   1.190,  -0.300,  -0.060,   1.190,  -0.400,   1.090,  -0.300,   1.190
202603182306,   1.621,   1.239,9999.000,9999.000,9999.000,9999.000,9999.000,9999.000,9999.000
202603182312,   1.690,   1.318,9999.000,9999.000,9999.000,9999.000,9999.000,9999.000,9999.000
202603182318,   1.759,   1.380,9999.000,9999.000,9999.000,9999.000,9999.000,9999.000,9999.000
202603182324,   1.826,   1.420,9999.000,9999.000,9999.000,9999.000,9999.000,9999.000,9999.000
202603182330,   1.891,   1.498,9999.000,9999.000,9999.000,9999.000,9999.000,9999.000,9999.000
202603182336,   1.955,   1.557,9999.000,9999.000,9999.000,9999.000,9999.000,9999.000,9999.000
202603182342,   2.017,   1.639,9999.000,9999.000,9999.000,9999.000,9999.000,9999.000,9999.000
202603182348,   2.077,   1.708,9999.000,9999.000,9999.000,9999.000,9999.000,9999.000,9999.000
202603182354,   2.134,   1.767,9999.000,9999.000,9999.000,9999.000,9999.000,9999.000,9999.000
202603190000,   2.190,   1.830,  -0.100,  -0.260,   1.830,  -0.100,   1.830,   0.000,   1.930
202603190006,   2.243,   1.889,9999.000,9999.000,9999.000,9999.000,9999.000,9999.000,9999.000
202603190012,   2.293,   1.948,9999.000,9999.000,9999.000,9999.000,9999.000,9999.000,9999.000
202603190018,   2.341,   1.981,9999.000,9999.000,9999.000,9999.000,9999.000,9999.000,9999.000
202603190024,   2.385,   2.030,9999.000,9999.000,9999.000,9999.000,9999.000,9999.000,9999.000
202603190030,   2.427,   2.069,9999.000,9999.000,9999.000,9999.000,9999.000,9999.000,9999.000
202603190036,   2.466,   2.118,9999.000,9999.000,9999.000,9999.000,9999.000,9999.000,9999.000
202603190042,   2.501,   2.158,9999.000,9999.000,9999.000,9999.000,9999.000,9999.000,9999.000
202603190048,   2.534,   2.191,9999.000,9999.000,9999.000,9999.000,9999.000,9999.000,9999.000
202603190054,   2.563,   2.220,9999.000,9999.000,9999.000,9999.000,9999.000,9999.000,9999.000
202603190100,   2.589,   2.250,  -0.100,  -0.239,   2.250,  -0.100,   2.250,   0.000,   2.350
202603190106,   2.611,   2.289,9999.000,9999.000,9999.000,9999.000,9999.000,9999.000,9999.000
202603190112,   2.630,   2.318,9999.000,9999.000,9999.000,9999.000,9999.000,9999.000,9999.000
202603190118,   2.645,   2.348,9999.000,9999.000,9999.000,9999.000,9999.000,9999.000,9999.000
202603190124,   2.657,   2.368,9999.000,9999.000,9999.000,9999.000,9999.000,9999.000,9999.000
202603190130,   2.666,   2.387,9999.000,9999.000,9999.000,9999.000,9999.000,9999.000,9999.000
202603190136,   2.671,   2.400,9999.000,9999.000,9999.000,9999.000,9999.000,9999.000,9999.000
202603190142,   2.672,   2.400,9999.000,9999.000,9999.000,9999.000,9999.000,9999.000,9999.000
202603190148,   2.671,   2.400,9999.000,9999.000,9999.000,9999.000,9999.000,9999.000,9999.000
202603190154,   2.666,   2.400,9999.000,9999.000,9999.000,9999.000,9999.000,9999.000,9999.000
202603190200,   2.657,   2.400,  -0.100,  -0.157,   2.400,  -0.100,   2.400,  -0.100,   2.400
202603190206,   2.646,   2.400,9999.000,9999.000,9999.000,9999.000,9999.000,9999.000,9999.000
202603190212,   2.631,   2.377,9999.000,9999.000,9999.000,9999.000,9999.000,9999.000,9999.000
202603190218,   2.613,   2.368,9999.000,9999.000,9999.000,9999.000,9999.000,9999.000,9999.000
202603190224,   2.592,   2.358,9999.000,9999.000,9999.000,9999.000,9999.000,9999.000,9999.000
202603190230,   2.568,   2.338,9999.000,9999.000,9999.000,9999.000,9999.000,9999.000,9999.000
202603190236,   2.540,   2.309,9999.000,9999.000,9999.000,9999.000,9999.000,9999.000,9999.000
202603190242,   2.510,   2.269,9999.000,9999.000,9999.000,9999.000,9999.000,9999.000,9999.000
202603190248,   2.477,   2.240,9999.000,9999.000,9999.000,9999.000,9999.000,9999.000,9999.000
202603190254,   2.441,   2.210,9999.000,9999.000,9999.000,9999.000,9999.000,9999.000,9999.000
202603190300,   2.403,   2.177,  -0.100,  -0.126,   2.177,  -0.100,   2.177,  -0.100,   2.177
202603190306,   2.361,   2.138,9999.000,9999.000,9999.000,9999.000,9999.000,9999.000,9999.000
202603190312,   2.317,   2.089,9999.000,9999.000,9999.000,9999.000,9999.000,9999.000,9999.000
202603190318,   2.271,   2.059,9999.000,9999.000,9999.000,9999.000,9999.000,9999.000,9999.000
202603190324,   2.222,   2.010,9999.000,9999.000,9999.000,9999.000,9999.000,9999.000,9999.000
202603190330,   2.170,   1.967,9999.000,9999.000,9999.000,9999.000,9999.000,9999.000,9999.000
202603190336,   2.116,   1.928,9999.000,9999.000,9999.000,9999.000,9999.000,9999.000,9999.000
202603190342,   2.060,   1.879,9999.000,9999.000,9999.000,9999.000,9999.000,9999.000,9999.000
202603190348,   2.001,   1.830,9999.000,9999.000,9999.000,9999.000,9999.000,9999.000,9999.000
202603190354,   1.941,   1.790,9999.000,9999.000,9999.000,9999.000,9999.000,9999.000,9999.000
202603190400,   1.878,   1.738,  -0.100,  -0.040,   1.738,  -0.100,   1.738,  -0.100,   1.738
202603190406,   1.814,   1.669,9999.000,9999.000,9999.000,9999.000,9999.000,9999.000,9999.000
202603190412,   1.748,   1.610,9999.000,9999.000,9999.000,9999.000,9999.000,9999.000,9999.000
202603190418,   1.680,   1.548,9999.000,9999.000,9999.000,9999.000,9999.000,9999.000,9999.000
202603190424,   1.611,   1.489,9999.000,9999.000,9999.000,9999.000,9999.000,9999.000,9999.000
202603190430,   1.541,   1.420,9999.000,9999.000,9999.000,9999.000,9999.000,9999.000,9999.000
202603190436,   1.469,   1.348,9999.000,9999.000,9999.000,9999.000,9999.000,9999.000,9999.000
202603190442,   1.397,   1.279,9999.000,9999.000,9999.000,9999.000,9999.000,9999.000,9999.000
202603190448,   1.324,   1.200,9999.000,9999.000,9999.000,9999.000,9999.000,9999.000,9999.000
202603190454,   1.250,   1.118,9999.000,9999.000,9999.000,9999.000,9999.000,9999.000,9999.000
202603190500,   1.176,   1.049,  -0.100,  -0.027,   1.049,  -0.100,   1.049,  -0.100,   1.049
202603190506,   1.102,   0.980,9999.000,9999.000,9999.000,9999.000,9999.000,9999.000,9999.000
202603190512,   1.028,   0.918,9999.000,9999.000,9999.000,9999.000,9999.000,9999.000,9999.000
202603190518,   0.955,   0.849,9999.000,9999.000,9999.000,9999.000,9999.000,9999.000,9999.000
202603190524,   0.882,   0.780,9999.000,9999.000,9999.000,9999.000,9999.000,9999.000,9999.000
202603190530,   0.809,   0.708,9999.000,9999.000,9999.000,9999.000,9999.000,9999.000,9999.000
202603190536,   0.738,   0.639,9999.000,9999.000,9999.000,9999.000,9999.000,9999.000,9999.000
202603190542,   0.668,   0.570,9999.000,9999.000,9999.000,9999.000,9999.000,9999.000,9999.000
202603190548,   0.599,   0.498,9999.000,9999.000,9999.000,9999.000,9999.000,9999.000,9999.000
202603190554,   0.532,   0.429,9999.000,9999.000,9999.000,9999.000,9999.000,9999.000,9999.000
202603190600,   0.467,   0.370,   0.000,  -0.097,   0.370,  -0.100,   0.270,   0.000,   0.370
202603190606,   0.403,   0.298,9999.000,9999.000,9999.000,9999.000,9999.000,9999.000,9999.000
202603190612,   0.342,   0.229,9999.000,9999.000,9999.000,9999.000,9999.000,9999.000,9999.000
202603190618,   0.283,   0.170,9999.000,9999.000,9999.000,9999.000,9999.000,9999.000,9999.000
202603190624,   0.226,   0.121,9999.000,9999.000,9999.000,9999.000,9999.000,9999.000,9999.000
202603190630,   0.172,   0.059,9999.000,9999.000,9999.000,9999.000,9999.000,9999.000,9999.000
202603190636,   0.120,   0.019,9999.000,9999.000,9999.000,9999.000,9999.000,9999.000,9999.000
202603190642,   0.071,  -0.029,9999.000,9999.000,9999.000,9999.000,9999.000,9999.000,9999.000
202603190648,   0.026,  -0.078,9999.000,9999.000,9999.000,9999.000,9999.000,9999.000,9999.000
202603190654,  -0.016,  -0.121,9999.000,9999.000,9999.000,9999.000,9999.000,9999.000,9999.000
202603190700,  -0.056,  -0.150,   0.000,  -0.094,  -0.150,  -0.100,  -0.250,   0.000,  -0.150
202603190706,  -0.092,  -0.190,9999.000,9999.000,9999.000,9999.000,9999.000,9999.000,9999.000
202603190712,  -0.125,  -0.209,9999.000,9999.000,9999.000,9999.000,9999.000,9999.000,9999.000
202603190718,  -0.155,  -0.239,9999.000,9999.000,9999.000,9999.000,9999.000,9999.000,9999.000
202603190724,  -0.181,  -0.268,9999.000,9999.000,9999.000,9999.000,9999.000,9999.000,9999.000
202603190730,  -0.204,  -0.288,9999.000,9999.000,9999.000,9999.000,9999.000,9999.000,9999.000
202603190736,  -0.223,  -0.308,9999.000,9999.000,9999.000,9999.000,9999.000,9999.000,9999.000
202603190742,  -0.238,  -0.350,9999.000,9999.000,9999.000,9999.000,9999.000,9999.000,9999.000
202603190748,  -0.250,  -0.350,9999.000,9999.000,9999.000,9999.000,9999.000,9999.000,9999.000
202603190754,  -0.257,  -0.360,9999.000,9999.000,9999.000,9999.000,9999.000,9999.000,9999.000
202603190800,  -0.261,  -0.360,   0.000,  -0.099,  -0.360,  -0.100,  -0.460,   0.000,  -0.360
202603190806,  -0.261,  -0.360,9999.000,9999.000,9999.000,9999.000,9999.000,9999.000,9999.000
202603190812,  -0.258,  -0.360,9999.000,9999.000,9999.000,9999.000,9999.000,9999.000,9999.000
202603190818,  -0.250,  -0.350,9999.000,9999.000,9999.000,9999.000,9999.000,9999.000,9999.000
202603190824,  -0.238,  -0.341,9999.000,9999.000,9999.000,9999.000,9999.000,9999.000,9999.000
202603190830,  -0.223,  -0.308,9999.000,9999.000,9999.000,9999.000,9999.000,9999.000,9999.000
202603190836,  -0.203,  -0.341,9999.000,9999.000,9999.000,9999.000,9999.000,9999.000,9999.000
202603190842,  -0.180,  -0.259,9999.000,9999.000,9999.000,9999.000,9999.000,9999.000,9999.000
202603190848,  -0.153,  -0.239,9999.000,9999.000,9999.000,9999.000,9999.000,9999.000,9999.000
202603190854,  -0.123,  -0.200,9999.000,9999.000,9999.000,9999.000,9999.000,9999.000,9999.000
202603190900,  -0.089,  -0.160,   0.000,  -0.071,  -0.160,  -0.100,  -0.260,   0.000,  -0.160
202603190906,  -0.051,  -0.121,9999.000,9999.000,9999.000,9999.000,9999.000,9999.000,9999.000
202603190912,  -0.010,  -0.068,9999.000,9999.000,9999.000,9999.000,9999.000,9999.000,9999.000
202603190918,   0.033,   0.000,9999.000,9999.000,9999.000,9999.000,9999.000,9999.000,9999.000
202603190924,   0.081,   0.059,9999.000,9999.000,9999.000,9999.000,9999.000,9999.000,9999.000
202603190930,   0.131,   0.141,9999.000,9999.000,9999.000,9999.000,9999.000,9999.000,9999.000
202603190936,   0.184,   0.150,9999.000,9999.000,9999.000,9999.000,9999.000,9999.000,9999.000
202603190942,   0.240,   0.288,9999.000,9999.000,9999.000,9999.000,9999.000,9999.000,9999.000
202603190948,   0.298,   0.259,9999.000,9999.000,9999.000,9999.000,9999.000,9999.000,9999.000
202603190954,   0.359,   0.360,9999.000,9999.000,9999.000,9999.000,9999.000,9999.000,9999.000
202603191000,   0.422,   0.439,   0.000,   0.017,   0.439,   0.000,   0.439,   0.000,   0.439
202603191006,   0.486,   0.531,9999.000,9999.000,9999.000,9999.000,9999.000,9999.000,9999.000
202603191012,   0.553,   0.600,9999.000,9999.000,9999.000,9999.000,9999.000,9999.000,9999.000
202603191018,   0.621,   0.639,9999.000,9999.000,9999.000,9999.000,9999.000,9999.000,9999.000
202603191024,   0.690,   0.741,9999.000,9999.000,9999.000,9999.000,9999.000,9999.000,9999.000
202603191030,   0.760,   0.800,9999.000,9999.000,9999.000,9999.000,9999.000,9999.000,9999.000
202603191036,   0.832,   0.888,9999.000,9999.000,9999.000,9999.000,9999.000,9999.000,9999.000
202603191042,   0.904,   0.961,9999.000,9999.000,9999.000,9999.000,9999.000,9999.000,9999.000
202603191048,   0.977,   1.039,9999.000,9999.000,9999.000,9999.000,9999.000,9999.000,9999.000
202603191054,   1.050,   1.108,9999.000,9999.000,9999.000,9999.000,9999.000,9999.000,9999.000
202603191100,   1.123,   1.180,   0.000,   0.057,   1.180,   0.000,   1.180,   0.000,   1.180
202603191106,   1.197,   1.269,9999.000,9999.000,9999.000,9999.000,9999.000,9999.000,9999.000
202603191112,   1.270,   1.318,9999.000,9999.000,9999.000,9999.000,9999.000,9999.000,9999.000
202603191118,   1.343,   1.410,9999.000,9999.000,9999.000,9999.000,9999.000,9999.000,9999.000
202603191124,   1.415,   1.469,9999.000,9999.000,9999.000,9999.000,9999.000,9999.000,9999.000
202603191130,   1.487,   1.548,9999.000,9999.000,9999.000,9999.000,9999.000,9999.000,9999.000
202603191136,   1.558,   1.580,9999.000,9999.000,9999.000,9999.000,9999.000,9999.000,9999.000
202603191142,   1.628,   1.699,9999.000,9999.000,9999.000,9999.000,9999.000,9999.000,9999.000
202603191148,   1.696,   1.758,9999.000,9999.000,9999.000,9999.000,9999.000,9999.000,9999.000
202603191154,   1.763,   1.830,9999.000,9999.000,9999.000,9999.000,9999.000,9999.000,9999.000
202603191200,   1.829,   1.879,   0.000,   0.050,   1.879,   0.000,   1.879,   0.000,   1.879
202603191206,   1.893,   1.938,9999.000,9999.000,9999.000,9999.000,9999.000,9999.000,9999.000
202603191212,   1.955,   1.990,9999.000,9999.000,9999.000,9999.000,9999.000,9999.000,9999.000
202603191218,   2.015,   2.049,9999.000,9999.000,9999.000,9999.000,9999.000,9999.000,9999.000
202603191224,   2.072,   2.109,9999.000,9999.000,9999.000,9999.000,9999.000,9999.000,9999.000
202603191230,   2.127,   2.148,9999.000,9999.000,9999.000,9999.000,9999.000,9999.000,9999.000
202603191236,   2.180,   2.191,9999.000,9999.000,9999.000,9999.000,9999.000,9999.000,9999.000
202603191242,   2.230,   2.240,9999.000,9999.000,9999.000,9999.000,9999.000,9999.000,9999.000
202603191248,   2.277,   2.289,9999.000,9999.000,9999.000,9999.000,9999.000,9999.000,9999.000
202603191254,   2.321,   2.338,9999.000,9999.000,9999.000,9999.000,9999.000,9999.000,9999.000
202603191300,   2.362,   2.387,   0.000,   0.025,   2.387,   0.000,   2.387,   0.000,   2.387
202603191306,   2.400,   2.420,9999.000,9999.000,9999.000,9999.000,9999.000,9999.000,9999.000
202603191312,   2.435,   2.459,9999.000,9999.000,9999.000,9999.000,9999.000,9999.000,9999.000
202603191318,   2.466,   2.499,9999.000,9999.000,9999.000,9999.000,9999.000,9999.000,9999.000
202603191324,   2.494,   2.538,9999.000,9999.000,9999.000,9999.000,9999.000,9999.000,9999.000
202603191330,   2.518,   2.578,9999.000,9999.000,9999.000,9999.000,9999.000,9999.000,9999.000
202603191336,   2.538,   2.630,9999.000,9999.000,9999.000,9999.000,9999.000,9999.000,9999.000
202603191342,   2.555,   2.630,9999.000,9999.000,9999.000,9999.000,9999.000,9999.000,9999.000
202603191348,   2.569,   2.650,9999.000,9999.000,9999.000,9999.000,9999.000,9999.000,9999.000
202603191354,   2.579,   2.679,9999.000,9999.000,9999.000,9999.000,9999.000,9999.000,9999.000
202603191400,   2.585,   2.689,   0.000,   0.104,   2.689,   0.000,   2.689,   0.000,   2.689
202603191406,   2.587,   2.699,9999.000,9999.000,9999.000,9999.000,9999.000,9999.000,9999.000
202603191412,   2.586,   2.689,9999.000,9999.000,9999.000,9999.000,9999.000,9999.000,9999.000
202603191418,   2.581,   2.679,9999.000,9999.000,9999.000,9999.000,9999.000,9999.000,9999.000
202603191424,   2.573,   2.679,9999.000,9999.000,9999.000,9999.000,9999.000,9999.000,9999.000
202603191430,   2.562,   2.689,9999.000,9999.000,9999.000,9999.000,9999.000,9999.000,9999.000
202603191436,   2.547,   2.689,9999.000,9999.000,9999.000,9999.000,9999.000,9999.000,9999.000
202603191442,   2.528,   2.650,9999.000,9999.000,9999.000,9999.000,9999.000,9999.000,9999.000
202603191448,   2.506,   2.640,9999.000,9999.000,9999.000,9999.000,9999.000,9999.000,9999.000
202603191454,   2.481,   2.610,9999.000,9999.000,9999.000,9999.000,9999.000,9999.000,9999.000
202603191500,   2.453,   2.568,   0.000,   0.115,   2.568,   0.000,   2.568,   0.000,   2.568
202603191506,   2.422,   2.558,9999.000,9999.000,9999.000,9999.000,9999.000,9999.000,9999.000
202603191512,   2.388,   2.548,9999.000,9999.000,9999.000,9999.000,9999.000,9999.000,9999.000
202603191518,   2.350,   2.489,9999.000,9999.000,9999.000,9999.000,9999.000,9999.000,9999.000
202603191524,   2.310,   2.459,9999.000,9999.000,9999.000,9999.000,9999.000,9999.000,9999.000
202603191530,   2.267,   2.400,9999.000,9999.000,9999.000,9999.000,9999.000,9999.000,9999.000
202603191536,   2.222,   2.348,9999.000,9999.000,9999.000,9999.000,9999.000,9999.000,9999.000
202603191542,   2.173,   2.318,9999.000,9999.000,9999.000,9999.000,9999.000,9999.000,9999.000
202603191548,   2.122,   2.259,9999.000,9999.000,9999.000,9999.000,9999.000,9999.000,9999.000
202603191554,   2.069,   2.220,9999.000,9999.000,9999.000,9999.000,9999.000,9999.000,9999.000
202603191600,   2.013,   2.148,   0.000,   0.135,   2.148,   0.000,   2.148,   0.000,   2.148
202603191606,   1.955,   2.099,9999.000,9999.000,9999.000,9999.000,9999.000,9999.000,9999.000
202603191612,   1.895,   2.010,9999.000,9999.000,9999.000,9999.000,9999.000,9999.000,9999.000
202603191618,   1.832,   1.967,9999.000,9999.000,9999.000,9999.000,9999.000,9999.000,9999.000
202603191624,   1.768,   1.899,9999.000,9999.000,9999.000,9999.000,9999.000,9999.000,9999.000
202603191630,   1.702,   1.840,9999.000,9999.000,9999.000,9999.000,9999.000,9999.000,9999.000
202603191636,   1.634,   1.767,9999.000,9999.000,9999.000,9999.000,9999.000,9999.000,9999.000
202603191642,   1.565,   1.699,9999.000,9999.000,9999.000,9999.000,9999.000,9999.000,9999.000
202603191648,   1.495,   1.610,9999.000,9999.000,9999.000,9999.000,9999.000,9999.000,9999.000
202603191654,   1.423,   1.538,9999.000,9999.000,9999.000,9999.000,9999.000,9999.000,9999.000
202603191700,   1.350,   1.469,   0.000,   0.119,   1.469,   0.000,   1.469,   0.000,   1.469
202603191706,   1.277,   1.390,9999.000,9999.000,9999.000,9999.000,9999.000,9999.000,9999.000
202603191712,   1.203,   1.308,9999.000,9999.000,9999.000,9999.000,9999.000,9999.000,9999.000
202603191718,   1.129,   1.229,9999.000,9999.000,9999.000,9999.000,9999.000,9999.000,9999.000
202603191724,   1.054,   1.161,9999.000,9999.000,9999.000,9999.000,9999.000,9999.000,9999.000
202603191730,   0.980,   1.069,9999.000,9999.000,9999.000,9999.000,9999.000,9999.000,9999.000
202603191736,   0.906,   0.990,9999.000,9999.000,9999.000,9999.000,9999.000,9999.000,9999.000
202603191742,   0.833,   0.908,9999.000,9999.000,9999.000,9999.000,9999.000,9999.000,9999.000
202603191748,   0.760,   0.839,9999.000,9999.000,9999.000,9999.000,9999.000,9999.000,9999.000
202603191754,   0.689,   0.770,9999.000,9999.000,9999.000,9999.000,9999.000,9999.000,9999.000
202603191800,   0.618,   0.688,   0.100,  -0.030,   0.688,   0.000,   0.588,   0.200,   0.788
202603191806,   0.549,   0.629,9999.000,9999.000,9999.000,9999.000,9999.000,9999.000,9999.000
202603191812,   0.482,   0.570,9999.000,9999.000,9999.000,9999.000,9999.000,9999.000,9999.000
202603191818,   0.417,   0.508,9999.000,9999.000,9999.000,9999.000,9999.000,9999.000,9999.000
202603191824,   0.353,   0.439,9999.000,9999.000,9999.000,9999.000,9999.000,9999.000,9999.000
202603191830,   0.292,   0.370,9999.000,9999.000,9999.000,9999.000,9999.000,9999.000,9999.000
202603191836,   0.234,   0.308,9999.000,9999.000,9999.000,9999.000,9999.000,9999.000,9999.000
202603191842,   0.178,   0.259,9999.000,9999.000,9999.000,9999.000,9999.000,9999.000,9999.000
202603191848,   0.125,   0.200,9999.000,9999.000,9999.000,9999.000,9999.000,9999.000,9999.000
202603191854,   0.074,   0.150,9999.000,9999.000,9999.000,9999.000,9999.000,9999.000,9999.000
202603191900,   0.027,   0.098,   0.100,  -0.029,   0.098,   0.000,  -0.002,   0.200,   0.198
202603191906,  -0.016,   0.039,9999.000,9999.000,9999.000,9999.000,9999.000,9999.000,9999.000
202603191912,  -0.056,   0.000,9999.000,9999.000,9999.000,9999.000,9999.000,9999.000,9999.000
202603191918,  -0.093,  -0.029,9999.000,9999.000,9999.000,9999.000,9999.000,9999.000,9999.000
202603191924,  -0.127,  -0.059,9999.000,9999.000,9999.000,9999.000,9999.000,9999.000,9999.000
202603191930,  -0.157,  -0.088,9999.000,9999.000,9999.000,9999.000,9999.000,9999.000,9999.000
202603191936,  -0.183,  -0.098,9999.000,9999.000,9999.000,9999.000,9999.000,9999.000,9999.000
202603191942,  -0.206,  -0.141,9999.000,9999.000,9999.000,9999.000,9999.000,9999.000,9999.000
202603191948,  -0.224,  -0.150,9999.000,9999.000,9999.000,9999.000,9999.000,9999.000,9999.000
202603191954,  -0.239,  -0.160,9999.000,9999.000,9999.000,9999.000,9999.000,9999.000,9999.000
202603192000,  -0.249,  -0.190,   0.100,  -0.041,  -0.190,   0.100,  -0.190,   0.200,  -0.090
202603192006,  -0.256,  -0.200,9999.000,9999.000,9999.000,9999.000,9999.000,9999.000,9999.000
202603192012,  -0.258,  -0.200,9999.000,9999.000,9999.000,9999.000,9999.000,9999.000,9999.000
202603192018,  -0.257,  -0.209,9999.000,9999.000,9999.000,9999.000,9999.000,9999.000,9999.000
202603192024,  -0.251,  -0.219,9999.000,9999.000,9999.000,9999.000,9999.000,9999.000,9999.000
202603192030,  -0.241,  -0.209,9999.000,9999.000,9999.000,9999.000,9999.000,9999.000,9999.000
202603192036,  -0.227,  -0.200,9999.000,9999.000,9999.000,9999.000,9999.000,9999.000,9999.000
202603192042,  -0.209,  -0.190,9999.000,9999.000,9999.000,9999.000,9999.000,9999.000,9999.000
202603192048,  -0.187,  -0.160,9999.000,9999.000,9999.000,9999.000,9999.000,9999.000,9999.000
202603192054,  -0.160,  -0.131,9999.000,9999.000,9999.000,9999.000,9999.000,9999.000,9999.000
202603192100,  -0.130,  -0.111,   0.100,  -0.081,  -0.111,   0.100,  -0.111,   0.200,  -0.011
202603192106,  -0.097,  -0.068,9999.000,9999.000,9999.000,9999.000,9999.000,9999.000,9999.000
202603192112,  -0.059,  -0.039,9999.000,9999.000,9999.000,9999.000,9999.000,9999.000,9999.000
202603192118,  -0.018,   0.009,9999.000,9999.000,9999.000,9999.000,9999.000,9999.000,9999.000
202603192124,   0.026,   0.049,9999.000,9999.000,9999.000,9999.000,9999.000,9999.000,9999.000
202603192130,   0.074,   0.098,9999.000,9999.000,9999.000,9999.000,9999.000,9999.000,9999.000
202603192136,   0.126,   0.150,9999.000,9999.000,9999.000,9999.000,9999.000,9999.000,9999.000
202603192142,   0.180,   0.200,9999.000,9999.000,9999.000,9999.000,9999.000,9999.000,9999.000
202603192148,   0.238,   0.259,9999.000,9999.000,9999.000,9999.000,9999.000,9999.000,9999.000
202603192154,   0.298,   0.308,9999.000,9999.000,9999.000,9999.000,9999.000,9999.000,9999.000
202603192200,   0.361,   0.380,   0.100,  -0.081,   0.380,   0.100,   0.380,   0.200,   0.480
202603192206,   0.426,   0.469,9999.000,9999.000,9999.000,9999.000,9999.000,9999.000,9999.000
202603192212,   0.493,   0.551,9999.000,9999.000,9999.000,9999.000,9999.000,9999.000,9999.000
202603192218,   0.562,   0.629,9999.000,9999.000,9999.000,9999.000,9999.000,9999.000,9999.000
202603192224,   0.634,   0.718,9999.000,9999.000,9999.000,9999.000,9999.000,9999.000,9999.000
202603192230,   0.706,   0.790,9999.000,9999.000,9999.000,9999.000,9999.000,9999.000,9999.000
202603192236,   0.780,   0.879,9999.000,9999.000,9999.000,9999.000,9999.000,9999.000,9999.000
202603192242,   0.855,   0.961,9999.000,9999.000,9999.000,9999.000,9999.000,9999.000,9999.000
202603192248,   0.931,   1.049,9999.000,9999.000,9999.000,9999.000,9999.000,9999.000,9999.000
202603192254,   1.008,   1.128,9999.000,9999.000,9999.000,9999.000,9999.000,9999.000,9999.000
202603192300,   1.085,   1.210,   0.200,  -0.075,   1.210,   0.100,   1.110,   0.200,   1.210
202603192306,   1.163,   1.289,9999.000,9999.000,9999.000,9999.000,9999.000,9999.000,9999.000
202603192312,   1.241,   1.371,9999.000,9999.000,9999.000,9999.000,9999.000,9999.000,9999.000
202603192318,   1.318,   1.449,9999.000,9999.000,9999.000,9999.000,9999.000,9999.000,9999.000
202603192324,   1.396,   1.528,9999.000,9999.000,9999.000,9999.000,9999.000,9999.000,9999.000
202603192330,   1.473,   1.600,9999.000,9999.000,9999.000,9999.000,9999.000,9999.000,9999.000
202603192336,   1.550,   1.669,9999.000,9999.000,9999.000,9999.000,9999.000,9999.000,9999.000
202603192342,   1.626,   1.738,9999.000,9999.000,9999.000,9999.000,9999.000,9999.000,9999.000
202603192348,   1.700,   1.820,9999.000,9999.000,9999.000,9999.000,9999.000,9999.000,9999.000
202603192354,   1.774,   2.269,9999.000,9999.000,9999.000,9999.000,9999.000,9999.000,9999.000
202603200000,   1.847,   1.958,   0.200,  -0.089,   1.958,   0.200,   1.958,   0.300,   2.058
202603200006,   1.918,   2.010,9999.000,9999.000,9999.000,9999.000,9999.000,9999.000,9999.000
202603200012,   1.987,   2.059,9999.000,9999.000,9999.000,9999.000,9999.000,9999.000,9999.000
202603200018,   2.055,   2.128,9999.000,9999.000,9999.000,9999.000,9999.000,9999.000,9999.000
202603200024,   2.121,   2.210,9999.000,9999.000,9999.000,9999.000,9999.000,9999.000,9999.000
202603200030,   2.185,   2.269,9999.000,9999.000,9999.000,9999.000,9999.000,9999.000,9999.000
202603200036,   2.246,   2.328,9999.000,9999.000,9999.000,9999.000,9999.000,9999.000,9999.000
202603200042,   2.305,   2.400,9999.000,9999.000,9999.000,9999.000,9999.000,9999.000,9999.000
202603200048,   2.362,   2.450,9999.000,9999.000,9999.000,9999.000,9999.000,9999.000,9999.000
202603200054,   2.415,   2.519,9999.000,9999.000,9999.000,9999.000,9999.000,9999.000,9999.000
202603200100,   2.466,   2.568,   0.200,  -0.098,   2.568,   0.200,   2.568,   0.300,   2.668
202603200106,   2.514,   2.620,9999.000,9999.000,9999.000,9999.000,9999.000,9999.000,9999.000
202603200112,   2.559,   2.669,9999.000,9999.000,9999.000,9999.000,9999.000,9999.000,9999.000
202603200118,   2.600,   2.719,9999.000,9999.000,9999.000,9999.000,9999.000,9999.000,9999.000
202603200124,   2.639,   2.768,9999.000,9999.000,9999.000,9999.000,9999.000,9999.000,9999.000
202603200130,   2.673,   2.787,9999.000,9999.000,9999.000,9999.000,9999.000,9999.000,9999.000
202603200136,   2.705,   2.820,9999.000,9999.000,9999.000,9999.000,9999.000,9999.000,9999.000
202603200142,   2.732,   2.840,9999.000,9999.000,9999.000,9999.000,9999.000,9999.000,9999.000
202603200148,   2.756,   2.879,9999.000,9999.000,9999.000,9999.000,9999.000,9999.000,9999.000
202603200154,   2.776,   2.909,9999.000,9999.000,9999.000,9999.000,9999.000,9999.000,9999.000
202603200200,   2.793,   2.929,   0.200,  -0.064,   2.929,   0.200,   2.929,   0.300,   3.029
202603200206,   2.806,   2.889,9999.000,9999.000,9999.000,9999.000,9999.000,9999.000,9999.000
202603200212,   2.815,   2.948,9999.000,9999.000,9999.000,9999.000,9999.000,9999.000,9999.000
202603200218,   2.820,   2.968,9999.000,9999.000,9999.000,9999.000,9999.000,9999.000,9999.000
202603200224,   2.821,   2.978,9999.000,9999.000,9999.000,9999.000,9999.000,9999.000,9999.000
202603200230,   2.819,   2.958,9999.000,9999.000,9999.000,9999.000,9999.000,9999.000,9999.000
202603200236,   2.814,   2.958,9999.000,9999.000,9999.000,9999.000,9999.000,9999.000,9999.000
202603200242,   2.804,   2.958,9999.000,9999.000,9999.000,9999.000,9999.000,9999.000,9999.000
202603200248,   2.791,   2.968,9999.000,9999.000,9999.000,9999.000,9999.000,9999.000,9999.000
202603200254,   2.775,   2.958,9999.000,9999.000,9999.000,9999.000,9999.000,9999.000,9999.000
202603200300,   2.755,   2.919,   0.200,  -0.036,   2.919,   0.200,   2.919,   0.300,   3.019
202603200306,   2.732,   2.899,9999.000,9999.000,9999.000,9999.000,9999.000,9999.000,9999.000
202603200312,   2.705,   2.869,9999.000,9999.000,9999.000,9999.000,9999.000,9999.000,9999.000
202603200318,   2.676,   2.850,9999.000,9999.000,9999.000,9999.000,9999.000,9999.000,9999.000
202603200324,   2.643,   2.797,9999.000,9999.000,9999.000,9999.000,9999.000,9999.000,9999.000
202603200330,   2.608,   2.778,9999.000,9999.000,9999.000,9999.000,9999.000,9999.000,9999.000
202603200336,   2.569,   2.748,9999.000,9999.000,9999.000,9999.000,9999.000,9999.000,9999.000
202603200342,   2.528,   2.719,9999.000,9999.000,9999.000,9999.000,9999.000,9999.000,9999.000
202603200348,   2.483,   2.650,9999.000,9999.000,9999.000,9999.000,9999.000,9999.000,9999.000
202603200354,   2.437,   2.610,9999.000,9999.000,9999.000,9999.000,9999.000,9999.000,9999.000
202603200400,   2.387,   2.578,   0.200,  -0.009,   2.578,   0.200,   2.578,   0.300,   2.678
202603200406,   2.335,   2.528,9999.000,9999.000,9999.000,9999.000,9999.000,9999.000,9999.000
202603200412,   2.281,   2.469,9999.000,9999.000,9999.000,9999.000,9999.000,9999.000,9999.000
202603200418,   2.224,   2.410,9999.000,9999.000,9999.000,9999.000,9999.000,9999.000,9999.000
202603200424,   2.165,   2.358,9999.000,9999.000,9999.000,9999.000,9999.000,9999.000,9999.000
202603200430,   2.104,   2.299,9999.000,9999.000,9999.000,9999.000,9999.000,9999.000,9999.000
202603200436,   2.041,   2.240,9999.000,9999.000,9999.000,9999.000,9999.000,9999.000,9999.000
202603200442,   1.976,   2.177,9999.000,9999.000,9999.000,9999.000,9999.000,9999.000,9999.000
202603200448,   1.909,   2.109,9999.000,9999.000,9999.000,9999.000,9999.000,9999.000,9999.000
202603200454,   1.840,   2.049,9999.000,9999.000,9999.000,9999.000,9999.000,9999.000,9999.000
202603200500,   1.770,   1.981,   0.200,   0.011,   1.981,   0.200,   1.981,   0.300,   2.081
202603200506,   1.698,   1.899,9999.000,9999.000,9999.000,9999.000,9999.000,9999.000,9999.000
202603200512,   1.625,   1.840,9999.000,9999.000,9999.000,9999.000,9999.000,9999.000,9999.000
202603200518,   1.550,   1.758,9999.000,9999.000,9999.000,9999.000,9999.000,9999.000,9999.000
202603200524,   1.475,   1.689,9999.000,9999.000,9999.000,9999.000,9999.000,9999.000,9999.000
202603200530,   1.399,   1.620,9999.000,9999.000,9999.000,9999.000,9999.000,9999.000,9999.000
202603200536,   1.322,   1.538,9999.000,9999.000,9999.000,9999.000,9999.000,9999.000,9999.000
202603200542,   1.245,   1.459,9999.000,9999.000,9999.000,9999.000,9999.000,9999.000,9999.000
202603200548,   1.168,   1.390,9999.000,9999.000,9999.000,9999.000,9999.000,9999.000,9999.000
202603200554,   1.090,   1.298,9999.000,9999.000,9999.000,9999.000,9999.000,9999.000,9999.000
202603200600,   1.013,   1.229,   0.200,   0.016,   1.229,   0.200,   1.229,   0.200,   1.229
202603200606,   0.937,   1.151,9999.000,9999.000,9999.000,9999.000,9999.000,9999.000,9999.000
202603200612,   0.860,   1.079,9999.000,9999.000,9999.000,9999.000,9999.000,9999.000,9999.000
202603200618,   0.785,   1.000,9999.000,9999.000,9999.000,9999.000,9999.000,9999.000,9999.000
202603200624,   0.711,   0.928,9999.000,9999.000,9999.000,9999.000,9999.000,9999.000,9999.000
202603200630,   0.638,   0.859,9999.000,9999.000,9999.000,9999.000,9999.000,9999.000,9999.000
202603200636,   0.567,   0.800,9999.000,9999.000,9999.000,9999.000,9999.000,9999.000,9999.000
202603200642,   0.497,   0.731,9999.000,9999.000,9999.000,9999.000,9999.000,9999.000,9999.000
202603200648,   0.429,   0.678,9999.000,9999.000,9999.000,9999.000,9999.000,9999.000,9999.000
202603200654,   0.364,   0.619,9999.000,9999.000,9999.000,9999.000,9999.000,9999.000,9999.000
202603200700,   0.300,   0.560,   0.200,   0.060,   0.560,   0.200,   0.560,   0.200,   0.560
202603200706,   0.239,   0.508,9999.000,9999.000,9999.000,9999.000,9999.000,9999.000,9999.000
202603200712,   0.181,   0.449,9999.000,9999.000,9999.000,9999.000,9999.000,9999.000,9999.000
202603200718,   0.125,   0.409,9999.000,9999.000,9999.000,9999.000,9999.000,9999.000,9999.000
202603200724,   0.072,   0.360,9999.000,9999.000,9999.000,9999.000,9999.000,9999.000,9999.000
202603200730,   0.023,   0.308,9999.000,9999.000,9999.000,9999.000,9999.000,9999.000,9999.000
202603200736,  -0.023,   0.268,9999.000,9999.000,9999.000,9999.000,9999.000,9999.000,9999.000
202603200742,  -0.066,   0.200,9999.000,9999.000,9999.000,9999.000,9999.000,9999.000,9999.000
202603200748,  -0.105,   0.170,9999.000,9999.000,9999.000,9999.000,9999.000,9999.000,9999.000
202603200754,  -0.142,   0.131,9999.000,9999.000,9999.000,9999.000,9999.000,9999.000,9999.000
202603200800,  -0.174,   0.088,   0.200,   0.062,   0.088,   0.200,   0.088,   0.200,   0.088
202603200806,  -0.203,   0.078,9999.000,9999.000,9999.000,9999.000,9999.000,9999.000,9999.000
202603200812,  -0.228,   0.059,9999.000,9999.000,9999.000,9999.000,9999.000,9999.000,9999.000
202603200818,  -0.249,   0.039,9999.000,9999.000,9999.000,9999.000,9999.000,9999.000,9999.000
202603200824,  -0.267,   0.019,9999.000,9999.000,9999.000,9999.000,9999.000,9999.000,9999.000
202603200830,  -0.280,   0.000,9999.000,9999.000,9999.000,9999.000,9999.000,9999.000,9999.000
202603200836,  -0.289,  -0.009,9999.000,9999.000,9999.000,9999.000,9999.000,9999.000,9999.000
202603200842,  -0.295,  -0.009,9999.000,9999.000,9999.000,9999.000,9999.000,9999.000,9999.000
202603200848,  -0.296,  -0.068,9999.000,9999.000,9999.000,9999.000,9999.000,9999.000,9999.000
202603200854,  -0.293,  -0.039,9999.000,9999.000,9999.000,9999.000,9999.000,9999.000,9999.000
202603200900,  -0.287,  -0.019,   0.200,   0.068,  -0.019,   0.200,  -0.019,   0.200,  -0.019
202603200906,  -0.276,  -0.039,9999.000,9999.000,9999.000,9999.000,9999.000,9999.000,9999.000
202603200912,  -0.261,  -0.009,9999.000,9999.000,9999.000,9999.000,9999.000,9999.000,9999.000
202603200918,  -0.243,   0.009,9999.000,9999.000,9999.000,9999.000,9999.000,9999.000,9999.000
202603200924,  -0.220,   0.029,9999.000,9999.000,9999.000,9999.000,9999.000,9999.000,9999.000
202603200930,  -0.194,   0.029,9999.000,9999.000,9999.000,9999.000,9999.000,9999.000,9999.000
202603200936,  -0.164,   0.078,9999.000,9999.000,9999.000,9999.000,9999.000,9999.000,9999.000
202603200942,  -0.130,   0.111,9999.000,9999.000,9999.000,9999.000,9999.000,9999.000,9999.000
202603200948,  -0.093,   0.150,9999.000,9999.000,9999.000,9999.000,9999.000,9999.000,9999.000
202603200954,  -0.052,   0.180,9999.000,9999.000,9999.000,9999.000,9999.000,9999.000,9999.000
202603201000,  -0.008,   0.219,   0.200,   0.027,   0.219,   0.200,   0.219,   0.200,   0.219
202603201006,   0.038,   0.268,9999.000,9999.000,9999.000,9999.000,9999.000,9999.000,9999.000
202603201012,   0.088,   0.308,9999.000,9999.000,9999.000,9999.000,9999.000,9999.000,9999.000
202603201018,   0.141,   0.360,9999.000,9999.000,9999.000,9999.000,9999.000,9999.000,9999.000
202603201024,   0.196,   0.409,9999.000,9999.000,9999.000,9999.000,9999.000,9999.000,9999.000
202603201030,   0.254,   0.449,9999.000,9999.000,9999.000,9999.000,9999.000,9999.000,9999.000
202603201036,   0.315,   0.498,9999.000,9999.000,9999.000,9999.000,9999.000,9999.000,9999.000
202603201042,   0.377,   0.560,9999.000,9999.000,9999.000,9999.000,9999.000,9999.000,9999.000
202603201048,   0.441,   0.629,9999.000,9999.000,9999.000,9999.000,9999.000,9999.000,9999.000
202603201054,   0.507,   0.698,9999.000,9999.000,9999.000,9999.000,9999.000,9999.000,9999.000
202603201100,   0.575,   0.760,   0.200,  -0.015,   0.760,   0.200,   0.760,   0.200,   0.760
202603201106,   0.644,   0.829,9999.000,9999.000,9999.000,9999.000,9999.000,9999.000,9999.000
202603201112,   0.715,   0.908,9999.000,9999.000,9999.000,9999.000,9999.000,9999.000,9999.000
202603201118,   0.786,   0.961,9999.000,9999.000,9999.000,9999.000,9999.000,9999.000,9999.000
202603201124,   0.858,   1.029,9999.000,9999.000,9999.000,9999.000,9999.000,9999.000,9999.000
202603201130,   0.931,   1.108,9999.000,9999.000,9999.000,9999.000,9999.000,9999.000,9999.000
202603201136,   1.004,   1.180,9999.000,9999.000,9999.000,9999.000,9999.000,9999.000,9999.000
202603201142,   1.077,   1.259,9999.000,9999.000,9999.000,9999.000,9999.000,9999.000,9999.000
202603201148,   1.151,   1.348,9999.000,9999.000,9999.000,9999.000,9999.000,9999.000,9999.000
202603201154,   1.224,   1.420,9999.000,9999.000,9999.000,9999.000,9999.000,9999.000,9999.000
202603201200,   1.298,   1.489,   0.200,  -0.009,   1.489,   0.200,   1.489,   0.200,   1.489
202603201206,   1.371,   1.580,9999.000,9999.000,9999.000,9999.000,9999.000,9999.000,9999.000
202603201212,   1.443,   1.620,9999.000,9999.000,9999.000,9999.000,9999.000,9999.000,9999.000
202603201218,   1.514,   1.840,9999.000,9999.000,9999.000,9999.000,9999.000,9999.000,9999.000
202603201224,   1.585,   1.767,9999.000,9999.000,9999.000,9999.000,9999.000,9999.000,9999.000
202603201230,   1.654,   1.830,9999.000,9999.000,9999.000,9999.000,9999.000,9999.000,9999.000
202603201236,   1.723,   1.889,9999.000,9999.000,9999.000,9999.000,9999.000,9999.000,9999.000
202603201242,   1.789,   1.967,9999.000,9999.000,9999.000,9999.000,9999.000,9999.000,9999.000
202603201248,   1.854,   2.040,9999.000,9999.000,9999.000,9999.000,9999.000,9999.000,9999.000
202603201254,   1.917,   2.089,9999.000,9999.000,9999.000,9999.000,9999.000,9999.000,9999.000
202603201300,   1.979,   2.168,   0.200,  -0.011,   2.168,   0.200,   2.168,   0.200,   2.168
202603201306,   2.038,   2.250,9999.000,9999.000,9999.000,9999.000,9999.000,9999.000,9999.000
202603201312,   2.094,   2.299,9999.000,9999.000,9999.000,9999.000,9999.000,9999.000,9999.000
202603201318,   2.148,   2.358,9999.000,9999.000,9999.000,9999.000,9999.000,9999.000,9999.000
202603201324,   2.200,   2.410,9999.000,9999.000,9999.000,9999.000,9999.000,9999.000,9999.000
202603201330,   2.248,   2.469,9999.000,9999.000,9999.000,9999.000,9999.000,9999.000,9999.000
202603201336,   2.294,   2.509,9999.000,9999.000,9999.000,9999.000,9999.000,9999.000,9999.000
202603201342,   2.336,   2.548,9999.000,9999.000,9999.000,9999.000,9999.000,9999.000,9999.000
202603201348,   2.376,   2.587,9999.000,9999.000,9999.000,9999.000,9999.000,9999.000,9999.000
202603201354,   2.411,   2.620,9999.000,9999.000,9999.000,9999.000,9999.000,9999.000,9999.000
202603201400,   2.444,   2.660,   0.200,   0.016,   2.660,   0.200,   2.660,   0.200,   2.660
202603201406,   2.473,   2.699,9999.000,9999.000,9999.000,9999.000,9999.000,9999.000,9999.000
202603201412,   2.498,   2.719,9999.000,9999.000,9999.000,9999.000,9999.000,9999.000,9999.000
202603201418,   2.519,   2.728,9999.000,9999.000,9999.000,9999.000,9999.000,9999.000,9999.000
202603201424,   2.537,   2.778,9999.000,9999.000,9999.000,9999.000,9999.000,9999.000,9999.000
202603201430,   2.551,   2.787,9999.000,9999.000,9999.000,9999.000,9999.000,9999.000,9999.000
202603201436,   2.561,   2.807,9999.000,9999.000,9999.000,9999.000,9999.000,9999.000,9999.000
202603201442,   2.567,   2.807,9999.000,9999.000,9999.000,9999.000,9999.000,9999.000,9999.000
202603201448,   2.569,   2.807,9999.000,9999.000,9999.000,9999.000,9999.000,9999.000,9999.000
202603201454,   2.568,   2.807,9999.000,9999.000,9999.000,9999.000,9999.000,9999.000,9999.000
202603201500,   2.563,   2.820,   0.200,   0.057,   2.820,   0.100,   2.720,   0.200,   2.820
202603201506,   2.554,   2.797,9999.000,9999.000,9999.000,9999.000,9999.000,9999.000,9999.000
202603201512,   2.542,   2.787,9999.000,9999.000,9999.000,9999.000,9999.000,9999.000,9999.000
202603201518,   2.526,   2.787,9999.000,9999.000,9999.000,9999.000,9999.000,9999.000,9999.000
202603201524,   2.507,   2.758,9999.000,9999.000,9999.000,9999.000,9999.000,9999.000,9999.000
202603201530,   2.484,   2.738,9999.000,9999.000,9999.000,9999.000,9999.000,9999.000,9999.000
202603201536,   2.458,   2.709,9999.000,9999.000,9999.000,9999.000,9999.000,9999.000,9999.000
202603201542,   2.429,   2.689,9999.000,9999.000,9999.000,9999.000,9999.000,9999.000,9999.000
202603201548,   2.397,   2.650,9999.000,9999.000,9999.000,9999.000,9999.000,9999.000,9999.000
202603201554,   2.362,   2.620,9999.000,9999.000,9999.000,9999.000,9999.000,9999.000,9999.000
202603201600,   2.323,   2.578,   0.200,   0.055,   2.578,   0.100,   2.478,   0.200,   2.578
202603201606,   2.282,   2.528,9999.000,9999.000,9999.000,9999.000,9999.000,9999.000,9999.000
202603201612,   2.238,   2.489,9999.000,9999.000,9999.000,9999.000,9999.000,9999.000,9999.000
202603201618,   2.192,   2.459,9999.000,9999.000,9999.000,9999.000,9999.000,9999.000,9999.000
202603201624,   2.143,   2.410,9999.000,9999.000,9999.000,9999.000,9999.000,9999.000,9999.000
202603201630,   2.091,   2.358,9999.000,9999.000,9999.000,9999.000,9999.000,9999.000,9999.000
202603201636,   2.037,   2.309,9999.000,9999.000,9999.000,9999.000,9999.000,9999.000,9999.000
202603201642,   1.981,   2.259,9999.000,9999.000,9999.000,9999.000,9999.000,9999.000,9999.000
202603201648,   1.922,   2.200,9999.000,9999.000,9999.000,9999.000,9999.000,9999.000,9999.000
202603201654,   1.861,   2.128,9999.000,9999.000,9999.000,9999.000,9999.000,9999.000,9999.000
202603201700,   1.798,   2.049,   0.100,   0.151,   2.049,   0.100,   2.049,   0.200,   2.149
202603201706,   1.734,   1.981,9999.000,9999.000,9999.000,9999.000,9999.000,9999.000,9999.000
202603201712,   1.667,   1.908,9999.000,9999.000,9999.000,9999.000,9999.000,9999.000,9999.000
202603201718,   1.599,   1.820,9999.000,9999.000,9999.000,9999.000,9999.000,9999.000,9999.000
202603201724,   1.530,   1.748,9999.000,9999.000,9999.000,9999.000,9999.000,9999.000,9999.000
202603201730,   1.459,   1.669,9999.000,9999.000,9999.000,9999.000,9999.000,9999.000,9999.000
202603201736,   1.387,   1.600,9999.000,9999.000,9999.000,9999.000,9999.000,9999.000,9999.000
202603201742,   1.314,   1.518,9999.000,9999.000,9999.000,9999.000,9999.000,9999.000,9999.000
202603201748,   1.240,   1.439,9999.000,9999.000,9999.000,9999.000,9999.000,9999.000,9999.000
202603201754,   1.166,   1.361,9999.000,9999.000,9999.000,9999.000,9999.000,9999.000,9999.000
202603201800,   1.091,   1.279,   0.200,  -0.012,   1.279,   0.100,   1.179,   0.200,   1.279
202603201806,   1.016,   1.190,9999.000,9999.000,9999.000,9999.000,9999.000,9999.000,9999.000
202603201812,   0.941,   1.128,9999.000,9999.000,9999.000,9999.000,9999.000,9999.000,9999.000
202603201818,   0.866,   1.039,9999.000,9999.000,9999.000,9999.000,9999.000,9999.000,9999.000
202603201824,   0.792,   0.961,9999.000,9999.000,9999.000,9999.000,9999.000,9999.000,9999.000
202603201830,   0.718,   0.888,9999.000,9999.000,9999.000,9999.000,9999.000,9999.000,9999.000
202603201836,   0.645,   0.819,9999.000,9999.000,9999.000,9999.000,9999.000,9999.000,9999.000
202603201842,   0.574,   0.741,9999.000,9999.000,9999.000,9999.000,9999.000,9999.000,9999.000
202603201848,   0.504,   0.669,9999.000,9999.000,9999.000,9999.000,9999.000,9999.000,9999.000
202603201854,   0.435,   0.610,9999.000,9999.000,9999.000,9999.000,9999.000,9999.000,9999.000
202603201900,   0.369,   0.541,   0.200,  -0.028,   0.541,   0.100,   0.441,   0.200,   0.541
202603201906,   0.305,   0.469,9999.000,9999.000,9999.000,9999.000,9999.000,9999.000,9999.000
202603201912,   0.243,   0.419,9999.000,9999.000,9999.000,9999.000,9999.000,9999.000,9999.000
202603201918,   0.183,   0.341,9999.000,9999.000,9999.000,9999.000,9999.000,9999.000,9999.000
202603201924,   0.126,   0.288,9999.000,9999.000,9999.000,9999.000,9999.000,9999.000,9999.000
202603201930,   0.073,   0.229,9999.000,9999.000,9999.000,9999.000,9999.000,9999.000,9999.000
202603201936,   0.022,   0.180,9999.000,9999.000,9999.000,9999.000,9999.000,9999.000,9999.000
202603201942,  -0.025,   0.131,9999.000,9999.000,9999.000,9999.000,9999.000,9999.000,9999.000
202603201948,  -0.069,   0.078,9999.000,9999.000,9999.000,9999.000,9999.000,9999.000,9999.000
202603201954,  -0.109,   0.029,9999.000,9999.000,9999.000,9999.000,9999.000,9999.000,9999.000
202603202000,  -0.146,  -0.009,   0.100,   0.037,  -0.009,   0.100,  -0.009,   0.200,   0.091
202603202006,  -0.179,  -0.059,9999.000,9999.000,9999.000,9999.000,9999.000,9999.000,9999.000
202603202012,  -0.209,  -0.078,9999.000,9999.000,9999.000,9999.000,9999.000,9999.000,9999.000
202603202018,  -0.234,  -0.121,9999.000,9999.000,9999.000,9999.000,9999.000,9999.000,9999.000
202603202024,  -0.255,  -0.150,9999.000,9999.000,9999.000,9999.000,9999.000,9999.000,9999.000
202603202030,  -0.273,  -0.190,9999.000,9999.000,9999.000,9999.000,9999.000,9999.000,9999.000
202603202036,  -0.286,  -0.219,9999.000,9999.000,9999.000,9999.000,9999.000,9999.000,9999.000
202603202042,  -0.295,  -0.239,9999.000,9999.000,9999.000,9999.000,9999.000,9999.000,9999.000
202603202048,  -0.299,  -0.239,9999.000,9999.000,9999.000,9999.000,9999.000,9999.000,9999.000
202603202054,  -0.300,  -0.239,9999.000,9999.000,9999.000,9999.000,9999.000,9999.000,9999.000
202603202100,  -0.296,  -0.239,   0.100,  -0.043,  -0.239,   0.000,  -0.339,   0.200,  -0.139
202603202106,  -0.288,  -0.249,9999.000,9999.000,9999.000,9999.000,9999.000,9999.000,9999.000
202603202112,  -0.276,  -0.239,9999.000,9999.000,9999.000,9999.000,9999.000,9999.000,9999.000
202603202118,  -0.259,  -0.249,9999.000,9999.000,9999.000,9999.000,9999.000,9999.000,9999.000
202603202124,  -0.239,  -0.229,9999.000,9999.000,9999.000,9999.000,9999.000,9999.000,9999.000
202603202130,  -0.214,  -0.209,9999.000,9999.000,9999.000,9999.000,9999.000,9999.000,9999.000
202603202136,  -0.186,  -0.200,9999.000,9999.000,9999.000,9999.000,9999.000,9999.000,9999.000
202603202142,  -0.153,  -0.160,9999.000,9999.000,9999.000,9999.000,9999.000,9999.000,9999.000
202603202148,  -0.117,  -0.121,9999.000,9999.000,9999.000,9999.000,9999.000,9999.000,9999.000
202603202154,  -0.077,  -0.088,9999.000,9999.000,9999.000,9999.000,9999.000,9999.000,9999.000
202603202200,  -0.033,  -0.098,   0.100,  -0.165,  -0.098,   0.000,  -0.198,   0.200,   0.002
202603202206,   0.013,   0.000,9999.000,9999.000,9999.000,9999.000,9999.000,9999.000,9999.000
202603202212,   0.063,   0.039,9999.000,9999.000,9999.000,9999.000,9999.000,9999.000,9999.000
202603202218,   0.117,   0.088,9999.000,9999.000,9999.000,9999.000,9999.000,9999.000,9999.000
202603202224,   0.174,   0.160,9999.000,9999.000,9999.000,9999.000,9999.000,9999.000,9999.000
202603202230,   0.233,   0.209,9999.000,9999.000,9999.000,9999.000,9999.000,9999.000,9999.000
202603202236,   0.296,   0.288,9999.000,9999.000,9999.000,9999.000,9999.000,9999.000,9999.000
202603202242,   0.360,   0.350,9999.000,9999.000,9999.000,9999.000,9999.000,9999.000,9999.000
202603202248,   0.428,   0.419,9999.000,9999.000,9999.000,9999.000,9999.000,9999.000,9999.000
202603202254,   0.497,   0.498,9999.000,9999.000,9999.000,9999.000,9999.000,9999.000,9999.000
202603202300,   0.568,   0.551,   0.100,  -0.117,   0.551,   0.000,   0.451,   0.200,   0.651
202603202306,   0.641,   0.639,9999.000,9999.000,9999.000,9999.000,9999.000,9999.000,9999.000
202603202312,   0.716,   0.731,9999.000,9999.000,9999.000,9999.000,9999.000,9999.000,9999.000
202603202318,   0.791,   0.829,9999.000,9999.000,9999.000,9999.000,9999.000,9999.000,9999.000
202603202324,   0.868,   0.898,9999.000,9999.000,9999.000,9999.000,9999.000,9999.000,9999.000
202603202330,   0.946,   0.918,9999.000,9999.000,9999.000,9999.000,9999.000,9999.000,9999.000
202603202336,   1.025,   1.049,9999.000,9999.000,9999.000,9999.000,9999.000,9999.000,9999.000
202603202342,   1.104,   1.151,9999.000,9999.000,9999.000,9999.000,9999.000,9999.000,9999.000
202603202348,   1.184,   1.239,9999.000,9999.000,9999.000,9999.000,9999.000,9999.000,9999.000
202603202354,   1.264,   1.308,9999.000,9999.000,9999.000,9999.000,9999.000,9999.000,9999.000
202603210000,   1.344,   1.390,   0.100,  -0.054,   1.390,   0.100,   1.390,   0.200,   1.490
202603210006,   1.424,   1.469,9999.000,9999.000,9999.000,9999.000,9999.000,9999.000,9999.000
202603210012,   1.503,   1.548,9999.000,9999.000,9999.000,9999.000,9999.000,9999.000,9999.000
202603210018,   1.582,   1.630,9999.000,9999.000,9999.000,9999.000,9999.000,9999.000,9999.000
202603210024,   1.660,   1.708,9999.000,9999.000,9999.000,9999.000,9999.000,9999.000,9999.000
202603210030,   1.737,   1.781,9999.000,9999.000,9999.000,9999.000,9999.000,9999.000,9999.000
202603210036,   1.813,   1.869,9999.000,9999.000,9999.000,9999.000,9999.000,9999.000,9999.000
202603210042,   1.888,   1.938,9999.000,9999.000,9999.000,9999.000,9999.000,9999.000,9999.000
202603210048,   1.962,   2.000,9999.000,9999.000,9999.000,9999.000,9999.000,9999.000,9999.000
202603210054,   2.034,   2.089,9999.000,9999.000,9999.000,9999.000,9999.000,9999.000,9999.000
202603210100,   2.104,   2.148,   0.100,  -0.056,   2.148,   0.000,   2.048,   0.200,   2.248
202603210106,   2.172,   2.220,9999.000,9999.000,9999.000,9999.000,9999.000,9999.000,9999.000
202603210112,   2.238,   2.289,9999.000,9999.000,9999.000,9999.000,9999.000,9999.000,9999.000
202603210118,   2.302,   2.368,9999.000,9999.000,9999.000,9999.000,9999.000,9999.000,9999.000
202603210124,   2.364,   2.420,9999.000,9999.000,9999.000,9999.000,9999.000,9999.000,9999.000
202603210130,   2.423,   2.479,9999.000,9999.000,9999.000,9999.000,9999.000,9999.000,9999.000
202603210136,   2.479,   2.548,9999.000,9999.000,9999.000,9999.000,9999.000,9999.000,9999.000
202603210142,   2.532,   2.597,9999.000,9999.000,9999.000,9999.000,9999.000,9999.000,9999.000
202603210148,   2.582,   2.660,9999.000,9999.000,9999.000,9999.000,9999.000,9999.000,9999.000
202603210154,   2.629,   2.709,9999.000,9999.000,9999.000,9999.000,9999.000,9999.000,9999.000
202603210200,   2.673,   2.768,   0.100,  -0.005,   2.768,   0.000,   2.668,   0.100,   2.768
202603210206,   2.713,   2.807,9999.000,9999.000,9999.000,9999.000,9999.000,9999.000,9999.000
202603210212,   2.750,   2.860,9999.000,9999.000,9999.000,9999.000,9999.000,9999.000,9999.000
202603210218,   2.783,   2.889,9999.000,9999.000,9999.000,9999.000,9999.000,9999.000,9999.000
202603210224,   2.812,   2.929,9999.000,9999.000,9999.000,9999.000,9999.000,9999.000,9999.000
202603210230,   2.837,   2.958,9999.000,9999.000,9999.000,9999.000,9999.000,9999.000,9999.000
202603210236,   2.859,   2.978,9999.000,9999.000,9999.000,9999.000,9999.000,9999.000,9999.000
202603210242,   2.877,   2.997,9999.000,9999.000,9999.000,9999.000,9999.000,9999.000,9999.000
202603210248,   2.891,   3.017,9999.000,9999.000,9999.000,9999.000,9999.000,9999.000,9999.000
202603210254,   2.900,   3.040,9999.000,9999.000,9999.000,9999.000,9999.000,9999.000,9999.000
202603210300,   2.906,   3.050,   0.100,   0.044,   3.050,   0.000,   2.950,   0.100,   3.050
202603210306,   2.909,   3.040,9999.000,9999.000,9999.000,9999.000,9999.000,9999.000,9999.000
202603210312,   2.907,   3.050,9999.000,9999.000,9999.000,9999.000,9999.000,9999.000,9999.000
202603210318,   2.901,   3.030,9999.000,9999.000,9999.000,9999.000,9999.000,9999.000,9999.000
202603210324,   2.892,   3.017,9999.000,9999.000,9999.000,9999.000,9999.000,9999.000,9999.000
202603210330,   2.880,   3.007,9999.000,9999.000,9999.000,9999.000,9999.000,9999.000,9999.000
202603210336,   2.863,   2.997,9999.000,9999.000,9999.000,9999.000,9999.000,9999.000,9999.000
202603210342,   2.843,   2.978,9999.000,9999.000,9999.000,9999.000,9999.000,9999.000,9999.000
202603210348,   2.820,   2.958,9999.000,9999.000,9999.000,9999.000,9999.000,9999.000,9999.000
202603210354,   2.794,   2.938,9999.000,9999.000,9999.000,9999.000,9999.000,9999.000,9999.000
202603210400,   2.764,   2.909,   0.000,   0.145,   2.909,   0.000,   2.909,   0.100,   3.009
202603210406,   2.731,   2.869,9999.000,9999.000,9999.000,9999.000,9999.000,9999.000,9999.000
202603210412,   2.695,   2.840,9999.000,9999.000,9999.000,9999.000,9999.000,9999.000,9999.000
202603210418,   2.656,   2.797,9999.000,9999.000,9999.000,9999.000,9999.000,9999.000,9999.000
202603210424,   2.615,   2.748,9999.000,9999.000,9999.000,9999.000,9999.000,9999.000,9999.000
202603210430,   2.571,   2.709,9999.000,9999.000,9999.000,9999.000,9999.000,9999.000,9999.000
202603210436,   2.524,   2.640,9999.000,9999.000,9999.000,9999.000,9999.000,9999.000,9999.000
202603210442,   2.474,   2.620,9999.000,9999.000,9999.000,9999.000,9999.000,9999.000,9999.000
202603210448,   2.422,   2.558,9999.000,9999.000,9999.000,9999.000,9999.000,9999.000,9999.000
202603210454,   2.368,   2.509,9999.000,9999.000,9999.000,9999.000,9999.000,9999.000,9999.000
202603210500,   2.312,   2.450,   0.000,   0.138,   2.450,  -0.100,   2.350,   0.100,   2.550
202603210506,   2.253,   2.387,9999.000,9999.000,9999.000,9999.000,9999.000,9999.000,9999.000
202603210512,   2.192,   2.328,9999.000,9999.000,9999.000,9999.000,9999.000,9999.000,9999.000
202603210518,   2.129,   2.259,9999.000,9999.000,9999.000,9999.000,9999.000,9999.000,9999.000
202603210524,   2.064,   2.177,9999.000,9999.000,9999.000,9999.000,9999.000,9999.000,9999.000
202603210530,   1.997,   2.109,9999.000,9999.000,9999.000,9999.000,9999.000,9999.000,9999.000
202603210536,   1.928,   2.030,9999.000,9999.000,9999.000,9999.000,9999.000,9999.000,9999.000
202603210542,   1.858,   1.958,9999.000,9999.000,9999.000,9999.000,9999.000,9999.000,9999.000
202603210548,   1.786,   1.879,9999.000,9999.000,9999.000,9999.000,9999.000,9999.000,9999.000
202603210554,   1.713,   1.800,9999.000,9999.000,9999.000,9999.000,9999.000,9999.000,9999.000
202603210600,   1.639,   1.718,   0.000,   0.079,   1.718,  -0.100,   1.618,   0.100,   1.818
202603210606,   1.563,   1.630,9999.000,9999.000,9999.000,9999.000,9999.000,9999.000,9999.000
202603210612,   1.487,   1.548,9999.000,9999.000,9999.000,9999.000,9999.000,9999.000,9999.000
202603210618,   1.410,   1.479,9999.000,9999.000,9999.000,9999.000,9999.000,9999.000,9999.000
202603210624,   1.332,   1.420,9999.000,9999.000,9999.000,9999.000,9999.000,9999.000,9999.000
202603210630,   1.254,   1.361,9999.000,9999.000,9999.000,9999.000,9999.000,9999.000,9999.000
202603210636,   1.176,   1.239,9999.000,9999.000,9999.000,9999.000,9999.000,9999.000,9999.000
202603210642,   1.098,   1.200,9999.000,9999.000,9999.000,9999.000,9999.000,9999.000,9999.000
202603210648,   1.020,   1.108,9999.000,9999.000,9999.000,9999.000,9999.000,9999.000,9999.000
202603210654,   0.943,   1.049,9999.000,9999.000,9999.000,9999.000,9999.000,9999.000,9999.000
202603210700,   0.866,   0.970,   0.000,   0.104,   0.970,  -0.100,   0.870,   0.100,   1.070
202603210706,   0.791,   0.898,9999.000,9999.000,9999.000,9999.000,9999.000,9999.000,9999.000
202603210712,   0.716,   0.849,9999.000,9999.000,9999.000,9999.000,9999.000,9999.000,9999.000
202603210718,   0.643,   0.780,9999.000,9999.000,9999.000,9999.000,9999.000,9999.000,9999.000
202603210724,   0.572,   0.688,9999.000,9999.000,9999.000,9999.000,9999.000,9999.000,9999.000
202603210730,   0.503,   0.649,9999.000,9999.000,9999.000,9999.000,9999.000,9999.000,9999.000
202603210736,   0.435,   0.590,9999.000,9999.000,9999.000,9999.000,9999.000,9999.000,9999.000
202603210742,   0.370,   0.580,9999.000,9999.000,9999.000,9999.000,9999.000,9999.000,9999.000
202603210748,   0.307,   0.518,9999.000,9999.000,9999.000,9999.000,9999.000,9999.000,9999.000
202603210754,   0.247,   0.429,9999.000,9999.000,9999.000,9999.000,9999.000,9999.000,9999.000
202603210800,   0.190,   0.370,   0.000,   0.180,   0.370,  -0.100,   0.270,   0.100,   0.470
202603210806,   0.136,   0.350,9999.000,9999.000,9999.000,9999.000,9999.000,9999.000,9999.000
202603210812,   0.084,   0.308,9999.000,9999.000,9999.000,9999.000,9999.000,9999.000,9999.000
202603210818,   0.036,   0.278,9999.000,9999.000,9999.000,9999.000,9999.000,9999.000,9999.000
202603210824,  -0.008,   0.229,9999.000,9999.000,9999.000,9999.000,9999.000,9999.000,9999.000
202603210830,  -0.049,   0.180,9999.000,9999.000,9999.000,9999.000,9999.000,9999.000,9999.000
202603210836,  -0.087,   0.098,9999.000,9999.000,9999.000,9999.000,9999.000,9999.000,9999.000
202603210842,  -0.121,   0.068,9999.000,9999.000,9999.000,9999.000,9999.000,9999.000,9999.000
202603210848,  -0.151,   0.039,9999.000,9999.000,9999.000,9999.000,9999.000,9999.000,9999.000
202603210854,  -0.178,  -0.029,9999.000,9999.000,9999.000,9999.000,9999.000,9999.000,9999.000
202603210900,  -0.201,  -0.029,   0.000,   0.172,  -0.029,  -0.100,  -0.129,   0.100,   0.071
202603210906,  -0.220,  -0.029,9999.000,9999.000,9999.000,9999.000,9999.000,9999.000,9999.000
202603210912,  -0.235,  -0.049,9999.000,9999.000,9999.000,9999.000,9999.000,9999.000,9999.000
202603210918,  -0.246,  -0.049,9999.000,9999.000,9999.000,9999.000,9999.000,9999.000,9999.000
202603210924,  -0.253,  -0.049,9999.000,9999.000,9999.000,9999.000,9999.000,9999.000,9999.000
202603210930,  -0.257,  -0.039,9999.000,9999.000,9999.000,9999.000,9999.000,9999.000,9999.000
202603210936,  -0.256,  -0.029,9999.000,9999.000,9999.000,9999.000,9999.000,9999.000,9999.000
202603210942,  -0.252,  -0.019,9999.000,9999.000,9999.000,9999.000,9999.000,9999.000,9999.000
202603210948,  -0.244,   0.009,9999.000,9999.000,9999.000,9999.000,9999.000,9999.000,9999.000
202603210954,  -0.232,   0.019,9999.000,9999.000,9999.000,9999.000,9999.000,9999.000,9999.000
202603211000,  -0.216,   0.059,   0.000,   0.275,   0.059,  -0.100,  -0.041,   0.100,   0.159
202603211006,  -0.197,   0.111,9999.000,9999.000,9999.000,9999.000,9999.000,9999.000,9999.000
202603211012,  -0.173,   0.160,9999.000,9999.000,9999.000,9999.000,9999.000,9999.000,9999.000
202603211018,  -0.147,   0.190,9999.000,9999.000,9999.000,9999.000,9999.000,9999.000,9999.000
202603211024,  -0.116,   0.239,9999.000,9999.000,9999.000,9999.000,9999.000,9999.000,9999.000
202603211030,  -0.083,   0.249,9999.000,9999.000,9999.000,9999.000,9999.000,9999.000,9999.000
202603211036,  -0.046,   0.288,9999.000,9999.000,9999.000,9999.000,9999.000,9999.000,9999.000
202603211042,  -0.006,   0.308,9999.000,9999.000,9999.000,9999.000,9999.000,9999.000,9999.000
202603211048,   0.036,   0.341,9999.000,9999.000,9999.000,9999.000,9999.000,9999.000,9999.000
202603211054,   0.082,   0.370,9999.000,9999.000,9999.000,9999.000,9999.000,9999.000,9999.000
202603211100,   0.131,   0.400,   0.000,   0.269,   0.400,   0.000,   0.400,   0.100,   0.500
202603211106,   0.183,   0.400,9999.000,9999.000,9999.000,9999.000,9999.000,9999.000,9999.000
202603211112,   0.237,   0.409,9999.000,9999.000,9999.000,9999.000,9999.000,9999.000,9999.000
202603211118,   0.293,   0.469,9999.000,9999.000,9999.000,9999.000,9999.000,9999.000,9999.000
202603211124,   0.351,   0.518,9999.000,9999.000,9999.000,9999.000,9999.000,9999.000,9999.000
202603211130,   0.412,   0.570,9999.000,9999.000,9999.000,9999.000,9999.000,9999.000,9999.000
202603211136,   0.474,   0.600,9999.000,9999.000,9999.000,9999.000,9999.000,9999.000,9999.000
202603211142,   0.538,   0.669,9999.000,9999.000,9999.000,9999.000,9999.000,9999.000,9999.000
202603211148,   0.604,   0.741,9999.000,9999.000,9999.000,9999.000,9999.000,9999.000,9999.000
202603211154,   0.671,   0.790,9999.000,9999.000,9999.000,9999.000,9999.000,9999.000,9999.000
202603211200,   0.739,   0.859,   0.200,  -0.080,   0.859,   0.100,   0.759,   0.200,   0.859
202603211206,   0.808,   0.908,9999.000,9999.000,9999.000,9999.000,9999.000,9999.000,9999.000
202603211212,   0.878,   0.980,9999.000,9999.000,9999.000,9999.000,9999.000,9999.000,9999.000
202603211218,   0.948,   1.039,9999.000,9999.000,9999.000,9999.000,9999.000,9999.000,9999.000
202603211224,   1.019,   1.088,9999.000,9999.000,9999.000,9999.000,9999.000,9999.000,9999.000
202603211230,   1.090,   1.161,9999.000,9999.000,9999.000,9999.000,9999.000,9999.000,9999.000
202603211236,   1.161,   1.220,9999.000,9999.000,9999.000,9999.000,9999.000,9999.000,9999.000
202603211242,   1.233,   1.308,9999.000,9999.000,9999.000,9999.000,9999.000,9999.000,9999.000
202603211248,   1.304,   1.371,9999.000,9999.000,9999.000,9999.000,9999.000,9999.000,9999.000
202603211254,   1.374,   1.459,9999.000,9999.000,9999.000,9999.000,9999.000,9999.000,9999.000
202603211300,   1.445,   1.548,   0.200,  -0.097,   1.548,   0.100,   1.448,   0.300,   1.648
202603211306,   1.514,   1.639,9999.000,9999.000,9999.000,9999.000,9999.000,9999.000,9999.000
202603211312,   1.582,   1.718,9999.000,9999.000,9999.000,9999.000,9999.000,9999.000,9999.000
202603211318,   1.649,   1.790,9999.000,9999.000,9999.000,9999.000,9999.000,9999.000,9999.000
202603211324,   1.715,   1.889,9999.000,9999.000,9999.000,9999.000,9999.000,9999.000,9999.000
202603211330,   1.780,   1.948,9999.000,9999.000,9999.000,9999.000,9999.000,9999.000,9999.000
202603211336,   1.842,   2.020,9999.000,9999.000,9999.000,9999.000,9999.000,9999.000,9999.000
202603211342,   1.903,   2.079,9999.000,9999.000,9999.000,9999.000,9999.000,9999.000,9999.000
202603211348,   1.962,   2.148,9999.000,9999.000,9999.000,9999.000,9999.000,9999.000,9999.000
202603211354,   2.019,   2.220,9999.000,9999.000,9999.000,9999.000,9999.000,9999.000,9999.000
202603211400,   2.073,   2.279,   0.200,   0.006,   2.279,   0.100,   2.179,   0.300,   2.379
202603211406,   2.124,   2.328,9999.000,9999.000,9999.000,9999.000,9999.000,9999.000,9999.000
202603211412,   2.173,   2.377,9999.000,9999.000,9999.000,9999.000,9999.000,9999.000,9999.000
202603211418,   2.219,   2.430,9999.000,9999.000,9999.000,9999.000,9999.000,9999.000,9999.000
202603211424,   2.262,   2.479,9999.000,9999.000,9999.000,9999.000,9999.000,9999.000,9999.000
202603211430,   2.302,   2.528,9999.000,9999.000,9999.000,9999.000,9999.000,9999.000,9999.000
202603211436,   2.338,   2.587,9999.000,9999.000,9999.000,9999.000,9999.000,9999.000,9999.000
202603211442,   2.371,   2.620,9999.000,9999.000,9999.000,9999.000,9999.000,9999.000,9999.000
202603211448,   2.401,   2.679,9999.000,9999.000,9999.000,9999.000,9999.000,9999.000,9999.000
202603211454,   2.427,   2.709,9999.000,9999.000,9999.000,9999.000,9999.000,9999.000,9999.000
202603211500,   2.449,   2.758,   0.200,   0.109,   2.758,   0.200,   2.758,   0.300,   2.858
202603211506,   2.467,   2.778,9999.000,9999.000,9999.000,9999.000,9999.000,9999.000,9999.000
202603211512,   2.482,   2.797,9999.000,9999.000,9999.000,9999.000,9999.000,9999.000,9999.000
202603211518,   2.493,   2.807,9999.000,9999.000,9999.000,9999.000,9999.000,9999.000,9999.000
202603211524,   2.500,   2.820,9999.000,9999.000,9999.000,9999.000,9999.000,9999.000,9999.000
202603211530,   2.504,   2.807,9999.000,9999.000,9999.000,9999.000,9999.000,9999.000,9999.000
202603211536,   2.503,   2.807,9999.000,9999.000,9999.000,9999.000,9999.000,9999.000,9999.000
202603211542,   2.499,   2.797,9999.000,9999.000,9999.000,9999.000,9999.000,9999.000,9999.000
202603211548,   2.492,   2.787,9999.000,9999.000,9999.000,9999.000,9999.000,9999.000,9999.000
202603211554,   2.481,   2.778,9999.000,9999.000,9999.000,9999.000,9999.000,9999.000,9999.000
202603211600,   2.466,   2.758,   0.300,  -0.008,   2.758,   0.200,   2.658,   0.300,   2.758
202603211606,   2.448,   2.758,9999.000,9999.000,9999.000,9999.000,9999.000,9999.000,9999.000
202603211612,   2.426,   2.738,9999.000,9999.000,9999.000,9999.000,9999.000,9999.000,9999.000
202603211618,   2.402,   2.719,9999.000,9999.000,9999.000,9999.000,9999.000,9999.000,9999.000
202603211624,   2.374,   2.699,9999.000,9999.000,9999.000,9999.000,9999.000,9999.000,9999.000
202603211630,   2.343,   2.669,9999.000,9999.000,9999.000,9999.000,9999.000,9999.000,9999.000
202603211636,   2.309,   2.650,9999.000,9999.000,9999.000,9999.000,9999.000,9999.000,9999.000
202603211642,   2.272,   2.620,9999.000,9999.000,9999.000,9999.000,9999.000,9999.000,9999.000
202603211648,   2.233,   2.587,9999.000,9999.000,9999.000,9999.000,9999.000,9999.000,9999.000
202603211654,   2.191,   2.538,9999.000,9999.000,9999.000,9999.000,9999.000,9999.000,9999.000
202603211700,   2.146,   2.479,   0.300,   0.033,   2.479,   0.200,   2.379,   0.400,   2.579
202603211706,   2.098,   2.430,9999.000,9999.000,9999.000,9999.000,9999.000,9999.000,9999.000
202603211712,   2.049,   2.368,9999.000,9999.000,9999.000,9999.000,9999.000,9999.000,9999.000
202603211718,   1.996,   2.299,9999.000,9999.000,9999.000,9999.000,9999.000,9999.000,9999.000
202603211724,   1.942,   2.220,9999.000,9999.000,9999.000,9999.000,9999.000,9999.000,9999.000
202603211730,   1.885,   2.148,9999.000,9999.000,9999.000,9999.000,9999.000,9999.000,9999.000
202603211736,   1.827,   2.049,9999.000,9999.000,9999.000,9999.000,9999.000,9999.000,9999.000
202603211742,   1.766,   2.000,9999.000,9999.000,9999.000,9999.000,9999.000,9999.000,9999.000
202603211748,   1.703,   1.958,9999.000,9999.000,9999.000,9999.000,9999.000,9999.000,9999.000
202603211754,   1.639,   1.899,9999.000,9999.000,9999.000,9999.000,9999.000,9999.000,9999.000
202603211800,   1.573,   1.899,   0.300,   0.026,   1.899,   0.300,   1.899,   0.400,   1.999
202603211806,   1.506,9999.000,9999.000,9999.000,9999.000,9999.000,9999.000,9999.000,9999.000
202603211812,   1.437,9999.000,9999.000,9999.000,9999.000,9999.000,9999.000,9999.000,9999.000
202603211818,   1.367,9999.000,9999.000,9999.000,9999.000,9999.000,9999.000,9999.000,9999.000
202603211824,   1.295,9999.000,9999.000,9999.000,9999.000,9999.000,9999.000,9999.000,9999.000
202603211830,   1.223,9999.000,9999.000,9999.000,9999.000,9999.000,9999.000,9999.000,9999.000
202603211836,   1.151,9999.000,9999.000,9999.000,9999.000,9999.000,9999.000,9999.000,9999.000
202603211842,   1.077,9999.000,9999.000,9999.000,9999.000,9999.000,9999.000,9999.000,9999.000
202603211848,   1.004,9999.000,9999.000,9999.000,9999.000,9999.000,9999.000,9999.000,9999.000
202603211854,   0.930,9999.000,9999.000,9999.000,9999.000,9999.000,9999.000,9999.000,9999.000
202603211900,   0.857,9999.000,   0.400,   0.032,   1.289,   0.300,   1.189,   0.500,   1.389
202603211906,   0.784,9999.000,9999.000,9999.000,9999.000,9999.000,9999.000,9999.000,9999.000
202603211912,   0.712,9999.000,9999.000,9999.000,9999.000,9999.000,9999.000,9999.000,9999.000
202603211918,   0.640,9999.000,9999.000,9999.000,9999.000,9999.000,9999.000,9999.000,9999.000
202603211924,   0.570,9999.000,9999.000,9999.000,9999.000,9999.000,9999.000,9999.000,9999.000
202603211930,   0.501,9999.000,9999.000,9999.000,9999.000,9999.000,9999.000,9999.000,9999.000
202603211936,   0.434,9999.000,9999.000,9999.000,9999.000,9999.000,9999.000,9999.000,9999.000
202603211942,   0.369,9999.000,9999.000,9999.000,9999.000,9999.000,9999.000,9999.000,9999.000
202603211948,   0.305,9999.000,9999.000,9999.000,9999.000,9999.000,9999.000,9999.000,9999.000
202603211954,   0.245,9999.000,9999.000,9999.000,9999.000,9999.000,9999.000,9999.000,9999.000
202603212000,   0.186,9999.000,   0.400,   0.037,   0.623,   0.400,   0.623,   0.500,   0.723
202603212006,   0.130,9999.000,9999.000,9999.000,9999.000,9999.000,9999.000,9999.000,9999.000
202603212012,   0.078,9999.000,9999.000,9999.000,9999.000,9999.000,9999.000,9999.000,9999.000
202603212018,   0.028,9999.000,9999.000,9999.000,9999.000,9999.000,9999.000,9999.000,9999.000
202603212024,  -0.017,9999.000,9999.000,9999.000,9999.000,9999.000,9999.000,9999.000,9999.000
202603212030,  -0.060,9999.000,9999.000,9999.000,9999.000,9999.000,9999.000,9999.000,9999.000
202603212036,  -0.100,9999.000,9999.000,9999.000,9999.000,9999.000,9999.000,9999.000,9999.000
202603212042,  -0.136,9999.000,9999.000,9999.000,9999.000,9999.000,9999.000,9999.000,9999.000
202603212048,  -0.168,9999.000,9999.000,9999.000,9999.000,9999.000,9999.000,9999.000,9999.000
202603212054,  -0.196,9999.000,9999.000,9999.000,9999.000,9999.000,9999.000,9999.000,9999.000
202603212100,  -0.220,9999.000,   0.500,   0.043,   0.323,   0.400,   0.223,   0.600,   0.423
202603212106,  -0.241,9999.000,9999.000,9999.000,9999.000,9999.000,9999.000,9999.000,9999.000
202603212112,  -0.257,9999.000,9999.000,9999.000,9999.000,9999.000,9999.000,9999.000,9999.000
202603212118,  -0.269,9999.000,9999.000,9999.000,9999.000,9999.000,9999.000,9999.000,9999.000
202603212124,  -0.278,9999.000,9999.000,9999.000,9999.000,9999.000,9999.000,9999.000,9999.000
202603212130,  -0.282,9999.000,9999.000,9999.000,9999.000,9999.000,9999.000,9999.000,9999.000
202603212136,  -0.282,9999.000,9999.000,9999.000,9999.000,9999.000,9999.000,9999.000,9999.000
202603212142,  -0.278,9999.000,9999.000,9999.000,9999.000,9999.000,9999.000,9999.000,9999.000
202603212148,  -0.270,9999.000,9999.000,9999.000,9999.000,9999.000,9999.000,9999.000,9999.000
202603212154,  -0.258,9999.000,9999.000,9999.000,9999.000,9999.000,9999.000,9999.000,9999.000
202603212200,  -0.242,9999.000,   0.500,   0.049,   0.307,   0.400,   0.207,   0.600,   0.407
202603212206,  -0.222,9999.000,9999.000,9999.000,9999.000,9999.000,9999.000,9999.000,9999.000
202603212212,  -0.198,9999.000,9999.000,9999.000,9999.000,9999.000,9999.000,9999.000,9999.000
202603212218,  -0.170,9999.000,9999.000,9999.000,9999.000,9999.000,9999.000,9999.000,9999.000
202603212224,  -0.139,9999.000,9999.000,9999.000,9999.000,9999.000,9999.000,9999.000,9999.000
202603212230,  -0.104,9999.000,9999.000,9999.000,9999.000,9999.000,9999.000,9999.000,9999.000
202603212236,  -0.065,9999.000,9999.000,9999.000,9999.000,9999.000,9999.000,9999.000,9999.000
202603212242,  -0.023,9999.000,9999.000,9999.000,9999.000,9999.000,9999.000,9999.000,9999.000
202603212248,   0.021,9999.000,9999.000,9999.000,9999.000,9999.000,9999.000,9999.000,9999.000
202603212254,   0.069,9999.000,9999.000,9999.000,9999.000,9999.000,9999.000,9999.000,9999.000
202603212300,   0.121,9999.000,   0.500,   0.055,   0.676,   0.500,   0.676,   0.600,   0.776
202603212306,   0.176,9999.000,9999.000,9999.000,9999.000,9999.000,9999.000,9999.000,9999.000
202603212312,   0.233,9999.000,9999.000,9999.000,9999.000,9999.000,9999.000,9999.000,9999.000
202603212318,   0.293,9999.000,9999.000,9999.000,9999.000,9999.000,9999.000,9999.000,9999.000
202603212324,   0.356,9999.000,9999.000,9999.000,9999.000,9999.000,9999.000,9999.000,9999.000
202603212330,   0.421,9999.000,9999.000,9999.000,9999.000,9999.000,9999.000,9999.000,9999.000
202603212336,   0.488,9999.000,9999.000,9999.000,9999.000,9999.000,9999.000,9999.000,9999.000
202603212342,   0.558,9999.000,9999.000,9999.000,9999.000,9999.000,9999.000,9999.000,9999.000
202603212348,   0.629,9999.000,9999.000,9999.000,9999.000,9999.000,9999.000,9999.000,9999.000
202603212354,   0.701,9999.000,9999.000,9999.000,9999.000,9999.000,9999.000,9999.000,9999.000
202603220000,   0.776,9999.000,   0.600,   0.060,   1.436,   0.500,   1.336,   0.600,   1.436
202603220006,   0.851,9999.000,9999.000,9999.000,9999.000,9999.000,9999.000,9999.000,9999.000
202603220012,   0.928,9999.000,9999.000,9999.000,9999.000,9999.000,9999.000,9999.000,9999.000
202603220018,   1.005,9999.000,9999.000,9999.000,9999.000,9999.000,9999.000,9999.000,9999.000
202603220024,   1.083,9999.000,9999.000,9999.000,9999.000,9999.000,9999.000,9999.000,9999.000
202603220030,   1.162,9999.000,9999.000,9999.000,9999.000,9999.000,9999.000,9999.000,9999.000
202603220036,   1.241,9999.000,9999.000,9999.000,9999.000,9999.000,9999.000,9999.000,9999.000
202603220042,   1.321,9999.000,9999.000,9999.000,9999.000,9999.000,9999.000,9999.000,9999.000
202603220048,   1.400,9999.000,9999.000,9999.000,9999.000,9999.000,9999.000,9999.000,9999.000
202603220054,   1.479,9999.000,9999.000,9999.000,9999.000,9999.000,9999.000,9999.000,9999.000
202603220100,   1.558,9999.000,   0.600,   0.066,   2.224,   0.500,   2.124,   0.600,   2.224
202603220106,   1.636,9999.000,9999.000,9999.000,9999.000,9999.000,9999.000,9999.000,9999.000
202603220112,   1.713,9999.000,9999.000,9999.000,9999.000,9999.000,9999.000,9999.000,9999.000
202603220118,   1.790,9999.000,9999.000,9999.000,9999.000,9999.000,9999.000,9999.000,9999.000
202603220124,   1.865,9999.000,9999.000,9999.000,9999.000,9999.000,9999.000,9999.000,9999.000
202603220130,   1.939,9999.000,9999.000,9999.000,9999.000,9999.000,9999.000,9999.000,9999.000
202603220136,   2.011,9999.000,9999.000,9999.000,9999.000,9999.000,9999.000,9999.000,9999.000
202603220142,   2.082,9999.000,9999.000,9999.000,9999.000,9999.000,9999.000,9999.000,9999.000
202603220148,   2.152,9999.000,9999.000,9999.000,9999.000,9999.000,9999.000,9999.000,9999.000
202603220154,   2.219,9999.000,9999.000,9999.000,9999.000,9999.000,9999.000,9999.000,9999.000
202603220200,   2.284,9999.000,   0.600,   0.072,   2.956,   0.500,   2.856,   0.600,   2.956
202603220206,   2.346,9999.000,9999.000,9999.000,9999.000,9999.000,9999.000,9999.000,9999.000
202603220212,   2.406,9999.000,9999.000,9999.000,9999.000,9999.000,9999.000,9999.000,9999.000
202603220218,   2.464,9999.000,9999.000,9999.000,9999.000,9999.000,9999.000,9999.000,9999.000
202603220224,   2.518,9999.000,9999.000,9999.000,9999.000,9999.000,9999.000,9999.000,9999.000
202603220230,   2.570,9999.000,9999.000,9999.000,9999.000,9999.000,9999.000,9999.000,9999.000
202603220236,   2.619,9999.000,9999.000,9999.000,9999.000,9999.000,9999.000,9999.000,9999.000
202603220242,   2.664,9999.000,9999.000,9999.000,9999.000,9999.000,9999.000,9999.000,9999.000
202603220248,   2.706,9999.000,9999.000,9999.000,9999.000,9999.000,9999.000,9999.000,9999.000
202603220254,   2.744,9999.000,9999.000,9999.000,9999.000,9999.000,9999.000,9999.000,9999.000
202603220300,   2.779,9999.000,   0.600,   0.077,   3.456,   0.500,   3.356,   0.600,   3.456
202603220306,   2.810,9999.000,9999.000,9999.000,9999.000,9999.000,9999.000,9999.000,9999.000
202603220312,   2.838,9999.000,9999.000,9999.000,9999.000,9999.000,9999.000,9999.000,9999.000
202603220318,   2.862,9999.000,9999.000,9999.000,9999.000,9999.000,9999.000,9999.000,9999.000
202603220324,   2.882,9999.000,9999.000,9999.000,9999.000,9999.000,9999.000,9999.000,9999.000
202603220330,   2.898,9999.000,9999.000,9999.000,9999.000,9999.000,9999.000,9999.000,9999.000
202603220336,   2.910,9999.000,9999.000,9999.000,9999.000,9999.000,9999.000,9999.000,9999.000
202603220342,   2.918,9999.000,9999.000,9999.000,9999.000,9999.000,9999.000,9999.000,9999.000
202603220348,   2.923,9999.000,9999.000,9999.000,9999.000,9999.000,9999.000,9999.000,9999.000
202603220354,   2.924,9999.000,9999.000,9999.000,9999.000,9999.000,9999.000,9999.000,9999.000
202603220400,   2.921,9999.000,   0.600,   0.083,   3.604,   0.500,   3.504,   0.600,   3.604
202603220406,   2.914,9999.000,9999.000,9999.000,9999.000,9999.000,9999.000,9999.000,9999.000
202603220412,   2.904,9999.000,9999.000,9999.000,9999.000,9999.000,9999.000,9999.000,9999.000
202603220418,   2.890,9999.000,9999.000,9999.000,9999.000,9999.000,9999.000,9999.000,9999.000
202603220424,   2.873,9999.000,9999.000,9999.000,9999.000,9999.000,9999.000,9999.000,9999.000
202603220430,   2.852,9999.000,9999.000,9999.000,9999.000,9999.000,9999.000,9999.000,9999.000
202603220436,   2.829,9999.000,9999.000,9999.000,9999.000,9999.000,9999.000,9999.000,9999.000
202603220442,   2.802,9999.000,9999.000,9999.000,9999.000,9999.000,9999.000,9999.000,9999.000
202603220448,   2.772,9999.000,9999.000,9999.000,9999.000,9999.000,9999.000,9999.000,9999.000
202603220454,   2.739,9999.000,9999.000,9999.000,9999.000,9999.000,9999.000,9999.000,9999.000
202603220500,   2.703,9999.000,   0.600,   0.089,   3.392,   0.500,   3.292,   0.600,   3.392
202603220506,   2.664,9999.000,9999.000,9999.000,9999.000,9999.000,9999.000,9999.000,9999.000
202603220512,   2.623,9999.000,9999.000,9999.000,9999.000,9999.000,9999.000,9999.000,9999.000
202603220518,   2.579,9999.000,9999.000,9999.000,9999.000,9999.000,9999.000,9999.000,9999.000
202603220524,   2.533,9999.000,9999.000,9999.000,9999.000,9999.000,9999.000,9999.000,9999.000
202603220530,   2.484,9999.000,9999.000,9999.000,9999.000,9999.000,9999.000,9999.000,9999.000
202603220536,   2.433,9999.000,9999.000,9999.000,9999.000,9999.000,9999.000,9999.000,9999.000
202603220542,   2.379,9999.000,9999.000,9999.000,9999.000,9999.000,9999.000,9999.000,9999.000
202603220548,   2.324,9999.000,9999.000,9999.000,9999.000,9999.000,9999.000,9999.000,9999.000
202603220554,   2.266,9999.000,9999.000,9999.000,9999.000,9999.000,9999.000,9999.000,9999.000
202603220600,   2.206,9999.000,   0.500,   0.095,   2.801,   0.500,   2.801,   0.600,   2.901
202603220606,   2.144,9999.000,9999.000,9999.000,9999.000,9999.000,9999.000,9999.000,9999.000
202603220612,   2.080,9999.000,9999.000,9999.000,9999.000,9999.000,9999.000,9999.000,9999.000
202603220618,   2.015,9999.000,9999.000,9999.000,9999.000,9999.000,9999.000,9999.000,9999.000
202603220624,   1.948,9999.000,9999.000,9999.000,9999.000,9999.000,9999.000,9999.000,9999.000
202603220630,   1.879,9999.000,9999.000,9999.000,9999.000,9999.000,9999.000,9999.000,9999.000
202603220636,   1.809,9999.000,9999.000,9999.000,9999.000,9999.000,9999.000,9999.000,9999.000
202603220642,   1.737,9999.000,9999.000,9999.000,9999.000,9999.000,9999.000,9999.000,9999.000
202603220648,   1.665,9999.000,9999.000,9999.000,9999.000,9999.000,9999.000,9999.000,9999.000
202603220654,   1.591,9999.000,9999.000,9999.000,9999.000,9999.000,9999.000,9999.000,9999.000
202603220700,   1.517,9999.000,   0.500,   0.095,   2.112,   0.500,   2.112,   0.600,   2.212
202603220706,   1.442,9999.000,9999.000,9999.000,9999.000,9999.000,9999.000,9999.000,9999.000
202603220712,   1.366,9999.000,9999.000,9999.000,9999.000,9999.000,9999.000,9999.000,9999.000
202603220718,   1.291,9999.000,9999.000,9999.000,9999.000,9999.000,9999.000,9999.000,9999.000
202603220724,   1.215,9999.000,9999.000,9999.000,9999.000,9999.000,9999.000,9999.000,9999.000
202603220730,   1.139,9999.000,9999.000,9999.000,9999.000,9999.000,9999.000,9999.000,9999.000
202603220736,   1.064,9999.000,9999.000,9999.000,9999.000,9999.000,9999.000,9999.000,9999.000
202603220742,   0.990,9999.000,9999.000,9999.000,9999.000,9999.000,9999.000,9999.000,9999.000
202603220748,   0.916,9999.000,9999.000,9999.000,9999.000,9999.000,9999.000,9999.000,9999.000
202603220754,   0.844,9999.000,9999.000,9999.000,9999.000,9999.000,9999.000,9999.000,9999.000
202603220800,   0.772,9999.000,   0.500,   0.095,   1.367,   0.500,   1.367,   0.600,   1.467
202603220806,   0.702,9999.000,9999.000,9999.000,9999.000,9999.000,9999.000,9999.000,9999.000
202603220812,   0.634,9999.000,9999.000,9999.000,9999.000,9999.000,9999.000,9999.000,9999.000
202603220818,   0.568,9999.000,9999.000,9999.000,9999.000,9999.000,9999.000,9999.000,9999.000
202603220824,   0.504,9999.000,9999.000,9999.000,9999.000,9999.000,9999.000,9999.000,9999.000
202603220830,   0.442,9999.000,9999.000,9999.000,9999.000,9999.000,9999.000,9999.000,9999.000
202603220836,   0.383,9999.000,9999.000,9999.000,9999.000,9999.000,9999.000,9999.000,9999.000
202603220842,   0.326,9999.000,9999.000,9999.000,9999.000,9999.000,9999.000,9999.000,9999.000
202603220848,   0.272,9999.000,9999.000,9999.000,9999.000,9999.000,9999.000,9999.000,9999.000
202603220854,   0.221,9999.000,9999.000,9999.000,9999.000,9999.000,9999.000,9999.000,9999.000
202603220900,   0.173,9999.000,   0.500,   0.095,   0.768,   0.500,   0.768,   0.600,   0.868
202603220906,   0.128,9999.000,9999.000,9999.000,9999.000,9999.000,9999.000,9999.000,9999.000
202603220912,   0.086,9999.000,9999.000,9999.000,9999.000,9999.000,9999.000,9999.000,9999.000
202603220918,   0.048,9999.000,9999.000,9999.000,9999.000,9999.000,9999.000,9999.000,9999.000
202603220924,   0.012,9999.000,9999.000,9999.000,9999.000,9999.000,9999.000,9999.000,9999.000
202603220930,  -0.018,9999.000,9999.000,9999.000,9999.000,9999.000,9999.000,9999.000,9999.000
202603220936,  -0.047,9999.000,9999.000,9999.000,9999.000,9999.000,9999.000,9999.000,9999.000
202603220942,  -0.072,9999.000,9999.000,9999.000,9999.000,9999.000,9999.000,9999.000,9999.000
202603220948,  -0.093,9999.000,9999.000,9999.000,9999.000,9999.000,9999.000,9999.000,9999.000
202603220954,  -0.111,9999.000,9999.000,9999.000,9999.000,9999.000,9999.000,9999.000,9999.000
202603221000,  -0.126,9999.000,   0.600,   0.095,   0.569,   0.500,   0.469,   0.600,   0.569
202603221006,  -0.137,9999.000,9999.000,9999.000,9999.000,9999.000,9999.000,9999.000,9999.000
202603221012,  -0.144,9999.000,9999.000,9999.000,9999.000,9999.000,9999.000,9999.000,9999.000
202603221018,  -0.148,9999.000,9999.000,9999.000,9999.000,9999.000,9999.000,9999.000,9999.000
202603221024,  -0.148,9999.000,9999.000,9999.000,9999.000,9999.000,9999.000,9999.000,9999.000
202603221030,  -0.145,9999.000,9999.000,9999.000,9999.000,9999.000,9999.000,9999.000,9999.000
202603221036,  -0.138,9999.000,9999.000,9999.000,9999.000,9999.000,9999.000,9999.000,9999.000
202603221042,  -0.128,9999.000,9999.000,9999.000,9999.000,9999.000,9999.000,9999.000,9999.000
202603221048,  -0.114,9999.000,9999.000,9999.000,9999.000,9999.000,9999.000,9999.000,9999.000
202603221054,  -0.098,9999.000,9999.000,9999.000,9999.000,9999.000,9999.000,9999.000,9999.000
202603221100,  -0.077,9999.000,   0.600,   0.095,   0.618,   0.500,   0.518,   0.600,   0.618
202603221106,  -0.054,9999.000,9999.000,9999.000,9999.000,9999.000,9999.000,9999.000,9999.000
202603221112,  -0.027,9999.000,9999.000,9999.000,9999.000,9999.000,9999.000,9999.000,9999.000
202603221118,   0.002,9999.000,9999.000,9999.000,9999.000,9999.000,9999.000,9999.000,9999.000
202603221124,   0.035,9999.000,9999.000,9999.000,9999.000,9999.000,9999.000,9999.000,9999.000
202603221130,   0.071,9999.000,9999.000,9999.000,9999.000,9999.000,9999.000,9999.000,9999.000
202603221136,   0.109,9999.000,9999.000,9999.000,9999.000,9999.000,9999.000,9999.000,9999.000
202603221142,   0.151,9999.000,9999.000,9999.000,9999.000,9999.000,9999.000,9999.000,9999.000
202603221148,   0.195,9999.000,9999.000,9999.000,9999.000,9999.000,9999.000,9999.000,9999.000
202603221154,   0.242,9999.000,9999.000,9999.000,9999.000,9999.000,9999.000,9999.000,9999.000
202603221200,   0.291,9999.000,   0.600,   0.095,   0.986,   0.500,   0.886,   0.600,   0.986
202603221206,   0.342,9999.000,9999.000,9999.000,9999.000,9999.000,9999.000,9999.000,9999.000
202603221212,   0.396,9999.000,9999.000,9999.000,9999.000,9999.000,9999.000,9999.000,9999.000
202603221218,   0.452,9999.000,9999.000,9999.000,9999.000,9999.000,9999.000,9999.000,9999.000
202603221224,   0.509,9999.000,9999.000,9999.000,9999.000,9999.000,9999.000,9999.000,9999.000
202603221230,   0.568,9999.000,9999.000,9999.000,9999.000,9999.000,9999.000,9999.000,9999.000
202603221236,   0.629,9999.000,9999.000,9999.000,9999.000,9999.000,9999.000,9999.000,9999.000
202603221242,   0.691,9999.000,9999.000,9999.000,9999.000,9999.000,9999.000,9999.000,9999.000
202603221248,   0.754,9999.000,9999.000,9999.000,9999.000,9999.000,9999.000,9999.000,9999.000
202603221254,   0.819,9999.000,9999.000,9999.000,9999.000,9999.000,9999.000,9999.000,9999.000
202603221300,   0.884,9999.000,   0.500,   0.095,   1.479,   0.500,   1.479,   0.600,   1.579
202603221306,   0.950,9999.000,9999.000,9999.000,9999.000,9999.000,9999.000,9999.000,9999.000
202603221312,   1.016,9999.000,9999.000,9999.000,9999.000,9999.000,9999.000,9999.000,9999.000
202603221318,   1.083,9999.000,9999.000,9999.000,9999.000,9999.000,9999.000,9999.000,9999.000
202603221324,   1.150,9999.000,9999.000,9999.000,9999.000,9999.000,9999.000,9999.000,9999.000
202603221330,   1.217,9999.000,9999.000,9999.000,9999.000,9999.000,9999.000,9999.000,9999.000
202603221336,   1.284,9999.000,9999.000,9999.000,9999.000,9999.000,9999.000,9999.000,9999.000
202603221342,   1.350,9999.000,9999.000,9999.000,9999.000,9999.000,9999.000,9999.000,9999.000
202603221348,   1.416,9999.000,9999.000,9999.000,9999.000,9999.000,9999.000,9999.000,9999.000
202603221354,   1.481,9999.000,9999.000,9999.000,9999.000,9999.000,9999.000,9999.000,9999.000
202603221400,   1.545,9999.000,   0.500,   0.095,   2.140,   0.500,   2.140,   0.600,   2.240
202603221406,   1.608,9999.000,9999.000,9999.000,9999.000,9999.000,9999.000,9999.000,9999.000
202603221412,   1.670,9999.000,9999.000,9999.000,9999.000,9999.000,9999.000,9999.000,9999.000
202603221418,   1.731,9999.000,9999.000,9999.000,9999.000,9999.000,9999.000,9999.000,9999.000
202603221424,   1.790,9999.000,9999.000,9999.000,9999.000,9999.000,9999.000,9999.000,9999.000
202603221430,   1.847,9999.000,9999.000,9999.000,9999.000,9999.000,9999.000,9999.000,9999.000
202603221436,   1.902,9999.000,9999.000,9999.000,9999.000,9999.000,9999.000,9999.000,9999.000
202603221442,   1.955,9999.000,9999.000,9999.000,9999.000,9999.000,9999.000,9999.000,9999.000
202603221448,   2.006,9999.000,9999.000,9999.000,9999.000,9999.000,9999.000,9999.000,9999.000
202603221454,   2.054,9999.000,9999.000,9999.000,9999.000,9999.000,9999.000,9999.000,9999.000
202603221500,   2.100,9999.000,   0.500,   0.095,   2.695,   0.400,   2.595,   0.600,   2.795
202603221506,   2.142,9999.000,9999.000,9999.000,9999.000,9999.000,9999.000,9999.000,9999.000
202603221512,   2.182,9999.000,9999.000,9999.000,9999.000,9999.000,9999.000,9999.000,9999.000
202603221518,   2.219,9999.000,9999.000,9999.000,9999.000,9999.000,9999.000,9999.000,9999.000
202603221524,   2.253,9999.000,9999.000,9999.000,9999.000,9999.000,9999.000,9999.000,9999.000
202603221530,   2.283,9999.000,9999.000,9999.000,9999.000,9999.000,9999.000,9999.000,9999.000
202603221536,   2.310,9999.000,9999.000,9999.000,9999.000,9999.000,9999.000,9999.000,9999.000
202603221542,   2.334,9999.000,9999.000,9999.000,9999.000,9999.000,9999.000,9999.000,9999.000
202603221548,   2.354,9999.000,9999.000,9999.000,9999.000,9999.000,9999.000,9999.000,9999.000
202603221554,   2.371,9999.000,9999.000,9999.000,9999.000,9999.000,9999.000,9999.000,9999.000
202603221600,   2.384,9999.000,   0.500,   0.095,   2.979,   0.400,   2.879,   0.600,   3.079
202603221606,   2.394,9999.000,9999.000,9999.000,9999.000,9999.000,9999.000,9999.000,9999.000
202603221612,   2.400,9999.000,9999.000,9999.000,9999.000,9999.000,9999.000,9999.000,9999.000
202603221618,   2.402,9999.000,9999.000,9999.000,9999.000,9999.000,9999.000,9999.000,9999.000
202603221624,   2.401,9999.000,9999.000,9999.000,9999.000,9999.000,9999.000,9999.000,9999.000
202603221630,   2.397,9999.000,9999.000,9999.000,9999.000,9999.000,9999.000,9999.000,9999.000
202603221636,   2.389,9999.000,9999.000,9999.000,9999.000,9999.000,9999.000,9999.000,9999.000
202603221642,   2.378,9999.000,9999.000,9999.000,9999.000,9999.000,9999.000,9999.000,9999.000
202603221648,   2.363,9999.000,9999.000,9999.000,9999.000,9999.000,9999.000,9999.000,9999.000
202603221654,   2.345,9999.000,9999.000,9999.000,9999.000,9999.000,9999.000,9999.000,9999.000
202603221700,   2.324,9999.000,   0.500,   0.095,   2.919,   0.400,   2.819,   0.500,   2.919
202603221706,   2.300,9999.000,9999.000,9999.000,9999.000,9999.000,9999.000,9999.000,9999.000
202603221712,   2.273,9999.000,9999.000,9999.000,9999.000,9999.000,9999.000,9999.000,9999.000
202603221718,   2.243,9999.000,9999.000,9999.000,9999.000,9999.000,9999.000,9999.000,9999.000
202603221724,   2.210,9999.000,9999.000,9999.000,9999.000,9999.000,9999.000,9999.000,9999.000
202603221730,   2.174,9999.000,9999.000,9999.000,9999.000,9999.000,9999.000,9999.000,9999.000
202603221736,   2.136,9999.000,9999.000,9999.000,9999.000,9999.000,9999.000,9999.000,9999.000
202603221742,   2.095,9999.000,9999.000,9999.000,9999.000,9999.000,9999.000,9999.000,9999.000
202603221748,   2.052,9999.000,9999.000,9999.000,9999.000,9999.000,9999.000,9999.000,9999.000
202603221754,   2.006,9999.000,9999.000,9999.000,9999.000,9999.000,9999.000,9999.000,9999.000
202603221800,   1.958,9999.000,   0.500,   0.095,   2.553,   0.400,   2.453,   0.500,   2.553
202603221806,   1.908,9999.000,9999.000,9999.000,9999.000,9999.000,9999.000,9999.000,9999.000
202603221812,   1.856,9999.000,9999.000,9999.000,9999.000,9999.000,9999.000,9999.000,9999.000
202603221818,   1.801,9999.000,9999.000,9999.000,9999.000,9999.000,9999.000,9999.000,9999.000
202603221824,   1.745,9999.000,9999.000,9999.000,9999.000,9999.000,9999.000,9999.000,9999.000
202603221830,   1.687,9999.000,9999.000,9999.000,9999.000,9999.000,9999.000,9999.000,9999.000
202603221836,   1.627,9999.000,9999.000,9999.000,9999.000,9999.000,9999.000,9999.000,9999.000
202603221842,   1.565,9999.000,9999.000,9999.000,9999.000,9999.000,9999.000,9999.000,9999.000
202603221848,   1.502,9999.000,9999.000,9999.000,9999.000,9999.000,9999.000,9999.000,9999.000
202603221854,   1.437,9999.000,9999.000,9999.000,9999.000,9999.000,9999.000,9999.000,9999.000
202603221900,   1.372,9999.000,   0.400,   0.095,   1.867,   0.400,   1.867,   0.500,   1.967
202603221906,   1.305,9999.000,9999.000,9999.000,9999.000,9999.000,9999.000,9999.000,9999.000
202603221912,   1.237,9999.000,9999.000,9999.000,9999.000,9999.000,9999.000,9999.000,9999.000
202603221918,   1.169,9999.000,9999.000,9999.000,9999.000,9999.000,9999.000,9999.000,9999.000
202603221924,   1.100,9999.000,9999.000,9999.000,9999.000,9999.000,9999.000,9999.000,9999.000
202603221930,   1.030,9999.000,9999.000,9999.000,9999.000,9999.000,9999.000,9999.000,9999.000
202603221936,   0.961,9999.000,9999.000,9999.000,9999.000,9999.000,9999.000,9999.000,9999.000
202603221942,   0.892,9999.000,9999.000,9999.000,9999.000,9999.000,9999.000,9999.000,9999.000
202603221948,   0.823,9999.000,9999.000,9999.000,9999.000,9999.000,9999.000,9999.000,9999.000
202603221954,   0.754,9999.000,9999.000,9999.000,9999.000,9999.000,9999.000,9999.000,9999.000
202603222000,   0.687,9999.000,   0.400,   0.095,   1.182,   0.400,   1.182,   0.500,   1.282
202603222006,   0.620,9999.000,9999.000,9999.000,9999.000,9999.000,9999.000,9999.000,9999.000
202603222012,   0.555,9999.000,9999.000,9999.000,9999.000,9999.000,9999.000,9999.000,9999.000
202603222018,   0.491,9999.000,9999.000,9999.000,9999.000,9999.000,9999.000,9999.000,9999.000
202603222024,   0.429,9999.000,9999.000,9999.000,9999.000,9999.000,9999.000,9999.000,9999.000
202603222030,   0.369,9999.000,9999.000,9999.000,9999.000,9999.000,9999.000,9999.000,9999.000
202603222036,   0.311,9999.000,9999.000,9999.000,9999.000,9999.000,9999.000,9999.000,9999.000
202603222042,   0.255,9999.000,9999.000,9999.000,9999.000,9999.000,9999.000,9999.000,9999.000
202603222048,   0.202,9999.000,9999.000,9999.000,9999.000,9999.000,9999.000,9999.000,9999.000
202603222054,   0.151,9999.000,9999.000,9999.000,9999.000,9999.000,9999.000,9999.000,9999.000
202603222100,   0.103,9999.000,   0.400,   0.095,   0.598,   0.400,   0.598,   0.500,   0.698
202603222106,   0.059,9999.000,9999.000,9999.000,9999.000,9999.000,9999.000,9999.000,9999.000
202603222112,   0.017,9999.000,9999.000,9999.000,9999.000,9999.000,9999.000,9999.000,9999.000
202603222118,  -0.020,9999.000,9999.000,9999.000,9999.000,9999.000,9999.000,9999.000,9999.000
202603222124,  -0.055,9999.000,9999.000,9999.000,9999.000,9999.000,9999.000,9999.000,9999.000
202603222130,  -0.087,9999.000,9999.000,9999.000,9999.000,9999.000,9999.000,9999.000,9999.000
202603222136,  -0.115,9999.000,9999.000,9999.000,9999.000,9999.000,9999.000,9999.000,9999.000
202603222142,  -0.140,9999.000,9999.000,9999.000,9999.000,9999.000,9999.000,9999.000,9999.000
202603222148,  -0.161,9999.000,9999.000,9999.000,9999.000,9999.000,9999.000,9999.000,9999.000
202603222154,  -0.178,9999.000,9999.000,9999.000,9999.000,9999.000,9999.000,9999.000,9999.000
202603222200,  -0.192,9999.000,   0.400,   0.095,   0.303,   0.400,   0.303,   0.500,   0.403
202603222206,  -0.202,9999.000,9999.000,9999.000,9999.000,9999.000,9999.000,9999.000,9999.000
202603222212,  -0.208,9999.000,9999.000,9999.000,9999.000,9999.000,9999.000,9999.000,9999.000
202603222218,  -0.211,9999.000,9999.000,9999.000,9999.000,9999.000,9999.000,9999.000,9999.000
202603222224,  -0.209,9999.000,9999.000,9999.000,9999.000,9999.000,9999.000,9999.000,9999.000
202603222230,  -0.205,9999.000,9999.000,9999.000,9999.000,9999.000,9999.000,9999.000,9999.000
202603222236,  -0.196,9999.000,9999.000,9999.000,9999.000,9999.000,9999.000,9999.000,9999.000
202603222242,  -0.184,9999.000,9999.000,9999.000,9999.000,9999.000,9999.000,9999.000,9999.000
202603222248,  -0.168,9999.000,9999.000,9999.000,9999.000,9999.000,9999.000,9999.000,9999.000
202603222254,  -0.149,9999.000,9999.000,9999.000,9999.000,9999.000,9999.000,9999.000,9999.000
202603222300,  -0.126,9999.000,   0.400,   0.095,   0.369,   0.300,   0.269,   0.500,   0.469
202603222306,  -0.100,9999.000,9999.000,9999.000,9999.000,9999.000,9999.000,9999.000,9999.000
202603222312,  -0.071,9999.000,9999.000,9999.000,9999.000,9999.000,9999.000,9999.000,9999.000
202603222318,  -0.038,9999.000,9999.000,9999.000,9999.000,9999.000,9999.000,9999.000,9999.000
202603222324,  -0.001,9999.000,9999.000,9999.000,9999.000,9999.000,9999.000,9999.000,9999.000
202603222330,   0.037,9999.000,9999.000,9999.000,9999.000,9999.000,9999.000,9999.000,9999.000
202603222336,   0.080,9999.000,9999.000,9999.000,9999.000,9999.000,9999.000,9999.000,9999.000
202603222342,   0.126,9999.000,9999.000,9999.000,9999.000,9999.000,9999.000,9999.000,9999.000
202603222348,   0.174,9999.000,9999.000,9999.000,9999.000,9999.000,9999.000,9999.000,9999.000
202603222354,   0.226,9999.000,9999.000,9999.000,9999.000,9999.000,9999.000,9999.000,9999.000
202603230000,   0.280,9999.000,   0.400,   0.095,   0.775,   0.300,   0.675,   0.500,   0.875
202603230006,   0.337,9999.000,9999.000,9999.000,9999.000,9999.000,9999.000,9999.000,9999.000
202603230012,   0.396,9999.000,9999.000,9999.000,9999.000,9999.000,9999.000,9999.000,9999.000
202603230018,   0.457,9999.000,9999.000,9999.000,9999.000,9999.000,9999.000,9999.000,9999.000
202603230024,   0.521,9999.000,9999.000,9999.000,9999.000,9999.000,9999.000,9999.000,9999.000
202603230030,   0.587,9999.000,9999.000,9999.000,9999.000,9999.000,9999.000,9999.000,9999.000
202603230036,   0.654,9999.000,9999.000,9999.000,9999.000,9999.000,9999.000,9999.000,9999.000
202603230042,   0.724,9999.000,9999.000,9999.000,9999.000,9999.000,9999.000,9999.000,9999.000
202603230048,   0.794,9999.000,9999.000,9999.000,9999.000,9999.000,9999.000,9999.000,9999.000
202603230054,   0.866,9999.000,9999.000,9999.000,9999.000,9999.000,9999.000,9999.000,9999.000
202603230100,   0.940,9999.000,   0.400,   0.095,   1.435,   0.300,   1.335,   0.500,   1.535
202603230106,   1.014,9999.000,9999.000,9999.000,9999.000,9999.000,9999.000,9999.000,9999.000
202603230112,   1.089,9999.000,9999.000,9999.000,9999.000,9999.000,9999.000,9999.000,9999.000
202603230118,   1.164,9999.000,9999.000,9999.000,9999.000,9999.000,9999.000,9999.000,9999.000
202603230124,   1.240,9999.000,9999.000,9999.000,9999.000,9999.000,9999.000,9999.000,9999.000
202603230130,   1.316,9999.000,9999.000,9999.000,9999.000,9999.000,9999.000,9999.000,9999.000
202603230136,   1.392,9999.000,9999.000,9999.000,9999.000,9999.000,9999.000,9999.000,9999.000
202603230142,   1.468,9999.000,9999.000,9999.000,9999.000,9999.000,9999.000,9999.000,9999.000
202603230148,   1.544,9999.000,9999.000,9999.000,9999.000,9999.000,9999.000,9999.000,9999.000
202603230154,   1.619,9999.000,9999.000,9999.000,9999.000,9999.000,9999.000,9999.000,9999.000
202603230200,   1.693,9999.000,   0.300,   0.095,   2.088,   0.200,   1.988,   0.400,   2.188
202603230206,   1.767,9999.000,9999.000,9999.000,9999.000,9999.000,9999.000,9999.000,9999.000
202603230212,   1.839,9999.000,9999.000,9999.000,9999.000,9999.000,9999.000,9999.000,9999.000
202603230218,   1.911,9999.000,9999.000,9999.000,9999.000,9999.000,9999.000,9999.000,9999.000
202603230224,   1.980,9999.000,9999.000,9999.000,9999.000,9999.000,9999.000,9999.000,9999.000
202603230230,   2.049,9999.000,9999.000,9999.000,9999.000,9999.000,9999.000,9999.000,9999.000
202603230236,   2.115,9999.000,9999.000,9999.000,9999.000,9999.000,9999.000,9999.000,9999.000
202603230242,   2.180,9999.000,9999.000,9999.000,9999.000,9999.000,9999.000,9999.000,9999.000
202603230248,   2.242,9999.000,9999.000,9999.000,9999.000,9999.000,9999.000,9999.000,9999.000
202603230254,   2.303,9999.000,9999.000,9999.000,9999.000,9999.000,9999.000,9999.000,9999.000
202603230300,   2.361,9999.000,   0.300,   0.095,   2.756,   0.200,   2.656,   0.400,   2.856
202603230306,   2.416,9999.000,9999.000,9999.000,9999.000,9999.000,9999.000,9999.000,9999.000
202603230312,   2.469,9999.000,9999.000,9999.000,9999.000,9999.000,9999.000,9999.000,9999.000
202603230318,   2.519,9999.000,9999.000,9999.000,9999.000,9999.000,9999.000,9999.000,9999.000
202603230324,   2.566,9999.000,9999.000,9999.000,9999.000,9999.000,9999.000,9999.000,9999.000
202603230330,   2.610,9999.000,9999.000,9999.000,9999.000,9999.000,9999.000,9999.000,9999.000
202603230336,   2.651,9999.000,9999.000,9999.000,9999.000,9999.000,9999.000,9999.000,9999.000
202603230342,   2.688,9999.000,9999.000,9999.000,9999.000,9999.000,9999.000,9999.000,9999.000
202603230348,   2.722,9999.000,9999.000,9999.000,9999.000,9999.000,9999.000,9999.000,9999.000
202603230354,   2.753,9999.000,9999.000,9999.000,9999.000,9999.000,9999.000,9999.000,9999.000
202603230400,   2.780,9999.000,   0.300,   0.095,   3.175,   0.100,   2.975,   0.300,   3.175
202603230406,   2.804,9999.000,9999.000,9999.000,9999.000,9999.000,9999.000,9999.000,9999.000
202603230412,   2.824,9999.000,9999.000,9999.000,9999.000,9999.000,9999.000,9999.000,9999.000
202603230418,   2.841,9999.000,9999.000,9999.000,9999.000,9999.000,9999.000,9999.000,9999.000
202603230424,   2.854,9999.000,9999.000,9999.000,9999.000,9999.000,9999.000,9999.000,9999.000
202603230430,   2.863,9999.000,9999.000,9999.000,9999.000,9999.000,9999.000,9999.000,9999.000
202603230436,   2.869,9999.000,9999.000,9999.000,9999.000,9999.000,9999.000,9999.000,9999.000
202603230442,   2.871,9999.000,9999.000,9999.000,9999.000,9999.000,9999.000,9999.000,9999.000
202603230448,   2.869,9999.000,9999.000,9999.000,9999.000,9999.000,9999.000,9999.000,9999.000
202603230454,   2.864,9999.000,9999.000,9999.000,9999.000,9999.000,9999.000,9999.000,9999.000
202603230500,   2.856,9999.000,   0.200,   0.095,   3.151,   0.100,   3.051,   0.300,   3.251
202603230506,   2.844,9999.000,9999.000,9999.000,9999.000,9999.000,9999.000,9999.000,9999.000
202603230512,   2.829,9999.000,9999.000,9999.000,9999.000,9999.000,9999.000,9999.000,9999.000
202603230518,   2.811,9999.000,9999.000,9999.000,9999.000,9999.000,9999.000,9999.000,9999.000
202603230524,   2.790,9999.000,9999.000,9999.000,9999.000,9999.000,9999.000,9999.000,9999.000
202603230530,   2.766,9999.000,9999.000,9999.000,9999.000,9999.000,9999.000,9999.000,9999.000
202603230536,   2.738,9999.000,9999.000,9999.000,9999.000,9999.000,9999.000,9999.000,9999.000
202603230542,   2.708,9999.000,9999.000,9999.000,9999.000,9999.000,9999.000,9999.000,9999.000
202603230548,   2.676,9999.000,9999.000,9999.000,9999.000,9999.000,9999.000,9999.000,9999.000
202603230554,   2.640,9999.000,9999.000,9999.000,9999.000,9999.000,9999.000,9999.000,9999.000
202603230600,   2.602,9999.000,   0.200,   0.095,   2.897,   0.100,   2.797,   0.300,   2.997
202603230606,   2.561,9999.000,9999.000,9999.000,9999.000,9999.000,9999.000,9999.000,9999.000
202603230612,   2.518,9999.000,9999.000,9999.000,9999.000,9999.000,9999.000,9999.000,9999.000
202603230618,   2.473,9999.000,9999.000,9999.000,9999.000,9999.000,9999.000,9999.000,9999.000
202603230624,   2.426,9999.000,9999.000,9999.000,9999.000,9999.000,9999.000,9999.000,9999.000
202603230630,   2.376,9999.000,9999.000,9999.000,9999.000,9999.000,9999.000,9999.000,9999.000
202603230636,   2.324,9999.000,9999.000,9999.000,9999.000,9999.000,9999.000,9999.000,9999.000
202603230642,   2.270,9999.000,9999.000,9999.000,9999.000,9999.000,9999.000,9999.000,9999.000
202603230648,   2.215,9999.000,9999.000,9999.000,9999.000,9999.000,9999.000,9999.000,9999.000
202603230654,   2.157,9999.000,9999.000,9999.000,9999.000,9999.000,9999.000,9999.000,9999.000
202603230700,   2.098,9999.000,   0.100,   0.095,   2.293,   0.000,   2.193,   0.200,   2.393
202603230706,   2.037,9999.000,9999.000,9999.000,9999.000,9999.000,9999.000,9999.000,9999.000
202603230712,   1.975,9999.000,9999.000,9999.000,9999.000,9999.000,9999.000,9999.000,9999.000
202603230718,   1.911,9999.000,9999.000,9999.000,9999.000,9999.000,9999.000,9999.000,9999.000
202603230724,   1.846,9999.000,9999.000,9999.000,9999.000,9999.000,9999.000,9999.000,9999.000
202603230730,   1.780,9999.000,9999.000,9999.000,9999.000,9999.000,9999.000,9999.000,9999.000
202603230736,   1.712,9999.000,9999.000,9999.000,9999.000,9999.000,9999.000,9999.000,9999.000
202603230742,   1.644,9999.000,9999.000,9999.000,9999.000,9999.000,9999.000,9999.000,9999.000
202603230748,   1.576,9999.000,9999.000,9999.000,9999.000,9999.000,9999.000,9999.000,9999.000
202603230754,   1.506,9999.000,9999.000,9999.000,9999.000,9999.000,9999.000,9999.000,9999.000
202603230800,   1.437,9999.000,   0.100,   0.095,   1.632,   0.000,   1.532,   0.200,   1.732
202603230806,   1.367,9999.000,9999.000,9999.000,9999.000,9999.000,9999.000,9999.000,9999.000
202603230812,   1.297,9999.000,9999.000,9999.000,9999.000,9999.000,9999.000,9999.000,9999.000
202603230818,   1.228,9999.000,9999.000,9999.000,9999.000,9999.000,9999.000,9999.000,9999.000
202603230824,   1.159,9999.000,9999.000,9999.000,9999.000,9999.000,9999.000,9999.000,9999.000
202603230830,   1.090,9999.000,9999.000,9999.000,9999.000,9999.000,9999.000,9999.000,9999.000
202603230836,   1.023,9999.000,9999.000,9999.000,9999.000,9999.000,9999.000,9999.000,9999.000
202603230842,   0.956,9999.000,9999.000,9999.000,9999.000,9999.000,9999.000,9999.000,9999.000
202603230848,   0.891,9999.000,9999.000,9999.000,9999.000,9999.000,9999.000,9999.000,9999.000
202603230854,   0.827,9999.000,9999.000,9999.000,9999.000,9999.000,9999.000,9999.000,9999.000
202603230900,   0.764,9999.000,   0.100,   0.095,   0.959,   0.000,   0.859,   0.200,   1.059
202603230906,   0.703,9999.000,9999.000,9999.000,9999.000,9999.000,9999.000,9999.000,9999.000
202603230912,   0.644,9999.000,9999.000,9999.000,9999.000,9999.000,9999.000,9999.000,9999.000
202603230918,   0.587,9999.000,9999.000,9999.000,9999.000,9999.000,9999.000,9999.000,9999.000
202603230924,   0.533,9999.000,9999.000,9999.000,9999.000,9999.000,9999.000,9999.000,9999.000
202603230930,   0.480,9999.000,9999.000,9999.000,9999.000,9999.000,9999.000,9999.000,9999.000
202603230936,   0.430,9999.000,9999.000,9999.000,9999.000,9999.000,9999.000,9999.000,9999.000
202603230942,   0.382,9999.000,9999.000,9999.000,9999.000,9999.000,9999.000,9999.000,9999.000
202603230948,   0.337,9999.000,9999.000,9999.000,9999.000,9999.000,9999.000,9999.000,9999.000
202603230954,   0.295,9999.000,9999.000,9999.000,9999.000,9999.000,9999.000,9999.000,9999.000
202603231000,   0.255,9999.000,   0.100,   0.095,   0.450,   0.000,   0.350,   0.200,   0.550
202603231006,   0.218,9999.000,9999.000,9999.000,9999.000,9999.000,9999.000,9999.000,9999.000
202603231012,   0.184,9999.000,9999.000,9999.000,9999.000,9999.000,9999.000,9999.000,9999.000
202603231018,   0.153,9999.000,9999.000,9999.000,9999.000,9999.000,9999.000,9999.000,9999.000
202603231024,   0.125,9999.000,9999.000,9999.000,9999.000,9999.000,9999.000,9999.000,9999.000
202603231030,   0.099,9999.000,9999.000,9999.000,9999.000,9999.000,9999.000,9999.000,9999.000
202603231036,   0.077,9999.000,9999.000,9999.000,9999.000,9999.000,9999.000,9999.000,9999.000
202603231042,   0.057,9999.000,9999.000,9999.000,9999.000,9999.000,9999.000,9999.000,9999.000
202603231048,   0.041,9999.000,9999.000,9999.000,9999.000,9999.000,9999.000,9999.000,9999.000
202603231054,   0.028,9999.000,9999.000,9999.000,9999.000,9999.000,9999.000,9999.000,9999.000
202603231100,   0.017,9999.000,   0.100,   0.095,   0.212,   0.000,   0.112,   0.200,   0.312
202603231106,   0.010,9999.000,9999.000,9999.000,9999.000,9999.000,9999.000,9999.000,9999.000
202603231112,   0.006,9999.000,9999.000,9999.000,9999.000,9999.000,9999.000,9999.000,9999.000
202603231118,   0.005,9999.000,9999.000,9999.000,9999.000,9999.000,9999.000,9999.000,9999.000
202603231124,   0.007,9999.000,9999.000,9999.000,9999.000,9999.000,9999.000,9999.000,9999.000
202603231130,   0.012,9999.000,9999.000,9999.000,9999.000,9999.000,9999.000,9999.000,9999.000
202603231136,   0.020,9999.000,9999.000,9999.000,9999.000,9999.000,9999.000,9999.000,9999.000
202603231142,   0.032,9999.000,9999.000,9999.000,9999.000,9999.000,9999.000,9999.000,9999.000
202603231148,   0.046,9999.000,9999.000,9999.000,9999.000,9999.000,9999.000,9999.000,9999.000
202603231154,   0.063,9999.000,9999.000,9999.000,9999.000,9999.000,9999.000,9999.000,9999.000
202603231200,   0.084,9999.000,   0.100,   0.095,   0.279,   0.000,   0.179,   0.300,   0.479
202603231206,   0.107,9999.000,9999.000,9999.000,9999.000,9999.000,9999.000,9999.000,9999.000
202603231212,   0.133,9999.000,9999.000,9999.000,9999.000,9999.000,9999.000,9999.000,9999.000
202603231218,   0.162,9999.000,9999.000,9999.000,9999.000,9999.000,9999.000,9999.000,9999.000
202603231224,   0.194,9999.000,9999.000,9999.000,9999.000,9999.000,9999.000,9999.000,9999.000
202603231230,   0.229,9999.000,9999.000,9999.000,9999.000,9999.000,9999.000,9999.000,9999.000
202603231236,   0.266,9999.000,9999.000,9999.000,9999.000,9999.000,9999.000,9999.000,9999.000
202603231242,   0.305,9999.000,9999.000,9999.000,9999.000,9999.000,9999.000,9999.000,9999.000
202603231248,   0.348,9999.000,9999.000,9999.000,9999.000,9999.000,9999.000,9999.000,9999.000
202603231254,   0.392,9999.000,9999.000,9999.000,9999.000,9999.000,9999.000,9999.000,9999.000
202603231300,   0.438,9999.000,   0.200,   0.095,   0.733,   0.000,   0.533,   0.400,   0.933
202603231306,   0.487,9999.000,9999.000,9999.000,9999.000,9999.000,9999.000,9999.000,9999.000
202603231312,   0.537,9999.000,9999.000,9999.000,9999.000,9999.000,9999.000,9999.000,9999.000
202603231318,   0.590,9999.000,9999.000,9999.000,9999.000,9999.000,9999.000,9999.000,9999.000
202603231324,   0.643,9999.000,9999.000,9999.000,9999.000,9999.000,9999.000,9999.000,9999.000
202603231330,   0.698,9999.000,9999.000,9999.000,9999.000,9999.000,9999.000,9999.000,9999.000
202603231336,   0.755,9999.000,9999.000,9999.000,9999.000,9999.000,9999.000,9999.000,9999.000
202603231342,   0.812,9999.000,9999.000,9999.000,9999.000,9999.000,9999.000,9999.000,9999.000
202603231348,   0.871,9999.000,9999.000,9999.000,9999.000,9999.000,9999.000,9999.000,9999.000
202603231354,   0.930,9999.000,9999.000,9999.000,9999.000,9999.000,9999.000,9999.000,9999.000
202603231400,   0.990,9999.000,   0.200,   0.095,   1.285,   0.000,   1.085,   0.400,   1.485
202603231406,   1.051,9999.000,9999.000,9999.000,9999.000,9999.000,9999.000,9999.000,9999.000
202603231412,   1.111,9999.000,9999.000,9999.000,9999.000,9999.000,9999.000,9999.000,9999.000
202603231418,   1.172,9999.000,9999.000,9999.000,9999.000,9999.000,9999.000,9999.000,9999.000
202603231424,   1.233,9999.000,9999.000,9999.000,9999.000,9999.000,9999.000,9999.000,9999.000
202603231430,   1.293,9999.000,9999.000,9999.000,9999.000,9999.000,9999.000,9999.000,9999.000
202603231436,   1.354,9999.000,9999.000,9999.000,9999.000,9999.000,9999.000,9999.000,9999.000
202603231442,   1.413,9999.000,9999.000,9999.000,9999.000,9999.000,9999.000,9999.000,9999.000
202603231448,   1.472,9999.000,9999.000,9999.000,9999.000,9999.000,9999.000,9999.000,9999.000
202603231454,   1.530,9999.000,9999.000,9999.000,9999.000,9999.000,9999.000,9999.000,9999.000
202603231500,   1.587,9999.000,   0.300,   0.095,   1.982,   0.000,   1.682,   0.500,   2.182
202603231506,   1.643,9999.000,9999.000,9999.000,9999.000,9999.000,9999.000,9999.000,9999.000
202603231512,   1.697,9999.000,9999.000,9999.000,9999.000,9999.000,9999.000,9999.000,9999.000
202603231518,   1.750,9999.000,9999.000,9999.000,9999.000,9999.000,9999.000,9999.000,9999.000
202603231524,   1.801,9999.000,9999.000,9999.000,9999.000,9999.000,9999.000,9999.000,9999.000
202603231530,   1.851,9999.000,9999.000,9999.000,9999.000,9999.000,9999.000,9999.000,9999.000
202603231536,   1.898,9999.000,9999.000,9999.000,9999.000,9999.000,9999.000,9999.000,9999.000
202603231542,   1.943,9999.000,9999.000,9999.000,9999.000,9999.000,9999.000,9999.000,9999.000
202603231548,   1.986,9999.000,9999.000,9999.000,9999.000,9999.000,9999.000,9999.000,9999.000
202603231554,   2.026,9999.000,9999.000,9999.000,9999.000,9999.000,9999.000,9999.000,9999.000
202603231600,   2.064,9999.000,   0.400,   0.095,   2.559,   0.100,   2.259,   0.700,   2.859
202603231606,   2.099,9999.000,9999.000,9999.000,9999.000,9999.000,9999.000,9999.000,9999.000
202603231612,   2.132,9999.000,9999.000,9999.000,9999.000,9999.000,9999.000,9999.000,9999.000
202603231618,   2.161,9999.000,9999.000,9999.000,9999.000,9999.000,9999.000,9999.000,9999.000
202603231624,   2.188,9999.000,9999.000,9999.000,9999.000,9999.000,9999.000,9999.000,9999.000
202603231630,   2.211,9999.000,9999.000,9999.000,9999.000,9999.000,9999.000,9999.000,9999.000
202603231636,   2.231,9999.000,9999.000,9999.000,9999.000,9999.000,9999.000,9999.000,9999.000
202603231642,   2.248,9999.000,9999.000,9999.000,9999.000,9999.000,9999.000,9999.000,9999.000
202603231648,   2.262,9999.000,9999.000,9999.000,9999.000,9999.000,9999.000,9999.000,9999.000
202603231654,   2.272,9999.000,9999.000,9999.000,9999.000,9999.000,9999.000,9999.000,9999.000
202603231700,   2.279,9999.000,   0.500,   0.095,   2.874,   0.200,   2.574,   0.800,   3.174
202603231706,   2.283,9999.000,9999.000,9999.000,9999.000,9999.000,9999.000,9999.000,9999.000
202603231712,   2.284,9999.000,9999.000,9999.000,9999.000,9999.000,9999.000,9999.000,9999.000
202603231718,   2.281,9999.000,9999.000,9999.000,9999.000,9999.000,9999.000,9999.000,9999.000
202603231724,   2.275,9999.000,9999.000,9999.000,9999.000,9999.000,9999.000,9999.000,9999.000
202603231730,   2.266,9999.000,9999.000,9999.000,9999.000,9999.000,9999.000,9999.000,9999.000
202603231736,   2.253,9999.000,9999.000,9999.000,9999.000,9999.000,9999.000,9999.000,9999.000
202603231742,   2.238,9999.000,9999.000,9999.000,9999.000,9999.000,9999.000,9999.000,9999.000
202603231748,   2.219,9999.000,9999.000,9999.000,9999.000,9999.000,9999.000,9999.000,9999.000
202603231754,   2.198,9999.000,9999.000,9999.000,9999.000,9999.000,9999.000,9999.000,9999.000
202603231800,   2.174,9999.000,   0.500,   0.095,   2.769,   0.300,   2.569,   0.900,   3.169
202603231806,   2.147,9999.000,9999.000,9999.000,9999.000,9999.000,9999.000,9999.000,9999.000
202603231812,   2.117,9999.000,9999.000,9999.000,9999.000,9999.000,9999.000,9999.000,9999.000
202603231818,   2.085,9999.000,9999.000,9999.000,9999.000,9999.000,9999.000,9999.000,9999.000
202603231824,   2.050,9999.000,9999.000,9999.000,9999.000,9999.000,9999.000,9999.000,9999.000
202603231830,   2.013,9999.000,9999.000,9999.000,9999.000,9999.000,9999.000,9999.000,9999.000
202603231836,   1.974,9999.000,9999.000,9999.000,9999.000,9999.000,9999.000,9999.000,9999.000
202603231842,   1.932,9999.000,9999.000,9999.000,9999.000,9999.000,9999.000,9999.000,9999.000
202603231848,   1.888,9999.000,9999.000,9999.000,9999.000,9999.000,9999.000,9999.000,9999.000
202603231854,   1.842,9999.000,9999.000,9999.000,9999.000,9999.000,9999.000,9999.000,9999.000
202603231900,   1.794,9999.000,   0.600,   0.095,   2.489,   0.400,   2.289,   0.900,   2.789
202603231906,   1.744,9999.000,9999.000,9999.000,9999.000,9999.000,9999.000,9999.000,9999.000
202603231912,   1.693,9999.000,9999.000,9999.000,9999.000,9999.000,9999.000,9999.000,9999.000
202603231918,   1.640,9999.000,9999.000,9999.000,9999.000,9999.000,9999.000,9999.000,9999.000
202603231924,   1.585,9999.000,9999.000,9999.000,9999.000,9999.000,9999.000,9999.000,9999.000
202603231930,   1.529,9999.000,9999.000,9999.000,9999.000,9999.000,9999.000,9999.000,9999.000
202603231936,   1.471,9999.000,9999.000,9999.000,9999.000,9999.000,9999.000,9999.000,9999.000
202603231942,   1.413,9999.000,9999.000,9999.000,9999.000,9999.000,9999.000,9999.000,9999.000
202603231948,   1.353,9999.000,9999.000,9999.000,9999.000,9999.000,9999.000,9999.000,9999.000
202603231954,   1.292,9999.000,9999.000,9999.000,9999.000,9999.000,9999.000,9999.000,9999.000
202603232000,   1.231,9999.000,   0.700,   0.095,   2.026,   0.500,   1.826,   0.900,   2.226
202603232006,   1.169,9999.000,9999.000,9999.000,9999.000,9999.000,9999.000,9999.000,9999.000
202603232012,   1.106,9999.000,9999.000,9999.000,9999.000,9999.000,9999.000,9999.000,9999.000
202603232018,   1.044,9999.000,9999.000,9999.000,9999.000,9999.000,9999.000,9999.000,9999.000
202603232024,   0.981,9999.000,9999.000,9999.000,9999.000,9999.000,9999.000,9999.000,9999.000
202603232030,   0.919,9999.000,9999.000,9999.000,9999.000,9999.000,9999.000,9999.000,9999.000
202603232036,   0.857,9999.000,9999.000,9999.000,9999.000,9999.000,9999.000,9999.000,9999.000
202603232042,   0.795,9999.000,9999.000,9999.000,9999.000,9999.000,9999.000,9999.000,9999.000
202603232048,   0.734,9999.000,9999.000,9999.000,9999.000,9999.000,9999.000,9999.000,9999.000
202603232054,   0.674,9999.000,9999.000,9999.000,9999.000,9999.000,9999.000,9999.000,9999.000
202603232100,   0.615,9999.000,   0.700,   0.095,   1.410,   0.500,   1.210,   0.900,   1.610
202603232106,   0.557,9999.000,9999.000,9999.000,9999.000,9999.000,9999.000,9999.000,9999.000
202603232112,   0.501,9999.000,9999.000,9999.000,9999.000,9999.000,9999.000,9999.000,9999.000
202603232118,   0.447,9999.000,9999.000,9999.000,9999.000,9999.000,9999.000,9999.000,9999.000
202603232124,   0.394,9999.000,9999.000,9999.000,9999.000,9999.000,9999.000,9999.000,9999.000
202603232130,   0.344,9999.000,9999.000,9999.000,9999.000,9999.000,9999.000,9999.000,9999.000
202603232136,   0.295,9999.000,9999.000,9999.000,9999.000,9999.000,9999.000,9999.000,9999.000
202603232142,   0.249,9999.000,9999.000,9999.000,9999.000,9999.000,9999.000,9999.000,9999.000
202603232148,   0.205,9999.000,9999.000,9999.000,9999.000,9999.000,9999.000,9999.000,9999.000
202603232154,   0.164,9999.000,9999.000,9999.000,9999.000,9999.000,9999.000,9999.000,9999.000
202603232200,   0.126,9999.000,   0.800,   0.095,   1.021,   0.600,   0.821,   1.000,   1.221
202603232206,   0.090,9999.000,9999.000,9999.000,9999.000,9999.000,9999.000,9999.000,9999.000
202603232212,   0.057,9999.000,9999.000,9999.000,9999.000,9999.000,9999.000,9999.000,9999.000
202603232218,   0.027,9999.000,9999.000,9999.000,9999.000,9999.000,9999.000,9999.000,9999.000
202603232224,   0.000,9999.000,9999.000,9999.000,9999.000,9999.000,9999.000,9999.000,9999.000
202603232230,  -0.023,9999.000,9999.000,9999.000,9999.000,9999.000,9999.000,9999.000,9999.000
202603232236,  -0.044,9999.000,9999.000,9999.000,9999.000,9999.000,9999.000,9999.000,9999.000
202603232242,  -0.061,9999.000,9999.000,9999.000,9999.000,9999.000,9999.000,9999.000,9999.000
202603232248,  -0.076,9999.000,9999.000,9999.000,9999.000,9999.000,9999.000,9999.000,9999.000
202603232254,  -0.088,9999.000,9999.000,9999.000,9999.000,9999.000,9999.000,9999.000,9999.000
202603232300,  -0.096,9999.000,   0.800,   0.095,   0.799,   0.600,   0.599,   1.000,   0.999
202603232306,  -0.101,9999.000,9999.000,9999.000,9999.000,9999.000,9999.000,9999.000,9999.000
202603232312,  -0.103,9999.000,9999.000,9999.000,9999.000,9999.000,9999.000,9999.000,9999.000
202603232318,  -0.101,9999.000,9999.000,9999.000,9999.000,9999.000,9999.000,9999.000,9999.000
202603232324,  -0.096,9999.000,9999.000,9999.000,9999.000,9999.000,9999.000,9999.000,9999.000
202603232330,  -0.088,9999.000,9999.000,9999.000,9999.000,9999.000,9999.000,9999.000,9999.000
202603232336,  -0.077,9999.000,9999.000,9999.000,9999.000,9999.000,9999.000,9999.000,9999.000
202603232342,  -0.063,9999.000,9999.000,9999.000,9999.000,9999.000,9999.000,9999.000,9999.000
202603232348,  -0.045,9999.000,9999.000,9999.000,9999.000,9999.000,9999.000,9999.000,9999.000
202603232354,  -0.024,9999.000,9999.000,9999.000,9999.000,9999.000,9999.000,9999.000,9999.000
202603240000,   0.000,9999.000,   0.800,   0.095,   0.895,   0.600,   0.695,   1.000,   1.095
202603240006,   0.026,9999.000,9999.000,9999.000,9999.000,9999.000,9999.000,9999.000,9999.000
202603240012,   0.057,9999.000,9999.000,9999.000,9999.000,9999.000,9999.000,9999.000,9999.000
202603240018,   0.090,9999.000,9999.000,9999.000,9999.000,9999.000,9999.000,9999.000,9999.000
202603240024,   0.127,9999.000,9999.000,9999.000,9999.000,9999.000,9999.000,9999.000,9999.000
202603240030,   0.166,9999.000,9999.000,9999.000,9999.000,9999.000,9999.000,9999.000,9999.000
202603240036,   0.208,9999.000,9999.000,9999.000,9999.000,9999.000,9999.000,9999.000,9999.000
202603240042,   0.253,9999.000,9999.000,9999.000,9999.000,9999.000,9999.000,9999.000,9999.000
202603240048,   0.301,9999.000,9999.000,9999.000,9999.000,9999.000,9999.000,9999.000,9999.000
202603240054,   0.351,9999.000,9999.000,9999.000,9999.000,9999.000,9999.000,9999.000,9999.000
202603240100,   0.404,9999.000,   0.800,   0.095,   1.299,   0.600,   1.099,   1.000,   1.499
202603240106,   0.459,9999.000,9999.000,9999.000,9999.000,9999.000,9999.000,9999.000,9999.000
202603240112,   0.516,9999.000,9999.000,9999.000,9999.000,9999.000,9999.000,9999.000,9999.000
202603240118,   0.575,9999.000,9999.000,9999.000,9999.000,9999.000,9999.000,9999.000,9999.000
202603240124,   0.636,9999.000,9999.000,9999.000,9999.000,9999.000,9999.000,9999.000,9999.000
202603240130,   0.699,9999.000,9999.000,9999.000,9999.000,9999.000,9999.000,9999.000,9999.000
202603240136,   0.763,9999.000,9999.000,9999.000,9999.000,9999.000,9999.000,9999.000,9999.000
202603240142,   0.829,9999.000,9999.000,9999.000,9999.000,9999.000,9999.000,9999.000,9999.000
202603240148,   0.896,9999.000,9999.000,9999.000,9999.000,9999.000,9999.000,9999.000,9999.000
202603240154,   0.964,9999.000,9999.000,9999.000,9999.000,9999.000,9999.000,9999.000,9999.000
202603240200,   1.033,9999.000,   0.800,   0.095,   1.928,   0.600,   1.728,   1.000,   2.128
202603240206,   1.103,9999.000,9999.000,9999.000,9999.000,9999.000,9999.000,9999.000,9999.000
202603240212,   1.173,9999.000,9999.000,9999.000,9999.000,9999.000,9999.000,9999.000,9999.000
202603240218,   1.243,9999.000,9999.000,9999.000,9999.000,9999.000,9999.000,9999.000,9999.000
202603240224,   1.314,9999.000,9999.000,9999.000,9999.000,9999.000,9999.000,9999.000,9999.000
202603240230,   1.384,9999.000,9999.000,9999.000,9999.000,9999.000,9999.000,9999.000,9999.000
202603240236,   1.455,9999.000,9999.000,9999.000,9999.000,9999.000,9999.000,9999.000,9999.000
202603240242,   1.525,9999.000,9999.000,9999.000,9999.000,9999.000,9999.000,9999.000,9999.000
202603240248,   1.595,9999.000,9999.000,9999.000,9999.000,9999.000,9999.000,9999.000,9999.000
202603240254,   1.664,9999.000,9999.000,9999.000,9999.000,9999.000,9999.000,9999.000,9999.000
202603240300,   1.732,9999.000,   0.800,   0.095,   2.627,   0.600,   2.427,   1.000,   2.827
202603240306,   1.799,9999.000,9999.000,9999.000,9999.000,9999.000,9999.000,9999.000,9999.000
202603240312,   1.865,9999.000,9999.000,9999.000,9999.000,9999.000,9999.000,9999.000,9999.000
202603240318,   1.930,9999.000,9999.000,9999.000,9999.000,9999.000,9999.000,9999.000,9999.000
202603240324,   1.993,9999.000,9999.000,9999.000,9999.000,9999.000,9999.000,9999.000,9999.000
202603240330,   2.055,9999.000,9999.000,9999.000,9999.000,9999.000,9999.000,9999.000,9999.000
202603240336,   2.115,9999.000,9999.000,9999.000,9999.000,9999.000,9999.000,9999.000,9999.000
202603240342,   2.173,9999.000,9999.000,9999.000,9999.000,9999.000,9999.000,9999.000,9999.000
202603240348,   2.229,9999.000,9999.000,9999.000,9999.000,9999.000,9999.000,9999.000,9999.000
202603240354,   2.283,9999.000,9999.000,9999.000,9999.000,9999.000,9999.000,9999.000,9999.000
202603240400,   2.335,9999.000,   0.800,   0.095,   3.230,   0.600,   3.030,   1.000,   3.430
202603240406,   2.384,9999.000,9999.000,9999.000,9999.000,9999.000,9999.000,9999.000,9999.000
202603240412,   2.431,9999.000,9999.000,9999.000,9999.000,9999.000,9999.000,9999.000,9999.000
202603240418,   2.475,9999.000,9999.000,9999.000,9999.000,9999.000,9999.000,9999.000,9999.000
202603240424,   2.516,9999.000,9999.000,9999.000,9999.000,9999.000,9999.000,9999.000,9999.000
202603240430,   2.554,9999.000,9999.000,9999.000,9999.000,9999.000,9999.000,9999.000,9999.000
202603240436,   2.590,9999.000,9999.000,9999.000,9999.000,9999.000,9999.000,9999.000,9999.000
202603240442,   2.622,9999.000,9999.000,9999.000,9999.000,9999.000,9999.000,9999.000,9999.000
202603240448,   2.651,9999.000,9999.000,9999.000,9999.000,9999.000,9999.000,9999.000,9999.000
202603240454,   2.677,9999.000,9999.000,9999.000,9999.000,9999.000,9999.000,9999.000,9999.000
202603240500,   2.700,9999.000,   0.800,   0.095,   3.595,   0.600,   3.395,   1.000,   3.795
202603240506,   2.719,9999.000,9999.000,9999.000,9999.000,9999.000,9999.000,9999.000,9999.000
202603240512,   2.735,9999.000,9999.000,9999.000,9999.000,9999.000,9999.000,9999.000,9999.000
202603240518,   2.747,9999.000,9999.000,9999.000,9999.000,9999.000,9999.000,9999.000,9999.000
202603240524,   2.757,9999.000,9999.000,9999.000,9999.000,9999.000,9999.000,9999.000,9999.000
202603240530,   2.763,9999.000,9999.000,9999.000,9999.000,9999.000,9999.000,9999.000,9999.000
202603240536,   2.765,9999.000,9999.000,9999.000,9999.000,9999.000,9999.000,9999.000,9999.000
202603240542,   2.764,9999.000,9999.000,9999.000,9999.000,9999.000,9999.000,9999.000,9999.000
202603240548,   2.760,9999.000,9999.000,9999.000,9999.000,9999.000,9999.000,9999.000,9999.000
202603240554,   2.753,9999.000,9999.000,9999.000,9999.000,9999.000,9999.000,9999.000,9999.000
202603240600,   2.743,9999.000,   0.800,   0.095,   3.638,   0.700,   3.538,   1.000,   3.838
202603240606,   2.730,9999.000,9999.000,9999.000,9999.000,9999.000,9999.000,9999.000,9999.000
202603240612,   2.713,9999.000,9999.000,9999.000,9999.000,9999.000,9999.000,9999.000,9999.000
202603240618,   2.694,9999.000,9999.000,9999.000,9999.000,9999.000,9999.000,9999.000,9999.000
202603240624,   2.672,9999.000,9999.000,9999.000,9999.000,9999.000,9999.000,9999.000,9999.000
202603240630,   2.648,9999.000,9999.000,9999.000,9999.000,9999.000,9999.000,9999.000,9999.000
202603240636,   2.621,9999.000,9999.000,9999.000,9999.000,9999.000,9999.000,9999.000,9999.000
202603240642,   2.591,9999.000,9999.000,9999.000,9999.000,9999.000,9999.000,9999.000,9999.000
202603240648,   2.559,9999.000,9999.000,9999.000,9999.000,9999.000,9999.000,9999.000,9999.000
202603240654,   2.525,9999.000,9999.000,9999.000,9999.000,9999.000,9999.000,9999.000,9999.000
202603240700,   2.488,9999.000,   0.900,   0.095,   3.483,   0.700,   3.283,   1.000,   3.583
202603240706,   2.449,9999.000,9999.000,9999.000,9999.000,9999.000,9999.000,9999.000,9999.000
202603240712,   2.408,9999.000,9999.000,9999.000,9999.000,9999.000,9999.000,9999.000,9999.000
202603240718,   2.366,9999.000,9999.000,9999.000,9999.000,9999.000,9999.000,9999.000,9999.000
202603240724,   2.321,9999.000,9999.000,9999.000,9999.000,9999.000,9999.000,9999.000,9999.000
202603240730,   2.275,9999.000,9999.000,9999.000,9999.000,9999.000,9999.000,9999.000,9999.000
202603240736,   2.227,9999.000,9999.000,9999.000,9999.000,9999.000,9999.000,9999.000,9999.000
202603240742,   2.177,9999.000,9999.000,9999.000,9999.000,9999.000,9999.000,9999.000,9999.000
202603240748,   2.126,9999.000,9999.000,9999.000,9999.000,9999.000,9999.000,9999.000,9999.000
202603240754,   2.073,9999.000,9999.000,9999.000,9999.000,9999.000,9999.000,9999.000,9999.000
202603240800,   2.019,9999.000,   0.900,   0.095,   3.014,   0.700,   2.814,   1.100,   3.214
202603240806,   1.964,9999.000,9999.000,9999.000,9999.000,9999.000,9999.000,9999.000,9999.000
202603240812,   1.907,9999.000,9999.000,9999.000,9999.000,9999.000,9999.000,9999.000,9999.000
202603240818,   1.850,9999.000,9999.000,9999.000,9999.000,9999.000,9999.000,9999.000,9999.000
202603240824,   1.791,9999.000,9999.000,9999.000,9999.000,9999.000,9999.000,9999.000,9999.000
202603240830,   1.732,9999.000,9999.000,9999.000,9999.000,9999.000,9999.000,9999.000,9999.000
202603240836,   1.672,9999.000,9999.000,9999.000,9999.000,9999.000,9999.000,9999.000,9999.000
202603240842,   1.612,9999.000,9999.000,9999.000,9999.000,9999.000,9999.000,9999.000,9999.000
202603240848,   1.551,9999.000,9999.000,9999.000,9999.000,9999.000,9999.000,9999.000,9999.000
202603240854,   1.490,9999.000,9999.000,9999.000,9999.000,9999.000,9999.000,9999.000,9999.000
202603240900,   1.429,9999.000,   0.900,   0.095,   2.424,   0.700,   2.224,   1.100,   2.624
202603240906,   1.368,9999.000,9999.000,9999.000,9999.000,9999.000,9999.000,9999.000,9999.000
202603240912,   1.307,9999.000,9999.000,9999.000,9999.000,9999.000,9999.000,9999.000,9999.000
202603240918,   1.246,9999.000,9999.000,9999.000,9999.000,9999.000,9999.000,9999.000,9999.000
202603240924,   1.186,9999.000,9999.000,9999.000,9999.000,9999.000,9999.000,9999.000,9999.000
202603240930,   1.127,9999.000,9999.000,9999.000,9999.000,9999.000,9999.000,9999.000,9999.000
202603240936,   1.068,9999.000,9999.000,9999.000,9999.000,9999.000,9999.000,9999.000,9999.000
202603240942,   1.010,9999.000,9999.000,9999.000,9999.000,9999.000,9999.000,9999.000,9999.000
202603240948,   0.954,9999.000,9999.000,9999.000,9999.000,9999.000,9999.000,9999.000,9999.000
202603240954,   0.898,9999.000,9999.000,9999.000,9999.000,9999.000,9999.000,9999.000,9999.000
202603241000,   0.844,9999.000,   0.900,   0.095,   1.839,   0.800,   1.739,   1.100,   2.039
202603241006,   0.791,9999.000,9999.000,9999.000,9999.000,9999.000,9999.000,9999.000,9999.000
202603241012,   0.740,9999.000,9999.000,9999.000,9999.000,9999.000,9999.000,9999.000,9999.000
202603241018,   0.691,9999.000,9999.000,9999.000,9999.000,9999.000,9999.000,9999.000,9999.000
202603241024,   0.643,9999.000,9999.000,9999.000,9999.000,9999.000,9999.000,9999.000,9999.000
202603241030,   0.597,9999.000,9999.000,9999.000,9999.000,9999.000,9999.000,9999.000,9999.000
202603241036,   0.553,9999.000,9999.000,9999.000,9999.000,9999.000,9999.000,9999.000,9999.000
202603241042,   0.511,9999.000,9999.000,9999.000,9999.000,9999.000,9999.000,9999.000,9999.000
202603241048,   0.472,9999.000,9999.000,9999.000,9999.000,9999.000,9999.000,9999.000,9999.000
202603241054,   0.434,9999.000,9999.000,9999.000,9999.000,9999.000,9999.000,9999.000,9999.000
202603241100,   0.399,9999.000,   0.900,   0.095,   1.394,   0.800,   1.294,   1.100,   1.594
202603241106,   0.366,9999.000,9999.000,9999.000,9999.000,9999.000,9999.000,9999.000,9999.000
202603241112,   0.335,9999.000,9999.000,9999.000,9999.000,9999.000,9999.000,9999.000,9999.000
202603241118,   0.307,9999.000,9999.000,9999.000,9999.000,9999.000,9999.000,9999.000,9999.000
202603241124,   0.281,9999.000,9999.000,9999.000,9999.000,9999.000,9999.000,9999.000,9999.000
202603241130,   0.258,9999.000,9999.000,9999.000,9999.000,9999.000,9999.000,9999.000,9999.000
202603241136,   0.237,9999.000,9999.000,9999.000,9999.000,9999.000,9999.000,9999.000,9999.000
202603241142,   0.219,9999.000,9999.000,9999.000,9999.000,9999.000,9999.000,9999.000,9999.000
202603241148,   0.203,9999.000,9999.000,9999.000,9999.000,9999.000,9999.000,9999.000,9999.000
202603241154,   0.190,9999.000,9999.000,9999.000,9999.000,9999.000,9999.000,9999.000,9999.000
202603241200,   0.180,9999.000,   0.900,   0.095,   1.175,   0.800,   1.075,   1.100,   1.375
202603241206,   0.172,9999.000,9999.000,9999.000,9999.000,9999.000,9999.000,9999.000,9999.000
202603241212,   0.168,9999.000,9999.000,9999.000,9999.000,9999.000,9999.000,9999.000,9999.000
202603241218,   0.166,9999.000,9999.000,9999.000,9999.000,9999.000,9999.000,9999.000,9999.000
202603241224,   0.167,9999.000,9999.000,9999.000,9999.000,9999.000,9999.000,9999.000,9999.000
202603241230,   0.170,9999.000,9999.000,9999.000,9999.000,9999.000,9999.000,9999.000,9999.000
202603241236,   0.177,9999.000,9999.000,9999.000,9999.000,9999.000,9999.000,9999.000,9999.000
202603241242,   0.187,9999.000,9999.000,9999.000,9999.000,9999.000,9999.000,9999.000,9999.000
202603241248,   0.199,9999.000,9999.000,9999.000,9999.000,9999.000,9999.000,9999.000,9999.000
202603241254,   0.214,9999.000,9999.000,9999.000,9999.000,9999.000,9999.000,9999.000,9999.000
202603241300,   0.232,9999.000,   0.900,   0.095,   1.227,   0.700,   1.027,   1.100,   1.427
202603241306,   0.252,9999.000,9999.000,9999.000,9999.000,9999.000,9999.000,9999.000,9999.000
202603241312,   0.276,9999.000,9999.000,9999.000,9999.000,9999.000,9999.000,9999.000,9999.000
202603241318,   0.301,9999.000,9999.000,9999.000,9999.000,9999.000,9999.000,9999.000,9999.000
202603241324,   0.330,9999.000,9999.000,9999.000,9999.000,9999.000,9999.000,9999.000,9999.000
202603241330,   0.361,9999.000,9999.000,9999.000,9999.000,9999.000,9999.000,9999.000,9999.000
202603241336,   0.394,9999.000,9999.000,9999.000,9999.000,9999.000,9999.000,9999.000,9999.000
202603241342,   0.430,9999.000,9999.000,9999.000,9999.000,9999.000,9999.000,9999.000,9999.000
202603241348,   0.467,9999.000,9999.000,9999.000,9999.000,9999.000,9999.000,9999.000,9999.000
202603241354,   0.507,9999.000,9999.000,9999.000,9999.000,9999.000,9999.000,9999.000,9999.000
202603241400,   0.549,9999.000,   0.900,   0.095,   1.544,   0.700,   1.344,   1.100,   1.744
202603241406,   0.592,9999.000,9999.000,9999.000,9999.000,9999.000,9999.000,9999.000,9999.000
202603241412,   0.637,9999.000,9999.000,9999.000,9999.000,9999.000,9999.000,9999.000,9999.000
202603241418,   0.684,9999.000,9999.000,9999.000,9999.000,9999.000,9999.000,9999.000,9999.000
202603241424,   0.732,9999.000,9999.000,9999.000,9999.000,9999.000,9999.000,9999.000,9999.000
202603241430,   0.781,9999.000,9999.000,9999.000,9999.000,9999.000,9999.000,9999.000,9999.000
202603241436,   0.832,9999.000,9999.000,9999.000,9999.000,9999.000,9999.000,9999.000,9999.000
202603241442,   0.883,9999.000,9999.000,9999.000,9999.000,9999.000,9999.000,9999.000,9999.000
202603241448,   0.935,9999.000,9999.000,9999.000,9999.000,9999.000,9999.000,9999.000,9999.000
202603241454,   0.988,9999.000,9999.000,9999.000,9999.000,9999.000,9999.000,9999.000,9999.000
202603241500,   1.042,9999.000,   0.900,   0.095,   2.037,   0.700,   1.837,   1.000,   2.137
202603241506,   1.095,9999.000,9999.000,9999.000,9999.000,9999.000,9999.000,9999.000,9999.000
202603241512,   1.149,9999.000,9999.000,9999.000,9999.000,9999.000,9999.000,9999.000,9999.000
202603241518,   1.204,9999.000,9999.000,9999.000,9999.000,9999.000,9999.000,9999.000,9999.000
202603241524,   1.258,9999.000,9999.000,9999.000,9999.000,9999.000,9999.000,9999.000,9999.000
202603241530,   1.311,9999.000,9999.000,9999.000,9999.000,9999.000,9999.000,9999.000,9999.000
202603241536,   1.365,9999.000,9999.000,9999.000,9999.000,9999.000,9999.000,9999.000,9999.000
202603241542,   1.418,9999.000,9999.000,9999.000,9999.000,9999.000,9999.000,9999.000,9999.000
202603241548,   1.470,9999.000,9999.000,9999.000,9999.000,9999.000,9999.000,9999.000,9999.000
202603241554,   1.522,9999.000,9999.000,9999.000,9999.000,9999.000,9999.000,9999.000,9999.000
202603241600,   1.573,9999.000,   0.900,   0.095,   2.568,   0.700,   2.368,   1.000,   2.668
202603241606,   1.622,9999.000,9999.000,9999.000,9999.000,9999.000,9999.000,9999.000,9999.000
202603241612,   1.670,9999.000,9999.000,9999.000,9999.000,9999.000,9999.000,9999.000,9999.000
202603241618,   1.717,9999.000,9999.000,9999.000,9999.000,9999.000,9999.000,9999.000,9999.000
202603241624,   1.763,9999.000,9999.000,9999.000,9999.000,9999.000,9999.000,9999.000,9999.000
202603241630,   1.806,9999.000,9999.000,9999.000,9999.000,9999.000,9999.000,9999.000,9999.000
202603241636,   1.848,9999.000,9999.000,9999.000,9999.000,9999.000,9999.000,9999.000,9999.000
202603241642,   1.888,9999.000,9999.000,9999.000,9999.000,9999.000,9999.000,9999.000,9999.000
202603241648,   1.925,9999.000,9999.000,9999.000,9999.000,9999.000,9999.000,9999.000,9999.000
202603241654,   1.960,9999.000,9999.000,9999.000,9999.000,9999.000,9999.000,9999.000,9999.000
202603241700,   1.993,9999.000,   0.800,   0.095,   2.888,   0.600,   2.688,   1.000,   3.088
202603241706,   2.023,9999.000,9999.000,9999.000,9999.000,9999.000,9999.000,9999.000,9999.000
202603241712,   2.051,9999.000,9999.000,9999.000,9999.000,9999.000,9999.000,9999.000,9999.000
202603241718,   2.076,9999.000,9999.000,9999.000,9999.000,9999.000,9999.000,9999.000,9999.000
202603241724,   2.098,9999.000,9999.000,9999.000,9999.000,9999.000,9999.000,9999.000,9999.000
202603241730,   2.117,9999.000,9999.000,9999.000,9999.000,9999.000,9999.000,9999.000,9999.000
202603241736,   2.133,9999.000,9999.000,9999.000,9999.000,9999.000,9999.000,9999.000,9999.000
202603241742,   2.146,9999.000,9999.000,9999.000,9999.000,9999.000,9999.000,9999.000,9999.000
202603241748,   2.156,9999.000,9999.000,9999.000,9999.000,9999.000,9999.000,9999.000,9999.000
202603241754,   2.163,9999.000,9999.000,9999.000,9999.000,9999.000,9999.000,9999.000,9999.000
202603241800,   2.167,9999.000,   0.800,   0.095,   3.062,   0.600,   2.862,   0.900,   3.162
202603241806,   2.168,9999.000,9999.000,9999.000,9999.000,9999.000,9999.000,9999.000,9999.000
202603241812,   2.165,9999.000,9999.000,9999.000,9999.000,9999.000,9999.000,9999.000,9999.000
202603241818,   2.160,9999.000,9999.000,9999.000,9999.000,9999.000,9999.000,9999.000,9999.000
202603241824,   2.152,9999.000,9999.000,9999.000,9999.000,9999.000,9999.000,9999.000,9999.000
202603241830,   2.141,9999.000,9999.000,9999.000,9999.000,9999.000,9999.000,9999.000,9999.000
202603241836,   2.127,9999.000,9999.000,9999.000,9999.000,9999.000,9999.000,9999.000,9999.000
202603241842,   2.111,9999.000,9999.000,9999.000,9999.000,9999.000,9999.000,9999.000,9999.000
202603241848,   2.092,9999.000,9999.000,9999.000,9999.000,9999.000,9999.000,9999.000,9999.000
202603241854,   2.070,9999.000,9999.000,9999.000,9999.000,9999.000,9999.000,9999.000,9999.000
202603241900,   2.046,9999.000,   0.800,   0.095,   2.941,   0.600,   2.741,   0.900,   3.041
202603241906,   2.019,9999.000,9999.000,9999.000,9999.000,9999.000,9999.000,9999.000,9999.000
202603241912,   1.991,9999.000,9999.000,9999.000,9999.000,9999.000,9999.000,9999.000,9999.000
202603241918,   1.960,9999.000,9999.000,9999.000,9999.000,9999.000,9999.000,9999.000,9999.000
202603241924,   1.926,9999.000,9999.000,9999.000,9999.000,9999.000,9999.000,9999.000,9999.000
202603241930,   1.891,9999.000,9999.000,9999.000,9999.000,9999.000,9999.000,9999.000,9999.000
202603241936,   1.854,9999.000,9999.000,9999.000,9999.000,9999.000,9999.000,9999.000,9999.000
202603241942,   1.816,9999.000,9999.000,9999.000,9999.000,9999.000,9999.000,9999.000,9999.000
202603241948,   1.775,9999.000,9999.000,9999.000,9999.000,9999.000,9999.000,9999.000,9999.000
202603241954,   1.733,9999.000,9999.000,9999.000,9999.000,9999.000,9999.000,9999.000,9999.000
202603242000,   1.689,9999.000,   0.700,   0.095,   2.484,   0.500,   2.284,   0.900,   2.684
202603242006,   1.644,9999.000,9999.000,9999.000,9999.000,9999.000,9999.000,9999.000,9999.000
202603242012,   1.597,9999.000,9999.000,9999.000,9999.000,9999.000,9999.000,9999.000,9999.000
202603242018,   1.549,9999.000,9999.000,9999.000,9999.000,9999.000,9999.000,9999.000,9999.000
202603242024,   1.500,9999.000,9999.000,9999.000,9999.000,9999.000,9999.000,9999.000,9999.000
202603242030,   1.450,9999.000,9999.000,9999.000,9999.000,9999.000,9999.000,9999.000,9999.000
202603242036,   1.399,9999.000,9999.000,9999.000,9999.000,9999.000,9999.000,9999.000,9999.000
202603242042,   1.347,9999.000,9999.000,9999.000,9999.000,9999.000,9999.000,9999.000,9999.000
202603242048,   1.294,9999.000,9999.000,9999.000,9999.000,9999.000,9999.000,9999.000,9999.000
202603242054,   1.240,9999.000,9999.000,9999.000,9999.000,9999.000,9999.000,9999.000,9999.000
202603242100,   1.186,9999.000,   0.700,   0.095,   1.981,   0.500,   1.781,   0.800,   2.081
202603242106,   1.132,9999.000,9999.000,9999.000,9999.000,9999.000,9999.000,9999.000,9999.000
202603242112,   1.077,9999.000,9999.000,9999.000,9999.000,9999.000,9999.000,9999.000,9999.000
202603242118,   1.023,9999.000,9999.000,9999.000,9999.000,9999.000,9999.000,9999.000,9999.000
202603242124,   0.968,9999.000,9999.000,9999.000,9999.000,9999.000,9999.000,9999.000,9999.000
202603242130,   0.914,9999.000,9999.000,9999.000,9999.000,9999.000,9999.000,9999.000,9999.000
202603242136,   0.859,9999.000,9999.000,9999.000,9999.000,9999.000,9999.000,9999.000,9999.000
202603242142,   0.806,9999.000,9999.000,9999.000,9999.000,9999.000,9999.000,9999.000,9999.000
202603242148,   0.753,9999.000,9999.000,9999.000,9999.000,9999.000,9999.000,9999.000,9999.000
202603242154,   0.701,9999.000,9999.000,9999.000,9999.000,9999.000,9999.000,9999.000,9999.000
202603242200,   0.649,9999.000,   0.700,   0.095,   1.444,   0.500,   1.244,   0.800,   1.544
202603242206,   0.599,9999.000,9999.000,9999.000,9999.000,9999.000,9999.000,9999.000,9999.000
202603242212,   0.551,9999.000,9999.000,9999.000,9999.000,9999.000,9999.000,9999.000,9999.000
202603242218,   0.503,9999.000,9999.000,9999.000,9999.000,9999.000,9999.000,9999.000,9999.000
202603242224,   0.457,9999.000,9999.000,9999.000,9999.000,9999.000,9999.000,9999.000,9999.000
202603242230,   0.413,9999.000,9999.000,9999.000,9999.000,9999.000,9999.000,9999.000,9999.000
202603242236,   0.371,9999.000,9999.000,9999.000,9999.000,9999.000,9999.000,9999.000,9999.000
202603242242,   0.331,9999.000,9999.000,9999.000,9999.000,9999.000,9999.000,9999.000,9999.000
202603242248,   0.292,9999.000,9999.000,9999.000,9999.000,9999.000,9999.000,9999.000,9999.000
202603242254,   0.256,9999.000,9999.000,9999.000,9999.000,9999.000,9999.000,9999.000,9999.000
202603242300,   0.222,9999.000,   0.700,   0.095,   1.017,   0.500,   0.817,   0.800,   1.117
202603242306,   0.190,9999.000,9999.000,9999.000,9999.000,9999.000,9999.000,9999.000,9999.000
202603242312,   0.161,9999.000,9999.000,9999.000,9999.000,9999.000,9999.000,9999.000,9999.000
202603242318,   0.134,9999.000,9999.000,9999.000,9999.000,9999.000,9999.000,9999.000,9999.000
202603242324,   0.110,9999.000,9999.000,9999.000,9999.000,9999.000,9999.000,9999.000,9999.000
202603242330,   0.088,9999.000,9999.000,9999.000,9999.000,9999.000,9999.000,9999.000,9999.000
202603242336,   0.069,9999.000,9999.000,9999.000,9999.000,9999.000,9999.000,9999.000,9999.000
202603242342,   0.053,9999.000,9999.000,9999.000,9999.000,9999.000,9999.000,9999.000,9999.000
202603242348,   0.039,9999.000,9999.000,9999.000,9999.000,9999.000,9999.000,9999.000,9999.000
202603242354,   0.029,9999.000,9999.000,9999.000,9999.000,9999.000,9999.000,9999.000,9999.000
202603250000,   0.021,9999.000,   0.700,   0.095,   0.816,   0.500,   0.616,   0.800,   0.916
202603250006,   0.016,9999.000,9999.000,9999.000,9999.000,9999.000,9999.000,9999.000,9999.000
202603250012,   0.014,9999.000,9999.000,9999.000,9999.000,9999.000,9999.000,9999.000,9999.000
202603250018,   0.015,9999.000,9999.000,9999.000,9999.000,9999.000,9999.000,9999.000,9999.000
202603250024,   0.018,9999.000,9999.000,9999.000,9999.000,9999.000,9999.000,9999.000,9999.000
202603250030,   0.025,9999.000,9999.000,9999.000,9999.000,9999.000,9999.000,9999.000,9999.000
202603250036,   0.035,9999.000,9999.000,9999.000,9999.000,9999.000,9999.000,9999.000,9999.000
202603250042,   0.048,9999.000,9999.000,9999.000,9999.000,9999.000,9999.000,9999.000,9999.000
202603250048,   0.063,9999.000,9999.000,9999.000,9999.000,9999.000,9999.000,9999.000,9999.000
202603250054,   0.082,9999.000,9999.000,9999.000,9999.000,9999.000,9999.000,9999.000,9999.000
202603250100,   0.104,9999.000,   0.700,   0.095,   0.899,   0.400,   0.599,   0.800,   0.999
202603250106,   0.128,9999.000,9999.000,9999.000,9999.000,9999.000,9999.000,9999.000,9999.000
202603250112,   0.156,9999.000,9999.000,9999.000,9999.000,9999.000,9999.000,9999.000,9999.000
202603250118,   0.186,9999.000,9999.000,9999.000,9999.000,9999.000,9999.000,9999.000,9999.000
202603250124,   0.219,9999.000,9999.000,9999.000,9999.000,9999.000,9999.000,9999.000,9999.000
202603250130,   0.255,9999.000,9999.000,9999.000,9999.000,9999.000,9999.000,9999.000,9999.000
202603250136,   0.293,9999.000,9999.000,9999.000,9999.000,9999.000,9999.000,9999.000,9999.000
202603250142,   0.334,9999.000,9999.000,9999.000,9999.000,9999.000,9999.000,9999.000,9999.000
202603250148,   0.378,9999.000,9999.000,9999.000,9999.000,9999.000,9999.000,9999.000,9999.000
202603250154,   0.423,9999.000,9999.000,9999.000,9999.000,9999.000,9999.000,9999.000,9999.000
202603250200,   0.471,9999.000,   0.600,   0.095,   1.166,   0.400,   0.966,   0.800,   1.366
202603250206,   0.521,9999.000,9999.000,9999.000,9999.000,9999.000,9999.000,9999.000,9999.000
202603250212,   0.573,9999.000,9999.000,9999.000,9999.000,9999.000,9999.000,9999.000,9999.000
202603250218,   0.627,9999.000,9999.000,9999.000,9999.000,9999.000,9999.000,9999.000,9999.000
202603250224,   0.683,9999.000,9999.000,9999.000,9999.000,9999.000,9999.000,9999.000,9999.000
202603250230,   0.740,9999.000,9999.000,9999.000,9999.000,9999.000,9999.000,9999.000,9999.000
202603250236,   0.798,9999.000,9999.000,9999.000,9999.000,9999.000,9999.000,9999.000,9999.000
202603250242,   0.858,9999.000,9999.000,9999.000,9999.000,9999.000,9999.000,9999.000,9999.000
202603250248,   0.919,9999.000,9999.000,9999.000,9999.000,9999.000,9999.000,9999.000,9999.000
202603250254,   0.980,9999.000,9999.000,9999.000,9999.000,9999.000,9999.000,9999.000,9999.000
202603250300,   1.043,9999.000,   0.600,   0.095,   1.738,   0.300,   1.438,   0.800,   1.938
202603250306,   1.106,9999.000,9999.000,9999.000,9999.000,9999.000,9999.000,9999.000,9999.000
202603250312,   1.170,9999.000,9999.000,9999.000,9999.000,9999.000,9999.000,9999.000,9999.000
202603250318,   1.234,9999.000,9999.000,9999.000,9999.000,9999.000,9999.000,9999.000,9999.000
202603250324,   1.298,9999.000,9999.000,9999.000,9999.000,9999.000,9999.000,9999.000,9999.000
202603250330,   1.362,9999.000,9999.000,9999.000,9999.000,9999.000,9999.000,9999.000,9999.000
202603250336,   1.426,9999.000,9999.000,9999.000,9999.000,9999.000,9999.000,9999.000,9999.000
202603250342,   1.490,9999.000,9999.000,9999.000,9999.000,9999.000,9999.000,9999.000,9999.000
202603250348,   1.554,9999.000,9999.000,9999.000,9999.000,9999.000,9999.000,9999.000,9999.000
202603250354,   1.617,9999.000,9999.000,9999.000,9999.000,9999.000,9999.000,9999.000,9999.000
202603250400,   1.679,9999.000,   0.600,   0.095,   2.374,   0.300,   2.074,   0.800,   2.574
202603250406,   1.741,9999.000,9999.000,9999.000,9999.000,9999.000,9999.000,9999.000,9999.000
202603250412,   1.802,9999.000,9999.000,9999.000,9999.000,9999.000,9999.000,9999.000,9999.000
202603250418,   1.861,9999.000,9999.000,9999.000,9999.000,9999.000,9999.000,9999.000,9999.000
202603250424,   1.919,9999.000,9999.000,9999.000,9999.000,9999.000,9999.000,9999.000,9999.000
202603250430,   1.976,9999.000,9999.000,9999.000,9999.000,9999.000,9999.000,9999.000,9999.000
202603250436,   2.032,9999.000,9999.000,9999.000,9999.000,9999.000,9999.000,9999.000,9999.000
202603250442,   2.085,9999.000,9999.000,9999.000,9999.000,9999.000,9999.000,9999.000,9999.000
202603250448,   2.137,9999.000,9999.000,9999.000,9999.000,9999.000,9999.000,9999.000,9999.000
202603250454,   2.187,9999.000,9999.000,9999.000,9999.000,9999.000,9999.000,9999.000,9999.000
202603250500,   2.235,9999.000,   0.500,   0.095,   2.830,   0.300,   2.630,   0.700,   3.030
202603250506,   2.280,9999.000,9999.000,9999.000,9999.000,9999.000,9999.000,9999.000,9999.000
202603250512,   2.324,9999.000,9999.000,9999.000,9999.000,9999.000,9999.000,9999.000,9999.000
202603250518,   2.364,9999.000,9999.000,9999.000,9999.000,9999.000,9999.000,9999.000,9999.000
202603250524,   2.402,9999.000,9999.000,9999.000,9999.000,9999.000,9999.000,9999.000,9999.000
202603250530,   2.438,9999.000,9999.000,9999.000,9999.000,9999.000,9999.000,9999.000,9999.000
202603250536,   2.470,9999.000,9999.000,9999.000,9999.000,9999.000,9999.000,9999.000,9999.000
202603250542,   2.500,9999.000,9999.000,9999.000,9999.000,9999.000,9999.000,9999.000,9999.000
202603250548,   2.527,9999.000,9999.000,9999.000,9999.000,9999.000,9999.000,9999.000,9999.000
202603250554,   2.550,9999.000,9999.000,9999.000,9999.000,9999.000,9999.000,9999.000,9999.000
202603250600,   2.571,9999.000,   0.500,   0.095,   3.166,   0.300,   2.966,   0.700,   3.366
202603250606,   2.589,9999.000,9999.000,9999.000,9999.000,9999.000,9999.000,9999.000,9999.000
202603250612,   2.603,9999.000,9999.000,9999.000,9999.000,9999.000,9999.000,9999.000,9999.000
202603250618,   2.614,9999.000,9999.000,9999.000,9999.000,9999.000,9999.000,9999.000,9999.000
202603250624,   2.623,9999.000,9999.000,9999.000,9999.000,9999.000,9999.000,9999.000,9999.000
202603250630,   2.628,9999.000,9999.000,9999.000,9999.000,9999.000,9999.000,9999.000,9999.000
202603250636,   2.630,9999.000,9999.000,9999.000,9999.000,9999.000,9999.000,9999.000,9999.000
202603250642,   2.630,9999.000,9999.000,9999.000,9999.000,9999.000,9999.000,9999.000,9999.000
202603250648,   2.626,9999.000,9999.000,9999.000,9999.000,9999.000,9999.000,9999.000,9999.000
202603250654,   2.620,9999.000,9999.000,9999.000,9999.000,9999.000,9999.000,9999.000,9999.000
202603250700,   2.611,9999.000,   0.500,   0.095,   3.206,   0.200,   2.906,   0.700,   3.406
202603250706,   2.599,9999.000,9999.000,9999.000,9999.000,9999.000,9999.000,9999.000,9999.000
202603250712,   2.585,9999.000,9999.000,9999.000,9999.000,9999.000,9999.000,9999.000,9999.000
202603250718,   2.569,9999.000,9999.000,9999.000,9999.000,9999.000,9999.000,9999.000,9999.000
202603250724,   2.550,9999.000,9999.000,9999.000,9999.000,9999.000,9999.000,9999.000,9999.000
202603250730,   2.529,9999.000,9999.000,9999.000,9999.000,9999.000,9999.000,9999.000,9999.000
202603250736,   2.505,9999.000,9999.000,9999.000,9999.000,9999.000,9999.000,9999.000,9999.000
202603250742,   2.480,9999.000,9999.000,9999.000,9999.000,9999.000,9999.000,9999.000,9999.000
202603250748,   2.453,9999.000,9999.000,9999.000,9999.000,9999.000,9999.000,9999.000,9999.000
202603250754,   2.424,9999.000,9999.000,9999.000,9999.000,9999.000,9999.000,9999.000,9999.000
202603250800,   2.393,9999.000,   0.500,   0.095,   2.988,   0.200,   2.688,   0.700,   3.188
202603250806,   2.360,9999.000,9999.000,9999.000,9999.000,9999.000,9999.000,9999.000,9999.000
202603250812,   2.326,9999.000,9999.000,9999.000,9999.000,9999.000,9999.000,9999.000,9999.000
202603250818,   2.290,9999.000,9999.000,9999.000,9999.000,9999.000,9999.000,9999.000,9999.000
202603250824,   2.252,9999.000,9999.000,9999.000,9999.000,9999.000,9999.000,9999.000,9999.000
202603250830,   2.213,9999.000,9999.000,9999.000,9999.000,9999.000,9999.000,9999.000,9999.000
202603250836,   2.173,9999.000,9999.000,9999.000,9999.000,9999.000,9999.000,9999.000,9999.000
202603250842,   2.131,9999.000,9999.000,9999.000,9999.000,9999.000,9999.000,9999.000,9999.000
202603250848,   2.088,9999.000,9999.000,9999.000,9999.000,9999.000,9999.000,9999.000,9999.000
202603250854,   2.044,9999.000,9999.000,9999.000,9999.000,9999.000,9999.000,9999.000,9999.000
202603250900,   1.998,9999.000,   0.500,   0.095,   2.593,   0.200,   2.293,   0.700,   2.793
202603250906,   1.952,9999.000,9999.000,9999.000,9999.000,9999.000,9999.000,9999.000,9999.000
202603250912,   1.904,9999.000,9999.000,9999.000,9999.000,9999.000,9999.000,9999.000,9999.000
202603250918,   1.855,9999.000,9999.000,9999.000,9999.000,9999.000,9999.000,9999.000,9999.000
202603250924,   1.805,9999.000,9999.000,9999.000,9999.000,9999.000,9999.000,9999.000,9999.000
202603250930,   1.755,9999.000,9999.000,9999.000,9999.000,9999.000,9999.000,9999.000,9999.000
202603250936,   1.704,9999.000,9999.000,9999.000,9999.000,9999.000,9999.000,9999.000,9999.000
202603250942,   1.652,9999.000,9999.000,9999.000,9999.000,9999.000,9999.000,9999.000,9999.000
202603250948,   1.599,9999.000,9999.000,9999.000,9999.000,9999.000,9999.000,9999.000,9999.000
202603250954,   1.547,9999.000,9999.000,9999.000,9999.000,9999.000,9999.000,9999.000,9999.000
202603251000,   1.493,9999.000,   0.500,   0.095,   2.088,   0.200,   1.788,   0.700,   2.288
202603251006,   1.440,9999.000,9999.000,9999.000,9999.000,9999.000,9999.000,9999.000,9999.000
202603251012,   1.387,9999.000,9999.000,9999.000,9999.000,9999.000,9999.000,9999.000,9999.000
202603251018,   1.333,9999.000,9999.000,9999.000,9999.000,9999.000,9999.000,9999.000,9999.000
202603251024,   1.280,9999.000,9999.000,9999.000,9999.000,9999.000,9999.000,9999.000,9999.000
202603251030,   1.227,9999.000,9999.000,9999.000,9999.000,9999.000,9999.000,9999.000,9999.000
202603251036,   1.175,9999.000,9999.000,9999.000,9999.000,9999.000,9999.000,9999.000,9999.000
202603251042,   1.123,9999.000,9999.000,9999.000,9999.000,9999.000,9999.000,9999.000,9999.000
202603251048,   1.071,9999.000,9999.000,9999.000,9999.000,9999.000,9999.000,9999.000,9999.000
202603251054,   1.021,9999.000,9999.000,9999.000,9999.000,9999.000,9999.000,9999.000,9999.000
202603251100,   0.971,9999.000,   0.400,   0.095,   1.466,   0.200,   1.266,   0.700,   1.766
202603251106,   0.923,9999.000,9999.000,9999.000,9999.000,9999.000,9999.000,9999.000,9999.000
202603251112,   0.876,9999.000,9999.000,9999.000,9999.000,9999.000,9999.000,9999.000,9999.000
202603251118,   0.829,9999.000,9999.000,9999.000,9999.000,9999.000,9999.000,9999.000,9999.000
202603251124,   0.785,9999.000,9999.000,9999.000,9999.000,9999.000,9999.000,9999.000,9999.000
202603251130,   0.741,9999.000,9999.000,9999.000,9999.000,9999.000,9999.000,9999.000,9999.000
202603251136,   0.700,9999.000,9999.000,9999.000,9999.000,9999.000,9999.000,9999.000,9999.000
202603251142,   0.659,9999.000,9999.000,9999.000,9999.000,9999.000,9999.000,9999.000,9999.000
202603251148,   0.621,9999.000,9999.000,9999.000,9999.000,9999.000,9999.000,9999.000,9999.000
202603251154,   0.584,9999.000,9999.000,9999.000,9999.000,9999.000,9999.000,9999.000,9999.000
202603251200,   0.549,9999.000,   0.400,   0.095,   1.044,   0.200,   0.844,   0.700,   1.344
202603251206,   0.516,9999.000,9999.000,9999.000,9999.000,9999.000,9999.000,9999.000,9999.000
202603251212,   0.486,9999.000,9999.000,9999.000,9999.000,9999.000,9999.000,9999.000,9999.000
202603251218,   0.457,9999.000,9999.000,9999.000,9999.000,9999.000,9999.000,9999.000,9999.000
202603251224,   0.430,9999.000,9999.000,9999.000,9999.000,9999.000,9999.000,9999.000,9999.000
202603251230,   0.406,9999.000,9999.000,9999.000,9999.000,9999.000,9999.000,9999.000,9999.000
202603251236,   0.384,9999.000,9999.000,9999.000,9999.000,9999.000,9999.000,9999.000,9999.000
202603251242,   0.364,9999.000,9999.000,9999.000,9999.000,9999.000,9999.000,9999.000,9999.000
202603251248,   0.346,9999.000,9999.000,9999.000,9999.000,9999.000,9999.000,9999.000,9999.000
202603251254,   0.331,9999.000,9999.000,9999.000,9999.000,9999.000,9999.000,9999.000,9999.000
202603251300,   0.319,9999.000,   0.400,   0.095,   0.814,   0.200,   0.614,   0.600,   1.014
202603251306,   0.309,9999.000,9999.000,9999.000,9999.000,9999.000,9999.000,9999.000,9999.000
202603251312,   0.301,9999.000,9999.000,9999.000,9999.000,9999.000,9999.000,9999.000,9999.000
202603251318,   0.296,9999.000,9999.000,9999.000,9999.000,9999.000,9999.000,9999.000,9999.000
202603251324,   0.294,9999.000,9999.000,9999.000,9999.000,9999.000,9999.000,9999.000,9999.000
202603251330,   0.295,9999.000,9999.000,9999.000,9999.000,9999.000,9999.000,9999.000,9999.000
202603251336,   0.298,9999.000,9999.000,9999.000,9999.000,9999.000,9999.000,9999.000,9999.000
202603251342,   0.303,9999.000,9999.000,9999.000,9999.000,9999.000,9999.000,9999.000,9999.000
202603251348,   0.312,9999.000,9999.000,9999.000,9999.000,9999.000,9999.000,9999.000,9999.000
202603251354,   0.323,9999.000,9999.000,9999.000,9999.000,9999.000,9999.000,9999.000,9999.000
202603251400,   0.336,9999.000,   0.400,   0.095,   0.831,   0.100,   0.531,   0.600,   1.031
202603251406,   0.352,9999.000,9999.000,9999.000,9999.000,9999.000,9999.000,9999.000,9999.000
202603251412,   0.371,9999.000,9999.000,9999.000,9999.000,9999.000,9999.000,9999.000,9999.000
202603251418,   0.392,9999.000,9999.000,9999.000,9999.000,9999.000,9999.000,9999.000,9999.000
202603251424,   0.415,9999.000,9999.000,9999.000,9999.000,9999.000,9999.000,9999.000,9999.000
202603251430,   0.441,9999.000,9999.000,9999.000,9999.000,9999.000,9999.000,9999.000,9999.000
202603251436,   0.469,9999.000,9999.000,9999.000,9999.000,9999.000,9999.000,9999.000,9999.000
202603251442,   0.499,9999.000,9999.000,9999.000,9999.000,9999.000,9999.000,9999.000,9999.000
202603251448,   0.531,9999.000,9999.000,9999.000,9999.000,9999.000,9999.000,9999.000,9999.000
202603251454,   0.565,9999.000,9999.000,9999.000,9999.000,9999.000,9999.000,9999.000,9999.000
202603251500,   0.601,9999.000,   0.400,   0.095,   1.096,   0.100,   0.796,   0.600,   1.296
202603251506,   0.639,9999.000,9999.000,9999.000,9999.000,9999.000,9999.000,9999.000,9999.000
202603251512,   0.678,9999.000,9999.000,9999.000,9999.000,9999.000,9999.000,9999.000,9999.000
202603251518,   0.719,9999.000,9999.000,9999.000,9999.000,9999.000,9999.000,9999.000,9999.000
202603251524,   0.761,9999.000,9999.000,9999.000,9999.000,9999.000,9999.000,9999.000,9999.000
202603251530,   0.804,9999.000,9999.000,9999.000,9999.000,9999.000,9999.000,9999.000,9999.000
202603251536,   0.849,9999.000,9999.000,9999.000,9999.000,9999.000,9999.000,9999.000,9999.000
202603251542,   0.895,9999.000,9999.000,9999.000,9999.000,9999.000,9999.000,9999.000,9999.000
202603251548,   0.941,9999.000,9999.000,9999.000,9999.000,9999.000,9999.000,9999.000,9999.000
202603251554,   0.989,9999.000,9999.000,9999.000,9999.000,9999.000,9999.000,9999.000,9999.000
202603251600,   1.037,9999.000,   0.400,   0.095,   1.532,   0.100,   1.232,   0.600,   1.732
202603251606,   1.086,9999.000,9999.000,9999.000,9999.000,9999.000,9999.000,9999.000,9999.000
202603251612,   1.135,9999.000,9999.000,9999.000,9999.000,9999.000,9999.000,9999.000,9999.000
202603251618,   1.184,9999.000,9999.000,9999.000,9999.000,9999.000,9999.000,9999.000,9999.000
202603251624,   1.234,9999.000,9999.000,9999.000,9999.000,9999.000,9999.000,9999.000,9999.000
202603251630,   1.283,9999.000,9999.000,9999.000,9999.000,9999.000,9999.000,9999.000,9999.000
202603251636,   1.332,9999.000,9999.000,9999.000,9999.000,9999.000,9999.000,9999.000,9999.000
202603251642,   1.381,9999.000,9999.000,9999.000,9999.000,9999.000,9999.000,9999.000,9999.000
202603251648,   1.430,9999.000,9999.000,9999.000,9999.000,9999.000,9999.000,9999.000,9999.000
202603251654,   1.478,9999.000,9999.000,9999.000,9999.000,9999.000,9999.000,9999.000,9999.000
202603251700,   1.525,9999.000,   0.400,   0.095,   2.020,   0.100,   1.720,   0.600,   2.220
202603251706,   1.571,9999.000,9999.000,9999.000,9999.000,9999.000,9999.000,9999.000,9999.000
202603251712,   1.616,9999.000,9999.000,9999.000,9999.000,9999.000,9999.000,9999.000,9999.000
202603251718,   1.659,9999.000,9999.000,9999.000,9999.000,9999.000,9999.000,9999.000,9999.000
202603251724,   1.701,9999.000,9999.000,9999.000,9999.000,9999.000,9999.000,9999.000,9999.000
202603251730,   1.742,9999.000,9999.000,9999.000,9999.000,9999.000,9999.000,9999.000,9999.000
202603251736,   1.781,9999.000,9999.000,9999.000,9999.000,9999.000,9999.000,9999.000,9999.000
202603251742,   1.818,9999.000,9999.000,9999.000,9999.000,9999.000,9999.000,9999.000,9999.000
202603251748,   1.853,9999.000,9999.000,9999.000,9999.000,9999.000,9999.000,9999.000,9999.000
202603251754,   1.885,9999.000,9999.000,9999.000,9999.000,9999.000,9999.000,9999.000,9999.000
202603251800,   1.915,9999.000,   0.400,   0.095,   2.410,   0.100,   2.110,   0.600,   2.610
