        TIME,    TIDE,      OB,   SURGE,    BIAS,     TWL,SURGE90p,  TWL90p,SURGE10p,   TWL10p
202607020000,   0.891,   1.279,   0.400,  -0.012,   1.279,   0.400,   1.279,   0.400,   1.279
202607020006,   0.855,9999.000,9999.000,9999.000,9999.000,9999.000,9999.000,9999.000,9999.000
202607020012,   0.820,   1.210,9999.000,9999.000,9999.000,9999.000,9999.000,9999.000,9999.000
202607020018,   0.784,9999.000,9999.000,9999.000,9999.000,9999.000,9999.000,9999.000,9999.000
202607020024,   0.748,   1.161,9999.000,9999.000,9999.000,9999.000,9999.000,9999.000,9999.000
202607020030,   0.712,9999.000,9999.000,9999.000,9999.000,9999.000,9999.000,9999.000,9999.000
202607020036,   0.676,   1.108,9999.000,9999.000,9999.000,9999.000,9999.000,9999.000,9999.000
202607020042,   0.641,9999.000,9999.000,9999.000,9999.000,9999.000,9999.000,9999.000,9999.000
202607020048,   0.605,   1.079,9999.000,9999.000,9999.000,9999.000,9999.000,9999.000,9999.000
202607020054,   0.570,9999.000,9999.000,9999.000,9999.000,9999.000,9999.000,9999.000,9999.000
202607020100,   0.535,   1.049,   0.400,   0.114,   1.049,   0.400,   1.049,   0.400,   1.049
202607020106,   0.500,   1.039,9999.000,9999.000,9999.000,9999.000,9999.000,9999.000,9999.000
202607020112,   0.465,   1.000,9999.000,9999.000,9999.000,9999.000,9999.000,9999.000,9999.000
202607020118,   0.431,   1.000,9999.000,9999.000,9999.000,9999.000,9999.000,9999.000,9999.000
202607020124,   0.397,   0.980,9999.000,9999.000,9999.000,9999.000,9999.000,9999.000,9999.000
202607020130,   0.364,   0.951,9999.000,9999.000,9999.000,9999.000,9999.000,9999.000,9999.000
202607020136,   0.331,   0.928,9999.000,9999.000,9999.000,9999.000,9999.000,9999.000,9999.000
202607020142,   0.298,   0.898,9999.000,9999.000,9999.000,9999.000,9999.000,9999.000,9999.000
202607020148,   0.267,   0.888,9999.000,9999.000,9999.000,9999.000,9999.000,9999.000,9999.000
202607020154,   0.235,   0.859,9999.000,9999.000,9999.000,9999.000,9999.000,9999.000,9999.000
202607020200,   0.205,   0.839,   0.400,   0.234,   0.839,   0.400,   0.839,   0.400,   0.839
202607020206,   0.175,   0.810,9999.000,9999.000,9999.000,9999.000,9999.000,9999.000,9999.000
202607020212,   0.146,   0.770,9999.000,9999.000,9999.000,9999.000,9999.000,9999.000,9999.000
202607020218,   0.117,   0.741,9999.000,9999.000,9999.000,9999.000,9999.000,9999.000,9999.000
202607020224,   0.090,   0.708,9999.000,9999.000,9999.000,9999.000,9999.000,9999.000,9999.000
202607020230,   0.063,   0.688,9999.000,9999.000,9999.000,9999.000,9999.000,9999.000,9999.000
202607020236,   0.037,   0.669,9999.000,9999.000,9999.000,9999.000,9999.000,9999.000,9999.000
202607020242,   0.011,   0.639,9999.000,9999.000,9999.000,9999.000,9999.000,9999.000,9999.000
202607020248,  -0.012,   0.610,9999.000,9999.000,9999.000,9999.000,9999.000,9999.000,9999.000
202607020254,  -0.036,   0.580,9999.000,9999.000,9999.000,9999.000,9999.000,9999.000,9999.000
202607020300,  -0.058,   0.560,   0.400,   0.218,   0.560,   0.400,   0.560,   0.400,   0.560
202607020306,  -0.080,   0.541,9999.000,9999.000,9999.000,9999.000,9999.000,9999.000,9999.000
202607020312,  -0.101,   0.531,9999.000,9999.000,9999.000,9999.000,9999.000,9999.000,9999.000
202607020318,  -0.121,   0.518,9999.000,9999.000,9999.000,9999.000,9999.000,9999.000,9999.000
202607020324,  -0.140,   0.518,9999.000,9999.000,9999.000,9999.000,9999.000,9999.000,9999.000
202607020330,  -0.158,   0.508,9999.000,9999.000,9999.000,9999.000,9999.000,9999.000,9999.000
202607020336,  -0.175,   0.488,9999.000,9999.000,9999.000,9999.000,9999.000,9999.000,9999.000
202607020342,  -0.191,   0.469,9999.000,9999.000,9999.000,9999.000,9999.000,9999.000,9999.000
202607020348,  -0.206,   0.459,9999.000,9999.000,9999.000,9999.000,9999.000,9999.000,9999.000
202607020354,  -0.221,   0.449,9999.000,9999.000,9999.000,9999.000,9999.000,9999.000,9999.000
202607020400,  -0.234,   0.429,   0.400,   0.263,   0.429,   0.400,   0.429,   0.400,   0.429
202607020406,  -0.247,   0.419,9999.000,9999.000,9999.000,9999.000,9999.000,9999.000,9999.000
202607020412,  -0.258,   0.400,9999.000,9999.000,9999.000,9999.000,9999.000,9999.000,9999.000
202607020418,  -0.269,   0.390,9999.000,9999.000,9999.000,9999.000,9999.000,9999.000,9999.000
202607020424,  -0.278,   0.370,9999.000,9999.000,9999.000,9999.000,9999.000,9999.000,9999.000
202607020430,  -0.287,   0.360,9999.000,9999.000,9999.000,9999.000,9999.000,9999.000,9999.000
202607020436,  -0.295,   0.341,9999.000,9999.000,9999.000,9999.000,9999.000,9999.000,9999.000
202607020442,  -0.302,   0.341,9999.000,9999.000,9999.000,9999.000,9999.000,9999.000,9999.000
202607020448,  -0.308,   0.321,9999.000,9999.000,9999.000,9999.000,9999.000,9999.000,9999.000
202607020454,  -0.313,   0.308,9999.000,9999.000,9999.000,9999.000,9999.000,9999.000,9999.000
202607020500,  -0.318,   0.288,   0.400,   0.206,   0.288,   0.400,   0.288,   0.400,   0.288
202607020506,  -0.321,   0.278,9999.000,9999.000,9999.000,9999.000,9999.000,9999.000,9999.000
202607020512,  -0.323,   0.278,9999.000,9999.000,9999.000,9999.000,9999.000,9999.000,9999.000
202607020518,  -0.325,   0.278,9999.000,9999.000,9999.000,9999.000,9999.000,9999.000,9999.000
202607020524,  -0.326,   0.278,9999.000,9999.000,9999.000,9999.000,9999.000,9999.000,9999.000
202607020530,  -0.326,   0.278,9999.000,9999.000,9999.000,9999.000,9999.000,9999.000,9999.000
202607020536,  -0.325,   0.288,9999.000,9999.000,9999.000,9999.000,9999.000,9999.000,9999.000
202607020542,  -0.323,   0.288,9999.000,9999.000,9999.000,9999.000,9999.000,9999.000,9999.000
202607020548,  -0.320,   0.278,9999.000,9999.000,9999.000,9999.000,9999.000,9999.000,9999.000
202607020554,  -0.317,   0.278,9999.000,9999.000,9999.000,9999.000,9999.000,9999.000,9999.000
202607020600,  -0.312,   0.278,   0.500,   0.090,   0.278,   0.500,   0.278,   0.500,   0.278
202607020606,  -0.307,   0.278,9999.000,9999.000,9999.000,9999.000,9999.000,9999.000,9999.000
202607020612,  -0.301,   0.268,9999.000,9999.000,9999.000,9999.000,9999.000,9999.000,9999.000
202607020618,  -0.294,   0.259,9999.000,9999.000,9999.000,9999.000,9999.000,9999.000,9999.000
202607020624,  -0.286,   0.268,9999.000,9999.000,9999.000,9999.000,9999.000,9999.000,9999.000
202607020630,  -0.277,   0.268,9999.000,9999.000,9999.000,9999.000,9999.000,9999.000,9999.000
202607020636,  -0.268,   0.268,9999.000,9999.000,9999.000,9999.000,9999.000,9999.000,9999.000
202607020642,  -0.257,   0.268,9999.000,9999.000,9999.000,9999.000,9999.000,9999.000,9999.000
202607020648,  -0.246,   0.268,9999.000,9999.000,9999.000,9999.000,9999.000,9999.000,9999.000
202607020654,  -0.233,   0.268,9999.000,9999.000,9999.000,9999.000,9999.000,9999.000,9999.000
202607020700,  -0.220,   0.278,   0.500,  -0.002,   0.278,   0.500,   0.278,   0.500,   0.278
202607020706,  -0.206,   0.288,9999.000,9999.000,9999.000,9999.000,9999.000,9999.000,9999.000
202607020712,  -0.192,   0.298,9999.000,9999.000,9999.000,9999.000,9999.000,9999.000,9999.000
202607020718,  -0.176,   0.321,9999.000,9999.000,9999.000,9999.000,9999.000,9999.000,9999.000
202607020724,  -0.160,   0.341,9999.000,9999.000,9999.000,9999.000,9999.000,9999.000,9999.000
202607020730,  -0.142,   0.360,9999.000,9999.000,9999.000,9999.000,9999.000,9999.000,9999.000
202607020736,  -0.124,   0.380,9999.000,9999.000,9999.000,9999.000,9999.000,9999.000,9999.000
202607020742,  -0.105,   0.409,9999.000,9999.000,9999.000,9999.000,9999.000,9999.000,9999.000
202607020748,  -0.086,   0.449,9999.000,9999.000,9999.000,9999.000,9999.000,9999.000,9999.000
202607020754,  -0.065,   0.469,9999.000,9999.000,9999.000,9999.000,9999.000,9999.000,9999.000
202607020800,  -0.044,   0.488,   0.500,   0.032,   0.488,   0.500,   0.488,   0.500,   0.488
202607020806,  -0.023,   0.518,9999.000,9999.000,9999.000,9999.000,9999.000,9999.000,9999.000
202607020812,   0.000,   0.541,9999.000,9999.000,9999.000,9999.000,9999.000,9999.000,9999.000
202607020818,   0.022,   0.560,9999.000,9999.000,9999.000,9999.000,9999.000,9999.000,9999.000
202607020824,   0.046,   0.580,9999.000,9999.000,9999.000,9999.000,9999.000,9999.000,9999.000
202607020830,   0.070,   0.610,9999.000,9999.000,9999.000,9999.000,9999.000,9999.000,9999.000
202607020836,   0.095,   0.629,9999.000,9999.000,9999.000,9999.000,9999.000,9999.000,9999.000
202607020842,   0.121,   0.659,9999.000,9999.000,9999.000,9999.000,9999.000,9999.000,9999.000
202607020848,   0.146,   0.688,9999.000,9999.000,9999.000,9999.000,9999.000,9999.000,9999.000
202607020854,   0.173,   0.698,9999.000,9999.000,9999.000,9999.000,9999.000,9999.000,9999.000
202607020900,   0.199,   0.718,   0.500,   0.019,   0.718,   0.500,   0.718,   0.600,   0.818
202607020906,   0.226,   0.741,9999.000,9999.000,9999.000,9999.000,9999.000,9999.000,9999.000
202607020912,   0.254,   0.760,9999.000,9999.000,9999.000,9999.000,9999.000,9999.000,9999.000
202607020918,   0.281,   0.780,9999.000,9999.000,9999.000,9999.000,9999.000,9999.000,9999.000
202607020924,   0.309,   0.790,9999.000,9999.000,9999.000,9999.000,9999.000,9999.000,9999.000
202607020930,   0.337,   0.819,9999.000,9999.000,9999.000,9999.000,9999.000,9999.000,9999.000
202607020936,   0.365,   0.839,9999.000,9999.000,9999.000,9999.000,9999.000,9999.000,9999.000
202607020942,   0.393,   0.859,9999.000,9999.000,9999.000,9999.000,9999.000,9999.000,9999.000
202607020948,   0.421,   0.888,9999.000,9999.000,9999.000,9999.000,9999.000,9999.000,9999.000
202607020954,   0.449,   0.908,9999.000,9999.000,9999.000,9999.000,9999.000,9999.000,9999.000
202607021000,   0.477,   0.941,   0.500,  -0.036,   0.941,   0.500,   0.941,   0.600,   1.041
202607021006,   0.504,   0.961,9999.000,9999.000,9999.000,9999.000,9999.000,9999.000,9999.000
202607021012,   0.532,   0.980,9999.000,9999.000,9999.000,9999.000,9999.000,9999.000,9999.000
202607021018,   0.559,   1.029,9999.000,9999.000,9999.000,9999.000,9999.000,9999.000,9999.000
202607021024,   0.586,   1.059,9999.000,9999.000,9999.000,9999.000,9999.000,9999.000,9999.000
202607021030,   0.613,   1.079,9999.000,9999.000,9999.000,9999.000,9999.000,9999.000,9999.000
202607021036,   0.639,   1.088,9999.000,9999.000,9999.000,9999.000,9999.000,9999.000,9999.000
202607021042,   0.665,   1.108,9999.000,9999.000,9999.000,9999.000,9999.000,9999.000,9999.000
202607021048,   0.690,   1.128,9999.000,9999.000,9999.000,9999.000,9999.000,9999.000,9999.000
202607021054,   0.715,   1.161,9999.000,9999.000,9999.000,9999.000,9999.000,9999.000,9999.000
202607021100,   0.739,   1.190,   0.500,  -0.049,   1.190,   0.500,   1.190,   0.600,   1.290
202607021106,   0.763,   1.210,9999.000,9999.000,9999.000,9999.000,9999.000,9999.000,9999.000
202607021112,   0.786,   1.210,9999.000,9999.000,9999.000,9999.000,9999.000,9999.000,9999.000
202607021118,   0.809,   1.229,9999.000,9999.000,9999.000,9999.000,9999.000,9999.000,9999.000
202607021124,   0.831,   1.249,9999.000,9999.000,9999.000,9999.000,9999.000,9999.000,9999.000
202607021130,   0.852,   1.269,9999.000,9999.000,9999.000,9999.000,9999.000,9999.000,9999.000
202607021136,   0.873,   1.289,9999.000,9999.000,9999.000,9999.000,9999.000,9999.000,9999.000
202607021142,   0.893,   1.298,9999.000,9999.000,9999.000,9999.000,9999.000,9999.000,9999.000
202607021148,   0.913,   1.308,9999.000,9999.000,9999.000,9999.000,9999.000,9999.000,9999.000
202607021154,   0.932,   1.318,9999.000,9999.000,9999.000,9999.000,9999.000,9999.000,9999.000
202607021200,   0.951,   1.338,   0.600,  -0.213,   1.338,   0.600,   1.338,   0.600,   1.338
202607021206,   0.968,   1.348,9999.000,9999.000,9999.000,9999.000,9999.000,9999.000,9999.000
202607021212,   0.986,   1.371,9999.000,9999.000,9999.000,9999.000,9999.000,9999.000,9999.000
202607021218,   1.003,   1.380,9999.000,9999.000,9999.000,9999.000,9999.000,9999.000,9999.000
202607021224,   1.019,   1.400,9999.000,9999.000,9999.000,9999.000,9999.000,9999.000,9999.000
202607021230,   1.035,   1.410,9999.000,9999.000,9999.000,9999.000,9999.000,9999.000,9999.000
202607021236,   1.050,   1.380,9999.000,9999.000,9999.000,9999.000,9999.000,9999.000,9999.000
202607021242,   1.065,   1.400,9999.000,9999.000,9999.000,9999.000,9999.000,9999.000,9999.000
202607021248,   1.079,   1.400,9999.000,9999.000,9999.000,9999.000,9999.000,9999.000,9999.000
202607021254,   1.094,   1.420,9999.000,9999.000,9999.000,9999.000,9999.000,9999.000,9999.000
202607021300,   1.107,   1.430,   0.600,  -0.277,   1.430,   0.600,   1.430,   0.600,   1.430
202607021306,   1.121,   1.469,9999.000,9999.000,9999.000,9999.000,9999.000,9999.000,9999.000
202607021312,   1.134,   1.498,9999.000,9999.000,9999.000,9999.000,9999.000,9999.000,9999.000
202607021318,   1.147,   1.479,9999.000,9999.000,9999.000,9999.000,9999.000,9999.000,9999.000
202607021324,   1.160,   1.498,9999.000,9999.000,9999.000,9999.000,9999.000,9999.000,9999.000
202607021330,   1.173,   1.498,9999.000,9999.000,9999.000,9999.000,9999.000,9999.000,9999.000
202607021336,   1.186,   1.518,9999.000,9999.000,9999.000,9999.000,9999.000,9999.000,9999.000
202607021342,   1.199,   1.528,9999.000,9999.000,9999.000,9999.000,9999.000,9999.000,9999.000
202607021348,   1.211,   1.538,9999.000,9999.000,9999.000,9999.000,9999.000,9999.000,9999.000
202607021354,   1.224,   1.580,9999.000,9999.000,9999.000,9999.000,9999.000,9999.000,9999.000
202607021400,   1.237,   1.610,   0.600,  -0.227,   1.610,   0.600,   1.610,   0.600,   1.610
202607021406,   1.250,   1.620,9999.000,9999.000,9999.000,9999.000,9999.000,9999.000,9999.000
202607021412,   1.263,   1.620,9999.000,9999.000,9999.000,9999.000,9999.000,9999.000,9999.000
202607021418,   1.276,   1.639,9999.000,9999.000,9999.000,9999.000,9999.000,9999.000,9999.000
202607021424,   1.289,   1.689,9999.000,9999.000,9999.000,9999.000,9999.000,9999.000,9999.000
202607021430,   1.303,   1.679,9999.000,9999.000,9999.000,9999.000,9999.000,9999.000,9999.000
202607021436,   1.316,   1.699,9999.000,9999.000,9999.000,9999.000,9999.000,9999.000,9999.000
202607021442,   1.330,   1.738,9999.000,9999.000,9999.000,9999.000,9999.000,9999.000,9999.000
202607021448,   1.344,   1.758,9999.000,9999.000,9999.000,9999.000,9999.000,9999.000,9999.000
202607021454,   1.359,   1.790,9999.000,9999.000,9999.000,9999.000,9999.000,9999.000,9999.000
202607021500,   1.373,   1.810,   0.600,  -0.163,   1.810,   0.600,   1.810,   0.600,   1.810
202607021506,   1.388,   1.820,9999.000,9999.000,9999.000,9999.000,9999.000,9999.000,9999.000
202607021512,   1.404,   1.840,9999.000,9999.000,9999.000,9999.000,9999.000,9999.000,9999.000
202607021518,   1.419,   1.879,9999.000,9999.000,9999.000,9999.000,9999.000,9999.000,9999.000
202607021524,   1.435,   1.928,9999.000,9999.000,9999.000,9999.000,9999.000,9999.000,9999.000
202607021530,   1.450,   1.958,9999.000,9999.000,9999.000,9999.000,9999.000,9999.000,9999.000
202607021536,   1.466,   1.981,9999.000,9999.000,9999.000,9999.000,9999.000,9999.000,9999.000
202607021542,   1.483,   2.000,9999.000,9999.000,9999.000,9999.000,9999.000,9999.000,9999.000
202607021548,   1.499,   2.020,9999.000,9999.000,9999.000,9999.000,9999.000,9999.000,9999.000
202607021554,   1.516,   2.030,9999.000,9999.000,9999.000,9999.000,9999.000,9999.000,9999.000
202607021600,   1.532,   2.059,   0.600,  -0.073,   2.059,   0.600,   2.059,   0.600,   2.059
202607021606,   1.549,   2.079,9999.000,9999.000,9999.000,9999.000,9999.000,9999.000,9999.000
202607021612,   1.566,   2.089,9999.000,9999.000,9999.000,9999.000,9999.000,9999.000,9999.000
202607021618,   1.582,   2.109,9999.000,9999.000,9999.000,9999.000,9999.000,9999.000,9999.000
202607021624,   1.599,   2.128,9999.000,9999.000,9999.000,9999.000,9999.000,9999.000,9999.000
202607021630,   1.616,   2.138,9999.000,9999.000,9999.000,9999.000,9999.000,9999.000,9999.000
202607021636,   1.632,   2.158,9999.000,9999.000,9999.000,9999.000,9999.000,9999.000,9999.000
202607021642,   1.649,   2.158,9999.000,9999.000,9999.000,9999.000,9999.000,9999.000,9999.000
202607021648,   1.665,   2.128,9999.000,9999.000,9999.000,9999.000,9999.000,9999.000,9999.000
202607021654,   1.681,   2.158,9999.000,9999.000,9999.000,9999.000,9999.000,9999.000,9999.000
202607021700,   1.697,   2.191,   0.600,  -0.106,   2.191,   0.600,   2.191,   0.600,   2.191
202607021706,   1.712,   2.230,9999.000,9999.000,9999.000,9999.000,9999.000,9999.000,9999.000
202607021712,   1.727,   2.250,9999.000,9999.000,9999.000,9999.000,9999.000,9999.000,9999.000
202607021718,   1.742,   2.269,9999.000,9999.000,9999.000,9999.000,9999.000,9999.000,9999.000
202607021724,   1.756,   2.279,9999.000,9999.000,9999.000,9999.000,9999.000,9999.000,9999.000
202607021730,   1.770,   2.309,9999.000,9999.000,9999.000,9999.000,9999.000,9999.000,9999.000
202607021736,   1.783,   2.309,9999.000,9999.000,9999.000,9999.000,9999.000,9999.000,9999.000
202607021742,   1.796,   2.328,9999.000,9999.000,9999.000,9999.000,9999.000,9999.000,9999.000
202607021748,   1.808,   2.348,9999.000,9999.000,9999.000,9999.000,9999.000,9999.000,9999.000
202607021754,   1.819,   2.368,9999.000,9999.000,9999.000,9999.000,9999.000,9999.000,9999.000
202607021800,   1.830,   2.348,   0.500,   0.018,   2.348,   0.500,   2.348,   0.600,   2.448
202607021806,   1.841,   2.377,9999.000,9999.000,9999.000,9999.000,9999.000,9999.000,9999.000
202607021812,   1.850,   2.387,9999.000,9999.000,9999.000,9999.000,9999.000,9999.000,9999.000
202607021818,   1.859,   2.377,9999.000,9999.000,9999.000,9999.000,9999.000,9999.000,9999.000
202607021824,   1.867,   2.387,9999.000,9999.000,9999.000,9999.000,9999.000,9999.000,9999.000
202607021830,   1.874,   2.420,9999.000,9999.000,9999.000,9999.000,9999.000,9999.000,9999.000
202607021836,   1.881,   2.430,9999.000,9999.000,9999.000,9999.000,9999.000,9999.000,9999.000
202607021842,   1.887,   2.420,9999.000,9999.000,9999.000,9999.000,9999.000,9999.000,9999.000
202607021848,   1.892,   2.440,9999.000,9999.000,9999.000,9999.000,9999.000,9999.000,9999.000
202607021854,   1.896,   2.459,9999.000,9999.000,9999.000,9999.000,9999.000,9999.000,9999.000
202607021900,   1.900,   2.469,   0.500,   0.069,   2.469,   0.500,   2.469,   0.600,   2.569
202607021906,   1.902,   2.469,9999.000,9999.000,9999.000,9999.000,9999.000,9999.000,9999.000
202607021912,   1.904,   2.469,9999.000,9999.000,9999.000,9999.000,9999.000,9999.000,9999.000
202607021918,   1.905,   2.479,9999.000,9999.000,9999.000,9999.000,9999.000,9999.000,9999.000
202607021924,   1.905,   2.489,9999.000,9999.000,9999.000,9999.000,9999.000,9999.000,9999.000
202607021930,   1.904,   2.479,9999.000,9999.000,9999.000,9999.000,9999.000,9999.000,9999.000
202607021936,   1.903,   2.489,9999.000,9999.000,9999.000,9999.000,9999.000,9999.000,9999.000
202607021942,   1.900,   2.499,9999.000,9999.000,9999.000,9999.000,9999.000,9999.000,9999.000
202607021948,   1.897,   2.499,9999.000,9999.000,9999.000,9999.000,9999.000,9999.000,9999.000
202607021954,   1.893,   2.499,9999.000,9999.000,9999.000,9999.000,9999.000,9999.000,9999.000
202607022000,   1.888,   2.509,   0.500,   0.121,   2.509,   0.500,   2.509,   0.600,   2.609
202607022006,   1.882,   2.509,9999.000,9999.000,9999.000,9999.000,9999.000,9999.000,9999.000
202607022012,   1.876,   2.509,9999.000,9999.000,9999.000,9999.000,9999.000,9999.000,9999.000
202607022018,   1.868,   2.509,9999.000,9999.000,9999.000,9999.000,9999.000,9999.000,9999.000
202607022024,   1.860,   2.509,9999.000,9999.000,9999.000,9999.000,9999.000,9999.000,9999.000
202607022030,   1.851,   2.499,9999.000,9999.000,9999.000,9999.000,9999.000,9999.000,9999.000
202607022036,   1.841,   2.499,9999.000,9999.000,9999.000,9999.000,9999.000,9999.000,9999.000
202607022042,   1.831,   2.499,9999.000,9999.000,9999.000,9999.000,9999.000,9999.000,9999.000
202607022048,   1.819,   2.479,9999.000,9999.000,9999.000,9999.000,9999.000,9999.000,9999.000
202607022054,   1.807,   2.479,9999.000,9999.000,9999.000,9999.000,9999.000,9999.000,9999.000
202607022100,   1.794,   2.469,   0.500,   0.175,   2.469,   0.500,   2.469,   0.600,   2.569
202607022106,   1.780,   2.469,9999.000,9999.000,9999.000,9999.000,9999.000,9999.000,9999.000
202607022112,   1.765,   2.459,9999.000,9999.000,9999.000,9999.000,9999.000,9999.000,9999.000
202607022118,   1.750,   2.459,9999.000,9999.000,9999.000,9999.000,9999.000,9999.000,9999.000
202607022124,   1.733,   2.440,9999.000,9999.000,9999.000,9999.000,9999.000,9999.000,9999.000
202607022130,   1.716,   2.430,9999.000,9999.000,9999.000,9999.000,9999.000,9999.000,9999.000
202607022136,   1.698,   2.420,9999.000,9999.000,9999.000,9999.000,9999.000,9999.000,9999.000
202607022142,   1.680,   2.410,9999.000,9999.000,9999.000,9999.000,9999.000,9999.000,9999.000
202607022148,   1.660,   2.400,9999.000,9999.000,9999.000,9999.000,9999.000,9999.000,9999.000
202607022154,   1.640,   2.387,9999.000,9999.000,9999.000,9999.000,9999.000,9999.000,9999.000
202607022200,   1.619,   2.377,   0.500,   0.258,   2.377,   0.500,   2.377,   0.600,   2.477
202607022206,   1.597,   2.358,9999.000,9999.000,9999.000,9999.000,9999.000,9999.000,9999.000
202607022212,   1.574,   2.348,9999.000,9999.000,9999.000,9999.000,9999.000,9999.000,9999.000
202607022218,   1.551,   2.338,9999.000,9999.000,9999.000,9999.000,9999.000,9999.000,9999.000
202607022224,   1.527,   2.318,9999.000,9999.000,9999.000,9999.000,9999.000,9999.000,9999.000
202607022230,   1.502,   2.299,9999.000,9999.000,9999.000,9999.000,9999.000,9999.000,9999.000
202607022236,   1.476,   2.269,9999.000,9999.000,9999.000,9999.000,9999.000,9999.000,9999.000
202607022242,   1.450,   2.250,9999.000,9999.000,9999.000,9999.000,9999.000,9999.000,9999.000
202607022248,   1.423,   2.220,9999.000,9999.000,9999.000,9999.000,9999.000,9999.000,9999.000
202607022254,   1.395,   2.177,9999.000,9999.000,9999.000,9999.000,9999.000,9999.000,9999.000
202607022300,   1.366,   2.158,   0.600,   0.192,   2.158,   0.500,   2.058,   0.600,   2.158
202607022306,   1.337,   2.138,9999.000,9999.000,9999.000,9999.000,9999.000,9999.000,9999.000
202607022312,   1.307,   2.118,9999.000,9999.000,9999.000,9999.000,9999.000,9999.000,9999.000
202607022318,   1.277,   2.089,9999.000,9999.000,9999.000,9999.000,9999.000,9999.000,9999.000
202607022324,   1.246,   2.059,9999.000,9999.000,9999.000,9999.000,9999.000,9999.000,9999.000
202607022330,   1.214,   2.020,9999.000,9999.000,9999.000,9999.000,9999.000,9999.000,9999.000
202607022336,   1.182,   1.981,9999.000,9999.000,9999.000,9999.000,9999.000,9999.000,9999.000
202607022342,   1.149,   1.948,9999.000,9999.000,9999.000,9999.000,9999.000,9999.000,9999.000
202607022348,   1.116,   1.899,9999.000,9999.000,9999.000,9999.000,9999.000,9999.000,9999.000
202607022354,   1.082,   1.869,9999.000,9999.000,9999.000,9999.000,9999.000,9999.000,9999.000
202607030000,   1.048,   1.820,   0.600,   0.172,   1.820,   0.600,   1.820,   0.600,   1.820
202607030006,   1.013,   1.767,9999.000,9999.000,9999.000,9999.000,9999.000,9999.000,9999.000
202607030012,   0.978,   1.708,9999.000,9999.000,9999.000,9999.000,9999.000,9999.000,9999.000
202607030018,   0.943,   1.679,9999.000,9999.000,9999.000,9999.000,9999.000,9999.000,9999.000
202607030024,   0.908,   1.639,9999.000,9999.000,9999.000,9999.000,9999.000,9999.000,9999.000
202607030030,   0.872,   1.610,9999.000,9999.000,9999.000,9999.000,9999.000,9999.000,9999.000
202607030036,   0.836,   1.571,9999.000,9999.000,9999.000,9999.000,9999.000,9999.000,9999.000
202607030042,   0.800,   1.528,9999.000,9999.000,9999.000,9999.000,9999.000,9999.000,9999.000
202607030048,   0.764,   1.469,9999.000,9999.000,9999.000,9999.000,9999.000,9999.000,9999.000
202607030054,   0.728,   1.430,9999.000,9999.000,9999.000,9999.000,9999.000,9999.000,9999.000
202607030100,   0.693,   1.390,   0.600,   0.097,   1.390,   0.600,   1.390,   0.600,   1.390
202607030106,   0.657,   1.361,9999.000,9999.000,9999.000,9999.000,9999.000,9999.000,9999.000
202607030112,   0.621,   1.318,9999.000,9999.000,9999.000,9999.000,9999.000,9999.000,9999.000
202607030118,   0.586,   1.279,9999.000,9999.000,9999.000,9999.000,9999.000,9999.000,9999.000
202607030124,   0.551,   1.239,9999.000,9999.000,9999.000,9999.000,9999.000,9999.000,9999.000
202607030130,   0.516,   1.200,9999.000,9999.000,9999.000,9999.000,9999.000,9999.000,9999.000
202607030136,   0.481,   1.180,9999.000,9999.000,9999.000,9999.000,9999.000,9999.000,9999.000
202607030142,   0.447,   1.151,9999.000,9999.000,9999.000,9999.000,9999.000,9999.000,9999.000
202607030148,   0.414,   1.108,9999.000,9999.000,9999.000,9999.000,9999.000,9999.000,9999.000
202607030154,   0.381,   1.069,9999.000,9999.000,9999.000,9999.000,9999.000,9999.000,9999.000
202607030200,   0.348,   1.039,   0.600,   0.091,   1.039,   0.600,   1.039,   0.600,   1.039
202607030206,   0.317,   1.010,9999.000,9999.000,9999.000,9999.000,9999.000,9999.000,9999.000
202607030212,   0.285,   0.990,9999.000,9999.000,9999.000,9999.000,9999.000,9999.000,9999.000
202607030218,   0.255,   0.970,9999.000,9999.000,9999.000,9999.000,9999.000,9999.000,9999.000
202607030224,   0.225,   0.951,9999.000,9999.000,9999.000,9999.000,9999.000,9999.000,9999.000
202607030230,   0.196,   0.928,9999.000,9999.000,9999.000,9999.000,9999.000,9999.000,9999.000
202607030236,   0.168,   0.908,9999.000,9999.000,9999.000,9999.000,9999.000,9999.000,9999.000
202607030242,   0.141,   0.879,9999.000,9999.000,9999.000,9999.000,9999.000,9999.000,9999.000
202607030248,   0.114,   0.859,9999.000,9999.000,9999.000,9999.000,9999.000,9999.000,9999.000
202607030254,   0.088,   0.839,9999.000,9999.000,9999.000,9999.000,9999.000,9999.000,9999.000
202607030300,   0.064,   0.819,   0.600,   0.155,   0.819,   0.600,   0.819,   0.600,   0.819
202607030306,   0.040,   0.800,9999.000,9999.000,9999.000,9999.000,9999.000,9999.000,9999.000
202607030312,   0.017,   0.790,9999.000,9999.000,9999.000,9999.000,9999.000,9999.000,9999.000
202607030318,  -0.004,   0.760,9999.000,9999.000,9999.000,9999.000,9999.000,9999.000,9999.000
202607030324,  -0.025,   0.741,9999.000,9999.000,9999.000,9999.000,9999.000,9999.000,9999.000
202607030330,  -0.045,   0.731,9999.000,9999.000,9999.000,9999.000,9999.000,9999.000,9999.000
202607030336,  -0.064,   0.708,9999.000,9999.000,9999.000,9999.000,9999.000,9999.000,9999.000
202607030342,  -0.082,   0.688,9999.000,9999.000,9999.000,9999.000,9999.000,9999.000,9999.000
202607030348,  -0.099,   0.678,9999.000,9999.000,9999.000,9999.000,9999.000,9999.000,9999.000
202607030354,  -0.115,   0.659,9999.000,9999.000,9999.000,9999.000,9999.000,9999.000,9999.000
202607030400,  -0.130,   0.639,   0.600,   0.169,   0.639,   0.600,   0.639,   0.600,   0.639
202607030406,  -0.144,   0.619,9999.000,9999.000,9999.000,9999.000,9999.000,9999.000,9999.000
202607030412,  -0.157,   0.610,9999.000,9999.000,9999.000,9999.000,9999.000,9999.000,9999.000
202607030418,  -0.170,   0.590,9999.000,9999.000,9999.000,9999.000,9999.000,9999.000,9999.000
202607030424,  -0.181,   0.570,9999.000,9999.000,9999.000,9999.000,9999.000,9999.000,9999.000
202607030430,  -0.191,   0.560,9999.000,9999.000,9999.000,9999.000,9999.000,9999.000,9999.000
202607030436,  -0.201,   0.551,9999.000,9999.000,9999.000,9999.000,9999.000,9999.000,9999.000
202607030442,  -0.209,   0.551,9999.000,9999.000,9999.000,9999.000,9999.000,9999.000,9999.000
202607030448,  -0.217,   0.531,9999.000,9999.000,9999.000,9999.000,9999.000,9999.000,9999.000
202607030454,  -0.223,   0.518,9999.000,9999.000,9999.000,9999.000,9999.000,9999.000,9999.000
202607030500,  -0.229,   0.508,   0.600,   0.137,   0.508,   0.600,   0.508,   0.600,   0.508
202607030506,  -0.234,   0.488,9999.000,9999.000,9999.000,9999.000,9999.000,9999.000,9999.000
202607030512,  -0.238,   0.478,9999.000,9999.000,9999.000,9999.000,9999.000,9999.000,9999.000
202607030518,  -0.241,   0.459,9999.000,9999.000,9999.000,9999.000,9999.000,9999.000,9999.000
202607030524,  -0.243,   0.449,9999.000,9999.000,9999.000,9999.000,9999.000,9999.000,9999.000
202607030530,  -0.245,   0.429,9999.000,9999.000,9999.000,9999.000,9999.000,9999.000,9999.000
202607030536,  -0.245,   0.419,9999.000,9999.000,9999.000,9999.000,9999.000,9999.000,9999.000
202607030542,  -0.245,   0.409,9999.000,9999.000,9999.000,9999.000,9999.000,9999.000,9999.000
202607030548,  -0.244,   0.400,9999.000,9999.000,9999.000,9999.000,9999.000,9999.000,9999.000
202607030554,  -0.242,   0.390,9999.000,9999.000,9999.000,9999.000,9999.000,9999.000,9999.000
202607030600,  -0.240,   0.380,   0.600,   0.020,   0.380,   0.600,   0.380,   0.700,   0.480
202607030606,  -0.236,   0.370,9999.000,9999.000,9999.000,9999.000,9999.000,9999.000,9999.000
202607030612,  -0.232,   0.370,9999.000,9999.000,9999.000,9999.000,9999.000,9999.000,9999.000
202607030618,  -0.227,   0.360,9999.000,9999.000,9999.000,9999.000,9999.000,9999.000,9999.000
202607030624,  -0.221,   0.380,9999.000,9999.000,9999.000,9999.000,9999.000,9999.000,9999.000
202607030630,  -0.214,   0.380,9999.000,9999.000,9999.000,9999.000,9999.000,9999.000,9999.000
202607030636,  -0.207,   0.380,9999.000,9999.000,9999.000,9999.000,9999.000,9999.000,9999.000
202607030642,  -0.199,   0.380,9999.000,9999.000,9999.000,9999.000,9999.000,9999.000,9999.000
202607030648,  -0.190,   0.390,9999.000,9999.000,9999.000,9999.000,9999.000,9999.000,9999.000
202607030654,  -0.180,   0.400,9999.000,9999.000,9999.000,9999.000,9999.000,9999.000,9999.000
202607030700,  -0.170,   0.400,   0.600,  -0.030,   0.400,   0.600,   0.400,   0.700,   0.500
202607030706,  -0.158,   0.409,9999.000,9999.000,9999.000,9999.000,9999.000,9999.000,9999.000
202607030712,  -0.146,   0.429,9999.000,9999.000,9999.000,9999.000,9999.000,9999.000,9999.000
202607030718,  -0.133,   0.439,9999.000,9999.000,9999.000,9999.000,9999.000,9999.000,9999.000
202607030724,  -0.120,   0.449,9999.000,9999.000,9999.000,9999.000,9999.000,9999.000,9999.000
202607030730,  -0.105,   0.469,9999.000,9999.000,9999.000,9999.000,9999.000,9999.000,9999.000
202607030736,  -0.090,   0.478,9999.000,9999.000,9999.000,9999.000,9999.000,9999.000,9999.000
202607030742,  -0.074,   0.508,9999.000,9999.000,9999.000,9999.000,9999.000,9999.000,9999.000
202607030748,  -0.057,   0.518,9999.000,9999.000,9999.000,9999.000,9999.000,9999.000,9999.000
202607030754,  -0.040,   0.518,9999.000,9999.000,9999.000,9999.000,9999.000,9999.000,9999.000
202607030800,  -0.022,   0.541,   0.600,  -0.037,   0.541,   0.600,   0.541,   0.700,   0.641
202607030806,  -0.003,   0.551,9999.000,9999.000,9999.000,9999.000,9999.000,9999.000,9999.000
202607030812,   0.016,   0.570,9999.000,9999.000,9999.000,9999.000,9999.000,9999.000,9999.000
202607030818,   0.036,   0.580,9999.000,9999.000,9999.000,9999.000,9999.000,9999.000,9999.000
202607030824,   0.057,   0.590,9999.000,9999.000,9999.000,9999.000,9999.000,9999.000,9999.000
202607030830,   0.078,   0.610,9999.000,9999.000,9999.000,9999.000,9999.000,9999.000,9999.000
202607030836,   0.101,   0.610,9999.000,9999.000,9999.000,9999.000,9999.000,9999.000,9999.000
202607030842,   0.123,   0.629,9999.000,9999.000,9999.000,9999.000,9999.000,9999.000,9999.000
202607030848,   0.146,   0.639,9999.000,9999.000,9999.000,9999.000,9999.000,9999.000,9999.000
202607030854,   0.170,   0.659,9999.000,9999.000,9999.000,9999.000,9999.000,9999.000,9999.000
202607030900,   0.194,   0.678,   0.600,  -0.116,   0.678,   0.600,   0.678,   0.700,   0.778
202607030906,   0.219,   0.698,9999.000,9999.000,9999.000,9999.000,9999.000,9999.000,9999.000
202607030912,   0.244,   0.718,9999.000,9999.000,9999.000,9999.000,9999.000,9999.000,9999.000
202607030918,   0.269,   0.751,9999.000,9999.000,9999.000,9999.000,9999.000,9999.000,9999.000
202607030924,   0.295,   0.770,9999.000,9999.000,9999.000,9999.000,9999.000,9999.000,9999.000
202607030930,   0.321,   0.790,9999.000,9999.000,9999.000,9999.000,9999.000,9999.000,9999.000
202607030936,   0.347,   0.819,9999.000,9999.000,9999.000,9999.000,9999.000,9999.000,9999.000
202607030942,   0.373,   0.839,9999.000,9999.000,9999.000,9999.000,9999.000,9999.000,9999.000
202607030948,   0.400,   0.869,9999.000,9999.000,9999.000,9999.000,9999.000,9999.000,9999.000
202607030954,   0.426,   0.898,9999.000,9999.000,9999.000,9999.000,9999.000,9999.000,9999.000
202607031000,   0.453,   0.918,   0.600,  -0.135,   0.918,   0.600,   0.918,   0.700,   1.018
202607031006,   0.479,   0.941,9999.000,9999.000,9999.000,9999.000,9999.000,9999.000,9999.000
202607031012,   0.506,   0.970,9999.000,9999.000,9999.000,9999.000,9999.000,9999.000,9999.000
202607031018,   0.532,   1.000,9999.000,9999.000,9999.000,9999.000,9999.000,9999.000,9999.000
202607031024,   0.558,   1.010,9999.000,9999.000,9999.000,9999.000,9999.000,9999.000,9999.000
202607031030,   0.583,   1.039,9999.000,9999.000,9999.000,9999.000,9999.000,9999.000,9999.000
202607031036,   0.609,   1.059,9999.000,9999.000,9999.000,9999.000,9999.000,9999.000,9999.000
202607031042,   0.634,   1.079,9999.000,9999.000,9999.000,9999.000,9999.000,9999.000,9999.000
202607031048,   0.659,   1.098,9999.000,9999.000,9999.000,9999.000,9999.000,9999.000,9999.000
202607031054,   0.683,   1.118,9999.000,9999.000,9999.000,9999.000,9999.000,9999.000,9999.000
202607031100,   0.707,   1.138,   0.600,  -0.169,   1.138,   0.600,   1.138,   0.700,   1.238
202607031106,   0.730,   1.161,9999.000,9999.000,9999.000,9999.000,9999.000,9999.000,9999.000
202607031112,   0.753,   1.190,9999.000,9999.000,9999.000,9999.000,9999.000,9999.000,9999.000
202607031118,   0.775,   1.200,9999.000,9999.000,9999.000,9999.000,9999.000,9999.000,9999.000
202607031124,   0.796,   1.220,9999.000,9999.000,9999.000,9999.000,9999.000,9999.000,9999.000
202607031130,   0.817,   1.239,9999.000,9999.000,9999.000,9999.000,9999.000,9999.000,9999.000
202607031136,   0.838,   1.259,9999.000,9999.000,9999.000,9999.000,9999.000,9999.000,9999.000
202607031142,   0.857,   1.279,9999.000,9999.000,9999.000,9999.000,9999.000,9999.000,9999.000
202607031148,   0.876,   1.289,9999.000,9999.000,9999.000,9999.000,9999.000,9999.000,9999.000
202607031154,   0.895,   1.308,9999.000,9999.000,9999.000,9999.000,9999.000,9999.000,9999.000
202607031200,   0.913,   1.318,   0.600,  -0.195,   1.318,   0.600,   1.318,   0.700,   1.418
202607031206,   0.930,   1.328,9999.000,9999.000,9999.000,9999.000,9999.000,9999.000,9999.000
202607031212,   0.946,   1.338,9999.000,9999.000,9999.000,9999.000,9999.000,9999.000,9999.000
202607031218,   0.961,   1.361,9999.000,9999.000,9999.000,9999.000,9999.000,9999.000,9999.000
202607031224,   0.977,   1.361,9999.000,9999.000,9999.000,9999.000,9999.000,9999.000,9999.000
202607031230,   0.991,   1.371,9999.000,9999.000,9999.000,9999.000,9999.000,9999.000,9999.000
202607031236,   1.005,   1.390,9999.000,9999.000,9999.000,9999.000,9999.000,9999.000,9999.000
202607031242,   1.018,   1.400,9999.000,9999.000,9999.000,9999.000,9999.000,9999.000,9999.000
202607031248,   1.030,   1.430,9999.000,9999.000,9999.000,9999.000,9999.000,9999.000,9999.000
202607031254,   1.043,   1.439,9999.000,9999.000,9999.000,9999.000,9999.000,9999.000,9999.000
202607031300,   1.054,   1.449,   0.600,  -0.205,   1.449,   0.600,   1.449,   0.700,   1.549
202607031306,   1.065,   1.449,9999.000,9999.000,9999.000,9999.000,9999.000,9999.000,9999.000
202607031312,   1.076,   1.449,9999.000,9999.000,9999.000,9999.000,9999.000,9999.000,9999.000
202607031318,   1.086,   1.420,9999.000,9999.000,9999.000,9999.000,9999.000,9999.000,9999.000
202607031324,   1.096,   1.420,9999.000,9999.000,9999.000,9999.000,9999.000,9999.000,9999.000
202607031330,   1.106,   1.459,9999.000,9999.000,9999.000,9999.000,9999.000,9999.000,9999.000
202607031336,   1.115,   1.479,9999.000,9999.000,9999.000,9999.000,9999.000,9999.000,9999.000
202607031342,   1.124,   1.508,9999.000,9999.000,9999.000,9999.000,9999.000,9999.000,9999.000
202607031348,   1.133,   1.528,9999.000,9999.000,9999.000,9999.000,9999.000,9999.000,9999.000
202607031354,   1.142,   1.538,9999.000,9999.000,9999.000,9999.000,9999.000,9999.000,9999.000
202607031400,   1.151,   1.538,   0.600,  -0.213,   1.538,   0.600,   1.538,   0.600,   1.538
202607031406,   1.160,   1.557,9999.000,9999.000,9999.000,9999.000,9999.000,9999.000,9999.000
202607031412,   1.168,   1.600,9999.000,9999.000,9999.000,9999.000,9999.000,9999.000,9999.000
202607031418,   1.177,   1.649,9999.000,9999.000,9999.000,9999.000,9999.000,9999.000,9999.000
202607031424,   1.186,   1.708,9999.000,9999.000,9999.000,9999.000,9999.000,9999.000,9999.000
202607031430,   1.195,   1.738,9999.000,9999.000,9999.000,9999.000,9999.000,9999.000,9999.000
202607031436,   1.204,   1.767,9999.000,9999.000,9999.000,9999.000,9999.000,9999.000,9999.000
202607031442,   1.213,   1.767,9999.000,9999.000,9999.000,9999.000,9999.000,9999.000,9999.000
202607031448,   1.222,   1.781,9999.000,9999.000,9999.000,9999.000,9999.000,9999.000,9999.000
202607031454,   1.232,   1.790,9999.000,9999.000,9999.000,9999.000,9999.000,9999.000,9999.000
202607031500,   1.242,   1.800,   0.600,  -0.042,   1.800,   0.600,   1.800,   0.600,   1.800
202607031506,   1.252,   1.810,9999.000,9999.000,9999.000,9999.000,9999.000,9999.000,9999.000
202607031512,   1.262,   1.790,9999.000,9999.000,9999.000,9999.000,9999.000,9999.000,9999.000
202607031518,   1.273,   1.790,9999.000,9999.000,9999.000,9999.000,9999.000,9999.000,9999.000
202607031524,   1.284,   1.800,9999.000,9999.000,9999.000,9999.000,9999.000,9999.000,9999.000
202607031530,   1.295,   1.800,9999.000,9999.000,9999.000,9999.000,9999.000,9999.000,9999.000
202607031536,   1.306,   1.810,9999.000,9999.000,9999.000,9999.000,9999.000,9999.000,9999.000
202607031542,   1.318,   1.790,9999.000,9999.000,9999.000,9999.000,9999.000,9999.000,9999.000
202607031548,   1.330,   1.781,9999.000,9999.000,9999.000,9999.000,9999.000,9999.000,9999.000
202607031554,   1.342,   1.790,9999.000,9999.000,9999.000,9999.000,9999.000,9999.000,9999.000
202607031600,   1.355,   1.781,   0.600,  -0.174,   1.781,   0.600,   1.781,   0.600,   1.781
202607031606,   1.368,   1.781,9999.000,9999.000,9999.000,9999.000,9999.000,9999.000,9999.000
202607031612,   1.381,   1.790,9999.000,9999.000,9999.000,9999.000,9999.000,9999.000,9999.000
202607031618,   1.394,   1.800,9999.000,9999.000,9999.000,9999.000,9999.000,9999.000,9999.000
202607031624,   1.408,   1.830,9999.000,9999.000,9999.000,9999.000,9999.000,9999.000,9999.000
202607031630,   1.421,   1.849,9999.000,9999.000,9999.000,9999.000,9999.000,9999.000,9999.000
202607031636,   1.435,   1.869,9999.000,9999.000,9999.000,9999.000,9999.000,9999.000,9999.000
202607031642,   1.449,   1.879,9999.000,9999.000,9999.000,9999.000,9999.000,9999.000,9999.000
202607031648,   1.463,   1.938,9999.000,9999.000,9999.000,9999.000,9999.000,9999.000,9999.000
202607031654,   1.477,   1.918,9999.000,9999.000,9999.000,9999.000,9999.000,9999.000,9999.000
202607031700,   1.491,   1.918,   0.600,  -0.173,   1.918,   0.600,   1.918,   0.600,   1.918
202607031706,   1.505,   1.938,9999.000,9999.000,9999.000,9999.000,9999.000,9999.000,9999.000
202607031712,   1.518,   1.967,9999.000,9999.000,9999.000,9999.000,9999.000,9999.000,9999.000
202607031718,   1.532,   1.990,9999.000,9999.000,9999.000,9999.000,9999.000,9999.000,9999.000
202607031724,   1.546,   2.000,9999.000,9999.000,9999.000,9999.000,9999.000,9999.000,9999.000
202607031730,   1.559,   2.040,9999.000,9999.000,9999.000,9999.000,9999.000,9999.000,9999.000
202607031736,   1.572,   2.059,9999.000,9999.000,9999.000,9999.000,9999.000,9999.000,9999.000
202607031742,   1.585,   2.069,9999.000,9999.000,9999.000,9999.000,9999.000,9999.000,9999.000
202607031748,   1.598,   2.109,9999.000,9999.000,9999.000,9999.000,9999.000,9999.000,9999.000
202607031754,   1.610,   2.109,9999.000,9999.000,9999.000,9999.000,9999.000,9999.000,9999.000
202607031800,   1.622,   2.128,   0.500,   0.006,   2.128,   0.500,   2.128,   0.500,   2.128
202607031806,   1.634,   2.148,9999.000,9999.000,9999.000,9999.000,9999.000,9999.000,9999.000
202607031812,   1.645,   2.168,9999.000,9999.000,9999.000,9999.000,9999.000,9999.000,9999.000
202607031818,   1.656,   2.158,9999.000,9999.000,9999.000,9999.000,9999.000,9999.000,9999.000
202607031824,   1.666,   2.200,9999.000,9999.000,9999.000,9999.000,9999.000,9999.000,9999.000
202607031830,   1.676,   2.220,9999.000,9999.000,9999.000,9999.000,9999.000,9999.000,9999.000
202607031836,   1.686,   2.230,9999.000,9999.000,9999.000,9999.000,9999.000,9999.000,9999.000
202607031842,   1.694,   2.230,9999.000,9999.000,9999.000,9999.000,9999.000,9999.000,9999.000
202607031848,   1.703,   2.220,9999.000,9999.000,9999.000,9999.000,9999.000,9999.000,9999.000
202607031854,   1.710,   2.210,9999.000,9999.000,9999.000,9999.000,9999.000,9999.000,9999.000
202607031900,   1.717,   2.210,   0.500,  -0.007,   2.210,   0.500,   2.210,   0.500,   2.210
202607031906,   1.724,   2.210,9999.000,9999.000,9999.000,9999.000,9999.000,9999.000,9999.000
202607031912,   1.730,   2.220,9999.000,9999.000,9999.000,9999.000,9999.000,9999.000,9999.000
202607031918,   1.735,   2.200,9999.000,9999.000,9999.000,9999.000,9999.000,9999.000,9999.000
202607031924,   1.740,   2.200,9999.000,9999.000,9999.000,9999.000,9999.000,9999.000,9999.000
202607031930,   1.744,   2.210,9999.000,9999.000,9999.000,9999.000,9999.000,9999.000,9999.000
202607031936,   1.747,   2.210,9999.000,9999.000,9999.000,9999.000,9999.000,9999.000,9999.000
202607031942,   1.750,   2.200,9999.000,9999.000,9999.000,9999.000,9999.000,9999.000,9999.000
202607031948,   1.752,   2.200,9999.000,9999.000,9999.000,9999.000,9999.000,9999.000,9999.000
202607031954,   1.753,   2.200,9999.000,9999.000,9999.000,9999.000,9999.000,9999.000,9999.000
202607032000,   1.754,   2.210,   0.500,  -0.044,   2.210,   0.500,   2.210,   0.500,   2.210
202607032006,   1.754,   2.210,9999.000,9999.000,9999.000,9999.000,9999.000,9999.000,9999.000
202607032012,   1.753,   2.210,9999.000,9999.000,9999.000,9999.000,9999.000,9999.000,9999.000
202607032018,   1.752,   2.210,9999.000,9999.000,9999.000,9999.000,9999.000,9999.000,9999.000
202607032024,   1.750,   2.177,9999.000,9999.000,9999.000,9999.000,9999.000,9999.000,9999.000
202607032030,   1.747,   2.200,9999.000,9999.000,9999.000,9999.000,9999.000,9999.000,9999.000
202607032036,   1.744,   2.168,9999.000,9999.000,9999.000,9999.000,9999.000,9999.000,9999.000
202607032042,   1.739,   2.177,9999.000,9999.000,9999.000,9999.000,9999.000,9999.000,9999.000
202607032048,   1.735,   2.168,9999.000,9999.000,9999.000,9999.000,9999.000,9999.000,9999.000
202607032054,   1.729,   2.168,9999.000,9999.000,9999.000,9999.000,9999.000,9999.000,9999.000
202607032100,   1.723,   2.148,   0.500,  -0.075,   2.148,   0.500,   2.148,   0.500,   2.148
202607032106,   1.716,   2.128,9999.000,9999.000,9999.000,9999.000,9999.000,9999.000,9999.000
202607032112,   1.708,   2.138,9999.000,9999.000,9999.000,9999.000,9999.000,9999.000,9999.000
202607032118,   1.699,   2.138,9999.000,9999.000,9999.000,9999.000,9999.000,9999.000,9999.000
202607032124,   1.690,   2.128,9999.000,9999.000,9999.000,9999.000,9999.000,9999.000,9999.000
202607032130,   1.680,   2.099,9999.000,9999.000,9999.000,9999.000,9999.000,9999.000,9999.000
202607032136,   1.669,   2.079,9999.000,9999.000,9999.000,9999.000,9999.000,9999.000,9999.000
202607032142,   1.658,   2.069,9999.000,9999.000,9999.000,9999.000,9999.000,9999.000,9999.000
202607032148,   1.646,   2.030,9999.000,9999.000,9999.000,9999.000,9999.000,9999.000,9999.000
202607032154,   1.632,   2.010,9999.000,9999.000,9999.000,9999.000,9999.000,9999.000,9999.000
202607032200,   1.619,   2.010,   0.500,  -0.109,   2.010,   0.500,   2.010,   0.500,   2.010
202607032206,   1.604,   1.990,9999.000,9999.000,9999.000,9999.000,9999.000,9999.000,9999.000
202607032212,   1.588,   1.990,9999.000,9999.000,9999.000,9999.000,9999.000,9999.000,9999.000
202607032218,   1.572,   1.967,9999.000,9999.000,9999.000,9999.000,9999.000,9999.000,9999.000
202607032224,   1.555,   1.958,9999.000,9999.000,9999.000,9999.000,9999.000,9999.000,9999.000
202607032230,   1.537,   1.928,9999.000,9999.000,9999.000,9999.000,9999.000,9999.000,9999.000
202607032236,   1.518,   1.918,9999.000,9999.000,9999.000,9999.000,9999.000,9999.000,9999.000
202607032242,   1.499,   1.918,9999.000,9999.000,9999.000,9999.000,9999.000,9999.000,9999.000
202607032248,   1.479,   1.908,9999.000,9999.000,9999.000,9999.000,9999.000,9999.000,9999.000
202607032254,   1.457,   1.908,9999.000,9999.000,9999.000,9999.000,9999.000,9999.000,9999.000
202607032300,   1.435,   1.889,   0.500,  -0.046,   1.889,   0.500,   1.889,   0.500,   1.889
202607032306,   1.413,   1.879,9999.000,9999.000,9999.000,9999.000,9999.000,9999.000,9999.000
202607032312,   1.389,   1.859,9999.000,9999.000,9999.000,9999.000,9999.000,9999.000,9999.000
202607032318,   1.365,   1.840,9999.000,9999.000,9999.000,9999.000,9999.000,9999.000,9999.000
202607032324,   1.340,   1.830,9999.000,9999.000,9999.000,9999.000,9999.000,9999.000,9999.000
202607032330,   1.314,   1.810,9999.000,9999.000,9999.000,9999.000,9999.000,9999.000,9999.000
202607032336,   1.287,   1.758,9999.000,9999.000,9999.000,9999.000,9999.000,9999.000,9999.000
202607032342,   1.260,   1.738,9999.000,9999.000,9999.000,9999.000,9999.000,9999.000,9999.000
202607032348,   1.232,   1.708,9999.000,9999.000,9999.000,9999.000,9999.000,9999.000,9999.000
202607032354,   1.203,   1.679,9999.000,9999.000,9999.000,9999.000,9999.000,9999.000,9999.000
202607040000,   1.174,   1.639,   0.400,   0.065,   1.639,   0.400,   1.639,   0.400,   1.639
202607040006,   1.144,   1.610,9999.000,9999.000,9999.000,9999.000,9999.000,9999.000,9999.000
202607040012,   1.114,   1.548,9999.000,9999.000,9999.000,9999.000,9999.000,9999.000,9999.000
202607040018,   1.083,   1.518,9999.000,9999.000,9999.000,9999.000,9999.000,9999.000,9999.000
202607040024,   1.051,   1.479,9999.000,9999.000,9999.000,9999.000,9999.000,9999.000,9999.000
202607040030,   1.019,   1.430,9999.000,9999.000,9999.000,9999.000,9999.000,9999.000,9999.000
202607040036,   0.987,   1.400,9999.000,9999.000,9999.000,9999.000,9999.000,9999.000,9999.000
202607040042,   0.954,   1.361,9999.000,9999.000,9999.000,9999.000,9999.000,9999.000,9999.000
202607040048,   0.922,   1.318,9999.000,9999.000,9999.000,9999.000,9999.000,9999.000,9999.000
202607040054,   0.888,   1.269,9999.000,9999.000,9999.000,9999.000,9999.000,9999.000,9999.000
202607040100,   0.855,   1.229,   0.400,  -0.026,   1.229,   0.400,   1.229,   0.400,   1.229
202607040106,   0.822,   1.220,9999.000,9999.000,9999.000,9999.000,9999.000,9999.000,9999.000
202607040112,   0.788,   1.190,9999.000,9999.000,9999.000,9999.000,9999.000,9999.000,9999.000
202607040118,   0.754,   1.161,9999.000,9999.000,9999.000,9999.000,9999.000,9999.000,9999.000
202607040124,   0.721,   1.128,9999.000,9999.000,9999.000,9999.000,9999.000,9999.000,9999.000
202607040130,   0.687,   1.108,9999.000,9999.000,9999.000,9999.000,9999.000,9999.000,9999.000
202607040136,   0.654,   1.079,9999.000,9999.000,9999.000,9999.000,9999.000,9999.000,9999.000
202607040142,   0.621,   1.059,9999.000,9999.000,9999.000,9999.000,9999.000,9999.000,9999.000
202607040148,   0.588,   1.029,9999.000,9999.000,9999.000,9999.000,9999.000,9999.000,9999.000
202607040154,   0.555,   1.010,9999.000,9999.000,9999.000,9999.000,9999.000,9999.000,9999.000
202607040200,   0.523,   0.990,   0.400,   0.067,   0.990,   0.400,   0.990,   0.400,   0.990
202607040206,   0.492,   0.961,9999.000,9999.000,9999.000,9999.000,9999.000,9999.000,9999.000
202607040212,   0.460,   0.941,9999.000,9999.000,9999.000,9999.000,9999.000,9999.000,9999.000
202607040218,   0.430,   0.918,9999.000,9999.000,9999.000,9999.000,9999.000,9999.000,9999.000
202607040224,   0.399,   0.888,9999.000,9999.000,9999.000,9999.000,9999.000,9999.000,9999.000
202607040230,   0.370,   0.869,9999.000,9999.000,9999.000,9999.000,9999.000,9999.000,9999.000
202607040236,   0.341,   0.849,9999.000,9999.000,9999.000,9999.000,9999.000,9999.000,9999.000
202607040242,   0.313,   0.839,9999.000,9999.000,9999.000,9999.000,9999.000,9999.000,9999.000
202607040248,   0.286,   0.819,9999.000,9999.000,9999.000,9999.000,9999.000,9999.000,9999.000
202607040254,   0.259,   0.800,9999.000,9999.000,9999.000,9999.000,9999.000,9999.000,9999.000
202607040300,   0.234,   0.780,   0.400,   0.146,   0.780,   0.400,   0.780,   0.400,   0.780
202607040306,   0.209,   0.760,9999.000,9999.000,9999.000,9999.000,9999.000,9999.000,9999.000
202607040312,   0.185,   0.741,9999.000,9999.000,9999.000,9999.000,9999.000,9999.000,9999.000
202607040318,   0.162,   0.731,9999.000,9999.000,9999.000,9999.000,9999.000,9999.000,9999.000
202607040324,   0.140,   0.708,9999.000,9999.000,9999.000,9999.000,9999.000,9999.000,9999.000
202607040330,   0.118,   0.698,9999.000,9999.000,9999.000,9999.000,9999.000,9999.000,9999.000
202607040336,   0.098,   0.678,9999.000,9999.000,9999.000,9999.000,9999.000,9999.000,9999.000
202607040342,   0.079,   0.669,9999.000,9999.000,9999.000,9999.000,9999.000,9999.000,9999.000
202607040348,   0.061,   0.649,9999.000,9999.000,9999.000,9999.000,9999.000,9999.000,9999.000
202607040354,   0.044,   0.639,9999.000,9999.000,9999.000,9999.000,9999.000,9999.000,9999.000
202607040400,   0.027,   0.629,   0.400,   0.202,   0.629,   0.400,   0.629,   0.400,   0.629
202607040406,   0.012,   0.619,9999.000,9999.000,9999.000,9999.000,9999.000,9999.000,9999.000
202607040412,  -0.001,   0.600,9999.000,9999.000,9999.000,9999.000,9999.000,9999.000,9999.000
202607040418,  -0.014,   0.590,9999.000,9999.000,9999.000,9999.000,9999.000,9999.000,9999.000
202607040424,  -0.026,   0.570,9999.000,9999.000,9999.000,9999.000,9999.000,9999.000,9999.000
202607040430,  -0.038,   0.560,9999.000,9999.000,9999.000,9999.000,9999.000,9999.000,9999.000
202607040436,  -0.048,   0.551,9999.000,9999.000,9999.000,9999.000,9999.000,9999.000,9999.000
202607040442,  -0.057,   0.551,9999.000,9999.000,9999.000,9999.000,9999.000,9999.000,9999.000
202607040448,  -0.065,   0.541,9999.000,9999.000,9999.000,9999.000,9999.000,9999.000,9999.000
202607040454,  -0.073,   0.518,9999.000,9999.000,9999.000,9999.000,9999.000,9999.000,9999.000
202607040500,  -0.079,   0.508,   0.400,   0.187,   0.508,   0.400,   0.508,   0.500,   0.608
202607040506,  -0.085,   0.498,9999.000,9999.000,9999.000,9999.000,9999.000,9999.000,9999.000
202607040512,  -0.090,   0.488,9999.000,9999.000,9999.000,9999.000,9999.000,9999.000,9999.000
202607040518,  -0.094,   0.498,9999.000,9999.000,9999.000,9999.000,9999.000,9999.000,9999.000
202607040524,  -0.097,   0.488,9999.000,9999.000,9999.000,9999.000,9999.000,9999.000,9999.000
202607040530,  -0.099,   0.478,9999.000,9999.000,9999.000,9999.000,9999.000,9999.000,9999.000
202607040536,  -0.100,   0.478,9999.000,9999.000,9999.000,9999.000,9999.000,9999.000,9999.000
202607040542,  -0.101,   0.478,9999.000,9999.000,9999.000,9999.000,9999.000,9999.000,9999.000
202607040548,  -0.100,   0.478,9999.000,9999.000,9999.000,9999.000,9999.000,9999.000,9999.000
202607040554,  -0.099,   0.478,9999.000,9999.000,9999.000,9999.000,9999.000,9999.000,9999.000
202607040600,  -0.098,   0.478,   0.500,   0.076,   0.478,   0.500,   0.478,   0.500,   0.478
202607040606,  -0.095,   0.488,9999.000,9999.000,9999.000,9999.000,9999.000,9999.000,9999.000
202607040612,  -0.092,   0.488,9999.000,9999.000,9999.000,9999.000,9999.000,9999.000,9999.000
202607040618,  -0.088,   0.488,9999.000,9999.000,9999.000,9999.000,9999.000,9999.000,9999.000
202607040624,  -0.083,   0.488,9999.000,9999.000,9999.000,9999.000,9999.000,9999.000,9999.000
202607040630,  -0.078,   0.488,9999.000,9999.000,9999.000,9999.000,9999.000,9999.000,9999.000
202607040636,  -0.072,   0.488,9999.000,9999.000,9999.000,9999.000,9999.000,9999.000,9999.000
202607040642,  -0.065,   0.488,9999.000,9999.000,9999.000,9999.000,9999.000,9999.000,9999.000
202607040648,  -0.058,   0.498,9999.000,9999.000,9999.000,9999.000,9999.000,9999.000,9999.000
202607040654,  -0.050,   0.508,9999.000,9999.000,9999.000,9999.000,9999.000,9999.000,9999.000
202607040700,  -0.041,   0.508,   0.500,   0.049,   0.508,   0.500,   0.508,   0.500,   0.508
202607040706,  -0.031,   0.508,9999.000,9999.000,9999.000,9999.000,9999.000,9999.000,9999.000
202607040712,  -0.021,   0.518,9999.000,9999.000,9999.000,9999.000,9999.000,9999.000,9999.000
202607040718,  -0.010,   0.518,9999.000,9999.000,9999.000,9999.000,9999.000,9999.000,9999.000
202607040724,   0.000,   0.518,9999.000,9999.000,9999.000,9999.000,9999.000,9999.000,9999.000
202607040730,   0.012,   0.518,9999.000,9999.000,9999.000,9999.000,9999.000,9999.000,9999.000
202607040736,   0.025,   0.531,9999.000,9999.000,9999.000,9999.000,9999.000,9999.000,9999.000
202607040742,   0.038,   0.541,9999.000,9999.000,9999.000,9999.000,9999.000,9999.000,9999.000
202607040748,   0.052,   0.541,9999.000,9999.000,9999.000,9999.000,9999.000,9999.000,9999.000
202607040754,   0.067,   0.551,9999.000,9999.000,9999.000,9999.000,9999.000,9999.000,9999.000
202607040800,   0.082,   0.570,   0.500,  -0.012,   0.570,   0.500,   0.570,   0.500,   0.570
202607040806,   0.098,   0.580,9999.000,9999.000,9999.000,9999.000,9999.000,9999.000,9999.000
202607040812,   0.114,   0.590,9999.000,9999.000,9999.000,9999.000,9999.000,9999.000,9999.000
202607040818,   0.131,   0.600,9999.000,9999.000,9999.000,9999.000,9999.000,9999.000,9999.000
202607040824,   0.149,   0.619,9999.000,9999.000,9999.000,9999.000,9999.000,9999.000,9999.000
202607040830,   0.167,   0.639,9999.000,9999.000,9999.000,9999.000,9999.000,9999.000,9999.000
202607040836,   0.186,   0.659,9999.000,9999.000,9999.000,9999.000,9999.000,9999.000,9999.000
202607040842,   0.205,   0.698,9999.000,9999.000,9999.000,9999.000,9999.000,9999.000,9999.000
202607040848,   0.225,   0.708,9999.000,9999.000,9999.000,9999.000,9999.000,9999.000,9999.000
202607040854,   0.245,   0.731,9999.000,9999.000,9999.000,9999.000,9999.000,9999.000,9999.000
202607040900,   0.265,   0.770,   0.500,   0.005,   0.770,   0.500,   0.770,   0.500,   0.770
202607040906,   0.287,   0.790,9999.000,9999.000,9999.000,9999.000,9999.000,9999.000,9999.000
202607040912,   0.308,   0.839,9999.000,9999.000,9999.000,9999.000,9999.000,9999.000,9999.000
202607040918,   0.330,   0.879,9999.000,9999.000,9999.000,9999.000,9999.000,9999.000,9999.000
202607040924,   0.352,   0.888,9999.000,9999.000,9999.000,9999.000,9999.000,9999.000,9999.000
202607040930,   0.374,   0.869,9999.000,9999.000,9999.000,9999.000,9999.000,9999.000,9999.000
202607040936,   0.397,   0.879,9999.000,9999.000,9999.000,9999.000,9999.000,9999.000,9999.000
202607040942,   0.420,   0.888,9999.000,9999.000,9999.000,9999.000,9999.000,9999.000,9999.000
202607040948,   0.443,   0.918,9999.000,9999.000,9999.000,9999.000,9999.000,9999.000,9999.000
202607040954,   0.466,   0.951,9999.000,9999.000,9999.000,9999.000,9999.000,9999.000,9999.000
202607041000,   0.489,   0.980,   0.500,  -0.009,   0.980,   0.500,   0.980,   0.500,   0.980
202607041006,   0.513,   1.010,9999.000,9999.000,9999.000,9999.000,9999.000,9999.000,9999.000
202607041012,   0.536,   1.020,9999.000,9999.000,9999.000,9999.000,9999.000,9999.000,9999.000
202607041018,   0.559,   1.039,9999.000,9999.000,9999.000,9999.000,9999.000,9999.000,9999.000
202607041024,   0.582,   1.079,9999.000,9999.000,9999.000,9999.000,9999.000,9999.000,9999.000
202607041030,   0.605,   1.108,9999.000,9999.000,9999.000,9999.000,9999.000,9999.000,9999.000
202607041036,   0.628,   1.118,9999.000,9999.000,9999.000,9999.000,9999.000,9999.000,9999.000
202607041042,   0.651,   1.138,9999.000,9999.000,9999.000,9999.000,9999.000,9999.000,9999.000
202607041048,   0.673,   1.180,9999.000,9999.000,9999.000,9999.000,9999.000,9999.000,9999.000
202607041054,   0.695,   1.190,9999.000,9999.000,9999.000,9999.000,9999.000,9999.000,9999.000
202607041100,   0.716,   1.220,   0.500,   0.004,   1.220,   0.500,   1.220,   0.500,   1.220
202607041106,   0.737,   1.249,9999.000,9999.000,9999.000,9999.000,9999.000,9999.000,9999.000
202607041112,   0.758,   1.279,9999.000,9999.000,9999.000,9999.000,9999.000,9999.000,9999.000
202607041118,   0.778,   1.298,9999.000,9999.000,9999.000,9999.000,9999.000,9999.000,9999.000
202607041124,   0.797,   1.318,9999.000,9999.000,9999.000,9999.000,9999.000,9999.000,9999.000
202607041130,   0.816,   1.338,9999.000,9999.000,9999.000,9999.000,9999.000,9999.000,9999.000
202607041136,   0.834,   1.348,9999.000,9999.000,9999.000,9999.000,9999.000,9999.000,9999.000
202607041142,   0.852,   1.361,9999.000,9999.000,9999.000,9999.000,9999.000,9999.000,9999.000
202607041148,   0.869,   1.371,9999.000,9999.000,9999.000,9999.000,9999.000,9999.000,9999.000
202607041154,   0.886,   1.390,9999.000,9999.000,9999.000,9999.000,9999.000,9999.000,9999.000
202607041200,   0.901,   1.410,   0.600,  -0.091,   1.410,   0.600,   1.410,   0.600,   1.410
202607041206,   0.916,   1.439,9999.000,9999.000,9999.000,9999.000,9999.000,9999.000,9999.000
202607041212,   0.930,   1.449,9999.000,9999.000,9999.000,9999.000,9999.000,9999.000,9999.000
202607041218,   0.944,   1.469,9999.000,9999.000,9999.000,9999.000,9999.000,9999.000,9999.000
202607041224,   0.957,   1.479,9999.000,9999.000,9999.000,9999.000,9999.000,9999.000,9999.000
202607041230,   0.969,   1.489,9999.000,9999.000,9999.000,9999.000,9999.000,9999.000,9999.000
202607041236,   0.980,   1.508,9999.000,9999.000,9999.000,9999.000,9999.000,9999.000,9999.000
202607041242,   0.991,   1.528,9999.000,9999.000,9999.000,9999.000,9999.000,9999.000,9999.000
202607041248,   1.001,   1.538,9999.000,9999.000,9999.000,9999.000,9999.000,9999.000,9999.000
202607041254,   1.011,   1.557,9999.000,9999.000,9999.000,9999.000,9999.000,9999.000,9999.000
202607041300,   1.019,   1.571,   0.600,  -0.048,   1.571,   0.600,   1.571,   0.600,   1.571
202607041306,   1.027,   1.580,9999.000,9999.000,9999.000,9999.000,9999.000,9999.000,9999.000
202607041312,   1.035,   1.590,9999.000,9999.000,9999.000,9999.000,9999.000,9999.000,9999.000
202607041318,   1.042,   1.590,9999.000,9999.000,9999.000,9999.000,9999.000,9999.000,9999.000
202607041324,   1.049,   1.580,9999.000,9999.000,9999.000,9999.000,9999.000,9999.000,9999.000
202607041330,   1.055,   1.600,9999.000,9999.000,9999.000,9999.000,9999.000,9999.000,9999.000
202607041336,   1.060,   1.600,9999.000,9999.000,9999.000,9999.000,9999.000,9999.000,9999.000
202607041342,   1.065,   1.580,9999.000,9999.000,9999.000,9999.000,9999.000,9999.000,9999.000
202607041348,   1.070,   1.580,9999.000,9999.000,9999.000,9999.000,9999.000,9999.000,9999.000
202607041354,   1.075,   1.571,9999.000,9999.000,9999.000,9999.000,9999.000,9999.000,9999.000
202607041400,   1.079,   1.580,   0.600,  -0.099,   1.580,   0.600,   1.580,   0.600,   1.580
202607041406,   1.083,   1.528,9999.000,9999.000,9999.000,9999.000,9999.000,9999.000,9999.000
202607041412,   1.087,   1.528,9999.000,9999.000,9999.000,9999.000,9999.000,9999.000,9999.000
202607041418,   1.091,   1.518,9999.000,9999.000,9999.000,9999.000,9999.000,9999.000,9999.000
202607041424,   1.094,   1.518,9999.000,9999.000,9999.000,9999.000,9999.000,9999.000,9999.000
202607041430,   1.098,   1.508,9999.000,9999.000,9999.000,9999.000,9999.000,9999.000,9999.000
202607041436,   1.102,   1.518,9999.000,9999.000,9999.000,9999.000,9999.000,9999.000,9999.000
202607041442,   1.105,   1.548,9999.000,9999.000,9999.000,9999.000,9999.000,9999.000,9999.000
202607041448,   1.109,   1.548,9999.000,9999.000,9999.000,9999.000,9999.000,9999.000,9999.000
202607041454,   1.113,   1.538,9999.000,9999.000,9999.000,9999.000,9999.000,9999.000,9999.000
202607041500,   1.117,   1.548,   0.600,  -0.169,   1.548,   0.600,   1.548,   0.600,   1.548
202607041506,   1.121,   1.548,9999.000,9999.000,9999.000,9999.000,9999.000,9999.000,9999.000
202607041512,   1.125,   1.571,9999.000,9999.000,9999.000,9999.000,9999.000,9999.000,9999.000
202607041518,   1.130,   1.580,9999.000,9999.000,9999.000,9999.000,9999.000,9999.000,9999.000
202607041524,   1.135,   1.600,9999.000,9999.000,9999.000,9999.000,9999.000,9999.000,9999.000
202607041530,   1.140,   1.620,9999.000,9999.000,9999.000,9999.000,9999.000,9999.000,9999.000
202607041536,   1.145,   1.630,9999.000,9999.000,9999.000,9999.000,9999.000,9999.000,9999.000
202607041542,   1.151,   1.659,9999.000,9999.000,9999.000,9999.000,9999.000,9999.000,9999.000
202607041548,   1.157,   1.679,9999.000,9999.000,9999.000,9999.000,9999.000,9999.000,9999.000
202607041554,   1.164,   1.679,9999.000,9999.000,9999.000,9999.000,9999.000,9999.000,9999.000
202607041600,   1.170,   1.689,   0.600,  -0.081,   1.689,   0.600,   1.689,   0.600,   1.689
202607041606,   1.177,   1.708,9999.000,9999.000,9999.000,9999.000,9999.000,9999.000,9999.000
202607041612,   1.185,   1.708,9999.000,9999.000,9999.000,9999.000,9999.000,9999.000,9999.000
202607041618,   1.193,   1.708,9999.000,9999.000,9999.000,9999.000,9999.000,9999.000,9999.000
202607041624,   1.201,   1.738,9999.000,9999.000,9999.000,9999.000,9999.000,9999.000,9999.000
202607041630,   1.209,   1.758,9999.000,9999.000,9999.000,9999.000,9999.000,9999.000,9999.000
202607041636,   1.218,   1.728,9999.000,9999.000,9999.000,9999.000,9999.000,9999.000,9999.000
202607041642,   1.227,   1.728,9999.000,9999.000,9999.000,9999.000,9999.000,9999.000,9999.000
202607041648,   1.236,   1.758,9999.000,9999.000,9999.000,9999.000,9999.000,9999.000,9999.000
202607041654,   1.246,   1.767,9999.000,9999.000,9999.000,9999.000,9999.000,9999.000,9999.000
202607041700,   1.256,   1.820,   0.600,  -0.036,   1.820,   0.500,   1.720,   0.600,   1.820
202607041706,   1.266,   1.767,9999.000,9999.000,9999.000,9999.000,9999.000,9999.000,9999.000
202607041712,   1.276,   1.767,9999.000,9999.000,9999.000,9999.000,9999.000,9999.000,9999.000
202607041718,   1.286,   1.790,9999.000,9999.000,9999.000,9999.000,9999.000,9999.000,9999.000
202607041724,   1.296,   1.820,9999.000,9999.000,9999.000,9999.000,9999.000,9999.000,9999.000
202607041730,   1.307,   1.840,9999.000,9999.000,9999.000,9999.000,9999.000,9999.000,9999.000
202607041736,   1.318,   1.830,9999.000,9999.000,9999.000,9999.000,9999.000,9999.000,9999.000
202607041742,   1.328,   1.830,9999.000,9999.000,9999.000,9999.000,9999.000,9999.000,9999.000
202607041748,   1.339,   1.830,9999.000,9999.000,9999.000,9999.000,9999.000,9999.000,9999.000
202607041754,   1.349,   1.840,9999.000,9999.000,9999.000,9999.000,9999.000,9999.000,9999.000
202607041800,   1.360,   1.859,   0.600,  -0.101,   1.859,   0.600,   1.859,   0.600,   1.859
202607041806,   1.370,   1.879,9999.000,9999.000,9999.000,9999.000,9999.000,9999.000,9999.000
202607041812,   1.381,   1.899,9999.000,9999.000,9999.000,9999.000,9999.000,9999.000,9999.000
202607041818,   1.391,   1.938,9999.000,9999.000,9999.000,9999.000,9999.000,9999.000,9999.000
202607041824,   1.401,   1.938,9999.000,9999.000,9999.000,9999.000,9999.000,9999.000,9999.000
202607041830,   1.411,   1.948,9999.000,9999.000,9999.000,9999.000,9999.000,9999.000,9999.000
202607041836,   1.420,   1.967,9999.000,9999.000,9999.000,9999.000,9999.000,9999.000,9999.000
202607041842,   1.430,   1.990,9999.000,9999.000,9999.000,9999.000,9999.000,9999.000,9999.000
202607041848,   1.439,   1.990,9999.000,9999.000,9999.000,9999.000,9999.000,9999.000,9999.000
202607041854,   1.448,   2.000,9999.000,9999.000,9999.000,9999.000,9999.000,9999.000,9999.000
202607041900,   1.456,   2.000,   0.600,  -0.056,   2.000,   0.600,   2.000,   0.600,   2.000
202607041906,   1.464,   2.000,9999.000,9999.000,9999.000,9999.000,9999.000,9999.000,9999.000
202607041912,   1.472,   2.010,9999.000,9999.000,9999.000,9999.000,9999.000,9999.000,9999.000
202607041918,   1.480,   2.010,9999.000,9999.000,9999.000,9999.000,9999.000,9999.000,9999.000
202607041924,   1.487,   2.020,9999.000,9999.000,9999.000,9999.000,9999.000,9999.000,9999.000
202607041930,   1.493,   2.010,9999.000,9999.000,9999.000,9999.000,9999.000,9999.000,9999.000
202607041936,   1.500,   2.020,9999.000,9999.000,9999.000,9999.000,9999.000,9999.000,9999.000
202607041942,   1.505,   2.040,9999.000,9999.000,9999.000,9999.000,9999.000,9999.000,9999.000
202607041948,   1.511,   2.020,9999.000,9999.000,9999.000,9999.000,9999.000,9999.000,9999.000
202607041954,   1.516,   2.040,9999.000,9999.000,9999.000,9999.000,9999.000,9999.000,9999.000
202607042000,   1.520,   2.059,   0.600,  -0.061,   2.059,   0.600,   2.059,   0.600,   2.059
202607042006,   1.525,   2.059,9999.000,9999.000,9999.000,9999.000,9999.000,9999.000,9999.000
202607042012,   1.528,   2.069,9999.000,9999.000,9999.000,9999.000,9999.000,9999.000,9999.000
202607042018,   1.531,   2.079,9999.000,9999.000,9999.000,9999.000,9999.000,9999.000,9999.000
202607042024,   1.534,   2.079,9999.000,9999.000,9999.000,9999.000,9999.000,9999.000,9999.000
202607042030,   1.536,   2.079,9999.000,9999.000,9999.000,9999.000,9999.000,9999.000,9999.000
202607042036,   1.538,   2.089,9999.000,9999.000,9999.000,9999.000,9999.000,9999.000,9999.000
202607042042,   1.539,   2.099,9999.000,9999.000,9999.000,9999.000,9999.000,9999.000,9999.000
202607042048,   1.540,   2.118,9999.000,9999.000,9999.000,9999.000,9999.000,9999.000,9999.000
202607042054,   1.540,   2.109,9999.000,9999.000,9999.000,9999.000,9999.000,9999.000,9999.000
202607042100,   1.540,   2.118,   0.600,  -0.022,   2.118,   0.600,   2.118,   0.600,   2.118
202607042106,   1.539,   2.118,9999.000,9999.000,9999.000,9999.000,9999.000,9999.000,9999.000
202607042112,   1.537,   2.118,9999.000,9999.000,9999.000,9999.000,9999.000,9999.000,9999.000
202607042118,   1.535,   2.128,9999.000,9999.000,9999.000,9999.000,9999.000,9999.000,9999.000
202607042124,   1.533,   2.138,9999.000,9999.000,9999.000,9999.000,9999.000,9999.000,9999.000
202607042130,   1.529,   2.138,9999.000,9999.000,9999.000,9999.000,9999.000,9999.000,9999.000
202607042136,   1.526,   2.148,9999.000,9999.000,9999.000,9999.000,9999.000,9999.000,9999.000
202607042142,   1.521,   2.158,9999.000,9999.000,9999.000,9999.000,9999.000,9999.000,9999.000
202607042148,   1.516,   2.148,9999.000,9999.000,9999.000,9999.000,9999.000,9999.000,9999.000
202607042154,   1.511,   2.177,9999.000,9999.000,9999.000,9999.000,9999.000,9999.000,9999.000
202607042200,   1.504,   2.168,   0.600,   0.064,   2.168,   0.600,   2.168,   0.600,   2.168
202607042206,   1.497,   2.168,9999.000,9999.000,9999.000,9999.000,9999.000,9999.000,9999.000
202607042212,   1.490,   2.210,9999.000,9999.000,9999.000,9999.000,9999.000,9999.000,9999.000
202607042218,   1.482,   2.210,9999.000,9999.000,9999.000,9999.000,9999.000,9999.000,9999.000
202607042224,   1.473,   2.220,9999.000,9999.000,9999.000,9999.000,9999.000,9999.000,9999.000
202607042230,   1.463,   2.220,9999.000,9999.000,9999.000,9999.000,9999.000,9999.000,9999.000
202607042236,   1.453,   2.210,9999.000,9999.000,9999.000,9999.000,9999.000,9999.000,9999.000
202607042242,   1.442,   2.210,9999.000,9999.000,9999.000,9999.000,9999.000,9999.000,9999.000
202607042248,   1.430,   2.191,9999.000,9999.000,9999.000,9999.000,9999.000,9999.000,9999.000
202607042254,   1.417,   2.191,9999.000,9999.000,9999.000,9999.000,9999.000,9999.000,9999.000
202607042300,   1.404,   2.177,   0.600,   0.173,   2.177,   0.600,   2.177,   0.600,   2.177
202607042306,   1.390,   2.158,9999.000,9999.000,9999.000,9999.000,9999.000,9999.000,9999.000
202607042312,   1.375,   2.148,9999.000,9999.000,9999.000,9999.000,9999.000,9999.000,9999.000
202607042318,   1.359,   2.109,9999.000,9999.000,9999.000,9999.000,9999.000,9999.000,9999.000
202607042324,   1.343,   2.089,9999.000,9999.000,9999.000,9999.000,9999.000,9999.000,9999.000
202607042330,   1.326,   2.079,9999.000,9999.000,9999.000,9999.000,9999.000,9999.000,9999.000
202607042336,   1.308,   2.059,9999.000,9999.000,9999.000,9999.000,9999.000,9999.000,9999.000
202607042342,   1.289,   2.020,9999.000,9999.000,9999.000,9999.000,9999.000,9999.000,9999.000
202607042348,   1.270,   1.990,9999.000,9999.000,9999.000,9999.000,9999.000,9999.000,9999.000
202607042354,   1.250,   1.948,9999.000,9999.000,9999.000,9999.000,9999.000,9999.000,9999.000
202607050000,   1.229,   1.918,   0.600,   0.089,   1.918,   0.600,   1.918,   0.600,   1.918
202607050006,   1.207,   1.938,9999.000,9999.000,9999.000,9999.000,9999.000,9999.000,9999.000
202607050012,   1.185,   1.889,9999.000,9999.000,9999.000,9999.000,9999.000,9999.000,9999.000
202607050018,   1.162,   1.859,9999.000,9999.000,9999.000,9999.000,9999.000,9999.000,9999.000
202607050024,   1.139,   1.840,9999.000,9999.000,9999.000,9999.000,9999.000,9999.000,9999.000
202607050030,   1.114,   1.810,9999.000,9999.000,9999.000,9999.000,9999.000,9999.000,9999.000
202607050036,   1.090,   1.781,9999.000,9999.000,9999.000,9999.000,9999.000,9999.000,9999.000
202607050042,   1.064,   1.758,9999.000,9999.000,9999.000,9999.000,9999.000,9999.000,9999.000
202607050048,   1.039,   1.728,9999.000,9999.000,9999.000,9999.000,9999.000,9999.000,9999.000
202607050054,   1.012,   1.699,9999.000,9999.000,9999.000,9999.000,9999.000,9999.000,9999.000
202607050100,   0.986,   1.669,   0.600,   0.083,   1.669,   0.600,   1.669,   0.600,   1.669
202607050106,   0.958,   1.649,9999.000,9999.000,9999.000,9999.000,9999.000,9999.000,9999.000
202607050112,   0.931,   1.610,9999.000,9999.000,9999.000,9999.000,9999.000,9999.000,9999.000
202607050118,   0.903,   1.600,9999.000,9999.000,9999.000,9999.000,9999.000,9999.000,9999.000
202607050124,   0.875,   1.548,9999.000,9999.000,9999.000,9999.000,9999.000,9999.000,9999.000
202607050130,   0.847,   1.528,9999.000,9999.000,9999.000,9999.000,9999.000,9999.000,9999.000
202607050136,   0.819,   1.528,9999.000,9999.000,9999.000,9999.000,9999.000,9999.000,9999.000
202607050142,   0.791,   1.489,9999.000,9999.000,9999.000,9999.000,9999.000,9999.000,9999.000
202607050148,   0.762,   1.459,9999.000,9999.000,9999.000,9999.000,9999.000,9999.000,9999.000
202607050154,   0.734,   1.439,9999.000,9999.000,9999.000,9999.000,9999.000,9999.000,9999.000
202607050200,   0.706,   1.410,   0.600,   0.104,   1.410,   0.600,   1.410,   0.600,   1.410
202607050206,   0.678,   1.371,9999.000,9999.000,9999.000,9999.000,9999.000,9999.000,9999.000
202607050212,   0.650,   1.338,9999.000,9999.000,9999.000,9999.000,9999.000,9999.000,9999.000
202607050218,   0.622,   1.318,9999.000,9999.000,9999.000,9999.000,9999.000,9999.000,9999.000
202607050224,   0.595,   1.289,9999.000,9999.000,9999.000,9999.000,9999.000,9999.000,9999.000
202607050230,   0.568,   1.269,9999.000,9999.000,9999.000,9999.000,9999.000,9999.000,9999.000
202607050236,   0.541,   1.229,9999.000,9999.000,9999.000,9999.000,9999.000,9999.000,9999.000
202607050242,   0.515,   1.190,9999.000,9999.000,9999.000,9999.000,9999.000,9999.000,9999.000
202607050248,   0.490,   1.151,9999.000,9999.000,9999.000,9999.000,9999.000,9999.000,9999.000
202607050254,   0.465,   1.118,9999.000,9999.000,9999.000,9999.000,9999.000,9999.000,9999.000
202607050300,   0.440,   1.079,   0.600,   0.039,   1.079,   0.600,   1.079,   0.600,   1.079
202607050306,   0.416,   1.049,9999.000,9999.000,9999.000,9999.000,9999.000,9999.000,9999.000
202607050312,   0.393,   1.010,9999.000,9999.000,9999.000,9999.000,9999.000,9999.000,9999.000
202607050318,   0.371,   1.000,9999.000,9999.000,9999.000,9999.000,9999.000,9999.000,9999.000
202607050324,   0.350,   0.990,9999.000,9999.000,9999.000,9999.000,9999.000,9999.000,9999.000
202607050330,   0.329,   0.961,9999.000,9999.000,9999.000,9999.000,9999.000,9999.000,9999.000
202607050336,   0.309,   0.928,9999.000,9999.000,9999.000,9999.000,9999.000,9999.000,9999.000
202607050342,   0.290,   0.928,9999.000,9999.000,9999.000,9999.000,9999.000,9999.000,9999.000
202607050348,   0.272,   0.908,9999.000,9999.000,9999.000,9999.000,9999.000,9999.000,9999.000
202607050354,   0.254,   0.898,9999.000,9999.000,9999.000,9999.000,9999.000,9999.000,9999.000
202607050400,   0.238,   0.879,   0.600,   0.041,   0.879,   0.600,   0.879,   0.600,   0.879
202607050406,   0.223,   0.859,9999.000,9999.000,9999.000,9999.000,9999.000,9999.000,9999.000
202607050412,   0.208,   0.859,9999.000,9999.000,9999.000,9999.000,9999.000,9999.000,9999.000
202607050418,   0.195,   0.829,9999.000,9999.000,9999.000,9999.000,9999.000,9999.000,9999.000
202607050424,   0.182,   0.810,9999.000,9999.000,9999.000,9999.000,9999.000,9999.000,9999.000
202607050430,   0.170,   0.800,9999.000,9999.000,9999.000,9999.000,9999.000,9999.000,9999.000
202607050436,   0.160,   0.790,9999.000,9999.000,9999.000,9999.000,9999.000,9999.000,9999.000
202607050442,   0.150,   0.770,9999.000,9999.000,9999.000,9999.000,9999.000,9999.000,9999.000
202607050448,   0.141,   0.760,9999.000,9999.000,9999.000,9999.000,9999.000,9999.000,9999.000
202607050454,   0.133,   0.741,9999.000,9999.000,9999.000,9999.000,9999.000,9999.000,9999.000
202607050500,   0.126,   0.731,   0.600,   0.005,   0.731,   0.600,   0.731,   0.700,   0.831
202607050506,   0.120,   0.708,9999.000,9999.000,9999.000,9999.000,9999.000,9999.000,9999.000
202607050512,   0.115,   0.698,9999.000,9999.000,9999.000,9999.000,9999.000,9999.000,9999.000
202607050518,   0.111,   0.678,9999.000,9999.000,9999.000,9999.000,9999.000,9999.000,9999.000
202607050524,   0.107,   0.678,9999.000,9999.000,9999.000,9999.000,9999.000,9999.000,9999.000
202607050530,   0.105,   0.669,9999.000,9999.000,9999.000,9999.000,9999.000,9999.000,9999.000
202607050536,   0.103,   0.659,9999.000,9999.000,9999.000,9999.000,9999.000,9999.000,9999.000
202607050542,   0.102,   0.649,9999.000,9999.000,9999.000,9999.000,9999.000,9999.000,9999.000
202607050548,   0.102,   0.639,9999.000,9999.000,9999.000,9999.000,9999.000,9999.000,9999.000
202607050554,   0.103,   0.639,9999.000,9999.000,9999.000,9999.000,9999.000,9999.000,9999.000
202607050600,   0.104,   0.639,   0.600,  -0.065,   0.639,   0.600,   0.639,   0.600,   0.639
202607050606,   0.106,   0.639,9999.000,9999.000,9999.000,9999.000,9999.000,9999.000,9999.000
202607050612,   0.109,   0.629,9999.000,9999.000,9999.000,9999.000,9999.000,9999.000,9999.000
202607050618,   0.112,   0.629,9999.000,9999.000,9999.000,9999.000,9999.000,9999.000,9999.000
202607050624,   0.117,   0.619,9999.000,9999.000,9999.000,9999.000,9999.000,9999.000,9999.000
202607050630,   0.122,   0.619,9999.000,9999.000,9999.000,9999.000,9999.000,9999.000,9999.000
202607050636,   0.127,   0.619,9999.000,9999.000,9999.000,9999.000,9999.000,9999.000,9999.000
202607050642,   0.133,   0.610,9999.000,9999.000,9999.000,9999.000,9999.000,9999.000,9999.000
202607050648,   0.140,   0.610,9999.000,9999.000,9999.000,9999.000,9999.000,9999.000,9999.000
202607050654,   0.147,   0.600,9999.000,9999.000,9999.000,9999.000,9999.000,9999.000,9999.000
202607050700,   0.155,   0.610,   0.600,  -0.145,   0.610,   0.600,   0.610,   0.600,   0.610
202607050706,   0.164,   0.610,9999.000,9999.000,9999.000,9999.000,9999.000,9999.000,9999.000
202607050712,   0.173,   0.619,9999.000,9999.000,9999.000,9999.000,9999.000,9999.000,9999.000
202607050718,   0.182,   0.619,9999.000,9999.000,9999.000,9999.000,9999.000,9999.000,9999.000
202607050724,   0.193,   0.629,9999.000,9999.000,9999.000,9999.000,9999.000,9999.000,9999.000
202607050730,   0.203,   0.649,9999.000,9999.000,9999.000,9999.000,9999.000,9999.000,9999.000
202607050736,   0.214,   0.649,9999.000,9999.000,9999.000,9999.000,9999.000,9999.000,9999.000
202607050742,   0.226,   0.649,9999.000,9999.000,9999.000,9999.000,9999.000,9999.000,9999.000
202607050748,   0.238,   0.649,9999.000,9999.000,9999.000,9999.000,9999.000,9999.000,9999.000
202607050754,   0.251,   0.659,9999.000,9999.000,9999.000,9999.000,9999.000,9999.000,9999.000
202607050800,   0.264,   0.649,   0.600,  -0.215,   0.649,   0.600,   0.649,   0.700,   0.749
202607050806,   0.277,   0.649,9999.000,9999.000,9999.000,9999.000,9999.000,9999.000,9999.000
202607050812,   0.291,   0.649,9999.000,9999.000,9999.000,9999.000,9999.000,9999.000,9999.000
202607050818,   0.306,   0.659,9999.000,9999.000,9999.000,9999.000,9999.000,9999.000,9999.000
202607050824,   0.321,   0.669,9999.000,9999.000,9999.000,9999.000,9999.000,9999.000,9999.000
202607050830,   0.336,   0.669,9999.000,9999.000,9999.000,9999.000,9999.000,9999.000,9999.000
202607050836,   0.352,   0.678,9999.000,9999.000,9999.000,9999.000,9999.000,9999.000,9999.000
202607050842,   0.368,   0.678,9999.000,9999.000,9999.000,9999.000,9999.000,9999.000,9999.000
202607050848,   0.384,   0.688,9999.000,9999.000,9999.000,9999.000,9999.000,9999.000,9999.000
202607050854,   0.401,   0.698,9999.000,9999.000,9999.000,9999.000,9999.000,9999.000,9999.000
202607050900,   0.418,   0.698,   0.600,  -0.320,   0.698,   0.600,   0.698,   0.700,   0.798
202607050906,   0.435,   0.718,9999.000,9999.000,9999.000,9999.000,9999.000,9999.000,9999.000
202607050912,   0.453,   0.741,9999.000,9999.000,9999.000,9999.000,9999.000,9999.000,9999.000
202607050918,   0.471,   0.760,9999.000,9999.000,9999.000,9999.000,9999.000,9999.000,9999.000
202607050924,   0.489,   0.770,9999.000,9999.000,9999.000,9999.000,9999.000,9999.000,9999.000
202607050930,   0.507,   0.790,9999.000,9999.000,9999.000,9999.000,9999.000,9999.000,9999.000
202607050936,   0.526,   0.800,9999.000,9999.000,9999.000,9999.000,9999.000,9999.000,9999.000
202607050942,   0.545,   0.819,9999.000,9999.000,9999.000,9999.000,9999.000,9999.000,9999.000
202607050948,   0.563,   0.839,9999.000,9999.000,9999.000,9999.000,9999.000,9999.000,9999.000
202607050954,   0.582,   0.849,9999.000,9999.000,9999.000,9999.000,9999.000,9999.000,9999.000
202607051000,   0.601,   0.869,   0.600,  -0.332,   0.869,   0.600,   0.869,   0.600,   0.869
202607051006,   0.620,   0.888,9999.000,9999.000,9999.000,9999.000,9999.000,9999.000,9999.000
202607051012,   0.639,   0.898,9999.000,9999.000,9999.000,9999.000,9999.000,9999.000,9999.000
202607051018,   0.658,   0.908,9999.000,9999.000,9999.000,9999.000,9999.000,9999.000,9999.000
202607051024,   0.677,   0.918,9999.000,9999.000,9999.000,9999.000,9999.000,9999.000,9999.000
202607051030,   0.696,   0.928,9999.000,9999.000,9999.000,9999.000,9999.000,9999.000,9999.000
202607051036,   0.714,   0.951,9999.000,9999.000,9999.000,9999.000,9999.000,9999.000,9999.000
202607051042,   0.733,   0.961,9999.000,9999.000,9999.000,9999.000,9999.000,9999.000,9999.000
202607051048,   0.751,   0.980,9999.000,9999.000,9999.000,9999.000,9999.000,9999.000,9999.000
202607051054,   0.768,   1.000,9999.000,9999.000,9999.000,9999.000,9999.000,9999.000,9999.000
202607051100,   0.786,   1.010,   0.600,  -0.376,   1.010,   0.600,   1.010,   0.600,   1.010
202607051106,   0.803,   1.029,9999.000,9999.000,9999.000,9999.000,9999.000,9999.000,9999.000
202607051112,   0.820,   1.049,9999.000,9999.000,9999.000,9999.000,9999.000,9999.000,9999.000
202607051118,   0.836,   1.079,9999.000,9999.000,9999.000,9999.000,9999.000,9999.000,9999.000
202607051124,   0.852,   1.088,9999.000,9999.000,9999.000,9999.000,9999.000,9999.000,9999.000
202607051130,   0.867,   1.108,9999.000,9999.000,9999.000,9999.000,9999.000,9999.000,9999.000
202607051136,   0.882,   1.128,9999.000,9999.000,9999.000,9999.000,9999.000,9999.000,9999.000
202607051142,   0.896,   1.151,9999.000,9999.000,9999.000,9999.000,9999.000,9999.000,9999.000
202607051148,   0.909,   1.170,9999.000,9999.000,9999.000,9999.000,9999.000,9999.000,9999.000
202607051154,   0.922,   1.190,9999.000,9999.000,9999.000,9999.000,9999.000,9999.000,9999.000
202607051200,   0.935,   1.200,   0.500,  -0.235,   1.200,   0.500,   1.200,   0.500,   1.200
202607051206,   0.946,   1.220,9999.000,9999.000,9999.000,9999.000,9999.000,9999.000,9999.000
202607051212,   0.957,   1.239,9999.000,9999.000,9999.000,9999.000,9999.000,9999.000,9999.000
202607051218,   0.967,   1.269,9999.000,9999.000,9999.000,9999.000,9999.000,9999.000,9999.000
202607051224,   0.977,   1.298,9999.000,9999.000,9999.000,9999.000,9999.000,9999.000,9999.000
202607051230,   0.986,   1.289,9999.000,9999.000,9999.000,9999.000,9999.000,9999.000,9999.000
202607051236,   0.994,   1.249,9999.000,9999.000,9999.000,9999.000,9999.000,9999.000,9999.000
202607051242,   1.001,   1.279,9999.000,9999.000,9999.000,9999.000,9999.000,9999.000,9999.000
202607051248,   1.008,   1.298,9999.000,9999.000,9999.000,9999.000,9999.000,9999.000,9999.000
202607051254,   1.014,   1.308,9999.000,9999.000,9999.000,9999.000,9999.000,9999.000,9999.000
202607051300,   1.019,   1.269,   0.500,  -0.250,   1.269,   0.500,   1.269,   0.500,   1.269
202607051306,   1.024,   1.289,9999.000,9999.000,9999.000,9999.000,9999.000,9999.000,9999.000
202607051312,   1.028,   1.308,9999.000,9999.000,9999.000,9999.000,9999.000,9999.000,9999.000
202607051318,   1.031,   1.318,9999.000,9999.000,9999.000,9999.000,9999.000,9999.000,9999.000
202607051324,   1.034,   1.308,9999.000,9999.000,9999.000,9999.000,9999.000,9999.000,9999.000
202607051330,   1.036,   1.338,9999.000,9999.000,9999.000,9999.000,9999.000,9999.000,9999.000
202607051336,   1.037,   1.348,9999.000,9999.000,9999.000,9999.000,9999.000,9999.000,9999.000
202607051342,   1.038,   1.338,9999.000,9999.000,9999.000,9999.000,9999.000,9999.000,9999.000
202607051348,   1.039,   1.380,9999.000,9999.000,9999.000,9999.000,9999.000,9999.000,9999.000
202607051354,   1.039,   1.400,9999.000,9999.000,9999.000,9999.000,9999.000,9999.000,9999.000
202607051400,   1.038,   1.430,   0.500,  -0.108,   1.430,   0.500,   1.430,   0.500,   1.430
202607051406,   1.038,   1.449,9999.000,9999.000,9999.000,9999.000,9999.000,9999.000,9999.000
202607051412,   1.036,   1.469,9999.000,9999.000,9999.000,9999.000,9999.000,9999.000,9999.000
202607051418,   1.035,   1.479,9999.000,9999.000,9999.000,9999.000,9999.000,9999.000,9999.000
202607051424,   1.033,   1.479,9999.000,9999.000,9999.000,9999.000,9999.000,9999.000,9999.000
202607051430,   1.031,   1.518,9999.000,9999.000,9999.000,9999.000,9999.000,9999.000,9999.000
202607051436,   1.029,   1.518,9999.000,9999.000,9999.000,9999.000,9999.000,9999.000,9999.000
202607051442,   1.027,   1.498,9999.000,9999.000,9999.000,9999.000,9999.000,9999.000,9999.000
202607051448,   1.025,   1.489,9999.000,9999.000,9999.000,9999.000,9999.000,9999.000,9999.000
202607051454,   1.023,   1.479,9999.000,9999.000,9999.000,9999.000,9999.000,9999.000,9999.000
202607051500,   1.020,   1.508,   0.500,  -0.012,   1.508,   0.500,   1.508,   0.500,   1.508
202607051506,   1.018,   1.489,9999.000,9999.000,9999.000,9999.000,9999.000,9999.000,9999.000
202607051512,   1.016,   1.498,9999.000,9999.000,9999.000,9999.000,9999.000,9999.000,9999.000
202607051518,   1.014,   1.498,9999.000,9999.000,9999.000,9999.000,9999.000,9999.000,9999.000
202607051524,   1.012,   1.469,9999.000,9999.000,9999.000,9999.000,9999.000,9999.000,9999.000
202607051530,   1.010,   1.459,9999.000,9999.000,9999.000,9999.000,9999.000,9999.000,9999.000
202607051536,   1.008,   1.459,9999.000,9999.000,9999.000,9999.000,9999.000,9999.000,9999.000
202607051542,   1.007,   1.439,9999.000,9999.000,9999.000,9999.000,9999.000,9999.000,9999.000
202607051548,   1.006,   1.420,9999.000,9999.000,9999.000,9999.000,9999.000,9999.000,9999.000
202607051554,   1.005,   1.420,9999.000,9999.000,9999.000,9999.000,9999.000,9999.000,9999.000
202607051600,   1.005,   1.439,   0.500,  -0.066,   1.439,   0.500,   1.439,   0.500,   1.439
202607051606,   1.005,   1.380,9999.000,9999.000,9999.000,9999.000,9999.000,9999.000,9999.000
202607051612,   1.005,   1.371,9999.000,9999.000,9999.000,9999.000,9999.000,9999.000,9999.000
202607051618,   1.006,   1.390,9999.000,9999.000,9999.000,9999.000,9999.000,9999.000,9999.000
202607051624,   1.007,   1.390,9999.000,9999.000,9999.000,9999.000,9999.000,9999.000,9999.000
202607051630,   1.008,   1.380,9999.000,9999.000,9999.000,9999.000,9999.000,9999.000,9999.000
202607051636,   1.010,   1.371,9999.000,9999.000,9999.000,9999.000,9999.000,9999.000,9999.000
202607051642,   1.012,   1.390,9999.000,9999.000,9999.000,9999.000,9999.000,9999.000,9999.000
202607051648,   1.015,   1.430,9999.000,9999.000,9999.000,9999.000,9999.000,9999.000,9999.000
202607051654,   1.018,   1.439,9999.000,9999.000,9999.000,9999.000,9999.000,9999.000,9999.000
202607051700,   1.021,   1.469,   0.500,  -0.052,   1.469,   0.500,   1.469,   0.500,   1.469
202607051706,   1.025,   1.498,9999.000,9999.000,9999.000,9999.000,9999.000,9999.000,9999.000
202607051712,   1.029,   1.498,9999.000,9999.000,9999.000,9999.000,9999.000,9999.000,9999.000
202607051718,   1.034,   1.548,9999.000,9999.000,9999.000,9999.000,9999.000,9999.000,9999.000
202607051724,   1.038,   1.571,9999.000,9999.000,9999.000,9999.000,9999.000,9999.000,9999.000
202607051730,   1.044,   1.590,9999.000,9999.000,9999.000,9999.000,9999.000,9999.000,9999.000
202607051736,   1.049,   1.600,9999.000,9999.000,9999.000,9999.000,9999.000,9999.000,9999.000
202607051742,   1.055,   1.610,9999.000,9999.000,9999.000,9999.000,9999.000,9999.000,9999.000
202607051748,   1.061,   1.590,9999.000,9999.000,9999.000,9999.000,9999.000,9999.000,9999.000
202607051754,   1.067,   1.610,9999.000,9999.000,9999.000,9999.000,9999.000,9999.000,9999.000
202607051800,   1.073,   1.620,   0.300,   0.247,   1.620,   0.300,   1.620,   0.400,   1.720
202607051806,   1.080,   1.649,9999.000,9999.000,9999.000,9999.000,9999.000,9999.000,9999.000
202607051812,   1.087,   1.659,9999.000,9999.000,9999.000,9999.000,9999.000,9999.000,9999.000
202607051818,   1.094,   1.708,9999.000,9999.000,9999.000,9999.000,9999.000,9999.000,9999.000
202607051824,   1.101,   1.718,9999.000,9999.000,9999.000,9999.000,9999.000,9999.000,9999.000
202607051830,   1.108,   1.767,9999.000,9999.000,9999.000,9999.000,9999.000,9999.000,9999.000
202607051836,   1.115,   1.767,9999.000,9999.000,9999.000,9999.000,9999.000,9999.000,9999.000
202607051842,   1.123,   1.781,9999.000,9999.000,9999.000,9999.000,9999.000,9999.000,9999.000
202607051848,   1.130,   1.748,9999.000,9999.000,9999.000,9999.000,9999.000,9999.000,9999.000
202607051854,   1.137,   1.767,9999.000,9999.000,9999.000,9999.000,9999.000,9999.000,9999.000
202607051900,   1.145,   1.800,   0.300,   0.355,   1.800,   0.300,   1.800,   0.400,   1.900
202607051906,   1.152,   1.800,9999.000,9999.000,9999.000,9999.000,9999.000,9999.000,9999.000
202607051912,   1.159,   1.781,9999.000,9999.000,9999.000,9999.000,9999.000,9999.000,9999.000
202607051918,   1.166,   1.790,9999.000,9999.000,9999.000,9999.000,9999.000,9999.000,9999.000
202607051924,   1.173,   1.820,9999.000,9999.000,9999.000,9999.000,9999.000,9999.000,9999.000
202607051930,   1.180,   1.849,9999.000,9999.000,9999.000,9999.000,9999.000,9999.000,9999.000
202607051936,   1.187,   1.869,9999.000,9999.000,9999.000,9999.000,9999.000,9999.000,9999.000
202607051942,   1.194,   1.849,9999.000,9999.000,9999.000,9999.000,9999.000,9999.000,9999.000
202607051948,   1.200,   1.859,9999.000,9999.000,9999.000,9999.000,9999.000,9999.000,9999.000
202607051954,   1.207,   1.859,9999.000,9999.000,9999.000,9999.000,9999.000,9999.000,9999.000
202607052000,   1.213,   1.849,   0.300,   0.336,   1.849,   0.300,   1.849,   0.300,   1.849
202607052006,   1.219,   1.879,9999.000,9999.000,9999.000,9999.000,9999.000,9999.000,9999.000
202607052012,   1.224,   1.879,9999.000,9999.000,9999.000,9999.000,9999.000,9999.000,9999.000
202607052018,   1.230,   1.899,9999.000,9999.000,9999.000,9999.000,9999.000,9999.000,9999.000
202607052024,   1.235,   1.908,9999.000,9999.000,9999.000,9999.000,9999.000,9999.000,9999.000
202607052030,   1.240,   1.928,9999.000,9999.000,9999.000,9999.000,9999.000,9999.000,9999.000
202607052036,   1.245,   1.948,9999.000,9999.000,9999.000,9999.000,9999.000,9999.000,9999.000
202607052042,   1.249,   1.948,9999.000,9999.000,9999.000,9999.000,9999.000,9999.000,9999.000
202607052048,   1.254,   1.958,9999.000,9999.000,9999.000,9999.000,9999.000,9999.000,9999.000
202607052054,   1.258,   1.967,9999.000,9999.000,9999.000,9999.000,9999.000,9999.000,9999.000
202607052100,   1.261,   1.990,   0.300,   0.429,   1.990,   0.300,   1.990,   0.300,   1.990
202607052106,   1.264,   1.967,9999.000,9999.000,9999.000,9999.000,9999.000,9999.000,9999.000
202607052112,   1.267,   1.967,9999.000,9999.000,9999.000,9999.000,9999.000,9999.000,9999.000
202607052118,   1.270,   1.967,9999.000,9999.000,9999.000,9999.000,9999.000,9999.000,9999.000
202607052124,   1.272,   1.938,9999.000,9999.000,9999.000,9999.000,9999.000,9999.000,9999.000
202607052130,   1.274,   1.928,9999.000,9999.000,9999.000,9999.000,9999.000,9999.000,9999.000
202607052136,   1.276,   1.928,9999.000,9999.000,9999.000,9999.000,9999.000,9999.000,9999.000
202607052142,   1.277,   1.918,9999.000,9999.000,9999.000,9999.000,9999.000,9999.000,9999.000
202607052148,   1.278,   1.899,9999.000,9999.000,9999.000,9999.000,9999.000,9999.000,9999.000
202607052154,   1.278,   1.908,9999.000,9999.000,9999.000,9999.000,9999.000,9999.000,9999.000
202607052200,   1.278,   1.899,   0.300,   0.321,   1.899,   0.300,   1.899,   0.300,   1.899
202607052206,   1.278,   1.879,9999.000,9999.000,9999.000,9999.000,9999.000,9999.000,9999.000
202607052212,   1.277,   1.859,9999.000,9999.000,9999.000,9999.000,9999.000,9999.000,9999.000
202607052218,   1.276,   1.840,9999.000,9999.000,9999.000,9999.000,9999.000,9999.000,9999.000
202607052224,   1.274,   1.830,9999.000,9999.000,9999.000,9999.000,9999.000,9999.000,9999.000
202607052230,   1.271,   1.810,9999.000,9999.000,9999.000,9999.000,9999.000,9999.000,9999.000
202607052236,   1.269,   1.790,9999.000,9999.000,9999.000,9999.000,9999.000,9999.000,9999.000
202607052242,   1.265,   1.790,9999.000,9999.000,9999.000,9999.000,9999.000,9999.000,9999.000
202607052248,   1.262,   1.790,9999.000,9999.000,9999.000,9999.000,9999.000,9999.000,9999.000
202607052254,   1.257,   1.781,9999.000,9999.000,9999.000,9999.000,9999.000,9999.000,9999.000
202607052300,   1.252,   1.767,   0.300,   0.215,   1.767,   0.300,   1.767,   0.400,   1.867
202607052306,   1.247,   1.748,9999.000,9999.000,9999.000,9999.000,9999.000,9999.000,9999.000
202607052312,   1.241,   1.728,9999.000,9999.000,9999.000,9999.000,9999.000,9999.000,9999.000
202607052318,   1.234,   1.718,9999.000,9999.000,9999.000,9999.000,9999.000,9999.000,9999.000
202607052324,   1.227,   1.699,9999.000,9999.000,9999.000,9999.000,9999.000,9999.000,9999.000
202607052330,   1.219,   1.699,9999.000,9999.000,9999.000,9999.000,9999.000,9999.000,9999.000
202607052336,   1.211,   1.708,9999.000,9999.000,9999.000,9999.000,9999.000,9999.000,9999.000
202607052342,   1.202,   1.699,9999.000,9999.000,9999.000,9999.000,9999.000,9999.000,9999.000
202607052348,   1.192,   1.679,9999.000,9999.000,9999.000,9999.000,9999.000,9999.000,9999.000
202607052354,   1.182,   1.689,9999.000,9999.000,9999.000,9999.000,9999.000,9999.000,9999.000
202607060000,   1.171,   1.689,   0.400,   0.118,   1.689,   0.400,   1.689,   0.400,   1.689
202607060006,   1.159,   1.679,9999.000,9999.000,9999.000,9999.000,9999.000,9999.000,9999.000
202607060012,   1.147,   1.610,9999.000,9999.000,9999.000,9999.000,9999.000,9999.000,9999.000
202607060018,   1.134,   1.600,9999.000,9999.000,9999.000,9999.000,9999.000,9999.000,9999.000
202607060024,   1.121,   1.580,9999.000,9999.000,9999.000,9999.000,9999.000,9999.000,9999.000
202607060030,   1.107,   1.548,9999.000,9999.000,9999.000,9999.000,9999.000,9999.000,9999.000
202607060036,   1.092,   1.538,9999.000,9999.000,9999.000,9999.000,9999.000,9999.000,9999.000
202607060042,   1.077,   1.518,9999.000,9999.000,9999.000,9999.000,9999.000,9999.000,9999.000
202607060048,   1.062,   1.498,9999.000,9999.000,9999.000,9999.000,9999.000,9999.000,9999.000
202607060054,   1.045,   1.498,9999.000,9999.000,9999.000,9999.000,9999.000,9999.000,9999.000
202607060100,   1.029,   1.528,   0.400,   0.099,   1.528,   0.400,   1.528,   0.400,   1.528
202607060106,   1.011,   1.518,9999.000,9999.000,9999.000,9999.000,9999.000,9999.000,9999.000
202607060112,   0.994,   1.498,9999.000,9999.000,9999.000,9999.000,9999.000,9999.000,9999.000
202607060118,   0.976,   1.489,9999.000,9999.000,9999.000,9999.000,9999.000,9999.000,9999.000
202607060124,   0.957,   1.469,9999.000,9999.000,9999.000,9999.000,9999.000,9999.000,9999.000
202607060130,   0.938,   1.439,9999.000,9999.000,9999.000,9999.000,9999.000,9999.000,9999.000
202607060136,   0.919,   1.410,9999.000,9999.000,9999.000,9999.000,9999.000,9999.000,9999.000
202607060142,   0.900,   1.380,9999.000,9999.000,9999.000,9999.000,9999.000,9999.000,9999.000
202607060148,   0.880,   1.338,9999.000,9999.000,9999.000,9999.000,9999.000,9999.000,9999.000
202607060154,   0.860,   1.308,9999.000,9999.000,9999.000,9999.000,9999.000,9999.000,9999.000
202607060200,   0.840,   1.259,   0.400,   0.019,   1.259,   0.400,   1.259,   0.400,   1.259
202607060206,   0.820,   1.220,9999.000,9999.000,9999.000,9999.000,9999.000,9999.000,9999.000
202607060212,   0.800,   1.190,9999.000,9999.000,9999.000,9999.000,9999.000,9999.000,9999.000
202607060218,   0.779,   1.161,9999.000,9999.000,9999.000,9999.000,9999.000,9999.000,9999.000
202607060224,   0.759,   1.118,9999.000,9999.000,9999.000,9999.000,9999.000,9999.000,9999.000
202607060230,   0.739,   1.088,9999.000,9999.000,9999.000,9999.000,9999.000,9999.000,9999.000
202607060236,   0.718,   1.069,9999.000,9999.000,9999.000,9999.000,9999.000,9999.000,9999.000
202607060242,   0.698,   1.049,9999.000,9999.000,9999.000,9999.000,9999.000,9999.000,9999.000
202607060248,   0.679,   1.029,9999.000,9999.000,9999.000,9999.000,9999.000,9999.000,9999.000
202607060254,   0.659,   1.010,9999.000,9999.000,9999.000,9999.000,9999.000,9999.000,9999.000
202607060300,   0.640,   0.990,   0.400,  -0.050,   0.990,   0.400,   0.990,   0.400,   0.990
202607060306,   0.621,   0.970,9999.000,9999.000,9999.000,9999.000,9999.000,9999.000,9999.000
202607060312,   0.602,   0.961,9999.000,9999.000,9999.000,9999.000,9999.000,9999.000,9999.000
202607060318,   0.584,   0.951,9999.000,9999.000,9999.000,9999.000,9999.000,9999.000,9999.000
202607060324,   0.566,   0.941,9999.000,9999.000,9999.000,9999.000,9999.000,9999.000,9999.000
202607060330,   0.549,   0.928,9999.000,9999.000,9999.000,9999.000,9999.000,9999.000,9999.000
202607060336,   0.532,   0.918,9999.000,9999.000,9999.000,9999.000,9999.000,9999.000,9999.000
202607060342,   0.516,   0.918,9999.000,9999.000,9999.000,9999.000,9999.000,9999.000,9999.000
202607060348,   0.501,   0.918,9999.000,9999.000,9999.000,9999.000,9999.000,9999.000,9999.000
202607060354,   0.486,   0.908,9999.000,9999.000,9999.000,9999.000,9999.000,9999.000,9999.000
202607060400,   0.472,   0.898,   0.400,   0.026,   0.898,   0.400,   0.898,   0.400,   0.898
202607060406,   0.458,   0.888,9999.000,9999.000,9999.000,9999.000,9999.000,9999.000,9999.000
202607060412,   0.445,   0.898,9999.000,9999.000,9999.000,9999.000,9999.000,9999.000,9999.000
202607060418,   0.433,   0.888,9999.000,9999.000,9999.000,9999.000,9999.000,9999.000,9999.000
202607060424,   0.422,   0.888,9999.000,9999.000,9999.000,9999.000,9999.000,9999.000,9999.000
202607060430,   0.411,   0.898,9999.000,9999.000,9999.000,9999.000,9999.000,9999.000,9999.000
202607060436,   0.401,   0.898,9999.000,9999.000,9999.000,9999.000,9999.000,9999.000,9999.000
202607060442,   0.392,   0.869,9999.000,9999.000,9999.000,9999.000,9999.000,9999.000,9999.000
202607060448,   0.384,   0.849,9999.000,9999.000,9999.000,9999.000,9999.000,9999.000,9999.000
202607060454,   0.377,   0.839,9999.000,9999.000,9999.000,9999.000,9999.000,9999.000,9999.000
202607060500,   0.370,   0.819,   0.400,   0.049,   0.819,   0.400,   0.819,   0.400,   0.819
202607060506,   0.364,   0.810,9999.000,9999.000,9999.000,9999.000,9999.000,9999.000,9999.000
202607060512,   0.359,   0.800,9999.000,9999.000,9999.000,9999.000,9999.000,9999.000,9999.000
202607060518,   0.355,   0.770,9999.000,9999.000,9999.000,9999.000,9999.000,9999.000,9999.000
202607060524,   0.352,   0.751,9999.000,9999.000,9999.000,9999.000,9999.000,9999.000,9999.000
202607060530,   0.349,   0.731,9999.000,9999.000,9999.000,9999.000,9999.000,9999.000,9999.000
202607060536,   0.347,   0.708,9999.000,9999.000,9999.000,9999.000,9999.000,9999.000,9999.000
202607060542,   0.346,   0.698,9999.000,9999.000,9999.000,9999.000,9999.000,9999.000,9999.000
202607060548,   0.346,   0.678,9999.000,9999.000,9999.000,9999.000,9999.000,9999.000,9999.000
202607060554,   0.346,   0.659,9999.000,9999.000,9999.000,9999.000,9999.000,9999.000,9999.000
202607060600,   0.348,   0.649,   0.500,  -0.199,   0.649,   0.500,   0.649,   0.600,   0.749
202607060606,   0.350,   0.649,9999.000,9999.000,9999.000,9999.000,9999.000,9999.000,9999.000
202607060612,   0.352,   0.639,9999.000,9999.000,9999.000,9999.000,9999.000,9999.000,9999.000
202607060618,   0.356,   0.629,9999.000,9999.000,9999.000,9999.000,9999.000,9999.000,9999.000
202607060624,   0.360,   0.629,9999.000,9999.000,9999.000,9999.000,9999.000,9999.000,9999.000
202607060630,   0.364,   0.619,9999.000,9999.000,9999.000,9999.000,9999.000,9999.000,9999.000
202607060636,   0.370,   0.610,9999.000,9999.000,9999.000,9999.000,9999.000,9999.000,9999.000
202607060642,   0.376,   0.610,9999.000,9999.000,9999.000,9999.000,9999.000,9999.000,9999.000
202607060648,   0.382,   0.600,9999.000,9999.000,9999.000,9999.000,9999.000,9999.000,9999.000
202607060654,   0.389,   0.600,9999.000,9999.000,9999.000,9999.000,9999.000,9999.000,9999.000
202607060700,   0.397,   0.600,   0.600,  -0.397,   0.600,   0.500,   0.500,   0.600,   0.600
202607060706,   0.405,   0.600,9999.000,9999.000,9999.000,9999.000,9999.000,9999.000,9999.000
202607060712,   0.414,   0.610,9999.000,9999.000,9999.000,9999.000,9999.000,9999.000,9999.000
202607060718,   0.423,   0.629,9999.000,9999.000,9999.000,9999.000,9999.000,9999.000,9999.000
202607060724,   0.433,   0.639,9999.000,9999.000,9999.000,9999.000,9999.000,9999.000,9999.000
202607060730,   0.443,   0.649,9999.000,9999.000,9999.000,9999.000,9999.000,9999.000,9999.000
202607060736,   0.454,   0.659,9999.000,9999.000,9999.000,9999.000,9999.000,9999.000,9999.000
202607060742,   0.465,   0.669,9999.000,9999.000,9999.000,9999.000,9999.000,9999.000,9999.000
202607060748,   0.476,   0.688,9999.000,9999.000,9999.000,9999.000,9999.000,9999.000,9999.000
202607060754,   0.488,   0.698,9999.000,9999.000,9999.000,9999.000,9999.000,9999.000,9999.000
202607060800,   0.500,   0.718,   0.600,  -0.382,   0.718,   0.500,   0.618,   0.600,   0.718
202607060806,   0.512,   0.760,9999.000,9999.000,9999.000,9999.000,9999.000,9999.000,9999.000
202607060812,   0.525,   0.790,9999.000,9999.000,9999.000,9999.000,9999.000,9999.000,9999.000
202607060818,   0.538,   0.819,9999.000,9999.000,9999.000,9999.000,9999.000,9999.000,9999.000
202607060824,   0.552,   0.859,9999.000,9999.000,9999.000,9999.000,9999.000,9999.000,9999.000
202607060830,   0.565,   0.898,9999.000,9999.000,9999.000,9999.000,9999.000,9999.000,9999.000
202607060836,   0.579,   0.928,9999.000,9999.000,9999.000,9999.000,9999.000,9999.000,9999.000
202607060842,   0.593,   0.970,9999.000,9999.000,9999.000,9999.000,9999.000,9999.000,9999.000
202607060848,   0.608,   1.010,9999.000,9999.000,9999.000,9999.000,9999.000,9999.000,9999.000
202607060854,   0.622,   1.039,9999.000,9999.000,9999.000,9999.000,9999.000,9999.000,9999.000
202607060900,   0.637,   1.069,   0.600,  -0.168,   1.069,   0.500,   0.969,   0.600,   1.069
202607060906,   0.652,   1.098,9999.000,9999.000,9999.000,9999.000,9999.000,9999.000,9999.000
202607060912,   0.667,   1.118,9999.000,9999.000,9999.000,9999.000,9999.000,9999.000,9999.000
202607060918,   0.682,   1.138,9999.000,9999.000,9999.000,9999.000,9999.000,9999.000,9999.000
202607060924,   0.697,   1.161,9999.000,9999.000,9999.000,9999.000,9999.000,9999.000,9999.000
202607060930,   0.712,   1.180,9999.000,9999.000,9999.000,9999.000,9999.000,9999.000,9999.000
202607060936,   0.728,   1.180,9999.000,9999.000,9999.000,9999.000,9999.000,9999.000,9999.000
202607060942,   0.743,   1.190,9999.000,9999.000,9999.000,9999.000,9999.000,9999.000,9999.000
202607060948,   0.758,   1.200,9999.000,9999.000,9999.000,9999.000,9999.000,9999.000,9999.000
202607060954,   0.773,   1.200,9999.000,9999.000,9999.000,9999.000,9999.000,9999.000,9999.000
202607061000,   0.789,   1.210,   0.600,  -0.179,   1.210,   0.500,   1.110,   0.600,   1.210
202607061006,   0.804,   1.220,9999.000,9999.000,9999.000,9999.000,9999.000,9999.000,9999.000
202607061012,   0.819,   1.220,9999.000,9999.000,9999.000,9999.000,9999.000,9999.000,9999.000
202607061018,   0.833,   1.229,9999.000,9999.000,9999.000,9999.000,9999.000,9999.000,9999.000
202607061024,   0.848,   1.249,9999.000,9999.000,9999.000,9999.000,9999.000,9999.000,9999.000
202607061030,   0.862,   1.269,9999.000,9999.000,9999.000,9999.000,9999.000,9999.000,9999.000
202607061036,   0.877,   1.289,9999.000,9999.000,9999.000,9999.000,9999.000,9999.000,9999.000
202607061042,   0.891,   1.308,9999.000,9999.000,9999.000,9999.000,9999.000,9999.000,9999.000
202607061048,   0.904,   1.318,9999.000,9999.000,9999.000,9999.000,9999.000,9999.000,9999.000
202607061054,   0.918,   1.348,9999.000,9999.000,9999.000,9999.000,9999.000,9999.000,9999.000
202607061100,   0.931,   1.371,   0.500,  -0.060,   1.371,   0.500,   1.371,   0.600,   1.471
202607061106,   0.943,   1.390,9999.000,9999.000,9999.000,9999.000,9999.000,9999.000,9999.000
202607061112,   0.955,   1.390,9999.000,9999.000,9999.000,9999.000,9999.000,9999.000,9999.000
202607061118,   0.967,   1.420,9999.000,9999.000,9999.000,9999.000,9999.000,9999.000,9999.000
202607061124,   0.978,   1.439,9999.000,9999.000,9999.000,9999.000,9999.000,9999.000,9999.000
202607061130,   0.989,   1.459,9999.000,9999.000,9999.000,9999.000,9999.000,9999.000,9999.000
202607061136,   0.999,   1.469,9999.000,9999.000,9999.000,9999.000,9999.000,9999.000,9999.000
202607061142,   1.009,   1.469,9999.000,9999.000,9999.000,9999.000,9999.000,9999.000,9999.000
202607061148,   1.018,   1.469,9999.000,9999.000,9999.000,9999.000,9999.000,9999.000,9999.000
202607061154,   1.027,   1.469,9999.000,9999.000,9999.000,9999.000,9999.000,9999.000,9999.000
202607061200,   1.035,   1.469,   0.500,  -0.066,   1.469,   0.400,   1.369,   0.500,   1.469
202607061206,   1.042,   1.469,9999.000,9999.000,9999.000,9999.000,9999.000,9999.000,9999.000
202607061212,   1.049,   1.459,9999.000,9999.000,9999.000,9999.000,9999.000,9999.000,9999.000
202607061218,   1.055,   1.449,9999.000,9999.000,9999.000,9999.000,9999.000,9999.000,9999.000
202607061224,   1.060,   1.449,9999.000,9999.000,9999.000,9999.000,9999.000,9999.000,9999.000
202607061230,   1.065,   1.439,9999.000,9999.000,9999.000,9999.000,9999.000,9999.000,9999.000
202607061236,   1.069,   1.430,9999.000,9999.000,9999.000,9999.000,9999.000,9999.000,9999.000
202607061242,   1.073,   1.420,9999.000,9999.000,9999.000,9999.000,9999.000,9999.000,9999.000
202607061248,   1.075,   1.410,9999.000,9999.000,9999.000,9999.000,9999.000,9999.000,9999.000
202607061254,   1.077,   1.400,9999.000,9999.000,9999.000,9999.000,9999.000,9999.000,9999.000
202607061300,   1.078,   1.390,   0.500,  -0.188,   1.390,   0.400,   1.290,   0.500,   1.390
202607061306,   1.079,   1.371,9999.000,9999.000,9999.000,9999.000,9999.000,9999.000,9999.000
202607061312,   1.079,   1.338,9999.000,9999.000,9999.000,9999.000,9999.000,9999.000,9999.000
202607061318,   1.078,   1.361,9999.000,9999.000,9999.000,9999.000,9999.000,9999.000,9999.000
202607061324,   1.077,   1.380,9999.000,9999.000,9999.000,9999.000,9999.000,9999.000,9999.000
202607061330,   1.075,   1.380,9999.000,9999.000,9999.000,9999.000,9999.000,9999.000,9999.000
202607061336,   1.072,   1.390,9999.000,9999.000,9999.000,9999.000,9999.000,9999.000,9999.000
202607061342,   1.069,   1.390,9999.000,9999.000,9999.000,9999.000,9999.000,9999.000,9999.000
202607061348,   1.065,   1.380,9999.000,9999.000,9999.000,9999.000,9999.000,9999.000,9999.000
202607061354,   1.061,   1.338,9999.000,9999.000,9999.000,9999.000,9999.000,9999.000,9999.000
202607061400,   1.056,   1.308,   0.500,  -0.248,   1.308,   0.400,   1.208,   0.500,   1.308
202607061406,   1.050,   1.328,9999.000,9999.000,9999.000,9999.000,9999.000,9999.000,9999.000
202607061412,   1.045,   1.318,9999.000,9999.000,9999.000,9999.000,9999.000,9999.000,9999.000
202607061418,   1.038,   1.318,9999.000,9999.000,9999.000,9999.000,9999.000,9999.000,9999.000
202607061424,   1.032,   1.308,9999.000,9999.000,9999.000,9999.000,9999.000,9999.000,9999.000
202607061430,   1.025,   1.308,9999.000,9999.000,9999.000,9999.000,9999.000,9999.000,9999.000
202607061436,   1.017,   1.308,9999.000,9999.000,9999.000,9999.000,9999.000,9999.000,9999.000
202607061442,   1.010,   1.318,9999.000,9999.000,9999.000,9999.000,9999.000,9999.000,9999.000
202607061448,   1.002,   1.328,9999.000,9999.000,9999.000,9999.000,9999.000,9999.000,9999.000
202607061454,   0.993,   1.348,9999.000,9999.000,9999.000,9999.000,9999.000,9999.000,9999.000
202607061500,   0.985,   1.338,   0.500,  -0.147,   1.338,   0.400,   1.238,   0.500,   1.338
202607061506,   0.977,   1.338,9999.000,9999.000,9999.000,9999.000,9999.000,9999.000,9999.000
202607061512,   0.968,   1.338,9999.000,9999.000,9999.000,9999.000,9999.000,9999.000,9999.000
202607061518,   0.959,   1.380,9999.000,9999.000,9999.000,9999.000,9999.000,9999.000,9999.000
202607061524,   0.951,   1.371,9999.000,9999.000,9999.000,9999.000,9999.000,9999.000,9999.000
202607061530,   0.942,   1.371,9999.000,9999.000,9999.000,9999.000,9999.000,9999.000,9999.000
202607061536,   0.934,   1.380,9999.000,9999.000,9999.000,9999.000,9999.000,9999.000,9999.000
202607061542,   0.925,   1.371,9999.000,9999.000,9999.000,9999.000,9999.000,9999.000,9999.000
202607061548,   0.917,   1.371,9999.000,9999.000,9999.000,9999.000,9999.000,9999.000,9999.000
202607061554,   0.909,   1.328,9999.000,9999.000,9999.000,9999.000,9999.000,9999.000,9999.000
202607061600,   0.901,   1.298,   0.500,  -0.103,   1.298,   0.400,   1.198,   0.500,   1.298
202607061606,   0.893,   1.279,9999.000,9999.000,9999.000,9999.000,9999.000,9999.000,9999.000
202607061612,   0.886,   1.259,9999.000,9999.000,9999.000,9999.000,9999.000,9999.000,9999.000
202607061618,   0.878,   1.239,9999.000,9999.000,9999.000,9999.000,9999.000,9999.000,9999.000
202607061624,   0.871,   1.220,9999.000,9999.000,9999.000,9999.000,9999.000,9999.000,9999.000
202607061630,   0.865,   1.229,9999.000,9999.000,9999.000,9999.000,9999.000,9999.000,9999.000
202607061636,   0.860,   1.229,9999.000,9999.000,9999.000,9999.000,9999.000,9999.000,9999.000
202607061642,   0.853,   1.210,9999.000,9999.000,9999.000,9999.000,9999.000,9999.000,9999.000
202607061648,   0.847,   1.190,9999.000,9999.000,9999.000,9999.000,9999.000,9999.000,9999.000
202607061654,   0.842,   1.170,9999.000,9999.000,9999.000,9999.000,9999.000,9999.000,9999.000
202607061700,   0.838,   1.180,   0.400,  -0.058,   1.180,   0.400,   1.180,   0.500,   1.280
202607061706,   0.833,   1.170,9999.000,9999.000,9999.000,9999.000,9999.000,9999.000,9999.000
202607061712,   0.830,   1.200,9999.000,9999.000,9999.000,9999.000,9999.000,9999.000,9999.000
202607061718,   0.826,   1.190,9999.000,9999.000,9999.000,9999.000,9999.000,9999.000,9999.000
202607061724,   0.823,   1.190,9999.000,9999.000,9999.000,9999.000,9999.000,9999.000,9999.000
202607061730,   0.821,   1.190,9999.000,9999.000,9999.000,9999.000,9999.000,9999.000,9999.000
202607061736,   0.819,   1.190,9999.000,9999.000,9999.000,9999.000,9999.000,9999.000,9999.000
202607061742,   0.817,   1.210,9999.000,9999.000,9999.000,9999.000,9999.000,9999.000,9999.000
202607061748,   0.816,   1.220,9999.000,9999.000,9999.000,9999.000,9999.000,9999.000,9999.000
202607061754,   0.815,   1.239,9999.000,9999.000,9999.000,9999.000,9999.000,9999.000,9999.000
202607061800,   0.815,   1.229,   0.300,   0.114,   1.229,   0.300,   1.229,   0.300,   1.229
202607061806,   0.815,   1.210,9999.000,9999.000,9999.000,9999.000,9999.000,9999.000,9999.000
202607061812,   0.815,   1.220,9999.000,9999.000,9999.000,9999.000,9999.000,9999.000,9999.000
202607061818,   0.816,   1.229,9999.000,9999.000,9999.000,9999.000,9999.000,9999.000,9999.000
202607061824,   0.818,   1.239,9999.000,9999.000,9999.000,9999.000,9999.000,9999.000,9999.000
202607061830,   0.819,   1.220,9999.000,9999.000,9999.000,9999.000,9999.000,9999.000,9999.000
202607061836,   0.821,   1.229,9999.000,9999.000,9999.000,9999.000,9999.000,9999.000,9999.000
202607061842,   0.823,   1.200,9999.000,9999.000,9999.000,9999.000,9999.000,9999.000,9999.000
202607061848,   0.826,   1.180,9999.000,9999.000,9999.000,9999.000,9999.000,9999.000,9999.000
202607061854,   0.829,   1.170,9999.000,9999.000,9999.000,9999.000,9999.000,9999.000,9999.000
202607061900,   0.832,   1.170,   0.300,   0.038,   1.170,   0.300,   1.170,   0.300,   1.170
202607061906,   0.835,   1.161,9999.000,9999.000,9999.000,9999.000,9999.000,9999.000,9999.000
202607061912,   0.839,   1.151,9999.000,9999.000,9999.000,9999.000,9999.000,9999.000,9999.000
202607061918,   0.843,   1.170,9999.000,9999.000,9999.000,9999.000,9999.000,9999.000,9999.000
202607061924,   0.847,   1.170,9999.000,9999.000,9999.000,9999.000,9999.000,9999.000,9999.000
202607061930,   0.851,   1.190,9999.000,9999.000,9999.000,9999.000,9999.000,9999.000,9999.000
202607061936,   0.856,   1.220,9999.000,9999.000,9999.000,9999.000,9999.000,9999.000,9999.000
202607061942,   0.860,   1.259,9999.000,9999.000,9999.000,9999.000,9999.000,9999.000,9999.000
202607061948,   0.865,   1.229,9999.000,9999.000,9999.000,9999.000,9999.000,9999.000,9999.000
202607061954,   0.870,   1.239,9999.000,9999.000,9999.000,9999.000,9999.000,9999.000,9999.000
202607062000,   0.875,   1.279,   0.300,   0.104,   1.279,   0.300,   1.279,   0.300,   1.279
202607062006,   0.880,   1.298,9999.000,9999.000,9999.000,9999.000,9999.000,9999.000,9999.000
202607062012,   0.885,   1.298,9999.000,9999.000,9999.000,9999.000,9999.000,9999.000,9999.000
202607062018,   0.890,   1.318,9999.000,9999.000,9999.000,9999.000,9999.000,9999.000,9999.000
202607062024,   0.895,   1.348,9999.000,9999.000,9999.000,9999.000,9999.000,9999.000,9999.000
202607062030,   0.900,   1.361,9999.000,9999.000,9999.000,9999.000,9999.000,9999.000,9999.000
202607062036,   0.905,   1.430,9999.000,9999.000,9999.000,9999.000,9999.000,9999.000,9999.000
202607062042,   0.910,   1.489,9999.000,9999.000,9999.000,9999.000,9999.000,9999.000,9999.000
202607062048,   0.915,   1.528,9999.000,9999.000,9999.000,9999.000,9999.000,9999.000,9999.000
202607062054,   0.920,   1.548,9999.000,9999.000,9999.000,9999.000,9999.000,9999.000,9999.000
202607062100,   0.925,   1.557,   0.300,   0.332,   1.557,   0.300,   1.557,   0.300,   1.557
202607062106,   0.930,   1.620,9999.000,9999.000,9999.000,9999.000,9999.000,9999.000,9999.000
202607062112,   0.934,   1.649,9999.000,9999.000,9999.000,9999.000,9999.000,9999.000,9999.000
202607062118,   0.939,   1.639,9999.000,9999.000,9999.000,9999.000,9999.000,9999.000,9999.000
202607062124,   0.943,   1.630,9999.000,9999.000,9999.000,9999.000,9999.000,9999.000,9999.000
202607062130,   0.948,   1.610,9999.000,9999.000,9999.000,9999.000,9999.000,9999.000,9999.000
202607062136,   0.952,   1.620,9999.000,9999.000,9999.000,9999.000,9999.000,9999.000,9999.000
202607062142,   0.956,   1.610,9999.000,9999.000,9999.000,9999.000,9999.000,9999.000,9999.000
202607062148,   0.960,   1.571,9999.000,9999.000,9999.000,9999.000,9999.000,9999.000,9999.000
202607062154,   0.964,   1.571,9999.000,9999.000,9999.000,9999.000,9999.000,9999.000,9999.000
202607062200,   0.967,   1.548,   0.300,   0.281,   1.548,   0.300,   1.548,   0.300,   1.548
202607062206,   0.970,   1.518,9999.000,9999.000,9999.000,9999.000,9999.000,9999.000,9999.000
202607062212,   0.974,   1.489,9999.000,9999.000,9999.000,9999.000,9999.000,9999.000,9999.000
202607062218,   0.976,   1.469,9999.000,9999.000,9999.000,9999.000,9999.000,9999.000,9999.000
202607062224,   0.979,   1.469,9999.000,9999.000,9999.000,9999.000,9999.000,9999.000,9999.000
202607062230,   0.982,   1.479,9999.000,9999.000,9999.000,9999.000,9999.000,9999.000,9999.000
202607062236,   0.984,   1.479,9999.000,9999.000,9999.000,9999.000,9999.000,9999.000,9999.000
202607062242,   0.986,   1.449,9999.000,9999.000,9999.000,9999.000,9999.000,9999.000,9999.000
202607062248,   0.987,   1.449,9999.000,9999.000,9999.000,9999.000,9999.000,9999.000,9999.000
202607062254,   0.989,   1.449,9999.000,9999.000,9999.000,9999.000,9999.000,9999.000,9999.000
202607062300,   0.990,   1.449,   0.300,   0.159,   1.449,   0.300,   1.449,   0.300,   1.449
202607062306,   0.990,   1.449,9999.000,9999.000,9999.000,9999.000,9999.000,9999.000,9999.000
202607062312,   0.991,   1.430,9999.000,9999.000,9999.000,9999.000,9999.000,9999.000,9999.000
202607062318,   0.991,   1.380,9999.000,9999.000,9999.000,9999.000,9999.000,9999.000,9999.000
202607062324,   0.991,   1.380,9999.000,9999.000,9999.000,9999.000,9999.000,9999.000,9999.000
202607062330,   0.990,   1.361,9999.000,9999.000,9999.000,9999.000,9999.000,9999.000,9999.000
202607062336,   0.989,   1.338,9999.000,9999.000,9999.000,9999.000,9999.000,9999.000,9999.000
202607062342,   0.988,   1.338,9999.000,9999.000,9999.000,9999.000,9999.000,9999.000,9999.000
202607062348,   0.987,   1.348,9999.000,9999.000,9999.000,9999.000,9999.000,9999.000,9999.000
202607062354,   0.985,   1.348,9999.000,9999.000,9999.000,9999.000,9999.000,9999.000,9999.000
202607070000,   0.982,   1.338,   0.400,  -0.044,   1.338,   0.300,   1.238,   0.400,   1.338
202607070006,   0.979,   1.318,9999.000,9999.000,9999.000,9999.000,9999.000,9999.000,9999.000
202607070012,   0.976,   1.308,9999.000,9999.000,9999.000,9999.000,9999.000,9999.000,9999.000
202607070018,   0.973,   1.308,9999.000,9999.000,9999.000,9999.000,9999.000,9999.000,9999.000
202607070024,   0.969,   1.279,9999.000,9999.000,9999.000,9999.000,9999.000,9999.000,9999.000
202607070030,   0.965,   1.289,9999.000,9999.000,9999.000,9999.000,9999.000,9999.000,9999.000
202607070036,   0.960,   1.279,9999.000,9999.000,9999.000,9999.000,9999.000,9999.000,9999.000
202607070042,   0.955,   1.279,9999.000,9999.000,9999.000,9999.000,9999.000,9999.000,9999.000
202607070048,   0.950,   1.279,9999.000,9999.000,9999.000,9999.000,9999.000,9999.000,9999.000
202607070054,   0.944,   1.269,9999.000,9999.000,9999.000,9999.000,9999.000,9999.000,9999.000
202607070100,   0.938,   1.249,   0.400,  -0.089,   1.249,   0.300,   1.149,   0.400,   1.249
202607070106,   0.931,   1.249,9999.000,9999.000,9999.000,9999.000,9999.000,9999.000,9999.000
202607070112,   0.925,   1.229,9999.000,9999.000,9999.000,9999.000,9999.000,9999.000,9999.000
202607070118,   0.917,   1.220,9999.000,9999.000,9999.000,9999.000,9999.000,9999.000,9999.000
202607070124,   0.910,   1.220,9999.000,9999.000,9999.000,9999.000,9999.000,9999.000,9999.000
202607070130,   0.902,   1.210,9999.000,9999.000,9999.000,9999.000,9999.000,9999.000,9999.000
202607070136,   0.894,   1.220,9999.000,9999.000,9999.000,9999.000,9999.000,9999.000,9999.000
202607070142,   0.886,   1.220,9999.000,9999.000,9999.000,9999.000,9999.000,9999.000,9999.000
202607070148,   0.877,   1.229,9999.000,9999.000,9999.000,9999.000,9999.000,9999.000,9999.000
202607070154,   0.868,   1.239,9999.000,9999.000,9999.000,9999.000,9999.000,9999.000,9999.000
202607070200,   0.860,   1.249,   0.400,  -0.011,   1.249,   0.300,   1.149,   0.400,   1.249
202607070206,   0.849,   1.259,9999.000,9999.000,9999.000,9999.000,9999.000,9999.000,9999.000
202607070212,   0.840,   1.259,9999.000,9999.000,9999.000,9999.000,9999.000,9999.000,9999.000
202607070218,   0.830,   1.269,9999.000,9999.000,9999.000,9999.000,9999.000,9999.000,9999.000
202607070224,   0.820,   1.279,9999.000,9999.000,9999.000,9999.000,9999.000,9999.000,9999.000
202607070230,   0.810,   1.279,9999.000,9999.000,9999.000,9999.000,9999.000,9999.000,9999.000
202607070236,   0.800,   1.279,9999.000,9999.000,9999.000,9999.000,9999.000,9999.000,9999.000
202607070242,   0.790,   1.279,9999.000,9999.000,9999.000,9999.000,9999.000,9999.000,9999.000
202607070248,   0.780,   1.279,9999.000,9999.000,9999.000,9999.000,9999.000,9999.000,9999.000
202607070254,   0.770,   1.269,9999.000,9999.000,9999.000,9999.000,9999.000,9999.000,9999.000
202607070300,   0.759,   1.259,   0.400,   0.100,   1.259,   0.400,   1.259,   0.400,   1.259
202607070306,   0.749,   1.249,9999.000,9999.000,9999.000,9999.000,9999.000,9999.000,9999.000
202607070312,   0.739,   1.229,9999.000,9999.000,9999.000,9999.000,9999.000,9999.000,9999.000
202607070318,   0.729,   1.220,9999.000,9999.000,9999.000,9999.000,9999.000,9999.000,9999.000
202607070324,   0.719,   1.200,9999.000,9999.000,9999.000,9999.000,9999.000,9999.000,9999.000
202607070330,   0.710,   1.180,9999.000,9999.000,9999.000,9999.000,9999.000,9999.000,9999.000
202607070336,   0.700,   1.170,9999.000,9999.000,9999.000,9999.000,9999.000,9999.000,9999.000
202607070342,   0.691,   1.151,9999.000,9999.000,9999.000,9999.000,9999.000,9999.000,9999.000
202607070348,   0.682,   1.118,9999.000,9999.000,9999.000,9999.000,9999.000,9999.000,9999.000
202607070354,   0.673,   1.108,9999.000,9999.000,9999.000,9999.000,9999.000,9999.000,9999.000
202607070400,   0.665,   1.098,   0.400,   0.033,   1.098,   0.400,   1.098,   0.400,   1.098
202607070406,   0.657,   1.098,9999.000,9999.000,9999.000,9999.000,9999.000,9999.000,9999.000
202607070412,   0.649,   1.098,9999.000,9999.000,9999.000,9999.000,9999.000,9999.000,9999.000
202607070418,   0.642,   1.098,9999.000,9999.000,9999.000,9999.000,9999.000,9999.000,9999.000
202607070424,   0.635,   1.108,9999.000,9999.000,9999.000,9999.000,9999.000,9999.000,9999.000
202607070430,   0.628,   1.108,9999.000,9999.000,9999.000,9999.000,9999.000,9999.000,9999.000
202607070436,   0.622,   1.108,9999.000,9999.000,9999.000,9999.000,9999.000,9999.000,9999.000
202607070442,   0.616,   1.118,9999.000,9999.000,9999.000,9999.000,9999.000,9999.000,9999.000
202607070448,   0.611,   1.128,9999.000,9999.000,9999.000,9999.000,9999.000,9999.000,9999.000
202607070454,   0.607,   1.138,9999.000,9999.000,9999.000,9999.000,9999.000,9999.000,9999.000
202607070500,   0.603,   1.138,   0.400,   0.135,   1.138,   0.400,   1.138,   0.400,   1.138
202607070506,   0.599,   1.151,9999.000,9999.000,9999.000,9999.000,9999.000,9999.000,9999.000
202607070512,   0.596,   1.151,9999.000,9999.000,9999.000,9999.000,9999.000,9999.000,9999.000
202607070518,   0.594,   1.138,9999.000,9999.000,9999.000,9999.000,9999.000,9999.000,9999.000
202607070524,   0.592,   1.161,9999.000,9999.000,9999.000,9999.000,9999.000,9999.000,9999.000
202607070530,   0.591,   1.170,9999.000,9999.000,9999.000,9999.000,9999.000,9999.000,9999.000
202607070536,   0.591,   1.161,9999.000,9999.000,9999.000,9999.000,9999.000,9999.000,9999.000
202607070542,   0.591,   1.151,9999.000,9999.000,9999.000,9999.000,9999.000,9999.000,9999.000
202607070548,   0.591,   1.098,9999.000,9999.000,9999.000,9999.000,9999.000,9999.000,9999.000
202607070554,   0.593,9999.000,9999.000,9999.000,9999.000,9999.000,9999.000,9999.000,9999.000
202607070600,   0.595,9999.000,   0.400,   0.123,   1.118,   0.400,   1.118,   0.400,   1.118
202607070606,   0.597,9999.000,9999.000,9999.000,9999.000,9999.000,9999.000,9999.000,9999.000
202607070612,   0.600,9999.000,9999.000,9999.000,9999.000,9999.000,9999.000,9999.000,9999.000
202607070618,   0.604,9999.000,9999.000,9999.000,9999.000,9999.000,9999.000,9999.000,9999.000
202607070624,   0.608,9999.000,9999.000,9999.000,9999.000,9999.000,9999.000,9999.000,9999.000
202607070630,   0.613,9999.000,9999.000,9999.000,9999.000,9999.000,9999.000,9999.000,9999.000
202607070636,   0.619,9999.000,9999.000,9999.000,9999.000,9999.000,9999.000,9999.000,9999.000
202607070642,   0.625,9999.000,9999.000,9999.000,9999.000,9999.000,9999.000,9999.000,9999.000
202607070648,   0.632,9999.000,9999.000,9999.000,9999.000,9999.000,9999.000,9999.000,9999.000
202607070654,   0.639,9999.000,9999.000,9999.000,9999.000,9999.000,9999.000,9999.000,9999.000
202607070700,   0.647,9999.000,   0.400,   0.112,   1.159,   0.400,   1.159,   0.400,   1.159
202607070706,   0.655,9999.000,9999.000,9999.000,9999.000,9999.000,9999.000,9999.000,9999.000
202607070712,   0.664,9999.000,9999.000,9999.000,9999.000,9999.000,9999.000,9999.000,9999.000
202607070718,   0.673,9999.000,9999.000,9999.000,9999.000,9999.000,9999.000,9999.000,9999.000
202607070724,   0.683,9999.000,9999.000,9999.000,9999.000,9999.000,9999.000,9999.000,9999.000
202607070730,   0.693,9999.000,9999.000,9999.000,9999.000,9999.000,9999.000,9999.000,9999.000
202607070736,   0.704,9999.000,9999.000,9999.000,9999.000,9999.000,9999.000,9999.000,9999.000
202607070742,   0.715,9999.000,9999.000,9999.000,9999.000,9999.000,9999.000,9999.000,9999.000
202607070748,   0.726,9999.000,9999.000,9999.000,9999.000,9999.000,9999.000,9999.000,9999.000
202607070754,   0.738,9999.000,9999.000,9999.000,9999.000,9999.000,9999.000,9999.000,9999.000
202607070800,   0.750,9999.000,   0.400,   0.100,   1.250,   0.400,   1.250,   0.400,   1.250
202607070806,   0.763,9999.000,9999.000,9999.000,9999.000,9999.000,9999.000,9999.000,9999.000
202607070812,   0.776,9999.000,9999.000,9999.000,9999.000,9999.000,9999.000,9999.000,9999.000
202607070818,   0.789,9999.000,9999.000,9999.000,9999.000,9999.000,9999.000,9999.000,9999.000
202607070824,   0.802,9999.000,9999.000,9999.000,9999.000,9999.000,9999.000,9999.000,9999.000
202607070830,   0.815,9999.000,9999.000,9999.000,9999.000,9999.000,9999.000,9999.000,9999.000
202607070836,   0.829,9999.000,9999.000,9999.000,9999.000,9999.000,9999.000,9999.000,9999.000
202607070842,   0.843,9999.000,9999.000,9999.000,9999.000,9999.000,9999.000,9999.000,9999.000
202607070848,   0.857,9999.000,9999.000,9999.000,9999.000,9999.000,9999.000,9999.000,9999.000
202607070854,   0.871,9999.000,9999.000,9999.000,9999.000,9999.000,9999.000,9999.000,9999.000
202607070900,   0.885,9999.000,   0.400,   0.089,   1.374,   0.400,   1.374,   0.400,   1.374
202607070906,   0.900,9999.000,9999.000,9999.000,9999.000,9999.000,9999.000,9999.000,9999.000
202607070912,   0.914,9999.000,9999.000,9999.000,9999.000,9999.000,9999.000,9999.000,9999.000
202607070918,   0.928,9999.000,9999.000,9999.000,9999.000,9999.000,9999.000,9999.000,9999.000
202607070924,   0.942,9999.000,9999.000,9999.000,9999.000,9999.000,9999.000,9999.000,9999.000
202607070930,   0.956,9999.000,9999.000,9999.000,9999.000,9999.000,9999.000,9999.000,9999.000
202607070936,   0.970,9999.000,9999.000,9999.000,9999.000,9999.000,9999.000,9999.000,9999.000
202607070942,   0.984,9999.000,9999.000,9999.000,9999.000,9999.000,9999.000,9999.000,9999.000
202607070948,   0.998,9999.000,9999.000,9999.000,9999.000,9999.000,9999.000,9999.000,9999.000
202607070954,   1.012,9999.000,9999.000,9999.000,9999.000,9999.000,9999.000,9999.000,9999.000
202607071000,   1.025,9999.000,   0.400,   0.077,   1.502,   0.400,   1.502,   0.400,   1.502
202607071006,   1.038,9999.000,9999.000,9999.000,9999.000,9999.000,9999.000,9999.000,9999.000
202607071012,   1.051,9999.000,9999.000,9999.000,9999.000,9999.000,9999.000,9999.000,9999.000
202607071018,   1.064,9999.000,9999.000,9999.000,9999.000,9999.000,9999.000,9999.000,9999.000
202607071024,   1.076,9999.000,9999.000,9999.000,9999.000,9999.000,9999.000,9999.000,9999.000
202607071030,   1.088,9999.000,9999.000,9999.000,9999.000,9999.000,9999.000,9999.000,9999.000
202607071036,   1.100,9999.000,9999.000,9999.000,9999.000,9999.000,9999.000,9999.000,9999.000
202607071042,   1.111,9999.000,9999.000,9999.000,9999.000,9999.000,9999.000,9999.000,9999.000
202607071048,   1.122,9999.000,9999.000,9999.000,9999.000,9999.000,9999.000,9999.000,9999.000
202607071054,   1.132,9999.000,9999.000,9999.000,9999.000,9999.000,9999.000,9999.000,9999.000
202607071100,   1.142,9999.000,   0.400,   0.065,   1.607,   0.400,   1.607,   0.400,   1.607
202607071106,   1.151,9999.000,9999.000,9999.000,9999.000,9999.000,9999.000,9999.000,9999.000
202607071112,   1.160,9999.000,9999.000,9999.000,9999.000,9999.000,9999.000,9999.000,9999.000
202607071118,   1.169,9999.000,9999.000,9999.000,9999.000,9999.000,9999.000,9999.000,9999.000
202607071124,   1.177,9999.000,9999.000,9999.000,9999.000,9999.000,9999.000,9999.000,9999.000
202607071130,   1.184,9999.000,9999.000,9999.000,9999.000,9999.000,9999.000,9999.000,9999.000
202607071136,   1.191,9999.000,9999.000,9999.000,9999.000,9999.000,9999.000,9999.000,9999.000
202607071142,   1.197,9999.000,9999.000,9999.000,9999.000,9999.000,9999.000,9999.000,9999.000
202607071148,   1.202,9999.000,9999.000,9999.000,9999.000,9999.000,9999.000,9999.000,9999.000
202607071154,   1.207,9999.000,9999.000,9999.000,9999.000,9999.000,9999.000,9999.000,9999.000
202607071200,   1.211,9999.000,   0.400,   0.054,   1.665,   0.400,   1.665,   0.400,   1.665
202607071206,   1.215,9999.000,9999.000,9999.000,9999.000,9999.000,9999.000,9999.000,9999.000
202607071212,   1.218,9999.000,9999.000,9999.000,9999.000,9999.000,9999.000,9999.000,9999.000
202607071218,   1.220,9999.000,9999.000,9999.000,9999.000,9999.000,9999.000,9999.000,9999.000
202607071224,   1.222,9999.000,9999.000,9999.000,9999.000,9999.000,9999.000,9999.000,9999.000
202607071230,   1.223,9999.000,9999.000,9999.000,9999.000,9999.000,9999.000,9999.000,9999.000
202607071236,   1.223,9999.000,9999.000,9999.000,9999.000,9999.000,9999.000,9999.000,9999.000
202607071242,   1.223,9999.000,9999.000,9999.000,9999.000,9999.000,9999.000,9999.000,9999.000
202607071248,   1.222,9999.000,9999.000,9999.000,9999.000,9999.000,9999.000,9999.000,9999.000
202607071254,   1.220,9999.000,9999.000,9999.000,9999.000,9999.000,9999.000,9999.000,9999.000
202607071300,   1.217,9999.000,   0.400,   0.042,   1.659,   0.400,   1.659,   0.400,   1.659
202607071306,   1.214,9999.000,9999.000,9999.000,9999.000,9999.000,9999.000,9999.000,9999.000
202607071312,   1.210,9999.000,9999.000,9999.000,9999.000,9999.000,9999.000,9999.000,9999.000
202607071318,   1.206,9999.000,9999.000,9999.000,9999.000,9999.000,9999.000,9999.000,9999.000
202607071324,   1.201,9999.000,9999.000,9999.000,9999.000,9999.000,9999.000,9999.000,9999.000
202607071330,   1.195,9999.000,9999.000,9999.000,9999.000,9999.000,9999.000,9999.000,9999.000
202607071336,   1.189,9999.000,9999.000,9999.000,9999.000,9999.000,9999.000,9999.000,9999.000
202607071342,   1.182,9999.000,9999.000,9999.000,9999.000,9999.000,9999.000,9999.000,9999.000
202607071348,   1.174,9999.000,9999.000,9999.000,9999.000,9999.000,9999.000,9999.000,9999.000
202607071354,   1.166,9999.000,9999.000,9999.000,9999.000,9999.000,9999.000,9999.000,9999.000
202607071400,   1.157,9999.000,   0.400,   0.031,   1.588,   0.400,   1.588,   0.400,   1.588
202607071406,   1.148,9999.000,9999.000,9999.000,9999.000,9999.000,9999.000,9999.000,9999.000
202607071412,   1.138,9999.000,9999.000,9999.000,9999.000,9999.000,9999.000,9999.000,9999.000
202607071418,   1.128,9999.000,9999.000,9999.000,9999.000,9999.000,9999.000,9999.000,9999.000
202607071424,   1.117,9999.000,9999.000,9999.000,9999.000,9999.000,9999.000,9999.000,9999.000
202607071430,   1.106,9999.000,9999.000,9999.000,9999.000,9999.000,9999.000,9999.000,9999.000
202607071436,   1.094,9999.000,9999.000,9999.000,9999.000,9999.000,9999.000,9999.000,9999.000
202607071442,   1.082,9999.000,9999.000,9999.000,9999.000,9999.000,9999.000,9999.000,9999.000
202607071448,   1.070,9999.000,9999.000,9999.000,9999.000,9999.000,9999.000,9999.000,9999.000
202607071454,   1.057,9999.000,9999.000,9999.000,9999.000,9999.000,9999.000,9999.000,9999.000
202607071500,   1.044,9999.000,   0.400,   0.019,   1.463,   0.400,   1.463,   0.400,   1.463
202607071506,   1.031,9999.000,9999.000,9999.000,9999.000,9999.000,9999.000,9999.000,9999.000
202607071512,   1.017,9999.000,9999.000,9999.000,9999.000,9999.000,9999.000,9999.000,9999.000
202607071518,   1.003,9999.000,9999.000,9999.000,9999.000,9999.000,9999.000,9999.000,9999.000
202607071524,   0.989,9999.000,9999.000,9999.000,9999.000,9999.000,9999.000,9999.000,9999.000
202607071530,   0.975,9999.000,9999.000,9999.000,9999.000,9999.000,9999.000,9999.000,9999.000
202607071536,   0.960,9999.000,9999.000,9999.000,9999.000,9999.000,9999.000,9999.000,9999.000
202607071542,   0.946,9999.000,9999.000,9999.000,9999.000,9999.000,9999.000,9999.000,9999.000
202607071548,   0.931,9999.000,9999.000,9999.000,9999.000,9999.000,9999.000,9999.000,9999.000
202607071554,   0.917,9999.000,9999.000,9999.000,9999.000,9999.000,9999.000,9999.000,9999.000
202607071600,   0.902,9999.000,   0.400,   0.007,   1.309,   0.400,   1.309,   0.400,   1.309
202607071606,   0.888,9999.000,9999.000,9999.000,9999.000,9999.000,9999.000,9999.000,9999.000
202607071612,   0.873,9999.000,9999.000,9999.000,9999.000,9999.000,9999.000,9999.000,9999.000
202607071618,   0.860,9999.000,9999.000,9999.000,9999.000,9999.000,9999.000,9999.000,9999.000
202607071624,   0.844,9999.000,9999.000,9999.000,9999.000,9999.000,9999.000,9999.000,9999.000
202607071630,   0.830,9999.000,9999.000,9999.000,9999.000,9999.000,9999.000,9999.000,9999.000
202607071636,   0.816,9999.000,9999.000,9999.000,9999.000,9999.000,9999.000,9999.000,9999.000
202607071642,   0.802,9999.000,9999.000,9999.000,9999.000,9999.000,9999.000,9999.000,9999.000
202607071648,   0.789,9999.000,9999.000,9999.000,9999.000,9999.000,9999.000,9999.000,9999.000
202607071654,   0.776,9999.000,9999.000,9999.000,9999.000,9999.000,9999.000,9999.000,9999.000
202607071700,   0.763,9999.000,   0.400,  -0.004,   1.159,   0.400,   1.159,   0.400,   1.159
202607071706,   0.750,9999.000,9999.000,9999.000,9999.000,9999.000,9999.000,9999.000,9999.000
202607071712,   0.738,9999.000,9999.000,9999.000,9999.000,9999.000,9999.000,9999.000,9999.000
202607071718,   0.726,9999.000,9999.000,9999.000,9999.000,9999.000,9999.000,9999.000,9999.000
202607071724,   0.714,9999.000,9999.000,9999.000,9999.000,9999.000,9999.000,9999.000,9999.000
202607071730,   0.703,9999.000,9999.000,9999.000,9999.000,9999.000,9999.000,9999.000,9999.000
202607071736,   0.692,9999.000,9999.000,9999.000,9999.000,9999.000,9999.000,9999.000,9999.000
202607071742,   0.682,9999.000,9999.000,9999.000,9999.000,9999.000,9999.000,9999.000,9999.000
202607071748,   0.672,9999.000,9999.000,9999.000,9999.000,9999.000,9999.000,9999.000,9999.000
202607071754,   0.662,9999.000,9999.000,9999.000,9999.000,9999.000,9999.000,9999.000,9999.000
202607071800,   0.653,9999.000,   0.400,  -0.004,   1.049,   0.400,   1.049,   0.400,   1.049
202607071806,   0.644,9999.000,9999.000,9999.000,9999.000,9999.000,9999.000,9999.000,9999.000
202607071812,   0.636,9999.000,9999.000,9999.000,9999.000,9999.000,9999.000,9999.000,9999.000
202607071818,   0.629,9999.000,9999.000,9999.000,9999.000,9999.000,9999.000,9999.000,9999.000
202607071824,   0.622,9999.000,9999.000,9999.000,9999.000,9999.000,9999.000,9999.000,9999.000
202607071830,   0.615,9999.000,9999.000,9999.000,9999.000,9999.000,9999.000,9999.000,9999.000
202607071836,   0.609,9999.000,9999.000,9999.000,9999.000,9999.000,9999.000,9999.000,9999.000
202607071842,   0.603,9999.000,9999.000,9999.000,9999.000,9999.000,9999.000,9999.000,9999.000
202607071848,   0.598,9999.000,9999.000,9999.000,9999.000,9999.000,9999.000,9999.000,9999.000
202607071854,   0.593,9999.000,9999.000,9999.000,9999.000,9999.000,9999.000,9999.000,9999.000
202607071900,   0.589,9999.000,   0.400,  -0.004,   0.985,   0.300,   0.885,   0.400,   0.985
202607071906,   0.585,9999.000,9999.000,9999.000,9999.000,9999.000,9999.000,9999.000,9999.000
202607071912,   0.582,9999.000,9999.000,9999.000,9999.000,9999.000,9999.000,9999.000,9999.000
202607071918,   0.579,9999.000,9999.000,9999.000,9999.000,9999.000,9999.000,9999.000,9999.000
202607071924,   0.577,9999.000,9999.000,9999.000,9999.000,9999.000,9999.000,9999.000,9999.000
202607071930,   0.575,9999.000,9999.000,9999.000,9999.000,9999.000,9999.000,9999.000,9999.000
202607071936,   0.574,9999.000,9999.000,9999.000,9999.000,9999.000,9999.000,9999.000,9999.000
202607071942,   0.573,9999.000,9999.000,9999.000,9999.000,9999.000,9999.000,9999.000,9999.000
202607071948,   0.572,9999.000,9999.000,9999.000,9999.000,9999.000,9999.000,9999.000,9999.000
202607071954,   0.572,9999.000,9999.000,9999.000,9999.000,9999.000,9999.000,9999.000,9999.000
202607072000,   0.572,9999.000,   0.400,  -0.004,   0.968,   0.300,   0.868,   0.400,   0.968
202607072006,   0.572,9999.000,9999.000,9999.000,9999.000,9999.000,9999.000,9999.000,9999.000
202607072012,   0.573,9999.000,9999.000,9999.000,9999.000,9999.000,9999.000,9999.000,9999.000
202607072018,   0.574,9999.000,9999.000,9999.000,9999.000,9999.000,9999.000,9999.000,9999.000
202607072024,   0.575,9999.000,9999.000,9999.000,9999.000,9999.000,9999.000,9999.000,9999.000
202607072030,   0.577,9999.000,9999.000,9999.000,9999.000,9999.000,9999.000,9999.000,9999.000
202607072036,   0.579,9999.000,9999.000,9999.000,9999.000,9999.000,9999.000,9999.000,9999.000
202607072042,   0.581,9999.000,9999.000,9999.000,9999.000,9999.000,9999.000,9999.000,9999.000
202607072048,   0.583,9999.000,9999.000,9999.000,9999.000,9999.000,9999.000,9999.000,9999.000
202607072054,   0.586,9999.000,9999.000,9999.000,9999.000,9999.000,9999.000,9999.000,9999.000
202607072100,   0.589,9999.000,   0.300,  -0.004,   0.885,   0.300,   0.885,   0.400,   0.985
202607072106,   0.592,9999.000,9999.000,9999.000,9999.000,9999.000,9999.000,9999.000,9999.000
202607072112,   0.595,9999.000,9999.000,9999.000,9999.000,9999.000,9999.000,9999.000,9999.000
202607072118,   0.598,9999.000,9999.000,9999.000,9999.000,9999.000,9999.000,9999.000,9999.000
202607072124,   0.601,9999.000,9999.000,9999.000,9999.000,9999.000,9999.000,9999.000,9999.000
202607072130,   0.605,9999.000,9999.000,9999.000,9999.000,9999.000,9999.000,9999.000,9999.000
202607072136,   0.608,9999.000,9999.000,9999.000,9999.000,9999.000,9999.000,9999.000,9999.000
202607072142,   0.612,9999.000,9999.000,9999.000,9999.000,9999.000,9999.000,9999.000,9999.000
202607072148,   0.615,9999.000,9999.000,9999.000,9999.000,9999.000,9999.000,9999.000,9999.000
202607072154,   0.619,9999.000,9999.000,9999.000,9999.000,9999.000,9999.000,9999.000,9999.000
202607072200,   0.623,9999.000,   0.300,  -0.004,   0.919,   0.300,   0.919,   0.400,   1.019
202607072206,   0.626,9999.000,9999.000,9999.000,9999.000,9999.000,9999.000,9999.000,9999.000
202607072212,   0.630,9999.000,9999.000,9999.000,9999.000,9999.000,9999.000,9999.000,9999.000
202607072218,   0.634,9999.000,9999.000,9999.000,9999.000,9999.000,9999.000,9999.000,9999.000
202607072224,   0.637,9999.000,9999.000,9999.000,9999.000,9999.000,9999.000,9999.000,9999.000
202607072230,   0.641,9999.000,9999.000,9999.000,9999.000,9999.000,9999.000,9999.000,9999.000
202607072236,   0.644,9999.000,9999.000,9999.000,9999.000,9999.000,9999.000,9999.000,9999.000
202607072242,   0.648,9999.000,9999.000,9999.000,9999.000,9999.000,9999.000,9999.000,9999.000
202607072248,   0.651,9999.000,9999.000,9999.000,9999.000,9999.000,9999.000,9999.000,9999.000
202607072254,   0.655,9999.000,9999.000,9999.000,9999.000,9999.000,9999.000,9999.000,9999.000
202607072300,   0.658,9999.000,   0.300,  -0.004,   0.954,   0.300,   0.954,   0.400,   1.054
202607072306,   0.661,9999.000,9999.000,9999.000,9999.000,9999.000,9999.000,9999.000,9999.000
202607072312,   0.664,9999.000,9999.000,9999.000,9999.000,9999.000,9999.000,9999.000,9999.000
202607072318,   0.667,9999.000,9999.000,9999.000,9999.000,9999.000,9999.000,9999.000,9999.000
202607072324,   0.670,9999.000,9999.000,9999.000,9999.000,9999.000,9999.000,9999.000,9999.000
202607072330,   0.673,9999.000,9999.000,9999.000,9999.000,9999.000,9999.000,9999.000,9999.000
202607072336,   0.676,9999.000,9999.000,9999.000,9999.000,9999.000,9999.000,9999.000,9999.000
202607072342,   0.679,9999.000,9999.000,9999.000,9999.000,9999.000,9999.000,9999.000,9999.000
202607072348,   0.681,9999.000,9999.000,9999.000,9999.000,9999.000,9999.000,9999.000,9999.000
202607072354,   0.684,9999.000,9999.000,9999.000,9999.000,9999.000,9999.000,9999.000,9999.000
202607080000,   0.686,9999.000,   0.300,  -0.004,   0.982,   0.300,   0.982,   0.400,   1.082
202607080006,   0.688,9999.000,9999.000,9999.000,9999.000,9999.000,9999.000,9999.000,9999.000
202607080012,   0.691,9999.000,9999.000,9999.000,9999.000,9999.000,9999.000,9999.000,9999.000
202607080018,   0.693,9999.000,9999.000,9999.000,9999.000,9999.000,9999.000,9999.000,9999.000
202607080024,   0.695,9999.000,9999.000,9999.000,9999.000,9999.000,9999.000,9999.000,9999.000
202607080030,   0.697,9999.000,9999.000,9999.000,9999.000,9999.000,9999.000,9999.000,9999.000
202607080036,   0.699,9999.000,9999.000,9999.000,9999.000,9999.000,9999.000,9999.000,9999.000
202607080042,   0.700,9999.000,9999.000,9999.000,9999.000,9999.000,9999.000,9999.000,9999.000
202607080048,   0.702,9999.000,9999.000,9999.000,9999.000,9999.000,9999.000,9999.000,9999.000
202607080054,   0.704,9999.000,9999.000,9999.000,9999.000,9999.000,9999.000,9999.000,9999.000
202607080100,   0.705,9999.000,   0.300,  -0.004,   1.001,   0.300,   1.001,   0.400,   1.101
202607080106,   0.707,9999.000,9999.000,9999.000,9999.000,9999.000,9999.000,9999.000,9999.000
202607080112,   0.709,9999.000,9999.000,9999.000,9999.000,9999.000,9999.000,9999.000,9999.000
202607080118,   0.710,9999.000,9999.000,9999.000,9999.000,9999.000,9999.000,9999.000,9999.000
202607080124,   0.711,9999.000,9999.000,9999.000,9999.000,9999.000,9999.000,9999.000,9999.000
202607080130,   0.713,9999.000,9999.000,9999.000,9999.000,9999.000,9999.000,9999.000,9999.000
202607080136,   0.714,9999.000,9999.000,9999.000,9999.000,9999.000,9999.000,9999.000,9999.000
202607080142,   0.715,9999.000,9999.000,9999.000,9999.000,9999.000,9999.000,9999.000,9999.000
202607080148,   0.716,9999.000,9999.000,9999.000,9999.000,9999.000,9999.000,9999.000,9999.000
202607080154,   0.717,9999.000,9999.000,9999.000,9999.000,9999.000,9999.000,9999.000,9999.000
202607080200,   0.718,9999.000,   0.300,  -0.004,   1.014,   0.300,   1.014,   0.400,   1.114
202607080206,   0.720,9999.000,9999.000,9999.000,9999.000,9999.000,9999.000,9999.000,9999.000
202607080212,   0.721,9999.000,9999.000,9999.000,9999.000,9999.000,9999.000,9999.000,9999.000
202607080218,   0.721,9999.000,9999.000,9999.000,9999.000,9999.000,9999.000,9999.000,9999.000
202607080224,   0.722,9999.000,9999.000,9999.000,9999.000,9999.000,9999.000,9999.000,9999.000
202607080230,   0.723,9999.000,9999.000,9999.000,9999.000,9999.000,9999.000,9999.000,9999.000
202607080236,   0.724,9999.000,9999.000,9999.000,9999.000,9999.000,9999.000,9999.000,9999.000
202607080242,   0.725,9999.000,9999.000,9999.000,9999.000,9999.000,9999.000,9999.000,9999.000
202607080248,   0.726,9999.000,9999.000,9999.000,9999.000,9999.000,9999.000,9999.000,9999.000
202607080254,   0.727,9999.000,9999.000,9999.000,9999.000,9999.000,9999.000,9999.000,9999.000
202607080300,   0.728,9999.000,   0.300,  -0.004,   1.024,   0.300,   1.024,   0.400,   1.124
202607080306,   0.728,9999.000,9999.000,9999.000,9999.000,9999.000,9999.000,9999.000,9999.000
202607080312,   0.729,9999.000,9999.000,9999.000,9999.000,9999.000,9999.000,9999.000,9999.000
202607080318,   0.730,9999.000,9999.000,9999.000,9999.000,9999.000,9999.000,9999.000,9999.000
202607080324,   0.731,9999.000,9999.000,9999.000,9999.000,9999.000,9999.000,9999.000,9999.000
202607080330,   0.731,9999.000,9999.000,9999.000,9999.000,9999.000,9999.000,9999.000,9999.000
202607080336,   0.732,9999.000,9999.000,9999.000,9999.000,9999.000,9999.000,9999.000,9999.000
202607080342,   0.733,9999.000,9999.000,9999.000,9999.000,9999.000,9999.000,9999.000,9999.000
202607080348,   0.734,9999.000,9999.000,9999.000,9999.000,9999.000,9999.000,9999.000,9999.000
202607080354,   0.735,9999.000,9999.000,9999.000,9999.000,9999.000,9999.000,9999.000,9999.000
202607080400,   0.736,9999.000,   0.300,  -0.004,   1.032,   0.300,   1.032,   0.400,   1.132
202607080406,   0.737,9999.000,9999.000,9999.000,9999.000,9999.000,9999.000,9999.000,9999.000
202607080412,   0.738,9999.000,9999.000,9999.000,9999.000,9999.000,9999.000,9999.000,9999.000
202607080418,   0.739,9999.000,9999.000,9999.000,9999.000,9999.000,9999.000,9999.000,9999.000
202607080424,   0.740,9999.000,9999.000,9999.000,9999.000,9999.000,9999.000,9999.000,9999.000
202607080430,   0.742,9999.000,9999.000,9999.000,9999.000,9999.000,9999.000,9999.000,9999.000
202607080436,   0.743,9999.000,9999.000,9999.000,9999.000,9999.000,9999.000,9999.000,9999.000
202607080442,   0.745,9999.000,9999.000,9999.000,9999.000,9999.000,9999.000,9999.000,9999.000
202607080448,   0.747,9999.000,9999.000,9999.000,9999.000,9999.000,9999.000,9999.000,9999.000
202607080454,   0.749,9999.000,9999.000,9999.000,9999.000,9999.000,9999.000,9999.000,9999.000
202607080500,   0.751,9999.000,   0.400,  -0.004,   1.147,   0.300,   1.047,   0.400,   1.147
202607080506,   0.753,9999.000,9999.000,9999.000,9999.000,9999.000,9999.000,9999.000,9999.000
202607080512,   0.756,9999.000,9999.000,9999.000,9999.000,9999.000,9999.000,9999.000,9999.000
202607080518,   0.758,9999.000,9999.000,9999.000,9999.000,9999.000,9999.000,9999.000,9999.000
202607080524,   0.761,9999.000,9999.000,9999.000,9999.000,9999.000,9999.000,9999.000,9999.000
202607080530,   0.765,9999.000,9999.000,9999.000,9999.000,9999.000,9999.000,9999.000,9999.000
202607080536,   0.768,9999.000,9999.000,9999.000,9999.000,9999.000,9999.000,9999.000,9999.000
202607080542,   0.772,9999.000,9999.000,9999.000,9999.000,9999.000,9999.000,9999.000,9999.000
202607080548,   0.776,9999.000,9999.000,9999.000,9999.000,9999.000,9999.000,9999.000,9999.000
202607080554,   0.781,9999.000,9999.000,9999.000,9999.000,9999.000,9999.000,9999.000,9999.000
202607080600,   0.785,9999.000,   0.400,  -0.004,   1.181,   0.300,   1.081,   0.400,   1.181
202607080606,   0.791,9999.000,9999.000,9999.000,9999.000,9999.000,9999.000,9999.000,9999.000
202607080612,   0.796,9999.000,9999.000,9999.000,9999.000,9999.000,9999.000,9999.000,9999.000
202607080618,   0.802,9999.000,9999.000,9999.000,9999.000,9999.000,9999.000,9999.000,9999.000
202607080624,   0.808,9999.000,9999.000,9999.000,9999.000,9999.000,9999.000,9999.000,9999.000
202607080630,   0.815,9999.000,9999.000,9999.000,9999.000,9999.000,9999.000,9999.000,9999.000
202607080636,   0.822,9999.000,9999.000,9999.000,9999.000,9999.000,9999.000,9999.000,9999.000
202607080642,   0.829,9999.000,9999.000,9999.000,9999.000,9999.000,9999.000,9999.000,9999.000
202607080648,   0.837,9999.000,9999.000,9999.000,9999.000,9999.000,9999.000,9999.000,9999.000
202607080654,   0.846,9999.000,9999.000,9999.000,9999.000,9999.000,9999.000,9999.000,9999.000
202607080700,   0.854,9999.000,   0.400,  -0.004,   1.250,   0.300,   1.150,   0.400,   1.250
202607080706,   0.863,9999.000,9999.000,9999.000,9999.000,9999.000,9999.000,9999.000,9999.000
202607080712,   0.873,9999.000,9999.000,9999.000,9999.000,9999.000,9999.000,9999.000,9999.000
202607080718,   0.883,9999.000,9999.000,9999.000,9999.000,9999.000,9999.000,9999.000,9999.000
202607080724,   0.894,9999.000,9999.000,9999.000,9999.000,9999.000,9999.000,9999.000,9999.000
202607080730,   0.905,9999.000,9999.000,9999.000,9999.000,9999.000,9999.000,9999.000,9999.000
202607080736,   0.916,9999.000,9999.000,9999.000,9999.000,9999.000,9999.000,9999.000,9999.000
202607080742,   0.928,9999.000,9999.000,9999.000,9999.000,9999.000,9999.000,9999.000,9999.000
202607080748,   0.940,9999.000,9999.000,9999.000,9999.000,9999.000,9999.000,9999.000,9999.000
202607080754,   0.952,9999.000,9999.000,9999.000,9999.000,9999.000,9999.000,9999.000,9999.000
202607080800,   0.965,9999.000,   0.400,  -0.004,   1.361,   0.300,   1.261,   0.400,   1.361
202607080806,   0.978,9999.000,9999.000,9999.000,9999.000,9999.000,9999.000,9999.000,9999.000
202607080812,   0.992,9999.000,9999.000,9999.000,9999.000,9999.000,9999.000,9999.000,9999.000
202607080818,   1.005,9999.000,9999.000,9999.000,9999.000,9999.000,9999.000,9999.000,9999.000
202607080824,   1.019,9999.000,9999.000,9999.000,9999.000,9999.000,9999.000,9999.000,9999.000
202607080830,   1.034,9999.000,9999.000,9999.000,9999.000,9999.000,9999.000,9999.000,9999.000
202607080836,   1.048,9999.000,9999.000,9999.000,9999.000,9999.000,9999.000,9999.000,9999.000
202607080842,   1.063,9999.000,9999.000,9999.000,9999.000,9999.000,9999.000,9999.000,9999.000
202607080848,   1.078,9999.000,9999.000,9999.000,9999.000,9999.000,9999.000,9999.000,9999.000
202607080854,   1.093,9999.000,9999.000,9999.000,9999.000,9999.000,9999.000,9999.000,9999.000
202607080900,   1.108,9999.000,   0.400,  -0.004,   1.504,   0.300,   1.404,   0.400,   1.504
202607080906,   1.124,9999.000,9999.000,9999.000,9999.000,9999.000,9999.000,9999.000,9999.000
202607080912,   1.139,9999.000,9999.000,9999.000,9999.000,9999.000,9999.000,9999.000,9999.000
202607080918,   1.154,9999.000,9999.000,9999.000,9999.000,9999.000,9999.000,9999.000,9999.000
202607080924,   1.169,9999.000,9999.000,9999.000,9999.000,9999.000,9999.000,9999.000,9999.000
202607080930,   1.185,9999.000,9999.000,9999.000,9999.000,9999.000,9999.000,9999.000,9999.000
202607080936,   1.200,9999.000,9999.000,9999.000,9999.000,9999.000,9999.000,9999.000,9999.000
202607080942,   1.215,9999.000,9999.000,9999.000,9999.000,9999.000,9999.000,9999.000,9999.000
202607080948,   1.229,9999.000,9999.000,9999.000,9999.000,9999.000,9999.000,9999.000,9999.000
202607080954,   1.244,9999.000,9999.000,9999.000,9999.000,9999.000,9999.000,9999.000,9999.000
202607081000,   1.258,9999.000,   0.400,  -0.004,   1.654,   0.300,   1.554,   0.400,   1.654
202607081006,   1.272,9999.000,9999.000,9999.000,9999.000,9999.000,9999.000,9999.000,9999.000
202607081012,   1.286,9999.000,9999.000,9999.000,9999.000,9999.000,9999.000,9999.000,9999.000
202607081018,   1.299,9999.000,9999.000,9999.000,9999.000,9999.000,9999.000,9999.000,9999.000
202607081024,   1.312,9999.000,9999.000,9999.000,9999.000,9999.000,9999.000,9999.000,9999.000
202607081030,   1.325,9999.000,9999.000,9999.000,9999.000,9999.000,9999.000,9999.000,9999.000
202607081036,   1.337,9999.000,9999.000,9999.000,9999.000,9999.000,9999.000,9999.000,9999.000
202607081042,   1.348,9999.000,9999.000,9999.000,9999.000,9999.000,9999.000,9999.000,9999.000
202607081048,   1.359,9999.000,9999.000,9999.000,9999.000,9999.000,9999.000,9999.000,9999.000
202607081054,   1.370,9999.000,9999.000,9999.000,9999.000,9999.000,9999.000,9999.000,9999.000
202607081100,   1.380,9999.000,   0.400,  -0.004,   1.776,   0.300,   1.676,   0.400,   1.776
202607081106,   1.389,9999.000,9999.000,9999.000,9999.000,9999.000,9999.000,9999.000,9999.000
202607081112,   1.398,9999.000,9999.000,9999.000,9999.000,9999.000,9999.000,9999.000,9999.000
202607081118,   1.406,9999.000,9999.000,9999.000,9999.000,9999.000,9999.000,9999.000,9999.000
202607081124,   1.413,9999.000,9999.000,9999.000,9999.000,9999.000,9999.000,9999.000,9999.000
202607081130,   1.420,9999.000,9999.000,9999.000,9999.000,9999.000,9999.000,9999.000,9999.000
202607081136,   1.426,9999.000,9999.000,9999.000,9999.000,9999.000,9999.000,9999.000,9999.000
202607081142,   1.431,9999.000,9999.000,9999.000,9999.000,9999.000,9999.000,9999.000,9999.000
202607081148,   1.436,9999.000,9999.000,9999.000,9999.000,9999.000,9999.000,9999.000,9999.000
202607081154,   1.440,9999.000,9999.000,9999.000,9999.000,9999.000,9999.000,9999.000,9999.000
202607081200,   1.443,9999.000,   0.400,  -0.004,   1.839,   0.300,   1.739,   0.400,   1.839
202607081206,   1.445,9999.000,9999.000,9999.000,9999.000,9999.000,9999.000,9999.000,9999.000
202607081212,   1.447,9999.000,9999.000,9999.000,9999.000,9999.000,9999.000,9999.000,9999.000
202607081218,   1.448,9999.000,9999.000,9999.000,9999.000,9999.000,9999.000,9999.000,9999.000
202607081224,   1.448,9999.000,9999.000,9999.000,9999.000,9999.000,9999.000,9999.000,9999.000
202607081230,   1.447,9999.000,9999.000,9999.000,9999.000,9999.000,9999.000,9999.000,9999.000
202607081236,   1.446,9999.000,9999.000,9999.000,9999.000,9999.000,9999.000,9999.000,9999.000
202607081242,   1.444,9999.000,9999.000,9999.000,9999.000,9999.000,9999.000,9999.000,9999.000
202607081248,   1.441,9999.000,9999.000,9999.000,9999.000,9999.000,9999.000,9999.000,9999.000
202607081254,   1.437,9999.000,9999.000,9999.000,9999.000,9999.000,9999.000,9999.000,9999.000
202607081300,   1.433,9999.000,   0.400,  -0.004,   1.829,   0.300,   1.729,   0.400,   1.829
202607081306,   1.428,9999.000,9999.000,9999.000,9999.000,9999.000,9999.000,9999.000,9999.000
202607081312,   1.422,9999.000,9999.000,9999.000,9999.000,9999.000,9999.000,9999.000,9999.000
202607081318,   1.416,9999.000,9999.000,9999.000,9999.000,9999.000,9999.000,9999.000,9999.000
202607081324,   1.408,9999.000,9999.000,9999.000,9999.000,9999.000,9999.000,9999.000,9999.000
202607081330,   1.401,9999.000,9999.000,9999.000,9999.000,9999.000,9999.000,9999.000,9999.000
202607081336,   1.392,9999.000,9999.000,9999.000,9999.000,9999.000,9999.000,9999.000,9999.000
202607081342,   1.383,9999.000,9999.000,9999.000,9999.000,9999.000,9999.000,9999.000,9999.000
202607081348,   1.373,9999.000,9999.000,9999.000,9999.000,9999.000,9999.000,9999.000,9999.000
202607081354,   1.363,9999.000,9999.000,9999.000,9999.000,9999.000,9999.000,9999.000,9999.000
202607081400,   1.352,9999.000,   0.400,  -0.004,   1.748,   0.300,   1.648,   0.400,   1.748
202607081406,   1.340,9999.000,9999.000,9999.000,9999.000,9999.000,9999.000,9999.000,9999.000
202607081412,   1.328,9999.000,9999.000,9999.000,9999.000,9999.000,9999.000,9999.000,9999.000
202607081418,   1.315,9999.000,9999.000,9999.000,9999.000,9999.000,9999.000,9999.000,9999.000
202607081424,   1.302,9999.000,9999.000,9999.000,9999.000,9999.000,9999.000,9999.000,9999.000
202607081430,   1.288,9999.000,9999.000,9999.000,9999.000,9999.000,9999.000,9999.000,9999.000
202607081436,   1.274,9999.000,9999.000,9999.000,9999.000,9999.000,9999.000,9999.000,9999.000
202607081442,   1.259,9999.000,9999.000,9999.000,9999.000,9999.000,9999.000,9999.000,9999.000
202607081448,   1.244,9999.000,9999.000,9999.000,9999.000,9999.000,9999.000,9999.000,9999.000
202607081454,   1.229,9999.000,9999.000,9999.000,9999.000,9999.000,9999.000,9999.000,9999.000
202607081500,   1.213,9999.000,   0.400,  -0.004,   1.609,   0.300,   1.509,   0.400,   1.609
202607081506,   1.196,9999.000,9999.000,9999.000,9999.000,9999.000,9999.000,9999.000,9999.000
202607081512,   1.180,9999.000,9999.000,9999.000,9999.000,9999.000,9999.000,9999.000,9999.000
202607081518,   1.163,9999.000,9999.000,9999.000,9999.000,9999.000,9999.000,9999.000,9999.000
202607081524,   1.145,9999.000,9999.000,9999.000,9999.000,9999.000,9999.000,9999.000,9999.000
202607081530,   1.127,9999.000,9999.000,9999.000,9999.000,9999.000,9999.000,9999.000,9999.000
202607081536,   1.109,9999.000,9999.000,9999.000,9999.000,9999.000,9999.000,9999.000,9999.000
202607081542,   1.091,9999.000,9999.000,9999.000,9999.000,9999.000,9999.000,9999.000,9999.000
202607081548,   1.072,9999.000,9999.000,9999.000,9999.000,9999.000,9999.000,9999.000,9999.000
202607081554,   1.054,9999.000,9999.000,9999.000,9999.000,9999.000,9999.000,9999.000,9999.000
202607081600,   1.035,9999.000,   0.400,  -0.004,   1.431,   0.300,   1.331,   0.400,   1.431
202607081606,   1.015,9999.000,9999.000,9999.000,9999.000,9999.000,9999.000,9999.000,9999.000
202607081612,   0.996,9999.000,9999.000,9999.000,9999.000,9999.000,9999.000,9999.000,9999.000
202607081618,   0.977,9999.000,9999.000,9999.000,9999.000,9999.000,9999.000,9999.000,9999.000
202607081624,   0.957,9999.000,9999.000,9999.000,9999.000,9999.000,9999.000,9999.000,9999.000
202607081630,   0.937,9999.000,9999.000,9999.000,9999.000,9999.000,9999.000,9999.000,9999.000
202607081636,   0.918,9999.000,9999.000,9999.000,9999.000,9999.000,9999.000,9999.000,9999.000
202607081642,   0.898,9999.000,9999.000,9999.000,9999.000,9999.000,9999.000,9999.000,9999.000
202607081648,   0.878,9999.000,9999.000,9999.000,9999.000,9999.000,9999.000,9999.000,9999.000
202607081654,   0.858,9999.000,9999.000,9999.000,9999.000,9999.000,9999.000,9999.000,9999.000
202607081700,   0.839,9999.000,   0.400,  -0.004,   1.235,   0.300,   1.135,   0.400,   1.235
202607081706,   0.819,9999.000,9999.000,9999.000,9999.000,9999.000,9999.000,9999.000,9999.000
202607081712,   0.800,9999.000,9999.000,9999.000,9999.000,9999.000,9999.000,9999.000,9999.000
202607081718,   0.780,9999.000,9999.000,9999.000,9999.000,9999.000,9999.000,9999.000,9999.000
202607081724,   0.761,9999.000,9999.000,9999.000,9999.000,9999.000,9999.000,9999.000,9999.000
202607081730,   0.742,9999.000,9999.000,9999.000,9999.000,9999.000,9999.000,9999.000,9999.000
202607081736,   0.723,9999.000,9999.000,9999.000,9999.000,9999.000,9999.000,9999.000,9999.000
202607081742,   0.704,9999.000,9999.000,9999.000,9999.000,9999.000,9999.000,9999.000,9999.000
202607081748,   0.686,9999.000,9999.000,9999.000,9999.000,9999.000,9999.000,9999.000,9999.000
202607081754,   0.668,9999.000,9999.000,9999.000,9999.000,9999.000,9999.000,9999.000,9999.000
202607081800,   0.650,9999.000,   0.300,  -0.004,   0.946,   0.300,   0.946,   0.400,   1.046
202607081806,   0.632,9999.000,9999.000,9999.000,9999.000,9999.000,9999.000,9999.000,9999.000
202607081812,   0.615,9999.000,9999.000,9999.000,9999.000,9999.000,9999.000,9999.000,9999.000
202607081818,   0.598,9999.000,9999.000,9999.000,9999.000,9999.000,9999.000,9999.000,9999.000
202607081824,   0.582,9999.000,9999.000,9999.000,9999.000,9999.000,9999.000,9999.000,9999.000
202607081830,   0.566,9999.000,9999.000,9999.000,9999.000,9999.000,9999.000,9999.000,9999.000
202607081836,   0.550,9999.000,9999.000,9999.000,9999.000,9999.000,9999.000,9999.000,9999.000
202607081842,   0.535,9999.000,9999.000,9999.000,9999.000,9999.000,9999.000,9999.000,9999.000
202607081848,   0.521,9999.000,9999.000,9999.000,9999.000,9999.000,9999.000,9999.000,9999.000
202607081854,   0.506,9999.000,9999.000,9999.000,9999.000,9999.000,9999.000,9999.000,9999.000
202607081900,   0.493,9999.000,   0.300,  -0.004,   0.789,   0.300,   0.789,   0.400,   0.889
202607081906,   0.480,9999.000,9999.000,9999.000,9999.000,9999.000,9999.000,9999.000,9999.000
202607081912,   0.467,9999.000,9999.000,9999.000,9999.000,9999.000,9999.000,9999.000,9999.000
202607081918,   0.455,9999.000,9999.000,9999.000,9999.000,9999.000,9999.000,9999.000,9999.000
202607081924,   0.443,9999.000,9999.000,9999.000,9999.000,9999.000,9999.000,9999.000,9999.000
202607081930,   0.432,9999.000,9999.000,9999.000,9999.000,9999.000,9999.000,9999.000,9999.000
202607081936,   0.422,9999.000,9999.000,9999.000,9999.000,9999.000,9999.000,9999.000,9999.000
202607081942,   0.412,9999.000,9999.000,9999.000,9999.000,9999.000,9999.000,9999.000,9999.000
202607081948,   0.402,9999.000,9999.000,9999.000,9999.000,9999.000,9999.000,9999.000,9999.000
202607081954,   0.394,9999.000,9999.000,9999.000,9999.000,9999.000,9999.000,9999.000,9999.000
202607082000,   0.385,9999.000,   0.300,  -0.004,   0.681,   0.300,   0.681,   0.400,   0.781
202607082006,   0.378,9999.000,9999.000,9999.000,9999.000,9999.000,9999.000,9999.000,9999.000
202607082012,   0.370,9999.000,9999.000,9999.000,9999.000,9999.000,9999.000,9999.000,9999.000
202607082018,   0.364,9999.000,9999.000,9999.000,9999.000,9999.000,9999.000,9999.000,9999.000
202607082024,   0.358,9999.000,9999.000,9999.000,9999.000,9999.000,9999.000,9999.000,9999.000
202607082030,   0.352,9999.000,9999.000,9999.000,9999.000,9999.000,9999.000,9999.000,9999.000
202607082036,   0.347,9999.000,9999.000,9999.000,9999.000,9999.000,9999.000,9999.000,9999.000
202607082042,   0.342,9999.000,9999.000,9999.000,9999.000,9999.000,9999.000,9999.000,9999.000
202607082048,   0.338,9999.000,9999.000,9999.000,9999.000,9999.000,9999.000,9999.000,9999.000
202607082054,   0.334,9999.000,9999.000,9999.000,9999.000,9999.000,9999.000,9999.000,9999.000
202607082100,   0.331,9999.000,   0.300,  -0.004,   0.627,   0.300,   0.627,   0.400,   0.727
202607082106,   0.328,9999.000,9999.000,9999.000,9999.000,9999.000,9999.000,9999.000,9999.000
202607082112,   0.325,9999.000,9999.000,9999.000,9999.000,9999.000,9999.000,9999.000,9999.000
202607082118,   0.323,9999.000,9999.000,9999.000,9999.000,9999.000,9999.000,9999.000,9999.000
202607082124,   0.321,9999.000,9999.000,9999.000,9999.000,9999.000,9999.000,9999.000,9999.000
202607082130,   0.320,9999.000,9999.000,9999.000,9999.000,9999.000,9999.000,9999.000,9999.000
202607082136,   0.319,9999.000,9999.000,9999.000,9999.000,9999.000,9999.000,9999.000,9999.000
202607082142,   0.318,9999.000,9999.000,9999.000,9999.000,9999.000,9999.000,9999.000,9999.000
202607082148,   0.317,9999.000,9999.000,9999.000,9999.000,9999.000,9999.000,9999.000,9999.000
202607082154,   0.317,9999.000,9999.000,9999.000,9999.000,9999.000,9999.000,9999.000,9999.000
202607082200,   0.317,9999.000,   0.300,  -0.004,   0.613,   0.300,   0.613,   0.400,   0.713
202607082206,   0.317,9999.000,9999.000,9999.000,9999.000,9999.000,9999.000,9999.000,9999.000
202607082212,   0.317,9999.000,9999.000,9999.000,9999.000,9999.000,9999.000,9999.000,9999.000
202607082218,   0.317,9999.000,9999.000,9999.000,9999.000,9999.000,9999.000,9999.000,9999.000
202607082224,   0.318,9999.000,9999.000,9999.000,9999.000,9999.000,9999.000,9999.000,9999.000
202607082230,   0.319,9999.000,9999.000,9999.000,9999.000,9999.000,9999.000,9999.000,9999.000
202607082236,   0.320,9999.000,9999.000,9999.000,9999.000,9999.000,9999.000,9999.000,9999.000
202607082242,   0.321,9999.000,9999.000,9999.000,9999.000,9999.000,9999.000,9999.000,9999.000
202607082248,   0.322,9999.000,9999.000,9999.000,9999.000,9999.000,9999.000,9999.000,9999.000
202607082254,   0.323,9999.000,9999.000,9999.000,9999.000,9999.000,9999.000,9999.000,9999.000
202607082300,   0.324,9999.000,   0.300,  -0.004,   0.620,   0.300,   0.620,   0.400,   0.720
202607082306,   0.326,9999.000,9999.000,9999.000,9999.000,9999.000,9999.000,9999.000,9999.000
202607082312,   0.327,9999.000,9999.000,9999.000,9999.000,9999.000,9999.000,9999.000,9999.000
202607082318,   0.329,9999.000,9999.000,9999.000,9999.000,9999.000,9999.000,9999.000,9999.000
202607082324,   0.331,9999.000,9999.000,9999.000,9999.000,9999.000,9999.000,9999.000,9999.000
202607082330,   0.332,9999.000,9999.000,9999.000,9999.000,9999.000,9999.000,9999.000,9999.000
202607082336,   0.334,9999.000,9999.000,9999.000,9999.000,9999.000,9999.000,9999.000,9999.000
202607082342,   0.336,9999.000,9999.000,9999.000,9999.000,9999.000,9999.000,9999.000,9999.000
202607082348,   0.338,9999.000,9999.000,9999.000,9999.000,9999.000,9999.000,9999.000,9999.000
202607082354,   0.340,9999.000,9999.000,9999.000,9999.000,9999.000,9999.000,9999.000,9999.000
202607090000,   0.343,9999.000,   0.300,  -0.004,   0.639,   0.300,   0.639,   0.400,   0.739
202607090006,   0.345,9999.000,9999.000,9999.000,9999.000,9999.000,9999.000,9999.000,9999.000
202607090012,   0.348,9999.000,9999.000,9999.000,9999.000,9999.000,9999.000,9999.000,9999.000
202607090018,   0.350,9999.000,9999.000,9999.000,9999.000,9999.000,9999.000,9999.000,9999.000
202607090024,   0.353,9999.000,9999.000,9999.000,9999.000,9999.000,9999.000,9999.000,9999.000
202607090030,   0.356,9999.000,9999.000,9999.000,9999.000,9999.000,9999.000,9999.000,9999.000
202607090036,   0.360,9999.000,9999.000,9999.000,9999.000,9999.000,9999.000,9999.000,9999.000
202607090042,   0.363,9999.000,9999.000,9999.000,9999.000,9999.000,9999.000,9999.000,9999.000
202607090048,   0.367,9999.000,9999.000,9999.000,9999.000,9999.000,9999.000,9999.000,9999.000
202607090054,   0.371,9999.000,9999.000,9999.000,9999.000,9999.000,9999.000,9999.000,9999.000
202607090100,   0.375,9999.000,   0.300,  -0.004,   0.671,   0.300,   0.671,   0.400,   0.771
202607090106,   0.379,9999.000,9999.000,9999.000,9999.000,9999.000,9999.000,9999.000,9999.000
202607090112,   0.384,9999.000,9999.000,9999.000,9999.000,9999.000,9999.000,9999.000,9999.000
202607090118,   0.388,9999.000,9999.000,9999.000,9999.000,9999.000,9999.000,9999.000,9999.000
202607090124,   0.394,9999.000,9999.000,9999.000,9999.000,9999.000,9999.000,9999.000,9999.000
202607090130,   0.399,9999.000,9999.000,9999.000,9999.000,9999.000,9999.000,9999.000,9999.000
202607090136,   0.405,9999.000,9999.000,9999.000,9999.000,9999.000,9999.000,9999.000,9999.000
202607090142,   0.411,9999.000,9999.000,9999.000,9999.000,9999.000,9999.000,9999.000,9999.000
202607090148,   0.417,9999.000,9999.000,9999.000,9999.000,9999.000,9999.000,9999.000,9999.000
202607090154,   0.424,9999.000,9999.000,9999.000,9999.000,9999.000,9999.000,9999.000,9999.000
202607090200,   0.431,9999.000,   0.300,  -0.004,   0.727,   0.300,   0.727,   0.400,   0.827
202607090206,   0.438,9999.000,9999.000,9999.000,9999.000,9999.000,9999.000,9999.000,9999.000
202607090212,   0.446,9999.000,9999.000,9999.000,9999.000,9999.000,9999.000,9999.000,9999.000
202607090218,   0.453,9999.000,9999.000,9999.000,9999.000,9999.000,9999.000,9999.000,9999.000
202607090224,   0.462,9999.000,9999.000,9999.000,9999.000,9999.000,9999.000,9999.000,9999.000
202607090230,   0.470,9999.000,9999.000,9999.000,9999.000,9999.000,9999.000,9999.000,9999.000
202607090236,   0.479,9999.000,9999.000,9999.000,9999.000,9999.000,9999.000,9999.000,9999.000
202607090242,   0.488,9999.000,9999.000,9999.000,9999.000,9999.000,9999.000,9999.000,9999.000
202607090248,   0.497,9999.000,9999.000,9999.000,9999.000,9999.000,9999.000,9999.000,9999.000
202607090254,   0.507,9999.000,9999.000,9999.000,9999.000,9999.000,9999.000,9999.000,9999.000
202607090300,   0.516,9999.000,   0.300,  -0.004,   0.812,   0.300,   0.812,   0.400,   0.912
202607090306,   0.526,9999.000,9999.000,9999.000,9999.000,9999.000,9999.000,9999.000,9999.000
202607090312,   0.537,9999.000,9999.000,9999.000,9999.000,9999.000,9999.000,9999.000,9999.000
202607090318,   0.547,9999.000,9999.000,9999.000,9999.000,9999.000,9999.000,9999.000,9999.000
202607090324,   0.558,9999.000,9999.000,9999.000,9999.000,9999.000,9999.000,9999.000,9999.000
202607090330,   0.569,9999.000,9999.000,9999.000,9999.000,9999.000,9999.000,9999.000,9999.000
202607090336,   0.579,9999.000,9999.000,9999.000,9999.000,9999.000,9999.000,9999.000,9999.000
202607090342,   0.591,9999.000,9999.000,9999.000,9999.000,9999.000,9999.000,9999.000,9999.000
202607090348,   0.602,9999.000,9999.000,9999.000,9999.000,9999.000,9999.000,9999.000,9999.000
202607090354,   0.613,9999.000,9999.000,9999.000,9999.000,9999.000,9999.000,9999.000,9999.000
202607090400,   0.624,9999.000,   0.400,  -0.004,   1.020,   0.300,   0.920,   0.400,   1.020
202607090406,   0.636,9999.000,9999.000,9999.000,9999.000,9999.000,9999.000,9999.000,9999.000
202607090412,   0.647,9999.000,9999.000,9999.000,9999.000,9999.000,9999.000,9999.000,9999.000
202607090418,   0.659,9999.000,9999.000,9999.000,9999.000,9999.000,9999.000,9999.000,9999.000
202607090424,   0.670,9999.000,9999.000,9999.000,9999.000,9999.000,9999.000,9999.000,9999.000
202607090430,   0.682,9999.000,9999.000,9999.000,9999.000,9999.000,9999.000,9999.000,9999.000
202607090436,   0.693,9999.000,9999.000,9999.000,9999.000,9999.000,9999.000,9999.000,9999.000
202607090442,   0.704,9999.000,9999.000,9999.000,9999.000,9999.000,9999.000,9999.000,9999.000
202607090448,   0.716,9999.000,9999.000,9999.000,9999.000,9999.000,9999.000,9999.000,9999.000
202607090454,   0.727,9999.000,9999.000,9999.000,9999.000,9999.000,9999.000,9999.000,9999.000
202607090500,   0.739,9999.000,   0.400,  -0.004,   1.135,   0.300,   1.035,   0.400,   1.135
202607090506,   0.750,9999.000,9999.000,9999.000,9999.000,9999.000,9999.000,9999.000,9999.000
202607090512,   0.761,9999.000,9999.000,9999.000,9999.000,9999.000,9999.000,9999.000,9999.000
202607090518,   0.772,9999.000,9999.000,9999.000,9999.000,9999.000,9999.000,9999.000,9999.000
202607090524,   0.783,9999.000,9999.000,9999.000,9999.000,9999.000,9999.000,9999.000,9999.000
202607090530,   0.794,9999.000,9999.000,9999.000,9999.000,9999.000,9999.000,9999.000,9999.000
202607090536,   0.806,9999.000,9999.000,9999.000,9999.000,9999.000,9999.000,9999.000,9999.000
202607090542,   0.817,9999.000,9999.000,9999.000,9999.000,9999.000,9999.000,9999.000,9999.000
202607090548,   0.828,9999.000,9999.000,9999.000,9999.000,9999.000,9999.000,9999.000,9999.000
202607090554,   0.838,9999.000,9999.000,9999.000,9999.000,9999.000,9999.000,9999.000,9999.000
202607090600,   0.849,9999.000,   0.400,  -0.004,   1.245,   0.300,   1.145,   0.400,   1.245
202607090606,   0.860,9999.000,9999.000,9999.000,9999.000,9999.000,9999.000,9999.000,9999.000
202607090612,   0.871,9999.000,9999.000,9999.000,9999.000,9999.000,9999.000,9999.000,9999.000
202607090618,   0.883,9999.000,9999.000,9999.000,9999.000,9999.000,9999.000,9999.000,9999.000
202607090624,   0.894,9999.000,9999.000,9999.000,9999.000,9999.000,9999.000,9999.000,9999.000
202607090630,   0.905,9999.000,9999.000,9999.000,9999.000,9999.000,9999.000,9999.000,9999.000
202607090636,   0.916,9999.000,9999.000,9999.000,9999.000,9999.000,9999.000,9999.000,9999.000
202607090642,   0.928,9999.000,9999.000,9999.000,9999.000,9999.000,9999.000,9999.000,9999.000
202607090648,   0.939,9999.000,9999.000,9999.000,9999.000,9999.000,9999.000,9999.000,9999.000
202607090654,   0.951,9999.000,9999.000,9999.000,9999.000,9999.000,9999.000,9999.000,9999.000
202607090700,   0.963,9999.000,   0.400,  -0.004,   1.359,   0.300,   1.259,   0.500,   1.459
202607090706,   0.975,9999.000,9999.000,9999.000,9999.000,9999.000,9999.000,9999.000,9999.000
202607090712,   0.987,9999.000,9999.000,9999.000,9999.000,9999.000,9999.000,9999.000,9999.000
202607090718,   0.999,9999.000,9999.000,9999.000,9999.000,9999.000,9999.000,9999.000,9999.000
202607090724,   1.012,9999.000,9999.000,9999.000,9999.000,9999.000,9999.000,9999.000,9999.000
202607090730,   1.025,9999.000,9999.000,9999.000,9999.000,9999.000,9999.000,9999.000,9999.000
202607090736,   1.038,9999.000,9999.000,9999.000,9999.000,9999.000,9999.000,9999.000,9999.000
202607090742,   1.052,9999.000,9999.000,9999.000,9999.000,9999.000,9999.000,9999.000,9999.000
202607090748,   1.066,9999.000,9999.000,9999.000,9999.000,9999.000,9999.000,9999.000,9999.000
202607090754,   1.080,9999.000,9999.000,9999.000,9999.000,9999.000,9999.000,9999.000,9999.000
202607090800,   1.094,9999.000,   0.400,  -0.004,   1.490,   0.300,   1.390,   0.500,   1.590
202607090806,   1.109,9999.000,9999.000,9999.000,9999.000,9999.000,9999.000,9999.000,9999.000
202607090812,   1.124,9999.000,9999.000,9999.000,9999.000,9999.000,9999.000,9999.000,9999.000
202607090818,   1.139,9999.000,9999.000,9999.000,9999.000,9999.000,9999.000,9999.000,9999.000
202607090824,   1.154,9999.000,9999.000,9999.000,9999.000,9999.000,9999.000,9999.000,9999.000
202607090830,   1.170,9999.000,9999.000,9999.000,9999.000,9999.000,9999.000,9999.000,9999.000
202607090836,   1.186,9999.000,9999.000,9999.000,9999.000,9999.000,9999.000,9999.000,9999.000
202607090842,   1.202,9999.000,9999.000,9999.000,9999.000,9999.000,9999.000,9999.000,9999.000
202607090848,   1.219,9999.000,9999.000,9999.000,9999.000,9999.000,9999.000,9999.000,9999.000
202607090854,   1.236,9999.000,9999.000,9999.000,9999.000,9999.000,9999.000,9999.000,9999.000
202607090900,   1.253,9999.000,   0.400,  -0.004,   1.649,   0.300,   1.549,   0.500,   1.749
202607090906,   1.270,9999.000,9999.000,9999.000,9999.000,9999.000,9999.000,9999.000,9999.000
202607090912,   1.287,9999.000,9999.000,9999.000,9999.000,9999.000,9999.000,9999.000,9999.000
202607090918,   1.304,9999.000,9999.000,9999.000,9999.000,9999.000,9999.000,9999.000,9999.000
202607090924,   1.321,9999.000,9999.000,9999.000,9999.000,9999.000,9999.000,9999.000,9999.000
202607090930,   1.339,9999.000,9999.000,9999.000,9999.000,9999.000,9999.000,9999.000,9999.000
202607090936,   1.356,9999.000,9999.000,9999.000,9999.000,9999.000,9999.000,9999.000,9999.000
202607090942,   1.374,9999.000,9999.000,9999.000,9999.000,9999.000,9999.000,9999.000,9999.000
202607090948,   1.391,9999.000,9999.000,9999.000,9999.000,9999.000,9999.000,9999.000,9999.000
202607090954,   1.408,9999.000,9999.000,9999.000,9999.000,9999.000,9999.000,9999.000,9999.000
202607091000,   1.425,9999.000,   0.400,  -0.004,   1.821,   0.300,   1.721,   0.500,   1.921
202607091006,   1.442,9999.000,9999.000,9999.000,9999.000,9999.000,9999.000,9999.000,9999.000
202607091012,   1.459,9999.000,9999.000,9999.000,9999.000,9999.000,9999.000,9999.000,9999.000
202607091018,   1.475,9999.000,9999.000,9999.000,9999.000,9999.000,9999.000,9999.000,9999.000
202607091024,   1.491,9999.000,9999.000,9999.000,9999.000,9999.000,9999.000,9999.000,9999.000
202607091030,   1.507,9999.000,9999.000,9999.000,9999.000,9999.000,9999.000,9999.000,9999.000
202607091036,   1.522,9999.000,9999.000,9999.000,9999.000,9999.000,9999.000,9999.000,9999.000
202607091042,   1.537,9999.000,9999.000,9999.000,9999.000,9999.000,9999.000,9999.000,9999.000
202607091048,   1.551,9999.000,9999.000,9999.000,9999.000,9999.000,9999.000,9999.000,9999.000
202607091054,   1.565,9999.000,9999.000,9999.000,9999.000,9999.000,9999.000,9999.000,9999.000
202607091100,   1.578,9999.000,   0.400,  -0.004,   1.974,   0.300,   1.874,   0.500,   2.074
202607091106,   1.591,9999.000,9999.000,9999.000,9999.000,9999.000,9999.000,9999.000,9999.000
202607091112,   1.603,9999.000,9999.000,9999.000,9999.000,9999.000,9999.000,9999.000,9999.000
202607091118,   1.614,9999.000,9999.000,9999.000,9999.000,9999.000,9999.000,9999.000,9999.000
202607091124,   1.625,9999.000,9999.000,9999.000,9999.000,9999.000,9999.000,9999.000,9999.000
202607091130,   1.635,9999.000,9999.000,9999.000,9999.000,9999.000,9999.000,9999.000,9999.000
202607091136,   1.644,9999.000,9999.000,9999.000,9999.000,9999.000,9999.000,9999.000,9999.000
202607091142,   1.652,9999.000,9999.000,9999.000,9999.000,9999.000,9999.000,9999.000,9999.000
202607091148,   1.660,9999.000,9999.000,9999.000,9999.000,9999.000,9999.000,9999.000,9999.000
202607091154,   1.667,9999.000,9999.000,9999.000,9999.000,9999.000,9999.000,9999.000,9999.000
202607091200,   1.673,9999.000,   0.400,  -0.004,   2.069,   0.300,   1.969,   0.500,   2.169
202607091206,   1.678,9999.000,9999.000,9999.000,9999.000,9999.000,9999.000,9999.000,9999.000
202607091212,   1.682,9999.000,9999.000,9999.000,9999.000,9999.000,9999.000,9999.000,9999.000
202607091218,   1.685,9999.000,9999.000,9999.000,9999.000,9999.000,9999.000,9999.000,9999.000
202607091224,   1.688,9999.000,9999.000,9999.000,9999.000,9999.000,9999.000,9999.000,9999.000
202607091230,   1.690,9999.000,9999.000,9999.000,9999.000,9999.000,9999.000,9999.000,9999.000
202607091236,   1.690,9999.000,9999.000,9999.000,9999.000,9999.000,9999.000,9999.000,9999.000
202607091242,   1.690,9999.000,9999.000,9999.000,9999.000,9999.000,9999.000,9999.000,9999.000
202607091248,   1.689,9999.000,9999.000,9999.000,9999.000,9999.000,9999.000,9999.000,9999.000
202607091254,   1.687,9999.000,9999.000,9999.000,9999.000,9999.000,9999.000,9999.000,9999.000
202607091300,   1.685,9999.000,   0.400,  -0.004,   2.081,   0.300,   1.981,   0.500,   2.181
202607091306,   1.681,9999.000,9999.000,9999.000,9999.000,9999.000,9999.000,9999.000,9999.000
202607091312,   1.677,9999.000,9999.000,9999.000,9999.000,9999.000,9999.000,9999.000,9999.000
202607091318,   1.672,9999.000,9999.000,9999.000,9999.000,9999.000,9999.000,9999.000,9999.000
202607091324,   1.666,9999.000,9999.000,9999.000,9999.000,9999.000,9999.000,9999.000,9999.000
202607091330,   1.659,9999.000,9999.000,9999.000,9999.000,9999.000,9999.000,9999.000,9999.000
202607091336,   1.652,9999.000,9999.000,9999.000,9999.000,9999.000,9999.000,9999.000,9999.000
202607091342,   1.643,9999.000,9999.000,9999.000,9999.000,9999.000,9999.000,9999.000,9999.000
202607091348,   1.635,9999.000,9999.000,9999.000,9999.000,9999.000,9999.000,9999.000,9999.000
202607091354,   1.625,9999.000,9999.000,9999.000,9999.000,9999.000,9999.000,9999.000,9999.000
202607091400,   1.614,9999.000,   0.400,  -0.004,   2.010,   0.300,   1.910,   0.500,   2.110
202607091406,   1.603,9999.000,9999.000,9999.000,9999.000,9999.000,9999.000,9999.000,9999.000
202607091412,   1.592,9999.000,9999.000,9999.000,9999.000,9999.000,9999.000,9999.000,9999.000
202607091418,   1.579,9999.000,9999.000,9999.000,9999.000,9999.000,9999.000,9999.000,9999.000
202607091424,   1.567,9999.000,9999.000,9999.000,9999.000,9999.000,9999.000,9999.000,9999.000
202607091430,   1.553,9999.000,9999.000,9999.000,9999.000,9999.000,9999.000,9999.000,9999.000
202607091436,   1.539,9999.000,9999.000,9999.000,9999.000,9999.000,9999.000,9999.000,9999.000
202607091442,   1.524,9999.000,9999.000,9999.000,9999.000,9999.000,9999.000,9999.000,9999.000
202607091448,   1.509,9999.000,9999.000,9999.000,9999.000,9999.000,9999.000,9999.000,9999.000
202607091454,   1.493,9999.000,9999.000,9999.000,9999.000,9999.000,9999.000,9999.000,9999.000
202607091500,   1.477,9999.000,   0.400,  -0.004,   1.873,   0.300,   1.773,   0.500,   1.973
202607091506,   1.460,9999.000,9999.000,9999.000,9999.000,9999.000,9999.000,9999.000,9999.000
202607091512,   1.443,9999.000,9999.000,9999.000,9999.000,9999.000,9999.000,9999.000,9999.000
202607091518,   1.426,9999.000,9999.000,9999.000,9999.000,9999.000,9999.000,9999.000,9999.000
202607091524,   1.408,9999.000,9999.000,9999.000,9999.000,9999.000,9999.000,9999.000,9999.000
202607091530,   1.389,9999.000,9999.000,9999.000,9999.000,9999.000,9999.000,9999.000,9999.000
202607091536,   1.370,9999.000,9999.000,9999.000,9999.000,9999.000,9999.000,9999.000,9999.000
202607091542,   1.351,9999.000,9999.000,9999.000,9999.000,9999.000,9999.000,9999.000,9999.000
202607091548,   1.331,9999.000,9999.000,9999.000,9999.000,9999.000,9999.000,9999.000,9999.000
202607091554,   1.311,9999.000,9999.000,9999.000,9999.000,9999.000,9999.000,9999.000,9999.000
202607091600,   1.291,9999.000,   0.400,  -0.004,   1.687,   0.300,   1.587,   0.500,   1.787
202607091606,   1.270,9999.000,9999.000,9999.000,9999.000,9999.000,9999.000,9999.000,9999.000
202607091612,   1.249,9999.000,9999.000,9999.000,9999.000,9999.000,9999.000,9999.000,9999.000
202607091618,   1.228,9999.000,9999.000,9999.000,9999.000,9999.000,9999.000,9999.000,9999.000
202607091624,   1.206,9999.000,9999.000,9999.000,9999.000,9999.000,9999.000,9999.000,9999.000
202607091630,   1.184,9999.000,9999.000,9999.000,9999.000,9999.000,9999.000,9999.000,9999.000
202607091636,   1.162,9999.000,9999.000,9999.000,9999.000,9999.000,9999.000,9999.000,9999.000
202607091642,   1.139,9999.000,9999.000,9999.000,9999.000,9999.000,9999.000,9999.000,9999.000
202607091648,   1.116,9999.000,9999.000,9999.000,9999.000,9999.000,9999.000,9999.000,9999.000
202607091654,   1.093,9999.000,9999.000,9999.000,9999.000,9999.000,9999.000,9999.000,9999.000
202607091700,   1.070,9999.000,   0.400,  -0.004,   1.466,   0.300,   1.366,   0.400,   1.466
202607091706,   1.047,9999.000,9999.000,9999.000,9999.000,9999.000,9999.000,9999.000,9999.000
202607091712,   1.023,9999.000,9999.000,9999.000,9999.000,9999.000,9999.000,9999.000,9999.000
202607091718,   0.999,9999.000,9999.000,9999.000,9999.000,9999.000,9999.000,9999.000,9999.000
202607091724,   0.975,9999.000,9999.000,9999.000,9999.000,9999.000,9999.000,9999.000,9999.000
202607091730,   0.951,9999.000,9999.000,9999.000,9999.000,9999.000,9999.000,9999.000,9999.000
202607091736,   0.927,9999.000,9999.000,9999.000,9999.000,9999.000,9999.000,9999.000,9999.000
202607091742,   0.903,9999.000,9999.000,9999.000,9999.000,9999.000,9999.000,9999.000,9999.000
202607091748,   0.879,9999.000,9999.000,9999.000,9999.000,9999.000,9999.000,9999.000,9999.000
202607091754,   0.855,9999.000,9999.000,9999.000,9999.000,9999.000,9999.000,9999.000,9999.000
202607091800,   0.830,9999.000,   0.400,  -0.004,   1.226,   0.300,   1.126,   0.400,   1.226
202607091806,   0.806,9999.000,9999.000,9999.000,9999.000,9999.000,9999.000,9999.000,9999.000
202607091812,   0.782,9999.000,9999.000,9999.000,9999.000,9999.000,9999.000,9999.000,9999.000
202607091818,   0.758,9999.000,9999.000,9999.000,9999.000,9999.000,9999.000,9999.000,9999.000
202607091824,   0.734,9999.000,9999.000,9999.000,9999.000,9999.000,9999.000,9999.000,9999.000
202607091830,   0.710,9999.000,9999.000,9999.000,9999.000,9999.000,9999.000,9999.000,9999.000
202607091836,   0.686,9999.000,9999.000,9999.000,9999.000,9999.000,9999.000,9999.000,9999.000
202607091842,   0.662,9999.000,9999.000,9999.000,9999.000,9999.000,9999.000,9999.000,9999.000
202607091848,   0.639,9999.000,9999.000,9999.000,9999.000,9999.000,9999.000,9999.000,9999.000
202607091854,   0.616,9999.000,9999.000,9999.000,9999.000,9999.000,9999.000,9999.000,9999.000
202607091900,   0.593,9999.000,   0.400,  -0.004,   0.989,   0.300,   0.889,   0.400,   0.989
202607091906,   0.571,9999.000,9999.000,9999.000,9999.000,9999.000,9999.000,9999.000,9999.000
202607091912,   0.548,9999.000,9999.000,9999.000,9999.000,9999.000,9999.000,9999.000,9999.000
202607091918,   0.527,9999.000,9999.000,9999.000,9999.000,9999.000,9999.000,9999.000,9999.000
202607091924,   0.505,9999.000,9999.000,9999.000,9999.000,9999.000,9999.000,9999.000,9999.000
202607091930,   0.484,9999.000,9999.000,9999.000,9999.000,9999.000,9999.000,9999.000,9999.000
202607091936,   0.464,9999.000,9999.000,9999.000,9999.000,9999.000,9999.000,9999.000,9999.000
202607091942,   0.444,9999.000,9999.000,9999.000,9999.000,9999.000,9999.000,9999.000,9999.000
202607091948,   0.424,9999.000,9999.000,9999.000,9999.000,9999.000,9999.000,9999.000,9999.000
202607091954,   0.405,9999.000,9999.000,9999.000,9999.000,9999.000,9999.000,9999.000,9999.000
202607092000,   0.386,9999.000,   0.400,  -0.004,   0.782,   0.300,   0.682,   0.400,   0.782
202607092006,   0.368,9999.000,9999.000,9999.000,9999.000,9999.000,9999.000,9999.000,9999.000
202607092012,   0.351,9999.000,9999.000,9999.000,9999.000,9999.000,9999.000,9999.000,9999.000
202607092018,   0.334,9999.000,9999.000,9999.000,9999.000,9999.000,9999.000,9999.000,9999.000
202607092024,   0.317,9999.000,9999.000,9999.000,9999.000,9999.000,9999.000,9999.000,9999.000
202607092030,   0.301,9999.000,9999.000,9999.000,9999.000,9999.000,9999.000,9999.000,9999.000
202607092036,   0.286,9999.000,9999.000,9999.000,9999.000,9999.000,9999.000,9999.000,9999.000
202607092042,   0.271,9999.000,9999.000,9999.000,9999.000,9999.000,9999.000,9999.000,9999.000
202607092048,   0.257,9999.000,9999.000,9999.000,9999.000,9999.000,9999.000,9999.000,9999.000
202607092054,   0.243,9999.000,9999.000,9999.000,9999.000,9999.000,9999.000,9999.000,9999.000
202607092100,   0.230,9999.000,   0.400,  -0.004,   0.626,   0.300,   0.526,   0.400,   0.626
202607092106,   0.218,9999.000,9999.000,9999.000,9999.000,9999.000,9999.000,9999.000,9999.000
202607092112,   0.206,9999.000,9999.000,9999.000,9999.000,9999.000,9999.000,9999.000,9999.000
202607092118,   0.195,9999.000,9999.000,9999.000,9999.000,9999.000,9999.000,9999.000,9999.000
202607092124,   0.184,9999.000,9999.000,9999.000,9999.000,9999.000,9999.000,9999.000,9999.000
202607092130,   0.173,9999.000,9999.000,9999.000,9999.000,9999.000,9999.000,9999.000,9999.000
202607092136,   0.163,9999.000,9999.000,9999.000,9999.000,9999.000,9999.000,9999.000,9999.000
202607092142,   0.154,9999.000,9999.000,9999.000,9999.000,9999.000,9999.000,9999.000,9999.000
202607092148,   0.145,9999.000,9999.000,9999.000,9999.000,9999.000,9999.000,9999.000,9999.000
202607092154,   0.137,9999.000,9999.000,9999.000,9999.000,9999.000,9999.000,9999.000,9999.000
202607092200,   0.129,9999.000,   0.400,  -0.004,   0.525,   0.300,   0.425,   0.400,   0.525
202607092206,   0.121,9999.000,9999.000,9999.000,9999.000,9999.000,9999.000,9999.000,9999.000
202607092212,   0.114,9999.000,9999.000,9999.000,9999.000,9999.000,9999.000,9999.000,9999.000
202607092218,   0.107,9999.000,9999.000,9999.000,9999.000,9999.000,9999.000,9999.000,9999.000
202607092224,   0.100,9999.000,9999.000,9999.000,9999.000,9999.000,9999.000,9999.000,9999.000
202607092230,   0.094,9999.000,9999.000,9999.000,9999.000,9999.000,9999.000,9999.000,9999.000
202607092236,   0.088,9999.000,9999.000,9999.000,9999.000,9999.000,9999.000,9999.000,9999.000
202607092242,   0.083,9999.000,9999.000,9999.000,9999.000,9999.000,9999.000,9999.000,9999.000
202607092248,   0.077,9999.000,9999.000,9999.000,9999.000,9999.000,9999.000,9999.000,9999.000
202607092254,   0.072,9999.000,9999.000,9999.000,9999.000,9999.000,9999.000,9999.000,9999.000
202607092300,   0.068,9999.000,   0.400,  -0.004,   0.464,   0.300,   0.364,   0.400,   0.464
202607092306,   0.063,9999.000,9999.000,9999.000,9999.000,9999.000,9999.000,9999.000,9999.000
202607092312,   0.059,9999.000,9999.000,9999.000,9999.000,9999.000,9999.000,9999.000,9999.000
202607092318,   0.055,9999.000,9999.000,9999.000,9999.000,9999.000,9999.000,9999.000,9999.000
202607092324,   0.051,9999.000,9999.000,9999.000,9999.000,9999.000,9999.000,9999.000,9999.000
202607092330,   0.048,9999.000,9999.000,9999.000,9999.000,9999.000,9999.000,9999.000,9999.000
202607092336,   0.045,9999.000,9999.000,9999.000,9999.000,9999.000,9999.000,9999.000,9999.000
202607092342,   0.041,9999.000,9999.000,9999.000,9999.000,9999.000,9999.000,9999.000,9999.000
202607092348,   0.039,9999.000,9999.000,9999.000,9999.000,9999.000,9999.000,9999.000,9999.000
202607092354,   0.036,9999.000,9999.000,9999.000,9999.000,9999.000,9999.000,9999.000,9999.000
202607100000,   0.034,9999.000,   0.400,  -0.004,   0.430,   0.300,   0.330,   0.500,   0.530
202607100006,   0.032,9999.000,9999.000,9999.000,9999.000,9999.000,9999.000,9999.000,9999.000
202607100012,   0.030,9999.000,9999.000,9999.000,9999.000,9999.000,9999.000,9999.000,9999.000
202607100018,   0.028,9999.000,9999.000,9999.000,9999.000,9999.000,9999.000,9999.000,9999.000
202607100024,   0.027,9999.000,9999.000,9999.000,9999.000,9999.000,9999.000,9999.000,9999.000
202607100030,   0.026,9999.000,9999.000,9999.000,9999.000,9999.000,9999.000,9999.000,9999.000
202607100036,   0.026,9999.000,9999.000,9999.000,9999.000,9999.000,9999.000,9999.000,9999.000
202607100042,   0.026,9999.000,9999.000,9999.000,9999.000,9999.000,9999.000,9999.000,9999.000
202607100048,   0.026,9999.000,9999.000,9999.000,9999.000,9999.000,9999.000,9999.000,9999.000
202607100054,   0.026,9999.000,9999.000,9999.000,9999.000,9999.000,9999.000,9999.000,9999.000
202607100100,   0.027,9999.000,   0.400,  -0.004,   0.423,   0.300,   0.323,   0.500,   0.523
202607100106,   0.029,9999.000,9999.000,9999.000,9999.000,9999.000,9999.000,9999.000,9999.000
202607100112,   0.031,9999.000,9999.000,9999.000,9999.000,9999.000,9999.000,9999.000,9999.000
202607100118,   0.033,9999.000,9999.000,9999.000,9999.000,9999.000,9999.000,9999.000,9999.000
202607100124,   0.036,9999.000,9999.000,9999.000,9999.000,9999.000,9999.000,9999.000,9999.000
202607100130,   0.040,9999.000,9999.000,9999.000,9999.000,9999.000,9999.000,9999.000,9999.000
202607100136,   0.044,9999.000,9999.000,9999.000,9999.000,9999.000,9999.000,9999.000,9999.000
202607100142,   0.048,9999.000,9999.000,9999.000,9999.000,9999.000,9999.000,9999.000,9999.000
202607100148,   0.054,9999.000,9999.000,9999.000,9999.000,9999.000,9999.000,9999.000,9999.000
202607100154,   0.060,9999.000,9999.000,9999.000,9999.000,9999.000,9999.000,9999.000,9999.000
202607100200,   0.066,9999.000,   0.400,  -0.004,   0.462,   0.300,   0.362,   0.500,   0.562
202607100206,   0.073,9999.000,9999.000,9999.000,9999.000,9999.000,9999.000,9999.000,9999.000
202607100212,   0.081,9999.000,9999.000,9999.000,9999.000,9999.000,9999.000,9999.000,9999.000
202607100218,   0.089,9999.000,9999.000,9999.000,9999.000,9999.000,9999.000,9999.000,9999.000
202607100224,   0.098,9999.000,9999.000,9999.000,9999.000,9999.000,9999.000,9999.000,9999.000
202607100230,   0.108,9999.000,9999.000,9999.000,9999.000,9999.000,9999.000,9999.000,9999.000
202607100236,   0.119,9999.000,9999.000,9999.000,9999.000,9999.000,9999.000,9999.000,9999.000
202607100242,   0.130,9999.000,9999.000,9999.000,9999.000,9999.000,9999.000,9999.000,9999.000
202607100248,   0.142,9999.000,9999.000,9999.000,9999.000,9999.000,9999.000,9999.000,9999.000
202607100254,   0.154,9999.000,9999.000,9999.000,9999.000,9999.000,9999.000,9999.000,9999.000
202607100300,   0.167,9999.000,   0.400,  -0.004,   0.563,   0.300,   0.463,   0.500,   0.663
202607100306,   0.181,9999.000,9999.000,9999.000,9999.000,9999.000,9999.000,9999.000,9999.000
202607100312,   0.195,9999.000,9999.000,9999.000,9999.000,9999.000,9999.000,9999.000,9999.000
202607100318,   0.211,9999.000,9999.000,9999.000,9999.000,9999.000,9999.000,9999.000,9999.000
202607100324,   0.226,9999.000,9999.000,9999.000,9999.000,9999.000,9999.000,9999.000,9999.000
202607100330,   0.242,9999.000,9999.000,9999.000,9999.000,9999.000,9999.000,9999.000,9999.000
202607100336,   0.259,9999.000,9999.000,9999.000,9999.000,9999.000,9999.000,9999.000,9999.000
202607100342,   0.276,9999.000,9999.000,9999.000,9999.000,9999.000,9999.000,9999.000,9999.000
202607100348,   0.294,9999.000,9999.000,9999.000,9999.000,9999.000,9999.000,9999.000,9999.000
202607100354,   0.312,9999.000,9999.000,9999.000,9999.000,9999.000,9999.000,9999.000,9999.000
202607100400,   0.330,9999.000,   0.400,  -0.004,   0.726,   0.300,   0.626,   0.500,   0.826
202607100406,   0.349,9999.000,9999.000,9999.000,9999.000,9999.000,9999.000,9999.000,9999.000
202607100412,   0.369,9999.000,9999.000,9999.000,9999.000,9999.000,9999.000,9999.000,9999.000
202607100418,   0.388,9999.000,9999.000,9999.000,9999.000,9999.000,9999.000,9999.000,9999.000
202607100424,   0.408,9999.000,9999.000,9999.000,9999.000,9999.000,9999.000,9999.000,9999.000
202607100430,   0.428,9999.000,9999.000,9999.000,9999.000,9999.000,9999.000,9999.000,9999.000
202607100436,   0.448,9999.000,9999.000,9999.000,9999.000,9999.000,9999.000,9999.000,9999.000
202607100442,   0.469,9999.000,9999.000,9999.000,9999.000,9999.000,9999.000,9999.000,9999.000
202607100448,   0.489,9999.000,9999.000,9999.000,9999.000,9999.000,9999.000,9999.000,9999.000
202607100454,   0.510,9999.000,9999.000,9999.000,9999.000,9999.000,9999.000,9999.000,9999.000
202607100500,   0.530,9999.000,   0.400,  -0.004,   0.926,   0.400,   0.926,   0.500,   1.026
202607100506,   0.551,9999.000,9999.000,9999.000,9999.000,9999.000,9999.000,9999.000,9999.000
202607100512,   0.572,9999.000,9999.000,9999.000,9999.000,9999.000,9999.000,9999.000,9999.000
202607100518,   0.592,9999.000,9999.000,9999.000,9999.000,9999.000,9999.000,9999.000,9999.000
202607100524,   0.613,9999.000,9999.000,9999.000,9999.000,9999.000,9999.000,9999.000,9999.000
202607100530,   0.633,9999.000,9999.000,9999.000,9999.000,9999.000,9999.000,9999.000,9999.000
202607100536,   0.654,9999.000,9999.000,9999.000,9999.000,9999.000,9999.000,9999.000,9999.000
202607100542,   0.674,9999.000,9999.000,9999.000,9999.000,9999.000,9999.000,9999.000,9999.000
202607100548,   0.694,9999.000,9999.000,9999.000,9999.000,9999.000,9999.000,9999.000,9999.000
202607100554,   0.714,9999.000,9999.000,9999.000,9999.000,9999.000,9999.000,9999.000,9999.000
202607100600,   0.733,9999.000,   0.400,  -0.004,   1.129,   0.400,   1.129,   0.500,   1.229
202607100606,   0.753,9999.000,9999.000,9999.000,9999.000,9999.000,9999.000,9999.000,9999.000
202607100612,   0.772,9999.000,9999.000,9999.000,9999.000,9999.000,9999.000,9999.000,9999.000
202607100618,   0.791,9999.000,9999.000,9999.000,9999.000,9999.000,9999.000,9999.000,9999.000
202607100624,   0.810,9999.000,9999.000,9999.000,9999.000,9999.000,9999.000,9999.000,9999.000
202607100630,   0.829,9999.000,9999.000,9999.000,9999.000,9999.000,9999.000,9999.000,9999.000
202607100636,   0.848,9999.000,9999.000,9999.000,9999.000,9999.000,9999.000,9999.000,9999.000
202607100642,   0.866,9999.000,9999.000,9999.000,9999.000,9999.000,9999.000,9999.000,9999.000
202607100648,   0.884,9999.000,9999.000,9999.000,9999.000,9999.000,9999.000,9999.000,9999.000
202607100654,   0.902,9999.000,9999.000,9999.000,9999.000,9999.000,9999.000,9999.000,9999.000
202607100700,   0.920,9999.000,   0.500,  -0.004,   1.416,   0.400,   1.316,   0.500,   1.416
202607100706,   0.938,9999.000,9999.000,9999.000,9999.000,9999.000,9999.000,9999.000,9999.000
202607100712,   0.956,9999.000,9999.000,9999.000,9999.000,9999.000,9999.000,9999.000,9999.000
202607100718,   0.973,9999.000,9999.000,9999.000,9999.000,9999.000,9999.000,9999.000,9999.000
202607100724,   0.991,9999.000,9999.000,9999.000,9999.000,9999.000,9999.000,9999.000,9999.000
202607100730,   1.009,9999.000,9999.000,9999.000,9999.000,9999.000,9999.000,9999.000,9999.000
202607100736,   1.026,9999.000,9999.000,9999.000,9999.000,9999.000,9999.000,9999.000,9999.000
202607100742,   1.044,9999.000,9999.000,9999.000,9999.000,9999.000,9999.000,9999.000,9999.000
202607100748,   1.061,9999.000,9999.000,9999.000,9999.000,9999.000,9999.000,9999.000,9999.000
202607100754,   1.079,9999.000,9999.000,9999.000,9999.000,9999.000,9999.000,9999.000,9999.000
202607100800,   1.096,9999.000,   0.500,  -0.004,   1.592,   0.400,   1.492,   0.500,   1.592
202607100806,   1.114,9999.000,9999.000,9999.000,9999.000,9999.000,9999.000,9999.000,9999.000
202607100812,   1.132,9999.000,9999.000,9999.000,9999.000,9999.000,9999.000,9999.000,9999.000
202607100818,   1.150,9999.000,9999.000,9999.000,9999.000,9999.000,9999.000,9999.000,9999.000
202607100824,   1.168,9999.000,9999.000,9999.000,9999.000,9999.000,9999.000,9999.000,9999.000
202607100830,   1.186,9999.000,9999.000,9999.000,9999.000,9999.000,9999.000,9999.000,9999.000
202607100836,   1.205,9999.000,9999.000,9999.000,9999.000,9999.000,9999.000,9999.000,9999.000
202607100842,   1.223,9999.000,9999.000,9999.000,9999.000,9999.000,9999.000,9999.000,9999.000
202607100848,   1.242,9999.000,9999.000,9999.000,9999.000,9999.000,9999.000,9999.000,9999.000
202607100854,   1.261,9999.000,9999.000,9999.000,9999.000,9999.000,9999.000,9999.000,9999.000
202607100900,   1.280,9999.000,   0.500,  -0.004,   1.776,   0.400,   1.676,   0.500,   1.776
202607100906,   1.299,9999.000,9999.000,9999.000,9999.000,9999.000,9999.000,9999.000,9999.000
202607100912,   1.319,9999.000,9999.000,9999.000,9999.000,9999.000,9999.000,9999.000,9999.000
202607100918,   1.338,9999.000,9999.000,9999.000,9999.000,9999.000,9999.000,9999.000,9999.000
202607100924,   1.358,9999.000,9999.000,9999.000,9999.000,9999.000,9999.000,9999.000,9999.000
202607100930,   1.378,9999.000,9999.000,9999.000,9999.000,9999.000,9999.000,9999.000,9999.000
202607100936,   1.398,9999.000,9999.000,9999.000,9999.000,9999.000,9999.000,9999.000,9999.000
202607100942,   1.418,9999.000,9999.000,9999.000,9999.000,9999.000,9999.000,9999.000,9999.000
202607100948,   1.438,9999.000,9999.000,9999.000,9999.000,9999.000,9999.000,9999.000,9999.000
202607100954,   1.458,9999.000,9999.000,9999.000,9999.000,9999.000,9999.000,9999.000,9999.000
202607101000,   1.478,9999.000,   0.500,  -0.004,   1.974,   0.400,   1.874,   0.500,   1.974
202607101006,   1.498,9999.000,9999.000,9999.000,9999.000,9999.000,9999.000,9999.000,9999.000
202607101012,   1.519,9999.000,9999.000,9999.000,9999.000,9999.000,9999.000,9999.000,9999.000
202607101018,   1.539,9999.000,9999.000,9999.000,9999.000,9999.000,9999.000,9999.000,9999.000
202607101024,   1.559,9999.000,9999.000,9999.000,9999.000,9999.000,9999.000,9999.000,9999.000
202607101030,   1.578,9999.000,9999.000,9999.000,9999.000,9999.000,9999.000,9999.000,9999.000
202607101036,   1.598,9999.000,9999.000,9999.000,9999.000,9999.000,9999.000,9999.000,9999.000
202607101042,   1.617,9999.000,9999.000,9999.000,9999.000,9999.000,9999.000,9999.000,9999.000
202607101048,   1.636,9999.000,9999.000,9999.000,9999.000,9999.000,9999.000,9999.000,9999.000
202607101054,   1.655,9999.000,9999.000,9999.000,9999.000,9999.000,9999.000,9999.000,9999.000
202607101100,   1.673,9999.000,   0.500,  -0.004,   2.169,   0.400,   2.069,   0.500,   2.169
202607101106,   1.691,9999.000,9999.000,9999.000,9999.000,9999.000,9999.000,9999.000,9999.000
202607101112,   1.708,9999.000,9999.000,9999.000,9999.000,9999.000,9999.000,9999.000,9999.000
202607101118,   1.725,9999.000,9999.000,9999.000,9999.000,9999.000,9999.000,9999.000,9999.000
202607101124,   1.741,9999.000,9999.000,9999.000,9999.000,9999.000,9999.000,9999.000,9999.000
202607101130,   1.757,9999.000,9999.000,9999.000,9999.000,9999.000,9999.000,9999.000,9999.000
202607101136,   1.772,9999.000,9999.000,9999.000,9999.000,9999.000,9999.000,9999.000,9999.000
202607101142,   1.786,9999.000,9999.000,9999.000,9999.000,9999.000,9999.000,9999.000,9999.000
202607101148,   1.800,9999.000,9999.000,9999.000,9999.000,9999.000,9999.000,9999.000,9999.000
202607101154,   1.813,9999.000,9999.000,9999.000,9999.000,9999.000,9999.000,9999.000,9999.000
202607101200,   1.825,9999.000,   0.500,  -0.004,   2.321,   0.400,   2.221,   0.500,   2.321
202607101206,   1.837,9999.000,9999.000,9999.000,9999.000,9999.000,9999.000,9999.000,9999.000
202607101212,   1.847,9999.000,9999.000,9999.000,9999.000,9999.000,9999.000,9999.000,9999.000
202607101218,   1.857,9999.000,9999.000,9999.000,9999.000,9999.000,9999.000,9999.000,9999.000
202607101224,   1.866,9999.000,9999.000,9999.000,9999.000,9999.000,9999.000,9999.000,9999.000
202607101230,   1.874,9999.000,9999.000,9999.000,9999.000,9999.000,9999.000,9999.000,9999.000
202607101236,   1.881,9999.000,9999.000,9999.000,9999.000,9999.000,9999.000,9999.000,9999.000
202607101242,   1.887,9999.000,9999.000,9999.000,9999.000,9999.000,9999.000,9999.000,9999.000
202607101248,   1.892,9999.000,9999.000,9999.000,9999.000,9999.000,9999.000,9999.000,9999.000
202607101254,   1.897,9999.000,9999.000,9999.000,9999.000,9999.000,9999.000,9999.000,9999.000
202607101300,   1.900,9999.000,   0.500,  -0.004,   2.396,   0.400,   2.296,   0.500,   2.396
202607101306,   1.902,9999.000,9999.000,9999.000,9999.000,9999.000,9999.000,9999.000,9999.000
202607101312,   1.904,9999.000,9999.000,9999.000,9999.000,9999.000,9999.000,9999.000,9999.000
202607101318,   1.904,9999.000,9999.000,9999.000,9999.000,9999.000,9999.000,9999.000,9999.000
202607101324,   1.904,9999.000,9999.000,9999.000,9999.000,9999.000,9999.000,9999.000,9999.000
202607101330,   1.903,9999.000,9999.000,9999.000,9999.000,9999.000,9999.000,9999.000,9999.000
202607101336,   1.901,9999.000,9999.000,9999.000,9999.000,9999.000,9999.000,9999.000,9999.000
202607101342,   1.898,9999.000,9999.000,9999.000,9999.000,9999.000,9999.000,9999.000,9999.000
202607101348,   1.894,9999.000,9999.000,9999.000,9999.000,9999.000,9999.000,9999.000,9999.000
202607101354,   1.889,9999.000,9999.000,9999.000,9999.000,9999.000,9999.000,9999.000,9999.000
202607101400,   1.883,9999.000,   0.500,  -0.004,   2.379,   0.400,   2.279,   0.500,   2.379
202607101406,   1.877,9999.000,9999.000,9999.000,9999.000,9999.000,9999.000,9999.000,9999.000
202607101412,   1.870,9999.000,9999.000,9999.000,9999.000,9999.000,9999.000,9999.000,9999.000
202607101418,   1.862,9999.000,9999.000,9999.000,9999.000,9999.000,9999.000,9999.000,9999.000
202607101424,   1.853,9999.000,9999.000,9999.000,9999.000,9999.000,9999.000,9999.000,9999.000
202607101430,   1.843,9999.000,9999.000,9999.000,9999.000,9999.000,9999.000,9999.000,9999.000
202607101436,   1.833,9999.000,9999.000,9999.000,9999.000,9999.000,9999.000,9999.000,9999.000
202607101442,   1.822,9999.000,9999.000,9999.000,9999.000,9999.000,9999.000,9999.000,9999.000
202607101448,   1.810,9999.000,9999.000,9999.000,9999.000,9999.000,9999.000,9999.000,9999.000
202607101454,   1.798,9999.000,9999.000,9999.000,9999.000,9999.000,9999.000,9999.000,9999.000
202607101500,   1.785,9999.000,   0.500,  -0.004,   2.281,   0.400,   2.181,   0.500,   2.281
202607101506,   1.772,9999.000,9999.000,9999.000,9999.000,9999.000,9999.000,9999.000,9999.000
202607101512,   1.758,9999.000,9999.000,9999.000,9999.000,9999.000,9999.000,9999.000,9999.000
202607101518,   1.743,9999.000,9999.000,9999.000,9999.000,9999.000,9999.000,9999.000,9999.000
202607101524,   1.728,9999.000,9999.000,9999.000,9999.000,9999.000,9999.000,9999.000,9999.000
202607101530,   1.712,9999.000,9999.000,9999.000,9999.000,9999.000,9999.000,9999.000,9999.000
202607101536,   1.695,9999.000,9999.000,9999.000,9999.000,9999.000,9999.000,9999.000,9999.000
202607101542,   1.678,9999.000,9999.000,9999.000,9999.000,9999.000,9999.000,9999.000,9999.000
202607101548,   1.661,9999.000,9999.000,9999.000,9999.000,9999.000,9999.000,9999.000,9999.000
202607101554,   1.643,9999.000,9999.000,9999.000,9999.000,9999.000,9999.000,9999.000,9999.000
202607101600,   1.625,9999.000,   0.500,  -0.004,   2.121,   0.400,   2.021,   0.500,   2.121
202607101606,   1.606,9999.000,9999.000,9999.000,9999.000,9999.000,9999.000,9999.000,9999.000
202607101612,   1.586,9999.000,9999.000,9999.000,9999.000,9999.000,9999.000,9999.000,9999.000
202607101618,   1.567,9999.000,9999.000,9999.000,9999.000,9999.000,9999.000,9999.000,9999.000
202607101624,   1.546,9999.000,9999.000,9999.000,9999.000,9999.000,9999.000,9999.000,9999.000
202607101630,   1.526,9999.000,9999.000,9999.000,9999.000,9999.000,9999.000,9999.000,9999.000
202607101636,   1.504,9999.000,9999.000,9999.000,9999.000,9999.000,9999.000,9999.000,9999.000
202607101642,   1.483,9999.000,9999.000,9999.000,9999.000,9999.000,9999.000,9999.000,9999.000
202607101648,   1.461,9999.000,9999.000,9999.000,9999.000,9999.000,9999.000,9999.000,9999.000
202607101654,   1.438,9999.000,9999.000,9999.000,9999.000,9999.000,9999.000,9999.000,9999.000
202607101700,   1.415,9999.000,   0.500,  -0.004,   1.911,   0.400,   1.811,   0.500,   1.911
202607101706,   1.392,9999.000,9999.000,9999.000,9999.000,9999.000,9999.000,9999.000,9999.000
202607101712,   1.368,9999.000,9999.000,9999.000,9999.000,9999.000,9999.000,9999.000,9999.000
202607101718,   1.344,9999.000,9999.000,9999.000,9999.000,9999.000,9999.000,9999.000,9999.000
202607101724,   1.320,9999.000,9999.000,9999.000,9999.000,9999.000,9999.000,9999.000,9999.000
202607101730,   1.295,9999.000,9999.000,9999.000,9999.000,9999.000,9999.000,9999.000,9999.000
202607101736,   1.269,9999.000,9999.000,9999.000,9999.000,9999.000,9999.000,9999.000,9999.000
202607101742,   1.244,9999.000,9999.000,9999.000,9999.000,9999.000,9999.000,9999.000,9999.000
202607101748,   1.218,9999.000,9999.000,9999.000,9999.000,9999.000,9999.000,9999.000,9999.000
202607101754,   1.191,9999.000,9999.000,9999.000,9999.000,9999.000,9999.000,9999.000,9999.000
202607101800,   1.165,9999.000,   0.500,  -0.004,   1.661,   0.400,   1.561,   0.500,   1.661
202607101806,   1.138,9999.000,9999.000,9999.000,9999.000,9999.000,9999.000,9999.000,9999.000
202607101812,   1.111,9999.000,9999.000,9999.000,9999.000,9999.000,9999.000,9999.000,9999.000
202607101818,   1.083,9999.000,9999.000,9999.000,9999.000,9999.000,9999.000,9999.000,9999.000
202607101824,   1.055,9999.000,9999.000,9999.000,9999.000,9999.000,9999.000,9999.000,9999.000
202607101830,   1.027,9999.000,9999.000,9999.000,9999.000,9999.000,9999.000,9999.000,9999.000
202607101836,   0.999,9999.000,9999.000,9999.000,9999.000,9999.000,9999.000,9999.000,9999.000
202607101842,   0.971,9999.000,9999.000,9999.000,9999.000,9999.000,9999.000,9999.000,9999.000
202607101848,   0.942,9999.000,9999.000,9999.000,9999.000,9999.000,9999.000,9999.000,9999.000
202607101854,   0.914,9999.000,9999.000,9999.000,9999.000,9999.000,9999.000,9999.000,9999.000
202607101900,   0.885,9999.000,   0.400,  -0.004,   1.281,   0.400,   1.281,   0.500,   1.381
202607101906,   0.856,9999.000,9999.000,9999.000,9999.000,9999.000,9999.000,9999.000,9999.000
202607101912,   0.827,9999.000,9999.000,9999.000,9999.000,9999.000,9999.000,9999.000,9999.000
202607101918,   0.799,9999.000,9999.000,9999.000,9999.000,9999.000,9999.000,9999.000,9999.000
202607101924,   0.770,9999.000,9999.000,9999.000,9999.000,9999.000,9999.000,9999.000,9999.000
202607101930,   0.741,9999.000,9999.000,9999.000,9999.000,9999.000,9999.000,9999.000,9999.000
202607101936,   0.713,9999.000,9999.000,9999.000,9999.000,9999.000,9999.000,9999.000,9999.000
202607101942,   0.684,9999.000,9999.000,9999.000,9999.000,9999.000,9999.000,9999.000,9999.000
202607101948,   0.656,9999.000,9999.000,9999.000,9999.000,9999.000,9999.000,9999.000,9999.000
202607101954,   0.628,9999.000,9999.000,9999.000,9999.000,9999.000,9999.000,9999.000,9999.000
202607102000,   0.600,9999.000,   0.500,  -0.004,   1.096,   0.400,   0.996,   0.500,   1.096
202607102006,   0.572,9999.000,9999.000,9999.000,9999.000,9999.000,9999.000,9999.000,9999.000
202607102012,   0.545,9999.000,9999.000,9999.000,9999.000,9999.000,9999.000,9999.000,9999.000
202607102018,   0.518,9999.000,9999.000,9999.000,9999.000,9999.000,9999.000,9999.000,9999.000
202607102024,   0.491,9999.000,9999.000,9999.000,9999.000,9999.000,9999.000,9999.000,9999.000
202607102030,   0.465,9999.000,9999.000,9999.000,9999.000,9999.000,9999.000,9999.000,9999.000
202607102036,   0.439,9999.000,9999.000,9999.000,9999.000,9999.000,9999.000,9999.000,9999.000
202607102042,   0.413,9999.000,9999.000,9999.000,9999.000,9999.000,9999.000,9999.000,9999.000
202607102048,   0.388,9999.000,9999.000,9999.000,9999.000,9999.000,9999.000,9999.000,9999.000
202607102054,   0.363,9999.000,9999.000,9999.000,9999.000,9999.000,9999.000,9999.000,9999.000
202607102100,   0.339,9999.000,   0.500,  -0.004,   0.835,   0.400,   0.735,   0.600,   0.935
202607102106,   0.316,9999.000,9999.000,9999.000,9999.000,9999.000,9999.000,9999.000,9999.000
202607102112,   0.292,9999.000,9999.000,9999.000,9999.000,9999.000,9999.000,9999.000,9999.000
202607102118,   0.270,9999.000,9999.000,9999.000,9999.000,9999.000,9999.000,9999.000,9999.000
202607102124,   0.247,9999.000,9999.000,9999.000,9999.000,9999.000,9999.000,9999.000,9999.000
202607102130,   0.226,9999.000,9999.000,9999.000,9999.000,9999.000,9999.000,9999.000,9999.000
202607102136,   0.205,9999.000,9999.000,9999.000,9999.000,9999.000,9999.000,9999.000,9999.000
202607102142,   0.184,9999.000,9999.000,9999.000,9999.000,9999.000,9999.000,9999.000,9999.000
202607102148,   0.164,9999.000,9999.000,9999.000,9999.000,9999.000,9999.000,9999.000,9999.000
202607102154,   0.144,9999.000,9999.000,9999.000,9999.000,9999.000,9999.000,9999.000,9999.000
202607102200,   0.125,9999.000,   0.500,  -0.004,   0.621,   0.400,   0.521,   0.600,   0.721
202607102206,   0.107,9999.000,9999.000,9999.000,9999.000,9999.000,9999.000,9999.000,9999.000
202607102212,   0.089,9999.000,9999.000,9999.000,9999.000,9999.000,9999.000,9999.000,9999.000
202607102218,   0.071,9999.000,9999.000,9999.000,9999.000,9999.000,9999.000,9999.000,9999.000
202607102224,   0.054,9999.000,9999.000,9999.000,9999.000,9999.000,9999.000,9999.000,9999.000
202607102230,   0.038,9999.000,9999.000,9999.000,9999.000,9999.000,9999.000,9999.000,9999.000
202607102236,   0.022,9999.000,9999.000,9999.000,9999.000,9999.000,9999.000,9999.000,9999.000
202607102242,   0.006,9999.000,9999.000,9999.000,9999.000,9999.000,9999.000,9999.000,9999.000
202607102248,  -0.008,9999.000,9999.000,9999.000,9999.000,9999.000,9999.000,9999.000,9999.000
202607102254,  -0.023,9999.000,9999.000,9999.000,9999.000,9999.000,9999.000,9999.000,9999.000
202607102300,  -0.037,9999.000,   0.500,  -0.004,   0.459,   0.400,   0.359,   0.600,   0.559
202607102306,  -0.051,9999.000,9999.000,9999.000,9999.000,9999.000,9999.000,9999.000,9999.000
202607102312,  -0.065,9999.000,9999.000,9999.000,9999.000,9999.000,9999.000,9999.000,9999.000
202607102318,  -0.078,9999.000,9999.000,9999.000,9999.000,9999.000,9999.000,9999.000,9999.000
202607102324,  -0.091,9999.000,9999.000,9999.000,9999.000,9999.000,9999.000,9999.000,9999.000
202607102330,  -0.103,9999.000,9999.000,9999.000,9999.000,9999.000,9999.000,9999.000,9999.000
202607102336,  -0.115,9999.000,9999.000,9999.000,9999.000,9999.000,9999.000,9999.000,9999.000
202607102342,  -0.127,9999.000,9999.000,9999.000,9999.000,9999.000,9999.000,9999.000,9999.000
202607102348,  -0.138,9999.000,9999.000,9999.000,9999.000,9999.000,9999.000,9999.000,9999.000
202607102354,  -0.149,9999.000,9999.000,9999.000,9999.000,9999.000,9999.000,9999.000,9999.000
202607110000,  -0.160,9999.000,   0.500,  -0.004,   0.336,   0.400,   0.236,   0.600,   0.436
202607110006,  -0.170,9999.000,9999.000,9999.000,9999.000,9999.000,9999.000,9999.000,9999.000
202607110012,  -0.180,9999.000,9999.000,9999.000,9999.000,9999.000,9999.000,9999.000,9999.000
202607110018,  -0.189,9999.000,9999.000,9999.000,9999.000,9999.000,9999.000,9999.000,9999.000
202607110024,  -0.198,9999.000,9999.000,9999.000,9999.000,9999.000,9999.000,9999.000,9999.000
202607110030,  -0.207,9999.000,9999.000,9999.000,9999.000,9999.000,9999.000,9999.000,9999.000
202607110036,  -0.215,9999.000,9999.000,9999.000,9999.000,9999.000,9999.000,9999.000,9999.000
202607110042,  -0.223,9999.000,9999.000,9999.000,9999.000,9999.000,9999.000,9999.000,9999.000
202607110048,  -0.230,9999.000,9999.000,9999.000,9999.000,9999.000,9999.000,9999.000,9999.000
202607110054,  -0.237,9999.000,9999.000,9999.000,9999.000,9999.000,9999.000,9999.000,9999.000
202607110100,  -0.243,9999.000,   0.500,  -0.004,   0.253,   0.400,   0.153,   0.600,   0.353
202607110106,  -0.249,9999.000,9999.000,9999.000,9999.000,9999.000,9999.000,9999.000,9999.000
202607110112,  -0.254,9999.000,9999.000,9999.000,9999.000,9999.000,9999.000,9999.000,9999.000
202607110118,  -0.259,9999.000,9999.000,9999.000,9999.000,9999.000,9999.000,9999.000,9999.000
202607110124,  -0.263,9999.000,9999.000,9999.000,9999.000,9999.000,9999.000,9999.000,9999.000
202607110130,  -0.266,9999.000,9999.000,9999.000,9999.000,9999.000,9999.000,9999.000,9999.000
202607110136,  -0.269,9999.000,9999.000,9999.000,9999.000,9999.000,9999.000,9999.000,9999.000
202607110142,  -0.271,9999.000,9999.000,9999.000,9999.000,9999.000,9999.000,9999.000,9999.000
202607110148,  -0.272,9999.000,9999.000,9999.000,9999.000,9999.000,9999.000,9999.000,9999.000
202607110154,  -0.272,9999.000,9999.000,9999.000,9999.000,9999.000,9999.000,9999.000,9999.000
202607110200,  -0.272,9999.000,   0.500,  -0.004,   0.224,   0.400,   0.124,   0.600,   0.324
202607110206,  -0.271,9999.000,9999.000,9999.000,9999.000,9999.000,9999.000,9999.000,9999.000
202607110212,  -0.269,9999.000,9999.000,9999.000,9999.000,9999.000,9999.000,9999.000,9999.000
202607110218,  -0.266,9999.000,9999.000,9999.000,9999.000,9999.000,9999.000,9999.000,9999.000
202607110224,  -0.262,9999.000,9999.000,9999.000,9999.000,9999.000,9999.000,9999.000,9999.000
202607110230,  -0.257,9999.000,9999.000,9999.000,9999.000,9999.000,9999.000,9999.000,9999.000
202607110236,  -0.252,9999.000,9999.000,9999.000,9999.000,9999.000,9999.000,9999.000,9999.000
202607110242,  -0.245,9999.000,9999.000,9999.000,9999.000,9999.000,9999.000,9999.000,9999.000
202607110248,  -0.237,9999.000,9999.000,9999.000,9999.000,9999.000,9999.000,9999.000,9999.000
202607110254,  -0.229,9999.000,9999.000,9999.000,9999.000,9999.000,9999.000,9999.000,9999.000
202607110300,  -0.219,9999.000,   0.500,  -0.004,   0.277,   0.400,   0.177,   0.600,   0.377
202607110306,  -0.209,9999.000,9999.000,9999.000,9999.000,9999.000,9999.000,9999.000,9999.000
202607110312,  -0.197,9999.000,9999.000,9999.000,9999.000,9999.000,9999.000,9999.000,9999.000
202607110318,  -0.184,9999.000,9999.000,9999.000,9999.000,9999.000,9999.000,9999.000,9999.000
202607110324,  -0.171,9999.000,9999.000,9999.000,9999.000,9999.000,9999.000,9999.000,9999.000
202607110330,  -0.156,9999.000,9999.000,9999.000,9999.000,9999.000,9999.000,9999.000,9999.000
202607110336,  -0.141,9999.000,9999.000,9999.000,9999.000,9999.000,9999.000,9999.000,9999.000
202607110342,  -0.124,9999.000,9999.000,9999.000,9999.000,9999.000,9999.000,9999.000,9999.000
202607110348,  -0.107,9999.000,9999.000,9999.000,9999.000,9999.000,9999.000,9999.000,9999.000
202607110354,  -0.088,9999.000,9999.000,9999.000,9999.000,9999.000,9999.000,9999.000,9999.000
202607110400,  -0.069,9999.000,   0.500,  -0.004,   0.427,   0.400,   0.327,   0.600,   0.527
202607110406,  -0.049,9999.000,9999.000,9999.000,9999.000,9999.000,9999.000,9999.000,9999.000
202607110412,  -0.028,9999.000,9999.000,9999.000,9999.000,9999.000,9999.000,9999.000,9999.000
202607110418,  -0.007,9999.000,9999.000,9999.000,9999.000,9999.000,9999.000,9999.000,9999.000
202607110424,   0.015,9999.000,9999.000,9999.000,9999.000,9999.000,9999.000,9999.000,9999.000
202607110430,   0.038,9999.000,9999.000,9999.000,9999.000,9999.000,9999.000,9999.000,9999.000
202607110436,   0.062,9999.000,9999.000,9999.000,9999.000,9999.000,9999.000,9999.000,9999.000
202607110442,   0.086,9999.000,9999.000,9999.000,9999.000,9999.000,9999.000,9999.000,9999.000
202607110448,   0.111,9999.000,9999.000,9999.000,9999.000,9999.000,9999.000,9999.000,9999.000
202607110454,   0.137,9999.000,9999.000,9999.000,9999.000,9999.000,9999.000,9999.000,9999.000
202607110500,   0.163,9999.000,   0.500,  -0.004,   0.659,   0.400,   0.559,   0.600,   0.759
202607110506,   0.189,9999.000,9999.000,9999.000,9999.000,9999.000,9999.000,9999.000,9999.000
202607110512,   0.216,9999.000,9999.000,9999.000,9999.000,9999.000,9999.000,9999.000,9999.000
202607110518,   0.243,9999.000,9999.000,9999.000,9999.000,9999.000,9999.000,9999.000,9999.000
202607110524,   0.270,9999.000,9999.000,9999.000,9999.000,9999.000,9999.000,9999.000,9999.000
202607110530,   0.297,9999.000,9999.000,9999.000,9999.000,9999.000,9999.000,9999.000,9999.000
202607110536,   0.325,9999.000,9999.000,9999.000,9999.000,9999.000,9999.000,9999.000,9999.000
202607110542,   0.353,9999.000,9999.000,9999.000,9999.000,9999.000,9999.000,9999.000,9999.000
202607110548,   0.381,9999.000,9999.000,9999.000,9999.000,9999.000,9999.000,9999.000,9999.000
202607110554,   0.409,9999.000,9999.000,9999.000,9999.000,9999.000,9999.000,9999.000,9999.000
202607110600,   0.436,9999.000,   0.500,  -0.004,   0.932,   0.400,   0.832,   0.600,   1.032
