        TIME,    TIDE,      OB,   SURGE,    BIAS,     TWL,SURGE90p,  TWL90p,SURGE10p,   TWL10p
202607271200,   2.254,9999.000,   0.900,9999.000,   3.154,   0.900,   3.154,   0.900,   3.154
202607271206,   2.247,9999.000,9999.000,9999.000,9999.000,9999.000,9999.000,9999.000,9999.000
202607271212,   2.238,9999.000,9999.000,9999.000,9999.000,9999.000,9999.000,9999.000,9999.000
202607271218,   2.226,9999.000,9999.000,9999.000,9999.000,9999.000,9999.000,9999.000,9999.000
202607271224,   2.212,9999.000,9999.000,9999.000,9999.000,9999.000,9999.000,9999.000,9999.000
202607271230,   2.196,9999.000,9999.000,9999.000,9999.000,9999.000,9999.000,9999.000,9999.000
202607271236,   2.177,9999.000,9999.000,9999.000,9999.000,9999.000,9999.000,9999.000,9999.000
202607271242,   2.155,9999.000,9999.000,9999.000,9999.000,9999.000,9999.000,9999.000,9999.000
202607271248,   2.131,9999.000,9999.000,9999.000,9999.000,9999.000,9999.000,9999.000,9999.000
202607271254,   2.105,9999.000,9999.000,9999.000,9999.000,9999.000,9999.000,9999.000,9999.000
202607271300,   2.076,   2.689,   0.900,  -0.287,   2.689,   0.900,   2.689,   0.900,   2.689
202607271306,   2.045,   2.699,9999.000,9999.000,9999.000,9999.000,9999.000,9999.000,9999.000
202607271312,   2.011,   2.689,9999.000,9999.000,9999.000,9999.000,9999.000,9999.000,9999.000
202607271318,   1.975,   2.650,9999.000,9999.000,9999.000,9999.000,9999.000,9999.000,9999.000
202607271324,   1.937,   2.597,9999.000,9999.000,9999.000,9999.000,9999.000,9999.000,9999.000
202607271330,   1.897,   2.519,9999.000,9999.000,9999.000,9999.000,9999.000,9999.000,9999.000
202607271336,   1.856,   2.479,9999.000,9999.000,9999.000,9999.000,9999.000,9999.000,9999.000
202607271342,   1.812,   2.489,9999.000,9999.000,9999.000,9999.000,9999.000,9999.000,9999.000
202607271348,   1.766,   2.489,9999.000,9999.000,9999.000,9999.000,9999.000,9999.000,9999.000
202607271354,   1.719,   2.440,9999.000,9999.000,9999.000,9999.000,9999.000,9999.000,9999.000
202607271400,   1.671,   2.338,   0.900,  -0.233,   2.338,   0.800,   2.238,   0.900,   2.338
202607271406,   1.621,   2.328,9999.000,9999.000,9999.000,9999.000,9999.000,9999.000,9999.000
202607271412,   1.570,   2.338,9999.000,9999.000,9999.000,9999.000,9999.000,9999.000,9999.000
202607271418,   1.519,   2.250,9999.000,9999.000,9999.000,9999.000,9999.000,9999.000,9999.000
202607271424,   1.466,   2.138,9999.000,9999.000,9999.000,9999.000,9999.000,9999.000,9999.000
202607271430,   1.414,   2.109,9999.000,9999.000,9999.000,9999.000,9999.000,9999.000,9999.000
202607271436,   1.361,   2.099,9999.000,9999.000,9999.000,9999.000,9999.000,9999.000,9999.000
202607271442,   1.307,   2.010,9999.000,9999.000,9999.000,9999.000,9999.000,9999.000,9999.000
202607271448,   1.254,   1.981,9999.000,9999.000,9999.000,9999.000,9999.000,9999.000,9999.000
202607271454,   1.201,   1.938,9999.000,9999.000,9999.000,9999.000,9999.000,9999.000,9999.000
202607271500,   1.149,   1.899,   0.900,  -0.150,   1.899,   0.800,   1.799,   0.900,   1.899
202607271506,   1.097,   1.849,9999.000,9999.000,9999.000,9999.000,9999.000,9999.000,9999.000
202607271512,   1.047,   1.800,9999.000,9999.000,9999.000,9999.000,9999.000,9999.000,9999.000
202607271518,   0.997,   1.738,9999.000,9999.000,9999.000,9999.000,9999.000,9999.000,9999.000
202607271524,   0.948,   1.699,9999.000,9999.000,9999.000,9999.000,9999.000,9999.000,9999.000
202607271530,   0.901,   1.639,9999.000,9999.000,9999.000,9999.000,9999.000,9999.000,9999.000
202607271536,   0.856,   1.600,9999.000,9999.000,9999.000,9999.000,9999.000,9999.000,9999.000
202607271542,   0.812,   1.548,9999.000,9999.000,9999.000,9999.000,9999.000,9999.000,9999.000
202607271548,   0.770,   1.489,9999.000,9999.000,9999.000,9999.000,9999.000,9999.000,9999.000
202607271554,   0.730,   1.489,9999.000,9999.000,9999.000,9999.000,9999.000,9999.000,9999.000
202607271600,   0.693,   1.420,   0.900,  -0.173,   1.420,   0.800,   1.320,   0.900,   1.420
202607271606,   0.657,   1.348,9999.000,9999.000,9999.000,9999.000,9999.000,9999.000,9999.000
202607271612,   0.624,   1.390,9999.000,9999.000,9999.000,9999.000,9999.000,9999.000,9999.000
202607271618,   0.593,   1.338,9999.000,9999.000,9999.000,9999.000,9999.000,9999.000,9999.000
202607271624,   0.565,   1.259,9999.000,9999.000,9999.000,9999.000,9999.000,9999.000,9999.000
202607271630,   0.540,   1.239,9999.000,9999.000,9999.000,9999.000,9999.000,9999.000,9999.000
202607271636,   0.517,   1.200,9999.000,9999.000,9999.000,9999.000,9999.000,9999.000,9999.000
202607271642,   0.497,   1.200,9999.000,9999.000,9999.000,9999.000,9999.000,9999.000,9999.000
202607271648,   0.480,   1.229,9999.000,9999.000,9999.000,9999.000,9999.000,9999.000,9999.000
202607271654,   0.465,   1.180,9999.000,9999.000,9999.000,9999.000,9999.000,9999.000,9999.000
202607271700,   0.454,   1.151,   0.900,  -0.203,   1.151,   0.800,   1.051,   0.900,   1.151
202607271706,   0.445,   1.108,9999.000,9999.000,9999.000,9999.000,9999.000,9999.000,9999.000
202607271712,   0.439,   1.098,9999.000,9999.000,9999.000,9999.000,9999.000,9999.000,9999.000
202607271718,   0.437,   1.138,9999.000,9999.000,9999.000,9999.000,9999.000,9999.000,9999.000
202607271724,   0.437,   1.161,9999.000,9999.000,9999.000,9999.000,9999.000,9999.000,9999.000
202607271730,   0.440,   1.088,9999.000,9999.000,9999.000,9999.000,9999.000,9999.000,9999.000
202607271736,   0.446,   1.138,9999.000,9999.000,9999.000,9999.000,9999.000,9999.000,9999.000
202607271742,   0.455,   1.088,9999.000,9999.000,9999.000,9999.000,9999.000,9999.000,9999.000
202607271748,   0.467,   1.079,9999.000,9999.000,9999.000,9999.000,9999.000,9999.000,9999.000
202607271754,   0.481,   1.161,9999.000,9999.000,9999.000,9999.000,9999.000,9999.000,9999.000
202607271800,   0.499,   1.180,   0.900,  -0.219,   1.180,   0.800,   1.080,   0.900,   1.180
202607271806,   0.519,   1.138,9999.000,9999.000,9999.000,9999.000,9999.000,9999.000,9999.000
202607271812,   0.542,   1.180,9999.000,9999.000,9999.000,9999.000,9999.000,9999.000,9999.000
202607271818,   0.568,   1.249,9999.000,9999.000,9999.000,9999.000,9999.000,9999.000,9999.000
202607271824,   0.596,   1.239,9999.000,9999.000,9999.000,9999.000,9999.000,9999.000,9999.000
202607271830,   0.627,   1.308,9999.000,9999.000,9999.000,9999.000,9999.000,9999.000,9999.000
202607271836,   0.660,   1.318,9999.000,9999.000,9999.000,9999.000,9999.000,9999.000,9999.000
202607271842,   0.696,   1.348,9999.000,9999.000,9999.000,9999.000,9999.000,9999.000,9999.000
202607271848,   0.734,   1.538,9999.000,9999.000,9999.000,9999.000,9999.000,9999.000,9999.000
202607271854,   0.775,   1.620,9999.000,9999.000,9999.000,9999.000,9999.000,9999.000,9999.000
202607271900,   0.817,   1.918,   0.900,   0.201,   1.918,   0.800,   1.818,   0.900,   1.918
202607271906,   0.862,   1.679,9999.000,9999.000,9999.000,9999.000,9999.000,9999.000,9999.000
202607271912,   0.909,   1.571,9999.000,9999.000,9999.000,9999.000,9999.000,9999.000,9999.000
202607271918,   0.957,   1.600,9999.000,9999.000,9999.000,9999.000,9999.000,9999.000,9999.000
202607271924,   1.007,   1.728,9999.000,9999.000,9999.000,9999.000,9999.000,9999.000,9999.000
202607271930,   1.059,   1.728,9999.000,9999.000,9999.000,9999.000,9999.000,9999.000,9999.000
202607271936,   1.112,   1.800,9999.000,9999.000,9999.000,9999.000,9999.000,9999.000,9999.000
202607271942,   1.167,   1.879,9999.000,9999.000,9999.000,9999.000,9999.000,9999.000,9999.000
202607271948,   1.223,   1.928,9999.000,9999.000,9999.000,9999.000,9999.000,9999.000,9999.000
202607271954,   1.279,   1.918,9999.000,9999.000,9999.000,9999.000,9999.000,9999.000,9999.000
202607272000,   1.337,   1.981,   0.900,  -0.256,   1.981,   0.800,   1.881,   0.900,   1.981
202607272006,   1.396,   2.079,9999.000,9999.000,9999.000,9999.000,9999.000,9999.000,9999.000
202607272012,   1.455,   2.109,9999.000,9999.000,9999.000,9999.000,9999.000,9999.000,9999.000
202607272018,   1.515,   2.118,9999.000,9999.000,9999.000,9999.000,9999.000,9999.000,9999.000
202607272024,   1.574,   2.200,9999.000,9999.000,9999.000,9999.000,9999.000,9999.000,9999.000
202607272030,   1.635,   2.309,9999.000,9999.000,9999.000,9999.000,9999.000,9999.000,9999.000
202607272036,   1.695,   2.377,9999.000,9999.000,9999.000,9999.000,9999.000,9999.000,9999.000
202607272042,   1.755,   2.440,9999.000,9999.000,9999.000,9999.000,9999.000,9999.000,9999.000
202607272048,   1.815,   2.469,9999.000,9999.000,9999.000,9999.000,9999.000,9999.000,9999.000
202607272054,   1.875,   2.528,9999.000,9999.000,9999.000,9999.000,9999.000,9999.000,9999.000
202607272100,   1.934,   2.630,   0.900,  -0.204,   2.630,   0.800,   2.530,   0.900,   2.630
202607272106,   1.993,   2.660,9999.000,9999.000,9999.000,9999.000,9999.000,9999.000,9999.000
202607272112,   2.050,   2.758,9999.000,9999.000,9999.000,9999.000,9999.000,9999.000,9999.000
202607272118,   2.108,   2.748,9999.000,9999.000,9999.000,9999.000,9999.000,9999.000,9999.000
202607272124,   2.164,   2.787,9999.000,9999.000,9999.000,9999.000,9999.000,9999.000,9999.000
202607272130,   2.219,   2.869,9999.000,9999.000,9999.000,9999.000,9999.000,9999.000,9999.000
202607272136,   2.274,   2.997,9999.000,9999.000,9999.000,9999.000,9999.000,9999.000,9999.000
202607272142,   2.327,   2.997,9999.000,9999.000,9999.000,9999.000,9999.000,9999.000,9999.000
202607272148,   2.379,   3.040,9999.000,9999.000,9999.000,9999.000,9999.000,9999.000,9999.000
202607272154,   2.430,   3.050,9999.000,9999.000,9999.000,9999.000,9999.000,9999.000,9999.000
202607272200,   2.479,   3.138,   0.800,  -0.141,   3.138,   0.800,   3.138,   0.900,   3.238
202607272206,   2.527,   3.178,9999.000,9999.000,9999.000,9999.000,9999.000,9999.000,9999.000
202607272212,   2.574,   3.260,9999.000,9999.000,9999.000,9999.000,9999.000,9999.000,9999.000
202607272218,   2.619,   3.279,9999.000,9999.000,9999.000,9999.000,9999.000,9999.000,9999.000
202607272224,   2.663,   3.329,9999.000,9999.000,9999.000,9999.000,9999.000,9999.000,9999.000
202607272230,   2.705,   3.427,9999.000,9999.000,9999.000,9999.000,9999.000,9999.000,9999.000
202607272236,   2.745,   3.470,9999.000,9999.000,9999.000,9999.000,9999.000,9999.000,9999.000
202607272242,   2.784,   3.470,9999.000,9999.000,9999.000,9999.000,9999.000,9999.000,9999.000
202607272248,   2.822,   3.539,9999.000,9999.000,9999.000,9999.000,9999.000,9999.000,9999.000
202607272254,   2.857,   3.637,9999.000,9999.000,9999.000,9999.000,9999.000,9999.000,9999.000
202607272300,   2.891,   3.650,   0.800,  -0.041,   3.650,   0.800,   3.650,   0.900,   3.750
202607272306,   2.923,   3.650,9999.000,9999.000,9999.000,9999.000,9999.000,9999.000,9999.000
202607272312,   2.953,   3.650,9999.000,9999.000,9999.000,9999.000,9999.000,9999.000,9999.000
202607272318,   2.982,   3.729,9999.000,9999.000,9999.000,9999.000,9999.000,9999.000,9999.000
202607272324,   3.008,   3.719,9999.000,9999.000,9999.000,9999.000,9999.000,9999.000,9999.000
202607272330,   3.032,   3.860,9999.000,9999.000,9999.000,9999.000,9999.000,9999.000,9999.000
202607272336,   3.054,   3.798,9999.000,9999.000,9999.000,9999.000,9999.000,9999.000,9999.000
202607272342,   3.074,   3.817,9999.000,9999.000,9999.000,9999.000,9999.000,9999.000,9999.000
202607272348,   3.092,   3.827,9999.000,9999.000,9999.000,9999.000,9999.000,9999.000,9999.000
202607272354,   3.107,   3.919,9999.000,9999.000,9999.000,9999.000,9999.000,9999.000,9999.000
202607280000,   3.120,   3.909,   0.800,  -0.011,   3.909,   0.800,   3.909,   0.800,   3.909
202607280006,   3.131,   3.870,9999.000,9999.000,9999.000,9999.000,9999.000,9999.000,9999.000
202607280012,   3.139,   3.880,9999.000,9999.000,9999.000,9999.000,9999.000,9999.000,9999.000
202607280018,   3.144,   3.909,9999.000,9999.000,9999.000,9999.000,9999.000,9999.000,9999.000
202607280024,   3.147,   4.008,9999.000,9999.000,9999.000,9999.000,9999.000,9999.000,9999.000
202607280030,   3.146,   3.939,9999.000,9999.000,9999.000,9999.000,9999.000,9999.000,9999.000
202607280036,   3.143,   3.939,9999.000,9999.000,9999.000,9999.000,9999.000,9999.000,9999.000
202607280042,   3.137,   3.958,9999.000,9999.000,9999.000,9999.000,9999.000,9999.000,9999.000
202607280048,   3.128,   3.939,9999.000,9999.000,9999.000,9999.000,9999.000,9999.000,9999.000
202607280054,   3.116,   3.929,9999.000,9999.000,9999.000,9999.000,9999.000,9999.000,9999.000
202607280100,   3.101,   3.880,   0.800,  -0.021,   3.880,   0.700,   3.780,   0.800,   3.880
202607280106,   3.083,   3.880,9999.000,9999.000,9999.000,9999.000,9999.000,9999.000,9999.000
202607280112,   3.062,   3.968,9999.000,9999.000,9999.000,9999.000,9999.000,9999.000,9999.000
202607280118,   3.037,   3.919,9999.000,9999.000,9999.000,9999.000,9999.000,9999.000,9999.000
202607280124,   3.010,   3.847,9999.000,9999.000,9999.000,9999.000,9999.000,9999.000,9999.000
202607280130,   2.979,   3.827,9999.000,9999.000,9999.000,9999.000,9999.000,9999.000,9999.000
202607280136,   2.945,   3.808,9999.000,9999.000,9999.000,9999.000,9999.000,9999.000,9999.000
202607280142,   2.908,   3.749,9999.000,9999.000,9999.000,9999.000,9999.000,9999.000,9999.000
202607280148,   2.868,   3.739,9999.000,9999.000,9999.000,9999.000,9999.000,9999.000,9999.000
202607280154,   2.826,   3.719,9999.000,9999.000,9999.000,9999.000,9999.000,9999.000,9999.000
202607280200,   2.780,   3.598,   0.800,   0.018,   3.598,   0.700,   3.498,   0.800,   3.598
202607280206,   2.732,   3.548,9999.000,9999.000,9999.000,9999.000,9999.000,9999.000,9999.000
202607280212,   2.681,   3.427,9999.000,9999.000,9999.000,9999.000,9999.000,9999.000,9999.000
202607280218,   2.627,   3.348,9999.000,9999.000,9999.000,9999.000,9999.000,9999.000,9999.000
202607280224,   2.572,   3.368,9999.000,9999.000,9999.000,9999.000,9999.000,9999.000,9999.000
202607280230,   2.514,   3.260,9999.000,9999.000,9999.000,9999.000,9999.000,9999.000,9999.000
202607280236,   2.454,   3.188,9999.000,9999.000,9999.000,9999.000,9999.000,9999.000,9999.000
202607280242,   2.393,   3.138,9999.000,9999.000,9999.000,9999.000,9999.000,9999.000,9999.000
202607280248,   2.330,   3.168,9999.000,9999.000,9999.000,9999.000,9999.000,9999.000,9999.000
202607280254,   2.266,   3.017,9999.000,9999.000,9999.000,9999.000,9999.000,9999.000,9999.000
202607280300,   2.200,   2.958,   0.700,   0.058,   2.958,   0.700,   2.958,   0.800,   3.058
202607280306,   2.133,   2.968,9999.000,9999.000,9999.000,9999.000,9999.000,9999.000,9999.000
202607280312,   2.066,   2.869,9999.000,9999.000,9999.000,9999.000,9999.000,9999.000,9999.000
202607280318,   1.998,   2.778,9999.000,9999.000,9999.000,9999.000,9999.000,9999.000,9999.000
202607280324,   1.930,   2.728,9999.000,9999.000,9999.000,9999.000,9999.000,9999.000,9999.000
202607280330,   1.862,   2.699,9999.000,9999.000,9999.000,9999.000,9999.000,9999.000,9999.000
202607280336,   1.794,   2.640,9999.000,9999.000,9999.000,9999.000,9999.000,9999.000,9999.000
202607280342,   1.726,   2.548,9999.000,9999.000,9999.000,9999.000,9999.000,9999.000,9999.000
202607280348,   1.659,   2.479,9999.000,9999.000,9999.000,9999.000,9999.000,9999.000,9999.000
202607280354,   1.592,   2.400,9999.000,9999.000,9999.000,9999.000,9999.000,9999.000,9999.000
202607280400,   1.526,   2.368,   0.700,   0.142,   2.368,   0.700,   2.368,   0.800,   2.468
202607280406,   1.462,   2.259,9999.000,9999.000,9999.000,9999.000,9999.000,9999.000,9999.000
202607280412,   1.399,   2.177,9999.000,9999.000,9999.000,9999.000,9999.000,9999.000,9999.000
202607280418,   1.337,   2.118,9999.000,9999.000,9999.000,9999.000,9999.000,9999.000,9999.000
202607280424,   1.277,   2.079,9999.000,9999.000,9999.000,9999.000,9999.000,9999.000,9999.000
202607280430,   1.219,   2.059,9999.000,9999.000,9999.000,9999.000,9999.000,9999.000,9999.000
202607280436,   1.162,   1.948,9999.000,9999.000,9999.000,9999.000,9999.000,9999.000,9999.000
202607280442,   1.108,   1.948,9999.000,9999.000,9999.000,9999.000,9999.000,9999.000,9999.000
202607280448,   1.056,   1.859,9999.000,9999.000,9999.000,9999.000,9999.000,9999.000,9999.000
202607280454,   1.006,   1.830,9999.000,9999.000,9999.000,9999.000,9999.000,9999.000,9999.000
202607280500,   0.959,   1.781,   0.700,   0.122,   1.781,   0.700,   1.781,   0.800,   1.881
202607280506,   0.914,   1.728,9999.000,9999.000,9999.000,9999.000,9999.000,9999.000,9999.000
202607280512,   0.872,   1.639,9999.000,9999.000,9999.000,9999.000,9999.000,9999.000,9999.000
202607280518,   0.833,   1.620,9999.000,9999.000,9999.000,9999.000,9999.000,9999.000,9999.000
202607280524,   0.796,   1.600,9999.000,9999.000,9999.000,9999.000,9999.000,9999.000,9999.000
202607280530,   0.762,   1.571,9999.000,9999.000,9999.000,9999.000,9999.000,9999.000,9999.000
202607280536,   0.731,   1.580,9999.000,9999.000,9999.000,9999.000,9999.000,9999.000,9999.000
202607280542,   0.703,   1.538,9999.000,9999.000,9999.000,9999.000,9999.000,9999.000,9999.000
202607280548,   0.678,   1.489,9999.000,9999.000,9999.000,9999.000,9999.000,9999.000,9999.000
202607280554,   0.656,   1.449,9999.000,9999.000,9999.000,9999.000,9999.000,9999.000,9999.000
202607280600,   0.637,   1.439,   0.700,   0.102,   1.439,   0.700,   1.439,   0.700,   1.439
202607280606,   0.621,   1.400,9999.000,9999.000,9999.000,9999.000,9999.000,9999.000,9999.000
202607280612,   0.608,   1.390,9999.000,9999.000,9999.000,9999.000,9999.000,9999.000,9999.000
202607280618,   0.598,   1.361,9999.000,9999.000,9999.000,9999.000,9999.000,9999.000,9999.000
202607280624,   0.591,   1.361,9999.000,9999.000,9999.000,9999.000,9999.000,9999.000,9999.000
202607280630,   0.587,   1.318,9999.000,9999.000,9999.000,9999.000,9999.000,9999.000,9999.000
202607280636,   0.587,   1.338,9999.000,9999.000,9999.000,9999.000,9999.000,9999.000,9999.000
202607280642,   0.589,   1.308,9999.000,9999.000,9999.000,9999.000,9999.000,9999.000,9999.000
202607280648,   0.594,   1.259,9999.000,9999.000,9999.000,9999.000,9999.000,9999.000,9999.000
202607280654,   0.602,   1.318,9999.000,9999.000,9999.000,9999.000,9999.000,9999.000,9999.000
202607280700,   0.613,   1.298,   0.700,  -0.015,   1.298,   0.700,   1.298,   0.700,   1.298
202607280706,   0.627,   1.289,9999.000,9999.000,9999.000,9999.000,9999.000,9999.000,9999.000
202607280712,   0.644,   1.318,9999.000,9999.000,9999.000,9999.000,9999.000,9999.000,9999.000
202607280718,   0.663,   1.348,9999.000,9999.000,9999.000,9999.000,9999.000,9999.000,9999.000
202607280724,   0.685,   1.338,9999.000,9999.000,9999.000,9999.000,9999.000,9999.000,9999.000
202607280730,   0.709,   1.338,9999.000,9999.000,9999.000,9999.000,9999.000,9999.000,9999.000
202607280736,   0.736,   1.449,9999.000,9999.000,9999.000,9999.000,9999.000,9999.000,9999.000
202607280742,   0.765,   1.380,9999.000,9999.000,9999.000,9999.000,9999.000,9999.000,9999.000
202607280748,   0.796,   1.420,9999.000,9999.000,9999.000,9999.000,9999.000,9999.000,9999.000
202607280754,   0.829,   1.459,9999.000,9999.000,9999.000,9999.000,9999.000,9999.000,9999.000
202607280800,   0.864,   1.479,   0.700,  -0.085,   1.479,   0.700,   1.479,   0.700,   1.479
202607280806,   0.901,   1.528,9999.000,9999.000,9999.000,9999.000,9999.000,9999.000,9999.000
202607280812,   0.940,   1.590,9999.000,9999.000,9999.000,9999.000,9999.000,9999.000,9999.000
202607280818,   0.980,   1.630,9999.000,9999.000,9999.000,9999.000,9999.000,9999.000,9999.000
202607280824,   1.021,   1.708,9999.000,9999.000,9999.000,9999.000,9999.000,9999.000,9999.000
202607280830,   1.064,   1.689,9999.000,9999.000,9999.000,9999.000,9999.000,9999.000,9999.000
202607280836,   1.108,   1.639,9999.000,9999.000,9999.000,9999.000,9999.000,9999.000,9999.000
202607280842,   1.152,   1.738,9999.000,9999.000,9999.000,9999.000,9999.000,9999.000,9999.000
202607280848,   1.198,   1.748,9999.000,9999.000,9999.000,9999.000,9999.000,9999.000,9999.000
202607280854,   1.244,   1.800,9999.000,9999.000,9999.000,9999.000,9999.000,9999.000,9999.000
202607280900,   1.290,   1.899,   0.700,  -0.091,   1.899,   0.700,   1.899,   0.700,   1.899
202607280906,   1.337,   1.918,9999.000,9999.000,9999.000,9999.000,9999.000,9999.000,9999.000
202607280912,   1.384,   1.938,9999.000,9999.000,9999.000,9999.000,9999.000,9999.000,9999.000
202607280918,   1.431,   1.990,9999.000,9999.000,9999.000,9999.000,9999.000,9999.000,9999.000
202607280924,   1.477,   2.079,9999.000,9999.000,9999.000,9999.000,9999.000,9999.000,9999.000
202607280930,   1.524,   2.118,9999.000,9999.000,9999.000,9999.000,9999.000,9999.000,9999.000
202607280936,   1.570,   2.168,9999.000,9999.000,9999.000,9999.000,9999.000,9999.000,9999.000
202607280942,   1.615,   2.177,9999.000,9999.000,9999.000,9999.000,9999.000,9999.000,9999.000
202607280948,   1.660,   2.200,9999.000,9999.000,9999.000,9999.000,9999.000,9999.000,9999.000
202607280954,   1.704,   2.269,9999.000,9999.000,9999.000,9999.000,9999.000,9999.000,9999.000
202607281000,   1.747,   2.338,   0.700,  -0.109,   2.338,   0.600,   2.238,   0.700,   2.338
202607281006,   1.789,   2.387,9999.000,9999.000,9999.000,9999.000,9999.000,9999.000,9999.000
202607281012,   1.830,   2.387,9999.000,9999.000,9999.000,9999.000,9999.000,9999.000,9999.000
202607281018,   1.870,   2.387,9999.000,9999.000,9999.000,9999.000,9999.000,9999.000,9999.000
202607281024,   1.909,   2.479,9999.000,9999.000,9999.000,9999.000,9999.000,9999.000,9999.000
202607281030,   1.946,   2.469,9999.000,9999.000,9999.000,9999.000,9999.000,9999.000,9999.000
202607281036,   1.982,   2.548,9999.000,9999.000,9999.000,9999.000,9999.000,9999.000,9999.000
202607281042,   2.017,   2.568,9999.000,9999.000,9999.000,9999.000,9999.000,9999.000,9999.000
202607281048,   2.050,   2.620,9999.000,9999.000,9999.000,9999.000,9999.000,9999.000,9999.000
202607281054,   2.081,   2.719,9999.000,9999.000,9999.000,9999.000,9999.000,9999.000,9999.000
202607281100,   2.111,   2.748,   0.700,  -0.063,   2.748,   0.600,   2.648,   0.700,   2.748
202607281106,   2.140,   2.748,9999.000,9999.000,9999.000,9999.000,9999.000,9999.000,9999.000
202607281112,   2.166,   2.778,9999.000,9999.000,9999.000,9999.000,9999.000,9999.000,9999.000
202607281118,   2.191,   2.748,9999.000,9999.000,9999.000,9999.000,9999.000,9999.000,9999.000
202607281124,   2.215,   2.830,9999.000,9999.000,9999.000,9999.000,9999.000,9999.000,9999.000
202607281130,   2.236,   2.879,9999.000,9999.000,9999.000,9999.000,9999.000,9999.000,9999.000
202607281136,   2.255,   2.850,9999.000,9999.000,9999.000,9999.000,9999.000,9999.000,9999.000
202607281142,   2.273,   2.948,9999.000,9999.000,9999.000,9999.000,9999.000,9999.000,9999.000
202607281148,   2.288,   2.948,9999.000,9999.000,9999.000,9999.000,9999.000,9999.000,9999.000
202607281154,   2.301,   2.968,9999.000,9999.000,9999.000,9999.000,9999.000,9999.000,9999.000
202607281200,   2.313,   3.017,   0.700,   0.004,   3.017,   0.600,   2.917,   0.700,   3.017
202607281206,   2.322,   2.997,9999.000,9999.000,9999.000,9999.000,9999.000,9999.000,9999.000
202607281212,   2.329,   3.030,9999.000,9999.000,9999.000,9999.000,9999.000,9999.000,9999.000
202607281218,   2.333,   2.978,9999.000,9999.000,9999.000,9999.000,9999.000,9999.000,9999.000
202607281224,   2.336,   2.988,9999.000,9999.000,9999.000,9999.000,9999.000,9999.000,9999.000
202607281230,   2.335,   3.007,9999.000,9999.000,9999.000,9999.000,9999.000,9999.000,9999.000
202607281236,   2.333,   2.997,9999.000,9999.000,9999.000,9999.000,9999.000,9999.000,9999.000
202607281242,   2.328,   3.030,9999.000,9999.000,9999.000,9999.000,9999.000,9999.000,9999.000
202607281248,   2.320,   3.030,9999.000,9999.000,9999.000,9999.000,9999.000,9999.000,9999.000
202607281254,   2.310,   3.017,9999.000,9999.000,9999.000,9999.000,9999.000,9999.000,9999.000
202607281300,   2.297,   3.007,   0.700,   0.010,   3.007,   0.600,   2.907,   0.700,   3.007
202607281306,   2.282,   2.968,9999.000,9999.000,9999.000,9999.000,9999.000,9999.000,9999.000
202607281312,   2.263,   3.017,9999.000,9999.000,9999.000,9999.000,9999.000,9999.000,9999.000
202607281318,   2.242,   2.988,9999.000,9999.000,9999.000,9999.000,9999.000,9999.000,9999.000
202607281324,   2.219,   2.929,9999.000,9999.000,9999.000,9999.000,9999.000,9999.000,9999.000
202607281330,   2.193,   2.909,9999.000,9999.000,9999.000,9999.000,9999.000,9999.000,9999.000
202607281336,   2.164,   2.889,9999.000,9999.000,9999.000,9999.000,9999.000,9999.000,9999.000
202607281342,   2.132,   2.909,9999.000,9999.000,9999.000,9999.000,9999.000,9999.000,9999.000
202607281348,   2.098,   2.869,9999.000,9999.000,9999.000,9999.000,9999.000,9999.000,9999.000
202607281354,   2.061,   2.787,9999.000,9999.000,9999.000,9999.000,9999.000,9999.000,9999.000
202607281400,   2.022,   2.768,   0.700,   0.046,   2.768,   0.600,   2.668,   0.700,   2.768
202607281406,   1.980,   2.768,9999.000,9999.000,9999.000,9999.000,9999.000,9999.000,9999.000
202607281412,   1.936,   2.728,9999.000,9999.000,9999.000,9999.000,9999.000,9999.000,9999.000
202607281418,   1.890,   2.650,9999.000,9999.000,9999.000,9999.000,9999.000,9999.000,9999.000
202607281424,   1.842,   2.630,9999.000,9999.000,9999.000,9999.000,9999.000,9999.000,9999.000
202607281430,   1.792,   2.528,9999.000,9999.000,9999.000,9999.000,9999.000,9999.000,9999.000
202607281436,   1.740,   2.469,9999.000,9999.000,9999.000,9999.000,9999.000,9999.000,9999.000
202607281442,   1.687,   2.469,9999.000,9999.000,9999.000,9999.000,9999.000,9999.000,9999.000
202607281448,   1.632,   2.338,9999.000,9999.000,9999.000,9999.000,9999.000,9999.000,9999.000
202607281454,   1.577,   2.358,9999.000,9999.000,9999.000,9999.000,9999.000,9999.000,9999.000
202607281500,   1.520,   2.309,   0.700,   0.089,   2.309,   0.600,   2.209,   0.700,   2.309
202607281506,   1.462,   2.210,9999.000,9999.000,9999.000,9999.000,9999.000,9999.000,9999.000
202607281512,   1.404,   2.220,9999.000,9999.000,9999.000,9999.000,9999.000,9999.000,9999.000
202607281518,   1.346,   2.210,9999.000,9999.000,9999.000,9999.000,9999.000,9999.000,9999.000
202607281524,   1.287,   2.148,9999.000,9999.000,9999.000,9999.000,9999.000,9999.000,9999.000
202607281530,   1.229,   2.138,9999.000,9999.000,9999.000,9999.000,9999.000,9999.000,9999.000
202607281536,   1.171,   1.938,9999.000,9999.000,9999.000,9999.000,9999.000,9999.000,9999.000
202607281542,   1.113,   1.938,9999.000,9999.000,9999.000,9999.000,9999.000,9999.000,9999.000
202607281548,   1.056,   1.879,9999.000,9999.000,9999.000,9999.000,9999.000,9999.000,9999.000
202607281554,   1.000,   1.748,9999.000,9999.000,9999.000,9999.000,9999.000,9999.000,9999.000
202607281600,   0.946,   1.748,   0.700,   0.102,   1.748,   0.600,   1.648,   0.700,   1.748
202607281606,   0.893,   1.649,9999.000,9999.000,9999.000,9999.000,9999.000,9999.000,9999.000
202607281612,   0.841,   1.620,9999.000,9999.000,9999.000,9999.000,9999.000,9999.000,9999.000
202607281618,   0.791,   1.538,9999.000,9999.000,9999.000,9999.000,9999.000,9999.000,9999.000
202607281624,   0.744,   1.489,9999.000,9999.000,9999.000,9999.000,9999.000,9999.000,9999.000
202607281630,   0.698,   1.498,9999.000,9999.000,9999.000,9999.000,9999.000,9999.000,9999.000
202607281636,   0.655,   1.459,9999.000,9999.000,9999.000,9999.000,9999.000,9999.000,9999.000
202607281642,   0.614,   1.380,9999.000,9999.000,9999.000,9999.000,9999.000,9999.000,9999.000
202607281648,   0.575,   1.328,9999.000,9999.000,9999.000,9999.000,9999.000,9999.000,9999.000
202607281654,   0.540,   1.348,9999.000,9999.000,9999.000,9999.000,9999.000,9999.000,9999.000
202607281700,   0.507,   1.371,   0.600,   0.264,   1.371,   0.600,   1.371,   0.700,   1.471
202607281706,   0.477,   1.269,9999.000,9999.000,9999.000,9999.000,9999.000,9999.000,9999.000
202607281712,   0.450,   1.151,9999.000,9999.000,9999.000,9999.000,9999.000,9999.000,9999.000
202607281718,   0.426,   1.108,9999.000,9999.000,9999.000,9999.000,9999.000,9999.000,9999.000
202607281724,   0.405,   1.079,9999.000,9999.000,9999.000,9999.000,9999.000,9999.000,9999.000
202607281730,   0.387,   1.059,9999.000,9999.000,9999.000,9999.000,9999.000,9999.000,9999.000
202607281736,   0.373,   1.029,9999.000,9999.000,9999.000,9999.000,9999.000,9999.000,9999.000
202607281742,   0.361,   1.029,9999.000,9999.000,9999.000,9999.000,9999.000,9999.000,9999.000
202607281748,   0.353,   1.039,9999.000,9999.000,9999.000,9999.000,9999.000,9999.000,9999.000
202607281754,   0.348,   1.039,9999.000,9999.000,9999.000,9999.000,9999.000,9999.000,9999.000
202607281800,   0.346,   1.010,   0.700,  -0.036,   1.010,   0.600,   0.910,   0.700,   1.010
202607281806,   0.348,   1.049,9999.000,9999.000,9999.000,9999.000,9999.000,9999.000,9999.000
202607281812,   0.352,   1.069,9999.000,9999.000,9999.000,9999.000,9999.000,9999.000,9999.000
202607281818,   0.360,   1.098,9999.000,9999.000,9999.000,9999.000,9999.000,9999.000,9999.000
202607281824,   0.371,   1.069,9999.000,9999.000,9999.000,9999.000,9999.000,9999.000,9999.000
202607281830,   0.385,   1.000,9999.000,9999.000,9999.000,9999.000,9999.000,9999.000,9999.000
202607281836,   0.402,   0.980,9999.000,9999.000,9999.000,9999.000,9999.000,9999.000,9999.000
202607281842,   0.422,   1.118,9999.000,9999.000,9999.000,9999.000,9999.000,9999.000,9999.000
202607281848,   0.445,   1.161,9999.000,9999.000,9999.000,9999.000,9999.000,9999.000,9999.000
202607281854,   0.470,   1.210,9999.000,9999.000,9999.000,9999.000,9999.000,9999.000,9999.000
202607281900,   0.499,   1.138,   0.700,  -0.061,   1.138,   0.600,   1.038,   0.700,   1.138
202607281906,   0.530,   1.249,9999.000,9999.000,9999.000,9999.000,9999.000,9999.000,9999.000
202607281912,   0.564,   1.298,9999.000,9999.000,9999.000,9999.000,9999.000,9999.000,9999.000
202607281918,   0.600,   1.348,9999.000,9999.000,9999.000,9999.000,9999.000,9999.000,9999.000
202607281924,   0.639,   1.380,9999.000,9999.000,9999.000,9999.000,9999.000,9999.000,9999.000
202607281930,   0.680,   1.361,9999.000,9999.000,9999.000,9999.000,9999.000,9999.000,9999.000
202607281936,   0.724,   1.400,9999.000,9999.000,9999.000,9999.000,9999.000,9999.000,9999.000
202607281942,   0.770,   1.439,9999.000,9999.000,9999.000,9999.000,9999.000,9999.000,9999.000
202607281948,   0.817,   1.508,9999.000,9999.000,9999.000,9999.000,9999.000,9999.000,9999.000
202607281954,   0.867,   1.518,9999.000,9999.000,9999.000,9999.000,9999.000,9999.000,9999.000
202607282000,   0.919,   1.571,   0.700,  -0.048,   1.571,   0.600,   1.471,   0.700,   1.571
202607282006,   0.972,   1.610,9999.000,9999.000,9999.000,9999.000,9999.000,9999.000,9999.000
202607282012,   1.027,   1.669,9999.000,9999.000,9999.000,9999.000,9999.000,9999.000,9999.000
202607282018,   1.083,   1.718,9999.000,9999.000,9999.000,9999.000,9999.000,9999.000,9999.000
202607282024,   1.141,   1.859,9999.000,9999.000,9999.000,9999.000,9999.000,9999.000,9999.000
202607282030,   1.199,   1.928,9999.000,9999.000,9999.000,9999.000,9999.000,9999.000,9999.000
202607282036,   1.259,   1.928,9999.000,9999.000,9999.000,9999.000,9999.000,9999.000,9999.000
202607282042,   1.320,   1.928,9999.000,9999.000,9999.000,9999.000,9999.000,9999.000,9999.000
202607282048,   1.381,   2.000,9999.000,9999.000,9999.000,9999.000,9999.000,9999.000,9999.000
202607282054,   1.443,   2.079,9999.000,9999.000,9999.000,9999.000,9999.000,9999.000,9999.000
202607282100,   1.506,   2.049,   0.700,  -0.157,   2.049,   0.600,   1.949,   0.700,   2.049
202607282106,   1.569,   2.158,9999.000,9999.000,9999.000,9999.000,9999.000,9999.000,9999.000
202607282112,   1.632,   2.230,9999.000,9999.000,9999.000,9999.000,9999.000,9999.000,9999.000
202607282118,   1.695,   2.338,9999.000,9999.000,9999.000,9999.000,9999.000,9999.000,9999.000
202607282124,   1.758,   2.368,9999.000,9999.000,9999.000,9999.000,9999.000,9999.000,9999.000
202607282130,   1.821,   2.499,9999.000,9999.000,9999.000,9999.000,9999.000,9999.000,9999.000
202607282136,   1.883,   2.548,9999.000,9999.000,9999.000,9999.000,9999.000,9999.000,9999.000
202607282142,   1.945,   2.558,9999.000,9999.000,9999.000,9999.000,9999.000,9999.000,9999.000
202607282148,   2.007,   2.699,9999.000,9999.000,9999.000,9999.000,9999.000,9999.000,9999.000
202607282154,   2.067,   2.738,9999.000,9999.000,9999.000,9999.000,9999.000,9999.000,9999.000
202607282200,   2.127,   2.778,   0.700,  -0.049,   2.778,   0.600,   2.678,   0.700,   2.778
202607282206,   2.186,   2.758,9999.000,9999.000,9999.000,9999.000,9999.000,9999.000,9999.000
202607282212,   2.244,   2.929,9999.000,9999.000,9999.000,9999.000,9999.000,9999.000,9999.000
202607282218,   2.301,   3.017,9999.000,9999.000,9999.000,9999.000,9999.000,9999.000,9999.000
202607282224,   2.356,   3.017,9999.000,9999.000,9999.000,9999.000,9999.000,9999.000,9999.000
202607282230,   2.411,   3.070,9999.000,9999.000,9999.000,9999.000,9999.000,9999.000,9999.000
202607282236,   2.463,   3.188,9999.000,9999.000,9999.000,9999.000,9999.000,9999.000,9999.000
202607282242,   2.515,   3.299,9999.000,9999.000,9999.000,9999.000,9999.000,9999.000,9999.000
202607282248,   2.565,   3.299,9999.000,9999.000,9999.000,9999.000,9999.000,9999.000,9999.000
202607282254,   2.614,   3.348,9999.000,9999.000,9999.000,9999.000,9999.000,9999.000,9999.000
202607282300,   2.660,   3.407,   0.700,   0.047,   3.407,   0.600,   3.307,   0.700,   3.407
202607282306,   2.706,   3.499,9999.000,9999.000,9999.000,9999.000,9999.000,9999.000,9999.000
202607282312,   2.749,   3.519,9999.000,9999.000,9999.000,9999.000,9999.000,9999.000,9999.000
202607282318,   2.791,   3.548,9999.000,9999.000,9999.000,9999.000,9999.000,9999.000,9999.000
202607282324,   2.831,   3.650,9999.000,9999.000,9999.000,9999.000,9999.000,9999.000,9999.000
202607282330,   2.869,   3.699,9999.000,9999.000,9999.000,9999.000,9999.000,9999.000,9999.000
202607282336,   2.906,   3.719,9999.000,9999.000,9999.000,9999.000,9999.000,9999.000,9999.000
202607282342,   2.940,   3.758,9999.000,9999.000,9999.000,9999.000,9999.000,9999.000,9999.000
202607282348,   2.972,   3.709,9999.000,9999.000,9999.000,9999.000,9999.000,9999.000,9999.000
202607282354,   3.002,   3.778,9999.000,9999.000,9999.000,9999.000,9999.000,9999.000,9999.000
202607290000,   3.031,   3.847,   0.800,   0.016,   3.847,   0.700,   3.747,   0.800,   3.847
202607290006,   3.057,   3.870,9999.000,9999.000,9999.000,9999.000,9999.000,9999.000,9999.000
202607290012,   3.080,   3.827,9999.000,9999.000,9999.000,9999.000,9999.000,9999.000,9999.000
202607290018,   3.102,   3.899,9999.000,9999.000,9999.000,9999.000,9999.000,9999.000,9999.000
202607290024,   3.121,   3.968,9999.000,9999.000,9999.000,9999.000,9999.000,9999.000,9999.000
202607290030,   3.137,   4.149,9999.000,9999.000,9999.000,9999.000,9999.000,9999.000,9999.000
202607290036,   3.151,   4.099,9999.000,9999.000,9999.000,9999.000,9999.000,9999.000,9999.000
202607290042,   3.163,   4.149,9999.000,9999.000,9999.000,9999.000,9999.000,9999.000,9999.000
202607290048,   3.172,   4.139,9999.000,9999.000,9999.000,9999.000,9999.000,9999.000,9999.000
202607290054,   3.178,   4.188,9999.000,9999.000,9999.000,9999.000,9999.000,9999.000,9999.000
202607290100,   3.181,   4.178,   0.800,   0.197,   4.178,   0.700,   4.078,   0.800,   4.178
202607290106,   3.181,   4.119,9999.000,9999.000,9999.000,9999.000,9999.000,9999.000,9999.000
202607290112,   3.178,   4.119,9999.000,9999.000,9999.000,9999.000,9999.000,9999.000,9999.000
202607290118,   3.172,   4.149,9999.000,9999.000,9999.000,9999.000,9999.000,9999.000,9999.000
202607290124,   3.164,   4.099,9999.000,9999.000,9999.000,9999.000,9999.000,9999.000,9999.000
202607290130,   3.152,   4.070,9999.000,9999.000,9999.000,9999.000,9999.000,9999.000,9999.000
202607290136,   3.136,   4.047,9999.000,9999.000,9999.000,9999.000,9999.000,9999.000,9999.000
202607290142,   3.118,   4.027,9999.000,9999.000,9999.000,9999.000,9999.000,9999.000,9999.000
202607290148,   3.096,   3.998,9999.000,9999.000,9999.000,9999.000,9999.000,9999.000,9999.000
202607290154,   3.071,   3.978,9999.000,9999.000,9999.000,9999.000,9999.000,9999.000,9999.000
202607290200,   3.042,   4.017,   0.700,   0.275,   4.017,   0.700,   4.017,   0.800,   4.117
202607290206,   3.011,   4.017,9999.000,9999.000,9999.000,9999.000,9999.000,9999.000,9999.000
202607290212,   2.976,   3.958,9999.000,9999.000,9999.000,9999.000,9999.000,9999.000,9999.000
202607290218,   2.938,   3.909,9999.000,9999.000,9999.000,9999.000,9999.000,9999.000,9999.000
202607290224,   2.896,   3.890,9999.000,9999.000,9999.000,9999.000,9999.000,9999.000,9999.000
202607290230,   2.852,   3.939,9999.000,9999.000,9999.000,9999.000,9999.000,9999.000,9999.000
202607290236,   2.804,   3.719,9999.000,9999.000,9999.000,9999.000,9999.000,9999.000,9999.000
202607290242,   2.754,   3.670,9999.000,9999.000,9999.000,9999.000,9999.000,9999.000,9999.000
202607290248,   2.701,   3.598,9999.000,9999.000,9999.000,9999.000,9999.000,9999.000,9999.000
202607290254,   2.645,   3.637,9999.000,9999.000,9999.000,9999.000,9999.000,9999.000,9999.000
202607290300,   2.587,   3.519,   0.700,   0.232,   3.519,   0.700,   3.519,   0.800,   3.619
202607290306,   2.526,   3.489,9999.000,9999.000,9999.000,9999.000,9999.000,9999.000,9999.000
202607290312,   2.464,   3.378,9999.000,9999.000,9999.000,9999.000,9999.000,9999.000,9999.000
202607290318,   2.399,   3.358,9999.000,9999.000,9999.000,9999.000,9999.000,9999.000,9999.000
202607290324,   2.332,   3.309,9999.000,9999.000,9999.000,9999.000,9999.000,9999.000,9999.000
202607290330,   2.265,   3.148,9999.000,9999.000,9999.000,9999.000,9999.000,9999.000,9999.000
202607290336,   2.195,   3.109,9999.000,9999.000,9999.000,9999.000,9999.000,9999.000,9999.000
202607290342,   2.125,   2.988,9999.000,9999.000,9999.000,9999.000,9999.000,9999.000,9999.000
202607290348,   2.054,   2.948,9999.000,9999.000,9999.000,9999.000,9999.000,9999.000,9999.000
202607290354,   1.982,   2.840,9999.000,9999.000,9999.000,9999.000,9999.000,9999.000,9999.000
202607290400,   1.910,   2.699,   0.700,   0.089,   2.699,   0.700,   2.699,   0.800,   2.799
202607290406,   1.837,   2.728,9999.000,9999.000,9999.000,9999.000,9999.000,9999.000,9999.000
202607290412,   1.765,   2.587,9999.000,9999.000,9999.000,9999.000,9999.000,9999.000,9999.000
202607290418,   1.693,   2.489,9999.000,9999.000,9999.000,9999.000,9999.000,9999.000,9999.000
202607290424,   1.622,   2.479,9999.000,9999.000,9999.000,9999.000,9999.000,9999.000,9999.000
202607290430,   1.551,   2.459,9999.000,9999.000,9999.000,9999.000,9999.000,9999.000,9999.000
202607290436,   1.482,   2.348,9999.000,9999.000,9999.000,9999.000,9999.000,9999.000,9999.000
202607290442,   1.414,   2.318,9999.000,9999.000,9999.000,9999.000,9999.000,9999.000,9999.000
202607290448,   1.347,   2.279,9999.000,9999.000,9999.000,9999.000,9999.000,9999.000,9999.000
202607290454,   1.282,   2.279,9999.000,9999.000,9999.000,9999.000,9999.000,9999.000,9999.000
202607290500,   1.218,   2.269,   0.700,   0.351,   2.269,   0.600,   2.169,   0.700,   2.269
202607290506,   1.157,   2.177,9999.000,9999.000,9999.000,9999.000,9999.000,9999.000,9999.000
202607290512,   1.098,   2.148,9999.000,9999.000,9999.000,9999.000,9999.000,9999.000,9999.000
202607290518,   1.041,   2.040,9999.000,9999.000,9999.000,9999.000,9999.000,9999.000,9999.000
202607290524,   0.987,   2.049,9999.000,9999.000,9999.000,9999.000,9999.000,9999.000,9999.000
202607290530,   0.935,   2.010,9999.000,9999.000,9999.000,9999.000,9999.000,9999.000,9999.000
202607290536,   0.886,   1.800,9999.000,9999.000,9999.000,9999.000,9999.000,9999.000,9999.000
202607290542,   0.839,   1.781,9999.000,9999.000,9999.000,9999.000,9999.000,9999.000,9999.000
202607290548,   0.796,   1.767,9999.000,9999.000,9999.000,9999.000,9999.000,9999.000,9999.000
202607290554,   0.755,   1.800,9999.000,9999.000,9999.000,9999.000,9999.000,9999.000,9999.000
202607290600,   0.718,   1.781,   0.800,   0.263,   1.781,   0.700,   1.681,   0.800,   1.781
202607290606,   0.683,   1.708,9999.000,9999.000,9999.000,9999.000,9999.000,9999.000,9999.000
202607290612,   0.652,   1.630,9999.000,9999.000,9999.000,9999.000,9999.000,9999.000,9999.000
202607290618,   0.624,   1.639,9999.000,9999.000,9999.000,9999.000,9999.000,9999.000,9999.000
202607290624,   0.599,   1.538,9999.000,9999.000,9999.000,9999.000,9999.000,9999.000,9999.000
202607290630,   0.577,   1.548,9999.000,9999.000,9999.000,9999.000,9999.000,9999.000,9999.000
202607290636,   0.558,   1.580,9999.000,9999.000,9999.000,9999.000,9999.000,9999.000,9999.000
202607290642,   0.543,   1.498,9999.000,9999.000,9999.000,9999.000,9999.000,9999.000,9999.000
202607290648,   0.531,   1.410,9999.000,9999.000,9999.000,9999.000,9999.000,9999.000,9999.000
202607290654,   0.522,   1.380,9999.000,9999.000,9999.000,9999.000,9999.000,9999.000,9999.000
202607290700,   0.516,   1.498,   0.800,   0.182,   1.498,   0.700,   1.398,   0.800,   1.498
202607290706,   0.513,   1.410,9999.000,9999.000,9999.000,9999.000,9999.000,9999.000,9999.000
202607290712,   0.514,   1.420,9999.000,9999.000,9999.000,9999.000,9999.000,9999.000,9999.000
202607290718,   0.517,   1.410,9999.000,9999.000,9999.000,9999.000,9999.000,9999.000,9999.000
202607290724,   0.524,   1.328,9999.000,9999.000,9999.000,9999.000,9999.000,9999.000,9999.000
202607290730,   0.533,   1.249,9999.000,9999.000,9999.000,9999.000,9999.000,9999.000,9999.000
202607290736,   0.546,   1.308,9999.000,9999.000,9999.000,9999.000,9999.000,9999.000,9999.000
202607290742,   0.561,   1.439,9999.000,9999.000,9999.000,9999.000,9999.000,9999.000,9999.000
202607290748,   0.579,   1.479,9999.000,9999.000,9999.000,9999.000,9999.000,9999.000,9999.000
202607290754,   0.600,   1.348,9999.000,9999.000,9999.000,9999.000,9999.000,9999.000,9999.000
202607290800,   0.623,   1.371,   0.800,  -0.052,   1.371,   0.700,   1.271,   0.800,   1.371
202607290806,   0.649,   1.400,9999.000,9999.000,9999.000,9999.000,9999.000,9999.000,9999.000
202607290812,   0.677,   1.400,9999.000,9999.000,9999.000,9999.000,9999.000,9999.000,9999.000
202607290818,   0.707,   1.600,9999.000,9999.000,9999.000,9999.000,9999.000,9999.000,9999.000
202607290824,   0.740,   1.518,9999.000,9999.000,9999.000,9999.000,9999.000,9999.000,9999.000
202607290830,   0.775,   1.479,9999.000,9999.000,9999.000,9999.000,9999.000,9999.000,9999.000
202607290836,   0.812,   1.518,9999.000,9999.000,9999.000,9999.000,9999.000,9999.000,9999.000
202607290842,   0.850,   1.538,9999.000,9999.000,9999.000,9999.000,9999.000,9999.000,9999.000
202607290848,   0.890,   1.557,9999.000,9999.000,9999.000,9999.000,9999.000,9999.000,9999.000
202607290854,   0.932,   1.718,9999.000,9999.000,9999.000,9999.000,9999.000,9999.000,9999.000
202607290900,   0.976,   1.620,   0.800,  -0.156,   1.620,   0.700,   1.520,   0.900,   1.720
202607290906,   1.020,   1.590,9999.000,9999.000,9999.000,9999.000,9999.000,9999.000,9999.000
202607290912,   1.066,   1.758,9999.000,9999.000,9999.000,9999.000,9999.000,9999.000,9999.000
202607290918,   1.113,   1.849,9999.000,9999.000,9999.000,9999.000,9999.000,9999.000,9999.000
202607290924,   1.160,   1.928,9999.000,9999.000,9999.000,9999.000,9999.000,9999.000,9999.000
202607290930,   1.208,   1.967,9999.000,9999.000,9999.000,9999.000,9999.000,9999.000,9999.000
202607290936,   1.257,   2.020,9999.000,9999.000,9999.000,9999.000,9999.000,9999.000,9999.000
202607290942,   1.306,   2.059,9999.000,9999.000,9999.000,9999.000,9999.000,9999.000,9999.000
202607290948,   1.356,   2.128,9999.000,9999.000,9999.000,9999.000,9999.000,9999.000,9999.000
202607290954,   1.405,   2.099,9999.000,9999.000,9999.000,9999.000,9999.000,9999.000,9999.000
202607291000,   1.455,   2.168,   0.800,  -0.087,   2.168,   0.700,   2.068,   0.900,   2.268
202607291006,   1.504,   2.220,9999.000,9999.000,9999.000,9999.000,9999.000,9999.000,9999.000
202607291012,   1.553,   2.269,9999.000,9999.000,9999.000,9999.000,9999.000,9999.000,9999.000
202607291018,   1.601,   2.368,9999.000,9999.000,9999.000,9999.000,9999.000,9999.000,9999.000
202607291024,   1.649,   2.309,9999.000,9999.000,9999.000,9999.000,9999.000,9999.000,9999.000
202607291030,   1.697,   2.450,9999.000,9999.000,9999.000,9999.000,9999.000,9999.000,9999.000
202607291036,   1.743,   2.420,9999.000,9999.000,9999.000,9999.000,9999.000,9999.000,9999.000
202607291042,   1.788,   2.420,9999.000,9999.000,9999.000,9999.000,9999.000,9999.000,9999.000
202607291048,   1.833,   2.479,9999.000,9999.000,9999.000,9999.000,9999.000,9999.000,9999.000
202607291054,   1.876,   2.528,9999.000,9999.000,9999.000,9999.000,9999.000,9999.000,9999.000
202607291100,   1.918,   2.620,   0.800,  -0.098,   2.620,   0.700,   2.520,   0.900,   2.720
202607291106,   1.959,   2.689,9999.000,9999.000,9999.000,9999.000,9999.000,9999.000,9999.000
202607291112,   1.999,   2.860,9999.000,9999.000,9999.000,9999.000,9999.000,9999.000,9999.000
202607291118,   2.037,   2.768,9999.000,9999.000,9999.000,9999.000,9999.000,9999.000,9999.000
202607291124,   2.073,   2.850,9999.000,9999.000,9999.000,9999.000,9999.000,9999.000,9999.000
202607291130,   2.108,   2.899,9999.000,9999.000,9999.000,9999.000,9999.000,9999.000,9999.000
202607291136,   2.141,   2.929,9999.000,9999.000,9999.000,9999.000,9999.000,9999.000,9999.000
202607291142,   2.173,   2.997,9999.000,9999.000,9999.000,9999.000,9999.000,9999.000,9999.000
202607291148,   2.202,   2.889,9999.000,9999.000,9999.000,9999.000,9999.000,9999.000,9999.000
202607291154,   2.230,   2.997,9999.000,9999.000,9999.000,9999.000,9999.000,9999.000,9999.000
202607291200,   2.256,   3.099,   0.800,   0.043,   3.099,   0.800,   3.099,   0.900,   3.199
202607291206,   2.281,   3.040,9999.000,9999.000,9999.000,9999.000,9999.000,9999.000,9999.000
202607291212,   2.303,   3.060,9999.000,9999.000,9999.000,9999.000,9999.000,9999.000,9999.000
202607291218,   2.323,   3.188,9999.000,9999.000,9999.000,9999.000,9999.000,9999.000,9999.000
202607291224,   2.341,   3.188,9999.000,9999.000,9999.000,9999.000,9999.000,9999.000,9999.000
202607291230,   2.356,   3.079,9999.000,9999.000,9999.000,9999.000,9999.000,9999.000,9999.000
202607291236,   2.370,   3.188,9999.000,9999.000,9999.000,9999.000,9999.000,9999.000,9999.000
202607291242,   2.381,   3.158,9999.000,9999.000,9999.000,9999.000,9999.000,9999.000,9999.000
202607291248,   2.390,   3.148,9999.000,9999.000,9999.000,9999.000,9999.000,9999.000,9999.000
202607291254,   2.397,   3.197,9999.000,9999.000,9999.000,9999.000,9999.000,9999.000,9999.000
202607291300,   2.401,   3.250,   0.800,   0.049,   3.250,   0.800,   3.250,   0.900,   3.350
202607291306,   2.403,   3.217,9999.000,9999.000,9999.000,9999.000,9999.000,9999.000,9999.000
202607291312,   2.402,   3.250,9999.000,9999.000,9999.000,9999.000,9999.000,9999.000,9999.000
202607291318,   2.398,   3.217,9999.000,9999.000,9999.000,9999.000,9999.000,9999.000,9999.000
202607291324,   2.392,   3.230,9999.000,9999.000,9999.000,9999.000,9999.000,9999.000,9999.000
202607291330,   2.383,   3.230,9999.000,9999.000,9999.000,9999.000,9999.000,9999.000,9999.000
202607291336,   2.371,   3.250,9999.000,9999.000,9999.000,9999.000,9999.000,9999.000,9999.000
202607291342,   2.356,   3.197,9999.000,9999.000,9999.000,9999.000,9999.000,9999.000,9999.000
202607291348,   2.339,   3.148,9999.000,9999.000,9999.000,9999.000,9999.000,9999.000,9999.000
202607291354,   2.318,   3.178,9999.000,9999.000,9999.000,9999.000,9999.000,9999.000,9999.000
202607291400,   2.295,   3.119,   0.800,   0.024,   3.119,   0.800,   3.119,   0.900,   3.219
202607291406,   2.269,   3.188,9999.000,9999.000,9999.000,9999.000,9999.000,9999.000,9999.000
202607291412,   2.240,   3.148,9999.000,9999.000,9999.000,9999.000,9999.000,9999.000,9999.000
202607291418,   2.208,   3.158,9999.000,9999.000,9999.000,9999.000,9999.000,9999.000,9999.000
202607291424,   2.173,   3.158,9999.000,9999.000,9999.000,9999.000,9999.000,9999.000,9999.000
202607291430,   2.136,   3.099,9999.000,9999.000,9999.000,9999.000,9999.000,9999.000,9999.000
202607291436,   2.095,   2.988,9999.000,9999.000,9999.000,9999.000,9999.000,9999.000,9999.000
202607291442,   2.053,   2.909,9999.000,9999.000,9999.000,9999.000,9999.000,9999.000,9999.000
202607291448,   2.007,   2.860,9999.000,9999.000,9999.000,9999.000,9999.000,9999.000,9999.000
202607291454,   1.959,   2.758,9999.000,9999.000,9999.000,9999.000,9999.000,9999.000,9999.000
202607291500,   1.909,   2.660,   0.800,  -0.049,   2.660,   0.800,   2.660,   0.900,   2.760
202607291506,   1.857,   2.669,9999.000,9999.000,9999.000,9999.000,9999.000,9999.000,9999.000
202607291512,   1.803,   2.830,9999.000,9999.000,9999.000,9999.000,9999.000,9999.000,9999.000
202607291518,   1.746,   2.820,9999.000,9999.000,9999.000,9999.000,9999.000,9999.000,9999.000
202607291524,   1.689,   2.679,9999.000,9999.000,9999.000,9999.000,9999.000,9999.000,9999.000
202607291530,   1.629,   2.597,9999.000,9999.000,9999.000,9999.000,9999.000,9999.000,9999.000
202607291536,   1.569,   2.669,9999.000,9999.000,9999.000,9999.000,9999.000,9999.000,9999.000
202607291542,   1.507,   2.587,9999.000,9999.000,9999.000,9999.000,9999.000,9999.000,9999.000
202607291548,   1.445,   2.528,9999.000,9999.000,9999.000,9999.000,9999.000,9999.000,9999.000
202607291554,   1.382,   2.410,9999.000,9999.000,9999.000,9999.000,9999.000,9999.000,9999.000
202607291600,   1.318,   2.289,   0.800,   0.171,   2.289,   0.800,   2.289,   0.900,   2.389
202607291606,   1.255,   2.279,9999.000,9999.000,9999.000,9999.000,9999.000,9999.000,9999.000
202607291612,   1.192,   2.177,9999.000,9999.000,9999.000,9999.000,9999.000,9999.000,9999.000
202607291618,   1.129,   2.099,9999.000,9999.000,9999.000,9999.000,9999.000,9999.000,9999.000
202607291624,   1.067,   2.118,9999.000,9999.000,9999.000,9999.000,9999.000,9999.000,9999.000
202607291630,   1.006,   2.079,9999.000,9999.000,9999.000,9999.000,9999.000,9999.000,9999.000
202607291636,   0.945,   2.030,9999.000,9999.000,9999.000,9999.000,9999.000,9999.000,9999.000
202607291642,   0.887,   2.099,9999.000,9999.000,9999.000,9999.000,9999.000,9999.000,9999.000
202607291648,   0.830,   1.990,9999.000,9999.000,9999.000,9999.000,9999.000,9999.000,9999.000
202607291654,   0.774,   2.000,9999.000,9999.000,9999.000,9999.000,9999.000,9999.000,9999.000
202607291700,   0.721,   1.820,   0.900,   0.199,   1.820,   0.800,   1.720,   0.900,   1.820
202607291706,   0.670,   1.748,9999.000,9999.000,9999.000,9999.000,9999.000,9999.000,9999.000
202607291712,   0.621,   1.718,9999.000,9999.000,9999.000,9999.000,9999.000,9999.000,9999.000
202607291718,   0.575,   1.659,9999.000,9999.000,9999.000,9999.000,9999.000,9999.000,9999.000
202607291724,   0.532,   1.590,9999.000,9999.000,9999.000,9999.000,9999.000,9999.000,9999.000
202607291730,   0.492,   1.528,9999.000,9999.000,9999.000,9999.000,9999.000,9999.000,9999.000
202607291736,   0.454,   1.538,9999.000,9999.000,9999.000,9999.000,9999.000,9999.000,9999.000
202607291742,   0.420,   1.430,9999.000,9999.000,9999.000,9999.000,9999.000,9999.000,9999.000
202607291748,   0.389,   1.430,9999.000,9999.000,9999.000,9999.000,9999.000,9999.000,9999.000
202607291754,   0.362,   1.410,9999.000,9999.000,9999.000,9999.000,9999.000,9999.000,9999.000
202607291800,   0.337,   1.348,   0.900,   0.111,   1.348,   0.800,   1.248,   0.900,   1.348
202607291806,   0.316,   1.390,9999.000,9999.000,9999.000,9999.000,9999.000,9999.000,9999.000
202607291812,   0.299,   1.279,9999.000,9999.000,9999.000,9999.000,9999.000,9999.000,9999.000
202607291818,   0.285,   1.098,9999.000,9999.000,9999.000,9999.000,9999.000,9999.000,9999.000
202607291824,   0.275,   1.138,9999.000,9999.000,9999.000,9999.000,9999.000,9999.000,9999.000
202607291830,   0.268,   1.180,9999.000,9999.000,9999.000,9999.000,9999.000,9999.000,9999.000
202607291836,   0.265,   1.269,9999.000,9999.000,9999.000,9999.000,9999.000,9999.000,9999.000
202607291842,   0.265,   1.239,9999.000,9999.000,9999.000,9999.000,9999.000,9999.000,9999.000
202607291848,   0.268,   1.220,9999.000,9999.000,9999.000,9999.000,9999.000,9999.000,9999.000
202607291854,   0.275,   1.210,9999.000,9999.000,9999.000,9999.000,9999.000,9999.000,9999.000
202607291900,   0.286,   1.239,   0.900,   0.053,   1.239,   0.800,   1.139,   0.900,   1.239
202607291906,   0.300,   1.269,9999.000,9999.000,9999.000,9999.000,9999.000,9999.000,9999.000
202607291912,   0.317,   1.308,9999.000,9999.000,9999.000,9999.000,9999.000,9999.000,9999.000
202607291918,   0.337,   1.318,9999.000,9999.000,9999.000,9999.000,9999.000,9999.000,9999.000
202607291924,   0.360,   1.289,9999.000,9999.000,9999.000,9999.000,9999.000,9999.000,9999.000
202607291930,   0.386,   1.318,9999.000,9999.000,9999.000,9999.000,9999.000,9999.000,9999.000
202607291936,   0.416,   1.269,9999.000,9999.000,9999.000,9999.000,9999.000,9999.000,9999.000
202607291942,   0.448,   1.298,9999.000,9999.000,9999.000,9999.000,9999.000,9999.000,9999.000
202607291948,   0.483,   1.390,9999.000,9999.000,9999.000,9999.000,9999.000,9999.000,9999.000
202607291954,   0.520,   1.498,9999.000,9999.000,9999.000,9999.000,9999.000,9999.000,9999.000
202607292000,   0.560,   1.538,   0.900,   0.078,   1.538,   0.800,   1.438,   0.900,   1.538
202607292006,   0.603,   1.630,9999.000,9999.000,9999.000,9999.000,9999.000,9999.000,9999.000
202607292012,   0.647,   1.649,9999.000,9999.000,9999.000,9999.000,9999.000,9999.000,9999.000
202607292018,   0.694,   1.748,9999.000,9999.000,9999.000,9999.000,9999.000,9999.000,9999.000
202607292024,   0.744,   1.790,9999.000,9999.000,9999.000,9999.000,9999.000,9999.000,9999.000
202607292030,   0.795,   1.849,9999.000,9999.000,9999.000,9999.000,9999.000,9999.000,9999.000
202607292036,   0.848,   1.840,9999.000,9999.000,9999.000,9999.000,9999.000,9999.000,9999.000
202607292042,   0.903,   1.899,9999.000,9999.000,9999.000,9999.000,9999.000,9999.000,9999.000
202607292048,   0.959,   1.899,9999.000,9999.000,9999.000,9999.000,9999.000,9999.000,9999.000
202607292054,   1.017,   1.928,9999.000,9999.000,9999.000,9999.000,9999.000,9999.000,9999.000
202607292100,   1.076,   2.059,   0.900,   0.083,   2.059,   0.800,   1.959,   0.900,   2.059
202607292106,   1.137,   2.109,9999.000,9999.000,9999.000,9999.000,9999.000,9999.000,9999.000
202607292112,   1.198,   2.089,9999.000,9999.000,9999.000,9999.000,9999.000,9999.000,9999.000
202607292118,   1.261,   2.230,9999.000,9999.000,9999.000,9999.000,9999.000,9999.000,9999.000
202607292124,   1.324,   2.279,9999.000,9999.000,9999.000,9999.000,9999.000,9999.000,9999.000
202607292130,   1.388,   2.309,9999.000,9999.000,9999.000,9999.000,9999.000,9999.000,9999.000
202607292136,   1.452,   2.309,9999.000,9999.000,9999.000,9999.000,9999.000,9999.000,9999.000
202607292142,   1.517,   2.450,9999.000,9999.000,9999.000,9999.000,9999.000,9999.000,9999.000
202607292148,   1.582,   2.519,9999.000,9999.000,9999.000,9999.000,9999.000,9999.000,9999.000
202607292154,   1.647,   2.587,9999.000,9999.000,9999.000,9999.000,9999.000,9999.000,9999.000
202607292200,   1.712,   2.640,   0.900,   0.028,   2.640,   0.800,   2.540,   0.900,   2.640
202607292206,   1.777,   2.699,9999.000,9999.000,9999.000,9999.000,9999.000,9999.000,9999.000
202607292212,   1.842,   2.768,9999.000,9999.000,9999.000,9999.000,9999.000,9999.000,9999.000
202607292218,   1.906,   2.758,9999.000,9999.000,9999.000,9999.000,9999.000,9999.000,9999.000
202607292224,   1.970,   2.889,9999.000,9999.000,9999.000,9999.000,9999.000,9999.000,9999.000
202607292230,   2.032,   2.968,9999.000,9999.000,9999.000,9999.000,9999.000,9999.000,9999.000
202607292236,   2.095,   3.050,9999.000,9999.000,9999.000,9999.000,9999.000,9999.000,9999.000
202607292242,   2.156,   3.050,9999.000,9999.000,9999.000,9999.000,9999.000,9999.000,9999.000
202607292248,   2.216,   3.138,9999.000,9999.000,9999.000,9999.000,9999.000,9999.000,9999.000
202607292254,   2.275,   3.178,9999.000,9999.000,9999.000,9999.000,9999.000,9999.000,9999.000
202607292300,   2.333,   3.279,   0.900,   0.046,   3.279,   0.800,   3.179,   0.900,   3.279
202607292306,   2.389,   3.358,9999.000,9999.000,9999.000,9999.000,9999.000,9999.000,9999.000
202607292312,   2.444,   3.358,9999.000,9999.000,9999.000,9999.000,9999.000,9999.000,9999.000
202607292318,   2.498,   3.388,9999.000,9999.000,9999.000,9999.000,9999.000,9999.000,9999.000
202607292324,   2.550,   3.499,9999.000,9999.000,9999.000,9999.000,9999.000,9999.000,9999.000
202607292330,   2.600,   3.539,9999.000,9999.000,9999.000,9999.000,9999.000,9999.000,9999.000
202607292336,   2.649,   3.650,9999.000,9999.000,9999.000,9999.000,9999.000,9999.000,9999.000
202607292342,   2.696,   3.617,9999.000,9999.000,9999.000,9999.000,9999.000,9999.000,9999.000
202607292348,   2.741,   3.617,9999.000,9999.000,9999.000,9999.000,9999.000,9999.000,9999.000
202607292354,   2.784,   3.729,9999.000,9999.000,9999.000,9999.000,9999.000,9999.000,9999.000
202607300000,   2.826,   3.749,   0.800,   0.123,   3.749,   0.700,   3.649,   0.800,   3.749
202607300006,   2.865,   3.788,9999.000,9999.000,9999.000,9999.000,9999.000,9999.000,9999.000
202607300012,   2.902,   3.827,9999.000,9999.000,9999.000,9999.000,9999.000,9999.000,9999.000
202607300018,   2.938,   3.958,9999.000,9999.000,9999.000,9999.000,9999.000,9999.000,9999.000
202607300024,   2.971,   3.958,9999.000,9999.000,9999.000,9999.000,9999.000,9999.000,9999.000
202607300030,   3.002,   3.978,9999.000,9999.000,9999.000,9999.000,9999.000,9999.000,9999.000
202607300036,   3.030,   4.017,9999.000,9999.000,9999.000,9999.000,9999.000,9999.000,9999.000
202607300042,   3.057,   4.070,9999.000,9999.000,9999.000,9999.000,9999.000,9999.000,9999.000
202607300048,   3.081,   3.978,9999.000,9999.000,9999.000,9999.000,9999.000,9999.000,9999.000
202607300054,   3.102,   4.080,9999.000,9999.000,9999.000,9999.000,9999.000,9999.000,9999.000
202607300100,   3.121,   4.198,   0.800,   0.277,   4.198,   0.700,   4.098,   0.800,   4.198
202607300106,   3.138,   4.129,9999.000,9999.000,9999.000,9999.000,9999.000,9999.000,9999.000
202607300112,   3.152,   4.090,9999.000,9999.000,9999.000,9999.000,9999.000,9999.000,9999.000
202607300118,   3.163,   4.139,9999.000,9999.000,9999.000,9999.000,9999.000,9999.000,9999.000
202607300124,   3.171,   4.218,9999.000,9999.000,9999.000,9999.000,9999.000,9999.000,9999.000
202607300130,   3.177,   4.188,9999.000,9999.000,9999.000,9999.000,9999.000,9999.000,9999.000
202607300136,   3.179,   4.218,9999.000,9999.000,9999.000,9999.000,9999.000,9999.000,9999.000
202607300142,   3.179,   4.208,9999.000,9999.000,9999.000,9999.000,9999.000,9999.000,9999.000
202607300148,   3.176,   4.237,9999.000,9999.000,9999.000,9999.000,9999.000,9999.000,9999.000
202607300154,   3.169,   4.208,9999.000,9999.000,9999.000,9999.000,9999.000,9999.000,9999.000
202607300200,   3.159,   4.198,   0.800,   0.239,   4.198,   0.700,   4.098,   0.800,   4.198
202607300206,   3.146,   4.257,9999.000,9999.000,9999.000,9999.000,9999.000,9999.000,9999.000
202607300212,   3.130,   4.227,9999.000,9999.000,9999.000,9999.000,9999.000,9999.000,9999.000
202607300218,   3.111,   4.218,9999.000,9999.000,9999.000,9999.000,9999.000,9999.000,9999.000
202607300224,   3.088,   4.227,9999.000,9999.000,9999.000,9999.000,9999.000,9999.000,9999.000
202607300230,   3.061,   4.149,9999.000,9999.000,9999.000,9999.000,9999.000,9999.000,9999.000
202607300236,   3.032,   4.188,9999.000,9999.000,9999.000,9999.000,9999.000,9999.000,9999.000
202607300242,   2.999,   4.188,9999.000,9999.000,9999.000,9999.000,9999.000,9999.000,9999.000
202607300248,   2.962,   4.139,9999.000,9999.000,9999.000,9999.000,9999.000,9999.000,9999.000
202607300254,   2.922,   4.109,9999.000,9999.000,9999.000,9999.000,9999.000,9999.000,9999.000
202607300300,   2.879,   4.057,   0.700,   0.478,   4.057,   0.700,   4.057,   0.800,   4.157
202607300306,   2.833,   4.017,9999.000,9999.000,9999.000,9999.000,9999.000,9999.000,9999.000
202607300312,   2.784,   3.998,9999.000,9999.000,9999.000,9999.000,9999.000,9999.000,9999.000
202607300318,   2.731,   3.939,9999.000,9999.000,9999.000,9999.000,9999.000,9999.000,9999.000
202607300324,   2.676,   3.808,9999.000,9999.000,9999.000,9999.000,9999.000,9999.000,9999.000
202607300330,   2.618,   3.768,9999.000,9999.000,9999.000,9999.000,9999.000,9999.000,9999.000
202607300336,   2.557,   3.680,9999.000,9999.000,9999.000,9999.000,9999.000,9999.000,9999.000
202607300342,   2.494,   3.607,9999.000,9999.000,9999.000,9999.000,9999.000,9999.000,9999.000
202607300348,   2.429,   3.548,9999.000,9999.000,9999.000,9999.000,9999.000,9999.000,9999.000
202607300354,   2.361,   3.480,9999.000,9999.000,9999.000,9999.000,9999.000,9999.000,9999.000
202607300400,   2.292,   3.480,   0.700,   0.488,   3.480,   0.700,   3.480,   0.800,   3.580
202607300406,   2.221,   3.368,9999.000,9999.000,9999.000,9999.000,9999.000,9999.000,9999.000
202607300412,   2.148,   3.299,9999.000,9999.000,9999.000,9999.000,9999.000,9999.000,9999.000
202607300418,   2.074,   3.207,9999.000,9999.000,9999.000,9999.000,9999.000,9999.000,9999.000
202607300424,   2.000,   3.138,9999.000,9999.000,9999.000,9999.000,9999.000,9999.000,9999.000
202607300430,   1.925,   3.148,9999.000,9999.000,9999.000,9999.000,9999.000,9999.000,9999.000
202607300436,   1.849,   3.040,9999.000,9999.000,9999.000,9999.000,9999.000,9999.000,9999.000
202607300442,   1.773,   2.968,9999.000,9999.000,9999.000,9999.000,9999.000,9999.000,9999.000
202607300448,   1.698,   2.869,9999.000,9999.000,9999.000,9999.000,9999.000,9999.000,9999.000
202607300454,   1.622,   2.797,9999.000,9999.000,9999.000,9999.000,9999.000,9999.000,9999.000
202607300500,   1.548,   2.709,   0.700,   0.461,   2.709,   0.700,   2.709,   0.700,   2.709
202607300506,   1.474,   2.660,9999.000,9999.000,9999.000,9999.000,9999.000,9999.000,9999.000
202607300512,   1.401,   2.630,9999.000,9999.000,9999.000,9999.000,9999.000,9999.000,9999.000
202607300518,   1.330,   2.597,9999.000,9999.000,9999.000,9999.000,9999.000,9999.000,9999.000
202607300524,   1.260,   2.479,9999.000,9999.000,9999.000,9999.000,9999.000,9999.000,9999.000
202607300530,   1.192,   2.400,9999.000,9999.000,9999.000,9999.000,9999.000,9999.000,9999.000
202607300536,   1.126,   2.348,9999.000,9999.000,9999.000,9999.000,9999.000,9999.000,9999.000
202607300542,   1.063,   2.279,9999.000,9999.000,9999.000,9999.000,9999.000,9999.000,9999.000
202607300548,   1.001,   2.200,9999.000,9999.000,9999.000,9999.000,9999.000,9999.000,9999.000
202607300554,   0.943,   2.168,9999.000,9999.000,9999.000,9999.000,9999.000,9999.000,9999.000
202607300600,   0.887,   2.059,   0.700,   0.472,   2.059,   0.600,   1.959,   0.700,   2.059
202607300606,   0.833,   1.958,9999.000,9999.000,9999.000,9999.000,9999.000,9999.000,9999.000
202607300612,   0.783,   1.918,9999.000,9999.000,9999.000,9999.000,9999.000,9999.000,9999.000
202607300618,   0.736,   1.869,9999.000,9999.000,9999.000,9999.000,9999.000,9999.000,9999.000
202607300624,   0.692,   1.830,9999.000,9999.000,9999.000,9999.000,9999.000,9999.000,9999.000
202607300630,   0.652,   1.748,9999.000,9999.000,9999.000,9999.000,9999.000,9999.000,9999.000
202607300636,   0.614,   1.781,9999.000,9999.000,9999.000,9999.000,9999.000,9999.000,9999.000
202607300642,   0.580,   1.659,9999.000,9999.000,9999.000,9999.000,9999.000,9999.000,9999.000
202607300648,   0.550,   1.669,9999.000,9999.000,9999.000,9999.000,9999.000,9999.000,9999.000
202607300654,   0.523,   1.649,9999.000,9999.000,9999.000,9999.000,9999.000,9999.000,9999.000
202607300700,   0.499,   1.538,   0.700,   0.339,   1.538,   0.600,   1.438,   0.700,   1.538
202607300706,   0.479,   1.489,9999.000,9999.000,9999.000,9999.000,9999.000,9999.000,9999.000
202607300712,   0.462,   1.518,9999.000,9999.000,9999.000,9999.000,9999.000,9999.000,9999.000
202607300718,   0.449,   1.439,9999.000,9999.000,9999.000,9999.000,9999.000,9999.000,9999.000
202607300724,   0.439,   1.498,9999.000,9999.000,9999.000,9999.000,9999.000,9999.000,9999.000
202607300730,   0.432,   1.430,9999.000,9999.000,9999.000,9999.000,9999.000,9999.000,9999.000
202607300736,   0.429,   1.439,9999.000,9999.000,9999.000,9999.000,9999.000,9999.000,9999.000
202607300742,   0.429,   1.439,9999.000,9999.000,9999.000,9999.000,9999.000,9999.000,9999.000
202607300748,   0.432,   1.459,9999.000,9999.000,9999.000,9999.000,9999.000,9999.000,9999.000
202607300754,   0.439,   1.390,9999.000,9999.000,9999.000,9999.000,9999.000,9999.000,9999.000
202607300800,   0.448,   1.479,   0.700,   0.331,   1.479,   0.600,   1.379,   0.700,   1.479
202607300806,   0.461,   1.439,9999.000,9999.000,9999.000,9999.000,9999.000,9999.000,9999.000
202607300812,   0.476,   1.449,9999.000,9999.000,9999.000,9999.000,9999.000,9999.000,9999.000
202607300818,   0.494,   1.489,9999.000,9999.000,9999.000,9999.000,9999.000,9999.000,9999.000
202607300824,   0.515,   1.489,9999.000,9999.000,9999.000,9999.000,9999.000,9999.000,9999.000
202607300830,   0.539,   1.498,9999.000,9999.000,9999.000,9999.000,9999.000,9999.000,9999.000
202607300836,   0.565,   1.557,9999.000,9999.000,9999.000,9999.000,9999.000,9999.000,9999.000
202607300842,   0.594,   1.498,9999.000,9999.000,9999.000,9999.000,9999.000,9999.000,9999.000
202607300848,   0.625,   1.590,9999.000,9999.000,9999.000,9999.000,9999.000,9999.000,9999.000
202607300854,   0.658,   1.620,9999.000,9999.000,9999.000,9999.000,9999.000,9999.000,9999.000
202607300900,   0.694,   1.571,   0.700,   0.177,   1.571,   0.600,   1.471,   0.700,   1.571
202607300906,   0.731,   1.659,9999.000,9999.000,9999.000,9999.000,9999.000,9999.000,9999.000
202607300912,   0.771,   1.669,9999.000,9999.000,9999.000,9999.000,9999.000,9999.000,9999.000
202607300918,   0.812,   1.728,9999.000,9999.000,9999.000,9999.000,9999.000,9999.000,9999.000
202607300924,   0.855,   1.758,9999.000,9999.000,9999.000,9999.000,9999.000,9999.000,9999.000
202607300930,   0.899,   1.810,9999.000,9999.000,9999.000,9999.000,9999.000,9999.000,9999.000
202607300936,   0.945,   1.849,9999.000,9999.000,9999.000,9999.000,9999.000,9999.000,9999.000
202607300942,   0.992,   1.869,9999.000,9999.000,9999.000,9999.000,9999.000,9999.000,9999.000
202607300948,   1.040,   1.948,9999.000,9999.000,9999.000,9999.000,9999.000,9999.000,9999.000
202607300954,   1.089,   2.020,9999.000,9999.000,9999.000,9999.000,9999.000,9999.000,9999.000
202607301000,   1.139,   2.069,   0.700,   0.230,   2.069,   0.600,   1.969,   0.700,   2.069
202607301006,   1.189,   2.158,9999.000,9999.000,9999.000,9999.000,9999.000,9999.000,9999.000
202607301012,   1.240,   2.230,9999.000,9999.000,9999.000,9999.000,9999.000,9999.000,9999.000
202607301018,   1.292,   2.210,9999.000,9999.000,9999.000,9999.000,9999.000,9999.000,9999.000
202607301024,   1.344,   2.250,9999.000,9999.000,9999.000,9999.000,9999.000,9999.000,9999.000
202607301030,   1.396,   2.348,9999.000,9999.000,9999.000,9999.000,9999.000,9999.000,9999.000
202607301036,   1.447,   2.377,9999.000,9999.000,9999.000,9999.000,9999.000,9999.000,9999.000
202607301042,   1.499,   2.420,9999.000,9999.000,9999.000,9999.000,9999.000,9999.000,9999.000
202607301048,   1.550,   2.430,9999.000,9999.000,9999.000,9999.000,9999.000,9999.000,9999.000
202607301054,   1.601,   2.489,9999.000,9999.000,9999.000,9999.000,9999.000,9999.000,9999.000
202607301100,   1.652,   2.587,   0.600,   0.335,   2.587,   0.600,   2.587,   0.700,   2.687
202607301106,   1.701,   2.578,9999.000,9999.000,9999.000,9999.000,9999.000,9999.000,9999.000
202607301112,   1.750,   2.587,9999.000,9999.000,9999.000,9999.000,9999.000,9999.000,9999.000
202607301118,   1.798,   2.679,9999.000,9999.000,9999.000,9999.000,9999.000,9999.000,9999.000
202607301124,   1.845,   2.679,9999.000,9999.000,9999.000,9999.000,9999.000,9999.000,9999.000
202607301130,   1.891,   2.748,9999.000,9999.000,9999.000,9999.000,9999.000,9999.000,9999.000
202607301136,   1.936,   2.778,9999.000,9999.000,9999.000,9999.000,9999.000,9999.000,9999.000
202607301142,   1.979,   2.807,9999.000,9999.000,9999.000,9999.000,9999.000,9999.000,9999.000
202607301148,   2.021,   2.840,9999.000,9999.000,9999.000,9999.000,9999.000,9999.000,9999.000
202607301154,   2.062,   2.909,9999.000,9999.000,9999.000,9999.000,9999.000,9999.000,9999.000
202607301200,   2.101,   2.948,   0.700,   0.147,   2.948,   0.600,   2.848,   0.700,   2.948
202607301206,   2.138,   2.958,9999.000,9999.000,9999.000,9999.000,9999.000,9999.000,9999.000
202607301212,   2.173,   3.040,9999.000,9999.000,9999.000,9999.000,9999.000,9999.000,9999.000
202607301218,   2.207,   3.138,9999.000,9999.000,9999.000,9999.000,9999.000,9999.000,9999.000
202607301224,   2.239,   3.079,9999.000,9999.000,9999.000,9999.000,9999.000,9999.000,9999.000
202607301230,   2.269,   3.168,9999.000,9999.000,9999.000,9999.000,9999.000,9999.000,9999.000
202607301236,   2.298,   3.178,9999.000,9999.000,9999.000,9999.000,9999.000,9999.000,9999.000
202607301242,   2.324,   3.197,9999.000,9999.000,9999.000,9999.000,9999.000,9999.000,9999.000
202607301248,   2.348,   3.197,9999.000,9999.000,9999.000,9999.000,9999.000,9999.000,9999.000
202607301254,   2.370,   3.240,9999.000,9999.000,9999.000,9999.000,9999.000,9999.000,9999.000
202607301300,   2.390,   3.329,   0.700,   0.239,   3.329,   0.600,   3.229,   0.700,   3.329
202607301306,   2.407,   3.329,9999.000,9999.000,9999.000,9999.000,9999.000,9999.000,9999.000
202607301312,   2.422,   3.358,9999.000,9999.000,9999.000,9999.000,9999.000,9999.000,9999.000
202607301318,   2.435,   3.388,9999.000,9999.000,9999.000,9999.000,9999.000,9999.000,9999.000
202607301324,   2.446,   3.339,9999.000,9999.000,9999.000,9999.000,9999.000,9999.000,9999.000
202607301330,   2.454,   3.348,9999.000,9999.000,9999.000,9999.000,9999.000,9999.000,9999.000
202607301336,   2.459,   3.358,9999.000,9999.000,9999.000,9999.000,9999.000,9999.000,9999.000
202607301342,   2.462,   3.440,9999.000,9999.000,9999.000,9999.000,9999.000,9999.000,9999.000
202607301348,   2.463,   3.407,9999.000,9999.000,9999.000,9999.000,9999.000,9999.000,9999.000
202607301354,   2.460,   3.499,9999.000,9999.000,9999.000,9999.000,9999.000,9999.000,9999.000
202607301400,   2.455,   3.470,   0.700,   0.315,   3.470,   0.600,   3.370,   0.700,   3.470
202607301406,   2.447,   3.417,9999.000,9999.000,9999.000,9999.000,9999.000,9999.000,9999.000
202607301412,   2.436,   3.427,9999.000,9999.000,9999.000,9999.000,9999.000,9999.000,9999.000
202607301418,   2.423,   3.407,9999.000,9999.000,9999.000,9999.000,9999.000,9999.000,9999.000
202607301424,   2.406,   3.450,9999.000,9999.000,9999.000,9999.000,9999.000,9999.000,9999.000
202607301430,   2.387,   3.440,9999.000,9999.000,9999.000,9999.000,9999.000,9999.000,9999.000
202607301436,   2.364,   3.339,9999.000,9999.000,9999.000,9999.000,9999.000,9999.000,9999.000
202607301442,   2.338,   3.339,9999.000,9999.000,9999.000,9999.000,9999.000,9999.000,9999.000
202607301448,   2.310,   3.398,9999.000,9999.000,9999.000,9999.000,9999.000,9999.000,9999.000
202607301454,   2.278,   3.309,9999.000,9999.000,9999.000,9999.000,9999.000,9999.000,9999.000
202607301500,   2.244,   3.260,   0.700,   0.316,   3.260,   0.600,   3.160,   0.700,   3.260
202607301506,   2.206,   3.230,9999.000,9999.000,9999.000,9999.000,9999.000,9999.000,9999.000
202607301512,   2.166,   3.230,9999.000,9999.000,9999.000,9999.000,9999.000,9999.000,9999.000
202607301518,   2.123,   3.158,9999.000,9999.000,9999.000,9999.000,9999.000,9999.000,9999.000
202607301524,   2.077,   3.099,9999.000,9999.000,9999.000,9999.000,9999.000,9999.000,9999.000
202607301530,   2.028,   3.070,9999.000,9999.000,9999.000,9999.000,9999.000,9999.000,9999.000
202607301536,   1.977,   3.079,9999.000,9999.000,9999.000,9999.000,9999.000,9999.000,9999.000
202607301542,   1.924,   2.997,9999.000,9999.000,9999.000,9999.000,9999.000,9999.000,9999.000
202607301548,   1.868,   2.919,9999.000,9999.000,9999.000,9999.000,9999.000,9999.000,9999.000
202607301554,   1.810,   2.850,9999.000,9999.000,9999.000,9999.000,9999.000,9999.000,9999.000
202607301600,   1.750,   2.797,   0.700,   0.347,   2.797,   0.600,   2.697,   0.700,   2.797
202607301606,   1.689,   2.728,9999.000,9999.000,9999.000,9999.000,9999.000,9999.000,9999.000
202607301612,   1.626,   2.689,9999.000,9999.000,9999.000,9999.000,9999.000,9999.000,9999.000
202607301618,   1.561,   2.660,9999.000,9999.000,9999.000,9999.000,9999.000,9999.000,9999.000
202607301624,   1.496,   2.587,9999.000,9999.000,9999.000,9999.000,9999.000,9999.000,9999.000
202607301630,   1.430,   2.538,9999.000,9999.000,9999.000,9999.000,9999.000,9999.000,9999.000
202607301636,   1.363,   2.479,9999.000,9999.000,9999.000,9999.000,9999.000,9999.000,9999.000
202607301642,   1.296,   2.338,9999.000,9999.000,9999.000,9999.000,9999.000,9999.000,9999.000
202607301648,   1.229,   2.279,9999.000,9999.000,9999.000,9999.000,9999.000,9999.000,9999.000
202607301654,   1.162,   2.309,9999.000,9999.000,9999.000,9999.000,9999.000,9999.000,9999.000
202607301700,   1.095,   2.177,   0.700,   0.382,   2.177,   0.600,   2.077,   0.700,   2.177
202607301706,   1.030,   2.168,9999.000,9999.000,9999.000,9999.000,9999.000,9999.000,9999.000
202607301712,   0.965,   2.089,9999.000,9999.000,9999.000,9999.000,9999.000,9999.000,9999.000
202607301718,   0.902,   2.030,9999.000,9999.000,9999.000,9999.000,9999.000,9999.000,9999.000
202607301724,   0.840,   1.938,9999.000,9999.000,9999.000,9999.000,9999.000,9999.000,9999.000
202607301730,   0.780,   1.830,9999.000,9999.000,9999.000,9999.000,9999.000,9999.000,9999.000
202607301736,   0.722,   1.790,9999.000,9999.000,9999.000,9999.000,9999.000,9999.000,9999.000
202607301742,   0.666,   1.767,9999.000,9999.000,9999.000,9999.000,9999.000,9999.000,9999.000
202607301748,   0.612,   1.718,9999.000,9999.000,9999.000,9999.000,9999.000,9999.000,9999.000
202607301754,   0.562,   1.669,9999.000,9999.000,9999.000,9999.000,9999.000,9999.000,9999.000
202607301800,   0.514,   1.639,   0.700,   0.425,   1.639,   0.700,   1.639,   0.800,   1.739
202607301806,   0.469,   1.571,9999.000,9999.000,9999.000,9999.000,9999.000,9999.000,9999.000
202607301812,   0.427,   1.571,9999.000,9999.000,9999.000,9999.000,9999.000,9999.000,9999.000
202607301818,   0.389,   1.479,9999.000,9999.000,9999.000,9999.000,9999.000,9999.000,9999.000
202607301824,   0.354,   1.439,9999.000,9999.000,9999.000,9999.000,9999.000,9999.000,9999.000
202607301830,   0.323,   1.420,9999.000,9999.000,9999.000,9999.000,9999.000,9999.000,9999.000
202607301836,   0.295,   1.298,9999.000,9999.000,9999.000,9999.000,9999.000,9999.000,9999.000
202607301842,   0.271,   1.328,9999.000,9999.000,9999.000,9999.000,9999.000,9999.000,9999.000
202607301848,   0.251,   1.269,9999.000,9999.000,9999.000,9999.000,9999.000,9999.000,9999.000
202607301854,   0.234,   1.229,9999.000,9999.000,9999.000,9999.000,9999.000,9999.000,9999.000
202607301900,   0.221,   1.249,   0.700,   0.328,   1.249,   0.700,   1.249,   0.800,   1.349
202607301906,   0.212,   1.220,9999.000,9999.000,9999.000,9999.000,9999.000,9999.000,9999.000
202607301912,   0.207,   1.239,9999.000,9999.000,9999.000,9999.000,9999.000,9999.000,9999.000
202607301918,   0.206,   1.161,9999.000,9999.000,9999.000,9999.000,9999.000,9999.000,9999.000
202607301924,   0.208,   1.180,9999.000,9999.000,9999.000,9999.000,9999.000,9999.000,9999.000
202607301930,   0.214,   1.200,9999.000,9999.000,9999.000,9999.000,9999.000,9999.000,9999.000
202607301936,   0.224,   1.190,9999.000,9999.000,9999.000,9999.000,9999.000,9999.000,9999.000
202607301942,   0.237,   1.269,9999.000,9999.000,9999.000,9999.000,9999.000,9999.000,9999.000
202607301948,   0.254,   1.210,9999.000,9999.000,9999.000,9999.000,9999.000,9999.000,9999.000
202607301954,   0.274,   1.180,9999.000,9999.000,9999.000,9999.000,9999.000,9999.000,9999.000
202607302000,   0.298,   1.210,   0.700,   0.212,   1.210,   0.700,   1.210,   0.800,   1.310
202607302006,   0.324,   1.229,9999.000,9999.000,9999.000,9999.000,9999.000,9999.000,9999.000
202607302012,   0.354,   1.289,9999.000,9999.000,9999.000,9999.000,9999.000,9999.000,9999.000
202607302018,   0.387,   1.269,9999.000,9999.000,9999.000,9999.000,9999.000,9999.000,9999.000
202607302024,   0.422,   1.380,9999.000,9999.000,9999.000,9999.000,9999.000,9999.000,9999.000
202607302030,   0.461,   1.430,9999.000,9999.000,9999.000,9999.000,9999.000,9999.000,9999.000
202607302036,   0.502,   1.479,9999.000,9999.000,9999.000,9999.000,9999.000,9999.000,9999.000
202607302042,   0.545,   1.557,9999.000,9999.000,9999.000,9999.000,9999.000,9999.000,9999.000
202607302048,   0.591,   1.518,9999.000,9999.000,9999.000,9999.000,9999.000,9999.000,9999.000
202607302054,   0.639,   1.679,9999.000,9999.000,9999.000,9999.000,9999.000,9999.000,9999.000
202607302100,   0.690,   1.718,   0.700,   0.328,   1.718,   0.700,   1.718,   0.800,   1.818
202607302106,   0.742,   1.708,9999.000,9999.000,9999.000,9999.000,9999.000,9999.000,9999.000
202607302112,   0.796,   1.758,9999.000,9999.000,9999.000,9999.000,9999.000,9999.000,9999.000
202607302118,   0.852,   1.820,9999.000,9999.000,9999.000,9999.000,9999.000,9999.000,9999.000
202607302124,   0.909,   1.908,9999.000,9999.000,9999.000,9999.000,9999.000,9999.000,9999.000
202607302130,   0.968,   1.958,9999.000,9999.000,9999.000,9999.000,9999.000,9999.000,9999.000
202607302136,   1.029,   2.000,9999.000,9999.000,9999.000,9999.000,9999.000,9999.000,9999.000
202607302142,   1.090,   2.030,9999.000,9999.000,9999.000,9999.000,9999.000,9999.000,9999.000
202607302148,   1.153,   2.099,9999.000,9999.000,9999.000,9999.000,9999.000,9999.000,9999.000
202607302154,   1.216,   2.158,9999.000,9999.000,9999.000,9999.000,9999.000,9999.000,9999.000
202607302200,   1.281,   2.200,   0.700,   0.219,   2.200,   0.700,   2.200,   0.800,   2.300
202607302206,   1.346,   2.240,9999.000,9999.000,9999.000,9999.000,9999.000,9999.000,9999.000
202607302212,   1.411,   2.289,9999.000,9999.000,9999.000,9999.000,9999.000,9999.000,9999.000
202607302218,   1.477,   2.440,9999.000,9999.000,9999.000,9999.000,9999.000,9999.000,9999.000
202607302224,   1.543,   2.450,9999.000,9999.000,9999.000,9999.000,9999.000,9999.000,9999.000
202607302230,   1.609,   2.499,9999.000,9999.000,9999.000,9999.000,9999.000,9999.000,9999.000
202607302236,   1.675,   2.548,9999.000,9999.000,9999.000,9999.000,9999.000,9999.000,9999.000
202607302242,   1.741,   2.679,9999.000,9999.000,9999.000,9999.000,9999.000,9999.000,9999.000
202607302248,   1.806,   2.689,9999.000,9999.000,9999.000,9999.000,9999.000,9999.000,9999.000
202607302254,   1.871,   2.778,9999.000,9999.000,9999.000,9999.000,9999.000,9999.000,9999.000
202607302300,   1.936,   2.889,   0.800,   0.153,   2.889,   0.700,   2.789,   0.800,   2.889
202607302306,   1.999,   2.919,9999.000,9999.000,9999.000,9999.000,9999.000,9999.000,9999.000
202607302312,   2.062,   2.929,9999.000,9999.000,9999.000,9999.000,9999.000,9999.000,9999.000
202607302318,   2.124,   2.997,9999.000,9999.000,9999.000,9999.000,9999.000,9999.000,9999.000
202607302324,   2.185,   3.079,9999.000,9999.000,9999.000,9999.000,9999.000,9999.000,9999.000
202607302330,   2.245,   3.188,9999.000,9999.000,9999.000,9999.000,9999.000,9999.000,9999.000
202607302336,   2.304,   3.197,9999.000,9999.000,9999.000,9999.000,9999.000,9999.000,9999.000
202607302342,   2.361,   3.279,9999.000,9999.000,9999.000,9999.000,9999.000,9999.000,9999.000
202607302348,   2.417,   3.358,9999.000,9999.000,9999.000,9999.000,9999.000,9999.000,9999.000
202607302354,   2.471,   3.388,9999.000,9999.000,9999.000,9999.000,9999.000,9999.000,9999.000
202607310000,   2.523,   3.460,   0.800,   0.137,   3.460,   0.700,   3.360,   0.800,   3.460
202607310006,   2.574,   3.519,9999.000,9999.000,9999.000,9999.000,9999.000,9999.000,9999.000
202607310012,   2.623,   3.598,9999.000,9999.000,9999.000,9999.000,9999.000,9999.000,9999.000
202607310018,   2.670,   3.558,9999.000,9999.000,9999.000,9999.000,9999.000,9999.000,9999.000
202607310024,   2.716,   3.598,9999.000,9999.000,9999.000,9999.000,9999.000,9999.000,9999.000
202607310030,   2.759,   3.689,9999.000,9999.000,9999.000,9999.000,9999.000,9999.000,9999.000
202607310036,   2.800,   3.729,9999.000,9999.000,9999.000,9999.000,9999.000,9999.000,9999.000
202607310042,   2.840,   3.788,9999.000,9999.000,9999.000,9999.000,9999.000,9999.000,9999.000
202607310048,   2.877,   3.860,9999.000,9999.000,9999.000,9999.000,9999.000,9999.000,9999.000
202607310054,   2.912,   3.909,9999.000,9999.000,9999.000,9999.000,9999.000,9999.000,9999.000
202607310100,   2.944,   3.919,   0.800,   0.175,   3.919,   0.700,   3.819,   0.800,   3.919
202607310106,   2.975,   3.958,9999.000,9999.000,9999.000,9999.000,9999.000,9999.000,9999.000
202607310112,   3.003,   4.047,9999.000,9999.000,9999.000,9999.000,9999.000,9999.000,9999.000
202607310118,   3.029,   4.037,9999.000,9999.000,9999.000,9999.000,9999.000,9999.000,9999.000
202607310124,   3.052,   4.109,9999.000,9999.000,9999.000,9999.000,9999.000,9999.000,9999.000
202607310130,   3.072,   4.149,9999.000,9999.000,9999.000,9999.000,9999.000,9999.000,9999.000
202607310136,   3.090,   4.080,9999.000,9999.000,9999.000,9999.000,9999.000,9999.000,9999.000
202607310142,   3.106,   4.149,9999.000,9999.000,9999.000,9999.000,9999.000,9999.000,9999.000
202607310148,   3.119,   4.178,9999.000,9999.000,9999.000,9999.000,9999.000,9999.000,9999.000
202607310154,   3.129,   4.198,9999.000,9999.000,9999.000,9999.000,9999.000,9999.000,9999.000
202607310200,   3.136,   4.168,   0.800,   0.232,   4.168,   0.800,   4.168,   0.800,   4.168
202607310206,   3.140,   4.198,9999.000,9999.000,9999.000,9999.000,9999.000,9999.000,9999.000
202607310212,   3.142,   4.267,9999.000,9999.000,9999.000,9999.000,9999.000,9999.000,9999.000
202607310218,   3.140,   4.257,9999.000,9999.000,9999.000,9999.000,9999.000,9999.000,9999.000
202607310224,   3.135,   4.309,9999.000,9999.000,9999.000,9999.000,9999.000,9999.000,9999.000
202607310230,   3.127,   4.290,9999.000,9999.000,9999.000,9999.000,9999.000,9999.000,9999.000
202607310236,   3.116,   4.267,9999.000,9999.000,9999.000,9999.000,9999.000,9999.000,9999.000
202607310242,   3.102,   4.218,9999.000,9999.000,9999.000,9999.000,9999.000,9999.000,9999.000
202607310248,   3.085,   4.257,9999.000,9999.000,9999.000,9999.000,9999.000,9999.000,9999.000
202607310254,   3.064,   4.267,9999.000,9999.000,9999.000,9999.000,9999.000,9999.000,9999.000
202607310300,   3.040,   4.237,   0.800,   0.397,   4.237,   0.700,   4.137,   0.800,   4.237
202607310306,   3.012,   4.198,9999.000,9999.000,9999.000,9999.000,9999.000,9999.000,9999.000
202607310312,   2.981,   4.109,9999.000,9999.000,9999.000,9999.000,9999.000,9999.000,9999.000
202607310318,   2.947,   4.188,9999.000,9999.000,9999.000,9999.000,9999.000,9999.000,9999.000
202607310324,   2.909,   4.099,9999.000,9999.000,9999.000,9999.000,9999.000,9999.000,9999.000
202607310330,   2.868,   4.080,9999.000,9999.000,9999.000,9999.000,9999.000,9999.000,9999.000
202607310336,   2.824,   4.109,9999.000,9999.000,9999.000,9999.000,9999.000,9999.000,9999.000
202607310342,   2.776,   4.037,9999.000,9999.000,9999.000,9999.000,9999.000,9999.000,9999.000
202607310348,   2.725,   3.968,9999.000,9999.000,9999.000,9999.000,9999.000,9999.000,9999.000
202607310354,   2.671,   3.890,9999.000,9999.000,9999.000,9999.000,9999.000,9999.000,9999.000
202607310400,   2.615,   3.788,   0.800,   0.373,   3.788,   0.700,   3.688,   0.800,   3.788
202607310406,   2.555,   3.680,9999.000,9999.000,9999.000,9999.000,9999.000,9999.000,9999.000
202607310412,   2.493,   3.689,9999.000,9999.000,9999.000,9999.000,9999.000,9999.000,9999.000
202607310418,   2.428,   3.680,9999.000,9999.000,9999.000,9999.000,9999.000,9999.000,9999.000
202607310424,   2.361,   3.568,9999.000,9999.000,9999.000,9999.000,9999.000,9999.000,9999.000
202607310430,   2.291,   3.499,9999.000,9999.000,9999.000,9999.000,9999.000,9999.000,9999.000
202607310436,   2.220,   3.480,9999.000,9999.000,9999.000,9999.000,9999.000,9999.000,9999.000
202607310442,   2.147,   3.378,9999.000,9999.000,9999.000,9999.000,9999.000,9999.000,9999.000
202607310448,   2.073,   3.289,9999.000,9999.000,9999.000,9999.000,9999.000,9999.000,9999.000
202607310454,   1.997,   3.260,9999.000,9999.000,9999.000,9999.000,9999.000,9999.000,9999.000
202607310500,   1.920,   3.168,   0.800,   0.448,   3.168,   0.700,   3.068,   0.800,   3.168
202607310506,   1.843,   3.089,9999.000,9999.000,9999.000,9999.000,9999.000,9999.000,9999.000
202607310512,   1.765,   3.050,9999.000,9999.000,9999.000,9999.000,9999.000,9999.000,9999.000
202607310518,   1.686,   3.017,9999.000,9999.000,9999.000,9999.000,9999.000,9999.000,9999.000
202607310524,   1.608,   2.929,9999.000,9999.000,9999.000,9999.000,9999.000,9999.000,9999.000
202607310530,   1.531,   2.830,9999.000,9999.000,9999.000,9999.000,9999.000,9999.000,9999.000
202607310536,   1.454,   2.758,9999.000,9999.000,9999.000,9999.000,9999.000,9999.000,9999.000
202607310542,   1.377,   2.669,9999.000,9999.000,9999.000,9999.000,9999.000,9999.000,9999.000
202607310548,   1.303,   2.630,9999.000,9999.000,9999.000,9999.000,9999.000,9999.000,9999.000
202607310554,   1.229,   2.597,9999.000,9999.000,9999.000,9999.000,9999.000,9999.000,9999.000
202607310600,   1.157,   2.528,   0.800,   0.571,   2.528,   0.800,   2.528,   0.800,   2.528
202607310606,   1.087,   2.400,9999.000,9999.000,9999.000,9999.000,9999.000,9999.000,9999.000
202607310612,   1.020,   2.309,9999.000,9999.000,9999.000,9999.000,9999.000,9999.000,9999.000
202607310618,   0.954,   2.318,9999.000,9999.000,9999.000,9999.000,9999.000,9999.000,9999.000
202607310624,   0.892,   2.200,9999.000,9999.000,9999.000,9999.000,9999.000,9999.000,9999.000
202607310630,   0.832,   2.158,9999.000,9999.000,9999.000,9999.000,9999.000,9999.000,9999.000
202607310636,   0.775,   2.099,9999.000,9999.000,9999.000,9999.000,9999.000,9999.000,9999.000
202607310642,   0.721,   2.040,9999.000,9999.000,9999.000,9999.000,9999.000,9999.000,9999.000
202607310648,   0.670,   2.049,9999.000,9999.000,9999.000,9999.000,9999.000,9999.000,9999.000
202607310654,   0.623,   1.918,9999.000,9999.000,9999.000,9999.000,9999.000,9999.000,9999.000
202607310700,   0.579,   1.879,   0.800,   0.500,   1.879,   0.700,   1.779,   0.800,   1.879
202607310706,   0.539,   1.859,9999.000,9999.000,9999.000,9999.000,9999.000,9999.000,9999.000
202607310712,   0.503,   1.810,9999.000,9999.000,9999.000,9999.000,9999.000,9999.000,9999.000
202607310718,   0.470,   1.781,9999.000,9999.000,9999.000,9999.000,9999.000,9999.000,9999.000
202607310724,   0.441,   1.718,9999.000,9999.000,9999.000,9999.000,9999.000,9999.000,9999.000
202607310730,   0.415,   1.708,9999.000,9999.000,9999.000,9999.000,9999.000,9999.000,9999.000
202607310736,   0.393,   1.708,9999.000,9999.000,9999.000,9999.000,9999.000,9999.000,9999.000
202607310742,   0.375,   1.669,9999.000,9999.000,9999.000,9999.000,9999.000,9999.000,9999.000
202607310748,   0.361,   1.580,9999.000,9999.000,9999.000,9999.000,9999.000,9999.000,9999.000
202607310754,   0.350,   1.580,9999.000,9999.000,9999.000,9999.000,9999.000,9999.000,9999.000
202607310800,   0.343,   1.600,   0.800,   0.457,   1.600,   0.700,   1.500,   0.800,   1.600
202607310806,   0.340,   1.538,9999.000,9999.000,9999.000,9999.000,9999.000,9999.000,9999.000
202607310812,   0.340,   1.518,9999.000,9999.000,9999.000,9999.000,9999.000,9999.000,9999.000
202607310818,   0.344,   1.600,9999.000,9999.000,9999.000,9999.000,9999.000,9999.000,9999.000
202607310824,   0.351,   1.557,9999.000,9999.000,9999.000,9999.000,9999.000,9999.000,9999.000
202607310830,   0.361,   1.498,9999.000,9999.000,9999.000,9999.000,9999.000,9999.000,9999.000
202607310836,   0.374,   1.479,9999.000,9999.000,9999.000,9999.000,9999.000,9999.000,9999.000
202607310842,   0.391,   1.498,9999.000,9999.000,9999.000,9999.000,9999.000,9999.000,9999.000
202607310848,   0.410,   1.518,9999.000,9999.000,9999.000,9999.000,9999.000,9999.000,9999.000
202607310854,   0.432,   1.479,9999.000,9999.000,9999.000,9999.000,9999.000,9999.000,9999.000
202607310900,   0.457,   1.459,   0.800,   0.202,   1.459,   0.700,   1.359,   0.800,   1.459
202607310906,   0.485,   1.528,9999.000,9999.000,9999.000,9999.000,9999.000,9999.000,9999.000
202607310912,   0.515,   1.600,9999.000,9999.000,9999.000,9999.000,9999.000,9999.000,9999.000
202607310918,   0.548,   1.557,9999.000,9999.000,9999.000,9999.000,9999.000,9999.000,9999.000
202607310924,   0.583,   1.679,9999.000,9999.000,9999.000,9999.000,9999.000,9999.000,9999.000
202607310930,   0.620,   1.630,9999.000,9999.000,9999.000,9999.000,9999.000,9999.000,9999.000
202607310936,   0.659,   1.728,9999.000,9999.000,9999.000,9999.000,9999.000,9999.000,9999.000
202607310942,   0.700,   1.699,9999.000,9999.000,9999.000,9999.000,9999.000,9999.000,9999.000
202607310948,   0.743,   1.738,9999.000,9999.000,9999.000,9999.000,9999.000,9999.000,9999.000
202607310954,   0.788,   1.767,9999.000,9999.000,9999.000,9999.000,9999.000,9999.000,9999.000
202607311000,   0.834,   1.820,   0.800,   0.186,   1.820,   0.700,   1.720,   0.800,   1.820
202607311006,   0.881,   1.849,9999.000,9999.000,9999.000,9999.000,9999.000,9999.000,9999.000
202607311012,   0.930,   1.879,9999.000,9999.000,9999.000,9999.000,9999.000,9999.000,9999.000
202607311018,   0.980,   1.948,9999.000,9999.000,9999.000,9999.000,9999.000,9999.000,9999.000
202607311024,   1.031,   1.967,9999.000,9999.000,9999.000,9999.000,9999.000,9999.000,9999.000
202607311030,   1.083,   2.000,9999.000,9999.000,9999.000,9999.000,9999.000,9999.000,9999.000
202607311036,   1.135,   2.030,9999.000,9999.000,9999.000,9999.000,9999.000,9999.000,9999.000
202607311042,   1.188,   2.109,9999.000,9999.000,9999.000,9999.000,9999.000,9999.000,9999.000
202607311048,   1.242,   2.191,9999.000,9999.000,9999.000,9999.000,9999.000,9999.000,9999.000
202607311054,   1.296,   2.220,9999.000,9999.000,9999.000,9999.000,9999.000,9999.000,9999.000
202607311100,   1.350,   2.269,   0.800,   0.119,   2.269,   0.700,   2.169,   0.800,   2.269
202607311106,   1.404,   2.358,9999.000,9999.000,9999.000,9999.000,9999.000,9999.000,9999.000
202607311112,   1.458,   2.299,9999.000,9999.000,9999.000,9999.000,9999.000,9999.000,9999.000
202607311118,   1.512,   2.377,9999.000,9999.000,9999.000,9999.000,9999.000,9999.000,9999.000
202607311124,   1.565,   2.450,9999.000,9999.000,9999.000,9999.000,9999.000,9999.000,9999.000
202607311130,   1.618,   2.538,9999.000,9999.000,9999.000,9999.000,9999.000,9999.000,9999.000
202607311136,   1.670,   2.610,9999.000,9999.000,9999.000,9999.000,9999.000,9999.000,9999.000
202607311142,   1.722,   2.640,9999.000,9999.000,9999.000,9999.000,9999.000,9999.000,9999.000
202607311148,   1.773,   2.660,9999.000,9999.000,9999.000,9999.000,9999.000,9999.000,9999.000
202607311154,   1.823,   2.768,9999.000,9999.000,9999.000,9999.000,9999.000,9999.000,9999.000
202607311200,   1.872,   2.748,   0.800,   0.076,   2.748,   0.700,   2.648,   0.800,   2.748
202607311206,   1.919,   2.689,9999.000,9999.000,9999.000,9999.000,9999.000,9999.000,9999.000
202607311212,   1.966,   2.820,9999.000,9999.000,9999.000,9999.000,9999.000,9999.000,9999.000
202607311218,   2.011,   2.909,9999.000,9999.000,9999.000,9999.000,9999.000,9999.000,9999.000
202607311224,   2.055,   2.997,9999.000,9999.000,9999.000,9999.000,9999.000,9999.000,9999.000
202607311230,   2.097,   3.007,9999.000,9999.000,9999.000,9999.000,9999.000,9999.000,9999.000
202607311236,   2.138,   3.119,9999.000,9999.000,9999.000,9999.000,9999.000,9999.000,9999.000
202607311242,   2.176,   3.119,9999.000,9999.000,9999.000,9999.000,9999.000,9999.000,9999.000
202607311248,   2.214,   3.099,9999.000,9999.000,9999.000,9999.000,9999.000,9999.000,9999.000
202607311254,   2.249,   3.230,9999.000,9999.000,9999.000,9999.000,9999.000,9999.000,9999.000
202607311300,   2.282,   3.217,   0.700,   0.235,   3.217,   0.700,   3.217,   0.800,   3.317
202607311306,   2.314,   3.299,9999.000,9999.000,9999.000,9999.000,9999.000,9999.000,9999.000
202607311312,   2.344,   3.260,9999.000,9999.000,9999.000,9999.000,9999.000,9999.000,9999.000
202607311318,   2.371,   3.309,9999.000,9999.000,9999.000,9999.000,9999.000,9999.000,9999.000
202607311324,   2.396,   3.348,9999.000,9999.000,9999.000,9999.000,9999.000,9999.000,9999.000
202607311330,   2.420,   3.417,9999.000,9999.000,9999.000,9999.000,9999.000,9999.000,9999.000
202607311336,   2.441,   3.470,9999.000,9999.000,9999.000,9999.000,9999.000,9999.000,9999.000
202607311342,   2.459,   3.480,9999.000,9999.000,9999.000,9999.000,9999.000,9999.000,9999.000
202607311348,   2.476,   3.440,9999.000,9999.000,9999.000,9999.000,9999.000,9999.000,9999.000
202607311354,   2.490,   3.480,9999.000,9999.000,9999.000,9999.000,9999.000,9999.000,9999.000
202607311400,   2.502,   3.519,   0.700,   0.317,   3.519,   0.700,   3.519,   0.800,   3.619
202607311406,   2.511,   3.427,9999.000,9999.000,9999.000,9999.000,9999.000,9999.000,9999.000
202607311412,   2.517,   3.509,9999.000,9999.000,9999.000,9999.000,9999.000,9999.000,9999.000
202607311418,   2.522,   3.450,9999.000,9999.000,9999.000,9999.000,9999.000,9999.000,9999.000
202607311424,   2.523,   3.519,9999.000,9999.000,9999.000,9999.000,9999.000,9999.000,9999.000
202607311430,   2.522,   3.489,9999.000,9999.000,9999.000,9999.000,9999.000,9999.000,9999.000
202607311436,   2.518,   3.470,9999.000,9999.000,9999.000,9999.000,9999.000,9999.000,9999.000
202607311442,   2.511,   3.499,9999.000,9999.000,9999.000,9999.000,9999.000,9999.000,9999.000
202607311448,   2.501,   3.489,9999.000,9999.000,9999.000,9999.000,9999.000,9999.000,9999.000
202607311454,   2.489,   3.499,9999.000,9999.000,9999.000,9999.000,9999.000,9999.000,9999.000
202607311500,   2.473,   3.378,   0.700,   0.205,   3.378,   0.700,   3.378,   0.700,   3.378
202607311506,   2.455,   3.427,9999.000,9999.000,9999.000,9999.000,9999.000,9999.000,9999.000
202607311512,   2.433,   3.417,9999.000,9999.000,9999.000,9999.000,9999.000,9999.000,9999.000
202607311518,   2.409,   3.398,9999.000,9999.000,9999.000,9999.000,9999.000,9999.000,9999.000
202607311524,   2.382,   3.348,9999.000,9999.000,9999.000,9999.000,9999.000,9999.000,9999.000
202607311530,   2.351,   3.309,9999.000,9999.000,9999.000,9999.000,9999.000,9999.000,9999.000
202607311536,   2.318,   3.329,9999.000,9999.000,9999.000,9999.000,9999.000,9999.000,9999.000
202607311542,   2.281,   3.260,9999.000,9999.000,9999.000,9999.000,9999.000,9999.000,9999.000
202607311548,   2.242,   3.260,9999.000,9999.000,9999.000,9999.000,9999.000,9999.000,9999.000
202607311554,   2.199,   3.168,9999.000,9999.000,9999.000,9999.000,9999.000,9999.000,9999.000
202607311600,   2.154,   3.168,   0.700,   0.314,   3.168,   0.700,   3.168,   0.700,   3.168
202607311606,   2.106,   3.060,9999.000,9999.000,9999.000,9999.000,9999.000,9999.000,9999.000
202607311612,   2.056,   3.040,9999.000,9999.000,9999.000,9999.000,9999.000,9999.000,9999.000
202607311618,   2.002,   2.929,9999.000,9999.000,9999.000,9999.000,9999.000,9999.000,9999.000
202607311624,   1.947,   2.899,9999.000,9999.000,9999.000,9999.000,9999.000,9999.000,9999.000
202607311630,   1.889,   2.830,9999.000,9999.000,9999.000,9999.000,9999.000,9999.000,9999.000
202607311636,   1.829,   2.860,9999.000,9999.000,9999.000,9999.000,9999.000,9999.000,9999.000
202607311642,   1.767,   2.797,9999.000,9999.000,9999.000,9999.000,9999.000,9999.000,9999.000
202607311648,   1.703,   2.768,9999.000,9999.000,9999.000,9999.000,9999.000,9999.000,9999.000
202607311654,   1.638,   2.660,9999.000,9999.000,9999.000,9999.000,9999.000,9999.000,9999.000
202607311700,   1.571,   2.578,   0.700,   0.307,   2.578,   0.700,   2.578,   0.700,   2.578
202607311706,   1.503,   2.548,9999.000,9999.000,9999.000,9999.000,9999.000,9999.000,9999.000
202607311712,   1.435,   2.479,9999.000,9999.000,9999.000,9999.000,9999.000,9999.000,9999.000
202607311718,   1.366,   2.299,9999.000,9999.000,9999.000,9999.000,9999.000,9999.000,9999.000
202607311724,   1.296,   2.259,9999.000,9999.000,9999.000,9999.000,9999.000,9999.000,9999.000
202607311730,   1.227,   2.250,9999.000,9999.000,9999.000,9999.000,9999.000,9999.000,9999.000
202607311736,   1.158,   2.168,9999.000,9999.000,9999.000,9999.000,9999.000,9999.000,9999.000
202607311742,   1.089,   2.049,9999.000,9999.000,9999.000,9999.000,9999.000,9999.000,9999.000
202607311748,   1.021,   2.059,9999.000,9999.000,9999.000,9999.000,9999.000,9999.000,9999.000
202607311754,   0.954,   2.000,9999.000,9999.000,9999.000,9999.000,9999.000,9999.000,9999.000
202607311800,   0.889,   1.928,   0.700,   0.339,   1.928,   0.700,   1.928,   0.700,   1.928
202607311806,   0.825,   1.849,9999.000,9999.000,9999.000,9999.000,9999.000,9999.000,9999.000
202607311812,   0.763,   1.800,9999.000,9999.000,9999.000,9999.000,9999.000,9999.000,9999.000
202607311818,   0.703,   1.728,9999.000,9999.000,9999.000,9999.000,9999.000,9999.000,9999.000
202607311824,   0.645,   1.620,9999.000,9999.000,9999.000,9999.000,9999.000,9999.000,9999.000
202607311830,   0.590,   1.630,9999.000,9999.000,9999.000,9999.000,9999.000,9999.000,9999.000
202607311836,   0.538,   1.557,9999.000,9999.000,9999.000,9999.000,9999.000,9999.000,9999.000
202607311842,   0.489,   1.469,9999.000,9999.000,9999.000,9999.000,9999.000,9999.000,9999.000
202607311848,   0.443,   1.410,9999.000,9999.000,9999.000,9999.000,9999.000,9999.000,9999.000
202607311854,   0.400,   1.338,9999.000,9999.000,9999.000,9999.000,9999.000,9999.000,9999.000
202607311900,   0.361,   1.371,   0.700,   0.310,   1.371,   0.700,   1.371,   0.700,   1.371
202607311906,   0.326,   1.229,9999.000,9999.000,9999.000,9999.000,9999.000,9999.000,9999.000
202607311912,   0.294,   1.210,9999.000,9999.000,9999.000,9999.000,9999.000,9999.000,9999.000
202607311918,   0.266,   1.229,9999.000,9999.000,9999.000,9999.000,9999.000,9999.000,9999.000
202607311924,   0.242,   1.220,9999.000,9999.000,9999.000,9999.000,9999.000,9999.000,9999.000
202607311930,   0.222,   1.128,9999.000,9999.000,9999.000,9999.000,9999.000,9999.000,9999.000
202607311936,   0.206,   1.128,9999.000,9999.000,9999.000,9999.000,9999.000,9999.000,9999.000
202607311942,   0.194,   1.098,9999.000,9999.000,9999.000,9999.000,9999.000,9999.000,9999.000
202607311948,   0.186,   1.088,9999.000,9999.000,9999.000,9999.000,9999.000,9999.000,9999.000
202607311954,   0.183,   1.108,9999.000,9999.000,9999.000,9999.000,9999.000,9999.000,9999.000
202607312000,   0.183,   1.049,   0.700,   0.166,   1.049,   0.700,   1.049,   0.700,   1.049
202607312006,   0.187,   1.079,9999.000,9999.000,9999.000,9999.000,9999.000,9999.000,9999.000
202607312012,   0.194,   1.118,9999.000,9999.000,9999.000,9999.000,9999.000,9999.000,9999.000
202607312018,   0.206,   1.059,9999.000,9999.000,9999.000,9999.000,9999.000,9999.000,9999.000
202607312024,   0.221,   1.069,9999.000,9999.000,9999.000,9999.000,9999.000,9999.000,9999.000
202607312030,   0.240,   1.039,9999.000,9999.000,9999.000,9999.000,9999.000,9999.000,9999.000
202607312036,   0.263,   1.088,9999.000,9999.000,9999.000,9999.000,9999.000,9999.000,9999.000
202607312042,   0.288,   1.118,9999.000,9999.000,9999.000,9999.000,9999.000,9999.000,9999.000
202607312048,   0.318,   1.151,9999.000,9999.000,9999.000,9999.000,9999.000,9999.000,9999.000
202607312054,   0.350,   1.200,9999.000,9999.000,9999.000,9999.000,9999.000,9999.000,9999.000
202607312100,   0.385,   1.220,   0.700,   0.135,   1.220,   0.700,   1.220,   0.700,   1.220
202607312106,   0.423,   1.308,9999.000,9999.000,9999.000,9999.000,9999.000,9999.000,9999.000
202607312112,   0.464,   1.279,9999.000,9999.000,9999.000,9999.000,9999.000,9999.000,9999.000
202607312118,   0.507,   1.289,9999.000,9999.000,9999.000,9999.000,9999.000,9999.000,9999.000
202607312124,   0.553,   1.390,9999.000,9999.000,9999.000,9999.000,9999.000,9999.000,9999.000
202607312130,   0.602,   1.308,9999.000,9999.000,9999.000,9999.000,9999.000,9999.000,9999.000
202607312136,   0.652,   1.528,9999.000,9999.000,9999.000,9999.000,9999.000,9999.000,9999.000
202607312142,   0.704,   1.557,9999.000,9999.000,9999.000,9999.000,9999.000,9999.000,9999.000
202607312148,   0.759,   1.479,9999.000,9999.000,9999.000,9999.000,9999.000,9999.000,9999.000
202607312154,   0.815,   1.718,9999.000,9999.000,9999.000,9999.000,9999.000,9999.000,9999.000
202607312200,   0.872,   1.781,   0.700,   0.209,   1.781,   0.700,   1.781,   0.700,   1.781
202607312206,   0.931,   1.738,9999.000,9999.000,9999.000,9999.000,9999.000,9999.000,9999.000
202607312212,   0.992,   1.781,9999.000,9999.000,9999.000,9999.000,9999.000,9999.000,9999.000
202607312218,   1.053,   1.879,9999.000,9999.000,9999.000,9999.000,9999.000,9999.000,9999.000
202607312224,   1.116,   1.948,9999.000,9999.000,9999.000,9999.000,9999.000,9999.000,9999.000
202607312230,   1.179,   1.928,9999.000,9999.000,9999.000,9999.000,9999.000,9999.000,9999.000
202607312236,   1.244,   2.040,9999.000,9999.000,9999.000,9999.000,9999.000,9999.000,9999.000
202607312242,   1.308,   2.040,9999.000,9999.000,9999.000,9999.000,9999.000,9999.000,9999.000
202607312248,   1.374,   2.099,9999.000,9999.000,9999.000,9999.000,9999.000,9999.000,9999.000
202607312254,   1.439,   2.138,9999.000,9999.000,9999.000,9999.000,9999.000,9999.000,9999.000
202607312300,   1.505,   2.230,   0.700,   0.025,   2.230,   0.600,   2.130,   0.700,   2.230
202607312306,   1.571,   2.299,9999.000,9999.000,9999.000,9999.000,9999.000,9999.000,9999.000
202607312312,   1.637,   2.348,9999.000,9999.000,9999.000,9999.000,9999.000,9999.000,9999.000
202607312318,   1.702,   2.420,9999.000,9999.000,9999.000,9999.000,9999.000,9999.000,9999.000
202607312324,   1.767,   2.420,9999.000,9999.000,9999.000,9999.000,9999.000,9999.000,9999.000
202607312330,   1.832,   2.509,9999.000,9999.000,9999.000,9999.000,9999.000,9999.000,9999.000
202607312336,   1.896,   2.568,9999.000,9999.000,9999.000,9999.000,9999.000,9999.000,9999.000
202607312342,   1.959,   2.650,9999.000,9999.000,9999.000,9999.000,9999.000,9999.000,9999.000
202607312348,   2.022,   2.728,9999.000,9999.000,9999.000,9999.000,9999.000,9999.000,9999.000
202607312354,   2.083,   2.768,9999.000,9999.000,9999.000,9999.000,9999.000,9999.000,9999.000
202608010000,   2.144,   2.820,   0.700,  -0.024,   2.820,   0.600,   2.720,   0.700,   2.820
202608010006,   2.203,   2.850,9999.000,9999.000,9999.000,9999.000,9999.000,9999.000,9999.000
202608010012,   2.261,   2.899,9999.000,9999.000,9999.000,9999.000,9999.000,9999.000,9999.000
202608010018,   2.318,   3.070,9999.000,9999.000,9999.000,9999.000,9999.000,9999.000,9999.000
202608010024,   2.373,   3.050,9999.000,9999.000,9999.000,9999.000,9999.000,9999.000,9999.000
202608010030,   2.426,   3.099,9999.000,9999.000,9999.000,9999.000,9999.000,9999.000,9999.000
202608010036,   2.478,   3.158,9999.000,9999.000,9999.000,9999.000,9999.000,9999.000,9999.000
202608010042,   2.528,   3.299,9999.000,9999.000,9999.000,9999.000,9999.000,9999.000,9999.000
202608010048,   2.577,   3.398,9999.000,9999.000,9999.000,9999.000,9999.000,9999.000,9999.000
202608010054,   2.623,   3.348,9999.000,9999.000,9999.000,9999.000,9999.000,9999.000,9999.000
202608010100,   2.668,   3.460,   0.600,   0.192,   3.460,   0.600,   3.460,   0.700,   3.560
202608010106,   2.710,   3.440,9999.000,9999.000,9999.000,9999.000,9999.000,9999.000,9999.000
202608010112,   2.750,   3.480,9999.000,9999.000,9999.000,9999.000,9999.000,9999.000,9999.000
202608010118,   2.788,   3.588,9999.000,9999.000,9999.000,9999.000,9999.000,9999.000,9999.000
202608010124,   2.824,   3.637,9999.000,9999.000,9999.000,9999.000,9999.000,9999.000,9999.000
202608010130,   2.858,   3.637,9999.000,9999.000,9999.000,9999.000,9999.000,9999.000,9999.000
202608010136,   2.890,   3.689,9999.000,9999.000,9999.000,9999.000,9999.000,9999.000,9999.000
202608010142,   2.919,   3.699,9999.000,9999.000,9999.000,9999.000,9999.000,9999.000,9999.000
202608010148,   2.945,   3.719,9999.000,9999.000,9999.000,9999.000,9999.000,9999.000,9999.000
202608010154,   2.969,   3.788,9999.000,9999.000,9999.000,9999.000,9999.000,9999.000,9999.000
202608010200,   2.991,   3.847,   0.600,   0.256,   3.847,   0.600,   3.847,   0.600,   3.847
202608010206,   3.010,   3.899,9999.000,9999.000,9999.000,9999.000,9999.000,9999.000,9999.000
202608010212,   3.027,   3.847,9999.000,9999.000,9999.000,9999.000,9999.000,9999.000,9999.000
202608010218,   3.041,   3.817,9999.000,9999.000,9999.000,9999.000,9999.000,9999.000,9999.000
202608010224,   3.052,   3.949,9999.000,9999.000,9999.000,9999.000,9999.000,9999.000,9999.000
202608010230,   3.060,   3.978,9999.000,9999.000,9999.000,9999.000,9999.000,9999.000,9999.000
202608010236,   3.066,   3.949,9999.000,9999.000,9999.000,9999.000,9999.000,9999.000,9999.000
202608010242,   3.069,   3.939,9999.000,9999.000,9999.000,9999.000,9999.000,9999.000,9999.000
202608010248,   3.069,   3.939,9999.000,9999.000,9999.000,9999.000,9999.000,9999.000,9999.000
202608010254,   3.066,   3.968,9999.000,9999.000,9999.000,9999.000,9999.000,9999.000,9999.000
202608010300,   3.060,   3.998,   0.600,   0.338,   3.998,   0.600,   3.998,   0.600,   3.998
202608010306,   3.051,   3.998,9999.000,9999.000,9999.000,9999.000,9999.000,9999.000,9999.000
202608010312,   3.038,   3.978,9999.000,9999.000,9999.000,9999.000,9999.000,9999.000,9999.000
202608010318,   3.023,   4.047,9999.000,9999.000,9999.000,9999.000,9999.000,9999.000,9999.000
202608010324,   3.005,   3.968,9999.000,9999.000,9999.000,9999.000,9999.000,9999.000,9999.000
202608010330,   2.983,   3.949,9999.000,9999.000,9999.000,9999.000,9999.000,9999.000,9999.000
202608010336,   2.958,   3.968,9999.000,9999.000,9999.000,9999.000,9999.000,9999.000,9999.000
202608010342,   2.930,   3.919,9999.000,9999.000,9999.000,9999.000,9999.000,9999.000,9999.000
202608010348,   2.898,   3.880,9999.000,9999.000,9999.000,9999.000,9999.000,9999.000,9999.000
202608010354,   2.863,   3.847,9999.000,9999.000,9999.000,9999.000,9999.000,9999.000,9999.000
202608010400,   2.825,   3.847,   0.600,   0.422,   3.847,   0.600,   3.847,   0.600,   3.847
202608010406,   2.784,   3.788,9999.000,9999.000,9999.000,9999.000,9999.000,9999.000,9999.000
202608010412,   2.739,   3.680,9999.000,9999.000,9999.000,9999.000,9999.000,9999.000,9999.000
202608010418,   2.691,   3.650,9999.000,9999.000,9999.000,9999.000,9999.000,9999.000,9999.000
202608010424,   2.640,   3.627,9999.000,9999.000,9999.000,9999.000,9999.000,9999.000,9999.000
202608010430,   2.586,   3.509,9999.000,9999.000,9999.000,9999.000,9999.000,9999.000,9999.000
202608010436,   2.529,   3.427,9999.000,9999.000,9999.000,9999.000,9999.000,9999.000,9999.000
202608010442,   2.470,   3.407,9999.000,9999.000,9999.000,9999.000,9999.000,9999.000,9999.000
202608010448,   2.407,   3.388,9999.000,9999.000,9999.000,9999.000,9999.000,9999.000,9999.000
202608010454,   2.342,   3.299,9999.000,9999.000,9999.000,9999.000,9999.000,9999.000,9999.000
202608010500,   2.275,   3.230,   0.600,   0.355,   3.230,   0.600,   3.230,   0.600,   3.230
202608010506,   2.206,   3.158,9999.000,9999.000,9999.000,9999.000,9999.000,9999.000,9999.000
202608010512,   2.134,   3.050,9999.000,9999.000,9999.000,9999.000,9999.000,9999.000,9999.000
202608010518,   2.061,   2.997,9999.000,9999.000,9999.000,9999.000,9999.000,9999.000,9999.000
202608010524,   1.986,   2.968,9999.000,9999.000,9999.000,9999.000,9999.000,9999.000,9999.000
202608010530,   1.910,   2.860,9999.000,9999.000,9999.000,9999.000,9999.000,9999.000,9999.000
202608010536,   1.832,   2.860,9999.000,9999.000,9999.000,9999.000,9999.000,9999.000,9999.000
202608010542,   1.754,   2.778,9999.000,9999.000,9999.000,9999.000,9999.000,9999.000,9999.000
202608010548,   1.676,   2.669,9999.000,9999.000,9999.000,9999.000,9999.000,9999.000,9999.000
202608010554,   1.597,   2.660,9999.000,9999.000,9999.000,9999.000,9999.000,9999.000,9999.000
202608010600,   1.518,   2.568,   0.600,   0.450,   2.568,   0.500,   2.468,   0.600,   2.568
202608010606,   1.439,   2.509,9999.000,9999.000,9999.000,9999.000,9999.000,9999.000,9999.000
202608010612,   1.361,   2.368,9999.000,9999.000,9999.000,9999.000,9999.000,9999.000,9999.000
202608010618,   1.284,   2.348,9999.000,9999.000,9999.000,9999.000,9999.000,9999.000,9999.000
202608010624,   1.208,   2.259,9999.000,9999.000,9999.000,9999.000,9999.000,9999.000,9999.000
202608010630,   1.134,   2.200,9999.000,9999.000,9999.000,9999.000,9999.000,9999.000,9999.000
202608010636,   1.061,   2.099,9999.000,9999.000,9999.000,9999.000,9999.000,9999.000,9999.000
202608010642,   0.990,   2.040,9999.000,9999.000,9999.000,9999.000,9999.000,9999.000,9999.000
202608010648,   0.921,   2.010,9999.000,9999.000,9999.000,9999.000,9999.000,9999.000,9999.000
202608010654,   0.855,   1.869,9999.000,9999.000,9999.000,9999.000,9999.000,9999.000,9999.000
202608010700,   0.791,   1.840,   0.600,   0.449,   1.840,   0.500,   1.740,   0.600,   1.840
202608010706,   0.731,   1.830,9999.000,9999.000,9999.000,9999.000,9999.000,9999.000,9999.000
202608010712,   0.673,   1.738,9999.000,9999.000,9999.000,9999.000,9999.000,9999.000,9999.000
202608010718,   0.619,   1.679,9999.000,9999.000,9999.000,9999.000,9999.000,9999.000,9999.000
202608010724,   0.568,   1.649,9999.000,9999.000,9999.000,9999.000,9999.000,9999.000,9999.000
202608010730,   0.521,   1.571,9999.000,9999.000,9999.000,9999.000,9999.000,9999.000,9999.000
202608010736,   0.477,   1.518,9999.000,9999.000,9999.000,9999.000,9999.000,9999.000,9999.000
202608010742,   0.438,   1.449,9999.000,9999.000,9999.000,9999.000,9999.000,9999.000,9999.000
202608010748,   0.402,   1.361,9999.000,9999.000,9999.000,9999.000,9999.000,9999.000,9999.000
202608010754,   0.370,   1.380,9999.000,9999.000,9999.000,9999.000,9999.000,9999.000,9999.000
202608010800,   0.342,   1.249,   0.600,   0.307,   1.249,   0.500,   1.149,   0.600,   1.249
202608010806,   0.318,   1.298,9999.000,9999.000,9999.000,9999.000,9999.000,9999.000,9999.000
202608010812,   0.298,   1.269,9999.000,9999.000,9999.000,9999.000,9999.000,9999.000,9999.000
202608010818,   0.282,   1.239,9999.000,9999.000,9999.000,9999.000,9999.000,9999.000,9999.000
202608010824,   0.270,   1.259,9999.000,9999.000,9999.000,9999.000,9999.000,9999.000,9999.000
202608010830,   0.262,   1.229,9999.000,9999.000,9999.000,9999.000,9999.000,9999.000,9999.000
202608010836,   0.257,   1.108,9999.000,9999.000,9999.000,9999.000,9999.000,9999.000,9999.000
202608010842,   0.257,   1.128,9999.000,9999.000,9999.000,9999.000,9999.000,9999.000,9999.000
202608010848,   0.260,   1.180,9999.000,9999.000,9999.000,9999.000,9999.000,9999.000,9999.000
202608010854,   0.267,   1.118,9999.000,9999.000,9999.000,9999.000,9999.000,9999.000,9999.000
202608010900,   0.278,   1.118,   0.600,   0.240,   1.118,   0.500,   1.018,   0.600,   1.118
202608010906,   0.291,   1.098,9999.000,9999.000,9999.000,9999.000,9999.000,9999.000,9999.000
202608010912,   0.309,   1.118,9999.000,9999.000,9999.000,9999.000,9999.000,9999.000,9999.000
202608010918,   0.329,   1.059,9999.000,9999.000,9999.000,9999.000,9999.000,9999.000,9999.000
202608010924,   0.353,   1.059,9999.000,9999.000,9999.000,9999.000,9999.000,9999.000,9999.000
202608010930,   0.379,   1.161,9999.000,9999.000,9999.000,9999.000,9999.000,9999.000,9999.000
202608010936,   0.408,   1.138,9999.000,9999.000,9999.000,9999.000,9999.000,9999.000,9999.000
202608010942,   0.440,   1.151,9999.000,9999.000,9999.000,9999.000,9999.000,9999.000,9999.000
202608010948,   0.475,   1.138,9999.000,9999.000,9999.000,9999.000,9999.000,9999.000,9999.000
202608010954,   0.511,   1.138,9999.000,9999.000,9999.000,9999.000,9999.000,9999.000,9999.000
202608011000,   0.551,   1.180,   0.600,   0.029,   1.180,   0.500,   1.080,   0.600,   1.180
202608011006,   0.592,   1.239,9999.000,9999.000,9999.000,9999.000,9999.000,9999.000,9999.000
202608011012,   0.635,   1.229,9999.000,9999.000,9999.000,9999.000,9999.000,9999.000,9999.000
202608011018,   0.680,   1.348,9999.000,9999.000,9999.000,9999.000,9999.000,9999.000,9999.000
202608011024,   0.727,   1.308,9999.000,9999.000,9999.000,9999.000,9999.000,9999.000,9999.000
202608011030,   0.775,   1.371,9999.000,9999.000,9999.000,9999.000,9999.000,9999.000,9999.000
202608011036,   0.825,   1.420,9999.000,9999.000,9999.000,9999.000,9999.000,9999.000,9999.000
202608011042,   0.876,   1.498,9999.000,9999.000,9999.000,9999.000,9999.000,9999.000,9999.000
202608011048,   0.928,   1.557,9999.000,9999.000,9999.000,9999.000,9999.000,9999.000,9999.000
202608011054,   0.981,   1.679,9999.000,9999.000,9999.000,9999.000,9999.000,9999.000,9999.000
202608011100,   1.035,   1.728,   0.500,   0.193,   1.728,   0.500,   1.728,   0.600,   1.828
202608011106,   1.090,   1.758,9999.000,9999.000,9999.000,9999.000,9999.000,9999.000,9999.000
202608011112,   1.146,   1.830,9999.000,9999.000,9999.000,9999.000,9999.000,9999.000,9999.000
202608011118,   1.201,   1.859,9999.000,9999.000,9999.000,9999.000,9999.000,9999.000,9999.000
202608011124,   1.258,   1.889,9999.000,9999.000,9999.000,9999.000,9999.000,9999.000,9999.000
202608011130,   1.314,   1.938,9999.000,9999.000,9999.000,9999.000,9999.000,9999.000,9999.000
202608011136,   1.371,   2.000,9999.000,9999.000,9999.000,9999.000,9999.000,9999.000,9999.000
202608011142,   1.427,   2.079,9999.000,9999.000,9999.000,9999.000,9999.000,9999.000,9999.000
202608011148,   1.483,   2.049,9999.000,9999.000,9999.000,9999.000,9999.000,9999.000,9999.000
202608011154,   1.539,   2.138,9999.000,9999.000,9999.000,9999.000,9999.000,9999.000,9999.000
202608011200,   1.595,   2.148,   0.500,   0.053,   2.148,   0.500,   2.148,   0.600,   2.248
202608011206,   1.650,   2.177,9999.000,9999.000,9999.000,9999.000,9999.000,9999.000,9999.000
202608011212,   1.704,   2.309,9999.000,9999.000,9999.000,9999.000,9999.000,9999.000,9999.000
202608011218,   1.757,   2.348,9999.000,9999.000,9999.000,9999.000,9999.000,9999.000,9999.000
202608011224,   1.810,   2.420,9999.000,9999.000,9999.000,9999.000,9999.000,9999.000,9999.000
202608011230,   1.862,   2.469,9999.000,9999.000,9999.000,9999.000,9999.000,9999.000,9999.000
202608011236,   1.912,   2.548,9999.000,9999.000,9999.000,9999.000,9999.000,9999.000,9999.000
202608011242,   1.961,   2.587,9999.000,9999.000,9999.000,9999.000,9999.000,9999.000,9999.000
202608011248,   2.009,   2.548,9999.000,9999.000,9999.000,9999.000,9999.000,9999.000,9999.000
202608011254,   2.056,   2.669,9999.000,9999.000,9999.000,9999.000,9999.000,9999.000,9999.000
202608011300,   2.101,   2.719,   0.500,   0.118,   2.719,   0.500,   2.719,   0.500,   2.719
202608011306,   2.144,   2.778,9999.000,9999.000,9999.000,9999.000,9999.000,9999.000,9999.000
202608011312,   2.186,   2.850,9999.000,9999.000,9999.000,9999.000,9999.000,9999.000,9999.000
202608011318,   2.226,   2.889,9999.000,9999.000,9999.000,9999.000,9999.000,9999.000,9999.000
202608011324,   2.264,   2.988,9999.000,9999.000,9999.000,9999.000,9999.000,9999.000,9999.000
202608011330,   2.301,   2.988,9999.000,9999.000,9999.000,9999.000,9999.000,9999.000,9999.000
202608011336,   2.335,   2.997,9999.000,9999.000,9999.000,9999.000,9999.000,9999.000,9999.000
202608011342,   2.368,   2.988,9999.000,9999.000,9999.000,9999.000,9999.000,9999.000,9999.000
202608011348,   2.399,   3.050,9999.000,9999.000,9999.000,9999.000,9999.000,9999.000,9999.000
202608011354,   2.427,   3.129,9999.000,9999.000,9999.000,9999.000,9999.000,9999.000,9999.000
202608011400,   2.453,   3.129,   0.500,   0.176,   3.129,   0.500,   3.129,   0.500,   3.129
202608011406,   2.478,   3.158,9999.000,9999.000,9999.000,9999.000,9999.000,9999.000,9999.000
202608011412,   2.500,   3.188,9999.000,9999.000,9999.000,9999.000,9999.000,9999.000,9999.000
202608011418,   2.519,   3.217,9999.000,9999.000,9999.000,9999.000,9999.000,9999.000,9999.000
202608011424,   2.537,   3.270,9999.000,9999.000,9999.000,9999.000,9999.000,9999.000,9999.000
202608011430,   2.552,   3.279,9999.000,9999.000,9999.000,9999.000,9999.000,9999.000,9999.000
202608011436,   2.564,   3.329,9999.000,9999.000,9999.000,9999.000,9999.000,9999.000,9999.000
202608011442,   2.574,   3.289,9999.000,9999.000,9999.000,9999.000,9999.000,9999.000,9999.000
202608011448,   2.582,   3.289,9999.000,9999.000,9999.000,9999.000,9999.000,9999.000,9999.000
202608011454,   2.587,   3.309,9999.000,9999.000,9999.000,9999.000,9999.000,9999.000,9999.000
202608011500,   2.590,   3.299,   0.500,   0.209,   3.299,   0.500,   3.299,   0.500,   3.299
202608011506,   2.590,   3.309,9999.000,9999.000,9999.000,9999.000,9999.000,9999.000,9999.000
202608011512,   2.587,   3.358,9999.000,9999.000,9999.000,9999.000,9999.000,9999.000,9999.000
202608011518,   2.581,   3.348,9999.000,9999.000,9999.000,9999.000,9999.000,9999.000,9999.000
202608011524,   2.573,   3.230,9999.000,9999.000,9999.000,9999.000,9999.000,9999.000,9999.000
202608011530,   2.562,   3.319,9999.000,9999.000,9999.000,9999.000,9999.000,9999.000,9999.000
202608011536,   2.548,   3.279,9999.000,9999.000,9999.000,9999.000,9999.000,9999.000,9999.000
202608011542,   2.532,   3.250,9999.000,9999.000,9999.000,9999.000,9999.000,9999.000,9999.000
202608011548,   2.512,   3.270,9999.000,9999.000,9999.000,9999.000,9999.000,9999.000,9999.000
202608011554,   2.489,   3.207,9999.000,9999.000,9999.000,9999.000,9999.000,9999.000,9999.000
202608011600,   2.464,   3.240,   0.500,   0.276,   3.240,   0.500,   3.240,   0.500,   3.240
202608011606,   2.435,   3.197,9999.000,9999.000,9999.000,9999.000,9999.000,9999.000,9999.000
202608011612,   2.404,   3.129,9999.000,9999.000,9999.000,9999.000,9999.000,9999.000,9999.000
202608011618,   2.370,   3.250,9999.000,9999.000,9999.000,9999.000,9999.000,9999.000,9999.000
202608011624,   2.332,   3.099,9999.000,9999.000,9999.000,9999.000,9999.000,9999.000,9999.000
202608011630,   2.292,   3.070,9999.000,9999.000,9999.000,9999.000,9999.000,9999.000,9999.000
202608011636,   2.249,   2.889,9999.000,9999.000,9999.000,9999.000,9999.000,9999.000,9999.000
202608011642,   2.203,   2.968,9999.000,9999.000,9999.000,9999.000,9999.000,9999.000,9999.000
202608011648,   2.154,   2.850,9999.000,9999.000,9999.000,9999.000,9999.000,9999.000,9999.000
202608011654,   2.103,   2.807,9999.000,9999.000,9999.000,9999.000,9999.000,9999.000,9999.000
202608011700,   2.049,   2.728,   0.500,   0.179,   2.728,   0.500,   2.728,   0.500,   2.728
202608011706,   1.993,   2.709,9999.000,9999.000,9999.000,9999.000,9999.000,9999.000,9999.000
202608011712,   1.935,   2.650,9999.000,9999.000,9999.000,9999.000,9999.000,9999.000,9999.000
202608011718,   1.874,   2.610,9999.000,9999.000,9999.000,9999.000,9999.000,9999.000,9999.000
202608011724,   1.812,   2.538,9999.000,9999.000,9999.000,9999.000,9999.000,9999.000,9999.000
202608011730,   1.747,   2.499,9999.000,9999.000,9999.000,9999.000,9999.000,9999.000,9999.000
202608011736,   1.681,   2.440,9999.000,9999.000,9999.000,9999.000,9999.000,9999.000,9999.000
202608011742,   1.614,9999.000,9999.000,9999.000,9999.000,9999.000,9999.000,9999.000,9999.000
202608011748,   1.546,9999.000,9999.000,9999.000,9999.000,9999.000,9999.000,9999.000,9999.000
202608011754,   1.477,9999.000,9999.000,9999.000,9999.000,9999.000,9999.000,9999.000,9999.000
202608011800,   1.407,9999.000,   0.500,   0.176,   2.083,   0.500,   2.083,   0.500,   2.083
202608011806,   1.336,9999.000,9999.000,9999.000,9999.000,9999.000,9999.000,9999.000,9999.000
202608011812,   1.266,9999.000,9999.000,9999.000,9999.000,9999.000,9999.000,9999.000,9999.000
202608011818,   1.196,9999.000,9999.000,9999.000,9999.000,9999.000,9999.000,9999.000,9999.000
202608011824,   1.126,9999.000,9999.000,9999.000,9999.000,9999.000,9999.000,9999.000,9999.000
202608011830,   1.057,9999.000,9999.000,9999.000,9999.000,9999.000,9999.000,9999.000,9999.000
202608011836,   0.989,9999.000,9999.000,9999.000,9999.000,9999.000,9999.000,9999.000,9999.000
202608011842,   0.923,9999.000,9999.000,9999.000,9999.000,9999.000,9999.000,9999.000,9999.000
202608011848,   0.858,9999.000,9999.000,9999.000,9999.000,9999.000,9999.000,9999.000,9999.000
202608011854,   0.795,9999.000,9999.000,9999.000,9999.000,9999.000,9999.000,9999.000,9999.000
202608011900,   0.733,9999.000,   0.500,   0.174,   1.407,   0.500,   1.407,   0.500,   1.407
202608011906,   0.675,9999.000,9999.000,9999.000,9999.000,9999.000,9999.000,9999.000,9999.000
202608011912,   0.619,9999.000,9999.000,9999.000,9999.000,9999.000,9999.000,9999.000,9999.000
202608011918,   0.565,9999.000,9999.000,9999.000,9999.000,9999.000,9999.000,9999.000,9999.000
202608011924,   0.515,9999.000,9999.000,9999.000,9999.000,9999.000,9999.000,9999.000,9999.000
202608011930,   0.468,9999.000,9999.000,9999.000,9999.000,9999.000,9999.000,9999.000,9999.000
202608011936,   0.424,9999.000,9999.000,9999.000,9999.000,9999.000,9999.000,9999.000,9999.000
202608011942,   0.384,9999.000,9999.000,9999.000,9999.000,9999.000,9999.000,9999.000,9999.000
202608011948,   0.348,9999.000,9999.000,9999.000,9999.000,9999.000,9999.000,9999.000,9999.000
202608011954,   0.315,9999.000,9999.000,9999.000,9999.000,9999.000,9999.000,9999.000,9999.000
202608012000,   0.287,9999.000,   0.500,   0.171,   0.958,   0.500,   0.958,   0.500,   0.958
202608012006,   0.262,9999.000,9999.000,9999.000,9999.000,9999.000,9999.000,9999.000,9999.000
202608012012,   0.242,9999.000,9999.000,9999.000,9999.000,9999.000,9999.000,9999.000,9999.000
202608012018,   0.225,9999.000,9999.000,9999.000,9999.000,9999.000,9999.000,9999.000,9999.000
202608012024,   0.213,9999.000,9999.000,9999.000,9999.000,9999.000,9999.000,9999.000,9999.000
202608012030,   0.205,9999.000,9999.000,9999.000,9999.000,9999.000,9999.000,9999.000,9999.000
202608012036,   0.201,9999.000,9999.000,9999.000,9999.000,9999.000,9999.000,9999.000,9999.000
202608012042,   0.201,9999.000,9999.000,9999.000,9999.000,9999.000,9999.000,9999.000,9999.000
202608012048,   0.205,9999.000,9999.000,9999.000,9999.000,9999.000,9999.000,9999.000,9999.000
202608012054,   0.212,9999.000,9999.000,9999.000,9999.000,9999.000,9999.000,9999.000,9999.000
202608012100,   0.224,9999.000,   0.500,   0.169,   0.893,   0.500,   0.893,   0.500,   0.893
202608012106,   0.240,9999.000,9999.000,9999.000,9999.000,9999.000,9999.000,9999.000,9999.000
202608012112,   0.259,9999.000,9999.000,9999.000,9999.000,9999.000,9999.000,9999.000,9999.000
202608012118,   0.282,9999.000,9999.000,9999.000,9999.000,9999.000,9999.000,9999.000,9999.000
202608012124,   0.308,9999.000,9999.000,9999.000,9999.000,9999.000,9999.000,9999.000,9999.000
202608012130,   0.338,9999.000,9999.000,9999.000,9999.000,9999.000,9999.000,9999.000,9999.000
202608012136,   0.371,9999.000,9999.000,9999.000,9999.000,9999.000,9999.000,9999.000,9999.000
202608012142,   0.406,9999.000,9999.000,9999.000,9999.000,9999.000,9999.000,9999.000,9999.000
202608012148,   0.445,9999.000,9999.000,9999.000,9999.000,9999.000,9999.000,9999.000,9999.000
202608012154,   0.486,9999.000,9999.000,9999.000,9999.000,9999.000,9999.000,9999.000,9999.000
202608012200,   0.530,9999.000,   0.500,   0.166,   1.196,   0.500,   1.196,   0.500,   1.196
202608012206,   0.577,9999.000,9999.000,9999.000,9999.000,9999.000,9999.000,9999.000,9999.000
202608012212,   0.625,9999.000,9999.000,9999.000,9999.000,9999.000,9999.000,9999.000,9999.000
202608012218,   0.676,9999.000,9999.000,9999.000,9999.000,9999.000,9999.000,9999.000,9999.000
202608012224,   0.729,9999.000,9999.000,9999.000,9999.000,9999.000,9999.000,9999.000,9999.000
202608012230,   0.783,9999.000,9999.000,9999.000,9999.000,9999.000,9999.000,9999.000,9999.000
202608012236,   0.839,9999.000,9999.000,9999.000,9999.000,9999.000,9999.000,9999.000,9999.000
202608012242,   0.897,9999.000,9999.000,9999.000,9999.000,9999.000,9999.000,9999.000,9999.000
202608012248,   0.956,9999.000,9999.000,9999.000,9999.000,9999.000,9999.000,9999.000,9999.000
202608012254,   1.016,9999.000,9999.000,9999.000,9999.000,9999.000,9999.000,9999.000,9999.000
202608012300,   1.077,9999.000,   0.500,   0.163,   1.740,   0.500,   1.740,   0.500,   1.740
202608012306,   1.139,9999.000,9999.000,9999.000,9999.000,9999.000,9999.000,9999.000,9999.000
202608012312,   1.201,9999.000,9999.000,9999.000,9999.000,9999.000,9999.000,9999.000,9999.000
202608012318,   1.265,9999.000,9999.000,9999.000,9999.000,9999.000,9999.000,9999.000,9999.000
202608012324,   1.328,9999.000,9999.000,9999.000,9999.000,9999.000,9999.000,9999.000,9999.000
202608012330,   1.392,9999.000,9999.000,9999.000,9999.000,9999.000,9999.000,9999.000,9999.000
202608012336,   1.457,9999.000,9999.000,9999.000,9999.000,9999.000,9999.000,9999.000,9999.000
202608012342,   1.521,9999.000,9999.000,9999.000,9999.000,9999.000,9999.000,9999.000,9999.000
202608012348,   1.585,9999.000,9999.000,9999.000,9999.000,9999.000,9999.000,9999.000,9999.000
202608012354,   1.649,9999.000,9999.000,9999.000,9999.000,9999.000,9999.000,9999.000,9999.000
202608020000,   1.713,9999.000,   0.500,   0.161,   2.374,   0.500,   2.374,   0.500,   2.374
202608020006,   1.776,9999.000,9999.000,9999.000,9999.000,9999.000,9999.000,9999.000,9999.000
202608020012,   1.839,9999.000,9999.000,9999.000,9999.000,9999.000,9999.000,9999.000,9999.000
202608020018,   1.900,9999.000,9999.000,9999.000,9999.000,9999.000,9999.000,9999.000,9999.000
202608020024,   1.961,9999.000,9999.000,9999.000,9999.000,9999.000,9999.000,9999.000,9999.000
202608020030,   2.021,9999.000,9999.000,9999.000,9999.000,9999.000,9999.000,9999.000,9999.000
202608020036,   2.080,9999.000,9999.000,9999.000,9999.000,9999.000,9999.000,9999.000,9999.000
202608020042,   2.138,9999.000,9999.000,9999.000,9999.000,9999.000,9999.000,9999.000,9999.000
202608020048,   2.195,9999.000,9999.000,9999.000,9999.000,9999.000,9999.000,9999.000,9999.000
202608020054,   2.250,9999.000,9999.000,9999.000,9999.000,9999.000,9999.000,9999.000,9999.000
202608020100,   2.304,9999.000,   0.500,   0.158,   2.962,   0.500,   2.962,   0.500,   2.962
202608020106,   2.356,9999.000,9999.000,9999.000,9999.000,9999.000,9999.000,9999.000,9999.000
202608020112,   2.406,9999.000,9999.000,9999.000,9999.000,9999.000,9999.000,9999.000,9999.000
202608020118,   2.455,9999.000,9999.000,9999.000,9999.000,9999.000,9999.000,9999.000,9999.000
202608020124,   2.502,9999.000,9999.000,9999.000,9999.000,9999.000,9999.000,9999.000,9999.000
202608020130,   2.547,9999.000,9999.000,9999.000,9999.000,9999.000,9999.000,9999.000,9999.000
202608020136,   2.590,9999.000,9999.000,9999.000,9999.000,9999.000,9999.000,9999.000,9999.000
202608020142,   2.631,9999.000,9999.000,9999.000,9999.000,9999.000,9999.000,9999.000,9999.000
202608020148,   2.669,9999.000,9999.000,9999.000,9999.000,9999.000,9999.000,9999.000,9999.000
202608020154,   2.706,9999.000,9999.000,9999.000,9999.000,9999.000,9999.000,9999.000,9999.000
202608020200,   2.741,9999.000,   0.500,   0.156,   3.397,   0.400,   3.297,   0.500,   3.397
202608020206,   2.773,9999.000,9999.000,9999.000,9999.000,9999.000,9999.000,9999.000,9999.000
202608020212,   2.803,9999.000,9999.000,9999.000,9999.000,9999.000,9999.000,9999.000,9999.000
202608020218,   2.830,9999.000,9999.000,9999.000,9999.000,9999.000,9999.000,9999.000,9999.000
202608020224,   2.855,9999.000,9999.000,9999.000,9999.000,9999.000,9999.000,9999.000,9999.000
202608020230,   2.878,9999.000,9999.000,9999.000,9999.000,9999.000,9999.000,9999.000,9999.000
202608020236,   2.898,9999.000,9999.000,9999.000,9999.000,9999.000,9999.000,9999.000,9999.000
202608020242,   2.916,9999.000,9999.000,9999.000,9999.000,9999.000,9999.000,9999.000,9999.000
202608020248,   2.931,9999.000,9999.000,9999.000,9999.000,9999.000,9999.000,9999.000,9999.000
202608020254,   2.943,9999.000,9999.000,9999.000,9999.000,9999.000,9999.000,9999.000,9999.000
202608020300,   2.953,9999.000,   0.500,   0.153,   3.606,   0.400,   3.506,   0.500,   3.606
202608020306,   2.960,9999.000,9999.000,9999.000,9999.000,9999.000,9999.000,9999.000,9999.000
202608020312,   2.965,9999.000,9999.000,9999.000,9999.000,9999.000,9999.000,9999.000,9999.000
202608020318,   2.967,9999.000,9999.000,9999.000,9999.000,9999.000,9999.000,9999.000,9999.000
202608020324,   2.966,9999.000,9999.000,9999.000,9999.000,9999.000,9999.000,9999.000,9999.000
202608020330,   2.962,9999.000,9999.000,9999.000,9999.000,9999.000,9999.000,9999.000,9999.000
202608020336,   2.955,9999.000,9999.000,9999.000,9999.000,9999.000,9999.000,9999.000,9999.000
202608020342,   2.945,9999.000,9999.000,9999.000,9999.000,9999.000,9999.000,9999.000,9999.000
202608020348,   2.932,9999.000,9999.000,9999.000,9999.000,9999.000,9999.000,9999.000,9999.000
202608020354,   2.917,9999.000,9999.000,9999.000,9999.000,9999.000,9999.000,9999.000,9999.000
202608020400,   2.898,9999.000,   0.500,   0.150,   3.548,   0.400,   3.448,   0.500,   3.548
202608020406,   2.876,9999.000,9999.000,9999.000,9999.000,9999.000,9999.000,9999.000,9999.000
202608020412,   2.852,9999.000,9999.000,9999.000,9999.000,9999.000,9999.000,9999.000,9999.000
202608020418,   2.824,9999.000,9999.000,9999.000,9999.000,9999.000,9999.000,9999.000,9999.000
202608020424,   2.793,9999.000,9999.000,9999.000,9999.000,9999.000,9999.000,9999.000,9999.000
202608020430,   2.759,9999.000,9999.000,9999.000,9999.000,9999.000,9999.000,9999.000,9999.000
202608020436,   2.721,9999.000,9999.000,9999.000,9999.000,9999.000,9999.000,9999.000,9999.000
202608020442,   2.681,9999.000,9999.000,9999.000,9999.000,9999.000,9999.000,9999.000,9999.000
202608020448,   2.638,9999.000,9999.000,9999.000,9999.000,9999.000,9999.000,9999.000,9999.000
202608020454,   2.591,9999.000,9999.000,9999.000,9999.000,9999.000,9999.000,9999.000,9999.000
202608020500,   2.542,9999.000,   0.400,   0.148,   3.090,   0.400,   3.090,   0.500,   3.190
202608020506,   2.490,9999.000,9999.000,9999.000,9999.000,9999.000,9999.000,9999.000,9999.000
202608020512,   2.435,9999.000,9999.000,9999.000,9999.000,9999.000,9999.000,9999.000,9999.000
202608020518,   2.377,9999.000,9999.000,9999.000,9999.000,9999.000,9999.000,9999.000,9999.000
202608020524,   2.316,9999.000,9999.000,9999.000,9999.000,9999.000,9999.000,9999.000,9999.000
202608020530,   2.253,9999.000,9999.000,9999.000,9999.000,9999.000,9999.000,9999.000,9999.000
202608020536,   2.188,9999.000,9999.000,9999.000,9999.000,9999.000,9999.000,9999.000,9999.000
202608020542,   2.120,9999.000,9999.000,9999.000,9999.000,9999.000,9999.000,9999.000,9999.000
202608020548,   2.051,9999.000,9999.000,9999.000,9999.000,9999.000,9999.000,9999.000,9999.000
202608020554,   1.979,9999.000,9999.000,9999.000,9999.000,9999.000,9999.000,9999.000,9999.000
202608020600,   1.906,9999.000,   0.400,   0.148,   2.454,   0.400,   2.454,   0.500,   2.554
202608020606,   1.831,9999.000,9999.000,9999.000,9999.000,9999.000,9999.000,9999.000,9999.000
202608020612,   1.756,9999.000,9999.000,9999.000,9999.000,9999.000,9999.000,9999.000,9999.000
202608020618,   1.679,9999.000,9999.000,9999.000,9999.000,9999.000,9999.000,9999.000,9999.000
202608020624,   1.602,9999.000,9999.000,9999.000,9999.000,9999.000,9999.000,9999.000,9999.000
202608020630,   1.524,9999.000,9999.000,9999.000,9999.000,9999.000,9999.000,9999.000,9999.000
202608020636,   1.446,9999.000,9999.000,9999.000,9999.000,9999.000,9999.000,9999.000,9999.000
202608020642,   1.368,9999.000,9999.000,9999.000,9999.000,9999.000,9999.000,9999.000,9999.000
202608020648,   1.291,9999.000,9999.000,9999.000,9999.000,9999.000,9999.000,9999.000,9999.000
202608020654,   1.214,9999.000,9999.000,9999.000,9999.000,9999.000,9999.000,9999.000,9999.000
202608020700,   1.139,9999.000,   0.400,   0.148,   1.687,   0.400,   1.687,   0.500,   1.787
202608020706,   1.065,9999.000,9999.000,9999.000,9999.000,9999.000,9999.000,9999.000,9999.000
202608020712,   0.992,9999.000,9999.000,9999.000,9999.000,9999.000,9999.000,9999.000,9999.000
202608020718,   0.921,9999.000,9999.000,9999.000,9999.000,9999.000,9999.000,9999.000,9999.000
202608020724,   0.852,9999.000,9999.000,9999.000,9999.000,9999.000,9999.000,9999.000,9999.000
202608020730,   0.786,9999.000,9999.000,9999.000,9999.000,9999.000,9999.000,9999.000,9999.000
202608020736,   0.722,9999.000,9999.000,9999.000,9999.000,9999.000,9999.000,9999.000,9999.000
202608020742,   0.661,9999.000,9999.000,9999.000,9999.000,9999.000,9999.000,9999.000,9999.000
202608020748,   0.604,9999.000,9999.000,9999.000,9999.000,9999.000,9999.000,9999.000,9999.000
202608020754,   0.549,9999.000,9999.000,9999.000,9999.000,9999.000,9999.000,9999.000,9999.000
202608020800,   0.498,9999.000,   0.400,   0.148,   1.046,   0.400,   1.046,   0.500,   1.146
202608020806,   0.450,9999.000,9999.000,9999.000,9999.000,9999.000,9999.000,9999.000,9999.000
202608020812,   0.407,9999.000,9999.000,9999.000,9999.000,9999.000,9999.000,9999.000,9999.000
202608020818,   0.367,9999.000,9999.000,9999.000,9999.000,9999.000,9999.000,9999.000,9999.000
202608020824,   0.331,9999.000,9999.000,9999.000,9999.000,9999.000,9999.000,9999.000,9999.000
202608020830,   0.299,9999.000,9999.000,9999.000,9999.000,9999.000,9999.000,9999.000,9999.000
202608020836,   0.271,9999.000,9999.000,9999.000,9999.000,9999.000,9999.000,9999.000,9999.000
202608020842,   0.248,9999.000,9999.000,9999.000,9999.000,9999.000,9999.000,9999.000,9999.000
202608020848,   0.228,9999.000,9999.000,9999.000,9999.000,9999.000,9999.000,9999.000,9999.000
202608020854,   0.213,9999.000,9999.000,9999.000,9999.000,9999.000,9999.000,9999.000,9999.000
202608020900,   0.202,9999.000,   0.400,   0.148,   0.750,   0.400,   0.750,   0.500,   0.850
202608020906,   0.195,9999.000,9999.000,9999.000,9999.000,9999.000,9999.000,9999.000,9999.000
202608020912,   0.193,9999.000,9999.000,9999.000,9999.000,9999.000,9999.000,9999.000,9999.000
202608020918,   0.194,9999.000,9999.000,9999.000,9999.000,9999.000,9999.000,9999.000,9999.000
202608020924,   0.199,9999.000,9999.000,9999.000,9999.000,9999.000,9999.000,9999.000,9999.000
202608020930,   0.208,9999.000,9999.000,9999.000,9999.000,9999.000,9999.000,9999.000,9999.000
202608020936,   0.221,9999.000,9999.000,9999.000,9999.000,9999.000,9999.000,9999.000,9999.000
202608020942,   0.237,9999.000,9999.000,9999.000,9999.000,9999.000,9999.000,9999.000,9999.000
202608020948,   0.257,9999.000,9999.000,9999.000,9999.000,9999.000,9999.000,9999.000,9999.000
202608020954,   0.280,9999.000,9999.000,9999.000,9999.000,9999.000,9999.000,9999.000,9999.000
202608021000,   0.307,9999.000,   0.400,   0.148,   0.855,   0.400,   0.855,   0.500,   0.955
202608021006,   0.336,9999.000,9999.000,9999.000,9999.000,9999.000,9999.000,9999.000,9999.000
202608021012,   0.369,9999.000,9999.000,9999.000,9999.000,9999.000,9999.000,9999.000,9999.000
202608021018,   0.404,9999.000,9999.000,9999.000,9999.000,9999.000,9999.000,9999.000,9999.000
202608021024,   0.442,9999.000,9999.000,9999.000,9999.000,9999.000,9999.000,9999.000,9999.000
202608021030,   0.482,9999.000,9999.000,9999.000,9999.000,9999.000,9999.000,9999.000,9999.000
202608021036,   0.525,9999.000,9999.000,9999.000,9999.000,9999.000,9999.000,9999.000,9999.000
202608021042,   0.570,9999.000,9999.000,9999.000,9999.000,9999.000,9999.000,9999.000,9999.000
202608021048,   0.616,9999.000,9999.000,9999.000,9999.000,9999.000,9999.000,9999.000,9999.000
202608021054,   0.665,9999.000,9999.000,9999.000,9999.000,9999.000,9999.000,9999.000,9999.000
202608021100,   0.715,9999.000,   0.400,   0.148,   1.263,   0.400,   1.263,   0.500,   1.363
202608021106,   0.767,9999.000,9999.000,9999.000,9999.000,9999.000,9999.000,9999.000,9999.000
202608021112,   0.820,9999.000,9999.000,9999.000,9999.000,9999.000,9999.000,9999.000,9999.000
202608021118,   0.875,9999.000,9999.000,9999.000,9999.000,9999.000,9999.000,9999.000,9999.000
202608021124,   0.930,9999.000,9999.000,9999.000,9999.000,9999.000,9999.000,9999.000,9999.000
202608021130,   0.986,9999.000,9999.000,9999.000,9999.000,9999.000,9999.000,9999.000,9999.000
202608021136,   1.044,9999.000,9999.000,9999.000,9999.000,9999.000,9999.000,9999.000,9999.000
202608021142,   1.101,9999.000,9999.000,9999.000,9999.000,9999.000,9999.000,9999.000,9999.000
202608021148,   1.160,9999.000,9999.000,9999.000,9999.000,9999.000,9999.000,9999.000,9999.000
202608021154,   1.218,9999.000,9999.000,9999.000,9999.000,9999.000,9999.000,9999.000,9999.000
202608021200,   1.277,9999.000,   0.500,   0.148,   1.925,   0.400,   1.825,   0.500,   1.925
202608021206,   1.336,9999.000,9999.000,9999.000,9999.000,9999.000,9999.000,9999.000,9999.000
202608021212,   1.395,9999.000,9999.000,9999.000,9999.000,9999.000,9999.000,9999.000,9999.000
202608021218,   1.454,9999.000,9999.000,9999.000,9999.000,9999.000,9999.000,9999.000,9999.000
202608021224,   1.513,9999.000,9999.000,9999.000,9999.000,9999.000,9999.000,9999.000,9999.000
202608021230,   1.571,9999.000,9999.000,9999.000,9999.000,9999.000,9999.000,9999.000,9999.000
202608021236,   1.629,9999.000,9999.000,9999.000,9999.000,9999.000,9999.000,9999.000,9999.000
202608021242,   1.686,9999.000,9999.000,9999.000,9999.000,9999.000,9999.000,9999.000,9999.000
202608021248,   1.742,9999.000,9999.000,9999.000,9999.000,9999.000,9999.000,9999.000,9999.000
202608021254,   1.797,9999.000,9999.000,9999.000,9999.000,9999.000,9999.000,9999.000,9999.000
202608021300,   1.852,9999.000,   0.500,   0.148,   2.500,   0.400,   2.400,   0.500,   2.500
202608021306,   1.905,9999.000,9999.000,9999.000,9999.000,9999.000,9999.000,9999.000,9999.000
202608021312,   1.957,9999.000,9999.000,9999.000,9999.000,9999.000,9999.000,9999.000,9999.000
202608021318,   2.008,9999.000,9999.000,9999.000,9999.000,9999.000,9999.000,9999.000,9999.000
202608021324,   2.058,9999.000,9999.000,9999.000,9999.000,9999.000,9999.000,9999.000,9999.000
202608021330,   2.106,9999.000,9999.000,9999.000,9999.000,9999.000,9999.000,9999.000,9999.000
202608021336,   2.152,9999.000,9999.000,9999.000,9999.000,9999.000,9999.000,9999.000,9999.000
202608021342,   2.197,9999.000,9999.000,9999.000,9999.000,9999.000,9999.000,9999.000,9999.000
202608021348,   2.240,9999.000,9999.000,9999.000,9999.000,9999.000,9999.000,9999.000,9999.000
202608021354,   2.282,9999.000,9999.000,9999.000,9999.000,9999.000,9999.000,9999.000,9999.000
202608021400,   2.321,9999.000,   0.500,   0.148,   2.969,   0.400,   2.869,   0.500,   2.969
202608021406,   2.359,9999.000,9999.000,9999.000,9999.000,9999.000,9999.000,9999.000,9999.000
202608021412,   2.395,9999.000,9999.000,9999.000,9999.000,9999.000,9999.000,9999.000,9999.000
202608021418,   2.429,9999.000,9999.000,9999.000,9999.000,9999.000,9999.000,9999.000,9999.000
202608021424,   2.460,9999.000,9999.000,9999.000,9999.000,9999.000,9999.000,9999.000,9999.000
202608021430,   2.490,9999.000,9999.000,9999.000,9999.000,9999.000,9999.000,9999.000,9999.000
202608021436,   2.517,9999.000,9999.000,9999.000,9999.000,9999.000,9999.000,9999.000,9999.000
202608021442,   2.543,9999.000,9999.000,9999.000,9999.000,9999.000,9999.000,9999.000,9999.000
202608021448,   2.566,9999.000,9999.000,9999.000,9999.000,9999.000,9999.000,9999.000,9999.000
202608021454,   2.586,9999.000,9999.000,9999.000,9999.000,9999.000,9999.000,9999.000,9999.000
202608021500,   2.605,9999.000,   0.500,   0.148,   3.253,   0.400,   3.153,   0.500,   3.253
202608021506,   2.621,9999.000,9999.000,9999.000,9999.000,9999.000,9999.000,9999.000,9999.000
202608021512,   2.635,9999.000,9999.000,9999.000,9999.000,9999.000,9999.000,9999.000,9999.000
202608021518,   2.646,9999.000,9999.000,9999.000,9999.000,9999.000,9999.000,9999.000,9999.000
202608021524,   2.655,9999.000,9999.000,9999.000,9999.000,9999.000,9999.000,9999.000,9999.000
202608021530,   2.662,9999.000,9999.000,9999.000,9999.000,9999.000,9999.000,9999.000,9999.000
202608021536,   2.666,9999.000,9999.000,9999.000,9999.000,9999.000,9999.000,9999.000,9999.000
202608021542,   2.668,9999.000,9999.000,9999.000,9999.000,9999.000,9999.000,9999.000,9999.000
202608021548,   2.667,9999.000,9999.000,9999.000,9999.000,9999.000,9999.000,9999.000,9999.000
202608021554,   2.663,9999.000,9999.000,9999.000,9999.000,9999.000,9999.000,9999.000,9999.000
202608021600,   2.657,9999.000,   0.500,   0.148,   3.305,   0.400,   3.205,   0.500,   3.305
202608021606,   2.648,9999.000,9999.000,9999.000,9999.000,9999.000,9999.000,9999.000,9999.000
202608021612,   2.636,9999.000,9999.000,9999.000,9999.000,9999.000,9999.000,9999.000,9999.000
202608021618,   2.622,9999.000,9999.000,9999.000,9999.000,9999.000,9999.000,9999.000,9999.000
202608021624,   2.605,9999.000,9999.000,9999.000,9999.000,9999.000,9999.000,9999.000,9999.000
202608021630,   2.585,9999.000,9999.000,9999.000,9999.000,9999.000,9999.000,9999.000,9999.000
202608021636,   2.563,9999.000,9999.000,9999.000,9999.000,9999.000,9999.000,9999.000,9999.000
202608021642,   2.537,9999.000,9999.000,9999.000,9999.000,9999.000,9999.000,9999.000,9999.000
202608021648,   2.509,9999.000,9999.000,9999.000,9999.000,9999.000,9999.000,9999.000,9999.000
202608021654,   2.478,9999.000,9999.000,9999.000,9999.000,9999.000,9999.000,9999.000,9999.000
202608021700,   2.444,9999.000,   0.500,   0.148,   3.092,   0.400,   2.992,   0.500,   3.092
202608021706,   2.407,9999.000,9999.000,9999.000,9999.000,9999.000,9999.000,9999.000,9999.000
202608021712,   2.368,9999.000,9999.000,9999.000,9999.000,9999.000,9999.000,9999.000,9999.000
202608021718,   2.326,9999.000,9999.000,9999.000,9999.000,9999.000,9999.000,9999.000,9999.000
202608021724,   2.281,9999.000,9999.000,9999.000,9999.000,9999.000,9999.000,9999.000,9999.000
202608021730,   2.233,9999.000,9999.000,9999.000,9999.000,9999.000,9999.000,9999.000,9999.000
202608021736,   2.183,9999.000,9999.000,9999.000,9999.000,9999.000,9999.000,9999.000,9999.000
202608021742,   2.130,9999.000,9999.000,9999.000,9999.000,9999.000,9999.000,9999.000,9999.000
202608021748,   2.075,9999.000,9999.000,9999.000,9999.000,9999.000,9999.000,9999.000,9999.000
202608021754,   2.018,9999.000,9999.000,9999.000,9999.000,9999.000,9999.000,9999.000,9999.000
202608021800,   1.959,9999.000,   0.500,   0.148,   2.607,   0.400,   2.507,   0.600,   2.707
202608021806,   1.898,9999.000,9999.000,9999.000,9999.000,9999.000,9999.000,9999.000,9999.000
202608021812,   1.835,9999.000,9999.000,9999.000,9999.000,9999.000,9999.000,9999.000,9999.000
202608021818,   1.770,9999.000,9999.000,9999.000,9999.000,9999.000,9999.000,9999.000,9999.000
202608021824,   1.704,9999.000,9999.000,9999.000,9999.000,9999.000,9999.000,9999.000,9999.000
202608021830,   1.637,9999.000,9999.000,9999.000,9999.000,9999.000,9999.000,9999.000,9999.000
202608021836,   1.568,9999.000,9999.000,9999.000,9999.000,9999.000,9999.000,9999.000,9999.000
202608021842,   1.499,9999.000,9999.000,9999.000,9999.000,9999.000,9999.000,9999.000,9999.000
202608021848,   1.430,9999.000,9999.000,9999.000,9999.000,9999.000,9999.000,9999.000,9999.000
202608021854,   1.360,9999.000,9999.000,9999.000,9999.000,9999.000,9999.000,9999.000,9999.000
202608021900,   1.290,9999.000,   0.500,   0.148,   1.938,   0.400,   1.838,   0.600,   2.038
202608021906,   1.221,9999.000,9999.000,9999.000,9999.000,9999.000,9999.000,9999.000,9999.000
202608021912,   1.152,9999.000,9999.000,9999.000,9999.000,9999.000,9999.000,9999.000,9999.000
202608021918,   1.084,9999.000,9999.000,9999.000,9999.000,9999.000,9999.000,9999.000,9999.000
202608021924,   1.017,9999.000,9999.000,9999.000,9999.000,9999.000,9999.000,9999.000,9999.000
202608021930,   0.952,9999.000,9999.000,9999.000,9999.000,9999.000,9999.000,9999.000,9999.000
202608021936,   0.888,9999.000,9999.000,9999.000,9999.000,9999.000,9999.000,9999.000,9999.000
202608021942,   0.826,9999.000,9999.000,9999.000,9999.000,9999.000,9999.000,9999.000,9999.000
202608021948,   0.767,9999.000,9999.000,9999.000,9999.000,9999.000,9999.000,9999.000,9999.000
202608021954,   0.709,9999.000,9999.000,9999.000,9999.000,9999.000,9999.000,9999.000,9999.000
202608022000,   0.655,9999.000,   0.500,   0.148,   1.303,   0.400,   1.203,   0.600,   1.403
202608022006,   0.603,9999.000,9999.000,9999.000,9999.000,9999.000,9999.000,9999.000,9999.000
202608022012,   0.555,9999.000,9999.000,9999.000,9999.000,9999.000,9999.000,9999.000,9999.000
202608022018,   0.509,9999.000,9999.000,9999.000,9999.000,9999.000,9999.000,9999.000,9999.000
202608022024,   0.468,9999.000,9999.000,9999.000,9999.000,9999.000,9999.000,9999.000,9999.000
202608022030,   0.429,9999.000,9999.000,9999.000,9999.000,9999.000,9999.000,9999.000,9999.000
202608022036,   0.395,9999.000,9999.000,9999.000,9999.000,9999.000,9999.000,9999.000,9999.000
202608022042,   0.364,9999.000,9999.000,9999.000,9999.000,9999.000,9999.000,9999.000,9999.000
202608022048,   0.337,9999.000,9999.000,9999.000,9999.000,9999.000,9999.000,9999.000,9999.000
202608022054,   0.315,9999.000,9999.000,9999.000,9999.000,9999.000,9999.000,9999.000,9999.000
202608022100,   0.296,9999.000,   0.500,   0.148,   0.944,   0.400,   0.844,   0.600,   1.044
202608022106,   0.281,9999.000,9999.000,9999.000,9999.000,9999.000,9999.000,9999.000,9999.000
202608022112,   0.271,9999.000,9999.000,9999.000,9999.000,9999.000,9999.000,9999.000,9999.000
202608022118,   0.264,9999.000,9999.000,9999.000,9999.000,9999.000,9999.000,9999.000,9999.000
202608022124,   0.262,9999.000,9999.000,9999.000,9999.000,9999.000,9999.000,9999.000,9999.000
202608022130,   0.264,9999.000,9999.000,9999.000,9999.000,9999.000,9999.000,9999.000,9999.000
202608022136,   0.269,9999.000,9999.000,9999.000,9999.000,9999.000,9999.000,9999.000,9999.000
202608022142,   0.279,9999.000,9999.000,9999.000,9999.000,9999.000,9999.000,9999.000,9999.000
202608022148,   0.292,9999.000,9999.000,9999.000,9999.000,9999.000,9999.000,9999.000,9999.000
202608022154,   0.309,9999.000,9999.000,9999.000,9999.000,9999.000,9999.000,9999.000,9999.000
202608022200,   0.329,9999.000,   0.500,   0.148,   0.977,   0.400,   0.877,   0.600,   1.077
202608022206,   0.353,9999.000,9999.000,9999.000,9999.000,9999.000,9999.000,9999.000,9999.000
202608022212,   0.381,9999.000,9999.000,9999.000,9999.000,9999.000,9999.000,9999.000,9999.000
202608022218,   0.411,9999.000,9999.000,9999.000,9999.000,9999.000,9999.000,9999.000,9999.000
202608022224,   0.445,9999.000,9999.000,9999.000,9999.000,9999.000,9999.000,9999.000,9999.000
202608022230,   0.481,9999.000,9999.000,9999.000,9999.000,9999.000,9999.000,9999.000,9999.000
202608022236,   0.520,9999.000,9999.000,9999.000,9999.000,9999.000,9999.000,9999.000,9999.000
202608022242,   0.562,9999.000,9999.000,9999.000,9999.000,9999.000,9999.000,9999.000,9999.000
202608022248,   0.606,9999.000,9999.000,9999.000,9999.000,9999.000,9999.000,9999.000,9999.000
202608022254,   0.652,9999.000,9999.000,9999.000,9999.000,9999.000,9999.000,9999.000,9999.000
202608022300,   0.701,9999.000,   0.500,   0.148,   1.349,   0.400,   1.249,   0.600,   1.449
202608022306,   0.751,9999.000,9999.000,9999.000,9999.000,9999.000,9999.000,9999.000,9999.000
202608022312,   0.803,9999.000,9999.000,9999.000,9999.000,9999.000,9999.000,9999.000,9999.000
202608022318,   0.857,9999.000,9999.000,9999.000,9999.000,9999.000,9999.000,9999.000,9999.000
202608022324,   0.912,9999.000,9999.000,9999.000,9999.000,9999.000,9999.000,9999.000,9999.000
202608022330,   0.968,9999.000,9999.000,9999.000,9999.000,9999.000,9999.000,9999.000,9999.000
202608022336,   1.026,9999.000,9999.000,9999.000,9999.000,9999.000,9999.000,9999.000,9999.000
202608022342,   1.084,9999.000,9999.000,9999.000,9999.000,9999.000,9999.000,9999.000,9999.000
202608022348,   1.143,9999.000,9999.000,9999.000,9999.000,9999.000,9999.000,9999.000,9999.000
202608022354,   1.204,9999.000,9999.000,9999.000,9999.000,9999.000,9999.000,9999.000,9999.000
202608030000,   1.264,9999.000,   0.500,   0.148,   1.912,   0.400,   1.812,   0.600,   2.012
202608030006,   1.325,9999.000,9999.000,9999.000,9999.000,9999.000,9999.000,9999.000,9999.000
202608030012,   1.386,9999.000,9999.000,9999.000,9999.000,9999.000,9999.000,9999.000,9999.000
202608030018,   1.448,9999.000,9999.000,9999.000,9999.000,9999.000,9999.000,9999.000,9999.000
202608030024,   1.509,9999.000,9999.000,9999.000,9999.000,9999.000,9999.000,9999.000,9999.000
202608030030,   1.570,9999.000,9999.000,9999.000,9999.000,9999.000,9999.000,9999.000,9999.000
202608030036,   1.631,9999.000,9999.000,9999.000,9999.000,9999.000,9999.000,9999.000,9999.000
202608030042,   1.692,9999.000,9999.000,9999.000,9999.000,9999.000,9999.000,9999.000,9999.000
202608030048,   1.752,9999.000,9999.000,9999.000,9999.000,9999.000,9999.000,9999.000,9999.000
202608030054,   1.811,9999.000,9999.000,9999.000,9999.000,9999.000,9999.000,9999.000,9999.000
202608030100,   1.870,9999.000,   0.500,   0.148,   2.518,   0.300,   2.318,   0.600,   2.618
202608030106,   1.928,9999.000,9999.000,9999.000,9999.000,9999.000,9999.000,9999.000,9999.000
202608030112,   1.984,9999.000,9999.000,9999.000,9999.000,9999.000,9999.000,9999.000,9999.000
202608030118,   2.040,9999.000,9999.000,9999.000,9999.000,9999.000,9999.000,9999.000,9999.000
202608030124,   2.095,9999.000,9999.000,9999.000,9999.000,9999.000,9999.000,9999.000,9999.000
202608030130,   2.148,9999.000,9999.000,9999.000,9999.000,9999.000,9999.000,9999.000,9999.000
202608030136,   2.200,9999.000,9999.000,9999.000,9999.000,9999.000,9999.000,9999.000,9999.000
202608030142,   2.250,9999.000,9999.000,9999.000,9999.000,9999.000,9999.000,9999.000,9999.000
202608030148,   2.299,9999.000,9999.000,9999.000,9999.000,9999.000,9999.000,9999.000,9999.000
202608030154,   2.346,9999.000,9999.000,9999.000,9999.000,9999.000,9999.000,9999.000,9999.000
202608030200,   2.391,9999.000,   0.500,   0.148,   3.039,   0.300,   2.839,   0.600,   3.139
202608030206,   2.435,9999.000,9999.000,9999.000,9999.000,9999.000,9999.000,9999.000,9999.000
202608030212,   2.476,9999.000,9999.000,9999.000,9999.000,9999.000,9999.000,9999.000,9999.000
202608030218,   2.516,9999.000,9999.000,9999.000,9999.000,9999.000,9999.000,9999.000,9999.000
202608030224,   2.553,9999.000,9999.000,9999.000,9999.000,9999.000,9999.000,9999.000,9999.000
202608030230,   2.589,9999.000,9999.000,9999.000,9999.000,9999.000,9999.000,9999.000,9999.000
202608030236,   2.622,9999.000,9999.000,9999.000,9999.000,9999.000,9999.000,9999.000,9999.000
202608030242,   2.653,9999.000,9999.000,9999.000,9999.000,9999.000,9999.000,9999.000,9999.000
202608030248,   2.682,9999.000,9999.000,9999.000,9999.000,9999.000,9999.000,9999.000,9999.000
202608030254,   2.708,9999.000,9999.000,9999.000,9999.000,9999.000,9999.000,9999.000,9999.000
202608030300,   2.733,9999.000,   0.400,   0.148,   3.281,   0.300,   3.181,   0.600,   3.481
202608030306,   2.754,9999.000,9999.000,9999.000,9999.000,9999.000,9999.000,9999.000,9999.000
202608030312,   2.774,9999.000,9999.000,9999.000,9999.000,9999.000,9999.000,9999.000,9999.000
202608030318,   2.791,9999.000,9999.000,9999.000,9999.000,9999.000,9999.000,9999.000,9999.000
202608030324,   2.805,9999.000,9999.000,9999.000,9999.000,9999.000,9999.000,9999.000,9999.000
202608030330,   2.817,9999.000,9999.000,9999.000,9999.000,9999.000,9999.000,9999.000,9999.000
202608030336,   2.826,9999.000,9999.000,9999.000,9999.000,9999.000,9999.000,9999.000,9999.000
202608030342,   2.833,9999.000,9999.000,9999.000,9999.000,9999.000,9999.000,9999.000,9999.000
202608030348,   2.837,9999.000,9999.000,9999.000,9999.000,9999.000,9999.000,9999.000,9999.000
202608030354,   2.839,9999.000,9999.000,9999.000,9999.000,9999.000,9999.000,9999.000,9999.000
202608030400,   2.838,9999.000,   0.400,   0.148,   3.386,   0.200,   3.186,   0.600,   3.586
202608030406,   2.834,9999.000,9999.000,9999.000,9999.000,9999.000,9999.000,9999.000,9999.000
202608030412,   2.828,9999.000,9999.000,9999.000,9999.000,9999.000,9999.000,9999.000,9999.000
202608030418,   2.819,9999.000,9999.000,9999.000,9999.000,9999.000,9999.000,9999.000,9999.000
202608030424,   2.807,9999.000,9999.000,9999.000,9999.000,9999.000,9999.000,9999.000,9999.000
202608030430,   2.792,9999.000,9999.000,9999.000,9999.000,9999.000,9999.000,9999.000,9999.000
202608030436,   2.775,9999.000,9999.000,9999.000,9999.000,9999.000,9999.000,9999.000,9999.000
202608030442,   2.754,9999.000,9999.000,9999.000,9999.000,9999.000,9999.000,9999.000,9999.000
202608030448,   2.731,9999.000,9999.000,9999.000,9999.000,9999.000,9999.000,9999.000,9999.000
202608030454,   2.705,9999.000,9999.000,9999.000,9999.000,9999.000,9999.000,9999.000,9999.000
202608030500,   2.677,9999.000,   0.400,   0.148,   3.225,   0.200,   3.025,   0.600,   3.425
202608030506,   2.645,9999.000,9999.000,9999.000,9999.000,9999.000,9999.000,9999.000,9999.000
202608030512,   2.611,9999.000,9999.000,9999.000,9999.000,9999.000,9999.000,9999.000,9999.000
202608030518,   2.573,9999.000,9999.000,9999.000,9999.000,9999.000,9999.000,9999.000,9999.000
202608030524,   2.533,9999.000,9999.000,9999.000,9999.000,9999.000,9999.000,9999.000,9999.000
202608030530,   2.490,9999.000,9999.000,9999.000,9999.000,9999.000,9999.000,9999.000,9999.000
202608030536,   2.444,9999.000,9999.000,9999.000,9999.000,9999.000,9999.000,9999.000,9999.000
202608030542,   2.395,9999.000,9999.000,9999.000,9999.000,9999.000,9999.000,9999.000,9999.000
202608030548,   2.344,9999.000,9999.000,9999.000,9999.000,9999.000,9999.000,9999.000,9999.000
202608030554,   2.290,9999.000,9999.000,9999.000,9999.000,9999.000,9999.000,9999.000,9999.000
202608030600,   2.234,9999.000,   0.300,   0.148,   2.682,   0.100,   2.482,   0.500,   2.882
202608030606,   2.175,9999.000,9999.000,9999.000,9999.000,9999.000,9999.000,9999.000,9999.000
202608030612,   2.114,9999.000,9999.000,9999.000,9999.000,9999.000,9999.000,9999.000,9999.000
202608030618,   2.051,9999.000,9999.000,9999.000,9999.000,9999.000,9999.000,9999.000,9999.000
202608030624,   1.985,9999.000,9999.000,9999.000,9999.000,9999.000,9999.000,9999.000,9999.000
202608030630,   1.918,9999.000,9999.000,9999.000,9999.000,9999.000,9999.000,9999.000,9999.000
202608030636,   1.849,9999.000,9999.000,9999.000,9999.000,9999.000,9999.000,9999.000,9999.000
202608030642,   1.778,9999.000,9999.000,9999.000,9999.000,9999.000,9999.000,9999.000,9999.000
202608030648,   1.706,9999.000,9999.000,9999.000,9999.000,9999.000,9999.000,9999.000,9999.000
202608030654,   1.633,9999.000,9999.000,9999.000,9999.000,9999.000,9999.000,9999.000,9999.000
202608030700,   1.560,9999.000,   0.300,   0.148,   2.008,   0.000,   1.708,   0.500,   2.208
202608030706,   1.485,9999.000,9999.000,9999.000,9999.000,9999.000,9999.000,9999.000,9999.000
202608030712,   1.410,9999.000,9999.000,9999.000,9999.000,9999.000,9999.000,9999.000,9999.000
202608030718,   1.336,9999.000,9999.000,9999.000,9999.000,9999.000,9999.000,9999.000,9999.000
202608030724,   1.261,9999.000,9999.000,9999.000,9999.000,9999.000,9999.000,9999.000,9999.000
202608030730,   1.187,9999.000,9999.000,9999.000,9999.000,9999.000,9999.000,9999.000,9999.000
202608030736,   1.113,9999.000,9999.000,9999.000,9999.000,9999.000,9999.000,9999.000,9999.000
202608030742,   1.040,9999.000,9999.000,9999.000,9999.000,9999.000,9999.000,9999.000,9999.000
202608030748,   0.969,9999.000,9999.000,9999.000,9999.000,9999.000,9999.000,9999.000,9999.000
202608030754,   0.899,9999.000,9999.000,9999.000,9999.000,9999.000,9999.000,9999.000,9999.000
202608030800,   0.831,9999.000,   0.300,   0.148,   1.279,   0.000,   0.979,   0.500,   1.479
202608030806,   0.766,9999.000,9999.000,9999.000,9999.000,9999.000,9999.000,9999.000,9999.000
202608030812,   0.702,9999.000,9999.000,9999.000,9999.000,9999.000,9999.000,9999.000,9999.000
202608030818,   0.641,9999.000,9999.000,9999.000,9999.000,9999.000,9999.000,9999.000,9999.000
202608030824,   0.583,9999.000,9999.000,9999.000,9999.000,9999.000,9999.000,9999.000,9999.000
202608030830,   0.528,9999.000,9999.000,9999.000,9999.000,9999.000,9999.000,9999.000,9999.000
202608030836,   0.477,9999.000,9999.000,9999.000,9999.000,9999.000,9999.000,9999.000,9999.000
202608030842,   0.428,9999.000,9999.000,9999.000,9999.000,9999.000,9999.000,9999.000,9999.000
202608030848,   0.384,9999.000,9999.000,9999.000,9999.000,9999.000,9999.000,9999.000,9999.000
202608030854,   0.343,9999.000,9999.000,9999.000,9999.000,9999.000,9999.000,9999.000,9999.000
202608030900,   0.306,9999.000,   0.200,   0.148,   0.654,   0.000,   0.454,   0.500,   0.954
202608030906,   0.273,9999.000,9999.000,9999.000,9999.000,9999.000,9999.000,9999.000,9999.000
202608030912,   0.244,9999.000,9999.000,9999.000,9999.000,9999.000,9999.000,9999.000,9999.000
202608030918,   0.219,9999.000,9999.000,9999.000,9999.000,9999.000,9999.000,9999.000,9999.000
202608030924,   0.199,9999.000,9999.000,9999.000,9999.000,9999.000,9999.000,9999.000,9999.000
202608030930,   0.183,9999.000,9999.000,9999.000,9999.000,9999.000,9999.000,9999.000,9999.000
202608030936,   0.171,9999.000,9999.000,9999.000,9999.000,9999.000,9999.000,9999.000,9999.000
202608030942,   0.163,9999.000,9999.000,9999.000,9999.000,9999.000,9999.000,9999.000,9999.000
202608030948,   0.159,9999.000,9999.000,9999.000,9999.000,9999.000,9999.000,9999.000,9999.000
202608030954,   0.160,9999.000,9999.000,9999.000,9999.000,9999.000,9999.000,9999.000,9999.000
202608031000,   0.165,9999.000,   0.200,   0.148,   0.513,   0.000,   0.313,   0.500,   0.813
202608031006,   0.173,9999.000,9999.000,9999.000,9999.000,9999.000,9999.000,9999.000,9999.000
202608031012,   0.186,9999.000,9999.000,9999.000,9999.000,9999.000,9999.000,9999.000,9999.000
202608031018,   0.202,9999.000,9999.000,9999.000,9999.000,9999.000,9999.000,9999.000,9999.000
202608031024,   0.222,9999.000,9999.000,9999.000,9999.000,9999.000,9999.000,9999.000,9999.000
202608031030,   0.246,9999.000,9999.000,9999.000,9999.000,9999.000,9999.000,9999.000,9999.000
202608031036,   0.273,9999.000,9999.000,9999.000,9999.000,9999.000,9999.000,9999.000,9999.000
202608031042,   0.304,9999.000,9999.000,9999.000,9999.000,9999.000,9999.000,9999.000,9999.000
202608031048,   0.337,9999.000,9999.000,9999.000,9999.000,9999.000,9999.000,9999.000,9999.000
202608031054,   0.373,9999.000,9999.000,9999.000,9999.000,9999.000,9999.000,9999.000,9999.000
202608031100,   0.413,9999.000,   0.200,   0.148,   0.761,   0.000,   0.561,   0.400,   0.961
202608031106,   0.454,9999.000,9999.000,9999.000,9999.000,9999.000,9999.000,9999.000,9999.000
202608031112,   0.498,9999.000,9999.000,9999.000,9999.000,9999.000,9999.000,9999.000,9999.000
202608031118,   0.545,9999.000,9999.000,9999.000,9999.000,9999.000,9999.000,9999.000,9999.000
202608031124,   0.594,9999.000,9999.000,9999.000,9999.000,9999.000,9999.000,9999.000,9999.000
202608031130,   0.644,9999.000,9999.000,9999.000,9999.000,9999.000,9999.000,9999.000,9999.000
202608031136,   0.696,9999.000,9999.000,9999.000,9999.000,9999.000,9999.000,9999.000,9999.000
202608031142,   0.750,9999.000,9999.000,9999.000,9999.000,9999.000,9999.000,9999.000,9999.000
202608031148,   0.806,9999.000,9999.000,9999.000,9999.000,9999.000,9999.000,9999.000,9999.000
202608031154,   0.862,9999.000,9999.000,9999.000,9999.000,9999.000,9999.000,9999.000,9999.000
202608031200,   0.920,9999.000,   0.200,   0.148,   1.268,   0.000,   1.068,   0.400,   1.468
202608031206,   0.979,9999.000,9999.000,9999.000,9999.000,9999.000,9999.000,9999.000,9999.000
202608031212,   1.038,9999.000,9999.000,9999.000,9999.000,9999.000,9999.000,9999.000,9999.000
202608031218,   1.098,9999.000,9999.000,9999.000,9999.000,9999.000,9999.000,9999.000,9999.000
202608031224,   1.159,9999.000,9999.000,9999.000,9999.000,9999.000,9999.000,9999.000,9999.000
202608031230,   1.220,9999.000,9999.000,9999.000,9999.000,9999.000,9999.000,9999.000,9999.000
202608031236,   1.281,9999.000,9999.000,9999.000,9999.000,9999.000,9999.000,9999.000,9999.000
202608031242,   1.343,9999.000,9999.000,9999.000,9999.000,9999.000,9999.000,9999.000,9999.000
202608031248,   1.404,9999.000,9999.000,9999.000,9999.000,9999.000,9999.000,9999.000,9999.000
202608031254,   1.465,9999.000,9999.000,9999.000,9999.000,9999.000,9999.000,9999.000,9999.000
202608031300,   1.526,9999.000,   0.200,   0.148,   1.874,   0.000,   1.674,   0.400,   2.074
202608031306,   1.587,9999.000,9999.000,9999.000,9999.000,9999.000,9999.000,9999.000,9999.000
202608031312,   1.647,9999.000,9999.000,9999.000,9999.000,9999.000,9999.000,9999.000,9999.000
202608031318,   1.706,9999.000,9999.000,9999.000,9999.000,9999.000,9999.000,9999.000,9999.000
202608031324,   1.765,9999.000,9999.000,9999.000,9999.000,9999.000,9999.000,9999.000,9999.000
202608031330,   1.822,9999.000,9999.000,9999.000,9999.000,9999.000,9999.000,9999.000,9999.000
202608031336,   1.879,9999.000,9999.000,9999.000,9999.000,9999.000,9999.000,9999.000,9999.000
202608031342,   1.934,9999.000,9999.000,9999.000,9999.000,9999.000,9999.000,9999.000,9999.000
202608031348,   1.989,9999.000,9999.000,9999.000,9999.000,9999.000,9999.000,9999.000,9999.000
202608031354,   2.042,9999.000,9999.000,9999.000,9999.000,9999.000,9999.000,9999.000,9999.000
202608031400,   2.094,9999.000,   0.100,   0.148,   2.342,   0.000,   2.242,   0.300,   2.542
202608031406,   2.144,9999.000,9999.000,9999.000,9999.000,9999.000,9999.000,9999.000,9999.000
202608031412,   2.192,9999.000,9999.000,9999.000,9999.000,9999.000,9999.000,9999.000,9999.000
202608031418,   2.239,9999.000,9999.000,9999.000,9999.000,9999.000,9999.000,9999.000,9999.000
202608031424,   2.285,9999.000,9999.000,9999.000,9999.000,9999.000,9999.000,9999.000,9999.000
202608031430,   2.328,9999.000,9999.000,9999.000,9999.000,9999.000,9999.000,9999.000,9999.000
202608031436,   2.370,9999.000,9999.000,9999.000,9999.000,9999.000,9999.000,9999.000,9999.000
202608031442,   2.409,9999.000,9999.000,9999.000,9999.000,9999.000,9999.000,9999.000,9999.000
202608031448,   2.447,9999.000,9999.000,9999.000,9999.000,9999.000,9999.000,9999.000,9999.000
202608031454,   2.483,9999.000,9999.000,9999.000,9999.000,9999.000,9999.000,9999.000,9999.000
202608031500,   2.517,9999.000,   0.100,   0.148,   2.765,  -0.100,   2.565,   0.300,   2.965
202608031506,   2.548,9999.000,9999.000,9999.000,9999.000,9999.000,9999.000,9999.000,9999.000
202608031512,   2.578,9999.000,9999.000,9999.000,9999.000,9999.000,9999.000,9999.000,9999.000
202608031518,   2.605,9999.000,9999.000,9999.000,9999.000,9999.000,9999.000,9999.000,9999.000
202608031524,   2.630,9999.000,9999.000,9999.000,9999.000,9999.000,9999.000,9999.000,9999.000
202608031530,   2.653,9999.000,9999.000,9999.000,9999.000,9999.000,9999.000,9999.000,9999.000
202608031536,   2.673,9999.000,9999.000,9999.000,9999.000,9999.000,9999.000,9999.000,9999.000
202608031542,   2.691,9999.000,9999.000,9999.000,9999.000,9999.000,9999.000,9999.000,9999.000
202608031548,   2.707,9999.000,9999.000,9999.000,9999.000,9999.000,9999.000,9999.000,9999.000
202608031554,   2.721,9999.000,9999.000,9999.000,9999.000,9999.000,9999.000,9999.000,9999.000
202608031600,   2.732,9999.000,   0.100,   0.148,   2.980,  -0.100,   2.780,   0.300,   3.180
202608031606,   2.741,9999.000,9999.000,9999.000,9999.000,9999.000,9999.000,9999.000,9999.000
202608031612,   2.748,9999.000,9999.000,9999.000,9999.000,9999.000,9999.000,9999.000,9999.000
202608031618,   2.752,9999.000,9999.000,9999.000,9999.000,9999.000,9999.000,9999.000,9999.000
202608031624,   2.754,9999.000,9999.000,9999.000,9999.000,9999.000,9999.000,9999.000,9999.000
202608031630,   2.753,9999.000,9999.000,9999.000,9999.000,9999.000,9999.000,9999.000,9999.000
202608031636,   2.750,9999.000,9999.000,9999.000,9999.000,9999.000,9999.000,9999.000,9999.000
202608031642,   2.744,9999.000,9999.000,9999.000,9999.000,9999.000,9999.000,9999.000,9999.000
202608031648,   2.736,9999.000,9999.000,9999.000,9999.000,9999.000,9999.000,9999.000,9999.000
202608031654,   2.725,9999.000,9999.000,9999.000,9999.000,9999.000,9999.000,9999.000,9999.000
202608031700,   2.712,9999.000,   0.100,   0.148,   2.960,  -0.200,   2.660,   0.300,   3.160
202608031706,   2.696,9999.000,9999.000,9999.000,9999.000,9999.000,9999.000,9999.000,9999.000
202608031712,   2.678,9999.000,9999.000,9999.000,9999.000,9999.000,9999.000,9999.000,9999.000
202608031718,   2.657,9999.000,9999.000,9999.000,9999.000,9999.000,9999.000,9999.000,9999.000
202608031724,   2.633,9999.000,9999.000,9999.000,9999.000,9999.000,9999.000,9999.000,9999.000
202608031730,   2.607,9999.000,9999.000,9999.000,9999.000,9999.000,9999.000,9999.000,9999.000
202608031736,   2.578,9999.000,9999.000,9999.000,9999.000,9999.000,9999.000,9999.000,9999.000
202608031742,   2.546,9999.000,9999.000,9999.000,9999.000,9999.000,9999.000,9999.000,9999.000
202608031748,   2.512,9999.000,9999.000,9999.000,9999.000,9999.000,9999.000,9999.000,9999.000
202608031754,   2.475,9999.000,9999.000,9999.000,9999.000,9999.000,9999.000,9999.000,9999.000
202608031800,   2.436,9999.000,   0.000,   0.148,   2.584,  -0.200,   2.384,   0.200,   2.784
202608031806,   2.394,9999.000,9999.000,9999.000,9999.000,9999.000,9999.000,9999.000,9999.000
202608031812,   2.349,9999.000,9999.000,9999.000,9999.000,9999.000,9999.000,9999.000,9999.000
202608031818,   2.302,9999.000,9999.000,9999.000,9999.000,9999.000,9999.000,9999.000,9999.000
202608031824,   2.253,9999.000,9999.000,9999.000,9999.000,9999.000,9999.000,9999.000,9999.000
202608031830,   2.201,9999.000,9999.000,9999.000,9999.000,9999.000,9999.000,9999.000,9999.000
202608031836,   2.147,9999.000,9999.000,9999.000,9999.000,9999.000,9999.000,9999.000,9999.000
202608031842,   2.091,9999.000,9999.000,9999.000,9999.000,9999.000,9999.000,9999.000,9999.000
202608031848,   2.033,9999.000,9999.000,9999.000,9999.000,9999.000,9999.000,9999.000,9999.000
202608031854,   1.973,9999.000,9999.000,9999.000,9999.000,9999.000,9999.000,9999.000,9999.000
202608031900,   1.911,9999.000,   0.000,   0.148,   2.059,  -0.200,   1.859,   0.200,   2.259
202608031906,   1.848,9999.000,9999.000,9999.000,9999.000,9999.000,9999.000,9999.000,9999.000
202608031912,   1.784,9999.000,9999.000,9999.000,9999.000,9999.000,9999.000,9999.000,9999.000
202608031918,   1.718,9999.000,9999.000,9999.000,9999.000,9999.000,9999.000,9999.000,9999.000
202608031924,   1.652,9999.000,9999.000,9999.000,9999.000,9999.000,9999.000,9999.000,9999.000
202608031930,   1.584,9999.000,9999.000,9999.000,9999.000,9999.000,9999.000,9999.000,9999.000
202608031936,   1.517,9999.000,9999.000,9999.000,9999.000,9999.000,9999.000,9999.000,9999.000
202608031942,   1.449,9999.000,9999.000,9999.000,9999.000,9999.000,9999.000,9999.000,9999.000
202608031948,   1.381,9999.000,9999.000,9999.000,9999.000,9999.000,9999.000,9999.000,9999.000
202608031954,   1.313,9999.000,9999.000,9999.000,9999.000,9999.000,9999.000,9999.000,9999.000
202608032000,   1.246,9999.000,   0.000,   0.148,   1.394,  -0.200,   1.194,   0.200,   1.594
202608032006,   1.180,9999.000,9999.000,9999.000,9999.000,9999.000,9999.000,9999.000,9999.000
202608032012,   1.114,9999.000,9999.000,9999.000,9999.000,9999.000,9999.000,9999.000,9999.000
202608032018,   1.051,9999.000,9999.000,9999.000,9999.000,9999.000,9999.000,9999.000,9999.000
202608032024,   0.988,9999.000,9999.000,9999.000,9999.000,9999.000,9999.000,9999.000,9999.000
202608032030,   0.928,9999.000,9999.000,9999.000,9999.000,9999.000,9999.000,9999.000,9999.000
202608032036,   0.869,9999.000,9999.000,9999.000,9999.000,9999.000,9999.000,9999.000,9999.000
202608032042,   0.813,9999.000,9999.000,9999.000,9999.000,9999.000,9999.000,9999.000,9999.000
202608032048,   0.759,9999.000,9999.000,9999.000,9999.000,9999.000,9999.000,9999.000,9999.000
202608032054,   0.709,9999.000,9999.000,9999.000,9999.000,9999.000,9999.000,9999.000,9999.000
202608032100,   0.661,9999.000,   0.000,   0.148,   0.809,  -0.200,   0.609,   0.200,   1.009
202608032106,   0.616,9999.000,9999.000,9999.000,9999.000,9999.000,9999.000,9999.000,9999.000
202608032112,   0.574,9999.000,9999.000,9999.000,9999.000,9999.000,9999.000,9999.000,9999.000
202608032118,   0.536,9999.000,9999.000,9999.000,9999.000,9999.000,9999.000,9999.000,9999.000
202608032124,   0.502,9999.000,9999.000,9999.000,9999.000,9999.000,9999.000,9999.000,9999.000
202608032130,   0.471,9999.000,9999.000,9999.000,9999.000,9999.000,9999.000,9999.000,9999.000
202608032136,   0.444,9999.000,9999.000,9999.000,9999.000,9999.000,9999.000,9999.000,9999.000
202608032142,   0.421,9999.000,9999.000,9999.000,9999.000,9999.000,9999.000,9999.000,9999.000
202608032148,   0.401,9999.000,9999.000,9999.000,9999.000,9999.000,9999.000,9999.000,9999.000
202608032154,   0.386,9999.000,9999.000,9999.000,9999.000,9999.000,9999.000,9999.000,9999.000
202608032200,   0.374,9999.000,   0.000,   0.148,   0.522,  -0.200,   0.322,   0.200,   0.722
202608032206,   0.367,9999.000,9999.000,9999.000,9999.000,9999.000,9999.000,9999.000,9999.000
202608032212,   0.363,9999.000,9999.000,9999.000,9999.000,9999.000,9999.000,9999.000,9999.000
202608032218,   0.363,9999.000,9999.000,9999.000,9999.000,9999.000,9999.000,9999.000,9999.000
202608032224,   0.367,9999.000,9999.000,9999.000,9999.000,9999.000,9999.000,9999.000,9999.000
202608032230,   0.375,9999.000,9999.000,9999.000,9999.000,9999.000,9999.000,9999.000,9999.000
202608032236,   0.386,9999.000,9999.000,9999.000,9999.000,9999.000,9999.000,9999.000,9999.000
202608032242,   0.401,9999.000,9999.000,9999.000,9999.000,9999.000,9999.000,9999.000,9999.000
202608032248,   0.420,9999.000,9999.000,9999.000,9999.000,9999.000,9999.000,9999.000,9999.000
202608032254,   0.441,9999.000,9999.000,9999.000,9999.000,9999.000,9999.000,9999.000,9999.000
202608032300,   0.466,9999.000,   0.000,   0.148,   0.614,  -0.200,   0.414,   0.200,   0.814
202608032306,   0.494,9999.000,9999.000,9999.000,9999.000,9999.000,9999.000,9999.000,9999.000
202608032312,   0.525,9999.000,9999.000,9999.000,9999.000,9999.000,9999.000,9999.000,9999.000
202608032318,   0.559,9999.000,9999.000,9999.000,9999.000,9999.000,9999.000,9999.000,9999.000
202608032324,   0.595,9999.000,9999.000,9999.000,9999.000,9999.000,9999.000,9999.000,9999.000
202608032330,   0.633,9999.000,9999.000,9999.000,9999.000,9999.000,9999.000,9999.000,9999.000
202608032336,   0.674,9999.000,9999.000,9999.000,9999.000,9999.000,9999.000,9999.000,9999.000
202608032342,   0.717,9999.000,9999.000,9999.000,9999.000,9999.000,9999.000,9999.000,9999.000
202608032348,   0.762,9999.000,9999.000,9999.000,9999.000,9999.000,9999.000,9999.000,9999.000
202608032354,   0.809,9999.000,9999.000,9999.000,9999.000,9999.000,9999.000,9999.000,9999.000
202608040000,   0.857,9999.000,   0.000,   0.148,   1.005,  -0.300,   0.705,   0.200,   1.205
202608040006,   0.907,9999.000,9999.000,9999.000,9999.000,9999.000,9999.000,9999.000,9999.000
202608040012,   0.959,9999.000,9999.000,9999.000,9999.000,9999.000,9999.000,9999.000,9999.000
202608040018,   1.011,9999.000,9999.000,9999.000,9999.000,9999.000,9999.000,9999.000,9999.000
202608040024,   1.065,9999.000,9999.000,9999.000,9999.000,9999.000,9999.000,9999.000,9999.000
202608040030,   1.119,9999.000,9999.000,9999.000,9999.000,9999.000,9999.000,9999.000,9999.000
202608040036,   1.175,9999.000,9999.000,9999.000,9999.000,9999.000,9999.000,9999.000,9999.000
202608040042,   1.231,9999.000,9999.000,9999.000,9999.000,9999.000,9999.000,9999.000,9999.000
202608040048,   1.287,9999.000,9999.000,9999.000,9999.000,9999.000,9999.000,9999.000,9999.000
202608040054,   1.344,9999.000,9999.000,9999.000,9999.000,9999.000,9999.000,9999.000,9999.000
202608040100,   1.401,9999.000,   0.000,   0.148,   1.549,  -0.300,   1.249,   0.200,   1.749
202608040106,   1.458,9999.000,9999.000,9999.000,9999.000,9999.000,9999.000,9999.000,9999.000
202608040112,   1.515,9999.000,9999.000,9999.000,9999.000,9999.000,9999.000,9999.000,9999.000
202608040118,   1.572,9999.000,9999.000,9999.000,9999.000,9999.000,9999.000,9999.000,9999.000
202608040124,   1.628,9999.000,9999.000,9999.000,9999.000,9999.000,9999.000,9999.000,9999.000
202608040130,   1.684,9999.000,9999.000,9999.000,9999.000,9999.000,9999.000,9999.000,9999.000
202608040136,   1.740,9999.000,9999.000,9999.000,9999.000,9999.000,9999.000,9999.000,9999.000
202608040142,   1.795,9999.000,9999.000,9999.000,9999.000,9999.000,9999.000,9999.000,9999.000
202608040148,   1.849,9999.000,9999.000,9999.000,9999.000,9999.000,9999.000,9999.000,9999.000
202608040154,   1.902,9999.000,9999.000,9999.000,9999.000,9999.000,9999.000,9999.000,9999.000
202608040200,   1.954,9999.000,   0.000,   0.148,   2.102,  -0.300,   1.802,   0.200,   2.302
202608040206,   2.005,9999.000,9999.000,9999.000,9999.000,9999.000,9999.000,9999.000,9999.000
202608040212,   2.055,9999.000,9999.000,9999.000,9999.000,9999.000,9999.000,9999.000,9999.000
202608040218,   2.104,9999.000,9999.000,9999.000,9999.000,9999.000,9999.000,9999.000,9999.000
202608040224,   2.151,9999.000,9999.000,9999.000,9999.000,9999.000,9999.000,9999.000,9999.000
202608040230,   2.197,9999.000,9999.000,9999.000,9999.000,9999.000,9999.000,9999.000,9999.000
202608040236,   2.241,9999.000,9999.000,9999.000,9999.000,9999.000,9999.000,9999.000,9999.000
202608040242,   2.283,9999.000,9999.000,9999.000,9999.000,9999.000,9999.000,9999.000,9999.000
202608040248,   2.324,9999.000,9999.000,9999.000,9999.000,9999.000,9999.000,9999.000,9999.000
202608040254,   2.363,9999.000,9999.000,9999.000,9999.000,9999.000,9999.000,9999.000,9999.000
202608040300,   2.400,9999.000,   0.000,   0.148,   2.548,  -0.300,   2.248,   0.200,   2.748
202608040306,   2.435,9999.000,9999.000,9999.000,9999.000,9999.000,9999.000,9999.000,9999.000
202608040312,   2.467,9999.000,9999.000,9999.000,9999.000,9999.000,9999.000,9999.000,9999.000
202608040318,   2.498,9999.000,9999.000,9999.000,9999.000,9999.000,9999.000,9999.000,9999.000
202608040324,   2.527,9999.000,9999.000,9999.000,9999.000,9999.000,9999.000,9999.000,9999.000
202608040330,   2.554,9999.000,9999.000,9999.000,9999.000,9999.000,9999.000,9999.000,9999.000
202608040336,   2.578,9999.000,9999.000,9999.000,9999.000,9999.000,9999.000,9999.000,9999.000
202608040342,   2.600,9999.000,9999.000,9999.000,9999.000,9999.000,9999.000,9999.000,9999.000
202608040348,   2.620,9999.000,9999.000,9999.000,9999.000,9999.000,9999.000,9999.000,9999.000
202608040354,   2.637,9999.000,9999.000,9999.000,9999.000,9999.000,9999.000,9999.000,9999.000
202608040400,   2.652,9999.000,  -0.100,   0.148,   2.700,  -0.300,   2.500,   0.200,   3.000
202608040406,   2.665,9999.000,9999.000,9999.000,9999.000,9999.000,9999.000,9999.000,9999.000
202608040412,   2.675,9999.000,9999.000,9999.000,9999.000,9999.000,9999.000,9999.000,9999.000
202608040418,   2.683,9999.000,9999.000,9999.000,9999.000,9999.000,9999.000,9999.000,9999.000
202608040424,   2.689,9999.000,9999.000,9999.000,9999.000,9999.000,9999.000,9999.000,9999.000
202608040430,   2.692,9999.000,9999.000,9999.000,9999.000,9999.000,9999.000,9999.000,9999.000
202608040436,   2.693,9999.000,9999.000,9999.000,9999.000,9999.000,9999.000,9999.000,9999.000
202608040442,   2.691,9999.000,9999.000,9999.000,9999.000,9999.000,9999.000,9999.000,9999.000
202608040448,   2.687,9999.000,9999.000,9999.000,9999.000,9999.000,9999.000,9999.000,9999.000
202608040454,   2.680,9999.000,9999.000,9999.000,9999.000,9999.000,9999.000,9999.000,9999.000
202608040500,   2.670,9999.000,  -0.100,   0.148,   2.718,  -0.300,   2.518,   0.200,   3.018
202608040506,   2.659,9999.000,9999.000,9999.000,9999.000,9999.000,9999.000,9999.000,9999.000
202608040512,   2.644,9999.000,9999.000,9999.000,9999.000,9999.000,9999.000,9999.000,9999.000
202608040518,   2.627,9999.000,9999.000,9999.000,9999.000,9999.000,9999.000,9999.000,9999.000
202608040524,   2.608,9999.000,9999.000,9999.000,9999.000,9999.000,9999.000,9999.000,9999.000
202608040530,   2.586,9999.000,9999.000,9999.000,9999.000,9999.000,9999.000,9999.000,9999.000
202608040536,   2.561,9999.000,9999.000,9999.000,9999.000,9999.000,9999.000,9999.000,9999.000
202608040542,   2.534,9999.000,9999.000,9999.000,9999.000,9999.000,9999.000,9999.000,9999.000
202608040548,   2.504,9999.000,9999.000,9999.000,9999.000,9999.000,9999.000,9999.000,9999.000
202608040554,   2.471,9999.000,9999.000,9999.000,9999.000,9999.000,9999.000,9999.000,9999.000
202608040600,   2.436,9999.000,  -0.100,   0.148,   2.484,  -0.300,   2.284,   0.200,   2.784
202608040606,   2.399,9999.000,9999.000,9999.000,9999.000,9999.000,9999.000,9999.000,9999.000
202608040612,   2.358,9999.000,9999.000,9999.000,9999.000,9999.000,9999.000,9999.000,9999.000
202608040618,   2.316,9999.000,9999.000,9999.000,9999.000,9999.000,9999.000,9999.000,9999.000
202608040624,   2.271,9999.000,9999.000,9999.000,9999.000,9999.000,9999.000,9999.000,9999.000
202608040630,   2.223,9999.000,9999.000,9999.000,9999.000,9999.000,9999.000,9999.000,9999.000
202608040636,   2.173,9999.000,9999.000,9999.000,9999.000,9999.000,9999.000,9999.000,9999.000
202608040642,   2.120,9999.000,9999.000,9999.000,9999.000,9999.000,9999.000,9999.000,9999.000
202608040648,   2.066,9999.000,9999.000,9999.000,9999.000,9999.000,9999.000,9999.000,9999.000
202608040654,   2.009,9999.000,9999.000,9999.000,9999.000,9999.000,9999.000,9999.000,9999.000
202608040700,   1.950,9999.000,   0.000,   0.148,   2.098,  -0.300,   1.798,   0.200,   2.298
202608040706,   1.889,9999.000,9999.000,9999.000,9999.000,9999.000,9999.000,9999.000,9999.000
202608040712,   1.827,9999.000,9999.000,9999.000,9999.000,9999.000,9999.000,9999.000,9999.000
202608040718,   1.763,9999.000,9999.000,9999.000,9999.000,9999.000,9999.000,9999.000,9999.000
202608040724,   1.697,9999.000,9999.000,9999.000,9999.000,9999.000,9999.000,9999.000,9999.000
202608040730,   1.630,9999.000,9999.000,9999.000,9999.000,9999.000,9999.000,9999.000,9999.000
202608040736,   1.562,9999.000,9999.000,9999.000,9999.000,9999.000,9999.000,9999.000,9999.000
202608040742,   1.493,9999.000,9999.000,9999.000,9999.000,9999.000,9999.000,9999.000,9999.000
202608040748,   1.423,9999.000,9999.000,9999.000,9999.000,9999.000,9999.000,9999.000,9999.000
202608040754,   1.353,9999.000,9999.000,9999.000,9999.000,9999.000,9999.000,9999.000,9999.000
202608040800,   1.283,9999.000,   0.000,   0.148,   1.431,  -0.300,   1.131,   0.200,   1.631
202608040806,   1.212,9999.000,9999.000,9999.000,9999.000,9999.000,9999.000,9999.000,9999.000
202608040812,   1.142,9999.000,9999.000,9999.000,9999.000,9999.000,9999.000,9999.000,9999.000
202608040818,   1.073,9999.000,9999.000,9999.000,9999.000,9999.000,9999.000,9999.000,9999.000
202608040824,   1.004,9999.000,9999.000,9999.000,9999.000,9999.000,9999.000,9999.000,9999.000
202608040830,   0.937,9999.000,9999.000,9999.000,9999.000,9999.000,9999.000,9999.000,9999.000
202608040836,   0.870,9999.000,9999.000,9999.000,9999.000,9999.000,9999.000,9999.000,9999.000
202608040842,   0.806,9999.000,9999.000,9999.000,9999.000,9999.000,9999.000,9999.000,9999.000
202608040848,   0.743,9999.000,9999.000,9999.000,9999.000,9999.000,9999.000,9999.000,9999.000
202608040854,   0.683,9999.000,9999.000,9999.000,9999.000,9999.000,9999.000,9999.000,9999.000
202608040900,   0.624,9999.000,   0.000,   0.148,   0.772,  -0.200,   0.572,   0.200,   0.972
202608040906,   0.569,9999.000,9999.000,9999.000,9999.000,9999.000,9999.000,9999.000,9999.000
202608040912,   0.516,9999.000,9999.000,9999.000,9999.000,9999.000,9999.000,9999.000,9999.000
202608040918,   0.466,9999.000,9999.000,9999.000,9999.000,9999.000,9999.000,9999.000,9999.000
202608040924,   0.420,9999.000,9999.000,9999.000,9999.000,9999.000,9999.000,9999.000,9999.000
202608040930,   0.377,9999.000,9999.000,9999.000,9999.000,9999.000,9999.000,9999.000,9999.000
202608040936,   0.337,9999.000,9999.000,9999.000,9999.000,9999.000,9999.000,9999.000,9999.000
202608040942,   0.301,9999.000,9999.000,9999.000,9999.000,9999.000,9999.000,9999.000,9999.000
202608040948,   0.269,9999.000,9999.000,9999.000,9999.000,9999.000,9999.000,9999.000,9999.000
202608040954,   0.241,9999.000,9999.000,9999.000,9999.000,9999.000,9999.000,9999.000,9999.000
202608041000,   0.218,9999.000,   0.000,   0.148,   0.366,  -0.200,   0.166,   0.200,   0.566
202608041006,   0.198,9999.000,9999.000,9999.000,9999.000,9999.000,9999.000,9999.000,9999.000
202608041012,   0.182,9999.000,9999.000,9999.000,9999.000,9999.000,9999.000,9999.000,9999.000
202608041018,   0.171,9999.000,9999.000,9999.000,9999.000,9999.000,9999.000,9999.000,9999.000
202608041024,   0.163,9999.000,9999.000,9999.000,9999.000,9999.000,9999.000,9999.000,9999.000
202608041030,   0.160,9999.000,9999.000,9999.000,9999.000,9999.000,9999.000,9999.000,9999.000
202608041036,   0.161,9999.000,9999.000,9999.000,9999.000,9999.000,9999.000,9999.000,9999.000
202608041042,   0.166,9999.000,9999.000,9999.000,9999.000,9999.000,9999.000,9999.000,9999.000
202608041048,   0.175,9999.000,9999.000,9999.000,9999.000,9999.000,9999.000,9999.000,9999.000
202608041054,   0.188,9999.000,9999.000,9999.000,9999.000,9999.000,9999.000,9999.000,9999.000
202608041100,   0.205,9999.000,   0.000,   0.148,   0.353,  -0.200,   0.153,   0.200,   0.553
202608041106,   0.226,9999.000,9999.000,9999.000,9999.000,9999.000,9999.000,9999.000,9999.000
202608041112,   0.250,9999.000,9999.000,9999.000,9999.000,9999.000,9999.000,9999.000,9999.000
202608041118,   0.278,9999.000,9999.000,9999.000,9999.000,9999.000,9999.000,9999.000,9999.000
202608041124,   0.309,9999.000,9999.000,9999.000,9999.000,9999.000,9999.000,9999.000,9999.000
202608041130,   0.343,9999.000,9999.000,9999.000,9999.000,9999.000,9999.000,9999.000,9999.000
202608041136,   0.380,9999.000,9999.000,9999.000,9999.000,9999.000,9999.000,9999.000,9999.000
202608041142,   0.420,9999.000,9999.000,9999.000,9999.000,9999.000,9999.000,9999.000,9999.000
202608041148,   0.463,9999.000,9999.000,9999.000,9999.000,9999.000,9999.000,9999.000,9999.000
202608041154,   0.508,9999.000,9999.000,9999.000,9999.000,9999.000,9999.000,9999.000,9999.000
202608041200,   0.555,9999.000,   0.000,   0.148,   0.703,  -0.100,   0.603,   0.200,   0.903
202608041206,   0.605,9999.000,9999.000,9999.000,9999.000,9999.000,9999.000,9999.000,9999.000
202608041212,   0.657,9999.000,9999.000,9999.000,9999.000,9999.000,9999.000,9999.000,9999.000
202608041218,   0.710,9999.000,9999.000,9999.000,9999.000,9999.000,9999.000,9999.000,9999.000
202608041224,   0.765,9999.000,9999.000,9999.000,9999.000,9999.000,9999.000,9999.000,9999.000
202608041230,   0.822,9999.000,9999.000,9999.000,9999.000,9999.000,9999.000,9999.000,9999.000
202608041236,   0.880,9999.000,9999.000,9999.000,9999.000,9999.000,9999.000,9999.000,9999.000
202608041242,   0.939,9999.000,9999.000,9999.000,9999.000,9999.000,9999.000,9999.000,9999.000
202608041248,   0.999,9999.000,9999.000,9999.000,9999.000,9999.000,9999.000,9999.000,9999.000
202608041254,   1.060,9999.000,9999.000,9999.000,9999.000,9999.000,9999.000,9999.000,9999.000
202608041300,   1.122,9999.000,   0.100,   0.148,   1.370,  -0.100,   1.170,   0.200,   1.470
202608041306,   1.184,9999.000,9999.000,9999.000,9999.000,9999.000,9999.000,9999.000,9999.000
202608041312,   1.247,9999.000,9999.000,9999.000,9999.000,9999.000,9999.000,9999.000,9999.000
202608041318,   1.310,9999.000,9999.000,9999.000,9999.000,9999.000,9999.000,9999.000,9999.000
202608041324,   1.373,9999.000,9999.000,9999.000,9999.000,9999.000,9999.000,9999.000,9999.000
202608041330,   1.436,9999.000,9999.000,9999.000,9999.000,9999.000,9999.000,9999.000,9999.000
202608041336,   1.499,9999.000,9999.000,9999.000,9999.000,9999.000,9999.000,9999.000,9999.000
202608041342,   1.561,9999.000,9999.000,9999.000,9999.000,9999.000,9999.000,9999.000,9999.000
202608041348,   1.623,9999.000,9999.000,9999.000,9999.000,9999.000,9999.000,9999.000,9999.000
202608041354,   1.685,9999.000,9999.000,9999.000,9999.000,9999.000,9999.000,9999.000,9999.000
202608041400,   1.746,9999.000,   0.100,   0.148,   1.994,  -0.100,   1.794,   0.200,   2.094
202608041406,   1.806,9999.000,9999.000,9999.000,9999.000,9999.000,9999.000,9999.000,9999.000
202608041412,   1.865,9999.000,9999.000,9999.000,9999.000,9999.000,9999.000,9999.000,9999.000
202608041418,   1.923,9999.000,9999.000,9999.000,9999.000,9999.000,9999.000,9999.000,9999.000
202608041424,   1.980,9999.000,9999.000,9999.000,9999.000,9999.000,9999.000,9999.000,9999.000
202608041430,   2.036,9999.000,9999.000,9999.000,9999.000,9999.000,9999.000,9999.000,9999.000
202608041436,   2.091,9999.000,9999.000,9999.000,9999.000,9999.000,9999.000,9999.000,9999.000
202608041442,   2.144,9999.000,9999.000,9999.000,9999.000,9999.000,9999.000,9999.000,9999.000
202608041448,   2.195,9999.000,9999.000,9999.000,9999.000,9999.000,9999.000,9999.000,9999.000
202608041454,   2.245,9999.000,9999.000,9999.000,9999.000,9999.000,9999.000,9999.000,9999.000
202608041500,   2.294,9999.000,   0.100,   0.148,   2.542,  -0.100,   2.342,   0.200,   2.642
202608041506,   2.341,9999.000,9999.000,9999.000,9999.000,9999.000,9999.000,9999.000,9999.000
202608041512,   2.385,9999.000,9999.000,9999.000,9999.000,9999.000,9999.000,9999.000,9999.000
202608041518,   2.428,9999.000,9999.000,9999.000,9999.000,9999.000,9999.000,9999.000,9999.000
202608041524,   2.469,9999.000,9999.000,9999.000,9999.000,9999.000,9999.000,9999.000,9999.000
202608041530,   2.509,9999.000,9999.000,9999.000,9999.000,9999.000,9999.000,9999.000,9999.000
202608041536,   2.546,9999.000,9999.000,9999.000,9999.000,9999.000,9999.000,9999.000,9999.000
202608041542,   2.581,9999.000,9999.000,9999.000,9999.000,9999.000,9999.000,9999.000,9999.000
202608041548,   2.613,9999.000,9999.000,9999.000,9999.000,9999.000,9999.000,9999.000,9999.000
202608041554,   2.644,9999.000,9999.000,9999.000,9999.000,9999.000,9999.000,9999.000,9999.000
202608041600,   2.673,9999.000,   0.100,   0.148,   2.921,   0.000,   2.821,   0.300,   3.121
202608041606,   2.699,9999.000,9999.000,9999.000,9999.000,9999.000,9999.000,9999.000,9999.000
202608041612,   2.723,9999.000,9999.000,9999.000,9999.000,9999.000,9999.000,9999.000,9999.000
202608041618,   2.745,9999.000,9999.000,9999.000,9999.000,9999.000,9999.000,9999.000,9999.000
202608041624,   2.765,9999.000,9999.000,9999.000,9999.000,9999.000,9999.000,9999.000,9999.000
202608041630,   2.782,9999.000,9999.000,9999.000,9999.000,9999.000,9999.000,9999.000,9999.000
202608041636,   2.798,9999.000,9999.000,9999.000,9999.000,9999.000,9999.000,9999.000,9999.000
202608041642,   2.811,9999.000,9999.000,9999.000,9999.000,9999.000,9999.000,9999.000,9999.000
202608041648,   2.821,9999.000,9999.000,9999.000,9999.000,9999.000,9999.000,9999.000,9999.000
202608041654,   2.830,9999.000,9999.000,9999.000,9999.000,9999.000,9999.000,9999.000,9999.000
202608041700,   2.836,9999.000,   0.100,   0.148,   3.084,   0.000,   2.984,   0.300,   3.284
202608041706,   2.839,9999.000,9999.000,9999.000,9999.000,9999.000,9999.000,9999.000,9999.000
202608041712,   2.841,9999.000,9999.000,9999.000,9999.000,9999.000,9999.000,9999.000,9999.000
202608041718,   2.840,9999.000,9999.000,9999.000,9999.000,9999.000,9999.000,9999.000,9999.000
202608041724,   2.837,9999.000,9999.000,9999.000,9999.000,9999.000,9999.000,9999.000,9999.000
202608041730,   2.832,9999.000,9999.000,9999.000,9999.000,9999.000,9999.000,9999.000,9999.000
202608041736,   2.824,9999.000,9999.000,9999.000,9999.000,9999.000,9999.000,9999.000,9999.000
202608041742,   2.814,9999.000,9999.000,9999.000,9999.000,9999.000,9999.000,9999.000,9999.000
202608041748,   2.801,9999.000,9999.000,9999.000,9999.000,9999.000,9999.000,9999.000,9999.000
202608041754,   2.786,9999.000,9999.000,9999.000,9999.000,9999.000,9999.000,9999.000,9999.000
202608041800,   2.769,9999.000,   0.100,   0.148,   3.017,   0.000,   2.917,   0.300,   3.217
202608041806,   2.749,9999.000,9999.000,9999.000,9999.000,9999.000,9999.000,9999.000,9999.000
202608041812,   2.727,9999.000,9999.000,9999.000,9999.000,9999.000,9999.000,9999.000,9999.000
202608041818,   2.702,9999.000,9999.000,9999.000,9999.000,9999.000,9999.000,9999.000,9999.000
202608041824,   2.675,9999.000,9999.000,9999.000,9999.000,9999.000,9999.000,9999.000,9999.000
202608041830,   2.645,9999.000,9999.000,9999.000,9999.000,9999.000,9999.000,9999.000,9999.000
202608041836,   2.613,9999.000,9999.000,9999.000,9999.000,9999.000,9999.000,9999.000,9999.000
202608041842,   2.579,9999.000,9999.000,9999.000,9999.000,9999.000,9999.000,9999.000,9999.000
202608041848,   2.542,9999.000,9999.000,9999.000,9999.000,9999.000,9999.000,9999.000,9999.000
202608041854,   2.502,9999.000,9999.000,9999.000,9999.000,9999.000,9999.000,9999.000,9999.000
202608041900,   2.461,9999.000,   0.100,   0.148,   2.709,   0.000,   2.609,   0.300,   2.909
202608041906,   2.417,9999.000,9999.000,9999.000,9999.000,9999.000,9999.000,9999.000,9999.000
202608041912,   2.370,9999.000,9999.000,9999.000,9999.000,9999.000,9999.000,9999.000,9999.000
202608041918,   2.322,9999.000,9999.000,9999.000,9999.000,9999.000,9999.000,9999.000,9999.000
202608041924,   2.271,9999.000,9999.000,9999.000,9999.000,9999.000,9999.000,9999.000,9999.000
202608041930,   2.218,9999.000,9999.000,9999.000,9999.000,9999.000,9999.000,9999.000,9999.000
202608041936,   2.163,9999.000,9999.000,9999.000,9999.000,9999.000,9999.000,9999.000,9999.000
202608041942,   2.107,9999.000,9999.000,9999.000,9999.000,9999.000,9999.000,9999.000,9999.000
202608041948,   2.048,9999.000,9999.000,9999.000,9999.000,9999.000,9999.000,9999.000,9999.000
202608041954,   1.988,9999.000,9999.000,9999.000,9999.000,9999.000,9999.000,9999.000,9999.000
202608042000,   1.927,9999.000,   0.100,   0.148,   2.175,   0.000,   2.075,   0.300,   2.375
202608042006,   1.865,9999.000,9999.000,9999.000,9999.000,9999.000,9999.000,9999.000,9999.000
202608042012,   1.801,9999.000,9999.000,9999.000,9999.000,9999.000,9999.000,9999.000,9999.000
202608042018,   1.737,9999.000,9999.000,9999.000,9999.000,9999.000,9999.000,9999.000,9999.000
202608042024,   1.672,9999.000,9999.000,9999.000,9999.000,9999.000,9999.000,9999.000,9999.000
202608042030,   1.607,9999.000,9999.000,9999.000,9999.000,9999.000,9999.000,9999.000,9999.000
202608042036,   1.541,9999.000,9999.000,9999.000,9999.000,9999.000,9999.000,9999.000,9999.000
202608042042,   1.476,9999.000,9999.000,9999.000,9999.000,9999.000,9999.000,9999.000,9999.000
202608042048,   1.410,9999.000,9999.000,9999.000,9999.000,9999.000,9999.000,9999.000,9999.000
202608042054,   1.346,9999.000,9999.000,9999.000,9999.000,9999.000,9999.000,9999.000,9999.000
202608042100,   1.282,9999.000,   0.100,   0.148,   1.530,   0.000,   1.430,   0.300,   1.730
202608042106,   1.219,9999.000,9999.000,9999.000,9999.000,9999.000,9999.000,9999.000,9999.000
202608042112,   1.158,9999.000,9999.000,9999.000,9999.000,9999.000,9999.000,9999.000,9999.000
202608042118,   1.098,9999.000,9999.000,9999.000,9999.000,9999.000,9999.000,9999.000,9999.000
202608042124,   1.039,9999.000,9999.000,9999.000,9999.000,9999.000,9999.000,9999.000,9999.000
202608042130,   0.983,9999.000,9999.000,9999.000,9999.000,9999.000,9999.000,9999.000,9999.000
202608042136,   0.929,9999.000,9999.000,9999.000,9999.000,9999.000,9999.000,9999.000,9999.000
202608042142,   0.877,9999.000,9999.000,9999.000,9999.000,9999.000,9999.000,9999.000,9999.000
202608042148,   0.828,9999.000,9999.000,9999.000,9999.000,9999.000,9999.000,9999.000,9999.000
202608042154,   0.782,9999.000,9999.000,9999.000,9999.000,9999.000,9999.000,9999.000,9999.000
202608042200,   0.739,9999.000,   0.100,   0.148,   0.987,   0.000,   0.887,   0.400,   1.287
202608042206,   0.699,9999.000,9999.000,9999.000,9999.000,9999.000,9999.000,9999.000,9999.000
202608042212,   0.662,9999.000,9999.000,9999.000,9999.000,9999.000,9999.000,9999.000,9999.000
202608042218,   0.628,9999.000,9999.000,9999.000,9999.000,9999.000,9999.000,9999.000,9999.000
202608042224,   0.598,9999.000,9999.000,9999.000,9999.000,9999.000,9999.000,9999.000,9999.000
202608042230,   0.571,9999.000,9999.000,9999.000,9999.000,9999.000,9999.000,9999.000,9999.000
202608042236,   0.548,9999.000,9999.000,9999.000,9999.000,9999.000,9999.000,9999.000,9999.000
202608042242,   0.529,9999.000,9999.000,9999.000,9999.000,9999.000,9999.000,9999.000,9999.000
202608042248,   0.513,9999.000,9999.000,9999.000,9999.000,9999.000,9999.000,9999.000,9999.000
202608042254,   0.501,9999.000,9999.000,9999.000,9999.000,9999.000,9999.000,9999.000,9999.000
202608042300,   0.493,9999.000,   0.100,   0.148,   0.741,   0.000,   0.641,   0.400,   1.041
202608042306,   0.488,9999.000,9999.000,9999.000,9999.000,9999.000,9999.000,9999.000,9999.000
202608042312,   0.487,9999.000,9999.000,9999.000,9999.000,9999.000,9999.000,9999.000,9999.000
202608042318,   0.489,9999.000,9999.000,9999.000,9999.000,9999.000,9999.000,9999.000,9999.000
202608042324,   0.495,9999.000,9999.000,9999.000,9999.000,9999.000,9999.000,9999.000,9999.000
202608042330,   0.504,9999.000,9999.000,9999.000,9999.000,9999.000,9999.000,9999.000,9999.000
202608042336,   0.516,9999.000,9999.000,9999.000,9999.000,9999.000,9999.000,9999.000,9999.000
202608042342,   0.532,9999.000,9999.000,9999.000,9999.000,9999.000,9999.000,9999.000,9999.000
202608042348,   0.551,9999.000,9999.000,9999.000,9999.000,9999.000,9999.000,9999.000,9999.000
202608042354,   0.573,9999.000,9999.000,9999.000,9999.000,9999.000,9999.000,9999.000,9999.000
202608050000,   0.597,9999.000,   0.200,   0.148,   0.945,   0.000,   0.745,   0.400,   1.145
202608050006,   0.624,9999.000,9999.000,9999.000,9999.000,9999.000,9999.000,9999.000,9999.000
202608050012,   0.654,9999.000,9999.000,9999.000,9999.000,9999.000,9999.000,9999.000,9999.000
202608050018,   0.686,9999.000,9999.000,9999.000,9999.000,9999.000,9999.000,9999.000,9999.000
202608050024,   0.721,9999.000,9999.000,9999.000,9999.000,9999.000,9999.000,9999.000,9999.000
202608050030,   0.757,9999.000,9999.000,9999.000,9999.000,9999.000,9999.000,9999.000,9999.000
202608050036,   0.796,9999.000,9999.000,9999.000,9999.000,9999.000,9999.000,9999.000,9999.000
202608050042,   0.836,9999.000,9999.000,9999.000,9999.000,9999.000,9999.000,9999.000,9999.000
202608050048,   0.879,9999.000,9999.000,9999.000,9999.000,9999.000,9999.000,9999.000,9999.000
202608050054,   0.922,9999.000,9999.000,9999.000,9999.000,9999.000,9999.000,9999.000,9999.000
202608050100,   0.967,9999.000,   0.200,   0.148,   1.315,   0.000,   1.115,   0.400,   1.515
202608050106,   1.014,9999.000,9999.000,9999.000,9999.000,9999.000,9999.000,9999.000,9999.000
202608050112,   1.061,9999.000,9999.000,9999.000,9999.000,9999.000,9999.000,9999.000,9999.000
202608050118,   1.110,9999.000,9999.000,9999.000,9999.000,9999.000,9999.000,9999.000,9999.000
202608050124,   1.159,9999.000,9999.000,9999.000,9999.000,9999.000,9999.000,9999.000,9999.000
202608050130,   1.209,9999.000,9999.000,9999.000,9999.000,9999.000,9999.000,9999.000,9999.000
202608050136,   1.260,9999.000,9999.000,9999.000,9999.000,9999.000,9999.000,9999.000,9999.000
202608050142,   1.311,9999.000,9999.000,9999.000,9999.000,9999.000,9999.000,9999.000,9999.000
202608050148,   1.363,9999.000,9999.000,9999.000,9999.000,9999.000,9999.000,9999.000,9999.000
202608050154,   1.415,9999.000,9999.000,9999.000,9999.000,9999.000,9999.000,9999.000,9999.000
202608050200,   1.466,9999.000,   0.200,   0.148,   1.814,   0.000,   1.614,   0.400,   2.014
202608050206,   1.518,9999.000,9999.000,9999.000,9999.000,9999.000,9999.000,9999.000,9999.000
202608050212,   1.570,9999.000,9999.000,9999.000,9999.000,9999.000,9999.000,9999.000,9999.000
202608050218,   1.621,9999.000,9999.000,9999.000,9999.000,9999.000,9999.000,9999.000,9999.000
202608050224,   1.672,9999.000,9999.000,9999.000,9999.000,9999.000,9999.000,9999.000,9999.000
202608050230,   1.722,9999.000,9999.000,9999.000,9999.000,9999.000,9999.000,9999.000,9999.000
202608050236,   1.772,9999.000,9999.000,9999.000,9999.000,9999.000,9999.000,9999.000,9999.000
202608050242,   1.821,9999.000,9999.000,9999.000,9999.000,9999.000,9999.000,9999.000,9999.000
202608050248,   1.869,9999.000,9999.000,9999.000,9999.000,9999.000,9999.000,9999.000,9999.000
202608050254,   1.916,9999.000,9999.000,9999.000,9999.000,9999.000,9999.000,9999.000,9999.000
202608050300,   1.961,9999.000,   0.200,   0.148,   2.309,   0.000,   2.109,   0.400,   2.509
202608050306,   2.006,9999.000,9999.000,9999.000,9999.000,9999.000,9999.000,9999.000,9999.000
202608050312,   2.050,9999.000,9999.000,9999.000,9999.000,9999.000,9999.000,9999.000,9999.000
202608050318,   2.092,9999.000,9999.000,9999.000,9999.000,9999.000,9999.000,9999.000,9999.000
202608050324,   2.132,9999.000,9999.000,9999.000,9999.000,9999.000,9999.000,9999.000,9999.000
202608050330,   2.171,9999.000,9999.000,9999.000,9999.000,9999.000,9999.000,9999.000,9999.000
202608050336,   2.209,9999.000,9999.000,9999.000,9999.000,9999.000,9999.000,9999.000,9999.000
202608050342,   2.244,9999.000,9999.000,9999.000,9999.000,9999.000,9999.000,9999.000,9999.000
202608050348,   2.278,9999.000,9999.000,9999.000,9999.000,9999.000,9999.000,9999.000,9999.000
202608050354,   2.310,9999.000,9999.000,9999.000,9999.000,9999.000,9999.000,9999.000,9999.000
202608050400,   2.340,9999.000,   0.100,   0.148,   2.588,   0.000,   2.488,   0.400,   2.888
202608050406,   2.368,9999.000,9999.000,9999.000,9999.000,9999.000,9999.000,9999.000,9999.000
202608050412,   2.394,9999.000,9999.000,9999.000,9999.000,9999.000,9999.000,9999.000,9999.000
202608050418,   2.418,9999.000,9999.000,9999.000,9999.000,9999.000,9999.000,9999.000,9999.000
202608050424,   2.440,9999.000,9999.000,9999.000,9999.000,9999.000,9999.000,9999.000,9999.000
202608050430,   2.460,9999.000,9999.000,9999.000,9999.000,9999.000,9999.000,9999.000,9999.000
202608050436,   2.478,9999.000,9999.000,9999.000,9999.000,9999.000,9999.000,9999.000,9999.000
202608050442,   2.493,9999.000,9999.000,9999.000,9999.000,9999.000,9999.000,9999.000,9999.000
202608050448,   2.506,9999.000,9999.000,9999.000,9999.000,9999.000,9999.000,9999.000,9999.000
202608050454,   2.517,9999.000,9999.000,9999.000,9999.000,9999.000,9999.000,9999.000,9999.000
202608050500,   2.526,9999.000,   0.100,   0.148,   2.774,   0.000,   2.674,   0.400,   3.074
202608050506,   2.533,9999.000,9999.000,9999.000,9999.000,9999.000,9999.000,9999.000,9999.000
202608050512,   2.537,9999.000,9999.000,9999.000,9999.000,9999.000,9999.000,9999.000,9999.000
202608050518,   2.539,9999.000,9999.000,9999.000,9999.000,9999.000,9999.000,9999.000,9999.000
202608050524,   2.539,9999.000,9999.000,9999.000,9999.000,9999.000,9999.000,9999.000,9999.000
202608050530,   2.536,9999.000,9999.000,9999.000,9999.000,9999.000,9999.000,9999.000,9999.000
202608050536,   2.531,9999.000,9999.000,9999.000,9999.000,9999.000,9999.000,9999.000,9999.000
202608050542,   2.524,9999.000,9999.000,9999.000,9999.000,9999.000,9999.000,9999.000,9999.000
202608050548,   2.515,9999.000,9999.000,9999.000,9999.000,9999.000,9999.000,9999.000,9999.000
202608050554,   2.503,9999.000,9999.000,9999.000,9999.000,9999.000,9999.000,9999.000,9999.000
202608050600,   2.489,9999.000,   0.100,   0.148,   2.737,   0.000,   2.637,   0.400,   3.037
202608050606,   2.473,9999.000,9999.000,9999.000,9999.000,9999.000,9999.000,9999.000,9999.000
202608050612,   2.454,9999.000,9999.000,9999.000,9999.000,9999.000,9999.000,9999.000,9999.000
202608050618,   2.433,9999.000,9999.000,9999.000,9999.000,9999.000,9999.000,9999.000,9999.000
202608050624,   2.410,9999.000,9999.000,9999.000,9999.000,9999.000,9999.000,9999.000,9999.000
202608050630,   2.385,9999.000,9999.000,9999.000,9999.000,9999.000,9999.000,9999.000,9999.000
202608050636,   2.357,9999.000,9999.000,9999.000,9999.000,9999.000,9999.000,9999.000,9999.000
202608050642,   2.327,9999.000,9999.000,9999.000,9999.000,9999.000,9999.000,9999.000,9999.000
202608050648,   2.294,9999.000,9999.000,9999.000,9999.000,9999.000,9999.000,9999.000,9999.000
202608050654,   2.259,9999.000,9999.000,9999.000,9999.000,9999.000,9999.000,9999.000,9999.000
202608050700,   2.222,9999.000,   0.100,   0.148,   2.470,   0.000,   2.370,   0.400,   2.770
202608050706,   2.183,9999.000,9999.000,9999.000,9999.000,9999.000,9999.000,9999.000,9999.000
202608050712,   2.141,9999.000,9999.000,9999.000,9999.000,9999.000,9999.000,9999.000,9999.000
202608050718,   2.097,9999.000,9999.000,9999.000,9999.000,9999.000,9999.000,9999.000,9999.000
202608050724,   2.051,9999.000,9999.000,9999.000,9999.000,9999.000,9999.000,9999.000,9999.000
202608050730,   2.003,9999.000,9999.000,9999.000,9999.000,9999.000,9999.000,9999.000,9999.000
202608050736,   1.953,9999.000,9999.000,9999.000,9999.000,9999.000,9999.000,9999.000,9999.000
202608050742,   1.900,9999.000,9999.000,9999.000,9999.000,9999.000,9999.000,9999.000,9999.000
202608050748,   1.846,9999.000,9999.000,9999.000,9999.000,9999.000,9999.000,9999.000,9999.000
202608050754,   1.791,9999.000,9999.000,9999.000,9999.000,9999.000,9999.000,9999.000,9999.000
202608050800,   1.733,9999.000,   0.100,   0.148,   1.981,   0.000,   1.881,   0.400,   2.281
202608050806,   1.674,9999.000,9999.000,9999.000,9999.000,9999.000,9999.000,9999.000,9999.000
202608050812,   1.614,9999.000,9999.000,9999.000,9999.000,9999.000,9999.000,9999.000,9999.000
202608050818,   1.552,9999.000,9999.000,9999.000,9999.000,9999.000,9999.000,9999.000,9999.000
202608050824,   1.489,9999.000,9999.000,9999.000,9999.000,9999.000,9999.000,9999.000,9999.000
202608050830,   1.426,9999.000,9999.000,9999.000,9999.000,9999.000,9999.000,9999.000,9999.000
202608050836,   1.361,9999.000,9999.000,9999.000,9999.000,9999.000,9999.000,9999.000,9999.000
202608050842,   1.297,9999.000,9999.000,9999.000,9999.000,9999.000,9999.000,9999.000,9999.000
202608050848,   1.232,9999.000,9999.000,9999.000,9999.000,9999.000,9999.000,9999.000,9999.000
202608050854,   1.167,9999.000,9999.000,9999.000,9999.000,9999.000,9999.000,9999.000,9999.000
202608050900,   1.102,9999.000,   0.200,   0.148,   1.450,   0.000,   1.250,   0.400,   1.650
202608050906,   1.037,9999.000,9999.000,9999.000,9999.000,9999.000,9999.000,9999.000,9999.000
202608050912,   0.974,9999.000,9999.000,9999.000,9999.000,9999.000,9999.000,9999.000,9999.000
202608050918,   0.911,9999.000,9999.000,9999.000,9999.000,9999.000,9999.000,9999.000,9999.000
202608050924,   0.850,9999.000,9999.000,9999.000,9999.000,9999.000,9999.000,9999.000,9999.000
202608050930,   0.790,9999.000,9999.000,9999.000,9999.000,9999.000,9999.000,9999.000,9999.000
202608050936,   0.731,9999.000,9999.000,9999.000,9999.000,9999.000,9999.000,9999.000,9999.000
202608050942,   0.675,9999.000,9999.000,9999.000,9999.000,9999.000,9999.000,9999.000,9999.000
202608050948,   0.620,9999.000,9999.000,9999.000,9999.000,9999.000,9999.000,9999.000,9999.000
202608050954,   0.569,9999.000,9999.000,9999.000,9999.000,9999.000,9999.000,9999.000,9999.000
202608051000,   0.519,9999.000,   0.200,   0.148,   0.867,   0.000,   0.667,   0.400,   1.067
202608051006,   0.473,9999.000,9999.000,9999.000,9999.000,9999.000,9999.000,9999.000,9999.000
202608051012,   0.429,9999.000,9999.000,9999.000,9999.000,9999.000,9999.000,9999.000,9999.000
202608051018,   0.389,9999.000,9999.000,9999.000,9999.000,9999.000,9999.000,9999.000,9999.000
202608051024,   0.352,9999.000,9999.000,9999.000,9999.000,9999.000,9999.000,9999.000,9999.000
202608051030,   0.319,9999.000,9999.000,9999.000,9999.000,9999.000,9999.000,9999.000,9999.000
202608051036,   0.289,9999.000,9999.000,9999.000,9999.000,9999.000,9999.000,9999.000,9999.000
202608051042,   0.263,9999.000,9999.000,9999.000,9999.000,9999.000,9999.000,9999.000,9999.000
202608051048,   0.241,9999.000,9999.000,9999.000,9999.000,9999.000,9999.000,9999.000,9999.000
202608051054,   0.223,9999.000,9999.000,9999.000,9999.000,9999.000,9999.000,9999.000,9999.000
202608051100,   0.208,9999.000,   0.200,   0.148,   0.556,   0.000,   0.356,   0.400,   0.756
202608051106,   0.198,9999.000,9999.000,9999.000,9999.000,9999.000,9999.000,9999.000,9999.000
202608051112,   0.192,9999.000,9999.000,9999.000,9999.000,9999.000,9999.000,9999.000,9999.000
202608051118,   0.189,9999.000,9999.000,9999.000,9999.000,9999.000,9999.000,9999.000,9999.000
202608051124,   0.191,9999.000,9999.000,9999.000,9999.000,9999.000,9999.000,9999.000,9999.000
202608051130,   0.197,9999.000,9999.000,9999.000,9999.000,9999.000,9999.000,9999.000,9999.000
202608051136,   0.206,9999.000,9999.000,9999.000,9999.000,9999.000,9999.000,9999.000,9999.000
202608051142,   0.219,9999.000,9999.000,9999.000,9999.000,9999.000,9999.000,9999.000,9999.000
202608051148,   0.236,9999.000,9999.000,9999.000,9999.000,9999.000,9999.000,9999.000,9999.000
202608051154,   0.257,9999.000,9999.000,9999.000,9999.000,9999.000,9999.000,9999.000,9999.000
202608051200,   0.281,9999.000,   0.200,   0.148,   0.629,   0.000,   0.429,   0.400,   0.829
202608051206,   0.309,9999.000,9999.000,9999.000,9999.000,9999.000,9999.000,9999.000,9999.000
202608051212,   0.340,9999.000,9999.000,9999.000,9999.000,9999.000,9999.000,9999.000,9999.000
202608051218,   0.374,9999.000,9999.000,9999.000,9999.000,9999.000,9999.000,9999.000,9999.000
202608051224,   0.411,9999.000,9999.000,9999.000,9999.000,9999.000,9999.000,9999.000,9999.000
202608051230,   0.451,9999.000,9999.000,9999.000,9999.000,9999.000,9999.000,9999.000,9999.000
202608051236,   0.493,9999.000,9999.000,9999.000,9999.000,9999.000,9999.000,9999.000,9999.000
202608051242,   0.538,9999.000,9999.000,9999.000,9999.000,9999.000,9999.000,9999.000,9999.000
202608051248,   0.586,9999.000,9999.000,9999.000,9999.000,9999.000,9999.000,9999.000,9999.000
202608051254,   0.635,9999.000,9999.000,9999.000,9999.000,9999.000,9999.000,9999.000,9999.000
202608051300,   0.687,9999.000,   0.100,   0.148,   0.935,   0.000,   0.835,   0.400,   1.235
202608051306,   0.740,9999.000,9999.000,9999.000,9999.000,9999.000,9999.000,9999.000,9999.000
202608051312,   0.795,9999.000,9999.000,9999.000,9999.000,9999.000,9999.000,9999.000,9999.000
202608051318,   0.852,9999.000,9999.000,9999.000,9999.000,9999.000,9999.000,9999.000,9999.000
202608051324,   0.910,9999.000,9999.000,9999.000,9999.000,9999.000,9999.000,9999.000,9999.000
202608051330,   0.970,9999.000,9999.000,9999.000,9999.000,9999.000,9999.000,9999.000,9999.000
202608051336,   1.030,9999.000,9999.000,9999.000,9999.000,9999.000,9999.000,9999.000,9999.000
202608051342,   1.091,9999.000,9999.000,9999.000,9999.000,9999.000,9999.000,9999.000,9999.000
202608051348,   1.153,9999.000,9999.000,9999.000,9999.000,9999.000,9999.000,9999.000,9999.000
202608051354,   1.216,9999.000,9999.000,9999.000,9999.000,9999.000,9999.000,9999.000,9999.000
202608051400,   1.279,9999.000,   0.100,   0.148,   1.527,   0.000,   1.427,   0.400,   1.827
202608051406,   1.342,9999.000,9999.000,9999.000,9999.000,9999.000,9999.000,9999.000,9999.000
202608051412,   1.406,9999.000,9999.000,9999.000,9999.000,9999.000,9999.000,9999.000,9999.000
202608051418,   1.469,9999.000,9999.000,9999.000,9999.000,9999.000,9999.000,9999.000,9999.000
202608051424,   1.533,9999.000,9999.000,9999.000,9999.000,9999.000,9999.000,9999.000,9999.000
202608051430,   1.596,9999.000,9999.000,9999.000,9999.000,9999.000,9999.000,9999.000,9999.000
202608051436,   1.659,9999.000,9999.000,9999.000,9999.000,9999.000,9999.000,9999.000,9999.000
202608051442,   1.721,9999.000,9999.000,9999.000,9999.000,9999.000,9999.000,9999.000,9999.000
202608051448,   1.783,9999.000,9999.000,9999.000,9999.000,9999.000,9999.000,9999.000,9999.000
202608051454,   1.844,9999.000,9999.000,9999.000,9999.000,9999.000,9999.000,9999.000,9999.000
202608051500,   1.904,9999.000,   0.100,   0.148,   2.152,   0.000,   2.052,   0.400,   2.452
202608051506,   1.963,9999.000,9999.000,9999.000,9999.000,9999.000,9999.000,9999.000,9999.000
202608051512,   2.021,9999.000,9999.000,9999.000,9999.000,9999.000,9999.000,9999.000,9999.000
202608051518,   2.078,9999.000,9999.000,9999.000,9999.000,9999.000,9999.000,9999.000,9999.000
202608051524,   2.134,9999.000,9999.000,9999.000,9999.000,9999.000,9999.000,9999.000,9999.000
202608051530,   2.188,9999.000,9999.000,9999.000,9999.000,9999.000,9999.000,9999.000,9999.000
202608051536,   2.240,9999.000,9999.000,9999.000,9999.000,9999.000,9999.000,9999.000,9999.000
202608051542,   2.292,9999.000,9999.000,9999.000,9999.000,9999.000,9999.000,9999.000,9999.000
202608051548,   2.341,9999.000,9999.000,9999.000,9999.000,9999.000,9999.000,9999.000,9999.000
202608051554,   2.389,9999.000,9999.000,9999.000,9999.000,9999.000,9999.000,9999.000,9999.000
202608051600,   2.435,9999.000,   0.100,   0.148,   2.683,   0.000,   2.583,   0.300,   2.883
202608051606,   2.479,9999.000,9999.000,9999.000,9999.000,9999.000,9999.000,9999.000,9999.000
202608051612,   2.521,9999.000,9999.000,9999.000,9999.000,9999.000,9999.000,9999.000,9999.000
202608051618,   2.561,9999.000,9999.000,9999.000,9999.000,9999.000,9999.000,9999.000,9999.000
202608051624,   2.600,9999.000,9999.000,9999.000,9999.000,9999.000,9999.000,9999.000,9999.000
202608051630,   2.636,9999.000,9999.000,9999.000,9999.000,9999.000,9999.000,9999.000,9999.000
202608051636,   2.670,9999.000,9999.000,9999.000,9999.000,9999.000,9999.000,9999.000,9999.000
202608051642,   2.702,9999.000,9999.000,9999.000,9999.000,9999.000,9999.000,9999.000,9999.000
202608051648,   2.732,9999.000,9999.000,9999.000,9999.000,9999.000,9999.000,9999.000,9999.000
202608051654,   2.760,9999.000,9999.000,9999.000,9999.000,9999.000,9999.000,9999.000,9999.000
202608051700,   2.785,9999.000,   0.100,   0.148,   3.033,   0.000,   2.933,   0.300,   3.233
202608051706,   2.809,9999.000,9999.000,9999.000,9999.000,9999.000,9999.000,9999.000,9999.000
202608051712,   2.830,9999.000,9999.000,9999.000,9999.000,9999.000,9999.000,9999.000,9999.000
202608051718,   2.849,9999.000,9999.000,9999.000,9999.000,9999.000,9999.000,9999.000,9999.000
202608051724,   2.866,9999.000,9999.000,9999.000,9999.000,9999.000,9999.000,9999.000,9999.000
202608051730,   2.881,9999.000,9999.000,9999.000,9999.000,9999.000,9999.000,9999.000,9999.000
202608051736,   2.893,9999.000,9999.000,9999.000,9999.000,9999.000,9999.000,9999.000,9999.000
202608051742,   2.904,9999.000,9999.000,9999.000,9999.000,9999.000,9999.000,9999.000,9999.000
202608051748,   2.912,9999.000,9999.000,9999.000,9999.000,9999.000,9999.000,9999.000,9999.000
202608051754,   2.918,9999.000,9999.000,9999.000,9999.000,9999.000,9999.000,9999.000,9999.000
202608051800,   2.922,9999.000,   0.100,   0.148,   3.170,   0.000,   3.070,   0.300,   3.370
