        TIME,    TIDE,      OB,   SURGE,    BIAS,     TWL,SURGE90p,  TWL90p,SURGE10p,   TWL10p
202604300600,   0.476,   2.269,   1.100,   0.693,   2.269,   1.100,   2.269,   1.200,   2.369
202604300606,   0.500,9999.000,9999.000,9999.000,9999.000,9999.000,9999.000,9999.000,9999.000
202604300612,   0.526,   2.318,9999.000,9999.000,9999.000,9999.000,9999.000,9999.000,9999.000
202604300618,   0.553,9999.000,9999.000,9999.000,9999.000,9999.000,9999.000,9999.000,9999.000
202604300624,   0.581,   2.368,9999.000,9999.000,9999.000,9999.000,9999.000,9999.000,9999.000
202604300630,   0.610,9999.000,9999.000,9999.000,9999.000,9999.000,9999.000,9999.000,9999.000
202604300636,   0.641,   2.440,9999.000,9999.000,9999.000,9999.000,9999.000,9999.000,9999.000
202604300642,   0.672,9999.000,9999.000,9999.000,9999.000,9999.000,9999.000,9999.000,9999.000
202604300648,   0.705,   2.489,9999.000,9999.000,9999.000,9999.000,9999.000,9999.000,9999.000
202604300654,   0.738,9999.000,9999.000,9999.000,9999.000,9999.000,9999.000,9999.000,9999.000
202604300700,   0.772,   2.587,   1.100,   0.715,   2.587,   1.100,   2.587,   1.200,   2.687
202604300706,   0.806,   2.597,9999.000,9999.000,9999.000,9999.000,9999.000,9999.000,9999.000
202604300712,   0.842,   2.650,9999.000,9999.000,9999.000,9999.000,9999.000,9999.000,9999.000
202604300718,   0.877,   2.699,9999.000,9999.000,9999.000,9999.000,9999.000,9999.000,9999.000
202604300724,   0.914,   2.728,9999.000,9999.000,9999.000,9999.000,9999.000,9999.000,9999.000
202604300730,   0.950,   2.758,9999.000,9999.000,9999.000,9999.000,9999.000,9999.000,9999.000
202604300736,   0.987,   2.787,9999.000,9999.000,9999.000,9999.000,9999.000,9999.000,9999.000
202604300742,   1.024,   2.820,9999.000,9999.000,9999.000,9999.000,9999.000,9999.000,9999.000
202604300748,   1.061,   2.850,9999.000,9999.000,9999.000,9999.000,9999.000,9999.000,9999.000
202604300754,   1.098,   2.899,9999.000,9999.000,9999.000,9999.000,9999.000,9999.000,9999.000
202604300800,   1.135,   2.948,   1.100,   0.713,   2.948,   1.100,   2.948,   1.200,   3.048
202604300806,   1.172,   2.958,9999.000,9999.000,9999.000,9999.000,9999.000,9999.000,9999.000
202604300812,   1.208,   2.978,9999.000,9999.000,9999.000,9999.000,9999.000,9999.000,9999.000
202604300818,   1.245,   3.007,9999.000,9999.000,9999.000,9999.000,9999.000,9999.000,9999.000
202604300824,   1.281,   3.030,9999.000,9999.000,9999.000,9999.000,9999.000,9999.000,9999.000
202604300830,   1.316,   3.060,9999.000,9999.000,9999.000,9999.000,9999.000,9999.000,9999.000
202604300836,   1.351,   3.089,9999.000,9999.000,9999.000,9999.000,9999.000,9999.000,9999.000
202604300842,   1.385,   3.119,9999.000,9999.000,9999.000,9999.000,9999.000,9999.000,9999.000
202604300848,   1.418,   3.129,9999.000,9999.000,9999.000,9999.000,9999.000,9999.000,9999.000
202604300854,   1.450,   3.168,9999.000,9999.000,9999.000,9999.000,9999.000,9999.000,9999.000
202604300900,   1.482,   3.188,   1.100,   0.606,   3.188,   1.100,   3.188,   1.200,   3.288
202604300906,   1.512,   3.207,9999.000,9999.000,9999.000,9999.000,9999.000,9999.000,9999.000
202604300912,   1.542,   3.240,9999.000,9999.000,9999.000,9999.000,9999.000,9999.000,9999.000
202604300918,   1.570,   3.250,9999.000,9999.000,9999.000,9999.000,9999.000,9999.000,9999.000
202604300924,   1.597,   3.279,9999.000,9999.000,9999.000,9999.000,9999.000,9999.000,9999.000
202604300930,   1.623,   3.289,9999.000,9999.000,9999.000,9999.000,9999.000,9999.000,9999.000
202604300936,   1.647,   3.299,9999.000,9999.000,9999.000,9999.000,9999.000,9999.000,9999.000
202604300942,   1.670,   3.319,9999.000,9999.000,9999.000,9999.000,9999.000,9999.000,9999.000
202604300948,   1.692,   3.339,9999.000,9999.000,9999.000,9999.000,9999.000,9999.000,9999.000
202604300954,   1.712,   3.358,9999.000,9999.000,9999.000,9999.000,9999.000,9999.000,9999.000
202604301000,   1.730,   3.358,   1.100,   0.528,   3.358,   1.100,   3.358,   1.200,   3.458
202604301006,   1.747,   3.378,9999.000,9999.000,9999.000,9999.000,9999.000,9999.000,9999.000
202604301012,   1.762,   3.378,9999.000,9999.000,9999.000,9999.000,9999.000,9999.000,9999.000
202604301018,   1.776,   3.378,9999.000,9999.000,9999.000,9999.000,9999.000,9999.000,9999.000
202604301024,   1.788,   3.388,9999.000,9999.000,9999.000,9999.000,9999.000,9999.000,9999.000
202604301030,   1.798,   3.398,9999.000,9999.000,9999.000,9999.000,9999.000,9999.000,9999.000
202604301036,   1.807,   3.407,9999.000,9999.000,9999.000,9999.000,9999.000,9999.000,9999.000
202604301042,   1.814,   3.398,9999.000,9999.000,9999.000,9999.000,9999.000,9999.000,9999.000
202604301048,   1.819,   3.388,9999.000,9999.000,9999.000,9999.000,9999.000,9999.000,9999.000
202604301054,   1.822,   3.388,9999.000,9999.000,9999.000,9999.000,9999.000,9999.000,9999.000
202604301100,   1.824,   3.378,   1.100,   0.454,   3.378,   1.100,   3.378,   1.200,   3.478
202604301106,   1.824,   3.378,9999.000,9999.000,9999.000,9999.000,9999.000,9999.000,9999.000
202604301112,   1.822,   3.358,9999.000,9999.000,9999.000,9999.000,9999.000,9999.000,9999.000
202604301118,   1.818,   3.339,9999.000,9999.000,9999.000,9999.000,9999.000,9999.000,9999.000
202604301124,   1.813,   3.348,9999.000,9999.000,9999.000,9999.000,9999.000,9999.000,9999.000
202604301130,   1.806,   3.329,9999.000,9999.000,9999.000,9999.000,9999.000,9999.000,9999.000
202604301136,   1.798,   3.309,9999.000,9999.000,9999.000,9999.000,9999.000,9999.000,9999.000
202604301142,   1.788,   3.289,9999.000,9999.000,9999.000,9999.000,9999.000,9999.000,9999.000
202604301148,   1.777,   3.260,9999.000,9999.000,9999.000,9999.000,9999.000,9999.000,9999.000
202604301154,   1.764,   3.250,9999.000,9999.000,9999.000,9999.000,9999.000,9999.000,9999.000
202604301200,   1.749,   3.217,   1.000,   0.468,   3.217,   1.000,   3.217,   1.100,   3.317
202604301206,   1.734,   3.207,9999.000,9999.000,9999.000,9999.000,9999.000,9999.000,9999.000
202604301212,   1.716,   3.178,9999.000,9999.000,9999.000,9999.000,9999.000,9999.000,9999.000
202604301218,   1.698,   3.168,9999.000,9999.000,9999.000,9999.000,9999.000,9999.000,9999.000
202604301224,   1.678,   3.158,9999.000,9999.000,9999.000,9999.000,9999.000,9999.000,9999.000
202604301230,   1.657,   3.119,9999.000,9999.000,9999.000,9999.000,9999.000,9999.000,9999.000
202604301236,   1.635,   3.079,9999.000,9999.000,9999.000,9999.000,9999.000,9999.000,9999.000
202604301242,   1.612,   3.060,9999.000,9999.000,9999.000,9999.000,9999.000,9999.000,9999.000
202604301248,   1.588,   3.017,9999.000,9999.000,9999.000,9999.000,9999.000,9999.000,9999.000
202604301254,   1.563,   2.988,9999.000,9999.000,9999.000,9999.000,9999.000,9999.000,9999.000
202604301300,   1.537,   2.948,   1.000,   0.411,   2.948,   1.000,   2.948,   1.100,   3.048
202604301306,   1.509,   2.929,9999.000,9999.000,9999.000,9999.000,9999.000,9999.000,9999.000
202604301312,   1.481,   2.889,9999.000,9999.000,9999.000,9999.000,9999.000,9999.000,9999.000
202604301318,   1.453,   2.860,9999.000,9999.000,9999.000,9999.000,9999.000,9999.000,9999.000
202604301324,   1.423,   2.830,9999.000,9999.000,9999.000,9999.000,9999.000,9999.000,9999.000
202604301330,   1.393,   2.778,9999.000,9999.000,9999.000,9999.000,9999.000,9999.000,9999.000
202604301336,   1.362,   2.738,9999.000,9999.000,9999.000,9999.000,9999.000,9999.000,9999.000
202604301342,   1.330,   2.709,9999.000,9999.000,9999.000,9999.000,9999.000,9999.000,9999.000
202604301348,   1.298,   2.679,9999.000,9999.000,9999.000,9999.000,9999.000,9999.000,9999.000
202604301354,   1.266,   2.650,9999.000,9999.000,9999.000,9999.000,9999.000,9999.000,9999.000
202604301400,   1.233,   2.610,   1.000,   0.377,   2.610,   1.000,   2.610,   1.100,   2.710
202604301406,   1.199,   2.558,9999.000,9999.000,9999.000,9999.000,9999.000,9999.000,9999.000
202604301412,   1.165,   2.519,9999.000,9999.000,9999.000,9999.000,9999.000,9999.000,9999.000
202604301418,   1.131,   2.479,9999.000,9999.000,9999.000,9999.000,9999.000,9999.000,9999.000
202604301424,   1.097,   2.440,9999.000,9999.000,9999.000,9999.000,9999.000,9999.000,9999.000
202604301430,   1.063,   2.400,9999.000,9999.000,9999.000,9999.000,9999.000,9999.000,9999.000
202604301436,   1.028,   2.358,9999.000,9999.000,9999.000,9999.000,9999.000,9999.000,9999.000
202604301442,   0.993,   2.309,9999.000,9999.000,9999.000,9999.000,9999.000,9999.000,9999.000
202604301448,   0.959,   2.259,9999.000,9999.000,9999.000,9999.000,9999.000,9999.000,9999.000
202604301454,   0.924,   2.230,9999.000,9999.000,9999.000,9999.000,9999.000,9999.000,9999.000
202604301500,   0.890,   2.191,   1.000,   0.301,   2.191,   1.000,   2.191,   1.100,   2.291
202604301506,   0.856,   2.148,9999.000,9999.000,9999.000,9999.000,9999.000,9999.000,9999.000
202604301512,   0.822,   2.109,9999.000,9999.000,9999.000,9999.000,9999.000,9999.000,9999.000
202604301518,   0.789,   2.059,9999.000,9999.000,9999.000,9999.000,9999.000,9999.000,9999.000
202604301524,   0.756,   2.010,9999.000,9999.000,9999.000,9999.000,9999.000,9999.000,9999.000
202604301530,   0.724,   1.967,9999.000,9999.000,9999.000,9999.000,9999.000,9999.000,9999.000
202604301536,   0.692,   1.928,9999.000,9999.000,9999.000,9999.000,9999.000,9999.000,9999.000
202604301542,   0.661,   1.869,9999.000,9999.000,9999.000,9999.000,9999.000,9999.000,9999.000
202604301548,   0.631,   1.869,9999.000,9999.000,9999.000,9999.000,9999.000,9999.000,9999.000
202604301554,   0.602,   1.840,9999.000,9999.000,9999.000,9999.000,9999.000,9999.000,9999.000
202604301600,   0.574,   1.767,   1.000,   0.193,   1.767,   0.900,   1.667,   1.000,   1.767
202604301606,   0.546,   1.758,9999.000,9999.000,9999.000,9999.000,9999.000,9999.000,9999.000
202604301612,   0.520,   1.728,9999.000,9999.000,9999.000,9999.000,9999.000,9999.000,9999.000
202604301618,   0.495,   1.659,9999.000,9999.000,9999.000,9999.000,9999.000,9999.000,9999.000
202604301624,   0.471,   1.659,9999.000,9999.000,9999.000,9999.000,9999.000,9999.000,9999.000
202604301630,   0.449,   1.620,9999.000,9999.000,9999.000,9999.000,9999.000,9999.000,9999.000
202604301636,   0.427,   1.610,9999.000,9999.000,9999.000,9999.000,9999.000,9999.000,9999.000
202604301642,   0.408,   1.571,9999.000,9999.000,9999.000,9999.000,9999.000,9999.000,9999.000
202604301648,   0.389,   1.528,9999.000,9999.000,9999.000,9999.000,9999.000,9999.000,9999.000
202604301654,   0.372,   1.518,9999.000,9999.000,9999.000,9999.000,9999.000,9999.000,9999.000
202604301700,   0.357,   1.469,   1.000,   0.112,   1.469,   0.900,   1.369,   1.000,   1.469
202604301706,   0.343,   1.439,9999.000,9999.000,9999.000,9999.000,9999.000,9999.000,9999.000
202604301712,   0.331,   1.420,9999.000,9999.000,9999.000,9999.000,9999.000,9999.000,9999.000
202604301718,   0.321,   1.410,9999.000,9999.000,9999.000,9999.000,9999.000,9999.000,9999.000
202604301724,   0.312,   1.410,9999.000,9999.000,9999.000,9999.000,9999.000,9999.000,9999.000
202604301730,   0.305,   1.371,9999.000,9999.000,9999.000,9999.000,9999.000,9999.000,9999.000
202604301736,   0.300,   1.348,9999.000,9999.000,9999.000,9999.000,9999.000,9999.000,9999.000
202604301742,   0.296,   1.348,9999.000,9999.000,9999.000,9999.000,9999.000,9999.000,9999.000
202604301748,   0.294,   1.318,9999.000,9999.000,9999.000,9999.000,9999.000,9999.000,9999.000
202604301754,   0.293,   1.289,9999.000,9999.000,9999.000,9999.000,9999.000,9999.000,9999.000
202604301800,   0.295,   1.308,   0.900,   0.113,   1.308,   0.900,   1.308,   1.000,   1.408
202604301806,   0.298,   1.289,9999.000,9999.000,9999.000,9999.000,9999.000,9999.000,9999.000
202604301812,   0.302,   1.249,9999.000,9999.000,9999.000,9999.000,9999.000,9999.000,9999.000
202604301818,   0.308,   1.269,9999.000,9999.000,9999.000,9999.000,9999.000,9999.000,9999.000
202604301824,   0.316,   1.289,9999.000,9999.000,9999.000,9999.000,9999.000,9999.000,9999.000
202604301830,   0.325,   1.269,9999.000,9999.000,9999.000,9999.000,9999.000,9999.000,9999.000
202604301836,   0.335,   1.269,9999.000,9999.000,9999.000,9999.000,9999.000,9999.000,9999.000
202604301842,   0.347,   1.259,9999.000,9999.000,9999.000,9999.000,9999.000,9999.000,9999.000
202604301848,   0.361,   1.279,9999.000,9999.000,9999.000,9999.000,9999.000,9999.000,9999.000
202604301854,   0.375,   1.289,9999.000,9999.000,9999.000,9999.000,9999.000,9999.000,9999.000
202604301900,   0.391,   1.298,   0.900,   0.007,   1.298,   0.900,   1.298,   1.000,   1.398
202604301906,   0.408,   1.308,9999.000,9999.000,9999.000,9999.000,9999.000,9999.000,9999.000
202604301912,   0.426,   1.308,9999.000,9999.000,9999.000,9999.000,9999.000,9999.000,9999.000
202604301918,   0.445,   1.308,9999.000,9999.000,9999.000,9999.000,9999.000,9999.000,9999.000
202604301924,   0.466,   1.328,9999.000,9999.000,9999.000,9999.000,9999.000,9999.000,9999.000
202604301930,   0.487,   1.380,9999.000,9999.000,9999.000,9999.000,9999.000,9999.000,9999.000
202604301936,   0.509,   1.380,9999.000,9999.000,9999.000,9999.000,9999.000,9999.000,9999.000
202604301942,   0.531,   1.390,9999.000,9999.000,9999.000,9999.000,9999.000,9999.000,9999.000
202604301948,   0.554,   1.439,9999.000,9999.000,9999.000,9999.000,9999.000,9999.000,9999.000
202604301954,   0.578,   1.439,9999.000,9999.000,9999.000,9999.000,9999.000,9999.000,9999.000
202604302000,   0.603,   1.449,   0.900,  -0.054,   1.449,   0.900,   1.449,   0.900,   1.449
202604302006,   0.628,   1.479,9999.000,9999.000,9999.000,9999.000,9999.000,9999.000,9999.000
202604302012,   0.653,   1.498,9999.000,9999.000,9999.000,9999.000,9999.000,9999.000,9999.000
202604302018,   0.678,   1.508,9999.000,9999.000,9999.000,9999.000,9999.000,9999.000,9999.000
202604302024,   0.704,   1.538,9999.000,9999.000,9999.000,9999.000,9999.000,9999.000,9999.000
202604302030,   0.730,   1.590,9999.000,9999.000,9999.000,9999.000,9999.000,9999.000,9999.000
202604302036,   0.756,   1.610,9999.000,9999.000,9999.000,9999.000,9999.000,9999.000,9999.000
202604302042,   0.782,   1.630,9999.000,9999.000,9999.000,9999.000,9999.000,9999.000,9999.000
202604302048,   0.807,   1.669,9999.000,9999.000,9999.000,9999.000,9999.000,9999.000,9999.000
202604302054,   0.833,   1.649,9999.000,9999.000,9999.000,9999.000,9999.000,9999.000,9999.000
202604302100,   0.858,   1.649,   0.900,  -0.109,   1.649,   0.800,   1.549,   0.900,   1.649
202604302106,   0.883,   1.699,9999.000,9999.000,9999.000,9999.000,9999.000,9999.000,9999.000
202604302112,   0.907,   1.728,9999.000,9999.000,9999.000,9999.000,9999.000,9999.000,9999.000
202604302118,   0.931,   1.728,9999.000,9999.000,9999.000,9999.000,9999.000,9999.000,9999.000
202604302124,   0.954,   1.748,9999.000,9999.000,9999.000,9999.000,9999.000,9999.000,9999.000
202604302130,   0.977,   1.758,9999.000,9999.000,9999.000,9999.000,9999.000,9999.000,9999.000
202604302136,   0.999,   1.758,9999.000,9999.000,9999.000,9999.000,9999.000,9999.000,9999.000
202604302142,   1.019,   1.790,9999.000,9999.000,9999.000,9999.000,9999.000,9999.000,9999.000
202604302148,   1.040,   1.830,9999.000,9999.000,9999.000,9999.000,9999.000,9999.000,9999.000
202604302154,   1.059,   1.879,9999.000,9999.000,9999.000,9999.000,9999.000,9999.000,9999.000
202604302200,   1.077,   1.869,   0.900,  -0.108,   1.869,   0.800,   1.769,   0.900,   1.869
202604302206,   1.094,   1.849,9999.000,9999.000,9999.000,9999.000,9999.000,9999.000,9999.000
202604302212,   1.110,   1.879,9999.000,9999.000,9999.000,9999.000,9999.000,9999.000,9999.000
202604302218,   1.124,   1.908,9999.000,9999.000,9999.000,9999.000,9999.000,9999.000,9999.000
202604302224,   1.138,   1.918,9999.000,9999.000,9999.000,9999.000,9999.000,9999.000,9999.000
202604302230,   1.150,   1.948,9999.000,9999.000,9999.000,9999.000,9999.000,9999.000,9999.000
202604302236,   1.161,   1.967,9999.000,9999.000,9999.000,9999.000,9999.000,9999.000,9999.000
202604302242,   1.170,   1.938,9999.000,9999.000,9999.000,9999.000,9999.000,9999.000,9999.000
202604302248,   1.178,   1.918,9999.000,9999.000,9999.000,9999.000,9999.000,9999.000,9999.000
202604302254,   1.185,   1.928,9999.000,9999.000,9999.000,9999.000,9999.000,9999.000,9999.000
202604302300,   1.191,   1.918,   0.900,  -0.173,   1.918,   0.800,   1.818,   0.900,   1.918
202604302306,   1.195,   1.938,9999.000,9999.000,9999.000,9999.000,9999.000,9999.000,9999.000
202604302312,   1.197,   1.948,9999.000,9999.000,9999.000,9999.000,9999.000,9999.000,9999.000
202604302318,   1.198,   1.958,9999.000,9999.000,9999.000,9999.000,9999.000,9999.000,9999.000
202604302324,   1.198,   1.958,9999.000,9999.000,9999.000,9999.000,9999.000,9999.000,9999.000
202604302330,   1.196,   1.948,9999.000,9999.000,9999.000,9999.000,9999.000,9999.000,9999.000
202604302336,   1.193,   1.938,9999.000,9999.000,9999.000,9999.000,9999.000,9999.000,9999.000
202604302342,   1.189,   1.938,9999.000,9999.000,9999.000,9999.000,9999.000,9999.000,9999.000
202604302348,   1.184,   1.889,9999.000,9999.000,9999.000,9999.000,9999.000,9999.000,9999.000
202604302354,   1.177,   1.859,9999.000,9999.000,9999.000,9999.000,9999.000,9999.000,9999.000
202605010000,   1.168,   1.830,   0.800,  -0.138,   1.830,   0.700,   1.730,   0.800,   1.830
202605010006,   1.159,   1.810,9999.000,9999.000,9999.000,9999.000,9999.000,9999.000,9999.000
202605010012,   1.148,   1.810,9999.000,9999.000,9999.000,9999.000,9999.000,9999.000,9999.000
202605010018,   1.137,   1.790,9999.000,9999.000,9999.000,9999.000,9999.000,9999.000,9999.000
202605010024,   1.124,   1.748,9999.000,9999.000,9999.000,9999.000,9999.000,9999.000,9999.000
202605010030,   1.110,   1.718,9999.000,9999.000,9999.000,9999.000,9999.000,9999.000,9999.000
202605010036,   1.095,   1.708,9999.000,9999.000,9999.000,9999.000,9999.000,9999.000,9999.000
202605010042,   1.080,   1.738,9999.000,9999.000,9999.000,9999.000,9999.000,9999.000,9999.000
202605010048,   1.063,   1.718,9999.000,9999.000,9999.000,9999.000,9999.000,9999.000,9999.000
202605010054,   1.046,   1.689,9999.000,9999.000,9999.000,9999.000,9999.000,9999.000,9999.000
202605010100,   1.027,   1.718,   0.700,  -0.009,   1.718,   0.700,   1.718,   0.800,   1.818
202605010106,   1.008,   1.718,9999.000,9999.000,9999.000,9999.000,9999.000,9999.000,9999.000
202605010112,   0.989,   1.659,9999.000,9999.000,9999.000,9999.000,9999.000,9999.000,9999.000
202605010118,   0.969,   1.630,9999.000,9999.000,9999.000,9999.000,9999.000,9999.000,9999.000
202605010124,   0.948,   1.600,9999.000,9999.000,9999.000,9999.000,9999.000,9999.000,9999.000
202605010130,   0.927,   1.528,9999.000,9999.000,9999.000,9999.000,9999.000,9999.000,9999.000
202605010136,   0.905,   1.508,9999.000,9999.000,9999.000,9999.000,9999.000,9999.000,9999.000
202605010142,   0.883,   1.459,9999.000,9999.000,9999.000,9999.000,9999.000,9999.000,9999.000
202605010148,   0.860,   1.400,9999.000,9999.000,9999.000,9999.000,9999.000,9999.000,9999.000
202605010154,   0.838,   1.361,9999.000,9999.000,9999.000,9999.000,9999.000,9999.000,9999.000
202605010200,   0.815,   1.328,   0.700,  -0.187,   1.328,   0.700,   1.328,   0.800,   1.428
202605010206,   0.792,   1.308,9999.000,9999.000,9999.000,9999.000,9999.000,9999.000,9999.000
202605010212,   0.768,   1.279,9999.000,9999.000,9999.000,9999.000,9999.000,9999.000,9999.000
202605010218,   0.745,   1.289,9999.000,9999.000,9999.000,9999.000,9999.000,9999.000,9999.000
202605010224,   0.722,   1.269,9999.000,9999.000,9999.000,9999.000,9999.000,9999.000,9999.000
202605010230,   0.698,   1.249,9999.000,9999.000,9999.000,9999.000,9999.000,9999.000,9999.000
202605010236,   0.675,   1.210,9999.000,9999.000,9999.000,9999.000,9999.000,9999.000,9999.000
202605010242,   0.652,   1.190,9999.000,9999.000,9999.000,9999.000,9999.000,9999.000,9999.000
202605010248,   0.629,   1.151,9999.000,9999.000,9999.000,9999.000,9999.000,9999.000,9999.000
202605010254,   0.607,   1.128,9999.000,9999.000,9999.000,9999.000,9999.000,9999.000,9999.000
202605010300,   0.585,   1.108,   0.700,  -0.177,   1.108,   0.600,   1.008,   0.700,   1.108
202605010306,   0.563,   1.088,9999.000,9999.000,9999.000,9999.000,9999.000,9999.000,9999.000
202605010312,   0.541,   1.069,9999.000,9999.000,9999.000,9999.000,9999.000,9999.000,9999.000
202605010318,   0.520,   1.049,9999.000,9999.000,9999.000,9999.000,9999.000,9999.000,9999.000
202605010324,   0.500,   1.039,9999.000,9999.000,9999.000,9999.000,9999.000,9999.000,9999.000
202605010330,   0.480,   1.029,9999.000,9999.000,9999.000,9999.000,9999.000,9999.000,9999.000
202605010336,   0.461,   1.010,9999.000,9999.000,9999.000,9999.000,9999.000,9999.000,9999.000
202605010342,   0.443,   1.010,9999.000,9999.000,9999.000,9999.000,9999.000,9999.000,9999.000
202605010348,   0.426,   0.990,9999.000,9999.000,9999.000,9999.000,9999.000,9999.000,9999.000
202605010354,   0.409,   0.970,9999.000,9999.000,9999.000,9999.000,9999.000,9999.000,9999.000
202605010400,   0.394,   0.941,   0.700,  -0.153,   0.941,   0.600,   0.841,   0.700,   0.941
202605010406,   0.379,   0.941,9999.000,9999.000,9999.000,9999.000,9999.000,9999.000,9999.000
202605010412,   0.366,   0.941,9999.000,9999.000,9999.000,9999.000,9999.000,9999.000,9999.000
202605010418,   0.354,   0.951,9999.000,9999.000,9999.000,9999.000,9999.000,9999.000,9999.000
202605010424,   0.343,   0.928,9999.000,9999.000,9999.000,9999.000,9999.000,9999.000,9999.000
202605010430,   0.333,   0.928,9999.000,9999.000,9999.000,9999.000,9999.000,9999.000,9999.000
202605010436,   0.325,   0.908,9999.000,9999.000,9999.000,9999.000,9999.000,9999.000,9999.000
202605010442,   0.318,   0.888,9999.000,9999.000,9999.000,9999.000,9999.000,9999.000,9999.000
202605010448,   0.312,   0.908,9999.000,9999.000,9999.000,9999.000,9999.000,9999.000,9999.000
202605010454,   0.308,   0.908,9999.000,9999.000,9999.000,9999.000,9999.000,9999.000,9999.000
202605010500,   0.305,   0.898,   0.700,  -0.107,   0.898,   0.600,   0.798,   0.700,   0.898
202605010506,   0.304,   0.898,9999.000,9999.000,9999.000,9999.000,9999.000,9999.000,9999.000
202605010512,   0.305,   0.898,9999.000,9999.000,9999.000,9999.000,9999.000,9999.000,9999.000
202605010518,   0.307,   0.908,9999.000,9999.000,9999.000,9999.000,9999.000,9999.000,9999.000
202605010524,   0.311,   0.908,9999.000,9999.000,9999.000,9999.000,9999.000,9999.000,9999.000
202605010530,   0.317,   0.898,9999.000,9999.000,9999.000,9999.000,9999.000,9999.000,9999.000
202605010536,   0.324,   0.908,9999.000,9999.000,9999.000,9999.000,9999.000,9999.000,9999.000
202605010542,   0.333,   0.918,9999.000,9999.000,9999.000,9999.000,9999.000,9999.000,9999.000
202605010548,   0.343,   0.928,9999.000,9999.000,9999.000,9999.000,9999.000,9999.000,9999.000
202605010554,   0.355,   0.941,9999.000,9999.000,9999.000,9999.000,9999.000,9999.000,9999.000
202605010600,   0.369,   0.941,   0.700,  -0.128,   0.941,   0.600,   0.841,   0.700,   0.941
202605010606,   0.384,   0.941,9999.000,9999.000,9999.000,9999.000,9999.000,9999.000,9999.000
202605010612,   0.401,   0.951,9999.000,9999.000,9999.000,9999.000,9999.000,9999.000,9999.000
202605010618,   0.420,   0.951,9999.000,9999.000,9999.000,9999.000,9999.000,9999.000,9999.000
202605010624,   0.440,   0.970,9999.000,9999.000,9999.000,9999.000,9999.000,9999.000,9999.000
202605010630,   0.461,   0.990,9999.000,9999.000,9999.000,9999.000,9999.000,9999.000,9999.000
202605010636,   0.484,   1.020,9999.000,9999.000,9999.000,9999.000,9999.000,9999.000,9999.000
202605010642,   0.509,   1.029,9999.000,9999.000,9999.000,9999.000,9999.000,9999.000,9999.000
202605010648,   0.534,   1.049,9999.000,9999.000,9999.000,9999.000,9999.000,9999.000,9999.000
202605010654,   0.561,   1.069,9999.000,9999.000,9999.000,9999.000,9999.000,9999.000,9999.000
202605010700,   0.590,   1.069,   0.700,  -0.221,   1.069,   0.600,   0.969,   0.700,   1.069
202605010706,   0.619,   1.108,9999.000,9999.000,9999.000,9999.000,9999.000,9999.000,9999.000
202605010712,   0.649,   1.138,9999.000,9999.000,9999.000,9999.000,9999.000,9999.000,9999.000
202605010718,   0.680,   1.170,9999.000,9999.000,9999.000,9999.000,9999.000,9999.000,9999.000
202605010724,   0.713,   1.200,9999.000,9999.000,9999.000,9999.000,9999.000,9999.000,9999.000
202605010730,   0.746,   1.220,9999.000,9999.000,9999.000,9999.000,9999.000,9999.000,9999.000
202605010736,   0.780,   1.229,9999.000,9999.000,9999.000,9999.000,9999.000,9999.000,9999.000
202605010742,   0.814,   1.259,9999.000,9999.000,9999.000,9999.000,9999.000,9999.000,9999.000
202605010748,   0.849,   1.289,9999.000,9999.000,9999.000,9999.000,9999.000,9999.000,9999.000
202605010754,   0.885,   1.318,9999.000,9999.000,9999.000,9999.000,9999.000,9999.000,9999.000
202605010800,   0.921,   1.338,   0.700,  -0.283,   1.338,   0.600,   1.238,   0.700,   1.338
202605010806,   0.957,   1.371,9999.000,9999.000,9999.000,9999.000,9999.000,9999.000,9999.000
202605010812,   0.994,   1.400,9999.000,9999.000,9999.000,9999.000,9999.000,9999.000,9999.000
202605010818,   1.031,   1.410,9999.000,9999.000,9999.000,9999.000,9999.000,9999.000,9999.000
202605010824,   1.068,   1.439,9999.000,9999.000,9999.000,9999.000,9999.000,9999.000,9999.000
202605010830,   1.105,   1.469,9999.000,9999.000,9999.000,9999.000,9999.000,9999.000,9999.000
202605010836,   1.142,   1.498,9999.000,9999.000,9999.000,9999.000,9999.000,9999.000,9999.000
202605010842,   1.179,   1.528,9999.000,9999.000,9999.000,9999.000,9999.000,9999.000,9999.000
202605010848,   1.215,   1.548,9999.000,9999.000,9999.000,9999.000,9999.000,9999.000,9999.000
202605010854,   1.251,   1.580,9999.000,9999.000,9999.000,9999.000,9999.000,9999.000,9999.000
202605010900,   1.287,   1.620,   0.700,  -0.367,   1.620,   0.600,   1.520,   0.700,   1.620
202605010906,   1.322,   1.630,9999.000,9999.000,9999.000,9999.000,9999.000,9999.000,9999.000
202605010912,   1.357,   1.639,9999.000,9999.000,9999.000,9999.000,9999.000,9999.000,9999.000
202605010918,   1.391,   1.689,9999.000,9999.000,9999.000,9999.000,9999.000,9999.000,9999.000
202605010924,   1.424,   1.718,9999.000,9999.000,9999.000,9999.000,9999.000,9999.000,9999.000
202605010930,   1.457,   1.748,9999.000,9999.000,9999.000,9999.000,9999.000,9999.000,9999.000
202605010936,   1.488,   1.767,9999.000,9999.000,9999.000,9999.000,9999.000,9999.000,9999.000
202605010942,   1.519,   1.800,9999.000,9999.000,9999.000,9999.000,9999.000,9999.000,9999.000
202605010948,   1.549,   1.820,9999.000,9999.000,9999.000,9999.000,9999.000,9999.000,9999.000
202605010954,   1.577,   1.849,9999.000,9999.000,9999.000,9999.000,9999.000,9999.000,9999.000
202605011000,   1.604,   1.859,   0.700,  -0.445,   1.859,   0.600,   1.759,   0.700,   1.859
202605011006,   1.631,   1.879,9999.000,9999.000,9999.000,9999.000,9999.000,9999.000,9999.000
202605011012,   1.655,   1.908,9999.000,9999.000,9999.000,9999.000,9999.000,9999.000,9999.000
202605011018,   1.679,   1.918,9999.000,9999.000,9999.000,9999.000,9999.000,9999.000,9999.000
202605011024,   1.701,   1.928,9999.000,9999.000,9999.000,9999.000,9999.000,9999.000,9999.000
202605011030,   1.721,   1.958,9999.000,9999.000,9999.000,9999.000,9999.000,9999.000,9999.000
202605011036,   1.740,   1.967,9999.000,9999.000,9999.000,9999.000,9999.000,9999.000,9999.000
202605011042,   1.758,   1.990,9999.000,9999.000,9999.000,9999.000,9999.000,9999.000,9999.000
202605011048,   1.774,   1.990,9999.000,9999.000,9999.000,9999.000,9999.000,9999.000,9999.000
202605011054,   1.788,   2.010,9999.000,9999.000,9999.000,9999.000,9999.000,9999.000,9999.000
202605011100,   1.801,   2.000,   0.700,  -0.501,   2.000,   0.600,   1.900,   0.700,   2.000
202605011106,   1.812,   2.010,9999.000,9999.000,9999.000,9999.000,9999.000,9999.000,9999.000
202605011112,   1.821,   2.020,9999.000,9999.000,9999.000,9999.000,9999.000,9999.000,9999.000
202605011118,   1.828,   2.030,9999.000,9999.000,9999.000,9999.000,9999.000,9999.000,9999.000
202605011124,   1.834,   2.030,9999.000,9999.000,9999.000,9999.000,9999.000,9999.000,9999.000
202605011130,   1.838,   2.030,9999.000,9999.000,9999.000,9999.000,9999.000,9999.000,9999.000
202605011136,   1.840,   2.030,9999.000,9999.000,9999.000,9999.000,9999.000,9999.000,9999.000
202605011142,   1.841,   2.020,9999.000,9999.000,9999.000,9999.000,9999.000,9999.000,9999.000
202605011148,   1.840,   2.020,9999.000,9999.000,9999.000,9999.000,9999.000,9999.000,9999.000
202605011154,   1.837,   2.010,9999.000,9999.000,9999.000,9999.000,9999.000,9999.000,9999.000
202605011200,   1.833,   2.000,   0.700,  -0.533,   2.000,   0.600,   1.900,   0.700,   2.000
202605011206,   1.827,   2.000,9999.000,9999.000,9999.000,9999.000,9999.000,9999.000,9999.000
202605011212,   1.819,   2.000,9999.000,9999.000,9999.000,9999.000,9999.000,9999.000,9999.000
202605011218,   1.810,   1.981,9999.000,9999.000,9999.000,9999.000,9999.000,9999.000,9999.000
202605011224,   1.799,   1.967,9999.000,9999.000,9999.000,9999.000,9999.000,9999.000,9999.000
202605011230,   1.786,   1.958,9999.000,9999.000,9999.000,9999.000,9999.000,9999.000,9999.000
202605011236,   1.773,   1.948,9999.000,9999.000,9999.000,9999.000,9999.000,9999.000,9999.000
202605011242,   1.757,   1.928,9999.000,9999.000,9999.000,9999.000,9999.000,9999.000,9999.000
202605011248,   1.741,   1.918,9999.000,9999.000,9999.000,9999.000,9999.000,9999.000,9999.000
202605011254,   1.723,   1.899,9999.000,9999.000,9999.000,9999.000,9999.000,9999.000,9999.000
202605011300,   1.704,   1.889,   0.700,  -0.515,   1.889,   0.600,   1.789,   0.800,   1.989
202605011306,   1.683,   1.869,9999.000,9999.000,9999.000,9999.000,9999.000,9999.000,9999.000
202605011312,   1.662,   1.840,9999.000,9999.000,9999.000,9999.000,9999.000,9999.000,9999.000
202605011318,   1.639,   1.840,9999.000,9999.000,9999.000,9999.000,9999.000,9999.000,9999.000
202605011324,   1.615,   1.820,9999.000,9999.000,9999.000,9999.000,9999.000,9999.000,9999.000
202605011330,   1.590,   1.790,9999.000,9999.000,9999.000,9999.000,9999.000,9999.000,9999.000
202605011336,   1.564,   1.781,9999.000,9999.000,9999.000,9999.000,9999.000,9999.000,9999.000
202605011342,   1.538,   1.748,9999.000,9999.000,9999.000,9999.000,9999.000,9999.000,9999.000
202605011348,   1.510,   1.728,9999.000,9999.000,9999.000,9999.000,9999.000,9999.000,9999.000
202605011354,   1.482,   1.708,9999.000,9999.000,9999.000,9999.000,9999.000,9999.000,9999.000
202605011400,   1.452,   1.679,   0.700,  -0.473,   1.679,   0.600,   1.579,   0.800,   1.779
202605011406,   1.423,   1.649,9999.000,9999.000,9999.000,9999.000,9999.000,9999.000,9999.000
202605011412,   1.392,   1.620,9999.000,9999.000,9999.000,9999.000,9999.000,9999.000,9999.000
202605011418,   1.361,   1.600,9999.000,9999.000,9999.000,9999.000,9999.000,9999.000,9999.000
202605011424,   1.329,   1.571,9999.000,9999.000,9999.000,9999.000,9999.000,9999.000,9999.000
202605011430,   1.297,   1.538,9999.000,9999.000,9999.000,9999.000,9999.000,9999.000,9999.000
202605011436,   1.265,   1.518,9999.000,9999.000,9999.000,9999.000,9999.000,9999.000,9999.000
202605011442,   1.232,   1.489,9999.000,9999.000,9999.000,9999.000,9999.000,9999.000,9999.000
202605011448,   1.198,   1.469,9999.000,9999.000,9999.000,9999.000,9999.000,9999.000,9999.000
202605011454,   1.165,   1.449,9999.000,9999.000,9999.000,9999.000,9999.000,9999.000,9999.000
202605011500,   1.131,   1.420,   0.700,  -0.411,   1.420,   0.600,   1.320,   0.800,   1.520
202605011506,   1.097,   1.390,9999.000,9999.000,9999.000,9999.000,9999.000,9999.000,9999.000
202605011512,   1.063,   1.348,9999.000,9999.000,9999.000,9999.000,9999.000,9999.000,9999.000
202605011518,   1.029,   1.318,9999.000,9999.000,9999.000,9999.000,9999.000,9999.000,9999.000
202605011524,   0.995,   1.298,9999.000,9999.000,9999.000,9999.000,9999.000,9999.000,9999.000
202605011530,   0.961,   1.269,9999.000,9999.000,9999.000,9999.000,9999.000,9999.000,9999.000
202605011536,   0.927,   1.239,9999.000,9999.000,9999.000,9999.000,9999.000,9999.000,9999.000
202605011542,   0.893,   1.220,9999.000,9999.000,9999.000,9999.000,9999.000,9999.000,9999.000
202605011548,   0.859,   1.190,9999.000,9999.000,9999.000,9999.000,9999.000,9999.000,9999.000
202605011554,   0.826,   1.170,9999.000,9999.000,9999.000,9999.000,9999.000,9999.000,9999.000
202605011600,   0.793,   1.151,   0.700,  -0.342,   1.151,   0.600,   1.051,   0.800,   1.251
202605011606,   0.761,   1.118,9999.000,9999.000,9999.000,9999.000,9999.000,9999.000,9999.000
202605011612,   0.730,   1.088,9999.000,9999.000,9999.000,9999.000,9999.000,9999.000,9999.000
202605011618,   0.698,   1.059,9999.000,9999.000,9999.000,9999.000,9999.000,9999.000,9999.000
202605011624,   0.668,   1.029,9999.000,9999.000,9999.000,9999.000,9999.000,9999.000,9999.000
202605011630,   0.639,   1.010,9999.000,9999.000,9999.000,9999.000,9999.000,9999.000,9999.000
202605011636,   0.610,   0.980,9999.000,9999.000,9999.000,9999.000,9999.000,9999.000,9999.000
202605011642,   0.582,   0.941,9999.000,9999.000,9999.000,9999.000,9999.000,9999.000,9999.000
202605011648,   0.555,   0.928,9999.000,9999.000,9999.000,9999.000,9999.000,9999.000,9999.000
202605011654,   0.529,   0.898,9999.000,9999.000,9999.000,9999.000,9999.000,9999.000,9999.000
202605011700,   0.505,   0.869,   0.700,  -0.336,   0.869,   0.600,   0.769,   0.800,   0.969
202605011706,   0.481,   0.849,9999.000,9999.000,9999.000,9999.000,9999.000,9999.000,9999.000
202605011712,   0.459,   0.849,9999.000,9999.000,9999.000,9999.000,9999.000,9999.000,9999.000
202605011718,   0.438,   0.829,9999.000,9999.000,9999.000,9999.000,9999.000,9999.000,9999.000
202605011724,   0.419,   0.810,9999.000,9999.000,9999.000,9999.000,9999.000,9999.000,9999.000
202605011730,   0.401,   0.800,9999.000,9999.000,9999.000,9999.000,9999.000,9999.000,9999.000
202605011736,   0.384,   0.780,9999.000,9999.000,9999.000,9999.000,9999.000,9999.000,9999.000
202605011742,   0.369,   0.770,9999.000,9999.000,9999.000,9999.000,9999.000,9999.000,9999.000
202605011748,   0.356,   0.760,9999.000,9999.000,9999.000,9999.000,9999.000,9999.000,9999.000
202605011754,   0.344,   0.751,9999.000,9999.000,9999.000,9999.000,9999.000,9999.000,9999.000
202605011800,   0.333,   0.731,   0.600,  -0.202,   0.731,   0.500,   0.631,   0.700,   0.831
202605011806,   0.325,   0.718,9999.000,9999.000,9999.000,9999.000,9999.000,9999.000,9999.000
202605011812,   0.318,   0.741,9999.000,9999.000,9999.000,9999.000,9999.000,9999.000,9999.000
202605011818,   0.312,   0.741,9999.000,9999.000,9999.000,9999.000,9999.000,9999.000,9999.000
202605011824,   0.308,   0.698,9999.000,9999.000,9999.000,9999.000,9999.000,9999.000,9999.000
202605011830,   0.306,   0.708,9999.000,9999.000,9999.000,9999.000,9999.000,9999.000,9999.000
202605011836,   0.306,   0.708,9999.000,9999.000,9999.000,9999.000,9999.000,9999.000,9999.000
202605011842,   0.307,   0.708,9999.000,9999.000,9999.000,9999.000,9999.000,9999.000,9999.000
202605011848,   0.310,   0.708,9999.000,9999.000,9999.000,9999.000,9999.000,9999.000,9999.000
202605011854,   0.314,   0.708,9999.000,9999.000,9999.000,9999.000,9999.000,9999.000,9999.000
202605011900,   0.320,   0.718,   0.600,  -0.202,   0.718,   0.600,   0.718,   0.700,   0.818
202605011906,   0.327,   0.731,9999.000,9999.000,9999.000,9999.000,9999.000,9999.000,9999.000
202605011912,   0.336,   0.731,9999.000,9999.000,9999.000,9999.000,9999.000,9999.000,9999.000
202605011918,   0.346,   0.760,9999.000,9999.000,9999.000,9999.000,9999.000,9999.000,9999.000
202605011924,   0.358,   0.790,9999.000,9999.000,9999.000,9999.000,9999.000,9999.000,9999.000
202605011930,   0.371,   0.800,9999.000,9999.000,9999.000,9999.000,9999.000,9999.000,9999.000
202605011936,   0.385,   0.800,9999.000,9999.000,9999.000,9999.000,9999.000,9999.000,9999.000
202605011942,   0.401,   0.839,9999.000,9999.000,9999.000,9999.000,9999.000,9999.000,9999.000
202605011948,   0.418,   0.879,9999.000,9999.000,9999.000,9999.000,9999.000,9999.000,9999.000
202605011954,   0.435,   0.898,9999.000,9999.000,9999.000,9999.000,9999.000,9999.000,9999.000
202605012000,   0.454,   0.908,   0.600,  -0.146,   0.908,   0.600,   0.908,   0.700,   1.008
202605012006,   0.474,   0.951,9999.000,9999.000,9999.000,9999.000,9999.000,9999.000,9999.000
202605012012,   0.494,   0.970,9999.000,9999.000,9999.000,9999.000,9999.000,9999.000,9999.000
202605012018,   0.515,   0.990,9999.000,9999.000,9999.000,9999.000,9999.000,9999.000,9999.000
202605012024,   0.537,   1.010,9999.000,9999.000,9999.000,9999.000,9999.000,9999.000,9999.000
202605012030,   0.560,   1.059,9999.000,9999.000,9999.000,9999.000,9999.000,9999.000,9999.000
202605012036,   0.583,   1.088,9999.000,9999.000,9999.000,9999.000,9999.000,9999.000,9999.000
202605012042,   0.607,   1.108,9999.000,9999.000,9999.000,9999.000,9999.000,9999.000,9999.000
202605012048,   0.631,   1.151,9999.000,9999.000,9999.000,9999.000,9999.000,9999.000,9999.000
202605012054,   0.656,   1.190,9999.000,9999.000,9999.000,9999.000,9999.000,9999.000,9999.000
202605012100,   0.681,   1.229,   0.600,  -0.052,   1.229,   0.600,   1.229,   0.700,   1.329
202605012106,   0.706,   1.269,9999.000,9999.000,9999.000,9999.000,9999.000,9999.000,9999.000
202605012112,   0.731,   1.298,9999.000,9999.000,9999.000,9999.000,9999.000,9999.000,9999.000
202605012118,   0.756,   1.328,9999.000,9999.000,9999.000,9999.000,9999.000,9999.000,9999.000
202605012124,   0.781,   1.371,9999.000,9999.000,9999.000,9999.000,9999.000,9999.000,9999.000
202605012130,   0.806,   1.400,9999.000,9999.000,9999.000,9999.000,9999.000,9999.000,9999.000
202605012136,   0.830,   1.439,9999.000,9999.000,9999.000,9999.000,9999.000,9999.000,9999.000
202605012142,   0.854,   1.459,9999.000,9999.000,9999.000,9999.000,9999.000,9999.000,9999.000
202605012148,   0.878,   1.489,9999.000,9999.000,9999.000,9999.000,9999.000,9999.000,9999.000
202605012154,   0.902,   1.528,9999.000,9999.000,9999.000,9999.000,9999.000,9999.000,9999.000
202605012200,   0.925,   1.557,   0.700,  -0.068,   1.557,   0.600,   1.457,   0.700,   1.557
202605012206,   0.947,   1.600,9999.000,9999.000,9999.000,9999.000,9999.000,9999.000,9999.000
202605012212,   0.969,   1.610,9999.000,9999.000,9999.000,9999.000,9999.000,9999.000,9999.000
202605012218,   0.990,   1.630,9999.000,9999.000,9999.000,9999.000,9999.000,9999.000,9999.000
202605012224,   1.010,   1.679,9999.000,9999.000,9999.000,9999.000,9999.000,9999.000,9999.000
202605012230,   1.029,   1.699,9999.000,9999.000,9999.000,9999.000,9999.000,9999.000,9999.000
202605012236,   1.047,   1.728,9999.000,9999.000,9999.000,9999.000,9999.000,9999.000,9999.000
202605012242,   1.065,   1.748,9999.000,9999.000,9999.000,9999.000,9999.000,9999.000,9999.000
202605012248,   1.081,   1.781,9999.000,9999.000,9999.000,9999.000,9999.000,9999.000,9999.000
202605012254,   1.096,   1.800,9999.000,9999.000,9999.000,9999.000,9999.000,9999.000,9999.000
202605012300,   1.110,   1.840,   0.700,   0.030,   1.840,   0.700,   1.840,   0.700,   1.840
202605012306,   1.122,   1.869,9999.000,9999.000,9999.000,9999.000,9999.000,9999.000,9999.000
202605012312,   1.134,   1.899,9999.000,9999.000,9999.000,9999.000,9999.000,9999.000,9999.000
202605012318,   1.144,   1.918,9999.000,9999.000,9999.000,9999.000,9999.000,9999.000,9999.000
202605012324,   1.153,   1.938,9999.000,9999.000,9999.000,9999.000,9999.000,9999.000,9999.000
202605012330,   1.160,   1.958,9999.000,9999.000,9999.000,9999.000,9999.000,9999.000,9999.000
202605012336,   1.166,   1.958,9999.000,9999.000,9999.000,9999.000,9999.000,9999.000,9999.000
202605012342,   1.171,   1.958,9999.000,9999.000,9999.000,9999.000,9999.000,9999.000,9999.000
202605012348,   1.174,   1.981,9999.000,9999.000,9999.000,9999.000,9999.000,9999.000,9999.000
202605012354,   1.176,   2.000,9999.000,9999.000,9999.000,9999.000,9999.000,9999.000,9999.000
202605020000,   1.177,   2.000,   0.600,   0.223,   2.000,   0.600,   2.000,   0.600,   2.000
202605020006,   1.176,   2.010,9999.000,9999.000,9999.000,9999.000,9999.000,9999.000,9999.000
202605020012,   1.174,   2.020,9999.000,9999.000,9999.000,9999.000,9999.000,9999.000,9999.000
202605020018,   1.170,   2.000,9999.000,9999.000,9999.000,9999.000,9999.000,9999.000,9999.000
202605020024,   1.165,   2.049,9999.000,9999.000,9999.000,9999.000,9999.000,9999.000,9999.000
202605020030,   1.159,   2.049,9999.000,9999.000,9999.000,9999.000,9999.000,9999.000,9999.000
202605020036,   1.152,   2.040,9999.000,9999.000,9999.000,9999.000,9999.000,9999.000,9999.000
202605020042,   1.143,   2.040,9999.000,9999.000,9999.000,9999.000,9999.000,9999.000,9999.000
202605020048,   1.133,   2.030,9999.000,9999.000,9999.000,9999.000,9999.000,9999.000,9999.000
202605020054,   1.122,   2.040,9999.000,9999.000,9999.000,9999.000,9999.000,9999.000,9999.000
202605020100,   1.110,   2.040,   0.700,   0.230,   2.040,   0.600,   1.940,   0.700,   2.040
202605020106,   1.097,   2.040,9999.000,9999.000,9999.000,9999.000,9999.000,9999.000,9999.000
202605020112,   1.082,   2.030,9999.000,9999.000,9999.000,9999.000,9999.000,9999.000,9999.000
202605020118,   1.067,   2.020,9999.000,9999.000,9999.000,9999.000,9999.000,9999.000,9999.000
202605020124,   1.051,   2.010,9999.000,9999.000,9999.000,9999.000,9999.000,9999.000,9999.000
202605020130,   1.034,   2.000,9999.000,9999.000,9999.000,9999.000,9999.000,9999.000,9999.000
202605020136,   1.017,   1.990,9999.000,9999.000,9999.000,9999.000,9999.000,9999.000,9999.000
202605020142,   0.998,   1.958,9999.000,9999.000,9999.000,9999.000,9999.000,9999.000,9999.000
202605020148,   0.979,   1.958,9999.000,9999.000,9999.000,9999.000,9999.000,9999.000,9999.000
202605020154,   0.959,   1.938,9999.000,9999.000,9999.000,9999.000,9999.000,9999.000,9999.000
202605020200,   0.939,   1.928,   0.700,   0.289,   1.928,   0.600,   1.828,   0.700,   1.928
202605020206,   0.919,   1.899,9999.000,9999.000,9999.000,9999.000,9999.000,9999.000,9999.000
202605020212,   0.897,   1.889,9999.000,9999.000,9999.000,9999.000,9999.000,9999.000,9999.000
202605020218,   0.876,   1.879,9999.000,9999.000,9999.000,9999.000,9999.000,9999.000,9999.000
202605020224,   0.854,   1.869,9999.000,9999.000,9999.000,9999.000,9999.000,9999.000,9999.000
202605020230,   0.832,   1.869,9999.000,9999.000,9999.000,9999.000,9999.000,9999.000,9999.000
202605020236,   0.810,   1.849,9999.000,9999.000,9999.000,9999.000,9999.000,9999.000,9999.000
202605020242,   0.788,   1.849,9999.000,9999.000,9999.000,9999.000,9999.000,9999.000,9999.000
202605020248,   0.765,   1.820,9999.000,9999.000,9999.000,9999.000,9999.000,9999.000,9999.000
202605020254,   0.743,   1.830,9999.000,9999.000,9999.000,9999.000,9999.000,9999.000,9999.000
202605020300,   0.720,   1.830,   0.700,   0.410,   1.830,   0.700,   1.830,   0.800,   1.930
202605020306,   0.698,   1.830,9999.000,9999.000,9999.000,9999.000,9999.000,9999.000,9999.000
202605020312,   0.676,   1.820,9999.000,9999.000,9999.000,9999.000,9999.000,9999.000,9999.000
202605020318,   0.654,   1.810,9999.000,9999.000,9999.000,9999.000,9999.000,9999.000,9999.000
202605020324,   0.632,   1.810,9999.000,9999.000,9999.000,9999.000,9999.000,9999.000,9999.000
202605020330,   0.610,   1.800,9999.000,9999.000,9999.000,9999.000,9999.000,9999.000,9999.000
202605020336,   0.589,   1.790,9999.000,9999.000,9999.000,9999.000,9999.000,9999.000,9999.000
202605020342,   0.569,   1.810,9999.000,9999.000,9999.000,9999.000,9999.000,9999.000,9999.000
202605020348,   0.548,   1.800,9999.000,9999.000,9999.000,9999.000,9999.000,9999.000,9999.000
202605020354,   0.529,   1.800,9999.000,9999.000,9999.000,9999.000,9999.000,9999.000,9999.000
202605020400,   0.510,   1.810,   0.700,   0.600,   1.810,   0.700,   1.810,   0.800,   1.910
202605020406,   0.491,   1.810,9999.000,9999.000,9999.000,9999.000,9999.000,9999.000,9999.000
202605020412,   0.473,   1.810,9999.000,9999.000,9999.000,9999.000,9999.000,9999.000,9999.000
202605020418,   0.456,   1.820,9999.000,9999.000,9999.000,9999.000,9999.000,9999.000,9999.000
202605020424,   0.440,   1.820,9999.000,9999.000,9999.000,9999.000,9999.000,9999.000,9999.000
202605020430,   0.425,   1.790,9999.000,9999.000,9999.000,9999.000,9999.000,9999.000,9999.000
202605020436,   0.411,   1.790,9999.000,9999.000,9999.000,9999.000,9999.000,9999.000,9999.000
202605020442,   0.397,   1.800,9999.000,9999.000,9999.000,9999.000,9999.000,9999.000,9999.000
202605020448,   0.385,   1.790,9999.000,9999.000,9999.000,9999.000,9999.000,9999.000,9999.000
202605020454,   0.374,   1.800,9999.000,9999.000,9999.000,9999.000,9999.000,9999.000,9999.000
202605020500,   0.364,   1.800,   0.800,   0.636,   1.800,   0.700,   1.700,   0.800,   1.800
202605020506,   0.355,   1.790,9999.000,9999.000,9999.000,9999.000,9999.000,9999.000,9999.000
202605020512,   0.348,   1.790,9999.000,9999.000,9999.000,9999.000,9999.000,9999.000,9999.000
202605020518,   0.341,   1.800,9999.000,9999.000,9999.000,9999.000,9999.000,9999.000,9999.000
202605020524,   0.337,   1.810,9999.000,9999.000,9999.000,9999.000,9999.000,9999.000,9999.000
202605020530,   0.333,   1.830,9999.000,9999.000,9999.000,9999.000,9999.000,9999.000,9999.000
202605020536,   0.331,   1.800,9999.000,9999.000,9999.000,9999.000,9999.000,9999.000,9999.000
202605020542,   0.331,   1.810,9999.000,9999.000,9999.000,9999.000,9999.000,9999.000,9999.000
202605020548,   0.332,   1.840,9999.000,9999.000,9999.000,9999.000,9999.000,9999.000,9999.000
202605020554,   0.334,   1.830,9999.000,9999.000,9999.000,9999.000,9999.000,9999.000,9999.000
202605020600,   0.339,   1.830,   0.800,   0.691,   1.830,   0.800,   1.830,   0.800,   1.830
202605020606,   0.344,   1.849,9999.000,9999.000,9999.000,9999.000,9999.000,9999.000,9999.000
202605020612,   0.352,   1.859,9999.000,9999.000,9999.000,9999.000,9999.000,9999.000,9999.000
202605020618,   0.361,   1.879,9999.000,9999.000,9999.000,9999.000,9999.000,9999.000,9999.000
202605020624,   0.371,   1.889,9999.000,9999.000,9999.000,9999.000,9999.000,9999.000,9999.000
202605020630,   0.383,   1.908,9999.000,9999.000,9999.000,9999.000,9999.000,9999.000,9999.000
202605020636,   0.397,   1.928,9999.000,9999.000,9999.000,9999.000,9999.000,9999.000,9999.000
202605020642,   0.412,   1.948,9999.000,9999.000,9999.000,9999.000,9999.000,9999.000,9999.000
202605020648,   0.429,   1.981,9999.000,9999.000,9999.000,9999.000,9999.000,9999.000,9999.000
202605020654,   0.448,   2.000,9999.000,9999.000,9999.000,9999.000,9999.000,9999.000,9999.000
202605020700,   0.467,   2.000,   0.800,   0.733,   2.000,   0.800,   2.000,   0.800,   2.000
202605020706,   0.489,   2.020,9999.000,9999.000,9999.000,9999.000,9999.000,9999.000,9999.000
202605020712,   0.511,   2.030,9999.000,9999.000,9999.000,9999.000,9999.000,9999.000,9999.000
202605020718,   0.535,   2.040,9999.000,9999.000,9999.000,9999.000,9999.000,9999.000,9999.000
202605020724,   0.560,   2.069,9999.000,9999.000,9999.000,9999.000,9999.000,9999.000,9999.000
202605020730,   0.587,   2.089,9999.000,9999.000,9999.000,9999.000,9999.000,9999.000,9999.000
202605020736,   0.614,   2.118,9999.000,9999.000,9999.000,9999.000,9999.000,9999.000,9999.000
202605020742,   0.643,   2.148,9999.000,9999.000,9999.000,9999.000,9999.000,9999.000,9999.000
202605020748,   0.673,   2.158,9999.000,9999.000,9999.000,9999.000,9999.000,9999.000,9999.000
202605020754,   0.704,   2.210,9999.000,9999.000,9999.000,9999.000,9999.000,9999.000,9999.000
202605020800,   0.735,   2.230,   0.800,   0.695,   2.230,   0.800,   2.230,   0.800,   2.230
202605020806,   0.767,   2.250,9999.000,9999.000,9999.000,9999.000,9999.000,9999.000,9999.000
202605020812,   0.801,   2.289,9999.000,9999.000,9999.000,9999.000,9999.000,9999.000,9999.000
202605020818,   0.834,   2.259,9999.000,9999.000,9999.000,9999.000,9999.000,9999.000,9999.000
202605020824,   0.869,   2.299,9999.000,9999.000,9999.000,9999.000,9999.000,9999.000,9999.000
202605020830,   0.903,   2.368,9999.000,9999.000,9999.000,9999.000,9999.000,9999.000,9999.000
202605020836,   0.938,   2.387,9999.000,9999.000,9999.000,9999.000,9999.000,9999.000,9999.000
202605020842,   0.974,   2.400,9999.000,9999.000,9999.000,9999.000,9999.000,9999.000,9999.000
202605020848,   1.010,   2.459,9999.000,9999.000,9999.000,9999.000,9999.000,9999.000,9999.000
202605020854,   1.045,   2.489,9999.000,9999.000,9999.000,9999.000,9999.000,9999.000,9999.000
202605020900,   1.081,   2.499,   0.800,   0.618,   2.499,   0.800,   2.499,   0.800,   2.499
202605020906,   1.117,   2.538,9999.000,9999.000,9999.000,9999.000,9999.000,9999.000,9999.000
202605020912,   1.153,   2.558,9999.000,9999.000,9999.000,9999.000,9999.000,9999.000,9999.000
202605020918,   1.189,   2.597,9999.000,9999.000,9999.000,9999.000,9999.000,9999.000,9999.000
202605020924,   1.224,   2.610,9999.000,9999.000,9999.000,9999.000,9999.000,9999.000,9999.000
202605020930,   1.259,   2.630,9999.000,9999.000,9999.000,9999.000,9999.000,9999.000,9999.000
202605020936,   1.293,   2.660,9999.000,9999.000,9999.000,9999.000,9999.000,9999.000,9999.000
202605020942,   1.328,   2.679,9999.000,9999.000,9999.000,9999.000,9999.000,9999.000,9999.000
202605020948,   1.361,   2.699,9999.000,9999.000,9999.000,9999.000,9999.000,9999.000,9999.000
202605020954,   1.394,   2.699,9999.000,9999.000,9999.000,9999.000,9999.000,9999.000,9999.000
202605021000,   1.426,   2.709,   0.800,   0.483,   2.709,   0.700,   2.609,   0.800,   2.709
202605021006,   1.457,   2.728,9999.000,9999.000,9999.000,9999.000,9999.000,9999.000,9999.000
202605021012,   1.488,   2.728,9999.000,9999.000,9999.000,9999.000,9999.000,9999.000,9999.000
202605021018,   1.517,   2.748,9999.000,9999.000,9999.000,9999.000,9999.000,9999.000,9999.000
202605021024,   1.546,   2.758,9999.000,9999.000,9999.000,9999.000,9999.000,9999.000,9999.000
202605021030,   1.574,   2.768,9999.000,9999.000,9999.000,9999.000,9999.000,9999.000,9999.000
202605021036,   1.600,   2.787,9999.000,9999.000,9999.000,9999.000,9999.000,9999.000,9999.000
202605021042,   1.625,   2.807,9999.000,9999.000,9999.000,9999.000,9999.000,9999.000,9999.000
202605021048,   1.649,   2.807,9999.000,9999.000,9999.000,9999.000,9999.000,9999.000,9999.000
202605021054,   1.672,   2.807,9999.000,9999.000,9999.000,9999.000,9999.000,9999.000,9999.000
202605021100,   1.693,   2.830,   0.700,   0.437,   2.830,   0.700,   2.830,   0.800,   2.930
202605021106,   1.713,   2.830,9999.000,9999.000,9999.000,9999.000,9999.000,9999.000,9999.000
202605021112,   1.731,   2.807,9999.000,9999.000,9999.000,9999.000,9999.000,9999.000,9999.000
202605021118,   1.748,   2.807,9999.000,9999.000,9999.000,9999.000,9999.000,9999.000,9999.000
202605021124,   1.764,   2.797,9999.000,9999.000,9999.000,9999.000,9999.000,9999.000,9999.000
202605021130,   1.778,   2.787,9999.000,9999.000,9999.000,9999.000,9999.000,9999.000,9999.000
202605021136,   1.790,   2.787,9999.000,9999.000,9999.000,9999.000,9999.000,9999.000,9999.000
202605021142,   1.801,   2.787,9999.000,9999.000,9999.000,9999.000,9999.000,9999.000,9999.000
202605021148,   1.810,   2.768,9999.000,9999.000,9999.000,9999.000,9999.000,9999.000,9999.000
202605021154,   1.817,   2.758,9999.000,9999.000,9999.000,9999.000,9999.000,9999.000,9999.000
202605021200,   1.823,   2.758,   0.800,   0.135,   2.758,   0.800,   2.758,   0.800,   2.758
202605021206,   1.827,   2.758,9999.000,9999.000,9999.000,9999.000,9999.000,9999.000,9999.000
202605021212,   1.829,   2.748,9999.000,9999.000,9999.000,9999.000,9999.000,9999.000,9999.000
202605021218,   1.830,   2.738,9999.000,9999.000,9999.000,9999.000,9999.000,9999.000,9999.000
202605021224,   1.829,   2.728,9999.000,9999.000,9999.000,9999.000,9999.000,9999.000,9999.000
202605021230,   1.826,   2.709,9999.000,9999.000,9999.000,9999.000,9999.000,9999.000,9999.000
202605021236,   1.822,   2.689,9999.000,9999.000,9999.000,9999.000,9999.000,9999.000,9999.000
202605021242,   1.816,   2.669,9999.000,9999.000,9999.000,9999.000,9999.000,9999.000,9999.000
202605021248,   1.809,   2.640,9999.000,9999.000,9999.000,9999.000,9999.000,9999.000,9999.000
202605021254,   1.800,   2.610,9999.000,9999.000,9999.000,9999.000,9999.000,9999.000,9999.000
202605021300,   1.789,   2.578,   0.800,  -0.011,   2.578,   0.700,   2.478,   0.800,   2.578
202605021306,   1.777,   2.558,9999.000,9999.000,9999.000,9999.000,9999.000,9999.000,9999.000
202605021312,   1.764,   2.538,9999.000,9999.000,9999.000,9999.000,9999.000,9999.000,9999.000
202605021318,   1.749,   2.499,9999.000,9999.000,9999.000,9999.000,9999.000,9999.000,9999.000
202605021324,   1.733,   2.479,9999.000,9999.000,9999.000,9999.000,9999.000,9999.000,9999.000
202605021330,   1.715,   2.469,9999.000,9999.000,9999.000,9999.000,9999.000,9999.000,9999.000
202605021336,   1.696,   2.440,9999.000,9999.000,9999.000,9999.000,9999.000,9999.000,9999.000
202605021342,   1.676,   2.430,9999.000,9999.000,9999.000,9999.000,9999.000,9999.000,9999.000
202605021348,   1.655,   2.400,9999.000,9999.000,9999.000,9999.000,9999.000,9999.000,9999.000
202605021354,   1.633,   2.358,9999.000,9999.000,9999.000,9999.000,9999.000,9999.000,9999.000
202605021400,   1.610,   2.328,   0.700,   0.018,   2.328,   0.700,   2.328,   0.800,   2.428
202605021406,   1.585,   2.299,9999.000,9999.000,9999.000,9999.000,9999.000,9999.000,9999.000
202605021412,   1.560,   2.250,9999.000,9999.000,9999.000,9999.000,9999.000,9999.000,9999.000
202605021418,   1.534,   2.220,9999.000,9999.000,9999.000,9999.000,9999.000,9999.000,9999.000
202605021424,   1.507,   2.177,9999.000,9999.000,9999.000,9999.000,9999.000,9999.000,9999.000
202605021430,   1.480,   2.138,9999.000,9999.000,9999.000,9999.000,9999.000,9999.000,9999.000
202605021436,   1.451,   2.109,9999.000,9999.000,9999.000,9999.000,9999.000,9999.000,9999.000
202605021442,   1.422,   2.069,9999.000,9999.000,9999.000,9999.000,9999.000,9999.000,9999.000
202605021448,   1.392,   2.020,9999.000,9999.000,9999.000,9999.000,9999.000,9999.000,9999.000
202605021454,   1.362,   1.990,9999.000,9999.000,9999.000,9999.000,9999.000,9999.000,9999.000
202605021500,   1.331,   1.958,   0.700,  -0.073,   1.958,   0.700,   1.958,   0.700,   1.958
202605021506,   1.300,   1.928,9999.000,9999.000,9999.000,9999.000,9999.000,9999.000,9999.000
202605021512,   1.269,   1.889,9999.000,9999.000,9999.000,9999.000,9999.000,9999.000,9999.000
202605021518,   1.237,   1.840,9999.000,9999.000,9999.000,9999.000,9999.000,9999.000,9999.000
202605021524,   1.204,   1.810,9999.000,9999.000,9999.000,9999.000,9999.000,9999.000,9999.000
202605021530,   1.172,   1.767,9999.000,9999.000,9999.000,9999.000,9999.000,9999.000,9999.000
202605021536,   1.139,   1.718,9999.000,9999.000,9999.000,9999.000,9999.000,9999.000,9999.000
202605021542,   1.106,   1.679,9999.000,9999.000,9999.000,9999.000,9999.000,9999.000,9999.000
202605021548,   1.073,   1.639,9999.000,9999.000,9999.000,9999.000,9999.000,9999.000,9999.000
202605021554,   1.040,   1.590,9999.000,9999.000,9999.000,9999.000,9999.000,9999.000,9999.000
202605021600,   1.007,   1.557,   0.700,  -0.150,   1.557,   0.600,   1.457,   0.700,   1.557
202605021606,   0.975,   1.528,9999.000,9999.000,9999.000,9999.000,9999.000,9999.000,9999.000
202605021612,   0.942,   1.479,9999.000,9999.000,9999.000,9999.000,9999.000,9999.000,9999.000
202605021618,   0.909,   1.439,9999.000,9999.000,9999.000,9999.000,9999.000,9999.000,9999.000
202605021624,   0.877,   1.400,9999.000,9999.000,9999.000,9999.000,9999.000,9999.000,9999.000
202605021630,   0.845,   1.361,9999.000,9999.000,9999.000,9999.000,9999.000,9999.000,9999.000
202605021636,   0.813,   1.328,9999.000,9999.000,9999.000,9999.000,9999.000,9999.000,9999.000
202605021642,   0.782,   1.289,9999.000,9999.000,9999.000,9999.000,9999.000,9999.000,9999.000
202605021648,   0.751,   1.249,9999.000,9999.000,9999.000,9999.000,9999.000,9999.000,9999.000
202605021654,   0.721,   1.210,9999.000,9999.000,9999.000,9999.000,9999.000,9999.000,9999.000
202605021700,   0.692,   1.170,   0.600,  -0.122,   1.170,   0.600,   1.170,   0.700,   1.270
202605021706,   0.663,   1.138,9999.000,9999.000,9999.000,9999.000,9999.000,9999.000,9999.000
202605021712,   0.635,   1.098,9999.000,9999.000,9999.000,9999.000,9999.000,9999.000,9999.000
202605021718,   0.607,   1.059,9999.000,9999.000,9999.000,9999.000,9999.000,9999.000,9999.000
202605021724,   0.581,   1.029,9999.000,9999.000,9999.000,9999.000,9999.000,9999.000,9999.000
202605021730,   0.556,   0.990,9999.000,9999.000,9999.000,9999.000,9999.000,9999.000,9999.000
202605021736,   0.532,   0.941,9999.000,9999.000,9999.000,9999.000,9999.000,9999.000,9999.000
202605021742,   0.508,   0.908,9999.000,9999.000,9999.000,9999.000,9999.000,9999.000,9999.000
202605021748,   0.486,   0.859,9999.000,9999.000,9999.000,9999.000,9999.000,9999.000,9999.000
202605021754,   0.465,   0.829,9999.000,9999.000,9999.000,9999.000,9999.000,9999.000,9999.000
202605021800,   0.446,   0.810,   0.600,  -0.236,   0.810,   0.600,   0.810,   0.700,   0.910
202605021806,   0.428,   0.770,9999.000,9999.000,9999.000,9999.000,9999.000,9999.000,9999.000
202605021812,   0.411,   0.751,9999.000,9999.000,9999.000,9999.000,9999.000,9999.000,9999.000
202605021818,   0.395,   0.731,9999.000,9999.000,9999.000,9999.000,9999.000,9999.000,9999.000
202605021824,   0.381,   0.708,9999.000,9999.000,9999.000,9999.000,9999.000,9999.000,9999.000
202605021830,   0.369,   0.688,9999.000,9999.000,9999.000,9999.000,9999.000,9999.000,9999.000
202605021836,   0.358,   0.659,9999.000,9999.000,9999.000,9999.000,9999.000,9999.000,9999.000
202605021842,   0.349,   0.629,9999.000,9999.000,9999.000,9999.000,9999.000,9999.000,9999.000
202605021848,   0.341,   0.619,9999.000,9999.000,9999.000,9999.000,9999.000,9999.000,9999.000
202605021854,   0.334,   0.600,9999.000,9999.000,9999.000,9999.000,9999.000,9999.000,9999.000
202605021900,   0.330,   0.580,   0.600,  -0.350,   0.580,   0.600,   0.580,   0.700,   0.680
202605021906,   0.327,   0.570,9999.000,9999.000,9999.000,9999.000,9999.000,9999.000,9999.000
202605021912,   0.325,   0.560,9999.000,9999.000,9999.000,9999.000,9999.000,9999.000,9999.000
202605021918,   0.325,   0.541,9999.000,9999.000,9999.000,9999.000,9999.000,9999.000,9999.000
202605021924,   0.327,   0.531,9999.000,9999.000,9999.000,9999.000,9999.000,9999.000,9999.000
202605021930,   0.330,   0.531,9999.000,9999.000,9999.000,9999.000,9999.000,9999.000,9999.000
202605021936,   0.335,   0.518,9999.000,9999.000,9999.000,9999.000,9999.000,9999.000,9999.000
202605021942,   0.341,   0.508,9999.000,9999.000,9999.000,9999.000,9999.000,9999.000,9999.000
202605021948,   0.348,   0.508,9999.000,9999.000,9999.000,9999.000,9999.000,9999.000,9999.000
202605021954,   0.357,   0.508,9999.000,9999.000,9999.000,9999.000,9999.000,9999.000,9999.000
202605022000,   0.368,   0.498,   0.600,  -0.470,   0.498,   0.600,   0.498,   0.600,   0.498
202605022006,   0.379,   0.498,9999.000,9999.000,9999.000,9999.000,9999.000,9999.000,9999.000
202605022012,   0.392,   0.508,9999.000,9999.000,9999.000,9999.000,9999.000,9999.000,9999.000
202605022018,   0.407,   0.518,9999.000,9999.000,9999.000,9999.000,9999.000,9999.000,9999.000
202605022024,   0.422,   0.518,9999.000,9999.000,9999.000,9999.000,9999.000,9999.000,9999.000
202605022030,   0.438,   0.531,9999.000,9999.000,9999.000,9999.000,9999.000,9999.000,9999.000
202605022036,   0.455,   0.531,9999.000,9999.000,9999.000,9999.000,9999.000,9999.000,9999.000
202605022042,   0.474,   0.541,9999.000,9999.000,9999.000,9999.000,9999.000,9999.000,9999.000
202605022048,   0.493,   0.551,9999.000,9999.000,9999.000,9999.000,9999.000,9999.000,9999.000
202605022054,   0.513,   0.570,9999.000,9999.000,9999.000,9999.000,9999.000,9999.000,9999.000
202605022100,   0.534,   0.580,   0.600,  -0.554,   0.580,   0.500,   0.480,   0.600,   0.580
202605022106,   0.555,   0.600,9999.000,9999.000,9999.000,9999.000,9999.000,9999.000,9999.000
202605022112,   0.577,   0.619,9999.000,9999.000,9999.000,9999.000,9999.000,9999.000,9999.000
202605022118,   0.600,   0.629,9999.000,9999.000,9999.000,9999.000,9999.000,9999.000,9999.000
202605022124,   0.622,   0.649,9999.000,9999.000,9999.000,9999.000,9999.000,9999.000,9999.000
202605022130,   0.646,   0.669,9999.000,9999.000,9999.000,9999.000,9999.000,9999.000,9999.000
202605022136,   0.669,   0.678,9999.000,9999.000,9999.000,9999.000,9999.000,9999.000,9999.000
202605022142,   0.693,   0.718,9999.000,9999.000,9999.000,9999.000,9999.000,9999.000,9999.000
202605022148,   0.717,   0.731,9999.000,9999.000,9999.000,9999.000,9999.000,9999.000,9999.000
202605022154,   0.741,   0.731,9999.000,9999.000,9999.000,9999.000,9999.000,9999.000,9999.000
202605022200,   0.765,   0.731,   0.600,  -0.634,   0.731,   0.500,   0.631,   0.600,   0.731
202605022206,   0.789,   0.760,9999.000,9999.000,9999.000,9999.000,9999.000,9999.000,9999.000
202605022212,   0.812,   0.780,9999.000,9999.000,9999.000,9999.000,9999.000,9999.000,9999.000
202605022218,   0.836,   0.780,9999.000,9999.000,9999.000,9999.000,9999.000,9999.000,9999.000
202605022224,   0.859,   0.810,9999.000,9999.000,9999.000,9999.000,9999.000,9999.000,9999.000
202605022230,   0.882,   0.839,9999.000,9999.000,9999.000,9999.000,9999.000,9999.000,9999.000
202605022236,   0.904,   0.859,9999.000,9999.000,9999.000,9999.000,9999.000,9999.000,9999.000
202605022242,   0.926,   0.879,9999.000,9999.000,9999.000,9999.000,9999.000,9999.000,9999.000
202605022248,   0.947,   0.908,9999.000,9999.000,9999.000,9999.000,9999.000,9999.000,9999.000
202605022254,   0.967,   0.928,9999.000,9999.000,9999.000,9999.000,9999.000,9999.000,9999.000
202605022300,   0.987,   0.928,   0.600,  -0.659,   0.928,   0.500,   0.828,   0.600,   0.928
202605022306,   1.006,   0.918,9999.000,9999.000,9999.000,9999.000,9999.000,9999.000,9999.000
202605022312,   1.024,   0.918,9999.000,9999.000,9999.000,9999.000,9999.000,9999.000,9999.000
202605022318,   1.041,   0.941,9999.000,9999.000,9999.000,9999.000,9999.000,9999.000,9999.000
202605022324,   1.057,   0.951,9999.000,9999.000,9999.000,9999.000,9999.000,9999.000,9999.000
202605022330,   1.072,   0.961,9999.000,9999.000,9999.000,9999.000,9999.000,9999.000,9999.000
202605022336,   1.086,   0.980,9999.000,9999.000,9999.000,9999.000,9999.000,9999.000,9999.000
202605022342,   1.099,   0.961,9999.000,9999.000,9999.000,9999.000,9999.000,9999.000,9999.000
202605022348,   1.111,   0.970,9999.000,9999.000,9999.000,9999.000,9999.000,9999.000,9999.000
202605022354,   1.121,   0.990,9999.000,9999.000,9999.000,9999.000,9999.000,9999.000,9999.000
202605030000,   1.131,   1.000,   0.500,  -0.631,   1.000,   0.400,   0.900,   0.500,   1.000
202605030006,   1.139,   1.010,9999.000,9999.000,9999.000,9999.000,9999.000,9999.000,9999.000
202605030012,   1.145,   1.020,9999.000,9999.000,9999.000,9999.000,9999.000,9999.000,9999.000
202605030018,   1.151,   1.010,9999.000,9999.000,9999.000,9999.000,9999.000,9999.000,9999.000
202605030024,   1.155,   0.980,9999.000,9999.000,9999.000,9999.000,9999.000,9999.000,9999.000
202605030030,   1.158,   0.970,9999.000,9999.000,9999.000,9999.000,9999.000,9999.000,9999.000
202605030036,   1.159,   0.980,9999.000,9999.000,9999.000,9999.000,9999.000,9999.000,9999.000
202605030042,   1.159,   0.980,9999.000,9999.000,9999.000,9999.000,9999.000,9999.000,9999.000
202605030048,   1.158,   0.980,9999.000,9999.000,9999.000,9999.000,9999.000,9999.000,9999.000
202605030054,   1.155,   0.961,9999.000,9999.000,9999.000,9999.000,9999.000,9999.000,9999.000
202605030100,   1.151,   0.970,   0.500,  -0.681,   0.970,   0.400,   0.870,   0.500,   0.970
202605030106,   1.146,   0.970,9999.000,9999.000,9999.000,9999.000,9999.000,9999.000,9999.000
202605030112,   1.139,   0.961,9999.000,9999.000,9999.000,9999.000,9999.000,9999.000,9999.000
202605030118,   1.131,   0.928,9999.000,9999.000,9999.000,9999.000,9999.000,9999.000,9999.000
202605030124,   1.123,   0.941,9999.000,9999.000,9999.000,9999.000,9999.000,9999.000,9999.000
202605030130,   1.112,   0.928,9999.000,9999.000,9999.000,9999.000,9999.000,9999.000,9999.000
202605030136,   1.101,   0.908,9999.000,9999.000,9999.000,9999.000,9999.000,9999.000,9999.000
202605030142,   1.089,   0.908,9999.000,9999.000,9999.000,9999.000,9999.000,9999.000,9999.000
202605030148,   1.076,   0.898,9999.000,9999.000,9999.000,9999.000,9999.000,9999.000,9999.000
202605030154,   1.061,   0.888,9999.000,9999.000,9999.000,9999.000,9999.000,9999.000,9999.000
202605030200,   1.046,   0.879,   0.500,  -0.667,   0.879,   0.400,   0.779,   0.500,   0.879
202605030206,   1.030,   0.859,9999.000,9999.000,9999.000,9999.000,9999.000,9999.000,9999.000
202605030212,   1.013,   0.849,9999.000,9999.000,9999.000,9999.000,9999.000,9999.000,9999.000
202605030218,   0.996,   0.839,9999.000,9999.000,9999.000,9999.000,9999.000,9999.000,9999.000
202605030224,   0.978,   0.839,9999.000,9999.000,9999.000,9999.000,9999.000,9999.000,9999.000
202605030230,   0.959,   0.829,9999.000,9999.000,9999.000,9999.000,9999.000,9999.000,9999.000
202605030236,   0.940,   0.790,9999.000,9999.000,9999.000,9999.000,9999.000,9999.000,9999.000
202605030242,   0.920,   0.770,9999.000,9999.000,9999.000,9999.000,9999.000,9999.000,9999.000
202605030248,   0.900,   0.770,9999.000,9999.000,9999.000,9999.000,9999.000,9999.000,9999.000
202605030254,   0.879,   0.760,9999.000,9999.000,9999.000,9999.000,9999.000,9999.000,9999.000
202605030300,   0.858,   0.731,   0.500,  -0.627,   0.731,   0.400,   0.631,   0.500,   0.731
202605030306,   0.837,   0.708,9999.000,9999.000,9999.000,9999.000,9999.000,9999.000,9999.000
202605030312,   0.816,   0.678,9999.000,9999.000,9999.000,9999.000,9999.000,9999.000,9999.000
202605030318,   0.794,   0.659,9999.000,9999.000,9999.000,9999.000,9999.000,9999.000,9999.000
202605030324,   0.773,   0.619,9999.000,9999.000,9999.000,9999.000,9999.000,9999.000,9999.000
202605030330,   0.751,   0.580,9999.000,9999.000,9999.000,9999.000,9999.000,9999.000,9999.000
202605030336,   0.730,   0.560,9999.000,9999.000,9999.000,9999.000,9999.000,9999.000,9999.000
202605030342,   0.709,   0.541,9999.000,9999.000,9999.000,9999.000,9999.000,9999.000,9999.000
202605030348,   0.687,   0.518,9999.000,9999.000,9999.000,9999.000,9999.000,9999.000,9999.000
202605030354,   0.667,   0.518,9999.000,9999.000,9999.000,9999.000,9999.000,9999.000,9999.000
202605030400,   0.646,   0.518,   0.400,  -0.528,   0.518,   0.400,   0.518,   0.500,   0.618
202605030406,   0.626,   0.498,9999.000,9999.000,9999.000,9999.000,9999.000,9999.000,9999.000
202605030412,   0.606,   0.478,9999.000,9999.000,9999.000,9999.000,9999.000,9999.000,9999.000
202605030418,   0.586,   0.459,9999.000,9999.000,9999.000,9999.000,9999.000,9999.000,9999.000
202605030424,   0.567,   0.459,9999.000,9999.000,9999.000,9999.000,9999.000,9999.000,9999.000
202605030430,   0.549,   0.449,9999.000,9999.000,9999.000,9999.000,9999.000,9999.000,9999.000
202605030436,   0.531,   0.429,9999.000,9999.000,9999.000,9999.000,9999.000,9999.000,9999.000
202605030442,   0.514,   0.409,9999.000,9999.000,9999.000,9999.000,9999.000,9999.000,9999.000
202605030448,   0.497,   0.380,9999.000,9999.000,9999.000,9999.000,9999.000,9999.000,9999.000
202605030454,   0.481,   0.370,9999.000,9999.000,9999.000,9999.000,9999.000,9999.000,9999.000
202605030500,   0.466,   0.341,   0.400,  -0.525,   0.341,   0.400,   0.341,   0.500,   0.441
202605030506,   0.452,   0.331,9999.000,9999.000,9999.000,9999.000,9999.000,9999.000,9999.000
202605030512,   0.439,   0.321,9999.000,9999.000,9999.000,9999.000,9999.000,9999.000,9999.000
202605030518,   0.427,   0.321,9999.000,9999.000,9999.000,9999.000,9999.000,9999.000,9999.000
202605030524,   0.416,   0.298,9999.000,9999.000,9999.000,9999.000,9999.000,9999.000,9999.000
202605030530,   0.405,   0.288,9999.000,9999.000,9999.000,9999.000,9999.000,9999.000,9999.000
202605030536,   0.396,   0.288,9999.000,9999.000,9999.000,9999.000,9999.000,9999.000,9999.000
202605030542,   0.388,   0.321,9999.000,9999.000,9999.000,9999.000,9999.000,9999.000,9999.000
202605030548,   0.382,   0.298,9999.000,9999.000,9999.000,9999.000,9999.000,9999.000,9999.000
202605030554,   0.376,   0.298,9999.000,9999.000,9999.000,9999.000,9999.000,9999.000,9999.000
202605030600,   0.372,   0.308,   0.300,  -0.364,   0.308,   0.200,   0.208,   0.300,   0.308
202605030606,   0.369,   0.321,9999.000,9999.000,9999.000,9999.000,9999.000,9999.000,9999.000
202605030612,   0.368,   0.331,9999.000,9999.000,9999.000,9999.000,9999.000,9999.000,9999.000
202605030618,   0.368,   0.308,9999.000,9999.000,9999.000,9999.000,9999.000,9999.000,9999.000
202605030624,   0.369,   0.288,9999.000,9999.000,9999.000,9999.000,9999.000,9999.000,9999.000
202605030630,   0.372,   0.288,9999.000,9999.000,9999.000,9999.000,9999.000,9999.000,9999.000
202605030636,   0.377,   0.288,9999.000,9999.000,9999.000,9999.000,9999.000,9999.000,9999.000
202605030642,   0.382,   0.288,9999.000,9999.000,9999.000,9999.000,9999.000,9999.000,9999.000
202605030648,   0.390,   0.298,9999.000,9999.000,9999.000,9999.000,9999.000,9999.000,9999.000
202605030654,   0.399,   0.308,9999.000,9999.000,9999.000,9999.000,9999.000,9999.000,9999.000
202605030700,   0.409,   0.341,   0.300,  -0.368,   0.341,   0.200,   0.241,   0.300,   0.341
202605030706,   0.421,   0.350,9999.000,9999.000,9999.000,9999.000,9999.000,9999.000,9999.000
202605030712,   0.435,   0.341,9999.000,9999.000,9999.000,9999.000,9999.000,9999.000,9999.000
202605030718,   0.449,   0.341,9999.000,9999.000,9999.000,9999.000,9999.000,9999.000,9999.000
202605030724,   0.466,   0.390,9999.000,9999.000,9999.000,9999.000,9999.000,9999.000,9999.000
202605030730,   0.484,   0.449,9999.000,9999.000,9999.000,9999.000,9999.000,9999.000,9999.000
202605030736,   0.503,   0.439,9999.000,9999.000,9999.000,9999.000,9999.000,9999.000,9999.000
202605030742,   0.523,   0.449,9999.000,9999.000,9999.000,9999.000,9999.000,9999.000,9999.000
202605030748,   0.545,   0.478,9999.000,9999.000,9999.000,9999.000,9999.000,9999.000,9999.000
202605030754,   0.569,   0.488,9999.000,9999.000,9999.000,9999.000,9999.000,9999.000,9999.000
202605030800,   0.593,   0.531,   0.200,  -0.262,   0.531,   0.200,   0.531,   0.300,   0.631
202605030806,   0.618,   0.580,9999.000,9999.000,9999.000,9999.000,9999.000,9999.000,9999.000
202605030812,   0.645,   0.580,9999.000,9999.000,9999.000,9999.000,9999.000,9999.000,9999.000
202605030818,   0.673,   0.600,9999.000,9999.000,9999.000,9999.000,9999.000,9999.000,9999.000
202605030824,   0.702,   0.629,9999.000,9999.000,9999.000,9999.000,9999.000,9999.000,9999.000
202605030830,   0.731,   0.659,9999.000,9999.000,9999.000,9999.000,9999.000,9999.000,9999.000
202605030836,   0.762,   0.698,9999.000,9999.000,9999.000,9999.000,9999.000,9999.000,9999.000
202605030842,   0.793,   0.708,9999.000,9999.000,9999.000,9999.000,9999.000,9999.000,9999.000
202605030848,   0.824,   0.751,9999.000,9999.000,9999.000,9999.000,9999.000,9999.000,9999.000
202605030854,   0.857,   0.810,9999.000,9999.000,9999.000,9999.000,9999.000,9999.000,9999.000
202605030900,   0.890,   0.810,   0.200,  -0.280,   0.810,   0.200,   0.810,   0.300,   0.910
202605030906,   0.923,   0.819,9999.000,9999.000,9999.000,9999.000,9999.000,9999.000,9999.000
202605030912,   0.957,   0.888,9999.000,9999.000,9999.000,9999.000,9999.000,9999.000,9999.000
202605030918,   0.991,   0.898,9999.000,9999.000,9999.000,9999.000,9999.000,9999.000,9999.000
202605030924,   1.025,   0.898,9999.000,9999.000,9999.000,9999.000,9999.000,9999.000,9999.000
202605030930,   1.059,   0.941,9999.000,9999.000,9999.000,9999.000,9999.000,9999.000,9999.000
202605030936,   1.093,   0.941,9999.000,9999.000,9999.000,9999.000,9999.000,9999.000,9999.000
202605030942,   1.128,   0.970,9999.000,9999.000,9999.000,9999.000,9999.000,9999.000,9999.000
202605030948,   1.162,   1.010,9999.000,9999.000,9999.000,9999.000,9999.000,9999.000,9999.000
202605030954,   1.196,   1.029,9999.000,9999.000,9999.000,9999.000,9999.000,9999.000,9999.000
202605031000,   1.229,   1.020,   0.200,  -0.409,   1.020,   0.100,   0.920,   0.300,   1.120
202605031006,   1.263,   1.049,9999.000,9999.000,9999.000,9999.000,9999.000,9999.000,9999.000
202605031012,   1.295,   1.088,9999.000,9999.000,9999.000,9999.000,9999.000,9999.000,9999.000
202605031018,   1.328,   1.108,9999.000,9999.000,9999.000,9999.000,9999.000,9999.000,9999.000
202605031024,   1.359,   1.138,9999.000,9999.000,9999.000,9999.000,9999.000,9999.000,9999.000
202605031030,   1.391,   1.170,9999.000,9999.000,9999.000,9999.000,9999.000,9999.000,9999.000
202605031036,   1.421,   1.180,9999.000,9999.000,9999.000,9999.000,9999.000,9999.000,9999.000
202605031042,   1.451,   1.200,9999.000,9999.000,9999.000,9999.000,9999.000,9999.000,9999.000
202605031048,   1.479,   1.220,9999.000,9999.000,9999.000,9999.000,9999.000,9999.000,9999.000
202605031054,   1.507,   1.229,9999.000,9999.000,9999.000,9999.000,9999.000,9999.000,9999.000
202605031100,   1.534,   1.249,   0.200,  -0.485,   1.249,   0.100,   1.149,   0.200,   1.249
202605031106,   1.560,   1.259,9999.000,9999.000,9999.000,9999.000,9999.000,9999.000,9999.000
202605031112,   1.585,   1.269,9999.000,9999.000,9999.000,9999.000,9999.000,9999.000,9999.000
202605031118,   1.609,   1.289,9999.000,9999.000,9999.000,9999.000,9999.000,9999.000,9999.000
202605031124,   1.631,   1.298,9999.000,9999.000,9999.000,9999.000,9999.000,9999.000,9999.000
202605031130,   1.653,   1.308,9999.000,9999.000,9999.000,9999.000,9999.000,9999.000,9999.000
202605031136,   1.673,   1.338,9999.000,9999.000,9999.000,9999.000,9999.000,9999.000,9999.000
202605031142,   1.691,   1.348,9999.000,9999.000,9999.000,9999.000,9999.000,9999.000,9999.000
202605031148,   1.709,   1.371,9999.000,9999.000,9999.000,9999.000,9999.000,9999.000,9999.000
202605031154,   1.725,   1.380,9999.000,9999.000,9999.000,9999.000,9999.000,9999.000,9999.000
202605031200,   1.739,   1.390,   0.100,  -0.449,   1.390,   0.000,   1.290,   0.100,   1.390
202605031206,   1.752,   1.400,9999.000,9999.000,9999.000,9999.000,9999.000,9999.000,9999.000
202605031212,   1.764,   1.390,9999.000,9999.000,9999.000,9999.000,9999.000,9999.000,9999.000
202605031218,   1.774,   1.390,9999.000,9999.000,9999.000,9999.000,9999.000,9999.000,9999.000
202605031224,   1.782,   1.430,9999.000,9999.000,9999.000,9999.000,9999.000,9999.000,9999.000
202605031230,   1.789,   1.420,9999.000,9999.000,9999.000,9999.000,9999.000,9999.000,9999.000
202605031236,   1.795,   1.410,9999.000,9999.000,9999.000,9999.000,9999.000,9999.000,9999.000
202605031242,   1.798,   1.410,9999.000,9999.000,9999.000,9999.000,9999.000,9999.000,9999.000
202605031248,   1.801,   1.410,9999.000,9999.000,9999.000,9999.000,9999.000,9999.000,9999.000
202605031254,   1.801,   1.400,9999.000,9999.000,9999.000,9999.000,9999.000,9999.000,9999.000
202605031300,   1.800,   1.400,   0.000,  -0.400,   1.400,   0.000,   1.400,   0.100,   1.500
202605031306,   1.798,   1.390,9999.000,9999.000,9999.000,9999.000,9999.000,9999.000,9999.000
202605031312,   1.794,   1.390,9999.000,9999.000,9999.000,9999.000,9999.000,9999.000,9999.000
202605031318,   1.788,   1.380,9999.000,9999.000,9999.000,9999.000,9999.000,9999.000,9999.000
202605031324,   1.781,   1.361,9999.000,9999.000,9999.000,9999.000,9999.000,9999.000,9999.000
202605031330,   1.772,   1.361,9999.000,9999.000,9999.000,9999.000,9999.000,9999.000,9999.000
202605031336,   1.762,   1.361,9999.000,9999.000,9999.000,9999.000,9999.000,9999.000,9999.000
202605031342,   1.751,   1.328,9999.000,9999.000,9999.000,9999.000,9999.000,9999.000,9999.000
202605031348,   1.738,   1.328,9999.000,9999.000,9999.000,9999.000,9999.000,9999.000,9999.000
202605031354,   1.724,   1.298,9999.000,9999.000,9999.000,9999.000,9999.000,9999.000,9999.000
202605031400,   1.708,   1.269,   0.000,  -0.439,   1.269,   0.000,   1.269,   0.100,   1.369
202605031406,   1.691,   1.269,9999.000,9999.000,9999.000,9999.000,9999.000,9999.000,9999.000
202605031412,   1.673,   1.239,9999.000,9999.000,9999.000,9999.000,9999.000,9999.000,9999.000
202605031418,   1.654,   1.229,9999.000,9999.000,9999.000,9999.000,9999.000,9999.000,9999.000
202605031424,   1.634,   1.220,9999.000,9999.000,9999.000,9999.000,9999.000,9999.000,9999.000
202605031430,   1.612,   1.190,9999.000,9999.000,9999.000,9999.000,9999.000,9999.000,9999.000
202605031436,   1.590,   1.161,9999.000,9999.000,9999.000,9999.000,9999.000,9999.000,9999.000
202605031442,   1.566,   1.170,9999.000,9999.000,9999.000,9999.000,9999.000,9999.000,9999.000
202605031448,   1.542,   1.128,9999.000,9999.000,9999.000,9999.000,9999.000,9999.000,9999.000
202605031454,   1.517,   1.108,9999.000,9999.000,9999.000,9999.000,9999.000,9999.000,9999.000
202605031500,   1.491,   1.098,   0.000,  -0.393,   1.098,   0.000,   1.098,   0.100,   1.198
202605031506,   1.465,   1.059,9999.000,9999.000,9999.000,9999.000,9999.000,9999.000,9999.000
202605031512,   1.437,   1.039,9999.000,9999.000,9999.000,9999.000,9999.000,9999.000,9999.000
202605031518,   1.409,   1.029,9999.000,9999.000,9999.000,9999.000,9999.000,9999.000,9999.000
202605031524,   1.381,   1.000,9999.000,9999.000,9999.000,9999.000,9999.000,9999.000,9999.000
202605031530,   1.352,   0.961,9999.000,9999.000,9999.000,9999.000,9999.000,9999.000,9999.000
202605031536,   1.323,   0.961,9999.000,9999.000,9999.000,9999.000,9999.000,9999.000,9999.000
202605031542,   1.293,   0.928,9999.000,9999.000,9999.000,9999.000,9999.000,9999.000,9999.000
202605031548,   1.262,   0.908,9999.000,9999.000,9999.000,9999.000,9999.000,9999.000,9999.000
202605031554,   1.232,   0.869,9999.000,9999.000,9999.000,9999.000,9999.000,9999.000,9999.000
202605031600,   1.201,   0.859,   0.000,  -0.342,   0.859,   0.000,   0.859,   0.100,   0.959
202605031606,   1.170,   0.879,9999.000,9999.000,9999.000,9999.000,9999.000,9999.000,9999.000
202605031612,   1.139,   0.829,9999.000,9999.000,9999.000,9999.000,9999.000,9999.000,9999.000
202605031618,   1.108,   0.770,9999.000,9999.000,9999.000,9999.000,9999.000,9999.000,9999.000
202605031624,   1.076,   0.770,9999.000,9999.000,9999.000,9999.000,9999.000,9999.000,9999.000
202605031630,   1.045,   0.760,9999.000,9999.000,9999.000,9999.000,9999.000,9999.000,9999.000
202605031636,   1.014,   0.731,9999.000,9999.000,9999.000,9999.000,9999.000,9999.000,9999.000
202605031642,   0.982,   0.708,9999.000,9999.000,9999.000,9999.000,9999.000,9999.000,9999.000
202605031648,   0.951,   0.669,9999.000,9999.000,9999.000,9999.000,9999.000,9999.000,9999.000
202605031654,   0.920,   0.629,9999.000,9999.000,9999.000,9999.000,9999.000,9999.000,9999.000
202605031700,   0.890,   0.629,   0.000,  -0.261,   0.629,   0.000,   0.629,   0.000,   0.629
202605031706,   0.859,   0.600,9999.000,9999.000,9999.000,9999.000,9999.000,9999.000,9999.000
202605031712,   0.829,   0.541,9999.000,9999.000,9999.000,9999.000,9999.000,9999.000,9999.000
202605031718,   0.799,   0.560,9999.000,9999.000,9999.000,9999.000,9999.000,9999.000,9999.000
202605031724,   0.770,   0.531,9999.000,9999.000,9999.000,9999.000,9999.000,9999.000,9999.000
202605031730,   0.741,   0.488,9999.000,9999.000,9999.000,9999.000,9999.000,9999.000,9999.000
202605031736,   0.713,   0.469,9999.000,9999.000,9999.000,9999.000,9999.000,9999.000,9999.000
202605031742,   0.686,   0.439,9999.000,9999.000,9999.000,9999.000,9999.000,9999.000,9999.000
202605031748,   0.659,   0.409,9999.000,9999.000,9999.000,9999.000,9999.000,9999.000,9999.000
202605031754,   0.633,   0.400,9999.000,9999.000,9999.000,9999.000,9999.000,9999.000,9999.000
202605031800,   0.608,   0.350,  -0.100,  -0.158,   0.350,  -0.100,   0.350,   0.000,   0.450
202605031806,   0.583,   0.350,9999.000,9999.000,9999.000,9999.000,9999.000,9999.000,9999.000
202605031812,   0.560,   0.331,9999.000,9999.000,9999.000,9999.000,9999.000,9999.000,9999.000
202605031818,   0.538,   0.298,9999.000,9999.000,9999.000,9999.000,9999.000,9999.000,9999.000
202605031824,   0.516,   0.288,9999.000,9999.000,9999.000,9999.000,9999.000,9999.000,9999.000
202605031830,   0.496,   0.278,9999.000,9999.000,9999.000,9999.000,9999.000,9999.000,9999.000
202605031836,   0.477,   0.219,9999.000,9999.000,9999.000,9999.000,9999.000,9999.000,9999.000
202605031842,   0.459,   0.229,9999.000,9999.000,9999.000,9999.000,9999.000,9999.000,9999.000
202605031848,   0.442,   0.239,9999.000,9999.000,9999.000,9999.000,9999.000,9999.000,9999.000
202605031854,   0.427,   0.190,9999.000,9999.000,9999.000,9999.000,9999.000,9999.000,9999.000
202605031900,   0.413,   0.150,  -0.100,  -0.163,   0.150,  -0.100,   0.150,   0.000,   0.250
202605031906,   0.401,   0.160,9999.000,9999.000,9999.000,9999.000,9999.000,9999.000,9999.000
202605031912,   0.389,   0.121,9999.000,9999.000,9999.000,9999.000,9999.000,9999.000,9999.000
202605031918,   0.380,   0.121,9999.000,9999.000,9999.000,9999.000,9999.000,9999.000,9999.000
202605031924,   0.371,   0.141,9999.000,9999.000,9999.000,9999.000,9999.000,9999.000,9999.000
202605031930,   0.365,   0.098,9999.000,9999.000,9999.000,9999.000,9999.000,9999.000,9999.000
202605031936,   0.359,   0.121,9999.000,9999.000,9999.000,9999.000,9999.000,9999.000,9999.000
202605031942,   0.356,   0.111,9999.000,9999.000,9999.000,9999.000,9999.000,9999.000,9999.000
202605031948,   0.353,   0.121,9999.000,9999.000,9999.000,9999.000,9999.000,9999.000,9999.000
202605031954,   0.352,   0.111,9999.000,9999.000,9999.000,9999.000,9999.000,9999.000,9999.000
202605032000,   0.353,   0.068,  -0.100,  -0.185,   0.068,  -0.100,   0.068,   0.000,   0.168
202605032006,   0.355,   0.121,9999.000,9999.000,9999.000,9999.000,9999.000,9999.000,9999.000
202605032012,   0.359,   0.141,9999.000,9999.000,9999.000,9999.000,9999.000,9999.000,9999.000
202605032018,   0.364,   0.098,9999.000,9999.000,9999.000,9999.000,9999.000,9999.000,9999.000
202605032024,   0.370,   0.111,9999.000,9999.000,9999.000,9999.000,9999.000,9999.000,9999.000
202605032030,   0.378,   0.170,9999.000,9999.000,9999.000,9999.000,9999.000,9999.000,9999.000
202605032036,   0.387,   0.160,9999.000,9999.000,9999.000,9999.000,9999.000,9999.000,9999.000
202605032042,   0.397,   0.121,9999.000,9999.000,9999.000,9999.000,9999.000,9999.000,9999.000
202605032048,   0.409,   0.150,9999.000,9999.000,9999.000,9999.000,9999.000,9999.000,9999.000
202605032054,   0.422,   0.190,9999.000,9999.000,9999.000,9999.000,9999.000,9999.000,9999.000
202605032100,   0.436,   0.150,  -0.100,  -0.186,   0.150,  -0.100,   0.150,   0.000,   0.250
202605032106,   0.450,   0.170,9999.000,9999.000,9999.000,9999.000,9999.000,9999.000,9999.000
202605032112,   0.466,   0.239,9999.000,9999.000,9999.000,9999.000,9999.000,9999.000,9999.000
202605032118,   0.483,   0.229,9999.000,9999.000,9999.000,9999.000,9999.000,9999.000,9999.000
202605032124,   0.501,   0.229,9999.000,9999.000,9999.000,9999.000,9999.000,9999.000,9999.000
202605032130,   0.519,   0.249,9999.000,9999.000,9999.000,9999.000,9999.000,9999.000,9999.000
202605032136,   0.538,   0.249,9999.000,9999.000,9999.000,9999.000,9999.000,9999.000,9999.000
202605032142,   0.558,   0.298,9999.000,9999.000,9999.000,9999.000,9999.000,9999.000,9999.000
202605032148,   0.579,   0.331,9999.000,9999.000,9999.000,9999.000,9999.000,9999.000,9999.000
202605032154,   0.600,   0.341,9999.000,9999.000,9999.000,9999.000,9999.000,9999.000,9999.000
202605032200,   0.621,   0.360,   0.000,  -0.261,   0.360,  -0.100,   0.260,   0.000,   0.360
202605032206,   0.643,   0.400,9999.000,9999.000,9999.000,9999.000,9999.000,9999.000,9999.000
202605032212,   0.665,   0.419,9999.000,9999.000,9999.000,9999.000,9999.000,9999.000,9999.000
202605032218,   0.687,   0.429,9999.000,9999.000,9999.000,9999.000,9999.000,9999.000,9999.000
202605032224,   0.710,   0.488,9999.000,9999.000,9999.000,9999.000,9999.000,9999.000,9999.000
202605032230,   0.732,   0.508,9999.000,9999.000,9999.000,9999.000,9999.000,9999.000,9999.000
202605032236,   0.755,   0.478,9999.000,9999.000,9999.000,9999.000,9999.000,9999.000,9999.000
202605032242,   0.777,   0.518,9999.000,9999.000,9999.000,9999.000,9999.000,9999.000,9999.000
202605032248,   0.799,   0.580,9999.000,9999.000,9999.000,9999.000,9999.000,9999.000,9999.000
202605032254,   0.822,   0.580,9999.000,9999.000,9999.000,9999.000,9999.000,9999.000,9999.000
202605032300,   0.844,   0.551,   0.000,  -0.293,   0.551,  -0.100,   0.451,   0.000,   0.551
202605032306,   0.865,   0.590,9999.000,9999.000,9999.000,9999.000,9999.000,9999.000,9999.000
202605032312,   0.886,   0.659,9999.000,9999.000,9999.000,9999.000,9999.000,9999.000,9999.000
202605032318,   0.907,   0.669,9999.000,9999.000,9999.000,9999.000,9999.000,9999.000,9999.000
202605032324,   0.927,   0.649,9999.000,9999.000,9999.000,9999.000,9999.000,9999.000,9999.000
202605032330,   0.947,   0.688,9999.000,9999.000,9999.000,9999.000,9999.000,9999.000,9999.000
202605032336,   0.966,   0.731,9999.000,9999.000,9999.000,9999.000,9999.000,9999.000,9999.000
202605032342,   0.984,   0.698,9999.000,9999.000,9999.000,9999.000,9999.000,9999.000,9999.000
202605032348,   1.002,   0.718,9999.000,9999.000,9999.000,9999.000,9999.000,9999.000,9999.000
202605032354,   1.018,   0.760,9999.000,9999.000,9999.000,9999.000,9999.000,9999.000,9999.000
202605040000,   1.034,   0.780,  -0.100,  -0.154,   0.780,  -0.100,   0.780,   0.000,   0.880
202605040006,   1.049,   0.800,9999.000,9999.000,9999.000,9999.000,9999.000,9999.000,9999.000
202605040012,   1.063,   0.819,9999.000,9999.000,9999.000,9999.000,9999.000,9999.000,9999.000
202605040018,   1.076,   0.810,9999.000,9999.000,9999.000,9999.000,9999.000,9999.000,9999.000
202605040024,   1.087,   0.819,9999.000,9999.000,9999.000,9999.000,9999.000,9999.000,9999.000
202605040030,   1.098,   0.839,9999.000,9999.000,9999.000,9999.000,9999.000,9999.000,9999.000
202605040036,   1.108,   0.839,9999.000,9999.000,9999.000,9999.000,9999.000,9999.000,9999.000
202605040042,   1.116,   0.869,9999.000,9999.000,9999.000,9999.000,9999.000,9999.000,9999.000
202605040048,   1.123,   0.879,9999.000,9999.000,9999.000,9999.000,9999.000,9999.000,9999.000
202605040054,   1.129,   0.869,9999.000,9999.000,9999.000,9999.000,9999.000,9999.000,9999.000
202605040100,   1.134,   0.908,  -0.100,  -0.126,   0.908,  -0.100,   0.908,   0.000,   1.008
202605040106,   1.138,   0.908,9999.000,9999.000,9999.000,9999.000,9999.000,9999.000,9999.000
202605040112,   1.140,   0.898,9999.000,9999.000,9999.000,9999.000,9999.000,9999.000,9999.000
202605040118,   1.141,   0.908,9999.000,9999.000,9999.000,9999.000,9999.000,9999.000,9999.000
202605040124,   1.140,   0.918,9999.000,9999.000,9999.000,9999.000,9999.000,9999.000,9999.000
202605040130,   1.139,   0.918,9999.000,9999.000,9999.000,9999.000,9999.000,9999.000,9999.000
202605040136,   1.136,   0.928,9999.000,9999.000,9999.000,9999.000,9999.000,9999.000,9999.000
202605040142,   1.132,   0.918,9999.000,9999.000,9999.000,9999.000,9999.000,9999.000,9999.000
202605040148,   1.127,   0.928,9999.000,9999.000,9999.000,9999.000,9999.000,9999.000,9999.000
202605040154,   1.120,   0.928,9999.000,9999.000,9999.000,9999.000,9999.000,9999.000,9999.000
202605040200,   1.112,   0.918,   0.000,  -0.194,   0.918,  -0.100,   0.818,   0.000,   0.918
202605040206,   1.104,   0.928,9999.000,9999.000,9999.000,9999.000,9999.000,9999.000,9999.000
202605040212,   1.094,   0.928,9999.000,9999.000,9999.000,9999.000,9999.000,9999.000,9999.000
202605040218,   1.083,   0.908,9999.000,9999.000,9999.000,9999.000,9999.000,9999.000,9999.000
202605040224,   1.071,   0.918,9999.000,9999.000,9999.000,9999.000,9999.000,9999.000,9999.000
202605040230,   1.058,   0.918,9999.000,9999.000,9999.000,9999.000,9999.000,9999.000,9999.000
202605040236,   1.044,   0.898,9999.000,9999.000,9999.000,9999.000,9999.000,9999.000,9999.000
202605040242,   1.029,   0.898,9999.000,9999.000,9999.000,9999.000,9999.000,9999.000,9999.000
202605040248,   1.014,   0.888,9999.000,9999.000,9999.000,9999.000,9999.000,9999.000,9999.000
202605040254,   0.997,   0.879,9999.000,9999.000,9999.000,9999.000,9999.000,9999.000,9999.000
202605040300,   0.980,   0.869,   0.000,  -0.111,   0.869,  -0.100,   0.769,   0.000,   0.869
202605040306,   0.963,   0.859,9999.000,9999.000,9999.000,9999.000,9999.000,9999.000,9999.000
202605040312,   0.945,   0.849,9999.000,9999.000,9999.000,9999.000,9999.000,9999.000,9999.000
202605040318,   0.926,   0.839,9999.000,9999.000,9999.000,9999.000,9999.000,9999.000,9999.000
202605040324,   0.907,   0.819,9999.000,9999.000,9999.000,9999.000,9999.000,9999.000,9999.000
202605040330,   0.888,   0.810,9999.000,9999.000,9999.000,9999.000,9999.000,9999.000,9999.000
202605040336,   0.868,   0.810,9999.000,9999.000,9999.000,9999.000,9999.000,9999.000,9999.000
202605040342,   0.848,   0.780,9999.000,9999.000,9999.000,9999.000,9999.000,9999.000,9999.000
202605040348,   0.828,   0.770,9999.000,9999.000,9999.000,9999.000,9999.000,9999.000,9999.000
202605040354,   0.807,   0.770,9999.000,9999.000,9999.000,9999.000,9999.000,9999.000,9999.000
202605040400,   0.787,   0.751,   0.000,  -0.036,   0.751,   0.000,   0.751,   0.000,   0.751
202605040406,   0.767,   0.741,9999.000,9999.000,9999.000,9999.000,9999.000,9999.000,9999.000
202605040412,   0.746,   0.751,9999.000,9999.000,9999.000,9999.000,9999.000,9999.000,9999.000
202605040418,   0.726,   0.718,9999.000,9999.000,9999.000,9999.000,9999.000,9999.000,9999.000
202605040424,   0.706,   0.708,9999.000,9999.000,9999.000,9999.000,9999.000,9999.000,9999.000
202605040430,   0.686,   0.718,9999.000,9999.000,9999.000,9999.000,9999.000,9999.000,9999.000
202605040436,   0.667,   0.688,9999.000,9999.000,9999.000,9999.000,9999.000,9999.000,9999.000
202605040442,   0.648,   0.678,9999.000,9999.000,9999.000,9999.000,9999.000,9999.000,9999.000
202605040448,   0.629,   0.669,9999.000,9999.000,9999.000,9999.000,9999.000,9999.000,9999.000
202605040454,   0.610,   0.649,9999.000,9999.000,9999.000,9999.000,9999.000,9999.000,9999.000
202605040500,   0.592,   0.649,   0.000,   0.057,   0.649,   0.000,   0.649,   0.000,   0.649
202605040506,   0.575,   0.659,9999.000,9999.000,9999.000,9999.000,9999.000,9999.000,9999.000
202605040512,   0.558,   0.649,9999.000,9999.000,9999.000,9999.000,9999.000,9999.000,9999.000
202605040518,   0.542,   0.639,9999.000,9999.000,9999.000,9999.000,9999.000,9999.000,9999.000
202605040524,   0.526,   0.639,9999.000,9999.000,9999.000,9999.000,9999.000,9999.000,9999.000
202605040530,   0.512,   0.649,9999.000,9999.000,9999.000,9999.000,9999.000,9999.000,9999.000
202605040536,   0.498,   0.649,9999.000,9999.000,9999.000,9999.000,9999.000,9999.000,9999.000
202605040542,   0.484,   0.639,9999.000,9999.000,9999.000,9999.000,9999.000,9999.000,9999.000
202605040548,   0.472,   0.639,9999.000,9999.000,9999.000,9999.000,9999.000,9999.000,9999.000
202605040554,   0.461,   0.659,9999.000,9999.000,9999.000,9999.000,9999.000,9999.000,9999.000
202605040600,   0.450,   0.659,   0.000,   0.209,   0.659,   0.000,   0.659,   0.000,   0.659
202605040606,   0.441,   0.659,9999.000,9999.000,9999.000,9999.000,9999.000,9999.000,9999.000
202605040612,   0.432,   0.659,9999.000,9999.000,9999.000,9999.000,9999.000,9999.000,9999.000
202605040618,   0.425,   0.688,9999.000,9999.000,9999.000,9999.000,9999.000,9999.000,9999.000
202605040624,   0.419,   0.688,9999.000,9999.000,9999.000,9999.000,9999.000,9999.000,9999.000
202605040630,   0.414,   0.678,9999.000,9999.000,9999.000,9999.000,9999.000,9999.000,9999.000
202605040636,   0.410,   0.708,9999.000,9999.000,9999.000,9999.000,9999.000,9999.000,9999.000
202605040642,   0.407,   0.731,9999.000,9999.000,9999.000,9999.000,9999.000,9999.000,9999.000
202605040648,   0.406,   0.741,9999.000,9999.000,9999.000,9999.000,9999.000,9999.000,9999.000
202605040654,   0.406,   0.770,9999.000,9999.000,9999.000,9999.000,9999.000,9999.000,9999.000
202605040700,   0.408,   0.780,   0.000,   0.372,   0.780,   0.000,   0.780,   0.000,   0.780
202605040706,   0.410,   0.800,9999.000,9999.000,9999.000,9999.000,9999.000,9999.000,9999.000
202605040712,   0.415,   0.839,9999.000,9999.000,9999.000,9999.000,9999.000,9999.000,9999.000
202605040718,   0.420,   0.849,9999.000,9999.000,9999.000,9999.000,9999.000,9999.000,9999.000
202605040724,   0.427,   0.879,9999.000,9999.000,9999.000,9999.000,9999.000,9999.000,9999.000
202605040730,   0.436,   0.908,9999.000,9999.000,9999.000,9999.000,9999.000,9999.000,9999.000
202605040736,   0.446,   0.941,9999.000,9999.000,9999.000,9999.000,9999.000,9999.000,9999.000
202605040742,   0.457,   0.970,9999.000,9999.000,9999.000,9999.000,9999.000,9999.000,9999.000
202605040748,   0.470,   1.000,9999.000,9999.000,9999.000,9999.000,9999.000,9999.000,9999.000
202605040754,   0.484,   1.029,9999.000,9999.000,9999.000,9999.000,9999.000,9999.000,9999.000
202605040800,   0.499,   1.069,   0.000,   0.570,   1.069,   0.000,   1.069,   0.100,   1.169
202605040806,   0.516,   1.088,9999.000,9999.000,9999.000,9999.000,9999.000,9999.000,9999.000
202605040812,   0.534,   1.128,9999.000,9999.000,9999.000,9999.000,9999.000,9999.000,9999.000
202605040818,   0.554,   1.180,9999.000,9999.000,9999.000,9999.000,9999.000,9999.000,9999.000
202605040824,   0.575,   1.210,9999.000,9999.000,9999.000,9999.000,9999.000,9999.000,9999.000
202605040830,   0.597,   1.259,9999.000,9999.000,9999.000,9999.000,9999.000,9999.000,9999.000
202605040836,   0.620,   1.318,9999.000,9999.000,9999.000,9999.000,9999.000,9999.000,9999.000
202605040842,   0.644,   1.338,9999.000,9999.000,9999.000,9999.000,9999.000,9999.000,9999.000
202605040848,   0.670,   1.390,9999.000,9999.000,9999.000,9999.000,9999.000,9999.000,9999.000
202605040854,   0.696,   1.430,9999.000,9999.000,9999.000,9999.000,9999.000,9999.000,9999.000
202605040900,   0.723,   1.479,   0.100,   0.656,   1.479,   0.000,   1.379,   0.100,   1.479
202605040906,   0.751,   1.518,9999.000,9999.000,9999.000,9999.000,9999.000,9999.000,9999.000
202605040912,   0.780,   1.557,9999.000,9999.000,9999.000,9999.000,9999.000,9999.000,9999.000
202605040918,   0.810,   1.620,9999.000,9999.000,9999.000,9999.000,9999.000,9999.000,9999.000
202605040924,   0.840,   1.659,9999.000,9999.000,9999.000,9999.000,9999.000,9999.000,9999.000
202605040930,   0.871,   1.699,9999.000,9999.000,9999.000,9999.000,9999.000,9999.000,9999.000
202605040936,   0.902,   1.748,9999.000,9999.000,9999.000,9999.000,9999.000,9999.000,9999.000
202605040942,   0.934,   1.800,9999.000,9999.000,9999.000,9999.000,9999.000,9999.000,9999.000
202605040948,   0.966,   1.840,9999.000,9999.000,9999.000,9999.000,9999.000,9999.000,9999.000
202605040954,   0.998,   1.889,9999.000,9999.000,9999.000,9999.000,9999.000,9999.000,9999.000
202605041000,   1.031,   1.928,   0.100,   0.797,   1.928,   0.000,   1.828,   0.200,   2.028
202605041006,   1.063,   1.981,9999.000,9999.000,9999.000,9999.000,9999.000,9999.000,9999.000
202605041012,   1.096,   2.010,9999.000,9999.000,9999.000,9999.000,9999.000,9999.000,9999.000
202605041018,   1.128,   2.040,9999.000,9999.000,9999.000,9999.000,9999.000,9999.000,9999.000
202605041024,   1.161,   2.079,9999.000,9999.000,9999.000,9999.000,9999.000,9999.000,9999.000
202605041030,   1.193,   2.109,9999.000,9999.000,9999.000,9999.000,9999.000,9999.000,9999.000
202605041036,   1.225,   2.138,9999.000,9999.000,9999.000,9999.000,9999.000,9999.000,9999.000
202605041042,   1.256,   2.177,9999.000,9999.000,9999.000,9999.000,9999.000,9999.000,9999.000
202605041048,   1.287,   2.240,9999.000,9999.000,9999.000,9999.000,9999.000,9999.000,9999.000
202605041054,   1.317,   2.279,9999.000,9999.000,9999.000,9999.000,9999.000,9999.000,9999.000
202605041100,   1.347,   2.309,   0.100,   0.862,   2.309,   0.000,   2.209,   0.200,   2.409
202605041106,   1.377,   2.328,9999.000,9999.000,9999.000,9999.000,9999.000,9999.000,9999.000
202605041112,   1.405,   2.377,9999.000,9999.000,9999.000,9999.000,9999.000,9999.000,9999.000
202605041118,   1.433,   2.400,9999.000,9999.000,9999.000,9999.000,9999.000,9999.000,9999.000
202605041124,   1.460,   2.430,9999.000,9999.000,9999.000,9999.000,9999.000,9999.000,9999.000
202605041130,   1.486,   2.469,9999.000,9999.000,9999.000,9999.000,9999.000,9999.000,9999.000
202605041136,   1.512,   2.489,9999.000,9999.000,9999.000,9999.000,9999.000,9999.000,9999.000
202605041142,   1.536,   2.509,9999.000,9999.000,9999.000,9999.000,9999.000,9999.000,9999.000
202605041148,   1.559,   2.499,9999.000,9999.000,9999.000,9999.000,9999.000,9999.000,9999.000
202605041154,   1.582,   2.538,9999.000,9999.000,9999.000,9999.000,9999.000,9999.000,9999.000
202605041200,   1.603,   2.578,   0.300,   0.675,   2.578,   0.200,   2.478,   0.300,   2.578
202605041206,   1.623,   2.620,9999.000,9999.000,9999.000,9999.000,9999.000,9999.000,9999.000
202605041212,   1.642,   2.630,9999.000,9999.000,9999.000,9999.000,9999.000,9999.000,9999.000
202605041218,   1.659,   2.669,9999.000,9999.000,9999.000,9999.000,9999.000,9999.000,9999.000
202605041224,   1.675,   2.699,9999.000,9999.000,9999.000,9999.000,9999.000,9999.000,9999.000
202605041230,   1.691,   2.709,9999.000,9999.000,9999.000,9999.000,9999.000,9999.000,9999.000
202605041236,   1.704,   2.699,9999.000,9999.000,9999.000,9999.000,9999.000,9999.000,9999.000
202605041242,   1.717,   2.728,9999.000,9999.000,9999.000,9999.000,9999.000,9999.000,9999.000
202605041248,   1.728,   2.768,9999.000,9999.000,9999.000,9999.000,9999.000,9999.000,9999.000
202605041254,   1.737,   2.748,9999.000,9999.000,9999.000,9999.000,9999.000,9999.000,9999.000
202605041300,   1.745,   2.768,   0.300,   0.723,   2.768,   0.200,   2.668,   0.400,   2.868
202605041306,   1.752,   2.778,9999.000,9999.000,9999.000,9999.000,9999.000,9999.000,9999.000
202605041312,   1.757,   2.787,9999.000,9999.000,9999.000,9999.000,9999.000,9999.000,9999.000
202605041318,   1.761,   2.807,9999.000,9999.000,9999.000,9999.000,9999.000,9999.000,9999.000
202605041324,   1.763,   2.787,9999.000,9999.000,9999.000,9999.000,9999.000,9999.000,9999.000
202605041330,   1.764,   2.807,9999.000,9999.000,9999.000,9999.000,9999.000,9999.000,9999.000
202605041336,   1.764,   2.797,9999.000,9999.000,9999.000,9999.000,9999.000,9999.000,9999.000
202605041342,   1.761,   2.797,9999.000,9999.000,9999.000,9999.000,9999.000,9999.000,9999.000
202605041348,   1.758,   2.797,9999.000,9999.000,9999.000,9999.000,9999.000,9999.000,9999.000
202605041354,   1.753,   2.787,9999.000,9999.000,9999.000,9999.000,9999.000,9999.000,9999.000
202605041400,   1.746,   2.787,   0.300,   0.741,   2.787,   0.200,   2.687,   0.400,   2.887
202605041406,   1.739,   2.778,9999.000,9999.000,9999.000,9999.000,9999.000,9999.000,9999.000
202605041412,   1.729,   2.768,9999.000,9999.000,9999.000,9999.000,9999.000,9999.000,9999.000
202605041418,   1.719,   2.778,9999.000,9999.000,9999.000,9999.000,9999.000,9999.000,9999.000
202605041424,   1.707,   2.728,9999.000,9999.000,9999.000,9999.000,9999.000,9999.000,9999.000
202605041430,   1.694,   2.728,9999.000,9999.000,9999.000,9999.000,9999.000,9999.000,9999.000
202605041436,   1.679,   2.728,9999.000,9999.000,9999.000,9999.000,9999.000,9999.000,9999.000
202605041442,   1.664,   2.699,9999.000,9999.000,9999.000,9999.000,9999.000,9999.000,9999.000
202605041448,   1.647,   2.679,9999.000,9999.000,9999.000,9999.000,9999.000,9999.000,9999.000
202605041454,   1.629,   2.660,9999.000,9999.000,9999.000,9999.000,9999.000,9999.000,9999.000
202605041500,   1.610,   2.640,   0.300,   0.730,   2.640,   0.200,   2.540,   0.400,   2.740
202605041506,   1.590,   2.610,9999.000,9999.000,9999.000,9999.000,9999.000,9999.000,9999.000
202605041512,   1.569,   2.597,9999.000,9999.000,9999.000,9999.000,9999.000,9999.000,9999.000
202605041518,   1.547,   2.578,9999.000,9999.000,9999.000,9999.000,9999.000,9999.000,9999.000
202605041524,   1.524,   2.558,9999.000,9999.000,9999.000,9999.000,9999.000,9999.000,9999.000
202605041530,   1.501,   2.538,9999.000,9999.000,9999.000,9999.000,9999.000,9999.000,9999.000
202605041536,   1.476,   2.509,9999.000,9999.000,9999.000,9999.000,9999.000,9999.000,9999.000
202605041542,   1.451,   2.499,9999.000,9999.000,9999.000,9999.000,9999.000,9999.000,9999.000
202605041548,   1.425,   2.469,9999.000,9999.000,9999.000,9999.000,9999.000,9999.000,9999.000
202605041554,   1.399,   2.440,9999.000,9999.000,9999.000,9999.000,9999.000,9999.000,9999.000
202605041600,   1.372,   2.400,   0.300,   0.728,   2.400,   0.200,   2.300,   0.400,   2.500
202605041606,   1.345,   2.368,9999.000,9999.000,9999.000,9999.000,9999.000,9999.000,9999.000
202605041612,   1.317,   2.348,9999.000,9999.000,9999.000,9999.000,9999.000,9999.000,9999.000
202605041618,   1.289,   2.318,9999.000,9999.000,9999.000,9999.000,9999.000,9999.000,9999.000
202605041624,   1.260,   2.269,9999.000,9999.000,9999.000,9999.000,9999.000,9999.000,9999.000
202605041630,   1.232,   2.240,9999.000,9999.000,9999.000,9999.000,9999.000,9999.000,9999.000
202605041636,   1.203,   2.220,9999.000,9999.000,9999.000,9999.000,9999.000,9999.000,9999.000
202605041642,   1.173,   2.191,9999.000,9999.000,9999.000,9999.000,9999.000,9999.000,9999.000
202605041648,   1.144,   2.148,9999.000,9999.000,9999.000,9999.000,9999.000,9999.000,9999.000
202605041654,   1.114,   2.128,9999.000,9999.000,9999.000,9999.000,9999.000,9999.000,9999.000
202605041700,   1.085,   2.099,   0.300,   0.714,   2.099,   0.200,   1.999,   0.400,   2.199
202605041706,   1.055,   2.049,9999.000,9999.000,9999.000,9999.000,9999.000,9999.000,9999.000
202605041712,   1.026,   2.010,9999.000,9999.000,9999.000,9999.000,9999.000,9999.000,9999.000
202605041718,   0.996,   1.981,9999.000,9999.000,9999.000,9999.000,9999.000,9999.000,9999.000
202605041724,   0.967,   1.948,9999.000,9999.000,9999.000,9999.000,9999.000,9999.000,9999.000
202605041730,   0.938,   1.918,9999.000,9999.000,9999.000,9999.000,9999.000,9999.000,9999.000
202605041736,   0.909,   1.879,9999.000,9999.000,9999.000,9999.000,9999.000,9999.000,9999.000
202605041742,   0.880,   1.849,9999.000,9999.000,9999.000,9999.000,9999.000,9999.000,9999.000
202605041748,   0.852,   1.810,9999.000,9999.000,9999.000,9999.000,9999.000,9999.000,9999.000
202605041754,   0.824,   1.781,9999.000,9999.000,9999.000,9999.000,9999.000,9999.000,9999.000
202605041800,   0.797,   1.748,   0.600,   0.351,   1.748,   0.500,   1.648,   0.600,   1.748
202605041806,   0.769,   1.699,9999.000,9999.000,9999.000,9999.000,9999.000,9999.000,9999.000
202605041812,   0.743,   1.659,9999.000,9999.000,9999.000,9999.000,9999.000,9999.000,9999.000
202605041818,   0.717,   1.630,9999.000,9999.000,9999.000,9999.000,9999.000,9999.000,9999.000
202605041824,   0.691,   1.600,9999.000,9999.000,9999.000,9999.000,9999.000,9999.000,9999.000
202605041830,   0.667,   1.557,9999.000,9999.000,9999.000,9999.000,9999.000,9999.000,9999.000
202605041836,   0.643,   1.528,9999.000,9999.000,9999.000,9999.000,9999.000,9999.000,9999.000
202605041842,   0.619,   1.498,9999.000,9999.000,9999.000,9999.000,9999.000,9999.000,9999.000
202605041848,   0.597,   1.469,9999.000,9999.000,9999.000,9999.000,9999.000,9999.000,9999.000
202605041854,   0.576,   1.430,9999.000,9999.000,9999.000,9999.000,9999.000,9999.000,9999.000
202605041900,   0.555,   1.400,   0.600,   0.245,   1.400,   0.500,   1.300,   0.600,   1.400
202605041906,   0.535,   1.380,9999.000,9999.000,9999.000,9999.000,9999.000,9999.000,9999.000
202605041912,   0.517,   1.348,9999.000,9999.000,9999.000,9999.000,9999.000,9999.000,9999.000
202605041918,   0.499,   1.308,9999.000,9999.000,9999.000,9999.000,9999.000,9999.000,9999.000
202605041924,   0.483,   1.298,9999.000,9999.000,9999.000,9999.000,9999.000,9999.000,9999.000
202605041930,   0.468,   1.259,9999.000,9999.000,9999.000,9999.000,9999.000,9999.000,9999.000
202605041936,   0.454,   1.249,9999.000,9999.000,9999.000,9999.000,9999.000,9999.000,9999.000
202605041942,   0.441,   1.220,9999.000,9999.000,9999.000,9999.000,9999.000,9999.000,9999.000
202605041948,   0.430,   1.190,9999.000,9999.000,9999.000,9999.000,9999.000,9999.000,9999.000
202605041954,   0.420,   1.170,9999.000,9999.000,9999.000,9999.000,9999.000,9999.000,9999.000
202605042000,   0.411,   1.151,   0.600,   0.140,   1.151,   0.500,   1.051,   0.600,   1.151
202605042006,   0.404,   1.138,9999.000,9999.000,9999.000,9999.000,9999.000,9999.000,9999.000
202605042012,   0.398,   1.128,9999.000,9999.000,9999.000,9999.000,9999.000,9999.000,9999.000
202605042018,   0.393,   1.108,9999.000,9999.000,9999.000,9999.000,9999.000,9999.000,9999.000
202605042024,   0.390,   1.098,9999.000,9999.000,9999.000,9999.000,9999.000,9999.000,9999.000
202605042030,   0.389,   1.098,9999.000,9999.000,9999.000,9999.000,9999.000,9999.000,9999.000
202605042036,   0.388,   1.098,9999.000,9999.000,9999.000,9999.000,9999.000,9999.000,9999.000
202605042042,   0.389,   1.088,9999.000,9999.000,9999.000,9999.000,9999.000,9999.000,9999.000
202605042048,   0.392,   1.079,9999.000,9999.000,9999.000,9999.000,9999.000,9999.000,9999.000
202605042054,   0.395,   1.088,9999.000,9999.000,9999.000,9999.000,9999.000,9999.000,9999.000
202605042100,   0.400,   1.088,   0.600,   0.088,   1.088,   0.500,   0.988,   0.600,   1.088
202605042106,   0.407,   1.079,9999.000,9999.000,9999.000,9999.000,9999.000,9999.000,9999.000
202605042112,   0.414,   1.098,9999.000,9999.000,9999.000,9999.000,9999.000,9999.000,9999.000
202605042118,   0.423,   1.108,9999.000,9999.000,9999.000,9999.000,9999.000,9999.000,9999.000
202605042124,   0.433,   1.098,9999.000,9999.000,9999.000,9999.000,9999.000,9999.000,9999.000
202605042130,   0.444,   1.118,9999.000,9999.000,9999.000,9999.000,9999.000,9999.000,9999.000
202605042136,   0.456,   1.108,9999.000,9999.000,9999.000,9999.000,9999.000,9999.000,9999.000
202605042142,   0.470,   1.128,9999.000,9999.000,9999.000,9999.000,9999.000,9999.000,9999.000
202605042148,   0.484,   1.161,9999.000,9999.000,9999.000,9999.000,9999.000,9999.000,9999.000
202605042154,   0.499,   1.170,9999.000,9999.000,9999.000,9999.000,9999.000,9999.000,9999.000
202605042200,   0.515,   1.170,   0.500,   0.155,   1.170,   0.500,   1.170,   0.600,   1.270
202605042206,   0.532,   1.190,9999.000,9999.000,9999.000,9999.000,9999.000,9999.000,9999.000
202605042212,   0.549,   1.210,9999.000,9999.000,9999.000,9999.000,9999.000,9999.000,9999.000
202605042218,   0.567,   1.220,9999.000,9999.000,9999.000,9999.000,9999.000,9999.000,9999.000
202605042224,   0.586,   1.239,9999.000,9999.000,9999.000,9999.000,9999.000,9999.000,9999.000
202605042230,   0.605,   1.269,9999.000,9999.000,9999.000,9999.000,9999.000,9999.000,9999.000
202605042236,   0.625,   1.298,9999.000,9999.000,9999.000,9999.000,9999.000,9999.000,9999.000
202605042242,   0.645,   1.308,9999.000,9999.000,9999.000,9999.000,9999.000,9999.000,9999.000
202605042248,   0.665,   1.328,9999.000,9999.000,9999.000,9999.000,9999.000,9999.000,9999.000
202605042254,   0.685,   1.361,9999.000,9999.000,9999.000,9999.000,9999.000,9999.000,9999.000
202605042300,   0.706,   1.380,   0.600,   0.074,   1.380,   0.500,   1.280,   0.600,   1.380
202605042306,   0.727,   1.390,9999.000,9999.000,9999.000,9999.000,9999.000,9999.000,9999.000
202605042312,   0.748,   1.420,9999.000,9999.000,9999.000,9999.000,9999.000,9999.000,9999.000
202605042318,   0.769,   1.439,9999.000,9999.000,9999.000,9999.000,9999.000,9999.000,9999.000
202605042324,   0.790,   1.439,9999.000,9999.000,9999.000,9999.000,9999.000,9999.000,9999.000
202605042330,   0.810,   1.469,9999.000,9999.000,9999.000,9999.000,9999.000,9999.000,9999.000
202605042336,   0.831,   1.498,9999.000,9999.000,9999.000,9999.000,9999.000,9999.000,9999.000
202605042342,   0.851,   1.508,9999.000,9999.000,9999.000,9999.000,9999.000,9999.000,9999.000
202605042348,   0.871,   1.518,9999.000,9999.000,9999.000,9999.000,9999.000,9999.000,9999.000
202605042354,   0.890,   1.538,9999.000,9999.000,9999.000,9999.000,9999.000,9999.000,9999.000
202605050000,   0.909,   1.548,   0.800,  -0.161,   1.548,   0.700,   1.448,   0.800,   1.548
202605050006,   0.928,   1.571,9999.000,9999.000,9999.000,9999.000,9999.000,9999.000,9999.000
202605050012,   0.946,   1.590,9999.000,9999.000,9999.000,9999.000,9999.000,9999.000,9999.000
202605050018,   0.963,   1.600,9999.000,9999.000,9999.000,9999.000,9999.000,9999.000,9999.000
202605050024,   0.980,   1.630,9999.000,9999.000,9999.000,9999.000,9999.000,9999.000,9999.000
202605050030,   0.996,   1.649,9999.000,9999.000,9999.000,9999.000,9999.000,9999.000,9999.000
202605050036,   1.011,   1.669,9999.000,9999.000,9999.000,9999.000,9999.000,9999.000,9999.000
202605050042,   1.025,   1.679,9999.000,9999.000,9999.000,9999.000,9999.000,9999.000,9999.000
202605050048,   1.039,   1.699,9999.000,9999.000,9999.000,9999.000,9999.000,9999.000,9999.000
202605050054,   1.052,   1.679,9999.000,9999.000,9999.000,9999.000,9999.000,9999.000,9999.000
202605050100,   1.063,   1.708,   0.800,  -0.155,   1.708,   0.700,   1.608,   0.800,   1.708
202605050106,   1.074,   1.728,9999.000,9999.000,9999.000,9999.000,9999.000,9999.000,9999.000
202605050112,   1.084,   1.718,9999.000,9999.000,9999.000,9999.000,9999.000,9999.000,9999.000
202605050118,   1.093,   1.718,9999.000,9999.000,9999.000,9999.000,9999.000,9999.000,9999.000
202605050124,   1.100,   1.728,9999.000,9999.000,9999.000,9999.000,9999.000,9999.000,9999.000
202605050130,   1.107,   1.738,9999.000,9999.000,9999.000,9999.000,9999.000,9999.000,9999.000
202605050136,   1.112,   1.738,9999.000,9999.000,9999.000,9999.000,9999.000,9999.000,9999.000
202605050142,   1.116,   1.728,9999.000,9999.000,9999.000,9999.000,9999.000,9999.000,9999.000
202605050148,   1.120,   1.708,9999.000,9999.000,9999.000,9999.000,9999.000,9999.000,9999.000
202605050154,   1.122,   1.708,9999.000,9999.000,9999.000,9999.000,9999.000,9999.000,9999.000
202605050200,   1.122,   1.718,   0.800,  -0.204,   1.718,   0.700,   1.618,   0.800,   1.718
202605050206,   1.122,   1.718,9999.000,9999.000,9999.000,9999.000,9999.000,9999.000,9999.000
202605050212,   1.120,   1.708,9999.000,9999.000,9999.000,9999.000,9999.000,9999.000,9999.000
202605050218,   1.118,   1.708,9999.000,9999.000,9999.000,9999.000,9999.000,9999.000,9999.000
202605050224,   1.114,   1.708,9999.000,9999.000,9999.000,9999.000,9999.000,9999.000,9999.000
202605050230,   1.109,   1.708,9999.000,9999.000,9999.000,9999.000,9999.000,9999.000,9999.000
202605050236,   1.102,   1.699,9999.000,9999.000,9999.000,9999.000,9999.000,9999.000,9999.000
202605050242,   1.095,   1.679,9999.000,9999.000,9999.000,9999.000,9999.000,9999.000,9999.000
202605050248,   1.087,   1.669,9999.000,9999.000,9999.000,9999.000,9999.000,9999.000,9999.000
202605050254,   1.077,   1.649,9999.000,9999.000,9999.000,9999.000,9999.000,9999.000,9999.000
202605050300,   1.067,   1.639,   0.800,  -0.228,   1.639,   0.700,   1.539,   0.800,   1.639
202605050306,   1.056,   1.639,9999.000,9999.000,9999.000,9999.000,9999.000,9999.000,9999.000
202605050312,   1.043,   1.630,9999.000,9999.000,9999.000,9999.000,9999.000,9999.000,9999.000
202605050318,   1.030,   1.620,9999.000,9999.000,9999.000,9999.000,9999.000,9999.000,9999.000
202605050324,   1.016,   1.600,9999.000,9999.000,9999.000,9999.000,9999.000,9999.000,9999.000
202605050330,   1.002,   1.557,9999.000,9999.000,9999.000,9999.000,9999.000,9999.000,9999.000
202605050336,   0.986,   1.538,9999.000,9999.000,9999.000,9999.000,9999.000,9999.000,9999.000
202605050342,   0.970,   1.538,9999.000,9999.000,9999.000,9999.000,9999.000,9999.000,9999.000
202605050348,   0.953,   1.518,9999.000,9999.000,9999.000,9999.000,9999.000,9999.000,9999.000
202605050354,   0.936,   1.498,9999.000,9999.000,9999.000,9999.000,9999.000,9999.000,9999.000
202605050400,   0.919,   1.489,   0.800,  -0.230,   1.489,   0.700,   1.389,   0.800,   1.489
202605050406,   0.901,   1.469,9999.000,9999.000,9999.000,9999.000,9999.000,9999.000,9999.000
202605050412,   0.882,   1.439,9999.000,9999.000,9999.000,9999.000,9999.000,9999.000,9999.000
202605050418,   0.863,   1.410,9999.000,9999.000,9999.000,9999.000,9999.000,9999.000,9999.000
202605050424,   0.845,   1.400,9999.000,9999.000,9999.000,9999.000,9999.000,9999.000,9999.000
202605050430,   0.825,   1.371,9999.000,9999.000,9999.000,9999.000,9999.000,9999.000,9999.000
202605050436,   0.806,   1.348,9999.000,9999.000,9999.000,9999.000,9999.000,9999.000,9999.000
202605050442,   0.787,   1.328,9999.000,9999.000,9999.000,9999.000,9999.000,9999.000,9999.000
202605050448,   0.768,   1.318,9999.000,9999.000,9999.000,9999.000,9999.000,9999.000,9999.000
202605050454,   0.749,   1.289,9999.000,9999.000,9999.000,9999.000,9999.000,9999.000,9999.000
202605050500,   0.730,   1.249,   0.800,  -0.281,   1.249,   0.700,   1.149,   0.800,   1.249
202605050506,   0.711,   1.239,9999.000,9999.000,9999.000,9999.000,9999.000,9999.000,9999.000
202605050512,   0.692,   1.220,9999.000,9999.000,9999.000,9999.000,9999.000,9999.000,9999.000
202605050518,   0.674,   1.190,9999.000,9999.000,9999.000,9999.000,9999.000,9999.000,9999.000
202605050524,   0.656,   1.170,9999.000,9999.000,9999.000,9999.000,9999.000,9999.000,9999.000
202605050530,   0.638,   1.161,9999.000,9999.000,9999.000,9999.000,9999.000,9999.000,9999.000
202605050536,   0.621,   1.138,9999.000,9999.000,9999.000,9999.000,9999.000,9999.000,9999.000
202605050542,   0.605,   1.098,9999.000,9999.000,9999.000,9999.000,9999.000,9999.000,9999.000
202605050548,   0.588,   1.059,9999.000,9999.000,9999.000,9999.000,9999.000,9999.000,9999.000
202605050554,   0.573,   1.059,9999.000,9999.000,9999.000,9999.000,9999.000,9999.000,9999.000
202605050600,   0.558,   1.029,   0.800,  -0.329,   1.029,   0.700,   0.929,   0.900,   1.129
202605050606,   0.544,   1.000,9999.000,9999.000,9999.000,9999.000,9999.000,9999.000,9999.000
202605050612,   0.530,   0.990,9999.000,9999.000,9999.000,9999.000,9999.000,9999.000,9999.000
202605050618,   0.518,   0.980,9999.000,9999.000,9999.000,9999.000,9999.000,9999.000,9999.000
202605050624,   0.506,   0.961,9999.000,9999.000,9999.000,9999.000,9999.000,9999.000,9999.000
202605050630,   0.495,   0.951,9999.000,9999.000,9999.000,9999.000,9999.000,9999.000,9999.000
202605050636,   0.484,   0.961,9999.000,9999.000,9999.000,9999.000,9999.000,9999.000,9999.000
202605050642,   0.475,   0.941,9999.000,9999.000,9999.000,9999.000,9999.000,9999.000,9999.000
202605050648,   0.467,   0.928,9999.000,9999.000,9999.000,9999.000,9999.000,9999.000,9999.000
202605050654,   0.460,   0.941,9999.000,9999.000,9999.000,9999.000,9999.000,9999.000,9999.000
202605050700,   0.453,   0.918,   0.800,  -0.335,   0.918,   0.700,   0.818,   0.900,   1.018
202605050706,   0.448,   0.879,9999.000,9999.000,9999.000,9999.000,9999.000,9999.000,9999.000
202605050712,   0.444,   0.918,9999.000,9999.000,9999.000,9999.000,9999.000,9999.000,9999.000
202605050718,   0.441,   0.951,9999.000,9999.000,9999.000,9999.000,9999.000,9999.000,9999.000
202605050724,   0.440,   0.918,9999.000,9999.000,9999.000,9999.000,9999.000,9999.000,9999.000
202605050730,   0.439,   0.928,9999.000,9999.000,9999.000,9999.000,9999.000,9999.000,9999.000
202605050736,   0.440,   0.918,9999.000,9999.000,9999.000,9999.000,9999.000,9999.000,9999.000
202605050742,   0.442,   0.908,9999.000,9999.000,9999.000,9999.000,9999.000,9999.000,9999.000
202605050748,   0.446,   0.941,9999.000,9999.000,9999.000,9999.000,9999.000,9999.000,9999.000
202605050754,   0.450,   0.951,9999.000,9999.000,9999.000,9999.000,9999.000,9999.000,9999.000
202605050800,   0.457,   0.961,   0.800,  -0.296,   0.961,   0.700,   0.861,   0.900,   1.061
202605050806,   0.464,   0.990,9999.000,9999.000,9999.000,9999.000,9999.000,9999.000,9999.000
202605050812,   0.473,   0.990,9999.000,9999.000,9999.000,9999.000,9999.000,9999.000,9999.000
202605050818,   0.483,   0.980,9999.000,9999.000,9999.000,9999.000,9999.000,9999.000,9999.000
202605050824,   0.494,   1.010,9999.000,9999.000,9999.000,9999.000,9999.000,9999.000,9999.000
202605050830,   0.507,   1.020,9999.000,9999.000,9999.000,9999.000,9999.000,9999.000,9999.000
202605050836,   0.521,   1.020,9999.000,9999.000,9999.000,9999.000,9999.000,9999.000,9999.000
202605050842,   0.537,   1.069,9999.000,9999.000,9999.000,9999.000,9999.000,9999.000,9999.000
202605050848,   0.554,   1.088,9999.000,9999.000,9999.000,9999.000,9999.000,9999.000,9999.000
202605050854,   0.572,   1.108,9999.000,9999.000,9999.000,9999.000,9999.000,9999.000,9999.000
202605050900,   0.591,   1.138,   0.800,  -0.253,   1.138,   0.700,   1.038,   0.900,   1.238
202605050906,   0.611,   1.170,9999.000,9999.000,9999.000,9999.000,9999.000,9999.000,9999.000
202605050912,   0.633,   1.200,9999.000,9999.000,9999.000,9999.000,9999.000,9999.000,9999.000
202605050918,   0.655,   1.220,9999.000,9999.000,9999.000,9999.000,9999.000,9999.000,9999.000
202605050924,   0.679,   1.249,9999.000,9999.000,9999.000,9999.000,9999.000,9999.000,9999.000
202605050930,   0.704,   1.259,9999.000,9999.000,9999.000,9999.000,9999.000,9999.000,9999.000
202605050936,   0.729,   1.298,9999.000,9999.000,9999.000,9999.000,9999.000,9999.000,9999.000
202605050942,   0.756,   1.308,9999.000,9999.000,9999.000,9999.000,9999.000,9999.000,9999.000
202605050948,   0.783,   1.328,9999.000,9999.000,9999.000,9999.000,9999.000,9999.000,9999.000
202605050954,   0.811,   1.380,9999.000,9999.000,9999.000,9999.000,9999.000,9999.000,9999.000
202605051000,   0.840,   1.390,   0.800,  -0.250,   1.390,   0.700,   1.290,   0.800,   1.390
202605051006,   0.868,   1.430,9999.000,9999.000,9999.000,9999.000,9999.000,9999.000,9999.000
202605051012,   0.898,   1.469,9999.000,9999.000,9999.000,9999.000,9999.000,9999.000,9999.000
202605051018,   0.928,   1.498,9999.000,9999.000,9999.000,9999.000,9999.000,9999.000,9999.000
202605051024,   0.958,   1.538,9999.000,9999.000,9999.000,9999.000,9999.000,9999.000,9999.000
202605051030,   0.989,   1.580,9999.000,9999.000,9999.000,9999.000,9999.000,9999.000,9999.000
202605051036,   1.020,   1.610,9999.000,9999.000,9999.000,9999.000,9999.000,9999.000,9999.000
202605051042,   1.050,   1.649,9999.000,9999.000,9999.000,9999.000,9999.000,9999.000,9999.000
202605051048,   1.081,   1.669,9999.000,9999.000,9999.000,9999.000,9999.000,9999.000,9999.000
202605051054,   1.112,   1.699,9999.000,9999.000,9999.000,9999.000,9999.000,9999.000,9999.000
202605051100,   1.143,   1.738,   0.700,  -0.105,   1.738,   0.700,   1.738,   0.800,   1.838
202605051106,   1.173,   1.767,9999.000,9999.000,9999.000,9999.000,9999.000,9999.000,9999.000
202605051112,   1.203,   1.800,9999.000,9999.000,9999.000,9999.000,9999.000,9999.000,9999.000
202605051118,   1.233,   1.840,9999.000,9999.000,9999.000,9999.000,9999.000,9999.000,9999.000
202605051124,   1.263,   1.869,9999.000,9999.000,9999.000,9999.000,9999.000,9999.000,9999.000
202605051130,   1.292,   1.899,9999.000,9999.000,9999.000,9999.000,9999.000,9999.000,9999.000
202605051136,   1.320,   1.948,9999.000,9999.000,9999.000,9999.000,9999.000,9999.000,9999.000
202605051142,   1.348,   1.967,9999.000,9999.000,9999.000,9999.000,9999.000,9999.000,9999.000
202605051148,   1.375,   2.000,9999.000,9999.000,9999.000,9999.000,9999.000,9999.000,9999.000
202605051154,   1.402,9999.000,9999.000,9999.000,9999.000,9999.000,9999.000,9999.000,9999.000
202605051200,   1.427,9999.000,   0.700,  -0.097,   2.030,   0.600,   1.930,   0.800,   2.130
202605051206,   1.452,9999.000,9999.000,9999.000,9999.000,9999.000,9999.000,9999.000,9999.000
202605051212,   1.476,9999.000,9999.000,9999.000,9999.000,9999.000,9999.000,9999.000,9999.000
202605051218,   1.500,9999.000,9999.000,9999.000,9999.000,9999.000,9999.000,9999.000,9999.000
202605051224,   1.522,9999.000,9999.000,9999.000,9999.000,9999.000,9999.000,9999.000,9999.000
202605051230,   1.543,9999.000,9999.000,9999.000,9999.000,9999.000,9999.000,9999.000,9999.000
202605051236,   1.563,9999.000,9999.000,9999.000,9999.000,9999.000,9999.000,9999.000,9999.000
202605051242,   1.582,9999.000,9999.000,9999.000,9999.000,9999.000,9999.000,9999.000,9999.000
202605051248,   1.600,9999.000,9999.000,9999.000,9999.000,9999.000,9999.000,9999.000,9999.000
202605051254,   1.617,9999.000,9999.000,9999.000,9999.000,9999.000,9999.000,9999.000,9999.000
202605051300,   1.633,9999.000,   0.700,  -0.090,   2.243,   0.600,   2.143,   0.800,   2.343
202605051306,   1.648,9999.000,9999.000,9999.000,9999.000,9999.000,9999.000,9999.000,9999.000
202605051312,   1.661,9999.000,9999.000,9999.000,9999.000,9999.000,9999.000,9999.000,9999.000
202605051318,   1.673,9999.000,9999.000,9999.000,9999.000,9999.000,9999.000,9999.000,9999.000
202605051324,   1.684,9999.000,9999.000,9999.000,9999.000,9999.000,9999.000,9999.000,9999.000
202605051330,   1.694,9999.000,9999.000,9999.000,9999.000,9999.000,9999.000,9999.000,9999.000
202605051336,   1.702,9999.000,9999.000,9999.000,9999.000,9999.000,9999.000,9999.000,9999.000
202605051342,   1.709,9999.000,9999.000,9999.000,9999.000,9999.000,9999.000,9999.000,9999.000
202605051348,   1.715,9999.000,9999.000,9999.000,9999.000,9999.000,9999.000,9999.000,9999.000
202605051354,   1.719,9999.000,9999.000,9999.000,9999.000,9999.000,9999.000,9999.000,9999.000
202605051400,   1.722,9999.000,   0.700,  -0.082,   2.340,   0.600,   2.240,   0.800,   2.440
202605051406,   1.724,9999.000,9999.000,9999.000,9999.000,9999.000,9999.000,9999.000,9999.000
202605051412,   1.724,9999.000,9999.000,9999.000,9999.000,9999.000,9999.000,9999.000,9999.000
202605051418,   1.723,9999.000,9999.000,9999.000,9999.000,9999.000,9999.000,9999.000,9999.000
202605051424,   1.720,9999.000,9999.000,9999.000,9999.000,9999.000,9999.000,9999.000,9999.000
202605051430,   1.716,9999.000,9999.000,9999.000,9999.000,9999.000,9999.000,9999.000,9999.000
202605051436,   1.711,9999.000,9999.000,9999.000,9999.000,9999.000,9999.000,9999.000,9999.000
202605051442,   1.705,9999.000,9999.000,9999.000,9999.000,9999.000,9999.000,9999.000,9999.000
202605051448,   1.697,9999.000,9999.000,9999.000,9999.000,9999.000,9999.000,9999.000,9999.000
202605051454,   1.688,9999.000,9999.000,9999.000,9999.000,9999.000,9999.000,9999.000,9999.000
202605051500,   1.678,9999.000,   0.700,  -0.074,   2.304,   0.600,   2.204,   0.700,   2.304
202605051506,   1.666,9999.000,9999.000,9999.000,9999.000,9999.000,9999.000,9999.000,9999.000
202605051512,   1.653,9999.000,9999.000,9999.000,9999.000,9999.000,9999.000,9999.000,9999.000
202605051518,   1.639,9999.000,9999.000,9999.000,9999.000,9999.000,9999.000,9999.000,9999.000
202605051524,   1.624,9999.000,9999.000,9999.000,9999.000,9999.000,9999.000,9999.000,9999.000
202605051530,   1.608,9999.000,9999.000,9999.000,9999.000,9999.000,9999.000,9999.000,9999.000
202605051536,   1.591,9999.000,9999.000,9999.000,9999.000,9999.000,9999.000,9999.000,9999.000
202605051542,   1.573,9999.000,9999.000,9999.000,9999.000,9999.000,9999.000,9999.000,9999.000
202605051548,   1.554,9999.000,9999.000,9999.000,9999.000,9999.000,9999.000,9999.000,9999.000
202605051554,   1.534,9999.000,9999.000,9999.000,9999.000,9999.000,9999.000,9999.000,9999.000
202605051600,   1.513,9999.000,   0.600,  -0.067,   2.046,   0.500,   1.946,   0.700,   2.146
202605051606,   1.492,9999.000,9999.000,9999.000,9999.000,9999.000,9999.000,9999.000,9999.000
202605051612,   1.469,9999.000,9999.000,9999.000,9999.000,9999.000,9999.000,9999.000,9999.000
202605051618,   1.446,9999.000,9999.000,9999.000,9999.000,9999.000,9999.000,9999.000,9999.000
202605051624,   1.422,9999.000,9999.000,9999.000,9999.000,9999.000,9999.000,9999.000,9999.000
202605051630,   1.398,9999.000,9999.000,9999.000,9999.000,9999.000,9999.000,9999.000,9999.000
202605051636,   1.373,9999.000,9999.000,9999.000,9999.000,9999.000,9999.000,9999.000,9999.000
202605051642,   1.348,9999.000,9999.000,9999.000,9999.000,9999.000,9999.000,9999.000,9999.000
202605051648,   1.322,9999.000,9999.000,9999.000,9999.000,9999.000,9999.000,9999.000,9999.000
202605051654,   1.295,9999.000,9999.000,9999.000,9999.000,9999.000,9999.000,9999.000,9999.000
202605051700,   1.269,9999.000,   0.600,  -0.059,   1.810,   0.500,   1.710,   0.700,   1.910
202605051706,   1.242,9999.000,9999.000,9999.000,9999.000,9999.000,9999.000,9999.000,9999.000
202605051712,   1.215,9999.000,9999.000,9999.000,9999.000,9999.000,9999.000,9999.000,9999.000
202605051718,   1.188,9999.000,9999.000,9999.000,9999.000,9999.000,9999.000,9999.000,9999.000
202605051724,   1.160,9999.000,9999.000,9999.000,9999.000,9999.000,9999.000,9999.000,9999.000
202605051730,   1.132,9999.000,9999.000,9999.000,9999.000,9999.000,9999.000,9999.000,9999.000
202605051736,   1.105,9999.000,9999.000,9999.000,9999.000,9999.000,9999.000,9999.000,9999.000
202605051742,   1.077,9999.000,9999.000,9999.000,9999.000,9999.000,9999.000,9999.000,9999.000
202605051748,   1.049,9999.000,9999.000,9999.000,9999.000,9999.000,9999.000,9999.000,9999.000
202605051754,   1.022,9999.000,9999.000,9999.000,9999.000,9999.000,9999.000,9999.000,9999.000
202605051800,   0.994,9999.000,   0.600,  -0.052,   1.542,   0.500,   1.442,   0.700,   1.642
202605051806,   0.967,9999.000,9999.000,9999.000,9999.000,9999.000,9999.000,9999.000,9999.000
202605051812,   0.939,9999.000,9999.000,9999.000,9999.000,9999.000,9999.000,9999.000,9999.000
202605051818,   0.912,9999.000,9999.000,9999.000,9999.000,9999.000,9999.000,9999.000,9999.000
202605051824,   0.886,9999.000,9999.000,9999.000,9999.000,9999.000,9999.000,9999.000,9999.000
202605051830,   0.859,9999.000,9999.000,9999.000,9999.000,9999.000,9999.000,9999.000,9999.000
202605051836,   0.833,9999.000,9999.000,9999.000,9999.000,9999.000,9999.000,9999.000,9999.000
202605051842,   0.808,9999.000,9999.000,9999.000,9999.000,9999.000,9999.000,9999.000,9999.000
202605051848,   0.782,9999.000,9999.000,9999.000,9999.000,9999.000,9999.000,9999.000,9999.000
202605051854,   0.758,9999.000,9999.000,9999.000,9999.000,9999.000,9999.000,9999.000,9999.000
202605051900,   0.734,9999.000,   0.600,  -0.044,   1.290,   0.500,   1.190,   0.700,   1.390
202605051906,   0.710,9999.000,9999.000,9999.000,9999.000,9999.000,9999.000,9999.000,9999.000
202605051912,   0.687,9999.000,9999.000,9999.000,9999.000,9999.000,9999.000,9999.000,9999.000
202605051918,   0.665,9999.000,9999.000,9999.000,9999.000,9999.000,9999.000,9999.000,9999.000
202605051924,   0.643,9999.000,9999.000,9999.000,9999.000,9999.000,9999.000,9999.000,9999.000
202605051930,   0.622,9999.000,9999.000,9999.000,9999.000,9999.000,9999.000,9999.000,9999.000
202605051936,   0.602,9999.000,9999.000,9999.000,9999.000,9999.000,9999.000,9999.000,9999.000
202605051942,   0.583,9999.000,9999.000,9999.000,9999.000,9999.000,9999.000,9999.000,9999.000
202605051948,   0.565,9999.000,9999.000,9999.000,9999.000,9999.000,9999.000,9999.000,9999.000
202605051954,   0.548,9999.000,9999.000,9999.000,9999.000,9999.000,9999.000,9999.000,9999.000
202605052000,   0.532,9999.000,   0.600,  -0.036,   1.096,   0.500,   0.996,   0.700,   1.196
202605052006,   0.517,9999.000,9999.000,9999.000,9999.000,9999.000,9999.000,9999.000,9999.000
202605052012,   0.503,9999.000,9999.000,9999.000,9999.000,9999.000,9999.000,9999.000,9999.000
202605052018,   0.490,9999.000,9999.000,9999.000,9999.000,9999.000,9999.000,9999.000,9999.000
202605052024,   0.478,9999.000,9999.000,9999.000,9999.000,9999.000,9999.000,9999.000,9999.000
202605052030,   0.468,9999.000,9999.000,9999.000,9999.000,9999.000,9999.000,9999.000,9999.000
202605052036,   0.458,9999.000,9999.000,9999.000,9999.000,9999.000,9999.000,9999.000,9999.000
202605052042,   0.450,9999.000,9999.000,9999.000,9999.000,9999.000,9999.000,9999.000,9999.000
202605052048,   0.443,9999.000,9999.000,9999.000,9999.000,9999.000,9999.000,9999.000,9999.000
202605052054,   0.438,9999.000,9999.000,9999.000,9999.000,9999.000,9999.000,9999.000,9999.000
202605052100,   0.434,9999.000,   0.600,  -0.029,   1.005,   0.500,   0.905,   0.700,   1.105
202605052106,   0.431,9999.000,9999.000,9999.000,9999.000,9999.000,9999.000,9999.000,9999.000
202605052112,   0.429,9999.000,9999.000,9999.000,9999.000,9999.000,9999.000,9999.000,9999.000
202605052118,   0.429,9999.000,9999.000,9999.000,9999.000,9999.000,9999.000,9999.000,9999.000
202605052124,   0.430,9999.000,9999.000,9999.000,9999.000,9999.000,9999.000,9999.000,9999.000
202605052130,   0.432,9999.000,9999.000,9999.000,9999.000,9999.000,9999.000,9999.000,9999.000
202605052136,   0.436,9999.000,9999.000,9999.000,9999.000,9999.000,9999.000,9999.000,9999.000
202605052142,   0.440,9999.000,9999.000,9999.000,9999.000,9999.000,9999.000,9999.000,9999.000
202605052148,   0.446,9999.000,9999.000,9999.000,9999.000,9999.000,9999.000,9999.000,9999.000
202605052154,   0.453,9999.000,9999.000,9999.000,9999.000,9999.000,9999.000,9999.000,9999.000
202605052200,   0.462,9999.000,   0.600,  -0.021,   1.041,   0.500,   0.941,   0.700,   1.141
202605052206,   0.471,9999.000,9999.000,9999.000,9999.000,9999.000,9999.000,9999.000,9999.000
202605052212,   0.481,9999.000,9999.000,9999.000,9999.000,9999.000,9999.000,9999.000,9999.000
202605052218,   0.493,9999.000,9999.000,9999.000,9999.000,9999.000,9999.000,9999.000,9999.000
202605052224,   0.505,9999.000,9999.000,9999.000,9999.000,9999.000,9999.000,9999.000,9999.000
202605052230,   0.518,9999.000,9999.000,9999.000,9999.000,9999.000,9999.000,9999.000,9999.000
202605052236,   0.532,9999.000,9999.000,9999.000,9999.000,9999.000,9999.000,9999.000,9999.000
202605052242,   0.547,9999.000,9999.000,9999.000,9999.000,9999.000,9999.000,9999.000,9999.000
202605052248,   0.563,9999.000,9999.000,9999.000,9999.000,9999.000,9999.000,9999.000,9999.000
202605052254,   0.579,9999.000,9999.000,9999.000,9999.000,9999.000,9999.000,9999.000,9999.000
202605052300,   0.596,9999.000,   0.600,  -0.013,   1.183,   0.500,   1.083,   0.700,   1.283
202605052306,   0.613,9999.000,9999.000,9999.000,9999.000,9999.000,9999.000,9999.000,9999.000
202605052312,   0.631,9999.000,9999.000,9999.000,9999.000,9999.000,9999.000,9999.000,9999.000
202605052318,   0.649,9999.000,9999.000,9999.000,9999.000,9999.000,9999.000,9999.000,9999.000
202605052324,   0.668,9999.000,9999.000,9999.000,9999.000,9999.000,9999.000,9999.000,9999.000
202605052330,   0.687,9999.000,9999.000,9999.000,9999.000,9999.000,9999.000,9999.000,9999.000
202605052336,   0.706,9999.000,9999.000,9999.000,9999.000,9999.000,9999.000,9999.000,9999.000
202605052342,   0.725,9999.000,9999.000,9999.000,9999.000,9999.000,9999.000,9999.000,9999.000
202605052348,   0.744,9999.000,9999.000,9999.000,9999.000,9999.000,9999.000,9999.000,9999.000
202605052354,   0.763,9999.000,9999.000,9999.000,9999.000,9999.000,9999.000,9999.000,9999.000
202605060000,   0.783,9999.000,   0.600,  -0.013,   1.370,   0.500,   1.270,   0.700,   1.470
202605060006,   0.802,9999.000,9999.000,9999.000,9999.000,9999.000,9999.000,9999.000,9999.000
202605060012,   0.821,9999.000,9999.000,9999.000,9999.000,9999.000,9999.000,9999.000,9999.000
202605060018,   0.840,9999.000,9999.000,9999.000,9999.000,9999.000,9999.000,9999.000,9999.000
202605060024,   0.858,9999.000,9999.000,9999.000,9999.000,9999.000,9999.000,9999.000,9999.000
202605060030,   0.876,9999.000,9999.000,9999.000,9999.000,9999.000,9999.000,9999.000,9999.000
202605060036,   0.894,9999.000,9999.000,9999.000,9999.000,9999.000,9999.000,9999.000,9999.000
202605060042,   0.912,9999.000,9999.000,9999.000,9999.000,9999.000,9999.000,9999.000,9999.000
202605060048,   0.929,9999.000,9999.000,9999.000,9999.000,9999.000,9999.000,9999.000,9999.000
202605060054,   0.945,9999.000,9999.000,9999.000,9999.000,9999.000,9999.000,9999.000,9999.000
202605060100,   0.961,9999.000,   0.600,  -0.013,   1.548,   0.500,   1.448,   0.700,   1.648
202605060106,   0.976,9999.000,9999.000,9999.000,9999.000,9999.000,9999.000,9999.000,9999.000
202605060112,   0.991,9999.000,9999.000,9999.000,9999.000,9999.000,9999.000,9999.000,9999.000
202605060118,   1.005,9999.000,9999.000,9999.000,9999.000,9999.000,9999.000,9999.000,9999.000
202605060124,   1.018,9999.000,9999.000,9999.000,9999.000,9999.000,9999.000,9999.000,9999.000
202605060130,   1.031,9999.000,9999.000,9999.000,9999.000,9999.000,9999.000,9999.000,9999.000
202605060136,   1.042,9999.000,9999.000,9999.000,9999.000,9999.000,9999.000,9999.000,9999.000
202605060142,   1.053,9999.000,9999.000,9999.000,9999.000,9999.000,9999.000,9999.000,9999.000
202605060148,   1.063,9999.000,9999.000,9999.000,9999.000,9999.000,9999.000,9999.000,9999.000
202605060154,   1.072,9999.000,9999.000,9999.000,9999.000,9999.000,9999.000,9999.000,9999.000
202605060200,   1.080,9999.000,   0.600,  -0.013,   1.667,   0.500,   1.567,   0.800,   1.867
202605060206,   1.087,9999.000,9999.000,9999.000,9999.000,9999.000,9999.000,9999.000,9999.000
202605060212,   1.094,9999.000,9999.000,9999.000,9999.000,9999.000,9999.000,9999.000,9999.000
202605060218,   1.099,9999.000,9999.000,9999.000,9999.000,9999.000,9999.000,9999.000,9999.000
202605060224,   1.103,9999.000,9999.000,9999.000,9999.000,9999.000,9999.000,9999.000,9999.000
202605060230,   1.106,9999.000,9999.000,9999.000,9999.000,9999.000,9999.000,9999.000,9999.000
202605060236,   1.108,9999.000,9999.000,9999.000,9999.000,9999.000,9999.000,9999.000,9999.000
202605060242,   1.109,9999.000,9999.000,9999.000,9999.000,9999.000,9999.000,9999.000,9999.000
202605060248,   1.108,9999.000,9999.000,9999.000,9999.000,9999.000,9999.000,9999.000,9999.000
202605060254,   1.107,9999.000,9999.000,9999.000,9999.000,9999.000,9999.000,9999.000,9999.000
202605060300,   1.105,9999.000,   0.600,  -0.013,   1.692,   0.400,   1.492,   0.800,   1.892
202605060306,   1.101,9999.000,9999.000,9999.000,9999.000,9999.000,9999.000,9999.000,9999.000
202605060312,   1.097,9999.000,9999.000,9999.000,9999.000,9999.000,9999.000,9999.000,9999.000
202605060318,   1.091,9999.000,9999.000,9999.000,9999.000,9999.000,9999.000,9999.000,9999.000
202605060324,   1.085,9999.000,9999.000,9999.000,9999.000,9999.000,9999.000,9999.000,9999.000
202605060330,   1.077,9999.000,9999.000,9999.000,9999.000,9999.000,9999.000,9999.000,9999.000
202605060336,   1.068,9999.000,9999.000,9999.000,9999.000,9999.000,9999.000,9999.000,9999.000
202605060342,   1.059,9999.000,9999.000,9999.000,9999.000,9999.000,9999.000,9999.000,9999.000
202605060348,   1.048,9999.000,9999.000,9999.000,9999.000,9999.000,9999.000,9999.000,9999.000
202605060354,   1.037,9999.000,9999.000,9999.000,9999.000,9999.000,9999.000,9999.000,9999.000
202605060400,   1.025,9999.000,   0.600,  -0.013,   1.612,   0.400,   1.412,   0.800,   1.812
202605060406,   1.012,9999.000,9999.000,9999.000,9999.000,9999.000,9999.000,9999.000,9999.000
202605060412,   0.998,9999.000,9999.000,9999.000,9999.000,9999.000,9999.000,9999.000,9999.000
202605060418,   0.984,9999.000,9999.000,9999.000,9999.000,9999.000,9999.000,9999.000,9999.000
202605060424,   0.969,9999.000,9999.000,9999.000,9999.000,9999.000,9999.000,9999.000,9999.000
202605060430,   0.953,9999.000,9999.000,9999.000,9999.000,9999.000,9999.000,9999.000,9999.000
202605060436,   0.937,9999.000,9999.000,9999.000,9999.000,9999.000,9999.000,9999.000,9999.000
202605060442,   0.921,9999.000,9999.000,9999.000,9999.000,9999.000,9999.000,9999.000,9999.000
202605060448,   0.904,9999.000,9999.000,9999.000,9999.000,9999.000,9999.000,9999.000,9999.000
202605060454,   0.886,9999.000,9999.000,9999.000,9999.000,9999.000,9999.000,9999.000,9999.000
202605060500,   0.869,9999.000,   0.700,  -0.013,   1.556,   0.400,   1.256,   0.900,   1.756
202605060506,   0.851,9999.000,9999.000,9999.000,9999.000,9999.000,9999.000,9999.000,9999.000
202605060512,   0.833,9999.000,9999.000,9999.000,9999.000,9999.000,9999.000,9999.000,9999.000
202605060518,   0.815,9999.000,9999.000,9999.000,9999.000,9999.000,9999.000,9999.000,9999.000
202605060524,   0.797,9999.000,9999.000,9999.000,9999.000,9999.000,9999.000,9999.000,9999.000
202605060530,   0.778,9999.000,9999.000,9999.000,9999.000,9999.000,9999.000,9999.000,9999.000
202605060536,   0.760,9999.000,9999.000,9999.000,9999.000,9999.000,9999.000,9999.000,9999.000
202605060542,   0.742,9999.000,9999.000,9999.000,9999.000,9999.000,9999.000,9999.000,9999.000
202605060548,   0.724,9999.000,9999.000,9999.000,9999.000,9999.000,9999.000,9999.000,9999.000
202605060554,   0.707,9999.000,9999.000,9999.000,9999.000,9999.000,9999.000,9999.000,9999.000
202605060600,   0.689,9999.000,   0.700,  -0.013,   1.376,   0.400,   1.076,   0.900,   1.576
202605060606,   0.672,9999.000,9999.000,9999.000,9999.000,9999.000,9999.000,9999.000,9999.000
202605060612,   0.656,9999.000,9999.000,9999.000,9999.000,9999.000,9999.000,9999.000,9999.000
202605060618,   0.639,9999.000,9999.000,9999.000,9999.000,9999.000,9999.000,9999.000,9999.000
202605060624,   0.623,9999.000,9999.000,9999.000,9999.000,9999.000,9999.000,9999.000,9999.000
202605060630,   0.608,9999.000,9999.000,9999.000,9999.000,9999.000,9999.000,9999.000,9999.000
202605060636,   0.593,9999.000,9999.000,9999.000,9999.000,9999.000,9999.000,9999.000,9999.000
202605060642,   0.579,9999.000,9999.000,9999.000,9999.000,9999.000,9999.000,9999.000,9999.000
202605060648,   0.566,9999.000,9999.000,9999.000,9999.000,9999.000,9999.000,9999.000,9999.000
202605060654,   0.553,9999.000,9999.000,9999.000,9999.000,9999.000,9999.000,9999.000,9999.000
202605060700,   0.541,9999.000,   0.700,  -0.013,   1.228,   0.500,   1.028,   0.900,   1.428
202605060706,   0.529,9999.000,9999.000,9999.000,9999.000,9999.000,9999.000,9999.000,9999.000
202605060712,   0.519,9999.000,9999.000,9999.000,9999.000,9999.000,9999.000,9999.000,9999.000
202605060718,   0.509,9999.000,9999.000,9999.000,9999.000,9999.000,9999.000,9999.000,9999.000
202605060724,   0.500,9999.000,9999.000,9999.000,9999.000,9999.000,9999.000,9999.000,9999.000
202605060730,   0.493,9999.000,9999.000,9999.000,9999.000,9999.000,9999.000,9999.000,9999.000
202605060736,   0.486,9999.000,9999.000,9999.000,9999.000,9999.000,9999.000,9999.000,9999.000
202605060742,   0.480,9999.000,9999.000,9999.000,9999.000,9999.000,9999.000,9999.000,9999.000
202605060748,   0.475,9999.000,9999.000,9999.000,9999.000,9999.000,9999.000,9999.000,9999.000
202605060754,   0.471,9999.000,9999.000,9999.000,9999.000,9999.000,9999.000,9999.000,9999.000
202605060800,   0.468,9999.000,   0.700,  -0.013,   1.155,   0.500,   0.955,   0.900,   1.355
202605060806,   0.467,9999.000,9999.000,9999.000,9999.000,9999.000,9999.000,9999.000,9999.000
202605060812,   0.466,9999.000,9999.000,9999.000,9999.000,9999.000,9999.000,9999.000,9999.000
202605060818,   0.467,9999.000,9999.000,9999.000,9999.000,9999.000,9999.000,9999.000,9999.000
202605060824,   0.469,9999.000,9999.000,9999.000,9999.000,9999.000,9999.000,9999.000,9999.000
202605060830,   0.472,9999.000,9999.000,9999.000,9999.000,9999.000,9999.000,9999.000,9999.000
202605060836,   0.477,9999.000,9999.000,9999.000,9999.000,9999.000,9999.000,9999.000,9999.000
202605060842,   0.482,9999.000,9999.000,9999.000,9999.000,9999.000,9999.000,9999.000,9999.000
202605060848,   0.489,9999.000,9999.000,9999.000,9999.000,9999.000,9999.000,9999.000,9999.000
202605060854,   0.498,9999.000,9999.000,9999.000,9999.000,9999.000,9999.000,9999.000,9999.000
202605060900,   0.507,9999.000,   0.700,  -0.013,   1.194,   0.500,   0.994,   0.900,   1.394
202605060906,   0.518,9999.000,9999.000,9999.000,9999.000,9999.000,9999.000,9999.000,9999.000
202605060912,   0.530,9999.000,9999.000,9999.000,9999.000,9999.000,9999.000,9999.000,9999.000
202605060918,   0.544,9999.000,9999.000,9999.000,9999.000,9999.000,9999.000,9999.000,9999.000
202605060924,   0.558,9999.000,9999.000,9999.000,9999.000,9999.000,9999.000,9999.000,9999.000
202605060930,   0.574,9999.000,9999.000,9999.000,9999.000,9999.000,9999.000,9999.000,9999.000
202605060936,   0.591,9999.000,9999.000,9999.000,9999.000,9999.000,9999.000,9999.000,9999.000
202605060942,   0.610,9999.000,9999.000,9999.000,9999.000,9999.000,9999.000,9999.000,9999.000
202605060948,   0.629,9999.000,9999.000,9999.000,9999.000,9999.000,9999.000,9999.000,9999.000
202605060954,   0.649,9999.000,9999.000,9999.000,9999.000,9999.000,9999.000,9999.000,9999.000
202605061000,   0.671,9999.000,   0.700,  -0.013,   1.358,   0.500,   1.158,   0.900,   1.558
202605061006,   0.693,9999.000,9999.000,9999.000,9999.000,9999.000,9999.000,9999.000,9999.000
202605061012,   0.717,9999.000,9999.000,9999.000,9999.000,9999.000,9999.000,9999.000,9999.000
202605061018,   0.741,9999.000,9999.000,9999.000,9999.000,9999.000,9999.000,9999.000,9999.000
202605061024,   0.766,9999.000,9999.000,9999.000,9999.000,9999.000,9999.000,9999.000,9999.000
202605061030,   0.792,9999.000,9999.000,9999.000,9999.000,9999.000,9999.000,9999.000,9999.000
202605061036,   0.818,9999.000,9999.000,9999.000,9999.000,9999.000,9999.000,9999.000,9999.000
202605061042,   0.846,9999.000,9999.000,9999.000,9999.000,9999.000,9999.000,9999.000,9999.000
202605061048,   0.873,9999.000,9999.000,9999.000,9999.000,9999.000,9999.000,9999.000,9999.000
202605061054,   0.901,9999.000,9999.000,9999.000,9999.000,9999.000,9999.000,9999.000,9999.000
202605061100,   0.930,9999.000,   0.700,  -0.013,   1.617,   0.500,   1.417,   0.900,   1.817
202605061106,   0.959,9999.000,9999.000,9999.000,9999.000,9999.000,9999.000,9999.000,9999.000
202605061112,   0.988,9999.000,9999.000,9999.000,9999.000,9999.000,9999.000,9999.000,9999.000
202605061118,   1.017,9999.000,9999.000,9999.000,9999.000,9999.000,9999.000,9999.000,9999.000
202605061124,   1.046,9999.000,9999.000,9999.000,9999.000,9999.000,9999.000,9999.000,9999.000
202605061130,   1.076,9999.000,9999.000,9999.000,9999.000,9999.000,9999.000,9999.000,9999.000
202605061136,   1.105,9999.000,9999.000,9999.000,9999.000,9999.000,9999.000,9999.000,9999.000
202605061142,   1.134,9999.000,9999.000,9999.000,9999.000,9999.000,9999.000,9999.000,9999.000
202605061148,   1.163,9999.000,9999.000,9999.000,9999.000,9999.000,9999.000,9999.000,9999.000
202605061154,   1.191,9999.000,9999.000,9999.000,9999.000,9999.000,9999.000,9999.000,9999.000
202605061200,   1.220,9999.000,   0.700,  -0.013,   1.907,   0.400,   1.607,   0.800,   2.007
202605061206,   1.248,9999.000,9999.000,9999.000,9999.000,9999.000,9999.000,9999.000,9999.000
202605061212,   1.275,9999.000,9999.000,9999.000,9999.000,9999.000,9999.000,9999.000,9999.000
202605061218,   1.302,9999.000,9999.000,9999.000,9999.000,9999.000,9999.000,9999.000,9999.000
202605061224,   1.328,9999.000,9999.000,9999.000,9999.000,9999.000,9999.000,9999.000,9999.000
202605061230,   1.354,9999.000,9999.000,9999.000,9999.000,9999.000,9999.000,9999.000,9999.000
202605061236,   1.379,9999.000,9999.000,9999.000,9999.000,9999.000,9999.000,9999.000,9999.000
202605061242,   1.403,9999.000,9999.000,9999.000,9999.000,9999.000,9999.000,9999.000,9999.000
202605061248,   1.426,9999.000,9999.000,9999.000,9999.000,9999.000,9999.000,9999.000,9999.000
202605061254,   1.449,9999.000,9999.000,9999.000,9999.000,9999.000,9999.000,9999.000,9999.000
202605061300,   1.471,9999.000,   0.600,  -0.013,   2.058,   0.400,   1.858,   0.800,   2.258
202605061306,   1.492,9999.000,9999.000,9999.000,9999.000,9999.000,9999.000,9999.000,9999.000
202605061312,   1.512,9999.000,9999.000,9999.000,9999.000,9999.000,9999.000,9999.000,9999.000
202605061318,   1.531,9999.000,9999.000,9999.000,9999.000,9999.000,9999.000,9999.000,9999.000
202605061324,   1.548,9999.000,9999.000,9999.000,9999.000,9999.000,9999.000,9999.000,9999.000
202605061330,   1.565,9999.000,9999.000,9999.000,9999.000,9999.000,9999.000,9999.000,9999.000
202605061336,   1.581,9999.000,9999.000,9999.000,9999.000,9999.000,9999.000,9999.000,9999.000
202605061342,   1.596,9999.000,9999.000,9999.000,9999.000,9999.000,9999.000,9999.000,9999.000
202605061348,   1.610,9999.000,9999.000,9999.000,9999.000,9999.000,9999.000,9999.000,9999.000
202605061354,   1.622,9999.000,9999.000,9999.000,9999.000,9999.000,9999.000,9999.000,9999.000
202605061400,   1.634,9999.000,   0.600,  -0.013,   2.221,   0.400,   2.021,   0.800,   2.421
202605061406,   1.644,9999.000,9999.000,9999.000,9999.000,9999.000,9999.000,9999.000,9999.000
202605061412,   1.653,9999.000,9999.000,9999.000,9999.000,9999.000,9999.000,9999.000,9999.000
202605061418,   1.661,9999.000,9999.000,9999.000,9999.000,9999.000,9999.000,9999.000,9999.000
202605061424,   1.667,9999.000,9999.000,9999.000,9999.000,9999.000,9999.000,9999.000,9999.000
202605061430,   1.673,9999.000,9999.000,9999.000,9999.000,9999.000,9999.000,9999.000,9999.000
202605061436,   1.677,9999.000,9999.000,9999.000,9999.000,9999.000,9999.000,9999.000,9999.000
202605061442,   1.680,9999.000,9999.000,9999.000,9999.000,9999.000,9999.000,9999.000,9999.000
202605061448,   1.682,9999.000,9999.000,9999.000,9999.000,9999.000,9999.000,9999.000,9999.000
202605061454,   1.682,9999.000,9999.000,9999.000,9999.000,9999.000,9999.000,9999.000,9999.000
202605061500,   1.681,9999.000,   0.600,  -0.013,   2.268,   0.400,   2.068,   0.800,   2.468
202605061506,   1.679,9999.000,9999.000,9999.000,9999.000,9999.000,9999.000,9999.000,9999.000
202605061512,   1.676,9999.000,9999.000,9999.000,9999.000,9999.000,9999.000,9999.000,9999.000
202605061518,   1.671,9999.000,9999.000,9999.000,9999.000,9999.000,9999.000,9999.000,9999.000
202605061524,   1.665,9999.000,9999.000,9999.000,9999.000,9999.000,9999.000,9999.000,9999.000
202605061530,   1.658,9999.000,9999.000,9999.000,9999.000,9999.000,9999.000,9999.000,9999.000
202605061536,   1.650,9999.000,9999.000,9999.000,9999.000,9999.000,9999.000,9999.000,9999.000
202605061542,   1.641,9999.000,9999.000,9999.000,9999.000,9999.000,9999.000,9999.000,9999.000
202605061548,   1.630,9999.000,9999.000,9999.000,9999.000,9999.000,9999.000,9999.000,9999.000
202605061554,   1.619,9999.000,9999.000,9999.000,9999.000,9999.000,9999.000,9999.000,9999.000
202605061600,   1.606,9999.000,   0.600,  -0.013,   2.193,   0.400,   1.993,   0.700,   2.293
202605061606,   1.592,9999.000,9999.000,9999.000,9999.000,9999.000,9999.000,9999.000,9999.000
202605061612,   1.577,9999.000,9999.000,9999.000,9999.000,9999.000,9999.000,9999.000,9999.000
202605061618,   1.561,9999.000,9999.000,9999.000,9999.000,9999.000,9999.000,9999.000,9999.000
202605061624,   1.545,9999.000,9999.000,9999.000,9999.000,9999.000,9999.000,9999.000,9999.000
202605061630,   1.527,9999.000,9999.000,9999.000,9999.000,9999.000,9999.000,9999.000,9999.000
202605061636,   1.508,9999.000,9999.000,9999.000,9999.000,9999.000,9999.000,9999.000,9999.000
202605061642,   1.489,9999.000,9999.000,9999.000,9999.000,9999.000,9999.000,9999.000,9999.000
202605061648,   1.469,9999.000,9999.000,9999.000,9999.000,9999.000,9999.000,9999.000,9999.000
202605061654,   1.448,9999.000,9999.000,9999.000,9999.000,9999.000,9999.000,9999.000,9999.000
202605061700,   1.427,9999.000,   0.500,  -0.013,   1.914,   0.400,   1.814,   0.700,   2.114
202605061706,   1.404,9999.000,9999.000,9999.000,9999.000,9999.000,9999.000,9999.000,9999.000
202605061712,   1.382,9999.000,9999.000,9999.000,9999.000,9999.000,9999.000,9999.000,9999.000
202605061718,   1.358,9999.000,9999.000,9999.000,9999.000,9999.000,9999.000,9999.000,9999.000
202605061724,   1.334,9999.000,9999.000,9999.000,9999.000,9999.000,9999.000,9999.000,9999.000
202605061730,   1.310,9999.000,9999.000,9999.000,9999.000,9999.000,9999.000,9999.000,9999.000
202605061736,   1.286,9999.000,9999.000,9999.000,9999.000,9999.000,9999.000,9999.000,9999.000
202605061742,   1.261,9999.000,9999.000,9999.000,9999.000,9999.000,9999.000,9999.000,9999.000
202605061748,   1.235,9999.000,9999.000,9999.000,9999.000,9999.000,9999.000,9999.000,9999.000
202605061754,   1.210,9999.000,9999.000,9999.000,9999.000,9999.000,9999.000,9999.000,9999.000
202605061800,   1.184,9999.000,   0.500,  -0.013,   1.671,   0.400,   1.571,   0.700,   1.871
202605061806,   1.158,9999.000,9999.000,9999.000,9999.000,9999.000,9999.000,9999.000,9999.000
202605061812,   1.132,9999.000,9999.000,9999.000,9999.000,9999.000,9999.000,9999.000,9999.000
202605061818,   1.106,9999.000,9999.000,9999.000,9999.000,9999.000,9999.000,9999.000,9999.000
202605061824,   1.080,9999.000,9999.000,9999.000,9999.000,9999.000,9999.000,9999.000,9999.000
202605061830,   1.054,9999.000,9999.000,9999.000,9999.000,9999.000,9999.000,9999.000,9999.000
202605061836,   1.028,9999.000,9999.000,9999.000,9999.000,9999.000,9999.000,9999.000,9999.000
202605061842,   1.002,9999.000,9999.000,9999.000,9999.000,9999.000,9999.000,9999.000,9999.000
202605061848,   0.977,9999.000,9999.000,9999.000,9999.000,9999.000,9999.000,9999.000,9999.000
202605061854,   0.951,9999.000,9999.000,9999.000,9999.000,9999.000,9999.000,9999.000,9999.000
202605061900,   0.926,9999.000,   0.500,  -0.013,   1.413,   0.300,   1.213,   0.700,   1.613
202605061906,   0.901,9999.000,9999.000,9999.000,9999.000,9999.000,9999.000,9999.000,9999.000
202605061912,   0.876,9999.000,9999.000,9999.000,9999.000,9999.000,9999.000,9999.000,9999.000
202605061918,   0.851,9999.000,9999.000,9999.000,9999.000,9999.000,9999.000,9999.000,9999.000
202605061924,   0.827,9999.000,9999.000,9999.000,9999.000,9999.000,9999.000,9999.000,9999.000
202605061930,   0.803,9999.000,9999.000,9999.000,9999.000,9999.000,9999.000,9999.000,9999.000
202605061936,   0.780,9999.000,9999.000,9999.000,9999.000,9999.000,9999.000,9999.000,9999.000
202605061942,   0.757,9999.000,9999.000,9999.000,9999.000,9999.000,9999.000,9999.000,9999.000
202605061948,   0.735,9999.000,9999.000,9999.000,9999.000,9999.000,9999.000,9999.000,9999.000
202605061954,   0.713,9999.000,9999.000,9999.000,9999.000,9999.000,9999.000,9999.000,9999.000
202605062000,   0.692,9999.000,   0.500,  -0.013,   1.179,   0.300,   0.979,   0.600,   1.279
202605062006,   0.672,9999.000,9999.000,9999.000,9999.000,9999.000,9999.000,9999.000,9999.000
202605062012,   0.653,9999.000,9999.000,9999.000,9999.000,9999.000,9999.000,9999.000,9999.000
202605062018,   0.634,9999.000,9999.000,9999.000,9999.000,9999.000,9999.000,9999.000,9999.000
202605062024,   0.616,9999.000,9999.000,9999.000,9999.000,9999.000,9999.000,9999.000,9999.000
202605062030,   0.598,9999.000,9999.000,9999.000,9999.000,9999.000,9999.000,9999.000,9999.000
202605062036,   0.582,9999.000,9999.000,9999.000,9999.000,9999.000,9999.000,9999.000,9999.000
202605062042,   0.567,9999.000,9999.000,9999.000,9999.000,9999.000,9999.000,9999.000,9999.000
202605062048,   0.552,9999.000,9999.000,9999.000,9999.000,9999.000,9999.000,9999.000,9999.000
202605062054,   0.539,9999.000,9999.000,9999.000,9999.000,9999.000,9999.000,9999.000,9999.000
202605062100,   0.527,9999.000,   0.400,  -0.013,   0.914,   0.300,   0.814,   0.600,   1.114
202605062106,   0.516,9999.000,9999.000,9999.000,9999.000,9999.000,9999.000,9999.000,9999.000
202605062112,   0.505,9999.000,9999.000,9999.000,9999.000,9999.000,9999.000,9999.000,9999.000
202605062118,   0.496,9999.000,9999.000,9999.000,9999.000,9999.000,9999.000,9999.000,9999.000
202605062124,   0.489,9999.000,9999.000,9999.000,9999.000,9999.000,9999.000,9999.000,9999.000
202605062130,   0.482,9999.000,9999.000,9999.000,9999.000,9999.000,9999.000,9999.000,9999.000
202605062136,   0.477,9999.000,9999.000,9999.000,9999.000,9999.000,9999.000,9999.000,9999.000
202605062142,   0.472,9999.000,9999.000,9999.000,9999.000,9999.000,9999.000,9999.000,9999.000
202605062148,   0.469,9999.000,9999.000,9999.000,9999.000,9999.000,9999.000,9999.000,9999.000
202605062154,   0.468,9999.000,9999.000,9999.000,9999.000,9999.000,9999.000,9999.000,9999.000
202605062200,   0.467,9999.000,   0.400,  -0.013,   0.854,   0.200,   0.654,   0.500,   0.954
202605062206,   0.468,9999.000,9999.000,9999.000,9999.000,9999.000,9999.000,9999.000,9999.000
202605062212,   0.470,9999.000,9999.000,9999.000,9999.000,9999.000,9999.000,9999.000,9999.000
202605062218,   0.473,9999.000,9999.000,9999.000,9999.000,9999.000,9999.000,9999.000,9999.000
202605062224,   0.477,9999.000,9999.000,9999.000,9999.000,9999.000,9999.000,9999.000,9999.000
202605062230,   0.482,9999.000,9999.000,9999.000,9999.000,9999.000,9999.000,9999.000,9999.000
202605062236,   0.489,9999.000,9999.000,9999.000,9999.000,9999.000,9999.000,9999.000,9999.000
202605062242,   0.497,9999.000,9999.000,9999.000,9999.000,9999.000,9999.000,9999.000,9999.000
202605062248,   0.505,9999.000,9999.000,9999.000,9999.000,9999.000,9999.000,9999.000,9999.000
202605062254,   0.515,9999.000,9999.000,9999.000,9999.000,9999.000,9999.000,9999.000,9999.000
202605062300,   0.525,9999.000,   0.300,  -0.013,   0.812,   0.200,   0.712,   0.500,   1.012
202605062306,   0.537,9999.000,9999.000,9999.000,9999.000,9999.000,9999.000,9999.000,9999.000
202605062312,   0.549,9999.000,9999.000,9999.000,9999.000,9999.000,9999.000,9999.000,9999.000
202605062318,   0.562,9999.000,9999.000,9999.000,9999.000,9999.000,9999.000,9999.000,9999.000
202605062324,   0.576,9999.000,9999.000,9999.000,9999.000,9999.000,9999.000,9999.000,9999.000
202605062330,   0.591,9999.000,9999.000,9999.000,9999.000,9999.000,9999.000,9999.000,9999.000
202605062336,   0.606,9999.000,9999.000,9999.000,9999.000,9999.000,9999.000,9999.000,9999.000
202605062342,   0.622,9999.000,9999.000,9999.000,9999.000,9999.000,9999.000,9999.000,9999.000
202605062348,   0.638,9999.000,9999.000,9999.000,9999.000,9999.000,9999.000,9999.000,9999.000
202605062354,   0.655,9999.000,9999.000,9999.000,9999.000,9999.000,9999.000,9999.000,9999.000
202605070000,   0.672,9999.000,   0.300,  -0.013,   0.959,   0.200,   0.859,   0.400,   1.059
202605070006,   0.689,9999.000,9999.000,9999.000,9999.000,9999.000,9999.000,9999.000,9999.000
202605070012,   0.707,9999.000,9999.000,9999.000,9999.000,9999.000,9999.000,9999.000,9999.000
202605070018,   0.725,9999.000,9999.000,9999.000,9999.000,9999.000,9999.000,9999.000,9999.000
202605070024,   0.743,9999.000,9999.000,9999.000,9999.000,9999.000,9999.000,9999.000,9999.000
202605070030,   0.761,9999.000,9999.000,9999.000,9999.000,9999.000,9999.000,9999.000,9999.000
202605070036,   0.779,9999.000,9999.000,9999.000,9999.000,9999.000,9999.000,9999.000,9999.000
202605070042,   0.797,9999.000,9999.000,9999.000,9999.000,9999.000,9999.000,9999.000,9999.000
202605070048,   0.815,9999.000,9999.000,9999.000,9999.000,9999.000,9999.000,9999.000,9999.000
202605070054,   0.833,9999.000,9999.000,9999.000,9999.000,9999.000,9999.000,9999.000,9999.000
202605070100,   0.850,9999.000,   0.300,  -0.013,   1.137,   0.100,   0.937,   0.400,   1.237
202605070106,   0.868,9999.000,9999.000,9999.000,9999.000,9999.000,9999.000,9999.000,9999.000
202605070112,   0.885,9999.000,9999.000,9999.000,9999.000,9999.000,9999.000,9999.000,9999.000
202605070118,   0.901,9999.000,9999.000,9999.000,9999.000,9999.000,9999.000,9999.000,9999.000
202605070124,   0.918,9999.000,9999.000,9999.000,9999.000,9999.000,9999.000,9999.000,9999.000
202605070130,   0.934,9999.000,9999.000,9999.000,9999.000,9999.000,9999.000,9999.000,9999.000
202605070136,   0.949,9999.000,9999.000,9999.000,9999.000,9999.000,9999.000,9999.000,9999.000
202605070142,   0.964,9999.000,9999.000,9999.000,9999.000,9999.000,9999.000,9999.000,9999.000
202605070148,   0.979,9999.000,9999.000,9999.000,9999.000,9999.000,9999.000,9999.000,9999.000
202605070154,   0.993,9999.000,9999.000,9999.000,9999.000,9999.000,9999.000,9999.000,9999.000
202605070200,   1.006,9999.000,   0.200,  -0.013,   1.193,   0.100,   1.093,   0.300,   1.293
202605070206,   1.018,9999.000,9999.000,9999.000,9999.000,9999.000,9999.000,9999.000,9999.000
202605070212,   1.030,9999.000,9999.000,9999.000,9999.000,9999.000,9999.000,9999.000,9999.000
202605070218,   1.041,9999.000,9999.000,9999.000,9999.000,9999.000,9999.000,9999.000,9999.000
202605070224,   1.052,9999.000,9999.000,9999.000,9999.000,9999.000,9999.000,9999.000,9999.000
202605070230,   1.061,9999.000,9999.000,9999.000,9999.000,9999.000,9999.000,9999.000,9999.000
202605070236,   1.070,9999.000,9999.000,9999.000,9999.000,9999.000,9999.000,9999.000,9999.000
202605070242,   1.078,9999.000,9999.000,9999.000,9999.000,9999.000,9999.000,9999.000,9999.000
202605070248,   1.085,9999.000,9999.000,9999.000,9999.000,9999.000,9999.000,9999.000,9999.000
202605070254,   1.091,9999.000,9999.000,9999.000,9999.000,9999.000,9999.000,9999.000,9999.000
202605070300,   1.097,9999.000,   0.200,  -0.013,   1.284,   0.000,   1.084,   0.300,   1.384
202605070306,   1.101,9999.000,9999.000,9999.000,9999.000,9999.000,9999.000,9999.000,9999.000
202605070312,   1.104,9999.000,9999.000,9999.000,9999.000,9999.000,9999.000,9999.000,9999.000
202605070318,   1.106,9999.000,9999.000,9999.000,9999.000,9999.000,9999.000,9999.000,9999.000
202605070324,   1.108,9999.000,9999.000,9999.000,9999.000,9999.000,9999.000,9999.000,9999.000
202605070330,   1.108,9999.000,9999.000,9999.000,9999.000,9999.000,9999.000,9999.000,9999.000
202605070336,   1.107,9999.000,9999.000,9999.000,9999.000,9999.000,9999.000,9999.000,9999.000
202605070342,   1.106,9999.000,9999.000,9999.000,9999.000,9999.000,9999.000,9999.000,9999.000
202605070348,   1.103,9999.000,9999.000,9999.000,9999.000,9999.000,9999.000,9999.000,9999.000
202605070354,   1.099,9999.000,9999.000,9999.000,9999.000,9999.000,9999.000,9999.000,9999.000
202605070400,   1.095,9999.000,   0.100,  -0.013,   1.182,   0.000,   1.082,   0.200,   1.282
202605070406,   1.089,9999.000,9999.000,9999.000,9999.000,9999.000,9999.000,9999.000,9999.000
202605070412,   1.082,9999.000,9999.000,9999.000,9999.000,9999.000,9999.000,9999.000,9999.000
202605070418,   1.075,9999.000,9999.000,9999.000,9999.000,9999.000,9999.000,9999.000,9999.000
202605070424,   1.066,9999.000,9999.000,9999.000,9999.000,9999.000,9999.000,9999.000,9999.000
202605070430,   1.057,9999.000,9999.000,9999.000,9999.000,9999.000,9999.000,9999.000,9999.000
202605070436,   1.047,9999.000,9999.000,9999.000,9999.000,9999.000,9999.000,9999.000,9999.000
202605070442,   1.036,9999.000,9999.000,9999.000,9999.000,9999.000,9999.000,9999.000,9999.000
202605070448,   1.024,9999.000,9999.000,9999.000,9999.000,9999.000,9999.000,9999.000,9999.000
202605070454,   1.012,9999.000,9999.000,9999.000,9999.000,9999.000,9999.000,9999.000,9999.000
202605070500,   0.998,9999.000,   0.100,  -0.013,   1.085,   0.000,   0.985,   0.200,   1.185
202605070506,   0.985,9999.000,9999.000,9999.000,9999.000,9999.000,9999.000,9999.000,9999.000
202605070512,   0.970,9999.000,9999.000,9999.000,9999.000,9999.000,9999.000,9999.000,9999.000
202605070518,   0.955,9999.000,9999.000,9999.000,9999.000,9999.000,9999.000,9999.000,9999.000
202605070524,   0.940,9999.000,9999.000,9999.000,9999.000,9999.000,9999.000,9999.000,9999.000
202605070530,   0.924,9999.000,9999.000,9999.000,9999.000,9999.000,9999.000,9999.000,9999.000
202605070536,   0.907,9999.000,9999.000,9999.000,9999.000,9999.000,9999.000,9999.000,9999.000
202605070542,   0.891,9999.000,9999.000,9999.000,9999.000,9999.000,9999.000,9999.000,9999.000
202605070548,   0.874,9999.000,9999.000,9999.000,9999.000,9999.000,9999.000,9999.000,9999.000
202605070554,   0.857,9999.000,9999.000,9999.000,9999.000,9999.000,9999.000,9999.000,9999.000
202605070600,   0.840,9999.000,   0.000,  -0.013,   0.827,   0.000,   0.827,   0.200,   1.027
202605070606,   0.822,9999.000,9999.000,9999.000,9999.000,9999.000,9999.000,9999.000,9999.000
202605070612,   0.804,9999.000,9999.000,9999.000,9999.000,9999.000,9999.000,9999.000,9999.000
202605070618,   0.787,9999.000,9999.000,9999.000,9999.000,9999.000,9999.000,9999.000,9999.000
202605070624,   0.770,9999.000,9999.000,9999.000,9999.000,9999.000,9999.000,9999.000,9999.000
202605070630,   0.752,9999.000,9999.000,9999.000,9999.000,9999.000,9999.000,9999.000,9999.000
202605070636,   0.735,9999.000,9999.000,9999.000,9999.000,9999.000,9999.000,9999.000,9999.000
202605070642,   0.718,9999.000,9999.000,9999.000,9999.000,9999.000,9999.000,9999.000,9999.000
202605070648,   0.702,9999.000,9999.000,9999.000,9999.000,9999.000,9999.000,9999.000,9999.000
202605070654,   0.685,9999.000,9999.000,9999.000,9999.000,9999.000,9999.000,9999.000,9999.000
202605070700,   0.669,9999.000,   0.000,  -0.013,   0.656,   0.000,   0.656,   0.100,   0.756
202605070706,   0.654,9999.000,9999.000,9999.000,9999.000,9999.000,9999.000,9999.000,9999.000
202605070712,   0.639,9999.000,9999.000,9999.000,9999.000,9999.000,9999.000,9999.000,9999.000
202605070718,   0.624,9999.000,9999.000,9999.000,9999.000,9999.000,9999.000,9999.000,9999.000
202605070724,   0.610,9999.000,9999.000,9999.000,9999.000,9999.000,9999.000,9999.000,9999.000
202605070730,   0.596,9999.000,9999.000,9999.000,9999.000,9999.000,9999.000,9999.000,9999.000
202605070736,   0.584,9999.000,9999.000,9999.000,9999.000,9999.000,9999.000,9999.000,9999.000
202605070742,   0.571,9999.000,9999.000,9999.000,9999.000,9999.000,9999.000,9999.000,9999.000
202605070748,   0.560,9999.000,9999.000,9999.000,9999.000,9999.000,9999.000,9999.000,9999.000
202605070754,   0.549,9999.000,9999.000,9999.000,9999.000,9999.000,9999.000,9999.000,9999.000
202605070800,   0.539,9999.000,   0.000,  -0.013,   0.526,  -0.100,   0.426,   0.100,   0.626
202605070806,   0.530,9999.000,9999.000,9999.000,9999.000,9999.000,9999.000,9999.000,9999.000
202605070812,   0.521,9999.000,9999.000,9999.000,9999.000,9999.000,9999.000,9999.000,9999.000
202605070818,   0.514,9999.000,9999.000,9999.000,9999.000,9999.000,9999.000,9999.000,9999.000
202605070824,   0.508,9999.000,9999.000,9999.000,9999.000,9999.000,9999.000,9999.000,9999.000
202605070830,   0.502,9999.000,9999.000,9999.000,9999.000,9999.000,9999.000,9999.000,9999.000
202605070836,   0.497,9999.000,9999.000,9999.000,9999.000,9999.000,9999.000,9999.000,9999.000
202605070842,   0.494,9999.000,9999.000,9999.000,9999.000,9999.000,9999.000,9999.000,9999.000
202605070848,   0.492,9999.000,9999.000,9999.000,9999.000,9999.000,9999.000,9999.000,9999.000
202605070854,   0.490,9999.000,9999.000,9999.000,9999.000,9999.000,9999.000,9999.000,9999.000
202605070900,   0.490,9999.000,   0.000,  -0.013,   0.477,  -0.200,   0.277,   0.100,   0.577
202605070906,   0.491,9999.000,9999.000,9999.000,9999.000,9999.000,9999.000,9999.000,9999.000
202605070912,   0.493,9999.000,9999.000,9999.000,9999.000,9999.000,9999.000,9999.000,9999.000
202605070918,   0.496,9999.000,9999.000,9999.000,9999.000,9999.000,9999.000,9999.000,9999.000
202605070924,   0.501,9999.000,9999.000,9999.000,9999.000,9999.000,9999.000,9999.000,9999.000
202605070930,   0.506,9999.000,9999.000,9999.000,9999.000,9999.000,9999.000,9999.000,9999.000
202605070936,   0.513,9999.000,9999.000,9999.000,9999.000,9999.000,9999.000,9999.000,9999.000
202605070942,   0.521,9999.000,9999.000,9999.000,9999.000,9999.000,9999.000,9999.000,9999.000
202605070948,   0.531,9999.000,9999.000,9999.000,9999.000,9999.000,9999.000,9999.000,9999.000
202605070954,   0.541,9999.000,9999.000,9999.000,9999.000,9999.000,9999.000,9999.000,9999.000
202605071000,   0.553,9999.000,  -0.100,  -0.013,   0.440,  -0.200,   0.340,   0.000,   0.540
202605071006,   0.566,9999.000,9999.000,9999.000,9999.000,9999.000,9999.000,9999.000,9999.000
202605071012,   0.580,9999.000,9999.000,9999.000,9999.000,9999.000,9999.000,9999.000,9999.000
202605071018,   0.595,9999.000,9999.000,9999.000,9999.000,9999.000,9999.000,9999.000,9999.000
202605071024,   0.612,9999.000,9999.000,9999.000,9999.000,9999.000,9999.000,9999.000,9999.000
202605071030,   0.630,9999.000,9999.000,9999.000,9999.000,9999.000,9999.000,9999.000,9999.000
202605071036,   0.648,9999.000,9999.000,9999.000,9999.000,9999.000,9999.000,9999.000,9999.000
202605071042,   0.668,9999.000,9999.000,9999.000,9999.000,9999.000,9999.000,9999.000,9999.000
202605071048,   0.689,9999.000,9999.000,9999.000,9999.000,9999.000,9999.000,9999.000,9999.000
202605071054,   0.710,9999.000,9999.000,9999.000,9999.000,9999.000,9999.000,9999.000,9999.000
202605071100,   0.733,9999.000,  -0.100,  -0.013,   0.620,  -0.300,   0.420,   0.000,   0.720
202605071106,   0.756,9999.000,9999.000,9999.000,9999.000,9999.000,9999.000,9999.000,9999.000
202605071112,   0.780,9999.000,9999.000,9999.000,9999.000,9999.000,9999.000,9999.000,9999.000
202605071118,   0.805,9999.000,9999.000,9999.000,9999.000,9999.000,9999.000,9999.000,9999.000
202605071124,   0.830,9999.000,9999.000,9999.000,9999.000,9999.000,9999.000,9999.000,9999.000
202605071130,   0.856,9999.000,9999.000,9999.000,9999.000,9999.000,9999.000,9999.000,9999.000
202605071136,   0.883,9999.000,9999.000,9999.000,9999.000,9999.000,9999.000,9999.000,9999.000
202605071142,   0.910,9999.000,9999.000,9999.000,9999.000,9999.000,9999.000,9999.000,9999.000
202605071148,   0.937,9999.000,9999.000,9999.000,9999.000,9999.000,9999.000,9999.000,9999.000
202605071154,   0.964,9999.000,9999.000,9999.000,9999.000,9999.000,9999.000,9999.000,9999.000
202605071200,   0.992,9999.000,  -0.100,  -0.013,   0.879,  -0.300,   0.679,   0.000,   0.979
202605071206,   1.020,9999.000,9999.000,9999.000,9999.000,9999.000,9999.000,9999.000,9999.000
202605071212,   1.048,9999.000,9999.000,9999.000,9999.000,9999.000,9999.000,9999.000,9999.000
202605071218,   1.076,9999.000,9999.000,9999.000,9999.000,9999.000,9999.000,9999.000,9999.000
202605071224,   1.103,9999.000,9999.000,9999.000,9999.000,9999.000,9999.000,9999.000,9999.000
202605071230,   1.131,9999.000,9999.000,9999.000,9999.000,9999.000,9999.000,9999.000,9999.000
202605071236,   1.158,9999.000,9999.000,9999.000,9999.000,9999.000,9999.000,9999.000,9999.000
202605071242,   1.185,9999.000,9999.000,9999.000,9999.000,9999.000,9999.000,9999.000,9999.000
202605071248,   1.212,9999.000,9999.000,9999.000,9999.000,9999.000,9999.000,9999.000,9999.000
202605071254,   1.238,9999.000,9999.000,9999.000,9999.000,9999.000,9999.000,9999.000,9999.000
202605071300,   1.264,9999.000,  -0.200,  -0.013,   1.051,  -0.400,   0.851,   0.000,   1.251
202605071306,   1.289,9999.000,9999.000,9999.000,9999.000,9999.000,9999.000,9999.000,9999.000
202605071312,   1.314,9999.000,9999.000,9999.000,9999.000,9999.000,9999.000,9999.000,9999.000
202605071318,   1.338,9999.000,9999.000,9999.000,9999.000,9999.000,9999.000,9999.000,9999.000
202605071324,   1.361,9999.000,9999.000,9999.000,9999.000,9999.000,9999.000,9999.000,9999.000
202605071330,   1.383,9999.000,9999.000,9999.000,9999.000,9999.000,9999.000,9999.000,9999.000
202605071336,   1.405,9999.000,9999.000,9999.000,9999.000,9999.000,9999.000,9999.000,9999.000
202605071342,   1.426,9999.000,9999.000,9999.000,9999.000,9999.000,9999.000,9999.000,9999.000
202605071348,   1.447,9999.000,9999.000,9999.000,9999.000,9999.000,9999.000,9999.000,9999.000
202605071354,   1.466,9999.000,9999.000,9999.000,9999.000,9999.000,9999.000,9999.000,9999.000
202605071400,   1.484,9999.000,  -0.200,  -0.013,   1.271,  -0.400,   1.071,   0.000,   1.471
202605071406,   1.502,9999.000,9999.000,9999.000,9999.000,9999.000,9999.000,9999.000,9999.000
202605071412,   1.518,9999.000,9999.000,9999.000,9999.000,9999.000,9999.000,9999.000,9999.000
202605071418,   1.534,9999.000,9999.000,9999.000,9999.000,9999.000,9999.000,9999.000,9999.000
202605071424,   1.548,9999.000,9999.000,9999.000,9999.000,9999.000,9999.000,9999.000,9999.000
202605071430,   1.562,9999.000,9999.000,9999.000,9999.000,9999.000,9999.000,9999.000,9999.000
202605071436,   1.574,9999.000,9999.000,9999.000,9999.000,9999.000,9999.000,9999.000,9999.000
202605071442,   1.586,9999.000,9999.000,9999.000,9999.000,9999.000,9999.000,9999.000,9999.000
202605071448,   1.596,9999.000,9999.000,9999.000,9999.000,9999.000,9999.000,9999.000,9999.000
202605071454,   1.605,9999.000,9999.000,9999.000,9999.000,9999.000,9999.000,9999.000,9999.000
202605071500,   1.613,9999.000,  -0.200,  -0.013,   1.400,  -0.400,   1.200,   0.000,   1.600
202605071506,   1.620,9999.000,9999.000,9999.000,9999.000,9999.000,9999.000,9999.000,9999.000
202605071512,   1.626,9999.000,9999.000,9999.000,9999.000,9999.000,9999.000,9999.000,9999.000
202605071518,   1.631,9999.000,9999.000,9999.000,9999.000,9999.000,9999.000,9999.000,9999.000
202605071524,   1.634,9999.000,9999.000,9999.000,9999.000,9999.000,9999.000,9999.000,9999.000
202605071530,   1.637,9999.000,9999.000,9999.000,9999.000,9999.000,9999.000,9999.000,9999.000
202605071536,   1.638,9999.000,9999.000,9999.000,9999.000,9999.000,9999.000,9999.000,9999.000
202605071542,   1.638,9999.000,9999.000,9999.000,9999.000,9999.000,9999.000,9999.000,9999.000
202605071548,   1.637,9999.000,9999.000,9999.000,9999.000,9999.000,9999.000,9999.000,9999.000
202605071554,   1.635,9999.000,9999.000,9999.000,9999.000,9999.000,9999.000,9999.000,9999.000
202605071600,   1.631,9999.000,  -0.300,  -0.013,   1.318,  -0.400,   1.218,   0.000,   1.618
202605071606,   1.626,9999.000,9999.000,9999.000,9999.000,9999.000,9999.000,9999.000,9999.000
202605071612,   1.621,9999.000,9999.000,9999.000,9999.000,9999.000,9999.000,9999.000,9999.000
202605071618,   1.614,9999.000,9999.000,9999.000,9999.000,9999.000,9999.000,9999.000,9999.000
202605071624,   1.606,9999.000,9999.000,9999.000,9999.000,9999.000,9999.000,9999.000,9999.000
202605071630,   1.597,9999.000,9999.000,9999.000,9999.000,9999.000,9999.000,9999.000,9999.000
202605071636,   1.586,9999.000,9999.000,9999.000,9999.000,9999.000,9999.000,9999.000,9999.000
202605071642,   1.575,9999.000,9999.000,9999.000,9999.000,9999.000,9999.000,9999.000,9999.000
202605071648,   1.563,9999.000,9999.000,9999.000,9999.000,9999.000,9999.000,9999.000,9999.000
202605071654,   1.550,9999.000,9999.000,9999.000,9999.000,9999.000,9999.000,9999.000,9999.000
202605071700,   1.535,9999.000,  -0.300,  -0.013,   1.222,  -0.400,   1.122,  -0.100,   1.422
202605071706,   1.520,9999.000,9999.000,9999.000,9999.000,9999.000,9999.000,9999.000,9999.000
202605071712,   1.504,9999.000,9999.000,9999.000,9999.000,9999.000,9999.000,9999.000,9999.000
202605071718,   1.487,9999.000,9999.000,9999.000,9999.000,9999.000,9999.000,9999.000,9999.000
202605071724,   1.469,9999.000,9999.000,9999.000,9999.000,9999.000,9999.000,9999.000,9999.000
202605071730,   1.451,9999.000,9999.000,9999.000,9999.000,9999.000,9999.000,9999.000,9999.000
202605071736,   1.431,9999.000,9999.000,9999.000,9999.000,9999.000,9999.000,9999.000,9999.000
202605071742,   1.412,9999.000,9999.000,9999.000,9999.000,9999.000,9999.000,9999.000,9999.000
202605071748,   1.391,9999.000,9999.000,9999.000,9999.000,9999.000,9999.000,9999.000,9999.000
202605071754,   1.370,9999.000,9999.000,9999.000,9999.000,9999.000,9999.000,9999.000,9999.000
202605071800,   1.348,9999.000,  -0.300,  -0.013,   1.035,  -0.400,   0.935,  -0.100,   1.235
202605071806,   1.326,9999.000,9999.000,9999.000,9999.000,9999.000,9999.000,9999.000,9999.000
202605071812,   1.303,9999.000,9999.000,9999.000,9999.000,9999.000,9999.000,9999.000,9999.000
202605071818,   1.280,9999.000,9999.000,9999.000,9999.000,9999.000,9999.000,9999.000,9999.000
202605071824,   1.256,9999.000,9999.000,9999.000,9999.000,9999.000,9999.000,9999.000,9999.000
202605071830,   1.233,9999.000,9999.000,9999.000,9999.000,9999.000,9999.000,9999.000,9999.000
202605071836,   1.208,9999.000,9999.000,9999.000,9999.000,9999.000,9999.000,9999.000,9999.000
202605071842,   1.184,9999.000,9999.000,9999.000,9999.000,9999.000,9999.000,9999.000,9999.000
202605071848,   1.160,9999.000,9999.000,9999.000,9999.000,9999.000,9999.000,9999.000,9999.000
202605071854,   1.135,9999.000,9999.000,9999.000,9999.000,9999.000,9999.000,9999.000,9999.000
202605071900,   1.110,9999.000,  -0.300,  -0.013,   0.797,  -0.400,   0.697,  -0.100,   0.997
202605071906,   1.086,9999.000,9999.000,9999.000,9999.000,9999.000,9999.000,9999.000,9999.000
202605071912,   1.061,9999.000,9999.000,9999.000,9999.000,9999.000,9999.000,9999.000,9999.000
202605071918,   1.036,9999.000,9999.000,9999.000,9999.000,9999.000,9999.000,9999.000,9999.000
202605071924,   1.011,9999.000,9999.000,9999.000,9999.000,9999.000,9999.000,9999.000,9999.000
202605071930,   0.987,9999.000,9999.000,9999.000,9999.000,9999.000,9999.000,9999.000,9999.000
202605071936,   0.962,9999.000,9999.000,9999.000,9999.000,9999.000,9999.000,9999.000,9999.000
202605071942,   0.938,9999.000,9999.000,9999.000,9999.000,9999.000,9999.000,9999.000,9999.000
202605071948,   0.914,9999.000,9999.000,9999.000,9999.000,9999.000,9999.000,9999.000,9999.000
202605071954,   0.890,9999.000,9999.000,9999.000,9999.000,9999.000,9999.000,9999.000,9999.000
202605072000,   0.867,9999.000,  -0.300,  -0.013,   0.554,  -0.500,   0.354,  -0.100,   0.754
202605072006,   0.844,9999.000,9999.000,9999.000,9999.000,9999.000,9999.000,9999.000,9999.000
202605072012,   0.821,9999.000,9999.000,9999.000,9999.000,9999.000,9999.000,9999.000,9999.000
202605072018,   0.799,9999.000,9999.000,9999.000,9999.000,9999.000,9999.000,9999.000,9999.000
202605072024,   0.777,9999.000,9999.000,9999.000,9999.000,9999.000,9999.000,9999.000,9999.000
202605072030,   0.756,9999.000,9999.000,9999.000,9999.000,9999.000,9999.000,9999.000,9999.000
202605072036,   0.735,9999.000,9999.000,9999.000,9999.000,9999.000,9999.000,9999.000,9999.000
202605072042,   0.715,9999.000,9999.000,9999.000,9999.000,9999.000,9999.000,9999.000,9999.000
202605072048,   0.695,9999.000,9999.000,9999.000,9999.000,9999.000,9999.000,9999.000,9999.000
202605072054,   0.676,9999.000,9999.000,9999.000,9999.000,9999.000,9999.000,9999.000,9999.000
202605072100,   0.658,9999.000,  -0.300,  -0.013,   0.345,  -0.500,   0.145,  -0.100,   0.545
202605072106,   0.641,9999.000,9999.000,9999.000,9999.000,9999.000,9999.000,9999.000,9999.000
202605072112,   0.624,9999.000,9999.000,9999.000,9999.000,9999.000,9999.000,9999.000,9999.000
202605072118,   0.608,9999.000,9999.000,9999.000,9999.000,9999.000,9999.000,9999.000,9999.000
202605072124,   0.593,9999.000,9999.000,9999.000,9999.000,9999.000,9999.000,9999.000,9999.000
202605072130,   0.579,9999.000,9999.000,9999.000,9999.000,9999.000,9999.000,9999.000,9999.000
202605072136,   0.566,9999.000,9999.000,9999.000,9999.000,9999.000,9999.000,9999.000,9999.000
202605072142,   0.554,9999.000,9999.000,9999.000,9999.000,9999.000,9999.000,9999.000,9999.000
202605072148,   0.543,9999.000,9999.000,9999.000,9999.000,9999.000,9999.000,9999.000,9999.000
202605072154,   0.533,9999.000,9999.000,9999.000,9999.000,9999.000,9999.000,9999.000,9999.000
202605072200,   0.524,9999.000,  -0.300,  -0.013,   0.211,  -0.500,   0.011,  -0.100,   0.411
202605072206,   0.517,9999.000,9999.000,9999.000,9999.000,9999.000,9999.000,9999.000,9999.000
202605072212,   0.510,9999.000,9999.000,9999.000,9999.000,9999.000,9999.000,9999.000,9999.000
202605072218,   0.505,9999.000,9999.000,9999.000,9999.000,9999.000,9999.000,9999.000,9999.000
202605072224,   0.500,9999.000,9999.000,9999.000,9999.000,9999.000,9999.000,9999.000,9999.000
202605072230,   0.497,9999.000,9999.000,9999.000,9999.000,9999.000,9999.000,9999.000,9999.000
202605072236,   0.495,9999.000,9999.000,9999.000,9999.000,9999.000,9999.000,9999.000,9999.000
202605072242,   0.494,9999.000,9999.000,9999.000,9999.000,9999.000,9999.000,9999.000,9999.000
202605072248,   0.495,9999.000,9999.000,9999.000,9999.000,9999.000,9999.000,9999.000,9999.000
202605072254,   0.496,9999.000,9999.000,9999.000,9999.000,9999.000,9999.000,9999.000,9999.000
202605072300,   0.499,9999.000,  -0.300,  -0.013,   0.186,  -0.500,  -0.014,  -0.100,   0.386
202605072306,   0.503,9999.000,9999.000,9999.000,9999.000,9999.000,9999.000,9999.000,9999.000
202605072312,   0.508,9999.000,9999.000,9999.000,9999.000,9999.000,9999.000,9999.000,9999.000
202605072318,   0.514,9999.000,9999.000,9999.000,9999.000,9999.000,9999.000,9999.000,9999.000
202605072324,   0.521,9999.000,9999.000,9999.000,9999.000,9999.000,9999.000,9999.000,9999.000
202605072330,   0.529,9999.000,9999.000,9999.000,9999.000,9999.000,9999.000,9999.000,9999.000
202605072336,   0.538,9999.000,9999.000,9999.000,9999.000,9999.000,9999.000,9999.000,9999.000
202605072342,   0.549,9999.000,9999.000,9999.000,9999.000,9999.000,9999.000,9999.000,9999.000
202605072348,   0.560,9999.000,9999.000,9999.000,9999.000,9999.000,9999.000,9999.000,9999.000
202605072354,   0.571,9999.000,9999.000,9999.000,9999.000,9999.000,9999.000,9999.000,9999.000
202605080000,   0.584,9999.000,  -0.200,  -0.013,   0.371,  -0.400,   0.171,  -0.100,   0.471
202605080006,   0.597,9999.000,9999.000,9999.000,9999.000,9999.000,9999.000,9999.000,9999.000
202605080012,   0.611,9999.000,9999.000,9999.000,9999.000,9999.000,9999.000,9999.000,9999.000
202605080018,   0.626,9999.000,9999.000,9999.000,9999.000,9999.000,9999.000,9999.000,9999.000
202605080024,   0.641,9999.000,9999.000,9999.000,9999.000,9999.000,9999.000,9999.000,9999.000
202605080030,   0.657,9999.000,9999.000,9999.000,9999.000,9999.000,9999.000,9999.000,9999.000
202605080036,   0.673,9999.000,9999.000,9999.000,9999.000,9999.000,9999.000,9999.000,9999.000
202605080042,   0.690,9999.000,9999.000,9999.000,9999.000,9999.000,9999.000,9999.000,9999.000
202605080048,   0.707,9999.000,9999.000,9999.000,9999.000,9999.000,9999.000,9999.000,9999.000
202605080054,   0.724,9999.000,9999.000,9999.000,9999.000,9999.000,9999.000,9999.000,9999.000
202605080100,   0.741,9999.000,  -0.200,  -0.013,   0.528,  -0.400,   0.328,   0.000,   0.728
202605080106,   0.759,9999.000,9999.000,9999.000,9999.000,9999.000,9999.000,9999.000,9999.000
202605080112,   0.777,9999.000,9999.000,9999.000,9999.000,9999.000,9999.000,9999.000,9999.000
202605080118,   0.794,9999.000,9999.000,9999.000,9999.000,9999.000,9999.000,9999.000,9999.000
202605080124,   0.812,9999.000,9999.000,9999.000,9999.000,9999.000,9999.000,9999.000,9999.000
202605080130,   0.830,9999.000,9999.000,9999.000,9999.000,9999.000,9999.000,9999.000,9999.000
202605080136,   0.847,9999.000,9999.000,9999.000,9999.000,9999.000,9999.000,9999.000,9999.000
202605080142,   0.865,9999.000,9999.000,9999.000,9999.000,9999.000,9999.000,9999.000,9999.000
202605080148,   0.882,9999.000,9999.000,9999.000,9999.000,9999.000,9999.000,9999.000,9999.000
202605080154,   0.899,9999.000,9999.000,9999.000,9999.000,9999.000,9999.000,9999.000,9999.000
202605080200,   0.915,9999.000,  -0.200,  -0.013,   0.702,  -0.400,   0.502,   0.000,   0.902
202605080206,   0.931,9999.000,9999.000,9999.000,9999.000,9999.000,9999.000,9999.000,9999.000
202605080212,   0.947,9999.000,9999.000,9999.000,9999.000,9999.000,9999.000,9999.000,9999.000
202605080218,   0.963,9999.000,9999.000,9999.000,9999.000,9999.000,9999.000,9999.000,9999.000
202605080224,   0.977,9999.000,9999.000,9999.000,9999.000,9999.000,9999.000,9999.000,9999.000
202605080230,   0.992,9999.000,9999.000,9999.000,9999.000,9999.000,9999.000,9999.000,9999.000
202605080236,   1.006,9999.000,9999.000,9999.000,9999.000,9999.000,9999.000,9999.000,9999.000
202605080242,   1.019,9999.000,9999.000,9999.000,9999.000,9999.000,9999.000,9999.000,9999.000
202605080248,   1.032,9999.000,9999.000,9999.000,9999.000,9999.000,9999.000,9999.000,9999.000
202605080254,   1.044,9999.000,9999.000,9999.000,9999.000,9999.000,9999.000,9999.000,9999.000
202605080300,   1.055,9999.000,  -0.200,  -0.013,   0.842,  -0.400,   0.642,   0.000,   1.042
202605080306,   1.066,9999.000,9999.000,9999.000,9999.000,9999.000,9999.000,9999.000,9999.000
202605080312,   1.076,9999.000,9999.000,9999.000,9999.000,9999.000,9999.000,9999.000,9999.000
202605080318,   1.085,9999.000,9999.000,9999.000,9999.000,9999.000,9999.000,9999.000,9999.000
202605080324,   1.094,9999.000,9999.000,9999.000,9999.000,9999.000,9999.000,9999.000,9999.000
202605080330,   1.101,9999.000,9999.000,9999.000,9999.000,9999.000,9999.000,9999.000,9999.000
202605080336,   1.108,9999.000,9999.000,9999.000,9999.000,9999.000,9999.000,9999.000,9999.000
202605080342,   1.114,9999.000,9999.000,9999.000,9999.000,9999.000,9999.000,9999.000,9999.000
202605080348,   1.119,9999.000,9999.000,9999.000,9999.000,9999.000,9999.000,9999.000,9999.000
202605080354,   1.123,9999.000,9999.000,9999.000,9999.000,9999.000,9999.000,9999.000,9999.000
202605080400,   1.126,9999.000,  -0.200,  -0.013,   0.913,  -0.300,   0.813,   0.000,   1.113
202605080406,   1.129,9999.000,9999.000,9999.000,9999.000,9999.000,9999.000,9999.000,9999.000
202605080412,   1.130,9999.000,9999.000,9999.000,9999.000,9999.000,9999.000,9999.000,9999.000
202605080418,   1.130,9999.000,9999.000,9999.000,9999.000,9999.000,9999.000,9999.000,9999.000
202605080424,   1.130,9999.000,9999.000,9999.000,9999.000,9999.000,9999.000,9999.000,9999.000
202605080430,   1.128,9999.000,9999.000,9999.000,9999.000,9999.000,9999.000,9999.000,9999.000
202605080436,   1.126,9999.000,9999.000,9999.000,9999.000,9999.000,9999.000,9999.000,9999.000
202605080442,   1.122,9999.000,9999.000,9999.000,9999.000,9999.000,9999.000,9999.000,9999.000
202605080448,   1.118,9999.000,9999.000,9999.000,9999.000,9999.000,9999.000,9999.000,9999.000
202605080454,   1.112,9999.000,9999.000,9999.000,9999.000,9999.000,9999.000,9999.000,9999.000
202605080500,   1.106,9999.000,  -0.100,  -0.013,   0.993,  -0.300,   0.793,   0.000,   1.093
202605080506,   1.099,9999.000,9999.000,9999.000,9999.000,9999.000,9999.000,9999.000,9999.000
202605080512,   1.091,9999.000,9999.000,9999.000,9999.000,9999.000,9999.000,9999.000,9999.000
202605080518,   1.082,9999.000,9999.000,9999.000,9999.000,9999.000,9999.000,9999.000,9999.000
202605080524,   1.072,9999.000,9999.000,9999.000,9999.000,9999.000,9999.000,9999.000,9999.000
202605080530,   1.062,9999.000,9999.000,9999.000,9999.000,9999.000,9999.000,9999.000,9999.000
202605080536,   1.050,9999.000,9999.000,9999.000,9999.000,9999.000,9999.000,9999.000,9999.000
202605080542,   1.038,9999.000,9999.000,9999.000,9999.000,9999.000,9999.000,9999.000,9999.000
202605080548,   1.026,9999.000,9999.000,9999.000,9999.000,9999.000,9999.000,9999.000,9999.000
202605080554,   1.012,9999.000,9999.000,9999.000,9999.000,9999.000,9999.000,9999.000,9999.000
202605080600,   0.998,9999.000,  -0.100,  -0.013,   0.885,  -0.300,   0.685,   0.000,   0.985
202605080606,   0.984,9999.000,9999.000,9999.000,9999.000,9999.000,9999.000,9999.000,9999.000
202605080612,   0.969,9999.000,9999.000,9999.000,9999.000,9999.000,9999.000,9999.000,9999.000
202605080618,   0.953,9999.000,9999.000,9999.000,9999.000,9999.000,9999.000,9999.000,9999.000
202605080624,   0.937,9999.000,9999.000,9999.000,9999.000,9999.000,9999.000,9999.000,9999.000
202605080630,   0.921,9999.000,9999.000,9999.000,9999.000,9999.000,9999.000,9999.000,9999.000
202605080636,   0.904,9999.000,9999.000,9999.000,9999.000,9999.000,9999.000,9999.000,9999.000
202605080642,   0.888,9999.000,9999.000,9999.000,9999.000,9999.000,9999.000,9999.000,9999.000
202605080648,   0.871,9999.000,9999.000,9999.000,9999.000,9999.000,9999.000,9999.000,9999.000
202605080654,   0.854,9999.000,9999.000,9999.000,9999.000,9999.000,9999.000,9999.000,9999.000
202605080700,   0.837,9999.000,  -0.100,  -0.013,   0.724,  -0.200,   0.624,   0.000,   0.824
202605080706,   0.819,9999.000,9999.000,9999.000,9999.000,9999.000,9999.000,9999.000,9999.000
202605080712,   0.802,9999.000,9999.000,9999.000,9999.000,9999.000,9999.000,9999.000,9999.000
202605080718,   0.785,9999.000,9999.000,9999.000,9999.000,9999.000,9999.000,9999.000,9999.000
202605080724,   0.768,9999.000,9999.000,9999.000,9999.000,9999.000,9999.000,9999.000,9999.000
202605080730,   0.751,9999.000,9999.000,9999.000,9999.000,9999.000,9999.000,9999.000,9999.000
202605080736,   0.735,9999.000,9999.000,9999.000,9999.000,9999.000,9999.000,9999.000,9999.000
202605080742,   0.718,9999.000,9999.000,9999.000,9999.000,9999.000,9999.000,9999.000,9999.000
202605080748,   0.702,9999.000,9999.000,9999.000,9999.000,9999.000,9999.000,9999.000,9999.000
202605080754,   0.687,9999.000,9999.000,9999.000,9999.000,9999.000,9999.000,9999.000,9999.000
202605080800,   0.672,9999.000,  -0.100,  -0.013,   0.559,  -0.200,   0.459,   0.000,   0.659
202605080806,   0.657,9999.000,9999.000,9999.000,9999.000,9999.000,9999.000,9999.000,9999.000
202605080812,   0.643,9999.000,9999.000,9999.000,9999.000,9999.000,9999.000,9999.000,9999.000
202605080818,   0.629,9999.000,9999.000,9999.000,9999.000,9999.000,9999.000,9999.000,9999.000
202605080824,   0.616,9999.000,9999.000,9999.000,9999.000,9999.000,9999.000,9999.000,9999.000
202605080830,   0.603,9999.000,9999.000,9999.000,9999.000,9999.000,9999.000,9999.000,9999.000
202605080836,   0.591,9999.000,9999.000,9999.000,9999.000,9999.000,9999.000,9999.000,9999.000
202605080842,   0.580,9999.000,9999.000,9999.000,9999.000,9999.000,9999.000,9999.000,9999.000
202605080848,   0.570,9999.000,9999.000,9999.000,9999.000,9999.000,9999.000,9999.000,9999.000
202605080854,   0.560,9999.000,9999.000,9999.000,9999.000,9999.000,9999.000,9999.000,9999.000
202605080900,   0.551,9999.000,  -0.100,  -0.013,   0.438,  -0.200,   0.338,   0.000,   0.538
202605080906,   0.543,9999.000,9999.000,9999.000,9999.000,9999.000,9999.000,9999.000,9999.000
202605080912,   0.536,9999.000,9999.000,9999.000,9999.000,9999.000,9999.000,9999.000,9999.000
202605080918,   0.530,9999.000,9999.000,9999.000,9999.000,9999.000,9999.000,9999.000,9999.000
202605080924,   0.524,9999.000,9999.000,9999.000,9999.000,9999.000,9999.000,9999.000,9999.000
202605080930,   0.520,9999.000,9999.000,9999.000,9999.000,9999.000,9999.000,9999.000,9999.000
202605080936,   0.517,9999.000,9999.000,9999.000,9999.000,9999.000,9999.000,9999.000,9999.000
202605080942,   0.515,9999.000,9999.000,9999.000,9999.000,9999.000,9999.000,9999.000,9999.000
202605080948,   0.513,9999.000,9999.000,9999.000,9999.000,9999.000,9999.000,9999.000,9999.000
202605080954,   0.513,9999.000,9999.000,9999.000,9999.000,9999.000,9999.000,9999.000,9999.000
202605081000,   0.514,9999.000,  -0.100,  -0.013,   0.401,  -0.200,   0.301,   0.000,   0.501
202605081006,   0.517,9999.000,9999.000,9999.000,9999.000,9999.000,9999.000,9999.000,9999.000
202605081012,   0.520,9999.000,9999.000,9999.000,9999.000,9999.000,9999.000,9999.000,9999.000
202605081018,   0.524,9999.000,9999.000,9999.000,9999.000,9999.000,9999.000,9999.000,9999.000
202605081024,   0.530,9999.000,9999.000,9999.000,9999.000,9999.000,9999.000,9999.000,9999.000
202605081030,   0.537,9999.000,9999.000,9999.000,9999.000,9999.000,9999.000,9999.000,9999.000
202605081036,   0.545,9999.000,9999.000,9999.000,9999.000,9999.000,9999.000,9999.000,9999.000
202605081042,   0.554,9999.000,9999.000,9999.000,9999.000,9999.000,9999.000,9999.000,9999.000
202605081048,   0.565,9999.000,9999.000,9999.000,9999.000,9999.000,9999.000,9999.000,9999.000
202605081054,   0.576,9999.000,9999.000,9999.000,9999.000,9999.000,9999.000,9999.000,9999.000
202605081100,   0.589,9999.000,   0.000,  -0.013,   0.576,  -0.200,   0.376,   0.000,   0.576
202605081106,   0.603,9999.000,9999.000,9999.000,9999.000,9999.000,9999.000,9999.000,9999.000
202605081112,   0.618,9999.000,9999.000,9999.000,9999.000,9999.000,9999.000,9999.000,9999.000
202605081118,   0.634,9999.000,9999.000,9999.000,9999.000,9999.000,9999.000,9999.000,9999.000
202605081124,   0.652,9999.000,9999.000,9999.000,9999.000,9999.000,9999.000,9999.000,9999.000
202605081130,   0.670,9999.000,9999.000,9999.000,9999.000,9999.000,9999.000,9999.000,9999.000
202605081136,   0.689,9999.000,9999.000,9999.000,9999.000,9999.000,9999.000,9999.000,9999.000
202605081142,   0.709,9999.000,9999.000,9999.000,9999.000,9999.000,9999.000,9999.000,9999.000
202605081148,   0.730,9999.000,9999.000,9999.000,9999.000,9999.000,9999.000,9999.000,9999.000
202605081154,   0.752,9999.000,9999.000,9999.000,9999.000,9999.000,9999.000,9999.000,9999.000
202605081200,   0.774,9999.000,   0.000,  -0.013,   0.761,  -0.200,   0.561,   0.000,   0.761
202605081206,   0.798,9999.000,9999.000,9999.000,9999.000,9999.000,9999.000,9999.000,9999.000
202605081212,   0.822,9999.000,9999.000,9999.000,9999.000,9999.000,9999.000,9999.000,9999.000
202605081218,   0.846,9999.000,9999.000,9999.000,9999.000,9999.000,9999.000,9999.000,9999.000
202605081224,   0.871,9999.000,9999.000,9999.000,9999.000,9999.000,9999.000,9999.000,9999.000
202605081230,   0.896,9999.000,9999.000,9999.000,9999.000,9999.000,9999.000,9999.000,9999.000
202605081236,   0.922,9999.000,9999.000,9999.000,9999.000,9999.000,9999.000,9999.000,9999.000
202605081242,   0.948,9999.000,9999.000,9999.000,9999.000,9999.000,9999.000,9999.000,9999.000
202605081248,   0.974,9999.000,9999.000,9999.000,9999.000,9999.000,9999.000,9999.000,9999.000
202605081254,   1.000,9999.000,9999.000,9999.000,9999.000,9999.000,9999.000,9999.000,9999.000
202605081300,   1.027,9999.000,   0.000,  -0.013,   1.014,  -0.200,   0.814,   0.000,   1.014
202605081306,   1.053,9999.000,9999.000,9999.000,9999.000,9999.000,9999.000,9999.000,9999.000
202605081312,   1.080,9999.000,9999.000,9999.000,9999.000,9999.000,9999.000,9999.000,9999.000
202605081318,   1.106,9999.000,9999.000,9999.000,9999.000,9999.000,9999.000,9999.000,9999.000
202605081324,   1.132,9999.000,9999.000,9999.000,9999.000,9999.000,9999.000,9999.000,9999.000
202605081330,   1.157,9999.000,9999.000,9999.000,9999.000,9999.000,9999.000,9999.000,9999.000
202605081336,   1.183,9999.000,9999.000,9999.000,9999.000,9999.000,9999.000,9999.000,9999.000
202605081342,   1.208,9999.000,9999.000,9999.000,9999.000,9999.000,9999.000,9999.000,9999.000
202605081348,   1.232,9999.000,9999.000,9999.000,9999.000,9999.000,9999.000,9999.000,9999.000
202605081354,   1.256,9999.000,9999.000,9999.000,9999.000,9999.000,9999.000,9999.000,9999.000
202605081400,   1.280,9999.000,   0.000,  -0.013,   1.267,  -0.100,   1.167,   0.100,   1.367
202605081406,   1.302,9999.000,9999.000,9999.000,9999.000,9999.000,9999.000,9999.000,9999.000
202605081412,   1.325,9999.000,9999.000,9999.000,9999.000,9999.000,9999.000,9999.000,9999.000
202605081418,   1.346,9999.000,9999.000,9999.000,9999.000,9999.000,9999.000,9999.000,9999.000
202605081424,   1.367,9999.000,9999.000,9999.000,9999.000,9999.000,9999.000,9999.000,9999.000
202605081430,   1.387,9999.000,9999.000,9999.000,9999.000,9999.000,9999.000,9999.000,9999.000
202605081436,   1.406,9999.000,9999.000,9999.000,9999.000,9999.000,9999.000,9999.000,9999.000
202605081442,   1.425,9999.000,9999.000,9999.000,9999.000,9999.000,9999.000,9999.000,9999.000
202605081448,   1.442,9999.000,9999.000,9999.000,9999.000,9999.000,9999.000,9999.000,9999.000
202605081454,   1.459,9999.000,9999.000,9999.000,9999.000,9999.000,9999.000,9999.000,9999.000
202605081500,   1.475,9999.000,   0.000,  -0.013,   1.462,  -0.100,   1.362,   0.100,   1.562
202605081506,   1.490,9999.000,9999.000,9999.000,9999.000,9999.000,9999.000,9999.000,9999.000
202605081512,   1.504,9999.000,9999.000,9999.000,9999.000,9999.000,9999.000,9999.000,9999.000
202605081518,   1.517,9999.000,9999.000,9999.000,9999.000,9999.000,9999.000,9999.000,9999.000
202605081524,   1.529,9999.000,9999.000,9999.000,9999.000,9999.000,9999.000,9999.000,9999.000
202605081530,   1.540,9999.000,9999.000,9999.000,9999.000,9999.000,9999.000,9999.000,9999.000
202605081536,   1.549,9999.000,9999.000,9999.000,9999.000,9999.000,9999.000,9999.000,9999.000
202605081542,   1.558,9999.000,9999.000,9999.000,9999.000,9999.000,9999.000,9999.000,9999.000
202605081548,   1.566,9999.000,9999.000,9999.000,9999.000,9999.000,9999.000,9999.000,9999.000
202605081554,   1.573,9999.000,9999.000,9999.000,9999.000,9999.000,9999.000,9999.000,9999.000
202605081600,   1.579,9999.000,   0.000,  -0.013,   1.566,  -0.100,   1.466,   0.100,   1.666
202605081606,   1.583,9999.000,9999.000,9999.000,9999.000,9999.000,9999.000,9999.000,9999.000
202605081612,   1.587,9999.000,9999.000,9999.000,9999.000,9999.000,9999.000,9999.000,9999.000
202605081618,   1.589,9999.000,9999.000,9999.000,9999.000,9999.000,9999.000,9999.000,9999.000
202605081624,   1.590,9999.000,9999.000,9999.000,9999.000,9999.000,9999.000,9999.000,9999.000
202605081630,   1.590,9999.000,9999.000,9999.000,9999.000,9999.000,9999.000,9999.000,9999.000
202605081636,   1.589,9999.000,9999.000,9999.000,9999.000,9999.000,9999.000,9999.000,9999.000
202605081642,   1.587,9999.000,9999.000,9999.000,9999.000,9999.000,9999.000,9999.000,9999.000
202605081648,   1.584,9999.000,9999.000,9999.000,9999.000,9999.000,9999.000,9999.000,9999.000
202605081654,   1.580,9999.000,9999.000,9999.000,9999.000,9999.000,9999.000,9999.000,9999.000
202605081700,   1.574,9999.000,   0.000,  -0.013,   1.561,  -0.100,   1.461,   0.100,   1.661
202605081706,   1.568,9999.000,9999.000,9999.000,9999.000,9999.000,9999.000,9999.000,9999.000
202605081712,   1.560,9999.000,9999.000,9999.000,9999.000,9999.000,9999.000,9999.000,9999.000
202605081718,   1.551,9999.000,9999.000,9999.000,9999.000,9999.000,9999.000,9999.000,9999.000
202605081724,   1.542,9999.000,9999.000,9999.000,9999.000,9999.000,9999.000,9999.000,9999.000
202605081730,   1.531,9999.000,9999.000,9999.000,9999.000,9999.000,9999.000,9999.000,9999.000
202605081736,   1.519,9999.000,9999.000,9999.000,9999.000,9999.000,9999.000,9999.000,9999.000
202605081742,   1.507,9999.000,9999.000,9999.000,9999.000,9999.000,9999.000,9999.000,9999.000
202605081748,   1.493,9999.000,9999.000,9999.000,9999.000,9999.000,9999.000,9999.000,9999.000
202605081754,   1.478,9999.000,9999.000,9999.000,9999.000,9999.000,9999.000,9999.000,9999.000
202605081800,   1.463,9999.000,   0.000,  -0.013,   1.450,  -0.100,   1.350,   0.100,   1.550
202605081806,   1.447,9999.000,9999.000,9999.000,9999.000,9999.000,9999.000,9999.000,9999.000
202605081812,   1.430,9999.000,9999.000,9999.000,9999.000,9999.000,9999.000,9999.000,9999.000
202605081818,   1.412,9999.000,9999.000,9999.000,9999.000,9999.000,9999.000,9999.000,9999.000
202605081824,   1.393,9999.000,9999.000,9999.000,9999.000,9999.000,9999.000,9999.000,9999.000
202605081830,   1.374,9999.000,9999.000,9999.000,9999.000,9999.000,9999.000,9999.000,9999.000
202605081836,   1.354,9999.000,9999.000,9999.000,9999.000,9999.000,9999.000,9999.000,9999.000
202605081842,   1.333,9999.000,9999.000,9999.000,9999.000,9999.000,9999.000,9999.000,9999.000
202605081848,   1.312,9999.000,9999.000,9999.000,9999.000,9999.000,9999.000,9999.000,9999.000
202605081854,   1.291,9999.000,9999.000,9999.000,9999.000,9999.000,9999.000,9999.000,9999.000
202605081900,   1.269,9999.000,   0.000,  -0.013,   1.256,   0.000,   1.256,   0.200,   1.456
202605081906,   1.247,9999.000,9999.000,9999.000,9999.000,9999.000,9999.000,9999.000,9999.000
202605081912,   1.224,9999.000,9999.000,9999.000,9999.000,9999.000,9999.000,9999.000,9999.000
202605081918,   1.201,9999.000,9999.000,9999.000,9999.000,9999.000,9999.000,9999.000,9999.000
202605081924,   1.178,9999.000,9999.000,9999.000,9999.000,9999.000,9999.000,9999.000,9999.000
202605081930,   1.154,9999.000,9999.000,9999.000,9999.000,9999.000,9999.000,9999.000,9999.000
202605081936,   1.130,9999.000,9999.000,9999.000,9999.000,9999.000,9999.000,9999.000,9999.000
202605081942,   1.107,9999.000,9999.000,9999.000,9999.000,9999.000,9999.000,9999.000,9999.000
202605081948,   1.083,9999.000,9999.000,9999.000,9999.000,9999.000,9999.000,9999.000,9999.000
202605081954,   1.059,9999.000,9999.000,9999.000,9999.000,9999.000,9999.000,9999.000,9999.000
202605082000,   1.035,9999.000,   0.100,  -0.013,   1.122,   0.000,   1.022,   0.200,   1.222
202605082006,   1.011,9999.000,9999.000,9999.000,9999.000,9999.000,9999.000,9999.000,9999.000
202605082012,   0.987,9999.000,9999.000,9999.000,9999.000,9999.000,9999.000,9999.000,9999.000
202605082018,   0.963,9999.000,9999.000,9999.000,9999.000,9999.000,9999.000,9999.000,9999.000
202605082024,   0.940,9999.000,9999.000,9999.000,9999.000,9999.000,9999.000,9999.000,9999.000
202605082030,   0.916,9999.000,9999.000,9999.000,9999.000,9999.000,9999.000,9999.000,9999.000
202605082036,   0.893,9999.000,9999.000,9999.000,9999.000,9999.000,9999.000,9999.000,9999.000
202605082042,   0.870,9999.000,9999.000,9999.000,9999.000,9999.000,9999.000,9999.000,9999.000
202605082048,   0.848,9999.000,9999.000,9999.000,9999.000,9999.000,9999.000,9999.000,9999.000
202605082054,   0.826,9999.000,9999.000,9999.000,9999.000,9999.000,9999.000,9999.000,9999.000
202605082100,   0.804,9999.000,   0.100,  -0.013,   0.891,   0.000,   0.791,   0.200,   0.991
202605082106,   0.783,9999.000,9999.000,9999.000,9999.000,9999.000,9999.000,9999.000,9999.000
202605082112,   0.762,9999.000,9999.000,9999.000,9999.000,9999.000,9999.000,9999.000,9999.000
202605082118,   0.741,9999.000,9999.000,9999.000,9999.000,9999.000,9999.000,9999.000,9999.000
202605082124,   0.722,9999.000,9999.000,9999.000,9999.000,9999.000,9999.000,9999.000,9999.000
202605082130,   0.702,9999.000,9999.000,9999.000,9999.000,9999.000,9999.000,9999.000,9999.000
202605082136,   0.684,9999.000,9999.000,9999.000,9999.000,9999.000,9999.000,9999.000,9999.000
202605082142,   0.666,9999.000,9999.000,9999.000,9999.000,9999.000,9999.000,9999.000,9999.000
202605082148,   0.649,9999.000,9999.000,9999.000,9999.000,9999.000,9999.000,9999.000,9999.000
202605082154,   0.632,9999.000,9999.000,9999.000,9999.000,9999.000,9999.000,9999.000,9999.000
202605082200,   0.617,9999.000,   0.100,  -0.013,   0.704,   0.000,   0.604,   0.200,   0.804
202605082206,   0.602,9999.000,9999.000,9999.000,9999.000,9999.000,9999.000,9999.000,9999.000
202605082212,   0.588,9999.000,9999.000,9999.000,9999.000,9999.000,9999.000,9999.000,9999.000
202605082218,   0.575,9999.000,9999.000,9999.000,9999.000,9999.000,9999.000,9999.000,9999.000
202605082224,   0.563,9999.000,9999.000,9999.000,9999.000,9999.000,9999.000,9999.000,9999.000
202605082230,   0.553,9999.000,9999.000,9999.000,9999.000,9999.000,9999.000,9999.000,9999.000
202605082236,   0.543,9999.000,9999.000,9999.000,9999.000,9999.000,9999.000,9999.000,9999.000
202605082242,   0.534,9999.000,9999.000,9999.000,9999.000,9999.000,9999.000,9999.000,9999.000
202605082248,   0.526,9999.000,9999.000,9999.000,9999.000,9999.000,9999.000,9999.000,9999.000
202605082254,   0.519,9999.000,9999.000,9999.000,9999.000,9999.000,9999.000,9999.000,9999.000
202605082300,   0.514,9999.000,   0.100,  -0.013,   0.601,   0.000,   0.501,   0.300,   0.801
202605082306,   0.509,9999.000,9999.000,9999.000,9999.000,9999.000,9999.000,9999.000,9999.000
202605082312,   0.506,9999.000,9999.000,9999.000,9999.000,9999.000,9999.000,9999.000,9999.000
202605082318,   0.504,9999.000,9999.000,9999.000,9999.000,9999.000,9999.000,9999.000,9999.000
202605082324,   0.503,9999.000,9999.000,9999.000,9999.000,9999.000,9999.000,9999.000,9999.000
202605082330,   0.504,9999.000,9999.000,9999.000,9999.000,9999.000,9999.000,9999.000,9999.000
202605082336,   0.505,9999.000,9999.000,9999.000,9999.000,9999.000,9999.000,9999.000,9999.000
202605082342,   0.508,9999.000,9999.000,9999.000,9999.000,9999.000,9999.000,9999.000,9999.000
202605082348,   0.512,9999.000,9999.000,9999.000,9999.000,9999.000,9999.000,9999.000,9999.000
202605082354,   0.516,9999.000,9999.000,9999.000,9999.000,9999.000,9999.000,9999.000,9999.000
202605090000,   0.523,9999.000,   0.200,  -0.013,   0.710,   0.000,   0.510,   0.300,   0.810
202605090006,   0.530,9999.000,9999.000,9999.000,9999.000,9999.000,9999.000,9999.000,9999.000
202605090012,   0.538,9999.000,9999.000,9999.000,9999.000,9999.000,9999.000,9999.000,9999.000
202605090018,   0.547,9999.000,9999.000,9999.000,9999.000,9999.000,9999.000,9999.000,9999.000
202605090024,   0.557,9999.000,9999.000,9999.000,9999.000,9999.000,9999.000,9999.000,9999.000
202605090030,   0.568,9999.000,9999.000,9999.000,9999.000,9999.000,9999.000,9999.000,9999.000
202605090036,   0.580,9999.000,9999.000,9999.000,9999.000,9999.000,9999.000,9999.000,9999.000
202605090042,   0.593,9999.000,9999.000,9999.000,9999.000,9999.000,9999.000,9999.000,9999.000
202605090048,   0.607,9999.000,9999.000,9999.000,9999.000,9999.000,9999.000,9999.000,9999.000
202605090054,   0.621,9999.000,9999.000,9999.000,9999.000,9999.000,9999.000,9999.000,9999.000
202605090100,   0.636,9999.000,   0.200,  -0.013,   0.823,   0.100,   0.723,   0.300,   0.923
202605090106,   0.652,9999.000,9999.000,9999.000,9999.000,9999.000,9999.000,9999.000,9999.000
202605090112,   0.668,9999.000,9999.000,9999.000,9999.000,9999.000,9999.000,9999.000,9999.000
202605090118,   0.685,9999.000,9999.000,9999.000,9999.000,9999.000,9999.000,9999.000,9999.000
202605090124,   0.702,9999.000,9999.000,9999.000,9999.000,9999.000,9999.000,9999.000,9999.000
202605090130,   0.720,9999.000,9999.000,9999.000,9999.000,9999.000,9999.000,9999.000,9999.000
202605090136,   0.737,9999.000,9999.000,9999.000,9999.000,9999.000,9999.000,9999.000,9999.000
202605090142,   0.755,9999.000,9999.000,9999.000,9999.000,9999.000,9999.000,9999.000,9999.000
202605090148,   0.774,9999.000,9999.000,9999.000,9999.000,9999.000,9999.000,9999.000,9999.000
202605090154,   0.792,9999.000,9999.000,9999.000,9999.000,9999.000,9999.000,9999.000,9999.000
202605090200,   0.811,9999.000,   0.300,  -0.013,   1.098,   0.100,   0.898,   0.400,   1.198
202605090206,   0.829,9999.000,9999.000,9999.000,9999.000,9999.000,9999.000,9999.000,9999.000
202605090212,   0.847,9999.000,9999.000,9999.000,9999.000,9999.000,9999.000,9999.000,9999.000
202605090218,   0.866,9999.000,9999.000,9999.000,9999.000,9999.000,9999.000,9999.000,9999.000
202605090224,   0.884,9999.000,9999.000,9999.000,9999.000,9999.000,9999.000,9999.000,9999.000
202605090230,   0.902,9999.000,9999.000,9999.000,9999.000,9999.000,9999.000,9999.000,9999.000
202605090236,   0.920,9999.000,9999.000,9999.000,9999.000,9999.000,9999.000,9999.000,9999.000
202605090242,   0.938,9999.000,9999.000,9999.000,9999.000,9999.000,9999.000,9999.000,9999.000
202605090248,   0.955,9999.000,9999.000,9999.000,9999.000,9999.000,9999.000,9999.000,9999.000
202605090254,   0.972,9999.000,9999.000,9999.000,9999.000,9999.000,9999.000,9999.000,9999.000
202605090300,   0.988,9999.000,   0.300,  -0.013,   1.275,   0.100,   1.075,   0.400,   1.375
202605090306,   1.004,9999.000,9999.000,9999.000,9999.000,9999.000,9999.000,9999.000,9999.000
202605090312,   1.020,9999.000,9999.000,9999.000,9999.000,9999.000,9999.000,9999.000,9999.000
202605090318,   1.035,9999.000,9999.000,9999.000,9999.000,9999.000,9999.000,9999.000,9999.000
202605090324,   1.049,9999.000,9999.000,9999.000,9999.000,9999.000,9999.000,9999.000,9999.000
202605090330,   1.063,9999.000,9999.000,9999.000,9999.000,9999.000,9999.000,9999.000,9999.000
202605090336,   1.077,9999.000,9999.000,9999.000,9999.000,9999.000,9999.000,9999.000,9999.000
202605090342,   1.089,9999.000,9999.000,9999.000,9999.000,9999.000,9999.000,9999.000,9999.000
202605090348,   1.101,9999.000,9999.000,9999.000,9999.000,9999.000,9999.000,9999.000,9999.000
202605090354,   1.113,9999.000,9999.000,9999.000,9999.000,9999.000,9999.000,9999.000,9999.000
202605090400,   1.123,9999.000,   0.300,  -0.013,   1.410,   0.200,   1.310,   0.500,   1.610
202605090406,   1.133,9999.000,9999.000,9999.000,9999.000,9999.000,9999.000,9999.000,9999.000
202605090412,   1.142,9999.000,9999.000,9999.000,9999.000,9999.000,9999.000,9999.000,9999.000
202605090418,   1.150,9999.000,9999.000,9999.000,9999.000,9999.000,9999.000,9999.000,9999.000
202605090424,   1.157,9999.000,9999.000,9999.000,9999.000,9999.000,9999.000,9999.000,9999.000
202605090430,   1.164,9999.000,9999.000,9999.000,9999.000,9999.000,9999.000,9999.000,9999.000
202605090436,   1.170,9999.000,9999.000,9999.000,9999.000,9999.000,9999.000,9999.000,9999.000
202605090442,   1.174,9999.000,9999.000,9999.000,9999.000,9999.000,9999.000,9999.000,9999.000
202605090448,   1.178,9999.000,9999.000,9999.000,9999.000,9999.000,9999.000,9999.000,9999.000
202605090454,   1.181,9999.000,9999.000,9999.000,9999.000,9999.000,9999.000,9999.000,9999.000
202605090500,   1.183,9999.000,   0.400,  -0.013,   1.570,   0.200,   1.370,   0.600,   1.770
202605090506,   1.184,9999.000,9999.000,9999.000,9999.000,9999.000,9999.000,9999.000,9999.000
202605090512,   1.184,9999.000,9999.000,9999.000,9999.000,9999.000,9999.000,9999.000,9999.000
202605090518,   1.183,9999.000,9999.000,9999.000,9999.000,9999.000,9999.000,9999.000,9999.000
202605090524,   1.181,9999.000,9999.000,9999.000,9999.000,9999.000,9999.000,9999.000,9999.000
202605090530,   1.178,9999.000,9999.000,9999.000,9999.000,9999.000,9999.000,9999.000,9999.000
202605090536,   1.174,9999.000,9999.000,9999.000,9999.000,9999.000,9999.000,9999.000,9999.000
202605090542,   1.170,9999.000,9999.000,9999.000,9999.000,9999.000,9999.000,9999.000,9999.000
202605090548,   1.164,9999.000,9999.000,9999.000,9999.000,9999.000,9999.000,9999.000,9999.000
202605090554,   1.157,9999.000,9999.000,9999.000,9999.000,9999.000,9999.000,9999.000,9999.000
202605090600,   1.150,9999.000,   0.400,  -0.013,   1.537,   0.200,   1.337,   0.700,   1.837
202605090606,   1.141,9999.000,9999.000,9999.000,9999.000,9999.000,9999.000,9999.000,9999.000
202605090612,   1.132,9999.000,9999.000,9999.000,9999.000,9999.000,9999.000,9999.000,9999.000
202605090618,   1.122,9999.000,9999.000,9999.000,9999.000,9999.000,9999.000,9999.000,9999.000
202605090624,   1.111,9999.000,9999.000,9999.000,9999.000,9999.000,9999.000,9999.000,9999.000
202605090630,   1.099,9999.000,9999.000,9999.000,9999.000,9999.000,9999.000,9999.000,9999.000
202605090636,   1.087,9999.000,9999.000,9999.000,9999.000,9999.000,9999.000,9999.000,9999.000
202605090642,   1.074,9999.000,9999.000,9999.000,9999.000,9999.000,9999.000,9999.000,9999.000
202605090648,   1.060,9999.000,9999.000,9999.000,9999.000,9999.000,9999.000,9999.000,9999.000
202605090654,   1.045,9999.000,9999.000,9999.000,9999.000,9999.000,9999.000,9999.000,9999.000
202605090700,   1.031,9999.000,   0.500,  -0.013,   1.518,   0.300,   1.318,   0.700,   1.718
202605090706,   1.015,9999.000,9999.000,9999.000,9999.000,9999.000,9999.000,9999.000,9999.000
202605090712,   0.999,9999.000,9999.000,9999.000,9999.000,9999.000,9999.000,9999.000,9999.000
202605090718,   0.983,9999.000,9999.000,9999.000,9999.000,9999.000,9999.000,9999.000,9999.000
202605090724,   0.966,9999.000,9999.000,9999.000,9999.000,9999.000,9999.000,9999.000,9999.000
202605090730,   0.950,9999.000,9999.000,9999.000,9999.000,9999.000,9999.000,9999.000,9999.000
202605090736,   0.932,9999.000,9999.000,9999.000,9999.000,9999.000,9999.000,9999.000,9999.000
202605090742,   0.915,9999.000,9999.000,9999.000,9999.000,9999.000,9999.000,9999.000,9999.000
202605090748,   0.898,9999.000,9999.000,9999.000,9999.000,9999.000,9999.000,9999.000,9999.000
202605090754,   0.880,9999.000,9999.000,9999.000,9999.000,9999.000,9999.000,9999.000,9999.000
202605090800,   0.862,9999.000,   0.500,  -0.013,   1.349,   0.300,   1.149,   0.800,   1.649
202605090806,   0.845,9999.000,9999.000,9999.000,9999.000,9999.000,9999.000,9999.000,9999.000
202605090812,   0.827,9999.000,9999.000,9999.000,9999.000,9999.000,9999.000,9999.000,9999.000
202605090818,   0.810,9999.000,9999.000,9999.000,9999.000,9999.000,9999.000,9999.000,9999.000
202605090824,   0.793,9999.000,9999.000,9999.000,9999.000,9999.000,9999.000,9999.000,9999.000
202605090830,   0.775,9999.000,9999.000,9999.000,9999.000,9999.000,9999.000,9999.000,9999.000
202605090836,   0.759,9999.000,9999.000,9999.000,9999.000,9999.000,9999.000,9999.000,9999.000
202605090842,   0.742,9999.000,9999.000,9999.000,9999.000,9999.000,9999.000,9999.000,9999.000
202605090848,   0.726,9999.000,9999.000,9999.000,9999.000,9999.000,9999.000,9999.000,9999.000
202605090854,   0.710,9999.000,9999.000,9999.000,9999.000,9999.000,9999.000,9999.000,9999.000
202605090900,   0.695,9999.000,   0.600,  -0.013,   1.282,   0.300,   0.982,   0.800,   1.482
202605090906,   0.680,9999.000,9999.000,9999.000,9999.000,9999.000,9999.000,9999.000,9999.000
202605090912,   0.665,9999.000,9999.000,9999.000,9999.000,9999.000,9999.000,9999.000,9999.000
202605090918,   0.652,9999.000,9999.000,9999.000,9999.000,9999.000,9999.000,9999.000,9999.000
202605090924,   0.638,9999.000,9999.000,9999.000,9999.000,9999.000,9999.000,9999.000,9999.000
202605090930,   0.626,9999.000,9999.000,9999.000,9999.000,9999.000,9999.000,9999.000,9999.000
202605090936,   0.614,9999.000,9999.000,9999.000,9999.000,9999.000,9999.000,9999.000,9999.000
202605090942,   0.602,9999.000,9999.000,9999.000,9999.000,9999.000,9999.000,9999.000,9999.000
202605090948,   0.592,9999.000,9999.000,9999.000,9999.000,9999.000,9999.000,9999.000,9999.000
202605090954,   0.582,9999.000,9999.000,9999.000,9999.000,9999.000,9999.000,9999.000,9999.000
202605091000,   0.573,9999.000,   0.600,  -0.013,   1.160,   0.400,   0.960,   0.900,   1.460
202605091006,   0.565,9999.000,9999.000,9999.000,9999.000,9999.000,9999.000,9999.000,9999.000
202605091012,   0.558,9999.000,9999.000,9999.000,9999.000,9999.000,9999.000,9999.000,9999.000
202605091018,   0.552,9999.000,9999.000,9999.000,9999.000,9999.000,9999.000,9999.000,9999.000
202605091024,   0.547,9999.000,9999.000,9999.000,9999.000,9999.000,9999.000,9999.000,9999.000
202605091030,   0.542,9999.000,9999.000,9999.000,9999.000,9999.000,9999.000,9999.000,9999.000
202605091036,   0.539,9999.000,9999.000,9999.000,9999.000,9999.000,9999.000,9999.000,9999.000
202605091042,   0.537,9999.000,9999.000,9999.000,9999.000,9999.000,9999.000,9999.000,9999.000
202605091048,   0.536,9999.000,9999.000,9999.000,9999.000,9999.000,9999.000,9999.000,9999.000
202605091054,   0.536,9999.000,9999.000,9999.000,9999.000,9999.000,9999.000,9999.000,9999.000
202605091100,   0.537,9999.000,   0.600,  -0.013,   1.124,   0.400,   0.924,   1.000,   1.524
202605091106,   0.539,9999.000,9999.000,9999.000,9999.000,9999.000,9999.000,9999.000,9999.000
202605091112,   0.543,9999.000,9999.000,9999.000,9999.000,9999.000,9999.000,9999.000,9999.000
202605091118,   0.547,9999.000,9999.000,9999.000,9999.000,9999.000,9999.000,9999.000,9999.000
202605091124,   0.553,9999.000,9999.000,9999.000,9999.000,9999.000,9999.000,9999.000,9999.000
202605091130,   0.560,9999.000,9999.000,9999.000,9999.000,9999.000,9999.000,9999.000,9999.000
202605091136,   0.568,9999.000,9999.000,9999.000,9999.000,9999.000,9999.000,9999.000,9999.000
202605091142,   0.577,9999.000,9999.000,9999.000,9999.000,9999.000,9999.000,9999.000,9999.000
202605091148,   0.588,9999.000,9999.000,9999.000,9999.000,9999.000,9999.000,9999.000,9999.000
202605091154,   0.599,9999.000,9999.000,9999.000,9999.000,9999.000,9999.000,9999.000,9999.000
202605091200,   0.612,9999.000,   0.700,  -0.013,   1.299,   0.400,   0.999,   1.000,   1.599
