        TIME,    TIDE,      OB,   SURGE,    BIAS,     TWL,SURGE90p,  TWL90p,SURGE10p,   TWL10p
202605230000,   0.575,   1.020,   0.500,  -0.055,   1.020,   0.500,   1.020,   0.500,   1.020
202605230006,   0.546,9999.000,9999.000,9999.000,9999.000,9999.000,9999.000,9999.000,9999.000
202605230012,   0.519,   1.020,9999.000,9999.000,9999.000,9999.000,9999.000,9999.000,9999.000
202605230018,   0.495,9999.000,9999.000,9999.000,9999.000,9999.000,9999.000,9999.000,9999.000
202605230024,   0.475,   1.029,9999.000,9999.000,9999.000,9999.000,9999.000,9999.000,9999.000
202605230030,   0.458,9999.000,9999.000,9999.000,9999.000,9999.000,9999.000,9999.000,9999.000
202605230036,   0.445,   1.059,9999.000,9999.000,9999.000,9999.000,9999.000,9999.000,9999.000
202605230042,   0.436,9999.000,9999.000,9999.000,9999.000,9999.000,9999.000,9999.000,9999.000
202605230048,   0.431,   1.108,9999.000,9999.000,9999.000,9999.000,9999.000,9999.000,9999.000
202605230054,   0.431,9999.000,9999.000,9999.000,9999.000,9999.000,9999.000,9999.000,9999.000
202605230100,   0.436,   1.170,   0.500,   0.234,   1.170,   0.500,   1.170,   0.600,   1.270
202605230106,   0.446,   1.210,9999.000,9999.000,9999.000,9999.000,9999.000,9999.000,9999.000
202605230112,   0.461,   1.249,9999.000,9999.000,9999.000,9999.000,9999.000,9999.000,9999.000
202605230118,   0.481,   1.298,9999.000,9999.000,9999.000,9999.000,9999.000,9999.000,9999.000
202605230124,   0.506,   1.361,9999.000,9999.000,9999.000,9999.000,9999.000,9999.000,9999.000
202605230130,   0.536,   1.420,9999.000,9999.000,9999.000,9999.000,9999.000,9999.000,9999.000
202605230136,   0.572,   1.489,9999.000,9999.000,9999.000,9999.000,9999.000,9999.000,9999.000
202605230142,   0.613,   1.557,9999.000,9999.000,9999.000,9999.000,9999.000,9999.000,9999.000
202605230148,   0.658,   1.639,9999.000,9999.000,9999.000,9999.000,9999.000,9999.000,9999.000
202605230154,   0.708,   1.708,9999.000,9999.000,9999.000,9999.000,9999.000,9999.000,9999.000
202605230200,   0.763,   1.790,   0.500,   0.527,   1.790,   0.500,   1.790,   0.600,   1.890
202605230206,   0.822,   1.859,9999.000,9999.000,9999.000,9999.000,9999.000,9999.000,9999.000
202605230212,   0.884,   1.948,9999.000,9999.000,9999.000,9999.000,9999.000,9999.000,9999.000
202605230218,   0.950,   2.040,9999.000,9999.000,9999.000,9999.000,9999.000,9999.000,9999.000
202605230224,   1.019,   2.118,9999.000,9999.000,9999.000,9999.000,9999.000,9999.000,9999.000
202605230230,   1.091,   2.210,9999.000,9999.000,9999.000,9999.000,9999.000,9999.000,9999.000
202605230236,   1.164,   2.299,9999.000,9999.000,9999.000,9999.000,9999.000,9999.000,9999.000
202605230242,   1.240,   2.387,9999.000,9999.000,9999.000,9999.000,9999.000,9999.000,9999.000
202605230248,   1.317,   2.469,9999.000,9999.000,9999.000,9999.000,9999.000,9999.000,9999.000
202605230254,   1.395,   2.548,9999.000,9999.000,9999.000,9999.000,9999.000,9999.000,9999.000
202605230300,   1.474,   2.620,   0.600,   0.546,   2.620,   0.500,   2.520,   0.600,   2.620
202605230306,   1.553,   2.699,9999.000,9999.000,9999.000,9999.000,9999.000,9999.000,9999.000
202605230312,   1.631,   2.778,9999.000,9999.000,9999.000,9999.000,9999.000,9999.000,9999.000
202605230318,   1.710,   2.860,9999.000,9999.000,9999.000,9999.000,9999.000,9999.000,9999.000
202605230324,   1.787,   2.929,9999.000,9999.000,9999.000,9999.000,9999.000,9999.000,9999.000
202605230330,   1.863,   2.997,9999.000,9999.000,9999.000,9999.000,9999.000,9999.000,9999.000
202605230336,   1.938,   3.070,9999.000,9999.000,9999.000,9999.000,9999.000,9999.000,9999.000
202605230342,   2.012,   3.138,9999.000,9999.000,9999.000,9999.000,9999.000,9999.000,9999.000
202605230348,   2.084,   3.197,9999.000,9999.000,9999.000,9999.000,9999.000,9999.000,9999.000
202605230354,   2.153,   3.250,9999.000,9999.000,9999.000,9999.000,9999.000,9999.000,9999.000
202605230400,   2.221,   3.309,   0.600,   0.488,   3.309,   0.500,   3.209,   0.600,   3.309
202605230406,   2.287,   3.358,9999.000,9999.000,9999.000,9999.000,9999.000,9999.000,9999.000
202605230412,   2.351,   3.417,9999.000,9999.000,9999.000,9999.000,9999.000,9999.000,9999.000
202605230418,   2.412,   3.470,9999.000,9999.000,9999.000,9999.000,9999.000,9999.000,9999.000
202605230424,   2.471,   3.519,9999.000,9999.000,9999.000,9999.000,9999.000,9999.000,9999.000
202605230430,   2.527,   3.548,9999.000,9999.000,9999.000,9999.000,9999.000,9999.000,9999.000
202605230436,   2.581,   3.588,9999.000,9999.000,9999.000,9999.000,9999.000,9999.000,9999.000
202605230442,   2.632,   3.617,9999.000,9999.000,9999.000,9999.000,9999.000,9999.000,9999.000
202605230448,   2.681,   3.660,9999.000,9999.000,9999.000,9999.000,9999.000,9999.000,9999.000
202605230454,   2.727,   3.689,9999.000,9999.000,9999.000,9999.000,9999.000,9999.000,9999.000
202605230500,   2.771,   3.719,   0.600,   0.348,   3.719,   0.500,   3.619,   0.600,   3.719
202605230506,   2.811,   3.749,9999.000,9999.000,9999.000,9999.000,9999.000,9999.000,9999.000
202605230512,   2.849,   3.768,9999.000,9999.000,9999.000,9999.000,9999.000,9999.000,9999.000
202605230518,   2.884,   3.788,9999.000,9999.000,9999.000,9999.000,9999.000,9999.000,9999.000
202605230524,   2.916,   3.808,9999.000,9999.000,9999.000,9999.000,9999.000,9999.000,9999.000
202605230530,   2.945,   3.817,9999.000,9999.000,9999.000,9999.000,9999.000,9999.000,9999.000
202605230536,   2.970,   3.827,9999.000,9999.000,9999.000,9999.000,9999.000,9999.000,9999.000
202605230542,   2.993,   3.837,9999.000,9999.000,9999.000,9999.000,9999.000,9999.000,9999.000
202605230548,   3.012,   3.837,9999.000,9999.000,9999.000,9999.000,9999.000,9999.000,9999.000
202605230554,   3.028,   3.837,9999.000,9999.000,9999.000,9999.000,9999.000,9999.000,9999.000
202605230600,   3.040,   3.837,   0.600,   0.197,   3.837,   0.600,   3.837,   0.700,   3.937
202605230606,   3.049,   3.827,9999.000,9999.000,9999.000,9999.000,9999.000,9999.000,9999.000
202605230612,   3.055,   3.817,9999.000,9999.000,9999.000,9999.000,9999.000,9999.000,9999.000
202605230618,   3.057,   3.798,9999.000,9999.000,9999.000,9999.000,9999.000,9999.000,9999.000
202605230624,   3.056,   3.768,9999.000,9999.000,9999.000,9999.000,9999.000,9999.000,9999.000
202605230630,   3.052,   3.749,9999.000,9999.000,9999.000,9999.000,9999.000,9999.000,9999.000
202605230636,   3.044,   3.729,9999.000,9999.000,9999.000,9999.000,9999.000,9999.000,9999.000
202605230642,   3.033,   3.699,9999.000,9999.000,9999.000,9999.000,9999.000,9999.000,9999.000
202605230648,   3.019,   3.660,9999.000,9999.000,9999.000,9999.000,9999.000,9999.000,9999.000
202605230654,   3.002,   3.617,9999.000,9999.000,9999.000,9999.000,9999.000,9999.000,9999.000
202605230700,   2.982,   3.578,   0.700,  -0.104,   3.578,   0.600,   3.478,   0.700,   3.578
202605230706,   2.959,   3.539,9999.000,9999.000,9999.000,9999.000,9999.000,9999.000,9999.000
202605230712,   2.933,   3.480,9999.000,9999.000,9999.000,9999.000,9999.000,9999.000,9999.000
202605230718,   2.906,   3.427,9999.000,9999.000,9999.000,9999.000,9999.000,9999.000,9999.000
202605230724,   2.876,   3.368,9999.000,9999.000,9999.000,9999.000,9999.000,9999.000,9999.000
202605230730,   2.844,   3.309,9999.000,9999.000,9999.000,9999.000,9999.000,9999.000,9999.000
202605230736,   2.810,   3.250,9999.000,9999.000,9999.000,9999.000,9999.000,9999.000,9999.000
202605230742,   2.774,   3.197,9999.000,9999.000,9999.000,9999.000,9999.000,9999.000,9999.000
202605230748,   2.737,   3.129,9999.000,9999.000,9999.000,9999.000,9999.000,9999.000,9999.000
202605230754,   2.698,   3.060,9999.000,9999.000,9999.000,9999.000,9999.000,9999.000,9999.000
202605230800,   2.658,   2.997,   0.700,  -0.361,   2.997,   0.600,   2.897,   0.700,   2.997
202605230806,   2.616,   2.929,9999.000,9999.000,9999.000,9999.000,9999.000,9999.000,9999.000
202605230812,   2.574,   2.869,9999.000,9999.000,9999.000,9999.000,9999.000,9999.000,9999.000
202605230818,   2.530,   2.797,9999.000,9999.000,9999.000,9999.000,9999.000,9999.000,9999.000
202605230824,   2.486,   2.728,9999.000,9999.000,9999.000,9999.000,9999.000,9999.000,9999.000
202605230830,   2.441,   2.669,9999.000,9999.000,9999.000,9999.000,9999.000,9999.000,9999.000
202605230836,   2.395,   2.597,9999.000,9999.000,9999.000,9999.000,9999.000,9999.000,9999.000
202605230842,   2.349,   2.528,9999.000,9999.000,9999.000,9999.000,9999.000,9999.000,9999.000
202605230848,   2.302,   2.469,9999.000,9999.000,9999.000,9999.000,9999.000,9999.000,9999.000
202605230854,   2.254,   2.400,9999.000,9999.000,9999.000,9999.000,9999.000,9999.000,9999.000
202605230900,   2.206,   2.338,   0.700,  -0.568,   2.338,   0.600,   2.238,   0.700,   2.338
202605230906,   2.158,   2.269,9999.000,9999.000,9999.000,9999.000,9999.000,9999.000,9999.000
202605230912,   2.109,   2.210,9999.000,9999.000,9999.000,9999.000,9999.000,9999.000,9999.000
202605230918,   2.060,   2.148,9999.000,9999.000,9999.000,9999.000,9999.000,9999.000,9999.000
202605230924,   2.011,   2.089,9999.000,9999.000,9999.000,9999.000,9999.000,9999.000,9999.000
202605230930,   1.961,   2.040,9999.000,9999.000,9999.000,9999.000,9999.000,9999.000,9999.000
202605230936,   1.911,   1.981,9999.000,9999.000,9999.000,9999.000,9999.000,9999.000,9999.000
202605230942,   1.861,   1.918,9999.000,9999.000,9999.000,9999.000,9999.000,9999.000,9999.000
202605230948,   1.812,   1.869,9999.000,9999.000,9999.000,9999.000,9999.000,9999.000,9999.000
202605230954,   1.762,   1.810,9999.000,9999.000,9999.000,9999.000,9999.000,9999.000,9999.000
202605231000,   1.712,   1.758,   0.700,  -0.654,   1.758,   0.600,   1.658,   0.700,   1.758
202605231006,   1.662,   1.718,9999.000,9999.000,9999.000,9999.000,9999.000,9999.000,9999.000
202605231012,   1.613,   1.669,9999.000,9999.000,9999.000,9999.000,9999.000,9999.000,9999.000
202605231018,   1.564,   1.630,9999.000,9999.000,9999.000,9999.000,9999.000,9999.000,9999.000
202605231024,   1.515,   1.590,9999.000,9999.000,9999.000,9999.000,9999.000,9999.000,9999.000
202605231030,   1.466,   1.548,9999.000,9999.000,9999.000,9999.000,9999.000,9999.000,9999.000
202605231036,   1.419,   1.508,9999.000,9999.000,9999.000,9999.000,9999.000,9999.000,9999.000
202605231042,   1.371,   1.479,9999.000,9999.000,9999.000,9999.000,9999.000,9999.000,9999.000
202605231048,   1.324,   1.449,9999.000,9999.000,9999.000,9999.000,9999.000,9999.000,9999.000
202605231054,   1.278,   1.410,9999.000,9999.000,9999.000,9999.000,9999.000,9999.000,9999.000
202605231100,   1.233,   1.380,   0.700,  -0.553,   1.380,   0.700,   1.380,   0.800,   1.480
202605231106,   1.188,   1.348,9999.000,9999.000,9999.000,9999.000,9999.000,9999.000,9999.000
202605231112,   1.144,   1.318,9999.000,9999.000,9999.000,9999.000,9999.000,9999.000,9999.000
202605231118,   1.101,   1.289,9999.000,9999.000,9999.000,9999.000,9999.000,9999.000,9999.000
202605231124,   1.059,   1.269,9999.000,9999.000,9999.000,9999.000,9999.000,9999.000,9999.000
202605231130,   1.018,   1.239,9999.000,9999.000,9999.000,9999.000,9999.000,9999.000,9999.000
202605231136,   0.977,   1.220,9999.000,9999.000,9999.000,9999.000,9999.000,9999.000,9999.000
202605231142,   0.938,   1.200,9999.000,9999.000,9999.000,9999.000,9999.000,9999.000,9999.000
202605231148,   0.901,   1.190,9999.000,9999.000,9999.000,9999.000,9999.000,9999.000,9999.000
202605231154,   0.864,   1.170,9999.000,9999.000,9999.000,9999.000,9999.000,9999.000,9999.000
202605231200,   0.829,   1.161,   0.700,  -0.368,   1.161,   0.600,   1.061,   0.700,   1.161
202605231206,   0.796,   1.151,9999.000,9999.000,9999.000,9999.000,9999.000,9999.000,9999.000
202605231212,   0.764,   1.138,9999.000,9999.000,9999.000,9999.000,9999.000,9999.000,9999.000
202605231218,   0.735,   1.128,9999.000,9999.000,9999.000,9999.000,9999.000,9999.000,9999.000
202605231224,   0.708,   1.118,9999.000,9999.000,9999.000,9999.000,9999.000,9999.000,9999.000
202605231230,   0.683,   1.108,9999.000,9999.000,9999.000,9999.000,9999.000,9999.000,9999.000
202605231236,   0.661,   1.108,9999.000,9999.000,9999.000,9999.000,9999.000,9999.000,9999.000
202605231242,   0.642,   1.108,9999.000,9999.000,9999.000,9999.000,9999.000,9999.000,9999.000
202605231248,   0.626,   1.118,9999.000,9999.000,9999.000,9999.000,9999.000,9999.000,9999.000
202605231254,   0.613,   1.118,9999.000,9999.000,9999.000,9999.000,9999.000,9999.000,9999.000
202605231300,   0.604,   1.128,   0.700,  -0.176,   1.128,   0.600,   1.028,   0.700,   1.128
202605231306,   0.600,   1.151,9999.000,9999.000,9999.000,9999.000,9999.000,9999.000,9999.000
202605231312,   0.599,   1.170,9999.000,9999.000,9999.000,9999.000,9999.000,9999.000,9999.000
202605231318,   0.602,   1.190,9999.000,9999.000,9999.000,9999.000,9999.000,9999.000,9999.000
202605231324,   0.610,   1.220,9999.000,9999.000,9999.000,9999.000,9999.000,9999.000,9999.000
202605231330,   0.623,   1.249,9999.000,9999.000,9999.000,9999.000,9999.000,9999.000,9999.000
202605231336,   0.641,   1.308,9999.000,9999.000,9999.000,9999.000,9999.000,9999.000,9999.000
202605231342,   0.663,   1.361,9999.000,9999.000,9999.000,9999.000,9999.000,9999.000,9999.000
202605231348,   0.690,   1.430,9999.000,9999.000,9999.000,9999.000,9999.000,9999.000,9999.000
202605231354,   0.722,   1.498,9999.000,9999.000,9999.000,9999.000,9999.000,9999.000,9999.000
202605231400,   0.759,   1.580,   0.700,   0.121,   1.580,   0.700,   1.580,   0.700,   1.580
202605231406,   0.801,   1.659,9999.000,9999.000,9999.000,9999.000,9999.000,9999.000,9999.000
202605231412,   0.847,   1.738,9999.000,9999.000,9999.000,9999.000,9999.000,9999.000,9999.000
202605231418,   0.897,   1.830,9999.000,9999.000,9999.000,9999.000,9999.000,9999.000,9999.000
202605231424,   0.951,   1.928,9999.000,9999.000,9999.000,9999.000,9999.000,9999.000,9999.000
202605231430,   1.009,   2.040,9999.000,9999.000,9999.000,9999.000,9999.000,9999.000,9999.000
202605231436,   1.070,   2.128,9999.000,9999.000,9999.000,9999.000,9999.000,9999.000,9999.000
202605231442,   1.135,   2.230,9999.000,9999.000,9999.000,9999.000,9999.000,9999.000,9999.000
202605231448,   1.202,   2.338,9999.000,9999.000,9999.000,9999.000,9999.000,9999.000,9999.000
202605231454,   1.271,   2.450,9999.000,9999.000,9999.000,9999.000,9999.000,9999.000,9999.000
202605231500,   1.343,   2.548,   0.700,   0.505,   2.548,   0.700,   2.548,   0.800,   2.648
202605231506,   1.415,   2.640,9999.000,9999.000,9999.000,9999.000,9999.000,9999.000,9999.000
202605231512,   1.489,   2.738,9999.000,9999.000,9999.000,9999.000,9999.000,9999.000,9999.000
202605231518,   1.563,   2.840,9999.000,9999.000,9999.000,9999.000,9999.000,9999.000,9999.000
202605231524,   1.638,   2.929,9999.000,9999.000,9999.000,9999.000,9999.000,9999.000,9999.000
202605231530,   1.712,   3.017,9999.000,9999.000,9999.000,9999.000,9999.000,9999.000,9999.000
202605231536,   1.786,   3.099,9999.000,9999.000,9999.000,9999.000,9999.000,9999.000,9999.000
202605231542,   1.859,   3.178,9999.000,9999.000,9999.000,9999.000,9999.000,9999.000,9999.000
202605231548,   1.931,   3.260,9999.000,9999.000,9999.000,9999.000,9999.000,9999.000,9999.000
202605231554,   2.002,   3.339,9999.000,9999.000,9999.000,9999.000,9999.000,9999.000,9999.000
202605231600,   2.071,   3.407,   0.700,   0.636,   3.407,   0.700,   3.407,   0.800,   3.507
202605231606,   2.138,   3.480,9999.000,9999.000,9999.000,9999.000,9999.000,9999.000,9999.000
202605231612,   2.203,   3.539,9999.000,9999.000,9999.000,9999.000,9999.000,9999.000,9999.000
202605231618,   2.266,   3.598,9999.000,9999.000,9999.000,9999.000,9999.000,9999.000,9999.000
202605231624,   2.327,   3.670,9999.000,9999.000,9999.000,9999.000,9999.000,9999.000,9999.000
202605231630,   2.385,   3.719,9999.000,9999.000,9999.000,9999.000,9999.000,9999.000,9999.000
202605231636,   2.441,   3.768,9999.000,9999.000,9999.000,9999.000,9999.000,9999.000,9999.000
202605231642,   2.495,   3.808,9999.000,9999.000,9999.000,9999.000,9999.000,9999.000,9999.000
202605231648,   2.545,   3.860,9999.000,9999.000,9999.000,9999.000,9999.000,9999.000,9999.000
202605231654,   2.594,   3.909,9999.000,9999.000,9999.000,9999.000,9999.000,9999.000,9999.000
202605231700,   2.639,   3.939,   0.700,   0.600,   3.939,   0.700,   3.939,   0.800,   4.039
202605231706,   2.682,   3.978,9999.000,9999.000,9999.000,9999.000,9999.000,9999.000,9999.000
202605231712,   2.723,   4.008,9999.000,9999.000,9999.000,9999.000,9999.000,9999.000,9999.000
202605231718,   2.760,   4.037,9999.000,9999.000,9999.000,9999.000,9999.000,9999.000,9999.000
202605231724,   2.795,   4.057,9999.000,9999.000,9999.000,9999.000,9999.000,9999.000,9999.000
202605231730,   2.828,   4.080,9999.000,9999.000,9999.000,9999.000,9999.000,9999.000,9999.000
202605231736,   2.857,   4.099,9999.000,9999.000,9999.000,9999.000,9999.000,9999.000,9999.000
202605231742,   2.884,   4.119,9999.000,9999.000,9999.000,9999.000,9999.000,9999.000,9999.000
202605231748,   2.908,   4.129,9999.000,9999.000,9999.000,9999.000,9999.000,9999.000,9999.000
202605231754,   2.929,   4.139,9999.000,9999.000,9999.000,9999.000,9999.000,9999.000,9999.000
202605231800,   2.947,   4.139,   0.700,   0.492,   4.139,   0.700,   4.139,   0.800,   4.239
202605231806,   2.962,   4.139,9999.000,9999.000,9999.000,9999.000,9999.000,9999.000,9999.000
202605231812,   2.974,   4.139,9999.000,9999.000,9999.000,9999.000,9999.000,9999.000,9999.000
202605231818,   2.983,   4.129,9999.000,9999.000,9999.000,9999.000,9999.000,9999.000,9999.000
202605231824,   2.989,   4.119,9999.000,9999.000,9999.000,9999.000,9999.000,9999.000,9999.000
202605231830,   2.992,   4.109,9999.000,9999.000,9999.000,9999.000,9999.000,9999.000,9999.000
202605231836,   2.991,   4.090,9999.000,9999.000,9999.000,9999.000,9999.000,9999.000,9999.000
202605231842,   2.988,   4.070,9999.000,9999.000,9999.000,9999.000,9999.000,9999.000,9999.000
202605231848,   2.982,   4.047,9999.000,9999.000,9999.000,9999.000,9999.000,9999.000,9999.000
202605231854,   2.973,   4.017,9999.000,9999.000,9999.000,9999.000,9999.000,9999.000,9999.000
202605231900,   2.961,   3.988,   0.700,   0.327,   3.988,   0.700,   3.988,   0.800,   4.088
202605231906,   2.946,   3.958,9999.000,9999.000,9999.000,9999.000,9999.000,9999.000,9999.000
202605231912,   2.929,   3.929,9999.000,9999.000,9999.000,9999.000,9999.000,9999.000,9999.000
202605231918,   2.908,   3.890,9999.000,9999.000,9999.000,9999.000,9999.000,9999.000,9999.000
202605231924,   2.886,   3.837,9999.000,9999.000,9999.000,9999.000,9999.000,9999.000,9999.000
202605231930,   2.861,   3.798,9999.000,9999.000,9999.000,9999.000,9999.000,9999.000,9999.000
202605231936,   2.834,   3.768,9999.000,9999.000,9999.000,9999.000,9999.000,9999.000,9999.000
202605231942,   2.805,   3.719,9999.000,9999.000,9999.000,9999.000,9999.000,9999.000,9999.000
202605231948,   2.774,   3.670,9999.000,9999.000,9999.000,9999.000,9999.000,9999.000,9999.000
202605231954,   2.741,   3.617,9999.000,9999.000,9999.000,9999.000,9999.000,9999.000,9999.000
202605232000,   2.707,   3.568,   0.800,   0.061,   3.568,   0.700,   3.468,   0.800,   3.568
202605232006,   2.671,   3.519,9999.000,9999.000,9999.000,9999.000,9999.000,9999.000,9999.000
202605232012,   2.634,   3.470,9999.000,9999.000,9999.000,9999.000,9999.000,9999.000,9999.000
202605232018,   2.596,   3.407,9999.000,9999.000,9999.000,9999.000,9999.000,9999.000,9999.000
202605232024,   2.557,   3.348,9999.000,9999.000,9999.000,9999.000,9999.000,9999.000,9999.000
202605232030,   2.517,   3.299,9999.000,9999.000,9999.000,9999.000,9999.000,9999.000,9999.000
202605232036,   2.476,   3.240,9999.000,9999.000,9999.000,9999.000,9999.000,9999.000,9999.000
202605232042,   2.434,   3.178,9999.000,9999.000,9999.000,9999.000,9999.000,9999.000,9999.000
202605232048,   2.392,   3.129,9999.000,9999.000,9999.000,9999.000,9999.000,9999.000,9999.000
202605232054,   2.349,   3.070,9999.000,9999.000,9999.000,9999.000,9999.000,9999.000,9999.000
202605232100,   2.306,   3.007,   0.800,  -0.099,   3.007,   0.700,   2.907,   0.800,   3.007
202605232106,   2.262,   2.948,9999.000,9999.000,9999.000,9999.000,9999.000,9999.000,9999.000
202605232112,   2.218,   2.889,9999.000,9999.000,9999.000,9999.000,9999.000,9999.000,9999.000
202605232118,   2.173,   2.830,9999.000,9999.000,9999.000,9999.000,9999.000,9999.000,9999.000
202605232124,   2.128,   2.768,9999.000,9999.000,9999.000,9999.000,9999.000,9999.000,9999.000
202605232130,   2.082,   2.709,9999.000,9999.000,9999.000,9999.000,9999.000,9999.000,9999.000
202605232136,   2.036,   2.650,9999.000,9999.000,9999.000,9999.000,9999.000,9999.000,9999.000
202605232142,   1.990,   2.597,9999.000,9999.000,9999.000,9999.000,9999.000,9999.000,9999.000
202605232148,   1.944,   2.538,9999.000,9999.000,9999.000,9999.000,9999.000,9999.000,9999.000
202605232154,   1.897,   2.479,9999.000,9999.000,9999.000,9999.000,9999.000,9999.000,9999.000
202605232200,   1.851,   2.430,   0.800,  -0.221,   2.430,   0.700,   2.330,   0.900,   2.530
202605232206,   1.804,   2.368,9999.000,9999.000,9999.000,9999.000,9999.000,9999.000,9999.000
202605232212,   1.757,   2.318,9999.000,9999.000,9999.000,9999.000,9999.000,9999.000,9999.000
202605232218,   1.710,   2.269,9999.000,9999.000,9999.000,9999.000,9999.000,9999.000,9999.000
202605232224,   1.663,   2.210,9999.000,9999.000,9999.000,9999.000,9999.000,9999.000,9999.000
202605232230,   1.616,   2.158,9999.000,9999.000,9999.000,9999.000,9999.000,9999.000,9999.000
202605232236,   1.569,   2.109,9999.000,9999.000,9999.000,9999.000,9999.000,9999.000,9999.000
202605232242,   1.522,   2.059,9999.000,9999.000,9999.000,9999.000,9999.000,9999.000,9999.000
202605232248,   1.475,   2.010,9999.000,9999.000,9999.000,9999.000,9999.000,9999.000,9999.000
202605232254,   1.429,   1.958,9999.000,9999.000,9999.000,9999.000,9999.000,9999.000,9999.000
202605232300,   1.383,   1.908,   0.800,  -0.275,   1.908,   0.700,   1.808,   0.900,   2.008
202605232306,   1.337,   1.859,9999.000,9999.000,9999.000,9999.000,9999.000,9999.000,9999.000
202605232312,   1.291,   1.820,9999.000,9999.000,9999.000,9999.000,9999.000,9999.000,9999.000
202605232318,   1.246,   1.781,9999.000,9999.000,9999.000,9999.000,9999.000,9999.000,9999.000
202605232324,   1.201,   1.738,9999.000,9999.000,9999.000,9999.000,9999.000,9999.000,9999.000
202605232330,   1.157,   1.708,9999.000,9999.000,9999.000,9999.000,9999.000,9999.000,9999.000
202605232336,   1.113,   1.669,9999.000,9999.000,9999.000,9999.000,9999.000,9999.000,9999.000
202605232342,   1.069,   1.630,9999.000,9999.000,9999.000,9999.000,9999.000,9999.000,9999.000
202605232348,   1.026,   1.590,9999.000,9999.000,9999.000,9999.000,9999.000,9999.000,9999.000
202605232354,   0.984,   1.548,9999.000,9999.000,9999.000,9999.000,9999.000,9999.000,9999.000
202605240000,   0.942,   1.518,   0.700,  -0.124,   1.518,   0.700,   1.518,   0.800,   1.618
202605240006,   0.901,   1.489,9999.000,9999.000,9999.000,9999.000,9999.000,9999.000,9999.000
202605240012,   0.861,   1.449,9999.000,9999.000,9999.000,9999.000,9999.000,9999.000,9999.000
202605240018,   0.821,   1.420,9999.000,9999.000,9999.000,9999.000,9999.000,9999.000,9999.000
202605240024,   0.783,   1.400,9999.000,9999.000,9999.000,9999.000,9999.000,9999.000,9999.000
202605240030,   0.746,   1.380,9999.000,9999.000,9999.000,9999.000,9999.000,9999.000,9999.000
202605240036,   0.710,   1.348,9999.000,9999.000,9999.000,9999.000,9999.000,9999.000,9999.000
202605240042,   0.676,   1.318,9999.000,9999.000,9999.000,9999.000,9999.000,9999.000,9999.000
202605240048,   0.644,   1.289,9999.000,9999.000,9999.000,9999.000,9999.000,9999.000,9999.000
202605240054,   0.614,   1.269,9999.000,9999.000,9999.000,9999.000,9999.000,9999.000,9999.000
202605240100,   0.586,   1.249,   0.700,  -0.037,   1.249,   0.700,   1.249,   0.800,   1.349
202605240106,   0.560,   1.229,9999.000,9999.000,9999.000,9999.000,9999.000,9999.000,9999.000
202605240112,   0.538,   1.210,9999.000,9999.000,9999.000,9999.000,9999.000,9999.000,9999.000
202605240118,   0.518,   1.190,9999.000,9999.000,9999.000,9999.000,9999.000,9999.000,9999.000
202605240124,   0.502,   1.170,9999.000,9999.000,9999.000,9999.000,9999.000,9999.000,9999.000
202605240130,   0.490,   1.151,9999.000,9999.000,9999.000,9999.000,9999.000,9999.000,9999.000
202605240136,   0.482,   1.138,9999.000,9999.000,9999.000,9999.000,9999.000,9999.000,9999.000
202605240142,   0.477,   1.118,9999.000,9999.000,9999.000,9999.000,9999.000,9999.000,9999.000
202605240148,   0.478,   1.108,9999.000,9999.000,9999.000,9999.000,9999.000,9999.000,9999.000
202605240154,   0.483,   1.098,9999.000,9999.000,9999.000,9999.000,9999.000,9999.000,9999.000
202605240200,   0.492,   1.088,   0.700,  -0.104,   1.088,   0.700,   1.088,   0.800,   1.188
202605240206,   0.507,   1.079,9999.000,9999.000,9999.000,9999.000,9999.000,9999.000,9999.000
202605240212,   0.526,   1.079,9999.000,9999.000,9999.000,9999.000,9999.000,9999.000,9999.000
202605240218,   0.551,   1.088,9999.000,9999.000,9999.000,9999.000,9999.000,9999.000,9999.000
202605240224,   0.580,   1.098,9999.000,9999.000,9999.000,9999.000,9999.000,9999.000,9999.000
202605240230,   0.615,   1.118,9999.000,9999.000,9999.000,9999.000,9999.000,9999.000,9999.000
202605240236,   0.654,   1.151,9999.000,9999.000,9999.000,9999.000,9999.000,9999.000,9999.000
202605240242,   0.698,   1.180,9999.000,9999.000,9999.000,9999.000,9999.000,9999.000,9999.000
202605240248,   0.747,   1.220,9999.000,9999.000,9999.000,9999.000,9999.000,9999.000,9999.000
202605240254,   0.800,   1.269,9999.000,9999.000,9999.000,9999.000,9999.000,9999.000,9999.000
202605240300,   0.856,   1.328,   0.700,  -0.228,   1.328,   0.700,   1.328,   0.800,   1.428
202605240306,   0.917,   1.390,9999.000,9999.000,9999.000,9999.000,9999.000,9999.000,9999.000
202605240312,   0.980,   1.459,9999.000,9999.000,9999.000,9999.000,9999.000,9999.000,9999.000
202605240318,   1.047,   1.538,9999.000,9999.000,9999.000,9999.000,9999.000,9999.000,9999.000
202605240324,   1.116,   1.620,9999.000,9999.000,9999.000,9999.000,9999.000,9999.000,9999.000
202605240330,   1.188,   1.708,9999.000,9999.000,9999.000,9999.000,9999.000,9999.000,9999.000
202605240336,   1.261,   1.800,9999.000,9999.000,9999.000,9999.000,9999.000,9999.000,9999.000
202605240342,   1.336,   1.899,9999.000,9999.000,9999.000,9999.000,9999.000,9999.000,9999.000
202605240348,   1.412,   2.000,9999.000,9999.000,9999.000,9999.000,9999.000,9999.000,9999.000
202605240354,   1.488,   2.099,9999.000,9999.000,9999.000,9999.000,9999.000,9999.000,9999.000
202605240400,   1.564,   2.191,   0.700,  -0.073,   2.191,   0.700,   2.191,   0.800,   2.291
202605240406,   1.641,   2.289,9999.000,9999.000,9999.000,9999.000,9999.000,9999.000,9999.000
202605240412,   1.717,   2.387,9999.000,9999.000,9999.000,9999.000,9999.000,9999.000,9999.000
202605240418,   1.793,   2.489,9999.000,9999.000,9999.000,9999.000,9999.000,9999.000,9999.000
202605240424,   1.867,   2.587,9999.000,9999.000,9999.000,9999.000,9999.000,9999.000,9999.000
202605240430,   1.941,   2.679,9999.000,9999.000,9999.000,9999.000,9999.000,9999.000,9999.000
202605240436,   2.013,   2.768,9999.000,9999.000,9999.000,9999.000,9999.000,9999.000,9999.000
202605240442,   2.083,   2.860,9999.000,9999.000,9999.000,9999.000,9999.000,9999.000,9999.000
202605240448,   2.152,   2.938,9999.000,9999.000,9999.000,9999.000,9999.000,9999.000,9999.000
202605240454,   2.220,   3.030,9999.000,9999.000,9999.000,9999.000,9999.000,9999.000,9999.000
202605240500,   2.285,   3.109,   0.700,   0.124,   3.109,   0.700,   3.109,   0.800,   3.209
202605240506,   2.349,   3.178,9999.000,9999.000,9999.000,9999.000,9999.000,9999.000,9999.000
202605240512,   2.410,   3.250,9999.000,9999.000,9999.000,9999.000,9999.000,9999.000,9999.000
202605240518,   2.469,   3.309,9999.000,9999.000,9999.000,9999.000,9999.000,9999.000,9999.000
202605240524,   2.526,   3.368,9999.000,9999.000,9999.000,9999.000,9999.000,9999.000,9999.000
202605240530,   2.581,   3.427,9999.000,9999.000,9999.000,9999.000,9999.000,9999.000,9999.000
202605240536,   2.634,   3.480,9999.000,9999.000,9999.000,9999.000,9999.000,9999.000,9999.000
202605240542,   2.684,   3.539,9999.000,9999.000,9999.000,9999.000,9999.000,9999.000,9999.000
202605240548,   2.732,   3.588,9999.000,9999.000,9999.000,9999.000,9999.000,9999.000,9999.000
202605240554,   2.777,   3.637,9999.000,9999.000,9999.000,9999.000,9999.000,9999.000,9999.000
202605240600,   2.820,   3.680,   0.700,   0.160,   3.680,   0.700,   3.680,   0.800,   3.780
202605240606,   2.860,   3.709,9999.000,9999.000,9999.000,9999.000,9999.000,9999.000,9999.000
202605240612,   2.897,   3.739,9999.000,9999.000,9999.000,9999.000,9999.000,9999.000,9999.000
202605240618,   2.932,   3.768,9999.000,9999.000,9999.000,9999.000,9999.000,9999.000,9999.000
202605240624,   2.963,   3.798,9999.000,9999.000,9999.000,9999.000,9999.000,9999.000,9999.000
202605240630,   2.992,   3.817,9999.000,9999.000,9999.000,9999.000,9999.000,9999.000,9999.000
202605240636,   3.018,   3.827,9999.000,9999.000,9999.000,9999.000,9999.000,9999.000,9999.000
202605240642,   3.040,   3.847,9999.000,9999.000,9999.000,9999.000,9999.000,9999.000,9999.000
202605240648,   3.059,   3.860,9999.000,9999.000,9999.000,9999.000,9999.000,9999.000,9999.000
202605240654,   3.075,   3.870,9999.000,9999.000,9999.000,9999.000,9999.000,9999.000,9999.000
202605240700,   3.088,   3.870,   0.700,   0.082,   3.870,   0.700,   3.870,   0.800,   3.970
202605240706,   3.097,   3.880,9999.000,9999.000,9999.000,9999.000,9999.000,9999.000,9999.000
202605240712,   3.103,   3.880,9999.000,9999.000,9999.000,9999.000,9999.000,9999.000,9999.000
202605240718,   3.105,   3.870,9999.000,9999.000,9999.000,9999.000,9999.000,9999.000,9999.000
202605240724,   3.105,   3.860,9999.000,9999.000,9999.000,9999.000,9999.000,9999.000,9999.000
202605240730,   3.101,   3.837,9999.000,9999.000,9999.000,9999.000,9999.000,9999.000,9999.000
202605240736,   3.093,   3.817,9999.000,9999.000,9999.000,9999.000,9999.000,9999.000,9999.000
202605240742,   3.083,   3.798,9999.000,9999.000,9999.000,9999.000,9999.000,9999.000,9999.000
202605240748,   3.069,   3.778,9999.000,9999.000,9999.000,9999.000,9999.000,9999.000,9999.000
202605240754,   3.053,   3.749,9999.000,9999.000,9999.000,9999.000,9999.000,9999.000,9999.000
202605240800,   3.034,   3.719,   0.700,  -0.015,   3.719,   0.700,   3.719,   0.800,   3.819
202605240806,   3.012,   3.680,9999.000,9999.000,9999.000,9999.000,9999.000,9999.000,9999.000
202605240812,   2.987,   3.637,9999.000,9999.000,9999.000,9999.000,9999.000,9999.000,9999.000
202605240818,   2.961,   3.598,9999.000,9999.000,9999.000,9999.000,9999.000,9999.000,9999.000
202605240824,   2.931,   3.548,9999.000,9999.000,9999.000,9999.000,9999.000,9999.000,9999.000
202605240830,   2.900,   3.509,9999.000,9999.000,9999.000,9999.000,9999.000,9999.000,9999.000
202605240836,   2.867,   3.460,9999.000,9999.000,9999.000,9999.000,9999.000,9999.000,9999.000
202605240842,   2.832,   3.398,9999.000,9999.000,9999.000,9999.000,9999.000,9999.000,9999.000
202605240848,   2.795,   3.348,9999.000,9999.000,9999.000,9999.000,9999.000,9999.000,9999.000
202605240854,   2.757,   3.299,9999.000,9999.000,9999.000,9999.000,9999.000,9999.000,9999.000
202605240900,   2.717,   3.240,   0.800,  -0.277,   3.240,   0.700,   3.140,   0.800,   3.240
202605240906,   2.676,   3.178,9999.000,9999.000,9999.000,9999.000,9999.000,9999.000,9999.000
202605240912,   2.634,   3.119,9999.000,9999.000,9999.000,9999.000,9999.000,9999.000,9999.000
202605240918,   2.591,   3.060,9999.000,9999.000,9999.000,9999.000,9999.000,9999.000,9999.000
202605240924,   2.546,   2.988,9999.000,9999.000,9999.000,9999.000,9999.000,9999.000,9999.000
202605240930,   2.501,   2.929,9999.000,9999.000,9999.000,9999.000,9999.000,9999.000,9999.000
202605240936,   2.455,   2.869,9999.000,9999.000,9999.000,9999.000,9999.000,9999.000,9999.000
202605240942,   2.408,   2.797,9999.000,9999.000,9999.000,9999.000,9999.000,9999.000,9999.000
202605240948,   2.360,   2.738,9999.000,9999.000,9999.000,9999.000,9999.000,9999.000,9999.000
202605240954,   2.311,   2.679,9999.000,9999.000,9999.000,9999.000,9999.000,9999.000,9999.000
202605241000,   2.262,   2.630,   0.800,  -0.432,   2.630,   0.700,   2.530,   0.800,   2.630
202605241006,   2.213,   2.558,9999.000,9999.000,9999.000,9999.000,9999.000,9999.000,9999.000
202605241012,   2.163,   2.499,9999.000,9999.000,9999.000,9999.000,9999.000,9999.000,9999.000
202605241018,   2.112,   2.440,9999.000,9999.000,9999.000,9999.000,9999.000,9999.000,9999.000
202605241024,   2.062,   2.377,9999.000,9999.000,9999.000,9999.000,9999.000,9999.000,9999.000
202605241030,   2.011,   2.328,9999.000,9999.000,9999.000,9999.000,9999.000,9999.000,9999.000
202605241036,   1.960,   2.269,9999.000,9999.000,9999.000,9999.000,9999.000,9999.000,9999.000
202605241042,   1.909,   2.210,9999.000,9999.000,9999.000,9999.000,9999.000,9999.000,9999.000
202605241048,   1.858,   2.148,9999.000,9999.000,9999.000,9999.000,9999.000,9999.000,9999.000
202605241054,   1.808,   2.099,9999.000,9999.000,9999.000,9999.000,9999.000,9999.000,9999.000
202605241100,   1.757,   2.049,   0.800,  -0.508,   2.049,   0.700,   1.949,   0.800,   2.049
202605241106,   1.707,   2.000,9999.000,9999.000,9999.000,9999.000,9999.000,9999.000,9999.000
202605241112,   1.657,   1.948,9999.000,9999.000,9999.000,9999.000,9999.000,9999.000,9999.000
202605241118,   1.607,   1.899,9999.000,9999.000,9999.000,9999.000,9999.000,9999.000,9999.000
202605241124,   1.558,   1.849,9999.000,9999.000,9999.000,9999.000,9999.000,9999.000,9999.000
202605241130,   1.509,   1.800,9999.000,9999.000,9999.000,9999.000,9999.000,9999.000,9999.000
202605241136,   1.461,   1.758,9999.000,9999.000,9999.000,9999.000,9999.000,9999.000,9999.000
202605241142,   1.413,   1.708,9999.000,9999.000,9999.000,9999.000,9999.000,9999.000,9999.000
202605241148,   1.366,   1.669,9999.000,9999.000,9999.000,9999.000,9999.000,9999.000,9999.000
202605241154,   1.320,   1.630,9999.000,9999.000,9999.000,9999.000,9999.000,9999.000,9999.000
202605241200,   1.274,   1.590,   0.600,  -0.284,   1.590,   0.600,   1.590,   0.700,   1.690
202605241206,   1.229,   1.548,9999.000,9999.000,9999.000,9999.000,9999.000,9999.000,9999.000
202605241212,   1.184,   1.498,9999.000,9999.000,9999.000,9999.000,9999.000,9999.000,9999.000
202605241218,   1.141,   1.469,9999.000,9999.000,9999.000,9999.000,9999.000,9999.000,9999.000
202605241224,   1.098,   1.439,9999.000,9999.000,9999.000,9999.000,9999.000,9999.000,9999.000
202605241230,   1.055,   1.400,9999.000,9999.000,9999.000,9999.000,9999.000,9999.000,9999.000
202605241236,   1.014,   1.371,9999.000,9999.000,9999.000,9999.000,9999.000,9999.000,9999.000
202605241242,   0.974,   1.338,9999.000,9999.000,9999.000,9999.000,9999.000,9999.000,9999.000
202605241248,   0.935,   1.308,9999.000,9999.000,9999.000,9999.000,9999.000,9999.000,9999.000
202605241254,   0.897,   1.279,9999.000,9999.000,9999.000,9999.000,9999.000,9999.000,9999.000
202605241300,   0.860,   1.249,   0.600,  -0.211,   1.249,   0.600,   1.249,   0.700,   1.349
202605241306,   0.825,   1.229,9999.000,9999.000,9999.000,9999.000,9999.000,9999.000,9999.000
202605241312,   0.792,   1.200,9999.000,9999.000,9999.000,9999.000,9999.000,9999.000,9999.000
202605241318,   0.760,   1.180,9999.000,9999.000,9999.000,9999.000,9999.000,9999.000,9999.000
202605241324,   0.731,   1.151,9999.000,9999.000,9999.000,9999.000,9999.000,9999.000,9999.000
202605241330,   0.704,   1.128,9999.000,9999.000,9999.000,9999.000,9999.000,9999.000,9999.000
202605241336,   0.680,   1.108,9999.000,9999.000,9999.000,9999.000,9999.000,9999.000,9999.000
202605241342,   0.659,   1.088,9999.000,9999.000,9999.000,9999.000,9999.000,9999.000,9999.000
202605241348,   0.641,   1.069,9999.000,9999.000,9999.000,9999.000,9999.000,9999.000,9999.000
202605241354,   0.627,   1.049,9999.000,9999.000,9999.000,9999.000,9999.000,9999.000,9999.000
202605241400,   0.616,   1.039,   0.600,  -0.177,   1.039,   0.600,   1.039,   0.700,   1.139
202605241406,   0.609,   1.020,9999.000,9999.000,9999.000,9999.000,9999.000,9999.000,9999.000
202605241412,   0.607,   1.010,9999.000,9999.000,9999.000,9999.000,9999.000,9999.000,9999.000
202605241418,   0.608,   1.000,9999.000,9999.000,9999.000,9999.000,9999.000,9999.000,9999.000
202605241424,   0.615,   0.990,9999.000,9999.000,9999.000,9999.000,9999.000,9999.000,9999.000
202605241430,   0.626,   0.990,9999.000,9999.000,9999.000,9999.000,9999.000,9999.000,9999.000
202605241436,   0.642,   0.990,9999.000,9999.000,9999.000,9999.000,9999.000,9999.000,9999.000
202605241442,   0.662,   0.990,9999.000,9999.000,9999.000,9999.000,9999.000,9999.000,9999.000
202605241448,   0.688,   1.000,9999.000,9999.000,9999.000,9999.000,9999.000,9999.000,9999.000
202605241454,   0.718,   1.010,9999.000,9999.000,9999.000,9999.000,9999.000,9999.000,9999.000
202605241500,   0.752,   1.029,   0.600,  -0.323,   1.029,   0.600,   1.029,   0.700,   1.129
202605241506,   0.792,   1.059,9999.000,9999.000,9999.000,9999.000,9999.000,9999.000,9999.000
202605241512,   0.835,   1.098,9999.000,9999.000,9999.000,9999.000,9999.000,9999.000,9999.000
202605241518,   0.883,   1.138,9999.000,9999.000,9999.000,9999.000,9999.000,9999.000,9999.000
202605241524,   0.934,   1.190,9999.000,9999.000,9999.000,9999.000,9999.000,9999.000,9999.000
202605241530,   0.989,   1.249,9999.000,9999.000,9999.000,9999.000,9999.000,9999.000,9999.000
202605241536,   1.047,   1.308,9999.000,9999.000,9999.000,9999.000,9999.000,9999.000,9999.000
202605241542,   1.107,   1.390,9999.000,9999.000,9999.000,9999.000,9999.000,9999.000,9999.000
202605241548,   1.170,   1.469,9999.000,9999.000,9999.000,9999.000,9999.000,9999.000,9999.000
202605241554,   1.236,   1.538,9999.000,9999.000,9999.000,9999.000,9999.000,9999.000,9999.000
202605241600,   1.302,   1.630,   0.600,  -0.272,   1.630,   0.600,   1.630,   0.700,   1.730
202605241606,   1.370,   1.728,9999.000,9999.000,9999.000,9999.000,9999.000,9999.000,9999.000
202605241612,   1.439,   1.820,9999.000,9999.000,9999.000,9999.000,9999.000,9999.000,9999.000
202605241618,   1.508,   1.908,9999.000,9999.000,9999.000,9999.000,9999.000,9999.000,9999.000
202605241624,   1.578,   2.010,9999.000,9999.000,9999.000,9999.000,9999.000,9999.000,9999.000
202605241630,   1.647,   2.109,9999.000,9999.000,9999.000,9999.000,9999.000,9999.000,9999.000
202605241636,   1.716,   2.200,9999.000,9999.000,9999.000,9999.000,9999.000,9999.000,9999.000
202605241642,   1.784,   2.289,9999.000,9999.000,9999.000,9999.000,9999.000,9999.000,9999.000
202605241648,   1.851,   2.387,9999.000,9999.000,9999.000,9999.000,9999.000,9999.000,9999.000
202605241654,   1.916,   2.479,9999.000,9999.000,9999.000,9999.000,9999.000,9999.000,9999.000
202605241700,   1.981,   2.568,   0.600,  -0.013,   2.568,   0.600,   2.568,   0.700,   2.668
202605241706,   2.044,   2.660,9999.000,9999.000,9999.000,9999.000,9999.000,9999.000,9999.000
202605241712,   2.105,   2.728,9999.000,9999.000,9999.000,9999.000,9999.000,9999.000,9999.000
202605241718,   2.164,   2.807,9999.000,9999.000,9999.000,9999.000,9999.000,9999.000,9999.000
202605241724,   2.221,   2.869,9999.000,9999.000,9999.000,9999.000,9999.000,9999.000,9999.000
202605241730,   2.277,   2.948,9999.000,9999.000,9999.000,9999.000,9999.000,9999.000,9999.000
202605241736,   2.330,   3.017,9999.000,9999.000,9999.000,9999.000,9999.000,9999.000,9999.000
202605241742,   2.382,   3.089,9999.000,9999.000,9999.000,9999.000,9999.000,9999.000,9999.000
202605241748,   2.431,   3.148,9999.000,9999.000,9999.000,9999.000,9999.000,9999.000,9999.000
202605241754,   2.478,   3.207,9999.000,9999.000,9999.000,9999.000,9999.000,9999.000,9999.000
202605241800,   2.523,   3.260,   0.600,   0.137,   3.260,   0.500,   3.160,   0.700,   3.360
202605241806,   2.566,   3.309,9999.000,9999.000,9999.000,9999.000,9999.000,9999.000,9999.000
202605241812,   2.607,   3.358,9999.000,9999.000,9999.000,9999.000,9999.000,9999.000,9999.000
202605241818,   2.645,   3.407,9999.000,9999.000,9999.000,9999.000,9999.000,9999.000,9999.000
202605241824,   2.681,   3.450,9999.000,9999.000,9999.000,9999.000,9999.000,9999.000,9999.000
202605241830,   2.715,   3.489,9999.000,9999.000,9999.000,9999.000,9999.000,9999.000,9999.000
202605241836,   2.746,   3.529,9999.000,9999.000,9999.000,9999.000,9999.000,9999.000,9999.000
202605241842,   2.774,   3.558,9999.000,9999.000,9999.000,9999.000,9999.000,9999.000,9999.000
202605241848,   2.800,   3.598,9999.000,9999.000,9999.000,9999.000,9999.000,9999.000,9999.000
202605241854,   2.823,   3.617,9999.000,9999.000,9999.000,9999.000,9999.000,9999.000,9999.000
202605241900,   2.844,   3.650,   0.600,   0.206,   3.650,   0.500,   3.550,   0.700,   3.750
202605241906,   2.862,   3.660,9999.000,9999.000,9999.000,9999.000,9999.000,9999.000,9999.000
202605241912,   2.876,   3.680,9999.000,9999.000,9999.000,9999.000,9999.000,9999.000,9999.000
202605241918,   2.888,   3.699,9999.000,9999.000,9999.000,9999.000,9999.000,9999.000,9999.000
202605241924,   2.897,   3.709,9999.000,9999.000,9999.000,9999.000,9999.000,9999.000,9999.000
202605241930,   2.903,   3.709,9999.000,9999.000,9999.000,9999.000,9999.000,9999.000,9999.000
202605241936,   2.906,   3.709,9999.000,9999.000,9999.000,9999.000,9999.000,9999.000,9999.000
202605241942,   2.905,   3.719,9999.000,9999.000,9999.000,9999.000,9999.000,9999.000,9999.000
202605241948,   2.902,   3.719,9999.000,9999.000,9999.000,9999.000,9999.000,9999.000,9999.000
202605241954,   2.896,   3.709,9999.000,9999.000,9999.000,9999.000,9999.000,9999.000,9999.000
202605242000,   2.887,   3.709,   0.600,   0.222,   3.709,   0.500,   3.609,   0.700,   3.809
202605242006,   2.875,   3.699,9999.000,9999.000,9999.000,9999.000,9999.000,9999.000,9999.000
202605242012,   2.860,   3.680,9999.000,9999.000,9999.000,9999.000,9999.000,9999.000,9999.000
202605242018,   2.843,   3.660,9999.000,9999.000,9999.000,9999.000,9999.000,9999.000,9999.000
202605242024,   2.822,   3.637,9999.000,9999.000,9999.000,9999.000,9999.000,9999.000,9999.000
202605242030,   2.800,   3.607,9999.000,9999.000,9999.000,9999.000,9999.000,9999.000,9999.000
202605242036,   2.775,   3.578,9999.000,9999.000,9999.000,9999.000,9999.000,9999.000,9999.000
202605242042,   2.748,   3.548,9999.000,9999.000,9999.000,9999.000,9999.000,9999.000,9999.000
202605242048,   2.719,   3.519,9999.000,9999.000,9999.000,9999.000,9999.000,9999.000,9999.000
202605242054,   2.688,   3.480,9999.000,9999.000,9999.000,9999.000,9999.000,9999.000,9999.000
202605242100,   2.656,   3.440,   0.600,   0.184,   3.440,   0.500,   3.340,   0.700,   3.540
202605242106,   2.621,   3.388,9999.000,9999.000,9999.000,9999.000,9999.000,9999.000,9999.000
202605242112,   2.585,   3.348,9999.000,9999.000,9999.000,9999.000,9999.000,9999.000,9999.000
202605242118,   2.548,   3.299,9999.000,9999.000,9999.000,9999.000,9999.000,9999.000,9999.000
202605242124,   2.510,   3.250,9999.000,9999.000,9999.000,9999.000,9999.000,9999.000,9999.000
202605242130,   2.470,   3.197,9999.000,9999.000,9999.000,9999.000,9999.000,9999.000,9999.000
202605242136,   2.429,   3.148,9999.000,9999.000,9999.000,9999.000,9999.000,9999.000,9999.000
202605242142,   2.388,   3.099,9999.000,9999.000,9999.000,9999.000,9999.000,9999.000,9999.000
202605242148,   2.345,   3.050,9999.000,9999.000,9999.000,9999.000,9999.000,9999.000,9999.000
202605242154,   2.302,   2.997,9999.000,9999.000,9999.000,9999.000,9999.000,9999.000,9999.000
202605242200,   2.258,   2.938,   0.600,   0.080,   2.938,   0.500,   2.838,   0.700,   3.038
202605242206,   2.213,   2.889,9999.000,9999.000,9999.000,9999.000,9999.000,9999.000,9999.000
202605242212,   2.168,   2.830,9999.000,9999.000,9999.000,9999.000,9999.000,9999.000,9999.000
202605242218,   2.123,   2.778,9999.000,9999.000,9999.000,9999.000,9999.000,9999.000,9999.000
202605242224,   2.077,   2.728,9999.000,9999.000,9999.000,9999.000,9999.000,9999.000,9999.000
202605242230,   2.030,   2.669,9999.000,9999.000,9999.000,9999.000,9999.000,9999.000,9999.000
202605242236,   1.984,   2.610,9999.000,9999.000,9999.000,9999.000,9999.000,9999.000,9999.000
202605242242,   1.937,   2.558,9999.000,9999.000,9999.000,9999.000,9999.000,9999.000,9999.000
202605242248,   1.890,   2.509,9999.000,9999.000,9999.000,9999.000,9999.000,9999.000,9999.000
202605242254,   1.843,   2.450,9999.000,9999.000,9999.000,9999.000,9999.000,9999.000,9999.000
202605242300,   1.795,   2.400,   0.600,   0.005,   2.400,   0.500,   2.300,   0.700,   2.500
202605242306,   1.748,   2.338,9999.000,9999.000,9999.000,9999.000,9999.000,9999.000,9999.000
202605242312,   1.701,   2.289,9999.000,9999.000,9999.000,9999.000,9999.000,9999.000,9999.000
202605242318,   1.655,   2.240,9999.000,9999.000,9999.000,9999.000,9999.000,9999.000,9999.000
202605242324,   1.608,   2.191,9999.000,9999.000,9999.000,9999.000,9999.000,9999.000,9999.000
202605242330,   1.562,   2.148,9999.000,9999.000,9999.000,9999.000,9999.000,9999.000,9999.000
202605242336,   1.516,   2.099,9999.000,9999.000,9999.000,9999.000,9999.000,9999.000,9999.000
202605242342,   1.470,   2.049,9999.000,9999.000,9999.000,9999.000,9999.000,9999.000,9999.000
202605242348,   1.425,   2.000,9999.000,9999.000,9999.000,9999.000,9999.000,9999.000,9999.000
202605242354,   1.380,   1.958,9999.000,9999.000,9999.000,9999.000,9999.000,9999.000,9999.000
202605250000,   1.335,   1.918,   0.500,   0.083,   1.918,   0.400,   1.818,   0.500,   1.918
202605250006,   1.291,   1.879,9999.000,9999.000,9999.000,9999.000,9999.000,9999.000,9999.000
202605250012,   1.248,   1.840,9999.000,9999.000,9999.000,9999.000,9999.000,9999.000,9999.000
202605250018,   1.205,   1.790,9999.000,9999.000,9999.000,9999.000,9999.000,9999.000,9999.000
202605250024,   1.162,   1.748,9999.000,9999.000,9999.000,9999.000,9999.000,9999.000,9999.000
202605250030,   1.120,   1.708,9999.000,9999.000,9999.000,9999.000,9999.000,9999.000,9999.000
202605250036,   1.078,   1.679,9999.000,9999.000,9999.000,9999.000,9999.000,9999.000,9999.000
202605250042,   1.037,   1.639,9999.000,9999.000,9999.000,9999.000,9999.000,9999.000,9999.000
202605250048,   0.996,   1.610,9999.000,9999.000,9999.000,9999.000,9999.000,9999.000,9999.000
202605250054,   0.956,   1.580,9999.000,9999.000,9999.000,9999.000,9999.000,9999.000,9999.000
202605250100,   0.917,   1.538,   0.500,   0.121,   1.538,   0.400,   1.438,   0.500,   1.538
202605250106,   0.878,   1.508,9999.000,9999.000,9999.000,9999.000,9999.000,9999.000,9999.000
202605250112,   0.840,   1.489,9999.000,9999.000,9999.000,9999.000,9999.000,9999.000,9999.000
202605250118,   0.803,   1.469,9999.000,9999.000,9999.000,9999.000,9999.000,9999.000,9999.000
202605250124,   0.767,   1.439,9999.000,9999.000,9999.000,9999.000,9999.000,9999.000,9999.000
202605250130,   0.733,   1.410,9999.000,9999.000,9999.000,9999.000,9999.000,9999.000,9999.000
202605250136,   0.699,   1.390,9999.000,9999.000,9999.000,9999.000,9999.000,9999.000,9999.000
202605250142,   0.668,   1.371,9999.000,9999.000,9999.000,9999.000,9999.000,9999.000,9999.000
202605250148,   0.639,   1.348,9999.000,9999.000,9999.000,9999.000,9999.000,9999.000,9999.000
202605250154,   0.611,   1.328,9999.000,9999.000,9999.000,9999.000,9999.000,9999.000,9999.000
202605250200,   0.587,   1.308,   0.500,   0.221,   1.308,   0.400,   1.208,   0.500,   1.308
202605250206,   0.565,   1.298,9999.000,9999.000,9999.000,9999.000,9999.000,9999.000,9999.000
202605250212,   0.546,   1.279,9999.000,9999.000,9999.000,9999.000,9999.000,9999.000,9999.000
202605250218,   0.530,   1.259,9999.000,9999.000,9999.000,9999.000,9999.000,9999.000,9999.000
202605250224,   0.518,   1.249,9999.000,9999.000,9999.000,9999.000,9999.000,9999.000,9999.000
202605250230,   0.510,   1.239,9999.000,9999.000,9999.000,9999.000,9999.000,9999.000,9999.000
202605250236,   0.506,   1.229,9999.000,9999.000,9999.000,9999.000,9999.000,9999.000,9999.000
202605250242,   0.506,   1.220,9999.000,9999.000,9999.000,9999.000,9999.000,9999.000,9999.000
202605250248,   0.511,   1.210,9999.000,9999.000,9999.000,9999.000,9999.000,9999.000,9999.000
202605250254,   0.521,   1.210,9999.000,9999.000,9999.000,9999.000,9999.000,9999.000,9999.000
202605250300,   0.536,   1.210,   0.500,   0.174,   1.210,   0.400,   1.110,   0.500,   1.210
202605250306,   0.555,   1.210,9999.000,9999.000,9999.000,9999.000,9999.000,9999.000,9999.000
202605250312,   0.580,   1.210,9999.000,9999.000,9999.000,9999.000,9999.000,9999.000,9999.000
202605250318,   0.609,   1.220,9999.000,9999.000,9999.000,9999.000,9999.000,9999.000,9999.000
202605250324,   0.643,   1.229,9999.000,9999.000,9999.000,9999.000,9999.000,9999.000,9999.000
202605250330,   0.683,   1.249,9999.000,9999.000,9999.000,9999.000,9999.000,9999.000,9999.000
202605250336,   0.726,   1.269,9999.000,9999.000,9999.000,9999.000,9999.000,9999.000,9999.000
202605250342,   0.774,   1.308,9999.000,9999.000,9999.000,9999.000,9999.000,9999.000,9999.000
202605250348,   0.826,   1.348,9999.000,9999.000,9999.000,9999.000,9999.000,9999.000,9999.000
202605250354,   0.882,   1.390,9999.000,9999.000,9999.000,9999.000,9999.000,9999.000,9999.000
202605250400,   0.942,   1.439,   0.500,  -0.003,   1.439,   0.400,   1.339,   0.500,   1.439
202605250406,   1.005,   1.498,9999.000,9999.000,9999.000,9999.000,9999.000,9999.000,9999.000
202605250412,   1.070,   1.590,9999.000,9999.000,9999.000,9999.000,9999.000,9999.000,9999.000
202605250418,   1.138,   1.669,9999.000,9999.000,9999.000,9999.000,9999.000,9999.000,9999.000
202605250424,   1.208,   1.748,9999.000,9999.000,9999.000,9999.000,9999.000,9999.000,9999.000
202605250430,   1.280,   1.830,9999.000,9999.000,9999.000,9999.000,9999.000,9999.000,9999.000
202605250436,   1.353,   1.918,9999.000,9999.000,9999.000,9999.000,9999.000,9999.000,9999.000
202605250442,   1.427,   2.020,9999.000,9999.000,9999.000,9999.000,9999.000,9999.000,9999.000
202605250448,   1.502,   2.118,9999.000,9999.000,9999.000,9999.000,9999.000,9999.000,9999.000
202605250454,   1.577,   2.220,9999.000,9999.000,9999.000,9999.000,9999.000,9999.000,9999.000
202605250500,   1.652,   2.318,   0.500,   0.166,   2.318,   0.400,   2.218,   0.500,   2.318
202605250506,   1.727,   2.420,9999.000,9999.000,9999.000,9999.000,9999.000,9999.000,9999.000
202605250512,   1.801,   2.528,9999.000,9999.000,9999.000,9999.000,9999.000,9999.000,9999.000
202605250518,   1.874,   2.630,9999.000,9999.000,9999.000,9999.000,9999.000,9999.000,9999.000
202605250524,   1.946,   2.719,9999.000,9999.000,9999.000,9999.000,9999.000,9999.000,9999.000
202605250530,   2.017,   2.807,9999.000,9999.000,9999.000,9999.000,9999.000,9999.000,9999.000
202605250536,   2.087,   2.899,9999.000,9999.000,9999.000,9999.000,9999.000,9999.000,9999.000
202605250542,   2.156,   2.997,9999.000,9999.000,9999.000,9999.000,9999.000,9999.000,9999.000
202605250548,   2.222,   3.089,9999.000,9999.000,9999.000,9999.000,9999.000,9999.000,9999.000
202605250554,   2.288,   3.168,9999.000,9999.000,9999.000,9999.000,9999.000,9999.000,9999.000
202605250600,   2.351,   3.240,   0.400,   0.489,   3.240,   0.400,   3.240,   0.500,   3.340
202605250606,   2.413,   3.309,9999.000,9999.000,9999.000,9999.000,9999.000,9999.000,9999.000
202605250612,   2.473,   3.378,9999.000,9999.000,9999.000,9999.000,9999.000,9999.000,9999.000
202605250618,   2.531,   3.450,9999.000,9999.000,9999.000,9999.000,9999.000,9999.000,9999.000
202605250624,   2.587,   3.509,9999.000,9999.000,9999.000,9999.000,9999.000,9999.000,9999.000
202605250630,   2.642,   3.568,9999.000,9999.000,9999.000,9999.000,9999.000,9999.000,9999.000
202605250636,   2.694,   3.617,9999.000,9999.000,9999.000,9999.000,9999.000,9999.000,9999.000
202605250642,   2.744,   3.660,9999.000,9999.000,9999.000,9999.000,9999.000,9999.000,9999.000
202605250648,   2.792,   3.709,9999.000,9999.000,9999.000,9999.000,9999.000,9999.000,9999.000
202605250654,   2.837,   3.749,9999.000,9999.000,9999.000,9999.000,9999.000,9999.000,9999.000
202605250700,   2.880,   3.788,   0.400,   0.508,   3.788,   0.400,   3.788,   0.500,   3.888
202605250706,   2.920,   3.817,9999.000,9999.000,9999.000,9999.000,9999.000,9999.000,9999.000
202605250712,   2.958,   3.860,9999.000,9999.000,9999.000,9999.000,9999.000,9999.000,9999.000
202605250718,   2.993,   3.899,9999.000,9999.000,9999.000,9999.000,9999.000,9999.000,9999.000
202605250724,   3.025,   3.929,9999.000,9999.000,9999.000,9999.000,9999.000,9999.000,9999.000
202605250730,   3.054,   3.949,9999.000,9999.000,9999.000,9999.000,9999.000,9999.000,9999.000
202605250736,   3.080,   3.968,9999.000,9999.000,9999.000,9999.000,9999.000,9999.000,9999.000
202605250742,   3.103,   3.988,9999.000,9999.000,9999.000,9999.000,9999.000,9999.000,9999.000
202605250748,   3.123,   4.008,9999.000,9999.000,9999.000,9999.000,9999.000,9999.000,9999.000
202605250754,   3.139,   4.017,9999.000,9999.000,9999.000,9999.000,9999.000,9999.000,9999.000
202605250800,   3.152,   4.017,   0.400,   0.465,   4.017,   0.400,   4.017,   0.500,   4.117
202605250806,   3.161,   4.027,9999.000,9999.000,9999.000,9999.000,9999.000,9999.000,9999.000
202605250812,   3.167,   4.037,9999.000,9999.000,9999.000,9999.000,9999.000,9999.000,9999.000
202605250818,   3.170,   4.037,9999.000,9999.000,9999.000,9999.000,9999.000,9999.000,9999.000
202605250824,   3.169,   4.037,9999.000,9999.000,9999.000,9999.000,9999.000,9999.000,9999.000
202605250830,   3.164,   4.037,9999.000,9999.000,9999.000,9999.000,9999.000,9999.000,9999.000
202605250836,   3.157,   4.017,9999.000,9999.000,9999.000,9999.000,9999.000,9999.000,9999.000
202605250842,   3.146,   4.008,9999.000,9999.000,9999.000,9999.000,9999.000,9999.000,9999.000
202605250848,   3.132,   3.988,9999.000,9999.000,9999.000,9999.000,9999.000,9999.000,9999.000
202605250854,   3.114,   3.978,9999.000,9999.000,9999.000,9999.000,9999.000,9999.000,9999.000
202605250900,   3.094,   3.949,   0.500,   0.355,   3.949,   0.400,   3.849,   0.500,   3.949
202605250906,   3.071,   3.929,9999.000,9999.000,9999.000,9999.000,9999.000,9999.000,9999.000
202605250912,   3.046,   3.899,9999.000,9999.000,9999.000,9999.000,9999.000,9999.000,9999.000
202605250918,   3.018,   3.870,9999.000,9999.000,9999.000,9999.000,9999.000,9999.000,9999.000
202605250924,   2.987,   3.827,9999.000,9999.000,9999.000,9999.000,9999.000,9999.000,9999.000
202605250930,   2.955,   3.798,9999.000,9999.000,9999.000,9999.000,9999.000,9999.000,9999.000
202605250936,   2.920,   3.758,9999.000,9999.000,9999.000,9999.000,9999.000,9999.000,9999.000
202605250942,   2.884,   3.719,9999.000,9999.000,9999.000,9999.000,9999.000,9999.000,9999.000
202605250948,   2.845,   3.680,9999.000,9999.000,9999.000,9999.000,9999.000,9999.000,9999.000
202605250954,   2.805,   3.627,9999.000,9999.000,9999.000,9999.000,9999.000,9999.000,9999.000
202605251000,   2.764,   3.588,   0.500,   0.324,   3.588,   0.400,   3.488,   0.500,   3.588
202605251006,   2.721,   3.539,9999.000,9999.000,9999.000,9999.000,9999.000,9999.000,9999.000
202605251012,   2.677,   3.499,9999.000,9999.000,9999.000,9999.000,9999.000,9999.000,9999.000
202605251018,   2.631,   3.450,9999.000,9999.000,9999.000,9999.000,9999.000,9999.000,9999.000
202605251024,   2.585,   3.398,9999.000,9999.000,9999.000,9999.000,9999.000,9999.000,9999.000
202605251030,   2.538,   3.348,9999.000,9999.000,9999.000,9999.000,9999.000,9999.000,9999.000
202605251036,   2.490,   3.299,9999.000,9999.000,9999.000,9999.000,9999.000,9999.000,9999.000
202605251042,   2.441,   3.250,9999.000,9999.000,9999.000,9999.000,9999.000,9999.000,9999.000
202605251048,   2.391,   3.197,9999.000,9999.000,9999.000,9999.000,9999.000,9999.000,9999.000
202605251054,   2.341,   3.148,9999.000,9999.000,9999.000,9999.000,9999.000,9999.000,9999.000
202605251100,   2.291,   3.099,   0.500,   0.308,   3.099,   0.400,   2.999,   0.500,   3.099
202605251106,   2.240,   3.050,9999.000,9999.000,9999.000,9999.000,9999.000,9999.000,9999.000
202605251112,   2.189,   2.997,9999.000,9999.000,9999.000,9999.000,9999.000,9999.000,9999.000
202605251118,   2.138,   2.938,9999.000,9999.000,9999.000,9999.000,9999.000,9999.000,9999.000
202605251124,   2.086,   2.889,9999.000,9999.000,9999.000,9999.000,9999.000,9999.000,9999.000
202605251130,   2.035,   2.840,9999.000,9999.000,9999.000,9999.000,9999.000,9999.000,9999.000
202605251136,   1.984,   2.797,9999.000,9999.000,9999.000,9999.000,9999.000,9999.000,9999.000
202605251142,   1.932,   2.748,9999.000,9999.000,9999.000,9999.000,9999.000,9999.000,9999.000
202605251148,   1.881,   2.689,9999.000,9999.000,9999.000,9999.000,9999.000,9999.000,9999.000
202605251154,   1.831,   2.640,9999.000,9999.000,9999.000,9999.000,9999.000,9999.000,9999.000
202605251200,   1.780,   2.587,   0.400,   0.407,   2.587,   0.400,   2.587,   0.400,   2.587
202605251206,   1.730,   2.548,9999.000,9999.000,9999.000,9999.000,9999.000,9999.000,9999.000
202605251212,   1.680,   2.499,9999.000,9999.000,9999.000,9999.000,9999.000,9999.000,9999.000
202605251218,   1.631,   2.450,9999.000,9999.000,9999.000,9999.000,9999.000,9999.000,9999.000
202605251224,   1.581,   2.410,9999.000,9999.000,9999.000,9999.000,9999.000,9999.000,9999.000
202605251230,   1.533,   2.358,9999.000,9999.000,9999.000,9999.000,9999.000,9999.000,9999.000
202605251236,   1.485,   2.318,9999.000,9999.000,9999.000,9999.000,9999.000,9999.000,9999.000
202605251242,   1.437,   2.279,9999.000,9999.000,9999.000,9999.000,9999.000,9999.000,9999.000
202605251248,   1.389,   2.240,9999.000,9999.000,9999.000,9999.000,9999.000,9999.000,9999.000
202605251254,   1.342,   2.191,9999.000,9999.000,9999.000,9999.000,9999.000,9999.000,9999.000
202605251300,   1.296,   2.148,   0.400,   0.452,   2.148,   0.400,   2.148,   0.400,   2.148
202605251306,   1.249,   2.118,9999.000,9999.000,9999.000,9999.000,9999.000,9999.000,9999.000
202605251312,   1.204,   2.079,9999.000,9999.000,9999.000,9999.000,9999.000,9999.000,9999.000
202605251318,   1.158,   2.040,9999.000,9999.000,9999.000,9999.000,9999.000,9999.000,9999.000
202605251324,   1.114,   2.000,9999.000,9999.000,9999.000,9999.000,9999.000,9999.000,9999.000
202605251330,   1.070,   1.967,9999.000,9999.000,9999.000,9999.000,9999.000,9999.000,9999.000
202605251336,   1.026,   1.928,9999.000,9999.000,9999.000,9999.000,9999.000,9999.000,9999.000
202605251342,   0.984,   1.899,9999.000,9999.000,9999.000,9999.000,9999.000,9999.000,9999.000
202605251348,   0.942,   1.869,9999.000,9999.000,9999.000,9999.000,9999.000,9999.000,9999.000
202605251354,   0.902,   1.840,9999.000,9999.000,9999.000,9999.000,9999.000,9999.000,9999.000
202605251400,   0.862,   1.800,   0.400,   0.538,   1.800,   0.400,   1.800,   0.400,   1.800
202605251406,   0.825,   1.767,9999.000,9999.000,9999.000,9999.000,9999.000,9999.000,9999.000
202605251412,   0.789,   1.748,9999.000,9999.000,9999.000,9999.000,9999.000,9999.000,9999.000
202605251418,   0.755,   1.718,9999.000,9999.000,9999.000,9999.000,9999.000,9999.000,9999.000
202605251424,   0.724,   1.689,9999.000,9999.000,9999.000,9999.000,9999.000,9999.000,9999.000
202605251430,   0.695,   1.669,9999.000,9999.000,9999.000,9999.000,9999.000,9999.000,9999.000
202605251436,   0.669,   1.639,9999.000,9999.000,9999.000,9999.000,9999.000,9999.000,9999.000
202605251442,   0.646,   1.620,9999.000,9999.000,9999.000,9999.000,9999.000,9999.000,9999.000
202605251448,   0.626,   1.590,9999.000,9999.000,9999.000,9999.000,9999.000,9999.000,9999.000
202605251454,   0.610,   1.571,9999.000,9999.000,9999.000,9999.000,9999.000,9999.000,9999.000
202605251500,   0.599,   1.548,   0.400,   0.549,   1.548,   0.400,   1.548,   0.400,   1.548
202605251506,   0.591,   1.528,9999.000,9999.000,9999.000,9999.000,9999.000,9999.000,9999.000
202605251512,   0.588,   1.518,9999.000,9999.000,9999.000,9999.000,9999.000,9999.000,9999.000
202605251518,   0.589,   1.508,9999.000,9999.000,9999.000,9999.000,9999.000,9999.000,9999.000
202605251524,   0.595,   1.498,9999.000,9999.000,9999.000,9999.000,9999.000,9999.000,9999.000
202605251530,   0.606,   1.489,9999.000,9999.000,9999.000,9999.000,9999.000,9999.000,9999.000
202605251536,   0.621,   1.489,9999.000,9999.000,9999.000,9999.000,9999.000,9999.000,9999.000
202605251542,   0.642,   1.479,9999.000,9999.000,9999.000,9999.000,9999.000,9999.000,9999.000
202605251548,   0.667,   1.479,9999.000,9999.000,9999.000,9999.000,9999.000,9999.000,9999.000
202605251554,   0.697,   1.489,9999.000,9999.000,9999.000,9999.000,9999.000,9999.000,9999.000
202605251600,   0.731,   1.489,   0.400,   0.358,   1.489,   0.400,   1.489,   0.400,   1.489
202605251606,   0.770,   1.498,9999.000,9999.000,9999.000,9999.000,9999.000,9999.000,9999.000
202605251612,   0.813,   1.518,9999.000,9999.000,9999.000,9999.000,9999.000,9999.000,9999.000
202605251618,   0.859,   1.548,9999.000,9999.000,9999.000,9999.000,9999.000,9999.000,9999.000
202605251624,   0.909,   1.580,9999.000,9999.000,9999.000,9999.000,9999.000,9999.000,9999.000
202605251630,   0.962,   1.620,9999.000,9999.000,9999.000,9999.000,9999.000,9999.000,9999.000
202605251636,   1.018,   1.659,9999.000,9999.000,9999.000,9999.000,9999.000,9999.000,9999.000
202605251642,   1.077,   1.708,9999.000,9999.000,9999.000,9999.000,9999.000,9999.000,9999.000
202605251648,   1.137,   1.758,9999.000,9999.000,9999.000,9999.000,9999.000,9999.000,9999.000
202605251654,   1.199,   1.820,9999.000,9999.000,9999.000,9999.000,9999.000,9999.000,9999.000
202605251700,   1.263,   1.889,   0.400,   0.226,   1.889,   0.400,   1.889,   0.400,   1.889
202605251706,   1.328,   1.958,9999.000,9999.000,9999.000,9999.000,9999.000,9999.000,9999.000
202605251712,   1.393,   2.040,9999.000,9999.000,9999.000,9999.000,9999.000,9999.000,9999.000
202605251718,   1.459,   2.118,9999.000,9999.000,9999.000,9999.000,9999.000,9999.000,9999.000
202605251724,   1.525,   2.200,9999.000,9999.000,9999.000,9999.000,9999.000,9999.000,9999.000
202605251730,   1.590,   2.289,9999.000,9999.000,9999.000,9999.000,9999.000,9999.000,9999.000
202605251736,   1.655,   2.368,9999.000,9999.000,9999.000,9999.000,9999.000,9999.000,9999.000
202605251742,   1.720,   2.459,9999.000,9999.000,9999.000,9999.000,9999.000,9999.000,9999.000
202605251748,   1.784,   2.548,9999.000,9999.000,9999.000,9999.000,9999.000,9999.000,9999.000
202605251754,   1.847,   2.630,9999.000,9999.000,9999.000,9999.000,9999.000,9999.000,9999.000
202605251800,   1.908,   2.709,   0.400,   0.401,   2.709,   0.400,   2.709,   0.500,   2.809
202605251806,   1.969,   2.797,9999.000,9999.000,9999.000,9999.000,9999.000,9999.000,9999.000
202605251812,   2.028,   2.879,9999.000,9999.000,9999.000,9999.000,9999.000,9999.000,9999.000
202605251818,   2.086,   2.958,9999.000,9999.000,9999.000,9999.000,9999.000,9999.000,9999.000
202605251824,   2.142,   3.030,9999.000,9999.000,9999.000,9999.000,9999.000,9999.000,9999.000
202605251830,   2.197,   3.099,9999.000,9999.000,9999.000,9999.000,9999.000,9999.000,9999.000
202605251836,   2.250,   3.168,9999.000,9999.000,9999.000,9999.000,9999.000,9999.000,9999.000
202605251842,   2.302,   3.230,9999.000,9999.000,9999.000,9999.000,9999.000,9999.000,9999.000
202605251848,   2.352,   3.289,9999.000,9999.000,9999.000,9999.000,9999.000,9999.000,9999.000
202605251854,   2.401,   3.348,9999.000,9999.000,9999.000,9999.000,9999.000,9999.000,9999.000
202605251900,   2.448,   3.398,   0.400,   0.550,   3.398,   0.400,   3.398,   0.500,   3.498
202605251906,   2.492,   3.450,9999.000,9999.000,9999.000,9999.000,9999.000,9999.000,9999.000
202605251912,   2.535,   3.489,9999.000,9999.000,9999.000,9999.000,9999.000,9999.000,9999.000
202605251918,   2.576,   3.539,9999.000,9999.000,9999.000,9999.000,9999.000,9999.000,9999.000
202605251924,   2.615,   3.568,9999.000,9999.000,9999.000,9999.000,9999.000,9999.000,9999.000
202605251930,   2.652,   3.598,9999.000,9999.000,9999.000,9999.000,9999.000,9999.000,9999.000
202605251936,   2.686,   3.627,9999.000,9999.000,9999.000,9999.000,9999.000,9999.000,9999.000
202605251942,   2.717,   3.650,9999.000,9999.000,9999.000,9999.000,9999.000,9999.000,9999.000
202605251948,   2.747,   3.670,9999.000,9999.000,9999.000,9999.000,9999.000,9999.000,9999.000
202605251954,   2.773,   3.699,9999.000,9999.000,9999.000,9999.000,9999.000,9999.000,9999.000
202605252000,   2.796,   3.709,   0.400,   0.513,   3.709,   0.400,   3.709,   0.500,   3.809
202605252006,   2.817,   3.719,9999.000,9999.000,9999.000,9999.000,9999.000,9999.000,9999.000
202605252012,   2.835,   3.729,9999.000,9999.000,9999.000,9999.000,9999.000,9999.000,9999.000
202605252018,   2.849,   3.749,9999.000,9999.000,9999.000,9999.000,9999.000,9999.000,9999.000
202605252024,   2.860,   3.749,9999.000,9999.000,9999.000,9999.000,9999.000,9999.000,9999.000
202605252030,   2.868,   3.749,9999.000,9999.000,9999.000,9999.000,9999.000,9999.000,9999.000
202605252036,   2.873,   3.749,9999.000,9999.000,9999.000,9999.000,9999.000,9999.000,9999.000
202605252042,   2.874,   3.749,9999.000,9999.000,9999.000,9999.000,9999.000,9999.000,9999.000
202605252048,   2.872,   3.729,9999.000,9999.000,9999.000,9999.000,9999.000,9999.000,9999.000
202605252054,   2.867,   3.719,9999.000,9999.000,9999.000,9999.000,9999.000,9999.000,9999.000
202605252100,   2.858,   3.709,   0.400,   0.451,   3.709,   0.400,   3.709,   0.500,   3.809
202605252106,   2.846,   3.699,9999.000,9999.000,9999.000,9999.000,9999.000,9999.000,9999.000
202605252112,   2.832,   3.689,9999.000,9999.000,9999.000,9999.000,9999.000,9999.000,9999.000
202605252118,   2.814,   3.660,9999.000,9999.000,9999.000,9999.000,9999.000,9999.000,9999.000
202605252124,   2.794,   3.627,9999.000,9999.000,9999.000,9999.000,9999.000,9999.000,9999.000
202605252130,   2.771,   3.607,9999.000,9999.000,9999.000,9999.000,9999.000,9999.000,9999.000
202605252136,   2.745,   3.578,9999.000,9999.000,9999.000,9999.000,9999.000,9999.000,9999.000
202605252142,   2.717,   3.539,9999.000,9999.000,9999.000,9999.000,9999.000,9999.000,9999.000
202605252148,   2.686,   3.509,9999.000,9999.000,9999.000,9999.000,9999.000,9999.000,9999.000
202605252154,   2.654,   3.470,9999.000,9999.000,9999.000,9999.000,9999.000,9999.000,9999.000
202605252200,   2.620,   3.427,   0.400,   0.407,   3.427,   0.400,   3.427,   0.500,   3.527
202605252206,   2.584,   3.388,9999.000,9999.000,9999.000,9999.000,9999.000,9999.000,9999.000
202605252212,   2.546,   3.339,9999.000,9999.000,9999.000,9999.000,9999.000,9999.000,9999.000
202605252218,   2.507,   3.289,9999.000,9999.000,9999.000,9999.000,9999.000,9999.000,9999.000
202605252224,   2.466,   3.250,9999.000,9999.000,9999.000,9999.000,9999.000,9999.000,9999.000
202605252230,   2.425,   3.197,9999.000,9999.000,9999.000,9999.000,9999.000,9999.000,9999.000
202605252236,   2.382,   3.148,9999.000,9999.000,9999.000,9999.000,9999.000,9999.000,9999.000
202605252242,   2.338,   3.099,9999.000,9999.000,9999.000,9999.000,9999.000,9999.000,9999.000
202605252248,   2.294,   3.050,9999.000,9999.000,9999.000,9999.000,9999.000,9999.000,9999.000
202605252254,   2.248,   2.997,9999.000,9999.000,9999.000,9999.000,9999.000,9999.000,9999.000
202605252300,   2.202,   2.948,   0.400,   0.346,   2.948,   0.400,   2.948,   0.500,   3.048
202605252306,   2.156,   2.899,9999.000,9999.000,9999.000,9999.000,9999.000,9999.000,9999.000
202605252312,   2.109,   2.850,9999.000,9999.000,9999.000,9999.000,9999.000,9999.000,9999.000
202605252318,   2.062,   2.797,9999.000,9999.000,9999.000,9999.000,9999.000,9999.000,9999.000
202605252324,   2.015,   2.748,9999.000,9999.000,9999.000,9999.000,9999.000,9999.000,9999.000
202605252330,   1.967,   2.699,9999.000,9999.000,9999.000,9999.000,9999.000,9999.000,9999.000
202605252336,   1.919,   2.650,9999.000,9999.000,9999.000,9999.000,9999.000,9999.000,9999.000
202605252342,   1.872,   2.597,9999.000,9999.000,9999.000,9999.000,9999.000,9999.000,9999.000
202605252348,   1.824,   2.548,9999.000,9999.000,9999.000,9999.000,9999.000,9999.000,9999.000
202605252354,   1.777,   2.499,9999.000,9999.000,9999.000,9999.000,9999.000,9999.000,9999.000
202605260000,   1.730,   2.450,   0.400,   0.320,   2.450,   0.400,   2.450,   0.400,   2.450
202605260006,   1.683,   2.410,9999.000,9999.000,9999.000,9999.000,9999.000,9999.000,9999.000
202605260012,   1.636,   2.358,9999.000,9999.000,9999.000,9999.000,9999.000,9999.000,9999.000
202605260018,   1.590,   2.309,9999.000,9999.000,9999.000,9999.000,9999.000,9999.000,9999.000
202605260024,   1.544,   2.259,9999.000,9999.000,9999.000,9999.000,9999.000,9999.000,9999.000
202605260030,   1.499,   2.220,9999.000,9999.000,9999.000,9999.000,9999.000,9999.000,9999.000
202605260036,   1.454,   2.168,9999.000,9999.000,9999.000,9999.000,9999.000,9999.000,9999.000
202605260042,   1.409,   2.118,9999.000,9999.000,9999.000,9999.000,9999.000,9999.000,9999.000
202605260048,   1.365,   2.079,9999.000,9999.000,9999.000,9999.000,9999.000,9999.000,9999.000
202605260054,   1.322,   2.040,9999.000,9999.000,9999.000,9999.000,9999.000,9999.000,9999.000
202605260100,   1.278,   2.000,   0.400,   0.322,   2.000,   0.400,   2.000,   0.400,   2.000
202605260106,   1.236,   1.958,9999.000,9999.000,9999.000,9999.000,9999.000,9999.000,9999.000
202605260112,   1.194,   1.918,9999.000,9999.000,9999.000,9999.000,9999.000,9999.000,9999.000
202605260118,   1.152,   1.879,9999.000,9999.000,9999.000,9999.000,9999.000,9999.000,9999.000
202605260124,   1.111,   1.840,9999.000,9999.000,9999.000,9999.000,9999.000,9999.000,9999.000
202605260130,   1.070,   1.800,9999.000,9999.000,9999.000,9999.000,9999.000,9999.000,9999.000
202605260136,   1.029,   1.767,9999.000,9999.000,9999.000,9999.000,9999.000,9999.000,9999.000
202605260142,   0.989,   1.728,9999.000,9999.000,9999.000,9999.000,9999.000,9999.000,9999.000
202605260148,   0.950,   1.699,9999.000,9999.000,9999.000,9999.000,9999.000,9999.000,9999.000
202605260154,   0.911,   1.669,9999.000,9999.000,9999.000,9999.000,9999.000,9999.000,9999.000
202605260200,   0.873,   1.639,   0.400,   0.366,   1.639,   0.400,   1.639,   0.400,   1.639
202605260206,   0.836,   1.610,9999.000,9999.000,9999.000,9999.000,9999.000,9999.000,9999.000
202605260212,   0.799,   1.580,9999.000,9999.000,9999.000,9999.000,9999.000,9999.000,9999.000
202605260218,   0.764,   1.548,9999.000,9999.000,9999.000,9999.000,9999.000,9999.000,9999.000
202605260224,   0.730,   1.528,9999.000,9999.000,9999.000,9999.000,9999.000,9999.000,9999.000
202605260230,   0.698,   1.498,9999.000,9999.000,9999.000,9999.000,9999.000,9999.000,9999.000
202605260236,   0.667,   1.479,9999.000,9999.000,9999.000,9999.000,9999.000,9999.000,9999.000
202605260242,   0.638,   1.459,9999.000,9999.000,9999.000,9999.000,9999.000,9999.000,9999.000
202605260248,   0.612,   1.439,9999.000,9999.000,9999.000,9999.000,9999.000,9999.000,9999.000
202605260254,   0.588,   1.420,9999.000,9999.000,9999.000,9999.000,9999.000,9999.000,9999.000
202605260300,   0.567,   1.410,   0.400,   0.443,   1.410,   0.400,   1.410,   0.400,   1.410
202605260306,   0.550,   1.390,9999.000,9999.000,9999.000,9999.000,9999.000,9999.000,9999.000
202605260312,   0.535,   1.380,9999.000,9999.000,9999.000,9999.000,9999.000,9999.000,9999.000
202605260318,   0.525,   1.371,9999.000,9999.000,9999.000,9999.000,9999.000,9999.000,9999.000
202605260324,   0.518,   1.361,9999.000,9999.000,9999.000,9999.000,9999.000,9999.000,9999.000
202605260330,   0.515,   1.361,9999.000,9999.000,9999.000,9999.000,9999.000,9999.000,9999.000
202605260336,   0.517,   1.361,9999.000,9999.000,9999.000,9999.000,9999.000,9999.000,9999.000
202605260342,   0.524,   1.361,9999.000,9999.000,9999.000,9999.000,9999.000,9999.000,9999.000
202605260348,   0.535,   1.371,9999.000,9999.000,9999.000,9999.000,9999.000,9999.000,9999.000
202605260354,   0.551,   1.380,9999.000,9999.000,9999.000,9999.000,9999.000,9999.000,9999.000
202605260400,   0.572,   1.400,   0.400,   0.428,   1.400,   0.400,   1.400,   0.400,   1.400
202605260406,   0.598,   1.430,9999.000,9999.000,9999.000,9999.000,9999.000,9999.000,9999.000
202605260412,   0.629,   1.469,9999.000,9999.000,9999.000,9999.000,9999.000,9999.000,9999.000
202605260418,   0.664,   1.498,9999.000,9999.000,9999.000,9999.000,9999.000,9999.000,9999.000
202605260424,   0.705,   1.538,9999.000,9999.000,9999.000,9999.000,9999.000,9999.000,9999.000
202605260430,   0.749,   1.590,9999.000,9999.000,9999.000,9999.000,9999.000,9999.000,9999.000
202605260436,   0.798,   1.659,9999.000,9999.000,9999.000,9999.000,9999.000,9999.000,9999.000
202605260442,   0.851,   1.718,9999.000,9999.000,9999.000,9999.000,9999.000,9999.000,9999.000
202605260448,   0.907,   1.781,9999.000,9999.000,9999.000,9999.000,9999.000,9999.000,9999.000
202605260454,   0.967,   1.849,9999.000,9999.000,9999.000,9999.000,9999.000,9999.000,9999.000
202605260500,   1.029,   1.928,   0.400,   0.499,   1.928,   0.400,   1.928,   0.400,   1.928
202605260506,   1.095,   2.020,9999.000,9999.000,9999.000,9999.000,9999.000,9999.000,9999.000
202605260512,   1.163,   2.109,9999.000,9999.000,9999.000,9999.000,9999.000,9999.000,9999.000
202605260518,   1.232,   2.200,9999.000,9999.000,9999.000,9999.000,9999.000,9999.000,9999.000
202605260524,   1.303,   2.289,9999.000,9999.000,9999.000,9999.000,9999.000,9999.000,9999.000
202605260530,   1.376,   2.377,9999.000,9999.000,9999.000,9999.000,9999.000,9999.000,9999.000
202605260536,   1.449,   2.479,9999.000,9999.000,9999.000,9999.000,9999.000,9999.000,9999.000
202605260542,   1.523,   2.568,9999.000,9999.000,9999.000,9999.000,9999.000,9999.000,9999.000
202605260548,   1.597,   2.669,9999.000,9999.000,9999.000,9999.000,9999.000,9999.000,9999.000
202605260554,   1.671,   2.758,9999.000,9999.000,9999.000,9999.000,9999.000,9999.000,9999.000
202605260600,   1.745,   2.850,   0.400,   0.705,   2.850,   0.400,   2.850,   0.400,   2.850
202605260606,   1.819,   2.938,9999.000,9999.000,9999.000,9999.000,9999.000,9999.000,9999.000
202605260612,   1.892,   3.030,9999.000,9999.000,9999.000,9999.000,9999.000,9999.000,9999.000
202605260618,   1.964,   3.119,9999.000,9999.000,9999.000,9999.000,9999.000,9999.000,9999.000
202605260624,   2.035,   3.197,9999.000,9999.000,9999.000,9999.000,9999.000,9999.000,9999.000
202605260630,   2.105,   3.270,9999.000,9999.000,9999.000,9999.000,9999.000,9999.000,9999.000
202605260636,   2.174,   3.348,9999.000,9999.000,9999.000,9999.000,9999.000,9999.000,9999.000
202605260642,   2.242,   3.417,9999.000,9999.000,9999.000,9999.000,9999.000,9999.000,9999.000
202605260648,   2.308,   3.489,9999.000,9999.000,9999.000,9999.000,9999.000,9999.000,9999.000
202605260654,   2.373,   3.558,9999.000,9999.000,9999.000,9999.000,9999.000,9999.000,9999.000
202605260700,   2.436,   3.617,   0.400,   0.781,   3.617,   0.400,   3.617,   0.400,   3.617
202605260706,   2.498,   3.670,9999.000,9999.000,9999.000,9999.000,9999.000,9999.000,9999.000
202605260712,   2.559,   3.729,9999.000,9999.000,9999.000,9999.000,9999.000,9999.000,9999.000
202605260718,   2.617,   3.768,9999.000,9999.000,9999.000,9999.000,9999.000,9999.000,9999.000
202605260724,   2.674,   3.827,9999.000,9999.000,9999.000,9999.000,9999.000,9999.000,9999.000
202605260730,   2.729,   3.880,9999.000,9999.000,9999.000,9999.000,9999.000,9999.000,9999.000
202605260736,   2.782,   3.919,9999.000,9999.000,9999.000,9999.000,9999.000,9999.000,9999.000
202605260742,   2.833,   3.949,9999.000,9999.000,9999.000,9999.000,9999.000,9999.000,9999.000
202605260748,   2.882,   3.978,9999.000,9999.000,9999.000,9999.000,9999.000,9999.000,9999.000
202605260754,   2.928,   4.017,9999.000,9999.000,9999.000,9999.000,9999.000,9999.000,9999.000
202605260800,   2.972,   4.047,   0.400,   0.675,   4.047,   0.400,   4.047,   0.400,   4.047
202605260806,   3.013,   4.070,9999.000,9999.000,9999.000,9999.000,9999.000,9999.000,9999.000
202605260812,   3.051,   4.090,9999.000,9999.000,9999.000,9999.000,9999.000,9999.000,9999.000
202605260818,   3.086,   4.109,9999.000,9999.000,9999.000,9999.000,9999.000,9999.000,9999.000
202605260824,   3.118,   4.119,9999.000,9999.000,9999.000,9999.000,9999.000,9999.000,9999.000
202605260830,   3.147,   4.129,9999.000,9999.000,9999.000,9999.000,9999.000,9999.000,9999.000
202605260836,   3.172,   4.139,9999.000,9999.000,9999.000,9999.000,9999.000,9999.000,9999.000
202605260842,   3.194,   4.149,9999.000,9999.000,9999.000,9999.000,9999.000,9999.000,9999.000
202605260848,   3.212,   4.149,9999.000,9999.000,9999.000,9999.000,9999.000,9999.000,9999.000
202605260854,   3.227,   4.149,9999.000,9999.000,9999.000,9999.000,9999.000,9999.000,9999.000
202605260900,   3.237,   4.149,   0.400,   0.512,   4.149,   0.400,   4.149,   0.400,   4.149
202605260906,   3.244,   4.139,9999.000,9999.000,9999.000,9999.000,9999.000,9999.000,9999.000
202605260912,   3.248,   4.129,9999.000,9999.000,9999.000,9999.000,9999.000,9999.000,9999.000
202605260918,   3.247,   4.109,9999.000,9999.000,9999.000,9999.000,9999.000,9999.000,9999.000
202605260924,   3.243,   4.090,9999.000,9999.000,9999.000,9999.000,9999.000,9999.000,9999.000
202605260930,   3.236,   4.070,9999.000,9999.000,9999.000,9999.000,9999.000,9999.000,9999.000
202605260936,   3.224,   4.037,9999.000,9999.000,9999.000,9999.000,9999.000,9999.000,9999.000
202605260942,   3.210,   4.017,9999.000,9999.000,9999.000,9999.000,9999.000,9999.000,9999.000
202605260948,   3.192,   3.978,9999.000,9999.000,9999.000,9999.000,9999.000,9999.000,9999.000
202605260954,   3.171,   3.949,9999.000,9999.000,9999.000,9999.000,9999.000,9999.000,9999.000
202605261000,   3.147,   3.919,   0.400,   0.372,   3.919,   0.400,   3.919,   0.400,   3.919
202605261006,   3.120,   3.880,9999.000,9999.000,9999.000,9999.000,9999.000,9999.000,9999.000
202605261012,   3.091,   3.837,9999.000,9999.000,9999.000,9999.000,9999.000,9999.000,9999.000
202605261018,   3.059,   3.798,9999.000,9999.000,9999.000,9999.000,9999.000,9999.000,9999.000
202605261024,   3.025,   3.749,9999.000,9999.000,9999.000,9999.000,9999.000,9999.000,9999.000
202605261030,   2.989,   3.709,9999.000,9999.000,9999.000,9999.000,9999.000,9999.000,9999.000
202605261036,   2.950,   3.660,9999.000,9999.000,9999.000,9999.000,9999.000,9999.000,9999.000
202605261042,   2.910,   3.617,9999.000,9999.000,9999.000,9999.000,9999.000,9999.000,9999.000
202605261048,   2.869,   3.568,9999.000,9999.000,9999.000,9999.000,9999.000,9999.000,9999.000
202605261054,   2.825,   3.519,9999.000,9999.000,9999.000,9999.000,9999.000,9999.000,9999.000
202605261100,   2.781,   3.470,   0.400,   0.289,   3.470,   0.400,   3.470,   0.400,   3.470
202605261106,   2.735,   3.407,9999.000,9999.000,9999.000,9999.000,9999.000,9999.000,9999.000
202605261112,   2.688,   3.358,9999.000,9999.000,9999.000,9999.000,9999.000,9999.000,9999.000
202605261118,   2.641,   3.309,9999.000,9999.000,9999.000,9999.000,9999.000,9999.000,9999.000
202605261124,   2.592,   3.250,9999.000,9999.000,9999.000,9999.000,9999.000,9999.000,9999.000
202605261130,   2.543,   3.197,9999.000,9999.000,9999.000,9999.000,9999.000,9999.000,9999.000
202605261136,   2.493,   3.148,9999.000,9999.000,9999.000,9999.000,9999.000,9999.000,9999.000
202605261142,   2.442,   3.089,9999.000,9999.000,9999.000,9999.000,9999.000,9999.000,9999.000
202605261148,   2.392,   3.030,9999.000,9999.000,9999.000,9999.000,9999.000,9999.000,9999.000
202605261154,   2.340,   2.978,9999.000,9999.000,9999.000,9999.000,9999.000,9999.000,9999.000
202605261200,   2.289,   2.919,   0.400,   0.230,   2.919,   0.300,   2.819,   0.400,   2.919
202605261206,   2.237,   2.869,9999.000,9999.000,9999.000,9999.000,9999.000,9999.000,9999.000
202605261212,   2.185,   2.820,9999.000,9999.000,9999.000,9999.000,9999.000,9999.000,9999.000
202605261218,   2.133,   2.758,9999.000,9999.000,9999.000,9999.000,9999.000,9999.000,9999.000
202605261224,   2.081,   2.709,9999.000,9999.000,9999.000,9999.000,9999.000,9999.000,9999.000
202605261230,   2.030,   2.660,9999.000,9999.000,9999.000,9999.000,9999.000,9999.000,9999.000
202605261236,   1.978,   2.610,9999.000,9999.000,9999.000,9999.000,9999.000,9999.000,9999.000
202605261242,   1.927,   2.558,9999.000,9999.000,9999.000,9999.000,9999.000,9999.000,9999.000
202605261248,   1.875,   2.509,9999.000,9999.000,9999.000,9999.000,9999.000,9999.000,9999.000
202605261254,   1.824,   2.450,9999.000,9999.000,9999.000,9999.000,9999.000,9999.000,9999.000
202605261300,   1.773,   2.400,   0.400,   0.227,   2.400,   0.300,   2.300,   0.400,   2.400
202605261306,   1.723,   2.348,9999.000,9999.000,9999.000,9999.000,9999.000,9999.000,9999.000
202605261312,   1.672,   2.309,9999.000,9999.000,9999.000,9999.000,9999.000,9999.000,9999.000
202605261318,   1.622,   2.259,9999.000,9999.000,9999.000,9999.000,9999.000,9999.000,9999.000
202605261324,   1.572,   2.210,9999.000,9999.000,9999.000,9999.000,9999.000,9999.000,9999.000
202605261330,   1.523,   2.168,9999.000,9999.000,9999.000,9999.000,9999.000,9999.000,9999.000
202605261336,   1.473,   2.118,9999.000,9999.000,9999.000,9999.000,9999.000,9999.000,9999.000
202605261342,   1.424,   2.079,9999.000,9999.000,9999.000,9999.000,9999.000,9999.000,9999.000
202605261348,   1.375,   2.040,9999.000,9999.000,9999.000,9999.000,9999.000,9999.000,9999.000
202605261354,   1.327,   1.990,9999.000,9999.000,9999.000,9999.000,9999.000,9999.000,9999.000
202605261400,   1.278,   1.948,   0.400,   0.270,   1.948,   0.300,   1.848,   0.400,   1.948
202605261406,   1.230,   1.918,9999.000,9999.000,9999.000,9999.000,9999.000,9999.000,9999.000
202605261412,   1.182,   1.879,9999.000,9999.000,9999.000,9999.000,9999.000,9999.000,9999.000
202605261418,   1.134,   1.840,9999.000,9999.000,9999.000,9999.000,9999.000,9999.000,9999.000
202605261424,   1.087,   1.800,9999.000,9999.000,9999.000,9999.000,9999.000,9999.000,9999.000
202605261430,   1.041,   1.758,9999.000,9999.000,9999.000,9999.000,9999.000,9999.000,9999.000
202605261436,   0.995,   1.718,9999.000,9999.000,9999.000,9999.000,9999.000,9999.000,9999.000
202605261442,   0.950,   1.689,9999.000,9999.000,9999.000,9999.000,9999.000,9999.000,9999.000
202605261448,   0.906,   1.649,9999.000,9999.000,9999.000,9999.000,9999.000,9999.000,9999.000
202605261454,   0.864,   1.620,9999.000,9999.000,9999.000,9999.000,9999.000,9999.000,9999.000
202605261500,   0.823,   1.580,   0.300,   0.457,   1.580,   0.300,   1.580,   0.400,   1.680
202605261506,   0.784,   1.538,9999.000,9999.000,9999.000,9999.000,9999.000,9999.000,9999.000
202605261512,   0.747,   1.508,9999.000,9999.000,9999.000,9999.000,9999.000,9999.000,9999.000
202605261518,   0.712,   1.479,9999.000,9999.000,9999.000,9999.000,9999.000,9999.000,9999.000
202605261524,   0.679,   1.449,9999.000,9999.000,9999.000,9999.000,9999.000,9999.000,9999.000
202605261530,   0.650,   1.420,9999.000,9999.000,9999.000,9999.000,9999.000,9999.000,9999.000
202605261536,   0.624,   1.390,9999.000,9999.000,9999.000,9999.000,9999.000,9999.000,9999.000
202605261542,   0.601,   1.371,9999.000,9999.000,9999.000,9999.000,9999.000,9999.000,9999.000
202605261548,   0.582,   1.338,9999.000,9999.000,9999.000,9999.000,9999.000,9999.000,9999.000
202605261554,   0.568,   1.308,9999.000,9999.000,9999.000,9999.000,9999.000,9999.000,9999.000
202605261600,   0.557,   1.279,   0.300,   0.422,   1.279,   0.300,   1.279,   0.400,   1.379
202605261606,   0.551,   1.249,9999.000,9999.000,9999.000,9999.000,9999.000,9999.000,9999.000
202605261612,   0.549,   1.229,9999.000,9999.000,9999.000,9999.000,9999.000,9999.000,9999.000
202605261618,   0.552,   1.210,9999.000,9999.000,9999.000,9999.000,9999.000,9999.000,9999.000
202605261624,   0.560,   1.190,9999.000,9999.000,9999.000,9999.000,9999.000,9999.000,9999.000
202605261630,   0.573,   1.170,9999.000,9999.000,9999.000,9999.000,9999.000,9999.000,9999.000
202605261636,   0.591,   1.161,9999.000,9999.000,9999.000,9999.000,9999.000,9999.000,9999.000
202605261642,   0.613,   1.138,9999.000,9999.000,9999.000,9999.000,9999.000,9999.000,9999.000
202605261648,   0.640,   1.118,9999.000,9999.000,9999.000,9999.000,9999.000,9999.000,9999.000
202605261654,   0.671,   1.108,9999.000,9999.000,9999.000,9999.000,9999.000,9999.000,9999.000
202605261700,   0.707,   1.088,   0.300,   0.081,   1.088,   0.300,   1.088,   0.400,   1.188
202605261706,   0.746,   1.088,9999.000,9999.000,9999.000,9999.000,9999.000,9999.000,9999.000
202605261712,   0.790,   1.079,9999.000,9999.000,9999.000,9999.000,9999.000,9999.000,9999.000
202605261718,   0.837,   1.079,9999.000,9999.000,9999.000,9999.000,9999.000,9999.000,9999.000
202605261724,   0.887,   1.088,9999.000,9999.000,9999.000,9999.000,9999.000,9999.000,9999.000
202605261730,   0.940,   1.098,9999.000,9999.000,9999.000,9999.000,9999.000,9999.000,9999.000
202605261736,   0.996,   1.108,9999.000,9999.000,9999.000,9999.000,9999.000,9999.000,9999.000
202605261742,   1.054,   1.128,9999.000,9999.000,9999.000,9999.000,9999.000,9999.000,9999.000
202605261748,   1.113,   1.170,9999.000,9999.000,9999.000,9999.000,9999.000,9999.000,9999.000
202605261754,   1.174,   1.210,9999.000,9999.000,9999.000,9999.000,9999.000,9999.000,9999.000
202605261800,   1.237,   1.249,   0.400,  -0.388,   1.249,   0.300,   1.149,   0.400,   1.249
202605261806,   1.300,   1.289,9999.000,9999.000,9999.000,9999.000,9999.000,9999.000,9999.000
202605261812,   1.364,   1.348,9999.000,9999.000,9999.000,9999.000,9999.000,9999.000,9999.000
202605261818,   1.429,   1.420,9999.000,9999.000,9999.000,9999.000,9999.000,9999.000,9999.000
202605261824,   1.493,   1.489,9999.000,9999.000,9999.000,9999.000,9999.000,9999.000,9999.000
202605261830,   1.558,   1.557,9999.000,9999.000,9999.000,9999.000,9999.000,9999.000,9999.000
202605261836,   1.622,   1.639,9999.000,9999.000,9999.000,9999.000,9999.000,9999.000,9999.000
202605261842,   1.686,   1.708,9999.000,9999.000,9999.000,9999.000,9999.000,9999.000,9999.000
202605261848,   1.749,   1.800,9999.000,9999.000,9999.000,9999.000,9999.000,9999.000,9999.000
202605261854,   1.812,   1.879,9999.000,9999.000,9999.000,9999.000,9999.000,9999.000,9999.000
202605261900,   1.874,   1.967,   0.400,  -0.307,   1.967,   0.300,   1.867,   0.400,   1.967
202605261906,   1.936,   2.049,9999.000,9999.000,9999.000,9999.000,9999.000,9999.000,9999.000
202605261912,   1.996,   2.118,9999.000,9999.000,9999.000,9999.000,9999.000,9999.000,9999.000
202605261918,   2.055,   2.210,9999.000,9999.000,9999.000,9999.000,9999.000,9999.000,9999.000
202605261924,   2.114,   2.289,9999.000,9999.000,9999.000,9999.000,9999.000,9999.000,9999.000
202605261930,   2.171,   2.368,9999.000,9999.000,9999.000,9999.000,9999.000,9999.000,9999.000
202605261936,   2.227,   2.450,9999.000,9999.000,9999.000,9999.000,9999.000,9999.000,9999.000
202605261942,   2.281,   2.519,9999.000,9999.000,9999.000,9999.000,9999.000,9999.000,9999.000
202605261948,   2.334,   2.587,9999.000,9999.000,9999.000,9999.000,9999.000,9999.000,9999.000
202605261954,   2.386,   2.650,9999.000,9999.000,9999.000,9999.000,9999.000,9999.000,9999.000
202605262000,   2.436,   2.709,   0.400,  -0.127,   2.709,   0.300,   2.609,   0.400,   2.709
202605262006,   2.484,   2.768,9999.000,9999.000,9999.000,9999.000,9999.000,9999.000,9999.000
202605262012,   2.530,   2.830,9999.000,9999.000,9999.000,9999.000,9999.000,9999.000,9999.000
202605262018,   2.574,   2.889,9999.000,9999.000,9999.000,9999.000,9999.000,9999.000,9999.000
202605262024,   2.615,   2.938,9999.000,9999.000,9999.000,9999.000,9999.000,9999.000,9999.000
202605262030,   2.655,   2.978,9999.000,9999.000,9999.000,9999.000,9999.000,9999.000,9999.000
202605262036,   2.691,   3.017,9999.000,9999.000,9999.000,9999.000,9999.000,9999.000,9999.000
202605262042,   2.725,   3.050,9999.000,9999.000,9999.000,9999.000,9999.000,9999.000,9999.000
202605262048,   2.755,   3.089,9999.000,9999.000,9999.000,9999.000,9999.000,9999.000,9999.000
202605262054,   2.783,   3.119,9999.000,9999.000,9999.000,9999.000,9999.000,9999.000,9999.000
202605262100,   2.807,   3.148,   0.400,  -0.059,   3.148,   0.300,   3.048,   0.400,   3.148
202605262106,   2.828,   3.168,9999.000,9999.000,9999.000,9999.000,9999.000,9999.000,9999.000
202605262112,   2.845,   3.178,9999.000,9999.000,9999.000,9999.000,9999.000,9999.000,9999.000
202605262118,   2.859,   3.197,9999.000,9999.000,9999.000,9999.000,9999.000,9999.000,9999.000
202605262124,   2.869,   3.207,9999.000,9999.000,9999.000,9999.000,9999.000,9999.000,9999.000
202605262130,   2.876,   3.207,9999.000,9999.000,9999.000,9999.000,9999.000,9999.000,9999.000
202605262136,   2.878,   3.217,9999.000,9999.000,9999.000,9999.000,9999.000,9999.000,9999.000
202605262142,   2.877,   3.217,9999.000,9999.000,9999.000,9999.000,9999.000,9999.000,9999.000
202605262148,   2.873,   3.207,9999.000,9999.000,9999.000,9999.000,9999.000,9999.000,9999.000
202605262154,   2.865,   3.207,9999.000,9999.000,9999.000,9999.000,9999.000,9999.000,9999.000
202605262200,   2.853,   3.188,   0.400,  -0.065,   3.188,   0.300,   3.088,   0.400,   3.188
202605262206,   2.838,   3.178,9999.000,9999.000,9999.000,9999.000,9999.000,9999.000,9999.000
202605262212,   2.820,   3.168,9999.000,9999.000,9999.000,9999.000,9999.000,9999.000,9999.000
202605262218,   2.799,   3.138,9999.000,9999.000,9999.000,9999.000,9999.000,9999.000,9999.000
202605262224,   2.774,   3.109,9999.000,9999.000,9999.000,9999.000,9999.000,9999.000,9999.000
202605262230,   2.747,   3.089,9999.000,9999.000,9999.000,9999.000,9999.000,9999.000,9999.000
202605262236,   2.718,   3.060,9999.000,9999.000,9999.000,9999.000,9999.000,9999.000,9999.000
202605262242,   2.686,   3.017,9999.000,9999.000,9999.000,9999.000,9999.000,9999.000,9999.000
202605262248,   2.652,   2.988,9999.000,9999.000,9999.000,9999.000,9999.000,9999.000,9999.000
202605262254,   2.616,   2.948,9999.000,9999.000,9999.000,9999.000,9999.000,9999.000,9999.000
202605262300,   2.578,   2.909,   0.400,  -0.069,   2.909,   0.300,   2.809,   0.400,   2.909
202605262306,   2.538,   2.869,9999.000,9999.000,9999.000,9999.000,9999.000,9999.000,9999.000
202605262312,   2.497,   2.820,9999.000,9999.000,9999.000,9999.000,9999.000,9999.000,9999.000
202605262318,   2.454,   2.768,9999.000,9999.000,9999.000,9999.000,9999.000,9999.000,9999.000
202605262324,   2.411,   2.728,9999.000,9999.000,9999.000,9999.000,9999.000,9999.000,9999.000
202605262330,   2.366,   2.679,9999.000,9999.000,9999.000,9999.000,9999.000,9999.000,9999.000
202605262336,   2.320,   2.630,9999.000,9999.000,9999.000,9999.000,9999.000,9999.000,9999.000
202605262342,   2.274,   2.568,9999.000,9999.000,9999.000,9999.000,9999.000,9999.000,9999.000
202605262348,   2.227,   2.519,9999.000,9999.000,9999.000,9999.000,9999.000,9999.000,9999.000
202605262354,   2.179,   2.469,9999.000,9999.000,9999.000,9999.000,9999.000,9999.000,9999.000
202605270000,   2.131,   2.420,   0.400,  -0.111,   2.420,   0.400,   2.420,   0.400,   2.420
202605270006,   2.083,   2.358,9999.000,9999.000,9999.000,9999.000,9999.000,9999.000,9999.000
202605270012,   2.034,   2.309,9999.000,9999.000,9999.000,9999.000,9999.000,9999.000,9999.000
202605270018,   1.985,   2.250,9999.000,9999.000,9999.000,9999.000,9999.000,9999.000,9999.000
202605270024,   1.937,   2.200,9999.000,9999.000,9999.000,9999.000,9999.000,9999.000,9999.000
202605270030,   1.888,   2.148,9999.000,9999.000,9999.000,9999.000,9999.000,9999.000,9999.000
202605270036,   1.839,   2.099,9999.000,9999.000,9999.000,9999.000,9999.000,9999.000,9999.000
202605270042,   1.791,   2.049,9999.000,9999.000,9999.000,9999.000,9999.000,9999.000,9999.000
202605270048,   1.742,   2.000,9999.000,9999.000,9999.000,9999.000,9999.000,9999.000,9999.000
202605270054,   1.694,   1.948,9999.000,9999.000,9999.000,9999.000,9999.000,9999.000,9999.000
202605270100,   1.647,   1.899,   0.400,  -0.148,   1.899,   0.400,   1.899,   0.400,   1.899
202605270106,   1.600,   1.849,9999.000,9999.000,9999.000,9999.000,9999.000,9999.000,9999.000
202605270112,   1.553,   1.800,9999.000,9999.000,9999.000,9999.000,9999.000,9999.000,9999.000
202605270118,   1.507,   1.748,9999.000,9999.000,9999.000,9999.000,9999.000,9999.000,9999.000
202605270124,   1.461,   1.708,9999.000,9999.000,9999.000,9999.000,9999.000,9999.000,9999.000
202605270130,   1.416,   1.659,9999.000,9999.000,9999.000,9999.000,9999.000,9999.000,9999.000
202605270136,   1.371,   1.610,9999.000,9999.000,9999.000,9999.000,9999.000,9999.000,9999.000
202605270142,   1.327,   1.571,9999.000,9999.000,9999.000,9999.000,9999.000,9999.000,9999.000
202605270148,   1.283,   1.518,9999.000,9999.000,9999.000,9999.000,9999.000,9999.000,9999.000
202605270154,   1.240,   1.479,9999.000,9999.000,9999.000,9999.000,9999.000,9999.000,9999.000
202605270200,   1.198,   1.439,   0.400,  -0.159,   1.439,   0.400,   1.439,   0.400,   1.439
202605270206,   1.156,   1.400,9999.000,9999.000,9999.000,9999.000,9999.000,9999.000,9999.000
202605270212,   1.114,   1.361,9999.000,9999.000,9999.000,9999.000,9999.000,9999.000,9999.000
202605270218,   1.073,   1.318,9999.000,9999.000,9999.000,9999.000,9999.000,9999.000,9999.000
202605270224,   1.033,   1.279,9999.000,9999.000,9999.000,9999.000,9999.000,9999.000,9999.000
202605270230,   0.993,   1.249,9999.000,9999.000,9999.000,9999.000,9999.000,9999.000,9999.000
202605270236,   0.954,   1.210,9999.000,9999.000,9999.000,9999.000,9999.000,9999.000,9999.000
202605270242,   0.915,   1.170,9999.000,9999.000,9999.000,9999.000,9999.000,9999.000,9999.000
202605270248,   0.877,   1.138,9999.000,9999.000,9999.000,9999.000,9999.000,9999.000,9999.000
202605270254,   0.840,   1.108,9999.000,9999.000,9999.000,9999.000,9999.000,9999.000,9999.000
202605270300,   0.804,   1.079,   0.400,  -0.125,   1.079,   0.300,   0.979,   0.400,   1.079
202605270306,   0.769,   1.049,9999.000,9999.000,9999.000,9999.000,9999.000,9999.000,9999.000
202605270312,   0.735,   1.020,9999.000,9999.000,9999.000,9999.000,9999.000,9999.000,9999.000
202605270318,   0.703,   0.990,9999.000,9999.000,9999.000,9999.000,9999.000,9999.000,9999.000
202605270324,   0.672,   0.970,9999.000,9999.000,9999.000,9999.000,9999.000,9999.000,9999.000
202605270330,   0.644,   0.941,9999.000,9999.000,9999.000,9999.000,9999.000,9999.000,9999.000
202605270336,   0.617,   0.918,9999.000,9999.000,9999.000,9999.000,9999.000,9999.000,9999.000
202605270342,   0.593,   0.898,9999.000,9999.000,9999.000,9999.000,9999.000,9999.000,9999.000
202605270348,   0.572,   0.879,9999.000,9999.000,9999.000,9999.000,9999.000,9999.000,9999.000
202605270354,   0.554,   0.859,9999.000,9999.000,9999.000,9999.000,9999.000,9999.000,9999.000
202605270400,   0.539,   0.839,   0.400,  -0.100,   0.839,   0.300,   0.739,   0.400,   0.839
202605270406,   0.527,   0.829,9999.000,9999.000,9999.000,9999.000,9999.000,9999.000,9999.000
202605270412,   0.519,   0.819,9999.000,9999.000,9999.000,9999.000,9999.000,9999.000,9999.000
202605270418,   0.516,   0.810,9999.000,9999.000,9999.000,9999.000,9999.000,9999.000,9999.000
202605270424,   0.516,   0.800,9999.000,9999.000,9999.000,9999.000,9999.000,9999.000,9999.000
202605270430,   0.521,   0.800,9999.000,9999.000,9999.000,9999.000,9999.000,9999.000,9999.000
202605270436,   0.531,   0.800,9999.000,9999.000,9999.000,9999.000,9999.000,9999.000,9999.000
202605270442,   0.545,   0.800,9999.000,9999.000,9999.000,9999.000,9999.000,9999.000,9999.000
202605270448,   0.564,   0.810,9999.000,9999.000,9999.000,9999.000,9999.000,9999.000,9999.000
202605270454,   0.588,   0.819,9999.000,9999.000,9999.000,9999.000,9999.000,9999.000,9999.000
202605270500,   0.617,   0.839,   0.400,  -0.178,   0.839,   0.300,   0.739,   0.400,   0.839
202605270506,   0.650,   0.869,9999.000,9999.000,9999.000,9999.000,9999.000,9999.000,9999.000
202605270512,   0.688,   0.908,9999.000,9999.000,9999.000,9999.000,9999.000,9999.000,9999.000
202605270518,   0.731,   0.941,9999.000,9999.000,9999.000,9999.000,9999.000,9999.000,9999.000
202605270524,   0.777,   0.990,9999.000,9999.000,9999.000,9999.000,9999.000,9999.000,9999.000
202605270530,   0.828,   1.039,9999.000,9999.000,9999.000,9999.000,9999.000,9999.000,9999.000
202605270536,   0.883,   1.108,9999.000,9999.000,9999.000,9999.000,9999.000,9999.000,9999.000
202605270542,   0.941,   1.180,9999.000,9999.000,9999.000,9999.000,9999.000,9999.000,9999.000
202605270548,   1.002,   1.259,9999.000,9999.000,9999.000,9999.000,9999.000,9999.000,9999.000
202605270554,   1.066,   1.338,9999.000,9999.000,9999.000,9999.000,9999.000,9999.000,9999.000
202605270600,   1.133,   1.430,   0.400,  -0.103,   1.430,   0.300,   1.330,   0.400,   1.430
202605270606,   1.201,   1.518,9999.000,9999.000,9999.000,9999.000,9999.000,9999.000,9999.000
202605270612,   1.272,   1.620,9999.000,9999.000,9999.000,9999.000,9999.000,9999.000,9999.000
202605270618,   1.344,   1.708,9999.000,9999.000,9999.000,9999.000,9999.000,9999.000,9999.000
202605270624,   1.418,   1.810,9999.000,9999.000,9999.000,9999.000,9999.000,9999.000,9999.000
202605270630,   1.492,   1.908,9999.000,9999.000,9999.000,9999.000,9999.000,9999.000,9999.000
202605270636,   1.567,   2.010,9999.000,9999.000,9999.000,9999.000,9999.000,9999.000,9999.000
202605270642,   1.642,   2.109,9999.000,9999.000,9999.000,9999.000,9999.000,9999.000,9999.000
202605270648,   1.717,   2.210,9999.000,9999.000,9999.000,9999.000,9999.000,9999.000,9999.000
202605270654,   1.792,   2.309,9999.000,9999.000,9999.000,9999.000,9999.000,9999.000,9999.000
202605270700,   1.867,   2.400,   0.400,   0.133,   2.400,   0.300,   2.300,   0.400,   2.400
202605270706,   1.942,   2.499,9999.000,9999.000,9999.000,9999.000,9999.000,9999.000,9999.000
202605270712,   2.015,   2.587,9999.000,9999.000,9999.000,9999.000,9999.000,9999.000,9999.000
202605270718,   2.088,   2.669,9999.000,9999.000,9999.000,9999.000,9999.000,9999.000,9999.000
202605270724,   2.160,   2.758,9999.000,9999.000,9999.000,9999.000,9999.000,9999.000,9999.000
202605270730,   2.231,   2.840,9999.000,9999.000,9999.000,9999.000,9999.000,9999.000,9999.000
202605270736,   2.301,   2.909,9999.000,9999.000,9999.000,9999.000,9999.000,9999.000,9999.000
202605270742,   2.370,   2.978,9999.000,9999.000,9999.000,9999.000,9999.000,9999.000,9999.000
202605270748,   2.437,   3.060,9999.000,9999.000,9999.000,9999.000,9999.000,9999.000,9999.000
202605270754,   2.503,   3.119,9999.000,9999.000,9999.000,9999.000,9999.000,9999.000,9999.000
202605270800,   2.568,   3.178,   0.400,   0.210,   3.178,   0.400,   3.178,   0.400,   3.178
202605270806,   2.631,   3.240,9999.000,9999.000,9999.000,9999.000,9999.000,9999.000,9999.000
202605270812,   2.692,   3.289,9999.000,9999.000,9999.000,9999.000,9999.000,9999.000,9999.000
202605270818,   2.751,   3.329,9999.000,9999.000,9999.000,9999.000,9999.000,9999.000,9999.000
202605270824,   2.809,   3.378,9999.000,9999.000,9999.000,9999.000,9999.000,9999.000,9999.000
202605270830,   2.864,   3.417,9999.000,9999.000,9999.000,9999.000,9999.000,9999.000,9999.000
202605270836,   2.917,   3.470,9999.000,9999.000,9999.000,9999.000,9999.000,9999.000,9999.000
202605270842,   2.967,   3.519,9999.000,9999.000,9999.000,9999.000,9999.000,9999.000,9999.000
202605270848,   3.015,   3.539,9999.000,9999.000,9999.000,9999.000,9999.000,9999.000,9999.000
202605270854,   3.060,   3.568,9999.000,9999.000,9999.000,9999.000,9999.000,9999.000,9999.000
202605270900,   3.102,   3.607,   0.400,   0.105,   3.607,   0.400,   3.607,   0.400,   3.607
202605270906,   3.140,   3.627,9999.000,9999.000,9999.000,9999.000,9999.000,9999.000,9999.000
202605270912,   3.176,   3.650,9999.000,9999.000,9999.000,9999.000,9999.000,9999.000,9999.000
202605270918,   3.208,   3.670,9999.000,9999.000,9999.000,9999.000,9999.000,9999.000,9999.000
202605270924,   3.236,   3.689,9999.000,9999.000,9999.000,9999.000,9999.000,9999.000,9999.000
202605270930,   3.261,   3.709,9999.000,9999.000,9999.000,9999.000,9999.000,9999.000,9999.000
202605270936,   3.281,   3.719,9999.000,9999.000,9999.000,9999.000,9999.000,9999.000,9999.000
202605270942,   3.298,   3.719,9999.000,9999.000,9999.000,9999.000,9999.000,9999.000,9999.000
202605270948,   3.311,   3.719,9999.000,9999.000,9999.000,9999.000,9999.000,9999.000,9999.000
202605270954,   3.320,   3.729,9999.000,9999.000,9999.000,9999.000,9999.000,9999.000,9999.000
202605271000,   3.325,   3.729,   0.400,   0.004,   3.729,   0.400,   3.729,   0.400,   3.729
202605271006,   3.325,   3.729,9999.000,9999.000,9999.000,9999.000,9999.000,9999.000,9999.000
202605271012,   3.322,   3.719,9999.000,9999.000,9999.000,9999.000,9999.000,9999.000,9999.000
202605271018,   3.315,   3.709,9999.000,9999.000,9999.000,9999.000,9999.000,9999.000,9999.000
202605271024,   3.305,   3.699,9999.000,9999.000,9999.000,9999.000,9999.000,9999.000,9999.000
202605271030,   3.291,   3.680,9999.000,9999.000,9999.000,9999.000,9999.000,9999.000,9999.000
202605271036,   3.273,   3.650,9999.000,9999.000,9999.000,9999.000,9999.000,9999.000,9999.000
202605271042,   3.252,   3.627,9999.000,9999.000,9999.000,9999.000,9999.000,9999.000,9999.000
202605271048,   3.228,   3.598,9999.000,9999.000,9999.000,9999.000,9999.000,9999.000,9999.000
202605271054,   3.200,   3.578,9999.000,9999.000,9999.000,9999.000,9999.000,9999.000,9999.000
202605271100,   3.171,   3.539,   0.400,  -0.032,   3.539,   0.400,   3.539,   0.400,   3.539
202605271106,   3.138,   3.509,9999.000,9999.000,9999.000,9999.000,9999.000,9999.000,9999.000
202605271112,   3.103,   3.470,9999.000,9999.000,9999.000,9999.000,9999.000,9999.000,9999.000
202605271118,   3.066,   3.427,9999.000,9999.000,9999.000,9999.000,9999.000,9999.000,9999.000
202605271124,   3.027,   3.388,9999.000,9999.000,9999.000,9999.000,9999.000,9999.000,9999.000
202605271130,   2.986,   3.339,9999.000,9999.000,9999.000,9999.000,9999.000,9999.000,9999.000
202605271136,   2.943,   3.289,9999.000,9999.000,9999.000,9999.000,9999.000,9999.000,9999.000
202605271142,   2.899,   3.250,9999.000,9999.000,9999.000,9999.000,9999.000,9999.000,9999.000
202605271148,   2.854,   3.197,9999.000,9999.000,9999.000,9999.000,9999.000,9999.000,9999.000
202605271154,   2.807,   3.148,9999.000,9999.000,9999.000,9999.000,9999.000,9999.000,9999.000
202605271200,   2.759,   3.099,   0.500,  -0.160,   3.099,   0.400,   2.999,   0.500,   3.099
202605271206,   2.711,   3.040,9999.000,9999.000,9999.000,9999.000,9999.000,9999.000,9999.000
202605271212,   2.661,   2.988,9999.000,9999.000,9999.000,9999.000,9999.000,9999.000,9999.000
202605271218,   2.611,   2.929,9999.000,9999.000,9999.000,9999.000,9999.000,9999.000,9999.000
202605271224,   2.560,   2.879,9999.000,9999.000,9999.000,9999.000,9999.000,9999.000,9999.000
202605271230,   2.508,   2.830,9999.000,9999.000,9999.000,9999.000,9999.000,9999.000,9999.000
202605271236,   2.456,   2.768,9999.000,9999.000,9999.000,9999.000,9999.000,9999.000,9999.000
202605271242,   2.404,   2.709,9999.000,9999.000,9999.000,9999.000,9999.000,9999.000,9999.000
202605271248,   2.351,   2.660,9999.000,9999.000,9999.000,9999.000,9999.000,9999.000,9999.000
202605271254,   2.298,   2.597,9999.000,9999.000,9999.000,9999.000,9999.000,9999.000,9999.000
202605271300,   2.245,   2.548,   0.500,  -0.197,   2.548,   0.400,   2.448,   0.500,   2.548
202605271306,   2.192,   2.499,9999.000,9999.000,9999.000,9999.000,9999.000,9999.000,9999.000
202605271312,   2.139,   2.440,9999.000,9999.000,9999.000,9999.000,9999.000,9999.000,9999.000
202605271318,   2.086,   2.387,9999.000,9999.000,9999.000,9999.000,9999.000,9999.000,9999.000
202605271324,   2.033,   2.328,9999.000,9999.000,9999.000,9999.000,9999.000,9999.000,9999.000
202605271330,   1.980,   2.279,9999.000,9999.000,9999.000,9999.000,9999.000,9999.000,9999.000
202605271336,   1.927,   2.230,9999.000,9999.000,9999.000,9999.000,9999.000,9999.000,9999.000
202605271342,   1.875,   2.177,9999.000,9999.000,9999.000,9999.000,9999.000,9999.000,9999.000
202605271348,   1.822,   2.118,9999.000,9999.000,9999.000,9999.000,9999.000,9999.000,9999.000
202605271354,   1.770,   2.079,9999.000,9999.000,9999.000,9999.000,9999.000,9999.000,9999.000
202605271400,   1.718,   2.030,   0.500,  -0.188,   2.030,   0.400,   1.930,   0.500,   2.030
202605271406,   1.666,   1.981,9999.000,9999.000,9999.000,9999.000,9999.000,9999.000,9999.000
202605271412,   1.614,   1.928,9999.000,9999.000,9999.000,9999.000,9999.000,9999.000,9999.000
202605271418,   1.563,   1.889,9999.000,9999.000,9999.000,9999.000,9999.000,9999.000,9999.000
202605271424,   1.512,   1.840,9999.000,9999.000,9999.000,9999.000,9999.000,9999.000,9999.000
202605271430,   1.461,   1.800,9999.000,9999.000,9999.000,9999.000,9999.000,9999.000,9999.000
202605271436,   1.410,   1.748,9999.000,9999.000,9999.000,9999.000,9999.000,9999.000,9999.000
202605271442,   1.360,   1.708,9999.000,9999.000,9999.000,9999.000,9999.000,9999.000,9999.000
202605271448,   1.309,   1.669,9999.000,9999.000,9999.000,9999.000,9999.000,9999.000,9999.000
202605271454,   1.259,   1.630,9999.000,9999.000,9999.000,9999.000,9999.000,9999.000,9999.000
202605271500,   1.209,   1.590,   0.500,  -0.119,   1.590,   0.400,   1.490,   0.500,   1.590
202605271506,   1.159,   1.557,9999.000,9999.000,9999.000,9999.000,9999.000,9999.000,9999.000
202605271512,   1.110,   1.518,9999.000,9999.000,9999.000,9999.000,9999.000,9999.000,9999.000
202605271518,   1.061,   1.479,9999.000,9999.000,9999.000,9999.000,9999.000,9999.000,9999.000
202605271524,   1.013,   1.449,9999.000,9999.000,9999.000,9999.000,9999.000,9999.000,9999.000
202605271530,   0.966,   1.420,9999.000,9999.000,9999.000,9999.000,9999.000,9999.000,9999.000
202605271536,   0.919,   1.380,9999.000,9999.000,9999.000,9999.000,9999.000,9999.000,9999.000
202605271542,   0.874,   1.348,9999.000,9999.000,9999.000,9999.000,9999.000,9999.000,9999.000
202605271548,   0.830,   1.318,9999.000,9999.000,9999.000,9999.000,9999.000,9999.000,9999.000
202605271554,   0.787,   1.289,9999.000,9999.000,9999.000,9999.000,9999.000,9999.000,9999.000
202605271600,   0.747,   1.259,   0.500,   0.012,   1.259,   0.400,   1.159,   0.500,   1.259
202605271606,   0.708,   1.239,9999.000,9999.000,9999.000,9999.000,9999.000,9999.000,9999.000
202605271612,   0.672,   1.220,9999.000,9999.000,9999.000,9999.000,9999.000,9999.000,9999.000
202605271618,   0.639,   1.190,9999.000,9999.000,9999.000,9999.000,9999.000,9999.000,9999.000
202605271624,   0.608,   1.161,9999.000,9999.000,9999.000,9999.000,9999.000,9999.000,9999.000
202605271630,   0.581,   1.138,9999.000,9999.000,9999.000,9999.000,9999.000,9999.000,9999.000
202605271636,   0.557,   1.108,9999.000,9999.000,9999.000,9999.000,9999.000,9999.000,9999.000
202605271642,   0.537,   1.088,9999.000,9999.000,9999.000,9999.000,9999.000,9999.000,9999.000
202605271648,   0.522,   1.069,9999.000,9999.000,9999.000,9999.000,9999.000,9999.000,9999.000
202605271654,   0.510,   1.059,9999.000,9999.000,9999.000,9999.000,9999.000,9999.000,9999.000
202605271700,   0.503,   1.039,   0.500,   0.036,   1.039,   0.400,   0.939,   0.500,   1.039
202605271706,   0.501,   1.020,9999.000,9999.000,9999.000,9999.000,9999.000,9999.000,9999.000
202605271712,   0.503,   1.010,9999.000,9999.000,9999.000,9999.000,9999.000,9999.000,9999.000
202605271718,   0.510,   1.000,9999.000,9999.000,9999.000,9999.000,9999.000,9999.000,9999.000
202605271724,   0.522,   1.000,9999.000,9999.000,9999.000,9999.000,9999.000,9999.000,9999.000
202605271730,   0.539,   1.000,9999.000,9999.000,9999.000,9999.000,9999.000,9999.000,9999.000
202605271736,   0.561,   1.000,9999.000,9999.000,9999.000,9999.000,9999.000,9999.000,9999.000
202605271742,   0.587,   1.010,9999.000,9999.000,9999.000,9999.000,9999.000,9999.000,9999.000
202605271748,   0.618,   1.020,9999.000,9999.000,9999.000,9999.000,9999.000,9999.000,9999.000
202605271754,   0.653,   1.020,9999.000,9999.000,9999.000,9999.000,9999.000,9999.000,9999.000
202605271800,   0.692,   1.039,   0.500,  -0.153,   1.039,   0.400,   0.939,   0.500,   1.039
202605271806,   0.735,   1.069,9999.000,9999.000,9999.000,9999.000,9999.000,9999.000,9999.000
202605271812,   0.781,   1.108,9999.000,9999.000,9999.000,9999.000,9999.000,9999.000,9999.000
202605271818,   0.831,   1.138,9999.000,9999.000,9999.000,9999.000,9999.000,9999.000,9999.000
202605271824,   0.884,   1.190,9999.000,9999.000,9999.000,9999.000,9999.000,9999.000,9999.000
202605271830,   0.939,   1.249,9999.000,9999.000,9999.000,9999.000,9999.000,9999.000,9999.000
202605271836,   0.997,   1.318,9999.000,9999.000,9999.000,9999.000,9999.000,9999.000,9999.000
202605271842,   1.057,   1.380,9999.000,9999.000,9999.000,9999.000,9999.000,9999.000,9999.000
202605271848,   1.119,   1.459,9999.000,9999.000,9999.000,9999.000,9999.000,9999.000,9999.000
202605271854,   1.182,   1.538,9999.000,9999.000,9999.000,9999.000,9999.000,9999.000,9999.000
202605271900,   1.246,   1.639,   0.500,  -0.107,   1.639,   0.400,   1.539,   0.500,   1.639
202605271906,   1.312,   1.718,9999.000,9999.000,9999.000,9999.000,9999.000,9999.000,9999.000
202605271912,   1.377,   1.810,9999.000,9999.000,9999.000,9999.000,9999.000,9999.000,9999.000
202605271918,   1.444,   1.908,9999.000,9999.000,9999.000,9999.000,9999.000,9999.000,9999.000
202605271924,   1.510,   2.010,9999.000,9999.000,9999.000,9999.000,9999.000,9999.000,9999.000
202605271930,   1.577,   2.099,9999.000,9999.000,9999.000,9999.000,9999.000,9999.000,9999.000
202605271936,   1.644,   2.191,9999.000,9999.000,9999.000,9999.000,9999.000,9999.000,9999.000
202605271942,   1.710,   2.289,9999.000,9999.000,9999.000,9999.000,9999.000,9999.000,9999.000
202605271948,   1.776,   2.377,9999.000,9999.000,9999.000,9999.000,9999.000,9999.000,9999.000
202605271954,   1.841,   2.469,9999.000,9999.000,9999.000,9999.000,9999.000,9999.000,9999.000
202605272000,   1.906,   2.558,   0.500,   0.152,   2.558,   0.400,   2.458,   0.500,   2.558
202605272006,   1.970,   2.650,9999.000,9999.000,9999.000,9999.000,9999.000,9999.000,9999.000
202605272012,   2.033,   2.728,9999.000,9999.000,9999.000,9999.000,9999.000,9999.000,9999.000
202605272018,   2.096,   2.797,9999.000,9999.000,9999.000,9999.000,9999.000,9999.000,9999.000
202605272024,   2.157,   2.879,9999.000,9999.000,9999.000,9999.000,9999.000,9999.000,9999.000
202605272030,   2.216,   2.958,9999.000,9999.000,9999.000,9999.000,9999.000,9999.000,9999.000
202605272036,   2.275,   3.030,9999.000,9999.000,9999.000,9999.000,9999.000,9999.000,9999.000
202605272042,   2.332,   3.099,9999.000,9999.000,9999.000,9999.000,9999.000,9999.000,9999.000
202605272048,   2.387,   3.168,9999.000,9999.000,9999.000,9999.000,9999.000,9999.000,9999.000
202605272054,   2.440,   3.230,9999.000,9999.000,9999.000,9999.000,9999.000,9999.000,9999.000
202605272100,   2.492,   3.279,   0.500,   0.287,   3.279,   0.400,   3.179,   0.500,   3.279
202605272106,   2.541,   3.329,9999.000,9999.000,9999.000,9999.000,9999.000,9999.000,9999.000
202605272112,   2.587,   3.378,9999.000,9999.000,9999.000,9999.000,9999.000,9999.000,9999.000
202605272118,   2.631,   3.417,9999.000,9999.000,9999.000,9999.000,9999.000,9999.000,9999.000
202605272124,   2.672,   3.470,9999.000,9999.000,9999.000,9999.000,9999.000,9999.000,9999.000
202605272130,   2.710,   3.499,9999.000,9999.000,9999.000,9999.000,9999.000,9999.000,9999.000
202605272136,   2.745,   3.509,9999.000,9999.000,9999.000,9999.000,9999.000,9999.000,9999.000
202605272142,   2.777,   3.529,9999.000,9999.000,9999.000,9999.000,9999.000,9999.000,9999.000
202605272148,   2.805,   3.558,9999.000,9999.000,9999.000,9999.000,9999.000,9999.000,9999.000
202605272154,   2.829,   3.568,9999.000,9999.000,9999.000,9999.000,9999.000,9999.000,9999.000
202605272200,   2.850,   3.558,   0.500,   0.208,   3.558,   0.400,   3.458,   0.500,   3.558
202605272206,   2.867,   3.558,9999.000,9999.000,9999.000,9999.000,9999.000,9999.000,9999.000
202605272212,   2.879,   3.578,9999.000,9999.000,9999.000,9999.000,9999.000,9999.000,9999.000
202605272218,   2.888,   3.578,9999.000,9999.000,9999.000,9999.000,9999.000,9999.000,9999.000
202605272224,   2.893,   3.568,9999.000,9999.000,9999.000,9999.000,9999.000,9999.000,9999.000
202605272230,   2.894,   3.558,9999.000,9999.000,9999.000,9999.000,9999.000,9999.000,9999.000
202605272236,   2.891,   3.539,9999.000,9999.000,9999.000,9999.000,9999.000,9999.000,9999.000
202605272242,   2.884,   3.539,9999.000,9999.000,9999.000,9999.000,9999.000,9999.000,9999.000
202605272248,   2.874,   3.519,9999.000,9999.000,9999.000,9999.000,9999.000,9999.000,9999.000
202605272254,   2.860,   3.499,9999.000,9999.000,9999.000,9999.000,9999.000,9999.000,9999.000
202605272300,   2.842,   3.480,   0.500,   0.138,   3.480,   0.400,   3.380,   0.500,   3.480
202605272306,   2.821,   3.460,9999.000,9999.000,9999.000,9999.000,9999.000,9999.000,9999.000
202605272312,   2.797,   3.440,9999.000,9999.000,9999.000,9999.000,9999.000,9999.000,9999.000
202605272318,   2.770,   3.407,9999.000,9999.000,9999.000,9999.000,9999.000,9999.000,9999.000
202605272324,   2.740,   3.368,9999.000,9999.000,9999.000,9999.000,9999.000,9999.000,9999.000
202605272330,   2.708,   3.339,9999.000,9999.000,9999.000,9999.000,9999.000,9999.000,9999.000
202605272336,   2.673,   3.309,9999.000,9999.000,9999.000,9999.000,9999.000,9999.000,9999.000
202605272342,   2.636,   3.270,9999.000,9999.000,9999.000,9999.000,9999.000,9999.000,9999.000
202605272348,   2.597,   3.230,9999.000,9999.000,9999.000,9999.000,9999.000,9999.000,9999.000
202605272354,   2.557,   3.188,9999.000,9999.000,9999.000,9999.000,9999.000,9999.000,9999.000
202605280000,   2.514,   3.148,   0.600,   0.034,   3.148,   0.500,   3.048,   0.600,   3.148
202605280006,   2.471,   3.099,9999.000,9999.000,9999.000,9999.000,9999.000,9999.000,9999.000
202605280012,   2.425,   3.040,9999.000,9999.000,9999.000,9999.000,9999.000,9999.000,9999.000
202605280018,   2.379,   2.988,9999.000,9999.000,9999.000,9999.000,9999.000,9999.000,9999.000
202605280024,   2.332,   2.938,9999.000,9999.000,9999.000,9999.000,9999.000,9999.000,9999.000
202605280030,   2.284,   2.889,9999.000,9999.000,9999.000,9999.000,9999.000,9999.000,9999.000
202605280036,   2.235,   2.840,9999.000,9999.000,9999.000,9999.000,9999.000,9999.000,9999.000
202605280042,   2.185,   2.778,9999.000,9999.000,9999.000,9999.000,9999.000,9999.000,9999.000
202605280048,   2.136,   2.728,9999.000,9999.000,9999.000,9999.000,9999.000,9999.000,9999.000
202605280054,   2.085,   2.679,9999.000,9999.000,9999.000,9999.000,9999.000,9999.000,9999.000
202605280100,   2.035,   2.630,   0.600,  -0.005,   2.630,   0.500,   2.530,   0.600,   2.630
202605280106,   1.984,   2.578,9999.000,9999.000,9999.000,9999.000,9999.000,9999.000,9999.000
202605280112,   1.933,   2.528,9999.000,9999.000,9999.000,9999.000,9999.000,9999.000,9999.000
202605280118,   1.882,   2.469,9999.000,9999.000,9999.000,9999.000,9999.000,9999.000,9999.000
202605280124,   1.832,   2.410,9999.000,9999.000,9999.000,9999.000,9999.000,9999.000,9999.000
202605280130,   1.781,   2.368,9999.000,9999.000,9999.000,9999.000,9999.000,9999.000,9999.000
202605280136,   1.731,   2.318,9999.000,9999.000,9999.000,9999.000,9999.000,9999.000,9999.000
202605280142,   1.681,   2.259,9999.000,9999.000,9999.000,9999.000,9999.000,9999.000,9999.000
202605280148,   1.632,   2.210,9999.000,9999.000,9999.000,9999.000,9999.000,9999.000,9999.000
202605280154,   1.583,   2.158,9999.000,9999.000,9999.000,9999.000,9999.000,9999.000,9999.000
202605280200,   1.535,   2.109,   0.600,  -0.026,   2.109,   0.500,   2.009,   0.600,   2.109
202605280206,   1.487,   2.059,9999.000,9999.000,9999.000,9999.000,9999.000,9999.000,9999.000
202605280212,   1.440,   2.010,9999.000,9999.000,9999.000,9999.000,9999.000,9999.000,9999.000
202605280218,   1.394,   1.958,9999.000,9999.000,9999.000,9999.000,9999.000,9999.000,9999.000
202605280224,   1.349,   1.908,9999.000,9999.000,9999.000,9999.000,9999.000,9999.000,9999.000
202605280230,   1.304,   1.859,9999.000,9999.000,9999.000,9999.000,9999.000,9999.000,9999.000
202605280236,   1.260,   1.820,9999.000,9999.000,9999.000,9999.000,9999.000,9999.000,9999.000
202605280242,   1.216,   1.767,9999.000,9999.000,9999.000,9999.000,9999.000,9999.000,9999.000
202605280248,   1.174,   1.728,9999.000,9999.000,9999.000,9999.000,9999.000,9999.000,9999.000
202605280254,   1.132,   1.689,9999.000,9999.000,9999.000,9999.000,9999.000,9999.000,9999.000
202605280300,   1.091,   1.649,   0.600,  -0.042,   1.649,   0.500,   1.549,   0.600,   1.649
202605280306,   1.050,   1.600,9999.000,9999.000,9999.000,9999.000,9999.000,9999.000,9999.000
202605280312,   1.011,   1.557,9999.000,9999.000,9999.000,9999.000,9999.000,9999.000,9999.000
202605280318,   0.972,   1.518,9999.000,9999.000,9999.000,9999.000,9999.000,9999.000,9999.000
202605280324,   0.934,   1.489,9999.000,9999.000,9999.000,9999.000,9999.000,9999.000,9999.000
202605280330,   0.896,   1.449,9999.000,9999.000,9999.000,9999.000,9999.000,9999.000,9999.000
202605280336,   0.860,   1.410,9999.000,9999.000,9999.000,9999.000,9999.000,9999.000,9999.000
202605280342,   0.824,   1.380,9999.000,9999.000,9999.000,9999.000,9999.000,9999.000,9999.000
202605280348,   0.789,   1.338,9999.000,9999.000,9999.000,9999.000,9999.000,9999.000,9999.000
202605280354,   0.756,   1.308,9999.000,9999.000,9999.000,9999.000,9999.000,9999.000,9999.000
202605280400,   0.724,   1.269,   0.600,  -0.055,   1.269,   0.500,   1.169,   0.600,   1.269
202605280406,   0.693,   1.239,9999.000,9999.000,9999.000,9999.000,9999.000,9999.000,9999.000
202605280412,   0.664,   1.210,9999.000,9999.000,9999.000,9999.000,9999.000,9999.000,9999.000
202605280418,   0.637,   1.180,9999.000,9999.000,9999.000,9999.000,9999.000,9999.000,9999.000
202605280424,   0.612,   1.161,9999.000,9999.000,9999.000,9999.000,9999.000,9999.000,9999.000
202605280430,   0.589,   1.128,9999.000,9999.000,9999.000,9999.000,9999.000,9999.000,9999.000
202605280436,   0.569,   1.108,9999.000,9999.000,9999.000,9999.000,9999.000,9999.000,9999.000
202605280442,   0.552,   1.079,9999.000,9999.000,9999.000,9999.000,9999.000,9999.000,9999.000
202605280448,   0.537,   1.059,9999.000,9999.000,9999.000,9999.000,9999.000,9999.000,9999.000
202605280454,   0.527,   1.039,9999.000,9999.000,9999.000,9999.000,9999.000,9999.000,9999.000
202605280500,   0.519,   1.020,   0.500,   0.001,   1.020,   0.500,   1.020,   0.600,   1.120
202605280506,   0.516,   1.010,9999.000,9999.000,9999.000,9999.000,9999.000,9999.000,9999.000
202605280512,   0.517,   1.000,9999.000,9999.000,9999.000,9999.000,9999.000,9999.000,9999.000
202605280518,   0.522,   0.990,9999.000,9999.000,9999.000,9999.000,9999.000,9999.000,9999.000
202605280524,   0.531,   0.980,9999.000,9999.000,9999.000,9999.000,9999.000,9999.000,9999.000
202605280530,   0.546,   0.970,9999.000,9999.000,9999.000,9999.000,9999.000,9999.000,9999.000
202605280536,   0.564,   0.970,9999.000,9999.000,9999.000,9999.000,9999.000,9999.000,9999.000
202605280542,   0.588,   0.961,9999.000,9999.000,9999.000,9999.000,9999.000,9999.000,9999.000
202605280548,   0.616,9999.000,9999.000,9999.000,9999.000,9999.000,9999.000,9999.000,9999.000
202605280554,   0.649,9999.000,9999.000,9999.000,9999.000,9999.000,9999.000,9999.000,9999.000
202605280600,   0.687,9999.000,   0.500,   0.010,   1.197,   0.500,   1.197,   0.600,   1.297
202605280606,   0.729,9999.000,9999.000,9999.000,9999.000,9999.000,9999.000,9999.000,9999.000
202605280612,   0.776,9999.000,9999.000,9999.000,9999.000,9999.000,9999.000,9999.000,9999.000
202605280618,   0.827,9999.000,9999.000,9999.000,9999.000,9999.000,9999.000,9999.000,9999.000
202605280624,   0.882,9999.000,9999.000,9999.000,9999.000,9999.000,9999.000,9999.000,9999.000
202605280630,   0.940,9999.000,9999.000,9999.000,9999.000,9999.000,9999.000,9999.000,9999.000
202605280636,   1.002,9999.000,9999.000,9999.000,9999.000,9999.000,9999.000,9999.000,9999.000
202605280642,   1.067,9999.000,9999.000,9999.000,9999.000,9999.000,9999.000,9999.000,9999.000
202605280648,   1.135,9999.000,9999.000,9999.000,9999.000,9999.000,9999.000,9999.000,9999.000
202605280654,   1.205,9999.000,9999.000,9999.000,9999.000,9999.000,9999.000,9999.000,9999.000
202605280700,   1.277,9999.000,   0.500,   0.019,   1.796,   0.500,   1.796,   0.600,   1.896
202605280706,   1.351,9999.000,9999.000,9999.000,9999.000,9999.000,9999.000,9999.000,9999.000
202605280712,   1.427,9999.000,9999.000,9999.000,9999.000,9999.000,9999.000,9999.000,9999.000
202605280718,   1.503,9999.000,9999.000,9999.000,9999.000,9999.000,9999.000,9999.000,9999.000
202605280724,   1.581,9999.000,9999.000,9999.000,9999.000,9999.000,9999.000,9999.000,9999.000
202605280730,   1.658,9999.000,9999.000,9999.000,9999.000,9999.000,9999.000,9999.000,9999.000
202605280736,   1.737,9999.000,9999.000,9999.000,9999.000,9999.000,9999.000,9999.000,9999.000
202605280742,   1.815,9999.000,9999.000,9999.000,9999.000,9999.000,9999.000,9999.000,9999.000
202605280748,   1.893,9999.000,9999.000,9999.000,9999.000,9999.000,9999.000,9999.000,9999.000
202605280754,   1.970,9999.000,9999.000,9999.000,9999.000,9999.000,9999.000,9999.000,9999.000
202605280800,   2.047,9999.000,   0.500,   0.028,   2.575,   0.500,   2.575,   0.500,   2.575
202605280806,   2.124,9999.000,9999.000,9999.000,9999.000,9999.000,9999.000,9999.000,9999.000
202605280812,   2.199,9999.000,9999.000,9999.000,9999.000,9999.000,9999.000,9999.000,9999.000
202605280818,   2.273,9999.000,9999.000,9999.000,9999.000,9999.000,9999.000,9999.000,9999.000
202605280824,   2.346,9999.000,9999.000,9999.000,9999.000,9999.000,9999.000,9999.000,9999.000
202605280830,   2.418,9999.000,9999.000,9999.000,9999.000,9999.000,9999.000,9999.000,9999.000
202605280836,   2.488,9999.000,9999.000,9999.000,9999.000,9999.000,9999.000,9999.000,9999.000
202605280842,   2.557,9999.000,9999.000,9999.000,9999.000,9999.000,9999.000,9999.000,9999.000
202605280848,   2.624,9999.000,9999.000,9999.000,9999.000,9999.000,9999.000,9999.000,9999.000
202605280854,   2.689,9999.000,9999.000,9999.000,9999.000,9999.000,9999.000,9999.000,9999.000
202605280900,   2.753,9999.000,   0.500,   0.037,   3.290,   0.500,   3.290,   0.500,   3.290
202605280906,   2.814,9999.000,9999.000,9999.000,9999.000,9999.000,9999.000,9999.000,9999.000
202605280912,   2.873,9999.000,9999.000,9999.000,9999.000,9999.000,9999.000,9999.000,9999.000
202605280918,   2.930,9999.000,9999.000,9999.000,9999.000,9999.000,9999.000,9999.000,9999.000
202605280924,   2.984,9999.000,9999.000,9999.000,9999.000,9999.000,9999.000,9999.000,9999.000
202605280930,   3.035,9999.000,9999.000,9999.000,9999.000,9999.000,9999.000,9999.000,9999.000
202605280936,   3.084,9999.000,9999.000,9999.000,9999.000,9999.000,9999.000,9999.000,9999.000
202605280942,   3.129,9999.000,9999.000,9999.000,9999.000,9999.000,9999.000,9999.000,9999.000
202605280948,   3.171,9999.000,9999.000,9999.000,9999.000,9999.000,9999.000,9999.000,9999.000
202605280954,   3.210,9999.000,9999.000,9999.000,9999.000,9999.000,9999.000,9999.000,9999.000
202605281000,   3.246,9999.000,   0.500,   0.046,   3.792,   0.500,   3.792,   0.500,   3.792
202605281006,   3.277,9999.000,9999.000,9999.000,9999.000,9999.000,9999.000,9999.000,9999.000
202605281012,   3.305,9999.000,9999.000,9999.000,9999.000,9999.000,9999.000,9999.000,9999.000
202605281018,   3.329,9999.000,9999.000,9999.000,9999.000,9999.000,9999.000,9999.000,9999.000
202605281024,   3.349,9999.000,9999.000,9999.000,9999.000,9999.000,9999.000,9999.000,9999.000
202605281030,   3.365,9999.000,9999.000,9999.000,9999.000,9999.000,9999.000,9999.000,9999.000
202605281036,   3.377,9999.000,9999.000,9999.000,9999.000,9999.000,9999.000,9999.000,9999.000
202605281042,   3.385,9999.000,9999.000,9999.000,9999.000,9999.000,9999.000,9999.000,9999.000
202605281048,   3.389,9999.000,9999.000,9999.000,9999.000,9999.000,9999.000,9999.000,9999.000
202605281054,   3.388,9999.000,9999.000,9999.000,9999.000,9999.000,9999.000,9999.000,9999.000
202605281100,   3.384,9999.000,   0.500,   0.056,   3.940,   0.500,   3.940,   0.500,   3.940
202605281106,   3.376,9999.000,9999.000,9999.000,9999.000,9999.000,9999.000,9999.000,9999.000
202605281112,   3.363,9999.000,9999.000,9999.000,9999.000,9999.000,9999.000,9999.000,9999.000
202605281118,   3.348,9999.000,9999.000,9999.000,9999.000,9999.000,9999.000,9999.000,9999.000
202605281124,   3.328,9999.000,9999.000,9999.000,9999.000,9999.000,9999.000,9999.000,9999.000
202605281130,   3.306,9999.000,9999.000,9999.000,9999.000,9999.000,9999.000,9999.000,9999.000
202605281136,   3.280,9999.000,9999.000,9999.000,9999.000,9999.000,9999.000,9999.000,9999.000
202605281142,   3.251,9999.000,9999.000,9999.000,9999.000,9999.000,9999.000,9999.000,9999.000
202605281148,   3.219,9999.000,9999.000,9999.000,9999.000,9999.000,9999.000,9999.000,9999.000
202605281154,   3.185,9999.000,9999.000,9999.000,9999.000,9999.000,9999.000,9999.000,9999.000
202605281200,   3.148,9999.000,   0.500,   0.065,   3.713,   0.500,   3.713,   0.500,   3.713
202605281206,   3.109,9999.000,9999.000,9999.000,9999.000,9999.000,9999.000,9999.000,9999.000
202605281212,   3.068,9999.000,9999.000,9999.000,9999.000,9999.000,9999.000,9999.000,9999.000
202605281218,   3.025,9999.000,9999.000,9999.000,9999.000,9999.000,9999.000,9999.000,9999.000
202605281224,   2.981,9999.000,9999.000,9999.000,9999.000,9999.000,9999.000,9999.000,9999.000
202605281230,   2.935,9999.000,9999.000,9999.000,9999.000,9999.000,9999.000,9999.000,9999.000
202605281236,   2.887,9999.000,9999.000,9999.000,9999.000,9999.000,9999.000,9999.000,9999.000
202605281242,   2.839,9999.000,9999.000,9999.000,9999.000,9999.000,9999.000,9999.000,9999.000
202605281248,   2.789,9999.000,9999.000,9999.000,9999.000,9999.000,9999.000,9999.000,9999.000
202605281254,   2.738,9999.000,9999.000,9999.000,9999.000,9999.000,9999.000,9999.000,9999.000
202605281300,   2.687,9999.000,   0.500,   0.074,   3.261,   0.500,   3.261,   0.500,   3.261
202605281306,   2.634,9999.000,9999.000,9999.000,9999.000,9999.000,9999.000,9999.000,9999.000
202605281312,   2.581,9999.000,9999.000,9999.000,9999.000,9999.000,9999.000,9999.000,9999.000
202605281318,   2.528,9999.000,9999.000,9999.000,9999.000,9999.000,9999.000,9999.000,9999.000
202605281324,   2.474,9999.000,9999.000,9999.000,9999.000,9999.000,9999.000,9999.000,9999.000
202605281330,   2.419,9999.000,9999.000,9999.000,9999.000,9999.000,9999.000,9999.000,9999.000
202605281336,   2.365,9999.000,9999.000,9999.000,9999.000,9999.000,9999.000,9999.000,9999.000
202605281342,   2.310,9999.000,9999.000,9999.000,9999.000,9999.000,9999.000,9999.000,9999.000
202605281348,   2.255,9999.000,9999.000,9999.000,9999.000,9999.000,9999.000,9999.000,9999.000
202605281354,   2.200,9999.000,9999.000,9999.000,9999.000,9999.000,9999.000,9999.000,9999.000
202605281400,   2.145,9999.000,   0.500,   0.083,   2.728,   0.500,   2.728,   0.500,   2.728
202605281406,   2.090,9999.000,9999.000,9999.000,9999.000,9999.000,9999.000,9999.000,9999.000
202605281412,   2.035,9999.000,9999.000,9999.000,9999.000,9999.000,9999.000,9999.000,9999.000
202605281418,   1.981,9999.000,9999.000,9999.000,9999.000,9999.000,9999.000,9999.000,9999.000
202605281424,   1.926,9999.000,9999.000,9999.000,9999.000,9999.000,9999.000,9999.000,9999.000
202605281430,   1.872,9999.000,9999.000,9999.000,9999.000,9999.000,9999.000,9999.000,9999.000
202605281436,   1.819,9999.000,9999.000,9999.000,9999.000,9999.000,9999.000,9999.000,9999.000
202605281442,   1.765,9999.000,9999.000,9999.000,9999.000,9999.000,9999.000,9999.000,9999.000
202605281448,   1.712,9999.000,9999.000,9999.000,9999.000,9999.000,9999.000,9999.000,9999.000
202605281454,   1.659,9999.000,9999.000,9999.000,9999.000,9999.000,9999.000,9999.000,9999.000
202605281500,   1.607,9999.000,   0.500,   0.092,   2.199,   0.400,   2.099,   0.500,   2.199
202605281506,   1.554,9999.000,9999.000,9999.000,9999.000,9999.000,9999.000,9999.000,9999.000
202605281512,   1.502,9999.000,9999.000,9999.000,9999.000,9999.000,9999.000,9999.000,9999.000
202605281518,   1.451,9999.000,9999.000,9999.000,9999.000,9999.000,9999.000,9999.000,9999.000
202605281524,   1.400,9999.000,9999.000,9999.000,9999.000,9999.000,9999.000,9999.000,9999.000
202605281530,   1.348,9999.000,9999.000,9999.000,9999.000,9999.000,9999.000,9999.000,9999.000
202605281536,   1.298,9999.000,9999.000,9999.000,9999.000,9999.000,9999.000,9999.000,9999.000
202605281542,   1.247,9999.000,9999.000,9999.000,9999.000,9999.000,9999.000,9999.000,9999.000
202605281548,   1.197,9999.000,9999.000,9999.000,9999.000,9999.000,9999.000,9999.000,9999.000
202605281554,   1.147,9999.000,9999.000,9999.000,9999.000,9999.000,9999.000,9999.000,9999.000
202605281600,   1.097,9999.000,   0.500,   0.101,   1.698,   0.400,   1.598,   0.500,   1.698
202605281606,   1.048,9999.000,9999.000,9999.000,9999.000,9999.000,9999.000,9999.000,9999.000
202605281612,   0.999,9999.000,9999.000,9999.000,9999.000,9999.000,9999.000,9999.000,9999.000
202605281618,   0.951,9999.000,9999.000,9999.000,9999.000,9999.000,9999.000,9999.000,9999.000
202605281624,   0.904,9999.000,9999.000,9999.000,9999.000,9999.000,9999.000,9999.000,9999.000
202605281630,   0.857,9999.000,9999.000,9999.000,9999.000,9999.000,9999.000,9999.000,9999.000
202605281636,   0.812,9999.000,9999.000,9999.000,9999.000,9999.000,9999.000,9999.000,9999.000
202605281642,   0.768,9999.000,9999.000,9999.000,9999.000,9999.000,9999.000,9999.000,9999.000
202605281648,   0.726,9999.000,9999.000,9999.000,9999.000,9999.000,9999.000,9999.000,9999.000
202605281654,   0.686,9999.000,9999.000,9999.000,9999.000,9999.000,9999.000,9999.000,9999.000
202605281700,   0.648,9999.000,   0.400,   0.110,   1.158,   0.400,   1.158,   0.500,   1.258
202605281706,   0.612,9999.000,9999.000,9999.000,9999.000,9999.000,9999.000,9999.000,9999.000
202605281712,   0.580,9999.000,9999.000,9999.000,9999.000,9999.000,9999.000,9999.000,9999.000
202605281718,   0.550,9999.000,9999.000,9999.000,9999.000,9999.000,9999.000,9999.000,9999.000
202605281724,   0.524,9999.000,9999.000,9999.000,9999.000,9999.000,9999.000,9999.000,9999.000
202605281730,   0.501,9999.000,9999.000,9999.000,9999.000,9999.000,9999.000,9999.000,9999.000
202605281736,   0.483,9999.000,9999.000,9999.000,9999.000,9999.000,9999.000,9999.000,9999.000
202605281742,   0.468,9999.000,9999.000,9999.000,9999.000,9999.000,9999.000,9999.000,9999.000
202605281748,   0.458,9999.000,9999.000,9999.000,9999.000,9999.000,9999.000,9999.000,9999.000
202605281754,   0.453,9999.000,9999.000,9999.000,9999.000,9999.000,9999.000,9999.000,9999.000
202605281800,   0.452,9999.000,   0.400,   0.110,   0.962,   0.400,   0.962,   0.500,   1.062
202605281806,   0.457,9999.000,9999.000,9999.000,9999.000,9999.000,9999.000,9999.000,9999.000
202605281812,   0.466,9999.000,9999.000,9999.000,9999.000,9999.000,9999.000,9999.000,9999.000
202605281818,   0.480,9999.000,9999.000,9999.000,9999.000,9999.000,9999.000,9999.000,9999.000
202605281824,   0.499,9999.000,9999.000,9999.000,9999.000,9999.000,9999.000,9999.000,9999.000
202605281830,   0.523,9999.000,9999.000,9999.000,9999.000,9999.000,9999.000,9999.000,9999.000
202605281836,   0.552,9999.000,9999.000,9999.000,9999.000,9999.000,9999.000,9999.000,9999.000
202605281842,   0.585,9999.000,9999.000,9999.000,9999.000,9999.000,9999.000,9999.000,9999.000
202605281848,   0.623,9999.000,9999.000,9999.000,9999.000,9999.000,9999.000,9999.000,9999.000
202605281854,   0.665,9999.000,9999.000,9999.000,9999.000,9999.000,9999.000,9999.000,9999.000
202605281900,   0.711,9999.000,   0.400,   0.110,   1.221,   0.300,   1.121,   0.500,   1.321
202605281906,   0.761,9999.000,9999.000,9999.000,9999.000,9999.000,9999.000,9999.000,9999.000
202605281912,   0.814,9999.000,9999.000,9999.000,9999.000,9999.000,9999.000,9999.000,9999.000
202605281918,   0.870,9999.000,9999.000,9999.000,9999.000,9999.000,9999.000,9999.000,9999.000
202605281924,   0.929,9999.000,9999.000,9999.000,9999.000,9999.000,9999.000,9999.000,9999.000
202605281930,   0.990,9999.000,9999.000,9999.000,9999.000,9999.000,9999.000,9999.000,9999.000
202605281936,   1.053,9999.000,9999.000,9999.000,9999.000,9999.000,9999.000,9999.000,9999.000
202605281942,   1.118,9999.000,9999.000,9999.000,9999.000,9999.000,9999.000,9999.000,9999.000
202605281948,   1.185,9999.000,9999.000,9999.000,9999.000,9999.000,9999.000,9999.000,9999.000
202605281954,   1.253,9999.000,9999.000,9999.000,9999.000,9999.000,9999.000,9999.000,9999.000
202605282000,   1.321,9999.000,   0.400,   0.110,   1.831,   0.300,   1.731,   0.400,   1.831
202605282006,   1.391,9999.000,9999.000,9999.000,9999.000,9999.000,9999.000,9999.000,9999.000
202605282012,   1.460,9999.000,9999.000,9999.000,9999.000,9999.000,9999.000,9999.000,9999.000
202605282018,   1.530,9999.000,9999.000,9999.000,9999.000,9999.000,9999.000,9999.000,9999.000
202605282024,   1.600,9999.000,9999.000,9999.000,9999.000,9999.000,9999.000,9999.000,9999.000
202605282030,   1.670,9999.000,9999.000,9999.000,9999.000,9999.000,9999.000,9999.000,9999.000
202605282036,   1.739,9999.000,9999.000,9999.000,9999.000,9999.000,9999.000,9999.000,9999.000
202605282042,   1.808,9999.000,9999.000,9999.000,9999.000,9999.000,9999.000,9999.000,9999.000
202605282048,   1.876,9999.000,9999.000,9999.000,9999.000,9999.000,9999.000,9999.000,9999.000
202605282054,   1.943,9999.000,9999.000,9999.000,9999.000,9999.000,9999.000,9999.000,9999.000
202605282100,   2.010,9999.000,   0.400,   0.110,   2.520,   0.300,   2.420,   0.400,   2.520
202605282106,   2.075,9999.000,9999.000,9999.000,9999.000,9999.000,9999.000,9999.000,9999.000
202605282112,   2.139,9999.000,9999.000,9999.000,9999.000,9999.000,9999.000,9999.000,9999.000
202605282118,   2.202,9999.000,9999.000,9999.000,9999.000,9999.000,9999.000,9999.000,9999.000
202605282124,   2.263,9999.000,9999.000,9999.000,9999.000,9999.000,9999.000,9999.000,9999.000
202605282130,   2.322,9999.000,9999.000,9999.000,9999.000,9999.000,9999.000,9999.000,9999.000
202605282136,   2.380,9999.000,9999.000,9999.000,9999.000,9999.000,9999.000,9999.000,9999.000
202605282142,   2.435,9999.000,9999.000,9999.000,9999.000,9999.000,9999.000,9999.000,9999.000
202605282148,   2.488,9999.000,9999.000,9999.000,9999.000,9999.000,9999.000,9999.000,9999.000
202605282154,   2.539,9999.000,9999.000,9999.000,9999.000,9999.000,9999.000,9999.000,9999.000
202605282200,   2.587,9999.000,   0.400,   0.110,   3.097,   0.300,   2.997,   0.400,   3.097
202605282206,   2.633,9999.000,9999.000,9999.000,9999.000,9999.000,9999.000,9999.000,9999.000
202605282212,   2.675,9999.000,9999.000,9999.000,9999.000,9999.000,9999.000,9999.000,9999.000
202605282218,   2.715,9999.000,9999.000,9999.000,9999.000,9999.000,9999.000,9999.000,9999.000
202605282224,   2.751,9999.000,9999.000,9999.000,9999.000,9999.000,9999.000,9999.000,9999.000
202605282230,   2.783,9999.000,9999.000,9999.000,9999.000,9999.000,9999.000,9999.000,9999.000
202605282236,   2.812,9999.000,9999.000,9999.000,9999.000,9999.000,9999.000,9999.000,9999.000
202605282242,   2.837,9999.000,9999.000,9999.000,9999.000,9999.000,9999.000,9999.000,9999.000
202605282248,   2.858,9999.000,9999.000,9999.000,9999.000,9999.000,9999.000,9999.000,9999.000
202605282254,   2.876,9999.000,9999.000,9999.000,9999.000,9999.000,9999.000,9999.000,9999.000
202605282300,   2.889,9999.000,   0.300,   0.110,   3.299,   0.300,   3.299,   0.400,   3.399
202605282306,   2.898,9999.000,9999.000,9999.000,9999.000,9999.000,9999.000,9999.000,9999.000
202605282312,   2.903,9999.000,9999.000,9999.000,9999.000,9999.000,9999.000,9999.000,9999.000
202605282318,   2.904,9999.000,9999.000,9999.000,9999.000,9999.000,9999.000,9999.000,9999.000
202605282324,   2.901,9999.000,9999.000,9999.000,9999.000,9999.000,9999.000,9999.000,9999.000
202605282330,   2.894,9999.000,9999.000,9999.000,9999.000,9999.000,9999.000,9999.000,9999.000
202605282336,   2.883,9999.000,9999.000,9999.000,9999.000,9999.000,9999.000,9999.000,9999.000
202605282342,   2.869,9999.000,9999.000,9999.000,9999.000,9999.000,9999.000,9999.000,9999.000
202605282348,   2.851,9999.000,9999.000,9999.000,9999.000,9999.000,9999.000,9999.000,9999.000
202605282354,   2.829,9999.000,9999.000,9999.000,9999.000,9999.000,9999.000,9999.000,9999.000
202605290000,   2.804,9999.000,   0.300,   0.110,   3.214,   0.200,   3.114,   0.400,   3.314
202605290006,   2.776,9999.000,9999.000,9999.000,9999.000,9999.000,9999.000,9999.000,9999.000
202605290012,   2.746,9999.000,9999.000,9999.000,9999.000,9999.000,9999.000,9999.000,9999.000
202605290018,   2.712,9999.000,9999.000,9999.000,9999.000,9999.000,9999.000,9999.000,9999.000
202605290024,   2.676,9999.000,9999.000,9999.000,9999.000,9999.000,9999.000,9999.000,9999.000
202605290030,   2.638,9999.000,9999.000,9999.000,9999.000,9999.000,9999.000,9999.000,9999.000
202605290036,   2.597,9999.000,9999.000,9999.000,9999.000,9999.000,9999.000,9999.000,9999.000
202605290042,   2.555,9999.000,9999.000,9999.000,9999.000,9999.000,9999.000,9999.000,9999.000
202605290048,   2.511,9999.000,9999.000,9999.000,9999.000,9999.000,9999.000,9999.000,9999.000
202605290054,   2.465,9999.000,9999.000,9999.000,9999.000,9999.000,9999.000,9999.000,9999.000
202605290100,   2.418,9999.000,   0.300,   0.110,   2.828,   0.200,   2.728,   0.400,   2.928
202605290106,   2.369,9999.000,9999.000,9999.000,9999.000,9999.000,9999.000,9999.000,9999.000
202605290112,   2.320,9999.000,9999.000,9999.000,9999.000,9999.000,9999.000,9999.000,9999.000
202605290118,   2.269,9999.000,9999.000,9999.000,9999.000,9999.000,9999.000,9999.000,9999.000
202605290124,   2.218,9999.000,9999.000,9999.000,9999.000,9999.000,9999.000,9999.000,9999.000
202605290130,   2.166,9999.000,9999.000,9999.000,9999.000,9999.000,9999.000,9999.000,9999.000
202605290136,   2.114,9999.000,9999.000,9999.000,9999.000,9999.000,9999.000,9999.000,9999.000
202605290142,   2.062,9999.000,9999.000,9999.000,9999.000,9999.000,9999.000,9999.000,9999.000
202605290148,   2.009,9999.000,9999.000,9999.000,9999.000,9999.000,9999.000,9999.000,9999.000
202605290154,   1.956,9999.000,9999.000,9999.000,9999.000,9999.000,9999.000,9999.000,9999.000
202605290200,   1.903,9999.000,   0.300,   0.110,   2.313,   0.200,   2.213,   0.400,   2.413
202605290206,   1.850,9999.000,9999.000,9999.000,9999.000,9999.000,9999.000,9999.000,9999.000
202605290212,   1.797,9999.000,9999.000,9999.000,9999.000,9999.000,9999.000,9999.000,9999.000
202605290218,   1.745,9999.000,9999.000,9999.000,9999.000,9999.000,9999.000,9999.000,9999.000
202605290224,   1.693,9999.000,9999.000,9999.000,9999.000,9999.000,9999.000,9999.000,9999.000
202605290230,   1.642,9999.000,9999.000,9999.000,9999.000,9999.000,9999.000,9999.000,9999.000
202605290236,   1.592,9999.000,9999.000,9999.000,9999.000,9999.000,9999.000,9999.000,9999.000
202605290242,   1.542,9999.000,9999.000,9999.000,9999.000,9999.000,9999.000,9999.000,9999.000
202605290248,   1.493,9999.000,9999.000,9999.000,9999.000,9999.000,9999.000,9999.000,9999.000
202605290254,   1.444,9999.000,9999.000,9999.000,9999.000,9999.000,9999.000,9999.000,9999.000
202605290300,   1.397,9999.000,   0.300,   0.110,   1.807,   0.200,   1.707,   0.400,   1.907
202605290306,   1.350,9999.000,9999.000,9999.000,9999.000,9999.000,9999.000,9999.000,9999.000
202605290312,   1.305,9999.000,9999.000,9999.000,9999.000,9999.000,9999.000,9999.000,9999.000
202605290318,   1.260,9999.000,9999.000,9999.000,9999.000,9999.000,9999.000,9999.000,9999.000
202605290324,   1.217,9999.000,9999.000,9999.000,9999.000,9999.000,9999.000,9999.000,9999.000
202605290330,   1.174,9999.000,9999.000,9999.000,9999.000,9999.000,9999.000,9999.000,9999.000
202605290336,   1.133,9999.000,9999.000,9999.000,9999.000,9999.000,9999.000,9999.000,9999.000
202605290342,   1.092,9999.000,9999.000,9999.000,9999.000,9999.000,9999.000,9999.000,9999.000
202605290348,   1.053,9999.000,9999.000,9999.000,9999.000,9999.000,9999.000,9999.000,9999.000
202605290354,   1.014,9999.000,9999.000,9999.000,9999.000,9999.000,9999.000,9999.000,9999.000
202605290400,   0.976,9999.000,   0.300,   0.110,   1.386,   0.200,   1.286,   0.400,   1.486
202605290406,   0.939,9999.000,9999.000,9999.000,9999.000,9999.000,9999.000,9999.000,9999.000
202605290412,   0.903,9999.000,9999.000,9999.000,9999.000,9999.000,9999.000,9999.000,9999.000
202605290418,   0.868,9999.000,9999.000,9999.000,9999.000,9999.000,9999.000,9999.000,9999.000
202605290424,   0.834,9999.000,9999.000,9999.000,9999.000,9999.000,9999.000,9999.000,9999.000
202605290430,   0.801,9999.000,9999.000,9999.000,9999.000,9999.000,9999.000,9999.000,9999.000
202605290436,   0.769,9999.000,9999.000,9999.000,9999.000,9999.000,9999.000,9999.000,9999.000
202605290442,   0.738,9999.000,9999.000,9999.000,9999.000,9999.000,9999.000,9999.000,9999.000
202605290448,   0.709,9999.000,9999.000,9999.000,9999.000,9999.000,9999.000,9999.000,9999.000
202605290454,   0.681,9999.000,9999.000,9999.000,9999.000,9999.000,9999.000,9999.000,9999.000
202605290500,   0.654,9999.000,   0.300,   0.110,   1.064,   0.200,   0.964,   0.400,   1.164
202605290506,   0.630,9999.000,9999.000,9999.000,9999.000,9999.000,9999.000,9999.000,9999.000
202605290512,   0.607,9999.000,9999.000,9999.000,9999.000,9999.000,9999.000,9999.000,9999.000
202605290518,   0.586,9999.000,9999.000,9999.000,9999.000,9999.000,9999.000,9999.000,9999.000
202605290524,   0.569,9999.000,9999.000,9999.000,9999.000,9999.000,9999.000,9999.000,9999.000
202605290530,   0.553,9999.000,9999.000,9999.000,9999.000,9999.000,9999.000,9999.000,9999.000
202605290536,   0.541,9999.000,9999.000,9999.000,9999.000,9999.000,9999.000,9999.000,9999.000
202605290542,   0.532,9999.000,9999.000,9999.000,9999.000,9999.000,9999.000,9999.000,9999.000
202605290548,   0.527,9999.000,9999.000,9999.000,9999.000,9999.000,9999.000,9999.000,9999.000
202605290554,   0.526,9999.000,9999.000,9999.000,9999.000,9999.000,9999.000,9999.000,9999.000
202605290600,   0.528,9999.000,   0.300,   0.110,   0.938,   0.200,   0.838,   0.400,   1.038
202605290606,   0.535,9999.000,9999.000,9999.000,9999.000,9999.000,9999.000,9999.000,9999.000
202605290612,   0.547,9999.000,9999.000,9999.000,9999.000,9999.000,9999.000,9999.000,9999.000
202605290618,   0.563,9999.000,9999.000,9999.000,9999.000,9999.000,9999.000,9999.000,9999.000
202605290624,   0.583,9999.000,9999.000,9999.000,9999.000,9999.000,9999.000,9999.000,9999.000
202605290630,   0.609,9999.000,9999.000,9999.000,9999.000,9999.000,9999.000,9999.000,9999.000
202605290636,   0.639,9999.000,9999.000,9999.000,9999.000,9999.000,9999.000,9999.000,9999.000
202605290642,   0.674,9999.000,9999.000,9999.000,9999.000,9999.000,9999.000,9999.000,9999.000
202605290648,   0.714,9999.000,9999.000,9999.000,9999.000,9999.000,9999.000,9999.000,9999.000
202605290654,   0.759,9999.000,9999.000,9999.000,9999.000,9999.000,9999.000,9999.000,9999.000
202605290700,   0.808,9999.000,   0.300,   0.110,   1.218,   0.200,   1.118,   0.400,   1.318
202605290706,   0.861,9999.000,9999.000,9999.000,9999.000,9999.000,9999.000,9999.000,9999.000
202605290712,   0.919,9999.000,9999.000,9999.000,9999.000,9999.000,9999.000,9999.000,9999.000
202605290718,   0.980,9999.000,9999.000,9999.000,9999.000,9999.000,9999.000,9999.000,9999.000
202605290724,   1.045,9999.000,9999.000,9999.000,9999.000,9999.000,9999.000,9999.000,9999.000
202605290730,   1.113,9999.000,9999.000,9999.000,9999.000,9999.000,9999.000,9999.000,9999.000
202605290736,   1.184,9999.000,9999.000,9999.000,9999.000,9999.000,9999.000,9999.000,9999.000
202605290742,   1.258,9999.000,9999.000,9999.000,9999.000,9999.000,9999.000,9999.000,9999.000
202605290748,   1.334,9999.000,9999.000,9999.000,9999.000,9999.000,9999.000,9999.000,9999.000
202605290754,   1.411,9999.000,9999.000,9999.000,9999.000,9999.000,9999.000,9999.000,9999.000
202605290800,   1.490,9999.000,   0.300,   0.110,   1.900,   0.200,   1.800,   0.400,   2.000
202605290806,   1.570,9999.000,9999.000,9999.000,9999.000,9999.000,9999.000,9999.000,9999.000
202605290812,   1.651,9999.000,9999.000,9999.000,9999.000,9999.000,9999.000,9999.000,9999.000
202605290818,   1.732,9999.000,9999.000,9999.000,9999.000,9999.000,9999.000,9999.000,9999.000
202605290824,   1.813,9999.000,9999.000,9999.000,9999.000,9999.000,9999.000,9999.000,9999.000
202605290830,   1.895,9999.000,9999.000,9999.000,9999.000,9999.000,9999.000,9999.000,9999.000
202605290836,   1.975,9999.000,9999.000,9999.000,9999.000,9999.000,9999.000,9999.000,9999.000
202605290842,   2.055,9999.000,9999.000,9999.000,9999.000,9999.000,9999.000,9999.000,9999.000
202605290848,   2.135,9999.000,9999.000,9999.000,9999.000,9999.000,9999.000,9999.000,9999.000
202605290854,   2.213,9999.000,9999.000,9999.000,9999.000,9999.000,9999.000,9999.000,9999.000
202605290900,   2.290,9999.000,   0.300,   0.110,   2.700,   0.200,   2.600,   0.400,   2.800
202605290906,   2.365,9999.000,9999.000,9999.000,9999.000,9999.000,9999.000,9999.000,9999.000
202605290912,   2.439,9999.000,9999.000,9999.000,9999.000,9999.000,9999.000,9999.000,9999.000
202605290918,   2.511,9999.000,9999.000,9999.000,9999.000,9999.000,9999.000,9999.000,9999.000
202605290924,   2.582,9999.000,9999.000,9999.000,9999.000,9999.000,9999.000,9999.000,9999.000
202605290930,   2.651,9999.000,9999.000,9999.000,9999.000,9999.000,9999.000,9999.000,9999.000
202605290936,   2.717,9999.000,9999.000,9999.000,9999.000,9999.000,9999.000,9999.000,9999.000
202605290942,   2.782,9999.000,9999.000,9999.000,9999.000,9999.000,9999.000,9999.000,9999.000
202605290948,   2.844,9999.000,9999.000,9999.000,9999.000,9999.000,9999.000,9999.000,9999.000
202605290954,   2.903,9999.000,9999.000,9999.000,9999.000,9999.000,9999.000,9999.000,9999.000
202605291000,   2.961,9999.000,   0.300,   0.110,   3.371,   0.200,   3.271,   0.400,   3.471
202605291006,   3.015,9999.000,9999.000,9999.000,9999.000,9999.000,9999.000,9999.000,9999.000
202605291012,   3.067,9999.000,9999.000,9999.000,9999.000,9999.000,9999.000,9999.000,9999.000
202605291018,   3.116,9999.000,9999.000,9999.000,9999.000,9999.000,9999.000,9999.000,9999.000
202605291024,   3.162,9999.000,9999.000,9999.000,9999.000,9999.000,9999.000,9999.000,9999.000
202605291030,   3.205,9999.000,9999.000,9999.000,9999.000,9999.000,9999.000,9999.000,9999.000
202605291036,   3.244,9999.000,9999.000,9999.000,9999.000,9999.000,9999.000,9999.000,9999.000
202605291042,   3.280,9999.000,9999.000,9999.000,9999.000,9999.000,9999.000,9999.000,9999.000
202605291048,   3.312,9999.000,9999.000,9999.000,9999.000,9999.000,9999.000,9999.000,9999.000
202605291054,   3.341,9999.000,9999.000,9999.000,9999.000,9999.000,9999.000,9999.000,9999.000
202605291100,   3.365,9999.000,   0.300,   0.110,   3.775,   0.200,   3.675,   0.400,   3.875
202605291106,   3.386,9999.000,9999.000,9999.000,9999.000,9999.000,9999.000,9999.000,9999.000
202605291112,   3.403,9999.000,9999.000,9999.000,9999.000,9999.000,9999.000,9999.000,9999.000
202605291118,   3.416,9999.000,9999.000,9999.000,9999.000,9999.000,9999.000,9999.000,9999.000
202605291124,   3.424,9999.000,9999.000,9999.000,9999.000,9999.000,9999.000,9999.000,9999.000
202605291130,   3.429,9999.000,9999.000,9999.000,9999.000,9999.000,9999.000,9999.000,9999.000
202605291136,   3.429,9999.000,9999.000,9999.000,9999.000,9999.000,9999.000,9999.000,9999.000
202605291142,   3.426,9999.000,9999.000,9999.000,9999.000,9999.000,9999.000,9999.000,9999.000
202605291148,   3.418,9999.000,9999.000,9999.000,9999.000,9999.000,9999.000,9999.000,9999.000
202605291154,   3.407,9999.000,9999.000,9999.000,9999.000,9999.000,9999.000,9999.000,9999.000
202605291200,   3.391,9999.000,   0.300,   0.110,   3.801,   0.200,   3.701,   0.400,   3.901
202605291206,   3.372,9999.000,9999.000,9999.000,9999.000,9999.000,9999.000,9999.000,9999.000
202605291212,   3.350,9999.000,9999.000,9999.000,9999.000,9999.000,9999.000,9999.000,9999.000
202605291218,   3.324,9999.000,9999.000,9999.000,9999.000,9999.000,9999.000,9999.000,9999.000
202605291224,   3.295,9999.000,9999.000,9999.000,9999.000,9999.000,9999.000,9999.000,9999.000
202605291230,   3.263,9999.000,9999.000,9999.000,9999.000,9999.000,9999.000,9999.000,9999.000
202605291236,   3.228,9999.000,9999.000,9999.000,9999.000,9999.000,9999.000,9999.000,9999.000
202605291242,   3.191,9999.000,9999.000,9999.000,9999.000,9999.000,9999.000,9999.000,9999.000
202605291248,   3.151,9999.000,9999.000,9999.000,9999.000,9999.000,9999.000,9999.000,9999.000
202605291254,   3.109,9999.000,9999.000,9999.000,9999.000,9999.000,9999.000,9999.000,9999.000
202605291300,   3.065,9999.000,   0.300,   0.110,   3.475,   0.200,   3.375,   0.400,   3.575
202605291306,   3.019,9999.000,9999.000,9999.000,9999.000,9999.000,9999.000,9999.000,9999.000
202605291312,   2.971,9999.000,9999.000,9999.000,9999.000,9999.000,9999.000,9999.000,9999.000
202605291318,   2.922,9999.000,9999.000,9999.000,9999.000,9999.000,9999.000,9999.000,9999.000
202605291324,   2.872,9999.000,9999.000,9999.000,9999.000,9999.000,9999.000,9999.000,9999.000
202605291330,   2.820,9999.000,9999.000,9999.000,9999.000,9999.000,9999.000,9999.000,9999.000
202605291336,   2.768,9999.000,9999.000,9999.000,9999.000,9999.000,9999.000,9999.000,9999.000
202605291342,   2.714,9999.000,9999.000,9999.000,9999.000,9999.000,9999.000,9999.000,9999.000
202605291348,   2.660,9999.000,9999.000,9999.000,9999.000,9999.000,9999.000,9999.000,9999.000
202605291354,   2.605,9999.000,9999.000,9999.000,9999.000,9999.000,9999.000,9999.000,9999.000
202605291400,   2.549,9999.000,   0.300,   0.110,   2.959,   0.200,   2.859,   0.400,   3.059
202605291406,   2.493,9999.000,9999.000,9999.000,9999.000,9999.000,9999.000,9999.000,9999.000
202605291412,   2.437,9999.000,9999.000,9999.000,9999.000,9999.000,9999.000,9999.000,9999.000
202605291418,   2.381,9999.000,9999.000,9999.000,9999.000,9999.000,9999.000,9999.000,9999.000
202605291424,   2.324,9999.000,9999.000,9999.000,9999.000,9999.000,9999.000,9999.000,9999.000
202605291430,   2.268,9999.000,9999.000,9999.000,9999.000,9999.000,9999.000,9999.000,9999.000
202605291436,   2.211,9999.000,9999.000,9999.000,9999.000,9999.000,9999.000,9999.000,9999.000
202605291442,   2.155,9999.000,9999.000,9999.000,9999.000,9999.000,9999.000,9999.000,9999.000
202605291448,   2.098,9999.000,9999.000,9999.000,9999.000,9999.000,9999.000,9999.000,9999.000
202605291454,   2.042,9999.000,9999.000,9999.000,9999.000,9999.000,9999.000,9999.000,9999.000
202605291500,   1.987,9999.000,   0.300,   0.110,   2.397,   0.200,   2.297,   0.400,   2.497
202605291506,   1.931,9999.000,9999.000,9999.000,9999.000,9999.000,9999.000,9999.000,9999.000
202605291512,   1.877,9999.000,9999.000,9999.000,9999.000,9999.000,9999.000,9999.000,9999.000
202605291518,   1.822,9999.000,9999.000,9999.000,9999.000,9999.000,9999.000,9999.000,9999.000
202605291524,   1.768,9999.000,9999.000,9999.000,9999.000,9999.000,9999.000,9999.000,9999.000
202605291530,   1.715,9999.000,9999.000,9999.000,9999.000,9999.000,9999.000,9999.000,9999.000
202605291536,   1.662,9999.000,9999.000,9999.000,9999.000,9999.000,9999.000,9999.000,9999.000
202605291542,   1.609,9999.000,9999.000,9999.000,9999.000,9999.000,9999.000,9999.000,9999.000
202605291548,   1.557,9999.000,9999.000,9999.000,9999.000,9999.000,9999.000,9999.000,9999.000
202605291554,   1.505,9999.000,9999.000,9999.000,9999.000,9999.000,9999.000,9999.000,9999.000
202605291600,   1.454,9999.000,   0.300,   0.110,   1.864,   0.200,   1.764,   0.400,   1.964
202605291606,   1.403,9999.000,9999.000,9999.000,9999.000,9999.000,9999.000,9999.000,9999.000
202605291612,   1.353,9999.000,9999.000,9999.000,9999.000,9999.000,9999.000,9999.000,9999.000
202605291618,   1.302,9999.000,9999.000,9999.000,9999.000,9999.000,9999.000,9999.000,9999.000
202605291624,   1.252,9999.000,9999.000,9999.000,9999.000,9999.000,9999.000,9999.000,9999.000
202605291630,   1.203,9999.000,9999.000,9999.000,9999.000,9999.000,9999.000,9999.000,9999.000
202605291636,   1.153,9999.000,9999.000,9999.000,9999.000,9999.000,9999.000,9999.000,9999.000
202605291642,   1.104,9999.000,9999.000,9999.000,9999.000,9999.000,9999.000,9999.000,9999.000
202605291648,   1.055,9999.000,9999.000,9999.000,9999.000,9999.000,9999.000,9999.000,9999.000
202605291654,   1.007,9999.000,9999.000,9999.000,9999.000,9999.000,9999.000,9999.000,9999.000
202605291700,   0.959,9999.000,   0.300,   0.110,   1.369,   0.200,   1.269,   0.400,   1.469
202605291706,   0.912,9999.000,9999.000,9999.000,9999.000,9999.000,9999.000,9999.000,9999.000
202605291712,   0.865,9999.000,9999.000,9999.000,9999.000,9999.000,9999.000,9999.000,9999.000
202605291718,   0.819,9999.000,9999.000,9999.000,9999.000,9999.000,9999.000,9999.000,9999.000
202605291724,   0.775,9999.000,9999.000,9999.000,9999.000,9999.000,9999.000,9999.000,9999.000
202605291730,   0.731,9999.000,9999.000,9999.000,9999.000,9999.000,9999.000,9999.000,9999.000
202605291736,   0.689,9999.000,9999.000,9999.000,9999.000,9999.000,9999.000,9999.000,9999.000
202605291742,   0.649,9999.000,9999.000,9999.000,9999.000,9999.000,9999.000,9999.000,9999.000
202605291748,   0.612,9999.000,9999.000,9999.000,9999.000,9999.000,9999.000,9999.000,9999.000
202605291754,   0.576,9999.000,9999.000,9999.000,9999.000,9999.000,9999.000,9999.000,9999.000
202605291800,   0.543,9999.000,   0.300,   0.110,   0.953,   0.200,   0.853,   0.400,   1.053
202605291806,   0.514,9999.000,9999.000,9999.000,9999.000,9999.000,9999.000,9999.000,9999.000
202605291812,   0.488,9999.000,9999.000,9999.000,9999.000,9999.000,9999.000,9999.000,9999.000
202605291818,   0.465,9999.000,9999.000,9999.000,9999.000,9999.000,9999.000,9999.000,9999.000
202605291824,   0.446,9999.000,9999.000,9999.000,9999.000,9999.000,9999.000,9999.000,9999.000
202605291830,   0.432,9999.000,9999.000,9999.000,9999.000,9999.000,9999.000,9999.000,9999.000
202605291836,   0.422,9999.000,9999.000,9999.000,9999.000,9999.000,9999.000,9999.000,9999.000
202605291842,   0.417,9999.000,9999.000,9999.000,9999.000,9999.000,9999.000,9999.000,9999.000
202605291848,   0.417,9999.000,9999.000,9999.000,9999.000,9999.000,9999.000,9999.000,9999.000
202605291854,   0.422,9999.000,9999.000,9999.000,9999.000,9999.000,9999.000,9999.000,9999.000
202605291900,   0.432,9999.000,   0.300,   0.110,   0.842,   0.300,   0.842,   0.400,   0.942
202605291906,   0.447,9999.000,9999.000,9999.000,9999.000,9999.000,9999.000,9999.000,9999.000
202605291912,   0.467,9999.000,9999.000,9999.000,9999.000,9999.000,9999.000,9999.000,9999.000
202605291918,   0.492,9999.000,9999.000,9999.000,9999.000,9999.000,9999.000,9999.000,9999.000
202605291924,   0.522,9999.000,9999.000,9999.000,9999.000,9999.000,9999.000,9999.000,9999.000
202605291930,   0.557,9999.000,9999.000,9999.000,9999.000,9999.000,9999.000,9999.000,9999.000
202605291936,   0.597,9999.000,9999.000,9999.000,9999.000,9999.000,9999.000,9999.000,9999.000
202605291942,   0.641,9999.000,9999.000,9999.000,9999.000,9999.000,9999.000,9999.000,9999.000
202605291948,   0.689,9999.000,9999.000,9999.000,9999.000,9999.000,9999.000,9999.000,9999.000
202605291954,   0.741,9999.000,9999.000,9999.000,9999.000,9999.000,9999.000,9999.000,9999.000
202605292000,   0.797,9999.000,   0.300,   0.110,   1.207,   0.300,   1.207,   0.400,   1.307
202605292006,   0.856,9999.000,9999.000,9999.000,9999.000,9999.000,9999.000,9999.000,9999.000
202605292012,   0.917,9999.000,9999.000,9999.000,9999.000,9999.000,9999.000,9999.000,9999.000
202605292018,   0.981,9999.000,9999.000,9999.000,9999.000,9999.000,9999.000,9999.000,9999.000
202605292024,   1.047,9999.000,9999.000,9999.000,9999.000,9999.000,9999.000,9999.000,9999.000
202605292030,   1.115,9999.000,9999.000,9999.000,9999.000,9999.000,9999.000,9999.000,9999.000
202605292036,   1.185,9999.000,9999.000,9999.000,9999.000,9999.000,9999.000,9999.000,9999.000
202605292042,   1.255,9999.000,9999.000,9999.000,9999.000,9999.000,9999.000,9999.000,9999.000
202605292048,   1.326,9999.000,9999.000,9999.000,9999.000,9999.000,9999.000,9999.000,9999.000
202605292054,   1.398,9999.000,9999.000,9999.000,9999.000,9999.000,9999.000,9999.000,9999.000
202605292100,   1.470,9999.000,   0.300,   0.110,   1.880,   0.300,   1.880,   0.400,   1.980
202605292106,   1.542,9999.000,9999.000,9999.000,9999.000,9999.000,9999.000,9999.000,9999.000
202605292112,   1.614,9999.000,9999.000,9999.000,9999.000,9999.000,9999.000,9999.000,9999.000
202605292118,   1.685,9999.000,9999.000,9999.000,9999.000,9999.000,9999.000,9999.000,9999.000
202605292124,   1.756,9999.000,9999.000,9999.000,9999.000,9999.000,9999.000,9999.000,9999.000
202605292130,   1.826,9999.000,9999.000,9999.000,9999.000,9999.000,9999.000,9999.000,9999.000
202605292136,   1.895,9999.000,9999.000,9999.000,9999.000,9999.000,9999.000,9999.000,9999.000
202605292142,   1.963,9999.000,9999.000,9999.000,9999.000,9999.000,9999.000,9999.000,9999.000
202605292148,   2.030,9999.000,9999.000,9999.000,9999.000,9999.000,9999.000,9999.000,9999.000
202605292154,   2.095,9999.000,9999.000,9999.000,9999.000,9999.000,9999.000,9999.000,9999.000
202605292200,   2.159,9999.000,   0.400,   0.110,   2.669,   0.300,   2.569,   0.400,   2.669
202605292206,   2.222,9999.000,9999.000,9999.000,9999.000,9999.000,9999.000,9999.000,9999.000
202605292212,   2.282,9999.000,9999.000,9999.000,9999.000,9999.000,9999.000,9999.000,9999.000
202605292218,   2.341,9999.000,9999.000,9999.000,9999.000,9999.000,9999.000,9999.000,9999.000
202605292224,   2.398,9999.000,9999.000,9999.000,9999.000,9999.000,9999.000,9999.000,9999.000
202605292230,   2.452,9999.000,9999.000,9999.000,9999.000,9999.000,9999.000,9999.000,9999.000
202605292236,   2.504,9999.000,9999.000,9999.000,9999.000,9999.000,9999.000,9999.000,9999.000
202605292242,   2.554,9999.000,9999.000,9999.000,9999.000,9999.000,9999.000,9999.000,9999.000
202605292248,   2.601,9999.000,9999.000,9999.000,9999.000,9999.000,9999.000,9999.000,9999.000
202605292254,   2.645,9999.000,9999.000,9999.000,9999.000,9999.000,9999.000,9999.000,9999.000
202605292300,   2.686,9999.000,   0.400,   0.110,   3.196,   0.300,   3.096,   0.400,   3.196
202605292306,   2.724,9999.000,9999.000,9999.000,9999.000,9999.000,9999.000,9999.000,9999.000
202605292312,   2.759,9999.000,9999.000,9999.000,9999.000,9999.000,9999.000,9999.000,9999.000
202605292318,   2.790,9999.000,9999.000,9999.000,9999.000,9999.000,9999.000,9999.000,9999.000
202605292324,   2.817,9999.000,9999.000,9999.000,9999.000,9999.000,9999.000,9999.000,9999.000
202605292330,   2.841,9999.000,9999.000,9999.000,9999.000,9999.000,9999.000,9999.000,9999.000
202605292336,   2.861,9999.000,9999.000,9999.000,9999.000,9999.000,9999.000,9999.000,9999.000
202605292342,   2.877,9999.000,9999.000,9999.000,9999.000,9999.000,9999.000,9999.000,9999.000
202605292348,   2.888,9999.000,9999.000,9999.000,9999.000,9999.000,9999.000,9999.000,9999.000
202605292354,   2.896,9999.000,9999.000,9999.000,9999.000,9999.000,9999.000,9999.000,9999.000
202605300000,   2.900,9999.000,   0.400,   0.110,   3.410,   0.300,   3.310,   0.400,   3.410
202605300006,   2.899,9999.000,9999.000,9999.000,9999.000,9999.000,9999.000,9999.000,9999.000
202605300012,   2.895,9999.000,9999.000,9999.000,9999.000,9999.000,9999.000,9999.000,9999.000
202605300018,   2.887,9999.000,9999.000,9999.000,9999.000,9999.000,9999.000,9999.000,9999.000
202605300024,   2.874,9999.000,9999.000,9999.000,9999.000,9999.000,9999.000,9999.000,9999.000
202605300030,   2.858,9999.000,9999.000,9999.000,9999.000,9999.000,9999.000,9999.000,9999.000
202605300036,   2.839,9999.000,9999.000,9999.000,9999.000,9999.000,9999.000,9999.000,9999.000
202605300042,   2.815,9999.000,9999.000,9999.000,9999.000,9999.000,9999.000,9999.000,9999.000
202605300048,   2.789,9999.000,9999.000,9999.000,9999.000,9999.000,9999.000,9999.000,9999.000
202605300054,   2.759,9999.000,9999.000,9999.000,9999.000,9999.000,9999.000,9999.000,9999.000
202605300100,   2.726,9999.000,   0.400,   0.110,   3.236,   0.300,   3.136,   0.500,   3.336
202605300106,   2.691,9999.000,9999.000,9999.000,9999.000,9999.000,9999.000,9999.000,9999.000
202605300112,   2.653,9999.000,9999.000,9999.000,9999.000,9999.000,9999.000,9999.000,9999.000
202605300118,   2.612,9999.000,9999.000,9999.000,9999.000,9999.000,9999.000,9999.000,9999.000
202605300124,   2.570,9999.000,9999.000,9999.000,9999.000,9999.000,9999.000,9999.000,9999.000
202605300130,   2.525,9999.000,9999.000,9999.000,9999.000,9999.000,9999.000,9999.000,9999.000
202605300136,   2.479,9999.000,9999.000,9999.000,9999.000,9999.000,9999.000,9999.000,9999.000
202605300142,   2.431,9999.000,9999.000,9999.000,9999.000,9999.000,9999.000,9999.000,9999.000
202605300148,   2.382,9999.000,9999.000,9999.000,9999.000,9999.000,9999.000,9999.000,9999.000
202605300154,   2.331,9999.000,9999.000,9999.000,9999.000,9999.000,9999.000,9999.000,9999.000
202605300200,   2.280,9999.000,   0.400,   0.110,   2.790,   0.300,   2.690,   0.500,   2.890
202605300206,   2.228,9999.000,9999.000,9999.000,9999.000,9999.000,9999.000,9999.000,9999.000
202605300212,   2.175,9999.000,9999.000,9999.000,9999.000,9999.000,9999.000,9999.000,9999.000
202605300218,   2.121,9999.000,9999.000,9999.000,9999.000,9999.000,9999.000,9999.000,9999.000
202605300224,   2.067,9999.000,9999.000,9999.000,9999.000,9999.000,9999.000,9999.000,9999.000
202605300230,   2.013,9999.000,9999.000,9999.000,9999.000,9999.000,9999.000,9999.000,9999.000
202605300236,   1.959,9999.000,9999.000,9999.000,9999.000,9999.000,9999.000,9999.000,9999.000
202605300242,   1.905,9999.000,9999.000,9999.000,9999.000,9999.000,9999.000,9999.000,9999.000
202605300248,   1.851,9999.000,9999.000,9999.000,9999.000,9999.000,9999.000,9999.000,9999.000
202605300254,   1.797,9999.000,9999.000,9999.000,9999.000,9999.000,9999.000,9999.000,9999.000
202605300300,   1.744,9999.000,   0.400,   0.110,   2.254,   0.300,   2.154,   0.500,   2.354
202605300306,   1.691,9999.000,9999.000,9999.000,9999.000,9999.000,9999.000,9999.000,9999.000
202605300312,   1.639,9999.000,9999.000,9999.000,9999.000,9999.000,9999.000,9999.000,9999.000
202605300318,   1.588,9999.000,9999.000,9999.000,9999.000,9999.000,9999.000,9999.000,9999.000
202605300324,   1.537,9999.000,9999.000,9999.000,9999.000,9999.000,9999.000,9999.000,9999.000
202605300330,   1.488,9999.000,9999.000,9999.000,9999.000,9999.000,9999.000,9999.000,9999.000
202605300336,   1.439,9999.000,9999.000,9999.000,9999.000,9999.000,9999.000,9999.000,9999.000
202605300342,   1.392,9999.000,9999.000,9999.000,9999.000,9999.000,9999.000,9999.000,9999.000
202605300348,   1.345,9999.000,9999.000,9999.000,9999.000,9999.000,9999.000,9999.000,9999.000
202605300354,   1.300,9999.000,9999.000,9999.000,9999.000,9999.000,9999.000,9999.000,9999.000
202605300400,   1.256,9999.000,   0.400,   0.110,   1.766,   0.300,   1.666,   0.500,   1.866
202605300406,   1.213,9999.000,9999.000,9999.000,9999.000,9999.000,9999.000,9999.000,9999.000
202605300412,   1.171,9999.000,9999.000,9999.000,9999.000,9999.000,9999.000,9999.000,9999.000
202605300418,   1.130,9999.000,9999.000,9999.000,9999.000,9999.000,9999.000,9999.000,9999.000
202605300424,   1.090,9999.000,9999.000,9999.000,9999.000,9999.000,9999.000,9999.000,9999.000
202605300430,   1.052,9999.000,9999.000,9999.000,9999.000,9999.000,9999.000,9999.000,9999.000
202605300436,   1.014,9999.000,9999.000,9999.000,9999.000,9999.000,9999.000,9999.000,9999.000
202605300442,   0.978,9999.000,9999.000,9999.000,9999.000,9999.000,9999.000,9999.000,9999.000
202605300448,   0.943,9999.000,9999.000,9999.000,9999.000,9999.000,9999.000,9999.000,9999.000
202605300454,   0.908,9999.000,9999.000,9999.000,9999.000,9999.000,9999.000,9999.000,9999.000
202605300500,   0.875,9999.000,   0.400,   0.110,   1.385,   0.300,   1.285,   0.500,   1.485
202605300506,   0.843,9999.000,9999.000,9999.000,9999.000,9999.000,9999.000,9999.000,9999.000
202605300512,   0.812,9999.000,9999.000,9999.000,9999.000,9999.000,9999.000,9999.000,9999.000
202605300518,   0.782,9999.000,9999.000,9999.000,9999.000,9999.000,9999.000,9999.000,9999.000
202605300524,   0.753,9999.000,9999.000,9999.000,9999.000,9999.000,9999.000,9999.000,9999.000
202605300530,   0.725,9999.000,9999.000,9999.000,9999.000,9999.000,9999.000,9999.000,9999.000
202605300536,   0.699,9999.000,9999.000,9999.000,9999.000,9999.000,9999.000,9999.000,9999.000
202605300542,   0.674,9999.000,9999.000,9999.000,9999.000,9999.000,9999.000,9999.000,9999.000
202605300548,   0.650,9999.000,9999.000,9999.000,9999.000,9999.000,9999.000,9999.000,9999.000
202605300554,   0.629,9999.000,9999.000,9999.000,9999.000,9999.000,9999.000,9999.000,9999.000
202605300600,   0.610,9999.000,   0.400,   0.110,   1.120,   0.300,   1.020,   0.500,   1.220
202605300606,   0.593,9999.000,9999.000,9999.000,9999.000,9999.000,9999.000,9999.000,9999.000
202605300612,   0.578,9999.000,9999.000,9999.000,9999.000,9999.000,9999.000,9999.000,9999.000
202605300618,   0.567,9999.000,9999.000,9999.000,9999.000,9999.000,9999.000,9999.000,9999.000
202605300624,   0.558,9999.000,9999.000,9999.000,9999.000,9999.000,9999.000,9999.000,9999.000
202605300630,   0.553,9999.000,9999.000,9999.000,9999.000,9999.000,9999.000,9999.000,9999.000
202605300636,   0.552,9999.000,9999.000,9999.000,9999.000,9999.000,9999.000,9999.000,9999.000
202605300642,   0.554,9999.000,9999.000,9999.000,9999.000,9999.000,9999.000,9999.000,9999.000
202605300648,   0.561,9999.000,9999.000,9999.000,9999.000,9999.000,9999.000,9999.000,9999.000
202605300654,   0.572,9999.000,9999.000,9999.000,9999.000,9999.000,9999.000,9999.000,9999.000
202605300700,   0.587,9999.000,   0.400,   0.110,   1.097,   0.300,   0.997,   0.500,   1.197
202605300706,   0.607,9999.000,9999.000,9999.000,9999.000,9999.000,9999.000,9999.000,9999.000
202605300712,   0.632,9999.000,9999.000,9999.000,9999.000,9999.000,9999.000,9999.000,9999.000
202605300718,   0.662,9999.000,9999.000,9999.000,9999.000,9999.000,9999.000,9999.000,9999.000
202605300724,   0.697,9999.000,9999.000,9999.000,9999.000,9999.000,9999.000,9999.000,9999.000
202605300730,   0.736,9999.000,9999.000,9999.000,9999.000,9999.000,9999.000,9999.000,9999.000
202605300736,   0.781,9999.000,9999.000,9999.000,9999.000,9999.000,9999.000,9999.000,9999.000
202605300742,   0.830,9999.000,9999.000,9999.000,9999.000,9999.000,9999.000,9999.000,9999.000
202605300748,   0.883,9999.000,9999.000,9999.000,9999.000,9999.000,9999.000,9999.000,9999.000
202605300754,   0.941,9999.000,9999.000,9999.000,9999.000,9999.000,9999.000,9999.000,9999.000
202605300800,   1.003,9999.000,   0.400,   0.110,   1.513,   0.400,   1.513,   0.500,   1.613
202605300806,   1.069,9999.000,9999.000,9999.000,9999.000,9999.000,9999.000,9999.000,9999.000
202605300812,   1.138,9999.000,9999.000,9999.000,9999.000,9999.000,9999.000,9999.000,9999.000
202605300818,   1.210,9999.000,9999.000,9999.000,9999.000,9999.000,9999.000,9999.000,9999.000
202605300824,   1.285,9999.000,9999.000,9999.000,9999.000,9999.000,9999.000,9999.000,9999.000
202605300830,   1.363,9999.000,9999.000,9999.000,9999.000,9999.000,9999.000,9999.000,9999.000
202605300836,   1.442,9999.000,9999.000,9999.000,9999.000,9999.000,9999.000,9999.000,9999.000
202605300842,   1.523,9999.000,9999.000,9999.000,9999.000,9999.000,9999.000,9999.000,9999.000
202605300848,   1.605,9999.000,9999.000,9999.000,9999.000,9999.000,9999.000,9999.000,9999.000
202605300854,   1.688,9999.000,9999.000,9999.000,9999.000,9999.000,9999.000,9999.000,9999.000
202605300900,   1.771,9999.000,   0.500,   0.110,   2.381,   0.400,   2.281,   0.500,   2.381
202605300906,   1.854,9999.000,9999.000,9999.000,9999.000,9999.000,9999.000,9999.000,9999.000
202605300912,   1.937,9999.000,9999.000,9999.000,9999.000,9999.000,9999.000,9999.000,9999.000
202605300918,   2.019,9999.000,9999.000,9999.000,9999.000,9999.000,9999.000,9999.000,9999.000
202605300924,   2.101,9999.000,9999.000,9999.000,9999.000,9999.000,9999.000,9999.000,9999.000
202605300930,   2.181,9999.000,9999.000,9999.000,9999.000,9999.000,9999.000,9999.000,9999.000
202605300936,   2.260,9999.000,9999.000,9999.000,9999.000,9999.000,9999.000,9999.000,9999.000
202605300942,   2.338,9999.000,9999.000,9999.000,9999.000,9999.000,9999.000,9999.000,9999.000
202605300948,   2.414,9999.000,9999.000,9999.000,9999.000,9999.000,9999.000,9999.000,9999.000
202605300954,   2.488,9999.000,9999.000,9999.000,9999.000,9999.000,9999.000,9999.000,9999.000
202605301000,   2.560,9999.000,   0.500,   0.110,   3.170,   0.400,   3.070,   0.500,   3.170
202605301006,   2.630,9999.000,9999.000,9999.000,9999.000,9999.000,9999.000,9999.000,9999.000
202605301012,   2.697,9999.000,9999.000,9999.000,9999.000,9999.000,9999.000,9999.000,9999.000
202605301018,   2.763,9999.000,9999.000,9999.000,9999.000,9999.000,9999.000,9999.000,9999.000
202605301024,   2.826,9999.000,9999.000,9999.000,9999.000,9999.000,9999.000,9999.000,9999.000
202605301030,   2.886,9999.000,9999.000,9999.000,9999.000,9999.000,9999.000,9999.000,9999.000
202605301036,   2.944,9999.000,9999.000,9999.000,9999.000,9999.000,9999.000,9999.000,9999.000
202605301042,   2.999,9999.000,9999.000,9999.000,9999.000,9999.000,9999.000,9999.000,9999.000
202605301048,   3.052,9999.000,9999.000,9999.000,9999.000,9999.000,9999.000,9999.000,9999.000
202605301054,   3.102,9999.000,9999.000,9999.000,9999.000,9999.000,9999.000,9999.000,9999.000
202605301100,   3.148,9999.000,   0.500,   0.110,   3.758,   0.400,   3.658,   0.500,   3.758
202605301106,   3.192,9999.000,9999.000,9999.000,9999.000,9999.000,9999.000,9999.000,9999.000
202605301112,   3.233,9999.000,9999.000,9999.000,9999.000,9999.000,9999.000,9999.000,9999.000
202605301118,   3.270,9999.000,9999.000,9999.000,9999.000,9999.000,9999.000,9999.000,9999.000
202605301124,   3.304,9999.000,9999.000,9999.000,9999.000,9999.000,9999.000,9999.000,9999.000
202605301130,   3.334,9999.000,9999.000,9999.000,9999.000,9999.000,9999.000,9999.000,9999.000
202605301136,   3.361,9999.000,9999.000,9999.000,9999.000,9999.000,9999.000,9999.000,9999.000
202605301142,   3.384,9999.000,9999.000,9999.000,9999.000,9999.000,9999.000,9999.000,9999.000
202605301148,   3.404,9999.000,9999.000,9999.000,9999.000,9999.000,9999.000,9999.000,9999.000
202605301154,   3.419,9999.000,9999.000,9999.000,9999.000,9999.000,9999.000,9999.000,9999.000
202605301200,   3.430,9999.000,   0.500,   0.110,   4.040,   0.400,   3.940,   0.500,   4.040
202605301206,   3.438,9999.000,9999.000,9999.000,9999.000,9999.000,9999.000,9999.000,9999.000
202605301212,   3.441,9999.000,9999.000,9999.000,9999.000,9999.000,9999.000,9999.000,9999.000
202605301218,   3.441,9999.000,9999.000,9999.000,9999.000,9999.000,9999.000,9999.000,9999.000
202605301224,   3.436,9999.000,9999.000,9999.000,9999.000,9999.000,9999.000,9999.000,9999.000
202605301230,   3.428,9999.000,9999.000,9999.000,9999.000,9999.000,9999.000,9999.000,9999.000
202605301236,   3.415,9999.000,9999.000,9999.000,9999.000,9999.000,9999.000,9999.000,9999.000
202605301242,   3.399,9999.000,9999.000,9999.000,9999.000,9999.000,9999.000,9999.000,9999.000
202605301248,   3.379,9999.000,9999.000,9999.000,9999.000,9999.000,9999.000,9999.000,9999.000
202605301254,   3.355,9999.000,9999.000,9999.000,9999.000,9999.000,9999.000,9999.000,9999.000
202605301300,   3.328,9999.000,   0.500,   0.110,   3.938,   0.400,   3.838,   0.600,   4.038
202605301306,   3.298,9999.000,9999.000,9999.000,9999.000,9999.000,9999.000,9999.000,9999.000
202605301312,   3.264,9999.000,9999.000,9999.000,9999.000,9999.000,9999.000,9999.000,9999.000
202605301318,   3.228,9999.000,9999.000,9999.000,9999.000,9999.000,9999.000,9999.000,9999.000
202605301324,   3.189,9999.000,9999.000,9999.000,9999.000,9999.000,9999.000,9999.000,9999.000
202605301330,   3.148,9999.000,9999.000,9999.000,9999.000,9999.000,9999.000,9999.000,9999.000
202605301336,   3.104,9999.000,9999.000,9999.000,9999.000,9999.000,9999.000,9999.000,9999.000
202605301342,   3.058,9999.000,9999.000,9999.000,9999.000,9999.000,9999.000,9999.000,9999.000
202605301348,   3.010,9999.000,9999.000,9999.000,9999.000,9999.000,9999.000,9999.000,9999.000
202605301354,   2.961,9999.000,9999.000,9999.000,9999.000,9999.000,9999.000,9999.000,9999.000
202605301400,   2.910,9999.000,   0.500,   0.110,   3.520,   0.400,   3.420,   0.600,   3.620
202605301406,   2.857,9999.000,9999.000,9999.000,9999.000,9999.000,9999.000,9999.000,9999.000
202605301412,   2.804,9999.000,9999.000,9999.000,9999.000,9999.000,9999.000,9999.000,9999.000
202605301418,   2.750,9999.000,9999.000,9999.000,9999.000,9999.000,9999.000,9999.000,9999.000
202605301424,   2.694,9999.000,9999.000,9999.000,9999.000,9999.000,9999.000,9999.000,9999.000
202605301430,   2.638,9999.000,9999.000,9999.000,9999.000,9999.000,9999.000,9999.000,9999.000
202605301436,   2.582,9999.000,9999.000,9999.000,9999.000,9999.000,9999.000,9999.000,9999.000
202605301442,   2.525,9999.000,9999.000,9999.000,9999.000,9999.000,9999.000,9999.000,9999.000
202605301448,   2.468,9999.000,9999.000,9999.000,9999.000,9999.000,9999.000,9999.000,9999.000
202605301454,   2.411,9999.000,9999.000,9999.000,9999.000,9999.000,9999.000,9999.000,9999.000
202605301500,   2.353,9999.000,   0.500,   0.110,   2.963,   0.400,   2.863,   0.600,   3.063
202605301506,   2.296,9999.000,9999.000,9999.000,9999.000,9999.000,9999.000,9999.000,9999.000
202605301512,   2.239,9999.000,9999.000,9999.000,9999.000,9999.000,9999.000,9999.000,9999.000
202605301518,   2.182,9999.000,9999.000,9999.000,9999.000,9999.000,9999.000,9999.000,9999.000
202605301524,   2.125,9999.000,9999.000,9999.000,9999.000,9999.000,9999.000,9999.000,9999.000
202605301530,   2.068,9999.000,9999.000,9999.000,9999.000,9999.000,9999.000,9999.000,9999.000
202605301536,   2.012,9999.000,9999.000,9999.000,9999.000,9999.000,9999.000,9999.000,9999.000
202605301542,   1.956,9999.000,9999.000,9999.000,9999.000,9999.000,9999.000,9999.000,9999.000
202605301548,   1.901,9999.000,9999.000,9999.000,9999.000,9999.000,9999.000,9999.000,9999.000
202605301554,   1.846,9999.000,9999.000,9999.000,9999.000,9999.000,9999.000,9999.000,9999.000
202605301600,   1.792,9999.000,   0.500,   0.110,   2.402,   0.400,   2.302,   0.600,   2.502
202605301606,   1.738,9999.000,9999.000,9999.000,9999.000,9999.000,9999.000,9999.000,9999.000
202605301612,   1.685,9999.000,9999.000,9999.000,9999.000,9999.000,9999.000,9999.000,9999.000
202605301618,   1.633,9999.000,9999.000,9999.000,9999.000,9999.000,9999.000,9999.000,9999.000
202605301624,   1.581,9999.000,9999.000,9999.000,9999.000,9999.000,9999.000,9999.000,9999.000
202605301630,   1.530,9999.000,9999.000,9999.000,9999.000,9999.000,9999.000,9999.000,9999.000
202605301636,   1.479,9999.000,9999.000,9999.000,9999.000,9999.000,9999.000,9999.000,9999.000
202605301642,   1.429,9999.000,9999.000,9999.000,9999.000,9999.000,9999.000,9999.000,9999.000
202605301648,   1.379,9999.000,9999.000,9999.000,9999.000,9999.000,9999.000,9999.000,9999.000
202605301654,   1.329,9999.000,9999.000,9999.000,9999.000,9999.000,9999.000,9999.000,9999.000
202605301700,   1.280,9999.000,   0.500,   0.110,   1.890,   0.400,   1.790,   0.600,   1.990
202605301706,   1.231,9999.000,9999.000,9999.000,9999.000,9999.000,9999.000,9999.000,9999.000
202605301712,   1.183,9999.000,9999.000,9999.000,9999.000,9999.000,9999.000,9999.000,9999.000
202605301718,   1.135,9999.000,9999.000,9999.000,9999.000,9999.000,9999.000,9999.000,9999.000
202605301724,   1.087,9999.000,9999.000,9999.000,9999.000,9999.000,9999.000,9999.000,9999.000
202605301730,   1.040,9999.000,9999.000,9999.000,9999.000,9999.000,9999.000,9999.000,9999.000
202605301736,   0.993,9999.000,9999.000,9999.000,9999.000,9999.000,9999.000,9999.000,9999.000
202605301742,   0.947,9999.000,9999.000,9999.000,9999.000,9999.000,9999.000,9999.000,9999.000
202605301748,   0.901,9999.000,9999.000,9999.000,9999.000,9999.000,9999.000,9999.000,9999.000
202605301754,   0.855,9999.000,9999.000,9999.000,9999.000,9999.000,9999.000,9999.000,9999.000
202605301800,   0.811,9999.000,   0.500,   0.110,   1.421,   0.400,   1.321,   0.600,   1.521
202605301806,   0.767,9999.000,9999.000,9999.000,9999.000,9999.000,9999.000,9999.000,9999.000
202605301812,   0.725,9999.000,9999.000,9999.000,9999.000,9999.000,9999.000,9999.000,9999.000
202605301818,   0.684,9999.000,9999.000,9999.000,9999.000,9999.000,9999.000,9999.000,9999.000
202605301824,   0.645,9999.000,9999.000,9999.000,9999.000,9999.000,9999.000,9999.000,9999.000
202605301830,   0.607,9999.000,9999.000,9999.000,9999.000,9999.000,9999.000,9999.000,9999.000
202605301836,   0.572,9999.000,9999.000,9999.000,9999.000,9999.000,9999.000,9999.000,9999.000
202605301842,   0.540,9999.000,9999.000,9999.000,9999.000,9999.000,9999.000,9999.000,9999.000
202605301848,   0.510,9999.000,9999.000,9999.000,9999.000,9999.000,9999.000,9999.000,9999.000
202605301854,   0.483,9999.000,9999.000,9999.000,9999.000,9999.000,9999.000,9999.000,9999.000
202605301900,   0.460,9999.000,   0.500,   0.110,   1.070,   0.400,   0.970,   0.600,   1.170
202605301906,   0.441,9999.000,9999.000,9999.000,9999.000,9999.000,9999.000,9999.000,9999.000
202605301912,   0.426,9999.000,9999.000,9999.000,9999.000,9999.000,9999.000,9999.000,9999.000
202605301918,   0.415,9999.000,9999.000,9999.000,9999.000,9999.000,9999.000,9999.000,9999.000
202605301924,   0.408,9999.000,9999.000,9999.000,9999.000,9999.000,9999.000,9999.000,9999.000
202605301930,   0.407,9999.000,9999.000,9999.000,9999.000,9999.000,9999.000,9999.000,9999.000
202605301936,   0.410,9999.000,9999.000,9999.000,9999.000,9999.000,9999.000,9999.000,9999.000
202605301942,   0.419,9999.000,9999.000,9999.000,9999.000,9999.000,9999.000,9999.000,9999.000
202605301948,   0.433,9999.000,9999.000,9999.000,9999.000,9999.000,9999.000,9999.000,9999.000
202605301954,   0.452,9999.000,9999.000,9999.000,9999.000,9999.000,9999.000,9999.000,9999.000
202605302000,   0.476,9999.000,   0.500,   0.110,   1.086,   0.400,   0.986,   0.600,   1.186
202605302006,   0.505,9999.000,9999.000,9999.000,9999.000,9999.000,9999.000,9999.000,9999.000
202605302012,   0.539,9999.000,9999.000,9999.000,9999.000,9999.000,9999.000,9999.000,9999.000
202605302018,   0.578,9999.000,9999.000,9999.000,9999.000,9999.000,9999.000,9999.000,9999.000
202605302024,   0.621,9999.000,9999.000,9999.000,9999.000,9999.000,9999.000,9999.000,9999.000
202605302030,   0.669,9999.000,9999.000,9999.000,9999.000,9999.000,9999.000,9999.000,9999.000
202605302036,   0.720,9999.000,9999.000,9999.000,9999.000,9999.000,9999.000,9999.000,9999.000
202605302042,   0.776,9999.000,9999.000,9999.000,9999.000,9999.000,9999.000,9999.000,9999.000
202605302048,   0.835,9999.000,9999.000,9999.000,9999.000,9999.000,9999.000,9999.000,9999.000
202605302054,   0.896,9999.000,9999.000,9999.000,9999.000,9999.000,9999.000,9999.000,9999.000
202605302100,   0.961,9999.000,   0.500,   0.110,   1.571,   0.400,   1.471,   0.600,   1.671
202605302106,   1.027,9999.000,9999.000,9999.000,9999.000,9999.000,9999.000,9999.000,9999.000
202605302112,   1.096,9999.000,9999.000,9999.000,9999.000,9999.000,9999.000,9999.000,9999.000
202605302118,   1.166,9999.000,9999.000,9999.000,9999.000,9999.000,9999.000,9999.000,9999.000
202605302124,   1.237,9999.000,9999.000,9999.000,9999.000,9999.000,9999.000,9999.000,9999.000
202605302130,   1.309,9999.000,9999.000,9999.000,9999.000,9999.000,9999.000,9999.000,9999.000
202605302136,   1.382,9999.000,9999.000,9999.000,9999.000,9999.000,9999.000,9999.000,9999.000
202605302142,   1.454,9999.000,9999.000,9999.000,9999.000,9999.000,9999.000,9999.000,9999.000
202605302148,   1.527,9999.000,9999.000,9999.000,9999.000,9999.000,9999.000,9999.000,9999.000
202605302154,   1.599,9999.000,9999.000,9999.000,9999.000,9999.000,9999.000,9999.000,9999.000
202605302200,   1.671,9999.000,   0.500,   0.110,   2.281,   0.400,   2.181,   0.500,   2.281
202605302206,   1.742,9999.000,9999.000,9999.000,9999.000,9999.000,9999.000,9999.000,9999.000
202605302212,   1.811,9999.000,9999.000,9999.000,9999.000,9999.000,9999.000,9999.000,9999.000
202605302218,   1.880,9999.000,9999.000,9999.000,9999.000,9999.000,9999.000,9999.000,9999.000
202605302224,   1.948,9999.000,9999.000,9999.000,9999.000,9999.000,9999.000,9999.000,9999.000
202605302230,   2.014,9999.000,9999.000,9999.000,9999.000,9999.000,9999.000,9999.000,9999.000
202605302236,   2.079,9999.000,9999.000,9999.000,9999.000,9999.000,9999.000,9999.000,9999.000
202605302242,   2.142,9999.000,9999.000,9999.000,9999.000,9999.000,9999.000,9999.000,9999.000
202605302248,   2.203,9999.000,9999.000,9999.000,9999.000,9999.000,9999.000,9999.000,9999.000
202605302254,   2.263,9999.000,9999.000,9999.000,9999.000,9999.000,9999.000,9999.000,9999.000
202605302300,   2.320,9999.000,   0.500,   0.110,   2.930,   0.400,   2.830,   0.500,   2.930
202605302306,   2.376,9999.000,9999.000,9999.000,9999.000,9999.000,9999.000,9999.000,9999.000
202605302312,   2.429,9999.000,9999.000,9999.000,9999.000,9999.000,9999.000,9999.000,9999.000
202605302318,   2.480,9999.000,9999.000,9999.000,9999.000,9999.000,9999.000,9999.000,9999.000
202605302324,   2.529,9999.000,9999.000,9999.000,9999.000,9999.000,9999.000,9999.000,9999.000
202605302330,   2.575,9999.000,9999.000,9999.000,9999.000,9999.000,9999.000,9999.000,9999.000
202605302336,   2.619,9999.000,9999.000,9999.000,9999.000,9999.000,9999.000,9999.000,9999.000
202605302342,   2.660,9999.000,9999.000,9999.000,9999.000,9999.000,9999.000,9999.000,9999.000
202605302348,   2.697,9999.000,9999.000,9999.000,9999.000,9999.000,9999.000,9999.000,9999.000
202605302354,   2.732,9999.000,9999.000,9999.000,9999.000,9999.000,9999.000,9999.000,9999.000
202605310000,   2.763,9999.000,   0.500,   0.110,   3.373,   0.400,   3.273,   0.500,   3.373
202605310006,   2.791,9999.000,9999.000,9999.000,9999.000,9999.000,9999.000,9999.000,9999.000
202605310012,   2.815,9999.000,9999.000,9999.000,9999.000,9999.000,9999.000,9999.000,9999.000
202605310018,   2.836,9999.000,9999.000,9999.000,9999.000,9999.000,9999.000,9999.000,9999.000
202605310024,   2.852,9999.000,9999.000,9999.000,9999.000,9999.000,9999.000,9999.000,9999.000
202605310030,   2.865,9999.000,9999.000,9999.000,9999.000,9999.000,9999.000,9999.000,9999.000
202605310036,   2.874,9999.000,9999.000,9999.000,9999.000,9999.000,9999.000,9999.000,9999.000
202605310042,   2.879,9999.000,9999.000,9999.000,9999.000,9999.000,9999.000,9999.000,9999.000
202605310048,   2.879,9999.000,9999.000,9999.000,9999.000,9999.000,9999.000,9999.000,9999.000
202605310054,   2.876,9999.000,9999.000,9999.000,9999.000,9999.000,9999.000,9999.000,9999.000
202605310100,   2.869,9999.000,   0.400,   0.110,   3.379,   0.300,   3.279,   0.500,   3.479
202605310106,   2.858,9999.000,9999.000,9999.000,9999.000,9999.000,9999.000,9999.000,9999.000
202605310112,   2.843,9999.000,9999.000,9999.000,9999.000,9999.000,9999.000,9999.000,9999.000
202605310118,   2.824,9999.000,9999.000,9999.000,9999.000,9999.000,9999.000,9999.000,9999.000
202605310124,   2.802,9999.000,9999.000,9999.000,9999.000,9999.000,9999.000,9999.000,9999.000
202605310130,   2.777,9999.000,9999.000,9999.000,9999.000,9999.000,9999.000,9999.000,9999.000
202605310136,   2.748,9999.000,9999.000,9999.000,9999.000,9999.000,9999.000,9999.000,9999.000
202605310142,   2.716,9999.000,9999.000,9999.000,9999.000,9999.000,9999.000,9999.000,9999.000
202605310148,   2.681,9999.000,9999.000,9999.000,9999.000,9999.000,9999.000,9999.000,9999.000
202605310154,   2.643,9999.000,9999.000,9999.000,9999.000,9999.000,9999.000,9999.000,9999.000
202605310200,   2.603,9999.000,   0.400,   0.110,   3.113,   0.300,   3.013,   0.500,   3.213
202605310206,   2.561,9999.000,9999.000,9999.000,9999.000,9999.000,9999.000,9999.000,9999.000
202605310212,   2.517,9999.000,9999.000,9999.000,9999.000,9999.000,9999.000,9999.000,9999.000
202605310218,   2.471,9999.000,9999.000,9999.000,9999.000,9999.000,9999.000,9999.000,9999.000
202605310224,   2.423,9999.000,9999.000,9999.000,9999.000,9999.000,9999.000,9999.000,9999.000
202605310230,   2.374,9999.000,9999.000,9999.000,9999.000,9999.000,9999.000,9999.000,9999.000
202605310236,   2.323,9999.000,9999.000,9999.000,9999.000,9999.000,9999.000,9999.000,9999.000
202605310242,   2.272,9999.000,9999.000,9999.000,9999.000,9999.000,9999.000,9999.000,9999.000
202605310248,   2.220,9999.000,9999.000,9999.000,9999.000,9999.000,9999.000,9999.000,9999.000
202605310254,   2.167,9999.000,9999.000,9999.000,9999.000,9999.000,9999.000,9999.000,9999.000
202605310300,   2.114,9999.000,   0.400,   0.110,   2.624,   0.300,   2.524,   0.500,   2.724
202605310306,   2.060,9999.000,9999.000,9999.000,9999.000,9999.000,9999.000,9999.000,9999.000
202605310312,   2.006,9999.000,9999.000,9999.000,9999.000,9999.000,9999.000,9999.000,9999.000
202605310318,   1.952,9999.000,9999.000,9999.000,9999.000,9999.000,9999.000,9999.000,9999.000
202605310324,   1.899,9999.000,9999.000,9999.000,9999.000,9999.000,9999.000,9999.000,9999.000
202605310330,   1.845,9999.000,9999.000,9999.000,9999.000,9999.000,9999.000,9999.000,9999.000
202605310336,   1.792,9999.000,9999.000,9999.000,9999.000,9999.000,9999.000,9999.000,9999.000
202605310342,   1.739,9999.000,9999.000,9999.000,9999.000,9999.000,9999.000,9999.000,9999.000
202605310348,   1.687,9999.000,9999.000,9999.000,9999.000,9999.000,9999.000,9999.000,9999.000
202605310354,   1.635,9999.000,9999.000,9999.000,9999.000,9999.000,9999.000,9999.000,9999.000
202605310400,   1.584,9999.000,   0.400,   0.110,   2.094,   0.400,   2.094,   0.500,   2.194
202605310406,   1.534,9999.000,9999.000,9999.000,9999.000,9999.000,9999.000,9999.000,9999.000
202605310412,   1.485,9999.000,9999.000,9999.000,9999.000,9999.000,9999.000,9999.000,9999.000
202605310418,   1.437,9999.000,9999.000,9999.000,9999.000,9999.000,9999.000,9999.000,9999.000
202605310424,   1.390,9999.000,9999.000,9999.000,9999.000,9999.000,9999.000,9999.000,9999.000
202605310430,   1.344,9999.000,9999.000,9999.000,9999.000,9999.000,9999.000,9999.000,9999.000
202605310436,   1.299,9999.000,9999.000,9999.000,9999.000,9999.000,9999.000,9999.000,9999.000
202605310442,   1.255,9999.000,9999.000,9999.000,9999.000,9999.000,9999.000,9999.000,9999.000
202605310448,   1.213,9999.000,9999.000,9999.000,9999.000,9999.000,9999.000,9999.000,9999.000
202605310454,   1.172,9999.000,9999.000,9999.000,9999.000,9999.000,9999.000,9999.000,9999.000
202605310500,   1.132,9999.000,   0.500,   0.110,   1.742,   0.400,   1.642,   0.500,   1.742
202605310506,   1.093,9999.000,9999.000,9999.000,9999.000,9999.000,9999.000,9999.000,9999.000
202605310512,   1.055,9999.000,9999.000,9999.000,9999.000,9999.000,9999.000,9999.000,9999.000
202605310518,   1.019,9999.000,9999.000,9999.000,9999.000,9999.000,9999.000,9999.000,9999.000
202605310524,   0.984,9999.000,9999.000,9999.000,9999.000,9999.000,9999.000,9999.000,9999.000
202605310530,   0.950,9999.000,9999.000,9999.000,9999.000,9999.000,9999.000,9999.000,9999.000
202605310536,   0.917,9999.000,9999.000,9999.000,9999.000,9999.000,9999.000,9999.000,9999.000
202605310542,   0.885,9999.000,9999.000,9999.000,9999.000,9999.000,9999.000,9999.000,9999.000
202605310548,   0.855,9999.000,9999.000,9999.000,9999.000,9999.000,9999.000,9999.000,9999.000
202605310554,   0.825,9999.000,9999.000,9999.000,9999.000,9999.000,9999.000,9999.000,9999.000
202605310600,   0.797,9999.000,   0.500,   0.110,   1.407,   0.400,   1.307,   0.500,   1.407
202605310606,   0.770,9999.000,9999.000,9999.000,9999.000,9999.000,9999.000,9999.000,9999.000
202605310612,   0.745,9999.000,9999.000,9999.000,9999.000,9999.000,9999.000,9999.000,9999.000
202605310618,   0.721,9999.000,9999.000,9999.000,9999.000,9999.000,9999.000,9999.000,9999.000
202605310624,   0.698,9999.000,9999.000,9999.000,9999.000,9999.000,9999.000,9999.000,9999.000
202605310630,   0.677,9999.000,9999.000,9999.000,9999.000,9999.000,9999.000,9999.000,9999.000
202605310636,   0.658,9999.000,9999.000,9999.000,9999.000,9999.000,9999.000,9999.000,9999.000
202605310642,   0.641,9999.000,9999.000,9999.000,9999.000,9999.000,9999.000,9999.000,9999.000
202605310648,   0.627,9999.000,9999.000,9999.000,9999.000,9999.000,9999.000,9999.000,9999.000
202605310654,   0.615,9999.000,9999.000,9999.000,9999.000,9999.000,9999.000,9999.000,9999.000
202605310700,   0.605,9999.000,   0.500,   0.110,   1.215,   0.400,   1.115,   0.600,   1.315
202605310706,   0.599,9999.000,9999.000,9999.000,9999.000,9999.000,9999.000,9999.000,9999.000
202605310712,   0.596,9999.000,9999.000,9999.000,9999.000,9999.000,9999.000,9999.000,9999.000
202605310718,   0.596,9999.000,9999.000,9999.000,9999.000,9999.000,9999.000,9999.000,9999.000
202605310724,   0.600,9999.000,9999.000,9999.000,9999.000,9999.000,9999.000,9999.000,9999.000
202605310730,   0.608,9999.000,9999.000,9999.000,9999.000,9999.000,9999.000,9999.000,9999.000
202605310736,   0.620,9999.000,9999.000,9999.000,9999.000,9999.000,9999.000,9999.000,9999.000
202605310742,   0.637,9999.000,9999.000,9999.000,9999.000,9999.000,9999.000,9999.000,9999.000
202605310748,   0.658,9999.000,9999.000,9999.000,9999.000,9999.000,9999.000,9999.000,9999.000
202605310754,   0.684,9999.000,9999.000,9999.000,9999.000,9999.000,9999.000,9999.000,9999.000
202605310800,   0.714,9999.000,   0.500,   0.110,   1.324,   0.400,   1.224,   0.600,   1.424
202605310806,   0.750,9999.000,9999.000,9999.000,9999.000,9999.000,9999.000,9999.000,9999.000
202605310812,   0.790,9999.000,9999.000,9999.000,9999.000,9999.000,9999.000,9999.000,9999.000
202605310818,   0.835,9999.000,9999.000,9999.000,9999.000,9999.000,9999.000,9999.000,9999.000
202605310824,   0.884,9999.000,9999.000,9999.000,9999.000,9999.000,9999.000,9999.000,9999.000
202605310830,   0.938,9999.000,9999.000,9999.000,9999.000,9999.000,9999.000,9999.000,9999.000
202605310836,   0.997,9999.000,9999.000,9999.000,9999.000,9999.000,9999.000,9999.000,9999.000
202605310842,   1.059,9999.000,9999.000,9999.000,9999.000,9999.000,9999.000,9999.000,9999.000
202605310848,   1.126,9999.000,9999.000,9999.000,9999.000,9999.000,9999.000,9999.000,9999.000
202605310854,   1.195,9999.000,9999.000,9999.000,9999.000,9999.000,9999.000,9999.000,9999.000
202605310900,   1.268,9999.000,   0.500,   0.110,   1.878,   0.400,   1.778,   0.600,   1.978
202605310906,   1.344,9999.000,9999.000,9999.000,9999.000,9999.000,9999.000,9999.000,9999.000
202605310912,   1.422,9999.000,9999.000,9999.000,9999.000,9999.000,9999.000,9999.000,9999.000
202605310918,   1.502,9999.000,9999.000,9999.000,9999.000,9999.000,9999.000,9999.000,9999.000
202605310924,   1.583,9999.000,9999.000,9999.000,9999.000,9999.000,9999.000,9999.000,9999.000
202605310930,   1.666,9999.000,9999.000,9999.000,9999.000,9999.000,9999.000,9999.000,9999.000
202605310936,   1.749,9999.000,9999.000,9999.000,9999.000,9999.000,9999.000,9999.000,9999.000
202605310942,   1.833,9999.000,9999.000,9999.000,9999.000,9999.000,9999.000,9999.000,9999.000
202605310948,   1.917,9999.000,9999.000,9999.000,9999.000,9999.000,9999.000,9999.000,9999.000
202605310954,   2.000,9999.000,9999.000,9999.000,9999.000,9999.000,9999.000,9999.000,9999.000
202605311000,   2.082,9999.000,   0.500,   0.110,   2.692,   0.400,   2.592,   0.600,   2.792
202605311006,   2.164,9999.000,9999.000,9999.000,9999.000,9999.000,9999.000,9999.000,9999.000
202605311012,   2.243,9999.000,9999.000,9999.000,9999.000,9999.000,9999.000,9999.000,9999.000
202605311018,   2.322,9999.000,9999.000,9999.000,9999.000,9999.000,9999.000,9999.000,9999.000
202605311024,   2.398,9999.000,9999.000,9999.000,9999.000,9999.000,9999.000,9999.000,9999.000
202605311030,   2.473,9999.000,9999.000,9999.000,9999.000,9999.000,9999.000,9999.000,9999.000
202605311036,   2.545,9999.000,9999.000,9999.000,9999.000,9999.000,9999.000,9999.000,9999.000
202605311042,   2.615,9999.000,9999.000,9999.000,9999.000,9999.000,9999.000,9999.000,9999.000
202605311048,   2.683,9999.000,9999.000,9999.000,9999.000,9999.000,9999.000,9999.000,9999.000
202605311054,   2.748,9999.000,9999.000,9999.000,9999.000,9999.000,9999.000,9999.000,9999.000
202605311100,   2.811,9999.000,   0.500,   0.110,   3.421,   0.400,   3.321,   0.700,   3.621
202605311106,   2.871,9999.000,9999.000,9999.000,9999.000,9999.000,9999.000,9999.000,9999.000
202605311112,   2.928,9999.000,9999.000,9999.000,9999.000,9999.000,9999.000,9999.000,9999.000
202605311118,   2.983,9999.000,9999.000,9999.000,9999.000,9999.000,9999.000,9999.000,9999.000
202605311124,   3.034,9999.000,9999.000,9999.000,9999.000,9999.000,9999.000,9999.000,9999.000
202605311130,   3.083,9999.000,9999.000,9999.000,9999.000,9999.000,9999.000,9999.000,9999.000
202605311136,   3.129,9999.000,9999.000,9999.000,9999.000,9999.000,9999.000,9999.000,9999.000
202605311142,   3.172,9999.000,9999.000,9999.000,9999.000,9999.000,9999.000,9999.000,9999.000
202605311148,   3.212,9999.000,9999.000,9999.000,9999.000,9999.000,9999.000,9999.000,9999.000
202605311154,   3.249,9999.000,9999.000,9999.000,9999.000,9999.000,9999.000,9999.000,9999.000
202605311200,   3.282,9999.000,   0.500,   0.110,   3.892,   0.400,   3.792,   0.700,   4.092
202605311206,   3.312,9999.000,9999.000,9999.000,9999.000,9999.000,9999.000,9999.000,9999.000
202605311212,   3.339,9999.000,9999.000,9999.000,9999.000,9999.000,9999.000,9999.000,9999.000
202605311218,   3.362,9999.000,9999.000,9999.000,9999.000,9999.000,9999.000,9999.000,9999.000
202605311224,   3.382,9999.000,9999.000,9999.000,9999.000,9999.000,9999.000,9999.000,9999.000
202605311230,   3.398,9999.000,9999.000,9999.000,9999.000,9999.000,9999.000,9999.000,9999.000
202605311236,   3.410,9999.000,9999.000,9999.000,9999.000,9999.000,9999.000,9999.000,9999.000
202605311242,   3.418,9999.000,9999.000,9999.000,9999.000,9999.000,9999.000,9999.000,9999.000
202605311248,   3.423,9999.000,9999.000,9999.000,9999.000,9999.000,9999.000,9999.000,9999.000
202605311254,   3.424,9999.000,9999.000,9999.000,9999.000,9999.000,9999.000,9999.000,9999.000
202605311300,   3.420,9999.000,   0.500,   0.110,   4.030,   0.400,   3.930,   0.700,   4.230
202605311306,   3.413,9999.000,9999.000,9999.000,9999.000,9999.000,9999.000,9999.000,9999.000
202605311312,   3.402,9999.000,9999.000,9999.000,9999.000,9999.000,9999.000,9999.000,9999.000
202605311318,   3.388,9999.000,9999.000,9999.000,9999.000,9999.000,9999.000,9999.000,9999.000
202605311324,   3.369,9999.000,9999.000,9999.000,9999.000,9999.000,9999.000,9999.000,9999.000
202605311330,   3.347,9999.000,9999.000,9999.000,9999.000,9999.000,9999.000,9999.000,9999.000
202605311336,   3.321,9999.000,9999.000,9999.000,9999.000,9999.000,9999.000,9999.000,9999.000
202605311342,   3.292,9999.000,9999.000,9999.000,9999.000,9999.000,9999.000,9999.000,9999.000
202605311348,   3.260,9999.000,9999.000,9999.000,9999.000,9999.000,9999.000,9999.000,9999.000
202605311354,   3.225,9999.000,9999.000,9999.000,9999.000,9999.000,9999.000,9999.000,9999.000
202605311400,   3.187,9999.000,   0.600,   0.110,   3.897,   0.400,   3.697,   0.700,   3.997
202605311406,   3.146,9999.000,9999.000,9999.000,9999.000,9999.000,9999.000,9999.000,9999.000
202605311412,   3.103,9999.000,9999.000,9999.000,9999.000,9999.000,9999.000,9999.000,9999.000
202605311418,   3.057,9999.000,9999.000,9999.000,9999.000,9999.000,9999.000,9999.000,9999.000
202605311424,   3.010,9999.000,9999.000,9999.000,9999.000,9999.000,9999.000,9999.000,9999.000
202605311430,   2.961,9999.000,9999.000,9999.000,9999.000,9999.000,9999.000,9999.000,9999.000
202605311436,   2.910,9999.000,9999.000,9999.000,9999.000,9999.000,9999.000,9999.000,9999.000
202605311442,   2.858,9999.000,9999.000,9999.000,9999.000,9999.000,9999.000,9999.000,9999.000
202605311448,   2.805,9999.000,9999.000,9999.000,9999.000,9999.000,9999.000,9999.000,9999.000
202605311454,   2.750,9999.000,9999.000,9999.000,9999.000,9999.000,9999.000,9999.000,9999.000
202605311500,   2.695,9999.000,   0.600,   0.110,   3.405,   0.400,   3.205,   0.800,   3.605
202605311506,   2.639,9999.000,9999.000,9999.000,9999.000,9999.000,9999.000,9999.000,9999.000
202605311512,   2.583,9999.000,9999.000,9999.000,9999.000,9999.000,9999.000,9999.000,9999.000
202605311518,   2.526,9999.000,9999.000,9999.000,9999.000,9999.000,9999.000,9999.000,9999.000
202605311524,   2.469,9999.000,9999.000,9999.000,9999.000,9999.000,9999.000,9999.000,9999.000
202605311530,   2.412,9999.000,9999.000,9999.000,9999.000,9999.000,9999.000,9999.000,9999.000
202605311536,   2.354,9999.000,9999.000,9999.000,9999.000,9999.000,9999.000,9999.000,9999.000
202605311542,   2.297,9999.000,9999.000,9999.000,9999.000,9999.000,9999.000,9999.000,9999.000
202605311548,   2.240,9999.000,9999.000,9999.000,9999.000,9999.000,9999.000,9999.000,9999.000
202605311554,   2.183,9999.000,9999.000,9999.000,9999.000,9999.000,9999.000,9999.000,9999.000
202605311600,   2.126,9999.000,   0.600,   0.110,   2.836,   0.400,   2.636,   0.800,   3.036
202605311606,   2.070,9999.000,9999.000,9999.000,9999.000,9999.000,9999.000,9999.000,9999.000
202605311612,   2.014,9999.000,9999.000,9999.000,9999.000,9999.000,9999.000,9999.000,9999.000
202605311618,   1.958,9999.000,9999.000,9999.000,9999.000,9999.000,9999.000,9999.000,9999.000
202605311624,   1.903,9999.000,9999.000,9999.000,9999.000,9999.000,9999.000,9999.000,9999.000
202605311630,   1.849,9999.000,9999.000,9999.000,9999.000,9999.000,9999.000,9999.000,9999.000
202605311636,   1.794,9999.000,9999.000,9999.000,9999.000,9999.000,9999.000,9999.000,9999.000
202605311642,   1.741,9999.000,9999.000,9999.000,9999.000,9999.000,9999.000,9999.000,9999.000
202605311648,   1.688,9999.000,9999.000,9999.000,9999.000,9999.000,9999.000,9999.000,9999.000
202605311654,   1.636,9999.000,9999.000,9999.000,9999.000,9999.000,9999.000,9999.000,9999.000
202605311700,   1.584,9999.000,   0.600,   0.110,   2.294,   0.500,   2.194,   0.800,   2.494
202605311706,   1.533,9999.000,9999.000,9999.000,9999.000,9999.000,9999.000,9999.000,9999.000
202605311712,   1.482,9999.000,9999.000,9999.000,9999.000,9999.000,9999.000,9999.000,9999.000
202605311718,   1.432,9999.000,9999.000,9999.000,9999.000,9999.000,9999.000,9999.000,9999.000
202605311724,   1.383,9999.000,9999.000,9999.000,9999.000,9999.000,9999.000,9999.000,9999.000
202605311730,   1.334,9999.000,9999.000,9999.000,9999.000,9999.000,9999.000,9999.000,9999.000
202605311736,   1.286,9999.000,9999.000,9999.000,9999.000,9999.000,9999.000,9999.000,9999.000
202605311742,   1.238,9999.000,9999.000,9999.000,9999.000,9999.000,9999.000,9999.000,9999.000
202605311748,   1.191,9999.000,9999.000,9999.000,9999.000,9999.000,9999.000,9999.000,9999.000
202605311754,   1.145,9999.000,9999.000,9999.000,9999.000,9999.000,9999.000,9999.000,9999.000
202605311800,   1.098,9999.000,   0.600,   0.110,   1.808,   0.500,   1.708,   0.800,   2.008
202605311806,   1.053,9999.000,9999.000,9999.000,9999.000,9999.000,9999.000,9999.000,9999.000
202605311812,   1.008,9999.000,9999.000,9999.000,9999.000,9999.000,9999.000,9999.000,9999.000
202605311818,   0.963,9999.000,9999.000,9999.000,9999.000,9999.000,9999.000,9999.000,9999.000
202605311824,   0.919,9999.000,9999.000,9999.000,9999.000,9999.000,9999.000,9999.000,9999.000
202605311830,   0.876,9999.000,9999.000,9999.000,9999.000,9999.000,9999.000,9999.000,9999.000
202605311836,   0.834,9999.000,9999.000,9999.000,9999.000,9999.000,9999.000,9999.000,9999.000
202605311842,   0.792,9999.000,9999.000,9999.000,9999.000,9999.000,9999.000,9999.000,9999.000
202605311848,   0.752,9999.000,9999.000,9999.000,9999.000,9999.000,9999.000,9999.000,9999.000
202605311854,   0.713,9999.000,9999.000,9999.000,9999.000,9999.000,9999.000,9999.000,9999.000
202605311900,   0.675,9999.000,   0.700,   0.110,   1.485,   0.500,   1.285,   0.900,   1.685
202605311906,   0.639,9999.000,9999.000,9999.000,9999.000,9999.000,9999.000,9999.000,9999.000
202605311912,   0.605,9999.000,9999.000,9999.000,9999.000,9999.000,9999.000,9999.000,9999.000
202605311918,   0.572,9999.000,9999.000,9999.000,9999.000,9999.000,9999.000,9999.000,9999.000
202605311924,   0.543,9999.000,9999.000,9999.000,9999.000,9999.000,9999.000,9999.000,9999.000
202605311930,   0.516,9999.000,9999.000,9999.000,9999.000,9999.000,9999.000,9999.000,9999.000
202605311936,   0.492,9999.000,9999.000,9999.000,9999.000,9999.000,9999.000,9999.000,9999.000
202605311942,   0.471,9999.000,9999.000,9999.000,9999.000,9999.000,9999.000,9999.000,9999.000
202605311948,   0.454,9999.000,9999.000,9999.000,9999.000,9999.000,9999.000,9999.000,9999.000
202605311954,   0.440,9999.000,9999.000,9999.000,9999.000,9999.000,9999.000,9999.000,9999.000
202605312000,   0.431,9999.000,   0.700,   0.110,   1.241,   0.500,   1.041,   0.900,   1.441
202605312006,   0.426,9999.000,9999.000,9999.000,9999.000,9999.000,9999.000,9999.000,9999.000
202605312012,   0.425,9999.000,9999.000,9999.000,9999.000,9999.000,9999.000,9999.000,9999.000
202605312018,   0.430,9999.000,9999.000,9999.000,9999.000,9999.000,9999.000,9999.000,9999.000
202605312024,   0.439,9999.000,9999.000,9999.000,9999.000,9999.000,9999.000,9999.000,9999.000
202605312030,   0.453,9999.000,9999.000,9999.000,9999.000,9999.000,9999.000,9999.000,9999.000
202605312036,   0.472,9999.000,9999.000,9999.000,9999.000,9999.000,9999.000,9999.000,9999.000
202605312042,   0.496,9999.000,9999.000,9999.000,9999.000,9999.000,9999.000,9999.000,9999.000
202605312048,   0.525,9999.000,9999.000,9999.000,9999.000,9999.000,9999.000,9999.000,9999.000
202605312054,   0.559,9999.000,9999.000,9999.000,9999.000,9999.000,9999.000,9999.000,9999.000
202605312100,   0.598,9999.000,   0.700,   0.110,   1.408,   0.500,   1.208,   0.900,   1.608
202605312106,   0.641,9999.000,9999.000,9999.000,9999.000,9999.000,9999.000,9999.000,9999.000
202605312112,   0.688,9999.000,9999.000,9999.000,9999.000,9999.000,9999.000,9999.000,9999.000
202605312118,   0.740,9999.000,9999.000,9999.000,9999.000,9999.000,9999.000,9999.000,9999.000
202605312124,   0.795,9999.000,9999.000,9999.000,9999.000,9999.000,9999.000,9999.000,9999.000
202605312130,   0.854,9999.000,9999.000,9999.000,9999.000,9999.000,9999.000,9999.000,9999.000
202605312136,   0.915,9999.000,9999.000,9999.000,9999.000,9999.000,9999.000,9999.000,9999.000
202605312142,   0.979,9999.000,9999.000,9999.000,9999.000,9999.000,9999.000,9999.000,9999.000
202605312148,   1.046,9999.000,9999.000,9999.000,9999.000,9999.000,9999.000,9999.000,9999.000
202605312154,   1.114,9999.000,9999.000,9999.000,9999.000,9999.000,9999.000,9999.000,9999.000
202605312200,   1.184,9999.000,   0.700,   0.110,   1.994,   0.500,   1.794,   1.000,   2.294
202605312206,   1.255,9999.000,9999.000,9999.000,9999.000,9999.000,9999.000,9999.000,9999.000
202605312212,   1.327,9999.000,9999.000,9999.000,9999.000,9999.000,9999.000,9999.000,9999.000
202605312218,   1.399,9999.000,9999.000,9999.000,9999.000,9999.000,9999.000,9999.000,9999.000
202605312224,   1.471,9999.000,9999.000,9999.000,9999.000,9999.000,9999.000,9999.000,9999.000
202605312230,   1.543,9999.000,9999.000,9999.000,9999.000,9999.000,9999.000,9999.000,9999.000
202605312236,   1.615,9999.000,9999.000,9999.000,9999.000,9999.000,9999.000,9999.000,9999.000
202605312242,   1.686,9999.000,9999.000,9999.000,9999.000,9999.000,9999.000,9999.000,9999.000
202605312248,   1.756,9999.000,9999.000,9999.000,9999.000,9999.000,9999.000,9999.000,9999.000
202605312254,   1.825,9999.000,9999.000,9999.000,9999.000,9999.000,9999.000,9999.000,9999.000
202605312300,   1.892,9999.000,   0.700,   0.110,   2.702,   0.500,   2.502,   1.000,   3.002
202605312306,   1.958,9999.000,9999.000,9999.000,9999.000,9999.000,9999.000,9999.000,9999.000
202605312312,   2.023,9999.000,9999.000,9999.000,9999.000,9999.000,9999.000,9999.000,9999.000
202605312318,   2.086,9999.000,9999.000,9999.000,9999.000,9999.000,9999.000,9999.000,9999.000
202605312324,   2.147,9999.000,9999.000,9999.000,9999.000,9999.000,9999.000,9999.000,9999.000
202605312330,   2.206,9999.000,9999.000,9999.000,9999.000,9999.000,9999.000,9999.000,9999.000
202605312336,   2.263,9999.000,9999.000,9999.000,9999.000,9999.000,9999.000,9999.000,9999.000
202605312342,   2.318,9999.000,9999.000,9999.000,9999.000,9999.000,9999.000,9999.000,9999.000
202605312348,   2.371,9999.000,9999.000,9999.000,9999.000,9999.000,9999.000,9999.000,9999.000
202605312354,   2.422,9999.000,9999.000,9999.000,9999.000,9999.000,9999.000,9999.000,9999.000
202606010000,   2.471,9999.000,   0.800,   0.110,   3.381,   0.600,   3.181,   1.000,   3.581
202606010006,   2.517,9999.000,9999.000,9999.000,9999.000,9999.000,9999.000,9999.000,9999.000
202606010012,   2.561,9999.000,9999.000,9999.000,9999.000,9999.000,9999.000,9999.000,9999.000
202606010018,   2.602,9999.000,9999.000,9999.000,9999.000,9999.000,9999.000,9999.000,9999.000
202606010024,   2.640,9999.000,9999.000,9999.000,9999.000,9999.000,9999.000,9999.000,9999.000
202606010030,   2.675,9999.000,9999.000,9999.000,9999.000,9999.000,9999.000,9999.000,9999.000
202606010036,   2.708,9999.000,9999.000,9999.000,9999.000,9999.000,9999.000,9999.000,9999.000
202606010042,   2.737,9999.000,9999.000,9999.000,9999.000,9999.000,9999.000,9999.000,9999.000
202606010048,   2.763,9999.000,9999.000,9999.000,9999.000,9999.000,9999.000,9999.000,9999.000
202606010054,   2.786,9999.000,9999.000,9999.000,9999.000,9999.000,9999.000,9999.000,9999.000
202606010100,   2.805,9999.000,   0.800,   0.110,   3.715,   0.600,   3.515,   1.000,   3.915
202606010106,   2.821,9999.000,9999.000,9999.000,9999.000,9999.000,9999.000,9999.000,9999.000
202606010112,   2.833,9999.000,9999.000,9999.000,9999.000,9999.000,9999.000,9999.000,9999.000
202606010118,   2.841,9999.000,9999.000,9999.000,9999.000,9999.000,9999.000,9999.000,9999.000
202606010124,   2.846,9999.000,9999.000,9999.000,9999.000,9999.000,9999.000,9999.000,9999.000
202606010130,   2.846,9999.000,9999.000,9999.000,9999.000,9999.000,9999.000,9999.000,9999.000
202606010136,   2.843,9999.000,9999.000,9999.000,9999.000,9999.000,9999.000,9999.000,9999.000
202606010142,   2.836,9999.000,9999.000,9999.000,9999.000,9999.000,9999.000,9999.000,9999.000
202606010148,   2.825,9999.000,9999.000,9999.000,9999.000,9999.000,9999.000,9999.000,9999.000
202606010154,   2.811,9999.000,9999.000,9999.000,9999.000,9999.000,9999.000,9999.000,9999.000
202606010200,   2.793,9999.000,   0.800,   0.110,   3.703,   0.600,   3.503,   1.000,   3.903
202606010206,   2.771,9999.000,9999.000,9999.000,9999.000,9999.000,9999.000,9999.000,9999.000
202606010212,   2.746,9999.000,9999.000,9999.000,9999.000,9999.000,9999.000,9999.000,9999.000
202606010218,   2.718,9999.000,9999.000,9999.000,9999.000,9999.000,9999.000,9999.000,9999.000
202606010224,   2.687,9999.000,9999.000,9999.000,9999.000,9999.000,9999.000,9999.000,9999.000
202606010230,   2.654,9999.000,9999.000,9999.000,9999.000,9999.000,9999.000,9999.000,9999.000
202606010236,   2.617,9999.000,9999.000,9999.000,9999.000,9999.000,9999.000,9999.000,9999.000
202606010242,   2.578,9999.000,9999.000,9999.000,9999.000,9999.000,9999.000,9999.000,9999.000
202606010248,   2.538,9999.000,9999.000,9999.000,9999.000,9999.000,9999.000,9999.000,9999.000
202606010254,   2.495,9999.000,9999.000,9999.000,9999.000,9999.000,9999.000,9999.000,9999.000
202606010300,   2.450,9999.000,   0.800,   0.110,   3.360,   0.600,   3.160,   1.100,   3.660
202606010306,   2.404,9999.000,9999.000,9999.000,9999.000,9999.000,9999.000,9999.000,9999.000
202606010312,   2.356,9999.000,9999.000,9999.000,9999.000,9999.000,9999.000,9999.000,9999.000
202606010318,   2.307,9999.000,9999.000,9999.000,9999.000,9999.000,9999.000,9999.000,9999.000
202606010324,   2.258,9999.000,9999.000,9999.000,9999.000,9999.000,9999.000,9999.000,9999.000
202606010330,   2.207,9999.000,9999.000,9999.000,9999.000,9999.000,9999.000,9999.000,9999.000
202606010336,   2.156,9999.000,9999.000,9999.000,9999.000,9999.000,9999.000,9999.000,9999.000
202606010342,   2.104,9999.000,9999.000,9999.000,9999.000,9999.000,9999.000,9999.000,9999.000
202606010348,   2.052,9999.000,9999.000,9999.000,9999.000,9999.000,9999.000,9999.000,9999.000
202606010354,   2.000,9999.000,9999.000,9999.000,9999.000,9999.000,9999.000,9999.000,9999.000
202606010400,   1.948,9999.000,   0.900,   0.110,   2.958,   0.700,   2.758,   1.100,   3.158
202606010406,   1.896,9999.000,9999.000,9999.000,9999.000,9999.000,9999.000,9999.000,9999.000
202606010412,   1.843,9999.000,9999.000,9999.000,9999.000,9999.000,9999.000,9999.000,9999.000
202606010418,   1.792,9999.000,9999.000,9999.000,9999.000,9999.000,9999.000,9999.000,9999.000
202606010424,   1.740,9999.000,9999.000,9999.000,9999.000,9999.000,9999.000,9999.000,9999.000
202606010430,   1.689,9999.000,9999.000,9999.000,9999.000,9999.000,9999.000,9999.000,9999.000
202606010436,   1.638,9999.000,9999.000,9999.000,9999.000,9999.000,9999.000,9999.000,9999.000
202606010442,   1.588,9999.000,9999.000,9999.000,9999.000,9999.000,9999.000,9999.000,9999.000
202606010448,   1.539,9999.000,9999.000,9999.000,9999.000,9999.000,9999.000,9999.000,9999.000
202606010454,   1.491,9999.000,9999.000,9999.000,9999.000,9999.000,9999.000,9999.000,9999.000
202606010500,   1.443,9999.000,   0.900,   0.110,   2.453,   0.700,   2.253,   1.100,   2.653
202606010506,   1.397,9999.000,9999.000,9999.000,9999.000,9999.000,9999.000,9999.000,9999.000
202606010512,   1.351,9999.000,9999.000,9999.000,9999.000,9999.000,9999.000,9999.000,9999.000
202606010518,   1.307,9999.000,9999.000,9999.000,9999.000,9999.000,9999.000,9999.000,9999.000
202606010524,   1.263,9999.000,9999.000,9999.000,9999.000,9999.000,9999.000,9999.000,9999.000
202606010530,   1.221,9999.000,9999.000,9999.000,9999.000,9999.000,9999.000,9999.000,9999.000
202606010536,   1.180,9999.000,9999.000,9999.000,9999.000,9999.000,9999.000,9999.000,9999.000
202606010542,   1.140,9999.000,9999.000,9999.000,9999.000,9999.000,9999.000,9999.000,9999.000
202606010548,   1.102,9999.000,9999.000,9999.000,9999.000,9999.000,9999.000,9999.000,9999.000
202606010554,   1.064,9999.000,9999.000,9999.000,9999.000,9999.000,9999.000,9999.000,9999.000
202606010600,   1.029,9999.000,   0.900,   0.110,   2.039,   0.700,   1.839,   1.100,   2.239
